1	0.0177638	0.00704755	0.0571087	0.0820189	-0.0365345	-0.00444968	0.0545308	0.25096	0.109692	0.028189	0.0834069	0.0661684	0.0199077	-0.0206624	0.0514782	0.294457	0.11662	0.0570404	0.149055	0.163634	0.0747395	0.114559	0.0569097	0.0378161	0.210276	0.132088	0.0704276	0.119449	0.136365	0.156249	0.109607	0.0684646	0.078662	0.0625935	0.038484	-0.033212	0.0245851	0.0203528	-0.137441	0.0487014	-0.119469	-0.131208	0.0145065	0.0233837	-0.0363112	0.0674993	0.0619172	0.169023	0.0765947	-0.0151115	0.0910593	0.111377	0.13068	0.0685819	0.0376589	0.147146	0.0431599	-0.0328964	0.22889	0.0680539	0.079839	0.0228213	0.173113	0.332145	0.267555	0.239747	0.0335331	0.0731718	0.170368	0.00444775	0.0478463	0.0146435	0.0038944	0.141895	0.119329	0.0608443	0.10178	0.0271818	0.162708	0.0532636	0.157189	0.142067	0.165791	-0.0045995	0.0314559	0.0140088	-0.0447027	0.014036	-0.0519524	-0.140314	-0.0556996	-0.0680766	-0.0803369	0.169176	-0.00922873	-0.0573029	0.251215	0.0173746	0.0319954	-0.151036	0.112964	0.1347	-0.00683705	0.133336	0.0715222	0.202537	0.135326	-0.00679797	0.171004	-0.0557949	0.296288	0.143174	0.212929	0.325471	0.315232
0.0177638	1	-0.0314426	-0.0195007	-0.0225884	-0.0324811	0.0408817	-0.0799484	0.0487112	0.0976844	0.0339229	-0.0211188	-0.0417943	-0.016238	-0.00471911	-0.0173755	0.0375645	-0.0759491	-0.0905537	-0.000635258	-0.0717531	-0.114314	-0.0250371	-0.0439253	-0.107218	0.0337173	-0.00354121	-0.0556652	-0.114562	-0.0370608	-0.0422695	0.025717	-0.00988561	0.0200062	-0.0310709	-0.13237	-0.0612491	-0.0733803	-0.1209	-0.127655	-0.00354623	-0.0808605	-0.177538	-0.134112	-0.108773	-0.0540379	-0.00559295	0.157443	0.0423938	-0.0990088	-0.10539	-0.188927	-0.167366	0.0724091	-0.0498419	-0.0654951	-0.0658131	-0.0161567	-0.00954687	0.0613299	-0.18125	0.00981061	-0.0852628	-0.149745	0.00463938	0.0655625	0.029303	-0.0698706	-0.00600707	0.00709675	-0.107939	-0.104706	-0.0255931	-0.0882168	-0.0342412	-0.0633499	-0.0646855	-0.120726	-0.0632146	-0.0281556	-0.0933586	-0.0395754	-0.0687822	-0.0552798	-0.0593905	0.021255	-0.0733352	-0.0726354	-0.0633989	-0.0467587	-0.0774368	-0.122806	-0.103591	-0.0968132	-0.0457144	0.120728	-0.211412	-0.0731488	-0.22354	-0.148157	-0.209819	-0.131589	-0.162985	-0.203039	-0.163164	-0.07352	-0.00970425	0.0497632	-0.0621199	0.0320512	-0.0517473	0.0796616	0.0429046	-0.08659	-0.0198353	0.0337872
0.00704755	-0.0314426	1	0.121315	0.106301	0.00149652	0.0348987	0.0673196	0.145633	0.00139977	0.0802234	0.155465	0.0765537	-0.00880598	0.0274917	0.148368	0.0973541	0.0535548	0.0442696	0.0417423	0.0673282	0.0927208	0.0631566	0.0238382	0.0895808	0.0494236	0.0484239	0.0693383	0.050933	0.12928	0.0877142	0.0659788	0.0468308	0.0374647	0.0443548	0.0954681	0.0313673	0.0218687	0.0715287	0.0290739	0.0403403	0.0449706	0.0738119	0.102259	0.08806	0.0621906	0.00245672	-0.0299966	0.0416456	0.0671463	0.00841738	0.122771	0.0845324	-0.0081086	0.059444	0.0416853	0.0546487	0.0158574	-0.0336033	0.093717	0.114817	0.0051385	-0.00403705	0.115379	0.155099	0.103914	0.100449	0.0143286	0.0620863	0.0446161	0.0500913	0.114861	0.0102804	0.0698071	0.0580895	0.0362211	0.0303907	0.0482489	0.0431399	0.097945	0.0228021	0.11671	0.127905	0.0387322	0.024449	0.00885394	0.0978261	0.00732338	0.0737525	0.0493318	0.0143255	0.0550559	0.0521577	0.0555222	0.064874	0.00486354	0.0715292	0.125151	0.0654083	0.0598816	0.0558488	0.0791434	0.127815	0.120448	0.121289	0.0473979	0.0901287	0.0355296	0.0697744	0.0749268	0.0050661	0.123033	0.0406658	0.10756	0.153429	0.134065
0.0571087	-0.0195007	0.121315	1	0.158806	-0.0214099	0.151677	0.219631	0.0839449	-0.0284368	0.0822313	0.260638	0.102306	0.04665	0.103619	0.178726	0.144772	0.215407	0.211391	0.234231	0.240703	0.244235	0.317312	0.177709	0.217976	0.289074	0.257501	0.254532	0.202522	0.223103	0.291559	0.247323	0.170099	0.216359	0.147165	0.226976	0.172963	0.190136	0.285529	0.173892	0.213372	0.225546	0.188433	0.30664	0.257037	0.159758	0.0373033	-0.0893201	0.0699078	0.199358	0.172489	0.264351	0.193516	-0.0052538	0.119553	0.23828	0.150256	0.126568	-0.0557725	0.172739	0.250107	0.0546779	0.106364	0.24188	0.222402	0.180319	0.133809	0.200008	0.241027	0.261441	0.204869	0.247305	0.178471	0.180772	0.313448	0.266153	0.258624	0.159966	0.203613	0.276295	0.241589	0.260669	0.325932	0.147956	0.212739	0.144039	0.24666	0.253578	0.277929	0.175678	0.154326	0.27544	0.27856	0.239631	0.0666051	-0.113396	0.21151	0.218147	0.181346	0.232002	0.210939	0.292509	0.242504	0.267639	0.291737	0.119375	0.1618	0.0785608	0.184827	0.148801	0.0797664	0.173218	0.143127	0.236191	0.183288	0.219687
0.0820189	-0.0225884	0.106301	0.158806	1	0.00198428	0.177954	0.292095	0.111463	0.0223529	-0.0158734	0.0909422	0.288435	0.015317	0.102884	0.260226	0.17256	0.171757	0.168226	0.217447	0.212925	0.215838	0.182137	0.122537	0.145757	0.197062	0.175679	0.113193	0.126852	0.0915212	0.134046	0.131807	0.124559	0.156695	0.0690938	0.18737	0.0694533	0.0849965	0.176115	-0.0290563	0.102986	0.0524289	0.198414	0.270061	0.163366	0.0448191	-0.0640935	-0.0383935	0.0185041	0.0894416	0.0580815	0.177393	0.197839	-0.029734	0.0363912	0.0560802	0.0474528	0.0917114	-0.137542	0.284305	0.232249	-0.00597438	0.0102797	0.204336	0.247023	0.107805	0.127384	0.130497	0.155046	0.202842	0.145367	0.184865	0.110274	0.111222	0.236471	0.142069	0.139288	0.130613	0.0809617	0.145318	0.130007	0.141264	0.130286	0.151473	0.139014	0.0902944	0.143928	0.103875	0.164964	0.0565983	0.039046	0.152829	0.136871	0.0821553	0.053449	-0.105138	0.16164	0.176125	0.212061	0.177621	0.194901	0.187431	0.188549	0.269579	0.188675	0.0390049	0.104728	0.0438897	0.0875201	0.155398	-0.0217301	0.259746	0.0443574	0.237212	0.194999	0.147298
-0.0365345	-0.0324811	0.00149652	-0.0214099	0.00198428	1	0.0684369	0.0312561	0.044768	-0.0394475	0.0278683	0.0315644	-0.0126634	0.0463135	0.0577115	-0.0106728	0.0300508	-0.0342964	-0.00145168	0.0011891	-0.0199203	-0.0321282	-0.0058351	-0.0303014	-0.0325028	-0.0296062	-0.03403	-0.0759284	-0.0708486	0.0104929	0.0105633	0.00562128	-0.0161518	0.029497	-0.000546983	0.0383094	-0.0309545	0.0735891	0.0396134	0.0477894	-0.044554	-0.0114674	0.0193642	-0.00406348	-0.0302178	0.0135538	0.000793815	-0.00324744	0.0769164	0.0823517	0.0540463	0.036642	0.0191567	0.0325987	0.0869806	0.068422	0.0937429	-0.0155798	0.0897711	-0.0296554	0.0352094	0.0538701	0.0813007	0.0726672	0.00704926	0.0329472	0.0244765	-0.0240715	-0.0155133	-0.0206574	-0.0423878	0.00605423	-0.044117	-0.0327617	-0.0477345	-0.0938372	-0.103425	-0.0648093	-0.109217	7.91203e-5	-0.0725295	0.00488016	-0.0191115	-0.0423798	0.00263899	-0.0269793	-0.0250778	-0.0185379	0.00796519	0.0267912	-0.0633326	-0.0697737	-0.0256054	-0.0369222	-0.0451398	0.0455729	0.0110646	0.0401208	-0.000394854	-0.0154439	0.00438536	0.0451835	-0.008168	0.0197344	0.0313158	0.0430077	0.10535	0.047991	0.0724913	0.0030982	0.0663536	-0.02123	0.0486249	0.0315126	0.00869374	0.0230424
-0.00444968	0.0408817	0.0348987	0.151677	0.177954	0.0684369	1	0.200561	0.00982376	-0.0353498	0.0248158	0.0117558	0.121973	0.00402408	0.189405	0.134384	0.0554141	0.136726	0.0830322	0.0995426	0.128461	0.100802	0.085747	0.0378792	0.0286716	0.12418	0.102882	0.164476	0.142866	0.0543649	0.123471	0.0673622	0.162615	0.0463967	0.117009	0.0175174	0.0823012	0.142736	0.117916	0.101889	0.0732961	0.166777	0.0963828	0.163839	0.0773384	0.158126	0.0784374	0.0164902	-0.00651786	0.0509731	0.0778609	0.0189432	0.0449075	0.0762423	0.0467027	0.07677	0.0319683	0.0312287	-0.000772658	0.0980314	0.0775147	0.0552353	0.0671665	0.0819451	0.0414344	-0.00195535	0.0320588	0.0678595	0.0812807	0.0990597	0.0403412	0.0743411	0.0289053	0.018276	0.0857367	0.160354	0.199129	0.0940085	0.219489	0.0383725	0.0963681	0.126429	0.0430175	0.143848	0.132644	0.0683169	0.0701803	0.24605	0.190974	0.0577341	0.150269	0.191681	0.134221	0.192665	-0.0295409	-0.0194694	0.106467	0.00940978	0.0288672	0.073929	0.0928242	0.0692793	0.0656687	0.135122	0.0305577	0.020361	0.0228774	0.0639947	0.0463137	0.0450953	0.0084307	0.11637	0.0604274	0.0576367	0.012214	-0.0169071
0.0545308	-0.0799484	0.0673196	0.219631	0.292095	0.0312561	0.200561	1	0.0263093	-0.0628153	0.018432	0.159068	0.249739	0.0680243	0.191396	0.452606	0.145791	0.200261	0.0594092	0.270272	0.247852	0.228895	0.135832	0.0107738	0.0952909	0.236421	0.216394	0.124341	0.0898092	0.197737	0.225169	0.136161	0.0967274	0.21103	0.102166	0.31493	0.124144	0.262855	0.38127	0.169557	0.137454	0.250956	0.345919	0.432055	0.261317	0.181508	0.0523628	-0.0861217	-0.0017106	0.28074	0.236338	0.307	0.241897	-0.00473497	0.118223	0.181311	0.107239	0.247926	-0.046429	0.187377	0.32595	-0.0318849	0.0842319	0.317062	0.23959	0.050085	0.0684519	0.0609936	0.101658	0.196278	0.0624437	0.135395	-0.0185542	0.0221826	0.209646	0.138676	0.108748	0.0474008	0.169993	0.242115	0.0584286	0.184156	0.195118	0.0146294	0.332728	0.0985845	0.190172	0.277346	0.288196	0.0794014	0.0344169	0.202763	0.211892	0.139053	0.072298	-0.120032	0.341114	0.292894	0.275836	0.333355	0.35021	0.311886	0.249578	0.454712	0.363378	0.103329	0.115164	0.100636	0.152721	0.146141	0.0694834	0.202994	0.0439972	0.357198	0.207774	0.111425
0.25096	0.0487112	0.145633	0.0839449	0.111463	0.044768	0.00982376	0.0263093	1	0.117642	0.0436069	0.115072	0.0204852	0.0164975	0.003403	0.0219469	0.34844	0.0556063	-0.00101352	0.122639	0.115541	0.0284848	0.0718527	-0.00508004	0.000451044	0.15565	0.0964781	-0.0311923	0.119167	0.188189	0.0789643	0.102537	0.0867026	-0.0011039	0.156133	0.0415332	-0.0554928	0.016756	0.0116866	-0.141866	-0.0251454	-0.149085	-0.123925	-0.0371568	-0.0251827	-0.023234	0.070392	0.0694192	0.252295	0.0891347	-0.00370059	0.0844928	0.0751622	0.179314	0.190875	0.0486131	0.254127	0.117616	0.0751479	0.293748	0.131603	0.198637	0.125787	0.235075	0.343874	0.380198	0.251469	0.0118387	0.0446515	0.177965	0.00883729	-0.000346538	-0.0388051	-0.0333421	0.133221	0.0289329	-0.0247691	0.113525	-0.117781	0.152705	-0.0373176	0.0921772	0.0831923	0.228412	-0.0786868	-0.0798185	-0.0362511	-0.145122	-0.111598	-0.0785327	-0.196503	-0.0838468	-0.101346	-0.185663	0.13138	-0.0195309	-0.0993671	0.246674	-0.0507045	-0.0832061	-0.191062	0.0988048	0.103784	-0.0415825	0.106827	0.129627	0.233691	0.0936073	0.0528085	0.17285	-0.0159115	0.282237	0.217515	0.219259	0.338791	0.326623
0.109692	0.0976844	0.00139977	-0.0284368	0.0223529	-0.0394475	-0.0353498	-0.0628153	0.117642	1	0.0114025	0.00357835	-0.0392904	0.0102152	-0.0238713	-0.0575813	0.0776055	-0.0152092	-0.0337118	0.00787567	-0.0295064	-0.0622923	0.0619376	-0.0234677	-0.0361758	0.0471904	0.0207399	0.0109042	-0.0303382	0.027699	0.0323169	0.0455257	-0.000792397	-0.049444	-0.0216981	-0.0581502	-0.0230824	-0.0367419	-0.0240003	-0.0560725	0.0591467	-0.0251754	-0.0760704	-0.0507179	-0.0177638	-0.0211179	0.0534844	0.166164	0.0729706	-0.0239605	-0.0188785	-0.0656282	0.0209263	0.0761103	-0.0434317	-0.047127	0.00952202	0.00319502	0.00305008	0.0719154	-0.0519904	0.030234	-0.0213588	0.0433616	0.0494221	0.0718697	0.0432548	-0.0106494	-0.00776086	0.0208149	-0.0183282	-0.0328407	-0.0152245	-0.0327699	0.0596788	0.0264916	-0.0162571	-0.0339863	-0.0130715	0.0321934	0.0538029	0.0307052	-0.0148549	0.00517614	-0.0542989	-0.0221424	-0.0453331	-0.0810706	-0.0283531	-0.0293037	-0.0185137	-0.0260848	-0.0474936	-0.02392	0.0364147	0.0843829	-0.102828	-0.00894787	-0.0940829	-0.0657451	-0.102753	-0.0323939	-0.00107374	-0.0841156	-0.039248	-0.0370522	0.0235071	0.0603092	-0.0137188	0.0312385	-0.0392468	0.0556952	0.0171004	-0.00675514	0.0452903	0.0812112
0.028189	0.0339229	0.0802234	0.0822313	-0.0158734	0.0278683	0.0248158	0.018432	0.0436069	0.0114025	1	0.17496	0.0112387	-0.0409544	-0.00932224	0.0363635	0.0730121	0.0997831	0.0833326	0.0978975	0.0839877	0.0874827	0.137859	0.0848885	0.0831578	0.0862371	0.0334982	0.0555908	0.0204131	0.081947	0.0962642	0.166532	0.0680484	0.121046	0.0511741	0.0477123	0.0593985	0.12662	0.124577	0.0831126	0.0650867	0.119836	0.0399038	0.0999098	0.0437989	0.110115	0.0198849	0.046963	0.0771858	0.0833879	0.0802263	0.0346819	0.0411264	0.0729669	0.0846506	0.1036	0.071993	0.117307	0.088445	0.00724057	0.0769704	0.0632647	0.039786	0.0436845	0.0383262	0.0769904	0.0904344	0.099724	0.0938678	0.0914475	0.090688	0.0890474	0.0824078	0.0794387	0.0789751	0.0947964	0.048378	0.0157683	0.0660173	0.0614567	0.0794393	0.110026	0.110467	0.0586402	0.0597361	0.0779973	0.0781083	0.0971566	0.0869409	0.0706165	0.0617948	0.101902	0.0422315	0.108119	0.0692637	-0.0262463	0.0470751	0.0465387	0.0410272	0.064502	0.0378345	0.040181	0.0577808	0.0655518	0.0427701	0.0221828	0.051976	0.0506669	0.0937585	0.107755	0.0841155	0.035672	0.0523727	0.010371	0.059137	0.0411
0.0834069	-0.0211188	0.155465	0.260638	0.0909422	0.0315644	0.0117558	0.159068	0.115072	0.00357835	0.17496	1	0.121134	0.0410252	0.0782138	0.194312	0.116009	0.160944	0.110046	0.153113	0.21405	0.201145	0.196741	0.0951935	0.150709	0.202613	0.143192	0.166332	0.172289	0.245277	0.202038	0.203061	0.158163	0.196951	0.13936	0.229932	0.168588	0.187703	0.257572	0.148087	0.169027	0.162716	0.197986	0.260653	0.192037	0.162683	0.0253009	-0.0635448	0.10337	0.203146	0.164414	0.239145	0.116329	0.0233256	0.187255	0.224819	0.170931	0.191173	0.0616174	0.151613	0.228019	0.0879521	0.124284	0.189387	0.186764	0.183317	0.125371	0.110488	0.173667	0.161397	0.141274	0.170914	0.0790228	0.11837	0.234722	0.21684	0.121446	0.154038	0.135265	0.226643	0.144522	0.196001	0.239284	0.145281	0.15147	0.0779534	0.216824	0.160152	0.222943	0.131382	0.0622019	0.186491	0.129128	0.0877078	0.0482389	-0.0975911	0.150815	0.200037	0.132659	0.159733	0.150797	0.196063	0.157636	0.225669	0.260106	0.0915996	0.0946876	0.0512994	0.192606	0.0881742	0.083294	0.109918	0.117869	0.19556	0.166441	0.184389
0.0661684	-0.0417943	0.0765537	0.102306	0.288435	-0.0126634	0.121973	0.249739	0.0204852	-0.0392904	0.0112387	0.121134	1	0.0321432	0.136711	0.221766	0.152058	0.170955	0.154595	0.156631	0.186114	0.226588	0.221589	0.12555	0.141529	0.166927	0.177031	0.181908	0.156952	0.134827	0.134704	0.113151	0.0766485	0.122912	0.057027	0.141423	0.0489543	0.0259868	0.14165	0.0658413	0.158127	0.112683	0.198366	0.254084	0.156439	0.0487102	0.000979233	-0.0338733	-0.0588145	0.0418505	0.0140707	0.169864	0.15143	-0.00183524	0.0285221	0.0514974	0.0377072	0.116381	-0.11312	0.274301	0.169457	0.00757136	0.0135105	0.144053	0.191738	0.102638	0.0573226	0.143202	0.151589	0.140233	0.14203	0.203322	0.119801	0.125117	0.209202	0.192339	0.145754	0.121119	0.161078	0.196079	0.0918051	0.156512	0.157599	0.0899018	0.0796014	0.108738	0.0911971	0.109634	0.178927	0.0841774	0.0874703	0.206511	0.151785	0.101369	0.0260064	-0.0454092	0.156767	0.121684	0.177985	0.133519	0.209596	0.137216	0.153923	0.255047	0.197298	0.0503893	0.0281205	0.0375659	0.117749	0.157396	-0.0446421	0.254182	0.0677359	0.182271	0.133941	0.13583
0.0199077	-0.016238	-0.00880598	0.04665	0.015317	0.0463135	0.00402408	0.0680243	0.0164975	0.0102152	-0.0409544	0.0410252	0.0321432	1	0.0973221	0.0233638	-0.00425921	-0.00781172	-0.00947932	-0.00432445	0.0177334	-0.00844224	0.0266597	-0.0374586	-0.0130676	-0.00286008	-0.00897279	0.0281569	-0.00224569	-0.0173429	0.0510617	0.0102865	-0.00208257	0.0219533	0.0286724	0.0537418	-0.000173944	0.0754691	0.0541786	0.020086	0.0479813	0.0290042	0.0382887	0.0531575	0.0299615	0.0431238	0.0677144	-0.0597352	0.00613392	0.0618902	0.0643193	0.0245094	0.0602404	-0.0387762	0.00850516	-0.0101373	-0.0331308	0.107811	-0.00385033	-0.0232542	0.0661215	-0.0192135	0.00316663	0.000378036	-0.0158479	-0.036375	-0.031853	-0.0249353	0.0466182	-0.000277893	-0.0296074	-0.00524046	-0.0302654	-0.0321627	0.0317785	-0.036796	0.0124213	-0.0273873	-0.00300092	0.0376725	0.024335	-0.00352834	-0.0107031	-0.0253883	0.0435271	-0.00783917	-0.00574051	0.039385	0.0261109	-0.0228516	0.0049993	0.026131	0.0138226	0.0149655	0.0227939	-0.00908595	0.0449559	0.0155689	0.0525219	0.0902717	0.0471563	0.0224995	0.0129384	0.0794662	0.0325524	-0.0589375	0.0105352	-0.0707773	-0.0323572	0.0120867	0.0132578	-0.061969	-0.0432131	-0.0112212	-0.0320518	-0.019876
-0.0206624	-0.00471911	0.0274917	0.103619	0.102884	0.0577115	0.189405	0.191396	0.003403	-0.0238713	-0.00932224	0.0782138	0.136711	0.0973221	1	0.139118	0.0216645	0.06285	0.0368079	0.091218	0.0742274	0.0600505	0.079194	0.0235826	0.0228425	0.138927	0.0908121	0.093898	0.0610915	0.0454774	0.083338	0.114238	0.0709999	0.0877501	0.0750741	0.0238932	0.0762336	0.113644	0.113472	0.0767304	0.112568	0.152444	0.0791061	0.14247	0.0515713	0.117128	0.0313419	0.000154662	0.00707149	0.0404091	0.0520018	0.0208534	0.0108703	-0.00840861	-0.024791	0.0698276	-0.0433775	0.0321044	-0.000579715	0.0682501	0.0327762	-0.0137198	-0.010356	-0.00208746	0.00991551	-0.0324144	0.0743023	0.0348331	0.0699164	0.0789482	0.0239492	0.04033	0.0404873	0.0241739	0.107912	0.0990386	0.115986	0.0474296	0.163402	0.0741126	0.115887	0.101144	0.0434598	0.0447685	0.130027	0.0919015	0.0849449	0.180751	0.138337	0.0548659	0.0956142	0.100138	0.104175	0.142899	0.00381267	-0.0106234	0.0441405	-0.0214463	-0.0291654	0.0529078	0.0776585	-0.00697503	0.0377778	0.0882394	0.0299927	-0.0356853	-0.0299832	-0.00814148	0.0207046	-0.0488072	-0.0251375	0.0506069	0.0216234	0.0176529	-0.0202909	-0.0228639
0.0514782	-0.0173755	0.148368	0.178726	0.260226	-0.0106728	0.134384	0.452606	0.0219469	-0.0575813	0.0363635	0.194312	0.221766	0.0233638	0.139118	1	0.129989	0.239651	0.0981811	0.249239	0.294091	0.293541	0.184925	0.0838344	0.126842	0.223994	0.176817	0.144015	0.0846104	0.166352	0.233005	0.180063	0.161522	0.232788	0.121483	0.254266	0.197431	0.307559	0.385356	0.150557	0.0911128	0.222073	0.317128	0.412343	0.22886	0.237555	0.0790261	-0.0431456	0.0762451	0.27178	0.274352	0.253939	0.191547	0.0623521	0.18258	0.191456	0.172572	0.240142	0.0521928	0.208626	0.307023	0.0987252	0.151016	0.345191	0.226088	0.142658	0.0945392	0.112439	0.13147	0.212337	0.139825	0.201919	0.0499819	0.0768482	0.219441	0.167849	0.125341	0.068392	0.194384	0.218367	0.14368	0.208255	0.202699	0.0835901	0.317822	0.124137	0.150513	0.270988	0.304547	0.0663819	0.0439573	0.199602	0.202802	0.178361	-0.00425162	-0.134286	0.307172	0.262461	0.239272	0.28092	0.282331	0.311088	0.208168	0.379361	0.271639	0.0991251	0.139082	0.0637496	0.158932	0.162128	0.0761961	0.18807	0.109339	0.325359	0.193752	0.0931388
0.294457	0.0375645	0.0973541	0.144772	0.17256	0.0300508	0.0554141	0.145791	0.34844	0.0776055	0.0730121	0.116009	0.152058	-0.00425921	0.0216645	0.129989	1	0.135325	0.0969447	0.163064	0.208885	0.154833	0.118348	0.00186967	0.0344815	0.253641	0.172463	0.101265	0.133582	0.216374	0.152553	0.0971857	0.0783606	0.0557129	0.0910421	0.235749	0.00744456	0.0368247	0.148614	-0.0560527	0.0453793	-0.0600828	0.0244377	0.122208	0.18399	-0.0204801	0.0541885	-0.0165034	0.182235	0.133065	0.0845188	0.189146	0.158453	0.0721916	0.0614902	0.0446632	0.219318	0.155213	-0.110631	0.316861	0.238288	0.0512198	0.032559	0.375288	0.583698	0.319941	0.401788	0.0265445	0.011929	0.182224	0.0267594	0.0976361	-0.0613459	-0.0427843	0.174954	0.111801	0.0271061	0.123382	-0.0150898	0.157739	0.0518519	0.182835	0.323382	0.154492	0.0636575	-0.0270867	0.0912727	-0.0503213	0.0702563	-0.0479769	-0.110869	0.00256164	0.105441	-0.0598291	0.156592	-0.0770074	0.0307783	0.383098	0.115312	0.100481	-0.00523661	0.20976	0.145984	0.156609	0.28429	0.0932525	0.268004	0.116528	0.0491624	0.248159	-0.101484	0.395783	0.157605	0.418909	0.548846	0.39885
0.11662	-0.0759491	0.0535548	0.215407	0.171757	-0.0342964	0.136726	0.200261	0.0556063	-0.0152092	0.0997831	0.160944	0.170955	-0.00781172	0.06285	0.239651	0.135325	1	0.390206	0.704433	0.831293	0.422293	0.534143	0.674654	0.346241	0.288833	0.304808	0.310029	0.211455	0.25486	0.271067	0.50722	0.113269	0.495601	0.102883	0.109887	0.168043	0.263023	0.273647	0.0208072	0.212609	0.186359	0.184244	0.328216	0.17297	0.224579	0.0622291	-0.0227341	0.0797419	0.125328	0.16043	0.145101	0.196833	0.106964	0.161757	0.220764	0.089286	0.132435	0.0487795	0.224795	0.206749	0.189664	0.145809	0.174357	0.12597	0.159939	0.0893603	0.734124	0.633047	0.78551	0.485262	0.419635	0.602619	0.345238	0.360148	0.310835	0.272953	0.127367	0.368092	0.293861	0.297718	0.26064	0.164204	0.136117	0.128311	0.522928	0.218694	0.293249	0.280765	0.0720928	0.118364	0.278841	0.169327	0.227794	0.0592714	-0.154305	0.195958	0.133953	0.174333	0.209403	0.121127	0.263931	0.180511	0.280101	0.193155	0.0310469	0.0930762	0.0269477	0.106954	0.196051	0.0479296	0.182195	0.137679	0.149751	0.106973	0.0551775
0.0570404	-0.0905537	0.0442696	0.211391	0.168226	-0.00145168	0.0830322	0.0594092	-0.00101352	-0.0337118	0.0833326	0.110046	0.154595	-0.00947932	0.0368079	0.0981811	0.0969447	0.390206	1	0.0998551	0.372351	0.721364	0.480641	0.688742	0.72019	0.246044	0.379919	0.429471	0.343565	0.318672	0.395206	0.342929	0.136498	0.3478	0.101841	0.119456	0.248252	0.128113	0.195185	0.153286	0.268557	0.295488	0.214825	0.353555	0.284301	0.182959	-0.0275604	-0.0790248	0.0279256	0.0388822	0.0830967	0.222166	0.147935	-0.0149817	0.116639	0.264901	0.0270086	0.0809251	-0.0215362	0.131825	0.161986	0.0568684	0.0735228	0.0837192	0.068458	0.0928028	0.120327	0.62314	0.394328	0.196456	0.753297	0.737392	0.599998	0.71164	0.346359	0.390812	0.426153	0.284455	0.501455	0.247695	0.419345	0.386872	0.24156	0.188718	0.00150774	0.377786	0.305421	0.26873	0.270771	0.234774	0.339882	0.404882	0.322709	0.379992	0.0280613	-0.227868	0.142489	0.00818035	0.167412	0.177289	0.218814	0.189936	0.194375	0.256148	0.19364	0.0148076	-0.0295294	0.00371206	0.177919	0.0964656	0.0175739	0.0757641	0.0513569	0.0330055	0.0331542	0.00728037
0.149055	-0.000635258	0.0417423	0.234231	0.217447	0.0011891	0.0995426	0.270272	0.122639	0.00787567	0.0978975	0.153113	0.156631	-0.00432445	0.091218	0.249239	0.163064	0.704433	0.0998551	1	0.705691	0.192317	0.4317	0.377834	0.0902509	0.33769	0.223221	0.203279	0.105506	0.185839	0.187255	0.526024	0.167443	0.458164	0.158733	0.161652	0.0670978	0.294822	0.310202	0.00515648	0.21654	0.0665284	0.111506	0.227681	0.115005	0.128519	0.063752	0.031232	0.126288	0.208124	0.199271	0.11358	0.136511	0.0583892	0.105015	0.244643	0.101813	0.154793	0.0247233	0.188573	0.194669	0.0942498	0.101639	0.235097	0.16477	0.121863	0.178674	0.428135	0.506802	0.878839	0.1822	0.145659	0.333154	0.0671967	0.355901	0.204807	0.137303	0.0467782	0.14158	0.275964	0.207538	0.126813	0.224323	0.149978	0.22786	0.380923	0.169096	0.31106	0.248961	0.101558	-0.0168072	0.20291	0.0753263	0.0734451	0.12868	-0.0209843	0.21121	0.242585	0.176036	0.232055	0.0743004	0.286236	0.123803	0.256533	0.198134	0.0801772	0.186201	0.122296	0.174387	0.252152	0.11632	0.219052	0.179038	0.257424	0.142932	0.086666
0.163634	-0.0717531	0.0673282	0.240703	0.212925	-0.0199203	0.128461	0.247852	0.115541	-0.0295064	0.0839877	0.21405	0.186114	0.0177334	0.0742274	0.294091	0.208885	0.831293	0.372351	0.705691	1	0.473516	0.491897	0.572784	0.336805	0.306147	0.31529	0.306466	0.274852	0.304794	0.300274	0.455897	0.191643	0.473012	0.167563	0.221719	0.172487	0.324451	0.347097	0.0465116	0.212308	0.200651	0.223884	0.385741	0.247582	0.231331	0.0660141	-0.0496813	0.120298	0.234703	0.230848	0.263723	0.254622	0.038135	0.162476	0.227923	0.109353	0.172594	0.00850009	0.255297	0.279863	0.139771	0.12954	0.261033	0.263453	0.181089	0.140504	0.586241	0.491654	0.778351	0.458936	0.444169	0.45158	0.293867	0.379485	0.316493	0.299463	0.183495	0.340526	0.348768	0.32964	0.279577	0.225564	0.218404	0.219193	0.404151	0.242344	0.275989	0.327158	0.0369405	0.0888165	0.27848	0.211464	0.227717	0.0927208	-0.205256	0.244801	0.238726	0.214697	0.288418	0.157458	0.298086	0.233498	0.354881	0.282623	0.00997208	0.13711	-0.00160641	0.101505	0.223044	0.00374691	0.219145	0.0906229	0.234639	0.228277	0.111026
0.0747395	-0.114314	0.0927208	0.244235	0.215838	-0.0321282	0.100802	0.228895	0.0284848	-0.0622923	0.0874827	0.201145	0.226588	-0.00844224	0.0600505	0.293541	0.154833	0.422293	0.721364	0.192317	0.473516	1	0.515297	0.623502	0.760986	0.326034	0.448215	0.498358	0.361329	0.413287	0.475533	0.382109	0.217884	0.399837	0.177053	0.243602	0.329776	0.24163	0.357847	0.219886	0.349521	0.371219	0.37445	0.552263	0.405774	0.247162	0.0587749	-0.103879	0.0409492	0.185251	0.226074	0.376999	0.253497	-0.0615887	0.130737	0.298683	0.0502764	0.148462	-0.0788031	0.230171	0.324128	0.0507274	0.0765003	0.250762	0.218305	0.134774	0.142348	0.557565	0.394748	0.2538	0.760685	0.796424	0.515348	0.701522	0.415167	0.441906	0.457638	0.279247	0.547767	0.356241	0.46928	0.459403	0.322809	0.215843	0.147239	0.350816	0.388662	0.337385	0.389515	0.202888	0.381875	0.490367	0.415072	0.415428	0.0919677	-0.261897	0.274772	0.133917	0.276121	0.338153	0.378356	0.296045	0.307201	0.461005	0.324307	0.00252749	0.0537712	0.0149122	0.204535	0.138082	-0.00480111	0.168373	0.0551088	0.18966	0.161451	0.081471
0.114559	-0.0250371	0.0631566	0.317312	0.182137	-0.0058351	0.085747	0.135832	0.0718527	0.0619376	0.137859	0.196741	0.221589	0.0266597	0.079194	0.184925	0.118348	0.534143	0.480641	0.4317	0.491897	0.515297	1	0.607336	0.479954	0.394384	0.415511	0.451552	0.234163	0.355143	0.451587	0.599192	0.200372	0.530122	0.181929	0.201626	0.377232	0.217137	0.337508	0.262207	0.391204	0.281755	0.269048	0.391314	0.382054	0.279229	0.0502964	0.0550978	0.0703815	0.115717	0.183706	0.194708	0.21502	0.0309996	0.0822038	0.394358	0.0789095	0.0586817	-0.0183978	0.231375	0.192903	0.163077	0.0574621	0.171964	0.0881382	0.164091	0.172362	0.598422	0.657396	0.477247	0.53494	0.521581	0.616928	0.485071	0.475033	0.437903	0.38249	0.155573	0.446525	0.337857	0.487149	0.427677	0.444681	0.158491	0.1476	0.532263	0.418946	0.383966	0.426057	0.311507	0.406403	0.449854	0.397815	0.404996	0.0216133	-0.120972	0.125528	0.0350738	0.0888822	0.224711	0.218352	0.18892	0.19763	0.267428	0.214018	-0.00243874	0.00256557	0.0143756	0.206681	0.115693	0.0637128	0.140802	0.144852	0.0755603	0.0501744	0.0755131
0.0569097	-0.0439253	0.0238382	0.177709	0.122537	-0.0303014	0.0378792	0.0107738	-0.00508004	-0.0234677	0.0848885	0.0951935	0.12555	-0.0374586	0.0235826	0.0838344	0.00186967	0.674654	0.688742	0.377834	0.572784	0.623502	0.607336	1	0.742563	0.207053	0.328895	0.357311	0.206276	0.270079	0.343234	0.516831	0.00156136	0.521099	0.0176401	-0.0355376	0.22385	0.0750583	0.0853518	0.00260685	0.246753	0.149782	0.074797	0.214328	0.124238	0.149242	0.00264192	0.0882981	0.0268092	-0.0762002	-0.0321149	0.0470767	0.0670259	0.125459	0.122194	0.240363	0.011213	-0.00728321	0.0502517	0.166271	0.00913769	0.19913	0.0974018	-0.0108936	-0.0854356	0.15015	0.0667196	0.877805	0.695889	0.519651	0.80932	0.693284	0.901192	0.792892	0.327448	0.337819	0.338279	0.135358	0.449709	0.243804	0.389879	0.318739	0.135572	0.0853813	-0.136281	0.667907	0.23842	0.22635	0.182215	0.201633	0.249571	0.289055	0.203493	0.284299	0.0159973	-0.0786037	0.0212497	-0.117477	0.0207622	0.00954575	0.0469627	0.102942	0.116601	0.0888313	0.0453002	0.0282664	-0.0655702	0.0341368	0.14716	0.0833979	0.0815215	0.116857	0.187083	-0.0843689	-0.0982438	0.00866623
0.0378161	-0.107218	0.0895808	0.217976	0.145757	-0.0325028	0.0286716	0.0952909	0.000451044	-0.0361758	0.0831578	0.150709	0.141529	-0.0130676	0.0228425	0.126842	0.0344815	0.346241	0.72019	0.0902509	0.336805	0.760986	0.479954	0.742563	1	0.211144	0.38128	0.426373	0.293594	0.342386	0.473478	0.33518	0.0514472	0.288568	0.0113835	0.159737	0.28059	0.0535688	0.154018	0.187589	0.349713	0.27462	0.24942	0.38476	0.315265	0.149289	0.0115024	-0.0648054	-0.0354326	0.0467126	0.0686531	0.31376	0.216948	-0.0683644	0.081313	0.23839	-0.011014	-0.00601498	-0.0702437	0.119598	0.151737	0.0381622	0.0224252	0.121264	0.0437346	0.115292	0.0417633	0.64982	0.445602	0.206115	0.832612	0.79189	0.646561	0.919522	0.323829	0.393068	0.419055	0.241879	0.509542	0.315674	0.446517	0.444276	0.246322	0.111269	-0.0632379	0.372175	0.368701	0.21141	0.253796	0.239967	0.396615	0.431697	0.381957	0.356649	0.024088	-0.239672	0.166165	-0.0125097	0.187635	0.222282	0.285116	0.182253	0.311543	0.276825	0.253946	-0.000803885	-0.0653185	0.0110231	0.179378	0.0203926	0.0153068	0.0786864	0.0547634	0.0399292	0.0421551	0.08796
0.210276	0.0337173	0.0494236	0.289074	0.197062	-0.0296062	0.12418	0.236421	0.15565	0.0471904	0.0862371	0.202613	0.166927	-0.00286008	0.138927	0.223994	0.253641	0.288833	0.246044	0.33769	0.306147	0.326034	0.394384	0.207053	0.211144	1	0.451829	0.403175	0.212254	0.406894	0.41066	0.268857	0.243411	0.243178	0.226686	0.158659	0.178179	0.225536	0.292894	0.137073	0.407362	0.189404	0.152442	0.326397	0.250848	0.188472	0.0833749	0.0423866	0.0828579	0.157499	0.189897	0.222366	0.212613	0.142466	0.165337	0.337753	0.152407	0.141601	-0.0133925	0.332243	0.24215	0.138121	0.120908	0.266883	0.304246	0.307359	0.202326	0.267175	0.269654	0.322663	0.251928	0.262885	0.200652	0.187009	0.661573	0.367035	0.290852	0.144618	0.270418	0.313143	0.242314	0.349103	0.266063	0.200831	0.11201	0.201232	0.190922	0.232525	0.286492	0.217084	0.13839	0.332221	0.211001	0.168166	0.140251	-0.0242237	0.150393	0.225692	0.147844	0.165909	0.123005	0.271062	0.237338	0.292153	0.291001	0.109584	0.141375	0.209336	0.324508	0.234229	0.000181593	0.320268	0.194903	0.302501	0.249201	0.272949
0.132088	-0.00354121	0.0484239	0.257501	0.175679	-0.03403	0.102882	0.216394	0.0964781	0.0207399	0.0334982	0.143192	0.177031	-0.00897279	0.0908121	0.176817	0.172463	0.304808	0.379919	0.223221	0.31529	0.448215	0.415511	0.328895	0.38128	0.451829	1	0.50671	0.370449	0.447226	0.505932	0.276979	0.207669	0.219173	0.19834	0.198428	0.264962	0.144105	0.276282	0.186393	0.392997	0.256434	0.196497	0.379095	0.298023	0.180018	0.113572	-0.0276037	0.0494254	0.122219	0.158311	0.243715	0.238338	0.0337365	0.107166	0.221376	0.0949661	0.104224	-0.0700109	0.290082	0.229134	0.111707	0.0580488	0.204168	0.242622	0.200379	0.144762	0.35034	0.341918	0.244195	0.359128	0.381408	0.298751	0.33456	0.459892	0.424589	0.45233	0.304284	0.457126	0.379279	0.357134	0.498526	0.272829	0.205009	0.0677032	0.209458	0.302644	0.224431	0.268987	0.147146	0.270022	0.402089	0.296078	0.297184	0.10113	-0.139357	0.148382	0.142123	0.138716	0.218571	0.179991	0.2242	0.25792	0.288573	0.259858	0.022759	0.0756335	0.0670728	0.188601	0.147495	-0.0305944	0.247091	0.129418	0.214953	0.19655	0.184381
0.0704276	-0.0556652	0.0693383	0.254532	0.113193	-0.0759284	0.164476	0.124341	-0.0311923	0.0109042	0.0555908	0.166332	0.181908	0.0281569	0.093898	0.144015	0.101265	0.310029	0.429471	0.203279	0.306466	0.498358	0.451552	0.357311	0.426373	0.403175	0.50671	1	0.541677	0.431075	0.528045	0.249898	0.284345	0.146166	0.208517	0.12324	0.337048	0.126765	0.24715	0.265822	0.427753	0.347603	0.211217	0.382034	0.3791	0.259198	0.0710521	-0.0494423	-0.00661972	0.0302025	0.138795	0.166763	0.142972	-0.0310979	0.0132877	0.265642	-0.0211123	0.0104157	-0.0990206	0.17818	0.194283	0.0543653	-0.0100617	0.111309	0.109693	0.0770663	0.115257	0.362788	0.32835	0.228297	0.422803	0.450571	0.332689	0.392506	0.499108	0.553921	0.678342	0.443883	0.612677	0.374654	0.435608	0.526651	0.278117	0.291879	0.0280704	0.184874	0.35551	0.314655	0.323103	0.250916	0.480895	0.509781	0.374778	0.453382	0.0261639	-0.189083	0.116431	-0.0122964	0.0997577	0.205165	0.218784	0.137424	0.176808	0.273749	0.158698	-0.0768096	-0.0354651	0.038692	0.155059	0.0543715	-0.0679274	0.13263	0.0260181	0.08164	0.0435209	0.058373
0.119449	-0.114562	0.050933	0.202522	0.126852	-0.0708486	0.142866	0.0898092	0.119167	-0.0303382	0.0204131	0.172289	0.156952	-0.00224569	0.0610915	0.0846104	0.133582	0.211455	0.343565	0.105506	0.274852	0.361329	0.234163	0.206276	0.293594	0.212254	0.370449	0.541677	1	0.373895	0.3035	0.0622209	0.397306	-0.00191148	0.27773	0.148592	0.179877	-0.00170378	0.0962076	0.0657681	0.238091	0.148576	0.176202	0.286685	0.225463	0.0764264	0.000477659	-0.155973	-0.0348394	0.004457	-0.028574	0.180036	0.175262	-0.0618299	0.0560501	0.0750591	0.0164494	0.0215631	-0.111928	0.304935	0.249356	0.0279052	-0.0156817	0.147844	0.220765	0.0620318	0.10118	0.213674	0.119367	0.171008	0.298949	0.317149	0.137865	0.224281	0.306934	0.487021	0.690876	0.914685	0.491726	0.32391	0.279073	0.320794	0.102048	0.564843	-0.054258	-0.0692075	0.176744	0.0843304	0.082777	0.0814837	0.143198	0.298471	0.189809	0.228648	0.0865898	-0.308945	0.0838505	0.0397507	0.167553	0.102902	0.158596	0.0872758	0.169267	0.241199	0.164491	-0.0583102	-0.0485927	0.0118046	0.0853733	0.00949111	-0.0741317	0.170774	-0.0157686	0.138695	0.158043	0.0377554
0.136365	-0.0370608	0.12928	0.223103	0.0915212	0.0104929	0.0543649	0.197737	0.188189	0.027699	0.081947	0.245277	0.134827	-0.0173429	0.0454774	0.166352	0.216374	0.25486	0.318672	0.185839	0.304794	0.413287	0.355143	0.270079	0.342386	0.406894	0.447226	0.431075	0.373895	1	0.55103	0.19144	0.251528	0.18111	0.392022	0.199099	0.384894	0.136603	0.311463	0.173194	0.249826	0.197548	0.166323	0.307772	0.254646	0.277826	0.0754107	-0.0663143	0.00774469	0.0797876	0.0651433	0.195615	0.181993	0.106209	0.21624	0.263257	0.163467	0.138286	0.050217	0.274933	0.21191	0.133976	0.114839	0.217939	0.266858	0.204632	0.216292	0.265168	0.256245	0.210595	0.309896	0.354873	0.218569	0.260644	0.393511	0.363522	0.36272	0.325477	0.334894	0.494967	0.335264	0.511874	0.204793	0.339657	-0.0142508	0.136168	0.288376	0.113843	0.21752	0.10756	0.0895899	0.255902	0.208534	0.2126	0.0481271	-0.118086	0.090493	0.180334	0.118546	0.0914219	0.11769	0.227004	0.220313	0.243319	0.251483	0.0928381	0.094033	0.142801	0.230044	0.0993908	0.0333788	0.23822	0.16421	0.221215	0.253679	0.195666
0.156249	-0.0422695	0.0877142	0.291559	0.134046	0.0105633	0.123471	0.225169	0.0789643	0.0323169	0.0962642	0.202038	0.134704	0.0510617	0.083338	0.233005	0.152553	0.271067	0.395206	0.187255	0.300274	0.475533	0.451587	0.343234	0.473478	0.41066	0.505932	0.528045	0.3035	0.55103	1	0.278736	0.183234	0.208066	0.175194	0.180611	0.390984	0.185167	0.314958	0.254775	0.383119	0.312087	0.190165	0.408314	0.393054	0.324638	0.137888	0.00108442	0.0864773	0.174475	0.20554	0.287592	0.255727	0.0271158	0.104535	0.282075	0.080541	0.0664106	-0.0158229	0.186971	0.24134	0.100033	0.0479524	0.232181	0.224557	0.212824	0.128543	0.324067	0.337399	0.243601	0.378613	0.41439	0.283391	0.398401	0.464105	0.477306	0.463804	0.240934	0.4837	0.504085	0.471386	0.719827	0.317547	0.174272	0.0403354	0.211519	0.378067	0.229038	0.351932	0.142998	0.297679	0.398137	0.363154	0.382547	0.0209518	-0.139184	0.1206	0.139782	0.0949858	0.237252	0.176975	0.22196	0.310951	0.275849	0.257009	-0.0215583	0.0563615	0.0633704	0.192158	0.106752	-0.0176867	0.165155	0.0916094	0.181541	0.196068	0.180652
0.109607	0.025717	0.0659788	0.247323	0.131807	0.00562128	0.0673622	0.136161	0.102537	0.0455257	0.166532	0.203061	0.113151	0.0102865	0.114238	0.180063	0.0971857	0.50722	0.342929	0.526024	0.455897	0.382109	0.599192	0.516831	0.33518	0.268857	0.276979	0.249898	0.0622209	0.19144	0.278736	1	0.327686	0.732626	0.26344	0.194537	0.23631	0.531124	0.435335	0.229053	0.251126	0.241878	0.200007	0.342511	0.218334	0.279589	0.149151	0.154686	0.322011	0.429605	0.432396	0.204826	0.169778	0.0172222	0.159434	0.442719	0.110645	0.214607	0.172672	0.0284847	0.214153	0.16532	0.142383	0.175998	-0.050979	0.12037	0.17922	0.503355	0.691172	0.513133	0.418554	0.352292	0.543855	0.341814	0.33874	0.254355	0.164839	0.0157122	0.283901	0.215479	0.331606	0.24699	0.371785	0.136257	0.354668	0.607282	0.306988	0.504816	0.384223	0.202068	0.257382	0.34219	0.212587	0.276273	0.107528	-0.0557986	0.166464	0.112568	0.0524202	0.311505	0.120733	0.198745	0.160553	0.224767	0.176838	-0.00740783	0.160391	0.0106678	0.124107	0.189719	0.124522	-0.0262543	0.105168	0.0398056	-0.045709	-0.0470139
0.0684646	-0.00988561	0.0468308	0.170099	0.124559	-0.0161518	0.162615	0.0967274	0.0867026	-0.000792397	0.0680484	0.158163	0.0766485	-0.00208257	0.0709999	0.161522	0.0783606	0.113269	0.136498	0.167443	0.191643	0.217884	0.200372	0.00156136	0.0514472	0.243411	0.207669	0.284345	0.397306	0.251528	0.183234	0.327686	1	0.268374	0.644315	0.146114	0.278619	0.408776	0.339088	0.152127	0.227787	0.203514	0.170511	0.290958	0.182089	0.209514	0.194232	-0.0918348	0.139559	0.30271	0.323027	0.214249	0.165551	-0.151423	0.0198327	0.14173	-0.0339434	0.137923	-0.0288169	0.159338	0.306011	0.019554	-0.0213338	0.151407	0.0965492	-0.03038	0.0605622	0.0129254	0.130537	0.115213	0.0992948	0.143146	-0.0301914	-0.013672	0.253716	0.239011	0.323552	0.371142	0.203976	0.163746	0.235762	0.126434	0.0839913	0.675414	0.38956	0.0266706	0.143151	0.320372	0.262558	-0.0831744	0.160626	0.282739	0.105369	0.21913	0.100017	-0.191719	0.127233	0.0813855	0.131098	0.274488	0.110895	0.082509	0.105793	0.253905	0.0964606	-0.180363	0.0463332	-0.175192	-0.104796	0.147502	-0.108689	0.00969759	-0.141997	0.0697373	0.0486518	-0.139899
0.078662	0.0200062	0.0374647	0.216359	0.156695	0.029497	0.0463967	0.21103	-0.0011039	-0.049444	0.121046	0.196951	0.122912	0.0219533	0.0877501	0.232788	0.0557129	0.495601	0.3478	0.458164	0.473012	0.399837	0.530122	0.521099	0.288568	0.243178	0.219173	0.146166	-0.00191148	0.18111	0.208066	0.732626	0.268374	1	0.29316	0.220275	0.260629	0.514072	0.513218	0.149002	0.169378	0.213865	0.211605	0.340468	0.151551	0.309721	0.0961388	0.0971708	0.186806	0.377807	0.329677	0.209442	0.129737	0.0118519	0.155748	0.372082	0.0695423	0.210847	0.134813	0.0481828	0.175384	0.0900525	0.142462	0.104417	-0.0352657	0.0815997	0.154591	0.470953	0.620852	0.452402	0.421419	0.392646	0.561982	0.309298	0.287216	0.198514	0.0886525	-0.0629022	0.253498	0.169787	0.284566	0.172797	0.332787	0.115321	0.460723	0.727756	0.292057	0.515226	0.44378	0.144952	0.163064	0.269276	0.187163	0.268364	0.0810829	-0.0229383	0.231959	0.152778	0.135808	0.302761	0.167165	0.22619	0.126506	0.27266	0.22398	-0.00226289	0.138385	-0.00770445	0.104142	0.229086	0.140516	-0.00700218	0.0791602	0.0601927	-0.00586964	-0.0624785
0.0625935	-0.0310709	0.0443548	0.147165	0.0690938	-0.000546983	0.117009	0.102166	0.156133	-0.0216981	0.0511741	0.13936	0.057027	0.0286724	0.0750741	0.121483	0.0910421	0.102883	0.101841	0.158733	0.167563	0.177053	0.181929	0.0176401	0.0113835	0.226686	0.19834	0.208517	0.27773	0.392022	0.175194	0.26344	0.644315	0.29316	1	0.0990609	0.301619	0.344214	0.329557	0.105423	0.13561	0.131956	0.0978896	0.200397	0.0956067	0.269776	0.207712	-0.0371455	0.105192	0.233708	0.197542	0.103071	0.0998737	0.0116578	0.161174	0.184962	0.0653289	0.164694	0.0877103	0.141094	0.216113	0.0784923	0.0716004	0.0896617	0.0740529	0.0506773	0.0899386	0.0249005	0.145527	0.0995361	0.0787068	0.121635	0.00228078	-0.0332394	0.185042	0.165393	0.192557	0.249286	0.121566	0.20682	0.222112	0.130323	0.0716115	0.635046	0.288404	0.0758383	0.142746	0.222502	0.213088	-0.0601565	0.0239625	0.16718	0.016828	0.156825	0.0726182	-0.0954197	0.0398316	0.0942072	0.0652595	0.114875	0.0256319	0.0789356	0.0334947	0.138798	0.0659272	-0.0693076	0.0810565	-0.0363634	-0.0143311	0.121731	0.020992	0.0299576	0.00459254	0.0627402	0.0654043	-0.0654238
0.038484	-0.13237	0.0954681	0.226976	0.18737	0.0383094	0.0175174	0.31493	0.0415332	-0.0581502	0.0477123	0.229932	0.141423	0.0537418	0.0238932	0.254266	0.235749	0.109887	0.119456	0.161652	0.221719	0.243602	0.201626	-0.0355376	0.159737	0.158659	0.198428	0.12324	0.148592	0.199099	0.180611	0.194537	0.146114	0.220275	0.0990609	1	0.277845	0.186718	0.569425	0.445983	0.156838	0.325425	0.619904	0.537128	0.515883	0.177525	-0.0354175	-0.201963	-0.0413277	0.371034	0.327921	0.551977	0.317155	-0.254797	0.0205058	0.236417	0.14173	0.154903	-0.18957	0.0443791	0.448888	-0.189327	0.0257912	0.45879	0.390088	0.0200088	0.214644	0.0119562	0.0248174	0.106745	0.126601	0.251047	-0.047695	0.0766875	0.164624	0.195464	0.107705	0.161181	0.132393	0.163998	0.19938	0.166935	0.580438	0.0217803	0.488553	0.0607061	0.490093	0.301197	0.479919	0.262381	0.234014	0.29991	0.464311	0.263565	0.0774673	-0.245294	0.461405	0.395578	0.375974	0.499401	0.614268	0.350889	0.296682	0.566475	0.618527	0.143688	0.151419	0.0634182	0.194788	0.00375182	0.0190925	0.0504539	-0.0559524	0.501121	0.378983	0.192068
