1	0.421093	0.0956223	-0.377672	0.100497	-0.0902839	-0.00536226	0.0281252	0.620945	0.342486	0.0384325	-0.461888	0.0989615	-0.0747595	-0.0449595	0.0641996	0.492868	0.377108	0.38605	-0.291615	-0.0681695	0.286892	0.518119	0.31076	0.379148	0.393418	0.416546	0.36104	0.579584	0.569328	0.46763	0.256726	0.134218	0.0726797	0.378962	0.0146533	0.23921	0.17595	0.0538037	-0.120271	0.258639	-0.00183437	-0.324153	-0.0779606	-0.0148139	0.133391	0.0215095	0.501862	0.120397	-0.0260344	0.0786795	-0.132025	-0.24909	0.573695	0.382584	0.377466	0.182294	0.14084	0.213328	0.424493	-0.121441	0.360344	0.0895303	0.27847	0.442302	0.291847	0.554659	0.503373	0.418224	-0.216889	0.125838	0.397792	0.276306	0.302983	0.45741	0.494402	0.456082	0.617703	0.455935	0.624988	0.517248	0.518091	0.421678	0.541559	0.0156151	0.151729	0.241422	0.146559	0.206462	0.345352	0.0314234	0.103406	0.166938	0.0750962	-0.191374	0.567035	-0.248548	0.0734803	-0.282841	-0.122599	-0.235209	-0.100023	-0.240379	-0.193933	0.0143973	0.145029	0.304859	0.594349	0.408266	0.0558969	0.108122	0.370151	0.173387	0.346933	0.492984	0.116423
0.421093	1	0.0280584	-0.256073	0.095751	-0.051203	0.0324571	0.00790312	0.359567	0.345527	-0.0679066	-0.257382	0.0240593	-0.0567249	-0.0123939	0.0532471	0.275865	0.111883	0.0692417	-0.111256	-0.258313	0.00043703	0.22262	-0.0141071	0.0320568	0.183532	0.269549	0.196666	0.314388	0.237397	0.220457	0.0431414	0.0191848	-0.106768	0.0784559	-0.187321	-0.0410305	0.0851817	-0.0720172	-0.160485	0.132576	0.0427638	-0.284347	-0.0627941	-0.103255	0.0147735	-0.0981523	0.365803	-9.42615e-5	-0.165816	-0.0350188	-0.223158	-0.251935	0.248447	0.102005	0.130926	-0.0757584	0.126585	0.0531116	0.159414	-0.237368	0.157683	-0.0809822	0.091445	0.173158	0.0268581	0.307995	0.149299	0.103309	-0.174775	-0.125598	0.104996	-0.000322131	-0.0295948	0.218798	0.280253	0.284321	0.31827	0.135249	0.315998	0.167169	0.270948	0.133393	0.264104	-0.132421	-0.0753252	-0.0195654	0.0297707	0.0167356	0.0980873	-0.0395476	0.0645102	0.0179527	-0.0205622	-0.156803	0.351657	-0.310662	-0.150627	-0.298653	-0.174878	-0.215282	-0.229499	-0.212943	-0.145483	-0.205036	-0.0899907	0.132887	0.337625	0.0899702	0.0592665	-0.0533998	0.136677	0.0121492	0.102766	0.211203	-0.0550767
0.0956223	0.0280584	1	0.117441	0.081744	0.0498656	0.0733514	0.126477	0.107163	0.0170168	0.173665	0.0510537	0.139663	0.129636	0.132273	0.124944	0.174269	0.234354	0.280352	0.0311105	0.141097	0.325255	0.202018	0.21826	0.20557	0.27172	0.208533	0.224591	0.167986	0.190567	0.201116	0.196766	0.1849	0.201628	0.221243	0.194756	0.148622	0.126737	0.154766	0.211768	0.191591	0.0854053	0.0666914	0.240592	0.226531	0.183223	0.154133	0.0738427	0.0965096	0.228444	0.167486	0.229355	0.177571	0.0771565	0.167273	0.212188	0.187179	0.117266	0.165745	0.18608	0.129334	0.0774597	0.111971	0.08265	0.25699	0.187886	0.101167	0.266586	0.142539	0.0820514	0.271851	0.30401	0.252043	0.185014	0.252954	0.262082	0.176647	0.185485	0.216722	0.169485	0.220681	0.195037	0.240546	0.154254	0.178803	0.19875	0.199123	0.122008	0.157211	0.27399	0.20651	0.218277	0.255796	0.202035	0.106676	0.0969182	0.175473	0.210156	0.106601	0.134477	0.105403	0.132944	0.173762	0.163475	0.267107	0.203979	0.0950452	0.0407048	0.234039	0.154544	0.213793	0.216709	0.121457	0.106776	0.242916	0.198373
-0.377672	-0.256073	0.117441	1	0.0116578	0.0950821	0.154753	0.220851	-0.320753	-0.206176	0.194057	0.626301	0.0985253	0.170375	0.235071	0.255694	-0.169744	-0.050157	-0.107342	0.422132	0.165038	0.0267512	-0.274459	-0.126983	-0.214757	-0.0758077	-0.152437	-0.0716921	-0.331159	-0.382215	-0.23585	0.057697	0.0966116	0.156557	-0.122549	0.209187	-0.0930767	0.046941	0.166129	0.328821	0.0142765	0.158506	0.456735	0.364871	0.240324	0.0591042	0.186057	-0.371313	0.116024	0.335533	0.256733	0.469675	0.484664	-0.400914	-0.11363	-0.143043	0.171962	0.120984	0.124596	-0.0130698	0.297534	-0.0722499	0.188696	0.0538577	-0.0372072	0.0184226	-0.301595	-0.187392	-0.20093	0.346921	0.109267	-0.108777	-0.0296502	-0.19953	-0.122855	-0.182756	-0.18915	-0.354951	-0.197764	-0.418325	-0.246314	-0.325251	-0.0708453	-0.336017	0.188244	0.0685341	-0.0287353	0.0928532	0.0582107	0.0117332	0.154702	0.0974649	0.125434	0.157617	0.396252	-0.345726	0.450321	0.269078	0.437148	0.356959	0.425689	0.379893	0.500883	0.444688	0.338583	0.219744	-0.082903	-0.441861	-0.0939335	0.305413	0.270271	0.0679584	0.183726	-0.00260329	-0.16154	0.220337
0.100497	0.095751	0.081744	0.0116578	1	0.0325558	0.24926	0.322946	0.120892	0.0886326	0.126484	-0.0259978	0.3064	0.0506903	0.256469	0.231587	0.179564	0.193083	0.200715	0.0413383	0.0346678	0.216317	0.202556	0.159951	0.152827	0.337755	0.23456	0.2556	0.196988	0.147948	0.158415	0.193082	0.204379	0.181295	0.225123	0.121379	0.0979467	0.134214	0.203404	0.187043	0.253785	0.151944	0.0398054	0.190461	0.19863	0.139913	0.053167	0.0408049	-0.00897614	0.142284	0.105932	0.177393	0.0933214	0.0716152	0.121473	0.19738	0.109517	0.190596	0.0892932	0.169704	0.0717651	0.0425669	0.0508548	0.0806949	0.240299	0.124337	0.141828	0.223632	0.169211	0.0344743	0.148452	0.240953	0.195356	0.126749	0.322713	0.249957	0.250704	0.18646	0.223798	0.141875	0.191406	0.154541	0.23471	0.228804	0.182113	0.20273	0.133311	0.18487	0.237762	0.252419	0.244045	0.245444	0.282935	0.188041	0.069102	0.098783	0.133082	0.116006	0.0777448	0.128581	0.111253	0.0978009	0.126681	0.144214	0.210164	0.166751	0.0250185	0.122433	0.209574	0.173245	0.197115	0.219848	0.0986107	0.120044	0.23292	0.138235
-0.0902839	-0.051203	0.0498656	0.0950821	0.0325558	1	0.128045	0.0907451	0.0105612	-0.087648	0.0983904	0.107726	0.098594	0.054692	0.0861271	0.129758	-0.0100288	0.0730889	0.100991	0.114816	0.0879796	0.15368	-0.0227409	0.0888621	0.0496797	0.119245	0.112785	0.153529	0.00613904	0.0281076	0.0514492	0.0821455	0.128756	0.13558	0.0956268	0.112444	0.0784817	0.070586	0.171087	0.190062	0.103838	0.160964	0.168314	0.216852	0.164415	0.159658	0.135007	-0.0635411	0.0666438	0.140475	0.0894614	0.159831	0.151409	-0.0869601	0.00336459	0.0624663	0.0633072	0.0989228	0.0631754	0.00702962	0.0878388	0.00665174	0.0516075	0.0343427	0.0560987	0.0463096	-0.0783374	0.0775937	0.0108695	0.104251	0.140251	0.123572	0.116522	0.0408478	0.0941557	0.0958126	0.0526106	-0.00897681	0.0779989	-0.01226	0.0512413	0.0272089	0.0614175	0.00360789	0.114175	0.118023	0.106634	0.0795761	0.114784	0.0989353	0.138546	0.149341	0.134744	0.176289	0.0694176	-0.0187552	0.133846	0.0683587	0.0970398	0.119478	0.141666	0.0914182	0.158736	0.174347	0.141	0.0626263	-0.0388649	-0.0983623	0.054471	0.11795	0.133742	0.0426612	0.0419794	-0.0171751	0.0386328	0.0721515
-0.00536226	0.0324571	0.0733514	0.154753	0.24926	0.128045	1	0.342878	0.0451781	0.0456333	0.0958327	0.108906	0.235881	0.0708575	0.472829	0.326504	0.122536	0.134143	0.115216	0.172805	0.0423187	0.103538	0.0774408	0.0706609	0.030831	0.209263	0.124996	0.201208	0.014849	-0.0808545	-0.0424024	0.176688	0.191035	0.15181	0.0600304	0.0362125	-0.0586612	0.221364	0.216354	0.239472	0.189489	0.286244	0.159744	0.309907	0.205663	0.229256	0.116319	-0.0070015	-0.0061446	0.157396	0.162181	0.133007	0.0739118	-0.150743	-0.0158507	0.137275	-0.0648303	0.0984502	0.000265028	-0.0636345	-0.0472896	-0.145295	-0.0406748	-0.0974674	0.100602	-0.134118	0.0634357	0.103395	0.073558	0.122221	0.0683008	0.126523	0.134689	0.0161844	0.233046	0.0937946	0.205971	-0.0109545	0.112173	-0.0809905	0.00151354	-0.0658728	0.15622	0.0677269	0.187845	0.146184	0.0345053	0.279778	0.214164	0.183477	0.306413	0.347081	0.257292	0.266582	0.14555	0.0102703	0.222612	0.0444119	0.116821	0.243832	0.208123	0.0946631	0.139252	0.303242	0.104977	0.0423867	-0.0396418	0.00497534	0.136564	0.205016	0.251949	0.00906347	-0.00800656	-0.0566451	0.098073	-0.0510151
0.0281252	0.00790312	0.126477	0.220851	0.322946	0.0907451	0.342878	1	0.0986876	0.0744018	0.138745	0.192197	0.29816	0.136297	0.368677	0.488598	0.182823	0.144416	0.150737	0.157013	-0.00691452	0.203864	0.0916377	0.041785	0.0209688	0.29244	0.22778	0.279091	0.107332	-0.0109277	0.0408716	0.214691	0.289686	0.188899	0.149502	0.132646	0.00382825	0.275805	0.290556	0.321948	0.225536	0.292199	0.175744	0.380221	0.255079	0.25222	0.151611	-0.00554981	0.0647639	0.304008	0.305036	0.270699	0.189946	0.0095728	0.187619	0.172141	0.181235	0.302779	0.238709	0.144286	0.110847	0.0670706	0.153435	0.104498	0.278805	0.0702933	0.0614104	0.142432	0.0468201	0.127946	0.128121	0.217103	0.131957	-0.0277125	0.273198	0.204386	0.215059	0.0860892	0.117987	-0.00916639	0.062215	0.0298699	0.207828	0.115042	0.241106	0.166114	0.0729855	0.264431	0.274077	0.249419	0.279413	0.30745	0.278932	0.278645	0.151339	0.0153961	0.245778	0.193066	0.188171	0.284976	0.225499	0.193639	0.219276	0.323946	0.241042	0.203827	0.0421897	-0.0118019	0.18439	0.319127	0.31366	0.200092	0.156322	0.0692271	0.227334	0.0980961
0.620945	0.359567	0.107163	-0.320753	0.120892	0.0105612	0.0451781	0.0986876	1	0.36487	0.06659	-0.387713	0.158204	-0.00532707	0.0436888	0.147712	0.526271	0.376566	0.354824	-0.238413	-0.130992	0.282686	0.530697	0.26411	0.3227	0.442904	0.424447	0.449174	0.611427	0.534666	0.472843	0.333664	0.27405	0.125808	0.415179	0.015268	0.188072	0.327465	0.164358	0.01163	0.307016	0.14318	-0.249878	0.0340277	0.0516881	0.249185	0.0314451	0.467552	0.144136	0.0705273	0.208937	-0.105425	-0.232479	0.513675	0.402557	0.412498	0.178568	0.242054	0.285579	0.391671	-0.120941	0.347174	0.127097	0.294191	0.449664	0.234933	0.552287	0.47186	0.418338	-0.18161	0.0942218	0.399076	0.277406	0.225283	0.492675	0.525121	0.521872	0.617091	0.466027	0.596158	0.483002	0.509231	0.448748	0.564885	0.109146	0.180505	0.20336	0.264657	0.273446	0.376428	0.159217	0.207172	0.243662	0.187749	-0.148582	0.507871	-0.155952	0.0841572	-0.251634	-0.0183768	-0.168153	-0.0496452	-0.233671	-0.0963865	0.0199123	0.142051	0.271796	0.515957	0.425206	0.147497	0.194563	0.364187	0.185704	0.31497	0.485723	0.0794791
0.342486	0.345527	0.0170168	-0.206176	0.0886326	-0.087648	0.0456333	0.0744018	0.36487	1	-0.0622705	-0.206539	0.0424165	-0.0487677	-0.00714815	0.0716247	0.231082	0.0826079	0.0435593	-0.0943582	-0.281203	-0.0198842	0.215293	-0.0347245	0.00854984	0.159983	0.219313	0.181169	0.291502	0.218251	0.210247	0.0318025	0.0606781	-0.113404	0.0815927	-0.159528	-0.0365592	0.0881797	-0.0572971	-0.129256	0.093669	0.0607011	-0.228094	-0.0626315	-0.107421	0.0871065	-0.0919428	0.336913	0.0106678	-0.140754	-0.00449022	-0.229861	-0.205604	0.287472	0.12256	0.105299	-0.0425612	0.122095	0.0647344	0.156154	-0.179656	0.164089	-0.069887	0.0863332	0.12989	0.022728	0.285612	0.11117	0.0943365	-0.147632	-0.153922	0.0761034	-0.0275242	-0.0557812	0.21689	0.251037	0.228768	0.283876	0.139558	0.278366	0.153963	0.24002	0.0974682	0.231642	-0.124668	-0.0879439	-0.0264857	0.0448515	0.0319684	0.0831616	-0.0417292	0.0648298	-0.0150323	-0.00885988	-0.133661	0.27226	-0.262408	-0.0978245	-0.204876	-0.128538	-0.184326	-0.17884	-0.226384	-0.138256	-0.195304	-0.0449831	0.131882	0.293475	0.110202	0.0388001	-0.0429082	0.138125	0.0306052	0.0984621	0.197695	-0.0464616
0.0384325	-0.0679066	0.173665	0.194057	0.126484	0.0983904	0.0958327	0.138745	0.06659	-0.0622705	1	0.208131	0.0979066	0.145837	0.162102	0.22093	0.135765	0.219228	0.272928	0.0450179	0.128163	0.329967	0.16131	0.186518	0.165185	0.249017	0.169696	0.244806	0.137591	0.135116	0.155841	0.204817	0.24733	0.244985	0.248811	0.264974	0.160041	0.176308	0.270626	0.289024	0.231387	0.168218	0.155393	0.310374	0.324874	0.172753	0.165007	-0.0661758	0.0841022	0.29821	0.243874	0.333021	0.273777	0.00625182	0.139374	0.177403	0.248258	0.238376	0.229848	0.202966	0.191756	0.131439	0.152723	0.14626	0.256908	0.235218	0.0203576	0.229676	0.0904339	0.0927781	0.281425	0.281053	0.24036	0.152492	0.253171	0.222114	0.16936	0.146206	0.205672	0.103206	0.189174	0.13527	0.23865	0.153206	0.187349	0.192487	0.184375	0.1276	0.219346	0.271331	0.211898	0.189801	0.269568	0.234205	0.130589	0.0357198	0.206847	0.208549	0.104769	0.148146	0.147419	0.161005	0.265962	0.22907	0.309526	0.229181	0.0375888	-0.0448991	0.19631	0.249158	0.248823	0.220225	0.163415	0.107476	0.174235	0.232168
-0.461888	-0.257382	0.0510537	0.626301	-0.0259978	0.107726	0.108906	0.192197	-0.387713	-0.206539	0.208131	1	0.0447483	0.123445	0.188887	0.211573	-0.258551	-0.182613	-0.259163	0.433671	0.0884208	-0.115046	-0.413622	-0.279459	-0.368068	-0.181728	-0.212916	-0.16269	-0.424041	-0.496029	-0.385495	-0.0720902	-0.0114242	0.0117069	-0.249148	0.112704	-0.224163	-0.00288362	0.0756298	0.250022	-0.0736636	0.0974977	0.40243	0.314214	0.162498	-0.0394944	0.145558	-0.434006	0.0620317	0.243177	0.211698	0.423345	0.488257	-0.460162	-0.207873	-0.295849	0.105767	0.106487	0.0955874	-0.0520791	0.294639	-0.0497186	0.147863	0.0453795	-0.139241	-0.0296876	-0.393332	-0.370399	-0.355028	0.324076	-0.0143654	-0.247219	-0.207376	-0.348018	-0.23386	-0.287634	-0.324406	-0.469432	-0.341978	-0.555885	-0.420368	-0.418914	-0.229019	-0.466463	0.0645458	-0.09637	-0.167338	-0.0157202	-0.0685114	-0.118784	0.0263626	0.0082403	-0.0194926	0.0504566	0.333202	-0.412802	0.355644	0.189809	0.386448	0.262023	0.361668	0.306365	0.487589	0.406619	0.229032	0.151164	-0.147515	-0.509611	-0.210416	0.219185	0.166963	-0.0107381	0.150013	-0.0561963	-0.260535	0.171487
0.0989615	0.0240593	0.139663	0.0985253	0.3064	0.098594	0.235881	0.29816	0.158204	0.0424165	0.0979066	0.0447483	1	0.111583	0.304098	0.312806	0.234597	0.178564	0.228011	0.110437	0.0338585	0.233434	0.163829	0.133283	0.12074	0.333557	0.248439	0.286001	0.211973	0.122845	0.154534	0.196494	0.248096	0.188794	0.243372	0.123609	0.113785	0.178424	0.250459	0.227203	0.283292	0.185551	0.140676	0.293313	0.232701	0.1281	0.106402	0.0719403	0.0797151	0.201008	0.202361	0.235423	0.162864	0.119516	0.162824	0.172635	0.173952	0.20497	0.140446	0.193795	0.120553	0.114302	0.105299	0.13415	0.287687	0.156222	0.132776	0.21515	0.130735	0.117095	0.155732	0.274052	0.189996	0.0720398	0.342192	0.262928	0.237472	0.188134	0.190979	0.133492	0.193881	0.142437	0.238634	0.208191	0.195999	0.190575	0.16615	0.194244	0.235691	0.270331	0.238712	0.243642	0.261523	0.208691	0.147624	0.173177	0.183457	0.169205	0.177714	0.204274	0.178436	0.169058	0.174261	0.252607	0.218202	0.203709	0.0995725	0.104817	0.234643	0.239623	0.266439	0.272013	0.190161	0.141181	0.235907	0.18264
-0.0747595	-0.0567249	0.129636	0.170375	0.0506903	0.054692	0.0708575	0.136297	-0.00532707	-0.0487677	0.145837	0.123445	0.111583	1	0.208525	0.163327	0.101102	0.112884	0.141261	0.0693323	0.118694	0.186352	0.0644621	0.133484	0.101087	0.128994	0.104847	0.151159	0.0574796	0.00948495	0.0581153	0.116077	0.192052	0.190497	0.146156	0.137648	0.100145	0.123975	0.191015	0.22254	0.163167	0.160342	0.138416	0.219391	0.18012	0.157485	0.0889001	-0.0541903	0.0292042	0.195709	0.168783	0.203311	0.150365	-0.0326424	0.0621479	0.0866463	0.127457	0.133361	0.129604	0.0750685	0.125144	0.0686353	0.127861	0.0544787	0.140309	0.0764608	-0.0174313	0.117978	0.0227741	0.100365	0.184147	0.164718	0.178172	0.100854	0.11301	0.13823	0.113963	0.0459679	0.102907	-0.00272258	0.106197	0.0239252	0.108662	0.0625549	0.147625	0.17938	0.10747	0.0905573	0.159515	0.123769	0.18716	0.145989	0.218828	0.180256	0.0708916	-0.045837	0.178993	0.132828	0.0993768	0.132108	0.118799	0.112405	0.163327	0.180939	0.173463	0.120973	-0.0142433	-0.0788274	0.104042	0.150078	0.190689	0.0749972	0.0883857	-0.0250933	0.0855514	0.11105
-0.0449595	-0.0123939	0.132273	0.235071	0.256469	0.0861271	0.472829	0.368677	0.0436888	-0.00714815	0.162102	0.188887	0.304098	0.208525	1	0.372337	0.172595	0.243574	0.208293	0.244521	0.159818	0.247815	0.133799	0.183847	0.119751	0.319367	0.193345	0.296018	0.0989692	-0.0110574	0.0433949	0.274486	0.292657	0.301986	0.18289	0.199122	0.0865025	0.282578	0.352934	0.373345	0.28734	0.32271	0.251321	0.378885	0.379194	0.272349	0.162445	-0.0518975	0.0512693	0.292724	0.273783	0.280146	0.164044	-0.145799	0.0511406	0.206975	0.0359163	0.168786	0.0721327	-0.00382442	0.0852283	-0.0613935	0.0376522	0.0383014	0.18927	-0.0272165	0.0612273	0.193462	0.12979	0.219921	0.219923	0.245774	0.249653	0.104234	0.298847	0.170641	0.234504	0.0531275	0.198498	-0.0288915	0.109498	0.0162633	0.248665	0.0977221	0.333153	0.28108	0.162659	0.335728	0.318588	0.298259	0.386257	0.384813	0.386717	0.351992	0.174217	0.0142531	0.336558	0.15439	0.209632	0.351448	0.31143	0.236163	0.228719	0.395374	0.255269	0.127372	-0.0116085	-0.00997533	0.22759	0.273846	0.361907	0.0940401	0.111082	0.0217361	0.134917	0.0713602
0.0641996	0.0532471	0.124944	0.255694	0.231587	0.129758	0.326504	0.488598	0.147712	0.0716247	0.22093	0.211573	0.312806	0.163327	0.372337	1	0.211848	0.161234	0.172525	0.0864163	0.00938489	0.216287	0.143329	0.0595496	0.0492627	0.311979	0.248777	0.318697	0.147527	-0.00385702	0.071427	0.239401	0.34337	0.207354	0.174872	0.171412	0.0233162	0.330949	0.346805	0.39762	0.268341	0.343638	0.234185	0.452906	0.319623	0.339964	0.170092	0.0269339	0.153457	0.342504	0.369193	0.330105	0.239797	0.0449746	0.256563	0.255713	0.251309	0.340622	0.310487	0.179426	0.144289	0.162648	0.247337	0.210547	0.303335	0.12698	0.0860933	0.172801	0.0538744	0.0603674	0.132865	0.220416	0.153536	0.0065652	0.339409	0.237507	0.269332	0.125666	0.187983	0.0275918	0.0929048	0.0132901	0.269075	0.120819	0.250926	0.17678	0.0942177	0.291679	0.302394	0.337535	0.334258	0.312497	0.309835	0.323908	0.143156	0.0842688	0.279789	0.231311	0.157553	0.300412	0.248062	0.219687	0.223871	0.36432	0.26778	0.246604	0.0874334	0.0355237	0.285091	0.364074	0.365058	0.224611	0.24568	0.124564	0.225365	0.156286
0.492868	0.275865	0.174269	-0.169744	0.179564	-0.0100288	0.122536	0.182823	0.526271	0.231082	0.135765	-0.258551	0.234597	0.101102	0.172595	0.211848	1	0.376036	0.39518	-0.265475	-0.109867	0.330564	0.518831	0.268734	0.296536	0.468853	0.416292	0.421674	0.522716	0.399662	0.331449	0.41123	0.354587	0.244469	0.364136	0.138757	0.11066	0.365454	0.267689	0.139366	0.32874	0.177906	-0.194768	0.174355	0.217975	0.275499	0.12728	0.381637	0.205752	0.217637	0.300379	0.103959	-0.107497	0.441653	0.422914	0.423008	0.312539	0.327667	0.315082	0.407631	-0.0598678	0.370724	0.205241	0.363016	0.632295	0.296411	0.632814	0.49954	0.398809	-0.219524	0.145844	0.418327	0.346044	0.2077	0.494195	0.505963	0.435948	0.532576	0.412311	0.472767	0.421948	0.382711	0.596011	0.480136	0.201626	0.268787	0.193324	0.351715	0.312666	0.529734	0.236065	0.255489	0.341273	0.239028	-0.0996553	0.458157	-0.026264	0.211663	-0.194572	0.110393	-0.108281	0.0303269	-0.0963654	0.00630215	0.193827	0.273602	0.32074	0.484207	0.44899	0.235876	0.297864	0.403715	0.259421	0.363929	0.642014	0.169291
0.377108	0.111883	0.234354	-0.050157	0.193083	0.0730889	0.134143	0.144416	0.376566	0.0826079	0.219228	-0.182613	0.178564	0.112884	0.243574	0.161234	0.376036	1	0.725852	0.242578	0.493176	0.694552	0.655581	0.781942	0.690838	0.550374	0.504381	0.572745	0.522912	0.640536	0.637129	0.631209	0.46108	0.578753	0.667984	0.419241	0.589485	0.347941	0.476667	0.398184	0.434528	0.236832	0.155055	0.335154	0.503726	0.387064	0.230794	0.207548	0.19502	0.377034	0.310826	0.271752	0.104285	0.238679	0.315769	0.545098	0.234027	0.211117	0.227688	0.231502	0.133553	0.186221	0.16403	0.201881	0.397831	0.256593	0.337391	0.788161	0.641294	0.360937	0.664346	0.712964	0.742723	0.669569	0.551721	0.579271	0.533178	0.533009	0.68593	0.589396	0.69531	0.603123	0.580625	0.564263	0.461074	0.62938	0.599069	0.413667	0.494696	0.513515	0.456397	0.436931	0.618278	0.453462	0.0258684	0.324954	0.204451	0.209542	0.0702188	0.294162	0.214146	0.192752	0.108262	0.187662	0.40446	0.175166	0.11954	0.262417	0.456842	0.19117	0.389127	0.239739	0.174367	0.268824	0.313945	0.164004
0.38605	0.0692417	0.280352	-0.107342	0.200715	0.100991	0.115216	0.150737	0.354824	0.0435593	0.272928	-0.259163	0.228011	0.141261	0.208293	0.172525	0.39518	0.725852	1	-0.0327011	0.445497	0.88479	0.636107	0.820489	0.858307	0.656151	0.565356	0.600164	0.506446	0.699752	0.67407	0.485942	0.409288	0.516746	0.659798	0.37708	0.671148	0.255876	0.457625	0.366126	0.517269	0.22162	0.0486489	0.340647	0.485784	0.389316	0.190166	0.274773	0.0750566	0.263762	0.169463	0.200671	0.0495606	0.288899	0.345396	0.596335	0.179498	0.205552	0.150904	0.239465	-0.00800324	0.107085	0.0389484	0.0612401	0.466642	0.254719	0.346737	0.86455	0.569917	0.168182	0.809014	0.900971	0.779356	0.817841	0.650794	0.637216	0.536594	0.525717	0.708464	0.618024	0.77768	0.61933	0.566315	0.591412	0.340368	0.584108	0.673263	0.300879	0.499768	0.577198	0.449489	0.454899	0.633896	0.497491	-0.0550493	0.415928	0.12413	0.141472	-0.0893502	0.147296	0.0393071	0.0453505	0.0743448	0.160836	0.375639	0.156364	0.0417601	0.306994	0.510565	0.149505	0.335475	0.245626	0.0494065	0.109126	0.414244	0.140207
-0.291615	-0.111256	0.0311105	0.422132	0.0413383	0.114816	0.172805	0.157013	-0.238413	-0.0943582	0.0450179	0.433671	0.110437	0.0693323	0.244521	0.0864163	-0.265475	0.242578	-0.0327011	1	0.400586	0.0724621	-0.254257	0.0439659	-0.0991065	-0.0466365	-0.0501146	-0.0258418	-0.200552	-0.148236	0.0248266	0.108165	0.0419974	0.186837	0.00737736	0.16302	0.117281	0.0020509	0.156173	0.227311	0.0331312	0.101786	0.439772	0.258983	0.204134	0.00516426	0.136708	-0.369742	0.0100438	0.21736	0.155244	0.273877	0.340084	-0.462515	-0.309563	-0.21819	-0.108702	-0.0187019	-0.0713886	-0.167172	0.207849	-0.186112	-0.00657231	-0.0651326	-0.177282	-0.128866	-0.278899	-0.117125	-0.0873794	0.868038	0.196058	-0.0231167	0.0112304	-0.0681545	-0.0827973	-0.104376	-0.110286	-0.235857	-0.0485541	-0.227075	-0.0849335	-0.039065	-0.211873	-0.226998	0.229457	0.135494	0.118128	0.0905235	0.101728	-0.157547	0.0988911	0.152932	0.114211	0.111799	0.326719	-0.347282	0.312717	0.0774378	0.468612	0.360606	0.489671	0.299785	0.377135	0.350729	0.200219	-0.0372332	-0.194491	-0.431434	-0.216508	0.175266	0.165497	-0.0558469	0.0789868	0.00438135	-0.29134	0.0833931
-0.0681695	-0.258313	0.141097	0.165038	0.0346678	0.0879796	0.0423187	-0.00691452	-0.130992	-0.281203	0.128163	0.0884208	0.0338585	0.118694	0.159818	0.00938489	-0.109867	0.493176	0.445497	0.400586	1	0.547376	0.054521	0.590898	0.564165	0.0955935	0.0499437	0.0602172	-0.00918014	0.240799	0.291953	0.237685	0.0367422	0.415711	0.24243	0.525564	0.594087	-0.0570897	0.250093	0.281827	0.12692	-0.0767757	0.371925	0.175836	0.393912	0.060398	0.205531	-0.167068	0.13417	0.306808	0.0927074	0.40628	0.313461	-0.096556	0.0357508	0.0946009	0.187913	-0.12573	0.0110725	0.0248252	0.336372	-0.0252471	0.145177	0.0571938	0.0697661	0.218804	-0.155072	0.340744	0.235224	0.624253	0.762204	0.3641	0.442043	0.615956	0.052075	0.0456507	-0.0245474	0.00914498	0.291406	0.0929798	0.316434	0.229945	0.139591	-0.000714536	0.318778	0.4537	0.546458	0.0529285	0.206089	0.0901282	0.179162	0.0879817	0.314249	0.180746	0.115374	-0.0775675	0.334219	0.292788	0.3085	0.25264	0.340887	0.309988	0.306384	0.152113	0.512507	0.147383	-0.0431359	-0.182394	0.0841425	0.0133016	0.192205	0.0272187	0.083087	0.134565	-0.0448326	0.263426
0.286892	0.00043703	0.325255	0.0267512	0.216317	0.15368	0.103538	0.203864	0.282686	-0.0198842	0.329967	-0.115046	0.233434	0.186352	0.247815	0.216287	0.330564	0.694552	0.88479	0.0724621	0.547376	1	0.521778	0.765385	0.818527	0.605133	0.538776	0.572127	0.449871	0.627051	0.631086	0.457933	0.378188	0.538563	0.626398	0.484224	0.67477	0.224527	0.461115	0.413761	0.485799	0.218596	0.1457	0.395207	0.536824	0.366918	0.240988	0.160681	0.118208	0.359852	0.225013	0.354728	0.194193	0.230284	0.310065	0.498404	0.282706	0.217951	0.201746	0.28763	0.133241	0.149492	0.113708	0.129613	0.522619	0.358671	0.235378	0.784289	0.499132	0.289511	0.885364	0.906295	0.727303	0.748349	0.584691	0.600021	0.474257	0.464975	0.660384	0.534573	0.717918	0.576228	0.526495	0.501186	0.378787	0.580246	0.676658	0.277266	0.491886	0.543132	0.419367	0.429499	0.615925	0.494255	0.0417513	0.308117	0.219175	0.274479	0.0511841	0.215723	0.146959	0.159695	0.216701	0.232854	0.518213	0.271883	0.0592022	0.19007	0.476923	0.235257	0.384708	0.33339	0.147737	0.175852	0.42535	0.303936
0.518119	0.22262	0.202018	-0.274459	0.202556	-0.0227409	0.0774408	0.0916377	0.530697	0.215293	0.16131	-0.413622	0.163829	0.0644621	0.133799	0.143329	0.518831	0.655581	0.636107	-0.254257	0.054521	0.521778	1	0.657815	0.59978	0.638737	0.550887	0.619347	0.631411	0.628293	0.548525	0.656474	0.546501	0.516754	0.713287	0.28733	0.460274	0.431978	0.462533	0.336377	0.46005	0.247159	-0.0718519	0.184524	0.370328	0.408107	0.0797234	0.439822	0.148262	0.247589	0.240262	0.0473058	-0.131284	0.460454	0.479418	0.799851	0.180133	0.226891	0.232014	0.213818	-0.060517	0.210211	0.0932242	0.186611	0.470473	0.183941	0.533302	0.774777	0.750043	-0.140065	0.362659	0.643044	0.714818	0.552467	0.6602	0.649182	0.644673	0.643547	0.669165	0.671191	0.69486	0.545273	0.787333	0.7633	0.419111	0.573214	0.525605	0.463587	0.545204	0.685864	0.536552	0.437784	0.583569	0.429348	-0.116454	0.529756	0.0743645	0.0601179	-0.171778	0.159973	0.0134689	0.0104923	-0.122389	0.0450821	0.21447	0.14158	0.169082	0.53291	0.620207	0.117601	0.326024	0.220291	0.0898037	0.198514	0.459299	-0.00733146
0.31076	-0.0141071	0.21826	-0.126983	0.159951	0.0888621	0.0706609	0.041785	0.26411	-0.0347245	0.186518	-0.279459	0.133283	0.133484	0.183847	0.0595496	0.268734	0.781942	0.820489	0.0439659	0.590898	0.765385	0.657815	1	0.848326	0.506614	0.413331	0.461892	0.397885	0.638379	0.594474	0.604485	0.396705	0.734839	0.694924	0.542897	0.737971	0.267688	0.525882	0.358094	0.406462	0.157703	0.162952	0.243032	0.495929	0.382397	0.197675	0.20214	0.0818672	0.33027	0.142088	0.209634	0.0406279	0.2117	0.251701	0.564362	0.131422	0.0780521	0.0501724	0.112729	0.092727	0.0183373	0.0522909	0.0591135	0.314596	0.212746	0.280113	0.823812	0.69708	0.259749	0.782264	0.753454	0.916537	0.881203	0.48271	0.482458	0.443284	0.417257	0.696038	0.545068	0.728943	0.548793	0.571766	0.57419	0.531531	0.804491	0.743531	0.381281	0.554664	0.489847	0.486224	0.400286	0.622284	0.474946	-0.0656082	0.295636	0.20909	0.131237	-0.0100237	0.219159	0.170857	0.113149	0.0545706	0.133082	0.432945	0.0661574	-0.00379081	0.238448	0.427392	0.0199224	0.281026	0.111151	-0.0226024	0.131972	0.276068	0.0799955
0.379148	0.0320568	0.20557	-0.214757	0.152827	0.0496797	0.030831	0.0209688	0.3227	0.00854984	0.165185	-0.368068	0.12074	0.101087	0.119751	0.0492627	0.296536	0.690838	0.858307	-0.0991065	0.564165	0.818527	0.59978	0.848326	1	0.541175	0.471704	0.482762	0.454877	0.717128	0.658484	0.405654	0.259979	0.443413	0.585542	0.380579	0.724365	0.12854	0.331624	0.226622	0.418543	0.0866149	-0.00264229	0.169207	0.407217	0.295222	0.140995	0.324223	0.0773797	0.16355	0.0428378	0.131683	-0.00880333	0.342688	0.317985	0.534368	0.138589	0.0650599	0.0496228	0.197208	0.000635563	0.0762185	0.00315913	0.0444291	0.361405	0.268811	0.337086	0.820053	0.591117	0.153982	0.805495	0.816419	0.734525	0.925093	0.545884	0.529305	0.459811	0.498691	0.670297	0.629218	0.765771	0.607786	0.4843	0.550126	0.27979	0.554561	0.68791	0.199614	0.388377	0.439806	0.337656	0.32683	0.538154	0.362044	-0.135878	0.397762	0.024968	0.103516	-0.121808	0.0552258	-0.0223747	-0.0191714	-0.0031352	0.00836302	0.34067	0.0793849	0.0514644	0.3533	0.432251	0.00159182	0.186078	0.176999	-0.0221939	0.120427	0.342165	0.127177
0.393418	0.183532	0.27172	-0.0758077	0.337755	0.119245	0.209263	0.29244	0.442904	0.159983	0.249017	-0.181728	0.333557	0.128994	0.319367	0.311979	0.468853	0.550374	0.656151	-0.0466365	0.0955935	0.605133	0.638737	0.506614	0.541175	1	0.699666	0.766685	0.612807	0.581779	0.613825	0.457894	0.546892	0.418918	0.618325	0.317933	0.45388	0.384281	0.468004	0.480524	0.660239	0.409258	0.0650953	0.451576	0.49635	0.469231	0.157721	0.328285	0.109837	0.305214	0.307357	0.215796	0.04171	0.353502	0.438023	0.654583	0.196	0.343048	0.251619	0.258818	-0.0254472	0.166777	0.0800958	0.147888	0.537613	0.220944	0.429521	0.680414	0.423842	0.000731386	0.427334	0.697083	0.538393	0.458434	0.883607	0.727913	0.682276	0.588442	0.627444	0.567724	0.6354	0.559353	0.590783	0.613017	0.341275	0.417922	0.505788	0.377412	0.495331	0.657826	0.554948	0.589104	0.655308	0.556787	-0.0126356	0.418017	0.171759	0.15773	-0.040999	0.222299	0.127952	0.0787253	0.118237	0.303118	0.334017	0.216481	0.095925	0.422041	0.615499	0.290133	0.405264	0.337667	0.149907	0.153813	0.49976	0.147707
0.416546	0.269549	0.208533	-0.152437	0.23456	0.112785	0.124996	0.22778	0.424447	0.219313	0.169696	-0.212916	0.248439	0.104847	0.193345	0.248777	0.416292	0.504381	0.565356	-0.0501146	0.0499437	0.538776	0.550887	0.413331	0.471704	0.699666	1	0.722124	0.639854	0.572538	0.592745	0.290122	0.426455	0.262976	0.527388	0.137152	0.353649	0.25522	0.312969	0.299663	0.543189	0.329756	-0.0961159	0.292531	0.316808	0.351686	0.128929	0.343029	0.00404806	0.152531	0.16463	0.133196	-0.00838608	0.35596	0.3341	0.461058	0.138449	0.324774	0.200282	0.260148	-0.0673902	0.19696	0.0218307	0.085204	0.485432	0.224002	0.376018	0.586043	0.315862	0.00510049	0.369846	0.642001	0.429908	0.379997	0.729143	0.727516	0.635301	0.616709	0.557029	0.572193	0.57317	0.568419	0.441507	0.580512	0.180319	0.271047	0.375654	0.19261	0.355255	0.459814	0.388354	0.444688	0.486608	0.400771	-0.0516988	0.407619	-0.018477	0.0512652	-0.159446	0.0304321	-0.0482688	-0.0913479	0.0562877	0.130976	0.169092	0.138203	0.0836461	0.353629	0.404441	0.20939	0.25944	0.303016	0.0850645	0.0562571	0.461981	0.132546
0.36104	0.196666	0.224591	-0.0716921	0.2556	0.153529	0.201208	0.279091	0.449174	0.181169	0.244806	-0.16269	0.286001	0.151159	0.296018	0.318697	0.421674	0.572745	0.600164	-0.0258418	0.0602172	0.572127	0.619347	0.461892	0.482762	0.766685	0.722124	1	0.71	0.577905	0.592272	0.430403	0.660255	0.395776	0.641228	0.252318	0.39917	0.477254	0.50054	0.546534	0.626771	0.524641	0.0789382	0.471644	0.46126	0.579146	0.171356	0.306474	0.0576687	0.324444	0.364695	0.182928	-9.12625e-5	0.28597	0.38188	0.580456	0.167166	0.369692	0.307406	0.193141	-0.0144612	0.16441	0.0717905	0.102739	0.455631	0.164222	0.369682	0.652991	0.40415	0.0464884	0.383898	0.671342	0.526841	0.413551	0.790255	0.774892	0.779955	0.665301	0.678466	0.583505	0.620535	0.562932	0.534287	0.647773	0.333409	0.382315	0.451196	0.397154	0.516318	0.55581	0.611648	0.652923	0.616543	0.610616	0.00126921	0.372999	0.152337	0.0807998	-0.0527599	0.227671	0.124845	0.0316559	0.0723495	0.256205	0.223446	0.142508	0.0359581	0.331185	0.542188	0.263096	0.414838	0.23019	0.106255	0.0649092	0.381312	0.0703686
0.579584	0.314388	0.167986	-0.331159	0.196988	0.00613904	0.014849	0.107332	0.611427	0.291502	0.137591	-0.424041	0.211973	0.0574796	0.0989692	0.147527	0.522716	0.522912	0.506446	-0.200552	-0.00918014	0.449871	0.631411	0.397885	0.454877	0.612807	0.639854	0.71	1	0.752222	0.681917	0.372056	0.462527	0.240594	0.619463	0.165415	0.392015	0.356018	0.300942	0.220305	0.452864	0.210309	-0.201684	0.144613	0.249394	0.353585	0.0492163	0.426358	0.146755	0.185188	0.276497	0.0193726	-0.175255	0.535655	0.471449	0.51223	0.275433	0.278075	0.357068	0.364104	-0.0158889	0.406952	0.148266	0.318625	0.511085	0.34783	0.486617	0.614937	0.441883	-0.102108	0.238361	0.575986	0.417093	0.346061	0.66033	0.76553	0.709053	0.936614	0.699484	0.798466	0.700599	0.717843	0.550665	0.730563	0.174487	0.285758	0.378043	0.250054	0.384717	0.500232	0.275013	0.331409	0.410862	0.333689	-0.156517	0.524357	-0.101154	0.118963	-0.199113	0.0081414	-0.110535	-0.0451215	-0.164774	-0.0776949	0.117862	0.20682	0.234508	0.523221	0.54442	0.164167	0.287726	0.352214	0.241428	0.305869	0.466941	0.158496
0.569328	0.237397	0.190567	-0.382215	0.147948	0.0281076	-0.0808545	-0.0109277	0.534666	0.218251	0.135116	-0.496029	0.122845	0.00948495	-0.0110574	-0.00385702	0.399662	0.640536	0.699752	-0.148236	0.240799	0.627051	0.628293	0.638379	0.717128	0.581779	0.572538	0.577905	0.752222	1	0.863522	0.322109	0.2791	0.285555	0.681847	0.214219	0.655522	0.120284	0.223514	0.0684161	0.411968	0.0132067	-0.257556	0.0325806	0.237857	0.233191	0.0371216	0.428776	0.104946	0.04308	0.0126482	-0.032774	-0.157422	0.54697	0.360015	0.487295	0.201642	0.118137	0.14868	0.381621	-0.0444489	0.296737	0.00205242	0.210393	0.468827	0.410839	0.478843	0.745767	0.525071	0.00241968	0.497021	0.714596	0.55292	0.640003	0.60949	0.695532	0.548077	0.792202	0.716849	0.91674	0.865532	0.886872	0.485471	0.736436	0.139134	0.383446	0.581451	0.105928	0.323892	0.416036	0.17306	0.230705	0.422899	0.262162	-0.201021	0.555019	-0.19848	0.0755645	-0.24727	-0.106831	-0.204833	-0.127676	-0.148483	-0.176022	0.171447	0.119957	0.204202	0.491835	0.454328	0.0218546	0.134652	0.354883	0.110276	0.285565	0.449553	0.197213
0.46763	0.220457	0.201116	-0.23585	0.158415	0.0514492	-0.0424024	0.0408716	0.472843	0.210247	0.155841	-0.385495	0.154534	0.0581153	0.0433949	0.071427	0.331449	0.637129	0.67407	0.0248266	0.291953	0.631086	0.548525	0.594474	0.658484	0.613825	0.592745	0.592272	0.681917	0.863522	1	0.291106	0.266666	0.304057	0.602386	0.276442	0.680149	0.114327	0.278169	0.174674	0.42216	0.0852965	-0.0942156	0.140167	0.338166	0.277828	0.0518235	0.342724	0.0964183	0.089009	0.0559454	0.0416262	-0.0538624	0.440159	0.324605	0.467729	0.177474	0.108504	0.131398	0.301023	-0.0156188	0.221134	0.00814062	0.174144	0.440508	0.346191	0.384907	0.68495	0.424743	0.161204	0.514566	0.694887	0.529136	0.587306	0.619404	0.674816	0.524004	0.713064	0.680915	0.799695	0.797806	0.882351	0.426867	0.616781	0.16837	0.383951	0.616282	0.128436	0.366439	0.37553	0.23394	0.302678	0.492056	0.337758	-0.134187	0.433685	-0.102049	0.0819309	-0.124515	-0.00843527	-0.0431213	-0.0606431	-0.0339493	-0.0456916	0.225753	0.10883	0.112657	0.374473	0.401126	0.0802652	0.158316	0.326325	0.110834	0.248862	0.401547	0.20508
0.256726	0.0431414	0.196766	0.057697	0.193082	0.0821455	0.176688	0.214691	0.333664	0.0318025	0.204817	-0.0720902	0.196494	0.116077	0.274486	0.239401	0.41123	0.631209	0.485942	0.108165	0.237685	0.457933	0.656474	0.604485	0.405654	0.457894	0.290122	0.430403	0.372056	0.322109	0.291106	1	0.660067	0.755029	0.65413	0.507534	0.363131	0.645246	0.646322	0.551037	0.363649	0.320244	0.308251	0.390934	0.456715	0.462278	0.240379	0.161877	0.36326	0.644224	0.594648	0.290702	0.0720962	0.144091	0.409341	0.659667	0.273385	0.234852	0.393189	0.12816	0.199188	0.178375	0.319572	0.320261	0.328879	0.121294	0.338638	0.62904	0.808297	0.183251	0.401564	0.453294	0.712525	0.388709	0.424585	0.390895	0.458541	0.367254	0.521424	0.357513	0.480013	0.297243	0.7323	0.539226	0.763488	0.745051	0.457418	0.711909	0.644714	0.651543	0.613928	0.475848	0.576894	0.506537	0.125935	0.271622	0.447201	0.31771	0.199691	0.592259	0.384153	0.39902	0.119986	0.32067	0.435101	0.216522	0.246024	0.242221	0.558286	0.27119	0.565422	0.145386	0.245556	0.325258	0.249274	0.0561318
0.134218	0.0191848	0.1849	0.0966116	0.204379	0.128756	0.191035	0.289686	0.27405	0.0606781	0.24733	-0.0114242	0.248096	0.192052	0.292657	0.34337	0.354587	0.46108	0.409288	0.0419974	0.0367422	0.378188	0.546501	0.396705	0.259979	0.546892	0.426455	0.660255	0.462527	0.2791	0.266666	0.660067	1	0.643995	0.698324	0.406188	0.253447	0.764386	0.722352	0.735454	0.486087	0.585261	0.336165	0.564865	0.510973	0.632138	0.218914	0.0671895	0.140239	0.631237	0.632813	0.289235	0.101676	0.0307756	0.357921	0.572526	0.200508	0.368735	0.445293	0.0450934	0.145925	0.121988	0.249416	0.154817	0.270655	-0.00986264	0.220134	0.500766	0.457727	0.0729013	0.253832	0.442372	0.566437	0.249016	0.549253	0.511491	0.592868	0.395116	0.506506	0.313541	0.419764	0.241864	0.577725	0.59793	0.6761	0.565425	0.387647	0.680244	0.684199	0.552586	0.784992	0.678793	0.62548	0.675277	0.145071	0.1827	0.475592	0.178763	0.180428	0.56225	0.397092	0.303522	0.147504	0.45322	0.314063	0.152063	0.0375359	0.113656	0.504075	0.372295	0.60679	0.0923512	0.170679	0.0818865	0.202459	-0.0403728
0.0726797	-0.106768	0.201628	0.156557	0.181295	0.13558	0.15181	0.188899	0.125808	-0.113404	0.244985	0.0117069	0.188794	0.190497	0.301986	0.207354	0.244469	0.578753	0.516746	0.186837	0.415711	0.538563	0.516754	0.734839	0.443413	0.418918	0.262976	0.395776	0.240594	0.285555	0.304057	0.755029	0.643995	1	0.693456	0.738116	0.534789	0.566354	0.804584	0.647488	0.390388	0.360309	0.493046	0.455349	0.612178	0.503836	0.271149	-0.0709996	0.159246	0.700554	0.498078	0.438209	0.219201	-0.0798908	0.22999	0.532612	0.228001	0.161308	0.238938	0.0202793	0.30954	0.00376275	0.259642	0.182653	0.292083	0.11014	0.131319	0.569497	0.594143	0.308668	0.528828	0.506667	0.82783	0.501303	0.359037	0.348987	0.357181	0.224485	0.540185	0.2518	0.477495	0.265314	0.647011	0.470283	0.87127	0.937031	0.651097	0.679822	0.770532	0.557466	0.704759	0.530556	0.662464	0.617372	0.158235	0.0619272	0.584234	0.3011	0.316631	0.611542	0.549805	0.437519	0.265564	0.428741	0.605352	0.168653	-0.00121766	-0.0108812	0.401342	0.2206	0.52303	0.0859042	0.125104	0.209573	0.202087	0.100678
0.378962	0.0784559	0.221243	-0.122549	0.225123	0.0956268	0.0600304	0.149502	0.415179	0.0815927	0.248811	-0.249148	0.243372	0.146156	0.18289	0.174872	0.364136	0.667984	0.659798	0.00737736	0.24243	0.626398	0.713287	0.694924	0.585542	0.618325	0.527388	0.641228	0.619463	0.681847	0.602386	0.65413	0.698324	0.693456	1	0.444017	0.630117	0.499668	0.613099	0.4716	0.483797	0.276549	0.101267	0.338518	0.467879	0.460141	0.175284	0.220095	0.126538	0.466191	0.380391	0.2315	0.0622968	0.289049	0.389034	0.619617	0.266918	0.248237	0.329915	0.249195	0.150125	0.222206	0.191899	0.220403	0.426111	0.270467	0.329347	0.722389	0.657779	0.12976	0.516242	0.682114	0.746355	0.564889	0.614479	0.673805	0.596633	0.612745	0.682428	0.666227	0.779575	0.601701	0.658383	0.828068	0.611153	0.701106	0.645636	0.474286	0.664096	0.602419	0.584207	0.482715	0.626015	0.538244	0.0365372	0.365305	0.26259	0.217141	0.0753395	0.314361	0.187882	0.205159	0.0837125	0.217037	0.387592	0.229763	0.135613	0.284332	0.561346	0.238548	0.491997	0.309448	0.216149	0.23139	0.360099	0.156
0.0146533	-0.187321	0.194756	0.209187	0.121379	0.112444	0.0362125	0.132646	0.015268	-0.159528	0.264974	0.112704	0.123609	0.137648	0.199122	0.171412	0.138757	0.419241	0.37708	0.16302	0.525564	0.484224	0.28733	0.542897	0.380579	0.317933	0.137152	0.252318	0.165415	0.214219	0.276442	0.507534	0.406188	0.738116	0.444017	1	0.568612	0.303704	0.626022	0.610198	0.310154	0.204415	0.566032	0.400433	0.640514	0.331378	0.239982	-0.150738	0.269589	0.665503	0.466486	0.587162	0.361487	-0.0141682	0.303692	0.411857	0.442518	0.0748349	0.28518	0.122314	0.484379	0.139882	0.380909	0.374702	0.306497	0.340917	0.0125464	0.392986	0.346996	0.315192	0.511418	0.365579	0.567803	0.422942	0.24816	0.203994	0.169532	0.171367	0.376099	0.155331	0.350027	0.21546	0.536384	0.206606	0.622775	0.690938	0.695375	0.40536	0.532986	0.470598	0.456459	0.335975	0.545778	0.443009	0.119988	0.0288401	0.580286	0.460888	0.398549	0.499362	0.582209	0.516438	0.3621	0.352284	0.770714	0.352335	0.0595183	-0.0174748	0.397958	0.165135	0.435289	0.177191	0.291803	0.396095	0.155282	0.354282
0.23921	-0.0410305	0.148622	-0.0930767	0.0979467	0.0784817	-0.0586612	0.00382825	0.188072	-0.0365592	0.160041	-0.224163	0.113785	0.100145	0.0865025	0.0233162	0.11066	0.589485	0.671148	0.117281	0.594087	0.67477	0.460274	0.737971	0.724365	0.45388	0.353649	0.39917	0.392015	0.655522	0.680149	0.363131	0.253447	0.534789	0.630117	0.568612	1	0.0904994	0.417941	0.311478	0.368273	0.0386019	0.169269	0.19433	0.45259	0.243376	0.070441	0.130601	0.079401	0.209126	0.0628156	0.179759	0.0726875	0.230927	0.239056	0.462157	0.151752	-0.00352007	0.0480842	0.109909	0.106903	0.0684323	0.0356305	0.0816497	0.257591	0.279283	0.155497	0.622045	0.469042	0.325174	0.692376	0.628258	0.647529	0.730208	0.417827	0.429932	0.314997	0.428071	0.553075	0.538352	0.734682	0.615054	0.408921	0.47741	0.350344	0.596294	0.840833	0.140416	0.438222	0.357444	0.314967	0.25296	0.49832	0.349371	-0.0693044	0.283364	0.12355	0.127603	0.0826494	0.13298	0.166553	0.105749	0.0959064	0.062287	0.399453	0.112016	-0.0014273	0.199817	0.373137	0.0207644	0.212521	0.165802	0.0697903	0.156918	0.156554	0.196919
