1.000000000000000000e+00 1.877561250245508018e-01 2.602693588447608231e-01 1.360115382638857617e-01 3.302924118233119266e-02 4.624559198296683549e-02 1.081770828539251050e-01 6.416483920763808857e-02 1.746185078377860966e-01 1.033454875597265010e-01 8.682509082564174308e-02 5.264130385453422156e-02 -1.304283326727604005e-03 -4.120671088837142733e-03 3.538682308843053848e-02 5.033883942206718309e-02 1.843826363897133336e-01 3.007917427112823949e-01 2.164928623865630120e-01 2.895452885496652695e-01 2.500872941737397603e-01 1.734556748188719466e-01 2.802473631717328217e-01 2.381977470560761589e-01 2.154778698766955380e-01 1.992568725863695656e-01 1.756055503051970057e-01 1.521962931120331430e-01 2.533434492728122711e-01 1.822070712499324341e-01 1.870966237667261167e-01 1.559707003823757598e-01 1.702389537875344527e-01 1.379782598532044435e-01 1.683375085914036451e-01 1.690894212565742794e-01 1.523214603679380608e-01 7.699581772065555718e-02 1.050411505112882754e-01 7.850018109809379918e-02 5.752504312348983434e-02 3.892508388312814621e-02 6.561570977513662972e-02 7.411388566941679024e-02 1.107300325111533063e-01 9.391809346994187124e-02 3.724457869263113341e-03 4.509123487704582572e-02 4.820932010190378397e-02 8.479382378733241188e-02 5.214804403793604076e-02 7.674798857005320218e-02 7.714674520095533838e-02 7.368165926597271265e-02 9.155038284146151117e-02 1.202578031516241541e-01 1.153412412172958451e-01 5.394046075431957465e-02 2.827292568600482323e-02 4.046531762605325849e-02 3.738517084130325158e-02 7.063764451155465918e-02 6.493779033908035625e-02 7.170338311295103295e-02 7.337246193865987198e-02 9.684874012469744942e-02 6.521552072515522658e-02 1.012974672352000283e-01 1.223270904839064560e-01 1.335638791152480576e-01 8.466103904463359586e-02 9.217619339638553899e-02 1.114033487225303959e-01 1.064752169718473224e-01 7.474161892030549426e-02 8.573790035250761221e-02 8.205748490172348752e-02 1.113553487607321507e-01 8.875952992640769035e-02 8.801695111382619452e-02 7.901505769984745742e-02 6.894612812390725487e-02 1.006139926025281656e-01 8.489242122511726774e-02 5.293803270477929340e-02 6.731448745663390354e-02 5.861400809577763105e-02 4.319666634177644210e-02 4.376526340811186244e-02 9.562429943041618474e-02 4.669145571762772090e-02 2.837066779029198335e-02 4.977412828472254497e-02 3.477001292194836779e-02 9.881289321427330630e-03 3.189168248324565635e-02 4.279249891771428477e-02 5.269909021856927084e-02 2.425295003638908153e-02 3.512198997995330529e-02 2.287317983602639090e-02 4.414379543504790698e-02 2.329190440890104019e-02 2.368432089720188399e-02 5.722981652323970436e-02 7.993546109788537968e-02 4.192853236557123747e-02 4.645653080933408868e-02 5.883223147829038518e-02 1.959875995440337956e-02 2.817296548706093792e-02 2.719358199433981674e-02 3.757415726661254840e-02 3.895124178854807162e-02 4.656918368039173611e-02 5.308986339814324162e-02
1.877561250245508018e-01 1.000000000000000000e+00 1.358740693196287541e-01 1.389381106404326272e-01 1.034141112192971668e-01 1.245569043169738183e-01 1.580419572557778818e-01 1.513618993581598016e-01 2.104083001606993630e-01 1.868159706933017472e-01 1.545087546405089496e-01 1.706786909750472037e-01 1.235106457083113424e-01 1.324174141627920687e-01 1.535405528342158599e-01 1.587942546324718762e-01 1.987739792986266407e-01 1.749506343508764883e-01 1.299107696632862130e-01 1.796379798102605008e-01 1.599143844671577774e-01 1.291648000246641559e-01 2.182360185371102768e-01 1.574004559616936638e-01 1.296098760290049501e-01 2.036566014278952397e-01 1.863944435384997378e-01 1.801814753977817041e-01 1.917648042369044792e-01 1.479192512340032073e-01 1.653346071955440755e-01 2.042502713923303181e-01 1.676717322253972464e-01 1.642745365534057644e-01 1.516015998542808163e-01 1.814845455547047237e-01 1.574410072185895848e-01 1.845736607229622461e-01 1.673730467091399665e-01 1.699607243734118922e-01 1.710952430891601594e-01 1.609092690714553353e-01 1.625984395755546985e-01 1.669796822907634593e-01 1.753896340518045494e-01 1.630687176278921569e-01 1.593616675029925212e-01 1.769508489198289292e-01 1.776536878892455984e-01 1.742405327113625557e-01 1.798246775022921962e-01 1.270638537882181895e-01 1.502408771197010495e-01 1.843873797103330325e-01 1.874004607853349547e-01 2.064266370363498915e-01 1.874495668658822944e-01 1.707207897587218470e-01 1.604285884323086719e-01 1.667551490197575204e-01 1.584266430926243308e-01 1.782571852742280694e-01 1.672669947989243455e-01 1.720273637328618432e-01 1.709102210879456241e-01 1.780393100184609056e-01 1.809511627509152454e-01 1.739661437914634956e-01 1.936935527200824569e-01 1.794427310704563017e-01 1.567269353336110949e-01 1.636222578992158339e-01 1.787253411114678725e-01 1.552993454444799304e-01 1.778278960332468073e-01 1.727968567098012997e-01 1.743245194358468697e-01 1.802073860435218500e-01 1.687868169950129393e-01 1.638770202523208985e-01 1.614851464173443774e-01 1.646100106157842857e-01 1.932219362815585373e-01 1.661937854671449166e-01 1.631586131316582200e-01 1.658907027256390776e-01 1.618777654740767014e-01 1.722043813673067580e-01 1.645472268172507302e-01 1.960596499836364248e-01 1.679263480368541617e-01 1.671894112105149766e-01 1.650115569294028639e-01 1.601676273001983453e-01 1.595299335899540150e-01 1.694551226673816358e-01 1.588981560386395486e-01 1.680054676270916203e-01 1.608694305048074535e-01 1.673818096287179591e-01 1.580339637992848878e-01 1.691473528363292844e-01 1.553608362743781890e-01 1.597622787008807221e-01 1.656572714791596512e-01 1.823857837022513362e-01 1.727494041206241726e-01 1.766894212513835105e-01 1.780887585436414788e-01 1.649292331272559919e-01 1.681566406438191608e-01 1.649230275034913318e-01 1.673291364444167151e-01 1.715628608996318250e-01 1.697741223120554643e-01 1.730285753771183543e-01
2.602693588447608231e-01 1.358740693196287541e-01 1.000000000000000000e+00 4.398531012354742198e-01 2.081750218781439066e-01 2.350721369744222800e-01 3.935283029541578603e-01 3.179842483935274577e-01 4.130036257737944583e-01 3.282641247928106965e-01 4.423493391872546088e-01 4.085225068196835507e-01 3.042532783367728477e-01 2.638620366497430036e-01 3.770339338558028053e-01 3.724884742729582254e-01 4.029906513219644326e-01 4.697923085737268911e-01 4.302037836904881729e-01 3.730685553721158065e-01 4.606812392737517081e-01 4.249340491966824285e-01 4.422526514786839780e-01 4.847713043602449035e-01 4.570717829950848854e-01 4.704740912251220153e-01 4.693203400242962897e-01 4.464592838254322071e-01 4.628911364554722518e-01 4.811188938988517627e-01 5.176962414628636378e-01 4.457024653206778098e-01 4.388653472516074183e-01 4.521103084209696643e-01 4.589121886049364329e-01 4.716221087435045201e-01 4.949849233863792830e-01 3.941502766170962291e-01 4.535215925092122013e-01 4.028296888911944706e-01 3.890695121325641326e-01 3.806993640581899929e-01 4.057547156430223456e-01 4.116398055656090293e-01 4.458735606971542809e-01 4.306429006729116105e-01 3.486396768016254422e-01 3.747025640672942970e-01 3.716085700627445587e-01 4.051443370295161328e-01 3.780550145093722336e-01 4.220258299548133585e-01 4.001613363703110937e-01 3.826238740279266914e-01 3.816947752616469680e-01 4.092080042889462699e-01 3.930994158602152955e-01 3.746983704208991517e-01 3.564727277581240528e-01 3.688814293782449183e-01 3.748459809708671875e-01 3.789945355325555765e-01 3.831159184451701227e-01 3.868911060911700561e-01 3.846992421755364711e-01 4.061423422550622386e-01 3.809597076555718553e-01 4.222932861139367389e-01 4.322910909615862440e-01 4.263354852609847478e-01 4.142063644699847114e-01 4.157393331926671487e-01 4.327701707564226563e-01 4.454658253299538240e-01 4.085557981135496397e-01 4.117746521266215654e-01 3.971610667291090024e-01 4.139485578563696366e-01 4.203664150357562801e-01 4.227275855613497613e-01 4.305318498225515489e-01 4.309332479717449815e-01 3.931596115895106824e-01 4.045268014498788478e-01 3.967026782813656283e-01 4.198825142118841613e-01 4.239920101804818819e-01 3.775091756207805682e-01 3.968462292870070240e-01 3.942346520278881550e-01 3.926238255062781679e-01 3.714125598050950217e-01 4.025925998362199221e-01 3.844992195751200659e-01 3.531465725876249406e-01 3.656403248092084945e-01 3.777333930644655724e-01 3.776222354289966998e-01 3.607220771812773008e-01 3.792860769424482026e-01 3.704827939475802689e-01 3.708815949205900298e-01 3.686685525497024329e-01 3.673340290030165933e-01 3.923385643984124704e-01 3.804613973288357709e-01 3.694279406769847007e-01 3.692663834975890569e-01 3.780696932319571046e-01 3.606988422644562542e-01 3.584075434824279260e-01 3.586582996161787884e-01 3.670510656090631985e-01 3.695189015507865937e-01 3.685352785822397226e-01 3.771599078941321181e-01
1.360115382638857617e-01 1.389381106404326272e-01 4.398531012354742198e-01 1.000000000000000000e+00 3.597354485910557731e-01 3.870586328142617827e-01 5.977404783466842009e-01 5.587502269482803596e-01 5.571280545629300196e-01 4.802342170539709021e-01 6.142646771138436934e-01 6.588408431585107694e-01 5.116385896292231505e-01 4.531225043983957979e-01 5.921268580204080978e-01 5.909257299611964109e-01 5.285821946705033803e-01 4.055786091187903453e-01 4.297864174979122986e-01 4.014802204088609994e-01 4.498884076793022713e-01 4.959224105271636263e-01 4.977437200320610211e-01 4.735784993620592020e-01 4.531018741402075833e-01 6.249766450937883633e-01 6.082741371810378439e-01 5.909975284104053150e-01 5.367256472186460181e-01 5.446306197338326438e-01 6.192055702410323992e-01 5.993024826663663207e-01 5.507889147995479462e-01 5.709757080465512891e-01 5.586371515236271401e-01 5.889176363988507523e-01 6.037724683661864766e-01 5.812651578851170120e-01 6.119592116684628991e-01 6.007994246154930718e-01 5.971546789615489459e-01 5.796432321659660269e-01 6.212855186878519786e-01 6.177294993571040838e-01 6.303705292305473717e-01 6.078688370871163649e-01 5.498370853921187296e-01 5.696607976661095529e-01 5.706837051065591915e-01 6.078159740272814915e-01 5.882935840229366331e-01 6.208766220224422039e-01 5.910136445611710032e-01 5.534945740198414788e-01 5.468414033156858700e-01 5.720032472155640590e-01 5.617128594384204199e-01 5.673626891124718963e-01 5.559596288336067227e-01 5.724361602097878254e-01 5.764968228360815017e-01 5.698582416076747315e-01 5.819829986372873076e-01 5.833936724256616468e-01 5.574898410161711615e-01 5.890196349304602785e-01 5.598853012633614457e-01 5.545332497749887457e-01 5.840566993937261753e-01 5.645049960616822515e-01 5.645014625291873145e-01 5.682045848640014940e-01 5.662338907183656067e-01 5.602897989430358772e-01 6.005409452500047873e-01 5.880595890415756255e-01 5.778680919119355552e-01 5.676682700947472959e-01 5.921083593898548436e-01 5.741825876185662203e-01 5.797790800517022003e-01 6.044665229082151203e-01 5.659885393745252014e-01 5.667160971529225932e-01 5.815531426895891309e-01 5.851169079979124943e-01 5.972749480453641846e-01 5.715276777474465053e-01 5.844518352121105265e-01 5.672490544832747839e-01 5.876829753240484511e-01 5.768835240652834262e-01 5.980558113061483771e-01 5.886887032436173284e-01 5.587193395574305832e-01 5.643516771255246978e-01 5.896870924219456134e-01 5.782380406636590253e-01 5.672511626517559025e-01 5.790101239777151187e-01 5.812872791920806748e-01 5.776441989421281509e-01 5.761330519849322540e-01 5.766676692660466230e-01 5.933359774011689458e-01 5.636185967106422945e-01 5.659479678801635494e-01 5.589469571331617814e-01 5.619017225801608006e-01 5.588686293887525913e-01 5.589195042939841818e-01 5.632595547826149129e-01 5.647943652244126200e-01 5.687407548252134681e-01 5.570643584958355765e-01 5.749202247350643225e-01
3.302924118233119266e-02 1.034141112192971668e-01 2.081750218781439066e-01 3.597354485910557731e-01 1.000000000000000000e+00 3.219386029214157952e-01 4.821828925799677146e-01 4.707988081901502420e-01 4.310937581095675153e-01 4.063772300242126101e-01 4.400294966656522200e-01 4.910820290449143810e-01 4.777308369194864790e-01 4.035405973834367277e-01 4.970344463709100435e-01 5.157282077234152107e-01 4.400932371750403416e-01 3.192282135855761815e-01 3.354322818880041135e-01 3.234214324856647949e-01 3.330980911398359057e-01 3.779464387817010884e-01 4.026683087793870297e-01 3.546846388490627056e-01 3.348256171111867463e-01 4.507782452564137454e-01 4.539988121172646163e-01 4.505067838486596643e-01 3.964906286921578427e-01 3.582299155000745472e-01 4.264394578979878725e-01 4.736105555009954005e-01 3.980885689750899292e-01 4.137167451883160818e-01 4.046237094663210354e-01 4.495202313823912221e-01 4.384589532085187424e-01 4.680503165268183885e-01 4.518167180571702191e-01 4.778202720252793800e-01 4.877213450437132836e-01 4.779775934042705954e-01 4.869635161647991595e-01 4.783630549947124888e-01 4.904416275688451288e-01 4.635902643414393509e-01 4.885998006259629767e-01 4.878363880019443988e-01 4.865020702362808924e-01 4.730456568747222201e-01 4.786572056933416364e-01 4.771548795037883206e-01 4.888493417282509523e-01 4.817626688370701959e-01 4.707519172288053277e-01 4.810058187183233191e-01 4.843213364040955815e-01 4.881255209146444507e-01 4.761098523371249391e-01 4.920626761314919606e-01 4.936489365872971935e-01 4.864591043261666803e-01 4.806232351465019592e-01 4.909435172394319147e-01 4.837614085066455072e-01 4.933496842312903308e-01 4.904842008055354530e-01 4.716562368031993469e-01 4.858366894583666662e-01 4.714989581304386279e-01 4.711006747052906563e-01 4.784040646579130196e-01 4.796545640504655816e-01 4.556521442567313396e-01 4.929337426484293183e-01 4.855399864993197312e-01 4.818129362498832502e-01 4.741027124063224019e-01 4.818450534057224233e-01 4.641894584186153638e-01 4.744643863294568109e-01 4.832554780126691041e-01 4.964014097727906250e-01 4.685040387315464461e-01 4.870224552105783533e-01 4.781541715613917276e-01 4.860805108781204309e-01 4.888166341594238906e-01 4.795228718455041284e-01 4.888897505737578864e-01 4.909198539821154061e-01 4.896204824390992250e-01 4.928362567829212004e-01 4.853470740354215995e-01 4.905366002360659339e-01 4.919632668007254961e-01 4.957067445895385061e-01 4.908936194153251109e-01 4.932421625644472507e-01 4.921772847488737335e-01 4.955808446552877333e-01 4.925237678718789036e-01 4.948611668528834495e-01 4.917147198108697270e-01 5.034222151164883252e-01 4.941271669161100277e-01 4.929497712707283652e-01 4.878432944237491298e-01 4.860948872186822145e-01 4.891347869081369426e-01 4.896507703795934807e-01 4.893436573585651095e-01 4.910202148629161933e-01 4.957656193989135041e-01 4.908228265229127030e-01 4.977852010587997533e-01
4.624559198296683549e-02 1.245569043169738183e-01 2.350721369744222800e-01 3.870586328142617827e-01 3.219386029214157952e-01 1.000000000000000000e+00 5.545917715383777979e-01 5.341910950783982370e-01 5.234956087972321148e-01 4.845130730093878402e-01 5.530507562045832159e-01 5.833301741476721869e-01 5.303556463887163508e-01 4.900659937605995609e-01 5.983204888364357377e-01 5.820388136427734338e-01 5.284515134585632268e-01 3.850545227206431664e-01 4.332943844265393363e-01 3.542446055621021328e-01 3.913959207395664719e-01 4.702008101579502886e-01 4.871854301591531100e-01 4.427278806225177221e-01 4.287816582064047921e-01 5.323700865841095586e-01 5.365522665019109017e-01 5.760691655922544063e-01 4.625632026529048479e-01 4.687227053720015579e-01 5.056267414538219152e-01 5.798162343131737506e-01 5.254157227806736108e-01 5.308583314268132680e-01 5.182653204940097513e-01 5.458338104740251273e-01 5.313435207369019420e-01 5.974887498117898987e-01 5.779627892122737309e-01 5.929790756487944847e-01 5.991525603482007467e-01 6.023931975773852976e-01 5.991285450363452725e-01 6.000004084923753478e-01 5.907423449963631334e-01 5.950820280778578164e-01 5.966438337977425510e-01 6.029176098310111698e-01 5.951771566265241509e-01 5.790507486785307911e-01 5.971330245654881130e-01 5.614137168390134214e-01 5.829633350552733129e-01 5.938650941667977801e-01 5.801863053413550686e-01 5.889673219388450454e-01 5.728583174251709043e-01 5.997413437992848984e-01 6.006820386124888111e-01 5.996977134748472382e-01 5.962600416408134762e-01 5.949400453032159808e-01 5.905451519939916016e-01 5.866636725914496919e-01 5.883835363957852227e-01 5.919976906432835584e-01 6.040842474846033205e-01 5.832352932414522906e-01 5.947803304748485731e-01 5.693300391171741692e-01 5.835395835319305835e-01 5.874545431896398551e-01 5.794783069138326193e-01 5.695386102960013908e-01 6.005993239796885153e-01 5.995086695683101707e-01 6.010593099312767640e-01 5.711178884385991195e-01 5.972115907856672123e-01 5.811518403843486391e-01 5.837016990688902451e-01 5.886162550471845112e-01 5.999454911247698030e-01 5.875260740230932033e-01 5.939853505226252439e-01 5.894605037146574134e-01 5.978650505330720399e-01 6.070251623942047869e-01 6.029209356924805085e-01 5.972531273241648009e-01 6.081606975794578984e-01 6.074926073956062877e-01 6.069849754972052036e-01 6.102014537169212494e-01 6.007822287800883565e-01 6.049257057982547758e-01 5.952755458068176297e-01 5.943265093658256504e-01 6.016270835327826028e-01 6.051950868526844163e-01 6.093454993011094833e-01 6.067331350316850225e-01 5.984697636546780775e-01 6.083113710676499863e-01 6.040524026860514262e-01 5.932419056686050185e-01 5.992005903426981250e-01 6.010180600056745925e-01 6.000391675924222623e-01 6.021524029202414141e-01 6.048206809768280623e-01 6.014788818879823751e-01 6.042476216622922891e-01 6.037317097557135526e-01 5.943162893645157485e-01 5.991568469709134259e-01
1.081770828539251050e-01 1.580419572557778818e-01 3.935283029541578603e-01 5.977404783466842009e-01 4.821828925799677146e-01 5.545917715383777979e-01 1.000000000000000000e+00 7.431413868816307833e-01 7.280761653867777738e-01 6.637553241720853814e-01 7.574790834856545141e-01 7.983431617056987450e-01 7.161206541861512287e-01 6.464528848463119148e-01 8.271821048297255397e-01 8.091251590445046604e-01 7.246927465728859596e-01 5.583021209406994201e-01 6.305480044966957909e-01 5.059731731991520265e-01 6.083221040083909292e-01 6.921250041998133762e-01 6.788992508141771243e-01 6.305180110655866921e-01 6.363960566050266277e-01 7.733117135872705772e-01 7.739936959275056649e-01 7.844001250310571605e-01 6.873723714726394096e-01 6.704093463497701189e-01 7.368636408249674696e-01 7.865556292124638027e-01 7.267997859450799902e-01 7.134961291373088654e-01 7.206967639796194591e-01 7.607288813830579421e-01 7.416088916841263590e-01 7.945878517331355084e-01 7.824472945146413450e-01 8.004407676442749642e-01 7.981932603320903707e-01 8.065923295055702491e-01 8.177551934087100571e-01 8.114995757038216961e-01 8.167859163826428626e-01 8.009404699073576772e-01 7.867650344332733914e-01 7.975752004446740040e-01 7.921950010841075640e-01 7.717779523125927188e-01 7.868722275373363217e-01 7.872920349528286232e-01 7.960893084835573008e-01 7.887029587585685508e-01 7.715501387230663255e-01 7.939237763692376104e-01 7.798842376878161176e-01 7.974747825288270864e-01 7.885682777106223229e-01 8.001525747628205343e-01 8.045461127695539005e-01 7.956819763592903882e-01 7.860184853941705185e-01 7.943225036463805733e-01 8.007982710420444850e-01 8.071548011068973016e-01 7.988199318910251812e-01 7.886480678758426288e-01 8.049905030473450962e-01 7.753463667066642362e-01 8.016612882761819936e-01 8.031161083110365251e-01 7.884993977306903323e-01 7.871606768769157103e-01 8.139802243395478643e-01 8.087596334048864355e-01 8.058254960843664882e-01 7.842788633814712362e-01 8.092268427626367888e-01 7.869852456785187966e-01 7.925432592012311428e-01 8.052553309020268335e-01 8.099661732303552464e-01 7.909873638082103309e-01 7.944161467529180509e-01 7.917090801102920627e-01 8.036445857878906640e-01 8.065567392572017269e-01 8.036722431012054413e-01 8.072561685930248476e-01 8.148026842378163215e-01 8.074095316106509879e-01 8.132469964005163421e-01 8.089069990579672575e-01 7.957618262873323856e-01 8.001422405265046223e-01 8.029738205188929889e-01 7.958355088588603410e-01 7.990248544138812692e-01 8.024722575315739181e-01 8.113804732987358603e-01 8.039433081511243584e-01 8.031416217608656760e-01 8.030545631668309925e-01 8.183810954404746596e-01 7.998573400743723694e-01 7.976861504183737628e-01 7.964424062542753147e-01 7.981171805520795859e-01 7.988437532986418788e-01 8.016949826501871268e-01 8.012277642694223267e-01 8.014276188218834029e-01 8.040186016417467663e-01 7.993393229582529402e-01 8.074382939463784492e-01
6.416483920763808857e-02 1.513618993581598016e-01 3.179842483935274577e-01 5.587502269482803596e-01 4.707988081901502420e-01 5.341910950783982370e-01 7.431413868816307833e-01 1.000000000000000000e+00 7.021273137669372666e-01 6.492312583558698114e-01 7.255868743429224610e-01 7.818208621740310171e-01 7.089317508252122035e-01 6.559780222603598387e-01 7.961003961019801345e-01 8.010546236360984729e-01 7.107948829165995352e-01 5.079329995634154216e-01 5.674677419455936844e-01 5.085433887195525138e-01 5.504706204454186125e-01 6.337327858652666013e-01 6.275570580753659922e-01 5.670620413753034716e-01 5.584429121138001495e-01 7.309051433614156545e-01 7.187516168635407210e-01 7.418200951223699047e-01 6.350915354750815700e-01 5.971887949304581777e-01 6.649990657799135230e-01 7.627477799865725050e-01 6.713037393135716790e-01 6.844579903495736639e-01 6.625906372935941313e-01 7.136622664170536590e-01 6.795828655369917648e-01 7.818050610729779804e-01 7.413024442548654669e-01 7.768308125827708688e-01 7.848311644216972027e-01 7.893607912884265110e-01 7.849300518938147064e-01 7.883548345138056135e-01 7.814048576359692300e-01 7.713612504122904223e-01 7.849843228813685458e-01 7.900042641739748461e-01 7.857223236518166010e-01 7.686151871357639331e-01 7.894270029416317058e-01 7.562958143045391823e-01 7.794465137021278078e-01 7.843305765052844825e-01 7.742452124890935039e-01 7.806704511183666373e-01 7.784809915980701600e-01 7.859497500268793901e-01 7.882881795639734568e-01 7.899050235362129468e-01 7.932288730574200697e-01 7.881751966892684980e-01 7.883542419202699270e-01 7.813973342307798386e-01 7.863262526423849819e-01 7.922905123837520325e-01 7.884962270031002918e-01 7.647560676573398331e-01 7.793890570487549407e-01 7.641635125466625933e-01 7.714869087790913182e-01 7.762865653839734481e-01 7.643934482202773273e-01 7.439380382096536515e-01 7.957915848192484987e-01 7.833408336771346958e-01 7.841117278499770693e-01 7.612764382369542338e-01 7.794231993794497049e-01 7.544435185558350243e-01 7.601431501703090898e-01 7.753449955184588127e-01 7.923977990175730124e-01 7.629983401123184850e-01 7.818721162682649162e-01 7.707222391129052719e-01 7.767186318533365608e-01 7.948186677896812435e-01 7.844241126281057408e-01 7.929433776792405020e-01 7.937343477769694955e-01 7.948077695384704322e-01 7.929348398814105581e-01 7.921559053822507801e-01 7.904354188440764206e-01 7.936860055467589437e-01 7.974421338521514580e-01 7.954874491325982788e-01 7.949152086847284249e-01 7.925746543397441668e-01 7.996334358257627395e-01 8.017084790197479549e-01 7.940943188607516579e-01 7.952847668648074242e-01 8.022653467153766371e-01 7.909699520447580623e-01 7.934967152542946600e-01 7.918402255002702228e-01 7.922831074912901617e-01 7.922802381394817850e-01 7.944963372364497456e-01 7.933957322377815924e-01 7.918617759108804721e-01 7.946853416456004515e-01 7.900278205135078391e-01 7.971209161956919198e-01
1.746185078377860966e-01 2.104083001606993630e-01 4.130036257737944583e-01 5.571280545629300196e-01 4.310937581095675153e-01 5.234956087972321148e-01 7.280761653867777738e-01 7.021273137669372666e-01 1.000000000000000000e+00 7.326668918275731635e-01 8.025279875178468192e-01 8.182275780017744804e-01 7.349625726604853693e-01 6.819660741159855322e-01 8.349429994545618516e-01 8.193290414372819130e-01 8.108206238575290659e-01 6.589562358029374955e-01 6.823264123340505583e-01 5.805720087686202513e-01 6.823623402307468222e-01 7.084295131671006773e-01 7.177040889344135088e-01 6.922819027781600409e-01 6.626170141116944912e-01 8.097138103180211433e-01 8.245845419637567453e-01 8.294565768476043210e-01 7.587637106767002315e-01 7.444247754981946352e-01 7.738535202705405514e-01 8.497853233205192591e-01 7.809491920540533316e-01 7.752046899950209013e-01 7.911303148367925253e-01 7.963775938027066736e-01 7.978201781425655614e-01 8.542264797757639361e-01 8.387289390564028890e-01 8.181155873268094458e-01 8.585614409187030116e-01 8.509139848910604043e-01 8.339995146106456980e-01 8.631662393097904173e-01 8.477619673587648563e-01 8.497731059884684468e-01 8.576797930852384511e-01 8.708111842178917206e-01 8.674334264797717298e-01 8.345190888529347983e-01 8.553829579726417442e-01 8.074268143629208527e-01 8.639286913568390291e-01 8.730213482298859740e-01 8.642888789964948693e-01 8.594246525937542236e-01 8.668378143542789793e-01 8.649052654852723565e-01 8.571564026941026482e-01 8.704557021981508269e-01 8.680380495427080234e-01 8.754203724772905426e-01 8.591321697161722337e-01 8.696172382709330684e-01 8.699055356230939173e-01 8.742770516362829980e-01 8.722122816685684565e-01 8.663370008835373781e-01 8.715089655891459230e-01 8.576014786867107720e-01 8.622426077513724030e-01 8.619837313616445229e-01 8.570363745664679733e-01 8.443784218809236020e-01 8.748579977491480753e-01 8.763637481998725054e-01 8.685714909545049212e-01 8.654963068341071653e-01 8.707542116021592671e-01 8.633507194277513230e-01 8.655177407760158426e-01 8.649634927976681542e-01 8.669062854164055754e-01 8.628844568226406997e-01 8.559668251296370656e-01 8.561686783415213275e-01 8.615534916710281266e-01 8.689535726740865718e-01 8.660963835189503524e-01 8.693022690112996997e-01 8.621094437029757085e-01 8.669502248994530591e-01 8.674721351944435499e-01 8.652436149384498121e-01 8.625495690085407396e-01 8.697165259368667689e-01 8.544951070916971814e-01 8.664499665942932971e-01 8.654092902883515626e-01 8.645204356356680497e-01 8.573767881950599135e-01 8.685865300357648033e-01 8.660366217857092819e-01 8.643463303842143786e-01 8.671787003411258743e-01 8.742373029639576298e-01 8.726412109234303882e-01 8.718205224922593866e-01 8.723211280814681112e-01 8.640623667468136926e-01 8.635019075652642373e-01 8.682844047333682092e-01 8.702041245140671455e-01 8.713929841581765645e-01 8.695005950390196636e-01 8.745616450995130631e-01
1.033454875597265010e-01 1.868159706933017472e-01 3.282641247928106965e-01 4.802342170539709021e-01 4.063772300242126101e-01 4.845130730093878402e-01 6.637553241720853814e-01 6.492312583558698114e-01 7.326668918275731635e-01 1.000000000000000000e+00 7.245437706876212136e-01 7.453346439727993600e-01 6.903006303789027687e-01 6.476474630027091450e-01 7.751245077959254548e-01 7.619171075416220074e-01 7.253855261221725526e-01 5.855853874788841118e-01 5.991798058557177287e-01 5.144530865097637351e-01 5.843541838917789555e-01 6.229869981120379485e-01 6.652282251954447778e-01 6.186330484096385085e-01 5.845494056464106691e-01 7.400623902784820851e-01 7.569791143569951641e-01 7.695888888362226732e-01 6.896324660999770817e-01 6.413724799778734997e-01 6.998828205637375177e-01 7.843457189374274385e-01 7.133945883026386880e-01 7.193032129197185487e-01 7.065039031437657657e-01 7.361685937948753145e-01 7.309586966347038084e-01 8.011369087139179612e-01 7.748104016443784214e-01 7.684537258264090287e-01 7.985944556394389826e-01 7.919992996243001571e-01 7.741200383972367538e-01 7.950157630152768773e-01 7.858914531407850124e-01 7.858081917778843017e-01 7.959542063481218621e-01 8.107314743376353716e-01 8.010093252476760961e-01 7.723693913444555914e-01 7.937139110820875532e-01 7.299908711179696752e-01 7.908275225702621203e-01 8.082248731515047080e-01 8.010596046967216610e-01 8.006552658914027898e-01 7.952666874896724414e-01 8.040741432689293422e-01 8.006674521988819127e-01 8.052262308638620247e-01 8.015062469376729171e-01 8.105500225200540365e-01 7.930716137652203956e-01 8.022926848724998283e-01 7.986793234757532112e-01 8.032050978707201416e-01 8.094616617926408964e-01 7.977307500141376240e-01 8.055492846732593692e-01 7.823072707798560677e-01 7.838456757081324611e-01 7.921930710859751423e-01 7.897288900176048232e-01 7.699555254694729900e-01 8.078925111161717743e-01 8.077974365394494649e-01 8.077235054933422642e-01 7.976104207500611665e-01 7.988658167727554771e-01 7.896043867739497291e-01 7.961830166178398560e-01 7.986330300638073698e-01 8.070776624064258664e-01 7.916798302125753750e-01 7.911879876434759762e-01 7.940238436723894289e-01 8.012150690502386485e-01 8.091852073153319447e-01 8.053369910159111633e-01 8.086082074526075303e-01 8.016619861131761837e-01 8.069822428986110907e-01 8.055973508929548110e-01 8.052109505696487535e-01 8.017714100108099817e-01 8.077381209481008240e-01 7.867264230503977496e-01 7.979644050056813320e-01 7.998899678944031422e-01 8.016456628037925691e-01 7.946897124646672417e-01 8.022179146587588017e-01 7.991168122316032463e-01 8.009184417829923186e-01 7.987077947442707826e-01 8.069275116683038984e-01 8.061442004733552213e-01 8.071654909107860432e-01 8.104323693400722339e-01 8.025680296290262916e-01 8.051439343009570981e-01 8.049794094256814692e-01 8.089195173631890112e-01 8.075485823407577701e-01 8.040185128626887723e-01 8.068002677256916888e-01
8.682509082564174308e-02 1.545087546405089496e-01 4.423493391872546088e-01 6.142646771138436934e-01 4.400294966656522200e-01 5.530507562045832159e-01 7.574790834856545141e-01 7.255868743429224610e-01 8.025279875178468192e-01 7.245437706876212136e-01 1.000000000000000000e+00 8.685115723117143860e-01 7.665678033195693075e-01 7.125377016914187234e-01 8.693961087031236712e-01 8.478841303356039472e-01 7.937543058839894305e-01 6.474787384258121614e-01 7.002934551387172135e-01 5.447207371797445630e-01 6.767950209336126566e-01 7.453423787309253479e-01 7.220775204811353820e-01 7.229577311647934490e-01 7.044823494701772937e-01 8.324404638261611034e-01 8.583948772871331512e-01 8.575814699406030250e-01 7.668351252063193568e-01 7.756544377562061277e-01 8.282315925385214106e-01 8.621794031254221835e-01 8.065922952496840104e-01 8.141729800544456053e-01 8.131855548701935055e-01 8.337098292841848002e-01 8.494482863289455343e-01 8.754946127099184627e-01 8.816556811611288014e-01 8.574765680614213625e-01 8.827700343257588456e-01 8.819026610904082686e-01 8.725469068210019996e-01 8.959341866773771201e-01 8.903351213226300409e-01 8.864533071117203233e-01 8.763643756799521789e-01 8.854664277038460929e-01 8.802674001893211475e-01 8.611840061230966459e-01 8.725649034940781146e-01 8.556183676508527514e-01 8.839193255419434125e-01 8.796977969314710988e-01 8.631590729058615796e-01 8.664274661545509071e-01 8.619759458070515024e-01 8.818056604558772715e-01 8.716636137865566569e-01 8.864682509161408985e-01 8.838900411617154340e-01 8.812791640959879436e-01 8.671663586781650501e-01 8.760256741159040406e-01 8.779987936861778364e-01 8.876949228215496035e-01 8.877422581619749398e-01 8.849450799608054030e-01 8.890240091790958532e-01 8.621751112962160457e-01 8.849414805258940531e-01 8.905111587305480914e-01 8.795623234759192277e-01 8.804047170952813417e-01 8.982456966582192948e-01 8.978348228701226175e-01 8.905256339342644267e-01 8.803969382616804173e-01 8.940120907152108165e-01 8.864143937416542052e-01 8.961966700119222695e-01 9.050494022549413486e-01 8.781760395905566785e-01 8.808603817911183631e-01 8.836706491245358563e-01 8.881536862924969133e-01 9.014478746210434768e-01 8.900644146957851222e-01 8.949512314301925064e-01 8.788987691884708742e-01 8.943963724166706930e-01 8.926265336229852743e-01 9.030063770296564707e-01 8.954829013867545706e-01 8.840373873108541281e-01 8.879854951578223243e-01 8.774805097377721408e-01 8.818605522957805309e-01 8.830028376837290027e-01 8.910352631488256403e-01 8.879980928444577426e-01 8.843413844352736586e-01 8.884132668256058407e-01 8.875547568675727916e-01 8.915399872405963544e-01 8.789622944636055202e-01 8.869343738251198594e-01 8.861198262011555915e-01 8.845989578884558835e-01 8.852516638140569549e-01 8.819465218796342931e-01 8.854455400859192471e-01 8.856949371691200668e-01 8.860336995016122597e-01 8.834988773952866525e-01 8.885754068525778537e-01
5.264130385453422156e-02 1.706786909750472037e-01 4.085225068196835507e-01 6.588408431585107694e-01 4.910820290449143810e-01 5.833301741476721869e-01 7.983431617056987450e-01 7.818208621740310171e-01 8.182275780017744804e-01 7.453346439727993600e-01 8.685115723117143860e-01 1.000000000000000000e+00 8.224033429600868805e-01 7.575867264516848998e-01 9.145924386561095076e-01 8.967844476107297291e-01 8.076795153315634579e-01 6.002793030754243198e-01 6.458305307011771301e-01 5.587902066305836524e-01 6.313536529179413215e-01 7.043583395615202747e-01 7.064147634801566378e-01 6.751164903051365407e-01 6.331296315771172134e-01 8.383391533818286279e-01 8.487949628797303303e-01 8.666130576829157439e-01 7.413486247516047900e-01 7.287528796568500944e-01 7.852330557805637934e-01 8.902652399753571144e-01 8.042367986129815849e-01 8.242609452539779724e-01 8.013780753747358210e-01 8.320572005801257776e-01 8.229131674529729379e-01 9.068701465572216458e-01 8.911829498711389963e-01 8.924319209607494141e-01 9.227749404927380050e-01 9.189414990918959303e-01 9.103886775208293036e-01 9.298298472489088251e-01 9.036016816361164272e-01 9.052186777674288143e-01 9.182671765724277346e-01 9.238968481807332545e-01 9.198175196082846172e-01 9.020742137066934951e-01 9.194545254007703283e-01 8.781981066605468733e-01 9.115957510226105898e-01 9.087949065224792955e-01 8.884775348528426431e-01 8.897740180447050173e-01 8.904239588738480649e-01 9.158332362704719731e-01 9.139597604353070226e-01 9.252293985659439945e-01 9.228136673197249173e-01 9.170715487324989645e-01 9.104187048572465191e-01 9.163027185035325095e-01 9.038818612759410565e-01 9.132475890922959749e-01 9.206388620440687509e-01 8.962876916834497942e-01 9.086526383290473019e-01 8.841361579109746627e-01 8.946268377329386068e-01 8.982727205045617502e-01 8.938024776807294014e-01 8.699618321066069360e-01 9.262903840950327261e-01 9.215413550465150205e-01 9.174392643262644365e-01 8.968303554959065060e-01 9.113776743404589098e-01 8.971819455982031899e-01 9.004806264284640482e-01 9.126577512485348764e-01 9.067941890709876329e-01 9.016903161420138924e-01 9.178430115890978680e-01 9.138172402943290917e-01 9.160893154978863029e-01 9.252921573605775718e-01 9.246925579866326350e-01 9.040645249716074972e-01 9.248142344655568836e-01 9.298853401401030450e-01 9.300394272301893972e-01 9.311637809606648775e-01 9.250803263471174542e-01 9.268123919339537053e-01 9.213063344808877231e-01 9.191477632219182681e-01 9.252949316293115345e-01 9.301900755072055604e-01 9.294441540225415466e-01 9.263559604941393744e-01 9.276574067541923929e-01 9.307352199707072948e-01 9.269177346743137091e-01 9.107559622562584334e-01 9.258003893655590844e-01 9.202960961260177042e-01 9.167544080100854531e-01 9.240087568279639063e-01 9.212279752455140303e-01 9.261079613208301753e-01 9.241151196515280386e-01 9.272940904214547198e-01 9.173687324541052179e-01 9.257262861908501783e-01
-1.304283326727604005e-03 1.235106457083113424e-01 3.042532783367728477e-01 5.116385896292231505e-01 4.777308369194864790e-01 5.303556463887163508e-01 7.161206541861512287e-01 7.089317508252122035e-01 7.349625726604853693e-01 6.903006303789027687e-01 7.665678033195693075e-01 8.224033429600868805e-01 1.000000000000000000e+00 7.147182584350579848e-01 8.417455422127115838e-01 8.346568149340654053e-01 7.346838006821747591e-01 5.216874920385836667e-01 5.792452129630454305e-01 4.886133498466804781e-01 5.466671336384932856e-01 6.219338297000019944e-01 6.161806643613226830e-01 5.830596503427050159e-01 5.510911949339307725e-01 7.400922463972213761e-01 7.522794200996225644e-01 7.721691387565234876e-01 6.493050082991569383e-01 6.350846313031874857e-01 6.814230119354504067e-01 7.964369308119235713e-01 7.106047238565790236e-01 7.208610328379905230e-01 7.063379776159166568e-01 7.378535235267534853e-01 7.228144312259676685e-01 8.278405252503909795e-01 7.902680624130241638e-01 8.043475703380544850e-01 8.484911365100379355e-01 8.418721984337694808e-01 8.198250854270896504e-01 8.400041611008204345e-01 8.135539256508996786e-01 8.146912253633521450e-01 8.622202392016137251e-01 8.616217885632010409e-01 8.522762927557210322e-01 8.150094532644939216e-01 8.437974207727826359e-01 7.878889254980706580e-01 8.422967021108959118e-01 8.467447485807740870e-01 8.280254993708504596e-01 8.193010010064617488e-01 8.261005489639546839e-01 8.510753018668466563e-01 8.538265203626606015e-01 8.610160704585386737e-01 8.616382164744866845e-01 8.529112972370734846e-01 8.424407947409046082e-01 8.492007013298175089e-01 8.424765736249790749e-01 8.451061629451928070e-01 8.544473700375740943e-01 8.276410386393636687e-01 8.279339144738219192e-01 8.119080575809353162e-01 8.239978519847976912e-01 8.268911658396500552e-01 8.197233259124762084e-01 7.909376453838279364e-01 8.538132182430467898e-01 8.479170973018114177e-01 8.443500063227932229e-01 8.251207672885578770e-01 8.350593485470692023e-01 8.228325736456648665e-01 8.257084455227580166e-01 8.363439413479950568e-01 8.393411395040387690e-01 8.275921243516412007e-01 8.404646633714865089e-01 8.346398179922998040e-01 8.391819786271950132e-01 8.574846792858439315e-01 8.491717197484377477e-01 8.393823705537142299e-01 8.502314949458819049e-01 8.637826683058289490e-01 8.537508054679107117e-01 8.585110912929934113e-01 8.677448122856259438e-01 8.648316895387629932e-01 8.519845931515216408e-01 8.552410576161326716e-01 8.657377730384671066e-01 8.594323164215329491e-01 8.635606034490286298e-01 8.622797838019945482e-01 8.618041649073114874e-01 8.660660165265213761e-01 8.567687153494881747e-01 8.516023994326987756e-01 8.627792886495528890e-01 8.599451782519805798e-01 8.564200746100560924e-01 8.653919504839168164e-01 8.621779674539195026e-01 8.669154410774765340e-01 8.642889383378408175e-01 8.659343972119109001e-01 8.556815418580485666e-01 8.634904109999969046e-01
