1.000000000000000000e+00 1.088630637325353895e-01 1.074230831702335520e-01 7.424119456275866946e-02 4.591845362695524957e-02 -1.890639747957128386e-02 5.745853808412908909e-02 4.827487702527490099e-02 8.520975415768855532e-02 4.304843717231263134e-02 7.362595261078172526e-03 2.614846016572557053e-02 2.036193992522213406e-02 2.223996018751143305e-02 2.516600241314198919e-02 1.997792924227640224e-02 1.114503617931105611e-01 3.626529234098806870e-02 2.627421095573394955e-02 7.281869196760319685e-02 3.561747591596298168e-02 5.581470861105573833e-02 1.765826529148493973e-02 2.268906101329153449e-02 4.908083597634909159e-03 2.176659342205667508e-02 2.453588062508917783e-02 4.622680711081838482e-04 -2.510696572839358001e-02 3.147394114413473720e-02 3.671122882657004011e-02 1.694088796153431567e-02 5.349698139395005041e-03 2.554674752230527007e-02 2.057506090975380619e-02 -6.975086232750938448e-03 -1.777397163688037738e-03 -1.787773322539560044e-03 1.069126436262568883e-02 -5.392324462391383244e-02 -5.530590408492573259e-03 -1.183771836583363823e-02 -1.741886788268220618e-02 8.295025596597945666e-03 3.517628737458311505e-03 1.046554352696916265e-03 7.717528935310031223e-03 1.502296116871641718e-02 2.530468657001980204e-02 2.882229872164536466e-02 1.997284888187478291e-02 -7.735271856086317448e-03 6.699840469112731609e-03 3.738119287761069304e-02 7.143570429939292629e-03 -1.520568337062499879e-02 6.081217314154840209e-02 6.985685333710540262e-04 2.340866110559004440e-02 3.423705651689868540e-02 1.958511820979801782e-02 1.795218019564004397e-02 2.240180240883490881e-02 4.807796627340182177e-02 6.313611464223076175e-02 5.340665569759399378e-02 2.740391223270692914e-02 1.342014855677946608e-02 1.728498493053223437e-02 2.127492135191276501e-02 1.352414835596160540e-02 2.157126996189185839e-02 1.376907635144989511e-02 4.898803082967809024e-03 1.432693107061861794e-02 1.763584682932019948e-02 1.157763971661185907e-02 3.678687236134241430e-03 8.684868194044842796e-03 2.190036035062276412e-02 1.754191319636567298e-02 1.636188096831045491e-02 2.854744628767037079e-02 2.098995563825575492e-02 7.247514187894988670e-03 1.360778858542704799e-02 7.356833847739604332e-03 -1.532436129469320982e-03 4.254725913931208491e-03 4.056828452681334428e-03 -3.637093774819302131e-03 -1.575584070883222785e-03 -5.670672224647112816e-05 1.088145524538650360e-03 3.479189759624229557e-03 5.429825054299382801e-03 -5.736705928527365223e-05 5.187392248374968901e-02 2.085198288956912824e-02 7.187311091689184937e-03 -9.924809670015707561e-03 1.824223192065990012e-02 7.822559377061262184e-03 3.203500693468859344e-03 1.013578439357735485e-02 4.048368790376201398e-02 3.082523902743489197e-02 1.363112057821034770e-02 5.541792384857938299e-03 1.217550998786726818e-02 -3.396011412101271939e-03 2.438778945413730068e-02 1.117225482756292743e-02 2.774939847547076843e-02 3.832462953752421853e-02 2.992163204461762566e-02
1.088630637325353895e-01 1.000000000000000000e+00 5.865764759341009910e-02 1.240894836047768957e-01 1.108527262454794549e-01 1.086306136007806344e-01 1.513743021527621802e-01 1.383206898927495376e-01 1.692060990065385184e-01 1.823027869259528366e-01 1.554861591398331022e-01 1.538432272991973049e-01 1.381244565013493297e-01 1.213682928189997179e-01 1.627057955571138137e-01 1.517937989361309858e-01 1.450639201560491587e-01 1.413989165090178968e-01 1.498075818487044353e-01 1.122987030751700088e-01 1.542558352508672792e-01 1.571563696703163759e-01 1.476593630513846345e-01 1.540703167923048178e-01 1.647508619362532956e-01 1.524182091380964499e-01 1.588223488761195124e-01 1.697155389417707161e-01 1.533874819737834627e-01 1.758297030593108656e-01 1.695522004404363958e-01 1.613795931342885404e-01 1.533793043025973857e-01 1.471701048837274206e-01 1.717844105853507108e-01 1.215662683938215638e-01 1.532550117751254326e-01 1.495529483773551660e-01 1.601894619699363587e-01 1.368672680819191523e-01 1.578374551214919430e-01 1.518883229458303508e-01 1.372863246222315869e-01 1.521580772981379059e-01 1.482688955743722559e-01 1.601822039142387633e-01 1.582842115980392372e-01 1.667021337501371492e-01 1.599343123403160760e-01 1.327323292510661223e-01 1.499814969996284830e-01 1.016958251779488537e-01 1.405082911209877272e-01 1.713338638901120148e-01 1.560475339146166485e-01 1.554345210997565840e-01 1.566186190715052051e-01 1.497936601831897641e-01 1.604665807040987491e-01 1.550959745163405235e-01 1.401183318510237641e-01 1.594316788292705067e-01 1.521448730081754741e-01 1.534893292017123767e-01 1.500864561007986819e-01 1.593428282807305696e-01 1.616455109143236646e-01 1.601022984253867576e-01 1.630085040745183622e-01 1.529349837389882838e-01 1.571914397313690093e-01 1.601480369998756759e-01 1.609838521450251969e-01 1.602908711610931403e-01 1.592239004240673939e-01 1.608523283449520558e-01 1.614394783054433069e-01 1.661918590098550863e-01 1.630487053585767954e-01 1.664124163295248593e-01 1.568546501027122120e-01 1.603788116847647272e-01 1.631591891120226789e-01 1.564039236301058844e-01 1.447291448484473442e-01 1.525737512727725620e-01 1.547584002336781228e-01 1.524143381601281988e-01 1.518895501336088305e-01 1.576065353401475966e-01 1.542819775375740554e-01 1.533166848385021930e-01 1.507665272938785717e-01 1.560487568760383081e-01 1.539939908846024719e-01 1.591915799697493361e-01 1.398560425688761821e-01 1.488320580104011415e-01 1.504176895294222494e-01 1.492824449053080094e-01 1.430052650425979177e-01 1.545766811568315968e-01 1.453312553513562699e-01 1.518328164710793515e-01 1.451091374675004819e-01 1.591960320716563626e-01 1.606184604039824215e-01 1.637848620146081235e-01 1.605556361885769612e-01 1.571609418457712848e-01 1.549004711673985790e-01 1.607996387754333789e-01 1.568547708862577106e-01 1.559638373546878010e-01 1.537529929530515593e-01 1.611968275053014821e-01
1.074230831702335520e-01 5.865764759341009910e-02 1.000000000000000000e+00 3.149278712588518547e-01 1.939290320845492022e-01 2.115289019246074098e-01 3.495620480325672408e-01 3.373498559965514842e-01 3.330113036285726746e-01 2.956633491031533389e-01 3.635016653865474900e-01 3.696275290456925156e-01 3.328337859859084591e-01 2.993873780650223582e-01 3.690207931496756744e-01 3.736148289734130268e-01 3.701543945790422563e-01 3.852617723772108205e-01 3.770766646182095450e-01 3.703499735791931924e-01 3.927169663627241292e-01 3.945982809494414933e-01 4.015901720992763324e-01 4.041585963344588306e-01 3.680309747042367907e-01 3.739602488487748233e-01 3.560460289818249691e-01 3.554142317132283901e-01 3.333674373262440205e-01 3.791969736180482720e-01 3.815756503353528450e-01 3.927043240649939482e-01 3.694279316313476835e-01 4.019121521846583112e-01 3.759768306363704959e-01 3.747163926032314740e-01 3.686378340663982178e-01 3.856212234995536892e-01 3.861450956119660272e-01 3.701142900304253414e-01 3.568176133930862637e-01 3.664630688374458378e-01 3.781032383696171228e-01 3.732973051414393839e-01 3.766113749632778451e-01 3.703645606365764675e-01 3.652122253389503692e-01 3.659922219429110335e-01 3.762782034355395822e-01 3.852121172645162073e-01 3.825829974606206885e-01 3.662334384328068126e-01 3.699483779280288709e-01 3.710412905732995426e-01 3.691818831449561467e-01 3.722339459074963663e-01 4.007865569279141504e-01 3.725308067168895954e-01 3.816896315038663112e-01 3.698978385253986478e-01 3.807601630839779205e-01 3.792428276494909656e-01 3.797149982944304503e-01 3.821096812487854155e-01 3.691384328536486126e-01 3.755978798096059057e-01 3.716929253396353272e-01 3.800935830864345943e-01 3.885330176353182230e-01 3.834559457941309479e-01 3.766183150025247950e-01 3.783984499649054034e-01 3.876622483284862253e-01 3.802603906008719115e-01 3.755843421493794132e-01 3.712523340352632539e-01 3.674929201942527257e-01 3.655261452405470513e-01 3.700344428191113533e-01 3.741767439023850339e-01 3.763289877132274808e-01 3.790319356625511116e-01 3.917518203613071792e-01 3.768172024484585103e-01 3.792688718682122317e-01 3.852482581138177986e-01 3.799300347082136264e-01 3.728570270361244443e-01 3.764908539370943052e-01 3.824944474428364494e-01 3.748474050777752531e-01 3.683195624931863144e-01 3.725022006839772137e-01 3.699522812813604844e-01 3.613129184578405817e-01 3.627842229256334483e-01 3.745185833544681930e-01 3.739982072231000654e-01 3.692114391938914331e-01 3.698405685418891253e-01 3.690396328983706065e-01 3.712334569241376725e-01 3.622070069693492100e-01 3.647697472446702061e-01 3.729433943593773448e-01 3.806290297093982145e-01 3.719610249943635094e-01 3.666612311532065349e-01 3.655077345025667945e-01 3.615664883636819926e-01 3.617685982419421298e-01 3.672401568228536028e-01 3.684101018273862049e-01 3.715665353747433786e-01 3.693080834391326284e-01 3.720377395138767529e-01
7.424119456275866946e-02 1.240894836047768957e-01 3.149278712588518547e-01 1.000000000000000000e+00 3.124035284970445581e-01 3.903549836661364680e-01 5.610066233918865608e-01 5.431492835584005308e-01 5.655674709151068402e-01 4.927085464989697239e-01 5.868530353204298722e-01 6.241596538664051508e-01 5.431705183090631550e-01 4.940148690421715116e-01 6.215339883926589426e-01 5.994788248162152833e-01 5.802342577705436044e-01 6.026225998861580724e-01 6.057617899327677469e-01 5.637521832951121192e-01 5.907147763010417441e-01 6.288648756947540219e-01 6.134612474157076223e-01 5.924787199936751847e-01 5.911602576793718589e-01 6.266323780981034597e-01 6.051929616264097866e-01 6.148376491867980631e-01 5.772626309174503367e-01 6.199569371945066187e-01 6.176937416525527524e-01 6.306455366380597782e-01 6.029296924348135356e-01 6.289930798163702041e-01 6.068992714788711273e-01 6.183502547004446903e-01 6.076631065691644462e-01 6.253797459852353802e-01 6.324251680997334812e-01 6.177532747454657081e-01 6.083274368430890977e-01 6.209273984752029518e-01 6.210985579386210098e-01 6.225795300890362149e-01 6.254933060692351443e-01 6.153579619882214580e-01 6.084084912059380956e-01 6.103937633382661154e-01 6.105246227429637074e-01 6.305861800666425765e-01 6.298995603567909551e-01 6.182238541623860106e-01 6.126364243968975831e-01 5.941578526014422712e-01 6.089976683262221524e-01 6.218955581112068920e-01 6.176032654095851004e-01 6.055938904272559764e-01 6.046814942740551535e-01 6.058040647976435933e-01 6.218598459795484645e-01 6.068353101761811974e-01 6.127965396499437389e-01 6.193218374600703013e-01 6.157390893632295192e-01 6.162249052068271560e-01 6.219107347933141572e-01 6.240012548408327975e-01 6.299131271071782834e-01 6.303593777426064193e-01 6.238837088351633087e-01 6.248544232080774918e-01 6.241716415590102818e-01 6.244080305115925489e-01 6.255771468366302379e-01 6.183791314933121397e-01 6.226177953430320766e-01 6.158230038050551691e-01 6.175829089709016229e-01 6.167965215306773219e-01 6.208317001093407450e-01 6.238551648551772244e-01 6.419108185781449150e-01 6.239560631126142010e-01 6.298921442634254353e-01 6.304120438200708776e-01 6.238865014493051309e-01 6.264498122998362062e-01 6.306347929402087438e-01 6.278863781407564293e-01 6.290340343529051692e-01 6.196595926431017753e-01 6.253863800958372465e-01 6.196156538085237919e-01 6.097374952596209541e-01 6.117470313038381180e-01 6.266317512045053162e-01 6.259568605616538939e-01 6.207987756394152123e-01 6.251902115179390762e-01 6.259509848359803286e-01 6.233289908542174462e-01 6.177733388923043467e-01 6.177491389334661687e-01 6.318431144007896627e-01 6.255619353691260764e-01 6.189192992425271989e-01 6.151318029457044645e-01 6.144622641150414566e-01 6.112775077491652276e-01 6.090814013675119876e-01 6.146706858546678864e-01 6.130474081153071131e-01 6.269725833180113117e-01 6.190608441527306605e-01 6.237958193055069822e-01
4.591845362695524957e-02 1.108527262454794549e-01 1.939290320845492022e-01 3.124035284970445581e-01 1.000000000000000000e+00 2.574817267535195464e-01 4.354589879003140651e-01 4.368397834561399962e-01 4.512545691011470295e-01 3.956391838444731079e-01 4.245880373163197774e-01 4.506417545830329052e-01 4.381797080935966315e-01 3.851965232234875747e-01 4.735776591892764120e-01 4.667730803689331687e-01 4.398494848556656622e-01 4.497195782632246730e-01 4.395139381802682932e-01 4.001867768992339869e-01 4.513211194844887197e-01 4.588680961352848975e-01 4.306137626911138439e-01 4.581747926225080425e-01 4.567790450937649349e-01 4.671487993567534081e-01 4.511682539468790942e-01 4.437380364382639275e-01 4.240763366108362686e-01 4.608882377318932466e-01 4.649997909086699410e-01 4.660947725698867394e-01 4.335304878369974357e-01 4.693920749124954050e-01 4.548543280080203921e-01 4.547948083850726908e-01 4.517906079879032699e-01 4.531158253340836217e-01 4.730830569759556514e-01 4.325235374954504164e-01 4.649434126600949790e-01 4.580636895590434188e-01 4.613242589086884449e-01 4.648218287086972045e-01 4.681944746158815951e-01 4.621237291265634095e-01 4.635682936669286991e-01 4.645777939413772706e-01 4.570903114507569587e-01 4.636651488747141614e-01 4.670591285332120202e-01 4.621845057686342351e-01 4.650277034472223292e-01 4.567553264586543538e-01 4.542069103858962231e-01 4.636801579457108802e-01 4.583772057612464645e-01 4.481748242677980332e-01 4.511330801020688175e-01 4.664188451731083318e-01 4.688170124643533665e-01 4.560751214753184790e-01 4.636695934785117212e-01 4.680548691590089017e-01 4.677432190194945605e-01 4.702782871714051294e-01 4.705375697177128225e-01 4.685297110621689520e-01 4.711562112391840529e-01 4.719812294362154548e-01 4.670518145885066974e-01 4.708417693134254733e-01 4.770419939636073026e-01 4.729952260804318187e-01 4.674516913207294455e-01 4.635088632147086884e-01 4.642322808017645408e-01 4.577358393681780768e-01 4.658226907688250429e-01 4.678108758648841237e-01 4.684357323824198671e-01 4.676468533499441027e-01 4.829418403731433052e-01 4.665151892213436069e-01 4.646007463814998406e-01 4.726617601279112235e-01 4.690152072232308123e-01 4.659022998519737335e-01 4.697857658891487764e-01 4.701287455894489486e-01 4.632888964995675596e-01 4.640386714985877403e-01 4.657214469323001649e-01 4.659104057411545541e-01 4.623581043582806194e-01 4.646830576498132137e-01 4.509613088785440760e-01 4.616041525692577419e-01 4.592699419233540747e-01 4.645822382359982017e-01 4.665224015721821660e-01 4.612539779874879065e-01 4.645165966847294436e-01 4.647296780066764721e-01 4.729390771636164392e-01 4.571938310336000622e-01 4.627649013574875458e-01 4.670905253698791615e-01 4.644569940854042511e-01 4.614876037087436988e-01 4.554558890048198139e-01 4.661113071317537493e-01 4.556434500502533069e-01 4.687012523543931386e-01 4.709231426902522055e-01 4.691348522918436514e-01
-1.890639747957128386e-02 1.086306136007806344e-01 2.115289019246074098e-01 3.903549836661364680e-01 2.574817267535195464e-01 1.000000000000000000e+00 4.944194899066600146e-01 4.874258518522961992e-01 5.272782250154267603e-01 4.727161396893538869e-01 5.619582477304644330e-01 5.791068520361702943e-01 5.112884149778544884e-01 4.902531708937588606e-01 5.899457987776483003e-01 5.668835460509453750e-01 5.130790325856936507e-01 5.263092643347729860e-01 5.634074738044222430e-01 4.661272352685111309e-01 5.186367152126606372e-01 5.627336707022005946e-01 5.083910219517946416e-01 5.126048955580694289e-01 5.584290295707589058e-01 5.870499666204369582e-01 5.822762692064897827e-01 5.912819239118420889e-01 5.678325830164455690e-01 5.904172153294635628e-01 5.959088914019956551e-01 5.783698519037022701e-01 5.817714627671616290e-01 5.638880896945457355e-01 5.780817654430691066e-01 5.616747172078193628e-01 5.884730551598864601e-01 5.941779421219979263e-01 5.933399519702218239e-01 5.797434246403759817e-01 5.972666954145586793e-01 6.096212338790263363e-01 5.929439137536599569e-01 6.101816046988427500e-01 5.977545391534935249e-01 6.039591761649718560e-01 6.013327108160778645e-01 6.041962658647217488e-01 5.924134472525897088e-01 5.799362563861955033e-01 5.963805401041334386e-01 5.621254493063694291e-01 5.978776493125319558e-01 5.925352038728289861e-01 6.007760812950874163e-01 5.998810840099727537e-01 5.807256061953668391e-01 6.035130535864858814e-01 5.936408977916447505e-01 6.000781988081307361e-01 6.000410494269352579e-01 6.003260269360094492e-01 5.987261624912391111e-01 5.943037557502834911e-01 5.813048268008419450e-01 5.918198124080422673e-01 6.034615032383723321e-01 6.030241894255008450e-01 5.966517871412524432e-01 6.002512139899629506e-01 6.031225758401740356e-01 6.066484367245409404e-01 5.898470410684732990e-01 6.062688530788268304e-01 6.073929977008487580e-01 6.055466955613365565e-01 6.086963204814143102e-01 6.069514133394745548e-01 6.071445489007573082e-01 6.057741063215361654e-01 6.067021164838106717e-01 6.072828911911287708e-01 5.937435895371299122e-01 6.060763474597087308e-01 5.993101790274411034e-01 5.970976584991338765e-01 6.055721340111858142e-01 6.030339799582394855e-01 6.067347101470250692e-01 6.039197614345434006e-01 6.050230321588319082e-01 6.080039567885078267e-01 6.086821765599860212e-01 6.096913280025585413e-01 6.059551135561606072e-01 6.064407282627540807e-01 5.978448440867903946e-01 5.879415217032064600e-01 5.986633446719235030e-01 6.014874304797042104e-01 6.057518789812963433e-01 6.028150843426681726e-01 6.063187805379838258e-01 6.098764524652448005e-01 6.020654057766917644e-01 5.954505567352690321e-01 5.994816690584742203e-01 6.060529518300623586e-01 6.067518327135054124e-01 6.070469984486832615e-01 6.039477686744152418e-01 6.044734711036724439e-01 6.042063523863112628e-01 6.004425681441847296e-01 5.980760092286707685e-01 6.009966526628348626e-01
5.745853808412908909e-02 1.513743021527621802e-01 3.495620480325672408e-01 5.610066233918865608e-01 4.354589879003140651e-01 4.944194899066600146e-01 1.000000000000000000e+00 7.105466798103031723e-01 7.127770178833181536e-01 6.406690509007532119e-01 7.305174963040699243e-01 7.593907402682680274e-01 6.878217226050513666e-01 6.246093482509654793e-01 8.311597978897268257e-01 7.782163163980366782e-01 7.225440175730388770e-01 7.578645458738516583e-01 7.653991845950725015e-01 7.201610650033120065e-01 7.592568403304280622e-01 7.782317967228890021e-01 7.591898870208059202e-01 7.589021201047232434e-01 7.586985082413191250e-01 7.992393156172428181e-01 7.739762534648282344e-01 7.945823566214648137e-01 7.398822307316313962e-01 7.992897383243494636e-01 7.957951165300203300e-01 7.895255682265917008e-01 7.621857873621720181e-01 7.808591039398623534e-01 7.831890183546625916e-01 7.587247213491948861e-01 7.746838177973397466e-01 7.844797302531137939e-01 7.925028051935327777e-01 7.802560964941023247e-01 7.707150027296427730e-01 7.812361826552447486e-01 7.783691922911681882e-01 7.812882159154677097e-01 7.871561129195709938e-01 7.872932195216728601e-01 7.703121351683428486e-01 7.713541759860973457e-01 7.740538085248781508e-01 7.713260141061736297e-01 7.832074409794814729e-01 7.487576321441729021e-01 7.615724342773692035e-01 7.625796055261059303e-01 7.779133097257081575e-01 7.867131822036256272e-01 7.705329811771813864e-01 7.624004268966793063e-01 7.671267014735130285e-01 7.650446407877232735e-01 7.764309934710053041e-01 7.701727915185704321e-01 7.711478561394494724e-01 7.674784565881944687e-01 7.629115886397388469e-01 7.722260573675743256e-01 7.780030038727466790e-01 7.913236337213371829e-01 7.922839385983724281e-01 7.979174812888444324e-01 7.850560683702857423e-01 7.857132994173809948e-01 7.894686528214480692e-01 7.914636815362863231e-01 7.907670978688058350e-01 7.853566854828557542e-01 7.946283317630902232e-01 7.822018945447429816e-01 7.931243074764650069e-01 7.881096770226191373e-01 7.874136365495179035e-01 7.887899837276428627e-01 8.015958290178765155e-01 7.823484911279441345e-01 7.809385079010099373e-01 7.866471257562419606e-01 7.876453851438560694e-01 7.855912931277013733e-01 7.880465966692701274e-01 7.946326483182029055e-01 7.927393417441364054e-01 7.795019475959201749e-01 7.875293014889174215e-01 7.864871612485606622e-01 7.688417661551170124e-01 7.715560973584935089e-01 7.775617722980776580e-01 7.773903246446259852e-01 7.772560536248851459e-01 7.836303509866594519e-01 7.843480117549999076e-01 7.801330215539311608e-01 7.710780917510264842e-01 7.745031299144046200e-01 7.804693801184328095e-01 7.765095364561731550e-01 7.780209961339862312e-01 7.770582857122242393e-01 7.794801306992267254e-01 7.692764483878357096e-01 7.739730390777114222e-01 7.716402203638565993e-01 7.708391395650032729e-01 7.772520587231045441e-01 7.692680890161385232e-01 7.734735737198362715e-01
4.827487702527490099e-02 1.383206898927495376e-01 3.373498559965514842e-01 5.431492835584005308e-01 4.368397834561399962e-01 4.874258518522961992e-01 7.105466798103031723e-01 1.000000000000000000e+00 7.136138073735774912e-01 6.430472308679128224e-01 7.234916927260780506e-01 7.563036734704081665e-01 6.958916118757029201e-01 6.190260825870235184e-01 7.774718607228910949e-01 7.816413762015301803e-01 7.059314699693721717e-01 7.350821029605397738e-01 7.279654386420398859e-01 6.910827326180861707e-01 7.265517126263354442e-01 7.533339559046865475e-01 7.218641873119466812e-01 7.232177392064360610e-01 7.153266307270992330e-01 7.752269103693893992e-01 7.541359104962800375e-01 7.531779927920675410e-01 7.109764108339383659e-01 7.721646607390332262e-01 7.705173236804587766e-01 7.742524308958143031e-01 7.369895523302905094e-01 7.601157657849721971e-01 7.561036245382419807e-01 7.353266469311895426e-01 7.477210534992760893e-01 7.727977847667467648e-01 7.759168274387138187e-01 7.445186922689963627e-01 7.596371158152983583e-01 7.659475062039041715e-01 7.579593673246839414e-01 7.710287443106583760e-01 7.678973615647561868e-01 7.702643715157404536e-01 7.698462084742963007e-01 7.690729100184007239e-01 7.692194945141375140e-01 7.677763794381706752e-01 7.739481627253746998e-01 7.363558635165705635e-01 7.611438349113527346e-01 7.617169843999982426e-01 7.713804978133924628e-01 7.724821210626897638e-01 7.692073763635984829e-01 7.643364112755769435e-01 7.674009936243946228e-01 7.667010420648663338e-01 7.766371312245592406e-01 7.681087364035718013e-01 7.714203220279820528e-01 7.702037785726395525e-01 7.645827434384887544e-01 7.729611588790894494e-01 7.739657596458093813e-01 7.788287297539607801e-01 7.810680141439189095e-01 7.852921075638727988e-01 7.775324720157709146e-01 7.769616096741313038e-01 7.774082588142765537e-01 7.763511190033904885e-01 7.780638443577666541e-01 7.730431651658383752e-01 7.748195303678284684e-01 7.669140383359017710e-01 7.770785508112100226e-01 7.778126979882794556e-01 7.743507595055234560e-01 7.772575364329248337e-01 7.855080476700543324e-01 7.754264255870835232e-01 7.758187643708871484e-01 7.768926920058564223e-01 7.717027725831843155e-01 7.769448908698111111e-01 7.764055343122117092e-01 7.784059925354359644e-01 7.736623315481212515e-01 7.727340415530593587e-01 7.745539274485573333e-01 7.743833157786588206e-01 7.681430546465630727e-01 7.699042384596932465e-01 7.702549121821775646e-01 7.721636906641236031e-01 7.722415959088920756e-01 7.719367507684720131e-01 7.717610801280029298e-01 7.770468981018201493e-01 7.692455522096685039e-01 7.706860353577096312e-01 7.758789462144863869e-01 7.739209113267715434e-01 7.742021023958857162e-01 7.728680222463636396e-01 7.732109380217142558e-01 7.711301578832873149e-01 7.704589976056640532e-01 7.708698432063126882e-01 7.691879147369338199e-01 7.751376706804028460e-01 7.695382140422263317e-01 7.728592421625419817e-01
8.520975415768855532e-02 1.692060990065385184e-01 3.330113036285726746e-01 5.655674709151068402e-01 4.512545691011470295e-01 5.272782250154267603e-01 7.127770178833181536e-01 7.136138073735774912e-01 1.000000000000000000e+00 7.416321502917014863e-01 8.092279841609607560e-01 8.417328399662749039e-01 7.510488941034199062e-01 6.887657674100221561e-01 8.506601729259474221e-01 8.290875400316523036e-01 8.047407644659012593e-01 7.844498286655771091e-01 8.134298270202496850e-01 7.051047732489034159e-01 7.612716224025605216e-01 8.212685598946769527e-01 7.539923074100410849e-01 7.565822694265292858e-01 7.824931792926328455e-01 8.586433536543228717e-01 8.402635193622021159e-01 8.347781003691897572e-01 8.012567349727522936e-01 8.694639126623413539e-01 8.674843445326091418e-01 8.518073372030552370e-01 8.299295434987820075e-01 8.397987208047961172e-01 8.494680508176675193e-01 8.112848044194556074e-01 8.471527286544817681e-01 8.516089716223482764e-01 8.619186755836741876e-01 8.132284417625277317e-01 8.664371324782460526e-01 8.613679699753392649e-01 8.449178886471638839e-01 8.692116311801161288e-01 8.603754420331566344e-01 8.633621464208556251e-01 8.773278698945883303e-01 8.839293121669185016e-01 8.759709840882000664e-01 8.595007717926869129e-01 8.710457872898558218e-01 8.157475711216713998e-01 8.635333199668654425e-01 8.743290770645373300e-01 8.630195481069321550e-01 8.629261522162161580e-01 8.724591582146560276e-01 8.651461958327484325e-01 8.749991002569923459e-01 8.857212337962192539e-01 8.760083071304297642e-01 8.753700510923565492e-01 8.704026976953613826e-01 8.805453703910375296e-01 8.766874700396234399e-01 8.851758317150343336e-01 8.860637737766294819e-01 8.811303347806350716e-01 8.729902100289527178e-01 8.724330325998048696e-01 8.788807572275830760e-01 8.821083968884143589e-01 8.663398693988019206e-01 8.705099687543416120e-01 8.834352081903833476e-01 8.815156542586493060e-01 8.794128849344567955e-01 8.724099401734610737e-01 8.775639097959228030e-01 8.835394839760177810e-01 8.785713792114300258e-01 8.823357427920202056e-01 8.766683112845616854e-01 8.808817029199904614e-01 8.693217296745890943e-01 8.727860128082013391e-01 8.740665970397147877e-01 8.741160889871745221e-01 8.778757639033992755e-01 8.706595523463181996e-01 8.699538465724682146e-01 8.768220730307192401e-01 8.760287880342892963e-01 8.793849102644123450e-01 8.793780480620294604e-01 8.814992668567818157e-01 8.603468389083864798e-01 8.753906752143394421e-01 8.772731572751473195e-01 8.769138517800787458e-01 8.689123165967140849e-01 8.781764347846916507e-01 8.763838316442638110e-01 8.783881965202943176e-01 8.737619390681036213e-01 8.736342567591821595e-01 8.815224468914534262e-01 8.820829113973397417e-01 8.781399476712945518e-01 8.817673452812528900e-01 8.709130253965955415e-01 8.859211701762569335e-01 8.778227969717840029e-01 8.817669870759277106e-01 8.842248967584165342e-01 8.832219637930862621e-01
4.304843717231263134e-02 1.823027869259528366e-01 2.956633491031533389e-01 4.927085464989697239e-01 3.956391838444731079e-01 4.727161396893538869e-01 6.406690509007532119e-01 6.430472308679128224e-01 7.416321502917014863e-01 1.000000000000000000e+00 7.318735433871349505e-01 7.608587396047485907e-01 6.792883705893372204e-01 6.339170706672531130e-01 7.838445747886921833e-01 7.511820480217977769e-01 7.050950169634093712e-01 7.014227664535445106e-01 7.379926279103604658e-01 6.320444329489632862e-01 6.749150613834612455e-01 7.352643987889931898e-01 6.784073109433380599e-01 6.711820182548015046e-01 6.890114937709843623e-01 7.617416574662567719e-01 7.674627793081023608e-01 7.639801582270062674e-01 7.304030044352121109e-01 7.812639816297858308e-01 7.869941752829546777e-01 7.802772529935062540e-01 7.564353094915999831e-01 7.500620228846534010e-01 7.751573540952118035e-01 7.066053843856705541e-01 7.604567250937531719e-01 7.833955906119014490e-01 7.814220196768912885e-01 7.402048464453320209e-01 7.915090083846668678e-01 7.838717975453608489e-01 7.495418488737178864e-01 7.907033384485862015e-01 7.690483887766337290e-01 7.916409559999040280e-01 8.002997866103982449e-01 8.098120758553671861e-01 7.972425582414075507e-01 7.658725795765672917e-01 7.881940536055741520e-01 7.031338939971776281e-01 7.695673801869646891e-01 8.057096675787244200e-01 7.974511282630888376e-01 7.890351722846885574e-01 7.844182833670179100e-01 7.911920244883625664e-01 8.021665391177249527e-01 8.008759777978176064e-01 7.837321680703200899e-01 7.991849479663820643e-01 7.941463695424004765e-01 7.885227639921071896e-01 7.767331510155272012e-01 7.936211183234949118e-01 8.010210184283002022e-01 7.964526366623864151e-01 7.959718374115209993e-01 7.872579526326211052e-01 7.957199528464139471e-01 7.991607208275057772e-01 7.827442640475485991e-01 7.874842433792873519e-01 7.991640010047531550e-01 8.004569845674135431e-01 8.036868983580791603e-01 7.946454217579159707e-01 8.001107544840386776e-01 8.010471928733838842e-01 7.980532369707248330e-01 8.006886596622531105e-01 7.915148079272593673e-01 8.002649213021326702e-01 7.862393197482787643e-01 7.871269607135893409e-01 7.937370491741608802e-01 7.979343249362882418e-01 7.967110493480359379e-01 7.931105051742238787e-01 7.929516933314041394e-01 7.983849850281212746e-01 7.911204330313563737e-01 8.013431374570491039e-01 8.006257624686553553e-01 8.058662125842158686e-01 7.678338744496909785e-01 7.824188868694010868e-01 7.882726766254321005e-01 7.877942000656186217e-01 7.786053455120852673e-01 7.979665983214390135e-01 7.893983707007241613e-01 7.950551837679477041e-01 7.798726148145935788e-01 7.943303324830947032e-01 8.004480940955149837e-01 8.056054652363501267e-01 8.036580269466575555e-01 8.011457133053901947e-01 7.990057254163226430e-01 8.038129538757381454e-01 8.018756307662844307e-01 7.932472911056497322e-01 7.905110389770512169e-01 7.963743607144911918e-01
7.362595261078172526e-03 1.554861591398331022e-01 3.635016653865474900e-01 5.868530353204298722e-01 4.245880373163197774e-01 5.619582477304644330e-01 7.305174963040699243e-01 7.234916927260780506e-01 8.092279841609607560e-01 7.318735433871349505e-01 1.000000000000000000e+00 8.754186130796918208e-01 7.690943346645955359e-01 7.079575350040535620e-01 8.762254675977159124e-01 8.599540657744316752e-01 8.013833353933776937e-01 8.009213555885903446e-01 8.388073949030879772e-01 7.170347007786640470e-01 7.844241351750516067e-01 8.433830922547169706e-01 7.845782826499568818e-01 7.793583963689320049e-01 8.048746044689935042e-01 8.756487733590327949e-01 8.689995944933877059e-01 8.595564734255995987e-01 8.145161121468245113e-01 8.875358048559134350e-01 9.045050958942867370e-01 8.778077582419514524e-01 8.557837531645545726e-01 8.609446277449542828e-01 8.720122065205737627e-01 8.457700115973266763e-01 8.843709718115303486e-01 8.855469002558747915e-01 8.920287155648681798e-01 8.634341126066693572e-01 8.954669866827782432e-01 8.962685400543434211e-01 8.797913747877785795e-01 9.021233653386558915e-01 8.974530419401518522e-01 8.957781188174153142e-01 9.023989235600707870e-01 9.043449146814234174e-01 8.970565313278137110e-01 8.796301694265578064e-01 8.928263638253690626e-01 8.450780932042907256e-01 8.848656568723124449e-01 8.908268028961794371e-01 8.955442446924084532e-01 8.992216984148687642e-01 8.892747186445175700e-01 8.965980044905436097e-01 8.987539700124086428e-01 9.008032790373248222e-01 8.966857269210155579e-01 9.011634166876287821e-01 8.972007614894621508e-01 8.945822763297982538e-01 8.854419249784784007e-01 8.958839013665310658e-01 9.041033380387414331e-01 9.063883560292297359e-01 9.005905114677970058e-01 8.966796696050080007e-01 9.060503500069223559e-01 9.069384580814965346e-01 8.916669968036653460e-01 8.994951929340757601e-01 9.090706732577829019e-01 9.089622014100386949e-01 9.044103615336254176e-01 8.943017084678192008e-01 9.040851203738611286e-01 9.071809074518940585e-01 9.051399514533625679e-01 9.104794028287864771e-01 9.007285538286506910e-01 9.045966543345425048e-01 8.995309309626282612e-01 8.979085566331879154e-01 9.073796610924650397e-01 9.059527537087288529e-01 9.071551174074071744e-01 9.034672641371113144e-01 9.077706315177658247e-01 9.073952859484641920e-01 9.066086008697806786e-01 9.087435036703551683e-01 9.057369542982675048e-01 9.070564181647249313e-01 8.948629934725451651e-01 8.878806791037670010e-01 8.988806520401116940e-01 9.041769070174462408e-01 9.019853430375670555e-01 9.028151819588355886e-01 9.022405226809826484e-01 9.069037535320599863e-01 9.013940906597267544e-01 8.967517436407528297e-01 9.010736472324606394e-01 9.053555509060298156e-01 9.053054550327032102e-01 9.046411751033461845e-01 9.026572747239127725e-01 9.054511943842420418e-01 9.052657178340544064e-01 9.042249969703144430e-01 9.000111729904077817e-01 9.033189350758018543e-01
2.614846016572557053e-02 1.538432272991973049e-01 3.696275290456925156e-01 6.241596538664051508e-01 4.506417545830329052e-01 5.791068520361702943e-01 7.593907402682680274e-01 7.563036734704081665e-01 8.417328399662749039e-01 7.608587396047485907e-01 8.754186130796918208e-01 1.000000000000000000e+00 8.046085976438912546e-01 7.436334988338570984e-01 9.114818669121845796e-01 8.965456179168198592e-01 8.396325935670876373e-01 8.437410716427283797e-01 8.784670482573769812e-01 7.688433926905369198e-01 8.289948250044739675e-01 8.911435827462343973e-01 8.188293689889240001e-01 8.181405578402293211e-01 8.445711787380069113e-01 9.111686055883664315e-01 9.016152711355515104e-01 8.922723502139475737e-01 8.517967033301605539e-01 9.238524600813287080e-01 9.327044135696497262e-01 9.164885640967775915e-01 8.897485471542114777e-01 8.977280754305280164e-01 9.052510732915169944e-01 8.822569408698617277e-01 9.121879658263515323e-01 9.271595586609885364e-01 9.291786510758791584e-01 8.956848734222275787e-01 9.285822876789263658e-01 9.314168174228492081e-01 9.162808525428600692e-01 9.385312326679972061e-01 9.307132350076885441e-01 9.331825857961373316e-01 9.383963037611336988e-01 9.388043193747949156e-01 9.346439076715914451e-01 9.237151172574813440e-01 9.366456594734589025e-01 8.850150132878860099e-01 9.248043870362726571e-01 9.274781595470433793e-01 9.343477816232117483e-01 9.338198047817641845e-01 9.303618025415673065e-01 9.324109164769142089e-01 9.353847411422632208e-01 9.373699997181760279e-01 9.396565163404111409e-01 9.373098098001750866e-01 9.372560045076341328e-01 9.348669619093888938e-01 9.241696426043141122e-01 9.356720703404511896e-01 9.389538221770795667e-01 9.420152547604984106e-01 9.367674934670746634e-01 9.382789772967291553e-01 9.411798093931882381e-01 9.429795118563617518e-01 9.307863043237989409e-01 9.354243810672728809e-01 9.434289681971349539e-01 9.390323755627599800e-01 9.369559424892442978e-01 9.295384835624809217e-01 9.373566201435428180e-01 9.411207208136944669e-01 9.401825412436890517e-01 9.427674433797249565e-01 9.380662768171497135e-01 9.389533029962655597e-01 9.356053807469663086e-01 9.349094509408363285e-01 9.401324729799140911e-01 9.395475730611965171e-01 9.426741428629861197e-01 9.397123408804546330e-01 9.378724755764077381e-01 9.415619102896006787e-01 9.415782358573889788e-01 9.426978818134781335e-01 9.392602949890117570e-01 9.411938598989665339e-01 9.295266695362185416e-01 9.289047988036451819e-01 9.369879687378049882e-01 9.391732993494463777e-01 9.378828589669326865e-01 9.405447631040626533e-01 9.394639850642507728e-01 9.409670801191531986e-01 9.384961047714034388e-01 9.360805983763293980e-01 9.390399124084893856e-01 9.410969736113501405e-01 9.411403638373359026e-01 9.395570664321465371e-01 9.377477535256912855e-01 9.399089109428245825e-01 9.389836276341647636e-01 9.406733496659043237e-01 9.358080421859364950e-01 9.410703271676332804e-01
2.036193992522213406e-02 1.381244565013493297e-01 3.328337859859084591e-01 5.431705183090631550e-01 4.381797080935966315e-01 5.112884149778544884e-01 6.878217226050513666e-01 6.958916118757029201e-01 7.510488941034199062e-01 6.792883705893372204e-01 7.690943346645955359e-01 8.046085976438912546e-01 1.000000000000000000e+00 6.612914857481033692e-01 8.253082551855943638e-01 8.176789632595300450e-01 7.461213100545707189e-01 7.644833174380537555e-01 7.805139539601938514e-01 6.932157903560128842e-01 7.454011326861136322e-01 7.939239009313810991e-01 7.403392100193392222e-01 7.439065559090792812e-01 7.553120262599654078e-01 8.132561509626216045e-01 8.022422718007032882e-01 7.897317245882407022e-01 7.508638205577040647e-01 8.309906674427275375e-01 8.337692954419869684e-01 8.206777724453111489e-01 7.950109646935884511e-01 8.058227840637479655e-01 8.100463399480070104e-01 7.964080774805051277e-01 8.182767920411613272e-01 8.196954491079352367e-01 8.293815844267640180e-01 7.933791577410951312e-01 8.241862092795111394e-01 8.273936124354956956e-01 8.223421977269778083e-01 8.375258287267585144e-01 8.339073922854967069e-01 8.327335510722370104e-01 8.382702195824650593e-01 8.411503775986599596e-01 8.337297455924006506e-01 8.194836176350279722e-01 8.315838704877364096e-01 7.957849258045476271e-01 8.325168646634641956e-01 8.292077416961134428e-01 8.303185864842343999e-01 8.314216989261167257e-01 8.298442849222360529e-01 8.300756006337867143e-01 8.296319397515775629e-01 8.406778156838357052e-01 8.436265439486586581e-01 8.357319712626165575e-01 8.347545856455537150e-01 8.367480781673950485e-01 8.295835281579200249e-01 8.377179315214956512e-01 8.412245808285454540e-01 8.417930200921389661e-01 8.416436710562685830e-01 8.390904566487357163e-01 8.403207217178256805e-01 8.442798181254884682e-01 8.366163098361251160e-01 8.382432757098398080e-01 8.436919737557352361e-01 8.381027494293141755e-01 8.349052599931602314e-01 8.263441646867473178e-01 8.412645197697466992e-01 8.448760484988420139e-01 8.409922622788356117e-01 8.446385059953704921e-01 8.415382976219205613e-01 8.395236205725555845e-01 8.354722328632580020e-01 8.377081587071306679e-01 8.406895392795500355e-01 8.405404079907946580e-01 8.418399078537083247e-01 8.415650061775954427e-01 8.386743862190617627e-01 8.406074052723410128e-01 8.425213429640402429e-01 8.436089792678090893e-01 8.404098192448725690e-01 8.419204098568292549e-01 8.336978110128491215e-01 8.294179538000661100e-01 8.386994353532601920e-01 8.389812742593752981e-01 8.405054971661465313e-01 8.388521194173472750e-01 8.413613818466481042e-01 8.439959872004743069e-01 8.416221674909516448e-01 8.356753281208593176e-01 8.393397575741652350e-01 8.426079191839789262e-01 8.412453130360345588e-01 8.434590316496681783e-01 8.367608105811398245e-01 8.441806586909815779e-01 8.387752410465098007e-01 8.434459354679345600e-01 8.412685113910264301e-01 8.423426345077233979e-01
