1.000000000000000000e+00 2.015282408512694967e-01 1.821918210530075466e-01 1.720759440699696774e-01 1.298590622664097805e-01 4.969896554660389876e-02 1.211315309677137297e-01 6.990839913321567067e-02 1.584922095995976721e-01 7.091547517945184786e-02 6.359890864946746158e-02 8.392410180926676566e-02 3.681392746235480351e-02 -5.835222876614191978e-03 2.632981026811712436e-02 5.963541221278967353e-02 1.112852194468505890e-01 1.901021256698776640e-01 1.148762419008376445e-01 1.718265008513313596e-01 1.279330666532891569e-01 9.663604568066055944e-02 1.773327600157783290e-01 1.690662106533175335e-01 9.601922041293985133e-02 1.104269672429569332e-01 6.931530032159563537e-02 7.477484689025792886e-02 1.396845086696187344e-01 4.798852157351737868e-02 8.859201217860697419e-02 1.023731127743791464e-01 6.432547678179983963e-02 7.030427419993630356e-02 4.914306934564727919e-02 5.500801752870142919e-02 2.960595891129690765e-02 6.607957012964693622e-02 5.583996143377493310e-02 5.795219583561859317e-02 5.410539128618320481e-02 3.051080307290090013e-02 4.249034518298179519e-02 4.372644698796645385e-02 5.503769279822127991e-02 4.278035971578433849e-02 2.023627532690447720e-02 2.673815323782393130e-02 5.244994833510741028e-02 4.558842200966565367e-02 4.762844085959363344e-02 3.012917218997446939e-02 3.502927397730574294e-02 4.970843335245717087e-02 6.043210281629191050e-02 6.783867475374089073e-02 6.122829855896939899e-02 2.259591904755716210e-02 3.147381419109009787e-02 3.642963487631488417e-02 2.485904675970163416e-02 4.205087198450232350e-02 5.527337874113789212e-02 4.284198206743374676e-02 4.736240671520475232e-02 5.700179030860572787e-02 3.473824354484424809e-02 4.415083773613753121e-02 7.607761278871091881e-02 6.034608834503214086e-02 2.860544612295628716e-02 3.136424980142728247e-02 7.659331335453854750e-02 5.722089404111144195e-02 4.686858059522960862e-02 4.783260064859153754e-02 4.313395033672684509e-02 5.735407238263401375e-02 4.727707024203297442e-02 4.294370654493109840e-02 3.411395123844187388e-02 2.962612029719306414e-02 5.432625112381140459e-02 2.588901838394741875e-02 3.876578933073260985e-02 3.847787814463293765e-02 2.320552919543500403e-02 3.387205022213761463e-02 2.371141019552884532e-02 5.927592934964650423e-02 3.553050249017823681e-02 2.820452636815484401e-02 1.673134784574941900e-02 1.672011119916017030e-02 8.587378977149996012e-03 1.716470972436815595e-02 3.425380302957042183e-02 4.088890395813957190e-02 1.145966734781711516e-02 2.211397389437089189e-02 1.327376609115263166e-02 2.372322321534537856e-02 1.656539445956346432e-02 1.595950156235026451e-02 2.106793673968265085e-02 4.820449987005064052e-02 3.597460698122150607e-02 2.152402137650366587e-02 2.852122862350104163e-02 2.253966146491330480e-02 1.271505621612626508e-02 1.947680643773347028e-02 1.290614069443445436e-02 2.970340668674053414e-02 2.959312168510168720e-02 2.998303020291780835e-02
2.015282408512694967e-01 1.000000000000000000e+00 1.435826119099840315e-01 1.164974728756571903e-01 1.161632519084315612e-01 8.275457794880494711e-02 1.595579663359531775e-01 1.292469155402438674e-01 2.090307903770830811e-01 1.846895759957355998e-01 1.657676609838212023e-01 1.732914999462554506e-01 1.065403178964876851e-01 1.094631412711472018e-01 1.410942114492173272e-01 1.418987189645878055e-01 1.800372086503300995e-01 2.679149497006899083e-01 2.219060208314371230e-01 2.493242736291436945e-01 1.513814092096180675e-01 1.653677900509181453e-01 2.543145011602448990e-01 2.614791092660682104e-01 1.974096217604622283e-01 1.937264016277205070e-01 1.801986609713117915e-01 1.805266613521683827e-01 2.326736409184747001e-01 1.448844809094421426e-01 1.890816417191620302e-01 1.978434759657445863e-01 1.591850241666630805e-01 1.602742368020884933e-01 1.649244899832087996e-01 1.309664009153823916e-01 1.371325738391320492e-01 1.663915341358225830e-01 1.617210271482755202e-01 1.638877728696914171e-01 1.770311262702324584e-01 1.495389905053761126e-01 1.441405435096682619e-01 1.613891978856490661e-01 1.712037202123613544e-01 1.538033562879545790e-01 1.638631147949509426e-01 1.690652889474925091e-01 1.734226665991298044e-01 1.297789344099866682e-01 1.513199145168736548e-01 1.128157853473624739e-01 1.535371114702940576e-01 1.834056352238006282e-01 1.742800898464267334e-01 1.846577755055910375e-01 1.643363766950642069e-01 1.581971697370290197e-01 1.674739411316759630e-01 1.683872192656092059e-01 1.477828153738682815e-01 1.760013735394556356e-01 1.753418356548125945e-01 1.638941660351674878e-01 1.556992793081421744e-01 1.736403814964193049e-01 1.759540940995667768e-01 1.836968297340095813e-01 2.021499662602841974e-01 1.852029650490622792e-01 1.583164580437556868e-01 1.697202297427194140e-01 2.078085065630348727e-01 1.921805745470269444e-01 1.828591901940148645e-01 1.822144320311014087e-01 1.809887312211147792e-01 1.899124773682469292e-01 1.878395663736547316e-01 1.786113033963309393e-01 1.681594974787790908e-01 1.680323800292568281e-01 1.697695997889303310e-01 1.640385598447912929e-01 1.522633191282919407e-01 1.594207279914915676e-01 1.554281859166496416e-01 1.651196044598549628e-01 1.580546656267803884e-01 1.861954019278055095e-01 1.665401241949601152e-01 1.692023421618769619e-01 1.607088010402311085e-01 1.588250727297612908e-01 1.595013847239501736e-01 1.648899180734867687e-01 1.474470702680869272e-01 1.442272568756871598e-01 1.515368188883091105e-01 1.545863155412326162e-01 1.489427167563849297e-01 1.626895007728234865e-01 1.534437893223858929e-01 1.498813378479326996e-01 1.454169046809913601e-01 1.716185969152921320e-01 1.679773508661670800e-01 1.692509370821315140e-01 1.733174412464477676e-01 1.622772648634758785e-01 1.676728692852900438e-01 1.617351210098490755e-01 1.656676387349414470e-01 1.580206905754175661e-01 1.542896821529604889e-01 1.640142377993591694e-01
1.821918210530075466e-01 1.435826119099840315e-01 1.000000000000000000e+00 3.614130343397370937e-01 2.376182912581464579e-01 2.383533533162950913e-01 3.741290163050720596e-01 3.459651616300739585e-01 4.127343773717824793e-01 3.669907299477855878e-01 3.917098988077370447e-01 4.259505312275875810e-01 3.551312715281615962e-01 2.840780149480139349e-01 4.026408179793102837e-01 4.019566990011415042e-01 3.997567025824428910e-01 3.890033688850699223e-01 3.875505101468879610e-01 3.389518054390882051e-01 3.641660139714399946e-01 4.093702855724078993e-01 4.119333392938978045e-01 3.663150333738285913e-01 3.853717872291207436e-01 4.390012595021358655e-01 4.215741544865529988e-01 4.402191333158114173e-01 4.418174518322098288e-01 4.070470626821194871e-01 4.395347872429657410e-01 4.405892903431663510e-01 4.375934011675666202e-01 4.307547177334113964e-01 4.272528276601589847e-01 4.157639214864701227e-01 4.106191457414324342e-01 4.355992890552892738e-01 4.360356758320534931e-01 4.231414314071946792e-01 4.209690515374716613e-01 4.177755852913369594e-01 4.058161188718949486e-01 4.189637102239301414e-01 4.218902926747968296e-01 4.267560918217184196e-01 4.030994491294670468e-01 4.079431126444001410e-01 4.052929411872805976e-01 4.137292846418854086e-01 4.148569317936791068e-01 3.901711124523888907e-01 3.928278907137678910e-01 4.142886333496361151e-01 4.117493436709824262e-01 4.231520334091929403e-01 4.126813366753726564e-01 4.038191987441259734e-01 4.025387362824771609e-01 4.074494229533828227e-01 4.032029455676554575e-01 4.081523870510035956e-01 4.125185898137679330e-01 4.109279043985513691e-01 4.117373003303371193e-01 4.101660429439673017e-01 4.100021321844151134e-01 4.099288263728014248e-01 4.243306859853142043e-01 4.117087967747971589e-01 4.063418164287281309e-01 4.139892775530980007e-01 4.079531569899569332e-01 4.111136162648615922e-01 4.219605286276977840e-01 4.208935523802650458e-01 4.205781101123316490e-01 4.175641633784235029e-01 4.139869336400709421e-01 4.226814491379722871e-01 4.265397353953200854e-01 4.156629366435430906e-01 4.238970825533542319e-01 4.236335657806981070e-01 4.231648551455002294e-01 4.213158486867512043e-01 4.195402935879018469e-01 4.182723203563532000e-01 4.165936801156575053e-01 4.146193819137271586e-01 4.185210034280787972e-01 4.127647222610252298e-01 4.093702014446291004e-01 4.113107550164496473e-01 3.995464210889216883e-01 4.024793188910953390e-01 4.015915005236541657e-01 4.118786100322119337e-01 4.014295845842428823e-01 4.094108419870148285e-01 4.040433387381131558e-01 4.082242077875631314e-01 4.037559203814374276e-01 4.055223384159215017e-01 4.078623402259078934e-01 4.075822540259668170e-01 4.098883213095517175e-01 4.034499200758354109e-01 4.064946146750670897e-01 4.035158904203309249e-01 3.984471784683468187e-01 4.040220778597682361e-01 4.038848713641985944e-01 4.114132769832050118e-01 4.115282166770840022e-01 4.071303206381604034e-01
1.720759440699696774e-01 1.164974728756571903e-01 3.614130343397370937e-01 1.000000000000000000e+00 4.105768679363955842e-01 3.691795154852449690e-01 6.188776510046558599e-01 5.613532262605624990e-01 5.791065947359396171e-01 5.098132835336302016e-01 6.081384804117176968e-01 6.635509712893744583e-01 5.651015446460532221e-01 4.365682514988935559e-01 6.278761994819644920e-01 6.338304487777554064e-01 6.044241260775855551e-01 5.697681517424084685e-01 6.022600615532186508e-01 5.184582057289134349e-01 6.584082977475973486e-01 6.734832627657409976e-01 5.875602115850544482e-01 5.460541690676349313e-01 5.837663055906522347e-01 6.376023829360992767e-01 6.147448762259390964e-01 6.352401750686277326e-01 6.103150571023365778e-01 5.753660842869858794e-01 6.372065860151918670e-01 6.515460838863945670e-01 6.316526391760896031e-01 6.392867099217256488e-01 6.078119434028126378e-01 6.473859889064337292e-01 6.151266188059629769e-01 6.253094985541849393e-01 6.431140961286513358e-01 6.411349728402732095e-01 6.321208767900570180e-01 6.251032935824729631e-01 6.405040244913146052e-01 6.365607082718488519e-01 6.469543172529010899e-01 6.312702599385708879e-01 5.971015770495687880e-01 6.053267361135447056e-01 6.034135179588838716e-01 6.103837120615627221e-01 6.127108980015204542e-01 6.438134949665746953e-01 6.205182493322524140e-01 6.098238687289575521e-01 6.183908279069175729e-01 6.369293068588662843e-01 6.196927708552733005e-01 6.065728194450048516e-01 5.958304749363333430e-01 6.057667125905531469e-01 6.187355570702814944e-01 6.048702942942449923e-01 6.221000031708860956e-01 6.105757641021346549e-01 6.274491697875193008e-01 6.267728583437943701e-01 6.057181579654753456e-01 6.146375122737490759e-01 6.286983438364026622e-01 6.284597917855508920e-01 6.375134998247928841e-01 6.155002374632815298e-01 6.144260410292577967e-01 6.094699730093915413e-01 6.230045198882105950e-01 6.222805757022883411e-01 6.139030056331833407e-01 6.048359340171333143e-01 6.066872736765533958e-01 6.051110566436421756e-01 6.141252932531875430e-01 6.064259458115608403e-01 6.396582579576624017e-01 6.154777669596752654e-01 6.350069764264454353e-01 6.275881394039004579e-01 6.232605178533431323e-01 6.188720483266663130e-01 6.192803982073366020e-01 6.296700893298742274e-01 6.339013146283833944e-01 6.158752943746498287e-01 6.130050638921640260e-01 6.143410182665614006e-01 5.973217512016181230e-01 5.989794174361541268e-01 6.235122289964675213e-01 6.217476380874932262e-01 6.046198293192851514e-01 6.112355343353925718e-01 6.173556140941308668e-01 6.132851264557578341e-01 6.094427505339384821e-01 6.132555155361918420e-01 6.258482956745452519e-01 6.222857246383723950e-01 6.100360802223973034e-01 5.980141385891929451e-01 6.127865933601055470e-01 6.069910443787221999e-01 6.017673505570831916e-01 6.046130548286604567e-01 5.971087891494294420e-01 6.142072637691262660e-01 6.165196908375454310e-01 6.139639029699327510e-01
1.298590622664097805e-01 1.161632519084315612e-01 2.376182912581464579e-01 4.105768679363955842e-01 1.000000000000000000e+00 3.300835684355616917e-01 4.910310417621934209e-01 4.929448062121018492e-01 4.973867552617954879e-01 4.307375644463760644e-01 4.770531942303931072e-01 5.201138785960475186e-01 5.031093335738505701e-01 3.609007976384323024e-01 5.126564971597221687e-01 5.155038173531434342e-01 4.823319209149210529e-01 4.569621393214354232e-01 4.822056101649289661e-01 4.438240207570422480e-01 4.795180912497073455e-01 5.134990323732158135e-01 4.663067726370012656e-01 4.490685510160382643e-01 4.843940198275409892e-01 5.179781970283784398e-01 4.984412547196526710e-01 4.951474027292367963e-01 4.801888517482418295e-01 4.469701021570866017e-01 5.060718464829736529e-01 5.058515674034850251e-01 4.586607991932140083e-01 4.776625169531738546e-01 4.591735414595958242e-01 5.018913078219874313e-01 4.829483041720131764e-01 5.026851827329984479e-01 5.050058635360217263e-01 5.109347678679637683e-01 5.247216755146278944e-01 5.118432350284504162e-01 5.244641846202549029e-01 5.216422449726221267e-01 5.178970179766931858e-01 5.069221859702117694e-01 5.094134930888246648e-01 5.092272962402232261e-01 5.103001234528872221e-01 4.959118096690797173e-01 5.053893827169404496e-01 5.237299025362062155e-01 5.144004966238066023e-01 5.171892866737817229e-01 5.195254272551562691e-01 5.275803551018012350e-01 5.129539944529508677e-01 5.149202139412262236e-01 5.038138535610398039e-01 5.159843086204221052e-01 5.203751716436607611e-01 5.058628808541588695e-01 5.109408159407662353e-01 5.093471349292639783e-01 5.130235581764507335e-01 5.143063018834850286e-01 5.088918212791941897e-01 5.126730031035990898e-01 5.202594665586599554e-01 5.242141527018694402e-01 5.209397158102934133e-01 5.121518419455071136e-01 5.121825453475890022e-01 5.132149683991692468e-01 5.199109347000135939e-01 5.141783932470901375e-01 5.143038481533447337e-01 5.057769894029672253e-01 5.112536697107299410e-01 5.077238138091784148e-01 5.073626151446989363e-01 5.046153095367965635e-01 5.206232375762908093e-01 5.035517025956962600e-01 5.160572757467095650e-01 5.143781654180192842e-01 5.111777925135999601e-01 5.145506964748701728e-01 5.125350042787319982e-01 5.244347038552991114e-01 5.157404801175157205e-01 5.158942095908568559e-01 5.133070268836328331e-01 5.122896758149804164e-01 5.054673614853554264e-01 5.090882189885312936e-01 5.229868265534270977e-01 5.131005857405611659e-01 5.152635011632504813e-01 5.100827451148284286e-01 5.183137241844876231e-01 5.139821770696396674e-01 5.159918462049486454e-01 5.153210415000667455e-01 5.170353386670765161e-01 5.204291463232886272e-01 5.112574306674235736e-01 5.105250426432725863e-01 5.141148228868266390e-01 5.154095193167845812e-01 5.137896399808583592e-01 5.133618028798878630e-01 5.037993769259402344e-01 5.144137075590025088e-01 5.105774968557326154e-01 5.140110694982948925e-01
4.969896554660389876e-02 8.275457794880494711e-02 2.383533533162950913e-01 3.691795154852449690e-01 3.300835684355616917e-01 1.000000000000000000e+00 5.006257657496153701e-01 4.743777524940355761e-01 5.000227205562441934e-01 4.746285867169949269e-01 5.357930429886849089e-01 5.494574048637772545e-01 5.030989633754703316e-01 4.124173714063053553e-01 5.614302008750658990e-01 5.474900424333504212e-01 5.264754427654053659e-01 4.764179979647350516e-01 5.089331589456990157e-01 4.543090532988434682e-01 4.700487650638963122e-01 5.320888071790358387e-01 4.813415295299650065e-01 4.666507100849155987e-01 5.131542065502584515e-01 5.466985983994617770e-01 5.454358280390749769e-01 5.598581155480064631e-01 5.210598175352880723e-01 5.034807036498030186e-01 5.627136281656223149e-01 5.611958915583671326e-01 5.168230043807325869e-01 5.460729743812898773e-01 5.202672648491132312e-01 5.466995526405464823e-01 5.488804164350022941e-01 5.584705955769256880e-01 5.679142968054002871e-01 5.645245087214587620e-01 5.706850986622138411e-01 5.677517889806323881e-01 5.678469088307515067e-01 5.771151959474213333e-01 5.758822133182509573e-01 5.738077288264480380e-01 5.713492804531543623e-01 5.718839968133594409e-01 5.687956957206864450e-01 5.545415848581085605e-01 5.606473072780304712e-01 5.681611987256293128e-01 5.722034439220272661e-01 5.733420906184396593e-01 5.703086621456304739e-01 5.758392393532943965e-01 5.690847839805618369e-01 5.731670383233126165e-01 5.643638420538114042e-01 5.694933738026812797e-01 5.802561015023848245e-01 5.680570394632687981e-01 5.755735245509921993e-01 5.708721051934897428e-01 5.742109853467717295e-01 5.762794129412782684e-01 5.742212148463186061e-01 5.755477888290223554e-01 5.722442256758581980e-01 5.763339917787947408e-01 5.782602116729856911e-01 5.772223382593520968e-01 5.626943813031063391e-01 5.700810146123557187e-01 5.754355180144629101e-01 5.766773521695827132e-01 5.758216847929543691e-01 5.663923618328285947e-01 5.739968373938793000e-01 5.670183442697305232e-01 5.758366952148686879e-01 5.746488173855831549e-01 5.749246906811044111e-01 5.748333597739735401e-01 5.807966226427463408e-01 5.776939469251902715e-01 5.797730330741690530e-01 5.764026113793760953e-01 5.775706092532042479e-01 5.763969289613142255e-01 5.771302906406770017e-01 5.789642204817778692e-01 5.788441316319514751e-01 5.810055641538048876e-01 5.730835374747521582e-01 5.754151719054082514e-01 5.727835447354256981e-01 5.706856898125639566e-01 5.766082315409454262e-01 5.763644712340684206e-01 5.815282962023623492e-01 5.742935185045788815e-01 5.782808575080299329e-01 5.782213428592155591e-01 5.806823434983199306e-01 5.707858012117045243e-01 5.710055660034030200e-01 5.741347736463675577e-01 5.760351439560866815e-01 5.748965488646547994e-01 5.721333559263124258e-01 5.736434959736503858e-01 5.709908240837586746e-01 5.764598641800230405e-01 5.733011052110850159e-01 5.757033027728907237e-01
1.211315309677137297e-01 1.595579663359531775e-01 3.741290163050720596e-01 6.188776510046558599e-01 4.910310417621934209e-01 5.006257657496153701e-01 1.000000000000000000e+00 7.011434580670056205e-01 7.241691064179125448e-01 6.706833792562484353e-01 7.559524393485852478e-01 7.968130392922073701e-01 7.144691472548220235e-01 5.833042487438392376e-01 8.264099196969694194e-01 7.957723905324906033e-01 7.426652508786668605e-01 6.939184497732164836e-01 7.362991242032072003e-01 6.636062413623082801e-01 7.203339809505731051e-01 7.768043623801711428e-01 7.102262833746965098e-01 6.827895928265124148e-01 7.231660486012241318e-01 7.977621682860380758e-01 7.787709696103537471e-01 8.018930075833760052e-01 7.740719195601832858e-01 7.279583976830162895e-01 8.057334035507933701e-01 8.079409968495920857e-01 7.618181769251224367e-01 7.852972717193807961e-01 7.529685747785430650e-01 7.795037524341696944e-01 7.784554064053057498e-01 8.069161083161482395e-01 8.159028614479791885e-01 8.077263974424149229e-01 8.070688122520002228e-01 8.097486578945253255e-01 8.045232284170814596e-01 8.197572371052265217e-01 8.152425231524625948e-01 8.162912236033132984e-01 7.939460820459409707e-01 7.942532656856609030e-01 7.922389267195191209e-01 7.935302927013994090e-01 7.991736878892850005e-01 8.016810218515436626e-01 7.955739336166265385e-01 7.947524770238660885e-01 8.001468757263413556e-01 8.085959838699622315e-01 7.908139802293782106e-01 7.956347231579521395e-01 7.882226380439403268e-01 7.898352213892139151e-01 8.043858503278989991e-01 7.897803302327328634e-01 8.024678969460742328e-01 7.924359203165775023e-01 7.999234839505928729e-01 7.973548208530342185e-01 7.975670906676383121e-01 7.993211756373470589e-01 8.090383136028619360e-01 8.097211382343765251e-01 8.113090738657261491e-01 7.989311084820923670e-01 7.923034916064042310e-01 7.938226810541464395e-01 8.101395182705994902e-01 8.093731699115893630e-01 8.066710176098544904e-01 7.959048744825432120e-01 8.011088612547947463e-01 7.918414035138359175e-01 8.004611226783324707e-01 7.965768594270042913e-01 8.148588495967572509e-01 8.016343981392289875e-01 8.101512478313911414e-01 8.098789668274253284e-01 8.084136930932677156e-01 8.106379061497656080e-01 8.057439172892548740e-01 8.066345948245690067e-01 8.176947541213479553e-01 8.094873892987456410e-01 8.057965606302788242e-01 8.082809454970838470e-01 7.928149447774017755e-01 7.948889825744509530e-01 8.017989127205520372e-01 8.035693541173917209e-01 8.008680877396932019e-01 8.060383633953340787e-01 8.062252144404549181e-01 8.026610615278160221e-01 7.963112980768216609e-01 8.032021789384178323e-01 8.074670518778089834e-01 7.998354528451843137e-01 7.995599855307214954e-01 7.953312888981014517e-01 8.043669850619683537e-01 7.960313533714804546e-01 7.966987254741482172e-01 7.943660888727682723e-01 7.911555727674187688e-01 8.007995107834677828e-01 8.006773499642638736e-01 7.986132588474674776e-01
6.990839913321567067e-02 1.292469155402438674e-01 3.459651616300739585e-01 5.613532262605624990e-01 4.929448062121018492e-01 4.743777524940355761e-01 7.011434580670056205e-01 1.000000000000000000e+00 7.103625483267692609e-01 6.488761795906915486e-01 7.363027531063305320e-01 7.821211898440610932e-01 7.199246773110826725e-01 5.617090374732732760e-01 7.841964327680631675e-01 7.897004245956172896e-01 7.139142705761861718e-01 6.608954418281803855e-01 7.093935563943176703e-01 6.396446158990747310e-01 6.986136765463556442e-01 7.571527155807998843e-01 6.657690206234850860e-01 6.457721571182279963e-01 7.036257742836109497e-01 7.614993495544761792e-01 7.410711545292493208e-01 7.462327592943931442e-01 7.181434057583501174e-01 6.969364539511417878e-01 7.736042813212262725e-01 7.735959658257708371e-01 6.955264160633642945e-01 7.356060665911375862e-01 7.063566900176271313e-01 7.345865122775070422e-01 7.325639547786194639e-01 7.773423460734626422e-01 7.769339516003037627e-01 7.640722127666773611e-01 7.820676895784243188e-01 7.808332122039495227e-01 7.669423568362129240e-01 7.876096058441696135e-01 7.807599566069750585e-01 7.787779912762268220e-01 7.774548881384995003e-01 7.848803755284380346e-01 7.884283131672482625e-01 7.810572682980978509e-01 7.916924936661301482e-01 7.700409957990539400e-01 7.790200481264693000e-01 7.839725286097175561e-01 7.928127387570114148e-01 7.866208206745316511e-01 7.797510374843044101e-01 7.853038948817032683e-01 7.854404427194235927e-01 7.761946233019371144e-01 7.908288718150562335e-01 7.769798421582266856e-01 7.887476517240888940e-01 7.882080718342004966e-01 7.844178891190156655e-01 7.827680318621544897e-01 7.840755162169981141e-01 7.843289643464917971e-01 7.880741930819030738e-01 7.901414978529036626e-01 7.947634746721922161e-01 7.848420942129140654e-01 7.746490778249106590e-01 7.764566991397289231e-01 7.881032976689188452e-01 7.843185971276365187e-01 7.774976339643262513e-01 7.723138261130783055e-01 7.766727881745600914e-01 7.722126358435039695e-01 7.747381375942402615e-01 7.803376160243480353e-01 7.892301191933038806e-01 7.718497387669621679e-01 7.925429510628078100e-01 7.918730177196988684e-01 7.794509967044508381e-01 7.929463623134860306e-01 7.878945909996231123e-01 7.904109977016827715e-01 7.845848024442815261e-01 7.865331041599148421e-01 7.842696347172569693e-01 7.852042245842789647e-01 7.813163446384306932e-01 7.828116635061957984e-01 7.923733701328872225e-01 7.963144074593440092e-01 7.922971218068293187e-01 7.940073627949247870e-01 7.870394437703354118e-01 7.914513542351069297e-01 7.827039570222928955e-01 7.890998795260913967e-01 7.905168859062291498e-01 7.847188143339606237e-01 7.928409549611704632e-01 7.836188143037386977e-01 7.882889302877273963e-01 7.863940209782620538e-01 7.830590160101378316e-01 7.826235344779217673e-01 7.796731789058648499e-01 7.905150739221292744e-01 7.893353851839375324e-01 7.845859856477932492e-01
1.584922095995976721e-01 2.090307903770830811e-01 4.127343773717824793e-01 5.791065947359396171e-01 4.973867552617954879e-01 5.000227205562441934e-01 7.241691064179125448e-01 7.103625483267692609e-01 1.000000000000000000e+00 7.563487662253107757e-01 8.162662356259988705e-01 8.527502878388023566e-01 7.783567640082486028e-01 6.138251995548662521e-01 8.421557562840168432e-01 8.385544880638896581e-01 8.194557957980285190e-01 7.642699531564013382e-01 7.964593346863284573e-01 7.257418906557765448e-01 7.284376806820068717e-01 8.203657002612797511e-01 7.599114952681972346e-01 7.419566321496278150e-01 7.864226487281358313e-01 8.500633772050839587e-01 8.300661555871485797e-01 8.319131381332689479e-01 8.146195041765511569e-01 7.742054050563433876e-01 8.676906033506776028e-01 8.517014342302747787e-01 7.616175209998635731e-01 7.982732109523268393e-01 7.805477553556363635e-01 8.137665141177722328e-01 8.178003373084136163e-01 8.439140735349871525e-01 8.550530266552777148e-01 8.256174245547429624e-01 8.714577460893249139e-01 8.587271512043096466e-01 8.400683614909406627e-01 8.703483343996676336e-01 8.646675012060779375e-01 8.631374471714967633e-01 8.751798247959227117e-01 8.840903107383600856e-01 8.783351993231578447e-01 8.281176251746227290e-01 8.585219666178661724e-01 8.197646101067571633e-01 8.604086252768344822e-01 8.886428502733263457e-01 8.812188310134719815e-01 8.675903404016768183e-01 8.771847319730112780e-01 8.691910488282135194e-01 8.744401492968264522e-01 8.841079411298490287e-01 8.745525894283850965e-01 8.805407453766613823e-01 8.781293597542241258e-01 8.765616300854813803e-01 8.758417684939654446e-01 8.818707936663396918e-01 8.797297743155325644e-01 8.776378244436420228e-01 8.828915374124376436e-01 8.801013243892262805e-01 8.727696163114457839e-01 8.803466469669105621e-01 8.719921594188090319e-01 8.754489584678432079e-01 8.832799983903359964e-01 8.780531786654642845e-01 8.765159798443389327e-01 8.728326524206917458e-01 8.766093813217725739e-01 8.793047186545972504e-01 8.743314447825326630e-01 8.806684498546912820e-01 8.752295159139591441e-01 8.657665514657054695e-01 8.689053464295158902e-01 8.730309114383648650e-01 8.714792188300349851e-01 8.761929071703287164e-01 8.756800333865054631e-01 8.770204875598939243e-01 8.628627825771333359e-01 8.759867237823545372e-01 8.750748112194153272e-01 8.733368790976694385e-01 8.757120545655761035e-01 8.794827448692142946e-01 8.615795464302977713e-01 8.714328091369309970e-01 8.725490253741724489e-01 8.710049781819828585e-01 8.665806195389211819e-01 8.771490122847338533e-01 8.747434283964152790e-01 8.739834395143003531e-01 8.708498231285339841e-01 8.784350012910207006e-01 8.840031884092345305e-01 8.800278567790186246e-01 8.788239488188528403e-01 8.797125306759516761e-01 8.725644922252135949e-01 8.810063826512337659e-01 8.753315908640587617e-01 8.823061655277102400e-01 8.796687339145711215e-01 8.818611541166491152e-01
7.091547517945184786e-02 1.846895759957355998e-01 3.669907299477855878e-01 5.098132835336302016e-01 4.307375644463760644e-01 4.746285867169949269e-01 6.706833792562484353e-01 6.488761795906915486e-01 7.563487662253107757e-01 1.000000000000000000e+00 7.631867583725707727e-01 7.799392072395261444e-01 7.320569685855429221e-01 5.773488627223752889e-01 7.845297995548115022e-01 7.738157032995387485e-01 7.458297287428007349e-01 7.027021543393605629e-01 7.404190883048868965e-01 6.494239189405565105e-01 6.574148637181429500e-01 7.496145571872446789e-01 7.074399281487800950e-01 6.827528031262386499e-01 7.287584917524830841e-01 7.871075512372435190e-01 7.701459678945511422e-01 7.696734419543709294e-01 7.536635593349699791e-01 7.286866974752197468e-01 7.973465755056909909e-01 7.941004754352424255e-01 7.219405362995783282e-01 7.465857856784725577e-01 7.349379932909742008e-01 7.551635992052264656e-01 7.621314217949646252e-01 7.870733664732850743e-01 7.988850001568391646e-01 7.754669073061947193e-01 8.092066298852597095e-01 8.042534891973659450e-01 7.832852394339622215e-01 8.084585875658647502e-01 8.039449555745500353e-01 8.039247046552449039e-01 8.204700014826363796e-01 8.240292595167094669e-01 8.150036125720180324e-01 7.635443573814939544e-01 7.976562771955381104e-01 7.616688466310104211e-01 8.007196901541961953e-01 8.225649120370747136e-01 8.094263241862696967e-01 8.047844510434893905e-01 8.038042741418548465e-01 8.166863124039948074e-01 8.184595693638805347e-01 8.198651036473612042e-01 8.136886193270849166e-01 8.173132528677207187e-01 8.136044143196935474e-01 8.093042942833075237e-01 8.043999252832640945e-01 8.123724859173191426e-01 8.210350974012001757e-01 8.218439870492256771e-01 8.232883988653343366e-01 8.128272895489302430e-01 8.114882127973829240e-01 8.239330708846336337e-01 8.142300046073384090e-01 8.170935804092945842e-01 8.221693159793856953e-01 8.186350290325450363e-01 8.196133436432855301e-01 8.135407957353860686e-01 8.194327256553166627e-01 8.191595528655323255e-01 8.192783494959239299e-01 8.206160854379275227e-01 8.183213084074926202e-01 8.111658829851908781e-01 8.032294880922082880e-01 8.104017215795366047e-01 8.161979948265823959e-01 8.169210942024394129e-01 8.197591327001610972e-01 8.202761131090354763e-01 8.109726271860032698e-01 8.201715165426924914e-01 8.203880385878851156e-01 8.188066278424372957e-01 8.217665368187453412e-01 8.229182925021881756e-01 8.009715428816406302e-01 8.034326545000661790e-01 8.149420361921558831e-01 8.122255677620435765e-01 8.096575369861827021e-01 8.206339711007414328e-01 8.142948068142730200e-01 8.163432614628056694e-01 8.118150110539507081e-01 8.163166048973380384e-01 8.192314393477023726e-01 8.215029828515211241e-01 8.227795139843805394e-01 8.230641180259445910e-01 8.206437816099403371e-01 8.220534693238840118e-01 8.211514870038939540e-01 8.177946607927697453e-01 8.178872982471129260e-01 8.189154303344171604e-01
6.359890864946746158e-02 1.657676609838212023e-01 3.917098988077370447e-01 6.081384804117176968e-01 4.770531942303931072e-01 5.357930429886849089e-01 7.559524393485852478e-01 7.363027531063305320e-01 8.162662356259988705e-01 7.631867583725707727e-01 1.000000000000000000e+00 8.802003716510244935e-01 7.909706955023736441e-01 6.479390465573418023e-01 8.709238224603639278e-01 8.594994934424440292e-01 8.186745378816600027e-01 7.551627508278877521e-01 8.072712604698885075e-01 7.146229086871958014e-01 7.633092636034383149e-01 8.492646452287554437e-01 7.638014824151233562e-01 7.415898572604135985e-01 7.942724204043415392e-01 8.630617850487872778e-01 8.551833841420868332e-01 8.581500659038051593e-01 8.267682065459716068e-01 8.038175105298572820e-01 8.847462715711931214e-01 8.745659930364939605e-01 8.039399728793131805e-01 8.318348934655469540e-01 8.188860981623535817e-01 8.434999814560877329e-01 8.550030902144963862e-01 8.641857386192883794e-01 8.804312502822931874e-01 8.655425094352269255e-01 8.938187926257596949e-01 8.871062117803004687e-01 8.744011396921816948e-01 8.952056026334912486e-01 8.969231265061767822e-01 8.855166193033777722e-01 8.957914160570760176e-01 9.011588047363910947e-01 8.913081447686667103e-01 8.484065899823565182e-01 8.749835775041863162e-01 8.671785320172065159e-01 8.926776227409439768e-01 9.017405657243658945e-01 8.969154231247385978e-01 8.946559680359923439e-01 8.939484467085838659e-01 8.972450946816963313e-01 8.945431367310098247e-01 8.998538506675898274e-01 8.998862903032052163e-01 8.984833587218161721e-01 9.007516747255087664e-01 8.909105845565322701e-01 8.957874635158697973e-01 9.042728749306380154e-01 9.000003658288713293e-01 8.997246193561289074e-01 9.025007599921032186e-01 8.986890729159163760e-01 9.046534197685194290e-01 9.023947184293230617e-01 8.883867816123832695e-01 8.900324619249277980e-01 9.055839327036109276e-01 9.010943392782906347e-01 8.992369942461702070e-01 8.898378298029812061e-01 8.943293091262691785e-01 8.930364638643087938e-01 8.974072354083804104e-01 8.987978438306721829e-01 9.022820920084893004e-01 8.940774536356590474e-01 8.915053908635468538e-01 8.949804177623940094e-01 9.004022890198918327e-01 8.991700241315467856e-01 9.019953360335255521e-01 9.048855966597491030e-01 9.006914268742223229e-01 9.042901411105634946e-01 9.030559825953928810e-01 9.007723915084832056e-01 9.004421135705314994e-01 9.031942007970017450e-01 8.912643679890019932e-01 8.928445289408309948e-01 9.002264341281904780e-01 8.957470684732709021e-01 8.985633537590901332e-01 9.038601585172836295e-01 9.012710753711583589e-01 9.015211511771388242e-01 9.015050546471200521e-01 9.048345114282975166e-01 9.021046851695940783e-01 9.020376370131489852e-01 9.054058618383266088e-01 9.035068153329645080e-01 9.031157120495744151e-01 9.039771651680208464e-01 9.022761330785881162e-01 9.022420888235269665e-01 9.014594333485357325e-01 9.051361488014770806e-01
8.392410180926676566e-02 1.732914999462554506e-01 4.259505312275875810e-01 6.635509712893744583e-01 5.201138785960475186e-01 5.494574048637772545e-01 7.968130392922073701e-01 7.821211898440610932e-01 8.527502878388023566e-01 7.799392072395261444e-01 8.802003716510244935e-01 1.000000000000000000e+00 8.306537063175429836e-01 6.695699025674183291e-01 9.088392090445662763e-01 9.092266808767910380e-01 8.600934198220562266e-01 7.897186387068951818e-01 8.451491816353298159e-01 7.543459553319645794e-01 8.156969486928221658e-01 8.920774927504271368e-01 7.950993420296751379e-01 7.714752640513720117e-01 8.300515787838069759e-01 9.022090988246126431e-01 8.940911608159293200e-01 8.952104680651613577e-01 8.593565895551712464e-01 8.328618106094974882e-01 9.254815910223992415e-01 9.188292476190859093e-01 8.467975523551334316e-01 8.762845536837891025e-01 8.559117088036752863e-01 8.888790233992349687e-01 8.858872249767716367e-01 9.120480179340546556e-01 9.243583384765526878e-01 9.069846899823879038e-01 9.324392715012701505e-01 9.258130621196848375e-01 9.154380358520888272e-01 9.354170145969241679e-01 9.354173144560249398e-01 9.262562153547165833e-01 9.315912229227730768e-01 9.367822837441859285e-01 9.299612667714998171e-01 9.011470812013435694e-01 9.220706068435371439e-01 9.093534922966496348e-01 9.313767906107570660e-01 9.370890126686188815e-01 9.335895921997292568e-01 9.329065843139118241e-01 9.321589776973643326e-01 9.346997791503649511e-01 9.311109295754402826e-01 9.334363122694675496e-01 9.393113837652369291e-01 9.334483234719896938e-01 9.387674608704630330e-01 9.312855286800119092e-01 9.351523577950945354e-01 9.387153081054250281e-01 9.366650363714880134e-01 9.370225580914527397e-01 9.397769648856577618e-01 9.404174558802169681e-01 9.447670651532427133e-01 9.379306719378539547e-01 9.261011455919158086e-01 9.273748678239931431e-01 9.420516187334976310e-01 9.387827445858835107e-01 9.349773742554846612e-01 9.225181287510817452e-01 9.295312551011446489e-01 9.267718580031090170e-01 9.321564085880816863e-01 9.340800369773035738e-01 9.427487828478005039e-01 9.293476048111323218e-01 9.359760434040509391e-01 9.370989466035043458e-01 9.375697956886487328e-01 9.382601026611437911e-01 9.398217559302401991e-01 9.420090747237200857e-01 9.388971473014826596e-01 9.405808089233077540e-01 9.400474269372706138e-01 9.383110924907417383e-01 9.353299626421415214e-01 9.368212580022857727e-01 9.315162662948744954e-01 9.354945050153586905e-01 9.359122790703929828e-01 9.353209169802260137e-01 9.355453974830684194e-01 9.405118590812373558e-01 9.371163452800701510e-01 9.392404185297839048e-01 9.396593130604409261e-01 9.394634833623529691e-01 9.403600989938430965e-01 9.359309670900244349e-01 9.407434239997085612e-01 9.391135284769639435e-01 9.361331808385074948e-01 9.376937262457523126e-01 9.341981030374707506e-01 9.402674710004084169e-01 9.390935852897849268e-01 9.414003406969775334e-01
3.681392746235480351e-02 1.065403178964876851e-01 3.551312715281615962e-01 5.651015446460532221e-01 5.031093335738505701e-01 5.030989633754703316e-01 7.144691472548220235e-01 7.199246773110826725e-01 7.783567640082486028e-01 7.320569685855429221e-01 7.909706955023736441e-01 8.306537063175429836e-01 1.000000000000000000e+00 6.149631262861996461e-01 8.458046590134303822e-01 8.500716315375808074e-01 7.756415732352593961e-01 7.022205197522457532e-01 7.511800608462413376e-01 6.718013958169323230e-01 7.222601839672301294e-01 7.950234978132902919e-01 6.965843920117349430e-01 6.788497832483548766e-01 7.494406962196670241e-01 8.200080740950289604e-01 8.018535120879327627e-01 8.019222451989540534e-01 7.676441483042779623e-01 7.585658380676979506e-01 8.324841141447365533e-01 8.203293813994457784e-01 7.393635925134414144e-01 7.799487069140950135e-01 7.649484283900302994e-01 8.025603094445754593e-01 7.977462281391963783e-01 8.292266834012504972e-01 8.379174785124959834e-01 8.118982748726341070e-01 8.552480810007707657e-01 8.504556161421439331e-01 8.389335366543810846e-01 8.610122178991324038e-01 8.480786761636226467e-01 8.487156387568774996e-01 8.655828772193753240e-01 8.687108117324712220e-01 8.585540708385982489e-01 8.285678813084239591e-01 8.472909621132775904e-01 8.337747005417387447e-01 8.569950260605329051e-01 8.655693149697166744e-01 8.612946412786226524e-01 8.521550899815139024e-01 8.558670105001998651e-01 8.660050239111581893e-01 8.592626101733272792e-01 8.711518824383867043e-01 8.704061100720688060e-01 8.616981223676164481e-01 8.581172297398699245e-01 8.632579706671431596e-01 8.611251075710981695e-01 8.634294959250186086e-01 8.652932111015683159e-01 8.606455980352639701e-01 8.541215739651043526e-01 8.590890568205060696e-01 8.689905810174329837e-01 8.656686905260155829e-01 8.409664434559589452e-01 8.514085176587496973e-01 8.660083188176538327e-01 8.613185944558889862e-01 8.595208678622080489e-01 8.523290364182694034e-01 8.594279344944899535e-01 8.563117941905903363e-01 8.558148877816870170e-01 8.654470877725020106e-01 8.575140878005603762e-01 8.525983813000063138e-01 8.616800447241570460e-01 8.617248960590777607e-01 8.602655594408872286e-01 8.676297942324340262e-01 8.687288893775779730e-01 8.603463695845763315e-01 8.501379453852015988e-01 8.674967588487283443e-01 8.682159499970426575e-01 8.667138186492090446e-01 8.718596129885604062e-01 8.710147213844621206e-01 8.578850636753040382e-01 8.636530305847327504e-01 8.721100323721501235e-01 8.673682641316038389e-01 8.671134469910435350e-01 8.690595537439441687e-01 8.693356197631857407e-01 8.737114770903402494e-01 8.692900948378708970e-01 8.623473517575674929e-01 8.691103454924131722e-01 8.707403723834408193e-01 8.692704504704878987e-01 8.725014514202091842e-01 8.683096286120075558e-01 8.746156831978555424e-01 8.663390010776471639e-01 8.728343658469540634e-01 8.689102817064633388e-01 8.705702218600555042e-01
