1.000000000000000000e+00 1.293285136357002207e-01 6.367377641513854991e-02 -5.977228064702645033e-02 -2.816499316548715798e-02 3.577378714293961981e-02 5.609361800087887644e-03 -3.918765617660312922e-02 1.126183286059286442e-01 7.822138977754808375e-02 4.830184838532114444e-02 -3.413850134146048654e-02 1.071554660473965402e-03 4.952904705684415577e-03 -1.259777211061694109e-02 -4.583443531709741753e-02 9.016723889197586495e-02 1.872706425876454472e-01 1.556593998689060065e-01 -1.320064056919523048e-02 9.967946367282095460e-03 8.472606935230353464e-02 2.236339373063087055e-01 2.284131222357819180e-01 1.667664095185146800e-01 9.303278596245342924e-02 1.045007569067201852e-01 1.073981681568019764e-01 1.579051190846626207e-01 1.476420831241006260e-01 1.040470632787855731e-01 9.253401087726439989e-02 5.343736921242375065e-02 6.961411742031051175e-02 7.549358019788340868e-02 3.472133817441216963e-02 8.244162825068075684e-02 1.727136597644668772e-02 1.622566055840693813e-02 1.134042744947290696e-02 2.844842155017916069e-02 5.098601314807440013e-03 5.178725103705149845e-03 1.422680907380468977e-02 4.738022582311415126e-02 2.097229554457227807e-02 1.324226670692177973e-03 3.353425492483642911e-02 2.035744583936472535e-02 3.792578983323057970e-03 1.182610546243812941e-02 -1.067215929016398634e-04 2.093447623620575768e-03 6.856972776403315317e-02 6.088646292221396028e-02 4.887413231892242388e-02 5.812716797672268926e-02 2.014352398806078942e-02 3.334394921244115961e-02 2.342811926816762078e-02 1.977984549900395350e-02 2.597327453797005498e-02 1.765090591056277941e-02 2.411906617699723435e-02 2.575905832631183653e-02 2.939068624798484020e-02 2.530980192267741347e-02 5.611018031321466509e-02 7.873144986582411575e-02 7.752067737122415696e-03 9.712037747241407393e-03 4.151569831982260261e-02 8.813298498303426265e-02 8.211454675505515388e-02 3.822271404616377904e-02 5.570914670056716089e-02 5.070397478895538601e-02 9.186320549034351912e-02 4.766879247587167689e-02 6.138376669902411570e-02 6.296367242377948203e-02 3.857276115015539908e-02 4.523475632695929394e-02 5.017294621548872707e-02 1.806349240083168078e-02 3.323905464940096061e-02 2.115013236659944035e-02 1.713041602725237297e-02 1.808226908022451604e-02 3.336580201902152043e-02 1.348840192148144206e-02 9.819038437357966234e-03 1.710206039318729054e-02 1.020012823372624423e-02 6.214978256424225078e-03 1.204249145708290863e-02 -1.123165898219754405e-02 9.175397070694004537e-03 7.597529291008047955e-04 -4.298769913543504326e-04 -6.513154972633563265e-03 1.001737704197423404e-03 2.600751196743547014e-04 -2.738900764885339369e-03 4.404784662107474012e-03 3.647878761640919315e-02 2.163322443005686116e-02 2.790589465117942689e-02 2.509397444675809039e-02 5.770121461500022676e-03 1.570584008341387866e-02 8.919485506710945338e-03 1.268422456836686488e-02 3.248940756493090467e-03 1.242616620073462921e-02 1.565139649855925089e-02
1.293285136357002207e-01 1.000000000000000000e+00 5.127977377609221205e-02 -1.086430594485665764e-02 3.851683464213014052e-02 8.768627167017423174e-02 1.028935404941763859e-01 8.862603775346304669e-02 1.994829897226861604e-01 1.945058727083207872e-01 1.464918768740952892e-01 1.073988009521861520e-01 1.239481561109477409e-01 1.514204583075756672e-01 1.420789941122443667e-01 1.088950782386218785e-01 1.613717319088176505e-01 2.166795108522721613e-01 2.035172225233334853e-01 -2.534370209353237549e-02 1.221723813638793225e-02 1.295492089019361914e-01 2.591038164111458264e-01 2.340420064577504455e-01 2.223626794048133848e-01 1.716190127076850092e-01 1.711395709083276817e-01 1.874977459603154595e-01 2.464530058766234988e-01 2.319094546200124174e-01 2.096308556364291920e-01 1.876907969816345723e-01 1.690877621823338728e-01 1.854024967194752571e-01 1.929908286995267175e-01 1.410434011251693320e-01 1.944406971197272793e-01 1.709547324194796714e-01 1.708418217870527334e-01 1.205730045996523392e-01 1.573819645873398287e-01 1.511970405712055321e-01 1.505656326218351715e-01 1.503909485180758288e-01 1.666597842953226882e-01 1.703974801579156984e-01 1.502236430867944783e-01 1.759146691054884470e-01 1.540158654559741769e-01 1.247982953015274454e-01 1.453857864868093597e-01 9.589457626175679206e-02 1.286339705969048730e-01 2.007814427052131978e-01 1.798942160970492810e-01 1.797280325193029438e-01 1.645196026553476243e-01 1.606197383149693125e-01 1.577167498265784062e-01 1.603693575517630698e-01 1.522947522793252351e-01 1.653544433307047312e-01 1.531671105826258872e-01 1.639042567211925761e-01 1.557269770566966638e-01 1.592555848876394953e-01 1.698141277443280528e-01 1.850451140473673151e-01 2.026364589479215383e-01 1.151277933384241975e-01 1.279623278055082858e-01 1.723390340891033934e-01 1.950060742701546779e-01 1.963219364194021266e-01 1.745137686765855789e-01 1.794786339732552527e-01 1.874314428183466441e-01 2.175092311123659750e-01 1.904659166202305465e-01 1.970867000139756575e-01 1.981494013084036665e-01 1.818381019289642131e-01 1.817741765690371603e-01 1.961244553450555150e-01 1.621285370648588853e-01 1.751931241422737540e-01 1.679222603916085410e-01 1.695917342156616769e-01 1.725272310657904873e-01 1.727714776919555550e-01 1.591075384694446981e-01 1.590474159297104451e-01 1.586639543094001403e-01 1.656815347165020158e-01 1.610247737714586569e-01 1.669667061723661972e-01 1.325088174992047341e-01 1.446948501758746897e-01 1.515744310666498340e-01 1.458794727303611982e-01 1.526077166925442763e-01 1.494222021310024906e-01 1.449791629065718401e-01 1.506137188564792562e-01 1.442845550762590079e-01 1.684355601703731720e-01 1.636753865206034275e-01 1.808063589119668912e-01 1.744516432861468180e-01 1.551294022629614577e-01 1.554709409526419950e-01 1.611312693843452437e-01 1.624357582200474659e-01 1.558935419199546091e-01 1.587273180681459950e-01 1.595136878952869153e-01
6.367377641513854991e-02 5.127977377609221205e-02 1.000000000000000000e+00 3.079417241480568168e-01 2.228403590014589042e-01 2.265910248620409129e-01 3.499790498001248418e-01 2.799968706878768199e-01 3.827511098412570978e-01 3.140663602730024984e-01 3.826127855953738166e-01 3.803121590380566519e-01 3.321237595637551165e-01 2.695564625466791986e-01 3.788645495413099917e-01 3.609168405808140800e-01 3.724452494890775900e-01 3.586667841507434895e-01 4.002899047597039406e-01 2.867218944671326430e-01 3.728263164679626041e-01 3.934394095928898105e-01 3.685207533347207298e-01 3.752652351984464008e-01 3.919937487574624568e-01 4.093211293359330094e-01 4.143450792570332886e-01 4.171835255618983052e-01 3.931805218593620310e-01 4.044516301578872652e-01 4.079049352096347780e-01 3.882142511632010184e-01 3.856220748894563233e-01 3.963611616202412091e-01 3.669681954967918824e-01 3.967567096202326282e-01 4.040711143929889837e-01 3.910970447127428695e-01 3.887719001427580312e-01 4.046642013658505177e-01 4.000128712034890510e-01 3.978065278598713062e-01 3.873791834265583045e-01 3.976515380308424663e-01 4.089189006491480427e-01 3.854461798118651861e-01 3.936776998604217814e-01 3.953934358669382587e-01 3.930820790183043312e-01 3.797567030712750147e-01 3.869094797482580117e-01 3.815626540587800930e-01 3.942923045770541091e-01 3.915110233048198496e-01 4.013609426594569318e-01 3.976232196905254979e-01 3.996314310190399732e-01 4.001150576062968978e-01 3.963175582220969106e-01 3.902297662790082944e-01 3.979650309104925676e-01 3.906597297206990671e-01 3.852204673024265946e-01 3.895966231928398860e-01 3.925453341819400976e-01 3.958275543278779174e-01 3.913233554067320208e-01 3.977630098415571025e-01 3.928094597363789298e-01 3.969991540727177970e-01 4.057813108253566226e-01 4.052089318977063481e-01 3.991572816584416650e-01 4.084146662123846472e-01 4.067877568195648053e-01 4.077993986072153687e-01 4.056489645726487070e-01 4.014617266772914639e-01 4.018892930997664537e-01 3.955103063698691690e-01 4.039985047976878962e-01 4.044659663957319573e-01 3.991141979215548363e-01 3.967474523696159494e-01 4.017822274033382990e-01 3.984191518541580490e-01 3.995329297683376524e-01 3.977931183796732939e-01 3.910963334161258742e-01 4.028880657191487580e-01 4.025690602549370500e-01 3.953756970894088951e-01 3.950462869767898955e-01 3.964214088363369748e-01 3.887531988094971580e-01 3.885108456202551741e-01 3.946533739600939228e-01 3.868900264800553268e-01 3.880065609574081531e-01 3.969035410943493325e-01 3.877086214169314649e-01 3.877757444857424796e-01 3.912767844629144176e-01 3.907344693399018021e-01 3.943080476840146176e-01 3.894411074985945076e-01 3.923165967527167952e-01 3.913324599852969765e-01 3.965644057779899589e-01 3.949020769994595059e-01 3.963472017580006446e-01 3.902513754134607216e-01 3.875150224920211883e-01 3.869296429461370201e-01 3.917390732275473075e-01 3.892359649450577441e-01
-5.977228064702645033e-02 -1.086430594485665764e-02 3.079417241480568168e-01 1.000000000000000000e+00 3.768958057230690217e-01 3.621564276035643126e-01 5.774030014521470688e-01 4.944700191062814665e-01 4.875818683060774150e-01 4.285361648818278857e-01 5.689811763299053027e-01 6.260538075738940611e-01 5.200075860469451916e-01 3.840692775313487295e-01 5.786321533935865347e-01 5.781555152553740085e-01 5.212661386855421686e-01 4.240568190465354714e-01 5.010255681249183857e-01 6.016715039426436817e-01 6.418144232389503268e-01 5.899655366655152111e-01 3.457123073285079951e-01 4.134886725327583390e-01 4.790399339614769825e-01 6.013829680943015843e-01 5.778893209186691804e-01 5.677165550361298330e-01 4.356834658437923613e-01 4.814058236709399807e-01 5.163605167003515461e-01 5.126494972642282599e-01 5.262821999003503004e-01 5.367586013583329763e-01 4.965197933463909030e-01 5.773301441243982035e-01 5.203463890767516808e-01 5.753860456645228938e-01 5.604894054651514690e-01 6.223578773682740817e-01 5.920206634154111525e-01 6.030086726522140284e-01 5.891442467955828599e-01 5.956176743433849730e-01 5.878428540200386632e-01 5.570143433491923091e-01 5.767449070375285647e-01 5.557405569331986817e-01 5.754938429284183199e-01 5.940964798814384329e-01 5.820221447912555801e-01 6.472879377421830727e-01 6.160572023779397055e-01 5.116840155436366278e-01 5.580154736529295834e-01 5.718289021039054676e-01 5.463184985585108899e-01 5.714485370348048043e-01 5.588034130487713469e-01 5.675299069842976163e-01 5.778590275452880620e-01 5.468527616557635751e-01 5.586260290690633346e-01 5.570832355357676624e-01 5.870754325710788590e-01 5.810408644528745059e-01 5.578212541693818860e-01 5.503898966736543441e-01 5.263662513976271606e-01 6.332481234609056431e-01 6.342050193624035881e-01 5.815859433932393241e-01 5.375894446058767651e-01 5.505397530298313802e-01 5.869721686752820133e-01 5.707679794281947938e-01 5.620715746785248657e-01 5.068420491612528611e-01 5.483771318087701241e-01 5.314002062913848468e-01 5.342318523934614927e-01 5.532740625002025014e-01 5.563903121142468322e-01 5.419297605506430138e-01 5.912980186831822138e-01 5.671698688839066360e-01 5.689096993396034474e-01 5.802378384505407771e-01 5.618667656748382866e-01 5.815906032606800169e-01 5.920606089785818149e-01 5.891363442506259984e-01 5.835950489897666627e-01 5.763802240075379668e-01 5.765503075819669032e-01 5.659842042987642818e-01 6.192668073370197757e-01 6.000016144811772811e-01 5.885295292432827230e-01 6.058761534164874840e-01 5.918212690936107689e-01 5.939225354210871943e-01 5.996823573557228393e-01 5.929176830929964170e-01 6.103125367528160483e-01 5.655221192813826292e-01 5.762786399804430415e-01 5.549886081564822105e-01 5.707865272461308814e-01 5.851833897528101458e-01 5.889255610406390895e-01 5.749195047534955139e-01 5.730039406845867100e-01 5.768260372488883680e-01 5.836557204227702522e-01 5.800314183222577968e-01
-2.816499316548715798e-02 3.851683464213014052e-02 2.228403590014589042e-01 3.768958057230690217e-01 1.000000000000000000e+00 2.827204003706437763e-01 4.760047574395110392e-01 4.401027972774873009e-01 4.509045334095803659e-01 4.058248504397632406e-01 4.786407649583811486e-01 5.118405173517547313e-01 4.825506240851370476e-01 3.654122706904089912e-01 5.060719658114473107e-01 5.119755865625514879e-01 4.293380776774076701e-01 3.599489896986201587e-01 3.930818318078461160e-01 4.099819005190057930e-01 4.241769478520469039e-01 4.356500701641474738e-01 3.307526585700041322e-01 3.431551525070260511e-01 3.954604383387721467e-01 4.798660420680853078e-01 4.693537524674405437e-01 4.629466301151082264e-01 4.037492381464745650e-01 4.435569521643112356e-01 4.737105726640568615e-01 4.516677444742440706e-01 4.458883878292093095e-01 4.569859383827716837e-01 4.489594520662206212e-01 4.776026008394005373e-01 4.557443075976664315e-01 5.061228375932209644e-01 5.001562980140938919e-01 4.884096687904908030e-01 4.993284310724371844e-01 5.101238032314689974e-01 5.095208840668264960e-01 5.193480881806211702e-01 4.892622001984352487e-01 5.059353220704954079e-01 5.111495226677501558e-01 4.970691043761182315e-01 5.089183030594170987e-01 5.206257436819472506e-01 5.148086951685054702e-01 5.046429655404021108e-01 5.042370236095549130e-01 4.764114346319016091e-01 4.973125359979745919e-01 4.962479422861396094e-01 4.873136690626100331e-01 4.986792233844468125e-01 4.913457365073727878e-01 5.025043935569037945e-01 5.129103375084074212e-01 4.935313181954167905e-01 5.061702989782926876e-01 5.044537942954773202e-01 5.039525325055601579e-01 5.049867596298128758e-01 4.997865927813934239e-01 4.877171972507343134e-01 4.791304665321605150e-01 5.167061177136680339e-01 5.095320125226102670e-01 5.018269902552806583e-01 4.745429384116452431e-01 4.795150665945279722e-01 5.058329107240299161e-01 4.967332646108798544e-01 4.924209044599155427e-01 4.620963868640580730e-01 4.930666610304134112e-01 4.916177488649685068e-01 4.859713590264934102e-01 4.991537753798009902e-01 4.868566359391087728e-01 4.878090664130753651e-01 5.136749723439467674e-01 4.955896374610197497e-01 4.949403466400656981e-01 5.134447927999494787e-01 5.042062666971698359e-01 5.027542809409276670e-01 5.048229211988310983e-01 5.157443849726619511e-01 5.073036256881279238e-01 5.079483840120867510e-01 5.117802375993418806e-01 5.054784926700257586e-01 5.292011247543199071e-01 5.180131451999355763e-01 5.212112006100527717e-01 5.230537494147823319e-01 5.183537498515490283e-01 5.228051817082657315e-01 5.133512417785539572e-01 5.198571113642953545e-01 5.197348533385128810e-01 4.994034678965060259e-01 5.103675631936929191e-01 5.013484547249651424e-01 5.068799455358226069e-01 5.103646253531739507e-01 5.069212540028286140e-01 5.096443914366102224e-01 5.054729740319163778e-01 5.144406497416385005e-01 5.053271256630494923e-01 5.093927630156156461e-01
3.577378714293961981e-02 8.768627167017423174e-02 2.265910248620409129e-01 3.621564276035643126e-01 2.827204003706437763e-01 1.000000000000000000e+00 5.022411905884408556e-01 4.150318577969846490e-01 4.823159064693218201e-01 4.528863746232741905e-01 5.086800800891378982e-01 5.244925530112372059e-01 4.868239730428956524e-01 4.103132031780155065e-01 5.350841273483089022e-01 5.202225216188578472e-01 4.739200257262357607e-01 4.458443861029208199e-01 4.932088611803704392e-01 3.923537576615891975e-01 4.353635470262375295e-01 4.999889590435012687e-01 4.310549405350665997e-01 4.459710102489849448e-01 4.995126032014174933e-01 5.304112934918049360e-01 5.332420163586072404e-01 5.297401030906058184e-01 4.873758301422574934e-01 4.949143548662857106e-01 5.314987736154597187e-01 5.128417660028491420e-01 4.794655498004634642e-01 5.163925341088924093e-01 4.788573471297274398e-01 5.200668985849068449e-01 5.140831061918235134e-01 5.323870973295526943e-01 5.268336454352974263e-01 5.388739352045220921e-01 5.464396055370573935e-01 5.433429737440748086e-01 5.390684349671525100e-01 5.438822342999194426e-01 5.463347543235742565e-01 5.435297165104178152e-01 5.440016768850090001e-01 5.431286314490806344e-01 5.344414317781647217e-01 5.041609728149122338e-01 5.236180670383224767e-01 5.313244801142940066e-01 5.464621189004886803e-01 5.279888116378144147e-01 5.341679501420261156e-01 5.377006533039307978e-01 5.245756672513950392e-01 5.405564320476021756e-01 5.252672404646346882e-01 5.421984055479754927e-01 5.336817690312430917e-01 5.298080590557123770e-01 5.307478340402695949e-01 5.305134328248399811e-01 5.423872996181213768e-01 5.434680108254831277e-01 5.420055935549253912e-01 5.458187008358866832e-01 5.368505424375421553e-01 5.459266101424314899e-01 5.503044937983367912e-01 5.532174974996243444e-01 5.415594412004609559e-01 5.451255007819134635e-01 5.551812101373687636e-01 5.459136472510988103e-01 5.452878148717152929e-01 5.327805399345258985e-01 5.423573906021099678e-01 5.359684331450896844e-01 5.388281733364143067e-01 5.453291563294987432e-01 5.388747096313138973e-01 5.340919918459967608e-01 5.479129564121877349e-01 5.454491074310988674e-01 5.447226138522032191e-01 5.499500320609972404e-01 5.449694359680533617e-01 5.451986795661067919e-01 5.484188775088907342e-01 5.510154186012041766e-01 5.494318137726061924e-01 5.497914283191522866e-01 5.486356340649884977e-01 5.466087724104634615e-01 5.446470882754068654e-01 5.377510502396048997e-01 5.467627006362805187e-01 5.515389142168397596e-01 5.494316824319971371e-01 5.466068989970500613e-01 5.512165015007373103e-01 5.515473274172184581e-01 5.494938604508327051e-01 5.381002451794728580e-01 5.442888879322181905e-01 5.424109225526058120e-01 5.455735059543627141e-01 5.473740087739799032e-01 5.477800570694995042e-01 5.469136434705073047e-01 5.430852100326134524e-01 5.453114449580072076e-01 5.477126819713115102e-01 5.470099108099386598e-01
5.609361800087887644e-03 1.028935404941763859e-01 3.499790498001248418e-01 5.774030014521470688e-01 4.760047574395110392e-01 5.022411905884408556e-01 1.000000000000000000e+00 7.012176763106299227e-01 7.383545394983762611e-01 6.984380358254137500e-01 7.833603326442186709e-01 8.154667033267257725e-01 7.483314096384779956e-01 6.086698846642757399e-01 8.409920698104967896e-01 8.162852998795598891e-01 7.467899459715499066e-01 6.452156471862978693e-01 7.112357204222558016e-01 6.255992735741870980e-01 6.666301801394010074e-01 7.340608688819728611e-01 6.210704104986775054e-01 6.343029069363559369e-01 7.072599682750599914e-01 7.963874003110907873e-01 7.870255755626819338e-01 7.905030859289163825e-01 7.052011643547131392e-01 7.573268119101681517e-01 7.994698467082873572e-01 7.822840455340899224e-01 7.653005416958894580e-01 8.019296482720021935e-01 7.617825312283090788e-01 8.146830306930222809e-01 7.865177551144773016e-01 8.380431373037725562e-01 8.357846365867482863e-01 8.256965052112893444e-01 8.383041584027173254e-01 8.467309350794010037e-01 8.441597133342145787e-01 8.457060126918928278e-01 8.302777485298495908e-01 8.382253172715198319e-01 8.366626001500014898e-01 8.344035853732063579e-01 8.320299555416993398e-01 8.104460149193165597e-01 8.290517468374664078e-01 8.063932603547518951e-01 8.234976408690196648e-01 8.119869429846726661e-01 8.287999908663473692e-01 8.337189703987825107e-01 8.153172090415886641e-01 8.365955447622546171e-01 8.221372991843222122e-01 8.333443756196813323e-01 8.356003949688665111e-01 8.250489568911452132e-01 8.263329763591629185e-01 8.309847581833255115e-01 8.295717010535238467e-01 8.358789367853705077e-01 8.331144767219733627e-01 8.235346923728463775e-01 8.130049106763256317e-01 8.370995240574983232e-01 8.335807213603089183e-01 8.345382549437138087e-01 8.079456873168709974e-01 8.110680172346461658e-01 8.390494887841761784e-01 8.330289565220017067e-01 8.278218292656899235e-01 7.929037911171789021e-01 8.262138409608086320e-01 8.168621397657346295e-01 8.175550317020324753e-01 8.291081741848059794e-01 8.295151800224531691e-01 8.171447862804988027e-01 8.446591848789322121e-01 8.345709604302328222e-01 8.337066084684154887e-01 8.469967735673069598e-01 8.397070774919906944e-01 8.386584449169802724e-01 8.408863785644388189e-01 8.479928026302759880e-01 8.400923721831515811e-01 8.433432449745931203e-01 8.394460957249565425e-01 8.373610750274744774e-01 8.446806506892567956e-01 8.383239463609237774e-01 8.416105012583964262e-01 8.475092770009550192e-01 8.500082388888891005e-01 8.444597420892295814e-01 8.417342189290606402e-01 8.448300744301650012e-01 8.463756627021594703e-01 8.342128976602382062e-01 8.397928157512468683e-01 8.325110326684479478e-01 8.409192754764694966e-01 8.408474784482941056e-01 8.417293001108075989e-01 8.382595236870847843e-01 8.385439590143262123e-01 8.403033645985894529e-01 8.363994307017945662e-01 8.391160575559998280e-01
-3.918765617660312922e-02 8.862603775346304669e-02 2.799968706878768199e-01 4.944700191062814665e-01 4.401027972774873009e-01 4.150318577969846490e-01 7.012176763106299227e-01 1.000000000000000000e+00 6.750302129532301798e-01 6.215396274564582990e-01 7.031550494420970576e-01 7.550922697483077872e-01 6.838539566128690739e-01 5.622750742677986580e-01 7.657708278598234219e-01 7.712142694192186676e-01 6.474350019030549186e-01 5.173081871743739901e-01 5.903107606265473040e-01 5.424092128714453898e-01 5.509502903442723420e-01 6.250404777843847626e-01 5.128144453508474143e-01 5.071642797925383084e-01 5.915586862898798426e-01 6.979819647422490503e-01 6.769430236027185188e-01 6.717186421934199236e-01 5.990965909356189556e-01 6.489636749588242326e-01 7.084338939287926351e-01 6.890242009541049928e-01 6.474056172631186268e-01 7.008544227037102337e-01 6.573800442803896527e-01 7.191607430948512292e-01 6.812339100860221874e-01 7.681090725287822440e-01 7.625011214928949510e-01 7.298919388157398824e-01 7.511547976563195395e-01 7.666377129158943315e-01 7.707568799828280470e-01 7.721245931752536151e-01 7.335895640236114179e-01 7.582094698508160535e-01 7.714567310573068326e-01 7.590616819369097046e-01 7.752147440576885318e-01 7.642036574704496044e-01 7.786181543693487805e-01 7.245148267193978198e-01 7.498458918379095062e-01 7.277886372763580081e-01 7.551092760761627387e-01 7.484443554581358127e-01 7.366305572621145714e-01 7.681771555352011616e-01 7.623033999041118891e-01 7.608328786707284630e-01 7.707773347874301573e-01 7.605266257151120923e-01 7.692435380825042301e-01 7.678716149986369865e-01 7.468338444366900974e-01 7.553580341344546811e-01 7.594559955412928387e-01 7.381511724970730715e-01 7.321996540584183588e-01 7.556448765470147322e-01 7.464147059464305567e-01 7.518359942365270276e-01 7.140739040944326099e-01 7.198192086826983305e-01 7.577269994253039709e-01 7.452865028455514240e-01 7.418387868314380018e-01 7.081373844523983774e-01 7.437647649595855448e-01 7.454073449498748172e-01 7.369393688171828050e-01 7.571718648402706586e-01 7.432920523423567349e-01 7.344755427970148798e-01 7.690408024363687423e-01 7.556453979612828276e-01 7.556136444565031418e-01 7.712120574937892936e-01 7.670937664451648041e-01 7.593725593382950612e-01 7.519841255002761571e-01 7.736505923206804525e-01 7.613967850089849998e-01 7.693683638655689494e-01 7.742812982025163437e-01 7.688124323410708838e-01 7.887872685472354650e-01 7.780023238522113527e-01 7.855445125073150514e-01 7.844330625685156377e-01 7.807400189126399992e-01 7.868132047481637414e-01 7.678890863914143994e-01 7.808944979174443635e-01 7.742773511371607853e-01 7.632546738209463610e-01 7.743858120646888166e-01 7.628590521156730642e-01 7.731518044099900955e-01 7.769071924680754915e-01 7.727386675976634089e-01 7.717315245847941041e-01 7.723130509106186370e-01 7.802557755501828840e-01 7.637831947419471135e-01 7.661713423851669313e-01
1.126183286059286442e-01 1.994829897226861604e-01 3.827511098412570978e-01 4.875818683060774150e-01 4.509045334095803659e-01 4.823159064693218201e-01 7.383545394983762611e-01 6.750302129532301798e-01 1.000000000000000000e+00 7.581241522232816665e-01 8.182585396430888114e-01 8.159103652016719277e-01 7.602475380399374982e-01 6.421293096627194164e-01 8.433330807015783082e-01 8.122867325787381798e-01 8.195340593634720117e-01 7.400157561196055722e-01 7.978585528646540137e-01 5.557121422063986405e-01 6.215807681315952404e-01 7.744540259206822430e-01 7.620228870413553457e-01 7.502634036250218630e-01 8.051241906945919569e-01 8.397166773076659707e-01 8.332136948283848099e-01 8.447433646961765019e-01 8.164024361556264653e-01 8.481854174810942171e-01 8.790166659879401490e-01 8.631478263597393008e-01 7.898865115789065472e-01 8.581320977601386568e-01 8.094222419017147452e-01 8.417430591846929433e-01 8.508527284632785292e-01 8.639145879609103629e-01 8.706224108304623233e-01 8.359293587512858226e-01 8.722956985527783313e-01 8.675380543669710676e-01 8.656977953124199709e-01 8.762993354775870936e-01 8.764152852593322107e-01 8.719036497696034393e-01 8.761076045118424416e-01 8.873220042836698074e-01 8.760726646877895485e-01 8.246388425901665098e-01 8.612857459223706158e-01 8.281859016687005415e-01 8.535662485246988673e-01 8.840812254114593927e-01 8.828480814712984515e-01 8.755460458013103464e-01 8.802597739015547429e-01 8.789724434381831486e-01 8.791679830650616090e-01 8.834166971627570586e-01 8.817088244055046875e-01 8.805375130401644768e-01 8.704172289541222129e-01 8.798588881600324374e-01 8.765888337919882645e-01 8.859469784356369670e-01 8.864029278853549076e-01 8.879533188380371866e-01 8.883827011191257617e-01 8.524930171923493782e-01 8.567563918805516376e-01 8.868903434341375291e-01 8.827406564136143219e-01 8.871294303343369991e-01 8.870698685189726262e-01 8.854886409310859241e-01 8.827179963305445964e-01 8.805358225617496704e-01 8.883203838187877510e-01 8.860430988576566413e-01 8.876945076339702867e-01 8.889598553937827496e-01 8.873674685611590007e-01 8.774919144649994118e-01 8.812940727623501669e-01 8.867915409171623908e-01 8.831463730422863811e-01 8.850747993757462906e-01 8.830538342262139739e-01 8.876473070768874374e-01 8.754403682176001844e-01 8.831029279482495165e-01 8.838136479361753395e-01 8.827842511262238290e-01 8.823868063206672385e-01 8.840252509533604863e-01 8.638283586301186423e-01 8.729454324046506120e-01 8.761716544464164258e-01 8.756015828636218856e-01 8.768219147575353478e-01 8.756137684388388687e-01 8.790792944301829559e-01 8.777302709511636269e-01 8.794177254074838634e-01 8.850445495520807837e-01 8.859687345653189938e-01 8.868304420840067426e-01 8.885048711527420151e-01 8.820697264271784022e-01 8.840537785119807479e-01 8.833132765052890134e-01 8.830342626949054807e-01 8.795402845174788986e-01 8.840485227744595553e-01 8.845177719054760912e-01
7.822138977754808375e-02 1.945058727083207872e-01 3.140663602730024984e-01 4.285361648818278857e-01 4.058248504397632406e-01 4.528863746232741905e-01 6.984380358254137500e-01 6.215396274564582990e-01 7.581241522232816665e-01 1.000000000000000000e+00 7.609430162117707397e-01 7.580010801402031761e-01 7.147114173446240670e-01 6.064143559015244822e-01 7.988214961625437205e-01 7.861439979765053598e-01 7.558049055739549660e-01 6.777325212501389418e-01 7.234907404848006651e-01 4.944852349966613603e-01 5.405160534169147768e-01 6.925723968199433145e-01 7.007300779112823896e-01 6.715282625250763582e-01 7.276569773928460716e-01 7.725846133218511325e-01 7.621455754230876956e-01 7.761807569275904761e-01 7.564652615483945519e-01 7.852435203017442689e-01 8.210238965461595928e-01 8.105040908242461262e-01 7.412377623617394384e-01 8.049913925063395537e-01 7.656780107692099380e-01 7.870933603873323525e-01 7.911223128094112544e-01 8.150698272657209698e-01 8.243391220418737619e-01 7.735379562111998064e-01 8.199650183272130244e-01 8.099489807527487928e-01 8.167053112388806824e-01 8.205922147582642712e-01 8.180381281264602622e-01 8.218883944443323708e-01 8.323890118838862540e-01 8.441075832379865140e-01 8.259042444591750964e-01 7.658894186675038185e-01 8.112021824535216030e-01 7.546229602624664468e-01 7.991601196488071768e-01 8.434027143322174735e-01 8.353071210020478476e-01 8.279241304294369108e-01 8.274797611538905473e-01 8.338156579078392916e-01 8.323114610386035395e-01 8.343065991878234611e-01 8.321815922181665659e-01 8.383883176712080276e-01 8.243260509782720513e-01 8.331308532180914384e-01 8.247100513147740397e-01 8.312256179576281712e-01 8.380066666579478740e-01 8.368142849773487768e-01 8.398906435299772211e-01 7.940050224579332516e-01 7.930940382242439579e-01 8.300897174877106544e-01 8.270924435824992260e-01 8.233213673858836845e-01 8.325966610433781501e-01 8.290800128442281647e-01 8.313299749302340835e-01 8.306778185027520189e-01 8.337287561464294949e-01 8.404401217991116502e-01 8.365080165388113498e-01 8.406162625178726922e-01 8.384091510568716377e-01 8.305950368920581584e-01 8.288227841955720931e-01 8.380534172866751508e-01 8.336912997411339843e-01 8.342817736188077316e-01 8.370906675799223429e-01 8.320028289512819697e-01 8.215522615457432343e-01 8.324073574810205711e-01 8.350089505901626685e-01 8.350024067550912976e-01 8.362849746512757143e-01 8.393268622081924146e-01 8.085656711251480999e-01 8.162001184805013354e-01 8.273154978727826903e-01 8.232392759377801239e-01 8.292989979308659221e-01 8.265702139998625242e-01 8.287384526201465595e-01 8.291179508778151463e-01 8.235464961828208308e-01 8.390818938631583457e-01 8.370964893777078641e-01 8.439153379945774081e-01 8.393007945376598222e-01 8.328020525943684582e-01 8.335822143036059062e-01 8.392269310023904305e-01 8.388778259302849261e-01 8.353270571860296201e-01 8.318059954176215687e-01 8.362172007206990498e-01
4.830184838532114444e-02 1.464918768740952892e-01 3.826127855953738166e-01 5.689811763299053027e-01 4.786407649583811486e-01 5.086800800891378982e-01 7.833603326442186709e-01 7.031550494420970576e-01 8.182585396430888114e-01 7.609430162117707397e-01 1.000000000000000000e+00 8.678317300115280242e-01 7.894685582167878524e-01 6.590151491547396878e-01 8.780456834343622896e-01 8.487342981608888559e-01 8.146566420089549343e-01 7.193942477123584922e-01 7.870538787131294844e-01 6.192804382521709394e-01 6.837809059583604965e-01 7.990021056779658126e-01 7.195908764796485890e-01 7.193809110428256437e-01 7.893429382545955608e-01 8.649322892842823407e-01 8.592971371555292448e-01 8.695153567801432448e-01 8.026955767382494278e-01 8.456807815039385501e-01 8.851545675083419829e-01 8.601639635543116835e-01 8.238450125748782993e-01 8.679354265018833781e-01 8.287314751284893255e-01 8.730321771557586485e-01 8.679708876837781695e-01 8.873896891006443077e-01 8.945289311091483286e-01 8.798637865859267881e-01 8.979888314579821396e-01 8.998412981275267786e-01 8.967228529437056839e-01 9.054976775010351586e-01 9.013585223716207295e-01 8.958433058541348526e-01 9.054773344205447883e-01 9.053656650185035737e-01 8.990202821876785988e-01 8.589601213002127089e-01 8.881911730179339326e-01 8.660303960391569911e-01 8.887108973601270945e-01 8.893710082331653943e-01 8.986518542077988059e-01 8.993272742380370444e-01 8.891681881280454336e-01 9.019974906373131596e-01 8.972084231106881580e-01 9.034511981058116481e-01 9.057188230481062474e-01 8.988721534989957407e-01 8.930908899427701941e-01 8.968673784143448291e-01 8.996033875365089250e-01 9.061834338894722007e-01 9.054435060180257011e-01 8.989539362823069091e-01 8.926318525439276286e-01 8.926258064204317666e-01 8.934181612443558018e-01 9.081246323522746966e-01 8.876942350185539343e-01 8.941096389161137248e-01 9.112727911740943210e-01 9.101522482061347175e-01 9.044807221558339716e-01 8.839615371397417931e-01 9.007552436173528188e-01 8.999624093637028643e-01 9.008164288207669568e-01 9.057205505925647326e-01 9.030209181278326946e-01 8.978979055617386518e-01 9.092156267113061796e-01 9.064295655581036115e-01 9.067927882209065871e-01 9.090982411835590860e-01 9.073906372569942036e-01 9.088686803614770549e-01 9.077771618476101478e-01 9.111526319179346078e-01 9.096534022713159695e-01 9.089941338753522171e-01 9.080986233864360990e-01 9.075502542400718520e-01 9.011791398150135191e-01 9.009956089325881212e-01 9.054383195893653813e-01 9.085586786248338598e-01 9.086729396893235000e-01 9.052541845139887577e-01 9.073943215935923456e-01 9.089522414293995656e-01 9.103951254267443893e-01 9.040166237746308786e-01 9.093189660912909256e-01 9.066216904896929885e-01 9.090810484577394046e-01 9.093025376554065842e-01 9.093086000358243659e-01 9.083164963547888382e-01 9.072784672025142605e-01 9.061366502094353459e-01 9.075855359279036971e-01 9.100070593068830815e-01
-3.413850134146048654e-02 1.073988009521861520e-01 3.803121590380566519e-01 6.260538075738940611e-01 5.118405173517547313e-01 5.244925530112372059e-01 8.154667033267257725e-01 7.550922697483077872e-01 8.159103652016719277e-01 7.580010801402031761e-01 8.678317300115280242e-01 1.000000000000000000e+00 8.256196659489395406e-01 6.748115699471914919e-01 9.048141745319987495e-01 8.998559092669048409e-01 8.175857373543002904e-01 6.785481446279267859e-01 7.592423199944108303e-01 6.905276222856265855e-01 7.321953250510870870e-01 8.061488069385635002e-01 6.517448465674613445e-01 6.643229517496738179e-01 7.540483970235667410e-01 8.644764350022944299e-01 8.518697127610812547e-01 8.503506827655539224e-01 7.611186184824108025e-01 8.074692159026908289e-01 8.709322196640633118e-01 8.549476077636257720e-01 8.029830342124885112e-01 8.605255940873455245e-01 8.040390919948509074e-01 8.821831976986577173e-01 8.462279116088201603e-01 9.075008292782872354e-01 9.068526787826357571e-01 8.971512890969829401e-01 9.190559517182185223e-01 9.219672637242807278e-01 9.183655871318955333e-01 9.249959623853708512e-01 9.075748792643465457e-01 9.102440325628622375e-01 9.325218127455410233e-01 9.190905367780509705e-01 9.264714341224282723e-01 8.882258379277877536e-01 9.149028501968926586e-01 9.068281758347750410e-01 9.229722693501466457e-01 8.896282835020502544e-01 9.113613641844083846e-01 9.080181202244326233e-01 9.045209024544955678e-01 9.239246724918608322e-01 9.195004233873950161e-01 9.271119472292443930e-01 9.282280971400768133e-01 9.190458814099140561e-01 9.219432243164230600e-01 9.203277151404872791e-01 9.228768219931866579e-01 9.282263599745224081e-01 9.216892701389989284e-01 9.051018253912702649e-01 8.906006547308980004e-01 9.291199085191399476e-01 9.275403426643341609e-01 9.219261575085657689e-01 8.842060352543626989e-01 8.909352003356824090e-01 9.256490124379781470e-01 9.145586529815957766e-01 9.093529397129060943e-01 8.717642330167268971e-01 9.074505236713834577e-01 8.982470419976703591e-01 8.987184309716355068e-01 9.173375874801208418e-01 9.110322012337420672e-01 8.933773444069168512e-01 9.249034087656533565e-01 9.182502311449866061e-01 9.196608120140458142e-01 9.274362580770879605e-01 9.223024794290216599e-01 9.228221499297868391e-01 9.228978518701478340e-01 9.343957351394611699e-01 9.309286658970531425e-01 9.284509324103085159e-01 9.335401319222890182e-01 9.290506155849284076e-01 9.326848613454750136e-01 9.304834799447110338e-01 9.344342689933349266e-01 9.377066172628911733e-01 9.339200413079762342e-01 9.355813623206032936e-01 9.364393086249269693e-01 9.378742916418849607e-01 9.387112051166459636e-01 9.218265481213374635e-01 9.316783294887935885e-01 9.212690346679173192e-01 9.284722088480005242e-01 9.353853357200102581e-01 9.349477560814830612e-01 9.327673327105608925e-01 9.316666510599660445e-01 9.331700101550582938e-01 9.310436592555831892e-01 9.322394475539064196e-01
1.071554660473965402e-03 1.239481561109477409e-01 3.321237595637551165e-01 5.200075860469451916e-01 4.825506240851370476e-01 4.868239730428956524e-01 7.483314096384779956e-01 6.838539566128690739e-01 7.602475380399374982e-01 7.147114173446240670e-01 7.894685582167878524e-01 8.256196659489395406e-01 1.000000000000000000e+00 6.225385969458320234e-01 8.391567730187691199e-01 8.293799083736090871e-01 7.576400003393034543e-01 6.515072009384526019e-01 7.168609519040892719e-01 5.894804047996473617e-01 6.248857092214421538e-01 7.307615903734702156e-01 6.503028994845027055e-01 6.432665148847045433e-01 7.174675202481699543e-01 7.950599606345809534e-01 7.847756424207866788e-01 7.889977341774390140e-01 7.261408182807645995e-01 7.718959072704021374e-01 8.208630940452267266e-01 8.015592061766163567e-01 7.414684560887756515e-01 7.991950097864861657e-01 7.619919130364849469e-01 8.070608544487277713e-01 7.891233628759345420e-01 8.425990699998437972e-01 8.421991921766606159e-01 8.114216584459815751e-01 8.433937282027823557e-01 8.506200239589182255e-01 8.459968951215979249e-01 8.556535350085852087e-01 8.355266207693079483e-01 8.498043388220380967e-01 8.623510643806669984e-01 8.565940972538532705e-01 8.545747835338542986e-01 8.212102403945963358e-01 8.471936072569585807e-01 8.067425460497922307e-01 8.340558363127716923e-01 8.376112497007897062e-01 8.492285785697724076e-01 8.415009006982860917e-01 8.346576277243701325e-01 8.571298444561754604e-01 8.499070046051303562e-01 8.607712214191308719e-01 8.596653623723869986e-01 8.538913327691292077e-01 8.526523847279585677e-01 8.542586093151003368e-01 8.492937077664181045e-01 8.537332199445240022e-01 8.561621147429118173e-01 8.478086819616086345e-01 8.395958080970904458e-01 8.445656535626808736e-01 8.418128387659612466e-01 8.534286071671520757e-01 8.328088130984707682e-01 8.346264482866750933e-01 8.581682020919940701e-01 8.512810148507610197e-01 8.464411413405036333e-01 8.205388097400094782e-01 8.498392216368166885e-01 8.475534529944990236e-01 8.465403121686200238e-01 8.563696126791012775e-01 8.441858398126318441e-01 8.353809810907651956e-01 8.570240416812797690e-01 8.522759765471126236e-01 8.515987498994109783e-01 8.596545899888541342e-01 8.575659480301195403e-01 8.555205325652684989e-01 8.501155562012119304e-01 8.635550306139013754e-01 8.599575130761745179e-01 8.611086621546149011e-01 8.646269618726956097e-01 8.623192849607073107e-01 8.574291238296930517e-01 8.533518252935675674e-01 8.639129867635937376e-01 8.629405473728857245e-01 8.628302875520780235e-01 8.638557997923912435e-01 8.579560275787679879e-01 8.653309967606078734e-01 8.607783131876095561e-01 8.542329078251198471e-01 8.621629802981941593e-01 8.591984314275644685e-01 8.623732510419597208e-01 8.641728267023054411e-01 8.617573084040832665e-01 8.640695570270162662e-01 8.606798866121776470e-01 8.624926920439967004e-01 8.596061108613859414e-01 8.600141278172130921e-01
