1.000000000000000000e+00 2.029076271508279961e-01 7.353773347450895392e-02 -4.879870317214476255e-02 3.953758436251073038e-02 -1.310322905321331839e-02 -1.366030344707584200e-02 -2.985887629325686618e-02 1.005617190776465220e-01 7.322835703754643211e-02 -5.146482696902291050e-03 -2.033852601705250784e-02 -5.185287399044007269e-03 4.960038988647295054e-03 -9.656494798750435427e-03 -1.164564901235628364e-02 8.066709371843500120e-02 1.440329937652838066e-01 1.075552378934163944e-01 -2.828664431567507603e-02 5.593739138375419112e-02 8.565796495286283341e-02 1.888362254636281878e-01 1.292884633420347540e-01 1.016420077639409031e-01 7.814654148130049938e-02 1.038497704415950462e-01 1.069828191549486995e-01 1.449602289932976074e-01 1.250934052233775573e-01 1.001110611518016419e-01 8.360138333668015731e-02 7.696950312335389122e-02 6.691244306552755761e-02 1.014261294664751817e-01 3.922074590625489188e-02 9.828213014710397710e-02 5.997355599730008757e-02 4.851470836426154121e-02 3.944567122341178372e-03 1.442934458290239842e-02 1.834894672847574293e-02 4.899258280606150380e-03 3.115042273869510908e-02 4.654198513415081645e-02 3.987312425605604033e-02 3.272110715763404442e-04 2.500233721793816005e-02 5.424823562100635627e-03 2.750566741882788657e-02 4.552995773848538680e-02 -3.130300244454808228e-02 -9.032159746645659903e-03 3.408192387248708266e-02 5.153452217293551935e-02 5.116877576524227894e-02 3.924036145098875467e-02 1.817349504535428067e-02 2.892665672956495904e-02 1.511759488545876516e-02 1.783542947883101290e-02 1.429865250855279213e-02 2.147047668414866356e-02 2.483694724616900343e-02 4.913034119131452077e-02 4.463120586157205000e-02 2.384624952819970611e-02 4.489701876819991722e-02 5.737948543880191238e-02 -1.758446879382819048e-03 7.315025430522184915e-03 3.243158492612500943e-02 3.605051229520420120e-02 2.479282073926574598e-02 3.956692799709021074e-02 4.629387906065601799e-02 4.243586251275569682e-02 6.374257834586724569e-02 5.252034014043855531e-02 6.605021863320870157e-02 6.169385539961033671e-02 3.852840217155897168e-02 4.419303460979554649e-02 7.274520297714043293e-02 2.859024427951072089e-02 2.426252655433179528e-02 3.703642729338419565e-02 1.345972035078722533e-02 2.430760299927996193e-02 2.373839879473265899e-02 1.553379303561989305e-02 1.204165205756140174e-02 1.803616982525501483e-02 1.788110685358770477e-02 4.298186465939988262e-04 1.108778262319193124e-02 -1.535624549033289162e-02 1.931684658046205899e-02 5.370554552557173376e-06 5.547602901597577414e-03 -5.280168572088938736e-03 5.742617804900686240e-03 -9.938790444589343936e-04 -5.847699934808181857e-04 -1.844426691505546756e-03 2.768861966522890780e-02 5.987242947970762043e-03 2.172067768073784183e-02 2.496793632544794250e-02 1.057818066831324455e-02 4.547542739337836516e-03 9.129331470067052201e-03 1.873488636384973774e-03 1.529903974019251010e-02 3.021103613923637257e-02 1.616810968560924294e-02
2.029076271508279961e-01 1.000000000000000000e+00 4.482416855504076786e-02 4.083631125213162821e-02 1.227103529340542315e-01 9.571607496202096110e-02 1.110827164866065586e-01 1.147475161287021400e-01 1.723824169037752596e-01 2.206224097647216387e-01 1.438690772493058101e-01 1.246977275794730750e-01 1.410336222899364333e-01 1.329048002430298636e-01 1.402951686395026987e-01 1.388584389476318626e-01 1.653335639165613158e-01 2.002681133650608125e-01 1.792833529309609264e-01 5.858167444591758088e-02 1.127995388832258999e-01 1.506013158460827728e-01 2.022378028481789936e-01 1.709209034312094144e-01 1.724372587785789057e-01 1.958700677147064140e-01 1.885484076948607535e-01 2.030453471888114536e-01 2.410946581618542417e-01 2.178511542753683583e-01 1.984782162336221623e-01 1.889841037494845999e-01 1.849148319657231421e-01 1.856292562687590908e-01 2.049433739327355120e-01 1.632575575406432777e-01 1.885656480096481735e-01 2.018111105243543535e-01 1.859425632009897578e-01 1.612950312956012433e-01 1.627887945999292874e-01 1.570043158722312093e-01 1.351938407976479850e-01 1.559967212685113847e-01 1.663096380478802649e-01 1.814352922706190252e-01 1.530751922957308830e-01 1.729674816215507338e-01 1.649568290444557161e-01 1.757146617764623053e-01 1.763936099475145736e-01 1.018782926630780045e-01 1.411318486349802115e-01 1.621893772142560530e-01 1.827667820403660603e-01 1.831841726500192669e-01 1.643057165230945582e-01 1.579024314511082439e-01 1.606788825184927161e-01 1.533268771680861009e-01 1.487299813027996576e-01 1.609674736461680633e-01 1.618046847330125160e-01 1.680552013651355758e-01 1.706221169478290556e-01 1.724379839551872518e-01 1.644440824973643633e-01 1.695080419596320942e-01 1.779806507751303390e-01 1.328200745378878833e-01 1.380373450009209635e-01 1.589886599287821944e-01 1.614980346328256100e-01 1.505082936877089883e-01 1.788495323631377476e-01 1.764974756341192996e-01 1.902863028548172075e-01 2.009075323814073222e-01 1.836986097349299074e-01 1.844186893518881265e-01 1.793174887667592921e-01 1.682987357695901187e-01 1.767546885134224366e-01 1.899756374177035967e-01 1.578942379766301307e-01 1.622331592730332228e-01 1.684864548831666864e-01 1.615109628160300570e-01 1.651142607662285933e-01 1.713812089436980157e-01 1.600231703235471536e-01 1.608377167985442779e-01 1.553070079252441560e-01 1.582875832818854966e-01 1.494328713035526501e-01 1.613116481097155996e-01 1.331458738706562395e-01 1.493169633438620192e-01 1.476322794261110127e-01 1.494751162178324655e-01 1.468735479068796201e-01 1.510272358736410303e-01 1.429050925672320227e-01 1.437271591368985135e-01 1.382782795892851802e-01 1.647839608560967561e-01 1.543404785502169585e-01 1.687658329850010575e-01 1.666435632262867617e-01 1.609995531171889427e-01 1.547051114723460019e-01 1.552116695660839263e-01 1.521073281706041003e-01 1.547814745404183512e-01 1.611487516048562274e-01 1.529454806857498128e-01
7.353773347450895392e-02 4.482416855504076786e-02 1.000000000000000000e+00 3.345231847811544479e-01 2.348873927693884700e-01 2.660668948665763645e-01 3.422702729273474076e-01 3.418378843640808018e-01 3.658911980042098833e-01 3.339175554527695766e-01 3.802938891916423647e-01 3.854684204175348738e-01 3.528183642039394163e-01 3.795808854078097649e-01 3.796609429292965299e-01 3.768324456342125317e-01 3.692533780854005965e-01 3.430749392655403907e-01 3.614967738095687388e-01 3.440134329526272627e-01 3.246150539732470808e-01 3.379260766053249765e-01 3.733329118151094694e-01 3.510169480499416572e-01 3.326860659165123413e-01 4.010885995458434161e-01 3.969465102053066907e-01 3.928870940784462973e-01 3.834447105981004800e-01 3.992600113701447739e-01 4.068021687801114950e-01 3.992887275691869853e-01 3.787817254310970050e-01 3.951081328136690218e-01 3.727798529540803374e-01 3.873654487417826364e-01 3.848062887913681895e-01 3.964521344279333115e-01 3.995186089808288044e-01 3.854552973844769803e-01 3.967991440218541777e-01 3.974679199261654250e-01 3.946885902977541050e-01 3.975266021715441744e-01 3.933734900499420983e-01 3.934374623365116674e-01 3.950221090230534582e-01 3.951691072750227463e-01 3.985065910458968075e-01 3.913049550771648399e-01 3.964983536139497500e-01 3.916420300538032140e-01 3.958947859813773951e-01 4.053263273965919677e-01 4.143130521094233742e-01 4.049410359457399911e-01 4.083717302006378835e-01 4.074390454030403785e-01 4.120291396996919042e-01 4.041854996408175693e-01 4.035600828164316867e-01 4.092208773947350053e-01 4.056424699228799446e-01 4.006220486131150671e-01 4.022039708184302342e-01 4.019260815370506723e-01 4.017106895713170034e-01 3.994495200026939585e-01 3.981328195449416740e-01 3.995253392624808497e-01 3.949577832626355312e-01 4.013037331371746008e-01 3.979759497461463624e-01 3.928404462828082866e-01 4.065970768101946908e-01 4.037359424846255207e-01 4.002367854796759494e-01 4.037161138673824312e-01 4.020487741880330312e-01 4.026558902688675556e-01 3.972328094101008067e-01 4.012908350588419437e-01 3.971338108047620663e-01 3.970076357316107973e-01 3.959047408823418990e-01 3.994381467087524396e-01 3.971710027115960551e-01 4.000214665304857031e-01 3.971368946443097903e-01 4.000284550953432383e-01 3.978003675110642345e-01 3.992167711233760019e-01 4.004930009881149111e-01 4.032619709974519240e-01 3.990527225849391790e-01 3.995521501005605547e-01 3.921804509554243645e-01 3.946428144870441912e-01 3.984890017680713381e-01 3.975988004558637656e-01 4.004040680022795673e-01 4.022675568743015462e-01 3.973472905522295040e-01 4.005742671309323599e-01 3.990155607995085618e-01 4.001948274127749006e-01 3.985595028955392083e-01 4.009136604424438088e-01 4.012951738692721593e-01 3.999332682219546298e-01 4.016061315514540819e-01 4.000319450313241099e-01 4.021574419495876906e-01 3.997014744892670168e-01 4.010941473418495606e-01 4.012817547442482091e-01
-4.879870317214476255e-02 4.083631125213162821e-02 3.345231847811544479e-01 1.000000000000000000e+00 3.925640448035169761e-01 4.029021387777158569e-01 5.994692472426090823e-01 6.065738384261909477e-01 5.285049007621909212e-01 4.510420292708410273e-01 5.705623223069214989e-01 6.605266173023981446e-01 5.573593670536801659e-01 5.527592557198002243e-01 6.346573650419756740e-01 6.263382874834328984e-01 5.819087336198475180e-01 5.204528180987062491e-01 5.505246163194451592e-01 6.629324883152105663e-01 5.957248140282404014e-01 5.914419859936022039e-01 4.818351438812874532e-01 4.991714873339516134e-01 5.204299211388085933e-01 6.097110522116305775e-01 5.948810272613590522e-01 5.773174167084659247e-01 5.468319766702601781e-01 5.386455338471008991e-01 5.746257665182233909e-01 5.916075293691551718e-01 5.789166075474502238e-01 5.967518962013560468e-01 5.224565556871919592e-01 5.920099178603578371e-01 5.437878785645707813e-01 6.257558374687636205e-01 5.984987058701501939e-01 6.355689551799105219e-01 6.251045762995397492e-01 6.219430752756185399e-01 6.335924309501020923e-01 6.309087496578215104e-01 6.090115040854729989e-01 5.926341735035746128e-01 6.186025788938634973e-01 5.980399243279199695e-01 6.189995984413089181e-01 6.357434062587058454e-01 6.363609938005789779e-01 6.356454250333304357e-01 6.189383253857988487e-01 5.908626231056701705e-01 5.904159980961835030e-01 5.922026134279620990e-01 6.076225555155848612e-01 6.218745673400469798e-01 6.171516080170469376e-01 6.218468148714078048e-01 6.133605468435663344e-01 6.143455856299163687e-01 6.203078569419099297e-01 6.208529549989563190e-01 6.082527378990910671e-01 6.044952007991809539e-01 6.020724944502574560e-01 6.012786913880214801e-01 5.953082939409565233e-01 6.610013740641527136e-01 6.429413167384711025e-01 6.156875537947411603e-01 6.084357805194721136e-01 6.105737131168308407e-01 6.103034254691339644e-01 6.066637259249214598e-01 6.057411879839628144e-01 5.858078376725032177e-01 5.968789708406417871e-01 5.782875901125394957e-01 5.801884445301105364e-01 5.900081352079061814e-01 6.050080295965766242e-01 5.720207810093549394e-01 6.109927973357950348e-01 6.042996652513226152e-01 5.901521643986695764e-01 6.163886633299213713e-01 6.005862980919118854e-01 6.143278501274572756e-01 6.157720688299391787e-01 6.189619683888154533e-01 6.139755221714819911e-01 6.167976445332961077e-01 6.103181331868359205e-01 6.041164882814947790e-01 6.309713156627995145e-01 6.185420516022777093e-01 6.199028777017756564e-01 6.247659989594166463e-01 6.232896986956818486e-01 6.208451404685518815e-01 6.208462540806480856e-01 6.256946076654267275e-01 6.194228046986953728e-01 6.035940338684839812e-01 6.148430664776065591e-01 6.005341965863967291e-01 6.083912630269162625e-01 6.178063616645852463e-01 6.218623961139665424e-01 6.110415840818080868e-01 6.122360653799031605e-01 6.100707288094767700e-01 6.081708547812610943e-01 6.057471411171732045e-01
3.953758436251073038e-02 1.227103529340542315e-01 2.348873927693884700e-01 3.925640448035169761e-01 1.000000000000000000e+00 3.305097244044586380e-01 5.015729871700675968e-01 4.743901449705208440e-01 4.585276377159909211e-01 4.338855347576873189e-01 4.768457894431664679e-01 5.274519599645925982e-01 5.022709833943976854e-01 4.552831122970406597e-01 5.348605307204976622e-01 5.359800132725862643e-01 4.970891650090765168e-01 4.389107742985118854e-01 4.680383452576357128e-01 4.623849834625076705e-01 4.284145496144204923e-01 4.481746307052174028e-01 4.084229936781800796e-01 4.114370073531287142e-01 4.255784896440226728e-01 5.215298065836502239e-01 4.981164121334268335e-01 4.860455007699676089e-01 4.693018149309436948e-01 4.742374066077299499e-01 5.030764365653243031e-01 4.958006985912546960e-01 4.803917542792260353e-01 5.028811222412412629e-01 4.684117015319182453e-01 4.991251625934920444e-01 4.820587337177569820e-01 5.182921968225543408e-01 5.120924406223206216e-01 5.238854678761278860e-01 5.344576225114864299e-01 5.249969135817510457e-01 5.360323823486126127e-01 5.331504983876084180e-01 5.140059044356763973e-01 5.188321942187914537e-01 5.209944153858150351e-01 5.210150572802767499e-01 5.199888783591802843e-01 5.191574961386568043e-01 5.210629986660678670e-01 5.231916668583614927e-01 5.239509478966224432e-01 5.144844161028477858e-01 5.140828439790283699e-01 5.184185120572241123e-01 5.154769805504642033e-01 5.272044591822923065e-01 5.196454751530661387e-01 5.309044918794316725e-01 5.159771679529737698e-01 5.242231767158054279e-01 5.161347432558217596e-01 5.216583583222252907e-01 5.204828943881132375e-01 5.217697740811824136e-01 5.193983130846766549e-01 5.146256909032119742e-01 5.040344396688922757e-01 5.370135027314051346e-01 5.229061925959729296e-01 5.169330847323841960e-01 5.031539753555857031e-01 5.080911069793947465e-01 5.227328317042008177e-01 5.184886621184804367e-01 5.167640069719745544e-01 5.043488828426453408e-01 5.129056113372623127e-01 5.062492138942421560e-01 5.038693575928774315e-01 5.115006448597306798e-01 5.098400455772337247e-01 5.010282928289916393e-01 5.059520725940646058e-01 5.141224417172636230e-01 5.100466524457001327e-01 5.189987012772504515e-01 5.183864965798099522e-01 5.198977382920694224e-01 5.139827656167612613e-01 5.265858814962968149e-01 5.210245943075314523e-01 5.216727771075106990e-01 5.199916450413110125e-01 5.192410213770033423e-01 5.207576768481863017e-01 5.084252208787937155e-01 5.213023910073437683e-01 5.221941454845926422e-01 5.285236543674797227e-01 5.185730393875388478e-01 5.262682008430593639e-01 5.283273622462514307e-01 5.266261470756212759e-01 5.098423287798028447e-01 5.169164018982047581e-01 5.211739589610946410e-01 5.220875191250210490e-01 5.262616795163672645e-01 5.251399358189872135e-01 5.253860607150764306e-01 5.208133401161538778e-01 5.186638058392397665e-01 5.195596689481104535e-01 5.170888590143203345e-01
-1.310322905321331839e-02 9.571607496202096110e-02 2.660668948665763645e-01 4.029021387777158569e-01 3.305097244044586380e-01 1.000000000000000000e+00 5.577205625060401850e-01 5.119325564413328422e-01 5.683081716132261096e-01 5.200858631285677491e-01 5.650893913558965309e-01 6.042351543748257781e-01 5.777125868079600046e-01 5.585791193683729006e-01 6.224298232059510827e-01 6.179772660082079039e-01 5.848028666454180291e-01 5.209486039326549633e-01 5.662694262677854251e-01 5.036521726325609016e-01 5.074258173090030466e-01 5.244950083647208494e-01 5.244661590009969121e-01 5.222949511583730997e-01 5.370935775731097150e-01 6.017460390833015982e-01 5.932229553646793940e-01 6.016676296780149036e-01 5.774270997401301786e-01 5.903630739026219931e-01 6.073924072958625242e-01 6.110853207475397397e-01 6.029952961908566778e-01 6.140706752480242780e-01 5.859291484411426332e-01 6.209899558844190759e-01 6.088509701104457550e-01 6.267743398409147959e-01 6.284754177683959941e-01 6.229220700477474670e-01 6.254018948229909114e-01 6.317870212330952695e-01 6.283228757981301760e-01 6.337823228806256370e-01 6.239413339851493934e-01 6.284279564191028733e-01 6.388725920657118973e-01 6.319157898273753959e-01 6.288514113072005696e-01 6.242035090175920287e-01 6.280858523351336986e-01 6.263957762588215905e-01 6.274155256238688194e-01 6.255542646064695678e-01 6.185900705665657862e-01 6.251862724108193659e-01 6.175760526633522485e-01 6.309356334898810204e-01 6.286953484924696633e-01 6.373702518778294746e-01 6.288885035921096822e-01 6.264667047647094478e-01 6.213060680171174077e-01 6.272516558007327214e-01 6.262692416693694808e-01 6.286662088398732307e-01 6.340833066033908505e-01 6.323063612465319450e-01 6.279507059507271061e-01 6.256460503898542136e-01 6.317944676877383925e-01 6.344335743949387485e-01 6.230758498247530586e-01 6.314455989941685221e-01 6.342650671100518167e-01 6.307070714039094694e-01 6.340090231883287464e-01 6.258622844884227376e-01 6.291046716427683982e-01 6.204466969536495125e-01 6.245515836805565213e-01 6.294077925924157491e-01 6.332544926513845596e-01 6.215631839521730262e-01 6.299776405441886995e-01 6.320226444740425498e-01 6.334132908720165878e-01 6.378181712473482978e-01 6.323197401641602600e-01 6.334568075035669210e-01 6.398748029593491760e-01 6.389682997531920261e-01 6.348039542767969223e-01 6.401244022499150699e-01 6.367653262505742484e-01 6.335264956869313124e-01 6.317209797128421345e-01 6.244278301725436631e-01 6.337250704245112054e-01 6.353383707939833647e-01 6.382578199576197653e-01 6.324352483464420471e-01 6.370568383382675393e-01 6.397378582968604732e-01 6.391704677669718393e-01 6.199396639853836932e-01 6.325928807764930051e-01 6.326722057981027936e-01 6.320084274150058468e-01 6.355742690808816597e-01 6.333587696019855606e-01 6.352529151600945223e-01 6.311402274247763788e-01 6.331616501341852388e-01 6.335938127880170745e-01 6.325281934934253725e-01
-1.366030344707584200e-02 1.110827164866065586e-01 3.422702729273474076e-01 5.994692472426090823e-01 5.015729871700675968e-01 5.577205625060401850e-01 1.000000000000000000e+00 7.471452384322055940e-01 7.294173683902177574e-01 6.649381440298106627e-01 7.486810933347318731e-01 8.075274243626276993e-01 7.430289674550154544e-01 7.204923640144640373e-01 8.494728958191609669e-01 8.290455510499138425e-01 7.573312654960973056e-01 6.441985097691907969e-01 6.903446814838805068e-01 7.212858484799193892e-01 6.456575148166230349e-01 6.624582099827786008e-01 6.355986454517487116e-01 6.319416335475079860e-01 6.338845638465768761e-01 7.805852743919443615e-01 7.563164840736891215e-01 7.529428720046281720e-01 7.123143264135430863e-01 7.367651980046985294e-01 7.836880870223256190e-01 7.857966252179026112e-01 7.605921324040786358e-01 7.972805707526404717e-01 7.397614828721440494e-01 7.975377959373899373e-01 7.559938051522134828e-01 8.221784142504857673e-01 8.149711897126644677e-01 8.194849233304358771e-01 8.204926823192436602e-01 8.239340633178094953e-01 8.287892270510255344e-01 8.258320756629144999e-01 8.095962371407197100e-01 8.110413037375686640e-01 8.274635848917332170e-01 8.164880391053659370e-01 8.236741774501411539e-01 8.293916491686250669e-01 8.305279303610813013e-01 8.185499418293192830e-01 8.217902394052590820e-01 8.063972890435522345e-01 7.984016201477179830e-01 8.067735860520276470e-01 8.109973820973721548e-01 8.269771348053913673e-01 8.227651193789969897e-01 8.317070773923842530e-01 8.219807659235421893e-01 8.234228404203114415e-01 8.178402812060547866e-01 8.273435666658630616e-01 8.157048024349405901e-01 8.141542470981998347e-01 8.233705810510313361e-01 8.116269286875361644e-01 8.085078039237235670e-01 8.416995831331146594e-01 8.149659808600862032e-01 8.136896069968634349e-01 8.034864547277996705e-01 8.016883716381251190e-01 8.199466893673393875e-01 8.159734948352241890e-01 8.118955910253685682e-01 7.911578984583386154e-01 8.080673609833616267e-01 7.963155829980693712e-01 7.970054267485385813e-01 8.117546038117613438e-01 8.147639325724670423e-01 7.926205480448172969e-01 8.198450556757604923e-01 8.215069717902692137e-01 8.082508848616708486e-01 8.318682359300672013e-01 8.207831422832505552e-01 8.256218076242620718e-01 8.251436482934876304e-01 8.343405612350692779e-01 8.251760555302672939e-01 8.295485467444171368e-01 8.289248408019200820e-01 8.227873996027023074e-01 8.304467847424585880e-01 8.180391325427541771e-01 8.300985081008512845e-01 8.353416913337753380e-01 8.363856696908339439e-01 8.272575101419057386e-01 8.257699835367223740e-01 8.339032176640500671e-01 8.304471550461859364e-01 8.087868166898176669e-01 8.278699272035289214e-01 8.238821046048021568e-01 8.246387923078238869e-01 8.324493712354277264e-01 8.332161779543283409e-01 8.278163697652053399e-01 8.254237176676891830e-01 8.253234163401115264e-01 8.239494924903415507e-01 8.217615279326223598e-01
-2.985887629325686618e-02 1.147475161287021400e-01 3.418378843640808018e-01 6.065738384261909477e-01 4.743901449705208440e-01 5.119325564413328422e-01 7.471452384322055940e-01 1.000000000000000000e+00 6.972146175198117302e-01 6.232284733106762120e-01 7.187265516117126163e-01 7.934531517842021708e-01 7.177385887196746639e-01 7.027840004022730680e-01 8.091395641224125024e-01 8.051094722182369212e-01 7.516240011566602819e-01 6.466765732668097177e-01 6.999136919481325769e-01 6.991541859196217512e-01 6.764499392675261680e-01 6.931220455609106157e-01 6.297057142936213214e-01 6.336748418902048430e-01 6.510556512455293321e-01 7.723592180234767346e-01 7.494340515126977076e-01 7.439708818030543735e-01 6.993335144067299725e-01 7.164621393462917709e-01 7.548475114666715058e-01 7.699210943065980528e-01 7.503550533473396511e-01 7.742062913552191228e-01 7.125404847606376935e-01 7.763773359912510275e-01 7.264023937516425056e-01 8.006244949960137358e-01 7.835418551103787710e-01 8.042619217350525096e-01 7.983065724386300133e-01 7.980690956230490629e-01 8.049297514323476843e-01 8.050886874485823075e-01 7.850553349234645761e-01 7.782413936551950684e-01 7.947387169057720246e-01 7.853578778857430720e-01 7.998387136853505330e-01 8.095577055347400464e-01 8.113053094337403515e-01 7.987470957160719420e-01 7.926151122428506390e-01 7.725262984993582771e-01 7.715109412317465720e-01 7.757316239108428269e-01 7.828925761745385570e-01 8.008933883713833524e-01 7.926968476166210698e-01 7.982887502285639370e-01 7.909454028916551582e-01 7.918882893175673843e-01 7.906991361593737055e-01 7.974866617013506298e-01 7.883907479952734221e-01 7.848673913476754693e-01 7.853013051850111781e-01 7.798546110982170765e-01 7.748324102832576665e-01 8.086932851935606514e-01 8.027028202869532780e-01 7.920816883170924694e-01 7.759859227620479194e-01 7.770384989630962913e-01 7.916909067233872666e-01 7.873628213403521814e-01 7.860618158820122936e-01 7.675797973740364766e-01 7.763001606457126114e-01 7.607951696717211165e-01 7.624659806428645270e-01 7.762348628266574346e-01 7.916975299865569582e-01 7.585237211462299012e-01 7.917960268333457119e-01 7.884695189609540744e-01 7.780073059746673847e-01 8.017784079531941055e-01 7.869362558446311162e-01 7.965499160334980067e-01 7.982070703997073968e-01 8.035157319752416205e-01 7.951012352423513230e-01 7.980712491589672108e-01 7.938607825034726950e-01 7.880227216326434192e-01 8.088035176294083861e-01 7.965844945490403450e-01 8.023586315518133061e-01 8.103883225630965637e-01 8.033146663099217655e-01 7.999067189113141518e-01 7.979347154136443576e-01 8.061946783032329922e-01 7.997232187067216946e-01 7.828580669496398858e-01 7.978976105847374045e-01 7.885410860374021391e-01 7.935283836400852664e-01 8.030077185646846694e-01 8.036374174098200873e-01 7.950244494663106787e-01 7.958458088791073859e-01 7.948032185842677233e-01 7.924008964630664398e-01 7.888319217662019822e-01
1.005617190776465220e-01 1.723824169037752596e-01 3.658911980042098833e-01 5.285049007621909212e-01 4.585276377159909211e-01 5.683081716132261096e-01 7.294173683902177574e-01 6.972146175198117302e-01 1.000000000000000000e+00 7.593838549964933016e-01 8.020615113576241573e-01 8.241533189091218015e-01 7.674228700009226856e-01 7.786874513074762971e-01 8.452128764174977604e-01 8.379637280136301714e-01 8.404683044648808554e-01 7.627517768346379068e-01 8.035899583207346542e-01 6.840745061583226594e-01 6.999440663452292100e-01 7.386455191467117265e-01 7.733502231542592753e-01 7.679947053080733443e-01 7.629606573606654285e-01 8.525976632950041934e-01 8.438141898199048585e-01 8.426742396626207832e-01 8.249916856516334995e-01 8.636944269616846359e-01 8.765716583459328692e-01 8.635052135249219329e-01 8.389525698622749550e-01 8.614336289007903380e-01 8.525883874265527407e-01 8.540902684041667969e-01 8.642094396983438509e-01 8.663434647111172282e-01 8.824281480543857414e-01 8.392022411197647136e-01 8.707825235931858643e-01 8.646012843846686557e-01 8.656200120713585244e-01 8.739260516211058150e-01 8.785148356889066479e-01 8.691459867249584637e-01 8.786125553439840807e-01 8.868196275238491300e-01 8.723384101262374735e-01 8.588224769321852747e-01 8.774524398190691743e-01 8.404215573374356207e-01 8.682227306859910954e-01 8.815293517488156372e-01 8.739118820776589081e-01 8.765858087202880178e-01 8.762865454138157872e-01 8.741689429922827603e-01 8.748622326916696279e-01 8.844684445619043212e-01 8.797626744558689760e-01 8.784028289342060702e-01 8.740640848971685806e-01 8.797338314666198755e-01 8.836814097319301009e-01 8.862045381730189186e-01 8.853176287825650359e-01 8.869261598819421222e-01 8.834541180747607081e-01 8.656791164438928377e-01 8.711985377119795260e-01 8.870175560413644522e-01 8.741382113883585658e-01 8.773108655140093859e-01 8.846014074313003350e-01 8.861044385041462190e-01 8.810596383955997535e-01 8.782377836509881464e-01 8.798925058443063385e-01 8.827524014858239010e-01 8.848805396595434969e-01 8.861307975179756324e-01 8.845113962806024910e-01 8.827507516616793781e-01 8.743781475989687024e-01 8.824196710523459775e-01 8.853410286851896016e-01 8.796548995108427471e-01 8.834039530853567967e-01 8.828102730456531821e-01 8.727271196380855800e-01 8.813031797792573174e-01 8.840455740365207316e-01 8.826654314630330012e-01 8.816635075013845579e-01 8.845996062533495463e-01 8.604417769079075740e-01 8.740558600655413679e-01 8.789888284539087993e-01 8.777811617601690708e-01 8.774171974760822668e-01 8.793105855560776618e-01 8.773390835106105179e-01 8.784193518048142302e-01 8.789958667370535439e-01 8.773513087203909100e-01 8.813405467673767202e-01 8.851414599142035655e-01 8.828751920312298829e-01 8.835609017330269266e-01 8.796710441105479727e-01 8.846693699595492566e-01 8.803668626970957423e-01 8.831651725928252317e-01 8.870943385721931085e-01 8.838042278594793189e-01
7.322835703754643211e-02 2.206224097647216387e-01 3.339175554527695766e-01 4.510420292708410273e-01 4.338855347576873189e-01 5.200858631285677491e-01 6.649381440298106627e-01 6.232284733106762120e-01 7.593838549964933016e-01 1.000000000000000000e+00 7.429682340920822359e-01 7.513711007719051649e-01 7.036465113699422735e-01 7.200992221772423152e-01 7.832987521336044479e-01 7.645598704391662892e-01 7.582874685518098401e-01 6.710685999735229723e-01 7.049476986297047443e-01 5.746064677308126978e-01 5.933169701274119134e-01 6.265268856706387446e-01 6.921956489689894410e-01 6.712580378809752668e-01 6.582582835671748622e-01 7.808233684385688100e-01 7.652734003236627558e-01 7.779510773795438316e-01 7.653123969755664113e-01 8.022265825100690639e-01 8.185121359367141247e-01 7.855237237435598319e-01 7.667387171761533837e-01 7.857471437195364672e-01 7.937615331003106123e-01 7.915587467042493053e-01 8.107645235607388035e-01 7.944751991874415831e-01 8.164996897442878820e-01 7.684022685214406678e-01 8.020352743522406458e-01 7.998058434935093608e-01 7.895510434811586764e-01 7.990566514647832186e-01 8.069584810984874457e-01 8.090502768227512131e-01 8.117840684362764847e-01 8.264769657969656125e-01 8.100977844635497416e-01 7.946062851820828721e-01 8.077675378749837876e-01 7.600559243170009749e-01 7.991273856817232568e-01 8.165839046194859341e-01 8.109152176960411351e-01 8.136189112774204757e-01 8.133744259628227224e-01 8.089111834286705216e-01 8.104896030770003534e-01 8.154899388331775523e-01 8.135941665437748105e-01 8.173116810584108993e-01 8.076353652474519418e-01 8.166698595106834935e-01 8.170838458867696330e-01 8.216708243522975463e-01 8.243350209195434708e-01 8.179445757742115353e-01 8.126060226550068100e-01 7.843408561751914476e-01 7.860531188744434017e-01 8.092246611923535893e-01 7.927039590451822049e-01 7.957665603563387480e-01 8.218398612129651504e-01 8.207972509451000320e-01 8.183084568095916334e-01 8.164819348812175637e-01 8.201292766379937316e-01 8.274729360097969888e-01 8.237717573798709614e-01 8.278019878346386529e-01 8.165153104448071852e-01 8.233636764816822939e-01 8.076721516267793000e-01 8.142116986078378194e-01 8.246387383696460738e-01 8.168387622022290628e-01 8.235510971928386992e-01 8.185829472637445869e-01 8.052801485608208631e-01 8.193354600124823639e-01 8.159732229041950502e-01 8.171577695394057761e-01 8.194514643851595892e-01 8.245185075901665384e-01 7.928734647258125490e-01 8.059704483231260319e-01 8.137067074994551730e-01 8.121757991779439134e-01 8.134341310616726162e-01 8.139142648577374350e-01 8.099287155614340872e-01 8.116266347457614660e-01 8.086568944214075350e-01 8.140772420601499748e-01 8.182592751802141295e-01 8.254057138750164890e-01 8.221511951221635028e-01 8.173731813916057520e-01 8.151753449387926231e-01 8.218700199481643320e-01 8.184641276593043191e-01 8.225805656578274450e-01 8.202912688639570904e-01 8.199481259619760820e-01
-5.146482696902291050e-03 1.438690772493058101e-01 3.802938891916423647e-01 5.705623223069214989e-01 4.768457894431664679e-01 5.650893913558965309e-01 7.486810933347318731e-01 7.187265516117126163e-01 8.020615113576241573e-01 7.429682340920822359e-01 1.000000000000000000e+00 8.610770810657181196e-01 7.819253740184997081e-01 7.995801250842931029e-01 8.673907638349644955e-01 8.629256982175405044e-01 8.349923589156647008e-01 7.366570837447324882e-01 7.841849939156968485e-01 7.044175168988390245e-01 7.008438891726042064e-01 7.295605625031573727e-01 7.398523443104731978e-01 7.288124085730444124e-01 7.272559168420951181e-01 8.524528451036323951e-01 8.357214535446483294e-01 8.380733198241963056e-01 8.131742261012425699e-01 8.520427770613490104e-01 8.719515693715407245e-01 8.576080060627799817e-01 8.348841002145606094e-01 8.570064884564884133e-01 8.448791814552191193e-01 8.622984902774990523e-01 8.542942161841260429e-01 8.759649721070563722e-01 8.852885215352479520e-01 8.603301968058626459e-01 8.820302807486873897e-01 8.770725392196498937e-01 8.818747797242387776e-01 8.865697255323217174e-01 8.847194215475467916e-01 8.828655432376228962e-01 8.943811198477963353e-01 8.943858545755570821e-01 8.910256207994541322e-01 8.775420036793544210e-01 8.908976979951797048e-01 8.627939113580963548e-01 8.870803523121452150e-01 8.882658398274125844e-01 8.826013280797194716e-01 8.837992852269103139e-01 8.907162792754586000e-01 8.907383447343616423e-01 8.884415647991393827e-01 9.006507014543627676e-01 8.941314101579881379e-01 8.980379227415313803e-01 8.906780392132135349e-01 8.956823567603529046e-01 8.902760747681215392e-01 8.963416701149994337e-01 8.976074293660735171e-01 8.898972070741786311e-01 8.808615107889293805e-01 8.837042529879396424e-01 8.839145849725359438e-01 8.922471315878113263e-01 8.727679848143087282e-01 8.797697232733457939e-01 8.966127032961537235e-01 8.953812488382097978e-01 8.887301225598882581e-01 8.785342618916276436e-01 8.887532233383991231e-01 8.908242064971059193e-01 8.885674890948417337e-01 8.965650077583200428e-01 8.906689828053321323e-01 8.848100690513051036e-01 8.829511963051005496e-01 8.902539710396588646e-01 8.933557218897913987e-01 8.945688241405232999e-01 8.973462227271952196e-01 8.951431741253068619e-01 8.860714855668627710e-01 8.988418084819219667e-01 8.974972452570186832e-01 8.974395819562968057e-01 8.983978180099920774e-01 9.002601831506807928e-01 8.856627757102329968e-01 8.891073043088979500e-01 8.983220276137438010e-01 8.946967749117256119e-01 8.980978079949740733e-01 8.972248213612019629e-01 8.948747488037284148e-01 8.988378114355226600e-01 8.952400522730072918e-01 8.906480704040987684e-01 8.975692235962998700e-01 8.988481100207262875e-01 8.972684659704374122e-01 8.994824658468948408e-01 8.980518519627429530e-01 9.006659472410014633e-01 8.997958165007629017e-01 9.000256139487783358e-01 8.975579961233732806e-01 8.980556390728694494e-01
-2.033852601705250784e-02 1.246977275794730750e-01 3.854684204175348738e-01 6.605266173023981446e-01 5.274519599645925982e-01 6.042351543748257781e-01 8.075274243626276993e-01 7.934531517842021708e-01 8.241533189091218015e-01 7.513711007719051649e-01 8.610770810657181196e-01 1.000000000000000000e+00 8.252114674413402184e-01 8.323983264463218346e-01 9.182152526452114216e-01 9.101435160549671277e-01 8.654940546331965079e-01 7.690276194756849870e-01 8.233691136833826141e-01 7.863373513479744448e-01 7.705030875257250500e-01 7.959796369442978525e-01 7.527464566931616474e-01 7.586535296212935098e-01 7.713845473459139956e-01 8.962388570157018286e-01 8.752297326343859707e-01 8.719456510703277319e-01 8.337701737453406814e-01 8.652644498346000468e-01 8.953003827113719115e-01 8.937226976766809994e-01 8.668927205284837623e-01 8.909779505643058428e-01 8.538105707419817447e-01 8.968949406512984890e-01 8.727590432231501216e-01 9.202375063205500139e-01 9.150284048033366924e-01 9.123042880065850291e-01 9.245744754664849685e-01 9.240468583399354952e-01 9.264886862532901723e-01 9.327819555066479973e-01 9.177578092208316107e-01 9.122995597433590786e-01 9.290957876931005277e-01 9.257973814501413434e-01 9.286232026854573940e-01 9.211032974897886971e-01 9.313760888556900097e-01 9.137046664844691302e-01 9.262207814886808110e-01 9.174486479880399337e-01 9.126691623300746681e-01 9.144196827070345535e-01 9.223238163129396927e-01 9.313926943887002041e-01 9.263005158223061031e-01 9.366190422062671272e-01 9.279734331850250095e-01 9.315297800330077926e-01 9.257281148407844329e-01 9.324566315484343892e-01 9.220142339020592770e-01 9.256414897905116401e-01 9.265909461348085241e-01 9.216398145623792004e-01 9.118107980092463594e-01 9.368880849273271139e-01 9.333103973769559802e-01 9.305774927672449959e-01 9.109467040238889979e-01 9.191362562319279617e-01 9.310620806074785261e-01 9.278428795098694337e-01 9.221975476958162998e-01 9.072473751681175980e-01 9.183203178444103720e-01 9.119468269539259264e-01 9.125575784820334491e-01 9.234995008113573434e-01 9.233042295689353196e-01 9.061114747366774136e-01 9.179332653609180159e-01 9.229904854473883757e-01 9.202939960018816645e-01 9.314643732880608651e-01 9.254325691659087694e-01 9.322042930607143951e-01 9.256423849775810009e-01 9.354076664177595202e-01 9.318070441463489617e-01 9.337788095146715150e-01 9.317261110617290898e-01 9.304165615626432961e-01 9.291250110699973419e-01 9.248136951318003396e-01 9.347361990279461352e-01 9.345190650088807116e-01 9.364452233427864591e-01 9.340812873545591977e-01 9.336599367086088064e-01 9.375792887307782264e-01 9.325898030716756049e-01 9.235775266244238280e-01 9.323774277736461835e-01 9.288622611315489053e-01 9.311680071737444830e-01 9.360378368543422756e-01 9.369902657820761149e-01 9.339981542853023067e-01 9.336871755289553043e-01 9.320903048895917697e-01 9.303520013724912996e-01 9.293352867676236695e-01
-5.185287399044007269e-03 1.410336222899364333e-01 3.528183642039394163e-01 5.573593670536801659e-01 5.022709833943976854e-01 5.777125868079600046e-01 7.430289674550154544e-01 7.177385887196746639e-01 7.674228700009226856e-01 7.036465113699422735e-01 7.819253740184997081e-01 8.252114674413402184e-01 1.000000000000000000e+00 7.726989472588752239e-01 8.485994821513862529e-01 8.475891684765307632e-01 7.954795060089899783e-01 7.162796469062076010e-01 7.582028657997117449e-01 6.888008297003771485e-01 6.772027417816557371e-01 7.070146578635794210e-01 7.098640261196104140e-01 7.103656243948494042e-01 7.109271720417414953e-01 8.216464989339988811e-01 8.000351850752979166e-01 8.041463143456960561e-01 7.724843003690619048e-01 8.085974727600924172e-01 8.354602501278046711e-01 8.258568960877328280e-01 7.963061522810997994e-01 8.318950986347805054e-01 8.014876270762171240e-01 8.297587918891572434e-01 8.229761487921588570e-01 8.413699643156182795e-01 8.519621850487231196e-01 8.280031012952548952e-01 8.544010161903232703e-01 8.550548573731185931e-01 8.570196399087557371e-01 8.594623826983651682e-01 8.530876146957317996e-01 8.521645333691606483e-01 8.637454092997954858e-01 8.638019951627805559e-01 8.576194987277889759e-01 8.424286013915103233e-01 8.532721442265542855e-01 8.444013981686976367e-01 8.584109999744705677e-01 8.583228231220848548e-01 8.499634578331849433e-01 8.562020443942461867e-01 8.547864457568334906e-01 8.630912630848542877e-01 8.601567857664776939e-01 8.696725487083949435e-01 8.617457743363576839e-01 8.625303184467529860e-01 8.536534266952590100e-01 8.601913337631397205e-01 8.563856437109036435e-01 8.629015751051979377e-01 8.652625202164175855e-01 8.609271957084989602e-01 8.531944071462939094e-01 8.590811177084152206e-01 8.556068825149177881e-01 8.626193326352709079e-01 8.485020177417178511e-01 8.529751156172747928e-01 8.631116204267399450e-01 8.616943517144128872e-01 8.573991412061064965e-01 8.452575489293162603e-01 8.546806894319712855e-01 8.517072902897695474e-01 8.518534605523350178e-01 8.601350950670877404e-01 8.571537240127348189e-01 8.484029287055688817e-01 8.494680018957879719e-01 8.605799658649367911e-01 8.573328817648494526e-01 8.636575594986481974e-01 8.628318021586818265e-01 8.629129441654720400e-01 8.554192124762148852e-01 8.670215151230712403e-01 8.649044452285620244e-01 8.660124985690456079e-01 8.679243609698874540e-01 8.672229473490326024e-01 8.511267539158119400e-01 8.514160017780613154e-01 8.639452635554828452e-01 8.632522864065794721e-01 8.676824793651366496e-01 8.627871555434823980e-01 8.657482028708705091e-01 8.677848998681402248e-01 8.657154350816033128e-01 8.540218252999075554e-01 8.627193513362716448e-01 8.671008451135604478e-01 8.647508242637471643e-01 8.677513979703170843e-01 8.664634610102767143e-01 8.684437067113348618e-01 8.647669292452981882e-01 8.643355586409330327e-01 8.669096703851928432e-01 8.658958907792221327e-01
