1.000000000000000000e+00 6.645422064984082833e-02 4.574485137540350299e-02 4.270872293102992434e-02 1.362671556762757447e-02 1.767424638643760870e-02 1.188105037344668047e-02 -3.347683168944974065e-03 6.589856536646122864e-02 2.487259481160789334e-02 3.861220047803363281e-02 1.827122200755850606e-02 2.638002829588318148e-03 1.024720968086120614e-02 6.144773797959585636e-03 -4.513279394022630744e-03 4.566036629448935041e-02 3.266410855805225444e-02 2.289592333132674587e-02 4.573754813354845988e-02 1.939410282687966183e-02 3.902321485142624252e-02 3.101751779634321499e-02 1.138278449918773104e-02 7.742076497051925306e-03 1.822155988154072412e-02 8.663098136582949096e-03 9.632087278280259193e-03 3.036676861089408763e-02 2.009352699938020403e-02 3.985132119957084107e-02 2.442202915627483470e-02 -9.913026522713841091e-03 5.982523748013662303e-03 2.813960819118462714e-02 1.536494411525759357e-02 1.089240346806955202e-02 -3.083664715280701706e-03 1.802266265117760669e-02 -3.166010803774722132e-02 7.022747525223940052e-03 -2.139576601672311257e-02 -1.992269595127828252e-02 1.277590884869962869e-02 8.814923010145539906e-04 -1.073237276213064977e-04 8.360266689357211817e-03 8.628816876588316781e-03 1.609266304096420089e-02 9.897289453842293694e-03 -1.195173260553607881e-03 -4.291949004317639760e-03 -1.767982401749964216e-03 1.662429388466361152e-02 1.630116154652596835e-02 7.027971057182258105e-03 3.585010984091580727e-02 -6.878845469838716512e-04 8.191523410132281469e-03 2.383824013146343054e-02 3.628501343906475468e-03 2.209778139942541672e-02 1.051238745534711916e-02 2.202998140153846277e-02 2.915856362110592556e-02 3.203029583912314626e-02 1.566392186073954640e-02 2.651449450755830398e-04 6.381678485407761732e-03 7.298233182410603440e-03 -8.403252614235803223e-04 4.738754642286157823e-03 2.536918882161324443e-03 -5.507442728531017177e-03 7.743703820537468051e-03 1.131141697559595247e-02 5.124170064649411632e-03 1.678841345170773922e-02 1.318529088244558937e-02 6.717920704442477062e-03 -3.069508192154261558e-03 1.198470193845024845e-02 1.398494232478472710e-02 7.922415843701763327e-03 6.940058773022612752e-03 3.978817927648906419e-03 4.435502755162573120e-03 -7.077109536730021803e-04 5.471985524746031740e-03 7.564266120454707885e-03 -3.710872497278284131e-03 -4.426575896121654613e-03 1.626043892864516239e-03 1.342387796226922727e-03 2.259804713945237371e-03 5.988145896472819862e-03 1.443937883899547043e-03 2.961333542859401896e-02 5.647610360467921961e-03 2.510799118642523513e-03 -1.335618859280588745e-03 1.373934630170334584e-02 8.585941913018400179e-03 7.199796191074202961e-03 8.315979103402409284e-03 2.898719782576011927e-02 1.937836549455205712e-02 4.095506602552661905e-03 6.889326070517351810e-03 7.844794853455055311e-03 7.572479227668038951e-03 1.513860944702861457e-02 1.472826117322633376e-02 1.642950015362298899e-02 2.244261900476990021e-02 2.180539942233254355e-02
6.645422064984082833e-02 1.000000000000000000e+00 6.623676934311846509e-02 1.014445118884465258e-01 5.867386050510252360e-02 7.861735901626762391e-02 9.269104968078803464e-02 8.711694480437991162e-02 1.355938126884827233e-01 1.830825144174578201e-01 1.297901301556242670e-01 1.215640766556989050e-01 9.461972064340121169e-02 9.113305254719518411e-02 1.270207625493228187e-01 1.261192200442615985e-01 1.560570786807370103e-01 9.883080354567377879e-02 1.248340999345066427e-01 4.441622756504072511e-02 4.933252624066936792e-02 1.054347908964196057e-01 1.594182657508061707e-01 1.051940536591726705e-01 1.233743365694107141e-01 1.544336593265959734e-01 1.289119926316278641e-01 1.387900413615086870e-01 1.118561915018994463e-01 1.585568379947479567e-01 1.646626915665118374e-01 1.526664419843476173e-01 1.384718223121512715e-01 1.577327312785710700e-01 1.559049783987630500e-01 1.552223710031324089e-01 1.584232301054958880e-01 1.353729652818121132e-01 1.550489114607958296e-01 1.266672122804528566e-01 1.435248201706366689e-01 1.269091709579564242e-01 1.153005450034452067e-01 1.376354728306339592e-01 1.464276887030956098e-01 1.431336755273028283e-01 1.460061912030914677e-01 1.513318073941414543e-01 1.289449070718173829e-01 1.149181410407977832e-01 1.306357220935685237e-01 9.467684268274938197e-02 1.164882776337302500e-01 1.407349655186292403e-01 1.372165254860078509e-01 1.453794941889118564e-01 1.313330946635203889e-01 1.271138864821958481e-01 1.298962270053333479e-01 1.428792918334401418e-01 1.350684428610687549e-01 1.344836362392625717e-01 1.289796053993601532e-01 1.513517010140133512e-01 1.492630277098292990e-01 1.406162556878903791e-01 1.519604837061963032e-01 1.393789568368055398e-01 1.472320956102436684e-01 1.198374305531676315e-01 1.195717332965205715e-01 1.436585179790742239e-01 1.397319943346237991e-01 1.322769292408284281e-01 1.516041282772973842e-01 1.487997690866108280e-01 1.436633705712318521e-01 1.383577459489240824e-01 1.421765254788857624e-01 1.558199951077780532e-01 1.479105125582969027e-01 1.528835603921760433e-01 1.660568935007940838e-01 1.503142579964906467e-01 1.481811687702466185e-01 1.525750121449821195e-01 1.545239018616104132e-01 1.527493014060735954e-01 1.523939712165451044e-01 1.551420097352445293e-01 1.474433228696057363e-01 1.461180557805579761e-01 1.510492210944110458e-01 1.462661082380907751e-01 1.436430499141309880e-01 1.518171877385584845e-01 1.390201969058239284e-01 1.460121217221658774e-01 1.458070289075976689e-01 1.498628905626030183e-01 1.477692099567484707e-01 1.502925975682253279e-01 1.376116765857410829e-01 1.419287730491459454e-01 1.482578491545576971e-01 1.488153620498697538e-01 1.525073435393128340e-01 1.509092516682582763e-01 1.499311766880895014e-01 1.475301490033417151e-01 1.435534251038641240e-01 1.496764725666499540e-01 1.468276428513234089e-01 1.588034492650542417e-01 1.499162938278657820e-01 1.499227956267054074e-01
4.574485137540350299e-02 6.623676934311846509e-02 1.000000000000000000e+00 2.670014327519055208e-01 1.396960902489606804e-01 1.544789252299718918e-01 2.758148238012531062e-01 2.034611906527080960e-01 2.525015389837347857e-01 2.536862325415255026e-01 2.879939699980417211e-01 2.883786940249441488e-01 2.193641194601697597e-01 2.050322712014570059e-01 2.713458303661767657e-01 2.702886190028715996e-01 2.767243957674106469e-01 3.114722300914509190e-01 2.860911832200392357e-01 2.651642417411763097e-01 2.589127034527943794e-01 2.615703495055551886e-01 3.192017320862041152e-01 3.133696253554398847e-01 3.037754031815727562e-01 3.140147980269507033e-01 3.030805675421274215e-01 3.074562814529824273e-01 3.129919587573731232e-01 3.116025534838724464e-01 3.289843258297116546e-01 3.355602793553857377e-01 2.862395102729491381e-01 3.192338862250044818e-01 3.036830906278487063e-01 3.108541324020354657e-01 3.280799231841284302e-01 3.017370972418071395e-01 3.132037746274599632e-01 2.866035968183476279e-01 2.921881444674745421e-01 2.749055030930447896e-01 2.823191749380761228e-01 3.024662154237200418e-01 3.030926720823011733e-01 2.970684160779133443e-01 2.798210471282843170e-01 2.788297970658399350e-01 2.930211000922239295e-01 2.978203936664293172e-01 2.966552057446894541e-01 2.846882921439225500e-01 2.799027766598348177e-01 2.709356838743587348e-01 2.887688015835254141e-01 2.880387619040622460e-01 2.835950819185356075e-01 2.743685585256520065e-01 2.872360957387099512e-01 2.776263266921562001e-01 2.817904483694216866e-01 2.796187391765121988e-01 2.805813017087359640e-01 2.898071577383345421e-01 2.830706729179424119e-01 2.812250898506814534e-01 2.830769097804597401e-01 2.914841596184161721e-01 3.100484166165207167e-01 2.837246554445953528e-01 2.863791666957934412e-01 2.917501152389200270e-01 3.078598442362354137e-01 3.023517478898674060e-01 2.961087559481820342e-01 2.933094779131179553e-01 2.927954600945100738e-01 3.024829252517732270e-01 2.922088209763211708e-01 2.850858110770418397e-01 2.920471653219118835e-01 2.927157861616929146e-01 3.017173324258282663e-01 2.969659597949934615e-01 3.059463676085585893e-01 3.050080924164511598e-01 3.004154080623616108e-01 2.880460890216683945e-01 2.967042440122070746e-01 2.858722661094111328e-01 2.931470017549343554e-01 2.845556451249901531e-01 2.924028110948236336e-01 2.881257079309261782e-01 2.756811286883646961e-01 2.766912216709196959e-01 2.905103792599997292e-01 2.917988245309935946e-01 2.794707573065066675e-01 2.890369905960077923e-01 2.803091126775294484e-01 2.831743891388678880e-01 2.846252756585228583e-01 2.856177336061160865e-01 2.926109191510606333e-01 2.798707791490984143e-01 2.870206526147853765e-01 2.757315458666423913e-01 2.825885909354907688e-01 2.773024426016545974e-01 2.753020034938235550e-01 2.768508244224032744e-01 2.790426936406010805e-01 2.803316816797755684e-01 2.827907311334347806e-01 2.853177985674347772e-01
4.270872293102992434e-02 1.014445118884465258e-01 2.670014327519055208e-01 1.000000000000000000e+00 2.756793707331625654e-01 2.857274730121912021e-01 4.376716059856824992e-01 4.053826514394067160e-01 4.154593183492227282e-01 3.900276339860546115e-01 4.547010745475882909e-01 5.107284788977441981e-01 3.878445593834604632e-01 3.704957657189540399e-01 4.880071361851068823e-01 4.656460116665755988e-01 4.396460616880584760e-01 4.383000080728133296e-01 4.608221009252990163e-01 4.628265705744070146e-01 4.414063222023594246e-01 4.673901437979973150e-01 4.221853190863046335e-01 4.127685750313312973e-01 4.670682555092395272e-01 4.838503843767305024e-01 4.874828384881352283e-01 5.128828448808915308e-01 5.308897191995125553e-01 5.080698735472017891e-01 5.370761365199365756e-01 4.858439352620468887e-01 4.849121834567380329e-01 4.687892774104009397e-01 5.013322272832824167e-01 5.160991151269957999e-01 5.223124382591388670e-01 4.920288729056230270e-01 5.065333132006569761e-01 4.608631294986320626e-01 4.937915470335029200e-01 4.691580410484338381e-01 4.716267473911099350e-01 5.024854841138403083e-01 5.115159336518600997e-01 4.948399766691659596e-01 4.762799732323285684e-01 4.773094835747712095e-01 4.886653603228210407e-01 4.904506326066833122e-01 4.890312074462105918e-01 4.951195768050871138e-01 4.894663334971792734e-01 4.610983687273193521e-01 4.831490223040359466e-01 4.594772990341442487e-01 4.782029851286003219e-01 4.702282624666533906e-01 4.828695181005422388e-01 4.845436707151268285e-01 4.802730533858968198e-01 4.843565080716571436e-01 4.862569195185541537e-01 4.852974880944357361e-01 4.724413995798765198e-01 4.860079613668517595e-01 4.793492286907048983e-01 4.798899137117823011e-01 4.852544641054620800e-01 5.093090842136076546e-01 5.019186888722961815e-01 4.909388177457553182e-01 4.802061776547403293e-01 4.889271043412553586e-01 4.924713330418191704e-01 4.962576765753249908e-01 4.997525441216002506e-01 5.142402465769756459e-01 4.977637120203547427e-01 4.795428796749153233e-01 4.937370871993769228e-01 4.956867980894409387e-01 4.891977218960473772e-01 4.926000746188683999e-01 5.012775593627114556e-01 4.926287942588862268e-01 4.941238645001123087e-01 4.850294444650313785e-01 4.942377906493595208e-01 4.694705722006632387e-01 5.000859676738041992e-01 4.824023572389247172e-01 4.981494688766620049e-01 4.946639093661968078e-01 4.795189227354170747e-01 4.757476932305828021e-01 5.012242031671282350e-01 5.029693093143130511e-01 4.872274513144208563e-01 4.971673127472183706e-01 4.875135984808399714e-01 4.971993121580042252e-01 4.982023935958886929e-01 4.912083227055054624e-01 5.039063628802131767e-01 4.881844556570837379e-01 4.943421538452762443e-01 4.720208189440256441e-01 4.802158550578842777e-01 4.837609910226524090e-01 4.833724103458303389e-01 4.815218853704825719e-01 4.853038124076958226e-01 4.872528485292338951e-01 4.814224328128002273e-01 4.935106156178662440e-01
1.362671556762757447e-02 5.867386050510252360e-02 1.396960902489606804e-01 2.756793707331625654e-01 1.000000000000000000e+00 2.225316067973995005e-01 3.475875595254787065e-01 3.807806045042176346e-01 3.674458748125917218e-01 3.243542069326649790e-01 3.394552981226525157e-01 4.009476432780467170e-01 4.129342252366156596e-01 3.195367112374171148e-01 4.143186365762477896e-01 4.179310537227197697e-01 3.578937245268249412e-01 3.192431201546747088e-01 3.604512214580891660e-01 3.313871140167357066e-01 3.308925794236101670e-01 3.788174199352531968e-01 3.244170887941681403e-01 3.156977556637222126e-01 3.586326701462208555e-01 3.900936092330314353e-01 3.807944112048508578e-01 3.705488193771567795e-01 3.793612785552332722e-01 3.787297081259661802e-01 4.066531023829435543e-01 3.977558499362308653e-01 3.482475279311376681e-01 3.674165449444906084e-01 3.795096498930410900e-01 3.880069224168194442e-01 3.984469058973179600e-01 3.988552410153884398e-01 4.076023500332049410e-01 3.660915404969014575e-01 4.079699288241057098e-01 3.910646392299844676e-01 4.067871130854532891e-01 4.149475796706650343e-01 4.102130152380326633e-01 3.974416767935596284e-01 4.082279843199453362e-01 4.117843609858152232e-01 4.239805834015601405e-01 4.209020276907295410e-01 4.182108059706754477e-01 4.143317815784722802e-01 4.254688576877463380e-01 4.043035094047925382e-01 4.132568667775046167e-01 3.954655678898476578e-01 4.102223345363899543e-01 4.035347807945674492e-01 4.135699442212241173e-01 4.217458432501632881e-01 4.189697544898399739e-01 4.107385412018014215e-01 4.172671218039348817e-01 4.202354475622320229e-01 4.050070411600643627e-01 4.165298794412324312e-01 4.077321349789386207e-01 4.007771606325746250e-01 4.040251702691046720e-01 4.155645409634654008e-01 4.115441557862865030e-01 4.085263279931369285e-01 4.044871225065135301e-01 4.039457685290598343e-01 4.072827766285009310e-01 4.045817999092430339e-01 3.996237714061240398e-01 4.017946104028480847e-01 4.022014100603418796e-01 4.028846006654877576e-01 4.052228717896377841e-01 4.057356180847285776e-01 3.957126651382180671e-01 3.993422183593440811e-01 4.056054632307151686e-01 4.047415988059031022e-01 4.040531797264741432e-01 3.978037520265841342e-01 4.081773304840648486e-01 3.917116373966614828e-01 4.004523386679179064e-01 4.037210451692396229e-01 4.053963570413433581e-01 4.041493230914987023e-01 4.047708897353269886e-01 4.040343664549053138e-01 4.028697301330469438e-01 4.075831033878066223e-01 4.074037288826988235e-01 4.043529348945023583e-01 4.085052366351096809e-01 4.030955863105717407e-01 4.153097618135406233e-01 4.079830584508785662e-01 4.108690835401871411e-01 3.944189394055515607e-01 4.077005254894141562e-01 4.052830728283199901e-01 4.033890088171098731e-01 4.078237424196717309e-01 4.013576256755987393e-01 4.086792037722434268e-01 4.024661037410555142e-01 4.025368891414379258e-01 4.017544413171029172e-01 4.160305666366180266e-01
1.767424638643760870e-02 7.861735901626762391e-02 1.544789252299718918e-01 2.857274730121912021e-01 2.225316067973995005e-01 1.000000000000000000e+00 4.441937947776798401e-01 3.837511539200477162e-01 4.187298964766447140e-01 4.025419450579069691e-01 4.169803696197212362e-01 4.769664032874909032e-01 3.923662676881242151e-01 3.605320771161939497e-01 4.730210854783079566e-01 4.649790492577441370e-01 4.392825844071248653e-01 3.973436002478562545e-01 4.392398384160016156e-01 3.655479005283024385e-01 3.610900178496806445e-01 4.312408549843162464e-01 4.063085316031001537e-01 3.752774988210029750e-01 4.330796460667781789e-01 4.808899575801416360e-01 4.876583185301510692e-01 4.879056193315499668e-01 4.897010621925201868e-01 4.777327169907396587e-01 5.039573361633874482e-01 4.654324212707047215e-01 4.472354586792192666e-01 4.364899193532372212e-01 4.685505160062987118e-01 4.520772484137144942e-01 4.804868756123459872e-01 4.915038674324110346e-01 4.868881725771921354e-01 4.541643774565026770e-01 4.959925896740818851e-01 4.845324049504128872e-01 4.624884912200216136e-01 5.039425251382398940e-01 4.888788656008436484e-01 4.895581465089265394e-01 4.943747210365422307e-01 4.933403599893259606e-01 4.945244836893729068e-01 4.775776932770128824e-01 4.973327476286314996e-01 4.597748797130002951e-01 4.857587279041560846e-01 4.871552954105088928e-01 4.948664673900469713e-01 4.840056505457236424e-01 4.798851908895133134e-01 4.899771220620820489e-01 5.015532780015469205e-01 4.967273691661290291e-01 4.873218514471748253e-01 4.959731368277906505e-01 4.895931791635126928e-01 4.896119583744784620e-01 4.831066925503147425e-01 4.931300542459586822e-01 4.942452401519020211e-01 4.894992240851681053e-01 4.893496782901085584e-01 4.873217031563680246e-01 4.819662253963987730e-01 4.934893524431674394e-01 4.770321092305037647e-01 4.822079829614136504e-01 5.032146205995593480e-01 4.997341950368611729e-01 5.031894994349866979e-01 5.128692852107966660e-01 5.040761200946463072e-01 4.939063753466120810e-01 4.959071902323748948e-01 5.027805966302872909e-01 4.958518480080258417e-01 4.901884923227727842e-01 4.940280130660381075e-01 4.870369970566872930e-01 4.940619406166547045e-01 4.970114681067915874e-01 4.949171538480425792e-01 4.951791380776653928e-01 4.967118168259636035e-01 4.945082228731477736e-01 4.955043706142530646e-01 4.988902696648341850e-01 4.930457045483362943e-01 4.914108673183554821e-01 4.943173935479043268e-01 4.930703964870685740e-01 4.920295246377885401e-01 4.967701637460779085e-01 4.919333521266650022e-01 4.973395364040105737e-01 4.928055794121138367e-01 4.976948959777429127e-01 4.918487800541321842e-01 4.906419805086018049e-01 4.972746739491907819e-01 4.933148456557299721e-01 4.986214306835918264e-01 4.962260468044970563e-01 4.975762640326743536e-01 4.924520035233149184e-01 4.941251257964808796e-01 4.937118157872113500e-01 4.899406189080586227e-01 4.945940838419754515e-01
1.188105037344668047e-02 9.269104968078803464e-02 2.758148238012531062e-01 4.376716059856824992e-01 3.475875595254787065e-01 4.441937947776798401e-01 1.000000000000000000e+00 5.708691527952528544e-01 5.947067547409350396e-01 5.841037123546742871e-01 6.083897661202940510e-01 6.941247576165536781e-01 5.946276922218466376e-01 5.408745028036288094e-01 7.441904021909049316e-01 6.872177867823172637e-01 6.277385961343469045e-01 5.831622194904222400e-01 6.146035372945704012e-01 5.651123255335405160e-01 5.189529580507397100e-01 6.088651783215267566e-01 6.071970700179871727e-01 5.708727127803385759e-01 6.031983363629240813e-01 7.014899249866425324e-01 6.956821548108457209e-01 7.088514136663097709e-01 7.151063978999547821e-01 7.005415329656226042e-01 7.281356316058069655e-01 7.004311992741830695e-01 6.786155182650486228e-01 6.704973270972577337e-01 6.945310163223513689e-01 6.995051973047944349e-01 7.118701144241015299e-01 7.308011036198390764e-01 7.248803286051296313e-01 6.977132564385366553e-01 7.233991162768538263e-01 7.155212432961364222e-01 7.033632714083614124e-01 7.292230954805665188e-01 7.255746233716361404e-01 7.232584163670822130e-01 7.176427371417781753e-01 7.200011282921540134e-01 7.205146347846856925e-01 7.058180653826545692e-01 7.336452801511647026e-01 6.764005688921550519e-01 7.013263710236647963e-01 7.022121234749646446e-01 7.241206599872108685e-01 7.220455385536881376e-01 6.929230712027607542e-01 7.164387874420565794e-01 7.279890361058614090e-01 7.098713610855214018e-01 7.166559284681793818e-01 7.083620053415861095e-01 7.175428147425473302e-01 7.121818268419184417e-01 6.829855627434795462e-01 7.010720704734603181e-01 7.191579943517069085e-01 7.133764887184528281e-01 7.189863282996242777e-01 7.145840040077026112e-01 6.982820756069825219e-01 7.091241476422850409e-01 7.092524665286592533e-01 7.044080290028116309e-01 7.295634513396070941e-01 7.229717659659846696e-01 7.316442923977247714e-01 7.393049707824426164e-01 7.233788511867530469e-01 7.165142138105438097e-01 7.250180582682008712e-01 7.240895663256950998e-01 7.203591026315673274e-01 7.236702150104901143e-01 7.257441600218577094e-01 7.216060810971144379e-01 7.223505747665973642e-01 7.247072115385632118e-01 7.254467179390899911e-01 7.136262916065480022e-01 7.273117142146510172e-01 7.208075660153698827e-01 7.213734481292075618e-01 7.259125320393585712e-01 7.146146549859279107e-01 7.145604992640289810e-01 7.215405560740920654e-01 7.053876716591429563e-01 7.138168474526050966e-01 7.241368184972029054e-01 7.156917730620214746e-01 7.155450023755810518e-01 7.157339150570175557e-01 7.182529775988799603e-01 7.178669380466703442e-01 6.959917823178537466e-01 7.170032156166176174e-01 7.157038383544059856e-01 7.199537302446690212e-01 7.167172322912203075e-01 7.157073451871582837e-01 7.088005776062562546e-01 7.097318925822883040e-01 7.095747698729526487e-01 7.019062752561104901e-01 7.080204522437166803e-01
-3.347683168944974065e-03 8.711694480437991162e-02 2.034611906527080960e-01 4.053826514394067160e-01 3.807806045042176346e-01 3.837511539200477162e-01 5.708691527952528544e-01 1.000000000000000000e+00 5.846094412423815667e-01 5.536912987858486623e-01 5.669521545886051506e-01 6.483195561125653095e-01 5.861994054170592827e-01 5.144875933662341749e-01 6.859970188712813943e-01 6.893762023101748238e-01 5.754492754273955457e-01 4.707977675038193532e-01 5.496304353322275515e-01 4.999544981065853766e-01 4.715777517320576817e-01 5.734378539169129319e-01 4.996089061905614193e-01 4.522221264062311619e-01 5.275553366003605804e-01 6.331879203855588223e-01 6.358391845531948805e-01 6.482444872170214367e-01 6.387327942282883253e-01 6.479659003459207200e-01 6.627149561329102045e-01 6.150438390960110135e-01 6.141405418774451563e-01 5.808989982845575994e-01 6.323270240429730293e-01 6.148936830493046957e-01 6.327117511606553668e-01 6.786274795775053548e-01 6.684622862741752547e-01 6.190544319037447618e-01 6.661029068734268810e-01 6.662235768566376892e-01 6.475581758480003502e-01 6.810895728274715122e-01 6.556275258078948509e-01 6.727101954434057118e-01 6.883004891933443004e-01 6.859227008812349702e-01 6.947381310169286062e-01 6.683380541478329828e-01 6.908848225282804290e-01 6.333201207422248791e-01 6.747820008447901197e-01 6.776214448526074463e-01 6.874666187997610090e-01 6.593456938586685911e-01 6.696123157871081144e-01 6.833240233841486599e-01 6.954156623722400621e-01 6.849104668274534902e-01 6.890079010866770881e-01 6.811373867412345851e-01 6.894954312204240043e-01 6.821543058595375131e-01 6.606297911855262273e-01 6.820945094494125227e-01 6.816072782200145452e-01 6.640192122386792128e-01 6.585197291974903555e-01 6.853456283207469690e-01 6.676559195990348083e-01 6.697360387636352996e-01 6.379732034566645282e-01 6.437268608914442636e-01 6.839260222791788690e-01 6.790672087173718063e-01 6.856708282993998482e-01 6.886554453391711128e-01 6.822632821004643855e-01 6.780862362679220823e-01 6.770877344803721831e-01 6.850203914093728752e-01 6.720181590597065213e-01 6.737599656041467489e-01 6.839726212164927155e-01 6.654140428962220799e-01 6.731909470448800281e-01 6.913436920263055230e-01 6.840711259779787001e-01 6.763139136931755058e-01 6.807473071431235923e-01 6.863726924649150574e-01 6.798730595468729376e-01 6.907921239110433875e-01 6.885544152923905870e-01 6.845978570816181330e-01 6.963183975087654520e-01 6.991133008250710601e-01 6.935714136207724589e-01 6.970476167580629268e-01 6.881544780864101707e-01 6.972252430713269389e-01 6.898057756969671050e-01 6.935739910770206684e-01 6.856607348963732473e-01 6.833174495000735593e-01 6.992783842308064601e-01 6.831182908021862232e-01 6.868873278914046088e-01 6.916511537124289122e-01 6.916509211674241042e-01 6.877157589590486841e-01 6.893242790340571302e-01 6.903917342987427874e-01 6.777731291026370952e-01 6.910945528020393525e-01
6.589856536646122864e-02 1.355938126884827233e-01 2.525015389837347857e-01 4.154593183492227282e-01 3.674458748125917218e-01 4.187298964766447140e-01 5.947067547409350396e-01 5.846094412423815667e-01 1.000000000000000000e+00 6.679433659546474278e-01 7.037217466027795298e-01 7.603921088249475657e-01 6.717072029533807109e-01 6.224002466215171614e-01 7.808681868344135024e-01 7.767055380401463038e-01 7.401968775271433598e-01 6.035697592386777277e-01 6.865797141872909126e-01 5.160865258162020686e-01 5.331514239111908582e-01 6.954435873118813838e-01 6.519971826356021349e-01 5.877147287066782910e-01 6.611632962608857689e-01 7.664467424692604780e-01 7.694802999356458173e-01 7.425492941768647714e-01 7.002063740894618471e-01 7.854172695998750120e-01 8.081104795825063691e-01 7.610799016337391754e-01 7.212845203710813724e-01 7.258373623662687235e-01 7.562412389174945071e-01 7.365068528480206433e-01 7.681029017857555763e-01 7.939700391315843708e-01 8.070817114378642243e-01 7.285821139531527546e-01 8.084325777449413719e-01 7.926764176399815343e-01 7.650003730706983474e-01 8.099020358596116242e-01 7.948146613447970577e-01 7.993057319520029402e-01 8.310080049111194800e-01 8.315602439198065410e-01 8.144797193269195379e-01 7.785473475209527816e-01 8.121671554364050527e-01 7.523904662281807321e-01 7.993690189320971085e-01 8.327453977431064081e-01 8.239148818974476596e-01 8.024976811608546257e-01 8.107598487481133542e-01 8.183135971102509787e-01 8.221491745631696046e-01 8.349971339639621348e-01 8.246485723413399249e-01 8.251714511254685247e-01 8.202827737970037614e-01 8.251863276611115516e-01 8.256115749106042179e-01 8.219735170684405734e-01 8.328192272548194941e-01 8.171377880669218330e-01 8.144871459478115749e-01 7.920884386019088064e-01 7.876807962780028038e-01 8.184515658029228868e-01 7.913634119466887995e-01 7.898976029112707575e-01 8.270306985843219882e-01 8.296434874038228768e-01 8.155962489187303932e-01 8.043779356444425988e-01 8.195951869918258748e-01 8.278536918349891360e-01 8.228411070324647136e-01 8.326991367355411899e-01 8.226983829801887138e-01 8.173647622443656058e-01 8.169741527312959217e-01 8.146047301275511909e-01 8.187426167501096197e-01 8.212122931713993212e-01 8.265438018380673046e-01 8.233091689917935163e-01 8.093535780186135176e-01 8.245634899707309229e-01 8.242135785467061826e-01 8.264509980843873782e-01 8.290236649263734714e-01 8.330874518182053157e-01 8.139347195122023093e-01 8.162068649288770628e-01 8.298194590305607576e-01 8.218141779259421353e-01 8.225907219657156988e-01 8.261752985127880367e-01 8.207864543577225724e-01 8.291703036508552005e-01 8.205847644493944326e-01 8.246852178905913489e-01 8.331211783397893811e-01 8.313987373021342053e-01 8.290263283610850298e-01 8.298951697426821816e-01 8.253206441705811525e-01 8.366849425750447766e-01 8.306698675134148724e-01 8.330714243488190895e-01 8.304647854563763643e-01 8.298823676524005322e-01
2.487259481160789334e-02 1.830825144174578201e-01 2.536862325415255026e-01 3.900276339860546115e-01 3.243542069326649790e-01 4.025419450579069691e-01 5.841037123546742871e-01 5.536912987858486623e-01 6.679433659546474278e-01 1.000000000000000000e+00 6.438372095022841801e-01 7.192329146795362060e-01 6.134453905780602456e-01 5.804331925060149944e-01 7.365246636127372737e-01 7.242301792313416975e-01 6.753280723509562655e-01 5.454190904835627407e-01 6.454987126258916463e-01 4.562712045983066123e-01 4.736837136597764619e-01 6.424205539330428705e-01 6.136570839011457057e-01 5.528352771592933701e-01 6.257151771846360955e-01 7.242544357911889774e-01 7.239809886281479701e-01 6.998195482361548869e-01 6.554756335519283938e-01 7.447146951508584189e-01 7.624032375266190931e-01 7.101613626133829182e-01 6.847031253413529139e-01 6.927548895367601212e-01 7.267810098870242097e-01 6.991049291075699390e-01 7.416668869207106995e-01 7.460129208719638028e-01 7.560460385273123363e-01 6.954069173141431692e-01 7.624578543900824013e-01 7.481400934169822881e-01 7.033585578418504181e-01 7.539014687135624504e-01 7.475581906796574527e-01 7.521765720152793211e-01 7.810688430535278615e-01 7.853042157679341884e-01 7.590256660104082176e-01 7.235148705019237569e-01 7.572025537522131255e-01 6.999221171574392386e-01 7.430351268182143754e-01 7.736203419878775467e-01 7.652423743114332710e-01 7.508236253390839776e-01 7.332645674939423097e-01 7.622418476291846767e-01 7.634659507212647744e-01 7.697137652851079315e-01 7.663170828938909995e-01 7.604154479261193700e-01 7.554070755448095698e-01 7.670098012342849714e-01 7.657853914481416169e-01 7.607558116808997850e-01 7.804541946803777996e-01 7.667671640311873871e-01 7.615314016695723387e-01 7.337102772427652742e-01 7.388461632929437251e-01 7.739335035530058304e-01 7.451024955412461903e-01 7.453908698559220669e-01 7.802613406933573970e-01 7.792076633489000148e-01 7.667746406793397584e-01 7.563131843590839010e-01 7.702288171743507661e-01 7.838196143581078745e-01 7.771796900076181069e-01 7.846299716996337770e-01 7.776638791824642682e-01 7.765914550161167051e-01 7.715327582589204258e-01 7.695612811717456037e-01 7.771728404338189566e-01 7.805272156709825992e-01 7.792740784865177517e-01 7.761213988017061638e-01 7.684962860900631521e-01 7.785242269263006332e-01 7.776337425071773168e-01 7.785789813062026221e-01 7.827029498136244268e-01 7.838712203107206511e-01 7.645036689479216552e-01 7.612733855207264311e-01 7.788151534164736711e-01 7.785176210241764316e-01 7.734759362629930468e-01 7.752252878252574586e-01 7.756022275162737234e-01 7.787746727936948332e-01 7.771823197871092770e-01 7.654001874163669505e-01 7.808372871850687291e-01 7.836329445582910225e-01 7.808770583588717784e-01 7.804846974391212999e-01 7.771986658145503268e-01 7.815674283410625200e-01 7.788129238861383197e-01 7.818661482815161268e-01 7.792781662761044670e-01 7.797951775105403938e-01
3.861220047803363281e-02 1.297901301556242670e-01 2.879939699980417211e-01 4.547010745475882909e-01 3.394552981226525157e-01 4.169803696197212362e-01 6.083897661202940510e-01 5.669521545886051506e-01 7.037217466027795298e-01 6.438372095022841801e-01 1.000000000000000000e+00 7.662796413431228748e-01 6.493523910531502352e-01 6.006472963104099172e-01 7.637294855857572617e-01 7.522964525218476251e-01 7.236952977129418318e-01 6.451154767112627919e-01 7.049485157164014915e-01 5.457953134915566329e-01 5.482846421606963894e-01 6.859346728638990864e-01 6.944424517062992575e-01 6.269768167819194105e-01 6.966594552889233682e-01 7.726729308708778499e-01 7.755069821127835716e-01 7.636942444327123880e-01 7.323117196974697762e-01 7.933109941499755235e-01 8.108201736663435133e-01 7.739325027594969875e-01 7.347762044043663066e-01 7.429522082491711865e-01 7.718625507332605995e-01 7.528159656313598846e-01 7.871735657761136373e-01 7.969748662063054212e-01 8.058827958501540989e-01 7.475690639177570151e-01 8.031895356160242416e-01 7.825003166343050820e-01 7.601545871285584344e-01 8.089545101742919853e-01 7.997871515518452101e-01 7.964631110928613866e-01 8.035904173325348898e-01 8.045727637686853617e-01 7.855214057776174208e-01 7.706170617181001825e-01 8.013968081835323165e-01 7.553486245318672410e-01 7.784011412442949363e-01 7.931273311017181804e-01 8.018657866294315317e-01 7.969292991567782369e-01 7.729131293832476324e-01 7.980839269136487113e-01 8.034142255690743806e-01 7.998178217873703755e-01 7.996906900666413964e-01 7.977224295092160133e-01 7.942760975824181280e-01 7.960022972697718968e-01 7.935130566204515734e-01 7.875015373395204410e-01 8.091839134614605689e-01 8.044818594240711329e-01 8.061662566638798655e-01 7.755041723208400128e-01 7.749843891762403514e-01 8.049410783050636731e-01 7.925254580114257097e-01 7.901276306813019845e-01 8.148892908472197272e-01 8.149586866871143531e-01 8.023980058707800289e-01 8.028639902620287039e-01 8.036401564017375820e-01 8.074376539303586009e-01 8.128695023246472751e-01 8.169338372092651568e-01 8.140456257535122475e-01 8.063526601255639470e-01 8.047580044136386501e-01 8.066336930792723514e-01 8.125941973025904153e-01 8.073246895222111474e-01 8.134253627205744186e-01 8.062905926638157528e-01 8.067614356139247711e-01 8.068859058294280961e-01 8.115290148199441056e-01 8.101104596261872182e-01 8.034776538340497876e-01 8.041493101981105340e-01 7.959764307129231220e-01 7.861400866325385373e-01 8.022312947371299519e-01 8.064901907405362946e-01 8.011974055433481734e-01 8.016782888490222581e-01 8.038262049556497146e-01 8.083537093534832740e-01 8.057673204106338138e-01 7.884307823553032835e-01 8.012033119617649746e-01 8.035477773731083406e-01 8.082008147156478639e-01 8.055215217156771468e-01 8.031941722496627190e-01 8.021316277794282579e-01 8.019815156190039929e-01 8.005778537198050548e-01 8.055092411119560980e-01 8.005717599604526002e-01
1.827122200755850606e-02 1.215640766556989050e-01 2.883786940249441488e-01 5.107284788977441981e-01 4.009476432780467170e-01 4.769664032874909032e-01 6.941247576165536781e-01 6.483195561125653095e-01 7.603921088249475657e-01 7.192329146795362060e-01 7.662796413431228748e-01 1.000000000000000000e+00 7.326766574668923671e-01 6.733785524440398795e-01 8.609463555587679728e-01 8.496130473612507616e-01 7.533223083640174789e-01 6.832433971497857694e-01 7.601630176450017151e-01 6.259531022507701659e-01 6.304693239552302542e-01 7.684949167618558841e-01 7.082541731140574726e-01 6.679574580996271438e-01 7.479151978679053903e-01 8.350227239955859693e-01 8.470100730724792193e-01 8.327571263567835613e-01 8.034439336020844369e-01 8.660062581780951785e-01 8.868049582004119413e-01 8.298794669142073310e-01 8.006895357885609465e-01 7.929095385001032614e-01 8.345809925545356611e-01 8.281432809257033290e-01 8.578142490817233234e-01 8.748815575010910894e-01 8.815476665291493985e-01 8.211205037087546676e-01 8.872139965681640206e-01 8.764879620315945141e-01 8.590200545116674080e-01 8.964080486852561425e-01 8.822856556460647592e-01 8.816881561906519948e-01 8.990969378520048405e-01 8.999184645199448385e-01 8.908795002279611408e-01 8.690642174197785730e-01 8.911519673375342121e-01 8.527576043043100240e-01 8.849818172122677629e-01 8.922121985017775758e-01 8.949325715834208772e-01 8.676763383514600747e-01 8.775488331344533099e-01 8.909869105251639887e-01 8.982027848756848343e-01 8.999303156063549469e-01 9.004465410833244476e-01 8.964046964377214710e-01 8.997921579420755656e-01 8.919710189193428285e-01 8.737161593935389714e-01 8.889705208703718720e-01 8.962277273071594941e-01 8.914213846517919926e-01 8.864398484812889834e-01 8.851347600974082130e-01 8.809135768891942497e-01 8.954870276688333686e-01 8.703348811644135985e-01 8.793342006316076098e-01 9.007910914314773976e-01 9.015133554299736840e-01 8.955953372658245204e-01 8.934341515472777884e-01 9.003146005031830157e-01 8.993022644300486812e-01 8.959905617427218472e-01 9.069920157677208161e-01 8.893018118215071377e-01 8.931872819738096991e-01 8.940652464956424517e-01 8.904394155386862186e-01 8.957485337778748891e-01 8.935673506073789074e-01 8.986995410236051640e-01 8.888065146580371723e-01 8.911283835621427452e-01 9.006934240239542477e-01 9.024473731588328329e-01 9.042946802610727364e-01 9.027235278527254714e-01 9.017071404144675340e-01 8.970935753668319856e-01 8.863124669719567583e-01 9.010720831180902834e-01 8.977440198474589961e-01 9.000677350642573016e-01 8.983534560347665732e-01 9.023875846952433832e-01 9.045657327505726153e-01 9.014826605709342910e-01 8.884608393111183000e-01 8.994041480598300442e-01 8.986677676755661093e-01 9.010454005753711915e-01 9.017361477908678591e-01 8.985755831362214341e-01 9.013105046346518989e-01 8.997967324009651380e-01 8.955936979865597447e-01 8.916401572729760749e-01 8.976184204169593839e-01
2.638002829588318148e-03 9.461972064340121169e-02 2.193641194601697597e-01 3.878445593834604632e-01 4.129342252366156596e-01 3.923662676881242151e-01 5.946276922218466376e-01 5.861994054170592827e-01 6.717072029533807109e-01 6.134453905780602456e-01 6.493523910531502352e-01 7.326766574668923671e-01 1.000000000000000000e+00 5.974147145118515745e-01 7.628848056838545277e-01 7.713275286299990929e-01 6.684076238965344086e-01 5.486752503567219330e-01 6.450486986693071412e-01 5.237582848623003606e-01 5.185969872937571390e-01 6.482002804614004354e-01 5.788995814273479867e-01 5.338311454760150676e-01 6.140392989015553971e-01 7.180756350777304231e-01 7.251955228078033056e-01 7.119147949394011299e-01 6.863140064667688778e-01 7.338414790307139501e-01 7.587966942727426556e-01 7.124702051456889285e-01 6.736692967857336178e-01 6.620088010113361898e-01 7.004258993388439158e-01 7.073451074671656125e-01 7.307370427013496483e-01 7.534887556567028133e-01 7.603910765712715847e-01 6.945467336925016388e-01 7.729527770988362523e-01 7.690434979641460611e-01 7.544857391187537177e-01 7.778840500557586690e-01 7.601893804618700123e-01 7.617090230152272490e-01 7.951853353322053675e-01 7.985748856911327742e-01 7.909081901201903131e-01 7.650416582008168209e-01 7.818351608413295351e-01 7.520510253158265712e-01 7.856661388342983665e-01 7.942436474481264774e-01 7.914243744252829060e-01 7.616750734503222597e-01 7.727196037611014923e-01 7.878251434096369410e-01 7.882210893819012743e-01 8.040927648034028596e-01 8.056278713242536194e-01 7.871509965903568107e-01 7.900421062544396023e-01 7.939863826828453819e-01 7.769196304707920442e-01 7.902751987181836357e-01 7.931926813821448263e-01 7.779427856507169503e-01 7.720900897308556887e-01 7.778250501942027828e-01 7.655484700228889494e-01 7.822331312818168181e-01 7.527271840485364462e-01 7.604783082894812640e-01 7.909926424700676195e-01 7.924944044230090023e-01 7.847775233506667503e-01 7.781697099955727781e-01 7.881205774337562975e-01 7.931736376377215292e-01 7.866423539948760313e-01 7.975322425901150147e-01 7.749800250470708640e-01 7.759391489352476246e-01 7.818677649414462749e-01 7.741895917441738995e-01 7.875999649049036933e-01 7.842992900995112704e-01 7.889735940676385617e-01 7.812993835130804809e-01 7.780235147165635023e-01 7.945532022249750526e-01 7.903068047896020243e-01 7.932882669000231868e-01 8.004847358385054346e-01 8.002143343400458519e-01 7.887116816741972514e-01 7.856411321378546919e-01 8.001488225403319277e-01 7.893500718135980643e-01 7.950344653077046075e-01 7.938023539778686910e-01 8.008416405567413410e-01 7.974350431244355830e-01 7.963750461687376658e-01 7.842526341184037353e-01 7.950229947197896552e-01 7.991023998421086239e-01 7.957910186302705746e-01 7.990659466103563480e-01 7.917466537023876150e-01 8.009195991840488693e-01 7.953082823673133239e-01 7.969442988249323401e-01 7.905112912320145790e-01 7.996940079187193628e-01
