1.000000000000000000e+00 2.375646821807753106e-01 1.482783677552223234e-01 -1.140852061647827931e-01 -9.246734880306937965e-03 4.457362514800466274e-02 -4.601770089706615219e-02 -6.832209876022107831e-02 2.074504964547945196e-01 1.572142603411540718e-01 4.533124236728758999e-02 -5.513986503338144662e-02 -1.452122432134501755e-02 -5.811556686221452245e-02 -3.502368659950464563e-02 -2.620163575129230704e-02 1.076595123781966534e-01 1.922866662552943362e-01 1.562287306497674166e-01 1.180071602170315592e-01 1.154173873660600397e-01 1.288692902346269265e-01 2.890080711258283808e-01 2.069460659512810941e-01 2.144726544087298126e-01 2.059062630722644227e-01 1.637272348293032920e-01 2.125575677489133231e-01 2.693118536781660688e-01 2.431525470362461416e-01 1.723892985821719737e-01 1.525874875301668487e-01 2.608228041902763139e-01 1.732995016488496909e-01 2.221778161899545800e-01 1.429697118726574179e-01 1.790835296804562382e-01 6.104205262090500045e-02 9.459312394096108800e-02 5.726601431690968302e-02 8.504646979462164580e-02 4.340776742338878919e-02 1.713856197267111039e-02 3.427730572272511683e-02 7.313650096123985866e-02 5.859030588562164771e-02 8.619439450564463784e-03 6.198668149573710595e-02 5.291987885806100946e-03 3.520901909478229425e-02 2.378842367329308746e-02 3.072631286236936210e-03 1.033689025097983723e-02 1.073821069455323518e-01 1.158583097220771824e-01 1.302909313146665693e-01 9.908033987332050263e-02 7.143213214413955681e-02 4.969831297453559255e-02 4.087378880943826759e-02 4.413045745426394210e-03 3.547042677100263608e-02 2.287021747220724030e-02 1.408097209537097563e-02 7.680297355209098065e-02 6.654908548566997040e-02 4.326853575997025025e-02 7.703669004406223098e-02 1.118310630942128125e-01 7.172518961310464514e-02 3.342201409777947191e-02 7.262942608895950336e-02 1.074437466248733819e-01 9.921863467642454137e-02 6.629757851356991860e-02 7.653530894889234992e-02 6.577622235915971116e-02 1.253505358642829914e-01 7.602207309620503950e-02 1.017385170362876678e-01 9.092342205588932469e-02 6.871183269783164016e-02 1.056066891272652714e-01 1.171100998597071063e-01 5.605617680019939902e-02 7.474134300851030532e-02 7.826335154457067511e-02 1.758348036918155541e-02 3.944436182936741225e-02 1.026517753272256916e-01 4.991557841447646915e-02 2.664694172026002908e-02 3.265271313373276085e-02 3.241876644874334273e-02 8.509694230982417160e-03 2.379936277703414982e-02 -2.627440576896073604e-02 1.515909321012843050e-02 -3.072455473047548593e-03 -1.634683918412576861e-02 -5.380868742283832079e-03 1.607978573996933025e-03 4.463586684802386094e-03 -1.369486372825203489e-03 2.222991155458220458e-02 6.213316138130713789e-02 1.665853305896330266e-02 6.256852305362724243e-02 5.247485645221933864e-02 1.514167066359903800e-02 1.651655813508924597e-02 2.034099224238297698e-02 1.315679952528529643e-02 1.303362725575688257e-03 4.184034912964683384e-02 3.480902928663828083e-02
2.375646821807753106e-01 1.000000000000000000e+00 1.180786784330302708e-01 -5.733177134474148895e-02 6.349527153887733755e-02 9.454378019032955160e-02 1.006350600846618454e-01 4.322084533754529112e-02 2.512599997389560746e-01 2.491151826684233073e-01 1.636603868533021144e-01 8.694472068254920083e-02 1.119812384896810425e-01 4.904043141756747604e-02 1.163806519259947408e-01 9.876944177850298379e-02 1.788060564552197973e-01 2.090963625119171276e-01 1.889806085298645077e-01 1.442112639555907516e-01 9.471560732439940344e-02 1.364011752704304414e-01 3.006717156024909521e-01 2.205331383185617777e-01 2.164735484761924900e-01 2.452689644101443411e-01 2.134151148118745012e-01 2.476471757995002965e-01 2.926022905263629958e-01 2.848475744846644120e-01 2.446918547350362683e-01 2.435744149899793931e-01 2.841038783235844134e-01 2.441549732966600827e-01 2.774711409826237651e-01 2.109511256634794274e-01 2.424480154393573172e-01 1.783754935402448727e-01 2.051933001147049351e-01 1.519268222876277996e-01 1.991345985790690665e-01 1.717167891790558343e-01 1.380289303371555476e-01 1.608409834584072218e-01 1.781493970272436667e-01 1.845894738383130895e-01 1.601755679606695348e-01 1.903105001799865192e-01 1.486365424743597008e-01 1.455724355126297997e-01 1.500632332766211330e-01 8.208044559392364825e-02 1.296724841230154635e-01 2.207724823023241578e-01 2.137015886900285877e-01 2.286191637784847908e-01 1.817805878065678893e-01 1.903685831923159211e-01 1.780839835571682295e-01 1.720845343075464717e-01 1.473494154578762760e-01 1.685571013366686799e-01 1.563271239309414751e-01 1.553735945719564304e-01 1.741292640085279064e-01 1.799471746145567264e-01 1.799669764843947473e-01 1.952254405985629770e-01 2.269139884038666732e-01 1.750642248011176350e-01 1.380448398181403080e-01 1.819089918377193305e-01 2.058491210401240668e-01 1.966103778621525744e-01 1.894471362111759816e-01 1.949222699171585804e-01 1.917763008855214446e-01 2.347081927536861512e-01 1.968574967474031046e-01 2.218604820386342602e-01 2.039629329124626467e-01 1.994749639090337701e-01 2.146117828266519423e-01 2.302222161889945773e-01 1.883745018527268611e-01 1.968907472724524821e-01 1.991383521196148920e-01 1.638433113490439241e-01 1.808107895280685606e-01 2.178527106559799420e-01 1.747740776639827576e-01 1.698523355592287676e-01 1.670566500649615926e-01 1.709349799849830542e-01 1.608039650064074788e-01 1.701060694175905719e-01 1.247583333019080393e-01 1.477252927845110475e-01 1.525541348482585546e-01 1.402779890888680991e-01 1.444101945055301928e-01 1.526920112485351810e-01 1.465936091455863899e-01 1.492520062910651091e-01 1.537335792040173676e-01 1.820128058770949242e-01 1.643252768937988051e-01 1.998260304258887010e-01 1.903310492931192532e-01 1.617360959325962744e-01 1.619127100250834783e-01 1.661711186653311301e-01 1.617603373190175664e-01 1.540187322294189476e-01 1.723848810652941488e-01 1.657151907423386750e-01
1.482783677552223234e-01 1.180786784330302708e-01 1.000000000000000000e+00 3.021815872138860493e-01 1.916738016806325273e-01 2.573085115659827782e-01 3.413915364686745391e-01 3.120105387292683163e-01 3.743605738246337244e-01 3.161996674504880533e-01 3.654842327504410071e-01 3.581405700752032240e-01 3.291414199894618364e-01 2.722467365642636805e-01 3.603409293689912030e-01 3.658288425450522685e-01 3.807878091447474134e-01 3.896491366461500294e-01 4.004500652941246353e-01 3.917024873995113565e-01 3.946141549750708521e-01 4.139233887933155276e-01 3.818776341274437991e-01 3.734745834942533871e-01 3.925548876713350066e-01 4.178907230740740442e-01 4.156301486885354834e-01 4.236772183914503942e-01 3.961501935690108223e-01 4.012777293472920004e-01 4.068520191273621855e-01 3.989208953751260944e-01 3.822650244593884805e-01 3.903995055303421946e-01 3.829269057616758731e-01 4.014165762415703442e-01 3.874969113704259671e-01 3.954018775168322009e-01 3.894776050046155902e-01 3.993480390292535320e-01 3.881647959306345208e-01 3.909755620571046530e-01 3.898829038342563336e-01 3.925619055869791763e-01 3.944866989833774595e-01 3.899678180111200709e-01 3.671470693725427115e-01 3.798713399795237700e-01 3.752639298884699603e-01 3.753357458974445615e-01 3.830646448893165745e-01 3.736818403456618198e-01 3.716896070683838871e-01 3.854257567967659948e-01 3.955212226597434877e-01 4.057057673144722765e-01 3.893409938898674816e-01 3.869199540783284652e-01 3.832343939709584868e-01 3.767864316148925585e-01 3.784296544534656581e-01 3.762296436688886692e-01 3.782977299663358717e-01 3.731919823128112546e-01 3.908121988465387275e-01 3.842377709507888706e-01 3.761767355293595960e-01 3.943265359134809911e-01 3.920234249181339670e-01 4.073184808495416420e-01 4.008348720414726118e-01 3.993972784756381067e-01 3.972337064691025543e-01 4.011813002088614466e-01 3.911856802037953496e-01 3.930534414238804342e-01 3.884465318283127910e-01 3.951000418573521467e-01 3.972782402374706034e-01 3.937821510287590199e-01 3.894347423998981705e-01 3.939240628422812640e-01 3.973438884809684657e-01 3.891451453314370701e-01 3.841653083833536098e-01 3.891147687668574662e-01 3.885741372207886513e-01 3.834391364668196522e-01 3.805990549777966692e-01 3.981633152353105110e-01 3.906824063004241121e-01 3.809409803682228257e-01 3.839739229332289616e-01 3.808649120386767839e-01 3.698022821420159367e-01 3.761810942113698597e-01 3.700032542054427220e-01 3.738655509231325613e-01 3.716183007034810082e-01 3.705870040307832070e-01 3.760150023620303372e-01 3.764459817778515460e-01 3.724406026170694606e-01 3.724552733954972217e-01 3.806716648997318653e-01 3.860799083200855963e-01 3.753089805226167419e-01 3.811844469545433434e-01 3.868284145182150358e-01 3.751057668186581484e-01 3.812822384376157725e-01 3.736598718386432982e-01 3.742993670060479894e-01 3.696623622942622478e-01 3.821757657652530837e-01 3.769219245677091767e-01
-1.140852061647827931e-01 -5.733177134474148895e-02 3.021815872138860493e-01 1.000000000000000000e+00 4.066212627944149616e-01 3.770011887286472962e-01 5.879125484296945370e-01 5.776722338578714755e-01 4.466931233064739826e-01 3.977921163475569011e-01 5.285642547719709983e-01 6.655322481319885242e-01 5.503289487138439684e-01 4.650413829521695686e-01 6.075352061764299760e-01 6.178858993057509963e-01 4.934121502488293398e-01 4.793432370276830556e-01 5.304477789182059366e-01 5.621978650971973801e-01 5.617169709371933051e-01 5.813551800049058249e-01 3.580604652639544638e-01 4.424360190881866384e-01 4.723659458466291650e-01 4.949705501876658365e-01 5.234885933917032830e-01 4.865225073759431584e-01 4.006150596299847266e-01 4.351272922366954954e-01 4.984162407079020252e-01 5.127951263357087841e-01 3.726012702045195524e-01 4.764361729247766353e-01 4.210330018622752135e-01 5.238887964116318852e-01 4.840957512855385003e-01 5.615129968929354343e-01 5.349532414565287830e-01 5.965731256686831463e-01 5.597705886888489912e-01 5.741177028007630190e-01 6.243646141093351920e-01 5.967935843044231969e-01 5.653264032082947477e-01 5.607413110147188018e-01 5.662608916275093662e-01 5.476236942502258342e-01 5.869767503515799234e-01 5.741989477628686167e-01 5.939055450321850671e-01 6.372498789313355561e-01 6.017635732099396728e-01 5.128731859234739732e-01 5.246811752499693782e-01 5.250522301365675437e-01 5.504736266197288730e-01 5.498832761933972746e-01 5.612577445511900409e-01 5.702414061869699458e-01 6.036566553727049644e-01 5.631064519743568253e-01 5.775589130928618919e-01 5.816266970538620518e-01 5.636552779339251140e-01 5.631362440756515486e-01 5.535394416477730228e-01 5.596863566420429148e-01 5.315557514046912457e-01 6.027136011582652220e-01 6.222973596992453782e-01 5.679388765317919807e-01 5.473527064725339786e-01 5.529781950448687811e-01 5.648992648496861113e-01 5.558906258684038759e-01 5.564711050010830995e-01 5.069170970224590178e-01 5.596493763368519669e-01 5.312059149087968724e-01 5.381399682686376362e-01 5.482545201092408060e-01 5.407511108996931881e-01 5.074765067439239719e-01 5.581119868878000601e-01 5.533167279563504515e-01 5.483724047997216022e-01 5.820341316657228203e-01 5.633762579980395868e-01 5.371135191002206488e-01 5.783634689304918419e-01 5.752191789645915154e-01 5.801218091973794344e-01 5.738248381021112676e-01 5.716963588079886360e-01 5.678880358769605730e-01 6.164487232992234000e-01 5.952173657139734342e-01 5.902629059276354173e-01 6.008048146746423068e-01 6.020433500824505790e-01 5.906297363312695836e-01 5.895651505084753552e-01 5.909858507548658713e-01 5.954161027166408049e-01 5.650822695444545074e-01 5.798956743592859064e-01 5.394404357713998843e-01 5.550109571711634437e-01 5.741704752006371315e-01 5.832699327876050832e-01 5.713873064384843437e-01 5.761263594892703788e-01 5.813049985693011790e-01 5.664858762231841371e-01 5.758890133397088773e-01
-9.246734880306937965e-03 6.349527153887733755e-02 1.916738016806325273e-01 4.066212627944149616e-01 1.000000000000000000e+00 3.327075323000533991e-01 4.930032010551377297e-01 4.746004684559687603e-01 4.247025448668978465e-01 3.873283670623363650e-01 4.563996881450302356e-01 5.026142787676912693e-01 4.782294378142686875e-01 3.656861735729347029e-01 5.040600407548270212e-01 5.072664340563833862e-01 4.276124437922264043e-01 4.367505428766955133e-01 4.665518416891417663e-01 4.508071035403996007e-01 4.427048019273565616e-01 4.693271746371233122e-01 3.921025379096420571e-01 4.244909967415652075e-01 4.380218593943308036e-01 4.531142603147714776e-01 4.604440617837004535e-01 4.468118893917476520e-01 3.995818420785939851e-01 4.154145139159417521e-01 4.456542109729893508e-01 4.710665609811789944e-01 3.635149970238855111e-01 4.473830885514578082e-01 4.082543401926235216e-01 4.616985889445947566e-01 4.462401095976529231e-01 4.725517574936480281e-01 4.760944980914476599e-01 4.904274213162432838e-01 4.761983892489402015e-01 4.895017772974717962e-01 5.119222325530462525e-01 4.994527980293165248e-01 4.893437386853582427e-01 4.851084265911167481e-01 4.857798206198665203e-01 4.793062720913074948e-01 4.969055981583112014e-01 4.780679072250310080e-01 4.985643563966258296e-01 5.179278194990006856e-01 5.018170039806861826e-01 4.683379757439337099e-01 4.739311045588513460e-01 4.698705543103317006e-01 4.882725307622945432e-01 4.870118857241496624e-01 4.878376885305127919e-01 4.966903306702715737e-01 5.099377216570274429e-01 4.917110859355535157e-01 4.961863052600854473e-01 4.946854813182766097e-01 4.893230206273927463e-01 4.937822486587565840e-01 4.831499151021029226e-01 4.896202881421065634e-01 4.797545653591330783e-01 5.044460732341774500e-01 5.117320474480439030e-01 4.931593509218988314e-01 4.895867831491921840e-01 4.920384372558503361e-01 4.870216937843012128e-01 4.813630122017961699e-01 4.852520075007257794e-01 4.620933579704165073e-01 4.910489893775689674e-01 4.724506368905423970e-01 4.773405065423631521e-01 4.795255113538179348e-01 4.815001947186705600e-01 4.631788335939517331e-01 4.839203145249476590e-01 4.895754710017534150e-01 4.807769390896139972e-01 4.928062499104771121e-01 4.901530143566981690e-01 4.768367020739312512e-01 4.888160196713712269e-01 4.915163836973860390e-01 4.938121660934646773e-01 4.941368609060314832e-01 4.899805982941800031e-01 4.862343385894858927e-01 5.067273932055685881e-01 5.078317404769961962e-01 5.032150424901310481e-01 5.023416362163887205e-01 5.051366691562892974e-01 5.001530561684304210e-01 5.035216120111514204e-01 5.003543830621663968e-01 5.047213921689227556e-01 4.908030180798992892e-01 4.972914019443219202e-01 4.773594280923508792e-01 4.853130349300007196e-01 4.953314363898583261e-01 4.959779838202590940e-01 4.940295501746655993e-01 4.951727157128352763e-01 4.966154721950438722e-01 4.883175854675736449e-01 4.972847419274715186e-01
4.457362514800466274e-02 9.454378019032955160e-02 2.573085115659827782e-01 3.770011887286472962e-01 3.327075323000533991e-01 1.000000000000000000e+00 5.518895681397710806e-01 4.741489185006105833e-01 5.374522157692648294e-01 4.852435148155658240e-01 5.499602884448603346e-01 5.886877831888165380e-01 5.368435988084375721e-01 4.472267968971644914e-01 5.899143324156652657e-01 5.838555800755121927e-01 5.611357835713641773e-01 5.329412959122999949e-01 5.492274159009765677e-01 5.033135358019736882e-01 5.123440128716572062e-01 5.462703904490694429e-01 4.996028756154083927e-01 4.912434162568483087e-01 5.127939721075102097e-01 5.732666173789132680e-01 5.730530139377284504e-01 5.693888404068095932e-01 5.303212320183426920e-01 5.424300195060166585e-01 5.687957008043494911e-01 5.856563491502646546e-01 5.065431848458142872e-01 5.720361881884216126e-01 5.397155179631054622e-01 5.738883289161732515e-01 5.583609849811690395e-01 6.038363779927971020e-01 6.031458482613455407e-01 5.917728113275790847e-01 6.053239920130267793e-01 6.082018459093888607e-01 6.085316725035312402e-01 6.111160845132722619e-01 6.020522152847659347e-01 6.006086701335788813e-01 6.005993362390050772e-01 6.035075675115572080e-01 6.114306292113630414e-01 5.958751551861686258e-01 6.084629169388996450e-01 5.963699192973941354e-01 6.032389803708499976e-01 5.963548444873976173e-01 5.982773495356892290e-01 6.005334332280279908e-01 5.974301279760929617e-01 6.043896414676092066e-01 6.035403184322646331e-01 6.052455897345909719e-01 6.144072650321761309e-01 6.004394824290122390e-01 6.069237278192253227e-01 6.098567182947611798e-01 6.005198005356440216e-01 6.065197522832049826e-01 6.071318472212403616e-01 6.079296713211663761e-01 5.977934062600390730e-01 6.084697093064771467e-01 6.145836405421324367e-01 6.089642281436908888e-01 5.992712165913621769e-01 6.018483879301549377e-01 6.121042158614646844e-01 6.036920340245605088e-01 6.077203770818055961e-01 5.952202311439210858e-01 6.049850160129915944e-01 5.988364361588855989e-01 6.007018324125583675e-01 6.044827651530538803e-01 6.051663141103905685e-01 5.984439161933529094e-01 6.156117729565702135e-01 6.110647392401227229e-01 6.039921285849465526e-01 6.139610556362760097e-01 6.102396715009292816e-01 6.023657011536702743e-01 6.076246422324207419e-01 6.120999065068770673e-01 6.093202629383869251e-01 6.116521535201462356e-01 6.079717285008292560e-01 6.074058685492181864e-01 6.146895510996985834e-01 6.152033866433974651e-01 6.143661175169481403e-01 6.156710801967599789e-01 6.130232570097035039e-01 6.138332074964650831e-01 6.115503456781281599e-01 6.119688244220289342e-01 6.172435233242171693e-01 6.051192361643047413e-01 6.127846143898784126e-01 6.044211534727635948e-01 6.095053636134177832e-01 6.092426488845751331e-01 6.106338482713462579e-01 6.083952584922147633e-01 6.079923993441826990e-01 6.118249409522471538e-01 6.100564998024349261e-01 6.108494004872709882e-01
-4.601770089706615219e-02 1.006350600846618454e-01 3.413915364686745391e-01 5.879125484296945370e-01 4.930032010551377297e-01 5.518895681397710806e-01 1.000000000000000000e+00 7.233295962749086705e-01 6.985049609649757185e-01 6.601821960880270845e-01 7.538991587287889873e-01 8.166670776968358858e-01 7.423957683758758419e-01 6.268927801127354149e-01 8.518942930768166333e-01 8.179032199449258744e-01 7.382606320670239697e-01 7.049494655874775084e-01 7.365562903063955780e-01 6.996168152998735179e-01 6.879269280272092280e-01 7.358853538894218893e-01 6.378040134249686188e-01 6.497204055594500982e-01 6.775017249602935943e-01 7.472474500209324022e-01 7.611635393677326222e-01 7.447704285383717204e-01 6.727528484247128349e-01 6.993774630464419939e-01 7.516775521086673795e-01 7.825129183053534110e-01 6.512661107385459003e-01 7.482913650770711689e-01 6.987127784436329980e-01 7.660295727970896085e-01 7.433663069957093805e-01 8.207101970398730240e-01 8.091062613091982714e-01 8.193981415568766247e-01 8.123860790414512145e-01 8.287122209812490814e-01 8.467021797875994293e-01 8.364923464229179206e-01 8.141304661626925787e-01 8.200231643717111885e-01 8.249909406808160206e-01 8.173029526549244750e-01 8.277786749207437511e-01 8.017162051279229651e-01 8.278666592606419572e-01 8.192552364070860849e-01 8.262792370823134336e-01 7.955826266608418962e-01 7.990709195221188388e-01 7.986099189294859624e-01 7.948125935025264210e-01 8.163788529983549980e-01 8.159287727647424049e-01 8.217599399140288474e-01 8.403274353665263208e-01 8.150541788298691914e-01 8.263128996127773185e-01 8.290213386191227496e-01 8.103072826192782019e-01 8.139382094336609086e-01 8.232779099492513186e-01 8.212887322672350887e-01 8.023964369770650862e-01 8.275840087819916757e-01 8.382364260320299687e-01 8.227421461946747838e-01 8.061534002177286329e-01 8.147535234359715162e-01 8.202368461166843483e-01 8.164922431457721785e-01 8.208048745666858270e-01 7.877442088232577966e-01 8.222546318259886799e-01 8.024997719494424420e-01 8.081149825179668733e-01 8.150346725241179868e-01 8.133564781310541614e-01 7.917587944482226137e-01 8.251831085067787841e-01 8.217135762833400747e-01 8.138574014167825332e-01 8.421244613583698246e-01 8.312573616221120565e-01 8.111790085175052401e-01 8.294073820585760037e-01 8.359849230233138417e-01 8.329223066406510334e-01 8.330101968733980566e-01 8.318917291667670133e-01 8.299402246336553546e-01 8.478422252039289342e-01 8.376539573163676033e-01 8.408464849173259426e-01 8.468544342947034176e-01 8.488848353861255802e-01 8.426796845752162479e-01 8.382127897299803676e-01 8.419027404814574123e-01 8.413408005808553636e-01 8.194731538248373193e-01 8.332458056040366046e-01 8.164157965103258086e-01 8.251266828860402969e-01 8.313136438301006459e-01 8.369131984834090598e-01 8.305207035202515353e-01 8.331587807706816173e-01 8.376118094810101056e-01 8.274884391615872081e-01 8.284930465990427706e-01
-6.832209876022107831e-02 4.322084533754529112e-02 3.120105387292683163e-01 5.776722338578714755e-01 4.746004684559687603e-01 4.741489185006105833e-01 7.233295962749086705e-01 1.000000000000000000e+00 6.216278279440898835e-01 5.723413037464465392e-01 6.867493273349564165e-01 7.598623676865178256e-01 7.043237993754472015e-01 5.693208376732195042e-01 7.624724089839892693e-01 7.594971144872502133e-01 6.619644124411865338e-01 6.070714785866996310e-01 6.530542653099917771e-01 6.206752376350836986e-01 6.225546790170810585e-01 6.650415695045823750e-01 5.460740973403998000e-01 5.697596588389015615e-01 6.048326796001439742e-01 6.598661100321018269e-01 6.806939240664775514e-01 6.450567187618561071e-01 5.858703994122418379e-01 6.150575699582573330e-01 6.724507856969028641e-01 6.958349325985598854e-01 5.454041315723868744e-01 6.621432666424551527e-01 6.111232966213012707e-01 6.880319792604625562e-01 6.582872420465156749e-01 7.386708952434121178e-01 7.252885040504855052e-01 7.352572270402141230e-01 7.275791431917844054e-01 7.480739892607748409e-01 7.688034815609101624e-01 7.611757697017519364e-01 7.315454490991946113e-01 7.441544582362800142e-01 7.487544784864286207e-01 7.340758694296825038e-01 7.607864203869773023e-01 7.399790748543775276e-01 7.651945998952476291e-01 7.498432553568417092e-01 7.549510486361500350e-01 7.087418066506169234e-01 7.178321727257476192e-01 7.097002805573319195e-01 7.240788763616073931e-01 7.370418927357998973e-01 7.495860743160068784e-01 7.484183522464344929e-01 7.718041965760915613e-01 7.437051549773868730e-01 7.585374972878736743e-01 7.609334740824594823e-01 7.312417757726199508e-01 7.378633726269197002e-01 7.407031125145336903e-01 7.350469465646014555e-01 7.171953613356903956e-01 7.438362436890149088e-01 7.589197298649826839e-01 7.402485951642088224e-01 7.188519480063125799e-01 7.246840387314597010e-01 7.405906105446242726e-01 7.351978949308867195e-01 7.363066198777589166e-01 7.014872097212810909e-01 7.363666987448654888e-01 7.188367731796400095e-01 7.229993790754476457e-01 7.324221945922249066e-01 7.243500821293127334e-01 7.004229530640062595e-01 7.422160760839280336e-01 7.364341409532634275e-01 7.273643712503495840e-01 7.629750635039774798e-01 7.489315452407167006e-01 7.224069016366692075e-01 7.428554547161927424e-01 7.530813805740786959e-01 7.503491588566406634e-01 7.519008572045881023e-01 7.518517092221611575e-01 7.494192234490028026e-01 7.776857781167078043e-01 7.670370458905456656e-01 7.672455200733206970e-01 7.712934256799670596e-01 7.668163808803221126e-01 7.684509041085337833e-01 7.623529099970870471e-01 7.667816269431176890e-01 7.623599343612199597e-01 7.431745619967499161e-01 7.597626220504273276e-01 7.326832772627995816e-01 7.426979639819529799e-01 7.572763139566495161e-01 7.603079610068159688e-01 7.522385918355395384e-01 7.562456431024210390e-01 7.626640099132803163e-01 7.441931128292000874e-01 7.512407679234123226e-01
2.074504964547945196e-01 2.512599997389560746e-01 3.743605738246337244e-01 4.466931233064739826e-01 4.247025448668978465e-01 5.374522157692648294e-01 6.985049609649757185e-01 6.216278279440898835e-01 1.000000000000000000e+00 7.848156636542741316e-01 8.149484588385819128e-01 7.784652563951446336e-01 7.368002726701516902e-01 6.019791518306262246e-01 8.111038054485385507e-01 7.860002938031013242e-01 8.347249398494746009e-01 7.772004636255827048e-01 8.180309346738501297e-01 6.872032158240721778e-01 6.756843462430388580e-01 7.763124214752045171e-01 8.132745236799597821e-01 7.338146592614556152e-01 7.906114003796707035e-01 8.787801318113120930e-01 8.695411833470134688e-01 8.743404742866573987e-01 8.570975365060996554e-01 8.815802229002813739e-01 8.887142355407102734e-01 8.921794322822006462e-01 8.513346546559154016e-01 8.708850057146215740e-01 8.791543785067932326e-01 8.772145681453905608e-01 8.759449465907959143e-01 8.591938754038218606e-01 8.910875707654800637e-01 8.504375821099586785e-01 8.885883887156204031e-01 8.733775387845345017e-01 8.462501640229688205e-01 8.709832346372685663e-01 8.810794458902857507e-01 8.768734483480837838e-01 8.706453055699988619e-01 8.940578204196735213e-01 8.648051570183521441e-01 8.197090526534325239e-01 8.568206849660069402e-01 8.037350095467962197e-01 8.515732425715215603e-01 9.029476957131936654e-01 8.954509153480527672e-01 8.993573367090643700e-01 8.813163167457208624e-01 8.894867348989932143e-01 8.785848862384896263e-01 8.820520185081190956e-01 8.637184149754094653e-01 8.773579759775738118e-01 8.681746031768114991e-01 8.707925735449031368e-01 8.899598571729592233e-01 8.864321132255243985e-01 8.856409839785917004e-01 8.928799349759267701e-01 8.995272916398369123e-01 8.727984752310938843e-01 8.591390379453925918e-01 8.893748855077738824e-01 8.790514986113091567e-01 8.820998327951626861e-01 8.923829064746602313e-01 8.934588031839790778e-01 8.913931084700279506e-01 9.017027076858450396e-01 8.909956756108684539e-01 9.006971270125665452e-01 8.975153990188435849e-01 8.932226917642938080e-01 9.011030127889914088e-01 9.055587058603947748e-01 8.816758485531045464e-01 8.912704199534802196e-01 8.943713671314212910e-01 8.744661177936724483e-01 8.860774969341413954e-01 8.999504317601521031e-01 8.832193063441142744e-01 8.792156914615741892e-01 8.820997573257612911e-01 8.824650627725713070e-01 8.732522756860704449e-01 8.808979735171337255e-01 8.387473691252165242e-01 8.583234403874180352e-01 8.618530700897145680e-01 8.553754198292340405e-01 8.608297632512579289e-01 8.668098504517772751e-01 8.655622322615897923e-01 8.666452406463209801e-01 8.720321552862368986e-01 8.835084034956177668e-01 8.741547956356362503e-01 8.939012722661145993e-01 8.902976538450980692e-01 8.750421901244499479e-01 8.752189879404426165e-01 8.781795845734847727e-01 8.740358746325025407e-01 8.679878651260805045e-01 8.857286603118349477e-01 8.812282110419792369e-01
1.572142603411540718e-01 2.491151826684233073e-01 3.161996674504880533e-01 3.977921163475569011e-01 3.873283670623363650e-01 4.852435148155658240e-01 6.601821960880270845e-01 5.723413037464465392e-01 7.848156636542741316e-01 1.000000000000000000e+00 7.542320753832243430e-01 7.252916637203065120e-01 7.054230402261325583e-01 5.770018319119919470e-01 7.658562728598857783e-01 7.412266897279778943e-01 7.584126032200279033e-01 6.968116349774071683e-01 7.326529268435884035e-01 6.060487930438299697e-01 5.721209201486958662e-01 6.834037806939836646e-01 7.390712209307201963e-01 6.547742030733617602e-01 7.087643489982418110e-01 8.007679753487766394e-01 7.919804067794550262e-01 7.917727189008810784e-01 7.790033775701719065e-01 8.019043681230125786e-01 8.159520910750375222e-01 8.152533820287841682e-01 7.657244358529138317e-01 7.852501054033096395e-01 8.048370041052681501e-01 7.922460317797871410e-01 7.963870597806006479e-01 8.015164316568214042e-01 8.232567439570488421e-01 7.849002392895894076e-01 8.253464498008996619e-01 8.143821630505476694e-01 7.897775549419526753e-01 8.128587344444763163e-01 8.166095343857028288e-01 8.191630418806169489e-01 8.177055581011485330e-01 8.340032478784200620e-01 8.115176858583129649e-01 7.576370490115673650e-01 7.974328061130449008e-01 7.423514957432725270e-01 7.976117613476705337e-01 8.403615709947903634e-01 8.295610657379300923e-01 8.315899629807350646e-01 8.017045343231391508e-01 8.290721269571800223e-01 8.186530855084872549e-01 8.251620431032939962e-01 8.112581308846782413e-01 8.193848079649673766e-01 8.121923319536527019e-01 8.172715139361538261e-01 8.147397048615354631e-01 8.224636767555113526e-01 8.303910750170883093e-01 8.276971876627439162e-01 8.365248995818486133e-01 7.998874928151411545e-01 7.885562147888673934e-01 8.229180333280473603e-01 8.131874662102847040e-01 8.162535253203049290e-01 8.317178854876776661e-01 8.311824456966526720e-01 8.340959958953755304e-01 8.419939835554347551e-01 8.322337633509155896e-01 8.415177002913983850e-01 8.348063977365729471e-01 8.364695340897805309e-01 8.340355672784234287e-01 8.414607315929315545e-01 8.210699392106456385e-01 8.275809764561083970e-01 8.295509417955809761e-01 8.204067390196462251e-01 8.283072809543350346e-01 8.354119552735745913e-01 8.217995844597378863e-01 8.248590346871987888e-01 8.243832690131118746e-01 8.272881271773928624e-01 8.218621631112880133e-01 8.277019392427630295e-01 7.879602816468195270e-01 8.017370724220956868e-01 8.127180035633471133e-01 8.053830922158349281e-01 8.111358841804350295e-01 8.127627502317998909e-01 8.135675242776623239e-01 8.151205419741239799e-01 8.140198286944065886e-01 8.195703492434616155e-01 8.221928668530568141e-01 8.375904717577249414e-01 8.341364894086366055e-01 8.209718536332920591e-01 8.189026601627560353e-01 8.241181474899967885e-01 8.203099104878884829e-01 8.176505954262313081e-01 8.257491259454259325e-01 8.228174816718112350e-01
4.533124236728758999e-02 1.636603868533021144e-01 3.654842327504410071e-01 5.285642547719709983e-01 4.563996881450302356e-01 5.499602884448603346e-01 7.538991587287889873e-01 6.867493273349564165e-01 8.149484588385819128e-01 7.542320753832243430e-01 1.000000000000000000e+00 8.464232932887222338e-01 7.740043693226659194e-01 6.542841051563332844e-01 8.565695592041475681e-01 8.321531227712499756e-01 8.212990685326968521e-01 7.631466949336443983e-01 8.116010916715786783e-01 6.926903622199058752e-01 6.924982362375682321e-01 7.876956504465273401e-01 7.507067145616851400e-01 7.079228951044949092e-01 7.641504545930927206e-01 8.485571064286218101e-01 8.574119708674905471e-01 8.445621260293428856e-01 8.006451832981479333e-01 8.357284532996557269e-01 8.748595797475018365e-01 8.713435453734327263e-01 7.913942881810267505e-01 8.412735689909384140e-01 8.337686324139506056e-01 8.599299400179462038e-01 8.498366841194110455e-01 8.775733750012827405e-01 8.912344850730027357e-01 8.714548491417879461e-01 8.925765533534487650e-01 8.906057987681601507e-01 8.800905593417182038e-01 8.957516039163928578e-01 8.938554799329470058e-01 8.924992859353981789e-01 8.943900455143918293e-01 8.982390597295685231e-01 8.925539462992650996e-01 8.502219947529867650e-01 8.849854473191647308e-01 8.481687038404498447e-01 8.832765038325094409e-01 8.921675444869768823e-01 8.880282176827435370e-01 8.859732499167398689e-01 8.761809770228716765e-01 8.949831138974645439e-01 8.887883165938207375e-01 8.954018103779407545e-01 8.952778624876235325e-01 8.915227333627626649e-01 8.897680192555501577e-01 8.938203272370186525e-01 8.939554718672918510e-01 8.950504770609114535e-01 8.987290343900283807e-01 8.972865170021869785e-01 8.923463063911606374e-01 8.849541178945862230e-01 8.904526175855699277e-01 9.008545739177669098e-01 8.761806344187886841e-01 8.875544359998507327e-01 9.030781600358890326e-01 9.018965383830609417e-01 9.015357754277971702e-01 8.910081365477732218e-01 8.989689859756239132e-01 8.992502701551280397e-01 8.990140364678245177e-01 9.023362667362618827e-01 8.967778113904867343e-01 8.952095109187722111e-01 8.962644190573120229e-01 8.974483192139914856e-01 8.989422343725875786e-01 9.001072776633529671e-01 9.020230515370786240e-01 8.964619991356435058e-01 9.011640899862954912e-01 9.021368820917842202e-01 9.027592888908707591e-01 9.016076864295266002e-01 8.977330029320463867e-01 9.005281787004962846e-01 8.804770721609060935e-01 8.863432424172822399e-01 8.949882283292988072e-01 8.937363058281572181e-01 8.966984469547910619e-01 8.954531070133194826e-01 8.968198297602628655e-01 8.976703689341657411e-01 9.001839605443868741e-01 8.914415185110824424e-01 8.994375814400200619e-01 8.996871711929766979e-01 9.019113120024349062e-01 8.983741880785083289e-01 8.984893627537955396e-01 8.986708697080614261e-01 8.985515646127324452e-01 8.962587047453166589e-01 9.019627420188706113e-01 8.983123204594635203e-01
-5.513986503338144662e-02 8.694472068254920083e-02 3.581405700752032240e-01 6.655322481319885242e-01 5.026142787676912693e-01 5.886877831888165380e-01 8.166670776968358858e-01 7.598623676865178256e-01 7.784652563951446336e-01 7.252916637203065120e-01 8.464232932887222338e-01 1.000000000000000000e+00 8.253732090983850744e-01 6.993923719433817743e-01 9.118082611898070677e-01 8.992358613587966287e-01 8.145220386428374537e-01 7.407712687481635694e-01 8.011408939460891165e-01 7.406221378001776046e-01 7.367075626272416855e-01 8.051457259605582228e-01 6.760396118315971092e-01 6.802401603570639166e-01 7.314831834803718902e-01 8.193893843378072805e-01 8.406326901902173576e-01 8.121380600960207419e-01 7.305584488973602131e-01 7.738782289732976105e-01 8.431059154747415629e-01 8.567200762466903319e-01 7.192517113845269261e-01 8.141709334471078918e-01 7.753961619514110337e-01 8.527888960414324870e-01 8.237731770654489472e-01 8.906732458040510503e-01 8.880551603494185597e-01 9.010021060124560055e-01 8.981052969918459361e-01 9.100716843339017315e-01 9.250116083176017634e-01 9.252237126278347601e-01 9.031671205182069118e-01 9.044421146366926623e-01 9.194746780050645496e-01 9.086075084953932901e-01 9.270022710476701899e-01 8.809826133801957893e-01 9.196343993091357083e-01 9.109098270938178477e-01 9.227878127313686729e-01 8.841221406250980852e-01 8.837583121813352705e-01 8.760948033158274528e-01 8.904784928512046172e-01 9.062010957472402817e-01 9.106076735199378769e-01 9.202672946883007077e-01 9.342729043806904388e-01 9.153590592777498536e-01 9.200794111358129301e-01 9.255851920333348914e-01 9.052358605826301696e-01 9.105726912790959027e-01 9.130366569831119827e-01 9.055824984505003172e-01 8.859824220573048192e-01 9.134201622443042234e-01 9.265168255369267136e-01 9.103266877476052787e-01 8.806160968441900661e-01 8.904311887018001581e-01 9.120972738561137216e-01 9.086906707838999786e-01 9.089071415626513994e-01 8.721939702400232086e-01 9.064038594179406605e-01 8.905134162554505517e-01 8.978487519513124182e-01 9.057491276313198725e-01 8.949473533201601771e-01 8.763317071438720962e-01 9.088712463727769419e-01 9.054658150316402532e-01 9.033495565143436767e-01 9.260389828844817206e-01 9.174606049415798825e-01 8.924780728780221661e-01 9.169402131984099036e-01 9.241348042802107754e-01 9.241812662694974811e-01 9.229135945930089235e-01 9.237622208932584345e-01 9.227313032312182139e-01 9.304392155145864152e-01 9.239195523938166232e-01 9.288654191099148250e-01 9.342853126455260560e-01 9.348523334247392791e-01 9.295368522149687340e-01 9.298480070828952782e-01 9.325434165808637044e-01 9.309314827817806171e-01 9.101214935313356458e-01 9.268907146512971318e-01 9.046999995723025156e-01 9.129287059897667200e-01 9.243025245105130905e-01 9.267625635288837538e-01 9.242339451516029536e-01 9.260746662016973163e-01 9.277824100795664108e-01 9.189815080338218367e-01 9.231459187910410202e-01
-1.452122432134501755e-02 1.119812384896810425e-01 3.291414199894618364e-01 5.503289487138439684e-01 4.782294378142686875e-01 5.368435988084375721e-01 7.423957683758758419e-01 7.043237993754472015e-01 7.368002726701516902e-01 7.054230402261325583e-01 7.740043693226659194e-01 8.253732090983850744e-01 1.000000000000000000e+00 6.448144895356213713e-01 8.477237329716970082e-01 8.386016023995014335e-01 7.571469195583478973e-01 6.927494645032434839e-01 7.426941132489660591e-01 6.518647387903030443e-01 6.401542674711185876e-01 7.237340994008838457e-01 6.702466134548012988e-01 6.442863405671107602e-01 6.938717699959721097e-01 7.747441138871645760e-01 7.835045890435627935e-01 7.648881326630228017e-01 7.050424930092603626e-01 7.388752092421662088e-01 7.901102642003955401e-01 8.044998703423754671e-01 6.783954016703864776e-01 7.647579112451525774e-01 7.416521335277774796e-01 7.857187483235636982e-01 7.734842900529942389e-01 8.275671827896790012e-01 8.353615048636959806e-01 8.218741659335545569e-01 8.418563617254184450e-01 8.491979917577129333e-01 8.485873949288633700e-01 8.577861508999818918e-01 8.367718856592464283e-01 8.475963374210264689e-01 8.600251778586633922e-01 8.525155319653747732e-01 8.606773367528171015e-01 8.187233648871238278e-01 8.500837667119610641e-01 8.257316505777534399e-01 8.523744976471625545e-01 8.355704089914914867e-01 8.296173736189866865e-01 8.232632597636978522e-01 8.213498592588512892e-01 8.489830675878791144e-01 8.445524337113076152e-01 8.581425470258206012e-01 8.661053334518087343e-01 8.511955621832066887e-01 8.528976514789411434e-01 8.634523883682997392e-01 8.417307942291620826e-01 8.479132076974212895e-01 8.574664200239450196e-01 8.483331917934230360e-01 8.377569987742443658e-01 8.403574659805854719e-01 8.476682274617242108e-01 8.494431173145493563e-01 8.248264903668672821e-01 8.355914911724287020e-01 8.535144836287719139e-01 8.507682580885267409e-01 8.499806451651356065e-01 8.258462520488579761e-01 8.484122091622247064e-01 8.401481514311741616e-01 8.437215429824975743e-01 8.518661296122334026e-01 8.404408973471874100e-01 8.278568769802340244e-01 8.499718577378916340e-01 8.484499679540393746e-01 8.435455353322368621e-01 8.606474117826423686e-01 8.590071674455005413e-01 8.388534527600631785e-01 8.499436386970133928e-01 8.624957884955246623e-01 8.617763877961139851e-01 8.615586277122011527e-01 8.634727032265575586e-01 8.622854569606831499e-01 8.598349646965128823e-01 8.604856979605803868e-01 8.675520367895771523e-01 8.675212395410550892e-01 8.686842277167928783e-01 8.644900267538343508e-01 8.658698096714665393e-01 8.706475695634410261e-01 8.649083635003617099e-01 8.452687410168193693e-01 8.645701615955803110e-01 8.520688452230158472e-01 8.554126356927213015e-01 8.653059426541124255e-01 8.617715765235960390e-01 8.643625840635348334e-01 8.640953318584292386e-01 8.685970566302814166e-01 8.583512654320942792e-01 8.624472017829316606e-01
