1.000000000000000000e+00 1.655609813711376443e-01 2.363076100608830221e-01 1.671402016851511463e-01 6.808737538586946691e-02 3.693515578669482463e-02 1.568107281174082324e-01 1.495199759758774061e-01 2.629762940771748769e-01 1.018057892266618775e-01 7.884151252274609889e-02 5.779953905084474902e-02 7.198103702000055448e-02 2.146162995977813834e-02 6.123502646426459695e-02 8.585602502734092367e-02 2.637601925126716873e-01 2.253560283336603909e-01 2.213772829901346217e-01 1.426711367469855052e-01 2.165895561424813487e-01 1.899878595903679857e-01 2.223296371088375190e-01 2.182108457277701086e-01 1.673538336993314335e-01 2.039185378908902058e-01 1.874285385431362361e-01 1.742544163433876470e-01 1.770498734803523377e-01 1.529457607333639113e-01 9.976024346847035817e-02 1.531803234275876946e-01 1.853045134298419994e-01 1.602180832441800207e-01 1.815770282577972294e-01 1.064327677600102190e-01 1.264152030067985377e-01 8.972819257366704271e-02 9.620411159134999168e-02 7.466403117115673338e-02 8.827259754628639932e-02 8.566955600179400332e-02 6.491981676785567312e-02 6.257534276486857727e-02 9.740115165755454385e-02 4.885741149931363547e-02 3.389644909140077100e-02 5.946854027874234894e-02 4.729722449329439027e-02 6.781686170422603077e-02 6.447056992937007236e-02 8.556605362599389863e-02 6.797371484497026495e-02 8.485077387296482976e-02 9.246367108821698655e-02 7.549770472281377987e-02 1.239420574624592597e-01 6.506618403589951860e-02 6.180247519314040205e-02 8.220403083281610512e-02 5.402274500354536935e-02 6.685475462618549469e-02 5.345358623333857501e-02 7.101136804669064273e-02 9.146371121005893168e-02 8.371231226893117994e-02 4.663694278875567256e-02 9.069223738988185790e-02 8.068001479161981959e-02 7.053954454250581374e-02 7.456421129015153304e-02 7.582301084716695783e-02 1.097590152124359314e-01 5.650721241469106038e-02 6.890512832044271008e-02 7.224714958055054870e-02 8.482974493750611300e-02 7.835848960767841098e-02 6.509954503144736726e-02 6.199697797022964141e-02 7.044079759340270142e-02 4.237733726107232451e-02 9.251080111242478143e-02 7.425624627954241497e-02 5.372545877120857988e-02 6.855614263981170409e-02 4.365721756715439800e-02 4.159921852855248681e-02 4.947299796687616019e-02 6.440819187488927566e-02 5.183945356227462331e-02 3.566276782676783275e-02 4.558374512495332043e-02 3.021912001892762892e-02 2.143132202662269975e-02 2.168500197694600562e-02 4.944168987791901226e-02 9.652499978957981841e-02 4.265100918385151402e-02 4.433847208114283928e-02 3.594777018898671905e-02 5.302896564971074783e-02 3.795472333011217642e-02 3.340119778082679958e-02 4.818349311055294265e-02 7.641471850351221062e-02 5.762258197929161219e-02 4.062516640502590592e-02 5.399354175100826159e-02 4.297862045947736104e-02 3.497547136470201962e-02 4.210803206649361280e-02 3.385299630349870859e-02 5.005845527240330300e-02 6.488694013540956262e-02 5.667436746191359398e-02
1.655609813711376443e-01 1.000000000000000000e+00 1.225796729954983372e-01 9.062854000233984408e-02 8.787332341531346735e-02 1.001601361217772934e-01 1.840105212827177206e-01 1.548553722439867109e-01 2.261879148649131310e-01 1.931808715494804374e-01 1.741356554990684258e-01 1.406170987569584085e-01 1.612856862548958381e-01 1.458944519320554689e-01 1.661659795287699637e-01 1.597836437022430722e-01 2.092653974968931296e-01 1.768043351295542631e-01 1.953071058822113959e-01 9.578871829691659734e-02 1.250097298528071998e-01 1.745614481449248023e-01 2.249251063534221384e-01 1.954176500648640846e-01 2.046462790348390348e-01 2.538347380841611822e-01 2.363771935068824936e-01 2.341908393578954473e-01 2.351268074519957674e-01 2.412822254147843348e-01 2.174945323921499696e-01 2.041133672154518963e-01 2.281767250123284130e-01 1.838651817046625392e-01 2.085604995038663201e-01 1.652051482988494135e-01 2.027353700849399698e-01 1.888094656200594024e-01 1.911122515332153993e-01 1.736696795925224968e-01 1.895588600653600742e-01 1.835649060692429169e-01 1.678181461426709875e-01 1.640280355881607866e-01 1.883395282989507591e-01 1.689704050073208841e-01 1.584831576682976528e-01 1.735320288861482707e-01 1.519482347107585507e-01 1.506836715409387850e-01 1.674452670850404834e-01 1.387144116197747135e-01 1.569077232076655226e-01 1.868665770087435674e-01 1.797611504606817234e-01 1.905855990084250606e-01 1.575733640973159821e-01 1.652565568075730629e-01 1.657834395072644018e-01 1.659167308630973281e-01 1.623234547261959981e-01 1.583339602835284465e-01 1.504659189032296895e-01 1.639531441990134120e-01 1.722769785560777644e-01 1.633209272002249524e-01 1.642099716580617819e-01 1.800883094690352570e-01 1.839463511207984625e-01 1.540766296553086334e-01 1.643868288363335428e-01 1.776654286579754383e-01 1.814018585477194800e-01 1.772585134547304264e-01 1.875586159042660073e-01 1.827533375522711057e-01 1.926331065530801634e-01 1.952788082422689808e-01 1.879376326905731753e-01 1.859623313288457647e-01 1.906076118854388435e-01 1.773467017416945624e-01 1.885439872974091491e-01 1.808121076450042719e-01 1.634402133021232717e-01 1.703005048474706407e-01 1.682002643631691496e-01 1.677418962454018392e-01 1.724661980175693776e-01 1.799002234297206460e-01 1.744062037740968796e-01 1.640962596950242547e-01 1.687934207323259495e-01 1.650742127855722996e-01 1.540436500857164936e-01 1.586570350008464081e-01 1.540000487415157104e-01 1.663543038313732569e-01 1.548672857101651701e-01 1.609441484081181872e-01 1.586965132107071019e-01 1.596878040525176456e-01 1.549718594324107912e-01 1.585673126070597239e-01 1.579171803196955381e-01 1.635217719429049865e-01 1.622702536757881231e-01 1.713591113701254387e-01 1.725179700447020958e-01 1.578229726680663303e-01 1.542857090247456708e-01 1.609073602537399728e-01 1.580725437671594569e-01 1.646749490270118521e-01 1.690024046196137164e-01 1.628079143172339871e-01
2.363076100608830221e-01 1.225796729954983372e-01 1.000000000000000000e+00 3.929035537305266557e-01 2.838872416662751585e-01 2.467169639439242279e-01 4.202022275596430378e-01 3.859413078170799705e-01 4.529481519825300784e-01 3.482389772041695752e-01 3.949803894069881527e-01 3.994024751585714128e-01 3.726184501019352280e-01 3.290989683953493006e-01 3.953055739663636214e-01 4.107916293547945186e-01 4.623614095913410882e-01 4.146656393346638270e-01 4.291500461151189216e-01 3.311395766651805128e-01 4.224234204394284875e-01 4.323821610598464482e-01 4.397416763821757613e-01 4.237250720906396428e-01 4.133402689669869456e-01 4.612572494933635525e-01 4.421744093646975404e-01 4.429555520907002553e-01 4.401341717993293434e-01 4.182632338759190160e-01 3.993953214189629453e-01 4.383556018698796519e-01 4.331967739574557053e-01 4.214400174696988910e-01 4.403908912114852803e-01 3.989143396319954071e-01 4.085787120027286057e-01 4.183885627839264987e-01 4.065646881902285070e-01 3.974976814880683551e-01 4.129791534947447329e-01 4.195208045158509425e-01 4.019966313986078066e-01 4.039065825029323764e-01 4.158303924525273421e-01 3.819670810296520447e-01 3.890409795168038865e-01 4.007999745876205111e-01 3.904250405331448626e-01 3.967216952038547517e-01 4.018869476896927972e-01 4.064233470935825765e-01 4.014286215691667548e-01 4.047289152460086803e-01 4.066279033153041289e-01 4.086213480823273625e-01 4.213307283872643194e-01 4.043355095787870557e-01 4.019142631678431776e-01 4.066404138037266747e-01 3.948546176297015875e-01 4.004546263138661355e-01 3.990030442091904161e-01 3.940247622969020314e-01 4.048419817827972333e-01 4.007154782188358522e-01 3.838664601032591994e-01 4.137240386075730636e-01 4.130852826736404193e-01 4.041121817822045381e-01 4.057583788999150620e-01 4.049928143235250189e-01 4.164399954783132296e-01 3.941585817982780626e-01 4.021196134183552262e-01 4.008906294683606264e-01 4.132972703131373993e-01 4.069718818165475316e-01 3.977094582977889758e-01 3.913696563660128414e-01 3.989716435041833487e-01 3.852069943968322030e-01 4.119868155999644732e-01 3.983013569317076508e-01 3.949181755815364125e-01 3.970793440607287006e-01 3.821167459516082165e-01 3.914316416691189238e-01 3.912460351091650579e-01 4.085386084127605733e-01 3.938884371523176942e-01 3.853004193391675325e-01 3.905238253438904072e-01 3.823402116350457236e-01 3.746651240734287791e-01 3.750168162850615050e-01 3.957241418881196626e-01 4.073139955736289064e-01 3.876486292234749276e-01 3.914858858802878760e-01 3.866278266821695508e-01 3.963286576947012696e-01 3.838916822919405947e-01 3.856508633762550375e-01 3.917308925598169123e-01 3.985942561468593937e-01 3.924202026531168896e-01 3.859907896164223029e-01 3.960375832665289919e-01 3.900444303066115115e-01 3.869733019869665003e-01 3.825131551859773382e-01 3.818039604999026726e-01 3.892178271771190579e-01 3.936213065628163532e-01 3.879161547479281213e-01
1.671402016851511463e-01 9.062854000233984408e-02 3.929035537305266557e-01 1.000000000000000000e+00 4.286020251364245914e-01 3.963747489017824255e-01 5.917756362497156308e-01 5.975607076248068417e-01 5.825693356229439956e-01 4.958990866996506042e-01 5.600808042491003391e-01 6.369320434217584648e-01 5.629307240426337788e-01 4.894987835407155763e-01 5.868103405755938917e-01 6.300087336153947781e-01 6.019923561591867811e-01 5.938852557491814954e-01 5.612286610957933908e-01 5.727597294491409974e-01 6.086613136410167213e-01 5.780008956760008809e-01 5.595874297830448763e-01 5.651773796341206246e-01 5.470764261552657493e-01 5.742918758907136212e-01 5.703543821076408893e-01 5.630852550297066328e-01 5.378113952994474367e-01 5.238910854692661045e-01 5.443186651835847378e-01 6.087037608579265457e-01 5.543768310741034044e-01 5.886774605856103237e-01 5.793043291339047274e-01 6.136962693222055565e-01 5.562655887820490141e-01 5.873372209277952782e-01 5.851241035261284251e-01 5.764570678935833081e-01 5.942912524754253578e-01 5.907337245013063454e-01 6.066795078231088656e-01 5.941709067165303892e-01 5.974894341269852971e-01 5.713291220559101324e-01 5.928255439981721109e-01 5.848463032393749206e-01 5.942045623681662114e-01 5.948687510838960302e-01 6.069419722770315051e-01 6.298732825249335754e-01 5.989585252114477676e-01 5.848608317886961894e-01 5.855531247109398985e-01 5.838611902096259021e-01 6.172733492187876259e-01 5.939268474662880992e-01 5.985116741213186708e-01 6.011976590029034506e-01 6.066343852158976313e-01 5.946437910647696112e-01 6.067549342994412731e-01 5.959663088334703485e-01 5.902958580682755585e-01 5.996666162970699654e-01 5.857526668863681785e-01 5.980803840948374361e-01 6.006825752081382808e-01 6.306447071604424082e-01 6.052833505773781431e-01 5.873685857286851109e-01 6.019937004969162508e-01 5.859839304282543626e-01 5.864245714628308903e-01 5.816262822992794845e-01 5.850707521353037954e-01 5.703459515891229348e-01 5.717812094176658588e-01 5.627825958211876145e-01 5.589521593265610599e-01 5.616430595445788265e-01 6.068498145014200595e-01 5.771687353903294238e-01 5.943128982530585525e-01 5.922621056236091475e-01 5.728313073330488780e-01 5.924588368028710361e-01 5.802803957545911162e-01 5.993043509833447802e-01 5.865795625001630764e-01 5.853036245830276485e-01 5.857909971363747248e-01 5.760257683829338449e-01 5.794006335224110016e-01 5.722706528086032307e-01 6.080272440960854397e-01 6.230305673317939608e-01 6.001314702487833275e-01 6.018927492462537998e-01 5.940246910067793484e-01 6.090191153202506591e-01 5.864226074982747949e-01 5.872737229461056918e-01 6.042539942456640611e-01 6.046668786764770598e-01 6.007365016120824741e-01 5.774857047676029698e-01 5.896700325016026589e-01 5.922557500927427832e-01 5.935875640319178137e-01 5.803106398388714338e-01 5.821411272852322627e-01 5.916170266441537207e-01 5.880502007520140850e-01 5.873681628366000940e-01
6.808737538586946691e-02 8.787332341531346735e-02 2.838872416662751585e-01 4.286020251364245914e-01 1.000000000000000000e+00 3.428542711858579839e-01 5.112442795350191638e-01 5.022642635054095361e-01 4.954809555308308244e-01 4.420150205515273600e-01 4.740553066265024151e-01 5.378126390138339152e-01 5.087469149168563076e-01 4.383656628708665348e-01 5.316949179553208671e-01 5.531632262542232059e-01 4.915612172721284256e-01 4.791935873511811161e-01 4.738051397463869385e-01 4.362580798089249479e-01 4.899324642875463875e-01 4.912384831056388901e-01 4.799290961853678872e-01 4.735235974753430055e-01 4.733401497563396454e-01 4.928639869568573473e-01 4.787279485313628569e-01 4.871011593253066763e-01 4.758253442011227130e-01 4.681066306363932394e-01 4.885559472523118840e-01 5.355688980987569625e-01 4.822789327078387256e-01 5.233489570176430572e-01 5.030933676194113691e-01 5.361131194803496758e-01 5.019777625887680284e-01 5.112367021435104686e-01 5.249235959588717249e-01 5.003178069471592160e-01 5.251443457245306146e-01 5.242946887181834104e-01 5.266011557581375957e-01 5.360340983267231074e-01 5.256355282859203060e-01 5.208418184369646431e-01 5.293407548640211013e-01 5.200515507648073577e-01 5.401095235356033752e-01 5.384304381815281371e-01 5.408164196945437485e-01 5.358798129602312388e-01 5.274484010626013797e-01 5.194418337422819221e-01 5.284651126748051153e-01 5.243388110344311404e-01 5.387148018449784415e-01 5.259922333790749693e-01 5.348673107257474468e-01 5.269356663558039111e-01 5.396489030449873603e-01 5.267329887915964681e-01 5.414571728479394830e-01 5.321102511135146207e-01 5.230010220545787680e-01 5.267702032551432323e-01 5.248671752716146388e-01 5.279944515054345588e-01 5.335597863321402956e-01 5.355426784256369643e-01 5.333356793716769184e-01 5.273887209289899181e-01 5.273772157649955217e-01 5.251809278978637474e-01 5.242784912891542692e-01 5.190153052445406479e-01 5.223855917693928097e-01 5.140430526107446774e-01 5.171283575001992538e-01 5.106249278295986738e-01 5.095516308649298276e-01 5.104057620703882359e-01 5.317924472514862222e-01 5.173853967691861566e-01 5.314307205814061685e-01 5.335585019858681832e-01 5.168570251476888311e-01 5.273239426660795148e-01 5.241740444965097279e-01 5.312548637430470899e-01 5.213655005852689817e-01 5.233555220817850406e-01 5.222762476701582335e-01 5.200161168619288343e-01 5.236124357277627261e-01 5.181294312841567828e-01 5.318062362041056090e-01 5.440846783540470577e-01 5.344384611452753786e-01 5.360883881580367216e-01 5.297195829301477588e-01 5.366485359661448129e-01 5.229509328231936038e-01 5.279985152502754131e-01 5.335312064706618784e-01 5.279334625637690515e-01 5.324414106607638919e-01 5.224461017815611452e-01 5.280933062846717707e-01 5.291248274651687566e-01 5.288473524742327569e-01 5.181036498246648359e-01 5.178435274406318900e-01 5.266922237019713293e-01 5.266097557830335951e-01 5.216670767209591331e-01
3.693515578669482463e-02 1.001601361217772934e-01 2.467169639439242279e-01 3.963747489017824255e-01 3.428542711858579839e-01 1.000000000000000000e+00 5.393449944370570792e-01 4.865867544514413945e-01 5.079155459159853114e-01 5.084841687748199446e-01 5.536507897382638710e-01 5.811566684956822604e-01 5.415782640370043755e-01 5.201022258472719484e-01 5.923563999715586448e-01 5.807538956624536119e-01 5.302076510249965624e-01 4.666063546858605915e-01 4.897909385423285800e-01 4.067340327229258534e-01 4.636203088657149252e-01 5.139899446419105011e-01 5.062194864549672824e-01 4.862405709518508590e-01 5.137087291020252522e-01 5.440320867053419773e-01 5.526331038912427607e-01 5.611742700347671642e-01 5.342071968170024610e-01 5.382598261550374241e-01 5.725651751209643869e-01 5.660914428776432361e-01 5.369981981478402222e-01 5.466872151385395728e-01 5.530175408737280085e-01 5.740945090865772205e-01 5.675928014052302739e-01 5.810103983284823359e-01 5.876189246191697579e-01 5.726925589678090178e-01 5.991422948403777315e-01 5.920208139874818531e-01 5.883917714006242639e-01 5.965368491842684140e-01 5.911137267575230503e-01 5.939139886875264285e-01 5.929307022815412109e-01 5.969795333159526596e-01 5.976548110585586659e-01 5.705916327800197863e-01 5.881640309267646138e-01 5.783150813522125455e-01 5.835807767436798077e-01 5.893351341419725831e-01 5.895737920918349140e-01 5.961070398655482494e-01 5.799979042518531580e-01 5.946874285238640256e-01 5.927466119804085665e-01 5.936608061845523032e-01 5.988668422415222015e-01 5.934927751962627562e-01 5.910060146691137328e-01 5.942846457047706865e-01 5.936003488735034361e-01 5.912184804296387597e-01 5.976515096040715402e-01 5.927055189456251760e-01 5.916116157559410116e-01 5.809405038939013943e-01 5.923428679392304108e-01 5.969328567024326793e-01 5.805511658887169135e-01 5.883178473730514835e-01 5.982362186073578725e-01 5.969545370251367888e-01 6.000915472280702323e-01 5.918927322565121774e-01 5.956264503119134135e-01 5.836169251648950507e-01 5.846001028936628208e-01 5.914337422250399712e-01 6.000344419853490541e-01 5.922761719260762892e-01 5.949385166258749358e-01 5.938736449561556885e-01 5.965552568728318406e-01 6.025233271282979253e-01 5.947321074565197208e-01 6.016314443903596487e-01 6.007290849478685857e-01 6.016284484462695037e-01 5.998133374272495155e-01 6.034309514150020259e-01 5.978729637585945556e-01 5.950965591238391861e-01 5.959625706785285360e-01 5.929849816377940064e-01 5.994059785157701548e-01 6.005589458902568234e-01 6.031445626301223939e-01 5.996060850291859978e-01 5.980431321248678156e-01 6.017624702457435859e-01 6.018489515130116541e-01 5.930673719119373688e-01 5.994755736184365080e-01 5.972787893535028703e-01 6.003871943898996255e-01 5.971415682576168837e-01 5.982569907810884047e-01 5.983131929036965557e-01 5.959822543830679553e-01 5.994103429888889556e-01 5.986532301372683440e-01 5.953111918378948264e-01
1.568107281174082324e-01 1.840105212827177206e-01 4.202022275596430378e-01 5.917756362497156308e-01 5.112442795350191638e-01 5.393449944370570792e-01 1.000000000000000000e+00 7.312067960331324334e-01 7.496318113954970608e-01 6.729816526755705297e-01 7.432353781241282098e-01 7.876760339582621340e-01 7.376600042889588371e-01 6.987509302480068296e-01 8.335746967866355384e-01 8.083142548685059436e-01 7.547700260638704473e-01 6.973338805316728894e-01 7.049817047621800281e-01 6.193072965923469564e-01 6.669021215360836363e-01 7.238957162027427339e-01 7.498826638448775617e-01 7.057164782075746601e-01 7.180119833672879981e-01 7.924270819406152855e-01 7.904987308318535133e-01 8.019584952247668097e-01 7.633570067995716357e-01 7.507476944150766052e-01 7.775631373818380210e-01 8.103542533263734526e-01 7.839470680435889349e-01 7.919062356806516600e-01 7.990689220831453943e-01 7.957663771137879483e-01 7.876080143220307583e-01 8.193356053823045437e-01 8.187857260354667321e-01 7.858948254849525972e-01 8.089195576535254117e-01 8.276070649101281429e-01 8.153008209564492903e-01 8.188404553080416148e-01 8.077686132405352826e-01 8.074864479893272273e-01 8.019211080473263031e-01 8.003343632464264834e-01 8.049318351270443594e-01 8.026303343380118971e-01 8.200780411400928616e-01 8.035448129419424657e-01 7.963169927350659538e-01 8.016027837025843095e-01 8.016084214208609726e-01 8.109822576815067796e-01 8.035888805882250852e-01 8.069231184452174688e-01 8.063515758190693550e-01 8.045639153676311661e-01 8.120576187736702201e-01 7.993124213050286642e-01 8.023019349002405987e-01 8.033980991114820780e-01 8.000012126890225783e-01 7.985514949480092550e-01 7.962370454848585188e-01 8.042093611528852160e-01 8.147019893781691779e-01 8.011215211093948296e-01 7.952974273929345195e-01 8.020598919393812087e-01 8.008056520276023438e-01 7.910959453466185343e-01 8.112895123871619596e-01 8.091952298816962319e-01 8.195080765122255695e-01 7.994204310075214703e-01 8.078584673573855346e-01 7.893529111749866267e-01 7.973835437276930449e-01 7.917797552710588160e-01 8.130473042628695302e-01 8.102281931519046410e-01 8.187318232139755292e-01 8.119853071059817129e-01 7.972791253710902470e-01 8.158461292613286009e-01 8.070329111059677540e-01 8.153160376720169911e-01 8.109070121144081877e-01 8.062418621887171843e-01 8.013972399956742487e-01 8.045792727963239077e-01 7.929299070486701684e-01 7.892174678143230038e-01 8.108507599890354411e-01 8.151580489016253539e-01 8.093878651123436185e-01 8.157072685707803528e-01 8.101859241633343478e-01 8.096832184548830025e-01 7.958071454517299248e-01 8.067088019197035109e-01 8.075995592996094707e-01 8.006495486721640908e-01 8.045392903382116989e-01 7.967937419453179348e-01 8.052970525722735751e-01 8.004245012412393168e-01 8.015264279860183638e-01 7.935159591771974164e-01 7.945461879268219674e-01 8.030902516385303169e-01 8.007666458951392396e-01 7.934984115175942598e-01
1.495199759758774061e-01 1.548553722439867109e-01 3.859413078170799705e-01 5.975607076248068417e-01 5.022642635054095361e-01 4.865867544514413945e-01 7.312067960331324334e-01 1.000000000000000000e+00 7.362811155908263183e-01 6.327951826649924616e-01 7.169864372127442431e-01 7.716674796585253349e-01 7.108663675614401711e-01 6.635229447607665643e-01 7.704165968970746459e-01 8.063881923588481770e-01 7.344599765432185956e-01 7.003326019940496749e-01 6.876431968868711442e-01 6.419867986885232636e-01 6.936920046673678009e-01 7.171791037511290323e-01 7.204125635266497296e-01 6.962062150570921260e-01 6.991757931133051329e-01 7.503331075027450670e-01 7.373943808849749981e-01 7.394086013345496644e-01 6.996505992871587809e-01 6.964727740048267668e-01 7.213846507343510961e-01 7.878227250214885347e-01 7.333981018126525253e-01 7.712622882852389061e-01 7.600250021313627036e-01 7.765136102842524757e-01 7.384619147881857915e-01 7.822691960836229974e-01 7.780440952147422706e-01 7.528583621131138548e-01 7.723766929324235031e-01 7.838086061148179517e-01 7.881730634578538730e-01 7.867910019299161339e-01 7.730170956121554804e-01 7.599993093855342829e-01 7.719195481852761942e-01 7.650356957492431276e-01 7.770293752412605892e-01 7.869101861793732500e-01 7.984264606011862719e-01 7.811047544722851121e-01 7.673074332518464713e-01 7.678264789428870252e-01 7.726783341421743501e-01 7.748834944500474498e-01 7.879248867087965680e-01 7.779679450024682419e-01 7.858388961541438178e-01 7.711678986243354350e-01 7.876046111084284984e-01 7.712240973023447577e-01 7.835589680769716736e-01 7.769822232463337031e-01 7.622812481645355742e-01 7.679439636170378725e-01 7.625284562285215006e-01 7.733784030286391387e-01 7.810452064555093443e-01 7.843364269001404931e-01 7.736126533976686037e-01 7.713451334289745942e-01 7.721312780089066852e-01 7.606502260235971091e-01 7.696836919869765037e-01 7.639943155355021220e-01 7.682967818852688424e-01 7.490167905546585292e-01 7.558858139354315275e-01 7.446084061150362032e-01 7.478384612171938839e-01 7.439816096401408174e-01 7.829867309663786079e-01 7.656343245973645795e-01 7.851019473263333159e-01 7.787537773694905852e-01 7.563138460389264850e-01 7.795915061435618743e-01 7.699807878721545151e-01 7.803086822078107998e-01 7.688958506900880341e-01 7.683428872259013831e-01 7.649515433846697521e-01 7.616502095926868110e-01 7.588705939427882186e-01 7.550184193274851463e-01 7.893749323312670985e-01 7.943839734878206382e-01 7.810693255183456252e-01 7.886894961448127628e-01 7.775612243915814847e-01 7.858616966158228356e-01 7.619559481748593432e-01 7.730445422692308055e-01 7.803899636313541555e-01 7.778605734262770133e-01 7.772600946102132813e-01 7.630640081349197024e-01 7.739924180864983239e-01 7.711974128251962712e-01 7.752032347206120333e-01 7.592543650399919963e-01 7.618878308400052202e-01 7.720946584860296502e-01 7.658308681073360269e-01 7.605143432433751904e-01
2.629762940771748769e-01 2.261879148649131310e-01 4.529481519825300784e-01 5.825693356229439956e-01 4.954809555308308244e-01 5.079155459159853114e-01 7.496318113954970608e-01 7.362811155908263183e-01 1.000000000000000000e+00 7.277761529024329157e-01 7.900210701397938351e-01 8.133059258483911202e-01 7.576851646930484740e-01 7.238173956876269299e-01 8.216467041769334179e-01 8.292074034327779897e-01 8.329393265742408570e-01 7.415395484279407867e-01 7.773604325723213471e-01 5.964641056177081291e-01 7.121271368199961760e-01 7.867448281805515808e-01 8.062684365151996380e-01 7.691569295762045178e-01 7.863696383716790583e-01 8.514963116823708322e-01 8.453811537903277440e-01 8.495221676844869618e-01 8.049460214799715185e-01 8.285635061071637830e-01 8.339362430302675877e-01 8.548654379492660604e-01 8.322480284292732566e-01 8.157636258646835392e-01 8.434945835996429109e-01 8.182915993586509229e-01 8.419802264578063467e-01 8.278838933633873021e-01 8.437408904594795311e-01 8.069339603286131979e-01 8.555082204186500450e-01 8.495328377440478640e-01 8.271243473331933993e-01 8.451882802961689922e-01 8.531302089036620906e-01 8.309344228485090467e-01 8.364389096077508023e-01 8.546672715673303555e-01 8.353488633714012401e-01 8.007094097713932657e-01 8.285124295193091459e-01 8.180134391693703044e-01 8.397330461680315716e-01 8.625906214001621830e-01 8.585720607140268079e-01 8.539676189160879671e-01 8.611435641355177362e-01 8.506744329706608099e-01 8.506570907197068543e-01 8.611381210536792619e-01 8.455416214486867199e-01 8.526399849801868935e-01 8.416731826106726988e-01 8.484999608504130153e-01 8.569993320927945524e-01 8.528996875244501119e-01 8.419909276694864664e-01 8.570032348450185022e-01 8.557410569756801477e-01 8.272684281692116448e-01 8.430126589668964776e-01 8.538272959532670070e-01 8.525060527963681523e-01 8.365499813742391932e-01 8.532552561662495316e-01 8.524399371968075512e-01 8.560279639137426955e-01 8.412443761284074117e-01 8.472080440175281391e-01 8.434021918640289828e-01 8.435148696538882218e-01 8.360631363144923611e-01 8.657844736183752943e-01 8.500605944438633932e-01 8.348440968444609256e-01 8.427591803463462261e-01 8.357102632656319141e-01 8.407376546558488206e-01 8.424357466288833196e-01 8.540535508639289786e-01 8.436641617509179625e-01 8.408734763952817604e-01 8.423832967976844222e-01 8.372883890152024167e-01 8.309640416182779710e-01 8.326251689593280325e-01 8.333830331214820974e-01 8.492443905975229912e-01 8.419781047800092288e-01 8.397406705633173596e-01 8.365784145469817856e-01 8.481191111081878287e-01 8.353661242788281704e-01 8.377927430375650131e-01 8.413113779498944123e-01 8.523014795826321377e-01 8.472145468795263534e-01 8.424542324965476059e-01 8.497037593813757672e-01 8.451235978224478362e-01 8.401164141151503673e-01 8.415135581155396283e-01 8.387718258781855507e-01 8.447845659402968277e-01 8.499856996224767203e-01 8.457242145813669287e-01
1.018057892266618775e-01 1.931808715494804374e-01 3.482389772041695752e-01 4.958990866996506042e-01 4.420150205515273600e-01 5.084841687748199446e-01 6.729816526755705297e-01 6.327951826649924616e-01 7.277761529024329157e-01 1.000000000000000000e+00 7.437143185697728809e-01 7.613285523478025008e-01 7.136706277350889360e-01 6.904550592246248009e-01 7.800380982254718765e-01 7.718810137122615878e-01 7.066104885912536382e-01 5.982936963560470112e-01 6.355453434442610572e-01 4.862403097862939561e-01 5.685461845903192479e-01 6.508238259994114649e-01 6.968804380532743759e-01 6.398029149578573493e-01 6.682544898699614988e-01 7.566390097373631995e-01 7.609325972916286540e-01 7.711679208038229039e-01 7.375946372370559834e-01 7.746724493937948708e-01 7.999750252775994497e-01 7.674235531634789886e-01 7.503283300820580148e-01 7.255564069596266430e-01 7.578515019113081230e-01 7.349201408045250572e-01 7.796871510594972632e-01 7.608627094407294233e-01 7.825276801079830147e-01 7.402704368420501835e-01 7.995758101671922580e-01 7.819110566187985611e-01 7.533490187966928042e-01 7.874596616698227303e-01 7.910810222887216803e-01 7.910787414297313358e-01 8.055926662813722716e-01 8.145292227627314308e-01 8.019395244310562054e-01 7.453821730251591893e-01 7.771062103695307588e-01 7.418348910553230757e-01 7.853360625098904091e-01 8.160990514592759704e-01 8.104347279866932485e-01 8.028185100445218714e-01 7.869212324480406862e-01 8.004081773945551648e-01 8.042911618427733833e-01 8.057435533363425106e-01 8.014706909672125734e-01 8.046187160945230676e-01 7.955477135085532447e-01 8.020183709382716630e-01 8.005752357220041748e-01 7.989785341388327966e-01 8.072016404227164710e-01 7.911598285633555383e-01 7.995011818243697999e-01 7.581057311691676848e-01 7.773502714485468479e-01 7.965353279819827881e-01 7.754562920181919949e-01 7.801056060985609442e-01 8.076804969970667880e-01 8.075873269773193863e-01 8.106746466550366348e-01 8.082761653517880340e-01 8.036432308432769345e-01 8.116231061600709396e-01 8.056968688426086045e-01 8.124009589251937058e-01 8.079691737451971667e-01 8.049769677361181541e-01 7.866016253820800053e-01 7.955508559225539233e-01 8.012646856303309306e-01 7.999185370102206427e-01 8.029420841953491816e-01 8.023597701175437802e-01 7.987686114864207543e-01 8.060748244471028778e-01 8.032432755816989456e-01 8.036300845214312538e-01 8.063031746614045536e-01 8.078507212197372223e-01 7.810314304496982496e-01 7.899154750300820815e-01 8.029946463097328291e-01 8.004102682591378581e-01 7.924535490695240325e-01 8.020993820783608452e-01 7.989965424952132356e-01 8.002148148791664584e-01 7.961373614792873754e-01 7.986751251326523748e-01 8.088568702667625621e-01 8.127676548982146754e-01 8.098124194081355309e-01 8.099085955028832995e-01 8.042275099365695512e-01 8.086007381058341048e-01 8.021468047795923262e-01 8.063494614100578106e-01 8.051857979319937408e-01 8.062247472080280586e-01
7.884151252274609889e-02 1.741356554990684258e-01 3.949803894069881527e-01 5.600808042491003391e-01 4.740553066265024151e-01 5.536507897382638710e-01 7.432353781241282098e-01 7.169864372127442431e-01 7.900210701397938351e-01 7.437143185697728809e-01 1.000000000000000000e+00 8.613216292124243889e-01 7.907293242828623558e-01 7.798610666858716289e-01 8.722755392225671756e-01 8.443183663594693300e-01 7.805779679231341639e-01 6.873579344217901621e-01 7.280257807069919762e-01 5.758960961088801511e-01 6.721213551360205596e-01 7.585907531295135175e-01 7.626603173242466616e-01 7.244994161951465728e-01 7.598406285295832285e-01 8.320194519652542864e-01 8.332742571490391326e-01 8.456889934245710450e-01 7.974571435466285552e-01 8.356950065455901466e-01 8.741217797640991050e-01 8.553379873431079528e-01 8.238843727647304771e-01 8.189180888684157722e-01 8.430895630554622322e-01 8.427052600586666387e-01 8.589476231377261017e-01 8.588784316209717717e-01 8.758749623577125609e-01 8.416795301187534051e-01 8.891928728083021705e-01 8.829106802091556405e-01 8.624458762027034098e-01 8.901846224474206926e-01 8.870325467218026505e-01 8.873386844457246125e-01 8.985233428401968592e-01 9.005508719402153250e-01 8.902381547692385100e-01 8.412218174644056079e-01 8.708178897747382852e-01 8.538487608727025613e-01 8.839181650309001492e-01 8.962862602476991958e-01 8.875734274312477856e-01 8.932171858005536480e-01 8.741741413363094404e-01 8.966758312322258284e-01 8.912774414710257220e-01 8.979914690121708620e-01 8.941319479624937339e-01 8.934375353913157625e-01 8.892970743668613398e-01 8.920662580220449778e-01 8.926606367463018055e-01 8.903484140151327608e-01 8.999691336766452165e-01 8.888479337311837591e-01 8.937527433325281878e-01 8.660072459400127709e-01 8.826644801884310221e-01 8.934987044408772006e-01 8.741428933805895918e-01 8.810808756686567822e-01 9.019332780841585739e-01 8.991988361916677386e-01 8.991735421689225349e-01 8.855306208788557010e-01 8.939961686565365273e-01 8.935404558828508037e-01 8.925727887450293219e-01 8.973689498553628630e-01 8.978464410545142771e-01 8.979400488768434219e-01 8.860304840600742304e-01 8.917048829071815286e-01 8.950609052154391287e-01 8.970368399459102138e-01 8.983922725050115243e-01 8.977755092409568372e-01 8.975607156074182358e-01 9.016040194632398697e-01 9.006419571619750375e-01 9.003683197359033663e-01 8.980220709270279045e-01 8.998719121191506298e-01 8.830548144771642738e-01 8.789220130599277869e-01 8.990468192233154188e-01 8.948237931846648729e-01 8.949431242956660260e-01 8.971190448338457468e-01 8.989283442743100094e-01 9.001108900214355169e-01 8.972839011165366641e-01 8.898911785138338137e-01 8.972565760303621296e-01 9.012663625146237756e-01 9.007603731567673799e-01 9.019488089505232065e-01 8.986040383808959753e-01 9.003834071115037752e-01 8.975614538340564996e-01 9.008364540013028554e-01 9.000201570209762636e-01 8.979940107290834694e-01
5.779953905084474902e-02 1.406170987569584085e-01 3.994024751585714128e-01 6.369320434217584648e-01 5.378126390138339152e-01 5.811566684956822604e-01 7.876760339582621340e-01 7.716674796585253349e-01 8.133059258483911202e-01 7.613285523478025008e-01 8.613216292124243889e-01 1.000000000000000000e+00 8.357200696485298508e-01 8.124158047026067697e-01 9.103903772232945224e-01 9.064430311299838117e-01 8.081694649271422559e-01 7.224375712386338355e-01 7.486594503616471608e-01 6.633093353654869739e-01 7.179185094439047843e-01 7.808720450475424846e-01 7.779205265559957505e-01 7.483710778978033273e-01 7.804002899861491871e-01 8.386227054937949177e-01 8.388663530384500300e-01 8.527594447586496207e-01 8.066454996505053598e-01 8.353106407677791667e-01 8.791969773460222015e-01 8.903982517770731020e-01 8.358454577295137966e-01 8.518165497531338115e-01 8.641421235679341839e-01 8.901514415122341317e-01 8.841346987541769398e-01 8.962377075385293823e-01 9.093124419180718121e-01 8.759285535435276104e-01 9.173469568746784875e-01 9.146863832862753840e-01 9.101571204069125454e-01 9.274818513976945678e-01 9.204928345467533468e-01 9.186145382441935903e-01 9.352926310026263845e-01 9.329883607079347829e-01 9.344251218991100894e-01 8.903149260782265983e-01 9.159236987985527323e-01 9.057216184521901248e-01 9.220975588891772157e-01 9.247014307649193965e-01 9.178616093641893681e-01 9.211107180062741984e-01 9.151713545526107829e-01 9.290703915104402411e-01 9.302583841665881259e-01 9.342297979442697464e-01 9.360214206545452997e-01 9.294977979025395021e-01 9.338587016403842034e-01 9.308407365794466592e-01 9.246790393724130253e-01 9.282539910654202808e-01 9.330722740904241475e-01 9.182219073023758504e-01 9.275880161438254667e-01 9.209418847136722208e-01 9.176518948410027354e-01 9.223291787223184546e-01 9.061017363239537437e-01 9.164087946456674905e-01 9.289923411713897350e-01 9.271346589714994924e-01 9.241268323864226808e-01 9.113435806323031407e-01 9.205854164588718191e-01 9.177060849334922610e-01 9.145954732234733431e-01 9.234587056165762808e-01 9.321505435875419021e-01 9.229488378559211892e-01 9.257752000266891157e-01 9.274771054348269761e-01 9.282849688448280290e-01 9.340361832932478903e-01 9.307146263918794071e-01 9.324972442253467442e-01 9.299245788934307200e-01 9.356844847266119203e-01 9.328480419980627047e-01 9.322356131432615323e-01 9.360880175354195920e-01 9.340077788598252218e-01 9.267489535368264031e-01 9.251983852314191736e-01 9.398407948691894775e-01 9.366115189193778834e-01 9.365412017845132775e-01 9.375637304551974749e-01 9.336553023641208648e-01 9.370647404855626528e-01 9.382854250449146338e-01 9.291714696111822436e-01 9.372847225052484132e-01 9.342650523815609898e-01 9.340304270152103294e-01 9.384217750899358501e-01 9.374957646851335147e-01 9.346524183992397372e-01 9.323328837368407562e-01 9.375765728814269284e-01 9.326305227956049881e-01 9.324045263451526955e-01
7.198103702000055448e-02 1.612856862548958381e-01 3.726184501019352280e-01 5.629307240426337788e-01 5.087469149168563076e-01 5.415782640370043755e-01 7.376600042889588371e-01 7.108663675614401711e-01 7.576851646930484740e-01 7.136706277350889360e-01 7.907293242828623558e-01 8.357200696485298508e-01 1.000000000000000000e+00 7.576333100554601963e-01 8.546745906150839955e-01 8.425934959057185258e-01 7.526856587643824259e-01 6.573804672504378610e-01 6.892425448849696101e-01 5.834083263013261078e-01 6.525797548939179515e-01 7.195681939208129485e-01 7.218368448443345242e-01 6.939109331565677108e-01 7.230335621906299748e-01 7.877646802849538332e-01 7.791511424431138977e-01 7.862387888737177866e-01 7.502501764259377204e-01 7.784146235431079752e-01 8.184842619060956892e-01 8.207686122977845278e-01 7.742473431902356928e-01 7.956277939246768627e-01 8.052489363713662973e-01 8.191419069642095208e-01 8.215262497134971920e-01 8.267336057138294780e-01 8.445064137589463060e-01 7.967903631712717205e-01 8.523557872307071515e-01 8.469846240095321166e-01 8.348952305880582569e-01 8.593985789404945397e-01 8.503384556747756173e-01 8.530136232021593434e-01 8.678496287096910677e-01 8.684346121928955275e-01 8.672024711316220769e-01 8.207052832312778934e-01 8.490837500938140936e-01 8.360727197597412896e-01 8.534361557025917921e-01 8.614977610489511495e-01 8.555827368348147832e-01 8.535230043549802970e-01 8.456760849684065162e-01 8.650853172872784436e-01 8.614122293702947131e-01 8.688650807875875071e-01 8.690877634006455299e-01 8.634327945096150758e-01 8.639550449130688481e-01 8.655997288019088298e-01 8.633828102678250405e-01 8.653056474243771001e-01 8.681397240101084156e-01 8.510783914575480447e-01 8.624372051925602856e-01 8.415976200339552182e-01 8.492482170501166605e-01 8.563598453830095769e-01 8.395924639012141144e-01 8.486581300411947248e-01 8.652614532966268479e-01 8.609668245204630255e-01 8.592937590041748175e-01 8.461391207990796026e-01 8.538822178553383546e-01 8.551167491557807310e-01 8.542917795391339331e-01 8.581860629188108325e-01 8.670142863427269253e-01 8.588036615259817541e-01 8.579691602251839910e-01 8.636903247841847264e-01 8.617037983688697889e-01 8.674837414949728709e-01 8.651850095719794131e-01 8.666524171621092787e-01 8.604806391376460528e-01 8.694479862350446009e-01 8.654582712319979221e-01 8.656568218473374987e-01 8.687830619256189379e-01 8.685628332100054916e-01 8.565096667374763051e-01 8.608153948045963455e-01 8.718788661473561019e-01 8.671201184288301889e-01 8.653442376914960432e-01 8.715916497761733162e-01 8.679135508042450375e-01 8.708909938095754644e-01 8.720312885943852788e-01 8.624898455484396598e-01 8.708202483725741017e-01 8.698756454677873950e-01 8.694406446311809811e-01 8.713637482068473661e-01 8.707452588028450347e-01 8.704471806088408536e-01 8.663444742646562169e-01 8.717962270853766293e-01 8.686379630813675368e-01 8.680803278265581957e-01
