1.000000000000000000e+00 8.151829862109453984e-02 5.214164435508771706e-02 5.526766587926190688e-02 5.475285026065584287e-02 -4.952120260290872149e-03 2.555116778935837777e-03 3.522812377888940444e-02 1.323783306011517835e-01 1.522276853574393990e-02 8.433573554181372431e-03 1.660136794077722924e-02 3.649474603653496407e-02 1.923127914110794867e-02 -4.630940763045206937e-03 5.810741942190348654e-03 9.630562443114459859e-02 3.658400411617464525e-03 -1.349006793529309613e-02 5.226545453138300990e-02 7.800634925654864604e-02 2.465440415487738998e-02 -7.459474771132007520e-02 -4.505863265510563764e-02 -2.099374748543645502e-02 3.171485720075272602e-02 1.646893014614356568e-02 -2.380769558416663892e-02 5.281300936031430721e-02 5.558615248284473620e-02 4.656090130329098437e-02 -1.136133680790432296e-02 -3.832597040297026220e-02 -2.318151047538457438e-02 1.512230677456917645e-02 -2.958435963770627078e-02 7.554644279274526581e-04 -6.521748812171672405e-02 -2.756976416639859290e-02 -1.249747388148575722e-01 8.298685218972564129e-04 -5.262059674765461048e-02 -8.525017044072406847e-02 -1.317115440588250905e-02 -3.454282548086791416e-02 -3.877157390196962761e-02 6.963953239053610397e-03 1.456861947862137657e-02 2.274962341201617125e-02 -1.878466397887589359e-02 -1.895287557764110953e-02 4.873398084895613075e-02 1.931695916056999987e-02 3.531888202603701565e-02 -3.246007190315480361e-03 -4.256350017508762212e-02 5.175365404516547169e-02 -1.686885491450288224e-02 -1.403360410930239166e-02 3.763099644659792520e-02 2.956094542656046223e-03 2.186540859421274782e-02 1.493477835097273667e-03 3.591950289481807973e-02 8.446250358548461346e-02 7.081021228315140248e-02 2.239366115731157569e-02 -2.040377230451057445e-03 6.054239319519458089e-03 2.236073935718247904e-02 7.130224909728959809e-03 5.930892299132571252e-03 -9.560830124482465331e-03 -1.567113604179475039e-02 2.088791141742138858e-03 1.009784809298521803e-02 -1.325862311223473993e-03 2.328576060844605652e-02 1.549774092178980017e-03 1.841020272750864065e-02 1.043570805557087963e-02 1.578273812450038671e-02 1.189683862471730205e-02 9.852042055633867396e-03 1.236025156254803772e-03 2.106640853716807218e-03 8.592998250166184989e-04 -1.505604992471946089e-02 -1.301536443634153774e-03 -2.158748486968237700e-03 -3.797914310772378121e-02 -1.824810483324678170e-02 -2.961796417930823242e-03 -1.046492269396022932e-02 3.318187484635564538e-03 3.332069071460964753e-03 -2.826292988475519533e-02 4.470514001380920810e-02 -5.137932182843271342e-03 1.689154522172799577e-03 -2.322571940268108870e-02 1.520299803040160366e-02 2.273450450213983232e-02 -1.759176484802417060e-03 3.284658613623771956e-02 3.557893081752497993e-02 2.005475710117555696e-02 5.949532745625344017e-03 -5.250361033159938818e-04 2.616404734387889168e-03 -9.910627182009185479e-03 2.213833196491771932e-02 1.781448394295417903e-02 3.401520280745214120e-02 4.718436889310882731e-02 5.151698960974584324e-02
8.151829862109453984e-02 1.000000000000000000e+00 8.292543554787207283e-02 6.356465806072308933e-02 1.244442764085912784e-01 6.482904353209073545e-02 1.541205528541115533e-01 1.072830318544265443e-01 1.723326595469238942e-01 1.434555795039985648e-01 1.316138689324840849e-01 1.359953146874958718e-01 1.410772236062707852e-01 1.192462298985038083e-01 1.607332599022383568e-01 1.331229551967701707e-01 1.551808303507659914e-01 1.367488582043220879e-01 1.226200717350036107e-01 1.235249005504588105e-01 1.034816722879544210e-01 1.225343117449809588e-01 1.504424137257922844e-01 1.272106212845584006e-01 1.139750702025987966e-01 1.472806421087362039e-01 1.404033763821464220e-01 1.436427757704805963e-01 1.793497760596774182e-01 1.632833467643521608e-01 1.610240568832692065e-01 1.633027492216157228e-01 1.500246709456478089e-01 1.426120754458093942e-01 1.513954693060619028e-01 1.467861554682722280e-01 1.497841708622876800e-01 1.378157036751833098e-01 1.469920351967130001e-01 1.413935678703485133e-01 1.499722472384796834e-01 1.315512180679778154e-01 1.325064220991302444e-01 1.414425274094459339e-01 1.521817668571374960e-01 1.434049662605793862e-01 1.524009719909173444e-01 1.538938055701092600e-01 1.535254557973266820e-01 1.203346478933278035e-01 1.462805555351087416e-01 1.102005464573766746e-01 1.402138901897637124e-01 1.626102274389980007e-01 1.546624278056028812e-01 1.594573657797267174e-01 1.525245928241696081e-01 1.356738386764576032e-01 1.588057274230083582e-01 1.553779222103638669e-01 1.458095873044358004e-01 1.577474685859532877e-01 1.384493828778464997e-01 1.616235402542262611e-01 1.447723369905578872e-01 1.544581161299306837e-01 1.528912824820568839e-01 1.421089925064076831e-01 1.621348267834423762e-01 1.452999626148368528e-01 1.378016840903240892e-01 1.488151675966945253e-01 1.472842420073776637e-01 1.433383659577880664e-01 1.522349661150760591e-01 1.501672115084139725e-01 1.550946413846215066e-01 1.617771872461693239e-01 1.566987303456550129e-01 1.564769990276040357e-01 1.531355730972190354e-01 1.570584683160699546e-01 1.650150117917799086e-01 1.543126604131179747e-01 1.421832837111103864e-01 1.496661956387042858e-01 1.524382117813441184e-01 1.465323515045354463e-01 1.474227091335180984e-01 1.582720159106830726e-01 1.509981155396653285e-01 1.453414029401838836e-01 1.507902111319540939e-01 1.461474163255436221e-01 1.501951034451853573e-01 1.522513878793630981e-01 1.411268630326947549e-01 1.313829665173314176e-01 1.447730437187812191e-01 1.420915368224536235e-01 1.428119931991772840e-01 1.366562751202791137e-01 1.412201936511267297e-01 1.403559606487938538e-01 1.392184725611359808e-01 1.442736904881854743e-01 1.510204453778287992e-01 1.524916384572349848e-01 1.532246816877580742e-01 1.491600488118350609e-01 1.495628421170409617e-01 1.503865347108601924e-01 1.494696398929625802e-01 1.462435441113968670e-01 1.501285583424263326e-01 1.450537632272914101e-01
5.214164435508771706e-02 8.292543554787207283e-02 1.000000000000000000e+00 3.112772120242820462e-01 2.189609407051376078e-01 2.131788543239519496e-01 3.518439492518090073e-01 2.844022166910031291e-01 3.507530065646442541e-01 2.849479141645870905e-01 3.542364672199000974e-01 3.755110154387481525e-01 3.244554481933094037e-01 2.829886387126808178e-01 3.651269307617516779e-01 3.581998758809786798e-01 3.347022388805408477e-01 3.348250478267131847e-01 3.307591644420128096e-01 3.100683218794506035e-01 3.239375429144669694e-01 3.553446739355382578e-01 3.397817903876204637e-01 3.171639043416105697e-01 3.262534071233225141e-01 3.616369098284202277e-01 3.533538291414206611e-01 3.637388408480702884e-01 3.870541085915034096e-01 3.736684412094625762e-01 3.707352380905706846e-01 3.670657707253411894e-01 3.475783978430846966e-01 3.598798115933282138e-01 3.536521941653356094e-01 3.696381982695500779e-01 3.723095263716852954e-01 3.601130278932587747e-01 3.803433449391705468e-01 3.730839247763006461e-01 3.741408215950882132e-01 3.675276818011746771e-01 3.627620903014937004e-01 3.724435065084303331e-01 3.774730094339152631e-01 3.712349403137028547e-01 3.745407183262626782e-01 3.637699487544279187e-01 3.697762949209391636e-01 3.752576142743913601e-01 3.741904846205066359e-01 3.699229625636252794e-01 3.692728182032956608e-01 3.637554137416493250e-01 3.708814368653878257e-01 3.798435809070846436e-01 3.723577854483824390e-01 3.702529393279802017e-01 3.638625795542193009e-01 3.721518682825588065e-01 3.688586310174596372e-01 3.694284066182274562e-01 3.689516689089684109e-01 3.770752594038545014e-01 3.750793990178424298e-01 3.720082959884593587e-01 3.670608593497759475e-01 3.688364137173911761e-01 3.713764812761354839e-01 3.822033986849973086e-01 3.724269809357518279e-01 3.722314922017160299e-01 3.630694176801660955e-01 3.649022340403106912e-01 3.744308389299604856e-01 3.719587931923871715e-01 3.698799328577286882e-01 3.787673087429729302e-01 3.710296436218534222e-01 3.732162180749794000e-01 3.732606761778411442e-01 3.765333490396616800e-01 3.802667676130352392e-01 3.675318072922127421e-01 3.631767989740999347e-01 3.689458997908530713e-01 3.802998221152886216e-01 3.728301471087534513e-01 3.691985663718345689e-01 3.737065727352161248e-01 3.788252921067458701e-01 3.723546486582144377e-01 3.746162778734833942e-01 3.705676001443614087e-01 3.665566478728774502e-01 3.688890350021714615e-01 3.740733729996689738e-01 3.639494733558404915e-01 3.652478544640240798e-01 3.678323716487634232e-01 3.729632140695625098e-01 3.662728631539124979e-01 3.723320072852043250e-01 3.711806374375484219e-01 3.750720829134660539e-01 3.649730037112305370e-01 3.687382018608173495e-01 3.677642527926299199e-01 3.719959970250953374e-01 3.705681359150888032e-01 3.740086915303249548e-01 3.686768594856970616e-01 3.683635587049986504e-01 3.697922893605443129e-01 3.723304903235933327e-01 3.688780561129430535e-01
5.526766587926190688e-02 6.356465806072308933e-02 3.112772120242820462e-01 1.000000000000000000e+00 3.718786883910769059e-01 3.422736258364096340e-01 5.525116516131043376e-01 5.277225862631554909e-01 5.612041159648299971e-01 5.009230697316303660e-01 5.792841911669640576e-01 6.327736177504611481e-01 5.645634896170214079e-01 5.313900508211186757e-01 6.127650318134273411e-01 6.204555822537587417e-01 5.972160757603384162e-01 5.704701186843392779e-01 5.642490509463525816e-01 5.177005865006079066e-01 5.681711523340269299e-01 6.187741238721045089e-01 5.327808127669685367e-01 5.368008645104238585e-01 5.504467429127142264e-01 5.936354141156902076e-01 6.004465265850806865e-01 5.982504875111243070e-01 6.007241917472340154e-01 6.005171657332735169e-01 6.108940569895148220e-01 6.023213303254174589e-01 5.564777992951035479e-01 5.876301635963062653e-01 5.924141509450816523e-01 5.883408206547879882e-01 6.048557324443118999e-01 5.920406007554932515e-01 6.265642626360341527e-01 5.663541629920232356e-01 6.209501775037948867e-01 6.131657671805818000e-01 5.842046050744683638e-01 6.308744409299543721e-01 6.134282194188136472e-01 6.245127344518492940e-01 6.211838253858661396e-01 6.210190608883666696e-01 6.183561040360751049e-01 6.144052455435353721e-01 6.136683034233956224e-01 6.225521321367245564e-01 6.281366337988133486e-01 6.109145888293127102e-01 6.041976365285894879e-01 6.061664868657068439e-01 6.171286392597683523e-01 6.166721900501768161e-01 5.939237942458500674e-01 6.282976162670317333e-01 6.296227342416599315e-01 6.160675659441408047e-01 6.251616917664015727e-01 6.318215390875979720e-01 6.352055552902057256e-01 6.311533163125471191e-01 6.257298116205458616e-01 6.224268304611879632e-01 6.243586341072483448e-01 6.379823165505990046e-01 6.408105394343962535e-01 6.278626445151350710e-01 6.112730718258954088e-01 6.166344771737799491e-01 6.252464679187811347e-01 6.264481244405379901e-01 6.273950863939503630e-01 6.288650360763967662e-01 6.234386547981579652e-01 6.235818271267343782e-01 6.280255579332604254e-01 6.240632616411329048e-01 6.368748410245055336e-01 6.231879509039767173e-01 6.286345534447439487e-01 6.265003398699955373e-01 6.283914793500816609e-01 6.313021070957006708e-01 6.319334192261013561e-01 6.284244058758289286e-01 6.265440926972164482e-01 6.266760932208769175e-01 6.298264566569083955e-01 6.297615214236091941e-01 6.240720922964346773e-01 6.221810077979617049e-01 6.261433192625607269e-01 6.424186839131009741e-01 6.272967822112870406e-01 6.349425299972479841e-01 6.302196844668231934e-01 6.400798271970579156e-01 6.357779913949497264e-01 6.345479185160857183e-01 6.442946913959551880e-01 6.319495549469450468e-01 6.318997443701752648e-01 6.243794031855823823e-01 6.262662230163280608e-01 6.257829833791075380e-01 6.252184647971066322e-01 6.310496579605840983e-01 6.308790054694028981e-01 6.415846744496950249e-01 6.342661655915238228e-01 6.354129987235760391e-01
5.475285026065584287e-02 1.244442764085912784e-01 2.189609407051376078e-01 3.718786883910769059e-01 1.000000000000000000e+00 2.290191055374553308e-01 4.458404640310031364e-01 4.223734918815836847e-01 4.474821257032849386e-01 3.948365392552301567e-01 4.400153050689460943e-01 4.646631764478234561e-01 4.585514711476901817e-01 3.884479325963940410e-01 4.706476819561746794e-01 4.709846639512575983e-01 4.420556790852677165e-01 4.288709424264285919e-01 4.428404129928775745e-01 3.914013100629783470e-01 4.176097211882505711e-01 4.623080520782706926e-01 4.118792302560582153e-01 4.198527094958373063e-01 4.399931966174875919e-01 4.870802496081060862e-01 4.518727504479290169e-01 4.403791682949743658e-01 4.558754390969154136e-01 4.786409960327291380e-01 4.887675533909018322e-01 4.462412306316846378e-01 4.153057943175780253e-01 4.412369987428246265e-01 4.435516389127399095e-01 4.547083318202200242e-01 4.406545365988068785e-01 4.315130439124756356e-01 4.694134536546329395e-01 4.268886726338345650e-01 4.729354308370185000e-01 4.586205478495342103e-01 4.561239369150724698e-01 4.795079627723705107e-01 4.678837006065513782e-01 4.595763072320478426e-01 4.698077344147315038e-01 4.755925680292014679e-01 4.702558432710223779e-01 4.603713670220659915e-01 4.619656655548331492e-01 4.847551412052421571e-01 4.805563585061246590e-01 4.582701137330620900e-01 4.556188412679110789e-01 4.673148626283601392e-01 4.657652525589050518e-01 4.677165191503702135e-01 4.425666655566637409e-01 4.789629855535575409e-01 4.764368866092556498e-01 4.638114893498177516e-01 4.663137285066217830e-01 4.782212574740309363e-01 4.885301232725782761e-01 4.769077862940050427e-01 4.756693440192270028e-01 4.720354623253615878e-01 4.706775493738760141e-01 4.841300574029217541e-01 4.887260194875761576e-01 4.772141132955057263e-01 4.692620125066215286e-01 4.804769112081260229e-01 4.799474002283975471e-01 4.751220215745358688e-01 4.737035845301680315e-01 4.768573089050816005e-01 4.809657905376316100e-01 4.812821692528135298e-01 4.714908689246808948e-01 4.800375647053098938e-01 4.763464493198546479e-01 4.666794760480948989e-01 4.706936460041083459e-01 4.727505961171539206e-01 4.693545816898111456e-01 4.697677507211072689e-01 4.750314327835324368e-01 4.735057202644322727e-01 4.638556720988695203e-01 4.727551720632804932e-01 4.749091047328492521e-01 4.730591457171640646e-01 4.702008511969442695e-01 4.704900116724916037e-01 4.692503715296944544e-01 4.768337928193092101e-01 4.696678942857244743e-01 4.730551169260235334e-01 4.784155465815322916e-01 4.728264689538037024e-01 4.808012308568974658e-01 4.817880851338121606e-01 4.883041030904815560e-01 4.693108304178428281e-01 4.737869247537744299e-01 4.752903864526918931e-01 4.713202780812015269e-01 4.735635475985298104e-01 4.676778031981799755e-01 4.791259191938047057e-01 4.704065453742982683e-01 4.830420312629181701e-01 4.820505237056146863e-01 4.786326624914361560e-01
-4.952120260290872149e-03 6.482904353209073545e-02 2.131788543239519496e-01 3.422736258364096340e-01 2.290191055374553308e-01 1.000000000000000000e+00 4.603709179479889557e-01 3.699291234582077204e-01 4.653116161094433267e-01 4.514452859701764686e-01 4.965096911898403964e-01 5.167654706083975036e-01 4.737359427379312371e-01 4.322884573546479370e-01 5.119738286772772540e-01 5.088420706436789231e-01 4.699871130381006457e-01 4.398177652232393986e-01 4.567238652546612432e-01 3.797535860252066464e-01 4.105642902095577029e-01 4.836565573593392120e-01 4.372960812323923863e-01 4.435839773374519179e-01 4.366704114029593686e-01 4.697972489255433093e-01 4.873579422717272958e-01 4.801395434114841265e-01 4.816851340582314345e-01 4.960176280733720744e-01 5.155295382309778018e-01 4.978008927156167829e-01 4.813341077025654613e-01 4.990158398284468277e-01 5.142650591868525023e-01 4.755866382593792463e-01 5.014313602305826567e-01 4.981421220441617503e-01 5.193574581400232093e-01 4.715002732388340334e-01 5.265447563187298785e-01 5.149781730796512136e-01 4.905164577824228100e-01 5.273395330919391499e-01 5.162059566236723018e-01 5.222715674581586143e-01 5.318392390010623361e-01 5.335603932914992908e-01 5.204085818588398693e-01 4.982935130969927684e-01 5.162006298706172114e-01 4.820611629359136674e-01 5.195389865320637623e-01 5.203990113783477645e-01 5.125269703113840558e-01 5.078400190312394313e-01 5.041717572449039286e-01 5.280957870253696340e-01 5.079166301226533120e-01 5.258843489426952011e-01 5.276596328723739404e-01 5.208646687239241180e-01 5.127889160216402287e-01 5.222067471912829051e-01 5.221743070757518534e-01 5.140959466679786427e-01 5.389267359880410835e-01 5.344559084037825425e-01 5.278775155684903853e-01 5.302693594026967050e-01 5.278866922643952186e-01 5.314356295239570649e-01 5.261324050519314843e-01 5.199743236875695729e-01 5.314067767914685270e-01 5.344244668648038266e-01 5.274733266555837741e-01 5.252212127449520374e-01 5.316320290249118008e-01 5.314461826553227297e-01 5.344936487632755417e-01 5.349577105729930171e-01 5.317110683317307629e-01 5.388983940885579971e-01 5.310545306207046234e-01 5.330058274379475547e-01 5.327683691865818805e-01 5.305251990184771671e-01 5.352136774985795098e-01 5.269895489545116662e-01 5.280707207344199627e-01 5.343242014363326353e-01 5.351322220659717743e-01 5.366488273717272550e-01 5.370507115967370071e-01 5.370910783376589004e-01 5.156105481818068492e-01 5.220524543157896158e-01 5.312168385182665098e-01 5.321316198948149445e-01 5.310404432360066318e-01 5.267411383638990197e-01 5.299390546443708550e-01 5.356373568626640047e-01 5.310492740159272751e-01 5.188770979396358785e-01 5.294111020105964904e-01 5.357547058709059007e-01 5.299529936149106613e-01 5.356569744865127269e-01 5.323980391838776249e-01 5.359308668062929826e-01 5.285655218433295000e-01 5.329996300438311074e-01 5.330724507378670207e-01 5.293644373784234247e-01
2.555116778935837777e-03 1.541205528541115533e-01 3.518439492518090073e-01 5.525116516131043376e-01 4.458404640310031364e-01 4.603709179479889557e-01 1.000000000000000000e+00 6.407189032131813677e-01 7.088862532448855225e-01 6.702898708060160970e-01 7.490567399341433452e-01 8.064515397867492164e-01 7.166787608311816493e-01 6.781103226271644191e-01 8.310746818705949668e-01 7.932203682289852287e-01 7.172607877665994058e-01 6.931867564423869199e-01 7.404669496364834069e-01 6.013529485528130714e-01 6.480366579078590261e-01 7.662275638144413481e-01 7.213359964322211271e-01 7.037530499534830897e-01 7.132499740851928616e-01 7.759958600393960237e-01 7.878615380583413597e-01 7.978758928234990222e-01 7.828015755831922995e-01 7.926304825501915285e-01 8.087550552395778025e-01 7.875433947821499636e-01 7.505150182901998424e-01 7.663294484398668338e-01 7.855296983914576980e-01 7.634803394818182598e-01 7.997130453199775557e-01 7.829806170369562057e-01 8.186603414782901433e-01 7.870761149795308942e-01 8.261887795251737776e-01 8.195533147343300184e-01 7.988465736919072580e-01 8.259588056272054724e-01 8.241454157750874865e-01 8.288959830191855449e-01 8.174261250816524660e-01 8.178157887216161992e-01 8.026763498343967296e-01 7.777704082255010309e-01 8.020918578778293284e-01 7.718563470288265504e-01 8.117388971819712307e-01 8.028323286446210627e-01 7.980684131246486013e-01 8.186493468461016887e-01 7.805708453368421784e-01 8.173187316323866636e-01 7.974254524863628735e-01 8.166423633765906853e-01 8.163688901610510751e-01 8.051688509156950113e-01 7.954923440341962193e-01 8.085949673545165250e-01 8.015427579400292712e-01 7.993606424208439254e-01 8.188311228002980169e-01 8.189333488758239188e-01 8.192801111250112012e-01 8.142097497977655030e-01 8.222112370100280732e-01 8.255331052438251715e-01 8.084973734728034822e-01 8.188409419332544070e-01 8.304912144214030567e-01 8.276919072943451638e-01 8.341824135710316224e-01 8.253184870968999221e-01 8.301370068850492112e-01 8.254922455794562186e-01 8.280910321789529682e-01 8.272477129148401165e-01 8.226318545061960252e-01 8.196678265397221441e-01 8.160068844080941020e-01 8.178251833247223157e-01 8.305590424191150456e-01 8.286217272436822157e-01 8.290796649993797951e-01 8.258328231139220321e-01 8.370889165132056053e-01 8.344026299234834632e-01 8.309026268523381775e-01 8.321919917744520223e-01 8.243819312033435764e-01 8.234730910893123257e-01 8.124962058399699538e-01 7.928074717012706385e-01 8.181895478354674900e-01 8.181929959039213607e-01 8.302071548173219906e-01 8.081889853558608117e-01 8.201013142143162016e-01 8.265635696100706031e-01 8.187045886751356250e-01 7.975995266596570543e-01 8.113356231752326675e-01 8.245325914668264478e-01 8.246680953868317232e-01 8.237688375691445408e-01 8.225448508923339785e-01 8.214119085647709761e-01 8.152325865348912792e-01 8.135638842314327768e-01 8.143216938653443648e-01 8.070219572582002510e-01
3.522812377888940444e-02 1.072830318544265443e-01 2.844022166910031291e-01 5.277225862631554909e-01 4.223734918815836847e-01 3.699291234582077204e-01 6.407189032131813677e-01 1.000000000000000000e+00 6.581656259277528509e-01 5.918289177868519824e-01 6.721830778615141000e-01 7.226362214090309433e-01 6.401588565554662269e-01 5.952254388130479024e-01 7.151169930924431428e-01 7.523725267681257156e-01 6.607831736960438906e-01 6.281375025509878807e-01 6.588002338109407718e-01 5.642701908185673298e-01 6.125835484836384959e-01 7.152866644394491047e-01 6.026071321077869358e-01 6.139741948223925716e-01 6.322412898412477222e-01 7.006982325359321084e-01 7.026013641528018328e-01 6.853000958773012297e-01 7.112973413531497036e-01 6.997023276778708833e-01 7.110561914015348650e-01 6.943876075178070373e-01 6.388790988748450639e-01 6.812915028643143911e-01 6.890457528704008183e-01 6.732508589071680705e-01 6.987522800934776734e-01 6.955902126644525341e-01 7.212898439237194204e-01 6.667448479572140041e-01 7.244448188602422567e-01 7.096682136818615039e-01 6.767749761216808047e-01 7.292897587644824320e-01 7.128717887164622846e-01 7.258323198557121714e-01 7.341934415915096768e-01 7.299304102442975006e-01 7.387227530369981920e-01 7.248698029145163035e-01 7.310420831156282384e-01 7.104084248091392384e-01 7.304575141659704896e-01 7.205273624022517920e-01 7.253005845619967529e-01 7.192996309256337595e-01 7.361432983311578804e-01 7.367648405492497332e-01 7.226223389129998731e-01 7.375576714707263726e-01 7.451392140323533919e-01 7.345104206754119458e-01 7.507584215361415847e-01 7.432980241600399829e-01 7.320357733149737145e-01 7.390634205891695174e-01 7.345803165436870508e-01 7.300865093366842862e-01 7.279303843026208032e-01 7.337559365117002352e-01 7.447032370567948645e-01 7.402639951257905526e-01 7.159308953958520849e-01 7.263579993478379571e-01 7.371567956523453757e-01 7.343913602790018702e-01 7.300235983035830989e-01 7.431722274665376604e-01 7.372666958075116961e-01 7.361023977330579671e-01 7.329632364987992421e-01 7.316794682597138610e-01 7.395279854241401107e-01 7.292290903428858551e-01 7.394494742998775072e-01 7.361392386638410112e-01 7.316408488603464155e-01 7.444389993945493833e-01 7.392179079428735644e-01 7.403134396256193517e-01 7.267524866508022763e-01 7.362789239873738234e-01 7.364297372327860414e-01 7.348634920604144583e-01 7.363606960731258200e-01 7.343912232874495460e-01 7.503999928237913286e-01 7.563940140214120422e-01 7.495895572021132880e-01 7.482848071135966839e-01 7.402328958411634741e-01 7.596160503753609516e-01 7.394837379280712053e-01 7.482856658773614500e-01 7.470466699079860717e-01 7.478188961757613606e-01 7.487524522723110199e-01 7.336771015297067766e-01 7.417852234562677394e-01 7.414742143984683898e-01 7.422349679445509052e-01 7.414692035235357359e-01 7.450582046232986366e-01 7.499756037815217269e-01 7.381924411897951011e-01 7.432100129006681266e-01
1.323783306011517835e-01 1.723326595469238942e-01 3.507530065646442541e-01 5.612041159648299971e-01 4.474821257032849386e-01 4.653116161094433267e-01 7.088862532448855225e-01 6.581656259277528509e-01 1.000000000000000000e+00 7.325786920188844809e-01 7.785819109267186899e-01 8.279405983566854310e-01 7.559631881240594931e-01 6.997122574312744092e-01 8.273923057393343106e-01 8.085177604667401763e-01 7.990372406345334078e-01 6.983921517951318103e-01 7.271945752537990471e-01 6.497459604073340111e-01 6.890996584696088556e-01 7.849427727090625417e-01 6.513827309367009599e-01 6.738818999274374111e-01 6.806750245456276716e-01 7.871150356292462291e-01 8.004310091589755816e-01 7.705034835332206233e-01 8.063395674331222951e-01 8.247884306718530345e-01 8.543378926782615457e-01 7.851880086628231226e-01 7.155421791263470999e-01 7.592892875990796542e-01 8.101463356676154026e-01 7.302459004868778747e-01 8.077642370100904801e-01 7.617173754546212594e-01 8.018908657801552264e-01 7.025536188043443042e-01 8.416589988035861891e-01 7.998447972331591549e-01 7.449785145819699528e-01 8.319584077138935108e-01 8.151307157034917150e-01 8.144124101131869908e-01 8.619831156801029959e-01 8.701368333154582135e-01 8.565728585323609812e-01 7.746882449167225015e-01 8.166087186565231804e-01 7.870552578653795539e-01 8.466334181399730596e-01 8.701871619319111462e-01 8.466647915739121677e-01 8.101607658698540826e-01 8.497516075832284299e-01 8.483440724435566960e-01 8.357762391689281811e-01 8.733431739482475642e-01 8.522966246716483507e-01 8.617475807208518912e-01 8.284529689036540523e-01 8.607672283187519646e-01 8.756975012361866151e-01 8.746050179952651327e-01 8.698141531733509790e-01 8.501322221381368838e-01 8.506918442424539206e-01 8.528015652243838840e-01 8.534080735754339120e-01 8.566934381274595722e-01 8.300649094126291150e-01 8.254504571303926674e-01 8.612048460685575169e-01 8.620314335760300706e-01 8.505652611452647616e-01 8.605190803585835990e-01 8.564903549975556585e-01 8.691149787637075796e-01 8.595219810407526140e-01 8.672034135745529948e-01 8.492076995018221774e-01 8.539753816487931637e-01 8.408103272965481434e-01 8.447568062094211738e-01 8.505336258943323458e-01 8.464453948706757158e-01 8.560171535505569640e-01 8.486433577607839229e-01 8.296786158909571496e-01 8.504943362070270796e-01 8.566567870140781027e-01 8.543033380114772868e-01 8.644506804857217119e-01 8.657264159229473011e-01 8.216334228415157481e-01 8.500936270246129967e-01 8.545213236112999544e-01 8.532407197046363301e-01 8.389589463919497891e-01 8.534851047699810733e-01 8.624653956748861150e-01 8.588083707132677658e-01 8.588736714926863414e-01 8.573507391171321101e-01 8.672269042224015623e-01 8.654530312531908409e-01 8.626167685319557910e-01 8.650079742546835648e-01 8.592668475486275881e-01 8.722192385919861346e-01 8.683794758833193184e-01 8.678428350258218238e-01 8.744749595091136918e-01 8.733815786383627433e-01
1.522276853574393990e-02 1.434555795039985648e-01 2.849479141645870905e-01 5.009230697316303660e-01 3.948365392552301567e-01 4.514452859701764686e-01 6.702898708060160970e-01 5.918289177868519824e-01 7.325786920188844809e-01 1.000000000000000000e+00 7.352337333509023631e-01 7.713101314056807212e-01 7.119928867376730253e-01 6.674645589525572964e-01 7.912938061332874806e-01 7.631199284148183493e-01 7.142977576975567677e-01 6.444299963542045040e-01 6.777236201558668460e-01 5.744663397321564391e-01 6.010246127346335898e-01 7.183583861048147279e-01 6.505832805760008997e-01 6.506301996194737702e-01 6.354922711386813416e-01 7.343258996344538270e-01 7.490921448565325269e-01 7.385340042788923753e-01 7.465638741836227998e-01 7.671236324145617180e-01 7.919092349551100085e-01 7.645637714136765961e-01 7.077236317092803208e-01 7.420667233664661744e-01 7.716451479418494630e-01 7.019186991904792228e-01 7.659285989524489136e-01 7.550865102550454733e-01 7.696068035365798421e-01 7.142649015156832260e-01 8.007366579414211261e-01 7.753764749160823033e-01 7.300305793969739110e-01 7.902813379725998066e-01 7.828661034388584294e-01 7.842436217033512680e-01 8.159798029222217197e-01 8.212246938823318798e-01 8.050714102678399042e-01 7.431179347903539290e-01 7.840760333459833031e-01 7.115196743572418381e-01 7.941958174351682054e-01 8.169702910641087890e-01 8.069211992957103785e-01 7.913294391044010112e-01 7.845219736804220911e-01 8.073622413511947205e-01 8.036271912176664589e-01 8.156041976203276533e-01 8.063780738942417647e-01 8.154978325322170818e-01 7.811171643327122771e-01 8.002161814709075616e-01 7.899485878985820220e-01 8.028013320003961617e-01 8.175500969693710873e-01 8.048660933683717822e-01 8.099133284083337436e-01 7.963651841911622009e-01 7.960087652409546521e-01 8.086307997443715756e-01 7.912296975748887018e-01 7.840280611778025488e-01 8.130436288186209115e-01 8.158294045629046476e-01 8.089819049709340293e-01 8.109910406294614793e-01 8.130476669336725859e-01 8.207461508773989944e-01 8.137598474559748496e-01 8.196441898070560006e-01 8.010404251640816931e-01 8.118302137375098537e-01 7.996658892712481537e-01 8.059047654945582506e-01 8.084428371448855177e-01 8.082624138208108766e-01 8.129422748402469479e-01 8.099470734728975163e-01 7.987599622741852201e-01 8.115922011771702360e-01 8.118871238783056388e-01 8.147281939017547714e-01 8.175940131055673410e-01 8.216959916364984240e-01 7.816498567760609140e-01 7.795110035398216120e-01 8.081435839094517348e-01 8.036999817439218763e-01 7.996460475355497977e-01 7.962837263987312397e-01 8.073959823160662408e-01 8.090614055382259195e-01 7.982760847987310227e-01 7.968976079753897768e-01 8.113440594965107833e-01 8.180340340836453894e-01 8.180913646157793595e-01 8.193384044441562875e-01 8.159361338986320655e-01 8.193430743920853132e-01 8.142636222766673759e-01 8.063854576655797857e-01 8.065347309396642128e-01 8.061228659158488075e-01
8.433573554181372431e-03 1.316138689324840849e-01 3.542364672199000974e-01 5.792841911669640576e-01 4.400153050689460943e-01 4.965096911898403964e-01 7.490567399341433452e-01 6.721830778615141000e-01 7.785819109267186899e-01 7.352337333509023631e-01 1.000000000000000000e+00 8.647041035109682694e-01 7.706719211371516609e-01 7.239387358904169067e-01 8.633297421029662022e-01 8.394225609890020312e-01 7.761687183459607953e-01 7.359399850678388644e-01 7.762206578948694924e-01 6.417900190390449788e-01 6.870453350275670390e-01 8.119811089635597945e-01 7.454861700750710085e-01 7.411243944456303856e-01 7.415545223085869830e-01 8.072840011101475310e-01 8.282947050379285692e-01 8.214431208461003830e-01 8.204719064187865341e-01 8.419559593446034329e-01 8.666535828841068767e-01 8.447044269312705689e-01 7.924747217993350912e-01 8.272803879870942456e-01 8.422846813663894538e-01 8.058304073740512052e-01 8.490666112138102184e-01 8.340541206467729785e-01 8.659062804470817332e-01 8.064393485868450728e-01 8.767944493275964257e-01 8.597372722909830678e-01 8.271545421637316320e-01 8.771761456313981187e-01 8.701273369186234286e-01 8.689930056148487125e-01 8.870086161118498902e-01 8.862700012195556809e-01 8.737327932452472190e-01 8.372675279248747993e-01 8.669396966635791735e-01 8.182748840719101802e-01 8.719402818841228697e-01 8.757287293869587819e-01 8.702214653946014344e-01 8.679191452424090958e-01 8.600954972660016518e-01 8.803131602331438765e-01 8.652850170234627214e-01 8.843976026655855360e-01 8.851382405945819043e-01 8.798045810663613908e-01 8.648748872112158592e-01 8.800179856165797343e-01 8.697862914065014328e-01 8.739679320527248274e-01 8.862955039078881381e-01 8.825400229714120970e-01 8.826343015808715275e-01 8.752051841892175554e-01 8.808308797031574322e-01 8.838109831808541594e-01 8.690189700092497693e-01 8.676565686633791463e-01 8.859242266378030140e-01 8.856217401536159439e-01 8.821012243408501430e-01 8.825554794311281093e-01 8.826506873888606552e-01 8.869812747854574075e-01 8.871285050298182151e-01 8.881670268700674331e-01 8.861260626701351617e-01 8.842620695740142089e-01 8.783681565470233821e-01 8.807118878286045449e-01 8.863243548619719192e-01 8.872461915130428478e-01 8.884502443275581474e-01 8.855525880128122251e-01 8.836226512702709535e-01 8.882643013421059885e-01 8.887422023144865291e-01 8.881542998421133595e-01 8.893975515730739856e-01 8.889142634185012160e-01 8.727453308082624428e-01 8.642898628073579781e-01 8.842200108700176697e-01 8.817949870133410251e-01 8.846096510504881660e-01 8.779199616623725166e-01 8.830362088006913357e-01 8.881985901886476631e-01 8.818220138083938675e-01 8.721878208861175708e-01 8.818075213909272181e-01 8.892467804817968391e-01 8.886394857516305423e-01 8.892662789057217410e-01 8.893657083036796696e-01 8.886715513665298660e-01 8.866740422697337864e-01 8.831597570570598466e-01 8.812463559646018796e-01 8.798226376684366024e-01
1.660136794077722924e-02 1.359953146874958718e-01 3.755110154387481525e-01 6.327736177504611481e-01 4.646631764478234561e-01 5.167654706083975036e-01 8.064515397867492164e-01 7.226362214090309433e-01 8.279405983566854310e-01 7.713101314056807212e-01 8.647041035109682694e-01 1.000000000000000000e+00 8.146023458677772444e-01 7.642262373638921691e-01 9.181592032979580820e-01 8.973096971147281886e-01 8.286975724653321551e-01 7.785353800434381411e-01 8.231300512358866728e-01 6.820481779923188714e-01 7.323172443630054929e-01 8.702175860217568060e-01 7.839545490456910626e-01 7.852452493192558780e-01 7.923408370704440040e-01 8.649616221188037857e-01 8.853928379873901022e-01 8.779517016397049289e-01 8.742181652746050524e-01 8.952444995154023033e-01 9.191797406213524368e-01 8.900487519881182807e-01 8.347051391987297952e-01 8.709175968844228288e-01 8.948735311125058933e-01 8.532491462650698688e-01 9.010498463294952520e-01 8.846955153330096078e-01 9.211748189035389167e-01 8.598678917491906493e-01 9.320145629267060361e-01 9.199119047864634524e-01 8.822081728377896281e-01 9.343155756576312365e-01 9.224555268884090387e-01 9.292252598417836129e-01 9.407478907750149721e-01 9.417431825728623807e-01 9.275898716657123844e-01 8.906809374547717262e-01 9.173952402834149034e-01 8.724687090091479691e-01 9.285098356775405293e-01 9.265821411784384010e-01 9.215673505093949780e-01 9.196057225316820460e-01 9.117313086598680671e-01 9.371503663741019841e-01 9.162291450282782357e-01 9.394134209310719408e-01 9.411870845980367939e-01 9.331013912861536586e-01 9.233574664985317870e-01 9.354714054357560205e-01 9.247856933341462859e-01 9.285274028198342577e-01 9.416743697202133445e-01 9.364558483729765737e-01 9.357183451581596589e-01 9.276642271159593056e-01 9.379907904098823135e-01 9.418995274668623408e-01 9.207852905539188892e-01 9.235557583046307695e-01 9.432124467406793888e-01 9.434088757495967537e-01 9.412711478774146157e-01 9.376749654203587747e-01 9.423553029062284869e-01 9.431938183633110651e-01 9.428373837259386159e-01 9.451660993411340472e-01 9.376794194111111036e-01 9.369028510269866716e-01 9.323051406817350895e-01 9.355008584560232654e-01 9.417403366211248850e-01 9.439090696416996273e-01 9.451655169612785956e-01 9.405281067478218349e-01 9.387381369489533611e-01 9.464850019815115312e-01 9.466944513286064122e-01 9.464665638304983197e-01 9.450705318003466138e-01 9.452383293591739566e-01 9.264714046125338553e-01 9.217733834330696929e-01 9.410363886989098203e-01 9.381493842798120930e-01 9.420972747508103984e-01 9.365998543405623655e-01 9.412981700246394468e-01 9.467274749267791112e-01 9.396280575708694238e-01 9.294221718957933476e-01 9.386467528790846115e-01 9.449878831767606346e-01 9.450363454261803131e-01 9.456654099525498847e-01 9.449380798710498297e-01 9.455152670591858710e-01 9.435567193754306192e-01 9.415830511020333304e-01 9.370770179510334863e-01 9.368354363729669565e-01
3.649474603653496407e-02 1.410772236062707852e-01 3.244554481933094037e-01 5.645634896170214079e-01 4.585514711476901817e-01 4.737359427379312371e-01 7.166787608311816493e-01 6.401588565554662269e-01 7.559631881240594931e-01 7.119928867376730253e-01 7.706719211371516609e-01 8.146023458677772444e-01 1.000000000000000000e+00 6.975606854171818583e-01 8.285331858213874634e-01 8.115410572126380284e-01 7.489319424598643860e-01 6.868042812196138991e-01 7.257750830662805797e-01 6.050142223169693301e-01 6.382987731639042650e-01 7.667904180005675752e-01 6.873402975318763097e-01 6.919567462789146806e-01 6.984318269447857830e-01 7.991805082947491812e-01 8.020456550554436737e-01 7.828540625426908539e-01 7.881956825384910381e-01 8.106267844095866870e-01 8.401938190724096422e-01 7.840234755250192755e-01 7.499827417364409721e-01 7.741363890654526791e-01 8.094870349706675405e-01 7.592028587259372907e-01 8.068118176929883756e-01 7.702960153527667053e-01 8.170974559209912558e-01 7.510421594154387259e-01 8.392227472932445309e-01 8.218872781353916412e-01 7.849771134403153994e-01 8.443355031950975365e-01 8.319539382169376385e-01 8.285861156455410770e-01 8.474424743635589063e-01 8.477335543274978624e-01 8.308655202890715685e-01 7.820213793294902294e-01 8.045385534132190042e-01 7.865524305866188337e-01 8.418903880321076949e-01 8.368777505720601528e-01 8.238253140013682696e-01 8.143094541842887946e-01 8.155787935241450848e-01 8.397132325089435856e-01 8.125215883669443251e-01 8.543832495811881644e-01 8.430202899798707739e-01 8.372134656496533767e-01 8.168358871298393442e-01 8.357293675927494059e-01 8.349348751750501618e-01 8.416603080764428757e-01 8.495907630459601512e-01 8.432546219143335353e-01 8.442659615688774544e-01 8.278142568945286994e-01 8.391029830406721013e-01 8.470818069475763989e-01 8.277557415241862948e-01 8.277552683383233578e-01 8.552238130742199074e-01 8.530404442102098583e-01 8.484931428118915875e-01 8.457299245809076771e-01 8.506759733622230035e-01 8.532554334045071576e-01 8.517312017953307945e-01 8.561052030589754169e-01 8.364827038591027275e-01 8.504046764312537254e-01 8.380318208429926585e-01 8.447948595401493233e-01 8.487708486294848198e-01 8.452795835390852774e-01 8.513729187377847563e-01 8.391830616416950939e-01 8.394653169392518599e-01 8.498401792435671398e-01 8.539768757086492190e-01 8.537725841320561448e-01 8.499675911569245512e-01 8.522863648758592925e-01 8.176429841272281340e-01 8.225666080094946597e-01 8.403572405236925391e-01 8.383597340323557523e-01 8.448898060556063738e-01 8.327720272627249232e-01 8.528392791505693404e-01 8.509249238622966782e-01 8.462467060403283670e-01 8.310997914315989554e-01 8.423404358367859723e-01 8.510300102153269819e-01 8.468721083005916750e-01 8.501613738687567867e-01 8.425542571214917897e-01 8.541122532465683648e-01 8.453195537001136906e-01 8.471846664524209647e-01 8.464158218273896139e-01 8.472891148258087091e-01
