1.000000000000000000e+00 1.898905026391532747e-01 2.913990032424109700e-01 3.027251447390608696e-01 1.053119194194989672e-01 6.268458040446882318e-02 2.387733285877630118e-01 1.885837797862738308e-01 1.477122419592482028e-01 2.297040551277510986e-02 8.455160233400488279e-02 1.037353231118353925e-01 4.834770824779402454e-02 1.847806430825473314e-02 1.022321322503199903e-01 1.063122056489644585e-01 1.772481096571885406e-01 1.950227858653275081e-01 2.167898355611597438e-01 1.770431102453459693e-01 2.419433435188994008e-01 2.271342519648255343e-01 1.911028129974797762e-01 2.069744176227709676e-01 1.793250402683065625e-01 1.548425504697561461e-01 9.782477613774206993e-02 7.170786394569275690e-02 2.165516884669374531e-01 1.885030698042795549e-01 1.731131590952535437e-01 1.193519427526337079e-01 9.741479493550538049e-02 1.210835312976488581e-01 8.158484950850894424e-02 1.478151893028995800e-01 9.953678085683687060e-02 8.954780933545916644e-02 1.068145767054809320e-01 8.142147970739385676e-02 3.504876385226789876e-02 3.251179347549183751e-02 7.992636589911009115e-02 6.705361048565962323e-02 6.904942380247813816e-02 6.025283707797545601e-02 2.739635290535814838e-02 2.113790176538989443e-02 8.211465261660244597e-02 1.311345582150986178e-01 1.112624311840811758e-01 1.357771887985873838e-01 9.796833347739979103e-02 5.998836079312366149e-02 9.462922364243042672e-02 9.253121855159565645e-02 1.403835420658361144e-01 3.950469717107181478e-02 7.264587000242549164e-02 3.646929842420960910e-02 6.568244784082596932e-02 6.862905874287569818e-02 8.168485986385159991e-02 9.739649301052535901e-02 1.034143750097174103e-01 8.499563270558466166e-02 3.600520159979936352e-02 6.317532861058632043e-02 1.025342372344892200e-01 9.523091180376702658e-02 6.652744098126231465e-02 6.340856239146475115e-02 6.920503295906763053e-02 8.015028606435824210e-02 5.933108079587141870e-02 6.034220485546603480e-02 5.294895799136160874e-02 1.033423111123309146e-01 8.156339695589992500e-02 5.835758809293974114e-02 6.472052445560863565e-02 7.427081956293030141e-02 7.589515201900587371e-02 3.745042485065278731e-02 6.121489565695475282e-02 6.359435113493393243e-02 5.412990904560247701e-02 5.190758612762413904e-02 3.315084086230414562e-02 5.726356451528957087e-02 4.267576039736965116e-02 2.736992685415602991e-02 3.561027138456662050e-02 2.230584573496655412e-02 1.245408356264856957e-02 1.641429130501284236e-02 9.330082002958736687e-02 1.206052801648374584e-01 2.621284062451830973e-02 4.970758385632360887e-02 4.038271700987291352e-02 6.210698855121703221e-02 5.069912133374003538e-02 2.909143923222063180e-02 5.723427563558142195e-02 7.813154154718336686e-02 7.052522157494782451e-02 2.608754638216528171e-02 3.837072751359751899e-02 3.029220068322877740e-02 2.466063952601587478e-02 2.283262730509664704e-02 3.321152698553670596e-02 5.270585127452922375e-02 4.634553482881977743e-02 4.310716663874527427e-02
1.898905026391532747e-01 1.000000000000000000e+00 1.962005997768474230e-01 1.981911466911963904e-01 1.558536589109086046e-01 1.499720801612582644e-01 2.122371197205969451e-01 1.874522117095979989e-01 2.047929812090407697e-01 2.011422931294322147e-01 1.776527872824435472e-01 1.859806899266903957e-01 1.593647155006033267e-01 1.301484368402613112e-01 1.946670649644513251e-01 1.811120899861535793e-01 2.169867001357228264e-01 1.920801390339494374e-01 1.968281784385911004e-01 1.204998937656695940e-01 1.618417777499119858e-01 1.967113737180088695e-01 2.187956767149428772e-01 1.965914030747140662e-01 1.746293992003636053e-01 2.164739482434424045e-01 2.087111173522621932e-01 1.949750250880225577e-01 2.226763401308450574e-01 2.430986424921222910e-01 2.360469808794044000e-01 2.072183516319839602e-01 2.112833612979615472e-01 2.036039455249387675e-01 2.137166783931638836e-01 1.873697144118640356e-01 1.918687564337335505e-01 1.962210781117386116e-01 2.015280473444339970e-01 1.656243773931215801e-01 1.839673353005154832e-01 1.708460350078776224e-01 1.590706576504603287e-01 1.822511923355018271e-01 1.721366970397048279e-01 1.846077319609840395e-01 1.757130775379934784e-01 1.743710217903053916e-01 1.815909135380124051e-01 1.874137108216117342e-01 1.920260695716220212e-01 1.604492416997203297e-01 1.755373110296801209e-01 1.852284332980897730e-01 1.924296477661941174e-01 1.867412900669800924e-01 1.879414565425747974e-01 1.738934679010810669e-01 1.785707449071066155e-01 1.801922750952983099e-01 1.733358125324447330e-01 1.785342440862807689e-01 1.709884958843390923e-01 1.873991947800227043e-01 1.902374899802178609e-01 1.825073785062315268e-01 1.834232634632615988e-01 1.846875395648075180e-01 2.032625257477411185e-01 1.774516540524103680e-01 1.780956465458823634e-01 1.774631513529896232e-01 1.910731554916053343e-01 1.779894342318562583e-01 1.898570172555699986e-01 1.918859737693311418e-01 1.878174395676146247e-01 2.006518687884030205e-01 1.971572195119282167e-01 2.012497471259281356e-01 1.927055075574241605e-01 2.008172043197950785e-01 1.878802976061934304e-01 1.932606438725729681e-01 1.823653797385781372e-01 1.903251972451830143e-01 1.849391671736790310e-01 1.838641325159516282e-01 1.812045151719134384e-01 1.833636994055867220e-01 1.761566178933572646e-01 1.752302917314850217e-01 1.693479540985895482e-01 1.715953070631024147e-01 1.686447132595819409e-01 1.763143442384248749e-01 1.711651371341401107e-01 1.781589623382480725e-01 1.691767324100771630e-01 1.836747796436494773e-01 1.677374246457299933e-01 1.770531838228951438e-01 1.711246605830654133e-01 1.679039563017712400e-01 1.730169627502123608e-01 1.823301556893342779e-01 1.870275677644208101e-01 1.800367155743112790e-01 1.829504371023493448e-01 1.746626529876789680e-01 1.725970683614603263e-01 1.727780542845998024e-01 1.760413540395518173e-01 1.766871399744538718e-01 1.779312899215338972e-01 1.776136715228127105e-01
2.913990032424109700e-01 1.962005997768474230e-01 1.000000000000000000e+00 4.759473250516524923e-01 2.744979871863210130e-01 2.911867723814460240e-01 4.755519651079216925e-01 4.428351633930360798e-01 3.869977758065677453e-01 2.890355167356392085e-01 3.953270685540423157e-01 4.174424911837530949e-01 3.315784293978150665e-01 2.963406739512784438e-01 4.307824855619998838e-01 4.421155522230757473e-01 3.940541132972317229e-01 4.597510828341035971e-01 4.694970720591336022e-01 3.676021141169297790e-01 4.147057189990467352e-01 4.527187420552235553e-01 4.799150395426909910e-01 4.403279517877852212e-01 4.231806481115461538e-01 4.597874580416488888e-01 4.302728216408933104e-01 4.177238905745924713e-01 4.832188157066388268e-01 4.518842988007121808e-01 4.546729012671515968e-01 4.371591761123383435e-01 4.518385132839731755e-01 4.416697472813397862e-01 4.133438265253255861e-01 4.430579553334831888e-01 4.209326284638097437e-01 4.484525799936167623e-01 4.489552387535701294e-01 4.315942222056823319e-01 3.737227589564887098e-01 3.886649912879273638e-01 4.160366148335343239e-01 4.105010167995504777e-01 4.024289978940440160e-01 4.102988885435205901e-01 3.721917426503580373e-01 3.645472118648163673e-01 3.983711828150029444e-01 4.491196725195771289e-01 4.261537613403161284e-01 4.248165899656166089e-01 4.042110773378653210e-01 3.796654943589926057e-01 4.032596718794381196e-01 4.281665786793003026e-01 4.190356419659516662e-01 3.863267739104097043e-01 3.919452318616573061e-01 3.606643246432492123e-01 3.935977462302677754e-01 3.880747543540162270e-01 3.958499477786876497e-01 4.076640958347172439e-01 3.933102146065309834e-01 3.942868009943658048e-01 3.803538838019998591e-01 3.992890448447887208e-01 4.248834207023423071e-01 4.111025585091981349e-01 3.993310590718956998e-01 3.966361546301331309e-01 4.091637181971613524e-01 4.029246382218120703e-01 4.050968056982056642e-01 3.951306021837700522e-01 4.102530690604204722e-01 4.354321296383990014e-01 4.238771910634555606e-01 3.911999360039641882e-01 3.945588099103083390e-01 4.074022873568696745e-01 4.287919956385856657e-01 3.980774926121550816e-01 4.139804791895068670e-01 4.131434102177612422e-01 3.986195672065382389e-01 4.173286611322211681e-01 3.881132068215672470e-01 4.042235164689494953e-01 4.145860260706776268e-01 3.823155596500806275e-01 3.865776064936328194e-01 3.851996702955150509e-01 3.587442581464088120e-01 3.688496369000588415e-01 4.306380386281642436e-01 4.314002789612697009e-01 3.793000842235118020e-01 4.001155018052954815e-01 3.938866634666907673e-01 4.053805558373286266e-01 3.896920395651961022e-01 3.775234684975842803e-01 3.981060983535772424e-01 4.032373745453262104e-01 4.069143257985304296e-01 3.742634875943774420e-01 3.877522815661176847e-01 3.750411199247030702e-01 3.847764807536880882e-01 3.648294968228040225e-01 3.781644306672058420e-01 3.926699347855834299e-01 3.789520389059245487e-01 3.805719448960592222e-01
3.027251447390608696e-01 1.981911466911963904e-01 4.759473250516524923e-01 1.000000000000000000e+00 3.998441580374105242e-01 4.168391295886667014e-01 6.536555785857030010e-01 6.220278809792337826e-01 5.801189733430512918e-01 4.830322037094886833e-01 5.993254125773815888e-01 6.541466943551121904e-01 5.396287504608550112e-01 4.940239510977412762e-01 6.462315367943765043e-01 6.378691658283781596e-01 6.143924960021837078e-01 6.668553180324924279e-01 6.906576502350250113e-01 5.884487730706648989e-01 6.814519774355078940e-01 6.860623679499595617e-01 6.782165449017626413e-01 6.492513150249621390e-01 6.743299763187208251e-01 6.916641312658294849e-01 6.300731131745586078e-01 6.412506737483466557e-01 6.927566614989350002e-01 6.659703238273644299e-01 6.726854119037189994e-01 6.630554045620190573e-01 6.341904391242558781e-01 6.614995142809735329e-01 6.152214218589429073e-01 6.725978553849331076e-01 6.560487190188816209e-01 6.570456536615983945e-01 6.681212288062263749e-01 6.620380817223520120e-01 6.027016130383637815e-01 6.223119154838284706e-01 6.490079793141132480e-01 6.315574047471106400e-01 6.377052694071017047e-01 6.412127397442412002e-01 5.981836602641679157e-01 5.896350089753963353e-01 6.262113655785502830e-01 6.695212647839166031e-01 6.592930419351201721e-01 6.697623108474329845e-01 6.461751622371760817e-01 6.053149832201665248e-01 6.246323690791122374e-01 6.552581663408281187e-01 6.456445919183785298e-01 6.099991871974984603e-01 6.190994019643278889e-01 5.916923063187873311e-01 6.318024409842204481e-01 6.141611749542250642e-01 6.254788131780972815e-01 6.375273915399178870e-01 6.271496761842736412e-01 6.245762995169141796e-01 6.053417333134425427e-01 6.279169023230283253e-01 6.549623793888731393e-01 6.544080324323087172e-01 6.379938016254935729e-01 6.272345519062453301e-01 6.308097685823954581e-01 6.466953826352737078e-01 6.339156334700175588e-01 6.246385391356527039e-01 6.345486642831038582e-01 6.553915974451869353e-01 6.464994794465921402e-01 6.145229932749227686e-01 6.302286889123792646e-01 6.297025980038721826e-01 6.511818676962802810e-01 6.143963336359861138e-01 6.401399691474202180e-01 6.322948405073187672e-01 6.289078250318257401e-01 6.405885972346406776e-01 6.162288411645970854e-01 6.318151909744619266e-01 6.419594874144124441e-01 6.143240219305450278e-01 6.200971836779755053e-01 6.111280579078928188e-01 5.930652602300251486e-01 5.948906214219074062e-01 6.604574832356426839e-01 6.588832925752484693e-01 6.086894269818375891e-01 6.319594589221173564e-01 6.294959148394838611e-01 6.333288146629857396e-01 6.213100266594339116e-01 6.091780860230279204e-01 6.320799252526662082e-01 6.334333147445149192e-01 6.304096209868828016e-01 6.014575852794856736e-01 6.138103294162480239e-01 6.085532922612422180e-01 6.145276672002565332e-01 5.958524496721632202e-01 6.083059478217727190e-01 6.248517056145741488e-01 6.076336002395962277e-01 6.112227330279998982e-01
1.053119194194989672e-01 1.558536589109086046e-01 2.744979871863210130e-01 3.998441580374105242e-01 1.000000000000000000e+00 3.641433318955015763e-01 5.149651175036608075e-01 5.123588086715509249e-01 5.113897635776564199e-01 4.566452574434867184e-01 5.090719763538478215e-01 5.436919232438957028e-01 5.007214480506044785e-01 4.611740010423287517e-01 5.546255718785054745e-01 5.513806265679219720e-01 5.240279839976467180e-01 4.893196209438072652e-01 4.951589856242353260e-01 4.256701954199366145e-01 4.954640940963760953e-01 5.277018982718948426e-01 4.975185550252918532e-01 4.610092680580988866e-01 5.067340482989367567e-01 5.434869100064978475e-01 5.243329630017522502e-01 5.396716248205305488e-01 5.217374439381378126e-01 5.299564424588487643e-01 5.528653554527700464e-01 5.432776634507022750e-01 5.129102760063086741e-01 5.251172209366398169e-01 5.292342541538908041e-01 5.389299891164759382e-01 5.434285713311113319e-01 5.370422052787913181e-01 5.543655776162758064e-01 5.190791014494464672e-01 5.418535603373615395e-01 5.479202386799050251e-01 5.465201398936210264e-01 5.525930173157291847e-01 5.478284243378903628e-01 5.511113341211174577e-01 5.473519860343509791e-01 5.443718069216419986e-01 5.486686590979640288e-01 5.409620607616830723e-01 5.535354089216709683e-01 5.522895619231928954e-01 5.565628080817078827e-01 5.520557966198821331e-01 5.479995558085629659e-01 5.465050272914245832e-01 5.469475466552832232e-01 5.470852244642269158e-01 5.428435546176507698e-01 5.510521784025416148e-01 5.582139809736432756e-01 5.499264995974167958e-01 5.420327396078297166e-01 5.597433527691627608e-01 5.559065465068644407e-01 5.547789004016759895e-01 5.463198771586700309e-01 5.490492536896219855e-01 5.547990060451590821e-01 5.451202384706498316e-01 5.524130623080865110e-01 5.486721304652689701e-01 5.418327525047402782e-01 5.499276965245787352e-01 5.550433694601302204e-01 5.542705774687991527e-01 5.526609183444507467e-01 5.548559766260078296e-01 5.518547629439817248e-01 5.462807409612326914e-01 5.528375934319075258e-01 5.543937659956528208e-01 5.477123675648893908e-01 5.476753199088530977e-01 5.499107965097711492e-01 5.501170154056264083e-01 5.531359393441960259e-01 5.510017693867322874e-01 5.516448613236815124e-01 5.504977730840567851e-01 5.470141425785637335e-01 5.500839135965301940e-01 5.521576417615899901e-01 5.492887744977916764e-01 5.444566372913119956e-01 5.455734406662030578e-01 5.490679413731830438e-01 5.511311271221143171e-01 5.470001102924795244e-01 5.499847098756434072e-01 5.508391755334085538e-01 5.500889600456925210e-01 5.545082846933838683e-01 5.508864087630596096e-01 5.508607069114385135e-01 5.509584954401660628e-01 5.521286100752507142e-01 5.461512663091069308e-01 5.481146923576153407e-01 5.480223798984180661e-01 5.469531988799527511e-01 5.483397476395742709e-01 5.472739958908732216e-01 5.541073474648561259e-01 5.512605045037816121e-01 5.511012247794940810e-01
6.268458040446882318e-02 1.499720801612582644e-01 2.911867723814460240e-01 4.168391295886667014e-01 3.641433318955015763e-01 1.000000000000000000e+00 5.515413274421111511e-01 5.325193985990658296e-01 5.743863390839050176e-01 5.257435427036641906e-01 5.778051872593902294e-01 5.948530940269501910e-01 5.301490559008116277e-01 5.013174811235491246e-01 6.179553131239426955e-01 6.014537731481250926e-01 5.629981127466529012e-01 5.704103683605509234e-01 5.783256870797932603e-01 4.832945956982969138e-01 5.326228101501818690e-01 5.981893819063308637e-01 5.875999114755230401e-01 5.601858744148828784e-01 5.925092990998021003e-01 6.084163070228313375e-01 6.038167195050230251e-01 6.168145363455425079e-01 5.880169303468164577e-01 5.919031832835491835e-01 6.153201907401061321e-01 6.197288511770693287e-01 5.890088329285778634e-01 6.091891239518796297e-01 5.957951833180903378e-01 6.144037197112118820e-01 6.198036427058219999e-01 6.138369430669139426e-01 6.251992538598594162e-01 5.959396726650735276e-01 6.193277458497115084e-01 6.287948655744211024e-01 6.202458241572419428e-01 6.256085245988574073e-01 6.222900126547159516e-01 6.225109395557993919e-01 6.196446616584257994e-01 6.161647401849857930e-01 6.151965085946052847e-01 6.021243864292643577e-01 6.126849714865225671e-01 6.033120631721988758e-01 6.145385220830237305e-01 6.148389761465761216e-01 6.132061817273810611e-01 6.154706784470710401e-01 6.032345348664740481e-01 6.188323184827291268e-01 6.068903440870981880e-01 6.150925789477261763e-01 6.210940348836605507e-01 6.154260920489018627e-01 6.074133721966772370e-01 6.224088373922199713e-01 6.122887400182598361e-01 6.135701497981339569e-01 6.209884660654035882e-01 6.266552916889457370e-01 6.318490521570359064e-01 6.268074281284421456e-01 6.257898057703153993e-01 6.294939690132742571e-01 6.316202194419165972e-01 6.301984820774877427e-01 6.259134182064323149e-01 6.212238531356895077e-01 6.329838074570053319e-01 6.249094402272965532e-01 6.331529707425033182e-01 6.149446028144904819e-01 6.261210263850603974e-01 6.242629042145347862e-01 6.292069227590985081e-01 6.232567692614864319e-01 6.279663657967636814e-01 6.301674890197870305e-01 6.287467391940406714e-01 6.298704937369583590e-01 6.242172112341629608e-01 6.235724781411650097e-01 6.297751088153595855e-01 6.250581678252853379e-01 6.252718775647844174e-01 6.265026459217298838e-01 6.186341724320720825e-01 6.207415539254582670e-01 6.173934537353958918e-01 6.093610665171789176e-01 6.193542660654240972e-01 6.261444188055692583e-01 6.280795683517815808e-01 6.197113814003826215e-01 6.203496428879574642e-01 6.229269527214862379e-01 6.232080549446633588e-01 6.152047998960147313e-01 6.210435640732874241e-01 6.205717745702281629e-01 6.220698607689246762e-01 6.177568558110451136e-01 6.232444637394323195e-01 6.193419560340780450e-01 6.182419954345541591e-01 6.226712007905802482e-01 6.188735037763379854e-01 6.178238220454044249e-01
2.387733285877630118e-01 2.122371197205969451e-01 4.755519651079216925e-01 6.536555785857030010e-01 5.149651175036608075e-01 5.515413274421111511e-01 1.000000000000000000e+00 7.565547211601325595e-01 7.281011273732483913e-01 6.413951651967435552e-01 7.666346541934834224e-01 8.041065975649400732e-01 7.152792458774280826e-01 6.308338314931298818e-01 8.363175735059057425e-01 8.052599302398962822e-01 7.620903089995927360e-01 7.858461476458049599e-01 8.004604381011055647e-01 7.143535196785575359e-01 8.010619986690955541e-01 8.174971254517998664e-01 7.990897156247934729e-01 7.527975513155231724e-01 7.891723024036575440e-01 8.383043427536426284e-01 7.920371453867908196e-01 7.986613445534634925e-01 8.099580364968788082e-01 8.115698505003199337e-01 8.355415778536693372e-01 8.222931315272639097e-01 7.749754149933192338e-01 8.096161504633354600e-01 7.741423367630702046e-01 8.156229231726020990e-01 8.177886344489805337e-01 8.117037923962721058e-01 8.283262798884035716e-01 7.949495839795885921e-01 7.825961954478471982e-01 7.975973026760857509e-01 8.095539996964986607e-01 8.087475054331469959e-01 7.995954948944700158e-01 8.045132181664568227e-01 7.809003639752366555e-01 7.730049432739943827e-01 8.019610227263995750e-01 8.180022860178168820e-01 8.232520077763341160e-01 8.142644239764407210e-01 8.098398897328235035e-01 7.869314035657293260e-01 8.038254849303028138e-01 8.199661763728517405e-01 8.098176204102941478e-01 7.899331572184122852e-01 8.000193980606573607e-01 7.785210526967202282e-01 8.090938737121989854e-01 7.977732400366999155e-01 8.002786855325971782e-01 8.082833677482178514e-01 7.983399478384783921e-01 8.006108647585120641e-01 7.831253577484184047e-01 8.006716112612317637e-01 8.219701492458725278e-01 8.226644422127380452e-01 8.078830890556200073e-01 8.005991885666039476e-01 7.993940457983458314e-01 8.089823445133641489e-01 8.110195437997047563e-01 8.051944800537699232e-01 8.067257429117388190e-01 8.183074689579997729e-01 8.148861474064604815e-01 7.897720149458526961e-01 8.056233506191181615e-01 8.104175252018357423e-01 8.080623955967999317e-01 7.915035646725743224e-01 8.089399562921720799e-01 8.042527109043710043e-01 8.001582977985047807e-01 8.078866954290591096e-01 7.941219662781974220e-01 8.045911885965327803e-01 8.040443307568109210e-01 7.937943414259506225e-01 7.958523612103197697e-01 7.910978304701136166e-01 7.762656130510297015e-01 7.774677529963593958e-01 8.118336217720103498e-01 8.099968967953815602e-01 7.856588992340776123e-01 8.029454618526409293e-01 8.010750848093632914e-01 8.025869085103651823e-01 7.952225910647132689e-01 7.891725333715594592e-01 8.002663544752445235e-01 8.023100030706306063e-01 8.004018791025941937e-01 7.826158094435688994e-01 7.923958683774714462e-01 7.891466930217713172e-01 7.931270629749621603e-01 7.823886429700680489e-01 7.884116906646967404e-01 7.974168125075417057e-01 7.871538064625277498e-01 7.903412857903290289e-01
1.885837797862738308e-01 1.874522117095979989e-01 4.428351633930360798e-01 6.220278809792337826e-01 5.123588086715509249e-01 5.325193985990658296e-01 7.565547211601325595e-01 1.000000000000000000e+00 7.451262476683456759e-01 6.401230171557078519e-01 7.552035957097750218e-01 7.930132079362864905e-01 7.046870781371382675e-01 6.429917519918133539e-01 8.175144756727433792e-01 8.249167544980380296e-01 7.593150288284792326e-01 7.471975701394022451e-01 7.723113379930218736e-01 6.298971964302106930e-01 7.289483511225824941e-01 7.879257941083031014e-01 7.665696623465799719e-01 6.972400341167805937e-01 7.527571430579844680e-01 8.165768705442404407e-01 7.903967916302897523e-01 7.898199063668162045e-01 7.898480708425482666e-01 7.916513120894312916e-01 8.148728820525903416e-01 8.181300956327105522e-01 7.833437453708215203e-01 8.000696892060149557e-01 7.819996926512962077e-01 8.052576061812477537e-01 7.992103462689006399e-01 8.240449327302736826e-01 8.291952349566913405e-01 8.020697335069638667e-01 7.845562254965690041e-01 8.016514160712191472e-01 8.112613512898741996e-01 8.177212532965822955e-01 8.052489067091895825e-01 8.077567227111241976e-01 7.902758199048439680e-01 7.843309944080270046e-01 8.094871437580594131e-01 8.340275684207063556e-01 8.271876530820300166e-01 8.139530749527934539e-01 8.103360511037734915e-01 7.913741811256315151e-01 8.070765140657909509e-01 8.209343968890755461e-01 8.125008406412321804e-01 8.026430186941662104e-01 8.053778768047776815e-01 7.818342580771447947e-01 8.104435315732123613e-01 8.005601842134522084e-01 8.026915844074953288e-01 8.120610482281604980e-01 7.968013086206765516e-01 7.996546740067888015e-01 7.922343998842634738e-01 8.019495784615789935e-01 8.158863821230939450e-01 7.993577921127368313e-01 8.118745639990117002e-01 8.020173737836631123e-01 7.950910681406738734e-01 8.018247383919843152e-01 8.103869344278951115e-01 8.029698532285221013e-01 8.064729349335179043e-01 8.171396088251924317e-01 8.091781702428492151e-01 7.934154585995671916e-01 8.035277477642251975e-01 8.089821247655271108e-01 8.209993153536375710e-01 8.007110433819488726e-01 8.167254641310692787e-01 8.133337866514469550e-01 8.034571141838928732e-01 8.195046844938549402e-01 8.032110964867154035e-01 8.136577151620643100e-01 8.115663260359442521e-01 7.998440749902462343e-01 8.018948590807556398e-01 7.978398222145561824e-01 7.832733329129391020e-01 7.882218662289254274e-01 8.267169589594580703e-01 8.241988347090017930e-01 7.953578400073016974e-01 8.118878195030116984e-01 8.075943072989949512e-01 8.110546256277495480e-01 8.034630093631994763e-01 7.984279221001374660e-01 8.093036917462967939e-01 8.087258712841000063e-01 8.121315371190647170e-01 7.904193005860064014e-01 8.002438216069909238e-01 7.947428600901486062e-01 8.012178654187562810e-01 7.874128259025011678e-01 7.947476699542618261e-01 8.073993829649874776e-01 7.944549699646642482e-01 7.963055742464918429e-01
1.477122419592482028e-01 2.047929812090407697e-01 3.869977758065677453e-01 5.801189733430512918e-01 5.113897635776564199e-01 5.743863390839050176e-01 7.281011273732483913e-01 7.451262476683456759e-01 1.000000000000000000e+00 7.661812786620721960e-01 8.289551406129993527e-01 8.557055855064624739e-01 7.955666204998924629e-01 7.182997194222460191e-01 8.704826049515710373e-01 8.683517717268429692e-01 8.563579274653049245e-01 7.688651060325170095e-01 7.760135058406159025e-01 6.269350657510472935e-01 7.260749150785987815e-01 8.266477395939411110e-01 7.768473374020179456e-01 7.078409126034289622e-01 7.673238737547800614e-01 8.422409617821832173e-01 8.523796419520065504e-01 8.271096544815483842e-01 7.940813443709278108e-01 8.662039221849110460e-01 8.779607487829952372e-01 8.687421152076307829e-01 7.973204601805125025e-01 8.248161014281748526e-01 8.526990070043514169e-01 8.374137009138389320e-01 8.547758121837446543e-01 8.468153573059337136e-01 8.680608684908167616e-01 7.896656992952502119e-01 8.751617769154574900e-01 8.662710737426694285e-01 8.438695315164203015e-01 8.878107479314808481e-01 8.771760187340860160e-01 8.605362840276173930e-01 8.931645955990227259e-01 8.969041208797573494e-01 8.910945989047320825e-01 8.598462008160664416e-01 8.755990962640913811e-01 8.496871590619570203e-01 8.811064231447583994e-01 9.038725205834182708e-01 8.988161731469530569e-01 8.761965003061741308e-01 8.962182572946764125e-01 8.920397086859628288e-01 8.875015654642655072e-01 8.981436925637413804e-01 8.912837274675972088e-01 8.988010033240607655e-01 8.865480484172545417e-01 8.979779780394190336e-01 8.990156802756454901e-01 8.996159948519186766e-01 8.971271260416613380e-01 8.890439566365061497e-01 8.917702894889012466e-01 8.646978994059395518e-01 8.885688423236053346e-01 8.900505538778871184e-01 8.762308777059277798e-01 8.744785727484397642e-01 8.910885602653959570e-01 8.903912645614467936e-01 8.771848147265639550e-01 8.780695446560449202e-01 8.810644320414179331e-01 8.989302488694702609e-01 8.935943046248914223e-01 8.978870432737833251e-01 8.816570701360891826e-01 8.908424620010235717e-01 8.746392689478985627e-01 8.862210473474491090e-01 8.861154569120539559e-01 8.834062405440860077e-01 8.893138422877471250e-01 8.892507112500074307e-01 8.637278487833642826e-01 8.838224860305305963e-01 8.860242198703649485e-01 8.839063047692887753e-01 8.886455429928035166e-01 8.933698161102451296e-01 8.646403641456738010e-01 8.807674137377001777e-01 8.875998125989856824e-01 8.845129215568934278e-01 8.744079966670501580e-01 8.893326268952445046e-01 8.907406834222695302e-01 8.899381143642813852e-01 8.874134878728993092e-01 8.917783254234334933e-01 8.978235434187222808e-01 8.942167097204068993e-01 8.925915853097196040e-01 8.909403240466560181e-01 8.817858737861108409e-01 8.925843833530821003e-01 8.910171528840707955e-01 8.919973310056658056e-01 8.979984767860132999e-01 8.949640356906902738e-01
2.297040551277510986e-02 2.011422931294322147e-01 2.890355167356392085e-01 4.830322037094886833e-01 4.566452574434867184e-01 5.257435427036641906e-01 6.413951651967435552e-01 6.401230171557078519e-01 7.661812786620721960e-01 1.000000000000000000e+00 7.673001118528655073e-01 7.807070694063995564e-01 7.224631158781142926e-01 6.797756493290281199e-01 7.905749397006861523e-01 7.700786017171160625e-01 7.658732905417799941e-01 6.872944607395324867e-01 6.828454679466282595e-01 5.665827797254882059e-01 6.617749645769261946e-01 7.243846549160982695e-01 7.065525837031874090e-01 6.448891440548571996e-01 6.983876968332638491e-01 7.677852918882563937e-01 7.807324593330073892e-01 7.699163446416265044e-01 7.161180900653314474e-01 7.872699344415160505e-01 8.021537329053607390e-01 7.988665281715084943e-01 7.287398561460946000e-01 7.572766425841168658e-01 7.927313947166503283e-01 7.556898574204450325e-01 7.969798501106940547e-01 7.745494086741742112e-01 7.894366877612921662e-01 7.355713062807438529e-01 8.281283100216020321e-01 8.076447055789629514e-01 7.731637879306382244e-01 8.103092166390575279e-01 8.086451401445792220e-01 8.024736624021802101e-01 8.308050950647623001e-01 8.364824157279888706e-01 8.185985747722223094e-01 7.680369735965252298e-01 8.026814788992929772e-01 7.601214842965456908e-01 8.042725703711806062e-01 8.323808351162363950e-01 8.205728192528954912e-01 8.056245440147294934e-01 8.036781066221155845e-01 8.245310044679705630e-01 8.237698123560729391e-01 8.355773817920789659e-01 8.210525339239571618e-01 8.285833983332465680e-01 8.160694674056914177e-01 8.191133866491144833e-01 8.196047161039541340e-01 8.235751508702452428e-01 8.357797309370351702e-01 8.238572945762320243e-01 8.209276505293497950e-01 7.988634232869323837e-01 8.195130778069352750e-01 8.212858804933381718e-01 8.154882724027971985e-01 8.085050667305546668e-01 8.276380450093291374e-01 8.290193709291188151e-01 8.178130758751812612e-01 8.090730429128168977e-01 8.177415118759462365e-01 8.351415151713702523e-01 8.324220162383366706e-01 8.296275444172412916e-01 8.074714187947567012e-01 8.291741333312686590e-01 8.072499621667048597e-01 8.173231585711396852e-01 8.239692075364490886e-01 8.156372010720672749e-01 8.281429100447422753e-01 8.203414337596447448e-01 8.053864524018757853e-01 8.267863633606521434e-01 8.233582158045872346e-01 8.266010052913133066e-01 8.342862836122035830e-01 8.355060284236653922e-01 7.840981080420884597e-01 7.878737708177686594e-01 8.257848542436012629e-01 8.181771686260607135e-01 8.117512843288712254e-01 8.185535384472188980e-01 8.210897306351960800e-01 8.273190855709772196e-01 8.165825241330141315e-01 8.161679782028254948e-01 8.235799593154359277e-01 8.354277795223974401e-01 8.300168683924442625e-01 8.328684794432520411e-01 8.254510478032111020e-01 8.340070957214601455e-01 8.300304465982671909e-01 8.227788471649938318e-01 8.309973416964754334e-01 8.298421053483547860e-01
8.455160233400488279e-02 1.776527872824435472e-01 3.953270685540423157e-01 5.993254125773815888e-01 5.090719763538478215e-01 5.778051872593902294e-01 7.666346541934834224e-01 7.552035957097750218e-01 8.289551406129993527e-01 7.673001118528655073e-01 1.000000000000000000e+00 8.821200303819806132e-01 8.016535784919534002e-01 7.437209029579330277e-01 8.874264731808249040e-01 8.757542917152777440e-01 8.417582586532802447e-01 7.996945291120759469e-01 8.132339484408726005e-01 6.817829454834372083e-01 7.859582324098822737e-01 8.469939445769011366e-01 8.157059310260199592e-01 7.541004997682561051e-01 8.188969402551106169e-01 8.806367928559128977e-01 8.728693925955887112e-01 8.650905100455280605e-01 8.288704085958594758e-01 8.720606938328758773e-01 8.972558274880805262e-01 8.937331680991890126e-01 8.255650795732207836e-01 8.621693456781682752e-01 8.741916412933373737e-01 8.716785891992683277e-01 8.961766413635856576e-01 8.758875332861023599e-01 8.955639721835918499e-01 8.484983720669475593e-01 9.001104007476159463e-01 8.970003472932024380e-01 8.792082120940538648e-01 9.020988244189992455e-01 9.021029573166965410e-01 8.952469247093982618e-01 9.062629347945094782e-01 9.039390548419261595e-01 9.064965065455417026e-01 8.855141029051963875e-01 9.016850207397885120e-01 8.740540135408764177e-01 8.995826114298873799e-01 9.038563551682435859e-01 9.026333277283107304e-01 9.027473982637298500e-01 8.959673372107602729e-01 9.024412763214106903e-01 9.021696692077977309e-01 9.031983850974339978e-01 9.088710183929008535e-01 9.061620248847213066e-01 8.998336911687269124e-01 9.072194113832554585e-01 9.014985310262521034e-01 9.054509680042811537e-01 9.086466772133193759e-01 9.089603692254132339e-01 9.114537090333094671e-01 8.964750119427042918e-01 9.111166950999620706e-01 9.087048021079666693e-01 8.991979811855629334e-01 9.034384030577736757e-01 9.149399291355321262e-01 9.117891738793176826e-01 9.061773750870918409e-01 9.045223888525545375e-01 9.091135659250048073e-01 9.072741460994306895e-01 9.136956602836909802e-01 9.148504935320542764e-01 9.056252600620573467e-01 9.062248302530233612e-01 9.049556075430224000e-01 9.067666771541328385e-01 9.106307309543709705e-01 9.090009699669087118e-01 9.105194936069830325e-01 9.081190860889888361e-01 9.010348757487275373e-01 9.093566807370569993e-01 9.101843373555315031e-01 9.085498726693004290e-01 9.072254950852740585e-01 9.069187119694437360e-01 8.969695222970680559e-01 8.975386143888357537e-01 9.082995072953014004e-01 9.110078565082588842e-01 9.050440233662064848e-01 9.075402375751265849e-01 9.070605109052396475e-01 9.085663949391047378e-01 9.091569399345309499e-01 9.065410310565958918e-01 9.108043965631368311e-01 9.077776277093190238e-01 9.089704866882971634e-01 9.097283727458139735e-01 9.082179852793330621e-01 9.083740785944314222e-01 9.081616604269528992e-01 9.121873933942276080e-01 9.086406660838803884e-01 9.082825258392882573e-01
1.037353231118353925e-01 1.859806899266903957e-01 4.174424911837530949e-01 6.541466943551121904e-01 5.436919232438957028e-01 5.948530940269501910e-01 8.041065975649400732e-01 7.930132079362864905e-01 8.557055855064624739e-01 7.807070694063995564e-01 8.821200303819806132e-01 1.000000000000000000e+00 8.317223453217869045e-01 7.686839081262688556e-01 9.263664114284672069e-01 9.129092141716508291e-01 8.730981961933235169e-01 8.303537546871442299e-01 8.515446058339567470e-01 7.135214109050489473e-01 8.231180655571158633e-01 8.883496994799418012e-01 8.527492372399637643e-01 7.877707859827599579e-01 8.588298547518626869e-01 9.175671029323955175e-01 9.078649136859958668e-01 9.097373323655587596e-01 8.687121402978749130e-01 9.028066518642935412e-01 9.285533784948752922e-01 9.316303452671871321e-01 8.652179525043374175e-01 8.961409420699819606e-01 9.033647704539887746e-01 9.108793520868645466e-01 9.308163598644390024e-01 9.180454130830023596e-01 9.349448750318000156e-01 8.973343257325044897e-01 9.334703308251717235e-01 9.361958011145424807e-01 9.253884959643263741e-01 9.409892733324268788e-01 9.391866158130369735e-01 9.354778466088350397e-01 9.360389365534294015e-01 9.343188016029598808e-01 9.407860147945518170e-01 9.206412473376274219e-01 9.387457390267477386e-01 9.168489830913699734e-01 9.359795543443144572e-01 9.374263485970737442e-01 9.351030686011705395e-01 9.398690201171162606e-01 9.286249685159028155e-01 9.363520621802113864e-01 9.349369099862883115e-01 9.349769669568832597e-01 9.455670309998632783e-01 9.398451258660784902e-01 9.326140915793356134e-01 9.430751229879633657e-01 9.351081279605759633e-01 9.396594515060053832e-01 9.402795135003264582e-01 9.421611367778485180e-01 9.472618658768526823e-01 9.327904726308424710e-01 9.475704058906849747e-01 9.442034741183290558e-01 9.317323887220014811e-01 9.389981185561614430e-01 9.475417687469714911e-01 9.445511623992760564e-01 9.436574668922494968e-01 9.399333676698280460e-01 9.430397690941666466e-01 9.382524444995991031e-01 9.461481655290597814e-01 9.461276578636957924e-01 9.430389730493439204e-01 9.391372964793532896e-01 9.392354600997063763e-01 9.396401114783230479e-01 9.450182459769366217e-01 9.454415742710473580e-01 9.445990508626828097e-01 9.447471131885681883e-01 9.416380159389744486e-01 9.441602980653686084e-01 9.457442605777973688e-01 9.424628994318258179e-01 9.383376856491547624e-01 9.394611105870872558e-01 9.342287808868625643e-01 9.309132704702836048e-01 9.400348507192305414e-01 9.451910624055217536e-01 9.433238733446237534e-01 9.419253041129828086e-01 9.422590102274962520e-01 9.420420460882643621e-01 9.436987703538783911e-01 9.392856397849640437e-01 9.435718901187820640e-01 9.394706195368444090e-01 9.423707963788506836e-01 9.416379088711672729e-01 9.426863842782754466e-01 9.402301307565819055e-01 9.412585775927907461e-01 9.451556474095211824e-01 9.409492397320740054e-01 9.415035633817140370e-01
4.834770824779402454e-02 1.593647155006033267e-01 3.315784293978150665e-01 5.396287504608550112e-01 5.007214480506044785e-01 5.301490559008116277e-01 7.152792458774280826e-01 7.046870781371382675e-01 7.955666204998924629e-01 7.224631158781142926e-01 8.016535784919534002e-01 8.317223453217869045e-01 1.000000000000000000e+00 7.095512850727178078e-01 8.485225823650117682e-01 8.368483657504212081e-01 8.029413707031120007e-01 7.400008460660528753e-01 7.495565092793106121e-01 6.341190563760638055e-01 7.296088910876450395e-01 7.978843746265035231e-01 7.459102666565767814e-01 6.908678988550825961e-01 7.625793786475063563e-01 8.136972815636569489e-01 8.228073995123842410e-01 8.150542506332135728e-01 7.685372705522257597e-01 8.113407134662207199e-01 8.368370348198183040e-01 8.345637500398723763e-01 7.599025193501289799e-01 7.917280998535819458e-01 8.182617546277858311e-01 8.204898105812219455e-01 8.391228386612864520e-01 8.121943098041189968e-01 8.382413238676750256e-01 7.806308554463979865e-01 8.543562259289041450e-01 8.480322454861564108e-01 8.301880782515408397e-01 8.616528599215202977e-01 8.519880000940425191e-01 8.416619795613478061e-01 8.684231295295848918e-01 8.685782211719680346e-01 8.626339054564934328e-01 8.196565178161235865e-01 8.436325217034064128e-01 8.279853073000744690e-01 8.572618192505723211e-01 8.705728247461642644e-01 8.620758775214431013e-01 8.463245430899698496e-01 8.553168008440449332e-01 8.635667560473081483e-01 8.561318447816663735e-01 8.716400959487391464e-01 8.666570180044235183e-01 8.687364930572244459e-01 8.571793626531901689e-01 8.655549222178628987e-01 8.669754855827153106e-01 8.720236022338331283e-01 8.660129848829650756e-01 8.635665054887745606e-01 8.614886022233232410e-01 8.490628696831169497e-01 8.674071110114988103e-01 8.666836053809614526e-01 8.477907917773744861e-01 8.569925102034526843e-01 8.658728258286007007e-01 8.645293577682930941e-01 8.581282693522629401e-01 8.518539291339140007e-01 8.552335153549399660e-01 8.630460443621656985e-01 8.654639242544512889e-01 8.665953388365622567e-01 8.488686963089085991e-01 8.577041762146442316e-01 8.483739765502703589e-01 8.546630507340292615e-01 8.645307917635458583e-01 8.554277195543218415e-01 8.662968963582045046e-01 8.609790078117832701e-01 8.476252358815148380e-01 8.655322386706372217e-01 8.660961385911869481e-01 8.643615779405048327e-01 8.684168168584647240e-01 8.683246991422668426e-01 8.387935974178117871e-01 8.473987759963357291e-01 8.654407508940553662e-01 8.599381715507662394e-01 8.585495010065311572e-01 8.612801641116794027e-01 8.674806590746890755e-01 8.685371687724862122e-01 8.635724102150911241e-01 8.616756206062451406e-01 8.639156868344930462e-01 8.679085187776289789e-01 8.659093040329091107e-01 8.682175082352278084e-01 8.616788436059543699e-01 8.710968750629490831e-01 8.659408863809033852e-01 8.667902285447647293e-01 8.707909523782314531e-01 8.698854945621858903e-01
