1.000000000000000000e+00 1.836890213234531333e-01 7.268334925426545023e-02 -1.193551218508828726e-01 1.085787902668285338e-03 3.327534191524761376e-02 1.135069945878538523e-02 1.594417010136214841e-02 1.646860061007932030e-01 1.001990300268930378e-01 -1.128525692013401891e-03 -9.208263054309075157e-02 6.456495299666152599e-02 -4.237013695135578850e-02 6.248860949930635199e-03 8.900159304337939767e-03 1.464660918285621005e-01 1.046230019270406354e-02 6.759573244943946346e-02 -1.252442782734747850e-01 -1.074576535645250519e-01 2.459379909172801967e-03 5.663209906723725567e-02 2.724212920072773686e-02 2.636072420319801254e-02 8.197720501530848802e-02 3.883386960551810096e-02 2.818298526782961333e-02 2.810855384102471655e-02 4.043975646201473928e-02 5.206494346436760928e-02 -4.951372957832559686e-03 -8.666436900808566213e-03 -1.915887981954714214e-02 -9.800425363311673910e-03 -1.504366092651005134e-02 3.103514361779290045e-03 -1.009074074538404350e-02 7.090355368298379216e-03 -6.555072000398305676e-02 1.860180518978559946e-02 -8.420892678491269379e-03 -6.299142482781010244e-02 -6.175358832856837031e-03 -1.092052025532399759e-02 -1.673609744703005644e-04 -8.326271668120098848e-03 1.799509609412018249e-02 -2.539839066034652038e-03 -5.909371836217127555e-02 -2.331661011140747850e-02 -7.476295379763940596e-02 -5.571548678624419632e-02 3.100432919401304929e-02 1.978043858838095595e-02 1.583081749887146200e-02 1.612223561386821880e-03 2.652351153243105025e-02 1.659158868865116127e-02 5.016898773177012882e-02 -7.828839335228205201e-03 3.046294147464451499e-02 -7.770419050175075663e-03 2.493063698425391356e-02 5.557746549623067411e-02 -3.400611550492243368e-04 4.276208715814591027e-02 2.724683969303752507e-02 4.075450413095491400e-03 -4.922737073403729569e-02 -2.205555888883290253e-02 2.877863430786655949e-02 5.068827807382886384e-04 9.279576744075982569e-03 3.530726610090782064e-02 3.074344018540899753e-02 1.239937325470394716e-02 2.656248625766588836e-02 7.086456654988493656e-03 3.021037531844123630e-02 2.428693348158719734e-03 3.072868580461295129e-02 1.287862964847498286e-02 1.622604588157219169e-02 -3.316528073569685597e-02 -5.046699271714227483e-03 1.355673817943415637e-03 3.220703285685742965e-03 1.253264846143649879e-02 2.579344662782733291e-02 -1.352985925898125309e-02 6.536914080131777521e-03 1.078794786392401608e-03 8.320775779558027595e-04 1.038480586647886304e-02 1.564898298343773281e-02 -3.025835239476623931e-02 -1.048806682943852729e-02 -6.851803885310160311e-03 -1.640875019784453215e-02 -1.975804868596483382e-02 6.109974510566820380e-03 -2.491538160442935065e-02 7.708653430468037290e-03 -1.135037205720309389e-02 1.237590627111770196e-02 4.204551289963470717e-03 3.249992562652449790e-02 1.206985946425099231e-02 1.649514454352087392e-02 1.310617780665245848e-02 3.431747323166337016e-02 2.052333552256890500e-02 1.511092985290751062e-02 3.287987305304430202e-02 1.203850446411092005e-02
1.836890213234531333e-01 1.000000000000000000e+00 4.560499535515184083e-02 -1.414191400306567259e-01 1.835267296670750267e-02 9.434612020054973514e-02 1.174022247616193088e-01 4.362946200809372094e-02 1.694005634983800634e-01 2.181424293162665395e-01 6.213582562404383614e-02 -2.911450592202595011e-03 8.731969754970533848e-02 4.676870803388000902e-02 1.092607190154219754e-01 1.213990221964167671e-01 1.427747747007774293e-01 5.646702438965330723e-02 1.188380633004050557e-01 -8.570070920591514596e-02 -8.436057489256652830e-02 5.674949511866085594e-02 1.487463372241174253e-01 9.865946183948300086e-02 1.141777109190422884e-01 1.622660521407145173e-01 1.165231871745665282e-01 1.518311670311456862e-01 1.437318648420076173e-01 1.672757792500350893e-01 1.589629434255067364e-01 1.081550845123520205e-01 1.233244860451871705e-01 7.890407032327503845e-02 1.160940873395093498e-01 8.616476702081717065e-02 1.167897335472919546e-01 1.206828799250842660e-01 1.327285703917854276e-01 7.231583176471025054e-02 1.221575541056401093e-01 1.255979580901291637e-01 7.775471675102854641e-02 1.021976089705441543e-01 1.024180001528168238e-01 1.278777613374419697e-01 1.215040239287291240e-01 1.398556475894175422e-01 1.085608179168267295e-01 4.194568572027789627e-02 8.795635660613722318e-02 2.445360487533108571e-02 4.852048429992405348e-02 1.399260479326344675e-01 1.399652822494982241e-01 1.434945390334849413e-01 9.686236445996908306e-02 1.316759443982544742e-01 1.206711664561486846e-01 1.364237026748965353e-01 1.066767150145133680e-01 1.304924349755192670e-01 1.052888838032566832e-01 1.198744899505796851e-01 1.237459705461760873e-01 9.719852785930688244e-02 1.399155463243344499e-01 1.333724482699533420e-01 1.248898379396748137e-01 4.922591842712901317e-02 8.063003090291369357e-02 1.339650015491650747e-01 1.101705527434866938e-01 1.246695786494614322e-01 1.444870372193582386e-01 1.423323302595106143e-01 1.338170715330592175e-01 1.391442586523467806e-01 1.370160096882024059e-01 1.516910387073809874e-01 1.265572301592353122e-01 1.472712299064166119e-01 1.225403396853100707e-01 1.291941073089027947e-01 8.984183432185439966e-02 1.170630163407333640e-01 1.195531016506569677e-01 1.251764671872896695e-01 1.395250924251736357e-01 1.443117268918792107e-01 1.100270844190744252e-01 1.305795828105371370e-01 1.210731907729436785e-01 1.272834212085654504e-01 1.296385608526082200e-01 1.363616409604772595e-01 7.177408009801293509e-02 8.367143869704644910e-02 1.081321864618158685e-01 1.043103049109213726e-01 1.082076821848837189e-01 1.127846316857623182e-01 8.448023776334297186e-02 1.186084756506304849e-01 9.722227430243549073e-02 1.093743983620979882e-01 1.115399163467508392e-01 1.488994944064288284e-01 1.343889858729018505e-01 1.292275431801173380e-01 1.284003708106975783e-01 1.345039529752359020e-01 1.306791861667941645e-01 1.216492590881800562e-01 1.228839348731347314e-01 1.157637769135230615e-01
7.268334925426545023e-02 4.560499535515184083e-02 1.000000000000000000e+00 2.646426711070459237e-01 9.796469430809827406e-02 1.804754283193052700e-01 2.536500699553562166e-01 2.207941516288618178e-01 2.818181375879431072e-01 2.046923547163070622e-01 3.080028291305061949e-01 2.902020667901335504e-01 2.300444762789713160e-01 1.635684860807015695e-01 2.509469731366858469e-01 2.613730845638856937e-01 2.864971772921870441e-01 2.977813188732708061e-01 2.948761471316291849e-01 2.627173728395079677e-01 3.086572970878284639e-01 3.386930775926469961e-01 2.534605912343684819e-01 2.668626832251524417e-01 2.954227151363401083e-01 2.990455242942785530e-01 3.011951940081883383e-01 2.747678417679629836e-01 2.493986711549068813e-01 2.707671484993502964e-01 2.712156553623711885e-01 2.940466395304910385e-01 2.649043917396989301e-01 2.824119760736260587e-01 2.683194950752874619e-01 2.926327070721062018e-01 2.766144848706746373e-01 2.594609281619070229e-01 2.719536253836896122e-01 3.014255235027453739e-01 2.869957758754409505e-01 2.611479791329635591e-01 2.945698422382793114e-01 3.043014865423334103e-01 3.022669799158057002e-01 2.694852384316629434e-01 2.694388915193641765e-01 2.681482536873425748e-01 2.816502589937610601e-01 2.819063253835293881e-01 2.853181089451561347e-01 3.038614117617247645e-01 2.937827133007631097e-01 2.723647216235505764e-01 2.676870829385071815e-01 2.826888621183509254e-01 2.879150103724199550e-01 2.582709315303237663e-01 2.736475515129375147e-01 2.769343901318069845e-01 2.849566036176678363e-01 2.830290037730496810e-01 2.762546009814969561e-01 2.723200744019574349e-01 2.942203322180035330e-01 2.838150198695191251e-01 2.780859388455596548e-01 2.920422053266579221e-01 2.809890307970916989e-01 2.933936081226192205e-01 3.026723187419530503e-01 3.007256771907931836e-01 2.855969700833149716e-01 2.829635140091735779e-01 2.799427628270368951e-01 2.814889460831112022e-01 2.837505258208717351e-01 2.717451955874827796e-01 2.729706346202377398e-01 2.670952290344176250e-01 2.802033066078085111e-01 2.698856335871891443e-01 2.898805136853441211e-01 2.730202311125872194e-01 2.814429948521284253e-01 2.797326720457897764e-01 2.803816785301220804e-01 2.760552811686659003e-01 2.677954357113679351e-01 2.863467302893086264e-01 2.840567735025874008e-01 2.691696730791974801e-01 2.797231106312758064e-01 2.736012136438214504e-01 2.672949982402123004e-01 2.668250105581371767e-01 2.958431466300593393e-01 2.812833918080016593e-01 2.782877843729463230e-01 2.841336595078522986e-01 2.802475312646768302e-01 2.779120792772342696e-01 2.887863973352986502e-01 2.766401319416201265e-01 2.892092264101145949e-01 2.825001910200329314e-01 2.794441968706835033e-01 2.617038783984743655e-01 2.729249536056773118e-01 2.682329900799480527e-01 2.685425499001492522e-01 2.707048929666952541e-01 2.721878764821312746e-01 2.684128718530381930e-01 2.776453807055990763e-01 2.735045424249903934e-01
-1.193551218508828726e-01 -1.414191400306567259e-01 2.646426711070459237e-01 1.000000000000000000e+00 2.102204094299754411e-01 1.875536163262577771e-01 3.643676635839295797e-01 4.128458815005970339e-01 2.611234635575404583e-01 2.013438607494833776e-01 4.205207889951858014e-01 5.798833989404966749e-01 3.743793226767910820e-01 3.034375441669964202e-01 4.093385337058752516e-01 4.110132074066443764e-01 3.021362244823593834e-01 2.820821266747334799e-01 2.297691831374833182e-01 6.009906941306034645e-01 5.376575842820899842e-01 3.964351630517106151e-01 2.083576283554799680e-01 2.343008415389464250e-01 2.755708883878352777e-01 3.294323870320763903e-01 3.350448480931491058e-01 3.024794511544927622e-01 2.837453435345352881e-01 2.698111541402186120e-01 3.258134834549819003e-01 3.699647451211041105e-01 3.273866543229974613e-01 3.854523684607750744e-01 3.521662517023408379e-01 4.379407042322052690e-01 3.526053404279453907e-01 3.851923405289421343e-01 3.799425270076179362e-01 4.456470872313637588e-01 3.924681724937716387e-01 3.745477959429852621e-01 4.698584404391033531e-01 4.430722822486970469e-01 4.420384654171068961e-01 3.916830967772749750e-01 4.222114165994454993e-01 3.871542817932574487e-01 4.287724048519448439e-01 4.909870019490779058e-01 4.494153138227840460e-01 5.341729843398845823e-01 5.141863943145726923e-01 3.846773712331604811e-01 3.672271263407478337e-01 3.574836710938203987e-01 4.617015856831209186e-01 3.926466610633372878e-01 4.181756639165299938e-01 4.071443732894278744e-01 4.543582002819917531e-01 4.242588706231746887e-01 4.392477804953083265e-01 4.349085254593448302e-01 4.053759164811089333e-01 4.613729247142988044e-01 3.878806505025317319e-01 3.716531620658887203e-01 3.877777334805511678e-01 5.302038264748790697e-01 4.545179447841522502e-01 3.799710484896778873e-01 3.906392352409027158e-01 3.686381965548798934e-01 3.771861716799430608e-01 3.768786361549508745e-01 3.943032102094356506e-01 3.755701988314030793e-01 3.812236806219498342e-01 3.578758373941083870e-01 3.884469405795809016e-01 3.755891262268803432e-01 4.144120124209548228e-01 3.815565243360989900e-01 4.469227049023049569e-01 3.994371807858197454e-01 4.087561574465735093e-01 4.073050270026195574e-01 3.841999732302050496e-01 3.842914761570570548e-01 4.299639208722784156e-01 4.000083395962851229e-01 4.113371407601872365e-01 4.021407431525007015e-01 4.071002797484006286e-01 3.998014638379465691e-01 4.873388811000887721e-01 4.750136878968749254e-01 4.430146286281883561e-01 4.415396921514266326e-01 4.412122403952528638e-01 4.333891757854446691e-01 4.762703377726439924e-01 4.215913869525690916e-01 4.519310488549134197e-01 4.465735498661015379e-01 4.355889486172975222e-01 3.769628249787239094e-01 3.966447116636808712e-01 4.085557171528099718e-01 4.021699519116030408e-01 4.035417402182785440e-01 4.165440002499340988e-01 4.205000805519446549e-01 4.172855643832620864e-01 4.353473272979936914e-01
1.085787902668285338e-03 1.835267296670750267e-02 9.796469430809827406e-02 2.102204094299754411e-01 1.000000000000000000e+00 1.679961290138509145e-01 3.467606660979917210e-01 3.522735648490841753e-01 3.014645088679474561e-01 2.764581035328768643e-01 3.294180398788215114e-01 3.757975629618682256e-01 3.782209916084660617e-01 2.738459336334190253e-01 3.781941708065078567e-01 3.813800069588398345e-01 3.264044148280668134e-01 2.939810493331914132e-01 2.901193271978673160e-01 3.485320532718686470e-01 3.490492451209920577e-01 3.588644181592610671e-01 3.069706952310273795e-01 2.814872225238300163e-01 3.259172560087933435e-01 3.587993939012471545e-01 3.525456889127566718e-01 3.259192322203241510e-01 3.237926220553894452e-01 3.406203522356606728e-01 3.619032335946147927e-01 3.764426890663873371e-01 3.412880331435921288e-01 3.648084905561423397e-01 3.578309980732840567e-01 3.734525046680605143e-01 3.694430541383167954e-01 3.649101352609365190e-01 3.761552355683993598e-01 3.704493166586579900e-01 3.750619817752711693e-01 3.686069058355879724e-01 3.875252211459491725e-01 3.933750283137525394e-01 3.852149268628516920e-01 3.861254317650359424e-01 3.894689283328092166e-01 3.781948979449057391e-01 3.973961356832063085e-01 3.814612545980684555e-01 3.870609823099537272e-01 3.908144302299268458e-01 3.981695013003031525e-01 3.827869746373507298e-01 3.789776641573517346e-01 3.762845168505518090e-01 4.042231012671463342e-01 3.804772820177637627e-01 3.790390767051783349e-01 3.923985341817194383e-01 3.994907026861028720e-01 3.839628906479130577e-01 3.921864251954430003e-01 3.905927292363102765e-01 3.858148956724649081e-01 4.040627800007947634e-01 3.854817292711156251e-01 3.744036091209470007e-01 3.818366749030143170e-01 4.087990056181457499e-01 3.893568393713039977e-01 3.799582268079626513e-01 3.772460087167684439e-01 3.721778812434893835e-01 3.802869535386277922e-01 3.761195236069755921e-01 3.772685879365111350e-01 3.684636948879878582e-01 3.798571692975734604e-01 3.732655922561384787e-01 3.802515419458352142e-01 3.762438421828382951e-01 3.915213181431138056e-01 3.801019291669406330e-01 3.899914034809233709e-01 3.807089219305703764e-01 3.805798559260386571e-01 3.801853266448679824e-01 3.757590200515971701e-01 3.832306594490934026e-01 3.840045222918307410e-01 3.815270160745827810e-01 3.879076405893543411e-01 3.780262118164153251e-01 3.858117564804963706e-01 3.827398162680255567e-01 4.004423170047194946e-01 4.065134790222920680e-01 3.949245229310716088e-01 3.924409402001217129e-01 3.913969614173838374e-01 3.907529265199116697e-01 4.013416374180969748e-01 3.929299628866586569e-01 3.982727706091764297e-01 4.059891735149210312e-01 4.004005921460289663e-01 3.777192812366214625e-01 3.902151695268415432e-01 3.876551004747270657e-01 3.854605437517062971e-01 3.901367432973076310e-01 3.870162591576990496e-01 3.891860220042981378e-01 3.883070889852359153e-01 3.971718019646736098e-01
3.327534191524761376e-02 9.434612020054973514e-02 1.804754283193052700e-01 1.875536163262577771e-01 1.679961290138509145e-01 1.000000000000000000e+00 3.767992154500919288e-01 2.764707079321756522e-01 3.620487047517056411e-01 3.267904017815910778e-01 3.659806634802582059e-01 3.646899649373141483e-01 3.486637209074285315e-01 2.784834929180292074e-01 4.167704581548773990e-01 4.118385144972828704e-01 3.926074191238121402e-01 3.032442078929490914e-01 3.396828860222919078e-01 2.807636552549704900e-01 2.938496327467649549e-01 3.666727181955559134e-01 3.230737268332191658e-01 3.077237216107447937e-01 3.653793368832249921e-01 4.256729689135512751e-01 4.004842032790119077e-01 4.010992613479145152e-01 3.827708755672891150e-01 3.866691806890329985e-01 4.197173002379680495e-01 3.984794420050245534e-01 3.898979797617843635e-01 3.995805669785833514e-01 3.812722904229099430e-01 4.218683999823163444e-01 3.970264014264315855e-01 4.302146675203275539e-01 4.265738022859513201e-01 4.165007155936769623e-01 4.342263399009734792e-01 4.399428644953579659e-01 4.217024996423990313e-01 4.354316019570153018e-01 4.226755837088911893e-01 4.320448915655048516e-01 4.308838326728294255e-01 4.388528542264956145e-01 4.298703109763918895e-01 4.161639675607705646e-01 4.302340766086313883e-01 4.123674831643730498e-01 4.200755347995129840e-01 4.316679678392523201e-01 4.235010964351406115e-01 4.346433203902925202e-01 4.146782658612745420e-01 4.359291246372863915e-01 4.346176696123654204e-01 4.340235016458927064e-01 4.311105965774186810e-01 4.347533597190644805e-01 4.213433833414647056e-01 4.281113851144777716e-01 4.356236960362458444e-01 4.218488413154264371e-01 4.447538751056330231e-01 4.373646339093024693e-01 4.233845188882527921e-01 4.180763036266543775e-01 4.231053190842309353e-01 4.374206708805888910e-01 4.137275366162235790e-01 4.185652305105109772e-01 4.455790252025167986e-01 4.384772516576534440e-01 4.398391885023721914e-01 4.320286037273706192e-01 4.358684272009729077e-01 4.332545958994487023e-01 4.252336549225945728e-01 4.380312930803542670e-01 4.364820468601086634e-01 4.314886034364086576e-01 4.355475772242118904e-01 4.326004932798647729e-01 4.366071279629161195e-01 4.445369979497221791e-01 4.415683760638240973e-01 4.435083140658276357e-01 4.426650766719222307e-01 4.443228622478086476e-01 4.391146284181730586e-01 4.438354198150523677e-01 4.384181212085847545e-01 4.365498482645256972e-01 4.345415219067093604e-01 4.281027848019712811e-01 4.350365088242992839e-01 4.406686986855223309e-01 4.399267252931652328e-01 4.366212168820323702e-01 4.301149279127076119e-01 4.425623387443787804e-01 4.345887952697511381e-01 4.280662768113103200e-01 4.334182889046934717e-01 4.398449216181269938e-01 4.398831928979906047e-01 4.393084947037819155e-01 4.409026337409728269e-01 4.381298582933900732e-01 4.373066239434279523e-01 4.379441654976203302e-01 4.333320253407094702e-01 4.308651019077302524e-01
1.135069945878538523e-02 1.174022247616193088e-01 2.536500699553562166e-01 3.643676635839295797e-01 3.467606660979917210e-01 3.767992154500919288e-01 1.000000000000000000e+00 5.700181261524602805e-01 5.968899900457722563e-01 5.415659440391478174e-01 6.142594914785761695e-01 6.719999223986179437e-01 6.166240726880145573e-01 4.846440962598233537e-01 7.337297522341491574e-01 7.079606718881682470e-01 6.035809476653050121e-01 5.289927900082648238e-01 5.330221240930113069e-01 5.496059048956837279e-01 5.477572258873025790e-01 6.004141350444943681e-01 5.680796649723063307e-01 5.296552766748722219e-01 6.024037523973788666e-01 6.929449649870870198e-01 6.689912705979719210e-01 6.638346410025716127e-01 6.280456883552769654e-01 6.430349095359081391e-01 6.959604039643561002e-01 6.985972472847985504e-01 6.796378793468530466e-01 6.923943225746753694e-01 6.792811961895635076e-01 7.112005225438463585e-01 6.892668624051438986e-01 7.271639453035294576e-01 7.255597179018979936e-01 7.093564978281863276e-01 7.219723880818295081e-01 7.237319243797928348e-01 7.361949627529006390e-01 7.378305184672141470e-01 7.264491129278635162e-01 7.247140007580056276e-01 7.309949418377744701e-01 7.267658992391823336e-01 7.326807466446830786e-01 7.172181070450961426e-01 7.390113836302487638e-01 6.978640656873413839e-01 7.031410309388530511e-01 7.256189512158810473e-01 7.211814190443498473e-01 7.283399735790250240e-01 7.174963080977996288e-01 7.317562665200203487e-01 7.353487179972389987e-01 7.336116600830895340e-01 7.368662959811830282e-01 7.378545503567520703e-01 7.262154012962711569e-01 7.336179679974218493e-01 7.162185394643435510e-01 7.267344796325215794e-01 7.323438361107118544e-01 7.215446671850459515e-01 7.270683956297261386e-01 7.382533193353558731e-01 7.226931655535377974e-01 7.259457283727759336e-01 7.121601798654871862e-01 7.095102715426219175e-01 7.316449621232135048e-01 7.249552007950134103e-01 7.299159343816492562e-01 7.153580172855931174e-01 7.261144331890934112e-01 7.203029225353163589e-01 7.237119230068655984e-01 7.288904542098263439e-01 7.385997209952529508e-01 7.271542287555351480e-01 7.379128174864673095e-01 7.327217531564788056e-01 7.331201652868309937e-01 7.420578598341461829e-01 7.383342496726562620e-01 7.367471587710923142e-01 7.422666416754397645e-01 7.392930045203705003e-01 7.407154497847157071e-01 7.392897179384724238e-01 7.340602916093389441e-01 7.349785277266829286e-01 7.382529283728833658e-01 7.313520044249774976e-01 7.376678901117921239e-01 7.424818566367256123e-01 7.449815958028107588e-01 7.386441844532906087e-01 7.342917037998198948e-01 7.408402919633880757e-01 7.393734566359114746e-01 7.304139447341824187e-01 7.364709139062116661e-01 7.300772653662420675e-01 7.338608358460071424e-01 7.361005029281321166e-01 7.359786753394287340e-01 7.346720596580199603e-01 7.371148148229853536e-01 7.344357746202049286e-01 7.322324478232697942e-01 7.311137673120160496e-01
1.594417010136214841e-02 4.362946200809372094e-02 2.207941516288618178e-01 4.128458815005970339e-01 3.522735648490841753e-01 2.764707079321756522e-01 5.700181261524602805e-01 1.000000000000000000e+00 5.427663246848852818e-01 5.010154916109526013e-01 5.831368234050325894e-01 6.496744508344576285e-01 5.978749228326436516e-01 4.673968983604175897e-01 6.775675146685449235e-01 6.926168133624106549e-01 5.652198106472743344e-01 4.769110599607062073e-01 4.937681395448231259e-01 5.469055589993117028e-01 5.670105841804686797e-01 5.743297994580348620e-01 5.119847998857695037e-01 4.832244850391019253e-01 5.524870935649310866e-01 6.256996606931004568e-01 6.026898399718136901e-01 6.159251589770816659e-01 5.947567392132006026e-01 5.911186943429536100e-01 6.407290717644564815e-01 6.480181424703330695e-01 6.295449732561777534e-01 6.455353319576243587e-01 6.334000636567119757e-01 6.837993133168612792e-01 6.417457151350131062e-01 6.834734913862335892e-01 6.847397148375374831e-01 6.671501076976837918e-01 6.761925951075158370e-01 6.734154202444935233e-01 6.932769997485238589e-01 6.980152085610912271e-01 6.934325236049503349e-01 6.865438883197008124e-01 6.901654619903749843e-01 6.764373483475261128e-01 6.931480147271732450e-01 6.996627148067940949e-01 7.013866705151928782e-01 6.824625475952968978e-01 6.895006303682726934e-01 6.824229901589269343e-01 6.712554281535508816e-01 6.711082511839191467e-01 6.912395199746054208e-01 6.872498729914119364e-01 6.942868393194673304e-01 6.837568320944987788e-01 7.012774834145540925e-01 6.947238733550470391e-01 6.944260167039857379e-01 6.970495774932190525e-01 6.767446619844538214e-01 6.912929245297263492e-01 6.824740233604392747e-01 6.620673200654567658e-01 6.694325435867006791e-01 7.069486590109099744e-01 6.824459851946454991e-01 6.734616089422366114e-01 6.592090664999171734e-01 6.560803696640512550e-01 6.767451861996164331e-01 6.701059633011746675e-01 6.799487146405107652e-01 6.702565734946484000e-01 6.751022459204444326e-01 6.652191281580583926e-01 6.744720243592888798e-01 6.738591881836676345e-01 6.915676302019631017e-01 6.800187570881117693e-01 7.010058946050092832e-01 6.802551618330389127e-01 6.875629369283232650e-01 6.946640873293893348e-01 6.830328465945327832e-01 6.829233115212218763e-01 6.946945204845934585e-01 6.876737427437364936e-01 6.904739179977901209e-01 6.879130738897363262e-01 6.881217026238494183e-01 6.871994860715624487e-01 7.154685142723694602e-01 7.083126090730693658e-01 7.018000776614913283e-01 7.023689071485984536e-01 7.021201132238152898e-01 7.012644803036831576e-01 6.960682912425918412e-01 6.991570468556306261e-01 6.984035920361080230e-01 6.993704266769239508e-01 6.976339869763931167e-01 6.765436740685862871e-01 6.865506039840796326e-01 6.908985617824828784e-01 6.894090143010228600e-01 6.869803963995946283e-01 6.944985368292593275e-01 6.940836082706521859e-01 6.864117787869519205e-01 6.911617158688040385e-01
1.646860061007932030e-01 1.694005634983800634e-01 2.818181375879431072e-01 2.611234635575404583e-01 3.014645088679474561e-01 3.620487047517056411e-01 5.968899900457722563e-01 5.427663246848852818e-01 1.000000000000000000e+00 6.643418616010224875e-01 6.609552817632874389e-01 6.149857211043724403e-01 6.534617768790064174e-01 4.988282008375125587e-01 7.277476117220331719e-01 7.260908629789811775e-01 7.493258532011182194e-01 6.001173180896984816e-01 6.388299638536645286e-01 4.442030276423067914e-01 5.022027700525456551e-01 6.419496002315493444e-01 6.856246596778043934e-01 6.099310105046514829e-01 6.782665545281062469e-01 7.865472714998118509e-01 7.464433667154795060e-01 7.402522942335468814e-01 7.269171168709167574e-01 7.661578908002176780e-01 7.941226956183840002e-01 7.537812060244092338e-01 7.320374972010542658e-01 7.272962943465013375e-01 7.412796076662793165e-01 7.347458986224338906e-01 7.709368038757171693e-01 7.685497706045860689e-01 7.838535453297055255e-01 7.069590661715609015e-01 7.812762152027166174e-01 7.585972526458581999e-01 7.305213370503503834e-01 7.756335324703458323e-01 7.692903052096392580e-01 7.796737933507861262e-01 7.842330173667990678e-01 7.971009591909103964e-01 7.844176838814453934e-01 7.215890002216189814e-01 7.679853323351529815e-01 6.978263838002476405e-01 7.268420076396900908e-01 8.038502548582571183e-01 7.932839764387664694e-01 7.938474155104878749e-01 7.709732984636322728e-01 7.873207341318758656e-01 7.894683202868398864e-01 8.041049511961726459e-01 7.823244266795649215e-01 7.933712468131287610e-01 7.751271308135136984e-01 7.945007929686521697e-01 8.058937988111286588e-01 7.747913747678453200e-01 8.070300153525338249e-01 7.901101207168214069e-01 7.892370716604630854e-01 7.319137289989381401e-01 7.603577103288829964e-01 8.002737974721554348e-01 7.654271938663317343e-01 7.797806266409875731e-01 8.054620210010059456e-01 8.009593648440839209e-01 7.922235588742541079e-01 7.870059291415817393e-01 7.918880903988315678e-01 8.036461864392708820e-01 7.928207303215798474e-01 7.996670596417637666e-01 7.943427971982579550e-01 7.977075503936111867e-01 7.649971903481226354e-01 7.829835131658277048e-01 7.873275163801991550e-01 7.881220467597060964e-01 7.975020031715197577e-01 8.025290308964694308e-01 7.777072353935065019e-01 7.867425393730738126e-01 7.890294268420979806e-01 7.892127811571790774e-01 7.920804932185759872e-01 7.951220405687208226e-01 7.535212306536038795e-01 7.698982154146093437e-01 7.843927212425149120e-01 7.790799053255945683e-01 7.762111524860388911e-01 7.898254020170197842e-01 7.641221676650544747e-01 7.904529764580235929e-01 7.810882003223218462e-01 7.862512569058538459e-01 7.886333680892824161e-01 8.033994473803163228e-01 7.971488980711530781e-01 7.948787849486970147e-01 7.915049357196528579e-01 8.025805255129605520e-01 7.963808984871264540e-01 7.931793466590711938e-01 8.002863788119453092e-01 7.878361988071924671e-01
1.001990300268930378e-01 2.181424293162665395e-01 2.046923547163070622e-01 2.013438607494833776e-01 2.764581035328768643e-01 3.267904017815910778e-01 5.415659440391478174e-01 5.010154916109526013e-01 6.643418616010224875e-01 1.000000000000000000e+00 5.814062012170155835e-01 5.661092430953711396e-01 6.026877775005039517e-01 4.985206074968259182e-01 6.994610711300087713e-01 6.798145328354139316e-01 6.196728253542772569e-01 4.990715909659478866e-01 5.478500653971000167e-01 3.509905970310887025e-01 3.984275611917859061e-01 5.372568475475868466e-01 6.145117460388908048e-01 5.313259826352776383e-01 6.103287953194287407e-01 7.108482642824155429e-01 6.716514516965921278e-01 6.895712294988568525e-01 6.739089167977598827e-01 7.059375647564941625e-01 7.415287760533622041e-01 6.876180874801602894e-01 6.751762499857033584e-01 6.714839822503646527e-01 6.757914108973623879e-01 6.828401637705873162e-01 7.013135229255774705e-01 7.323508850147654181e-01 7.430616301913502975e-01 6.647552845992374948e-01 7.446650812775762462e-01 7.388682342272121506e-01 6.916068182778006834e-01 7.216050248069819650e-01 7.151691286941384007e-01 7.401844559499498599e-01 7.513458612024743744e-01 7.687457627146606631e-01 7.379253024166601005e-01 6.654533640814810358e-01 7.157578297831277414e-01 6.401000466551215462e-01 6.697352402965658369e-01 7.616598976829322964e-01 7.572474149699566226e-01 7.561491839752934041e-01 7.070270845386085190e-01 7.586077889152897935e-01 7.465315210934407864e-01 7.503782673649042056e-01 7.345075384165261623e-01 7.468788448098770960e-01 7.324800210643547249e-01 7.396474109299863153e-01 7.346057750199878056e-01 7.175496885279977199e-01 7.662858222718352819e-01 7.455831552817400176e-01 7.416369653307459675e-01 6.757164511250896011e-01 7.036666651123747451e-01 7.490930592046790570e-01 7.178140743533416579e-01 7.367832803417656562e-01 7.645523535938444359e-01 7.538531191978848911e-01 7.481607483757031218e-01 7.456754347796359372e-01 7.493878598907250943e-01 7.673301514588395378e-01 7.461737459630103375e-01 7.677943241708068411e-01 7.464760330770221497e-01 7.504884416099832922e-01 7.276502574311056737e-01 7.452474470015799657e-01 7.504039493495427982e-01 7.546202538708856045e-01 7.662546799306071410e-01 7.627200717046385137e-01 7.412789758478085522e-01 7.589973234375979594e-01 7.521479912704789328e-01 7.592507394894496553e-01 7.609119180990242537e-01 7.669862339329693857e-01 7.077838178452681150e-01 7.189611950334051649e-01 7.437620876821026128e-01 7.414763426595289975e-01 7.451879986799520017e-01 7.490110108001665212e-01 7.175582943340221842e-01 7.534646939067290994e-01 7.347350553835975129e-01 7.342085851112977180e-01 7.470351707945459552e-01 7.718447181131756762e-01 7.637100024856952052e-01 7.601069096300134831e-01 7.608363752552447234e-01 7.598782758878065424e-01 7.591852658080640026e-01 7.536833917377582237e-01 7.501364683141871215e-01 7.433531013839319579e-01
-1.128525692013401891e-03 6.213582562404383614e-02 3.080028291305061949e-01 4.205207889951858014e-01 3.294180398788215114e-01 3.659806634802582059e-01 6.142594914785761695e-01 5.831368234050325894e-01 6.609552817632874389e-01 5.814062012170155835e-01 1.000000000000000000e+00 7.532561101270551784e-01 6.452247756522071498e-01 5.147490277891176857e-01 7.455151661658305784e-01 7.284707135420347424e-01 6.699235849443575530e-01 6.375039680200170755e-01 6.405690126473332358e-01 5.907155167422251107e-01 6.620944486469274581e-01 7.308854540793944254e-01 6.708347610437516151e-01 6.325808691807182083e-01 7.151237134744703461e-01 7.708382414276443440e-01 7.606366341224172212e-01 7.588714219953405227e-01 7.454557698630598361e-01 7.609848822585060235e-01 7.965954435214007701e-01 7.820882561800380772e-01 7.514618424392673912e-01 7.637640932192282239e-01 7.629243947824067007e-01 7.910539636408131514e-01 7.986036204529722848e-01 7.825640615122957389e-01 7.892143725257885212e-01 7.827198528395763466e-01 7.974368215614717759e-01 7.755922509444898028e-01 7.985542388007812464e-01 8.128183113647624580e-01 8.109496598509500220e-01 7.957398484495973312e-01 7.952082767265615804e-01 7.897006145792404563e-01 7.989348671580464023e-01 7.856963142872853689e-01 8.043525410179910295e-01 7.863835206166683855e-01 7.912166997810171631e-01 7.862606508457747889e-01 7.807811795071236682e-01 7.899375097519208966e-01 7.880974280249589681e-01 7.769531789614956274e-01 7.866725888389412003e-01 7.859130204871540570e-01 8.007091076368861859e-01 7.855417247796622204e-01 7.836714779072841974e-01 7.936024916020056885e-01 7.931676366055036009e-01 7.948997005703095642e-01 7.926589195581135172e-01 7.942726608557442169e-01 7.996769607528244617e-01 8.049949726041639719e-01 8.122468275924559222e-01 8.065778049859947396e-01 7.876307328718403777e-01 7.954604937025971934e-01 7.998155720654229750e-01 8.015180529183343339e-01 8.101373453748079712e-01 8.015884812637914525e-01 8.080735330337314171e-01 7.956684222474617041e-01 8.086738931614506631e-01 7.953445862435923885e-01 8.109952428133393454e-01 8.049404850365931008e-01 8.067531741878664064e-01 7.972113867435652867e-01 8.059127134633280454e-01 8.017478961439756802e-01 7.976793710797065451e-01 8.017979413794584787e-01 8.107126468345513537e-01 7.949199871598930933e-01 8.091281360399942280e-01 8.037470472722006987e-01 7.952985489987172141e-01 7.928245903455990451e-01 8.084825574103341461e-01 8.018409384252681571e-01 8.027552290468562557e-01 8.087956764800191545e-01 8.053263837961766036e-01 8.029227354891831370e-01 8.041777424791121121e-01 7.999239119880909854e-01 8.117068111389603713e-01 8.007394520536421645e-01 8.025418541936749639e-01 7.856020033794907098e-01 7.984213685615276779e-01 7.912791899406474982e-01 7.960511152664614398e-01 7.932197038898645136e-01 7.937644039667174356e-01 7.949989530102464785e-01 7.998652899548414075e-01 7.987508490314394471e-01
-9.208263054309075157e-02 -2.911450592202595011e-03 2.902020667901335504e-01 5.798833989404966749e-01 3.757975629618682256e-01 3.646899649373141483e-01 6.719999223986179437e-01 6.496744508344576285e-01 6.149857211043724403e-01 5.661092430953711396e-01 7.532561101270551784e-01 1.000000000000000000e+00 6.975380821096830442e-01 5.655887196494193692e-01 7.994515458545559117e-01 7.831051790843343019e-01 6.476381675751274880e-01 5.937138517599874765e-01 5.788202421030834710e-01 7.272130610570497478e-01 7.355443296521840812e-01 7.143816044033265422e-01 6.193851545333036723e-01 5.876811614353766311e-01 6.716386377976617528e-01 7.517156671000994050e-01 7.450940742545708595e-01 7.396932069997466108e-01 7.174468684098254112e-01 7.198828638223737642e-01 7.794321155655444811e-01 7.928805353450419924e-01 7.543555565716862921e-01 7.859118895299632701e-01 7.740865880887779493e-01 8.235942060639462881e-01 7.866138993651679012e-01 8.071530750300579538e-01 8.123541060223273824e-01 8.247771528622195314e-01 8.180657784319473880e-01 8.008978326197871977e-01 8.535932298513859706e-01 8.456670426478488656e-01 8.412475662245786356e-01 8.163214900316829725e-01 8.359351483698733709e-01 8.210618283759036906e-01 8.435887486483647502e-01 8.538517513844664508e-01 8.504422095231376488e-01 8.679525979516956591e-01 8.655345204637084899e-01 8.166930025447698416e-01 8.003868754678910014e-01 8.021138043383949645e-01 8.419345878930057925e-01 8.148392160477273549e-01 8.271647285255900872e-01 8.189690166269166793e-01 8.531188054027872836e-01 8.239386458631230425e-01 8.363141950909959155e-01 8.382892883981886145e-01 8.176888960811983242e-01 8.544031349601409753e-01 8.178708472824919307e-01 8.030097310414143763e-01 8.206286182584106026e-01 8.842059783959623775e-01 8.488321222940421462e-01 8.175086579011652255e-01 8.080793681679031559e-01 8.031700479560479611e-01 8.154717008561366276e-01 8.134505776785020403e-01 8.258898608110453177e-01 8.148176494547787474e-01 8.233859486736838651e-01 8.079836394922478293e-01 8.271227818653078545e-01 8.159638974965570668e-01 8.391101915031879965e-01 8.210695199079056650e-01 8.551887906986244126e-01 8.279410468214050134e-01 8.374824307631161258e-01 8.323027387550747669e-01 8.227732365258192404e-01 8.202253508305544782e-01 8.448657989427887927e-01 8.299027741909817957e-01 8.399700612887768258e-01 8.334949314422440692e-01 8.331951250649263230e-01 8.287428557473726087e-01 8.683223491359119972e-01 8.628991634792004817e-01 8.536879427298151857e-01 8.532957945659207510e-01 8.535689746657697530e-01 8.445846373861758405e-01 8.658509531760233413e-01 8.394942031424049711e-01 8.583392020351566787e-01 8.483488729565991093e-01 8.477749258780871155e-01 8.130330483567063116e-01 8.289957217225354391e-01 8.311023168839711817e-01 8.276807428183929893e-01 8.285241111663412816e-01 8.314647264706671592e-01 8.373233273635811713e-01 8.339895407743422862e-01 8.458850762901746201e-01
6.456495299666152599e-02 8.731969754970533848e-02 2.300444762789713160e-01 3.743793226767910820e-01 3.782209916084660617e-01 3.486637209074285315e-01 6.166240726880145573e-01 5.978749228326436516e-01 6.534617768790064174e-01 6.026877775005039517e-01 6.452247756522071498e-01 6.975380821096830442e-01 1.000000000000000000e+00 5.398945299750774751e-01 7.496436180994370257e-01 7.536420432349575371e-01 6.643180099774002034e-01 5.667250482002577083e-01 5.752238610306837918e-01 5.432381446782530432e-01 5.706152342313942638e-01 6.298242196146668359e-01 6.413018292129305520e-01 5.868667449525925006e-01 6.460984200420356593e-01 7.414019978576131820e-01 7.051518524630804308e-01 7.046010855325576250e-01 6.911672658955136939e-01 7.191392060230559213e-01 7.647597007781365974e-01 7.510985332766543232e-01 7.034527206817487999e-01 7.341292653085916831e-01 7.296630479229840871e-01 7.503875267212259947e-01 7.539767396703465074e-01 7.622786213678737210e-01 7.773567773582500395e-01 7.235975320822825019e-01 7.755372585286651743e-01 7.590383613497343473e-01 7.601727949757991487e-01 7.835146417489563531e-01 7.724967184999274039e-01 7.816579599468205242e-01 7.899208986381809350e-01 7.869894334476925657e-01 7.919363576500172419e-01 7.509602726389347227e-01 7.777542978480030955e-01 7.378285109236996098e-01 7.594132515219926827e-01 7.925514713553247770e-01 7.779756693307162685e-01 7.732954206351582149e-01 7.798397458371723046e-01 7.885786568283735809e-01 7.894142899226819221e-01 7.969555187174477417e-01 7.962474830230863443e-01 7.902318675368933398e-01 7.805677670910549093e-01 7.954673674858296906e-01 7.847768820249150235e-01 7.896765135493237775e-01 7.939802136724556370e-01 7.760285792006115235e-01 7.864604802574023390e-01 7.766891796757978694e-01 7.739777627078695543e-01 7.829293299194147737e-01 7.711259359022837323e-01 7.720044747966200438e-01 7.920333607154248501e-01 7.854905632400160931e-01 7.832026195302390636e-01 7.782740127730632951e-01 7.823501534979402372e-01 7.872128314440774988e-01 7.850902020303950346e-01 7.921200560679590996e-01 7.987501460668874342e-01 7.879003009589636841e-01 7.882081324578200654e-01 7.881221684631647406e-01 7.922153562897894519e-01 7.902016898947017420e-01 7.912819475909810274e-01 7.917927283256366300e-01 7.851718086806841468e-01 7.897539862126391474e-01 7.931262952131992172e-01 7.889446287182633188e-01 7.949419078797200777e-01 7.951552372870740459e-01 7.876250040492771554e-01 7.920597342553379328e-01 7.971934333283087204e-01 7.929371212855825801e-01 7.935995160505228130e-01 7.984201075124668368e-01 7.881282960406493787e-01 7.952036167620311069e-01 7.945450038979416929e-01 7.968752229238225127e-01 7.975921233053535619e-01 7.928019065337559290e-01 7.933613562255009688e-01 7.952928271212046374e-01 7.925385954325916416e-01 7.993013685722049066e-01 7.977532127631665748e-01 7.966778631740023542e-01 7.956699050096692760e-01 7.958255064024809533e-01
