1.000000000000000000e+00 1.343942039488221218e-01 3.739346533522232979e-02 1.531615903975527132e-02 3.060421369742256231e-02 -5.433275593529805075e-02 5.729458939800066101e-04 3.512575248868261921e-03 1.629779376270307223e-01 5.794908162395365908e-02 1.563568912133729560e-02 1.957879666577426805e-02 2.906948102837161874e-02 8.762473418715116188e-03 -5.593599652506547372e-03 2.031671205991638501e-02 8.994033412175622688e-02 7.071276318199072597e-03 -1.190863759251910813e-02 5.463544157229155429e-02 1.995869641810807393e-02 3.910326277760669059e-03 7.857624070948525385e-02 -2.821332473070419823e-03 -2.653269626714667342e-03 3.515548418422937554e-02 5.482275685171495924e-03 4.719568509491842319e-03 4.350116372711635565e-02 2.895748837737821893e-02 1.264081805802184412e-02 4.544267090362150846e-02 2.730458783073029874e-02 -2.947087593461687489e-03 3.253236545880714564e-02 -2.069723977380120777e-04 -2.606192042982866629e-03 -1.073365858056738766e-02 -8.431722825830378909e-03 -4.065540554135248230e-02 -1.077282073059838063e-03 -2.976091848022244246e-02 -3.774465873463311860e-02 -1.414806346052289478e-03 6.288763481960310368e-03 -2.126038128017307405e-02 3.572277369814695364e-03 3.385161605139923313e-02 4.166916896234131723e-02 3.487573241408672975e-02 1.133626782957588078e-02 4.249531940893968435e-02 3.021690557348084838e-02 5.878435376922429290e-02 3.141183435109166922e-02 1.693164558877954112e-02 9.473510511870228412e-02 7.460304351109875616e-03 2.441937801513620679e-02 4.471669355839844040e-02 2.383072878610763973e-02 4.466262928186576220e-02 3.465639852657990960e-02 5.340173147722471897e-02 8.881307696231587057e-02 8.669512468004492156e-02 1.899047948416921969e-02 -1.984213306937146135e-03 1.912288915929688526e-02 2.914080509752004639e-02 -4.026466334457287632e-03 6.995408963527420879e-03 5.366245218610656226e-04 -1.238238601681333241e-02 9.379736787865666434e-03 2.281742000042200850e-03 1.111877736212670519e-03 1.344402342641462175e-02 -1.902788643418049401e-03 1.098118117853829658e-02 8.582018723173779826e-03 2.977822031727984584e-03 4.050320261883069012e-02 7.782363836447039711e-03 -9.532290427986696985e-03 -3.063820022011027634e-03 -1.466239888390387337e-03 -6.105892518065966779e-03 -4.340992372878839031e-03 5.991302824349438319e-04 -2.100187529106634782e-02 -9.693461889828005121e-03 -3.849602697508401443e-03 -1.198433443127890768e-02 5.015931385396332418e-03 1.142260919854141792e-02 -8.314261472070658479e-03 4.544194130827509254e-02 1.892198421969406566e-03 -7.544606247996262990e-03 -1.754184412067598051e-02 1.453305730637677491e-02 1.247056173268762565e-02 -3.752638874798012655e-03 2.129745874023510066e-02 4.191394123327015636e-02 2.832202741399787727e-02 1.650539423735212716e-02 7.805296771238094851e-03 1.514074235801080373e-02 3.771016849624981345e-03 2.789262979080129809e-02 1.932756900652200099e-02 2.805768799632120392e-02 4.941988548121809682e-02 5.028818521987917650e-02
1.343942039488221218e-01 1.000000000000000000e+00 5.203263908559209450e-02 6.482276975534213836e-02 3.386532399958404327e-02 6.513644376742748487e-02 1.151813714608325850e-01 1.079252574942781567e-01 1.715208574201085578e-01 1.927760893436194500e-01 1.356011678062860881e-01 1.370993675007494417e-01 1.155520719862897644e-01 1.179351979549265184e-01 1.229240048791428591e-01 1.156024001468170248e-01 1.039668139407097652e-01 5.740805561620040270e-02 7.937977280350753950e-02 6.583230714901763814e-02 3.986387582995365442e-02 8.781525832903491757e-02 1.054086146673462870e-01 4.785706448852938832e-02 7.355692136588450059e-02 1.487279340185345411e-01 1.542905229687503987e-01 1.567461239617362889e-01 1.873597460123044567e-01 1.508127976410247040e-01 1.468956136922951183e-01 1.181760347381549392e-01 1.140513432379064440e-01 8.646529742234304594e-02 1.169880530295426130e-01 9.632978132150470107e-02 9.758164513399417150e-02 1.307348857341955051e-01 1.227441920405068776e-01 1.018617136574426624e-01 1.463887669189491425e-01 1.252977485352475828e-01 9.038719095267783166e-02 1.267007898370539620e-01 1.208741558163712176e-01 1.354717465439727875e-01 1.440967933063532769e-01 1.613966945359625593e-01 1.579852779089889747e-01 1.239054553600675013e-01 1.332304307415967115e-01 8.233049783209914207e-02 1.194170064777666934e-01 1.728439713160602464e-01 1.513541539893607790e-01 1.520523506699765770e-01 1.474409476845996436e-01 1.364934239573757924e-01 1.462609515302958907e-01 1.501174369023129396e-01 1.258821660269941467e-01 1.480131593829751568e-01 1.354683614332129471e-01 1.403449465151749287e-01 1.555886332978473896e-01 1.542669626425196561e-01 1.445579608515904502e-01 1.323099310687453622e-01 1.312123595858865621e-01 1.343085927720671091e-01 1.220756532109852632e-01 1.350565651883368357e-01 1.091797837866640558e-01 1.186131956213837824e-01 1.420519430230885727e-01 1.413456153910409574e-01 1.509757845279474375e-01 1.626973655085073855e-01 1.457334157343206649e-01 1.464919447214752257e-01 1.378032519998481087e-01 1.446600211353240850e-01 1.535405011897907346e-01 1.350946546083306998e-01 1.320861902137398514e-01 1.254127010465271030e-01 1.330706028288832776e-01 1.454814258955655915e-01 1.336494259648044747e-01 1.487461444217329232e-01 1.313177855640711156e-01 1.362595178065007240e-01 1.346310394135684096e-01 1.373796909424958856e-01 1.468155231689982632e-01 1.503387157516440920e-01 1.305152261483503162e-01 1.552663450723414940e-01 1.378414059526389679e-01 1.419976811088345392e-01 1.241864345657021501e-01 1.466412205713110983e-01 1.310981228987684877e-01 1.340128958596340236e-01 1.357983277101344199e-01 1.530936936759831890e-01 1.586625744079341871e-01 1.560724917181070259e-01 1.525030012233468124e-01 1.516243934517944036e-01 1.457080451122127474e-01 1.483787268825787764e-01 1.479215290116681625e-01 1.519818028605611215e-01 1.554081755088592975e-01 1.522949795489677016e-01
3.739346533522232979e-02 5.203263908559209450e-02 1.000000000000000000e+00 3.073287118564388964e-01 1.676739951087074243e-01 2.402555776863279924e-01 2.950074164927318221e-01 2.824870575992833865e-01 3.126357977631817886e-01 2.848531228163714846e-01 3.203207459292063963e-01 3.370711308551777030e-01 3.002057935389523813e-01 2.762881122452979232e-01 3.384806091994836952e-01 3.360377774234840631e-01 2.830190325599545309e-01 2.850426795418246062e-01 2.983788642897149401e-01 2.422129514024221331e-01 2.867769755013491739e-01 2.940165013367981306e-01 2.944819668457516748e-01 2.811494290009264319e-01 2.894522259645949669e-01 3.474229370516764281e-01 3.474398774933022960e-01 3.638482088390649349e-01 3.302506429534088350e-01 3.431080557884512161e-01 3.521107825034041072e-01 3.315712882088679425e-01 3.377717565723356019e-01 3.156593933955459397e-01 3.211982915789569071e-01 3.271037719222849027e-01 3.535898019700316475e-01 3.215994964875274476e-01 3.431869271473746985e-01 3.413181336979084768e-01 3.496308529531255704e-01 3.381058572265022155e-01 3.240613548058150495e-01 3.371757933545670993e-01 3.531762814396344763e-01 3.342959688108966265e-01 3.296283000563758336e-01 3.323907774085070876e-01 3.231643792099104795e-01 2.958338346202949443e-01 3.207616064817754298e-01 3.292262384911320283e-01 3.301733102628405803e-01 3.259235528288090267e-01 3.057087535361132646e-01 3.301185205492001562e-01 3.138579804394865946e-01 3.169566135656756156e-01 3.141157024424995892e-01 3.273784979353868141e-01 3.183948695761311676e-01 3.221847129477482530e-01 3.152279060583381143e-01 3.235540966442614352e-01 3.340634352987094657e-01 3.292884807699248406e-01 3.309636932680653509e-01 3.285039253897126255e-01 3.330259127579147105e-01 3.209109427902338552e-01 3.276038579789544158e-01 3.347030863770794062e-01 3.258037120927546604e-01 3.215009808660649893e-01 3.418530920249155947e-01 3.450508639814097167e-01 3.493937517572148210e-01 3.443062782513082731e-01 3.376918675957998883e-01 3.362637110727391132e-01 3.432872017000189735e-01 3.392758999383397311e-01 3.436417209112595517e-01 3.378023573440060434e-01 3.290021546199215496e-01 3.339398103018966779e-01 3.464068176130698506e-01 3.303315859215177897e-01 3.391697433519497706e-01 3.375195288658175419e-01 3.482824593770161847e-01 3.380455538559997697e-01 3.402489219221261352e-01 3.383732868199911259e-01 3.307984333864262272e-01 3.313574992251713813e-01 3.273110066460930834e-01 3.227030933090301867e-01 3.268637723444536847e-01 3.299145371070754673e-01 3.344101067059499499e-01 3.274583308989054697e-01 3.325654759303999786e-01 3.306836882461230975e-01 3.373644606219735609e-01 3.309740400284227890e-01 3.263937499046555835e-01 3.324748829059314681e-01 3.264659967504309201e-01 3.255313970330933615e-01 3.263113950129550855e-01 3.322234392855021312e-01 3.282187177331996053e-01 3.334066196859612474e-01 3.383425509073705317e-01 3.347041708672000015e-01
1.531615903975527132e-02 6.482276975534213836e-02 3.073287118564388964e-01 1.000000000000000000e+00 3.177068732934983375e-01 4.053732966196980647e-01 5.747746310131692793e-01 5.590067843782350332e-01 5.394489840485160448e-01 4.901541672692977802e-01 5.616926654731974056e-01 6.161242377657937253e-01 5.501121152884566046e-01 4.547774107848000513e-01 6.330624878314474735e-01 6.194741071582939851e-01 5.446142274887304513e-01 5.020363942431060877e-01 5.183395311505827330e-01 5.014642937438270609e-01 5.310303551172311787e-01 5.238610242846740706e-01 5.178539159036439354e-01 4.822670764273520594e-01 5.257531942946152004e-01 6.232676491793431861e-01 6.318132127486244531e-01 6.286150403724820590e-01 6.089080677622779048e-01 6.097293259974247981e-01 6.393914856452211914e-01 5.990971025991644883e-01 5.804443043316593887e-01 5.831621255630016210e-01 5.697928612653784253e-01 6.052556395054944360e-01 6.137767099718107744e-01 6.092475935927194053e-01 6.213296397980883068e-01 6.143242346293136258e-01 6.288449262828739172e-01 6.303922650103609415e-01 6.032538835641670927e-01 6.312117987447989353e-01 6.361117147417463258e-01 6.148557858034711110e-01 6.060929744264796915e-01 6.035335573921890573e-01 6.094882609639249438e-01 6.102522483090739858e-01 6.185143352394200100e-01 6.085386237437271362e-01 6.182781685279071793e-01 5.857512769170541977e-01 5.770202740178085321e-01 6.100318824091813807e-01 5.849082557019531503e-01 5.923080024009250710e-01 5.842253739363754139e-01 5.989472194207743350e-01 6.037900741655286563e-01 5.869136389338542870e-01 5.874144721066741903e-01 6.063215658502040251e-01 6.058988614949626372e-01 6.032396505712546153e-01 6.120104749909349717e-01 6.081186487892474846e-01 6.129671635526225959e-01 6.212235463278587000e-01 6.150857001280726211e-01 6.113742697083387467e-01 5.926367600091773102e-01 6.050644099353277294e-01 6.350476092574752762e-01 6.342024189303722137e-01 6.381228896537306516e-01 6.373940332976751888e-01 6.276834256185905847e-01 6.197226726146424225e-01 6.306754689976085126e-01 6.277214371542799709e-01 6.274314438646368952e-01 6.126833310786422571e-01 6.284353197110098543e-01 6.193537216474390705e-01 6.298471812577768336e-01 6.256370005993771022e-01 6.207175944085835395e-01 6.238564976964913189e-01 6.330962240861170987e-01 6.294593345010741636e-01 6.244615111944045172e-01 6.245667321467132105e-01 6.125397905320311143e-01 6.142608366370782003e-01 6.328302822534224159e-01 6.287539414547224093e-01 6.215869994993711289e-01 6.299512326000560325e-01 6.233445344704596769e-01 6.224226395551346602e-01 6.172611126215830080e-01 6.230727980947936562e-01 6.294015853868057953e-01 6.206100747154944530e-01 6.187525130379819549e-01 6.107714200940355109e-01 6.149610276254683372e-01 6.131043384681157393e-01 6.113793185892267834e-01 6.100515552202606662e-01 6.117858561740133760e-01 6.214781915361443643e-01 6.196432215747088579e-01 6.178059223941181344e-01
3.060421369742256231e-02 3.386532399958404327e-02 1.676739951087074243e-01 3.177068732934983375e-01 1.000000000000000000e+00 2.625647151127040724e-01 4.195951559100305484e-01 4.074663677970878362e-01 4.032572071747858033e-01 3.683967633362401073e-01 4.060278390408103566e-01 4.606501627584552172e-01 4.456835513070326882e-01 3.339610576096737615e-01 4.478848031963252319e-01 4.532418333712507352e-01 3.966492228210200532e-01 3.607844017613281995e-01 3.650742516988181308e-01 3.646958919466058990e-01 3.360079360974960183e-01 3.609115020182446232e-01 3.706248299335950791e-01 3.421806431805197168e-01 3.657466083523218114e-01 3.988733774714043334e-01 4.315198844166070469e-01 4.139206955950932576e-01 3.901423227903131896e-01 4.414576277516621960e-01 4.604354635451218813e-01 4.358393359608262463e-01 4.114874747669501898e-01 4.253653243346983137e-01 4.290376884232204868e-01 4.585036353092472594e-01 4.416127481180304737e-01 4.306999424636969720e-01 4.585222505497397183e-01 4.447071306241898725e-01 4.549482198683968415e-01 4.594113905296761113e-01 4.644669080020288332e-01 4.705388979867811128e-01 4.552458395912807876e-01 4.578503951256228111e-01 4.586518570067087963e-01 4.570630248562794762e-01 4.550568811590874341e-01 4.447333168888334964e-01 4.493259404015683689e-01 4.631931227687156039e-01 4.681828084265168832e-01 4.451254332701555239e-01 4.287696046458823740e-01 4.478118207850080856e-01 4.371982468604486693e-01 4.460248135780393586e-01 4.297173115450947378e-01 4.659797255633288393e-01 4.551561256271300926e-01 4.404792262152968929e-01 4.332117492641886503e-01 4.592002496284534052e-01 4.667666951836559330e-01 4.640709927945305679e-01 4.624198000712812506e-01 4.542377786808332041e-01 4.585499181030527338e-01 4.639839312747786604e-01 4.484645709372653832e-01 4.549058193574059827e-01 4.377744855716260153e-01 4.532135095360887433e-01 4.610857851349989267e-01 4.669086494521712538e-01 4.641431758705306110e-01 4.579478074343846239e-01 4.579530605089026096e-01 4.612402171932332706e-01 4.685798284855851592e-01 4.672552847555729305e-01 4.624352220674874947e-01 4.609843502558976236e-01 4.703142380657038268e-01 4.628872607405496997e-01 4.677182994435342689e-01 4.604699130805804952e-01 4.634137200091004716e-01 4.630000065618188887e-01 4.619943488034272128e-01 4.700073196633874906e-01 4.689949146544920566e-01 4.684615476228348174e-01 4.655771288555242138e-01 4.638874027778193132e-01 4.654879525637314330e-01 4.623223805241737927e-01 4.620743066484515049e-01 4.609786975238211459e-01 4.767039967917150456e-01 4.621941261407083168e-01 4.750239099656139996e-01 4.716831794254298105e-01 4.786341929213449586e-01 4.590803764386579555e-01 4.618593228364690773e-01 4.639698399731239653e-01 4.645918608716657627e-01 4.618789207591659229e-01 4.583596397571716996e-01 4.673175904563618976e-01 4.550334706056313183e-01 4.682938749788221333e-01 4.732006899875830785e-01 4.697592394872635579e-01
-5.433275593529805075e-02 6.513644376742748487e-02 2.402555776863279924e-01 4.053732966196980647e-01 2.625647151127040724e-01 1.000000000000000000e+00 5.230037307811420400e-01 4.795451137108998618e-01 4.584881725383996853e-01 4.706603918025328293e-01 5.209106308235512683e-01 5.638972099764052448e-01 4.990043251182391670e-01 4.256249477814350590e-01 5.668086448354077156e-01 5.482092265820774912e-01 4.881158302529957083e-01 4.549192521809515832e-01 4.858439163909671898e-01 4.091845551610936993e-01 4.623294585175728444e-01 4.762287193963922194e-01 4.410358658463451320e-01 4.544798793126315628e-01 4.820183492781537904e-01 5.361529671909868178e-01 5.554225320877173022e-01 5.509577588418931304e-01 5.275105234885182348e-01 5.524215458394871048e-01 5.903935738857001292e-01 5.523026327916675804e-01 5.022185095046243219e-01 5.304282990344943993e-01 4.982133216488404681e-01 5.480970034007475178e-01 5.703290173150453723e-01 5.603525923684314902e-01 5.724972241063438494e-01 5.638985214560240378e-01 5.812301390473546547e-01 5.860495493713729909e-01 5.632413197772127011e-01 5.836163057533639842e-01 5.857092804088633864e-01 5.839020861493731118e-01 5.745896326520758546e-01 5.653600163146343949e-01 5.646971904339885828e-01 5.424093843087585132e-01 5.649803074450081564e-01 5.342771145390591281e-01 5.535766115219347139e-01 5.422155673395037123e-01 5.319980103587489406e-01 5.613812382972530601e-01 5.158586814651411334e-01 5.545731531100941414e-01 5.412640106623168856e-01 5.572975011406726686e-01 5.504268877776834490e-01 5.416551090339575270e-01 5.350253544410458195e-01 5.485025892613544229e-01 5.429536466120908900e-01 5.462024572629828878e-01 5.692334996992690632e-01 5.761310855166480449e-01 5.706698917460903964e-01 5.678144153714522746e-01 5.729827267361367049e-01 5.727346367061618704e-01 5.600306282803880764e-01 5.696678631418298222e-01 5.864391225769899352e-01 5.843425214327102601e-01 5.888833787574047074e-01 5.858605963415225437e-01 5.818365643443833557e-01 5.784838909462269863e-01 5.834534171535449287e-01 5.834807613750753186e-01 5.682096033758270437e-01 5.703735901287564358e-01 5.715231416075766679e-01 5.729044467192624390e-01 5.861922572451481184e-01 5.781837030772860597e-01 5.858159319058234837e-01 5.756928175356916810e-01 5.900082171715658186e-01 5.881041938937657809e-01 5.834175554458532753e-01 5.904832787234337577e-01 5.747649354527560872e-01 5.752646297526321506e-01 5.719795381367273057e-01 5.588530648322336258e-01 5.701320563403764474e-01 5.790903275383715298e-01 5.814183402306090098e-01 5.688482367939344808e-01 5.763924072768827900e-01 5.808047397865446770e-01 5.747032181916312821e-01 5.555746587025210959e-01 5.669161352761580286e-01 5.736948634750473897e-01 5.737654153505931109e-01 5.712698310691749493e-01 5.706557284540734187e-01 5.698555879952998948e-01 5.637715460129966161e-01 5.669066648752055793e-01 5.655477709740731607e-01 5.628868085463952786e-01
5.729458939800066101e-04 1.151813714608325850e-01 2.950074164927318221e-01 5.747746310131692793e-01 4.195951559100305484e-01 5.230037307811420400e-01 1.000000000000000000e+00 7.117514464438363664e-01 6.778466840967447560e-01 6.410901130261162928e-01 7.271767254727637964e-01 7.909186139460725462e-01 7.067950736578170190e-01 5.977384748963964212e-01 8.420779624923651063e-01 7.967040485277075978e-01 6.677808610365472131e-01 6.736752498527357469e-01 7.005623661867750318e-01 6.393479592472165463e-01 6.564190843725247193e-01 6.889508029322790605e-01 7.044627590541654438e-01 6.702852718695574419e-01 7.024283072948982465e-01 7.867826436126889034e-01 8.015729913600715406e-01 7.943909460279452439e-01 7.567417547562848013e-01 7.953632751441206405e-01 8.324801141352398126e-01 7.892671292697516217e-01 7.218970834937534775e-01 7.614036630940064221e-01 7.341415075222813558e-01 7.683826378947553604e-01 8.003165073143524433e-01 8.005799213523070446e-01 8.032885576671324745e-01 8.050843816977197864e-01 8.100480390424822374e-01 8.274625395077501722e-01 8.002356002636380472e-01 8.200500257201330800e-01 8.213433874024005377e-01 8.096338726352905191e-01 7.973957106569674602e-01 7.859249706605547781e-01 7.926735889516935973e-01 7.836226160307888655e-01 8.041789683636363373e-01 7.691389068375168447e-01 7.901103065026034988e-01 7.682463558896240885e-01 7.678746361686272781e-01 8.103250096433581851e-01 7.489967225956075669e-01 7.791057085200593368e-01 7.762967331793027004e-01 7.830968023471788220e-01 7.852285335854066739e-01 7.718029170028702923e-01 7.691956215042873302e-01 7.742277093146026079e-01 7.702770644573168068e-01 7.752042158703436048e-01 7.946538258235927854e-01 8.003503767407407210e-01 8.054201743098073907e-01 8.120494748423057185e-01 8.056167746888673875e-01 8.000705668944775306e-01 7.913482684511341514e-01 8.037542843027514206e-01 8.208764922423373855e-01 8.226638658427949391e-01 8.245745571442509858e-01 8.138091785934263855e-01 8.213763104769933321e-01 8.048140793620524036e-01 8.168860032670068883e-01 8.171258718811837962e-01 8.039968703031062924e-01 7.989736679037455769e-01 8.108578352540847245e-01 8.071982992635321486e-01 8.174268954456269665e-01 8.166454460115957215e-01 8.113637297497207079e-01 8.132809055553839039e-01 8.240463162514121143e-01 8.228016399321287366e-01 8.121942355950069192e-01 8.199091753358496160e-01 8.003695986628762693e-01 7.980785589456599327e-01 8.085068793130629761e-01 7.924161592683194311e-01 7.988890999704950646e-01 8.148904099354563613e-01 8.142321770237934686e-01 8.008085460174944048e-01 8.016480398183722933e-01 8.097177877520390643e-01 8.035829176273815433e-01 7.864987753866815590e-01 7.949685897444885851e-01 7.993043059676356865e-01 8.063157000652626527e-01 7.967630171178829990e-01 8.032049295381550325e-01 7.916702285530334837e-01 7.914861829460215770e-01 7.948512925948277852e-01 7.881392545231175051e-01 7.921522129692936121e-01
3.512575248868261921e-03 1.079252574942781567e-01 2.824870575992833865e-01 5.590067843782350332e-01 4.074663677970878362e-01 4.795451137108998618e-01 7.117514464438363664e-01 1.000000000000000000e+00 6.817272809514759446e-01 6.356837364252104772e-01 6.926503180495499068e-01 7.657424636112233340e-01 6.968592186477003958e-01 5.669780127354997479e-01 7.801245268130356791e-01 7.899596417530716508e-01 6.749864055638916671e-01 6.381888092585920047e-01 6.661258942181791376e-01 6.289455511785960740e-01 6.383728784592779260e-01 6.687037861825460006e-01 6.698266902838626580e-01 6.263739537706045635e-01 6.716839272436999631e-01 7.571401659621483926e-01 7.532943244150304141e-01 7.273512098212071564e-01 7.040177631425632576e-01 7.596694216257873222e-01 7.870271528028107699e-01 7.625989461171074346e-01 6.862064380332211222e-01 7.348471243168527289e-01 6.993005456584943103e-01 7.426843792443016401e-01 7.471822594590743494e-01 7.728564323644289136e-01 7.771682360331344519e-01 7.520491478161885901e-01 7.701100081766694139e-01 7.806116259379638489e-01 7.739237354617575226e-01 7.949452572104469539e-01 7.817274721917824021e-01 7.779031709229701219e-01 7.743773558341072727e-01 7.672942665089578229e-01 7.760618584637964945e-01 7.667420412621589465e-01 7.870822970101977178e-01 7.442349993610551939e-01 7.651673205094758901e-01 7.536822827247792178e-01 7.586988438792888756e-01 7.834188281069195403e-01 7.503418595571993421e-01 7.688533570806243000e-01 7.652391595422125548e-01 7.667939995754105009e-01 7.781530016318675136e-01 7.590992040944454233e-01 7.669565188232151387e-01 7.692970699064100026e-01 7.596698912003692072e-01 7.596891241229696279e-01 7.715162418121969123e-01 7.731033628945551683e-01 7.790392232415415119e-01 7.832946606073557527e-01 7.795053060654276722e-01 7.753988358295603733e-01 7.586916298214767540e-01 7.731047701634800040e-01 7.911651119248023223e-01 7.831756443508930410e-01 7.849406694572280685e-01 7.758073526903054296e-01 7.817598768119347064e-01 7.783210245157001772e-01 7.840057899236513306e-01 7.854038472172331087e-01 7.811511005139832875e-01 7.698732995380986877e-01 7.867999080259308053e-01 7.815477623475811653e-01 7.812401158404532753e-01 7.920732109099799523e-01 7.807705904037097744e-01 7.835811547096709351e-01 7.801667167923737045e-01 7.899523674902566572e-01 7.818157851377087741e-01 7.844624719432152782e-01 7.778189652589536651e-01 7.757740445939532714e-01 7.885199004136282941e-01 7.842054940800263774e-01 7.861158651030369926e-01 7.918044078847664702e-01 7.891548067743081596e-01 7.860672676229513156e-01 7.769164155436778518e-01 7.873222997017824687e-01 7.853652662735520762e-01 7.758768344105453352e-01 7.773564118131558454e-01 7.758680456138029591e-01 7.848666449314241067e-01 7.803001897902679396e-01 7.814820651716066768e-01 7.732334265405800267e-01 7.755256205538048064e-01 7.791303761785665083e-01 7.749892866677227099e-01 7.760026745985930674e-01
1.629779376270307223e-01 1.715208574201085578e-01 3.126357977631817886e-01 5.394489840485160448e-01 4.032572071747858033e-01 4.584881725383996853e-01 6.778466840967447560e-01 6.817272809514759446e-01 1.000000000000000000e+00 7.257672533199927001e-01 7.390433915044285484e-01 7.941165104595530044e-01 7.376876786221704396e-01 6.041940936839343967e-01 7.952792825939681842e-01 8.034190341706547445e-01 7.418180266353185948e-01 6.423601832244093535e-01 6.594384876597910727e-01 6.269257570565028859e-01 6.082448102963937675e-01 6.536424224868807586e-01 6.919741105273471415e-01 6.168485944584338743e-01 6.516533026089681435e-01 7.612971667506098772e-01 7.648937089107176179e-01 7.189805857265305633e-01 7.187340414927223531e-01 8.006526359576817686e-01 8.177727411965381998e-01 7.979804692320588977e-01 6.826094597419577470e-01 7.248963127699513675e-01 7.219982089783791857e-01 7.470596503023066992e-01 7.582390945390939940e-01 7.638865075110718994e-01 7.914402475658943725e-01 7.173891581900662118e-01 8.014050208064943392e-01 7.845926997164892613e-01 7.652650461180882102e-01 8.182742492802235201e-01 7.933515096445195036e-01 8.009289159952335257e-01 8.291198291455755820e-01 8.462764004336440493e-01 8.512973592233505915e-01 7.923100389052394332e-01 8.176300754585980046e-01 7.881638276141484933e-01 8.280909035735926071e-01 8.493050201861237491e-01 8.218541790539223291e-01 8.078333966582448289e-01 8.571632913727850189e-01 8.208807206517158006e-01 8.312423730635259966e-01 8.545217990024785992e-01 8.383996871084126168e-01 8.481940232296206750e-01 8.402684361053470719e-01 8.545423948766026623e-01 8.628091569186926435e-01 8.642564332568349883e-01 8.305628369028813518e-01 8.186652761105355225e-01 8.229067116618262734e-01 8.268671099429244498e-01 8.038454622508649505e-01 8.188460753424962046e-01 7.906848433153583766e-01 8.002480276406793713e-01 8.283760328064276868e-01 8.184862820745227863e-01 8.184939598130739347e-01 8.182913418358057633e-01 8.175230656305365606e-01 8.293043929369332545e-01 8.223092958367637095e-01 8.327271675004248586e-01 8.392857564782184587e-01 8.116766456031734300e-01 7.996089745109563607e-01 8.077896622266641513e-01 8.159265991111470662e-01 8.169314030837796503e-01 8.157477705289942760e-01 8.186616502677219742e-01 7.978308176993450518e-01 8.185593571876141894e-01 8.216457491550124281e-01 8.199460211531042209e-01 8.320213734928326721e-01 8.373001353024217552e-01 8.090777225229141001e-01 8.389115456862091813e-01 8.276075751281859461e-01 8.191086990785499955e-01 8.151093124155261993e-01 8.347131601747352914e-01 8.352994512318265841e-01 8.270957785654708960e-01 8.348583096347294008e-01 8.440457141887279802e-01 8.427760957033376688e-01 8.372410136208879861e-01 8.346347364525851242e-01 8.375023842669094831e-01 8.299365549562075506e-01 8.449209520282904284e-01 8.381012657513746689e-01 8.436280742455110060e-01 8.498742386177290387e-01 8.529170898764808495e-01
5.794908162395365908e-02 1.927760893436194500e-01 2.848531228163714846e-01 4.901541672692977802e-01 3.683967633362401073e-01 4.706603918025328293e-01 6.410901130261162928e-01 6.356837364252104772e-01 7.257672533199927001e-01 1.000000000000000000e+00 7.141413442133436318e-01 7.556306792844702525e-01 7.013676520155823768e-01 5.884059798147900366e-01 7.643376155065435551e-01 7.623375770645726135e-01 6.926643067830327016e-01 6.176082994767009282e-01 6.541691471075850028e-01 5.628238571388440858e-01 5.546438121683573419e-01 6.324016364578826099e-01 6.426122764766389883e-01 5.970429610858775105e-01 6.408088784477491417e-01 7.269117465053983596e-01 7.325048019424142964e-01 6.955312222679981282e-01 6.752835707539591725e-01 7.817577629375258574e-01 7.911766425358063293e-01 7.718110368043112901e-01 6.654055731916247440e-01 7.206275628738602057e-01 7.049407416823072481e-01 7.200340518039201054e-01 7.398249746618946743e-01 7.631280454168427596e-01 7.800859114390106264e-01 7.142494511261759937e-01 7.864660816786420705e-01 7.755941209917780466e-01 7.350034423581115473e-01 7.910759077913479542e-01 7.712651177810821990e-01 7.907489005307684060e-01 8.143032896993814829e-01 8.243757961600919337e-01 8.127461636175540294e-01 7.460460617534265815e-01 7.822705778449530190e-01 7.174951702147362997e-01 7.733650768429574107e-01 8.175505352371700285e-01 7.954912217939867913e-01 7.967976760022715821e-01 7.800444000877853057e-01 7.969141338102394556e-01 7.997194552209644369e-01 8.122196047721454981e-01 7.940798936974857725e-01 8.009530460018222664e-01 7.907770632228529051e-01 7.959070879399855469e-01 7.963468572938686707e-01 7.997359471336338288e-01 8.083801014828752018e-01 8.026094299596485682e-01 8.035244592490481397e-01 7.939605544060287512e-01 7.843937189128149523e-01 8.017023332977889494e-01 7.792876466657869816e-01 7.867123889115642532e-01 8.048577450268425970e-01 7.996857890354384102e-01 7.960662246075086435e-01 7.943775121775614734e-01 8.014288710881466438e-01 8.093368035381172110e-01 8.054664283574708428e-01 8.126060444054247212e-01 8.120298275701933743e-01 7.992623015845866652e-01 7.887179988325383473e-01 7.978572048997257804e-01 8.000833011261839767e-01 8.085207069359103826e-01 8.046917983894829041e-01 8.077539472377112117e-01 7.919376972663961789e-01 8.035142854615338059e-01 8.039518181266467334e-01 8.057706632769739974e-01 8.143486183090044017e-01 8.169875042705158075e-01 7.853477340990094868e-01 7.970699173887213496e-01 8.042117401324083703e-01 8.022861520067356977e-01 7.969969386141065870e-01 8.095587596015269005e-01 8.005384088727628411e-01 8.046926403033564101e-01 8.010325771357197366e-01 8.056547981537390823e-01 8.160775930748017659e-01 8.197711146470759713e-01 8.172460877772594889e-01 8.160819795980025493e-01 8.115927028285413458e-01 8.149621554268712265e-01 8.109559400237906779e-01 8.141091962012373395e-01 8.096276758278028174e-01 8.093943812444036601e-01
1.563568912133729560e-02 1.356011678062860881e-01 3.203207459292063963e-01 5.616926654731974056e-01 4.060278390408103566e-01 5.209106308235512683e-01 7.271767254727637964e-01 6.926503180495499068e-01 7.390433915044285484e-01 7.141413442133436318e-01 1.000000000000000000e+00 8.326945381956311065e-01 7.434965231778042360e-01 6.319825931855773682e-01 8.356790906149568210e-01 8.305736138783225142e-01 7.431966811698896835e-01 6.784113923518321210e-01 7.212786510669191298e-01 6.396669011719199327e-01 6.344368408399692072e-01 6.983403081239398791e-01 7.104927623256706015e-01 6.729986112663862707e-01 7.156412532201886778e-01 7.989880758507601488e-01 8.191665006958275264e-01 7.844187764014022290e-01 7.405596167121809570e-01 8.353975211025592706e-01 8.631329523250772517e-01 8.354885119219522815e-01 7.437525554828963159e-01 7.920054109982868074e-01 7.629627652171693253e-01 7.974115356258437703e-01 8.192389483548249141e-01 8.315398482983272777e-01 8.441333629963568841e-01 8.123379417428615579e-01 8.556128223305389247e-01 8.532257334084999423e-01 8.202772627543134520e-01 8.602734085333491043e-01 8.536271964421445757e-01 8.553919624685581979e-01 8.614821349838205355e-01 8.622892932154122558e-01 8.623495910072035420e-01 8.167111049924893340e-01 8.495175680675859375e-01 8.042130919766363739e-01 8.412088987362753567e-01 8.486858154035740176e-01 8.322060215526996263e-01 8.528208578787880301e-01 8.222038266458218114e-01 8.487094239888699487e-01 8.441509569219479703e-01 8.581222674271354878e-01 8.515607272884881951e-01 8.459484170607698417e-01 8.378740609487430602e-01 8.464401169769395494e-01 8.423919085521447414e-01 8.447467940534900688e-01 8.638067290584194868e-01 8.601996343499890285e-01 8.641846843006416590e-01 8.565724050781704513e-01 8.479827835717068663e-01 8.570484230448608409e-01 8.408166486136487983e-01 8.496012684035283424e-01 8.693295276654778858e-01 8.663795994458090011e-01 8.657706650071442800e-01 8.551981490685914844e-01 8.660131691949825017e-01 8.644689628717918684e-01 8.649809973926517737e-01 8.705255298272940312e-01 8.669697407112562093e-01 8.567534582285361022e-01 8.561291941996957977e-01 8.612601337027592230e-01 8.661294069020510911e-01 8.698536087145256612e-01 8.657154642983295734e-01 8.681360485607614308e-01 8.691611193965416149e-01 8.715564624948481942e-01 8.682356899494541036e-01 8.700851113528500491e-01 8.687636680484247531e-01 8.690135406215144798e-01 8.578185532196914709e-01 8.523731155462496156e-01 8.635105077192706258e-01 8.688088604981486496e-01 8.644306089900952728e-01 8.648728022822088635e-01 8.633404605130572396e-01 8.690579931531260405e-01 8.614136306880848526e-01 8.564983546644179269e-01 8.658381710410344434e-01 8.673603130887861390e-01 8.675485126870150498e-01 8.666557401767187585e-01 8.661484353059547558e-01 8.640197855801484694e-01 8.624325605215854562e-01 8.638478018199566844e-01 8.600317187080935843e-01 8.617654737687461264e-01
1.957879666577426805e-02 1.370993675007494417e-01 3.370711308551777030e-01 6.161242377657937253e-01 4.606501627584552172e-01 5.638972099764052448e-01 7.909186139460725462e-01 7.657424636112233340e-01 7.941165104595530044e-01 7.556306792844702525e-01 8.326945381956311065e-01 1.000000000000000000e+00 8.130996641218956045e-01 6.823717147019207063e-01 9.038211861823001181e-01 8.972770754404981730e-01 7.902902423951545519e-01 7.306691407334261479e-01 7.653630821642422033e-01 6.931104315256021442e-01 7.046045999689182215e-01 7.440568864905313662e-01 7.509544885565260230e-01 7.111858301471450927e-01 7.520789997720338516e-01 8.514285244873367464e-01 8.711537427952371626e-01 8.402733356731185710e-01 8.094233054732681287e-01 8.941684905951370332e-01 9.260229001481978806e-01 8.930530716057863971e-01 7.978580022083010537e-01 8.493639454957360169e-01 8.240143456161783675e-01 8.627834565041062609e-01 8.735541847165645413e-01 8.927658315461138860e-01 9.076740216566693276e-01 8.648283730624192200e-01 9.123306305923758464e-01 9.160800222871531284e-01 8.914455929115824295e-01 9.311033493649776283e-01 9.109288456921931232e-01 9.197845561052636620e-01 9.262960560191586534e-01 9.254009791419349762e-01 9.251964758416589829e-01 8.901536595386461137e-01 9.169139856545737155e-01 8.766932080482318090e-01 9.141950477370752726e-01 9.091725402234297482e-01 8.990885583869429043e-01 9.113320404282935217e-01 8.923922659690548542e-01 9.137995077769317520e-01 9.103408925963316634e-01 9.233443203096587393e-01 9.198837099626139269e-01 9.119289714328990826e-01 9.083990407421835833e-01 9.151431252872743727e-01 9.108557208639144198e-01 9.152269382886831783e-01 9.236399784778056565e-01 9.210280455883792516e-01 9.226664831014043111e-01 9.207058257561452352e-01 9.095194579126654189e-01 9.186715520898903753e-01 8.947065912962368639e-01 9.065331291146665471e-01 9.319452367396666714e-01 9.294145386164363032e-01 9.295725394994434065e-01 9.233704213431251917e-01 9.254427574381833832e-01 9.270313555137053019e-01 9.284456177025897095e-01 9.349034954961296107e-01 9.236306854046675285e-01 9.172006827201037993e-01 9.209401468517244282e-01 9.230050931913021950e-01 9.291103528328541472e-01 9.303358443334055483e-01 9.285064825900831709e-01 9.242833242532048077e-01 9.232251338296346699e-01 9.343171409706618746e-01 9.313720471245726662e-01 9.341636731322905396e-01 9.309952169020027091e-01 9.310598205676191563e-01 9.202043064490442736e-01 9.211507116552946073e-01 9.285848043008498864e-01 9.308854375352636490e-01 9.303883515051357689e-01 9.303206174773267501e-01 9.302669141378056006e-01 9.349828441192524764e-01 9.302364631274270268e-01 9.211942563038537646e-01 9.295790644212682530e-01 9.305748668498076137e-01 9.321100855221514658e-01 9.302356953138950502e-01 9.290750949004343839e-01 9.294086969895170025e-01 9.265699278603116706e-01 9.283333721195580202e-01 9.265498045179707542e-01 9.288036980197754700e-01
2.906948102837161874e-02 1.155520719862897644e-01 3.002057935389523813e-01 5.501121152884566046e-01 4.456835513070326882e-01 4.990043251182391670e-01 7.067950736578170190e-01 6.968592186477003958e-01 7.376876786221704396e-01 7.013676520155823768e-01 7.434965231778042360e-01 8.130996641218956045e-01 1.000000000000000000e+00 6.197692042009768087e-01 8.235075040415931191e-01 8.096357929126546393e-01 7.190787612397894213e-01 6.635647469417601529e-01 6.945533328876078993e-01 6.343578178169975157e-01 6.294002098511938259e-01 6.721702970090701612e-01 6.978341582170392021e-01 6.501355420334469226e-01 6.865467605527182382e-01 7.714704390319119254e-01 7.831086472424286793e-01 7.487840854058438467e-01 7.174895346214157366e-01 8.145902922060487272e-01 8.335194476577345579e-01 8.105029610592883182e-01 7.206084267546520872e-01 7.740281786021919741e-01 7.535761808206643542e-01 7.943704026037641253e-01 7.925494146370892778e-01 8.020748496301675079e-01 8.282397828034491205e-01 7.754561281651061178e-01 8.277723108254391171e-01 8.279708755631035588e-01 8.164740952173075161e-01 8.468974282544643462e-01 8.298306979729116462e-01 8.357812256939474160e-01 8.447581144412369403e-01 8.415797520475262194e-01 8.393729446385264081e-01 8.021962063795721187e-01 8.246731087432764840e-01 8.052789553299161129e-01 8.352311596618325895e-01 8.279579127234999447e-01 8.128177700382863691e-01 8.299331890300757353e-01 8.124200538771483293e-01 8.315322306468352354e-01 8.196544658779573167e-01 8.463818733882041423e-01 8.413915914136054219e-01 8.292269710436869223e-01 8.188891509548619219e-01 8.364239995701358010e-01 8.332763009894442741e-01 8.392632982493773985e-01 8.427686707083545947e-01 8.402635296620225569e-01 8.423116380072761533e-01 8.416743685242414896e-01 8.257587064226989959e-01 8.388836024476695741e-01 8.160736623480839835e-01 8.260663835981294500e-01 8.491526103598694419e-01 8.466257463532278482e-01 8.412452257627331953e-01 8.343823294672467750e-01 8.429587578048084451e-01 8.462678189378810556e-01 8.473280601038085669e-01 8.507401106663965429e-01 8.471503199305193688e-01 8.402982243902468174e-01 8.416708446018127399e-01 8.421176197353669179e-01 8.481822057124105418e-01 8.457178371256417471e-01 8.479944578584061032e-01 8.456062643243051902e-01 8.387529675269759233e-01 8.490786893619131082e-01 8.505346768004989899e-01 8.500216342882964682e-01 8.474156316278720347e-01 8.487761212298181590e-01 8.341891395616678473e-01 8.386363843854056643e-01 8.430417867690055411e-01 8.428825932047042668e-01 8.482982112686847653e-01 8.457096090597985283e-01 8.492043667942661411e-01 8.515242689297615186e-01 8.534174346706142611e-01 8.401706590269368835e-01 8.457163597669606903e-01 8.485635100652273444e-01 8.490422906604568887e-01 8.472481407826050193e-01 8.445453796350463893e-01 8.499043822865595121e-01 8.436010960252596780e-01 8.483857491487819535e-01 8.488993819341588143e-01 8.498421047370224857e-01
