1.000000000000000000e+00 1.961764927217068966e-01 8.514815768738991097e-02 5.152052442274487193e-02 1.246728849984788112e-01 5.200349025970462530e-02 1.176722813784942673e-01 1.397815116543872360e-01 3.147027956635374824e-01 1.394102920411644242e-01 1.893917583066666022e-01 9.215286150659925124e-02 -2.150399771709486998e-02 2.243093229647502920e-02 8.824152831703704902e-02 6.500601789971728606e-02 2.721065776129253933e-01 4.316880276558361373e-01 3.518068172868994425e-01 2.480779625283811574e-01 2.875788990177450821e-01 2.810181617049583580e-01 3.437911951996328042e-01 3.842368603239453284e-01 3.564275325263540628e-01 2.423633089302923149e-01 2.643368944118288377e-01 2.684249704557075678e-01 2.912410597633642295e-01 2.642112507321606185e-01 1.962551001460715316e-01 1.874727987284206254e-01 1.865410348059377554e-01 2.366859428502460783e-01 2.115973757208909345e-01 1.450104447310144873e-01 1.343484396520100432e-01 8.014665943598078823e-02 8.169532654163320917e-02 6.852479747417980493e-02 1.034739035270293567e-01 9.055938678152491983e-02 4.446573544198472588e-02 5.469631848185834561e-02 1.456936710147361813e-01 6.080389351195467085e-02 3.836546420945308178e-02 4.686093607375917819e-02 5.288215173880606024e-02 6.311380501938181065e-02 4.046776082780903505e-02 1.127292055894582312e-01 7.689223814921429534e-02 8.797257975591851742e-02 7.077504992442447407e-02 1.112961973377955549e-01 8.167751934865764840e-02 5.490701543065504980e-02 3.398506039102819343e-02 6.831809229616812862e-02 5.021820586004843018e-02 3.454378357976299607e-02 3.838510237197360897e-02 5.001725503293372177e-02 1.301903490975771238e-01 1.101231284843442321e-01 9.739694518672947776e-02 1.530293349897275113e-01 1.449035165143122417e-01 1.160297263570641974e-01 1.298419053305357451e-01 1.411604473727006426e-01 1.997564624426454993e-01 1.736413642084662090e-01 1.177802649822983494e-01 9.639764245704503243e-02 1.145789060452289676e-01 1.342480593833357549e-01 1.083895786573444153e-01 1.213635680355678037e-01 1.028573753090200743e-01 8.176964247163565069e-02 1.514099889008158617e-01 1.039903757695143649e-01 7.565711977324887649e-02 1.107916423257645638e-01 6.498441759051436228e-02 6.166590858127411756e-02 4.359991108545602234e-02 1.101322008521003759e-01 8.480199429516291354e-02 5.443077611146739797e-02 8.461852273936221192e-02 4.387206261084779929e-02 2.303443237803419474e-02 2.809274051751295409e-02 3.245151318901723370e-02 8.115467060429326640e-02 3.931032179322595937e-02 5.539707698776092509e-02 4.384750987734127581e-02 4.146087041181450300e-02 5.038863788706143126e-02 2.471433480219231357e-02 7.836552668540029687e-02 6.872341183743573001e-02 4.595295576758249428e-02 3.711661832229171815e-02 7.537344240680898810e-02 4.082764570140022531e-02 3.143434889220547007e-02 3.973265987065109639e-02 2.575827416475497469e-02 3.606449960570534685e-02 7.790548160666084521e-02 6.755317959473076950e-02
1.961764927217068966e-01 1.000000000000000000e+00 5.882271799591857336e-02 4.298921428083966184e-02 7.947410006410586536e-02 5.603032404502276270e-02 1.377158905973148439e-01 1.391005195104124958e-01 2.156735777700537204e-01 2.055711814449057151e-01 1.593788157226074531e-01 1.151771803755404638e-01 8.568457403458767940e-02 1.034167700959213176e-01 1.483687706651271865e-01 1.438207006674701305e-01 1.824055789313754061e-01 2.048128695014803380e-01 1.852435424791556151e-01 9.540303309317922642e-02 1.185707738782035697e-01 1.555069462020748083e-01 2.333552892923205224e-01 1.925778342218943395e-01 1.845991681012396357e-01 1.995897692542398794e-01 1.846341126795539300e-01 2.110207820249075938e-01 2.150241085082719439e-01 2.145228167187143153e-01 1.947367612104749790e-01 2.019160955550743375e-01 1.990206834387413526e-01 1.766945287901145190e-01 1.924694062951074480e-01 1.622158187281070862e-01 1.814609471865336610e-01 1.642573600039722304e-01 1.605973703989988788e-01 1.445417367478874782e-01 1.630274677967944452e-01 1.551233741064426130e-01 1.258889015937842137e-01 1.489604507675969247e-01 1.747873927259401272e-01 1.641725956146069532e-01 1.393889672490090104e-01 1.590008853775020659e-01 1.488720567133073047e-01 1.338999448818683491e-01 1.398282641241566093e-01 1.091118668843770734e-01 1.211167395302650690e-01 1.703577851727100523e-01 1.627889027704782499e-01 1.816725144603104636e-01 1.413900324791074192e-01 1.552336854301939462e-01 1.432140174048461001e-01 1.485941597341465248e-01 1.378835313399964513e-01 1.409740176596792072e-01 1.378003839354555171e-01 1.416345779037616326e-01 1.550085464233589283e-01 1.535297176903866745e-01 1.644501879061788241e-01 1.714645133707892732e-01 1.868217779399357903e-01 1.380972904069357188e-01 1.472204811768309252e-01 1.670876861934787183e-01 1.788246777306014001e-01 1.706260109164852434e-01 1.724254410818688021e-01 1.643279724937633801e-01 1.719876106667100890e-01 1.770382508480844441e-01 1.662739832705538989e-01 1.724105880007001379e-01 1.716559490845158686e-01 1.643621039309884346e-01 1.857662968467146403e-01 1.690261164566953522e-01 1.553081377546194075e-01 1.599691040120656549e-01 1.574808485446968498e-01 1.565184025917448485e-01 1.543610478141708986e-01 1.769683414752232231e-01 1.624435730610304107e-01 1.553324186822860331e-01 1.531923852647721351e-01 1.507455988128622859e-01 1.410348219287224092e-01 1.472262432547115363e-01 1.161570685156544241e-01 1.379704913471639371e-01 1.356216528240062058e-01 1.431049967247033372e-01 1.407546634264272567e-01 1.369947695774492435e-01 1.272043511458564313e-01 1.343461929101402996e-01 1.414413484337437021e-01 1.430586740129573542e-01 1.454980065102021436e-01 1.552734593761831705e-01 1.638196444538674301e-01 1.486148022416242387e-01 1.429858399056392060e-01 1.447076131831242507e-01 1.365582592127800587e-01 1.425725315313756403e-01 1.501830723587551375e-01 1.423364726448508033e-01
8.514815768738991097e-02 5.882271799591857336e-02 1.000000000000000000e+00 3.041025582202396271e-01 1.581713490927752486e-01 1.646959697864127381e-01 2.292290012532537669e-01 2.164300574603077454e-01 2.508680414144152104e-01 2.071707911882556263e-01 2.769396961340641061e-01 2.698651243713273140e-01 2.211907927719811151e-01 1.712399814477510440e-01 2.619152259108642467e-01 2.625633201567529884e-01 2.464513184258342038e-01 2.450116450684598768e-01 2.491603200091904446e-01 2.193399298427241573e-01 2.589898641918098043e-01 2.773361900181859352e-01 2.361867947571482385e-01 2.434763044615414762e-01 2.811004795158459357e-01 2.880598791626582944e-01 2.926977983500311242e-01 3.012975819194218530e-01 2.584784802244080026e-01 3.014332710213022959e-01 3.038881927762263069e-01 2.582195706412324099e-01 2.649919548990180007e-01 2.835160128859658957e-01 2.737663945543767352e-01 3.059853134991022405e-01 2.940579858086878606e-01 2.669263040624029748e-01 2.938002049834840812e-01 2.999134315718383070e-01 2.867988310090984760e-01 2.866024571683807309e-01 2.818263536990789908e-01 2.755453465437963101e-01 3.049910241456216808e-01 2.818499723444113925e-01 2.726432252002520817e-01 2.654457219983314409e-01 2.632708415074273556e-01 2.780008675178227140e-01 2.698452589382790423e-01 2.962387451553249451e-01 2.835816738599971076e-01 2.548887406317320026e-01 2.454913111237094769e-01 2.754423797988995171e-01 2.646020592857926124e-01 2.671349816293241974e-01 2.589676319777984848e-01 2.691803559955138758e-01 2.736974659102860974e-01 2.605532220708017821e-01 2.657878273056812346e-01 2.758534341902011411e-01 2.779186990140349311e-01 2.692736786220817913e-01 2.710864615730020910e-01 2.804535921400808096e-01 2.736835630208572789e-01 2.809338442798355873e-01 2.888981505110556625e-01 2.881220132269703971e-01 2.825677636364106182e-01 2.889584333051599119e-01 2.879462370892345024e-01 2.855503422222684939e-01 2.830238346230602997e-01 2.746429763414812708e-01 2.900636028626607521e-01 2.814273290632142710e-01 2.940230123188867783e-01 2.926413923147881957e-01 2.770214250208872797e-01 2.748002543713766732e-01 2.755399058059001538e-01 2.789773353705241599e-01 2.858983003183324656e-01 2.710849115813024346e-01 2.736712100812864756e-01 2.745553068316823886e-01 2.854884911231858058e-01 2.712064746698896744e-01 2.877831255076448991e-01 2.764428254832430598e-01 2.654853791890316450e-01 2.636490593873280774e-01 2.695269840226575675e-01 2.684170712928775071e-01 2.702813615091995136e-01 2.732430914969091740e-01 2.769187838906368437e-01 2.645486010711320390e-01 2.761286869179025993e-01 2.754201116297739227e-01 2.822679602616992023e-01 2.656759622976961888e-01 2.642758718646888716e-01 2.591119189949794288e-01 2.621635656320033814e-01 2.671201746916750386e-01 2.662966193699243256e-01 2.645162463483604620e-01 2.623700317307355867e-01 2.648789016634496840e-01 2.752675895946349316e-01 2.678277621251667906e-01
5.152052442274487193e-02 4.298921428083966184e-02 3.041025582202396271e-01 1.000000000000000000e+00 2.945794647236095187e-01 2.949422317808390037e-01 4.422271296876451596e-01 4.306891959009479520e-01 4.136397878289200247e-01 3.644192915524296361e-01 4.853827428830487234e-01 5.428845267804687236e-01 4.446938883514138241e-01 3.431008026947582890e-01 5.048768160637363556e-01 4.963300099144855038e-01 4.083475916885482282e-01 3.485228522115210170e-01 3.918009612542481257e-01 4.357358333985119070e-01 4.719454621660063021e-01 4.758205501488414479e-01 3.267169602011599783e-01 3.557739485535602042e-01 4.228177493804137210e-01 4.869909448276613095e-01 4.908373524956037848e-01 4.688574356186251402e-01 4.573142208163609168e-01 4.877002433085069755e-01 4.955449658288036408e-01 4.275090206440219087e-01 4.454985568835387877e-01 4.712593928994322501e-01 4.534117806513011661e-01 4.839072186742791049e-01 4.708329510203833057e-01 4.963636399760822937e-01 5.101104772879537785e-01 5.132214809643657061e-01 5.033285584990780936e-01 5.116889257407989389e-01 5.224703449477718920e-01 5.143640987411211007e-01 5.159425243422554042e-01 5.085194397911599884e-01 5.001718507475941822e-01 4.809013546656342175e-01 4.952790212690482696e-01 5.098856993057906406e-01 5.045625212475012278e-01 5.479258813562815078e-01 5.150924621754132682e-01 4.639880006027504722e-01 4.669162587284171884e-01 4.824205165998183276e-01 5.100134322148941468e-01 4.941840001321747278e-01 4.877472542456159355e-01 4.972990112540366381e-01 5.128893355436081603e-01 4.939541294322655762e-01 5.109730262061676909e-01 5.063631251727267468e-01 5.049533786539083247e-01 4.972030617516010054e-01 4.822701181646947277e-01 4.828022612074973074e-01 4.640102428222476205e-01 5.151191713810572281e-01 5.160824568303369331e-01 4.972189290261169736e-01 4.724372537202150557e-01 4.931230298450568483e-01 5.070019569671386783e-01 5.086679343476125936e-01 5.002028130761669855e-01 4.906328539608449946e-01 5.089995819461436977e-01 4.997609429449945129e-01 4.916703819562889266e-01 5.068177592936616849e-01 4.783723705905947310e-01 4.854025282407161135e-01 4.924366525146674500e-01 4.898192715310766832e-01 4.906000200712389292e-01 4.875045263601127665e-01 4.880571233361971628e-01 4.771129929526403135e-01 4.985383442211487881e-01 4.972315970872276947e-01 5.085477145198987747e-01 4.970240231645114415e-01 4.885241512431778288e-01 4.812032013158926702e-01 5.113489142969367407e-01 5.014969891372994537e-01 5.015775885524939026e-01 5.015588030381917806e-01 5.067244975206273150e-01 4.958509817663323549e-01 5.098470150747138607e-01 5.062269357531785641e-01 5.143616959773756880e-01 4.958303103712033977e-01 4.858943950121357713e-01 4.771093268662384146e-01 4.781829411509836980e-01 4.935746241381623323e-01 4.887065002351497767e-01 4.906829762308906329e-01 4.903308947306507792e-01 4.898553607170239022e-01 4.943766465820323974e-01 4.960452945672715885e-01
1.246728849984788112e-01 7.947410006410586536e-02 1.581713490927752486e-01 2.945794647236095187e-01 1.000000000000000000e+00 2.324544143464257195e-01 3.878379473530457200e-01 3.780635058974699536e-01 4.010688105247547930e-01 3.464524012660055163e-01 3.894147276963703108e-01 4.125331428515979226e-01 3.842076428073334937e-01 3.391262584566819283e-01 4.497428188138209992e-01 4.127710526218890119e-01 3.945230827917944327e-01 3.733115275056625992e-01 4.048764962291024339e-01 3.820320374804586083e-01 4.127265572160870311e-01 4.291763250160746668e-01 3.625233853215407698e-01 3.827469210015558843e-01 4.150308197578374547e-01 4.499969554590899645e-01 4.445451389286796395e-01 4.274598220966089879e-01 4.309518450140644719e-01 4.340306992389168506e-01 4.345305154114498802e-01 4.024895785172141749e-01 3.692689577852306670e-01 4.319142961267821157e-01 4.075089777547256098e-01 4.231851374507180630e-01 4.191902245538678407e-01 4.123323161289775829e-01 4.293258731571893971e-01 4.131378563938054582e-01 4.362941724897568818e-01 4.372640115964901986e-01 4.378676195292025008e-01 4.348436732165690266e-01 4.501031321218292303e-01 4.259928779935063803e-01 4.278493737846812417e-01 4.212218611586459049e-01 4.203365532934347781e-01 4.133157155304831298e-01 4.145789482903833312e-01 4.718891417769283669e-01 4.452000031616710207e-01 4.235469345997417978e-01 4.239852444702291168e-01 4.340069661026143000e-01 4.343070425288695358e-01 4.225665311320658257e-01 4.110005017196117216e-01 4.414784673891719025e-01 4.311610412710648044e-01 4.215471619625469346e-01 4.236366499825347520e-01 4.252881238615772164e-01 4.488411519979616515e-01 4.429416278307553578e-01 4.295106644858007749e-01 4.402614849508609263e-01 4.282748457462701719e-01 4.517132090573569569e-01 4.492191397346215198e-01 4.458806524924934234e-01 4.421187448846023993e-01 4.465399382914016502e-01 4.487996914575425600e-01 4.423764732421946455e-01 4.436757057864297304e-01 4.412239496297743480e-01 4.476018567824513461e-01 4.360548679416631490e-01 4.295711773827278201e-01 4.351859254500142771e-01 4.391697791736685619e-01 4.280372871812362368e-01 4.259269314683356566e-01 4.336145257686274124e-01 4.315756460110062864e-01 4.264076220588592925e-01 4.197614361984246534e-01 4.364381254344049110e-01 4.359002007720638727e-01 4.324419918448052513e-01 4.430196057991691583e-01 4.267449432539408560e-01 4.236654036731101192e-01 4.206253516521493707e-01 4.336984578540784563e-01 4.363507354639424851e-01 4.310692269602144355e-01 4.352205390449525590e-01 4.348570603855199668e-01 4.321530451327482147e-01 4.386770682617949224e-01 4.306150884264580148e-01 4.489516322086090083e-01 4.375795513902000500e-01 4.226432019987434452e-01 4.206071042519184955e-01 4.333756865208278075e-01 4.270519379353405753e-01 4.237840070815250271e-01 4.303135493844081894e-01 4.218192323634984975e-01 4.243089784358733962e-01 4.383665793060387839e-01 4.410390435913379426e-01
5.200349025970462530e-02 5.603032404502276270e-02 1.646959697864127381e-01 2.949422317808390037e-01 2.324544143464257195e-01 1.000000000000000000e+00 4.276467221971499422e-01 3.507939670244577535e-01 3.941158353969830275e-01 3.705815117433813310e-01 4.129553335217266974e-01 4.156787689050613910e-01 3.981705062592902911e-01 3.350907802806163960e-01 4.631649262774338305e-01 4.547648997636733470e-01 3.824409268717403054e-01 3.414631158714744319e-01 3.673726267836796011e-01 3.382287017205162227e-01 3.912761218981226086e-01 4.233727661756875871e-01 3.740611787253345644e-01 3.386082927827658851e-01 3.790272729483801784e-01 4.429973679119184604e-01 4.169896044518091038e-01 4.232250517912094501e-01 3.973047713399747161e-01 4.270285457135598595e-01 4.581299627561586929e-01 4.391159999881337761e-01 4.032674684683019706e-01 4.370219933685207114e-01 4.166419158206230433e-01 4.342088086949981718e-01 4.317108668766120871e-01 4.649707590801673285e-01 4.694193793969583250e-01 4.554987844152986187e-01 4.710494337800890108e-01 4.818740022358735109e-01 4.713445961833477305e-01 4.778733225474697255e-01 4.599691691170304519e-01 4.802789433512108519e-01 4.774968805832743302e-01 4.704224191926934528e-01 4.686846114479894521e-01 4.524305233059708886e-01 4.592922419509414822e-01 4.679581777921784091e-01 4.731984165285123001e-01 4.702871416348463618e-01 4.638489642777283151e-01 4.669806123294792943e-01 4.739141196740426221e-01 4.716944394841943722e-01 4.626991326150848849e-01 4.693483050074647722e-01 4.657442416309482969e-01 4.692834034313814739e-01 4.729373100239106509e-01 4.647037799911707956e-01 4.805565489084903108e-01 4.711532042759975503e-01 4.696629765578424487e-01 4.692388761328478708e-01 4.662341744204069327e-01 4.643310758123656568e-01 4.702334748945642962e-01 4.704235448445969747e-01 4.597715510117462157e-01 4.574413375308414298e-01 4.794475118843350425e-01 4.748631991824938114e-01 4.756364632725749719e-01 4.583443477605398941e-01 4.806678238534314307e-01 4.698537086144164987e-01 4.705046944381246488e-01 4.786003444705405618e-01 4.712127826106286554e-01 4.644377888946261135e-01 4.687758016480028656e-01 4.659794386193472637e-01 4.667511404188962598e-01 4.683426944818364079e-01 4.759591385873548908e-01 4.750202634180666905e-01 4.758821161646170084e-01 4.779370991625077059e-01 4.720455606696415396e-01 4.728648921704082242e-01 4.705901039345145032e-01 4.693333666615189248e-01 4.679040399477960577e-01 4.640837075034378034e-01 4.698821072488281736e-01 4.672796902503622563e-01 4.736034655474297139e-01 4.649591843467733576e-01 4.719827849430874855e-01 4.722146092666807959e-01 4.741414498146638845e-01 4.727031178908649434e-01 4.685115287150491969e-01 4.718341677185612926e-01 4.730914053792931173e-01 4.751325050563859342e-01 4.716306528107960250e-01 4.692307975476640025e-01 4.672210988179200664e-01 4.672695685126519449e-01 4.727487558752495600e-01 4.694134364730042086e-01
1.176722813784942673e-01 1.377158905973148439e-01 2.292290012532537669e-01 4.422271296876451596e-01 3.878379473530457200e-01 4.276467221971499422e-01 1.000000000000000000e+00 6.011353905120820906e-01 6.242448863633461853e-01 5.886305678135079766e-01 6.162908988689310696e-01 6.618133752064547792e-01 6.024882719699153899e-01 5.179021032845840811e-01 7.423475654687967662e-01 7.013516990602789436e-01 5.991823877496006423e-01 5.120988859059096843e-01 5.657753846036313039e-01 5.221317393489103287e-01 5.746714846444126445e-01 6.141390809037752252e-01 5.459976064657842132e-01 5.399923529157664159e-01 5.680283295329383586e-01 6.797675119281068046e-01 6.511434810178217125e-01 6.562639090110945483e-01 6.425345952022866181e-01 6.633832751328052613e-01 6.809724193240703771e-01 6.814334914023543188e-01 6.411793274056453162e-01 6.826856750517831252e-01 6.647859478703046499e-01 6.714734517176079720e-01 6.615948797560413652e-01 7.174442095373487760e-01 7.237588417150432329e-01 6.876429982021277088e-01 7.212428846857021902e-01 7.267470960103553645e-01 7.249697176581125779e-01 7.294844360669494598e-01 7.083721638358241313e-01 7.262771714317191041e-01 7.287905598487085523e-01 7.196868825336564246e-01 7.212458580517985274e-01 7.136299518343002246e-01 7.179958060753449667e-01 7.084427048927194326e-01 7.072092599279072855e-01 7.176380824296767491e-01 7.149424578769375538e-01 7.175104743107998395e-01 7.219133212326235283e-01 7.280264423038640409e-01 7.147637961602824053e-01 7.275212004639708407e-01 7.256099919376024499e-01 7.242793180215433280e-01 7.221998336335014868e-01 7.188677573073826155e-01 7.247130880989524071e-01 7.235779424075070576e-01 7.268222512694330062e-01 7.193308522501737912e-01 7.163020833593891634e-01 7.152776782203312811e-01 7.196067189679553611e-01 7.238072816663999598e-01 7.066473895063265509e-01 7.085043429314695773e-01 7.322534721947655534e-01 7.305068768604087159e-01 7.295364274744863264e-01 7.203876134178014423e-01 7.319760587282628794e-01 7.246557562285658172e-01 7.182331548217252282e-01 7.237372088929251435e-01 7.211736143970642887e-01 7.239802540739456171e-01 7.242807133640402073e-01 7.252137669419463917e-01 7.166165231634520350e-01 7.286715068719402666e-01 7.313235412448462203e-01 7.260260628052962462e-01 7.311744573378946566e-01 7.320997989573970743e-01 7.292765176307417496e-01 7.273158552734080295e-01 7.221758955603275743e-01 7.225165805384032858e-01 7.188683931791448600e-01 7.190963088183907059e-01 7.246685204051279694e-01 7.269609760616119187e-01 7.296701436807594421e-01 7.224661169084541923e-01 7.236781874190022501e-01 7.285733774630251958e-01 7.300526623106633473e-01 7.259138274138983160e-01 7.221007656075222325e-01 7.208390303921099473e-01 7.273046963098798168e-01 7.245799218390657215e-01 7.244799226269137415e-01 7.233033890494418028e-01 7.201053950242758406e-01 7.207242187179975224e-01 7.266024530140156035e-01 7.254023123689046226e-01
1.397815116543872360e-01 1.391005195104124958e-01 2.164300574603077454e-01 4.306891959009479520e-01 3.780635058974699536e-01 3.507939670244577535e-01 6.011353905120820906e-01 1.000000000000000000e+00 6.114975629363701426e-01 5.586677598878608819e-01 6.321462782052094109e-01 6.868079571111883608e-01 5.830813290087623058e-01 4.814420375779391859e-01 7.127871593629443447e-01 6.972766482939167787e-01 6.281609893399388023e-01 5.573739694451811388e-01 5.929910966487438317e-01 5.435845337339074712e-01 6.301013500435932446e-01 6.305426777390459314e-01 5.569530207371835573e-01 5.798100437924313955e-01 5.899632644177662533e-01 6.877410688629530533e-01 6.902366809708195827e-01 6.699916212292744699e-01 6.543914076432268967e-01 6.818601881280506039e-01 6.974282599053708287e-01 6.849423820435637245e-01 6.494820732499891891e-01 6.930176060235272439e-01 6.790059718557479584e-01 6.782491612969273609e-01 6.774797792982988343e-01 6.965177670605723348e-01 7.112558779616915405e-01 6.879792120549227397e-01 7.123168601906807451e-01 7.135236089968018947e-01 7.094199351280665589e-01 7.145605797200395015e-01 7.211014377859191748e-01 7.042419904381458373e-01 7.098858888748250662e-01 6.963055873772940885e-01 7.070643758328297723e-01 7.014823464649873053e-01 7.121065456247656078e-01 7.017703805286529262e-01 6.982215460798928408e-01 6.928434634053789454e-01 6.942785553126515907e-01 7.012066972603977488e-01 7.043067093563991632e-01 7.063127088241821783e-01 7.079304558518567658e-01 7.120496759430995359e-01 7.201912871272316830e-01 7.061635762751490297e-01 7.083871398720911206e-01 7.034547572455682740e-01 7.136865231065340209e-01 7.127459655753275447e-01 7.080549455508288181e-01 7.138671414559152328e-01 7.059830345816560104e-01 7.203377979993397240e-01 7.219140870927753806e-01 7.138074547871740005e-01 7.075661559429236025e-01 7.117154379317347512e-01 7.234276353162435447e-01 7.180786071630461675e-01 7.167384682602250257e-01 7.147925317209984364e-01 7.189149451695718840e-01 7.172194651165784141e-01 7.072580206183294305e-01 7.135197553530102654e-01 7.085645082256482041e-01 7.112239918257766691e-01 7.139984703936645971e-01 7.202224319532540830e-01 7.101940323783076936e-01 7.150138133411928498e-01 7.065336470295037197e-01 7.109938310659509320e-01 7.179925899359114183e-01 7.150472240664239587e-01 7.225600408832083543e-01 7.144277066519529873e-01 7.024829529855061150e-01 6.991368060474454360e-01 7.168890772179100646e-01 7.171811475360476695e-01 7.115154050238209349e-01 7.200400941917094455e-01 7.157695753942040495e-01 7.138601899945649087e-01 7.126012669418168022e-01 7.108899233333577650e-01 7.198554730585100536e-01 7.112807159588285799e-01 7.076030706737924669e-01 6.951295712213874101e-01 7.068358480676414368e-01 7.111199720763999865e-01 7.094892295021250073e-01 7.078497483147218050e-01 7.053301267281562037e-01 7.041333823695270500e-01 7.113770979852965803e-01 7.130955175378222988e-01
3.147027956635374824e-01 2.156735777700537204e-01 2.508680414144152104e-01 4.136397878289200247e-01 4.010688105247547930e-01 3.941158353969830275e-01 6.242448863633461853e-01 6.114975629363701426e-01 1.000000000000000000e+00 7.145887058766863253e-01 7.407830208584590403e-01 7.314895171918083250e-01 6.055007586443775791e-01 5.476399107917012676e-01 7.755449909267499997e-01 7.509326081769831518e-01 7.862759455095035266e-01 7.470064862200380684e-01 7.559363370114023928e-01 6.503501209971104258e-01 7.216345733692320907e-01 7.410039367739507110e-01 7.527751860087983360e-01 7.574099445702608957e-01 7.529779265423951484e-01 8.292406458092459465e-01 8.069467098726895715e-01 8.106415466933545311e-01 8.079386888708233183e-01 8.305024994403269467e-01 8.142353362338622391e-01 8.348139424189556790e-01 7.766886690970730145e-01 8.279614765627121287e-01 8.032180720891228809e-01 7.894519115418593413e-01 7.897800607188733002e-01 7.936415986330752625e-01 7.999500314107070853e-01 7.461595879015541222e-01 8.168726666828394212e-01 8.025331715722104908e-01 7.745497156285343632e-01 7.963369362032722831e-01 8.237872408784703282e-01 7.899554493772388275e-01 7.960606431103561809e-01 8.091356049834077524e-01 8.043218284799694695e-01 7.758608105462878601e-01 7.858849361793268651e-01 7.699486132323782872e-01 7.809868362363632244e-01 8.220659186147603048e-01 8.087025677491421760e-01 8.189946830226750851e-01 8.066724613829612256e-01 8.037571752200135533e-01 7.895305833589717492e-01 8.109314726451243294e-01 8.017373748752479878e-01 7.979372407659007793e-01 7.879561574662977685e-01 7.985621705352342614e-01 8.319781916056152582e-01 8.268860445075051357e-01 8.248942758902961803e-01 8.447710654912907735e-01 8.404637266322728673e-01 8.180275966838118640e-01 8.223678199263241284e-01 8.359804605457151760e-01 8.488146409545171966e-01 8.391087784619672973e-01 8.357839018076692605e-01 8.237584857465797272e-01 8.264939024421381619e-01 8.310324662540746754e-01 8.246547324851779548e-01 8.291865672121906394e-01 8.205838768353084234e-01 8.145955527281263375e-01 8.449294808090401787e-01 8.201887572691707318e-01 8.101871792936302663e-01 8.304047696851186711e-01 8.039547845869081666e-01 8.100109066799422441e-01 7.981581927343273097e-01 8.273657824770342950e-01 8.129375012072355133e-01 8.056334503991439133e-01 8.177035201934121922e-01 8.031189937574128024e-01 7.927679206492173059e-01 7.945605432254938538e-01 7.811721072681406808e-01 8.137648283475122923e-01 7.984270346072792623e-01 8.057751817489515744e-01 7.978970288527322818e-01 7.974171962420445459e-01 7.982297970812987087e-01 7.924342019481167565e-01 8.130966653144779954e-01 8.089788264894122172e-01 8.032957987600485295e-01 7.990380625681194893e-01 8.171352920201155889e-01 8.038070361764503291e-01 7.961046669466517178e-01 8.011536624833491826e-01 7.925585291556981327e-01 7.980227770634696904e-01 8.175656431622503328e-01 8.103604788724722008e-01
1.394102920411644242e-01 2.055711814449057151e-01 2.071707911882556263e-01 3.644192915524296361e-01 3.464524012660055163e-01 3.705815117433813310e-01 5.886305678135079766e-01 5.586677598878608819e-01 7.145887058766863253e-01 1.000000000000000000e+00 6.513639795934288435e-01 6.655874056207727874e-01 5.825105972902712148e-01 5.180089207859263079e-01 7.261755635667647146e-01 7.052953033689977058e-01 6.612957914305886975e-01 5.757967696837270610e-01 6.168674738731747542e-01 4.964075911538092245e-01 5.535285504341219687e-01 6.015775808431426119e-01 6.418120449289865803e-01 6.040588609618381399e-01 6.187088805334149955e-01 7.446879265684448468e-01 7.031554450702375281e-01 7.244616997743205111e-01 7.054692734307458357e-01 7.312798931994183294e-01 7.418190280328212927e-01 7.625566040344744501e-01 7.197069572689573924e-01 7.238305960022223262e-01 7.316478785785676120e-01 7.207921557194979512e-01 7.434412612214033045e-01 7.583157070481554296e-01 7.651355833464702494e-01 7.242017709954218230e-01 7.748613355832614236e-01 7.654744691256897271e-01 7.454076845534519657e-01 7.646048936570687404e-01 7.617322232837355767e-01 7.664992033059939702e-01 7.691093289541117706e-01 7.820673904012532818e-01 7.681503533651119486e-01 7.346178333040271902e-01 7.548244327272187748e-01 6.972420005954744759e-01 7.348092695122733220e-01 7.783725568700644581e-01 7.676796873379745367e-01 7.775476017116523808e-01 7.486010336149419020e-01 7.718398647543613933e-01 7.630402274582350763e-01 7.693770090383355020e-01 7.626156512385506847e-01 7.644482716117211307e-01 7.495192370186126718e-01 7.622308177730314771e-01 7.587693204991750040e-01 7.633667968951366456e-01 7.828881967076378734e-01 7.780356338704355057e-01 7.826032689004588372e-01 7.428898455104396836e-01 7.495778535031966117e-01 7.713617546432468552e-01 7.633614152454049062e-01 7.643512173457798209e-01 7.835583813147860566e-01 7.786877981979798413e-01 7.799952091046815639e-01 7.734525840492777471e-01 7.772506471074788204e-01 7.768399960357320611e-01 7.773182709562294068e-01 7.796696004760982346e-01 7.832088121541052050e-01 7.733184535907994261e-01 7.684538241763104738e-01 7.745521475154336644e-01 7.722028634112821921e-01 7.793929503619748678e-01 7.777563580609582194e-01 7.846724246583984819e-01 7.769999339801538785e-01 7.792907601410214991e-01 7.775464721830529502e-01 7.766774273020523589e-01 7.708849488490679969e-01 7.739268878873466484e-01 7.496804927891392856e-01 7.591047180167608266e-01 7.674487866016710402e-01 7.694660086105578056e-01 7.709837088828200846e-01 7.632015617322062129e-01 7.596736163492708860e-01 7.678969676795770472e-01 7.673257636483959976e-01 7.670558651417245244e-01 7.716460090980583608e-01 7.748276191106986399e-01 7.799933656327205922e-01 7.728136037438707584e-01 7.700474252350553162e-01 7.727542162611354959e-01 7.681429665364863935e-01 7.696971422743514868e-01 7.715576915757750287e-01 7.641896433047328241e-01
1.893917583066666022e-01 1.593788157226074531e-01 2.769396961340641061e-01 4.853827428830487234e-01 3.894147276963703108e-01 4.129553335217266974e-01 6.162908988689310696e-01 6.321462782052094109e-01 7.407830208584590403e-01 6.513639795934288435e-01 1.000000000000000000e+00 7.859622527155171179e-01 6.286375010661019447e-01 5.449282436970400711e-01 7.708588252840843369e-01 7.612541290921742698e-01 7.361552272902485150e-01 6.810728418908678083e-01 7.098668088291242295e-01 6.405251191856563553e-01 7.189940432512454960e-01 7.353619379853043592e-01 6.835218834850997904e-01 6.918893209878581585e-01 7.074701613471284789e-01 8.052239739128133067e-01 8.076569707894983852e-01 7.979714157856090395e-01 7.681846759759927146e-01 8.106947117172882411e-01 8.255180806827054907e-01 7.937007614837021663e-01 7.632790360273985497e-01 8.014845276485061953e-01 7.943492243178854606e-01 7.940822003965197773e-01 7.898240900134887443e-01 7.964066095167346981e-01 8.106977339107677150e-01 7.840502836917240259e-01 8.147798324091866107e-01 8.128977381913994327e-01 7.987560483712070614e-01 8.035244992149757071e-01 8.325790979860985264e-01 7.984386620378757238e-01 7.971050097728933359e-01 7.926738993630236818e-01 7.955482544106324827e-01 7.908163767305111946e-01 7.986944896016067164e-01 7.941865094606341824e-01 7.989242478688429738e-01 7.976511552167370178e-01 7.888928359946105751e-01 8.048456722593276824e-01 8.032119922304082893e-01 8.014114844600878085e-01 7.940752167792021199e-01 8.040000016324224674e-01 8.108977128058039163e-01 7.984761069528466537e-01 7.967835315807150209e-01 8.007384563951631673e-01 8.200555299038685408e-01 8.144033621261299594e-01 8.104098233734565726e-01 8.231578274439395049e-01 8.128585595632448202e-01 8.211238233430352418e-01 8.222137230511477046e-01 8.251946150738058705e-01 8.195466448291515160e-01 8.221711598172186664e-01 8.316061921265486268e-01 8.258527660111705249e-01 8.240261535377227942e-01 8.188906058782128294e-01 8.221683689799245132e-01 8.250048967404892686e-01 8.165088032222501679e-01 8.164730652796231558e-01 8.226662979915523310e-01 8.162378943651914520e-01 8.132111104669804691e-01 8.188129602470108903e-01 8.090467031646751961e-01 8.089536082040372778e-01 8.009572071091808354e-01 8.126424083581577085e-01 8.200481836974973238e-01 8.078200865014470988e-01 8.227028466037847876e-01 8.065319504470558343e-01 7.954494849467059758e-01 7.920549982031420688e-01 7.987190598675865116e-01 8.095476703503822202e-01 8.029153163533678805e-01 8.095706672794403813e-01 8.067213705455861250e-01 8.005824834508361576e-01 8.071016576699459044e-01 8.012271549491980505e-01 8.195769348672478083e-01 8.068182371061037861e-01 7.990853360997514088e-01 7.912555620493012531e-01 8.061001510887881860e-01 8.019289548684040980e-01 7.987078249888386328e-01 7.993201916342692614e-01 7.934057886947113447e-01 7.974664717454411633e-01 8.092177587474188583e-01 8.083546899083395854e-01
9.215286150659925124e-02 1.151771803755404638e-01 2.698651243713273140e-01 5.428845267804687236e-01 4.125331428515979226e-01 4.156787689050613910e-01 6.618133752064547792e-01 6.868079571111883608e-01 7.314895171918083250e-01 6.655874056207727874e-01 7.859622527155171179e-01 1.000000000000000000e+00 6.965391506080090833e-01 5.985379832734362138e-01 8.373043777820334821e-01 8.331386042057132846e-01 7.278489522802580325e-01 6.191500940616873061e-01 6.716898111114135705e-01 6.598010618025584861e-01 7.296532202076486673e-01 7.355558544049755065e-01 6.334262585730515704e-01 6.394992840361177766e-01 6.838950930432989850e-01 8.225179063595067230e-01 8.365447990798328126e-01 8.160264768605763885e-01 7.824898293352624545e-01 8.141005126253894053e-01 8.485713041026425874e-01 8.151498495028844937e-01 7.982016558008397933e-01 8.071759365204228542e-01 8.240078536470801795e-01 8.269998148490382839e-01 8.386424932997788018e-01 8.497827143474114830e-01 8.597370296996217354e-01 8.531899176727452128e-01 8.642807775377420176e-01 8.688141183612675400e-01 8.691000745159795926e-01 8.702871902456401632e-01 8.762789068405147930e-01 8.662495394057725395e-01 8.694171955975342758e-01 8.537883849096854494e-01 8.659704302120038166e-01 8.547330844447400544e-01 8.719085858771438158e-01 8.577117026541717371e-01 8.700035335048866836e-01 8.497983470709875586e-01 8.484158509055965691e-01 8.511993237605428586e-01 8.667545112788093142e-01 8.671554869068951454e-01 8.701360522352041826e-01 8.759859043077009577e-01 8.848854672584555159e-01 8.714595963379161425e-01 8.694434606861838333e-01 8.640046606447917554e-01 8.621613221601478472e-01 8.755936773992942790e-01 8.609740558393382814e-01 8.561547098709505477e-01 8.512729455076714080e-01 8.797897016764040234e-01 8.774392694101438295e-01 8.658891125483607620e-01 8.391907811104929449e-01 8.597974035368036727e-01 8.823536959239649535e-01 8.805768821456368967e-01 8.783006937764933353e-01 8.706954058716133149e-01 8.767501741003482785e-01 8.756966201230549363e-01 8.691239072412562106e-01 8.707810672225583248e-01 8.585649427279585799e-01 8.750134803585204457e-01 8.700431202342521209e-01 8.684429348151687655e-01 8.739881863979154231e-01 8.721174953283350462e-01 8.648815410107809631e-01 8.627775203361405243e-01 8.804103007693343530e-01 8.735419846721086401e-01 8.837251835974903047e-01 8.743525921258231692e-01 8.656187367578654923e-01 8.604123496140633209e-01 8.777709928783054005e-01 8.772974905963201175e-01 8.733070070606659963e-01 8.794967589571375255e-01 8.746489233625943660e-01 8.744427524116145101e-01 8.826774942844695104e-01 8.734796158291209256e-01 8.836955333324418849e-01 8.725846968528541137e-01 8.681835875282625237e-01 8.546492999156396486e-01 8.650648845762972661e-01 8.692217734863821876e-01 8.712708710263137313e-01 8.704302506746727230e-01 8.683367807525319559e-01 8.673879428815999271e-01 8.678249510905911013e-01 8.799454588593424997e-01
-2.150399771709486998e-02 8.568457403458767940e-02 2.211907927719811151e-01 4.446938883514138241e-01 3.842076428073334937e-01 3.981705062592902911e-01 6.024882719699153899e-01 5.830813290087623058e-01 6.055007586443775791e-01 5.825105972902712148e-01 6.286375010661019447e-01 6.965391506080090833e-01 1.000000000000000000e+00 5.409917013316456469e-01 7.572878924858816863e-01 7.498776669459857880e-01 6.075955097169891683e-01 4.673123569423419110e-01 5.462319530145174351e-01 5.241888168147341709e-01 5.706045714265298718e-01 6.130910902783081040e-01 5.305001271642242333e-01 5.219596545858897763e-01 5.540315460005196257e-01 6.902438786740072718e-01 6.601291456386227940e-01 6.515115885246761662e-01 6.301788396589926844e-01 6.738033054616422435e-01 7.007302751752543246e-01 7.069452863309462209e-01 6.528901474143247174e-01 6.984410597238390750e-01 6.865250375234936975e-01 7.027709812967591896e-01 7.072364899961767204e-01 7.661955659672503582e-01 7.710115239331649661e-01 7.335906030659675725e-01 7.754392593928822741e-01 7.719832185337456298e-01 7.813636922483611080e-01 7.908603702897486487e-01 7.533525044243378765e-01 7.719573078538091160e-01 7.997652692145235109e-01 7.911896173085563033e-01 7.894627536705407511e-01 7.665739619394830173e-01 7.871505336618228599e-01 7.530000526964446550e-01 7.731857810813933529e-01 7.788926572838928974e-01 7.804189870586807354e-01 7.690396531699508209e-01 7.847595107049240015e-01 7.939903541144557320e-01 7.938613888057375334e-01 7.958302849695132464e-01 7.986061343530637124e-01 7.998120879710982623e-01 7.972550602928342167e-01 7.924093743988426253e-01 7.760004778082396637e-01 7.829402027635160577e-01 7.858103186604175061e-01 7.638172871488221327e-01 7.544622049458312718e-01 7.712785891586839693e-01 7.704246052522749633e-01 7.741373528308662655e-01 7.403947367212673214e-01 7.509509147663336881e-01 7.793267778393582201e-01 7.828734916929280807e-01 7.768794345608387442e-01 7.590830481020196530e-01 7.817452999228169386e-01 7.708326157609872720e-01 7.733582134221651527e-01 7.818438630422848146e-01 7.642649178173376301e-01 7.680624263528134099e-01 7.815709202666534239e-01 7.768234900531268972e-01 7.768316582206629128e-01 7.907878807053424497e-01 7.908104336928130085e-01 7.741800021550009347e-01 7.794906717002966223e-01 7.979134963636324018e-01 7.908964797646516054e-01 7.950625497733305735e-01 8.019507228402424914e-01 8.007862995884805768e-01 7.934136029504834653e-01 7.880652992826099323e-01 8.032847287114067703e-01 7.982646560186980045e-01 8.000833747177353850e-01 7.988958475363057143e-01 7.937847886473140546e-01 8.045040066020345826e-01 7.949778890540002418e-01 7.928364783852033248e-01 7.953143860330647019e-01 7.949642678578281441e-01 7.886087407043259612e-01 8.008500610755481253e-01 8.015876933049764785e-01 8.005709672677687738e-01 8.026987012236516117e-01 7.982659201019236539e-01 7.907045651813053855e-01 7.961727675407830329e-01
