1.000000000000000000e+00 5.115564389473169216e-02 6.520948488626772399e-02 2.020338058035097903e-02 -1.133883451516066489e-02 7.470942008899576769e-02 1.897411220224983971e-02 2.339298942531719758e-02 1.040220824117510795e-01 7.045530558792827136e-02 4.239868468349442671e-02 8.499920395842502224e-03 1.755723466341468225e-02 -1.197893067095122735e-02 6.861759429920675710e-03 1.689879985241739616e-02 8.145382185405675157e-02 1.779609374407032651e-01 1.222531435007455786e-01 1.361395269749689496e-01 1.495609234569686696e-01 1.288211127245552923e-01 1.275218870517961789e-01 1.314417459516966646e-01 1.132193535925843098e-01 9.301913788599561195e-02 6.076719329740427195e-02 7.203983152768594911e-02 1.146922984066402890e-01 9.022489921677182001e-02 7.470251927935578351e-02 5.957911300142702121e-02 7.005467180851390752e-02 6.519977402501889174e-02 8.391118709371915563e-02 5.110429131130467956e-02 6.639014162266070052e-02 2.508370462783797439e-02 1.255762408649381198e-02 -3.771988961502233291e-03 2.410573400321550791e-02 7.054086848654396967e-03 -7.067279855536743975e-03 1.558642935751804529e-02 3.325139128425239760e-02 2.422007926508662826e-02 6.126262112253183685e-03 2.381146579099741728e-02 2.219508454915627288e-02 3.226772310280599104e-02 1.590615603132098863e-02 2.954318780660294963e-02 1.670513120568573040e-02 3.689730794165896333e-02 4.041435153309509004e-02 2.876251380061935550e-02 5.072883335994186893e-02 1.750810256450387528e-02 9.214004493498259216e-03 2.484289491035942057e-02 9.260570830209407384e-03 1.937333587833828252e-02 1.216252392123964160e-02 3.336775780718437279e-02 4.919490581435213838e-02 4.898603108190140859e-02 3.352611385074810019e-02 4.610022921923421363e-02 3.692837020202160980e-02 5.721535359692231371e-02 4.732394725955935133e-02 3.830663780837973570e-02 5.171138949863651052e-02 4.999748308235570093e-02 3.068477610086460874e-02 3.244243671174359273e-02 3.455332210740089116e-02 5.455332032594271269e-02 4.091048146808608232e-02 4.536630948164192823e-02 3.959764341560910450e-02 3.058687792317185683e-02 3.466776051145659815e-02 3.649982325580525960e-02 2.464976985443964944e-02 3.324174096735885847e-02 2.770256581100224644e-02 1.085363503277588133e-02 1.065256496327799708e-02 2.643595195414464791e-02 1.886716865554620773e-02 1.051019292597642381e-02 1.540214573362112989e-02 1.047445934948159144e-02 -1.334163399956375987e-04 1.024724647116246473e-02 -3.661723934551329961e-03 2.627505934779718680e-02 3.086205923075859957e-03 1.206029839730892415e-02 -1.979489810699510636e-03 6.049552956783142872e-03 3.823590433248156509e-03 1.696524215538672232e-03 1.895327916364526050e-02 1.705770882645552683e-02 1.063083863532852773e-02 1.533451325646636824e-02 1.943927807549595405e-02 5.097006227866523673e-03 5.619213912773961955e-03 8.684387264435707715e-03 5.524573110303763156e-03 1.613591763543299751e-02 2.482840701097313238e-02 2.422261962398668950e-02
5.115564389473169216e-02 1.000000000000000000e+00 8.079966000818228355e-03 3.784755223241830294e-03 6.640408872692742104e-02 7.096028291096630192e-02 1.082416832783095334e-01 8.633847133395781970e-02 1.532794463873254076e-01 1.401765941141937810e-01 1.212879845137943696e-01 1.016473628450126621e-01 1.155844101308114852e-01 9.729260457692301411e-02 1.152303204101446377e-01 1.184411370568880378e-01 1.431060169073819222e-01 1.163843552292940231e-01 1.089908460154421915e-01 5.859805292837833024e-02 8.609781202954823465e-02 1.127701627944327767e-01 1.277568557215919554e-01 8.631997869534553669e-02 1.147928109823596471e-01 1.398992585483611328e-01 1.205514503533370446e-01 1.495276450229003629e-01 1.646351685561625033e-01 1.506241479812966133e-01 1.524919882637395530e-01 1.297218458873681257e-01 1.390489738009472176e-01 1.081006023751622802e-01 1.476515173599483310e-01 1.132892109625801697e-01 1.389302466648201784e-01 1.317406547437820485e-01 1.192757126410139701e-01 1.151799890252486747e-01 1.284712445559645366e-01 1.309835231608449113e-01 1.176641993273330328e-01 1.262323916581573613e-01 1.251695387083087974e-01 1.330598569239638262e-01 1.259043232420663794e-01 1.373144427169137594e-01 1.398817943858791935e-01 1.186365214339113322e-01 1.241362428931769568e-01 9.933846395671531992e-02 1.257852924901756708e-01 1.422606401145902477e-01 1.464288006591365210e-01 1.378622604508576432e-01 1.390442260979210254e-01 1.308485487338084119e-01 1.391703448258794218e-01 1.301248674212401590e-01 1.284296116739107874e-01 1.384012545982970799e-01 1.367166002218689891e-01 1.382199366388125739e-01 1.321734995310473726e-01 1.361584588687750341e-01 1.356680918221964960e-01 1.356225003271626928e-01 1.402984289876770541e-01 1.155328882366617599e-01 1.230114671139425908e-01 1.295837968213406910e-01 1.292682495850855928e-01 1.343420010202029669e-01 1.378322072991519098e-01 1.330177514861551891e-01 1.385289017418470103e-01 1.487423643250739003e-01 1.378825390996850087e-01 1.436128418110924621e-01 1.399130661072222892e-01 1.378255920671550006e-01 1.388743052362259034e-01 1.394422733740749432e-01 1.321916463858821000e-01 1.281458357573294349e-01 1.315637626291811524e-01 1.323332077637324744e-01 1.284542780393803096e-01 1.431814908783466123e-01 1.313519670443492326e-01 1.289541608944896334e-01 1.289245276668290752e-01 1.294639044429272412e-01 1.298960924863627742e-01 1.340874890748475212e-01 1.210738826698154053e-01 1.260824676474199268e-01 1.254527678959420633e-01 1.296716927420560883e-01 1.219438838949444964e-01 1.274872785757323324e-01 1.201174588895086853e-01 1.220045934734658027e-01 1.197211091507466296e-01 1.282375007280684431e-01 1.331585269281924111e-01 1.365041462481472456e-01 1.361907232390716649e-01 1.294830384647780441e-01 1.311270420422887273e-01 1.322046097917380370e-01 1.293925668502614590e-01 1.317813788941564479e-01 1.320639440518028840e-01 1.286274190923876737e-01
6.520948488626772399e-02 8.079966000818228355e-03 1.000000000000000000e+00 2.900099053813032235e-01 1.423688880287436453e-01 1.897758375773005990e-01 2.872420235383170151e-01 2.548979328391222654e-01 2.897637790386269341e-01 2.174390550975414671e-01 2.911002448693410516e-01 3.139377387706741573e-01 2.315384013618944081e-01 2.675075843370794959e-01 3.014806441942433080e-01 2.900812586096951362e-01 2.969737519543069748e-01 3.557214945362557890e-01 3.617749204619810643e-01 3.183353371897224005e-01 3.668595708295608326e-01 3.854518886535672206e-01 3.370176094281854273e-01 3.524193430718020048e-01 3.600053993302397282e-01 3.498867507764486517e-01 3.542446208485194314e-01 3.551493209607717305e-01 3.603390739950052546e-01 3.659162958913943497e-01 3.518332228911792425e-01 3.117654119955073355e-01 3.279137038234107293e-01 3.333849171319248073e-01 3.489642487200006471e-01 3.323834956974375809e-01 3.407529644875113561e-01 3.151729651648598751e-01 3.258181795124066027e-01 3.067981605083730523e-01 3.238948335688361935e-01 3.188481750775898904e-01 3.031215006574394799e-01 3.241331232280562080e-01 3.386294368750731865e-01 3.140987743219608164e-01 3.021673596418461560e-01 3.045659400408719519e-01 2.975472987078476850e-01 3.111653067644613579e-01 3.180524222193045203e-01 3.254889741690912830e-01 3.175743647013812287e-01 3.008335699495037763e-01 3.062940647247271442e-01 3.133547726900103858e-01 3.109428349354156906e-01 3.123001009397237682e-01 3.080464165185539671e-01 3.112098636421036790e-01 3.053433630163238099e-01 3.047539097261440788e-01 3.033824673321171561e-01 3.098574912513903934e-01 3.335327736982771629e-01 3.284750744483717066e-01 3.089225596909350724e-01 3.391957258520174046e-01 3.228156296401878955e-01 3.480613993969234321e-01 3.563710183660079300e-01 3.471392122027402993e-01 3.379052450259322216e-01 3.501540519889183023e-01 3.255491737608329217e-01 3.311894695650370868e-01 3.290115136227632076e-01 3.447493903569583407e-01 3.344757783845956900e-01 3.379352295365077308e-01 3.360889611917847186e-01 3.343787589712727826e-01 3.207779569666479591e-01 3.321321474166217258e-01 3.182855575300131967e-01 3.258857867977323908e-01 3.301512424395541823e-01 3.153726686758838160e-01 3.153132666182793531e-01 3.191958453555004960e-01 3.187360683006347228e-01 3.140856272828069784e-01 3.194106903984475498e-01 3.141599609474636789e-01 3.019582804197701309e-01 3.053368187557295443e-01 3.000030847321437100e-01 3.108802339123203362e-01 3.066250490415368124e-01 3.150230999654645703e-01 3.100880618082249018e-01 3.085139555296700364e-01 3.121257257706225863e-01 3.078155645291996700e-01 3.209949803851784300e-01 3.028760647253658234e-01 3.026360433334764344e-01 3.078475574635262113e-01 3.060889468859820939e-01 3.060211146751554701e-01 3.102362935871421090e-01 3.051496622400357017e-01 3.043821605708728617e-01 3.076744950856929450e-01 3.201069538436954187e-01 3.208777633500529136e-01
2.020338058035097903e-02 3.784755223241830294e-03 2.900099053813032235e-01 1.000000000000000000e+00 2.768402718532204099e-01 3.713958875384032465e-01 5.319297261776104735e-01 4.966665129293273973e-01 4.897927960584453899e-01 3.983533536714549683e-01 5.304300180920309415e-01 5.836959135548517308e-01 4.531037324437611757e-01 5.063098719827794358e-01 5.669071539114290958e-01 5.526876786808092579e-01 5.024975916814359289e-01 5.033265535891606746e-01 5.575000195276106352e-01 5.053085204417797627e-01 5.617847812878589142e-01 5.756183302259624268e-01 5.268932949609681504e-01 5.260950919353447608e-01 5.608744666507078369e-01 5.786706801878547246e-01 5.798648662506070695e-01 5.808897020512442388e-01 5.507905668668833243e-01 5.694381717310558200e-01 5.844375997559320135e-01 5.611755049498162728e-01 5.589816492909103207e-01 5.649341601099150401e-01 5.648899715724794435e-01 5.866083744222796437e-01 5.753789625800248553e-01 5.744936572062980806e-01 5.823960759436028756e-01 5.818449082838371700e-01 5.822539744619235069e-01 5.808160014266886551e-01 5.811079895304352982e-01 5.889415042000293310e-01 5.946580691240017646e-01 5.725399341695718292e-01 5.580202920404976341e-01 5.543551582862753513e-01 5.511308720644914061e-01 5.682600238565090889e-01 5.789474988677307810e-01 5.994675708361660860e-01 5.794433781815505613e-01 5.460132723955348766e-01 5.439756576183404357e-01 5.630874305653686962e-01 5.596232750501994868e-01 5.668074394506560365e-01 5.540438507510060395e-01 5.647528127582903679e-01 5.719003713464305694e-01 5.543407630943356645e-01 5.549021956385167265e-01 5.642070524505344853e-01 5.783386257650415807e-01 5.743158446420278951e-01 5.588805407612192910e-01 5.746250279753689627e-01 5.635209921419687129e-01 5.968427425798792374e-01 6.042328831933394540e-01 5.893896675918484096e-01 5.796704118323904309e-01 5.869839608662735797e-01 5.798297784916888187e-01 5.809970401361346237e-01 5.781093178422658241e-01 5.771894605880715234e-01 5.773102881437702782e-01 5.789555307177474130e-01 5.716224252194491706e-01 5.771906205111391186e-01 5.666757056733561226e-01 5.749112304630549231e-01 5.730174266632502844e-01 5.747418628077357594e-01 5.780943110839316113e-01 5.695113145909977970e-01 5.708905825395440559e-01 5.622788307446768830e-01 5.766135936966085840e-01 5.750357439796291992e-01 5.811934339812652173e-01 5.743693023796896391e-01 5.586822057932669949e-01 5.597606452145003075e-01 5.778150916810488313e-01 5.692017702045897298e-01 5.727849554439381485e-01 5.740529605073459996e-01 5.755367363928937108e-01 5.684330191097587415e-01 5.809162617429491915e-01 5.729633530998125002e-01 5.852878201639615252e-01 5.620496581753199328e-01 5.597633301059015132e-01 5.601766019595300072e-01 5.583855027357743639e-01 5.635094860527042337e-01 5.659007364375989724e-01 5.613643885661726562e-01 5.615789787177751791e-01 5.658666922216402106e-01 5.701586166822615320e-01 5.767608844333514950e-01
-1.133883451516066489e-02 6.640408872692742104e-02 1.423688880287436453e-01 2.768402718532204099e-01 1.000000000000000000e+00 2.611426147678613252e-01 4.133066759381650579e-01 3.966514696723205669e-01 3.973273893930859280e-01 3.282637762733438547e-01 3.851808282678024220e-01 4.122946361540120730e-01 3.753196159274263533e-01 3.802232787956310589e-01 4.307708709224905008e-01 4.277538826279005391e-01 3.909516341486501956e-01 3.348958946374280821e-01 3.743726401567184503e-01 3.036767128187000120e-01 3.297290859756668580e-01 3.640835718263632503e-01 3.640027418301575723e-01 3.300724514421865541e-01 3.652393315173864674e-01 4.220325300096909316e-01 4.122354252195177260e-01 4.238985282427831791e-01 3.964454192991096471e-01 4.153330404722256342e-01 4.299849090348704106e-01 4.162233371291863548e-01 3.945184508639431598e-01 3.916114518135806466e-01 4.117922935605019541e-01 4.152597738923213266e-01 4.268127110346275899e-01 4.271001405858548816e-01 4.273847460441433932e-01 4.279821210512170238e-01 4.377053801153936718e-01 4.380387361946971869e-01 4.284205241085488058e-01 4.352087683937432283e-01 4.386185859743536031e-01 4.360522780857679637e-01 4.338185127550647224e-01 4.345468026923075544e-01 4.376595844363992960e-01 4.239899826650327386e-01 4.347825165700096584e-01 4.288814637379295136e-01 4.395049817047377849e-01 4.369616621610922236e-01 4.293737670041755106e-01 4.321357896537303400e-01 4.328190152008903335e-01 4.383882455702298730e-01 4.326729522403941486e-01 4.345669748798635657e-01 4.357491458989196653e-01 4.317236938038937488e-01 4.259383347030405442e-01 4.334920321303246671e-01 4.363808472466300659e-01 4.378536203336081956e-01 4.358052429039141473e-01 4.317619273374874722e-01 4.272340781939692467e-01 4.251679946615443129e-01 4.335870522003582583e-01 4.337061299665593284e-01 4.192444094606890825e-01 4.225036330006127216e-01 4.396351660568808550e-01 4.366477261550623101e-01 4.367898615905968507e-01 4.309543452589238433e-01 4.285299406739130901e-01 4.378642285667591061e-01 4.326867301450726955e-01 4.374244371862183178e-01 4.355914923356437041e-01 4.295060437594654390e-01 4.264511905031708183e-01 4.293225548119632973e-01 4.361448140105363414e-01 4.308586828115868461e-01 4.337271552413203279e-01 4.354465998687264139e-01 4.355724826911137604e-01 4.383965921130484333e-01 4.399591269714313579e-01 4.375399818231981985e-01 4.356127754447852718e-01 4.353511362625998027e-01 4.365590002577849904e-01 4.370076526649356863e-01 4.396143722130485543e-01 4.357221158437533659e-01 4.390752945689997966e-01 4.355554538177146551e-01 4.438193039136401619e-01 4.391117512302249448e-01 4.416697216276520566e-01 4.369133438647397893e-01 4.357212682228248646e-01 4.373102722263175202e-01 4.363285240298294121e-01 4.359906061746812167e-01 4.348963381887328006e-01 4.351070620372101683e-01 4.358047105228096685e-01 4.365056628923827953e-01 4.379184094263538496e-01 4.394969369055076180e-01
7.470942008899576769e-02 7.096028291096630192e-02 1.897758375773005990e-01 3.713958875384032465e-01 2.611426147678613252e-01 1.000000000000000000e+00 5.050635413870709911e-01 4.621433240291083488e-01 5.031799491322438422e-01 4.288932491325802565e-01 5.113481949315863417e-01 5.429282255819726233e-01 4.769864713720736171e-01 4.785471538608372932e-01 5.574007366355054893e-01 5.438769985711962018e-01 5.203818137795520604e-01 4.692917806815556925e-01 5.032309926531939315e-01 4.225637235851670281e-01 4.622969857964019380e-01 5.157145264002619411e-01 5.190558726722497296e-01 4.670207709463111700e-01 5.092414969729308627e-01 5.674458189614660641e-01 5.604831871982667302e-01 5.598352280267944181e-01 5.373863586976176387e-01 5.543575055770472160e-01 5.759039020744062265e-01 5.620516128241255238e-01 5.563721270954725684e-01 5.441073643167633200e-01 5.572534842427802060e-01 5.638647574729021006e-01 5.747200039459310350e-01 5.680280449252246289e-01 5.658422280630310830e-01 5.519939773356430379e-01 5.670701711423388192e-01 5.706438715634437608e-01 5.568997817977707765e-01 5.730456853441602272e-01 5.812129356011763726e-01 5.755206865600467347e-01 5.624250603038575269e-01 5.733967686404001229e-01 5.669255629717673273e-01 5.522314520239083313e-01 5.649916602618941797e-01 5.458610770563758763e-01 5.544551070824595973e-01 5.679911967495145930e-01 5.674107476873200273e-01 5.732470716166723212e-01 5.680975743445751958e-01 5.641338870616722234e-01 5.602433407966188605e-01 5.715554721113487169e-01 5.601649820747020003e-01 5.652090157808254967e-01 5.624746109369190838e-01 5.688676857332141124e-01 5.733113505537922316e-01 5.749080217161818274e-01 5.701285728924694318e-01 5.750374748767758115e-01 5.732018831297793771e-01 5.636783117172770030e-01 5.768578590543476103e-01 5.792101502936737312e-01 5.684878500046793848e-01 5.693895109540761945e-01 5.795373051173627887e-01 5.772617822113582653e-01 5.780815789784256031e-01 5.811977168240397562e-01 5.781869849635379310e-01 5.733241455395582387e-01 5.735785107196504917e-01 5.798084196791636336e-01 5.764246881038076475e-01 5.774807712926304237e-01 5.724791694536781606e-01 5.746184650024777074e-01 5.771893347842348421e-01 5.720412415518022486e-01 5.724189516187743187e-01 5.748884008064151230e-01 5.778087610465908464e-01 5.742576565808421574e-01 5.739555873676824849e-01 5.725484715932653845e-01 5.656517868304483665e-01 5.695248760149572709e-01 5.651592396883304836e-01 5.650111502857467771e-01 5.677563384210561059e-01 5.702058872802107103e-01 5.724202174048663716e-01 5.688754722414911535e-01 5.678164957536006030e-01 5.688642277724030860e-01 5.718130097247354771e-01 5.669209900595307827e-01 5.676784613510117428e-01 5.721563672812498558e-01 5.724344505982491560e-01 5.671398231621204156e-01 5.701675327485064004e-01 5.673348430472204829e-01 5.687533399013010582e-01 5.701973787580211228e-01 5.716818039230900927e-01 5.727680916522664978e-01
1.897411220224983971e-02 1.082416832783095334e-01 2.872420235383170151e-01 5.319297261776104735e-01 4.133066759381650579e-01 5.050635413870709911e-01 1.000000000000000000e+00 6.912497039813741972e-01 7.172660058376995051e-01 6.244398264347403860e-01 7.321561934688883833e-01 7.806303289035223525e-01 6.996435870429369430e-01 6.969333278596683279e-01 8.335690196929318452e-01 7.977641425369885742e-01 7.288762669969962582e-01 6.282142902467432455e-01 6.862087194761776754e-01 5.878702481658633072e-01 6.065618310423538384e-01 6.712627660176384570e-01 6.991691755949724918e-01 6.259209172935852328e-01 6.626366754165803341e-01 7.866885464303589037e-01 7.829118122565608129e-01 8.013547357036144847e-01 7.461516204207799818e-01 7.695321027008705794e-01 8.065877772988669925e-01 7.965233727151983523e-01 7.681166310376537076e-01 7.700337091309616966e-01 7.730191851097477640e-01 7.918322252919187676e-01 7.977766933564058860e-01 8.188390228091800838e-01 8.180224882030917577e-01 8.089547450746046309e-01 8.221256796679006218e-01 8.260854434204459862e-01 8.173398160765605880e-01 8.230746785466400706e-01 8.210079594230899058e-01 8.208977511743626998e-01 8.180125798443435015e-01 8.188217224345782919e-01 8.107207945157618445e-01 7.920092566842290571e-01 8.166543045638947618e-01 7.840245911887178121e-01 8.052171633354466840e-01 8.140315770667199136e-01 8.088378520550927320e-01 8.199934418997691932e-01 8.018969560554494169e-01 8.160072572097372134e-01 8.108932827763167817e-01 8.166777772295346072e-01 8.160030076367091878e-01 8.137976997922975464e-01 8.112551169407221652e-01 8.155446056281746570e-01 8.149431877659318868e-01 8.147157351101552702e-01 8.180830192824407598e-01 8.147882837334237127e-01 8.150149873804918288e-01 8.041744669195194373e-01 8.069888703472446467e-01 8.159940140665890018e-01 8.060085279498376831e-01 7.897157359169845181e-01 8.282128449238362888e-01 8.255956776214221637e-01 8.266168737594709048e-01 8.203074758432089553e-01 8.223905778213324025e-01 8.159094689994637051e-01 8.206690594687825469e-01 8.265791841067137158e-01 8.208388048804710069e-01 8.180623094020934571e-01 8.190043067732418747e-01 8.209744738265331021e-01 8.250602889685900720e-01 8.279131351718417298e-01 8.268520099314305982e-01 8.205904526014171640e-01 8.300085975460251841e-01 8.285085907102925917e-01 8.278641744284830351e-01 8.282825191913820717e-01 8.200327329898836615e-01 8.227288428490449057e-01 8.183479793549577330e-01 8.115400585021794733e-01 8.203174094826042317e-01 8.230838440201686534e-01 8.261933100609073488e-01 8.215221295911546706e-01 8.203705283425101191e-01 8.241587408185538921e-01 8.209222619651200814e-01 8.141195325456523912e-01 8.209133286951071362e-01 8.227043320170308593e-01 8.229401346794524841e-01 8.218706656435733615e-01 8.257869286154274624e-01 8.207408261258987148e-01 8.214149243540886935e-01 8.221245717190495128e-01 8.188375014014923625e-01 8.213250509497609375e-01
2.339298942531719758e-02 8.633847133395781970e-02 2.548979328391222654e-01 4.966665129293273973e-01 3.966514696723205669e-01 4.621433240291083488e-01 6.912497039813741972e-01 1.000000000000000000e+00 6.876590629143959355e-01 5.818215662144404776e-01 6.947828221430736306e-01 7.559904934400117904e-01 6.770515666851029124e-01 6.800815680601179913e-01 7.761356970939599087e-01 7.802584700488506275e-01 6.884889110200377305e-01 5.739065854323815996e-01 6.388269728832527417e-01 5.348226480905806657e-01 5.584909049169968220e-01 6.113950222263206946e-01 6.428941393166043294e-01 5.892760839960623498e-01 6.160379454379930619e-01 7.222914605409858080e-01 7.200233947160143977e-01 7.430888033125560010e-01 6.756988903116323275e-01 7.085007465831006934e-01 7.492265806085524060e-01 7.559485478902974176e-01 7.131027029107620541e-01 7.252113458155146075e-01 7.217162296735303295e-01 7.446920461264751046e-01 7.440679062129100796e-01 7.785856439881529978e-01 7.806286418192225351e-01 7.693302203452497823e-01 7.743601876909239623e-01 7.904387453796737351e-01 7.835833449268845285e-01 7.840681354186939123e-01 7.798416842166736584e-01 7.778150142765588582e-01 7.865312382926158419e-01 7.825161888752416584e-01 7.810728871875545209e-01 7.682301768323687163e-01 7.826646780603095932e-01 7.578954436384710558e-01 7.757678301596967474e-01 7.759461292567058077e-01 7.697476934533227233e-01 7.708004241008532542e-01 7.665393911133443483e-01 7.800328830538254543e-01 7.809565157203259833e-01 7.851409109476896742e-01 7.866153703814349196e-01 7.812178189946220597e-01 7.750339564216268684e-01 7.824140653595114125e-01 7.739839609864350711e-01 7.768923399172977806e-01 7.817054231552312826e-01 7.776125605608142921e-01 7.772475227224481253e-01 7.611256135214172769e-01 7.655221978586495002e-01 7.736174932352937184e-01 7.731292963730023171e-01 7.529227816276305996e-01 7.844560854256191762e-01 7.829307787384961470e-01 7.804590383308634971e-01 7.724225701438511837e-01 7.747796009012941632e-01 7.711220218362503376e-01 7.771045156131427545e-01 7.816178872090326912e-01 7.820201829957728057e-01 7.751769757648885317e-01 7.844936088741927271e-01 7.844582952206042847e-01 7.860402420208534302e-01 7.917864124391706948e-01 7.902244669068363425e-01 7.776352838937359291e-01 7.882193748315758919e-01 7.913502867630949345e-01 7.903911948896218398e-01 7.898708576038564466e-01 7.901563113560502449e-01 7.884623678450125572e-01 7.917271773977206939e-01 7.836258774213394895e-01 7.907253139999943503e-01 7.907659457862297181e-01 7.934752306882398853e-01 7.907367088611318984e-01 7.909184353684854951e-01 7.921514192813805533e-01 7.898237049142251553e-01 7.827992569762778352e-01 7.876982118951666445e-01 7.867665350061711083e-01 7.846429078980403649e-01 7.886155327242910795e-01 7.901017563409902245e-01 7.882656087374781961e-01 7.889849537276916180e-01 7.896957550021087568e-01 7.845510461751393771e-01 7.868933851317765349e-01
1.040220824117510795e-01 1.532794463873254076e-01 2.897637790386269341e-01 4.897927960584453899e-01 3.973273893930859280e-01 5.031799491322438422e-01 7.172660058376995051e-01 6.876590629143959355e-01 1.000000000000000000e+00 6.888961903660104635e-01 7.473545300651266432e-01 7.964492677818196809e-01 7.031485531580115023e-01 7.311202541197208138e-01 8.174067538476966766e-01 8.108901939155888083e-01 7.889386588123004085e-01 7.106424257397034872e-01 7.417136983652703464e-01 6.334206861612071693e-01 6.691811908156102273e-01 7.251704873637341286e-01 7.495778231453930074e-01 6.890550822453141988e-01 7.224991729942397134e-01 8.184146112320355160e-01 8.119111117914907805e-01 8.168049261890195645e-01 7.853525575877230436e-01 8.199803412574737660e-01 8.421581355186902318e-01 8.376029935142838001e-01 7.956817687045931731e-01 7.992225037207163485e-01 8.174264758247462570e-01 8.187115718054941427e-01 8.424791362325071420e-01 8.370822067832632829e-01 8.306470121875908497e-01 8.011462899913278646e-01 8.420130042428779493e-01 8.347494123172460867e-01 8.190435624310330454e-01 8.473136899518741716e-01 8.412650375029971928e-01 8.403661300489437824e-01 8.368944300934644254e-01 8.510338585942225365e-01 8.458321660273032672e-01 8.331013104963899130e-01 8.434390000725079384e-01 8.083672455536078383e-01 8.285834377240149928e-01 8.565940491738762708e-01 8.472810457443730181e-01 8.436555670630405679e-01 8.511437831830545031e-01 8.422197066340241234e-01 8.424127657515394496e-01 8.496614139684035560e-01 8.390090399910377084e-01 8.446675413538885513e-01 8.378989385007450386e-01 8.529241015121874492e-01 8.528212424789216595e-01 8.562041317536360774e-01 8.521143375792422647e-01 8.556763894799651604e-01 8.495787288252639735e-01 8.429254313389926700e-01 8.403845757353965995e-01 8.486536116788210293e-01 8.461996587955500360e-01 8.349590685086493158e-01 8.528320803738823619e-01 8.509934122895645991e-01 8.492198987402161947e-01 8.492721946464507621e-01 8.497933641008287298e-01 8.513756718538786350e-01 8.529355066646795436e-01 8.514403145357751779e-01 8.532363519152189602e-01 8.501556381065819012e-01 8.472220225707782770e-01 8.497577512583200932e-01 8.515863826423519800e-01 8.469383341935970977e-01 8.454268271353357900e-01 8.490141558654414888e-01 8.454456164144604768e-01 8.467756916832458458e-01 8.463913223647332451e-01 8.465892614125967164e-01 8.423614129261958183e-01 8.466352436045756491e-01 8.347775603254824484e-01 8.490476139732889838e-01 8.433382012875973999e-01 8.481736953052609884e-01 8.410367755698051617e-01 8.463729965678541411e-01 8.403380319389606168e-01 8.416979675983418119e-01 8.479368598157980275e-01 8.456363379853839568e-01 8.490882603107386961e-01 8.495831858867191055e-01 8.496115888018312967e-01 8.436504249006009371e-01 8.436660361350698523e-01 8.462234031024699066e-01 8.440311693226305589e-01 8.489594054179643301e-01 8.520539265398595630e-01 8.516309864578764932e-01
7.045530558792827136e-02 1.401765941141937810e-01 2.174390550975414671e-01 3.983533536714549683e-01 3.282637762733438547e-01 4.288932491325802565e-01 6.244398264347403860e-01 5.818215662144404776e-01 6.888961903660104635e-01 1.000000000000000000e+00 6.604572955895785524e-01 6.988542879892964965e-01 6.429912217104674088e-01 6.408116171624979041e-01 7.254444294486925848e-01 7.205254087215541281e-01 6.869843698091521178e-01 5.737079933712725399e-01 6.056084904557098580e-01 4.967029115498240444e-01 5.218706514475713876e-01 5.890453141455328501e-01 6.271588642757339738e-01 5.560101303585343047e-01 6.054018024717011670e-01 7.150203949372394563e-01 7.026287492138760804e-01 7.238342309753736936e-01 6.743504842948404576e-01 7.122509349033493420e-01 7.404058209620465458e-01 7.325627072445116683e-01 7.098550039346331886e-01 6.774554797153193864e-01 7.169350218232104499e-01 7.076032872861621748e-01 7.324560123381020915e-01 7.393018920389499149e-01 7.361464249883644673e-01 7.181902882310455816e-01 7.477186682495110537e-01 7.454773432894564733e-01 7.264167864587772749e-01 7.489399301068153658e-01 7.394657397114108299e-01 7.497165427935100768e-01 7.601556334343927412e-01 7.655965911947362201e-01 7.536562554786522261e-01 7.292167565000976515e-01 7.482354918078649719e-01 7.008994791606617536e-01 7.328653537420252162e-01 7.629354355670722176e-01 7.550648679149947196e-01 7.542421653650838165e-01 7.498212807369312172e-01 7.521012756065882376e-01 7.522572588736354815e-01 7.617276704336611859e-01 7.522693049811373101e-01 7.558976982811602685e-01 7.520725843108012620e-01 7.614297411377187741e-01 7.560462381318646674e-01 7.593001242277136464e-01 7.647901732320276924e-01 7.583216425087846435e-01 7.563131316959825767e-01 7.260322847765910970e-01 7.289460624190248206e-01 7.496991034539308707e-01 7.402845094009427029e-01 7.364468155684043005e-01 7.616556832116215814e-01 7.613277711559814920e-01 7.588956098231246505e-01 7.534481699393748011e-01 7.532233184333662068e-01 7.583631526551560809e-01 7.617223809059655570e-01 7.633263661303997250e-01 7.602103549933681981e-01 7.598751745588554485e-01 7.538598600950526807e-01 7.521187605596691972e-01 7.597469483489154296e-01 7.602960116022104975e-01 7.595161516077828523e-01 7.592728052034234398e-01 7.571458459453718204e-01 7.607523608724083841e-01 7.583017000542842112e-01 7.598629956914755290e-01 7.633515330554822009e-01 7.646264962179722957e-01 7.482766916527915368e-01 7.563048807572481103e-01 7.590530524344196728e-01 7.593944138472356054e-01 7.551579368695674477e-01 7.578059975358719669e-01 7.511942298363648574e-01 7.589158115633615198e-01 7.531303595976593934e-01 7.562186286662758716e-01 7.627356342918651944e-01 7.636889614353106204e-01 7.632737759316952086e-01 7.602269512142592056e-01 7.589295245769438480e-01 7.635681552445248155e-01 7.616174115913435516e-01 7.622165902987303454e-01 7.611910375627374270e-01 7.586407517487713248e-01
4.239868468349442671e-02 1.212879845137943696e-01 2.911002448693410516e-01 5.304300180920309415e-01 3.851808282678024220e-01 5.113481949315863417e-01 7.321561934688883833e-01 6.947828221430736306e-01 7.473545300651266432e-01 6.604572955895785524e-01 1.000000000000000000e+00 8.223309791800025303e-01 7.190584054892797949e-01 7.348978316888283846e-01 8.309649175842005464e-01 8.196141057751594738e-01 7.647634819520615634e-01 6.824103556461434961e-01 7.359238557633090982e-01 6.139898945692048304e-01 6.625096093794873298e-01 7.300351256154705704e-01 7.320447077444320882e-01 6.780668077044738062e-01 7.285739422345367533e-01 8.193531438431210789e-01 8.203901105856328257e-01 8.348085913278103787e-01 7.879735995070072940e-01 8.218412469843814350e-01 8.547949837340547141e-01 8.352044418266099113e-01 8.044538283784994359e-01 7.989545068629005931e-01 8.202140831127586740e-01 8.242585032879904405e-01 8.516817168827066631e-01 8.504455899769811644e-01 8.532075985824494335e-01 8.316579794322390695e-01 8.548371317459887431e-01 8.590925297705572783e-01 8.432904735471346003e-01 8.572133833054835783e-01 8.620817741352944097e-01 8.558567568806165760e-01 8.583097887523420955e-01 8.607032121753871445e-01 8.534156654098800088e-01 8.403427484657143287e-01 8.546957540914202900e-01 8.274710100089146536e-01 8.411438690769804660e-01 8.573056861227861258e-01 8.497767528338655563e-01 8.555491733532548659e-01 8.482728705030982974e-01 8.550083901640029849e-01 8.544700697091864861e-01 8.613586295598929521e-01 8.549752649259562132e-01 8.510067096319875457e-01 8.501656396445679276e-01 8.591851060706305887e-01 8.627455295129348167e-01 8.638879872055877929e-01 8.631030754237960512e-01 8.646850298318099481e-01 8.573659753643609882e-01 8.492236838065813087e-01 8.572989762472316144e-01 8.661324243779977561e-01 8.515134990887037736e-01 8.459226931829540996e-01 8.697266142011510492e-01 8.661450128331918963e-01 8.664310092595755020e-01 8.637888374855208218e-01 8.648929396040433426e-01 8.672299829757514900e-01 8.675303394964680725e-01 8.690678955722586085e-01 8.620371591847886261e-01 8.654886818770834989e-01 8.613473973510407111e-01 8.622301943425090265e-01 8.683740852736850924e-01 8.658070943469169389e-01 8.656064019646260155e-01 8.613636695931949916e-01 8.672273977301473424e-01 8.660828816327795776e-01 8.657996697677248221e-01 8.654671622874346992e-01 8.616352853260083045e-01 8.645707459017749619e-01 8.600123439671198966e-01 8.635631090605212501e-01 8.639020540134494386e-01 8.666039303585796327e-01 8.644398871390710504e-01 8.633961614324728862e-01 8.614314038409910390e-01 8.623079476934595311e-01 8.651942713856204392e-01 8.578813215063949560e-01 8.634429374796085410e-01 8.644025872035099312e-01 8.640991276557145051e-01 8.630079744264572694e-01 8.630024606754236327e-01 8.626474084425059807e-01 8.621232716572472254e-01 8.649387860998908328e-01 8.668328464320245175e-01 8.669095028671830461e-01
8.499920395842502224e-03 1.016473628450126621e-01 3.139377387706741573e-01 5.836959135548517308e-01 4.122946361540120730e-01 5.429282255819726233e-01 7.806303289035223525e-01 7.559904934400117904e-01 7.964492677818196809e-01 6.988542879892964965e-01 8.223309791800025303e-01 1.000000000000000000e+00 7.748086657537767152e-01 8.036821169249843688e-01 9.053089796086181140e-01 8.949712621710146365e-01 8.195773766800282800e-01 7.085960952014485059e-01 7.686105803024765315e-01 6.630416792938681469e-01 7.002205222502405624e-01 7.571633747237377365e-01 7.763576445004470861e-01 7.198953973268545914e-01 7.652778542796001560e-01 8.706692023108886236e-01 8.683529530285515330e-01 8.754214328677680790e-01 8.143576621508824553e-01 8.508487889217227762e-01 8.930591831453812413e-01 8.981583766673103542e-01 8.554353113304283829e-01 8.603519702141165792e-01 8.635896256678200489e-01 8.930976963385783840e-01 8.897264781693439151e-01 9.155031675449478712e-01 9.197267789840321006e-01 9.084610926853332602e-01 9.190415153519542191e-01 9.264260734553153576e-01 9.178158724009994884e-01 9.284991154796108370e-01 9.216349951017256403e-01 9.214455326447932304e-01 9.288635343120379417e-01 9.285738063883902660e-01 9.247705576709048803e-01 9.140718269300125431e-01 9.258171751676119721e-01 9.033159011631045621e-01 9.186091299554920431e-01 9.194078663383946637e-01 9.125366481970051957e-01 9.200810701391347601e-01 9.189856056307387222e-01 9.230585515553928477e-01 9.228219655024296753e-01 9.302471462207947406e-01 9.327720263327202721e-01 9.245026462878278561e-01 9.211971114971134744e-01 9.248257942294526579e-01 9.244208348376823370e-01 9.271615793292204977e-01 9.284574846199076248e-01 9.255672496610595212e-01 9.230391710843619535e-01 9.143546492176221063e-01 9.196192915004901547e-01 9.260345272621274271e-01 9.151993030760269265e-01 9.053428566334709160e-01 9.314969113816411461e-01 9.306833134758216719e-01 9.276077783700300561e-01 9.172681932162867202e-01 9.216656142564436660e-01 9.194848838106641775e-01 9.235987377678586130e-01 9.297706415702164939e-01 9.293156804651991898e-01 9.241440268465640484e-01 9.283658014450286711e-01 9.285257249410843183e-01 9.333691280486718922e-01 9.328369283768020992e-01 9.314878152298553537e-01 9.248926436356056380e-01 9.328342355403325126e-01 9.355209696651407558e-01 9.349301979991253564e-01 9.344256290396848463e-01 9.322200420878512528e-01 9.331405950074190825e-01 9.341553396660757791e-01 9.308069878661928698e-01 9.345537199586032573e-01 9.328994505180864261e-01 9.345070084764820484e-01 9.334715379292389814e-01 9.350847283729545323e-01 9.358315959175378396e-01 9.366226391926123496e-01 9.293753004430788112e-01 9.333909466496844720e-01 9.315606233481888987e-01 9.287537561574928935e-01 9.323579086917892500e-01 9.318140347025737347e-01 9.327396119485528159e-01 9.327162387652704334e-01 9.331664368980526758e-01 9.326318084438470768e-01 9.350264978676345873e-01
1.755723466341468225e-02 1.155844101308114852e-01 2.315384013618944081e-01 4.531037324437611757e-01 3.753196159274263533e-01 4.769864713720736171e-01 6.996435870429369430e-01 6.770515666851029124e-01 7.031485531580115023e-01 6.429912217104674088e-01 7.190584054892797949e-01 7.748086657537767152e-01 1.000000000000000000e+00 7.150252957495770723e-01 8.129669739896635550e-01 8.080230089810865879e-01 7.203562205412401553e-01 5.914628005557205359e-01 6.440754048955321664e-01 5.519785928836260513e-01 5.699355077988708107e-01 6.198397931291816931e-01 6.490406604629687104e-01 5.968719106624390536e-01 6.363569105834742112e-01 7.617227882419140839e-01 7.536244923732959844e-01 7.711118673683821090e-01 7.073487099347552931e-01 7.457352507053113255e-01 7.862524654744650343e-01 7.838092816921902184e-01 7.466629510109101808e-01 7.429527658007862856e-01 7.662831539926987512e-01 7.754933555048180160e-01 7.857404185531631224e-01 8.008510254403784501e-01 8.020325566252727301e-01 7.896245804800737789e-01 8.122786066603061572e-01 8.194626290878770369e-01 8.069831914005136664e-01 8.187124485983671152e-01 8.055425141125379662e-01 8.166686042642671284e-01 8.313191069544138001e-01 8.293779814324202526e-01 8.248509936672909770e-01 7.987771296018252309e-01 8.121945502155610841e-01 7.851505618422617294e-01 8.140466292095526191e-01 8.210549828317291743e-01 8.115285551324440405e-01 8.105632418084222079e-01 8.062527399055365862e-01 8.280602828938543603e-01 8.222982447116948812e-01 8.317879373009230415e-01 8.323494715479750061e-01 8.229600261588768673e-01 8.172780090503973804e-01 8.220984435511168309e-01 8.144854173890957449e-01 8.186581567389407121e-01 8.319276605823386905e-01 8.192723641943413515e-01 8.169023251957256981e-01 7.967096646121609727e-01 7.971429489216497188e-01 8.106933717322492017e-01 8.038671629134501728e-01 7.890449299169066677e-01 8.292378863169646008e-01 8.255066316544742433e-01 8.241393221282249382e-01 8.135270602549746766e-01 8.148585101928601526e-01 8.136434944973207628e-01 8.213335874203248066e-01 8.266703027356743227e-01 8.240386997607856978e-01 8.182224173198008321e-01 8.255518068370740759e-01 8.213790320991199989e-01 8.253802321113388185e-01 8.299345998485756493e-01 8.264065355935285018e-01 8.196998643412348740e-01 8.269335871316508824e-01 8.314891550923360075e-01 8.304686228795206127e-01 8.310893867195703333e-01 8.369249864515655446e-01 8.347980173992400887e-01 8.272793878288433600e-01 8.254158976867549402e-01 8.331729284396880431e-01 8.283139272760301486e-01 8.312182741187935653e-01 8.314813506755652783e-01 8.277720695917993865e-01 8.340258281384913541e-01 8.276250443640449372e-01 8.260041532030670819e-01 8.341398564726851816e-01 8.337935010806089009e-01 8.304271389230178935e-01 8.345406846074442386e-01 8.323718199593331812e-01 8.365864851717723649e-01 8.337418478033841174e-01 8.329439400410956207e-01 8.325355299917766017e-01 8.298135825578256686e-01
