1.000000000000000000e+00 2.345017163726311471e-01 2.314833744731007170e-01 1.336784454418417090e-01 5.756384593109276082e-02 2.701131506895875986e-02 1.157905031948533031e-01 1.182399868261235221e-01 1.627153190319916010e-01 8.133395070080723377e-02 9.857719073067916504e-02 5.845995235963854370e-02 9.499009015968717939e-02 -1.200799236710138086e-02 5.109095362525521017e-02 7.233860672217107268e-02 1.393339027585510370e-01 1.306437856894283878e-01 1.305493075848824236e-01 1.540813581954346700e-01 1.060014819109439677e-01 1.451597357861238446e-01 1.435999916839363899e-01 1.109768510766953459e-01 1.067646636520921399e-01 1.469262913325857511e-01 1.305890252648604921e-01 9.963495933563895623e-02 1.577407995835370391e-01 1.127005707645786919e-01 9.572386267867895315e-02 9.305838565120777561e-02 5.009763580908181690e-02 7.427570782479724076e-02 7.469666080510477257e-02 7.357538552461585779e-02 3.994858946537044320e-02 5.287704285517556141e-02 1.565029728346437402e-02 3.917257317027798835e-02 4.214945724570334090e-02 2.317590789343699793e-03 3.616293329719524191e-02 3.428303011340445156e-02 5.193295890206089255e-02 3.700134352736510462e-03 3.125337016474639268e-02 4.000868605201237521e-02 6.568722746894198328e-02 7.129733867399550007e-02 6.666439289449409278e-02 6.190191837474626202e-02 4.855849935275084045e-02 9.097997873803655156e-02 9.603368316284710549e-02 5.215617359489063687e-02 1.295569653341213656e-01 4.504683544040456733e-02 7.224820315184772579e-02 8.101464750865965125e-02 3.586222205032289778e-02 9.310117155385763676e-02 7.926245970803399987e-02 9.181950236563272971e-02 7.791120306762636116e-02 1.049671122547125995e-01 4.859273373074297908e-02 5.174942946900811663e-02 6.029846604508688757e-02 3.177964569032058068e-02 3.096019088644092615e-02 5.771326731231467971e-02 4.088495206575308571e-02 2.103401884400554755e-02 4.001140398124244241e-02 5.079384547492841323e-02 3.494435437959774599e-02 5.485302440437381244e-02 3.235338716570920758e-02 4.354532054173529398e-02 4.101815193392654990e-02 4.074667480403742353e-02 4.995798035319770625e-02 4.274515801061020553e-02 2.826017758742233044e-02 3.827613423309800950e-02 1.461246885834725263e-02 2.741502199740774443e-02 8.005651662530895510e-03 2.944974203526892070e-02 4.494559857181269942e-03 1.051338209998610267e-02 1.230067399602858928e-02 -5.909978450725860040e-03 9.392913255331159991e-03 2.266678006926633321e-02 3.866765151263770739e-02 6.732431460789060906e-02 2.465220779153685579e-02 2.056221422095491635e-02 2.092466125283966923e-04 3.906760854442393321e-02 2.605871211371279389e-02 1.634319845063203838e-02 3.827707291103232823e-02 7.447252253395190980e-02 5.530299132896018127e-02 2.856319174635681829e-02 3.900363209539874088e-02 3.099627033910984028e-02 2.150685841029912129e-02 4.032901758652228386e-02 3.702210911429684725e-02 3.470918650745744016e-02 4.697848867076350604e-02 6.134478605087469866e-02
2.345017163726311471e-01 1.000000000000000000e+00 1.629069044724783810e-01 1.638507523755198536e-01 5.546091551547476656e-02 1.198701950570386365e-01 1.448869007104657824e-01 1.655895371166196672e-01 1.876310992165145797e-01 2.021920367227670878e-01 1.641718329243559149e-01 1.541844829409753370e-01 1.773648761723468914e-01 1.015678336430514833e-01 1.712387785006374008e-01 1.830420557287706362e-01 1.993948227560303210e-01 1.857737330259539021e-01 1.964080337238749419e-01 1.894278560964254010e-01 1.531461751435525542e-01 1.995327260040778428e-01 2.052427041837547872e-01 2.015541750580684688e-01 1.906272028286970510e-01 2.060361231886204403e-01 2.042122390411343913e-01 1.890204685513691973e-01 2.187056663300974146e-01 2.025357600283330672e-01 1.960015799598581743e-01 2.077437639482226373e-01 1.590980551483655026e-01 1.941112202836857703e-01 1.931002028887142119e-01 1.800349912728039792e-01 1.785552794155682022e-01 1.820332328284769152e-01 1.683764559921095971e-01 1.676289852687659621e-01 1.755496571936410455e-01 1.487395111880229770e-01 1.682617448112981307e-01 1.703585583419950922e-01 1.846738003816930651e-01 1.550055630510619731e-01 1.727208200131926941e-01 1.782960027044168116e-01 1.915328318505835070e-01 1.921476541728542875e-01 1.813231486060493391e-01 1.608789852800892040e-01 1.717148728993644347e-01 1.938616830728666918e-01 1.968415487002849740e-01 1.862537897939987308e-01 1.958321166583104345e-01 1.726210879383693886e-01 1.941010264017402065e-01 1.846198916134543233e-01 1.719851340811467122e-01 1.917123967746361402e-01 1.831123398397262458e-01 1.919637969416652101e-01 1.724042592722084544e-01 1.872455432239187867e-01 1.800720321909825283e-01 1.796549840586708358e-01 1.891970397421706973e-01 1.637072342649665557e-01 1.689606481870350729e-01 1.797591741944439270e-01 1.800894699329727289e-01 1.681566149123970566e-01 1.776598179807768740e-01 1.815648248173099832e-01 1.674344550569705492e-01 1.880427880824760423e-01 1.710713497029520136e-01 1.783136652933644817e-01 1.764342261330432704e-01 1.756389870881784332e-01 1.810697725354154519e-01 1.785290350763472922e-01 1.779504572247939675e-01 1.841774732870503639e-01 1.672756077273382935e-01 1.708915082464412261e-01 1.640319918565333601e-01 1.744752431262593384e-01 1.605769838587522702e-01 1.670635683634325575e-01 1.651837835451177849e-01 1.579547427839307905e-01 1.643221478516018186e-01 1.724200671659544548e-01 1.735811548528831960e-01 1.786211015586168238e-01 1.683686568060045186e-01 1.676491972525437357e-01 1.574779646387189092e-01 1.742110468343980034e-01 1.691270693224499189e-01 1.679906963789843111e-01 1.694890076967287551e-01 1.846884609639228014e-01 1.854611621080958506e-01 1.744218711088667828e-01 1.771704020291235138e-01 1.709155246441529663e-01 1.691557469779450262e-01 1.765383334804560833e-01 1.731777654033336555e-01 1.716317379813250832e-01 1.702347607905393412e-01 1.793057171279697493e-01
2.314833744731007170e-01 1.629069044724783810e-01 1.000000000000000000e+00 4.356646952733676526e-01 2.432555964005604088e-01 2.612625105475364085e-01 4.761644762781171436e-01 4.286796419236197919e-01 3.456685175062951254e-01 3.136630787974132861e-01 3.985312497572809365e-01 3.889409319963617051e-01 3.563397457404801072e-01 2.518150659933600100e-01 4.053073779366254681e-01 4.093588341135127040e-01 3.968625289939378686e-01 4.949148285827104643e-01 4.526868326819019628e-01 4.644459029286526208e-01 4.943019646333079997e-01 4.514434999689990180e-01 4.739133200467852691e-01 4.659893282865369968e-01 4.329375475938755380e-01 4.716535193867706921e-01 4.214675298960000593e-01 4.288499671955246506e-01 4.417416467367009103e-01 4.158875528912879815e-01 4.199341191962453479e-01 4.477723711459766220e-01 4.090977929041876848e-01 4.501346575800924121e-01 3.825668475049567863e-01 4.397097262019304953e-01 3.714647431411350342e-01 4.254172379651867675e-01 3.956145413675111189e-01 4.345537952777473456e-01 3.739773679469961531e-01 3.698406136051697324e-01 4.163285314142971538e-01 3.849758994595005590e-01 4.141089791276660326e-01 3.537840748916962763e-01 3.613816314156529930e-01 3.420357526286015859e-01 3.761434107384992731e-01 4.318234271656610224e-01 4.184517668944928714e-01 4.418284599231888099e-01 3.789907450547083112e-01 3.682969392040520429e-01 4.031297063032344696e-01 4.142937305726275277e-01 4.072573118604884135e-01 3.558905927663086333e-01 3.833745338961105364e-01 3.730493967967257740e-01 3.763562756109976037e-01 3.943580656829124287e-01 3.941400866285258986e-01 4.030009563563939357e-01 3.634104193975890018e-01 3.815094878028079672e-01 3.690670442777637117e-01 4.061050176979867921e-01 4.089737143827948396e-01 3.917107727466921374e-01 3.864452233562030714e-01 3.884821489839375142e-01 3.921319669302010813e-01 3.820667496160925491e-01 3.807390945225940793e-01 3.787174846040736731e-01 3.714032735047019251e-01 3.781859501583439975e-01 3.687521279912389649e-01 3.694178440176434375e-01 3.710409866162136527e-01 3.722761264907449852e-01 3.925152259464851912e-01 3.775337805440303618e-01 3.948433502670624096e-01 3.874261921759569738e-01 3.707980961596641367e-01 3.837537760201631953e-01 3.647384867020120325e-01 3.698787126471679843e-01 3.708625087836637246e-01 3.569073864772081550e-01 3.618439064787291604e-01 3.441944334755984714e-01 3.374069280788368763e-01 3.409086444930125026e-01 3.835070649756940897e-01 3.839827577920255086e-01 3.586693375636186842e-01 3.754696939242671561e-01 3.636774537916832584e-01 3.712137227036946818e-01 3.522287627827775935e-01 3.576210068794563046e-01 3.874803198709465546e-01 3.787379332365523044e-01 3.697484144831554298e-01 3.459062882549062690e-01 3.672360062417548421e-01 3.562483185318047751e-01 3.536968306661185113e-01 3.523709624452057154e-01 3.592825606754657120e-01 3.617174967502950200e-01 3.558507142641678667e-01 3.616442658491337281e-01
1.336784454418417090e-01 1.638507523755198536e-01 4.356646952733676526e-01 1.000000000000000000e+00 3.121737458354037487e-01 4.081868189660382007e-01 6.023484637295019040e-01 5.895986261686321228e-01 5.672688327011793374e-01 4.985145650087394187e-01 6.167806697994975274e-01 6.380902352946543621e-01 5.832857417314166737e-01 4.572982669632369435e-01 6.459400298019544184e-01 6.401508292695107238e-01 6.232135378145292615e-01 6.081484181897810481e-01 6.673752333213870402e-01 5.597159351419916939e-01 6.509693440916753948e-01 6.706287931176933004e-01 6.510865838945465445e-01 6.120813486302132400e-01 6.478046930429750550e-01 6.648882594108176392e-01 6.429576122939326677e-01 6.670068996685132312e-01 6.569553897458955127e-01 6.524763916990781176e-01 6.585108486662349936e-01 6.624085861751075610e-01 6.317437492095788754e-01 6.483446501154139785e-01 6.360679931007755528e-01 6.711588717193066600e-01 6.355955147026786101e-01 6.613953558266196797e-01 6.558707827440333205e-01 6.734206245174134686e-01 6.439066823885667423e-01 6.462809089569269139e-01 6.497058560396310467e-01 6.463261711945262888e-01 6.608772072550089804e-01 6.248220520006938505e-01 6.314171987021554022e-01 6.214595788711870794e-01 6.328859875524979195e-01 6.628525120083370581e-01 6.595432058685237742e-01 6.892821413652436835e-01 6.391181173394105963e-01 6.269640961129865353e-01 6.473070096824020681e-01 6.694125168933170444e-01 6.315992990151304554e-01 6.317830083630541216e-01 6.323348663631211952e-01 6.250604037107125865e-01 6.426799097425863749e-01 6.327961113292075446e-01 6.407761088908833225e-01 6.405839364043887096e-01 6.332372094865236223e-01 6.317115585885497708e-01 6.425261083137182583e-01 6.634584465684277843e-01 6.533771698230460556e-01 6.468876700525875156e-01 6.601291096859548402e-01 6.599848107406842690e-01 6.412080878416613894e-01 6.534086388546330726e-01 6.448172286847377865e-01 6.415559787934222991e-01 6.478594306935654412e-01 6.463274200984637785e-01 6.393029379508156085e-01 6.426012920567345521e-01 6.464962392789016521e-01 6.425947805501990295e-01 6.594389416359411893e-01 6.450526310690878340e-01 6.600732869838425998e-01 6.490505049537076410e-01 6.457507306783972778e-01 6.523473739228358159e-01 6.390021369728819955e-01 6.463388717466437283e-01 6.483942665678190664e-01 6.406946324236940660e-01 6.394415815204853581e-01 6.286429415382029928e-01 6.224950493580102551e-01 6.232001717271199448e-01 6.515946555736918944e-01 6.459507059432860743e-01 6.334556623245881646e-01 6.470043347183309645e-01 6.377322135540024473e-01 6.431924975720859639e-01 6.292498503922188124e-01 6.396703013158536733e-01 6.559612282679248008e-01 6.361127212712701651e-01 6.358557956484176543e-01 6.285665777591271652e-01 6.404536089509558217e-01 6.321015691572804407e-01 6.326087710651440155e-01 6.293840144883265930e-01 6.331883681595913416e-01 6.353838906469652104e-01 6.345488434238661934e-01 6.291062428944597107e-01
5.756384593109276082e-02 5.546091551547476656e-02 2.432555964005604088e-01 3.121737458354037487e-01 1.000000000000000000e+00 3.067857262898863735e-01 4.367791082964260219e-01 4.627650604100033149e-01 4.226660966516876949e-01 4.005935891267270454e-01 4.404344753409636937e-01 4.604497590560265863e-01 4.787521648838040100e-01 3.269877164024271310e-01 4.743664527209326409e-01 4.824978058110309664e-01 4.188793756661948198e-01 3.586448246033162035e-01 4.205353568010969934e-01 3.673263726567942422e-01 3.715363926268411832e-01 4.533867176683178957e-01 4.199683520505087531e-01 3.837234359903614056e-01 4.169259477373594147e-01 4.633366251986820727e-01 4.485417040335374916e-01 4.710456329591203861e-01 4.495655792859566957e-01 4.835029239986846084e-01 4.836795103235603244e-01 4.410625460800352560e-01 4.226438293515263900e-01 4.255684433244621978e-01 4.523762409638620308e-01 4.649322259241949196e-01 4.582365833891312579e-01 4.456174617009251993e-01 4.666211128782103978e-01 4.498614982527979755e-01 4.642045091250379119e-01 4.718830176871883220e-01 4.883720954486125421e-01 4.868768152270360750e-01 4.674277052792076281e-01 4.781055248087457965e-01 4.779128160721483054e-01 4.687594447072508386e-01 4.716862101275176578e-01 4.548241489146573335e-01 4.694203608907842606e-01 4.680746180721075400e-01 4.776442880914198441e-01 4.824838023421568201e-01 4.875636555345823075e-01 4.699797311081970741e-01 4.796088363980233193e-01 4.631792729832046041e-01 4.682963073138316501e-01 4.963088511455110430e-01 4.906057004203853156e-01 4.872356295499182810e-01 4.854763352624208439e-01 4.868704182990115092e-01 4.775209215257243400e-01 4.837668937359177468e-01 4.726781376008273305e-01 4.738473579122349788e-01 4.706519896310811246e-01 4.725741916665266995e-01 4.708322434769269815e-01 4.837009442026748429e-01 4.635950180996627479e-01 4.705336254008501418e-01 4.826788008124572871e-01 4.766292325291027754e-01 4.791251527925866616e-01 4.722234010479995359e-01 4.743337638970042125e-01 4.809650453062466746e-01 4.798660923221791941e-01 4.851149036397185976e-01 4.717187284216934895e-01 4.689526944498003669e-01 4.583768159090061411e-01 4.634080022839592305e-01 4.778208969453593968e-01 4.690783596229291530e-01 4.730218965426658539e-01 4.758731792561466944e-01 4.673885918108311444e-01 4.742107530530105253e-01 4.800681615060256036e-01 4.773604655078863002e-01 4.740730021648490444e-01 4.732351330936879208e-01 4.719503701897819758e-01 4.802282215838464263e-01 4.860590507446404529e-01 4.755852989651908058e-01 4.907983622708335103e-01 4.819478013381265358e-01 4.829277031025829281e-01 4.817160124119662656e-01 4.843320332260266370e-01 4.839601457527173411e-01 4.777877469077612682e-01 4.784901818418898500e-01 4.825716642192525718e-01 4.752188169159538011e-01 4.742382014724320083e-01 4.839857521141119334e-01 4.784414082770956922e-01 4.856391033147888225e-01 4.778505013577816762e-01 4.837733188751387470e-01
2.701131506895875986e-02 1.198701950570386365e-01 2.612625105475364085e-01 4.081868189660382007e-01 3.067857262898863735e-01 1.000000000000000000e+00 5.044976247900778699e-01 4.812088112138085405e-01 5.163987471562885290e-01 4.830105077561247517e-01 5.423559053472238878e-01 5.756588262125200695e-01 5.378705631436973000e-01 4.213612003825807917e-01 5.908292471121567857e-01 5.843943975312223538e-01 5.489796765994378047e-01 4.812032960250477998e-01 5.285134052879865152e-01 4.541076791002124358e-01 4.940054581738455575e-01 5.477797060224862680e-01 5.311702673639084882e-01 4.976626919292197471e-01 5.130987625375992289e-01 5.667751618490055598e-01 5.684231919236997221e-01 5.903541348632398433e-01 5.739932944195667019e-01 5.815221897752005376e-01 5.947232009485341475e-01 5.730443056999779960e-01 5.587909708840057554e-01 5.518821778999150052e-01 5.623153603048560711e-01 5.757746589657478653e-01 5.784107391918257290e-01 5.806412614151928997e-01 5.905032817466331352e-01 5.862384909134877864e-01 5.974410116806871951e-01 5.947570141199097771e-01 5.798677160031713296e-01 6.015939879858337447e-01 5.964285727168866513e-01 5.965304627061689402e-01 6.007020641537421657e-01 5.913301766484425626e-01 5.932159070092638542e-01 5.733096184773557313e-01 5.808798454343185869e-01 5.743307981985953381e-01 5.898278211509198066e-01 5.867191848154370559e-01 5.861084098434156120e-01 5.975599581016063366e-01 5.713239080294690853e-01 5.912846046816587764e-01 5.858404031914139498e-01 5.889136441159570357e-01 6.008032976547531545e-01 5.892419655525181765e-01 5.890770144108136153e-01 5.868214908882252168e-01 5.894040714949931870e-01 5.814079562759857378e-01 5.986774300026532769e-01 5.995369167480626427e-01 5.955239341003898401e-01 5.938039424175837189e-01 5.977142070377093885e-01 6.013525305252602760e-01 5.883032707176700793e-01 5.890015180178338472e-01 6.045007731419326236e-01 6.007218056806653550e-01 6.044562130283397394e-01 6.010556677047098617e-01 6.041771094282706311e-01 6.011542202067096108e-01 6.009035035602634522e-01 6.040244637933464000e-01 6.047194088940083256e-01 5.969553447892316234e-01 5.948219595369849122e-01 5.964492846111149049e-01 6.044898843026954571e-01 6.024501340506768221e-01 6.018725688548997033e-01 6.021592896363713310e-01 6.028698794093324542e-01 6.065542439059231627e-01 6.045102186686482915e-01 6.037985337245052042e-01 5.979546656945038396e-01 5.980387734483112450e-01 5.965965175644480922e-01 5.959836182396156534e-01 6.032275129428762428e-01 6.025598146031737601e-01 6.003813258989768586e-01 6.006331425453880213e-01 6.007561969735607521e-01 6.004571028960464796e-01 6.012929290220637712e-01 5.933994087856451216e-01 5.986271585258059469e-01 5.990200878999688561e-01 6.019685254370999994e-01 6.014864323419059078e-01 6.014360317014467716e-01 5.988723360470236123e-01 5.988768117877797392e-01 5.994301049610386567e-01 5.980370641777457141e-01 5.951499354911865547e-01
1.157905031948533031e-01 1.448869007104657824e-01 4.761644762781171436e-01 6.023484637295019040e-01 4.367791082964260219e-01 5.044976247900778699e-01 1.000000000000000000e+00 7.426302582231436578e-01 6.253483474021095390e-01 5.891793057047454152e-01 7.174898249425493146e-01 7.553662840223769326e-01 6.902883587861996517e-01 5.281316579244721421e-01 8.123957561632308977e-01 7.737664084131474773e-01 6.898216909873947644e-01 7.142041843037240101e-01 7.296504743657458159e-01 6.953424173983971945e-01 7.214920973914576985e-01 7.487366538180346698e-01 7.639942386608102876e-01 7.334276385640851048e-01 7.115482484702588817e-01 7.850815749573956115e-01 7.519740607517452213e-01 7.854044972119926804e-01 7.645366198166498872e-01 7.660750662927037213e-01 7.813048808346442220e-01 7.775677550692701168e-01 7.616891815429605028e-01 7.598176060191345060e-01 7.245859066498465673e-01 7.852253318045148145e-01 7.344011387730479123e-01 7.948176663224706395e-01 7.748108325332787594e-01 8.132957423309474798e-01 7.466980679162928958e-01 7.612219741926472549e-01 7.968199627692222897e-01 7.704916799957016726e-01 7.841853446404015715e-01 7.564463705948887284e-01 7.423093079346558820e-01 7.127013091047305071e-01 7.502027996891187378e-01 7.835417773054730306e-01 7.931943329779954643e-01 7.782735761504098182e-01 7.594153587436036634e-01 7.285383519904674587e-01 7.613183178574469689e-01 7.846480816638193856e-01 7.550978302352900906e-01 7.212204973449147793e-01 7.514518658922090255e-01 7.434726876580429744e-01 7.652252957392905452e-01 7.678761178058033376e-01 7.688160608290746101e-01 7.705573902192757174e-01 7.286159481862489740e-01 7.406932130056971264e-01 7.455625516938280128e-01 7.718982552603582681e-01 7.724481074884248510e-01 7.634709836446568199e-01 7.527375589974488745e-01 7.569243580183955267e-01 7.562672284385590915e-01 7.494236349402646491e-01 7.594894571010452067e-01 7.532892943035457423e-01 7.598581947814746496e-01 7.492545383083052402e-01 7.560852652999597856e-01 7.449156466139248423e-01 7.523406787161082132e-01 7.536341274203005591e-01 7.671073201344151826e-01 7.488442162360304799e-01 7.654892111181164083e-01 7.513789826800459926e-01 7.531703789658090731e-01 7.728500850590873661e-01 7.547201424043901152e-01 7.545112867683156921e-01 7.655403214761865582e-01 7.471746125274820738e-01 7.517339222658210307e-01 7.432810678586744269e-01 7.229245222760970480e-01 7.240484241356973660e-01 7.645404225133166642e-01 7.535013768088364428e-01 7.505707309051904419e-01 7.679161907516631747e-01 7.627920352768292611e-01 7.538303584763496046e-01 7.338954728469322397e-01 7.454350844058038605e-01 7.586624327459633443e-01 7.475380639332341870e-01 7.483750538042628353e-01 7.277965717687324698e-01 7.485645844879466049e-01 7.440691944339179464e-01 7.450722710853802111e-01 7.317899673637713320e-01 7.441823125985558285e-01 7.439916911082202766e-01 7.309735293783891086e-01 7.336165776354787171e-01
1.182399868261235221e-01 1.655895371166196672e-01 4.286796419236197919e-01 5.895986261686321228e-01 4.627650604100033149e-01 4.812088112138085405e-01 7.426302582231436578e-01 1.000000000000000000e+00 6.594369486368306665e-01 6.116339823136026643e-01 7.054688638372764720e-01 7.611990618231687655e-01 7.055472195017533643e-01 5.575318815545314832e-01 7.739282010548399482e-01 7.923189282425056046e-01 6.963665717073547201e-01 6.745488883554551229e-01 7.059594432297899846e-01 6.728347944567021344e-01 7.002102527581269831e-01 7.376760629505418887e-01 7.361943610471803900e-01 6.954491932743147586e-01 6.890332661965923311e-01 7.581413140544061013e-01 7.403941121325895436e-01 7.628024406808160407e-01 7.531500257835229695e-01 7.673626237173115650e-01 7.784138547108617745e-01 7.660963114011853925e-01 7.426287703711208499e-01 7.436983458029106098e-01 7.301919320739356234e-01 7.763095736411509407e-01 7.386603985212314427e-01 7.742538524666358057e-01 7.664543411733943934e-01 7.758560996682102306e-01 7.422025028366358024e-01 7.489544754679443583e-01 7.772619811751353414e-01 7.687121336586728582e-01 7.674584252497188563e-01 7.491363114826682379e-01 7.485845729606871446e-01 7.272615217135363075e-01 7.622516528412858205e-01 7.754794058480791730e-01 7.839085895035672324e-01 7.617826067953926694e-01 7.612574340433228004e-01 7.476646859969123815e-01 7.706167109728935261e-01 7.709863461610647617e-01 7.739292994054930430e-01 7.351893967426680332e-01 7.593631158871152476e-01 7.649003729431291809e-01 7.750599169089207319e-01 7.796406162584361699e-01 7.778998134102780293e-01 7.822012102644297915e-01 7.496357588785376169e-01 7.594072828497375749e-01 7.537332235777903788e-01 7.716020995132205629e-01 7.700684393705692354e-01 7.648082496735715274e-01 7.564270933508633332e-01 7.647070032891587488e-01 7.546809654715624927e-01 7.461407099900393414e-01 7.592852352049400677e-01 7.541972978797268912e-01 7.555761472518015553e-01 7.531176186868695499e-01 7.566584228985443472e-01 7.563020225550555198e-01 7.603415217162778905e-01 7.625462482052677293e-01 7.676785310853342370e-01 7.522799590341212594e-01 7.600238026693744153e-01 7.545748376349318276e-01 7.578956083265240284e-01 7.681717540714629866e-01 7.561166300614535762e-01 7.578264387616865383e-01 7.560006068200378904e-01 7.508035158258994368e-01 7.563293080601605212e-01 7.457680587957062901e-01 7.397220029999100888e-01 7.390903230993458584e-01 7.648130937637374061e-01 7.678478895971390106e-01 7.627778121835352421e-01 7.683291021816142097e-01 7.647171659615349393e-01 7.631131869367682174e-01 7.466678880372469296e-01 7.538150698450605258e-01 7.657721632363746478e-01 7.617035882952011283e-01 7.602779366058668442e-01 7.437949636404481701e-01 7.584746664817479944e-01 7.548247716710309030e-01 7.530913586964799178e-01 7.488158170439930261e-01 7.563677482100783500e-01 7.584996177938605477e-01 7.470647893285078389e-01 7.520077822669247736e-01
1.627153190319916010e-01 1.876310992165145797e-01 3.456685175062951254e-01 5.672688327011793374e-01 4.226660966516876949e-01 5.163987471562885290e-01 6.253483474021095390e-01 6.594369486368306665e-01 1.000000000000000000e+00 7.340186354598745577e-01 7.768434118454364823e-01 8.066251904252065286e-01 7.553868560634272589e-01 6.118348773651947070e-01 8.184607474416303319e-01 8.140999839467484289e-01 7.939893051191263540e-01 6.608755766070905091e-01 7.376310752283146144e-01 6.224672038149242637e-01 6.603131695206491125e-01 7.831242615637672433e-01 7.513681527764339840e-01 6.967612532439096951e-01 7.043163170374958648e-01 8.046714357874650281e-01 8.200866958211330271e-01 8.150248418202926670e-01 8.246273548490453686e-01 8.374780204562756181e-01 8.502441707710448604e-01 8.227479771228347616e-01 7.619418635253801808e-01 7.723008253749188423e-01 8.213417467527048821e-01 7.925943371332964116e-01 8.058378829694510248e-01 8.133165524275846048e-01 8.230667234087098993e-01 7.835054739283986436e-01 8.494419741357916998e-01 8.224827397010602281e-01 7.953514910357852852e-01 8.432847343772290616e-01 8.278478084436260431e-01 8.243873459302990536e-01 8.594963578876232413e-01 8.690245033842889377e-01 8.655578090353711618e-01 8.147418307658633729e-01 8.339654232548775470e-01 7.944480121208520318e-01 8.501907624417175402e-01 8.766673708269178134e-01 8.609108258776239087e-01 8.418933485687768448e-01 8.555766922588857737e-01 8.581433021638013026e-01 8.625892211941901255e-01 8.684569394542338561e-01 8.558086722322706397e-01 8.652078595335589428e-01 8.520134246421759983e-01 8.594113800713796270e-01 8.612604441703708424e-01 8.690729968016943641e-01 8.638958480359436587e-01 8.523177765731032585e-01 8.509027290174377978e-01 8.395998065577875424e-01 8.469244094473501461e-01 8.599010461135877526e-01 8.416841746314658312e-01 8.279809121775936198e-01 8.596221680737317072e-01 8.591189974663723250e-01 8.503552188090945929e-01 8.612163073004922564e-01 8.496278087137977275e-01 8.635046151719081298e-01 8.519798318586147001e-01 8.615802484291564811e-01 8.558934009480322347e-01 8.545103973760445060e-01 8.400759050589214905e-01 8.545249087202820837e-01 8.481207040324068025e-01 8.476127733364733352e-01 8.502002285283429828e-01 8.535649703166447999e-01 8.371723212302563111e-01 8.526062148794394391e-01 8.509735742484632048e-01 8.473738772552569243e-01 8.602895614573577987e-01 8.657857574951201007e-01 8.540666998212819161e-01 8.655688704144210988e-01 8.601119270259309779e-01 8.478295036719558642e-01 8.423919016469868515e-01 8.621019872938326944e-01 8.610905516858187170e-01 8.584097063683010509e-01 8.557965443368497072e-01 8.689471417979924839e-01 8.712846843373789341e-01 8.641818307836156565e-01 8.650282545639521592e-01 8.622462493714694309e-01 8.585511973523383134e-01 8.697474534739768615e-01 8.658084798010587946e-01 8.650517178803227569e-01 8.662020263459252467e-01 8.719357028090835016e-01
8.133395070080723377e-02 2.021920367227670878e-01 3.136630787974132861e-01 4.985145650087394187e-01 4.005935891267270454e-01 4.830105077561247517e-01 5.891793057047454152e-01 6.116339823136026643e-01 7.340186354598745577e-01 1.000000000000000000e+00 7.256931684716146913e-01 7.720972905067333691e-01 7.149182960473627890e-01 5.822664194197844090e-01 7.689946663350178957e-01 7.705826256624047632e-01 7.169654155772627879e-01 6.273886332860701964e-01 7.006341290927744492e-01 5.894871566072169555e-01 6.094200811128263062e-01 7.305210559356223321e-01 7.057227397581856687e-01 6.661983634682970834e-01 6.898285391161962377e-01 7.403498106001488166e-01 7.650294851500250015e-01 7.629746089183278013e-01 7.664705700758428497e-01 7.923470709652539190e-01 8.033825537747140144e-01 7.740045762936828000e-01 7.274707799976009026e-01 7.341600915968516938e-01 7.732655659974059237e-01 7.471323232731700292e-01 7.690152957709937009e-01 7.736177267551871406e-01 7.902439419279456700e-01 7.435745926074107670e-01 8.009142458233039497e-01 7.903635203264941511e-01 7.592633756573077264e-01 8.047397800597893003e-01 7.841511610599890547e-01 7.974419515142616710e-01 8.144530894293962042e-01 8.198314570868764362e-01 8.094067779405086371e-01 7.642722314183134635e-01 7.837750053347113388e-01 7.457588112959450122e-01 7.942072042412652300e-01 8.160646151836128404e-01 8.035834004679319742e-01 7.961598195702875858e-01 7.785202997000953973e-01 8.058498372678175592e-01 8.054460188699343881e-01 8.153821927071930320e-01 8.095596166547154304e-01 8.057730259306116194e-01 7.979861888722542540e-01 7.958791014472621494e-01 7.997071037289691375e-01 7.996736300297193623e-01 8.132152357950561683e-01 8.080035040194621931e-01 8.069459764477768804e-01 8.006024776297357981e-01 8.049836222298112354e-01 8.124073202705427432e-01 8.015385894685107537e-01 7.987292797166348768e-01 8.112874809935847198e-01 8.119906277117961979e-01 8.075974022006355835e-01 8.122788049577427394e-01 8.089782150492251800e-01 8.174327013914303164e-01 8.112217573196760512e-01 8.179055854567726103e-01 8.068619465015984815e-01 8.105040591951182538e-01 7.952243666975875591e-01 8.084495186837423741e-01 8.085660823639360117e-01 8.067930906691387349e-01 8.114465482103505600e-01 8.107986353724794260e-01 7.992612759144619439e-01 8.107681222154229372e-01 8.112451485548223262e-01 8.107608790262949006e-01 8.146849206611154193e-01 8.180995747034082166e-01 7.947714530046647852e-01 8.005007387452468537e-01 8.114808788576167720e-01 8.067455954515785344e-01 8.020432554757600530e-01 8.103927125246227492e-01 8.115117833894205379e-01 8.112317670722376528e-01 8.047094031613414300e-01 8.014355200501855903e-01 8.155259748243954832e-01 8.170710222266531764e-01 8.161511116758707329e-01 8.113555804068034449e-01 8.112084665652272708e-01 8.158759461844347083e-01 8.115524524288151298e-01 8.118986825949110475e-01 8.117056624600810233e-01 8.106458754429149982e-01
9.857719073067916504e-02 1.641718329243559149e-01 3.985312497572809365e-01 6.167806697994975274e-01 4.404344753409636937e-01 5.423559053472238878e-01 7.174898249425493146e-01 7.054688638372764720e-01 7.768434118454364823e-01 7.256931684716146913e-01 1.000000000000000000e+00 8.620135819545809985e-01 7.840907444399209947e-01 6.268412742190717646e-01 8.537195859217999727e-01 8.536865737243746199e-01 7.984486664894893115e-01 7.307695268277989431e-01 8.017191980823508146e-01 6.892179193643378499e-01 7.432776278616537446e-01 8.261024269229538808e-01 8.018051096651418463e-01 7.564134360506880039e-01 7.760627325115520003e-01 8.437587091965773611e-01 8.469200476095786190e-01 8.594589789976081473e-01 8.553497235980280777e-01 8.668519439427962991e-01 8.840104863769137067e-01 8.600718107004097224e-01 8.152220622728948429e-01 8.235196825826198719e-01 8.401488787036321959e-01 8.495768041997502351e-01 8.423014937174154726e-01 8.629140243849535707e-01 8.740386127814484540e-01 8.485027015309937193e-01 8.685901771148417660e-01 8.677741478058416114e-01 8.499824674660513280e-01 8.790212009777852442e-01 8.712378907865419020e-01 8.668058600529870983e-01 8.786039542829477966e-01 8.731060188056360971e-01 8.760422145881673339e-01 8.533579313206048900e-01 8.721272353358933138e-01 8.517921036993101325e-01 8.729585267911875723e-01 8.757654638526334301e-01 8.766762583973300993e-01 8.829859572923247635e-01 8.603011549848096351e-01 8.668898699680437359e-01 8.728925026910433482e-01 8.782165805970822969e-01 8.819723674703968674e-01 8.803088361184676636e-01 8.766119669866728747e-01 8.726981785813870962e-01 8.744993610906349746e-01 8.748709213056882206e-01 8.824077597352578683e-01 8.875658782312556561e-01 8.796364499176452245e-01 8.788205965405164743e-01 8.791411081332720645e-01 8.859590529351690780e-01 8.720253009409500988e-01 8.690906086996300628e-01 8.844851027167681679e-01 8.837788986268555469e-01 8.808818216876084239e-01 8.813342084442121749e-01 8.800879592483097369e-01 8.826285214098337217e-01 8.843858210546337029e-01 8.868119669385226000e-01 8.843202494656107193e-01 8.778863224204008775e-01 8.737964526543392507e-01 8.743769736333960596e-01 8.796451762292175625e-01 8.820962500359619263e-01 8.795706236592816252e-01 8.794913765209124712e-01 8.764346236799013257e-01 8.790093654765749331e-01 8.814294226805361454e-01 8.740439386886358353e-01 8.754568650226397519e-01 8.766792718548690466e-01 8.694263886314281820e-01 8.736892094678695431e-01 8.778873797768811382e-01 8.792527312534403894e-01 8.731944136813910573e-01 8.792715795132758361e-01 8.749907306587325628e-01 8.781324743495775298e-01 8.836117266464933451e-01 8.736368574615783755e-01 8.785945597247913907e-01 8.766388152654290833e-01 8.805906694878123941e-01 8.794163835168562482e-01 8.770562219887531041e-01 8.782593197619293912e-01 8.781248877519605145e-01 8.788536929090703387e-01 8.799917516868720480e-01 8.786634255127153681e-01
5.845995235963854370e-02 1.541844829409753370e-01 3.889409319963617051e-01 6.380902352946543621e-01 4.604497590560265863e-01 5.756588262125200695e-01 7.553662840223769326e-01 7.611990618231687655e-01 8.066251904252065286e-01 7.720972905067333691e-01 8.620135819545809985e-01 1.000000000000000000e+00 8.201612250691532324e-01 6.794778550572121434e-01 9.092375407347900174e-01 9.120349581745664791e-01 8.338705756002438019e-01 7.493143195688490854e-01 8.281154653070010863e-01 6.974148363098580106e-01 7.742397805891165774e-01 8.627469345524814148e-01 8.217560212190792024e-01 7.752058248670319340e-01 8.036972534534039259e-01 8.796722010749389309e-01 8.875597248817730378e-01 8.990804380646211236e-01 8.911867970829786545e-01 9.080643741470680874e-01 9.289884082793247178e-01 8.979013300317820745e-01 8.619255441897550885e-01 8.552864835939935073e-01 8.806016339229644219e-01 8.925996274530321184e-01 8.880531787744153638e-01 9.138546196637997721e-01 9.231304033960102684e-01 8.983769081070700491e-01 9.221191895805734839e-01 9.233937087158223811e-01 8.970883669428678653e-01 9.343594121080998072e-01 9.205827365032689391e-01 9.248843627483416263e-01 9.332325231265061749e-01 9.282779294830671990e-01 9.281024030043385498e-01 9.002981144156572135e-01 9.242951227670364034e-01 8.962753609798881360e-01 9.254995703212797187e-01 9.268026636644162153e-01 9.276379020194891467e-01 9.342090222495695873e-01 9.081953550331485214e-01 9.226254227562258325e-01 9.274585895895628429e-01 9.312659173322005435e-01 9.382393409172273824e-01 9.309278434358623233e-01 9.297261361401542024e-01 9.258130150845821360e-01 9.294722889617357264e-01 9.254547405338204857e-01 9.375464808333128230e-01 9.392900944255381246e-01 9.294426264116218972e-01 9.318246083459867934e-01 9.361029420841419091e-01 9.395784630857089148e-01 9.197116720634979092e-01 9.222610593438677062e-01 9.400129862237508460e-01 9.376110370058283738e-01 9.362828591445346849e-01 9.360749995421638880e-01 9.367208920814643625e-01 9.379161548261890635e-01 9.368220125927221309e-01 9.419176908596545994e-01 9.392954353367191089e-01 9.304312893646670135e-01 9.253047827440852302e-01 9.257772000203948748e-01 9.360820248818689793e-01 9.392797221606138391e-01 9.370769423848566149e-01 9.373789201868075738e-01 9.335314077436982494e-01 9.378849120918160143e-01 9.403038846931691674e-01 9.357083437945258320e-01 9.343998213660200669e-01 9.352411735636905199e-01 9.281049690531910645e-01 9.298815852237479751e-01 9.387174592900626724e-01 9.384451194428998777e-01 9.331789289795722198e-01 9.378910291680955247e-01 9.333406205932711641e-01 9.373589016861473278e-01 9.384801369488078304e-01 9.287658766601477600e-01 9.350445488597176613e-01 9.353514859021250238e-01 9.398165376240348312e-01 9.380315445084582704e-01 9.383420361670804510e-01 9.350419000557763649e-01 9.373651710211565735e-01 9.364793804957681767e-01 9.367119489030386603e-01 9.340199131950096545e-01
9.499009015968717939e-02 1.773648761723468914e-01 3.563397457404801072e-01 5.832857417314166737e-01 4.787521648838040100e-01 5.378705631436973000e-01 6.902883587861996517e-01 7.055472195017533643e-01 7.553868560634272589e-01 7.149182960473627890e-01 7.840907444399209947e-01 8.201612250691532324e-01 1.000000000000000000e+00 6.107522268213614325e-01 8.360462694592571964e-01 8.416673816246246220e-01 7.722236391278778367e-01 6.793778451347612934e-01 7.680560560961801064e-01 6.572152669636938116e-01 6.917159807932963256e-01 8.006791893469994426e-01 7.737427607475586555e-01 7.176861132982044200e-01 7.446519673130425065e-01 8.235115075902815773e-01 8.247356946575951087e-01 8.374841780354010945e-01 8.249031425498857262e-01 8.506077784497547700e-01 8.609139764472364398e-01 8.204035666310096619e-01 7.857422378473326585e-01 7.830389117172745772e-01 8.132370953404378655e-01 8.194866133988991663e-01 8.235865490486810048e-01 8.229922441412270695e-01 8.400489626980398583e-01 8.151260666638737717e-01 8.480827934343262431e-01 8.422628471940494244e-01 8.336420928781496098e-01 8.565030424156178102e-01 8.486758766699613599e-01 8.447203417465363184e-01 8.564392260866946494e-01 8.550640497595650702e-01 8.521260026997414805e-01 8.208846538922758285e-01 8.384907015702476318e-01 8.185788328777030554e-01 8.500545662143847991e-01 8.590357389626837037e-01 8.576960338994923383e-01 8.549068542542331839e-01 8.394326617719426453e-01 8.459856511045358296e-01 8.483789750308557975e-01 8.620704064997259941e-01 8.632013463462427927e-01 8.593824128558474884e-01 8.521714772009575389e-01 8.512312771586159066e-01 8.500183919297124024e-01 8.549658190672220215e-01 8.599749568480995476e-01 8.593286629360660234e-01 8.534624626195016495e-01 8.495197876057368758e-01 8.561865587837710345e-01 8.647282340228683584e-01 8.420730391551751737e-01 8.432526360693430867e-01 8.609824498618763311e-01 8.601591570473423598e-01 8.603400847046800415e-01 8.573354338906010730e-01 8.534067896355659322e-01 8.620081021899322904e-01 8.610900013831009892e-01 8.630060125356528999e-01 8.600102231788869789e-01 8.570982484871718654e-01 8.446400680801753325e-01 8.505512041557602432e-01 8.536686081783152469e-01 8.535787152009296497e-01 8.551223753997891919e-01 8.573089665045490193e-01 8.500446075768118837e-01 8.568106053100867925e-01 8.572210667620785429e-01 8.538643469173157197e-01 8.545507083050462027e-01 8.567398385469153776e-01 8.477211277126637246e-01 8.521950985677413382e-01 8.571777698486536812e-01 8.520998571000596433e-01 8.544384227371289997e-01 8.581542180252839103e-01 8.568034448776843393e-01 8.574779705400445984e-01 8.596686620383147126e-01 8.553639909217838344e-01 8.581560454249435033e-01 8.580750361950709726e-01 8.626426640134220447e-01 8.566405723120579241e-01 8.545579024588432215e-01 8.607586907457981384e-01 8.579597851431509659e-01 8.585698939349691861e-01 8.571352627679649228e-01 8.598940319185225389e-01
