1.000000000000000000e+00 5.848764672808751813e-02 7.150833546780639705e-02 9.392938516744227251e-02 -6.993643187106355491e-03 5.764726524580921635e-03 3.272350688089100540e-02 4.372616499812705809e-02 8.174234079308213829e-02 7.409453181779636355e-02 5.216455055237273486e-02 3.717378390774210561e-02 1.225155546615476140e-02 1.731646298997411432e-02 8.235059771971033407e-03 1.610578156043891707e-02 8.040415920780760728e-02 6.931985312657021336e-02 3.122650156940330601e-02 8.106793583761577604e-02 6.378971432294334998e-02 2.390365387054141019e-02 4.505244161570488848e-02 5.611692675584829121e-02 3.729128438826243095e-03 6.643693981411605276e-02 1.921858510482595331e-02 2.281910474201552866e-02 1.175630432849781963e-02 4.272526190375500882e-02 3.164201468848227422e-02 5.225541793287560161e-02 1.755455335148768670e-02 2.393680161589487043e-02 3.908877980501247740e-02 9.077131283752370994e-03 2.942221357608063026e-03 8.720249093481499680e-03 4.422370672254388561e-03 -1.919494784221298378e-02 7.011022815398861713e-03 -6.127459235635452153e-03 -1.333609754984819637e-02 -3.660335791064287230e-03 1.221124964812236868e-02 -1.348824098003066803e-02 9.055926766344053053e-03 1.585913730264687516e-02 2.479026823657208556e-02 1.945552661242271747e-02 2.742950762809639315e-02 3.445531582521670771e-02 2.302853314210770094e-02 3.387234034110860048e-02 1.444533743567378951e-02 1.267868890054124446e-02 5.306100304758026159e-02 5.484887347982802218e-03 1.754718607240894276e-02 4.309745534226510494e-02 1.380401456206063575e-02 4.028546020507874081e-02 1.924765702855434080e-02 3.842112331591754359e-02 4.768836730191956808e-02 5.412788521771747657e-02 1.755019176856420157e-02 2.373226594363236561e-02 2.527804256658509191e-02 3.730821658266350593e-02 2.272515731747165244e-02 1.164204664362017763e-02 2.979186293536850022e-02 4.587124602446704218e-03 1.589669794986570128e-02 1.336622074944375169e-02 6.382725750167832050e-03 4.855882510456125886e-03 7.732122966945652147e-03 1.965607898535957909e-02 1.313652250908842883e-02 1.208218911239862005e-02 2.065255445661377809e-02 1.255278420053972978e-02 5.756585937833170324e-03 1.452012207920895873e-02 -2.770469897364687129e-03 5.950898206449291294e-03 1.338368959958583480e-03 9.213759107779771404e-03 -1.463743041847994893e-03 1.200638517408420836e-05 5.388961370787704631e-03 -9.902934274985291437e-04 7.444985200133651289e-03 9.947355246961836137e-03 1.534766078677090965e-02 5.258531039367113358e-02 6.011768639676109624e-03 1.129722515837910599e-02 -6.616754451247811334e-04 1.948390947659679739e-02 1.154947948440476768e-02 5.935967061992661331e-03 1.637557484788002352e-02 3.283405907703351723e-02 1.934826518234885120e-02 7.023937834676725368e-03 9.562973575483231167e-03 1.483085881763965275e-02 4.623183167290210657e-03 1.721981507658568514e-02 2.044869572556344897e-02 2.259034928450331242e-02 2.937867053398616687e-02 2.930560844477766991e-02
5.848764672808751813e-02 1.000000000000000000e+00 9.606530091929650628e-02 1.743763688861456329e-01 9.693968195764410267e-02 9.338509932694633031e-02 1.801913072344399347e-01 1.382678595909560826e-01 1.940231356472063851e-01 1.778540430102761305e-01 1.765221720153017648e-01 1.871665897883279528e-01 1.307223680657507159e-01 1.352558438905397120e-01 1.785888552196895629e-01 1.722855286841893097e-01 1.929477600279102811e-01 1.902154700191093228e-01 1.794369382961851223e-01 1.399590755335201053e-01 1.698871716925308695e-01 1.685144088425425402e-01 1.930212966580620582e-01 1.929824571143027856e-01 1.586116731671395053e-01 2.012987131791316719e-01 1.660165243270474988e-01 1.729329241077126877e-01 1.649862935547746212e-01 1.797770491580515662e-01 1.785687152123099364e-01 1.999752801233537214e-01 1.730091356067716968e-01 1.784332352323132753e-01 1.708635183902743604e-01 1.832295240932614033e-01 1.799575731823864488e-01 1.629065227436842511e-01 1.772418080837230570e-01 1.866160015786715864e-01 1.754344488681496839e-01 1.599827059322922740e-01 1.799720995533310164e-01 1.673055685768017609e-01 1.892499632405001131e-01 1.533379627611282103e-01 1.671877785773545066e-01 1.713386977810094358e-01 1.769774548653115509e-01 1.540419757819867508e-01 1.794436146390097908e-01 1.780113931099519820e-01 1.702100293722443314e-01 1.913516758338147938e-01 1.777605267647802134e-01 1.855940579179263528e-01 1.957479161662128431e-01 1.690382927647894329e-01 1.810751932842756262e-01 1.828171505324623358e-01 1.763583562071818767e-01 1.898517075315568348e-01 1.719161180826013491e-01 1.846361825146611846e-01 1.826632260907917749e-01 1.911456994631706707e-01 1.726054019847349519e-01 1.813728319438503434e-01 1.812449225191251068e-01 1.784202985944264852e-01 1.793780945690243711e-01 1.731378809805441399e-01 1.895930107996131042e-01 1.721059428186670071e-01 1.719588434846453240e-01 1.673593994185809397e-01 1.579075147138780943e-01 1.640168907614611427e-01 1.667887636053628497e-01 1.715243590287910402e-01 1.742934517624015744e-01 1.705907633488425723e-01 1.851451392132319185e-01 1.662629465700262710e-01 1.580918038385863422e-01 1.715016798828346845e-01 1.686842125771338408e-01 1.706614301594914784e-01 1.678048213698499214e-01 1.832679862253737968e-01 1.669310499435615880e-01 1.667076719062037526e-01 1.715228009432122336e-01 1.648208418630346950e-01 1.691418937325543381e-01 1.729616711252881245e-01 1.733376471496071713e-01 1.773239569193753862e-01 1.610998581692842657e-01 1.661500638309196531e-01 1.694020179956265137e-01 1.741900498481047943e-01 1.701022097149411105e-01 1.623224624345943057e-01 1.767025199052981999e-01 1.931189328461397348e-01 1.724657088680264794e-01 1.730027694000433325e-01 1.796573900650136613e-01 1.726247154588748112e-01 1.758140231976224044e-01 1.748163902162240824e-01 1.803513980324054078e-01 1.708494485571258326e-01 1.795669582266840592e-01 1.818456259184861035e-01
7.150833546780639705e-02 9.606530091929650628e-02 1.000000000000000000e+00 3.327602749762640921e-01 1.956524099906115088e-01 2.119412024105694903e-01 3.328115615756336299e-01 3.264503066553131050e-01 3.259015393151812878e-01 3.069266763033282608e-01 3.518363612202253243e-01 3.668521580842689089e-01 3.137684928144375274e-01 2.330347429289070516e-01 3.521730692308975841e-01 3.531054424236291234e-01 3.221590128435699585e-01 3.303853628573383272e-01 3.292421957958496237e-01 3.134759963039573383e-01 3.782949496538339784e-01 3.466520536918818451e-01 3.293090779760918796e-01 3.387193732752051822e-01 3.193204298648716910e-01 3.458247796773803451e-01 3.531134865922618826e-01 3.414115197355457876e-01 3.490757697996089148e-01 3.514425749756896478e-01 3.629267184184364337e-01 3.744908374105183624e-01 3.273932184859901784e-01 3.698540967880821762e-01 3.365071093365556432e-01 3.520818212126017310e-01 3.444240063016003606e-01 3.611187084541904735e-01 3.614830283573642888e-01 3.623355028632304076e-01 3.473701106648403036e-01 3.525460183544714687e-01 3.456790678377400505e-01 3.547036793676028310e-01 3.578190717772677942e-01 3.399434330768115187e-01 3.352627407604790721e-01 3.439623880330857086e-01 3.489453343695130827e-01 3.602130742954489095e-01 3.683673048136667516e-01 3.563463349790472745e-01 3.486258301542113913e-01 3.382949130892235479e-01 3.366625842074857933e-01 3.531653144874727923e-01 3.615920974109020358e-01 3.457271190493565460e-01 3.508865187824949938e-01 3.426764340301151068e-01 3.475449304390824112e-01 3.498106882971828147e-01 3.494532201693693052e-01 3.574808093173567070e-01 3.428151777083611185e-01 3.476001479093567270e-01 3.436728186031786647e-01 3.550138871534906926e-01 3.607679814930574436e-01 3.721592296914864595e-01 3.724556637068722198e-01 3.503434975470974266e-01 3.565921180361822929e-01 3.480083429533688544e-01 3.469140113328782471e-01 3.501487898499449081e-01 3.469096662747368498e-01 3.531467329300578273e-01 3.554479652039836401e-01 3.528069533569538896e-01 3.519365965921471551e-01 3.549780082974804407e-01 3.634742573722510861e-01 3.460204963561910319e-01 3.571353524148583869e-01 3.559227597621978378e-01 3.492026381309188965e-01 3.577192981823163476e-01 3.489709513319716461e-01 3.580751473558793641e-01 3.533401406939853384e-01 3.466648439501902046e-01 3.495597035045392431e-01 3.489825628878654995e-01 3.402670582514550346e-01 3.424259626340114826e-01 3.608022137338879332e-01 3.580989323423902082e-01 3.373613980054030459e-01 3.496305561916878690e-01 3.474052272234438576e-01 3.504994540954577964e-01 3.466847421648294736e-01 3.463918838361146890e-01 3.544160015918110251e-01 3.552295687350637277e-01 3.476799863412077252e-01 3.408602230198036209e-01 3.479719163389023984e-01 3.425122430034134857e-01 3.472875585463587322e-01 3.403446399239803410e-01 3.467446506469560319e-01 3.473439067128116786e-01 3.487321114248477238e-01 3.452837267481973504e-01
9.392938516744227251e-02 1.743763688861456329e-01 3.327602749762640921e-01 1.000000000000000000e+00 3.973169412413132817e-01 3.791365393038012011e-01 6.095063207372127811e-01 5.788269904813104771e-01 5.759249069923356723e-01 5.431218551765722991e-01 6.164812496120077867e-01 6.552849478379266790e-01 5.507778400400573648e-01 4.391417662073569539e-01 6.402294579125387131e-01 6.292128448656565398e-01 5.938237959369038199e-01 5.716984351505610684e-01 5.819810349400817984e-01 5.138425216313284860e-01 6.048050736918492154e-01 6.132601240455439751e-01 5.840311047393537125e-01 5.893896063367271010e-01 5.775087289750122643e-01 6.345330740012182780e-01 6.414949379438571464e-01 6.372621466861365658e-01 6.252953162666006204e-01 6.343798264071921489e-01 6.498859123516639302e-01 6.407022901562762218e-01 5.995563265299508338e-01 6.249972251693991510e-01 6.025182895745614386e-01 6.212882935468395651e-01 6.202951267089200638e-01 6.341075594521491388e-01 6.345179400370333234e-01 6.420123242041905209e-01 6.403932765039318520e-01 6.513380577635026203e-01 6.448390787726081541e-01 6.492112744497333665e-01 6.493806901908444340e-01 6.305640819952864629e-01 6.189561150390924249e-01 6.312239949364294445e-01 6.355088668321182688e-01 6.214555251150730708e-01 6.518068798060209224e-01 6.617534821273822754e-01 6.389813851725889560e-01 6.358492971797058413e-01 6.282599576746030756e-01 6.421970436549961914e-01 6.469894728982472643e-01 6.372632901956840623e-01 6.405445971401263483e-01 6.398861289609025782e-01 6.381237871312469556e-01 6.394082132110835426e-01 6.314001781285663029e-01 6.389461970575101013e-01 6.393526168725545133e-01 6.417929623640200587e-01 6.350823302241029866e-01 6.473375285560289960e-01 6.412010481846681653e-01 6.525643553021857057e-01 6.604314556342185671e-01 6.432154540678085564e-01 6.465579077545450248e-01 6.395472043949264052e-01 6.439443360640403347e-01 6.422975229753510318e-01 6.450283185232834615e-01 6.423243897227484123e-01 6.439404862660994544e-01 6.434786783994574932e-01 6.389394885911239275e-01 6.389145700730057831e-01 6.565985810775801790e-01 6.367084569536581862e-01 6.367274771556930002e-01 6.408526716561813164e-01 6.351160812523701793e-01 6.488002549293747645e-01 6.379175783446684456e-01 6.529166256411991220e-01 6.486157004833567052e-01 6.427796457227969995e-01 6.424326607344376106e-01 6.439620290268898151e-01 6.313232153790226953e-01 6.323073748149833362e-01 6.616928720615332660e-01 6.545834013381003347e-01 6.334157074631987516e-01 6.416357265363941131e-01 6.503606503811351081e-01 6.469344761769335594e-01 6.416099289971700648e-01 6.422969090918612123e-01 6.538647147049236885e-01 6.572409777615719761e-01 6.409624713709457522e-01 6.330161509850448232e-01 6.433146747101805563e-01 6.408886362881807131e-01 6.419692069743179186e-01 6.376304478054067859e-01 6.463909059439368887e-01 6.430368038647252815e-01 6.422128063576074686e-01 6.446090287281449616e-01
-6.993643187106355491e-03 9.693968195764410267e-02 1.956524099906115088e-01 3.973169412413132817e-01 1.000000000000000000e+00 3.021741012230512724e-01 4.675187220863498694e-01 4.648971170070655967e-01 4.456590877373869386e-01 4.040189643910548911e-01 4.837268828238870388e-01 5.028983997456847321e-01 4.742299735289774998e-01 3.421384906487836552e-01 5.032806584848270592e-01 5.134292907761061064e-01 4.440033003903417486e-01 4.229158004171953977e-01 4.391742720032701386e-01 3.522816912886470031e-01 4.083374948744738497e-01 4.670191321184686828e-01 4.666087531840636959e-01 4.435193609806087345e-01 4.467535845526405258e-01 4.875694867082475126e-01 4.940317387359773882e-01 4.913216186257048923e-01 4.925593480881291231e-01 5.053949360890015452e-01 5.087269701547835199e-01 4.991781200316234846e-01 4.725900254698975345e-01 4.969508396952171947e-01 4.884800199182184888e-01 4.778758310440184842e-01 4.869227751345496791e-01 5.072981909309477455e-01 5.102698693379372763e-01 4.942127422661578562e-01 5.061237171353388797e-01 5.134270811711737492e-01 5.216957815713376689e-01 5.212599910526877212e-01 5.062853102276890782e-01 5.120366139661693961e-01 5.060515788833350737e-01 5.094449435304557738e-01 5.010917011559034018e-01 4.943274751684502144e-01 5.124006362088918687e-01 5.023685695884434477e-01 5.033273047713273662e-01 5.044159609951256451e-01 5.114194998023560146e-01 5.109154113439097200e-01 4.997709466178885118e-01 5.157549056297648926e-01 5.074046632223994102e-01 5.109862055721855478e-01 5.134553000429281644e-01 5.054219387121908769e-01 5.043231155436295188e-01 5.020385517244063678e-01 5.076526453029835961e-01 5.079655153870334949e-01 5.096608299058323910e-01 5.120990202573381112e-01 5.125171150714844526e-01 4.972582563488234242e-01 5.108301566972862640e-01 5.108613801173205182e-01 5.055483535882072665e-01 5.072263316748882866e-01 5.147470916807198593e-01 5.143371028318628468e-01 5.139201085831510696e-01 5.154554956380913433e-01 5.134679674229312152e-01 5.126390825350422009e-01 5.138649078535240111e-01 5.142383465878586080e-01 5.108781144811953556e-01 5.167642584733361799e-01 5.131894970047546911e-01 5.134635242834154623e-01 5.081692643881196014e-01 5.162929822195062579e-01 5.134767401233544248e-01 5.138016298252838787e-01 5.068258846772515369e-01 5.173536066168900049e-01 5.111425756444912816e-01 5.152597040317060673e-01 5.107133633836348219e-01 5.114315381396629112e-01 5.162927212665217036e-01 5.100548055631103361e-01 5.164037934992014023e-01 5.161775639510600699e-01 5.203671600703453359e-01 5.154015882590908815e-01 5.123973168043002291e-01 5.203444047882919143e-01 5.170370905955073981e-01 5.119804419079855284e-01 5.097847891678292109e-01 5.139465024817007066e-01 5.166628680888465386e-01 5.131627361262794951e-01 5.138336708336510572e-01 5.137794001320750148e-01 5.126577252297017662e-01 5.157958021784146974e-01 5.106114684021330064e-01 5.134700981891651139e-01
5.764726524580921635e-03 9.338509932694633031e-02 2.119412024105694903e-01 3.791365393038012011e-01 3.021741012230512724e-01 1.000000000000000000e+00 5.176252843350641619e-01 4.794739783312309545e-01 5.255517911890110749e-01 4.816495799286560908e-01 5.405094055335771808e-01 5.732627466995466881e-01 5.327166575023910555e-01 4.086283106225942485e-01 5.761703302276243166e-01 5.686428583144437221e-01 4.992200791376667501e-01 4.786877003903613481e-01 5.120400420557741361e-01 3.947096296788826231e-01 4.700148877637623790e-01 5.276261976740295179e-01 5.095652659900601344e-01 5.014979333177116416e-01 5.101358721919913020e-01 5.541662484821305856e-01 5.703126062555532449e-01 5.608584110287159197e-01 5.462484929494055841e-01 5.652432366778571415e-01 5.924175048638012919e-01 5.492511648248399325e-01 5.231141144036427493e-01 5.433432137372139481e-01 5.319205134163879078e-01 5.408371774764164641e-01 5.696443741110515102e-01 5.628339813333372854e-01 5.753462674838117907e-01 5.582790242316456597e-01 5.865819686548038314e-01 5.878566171816261843e-01 5.847047716294662134e-01 5.949330667579504350e-01 5.831183859120340207e-01 5.891521220640444367e-01 5.930250340421153732e-01 5.913629945346565719e-01 5.866011660601847533e-01 5.428301697727475617e-01 5.806139649457249252e-01 5.647093066404106354e-01 5.844283871546420706e-01 5.840986466993625115e-01 5.873292589825616083e-01 5.829166815638129329e-01 5.674460790705091462e-01 5.885313936403073765e-01 5.869677770103890468e-01 5.866434286283084276e-01 5.833930032578275027e-01 5.796762827407710983e-01 5.807512759079787035e-01 5.755007229157089732e-01 5.854223185773012039e-01 5.794842130513692124e-01 5.908520920537637666e-01 5.902490602111991613e-01 5.883153397279331509e-01 5.759617015200517720e-01 5.908695947615932864e-01 5.938389502246952389e-01 5.835278432111913327e-01 5.894638833621890228e-01 5.967206112703211662e-01 5.958362071922672643e-01 5.960268143184364042e-01 5.941072474371877910e-01 5.958559306052005899e-01 5.953747285851820337e-01 5.933555811014229464e-01 5.975201224923968324e-01 5.903681254150868751e-01 5.900508808575716246e-01 5.798803485579996364e-01 5.832398018116582428e-01 5.910045548259241777e-01 5.933010117243664450e-01 5.935617249710022358e-01 5.942591786956159527e-01 5.935683600587077224e-01 5.964874300565670140e-01 5.948792502102411284e-01 5.972481893840090317e-01 5.933930506357486534e-01 5.946914444809731082e-01 5.838902660750223683e-01 5.772703642783477695e-01 5.878976350460607403e-01 5.911044065300893324e-01 5.977769565607642388e-01 5.910018988725300737e-01 5.921364509245546914e-01 5.928752792218398016e-01 5.919693550500517709e-01 5.857098274945293781e-01 5.914847069280348979e-01 5.946595166106395380e-01 5.969304660085660297e-01 5.956078772652964037e-01 5.971508656191565345e-01 5.930631285035995459e-01 5.928792612605233714e-01 5.907359999955948959e-01 5.926612223683110914e-01 5.905761249224732445e-01
3.272350688089100540e-02 1.801913072344399347e-01 3.328115615756336299e-01 6.095063207372127811e-01 4.675187220863498694e-01 5.176252843350641619e-01 1.000000000000000000e+00 7.301423440879737381e-01 7.288950226778682095e-01 6.717395783048413227e-01 7.632034280758102085e-01 8.018778579423717634e-01 7.332920897900087054e-01 5.866187977555219479e-01 8.441403781839372789e-01 8.058239576253695136e-01 7.130614662787199132e-01 7.071243147707806376e-01 7.375501678796206884e-01 5.834558868959641709e-01 6.918400953219228100e-01 7.517289131311898354e-01 7.567520994494788544e-01 7.314343366084627984e-01 7.218111683731904815e-01 7.909504795854098713e-01 8.132791198334671234e-01 8.180131882772394558e-01 7.937020302692853191e-01 8.036658487443377741e-01 8.340086959276653555e-01 8.064931067158608302e-01 7.732604207069013746e-01 7.955992664773609002e-01 7.803488027348092215e-01 7.829489661815973722e-01 8.142554752684372232e-01 8.066369309478945704e-01 8.180804759192564779e-01 8.134498154728077024e-01 8.212885641248961477e-01 8.380290277568746005e-01 8.266779676681699218e-01 8.350170896181214886e-01 8.267704888561571153e-01 8.344450622981293142e-01 8.075262170455457245e-01 8.137371346515623882e-01 8.105415614137320146e-01 7.723725924328315173e-01 8.125677455659419124e-01 7.950203347648490126e-01 8.075859047653358713e-01 8.042471007970505292e-01 8.051866779045310230e-01 8.208529481341899636e-01 7.885774178508373478e-01 8.202789804111859651e-01 8.108743006123645403e-01 8.107079073203253827e-01 8.067837644222602966e-01 8.027531778982234245e-01 7.959782479601344996e-01 7.990958952278861549e-01 8.044711902854581043e-01 7.971324070409411267e-01 8.177654643497614950e-01 8.285699763528242556e-01 8.288965121343460085e-01 8.124410245460771396e-01 8.255798238910072584e-01 8.223493459911327408e-01 8.233055459108921115e-01 8.163528123672028070e-01 8.307249308983051250e-01 8.322158655366276303e-01 8.387674542778933429e-01 8.318717595217233196e-01 8.363642286979928731e-01 8.287893121482771130e-01 8.313899804319155873e-01 8.307631081483310975e-01 8.339924455322353936e-01 8.249253978375791219e-01 8.182482584457482222e-01 8.244713766463109827e-01 8.282184188776519074e-01 8.336648437584706084e-01 8.304611194680857622e-01 8.339657514799497795e-01 8.413400317708193965e-01 8.337318394045746262e-01 8.304784698065688087e-01 8.374315129628143728e-01 8.166784467985925833e-01 8.195737978623218734e-01 8.173592653829475640e-01 8.012793315685834417e-01 8.111594203180358953e-01 8.237358385886207612e-01 8.339514172371170764e-01 8.198628194689369098e-01 8.173103331892849210e-01 8.225385025625803204e-01 8.239721227640828261e-01 8.151625060453380200e-01 8.168605853336445843e-01 8.198757035002748328e-01 8.296630334285823860e-01 8.218263328485585495e-01 8.285692324649240881e-01 8.175410144809223123e-01 8.198129855815528000e-01 8.159939153442932191e-01 8.181761632202867451e-01 8.127820369311127280e-01
4.372616499812705809e-02 1.382678595909560826e-01 3.264503066553131050e-01 5.788269904813104771e-01 4.648971170070655967e-01 4.794739783312309545e-01 7.301423440879737381e-01 1.000000000000000000e+00 7.191127215952154428e-01 6.606348068160058373e-01 7.279520357168173250e-01 7.834060873906431022e-01 7.119267800945281444e-01 5.498173674490500762e-01 7.890079662772419011e-01 7.983921299162497487e-01 7.003875180113109389e-01 6.443467056847839158e-01 6.766398646677677098e-01 5.660383952174727895e-01 6.853138627252401971e-01 7.215694830184568032e-01 7.022387098100374425e-01 6.812167912503130918e-01 6.814809062972736475e-01 7.584417617678403944e-01 7.581969422182370799e-01 7.398480526831039406e-01 7.550582318632764744e-01 7.641613395737415493e-01 7.884271860896869821e-01 7.725802123318680215e-01 7.108116554220995642e-01 7.638080351152474190e-01 7.338389762185992815e-01 7.538322900829385054e-01 7.541350478935496815e-01 8.007798563805206271e-01 7.887589640274951241e-01 7.634306816835020326e-01 7.875759826004040676e-01 7.904483283410096428e-01 7.926685534697246460e-01 8.069729301308927738e-01 7.862846025133838346e-01 7.916769811765512754e-01 7.844338593978603669e-01 7.941076446082129259e-01 7.932981062838410091e-01 7.857081129423598709e-01 8.092279217668510993e-01 7.795529623978840750e-01 7.903737432299564603e-01 7.819150258513001273e-01 7.916274400614855544e-01 7.977083062037274575e-01 7.929132085469814406e-01 8.046538608021813754e-01 8.024959735188984533e-01 7.930879780662820622e-01 7.970700012374737353e-01 7.994197106977998235e-01 7.979517443232959639e-01 7.945693450153388238e-01 7.908477266221538571e-01 7.915882570971463084e-01 7.930159854589103885e-01 7.933382338318284432e-01 7.954702020737094426e-01 7.874103211859505569e-01 8.043042358114161905e-01 7.960388391214257009e-01 7.832918879622735586e-01 7.858015442393002647e-01 8.004483092385948906e-01 8.011833548947402406e-01 7.933503722096726385e-01 8.010451190461935767e-01 7.918828904739420027e-01 8.000965093551741791e-01 7.926378527804516239e-01 8.000005237260207069e-01 7.997383549362884203e-01 7.914784373557417485e-01 8.001791671358696734e-01 7.987279941015942297e-01 7.885523912081140452e-01 8.046168684913223013e-01 7.983278467021974745e-01 8.007087420086513863e-01 7.846197863149527718e-01 8.000323199809532548e-01 7.966822730207582248e-01 8.018428549892068213e-01 7.943910571800454345e-01 7.962510779691528429e-01 8.000727116129821015e-01 8.033371707634663350e-01 7.969734436709976499e-01 8.030837987819831048e-01 8.023910468273395269e-01 8.065796638937176022e-01 7.969882719095815471e-01 8.036235203165191798e-01 8.034139615104148868e-01 7.968889894315237532e-01 7.993896719567527009e-01 7.963611516871768048e-01 8.023780343011505112e-01 8.002785077358487431e-01 8.016327614595291084e-01 7.966678261628136193e-01 8.004805363054040557e-01 8.030544635200339565e-01 7.979311494654920400e-01 7.957645319778180459e-01
8.174234079308213829e-02 1.940231356472063851e-01 3.259015393151812878e-01 5.759249069923356723e-01 4.456590877373869386e-01 5.255517911890110749e-01 7.288950226778682095e-01 7.191127215952154428e-01 1.000000000000000000e+00 7.666725361331321320e-01 8.005489547853644750e-01 8.433245107408970931e-01 7.743608665517111023e-01 6.125486288182805383e-01 8.435413667898582490e-01 8.466211150141985664e-01 7.932633040699231808e-01 7.099076648619228047e-01 7.230503434119301964e-01 5.986654413189042012e-01 7.119243382215847404e-01 7.520783377481704557e-01 7.763369778881064054e-01 7.338963158160018985e-01 7.139403950390950104e-01 8.346492150008710809e-01 8.305080747862029211e-01 7.859196930117173796e-01 7.791393347510239265e-01 8.288474212146640374e-01 8.662684872496387856e-01 8.458783299778104281e-01 7.758196589571072499e-01 8.208404478668265281e-01 8.023648856829059817e-01 8.163065886307798724e-01 8.331873620059550012e-01 8.383664150151045602e-01 8.550573722388850051e-01 7.991978692141631369e-01 8.689098659930166724e-01 8.494313302560414503e-01 8.370703572572364415e-01 8.599950962366750273e-01 8.620691868774428279e-01 8.480991799346700999e-01 8.813816728003068812e-01 8.906583316145127993e-01 8.878488760267007063e-01 8.271052854307207047e-01 8.689501965806828432e-01 8.324534649230427297e-01 8.719909978779358806e-01 8.845659412334715421e-01 8.750561084627266339e-01 8.667267770208907374e-01 8.737145113560472742e-01 8.729894581440340584e-01 8.744821917748830664e-01 8.930800661961543208e-01 8.745547482731658162e-01 8.842386477243348031e-01 8.702575442434039577e-01 8.852436785961373955e-01 8.913870928277047856e-01 8.898528229878884810e-01 8.863882275482170003e-01 8.764048960048791415e-01 8.782170025518379886e-01 8.657480647788847739e-01 8.702909908936865557e-01 8.736687317456121038e-01 8.674193198621350520e-01 8.568923136688189057e-01 8.786922903156397791e-01 8.773575994028205427e-01 8.646190696988671487e-01 8.652737172231126372e-01 8.621519511301751759e-01 8.814721059587017349e-01 8.774638828085491449e-01 8.831434596401842585e-01 8.807150890622488237e-01 8.709477833032065464e-01 8.650433594144929517e-01 8.775099884595971567e-01 8.713115141891969451e-01 8.753983326731895609e-01 8.770510273856602090e-01 8.726369391785943064e-01 8.539338671846888884e-01 8.748268385679810466e-01 8.789832895383999922e-01 8.739942556280405617e-01 8.853558530436398399e-01 8.880111554576013422e-01 8.697464570606395773e-01 8.869698676521521330e-01 8.803531455880470036e-01 8.792018142755371191e-01 8.729929089527211916e-01 8.845388041587347594e-01 8.872302425933586978e-01 8.821954399638671784e-01 8.829881147589151436e-01 8.789884785666187694e-01 8.899893618555767549e-01 8.849067373717938167e-01 8.826002646824772091e-01 8.859153518899822721e-01 8.784704237563991658e-01 8.907503106714910190e-01 8.880058347191619461e-01 8.888842858222444354e-01 8.920368296578580214e-01 8.905641762475354772e-01
7.409453181779636355e-02 1.778540430102761305e-01 3.069266763033282608e-01 5.431218551765722991e-01 4.040189643910548911e-01 4.816495799286560908e-01 6.717395783048413227e-01 6.606348068160058373e-01 7.666725361331321320e-01 1.000000000000000000e+00 7.568921198049893828e-01 7.814361619397499625e-01 7.227482886034392040e-01 5.641338544487637385e-01 7.818945384176299029e-01 7.854310308827181508e-01 7.211386587564047046e-01 6.621250386313968228e-01 6.794608458506707915e-01 5.497555816353214553e-01 6.604036877810062212e-01 7.077272005728221238e-01 7.180300137365216440e-01 6.809227295119617551e-01 6.661640496950429480e-01 7.701733829165038347e-01 7.630669124331593833e-01 7.282053315252943193e-01 7.122187415605387706e-01 7.677336057258806745e-01 8.049252611256274559e-01 7.826911643715610545e-01 7.166116099870756262e-01 7.636883902985150963e-01 7.490324111882640246e-01 7.553708787592401386e-01 7.746592601908612874e-01 7.743385299568562585e-01 7.881715650264288220e-01 7.502894216282043338e-01 8.039142094519524662e-01 7.938238061758249309e-01 7.778944035433280613e-01 8.015054111332569065e-01 8.049316402145941796e-01 7.900094997877630254e-01 8.196145957925181635e-01 8.283079854949685350e-01 8.215876122888946531e-01 7.559406404695786508e-01 8.013114837652741684e-01 7.684870650656786539e-01 8.057017986724142045e-01 8.183651142638327380e-01 8.114637464547075352e-01 8.046250889802089024e-01 8.024078300855683743e-01 8.122174603297591666e-01 8.114359209692767472e-01 8.224632735029140385e-01 8.077675999140060403e-01 8.155400403888423133e-01 8.024906766508811407e-01 8.119276516993511050e-01 8.184003496386572651e-01 8.188256816722936371e-01 8.212706786503971568e-01 8.152740515905493313e-01 8.165232439999375869e-01 8.030234293518194733e-01 8.091699198230343226e-01 8.104711408880538315e-01 8.070558276162225209e-01 7.985769429568649880e-01 8.164529480549803653e-01 8.139960370817379554e-01 8.022899352756899249e-01 7.967259038685031713e-01 8.001421654515772364e-01 8.166378192182437434e-01 8.146126123133957675e-01 8.203990260954245883e-01 8.190806424053632684e-01 8.069511976558696453e-01 8.029591489361699308e-01 8.143723333059235125e-01 8.099058337315676592e-01 8.145923120774275494e-01 8.131276409317447218e-01 8.139975982408290678e-01 7.962647958415006721e-01 8.136704655744082526e-01 8.168535015902297358e-01 8.126256919940142431e-01 8.217684074406327310e-01 8.244349818633543991e-01 8.063921891294849598e-01 8.148659729635541193e-01 8.132598100768050342e-01 8.156367366469590152e-01 8.118800400720458388e-01 8.193936285435395872e-01 8.202265824835044405e-01 8.178162877478292181e-01 8.182864114812378187e-01 8.154689009366146157e-01 8.233412215629368758e-01 8.230056921045236784e-01 8.212969774097708120e-01 8.228373689150947357e-01 8.190600415340235640e-01 8.244502770460001573e-01 8.236632062116672204e-01 8.223385053996772331e-01 8.261058175899727019e-01 8.249412295401093997e-01
5.216455055237273486e-02 1.765221720153017648e-01 3.518363612202253243e-01 6.164812496120077867e-01 4.837268828238870388e-01 5.405094055335771808e-01 7.632034280758102085e-01 7.279520357168173250e-01 8.005489547853644750e-01 7.568921198049893828e-01 1.000000000000000000e+00 8.729154853420104665e-01 7.922228520400188545e-01 6.154025953900672530e-01 8.633628256352886554e-01 8.575772372375219943e-01 7.816707829466625901e-01 7.252516502735147919e-01 7.574944225963097244e-01 6.095913922934850238e-01 7.262486331721410560e-01 7.875028331894621259e-01 7.949850671675205982e-01 7.616081951650358617e-01 7.559756832498716328e-01 8.470596378455660380e-01 8.562544370913365288e-01 8.341412755482446872e-01 8.112588098059413388e-01 8.613441360198692553e-01 8.930664701681143569e-01 8.630212732010632548e-01 8.106230872993905878e-01 8.511196792031499037e-01 8.346222274258967566e-01 8.471015164886367410e-01 8.730669459775995955e-01 8.673651717267386596e-01 8.809012358619228156e-01 8.530542377124412656e-01 8.831025546677774285e-01 8.837830304690138528e-01 8.741603220896337900e-01 8.882934595908377196e-01 8.875657092445471408e-01 8.794852824680226000e-01 8.893749475457367604e-01 8.916005254729134633e-01 8.921174668692762877e-01 8.494706882306447548e-01 8.866228088840193422e-01 8.498413603455171605e-01 8.850571117388500442e-01 8.805455402078016247e-01 8.797276379639332733e-01 8.864711216059080190e-01 8.754080588380264150e-01 8.880141941472760037e-01 8.843217130926329661e-01 8.862523044843529929e-01 8.880371913018602070e-01 8.826911238435236617e-01 8.798284045709225953e-01 8.874860911057492752e-01 8.816109582802289513e-01 8.817752988556144533e-01 8.927939223673959646e-01 8.926921402995127153e-01 8.954622737479051020e-01 8.742099673775407531e-01 8.894168877657840921e-01 8.910142012623133434e-01 8.856744750400931121e-01 8.810239336087442030e-01 8.959789279734285961e-01 8.951934205988921756e-01 8.907256416536576404e-01 8.848081927728850271e-01 8.864100666689256336e-01 8.933928559512898104e-01 8.951834299233014658e-01 8.989447418832858805e-01 8.988613483702828644e-01 8.887329543945798882e-01 8.889348087682549249e-01 8.959655350566297916e-01 8.957522193145917022e-01 8.974867305205710410e-01 8.958952972804268278e-01 8.938596723917644482e-01 8.900684663172883093e-01 8.966509351624762925e-01 8.972159738546389152e-01 8.954499235558376347e-01 8.954775455927632688e-01 8.945784328001509245e-01 8.932694886287277924e-01 8.883506732064735401e-01 8.909042422455527577e-01 8.951198104908772990e-01 8.964351956360473439e-01 8.954682169835630479e-01 8.949632678743921765e-01 8.958265027541092440e-01 8.955569516975762090e-01 8.869391676426285898e-01 8.969136471509846498e-01 8.939300219734347408e-01 8.960822507445425078e-01 8.942735510588722958e-01 8.941511999015949730e-01 8.932264789392575510e-01 8.953499251460048658e-01 8.951950871408899113e-01 8.927491271149542440e-01 8.919350259092632127e-01
3.717378390774210561e-02 1.871665897883279528e-01 3.668521580842689089e-01 6.552849478379266790e-01 5.028983997456847321e-01 5.732627466995466881e-01 8.018778579423717634e-01 7.834060873906431022e-01 8.433245107408970931e-01 7.814361619397499625e-01 8.729154853420104665e-01 1.000000000000000000e+00 8.258080541922769857e-01 6.538630738678535836e-01 9.139460786717820140e-01 9.146404307805950928e-01 8.192890240257815204e-01 7.471576670497001027e-01 7.832393121253847790e-01 6.433595193606205243e-01 7.651808118098619715e-01 8.225063734807098736e-01 8.172905274569930434e-01 7.790509749084338909e-01 7.761594850944277812e-01 8.871836814449579611e-01 8.975486771740742720e-01 8.673035641273095786e-01 8.483468040523678422e-01 8.996338667968516445e-01 9.319625955815479257e-01 8.987198517025297706e-01 8.458446364884038005e-01 8.851034074247903227e-01 8.690622612452844065e-01 8.862156463597877787e-01 9.034399657407318207e-01 9.106493392005831078e-01 9.231081511098877534e-01 8.878631352167871693e-01 9.297343038304308749e-01 9.249030964850741832e-01 9.201258004647177025e-01 9.384936768531819684e-01 9.285771607391812843e-01 9.237189451689429287e-01 9.357093769553114226e-01 9.386399775979917814e-01 9.395060646023627449e-01 8.966983097047835916e-01 9.339736300659724488e-01 9.009278614118239048e-01 9.321044725868254943e-01 9.316171916732738367e-01 9.318106220679669427e-01 9.315288630928754143e-01 9.289488636768992169e-01 9.391438550673230079e-01 9.366034001194705194e-01 9.362491646679301782e-01 9.381873616262500493e-01 9.353306083281485162e-01 9.316030626922845448e-01 9.360302460874536656e-01 9.343467432547103435e-01 9.353216110822705209e-01 9.396031550298505897e-01 9.359954227104552160e-01 9.368755644844136699e-01 9.223139602548127147e-01 9.348765790263231512e-01 9.345910826225167778e-01 9.234632074629922638e-01 9.193663271083317712e-01 9.416775769310208322e-01 9.400192201443413609e-01 9.336729536994459178e-01 9.299961124659916756e-01 9.298275715543904418e-01 9.396015319748813877e-01 9.397373886593499703e-01 9.446698447169463719e-01 9.440120118536322602e-01 9.351654165321379164e-01 9.349875380225550758e-01 9.389950034024773240e-01 9.360983311561746900e-01 9.427000355823768052e-01 9.414085720468732266e-01 9.388395130382832798e-01 9.296689905775803453e-01 9.421929316836862300e-01 9.413336334625725943e-01 9.418047432066104507e-01 9.416140558245407188e-01 9.441149470506806640e-01 9.392776360557811843e-01 9.396760770862482293e-01 9.385586245187866883e-01 9.405690277376320685e-01 9.430559495156977112e-01 9.458982087400502614e-01 9.420741668171538352e-01 9.436862825787890596e-01 9.460175203171546920e-01 9.393563264434906523e-01 9.451338869826160227e-01 9.426316336435360821e-01 9.446532532102013269e-01 9.439267958139957448e-01 9.426492110063002805e-01 9.428898818962974104e-01 9.448647526689438747e-01 9.456297699983501337e-01 9.437711145964696735e-01 9.437405031863285165e-01
1.225155546615476140e-02 1.307223680657507159e-01 3.137684928144375274e-01 5.507778400400573648e-01 4.742299735289774998e-01 5.327166575023910555e-01 7.332920897900087054e-01 7.119267800945281444e-01 7.743608665517111023e-01 7.227482886034392040e-01 7.922228520400188545e-01 8.258080541922769857e-01 1.000000000000000000e+00 6.047438634748167896e-01 8.437827697232518354e-01 8.387880245138877866e-01 7.490524341864985836e-01 6.742897653562335281e-01 7.216846111632370109e-01 5.368558505795879565e-01 6.648610433159247712e-01 7.442242431613845799e-01 7.544156340352270451e-01 7.061473307555379275e-01 7.150528306774014409e-01 8.068870117886397519e-01 8.243621203709885492e-01 7.906331701861171180e-01 7.673469606127428788e-01 8.222253723738086606e-01 8.546626573141685723e-01 8.165391334315866834e-01 7.725267457345036393e-01 8.058406082689433259e-01 7.864599135536392005e-01 8.105193951466557190e-01 8.334356484175728941e-01 8.281829192023603126e-01 8.473389591907365404e-01 8.099468151176180131e-01 8.615765674210748015e-01 8.554976564943997941e-01 8.441035265810663546e-01 8.623347672369030548e-01 8.546604929459848954e-01 8.532457604267734697e-01 8.665632764533552912e-01 8.698516528087131272e-01 8.635153138153373042e-01 8.114651848385848742e-01 8.530217827479409376e-01 8.267322706071495997e-01 8.545159635722916480e-01 8.559283682106307856e-01 8.584067064564416816e-01 8.540598363827319739e-01 8.372646688991425279e-01 8.651810178617916902e-01 8.540560905536921377e-01 8.653541873734952317e-01 8.600752069500813279e-01 8.539767180933517388e-01 8.500943481029284987e-01 8.554411991711082797e-01 8.606122018508235438e-01 8.573401768361522679e-01 8.706541937347523907e-01 8.616965174480742951e-01 8.621753289254669994e-01 8.313720992198754267e-01 8.539468020978165930e-01 8.622155425833135656e-01 8.495260396923904889e-01 8.512978047275538973e-01 8.670242745263931905e-01 8.680272040060172944e-01 8.620092292215507657e-01 8.560708333450109953e-01 8.586275843449179268e-01 8.632015833018911177e-01 8.659963213723814723e-01 8.720935954394072320e-01 8.663813364432144670e-01 8.633925440500441750e-01 8.583172174364190887e-01 8.639974534101982906e-01 8.685479224550672894e-01 8.678831530157518070e-01 8.711555199577464270e-01 8.652220528067301464e-01 8.583320799469577045e-01 8.719285738276237874e-01 8.712144481579935373e-01 8.703622595951332475e-01 8.736308315773592126e-01 8.740446234270001780e-01 8.571745373699352077e-01 8.546155805020820839e-01 8.680274242853766031e-01 8.685422317481844567e-01 8.704513579248163158e-01 8.681597623228962668e-01 8.700853900766727378e-01 8.718972126546731261e-01 8.708436267681800569e-01 8.554636826040477038e-01 8.704126479939012784e-01 8.730727556886332952e-01 8.723855521104082467e-01 8.737100739761021195e-01 8.697285091974700233e-01 8.732125593741614233e-01 8.685507123608119384e-01 8.707007877238611693e-01 8.703902941727026388e-01 8.691957210107674747e-01
