1.000000000000000000e+00 8.608424053625697570e-02 3.119496656534613381e-03 -8.092981286018317497e-03 -1.802482064912899707e-03 -5.269770169505651712e-03 -2.255552472043150306e-02 3.901912228682611911e-03 3.701595301979656444e-02 3.414195630017045208e-02 1.034337778379733341e-02 8.159373915876191874e-03 1.724056435293888287e-02 1.172030379926947141e-02 -9.599258616743457356e-04 -4.376837756024938141e-04 3.124893537898841556e-02 1.839767606393528585e-02 1.054845342409380625e-02 -2.317658281219653685e-03 3.096774010274368216e-02 2.294135085706473440e-02 2.484047891611879458e-02 6.017159676928696480e-03 1.033960451010694503e-02 2.459313531938378192e-02 5.907782457214951974e-03 9.417626418640199018e-03 3.104849767891983484e-02 1.979521071277432279e-02 8.567611267081219270e-03 1.139240406377442678e-02 8.263245521935826815e-03 1.038955263139723813e-02 -2.847660673584115093e-05 1.525014735632019940e-02 7.001360351603081594e-03 5.265517390512434830e-03 5.454968849697310919e-03 -3.283443480476566992e-03 8.566359601152307574e-03 -3.870583376478935623e-03 -9.959527689793131605e-03 5.380771982586064067e-03 6.575725760595703753e-03 3.604909308131457307e-03 -2.746339592308688626e-03 5.539132226397723915e-03 9.663932284137947623e-03 9.153324377794044538e-04 8.915603169180181392e-03 -2.079955115380019426e-03 -2.539969762131696722e-03 1.182895743168234023e-02 1.029830460078679996e-02 5.993718131249897545e-03 1.714129739482334741e-02 1.853824621927032887e-03 1.429309670930558815e-02 1.491624533406672032e-02 1.121533748859483877e-02 1.247360721356967697e-02 1.048623796050048886e-02 1.395700709868207511e-02 2.370920925555173447e-02 1.797389664517811889e-02 6.473868738961221884e-03 4.866363182252067890e-03 1.002817881602032814e-02 3.873719390008644597e-03 9.423324526667168494e-03 9.077358590258363669e-03 3.803233848680333522e-03 5.983316346054949261e-03 9.449963519464969763e-03 9.894868662990403269e-03 1.021321591595000106e-02 1.328555873172751478e-02 2.869195145250824554e-03 5.072609635186930456e-03 6.769185694301196876e-03 3.937107016778106268e-03 1.541425273979487968e-02 1.076436998762592134e-02 2.162489452435194855e-03 5.498893956757993501e-03 4.822200132686630357e-03 1.524017960572456552e-03 3.081424290288427986e-03 4.198725633070485297e-03 2.617400595623482697e-04 1.323939940532216884e-03 2.924926799606513816e-03 3.215469852460830537e-03 -1.236285550810162399e-03 3.686385351391251956e-03 -4.793832246601950273e-03 4.527254568282781597e-03 -1.240750983838085969e-03 -8.852961982711201813e-03 -4.711838312912026462e-03 1.578555835693556172e-03 1.619782799913434051e-03 2.164976009372500051e-03 4.622517199624738213e-03 1.075487194677920109e-02 4.136473099165850764e-03 8.509084682060961621e-03 6.410477146450006131e-03 6.654648986311029364e-03 -2.468501057351299606e-03 8.178940795689889839e-03 3.031196997120724421e-03 4.847702158394547219e-03 1.198407735082043617e-02 8.041555292508042671e-03
8.608424053625697570e-02 1.000000000000000000e+00 2.587716307618419601e-02 4.727766712405551131e-02 7.925921225759552380e-02 6.269750569770267401e-02 1.217633858285928072e-01 9.677289018346300897e-02 1.197142371999461580e-01 1.776940309553939057e-01 1.381596507804581930e-01 1.200434021411888180e-01 1.189707383754774195e-01 7.680953058809450451e-02 1.424110476293798666e-01 1.391135636956833399e-01 1.257538453290129310e-01 1.579722555134888962e-01 1.491411974380763561e-01 9.419092255412378489e-02 1.339315599362548015e-01 1.293389206442797368e-01 1.841322583508353261e-01 1.451411511403441768e-01 1.465766631972210410e-01 1.610634836011745341e-01 1.532429999784810648e-01 1.635972440319484467e-01 1.999552447785718778e-01 1.921784850524001220e-01 1.764052639371704589e-01 1.459008354629954263e-01 1.599613157414330744e-01 1.418406895316699501e-01 1.633783071472848791e-01 1.335905377557027873e-01 1.537927688487913391e-01 1.546095602391732715e-01 1.569637022510188273e-01 1.190804617837695339e-01 1.420360431609072882e-01 1.383768376955419599e-01 9.724107828043029866e-02 1.369528681305886009e-01 1.381196743643904601e-01 1.495767333180354763e-01 1.457976000368055858e-01 1.414853370862904358e-01 1.522325938204620588e-01 1.417199649373781511e-01 1.425225270464066385e-01 1.029213364843602346e-01 1.274682537559899687e-01 1.563021657266321918e-01 1.606108098412273588e-01 1.632061681760652305e-01 1.472745280019193137e-01 1.386595894217887981e-01 1.567256945743024932e-01 1.495216005164122230e-01 1.422633631829409162e-01 1.509221225725089210e-01 1.483679249603080119e-01 1.470130280042489523e-01 1.458532064517910065e-01 1.475816330093781548e-01 1.489807470066287776e-01 1.516443363198083927e-01 1.588439648111495683e-01 1.392358157826520115e-01 1.470961485465653029e-01 1.529343648703871128e-01 1.498017455611413695e-01 1.537749811652567300e-01 1.570970357411982377e-01 1.573955948097171542e-01 1.625597237948890050e-01 1.737468924527769965e-01 1.632280123770178393e-01 1.684421595632095980e-01 1.599039739957334727e-01 1.575389364984870755e-01 1.526491858935671575e-01 1.694902618907818403e-01 1.497251934808727092e-01 1.500617441589152945e-01 1.501930325915737663e-01 1.501375854733829618e-01 1.507688549694457258e-01 1.485075875925088162e-01 1.404277164900152586e-01 1.431338972920824515e-01 1.411333943605836971e-01 1.459682434001725593e-01 1.465133917181487833e-01 1.501415025911154444e-01 1.302901639167514669e-01 1.375602473302160178e-01 1.442423836188484187e-01 1.356378568386983618e-01 1.343346733611104904e-01 1.464086243782025121e-01 1.440193767143456982e-01 1.405421486951631826e-01 1.378889015067694401e-01 1.477680517970668961e-01 1.473797465829880804e-01 1.537282919975259676e-01 1.543390756534183950e-01 1.489775290143964259e-01 1.450425067628193787e-01 1.499877862075617296e-01 1.490917826247150912e-01 1.464488705662312928e-01 1.485926647250469246e-01 1.486586481366045653e-01
3.119496656534613381e-03 2.587716307618419601e-02 1.000000000000000000e+00 3.285191622125686051e-01 1.784282397654818331e-01 2.021783244308237582e-01 2.859494733412587530e-01 2.883278524995977476e-01 3.445271303999249968e-01 2.859811973427552889e-01 3.502953634268115013e-01 3.635129141692386434e-01 3.220178267859208354e-01 2.854454896147050058e-01 3.503492044433593189e-01 3.421715072669070379e-01 3.497034556033910557e-01 3.694073121093720546e-01 3.685389183347145825e-01 3.298244562923223766e-01 3.640294749905139682e-01 3.853970522615601246e-01 3.671951647548164499e-01 3.687692427645532511e-01 3.814284114123335789e-01 3.824562920499720575e-01 3.724687120311324096e-01 3.709015256157939810e-01 3.610292994573304215e-01 3.670667617163700380e-01 3.688962522947992762e-01 3.853379940618030797e-01 3.779080697390858057e-01 3.828379902710932758e-01 3.744744436464766402e-01 3.766562599909719089e-01 3.682213679851852328e-01 3.691734411539550620e-01 3.730615451745326605e-01 3.762746231016859122e-01 3.795207294854123226e-01 3.716181549121341798e-01 3.603987878535780953e-01 3.662945247736059673e-01 3.745478612055323508e-01 3.641694925718174103e-01 3.697183060821029876e-01 3.719832309294942574e-01 3.718670944224704011e-01 3.785426955074410738e-01 3.652442868325587733e-01 3.756119633135026059e-01 3.630488616882344144e-01 3.703623007323074146e-01 3.710695407416975677e-01 3.722908321744818894e-01 3.727109701706433076e-01 3.677383778870689790e-01 3.649737375031437692e-01 3.703613140156811201e-01 3.701367155644766371e-01 3.628120926550988945e-01 3.685898656586190647e-01 3.618172611215060286e-01 3.686094169609420712e-01 3.776677862228749460e-01 3.765192298125046855e-01 3.801931590620382106e-01 3.796810767606388359e-01 3.823333726102426944e-01 3.830713299301038988e-01 3.800630405488615304e-01 3.827089083256999813e-01 3.858700680170386033e-01 3.762199500026583432e-01 3.754422261969367347e-01 3.730140195710929807e-01 3.703246656042870066e-01 3.756868126322109869e-01 3.719377980956840579e-01 3.803892283791463491e-01 3.780549211462150283e-01 3.763740179486138593e-01 3.749568261723875695e-01 3.767198238142879796e-01 3.773973684687530472e-01 3.752548205580996665e-01 3.725890896069229408e-01 3.731472793757611983e-01 3.743887287444602197e-01 3.782477896460784694e-01 3.728829412615769501e-01 3.761261237011384595e-01 3.728642475246966570e-01 3.716430305899024455e-01 3.716867660561521958e-01 3.766317277206439051e-01 3.783781654901996472e-01 3.765595486920119139e-01 3.729026464175582700e-01 3.728329428961382197e-01 3.713780009161067874e-01 3.708972151130973116e-01 3.723479491085442961e-01 3.809786746529744139e-01 3.754866962285030585e-01 3.739601692883633977e-01 3.693357676900182462e-01 3.736802348218458136e-01 3.716865164785077003e-01 3.703726625778520076e-01 3.707300356390931806e-01 3.702396256181687551e-01 3.736367912867353258e-01 3.670320115612629164e-01 3.737279076760552377e-01
-8.092981286018317497e-03 4.727766712405551131e-02 3.285191622125686051e-01 1.000000000000000000e+00 3.067523855291545143e-01 2.849500194479979154e-01 4.927458338514483782e-01 5.022680860831317817e-01 5.744016984778266277e-01 4.650442000721268787e-01 5.581462930825844548e-01 6.228604050183058627e-01 5.212636206376252135e-01 4.389792773746058474e-01 5.836524914671310516e-01 5.856283641353664526e-01 5.716729487923423170e-01 5.426696785584800287e-01 5.709374081216082031e-01 5.798515368079166787e-01 6.037415618030529396e-01 6.121419842309928638e-01 5.424220541914411831e-01 5.477409539045934306e-01 5.443413820629503519e-01 6.045841684025394791e-01 5.739176906711335180e-01 5.709211829437081942e-01 5.321601010086302042e-01 5.558758290114996781e-01 5.866910558928631891e-01 6.023085912193039126e-01 5.552364120298759476e-01 6.111959896621925736e-01 5.714507474553064403e-01 6.031573494308979377e-01 5.931350045836601970e-01 5.894500495891914493e-01 6.057406288046479625e-01 6.011785732625608558e-01 6.168132654586502284e-01 6.165753239816093023e-01 6.135110557882216265e-01 6.158761254711274669e-01 6.102664249558081844e-01 6.019330539544890391e-01 6.105710950838522111e-01 6.197718736861702604e-01 6.110931088217921303e-01 6.111532209066835586e-01 6.141208151607018273e-01 6.333840511686603669e-01 6.013907974863472727e-01 6.121610897650593408e-01 6.028967540101125566e-01 5.980690102980689149e-01 6.135621795179260207e-01 6.158086769051117626e-01 5.998800148592843273e-01 6.178950611147288052e-01 6.192866495298769980e-01 6.085770541815246348e-01 6.117230914373303907e-01 6.165005192310365478e-01 6.154275434796336874e-01 6.191583558990843006e-01 6.132431187653785143e-01 6.124264666863918904e-01 6.072648956714608026e-01 6.379222064977945195e-01 6.307896074678863707e-01 6.148684331939772152e-01 6.125824964630168790e-01 6.123530445249838472e-01 6.096983611058811592e-01 6.115455518880538177e-01 5.991243687062982604e-01 5.900564892541115825e-01 6.002251615549141217e-01 5.935550698827636307e-01 5.985938726548236666e-01 6.062494619384349859e-01 6.120135557334490661e-01 5.951007783272191931e-01 6.087740721405833222e-01 6.106071438144803354e-01 6.139832928885069485e-01 6.100693642383316906e-01 6.088759436786360668e-01 6.102963912721393047e-01 6.122184134736707861e-01 6.173287619403514670e-01 6.195858906469889904e-01 6.137207122787253777e-01 6.152093497819555168e-01 6.155872504708421733e-01 6.169685463726557462e-01 6.215187860791270280e-01 6.181746622739855423e-01 6.193552749456107120e-01 6.246568756439451198e-01 6.148202782047922366e-01 6.222175537191814154e-01 6.186773797796281116e-01 6.262381944529255007e-01 6.170180733484658120e-01 6.169264632395448089e-01 6.126117565396312914e-01 6.094855890237024232e-01 6.140523468838768872e-01 6.133711095611757980e-01 6.159511348615962500e-01 6.118451553879103999e-01 6.174437578806626359e-01 6.192370010684653536e-01 6.191583764427520675e-01
-1.802482064912899707e-03 7.925921225759552380e-02 1.784282397654818331e-01 3.067523855291545143e-01 1.000000000000000000e+00 1.987807775023801016e-01 4.373612634546354405e-01 4.342144252220263012e-01 4.196956739845574269e-01 3.704076068840664870e-01 4.203612430978737602e-01 4.454072506764414352e-01 4.499588007294522685e-01 3.434496802613465349e-01 4.831317311570745843e-01 4.692794646330152863e-01 4.108337183966719874e-01 3.921166094797744472e-01 3.770361825829476321e-01 4.487535199630195981e-01 3.954871596522374078e-01 4.003225491971011407e-01 3.987395783189935927e-01 3.534604188391306523e-01 3.405242592288139081e-01 4.375459138625860667e-01 4.244473195874962079e-01 4.363941321631932824e-01 4.123102564507745704e-01 4.301990500015728247e-01 4.442900877758779732e-01 4.450115238725789735e-01 4.130459027137726169e-01 4.269031059966840180e-01 4.302967504890949368e-01 4.348861744944670926e-01 4.479774248690532867e-01 4.528666970149623494e-01 4.502651512274930545e-01 4.424690650034420747e-01 4.587782345479198831e-01 4.532368003715328553e-01 4.671846327183814540e-01 4.666220399952159537e-01 4.533704231247123739e-01 4.600357382400016015e-01 4.631214807810715151e-01 4.626988434601804201e-01 4.668403614954959591e-01 4.499716164348302461e-01 4.712740463682378311e-01 4.642191163429587042e-01 4.722492961799815703e-01 4.688287689728107832e-01 4.637123585745796528e-01 4.592889321094849042e-01 4.694550009172599458e-01 4.683639934386984449e-01 4.612889493367165472e-01 4.721223385636818537e-01 4.746500431505188966e-01 4.722433156822349321e-01 4.647745766999055173e-01 4.677347070690561215e-01 4.583315618109283229e-01 4.680389736610144347e-01 4.626840004677065243e-01 4.511120616308008646e-01 4.545226798556768477e-01 4.635580774137575411e-01 4.518959250386520021e-01 4.496488913249063746e-01 4.404052564366122136e-01 4.375279307866001277e-01 4.587953019496944229e-01 4.589166038891202559e-01 4.538712843841427036e-01 4.559537044976634257e-01 4.510013782540427951e-01 4.549761351257430309e-01 4.575607606961866747e-01 4.608252656810347681e-01 4.585974194985031338e-01 4.534465189460424872e-01 4.525844365203194886e-01 4.538907121704932046e-01 4.607262228248072966e-01 4.631203003593107326e-01 4.629707953341212767e-01 4.612814444465710428e-01 4.534832051732052283e-01 4.666614215190769133e-01 4.648648472372077789e-01 4.629243665561758592e-01 4.659588057160851671e-01 4.665570443587454541e-01 4.603183261890680944e-01 4.587118524175509138e-01 4.650020458554834923e-01 4.625036149760580750e-01 4.688697804956795667e-01 4.621758160212430244e-01 4.681672167689356900e-01 4.709045465517824880e-01 4.655747326490322635e-01 4.646093003635085594e-01 4.630870720590245515e-01 4.649534915726525885e-01 4.643406488119334319e-01 4.690198748522907413e-01 4.699589032388978294e-01 4.693171502791617655e-01 4.694946343964411795e-01 4.656641943933902961e-01 4.638047787841032554e-01 4.692642517382397682e-01
-5.269770169505651712e-03 6.269750569770267401e-02 2.021783244308237582e-01 2.849500194479979154e-01 1.987807775023801016e-01 1.000000000000000000e+00 3.763714674371737012e-01 3.291139723128115313e-01 3.587112358105757903e-01 3.194273813333566858e-01 3.821517737979519547e-01 3.892878583415199656e-01 3.551716985011393324e-01 2.831837134808413703e-01 3.954168887826428058e-01 3.920294017802791187e-01 3.614502920448506851e-01 3.770661704714006190e-01 3.776941492441704962e-01 3.680489080403646085e-01 3.885995324822708041e-01 3.975702863819337574e-01 3.651763991519862418e-01 3.761635340990174270e-01 3.596277478524229632e-01 4.044078911932286746e-01 4.008005765015526523e-01 3.794150497295951108e-01 3.779464953514118930e-01 3.819622672025363430e-01 4.051054866689347000e-01 4.029652171069865174e-01 3.776260304522847666e-01 4.096810082600245706e-01 3.902372181707879917e-01 3.938254988608991258e-01 4.012050642511789111e-01 4.044747397586516136e-01 4.014371899375127617e-01 3.858615161246789493e-01 4.023865062321359543e-01 4.063521317646480724e-01 3.930854624140648901e-01 4.102635319377255230e-01 4.082514435428445387e-01 4.024384179849544996e-01 4.128467738372672002e-01 4.165600037046758852e-01 4.092748794202650808e-01 4.114973776183413201e-01 4.121552596029868787e-01 4.017038665822132426e-01 4.066942504075974907e-01 4.136273515674351309e-01 4.155879520919490977e-01 4.071811196397530086e-01 4.108430085689586675e-01 4.104898912708035419e-01 4.120629535010054134e-01 4.109875514255276752e-01 4.204646420804669660e-01 4.109456640559124296e-01 4.124837912095508652e-01 4.067931930306474819e-01 4.094966582130230015e-01 4.076968184437909093e-01 4.146290316163619982e-01 4.168327970540363081e-01 4.158098961953102801e-01 4.243376098035159250e-01 4.225448960689898170e-01 4.150113615966915526e-01 4.175768771923429323e-01 4.128056093532689319e-01 4.158961512449593223e-01 4.115017632142195514e-01 4.116463250010254371e-01 4.091265173475200911e-01 4.119254962390176966e-01 4.120330390916052132e-01 4.110183872320651299e-01 4.158142383348831239e-01 4.137073880028307449e-01 4.142604697659074686e-01 4.160169548843788978e-01 4.175918897010753028e-01 4.119857031317368246e-01 4.185224007896687914e-01 4.101704972351188361e-01 4.158126344201354407e-01 4.124126405324778366e-01 4.160334130732319391e-01 4.127293934456481295e-01 4.148758967372421225e-01 4.169164552446957828e-01 4.168134591319986315e-01 4.172057623434933249e-01 4.223739015358083382e-01 4.202647220707401710e-01 4.215451800075032951e-01 4.190029818802153971e-01 4.201842094035281860e-01 4.173439224461467645e-01 4.194952747703682983e-01 4.164297356480932133e-01 4.162937480570101934e-01 4.188633030108804278e-01 4.138112318010440660e-01 4.160687194717313520e-01 4.178191638293193844e-01 4.188014834470723535e-01 4.185586824040479215e-01 4.164525827860662832e-01 4.160994316732517517e-01 4.119817170000045770e-01 4.152971892258159325e-01
-2.255552472043150306e-02 1.217633858285928072e-01 2.859494733412587530e-01 4.927458338514483782e-01 4.373612634546354405e-01 3.763714674371737012e-01 1.000000000000000000e+00 6.822203084146956087e-01 7.106457759059956469e-01 6.557035466152287828e-01 7.229528648109703193e-01 7.570597103939360473e-01 6.942713004552558687e-01 5.684079874681458033e-01 8.137503312113435472e-01 7.871193427317669800e-01 6.946742154903096100e-01 6.898252693313270401e-01 6.928178181508430900e-01 7.231476382006394310e-01 6.953843590423168797e-01 6.913728256874792644e-01 7.241572847631673193e-01 6.486578598346959268e-01 6.248572721875554903e-01 7.608814555139384872e-01 7.432030877580455552e-01 7.583640053749055587e-01 7.383904478013184614e-01 7.589509860249655793e-01 7.862259739121157942e-01 7.731051568859167444e-01 7.557054165230085996e-01 7.723566586481944718e-01 7.590831690194469461e-01 7.581166660588986028e-01 7.730346434448682746e-01 8.001062283522912821e-01 7.980727183729270369e-01 7.782681930412669313e-01 7.897952387364332028e-01 7.973173242925229998e-01 7.877054898375763781e-01 8.040902627916465262e-01 7.851459877079066674e-01 7.951144947185653233e-01 7.958778237700580016e-01 7.966542390229559567e-01 7.960164775599847253e-01 7.883861554693853968e-01 8.028149832740905101e-01 7.737536011913572764e-01 7.874471406219336611e-01 7.939586034331344022e-01 7.894069820680771343e-01 7.966598124954720195e-01 7.896634378283446942e-01 8.007984501537325217e-01 7.858972312132554983e-01 8.009909252867144502e-01 8.008984976922478571e-01 8.053443301988570946e-01 7.956425638164659198e-01 8.021034653268989123e-01 7.841576548440793992e-01 7.905999935987766403e-01 7.971036433325772164e-01 7.879674888406738020e-01 7.946942785716073487e-01 8.025816263039120546e-01 7.847501432166380519e-01 7.845172128059442196e-01 7.780169786811017563e-01 7.727203050016645536e-01 7.969742404171955563e-01 7.955651891090386174e-01 7.928035987580125399e-01 7.921005959949779518e-01 7.872699729378476174e-01 7.990266891305013441e-01 7.966391446964257161e-01 8.039657415529716245e-01 7.986938859320666939e-01 7.966921883410399419e-01 8.022883718873050629e-01 7.987398427874444762e-01 7.992806160726263487e-01 8.065178977341800337e-01 8.059578927684506455e-01 8.037342182206180796e-01 8.017169617625254929e-01 8.062902920603811641e-01 8.019208778174851115e-01 8.049219003698067088e-01 8.037224721935662952e-01 8.035987155769818147e-01 7.983088164863894054e-01 7.930653891203475192e-01 7.992983127030423018e-01 8.071303987503217758e-01 8.093501267859514181e-01 8.016213678106378637e-01 8.013319265658134238e-01 8.080760188869092753e-01 7.989643944121300745e-01 7.951248446900484046e-01 8.021516213910627746e-01 8.009029962445882722e-01 8.023713820696554144e-01 8.040167309101772242e-01 8.081135748442052069e-01 8.049036802599890406e-01 8.065385062986084597e-01 8.051317770815809016e-01 7.955318289954041999e-01 7.983905527541358405e-01
3.901912228682611911e-03 9.677289018346300897e-02 2.883278524995977476e-01 5.022680860831317817e-01 4.342144252220263012e-01 3.291139723128115313e-01 6.822203084146956087e-01 1.000000000000000000e+00 6.967559699125025485e-01 6.269479125742423165e-01 7.098950233739146354e-01 7.543111042272085953e-01 6.848930706405578217e-01 5.509148865851752896e-01 7.725774631621007416e-01 7.677988437402529787e-01 6.845424494188135922e-01 6.870103708953559929e-01 6.932374699173448063e-01 6.958968390733055731e-01 6.970983137962268872e-01 7.036009048778408825e-01 7.036256125289639396e-01 6.558552360228810940e-01 6.415503546331063900e-01 7.467801039156624077e-01 7.293808058496027424e-01 7.391310039423469869e-01 7.133362601647319501e-01 7.370511342898912188e-01 7.596536035572197809e-01 7.625812803903524451e-01 7.369971019656186284e-01 7.635670468007088596e-01 7.420977432478617075e-01 7.394826673930602334e-01 7.568961100784001861e-01 7.753357752077510989e-01 7.747574892425707072e-01 7.532469143072103579e-01 7.695113129154080855e-01 7.813680572742163211e-01 7.642996550881229201e-01 7.819838738718554172e-01 7.607116055983286218e-01 7.730390079809417170e-01 7.769699198593001954e-01 7.785459478087850549e-01 7.815447119011071919e-01 7.795332142945526899e-01 7.908414845518725311e-01 7.620537683549503116e-01 7.659820388515815592e-01 7.761430856293556335e-01 7.735448456803881712e-01 7.776304422141663286e-01 7.817130327672698886e-01 7.843591832341563208e-01 7.753819828338618381e-01 7.804998876122078988e-01 7.869694289174441471e-01 7.863152101306783992e-01 7.865525120687724137e-01 7.836959220105883528e-01 7.684061841989208164e-01 7.781689370114699411e-01 7.813548820347004931e-01 7.733059726813537038e-01 7.748549623857303725e-01 7.790849638927510590e-01 7.742041389609733981e-01 7.708617706083925603e-01 7.652433758622000370e-01 7.608757335418084855e-01 7.778564806833850875e-01 7.775967003254515841e-01 7.724831524195130417e-01 7.697962640307884907e-01 7.643938545517811045e-01 7.755176105281188503e-01 7.752395843779580353e-01 7.798425858660553711e-01 7.804239453231373025e-01 7.740514099617561428e-01 7.820597443244000635e-01 7.797633396748314683e-01 7.792600079307423488e-01 7.853054892223277905e-01 7.849308736755813420e-01 7.813941682280260981e-01 7.765393172136041411e-01 7.839044314501971700e-01 7.793523100597086195e-01 7.825671697620787404e-01 7.832643002311494573e-01 7.825884142531300824e-01 7.797760143510430453e-01 7.794574679223196245e-01 7.824260800605081778e-01 7.867111520672662728e-01 7.867575644945203894e-01 7.841805451371931523e-01 7.821803392583897008e-01 7.881703542399858264e-01 7.815352535778435916e-01 7.774420148620321269e-01 7.832995227706710528e-01 7.800301219112928397e-01 7.805862466047752690e-01 7.855425678566434478e-01 7.879011344713051646e-01 7.838297716235452794e-01 7.852681688406301097e-01 7.846618488474773612e-01 7.793673862811792974e-01 7.805118243061321959e-01
3.701595301979656444e-02 1.197142371999461580e-01 3.445271303999249968e-01 5.744016984778266277e-01 4.196956739845574269e-01 3.587112358105757903e-01 7.106457759059956469e-01 6.967559699125025485e-01 1.000000000000000000e+00 7.119891349206439735e-01 7.938339382333405858e-01 8.322444412208923614e-01 7.484996468341464926e-01 6.005253390304400307e-01 8.335853466405056533e-01 8.408959778797369111e-01 8.107088596679086212e-01 8.018517552364125001e-01 8.103141342898858568e-01 7.383431470637357164e-01 7.914690902093247660e-01 8.254096157031129977e-01 8.077151658286680913e-01 7.784732233903322030e-01 7.701358742109126743e-01 8.565530430488578206e-01 8.402976270772775091e-01 8.445495360074234403e-01 8.224563374636957302e-01 8.452108274016378875e-01 8.679981024133613943e-01 8.560753904490480126e-01 8.146200063361135335e-01 8.536205571903726641e-01 8.363645487087275621e-01 8.380302618086677979e-01 8.620261370818130819e-01 8.612685724814995725e-01 8.699118873589909429e-01 8.432648400493674146e-01 8.765895309750794118e-01 8.715637056592178133e-01 8.335551913738020735e-01 8.746671549619461361e-01 8.665722758907620227e-01 8.690636642284249591e-01 8.785068343572995930e-01 8.838286226248098787e-01 8.810342564565565304e-01 8.645904254196943306e-01 8.732597132251491701e-01 8.596807798285208690e-01 8.613316457482930177e-01 8.857311935489631249e-01 8.763035285655870199e-01 8.776563380516966273e-01 8.858912959785502084e-01 8.774967799532655821e-01 8.737423400450885502e-01 8.885042981468215251e-01 8.829504990298413514e-01 8.834357026707672089e-01 8.805195420154654506e-01 8.858173361534088519e-01 8.817271505357199279e-01 8.863230787303846281e-01 8.826311540349282003e-01 8.800340546035745337e-01 8.799999967878117113e-01 8.769959084019669504e-01 8.798645102625001213e-01 8.814523155212394823e-01 8.742101273255303839e-01 8.732810282573653105e-01 8.837732038008859758e-01 8.801549514902825555e-01 8.764986433851378322e-01 8.750139802379611753e-01 8.714322428720887581e-01 8.783215779962662006e-01 8.773568036319228103e-01 8.810892739871590829e-01 8.849677333912957522e-01 8.754221877633332483e-01 8.755430278549209966e-01 8.798662081998573914e-01 8.797876430915485546e-01 8.805404777429417518e-01 8.813930085339934939e-01 8.823968826009874755e-01 8.744775919685132681e-01 8.823041970527258915e-01 8.816516831557964506e-01 8.819444232165383202e-01 8.846337280556085814e-01 8.854374789502912346e-01 8.729759551979261456e-01 8.816893643142715842e-01 8.824549308005701365e-01 8.787480552134566691e-01 8.805928825725003461e-01 8.820809568613704466e-01 8.815598461031177724e-01 8.836182014809738083e-01 8.839273986924285342e-01 8.822817401441093166e-01 8.851125396975210169e-01 8.870449012633090380e-01 8.850701787151887823e-01 8.846963338461995008e-01 8.819932956792085887e-01 8.870247787698402053e-01 8.828618174227791382e-01 8.861348526936355663e-01 8.856307431658061446e-01 8.871819095648277864e-01
3.414195630017045208e-02 1.776940309553939057e-01 2.859811973427552889e-01 4.650442000721268787e-01 3.704076068840664870e-01 3.194273813333566858e-01 6.557035466152287828e-01 6.269479125742423165e-01 7.119891349206439735e-01 1.000000000000000000e+00 7.120469377782108200e-01 7.342298155101688595e-01 6.574372423582331981e-01 5.477962576109997039e-01 7.571646850488545910e-01 7.473325186073283000e-01 6.991732848075881135e-01 7.315953261519025919e-01 7.207946403498894927e-01 6.488551288654095250e-01 6.839283422701156745e-01 7.170864498093381112e-01 7.476798934283298559e-01 6.931807130788254501e-01 6.876038909044513980e-01 7.721439672801846399e-01 7.622220742352237011e-01 7.750679605737472722e-01 7.675290599649674528e-01 7.813726862720732358e-01 7.868808267175919635e-01 7.729462158243247671e-01 7.627021407896570349e-01 7.657095973308141179e-01 7.739272219714583567e-01 7.469450439177992562e-01 7.789316127421360703e-01 7.921981336732916157e-01 7.849785018423883765e-01 7.631942315404388610e-01 7.856225010321515878e-01 7.854535198191229250e-01 7.315114154709644323e-01 7.870188331907177481e-01 7.773320751826959807e-01 7.897581639948342280e-01 7.879980396022666644e-01 7.924045789256308758e-01 7.874047094350660192e-01 7.801390560973749944e-01 7.847563532723004220e-01 7.536275232055674733e-01 7.702203020630282726e-01 7.892236768989738804e-01 7.847601705754952972e-01 7.973875491830184625e-01 7.797230638626553301e-01 7.872049547541958292e-01 7.832719177506057839e-01 7.879498314478633469e-01 7.872537845194429451e-01 7.900573202738588874e-01 7.840529073947356542e-01 7.842748674282727928e-01 7.788947126259839759e-01 7.858614354869840612e-01 7.927274972242489559e-01 7.916232200518350526e-01 7.930034261612928237e-01 7.782594104345774699e-01 7.841730034025486962e-01 7.918790500942031185e-01 7.828859486340734586e-01 7.859216753607248807e-01 7.984272784649961707e-01 7.975617893029992578e-01 7.979318284021715835e-01 7.998698732883189333e-01 7.965555010779509226e-01 7.979124386025158167e-01 7.973921919713822248e-01 7.995553687952867694e-01 7.944833344774456796e-01 7.971454005749797345e-01 7.940517927867519754e-01 7.941834205995889073e-01 7.948294659567753939e-01 7.989737573684143612e-01 7.963865068254306623e-01 7.944699893725157835e-01 7.926272245416766671e-01 7.953305575130528160e-01 7.934347933923435736e-01 7.972158883560932496e-01 7.967775279586074566e-01 7.974142380253574913e-01 7.861745500935196640e-01 7.838393344589660305e-01 7.939222223772526288e-01 7.914037454379074799e-01 7.887519741351324276e-01 7.944124935731495807e-01 7.884782111925530135e-01 7.924604010421800737e-01 7.908339890522356752e-01 7.908619992705706592e-01 7.953156622942482157e-01 7.981246021263332935e-01 7.989258837028414550e-01 7.963748558225662855e-01 7.947660793648366750e-01 7.966252270479906583e-01 7.963218859257454874e-01 7.961333276085446053e-01 7.909025775203398778e-01 7.914421224366000596e-01
1.034337778379733341e-02 1.381596507804581930e-01 3.502953634268115013e-01 5.581462930825844548e-01 4.203612430978737602e-01 3.821517737979519547e-01 7.229528648109703193e-01 7.098950233739146354e-01 7.938339382333405858e-01 7.120469377782108200e-01 1.000000000000000000e+00 8.466453459583190844e-01 7.385682627695906444e-01 6.047241059797763274e-01 8.364034676772621468e-01 8.389572940513989607e-01 7.863830304941215044e-01 8.069880408406188144e-01 8.100325313500567059e-01 7.509150004301627934e-01 7.846651679323982664e-01 8.171134745331363192e-01 8.218563841535065917e-01 7.861564535064852199e-01 7.712369217316549230e-01 8.627862934432855013e-01 8.519482979191059790e-01 8.531376701513739835e-01 8.372625957467545454e-01 8.574556961681789602e-01 8.822187427966656781e-01 8.657053805657949352e-01 8.374073575606315600e-01 8.641442729453613358e-01 8.468016360589257774e-01 8.444685200943469194e-01 8.701773897472850905e-01 8.754122931703033350e-01 8.771438392778335702e-01 8.548402555064277264e-01 8.780570249766460611e-01 8.765409178785207311e-01 8.331124000874752245e-01 8.799181809418021860e-01 8.723576686146516934e-01 8.767531452099809330e-01 8.821394080751026046e-01 8.853339460364819669e-01 8.798796742198685683e-01 8.699567847481645133e-01 8.793271867181908785e-01 8.511280467847257558e-01 8.683595480475447825e-01 8.828918554532652063e-01 8.776451807375961200e-01 8.813649080043772788e-01 8.774864695474606791e-01 8.798196159552676976e-01 8.738132402028441215e-01 8.824043759403920051e-01 8.803889603280300458e-01 8.825673945381566909e-01 8.796429693235030545e-01 8.765839646835721366e-01 8.726681019856881161e-01 8.788843227346588849e-01 8.866876526376362699e-01 8.862847605313218802e-01 8.884937694486575444e-01 8.806655321554617277e-01 8.820163330115861067e-01 8.841343262124694569e-01 8.794546937043853374e-01 8.801196755314775189e-01 8.898109737857213819e-01 8.884016592795712652e-01 8.846562746865547222e-01 8.834620106155547381e-01 8.803270595510577223e-01 8.862630905928443603e-01 8.866336869135935661e-01 8.897669260818165116e-01 8.886072108152088811e-01 8.849857152238921332e-01 8.883175632509366926e-01 8.877539993518636097e-01 8.884819332967849315e-01 8.896745510257716427e-01 8.908355767080256005e-01 8.872116587238505492e-01 8.853012150236660993e-01 8.892119645071189238e-01 8.857709356548318924e-01 8.882484540864495903e-01 8.897493539691961884e-01 8.892947702402983490e-01 8.844314300094019421e-01 8.828984429093038599e-01 8.869965769136246569e-01 8.865088651736497960e-01 8.879034830872077899e-01 8.870429780441607681e-01 8.832234859055005938e-01 8.876406050759192423e-01 8.882658936650197345e-01 8.837057575987715685e-01 8.896843575367373580e-01 8.899218243892561553e-01 8.896657592123132785e-01 8.889322165012119026e-01 8.871760116991780354e-01 8.893898769789277958e-01 8.880755774853393847e-01 8.891006585737091239e-01 8.840823169119743641e-01 8.864123748016462523e-01
8.159373915876191874e-03 1.200434021411888180e-01 3.635129141692386434e-01 6.228604050183058627e-01 4.454072506764414352e-01 3.892878583415199656e-01 7.570597103939360473e-01 7.543111042272085953e-01 8.322444412208923614e-01 7.342298155101688595e-01 8.466453459583190844e-01 1.000000000000000000e+00 7.927518886519776542e-01 6.465049839794579922e-01 8.898042495549551845e-01 8.925163824415136560e-01 8.402310357823215003e-01 8.393848240551943229e-01 8.493705917704198471e-01 8.186053947912321771e-01 8.377554757804810404e-01 8.698866759845860219e-01 8.498867134809477974e-01 8.152774646328035946e-01 8.008021677870936772e-01 9.034752373504426615e-01 8.851466908714156201e-01 8.875264652348181516e-01 8.542329918320036297e-01 8.840829360702910922e-01 9.127057828979528997e-01 9.074541805130170724e-01 8.663792841057811334e-01 9.071901117303122764e-01 8.818025441143131360e-01 8.937135645201002010e-01 9.072345293308333725e-01 9.159311594039947213e-01 9.222759184823492440e-01 9.026845170999585610e-01 9.261340193157880929e-01 9.283030629055669669e-01 8.955170897663934371e-01 9.338398617489604980e-01 9.208338541769159891e-01 9.228630063125321525e-01 9.327630008643889026e-01 9.348072234995844498e-01 9.287932651677364149e-01 9.189145224424826175e-01 9.311138631721074255e-01 9.161432235975843774e-01 9.207736976043309207e-01 9.312571252421900647e-01 9.251780582373008155e-01 9.256480578352999089e-01 9.282152296778913847e-01 9.318067634217830353e-01 9.217389644031059870e-01 9.366376307564397985e-01 9.350118650712571089e-01 9.341707507084593409e-01 9.305025861456351910e-01 9.321877778593602448e-01 9.258451619757792628e-01 9.318857049139273041e-01 9.355037921816898860e-01 9.318893091444446775e-01 9.318423119262745358e-01 9.378662739732670506e-01 9.347933659492398961e-01 9.313338728599127592e-01 9.248535375986318696e-01 9.237393218314476906e-01 9.338018220182333629e-01 9.318685673293329863e-01 9.253980159988423049e-01 9.225416612491342816e-01 9.223854202256016599e-01 9.261754907014161375e-01 9.281600418856387202e-01 9.338647302066140909e-01 9.336799212853470475e-01 9.244499323247202804e-01 9.302744810213213755e-01 9.320833913681391136e-01 9.339053008355794327e-01 9.352589234018798825e-01 9.360390115973311609e-01 9.336826923982721738e-01 9.312935080697313239e-01 9.379934898969130019e-01 9.374564543252399407e-01 9.359503266641722163e-01 9.377023274772718908e-01 9.388689495655848649e-01 9.317803307476577590e-01 9.309029786665723449e-01 9.350437808982023924e-01 9.362143414128091257e-01 9.375071834382079361e-01 9.349177055510639045e-01 9.363939272187913332e-01 9.395972627044578696e-01 9.382564718004224869e-01 9.317604365258380650e-01 9.374315505359082090e-01 9.359667698383953294e-01 9.358521961979227033e-01 9.385856968477168660e-01 9.381387416839167548e-01 9.389643352049716896e-01 9.367828240673414797e-01 9.384882272421820604e-01 9.348905488606207292e-01 9.367114934027457318e-01
1.724056435293888287e-02 1.189707383754774195e-01 3.220178267859208354e-01 5.212636206376252135e-01 4.499588007294522685e-01 3.551716985011393324e-01 6.942713004552558687e-01 6.848930706405578217e-01 7.484996468341464926e-01 6.574372423582331981e-01 7.385682627695906444e-01 7.927518886519776542e-01 1.000000000000000000e+00 5.719560190534511701e-01 8.101625475855745995e-01 8.060903288233903785e-01 7.376448800366073311e-01 7.381829751441210119e-01 7.473056016372116028e-01 7.269186893299042218e-01 7.231102798735195014e-01 7.490582320025773733e-01 7.506151216317105135e-01 7.072158994504033069e-01 6.898911808275040025e-01 8.022447658675652127e-01 7.870855642478308267e-01 7.910487395629156593e-01 7.658971337306836880e-01 7.886926466885267883e-01 8.118099921843665578e-01 8.009300506227263750e-01 7.637068228433868677e-01 7.996410322058282727e-01 7.822079197623179603e-01 7.815359511248438640e-01 8.019757794846255061e-01 8.123032527649992618e-01 8.164667165857893982e-01 7.958136602555622163e-01 8.253544205991513172e-01 8.260266923121337701e-01 8.025518683997161506e-01 8.332700349356204628e-01 8.163283018519991163e-01 8.179326520252567789e-01 8.308246258594732536e-01 8.344957789604757759e-01 8.271012096275808245e-01 8.121685525634263492e-01 8.250267735390280910e-01 8.149448546145213745e-01 8.232696363225110447e-01 8.305429450284780302e-01 8.269492882236978426e-01 8.271804274692209358e-01 8.272549271120365200e-01 8.336317876921376380e-01 8.171687848956837863e-01 8.407411954817668454e-01 8.360007500240497214e-01 8.355683688736131876e-01 8.274353586773121050e-01 8.311963535479763854e-01 8.237052178087626020e-01 8.336258296681136049e-01 8.348190407386238965e-01 8.271564814662689669e-01 8.281428588599814011e-01 8.330576393737983976e-01 8.261276741275328517e-01 8.267993647413223179e-01 8.197264263520165350e-01 8.148665005722679489e-01 8.323296763869142412e-01 8.300818764133187644e-01 8.251172784497287083e-01 8.245945655207987945e-01 8.223737848594749877e-01 8.288939401402677376e-01 8.272307530071846271e-01 8.338535467704571991e-01 8.312003205354009383e-01 8.242442007874151155e-01 8.272194369277060533e-01 8.304432019396971176e-01 8.310986938060194174e-01 8.347500845913072842e-01 8.344341981461679270e-01 8.331187168714835334e-01 8.277625978084974800e-01 8.380269752126950911e-01 8.361409266918651273e-01 8.358617913258123977e-01 8.385061313059414267e-01 8.380939999738364898e-01 8.284746839928428530e-01 8.293886250722264375e-01 8.356083381470545968e-01 8.353314769139550400e-01 8.395779264527132302e-01 8.324915728830528661e-01 8.352949577473421927e-01 8.395139439407356408e-01 8.352569281787379785e-01 8.301927929279480090e-01 8.357938338569591563e-01 8.354603269003212374e-01 8.362303204941857748e-01 8.386705099406900343e-01 8.375256122148420079e-01 8.406079310153987683e-01 8.370913810996616355e-01 8.378517613163710687e-01 8.338775417603276896e-01 8.363250634428387453e-01
