1.000000000000000000e+00 1.667453375235946056e-01 1.519379491283551764e-01 1.069556211453455766e-02 5.714203622465316434e-03 4.512484806198940185e-02 8.548032951057745257e-03 1.477113601351157449e-02 1.580963741522061483e-01 7.392931414566911164e-02 5.946438912711581037e-02 8.431133844623838261e-03 3.643056993767917334e-02 2.519312224405012568e-02 1.593159554857490404e-02 6.804996522611410532e-03 1.419579131464898947e-01 2.913445523958483885e-01 2.253745098783319911e-01 1.031769309742022744e-01 2.039672055874482415e-01 1.734882663023347149e-01 2.661096920437755475e-01 2.623907169071016399e-01 2.170054090876792630e-01 1.831315991237523477e-01 1.663330431647120633e-01 1.421484640634891883e-01 2.186519315373333661e-01 1.606459085961843003e-01 1.165043556665744939e-01 1.774882765385409900e-01 1.598502539805054246e-01 1.540201947339545352e-01 1.562161184914947487e-01 8.781205893905198734e-02 1.259399667745826346e-01 6.283922667417958519e-02 6.053232870178672231e-02 3.920897750419661404e-02 4.930230594995971272e-02 3.492047831144780984e-02 4.254491299178663616e-02 2.499505410933838823e-02 7.295313978821507672e-02 3.954037633632954962e-02 2.905565693178207079e-02 3.842421821857024133e-02 6.574668978708192446e-02 4.793201155785833251e-02 4.659646386812940633e-02 1.931052369646053812e-02 2.930022407051632513e-02 8.382364359997708514e-02 1.055065059135352618e-01 8.241903931538033246e-02 1.035517394695602000e-01 4.173079700038763440e-02 6.675324727116321855e-02 3.731019140435549997e-02 4.636352817346040683e-02 5.252594499249792909e-02 6.430683085200544769e-02 7.012880226504719650e-02 8.742198791331538821e-02 7.666170127628962883e-02 5.174140000150714153e-02 1.036521403920166590e-01 1.212121447367078414e-01 8.195413514013977219e-02 8.509779482394337624e-02 6.907936883347264023e-02 1.175070248475311163e-01 1.064223411025754795e-01 5.689645690159098740e-02 6.076480647741676344e-02 6.278267234557419196e-02 1.016690041216447571e-01 4.524121248682900359e-02 7.206852500799387773e-02 6.899639736230549214e-02 4.942614206702117263e-02 6.314768487366492766e-02 8.516153445730499649e-02 3.501002504052147524e-02 7.123512033158355128e-02 5.648911981214106010e-02 2.518021193087858003e-02 2.479473364788079698e-02 6.218551989345542930e-02 2.789304416474242335e-02 1.223268908083068214e-02 2.012617072267425949e-02 1.238773671351524677e-02 1.085199002116233116e-02 2.553898332053610581e-02 1.367207937202040077e-02 4.439256221116803791e-02 1.817212568999200875e-02 1.749248453273605577e-02 1.183772498327069142e-02 1.336660632387567070e-02 1.459299083307465106e-02 3.550622649652146554e-03 2.584598764193118611e-02 3.886961448564925370e-02 3.754171010276952103e-02 3.145889075670151025e-02 5.375856529514635301e-02 1.273570593541220250e-02 1.660600631305876596e-02 2.373377537744996574e-02 2.290308814431305309e-02 2.561741225702759625e-02 4.104947852051068352e-02 3.279760994662550555e-02
1.667453375235946056e-01 1.000000000000000000e+00 6.930385279682950428e-02 -2.195828380501092802e-02 2.664195381307188359e-02 7.874634393732789228e-02 1.353240735096831460e-01 1.049224361834266428e-01 1.828676772241329962e-01 2.176141489466341949e-01 1.222328830944197364e-01 1.006679728165424115e-01 1.184732872874271065e-01 1.373392266259029215e-01 1.520089690328125798e-01 1.413463789993052444e-01 1.553170178582312100e-01 1.813296084715237677e-01 1.542490182667957399e-01 7.562569378609014514e-02 8.077900614154699677e-02 1.392306555460157969e-01 2.140477816485615303e-01 1.699320606222395336e-01 1.696122306007264435e-01 2.067652669764501183e-01 1.956487578661172955e-01 2.090684998133274519e-01 2.389601577436638868e-01 1.931811618819358478e-01 1.929258514691520321e-01 1.962485298679830514e-01 2.034823781731855685e-01 1.789381052366046387e-01 1.950854310421850646e-01 1.725506227820720606e-01 1.911576193207098484e-01 1.859494053873668451e-01 1.807639714132761033e-01 1.608350624947702534e-01 1.752620535484828157e-01 1.775414316273767612e-01 1.549883155740240659e-01 1.528356209612753425e-01 1.607585494402331283e-01 1.684063198696044428e-01 1.573304404400852619e-01 1.623958080383881564e-01 1.559763320472745407e-01 1.223285156875764251e-01 1.581050336508706966e-01 1.072601434397649350e-01 1.441089548269914311e-01 1.770307432714559592e-01 1.803286554947031439e-01 1.876178802401198831e-01 1.608392308246516245e-01 1.688615731091807626e-01 1.713034351521755261e-01 1.573286509351110307e-01 1.604293121477406159e-01 1.648004846993251504e-01 1.570488049548285914e-01 1.665444116171745370e-01 1.683377375009577348e-01 1.619970907185285247e-01 1.722799112070725891e-01 1.790647395719758006e-01 1.986875698261596768e-01 1.561965047276676621e-01 1.529277587502740898e-01 1.656796024889623242e-01 1.821158704771967396e-01 1.800727555554605952e-01 1.779853506117952677e-01 1.724406350417671263e-01 1.849380351804680855e-01 2.024443378319031872e-01 1.756838401216452572e-01 1.874422419324025257e-01 1.829752897660550937e-01 1.768780737506620293e-01 1.741188304059990144e-01 1.989710871424008598e-01 1.593263792665716161e-01 1.728237596913700935e-01 1.691908471893339982e-01 1.709123287028778693e-01 1.747782619578602259e-01 1.794548414718881713e-01 1.680790958420900760e-01 1.642744762751295884e-01 1.539117621171562644e-01 1.608416341252407178e-01 1.563761451806238156e-01 1.623637805451672855e-01 1.358062845867011592e-01 1.423004618572062951e-01 1.501454483572861320e-01 1.556905090868464236e-01 1.504539870102616916e-01 1.528015674170276894e-01 1.425363695980612910e-01 1.428291288857491126e-01 1.407152997858317767e-01 1.503810606393251870e-01 1.568810809609231527e-01 1.678594973440586391e-01 1.712829569023484322e-01 1.568073961399429617e-01 1.623935280425272409e-01 1.539460994506380298e-01 1.572125560079938311e-01 1.570063897196855851e-01 1.618202516511197120e-01 1.505241771637552128e-01
1.519379491283551764e-01 6.930385279682950428e-02 1.000000000000000000e+00 3.074247681969620727e-01 1.663511984717379877e-01 2.627453173952746246e-01 2.776040222376975897e-01 3.062563140870774303e-01 3.429397227777861712e-01 3.077615988044858364e-01 3.757194746407617192e-01 3.715011366486489219e-01 3.252308260755330527e-01 3.286763508530036737e-01 3.648026021140547415e-01 3.440005595097996860e-01 3.832219939565887357e-01 4.209631878516591486e-01 4.379091557887490049e-01 3.085682421883064186e-01 4.137318168287332232e-01 4.537908324749370670e-01 3.861861061129084338e-01 4.300395406917472685e-01 4.535723387588859734e-01 4.248143473797928449e-01 4.157159427155482367e-01 4.258824687818625887e-01 4.316441693096229604e-01 4.372788512247168247e-01 4.288160781886937722e-01 4.309760335238286277e-01 4.175617976442000390e-01 4.329018097267857135e-01 4.178680231575848669e-01 3.990325279643794909e-01 4.142095724808290136e-01 3.885651617478687592e-01 3.909107809731278138e-01 3.877956636382963174e-01 3.992128942912730460e-01 3.859799630742583032e-01 3.879138153641276121e-01 3.825237908599345982e-01 4.121802875725742998e-01 3.896175355469398971e-01 3.710839680443297484e-01 3.746005977287098498e-01 3.859178702760335256e-01 3.920757399182388525e-01 3.885993469552688206e-01 3.789933972326768319e-01 3.773187926783537205e-01 3.751433138040515258e-01 3.936651405992412367e-01 3.942677004188398504e-01 3.913262328450738403e-01 3.805609275842016248e-01 3.859823569338986515e-01 3.670402399581377262e-01 3.797372382764913623e-01 3.666186065411321526e-01 3.711783702451912914e-01 3.695463284739817778e-01 3.880063837393387116e-01 3.828711785830480330e-01 3.816748536676766723e-01 4.144255716787852428e-01 4.134781804318324872e-01 4.057196761375450600e-01 4.251744897768753306e-01 4.111365951465664192e-01 4.194696904503086299e-01 4.220082270896829413e-01 3.906289673639909421e-01 3.974626674955853423e-01 3.908201183760487973e-01 4.064421116666220302e-01 3.868953080335775785e-01 3.990980753728896602e-01 3.971324681810160517e-01 3.843696607887387984e-01 3.953184448764862080e-01 4.008028830092061900e-01 3.874693220727888354e-01 4.035087261959702798e-01 3.992410221739479126e-01 3.703553593591003001e-01 3.726508836047274231e-01 3.899875634201122043e-01 3.838010275060277920e-01 3.719853957866246508e-01 3.788917343624804146e-01 3.740543118787227339e-01 3.629931740560508602e-01 3.684359110393626846e-01 3.782474364625491581e-01 3.765693793652099552e-01 3.687432219420183066e-01 3.783603668823584676e-01 3.783868216909610505e-01 3.633433881351270656e-01 3.687547319395211298e-01 3.680286153623148482e-01 3.825156637900036238e-01 3.724988339890467626e-01 3.756174214864104743e-01 3.662737413424399513e-01 3.829427582562287546e-01 3.649060106998431863e-01 3.676498042420208723e-01 3.656558677254625467e-01 3.651590815889562691e-01 3.658154972262957494e-01 3.780371088577316185e-01 3.702940471640225328e-01
1.069556211453455766e-02 -2.195828380501092802e-02 3.074247681969620727e-01 1.000000000000000000e+00 3.639736506277382877e-01 3.825001767856586743e-01 5.085581808493091494e-01 5.347796255788400677e-01 4.966697457335898513e-01 3.995436885960891304e-01 5.598552909237363151e-01 6.255245275790206616e-01 5.393136686341398756e-01 5.291051398163842956e-01 5.604859668413879614e-01 5.677114780715225573e-01 4.883086652993939292e-01 3.109182832946031927e-01 3.853506876537279302e-01 4.325097274506591316e-01 4.942239269305817584e-01 5.128431766683947401e-01 2.643174751154604984e-01 3.315896637931445845e-01 3.964838296496591696e-01 4.704031994190610577e-01 4.663501107599330453e-01 4.422655837297744252e-01 3.742674875401276746e-01 4.464847669086444149e-01 4.876220848462030077e-01 4.498848527513372719e-01 4.122822272862622373e-01 4.610912991074484490e-01 4.414821939891385716e-01 5.194431321691272974e-01 4.752840244896335831e-01 5.171842125090118092e-01 5.158817435209603897e-01 5.340243952533135774e-01 5.460145758305716690e-01 5.466430982115945136e-01 5.772534662495051316e-01 5.848022875835400258e-01 5.499642908857824697e-01 5.375453450950925527e-01 5.616817595384728801e-01 5.580872691906745287e-01 5.699110999802470268e-01 5.941086844555429902e-01 5.590402696487096756e-01 6.185031065178586696e-01 5.775609494188166382e-01 5.382763579465709158e-01 5.140912284464325133e-01 5.168890655804246892e-01 5.658293528827174068e-01 5.577370175312170719e-01 5.407205361942177824e-01 5.733063672738085703e-01 5.699063219984710216e-01 5.637866034298470996e-01 5.519306977649715007e-01 5.632727671753736676e-01 5.574698815278457120e-01 5.690723683570768632e-01 5.515589226583710314e-01 5.200722333696468080e-01 4.903225637274744586e-01 5.665596641691924562e-01 5.654522012077173310e-01 5.446867207795046406e-01 4.991599029872918480e-01 5.121565832555444731e-01 5.476309615340217984e-01 5.501290725055713038e-01 5.286847004592870602e-01 5.008595892347695866e-01 5.432648659352429243e-01 5.363634348722596812e-01 5.241129952407270753e-01 5.393569941024169978e-01 5.437867847973307800e-01 5.096683491213521711e-01 5.535211893836169406e-01 5.373232525517456226e-01 5.472959180194547635e-01 5.443898966781641757e-01 5.443784858370169788e-01 5.440987072121092893e-01 5.487862397995278974e-01 5.631796094943416486e-01 5.669017010694328285e-01 5.649145472640623167e-01 5.620944247833794538e-01 5.615502059972210525e-01 5.847529580438750596e-01 5.821243815341896610e-01 5.700249207531877804e-01 5.657209770757792855e-01 5.804495297036686985e-01 5.649346759348685687e-01 5.808150319192501021e-01 5.840576202741457612e-01 5.896414357792612027e-01 5.751873105007634379e-01 5.685457079116720269e-01 5.505903573107071569e-01 5.488278253678404717e-01 5.644300373662427539e-01 5.598159727704798971e-01 5.714198531763454714e-01 5.676076032760254408e-01 5.661329691642351669e-01 5.615524347721508880e-01 5.739080224740575886e-01
5.714203622465316434e-03 2.664195381307188359e-02 1.663511984717379877e-01 3.639736506277382877e-01 1.000000000000000000e+00 2.825558910875457519e-01 4.424084136800992550e-01 4.412503362163296972e-01 4.253228889829444026e-01 3.813020994278454867e-01 4.273647635594307603e-01 4.746087298269440202e-01 4.498563314728933893e-01 4.434442574480563781e-01 4.750705926702021298e-01 4.833663942651132972e-01 4.041007538947642419e-01 2.411394360366463097e-01 2.970592786499371418e-01 3.079579042266640809e-01 3.323008661322964241e-01 3.812781516635477819e-01 2.493494584621535337e-01 2.546469280400498469e-01 3.157767571050695277e-01 4.051662252831740862e-01 3.909171643914246541e-01 3.903774268216089749e-01 3.309050736269008586e-01 3.661160848181110317e-01 4.199390627079117033e-01 3.769854806654677759e-01 3.504477653310446583e-01 3.736792265448922179e-01 3.681079540707166697e-01 4.259029837671094443e-01 4.135984449308532929e-01 4.499745064552335139e-01 4.470938812503954529e-01 4.469164017818352264e-01 4.634597849621601151e-01 4.602758894157181757e-01 4.686713318765337033e-01 4.832379305888562793e-01 4.547661611114613422e-01 4.599795939476790108e-01 4.815485833054120035e-01 4.759397877027597978e-01 4.786516280260065259e-01 4.634753636706108737e-01 4.676574941253083262e-01 4.769861969229874377e-01 4.804049307300172211e-01 4.686751039124359419e-01 4.479551335519582067e-01 4.507077584906875045e-01 4.620270854303557551e-01 4.733474589154226253e-01 4.653984510574727396e-01 4.831100649971861172e-01 4.787202390953431697e-01 4.806104612589695568e-01 4.705181429386378622e-01 4.727625621860945815e-01 4.668950215988740271e-01 4.714173529820319120e-01 4.685755412717219071e-01 4.396332469908431073e-01 4.231888083400933143e-01 4.565332774145953176e-01 4.570788358894113945e-01 4.569354456013052790e-01 4.208528984356199043e-01 4.312271779899445878e-01 4.663096264993195073e-01 4.651930730468247788e-01 4.591480630366945870e-01 4.378097493483831815e-01 4.562336374245593573e-01 4.523582560411006370e-01 4.535911341932847840e-01 4.646969746270564472e-01 4.567969024536310263e-01 4.399288263967526813e-01 4.650826420885012524e-01 4.517928689348736926e-01 4.617928957073610952e-01 4.701440157317059443e-01 4.684692909716871578e-01 4.624277538671044407e-01 4.643411758078786478e-01 4.765492491023098909e-01 4.736379728202430028e-01 4.789569814903553713e-01 4.830124065287593194e-01 4.795325390203745708e-01 4.825320010337317278e-01 4.818131603876016911e-01 4.865349193601554156e-01 4.787539976994702462e-01 4.839731523869219565e-01 4.801867819237961577e-01 4.863477065560235513e-01 4.903982165859346321e-01 4.824726617496366554e-01 4.847831718546345425e-01 4.822303595113311969e-01 4.737088594264056152e-01 4.709435285855405051e-01 4.824552724177898488e-01 4.776850655116183786e-01 4.858715240141701086e-01 4.878275677848444292e-01 4.835782972527741252e-01 4.753297041414765167e-01 4.844103228114732262e-01
4.512484806198940185e-02 7.874634393732789228e-02 2.627453173952746246e-01 3.825001767856586743e-01 2.825558910875457519e-01 1.000000000000000000e+00 4.942568700573699014e-01 4.748829098080092903e-01 5.017533050511038262e-01 4.717576049920800818e-01 5.274821451367730507e-01 5.561889088081911625e-01 5.098113685431290287e-01 5.274771130993818335e-01 5.717947725233314404e-01 5.548423544603364732e-01 5.240690245057141317e-01 4.010369192671555671e-01 4.651520397887688452e-01 3.951714537733966304e-01 4.283559138628631469e-01 5.456207344151284833e-01 4.168878020561948561e-01 4.294937517270541183e-01 4.909718815359784272e-01 5.359947736884780323e-01 5.344273910851541354e-01 5.320157238715691461e-01 4.843805135126200145e-01 5.076455222161748715e-01 5.515336922731983726e-01 5.372960688193624268e-01 5.159876102987543955e-01 5.358174205631149878e-01 5.146121944501349521e-01 5.657897306620910394e-01 5.502423186455265292e-01 5.733289359348053837e-01 5.679634138060138948e-01 5.753433819302026242e-01 5.811098785112707166e-01 5.804849530070691488e-01 5.860774566928248497e-01 5.851631701130624030e-01 5.875497545853231030e-01 5.773788548370805129e-01 5.805019886446465271e-01 5.772588934075727485e-01 5.810159719447482995e-01 5.828331049225883298e-01 5.878687526655709261e-01 5.792416593073397291e-01 5.754125607679936305e-01 5.689530309686509080e-01 5.640874646802533920e-01 5.707019992045672119e-01 5.755230214403237454e-01 5.787991164985977210e-01 5.765680698502811952e-01 5.750930014786056477e-01 5.842898697058229729e-01 5.712123752288784662e-01 5.693272143684102726e-01 5.733574765069495704e-01 5.677932577727770047e-01 5.723988939598739778e-01 5.760422839883272417e-01 5.707295121854885078e-01 5.678134923826679836e-01 5.718160049522148514e-01 5.827615320569096147e-01 5.827145095237117323e-01 5.638253423948130783e-01 5.698793900624253839e-01 5.814254247792883801e-01 5.814853047133657915e-01 5.778410673608642689e-01 5.634227252735342084e-01 5.744606099535711774e-01 5.739067224691178914e-01 5.752611365113531328e-01 5.754922467587021417e-01 5.835116525404605570e-01 5.700795184914727587e-01 5.843318841382876272e-01 5.841145082409967548e-01 5.844495934123508096e-01 5.781372923642915662e-01 5.747309042130072099e-01 5.806620104189339493e-01 5.866216947775685364e-01 5.808175300704068178e-01 5.862744418065312102e-01 5.826980564568277066e-01 5.754510179935135028e-01 5.775561049800799207e-01 5.869849796359665195e-01 5.827060551533803645e-01 5.772957339518580699e-01 5.834357059299676296e-01 5.893709121370011017e-01 5.761358298214822593e-01 5.812929068168192215e-01 5.794529417007721062e-01 5.876273334865464992e-01 5.783495922114649801e-01 5.797158892754641357e-01 5.755860241680281764e-01 5.802113138845094165e-01 5.780524043341003226e-01 5.774357283592571610e-01 5.769399770504864966e-01 5.766826645181909461e-01 5.772138864549586357e-01 5.777067929195219831e-01 5.789274453793252784e-01
8.548032951057745257e-03 1.353240735096831460e-01 2.776040222376975897e-01 5.085581808493091494e-01 4.424084136800992550e-01 4.942568700573699014e-01 1.000000000000000000e+00 7.034027199660303209e-01 7.102779570845890733e-01 6.612277302111750910e-01 7.313528241803047836e-01 7.778488747204757026e-01 7.126896229715923292e-01 7.303530255609200772e-01 8.367489843109813252e-01 8.015976549646699478e-01 6.763662544891031470e-01 4.384955369933471458e-01 5.229507407160106647e-01 4.859912777013719043e-01 4.811379734977949685e-01 6.360843915672667048e-01 4.910371838722827342e-01 4.746824354377952027e-01 5.622699169439964173e-01 6.894687508985960500e-01 6.701706768689126292e-01 6.834020365099331418e-01 6.063875613734019954e-01 6.347169563613951349e-01 7.289354358599203776e-01 6.699556211593724608e-01 6.240481164007446457e-01 6.680901325477662800e-01 6.477242797971012322e-01 7.466681720793389987e-01 7.200968118263727513e-01 7.791494989121774406e-01 7.807645599474435372e-01 7.698468296211820050e-01 7.891251230574891640e-01 7.980993170306808215e-01 7.989469514301659192e-01 8.153431324931593727e-01 7.770024793507158689e-01 7.947567203121416179e-01 8.114691830911917592e-01 8.123786584974034275e-01 8.009061718559660203e-01 7.689192293891718988e-01 7.937303692360160312e-01 7.887901027793978725e-01 8.044154738554233353e-01 7.957431153913270272e-01 7.654370292712481261e-01 7.871571362181373210e-01 7.803164362934748022e-01 8.022339944421540414e-01 7.922254370129494516e-01 8.166964639663262249e-01 8.123443534618420836e-01 8.114716957582898127e-01 7.936889276466370102e-01 8.008844898398733703e-01 7.897067150110317346e-01 7.990141565089228237e-01 8.080238952762814897e-01 7.638697227939061918e-01 7.544279333705140589e-01 7.718116053275665411e-01 7.645441574196790713e-01 7.838623037649633529e-01 7.411462566740421032e-01 7.546896704174194115e-01 8.051130490453399791e-01 7.986912540547473904e-01 7.952269459805096918e-01 7.696526786701951561e-01 7.987598371755568749e-01 7.861892038849678244e-01 7.876925727230672525e-01 8.003365228913638107e-01 7.998471037167631525e-01 7.751690797631588525e-01 8.019737931000857634e-01 7.841144973560615350e-01 7.973532729972583333e-01 8.174935346740352937e-01 8.133492407447012740e-01 8.060527580233129985e-01 8.097579764564247773e-01 8.222138768427899036e-01 8.158437264558411339e-01 8.193131728302994743e-01 8.222743385745381328e-01 8.211744154112549099e-01 8.128390721736504787e-01 8.061196136973399762e-01 8.208238335317866730e-01 8.175116450176402871e-01 8.253791532645006201e-01 8.208337075991123388e-01 8.198247203797686122e-01 8.259378704233405477e-01 8.168680263896705984e-01 8.146836413182899639e-01 8.161981368633439704e-01 8.163617716649661515e-01 8.101438387342633218e-01 8.220614523585543232e-01 8.214553639573042298e-01 8.213321487933860077e-01 8.233389300459549309e-01 8.203056274418190075e-01 8.112191154431007689e-01 8.168585105162243787e-01
1.477113601351157449e-02 1.049224361834266428e-01 3.062563140870774303e-01 5.347796255788400677e-01 4.412503362163296972e-01 4.748829098080092903e-01 7.034027199660303209e-01 1.000000000000000000e+00 7.123929304484067915e-01 6.273961194114767714e-01 7.088640574961025953e-01 7.738481479904660842e-01 6.940205774391868809e-01 7.148588415720098510e-01 7.899208806467183930e-01 7.911043714829119056e-01 6.711226903545524092e-01 4.809824400034352077e-01 5.576498988104204857e-01 4.923005337645326440e-01 5.499950270070523839e-01 6.590688136970473954e-01 5.024317703789259459e-01 4.996645815281312575e-01 5.798655417442627469e-01 6.871506478820952335e-01 6.666219512422418836e-01 6.733007683016859479e-01 5.984849785301985525e-01 6.396067133630394252e-01 7.147476623981827704e-01 6.693886014472442136e-01 6.207167692975829043e-01 6.706466397518037192e-01 6.545895285073192182e-01 7.381848543859822476e-01 7.163971681067754504e-01 7.623266936708013031e-01 7.636744400141993738e-01 7.433874037316449135e-01 7.691364168712704341e-01 7.739743514781558531e-01 7.767919265987943689e-01 7.947443235346962620e-01 7.618379301882456378e-01 7.729284736238100084e-01 7.915861927634395556e-01 7.872917098549029324e-01 7.848273594230534833e-01 7.608556186293056189e-01 7.773035423272667277e-01 7.742098410861658619e-01 7.808174628020905228e-01 7.755261029872332346e-01 7.529458141566350848e-01 7.576330692671300326e-01 7.659887145211567994e-01 7.797969992568070108e-01 7.769272461545219111e-01 7.950468382640183407e-01 7.938881693338978307e-01 7.913147416983216109e-01 7.747326853947646974e-01 7.845403419744052531e-01 7.747191984382778562e-01 7.847882299825910124e-01 7.851941475805090942e-01 7.544536042645696439e-01 7.372567735395297861e-01 7.608661707254987805e-01 7.658820611018281044e-01 7.692815965729913330e-01 7.314915763172475938e-01 7.433377572606040262e-01 7.831806161592070881e-01 7.763234879555366286e-01 7.660490916906537162e-01 7.453756067527809170e-01 7.692997284509914824e-01 7.660145264717536095e-01 7.672666397049239251e-01 7.761330559574575183e-01 7.767669116752903280e-01 7.535256012145966631e-01 7.818536083579608054e-01 7.679334070089691711e-01 7.798393727360417582e-01 7.871826324722364099e-01 7.854842296663271384e-01 7.785516080349297319e-01 7.793948905239996838e-01 7.903885021312739845e-01 7.922416286322679913e-01 7.925871504857964212e-01 7.935794416496196879e-01 7.925153180578050627e-01 7.894960937729817996e-01 7.924719324626677830e-01 7.960210950420674170e-01 7.917554776612540923e-01 7.955335492319277613e-01 7.946602750027241813e-01 7.957008358702276629e-01 8.019137812005754373e-01 7.964873446437619187e-01 7.940515346202607905e-01 7.944482039484547231e-01 7.893037032285417087e-01 7.864788010566919896e-01 7.956394060318239259e-01 7.931340544822917948e-01 7.963442037172699939e-01 7.968135286815472007e-01 7.969047257268792039e-01 7.899217781371681291e-01 7.949214735705064649e-01
1.580963741522061483e-01 1.828676772241329962e-01 3.429397227777861712e-01 4.966697457335898513e-01 4.253228889829444026e-01 5.017533050511038262e-01 7.102779570845890733e-01 7.123929304484067915e-01 1.000000000000000000e+00 7.420469038105355075e-01 7.903297019733515061e-01 8.133282109047135222e-01 7.714123090123456983e-01 7.779105090867882710e-01 8.459217037928516980e-01 8.331621654542400446e-01 7.817322518388237773e-01 6.190143905413263425e-01 6.732869587920894405e-01 5.515092647390433811e-01 6.106447584145218155e-01 7.582095311408572069e-01 6.546258952067097736e-01 6.369161062622160641e-01 7.021794445367300908e-01 8.182265721580398443e-01 7.949702441914990869e-01 7.993182154166713627e-01 7.550130577897786743e-01 7.666459567968733069e-01 8.384813293708945903e-01 7.985251459392884721e-01 7.443205771479485255e-01 7.849677840713065180e-01 7.628622795745045870e-01 8.214456885905907502e-01 8.317551067948280030e-01 8.494988157904314052e-01 8.448585826299215285e-01 8.192495529945115207e-01 8.574774135362439598e-01 8.482273201529972884e-01 8.335823295705717673e-01 8.610526179821673676e-01 8.511583455985475277e-01 8.572539784492710924e-01 8.703208185242878869e-01 8.776153337159491308e-01 8.755238042484734251e-01 8.247930266526013465e-01 8.574629580692951780e-01 8.293876397024465552e-01 8.540652517238390695e-01 8.846380906302844238e-01 8.682711172411913259e-01 8.609955358339210774e-01 8.769946587545940364e-01 8.646891624054423575e-01 8.758412916308669915e-01 8.773910902550724478e-01 8.745069332333330614e-01 8.800865223321294728e-01 8.727717101112770770e-01 8.777255993219733599e-01 8.753582210278720854e-01 8.809242141036369711e-01 8.757302440717711356e-01 8.593736179864067681e-01 8.530017401059335480e-01 8.462778809409006175e-01 8.543498887697748012e-01 8.630685720856955401e-01 8.452453834923683296e-01 8.520444418355523908e-01 8.755937516816133526e-01 8.725504669635304467e-01 8.658945777064647187e-01 8.630175042338019686e-01 8.657031180313989882e-01 8.663519620065381899e-01 8.669928615020470186e-01 8.713532347218599927e-01 8.670709915823515690e-01 8.608223012123962237e-01 8.611690502961021343e-01 8.637867187765135846e-01 8.667598867053067924e-01 8.680375135840351364e-01 8.664349265512271137e-01 8.721782910799190658e-01 8.610678011611139215e-01 8.655191392738661449e-01 8.673908984556559787e-01 8.671121029639462519e-01 8.697565894493209937e-01 8.738557181607721214e-01 8.470565947806317775e-01 8.685970813836506599e-01 8.694968060273589039e-01 8.641933068129582507e-01 8.573197712518738633e-01 8.684329162545344483e-01 8.662044851399446355e-01 8.666107065790388253e-01 8.651256005962771889e-01 8.710648840951914496e-01 8.761948418478969769e-01 8.745483022031752540e-01 8.759387780179614946e-01 8.701249933550617710e-01 8.711023182079669080e-01 8.753498761668243588e-01 8.742657818660709568e-01 8.725897065024031951e-01 8.746974073812975314e-01 8.746462298779524858e-01
7.392931414566911164e-02 2.176141489466341949e-01 3.077615988044858364e-01 3.995436885960891304e-01 3.813020994278454867e-01 4.717576049920800818e-01 6.612277302111750910e-01 6.273961194114767714e-01 7.420469038105355075e-01 1.000000000000000000e+00 7.226509383945532994e-01 7.253570898794624577e-01 6.894029241665396990e-01 7.135245728406394150e-01 7.839183120019089790e-01 7.598461758083659978e-01 7.119234981549028562e-01 5.609320702787284896e-01 6.170402978765443525e-01 4.611271159030755351e-01 4.958592185028435906e-01 6.687074537482105008e-01 6.184529952343883474e-01 5.880056140712848212e-01 6.506643931835363048e-01 7.496824168591397219e-01 7.195504809074300123e-01 7.476303764625885639e-01 7.068893391003745474e-01 7.017027328586481483e-01 7.784113595382626816e-01 7.448167292560867736e-01 6.946215695670536761e-01 7.330237152109798648e-01 7.077756805855816014e-01 7.627312042407092818e-01 7.647210105701386373e-01 7.981552807352402246e-01 7.942308896733598633e-01 7.644781131502689231e-01 7.987556215316281572e-01 7.943697616926274074e-01 7.729257906281747914e-01 7.926461222384938443e-01 7.841103408795249141e-01 8.050232730296267292e-01 8.062898662253799031e-01 8.161856076779431257e-01 7.971264340830590545e-01 7.485898149737033602e-01 7.929881938073338743e-01 7.470917172301763109e-01 7.815557151649956680e-01 8.137668904977930495e-01 8.003450323369304398e-01 8.047138489664591443e-01 7.861317320653607998e-01 8.035584996955711379e-01 8.113190021727948453e-01 8.030158024550952955e-01 8.045035799577827662e-01 8.077803639083112053e-01 8.011049184947861557e-01 7.971450545038112345e-01 7.939605920968034747e-01 7.981167199521163047e-01 8.129348927035003891e-01 8.022594147472520421e-01 8.034255571983207611e-01 7.715863615469589210e-01 7.838373211719026346e-01 8.016705880247620986e-01 7.921297610250161991e-01 7.955910511066860424e-01 8.127645256827802367e-01 8.098541776514037727e-01 8.127709912173904927e-01 8.062852064735285262e-01 8.095295804337859780e-01 8.099043673986175973e-01 8.120815338164576458e-01 8.128570925712057527e-01 8.089101424401818896e-01 8.085684934749387542e-01 8.044594888050200510e-01 8.063982153987346857e-01 8.086884182262031873e-01 8.166532241539294912e-01 8.146103423221819906e-01 8.132107060861241132e-01 8.079117399568905844e-01 8.104510788476780858e-01 8.086383662840270770e-01 8.096717879117273364e-01 8.103945853864070736e-01 8.145220609889843866e-01 7.821834312360411712e-01 7.936996725522741380e-01 8.060227353675719630e-01 8.076915549636884961e-01 7.977059996132473962e-01 8.067054870431110691e-01 7.976832273164728981e-01 8.011299558441445923e-01 7.988124092091721806e-01 7.987199297687647137e-01 8.091062879407643349e-01 8.171312071518443965e-01 8.159815664211746977e-01 8.097256216863563116e-01 8.130391289857420434e-01 8.080407964738383075e-01 8.105826226817519631e-01 8.097483181475125802e-01 8.078480875343330148e-01 8.041307500353203075e-01
5.946438912711581037e-02 1.222328830944197364e-01 3.757194746407617192e-01 5.598552909237363151e-01 4.273647635594307603e-01 5.274821451367730507e-01 7.313528241803047836e-01 7.088640574961025953e-01 7.903297019733515061e-01 7.226509383945532994e-01 1.000000000000000000e+00 8.517867362752353788e-01 7.683738376577345930e-01 7.880152658308697822e-01 8.621641775995554369e-01 8.442778323149681130e-01 7.810258130889310424e-01 6.395986934127900758e-01 7.140012308981286138e-01 5.963216844135597050e-01 6.593148257762911912e-01 7.994806547277046871e-01 6.558272006951123556e-01 6.698924123897304073e-01 7.422647594276498006e-01 8.182956528489929715e-01 8.127765580566576054e-01 8.158099586764616662e-01 7.573262634526123360e-01 7.972142072386803058e-01 8.587075945890585427e-01 8.207230311017486013e-01 7.739724516273952526e-01 8.116347858415962069e-01 7.911958941718503224e-01 8.389555099117257386e-01 8.496232975925114284e-01 8.674179628452077795e-01 8.637930582980158922e-01 8.571343185382922503e-01 8.825304576477900342e-01 8.784485534200362489e-01 8.644524679814218349e-01 8.833988138648680710e-01 8.797209586955188065e-01 8.777067074270498148e-01 8.887030216220278556e-01 8.894000875002266993e-01 8.833391905033128877e-01 8.561063532343291538e-01 8.764002464776926571e-01 8.623970378570697815e-01 8.692510258193891781e-01 8.815693277106517733e-01 8.695015123033580373e-01 8.759865524341414744e-01 8.759941001916121683e-01 8.827208062813430844e-01 8.844812895404664532e-01 8.853979989295494013e-01 8.882996669720261140e-01 8.840664167874090484e-01 8.774630181191818146e-01 8.733698818126750529e-01 8.799687024028074456e-01 8.847105663891076111e-01 8.883095815542154661e-01 8.806485489937300182e-01 8.700532910658684838e-01 8.756573467807327038e-01 8.891727261567321516e-01 8.914122366767897043e-01 8.687514704353123118e-01 8.774082154688523927e-01 8.919796946564424456e-01 8.922692186582730223e-01 8.862928816813002708e-01 8.760222098528585022e-01 8.859683764434995723e-01 8.887512576705827172e-01 8.847220888451576837e-01 8.917066882578951192e-01 8.869591766467000982e-01 8.782885835553174703e-01 8.877620639352059584e-01 8.865363569256995424e-01 8.908877809495019395e-01 8.872971405366444353e-01 8.872173755785427440e-01 8.883828403569886678e-01 8.902669349558044454e-01 8.898312900523264179e-01 8.933873175439396297e-01 8.910332918991843432e-01 8.902766673471406156e-01 8.908519876302384288e-01 8.796045161636136811e-01 8.842970428446709219e-01 8.892182480641376285e-01 8.886519697393091555e-01 8.888952910946337216e-01 8.877047157587971693e-01 8.853390472945761314e-01 8.894997469922016897e-01 8.907774278816816826e-01 8.857820815417207783e-01 8.908606451086157341e-01 8.879268310496574168e-01 8.900933940970655600e-01 8.865155185986463016e-01 8.893430706300433641e-01 8.896522767882907301e-01 8.892350216208082525e-01 8.876901417692031337e-01 8.896348826931823606e-01 8.900333063602400285e-01
8.431133844623838261e-03 1.006679728165424115e-01 3.715011366486489219e-01 6.255245275790206616e-01 4.746087298269440202e-01 5.561889088081911625e-01 7.778488747204757026e-01 7.738481479904660842e-01 8.133282109047135222e-01 7.253570898794624577e-01 8.517867362752353788e-01 1.000000000000000000e+00 8.214550418721298097e-01 8.317232535932729265e-01 9.077309296577338316e-01 8.931237490894257114e-01 8.028152233916209246e-01 5.830145416215676279e-01 6.752512237502175108e-01 6.061251251378325655e-01 6.631036660539882943e-01 7.932882773996874359e-01 6.011701373496159961e-01 6.155362869691777261e-01 7.062993577602889594e-01 8.200962556384053803e-01 8.107117152251728243e-01 8.102767699061415030e-01 7.273176204773579290e-01 7.762215710975547411e-01 8.589460764061246367e-01 7.976769101085833258e-01 7.484199147313961298e-01 8.021638998249448482e-01 7.762027037492169601e-01 8.611376780212952609e-01 8.485570720948292234e-01 8.900265924353892855e-01 8.854662444186061077e-01 8.803985546385412198e-01 9.085977351880939468e-01 9.082072814576820363e-01 9.000588864146393808e-01 9.295742008966951797e-01 9.039209011127578020e-01 9.061221999493755952e-01 9.244733939893829966e-01 9.198305431620039663e-01 9.160968915270852886e-01 8.919399851294361747e-01 9.126238741061818427e-01 9.120357372660887751e-01 9.205946295241399513e-01 9.054589043246945579e-01 8.862443046671969471e-01 8.911778126698959301e-01 9.027176681742914433e-01 9.183461452512673429e-01 9.145389538882775504e-01 9.264218689939617279e-01 9.267697341923414323e-01 9.199333301333602053e-01 9.082153267796128082e-01 9.145013007840731012e-01 9.115190967930819621e-01 9.209787384938550314e-01 9.193640330468894062e-01 8.914502278147056202e-01 8.700333652767614501e-01 9.005264916668382913e-01 9.082463451227779094e-01 9.104175363993308734e-01 8.675402293657109576e-01 8.827457816230234178e-01 9.172398226698175172e-01 9.164452922224852749e-01 9.059294136980896583e-01 8.855734738342291301e-01 9.116230156738773793e-01 9.060225660028728978e-01 9.041049682183414093e-01 9.163968108956231928e-01 9.094861723348853788e-01 8.913502293904056462e-01 9.174363255196832379e-01 9.038177869368424489e-01 9.142038560381634538e-01 9.185699312225423796e-01 9.187965917044211839e-01 9.107261052112647359e-01 9.187636308273351426e-01 9.257581552084627186e-01 9.282099040547145963e-01 9.284787783240819881e-01 9.282684370164235865e-01 9.264323295516940782e-01 9.192930686129455742e-01 9.246303564915844264e-01 9.285244910759189452e-01 9.236875862404844151e-01 9.277428608183403425e-01 9.263965082181472299e-01 9.303758033130571370e-01 9.346236038032709192e-01 9.327587455940851147e-01 9.261632790224387790e-01 9.276359583672070253e-01 9.211774452652339296e-01 9.186224350564358154e-01 9.276929706276033638e-01 9.264028730147334523e-01 9.308714850542807451e-01 9.268299845456403618e-01 9.287145806679739657e-01 9.246861968439402668e-01 9.304157798057415274e-01
3.643056993767917334e-02 1.184732872874271065e-01 3.252308260755330527e-01 5.393136686341398756e-01 4.498563314728933893e-01 5.098113685431290287e-01 7.126896229715923292e-01 6.940205774391868809e-01 7.714123090123456983e-01 6.894029241665396990e-01 7.683738376577345930e-01 8.214550418721298097e-01 1.000000000000000000e+00 7.705779678673100319e-01 8.436960071202812550e-01 8.350300701844203255e-01 7.433317334883609018e-01 5.625543853648057313e-01 6.406774658360828711e-01 5.596191067316845791e-01 5.954303552526958310e-01 7.370525049289121666e-01 6.001308066048511858e-01 5.999689826053618003e-01 6.782304273777280956e-01 7.773039577039517756e-01 7.489519778754075707e-01 7.518911441300378806e-01 6.888417497192140804e-01 7.257151990836123723e-01 8.053141852562234471e-01 7.532095157178844147e-01 6.885362461524722200e-01 7.479663261169812172e-01 7.198367383938601982e-01 8.010973613448517661e-01 7.958327083447258588e-01 8.214701149873065988e-01 8.201187944933060470e-01 8.057644353635607937e-01 8.375741938690632882e-01 8.346477444040552029e-01 8.258690479190461398e-01 8.564979205005863738e-01 8.379882783765666421e-01 8.383391899966291527e-01 8.533524152959129916e-01 8.531719703958204892e-01 8.491520980307341038e-01 8.093462263309396665e-01 8.360685303467098040e-01 8.405544471933187323e-01 8.550504973271819686e-01 8.463289596154305316e-01 8.240991865696092322e-01 8.308440669359625774e-01 8.366279021942123473e-01 8.524166337094056800e-01 8.429274980481608059e-01 8.614062481708627539e-01 8.568007753341320143e-01 8.539004781561229107e-01 8.409754467513761433e-01 8.496846482504416542e-01 8.503050223949129016e-01 8.597475682301710664e-01 8.549993256357621974e-01 8.343810898574728352e-01 8.189863338860736697e-01 8.343086404974477954e-01 8.409424961104237095e-01 8.470366027579729895e-01 8.177918395142294017e-01 8.295870794848565488e-01 8.549721736655491178e-01 8.511076361857008443e-01 8.438907033313145511e-01 8.256380752497051168e-01 8.457026379658568738e-01 8.426473159622110964e-01 8.447917736167137592e-01 8.522876766480543820e-01 8.432772298367769981e-01 8.290406467118486278e-01 8.461514707514866673e-01 8.388737123131994045e-01 8.484971629305062546e-01 8.500688033512882047e-01 8.508314673736103728e-01 8.468937857956518878e-01 8.463529652206837062e-01 8.562938315496965158e-01 8.579059658469883054e-01 8.559316639561739271e-01 8.582356495609327895e-01 8.575905636954019862e-01 8.432770116593920617e-01 8.542043268302662584e-01 8.585353166652283097e-01 8.514215395570292610e-01 8.535445593895508720e-01 8.559439953449158311e-01 8.611797969671427522e-01 8.624278313059708934e-01 8.625746312999330589e-01 8.552892259566755584e-01 8.605432934369636744e-01 8.562952433826308551e-01 8.526979346478629207e-01 8.578838771118977302e-01 8.557421682827603959e-01 8.632946188172844204e-01 8.580388573984508715e-01 8.604519927337118679e-01 8.599630237105544417e-01 8.647669101719747120e-01
