1.000000000000000000e+00 2.609689170281263570e-01 1.174633406432864791e-01 -6.240785403093408734e-02 -7.681970435355274822e-04 -3.836191297747736095e-02 -8.523866555110809484e-03 -2.620178736798518468e-02 3.061275314389046986e-01 1.272489178413914457e-01 1.273488410419694288e-02 -6.430571361953817122e-02 3.203571883649059676e-02 -5.738374648585227705e-04 -8.416063625480101409e-03 2.152910725269844075e-02 1.890786013351800077e-01 4.047402464663484856e-01 3.271370787436908567e-01 2.189534179947997816e-01 3.034730596036341321e-01 2.921567364643577469e-01 3.425338007168119980e-01 3.348740219580079169e-01 3.002887065157924806e-01 2.167860772875835618e-01 2.230416051214135498e-01 2.049082962038374645e-01 2.956478694843009403e-01 2.574713228425208333e-01 2.357587039570780418e-01 1.967116927171878304e-01 1.732580789935329879e-01 2.007148744227078840e-01 1.746248378528758860e-01 1.689326818231312588e-01 2.268536944293974011e-01 7.125077774144607246e-02 1.287204357808025001e-01 4.900892628286095121e-02 7.293237184117279392e-02 5.463555417351372012e-02 2.675563814908345217e-02 7.762453259039699127e-02 1.311628488726258590e-01 7.271780031732112681e-02 4.003936294234914511e-02 6.901367493905220807e-02 5.673456332794917650e-02 5.649889781638387648e-02 5.545774879203375918e-02 3.153764036747380706e-02 1.409067688426438210e-02 1.125273889213169037e-01 1.174767923155517618e-01 1.177607633590473241e-01 9.845626890705079515e-02 4.684482279556591994e-02 7.219542159501654566e-02 7.235958577224972654e-02 5.551536362973110567e-02 7.762180599851765950e-02 5.893910061947152390e-02 3.710377325992605946e-02 1.065730339413637900e-01 1.214548895519826227e-01 6.033222558231944588e-02 1.306835280769971241e-01 1.454976709995442763e-01 1.154315449412349204e-01 1.194001073913787542e-01 1.201256717498778437e-01 1.640396708201402320e-01 1.412319666786192862e-01 9.608913542771570226e-02 9.320713259516157090e-02 8.964317246155267815e-02 1.257643242152101659e-01 9.186485543973944845e-02 1.055747100185269460e-01 1.100799722392857699e-01 1.091119106200500039e-01 1.159540635910569356e-01 1.058084081409720878e-01 6.964751968130650228e-02 1.038215062860762539e-01 1.004870180167235644e-01 4.644740875362629584e-02 6.229102849319907709e-02 9.498260031323634001e-02 4.798550958980944692e-02 3.183622920158887121e-02 6.130074294996191997e-02 4.461226056258393163e-02 1.732403709867109259e-02 2.839811927554609580e-02 -2.048026691133746427e-02 5.787975788348125733e-02 2.573863370083989341e-02 2.999871073353209405e-02 1.575011223999287294e-02 2.431343579932863236e-02 1.705686520526681488e-02 1.670582037301213477e-02 5.178034948429279666e-02 4.525251205503978691e-02 3.658504685142082574e-02 5.047777734746337897e-02 6.577218905036696928e-02 3.697444021113659857e-02 3.062975002199755728e-02 3.324705927232655955e-02 3.185489570808714560e-02 2.996211058017037368e-02 6.855537117879814679e-02 6.138747166485316459e-02
2.609689170281263570e-01 1.000000000000000000e+00 9.608496655947215692e-02 -3.374116201287914729e-02 8.873187487950001673e-02 7.752545255613646491e-02 1.339587851185000400e-01 1.080317593042510599e-01 2.937328453537411677e-01 2.794330891446217824e-01 1.180101358398389366e-01 8.674044176455658617e-02 1.463796477405045204e-01 1.377835505137844085e-01 1.560041416183244323e-01 1.524411508307893792e-01 1.689441915740599598e-01 1.839936400700651897e-01 1.568184424326403981e-01 8.197771585686443319e-02 1.445731702084350756e-01 1.569620196151616520e-01 2.100166301544431346e-01 1.706649015244909029e-01 1.462331739971677314e-01 2.020640064968859395e-01 1.845208899710303607e-01 2.272050554026844027e-01 2.611765803684323872e-01 2.471221630917585232e-01 2.370072578441631550e-01 2.107199746429178067e-01 2.279320603562308978e-01 1.983193704091956444e-01 2.185680302183269641e-01 1.661992538003666253e-01 2.161742692130451116e-01 2.018826531668483915e-01 1.990086698271654742e-01 1.545731441315504606e-01 1.734093686246098442e-01 1.828082144044049784e-01 1.453228453792807795e-01 1.831684204320146725e-01 1.697521275757235548e-01 1.994518674035973271e-01 1.740935367656446797e-01 1.987864157194518255e-01 1.823595630099050235e-01 1.584154149589814542e-01 1.759172112305505409e-01 9.706788744390502932e-02 1.427636077285466820e-01 2.124492486254539181e-01 2.078041554711939631e-01 1.936810259777617949e-01 1.895328267360916474e-01 1.876666066832517465e-01 2.013237949673420402e-01 1.897973594206856518e-01 1.711205343632840603e-01 1.968565841247799653e-01 1.822896069315975975e-01 1.618099457559823151e-01 1.920023669024117641e-01 1.956517797363707123e-01 1.854323767072794116e-01 1.905056487840143531e-01 2.034996118665587661e-01 1.593726219668223643e-01 1.627882487683054435e-01 1.825446755186504733e-01 1.875054761295348593e-01 1.730887408261261862e-01 1.918338251365694080e-01 1.871617271024384188e-01 1.994282715158144648e-01 2.114228075427692088e-01 1.888772203530422189e-01 1.957064511884260005e-01 1.945824277904472932e-01 2.035452851991386702e-01 1.981018965170785184e-01 2.059600794987965500e-01 1.800509135068513733e-01 1.850429432817854158e-01 1.832684345761041445e-01 1.853941373365717848e-01 1.828388704325060454e-01 1.893778169768245700e-01 1.725403884610668404e-01 1.714827035795437049e-01 1.691591565161704447e-01 1.777073547280115795e-01 1.674670826641053989e-01 1.768833257236959444e-01 1.298512214475505688e-01 1.684595995388556977e-01 1.612956866726204253e-01 1.675020796375687460e-01 1.505457555108788148e-01 1.622181675497245124e-01 1.496648653624056136e-01 1.595464970519518411e-01 1.592161591123788522e-01 1.648543764076904894e-01 1.770117889766989194e-01 1.865214162485835658e-01 1.899862901495606438e-01 1.783177033887142771e-01 1.787424484470307440e-01 1.726604669734826403e-01 1.747856002039809287e-01 1.669255975570091699e-01 1.838297829473439782e-01 1.769753640321038712e-01
1.174633406432864791e-01 9.608496655947215692e-02 1.000000000000000000e+00 3.558404491438895145e-01 2.155604935270161171e-01 2.325339176922162077e-01 3.604880747058246127e-01 3.443352206629489154e-01 3.941095053898523992e-01 3.168747384562513036e-01 3.819207130331925826e-01 3.908032401986927806e-01 3.366937458492099688e-01 3.426484942478931206e-01 3.803926247846783348e-01 3.848810289208965951e-01 4.060586178562149984e-01 3.926677096683946488e-01 4.128482444868694090e-01 3.789793166159422522e-01 4.220968838323781447e-01 4.468076589816389332e-01 4.152982439858939889e-01 4.129876311903830644e-01 4.157913247379028121e-01 4.419479491976056051e-01 4.500548479666316992e-01 4.217931559059436286e-01 3.798404182533551277e-01 3.693259710033887089e-01 4.010246610156178448e-01 4.079847257432850927e-01 3.666083515125989067e-01 4.038051268471916089e-01 3.539465203894932577e-01 4.319195041250813993e-01 4.134711647451428385e-01 3.984054860932843556e-01 4.083492093058481709e-01 4.355490206203905257e-01 4.118893132671110346e-01 4.066280341679844312e-01 4.035809292717802976e-01 4.207646391580783796e-01 4.391147610562819992e-01 3.948329187268803109e-01 3.830997413127446571e-01 3.834299615375202364e-01 3.867203595308877917e-01 4.058080795780856231e-01 4.136455411151032102e-01 4.101139877325291616e-01 3.962707565823814226e-01 3.779400675153739009e-01 3.807119822168945067e-01 4.227813537838898683e-01 3.852806595094073194e-01 3.665292458181323432e-01 3.791315330316581411e-01 3.811390452146411478e-01 3.863053769771327417e-01 3.725966126225115360e-01 3.770094263968085668e-01 3.968790192552544838e-01 3.842989726967901976e-01 3.907734742934000916e-01 3.857641696766744288e-01 4.158433772846705234e-01 4.083392993367346291e-01 4.311390303020866122e-01 4.352320343649716539e-01 4.222633906241810564e-01 4.211486913976587032e-01 4.233142821948607248e-01 4.113557079283040041e-01 4.052999830374768853e-01 4.018751564236359153e-01 3.868983054029184188e-01 4.098208450724621921e-01 3.875499061730048322e-01 3.947784755882003394e-01 3.938169869504641873e-01 4.138361501643018081e-01 3.815585638375134647e-01 4.094993180233603147e-01 4.020845005953363471e-01 4.100903409191493099e-01 3.930070942346620133e-01 3.922451171192596342e-01 4.088086079529885675e-01 4.135272705932865889e-01 3.937496397368607792e-01 4.072820261025877353e-01 4.024789929046160286e-01 3.756097333970726537e-01 3.751143312435250565e-01 3.864375003565939104e-01 3.953036914898212517e-01 3.819978583125799854e-01 3.968139599274800866e-01 3.924268285043510107e-01 3.850802666342652558e-01 3.869460474569110242e-01 3.903190766106168219e-01 4.030813384728990645e-01 3.838707570012622194e-01 3.845976178957087876e-01 3.770824175750767115e-01 3.845535428857037030e-01 3.762919442647750246e-01 3.777968759791038855e-01 3.781173116058051953e-01 3.727940748032915197e-01 3.874723562959094814e-01 3.856139088894622868e-01 3.805321062285447753e-01
-6.240785403093408734e-02 -3.374116201287914729e-02 3.558404491438895145e-01 1.000000000000000000e+00 3.783156778278847776e-01 4.028826118114182120e-01 5.769990802059677959e-01 5.827726335757713594e-01 3.964748466571378915e-01 3.677190282110792685e-01 5.692875361717599780e-01 6.787949643601404182e-01 5.091135703581959326e-01 5.185562257949281051e-01 5.845736807655216305e-01 5.981929759601407603e-01 4.724843948187196219e-01 2.702837309780248831e-01 3.637521790110427311e-01 4.981860030800694394e-01 3.602757581697746403e-01 4.233764555841438293e-01 4.109248952961020440e-01 3.779611326576389208e-01 3.996165416696051964e-01 4.489075884639397440e-01 4.973469977679211840e-01 4.490572914107666680e-01 3.243247523026474011e-01 3.585263777028057652e-01 4.339581163081864257e-01 4.590957058376553546e-01 3.546845365291932950e-01 4.407653050494771407e-01 3.501743176626854193e-01 5.367721997922751953e-01 4.609369678242593027e-01 4.964877464123348405e-01 5.002480165342743090e-01 5.868091000230050147e-01 5.627272602225295017e-01 5.520281038954062414e-01 6.189258085827205047e-01 5.786864912073228506e-01 5.672428806218813291e-01 5.146809800197420515e-01 5.340284270394000110e-01 5.109711046603385709e-01 5.401620557253230537e-01 5.600385468190555160e-01 5.601961198811929998e-01 6.258543508198329830e-01 5.891040984028513838e-01 4.693184109699179429e-01 4.453194427273181044e-01 5.180588788599254091e-01 5.163628692016017929e-01 4.989511120304274128e-01 4.873909003887684777e-01 5.221580454123364579e-01 5.511967580514719467e-01 4.980500609385326571e-01 5.160842504864641134e-01 5.783264764453146523e-01 5.056083505096997666e-01 5.041166847786654470e-01 5.278195723444936149e-01 5.034999340025810843e-01 5.114799718774538650e-01 5.736034063674647632e-01 5.366668532434731853e-01 5.200264245441407196e-01 5.096422962524325140e-01 5.240913259007619063e-01 5.293299956520179927e-01 5.309720635596780758e-01 5.092757029658335766e-01 4.641941640372755917e-01 5.332758707397201592e-01 4.950610306088842338e-01 4.963230398608296512e-01 5.059046726819861339e-01 5.301845409747871773e-01 4.597640929543360122e-01 5.408987149377522119e-01 5.145735500891827074e-01 5.330340826176432900e-01 5.297739222735091680e-01 5.276090157650121792e-01 5.252763681476989577e-01 5.593400739801589472e-01 5.607745355052894398e-01 5.563336371295889426e-01 5.537590578859536983e-01 5.390949135267323333e-01 5.336134968056468475e-01 5.971877526853661688e-01 5.603887255910495746e-01 5.518675540889486086e-01 5.694795226276754274e-01 5.870379198754911432e-01 5.522960874902361761e-01 5.756355287485408478e-01 5.688157858293447777e-01 5.728841349496613944e-01 5.583695422439723943e-01 5.436753649755553530e-01 5.131168685024501963e-01 4.985937695924543278e-01 5.333487796134807057e-01 5.228826032295249560e-01 5.424563471682195548e-01 5.273894748211503947e-01 5.621951348527721715e-01 5.230506578121690842e-01 5.343392074884038001e-01
-7.681970435355274822e-04 8.873187487950001673e-02 2.155604935270161171e-01 3.783156778278847776e-01 1.000000000000000000e+00 3.182628058252795489e-01 4.961417852170771914e-01 5.056404792052803243e-01 4.422479052820503798e-01 4.106330059288571532e-01 4.734199984400058181e-01 5.104288328455461876e-01 4.953696804053436265e-01 4.558566019030917404e-01 5.138648338028818374e-01 5.409317397057243904e-01 4.184112319004926750e-01 2.820031949219446443e-01 3.531133925663927364e-01 3.545472229895111349e-01 3.162807274446740036e-01 3.792035473418819413e-01 3.840394539403805818e-01 3.508811426246384868e-01 3.759365414238708958e-01 4.576890679649712745e-01 4.719940969895808358e-01 4.550086992100915162e-01 3.976461536948444619e-01 4.262268077105182407e-01 4.677239597997193687e-01 4.416559135550990334e-01 3.904881702400958554e-01 4.429225345533655545e-01 4.303542048847049384e-01 4.723536133130278314e-01 4.710474444679381700e-01 4.677001497591212753e-01 4.871148499617468652e-01 4.859973012227660205e-01 5.032060947896428438e-01 5.037102999431950501e-01 5.121680916048413357e-01 5.137529477664820599e-01 4.958633981362209342e-01 5.008017268747509965e-01 5.015090488149536174e-01 4.996698845714339088e-01 4.913712519172233617e-01 4.805429427951051213e-01 4.977441472997991556e-01 4.812578292855445583e-01 5.037464063847477691e-01 4.769626883159529540e-01 4.596340705740082910e-01 4.950065654029606188e-01 4.640291173891145649e-01 4.906701247545011135e-01 4.770826522693856209e-01 5.002137084545363876e-01 5.078595479941733215e-01 4.833818674174250596e-01 4.748033148863268771e-01 5.004527111751835289e-01 4.890126971321123173e-01 4.806407741656324450e-01 5.087460324335457695e-01 4.879884558776720338e-01 5.019394747561011227e-01 5.057025554758852737e-01 4.908898732334676662e-01 4.929727250874702538e-01 4.816207275812665056e-01 4.958466142940384236e-01 5.125188153094890620e-01 5.052502125882548656e-01 4.996981018788112516e-01 4.859664548890444413e-01 5.052654093511634859e-01 4.969582437843628742e-01 4.995829353342713386e-01 5.061913066374980064e-01 5.017181117548407121e-01 4.836138611322620684e-01 5.042935183096236562e-01 4.974345951317644676e-01 5.076608164812064228e-01 5.031972857771720431e-01 5.063371662692025543e-01 5.133037283181349775e-01 5.121921922334452537e-01 5.138514644707332657e-01 5.119563608511553676e-01 5.114684485477954956e-01 5.085433987512969489e-01 5.069401318359315622e-01 5.099515857412879605e-01 5.011875802515410872e-01 5.094665240193516631e-01 5.151194162137078258e-01 5.199654279716620087e-01 5.058704557343854935e-01 5.111636338335883156e-01 5.169356251085346354e-01 5.104414002260437844e-01 4.951175246741678637e-01 5.036910336665544330e-01 5.021186717006892453e-01 4.959210987206398857e-01 5.014323701574361358e-01 4.948563786683487509e-01 5.064961185129324139e-01 4.987749006009391528e-01 5.109162305958884209e-01 4.980855996687603149e-01 4.972647083811961854e-01
-3.836191297747736095e-02 7.752545255613646491e-02 2.325339176922162077e-01 4.028826118114182120e-01 3.182628058252795489e-01 1.000000000000000000e+00 5.397042232911830606e-01 5.192954406875279760e-01 4.754301986581050965e-01 4.811994592868169551e-01 5.704350173295610338e-01 5.947197623628521779e-01 5.459778290240565601e-01 5.413167459903354128e-01 5.927121216374049428e-01 5.919295839995671882e-01 4.867769051244699163e-01 2.771224317638626422e-01 3.631977086628468965e-01 3.373420325015852317e-01 3.032178018088614313e-01 3.884867743418768948e-01 3.863110622217253987e-01 3.620953090691046983e-01 3.844110870287769099e-01 4.822304566977818618e-01 5.064194255776756082e-01 4.941329303594637623e-01 4.282566280501059475e-01 4.715868940852591673e-01 5.203301400275109900e-01 5.057149527748759921e-01 4.481515002689641647e-01 4.965645220689465789e-01 4.744935400203015297e-01 5.282801806047086046e-01 5.170192504860087190e-01 5.523685997874998588e-01 5.527554176254159124e-01 5.571281034714082869e-01 5.901647038587819472e-01 5.926274102292525825e-01 5.817299367230394092e-01 5.940128598031152451e-01 5.762645177610453695e-01 5.778054393941333133e-01 5.992914401161562044e-01 5.941318273906759373e-01 5.947603453704317644e-01 5.607538786284769206e-01 5.816478461258063337e-01 5.773246920056051001e-01 6.015601599979348846e-01 5.705204643637283857e-01 5.546029214380304717e-01 5.619940590594760810e-01 5.674579736821480092e-01 5.923346917867713390e-01 5.803299048021095530e-01 5.984206498229437399e-01 5.955617384122998681e-01 5.928186195324944840e-01 5.857193298855150054e-01 5.948674613200102268e-01 5.835614119940598643e-01 5.759164357796062728e-01 6.006218534508994678e-01 5.659090441389241777e-01 5.703622274841168016e-01 5.661888439853520749e-01 5.590151760056384367e-01 5.723741495445834326e-01 5.528837500643631886e-01 5.635701540502496831e-01 5.878948771366701020e-01 5.922883612487886973e-01 5.860841757365614635e-01 5.652363178516536246e-01 5.816351007954774222e-01 5.790044993140396334e-01 5.769019365049725678e-01 5.872438607236328822e-01 5.787103629507100999e-01 5.660058597983854689e-01 5.842454069134759287e-01 5.758216610787409984e-01 5.865283273099330952e-01 5.954898959597338948e-01 5.964786509927060276e-01 5.837347961653688300e-01 5.971175803329848986e-01 6.103930165098133687e-01 6.037815655242024793e-01 6.015005689051750037e-01 6.130430654247981392e-01 6.097813597590601153e-01 5.981215467017263476e-01 5.835787508557171988e-01 6.052566759743223113e-01 6.055970943589844557e-01 6.101873192358941989e-01 6.037297132312645642e-01 6.123281303522944974e-01 6.117566211232802198e-01 6.033560405570851382e-01 5.990438434473813745e-01 6.036420667560845610e-01 6.001430890540085938e-01 5.892436966285360400e-01 6.094147351145665636e-01 6.023768751841505065e-01 6.092640792383161585e-01 6.044659859834855542e-01 6.034225077707620066e-01 5.950395551348600653e-01 6.003522836052445077e-01
-8.523866555110809484e-03 1.339587851185000400e-01 3.604880747058246127e-01 5.769990802059677959e-01 4.961417852170771914e-01 5.397042232911830606e-01 1.000000000000000000e+00 7.514023813650251293e-01 6.641639505909739949e-01 6.725565828456921968e-01 7.557246660863153886e-01 8.083972112653248221e-01 7.335401472744058626e-01 7.331313623297167625e-01 8.592999426761585013e-01 8.175617097893361773e-01 6.815044453221928977e-01 4.065361870866669447e-01 5.160340189583072501e-01 5.071969835692911044e-01 4.683480311336400970e-01 5.654959488863712247e-01 5.777441429725048705e-01 5.324949461265822137e-01 5.402765367516429995e-01 7.013441108853712969e-01 7.124964855971358535e-01 7.227883199112846713e-01 6.175530708473588870e-01 6.620772629675618637e-01 7.295294105490385261e-01 7.085165893198308584e-01 6.506753839236197878e-01 7.047726280331036985e-01 6.689579207288309792e-01 7.517375292610957160e-01 7.286526370361746663e-01 7.799060367743608779e-01 7.786617631430008402e-01 7.927807212626095668e-01 8.062334551463385957e-01 8.177007019505621033e-01 8.222932708348319464e-01 8.208286390822275846e-01 7.894883487675256051e-01 7.990293113726246732e-01 8.023291193136793398e-01 7.941398629859481861e-01 8.001550597922451047e-01 7.812948360655377344e-01 8.095166246163040258e-01 7.765963949368911434e-01 8.059011256978042548e-01 7.593474551376435677e-01 7.323476208582853086e-01 7.839942333460719892e-01 7.574949936677615181e-01 7.889733356623116478e-01 7.707597954326955714e-01 7.966658097161286589e-01 8.075678064439457682e-01 7.766060691102105729e-01 7.644027804288051620e-01 8.153733093367451223e-01 7.769613352196025335e-01 7.674784891755047633e-01 8.047329843193341548e-01 7.661414096417785702e-01 7.779804161545903485e-01 7.848543056800830753e-01 7.631105401628175411e-01 7.766449896732225966e-01 7.522340160308236268e-01 7.632413590639903767e-01 8.049380617161085993e-01 7.989386381317792329e-01 7.997337010343404939e-01 7.616727476182207912e-01 8.034507067796670121e-01 7.876348706491775875e-01 7.884445724332808103e-01 7.984866604473910279e-01 7.942025521099211893e-01 7.680316370002130411e-01 8.029953663424823640e-01 7.853943461251488012e-01 8.033758215383844936e-01 8.104445936948153628e-01 8.093663768194491182e-01 7.985593632315310941e-01 8.206213872790736330e-01 8.231007732992615678e-01 8.131099171763540578e-01 8.216169244103542768e-01 8.090278351835231696e-01 8.084273887066216746e-01 8.059853184972342044e-01 7.895363589967128171e-01 8.054306260571094667e-01 8.240957432998169407e-01 8.248790792139135686e-01 8.013216008947277036e-01 8.135516789107143376e-01 8.210415989237482837e-01 8.098621523336224648e-01 7.914593703925177914e-01 8.062275631420021682e-01 7.988673423871448520e-01 7.873934742439950840e-01 8.059547822168403597e-01 7.951321779583697680e-01 8.098433395896872389e-01 7.986937861093390545e-01 8.149182505053098602e-01 7.967671832914439145e-01 7.955539679422974908e-01
-2.620178736798518468e-02 1.080317593042510599e-01 3.443352206629489154e-01 5.827726335757713594e-01 5.056404792052803243e-01 5.192954406875279760e-01 7.514023813650251293e-01 1.000000000000000000e+00 6.184006788194840176e-01 6.298819685808847435e-01 7.242880071358178684e-01 8.001575328230651207e-01 7.260448951931360861e-01 7.018608690978218601e-01 8.033653046946179765e-01 8.268090067645715857e-01 6.386103962523296262e-01 3.748513336095923298e-01 4.822691247111203228e-01 4.973544891163800830e-01 4.545275407183604899e-01 5.394984712050667763e-01 5.400307005592830389e-01 4.912031485885498538e-01 5.040915123545534060e-01 6.558222472949404303e-01 6.663221504204135393e-01 6.553481400305550819e-01 5.654998728102255123e-01 6.116003666504538083e-01 6.875531019813039268e-01 6.719712888288736918e-01 6.023828398815552765e-01 6.654448076625394393e-01 6.257959073929506566e-01 7.269677524110255140e-01 6.848220879504838265e-01 7.443789958923193728e-01 7.374898742184603506e-01 7.539880600698989355e-01 7.646310547429996385e-01 7.782820291914098743e-01 8.060026999526485048e-01 7.901975166655426097e-01 7.494321045992475838e-01 7.630003305721665408e-01 7.778371910647945420e-01 7.580007580428020919e-01 7.760076904871010539e-01 7.644083866102872049e-01 7.854432392622554548e-01 7.484043084654649070e-01 7.778325605129584597e-01 7.271354036422601474e-01 7.099063140107896297e-01 7.397742926591730495e-01 7.405666748275682165e-01 7.646615295020082748e-01 7.503837608167180928e-01 7.632008356001274141e-01 7.911357352341750193e-01 7.585235386128050816e-01 7.528146850876534790e-01 7.921257647095872878e-01 7.426115023680694982e-01 7.356676381808714416e-01 7.714119082131786209e-01 7.339236882190933731e-01 7.423090367646867360e-01 7.612932043071498622e-01 7.383178806439661956e-01 7.405249415192848295e-01 7.145888922286222078e-01 7.266771133117970738e-01 7.659933169196020408e-01 7.573968716148217206e-01 7.580889465208779932e-01 7.249893688265216518e-01 7.626297795017087378e-01 7.458357069222645297e-01 7.476162625793565386e-01 7.612444085880504252e-01 7.540509871501891448e-01 7.281462000100109577e-01 7.724414893182472985e-01 7.521631205991560210e-01 7.648921027103178227e-01 7.765035780920132025e-01 7.746312977706272251e-01 7.587512955341224608e-01 7.777807156955651724e-01 7.908028287862740591e-01 7.791013128320205539e-01 7.849864319771310273e-01 7.813452301047794091e-01 7.779908265876296358e-01 7.937604951416412646e-01 7.700321759735705429e-01 7.884007099091896453e-01 7.948861422235833363e-01 8.029549108284442793e-01 7.830545916528827144e-01 7.855678009728307432e-01 7.965422041577323586e-01 7.794014632905671425e-01 7.699333320646093437e-01 7.789484451492536543e-01 7.655283259783783878e-01 7.558398613861864179e-01 7.796437476452650062e-01 7.736312268092415678e-01 7.803722568250383018e-01 7.747531152885791528e-01 7.903141074464379301e-01 7.651338728535628242e-01 7.647909792345523039e-01
3.061275314389046986e-01 2.937328453537411677e-01 3.941095053898523992e-01 3.964748466571378915e-01 4.422479052820503798e-01 4.754301986581050965e-01 6.641639505909739949e-01 6.184006788194840176e-01 1.000000000000000000e+00 7.542742304301501832e-01 7.562672563678840554e-01 7.155268846888761525e-01 7.208952569509963215e-01 7.143418035523938503e-01 7.778424127574943281e-01 7.814796052618614430e-01 8.027839391693715188e-01 6.998124987600365943e-01 7.290137953613642363e-01 5.867893051546100303e-01 6.761704373054052697e-01 7.560083873659763087e-01 7.722237502449040836e-01 7.531825162323622092e-01 7.342174805714950514e-01 8.208306884750173893e-01 8.362691590282999021e-01 8.243682967710649345e-01 8.090554881091247541e-01 8.440133801886021692e-01 8.680740167355800452e-01 8.536956574615330862e-01 8.035706264991192560e-01 8.412637951255987900e-01 8.260153460387593682e-01 8.236798601925048313e-01 8.614640990136843701e-01 8.229300317627720185e-01 8.537143633387954678e-01 7.847865471978535679e-01 8.346911815703956794e-01 8.261910247375139349e-01 7.737670276741039910e-01 8.413503441140581796e-01 8.495362997358257839e-01 8.316806089734911644e-01 8.322538842743174570e-01 8.481166571500718954e-01 8.323081507018064151e-01 7.993501360380966814e-01 8.295544142117740050e-01 7.687273120403917970e-01 7.993961905785037514e-01 8.591106016724332495e-01 8.461414582373690818e-01 8.515768716866587429e-01 8.380430806673243582e-01 8.269955139152671553e-01 8.393543558616132216e-01 8.480687033515389439e-01 8.299093181503605088e-01 8.414772021471100816e-01 8.213816295148811397e-01 8.167523723049371354e-01 8.526958803214806926e-01 8.648331234478818796e-01 8.418946008332127695e-01 8.642969488671877754e-01 8.694388455371256930e-01 8.434187653417589692e-01 8.479246924973603550e-01 8.610395711908049865e-01 8.623953400380530709e-01 8.509114221510389875e-01 8.552882896124789358e-01 8.532563837330995327e-01 8.504843223657867490e-01 8.514269441198922816e-01 8.491565386910071567e-01 8.501056785841698549e-01 8.572541141116168939e-01 8.619182002142818932e-01 8.626874164747667662e-01 8.509270857643971286e-01 8.439065655020600021e-01 8.576097567185654302e-01 8.558446837380183636e-01 8.371484600947370902e-01 8.427303253198961119e-01 8.533215881161041461e-01 8.306231975620039787e-01 8.276680294591330922e-01 8.417386146761233201e-01 8.363476732415352499e-01 8.211147870778867652e-01 8.264467913260661325e-01 7.743350479459746305e-01 8.220347302035080350e-01 8.179329263854870913e-01 8.252723903820275986e-01 8.111774930047545018e-01 8.211199906908994706e-01 8.139140324293567819e-01 8.196770888080527895e-01 8.348781537964873323e-01 8.206926474118466652e-01 8.311575875489956022e-01 8.379080298247549852e-01 8.442628758739774142e-01 8.302041063479985716e-01 8.258733753586844362e-01 8.313289253220357278e-01 8.263849181619130624e-01 8.217237949136783071e-01 8.463373029072687181e-01 8.423857437132135084e-01
1.272489178413914457e-01 2.794330891446217824e-01 3.168747384562513036e-01 3.677190282110792685e-01 4.106330059288571532e-01 4.811994592868169551e-01 6.725565828456921968e-01 6.298819685808847435e-01 7.542742304301501832e-01 1.000000000000000000e+00 7.309331136146078878e-01 7.175807600811637821e-01 7.196630351078577847e-01 7.112971676069783644e-01 7.811580864201925767e-01 7.657475756988647575e-01 6.886147108205129541e-01 4.900728392068922079e-01 5.557598363112234985e-01 4.393154641228210200e-01 4.939447002050086910e-01 5.891240228803464873e-01 6.118627277105723739e-01 5.692187192496039883e-01 5.722938845965285237e-01 7.297657926868961198e-01 7.330830105864688528e-01 7.456359710095465942e-01 7.045204237142584924e-01 7.416810253897918592e-01 7.801986907580935604e-01 7.577139612618430942e-01 7.360211626087531656e-01 7.367010887875400371e-01 7.491457866072727123e-01 7.267864055893404895e-01 7.681370085132609438e-01 7.919514861612109158e-01 7.950058551684259234e-01 7.580068980855664273e-01 8.039545472367529699e-01 8.069009171906101896e-01 7.527119743618913006e-01 8.034368868514398798e-01 7.799099528183383034e-01 8.052829816462458989e-01 8.136429108555287559e-01 8.228980183604281962e-01 8.077612917141845372e-01 7.593046140348328477e-01 7.957022849180301893e-01 7.201439962791663651e-01 7.787494711449697293e-01 8.168350610075988394e-01 8.016294866212492209e-01 8.015209897915716031e-01 7.873146686797163341e-01 8.117679738003980017e-01 8.095444198085230969e-01 8.201342493050876037e-01 7.994576443860326176e-01 8.115121278904608992e-01 7.931263153333814042e-01 7.929431383632913333e-01 8.011478482097039722e-01 8.099218090011461868e-01 8.155577611397577531e-01 7.948288393131546226e-01 8.033407573250176403e-01 7.697814224443996212e-01 7.702395808904132224e-01 7.957654085560645907e-01 7.721654726246237610e-01 7.763006917590169476e-01 8.147216411214790455e-01 8.161293537239036056e-01 8.169104658506083361e-01 8.051765676532518512e-01 8.092202407303267231e-01 8.068244634630895584e-01 8.096723414402228203e-01 8.211831848365074293e-01 8.067781882621327672e-01 8.093440033131160671e-01 8.023212464319244841e-01 8.016345448002465401e-01 8.095197505104864133e-01 8.184040894939478283e-01 8.160984913110931327e-01 8.112554112807938145e-01 8.061129292381107314e-01 8.144944673222416220e-01 8.099414525254996500e-01 8.158333858328387089e-01 8.129190886594079846e-01 8.178399101526995230e-01 7.662727575967741567e-01 7.858370461036748855e-01 8.013600224777821524e-01 8.087892772063626223e-01 7.956547635108371930e-01 8.019073829358441818e-01 7.969325761036047950e-01 8.061451666571688435e-01 7.989695110563015401e-01 7.941440241023154378e-01 8.121304261943586011e-01 8.193021795727394307e-01 8.186409010663997510e-01 8.183950695519582874e-01 8.137317897836945368e-01 8.154649190435268036e-01 8.124265931517956618e-01 8.040544033799531531e-01 8.101049827066529874e-01 8.141385264541329825e-01
1.273488410419694288e-02 1.180101358398389366e-01 3.819207130331925826e-01 5.692875361717599780e-01 4.734199984400058181e-01 5.704350173295610338e-01 7.557246660863153886e-01 7.242880071358178684e-01 7.562672563678840554e-01 7.309331136146078878e-01 1.000000000000000000e+00 8.668046074465269868e-01 7.955261702168762161e-01 8.065621074311776217e-01 8.754716773658165474e-01 8.627710643958752534e-01 7.587807262606652836e-01 5.224735919926699612e-01 6.195838132520673502e-01 5.352909610199193535e-01 5.639689728625600917e-01 6.712761114600166445e-01 6.513164308161576432e-01 6.367629409172785859e-01 6.550585976557780077e-01 7.883083549299599868e-01 8.092410573850681299e-01 7.907048263400487942e-01 7.030433212377128482e-01 7.644894259955314908e-01 8.225725892038729947e-01 8.072620475919705108e-01 7.390861089053059052e-01 7.960488421069817910e-01 7.701052663747263161e-01 8.268806317079713253e-01 8.239926869970430889e-01 8.538065488530879321e-01 8.618752257151992557e-01 8.578811214295933851e-01 8.957504194847694112e-01 8.909173540580075379e-01 8.624441619926611624e-01 8.956456693605289177e-01 8.824807835762913388e-01 8.772422864661818531e-01 8.990235238403490037e-01 8.951878850109822316e-01 8.917227342476840013e-01 8.537834262734469437e-01 8.847311821116881081e-01 8.607920702190555717e-01 8.891993954416214097e-01 8.734063470596216128e-01 8.570820758806384498e-01 8.773466501076460089e-01 8.613152008822102523e-01 8.885954914275873140e-01 8.742268653729482475e-01 8.941039717462314629e-01 8.897586144222009441e-01 8.779862246105611945e-01 8.704987109856625604e-01 8.868044377007020529e-01 8.833314401243531622e-01 8.790287163235653844e-01 8.983362396864525978e-01 8.765424793001163062e-01 8.718092225161799824e-01 8.702085381286440713e-01 8.712269504505315565e-01 8.832411001505621195e-01 8.573143306142739783e-01 8.703172148933993046e-01 8.972186931028771628e-01 8.962625931729703010e-01 8.889855577180728607e-01 8.606622065953396516e-01 8.882326986112225597e-01 8.759928554539293533e-01 8.803202527114418752e-01 8.903755163372326642e-01 8.864522673440681233e-01 8.656660169679322170e-01 8.893665913322120753e-01 8.811322359931106352e-01 8.920253818031328441e-01 8.973218642268240286e-01 8.986910668972730720e-01 8.924348297163924304e-01 8.993519845489076348e-01 9.083208068694474946e-01 9.059728316095608802e-01 9.035080585241206386e-01 9.045810310869648596e-01 9.028369796110912171e-01 8.860346814504609370e-01 8.811396085848109960e-01 8.987616173001369280e-01 9.025216479323461272e-01 9.043680689075421775e-01 8.993476098175688938e-01 9.054874361665278260e-01 9.065512844570159379e-01 9.047848604562104269e-01 8.919432457546386805e-01 9.004825036483790068e-01 8.994353071405964961e-01 8.920519053795193942e-01 9.011429949435897369e-01 8.965378440747724387e-01 9.040108148231585927e-01 8.969395540475134654e-01 8.990005958783769957e-01 8.959158305455475757e-01 8.973960573640726857e-01
-6.430571361953817122e-02 8.674044176455658617e-02 3.908032401986927806e-01 6.787949643601404182e-01 5.104288328455461876e-01 5.947197623628521779e-01 8.083972112653248221e-01 8.001575328230651207e-01 7.155268846888761525e-01 7.175807600811637821e-01 8.668046074465269868e-01 1.000000000000000000e+00 8.205557974419527278e-01 8.221440143750038398e-01 9.109145134953223755e-01 9.012199265069951171e-01 7.525063978818152810e-01 4.429560366765901702e-01 5.659874128139897875e-01 5.576377863767626453e-01 5.199265466670353053e-01 6.297859011401818474e-01 6.163445614095094394e-01 5.795881301550714904e-01 6.025081389303752477e-01 7.545916607408924559e-01 7.814641723430160170e-01 7.593636675514252588e-01 6.496585503632632541e-01 7.121512157967855305e-01 7.876181153507756383e-01 7.832932193342410088e-01 7.021259339891821050e-01 7.684642739350452390e-01 7.296930075752890987e-01 8.264744429523851466e-01 7.929533286235408429e-01 8.541127690773390180e-01 8.507962314733956699e-01 8.775303250561802271e-01 8.993712611546542668e-01 8.989990224438765276e-01 9.069701175956358385e-01 9.132647062580276920e-01 8.783425743782541373e-01 8.795477599448249251e-01 9.097704571491729286e-01 8.926509864007703410e-01 9.037646386708521051e-01 8.768628374088257571e-01 9.037860237511957662e-01 8.961161689577243905e-01 9.190260131961850432e-01 8.580925412204313263e-01 8.368525327890409260e-01 8.670689416935971616e-01 8.731631883621048251e-01 8.867981380560698845e-01 8.774108048037110308e-01 8.998872531373379724e-01 9.104871220911081586e-01 8.846182694340448682e-01 8.862827510643679352e-01 9.179173878463695591e-01 8.748406220388321719e-01 8.745057085666864127e-01 9.022708657399109988e-01 8.609711124719433561e-01 8.614948409183403877e-01 8.792305972152782978e-01 8.647855194426840031e-01 8.732764074214401928e-01 8.383111524254908131e-01 8.551161805296190188e-01 8.914951602403730080e-01 8.912406633641600795e-01 8.818721595878715735e-01 8.442047353255186515e-01 8.880249745783946880e-01 8.678412059809742507e-01 8.705180139242267856e-01 8.802035647310229027e-01 8.813760034864820403e-01 8.486853588705545182e-01 8.912131003948600139e-01 8.755093992752062126e-01 8.916917359016077738e-01 9.001207432635834893e-01 8.997822275752748178e-01 8.861124006799890873e-01 9.069561444522503679e-01 9.202219739674286636e-01 9.109885516580323861e-01 9.140218857217508042e-01 9.159310567451544038e-01 9.127567604222421860e-01 9.176148110755584231e-01 8.977294867363803110e-01 9.136848185073076500e-01 9.206063261299743949e-01 9.275149677811429516e-01 9.142880974854755705e-01 9.254933072209041711e-01 9.249455952053863284e-01 9.164726661316863199e-01 9.068473820045624967e-01 9.128582610383135787e-01 8.985107183737662817e-01 8.866820164144338934e-01 9.107007988086006645e-01 9.031364547419907796e-01 9.151338494029217507e-01 9.062321337546932476e-01 9.181705209519694932e-01 8.957297569341120536e-01 9.034290201571860690e-01
3.203571883649059676e-02 1.463796477405045204e-01 3.366937458492099688e-01 5.091135703581959326e-01 4.953696804053436265e-01 5.459778290240565601e-01 7.335401472744058626e-01 7.260448951931360861e-01 7.208952569509963215e-01 7.196630351078577847e-01 7.955261702168762161e-01 8.205557974419527278e-01 1.000000000000000000e+00 7.603761589040142210e-01 8.443977989151396635e-01 8.402225760153991807e-01 7.198585918287874197e-01 4.702685583118947354e-01 5.622578048333041201e-01 5.083121918108204351e-01 5.120083628067061410e-01 6.056738790793264604e-01 6.116367546225816021e-01 5.765279648845544891e-01 5.887029982203585421e-01 7.336030540400821920e-01 7.456980554758224633e-01 7.329358024876446720e-01 6.661949773128363894e-01 7.262116935448559296e-01 7.787285000376563682e-01 7.543721725452186000e-01 6.911924817223674689e-01 7.461828406794520641e-01 7.336513736271589314e-01 7.804739991756919348e-01 7.730732498675432218e-01 8.017495423481609818e-01 8.100719783674189545e-01 7.960870001943619600e-01 8.440605497159937576e-01 8.379190830787124344e-01 8.297419242750864177e-01 8.506566761308789193e-01 8.246096337274222421e-01 8.333841273045056175e-01 8.596446644667634640e-01 8.546356183525182226e-01 8.484182374261506343e-01 8.046219569638335400e-01 8.366737950212326247e-01 8.091077868677124529e-01 8.503224144025820497e-01 8.318351310172116264e-01 8.111256730879461418e-01 8.212730294593495461e-01 8.253099719723688832e-01 8.486798698393359652e-01 8.342487607085999901e-01 8.569132532948811054e-01 8.581566978075436669e-01 8.485535770350088880e-01 8.369372248484110433e-01 8.508582534199441438e-01 8.376912545776521446e-01 8.393376529728200364e-01 8.607463614526117412e-01 8.293845155495618293e-01 8.335180854371977421e-01 8.288462425407184808e-01 8.193407602944352552e-01 8.322340203405127479e-01 8.100256819986930701e-01 8.180380870352363942e-01 8.499604803692536459e-01 8.483073389100725947e-01 8.444335396505302516e-01 8.234201653412012156e-01 8.429558237039862512e-01 8.386256977270243329e-01 8.390132177346398823e-01 8.496474258750937869e-01 8.416372380474667070e-01 8.259844317652424994e-01 8.457373102563863210e-01 8.406048841503441782e-01 8.481260741155162153e-01 8.551891368109680869e-01 8.561262253834424074e-01 8.486417507930241744e-01 8.495186541995429774e-01 8.649083058301042515e-01 8.593585212384311500e-01 8.598746614978801661e-01 8.666348953378548714e-01 8.656011672330458095e-01 8.517257297765272739e-01 8.481697432730908037e-01 8.630964009236438139e-01 8.635782225135023582e-01 8.673819953570177654e-01 8.635502243218191598e-01 8.663678243104880883e-01 8.691270803641446552e-01 8.625933313002737135e-01 8.579048671217308630e-01 8.627872502218419948e-01 8.599232219648640374e-01 8.514025599824854851e-01 8.640003722489660865e-01 8.579093408395489506e-01 8.673224067317178987e-01 8.625140128595182309e-01 8.654683426399641943e-01 8.558427530172139086e-01 8.594102865845487660e-01
