1.000000000000000000e+00 4.817497080833242629e-02 7.787832342405115460e-02 5.237076999796142635e-02 5.251093572782826457e-02 7.356602027374599395e-03 2.090567604413245614e-02 5.220705180287812247e-02 1.305051217161982691e-01 4.042059647472043965e-02 2.545194105243509322e-02 3.150891077559342390e-02 1.523817309794063893e-02 3.638458562077799899e-03 3.170207993808401865e-03 1.869410934363347626e-02 7.406370201453038593e-02 2.523087184275598152e-02 -8.865593223755295280e-03 1.108626718522536803e-01 8.307563496501430000e-02 2.640702423651974939e-02 -1.961385048816855978e-02 -2.029151136379945403e-02 -6.444932393827039994e-03 3.178804725036213363e-02 1.361838188753213691e-02 -2.016333291326165376e-03 2.801124405939986461e-02 1.720244886479598175e-03 1.338859864608658509e-02 1.339635602989165328e-02 -2.714081051489258475e-02 1.465949401041430995e-03 -1.475862171035402515e-02 -1.269245275137910814e-02 -4.090991768751437926e-03 -2.116992948347213785e-02 -3.154623223260704257e-03 -4.204370635306061560e-02 7.388264859872081813e-03 -6.044947481985132529e-03 -1.499058159347965886e-02 1.255168633936098489e-02 -5.958732907673465473e-03 -9.893879529065474979e-03 9.039569269817238767e-03 9.373516309509881406e-03 2.736407013689329260e-02 3.197292367443292649e-02 1.425481154310935701e-02 2.973259743323792073e-02 2.588897906379656472e-02 2.339096821527929249e-02 1.904707591287833554e-02 -1.081255366982491160e-02 4.368584356011889075e-02 5.743397637232118330e-04 -2.989768683942345103e-04 1.729744130473511582e-02 1.784514487709657664e-03 1.833841853340314326e-02 1.331330474555322829e-02 3.883873093689932388e-02 6.040822827903476189e-02 4.504731555904382262e-02 1.747392946517494286e-02 8.649564950592838813e-05 1.446393784308391481e-02 3.132182379456820848e-02 4.664009358099934464e-03 9.384646375645396693e-03 -9.369037910494620869e-03 -6.932771878751922690e-03 1.407230712348268506e-02 5.046273454282228579e-03 4.920670622683505271e-04 1.414199096491583138e-02 -2.618971488147405630e-04 6.431757146371367903e-03 8.671222953490168028e-03 1.003656783130171641e-02 1.831610436000489020e-02 -6.890643545130347228e-03 2.950492437211888093e-03 5.330797897685307131e-03 -4.615988426790182744e-03 -1.732542041260319490e-03 -9.343828948970642071e-04 -6.578861598020720701e-03 -1.650412159542269386e-02 -6.260386407539772491e-03 -5.167811284317566471e-03 -1.402830889729348883e-03 2.760379200369143891e-03 6.971763870718396434e-03 3.856749426939527596e-03 4.561443573065290108e-02 6.468524703474040974e-03 8.179362507565310011e-03 -1.327385792522474926e-02 9.647843807026256283e-03 1.466161955858997883e-02 5.646932317128115775e-03 2.082177736311278948e-02 1.644506023434170322e-02 2.378649820934609221e-02 1.162456814526224153e-02 1.059026409592006383e-02 9.745570590382801948e-03 -1.770444135155553123e-03 1.440354924320773160e-02 1.338492252639402781e-02 2.358317146354959454e-02 3.309796343001314423e-02 2.914972674150275236e-02
4.817497080833242629e-02 1.000000000000000000e+00 4.392569398070633041e-02 1.315548421899978282e-01 6.680493458728525846e-02 9.882627753950842808e-02 1.271346818554653924e-01 1.407194124959442738e-01 1.615572466565694532e-01 1.575804014680636245e-01 1.401258634623135657e-01 1.540462667772153904e-01 1.353924208823827080e-01 1.464664207825116249e-01 1.513570295112126041e-01 1.457505866792216664e-01 1.373489049155025565e-01 9.718841176196438281e-02 9.478796094962042840e-02 1.433819654295703794e-01 1.297478749668271869e-01 8.119761086012987350e-02 1.084371227047230407e-01 8.372368157571738467e-02 9.339301193378531096e-02 1.569139692413933918e-01 1.562113691793783343e-01 1.269859398151989838e-01 1.567570253857415996e-01 1.558075655999224263e-01 1.623570294107847256e-01 1.440616734593366810e-01 1.292982433398482400e-01 1.315227135527998747e-01 1.412448398429792251e-01 1.014150926771766881e-01 1.335829892445759559e-01 1.589052129654376366e-01 1.490259036570859008e-01 1.219685083273328585e-01 1.456237566240464187e-01 1.349127475099197171e-01 1.176766394354641365e-01 1.432414686849821650e-01 1.401556144076890331e-01 1.491328314955902568e-01 1.514473206289911333e-01 1.663574912432203567e-01 1.612713529024034920e-01 1.328853190083283675e-01 1.497993594406596685e-01 1.224408508876486806e-01 1.374972255768903417e-01 1.840096009280227374e-01 1.793401731070187743e-01 1.692713830892553784e-01 1.720499090867866621e-01 1.532998523869224250e-01 1.698090662273832596e-01 1.606436222125999513e-01 1.420072365049865060e-01 1.688797323267824668e-01 1.702657433253306762e-01 1.525900742334006521e-01 1.450738142162415478e-01 1.671933859418877344e-01 1.520415535008057539e-01 1.417366126151030081e-01 1.528118532971086130e-01 1.588410047993735197e-01 1.365921220452739893e-01 1.391578949167309454e-01 1.285257613913053931e-01 1.280787023113222900e-01 1.497634231116729275e-01 1.512283785018675719e-01 1.415625348923783833e-01 1.523051632823081980e-01 1.432822983344728407e-01 1.559545151681909214e-01 1.528290612726704856e-01 1.565555099599034439e-01 1.502094088166590069e-01 1.483105455219490276e-01 1.410837085222079734e-01 1.442015123376524932e-01 1.425398407224591768e-01 1.463532424281637490e-01 1.522737900266535604e-01 1.467984848793995878e-01 1.324648294016257388e-01 1.434199957694190231e-01 1.412368584440326647e-01 1.477823484167806456e-01 1.475761653592252420e-01 1.542088869966631859e-01 1.374565464789546110e-01 1.509207522793268585e-01 1.433603411193768440e-01 1.488707059173288716e-01 1.346704003203620659e-01 1.524723146465828127e-01 1.497037909064442007e-01 1.486102306785085647e-01 1.400969565213097678e-01 1.570268324344673283e-01 1.560898962291055458e-01 1.588443535141847995e-01 1.573651097617361772e-01 1.555307542754086614e-01 1.523623100966644828e-01 1.543868321001888033e-01 1.577927357506761497e-01 1.532084311059104531e-01 1.507266295976625314e-01 1.571354211932122491e-01
7.787832342405115460e-02 4.392569398070633041e-02 1.000000000000000000e+00 2.907171917972515840e-01 1.769557070195870718e-01 2.399336607629334039e-01 3.076983933608165023e-01 2.753546938291150381e-01 3.112926468453877660e-01 2.917120410666663166e-01 3.388116179287838370e-01 3.387977565070806607e-01 2.986531465479211889e-01 3.165921568038633782e-01 3.438604329086120126e-01 3.137203334972552549e-01 3.068532468318121986e-01 3.040890198907091890e-01 3.166193790372916483e-01 2.792718855108498599e-01 3.052166481224105610e-01 3.117008112118284657e-01 2.991778779944651023e-01 2.899266561698964351e-01 3.186600821559096852e-01 3.576672497173940535e-01 3.449314098367753934e-01 3.329099995152460245e-01 3.361077499342107755e-01 3.411995624509508440e-01 3.569159939538024684e-01 3.332452101420497192e-01 3.285581384550995687e-01 3.296547395105756673e-01 3.205955116402082750e-01 3.136564985621801416e-01 3.345362807419857698e-01 3.342833026568129973e-01 3.404259071932829173e-01 3.238871673962886999e-01 3.421370719193404519e-01 3.406893587708081372e-01 3.362467819546418046e-01 3.510420843713609740e-01 3.351851013363046916e-01 3.441429024819023241e-01 3.365806103235412516e-01 3.409453967993704704e-01 3.446464131901605943e-01 3.383271220380611455e-01 3.392493144908702019e-01 3.357857640565315993e-01 3.531633895066721984e-01 3.356190240148201887e-01 3.345628109449063636e-01 3.332288864843497844e-01 3.341315939504733157e-01 3.367568456687533018e-01 3.327672206782568143e-01 3.376974081892860080e-01 3.436889924799441109e-01 3.392103372045117138e-01 3.381781432504509799e-01 3.450931908575645135e-01 3.425998401161226559e-01 3.400618933820056533e-01 3.412231229994056037e-01 3.465436636037448892e-01 3.439466303077544085e-01 3.423373369298358115e-01 3.452094060472650217e-01 3.444742836031268185e-01 3.339607637356463155e-01 3.391844194099055132e-01 3.506252230190768371e-01 3.477436004804281833e-01 3.459924587173887067e-01 3.470388727895203917e-01 3.436994189112411169e-01 3.413521492258049794e-01 3.433995810506027535e-01 3.455686060005483395e-01 3.404820986161016805e-01 3.450636352933226236e-01 3.492309840023086753e-01 3.423551384043766466e-01 3.425379420668998587e-01 3.440530508455610370e-01 3.419797035137754349e-01 3.457725166136042527e-01 3.429038542855043503e-01 3.430731338331118319e-01 3.457893481099049704e-01 3.457839551464944039e-01 3.417799330289118531e-01 3.432480719310366246e-01 3.477713240762080327e-01 3.481671482271046503e-01 3.458552037509391441e-01 3.485499372878021473e-01 3.476108327987357804e-01 3.448165399230692096e-01 3.435280823605161848e-01 3.442995947197900475e-01 3.437605155962520365e-01 3.405268465313455728e-01 3.423295491077444908e-01 3.399055396409902952e-01 3.433674282236816033e-01 3.421018661728102983e-01 3.391095877830795913e-01 3.394309720950541842e-01 3.422102956397512497e-01 3.468973698211376133e-01 3.397246125763467295e-01 3.404802105256858336e-01
5.237076999796142635e-02 1.315548421899978282e-01 2.907171917972515840e-01 1.000000000000000000e+00 3.322922842129628074e-01 4.211809123656137799e-01 5.903958080391062957e-01 5.620043607027375154e-01 5.768618738312093486e-01 5.335949347753656813e-01 6.011717188344919416e-01 6.341857169053497500e-01 5.670364415479564046e-01 5.647443717858973145e-01 6.301146237240948800e-01 6.252062341251172217e-01 5.558689468679898216e-01 5.734123640584430914e-01 5.713450639712215340e-01 5.171606870224824126e-01 5.968607908013318086e-01 5.903624777314361305e-01 5.545678739715085293e-01 5.453971537668155234e-01 5.853179839733587686e-01 6.385172713247454501e-01 6.211873341959917028e-01 6.241703481421835287e-01 6.382921078103216406e-01 6.361385058021786776e-01 6.471161898079360597e-01 6.144069538140622955e-01 6.045835120510133498e-01 6.130106157772420294e-01 6.162200518473199828e-01 5.889509797028407156e-01 6.247579328368726426e-01 6.248316697338688330e-01 6.390552381841396734e-01 5.829745396159460302e-01 6.164409929567644664e-01 6.280980409755285709e-01 6.160098798377129370e-01 6.374104943666516476e-01 6.248095536078788204e-01 6.359148223013996182e-01 6.165746030639613906e-01 6.214987469683581622e-01 6.170147218082787655e-01 6.044816175898359845e-01 6.183696647926930634e-01 6.115390789488778234e-01 6.277872718729190504e-01 6.154828899867220704e-01 6.113362306747388564e-01 6.108510644063850359e-01 6.128201944338631524e-01 6.124461788708710497e-01 6.041455640514186154e-01 6.226339781475928037e-01 6.176110038590740814e-01 6.205980810899534017e-01 6.199925320427358555e-01 6.366623178693152640e-01 6.253073900354263470e-01 6.311554645817006870e-01 6.238871728515623660e-01 6.285162135589995591e-01 6.331225206668146255e-01 6.342415493201685184e-01 6.314178430313797108e-01 6.305986065452059419e-01 6.136744729676654186e-01 6.183482715499420967e-01 6.356048800093122564e-01 6.310939019708106112e-01 6.394604888985931934e-01 6.406474353237321395e-01 6.352811868952600305e-01 6.307926267589816227e-01 6.360997302184081548e-01 6.350995381059298950e-01 6.262712949130990747e-01 6.338360345810301055e-01 6.271919743369537281e-01 6.213060009316248022e-01 6.275969709302071653e-01 6.310643118310541588e-01 6.295376152524138069e-01 6.231018193017047180e-01 6.221550179311581275e-01 6.267251833699020169e-01 6.299401892785048140e-01 6.335089308529108232e-01 6.214404005785590934e-01 6.217603356215682942e-01 6.139276658832062417e-01 6.241891534334589320e-01 6.242316485716840058e-01 6.214211076618699758e-01 6.250093129434380890e-01 6.278202391031261209e-01 6.241664082251455747e-01 6.282092921148845210e-01 6.237784843945828328e-01 6.151717991442442468e-01 6.225004475147868366e-01 6.218087001534212677e-01 6.265517202930648288e-01 6.221065977597830532e-01 6.149883272996558015e-01 6.258111120075680045e-01 6.221315390608670448e-01 6.312470828175451576e-01 6.251029987482044081e-01 6.232903208909681414e-01
5.251093572782826457e-02 6.680493458728525846e-02 1.769557070195870718e-01 3.322922842129628074e-01 1.000000000000000000e+00 3.248022866439563283e-01 4.364474385088299990e-01 3.965559875598344552e-01 4.592749356147839968e-01 4.068780268259347133e-01 4.646998235396988530e-01 4.900583854282933305e-01 4.811832844305637957e-01 4.572003158658906607e-01 5.032315563894006472e-01 4.784898475227419845e-01 4.211508867470889483e-01 3.958593732972133239e-01 4.254461248843997012e-01 3.328377955152467815e-01 4.407721127369321756e-01 4.599773981380962384e-01 4.305786760186249840e-01 4.037977505649629206e-01 4.617440283589404615e-01 4.878390536929097521e-01 4.844215776046607025e-01 4.594744425689908929e-01 4.578806116531209947e-01 4.687730042455635626e-01 5.056513034254684902e-01 4.434352161210969312e-01 4.236365770651536744e-01 4.416137647259182342e-01 4.471154794569019431e-01 4.488290536879159243e-01 4.670866340102204917e-01 4.554249021988283075e-01 4.807043245657451336e-01 4.478481298254549658e-01 4.931776809895982439e-01 4.821985711402647645e-01 4.945446415868708367e-01 5.049936095188463092e-01 4.893253677534032953e-01 4.895070826721233948e-01 4.991159812688643616e-01 4.904916395009109586e-01 4.739582724632437349e-01 4.303329490414879444e-01 4.685770360539227020e-01 4.708223476492530701e-01 4.932344740741985145e-01 4.950289949747682106e-01 4.697591710332442161e-01 4.785742607234283463e-01 4.612651802545276181e-01 5.000288964515414714e-01 4.740569556687458941e-01 5.093911279085849841e-01 4.998309768253650920e-01 4.985389758219214151e-01 4.783642632248675253e-01 4.827714585338708231e-01 4.994260540955778316e-01 4.965929544094643266e-01 4.932154581527628534e-01 4.902042231967728148e-01 4.921165886679296775e-01 4.865532463139756736e-01 4.987251835589484594e-01 5.009617000996726688e-01 4.786078495464338167e-01 4.953562878761080257e-01 5.045984075463324503e-01 5.031509358314164571e-01 4.930961305669108730e-01 4.900804291718168781e-01 4.876794744114186786e-01 5.024632305653153885e-01 5.012949518357786571e-01 5.032558696582241087e-01 4.898019549863686373e-01 4.919398953742947778e-01 4.776848393189400133e-01 4.893939166031456844e-01 4.967612258272463555e-01 4.899662350164545876e-01 4.954555699824926274e-01 4.898108344922393331e-01 4.867038124737969595e-01 4.972436814616122969e-01 5.006310052919841214e-01 4.970645206515569847e-01 4.971589564939248862e-01 4.987167429610684377e-01 4.809355649647263364e-01 4.850048001275443776e-01 4.955287789926556830e-01 4.884090991681341309e-01 4.978582589234605282e-01 4.878669052724919353e-01 4.993140752065398091e-01 5.047058184335913023e-01 4.969303943485942066e-01 4.864015938394302685e-01 4.962161480983328099e-01 4.988342386932153594e-01 4.960350443332836590e-01 4.961672494833026525e-01 4.896859913824297972e-01 5.062140829005298270e-01 5.002593725555906090e-01 5.004291425466069754e-01 5.025112304350052295e-01 5.021813573765715466e-01
7.356602027374599395e-03 9.882627753950842808e-02 2.399336607629334039e-01 4.211809123656137799e-01 3.248022866439563283e-01 1.000000000000000000e+00 5.632402780555620936e-01 4.866870563326020083e-01 5.469075910842295940e-01 5.153392427773186846e-01 5.870347255829216904e-01 6.112853342258317557e-01 5.403138112387728675e-01 5.720992855147892797e-01 6.169984409993072294e-01 6.085816183747817520e-01 5.377178729752338793e-01 5.172959966096102313e-01 5.541239400306007257e-01 4.253691904892494824e-01 5.326252176313658326e-01 5.655592382888232628e-01 5.429257594143509502e-01 5.199045767812299212e-01 5.764481908012339950e-01 5.891486893296881133e-01 5.890227056419876650e-01 5.890696758415164824e-01 5.840512996249095368e-01 5.893897390489135635e-01 6.213087429961825503e-01 5.881141745398477116e-01 5.676914261729798516e-01 5.832363695728006725e-01 5.797902525526414941e-01 5.696927595316918502e-01 5.941324435684927074e-01 6.117264744852090042e-01 6.226297613686659904e-01 5.992197521432611751e-01 6.237808104761627392e-01 6.263937784318293067e-01 6.175932602205774780e-01 6.353620313560955912e-01 6.185729560988895148e-01 6.287630438102249641e-01 6.343148554923040416e-01 6.290406129844351435e-01 6.163416053025214669e-01 5.837430502753609973e-01 6.143934496090066588e-01 6.075001036828479029e-01 6.197313190540513217e-01 6.180971147630479612e-01 6.031329089368373531e-01 6.142115648918871074e-01 5.991595512710334859e-01 6.291959121500814156e-01 6.179928589208422141e-01 6.301228492423417427e-01 6.372422167313820385e-01 6.254643054377573286e-01 6.125551617698037354e-01 6.158595780829154709e-01 6.176228829916202701e-01 6.231243579362176765e-01 6.288454673772534420e-01 6.274433308006224230e-01 6.266844298459279816e-01 6.247490777762930714e-01 6.313193077922688579e-01 6.360745783182415458e-01 6.162771495472830763e-01 6.284737092063668040e-01 6.337865328210946503e-01 6.378513939081527084e-01 6.378696825022026617e-01 6.320375563694755616e-01 6.291673118499631068e-01 6.327566724953526123e-01 6.333267319961770614e-01 6.354538188948835042e-01 6.262427115531786770e-01 6.269675540692013493e-01 6.236403112855208875e-01 6.277863532140717240e-01 6.340042448827180044e-01 6.339684212877375602e-01 6.336910544204491513e-01 6.325105792202322386e-01 6.361698100049658633e-01 6.395755553537167959e-01 6.374709024199666230e-01 6.414510498089446289e-01 6.360869686794903277e-01 6.368601667351315720e-01 6.250413787417439249e-01 6.207901570331203489e-01 6.332100340048285592e-01 6.297817113209297490e-01 6.373471274894694227e-01 6.285017882764878383e-01 6.327103860050562467e-01 6.351402821701769286e-01 6.298366805190178663e-01 6.250073225280917688e-01 6.337417317231203162e-01 6.363177594718654184e-01 6.324376182424764625e-01 6.352357465977981343e-01 6.355265075332290348e-01 6.387124670672740256e-01 6.348460978649959063e-01 6.319737234631807032e-01 6.300715286708490348e-01 6.323101192087083877e-01
2.090567604413245614e-02 1.271346818554653924e-01 3.076983933608165023e-01 5.903958080391062957e-01 4.364474385088299990e-01 5.632402780555620936e-01 1.000000000000000000e+00 6.888451518696891984e-01 7.196323948949163718e-01 6.931967659069513399e-01 7.746136002249123242e-01 8.002021568916439787e-01 7.368323317415456097e-01 7.493663299638266828e-01 8.451449592579892700e-01 8.080910610036313724e-01 7.233361270100387985e-01 7.280273576736258079e-01 7.698955501823621095e-01 5.995726323043785166e-01 7.549291477664505923e-01 7.871713992823419215e-01 7.427695316582463292e-01 7.423022730930035618e-01 7.944610419206029617e-01 8.158317940662450640e-01 8.193604268950649416e-01 8.342402909251346310e-01 8.251229881001338473e-01 8.197341941545344124e-01 8.393103585692052171e-01 8.067638874417752959e-01 8.017600176493342445e-01 8.022206632477949517e-01 8.007510156878783203e-01 7.818468313846963502e-01 8.135043376084739597e-01 8.150100730375613445e-01 8.333515022661640570e-01 8.040175547544120560e-01 8.324057298256353210e-01 8.393826561247764717e-01 8.280998519267781521e-01 8.389193651918452899e-01 8.389527363047498687e-01 8.425094445128237242e-01 8.241256635907930894e-01 8.210485814679264749e-01 8.088747528316869717e-01 7.767814578088324540e-01 8.119223054316140331e-01 8.112349613449394425e-01 8.188864059789688898e-01 8.019393262062288752e-01 7.929449862804487381e-01 8.087542071719925341e-01 7.784680681113358425e-01 8.212044751444770307e-01 7.954339307196208742e-01 8.219676557405045658e-01 8.257161509091145435e-01 8.080170039198824039e-01 7.962592480776593540e-01 8.125253528433558081e-01 8.114067080635735119e-01 8.139302270971782161e-01 8.251506516222094634e-01 8.369195477607800360e-01 8.359170928813262069e-01 8.267101373416827492e-01 8.433421179240617738e-01 8.411621758515376301e-01 8.289491696269484233e-01 8.412334944777465351e-01 8.432026798313120297e-01 8.407221882151173498e-01 8.548418793028937923e-01 8.496688865976212979e-01 8.469585226252952515e-01 8.281441267932548866e-01 8.380735786803767962e-01 8.375107417210150285e-01 8.296957055088330923e-01 8.407140517098968813e-01 8.306718260949369492e-01 8.328828860184144256e-01 8.379838909422234750e-01 8.368521013993334146e-01 8.348765824233412847e-01 8.297653399546598418e-01 8.448764786984573893e-01 8.406224195363435348e-01 8.430302002365096525e-01 8.445973169802866165e-01 8.289820441949303786e-01 8.286587091243157177e-01 8.231366024629149791e-01 8.143087572961323906e-01 8.298091640887498288e-01 8.303265038763639749e-01 8.366954644840763899e-01 8.255739854986796633e-01 8.289073047486540391e-01 8.343295216014373628e-01 8.295662968155570471e-01 8.097803328638794040e-01 8.256578016950203436e-01 8.249774653572951033e-01 8.297425009301259147e-01 8.295844955822813116e-01 8.224066292234765152e-01 8.294724196943522587e-01 8.228049273397689545e-01 8.261641156460949320e-01 8.197124984096321176e-01 8.227748475567329134e-01
5.220705180287812247e-02 1.407194124959442738e-01 2.753546938291150381e-01 5.620043607027375154e-01 3.965559875598344552e-01 4.866870563326020083e-01 6.888451518696891984e-01 1.000000000000000000e+00 6.852895653272075283e-01 6.303541123627250942e-01 7.030774996837921842e-01 7.583501910594623308e-01 6.768044825674607301e-01 7.032011982280687024e-01 7.600395770567461851e-01 7.773033391967248962e-01 6.896154993107806996e-01 6.639924413507901635e-01 6.796923435196897678e-01 6.037396025787602483e-01 7.144596241563470063e-01 7.050053086122827217e-01 6.569999715847628652e-01 6.455909857447050815e-01 6.973681757153057381e-01 7.379228366336401113e-01 7.276663944534019768e-01 7.175082503662895128e-01 7.297809075217785990e-01 7.374330011728130740e-01 7.526252352424632752e-01 7.443434008583692529e-01 7.060533729939064695e-01 7.351964013147039845e-01 7.239551703369746516e-01 7.239500178314441925e-01 7.306508361437151766e-01 7.630003839020664813e-01 7.721994456871398294e-01 7.197367088431005921e-01 7.485994231799240062e-01 7.576986843610433731e-01 7.533675215037911599e-01 7.716223101027649411e-01 7.540869191821691908e-01 7.665662074730491549e-01 7.623206063011598310e-01 7.650198385836737280e-01 7.656282563067676739e-01 7.434707021696638218e-01 7.639328043296844672e-01 7.542073596327900642e-01 7.528435192022905342e-01 7.656453849525587385e-01 7.627632900167987673e-01 7.525137040984344328e-01 7.710693245462687528e-01 7.596629654971789325e-01 7.594796272877192278e-01 7.660782920937354579e-01 7.672137120467302784e-01 7.701337080053844986e-01 7.712697449158241181e-01 7.829025006636073369e-01 7.661795029716270689e-01 7.777754327961318159e-01 7.631580124363982476e-01 7.664546653974810830e-01 7.653366990015209037e-01 7.739491633669914883e-01 7.693478459188155538e-01 7.691069447297905759e-01 7.460413692086012016e-01 7.570003490581836969e-01 7.636146169367957759e-01 7.621942500909868468e-01 7.641439858248681993e-01 7.648579078155142152e-01 7.632759473770633907e-01 7.685119224962821960e-01 7.698797240661415797e-01 7.674971697448831343e-01 7.688992394358028504e-01 7.669447211803501752e-01 7.649136976790107401e-01 7.612153738119893376e-01 7.657359009501580882e-01 7.681403525590049242e-01 7.687179786140450055e-01 7.589881193186522879e-01 7.548840912384959800e-01 7.643421570810519095e-01 7.659628701782841276e-01 7.684399747195910235e-01 7.623362864383310677e-01 7.645383245709655995e-01 7.640336167644812271e-01 7.697720476590378391e-01 7.717043622436888795e-01 7.662928077888006007e-01 7.682991218415994306e-01 7.745549144910915951e-01 7.635343296932135537e-01 7.695646147323170760e-01 7.720608711212032516e-01 7.682080587368627089e-01 7.701019891308761300e-01 7.616340511801398261e-01 7.650582663240280690e-01 7.675457100625753259e-01 7.608404065502452074e-01 7.668107151177142589e-01 7.683810954750335265e-01 7.767158086203993506e-01 7.678511886231844663e-01 7.683171606420490241e-01
1.305051217161982691e-01 1.615572466565694532e-01 3.112926468453877660e-01 5.768618738312093486e-01 4.592749356147839968e-01 5.469075910842295940e-01 7.196323948949163718e-01 6.852895653272075283e-01 1.000000000000000000e+00 7.457741196522911231e-01 7.978004146481285641e-01 8.380946063316853101e-01 7.340857774752185261e-01 7.744287565300858045e-01 8.311468033812693390e-01 8.325958987301610437e-01 7.721681707835430508e-01 7.138118667604189671e-01 7.503689240883756328e-01 6.194797174837463061e-01 7.755474980489667214e-01 7.475786988216750473e-01 7.485884426107187739e-01 6.939909338590735111e-01 7.530822107755134054e-01 8.093504867643417366e-01 8.106214499225339321e-01 7.713297535244100223e-01 7.923735047537288079e-01 8.138573267819511070e-01 8.406564197032859731e-01 8.102948903874227504e-01 7.550346529618643387e-01 8.002577015817616823e-01 7.849406717322634508e-01 7.690558077749548582e-01 8.079800535902130765e-01 8.295379034450194311e-01 8.425092863058125658e-01 7.900840741775191356e-01 8.398652775586841202e-01 8.364185905791328146e-01 8.151966415763844953e-01 8.531398024109971834e-01 8.334020127305479253e-01 8.394140212019169933e-01 8.564532388536838514e-01 8.649309915873009125e-01 8.587179952716625930e-01 8.157276308317709113e-01 8.459783061285056638e-01 8.314605031759154663e-01 8.471807041844792163e-01 8.595697884280409928e-01 8.513974662969642226e-01 8.390288064689592762e-01 8.542553703609571114e-01 8.545863031370876106e-01 8.526852782857018420e-01 8.654156658852595330e-01 8.537134816218980848e-01 8.632468368520743729e-01 8.526748829483664638e-01 8.588297357928029729e-01 8.610781137085683490e-01 8.686803511489411544e-01 8.592852426556323309e-01 8.499613267992273125e-01 8.521804159095746067e-01 8.515834180304537870e-01 8.477824942880194392e-01 8.534133676456516771e-01 8.277224608951715412e-01 8.418271153586466271e-01 8.555758041594266894e-01 8.541282402259305906e-01 8.416585656330393128e-01 8.489805112040103019e-01 8.455567926578981819e-01 8.592197409955221188e-01 8.581249217360276127e-01 8.608547515239212133e-01 8.568172473946190637e-01 8.462766442137307221e-01 8.418830703720955322e-01 8.512937904596080685e-01 8.485236489356747791e-01 8.548784004345963972e-01 8.576244651614054471e-01 8.506576712436324517e-01 8.370517556768382050e-01 8.522625887869629269e-01 8.515224030822509116e-01 8.562022655062421217e-01 8.563155863819571501e-01 8.610557916094440101e-01 8.409982497569840065e-01 8.560359162773177877e-01 8.525492282021381873e-01 8.537470887379605688e-01 8.476402768204676086e-01 8.575176727571729440e-01 8.589228308207303986e-01 8.588573649458697279e-01 8.538888646912613511e-01 8.524588158420164374e-01 8.629855350398459857e-01 8.612435940743398133e-01 8.596741556558755715e-01 8.624030523205299392e-01 8.569365223328657688e-01 8.643575262626160827e-01 8.636116367007334871e-01 8.594549088263881975e-01 8.632821984668290760e-01 8.666304813057957857e-01
4.042059647472043965e-02 1.575804014680636245e-01 2.917120410666663166e-01 5.335949347753656813e-01 4.068780268259347133e-01 5.153392427773186846e-01 6.931967659069513399e-01 6.303541123627250942e-01 7.457741196522911231e-01 1.000000000000000000e+00 7.571006257782590954e-01 7.926159809948146728e-01 7.076305492680676767e-01 7.292051637616652204e-01 7.959701494129725052e-01 7.806580965011205020e-01 7.087364351043725641e-01 6.882260679982483698e-01 7.135796341350413297e-01 5.792728967626733505e-01 7.285122108024510990e-01 6.985715041191010721e-01 7.206307381410106405e-01 6.793332327242297408e-01 7.177934379985388968e-01 7.783005380482020952e-01 7.647914191944582551e-01 7.387230005886904483e-01 7.547710034404391255e-01 7.720462538216289472e-01 8.059527022713323108e-01 7.849835494028872818e-01 7.304490493327437939e-01 7.685422747631069917e-01 7.522704412882244007e-01 7.112974185157066032e-01 7.735846973932509751e-01 7.917274282791835205e-01 8.004891645411786882e-01 7.588704696563993712e-01 8.078224193497919314e-01 8.007547427198957735e-01 7.776144669230102835e-01 8.094198553811912111e-01 7.977757544093182496e-01 8.053019659448165113e-01 8.140346604788325502e-01 8.217915242892916972e-01 8.109484322525920552e-01 7.634719304900059456e-01 8.060564299140282607e-01 7.684430753599444941e-01 7.934796377021845482e-01 8.115727380245003619e-01 7.953240345329294358e-01 8.042801161361649021e-01 7.820017434251858024e-01 8.086795205886001536e-01 8.110517356814147538e-01 8.154368245549835637e-01 8.046144961023918851e-01 8.129334656508577783e-01 8.020347877511257995e-01 7.935274667125762349e-01 7.960790167361808667e-01 8.076150948929917694e-01 8.131094604267737891e-01 8.104240391154204914e-01 8.173789788782744870e-01 8.082621851115765477e-01 8.056090538126968736e-01 8.072054284446970041e-01 7.967466071084414736e-01 8.053516479734775801e-01 8.157464484545076111e-01 8.147375606362644573e-01 8.013878894787344054e-01 8.084942085921910104e-01 8.066345868403853592e-01 8.179656294464356936e-01 8.174918464334106627e-01 8.205355821357581680e-01 8.064056399094057248e-01 8.082030102412173234e-01 8.010913556564269733e-01 8.134089548478352638e-01 8.081916490906818629e-01 8.161080652832556348e-01 8.157960772750518785e-01 8.095230615381567851e-01 8.027949851967852712e-01 8.130356233481591532e-01 8.106532595900920457e-01 8.158369468144892611e-01 8.161924684884606096e-01 8.171402870571670141e-01 7.891797338332439127e-01 7.955830386671997045e-01 8.045790251483831979e-01 8.129183199527807435e-01 8.031863941142227681e-01 8.059958987068739367e-01 8.113277095236637315e-01 8.132435092553655931e-01 7.958312472997429721e-01 7.917965133724425009e-01 8.118184934139133224e-01 8.161192718368961430e-01 8.115293505908398597e-01 8.174615403973771732e-01 8.167198905752109939e-01 8.176675130996573504e-01 8.173366386298400732e-01 8.051674850069314715e-01 8.070005979155837617e-01 8.102555271579940932e-01
2.545194105243509322e-02 1.401258634623135657e-01 3.388116179287838370e-01 6.011717188344919416e-01 4.646998235396988530e-01 5.870347255829216904e-01 7.746136002249123242e-01 7.030774996837921842e-01 7.978004146481285641e-01 7.571006257782590954e-01 1.000000000000000000e+00 8.742922852331891370e-01 7.665404831838440458e-01 8.040323909644530032e-01 8.794200766789320722e-01 8.601661164962061124e-01 7.894936493989184179e-01 7.591695698322625807e-01 8.104257155487124553e-01 6.327628037456725085e-01 7.943753209685714411e-01 8.070273236151015439e-01 7.996863142860084483e-01 7.621519109828668315e-01 8.212706749476431645e-01 8.563689542649031150e-01 8.544689257311093300e-01 8.400949733082037074e-01 8.455106299974196604e-01 8.689339407589804498e-01 8.981899217775635158e-01 8.612445867616057571e-01 8.268740260356406413e-01 8.598534802846667935e-01 8.491925188804934077e-01 8.313227387325021756e-01 8.694186817197796513e-01 8.803834900219290605e-01 8.926325096885371346e-01 8.565233946582786473e-01 8.869541971626527799e-01 8.894645354669140636e-01 8.781650473640888466e-01 8.988065094905132169e-01 8.878621594582131182e-01 8.950035380424899989e-01 8.941544862777190961e-01 8.958838714772552336e-01 8.856487518307560869e-01 8.459979449865852041e-01 8.812543724360523134e-01 8.663824988609535316e-01 8.790374009306530789e-01 8.808493307414050344e-01 8.724331842745313148e-01 8.793808555478612732e-01 8.677983552383810029e-01 8.928682046372443670e-01 8.827840829769371123e-01 8.954242946079986609e-01 8.942307502808817254e-01 8.911451086247259568e-01 8.839076199812428980e-01 8.875281320470734814e-01 8.834492982100591307e-01 8.879252963545101185e-01 8.973749696782967744e-01 8.993715595925646511e-01 8.969947436073579805e-01 8.899635178472837804e-01 8.973935659266687459e-01 9.010366254930451957e-01 8.831033971144737205e-01 8.958527670631161177e-01 9.018441352787716081e-01 9.013705752305819496e-01 8.942053759817164549e-01 8.972750571736773928e-01 8.941440014959503024e-01 8.999630469622030837e-01 9.000262101614650012e-01 9.053241881553054649e-01 8.995905453764532211e-01 8.991529784672988024e-01 8.930203444639507326e-01 8.974381130942032936e-01 9.036203288415198820e-01 9.034680318216757877e-01 9.033015472865366657e-01 8.971626614275454159e-01 8.978691452197273826e-01 9.006409187217737644e-01 9.012622258996649816e-01 9.041868003019546407e-01 8.985142794720130111e-01 9.010845180043447478e-01 8.888631275744217630e-01 8.856095962983778769e-01 8.954327384241038690e-01 8.985339800805982602e-01 8.993404924308732173e-01 8.970953686540340533e-01 8.976005358780122512e-01 9.014740326328630760e-01 8.951415497443868663e-01 8.855349629022630786e-01 8.977751493751323641e-01 8.966911670877589779e-01 8.989460075300148567e-01 9.000342363130705570e-01 8.982026631715290810e-01 8.987069684341821851e-01 8.988171653111840520e-01 8.961298411403898490e-01 8.962701022675486628e-01 8.941298048407950727e-01
3.150891077559342390e-02 1.540462667772153904e-01 3.387977565070806607e-01 6.341857169053497500e-01 4.900583854282933305e-01 6.112853342258317557e-01 8.002021568916439787e-01 7.583501910594623308e-01 8.380946063316853101e-01 7.926159809948146728e-01 8.742922852331891370e-01 1.000000000000000000e+00 8.123727044110010675e-01 8.421618176926687349e-01 9.217079997296605542e-01 9.097514730823008655e-01 8.231199231638661740e-01 7.945901887927913076e-01 8.310520366375830914e-01 6.841307940537635357e-01 8.384691441579222859e-01 8.363221685964428165e-01 8.173502089833395434e-01 7.835444795531349982e-01 8.480867595073559029e-01 8.924345277380121289e-01 8.896809774170661989e-01 8.632062115474424813e-01 8.776868220398257314e-01 8.988425576956258212e-01 9.303850190459177494e-01 8.939351075482748765e-01 8.463540684989865337e-01 8.846513675397752463e-01 8.746306169298859734e-01 8.549113628211321148e-01 8.943321220682411976e-01 9.161259870758202695e-01 9.280679015720404434e-01 8.749650459572165806e-01 9.224306418693563048e-01 9.235518853042550269e-01 9.110634830807804452e-01 9.393774412289197517e-01 9.222711184461738210e-01 9.336741883927044405e-01 9.347214893992527029e-01 9.372118319735905922e-01 9.287068602834497311e-01 8.841187718724481392e-01 9.247616552956994251e-01 9.068498361546709630e-01 9.235960479999352213e-01 9.263724264240603690e-01 9.136780556892208915e-01 9.161773313930847706e-01 9.092158890528102555e-01 9.318274568792177526e-01 9.241909746972682971e-01 9.398783472886942381e-01 9.334746752986882168e-01 9.371747612522313142e-01 9.261210955118803767e-01 9.314239871373080071e-01 9.300391536264275283e-01 9.364103367351328533e-01 9.371017409156074951e-01 9.356733633461434829e-01 9.370880904570322301e-01 9.350759376346692298e-01 9.360749267496307757e-01 9.390133475206114966e-01 9.173141145504971616e-01 9.310104423623133396e-01 9.408947185587605011e-01 9.381568314513067941e-01 9.318943940898584133e-01 9.360682076821025266e-01 9.319119640265044469e-01 9.414157466645142192e-01 9.412386764501399217e-01 9.447328694619299139e-01 9.335549712486629348e-01 9.359201382652676537e-01 9.265776060014070392e-01 9.348605263007403465e-01 9.370319395244820493e-01 9.403203505094209769e-01 9.407531229667671635e-01 9.335841710893083567e-01 9.282780455266183006e-01 9.396198527979031656e-01 9.389826576111336420e-01 9.429859649221844498e-01 9.397487049784798430e-01 9.411552638245607172e-01 9.218664533384706150e-01 9.280409013798717188e-01 9.361079223547361661e-01 9.367535059106504303e-01 9.368129336526731521e-01 9.368759051247363967e-01 9.386526758820220584e-01 9.423720034920154420e-01 9.321389238740375172e-01 9.246249300777327207e-01 9.390711408444220032e-01 9.390043138520158816e-01 9.388358814898101201e-01 9.420206574426984725e-01 9.364530456598916253e-01 9.423920871853399550e-01 9.415608177661759504e-01 9.386741312969706375e-01 9.365305683109140800e-01 9.379828515243312514e-01
1.523817309794063893e-02 1.353924208823827080e-01 2.986531465479211889e-01 5.670364415479564046e-01 4.811832844305637957e-01 5.403138112387728675e-01 7.368323317415456097e-01 6.768044825674607301e-01 7.340857774752185261e-01 7.076305492680676767e-01 7.665404831838440458e-01 8.123727044110010675e-01 1.000000000000000000e+00 7.665158104403853034e-01 8.370338284542734320e-01 8.209899191363154713e-01 7.249085417800728015e-01 6.911528134263754675e-01 7.390005193171004239e-01 5.884676531040559100e-01 7.339255022918164117e-01 7.449055890463988083e-01 7.177897689760787125e-01 6.942492800570061462e-01 7.617531593255824074e-01 8.070021600377699222e-01 7.984964601285953201e-01 7.825881172547123343e-01 7.897609672486607391e-01 8.048398066614865787e-01 8.285259540356642027e-01 7.820607606020838487e-01 7.475654872226075165e-01 7.772793554094229451e-01 7.838769926730004833e-01 7.550385070352717554e-01 8.054456364938412660e-01 8.009277302588689862e-01 8.262527143227191839e-01 7.723434192619278438e-01 8.294234153231273554e-01 8.286791136562104976e-01 8.233851696219469662e-01 8.417941632177271538e-01 8.222287907952730013e-01 8.364562011511956774e-01 8.384349809165647649e-01 8.375645660070427656e-01 8.172721049983133756e-01 7.705615100463015787e-01 8.150207850666288945e-01 8.091236338315942467e-01 8.305063699080553752e-01 8.287506681153291588e-01 8.044625888920834411e-01 8.161539606225919341e-01 7.923219739203712919e-01 8.377018979799659704e-01 8.139789238106261982e-01 8.483120480808333808e-01 8.393392352708715087e-01 8.361195481374313898e-01 8.129416161561641152e-01 8.231015464273226945e-01 8.311238665893522226e-01 8.340184104251092689e-01 8.414560036643328189e-01 8.352783832834109745e-01 8.382966952009128780e-01 8.327333518585268157e-01 8.363643934094393551e-01 8.432313154804880195e-01 8.171925809711949595e-01 8.344763425781541732e-01 8.481118251961742294e-01 8.448110911138696499e-01 8.430283330237101636e-01 8.411074607341814113e-01 8.377488843054554657e-01 8.464773166958892148e-01 8.453137887753841007e-01 8.485277899736523022e-01 8.308314861982767363e-01 8.399967023146930334e-01 8.264631239940730678e-01 8.326721832995823691e-01 8.396941412634522095e-01 8.385416146977110463e-01 8.436255933523640893e-01 8.346135562291164822e-01 8.319013866502947829e-01 8.455191513026369954e-01 8.452839857345444408e-01 8.459975029174185979e-01 8.432075547784796399e-01 8.436112797848493994e-01 8.172199500669364847e-01 8.219006179494257047e-01 8.412648324366878150e-01 8.344093288167008238e-01 8.425941606015138197e-01 8.331056205041181828e-01 8.435662442906453062e-01 8.477289008760733324e-01 8.345389217988270492e-01 8.183668204298527593e-01 8.389314507829065404e-01 8.429054656819344737e-01 8.427066109505433333e-01 8.443248067596869078e-01 8.360296495517383075e-01 8.499896643229656323e-01 8.428820745526054425e-01 8.408724261807724032e-01 8.413636320221549170e-01 8.420055487887631029e-01
