1.000000000000000000e+00 1.063406514511414519e-01 1.327326628789616547e-01 -9.027325007982693605e-02 1.049948224638816013e-01 -1.211894192397186022e-02 -3.921744268906809244e-02 -2.953241555194776810e-02 1.482918974736491258e-01 9.352770897671169870e-02 8.330092326699695127e-02 -4.081428075862984783e-02 -6.924344373363787181e-04 -5.422797291873922634e-03 7.735324190761670368e-03 -1.389332145030828733e-02 1.534558607581985867e-01 2.180809630746475269e-01 1.420186547968255164e-01 1.504001833084415984e-01 2.071994594925583577e-01 1.942054871722258824e-01 1.786192553599723898e-01 1.709421909535576989e-01 1.814877907611991970e-01 1.872879108751171751e-01 1.712198998438653197e-01 1.229605495798257730e-01 1.980510318034935380e-01 1.948055562775669880e-01 1.690452911044303952e-01 1.325596856007999480e-01 1.585374719925445874e-01 1.225478319195504456e-01 1.855718227661223296e-01 1.079955469866828721e-01 1.488670516914645248e-01 5.915246255367478251e-02 9.134805688469072038e-02 1.730438063754474037e-02 4.573001242722300047e-02 2.762087246117023512e-02 4.534845877932566771e-02 4.440567522074412299e-02 6.761872876287799983e-02 7.442193047388548366e-02 1.542465524814860649e-02 4.241826072290411087e-02 3.207659500797525182e-02 6.704910744239496456e-02 3.758639370796890838e-02 6.537765401614732685e-02 1.854920766949142569e-02 8.943885809218794780e-02 7.951979811565998424e-02 5.586861540333085824e-02 8.210661483325533416e-02 4.363864251149082024e-02 4.603082216370690816e-02 4.275210642867838251e-02 2.492023746051174465e-02 6.852821421067405161e-02 5.257004561701347778e-02 3.576577349499378972e-02 9.998943910564174475e-02 6.684199647343266881e-02 2.898597868795393939e-02 6.813176250702561443e-02 9.148634519475165594e-02 7.658782094449889666e-02 7.819364166336963129e-02 6.858249680870100173e-02 6.857585805394991740e-02 7.931613738629189614e-02 6.984181248448997903e-02 6.951245904851441337e-02 5.869544222124748606e-02 8.975669346193462794e-02 8.376410379925029737e-02 9.324307666210561452e-02 7.943992002981119238e-02 6.751022685484131536e-02 7.121187166088953358e-02 9.025691694573327595e-02 4.319007995499252184e-02 4.775198378173312053e-02 5.737204582396546182e-02 2.550739245161209173e-02 4.496218532871770063e-02 5.665259758470408968e-02 2.227612316992341746e-02 1.998995465813799277e-02 1.916755827470171744e-02 2.786747652447461518e-02 7.178479014633470413e-03 2.471147039151179794e-02 8.223435146190703066e-03 4.636816479080721476e-02 1.286296548970574001e-02 7.435830614446752203e-03 8.903885199617277840e-03 3.225099416242443312e-02 1.183086366054015778e-02 1.107080392297105087e-02 3.912846302019496597e-02 4.643017945585633383e-02 2.804946191402715380e-02 4.460996312577158313e-02 5.084773528549855343e-02 2.641181072745797317e-02 3.903271974163147195e-02 2.929510364102264411e-02 3.783530229927261485e-02 2.363210678478865762e-02 5.420612329875670876e-02 3.457712962884001984e-02
1.063406514511414519e-01 1.000000000000000000e+00 9.166659382418229640e-02 -9.876401045761557668e-03 6.888950452766173793e-02 5.154835569856133781e-02 1.028757009233271513e-01 8.856192584356628594e-02 1.634297413691555567e-01 1.949516549810774158e-01 1.062837498487719939e-01 7.948835668136892962e-02 9.717553795916354653e-02 8.382561891463254089e-02 1.343863649445294628e-01 1.010669603650635739e-01 1.235979871815919423e-01 1.465936100742369075e-01 1.065692999568769589e-01 7.467382877355725757e-02 1.108904810922294037e-01 1.005400808088410675e-01 1.458923573378288208e-01 1.333212413565019738e-01 1.092179637052024255e-01 1.947373749787852937e-01 1.643976629857247518e-01 1.966532060662786741e-01 2.269611495819095770e-01 1.869600387055979085e-01 1.745406503659796549e-01 1.517217835551260552e-01 1.995909754994843188e-01 1.382166980971029357e-01 1.721074060382839221e-01 1.020179810923696612e-01 1.202071337480264540e-01 1.807021332544254955e-01 1.770211040941384872e-01 1.496840099413068448e-01 1.368279651575056433e-01 1.602730223008805854e-01 1.326506577019558042e-01 1.437591008608976040e-01 1.242432487021280091e-01 1.739635588738667193e-01 1.277153405149023535e-01 1.527478144899850065e-01 1.320706634448224615e-01 1.234114082974953619e-01 1.409092257160955430e-01 8.190375953859317659e-02 1.055023824005974636e-01 1.656491092609329863e-01 1.688970154133662971e-01 1.703358646281937505e-01 1.230093573244274152e-01 1.485269153344175586e-01 1.564711269065879318e-01 1.321883446087439573e-01 1.137336498808963203e-01 1.402629555101016223e-01 1.502643757366483590e-01 1.302481995098897505e-01 1.254584077887223037e-01 1.130667606651322848e-01 1.308199832571872723e-01 1.478658763732376979e-01 1.530332907034852585e-01 1.248312817920565476e-01 1.218950058071915643e-01 1.337531582428879984e-01 1.276888027325018271e-01 1.359573012960575977e-01 1.580710591246881902e-01 1.505637551919182249e-01 1.624697765416812378e-01 1.765396976140610474e-01 1.637125655509586719e-01 1.605881923481776719e-01 1.407334248500546336e-01 1.529543730907789723e-01 1.456210554496855658e-01 1.516296382154823930e-01 1.328813457485482352e-01 1.280056643794274529e-01 1.240624529403223930e-01 1.549304540742565683e-01 1.520563363958091219e-01 1.597227478070168127e-01 1.358551535567146251e-01 1.417518588081457809e-01 1.236706483402765094e-01 1.452758447283102605e-01 1.323015819731195586e-01 1.409220350854507309e-01 1.184013121840376409e-01 1.122876116275150216e-01 1.197834224644211687e-01 1.326903884804271072e-01 1.240320288706696222e-01 1.403468714705246867e-01 1.175993858875736126e-01 1.288461281354413568e-01 1.103284614313592704e-01 1.277835672186025118e-01 1.306111292967530590e-01 1.544923197767563150e-01 1.600092080522614590e-01 1.385971043807470438e-01 1.563648960077921035e-01 1.305171376254688209e-01 1.377890936145692025e-01 1.307488084215126245e-01 1.280089948796634958e-01 1.167898735553816875e-01
1.327326628789616547e-01 9.166659382418229640e-02 1.000000000000000000e+00 2.746464008713629945e-01 2.084778660267690431e-01 2.540953239015070753e-01 2.915956719500344962e-01 2.808538188135514813e-01 3.600500382454250858e-01 3.042494225235173322e-01 4.092547115276607417e-01 3.673063506510167997e-01 3.126055800737940760e-01 2.785685750365879954e-01 3.637925745039768954e-01 3.525752434751405207e-01 3.755367878128402226e-01 4.462717232064672412e-01 4.641590833939828187e-01 4.014733152871108324e-01 4.590019915691163632e-01 4.849272560532575937e-01 4.523381264869995588e-01 4.641332766408653443e-01 4.740221722108326485e-01 4.457945213524873718e-01 4.628594523996540366e-01 4.084608204974461976e-01 3.784347286804807808e-01 4.441627308525179507e-01 4.528472592988632694e-01 4.434618360407566739e-01 4.103238834964661463e-01 4.476069070182751020e-01 4.257394647558143119e-01 4.562319825764791781e-01 4.611624564528870041e-01 3.616471007018473016e-01 4.064745094909662515e-01 3.992278753000371161e-01 3.935957904011427311e-01 3.679266860238938341e-01 4.128144464452430662e-01 3.899088447470053787e-01 4.309373501556403308e-01 3.901357160637246579e-01 3.545151068611700484e-01 3.694391043300260802e-01 3.688357482720733271e-01 3.896013091938034245e-01 3.787955427377980300e-01 3.879248548464390711e-01 3.679240867628912892e-01 3.777086171638801004e-01 3.777314270238559812e-01 3.937681345130057409e-01 3.879602345083417725e-01 3.596768798105984821e-01 3.666951804421221817e-01 3.652083526844055461e-01 3.729362262544734796e-01 3.763617572359196917e-01 3.732687444313337877e-01 3.723320079814465000e-01 3.996281251131792445e-01 3.870924916720835940e-01 3.685722497872022108e-01 4.123483132917384886e-01 4.144510406598503338e-01 4.256171433733825782e-01 4.393388975798360740e-01 4.205141216289197126e-01 4.270966299184995596e-01 4.362747331685988272e-01 4.091181761264179317e-01 4.010497187127760599e-01 3.873771839209925738e-01 3.754388279921615501e-01 4.017097865245651267e-01 4.152382653444520177e-01 4.146508480585295864e-01 4.072163463861354638e-01 4.061398190866938318e-01 3.993642212039373307e-01 3.982060921678043930e-01 4.052122839835267665e-01 4.126125671081085078e-01 3.647650248354326052e-01 3.879629382718986497e-01 3.945041137287126354e-01 3.925861520695305695e-01 3.728855368133805470e-01 3.833971302226635847e-01 3.771175187853262334e-01 3.572409203790579690e-01 3.637050544023613385e-01 3.678944312184566634e-01 3.739528777162755557e-01 3.672104816723780196e-01 3.634758294863202344e-01 3.741528723333431561e-01 3.664357917877620330e-01 3.652069787925406041e-01 3.649846132869782322e-01 3.896943323117094682e-01 3.777867443540818271e-01 3.632568966627243157e-01 3.645628092393281006e-01 3.775866619007680058e-01 3.630082045227936427e-01 3.632978504827939492e-01 3.636780901867288085e-01 3.690043112571648187e-01 3.693710962022617172e-01 3.810615473644490825e-01 3.698474448968664952e-01
-9.027325007982693605e-02 -9.876401045761557668e-03 2.746464008713629945e-01 1.000000000000000000e+00 2.659619826024935407e-01 3.472266104973758538e-01 4.862835045263433909e-01 5.260379838703826971e-01 3.854420900147831897e-01 3.193740914401089204e-01 5.273137491050106096e-01 6.431878960685701863e-01 4.778755697235614885e-01 3.503244602787300432e-01 5.241612812309677238e-01 5.789353516267585764e-01 4.544353298643533656e-01 2.897632598132591775e-01 3.603405405084087465e-01 4.000151534177847079e-01 3.590065038307417300e-01 4.305620938698481170e-01 2.852000570221882580e-01 3.294622989823573489e-01 3.556458637888606500e-01 3.741661581370044898e-01 4.011926634834849792e-01 3.413319087042137601e-01 2.721715195494116557e-01 3.482488577510770567e-01 4.160619170994795946e-01 4.322417734190598382e-01 3.238622999521630907e-01 4.387189163855247376e-01 3.486818890757753531e-01 5.313828176972321682e-01 4.385516516957945199e-01 4.392854314826444839e-01 4.499542135177316826e-01 4.847065771045574456e-01 5.242067126922923537e-01 4.802675045970514200e-01 5.067892270470207849e-01 5.147667553183101763e-01 5.234462306372343887e-01 4.543518416894260503e-01 5.173079339405118882e-01 4.977360163476233224e-01 5.211384307742868982e-01 5.100323917748592617e-01 5.060164703814689080e-01 5.786669633855020534e-01 5.582220338950688587e-01 4.593730234827507197e-01 4.371434337926536351e-01 4.681646906525259721e-01 5.082856097481367463e-01 4.775152512635548741e-01 4.810495514088294344e-01 5.193344769697002539e-01 5.228356831073526223e-01 4.962029204491052448e-01 4.891045955030741688e-01 5.289560737164010762e-01 4.981993125239400078e-01 5.349288916223391421e-01 5.129953994719264054e-01 4.697801180841040258e-01 4.523729550755351547e-01 5.206973370649898847e-01 5.140610158820744235e-01 4.930090626242898955e-01 4.910330200056762795e-01 4.717149590294101857e-01 4.788353478351652370e-01 4.903037038924378810e-01 4.675156363376737900e-01 4.379141857029571483e-01 4.572525791846620002e-01 4.682300614618730705e-01 4.801656024444381221e-01 4.863682932048518648e-01 4.904662219691537373e-01 4.609513262794111554e-01 5.036480566721313057e-01 5.115122290151948858e-01 5.148302024572417590e-01 4.911130757503082145e-01 4.866161393180969408e-01 4.735379271110499166e-01 5.061398352116726063e-01 5.112309979925568904e-01 5.316601936174125687e-01 5.029653361094573727e-01 5.143245171652541803e-01 5.127699601891954062e-01 5.316462135640210862e-01 5.304234154442982740e-01 5.231086116090933880e-01 5.142676432006604292e-01 5.201185563431410808e-01 5.013201280134598203e-01 5.439551514117076936e-01 5.223986784198134670e-01 5.500375128923346013e-01 5.173950593743543713e-01 5.227092635067283055e-01 4.812741101667827870e-01 4.783760056395099936e-01 5.090119374052153312e-01 4.815885747334130440e-01 5.197524439157072962e-01 5.084655487050955269e-01 5.238671365112222977e-01 5.166834978761193353e-01 5.385920972033363396e-01
1.049948224638816013e-01 6.888950452766173793e-02 2.084778660267690431e-01 2.659619826024935407e-01 1.000000000000000000e+00 2.859667584189275469e-01 4.461708791419308762e-01 4.210953238795282494e-01 4.128763711021217198e-01 3.511523381775768504e-01 4.201377658012422356e-01 4.397129863407823747e-01 4.266530176368559246e-01 2.981973518630628983e-01 4.426796937983999980e-01 4.537029144126418223e-01 4.106701688749855306e-01 3.359962249256014388e-01 3.661488860494103714e-01 3.010113010941021794e-01 3.217326153355281049e-01 4.019760313783722894e-01 3.471061945790823722e-01 3.426356629704753187e-01 3.668109277580633987e-01 4.442023151515633872e-01 4.430842415377251875e-01 4.215924833120766602e-01 4.050154919272215270e-01 4.034794961157776028e-01 4.416152493806982937e-01 4.051207534626433682e-01 3.910318623653529779e-01 3.974766483348843860e-01 4.031722052834073033e-01 4.264791649921587657e-01 4.180452714386929114e-01 4.369576612850993858e-01 4.414630037377750282e-01 4.197119588322871797e-01 4.598290521121826679e-01 4.584652635324904524e-01 4.616881657621078050e-01 4.713210412797699811e-01 4.581658655103860167e-01 4.550336165695755275e-01 4.522974209806146506e-01 4.547183259224196750e-01 4.546211741212824453e-01 4.399298570689434418e-01 4.513888836523724524e-01 4.635319636897900497e-01 4.664774753901960724e-01 4.561075796293711515e-01 4.436625951195081186e-01 4.452760626260773291e-01 4.652880965439674665e-01 4.611868717165002463e-01 4.479575536730032725e-01 4.666015702980541024e-01 4.611067725943193141e-01 4.703828597444957849e-01 4.638213776120679310e-01 4.622786590292565223e-01 4.668547880849793219e-01 4.727245322295175467e-01 4.543134164090963378e-01 4.485274679575488865e-01 4.350772201783009163e-01 4.437782538537196064e-01 4.565947169616567103e-01 4.637014208129847659e-01 4.300292994680598446e-01 4.501184537155779042e-01 4.611010760857646162e-01 4.617703852042936985e-01 4.583881920330032944e-01 4.491227986285146190e-01 4.615448069231289918e-01 4.517436657180516901e-01 4.500389172477813893e-01 4.562639050693032550e-01 4.482318144740158883e-01 4.429378674955664619e-01 4.425213253007246328e-01 4.442706647260328823e-01 4.503282879166408126e-01 4.508062177438446061e-01 4.496739543149386176e-01 4.490296292358277319e-01 4.431134180615933227e-01 4.577681543365145767e-01 4.572039431600078974e-01 4.580538127455522912e-01 4.523235594352784106e-01 4.555445049458226037e-01 4.580419899246313542e-01 4.651994427612157756e-01 4.608859736269859120e-01 4.459070583043899805e-01 4.645808759603366478e-01 4.593332120611360869e-01 4.595870127513524972e-01 4.637281280352156254e-01 4.643686632375061962e-01 4.666007269475588859e-01 4.578203732645177992e-01 4.545928590792103208e-01 4.565093159638611287e-01 4.619191658414874002e-01 4.551184955886682926e-01 4.660296826584009455e-01 4.637419776175866759e-01 4.611195322848426481e-01 4.605716849394143608e-01 4.650190522979037455e-01
-1.211894192397186022e-02 5.154835569856133781e-02 2.540953239015070753e-01 3.472266104973758538e-01 2.859667584189275469e-01 1.000000000000000000e+00 5.102022168040947214e-01 4.400312806473113958e-01 4.992359230479974097e-01 3.978330853122068467e-01 5.347598829076930516e-01 5.638485885718901303e-01 4.779611953871046870e-01 4.217389428297586007e-01 5.453049650494115053e-01 5.377787239675075881e-01 5.064370535415005925e-01 4.041533000375973073e-01 4.432653897845564850e-01 3.923472902890893788e-01 4.095437707189444332e-01 4.807771640759959109e-01 4.253874117875303118e-01 4.364181355107877858e-01 4.385306268926021933e-01 5.000493057737223079e-01 5.085076370137532331e-01 5.105689492061840085e-01 4.591363329209413591e-01 4.665478114467837001e-01 5.281892837363477700e-01 5.236170508858999373e-01 4.788570703778950444e-01 5.199656626182198593e-01 4.728794433099232641e-01 5.415093427435455631e-01 5.228178983574652827e-01 5.408887500727407316e-01 5.432601239805127102e-01 5.479288782688920278e-01 5.771746676892982597e-01 5.623768744701816980e-01 5.730507589506009802e-01 5.729237458874388844e-01 5.791443319835313241e-01 5.528770290467454052e-01 5.811725833745238212e-01 5.741152885185850652e-01 5.741830249128999641e-01 5.543737700542502589e-01 5.739825801690268126e-01 5.691034539020189964e-01 5.762568536578365208e-01 5.578299659873265925e-01 5.533198466989013298e-01 5.638603717618019262e-01 5.660678283908616715e-01 5.677356234747549246e-01 5.686242099356572099e-01 5.776502050681899814e-01 5.814584843720554952e-01 5.671111066974798831e-01 5.718831810480953237e-01 5.682223450401137077e-01 5.636879231011593383e-01 5.767766875005966298e-01 5.809727607216217393e-01 5.687979473928667096e-01 5.536734629466734114e-01 5.645456104778614481e-01 5.747039005400662592e-01 5.739062265242006466e-01 5.589505447288694029e-01 5.598486099854901310e-01 5.668989609936632146e-01 5.742181854078223235e-01 5.663459950627481865e-01 5.515549430915159812e-01 5.641297256045187947e-01 5.540038027065180559e-01 5.640975205847928997e-01 5.748816670614688151e-01 5.677645408123005444e-01 5.562600938180508603e-01 5.692842888645901489e-01 5.755923124962729620e-01 5.771939827444035886e-01 5.707245398161104877e-01 5.687634500563552020e-01 5.656719482168947044e-01 5.744059311218639996e-01 5.827471810629467619e-01 5.886787714161562102e-01 5.772597798363104937e-01 5.799087758295424777e-01 5.794229694509570594e-01 5.854772823214239308e-01 5.722718395682041548e-01 5.854606974889018378e-01 5.788194213853352643e-01 5.867441755559188454e-01 5.782151783919630139e-01 5.853222528685542159e-01 5.826146021199057889e-01 5.877661023154809872e-01 5.824711148708724417e-01 5.810649958597549070e-01 5.719120150620219389e-01 5.722957949412439405e-01 5.831802130093929337e-01 5.736135276706718633e-01 5.834899526883459142e-01 5.799492855002754688e-01 5.821894257996793609e-01 5.775571696555329426e-01 5.846625348440871450e-01
-3.921744268906809244e-02 1.028757009233271513e-01 2.915956719500344962e-01 4.862835045263433909e-01 4.461708791419308762e-01 5.102022168040947214e-01 1.000000000000000000e+00 6.797194950903208133e-01 6.340965923556673989e-01 5.296088919638822778e-01 6.910475752137359429e-01 7.705154509713705302e-01 6.724466912272346608e-01 5.493116732724365736e-01 8.082131693009679818e-01 7.758207014767414256e-01 6.255330735591859703e-01 4.286750060043965638e-01 5.208331398393694078e-01 4.293494166404102641e-01 4.094718140778478843e-01 5.634732810609898168e-01 5.061839500842673090e-01 5.100433270915225581e-01 5.154137720575010517e-01 6.263809562453643842e-01 6.348651725003228163e-01 6.600425189573626561e-01 5.767702504089737836e-01 5.791563316867430755e-01 6.651183306493950731e-01 6.544782075636724761e-01 6.093355397816774266e-01 6.487459229214134204e-01 5.981697865012521875e-01 6.717365992773595140e-01 6.554610530536492119e-01 7.324263970643213328e-01 7.109717454072425058e-01 7.241583570207751341e-01 7.569998286843365731e-01 7.592744407638883919e-01 7.496361307672491092e-01 7.688654903471680013e-01 7.372775545127341346e-01 7.318807431924184703e-01 7.731435833583900630e-01 7.593761162507813856e-01 7.702412916432569423e-01 7.235177223090136778e-01 7.629964737743909486e-01 7.443100398510019700e-01 7.707876900819982113e-01 7.372848627068175897e-01 7.235108991876629814e-01 7.414242099884990056e-01 7.454746738314295129e-01 7.561284086593642595e-01 7.553525492272146202e-01 7.657828917614030173e-01 7.717717032894428897e-01 7.606052834352038383e-01 7.631610255773630946e-01 7.719191108054747064e-01 7.333655762908932729e-01 7.605622765383600603e-01 7.657356591728251560e-01 7.300798656078629767e-01 7.124455181379034663e-01 7.128048390613106466e-01 7.275139302924857887e-01 7.439582435265954530e-01 7.171851562294752069e-01 7.218902932062297717e-01 7.469961496430138626e-01 7.505007445361482343e-01 7.522309455291416036e-01 7.248078389377272668e-01 7.397630028276844794e-01 7.245931548038661019e-01 7.340187285672866713e-01 7.490663291233261578e-01 7.403891652628852293e-01 7.244612558197036645e-01 7.479837040369284873e-01 7.507175016932495781e-01 7.498282592430542959e-01 7.660766162697532078e-01 7.544557537785440138e-01 7.446597831240768794e-01 7.586103544316875613e-01 7.737968949146475373e-01 7.742205050532648958e-01 7.695921077197991345e-01 7.760672896303527635e-01 7.741118128481334626e-01 7.736995521099682138e-01 7.600484861816182436e-01 7.792878603545491112e-01 7.699104428459606630e-01 7.758291282156845048e-01 7.656936601127318776e-01 7.788151573355583945e-01 7.796656367255387909e-01 7.698590294419562774e-01 7.639463833287868377e-01 7.733663944820616809e-01 7.604171603728621109e-01 7.577300983404785528e-01 7.725009437485079733e-01 7.641624547034351345e-01 7.743167238623012150e-01 7.710681949143437519e-01 7.752505585202963401e-01 7.600250393841053720e-01 7.734961862510426611e-01
-2.953241555194776810e-02 8.856192584356628594e-02 2.808538188135514813e-01 5.260379838703826971e-01 4.210953238795282494e-01 4.400312806473113958e-01 6.797194950903208133e-01 1.000000000000000000e+00 6.006476987209543594e-01 5.117700549047135006e-01 6.644812342608713562e-01 7.443679075871482143e-01 6.596917129945358838e-01 5.395978668102882070e-01 7.461336173124266669e-01 7.843349118609356241e-01 5.934169945736115226e-01 4.492054068048655924e-01 5.204200978931106114e-01 4.222449532922726290e-01 4.390601033266725017e-01 5.540490032099020246e-01 4.782408244262313368e-01 5.041846268647313112e-01 5.146926849896442668e-01 6.039234903037971058e-01 6.011504451034216379e-01 5.979562409055616534e-01 5.439919279855555123e-01 5.552140045188344031e-01 6.213354322219397652e-01 6.345314836597550912e-01 5.595512419648898117e-01 6.327797756116972927e-01 5.766757226102277034e-01 6.488623671129254422e-01 6.110772897195679842e-01 6.988425812239442703e-01 6.814964077109192386e-01 6.767871394290004838e-01 7.169877993334541344e-01 7.117448613983751171e-01 7.109044143765572699e-01 7.304437536235619532e-01 6.955334442334567546e-01 6.988529610879917753e-01 7.361641674090264598e-01 7.233572411761040044e-01 7.399026046722828598e-01 7.175535849816748746e-01 7.299056849681176962e-01 7.244599203881610938e-01 7.415760779244865430e-01 6.975172048173641226e-01 6.943028072904180448e-01 7.006332000111382685e-01 7.171869341296803757e-01 7.218881122210070167e-01 7.272197153722941287e-01 7.309367141643726695e-01 7.448514350035210230e-01 7.296419434900028866e-01 7.331636985062942591e-01 7.384194797812789757e-01 7.045567542611318457e-01 7.301209065985921898e-01 7.265288487805315887e-01 7.029923461100066051e-01 6.870818755411447487e-01 6.878357727247114140e-01 7.068021951277786430e-01 7.099356620193568723e-01 6.927473497986313955e-01 6.921208909322598135e-01 7.129149952928978129e-01 7.130484457755861261e-01 7.067727615226648830e-01 6.899838186842637278e-01 7.032995439705448382e-01 6.983990283832345325e-01 6.984301771503064193e-01 7.074891081137496540e-01 7.087303269707031506e-01 6.860880902851369534e-01 7.237136668743114898e-01 7.246045104508980206e-01 7.102642194439751089e-01 7.303595885531510845e-01 7.211893489956953118e-01 7.073209770156116960e-01 7.119031381048841478e-01 7.340315374441505059e-01 7.323088734972525993e-01 7.302035121682242114e-01 7.366377409845660251e-01 7.366009500536370158e-01 7.452896240667862271e-01 7.436440852831746051e-01 7.482373809725698655e-01 7.348059231690772242e-01 7.418943834577217400e-01 7.370059751673554427e-01 7.460725107129551059e-01 7.422852112319483497e-01 7.442144832374736341e-01 7.321490712907163800e-01 7.427905018948256499e-01 7.216241687723624620e-01 7.222450130741985275e-01 7.373817729784706287e-01 7.277947454176707520e-01 7.365053661746032709e-01 7.366804018173601643e-01 7.424566302507693560e-01 7.267809733970862496e-01 7.385557208562181231e-01
1.482918974736491258e-01 1.634297413691555567e-01 3.600500382454250858e-01 3.854420900147831897e-01 4.128763711021217198e-01 4.992359230479974097e-01 6.340965923556673989e-01 6.006476987209543594e-01 1.000000000000000000e+00 6.622047785985354373e-01 7.664514958624168983e-01 7.478508389851159510e-01 7.113411456087308515e-01 5.783454512896292199e-01 7.950380046200248296e-01 7.707024435360809722e-01 7.593674614789371891e-01 6.391916241267441290e-01 6.629006968323066795e-01 5.430073587410055858e-01 6.055159411670749670e-01 6.889395684392832786e-01 6.806953559020350042e-01 6.646671118013184332e-01 6.712781957410248745e-01 7.932080492618692746e-01 7.932094857253004783e-01 7.985063295010712547e-01 7.609380420088905916e-01 7.707173382474886703e-01 8.083654805664187704e-01 7.915154675548167207e-01 7.762935175826624068e-01 7.703289071605483596e-01 7.913442135433016444e-01 7.570718435550144454e-01 7.898112754238920674e-01 8.152347452296014874e-01 8.327500605447744064e-01 7.800651604767624425e-01 8.276329694143019777e-01 8.241040019982673881e-01 8.112718700560367369e-01 8.313286936208893474e-01 8.197897054698954911e-01 8.331658654872963199e-01 8.413077247743363518e-01 8.577323149006660374e-01 8.379522243010720794e-01 8.129116815833857812e-01 8.304887357390063896e-01 7.996693930690945695e-01 8.228941829356601900e-01 8.611134444332466664e-01 8.436856367893391662e-01 8.406318445590339472e-01 8.416042893154842552e-01 8.446570959128826273e-01 8.426797976320680172e-01 8.504034176515692378e-01 8.393818656353323471e-01 8.558213875400020321e-01 8.478804669022868001e-01 8.394045028258227958e-01 8.522287308792036997e-01 8.485249663608491755e-01 8.479859370611276814e-01 8.456933550958989354e-01 8.430713685090270859e-01 8.196885146336008177e-01 8.264380754907492133e-01 8.432991074255212771e-01 8.213789423957810198e-01 8.320454693995226192e-01 8.537336258895242835e-01 8.540779468743153746e-01 8.473391658462158249e-01 8.430639533856312262e-01 8.457739255409002510e-01 8.468876770029332146e-01 8.478877159792110874e-01 8.492240572561968737e-01 8.557669251340604966e-01 8.499369719023484038e-01 8.379198024879103146e-01 8.379065129108318466e-01 8.368023166492323250e-01 8.432352713493838081e-01 8.470676352230911421e-01 8.520423467132083317e-01 8.300042443764897859e-01 8.415935417454377676e-01 8.370402792805119452e-01 8.448366279285018932e-01 8.427436445049309999e-01 8.518236427354463070e-01 8.279486818880059662e-01 8.372145423768785344e-01 8.375408415219448566e-01 8.320630539024115313e-01 8.389870894339502838e-01 8.480313309454948767e-01 8.398489798521771021e-01 8.411815313377163372e-01 8.416653630358829075e-01 8.537166393571977707e-01 8.465212123491709928e-01 8.567829153162346278e-01 8.574642445725046969e-01 8.508405288808190692e-01 8.512763984533912032e-01 8.515860739287385295e-01 8.543037392259811291e-01 8.477001400306386492e-01 8.551770588063224432e-01 8.475356549824437646e-01
9.352770897671169870e-02 1.949516549810774158e-01 3.042494225235173322e-01 3.193740914401089204e-01 3.511523381775768504e-01 3.978330853122068467e-01 5.296088919638822778e-01 5.117700549047135006e-01 6.622047785985354373e-01 1.000000000000000000e+00 6.381591415666179046e-01 6.261478931607848963e-01 5.757425916271491362e-01 4.982017518984873661e-01 6.608076323045724010e-01 6.498088673507286250e-01 6.071269552961592320e-01 5.397728161143994230e-01 5.628298610560288351e-01 4.496173464920609208e-01 4.994119853658081643e-01 5.720263171600420415e-01 5.775539415006067934e-01 5.710601060766602455e-01 5.727075608898615222e-01 6.760846894964004372e-01 6.690209774537465570e-01 6.797179466515347324e-01 6.484583408293043139e-01 6.550702247741972961e-01 6.933823693542319200e-01 6.629081844334934193e-01 6.509585754176095973e-01 6.443776315659551779e-01 6.577113222197835674e-01 6.321203030387002597e-01 6.601773365629246548e-01 6.905095599472425016e-01 7.030411245069960735e-01 6.761526122211777290e-01 6.982749074441967352e-01 7.005797697180944361e-01 6.830052467034444241e-01 7.018248539708695777e-01 6.854760823295534822e-01 7.092141176840954797e-01 6.965531511767194539e-01 7.153290387237452030e-01 6.980602282328706165e-01 6.667063213394327503e-01 6.898378914776691628e-01 6.424877062912471848e-01 6.756478717841419845e-01 7.132439696912945548e-01 7.065142581052911153e-01 7.144889265863355599e-01 6.860537327018985110e-01 7.044205824307104846e-01 7.062601769587892875e-01 6.984933081059240267e-01 6.883218753845402604e-01 7.037660500438577271e-01 7.055459075637150468e-01 6.930919985442089981e-01 6.900626099915848632e-01 6.841206776933228539e-01 7.002413124539450529e-01 7.039142206483101072e-01 7.038040365165456613e-01 6.819066219367604376e-01 6.894151498797524980e-01 7.041077296636478744e-01 6.854212790979515857e-01 6.974762316082908642e-01 7.149370281526602477e-01 7.108592298275108190e-01 7.111181859888530132e-01 7.047239932845051902e-01 7.133132301922134877e-01 7.135704439749005479e-01 7.072987759333263513e-01 7.144206034904553304e-01 7.103805984205872059e-01 7.079085613803988153e-01 6.982900260362607803e-01 6.971413946254729765e-01 6.967714806106272141e-01 7.065845838309108284e-01 7.103318545461071443e-01 7.159040458047052358e-01 7.014646369377703916e-01 7.059481518389812971e-01 7.009521218174659118e-01 7.092430350099158121e-01 7.002295515728499398e-01 7.081371608979002419e-01 6.865269557376999510e-01 6.855252698936220579e-01 6.945527693013977544e-01 6.950395554071659987e-01 6.963407506160799176e-01 7.024806212396937921e-01 6.914722352524209636e-01 6.987177722961179782e-01 6.922582547331816993e-01 7.000992979110335357e-01 7.025626612407589455e-01 7.137048437535251644e-01 7.168231521024507336e-01 7.026422686915343441e-01 7.105524401733556150e-01 7.012229135528774693e-01 7.069490893665832942e-01 7.011053718735809070e-01 6.991267141112327277e-01 6.951012204897913938e-01
8.330092326699695127e-02 1.062837498487719939e-01 4.092547115276607417e-01 5.273137491050106096e-01 4.201377658012422356e-01 5.347598829076930516e-01 6.910475752137359429e-01 6.644812342608713562e-01 7.664514958624168983e-01 6.381591415666179046e-01 1.000000000000000000e+00 8.402656469988962762e-01 7.406159028196597216e-01 6.161973060073214770e-01 8.365117625389694167e-01 8.216172076415153569e-01 7.908417710246417043e-01 6.826100791769039722e-01 7.242261520366594096e-01 6.416025413197766758e-01 6.546074084883056754e-01 7.637802628934267091e-01 7.180424297657844734e-01 7.371382217174091700e-01 7.372007015411098374e-01 8.036199546713919117e-01 8.236290595054281960e-01 8.066082033584678346e-01 7.446662947859873372e-01 7.853286879793082154e-01 8.531990023019511149e-01 8.517636875514541517e-01 7.849938972695857942e-01 8.396253128399109311e-01 7.963094427104611128e-01 8.443406859004188858e-01 8.463616928938185735e-01 8.489870408937310042e-01 8.651458531135792773e-01 8.500794693337573316e-01 8.796953523239890993e-01 8.631136270468383609e-01 8.691892464905551785e-01 8.822289187318183012e-01 8.833204717940293937e-01 8.669862791812404934e-01 8.789606981260646990e-01 8.777348318609434763e-01 8.698618090089532684e-01 8.563699613187331083e-01 8.714494732052314729e-01 8.626324434131450447e-01 8.655723999351782050e-01 8.611376583100986970e-01 8.484442060297875399e-01 8.713631552987575191e-01 8.616867688186415908e-01 8.679623364117042827e-01 8.705815466457460516e-01 8.767858865878770391e-01 8.728632944541976357e-01 8.724853429908814295e-01 8.693351405428084711e-01 8.740829786293712322e-01 8.702083025926027338e-01 8.765166643262364277e-01 8.825670163273415803e-01 8.820190530309706123e-01 8.786501358382357019e-01 8.807440144525128245e-01 8.873674443026002834e-01 8.875135495480099834e-01 8.819896896836135758e-01 8.796172971452295153e-01 8.793889672592256623e-01 8.833194103341132086e-01 8.728645122196888595e-01 8.602833977477502003e-01 8.742319229819628390e-01 8.729115193347196655e-01 8.791805886636517853e-01 8.857934658570220110e-01 8.868481696032289863e-01 8.734766981670794017e-01 8.844843026017040755e-01 8.902085336544812710e-01 8.921662336193466603e-01 8.763569920271035985e-01 8.817654452071091997e-01 8.774444019633206304e-01 8.836107004029924994e-01 8.826330271716021914e-01 8.878809545158876659e-01 8.841268695295372293e-01 8.785360835750025688e-01 8.824704821301866398e-01 8.739573357114279739e-01 8.720271210665084816e-01 8.802889264085989041e-01 8.791268290135934027e-01 8.799500545171091703e-01 8.757024659348084938e-01 8.800004343320136924e-01 8.813754804757286676e-01 8.929036915639640970e-01 8.772400214307130017e-01 8.822622735530949445e-01 8.759485154827890696e-01 8.782800126252017225e-01 8.802412938198304060e-01 8.760555690397295869e-01 8.815510625795566213e-01 8.813409964118643636e-01 8.815432682245694096e-01 8.839334701746669465e-01 8.842953950537477681e-01
-4.081428075862984783e-02 7.948835668136892962e-02 3.673063506510167997e-01 6.431878960685701863e-01 4.397129863407823747e-01 5.638485885718901303e-01 7.705154509713705302e-01 7.443679075871482143e-01 7.478508389851159510e-01 6.261478931607848963e-01 8.402656469988962762e-01 1.000000000000000000e+00 7.810094721892107961e-01 6.277999916938055147e-01 8.860958262985012546e-01 8.956115601474403665e-01 7.635513806773850387e-01 5.799325239994342907e-01 6.512046511640108282e-01 5.758714312656888490e-01 5.823570140895016900e-01 6.966717234054798924e-01 6.232771579559585051e-01 6.382293156334432060e-01 6.492706157640492082e-01 7.454504255997942419e-01 7.702015244538960026e-01 7.560677265128871172e-01 6.676570906903667169e-01 7.177795847554570008e-01 7.956297761549836478e-01 7.941932752286937625e-01 7.150771017219192949e-01 7.806675258644502069e-01 7.262582318820133276e-01 8.172195767641828867e-01 7.916013587907483329e-01 8.393510946357382041e-01 8.376760073595321821e-01 8.486263760298677905e-01 8.976597559597306875e-01 8.740544117201438645e-01 8.778206135168066249e-01 8.949773944256043112e-01 8.844204140215232712e-01 8.507195555501307904e-01 9.065503500834646289e-01 8.977728223355099235e-01 9.011849846669280906e-01 8.610796358656139793e-01 8.911393740961016663e-01 8.879011705245639652e-01 9.067234129785610719e-01 8.686477099136216129e-01 8.506570731202836022e-01 8.698024131827202243e-01 8.823985793778795772e-01 8.849937988921008358e-01 8.857358420406388211e-01 9.077166467012227624e-01 9.062468038596339648e-01 8.938912693651273056e-01 8.881732577544241281e-01 9.036792950666553415e-01 8.780331824393928786e-01 9.038791021507435186e-01 9.051805603644652587e-01 8.725687088251974366e-01 8.545962963068383100e-01 8.736094869115085260e-01 8.753126850755530430e-01 8.832945743996244437e-01 8.648995206129951319e-01 8.606922807967636313e-01 8.816982089623026653e-01 8.870594939798630563e-01 8.725537438667937407e-01 8.458863761079935539e-01 8.637624250012133631e-01 8.658169005768526771e-01 8.744355164495669630e-01 8.838951173896973934e-01 8.814143287738597232e-01 8.603044794484102642e-01 8.877598517269934542e-01 8.896827314339940118e-01 8.914197596344575203e-01 8.896913695567852942e-01 8.859925266013221057e-01 8.761160130410191593e-01 8.908842100040068601e-01 9.029055874423588257e-01 9.101589606229827378e-01 8.997923819654112254e-01 9.076222651596308477e-01 9.079861448978188143e-01 9.041283738230028177e-01 8.979441096896810803e-01 9.087805173174015039e-01 9.003797402691704477e-01 9.075999597375575823e-01 8.967415348625243920e-01 9.185326339148233155e-01 9.112109485369997985e-01 9.134177781165307985e-01 9.023179609733532613e-01 9.086636630365518830e-01 8.897406337018095579e-01 8.874189257052023105e-01 9.054102537187855848e-01 8.879396015533245201e-01 9.120913516274176125e-01 9.040361173867746958e-01 9.092681393520944955e-01 9.023913775497678369e-01 9.145378308014701085e-01
-6.924344373363787181e-04 9.717553795916354653e-02 3.126055800737940760e-01 4.778755697235614885e-01 4.266530176368559246e-01 4.779611953871046870e-01 6.724466912272346608e-01 6.596917129945358838e-01 7.113411456087308515e-01 5.757425916271491362e-01 7.406159028196597216e-01 7.810094721892107961e-01 1.000000000000000000e+00 5.672060267251689547e-01 7.958918529001053344e-01 8.078583934004099909e-01 6.939691620448432685e-01 5.542573305783524695e-01 6.069116318736668125e-01 4.935958385402998694e-01 5.268385149294008141e-01 6.360559789138182651e-01 5.834937571936821277e-01 5.886365026062029271e-01 6.073625508019808716e-01 7.105120582835355858e-01 7.139859749728723060e-01 7.189880521185294526e-01 6.682702017577223375e-01 6.845199059079750681e-01 7.394390249296050044e-01 7.171188330999908045e-01 6.857529948463240155e-01 7.067964323872366617e-01 6.990556459816439361e-01 7.240089153068480776e-01 7.261815515612455307e-01 7.733489570026474969e-01 7.802099872325707342e-01 7.637504178678974354e-01 8.082067883839034739e-01 8.031241883932429548e-01 8.011341962571091324e-01 8.166965842315270230e-01 7.956416934846591849e-01 7.958714773683795984e-01 8.197501702583392946e-01 8.226296418519011278e-01 8.160246622445458398e-01 7.762024136284880749e-01 8.096080948987720571e-01 7.928986201436225567e-01 8.206073898499712804e-01 8.039919045626074956e-01 7.836986415344943113e-01 7.934277886239049504e-01 7.993335852558864918e-01 8.111280006274008691e-01 8.069521226060987207e-01 8.297228304206920591e-01 8.248217439345498780e-01 8.216491191460421062e-01 8.117154275532367791e-01 8.251848918084411233e-01 8.064013394428274362e-01 8.192703005119672532e-01 8.234422203703454235e-01 8.070568251235731294e-01 7.871811659010891082e-01 7.860947664581642291e-01 7.944246274325402757e-01 8.096608645925715830e-01 7.853664993239464209e-01 7.910787614041993043e-01 8.143485186229934003e-01 8.150153862211355626e-01 8.083847756839774856e-01 7.987067041917448318e-01 8.035989037804680546e-01 7.995104263772666586e-01 8.053265891570052792e-01 8.122229638855787970e-01 8.100041031806317626e-01 7.967314422741685886e-01 8.036593916794233516e-01 8.068819844778545303e-01 8.087899793478785515e-01 8.161681718736806257e-01 8.143714961023332810e-01 8.094187114136908168e-01 8.071409203375684571e-01 8.243533654285536416e-01 8.258277675676193308e-01 8.238032976211449032e-01 8.263584219715360835e-01 8.278223511258214762e-01 8.159138193781724224e-01 8.120212712882868278e-01 8.235779595955700083e-01 8.169806048722824121e-01 8.300372728681711942e-01 8.198125187430470584e-01 8.313346390122341445e-01 8.309505477454102174e-01 8.261387241956674732e-01 8.229265529509411925e-01 8.237544425247678159e-01 8.212656139304369551e-01 8.180022899006682557e-01 8.261500612104591967e-01 8.151063226576810150e-01 8.308018054020185339e-01 8.273673706580406684e-01 8.305230933215889122e-01 8.237351702667861097e-01 8.284937165645143153e-01
