1.000000000000000000e+00 1.954290858398842756e-01 1.089668014831413623e-01 1.204514086715261362e-01 4.046816236262419653e-02 4.116414389767136112e-02 6.057402337507278300e-02 3.400462279841778845e-02 2.111284353598350816e-01 1.030594478352501175e-01 2.258887249368916883e-02 5.063997957557443003e-02 1.910950890898166499e-02 2.043082127669519372e-03 3.143960627921337653e-02 2.113159120343137062e-02 1.511377619034715014e-01 1.403368793042391593e-01 1.041254221666098462e-01 3.697139939803863878e-02 1.321709085201796807e-01 1.249934067066045401e-01 1.339985011569095330e-01 1.371831065682022899e-01 1.262031005713188103e-01 1.297298488187376697e-01 1.112396193538516403e-01 7.337292904451495068e-02 9.286497589297910971e-02 1.203725382042964837e-01 9.233249664921554245e-02 7.254152109038745910e-02 5.995499579378536087e-02 7.792628474395808802e-02 9.064067413249907168e-02 4.544214406276941842e-02 8.344800455477444090e-02 1.656354135519849669e-02 5.578996642838425501e-02 -1.282960780584421756e-02 2.935214771841423986e-02 -8.942836782482397467e-03 6.113734677407828624e-04 2.589554135618286901e-02 3.751406293285800692e-02 1.475689810300025682e-02 1.914415478335210544e-02 3.774009026962442392e-02 5.052250709752859753e-02 4.632458145263345511e-02 1.408907327171137966e-02 5.630086454026197312e-02 3.966245403001955605e-02 4.545748075687879031e-02 2.174268997215601101e-02 3.154454615905290943e-02 6.458957800897473234e-02 -6.989508226334522917e-04 5.257577285029714498e-03 4.877494768538235409e-02 1.475734683808822140e-02 3.304161668929389561e-02 1.943894485244594683e-02 4.837927208744567664e-02 9.894881225729638963e-02 6.300981507073662169e-02 4.103695083522576614e-02 3.318819149604980423e-02 4.006552858137851780e-02 2.940885338549766720e-02 4.138693820064769102e-02 3.981583982067524868e-02 5.247926841164804457e-02 5.943991643285236742e-02 4.895209212369162899e-02 3.892550691962817083e-02 4.037360487014286098e-02 4.053932773499821507e-02 3.535575112349717553e-02 5.589492849797201429e-02 6.400972974284702133e-02 3.435099592511886568e-02 5.743348639319095783e-02 5.174276562279858660e-02 2.837842802271601725e-02 3.889532101615627430e-02 3.053966201074231196e-02 1.033175797669871193e-02 1.854496666004502858e-02 3.358104903280173525e-02 1.318819639547291582e-02 1.543089918079330186e-02 1.951355590870152562e-02 1.032165977968505649e-02 1.409970995391910190e-02 1.961185532311333912e-02 1.663686639432326170e-02 6.902760017763104328e-02 1.413859635770221834e-02 1.709370673076199276e-02 -8.843133620327722766e-03 1.799595745831996871e-02 2.253600560832500974e-02 1.139393990891598117e-02 2.429447385382954919e-02 4.417540076004401045e-02 3.092954000347895513e-02 2.520567596650781506e-02 1.875529342690272772e-02 2.188353696057569048e-02 6.767981567165296669e-03 3.298638228421268970e-02 1.864873628429687333e-02 2.522984318163281822e-02 5.629443623408251357e-02 4.735577115015836974e-02
1.954290858398842756e-01 1.000000000000000000e+00 7.986454693278895178e-02 1.250759100825882819e-01 5.003447123687956161e-02 8.891426767390735175e-02 1.769473993749354213e-01 1.178811438525535771e-01 1.957686233291386912e-01 2.341878076291273592e-01 1.394507945234589319e-01 1.471576349518343152e-01 1.115671523178034114e-01 1.178301448840098076e-01 1.718649626863673063e-01 1.361794012419192124e-01 1.804285402584172582e-01 1.746678432172909801e-01 1.657919000459651682e-01 1.310836496363283754e-01 1.487110139223433991e-01 1.327350394158816893e-01 2.049008842275396314e-01 1.639031528866606857e-01 1.161847716074966841e-01 2.115489227941770023e-01 1.901605361564338015e-01 1.848012246952693560e-01 1.965038034424392011e-01 1.815139546388191139e-01 1.748610172406782903e-01 1.907969238923536426e-01 1.769226013768339378e-01 1.857664858036907340e-01 1.743303290525921034e-01 1.423673677439366569e-01 1.593266101651227284e-01 1.558613562185952317e-01 1.595294102835690120e-01 1.330135584439425256e-01 1.674255020204478972e-01 1.407382821330537270e-01 1.232551894815019089e-01 1.406974192737933393e-01 1.537240088932982085e-01 1.454469176952405129e-01 1.431202480087163664e-01 1.698267753565060878e-01 1.634563286975840302e-01 1.443209428211677803e-01 1.433023011372494548e-01 1.168067521150117360e-01 1.463515431683721224e-01 1.785399705693848094e-01 1.695240267021747571e-01 1.836587905380996644e-01 1.633050401737695945e-01 1.393794670132401103e-01 1.517834496579854586e-01 1.641696110215775661e-01 1.361418286589679838e-01 1.585626796019777296e-01 1.440669965288770560e-01 1.542870392669788426e-01 1.712128683758231962e-01 1.564826138923760823e-01 1.616288747880977317e-01 1.569995524416691046e-01 1.709363693746346891e-01 1.494936044631397232e-01 1.479595767720424948e-01 1.464035799879801480e-01 1.631604399790333171e-01 1.376667726258068158e-01 1.702711499546699092e-01 1.629224514060621520e-01 1.700977564682890353e-01 1.688542269892628900e-01 1.614987794752854589e-01 1.635019662558036269e-01 1.625844496453758281e-01 1.574369368159660165e-01 1.774482613447669888e-01 1.774089875514697767e-01 1.550603380869509662e-01 1.677903170555951062e-01 1.573927435630847194e-01 1.516305486775889888e-01 1.523846511658744074e-01 1.694988175841996569e-01 1.555600936777602195e-01 1.468841929387167122e-01 1.443800077149824668e-01 1.449274009315544010e-01 1.472657291641763233e-01 1.569829020297738020e-01 1.233703828906215910e-01 1.505444324816309076e-01 1.426510506603902995e-01 1.419808024376738587e-01 1.269260834131554216e-01 1.436654047105290211e-01 1.380556906129243311e-01 1.324026530911432964e-01 1.345258979666624499e-01 1.560874460716670242e-01 1.558199011260627820e-01 1.612076372597551488e-01 1.594553210875148674e-01 1.422423575196243017e-01 1.462511691401958969e-01 1.548998871744205752e-01 1.510023413371701373e-01 1.464150006248864377e-01 1.568145362568894030e-01 1.581121695818686612e-01
1.089668014831413623e-01 7.986454693278895178e-02 1.000000000000000000e+00 3.311336231711533573e-01 1.928601875143814426e-01 2.300295507210253498e-01 3.596850574227237196e-01 3.066141222365512675e-01 3.237676940507785428e-01 3.129516869222636610e-01 3.529732536831259870e-01 3.735045014525268381e-01 2.799576927834449558e-01 2.768224745897910344e-01 3.574041750517475413e-01 3.553729535317572408e-01 3.170085661492126339e-01 3.895115740366095758e-01 3.738643228617558045e-01 2.654165696259713769e-01 3.764334440390864622e-01 3.904788901045878613e-01 3.907579515320012131e-01 3.819641751967484122e-01 3.752195393305711724e-01 3.941289088460837031e-01 4.087881991030251627e-01 4.019691022405328940e-01 3.947856687629727190e-01 4.062887643070605126e-01 4.068661567745739394e-01 3.726323838157411528e-01 3.708610108025732766e-01 3.732700080073472759e-01 3.592371765935956085e-01 3.434577996324059690e-01 3.803960789362264561e-01 3.621811681876407896e-01 3.641973361308508128e-01 3.540146372651145068e-01 3.764723250913992736e-01 3.728492922146820487e-01 3.392718913423272697e-01 3.625116378906363956e-01 3.732198162159168220e-01 3.726534145780635576e-01 3.585846383585588049e-01 3.628024637783426321e-01 3.487305405914530310e-01 3.395227486889181301e-01 3.524430748414093539e-01 3.429363188937014084e-01 3.601224838045837817e-01 3.546164729267651250e-01 3.571221659668165627e-01 3.705704267261971663e-01 3.416733699057232787e-01 3.616926105899209154e-01 3.600137186107085774e-01 3.492520502844785324e-01 3.558161508771648385e-01 3.570057561838442806e-01 3.631749367027917730e-01 3.478563532090087063e-01 3.593437757876251637e-01 3.566695364045468497e-01 3.636419213520880600e-01 3.835236320826975742e-01 3.791113940003190130e-01 3.712679123359132749e-01 3.831832984842616363e-01 3.824731431552275129e-01 3.870147194914316802e-01 3.863414639456230204e-01 3.800358097717396744e-01 3.785292069142418558e-01 3.905979900455393561e-01 3.905512728833795966e-01 3.830022532145697656e-01 3.874782754240237992e-01 3.819591756364470458e-01 3.839165056382218277e-01 3.720223189844784062e-01 3.802686383518197322e-01 3.672253878994802267e-01 3.704494239114906051e-01 3.684784915377727899e-01 3.673916214466523278e-01 3.644610262557205771e-01 3.721134757698804640e-01 3.736349360858552404e-01 3.725772966121574381e-01 3.683086528963500084e-01 3.704536227927544001e-01 3.583176347277259310e-01 3.607988395391025227e-01 3.484702843931637983e-01 3.459206270083419743e-01 3.569525923167490844e-01 3.572756976135707530e-01 3.544685700822861607e-01 3.605904257655889178e-01 3.616155647148197039e-01 3.602700565206179428e-01 3.542283835797923053e-01 3.541389374175295535e-01 3.569039762896902834e-01 3.641361643489414712e-01 3.664715030080125668e-01 3.605925238477219463e-01 3.668843432132907201e-01 3.558044222989695804e-01 3.590117134270251475e-01 3.524652587585861974e-01 3.572139283065792204e-01 3.555262933249647705e-01
1.204514086715261362e-01 1.250759100825882819e-01 3.311336231711533573e-01 1.000000000000000000e+00 3.486266343854126926e-01 3.725480484890756894e-01 5.488791527661767145e-01 5.369106898316807763e-01 5.177196861335614519e-01 4.721733335125904429e-01 5.418418938216913450e-01 6.318539195736418979e-01 5.059354964237466890e-01 4.106033947480706159e-01 5.923220404427885777e-01 5.873136096491425873e-01 5.258918570860986463e-01 5.412715128326500702e-01 5.145106728568609178e-01 4.980300476604394566e-01 6.073334129019809513e-01 5.703232219033690376e-01 4.843635139109307985e-01 5.114087595931703367e-01 5.150755531059595382e-01 5.228394531429164660e-01 5.655304433160519562e-01 5.191105670406866990e-01 5.171059744806314473e-01 5.261020317106882560e-01 5.694383790402133272e-01 5.574882485030939749e-01 5.209930275876012429e-01 5.511784094657282695e-01 5.293878063263355305e-01 5.650719625552533820e-01 5.689134437032532521e-01 5.651275235686363807e-01 5.826883734927225111e-01 5.239484091189043902e-01 5.642903889355711522e-01 5.691261714441099295e-01 5.658384607188118309e-01 5.913356440451671414e-01 5.809608181103910196e-01 5.691093147342112246e-01 5.841689416549211700e-01 5.763025436723662187e-01 5.816289016417373059e-01 5.735745971668638754e-01 5.801529598292596290e-01 5.822730678623170286e-01 5.963708961123260766e-01 5.643896589498231808e-01 5.486079983426359608e-01 5.513691473860921066e-01 5.868417597787979334e-01 5.747525924560573651e-01 5.722312300049617884e-01 5.883287801625542990e-01 5.857582325251432520e-01 5.870746298794659035e-01 5.849275181990168937e-01 5.918386573394469607e-01 5.894741124106158692e-01 5.944107666691925695e-01 5.766516844537068476e-01 5.772538598996234116e-01 5.736572025260584518e-01 5.996053885051055854e-01 6.008917777603536292e-01 5.863314557495270529e-01 5.768974292084203537e-01 5.827347625309053925e-01 5.806690870848671970e-01 5.815979046062453861e-01 5.728851650911637172e-01 5.767473258394729685e-01 5.758040940554263187e-01 5.787995817526703224e-01 5.838768372155956898e-01 5.810999738149157379e-01 5.829823657380076574e-01 5.735099210780703061e-01 5.883584980049915147e-01 5.798407922509907220e-01 5.784923444282953353e-01 5.833106073099386668e-01 5.800774435188341682e-01 5.802553953530970032e-01 5.726966446846926129e-01 5.841204549457732487e-01 5.851537977244366528e-01 5.773464538378071387e-01 5.792882058539351453e-01 5.773247908730545497e-01 6.007753020845800762e-01 6.094330565184848947e-01 5.898911341632051553e-01 5.897910657071702145e-01 5.782641601480017490e-01 5.930319519004358941e-01 5.902109088155554906e-01 5.869408728864774494e-01 5.949318967056527185e-01 6.013964843644882263e-01 5.854038564928811805e-01 5.734589333110281517e-01 5.774326042543590498e-01 5.850596605383000526e-01 5.835207460306247595e-01 5.858550288704266196e-01 5.830623028594149604e-01 5.899480896766479132e-01 5.827373684090633166e-01 5.942885912105471125e-01
4.046816236262419653e-02 5.003447123687956161e-02 1.928601875143814426e-01 3.486266343854126926e-01 1.000000000000000000e+00 2.844438241395563227e-01 4.290222910886679619e-01 4.393718790776972027e-01 4.279273337381575004e-01 3.764910586227525613e-01 4.214607422578944829e-01 4.660918373396794601e-01 4.602774859788395512e-01 3.226862729597516077e-01 4.762212605094729434e-01 4.732106077391591836e-01 3.974547389785962337e-01 3.645627225788604653e-01 4.075973556235261142e-01 3.028060125250054968e-01 3.871514183951643706e-01 4.138156292121403235e-01 3.792980477147661622e-01 3.818216580972407792e-01 4.126601764237381453e-01 4.246950333756552842e-01 4.251859065940722382e-01 4.123865589953561450e-01 3.910392269886062144e-01 4.153326182443382586e-01 4.466851165638952015e-01 4.382374675504853156e-01 3.872444101755926349e-01 4.175058544567235019e-01 3.966483827808867657e-01 4.486240244242774566e-01 4.361665490146027224e-01 4.327860734641543750e-01 4.526014171855931578e-01 4.278054361082148649e-01 4.734397487689666617e-01 4.818544383470915182e-01 4.792571851039596487e-01 4.858397973075298526e-01 4.746937907614905972e-01 4.773656154178906874e-01 4.750722543448521740e-01 4.693992636922297290e-01 4.616445796212309549e-01 4.346681915099131488e-01 4.559555634224103926e-01 4.691626365295337719e-01 4.773205043092925148e-01 4.535002898075984890e-01 4.376136446060241436e-01 4.495315662590691486e-01 4.456064895555221228e-01 4.722973033711329593e-01 4.412884129107065290e-01 4.804737542968766650e-01 4.811529074762805891e-01 4.681684569623842385e-01 4.475627784733232084e-01 4.645961964537694833e-01 4.695572853684016335e-01 4.782254589035996872e-01 4.706924586411766476e-01 4.728204260333919162e-01 4.644731559333185600e-01 4.619668655434691074e-01 4.674171224176067452e-01 4.743127425095942096e-01 4.596057365287734009e-01 4.778776861221492034e-01 4.729239378885087830e-01 4.727976820332793206e-01 4.694082340683743970e-01 4.654434654657091386e-01 4.733253396858742024e-01 4.694796562157404485e-01 4.684870984814873962e-01 4.714956460299102314e-01 4.701017257349712208e-01 4.612926349855960839e-01 4.671511607153168710e-01 4.625483415949501742e-01 4.709595524718206971e-01 4.751619724501540687e-01 4.745716667538547595e-01 4.753492528415030338e-01 4.706467820781579103e-01 4.840799983047914257e-01 4.814689365539492893e-01 4.829301177667109091e-01 4.769389787336050235e-01 4.754541679984944369e-01 4.757633713105395290e-01 4.638520416539603786e-01 4.745817477239887561e-01 4.721692893061052998e-01 4.875743091985698108e-01 4.686046545474190084e-01 4.830649241134004623e-01 4.860663867334210630e-01 4.838323693346116561e-01 4.588917570615018704e-01 4.720321446789548236e-01 4.746607510376711914e-01 4.708946951739811926e-01 4.751111271894103427e-01 4.662093275319855179e-01 4.771735343669609164e-01 4.720871274262167794e-01 4.781598565557116931e-01 4.763750875843942856e-01 4.774344964232244415e-01
4.116414389767136112e-02 8.891426767390735175e-02 2.300295507210253498e-01 3.725480484890756894e-01 2.844438241395563227e-01 1.000000000000000000e+00 5.191812927053529592e-01 4.763009333309665139e-01 4.904412443206993544e-01 4.747152067456811841e-01 5.126618446940580665e-01 5.525256199400737644e-01 4.694460834002311400e-01 4.310227744314232834e-01 5.718356872291654458e-01 5.570574142956801200e-01 4.908392638787824058e-01 4.933586492572759608e-01 5.223755515313186493e-01 3.799786382734254286e-01 4.737706804843300756e-01 5.344893478010587229e-01 5.055997157795947272e-01 4.772580183012902766e-01 5.076494314632952198e-01 5.504795895584883025e-01 5.461372453756848655e-01 5.525111390600324635e-01 5.345374622276043430e-01 5.300658820618530109e-01 5.657850544142821736e-01 5.773614467084228208e-01 5.598677921596343365e-01 5.573015279391169141e-01 5.500569435256715822e-01 5.587842138769208988e-01 5.754706596805009289e-01 5.727007488945563551e-01 5.918670556206541145e-01 5.536642174222106139e-01 5.902968569250199860e-01 5.881910453831852292e-01 5.848171785313784898e-01 5.933508665843428842e-01 5.913453190163249218e-01 5.907836021867963749e-01 5.819999891207594533e-01 5.798126947859745250e-01 5.800961669460428238e-01 5.650509586479023350e-01 5.763098791606484639e-01 5.509449031035710265e-01 5.692076417271916267e-01 5.658435280223711450e-01 5.664619716867456134e-01 5.813462189673239688e-01 5.550329542833484231e-01 5.750746552343698470e-01 5.627391716481061623e-01 5.805657562309123332e-01 5.851380497387851376e-01 5.781561588776567007e-01 5.634204423389188587e-01 5.742638740609222747e-01 5.711301500835508360e-01 5.776633290181806268e-01 5.864319364113665944e-01 5.878723147633656554e-01 5.850221765928074191e-01 5.706927311769116606e-01 5.895270617797481183e-01 5.914364840085085673e-01 5.695809717634526814e-01 5.822255498161507115e-01 5.931609412859164543e-01 5.892893290167848797e-01 5.945349563173994989e-01 5.870447240514962139e-01 5.942840746731787860e-01 5.823075837655151687e-01 5.899611437565475125e-01 5.870486976389430733e-01 5.892390259639959105e-01 5.916133774885050656e-01 5.921673043309558793e-01 5.862385597887979083e-01 5.938203076383634649e-01 5.925832567456530420e-01 5.969085092730352926e-01 5.881012137734827894e-01 5.962673992051830130e-01 5.944501049579347107e-01 5.934450143295002533e-01 5.941926807898439966e-01 5.856826746298234854e-01 5.868664995675728635e-01 5.816186346324895284e-01 5.765312076295983079e-01 5.870517308785045962e-01 5.895608861793731892e-01 5.930168373088626765e-01 5.827193976278992604e-01 5.901564442314747305e-01 5.921243526863703144e-01 5.916514361907941888e-01 5.726621982706575631e-01 5.857543892641562389e-01 5.869200704774061306e-01 5.869877293524543571e-01 5.854329339263870668e-01 5.833884786077462303e-01 5.838458940164156230e-01 5.837469040230621742e-01 5.879113758282429325e-01 5.786115201850703382e-01 5.847741349334062422e-01
6.057402337507278300e-02 1.769473993749354213e-01 3.596850574227237196e-01 5.488791527661767145e-01 4.290222910886679619e-01 5.191812927053529592e-01 1.000000000000000000e+00 7.044865161468608639e-01 6.906894101885119319e-01 6.828073416598101630e-01 7.175794528232771752e-01 7.853367600494860490e-01 6.682895315911830947e-01 5.748005949519566782e-01 8.293129208006518871e-01 7.924406515927688854e-01 6.868859049066102784e-01 7.325792693280491763e-01 7.260933839668217704e-01 6.061524744000272857e-01 7.224539691637699157e-01 7.387616052414627266e-01 6.986421436502400217e-01 7.004737919109729205e-01 6.825656358891727393e-01 7.598123042667402904e-01 7.650943326717910553e-01 7.515654072743841452e-01 7.236379695970979187e-01 7.326392604840862299e-01 7.801145031557872311e-01 7.955868600129523127e-01 7.440071698227461727e-01 7.744664233547148280e-01 7.368473472245099520e-01 7.431671029059516709e-01 7.652740108921292084e-01 8.006487531450383610e-01 8.005694627949228037e-01 7.507023302804648468e-01 7.997316178041700141e-01 7.986819626719000587e-01 7.778128615298502968e-01 8.087742806471091006e-01 7.930641647152523177e-01 8.021534077517584738e-01 7.918586563533711598e-01 7.930257530120118359e-01 7.914930052390636295e-01 7.742754243818217308e-01 7.956779484056391016e-01 7.425805476023056295e-01 7.833936024966813294e-01 7.783633761238750726e-01 7.819961729335562772e-01 7.922758232547150170e-01 7.739058342352594932e-01 7.867651455076236644e-01 7.883757729723696039e-01 7.909994893728931054e-01 7.989894343369506879e-01 7.953112159178121754e-01 7.880341491766791329e-01 7.905075964614287631e-01 7.812622524878510832e-01 7.871001911257783368e-01 7.963627143452784996e-01 8.013791399595378007e-01 8.018600344824797777e-01 8.009846652663190625e-01 8.037017696398407463e-01 8.023154623096040439e-01 7.968891453196097485e-01 7.905319467280251811e-01 8.077227025565890672e-01 8.034768485680808814e-01 8.060322585761309222e-01 7.972209683507662792e-01 8.052314547464117789e-01 7.947227913010559419e-01 7.957923423466939372e-01 7.982433343678526638e-01 8.006633166914158828e-01 7.971738599368806133e-01 8.041004097545323415e-01 8.016201459264662432e-01 7.936419144016865213e-01 8.086331797500095897e-01 8.029693928500253319e-01 8.016451851755513891e-01 8.031406134342763403e-01 8.065965038726110592e-01 8.011827808027148778e-01 8.016852707741076722e-01 7.928675843690967673e-01 7.944963123433909091e-01 7.896096476863897484e-01 7.823724957357343079e-01 7.966786816577726693e-01 8.008171077433074991e-01 7.961271782785045437e-01 7.932753171814849180e-01 7.927575475276474881e-01 7.993979049437921480e-01 7.900032972491903838e-01 7.830191109998904109e-01 7.934658879262885822e-01 7.951648308621199757e-01 7.987116348222637052e-01 7.924607746181907553e-01 7.952624670098334958e-01 7.928926835641223470e-01 7.916611574538304774e-01 7.916222073424781236e-01 7.846238585393259246e-01 7.904255831590496495e-01
3.400462279841778845e-02 1.178811438525535771e-01 3.066141222365512675e-01 5.369106898316807763e-01 4.393718790776972027e-01 4.763009333309665139e-01 7.044865161468608639e-01 1.000000000000000000e+00 6.615649557104728018e-01 6.283856377219243505e-01 6.937784147928961476e-01 7.553196663145775869e-01 6.529614545791704305e-01 5.330865469164784987e-01 7.667516030290175699e-01 7.860302956248341744e-01 6.668337175838731090e-01 6.594503834718414836e-01 6.743681020506714363e-01 5.802720729147753387e-01 6.945209243742307414e-01 6.989941702198525508e-01 6.007937824159479412e-01 6.200446105743151470e-01 6.279423876868345245e-01 6.648265839118336906e-01 6.836698715728605213e-01 6.396262752466057577e-01 6.261555291671014878e-01 6.360961188852337633e-01 6.999103549739927876e-01 7.381472985682496768e-01 6.686398056816277302e-01 7.196306324922643327e-01 6.680542998794963827e-01 7.142437433582548012e-01 7.114756018484948985e-01 7.689207455472286679e-01 7.572730144565484878e-01 6.984032078529304188e-01 7.520043330901057255e-01 7.632028933196732812e-01 7.591500332726281997e-01 7.764127647986727165e-01 7.531688677544525756e-01 7.550270043854763191e-01 7.656918865956385822e-01 7.612149643090533324e-01 7.692829633084650176e-01 7.592532305764566614e-01 7.774793248316944627e-01 7.297091798805426244e-01 7.649355956006161916e-01 7.512027938493643919e-01 7.515816221156474963e-01 7.461905498787707591e-01 7.650944493831255411e-01 7.688659434986129249e-01 7.697430206149307175e-01 7.704974385125847869e-01 7.775945240864995389e-01 7.737783131664147662e-01 7.732707452803344594e-01 7.734242888229595492e-01 7.594506806598054771e-01 7.665649427840627306e-01 7.616632967515472030e-01 7.570346736280701982e-01 7.540979592122291075e-01 7.648243776929707360e-01 7.709238204050308241e-01 7.646857145554196711e-01 7.384716169235800987e-01 7.458686495588044973e-01 7.574721026266414414e-01 7.527538469803269905e-01 7.440014831393618744e-01 7.429882132576954845e-01 7.520834522862427374e-01 7.398588293253469672e-01 7.497002091120044120e-01 7.497055763598833300e-01 7.597880261438172411e-01 7.468332066911095302e-01 7.672890195623581766e-01 7.570503755591286854e-01 7.581401306975699139e-01 7.774441236326277149e-01 7.672172499905577370e-01 7.665743310457413529e-01 7.555719120070872874e-01 7.677166590447944694e-01 7.645701079600762951e-01 7.670247448775278087e-01 7.663848546554828944e-01 7.650790814659838013e-01 7.767098614201106699e-01 7.691080442475458634e-01 7.744398650499174641e-01 7.778158436609966531e-01 7.711269650432701628e-01 7.763764508890131921e-01 7.702460933916793762e-01 7.762553031291531402e-01 7.692290586946817221e-01 7.695042417190255390e-01 7.708306144586927200e-01 7.643181858213381474e-01 7.662093669025974441e-01 7.694625799397819543e-01 7.723340609819075997e-01 7.679715128251500822e-01 7.695607802007018439e-01 7.733692366149238495e-01 7.581510265391462333e-01 7.690706352940234192e-01
2.111284353598350816e-01 1.957686233291386912e-01 3.237676940507785428e-01 5.177196861335614519e-01 4.279273337381575004e-01 4.904412443206993544e-01 6.906894101885119319e-01 6.615649557104728018e-01 1.000000000000000000e+00 7.243057374968673301e-01 7.523697936187181412e-01 7.977235542081025921e-01 7.191047410661317585e-01 6.001406350647912058e-01 8.085236042117114330e-01 7.931161481001749447e-01 7.712373945067211300e-01 6.923571316651319085e-01 7.328513104203882023e-01 5.980575716218281546e-01 7.013056264940633611e-01 7.322608321959469535e-01 6.942926820232518947e-01 6.891057805753992849e-01 6.630318959932258727e-01 7.600340805120303633e-01 7.723967185474513997e-01 7.238794470056502117e-01 7.153185696869419630e-01 7.496442950229114111e-01 7.962437171495414523e-01 8.029507928902804847e-01 7.171435232211507138e-01 7.750081736812175492e-01 7.451715068667043029e-01 7.477959661371339495e-01 7.955564612709055128e-01 7.896142592870497579e-01 8.000252165829707662e-01 7.108181575292804588e-01 8.215807533733431312e-01 7.910493779123918268e-01 7.742989010586471821e-01 8.213254772168958606e-01 7.959314101257262131e-01 8.149588522837686311e-01 8.414706501213125023e-01 8.523750861488665898e-01 8.450177000127909732e-01 7.964954062951834501e-01 8.123523661224942849e-01 7.858437207312961581e-01 8.298321554155372315e-01 8.459050997644287362e-01 8.205525778149178606e-01 8.090778407000244199e-01 8.376352767567970536e-01 8.290372987172154318e-01 8.232524363949099699e-01 8.552683772806790596e-01 8.340710000646938127e-01 8.468832019764578334e-01 8.281741643207236603e-01 8.422913787871093572e-01 8.540831242232738152e-01 8.478589069926210087e-01 8.447093559539274876e-01 8.349209605840993698e-01 8.357700348804161239e-01 8.322645991363233353e-01 8.337213387254700514e-01 8.342825688552156782e-01 8.206576073573534913e-01 8.188211436844330393e-01 8.365735190805815291e-01 8.373913321873195370e-01 8.200887641112388771e-01 8.250305327805752542e-01 8.272384217199637568e-01 8.314807435921892642e-01 8.363281426783908401e-01 8.384159196570631911e-01 8.421655444592525130e-01 8.312784305011764463e-01 8.219151162748162820e-01 8.316259303737822961e-01 8.307400129258925014e-01 8.294367960468225220e-01 8.310456124134872891e-01 8.309903748118612210e-01 8.142765592542984265e-01 8.341456834798347542e-01 8.333563169450354247e-01 8.318010981071136678e-01 8.433424264312964214e-01 8.447146045741059650e-01 8.146059449672021779e-01 8.363260020901238656e-01 8.365798873251987233e-01 8.310087569168037591e-01 8.188051593828735708e-01 8.359377294634338096e-01 8.399361571143741934e-01 8.372548797337127091e-01 8.301838450730972818e-01 8.386340926858835143e-01 8.465259202325760013e-01 8.441868631740098161e-01 8.387846362190993776e-01 8.443317857715078034e-01 8.355894145275845064e-01 8.520978054989946093e-01 8.430039972711700358e-01 8.412309760272794756e-01 8.507223977420745875e-01 8.505831643409577092e-01
1.030594478352501175e-01 2.341878076291273592e-01 3.129516869222636610e-01 4.721733335125904429e-01 3.764910586227525613e-01 4.747152067456811841e-01 6.828073416598101630e-01 6.283856377219243505e-01 7.243057374968673301e-01 1.000000000000000000e+00 7.326807891887489044e-01 7.618502580800086132e-01 6.840511172742143042e-01 5.741222418553398876e-01 7.888215444452033598e-01 7.757085632076307080e-01 7.166057045208629184e-01 6.659287225932806198e-01 6.986262815369239654e-01 5.687261581693203727e-01 6.513041286331189283e-01 6.964358060295170461e-01 7.048153996546309141e-01 6.677266206570745544e-01 6.383207449405929879e-01 7.521166242704654392e-01 7.576579724587663156e-01 7.298553024910930942e-01 7.107741321407794466e-01 7.468761498890811312e-01 7.876096058615122963e-01 7.914877427077550154e-01 7.339651166578388120e-01 7.698227435749618319e-01 7.443182555464988859e-01 7.305731409357222317e-01 7.735135986317829282e-01 7.855408917046591277e-01 7.908240667254925471e-01 7.232813877774614264e-01 8.037675933801010641e-01 7.896812766325851385e-01 7.569223911837735796e-01 7.989468414178468869e-01 7.845803147411783973e-01 8.014613968398059951e-01 8.141191489262373793e-01 8.242367012607249022e-01 8.109801388752141404e-01 7.628526306730916140e-01 7.949428544665850804e-01 7.287977654878323719e-01 7.870318722914798615e-01 8.218827535908842519e-01 8.137561039310449162e-01 8.140952527101147362e-01 7.917808633336929081e-01 8.062582873934962535e-01 8.064868977030169583e-01 8.127156870441940573e-01 8.080748884480338790e-01 8.171746960556528494e-01 8.016591817889376914e-01 8.039759460102875455e-01 7.994461455802561733e-01 8.070951365899384777e-01 8.226868804849382100e-01 8.161253936787704610e-01 8.215632498445023524e-01 8.039464520565485772e-01 8.018783284765657049e-01 8.098281969974696626e-01 8.015214002576285246e-01 7.886768133638687450e-01 8.182849716232503123e-01 8.197063699413613680e-01 8.122684998738219919e-01 8.103999623631850113e-01 8.144062380016687808e-01 8.160593151549502267e-01 8.128404759860282658e-01 8.201604252303367204e-01 8.194227897202133182e-01 8.180119504558280852e-01 8.054786777959312971e-01 8.158456232289363896e-01 8.103502064252562365e-01 8.161942644473814124e-01 8.165197641503066928e-01 8.178075374668268838e-01 8.071017661625695672e-01 8.159099678773555908e-01 8.114368887636467242e-01 8.155207561380066750e-01 8.176265237444737544e-01 8.218142586629394453e-01 7.829835781323021271e-01 7.911312952137712351e-01 8.127848484647307581e-01 8.078434710789128559e-01 8.014311096904190856e-01 8.103843354923035980e-01 8.052265061965169224e-01 8.098393546609288229e-01 7.963142870619923652e-01 8.049632910641710826e-01 8.174026373732646844e-01 8.245437540724138703e-01 8.232618644048099732e-01 8.160947554237387713e-01 8.168098651682518252e-01 8.181916532375304030e-01 8.188592778301461150e-01 8.095831224740407395e-01 8.115089285977126199e-01 8.122645429403144712e-01
2.258887249368916883e-02 1.394507945234589319e-01 3.529732536831259870e-01 5.418418938216913450e-01 4.214607422578944829e-01 5.126618446940580665e-01 7.175794528232771752e-01 6.937784147928961476e-01 7.523697936187181412e-01 7.326807891887489044e-01 1.000000000000000000e+00 8.390870156470792152e-01 7.411323278282552218e-01 6.224296618289071326e-01 8.448989784794816993e-01 8.402643465844052972e-01 7.466472741596511531e-01 7.192607811648716876e-01 7.626703382245841878e-01 5.948179915020250785e-01 7.070472255453315036e-01 7.617064273730407287e-01 7.238413846473575886e-01 7.007892359705379937e-01 7.037462993171806902e-01 7.913585457764815700e-01 8.083178014208143303e-01 7.869286430782318487e-01 7.584749795369150061e-01 7.966929505697221137e-01 8.469710216250669887e-01 8.294762621405893377e-01 7.598413492527645863e-01 8.032670270319207662e-01 7.825750824963443320e-01 7.843019233741470586e-01 8.218188634300931383e-01 8.393421013470763192e-01 8.419931047010144054e-01 7.762130684858812302e-01 8.641243784971408548e-01 8.573755831697253971e-01 8.273108314562521715e-01 8.647833558353040795e-01 8.477226233495819274e-01 8.634753855350639773e-01 8.789520420123473343e-01 8.790550773131617923e-01 8.709221258760907469e-01 8.313802872544043820e-01 8.605421560390875690e-01 8.102158055449896201e-01 8.614292323773331539e-01 8.698983190444219415e-01 8.651360600136085433e-01 8.611656568408383450e-01 8.479893390430723876e-01 8.690246814237193584e-01 8.667470815577987819e-01 8.707474193971984633e-01 8.756646156072698250e-01 8.756390655576690163e-01 8.682498515325823840e-01 8.651015867781732815e-01 8.523128186010762164e-01 8.616486856779103087e-01 8.802114062471051437e-01 8.783378358948681353e-01 8.739702069686267061e-01 8.651874047253659272e-01 8.757261874193953410e-01 8.797439133138348355e-01 8.539462280790508508e-01 8.570452084560250539e-01 8.805209545254879533e-01 8.812384428820547733e-01 8.738192062486485057e-01 8.736432633058393016e-01 8.797061088206031831e-01 8.784171824703187470e-01 8.743854656195119146e-01 8.856565774345473985e-01 8.709224567681426166e-01 8.706380001730418261e-01 8.660990812985163156e-01 8.681900353220609601e-01 8.720050682712443546e-01 8.783232942290193357e-01 8.761766546590136207e-01 8.775815781561425721e-01 8.703071349190415473e-01 8.818458509267265155e-01 8.791740709229247663e-01 8.795292174103739313e-01 8.816850958100672653e-01 8.826845377445426966e-01 8.580640979099630750e-01 8.562031250003074856e-01 8.797011298960522030e-01 8.749581573410259994e-01 8.728852699532158033e-01 8.787473469739441878e-01 8.795622900540125411e-01 8.804389641770610231e-01 8.692160921498123249e-01 8.663142495207440952e-01 8.794048309504753913e-01 8.834065307664992206e-01 8.833891784891404475e-01 8.822073697974637252e-01 8.807560850471330971e-01 8.790508749638327179e-01 8.811126063458873947e-01 8.756436520172492521e-01 8.727557182794776214e-01 8.742047691918682917e-01
5.063997957557443003e-02 1.471576349518343152e-01 3.735045014525268381e-01 6.318539195736418979e-01 4.660918373396794601e-01 5.525256199400737644e-01 7.853367600494860490e-01 7.553196663145775869e-01 7.977235542081025921e-01 7.618502580800086132e-01 8.390870156470792152e-01 1.000000000000000000e+00 7.902263475981051721e-01 6.508831784831230483e-01 8.980731606770989695e-01 8.933404523902156447e-01 7.972781390299904514e-01 7.723948277986538713e-01 8.016413830092019577e-01 6.682012878028646963e-01 8.030150955391162082e-01 8.247215712493906059e-01 7.434703929863548666e-01 7.441558155074824432e-01 7.494784936805646280e-01 8.090711882695432733e-01 8.434778081755703871e-01 8.000905099715183155e-01 7.704545556424228225e-01 8.067010058287745755e-01 8.739580661756862767e-01 8.773513960836291092e-01 8.028214289874497922e-01 8.545124220820501382e-01 8.114166619001230707e-01 8.539947026927784401e-01 8.686667745426334131e-01 8.923249452369055312e-01 8.984258477973179335e-01 8.310285694815766622e-01 9.054070861111284119e-01 9.062678368358790815e-01 8.874499545031868664e-01 9.218356226054886804e-01 9.026561250439172346e-01 9.071813179465001431e-01 9.218997667125972129e-01 9.202238557934585561e-01 9.142648576644192282e-01 8.860184812308993241e-01 9.128606955060776240e-01 8.732927861555122018e-01 9.110913372623018480e-01 9.081123686365916159e-01 9.002287905068340201e-01 8.964807986789137262e-01 9.017549483604951899e-01 9.191553661719178425e-01 9.111748912408109691e-01 9.212342810020311967e-01 9.218168194087187350e-01 9.231573574910614255e-01 9.177853436271604659e-01 9.166528617226860076e-01 9.094969939276287274e-01 9.170111464113746003e-01 9.210426080485082379e-01 9.185421496568620947e-01 9.110773483942402606e-01 9.195684918721104273e-01 9.259478123677011840e-01 9.227377199697903709e-01 8.953157207880624302e-01 9.022151607678845497e-01 9.159711974128368350e-01 9.160435596490661414e-01 9.065076271637346750e-01 9.026629805753040303e-01 9.128774541404053311e-01 9.087720267721098866e-01 9.127321070211593668e-01 9.177861580508873685e-01 9.165627777800168241e-01 9.077012879293460124e-01 9.169356971063624684e-01 9.137747284700424855e-01 9.174022221220609064e-01 9.251237533298767302e-01 9.223061081279494422e-01 9.192465632028739009e-01 9.134738533280799544e-01 9.258796842007749328e-01 9.245125534167941694e-01 9.225813556487475475e-01 9.253747410690559283e-01 9.249550634580360198e-01 9.139050806657313952e-01 9.142885905613609143e-01 9.249322091752268937e-01 9.239903518830947515e-01 9.208883922231736463e-01 9.282224811763808425e-01 9.264913178847293818e-01 9.290557086752031513e-01 9.220360753237073492e-01 9.185455977702894348e-01 9.247912220243522663e-01 9.232766766825588611e-01 9.242604164946833789e-01 9.268658336838508927e-01 9.271948386457833369e-01 9.260698564032285862e-01 9.260159885918408662e-01 9.258052483999147375e-01 9.193365262786898917e-01 9.258120385414196907e-01
1.910950890898166499e-02 1.115671523178034114e-01 2.799576927834449558e-01 5.059354964237466890e-01 4.602774859788395512e-01 4.694460834002311400e-01 6.682895315911830947e-01 6.529614545791704305e-01 7.191047410661317585e-01 6.840511172742143042e-01 7.411323278282552218e-01 7.902263475981051721e-01 1.000000000000000000e+00 5.818494877879133442e-01 7.977604390200243589e-01 7.926451452489431393e-01 7.100527371844278512e-01 6.270326471376144184e-01 6.856387306442602858e-01 5.672050490402683609e-01 6.527264228362646969e-01 6.858111241105018241e-01 6.412115199003520782e-01 6.243351771255669647e-01 6.224999285844264874e-01 7.052979967909561720e-01 7.346677687320826156e-01 7.033426191108612668e-01 6.741399034273325430e-01 7.050561482470033559e-01 7.647322683765395146e-01 7.644149460125276851e-01 6.993792452657604519e-01 7.405609105919631618e-01 7.048176167676889481e-01 7.506053799783796165e-01 7.615309291434533279e-01 7.785498670441604041e-01 7.907002412634595023e-01 7.264432339940353200e-01 8.102014126658880766e-01 8.054271217500252877e-01 7.912836247638940224e-01 8.153933403679286540e-01 7.959592646466464583e-01 8.070376562460823688e-01 8.302660113354104476e-01 8.257286216316572780e-01 8.156739783246530484e-01 7.745027032561382363e-01 8.053429212221749900e-01 7.760091179015095042e-01 8.135125194421283235e-01 8.158310348827945147e-01 7.926813697075172360e-01 7.938236223793899704e-01 7.971154303630735294e-01 8.232831523118383510e-01 8.051905960682740337e-01 8.336071112192064980e-01 8.292951017086539478e-01 8.280070034721443983e-01 8.081374430147425514e-01 8.186602613495234104e-01 8.143958899493304315e-01 8.246046973988494511e-01 8.265427010935861851e-01 8.167145074638000324e-01 8.132562166209900134e-01 8.138702006598330652e-01 8.128017875169829543e-01 8.159171392320374583e-01 7.900830776549957468e-01 7.941548082901976890e-01 8.165751972734244246e-01 8.181162280019766975e-01 8.079086770914821747e-01 8.045340733054572313e-01 8.143422767872170454e-01 8.081196946365725164e-01 8.099936962379145067e-01 8.236160120037971932e-01 8.175599214690481009e-01 8.067468482743054281e-01 8.104516383229880550e-01 8.135796857549407735e-01 8.208998582619629891e-01 8.241992936584303653e-01 8.243559196664355104e-01 8.176018168769050298e-01 8.113889217654223218e-01 8.294851436346829532e-01 8.273549117920200313e-01 8.300437730257034241e-01 8.345544658633906598e-01 8.313901934678822325e-01 8.084475725223004838e-01 8.105723986589139507e-01 8.296549623951984254e-01 8.231486806269998624e-01 8.280502686792150513e-01 8.269559273484883288e-01 8.326379382242982130e-01 8.337103547444860707e-01 8.263003861567634889e-01 8.151242705550489909e-01 8.298776849348343809e-01 8.305495756508668448e-01 8.253816918537071334e-01 8.322931907181297939e-01 8.272819309219628936e-01 8.351603649137820939e-01 8.319357205780890663e-01 8.308427162275944244e-01 8.299333362460395991e-01 8.322687788774015827e-01
