1.000000000000000000e+00 4.515779622937444310e-02 3.542829969497604536e-02 5.683447393797909364e-02 3.439463662422567042e-02 -1.797549093125952761e-03 -7.031167523047061885e-03 2.089550728887065723e-02 7.939833262876164199e-02 3.073216697557507385e-02 1.543401125868961409e-02 3.094623280658838523e-03 4.067601852010700042e-02 2.071468794758393739e-02 3.504563921478660773e-03 2.105131400049543161e-02 5.928783410006494697e-02 -5.086704110116398170e-02 -5.286563944158695350e-02 5.954900543239125682e-02 -5.228668762378498036e-02 -2.822528898232156552e-02 -2.794839502407630780e-02 -6.928340738483741712e-02 -6.739173832990415225e-02 2.032272717142701718e-02 -2.040595601108889092e-04 5.336095836255527400e-03 2.248136000792129441e-02 2.663854107937047716e-02 4.212641702143108888e-03 -2.572551128303720083e-02 -2.842614094450244405e-02 -3.684511654298606304e-02 -2.459849501902166592e-03 -3.604117299691408233e-02 -8.962463896745076139e-03 -2.996479111603814541e-02 -1.529201619428617251e-02 -5.701371805427243172e-02 -5.746725127659116188e-03 -2.019733660221188776e-02 -4.363737561889809852e-02 -2.470967046455622572e-04 -9.091321385919788611e-03 -1.692047748630401069e-02 6.127808594618090222e-03 6.928947413720025657e-03 1.105275501303766214e-02 -2.432047361206851610e-02 -1.316983257355308808e-02 -2.428318987493274794e-02 9.681315719982945892e-03 1.361471622321044905e-02 7.337635682056331890e-03 -1.141209539134711327e-02 1.669706921421552914e-02 7.188628912590545525e-03 -1.237109155536796241e-02 2.671277922300120677e-02 1.493928597789721292e-02 8.313568680624104298e-03 7.980106903886102082e-03 1.805417904056187337e-02 3.460101038797940703e-02 2.962179668221164366e-02 3.805068895030268208e-03 -1.481208344142478060e-02 -6.143545189137032680e-03 1.306607605439258531e-02 -1.980944386013457417e-02 -1.148561703950303631e-02 -2.465076464764045724e-02 -3.256337917187179104e-02 5.824813833818060470e-03 4.914168010549735573e-03 -7.153581539970123304e-04 9.095352136854520028e-03 -6.584948862751822431e-03 8.423624664921183433e-03 7.392142796360984302e-04 -7.982322596298760398e-04 -4.402313275543797561e-03 -4.399603647649203721e-05 -2.194931394650368947e-02 -1.844558452708473101e-02 -1.388490151441534697e-02 -1.108726749570424636e-02 -1.024980972073257120e-02 -1.068858632385832896e-02 -2.059601055294174587e-02 -8.021433623467912402e-03 -6.173592316150148043e-03 -1.014020612432083544e-02 2.478804709839047167e-03 4.980298627941591276e-03 -2.037966225652109234e-02 3.127309252405823664e-02 1.207532397234752954e-02 -5.826723787462561970e-03 -2.214509792120478507e-02 -5.778083782128734004e-03 -1.952247251618825005e-03 3.032892165092645857e-03 -4.782090804054852339e-03 1.840279270606826403e-02 9.825551500804378946e-03 3.184374402193652313e-03 2.728316534879563979e-03 3.196600074834048209e-03 -1.082737446436226290e-02 1.283612503754899374e-02 7.648201666857605031e-04 1.869915299568753950e-02 1.507417722218988565e-02 2.043969696915614448e-02
4.515779622937444310e-02 1.000000000000000000e+00 6.061183875959733763e-02 9.721888793908828319e-02 6.490098383535643223e-02 8.604494704742042532e-02 1.084323775686579505e-01 1.177534884693055145e-01 1.728966968883387800e-01 1.715087727241625115e-01 1.404422956086139873e-01 1.619530220543069499e-01 1.517737450986193504e-01 1.479966849876059032e-01 1.712133349984368280e-01 1.586103488317973931e-01 1.698206332674070951e-01 8.837852737293164229e-02 1.010404148961490112e-01 1.283508456872035630e-01 6.317376695296242350e-02 1.138802237187843264e-01 1.351926734132269381e-01 9.122859175135773768e-02 9.798407460840947991e-02 1.524496196584229912e-01 1.541642336051280426e-01 1.652324629412129375e-01 1.617783616648926504e-01 1.690792473232833326e-01 1.653483435559160719e-01 1.574749730437546014e-01 1.523057595131827036e-01 1.395734892377240854e-01 1.511585819127133912e-01 1.321327317106220645e-01 1.611237801839248418e-01 1.535584554679479408e-01 1.486487164564148089e-01 1.507848473381322441e-01 1.738496898728811024e-01 1.517614095393599039e-01 1.282192676861324543e-01 1.679851072398632350e-01 1.569167370321518651e-01 1.670669107228164307e-01 1.809865121502349516e-01 1.842619740486395319e-01 1.679107713655864642e-01 1.459742380560405117e-01 1.583620268924202101e-01 1.324317257315240914e-01 1.623401991858345050e-01 1.757124181497329851e-01 1.748478477286795063e-01 1.763706053812988117e-01 1.595598454791818388e-01 1.696080226721412010e-01 1.698086748169824189e-01 1.760401500559052590e-01 1.642079924293750881e-01 1.708344630997679359e-01 1.638089342213633059e-01 1.629927666143016762e-01 1.732728604176233811e-01 1.755632989427611257e-01 1.741437597641704305e-01 1.595379672439463103e-01 1.685496111712825040e-01 1.671158873617357987e-01 1.489480507805267806e-01 1.602835183309300193e-01 1.567388708347526027e-01 1.430027154328396277e-01 1.732695538428056792e-01 1.728140827699765625e-01 1.721781682474481934e-01 1.711045834378216446e-01 1.671726122218224753e-01 1.716877915431776480e-01 1.743782523872005608e-01 1.759151696073374127e-01 1.684607698361669514e-01 1.748032631231673795e-01 1.646341175952231450e-01 1.589913644376771962e-01 1.705964391409284242e-01 1.722354071993223157e-01 1.679562097295681788e-01 1.737622078848171381e-01 1.728720261088831367e-01 1.719429973393311051e-01 1.697927560007976566e-01 1.743588838555099885e-01 1.773885198392666229e-01 1.801072281686851850e-01 1.560564447051930315e-01 1.618458056534396450e-01 1.731895420052798618e-01 1.689639889605444589e-01 1.637027196469022505e-01 1.658184256300361537e-01 1.719824103278748129e-01 1.685886851212790860e-01 1.617210637015760732e-01 1.671025312924915018e-01 1.759511001294228327e-01 1.782043931766163769e-01 1.760333066448185046e-01 1.791294463821342664e-01 1.767782533875810191e-01 1.774290133335942599e-01 1.747404889780160009e-01 1.711153767586758578e-01 1.731119952964756403e-01 1.743480313751168131e-01
3.542829969497604536e-02 6.061183875959733763e-02 1.000000000000000000e+00 3.659309660633296990e-01 2.039770349926113835e-01 2.603834037083188058e-01 3.883042448238417932e-01 3.208408051868951727e-01 3.404768482515444505e-01 3.442244936817443479e-01 3.512659146100479690e-01 3.916790603868032794e-01 3.620605817100805979e-01 3.292286560593357669e-01 3.959404279947459915e-01 3.915202387091665792e-01 3.696986071453788325e-01 3.579189750101473000e-01 3.517615033147497017e-01 3.513796720997989231e-01 3.435856703635778997e-01 3.660699736608611365e-01 3.949143924584010423e-01 3.584563889098626999e-01 3.701256381649314919e-01 3.998076122420540224e-01 3.826195643634294763e-01 3.952897824315948494e-01 3.904542701574494346e-01 3.891365555453867864e-01 4.048533040874631173e-01 3.984845772494854943e-01 3.897156297028312455e-01 3.859747968029181853e-01 3.682709088519857676e-01 3.795358467778025546e-01 3.893550670766001698e-01 3.873893831355711415e-01 3.918630879260862065e-01 3.911405327253247299e-01 3.907705204239418917e-01 3.940399546212556836e-01 3.850756741155964002e-01 3.907051089452516779e-01 3.921186031247915760e-01 3.936532027440112214e-01 3.809115763766918739e-01 3.796236343750728492e-01 3.819139812621326069e-01 3.743666883565658909e-01 3.780057766222011395e-01 3.888983750314359278e-01 3.899692843570445322e-01 3.847199373263379685e-01 3.808033867286296226e-01 3.901210478043424801e-01 3.888720017485529090e-01 3.819038370877409494e-01 3.840486094427987829e-01 3.832653100180109518e-01 3.875104811341750777e-01 3.877539600681794152e-01 3.836633406936527102e-01 3.826751485758282945e-01 3.841389807821389835e-01 3.866343980916424616e-01 3.874609034257455176e-01 3.948283002968926980e-01 3.934113670686090747e-01 3.995446661367316743e-01 3.941395521607730101e-01 3.905717944151863574e-01 3.953879152873558400e-01 3.987160325249782811e-01 3.938518925680397076e-01 3.902188022311974258e-01 3.897226180962770070e-01 3.916808992270389700e-01 4.020362448691276458e-01 3.888782230040893628e-01 3.921133068250273190e-01 3.939222848409599798e-01 3.999172038343645763e-01 3.902840963234500693e-01 3.922101233759748840e-01 3.959293127371514842e-01 3.923887480933688221e-01 3.950527056801969028e-01 3.962982989099973485e-01 3.970976125599058326e-01 4.014081159490437423e-01 3.929766055994241558e-01 3.967736142020159007e-01 3.923812188300790926e-01 3.851745653416128734e-01 3.824489072634829623e-01 3.921701781797951591e-01 3.833125816237367700e-01 3.854651034978666124e-01 3.948415917817941212e-01 3.968601513638319034e-01 3.926012082019072480e-01 3.887220282904129687e-01 3.876472034343833584e-01 3.960180523983707901e-01 3.887035124252977147e-01 3.886345693106548205e-01 3.845290391431184784e-01 3.857487510015304433e-01 3.890738196631052248e-01 3.899767629871195296e-01 3.812158431357754451e-01 3.881421576267859441e-01 3.866809543013480233e-01 3.808943437958298706e-01 3.889313477776089045e-01
5.683447393797909364e-02 9.721888793908828319e-02 3.659309660633296990e-01 1.000000000000000000e+00 3.974765884219856882e-01 4.362247145575047225e-01 6.283650450468166726e-01 6.178655650310105329e-01 5.985195420840550007e-01 5.827176213676587002e-01 6.158353391830928558e-01 6.687885960326642731e-01 5.974233045089035743e-01 6.014349536152894249e-01 6.675894944852055479e-01 6.545459548763354896e-01 5.988240694473659920e-01 5.793634227254175206e-01 5.922292438432081862e-01 5.885907824328017179e-01 5.725115601174909363e-01 6.233792969373997961e-01 6.410453608685527938e-01 5.653429605853895756e-01 6.177496825598181029e-01 6.783538066532931454e-01 6.596319919902485784e-01 6.664675890992719509e-01 6.521059626112459817e-01 6.693420549590776147e-01 6.778012819021257407e-01 6.507367075739217688e-01 6.240179665271342602e-01 6.309657258071262875e-01 6.310507061840767706e-01 6.439927349906822140e-01 6.595799955080209331e-01 6.421612089694518355e-01 6.672100659693509517e-01 6.361977154199932594e-01 6.587189490469530506e-01 6.614755283217645943e-01 6.532263093827890277e-01 6.645316468439642632e-01 6.634180194963192889e-01 6.695796393531523449e-01 6.460140586450653366e-01 6.513142601201534765e-01 6.479109014402871791e-01 6.212420481921168136e-01 6.404341995468528781e-01 6.611267788426351544e-01 6.736207736054434791e-01 6.617348027992434600e-01 6.488536498536440211e-01 6.588347068903861459e-01 6.544379876398090934e-01 6.630730091888491495e-01 6.458486049235776516e-01 6.651747851901367303e-01 6.615847927521397720e-01 6.637868959344324082e-01 6.544457651481623284e-01 6.587598978986537457e-01 6.589416644708381288e-01 6.656428217811819481e-01 6.586693072833652574e-01 6.595784710639090997e-01 6.643270537482964810e-01 6.716920701803874572e-01 6.670211692425567218e-01 6.593385713996123831e-01 6.539179915681299082e-01 6.670952743371684202e-01 6.702210111321850183e-01 6.628889416669653256e-01 6.628171808359214490e-01 6.645244924401186859e-01 6.716131191948123691e-01 6.638468231130812969e-01 6.639962394760714481e-01 6.643650379854387777e-01 6.669644116719550819e-01 6.551748715236310749e-01 6.550138149837287926e-01 6.569672612086988606e-01 6.584434007242605524e-01 6.655074206830753347e-01 6.655763159368306425e-01 6.623732307042592415e-01 6.662719978846306512e-01 6.630736631003184556e-01 6.674053268650153026e-01 6.653605387937693294e-01 6.541769960003198658e-01 6.545466371532335792e-01 6.534274127090961004e-01 6.576820710879534015e-01 6.594107027894369200e-01 6.654421426429211195e-01 6.669937298829030636e-01 6.650254896909417734e-01 6.659608206600301505e-01 6.633042718286653594e-01 6.702217550885013475e-01 6.596277478752273771e-01 6.577470301573176137e-01 6.582646295614267284e-01 6.603162894182751375e-01 6.587181728080069298e-01 6.554149237140625139e-01 6.583665174181153601e-01 6.594750615453193188e-01 6.638673728749268088e-01 6.614254717787938498e-01 6.668551245425446972e-01
3.439463662422567042e-02 6.490098383535643223e-02 2.039770349926113835e-01 3.974765884219856882e-01 1.000000000000000000e+00 3.007816152660192643e-01 4.879296452957964658e-01 4.750145065598013194e-01 4.645528807343557443e-01 4.349027449483036656e-01 4.583470067975043416e-01 5.062969910676365926e-01 4.923862082374854121e-01 4.579350582284371640e-01 5.114685617187747502e-01 5.105801894671860852e-01 4.708355044238489162e-01 4.645446321538675427e-01 4.774460066102192424e-01 4.355763556950663640e-01 4.448251097937069298e-01 4.945927627869832754e-01 5.055732771040193363e-01 4.428835216544377285e-01 4.766065429172366419e-01 5.166392116132000334e-01 5.046146892011840190e-01 5.015347143117238060e-01 4.910936760350184671e-01 5.203369002885829264e-01 5.183952845223097627e-01 5.046725562440226298e-01 4.714592167624325203e-01 4.900871185915309791e-01 4.950805730183654441e-01 4.859482893954201743e-01 5.023080337897992687e-01 4.906919819747216360e-01 5.123202883219756254e-01 4.740614425618679961e-01 5.087584103521045620e-01 5.090464855978543701e-01 5.090319473264186545e-01 5.259022486135507268e-01 5.150015978840012387e-01 5.072353995602366661e-01 5.076671955996970853e-01 5.031707314406191900e-01 5.105777853538587818e-01 4.827631117987205567e-01 4.971264078207870973e-01 5.088685816501787862e-01 5.205154993785207074e-01 5.128149046678243117e-01 5.016883370694158462e-01 5.080418465296978603e-01 5.009392756172641459e-01 5.146151704977142138e-01 4.950852690548849244e-01 5.269213446808374002e-01 5.184233453465839636e-01 5.175613683266521159e-01 5.098827680562896258e-01 5.233340848562351155e-01 5.112135560639951004e-01 5.245781038421383213e-01 5.154983105814061606e-01 5.172811372091150606e-01 5.172207725226803943e-01 5.199570998921649867e-01 5.170279631482133098e-01 5.155643558022954265e-01 5.068583820609522395e-01 5.159351106493769157e-01 5.191571402982658734e-01 5.144602778182214564e-01 5.105293898351553894e-01 5.101004274486292678e-01 5.130294322414294950e-01 5.162777716638863312e-01 5.109291426245927692e-01 5.144195562556896917e-01 5.065514455107675840e-01 5.060368609079157753e-01 4.989339683223597555e-01 5.025906602553267266e-01 5.028251700127893686e-01 5.089002430450889625e-01 5.120257630711924079e-01 5.073713678582142395e-01 5.023757859078157306e-01 5.138647904175546177e-01 5.123191144590335533e-01 5.113916556050359663e-01 5.098693879932708617e-01 5.109004030802436480e-01 4.995771594033375229e-01 5.121143497996935023e-01 5.162614427668114070e-01 5.114512761357464798e-01 5.118523464179639548e-01 5.130069749669965429e-01 5.189811912330926091e-01 5.233904451690462034e-01 5.184839153604682283e-01 5.095022107804852984e-01 5.107237016421600773e-01 5.118801260305543277e-01 5.115105579897984978e-01 5.141480888715936892e-01 5.060064101649253132e-01 5.199434859306980572e-01 5.141095818110789084e-01 5.200956759846888655e-01 5.143330888886212815e-01 5.192499902877388829e-01
-1.797549093125952761e-03 8.604494704742042532e-02 2.603834037083188058e-01 4.362247145575047225e-01 3.007816152660192643e-01 1.000000000000000000e+00 5.510492188317989148e-01 5.162863037389896492e-01 5.498671359424495142e-01 5.345219520584594264e-01 5.556383306504714126e-01 5.947924189626674352e-01 5.435673532053590939e-01 5.420355942560018958e-01 6.036530019051300489e-01 5.885904796162796382e-01 5.789294858996631987e-01 5.107528998490928895e-01 5.276267524776233619e-01 4.966727550495299015e-01 4.859428994217553921e-01 5.559228571823876530e-01 5.785967152971366323e-01 4.982112678725912347e-01 5.426443069512421058e-01 6.097964028539820669e-01 6.110325113108391326e-01 6.062303177497573303e-01 6.095275552536664199e-01 6.053687410190922158e-01 6.175369551633118625e-01 6.084718571351847016e-01 5.891592240010422588e-01 5.889223435441249821e-01 5.840108621566405533e-01 5.929475358004321350e-01 6.095515562142526100e-01 6.008445197004886884e-01 6.125966618904307159e-01 5.949632083307364594e-01 6.157285050618586109e-01 6.117059761547065655e-01 6.001706840647128560e-01 6.161918341656251741e-01 6.168810990729010069e-01 6.123303254977617849e-01 6.133912283354655548e-01 6.190436377772947640e-01 6.115450452481555610e-01 5.865121682704996786e-01 5.997928815178139583e-01 6.010420912779753655e-01 6.042860273440789909e-01 6.182981220698285929e-01 6.042732911086078351e-01 6.197935493164443699e-01 6.046585821387254756e-01 6.102964387623851517e-01 6.068330757151385590e-01 6.115571603038276738e-01 6.136476669416668361e-01 6.114338983383967863e-01 6.046220225977976259e-01 6.091631903417918936e-01 6.111103652539362496e-01 6.158163319997960183e-01 6.209397096760618240e-01 6.152634771560269167e-01 6.182227840502997340e-01 6.150091494856584351e-01 6.169231406971973364e-01 6.232075407275279311e-01 6.072180717359215718e-01 6.107110822306820452e-01 6.222178276697790666e-01 6.187759291215521040e-01 6.217808207979446111e-01 6.215303905966356179e-01 6.169452211135283415e-01 6.191380596985144313e-01 6.208296079103652332e-01 6.215905099499970943e-01 6.227729090338274265e-01 6.169554042506373293e-01 6.173320203292885777e-01 6.155587855680428877e-01 6.234850086422779603e-01 6.212726164027752018e-01 6.199248020430377926e-01 6.195614442757861884e-01 6.206937101981443439e-01 6.236916374871900315e-01 6.226941519125215319e-01 6.222601149310587054e-01 6.199505335619465152e-01 6.182463605053374334e-01 6.132481105920958298e-01 6.104010158043144951e-01 6.184554696477558844e-01 6.167391781974309595e-01 6.206850490337371129e-01 6.187240997695222511e-01 6.178966859470479411e-01 6.201680960597746317e-01 6.235271171184285643e-01 6.124481864655232366e-01 6.199474419283791393e-01 6.207323656981226234e-01 6.179454535309594210e-01 6.190309785370113893e-01 6.172855108213531894e-01 6.177456218649757247e-01 6.173767023269821630e-01 6.203777251524141834e-01 6.203914091327793479e-01 6.175510143788280892e-01
-7.031167523047061885e-03 1.084323775686579505e-01 3.883042448238417932e-01 6.283650450468166726e-01 4.879296452957964658e-01 5.510492188317989148e-01 1.000000000000000000e+00 7.400923002386653460e-01 7.445789404160493286e-01 7.177115268576063078e-01 7.690435951399604564e-01 8.151427697274005180e-01 7.438099338458843413e-01 7.439267088862071553e-01 8.563560994676133742e-01 8.205369452022790444e-01 7.470420063639569008e-01 7.268039288050219815e-01 7.534797552174701263e-01 7.183065465189208965e-01 6.903298967068307590e-01 7.746601428051871352e-01 8.117871674907036761e-01 7.312445162190157610e-01 7.811202435337991634e-01 8.377701853335736137e-01 8.280952065865234690e-01 8.405345184341682652e-01 8.183209981246247766e-01 8.323026005587031984e-01 8.557605399534928825e-01 8.382722057386852166e-01 8.151292447163916988e-01 8.248197924788100988e-01 8.104164463336067659e-01 8.072106476743098336e-01 8.310277111859801780e-01 8.363968784346708096e-01 8.389928231868591935e-01 8.278235759066104871e-01 8.344356106552670571e-01 8.486568862002991098e-01 8.323625085347625685e-01 8.420265204335063425e-01 8.393936504281700461e-01 8.525704020796089910e-01 8.269516385475409459e-01 8.299752702532010584e-01 8.265880222207140360e-01 8.119844099897172152e-01 8.168106397451967426e-01 8.226942640586754063e-01 8.356680919436696442e-01 8.338078209105862504e-01 8.248484788839751669e-01 8.416383681212473711e-01 8.175020159311096046e-01 8.290141458267326069e-01 8.262878698687469159e-01 8.260747184764684059e-01 8.296474227661234657e-01 8.317576749941618663e-01 8.224337184930083922e-01 8.209217537076534121e-01 8.142745745295396631e-01 8.255131236909727388e-01 8.358030247602507012e-01 8.428334455511645729e-01 8.485832481893278434e-01 8.460807187042257427e-01 8.439283879595913529e-01 8.428230319562906026e-01 8.421840959570432439e-01 8.486804262530137644e-01 8.454913711719320712e-01 8.395945520712629895e-01 8.489186415197826907e-01 8.411920047266565614e-01 8.570017703646081175e-01 8.412621483371236497e-01 8.462872966757984949e-01 8.484906262188673942e-01 8.452376719065737287e-01 8.396242746247127853e-01 8.488750426477836841e-01 8.464671573215117872e-01 8.439703023909254087e-01 8.537006426568166662e-01 8.484611379305544432e-01 8.520940882722074505e-01 8.573906765530568963e-01 8.488715911244473222e-01 8.479148992920412242e-01 8.540176796988573349e-01 8.341434044010271887e-01 8.342378776003871454e-01 8.466236418591758239e-01 8.208016804954175738e-01 8.349887146895809131e-01 8.472665469455578080e-01 8.549743001283235388e-01 8.450697670461725375e-01 8.408866068654106130e-01 8.429086086096269081e-01 8.451076181188130754e-01 8.299363676859821126e-01 8.361749247485459335e-01 8.371375222624241053e-01 8.400668645059677919e-01 8.382132235552756105e-01 8.421277204251910176e-01 8.313645628325992964e-01 8.394136648872113637e-01 8.333263283161727042e-01 8.246314779823182839e-01 8.316301017889208280e-01
2.089550728887065723e-02 1.177534884693055145e-01 3.208408051868951727e-01 6.178655650310105329e-01 4.750145065598013194e-01 5.162863037389896492e-01 7.400923002386653460e-01 1.000000000000000000e+00 7.489697013591677388e-01 7.016776080748445832e-01 7.470113329232015431e-01 7.956591997403206218e-01 7.338022558889191194e-01 7.213113196121615500e-01 8.144939314590921020e-01 8.148196099847372365e-01 7.415240736872092953e-01 6.831278076334014182e-01 7.159717360913250284e-01 7.028690785795971285e-01 6.465779865943684923e-01 7.345965370908157377e-01 7.723294808762417585e-01 6.770392277339631892e-01 7.214268382983693995e-01 8.180874144442745743e-01 8.029629833986876575e-01 7.996661420316806268e-01 7.856292222074362508e-01 8.140201531676635183e-01 8.207093215179069867e-01 8.017959999286706774e-01 7.620571367785892170e-01 7.894715368088048857e-01 7.810259315049328244e-01 7.719304214089680594e-01 7.963657408216755496e-01 8.039686570577652125e-01 8.122680464466784933e-01 7.708341031111345387e-01 8.078966806653478105e-01 8.105735742305388847e-01 7.933408053173637287e-01 8.190343266847900372e-01 8.104312871848463606e-01 8.128635172760290128e-01 8.092773767513294914e-01 8.106744901841853590e-01 8.112642337139613913e-01 7.828500965008301504e-01 7.997257388367170483e-01 7.848908602054760486e-01 8.178823389937376342e-01 8.175983252256371347e-01 8.058478346065468534e-01 8.095771227034351814e-01 8.137223691531862979e-01 8.153880034577398739e-01 8.066952928654896882e-01 8.187985124367217482e-01 8.202486329936242715e-01 8.212750866709368491e-01 8.142069842014607595e-01 8.213494410525162825e-01 8.080957922721747622e-01 8.174902075759397091e-01 8.197938470083229179e-01 8.191322150029485272e-01 8.218423837019270817e-01 8.276479532455829347e-01 8.125464764483184554e-01 8.158972287284507185e-01 8.087616639119513673e-01 8.066563730301371526e-01 8.224443901445241956e-01 8.178338048690767526e-01 8.157672045810308026e-01 8.147434399408804984e-01 8.200392781440978274e-01 8.213018906654960816e-01 8.199927395990364021e-01 8.219930315522664399e-01 8.185216835706037308e-01 8.127395764803334588e-01 8.134840226898488735e-01 8.172347930480817757e-01 8.113758989466031135e-01 8.235755267004261082e-01 8.203708447785856839e-01 8.160264145587505791e-01 8.099573754750546417e-01 8.179384599848604775e-01 8.194474418192576604e-01 8.195219110495340908e-01 8.163562968753949045e-01 8.154826694961242461e-01 8.126427686806315664e-01 8.171482226684255723e-01 8.230208825232061542e-01 8.227882517577973509e-01 8.209665144640772017e-01 8.258398276140462846e-01 8.179742075228102482e-01 8.241432719712189492e-01 8.208476944566429623e-01 8.189176575267348435e-01 8.200989964786675746e-01 8.177445895657194930e-01 8.181536074715505258e-01 8.173508501705548657e-01 8.164141675171894263e-01 8.188769905287661688e-01 8.207474632441639217e-01 8.249028831862759148e-01 8.128197228491527149e-01 8.194773136275387282e-01
7.939833262876164199e-02 1.728966968883387800e-01 3.404768482515444505e-01 5.985195420840550007e-01 4.645528807343557443e-01 5.498671359424495142e-01 7.445789404160493286e-01 7.489697013591677388e-01 1.000000000000000000e+00 7.585501752258790864e-01 7.915759147401419948e-01 8.546611238542054512e-01 7.953696148411941724e-01 7.818644435618455901e-01 8.643800400756840308e-01 8.561904945649455589e-01 8.349002653875192692e-01 7.043696988937633297e-01 7.344759817875895491e-01 7.377578252996819241e-01 6.503458779420984159e-01 7.751834674943028913e-01 7.997457444640412305e-01 6.741189113708672132e-01 7.340878716289669370e-01 8.639465792435880864e-01 8.559684583049169682e-01 8.615784540647571932e-01 8.518962973151066320e-01 8.809421250203439691e-01 8.753883659281103125e-01 8.599892850274393208e-01 8.227358874037756786e-01 8.372216540338982549e-01 8.523418687195724042e-01 8.171116647594752758e-01 8.622699414818504327e-01 8.506889171390177307e-01 8.668038046064546753e-01 8.091412587697250913e-01 8.742969492358435568e-01 8.648638619657330606e-01 8.236322559536807253e-01 8.835505689508431626e-01 8.720576796787291585e-01 8.671207970571939150e-01 8.889440286160845694e-01 8.933015792843285174e-01 8.879375728009760715e-01 8.338250411317463806e-01 8.621189126881343423e-01 8.361698553810662515e-01 8.805863596587626407e-01 8.967000181386617363e-01 8.792155742293180642e-01 8.790947172837169088e-01 8.815088517968632242e-01 8.853952640954588782e-01 8.751975736588788468e-01 9.001762026723597598e-01 8.932619669353029090e-01 8.927149335264010777e-01 8.832295126995114432e-01 8.916274039468362611e-01 8.949731707360807365e-01 8.988148055741875808e-01 8.939711029357847449e-01 8.800451239002086146e-01 8.869101065929152483e-01 8.900267067461905546e-01 8.677951789646360936e-01 8.824527354449506200e-01 8.609798787239604234e-01 8.526884295782483081e-01 8.936890706773271686e-01 8.917695562962943967e-01 8.885369157961999775e-01 8.856133539760721041e-01 8.791205327106790257e-01 8.934739437401731932e-01 8.898962838415386267e-01 8.918615232261178916e-01 8.857821917962849234e-01 8.895021617422670390e-01 8.749127976437330867e-01 8.766746645912629754e-01 8.817311095309809943e-01 8.849922172050357361e-01 8.866819950977098408e-01 8.817432760388677071e-01 8.712169929807127566e-01 8.883098236939782621e-01 8.873143380247232592e-01 8.870340971660936047e-01 8.945005832774062249e-01 8.956289584629072431e-01 8.631753500272467683e-01 8.845657804965809667e-01 8.944939757632589528e-01 8.837251859048526059e-01 8.784416694619493482e-01 8.870836245536489750e-01 8.900311573195802684e-01 8.931859960247630070e-01 8.878843866506349602e-01 8.880544725842980380e-01 8.946640094995730319e-01 8.948956753189100111e-01 8.936118375794910307e-01 8.922979335548818502e-01 8.844197404326485934e-01 8.991290292818550078e-01 8.922100399307395513e-01 8.989962800069679627e-01 8.963086803427884330e-01 8.984619837951201005e-01
3.073216697557507385e-02 1.715087727241625115e-01 3.442244936817443479e-01 5.827176213676587002e-01 4.349027449483036656e-01 5.345219520584594264e-01 7.177115268576063078e-01 7.016776080748445832e-01 7.585501752258790864e-01 1.000000000000000000e+00 7.441857302271767116e-01 8.090553513899392257e-01 7.463115804177730128e-01 7.370389307839297910e-01 8.187034357806761697e-01 8.044842055451495444e-01 7.717515660330883653e-01 6.534196120331556834e-01 6.966918715851778687e-01 6.826300275813335094e-01 6.081441509814458080e-01 7.172853854868401768e-01 7.649066503265221639e-01 6.393526361209233011e-01 6.975433926029883658e-01 8.170306800971719463e-01 8.141859141627673102e-01 8.225643694201602019e-01 8.164320863917119420e-01 8.299126852243304819e-01 8.331324748950296177e-01 8.166233255446794237e-01 7.906350492994582702e-01 7.880850773833909528e-01 8.034380476393291337e-01 7.680608942914011195e-01 8.139672922212549677e-01 8.232714994564359623e-01 8.190575849853302115e-01 7.902184179909619299e-01 8.349670941547288061e-01 8.291571755189518500e-01 7.869216645083264572e-01 8.397783774385766398e-01 8.261160218582618286e-01 8.272440871061835788e-01 8.420402956182754250e-01 8.462819453988326135e-01 8.390834908046540530e-01 7.927455653792676582e-01 8.238654642946953155e-01 7.847606973511678241e-01 8.265110497267548206e-01 8.460608410612943109e-01 8.387078803781192748e-01 8.406128493532898371e-01 8.260099724986393888e-01 8.399859443743674658e-01 8.384326156057874124e-01 8.393592288688862535e-01 8.359901198079849882e-01 8.406732334176431065e-01 8.333065083285924324e-01 8.278710962803836892e-01 8.251730707478612814e-01 8.347755734978896669e-01 8.432874101104090858e-01 8.301976986055101815e-01 8.372044341468705131e-01 8.351843918189107985e-01 8.195717252126376584e-01 8.308442081318311301e-01 8.146630156040182147e-01 8.060549201594052748e-01 8.442816327562231438e-01 8.432139117781777271e-01 8.445054923957965309e-01 8.438109686616854788e-01 8.363880189178110047e-01 8.453784792086292965e-01 8.434980309504559459e-01 8.441821711628471059e-01 8.343392183576057164e-01 8.410910916778314705e-01 8.306044362406127535e-01 8.275882852327339778e-01 8.373415232329172175e-01 8.434871069210377881e-01 8.401483464504586607e-01 8.386076300632986369e-01 8.354099161519472627e-01 8.439693268602773690e-01 8.418080439446640195e-01 8.430868420481991699e-01 8.457413108377966893e-01 8.469146995036184178e-01 8.240585516102775232e-01 8.219795057500436375e-01 8.412224009179189999e-01 8.408772235191169786e-01 8.379401596929436646e-01 8.402223089397075073e-01 8.419182424451108204e-01 8.435049623995413137e-01 8.331702528660673845e-01 8.336267555953758013e-01 8.439608831509556319e-01 8.460071961570110322e-01 8.453299062520986951e-01 8.460773757434151277e-01 8.448852182235614405e-01 8.438450120212349637e-01 8.449763000436504301e-01 8.401260487272759203e-01 8.361432222899380928e-01 8.435023899304531225e-01
1.543401125868961409e-02 1.404422956086139873e-01 3.512659146100479690e-01 6.158353391830928558e-01 4.583470067975043416e-01 5.556383306504714126e-01 7.690435951399604564e-01 7.470113329232015431e-01 7.915759147401419948e-01 7.441857302271767116e-01 1.000000000000000000e+00 8.511917416711476392e-01 7.639584204298608405e-01 7.744368090295365992e-01 8.592958646112008880e-01 8.356108226714061837e-01 7.844101485005881003e-01 7.175038564924365314e-01 7.486570389474914711e-01 7.237585930436915005e-01 6.695172966787997781e-01 7.752174317991897823e-01 8.099350691888427267e-01 7.026176528465365445e-01 7.580006980091693602e-01 8.613857544151690693e-01 8.497095618557622965e-01 8.569745711823701928e-01 8.472373469377710853e-01 8.685052143062003127e-01 8.796908496180100290e-01 8.581887526943566824e-01 8.246113950042509577e-01 8.395911125698354294e-01 8.398879104531276063e-01 8.282306740337760376e-01 8.616305293054171699e-01 8.541351546138680195e-01 8.634250845685118581e-01 8.346502693099637771e-01 8.701396272944600385e-01 8.706299993523076708e-01 8.421402676998341885e-01 8.729684446557086641e-01 8.696995778564473589e-01 8.690539303240369939e-01 8.725434193986816300e-01 8.742119874330480656e-01 8.686488569361453527e-01 8.360328921965675120e-01 8.513704961173066410e-01 8.428566049820596096e-01 8.637543579100372959e-01 8.755656932277110505e-01 8.650359465695286465e-01 8.735679994194789355e-01 8.645025141796917056e-01 8.723419338798641398e-01 8.680888186302248011e-01 8.719717683095855598e-01 8.713233774274469212e-01 8.737940670727040171e-01 8.676526177622789771e-01 8.635960485617157900e-01 8.606651921854895360e-01 8.705080833297123011e-01 8.764321202749439932e-01 8.716525010339261081e-01 8.767447866712579918e-01 8.767948435482157965e-01 8.660182201026770388e-01 8.722931394429906948e-01 8.596723479896034581e-01 8.589182173296385781e-01 8.801075809500199520e-01 8.765337031324417216e-01 8.788216378462242462e-01 8.737754860055553241e-01 8.756036421454558294e-01 8.790709409239542138e-01 8.794289997463135000e-01 8.823697718676501989e-01 8.774704166862166144e-01 8.747133400054841745e-01 8.741785395183353513e-01 8.726165776329348756e-01 8.760579434702701063e-01 8.821586802287715301e-01 8.790671969749931369e-01 8.803763126171064712e-01 8.748042354527759690e-01 8.796969818518568518e-01 8.813879392966763593e-01 8.810850883117817833e-01 8.763393809182051797e-01 8.779076712732131194e-01 8.707653249603306556e-01 8.647812747827988700e-01 8.775712712541812177e-01 8.792302855531480832e-01 8.808903907533037758e-01 8.817346261054732626e-01 8.787418413579137777e-01 8.788592322487965847e-01 8.776912448025591118e-01 8.744474977687373141e-01 8.786670884004147419e-01 8.777980313670741275e-01 8.796774165502190268e-01 8.791640009187674520e-01 8.791216737390646907e-01 8.773192688122188887e-01 8.798923683424636488e-01 8.761451373506463636e-01 8.701144069597485098e-01 8.766978549943560406e-01
3.094623280658838523e-03 1.619530220543069499e-01 3.916790603868032794e-01 6.687885960326642731e-01 5.062969910676365926e-01 5.947924189626674352e-01 8.151427697274005180e-01 7.956591997403206218e-01 8.546611238542054512e-01 8.090553513899392257e-01 8.511917416711476392e-01 1.000000000000000000e+00 8.301624963853012629e-01 8.309321747214460929e-01 9.208757767946905703e-01 9.071434090752800161e-01 8.582708159837094675e-01 7.630832774415535757e-01 7.962290515817761483e-01 7.740001481614970924e-01 7.192043586283310974e-01 8.354234369427220308e-01 8.660783442653373632e-01 7.414250391109458160e-01 8.033923038228988345e-01 9.205679381021500962e-01 9.142167942781301848e-01 9.174136053175833139e-01 9.032902746974497132e-01 9.287602187769617990e-01 9.371763684812567385e-01 9.206182837299333732e-01 8.838685688544699603e-01 9.008665026261145625e-01 9.075397656015407044e-01 8.885623205098126531e-01 9.210951316367729236e-01 9.198192126482424014e-01 9.319384965131977117e-01 8.903422323198674215e-01 9.337956221618277652e-01 9.309300204521055999e-01 9.024344226072121833e-01 9.437992515370379198e-01 9.316933839685058727e-01 9.319557694378312052e-01 9.410802786695839917e-01 9.421497355088597203e-01 9.387538913083732783e-01 9.020754925111179601e-01 9.247796223222978229e-01 9.043053578755499977e-01 9.348605777839933406e-01 9.467787970602306036e-01 9.382358873674641053e-01 9.374660334227810088e-01 9.360026400228329546e-01 9.429929456371057839e-01 9.364033633515479460e-01 9.444029355137765203e-01 9.461072024854816354e-01 9.472912366250796357e-01 9.419257846920346955e-01 9.395747466684684079e-01 9.339699705576978150e-01 9.446473595602121742e-01 9.456657667084151786e-01 9.367614925582067320e-01 9.422404962489732139e-01 9.412763192805281287e-01 9.302617511740041145e-01 9.388866948654825961e-01 9.209036154629460791e-01 9.182961559927956818e-01 9.473424933833936024e-01 9.454225426875806360e-01 9.431594443756606827e-01 9.390945052004426863e-01 9.365361180216198456e-01 9.467806492347158320e-01 9.447738136125695130e-01 9.480045295157529806e-01 9.420508185420610747e-01 9.432610559633235470e-01 9.377375312678903896e-01 9.365046430435889357e-01 9.412308043772343868e-01 9.459525984159812273e-01 9.467825235089821767e-01 9.409815575387686648e-01 9.372887217178960118e-01 9.452443642424410708e-01 9.464559137396694188e-01 9.447880186825594606e-01 9.458135960678513143e-01 9.468109284798457148e-01 9.307873778000197440e-01 9.328723154663685069e-01 9.459852738408309758e-01 9.435496297872825178e-01 9.444561612240989223e-01 9.467702616490626388e-01 9.454804291798788451e-01 9.482642769807163585e-01 9.446788097734999390e-01 9.406307248415797240e-01 9.462918904519643792e-01 9.473271712680056966e-01 9.470141509882811226e-01 9.475105860331662910e-01 9.443338826035296840e-01 9.473792410596472147e-01 9.479493749522368562e-01 9.471653756314638573e-01 9.410438845702281396e-01 9.472968578344039825e-01
4.067601852010700042e-02 1.517737450986193504e-01 3.620605817100805979e-01 5.974233045089035743e-01 4.923862082374854121e-01 5.435673532053590939e-01 7.438099338458843413e-01 7.338022558889191194e-01 7.953696148411941724e-01 7.463115804177730128e-01 7.639584204298608405e-01 8.301624963853012629e-01 1.000000000000000000e+00 7.589164920746156451e-01 8.446181851857825773e-01 8.406118418119046254e-01 7.923576207474146704e-01 6.919854180679062550e-01 7.209382343936577842e-01 7.047277922582320109e-01 6.503679053080477779e-01 7.546431455581269487e-01 7.836878872483012959e-01 6.644629695718211604e-01 7.286204749006425230e-01 8.374175587927323861e-01 8.292939344570828819e-01 8.373935573116209063e-01 8.194226801932997795e-01 8.520263346624972201e-01 8.536095191989107045e-01 8.371200163809863204e-01 8.003532334333253173e-01 8.113662688418139535e-01 8.234056752469000040e-01 8.038127313524610074e-01 8.426574753342712665e-01 8.257689503488410132e-01 8.467095791782008884e-01 7.987319567298942768e-01 8.499402674751046494e-01 8.467902069039121571e-01 8.190031472231353860e-01 8.609761873281229771e-01 8.518716900560151517e-01 8.409936167218323710e-01 8.595537238814227043e-01 8.641680711840652451e-01 8.571255081463092784e-01 8.102360777079530285e-01 8.344229062548357279e-01 8.251034439817386268e-01 8.535506832967626467e-01 8.642984802267612565e-01 8.545385279233752573e-01 8.516537251436967493e-01 8.484544402690743503e-01 8.638625770237110535e-01 8.488050716244031069e-01 8.683196556222926299e-01 8.636723724170045635e-01 8.624171933017497071e-01 8.533142576288318404e-01 8.611891546514448548e-01 8.566401720501630734e-01 8.660382935398639459e-01 8.650867697226072295e-01 8.539132254756035545e-01 8.592672356797675937e-01 8.581500043938310451e-01 8.459222824838478205e-01 8.564058203705096073e-01 8.352192621463830902e-01 8.339513678384317119e-01 8.651440641173778756e-01 8.622062621450696795e-01 8.581420884924511050e-01 8.558346284315109243e-01 8.513874412177256934e-01 8.650515761264893078e-01 8.631144588949425378e-01 8.643748584214442365e-01 8.580224864442519417e-01 8.600118107904012321e-01 8.490086512073148350e-01 8.501558792590198088e-01 8.585643623551217907e-01 8.589664433705137547e-01 8.626012970864068707e-01 8.554918512639630990e-01 8.509195647432686860e-01 8.630632154048418769e-01 8.619910549335590977e-01 8.581081396182513865e-01 8.658976769232943349e-01 8.656947561394291446e-01 8.409719703432597671e-01 8.499256969284713081e-01 8.625966560464168875e-01 8.557012308756554164e-01 8.581391314634010392e-01 8.609677361180353428e-01 8.645751174056286459e-01 8.683294488916123433e-01 8.631493371441569806e-01 8.580745493658697987e-01 8.643776243927665526e-01 8.664971576370015249e-01 8.649908984180951776e-01 8.637472498316217662e-01 8.577844888952381730e-01 8.690716225168287901e-01 8.647622836478003894e-01 8.680132720940207935e-01 8.656497629373414160e-01 8.677552525256411187e-01
