1.000000000000000000e+00 2.192535917925617917e-01 2.581478851234556005e-01 1.683819429616544572e-01 1.300133168274446305e-01 9.498710983852225176e-02 1.379211711587772227e-01 1.008181326296165303e-01 2.228929766593363837e-01 6.910644752024029669e-02 8.223877390032488521e-02 7.597063299638437406e-02 8.083004325443890470e-02 5.730636839396004156e-02 5.212624074676344699e-02 8.426291267370332461e-02 2.086282131932992445e-01 3.813177883323725648e-01 3.641015964707799424e-01 2.716710165275050826e-01 3.749027855935100906e-01 3.523681798530576281e-01 3.129629059444720696e-01 3.535327735253053216e-01 3.570078450093096545e-01 2.374944811278154599e-01 2.588386052482715138e-01 2.247460719617361269e-01 2.791800058519797179e-01 2.700881845992146868e-01 2.487079921641162372e-01 1.768888058806228902e-01 2.136281065527468326e-01 2.298679756542529873e-01 1.939918381374144407e-01 2.254257673927196060e-01 2.249801597181463331e-01 1.475579439829968476e-01 1.831566143058773743e-01 1.198720331688608864e-01 9.262672221147195961e-02 1.171108245762558786e-01 1.224770172065876989e-01 1.342604246696960657e-01 1.860085846354505024e-01 1.698414912612375149e-01 3.222574018121684980e-02 4.206013624928182232e-02 6.090649661064346382e-02 1.039779592549580634e-01 9.290263836732026714e-02 7.436602164973747653e-02 9.349511210264341288e-02 8.272325578442178695e-02 1.179561719431748701e-01 1.374984926181381795e-01 1.033222207887384003e-01 7.826469486278017640e-02 7.852671541878783468e-02 6.791008242573159936e-02 7.881211070813419484e-02 6.410308627311062102e-02 9.800399863638117881e-02 8.960945673631733055e-02 1.224388703745529078e-01 9.938945489699094193e-02 5.460503818376241658e-02 1.161142288954244151e-01 1.236164747551430076e-01 1.631061877808775429e-01 1.460386120803804366e-01 1.184922819438019442e-01 1.359042177049542832e-01 1.539069672029430014e-01 1.012108095890272841e-01 1.029471310604658657e-01 8.566194492000700489e-02 1.317240134717869715e-01 1.187202262350056520e-01 1.312040061315168371e-01 1.131032825381916851e-01 1.288099699401899778e-01 1.087135470790984992e-01 8.796511714270981164e-02 8.112599036573167610e-02 1.094921037762989074e-01 9.860970848666064659e-02 6.588585323385062753e-02 8.377512384835941739e-02 8.877066187191769153e-02 7.076153440406141026e-02 4.969020279237012366e-02 8.215208926194247918e-02 8.798731519973466975e-02 2.502867873468919008e-02 1.934970452920255907e-02 6.152935142858435846e-02 8.849648251739221372e-02 4.627300562851489885e-02 5.183496222219156208e-02 5.988682851814173397e-02 5.208892360456864740e-02 4.230111416489844983e-02 4.121130502697610554e-02 7.549930170437001153e-02 8.165431372517462094e-02 3.853651725542225209e-02 4.401805779270386715e-02 5.837949234975190610e-02 4.752223527203444653e-02 3.589248481545005004e-02 3.611713496948908836e-02 3.451467796810151617e-02 5.654308134987522105e-02 6.776869173432741034e-02 6.259275454493147539e-02
2.192535917925617917e-01 1.000000000000000000e+00 1.483768373016182418e-01 1.718897798121288567e-01 1.350395525204638736e-01 1.141663616107672086e-01 1.987143169302701129e-01 1.428941928477183432e-01 2.363040389106428885e-01 2.344259842255459747e-01 1.801491566531940314e-01 1.673675743900939483e-01 1.672701618099749765e-01 1.718468507547367130e-01 1.720757655186492263e-01 1.738107338332168517e-01 2.230203380532265467e-01 2.773685269658409114e-01 2.376746238478766038e-01 2.107403270617384805e-01 2.479931845628736142e-01 2.413651437011849754e-01 2.942843596746798629e-01 2.677568832448254388e-01 2.387542155721441017e-01 2.655502356690724319e-01 2.601527458785554692e-01 2.658675113026178760e-01 2.804986570694717463e-01 2.709810923857003395e-01 2.768030471198841269e-01 2.600254620003786266e-01 2.549622008568728226e-01 2.507521839734918045e-01 2.358431721848256724e-01 2.528592500117491926e-01 2.637363008639009854e-01 2.462299456004342357e-01 2.543186399248654195e-01 2.264108073311646152e-01 2.040068429843131248e-01 2.156804088298023558e-01 2.059545050824179990e-01 2.129394475224999084e-01 2.407830094401378906e-01 2.394978325598524083e-01 1.786071270078422313e-01 1.806569218335336846e-01 1.882273114385399349e-01 1.948610047560374037e-01 1.879283696897174616e-01 1.513074177720513391e-01 1.859870430527707785e-01 1.937167803328249116e-01 2.078992759189347284e-01 2.362886578818787497e-01 1.929085704709758153e-01 1.998004878460394595e-01 1.887211912267432457e-01 1.895408702421780833e-01 1.847160980073549730e-01 1.915744555873966637e-01 2.022441821568943532e-01 1.946819993673374050e-01 2.079888030480464001e-01 1.987269228750807859e-01 1.845310835720451181e-01 2.068270129228926557e-01 2.292070807742390137e-01 2.197125067875357052e-01 2.030226341880561891e-01 2.008139537966070198e-01 2.153240284307029739e-01 2.065055222040108884e-01 2.059117567789732206e-01 2.034081318363961666e-01 2.020968144692193713e-01 2.252237337797921568e-01 2.187817474569573040e-01 2.213271622007665640e-01 2.127946490330210050e-01 2.289470224602718762e-01 2.169899300675523501e-01 1.892163737244751676e-01 1.909645616430322712e-01 2.057775251537341255e-01 2.137377473406741613e-01 1.949988405452689755e-01 2.089698490136993048e-01 2.108553984285847505e-01 1.946439390462249008e-01 1.871798284839947257e-01 1.971671778771765804e-01 2.083047588980646014e-01 1.702852115345473982e-01 1.689845250729008763e-01 1.770667674176627238e-01 1.795598127157152224e-01 1.764580516063304072e-01 1.812318470144818339e-01 1.820763899990794632e-01 1.788131520941260710e-01 1.712001130742023813e-01 1.785253185842033963e-01 1.797586441326458062e-01 1.884611384493174169e-01 1.725959396008362456e-01 1.862015151684915104e-01 1.924345357220923203e-01 1.831460516497074031e-01 1.789600217480850630e-01 1.742974159769060949e-01 1.779322746953785339e-01 1.790702240614692187e-01 1.850210917192932902e-01 1.834744804502177751e-01
2.581478851234556005e-01 1.483768373016182418e-01 1.000000000000000000e+00 3.857493236497651634e-01 2.331894702614783210e-01 2.907921192537628596e-01 3.884688205131739958e-01 3.432739838706329039e-01 4.069624712464879335e-01 3.206827409580638166e-01 3.617447261117812118e-01 3.687264923286142637e-01 3.341102994102789769e-01 3.401165546139485740e-01 3.664573749574810968e-01 3.682487158787407511e-01 3.956399893030084769e-01 4.285809371650250998e-01 4.512260180927341047e-01 3.618479120104757252e-01 4.330496430412784092e-01 4.725881919162118194e-01 4.538415739569446883e-01 4.565640546944437217e-01 4.761294514882195017e-01 4.549875507275026321e-01 4.775620800557464074e-01 4.576922546402119596e-01 4.399639119603191428e-01 4.549207831612959718e-01 4.770816679801175852e-01 4.252738866659974692e-01 4.320634523887540990e-01 4.261497180573723953e-01 4.322094294626421251e-01 4.233382238692123267e-01 4.558597540992030406e-01 4.123201537845022080e-01 4.359090952962738630e-01 3.958083552584920617e-01 4.051184444390617534e-01 4.078864337663747897e-01 4.164915901296742384e-01 4.247340131694737342e-01 4.423192871141279348e-01 4.375999229342686370e-01 3.562657221575231126e-01 3.582362445626869896e-01 3.648503249695740358e-01 3.772704234246785360e-01 3.814366130919766285e-01 3.770986856721835756e-01 3.845498635076309291e-01 3.760638160806301089e-01 3.982191999762180745e-01 4.089536881538973767e-01 3.827225895744966189e-01 3.918984251382154893e-01 3.756224979423679611e-01 3.787858902229044311e-01 3.890662404627717175e-01 3.766381990590759732e-01 3.978628724791902216e-01 3.822793834813635327e-01 4.032616572449466696e-01 3.960025557190471335e-01 3.702601758448043068e-01 4.063545481817809613e-01 4.122049793266258644e-01 4.210159872981674711e-01 4.258051800575065604e-01 4.113147474191535258e-01 4.142160543809487172e-01 4.336043709522345857e-01 4.064240146903294049e-01 4.114918697103970846e-01 3.988269161652619466e-01 4.055116177839810931e-01 4.140004673636406562e-01 4.212655735234766552e-01 4.102770870534599434e-01 4.262601959008198160e-01 4.001583502560664418e-01 3.997013726775372477e-01 3.916320083731502644e-01 4.053455886677569397e-01 4.030512450826109205e-01 3.834192167426926923e-01 3.962123324380639189e-01 3.902075676580446517e-01 3.888316852885345676e-01 3.776579905350465061e-01 3.956479722841761970e-01 3.995372546708297334e-01 3.548051182887572708e-01 3.518043150402829777e-01 3.742212744424769921e-01 3.823966091481615370e-01 3.697277970427217397e-01 3.715809631214665454e-01 3.805399832338351440e-01 3.702416238652488367e-01 3.608077383816862271e-01 3.699775966167518915e-01 3.845660530629346208e-01 3.837625040231425477e-01 3.593774543308598246e-01 3.631579268309080843e-01 3.723223492239438048e-01 3.688370335349035467e-01 3.658988435222881863e-01 3.621213808556666414e-01 3.637714494376591001e-01 3.715874764181483769e-01 3.752292224397729137e-01 3.778962184479344733e-01
1.683819429616544572e-01 1.718897798121288567e-01 3.857493236497651634e-01 1.000000000000000000e+00 3.945005013189993859e-01 4.089949773150807766e-01 5.799527583855351720e-01 5.594272149776269298e-01 5.692686518283189834e-01 4.576160210178211174e-01 5.597040504638082226e-01 6.635544113398121890e-01 5.451673082084200761e-01 5.410357712478219838e-01 5.862437042875738857e-01 5.931913817485626739e-01 5.478883093157868034e-01 4.747876705606106085e-01 5.136279195625479410e-01 4.739813002470286141e-01 5.238279761330145723e-01 5.693859316131029136e-01 4.760357546068589296e-01 5.052513149497867007e-01 5.204405512508765153e-01 6.223318704217837283e-01 6.279280435078834488e-01 6.244616924707988570e-01 5.640976471397045611e-01 5.905436697898742704e-01 6.171365997685409610e-01 5.812309074755220850e-01 5.732699330643423741e-01 5.517011933507974808e-01 5.679580072637794297e-01 5.567148037213650591e-01 5.695224412268198311e-01 6.095727621528349571e-01 5.989932689915731245e-01 5.652185857894866938e-01 6.031992770555532068e-01 6.073085713450013801e-01 6.084725681625264837e-01 6.346392857906042462e-01 6.112277056883183013e-01 6.220544728213515118e-01 5.788079909360591691e-01 5.666984043558157547e-01 5.836597976481063821e-01 6.055063142845464874e-01 6.025708490884792434e-01 6.035662271566588633e-01 6.227385809368869429e-01 5.638833920195445160e-01 5.809412826211755032e-01 5.779557135872933626e-01 5.949417368759933877e-01 5.930909061967216678e-01 5.811673362021869682e-01 5.885739689045937917e-01 6.099058267663638455e-01 5.798743159101145128e-01 5.953084852321374187e-01 6.066030956866825807e-01 5.979376966590411735e-01 6.077627478349461043e-01 5.777231194923071467e-01 5.897513267095775280e-01 5.866663016067810155e-01 6.109804174312835068e-01 6.096148621832965242e-01 5.949029231817928309e-01 5.774324464529393408e-01 5.961084803186483816e-01 6.150555350725614989e-01 6.123509110246562193e-01 6.063985466679335801e-01 5.900095915145213699e-01 6.107152395154595848e-01 6.145945325740799214e-01 5.947771518142642710e-01 6.180234318715555064e-01 5.785639624773427636e-01 5.858196172582089689e-01 5.884834703731435246e-01 5.846590380307178370e-01 5.834245488075930908e-01 5.948155001654500396e-01 5.911416099082984488e-01 5.829416033304323230e-01 5.908556632812757003e-01 5.933401749931637159e-01 5.980094192115420482e-01 6.101655640321761442e-01 5.735097755584451784e-01 5.662181930069936087e-01 5.968343551206393149e-01 6.025778458497536016e-01 5.918135278894249840e-01 5.905275364024851203e-01 5.975863546635168388e-01 5.898227953683478075e-01 5.915581930170971114e-01 5.961544013623365501e-01 5.983973621395859421e-01 5.953684470458063815e-01 5.772657821137657796e-01 5.678719310045473589e-01 5.764978677751813052e-01 5.842475223444868471e-01 5.762406921161433715e-01 5.791227667761584819e-01 5.758379562021146425e-01 5.876422718520856181e-01 5.850636555311147236e-01 5.919277472875575929e-01
1.300133168274446305e-01 1.350395525204638736e-01 2.331894702614783210e-01 3.945005013189993859e-01 1.000000000000000000e+00 3.340611699959235015e-01 4.752940440799627297e-01 4.872569627085610589e-01 4.815868078459963342e-01 4.006685514747141408e-01 4.581014474051590124e-01 5.122341034837691875e-01 4.848866045299304872e-01 4.437082722834234660e-01 4.924971617092703813e-01 5.043186847818871277e-01 4.589991115217268991e-01 3.905779262751552516e-01 4.323062014821584809e-01 3.412888108063834025e-01 3.835949655776170752e-01 4.289855186233787476e-01 4.524441410780378203e-01 4.380155046456190582e-01 4.156841906553337407e-01 5.119717955047476954e-01 5.029460505803928783e-01 5.120675968522946375e-01 4.537864589983954255e-01 4.816976210748315501e-01 4.939083946835444161e-01 5.017746871202409809e-01 4.924951298857327409e-01 4.702256002548618197e-01 4.814037702226790505e-01 4.798493226026755432e-01 4.952400228351546696e-01 5.035404950514156264e-01 5.060255821225533301e-01 4.963147414429383564e-01 5.011629924116551837e-01 5.088141322698558344e-01 5.144848381588434938e-01 5.189281732955617343e-01 5.132411324424734911e-01 5.142158174782257563e-01 4.898714520962155206e-01 4.843756059210653775e-01 4.876601574401029371e-01 4.966605720074949160e-01 5.003575700288576122e-01 4.942602841896431287e-01 5.103754733157682688e-01 4.876667992840256205e-01 4.925708861795597970e-01 5.032796662217867700e-01 5.001545146601183989e-01 5.005872785382222689e-01 4.839449845956452223e-01 4.984751199780328990e-01 5.086000563560981735e-01 4.919838428293223931e-01 4.999742599155670431e-01 4.997776386796541348e-01 4.959268307174991564e-01 5.019835760149342629e-01 4.900589981362629688e-01 5.052286885925657556e-01 5.060238341966943887e-01 4.912510939457832015e-01 5.037214254527349055e-01 4.945713986843488508e-01 4.967728626100072487e-01 5.041802752554457312e-01 5.124319841347857452e-01 5.097138709033524062e-01 5.048736762113695820e-01 4.896425477145238681e-01 5.116596608146652958e-01 5.111810293037274411e-01 5.069504222561176388e-01 5.108917290600512029e-01 5.001131159199450060e-01 5.011339040369255926e-01 5.026518225312228694e-01 5.010925137935418050e-01 5.003568307121857295e-01 5.031732782631774814e-01 5.043421521717196265e-01 5.036660208280382411e-01 5.060321601244339718e-01 4.995604843119175742e-01 5.041979812021676333e-01 5.108426023707919317e-01 4.873733896976157887e-01 4.827848014821284894e-01 5.032168176869574738e-01 4.988542834157768113e-01 4.976989067314088744e-01 4.974238087321664614e-01 5.085911459780491084e-01 5.009637630325237678e-01 4.937382524179622090e-01 4.999777738582285580e-01 5.053124711772860600e-01 5.042201295495106761e-01 4.878033239610489180e-01 4.882012183722657661e-01 4.929398921714192028e-01 4.925441807027017282e-01 4.902783262822347776e-01 4.865113592381521967e-01 4.902099339482970386e-01 4.991360485253492074e-01 4.922504443766783644e-01 4.946560295320481249e-01
9.498710983852225176e-02 1.141663616107672086e-01 2.907921192537628596e-01 4.089949773150807766e-01 3.340611699959235015e-01 1.000000000000000000e+00 5.579619312800864206e-01 5.262917846662874544e-01 5.446908281735627355e-01 5.070667477565578007e-01 5.527374029015842405e-01 5.782017767080931403e-01 5.424339922243973655e-01 5.557104998630149062e-01 6.023105019904053670e-01 5.969404656663686026e-01 5.292762738053730098e-01 4.005102256707205877e-01 4.692501314006368163e-01 3.485582914255915266e-01 3.966599076682388869e-01 4.925406055470899491e-01 4.835710277766686604e-01 4.826009140012362808e-01 4.772899295460221736e-01 5.706363477676300588e-01 5.744514853044503377e-01 5.850733960093923436e-01 5.379012212721733244e-01 5.497029465850328256e-01 5.634084515044885944e-01 5.863416814547892653e-01 5.626570669372874534e-01 5.389108289614739089e-01 5.699256639298000415e-01 5.413439398104612499e-01 5.714236294526923166e-01 6.005268259861024083e-01 5.909927439446979180e-01 5.789454058464215125e-01 6.123091647934733039e-01 6.140189474210749898e-01 6.118677647598734781e-01 6.215084929580034778e-01 5.989368745927855509e-01 6.049359804570487720e-01 6.091968112747102593e-01 6.052286287497868900e-01 6.092960460315326454e-01 5.793034824154744689e-01 5.967451627443983719e-01 5.755605010043395309e-01 5.995045321138290362e-01 6.093132142974071463e-01 6.103649598708414947e-01 6.054422268551890030e-01 6.023643179714861517e-01 6.186491056929589449e-01 6.145369601389111258e-01 6.131606161324726356e-01 6.155730438813324934e-01 6.107576232810820738e-01 6.150763926894734501e-01 6.048373590319390258e-01 6.012142675001669323e-01 6.064359415375060181e-01 6.087293993656579527e-01 6.107636614826865706e-01 6.105397289820072571e-01 5.765786875432279412e-01 6.070434540517705146e-01 6.140605234214375763e-01 5.963921635224805895e-01 6.097772953453716172e-01 6.224455959688802720e-01 6.169392264803104098e-01 6.166263813351903211e-01 6.007033750122512394e-01 6.167460201717019919e-01 6.100108050299319906e-01 6.157819574844471955e-01 6.159798168328635137e-01 6.066173329375091905e-01 6.137376121434324761e-01 6.147607822022475021e-01 6.089906692860170834e-01 6.062763125832653088e-01 6.149582368660349019e-01 6.147041706704389208e-01 6.138754644247468306e-01 6.135464449703494916e-01 6.157536312342344331e-01 6.179332432962362232e-01 6.221518783937799446e-01 6.082298381889682526e-01 6.070871792316840931e-01 6.153548322948736438e-01 6.080816521414283971e-01 6.156728506759341357e-01 6.127523086752231229e-01 6.176580651571076386e-01 6.173414580868735735e-01 6.076906886472011049e-01 6.189528941228482628e-01 6.136555120177393796e-01 6.133540795407618207e-01 6.116218599322175153e-01 6.080731352609112239e-01 6.111342863285162963e-01 6.137962687408017315e-01 6.165136614149484551e-01 6.098362497704787888e-01 6.152547305068184480e-01 6.132079576567784907e-01 6.126972149496404674e-01 6.124506490365508871e-01
1.379211711587772227e-01 1.987143169302701129e-01 3.884688205131739958e-01 5.799527583855351720e-01 4.752940440799627297e-01 5.579619312800864206e-01 1.000000000000000000e+00 7.563588163553244259e-01 7.521214843759638224e-01 6.944342355304751191e-01 7.555635916054552759e-01 8.083155558170977972e-01 7.611751340114057962e-01 7.634237015236066126e-01 8.550695223796822564e-01 8.182779851471581045e-01 7.437952202706518134e-01 5.736877708433989476e-01 6.579500489239052952e-01 5.009027896548753356e-01 5.574324421465680635e-01 6.718563803258045253e-01 6.950573332271389182e-01 6.889639982181011701e-01 6.573719229675518694e-01 7.966635048984077594e-01 8.076808957290922963e-01 8.240906987997086430e-01 7.445702516478166499e-01 7.711854481263422656e-01 8.059523246886897141e-01 8.120524781540487957e-01 7.932748609504992610e-01 7.666388920615060387e-01 7.876720668965164762e-01 7.635507762258562092e-01 8.109842042208463830e-01 8.333258357362393065e-01 8.309606714692411300e-01 8.209289369065155828e-01 8.361312116586723242e-01 8.418391620334375602e-01 8.305143482513248632e-01 8.480961052128916933e-01 8.407222142455336167e-01 8.461550331678340253e-01 8.270994764323600368e-01 8.233435600168860224e-01 8.234451464914068763e-01 8.041705658987962080e-01 8.241542570888108488e-01 8.087630941204133617e-01 8.299463892339992155e-01 8.173130245624182777e-01 8.257701419545874222e-01 8.275534713081236227e-01 8.179907932337722176e-01 8.334615441976426231e-01 8.279672592848847934e-01 8.341408103748872982e-01 8.354724960183478322e-01 8.289588228217803501e-01 8.290769395698415201e-01 8.308264482096566761e-01 8.242602916863610574e-01 8.310280368401550266e-01 8.276035612701398980e-01 8.355413373209593653e-01 8.394094687615003547e-01 7.938715962457182362e-01 8.262994929426652480e-01 8.292277633980762452e-01 8.250928353481913335e-01 8.351326596372352640e-01 8.490434063681653321e-01 8.449350603660272796e-01 8.484335364051791561e-01 8.277516262638616729e-01 8.518775171710945004e-01 8.419443824752729233e-01 8.451991966428589187e-01 8.522222051329845227e-01 8.336100909343597820e-01 8.325436941642123667e-01 8.299263268755491252e-01 8.340978581171284434e-01 8.395359178780849030e-01 8.399821854482655281e-01 8.456605145782106758e-01 8.357508206165101816e-01 8.450134261724433493e-01 8.420113079633451125e-01 8.463328202986941662e-01 8.515800353328628614e-01 8.259554658251393455e-01 8.231575261121688580e-01 8.294484863511373263e-01 8.253075802966276520e-01 8.324978798494012677e-01 8.293521591699790640e-01 8.363240693986734309e-01 8.313046988094177081e-01 8.309375387087875042e-01 8.347956137077143790e-01 8.347502072313073285e-01 8.286296344838935957e-01 8.265917738576968876e-01 8.269492832743555732e-01 8.301546076797466922e-01 8.298000215516850853e-01 8.298581416015123891e-01 8.281395768383724709e-01 8.265886486787508147e-01 8.319179150134836664e-01 8.281988884984543553e-01 8.305478894286050240e-01
1.008181326296165303e-01 1.428941928477183432e-01 3.432739838706329039e-01 5.594272149776269298e-01 4.872569627085610589e-01 5.262917846662874544e-01 7.563588163553244259e-01 1.000000000000000000e+00 7.413140165719249719e-01 6.750345729908610037e-01 7.336614028495110906e-01 7.919752153740386991e-01 7.558109281859859419e-01 7.574370042186472363e-01 8.180043937979755153e-01 8.282004268870273300e-01 7.306008752059041100e-01 5.470682251378671257e-01 6.318270299817440039e-01 5.001756519105251542e-01 5.566011212419290644e-01 6.440017827760541325e-01 6.372114603056001636e-01 6.409461529618060149e-01 6.106804607098333948e-01 7.525484697808472179e-01 7.621911887734414970e-01 7.737947608415435274e-01 7.060700975877203245e-01 7.258224542271355384e-01 7.436571739105369838e-01 7.864494712942239341e-01 7.633072586802975845e-01 7.463930511117722322e-01 7.519547363092102810e-01 7.504565278228327863e-01 7.681317559165258269e-01 8.195423244757834569e-01 8.025545209575734029e-01 8.007818160732151913e-01 8.227685941424923710e-01 8.267657017798718533e-01 8.179024981440750075e-01 8.311454111927940591e-01 8.135375310477032107e-01 8.119340118566158448e-01 8.224756775786731255e-01 8.193296137014811631e-01 8.188108725843173952e-01 8.028973627129979418e-01 8.178722138170632094e-01 8.097493985616722734e-01 8.289892441672105372e-01 8.094310199822993823e-01 8.132827914137398251e-01 8.120348139598254633e-01 8.127889294345056470e-01 8.288188407665237900e-01 8.211786765996006432e-01 8.246423600494254824e-01 8.296515484074130642e-01 8.212379327205064916e-01 8.227660087700157110e-01 8.213657838538577227e-01 8.205636910683699048e-01 8.248077684980181790e-01 8.240568308521206697e-01 8.209379893041979237e-01 8.160505619209635908e-01 7.889239134515368956e-01 8.177621449931612441e-01 8.181384617659467340e-01 8.042881584232128844e-01 8.128015772152787921e-01 8.307394461552144449e-01 8.265875265102672342e-01 8.292731104905595174e-01 8.089322235169190689e-01 8.278096162447537987e-01 8.222998612308765054e-01 8.194001769619916331e-01 8.218767088814836752e-01 8.197419490625265093e-01 8.128659902251562652e-01 8.240398964763169243e-01 8.209978988247098597e-01 8.198379543143037296e-01 8.326630270900561293e-01 8.285084041548397282e-01 8.235082390608655656e-01 8.297081734702682621e-01 8.325240518316618932e-01 8.325950044053866961e-01 8.352222106243828437e-01 8.249185742808745614e-01 8.196787118346139378e-01 8.286316228505368198e-01 8.262463913731022958e-01 8.312264008342036270e-01 8.275560554145621195e-01 8.351972467466363126e-01 8.291200414613184577e-01 8.300816314293900655e-01 8.333117878062620276e-01 8.349994811414965801e-01 8.271714401161159858e-01 8.245520815517254354e-01 8.196260767653303914e-01 8.212672460219647697e-01 8.287980359966582444e-01 8.253889472835886920e-01 8.248533115300169527e-01 8.236485033408579293e-01 8.306071637237129046e-01 8.273388115069114646e-01 8.286978076792860248e-01
2.228929766593363837e-01 2.363040389106428885e-01 4.069624712464879335e-01 5.692686518283189834e-01 4.815868078459963342e-01 5.446908281735627355e-01 7.521214843759638224e-01 7.413140165719249719e-01 1.000000000000000000e+00 7.583161232242817684e-01 7.772730678240683533e-01 8.249493359594869402e-01 7.835773170335039728e-01 7.856816678583657954e-01 8.346049207157981709e-01 8.472707370184973108e-01 8.168774204891084967e-01 6.490235006473302759e-01 7.364671245204662542e-01 5.626766992163195757e-01 6.476054490093546834e-01 7.435652754699811906e-01 7.082867840053904684e-01 7.311558448745077987e-01 7.123777829794271099e-01 8.226524100402862194e-01 8.376471291934057817e-01 8.345379019975679435e-01 7.849904087922867646e-01 8.111261828242417593e-01 8.250291868248773586e-01 8.536368200032186104e-01 8.137820463207610100e-01 8.004436845371531994e-01 8.192591189700990650e-01 8.040411718993221157e-01 8.321035061123317478e-01 8.552750866472462743e-01 8.485351709768421680e-01 8.249149919256856256e-01 8.648266604355500098e-01 8.653341013122365366e-01 8.530750560476220157e-01 8.753704873701243505e-01 8.721392042133351286e-01 8.592289956511739435e-01 8.593774448172993852e-01 8.628731639415339050e-01 8.637891133671870003e-01 8.308155997108084279e-01 8.581150909105577096e-01 8.313341851158720930e-01 8.684184597183594034e-01 8.627102763634375560e-01 8.662394519310218088e-01 8.592179063495384295e-01 8.588398069013446490e-01 8.652406061671827908e-01 8.613882121573531725e-01 8.716586823994092459e-01 8.714951915333480903e-01 8.648264047401642562e-01 8.656264171446378386e-01 8.662473440456309737e-01 8.841040724293202091e-01 8.779472139105117812e-01 8.652576195912323742e-01 8.740100962378555272e-01 8.732398890224916110e-01 8.476841501022641667e-01 8.763330351892102410e-01 8.766257456388731883e-01 8.596362158116386265e-01 8.702551406248215660e-01 8.738483465156052787e-01 8.774668306202345613e-01 8.711581026385850635e-01 8.645123463880838299e-01 8.711969579353854298e-01 8.744776006581509442e-01 8.727641633319535019e-01 8.784734537134707422e-01 8.680991355116657315e-01 8.656653119173787214e-01 8.621873455692351529e-01 8.658793849947740151e-01 8.652680971982893432e-01 8.671436389967366321e-01 8.657068256602475920e-01 8.622934310513874490e-01 8.637710800075691919e-01 8.666734935657520733e-01 8.727144945168450185e-01 8.732699502857356189e-01 8.569891362266361945e-01 8.538655122332917680e-01 8.556579383449134379e-01 8.660411423771315897e-01 8.633838714999523267e-01 8.633352755359468000e-01 8.617794471329495165e-01 8.590583902931221427e-01 8.625765443161278467e-01 8.616883294630460766e-01 8.688408407967999070e-01 8.660172894962123724e-01 8.610360842170079465e-01 8.617751495179545307e-01 8.629709010285104842e-01 8.656024071492911531e-01 8.582132211028056235e-01 8.641930983233200303e-01 8.580682620972311936e-01 8.657375592355561755e-01 8.667052188912731658e-01 8.707679173253024540e-01
6.910644752024029669e-02 2.344259842255459747e-01 3.206827409580638166e-01 4.576160210178211174e-01 4.006685514747141408e-01 5.070667477565578007e-01 6.944342355304751191e-01 6.750345729908610037e-01 7.583161232242817684e-01 1.000000000000000000e+00 7.418296415707495983e-01 7.594707303363007478e-01 7.344402925113991953e-01 7.509043469605459764e-01 8.000435014520616006e-01 7.913747584538494140e-01 7.320058768973852770e-01 5.295809777280987563e-01 6.026047558266917070e-01 4.550525120274382385e-01 5.128179120561077164e-01 5.994476979157953300e-01 6.311112079736951319e-01 6.280200624318712510e-01 5.757494335334830682e-01 7.413117211179199861e-01 7.406349098865901981e-01 7.560201359737641624e-01 7.040437567066565316e-01 7.093049747480641987e-01 7.459698283226935400e-01 7.939065654697387009e-01 7.488844705160293547e-01 7.319257983957883074e-01 7.499284482889575498e-01 7.278159197687339432e-01 7.621047762252441959e-01 8.004489542457472462e-01 7.872203565320314844e-01 7.801048388002195244e-01 8.211455416374363603e-01 8.178086659503742695e-01 7.866325039446244727e-01 8.077129983459804263e-01 8.002246419915369779e-01 7.970601425325752887e-01 8.295196311455431681e-01 8.318725591779106976e-01 8.223534587610249469e-01 7.673076612134384078e-01 7.984509727484307984e-01 7.613692184664071494e-01 8.001262704214490151e-01 8.198531118794588624e-01 8.122578100173638571e-01 8.080349356215115186e-01 7.936147646299361869e-01 8.236188181745345283e-01 8.142003478014583351e-01 8.302199904537536090e-01 8.147414698037400704e-01 8.206082669805864205e-01 8.069338879993583902e-01 8.084958313215465653e-01 8.196047505751822282e-01 8.171182628454357610e-01 8.295476735894148357e-01 8.205862879608100124e-01 8.245474384363746800e-01 7.753186508805050003e-01 8.044441893195187765e-01 8.170208980795788944e-01 8.079256095079099254e-01 8.004634473598126743e-01 8.230637650863931176e-01 8.245999552960248113e-01 8.258091019968595292e-01 8.146561869697213076e-01 8.186901035692656370e-01 8.094950109066112454e-01 8.174085219882758491e-01 8.242875335522730218e-01 8.232757323985091524e-01 8.182392460191301176e-01 8.186942809157379264e-01 8.188375195777609639e-01 8.226205173899688861e-01 8.313613953909714249e-01 8.267287778040328661e-01 8.221959864148973285e-01 8.270257741163095089e-01 8.317390060285744235e-01 8.271025723576236333e-01 8.284473346299224827e-01 8.295691647831219262e-01 8.297690303641651610e-01 8.085656150699301881e-01 8.053985661620831626e-01 8.205361660615061448e-01 8.215677443781497225e-01 8.168941696658068574e-01 8.163191800720526192e-01 8.216121608623083716e-01 8.263892033943613935e-01 8.169764033755877453e-01 8.113929269455049109e-01 8.273267231465153415e-01 8.326243418610828062e-01 8.303918230745164220e-01 8.308615973311422875e-01 8.248472049948103457e-01 8.311438282811425271e-01 8.238829239092212431e-01 8.239209664275266576e-01 8.270232480056685098e-01 8.248405865686480043e-01
8.223877390032488521e-02 1.801491566531940314e-01 3.617447261117812118e-01 5.597040504638082226e-01 4.581014474051590124e-01 5.527374029015842405e-01 7.555635916054552759e-01 7.336614028495110906e-01 7.772730678240683533e-01 7.418296415707495983e-01 1.000000000000000000e+00 8.496941580481979228e-01 7.929853942703515290e-01 7.982019550015705400e-01 8.529424086491361745e-01 8.450226806906558918e-01 7.711207758101412679e-01 5.825933136699372739e-01 6.460185884702411840e-01 5.262142183237163984e-01 5.720959073339327849e-01 6.519344174175323303e-01 6.543688222410912747e-01 6.665677715113788038e-01 6.142960992632620076e-01 7.899863742517261311e-01 7.924229986065737252e-01 7.990997829556638621e-01 7.314311421078919517e-01 7.405930317560032172e-01 7.819073013603884403e-01 8.351244452795515416e-01 7.875367229362700838e-01 7.785338499930357647e-01 7.861557833691307229e-01 7.730837083323734982e-01 7.946643419726373558e-01 8.464225659957996806e-01 8.288320123634729253e-01 8.245805393103807779e-01 8.730508401094059234e-01 8.599698309693126763e-01 8.431154348319273018e-01 8.655869740264657830e-01 8.504305747598148724e-01 8.418006234397175103e-01 8.787192350524458684e-01 8.796432117879194879e-01 8.751477912941343362e-01 8.335239283651441067e-01 8.547227122383191933e-01 8.340509547738258478e-01 8.652277138129262912e-01 8.756565808886399571e-01 8.691350252111545993e-01 8.547676502689182110e-01 8.617014039142809612e-01 8.745202799839940644e-01 8.664715148216476370e-01 8.796241933338130314e-01 8.744297175993029914e-01 8.747751135293697633e-01 8.666851346682391544e-01 8.682295202411000057e-01 8.718863889274380830e-01 8.776649531354054901e-01 8.803656580467386084e-01 8.765573964419444142e-01 8.722518513534673890e-01 8.418990161541654027e-01 8.645411510186226112e-01 8.729254018381543689e-01 8.596803734570365174e-01 8.553565805152323342e-01 8.806100837867725240e-01 8.822165709477729489e-01 8.761586878506661957e-01 8.602606173482624241e-01 8.728259977822817595e-01 8.627840199692607959e-01 8.667299809058996996e-01 8.753649714146265470e-01 8.715428452960714001e-01 8.701966428171624690e-01 8.733211283722925877e-01 8.723769641701071276e-01 8.688195406782317498e-01 8.818817468410776739e-01 8.751674005230842823e-01 8.721937357523926737e-01 8.761400183549655774e-01 8.839157390110585766e-01 8.821221607005552690e-01 8.810132186125032572e-01 8.823294613238975570e-01 8.817968101505824219e-01 8.687001243521962346e-01 8.699118468321590525e-01 8.807930583606136121e-01 8.781581379536556042e-01 8.754711758869025973e-01 8.772499121898132968e-01 8.799961337486650326e-01 8.824989780472722867e-01 8.800700065779268888e-01 8.753933555145040346e-01 8.816981555362192191e-01 8.834431143400053310e-01 8.817689630498750653e-01 8.826748371005689320e-01 8.798402297606091604e-01 8.833876524847690259e-01 8.798625954040774078e-01 8.812005564043408068e-01 8.822071809159799383e-01 8.836834254953148671e-01
7.597063299638437406e-02 1.673675743900939483e-01 3.687264923286142637e-01 6.635544113398121890e-01 5.122341034837691875e-01 5.782017767080931403e-01 8.083155558170977972e-01 7.919752153740386991e-01 8.249493359594869402e-01 7.594707303363007478e-01 8.496941580481979228e-01 1.000000000000000000e+00 8.394629502379316044e-01 8.431897412463819075e-01 8.998087156343542725e-01 8.932700226167404889e-01 7.984464403835236368e-01 5.884223931956590325e-01 6.683309635629915979e-01 5.664641829414814866e-01 6.029497560194736483e-01 6.975241953826958330e-01 6.506007229148654813e-01 6.752125841979251808e-01 6.529367066955058529e-01 8.279826282568242268e-01 8.370171984437411172e-01 8.375484544095994632e-01 7.549629033241527232e-01 7.810722889096817223e-01 8.217925483826277189e-01 8.622233921493936970e-01 8.126046228463414955e-01 7.911108195130415188e-01 8.156035072892978688e-01 7.983445662100132623e-01 8.178764240496280147e-01 8.835696922623484939e-01 8.609221582032788866e-01 8.535322816474357754e-01 9.100626969911282949e-01 9.017985947444271400e-01 8.965769823824112361e-01 9.215513529968994977e-01 8.838277375747151110e-01 8.878122683586520125e-01 9.202657522477861729e-01 9.162461908632086871e-01 9.188293350594752829e-01 8.859763943304855838e-01 9.047334395241801719e-01 8.957246269587720855e-01 9.201646673341166149e-01 9.045983579268842556e-01 9.028121888438290776e-01 8.835161000055958835e-01 9.090523107080364928e-01 9.130405687563816208e-01 9.076241762597785367e-01 9.214382881971427963e-01 9.268850185356338756e-01 9.158276058315654167e-01 9.107857490344716256e-01 9.165595551408122210e-01 9.099331368181473589e-01 9.253427211343188130e-01 9.180879745892898125e-01 9.095408923438392801e-01 9.035917233080564825e-01 8.840625745424215420e-01 9.051280748849240831e-01 9.093266833051053544e-01 8.866940803323316578e-01 8.936427586073130147e-01 9.231118376308747875e-01 9.238066541988614322e-01 9.197557980362135455e-01 8.907569644527348895e-01 9.080855336030579927e-01 9.065009909837030699e-01 9.039328824767145498e-01 9.158723525782218600e-01 9.006959643962574313e-01 9.071249174761011336e-01 9.092566195747758817e-01 9.022298763568702418e-01 9.011640927587499794e-01 9.199262517042661180e-01 9.093470858803398560e-01 9.060307078586661289e-01 9.157450833107455557e-01 9.263077380771093106e-01 9.206259891836642284e-01 9.229125068766110829e-01 9.215066160015670249e-01 9.181023388622090442e-01 9.182690842281441279e-01 9.174539983777753038e-01 9.242795831103043369e-01 9.214773916941603193e-01 9.227461069071174471e-01 9.207352930081701414e-01 9.262913498113836130e-01 9.262207688028498698e-01 9.224535237129946053e-01 9.189982400764482584e-01 9.213624720754266528e-01 9.159498721761466511e-01 9.158297458921688117e-01 9.213604040573035725e-01 9.191065700175481412e-01 9.223575033442430460e-01 9.189646876371122541e-01 9.223595210773395392e-01 9.172247615225369577e-01 9.245302075122658891e-01
8.083004325443890470e-02 1.672701618099749765e-01 3.341102994102789769e-01 5.451673082084200761e-01 4.848866045299304872e-01 5.424339922243973655e-01 7.611751340114057962e-01 7.558109281859859419e-01 7.835773170335039728e-01 7.344402925113991953e-01 7.929853942703515290e-01 8.394629502379316044e-01 1.000000000000000000e+00 8.002195024402749546e-01 8.544352188990134156e-01 8.522762303822852825e-01 7.742921818774382015e-01 5.675803720964697208e-01 6.668461459073100617e-01 5.058688182278582302e-01 5.618496897488255426e-01 6.669260430803440887e-01 6.539708875455351178e-01 6.653716590558522714e-01 6.340294257633429797e-01 7.797750577077759981e-01 7.891605367666273407e-01 7.972437120171167457e-01 7.243540869516590375e-01 7.430370594387470939e-01 7.769510489683550958e-01 8.304921856768889832e-01 7.894945665826486048e-01 7.748632984050881634e-01 7.826902912833633152e-01 7.841196419625223735e-01 7.999489102091461579e-01 8.425019623255388668e-01 8.309171868680423900e-01 8.249513219638403561e-01 8.654936141153404261e-01 8.612047745769176865e-01 8.575726861058887707e-01 8.663740051893842331e-01 8.516826996767542513e-01 8.398674427982526502e-01 8.768631936478121780e-01 8.753705255840540378e-01 8.710418938534075783e-01 8.385902917736768325e-01 8.632325129676202691e-01 8.524612113601387486e-01 8.707139704107655920e-01 8.638047438701343950e-01 8.568111515986603921e-01 8.466316005169167713e-01 8.602913172478700021e-01 8.666290243376388869e-01 8.618609620873100008e-01 8.769778667745156131e-01 8.835868693722521705e-01 8.700423746335378405e-01 8.631828173409646920e-01 8.696290287576098343e-01 8.721588297242709453e-01 8.751852418894651153e-01 8.752269288569193284e-01 8.728825924348196930e-01 8.675131785445658883e-01 8.285232135215084837e-01 8.627660584609324612e-01 8.701892711750228715e-01 8.545414345909522202e-01 8.583823633917501139e-01 8.732054982237607010e-01 8.762877975382360463e-01 8.741354772597569323e-01 8.522327148405376418e-01 8.654471395969253189e-01 8.641613751656475051e-01 8.656320808569066827e-01 8.686162666654720921e-01 8.674975152377436549e-01 8.650772188252778827e-01 8.711971213471838560e-01 8.677511023852254590e-01 8.680751125425515413e-01 8.755193292868486132e-01 8.727543607126632130e-01 8.669469387225164914e-01 8.745714109664697311e-01 8.807930870785762867e-01 8.781693617412457131e-01 8.767109954391815174e-01 8.792679660559635790e-01 8.752132134339307701e-01 8.725164460547453205e-01 8.727690084416366290e-01 8.805252376292999061e-01 8.788869685327254100e-01 8.810867763901617522e-01 8.760829268567493777e-01 8.777592513712578759e-01 8.797754946691221933e-01 8.842070288912493581e-01 8.762852125322766472e-01 8.775936430990135539e-01 8.739504704251067624e-01 8.742233582775742473e-01 8.786166344408944395e-01 8.733484314498982659e-01 8.773605974690907860e-01 8.746237244764862862e-01 8.815759028402331277e-01 8.755764117988283912e-01 8.799146243989734995e-01
