1.000000000000000000e+00 1.678075773573040330e-01 1.069975979137899463e-01 9.796961061306784513e-02 1.109678973210426189e-01 3.192461919590365571e-02 8.601683642805477148e-02 9.799253591323209278e-02 1.083003297604210741e-01 8.139457339309408290e-02 5.210296948522447763e-02 5.498954181989445383e-02 5.771945597104637116e-02 8.882593917673995212e-03 2.390859777551196733e-02 4.258932772927517124e-02 7.778515077462366811e-02 1.083175753957458243e-01 5.087530739303835342e-02 1.044682951249050612e-01 9.916693369428729310e-02 7.506446480573493452e-02 8.817100549672939047e-02 8.866615342628020313e-02 7.579818312464821350e-02 4.795620907367909719e-02 6.789549218240777118e-02 2.151635392677909639e-02 7.371783061097031409e-02 5.773565798965652612e-02 6.256890493640518414e-02 5.025227400851642323e-02 6.071745945992530757e-03 3.240732917407668917e-02 3.424474240155571392e-02 5.445321910224969891e-02 3.653201961999071046e-02 -2.231592838901341747e-02 2.655411838167446095e-02 9.897983181784748721e-06 2.335549679223124578e-02 -1.009844045564495946e-02 1.267864600611566181e-02 1.744484996172003533e-02 4.943469927742964731e-02 7.180174544211259495e-03 1.868424837785504986e-02 1.980923212295902791e-02 3.297188139794238887e-02 3.195413209895381357e-02 1.613465608122088488e-02 8.901236780175157681e-02 4.101657408180972575e-02 3.459474095748012873e-02 2.618209430848571564e-02 2.901517948558647933e-02 7.327346540798726493e-02 1.317258884542867395e-02 5.224111597041841346e-03 3.726582157743881657e-02 2.125312099563823887e-02 3.502822734246114483e-02 3.741524776365619254e-02 5.052452822535490051e-02 8.198335084907241999e-02 7.500172175106398220e-02 3.333174206339190732e-02 1.702633118014947738e-02 2.335106641804559485e-02 3.726887216776009898e-02 2.938542794770062500e-02 3.312248488206608749e-02 2.713859525392233948e-02 2.524923026850001140e-02 2.580686426520974880e-02 2.155836689483152033e-02 2.225044362992271985e-02 3.735081927947266761e-02 2.090750984749787170e-02 2.416247866780688383e-02 2.415792653384906882e-02 2.292628163515354409e-02 4.099362949386392563e-02 1.155331161691259753e-02 1.938210118346468322e-02 1.491664942723839628e-02 1.933578275654578016e-02 3.322780798501837139e-03 8.308908819441835833e-03 2.926739783849881260e-02 7.817267120896883789e-03 5.642443512541914750e-03 2.053067679700621567e-02 1.945720870731239022e-03 9.126097664009560559e-03 1.366581609004701402e-02 2.363377351682997493e-02 6.915432821391241658e-02 2.330248424846517036e-02 1.737718783242687970e-02 3.798826684206085824e-03 4.144702281629062540e-02 2.980616322398356791e-02 1.530433826707886837e-02 4.617673859521671115e-02 5.432644821437138116e-02 3.198895932206921588e-02 2.360719554278506785e-02 2.253944248835042241e-02 2.118713505819933354e-02 5.539709893588251437e-03 2.471695999897915996e-02 2.348195760228564272e-02 3.765297867443513635e-02 4.757756290799545346e-02 4.839794930945403445e-02
1.678075773573040330e-01 1.000000000000000000e+00 2.012573550839901193e-01 2.073350936569796910e-01 1.799495988347252773e-01 1.304658912030665363e-01 2.570948087752883970e-01 2.555617811810486639e-01 1.873656448566762833e-01 2.459964458938236342e-01 1.979246395759256261e-01 1.856778390442067883e-01 1.687686952996213241e-01 1.197814826829819573e-01 2.102350123482429334e-01 2.022106032971167089e-01 1.539367196614459810e-01 2.424464251019535499e-01 1.773010304686092331e-01 2.609174988938297024e-01 2.277674258728790146e-01 2.009839949559777683e-01 2.673246870421290833e-01 2.683312187998739273e-01 2.161158390396838436e-01 1.934873130906319960e-01 2.073765040034661333e-01 2.097618905377952037e-01 2.473575034819970320e-01 2.111102405655190251e-01 2.209183834174875960e-01 2.179377672737273786e-01 1.623750438495751847e-01 1.873959323099832763e-01 1.735393927622680965e-01 1.895265184746939835e-01 1.976962392144963609e-01 1.428782126625739723e-01 1.791890759974976988e-01 2.173754743452580296e-01 1.744295863269706981e-01 1.583564695349884421e-01 1.731239886526568239e-01 1.892960846416729404e-01 2.166506114513280512e-01 1.879758561106495141e-01 1.420664500005757169e-01 1.567424551710973613e-01 1.588295328869630818e-01 1.350904769202945221e-01 1.663369312386271948e-01 1.725487087911836137e-01 1.594474326459460189e-01 1.559307053849597335e-01 1.583751264182343688e-01 1.898548656474056406e-01 1.716056755297456216e-01 1.549143771227632360e-01 1.525739202878143297e-01 1.496234042921338325e-01 1.509645132262576184e-01 1.584500374667589251e-01 1.602343683468905322e-01 1.451688568642835742e-01 1.657951542228192909e-01 1.732097430363965240e-01 1.530920923551749857e-01 1.606951934468696386e-01 1.728884407039783799e-01 1.853995305851631192e-01 1.684053218763953697e-01 1.616096345414633484e-01 1.893786941925175438e-01 1.663167943812906002e-01 1.677449485037554311e-01 1.579346796392844254e-01 1.788553875252201497e-01 1.908296860361018421e-01 1.823312733823728715e-01 1.683995897164503042e-01 1.631242129892553350e-01 1.648207622777838055e-01 1.796685213899960887e-01 1.527871823878804713e-01 1.555514484644895945e-01 1.547815969285531446e-01 1.650457999872881054e-01 1.572463086359597584e-01 1.481410527195660409e-01 1.769097292599571825e-01 1.770138593275994154e-01 1.487909625547924330e-01 1.712986925180026987e-01 1.621556864090006322e-01 1.376619726817755185e-01 1.429653600113559853e-01 1.513201969468258301e-01 1.556747023302551824e-01 1.479038371889348225e-01 1.552497164580924072e-01 1.473565979813479809e-01 1.601435083560666106e-01 1.468383148683450046e-01 1.412882100470366498e-01 1.553627024365698828e-01 1.628533983746639768e-01 1.513413085394632318e-01 1.514525888226037897e-01 1.564679936017408513e-01 1.475044937769806330e-01 1.592538771350620608e-01 1.421072400736076435e-01 1.509510357274504166e-01 1.468650210324058958e-01 1.467916060585230942e-01 1.507820441064481598e-01
1.069975979137899463e-01 2.012573550839901193e-01 1.000000000000000000e+00 2.503292621047581989e-01 2.023537716280647270e-01 1.965711263083026183e-01 2.985735324198069973e-01 2.745822387494250560e-01 2.697713425435974144e-01 2.634590546056395644e-01 2.705624931153883805e-01 2.846545177999618703e-01 2.657313423122339424e-01 2.290048909579034953e-01 3.233900881137666272e-01 3.095446372651973754e-01 2.854325243520641209e-01 3.371475708935984250e-01 3.213835375736619482e-01 3.014003665486223449e-01 3.276836640634792075e-01 3.427648813943670603e-01 3.407174613117834872e-01 3.515905896621624449e-01 3.305255185563111264e-01 3.298228697104746421e-01 3.121713194463151542e-01 3.225740045200667372e-01 3.181902379966714545e-01 3.081791448832514879e-01 3.147080968600580175e-01 3.290619289298100103e-01 3.338406693635542211e-01 3.192015642128733788e-01 3.043501450452921753e-01 3.116477490911774839e-01 3.132662853490277288e-01 2.970672150083054630e-01 3.178785561969410534e-01 3.283999633646234040e-01 3.074285020100577248e-01 3.021571969094526411e-01 3.195464516850020642e-01 3.161749927418676664e-01 3.274595684148579600e-01 3.075985689221114039e-01 2.837422587824780518e-01 2.882469812361029837e-01 2.917995234754839906e-01 2.886106458265415009e-01 2.989133591147324354e-01 3.131005494201521411e-01 2.938212359480392166e-01 2.822737321673718380e-01 2.896694637681209161e-01 3.094685524693416845e-01 2.967689632653821574e-01 2.898928022138724803e-01 2.797202271966147680e-01 2.849527135809039047e-01 2.937799086816534899e-01 2.863902924920584403e-01 2.894740938360595428e-01 2.905020770722008261e-01 2.916956681001872109e-01 2.843582827080463615e-01 2.941735337971855824e-01 3.074572806815120130e-01 3.087793302792227745e-01 3.068919187665153925e-01 3.140476652516391298e-01 3.035953089063214150e-01 3.184158185252958795e-01 3.125720192717758028e-01 3.088608327496552008e-01 3.022263915386820821e-01 3.127680124177189547e-01 3.097861579141373833e-01 3.097134679408336533e-01 2.989474522101759346e-01 2.974301411709390774e-01 2.935443125282231613e-01 3.110170029531164615e-01 2.996763231020719287e-01 3.074204653195586889e-01 3.071343465113848259e-01 3.085000942125971646e-01 3.006231563966905163e-01 2.954040512523077311e-01 3.090564435419580480e-01 3.156881354451919752e-01 2.941699156855656083e-01 3.036771434861627039e-01 3.001052043650226930e-01 2.788497862099928448e-01 2.828114491923842677e-01 3.006001643513443455e-01 2.930648988788328579e-01 2.921824886777306673e-01 3.001313070839369268e-01 2.985305921965632492e-01 2.966519605829890938e-01 2.925597060735894428e-01 2.924963132470854710e-01 2.989382295609617213e-01 2.934464960644399545e-01 2.872217636165363963e-01 2.885518248672472308e-01 2.915429517637276868e-01 2.915506393013406750e-01 2.906602529097180310e-01 2.813648590627010337e-01 2.846974154456923811e-01 2.880214527655780565e-01 2.882591235505039817e-01 2.853007379743784377e-01
9.796961061306784513e-02 2.073350936569796910e-01 2.503292621047581989e-01 1.000000000000000000e+00 3.146317851564990886e-01 3.093402735690362615e-01 4.651796445170862659e-01 4.559388173272179712e-01 4.532776843224907148e-01 4.187251062386412315e-01 4.705243193413691793e-01 4.945414008638894243e-01 4.633259017865202778e-01 3.925940985172200470e-01 5.126179664160428473e-01 4.894742317136244192e-01 4.473400115632268359e-01 4.980250500516741896e-01 4.774359207419361928e-01 4.591670695092335275e-01 5.151971321525947722e-01 5.260417206568697157e-01 5.151858455856695995e-01 4.989136443155574030e-01 5.249708316952078624e-01 5.074386023755068642e-01 5.055538953777920508e-01 5.071188640145639637e-01 4.935524612603185424e-01 5.178285477208656173e-01 5.287639032293456332e-01 5.272197435579589753e-01 4.829247036469103138e-01 5.011763449238875179e-01 5.021675468428259403e-01 5.182008426250066524e-01 5.146181512405174630e-01 4.863540456824421154e-01 5.168833976198653479e-01 4.977314168174580833e-01 5.091195823790294339e-01 5.002906282878297750e-01 5.146731489102679413e-01 5.215889612944580866e-01 5.323590819488934756e-01 5.132559277829532585e-01 5.050481288172121719e-01 5.080543105918373659e-01 5.097728233024843014e-01 5.038333152423228878e-01 5.126844456400336814e-01 5.186305223671594522e-01 5.154160630769993867e-01 4.919266254337312239e-01 4.853165664754325315e-01 5.086149026017450225e-01 4.857563713358055701e-01 5.015002180855453462e-01 4.837254892633227610e-01 4.999778386419533316e-01 5.037098892927573957e-01 4.807161854457097094e-01 4.889586062133219890e-01 5.043774364879791694e-01 5.119186619005693384e-01 4.965606118539999114e-01 5.149425290763993690e-01 5.141242882849750284e-01 5.209228813607758024e-01 5.213933143644854384e-01 5.319996036041962917e-01 5.297098787184805202e-01 5.162828373239050084e-01 5.275547752803007029e-01 5.194893642785721743e-01 5.133120153518535567e-01 5.239607069386645888e-01 5.240375429654988704e-01 5.257932366319388873e-01 5.200224074391407436e-01 5.186176490341772860e-01 5.105606844178655068e-01 5.305247802672939939e-01 5.122163142732063523e-01 5.228557735108696480e-01 5.169134518783300436e-01 5.251800506992220230e-01 5.240609325969731724e-01 5.154437999007315252e-01 5.229473330446376966e-01 5.270970116271078698e-01 5.155958702967393670e-01 5.230706835364761220e-01 5.179458274901028725e-01 5.061120610456896207e-01 5.077022166191497154e-01 5.277563320676490477e-01 5.260284463956024226e-01 5.180101184454033447e-01 5.256467562521819348e-01 5.203985990945035889e-01 5.253419444077344069e-01 5.211803430240257162e-01 5.177035482401892708e-01 5.267243348913041023e-01 5.149427945961992936e-01 5.173853880721536180e-01 5.128179956846105059e-01 5.097522993677767733e-01 5.164560430897379151e-01 5.099774670213792493e-01 5.059763783517599034e-01 5.054115256520458344e-01 5.210421602743079417e-01 5.154521519975641120e-01 5.081709550055982794e-01
1.109678973210426189e-01 1.799495988347252773e-01 2.023537716280647270e-01 3.146317851564990886e-01 1.000000000000000000e+00 2.788154185616302794e-01 4.305523787332026231e-01 4.219970189317636122e-01 3.785301686140912225e-01 3.360668266492871648e-01 3.959195326666686277e-01 4.188238660969841320e-01 4.525493580690208018e-01 3.177018776106714237e-01 4.376629791287066085e-01 4.416127320974933546e-01 3.611255403032586631e-01 4.254928212769976681e-01 3.959787201839063964e-01 3.835681804307043419e-01 4.258477044634944586e-01 4.306494968229772069e-01 4.539226424463989051e-01 4.166292552176887876e-01 4.450896217658647513e-01 4.388864228138936174e-01 4.229353717782178279e-01 4.339223552825488550e-01 4.102926637099677531e-01 4.226127340545046684e-01 4.366688507569184141e-01 4.145261420597611268e-01 3.692823116917180459e-01 3.881040533375325063e-01 3.997869143949255855e-01 4.139452956424912178e-01 4.298299444013307102e-01 3.707281611140710864e-01 4.132638597811116310e-01 4.239446244152271781e-01 4.183364780738264010e-01 4.275621730674946663e-01 4.412852955237709929e-01 4.431094491745823372e-01 4.425301834921625543e-01 4.265975546102024341e-01 4.072713569179755022e-01 4.097397234169448677e-01 4.018687714501836261e-01 3.776100540787203363e-01 3.986814914972516277e-01 4.309962452257078414e-01 4.184983092755727996e-01 4.069497164890814589e-01 4.036999778475370837e-01 4.280167223197507975e-01 3.945957137091991029e-01 4.156721476192368203e-01 3.815828707211062487e-01 4.148874110839896323e-01 4.134412878497599753e-01 3.926915092557665132e-01 3.966706997348615760e-01 3.962636605693488634e-01 4.181198167300334001e-01 4.168553385386791765e-01 4.102535331842248612e-01 4.131619713007245731e-01 4.189905059210212168e-01 4.268171480245183114e-01 4.300177502124098994e-01 4.287244821062532463e-01 4.186830884101202521e-01 4.298008989494092047e-01 4.293390373139914229e-01 4.212255928599561994e-01 4.363524822044296814e-01 4.254275912276353488e-01 4.330349103506238584e-01 4.179123943353406090e-01 4.206214117187357382e-01 4.165030972729855119e-01 4.312378754326484098e-01 4.112652441402921966e-01 4.037323657707559965e-01 4.029112300294568905e-01 4.235551390619943235e-01 4.117157266002741678e-01 4.111262035886747435e-01 4.363097562729642553e-01 4.304996703873117392e-01 4.210126792283342967e-01 4.281420532614939600e-01 4.208209852027939291e-01 4.044634327390008166e-01 4.056243705885309025e-01 4.131937364552272784e-01 4.157493301707829159e-01 4.137662124219895210e-01 4.099995667080207906e-01 4.225482902516586869e-01 4.156826865423817741e-01 4.140566699953782681e-01 4.148677407309344645e-01 4.217677148634785267e-01 4.191720531050678877e-01 4.089614076424820666e-01 4.140297434326338788e-01 4.184271998450820318e-01 4.123370170582678074e-01 4.148068649384952788e-01 4.080456406726697405e-01 4.034114292011290459e-01 4.101264034141193227e-01 4.114679328152691107e-01 4.118696503749860183e-01
3.192461919590365571e-02 1.304658912030665363e-01 1.965711263083026183e-01 3.093402735690362615e-01 2.788154185616302794e-01 1.000000000000000000e+00 4.310689454002854526e-01 3.715672875681656495e-01 4.133420440785912642e-01 3.786499286490067617e-01 4.146243123405958797e-01 4.292461164266284102e-01 4.199411790862869753e-01 3.670016578725978085e-01 4.713840144245408093e-01 4.579736528476798796e-01 4.300150584982090352e-01 4.356122208720173417e-01 4.430635500840504060e-01 3.967837225092193387e-01 4.215307698555531557e-01 4.458089622552395825e-01 4.562580275826916276e-01 4.351181108371951489e-01 4.581891466029847093e-01 4.789314119792630331e-01 4.682682082805316170e-01 4.700282006446688254e-01 4.506517900804833388e-01 4.691611403270568026e-01 4.803431631761809761e-01 4.777667667349881908e-01 4.527862447940940727e-01 4.620389323535848969e-01 4.610484539863243802e-01 4.714229721646131521e-01 4.756167932083247285e-01 4.599472056578294277e-01 4.829788338503218093e-01 4.801961701677993632e-01 4.795192882046652172e-01 4.812713850562213014e-01 4.888269527903644218e-01 4.933324833799168641e-01 4.854147951457210564e-01 4.822720520536503130e-01 4.760577730519988671e-01 4.768389328776647673e-01 4.780030283280794490e-01 4.547726063975333077e-01 4.716301247932265239e-01 4.655723065526242710e-01 4.674390405426141482e-01 4.704736141479244904e-01 4.669080715106760926e-01 4.870495911303890368e-01 4.631830175631062585e-01 4.735014039241901562e-01 4.693326551162479432e-01 4.750690268734238386e-01 4.802624587632530750e-01 4.684270985128708431e-01 4.675331642432198898e-01 4.769959869562817034e-01 4.749973478561219098e-01 4.633208725591391186e-01 4.810261275520444912e-01 4.857699996491409711e-01 4.867296403732143117e-01 4.824777442470366551e-01 4.872896109115622543e-01 4.886713490727198073e-01 4.833280808801754813e-01 4.831170045668333191e-01 4.930200854086227991e-01 4.882886333978785354e-01 4.920824286980728379e-01 4.853535606271614511e-01 4.935277695221607086e-01 4.822179036447626355e-01 4.787706641767848770e-01 4.844556811970738841e-01 4.928232026908550001e-01 4.840712961114438939e-01 4.769920201709201835e-01 4.842595814985384828e-01 4.889783025153682239e-01 4.838514909063280633e-01 4.829286986133666248e-01 4.935495983835826439e-01 4.920979213746456971e-01 4.872242403337249672e-01 4.913235586738897154e-01 4.867037442854371121e-01 4.777945043744911136e-01 4.808375852804391837e-01 4.796280058553317183e-01 4.691877962944466240e-01 4.762064856147255609e-01 4.784372867513524419e-01 4.879987065983743544e-01 4.799593223894318417e-01 4.773765620460728720e-01 4.800970189143496936e-01 4.800047284414465376e-01 4.757970769887179818e-01 4.780188548841922680e-01 4.828276672443423956e-01 4.854611547326480037e-01 4.801829655152706766e-01 4.854806596747202607e-01 4.746209500019359373e-01 4.783936203670921539e-01 4.769431921760777238e-01 4.750389883865706042e-01 4.699809856511576456e-01
8.601683642805477148e-02 2.570948087752883970e-01 2.985735324198069973e-01 4.651796445170862659e-01 4.305523787332026231e-01 4.310689454002854526e-01 1.000000000000000000e+00 6.452728854094412769e-01 6.261700185846323929e-01 6.086763985326876236e-01 6.309325336560869246e-01 6.623626153285333551e-01 6.393693491301183363e-01 5.494578265497512826e-01 7.657039770704338055e-01 7.245933867033960141e-01 6.373088648316416194e-01 7.022536333270505970e-01 6.961420235798636558e-01 6.238672401076982288e-01 6.847748948359639876e-01 7.006012591480544893e-01 7.313450024431328300e-01 7.022248478173843678e-01 7.097216350271645657e-01 7.498452343743503556e-01 7.237187896172981860e-01 7.457518192349555930e-01 7.013071372338072207e-01 7.303457591550496231e-01 7.529453054121861832e-01 7.430783883294602710e-01 6.988818805791086053e-01 7.132765239834335524e-01 7.072241815653617092e-01 6.912843195117265305e-01 7.357203264972653756e-01 7.296330589447537207e-01 7.401315072815112250e-01 7.502536596310143135e-01 7.314029519184449546e-01 7.432533059415729060e-01 7.271126805674862359e-01 7.560863670178944451e-01 7.589418176212233691e-01 7.472553447175315222e-01 7.139479505749699584e-01 7.212081432120875935e-01 7.166521631619261479e-01 6.825944161549755140e-01 7.251175017880021612e-01 6.809554403608660822e-01 6.993709281995830196e-01 7.111272237856889333e-01 7.198513340422167950e-01 7.517108591986517707e-01 6.946929779770297797e-01 7.247070150141100564e-01 7.195352775604710871e-01 7.113162200991727246e-01 7.137586077804293216e-01 7.092712101299625260e-01 7.111471642421930417e-01 7.036126688020538644e-01 7.008823925029294966e-01 6.888531863123407151e-01 7.251111003164412150e-01 7.308431450951135000e-01 7.393243502958248836e-01 7.271758920352257016e-01 7.361197997951990368e-01 7.364542698622813521e-01 7.365501023565098615e-01 7.284327413020159625e-01 7.437195177867973461e-01 7.319869224735284785e-01 7.485064308651941944e-01 7.344737442390801840e-01 7.433107937917831087e-01 7.310267896058669779e-01 7.270793473327026302e-01 7.311937139518830397e-01 7.406255030727461053e-01 7.262144239208415675e-01 7.276217067591693732e-01 7.283671617574969392e-01 7.334208269398562186e-01 7.367918616743643900e-01 7.265057878251306445e-01 7.437399226084046022e-01 7.473072564316043387e-01 7.280232574903648946e-01 7.390541680020061843e-01 7.343566369170496655e-01 7.123981170962212506e-01 7.148673491308702443e-01 7.201676355257342621e-01 7.036462369723952559e-01 7.152203341226712752e-01 7.256235056693964847e-01 7.231292632021015798e-01 7.226377049560208654e-01 7.082381117583765873e-01 7.179166203574328664e-01 7.116940462767025188e-01 7.098882953423228948e-01 7.154182089106920772e-01 7.228509659000919019e-01 7.272230920857534198e-01 7.233235702197383654e-01 7.326043740202763388e-01 7.098434636833588218e-01 7.151959415273843046e-01 7.108018993629746651e-01 7.065402489130870878e-01 6.995681862762910264e-01
9.799253591323209278e-02 2.555617811810486639e-01 2.745822387494250560e-01 4.559388173272179712e-01 4.219970189317636122e-01 3.715672875681656495e-01 6.452728854094412769e-01 1.000000000000000000e+00 5.930658943500198843e-01 5.619401981215025321e-01 5.958350489138932726e-01 6.586454143829449936e-01 6.247157077754068588e-01 4.928540481629850034e-01 6.972044926635515560e-01 7.004922556952102308e-01 5.835275006750223481e-01 6.615946522081335157e-01 6.428717192070980690e-01 6.093816192249509323e-01 6.808995517735947356e-01 6.736259111835136704e-01 7.016475408273727954e-01 6.612239354767118771e-01 6.867249840628345536e-01 6.802336340173028573e-01 6.699470035392075529e-01 6.714744480072533106e-01 6.645862635397108420e-01 6.964598203939464938e-01 7.038852632004436449e-01 6.954594615247535749e-01 6.530784227842225675e-01 6.647001688075471204e-01 6.612274919476076596e-01 6.556045917695342284e-01 6.861920523527794691e-01 6.640492242965101433e-01 6.863431610733600197e-01 6.844100981579852583e-01 6.724406183813744775e-01 6.766569345131915325e-01 6.855166217207326884e-01 7.070576417556528881e-01 7.030445183902470641e-01 6.931244789581858523e-01 6.597915048151649087e-01 6.682442059058232298e-01 6.737196163736611787e-01 6.480622849065705848e-01 6.845717939907497440e-01 6.498201138272058364e-01 6.522517185756538938e-01 6.584710679839981262e-01 6.702073805101440573e-01 6.963060798115564554e-01 6.610000977736740779e-01 6.747481407260232933e-01 6.705034311818096615e-01 6.641792549850258354e-01 6.733080980351168199e-01 6.643229583544255634e-01 6.679719175414622345e-01 6.645957937095552381e-01 6.602813993431085882e-01 6.570180612970077938e-01 6.673771619424463397e-01 6.741578098223225401e-01 6.811970944582833587e-01 6.822910020193145852e-01 6.936746999693128579e-01 6.874675114546997534e-01 6.763898295017732876e-01 6.837238200871786908e-01 6.805625966386854575e-01 6.719696672487481814e-01 6.857342703321135380e-01 6.864806482551034650e-01 6.909127260800513870e-01 6.826936720521326052e-01 6.791260479359261248e-01 6.797531207777136597e-01 6.864413548283898603e-01 6.687521205044874018e-01 6.747469569415992519e-01 6.724799702054968797e-01 6.824426957422404794e-01 6.762603794576553806e-01 6.730918785696077267e-01 6.848235182442103941e-01 6.842490417259625701e-01 6.690377609416601201e-01 6.833235366625428631e-01 6.794393083158624114e-01 6.581452047816107598e-01 6.614257776388318133e-01 6.653746699689853106e-01 6.607284691733962267e-01 6.678989414934553004e-01 6.729278906097740931e-01 6.746157879209141450e-01 6.765925576085733972e-01 6.592997206187556358e-01 6.691916545708769259e-01 6.662163514338991233e-01 6.647352280803933144e-01 6.663169826072798951e-01 6.668655073172314873e-01 6.719627754213575166e-01 6.705166640906178310e-01 6.759850108887497377e-01 6.577374450335803369e-01 6.641442603639716724e-01 6.632940041364359107e-01 6.606254924023670094e-01 6.552991434217196876e-01
1.083003297604210741e-01 1.873656448566762833e-01 2.697713425435974144e-01 4.532776843224907148e-01 3.785301686140912225e-01 4.133420440785912642e-01 6.261700185846323929e-01 5.930658943500198843e-01 1.000000000000000000e+00 6.700297954942509016e-01 6.928324761853484892e-01 7.797747148798471750e-01 7.069848375042050437e-01 6.246791864581775489e-01 7.883722146354298355e-01 7.671773418153344792e-01 7.536828919789273495e-01 6.805329064470907463e-01 7.200371500088098564e-01 6.441335991110442860e-01 6.997030593490900507e-01 6.983409960130059213e-01 7.421923050970118396e-01 6.792700742929153046e-01 7.235377344250942810e-01 7.890388348677320751e-01 7.751064273918347736e-01 7.758726002938917121e-01 7.270690868446531008e-01 8.117727874245566078e-01 8.240515989167388478e-01 7.949758325527626068e-01 7.629268282865609985e-01 7.498999613043059176e-01 7.874154959589922953e-01 7.626931066914418578e-01 8.114905177804900838e-01 7.697948542749424305e-01 8.163884970805140862e-01 7.625544949392236704e-01 8.228451891380749172e-01 7.933751185667744510e-01 7.920504187423719200e-01 8.144928615935909111e-01 8.111371942092150400e-01 8.156734992813940988e-01 8.334036333260204099e-01 8.402741300141511882e-01 8.346375035964238576e-01 7.731094538467326860e-01 8.050174611042175687e-01 7.846474933519245187e-01 8.047791894644519273e-01 8.416037980370448812e-01 8.313468751959310898e-01 8.318903438657646587e-01 8.250751324016389887e-01 8.267089568651906362e-01 8.201671846500856455e-01 8.451744388658838369e-01 8.313872628797110975e-01 8.298759214686669550e-01 8.256178349880060052e-01 8.299661144016907688e-01 8.429230470156968691e-01 8.362042153785593790e-01 8.398455450821685764e-01 8.256341867641325827e-01 8.239502455632541356e-01 8.205073046450056529e-01 8.261174396613008009e-01 8.349803082175133451e-01 8.040815599056775342e-01 8.204005229515963782e-01 8.359094656307617388e-01 8.326200894004067710e-01 8.275917749721468653e-01 8.212415212145578458e-01 8.263271879957333477e-01 8.385628534277275170e-01 8.358177877236360187e-01 8.405027405253521211e-01 8.390804815040153741e-01 8.285765967875466931e-01 8.088560533442334943e-01 8.130493863306224034e-01 8.315751585445461114e-01 8.236374013510240344e-01 8.319645526641586963e-01 8.345468613082103193e-01 8.227968679955282028e-01 8.296621265856817251e-01 8.316465114838997863e-01 8.312220617714064508e-01 8.344148928640027219e-01 8.387384337279023550e-01 8.177726771176241360e-01 8.273384302127906320e-01 8.292942010639213768e-01 8.236234684351608770e-01 8.246601061260266929e-01 8.328097160300859114e-01 8.307569466784383572e-01 8.337981890936458917e-01 8.309260350983452836e-01 8.382936936148250862e-01 8.393747122229070490e-01 8.398323238511257172e-01 8.392746211219626051e-01 8.384520984318596382e-01 8.296011148184404549e-01 8.429250181332738068e-01 8.396087275407696504e-01 8.375523838294970380e-01 8.441064142655493319e-01 8.466795206052316614e-01
8.139457339309408290e-02 2.459964458938236342e-01 2.634590546056395644e-01 4.187251062386412315e-01 3.360668266492871648e-01 3.786499286490067617e-01 6.086763985326876236e-01 5.619401981215025321e-01 6.700297954942509016e-01 1.000000000000000000e+00 6.285001862489976165e-01 6.976072497325942479e-01 6.385619741510019098e-01 5.572166487129099899e-01 7.268300359262671595e-01 7.083629960418054150e-01 6.627661143317251646e-01 6.324776221470761461e-01 6.632878344879074017e-01 6.240417503771127361e-01 6.362213298359437053e-01 6.249432160415763216e-01 6.989065697875458394e-01 6.567380763276956523e-01 6.603372211880477183e-01 7.116248193604888250e-01 7.117656436894107541e-01 7.173797027397569304e-01 6.662647308097364718e-01 7.367019317806310363e-01 7.624313726005966796e-01 7.383619364990988698e-01 6.894886874075624172e-01 6.995552893609905398e-01 7.091104121688779349e-01 6.966359701304912777e-01 7.436980931498098357e-01 7.037221033126241920e-01 7.436692383849033972e-01 7.149160968755852164e-01 7.394546253913196754e-01 7.299487161358767517e-01 7.252816440716092217e-01 7.496615717378023458e-01 7.565773628613251534e-01 7.549193471281540058e-01 7.520639738480749958e-01 7.610213405840360323e-01 7.503920904874180620e-01 6.919999079775411843e-01 7.323051141073059211e-01 7.013703101068261558e-01 7.280938889937200731e-01 7.547452507687034684e-01 7.463463547537524390e-01 7.549789651588593165e-01 7.360180613220619339e-01 7.485426453707525463e-01 7.449865113467339928e-01 7.508219110305039967e-01 7.502932725448099305e-01 7.473598201276218100e-01 7.408932575300172241e-01 7.346859655938923206e-01 7.439331533613476877e-01 7.479750678487663285e-01 7.547271520943816814e-01 7.536502612451237981e-01 7.569399909851800556e-01 7.541405397199947291e-01 7.459713948854531651e-01 7.517266147908538976e-01 7.468372588430388648e-01 7.413941981115528268e-01 7.559198292084254867e-01 7.533007750223730259e-01 7.573224824246306275e-01 7.479626739780012024e-01 7.555365668633902132e-01 7.564147190915414543e-01 7.544378399871408680e-01 7.604760327702521083e-01 7.575384889647300835e-01 7.458198165628125986e-01 7.357023198350970405e-01 7.428197184618299254e-01 7.554942459738740457e-01 7.504684556644199978e-01 7.541798940689640185e-01 7.560738568786502523e-01 7.523279689685632432e-01 7.525574319523100630e-01 7.619575803305238537e-01 7.572753445107673897e-01 7.512284175906437378e-01 7.551105508928476207e-01 7.375832600324303545e-01 7.355908950696536941e-01 7.476444085838072073e-01 7.459221107880023016e-01 7.467406532753720905e-01 7.493169652873576947e-01 7.487689933706377365e-01 7.507482026069614012e-01 7.423653873216432553e-01 7.497258202686026829e-01 7.552179326438797080e-01 7.555801507744454026e-01 7.559904854488187498e-01 7.556591248067527911e-01 7.523919691936400422e-01 7.537363818545922411e-01 7.548010164596121729e-01 7.478515681792189396e-01 7.483210109825899625e-01 7.498172332638509685e-01
5.210296948522447763e-02 1.979246395759256261e-01 2.705624931153883805e-01 4.705243193413691793e-01 3.959195326666686277e-01 4.146243123405958797e-01 6.309325336560869246e-01 5.958350489138932726e-01 6.928324761853484892e-01 6.285001862489976165e-01 1.000000000000000000e+00 7.626684351956215524e-01 6.829274950210768580e-01 5.979444247327934114e-01 7.604203842935454150e-01 7.439483816046471576e-01 6.894009993767338251e-01 7.056316344667926677e-01 7.341512268930608931e-01 6.643574233466429391e-01 7.221252495329534282e-01 7.331944986605958281e-01 7.425776527169715147e-01 7.148100601968364609e-01 7.609151789097794438e-01 7.740074865072633648e-01 7.621946888823242228e-01 7.598989027095145454e-01 7.268898404084953579e-01 7.625096950143572805e-01 7.930990638826633798e-01 7.837679256879456213e-01 7.350774384801304073e-01 7.503002537612818434e-01 7.502834055797557022e-01 7.763522172014575284e-01 7.847681587452389751e-01 7.514482807268285658e-01 7.851866854650373373e-01 7.605948352096641996e-01 7.920015271690609149e-01 7.765712928581011143e-01 7.901176128618951910e-01 7.994301991310855948e-01 8.020850112666990661e-01 7.879517783324334612e-01 7.939400392957367547e-01 7.990271976882690197e-01 8.027079925234770208e-01 7.701638252997258238e-01 7.928567667854876655e-01 7.806460709458461489e-01 7.857835002341341246e-01 7.846261525171296380e-01 7.813637335892749114e-01 7.983472225860692717e-01 7.753439383028690735e-01 7.845346081282840167e-01 7.779540632800646671e-01 7.863160157816539986e-01 7.981205146644123616e-01 7.749131928686903148e-01 7.748403156804264391e-01 7.952477848763157553e-01 7.846255633463055101e-01 7.774577495870816923e-01 8.045091487277649112e-01 8.051677541422150863e-01 8.063388788660906803e-01 8.054096091704984195e-01 8.126609747375614923e-01 8.137015981942704590e-01 7.946628651698659507e-01 8.109497602623237933e-01 8.116598216760695372e-01 8.028943459907514901e-01 8.096169320037701622e-01 8.098645478218500227e-01 8.102536722576801909e-01 7.988654614023593670e-01 7.999774050950788640e-01 8.049175822477839803e-01 8.111230930875531486e-01 7.899788132546663455e-01 7.965518422546654653e-01 7.975908129859251572e-01 8.101979723801737698e-01 8.034784280468911799e-01 8.043017442526056993e-01 8.078242885290215503e-01 8.110133976189590754e-01 8.052606904703530910e-01 8.116981543823612588e-01 8.045399686647649595e-01 7.995612722621275870e-01 8.010847584277217548e-01 8.088343592719093866e-01 7.983220142353396609e-01 8.070013589222649886e-01 8.060030697095090790e-01 8.070936265080592698e-01 8.063128085075318419e-01 8.024448114483493377e-01 8.035287760123824841e-01 8.051049309588729219e-01 7.989823695269286929e-01 8.030573139205374744e-01 8.003310422519891443e-01 8.029615325411825211e-01 8.019304876239499169e-01 7.997431956176468404e-01 7.956062691669821829e-01 7.963410529513843539e-01 8.042325876512180782e-01 7.997316354965134932e-01 7.924191426838049779e-01
5.498954181989445383e-02 1.856778390442067883e-01 2.846545177999618703e-01 4.945414008638894243e-01 4.188238660969841320e-01 4.292461164266284102e-01 6.623626153285333551e-01 6.586454143829449936e-01 7.797747148798471750e-01 6.976072497325942479e-01 7.626684351956215524e-01 1.000000000000000000e+00 7.607184648752440825e-01 6.464168373349612473e-01 8.411566063249875658e-01 8.333498684943070334e-01 7.740467827588736194e-01 7.350049319225206990e-01 7.801409227763899112e-01 7.133336666654492841e-01 7.626843901381172852e-01 7.546088132270698523e-01 7.911710261512945319e-01 7.541173850458342542e-01 7.947017725558153112e-01 8.268554175545016482e-01 8.228465937729722013e-01 8.174913212682288766e-01 7.751357411009535126e-01 8.541432331768394892e-01 8.710353112107138696e-01 8.521438790242414907e-01 8.245046840541306876e-01 8.154901974817558852e-01 8.390465087287175550e-01 8.235553776119685088e-01 8.654693935217131484e-01 8.314349790241319926e-01 8.753742235391311910e-01 8.242767491222766640e-01 8.721187174608714399e-01 8.569276990426547558e-01 8.637489814575270985e-01 8.782372282474082414e-01 8.689090616130542566e-01 8.761466719148112148e-01 8.897131687674599831e-01 8.935699340332922125e-01 8.901047518239125766e-01 8.360266593600417240e-01 8.697371345750199989e-01 8.382213586911899661e-01 8.636424010784803373e-01 8.883809977091843280e-01 8.812839881403699005e-01 8.814645015820588014e-01 8.685518308950775923e-01 8.825296434322614791e-01 8.763518944985342340e-01 8.937101712828586786e-01 8.931916214401629528e-01 8.811648024419989067e-01 8.796486279044202217e-01 8.808688855589806854e-01 8.803044043485942494e-01 8.807234987998797671e-01 8.925526987365210996e-01 8.893353242836801176e-01 8.864302076779375650e-01 8.859518666346094529e-01 8.910102407142315162e-01 8.937013364332290211e-01 8.705801132642090323e-01 8.867469456103854730e-01 8.892714140388640054e-01 8.881111536589639810e-01 8.830391303144493609e-01 8.839801889283257497e-01 8.875595925038248790e-01 8.924004466044067607e-01 8.912098186736876482e-01 8.959767665549697169e-01 8.919220783443340128e-01 8.863508814003684400e-01 8.739488075019272717e-01 8.774799496148156797e-01 8.940779823734884557e-01 8.864148599969943199e-01 8.927262537310957091e-01 8.868899810521124749e-01 8.845926092309067679e-01 8.906307688579657711e-01 8.920232936188401407e-01 8.937792700520582612e-01 8.937465162054915035e-01 8.965171874732672519e-01 8.794787323051144190e-01 8.765668950483909150e-01 8.924021912151399727e-01 8.871601204377039807e-01 8.921661124221520467e-01 8.932441838500035924e-01 8.902350404533634354e-01 8.947512931233495559e-01 8.885377052397004372e-01 8.883794088426759661e-01 8.957331663743391958e-01 8.956859046391606460e-01 8.951443787313823064e-01 8.953342493450985318e-01 8.894529965974334873e-01 8.969099917715105397e-01 8.965580229287599678e-01 8.936925559969551847e-01 8.923609652930314384e-01 8.939747305474171624e-01
5.771945597104637116e-02 1.687686952996213241e-01 2.657313423122339424e-01 4.633259017865202778e-01 4.525493580690208018e-01 4.199411790862869753e-01 6.393693491301183363e-01 6.247157077754068588e-01 7.069848375042050437e-01 6.385619741510019098e-01 6.829274950210768580e-01 7.607184648752440825e-01 1.000000000000000000e+00 6.041842690122222193e-01 7.836637892411726369e-01 7.768398260789862730e-01 7.020154203557321670e-01 6.722595708552684401e-01 7.203347691328244595e-01 6.572017118367802224e-01 7.002196303721958115e-01 7.050603045680082781e-01 7.452597666779176011e-01 6.870040676751467679e-01 7.356155892428297705e-01 7.788051304116396789e-01 7.614551099843034354e-01 7.695372637157196216e-01 7.180620475046832762e-01 7.908748947978625488e-01 8.093832683720678656e-01 7.699792295917072815e-01 7.438974156100308655e-01 7.349589063542631973e-01 7.726859083906714165e-01 7.505966982245754204e-01 8.018836800282427291e-01 7.474630926540629661e-01 7.964215318021758971e-01 7.579436398864853874e-01 8.092255958538677740e-01 7.989091801495961098e-01 8.020118437781437182e-01 8.135750959225409584e-01 7.980508826846411941e-01 8.058128591415438802e-01 8.113210829908563682e-01 8.178372958417020611e-01 7.978894723782676834e-01 7.522368913954364800e-01 7.804539979048251697e-01 7.719229902790788467e-01 7.956276520397410623e-01 8.074330629736455878e-01 8.000480951262277651e-01 8.135473440719229732e-01 7.706728605553023748e-01 8.069530456431156518e-01 7.831580671856562814e-01 8.214618188284024125e-01 8.136751351122333276e-01 7.952881129406220717e-01 7.891924918545660805e-01 7.912081380304434308e-01 8.110624349030219893e-01 8.042737143186254878e-01 8.189162475493667603e-01 8.133991083261282729e-01 8.165809303389859330e-01 8.189603490118936291e-01 8.191919342605671339e-01 8.216201632794127852e-01 7.976591918078457244e-01 8.158232456060201532e-01 8.248662282399268353e-01 8.221244810897374578e-01 8.204051460889001390e-01 8.119797739227557765e-01 8.174641966273292759e-01 8.243853349259361307e-01 8.225651944993258580e-01 8.239958178932879074e-01 8.226757350121081114e-01 8.179075244439415471e-01 7.988540695614759768e-01 8.017625816952892448e-01 8.231787240617262080e-01 8.108706188821758198e-01 8.209370146646453037e-01 8.238511345131998009e-01 8.169884065183095068e-01 8.230241443457768646e-01 8.235800595035080995e-01 8.236863770897987491e-01 8.182557093685387528e-01 8.199577839745534336e-01 8.063091199650566088e-01 8.032584393281639867e-01 8.191064128009526435e-01 8.116665743675762767e-01 8.230402675758156095e-01 8.165967534179071619e-01 8.184249420885711945e-01 8.226849386260481900e-01 8.163870595977008593e-01 8.128626218998182829e-01 8.181863351450147093e-01 8.246322715550049587e-01 8.240705084035013783e-01 8.229865795729867095e-01 8.155730453043587014e-01 8.231134800662242013e-01 8.168252415175085712e-01 8.187544851117931621e-01 8.181282950083615946e-01 8.177532082261599333e-01
