1.000000000000000000e+00 7.519065871559019176e-02 6.739097647185454676e-02 -5.909653924711248500e-03 2.663794066057169341e-02 1.853595113802912128e-02 3.306514049335155300e-03 -9.182313682675210739e-03 1.225299636709950984e-01 2.444709538765136095e-02 3.330905482093506759e-02 1.075033694549634017e-02 3.614512451849841851e-02 7.687908193393495036e-03 2.397161732144854375e-03 1.200255246084349844e-02 1.242959155487700779e-01 1.032515414279418647e-01 1.015061490361758995e-01 3.913663503855459302e-02 5.733326335620168857e-02 1.060913427427650629e-01 9.924947183314984656e-02 9.525746604677295948e-02 8.353480995103923501e-02 6.255971127105360019e-02 7.180434097378120273e-02 6.647271872324611586e-02 9.077136119309456297e-02 1.135133347607353016e-01 8.354312441442292292e-02 5.922023403486607190e-02 5.750923031873682312e-02 5.035686612314019955e-02 7.112310457874286562e-02 2.677971376720493166e-02 6.795462867498781867e-02 1.682919654618817221e-02 2.967499071906954528e-02 -3.030827634406362686e-02 1.764293297801693833e-02 -1.574882207005504423e-03 -2.334729342872175761e-02 1.440400075875060242e-02 2.924748398570369001e-02 1.883386469020358750e-02 1.702362800787079675e-02 2.564796654446507146e-02 3.987556047027994433e-02 6.553572395621503569e-04 7.906337731138315950e-03 1.131106986261382411e-02 2.080318873502665436e-02 6.555152678452924597e-02 3.114560701292609646e-02 1.800776423817140870e-02 7.592309395676914707e-02 1.074934116031090944e-02 3.011844314530984223e-02 3.980683920814884202e-02 1.080049348505282038e-02 4.114764278777666151e-02 2.813706625675503961e-02 4.646166515882761694e-02 5.741220093450318668e-02 7.250172744026575633e-02 2.686685237306023211e-02 3.548024908201371369e-02 4.263752926272844357e-02 6.779032635639637219e-03 3.130888319289443916e-02 3.849575734125361415e-02 3.511905957118068716e-02 3.287760703186221045e-02 2.830903215225980332e-02 3.612735815576047227e-02 2.498824973239063482e-02 5.003846218570907195e-02 3.621706704659569120e-02 4.588928518817039781e-02 5.231147462989696462e-02 3.465828246262930845e-02 3.641610125588738006e-02 4.079974994237330066e-02 1.051381929211626367e-03 2.730725250398763349e-02 2.534930292135233187e-02 1.888303283035601713e-03 1.901795445423737352e-02 9.785340323291900205e-03 1.464506123860055426e-03 2.407691964176023741e-03 1.110647147065409873e-02 1.091043929906605238e-02 7.445722323729077503e-03 1.564031883342356655e-02 -2.730045203835448561e-02 2.058078349363506865e-02 4.362342042633619681e-03 -1.188554290398627193e-02 -1.669112919567444439e-02 9.607137559387820755e-03 8.847741241219987673e-03 -2.188462629885642736e-03 3.881102615655893009e-03 3.792726502874859545e-02 2.135112818931621595e-02 2.157347088122124959e-02 1.340618039163285306e-02 2.128510104957802296e-02 2.240773405956643025e-03 2.267955284681591813e-02 1.450958656964128519e-02 1.397027513362301444e-02 3.463234648459616316e-02 3.777761666955973402e-02
7.519065871559019176e-02 1.000000000000000000e+00 8.738968759688101051e-02 1.003218489639124272e-01 9.974871545467252354e-02 1.296834285374529883e-01 1.277405497945087176e-01 1.081471790375710812e-01 1.824336121781349185e-01 1.865819548806831041e-01 1.565365771287071661e-01 1.438259560120487834e-01 1.281181644944524023e-01 1.134881719063066813e-01 1.450721292282037833e-01 1.447971971564265270e-01 1.755640963936203058e-01 1.847382590825679405e-01 1.757378534120583036e-01 1.005295385430055033e-01 1.530400749513914360e-01 1.772481025474979821e-01 2.053042462992848982e-01 1.979716773047701661e-01 1.915868383300875499e-01 1.795803251649314425e-01 1.724111686714480118e-01 1.774692115015982230e-01 1.660688561264753449e-01 1.988048155907383152e-01 1.939320862323300754e-01 1.885751549669211213e-01 1.829762284771376812e-01 1.893096848693558987e-01 1.772193499777080239e-01 1.796121916519615447e-01 1.969533333003830322e-01 1.674236902424354467e-01 1.828309470230059519e-01 1.627736782860417508e-01 1.709044583732223510e-01 1.655140602691329843e-01 1.580428925987672206e-01 1.667778862134805806e-01 1.708241191487708810e-01 1.754353798688353394e-01 1.618169051118839852e-01 1.638149353273880282e-01 1.666784170514969687e-01 1.527288561510121156e-01 1.634053501857579693e-01 1.424998945871451816e-01 1.530674969481716219e-01 1.716392528634458625e-01 1.622203342269296078e-01 1.751057253809146230e-01 1.576880002834119554e-01 1.585927540498873745e-01 1.645046231149161209e-01 1.647734781548408078e-01 1.518608909005575436e-01 1.557610229082480868e-01 1.625441409994126396e-01 1.549129625386080344e-01 1.681967528891053221e-01 1.611806543617554932e-01 1.731467325849385952e-01 1.757042898356017402e-01 1.857077061657469719e-01 1.517181447262795635e-01 1.747776643615341907e-01 1.819468777583302943e-01 1.834076164934786701e-01 1.814316931411689982e-01 1.712379524115338614e-01 1.721693447403287169e-01 1.711454924890234153e-01 1.678846491843699329e-01 1.784338107547157881e-01 1.815275092397922452e-01 1.846377154888266259e-01 1.746036222025470208e-01 1.791632950375713629e-01 1.807640034460247513e-01 1.726292564051373768e-01 1.783022541219489443e-01 1.780460041886832157e-01 1.638653331229964483e-01 1.733954653875860452e-01 1.661142556464857700e-01 1.712384572778967440e-01 1.659140281489038804e-01 1.659686804670149618e-01 1.697786569626099085e-01 1.622642196739064457e-01 1.660810486594086754e-01 1.396451210164172674e-01 1.417077314575159452e-01 1.548007173781342505e-01 1.571515286522628674e-01 1.534531980851172595e-01 1.554133475313773383e-01 1.542702600824405190e-01 1.570451124619078875e-01 1.562277468298368943e-01 1.504747167828079379e-01 1.579960091708475511e-01 1.691254887753661507e-01 1.631250698502059449e-01 1.612402524141460791e-01 1.620723848016887292e-01 1.618790873534334818e-01 1.568671017904103848e-01 1.547024909819666727e-01 1.622338856143925589e-01 1.582367615684039663e-01
6.739097647185454676e-02 8.738968759688101051e-02 1.000000000000000000e+00 2.922536395160774125e-01 1.906881734003030571e-01 2.391526570335954505e-01 3.316709315429840488e-01 3.097142347937861806e-01 3.255964568976136841e-01 3.193943233203571097e-01 3.430211029226772901e-01 3.669871876336788241e-01 3.320839003701899217e-01 2.679858485168943871e-01 3.574922455242478536e-01 3.521872418114468939e-01 3.595640700271096613e-01 3.265064776255029999e-01 3.393263237532463394e-01 2.332372849703243656e-01 3.243844224602119852e-01 3.450661774027041218e-01 3.544989770504791138e-01 3.326625300067882485e-01 3.518882073438319158e-01 3.681063396654105091e-01 3.707190626924037891e-01 3.949056372373335178e-01 3.470153575452072925e-01 3.903153180609332806e-01 3.819652895554633831e-01 3.851992670068960511e-01 3.818571733725042994e-01 3.795902119550151332e-01 3.728153589966501924e-01 3.762240315651296796e-01 3.898491316171466825e-01 3.675218438142269228e-01 3.862198403886020759e-01 3.729775660536321924e-01 3.847412718949546617e-01 3.760482638931211818e-01 3.635183059506520986e-01 3.731057853335425500e-01 3.780595659031629752e-01 3.696331350141046634e-01 3.683205504671364650e-01 3.671157912401871726e-01 3.608504378957717029e-01 3.645583473498654192e-01 3.669430132139583356e-01 3.601981972470907345e-01 3.654469141647949670e-01 3.588482995486372285e-01 3.573468024374005791e-01 3.727879645548443643e-01 3.527636082747830359e-01 3.624343120605485469e-01 3.556738794265176251e-01 3.628316585981230524e-01 3.633547638186108708e-01 3.583766806879847833e-01 3.619514653556335504e-01 3.599677055640069789e-01 3.643435687815114177e-01 3.578781076765887303e-01 3.695913590441994856e-01 3.743876359757640215e-01 3.813665274680438366e-01 3.611801739774099795e-01 3.767862211904074443e-01 3.762950936176695516e-01 3.730641177136565512e-01 3.755953720825678244e-01 3.744484675833630316e-01 3.769767229460268543e-01 3.748317232397938015e-01 3.652216744839929530e-01 3.793970809485021634e-01 3.764393857172717017e-01 3.776163779763670458e-01 3.798705687743308967e-01 3.816281729990504967e-01 3.839672069965971435e-01 3.832730455780915535e-01 3.830274722536986531e-01 3.796566892009021199e-01 3.766754393375887355e-01 3.788307038712683261e-01 3.739526199568016795e-01 3.838079718467070633e-01 3.757567633114029526e-01 3.798630525116107881e-01 3.767621426485774361e-01 3.658844489407808154e-01 3.669501145232056394e-01 3.694960360666710852e-01 3.679066386742951278e-01 3.677638641401108632e-01 3.711962005276874255e-01 3.722482200493593685e-01 3.661081952441319065e-01 3.653316667330228640e-01 3.696657485337572213e-01 3.710715134299747975e-01 3.630609612920653317e-01 3.664729724034092584e-01 3.699806499350307698e-01 3.681699858636443556e-01 3.641988024662908274e-01 3.660130578932988543e-01 3.668358153867645188e-01 3.645749191362666064e-01 3.666968175913190020e-01 3.672692432804117169e-01 3.636971148660588238e-01
-5.909653924711248500e-03 1.003218489639124272e-01 2.922536395160774125e-01 1.000000000000000000e+00 3.411090631423257524e-01 3.951924732827115094e-01 6.058023984545646279e-01 5.433555705843655659e-01 5.079763792553171342e-01 4.928581993718121890e-01 5.717932954842900317e-01 6.398498580264281310e-01 5.591549472421614153e-01 4.547271716720818202e-01 6.156289990898617948e-01 6.111941176112273277e-01 5.586674530641730918e-01 5.267356393425896011e-01 5.566540497679590693e-01 4.848275051644115319e-01 6.108000372706531289e-01 5.991528049590988392e-01 5.137367704870526852e-01 5.356104049614796025e-01 5.663017935815800596e-01 6.153237450648887386e-01 5.975585842963614391e-01 5.982761098370410480e-01 5.628447881568329203e-01 5.667088561645963196e-01 5.789710647238673902e-01 5.835340823125504395e-01 5.743755271529593642e-01 5.922801527544168110e-01 5.809881410220387732e-01 6.087277992428991036e-01 5.950078018005395819e-01 5.980532095081674271e-01 6.013354965462841539e-01 6.053054564585979014e-01 6.093028970911950060e-01 6.094026981951770061e-01 6.067717521508365630e-01 6.059665584050923925e-01 6.116386733423080369e-01 5.834574256611583243e-01 5.965498446368664442e-01 5.911836070688443190e-01 5.987028454934463229e-01 6.200204832366651431e-01 6.141361013288899606e-01 6.378102702229492271e-01 6.169981474250609832e-01 5.925971301023003068e-01 5.980899713399172590e-01 6.057998507111476139e-01 6.106702811581006252e-01 5.916531350126474909e-01 5.887933285510623671e-01 5.958264988041438448e-01 6.051990749377260670e-01 5.908922378676509934e-01 5.978408977801702440e-01 6.047664506922988403e-01 6.028965901945954053e-01 6.055520393769147081e-01 5.924954024979136591e-01 5.984678715552831374e-01 5.983611291767394480e-01 6.212014807460271015e-01 6.256962833580086425e-01 6.000318989962264427e-01 5.958088026228017808e-01 6.096865386661822761e-01 6.140852521001730624e-01 6.008233267160995039e-01 6.151842146622279461e-01 5.998888216680672292e-01 5.964022268697756202e-01 5.825835870400862815e-01 6.007302400480639681e-01 5.939985102667459937e-01 6.063989142030555834e-01 6.024162233996446236e-01 6.149310075754078619e-01 6.057943331794279906e-01 6.054328148428609335e-01 6.099220228363936291e-01 5.995832622997020467e-01 6.104778858987810475e-01 6.131669255969175447e-01 6.076610387885997833e-01 6.124464659767872021e-01 6.003076329954076806e-01 5.947372603135965274e-01 5.959498209790932144e-01 6.233836847729785635e-01 6.296104107717809262e-01 6.068142443384471063e-01 6.121546457934761154e-01 6.158830819995035899e-01 6.146428352026861441e-01 6.051574952647429395e-01 6.023164973076180484e-01 6.222182591787105421e-01 6.144758730162834803e-01 6.094687713817995567e-01 5.960622965119157790e-01 6.013535802765483940e-01 5.976975086793137049e-01 5.961578732410157677e-01 5.996520302960045568e-01 6.009989152476832297e-01 6.114713309754415960e-01 6.014599546706822508e-01 6.082737893043340671e-01
2.663794066057169341e-02 9.974871545467252354e-02 1.906881734003030571e-01 3.411090631423257524e-01 1.000000000000000000e+00 2.952165007772679650e-01 4.853862182832655026e-01 4.529492540529734268e-01 4.216435386388801554e-01 3.803619300947345683e-01 4.354787774031946279e-01 4.684402644536770910e-01 4.684403680302179906e-01 3.583159419031878290e-01 4.916663044789058579e-01 5.045327582724994375e-01 4.175241786920588227e-01 4.386145465256183207e-01 4.351822241858857576e-01 4.036261719675291459e-01 4.605278369529859361e-01 4.592003792468080658e-01 4.277389398721787028e-01 4.122899245786701972e-01 4.384585666306137219e-01 5.028892334012337040e-01 4.807428396595667119e-01 4.642286055227106689e-01 4.523147547176104011e-01 4.356105194976094275e-01 4.555365909637424937e-01 4.631491691085034001e-01 4.411157252758514669e-01 4.416298477465365746e-01 4.392983529116246122e-01 4.635893606853919713e-01 4.451220961630154571e-01 4.831315672975514675e-01 4.781902645198151669e-01 4.591908221739229301e-01 4.827256854490755700e-01 4.858359763791472163e-01 4.968156771897124235e-01 4.877122763200215094e-01 4.757390650469304760e-01 4.738584237881237060e-01 4.763635503463986010e-01 4.743898944089922631e-01 4.898687306598979441e-01 4.887869483152033068e-01 4.935765459458883453e-01 4.863797521228196974e-01 4.840048831525960438e-01 4.808408212785431068e-01 5.009369221927724158e-01 4.881891585833821323e-01 4.935954372606587426e-01 4.829596981971052139e-01 4.857389374001804261e-01 4.863226925438393633e-01 4.925390162062857069e-01 4.864941363205334546e-01 4.917603685782322986e-01 4.886127424324064883e-01 4.700195775663587039e-01 4.785558330474921629e-01 4.676700602000329332e-01 4.784969256505395840e-01 4.733528396188650955e-01 4.989558172235462052e-01 4.878866969070851933e-01 4.735677140447680511e-01 4.720875398715153604e-01 4.854198598237973727e-01 4.912066801268587524e-01 4.791387028917267199e-01 4.808213957944884598e-01 4.757978990532636954e-01 4.780867716804587109e-01 4.592215530517312905e-01 4.693798561599621944e-01 4.659840415492439991e-01 4.709210453417256304e-01 4.703534862263010763e-01 4.729914746341213894e-01 4.695717402641494953e-01 4.686035425592664505e-01 4.808344114931160651e-01 4.719637018449744370e-01 4.886567814702433843e-01 4.741727294171765861e-01 4.789908293799302608e-01 4.752569442410600753e-01 4.760446450131269880e-01 4.735741177169368599e-01 4.741138786312298903e-01 4.836475670060516596e-01 4.921425178729427197e-01 4.821391986898778681e-01 4.795975447115700674e-01 4.868068871315429091e-01 4.857993579708190235e-01 4.758502890869227842e-01 4.787364134242441671e-01 4.807408514837743230e-01 4.849511126141138884e-01 4.827348069387745744e-01 4.774581003661162448e-01 4.857488354506434569e-01 4.808166064878761081e-01 4.749266600304788977e-01 4.777826032763185515e-01 4.785641769815388580e-01 4.840834203912715572e-01 4.689506028555728845e-01 4.771827890868052813e-01
1.853595113802912128e-02 1.296834285374529883e-01 2.391526570335954505e-01 3.951924732827115094e-01 2.952165007772679650e-01 1.000000000000000000e+00 5.304968843209645346e-01 4.971605444095337223e-01 5.266960222694293536e-01 4.742427977003216832e-01 5.299708949329839935e-01 5.667082273212473709e-01 5.241788644922156237e-01 4.585810805206517182e-01 5.750363854755407012e-01 5.691442422443436788e-01 5.048232182752019348e-01 4.922527164067019845e-01 5.061760243613245835e-01 3.847055773217654129e-01 5.103003606819165316e-01 5.400984725415766130e-01 5.140483705723369878e-01 4.933191258055152906e-01 5.420801985232147624e-01 5.726829159930643121e-01 5.704621789234769480e-01 5.880142900793701166e-01 5.623646717353864011e-01 5.565517899823639869e-01 5.826887002980525310e-01 5.556954490965434479e-01 5.595112694618240567e-01 5.530654793168856553e-01 5.717049391342629017e-01 5.555671031859905629e-01 5.751490158725178770e-01 5.737955861880181807e-01 5.830226285650689233e-01 5.559233519467474682e-01 5.859042947302961490e-01 5.888985959313033369e-01 5.786542092176150121e-01 5.939720454668218075e-01 5.852489662396249681e-01 5.830136805421520796e-01 5.814660156443608452e-01 5.863949069813292336e-01 5.787682719762483607e-01 5.648267839852949557e-01 5.845332607656005264e-01 5.715703990671036072e-01 5.798676023885604991e-01 5.839512281144743078e-01 5.811993475817034405e-01 5.855357849129334546e-01 5.805236250392148412e-01 5.812413425399090006e-01 5.795463171496041399e-01 5.859870384358265571e-01 5.864661837615622320e-01 5.838427575298782424e-01 5.811504833382095114e-01 5.774229321491941569e-01 5.733008590282134831e-01 5.836395332438175654e-01 5.833739737686324256e-01 5.854508988659515856e-01 5.827791560636416124e-01 5.813856067637959146e-01 5.931214245712248534e-01 5.876784510687048657e-01 5.786538484588816811e-01 5.872292898477876610e-01 5.991292051325367574e-01 5.944981964886384418e-01 6.023414218924568742e-01 5.981932420121509608e-01 5.923234209753924784e-01 5.816179177506726194e-01 5.929849478273293562e-01 5.915262757693190432e-01 5.863656264436490906e-01 5.976253775931991141e-01 5.873729784977841373e-01 5.850570927450132741e-01 5.912147640616699507e-01 5.910507881297641930e-01 5.936058225104088315e-01 5.937281884265800391e-01 5.940124780713708086e-01 5.946994472469272486e-01 5.874712727691816516e-01 5.941801734762087728e-01 5.835521625256330225e-01 5.866623968059122562e-01 5.832629569223316546e-01 5.816388563233509945e-01 5.875309450644575771e-01 5.873625732344341932e-01 5.902702014101786077e-01 5.906001464310586258e-01 5.791188711359231966e-01 5.852363744889801378e-01 5.866652652786413791e-01 5.862793359321630815e-01 5.874772704759442243e-01 5.877444224594142730e-01 5.929886445238082837e-01 5.866781538722488643e-01 5.869631022921865116e-01 5.861488071286897750e-01 5.872963154565059574e-01 5.866673615292641308e-01 5.834676299481729167e-01 5.855035991381766225e-01
3.306514049335155300e-03 1.277405497945087176e-01 3.316709315429840488e-01 6.058023984545646279e-01 4.853862182832655026e-01 5.304968843209645346e-01 1.000000000000000000e+00 7.087826711806836100e-01 6.989632155516639633e-01 6.603497587721577355e-01 7.320405121109609947e-01 7.965770536277338998e-01 7.257414247553382047e-01 6.234738137573000438e-01 8.308252860441556198e-01 8.045180605220908499e-01 7.061660781472096637e-01 7.024938491889988201e-01 6.959988168127742014e-01 6.240754975755229417e-01 7.386066435017395460e-01 7.416332519022177383e-01 7.142474408840079336e-01 6.864612701449466226e-01 7.258483250267688813e-01 8.143441946017397903e-01 7.926071752195057440e-01 8.092280187230479482e-01 7.727676866808724787e-01 7.557702043378975443e-01 7.874918488018257667e-01 7.904355280627812785e-01 7.821853602853411358e-01 7.806503273478189175e-01 7.684166835367687298e-01 7.859125171405562105e-01 7.859986417065627506e-01 8.114028005306179736e-01 8.122520296642925519e-01 8.048982091576791786e-01 8.102526216954850646e-01 8.177185300929492584e-01 8.178366203337141815e-01 8.147429127882730437e-01 8.093302841976256490e-01 8.028257704143150209e-01 7.969991393417871217e-01 7.983640071313921061e-01 7.973587961357025966e-01 8.057849763511414354e-01 8.145365810947063911e-01 7.854439292897875680e-01 7.946495962849263739e-01 7.858567388811509291e-01 8.005773730568944702e-01 8.115485107122379915e-01 7.879534606481826131e-01 7.896145100802774985e-01 7.926668011178068518e-01 7.922650482644626457e-01 8.009788817021163965e-01 7.890791693711817212e-01 7.924860990997409926e-01 7.934076842529323992e-01 7.820608454624700112e-01 7.798999394368997251e-01 7.930827709899109790e-01 8.014063546760136214e-01 8.085521888717933647e-01 8.246280102199650131e-01 8.129391634937610522e-01 7.960856189108989067e-01 7.972741500565880823e-01 8.045773071974940960e-01 8.198154890375882742e-01 8.079748598919648250e-01 8.246034329659481799e-01 8.106093893509945802e-01 8.072784466149123261e-01 7.874485159697580672e-01 8.028567296106086104e-01 7.986358833548319325e-01 8.060034334671942746e-01 8.110464559742751600e-01 8.195479789265421866e-01 8.095982061144187947e-01 8.076698338412624523e-01 8.178157522811858593e-01 8.129357519691365885e-01 8.139423065575156491e-01 8.235145588976087172e-01 8.144177597078484654e-01 8.105187101102098168e-01 8.108808039219739250e-01 7.972104517808280555e-01 7.963010983626563899e-01 8.142249199897506617e-01 8.073258382184027582e-01 8.029956751700257911e-01 8.150475189247434749e-01 8.183443567904041815e-01 8.086487288390046269e-01 7.969973786879952504e-01 8.020649750390647093e-01 8.074722066121319264e-01 7.966793228793794812e-01 8.042823971411882100e-01 7.987921784041155382e-01 8.057063445475869390e-01 7.989054913918386402e-01 7.999268691735373915e-01 7.957101986622503453e-01 7.971744901913316861e-01 8.056400092602099550e-01 7.891926394027622971e-01 7.940300859718646409e-01
-9.182313682675210739e-03 1.081471790375710812e-01 3.097142347937861806e-01 5.433555705843655659e-01 4.529492540529734268e-01 4.971605444095337223e-01 7.087826711806836100e-01 1.000000000000000000e+00 7.079456160936492548e-01 6.655178929623317696e-01 7.138906991965777715e-01 7.740117686903152938e-01 7.253658068748484178e-01 6.233241893726079175e-01 7.952921715534583269e-01 8.042426421834192318e-01 6.698900176661344297e-01 6.212236459174264036e-01 6.637691627224238111e-01 5.177303440477483143e-01 6.527998829587189356e-01 6.923959706940931991e-01 6.422077419375445961e-01 6.357894283622137488e-01 6.886210606240343868e-01 7.452760724877507403e-01 7.476941091933009265e-01 7.460899979604957988e-01 7.087793509232204192e-01 7.263390084874935537e-01 7.572546692193281581e-01 7.451668035153543590e-01 7.203247306535222050e-01 7.209619013679648969e-01 7.356507467044623994e-01 7.354896652866079743e-01 7.291479959501652175e-01 7.974370754604739320e-01 7.905875031267199926e-01 7.615422844474900588e-01 7.915125918092748014e-01 7.970900832704034267e-01 8.033149925071702002e-01 8.012827270154739834e-01 7.801931547434324266e-01 7.938381697040493012e-01 8.009106123644497144e-01 8.018673578464371454e-01 7.985356723992224071e-01 7.882934703405498622e-01 8.091664941878387030e-01 7.726918546363691354e-01 7.910567243057097242e-01 7.880905557752101442e-01 8.017480780419390385e-01 7.918689836285418560e-01 7.889171055784353070e-01 8.026876784900810469e-01 8.015079410632887091e-01 8.025669497900079774e-01 8.109089308801374907e-01 8.030116246900682597e-01 8.018791503990313485e-01 8.018837913525524996e-01 7.860526843468853553e-01 7.846577869229560687e-01 7.950527629288975939e-01 7.923823618355468890e-01 7.864447663255915710e-01 7.878967089592909812e-01 7.971993680681292993e-01 7.903160378326897773e-01 7.733623089349171975e-01 7.866864258787075181e-01 8.025284676380309845e-01 7.968868419616377263e-01 7.970631208667158241e-01 7.822211254788705714e-01 7.919694746840291177e-01 7.872082781986028399e-01 7.865381933731453445e-01 7.953031515841548771e-01 7.907864427317579104e-01 7.911683965740301527e-01 7.999137113183412140e-01 7.899226674236946577e-01 7.905021697818201964e-01 8.101578253714728506e-01 7.985466103603607868e-01 8.068293050791041088e-01 7.937167143807949410e-01 8.076316854166056824e-01 8.021595415023919928e-01 8.046379507625036620e-01 8.065845785095758780e-01 8.046362697724068758e-01 8.132657504022713368e-01 8.087631691976439052e-01 8.104387886877350011e-01 8.104792142056399529e-01 8.124109033877878749e-01 8.135265542330135657e-01 8.055410360246826329e-01 8.094193670738280000e-01 8.073080353147198407e-01 8.021979466701559813e-01 8.119387394079798925e-01 8.038302932736224315e-01 8.088629279978513109e-01 8.065371103559348942e-01 8.067300522132114793e-01 8.047268651710695053e-01 8.075845567304958950e-01 8.118436856756038322e-01 7.949245033295799789e-01 8.013828666098500308e-01
1.225299636709950984e-01 1.824336121781349185e-01 3.255964568976136841e-01 5.079763792553171342e-01 4.216435386388801554e-01 5.266960222694293536e-01 6.989632155516639633e-01 7.079456160936492548e-01 1.000000000000000000e+00 7.389797444580388230e-01 7.887818817281779804e-01 8.183222867470811845e-01 7.511228292150035069e-01 6.656474118166467724e-01 8.404841257109563202e-01 8.279654859140516132e-01 7.654211050807132599e-01 6.948381947841220097e-01 7.540128789645553775e-01 5.380041601365180837e-01 6.989216715797582635e-01 7.638767398113343043e-01 7.394745088825224189e-01 7.299826950748761201e-01 7.747958662748306580e-01 8.119165967619528246e-01 8.222170381655977689e-01 8.302195850607266836e-01 7.925540301358032780e-01 8.247026241850051731e-01 8.545734489599949857e-01 8.275347596181886756e-01 7.943639056947735533e-01 7.908058392883405840e-01 8.224794705215568991e-01 7.892478644641065522e-01 8.149795370446957232e-01 8.480794279447861905e-01 8.559445059307424497e-01 7.969618471571181528e-01 8.618692356566213242e-01 8.568539757575497351e-01 8.357741362697110876e-01 8.615015031245742971e-01 8.477248051907717574e-01 8.608450820875225284e-01 8.709098972321528409e-01 8.805655911810840175e-01 8.646161952947103435e-01 8.189331363830198995e-01 8.569877031166482917e-01 8.261864208435577561e-01 8.552605666591254208e-01 8.792324865326406336e-01 8.622613053523752180e-01 8.634605625262801176e-01 8.591598842350043341e-01 8.655589951239098800e-01 8.659193079061797693e-01 8.786566717442902963e-01 8.679705861291946434e-01 8.723823691404115621e-01 8.658398875729611532e-01 8.704325873035534400e-01 8.725888047460810260e-01 8.742433834353529054e-01 8.785669853882881464e-01 8.759780871711163597e-01 8.696004488522490750e-01 8.489043903344249964e-01 8.685699333519475429e-01 8.750794225868279153e-01 8.576067585639856050e-01 8.658207011504076567e-01 8.753123098885359221e-01 8.782461145031341676e-01 8.712111148920371750e-01 8.668896289846048653e-01 8.712283660666150231e-01 8.763776311898772153e-01 8.771896644429946210e-01 8.787879135358328542e-01 8.741750661805525180e-01 8.716391699387568970e-01 8.575621231186050242e-01 8.665981586840656448e-01 8.684079246132958563e-01 8.681682907663377247e-01 8.724115490576559440e-01 8.683645210021665450e-01 8.589106912218084089e-01 8.713966748400798767e-01 8.719075147917452195e-01 8.739604530414751826e-01 8.761196759181687499e-01 8.792012316091475377e-01 8.452486157293327418e-01 8.591285800261290184e-01 8.732316063365027636e-01 8.638743116551589329e-01 8.629441306783186549e-01 8.724272320702738392e-01 8.731268730959286239e-01 8.719321683427835312e-01 8.698457787431416177e-01 8.695497516141146299e-01 8.757705240680995207e-01 8.811414724167696555e-01 8.769574107308865107e-01 8.796894800700060246e-01 8.721268272612940908e-01 8.802545997157644742e-01 8.748972623282027516e-01 8.748144014846989114e-01 8.791327423305141942e-01 8.802960978053193664e-01
2.444709538765136095e-02 1.865819548806831041e-01 3.193943233203571097e-01 4.928581993718121890e-01 3.803619300947345683e-01 4.742427977003216832e-01 6.603497587721577355e-01 6.655178929623317696e-01 7.389797444580388230e-01 1.000000000000000000e+00 7.269001695513981343e-01 7.591905634991209517e-01 6.918002354989380986e-01 6.203577460191768145e-01 7.708327822702032428e-01 7.668561221157307317e-01 6.955348088467809831e-01 6.280461145224605080e-01 6.709200266170318727e-01 4.937478794914335611e-01 6.262311474719719495e-01 6.858330385791115980e-01 6.758598363837678979e-01 6.668781879084654252e-01 6.946064788112027433e-01 7.462930236658118499e-01 7.533266714066209069e-01 7.653615739657615435e-01 7.208340709719535111e-01 7.577335807921289357e-01 7.868010566647928306e-01 7.692470416629494379e-01 7.420599040725405215e-01 7.401838217886955729e-01 7.622060430759464156e-01 7.284192755709039124e-01 7.603484459026500497e-01 7.857159867785247220e-01 7.957929226411601942e-01 7.553667759257033376e-01 7.977830304389988969e-01 7.943853008914398828e-01 7.730927293870515360e-01 7.963013496813536873e-01 7.904545803917832902e-01 7.947635426049177720e-01 8.110794940027644673e-01 8.143495920344838712e-01 7.985514000215077068e-01 7.568687912062685985e-01 7.939195844802662272e-01 7.552717269370070596e-01 7.861965041938928644e-01 8.015089890491069458e-01 7.875616274304259035e-01 7.973895025563121353e-01 7.826883310530421411e-01 8.013214264265458020e-01 7.971829951658160329e-01 8.072985464952714407e-01 7.975935980954210747e-01 7.989567707414391151e-01 7.944684713904404116e-01 7.956281382857242068e-01 7.994130567044616109e-01 7.942177399737174737e-01 8.144635161861456529e-01 8.047028404873234342e-01 8.060213214327162090e-01 7.882387920816938953e-01 7.998892653687190712e-01 8.067130386816767640e-01 7.995131033566019729e-01 7.989066530871623550e-01 8.076472822682144725e-01 8.115434519581248285e-01 8.089894864741427050e-01 7.979789225326348046e-01 8.087498047146195468e-01 8.075366633350065104e-01 8.098225565123778891e-01 8.131759994435744376e-01 8.095654039102522237e-01 8.121229259442832582e-01 8.039113372624855369e-01 8.077647459536865249e-01 8.096560553697713658e-01 8.100378131147872862e-01 8.126546147790754127e-01 8.014655884856405343e-01 8.050720967781400672e-01 8.107001726401393826e-01 8.073353959989887363e-01 8.112714706235770734e-01 8.118034728476024586e-01 8.141234098841347855e-01 7.868937503291911773e-01 7.874531966606646005e-01 8.041845728159010553e-01 8.056503729749618925e-01 8.005723077848069247e-01 8.054977079391000272e-01 8.028826285968068133e-01 8.083032390117192989e-01 8.016544329693862103e-01 7.949893014462958707e-01 8.075959258242241257e-01 8.135597016959850158e-01 8.098771564171156623e-01 8.109420847992563353e-01 8.103345317706365236e-01 8.102686241013081769e-01 8.082078252473369195e-01 8.076218567268567128e-01 8.089295797432018986e-01 8.062265878225324256e-01
3.330905482093506759e-02 1.565365771287071661e-01 3.430211029226772901e-01 5.717932954842900317e-01 4.354787774031946279e-01 5.299708949329839935e-01 7.320405121109609947e-01 7.138906991965777715e-01 7.887818817281779804e-01 7.269001695513981343e-01 1.000000000000000000e+00 8.474924610859924101e-01 7.589189989455968899e-01 6.776394788858912666e-01 8.521671490351296896e-01 8.369469453357983868e-01 7.561009513542765736e-01 7.035297719300012131e-01 7.457658157763662476e-01 5.584688769461486624e-01 7.281118297902906544e-01 7.733511795666295763e-01 7.461712788375244321e-01 7.279657992324172211e-01 7.735043190089933018e-01 8.323597209618290860e-01 8.316787991961605009e-01 8.355895832885541497e-01 7.739159104236252862e-01 8.249250667462987296e-01 8.620959130084310251e-01 8.356654521551395431e-01 7.999227574428769971e-01 8.111245406196725405e-01 8.208355833945729652e-01 8.136390077585462510e-01 8.282281377095646047e-01 8.654716598338541012e-01 8.677067733497937363e-01 8.398653784378327103e-01 8.739327239649249401e-01 8.745197086261925490e-01 8.616024560311619229e-01 8.789597831913786852e-01 8.669740245061886563e-01 8.694901039750754235e-01 8.784915603487771785e-01 8.788439096335625145e-01 8.727344759551955988e-01 8.454088752088827485e-01 8.723373904431456216e-01 8.387808386373304392e-01 8.646613640473548301e-01 8.676826434973703428e-01 8.671289966290604001e-01 8.742965930567536681e-01 8.557777003290569784e-01 8.704226848217694323e-01 8.701443474523673505e-01 8.766714613444407389e-01 8.750016993672514731e-01 8.713094246863148928e-01 8.701288646641393010e-01 8.689152014167385030e-01 8.673282444205263619e-01 8.648004558562870647e-01 8.816079317631184686e-01 8.775453524446477083e-01 8.730841877791031269e-01 8.650538809424005438e-01 8.782631875481545780e-01 8.776931105783719600e-01 8.636217755783325289e-01 8.719247611722008573e-01 8.847581186838248124e-01 8.826809352498091732e-01 8.777999159843136168e-01 8.619361749366332148e-01 8.776421636516705815e-01 8.767904240658235260e-01 8.778400811531362757e-01 8.821068121991554323e-01 8.803744917361131517e-01 8.753184230030275348e-01 8.762947154310148923e-01 8.759301647083020947e-01 8.787028845296114277e-01 8.844932164159405863e-01 8.811783722666579610e-01 8.805862024906155883e-01 8.779086028319817991e-01 8.842802390218060804e-01 8.836577756517431936e-01 8.835111150145160686e-01 8.807241334878738170e-01 8.817651856355208650e-01 8.706096725726749641e-01 8.703317093606736110e-01 8.805403474815901577e-01 8.818386231941371944e-01 8.804965647298034215e-01 8.813964648465372198e-01 8.763032509164631056e-01 8.817310580124151365e-01 8.791341572120452419e-01 8.707163065769895072e-01 8.817891480020505490e-01 8.809283194071381162e-01 8.833760395695261503e-01 8.823219761193904498e-01 8.815685138147654198e-01 8.802328045512963772e-01 8.795290156103627854e-01 8.808420028633572318e-01 8.787864519585558698e-01 8.770652290792442241e-01
1.075033694549634017e-02 1.438259560120487834e-01 3.669871876336788241e-01 6.398498580264281310e-01 4.684402644536770910e-01 5.667082273212473709e-01 7.965770536277338998e-01 7.740117686903152938e-01 8.183222867470811845e-01 7.591905634991209517e-01 8.474924610859924101e-01 1.000000000000000000e+00 8.164781607203924763e-01 7.179804325551084609e-01 9.095666168627591919e-01 9.038163801557999033e-01 7.941615340952290492e-01 7.331319707207384351e-01 7.821249152299759588e-01 6.177768260190010796e-01 7.865628421609849319e-01 8.125642334398648359e-01 7.538924665075131815e-01 7.580259123693322554e-01 8.044746541899858716e-01 8.720196350144421293e-01 8.660578486819846544e-01 8.742928784049273094e-01 8.112657841650816604e-01 8.525522742637537954e-01 8.918524066333329836e-01 8.709710701597742633e-01 8.376784498725703410e-01 8.453687669570468799e-01 8.594206845012356544e-01 8.628770252905002547e-01 8.625996188147232457e-01 9.105558478479051088e-01 9.105369891736153631e-01 8.845000324308581741e-01 9.217277118297971805e-01 9.213949884281013025e-01 9.144802961103294381e-01 9.252156218285957356e-01 9.124890735544622933e-01 9.102128270349111316e-01 9.295127555961542054e-01 9.281629475841959298e-01 9.249327718051018055e-01 8.993239528181634634e-01 9.273165183048471816e-01 9.030281655792901097e-01 9.249918269191369502e-01 9.159253031845869808e-01 9.173076870159458940e-01 9.184212992356933780e-01 9.148745405910482242e-01 9.245633427508841429e-01 9.222749251018950156e-01 9.287378648252466729e-01 9.316056769422815798e-01 9.240349295932599460e-01 9.217154105359275373e-01 9.241037971052632471e-01 9.130447939062482643e-01 9.176613777724158538e-01 9.269170237891137809e-01 9.218903857201247165e-01 9.148845618210661446e-01 9.223885798120523560e-01 9.292847968856722263e-01 9.215674229114789728e-01 9.059145110713537896e-01 9.167624727221339587e-01 9.324845788896946042e-01 9.293009668671634582e-01 9.269841238327385380e-01 9.062246793898550701e-01 9.205081426473096240e-01 9.169358850228024327e-01 9.208228135658361735e-01 9.247366174395980076e-01 9.246801243428309780e-01 9.196864714665303753e-01 9.226712706966629929e-01 9.201640368223925615e-01 9.255168949906303899e-01 9.326774020910127971e-01 9.276292331748743347e-01 9.316043376408345011e-01 9.255340792152131346e-01 9.342003465437752618e-01 9.316987653752181187e-01 9.309211027610935218e-01 9.325571879822849297e-01 9.317844269300551430e-01 9.301018298238051818e-01 9.321192454344242595e-01 9.338594353978256768e-01 9.339215173495035716e-01 9.352942428127341001e-01 9.355921895004853939e-01 9.331560341374016687e-01 9.340476887999481503e-01 9.355944272173950527e-01 9.289690250527679050e-01 9.362444861129647355e-01 9.288125511989723249e-01 9.313974731691712083e-01 9.329176991734897673e-01 9.316325432941170437e-01 9.328092707654862537e-01 9.330536555042897584e-01 9.355636336071357917e-01 9.290781752413368455e-01 9.318986555899666513e-01
3.614512451849841851e-02 1.281181644944524023e-01 3.320839003701899217e-01 5.591549472421614153e-01 4.684403680302179906e-01 5.241788644922156237e-01 7.257414247553382047e-01 7.253658068748484178e-01 7.511228292150035069e-01 6.918002354989380986e-01 7.589189989455968899e-01 8.164781607203924763e-01 1.000000000000000000e+00 6.510601106744767774e-01 8.312483455234501717e-01 8.348317723085062481e-01 7.375215357051088105e-01 6.843472939456731741e-01 7.300183924848457906e-01 5.823715990569715562e-01 7.043880734389375009e-01 7.477453741950682575e-01 7.060481863734976438e-01 7.094071382717825891e-01 7.517246103348168562e-01 8.035685113274813052e-01 7.968604436315674944e-01 8.089970002735783483e-01 7.598973260092475313e-01 7.845284207543264943e-01 8.193883870578838602e-01 8.040631152194428477e-01 7.682577710616279587e-01 7.762946338573806226e-01 7.838846120252862537e-01 7.910068516109233228e-01 7.904079659572084138e-01 8.307483171022208568e-01 8.319861131956929334e-01 8.003152228281025238e-01 8.439783469925588033e-01 8.461136859369549068e-01 8.386885005589994613e-01 8.501038877868769550e-01 8.342887155539445709e-01 8.369489936596615776e-01 8.480257215271187476e-01 8.498168925394140594e-01 8.413889462320253143e-01 8.193055275283619432e-01 8.464266573747164513e-01 8.219755228711022044e-01 8.419274024429487246e-01 8.404307223735529853e-01 8.404922004319711482e-01 8.414496229957191265e-01 8.344787308000687354e-01 8.457315222636723195e-01 8.395019782011496901e-01 8.532388835683573092e-01 8.541256407778344828e-01 8.473486647575664277e-01 8.408813164211205171e-01 8.490440034391156798e-01 8.383907875492737638e-01 8.405631232324279889e-01 8.453845219648200571e-01 8.474339042013494527e-01 8.431205998248042510e-01 8.448103801529330825e-01 8.479249858324185984e-01 8.450180751768682219e-01 8.349420379978090834e-01 8.437315599820105483e-01 8.563834486091055354e-01 8.505917731090967271e-01 8.477299095549208907e-01 8.343023681072949671e-01 8.454232102988796793e-01 8.393375455489430204e-01 8.425150768512696953e-01 8.465682333018570427e-01 8.443818165234421302e-01 8.399101505390533795e-01 8.409656915191653370e-01 8.424394704239707155e-01 8.435893417657674975e-01 8.505015928605382802e-01 8.448061053993919378e-01 8.500304847203558056e-01 8.413247989515443281e-01 8.526483815616934248e-01 8.520647477257493607e-01 8.517643487801743740e-01 8.499798376219203089e-01 8.503153216206257303e-01 8.433997266297686979e-01 8.481421428375010008e-01 8.510088860256065368e-01 8.491067456808613079e-01 8.544788981577462472e-01 8.526732571115159809e-01 8.500075168488455679e-01 8.525630189030628525e-01 8.529919351835384411e-01 8.474274422468861534e-01 8.527763519519472313e-01 8.521020337771231246e-01 8.532918760783755330e-01 8.508003074325144466e-01 8.476587974365583644e-01 8.530088858257218742e-01 8.508234547219322153e-01 8.557003699226283233e-01 8.473413448312128171e-01 8.529972375438447107e-01
