1.000000000000000000e+00 1.024737244874816683e-01 6.080773514625049947e-02 8.002457764340237256e-02 4.498427964347168073e-02 1.409059896658920903e-02 2.798125763968870722e-02 3.843541815148587837e-02 9.708469232796659854e-02 6.401381029131295031e-02 1.950159510739904456e-02 3.063432144263038281e-02 2.683569681069413598e-02 1.305083514036255686e-02 2.408802762132968706e-02 2.690971805772830738e-02 1.015640964222234433e-01 4.782545821284036464e-02 3.136946062252272266e-02 9.012085638996630843e-02 8.526733416040122027e-02 5.059940971629613149e-02 3.804433727144771599e-02 4.781786022218069421e-02 3.447468697217475481e-02 4.589230110465387924e-02 4.703945426000721852e-02 3.321934264480361221e-02 6.509048263854816385e-02 4.049289637335053149e-02 3.403933230764424889e-02 2.646923534882305445e-02 1.003278285296187004e-02 4.149282286061992120e-02 2.424727629997847772e-02 3.485990893647478162e-02 2.899890779358971216e-02 2.122669280981605636e-02 1.987894842980846358e-02 4.246217578642292115e-03 1.705776472591054652e-02 -3.786127396975421961e-03 -9.245007829931843266e-03 1.169478169291159227e-02 1.984594207690114354e-02 1.277246177885949137e-02 1.262332881413301237e-02 1.921733182618741778e-02 2.294790348651321032e-02 3.923632181795790735e-02 2.807868991604387660e-02 6.862213721894705465e-02 4.113029284973396954e-02 3.373494866434467027e-02 1.945555759204870699e-02 5.670514387135663567e-03 6.169748171926716512e-02 1.998253138879232602e-02 1.448387580532570738e-02 3.625382325851386756e-02 1.983868729726972688e-02 3.243041930431939113e-02 2.803644048415918424e-02 5.210637186674450111e-02 5.089526719575707819e-02 4.599686297075707142e-02 2.000028390108780224e-02 1.494027901467723934e-02 1.367686990109502967e-02 2.468108609595661557e-02 1.221975133435729104e-02 1.712790700480134806e-02 1.437599104923775913e-02 2.439152370157277733e-02 1.912030650290763925e-02 1.274777757609386712e-02 1.213425364054681807e-02 2.730703780613429402e-02 9.696201212333700747e-03 1.296756385650364371e-02 1.902994643912044037e-02 1.395050484263600857e-02 2.949555716055191415e-02 9.072475004039091961e-03 3.519340357040779462e-03 9.590771093537318187e-03 8.860511663959853845e-03 8.785222258917545907e-03 2.269008820216358250e-03 1.082295476234580722e-02 -5.599076422458991106e-03 4.386612998334871172e-03 1.052707930268947933e-02 6.036392385425211511e-03 8.097747941779949790e-03 1.173904876642812602e-02 1.846461349478603978e-02 6.094844559869697087e-02 1.989084145066665615e-02 1.522804145502955862e-02 2.665544067980528484e-03 2.203214752072006274e-02 1.900231506297305958e-02 8.583058402883678856e-03 2.751032833030603655e-02 4.532599626182209213e-02 2.451060587966860660e-02 9.798436812548445840e-03 8.172145525389317572e-03 1.269208074032943112e-02 1.352214078597017977e-02 2.209880337403419964e-02 1.903520829137259063e-02 2.546953575461143385e-02 2.368478435273597624e-02 2.726389810837810679e-02
1.024737244874816683e-01 1.000000000000000000e+00 7.493708665426999926e-02 8.115623323890744367e-02 7.885350528410597915e-02 1.217461588307563874e-01 1.491680520694361467e-01 1.469859145768826758e-01 1.713564105684874939e-01 1.671531197525596701e-01 1.508633235645447657e-01 1.597375290664450886e-01 1.352509383244389352e-01 1.400803523026332154e-01 1.540416425787421717e-01 1.431094553480338483e-01 1.410526901077328310e-01 1.430684733141124043e-01 1.529347535863579410e-01 1.804463021709810655e-01 1.357273136046235340e-01 1.658997938726371468e-01 1.570687330666023507e-01 1.358763566914576726e-01 1.620686713997328832e-01 1.504656489748019133e-01 1.667414150519500315e-01 1.520028974497746599e-01 1.406620084872767240e-01 1.625996052123131752e-01 1.501952416737991625e-01 1.722905901856804922e-01 1.705917388717228811e-01 1.611350869521589457e-01 1.666080225414604266e-01 1.361898624854036288e-01 1.666231678293980389e-01 1.681379427120738845e-01 1.571905919130879015e-01 1.658899378151692527e-01 1.704826534435674446e-01 1.639955356955590526e-01 1.373205129033515381e-01 1.544829926502163386e-01 1.612364600301361139e-01 1.592066467677437092e-01 1.570130811933780346e-01 1.652591059664637319e-01 1.601569023053060481e-01 1.568927368176711579e-01 1.734963581271877497e-01 1.562574205470457500e-01 1.559886055704440277e-01 1.579190911118538432e-01 1.558429208634911911e-01 1.617956175817079345e-01 1.614434892980970149e-01 1.625594846466011656e-01 1.665249082459630547e-01 1.587077735053760985e-01 1.494408233113876106e-01 1.539122856392084460e-01 1.435308171621734741e-01 1.458032127102428521e-01 1.523831341500103964e-01 1.590889390217728461e-01 1.602508339240308610e-01 1.549823823350071628e-01 1.609013305411372552e-01 1.700290905760475368e-01 1.579158385799630249e-01 1.628751022994747721e-01 1.512986670162645153e-01 1.546210111556126643e-01 1.628065546473204395e-01 1.641721428494767043e-01 1.561569290482456296e-01 1.527984169949438420e-01 1.571038969397210994e-01 1.506791190595676566e-01 1.570276281921386130e-01 1.553729323646151628e-01 1.607947364279514735e-01 1.609564196792225843e-01 1.646313082813256334e-01 1.573544849881789165e-01 1.585714084093840237e-01 1.632214283665189281e-01 1.558315951442911518e-01 1.581076913070548484e-01 1.662395703176053618e-01 1.654278223037553563e-01 1.566726590042961942e-01 1.573211990670276283e-01 1.583006383526307237e-01 1.647609943913347641e-01 1.424403635813856484e-01 1.586472500999400181e-01 1.535351470931559381e-01 1.655948229457356313e-01 1.498595385308773564e-01 1.534547790222767771e-01 1.587515800309541036e-01 1.569892512641721805e-01 1.563190346533276098e-01 1.549290764002826115e-01 1.626187765091629267e-01 1.656153115115799879e-01 1.550990519200839135e-01 1.638193044628109829e-01 1.631995076505815545e-01 1.591733208685282563e-01 1.606114017195569010e-01 1.525445475037367216e-01 1.582429779201689479e-01 1.606590482057907165e-01
6.080773514625049947e-02 7.493708665426999926e-02 1.000000000000000000e+00 3.038007479330735450e-01 2.125117903286043441e-01 2.198556716942274836e-01 3.518722651399522339e-01 3.150164283553544275e-01 3.470196527532796171e-01 3.324987535629631563e-01 3.589173386215173678e-01 3.900483013275288235e-01 3.363712670442735586e-01 3.303034373284183811e-01 3.786066867073090703e-01 3.478457840588678462e-01 3.571484269384317400e-01 3.662140341766713658e-01 3.677770029117852779e-01 3.724616215004843967e-01 3.780281359673119401e-01 3.881074869118175119e-01 3.660556570086693218e-01 3.762722312115289736e-01 3.769548448312446953e-01 3.752792089804955489e-01 3.603050891480712448e-01 3.664636274471195776e-01 3.431195615608678140e-01 3.542552536485678583e-01 3.672506734849510512e-01 3.808434156733910281e-01 3.594898660605964635e-01 3.852129295178515767e-01 3.751251122924568193e-01 3.727807119113579759e-01 3.743208563342890205e-01 3.800192716477956978e-01 3.787350662721643002e-01 3.899568929690387376e-01 3.790622715132515586e-01 3.712549380052398429e-01 3.724189639536974461e-01 3.739973039682923384e-01 3.818818218797355724e-01 3.764632268469719212e-01 3.750740016581839420e-01 3.714009076039281321e-01 3.853819998248883549e-01 3.927750541323282718e-01 3.798288253979950624e-01 3.877745567964457907e-01 3.740328238705852848e-01 3.756454687923940217e-01 3.782778467197080441e-01 3.820147731131097735e-01 3.835674810229038334e-01 3.818500997103029815e-01 3.716758198094123888e-01 3.798235830842788818e-01 3.768746709441765375e-01 3.743379380194039596e-01 3.732422501689557359e-01 3.793152490515748210e-01 3.853284569688130157e-01 3.782965927429041697e-01 3.788325890685841912e-01 3.771373823301479300e-01 3.804938257245457645e-01 3.953872997527125288e-01 3.817008673821521980e-01 3.805337135370207569e-01 3.770034681272112498e-01 3.815935999279769231e-01 3.816298982459819800e-01 3.825640378228909455e-01 3.736581127518000534e-01 3.668997089067166928e-01 3.761130136769622045e-01 3.664557095692802524e-01 3.727963920145559440e-01 3.714557623059381863e-01 3.817303389935491342e-01 3.705574916537602292e-01 3.817121657503924625e-01 3.784644020078701820e-01 3.738838613992191973e-01 3.794420998100668796e-01 3.787183573036077555e-01 3.674313547815495906e-01 3.753851324811756096e-01 3.785878031194096494e-01 3.793712340861198906e-01 3.777430702694876130e-01 3.755889728846634745e-01 3.742345337544588646e-01 3.768196471367610267e-01 3.787634143158272182e-01 3.769800194716124153e-01 3.838940350861075324e-01 3.789363626091302728e-01 3.772198740149980689e-01 3.790638539191582557e-01 3.813060758214560364e-01 3.846031769865059236e-01 3.762249077807586217e-01 3.826191153287250013e-01 3.751503462022793833e-01 3.749907477271589573e-01 3.774277955179994870e-01 3.761144193618127241e-01 3.786418274371581849e-01 3.764779058892124275e-01 3.758106706148733878e-01 3.784590864135816135e-01 3.773267828160067894e-01
8.002457764340237256e-02 8.115623323890744367e-02 3.038007479330735450e-01 1.000000000000000000e+00 3.410928259888440506e-01 4.073033742091727305e-01 5.865910243805469992e-01 5.170200162246663123e-01 5.780245904497581799e-01 5.329783507446943513e-01 5.546011158149981579e-01 6.256820602302154422e-01 5.677537851208834807e-01 5.692575067746318274e-01 6.376188883778651784e-01 6.065469778704506432e-01 5.798985758836271431e-01 5.724993295617931688e-01 5.792098123366037354e-01 5.277736558508455689e-01 5.888498219768041331e-01 6.113729214352874308e-01 5.765292652793053696e-01 6.002614212053091203e-01 5.937521303801207573e-01 5.878709459352865485e-01 6.098563601540225587e-01 6.004115547154231791e-01 5.788345557148957266e-01 5.793354796503514814e-01 6.031719389280425503e-01 6.235244516792050051e-01 5.986983446412565968e-01 6.300181849547672464e-01 6.031465491382248523e-01 6.108917766670978189e-01 6.062850033669153760e-01 6.253942805516282677e-01 6.282029113920684082e-01 6.271164355806002622e-01 6.252539090213117268e-01 6.402267892498507695e-01 6.230163978322791341e-01 6.424407303655635948e-01 6.410674640053609652e-01 6.314687236908610446e-01 6.235504253505383954e-01 6.257956520627087071e-01 6.320049213480462003e-01 6.357804037468284264e-01 6.325476652293809954e-01 6.389006603201956569e-01 6.347171964611961759e-01 6.177914726899201847e-01 6.226382318357821521e-01 6.134200541272213369e-01 6.298890077150672839e-01 6.218738016733283969e-01 6.176949454368765302e-01 6.281134864711842569e-01 6.311744697589619646e-01 6.219121611820090934e-01 6.270447592516378288e-01 6.281684995626343193e-01 6.282497666288920923e-01 6.288493223855310399e-01 6.276808191466634046e-01 6.313177773988827290e-01 6.233479453074757259e-01 6.304399060796095355e-01 6.335707906756082863e-01 6.290637540090058266e-01 6.289553083265331246e-01 6.332033399540513141e-01 6.270752029867738830e-01 6.277424651811676082e-01 6.230630977797105841e-01 6.191795539827665840e-01 6.170046421920718505e-01 6.070988737772945454e-01 6.182408236574351568e-01 6.171815349766816006e-01 6.285276790312591677e-01 6.149121834434695399e-01 6.294472549134714212e-01 6.296096374300443888e-01 6.251366341310904406e-01 6.361244183821103126e-01 6.303700561507915578e-01 6.187288723803395785e-01 6.305346336109562966e-01 6.335602149046284381e-01 6.325044843076746970e-01 6.331986700419394154e-01 6.244862350592025324e-01 6.276498681616240471e-01 6.401799992074201917e-01 6.395797832572839292e-01 6.326792667390961356e-01 6.357648107254322278e-01 6.339851363820130370e-01 6.344068670730855786e-01 6.343589577582232630e-01 6.350038402878710464e-01 6.396269587640003307e-01 6.279330735662033147e-01 6.346810304194323571e-01 6.262417406433710143e-01 6.261905600774466674e-01 6.277038759588181582e-01 6.288772149386218091e-01 6.277922697385166506e-01 6.261038898760036275e-01 6.289068723726675136e-01 6.294839590596433831e-01 6.240944869327055278e-01
4.498427964347168073e-02 7.885350528410597915e-02 2.125117903286043441e-01 3.410928259888440506e-01 1.000000000000000000e+00 3.021128197081009992e-01 4.420080390530488068e-01 4.524628774016543065e-01 4.275044099559229260e-01 3.988252545810683225e-01 4.248323374907183037e-01 4.649426976077752349e-01 4.714672961850081001e-01 4.365585292408128426e-01 4.891154152863827487e-01 4.727668072894896656e-01 4.254417193502326722e-01 4.294123502461102415e-01 4.335466426335030654e-01 4.320468582507520083e-01 4.529385142413452359e-01 4.578274091717848271e-01 4.549075799911517781e-01 4.309875895932330780e-01 4.317909361529060353e-01 4.548194913379181581e-01 4.510630774214943739e-01 4.633336096939789095e-01 4.428909292432015032e-01 4.433884034231761473e-01 4.613096529245720445e-01 4.758986142409237230e-01 4.552113411612406235e-01 4.680583381382276142e-01 4.681119495036168976e-01 4.529039719907634320e-01 4.662640063662544243e-01 4.674524178813836417e-01 4.703620406126201581e-01 4.740045320255094619e-01 4.802502529717095903e-01 4.702377785660459275e-01 4.735394502816674955e-01 4.841636636019248652e-01 4.822169506164643016e-01 4.728029933658312034e-01 4.772066629826442474e-01 4.726314187667166600e-01 4.753851802428653572e-01 4.776472403405491174e-01 4.707586806445097638e-01 4.686992134149682854e-01 4.786627572693009092e-01 4.714954519245452835e-01 4.708435783033875222e-01 4.810968068121400099e-01 4.715933659700629610e-01 4.676133553279352428e-01 4.680281755935715160e-01 4.796634065093788313e-01 4.796601672385711335e-01 4.745836782833675604e-01 4.759582023877341750e-01 4.785383787300316327e-01 4.750899094590215199e-01 4.720323198758543115e-01 4.712311817573063277e-01 4.679656161812891790e-01 4.728627510494784469e-01 4.859965656437437165e-01 4.726364842931302657e-01 4.701828387068046067e-01 4.662903390464506193e-01 4.678788233098440386e-01 4.735259305943486652e-01 4.747266419189279940e-01 4.723196115062933687e-01 4.647638849785707404e-01 4.648267052978886649e-01 4.645406997015850137e-01 4.760202363912932610e-01 4.718281938072729775e-01 4.743623742894295670e-01 4.693546112779761192e-01 4.701727729540873812e-01 4.686916879852306428e-01 4.708535043515047480e-01 4.765107138442810641e-01 4.737711450550223247e-01 4.695606746903744910e-01 4.773312293553653718e-01 4.785426914849004176e-01 4.805858785289903179e-01 4.750025840907347030e-01 4.751637907182266196e-01 4.744458584805098522e-01 4.699823197985553147e-01 4.712066561113755214e-01 4.782955561621684004e-01 4.749862861362098010e-01 4.821296862532266636e-01 4.759718969846936654e-01 4.799064726287458060e-01 4.782105037480297027e-01 4.769660224794661785e-01 4.709175990781113152e-01 4.767531095281548614e-01 4.733461872709570639e-01 4.750716404945262705e-01 4.731255561921307029e-01 4.737414664491457206e-01 4.796569338733597254e-01 4.780437944281890617e-01 4.761858168407954728e-01 4.754273844365975443e-01 4.740040356415824441e-01
1.409059896658920903e-02 1.217461588307563874e-01 2.198556716942274836e-01 4.073033742091727305e-01 3.021128197081009992e-01 1.000000000000000000e+00 5.471729357222353540e-01 4.803577347286155375e-01 5.486385001287664709e-01 5.065947520607948507e-01 5.466667154501078096e-01 5.882244803600479299e-01 5.286674863676639191e-01 5.330650490459367674e-01 6.037728183635937551e-01 5.761074906604702894e-01 5.347080631667581185e-01 5.159400770508243417e-01 5.366949038860854282e-01 4.821877165363024353e-01 5.312049644448432195e-01 5.530620246160538045e-01 5.413409691296426907e-01 5.380983951837234880e-01 5.499709253968457778e-01 5.482818352169337439e-01 5.647857177325722455e-01 5.604322686230525097e-01 5.380616732754555098e-01 5.485326987597988202e-01 5.738366877767433483e-01 5.932979961022342152e-01 5.652861794809052043e-01 5.853724463947167500e-01 5.710329883537377249e-01 5.730130855580215510e-01 5.827978886413923698e-01 5.897934936971535036e-01 5.937701156084022047e-01 5.870059258669365621e-01 6.014386802347344574e-01 6.018984909919432580e-01 5.871894872800358378e-01 6.070792438082108777e-01 6.043678103668518320e-01 6.009289632283074667e-01 6.092003304057177493e-01 6.105519732378914544e-01 6.066923205424147314e-01 5.931594394078617549e-01 5.996645698932526747e-01 5.879770564740282035e-01 6.064607600492374351e-01 5.979859218449731229e-01 5.980102902268772391e-01 6.004267807455315742e-01 5.916685157997542133e-01 6.042205854737452420e-01 5.975682844769165669e-01 6.027340980954574157e-01 6.066144516677600684e-01 5.967536140879915463e-01 5.988273248644797597e-01 5.989304976028526628e-01 6.044509321549166314e-01 6.032056507599077300e-01 6.095274149555265364e-01 6.060961015311139288e-01 6.050564792283925630e-01 6.114765779022559578e-01 6.088904477083627587e-01 6.089198287069741422e-01 5.996541507093480217e-01 5.995304845129433291e-01 6.030658280446890007e-01 6.066753199138734676e-01 6.021424016041163618e-01 5.945565547574889198e-01 5.967187420384008067e-01 5.951722007295016104e-01 5.998103874842876104e-01 6.023041223898043528e-01 6.028950580699548034e-01 5.972047162211714388e-01 6.041964581154173342e-01 6.066397032036757730e-01 6.078010229062761338e-01 6.101888758927535017e-01 6.135583780563966805e-01 6.025680318798503077e-01 6.085781344351884892e-01 6.123617004046163492e-01 6.138475899173106987e-01 6.096910551718942584e-01 6.120503543222515219e-01 6.139110887350008872e-01 6.021024633987451802e-01 6.009560684249295459e-01 6.109224822633636531e-01 6.098341613713156306e-01 6.110354030013759319e-01 6.043839665943583350e-01 6.113996745256742305e-01 6.154609240767613398e-01 6.113675601719621433e-01 6.001432948793515854e-01 6.100702668202326873e-01 6.109874994920030389e-01 6.082327293594108619e-01 6.108926260503159122e-01 6.139239020207435393e-01 6.112785847678428031e-01 6.073500893736215600e-01 6.085771748578777673e-01 6.123900027165563031e-01 6.070027151518110342e-01
2.798125763968870722e-02 1.491680520694361467e-01 3.518722651399522339e-01 5.865910243805469992e-01 4.420080390530488068e-01 5.471729357222353540e-01 1.000000000000000000e+00 6.958945540134945373e-01 7.226008618761873281e-01 6.802113263822890943e-01 7.480969159557467885e-01 7.980376233104472528e-01 7.229231079307056884e-01 7.322644293885496314e-01 8.516346989491003772e-01 7.989920039678251040e-01 7.309242066338093036e-01 7.220888693008535864e-01 7.387650858502400331e-01 6.594227578060296580e-01 7.392655774718221995e-01 7.735614213432056019e-01 7.390871342764053775e-01 7.386616956541799395e-01 7.429711861740684320e-01 7.432128065154663954e-01 7.688735089186337079e-01 7.795328531525872462e-01 7.176354453393164468e-01 7.367337641845894680e-01 7.674708501336960920e-01 8.121953134159588528e-01 7.733377866068404938e-01 8.054724635815460054e-01 7.858288699424800239e-01 7.937985370488098713e-01 7.895647288381730800e-01 8.127562895617151950e-01 8.178256992449616236e-01 8.192064373697629520e-01 8.119171059342574770e-01 8.291523439568273535e-01 8.206670835189452395e-01 8.344827353907118273e-01 8.270715688939813681e-01 8.222186114414827829e-01 8.208836966640855604e-01 8.173309386239612229e-01 8.272159371385559012e-01 8.205684085264999261e-01 8.255243763616681996e-01 8.140272717680928638e-01 8.209460009967289862e-01 8.059140858226987447e-01 8.065776446958849988e-01 8.108868732757543718e-01 8.095266174874099496e-01 8.119782765172681716e-01 8.064748146224374192e-01 8.209775901762246253e-01 8.223879845817385625e-01 8.124416768753927043e-01 8.101532174857410951e-01 8.161188742923088935e-01 8.161076248190148874e-01 8.148096159821016649e-01 8.228900674618848665e-01 8.188140567749804255e-01 8.173664131095410568e-01 8.273522134347799373e-01 8.228643900950690648e-01 8.201946266871744662e-01 8.130955452349523105e-01 8.147408755912576295e-01 8.170101056019396513e-01 8.178364931712116537e-01 8.181677582920026115e-01 8.010722055575297817e-01 8.058619594828818622e-01 7.959211584590321076e-01 8.108840335537993438e-01 8.075523989059836261e-01 8.245496781304553213e-01 8.129899716576229896e-01 8.250271863633132918e-01 8.200802894199423765e-01 8.197368701645602052e-01 8.300670726265759747e-01 8.258793251455731621e-01 8.151354093924403355e-01 8.319188988323878986e-01 8.313470750409186483e-01 8.284207438823966152e-01 8.308269734685529428e-01 8.247337338027851406e-01 8.229109818541562316e-01 8.278380982012331080e-01 8.243352869276756589e-01 8.267407037649973089e-01 8.294214751310866607e-01 8.336868954020377753e-01 8.244062630400376124e-01 8.271390837162436727e-01 8.289694190604178781e-01 8.308561731143949691e-01 8.172903034958093338e-01 8.275389998440797479e-01 8.210556061497600311e-01 8.203515995676620154e-01 8.249607666161132835e-01 8.253754891823240625e-01 8.254196027502289645e-01 8.218561524177298017e-01 8.236759437369839398e-01 8.231337058782566274e-01 8.178075079627086241e-01
3.843541815148587837e-02 1.469859145768826758e-01 3.150164283553544275e-01 5.170200162246663123e-01 4.524628774016543065e-01 4.803577347286155375e-01 6.958945540134945373e-01 1.000000000000000000e+00 6.853500516843412660e-01 6.424552460061292436e-01 6.921282923484879390e-01 7.414745685416883614e-01 6.849178214562922085e-01 6.814342024124094843e-01 7.670548918242986458e-01 7.553182043860795503e-01 6.789730508418166943e-01 6.708637441143524560e-01 6.941769504411721137e-01 6.171456023478396613e-01 7.079328842011508582e-01 7.220920996346020804e-01 6.936173805891010513e-01 6.816931257757880003e-01 6.862872547647087540e-01 7.025957412688546011e-01 7.127765447031294554e-01 7.149528101996688312e-01 6.880016137667699372e-01 6.903734604941500486e-01 7.167990382496451929e-01 7.536268242525975269e-01 7.107225071739572408e-01 7.424067389235554648e-01 7.223316926828667883e-01 7.199229815728157567e-01 7.301130053517735918e-01 7.586603142197485550e-01 7.565757707516567176e-01 7.406334637859112169e-01 7.503178640947202327e-01 7.541371445997121503e-01 7.469796224584186461e-01 7.645487570629130314e-01 7.557836622781938241e-01 7.534771313370759449e-01 7.611811020333804079e-01 7.598577855755208610e-01 7.626585065337380120e-01 7.596860081844540868e-01 7.639290666432132504e-01 7.359996579667532624e-01 7.515176341891406375e-01 7.536406330742946302e-01 7.549428752803774012e-01 7.547058493966638526e-01 7.553280473955479302e-01 7.599568950601294226e-01 7.571221244378900650e-01 7.608668220004564109e-01 7.615182732180523217e-01 7.593527811919658088e-01 7.583305890179286024e-01 7.643848920123058610e-01 7.530952453737443930e-01 7.561319599063426322e-01 7.571063334998766603e-01 7.539096463568999429e-01 7.564108259619266583e-01 7.654994546527429389e-01 7.614889758370188000e-01 7.566939974090213239e-01 7.465325754530541813e-01 7.490078915208485677e-01 7.538411499014093797e-01 7.537542550321257862e-01 7.536925300653067872e-01 7.437302011470692253e-01 7.424781949467441633e-01 7.388983032317486543e-01 7.516914338750442237e-01 7.499811936989196903e-01 7.595609600898046709e-01 7.490721468039597264e-01 7.581490071867071912e-01 7.551657514234247914e-01 7.562994840599973623e-01 7.638666047169836437e-01 7.627417656939686763e-01 7.515687695264933188e-01 7.551580341356441961e-01 7.632143182764250522e-01 7.607135169721815915e-01 7.623852241393160867e-01 7.600516661180415356e-01 7.613385584018547148e-01 7.552310114600022661e-01 7.567625155867468978e-01 7.635127741559035730e-01 7.638872423445766113e-01 7.640181136323843658e-01 7.605180999172878042e-01 7.626421239201712776e-01 7.662246415254426735e-01 7.615342752548663885e-01 7.537132048572069420e-01 7.659452941419503391e-01 7.603826428053070963e-01 7.576702717564763878e-01 7.612161467565485840e-01 7.633842567708020166e-01 7.650161923289813259e-01 7.631402158806812608e-01 7.636814977332053722e-01 7.602865067736566118e-01 7.587315640190291921e-01
9.708469232796659854e-02 1.713564105684874939e-01 3.470196527532796171e-01 5.780245904497581799e-01 4.275044099559229260e-01 5.486385001287664709e-01 7.226008618761873281e-01 6.853500516843412660e-01 1.000000000000000000e+00 7.460139919018764498e-01 7.839449855490101537e-01 8.327076337331726918e-01 7.535981838406279332e-01 7.587503333220199098e-01 8.433916148341987773e-01 8.192484678724590852e-01 8.029687677896953923e-01 7.804716958590477427e-01 7.941426921025901420e-01 6.851048648476076863e-01 7.890455207370922208e-01 8.310016812232099426e-01 7.961463213232956582e-01 7.920020093726474197e-01 7.950561725842235639e-01 8.238893700268871134e-01 8.301321510277415161e-01 8.118732649254623013e-01 8.192461994960478222e-01 8.227123431094801598e-01 8.456355223268651189e-01 8.449172164052271006e-01 8.043277673527153837e-01 8.431711058561023320e-01 8.252377602782200450e-01 8.162807850581670355e-01 8.346286512976124339e-01 8.400593281394145295e-01 8.498143103611545124e-01 8.099895483465363588e-01 8.586118224766627893e-01 8.369396226474729028e-01 8.018659344640060027e-01 8.572441883711995336e-01 8.560301555424820741e-01 8.516902944934701125e-01 8.718581042117059532e-01 8.741799696107158679e-01 8.669487658834943433e-01 8.426342477666016739e-01 8.496743316950911007e-01 8.394024074774117938e-01 8.576076636082435867e-01 8.753416338973878386e-01 8.648279134386026579e-01 8.544996311757936391e-01 8.709199601132336932e-01 8.603076668778177893e-01 8.634558647951777743e-01 8.776059324198103306e-01 8.679453582344103246e-01 8.708187547364978354e-01 8.628009773714683250e-01 8.722509857935767386e-01 8.756968985909264758e-01 8.784833079562940350e-01 8.687299598643075660e-01 8.658133880431649887e-01 8.639242762312736579e-01 8.656218540518093585e-01 8.694792236792818763e-01 8.708702198528899263e-01 8.594476345284990382e-01 8.632954414891539363e-01 8.674304190955601790e-01 8.653608120394081782e-01 8.611612395126211350e-01 8.641278339797350272e-01 8.555934336539876561e-01 8.597276363222564610e-01 8.638262769398338259e-01 8.649555320792170487e-01 8.710683987716554277e-01 8.580903284954490839e-01 8.551891892708860521e-01 8.632242180847204960e-01 8.638851115329622132e-01 8.643694092078513247e-01 8.628904967650746771e-01 8.625800495400003376e-01 8.529438129143277481e-01 8.626261604841977126e-01 8.645925042380663283e-01 8.644454433743115063e-01 8.688897579345963296e-01 8.704061547479632344e-01 8.503058400521693594e-01 8.744064457798975676e-01 8.687291569540294134e-01 8.643367608955266901e-01 8.516764310769763258e-01 8.685788639928124777e-01 8.687886486429128308e-01 8.673591151888009332e-01 8.707797642492288714e-01 8.722585065297991935e-01 8.736208676461375555e-01 8.680841262798097979e-01 8.651628612208505098e-01 8.695874062297093143e-01 8.693743112583631749e-01 8.744569947856424275e-01 8.721707378988378112e-01 8.739021099116477398e-01 8.732369377341565597e-01 8.739706995298057723e-01
6.401381029131295031e-02 1.671531197525596701e-01 3.324987535629631563e-01 5.329783507446943513e-01 3.988252545810683225e-01 5.065947520607948507e-01 6.802113263822890943e-01 6.424552460061292436e-01 7.460139919018764498e-01 1.000000000000000000e+00 7.203635868508929674e-01 7.663284938074667041e-01 7.064691198072674538e-01 6.969992393103365824e-01 7.803732636336154771e-01 7.585095444998627423e-01 7.196628697402093211e-01 7.048621604621971848e-01 7.248978224631436040e-01 6.164864222081622991e-01 7.287940493444444723e-01 7.503113993505421409e-01 7.336658243828600989e-01 7.089682081959720605e-01 7.171525297517858943e-01 7.501129466797681333e-01 7.587358906817166515e-01 7.689151501671157574e-01 7.563096559995156065e-01 7.501033954372384738e-01 7.740457197338945772e-01 7.788130532608192880e-01 7.522433546702567142e-01 7.716256728162089740e-01 7.605214794308972071e-01 7.569470042076020810e-01 7.716004913925291753e-01 7.783385009742488370e-01 7.877453722821283755e-01 7.665747809843478366e-01 7.969478206775635343e-01 7.817414128860288303e-01 7.559176284890578579e-01 7.892570448866303989e-01 7.875568380722852702e-01 7.900492260908177355e-01 8.026339208547967896e-01 8.057493087955278632e-01 7.960538006358409691e-01 7.756718542287572848e-01 7.864779541955563280e-01 7.693955213487254641e-01 7.878835544137825497e-01 8.064693751364844232e-01 7.985956495618133921e-01 7.944499204950552507e-01 8.036207089561115957e-01 7.917922424899020983e-01 7.957901031085617971e-01 8.053127596746511019e-01 8.022950793521037571e-01 8.005657638882013316e-01 7.987681313753876022e-01 8.045863277166230842e-01 7.960900996741311353e-01 8.085458653152546304e-01 7.998727133820863200e-01 7.946569586339155000e-01 7.946918999600749434e-01 7.953550269555753616e-01 7.962284590470920520e-01 7.968265701307349902e-01 7.866116149011184167e-01 7.885039559591890956e-01 7.998968117131430855e-01 7.991363923047147821e-01 7.979450739489785116e-01 7.946261922480348794e-01 7.908960564310606456e-01 7.905264920764473180e-01 7.972942992803920825e-01 7.968480079341910827e-01 8.067431004131381256e-01 7.911578956471541080e-01 7.875506019297795479e-01 7.926971852196662560e-01 7.957477033301799674e-01 7.976357018825863676e-01 7.953279283630992902e-01 7.994890921557051833e-01 7.940944946619049594e-01 7.993684541273951005e-01 7.976182300515652912e-01 7.978625205369945794e-01 8.022591105945573453e-01 8.008481326139703649e-01 7.805255591046971197e-01 7.993626189524034586e-01 7.988109591265931675e-01 7.953181402415294698e-01 7.886840065485735130e-01 7.989058884472959310e-01 7.996029597297218405e-01 7.986675499068227602e-01 8.012129132587375580e-01 8.027560574897506518e-01 8.036560906409877525e-01 8.017802327519621963e-01 8.014447467623426746e-01 7.993234434949990641e-01 8.017332373330869899e-01 8.045100445615870344e-01 8.036078409954054980e-01 8.052013963094685201e-01 8.016455118493928111e-01 8.037379022438503329e-01
1.950159510739904456e-02 1.508633235645447657e-01 3.589173386215173678e-01 5.546011158149981579e-01 4.248323374907183037e-01 5.466667154501078096e-01 7.480969159557467885e-01 6.921282923484879390e-01 7.839449855490101537e-01 7.203635868508929674e-01 1.000000000000000000e+00 8.643824513603158843e-01 7.725247263737869963e-01 7.884267228725396759e-01 8.547781396335422111e-01 8.389439189637870609e-01 7.872432906991574386e-01 7.996006010386550455e-01 8.180628872443596045e-01 6.533136906175677217e-01 7.896016187813791332e-01 8.420440543552910606e-01 8.250575829869672972e-01 8.011941901071433225e-01 8.109391977484020630e-01 8.400941346025841971e-01 8.512695997538008985e-01 8.333519477722762803e-01 8.196116592629101305e-01 8.387134547530280537e-01 8.643758497514518746e-01 8.739791333673975204e-01 8.293269562425932273e-01 8.592998820604558219e-01 8.446617054185634466e-01 8.443756610891031134e-01 8.621925775121874747e-01 8.641786992451879756e-01 8.770208998370175868e-01 8.521340090143657564e-01 8.809667024225987797e-01 8.697067892741393580e-01 8.473369648847994817e-01 8.839314260088264597e-01 8.838979672911739804e-01 8.827669911275503045e-01 8.950134703243000089e-01 8.930376258475486440e-01 8.885950754697856668e-01 8.673320500687928813e-01 8.741341054178052294e-01 8.524826935097107317e-01 8.799631223306498828e-01 8.861360732131534634e-01 8.861714523115669095e-01 8.878737107024567976e-01 8.762312225237482988e-01 8.845122627467995047e-01 8.821617002395154561e-01 8.942453851580586255e-01 8.911822840230961829e-01 8.856832750321506076e-01 8.782370046292448107e-01 8.798081903945197402e-01 8.847266567681508764e-01 8.887668963051343907e-01 8.953672445934889312e-01 8.943926197326037553e-01 8.951675407293931963e-01 8.854609295488533593e-01 8.935485885362046687e-01 8.936675788936595533e-01 8.881908902355574176e-01 8.905297542808029432e-01 8.955694108139237164e-01 8.946342487677191313e-01 8.913179341955568269e-01 8.855240922402299875e-01 8.897353819940557740e-01 8.906394853738061057e-01 8.946576350082169338e-01 8.961383441002530592e-01 8.948894880046057709e-01 8.890782209116269152e-01 8.905441890793732718e-01 8.931420822306898044e-01 8.946645060946352146e-01 8.942669773733303851e-01 8.954307207905182198e-01 8.926065890359838884e-01 8.898002886096875175e-01 8.960000815201863977e-01 8.956354276108837720e-01 8.976654649067640213e-01 8.981514010753679500e-01 8.964368838271957740e-01 8.830414907111493461e-01 8.839749622198145307e-01 8.957250405378979208e-01 8.924951123714320866e-01 8.904368391068102628e-01 8.938786306457011666e-01 8.931358097088971659e-01 8.969927740241296910e-01 8.974677653447538095e-01 8.855741917610669978e-01 8.958172696546307101e-01 8.964071041647008187e-01 8.952612126241664692e-01 8.965738629488844147e-01 8.948038494894703376e-01 8.975808040184365399e-01 8.964449267906947627e-01 8.954295682981053828e-01 8.933122290623795037e-01 8.966253872134277714e-01
3.063432144263038281e-02 1.597375290664450886e-01 3.900483013275288235e-01 6.256820602302154422e-01 4.649426976077752349e-01 5.882244803600479299e-01 7.980376233104472528e-01 7.414745685416883614e-01 8.327076337331726918e-01 7.663284938074667041e-01 8.643824513603158843e-01 1.000000000000000000e+00 8.121285353827126796e-01 8.261831328948557873e-01 9.089238797733650843e-01 8.913346311570803371e-01 8.326494221109412841e-01 8.343303316279474524e-01 8.581940678148670676e-01 7.038383020142114921e-01 8.333543120568379647e-01 8.927611525416100369e-01 8.628888741029944187e-01 8.438624079975686199e-01 8.570191288301659549e-01 8.732824183197380741e-01 8.898548645333843599e-01 8.743671703098853110e-01 8.546997765955812731e-01 8.669075438468352157e-01 9.036008204738068539e-01 9.184753476320145493e-01 8.702242207424497611e-01 9.098441142134050530e-01 8.883166304040128747e-01 8.869198030786726861e-01 9.033446251453027820e-01 9.154444681532756256e-01 9.212880730347801084e-01 8.994225601789898050e-01 9.226549958276557550e-01 9.179464504788562573e-01 8.960867229022603242e-01 9.314048030241374176e-01 9.288067743298679124e-01 9.275431609490306650e-01 9.378062461879571599e-01 9.355633615281320203e-01 9.372055158692845778e-01 9.202713628411185454e-01 9.234353800238552790e-01 9.056342562754763348e-01 9.256860039908690885e-01 9.289173316383152468e-01 9.305335921673850708e-01 9.292830583389483090e-01 9.261884824879801359e-01 9.297461540730490581e-01 9.279611578965986096e-01 9.384776558749889919e-01 9.367208014998699150e-01 9.320013599037596519e-01 9.275717593052195120e-01 9.312179307264101258e-01 9.318545059549181442e-01 9.332757225400767354e-01 9.389755719477771434e-01 9.372163300332083669e-01 9.367634227197919605e-01 9.329310317002650343e-01 9.378894891773195130e-01 9.377967943721372546e-01 9.315629158727173342e-01 9.330558634586332278e-01 9.361817825095023471e-01 9.361313131024872058e-01 9.332345508768843390e-01 9.268416771384621056e-01 9.281999833173303349e-01 9.272591201003245187e-01 9.335213678618610178e-01 9.355072265520210095e-01 9.379413452026654774e-01 9.283619086830663392e-01 9.352952634895052020e-01 9.368452172117393006e-01 9.354371713104712160e-01 9.388909518247248176e-01 9.380869699949987428e-01 9.336201291076672293e-01 9.322660291954345535e-01 9.390840770223473077e-01 9.402411739644247479e-01 9.389627419197317248e-01 9.403199346367044908e-01 9.403527363681202234e-01 9.304532310861417521e-01 9.329521663765232287e-01 9.407353974073650038e-01 9.394654395623692755e-01 9.364758426100764366e-01 9.393261393037728446e-01 9.393391704239733020e-01 9.422391847735340775e-01 9.413943800574539056e-01 9.327343734771509354e-01 9.422631833993214689e-01 9.388929549303145494e-01 9.375909887534352727e-01 9.400812862704467365e-01 9.394414303130935728e-01 9.414956770484237403e-01 9.395520412950510991e-01 9.401984476432535542e-01 9.381072121483531312e-01 9.390723971928570668e-01
2.683569681069413598e-02 1.352509383244389352e-01 3.363712670442735586e-01 5.677537851208834807e-01 4.714672961850081001e-01 5.286674863676639191e-01 7.229231079307056884e-01 6.849178214562922085e-01 7.535981838406279332e-01 7.064691198072674538e-01 7.725247263737869963e-01 8.121285353827126796e-01 1.000000000000000000e+00 7.477258120357773707e-01 8.349827233823542416e-01 8.226097684721829228e-01 7.488847979041055591e-01 7.526529417162721725e-01 7.695507498997784523e-01 6.516731344993104136e-01 7.605620142334107436e-01 7.993198195052586552e-01 7.791146005425823029e-01 7.645784676287359360e-01 7.635098554861610154e-01 8.089402167619941242e-01 8.071137177530418594e-01 7.986558625813702239e-01 7.847338840753869116e-01 7.942941136085647225e-01 8.242026652521304841e-01 8.285502287921122644e-01 7.891139375860819483e-01 8.184191396089690596e-01 8.063818283271293463e-01 8.071840732857127332e-01 8.201280998775860587e-01 8.185606901346552666e-01 8.362349516206815103e-01 8.148573886735975824e-01 8.417717163094721178e-01 8.293860331432169053e-01 8.164256787266498394e-01 8.498676875511665951e-01 8.407699656140337208e-01 8.410121169057146462e-01 8.484209659571257944e-01 8.511389926298729147e-01 8.475369881811420925e-01 8.283001903486791884e-01 8.313257929736147522e-01 8.117107324601613438e-01 8.383711287936331802e-01 8.481425208865852605e-01 8.468947755308823266e-01 8.484721368559005050e-01 8.366154995040455677e-01 8.435731536361442684e-01 8.381076137655294467e-01 8.543014218312292574e-01 8.535659024853867738e-01 8.463370167505360753e-01 8.427156549992569357e-01 8.514006902078491423e-01 8.457170935856467286e-01 8.492422433174251495e-01 8.520123965889733197e-01 8.490981757757353199e-01 8.494225035188440742e-01 8.466153070872415309e-01 8.498749372015675929e-01 8.505719165147245242e-01 8.422226038648874535e-01 8.423194526104139657e-01 8.515375030082306118e-01 8.500878413341053097e-01 8.478825601718910088e-01 8.458969680052543794e-01 8.425876577469790796e-01 8.455469039229270845e-01 8.507772799765921379e-01 8.500749606156714488e-01 8.517157187568077381e-01 8.443416781928910764e-01 8.417977112986616550e-01 8.476479245148472730e-01 8.499586442298804334e-01 8.513830906277344290e-01 8.508323736790438518e-01 8.519899384943894205e-01 8.446463172962185295e-01 8.517811420769407782e-01 8.516742157427582560e-01 8.537020406327369138e-01 8.549900891443533713e-01 8.539037263240900621e-01 8.437632322688011222e-01 8.420684591812125364e-01 8.557234883069799736e-01 8.503729723603106194e-01 8.513847586826748248e-01 8.526645107619622577e-01 8.518283621955543561e-01 8.549684077877462984e-01 8.533320985410919324e-01 8.442596028181240664e-01 8.546465814190921106e-01 8.545375455739587789e-01 8.554555522425838499e-01 8.543584921504830954e-01 8.518987666912211099e-01 8.572648536834504007e-01 8.535594773427960247e-01 8.569924968946180943e-01 8.544830294804487414e-01 8.529231492733854170e-01
