1.000000000000000000e+00 9.020713478888729708e-02 1.087845612997170308e-01 7.920506077209653328e-02 4.336316945154417013e-02 1.853782452381273066e-02 -2.950027360464276081e-03 6.223117263551081191e-02 7.132463266818886427e-02 2.654086309674829128e-02 2.698764344926568928e-02 2.174878180305083938e-02 3.169396141388552274e-02 1.108135820723253964e-02 -2.581402857583463446e-03 2.711595892547014747e-02 6.867051579678205842e-02 6.816465653758524423e-02 5.329273216790086920e-02 3.300886344305731246e-02 5.173449349856042850e-02 4.223454573563354547e-02 7.005027209117116460e-02 6.889806604648304744e-02 7.771795762601543811e-02 4.814424769566762879e-02 5.582253093871129834e-02 4.493002247713694108e-02 9.736868639638764089e-02 7.898883560154565386e-02 7.311950763443210433e-02 4.124980071083776678e-02 4.507510286391262083e-02 5.159734335648864800e-02 4.371149558173298422e-02 4.525402920074560881e-02 4.208685421760069434e-02 1.727025472589394442e-02 3.722439404793990297e-02 -2.038421281929586257e-02 1.091338935476031044e-02 3.816698910430673438e-03 -5.113227998704811912e-04 2.152996660256713615e-02 2.489218664258312924e-02 1.034222978296183565e-02 8.049248158790585014e-03 8.236603928677624711e-03 1.062505487763654340e-02 2.842256739677792229e-02 2.217779813091165508e-02 1.927479384862974127e-02 1.577661219599039988e-02 1.169558183265992021e-02 9.400854104760967417e-03 -1.287526709272397317e-03 2.773148661987226080e-02 1.433222459528923735e-02 8.720797468086674206e-03 2.053189273539030024e-02 2.050468591413462383e-02 1.003329734607662574e-02 1.142518054279182023e-02 3.643889105048788574e-02 3.823804267920750954e-02 2.781741383062282316e-02 1.416741782422195270e-02 1.679104827728516991e-02 2.311064303041272111e-02 1.401141415161742329e-02 1.249956766799828305e-02 2.106425247040478663e-02 2.304381531152072116e-02 2.533813038803948980e-02 1.319763451355355707e-02 1.404374230615334021e-02 1.612866877653929346e-02 4.163157250946515620e-02 3.285587000730035706e-02 4.131259592277274767e-02 2.833406791075205461e-02 2.329506958843272080e-02 2.348069876029776001e-02 2.589720575304426536e-02 1.864811426950373219e-02 2.694615021668122362e-02 2.225934387417185384e-02 1.021442019747094421e-02 1.638290682037950655e-02 8.872140152387502504e-03 4.680541524548132229e-03 5.505524239075063921e-03 1.151860365946504906e-02 1.082047865889112191e-02 2.901229742466496231e-03 3.663538937015081015e-03 9.605384286148528281e-03 3.318076661081693912e-02 1.235595382674601998e-02 8.237932934183185563e-03 -6.520028842846455584e-05 1.274983986785802742e-02 2.486385365582525434e-03 1.044456173234024898e-02 1.120798308814334801e-02 8.796631105922859961e-03 1.334834080500958003e-02 4.796252021639108888e-03 5.994324319306164502e-03 8.883226276474797192e-03 -1.270672363987699390e-03 1.345219683147126297e-02 5.674416086712334197e-03 1.514447936346681803e-02 1.718954806037648400e-02 9.551276564318787049e-03
9.020713478888729708e-02 1.000000000000000000e+00 9.667374380788451571e-02 9.727942854243762372e-02 9.172405114211906740e-02 9.961531567545452159e-02 1.357120959613959121e-01 1.505276821103408436e-01 1.547057430865528826e-01 1.655664025355548796e-01 1.489246928980371976e-01 1.435692004759785423e-01 1.355434551177163438e-01 1.382873947916052060e-01 1.508313478835617838e-01 1.427538992001016749e-01 1.534833222838993538e-01 1.618251838518940666e-01 1.419527828173265949e-01 1.629601631225252312e-01 1.292877684768715674e-01 1.567979914886728776e-01 1.735362834503625107e-01 1.777674292194603711e-01 1.698073702079640757e-01 1.561417457656230912e-01 1.612298270952269574e-01 1.565737780465775164e-01 1.675748756883777002e-01 1.585720723660172804e-01 1.651681843402400818e-01 1.617699972635693317e-01 1.536244393671049036e-01 1.631905367625084424e-01 1.518278412889888795e-01 1.473959782184464107e-01 1.619890167739006515e-01 1.388798582990716235e-01 1.609464385573426692e-01 1.324633480282540465e-01 1.510107771759937323e-01 1.465267151740680396e-01 1.464440538775105272e-01 1.560404667055288463e-01 1.503768673983175430e-01 1.505386633634673565e-01 1.517526933021559332e-01 1.534864349850829368e-01 1.495844374153277589e-01 1.246015962640519975e-01 1.467785548594683076e-01 1.309417163389393901e-01 1.506825658744202490e-01 1.516364415478365091e-01 1.413540253453516582e-01 1.470198459459636509e-01 1.342847001655469441e-01 1.472478543287010222e-01 1.452572892041894825e-01 1.604131077038974951e-01 1.484644234598741230e-01 1.504260106715190337e-01 1.415543160909119580e-01 1.572218639763987846e-01 1.593430277180535315e-01 1.496603084686893570e-01 1.557804106535823352e-01 1.555058395231915525e-01 1.637079729764347735e-01 1.590014460173185817e-01 1.514222231376840533e-01 1.566325753680281041e-01 1.672316192333626605e-01 1.628327938892220605e-01 1.560222215853283301e-01 1.505492075800875518e-01 1.553293901304679259e-01 1.597630660249017565e-01 1.626343080651900808e-01 1.622019388219707314e-01 1.574408287559597996e-01 1.595428657127758443e-01 1.580020857460375239e-01 1.579073201491733580e-01 1.577113993216580079e-01 1.635912610388342292e-01 1.571220527767799580e-01 1.543457772335093958e-01 1.584669579921317573e-01 1.500892192732572183e-01 1.502610925613418191e-01 1.529242888660427291e-01 1.524776848732755374e-01 1.548173108510463025e-01 1.497449258137458772e-01 1.561283678915067752e-01 1.318754495387557957e-01 1.310651723371471788e-01 1.448303828100887813e-01 1.465780100959627741e-01 1.444287194419816289e-01 1.359825472521823397e-01 1.435490891940108538e-01 1.453297719084392370e-01 1.466782476329057672e-01 1.356495910337285893e-01 1.509007358061943416e-01 1.537234704752052650e-01 1.490686590476489326e-01 1.526845698943765650e-01 1.473905549961541384e-01 1.553882892922738290e-01 1.479957074260544181e-01 1.509491787658383266e-01 1.520026109041430484e-01 1.469431819582226739e-01
1.087845612997170308e-01 9.667374380788451571e-02 1.000000000000000000e+00 3.624495146793133560e-01 1.848756199359019858e-01 2.331611149567691665e-01 3.045243582197356691e-01 3.550267466853638254e-01 3.589512057232528419e-01 3.275427778998430406e-01 3.441361169358381766e-01 3.777135932384440009e-01 3.275195889101082392e-01 3.254015625151105429e-01 3.673422742272473007e-01 3.808176824826715601e-01 3.434147075729502840e-01 4.030813174394529130e-01 3.795735269835874282e-01 3.360066724338511279e-01 3.569577756137942703e-01 3.782574491242542969e-01 4.152402375417535429e-01 3.969733162410188365e-01 4.063346980037790268e-01 3.974701400805591978e-01 3.949129796628700340e-01 4.123757909625397899e-01 4.223728497757187617e-01 4.294946581974507516e-01 4.233375974266043174e-01 3.886131551102610104e-01 4.082714769275035405e-01 3.965742742799140408e-01 4.066070866808815243e-01 3.867024470270273295e-01 4.069223877822658042e-01 3.893065613939624137e-01 4.030568569583897198e-01 3.708634159279368125e-01 3.859790076458081143e-01 3.882938015264049136e-01 3.800291922296303304e-01 3.931128485020967678e-01 3.945854503873464370e-01 3.909998684763093535e-01 3.737179249935337344e-01 3.740380589507675269e-01 3.824021549228726613e-01 3.885344625010783703e-01 3.918963289319707943e-01 3.626129318985665262e-01 3.733718235239577021e-01 3.763373865934259710e-01 3.732639154332552667e-01 3.876592960891807604e-01 3.503467036979985294e-01 3.784832659934455057e-01 3.733617723176083647e-01 3.711082793886918973e-01 3.790664411565027869e-01 3.646528343700793928e-01 3.718599294525014032e-01 3.791173613897943495e-01 3.763438985701793582e-01 3.693578729363564683e-01 3.759059604629172435e-01 3.869976769038580011e-01 3.908374812713557578e-01 3.823538540659400797e-01 3.803703025826831174e-01 3.874418937875272473e-01 3.894543130323113722e-01 3.989730480479076746e-01 3.804676208659260594e-01 3.881818796672438787e-01 3.857944944720188563e-01 4.042928207714961975e-01 3.995966696612877067e-01 4.072468003885530985e-01 4.011268248459012864e-01 3.994789690189431974e-01 3.892157099097672823e-01 3.981907055468855705e-01 3.949833867517940078e-01 3.944407396548447187e-01 3.919428522397160330e-01 3.908663043261703662e-01 3.932498491132064844e-01 3.855214457147147500e-01 3.860643676045921180e-01 3.813114464781778290e-01 3.828623154731289335e-01 3.851262220259557001e-01 3.728454469780224656e-01 3.750858841608890604e-01 3.829552189234488035e-01 3.768666510627581845e-01 3.772404106568686966e-01 3.876638635448306780e-01 3.780046170326277211e-01 3.781229074771030318e-01 3.728412128058808950e-01 3.798548933795775073e-01 3.791385698093714396e-01 3.659275277971650864e-01 3.769464151679369213e-01 3.732098920955740362e-01 3.769645670924568481e-01 3.779109788584402718e-01 3.748181367048570856e-01 3.699505319821698168e-01 3.740882264834529680e-01 3.769228305709565463e-01 3.743949538136656097e-01 3.671768034659148028e-01
7.920506077209653328e-02 9.727942854243762372e-02 3.624495146793133560e-01 1.000000000000000000e+00 3.310997073019100734e-01 3.907632491995695068e-01 5.406239811550125340e-01 5.716899387932630194e-01 5.775149720366270500e-01 5.291790977982322453e-01 5.833401428980035108e-01 6.230681566342995970e-01 5.407830157448829667e-01 5.397585543591880697e-01 6.089725719155932859e-01 6.139710816531563919e-01 5.961695884490159081e-01 6.121038056683534290e-01 6.110011756987335785e-01 5.628463768381587462e-01 6.109981065284081359e-01 6.217025624068497347e-01 6.141769331749534766e-01 5.737209186585174869e-01 5.982039459884801458e-01 6.325776745549392954e-01 6.295537250767448967e-01 6.346256192727955936e-01 6.144321833163157720e-01 6.316013337732881983e-01 6.552934820342051214e-01 6.188409123577902626e-01 6.124778207395896734e-01 6.116122550431997151e-01 6.209407215518771839e-01 6.134604886330509155e-01 6.370156853580724032e-01 6.334662716048856668e-01 6.316637489532072047e-01 6.094015276757824839e-01 6.231096753372208363e-01 6.275443464559110618e-01 6.164462234413468078e-01 6.385320400350357195e-01 6.334989262889881845e-01 6.295947666692299771e-01 6.208250632231204769e-01 6.208257928302960416e-01 6.246507620568342301e-01 6.387978387575645733e-01 6.465691821424719432e-01 6.220945827166719511e-01 6.212758168536821612e-01 6.280021891472240547e-01 6.319666282899929488e-01 6.334996274748571077e-01 6.097849745003608435e-01 6.297158490612472237e-01 6.250507697708482802e-01 6.207098387400329376e-01 6.333668969664127957e-01 6.226974798336921690e-01 6.289245462494315042e-01 6.272263274180968073e-01 6.250257812130413093e-01 6.282272173875611543e-01 6.201587155306071963e-01 6.285004028400006382e-01 6.300202091566341478e-01 6.347707888414930721e-01 6.292831764239823489e-01 6.278621648764390883e-01 6.259338128171689775e-01 6.303181896231949688e-01 6.251164212576709733e-01 6.319839830855138452e-01 6.266798294826128046e-01 6.348475867184267818e-01 6.335292602293843833e-01 6.399307581730896421e-01 6.378688476379554828e-01 6.374874711474997069e-01 6.310530436944459254e-01 6.324748053161197703e-01 6.316042546964696358e-01 6.314244860992188624e-01 6.351604158790413734e-01 6.323135568961552044e-01 6.325674550461548584e-01 6.262509760640295742e-01 6.283685124550808521e-01 6.259937267103895531e-01 6.283261906043459133e-01 6.295789701579944664e-01 6.185184758391008009e-01 6.195702553628109621e-01 6.268772453866419125e-01 6.311033719310124024e-01 6.252351223818691794e-01 6.319950534372998918e-01 6.234728062843384322e-01 6.303185718946878735e-01 6.201204671347958497e-01 6.301518055473925850e-01 6.285004893421827221e-01 6.206191180643133576e-01 6.228682285857640721e-01 6.219096998358490946e-01 6.249444762896974037e-01 6.229609206606170346e-01 6.231086773149383529e-01 6.195527835818478435e-01 6.233158293455467458e-01 6.278867570395380016e-01 6.210597213014767970e-01 6.206621872151837360e-01
4.336316945154417013e-02 9.172405114211906740e-02 1.848756199359019858e-01 3.310997073019100734e-01 1.000000000000000000e+00 2.866397317580118842e-01 4.605451526084985980e-01 4.500794030015544123e-01 4.517257128806454469e-01 4.232406969673790931e-01 4.613339649843554158e-01 4.838151907848028954e-01 4.614687955924379748e-01 4.420984387269099036e-01 4.981884745124936509e-01 4.937197346827725819e-01 4.373529852089429459e-01 4.528507401858204440e-01 4.684411099804500211e-01 4.543743826188964552e-01 4.614619023580593393e-01 4.873370222418847431e-01 4.799548840415695516e-01 4.498813389480811886e-01 4.714153464165662388e-01 4.991607441458378869e-01 4.816580561435898633e-01 4.871818177047358978e-01 4.678484089806160262e-01 4.760431690932808158e-01 4.938908918324289021e-01 4.695042866384773195e-01 4.617525083745224190e-01 4.636073874456167476e-01 4.893634500145137567e-01 4.712572448589423257e-01 4.964709017051375239e-01 4.788849558131109130e-01 5.062849826618334159e-01 4.725177284792922427e-01 4.998237152157425367e-01 5.033725692681553232e-01 5.039605120101736668e-01 5.078356798163561336e-01 5.063955156321534590e-01 5.049816179468717969e-01 4.980069139124795319e-01 4.929261580886813987e-01 4.893644199448067278e-01 4.632694005900248602e-01 4.883572089664628413e-01 4.764395203761943032e-01 4.832491383461441359e-01 4.920941125277305539e-01 4.900036926037966145e-01 4.967639805134897446e-01 4.416245377082741452e-01 4.971571402809126239e-01 4.720938945684198251e-01 4.891897287688991569e-01 4.908206473046756724e-01 4.800649305811107159e-01 4.854884176507940352e-01 4.785313697022558488e-01 4.907547343425183728e-01 4.841158327397601102e-01 4.939198349665247512e-01 5.027385362469906083e-01 4.979625793450301874e-01 5.045571397401198421e-01 5.000289715522556744e-01 5.018214839556522922e-01 5.017690010604426432e-01 5.039285172830096915e-01 5.029746116045351600e-01 5.031871473924560689e-01 5.016449676340575259e-01 4.946046026377872162e-01 4.986966181898334072e-01 4.963309690459332124e-01 5.023167564087135384e-01 4.999624204480347389e-01 4.988678077039320202e-01 5.023758436916799797e-01 4.971616269313378078e-01 5.023780057241964414e-01 5.034285546673515910e-01 5.074330264636542909e-01 5.031680501466111455e-01 5.031667365815688520e-01 5.040639129187380885e-01 5.040390948931826598e-01 5.052750011983287992e-01 5.088576255062374765e-01 4.968678370519550858e-01 4.951162684834800598e-01 4.917858805893403629e-01 4.857811204091336821e-01 4.967247619975773687e-01 4.996598225721058384e-01 5.031348679665432755e-01 4.951723069527999566e-01 4.960024069646957745e-01 5.048504597440376385e-01 4.982187924759456932e-01 4.826931734580487965e-01 4.922581140334461591e-01 4.994036414597998186e-01 5.020315288033557755e-01 4.980910367544752471e-01 4.980545194955243171e-01 4.945978467388575939e-01 4.917868083615038466e-01 4.964117198327067659e-01 4.976277027652565299e-01 4.925631510153726245e-01
1.853782452381273066e-02 9.961531567545452159e-02 2.331611149567691665e-01 3.907632491995695068e-01 2.866397317580118842e-01 1.000000000000000000e+00 5.028494688397636692e-01 4.981024909243902399e-01 5.056280772233826548e-01 4.654708855337197360e-01 5.247390262059283828e-01 5.565568881551267166e-01 5.098650122294257070e-01 5.002998036720125441e-01 5.565248593301213020e-01 5.612326488356043086e-01 5.203450979851078628e-01 5.128725414160717477e-01 5.436529523344098003e-01 4.776117286142071983e-01 5.150102074773114103e-01 5.450490907581013733e-01 5.200694788764529397e-01 4.978085562971746869e-01 5.289168040609117938e-01 5.593377330153087579e-01 5.482247843531057319e-01 5.603050904220977513e-01 5.206583532075385046e-01 5.383672793519325150e-01 5.650178961437709590e-01 5.525532694745125539e-01 5.446049211868935203e-01 5.399570271119635834e-01 5.393156983358570189e-01 5.494561621142108887e-01 5.615331502500195970e-01 5.699306603323542886e-01 5.718467898086403434e-01 5.740124759530469412e-01 5.664810903009634968e-01 5.759233678279080948e-01 5.667193073266212355e-01 5.762142782638235428e-01 5.656772474601080569e-01 5.783112059817997475e-01 5.701169362994858991e-01 5.743599903467117018e-01 5.723768684251112626e-01 5.684937879034795971e-01 5.748845534733791895e-01 5.517205861875873474e-01 5.598085547223691227e-01 5.734801760788894587e-01 5.712972269530938174e-01 5.805900860441366440e-01 5.491357389204269968e-01 5.702291496943526772e-01 5.701164220447501041e-01 5.635404380326144436e-01 5.693733850936703034e-01 5.665964457971045531e-01 5.698698814988026884e-01 5.676238386703045258e-01 5.611417142319418128e-01 5.665070460071567338e-01 5.695877275198789613e-01 5.755115129127660323e-01 5.740127699623832624e-01 5.718578680681387638e-01 5.708588946050248136e-01 5.735208387804349162e-01 5.727968434710323242e-01 5.714105210682217661e-01 5.759708141251520530e-01 5.739401252073667026e-01 5.772944824928537555e-01 5.624810939808574384e-01 5.749770785626197034e-01 5.695380802315188618e-01 5.728620118721013954e-01 5.724089179380619230e-01 5.772697111296094530e-01 5.725986588374379904e-01 5.757314980166412521e-01 5.739816423927981415e-01 5.751416327922197480e-01 5.792816164039186200e-01 5.752169384552369147e-01 5.772312612218907235e-01 5.788929608793069725e-01 5.757177419117248673e-01 5.730972161843223001e-01 5.760674158678651402e-01 5.728257751930627695e-01 5.704772905791625215e-01 5.723279648705730249e-01 5.655070909715040894e-01 5.687947624635718569e-01 5.769504729426800926e-01 5.746910358925443330e-01 5.721689582823542564e-01 5.674499715590245463e-01 5.745041126461297720e-01 5.711941940791518402e-01 5.647632746659010383e-01 5.739613163485638436e-01 5.722900568464714954e-01 5.729956995904772477e-01 5.704510137557408100e-01 5.769057630095469902e-01 5.674433275790549125e-01 5.724292641499132417e-01 5.721634562834744253e-01 5.683299525853912071e-01 5.685360584087429947e-01
-2.950027360464276081e-03 1.357120959613959121e-01 3.045243582197356691e-01 5.406239811550125340e-01 4.605451526084985980e-01 5.028494688397636692e-01 1.000000000000000000e+00 7.273792489956568685e-01 7.015132749609535034e-01 6.780131393296018327e-01 7.221573258506622794e-01 7.756577626583218699e-01 7.008935135873676225e-01 7.029978211012517519e-01 8.278714710378698438e-01 7.999070156004098875e-01 7.154831994081869428e-01 7.152821544648315655e-01 7.412054154704584841e-01 7.418897512692014251e-01 7.194234471811583598e-01 7.598547379161179061e-01 7.381747327462334640e-01 6.981697999645792851e-01 7.165839112607903516e-01 7.985253383996838705e-01 7.806648824643069862e-01 7.911668579392712175e-01 7.272337824199225365e-01 7.351764788797080508e-01 7.810834805506138290e-01 7.784569210881270296e-01 7.492588251097248575e-01 7.669982385669461555e-01 7.615043176316824702e-01 7.637149278791133256e-01 7.856763058481039952e-01 8.050226932276156599e-01 8.079995017122715284e-01 8.029485918682486290e-01 8.015818995817989290e-01 8.199058995987904552e-01 8.145135644974500488e-01 8.164011766913763513e-01 8.056326013557634225e-01 8.188904860945538378e-01 7.986280297767458514e-01 7.929777537630446904e-01 7.975307645654077238e-01 7.808505648770118768e-01 8.113161813432617775e-01 7.662827513067471674e-01 7.868274058850630581e-01 7.955744362475821729e-01 7.952659264806170025e-01 8.135299040238085366e-01 7.473162437944200764e-01 7.992333214202150815e-01 7.918579489760514400e-01 7.929512546944906815e-01 7.982161894438868366e-01 7.932383042068751333e-01 7.926041623328438090e-01 7.881536088262521833e-01 7.810258722393293995e-01 7.855189218475577828e-01 7.961090639959176318e-01 7.997722866593043323e-01 8.052947790256537175e-01 8.109787779479167291e-01 7.961550491642744865e-01 7.949715795864831236e-01 8.007107693713707564e-01 7.883271896736828710e-01 8.076366274649274812e-01 8.052439748073679793e-01 8.111450077975891348e-01 7.827565597127629227e-01 8.020354156349083219e-01 7.857080153025541858e-01 7.966592133039869239e-01 7.960267440673735040e-01 7.985625451459412716e-01 7.989423258149322971e-01 8.018686590945043324e-01 8.059117992996457369e-01 8.043522648949540388e-01 8.165810124368318990e-01 8.070193347367826675e-01 8.092311433212404648e-01 8.151669985862208812e-01 8.102724133820409236e-01 8.053431015093818202e-01 8.127616882018819933e-01 7.966507493365639903e-01 7.961394362418487969e-01 7.874891009579221279e-01 7.730117801239870801e-01 7.916385820325483325e-01 8.067018956329373713e-01 8.054015057107610787e-01 7.925953720982717998e-01 7.886340685305867071e-01 8.040470450442708250e-01 7.939833362511646841e-01 7.773942305238138450e-01 7.935409260955951227e-01 7.992478198964889646e-01 8.028121872096216638e-01 7.976570732400245500e-01 8.028542686678462603e-01 7.918246624534284184e-01 7.925746885650859497e-01 7.948673550732825444e-01 7.917492008369777512e-01 7.879162298980874057e-01
6.223117263551081191e-02 1.505276821103408436e-01 3.550267466853638254e-01 5.716899387932630194e-01 4.500794030015544123e-01 4.981024909243902399e-01 7.273792489956568685e-01 1.000000000000000000e+00 6.990651009446468001e-01 6.572713736723861944e-01 7.275756870504059837e-01 7.729395763220513471e-01 7.054627959470515242e-01 6.775155313157831261e-01 7.974405319573283357e-01 8.001711618863469599e-01 7.220872403610792967e-01 7.307292228898795150e-01 7.447932862033708190e-01 7.098067545049993043e-01 7.350393131920963663e-01 7.570263906079531813e-01 7.454457409056156614e-01 7.055846526533859908e-01 7.238385663948174731e-01 7.863986955822456215e-01 7.644321394855316809e-01 7.790395226552850882e-01 7.391465001337078622e-01 7.496468605589414747e-01 7.865740988200160544e-01 7.735562313832174963e-01 7.536398566616858696e-01 7.611110681326576088e-01 7.632593417448296780e-01 7.691728372623212184e-01 7.879635452987995281e-01 7.950251211754700842e-01 8.001644869942996507e-01 7.766243944538122612e-01 7.865394407663582887e-01 7.993088737845654990e-01 8.013640872215329614e-01 8.029335688882449640e-01 7.896253636481181948e-01 7.987874617474834960e-01 7.852608090839688915e-01 7.881616796261684543e-01 7.939215773888927963e-01 7.909917903009270335e-01 8.058729084488702732e-01 7.591828743944651903e-01 7.759619417016391241e-01 7.914170753061080532e-01 7.956187649976668164e-01 7.975471299703477124e-01 7.601853521652391921e-01 7.968503303529363979e-01 7.899153388585448132e-01 7.801172294282399111e-01 7.954246225826245853e-01 7.885723096442952551e-01 7.955504527313563834e-01 7.902202309744404962e-01 7.793252225921272203e-01 7.808574155338163791e-01 7.891786985763469264e-01 7.936123674960683383e-01 7.951512291512080610e-01 7.988227053637499964e-01 7.913298752883765053e-01 7.889042597273011603e-01 7.903550755970808472e-01 7.855534428754387122e-01 7.927938177473092818e-01 7.932503569536306642e-01 7.951143317651169218e-01 7.838315621456649618e-01 7.957934793390518680e-01 7.912782758344715228e-01 7.956954964625322368e-01 7.928431000667032214e-01 7.938807713645302799e-01 7.942332517138530612e-01 7.963661319314472298e-01 7.966058979624082159e-01 7.970384981063411978e-01 8.050345140679698863e-01 8.003924086121758652e-01 7.942730895183827133e-01 7.945464718960431050e-01 7.956747872980846070e-01 7.944447423372877903e-01 8.008595794181780914e-01 7.862523089687517563e-01 7.859624280582515610e-01 7.931800423329238292e-01 7.850677356353543690e-01 7.913367853073103309e-01 8.030297548993231560e-01 7.979294573794021295e-01 7.954640251803469786e-01 7.788846250729833942e-01 7.966497872012893167e-01 7.892555715040001640e-01 7.792584766399726082e-01 7.902135796656503119e-01 7.888482832834686764e-01 7.947196917939378658e-01 7.879596456665228787e-01 7.945017740982330823e-01 7.833731415855242908e-01 7.913956051061740160e-01 7.928788987904954455e-01 7.848712806580462331e-01 7.787635814994027239e-01
7.132463266818886427e-02 1.547057430865528826e-01 3.589512057232528419e-01 5.775149720366270500e-01 4.517257128806454469e-01 5.056280772233826548e-01 7.015132749609535034e-01 6.990651009446468001e-01 1.000000000000000000e+00 7.434629641869249239e-01 7.939223965293075169e-01 8.439875107966601231e-01 7.585269505223659614e-01 7.719456857504347624e-01 8.400218055735626521e-01 8.351883722218964579e-01 8.127872335130890136e-01 7.622154202664811473e-01 7.936512518887088863e-01 7.279190827198555036e-01 7.642776248090455971e-01 8.355339627442219808e-01 7.761392831229790845e-01 7.274403930512016725e-01 7.910326443438899791e-01 8.462383031904450181e-01 8.416216972776013883e-01 8.196307721360154286e-01 8.077117753434105429e-01 8.137596363189936177e-01 8.607679298044286220e-01 8.278461241154554395e-01 7.949497639578206876e-01 8.031906217302980933e-01 8.358709375398772901e-01 8.097118672112675331e-01 8.535812491274759051e-01 8.283649879120151827e-01 8.576545393175019072e-01 8.107012807166800172e-01 8.700481449357089225e-01 8.510908367361017524e-01 8.466920216229715246e-01 8.681012160775248843e-01 8.598276219996832115e-01 8.552873353958539981e-01 8.776663618851061610e-01 8.833815729436143016e-01 8.774786056780656818e-01 8.427458855513867420e-01 8.607083673656578116e-01 8.426103503947428575e-01 8.704580376092361238e-01 8.842716345183033733e-01 8.729757541954531463e-01 8.589526706903228837e-01 8.583270186443078265e-01 8.754522804038297190e-01 8.675725895951253985e-01 8.832876613033038282e-01 8.808830991538849631e-01 8.797940830921550104e-01 8.779035325817559077e-01 8.818547553530398098e-01 8.808351126006435106e-01 8.822580104712416382e-01 8.807649938552912783e-01 8.770975965049797596e-01 8.748002380721277005e-01 8.772152002244678615e-01 8.783274276081262100e-01 8.826526224872482951e-01 8.662643329897117273e-01 8.718664613812313613e-01 8.797432927360138155e-01 8.781001288903196311e-01 8.748096811422516605e-01 8.773045002237095380e-01 8.758426611404604989e-01 8.790789766082978129e-01 8.788828468889132717e-01 8.837162779168213911e-01 8.811924592199259498e-01 8.805052770372947535e-01 8.707152147867444070e-01 8.747867827705675392e-01 8.774347939199395041e-01 8.712076868405914665e-01 8.791589833113582220e-01 8.744913458988485822e-01 8.668149069763236847e-01 8.775426072185719129e-01 8.796430968553684560e-01 8.771636365680105518e-01 8.814738430176960460e-01 8.821964114958253944e-01 8.624888032220900946e-01 8.702227933275287208e-01 8.760765749224240784e-01 8.725556603793326316e-01 8.732585829789936138e-01 8.777567364862516319e-01 8.769287218679733265e-01 8.794563665669434815e-01 8.784710650563881673e-01 8.782744541213144407e-01 8.829920656395927603e-01 8.824059754988511362e-01 8.802484471080385120e-01 8.823329580220068413e-01 8.768302849763960349e-01 8.862235271942502379e-01 8.827763268219764869e-01 8.819427831653418037e-01 8.804768488665010162e-01 8.818094694316038762e-01
2.654086309674829128e-02 1.655664025355548796e-01 3.275427778998430406e-01 5.291790977982322453e-01 4.232406969673790931e-01 4.654708855337197360e-01 6.780131393296018327e-01 6.572713736723861944e-01 7.434629641869249239e-01 1.000000000000000000e+00 7.541112854985665415e-01 7.839777554835777318e-01 7.045820513949541120e-01 7.361955658257387514e-01 8.019843882798929346e-01 7.850783856632310709e-01 7.386356133338588537e-01 7.223793373850687649e-01 7.525298704382803461e-01 6.910275077871014249e-01 7.074971587748445367e-01 7.797439407845955239e-01 7.461783607398764229e-01 7.121269786362073306e-01 7.529083103197934390e-01 8.025862328310944260e-01 7.875815159672269195e-01 7.804163782112472081e-01 7.590406440096599816e-01 7.650929795711175485e-01 8.008864107840931723e-01 7.860409092686905241e-01 7.559604629222133054e-01 7.716417876730777836e-01 7.842256202661248565e-01 7.645941250357880525e-01 7.992018101678921571e-01 7.883158015215905312e-01 8.153978643302061124e-01 7.783357519617178921e-01 8.154726481713296948e-01 8.094908743667889039e-01 7.974302282259353447e-01 8.158593242076518370e-01 8.147887323533968829e-01 8.113095863125406870e-01 8.234157579323697629e-01 8.252841235945758136e-01 8.189568697690313703e-01 7.745589121361955431e-01 8.044749556650908628e-01 7.722315279575981961e-01 8.072065868402334976e-01 8.220815767766165294e-01 8.067102961236742864e-01 8.150934871094550616e-01 7.699920781809899140e-01 8.118255769386799603e-01 8.029497981609002855e-01 8.224835130199540378e-01 8.153810005408611561e-01 8.084254304378297729e-01 8.084718748526468213e-01 8.129489975766428511e-01 8.162434856469866773e-01 8.104464689424718538e-01 8.263667844426951792e-01 8.263672088647705527e-01 8.250400610217765163e-01 8.235670713133559362e-01 8.235826039111970864e-01 8.256594338364336982e-01 8.216316840329399573e-01 8.215542928866335082e-01 8.263475619318768617e-01 8.279091206738434794e-01 8.217216547601368104e-01 8.199555205787845136e-01 8.269488926913851623e-01 8.228616487551068115e-01 8.240711188453689884e-01 8.276711009395461005e-01 8.247964840874193460e-01 8.258933103264546327e-01 8.216911593006471781e-01 8.257934599624341399e-01 8.279027719457064949e-01 8.254418708783274328e-01 8.281395173070948967e-01 8.227772375297834895e-01 8.230063688525911525e-01 8.268037211482069937e-01 8.257021624865596987e-01 8.280231259776472674e-01 8.253405316879739440e-01 8.263235354143794176e-01 8.048856439214088221e-01 7.937426392317106227e-01 8.140064195149459003e-01 8.187441397542662980e-01 8.178623504207995776e-01 8.130160181232672922e-01 8.176054358168209912e-01 8.208340252123829117e-01 8.188645290488330009e-01 8.060333360570629546e-01 8.218890532055254106e-01 8.266578849365235904e-01 8.241857773362966100e-01 8.249143282079554051e-01 8.219752950789634971e-01 8.238279530197483158e-01 8.188615162211890786e-01 8.210581198955106963e-01 8.239341349311859464e-01 8.191225867622297097e-01
2.698764344926568928e-02 1.489246928980371976e-01 3.441361169358381766e-01 5.833401428980035108e-01 4.613339649843554158e-01 5.247390262059283828e-01 7.221573258506622794e-01 7.275756870504059837e-01 7.939223965293075169e-01 7.541112854985665415e-01 1.000000000000000000e+00 8.542910669588826833e-01 7.531447612688363380e-01 7.726160643877432177e-01 8.534177663526819613e-01 8.467753588721191882e-01 7.970389338663249612e-01 7.930764049643665992e-01 8.220322527677462743e-01 7.424589423569216695e-01 7.809777955923961068e-01 8.532859245426032135e-01 8.083689225366078590e-01 7.725490548559827975e-01 8.226257307407478514e-01 8.611549873358798068e-01 8.526980246168448518e-01 8.475906562928267052e-01 8.292161401116809882e-01 8.440430275059463971e-01 8.847179085155709721e-01 8.435853785673942395e-01 8.183391786900797715e-01 8.267637974569124193e-01 8.579565743069955674e-01 8.279491240188505685e-01 8.704614744919565439e-01 8.523062634833844520e-01 8.730579549904808889e-01 8.429335548001475331e-01 8.778637397815619581e-01 8.722394800689999839e-01 8.600697069064079381e-01 8.831477387001698265e-01 8.798820522386109344e-01 8.732140267268351241e-01 8.838776735396484119e-01 8.860788176221754409e-01 8.832800884835130262e-01 8.499040067344713067e-01 8.685344180159811911e-01 8.448586918288487624e-01 8.728475189839460802e-01 8.851454388585279220e-01 8.755763965239100610e-01 8.827815752834378138e-01 8.438287387227613179e-01 8.803732990130002101e-01 8.690648316144300445e-01 8.833132963173735419e-01 8.833623933055241295e-01 8.774457441129154267e-01 8.770790474871560383e-01 8.775828673667781521e-01 8.753906256398462649e-01 8.756798206109479565e-01 8.881763633074267750e-01 8.900950856937854816e-01 8.857668116844711337e-01 8.885248780881844777e-01 8.897356621013388089e-01 8.931058737543147164e-01 8.821850343161947716e-01 8.885699328671607944e-01 8.888751475888599929e-01 8.912624592275857349e-01 8.877404747252892747e-01 8.865707994146598825e-01 8.861341128015536306e-01 8.916411166084701190e-01 8.918478263773137460e-01 8.948912861602585922e-01 8.881593376415310992e-01 8.892994049199316464e-01 8.834583909987020478e-01 8.869327741817095712e-01 8.911926720056888573e-01 8.880961045587718594e-01 8.910994052612061234e-01 8.884357738401889026e-01 8.866432859606676598e-01 8.905528580449370013e-01 8.902863010723731652e-01 8.906545039690096921e-01 8.883050417714506430e-01 8.882678663154819354e-01 8.766868202036635083e-01 8.678091212657591536e-01 8.833469477913902246e-01 8.868518481977272216e-01 8.854208682865091218e-01 8.827962781947418236e-01 8.819612427141746425e-01 8.874488025701345872e-01 8.850412428370947326e-01 8.765698174896677797e-01 8.864542510178333723e-01 8.887667893731003854e-01 8.885832854710127293e-01 8.897062377954092494e-01 8.877897025902616868e-01 8.859568731573644884e-01 8.849239261189414396e-01 8.864508227501873838e-01 8.856180711069723266e-01 8.830796417128927711e-01
2.174878180305083938e-02 1.435692004759785423e-01 3.777135932384440009e-01 6.230681566342995970e-01 4.838151907848028954e-01 5.565568881551267166e-01 7.756577626583218699e-01 7.729395763220513471e-01 8.439875107966601231e-01 7.839777554835777318e-01 8.542910669588826833e-01 1.000000000000000000e+00 8.073320713168256058e-01 8.245537717671794775e-01 9.129674733699887357e-01 9.046521835821889068e-01 8.544105162264128417e-01 8.241206603720518942e-01 8.620320986661869078e-01 7.818943140799760050e-01 8.498257383492007211e-01 8.978596845297652784e-01 8.325232191597879972e-01 7.861504734999730237e-01 8.407441339828267690e-01 9.106236364085509294e-01 9.021301764292275482e-01 8.885865137162648475e-01 8.479225299650257064e-01 8.621648985939504017e-01 9.175672853709175847e-01 8.834227586047079805e-01 8.519840024984719484e-01 8.595754100333787839e-01 8.932960712184652152e-01 8.805812703445301537e-01 9.081595505325220641e-01 9.011104463505210660e-01 9.218648515373836227e-01 8.993308647705637870e-01 9.329279688407048354e-01 9.274568700844993963e-01 9.201007560313745337e-01 9.402078896293603050e-01 9.318806721318784181e-01 9.303531136316719463e-01 9.424678082303609150e-01 9.405834359180006432e-01 9.385696967002610247e-01 9.074011440572471443e-01 9.269121753156400745e-01 9.089471958572099552e-01 9.309162207733201466e-01 9.413364572871149027e-01 9.369222222899421526e-01 9.348004767463942155e-01 9.072943134767340601e-01 9.375207008026198441e-01 9.282128727684605396e-01 9.425009155344562517e-01 9.429626703688156475e-01 9.372676896985050465e-01 9.400707678330605388e-01 9.356110033880615795e-01 9.352438658037846020e-01 9.399693053507877094e-01 9.420243101527160379e-01 9.431502616613506307e-01 9.325438698553095707e-01 9.427152381996946051e-01 9.459640903516557398e-01 9.435415982169010896e-01 9.304112342153020299e-01 9.338961035896049534e-01 9.445789937219375432e-01 9.447291870777596579e-01 9.409300707781034223e-01 9.321418810710446756e-01 9.372870012544877172e-01 9.335848166075365606e-01 9.400029299452700160e-01 9.441423864144806721e-01 9.418231124904853369e-01 9.386382050441998137e-01 9.319036349191508473e-01 9.340568681423289110e-01 9.439138973609900729e-01 9.422546701240800404e-01 9.433593870633087963e-01 9.431495207879703191e-01 9.406564927606875237e-01 9.463411054698764868e-01 9.454667440088458941e-01 9.452825928862879090e-01 9.443824403394008860e-01 9.451657420977359614e-01 9.319583447151037481e-01 9.299017208732729411e-01 9.403553184080877259e-01 9.407214677312943918e-01 9.412904191063371506e-01 9.425247727312029422e-01 9.422074201847717712e-01 9.466728132714214983e-01 9.445011970681217450e-01 9.367666488003373315e-01 9.432243241954871849e-01 9.456034151243464247e-01 9.467431923610574174e-01 9.454733811625296580e-01 9.439571025654214242e-01 9.439489326354795207e-01 9.428795538248342378e-01 9.438458689017895642e-01 9.438729494223506711e-01 9.445354538129117072e-01
3.169396141388552274e-02 1.355434551177163438e-01 3.275195889101082392e-01 5.407830157448829667e-01 4.614687955924379748e-01 5.098650122294257070e-01 7.008935135873676225e-01 7.054627959470515242e-01 7.585269505223659614e-01 7.045820513949541120e-01 7.531447612688363380e-01 8.073320713168256058e-01 1.000000000000000000e+00 7.348855368129852961e-01 8.299844394885866894e-01 8.200694601664704209e-01 7.589755179054418210e-01 7.268167089566325290e-01 7.729354643420409676e-01 7.015845997643795906e-01 7.392683407658277028e-01 8.008567189613792214e-01 7.572352720598253262e-01 7.064243142258862518e-01 7.538412481792104991e-01 8.163963227560876446e-01 8.085211889345960135e-01 8.034998574099888602e-01 7.625754599068754747e-01 7.757294332224267119e-01 8.191318660638194915e-01 7.954050478018345194e-01 7.727307627579810267e-01 7.763050739503704056e-01 8.097645198538907518e-01 7.882910591235846587e-01 8.173318529400539489e-01 8.065110647146421785e-01 8.329933445187410745e-01 8.013137035199738856e-01 8.422704652249328738e-01 8.346045260561868462e-01 8.221389713084044093e-01 8.395108672859211696e-01 8.336900297537703786e-01 8.357410524880168889e-01 8.437081371899330939e-01 8.426142197399565381e-01 8.412814042086257382e-01 8.089182692641858630e-01 8.270100643451179234e-01 8.068252699702487263e-01 8.288252157228028771e-01 8.423446573291025752e-01 8.355841080902109974e-01 8.359889070669519473e-01 8.035744033780388706e-01 8.372792603939889222e-01 8.256250448382002061e-01 8.424492195227484270e-01 8.438432235720919605e-01 8.349871448277343955e-01 8.376138009288909281e-01 8.378029702227159925e-01 8.409558178571253650e-01 8.409119560323136122e-01 8.481970399894512846e-01 8.460761165544474771e-01 8.429646470425258276e-01 8.444587502304730098e-01 8.471381200827589053e-01 8.476741440618004164e-01 8.372618703795108308e-01 8.398789651835549819e-01 8.481096524146853888e-01 8.464118896936612124e-01 8.428385976457335449e-01 8.328705156749374172e-01 8.447490291348729308e-01 8.391158173274727572e-01 8.448381428642531832e-01 8.461799763030585231e-01 8.476077465800757604e-01 8.470657728570354372e-01 8.392781954569273895e-01 8.437136198719021873e-01 8.469097029445602498e-01 8.457960303489565623e-01 8.490862107590111396e-01 8.476681677561366257e-01 8.447216910828483361e-01 8.497592043326421818e-01 8.501684704830371198e-01 8.504248713514810376e-01 8.484199063083859293e-01 8.488987078473914094e-01 8.337735858153091373e-01 8.361169856365666675e-01 8.437858252292038674e-01 8.445224037038467912e-01 8.452452031231164620e-01 8.444956647716158615e-01 8.425855364004741777e-01 8.493101259318922569e-01 8.474093596972274156e-01 8.378038822039765021e-01 8.468563827499683283e-01 8.494168625703633069e-01 8.493575026968389619e-01 8.485375222996678346e-01 8.460707419586528388e-01 8.483593392994361881e-01 8.461740147650810284e-01 8.487777275733852100e-01 8.472324208602687312e-01 8.457289304923730766e-01
