1.000000000000000000e+00 1.259414302306796907e-01 6.983557019801227284e-02 6.631261239596778455e-03 2.460601461682205421e-02 2.528791237999596445e-03 2.086090071889826203e-02 2.646530545602157961e-02 1.188489249064846320e-01 5.286029484673342854e-02 7.278350392747885700e-03 6.245980869158810830e-03 4.494042351646915234e-02 2.121746368163641636e-02 4.406455728415911016e-03 1.935209129097997457e-02 5.415987899382641857e-02 9.647997017350393167e-02 6.869355620826989028e-02 2.876950614156405066e-03 8.021292654700022673e-02 7.185338687737924390e-02 8.976201866949659602e-02 5.174473686942287348e-02 7.385041480816133264e-02 6.048920900512463200e-02 6.788554985479303139e-02 5.558083178246360501e-02 9.243889472113858696e-02 6.179004309495288866e-02 4.404586925993986962e-02 5.664952791120105718e-02 5.682217352428652751e-02 4.526091975388188415e-02 6.445262720744782126e-02 1.996055876039940988e-02 1.494126133516961337e-02 2.234903818360308228e-02 2.500741416827453184e-02 -1.912947216698442955e-03 2.257868036858598840e-02 4.506302263792370116e-03 -3.358451695590909669e-03 9.257322590959128975e-03 9.785122292184105300e-03 1.706479194370262228e-02 1.194763094966371300e-02 1.352936769367957606e-02 3.173899608763616764e-02 4.396516232978444488e-02 2.663418426482911869e-02 8.418171493224964677e-03 1.065768359940492092e-02 3.390839698643060424e-02 1.939178828014648248e-02 2.495433790173525596e-02 5.628649352218269980e-02 4.887878571161228571e-03 2.035253232436222415e-02 2.249844700804241523e-02 1.458434783616071456e-02 1.394044256010682804e-02 4.635311950862259188e-03 1.674697546994723465e-02 3.416974665522347354e-02 3.982238091522306150e-02 1.545220215249837672e-02 2.158642786372210950e-02 2.317836095200682608e-02 2.363620184016284806e-02 2.398531745372595170e-02 3.002630035284291690e-02 1.491751465000727174e-02 2.759347209707634779e-02 2.142903764469047262e-02 2.550651855843650423e-02 2.230217893699971976e-02 4.381585409081350385e-02 1.487764571039312290e-02 1.796702776357567838e-02 1.435994652796002136e-02 1.034222639630219195e-02 4.338704667901808337e-02 2.558904272645507946e-02 1.811448172548829616e-02 1.231246965487352990e-02 6.859358859035547852e-03 7.147916669379848244e-03 1.263690972893978179e-02 1.306552094123508700e-02 3.665947705587666982e-03 4.849713329598886666e-03 8.920081799148904880e-03 7.849267586802301244e-03 2.069366045496710133e-03 9.586777188894687537e-03 4.794172753975541913e-03 3.686272274244951908e-02 1.153169549458040073e-02 8.237030985261390922e-03 -3.381861838421058603e-03 1.788863406619728078e-02 7.380791386511200043e-03 2.304483973986315177e-03 1.753709278276962061e-02 3.363690810076361976e-02 1.727373172997227410e-02 1.425721487936189996e-02 1.388579554383843895e-02 1.016002576474171921e-02 3.504995817293998436e-03 1.782246906738845643e-02 1.012758032839528380e-02 2.318896349270805138e-02 1.995325226769269211e-02 1.873529329107076480e-02
1.259414302306796907e-01 1.000000000000000000e+00 5.296490567891827539e-02 1.473659609110077873e-01 9.662684602232217423e-02 1.361121893912835001e-01 1.316325008201543745e-01 1.195116087377932346e-01 1.860310730581005989e-01 1.684661892544784823e-01 1.066456036149102532e-01 1.128240462515547188e-01 1.420111211429441189e-01 7.977029408856280146e-02 1.468761047377860895e-01 1.364380741785449491e-01 1.485199160669664620e-01 1.987475254386896484e-01 1.811264306909680100e-01 1.636586396867899251e-01 1.610749331184145872e-01 1.650821773932227565e-01 1.872782520648550164e-01 1.910907073699807945e-01 1.827832408485364213e-01 1.950184314501878236e-01 1.797503634246121751e-01 1.815653774037581381e-01 2.124957100750851369e-01 1.959734772159602567e-01 1.781065486185898494e-01 1.753171554365305917e-01 1.796844460445528036e-01 1.492579149949825601e-01 1.753742211898494385e-01 1.487900434083512524e-01 1.429289529178804086e-01 1.667368176303303806e-01 1.704584274024246449e-01 1.459117287631865600e-01 1.667825608327357934e-01 1.508743806543786092e-01 1.512817061344857716e-01 1.555445539111426634e-01 1.588723466642694149e-01 1.628591678438905954e-01 1.505986068394085664e-01 1.559728343330988587e-01 1.563533428287968985e-01 1.477538394351278483e-01 1.598882874582340796e-01 1.174239219708859694e-01 1.307755851396568691e-01 1.696491973810848319e-01 1.626212620605606285e-01 1.655481981170228434e-01 1.607580981790311947e-01 1.552784746007909722e-01 1.579309647085630763e-01 1.578978752729032764e-01 1.485436927798471085e-01 1.504294940811498060e-01 1.396261003333372774e-01 1.534762610894951917e-01 1.579185147290426694e-01 1.542266330612860337e-01 1.507944665012400376e-01 1.573818023452091264e-01 1.598780565606217619e-01 1.632155031581285776e-01 1.548524726929513540e-01 1.603413931198187092e-01 1.533333939199221785e-01 1.609425296770199687e-01 1.597496656024945116e-01 1.629268287814839011e-01 1.634279558929403187e-01 1.807540519419539859e-01 1.656482532194401835e-01 1.609204996238230989e-01 1.609021039188193170e-01 1.586884666403420852e-01 1.685369174093829525e-01 1.591140502509615917e-01 1.514829107341577885e-01 1.488312345103540990e-01 1.507794327999940343e-01 1.539843284487588670e-01 1.567789829238974975e-01 1.608537879608753496e-01 1.511119762599351657e-01 1.560521148630621135e-01 1.568175325903848061e-01 1.559989665143209081e-01 1.466628843428607054e-01 1.534344205743509437e-01 1.487081876192965502e-01 1.503420498001608874e-01 1.516151197718849375e-01 1.493572490276219300e-01 1.450327850791044704e-01 1.526063576328897387e-01 1.456100744053431539e-01 1.477264047264595370e-01 1.467610770984259516e-01 1.626310942827419448e-01 1.535585384727347902e-01 1.561024575578060791e-01 1.547725756602152114e-01 1.534882987527695919e-01 1.502099184376182450e-01 1.535921517675286618e-01 1.505738040640995368e-01 1.564148591528944920e-01 1.505604689399329399e-01 1.488106528022707931e-01
6.983557019801227284e-02 5.296490567891827539e-02 1.000000000000000000e+00 2.711634351494153772e-01 1.462282805058176816e-01 1.493819452012804527e-01 2.703108087420533767e-01 2.461575600867579316e-01 2.955056556146373747e-01 2.763879055196434287e-01 2.671243536251976525e-01 2.758529307415532039e-01 2.314079606503698372e-01 2.179479067279798399e-01 2.980414163716692544e-01 2.968276321690139774e-01 2.780066221367561985e-01 3.391736294964772247e-01 3.283681073545320350e-01 2.552013809905542274e-01 3.547266364393135141e-01 3.380663314254362395e-01 3.475398002779299667e-01 3.146707599342092321e-01 3.378330801555464724e-01 3.169306885478934133e-01 3.264444505306164368e-01 3.173998968841233448e-01 3.148228509866021763e-01 3.196645992225055077e-01 3.199745842075411018e-01 3.360386267812463523e-01 3.285154791202269942e-01 3.269228510852700276e-01 3.285493672483961181e-01 3.208214396866408413e-01 3.141618920987854224e-01 3.244276822923899961e-01 3.087124524225245414e-01 3.255377056192190754e-01 3.121940572727033847e-01 3.114348838253784280e-01 3.294359773518538148e-01 3.253041099222092614e-01 3.143183321904789440e-01 3.137623624571618808e-01 3.041018676858467384e-01 3.088142872964518282e-01 3.114847424764406458e-01 3.280677452568219188e-01 3.258012303840585044e-01 3.091071727203643649e-01 2.969210480673131758e-01 3.132575555701703762e-01 3.218118871626017286e-01 3.252540363822440939e-01 3.227509060059093327e-01 3.092905202862378800e-01 3.193893016789216555e-01 3.111157390029305470e-01 3.142168782349885614e-01 3.132851374124883681e-01 3.142253938317369766e-01 3.129755551212491937e-01 3.108982781365064452e-01 3.172635188994580857e-01 3.028355628819966450e-01 3.137646137255539203e-01 3.150850840644215944e-01 3.215784346723186138e-01 3.231828311832458112e-01 3.172382517733386975e-01 3.167878992845960529e-01 3.209763387283432468e-01 3.162774473804735864e-01 3.210147066402160299e-01 3.168092458858966509e-01 3.176318792634250654e-01 3.057944040955060672e-01 3.102248257818528976e-01 3.024496075282581686e-01 3.060111707150515170e-01 3.208821955850829633e-01 3.135164319762748786e-01 3.168956377179299455e-01 3.156576019730029659e-01 3.090431996423079197e-01 3.144464115229136381e-01 3.083747809450269051e-01 3.184657011068315891e-01 3.190183004536168432e-01 3.133181706340444350e-01 3.108411606888684675e-01 3.100489386571839145e-01 3.002238086757945124e-01 3.077332231879092994e-01 3.203678706774493734e-01 3.077605716008492975e-01 3.087087527598756376e-01 3.167229062300198072e-01 3.167285622527206690e-01 3.127568324782387665e-01 3.032949856638291197e-01 3.087205929011578864e-01 3.116071219032453543e-01 3.159408239363066806e-01 3.068643232571808266e-01 3.091442775206803550e-01 3.137351596605857940e-01 3.088983043897985947e-01 3.141172991225786304e-01 3.087936459823880098e-01 3.103072303096693907e-01 3.127523073639312257e-01 3.067034887781340258e-01 3.076544467325796894e-01
6.631261239596778455e-03 1.473659609110077873e-01 2.711634351494153772e-01 1.000000000000000000e+00 2.587929927175158240e-01 2.737828270784004592e-01 4.609383911172179604e-01 4.285518844472411826e-01 4.621327921203065014e-01 4.295705806742659560e-01 4.621040122531873129e-01 4.991401018956964641e-01 4.511560560365139860e-01 3.450064236863375489e-01 5.191718947609588186e-01 4.896728769671497838e-01 4.637918857062846567e-01 4.871126671134393127e-01 5.003885045301188494e-01 4.711145042671600058e-01 4.901235011272898623e-01 5.034255400561002958e-01 4.852882495843595656e-01 4.921142135003531148e-01 4.927807723123771022e-01 5.198753138671734497e-01 5.070876846556591211e-01 5.275182589560459823e-01 4.819825214203179997e-01 5.223505086822559651e-01 5.150342878774540889e-01 5.304044799021394585e-01 5.232350114922018625e-01 5.173867039941224544e-01 5.219332594504456635e-01 5.431248236823169595e-01 5.231288999758839653e-01 5.326449003746548394e-01 5.294599086257868459e-01 5.380403301004544891e-01 5.291370341319215909e-01 5.293189426749376203e-01 5.590398267539676835e-01 5.420921514923338069e-01 5.222330893166247101e-01 5.267621465494809474e-01 5.166271870866727678e-01 5.165517606870611012e-01 5.194830082741849209e-01 5.243733029488621966e-01 5.340001497360186145e-01 5.293032279104255000e-01 5.175451885641595418e-01 5.134625315266941881e-01 5.190096389193029625e-01 5.197657970693584373e-01 5.071347247367774536e-01 5.228931787476160942e-01 5.101383566469165354e-01 5.262965460791390049e-01 5.271024669238201232e-01 5.129264146754897169e-01 5.113316002327183973e-01 5.208817079517628068e-01 5.196965587210272686e-01 5.191651608600633683e-01 5.163928590509564431e-01 5.194585418924073661e-01 5.227421424223661628e-01 5.288467756624903870e-01 5.191602151904030071e-01 5.159210308129493772e-01 5.177947399962904429e-01 5.189043237804937814e-01 5.250278720424575996e-01 5.277998930586351722e-01 5.261672596676263414e-01 5.168639358422530972e-01 5.177790251741580807e-01 5.162990052167389932e-01 5.170167655912224491e-01 5.188885021393453423e-01 5.194809584844521932e-01 5.258055453346844876e-01 5.325897489200714929e-01 5.290861715353174510e-01 5.267243042487586013e-01 5.289197474154420098e-01 5.236303827393887778e-01 5.281467608412073744e-01 5.351357165704975216e-01 5.277769844046745762e-01 5.278036088440539730e-01 5.279020388696442634e-01 5.137263373463510918e-01 5.193857864110744682e-01 5.404780470004797444e-01 5.212972192873059907e-01 5.259184305604833742e-01 5.303172181629134396e-01 5.384678541593449497e-01 5.253865971215595509e-01 5.178086384676569009e-01 5.268559255104664496e-01 5.320650131064426080e-01 5.220551885117958868e-01 5.170539008701816597e-01 5.221746437404464203e-01 5.216327316439745010e-01 5.192793861441850067e-01 5.213622452864998813e-01 5.224820136180121644e-01 5.200811753023792949e-01 5.269676385164683285e-01 5.196226103462862067e-01 5.213661784974842339e-01
2.460601461682205421e-02 9.662684602232217423e-02 1.462282805058176816e-01 2.587929927175158240e-01 1.000000000000000000e+00 2.231514168620317429e-01 3.711058747998044471e-01 3.462901057938348459e-01 3.876962189090261135e-01 3.497657033053852005e-01 3.692698109680727092e-01 3.845734532453494725e-01 3.721619085367751101e-01 2.884700026270904383e-01 4.102707829608320811e-01 3.867929092787442680e-01 3.849689989011617630e-01 3.998317187945806261e-01 4.203192881057272179e-01 3.749981689062811263e-01 4.083515214172624974e-01 4.225576469669415358e-01 4.109982741215910673e-01 4.149090438914138645e-01 4.170536432900049939e-01 4.311759872809756700e-01 4.215543702326878805e-01 4.321477603193754624e-01 4.132853499484728244e-01 4.222187351044555670e-01 4.277274493694329660e-01 4.307516173501305112e-01 4.218261271243903265e-01 4.201241780520016400e-01 4.139900156547965948e-01 4.300935507678759206e-01 4.191215174464996696e-01 4.247559877774888526e-01 4.256628900981525021e-01 4.308389371315111682e-01 4.262236086143859626e-01 4.329412534520173939e-01 4.477771773119029741e-01 4.352191826879143743e-01 4.248313903940648117e-01 4.228487269466736920e-01 4.169872303204089081e-01 4.213812659463359034e-01 4.149999272965760322e-01 4.127849188425420923e-01 4.284349690193168803e-01 4.179137526268087433e-01 4.084598595918985109e-01 4.183199388239543515e-01 4.242542483023188926e-01 4.266514318877248080e-01 4.075564573529994461e-01 4.284940588836004260e-01 4.177595668696199027e-01 4.297719718942200062e-01 4.262231556998956616e-01 4.204016281173006964e-01 4.194058527363837552e-01 4.183604737422529363e-01 4.198138003022646725e-01 4.164049381951032136e-01 4.212631206585538690e-01 4.255092954994500465e-01 4.321319155702738057e-01 4.362510927554945628e-01 4.279936288828614654e-01 4.249783443521665260e-01 4.280734903767112742e-01 4.309632573881146400e-01 4.275762990525504015e-01 4.253793518015372421e-01 4.313436534987170612e-01 4.283824253823056427e-01 4.244841989085988976e-01 4.217252271637920713e-01 4.211752478024407553e-01 4.247824378580423166e-01 4.212363119117500387e-01 4.288586805548374459e-01 4.247171855921619277e-01 4.261012957245587929e-01 4.250249264663800708e-01 4.264094261088980931e-01 4.253215466499478681e-01 4.237434330009130501e-01 4.350454061986004928e-01 4.301016716154119623e-01 4.295966334623019245e-01 4.260000690385779554e-01 4.155573974783595137e-01 4.221713122167974896e-01 4.345036841714683407e-01 4.135300551019038262e-01 4.254923626177189444e-01 4.284690034899377720e-01 4.381289388369393745e-01 4.216785492983007311e-01 4.198207893297781212e-01 4.301589833718735267e-01 4.243790450782484180e-01 4.181998517251334646e-01 4.167127500073900537e-01 4.228183846570329751e-01 4.234404986857255859e-01 4.247738939971304473e-01 4.226788782605651607e-01 4.243770311054376188e-01 4.226900495527263213e-01 4.246338229683119248e-01 4.189738349490491065e-01 4.206211109910288903e-01
2.528791237999596445e-03 1.361121893912835001e-01 1.493819452012804527e-01 2.737828270784004592e-01 2.231514168620317429e-01 1.000000000000000000e+00 4.460283301192531358e-01 3.685332473760830618e-01 4.339887192246936753e-01 3.886681822397765607e-01 4.356883139283841966e-01 4.591900215049247169e-01 4.164386285454330094e-01 3.550533915333028978e-01 4.817002560160593694e-01 4.539044702339624093e-01 4.604710854937696940e-01 4.487367559845918952e-01 4.790313900546659398e-01 3.918718983052496552e-01 4.450045066101596669e-01 4.777824244757409300e-01 4.595105161321288434e-01 4.479187959076883496e-01 4.715243269272400561e-01 4.969213810868411962e-01 4.787661004827576394e-01 5.004211499786664907e-01 4.913196396932261734e-01 4.983201537957613336e-01 4.972999857891792774e-01 4.995540182224073589e-01 4.950176240897006252e-01 4.973067232916486557e-01 4.963365211380704189e-01 4.933791142678873864e-01 4.963510487672933014e-01 5.107559001843710034e-01 5.091571973963164854e-01 4.953819821297683612e-01 5.081671530204250331e-01 4.958319805144596470e-01 5.063085151185976462e-01 5.081330364836523783e-01 4.984934923057219303e-01 5.027723050705421581e-01 5.041996403099580082e-01 5.058125484695957796e-01 5.055629671887676979e-01 5.035942248746447802e-01 5.098955831692738583e-01 4.973420721188019367e-01 4.908652452217127093e-01 5.071450226903633229e-01 5.051618730674295454e-01 5.077730855255080389e-01 5.040708023543684080e-01 5.116245221067171611e-01 5.094866726734952334e-01 5.074413338962580067e-01 5.128631171806006250e-01 5.058047506353641198e-01 5.096758972407237076e-01 5.080571652554434214e-01 5.028857759862679355e-01 5.038839258348168926e-01 5.008446444735550340e-01 5.080499018093571628e-01 5.061887324912279773e-01 5.039618224802283608e-01 5.083111330811882489e-01 5.059481470638231837e-01 5.029011121567801279e-01 5.036532212671680497e-01 5.028282023746543095e-01 5.025016930028343154e-01 5.043321172597967639e-01 5.052601017109581427e-01 5.007096769068036801e-01 5.050180261350539768e-01 5.051039383111511905e-01 5.061301108365111601e-01 5.033703175269264030e-01 5.069976612123139326e-01 5.057923142667489769e-01 5.051898523881040992e-01 5.055725539451807471e-01 5.093043264745412690e-01 5.057104759554559292e-01 5.060656231159497143e-01 5.073094855898633293e-01 5.079800204472921799e-01 5.074267011902482416e-01 5.057477025215252331e-01 5.032309796405781688e-01 5.044184791880623742e-01 5.059099663220463228e-01 4.962087109844368626e-01 5.072820886422021447e-01 5.062344858714037388e-01 5.079911861062472722e-01 5.061816588817588114e-01 5.008133226407726069e-01 5.065045434854106299e-01 5.038796884384653119e-01 5.032839428257668279e-01 5.040660132160463824e-01 5.059476753118650194e-01 5.082682113326832951e-01 5.043830068715200454e-01 5.089441973413671993e-01 5.044238230308077942e-01 5.048751452621977887e-01 5.045411273471491764e-01 5.025074450370384804e-01 5.035507491293959026e-01
2.086090071889826203e-02 1.316325008201543745e-01 2.703108087420533767e-01 4.609383911172179604e-01 3.711058747998044471e-01 4.460283301192531358e-01 1.000000000000000000e+00 5.890429753592492101e-01 6.439334408106700547e-01 5.962731761343229575e-01 6.474287579675820359e-01 6.908975616769387207e-01 6.293461900292449673e-01 5.054024532599719066e-01 7.637763397027846901e-01 6.951673423864270784e-01 6.724755092143330781e-01 6.547753898114097026e-01 6.992815989098887242e-01 6.080789168017709523e-01 6.799526641863478105e-01 7.109210897932628503e-01 6.886355988283515694e-01 6.777449899198441097e-01 7.123796431950283337e-01 7.391753947423337356e-01 7.116251858250874918e-01 7.484606600629803985e-01 7.227419390614099326e-01 7.347974587128093260e-01 7.429311973798854440e-01 7.488405740264376664e-01 7.437629405086544354e-01 7.356826360220634076e-01 7.280128457751855464e-01 7.587894454446162396e-01 7.427670208148030584e-01 7.478129888157416527e-01 7.520683278655084791e-01 7.635999348940286646e-01 7.559740727418914341e-01 7.533619439558135733e-01 7.675153009944144511e-01 7.601534357718831014e-01 7.537734548703606263e-01 7.502142722532993968e-01 7.477398616768503592e-01 7.472608988709243949e-01 7.417119879003459815e-01 7.344474653737075309e-01 7.556445950698342795e-01 7.489810174758816386e-01 7.379300971206718129e-01 7.442908407355628420e-01 7.443882886227839446e-01 7.499595725455262540e-01 7.320743638999120950e-01 7.500625815701229548e-01 7.468480579312005707e-01 7.509337555213894122e-01 7.571803187783604505e-01 7.434653059635746297e-01 7.397510052009267367e-01 7.455158406961154283e-01 7.436162354027061605e-01 7.447432766828960826e-01 7.453742069350688393e-01 7.498226450658217468e-01 7.514923747634278950e-01 7.542330589945841490e-01 7.515256690419857000e-01 7.479328213905721556e-01 7.487641540781084792e-01 7.480126710570302873e-01 7.511861269995921964e-01 7.528149732485184265e-01 7.589966618130340459e-01 7.500007073283635473e-01 7.507183861159271165e-01 7.463373445721390720e-01 7.493488812276957178e-01 7.511145968465777756e-01 7.540666198277573562e-01 7.568123200735019651e-01 7.529442424151040480e-01 7.563530171754988540e-01 7.575270609004689515e-01 7.617996534758896265e-01 7.508057830193353155e-01 7.591061630659479142e-01 7.681297042818245879e-01 7.587269081089484946e-01 7.544244863241690302e-01 7.580353595521596155e-01 7.456702925560465545e-01 7.499207536566649956e-01 7.607741099182059319e-01 7.378554769858380880e-01 7.527915360317416482e-01 7.592439866395896964e-01 7.666817648745628544e-01 7.488211314988568734e-01 7.450370992917142443e-01 7.545892381361353207e-01 7.559933124089843748e-01 7.462094269054831974e-01 7.468491634981115901e-01 7.527212261929814296e-01 7.531219141893074065e-01 7.487262779307309879e-01 7.526625812518866754e-01 7.496390422865913949e-01 7.514241612938371562e-01 7.517467154579982047e-01 7.481079493202491548e-01 7.488127555472207098e-01
2.646530545602157961e-02 1.195116087377932346e-01 2.461575600867579316e-01 4.285518844472411826e-01 3.462901057938348459e-01 3.685332473760830618e-01 5.890429753592492101e-01 1.000000000000000000e+00 5.888681433681800526e-01 5.670027563308350782e-01 5.873819765551876459e-01 6.297581902784378238e-01 5.887143502247229598e-01 4.697839318328569935e-01 6.778233310719928850e-01 6.632681053275800709e-01 6.127806281349101880e-01 6.169861773900312540e-01 6.492432890121391242e-01 5.559874874093159169e-01 6.304273747836596220e-01 6.575677623171445330e-01 6.266334467668029928e-01 6.197470853174541494e-01 6.501657414739766550e-01 6.719708745614925149e-01 6.639042740876599513e-01 6.817553812554343340e-01 6.646840659378581151e-01 6.757818262969771395e-01 6.799287663891422362e-01 6.902073864389298707e-01 6.854635294087909614e-01 6.758095610266960929e-01 6.822096379070681227e-01 6.944843322392617591e-01 6.811352112932239633e-01 7.003851472956111879e-01 6.939128076033734827e-01 7.010453710120092552e-01 6.911891709365410863e-01 6.899438684894113605e-01 7.115466155551078975e-01 7.017850202897576439e-01 6.851517900178276665e-01 6.900366362895118399e-01 6.903583483534744270e-01 6.886591689971774954e-01 6.850902854984158852e-01 6.939125351497172911e-01 7.030474090968101830e-01 6.892744188882921064e-01 6.709847609609079777e-01 6.860939951371411993e-01 6.936682265652314161e-01 6.864826739514412468e-01 6.851760818484700089e-01 6.968381047680476392e-01 6.953276034350871493e-01 6.923300620293670882e-01 7.000892433563429273e-01 6.927362234864142820e-01 6.962516129521627573e-01 6.893679591441593812e-01 6.797817370709899887e-01 6.895373871535959154e-01 6.831742204664663642e-01 6.914165142696748756e-01 6.912414795079969698e-01 6.931260071557798774e-01 6.905097948600318336e-01 6.853882574504924774e-01 6.845245102329180487e-01 6.863552327187357749e-01 6.875778666875596024e-01 6.920864393219403610e-01 6.895079061789587405e-01 6.883006460323274345e-01 6.859786191618870710e-01 6.843961340634502344e-01 6.874381845493782173e-01 6.893349020191620324e-01 6.878112015065126483e-01 6.946821734133776793e-01 6.972636965063622183e-01 6.924064886387821804e-01 6.933702910135698394e-01 6.950989143416546057e-01 6.922342731897643819e-01 6.903765784167807951e-01 7.006768612624100223e-01 6.937412445753774470e-01 6.911848603372047206e-01 6.940705105389471941e-01 6.852975303312773825e-01 6.881056610402703777e-01 7.045456514237812273e-01 6.863372728211535323e-01 6.964253128200050824e-01 6.984352848487395127e-01 7.022413595895792282e-01 6.962419830110115893e-01 6.830619749187304413e-01 6.946854706569509652e-01 6.941900462668595395e-01 6.887178675555429841e-01 6.873926894950778133e-01 6.886634112793922347e-01 6.923828047454678725e-01 6.891182238832737061e-01 6.934498107991061699e-01 6.879567010911575853e-01 6.920562326921867458e-01 6.931979412135912400e-01 6.837696600965788019e-01 6.871967904839385577e-01
1.188489249064846320e-01 1.860310730581005989e-01 2.955056556146373747e-01 4.621327921203065014e-01 3.876962189090261135e-01 4.339887192246936753e-01 6.439334408106700547e-01 5.888681433681800526e-01 1.000000000000000000e+00 6.896865030138709107e-01 7.233401043787226481e-01 7.569617850271854742e-01 6.889753039512273025e-01 5.702079521205341006e-01 7.883224504375767605e-01 7.586648310040292609e-01 7.807521419115226458e-01 7.963302060385893943e-01 8.063563863804902310e-01 6.151794898708108361e-01 7.501473118970130027e-01 8.093357036223501888e-01 7.766043735199420484e-01 7.607943835675713418e-01 8.087188905469544498e-01 8.336661193184573548e-01 8.113799792420578472e-01 8.189776659005876258e-01 8.186006550017612682e-01 8.400977721950958488e-01 8.441419877701576979e-01 8.354119814121147014e-01 8.019911853870774765e-01 8.206763545214170730e-01 8.219257512651461095e-01 8.079437119518992905e-01 8.149636748108201045e-01 8.229003450595390179e-01 8.325373388051521273e-01 7.949276404997756007e-01 8.320258633185051433e-01 8.156102711083182966e-01 8.030747090000900368e-01 8.244232716702271091e-01 8.333397203611700998e-01 8.220704480271824321e-01 8.407453843167946861e-01 8.445564419556911284e-01 8.488343099449519036e-01 8.437685382577092552e-01 8.373458703435908701e-01 8.164374524314825798e-01 8.129141019503212107e-01 8.495855220017427545e-01 8.400389939362211678e-01 8.427397537685080708e-01 8.478458822907573023e-01 8.320158777828018382e-01 8.393562782640774378e-01 8.487185862138879600e-01 8.418372405488458998e-01 8.386527205234934890e-01 8.277973674750530586e-01 8.416260602200925645e-01 8.509076384442747498e-01 8.519478300363224621e-01 8.439378887589299438e-01 8.465360933500732932e-01 8.460728875366273494e-01 8.422149478929537025e-01 8.475372442842857845e-01 8.503014294058609535e-01 8.388867672651364460e-01 8.452694180201553165e-01 8.473041287081891637e-01 8.450241674092204835e-01 8.435105596038929843e-01 8.513043263362850555e-01 8.413706135506473505e-01 8.473398572891779335e-01 8.464374960457382580e-01 8.457814616616651238e-01 8.556626635939266201e-01 8.483854413636575664e-01 8.414386725015463586e-01 8.404922087867604530e-01 8.374340251748093600e-01 8.379313344179364353e-01 8.430337684268924825e-01 8.424797228787100911e-01 8.351152851969660951e-01 8.407425386460393169e-01 8.421876628807587473e-01 8.403650967972723373e-01 8.385662067460620817e-01 8.437637078968878157e-01 8.339094200180907634e-01 8.479179845234541268e-01 8.433184844333878605e-01 8.430327978361042973e-01 8.342487350038982896e-01 8.459585394580828588e-01 8.363357042672012742e-01 8.413416660261344715e-01 8.461098770643439293e-01 8.505833609656279215e-01 8.467833236859528823e-01 8.467658362823302642e-01 8.449694797523618073e-01 8.447179646699438660e-01 8.416779596483684456e-01 8.486436833522665868e-01 8.442926103408859850e-01 8.501168177169307061e-01 8.479328112885110569e-01 8.483165341131593262e-01
5.286029484673342854e-02 1.684661892544784823e-01 2.763879055196434287e-01 4.295705806742659560e-01 3.497657033053852005e-01 3.886681822397765607e-01 5.962731761343229575e-01 5.670027563308350782e-01 6.896865030138709107e-01 1.000000000000000000e+00 6.561855750429544942e-01 7.002256570717562134e-01 6.424497204172560094e-01 5.313895177704041073e-01 7.342234481338066887e-01 6.908626669682121912e-01 7.000945401091703824e-01 7.146226677678065853e-01 7.325604319861273028e-01 6.032853312041411842e-01 6.794195228976046552e-01 7.354799499455508816e-01 7.155718159106544407e-01 7.112478352776540058e-01 7.391814875640317917e-01 7.639862505064222153e-01 7.495529083214564903e-01 7.527445869069931961e-01 7.492207217241898531e-01 7.722148371340721296e-01 7.794553623945460474e-01 7.724938446032154626e-01 7.433745809362859447e-01 7.585104234103572374e-01 7.600089673101977361e-01 7.441890340357336653e-01 7.478487903861605890e-01 7.709984835262336800e-01 7.752629525222445306e-01 7.481203201824017102e-01 7.686138619715359166e-01 7.623093355866547016e-01 7.526093578052450717e-01 7.715626814161000713e-01 7.687089090715210071e-01 7.658152154752597696e-01 7.747766524602448523e-01 7.791087248191500558e-01 7.765006467500832343e-01 7.637800337823313912e-01 7.767661700974236583e-01 7.414572652266561148e-01 7.510387487301160014e-01 7.809269355379790944e-01 7.783432901377139723e-01 7.782893196497463473e-01 7.693092118002395896e-01 7.756881596283895508e-01 7.783735829390473482e-01 7.752717975241399939e-01 7.775179146884148018e-01 7.754092503770514400e-01 7.700402087529393258e-01 7.734990275825724959e-01 7.680778824387785031e-01 7.745984989637016982e-01 7.734774735337699436e-01 7.781570797203075651e-01 7.816465625440944809e-01 7.787081729219099691e-01 7.785113939791981075e-01 7.798374315435706583e-01 7.794205088672191417e-01 7.792036275322193895e-01 7.781138992402751864e-01 7.775778095666407985e-01 7.804461182001541930e-01 7.807339704185605189e-01 7.769275259109388321e-01 7.785678278256205065e-01 7.780657992727881833e-01 7.781835302046170577e-01 7.805655825078292587e-01 7.796311316184755258e-01 7.743028130855297286e-01 7.776848159829198304e-01 7.763112569492803816e-01 7.789449292553413118e-01 7.784930030702121861e-01 7.794631500565503135e-01 7.754796154622847215e-01 7.781919914461209453e-01 7.776917428082189554e-01 7.788039677385812931e-01 7.723487395808038558e-01 7.770028567105277117e-01 7.706939079846708562e-01 7.647815113339813120e-01 7.741583419721307369e-01 7.766290360896432876e-01 7.725572408325119822e-01 7.774381666967156157e-01 7.697971146325892633e-01 7.730499687589680313e-01 7.751170714814124008e-01 7.738372238855318885e-01 7.767704303627142037e-01 7.775789537895693160e-01 7.788957623417722687e-01 7.771494605963700231e-01 7.774853000711148265e-01 7.753860453582439582e-01 7.773687798516519809e-01 7.773490057541165843e-01 7.742336187263343383e-01 7.735967271890565877e-01
7.278350392747885700e-03 1.066456036149102532e-01 2.671243536251976525e-01 4.621040122531873129e-01 3.692698109680727092e-01 4.356883139283841966e-01 6.474287579675820359e-01 5.873819765551876459e-01 7.233401043787226481e-01 6.561855750429544942e-01 1.000000000000000000e+00 8.067830764287732270e-01 6.934722587257693416e-01 5.790733020984444313e-01 7.956045600963164155e-01 7.772946135550059532e-01 7.516885580890957375e-01 7.399390479746873472e-01 7.710875553761240564e-01 6.264874561784127271e-01 7.158028819933596187e-01 7.824988426748196169e-01 7.209585448801046903e-01 7.383357936521408593e-01 7.691786903492713323e-01 8.075917003422178331e-01 7.875605356579549188e-01 8.025149431863228822e-01 7.774330087389027533e-01 8.133377789741103037e-01 8.314453207530710932e-01 8.181596040787036950e-01 7.854815292427944629e-01 8.103153931369465601e-01 8.011578739349628497e-01 8.107349804450655339e-01 8.254201291787334194e-01 8.175251200660584860e-01 8.253187759084900099e-01 8.099297157034751615e-01 8.288807449545382289e-01 8.244347513038849939e-01 8.238023191379222343e-01 8.365060198534344238e-01 8.330130261363614119e-01 8.304355178024654949e-01 8.471145514876694538e-01 8.447323681729570488e-01 8.397465386047564539e-01 8.268633699656802172e-01 8.344490844877296976e-01 8.241386481475785342e-01 8.272682695138391384e-01 8.381499578338589274e-01 8.341476884877001563e-01 8.321819685188195370e-01 8.207055345421042647e-01 8.377297826305512007e-01 8.373605107898056676e-01 8.467372182428081206e-01 8.463195461943679998e-01 8.400239060847466410e-01 8.333216671992208502e-01 8.416016779628231470e-01 8.393791557778894630e-01 8.392978626161170519e-01 8.453180534818520719e-01 8.452638392723199612e-01 8.459798045588772242e-01 8.398799421011375888e-01 8.453233375747783995e-01 8.437915682711726317e-01 8.426339097304641479e-01 8.407185949219874166e-01 8.446578201922377849e-01 8.416545860906193832e-01 8.432100184727967518e-01 8.342192357999020924e-01 8.391017231977820900e-01 8.464995339376646388e-01 8.441194764223827196e-01 8.476235942700783843e-01 8.388555379719762062e-01 8.460238067054346445e-01 8.424461754933193491e-01 8.461477218955709700e-01 8.442128109821589454e-01 8.461398155021017109e-01 8.466352112000848917e-01 8.436264924678160693e-01 8.437396761369794218e-01 8.465002741644146456e-01 8.473951134953731090e-01 8.458022283145112397e-01 8.485519628952201687e-01 8.485096368691363855e-01 8.419727615390488751e-01 8.329953971750116981e-01 8.467821724415595108e-01 8.487837344258727379e-01 8.473332497176310207e-01 8.428604828272123761e-01 8.459811544642797942e-01 8.482051004058439592e-01 8.470363652665835463e-01 8.387086044320801737e-01 8.458156360728555923e-01 8.483967183083055419e-01 8.469849400589970490e-01 8.470514428658988404e-01 8.473078265238815909e-01 8.485999020591828979e-01 8.483705108488316382e-01 8.463579074264058200e-01 8.455055784556027021e-01 8.471262262051550973e-01
6.245980869158810830e-03 1.128240462515547188e-01 2.758529307415532039e-01 4.991401018956964641e-01 3.845734532453494725e-01 4.591900215049247169e-01 6.908975616769387207e-01 6.297581902784378238e-01 7.569617850271854742e-01 7.002256570717562134e-01 8.067830764287732270e-01 1.000000000000000000e+00 7.376203482854223337e-01 6.058358595402173474e-01 8.574758257778809512e-01 8.313155583399476356e-01 8.084520417403180392e-01 7.802550067967313208e-01 8.191627290403351580e-01 6.778941948308337961e-01 7.711191315166384674e-01 8.276168099922923682e-01 7.746141794373353484e-01 7.878465694682971199e-01 8.199583063451215681e-01 8.538802012455022350e-01 8.397785921019935707e-01 8.526546571079448578e-01 8.163412251221915383e-01 8.630442761749355096e-01 8.887126268348811697e-01 8.739483542517014758e-01 8.426517054458089184e-01 8.712079712349710681e-01 8.568353793330583112e-01 8.740937362425840185e-01 8.820299832409467244e-01 8.798873992278094525e-01 8.864149680262722875e-01 8.698998250042254687e-01 8.875686162877713947e-01 8.857210432426819713e-01 8.819434319261391098e-01 8.989000168904341947e-01 8.978064763036087692e-01 8.950173302501602812e-01 9.058622692402144017e-01 9.022132788885984800e-01 8.974501715179464822e-01 8.859594577704386076e-01 8.927245624306596739e-01 8.885317130720822298e-01 8.879092144712505963e-01 8.946006999004311178e-01 8.880778166140863572e-01 8.907413386551109591e-01 8.731898035966240146e-01 8.957482982557998241e-01 8.954867474403537253e-01 9.036820132826197671e-01 9.033885554505218796e-01 8.987775001166528055e-01 8.916142015694801248e-01 8.988872974315488262e-01 8.956424444524098138e-01 8.956052519035112569e-01 9.062048522374427373e-01 9.045169934358702202e-01 9.046889638733786043e-01 9.006843983525039121e-01 9.036177065515126339e-01 9.012193592019546173e-01 9.037233754906238703e-01 8.991085643139622441e-01 9.028610710371982595e-01 8.994923045367783088e-01 8.996846568172450764e-01 8.870647348420872547e-01 8.965291708947639160e-01 9.017738339342967757e-01 9.017198826636917408e-01 9.067973987628533683e-01 8.975968145394648268e-01 9.042534792764802543e-01 9.022891025345521898e-01 9.082696128795945123e-01 9.075423781404486911e-01 9.055073792417350775e-01 9.057217062366829108e-01 9.027739948634602163e-01 9.044150301884623655e-01 9.081729634133852702e-01 9.079928815750870630e-01 9.076971696410993662e-01 9.082190524986862856e-01 9.090288573313364262e-01 8.987931607479985319e-01 8.879059412478208513e-01 9.042500240326524219e-01 9.093673057231798085e-01 9.097222836936278423e-01 9.014779847294283055e-01 9.056833958261042428e-01 9.096737546867151858e-01 9.073724908040082804e-01 8.932455718643803610e-01 9.043949904806355411e-01 9.062953590067434062e-01 9.043441712505114749e-01 9.055635841179060508e-01 9.060214688120812321e-01 9.073124869323685449e-01 9.065895976989087890e-01 9.049629912300624079e-01 9.069252422167376482e-01 9.053540903142464069e-01
4.494042351646915234e-02 1.420111211429441189e-01 2.314079606503698372e-01 4.511560560365139860e-01 3.721619085367751101e-01 4.164386285454330094e-01 6.293461900292449673e-01 5.887143502247229598e-01 6.889753039512273025e-01 6.424497204172560094e-01 6.934722587257693416e-01 7.376203482854223337e-01 1.000000000000000000e+00 5.564933921527562832e-01 7.687395555602809516e-01 7.533450227485256612e-01 7.184339050632551071e-01 6.958453072684238627e-01 7.243913443088706439e-01 5.973431889989567756e-01 6.800163996148382850e-01 7.393973732092909978e-01 6.987420567396810389e-01 7.030644721343800585e-01 7.306479116514870142e-01 7.780703423399636387e-01 7.535116615255784689e-01 7.736303092016885152e-01 7.514197918545391097e-01 7.769628055050010751e-01 7.895352675253768382e-01 7.741862806811644626e-01 7.593668195696394729e-01 7.656903325506388969e-01 7.678909610883190018e-01 7.689604935602825098e-01 7.801751192054241502e-01 7.822759309228812796e-01 7.914891719041061702e-01 7.729054106902578658e-01 7.898697102436821327e-01 7.897306150103938771e-01 7.832586145251611009e-01 7.951535886097423900e-01 7.922757604564319989e-01 7.931818361239624249e-01 8.001892165667746637e-01 8.028901197178774929e-01 7.921420501466611697e-01 7.782885783896225096e-01 7.957385566298559310e-01 7.723624596402957065e-01 7.805321693604201361e-01 7.987195707702675618e-01 7.915294345321169933e-01 7.887419176595314996e-01 7.786731619481780386e-01 8.007508884403004012e-01 7.942748624200309804e-01 8.040140115503199292e-01 8.002975079620383569e-01 7.948704921580364013e-01 7.864005478267876992e-01 7.935799969853333247e-01 7.942575022748966651e-01 7.922891113736363344e-01 7.986996142197619886e-01 7.997104840665661962e-01 7.999771783723370611e-01 7.951677740709230946e-01 7.968411071347897279e-01 7.994653089472618657e-01 7.923772662574111170e-01 7.944846539084177151e-01 8.026650780225118575e-01 7.986792263838333739e-01 8.011046596844080270e-01 7.991178637200254675e-01 7.971997674356199326e-01 7.997719658295527889e-01 8.002056026228145935e-01 8.027375312114587436e-01 7.947188181068708390e-01 8.010832227195090471e-01 7.963336868771409005e-01 8.003109116884974394e-01 8.021443030591012269e-01 8.017478440961808284e-01 8.036700316494442831e-01 7.978183181881076669e-01 8.010208315223474873e-01 8.042258713129650793e-01 8.046570506711608894e-01 8.024852074468258323e-01 8.007940244887314929e-01 8.030369740948474222e-01 7.961721501464706918e-01 7.889094718738156597e-01 8.019779529242881955e-01 8.009480421544635798e-01 8.024433499521248514e-01 7.976914396106777883e-01 8.014047793654228702e-01 8.033876312683928544e-01 7.994915252112471116e-01 7.926637851084988862e-01 8.011009040686456473e-01 8.021634382705753463e-01 8.023535144189097856e-01 8.023956048978418965e-01 7.994002077342493573e-01 8.042327152514174848e-01 8.018819031521835505e-01 8.024985113905500622e-01 8.018978668550822420e-01 8.018277452143740547e-01
