1.000000000000000000e+00 9.393960712417409598e-02 4.195334692835630402e-02 3.404648847094707276e-02 1.803184085513111212e-02 3.786488685454631603e-02 -4.081870221166521324e-03 1.050354839228375380e-02 6.882654829221232506e-02 3.125792655216518001e-02 3.216851418587467898e-02 2.029224558907264178e-02 -9.174038646045163574e-04 1.136331274783119408e-03 1.786916609310678240e-03 2.137694658283941992e-02 3.781051825276528222e-02 3.874819944357118379e-02 5.941993614675547541e-02 5.095552490586567618e-03 1.123773741067596831e-02 2.896298954993791960e-02 5.531322633421436458e-02 6.245504649039715361e-02 5.322214402041140768e-02 4.633871732539066729e-02 3.204674168354550157e-02 1.271406521964712003e-02 4.748914127023157877e-02 5.226143121784045803e-02 2.586241691689412231e-02 2.802880855046208097e-02 1.488773894491240632e-02 3.048020614800727932e-02 2.194688241343328849e-02 3.550143107189499686e-02 2.159317474692462602e-02 5.569668453772742313e-03 1.597733107728106783e-02 -1.079491695773907717e-02 2.007000621838886736e-02 8.768268058894279279e-03 5.116722335262173689e-03 1.622234820790428161e-02 1.265661617240410389e-02 8.692113256548590974e-03 7.144662006723497168e-03 6.983846798749013263e-03 1.085819116390738213e-03 1.596326848761712297e-02 1.135753132508271132e-02 1.714707203043523698e-02 3.529818992678748334e-03 1.324132454638741324e-02 6.918118206736179401e-03 8.199140821595301068e-03 1.665408608239636948e-02 1.082564774090894518e-03 8.564969731890879900e-03 1.340193331039866292e-02 6.635709202691630025e-03 9.104520885004616093e-03 7.304692729692744378e-03 1.347611674749159272e-02 2.077623968470014570e-02 9.073349058263298350e-03 1.478970813330383362e-02 1.120769557884402669e-02 1.301801067553516079e-02 1.068470465726681362e-03 7.539382562938829954e-03 1.542690450893504511e-02 1.564457622587213728e-02 2.369841129916223921e-02 1.391330256071849833e-02 1.560879980968887110e-02 1.715947669917716745e-02 2.287402654245923248e-02 1.099638187373622351e-02 2.199196435623416643e-02 1.152118997493233737e-02 1.370113137155732838e-02 1.559490138055060274e-02 1.371850080590068452e-02 4.605294480632926048e-03 1.344518883546120744e-02 1.349444019866852251e-02 -3.196794982218789140e-04 7.348121201032234255e-03 7.612289714308286513e-03 -1.886918694056560503e-03 1.711980106699650950e-03 2.935613657798125976e-03 1.548640762480949472e-03 1.074769179427809791e-03 3.966396815833364911e-03 -2.792177724296368395e-03 1.731677926405132684e-02 6.469852198232559114e-05 4.342151008072427966e-03 1.460631561419405318e-03 3.607262648514178958e-03 3.093345761631800979e-03 4.496834383941647039e-04 7.584347893699493713e-03 2.871597930908605014e-03 5.174827129168162176e-03 5.712774891494517421e-03 5.488656232892353583e-03 1.786439447908342486e-03 -1.407797930867396964e-03 8.132335719600038496e-03 -1.061584161567068717e-03 1.067233903851914044e-02 1.057091035830815678e-02 7.575557509603663212e-03
9.393960712417409598e-02 1.000000000000000000e+00 9.215794230215932498e-03 3.041168064484603417e-02 5.986244598861069355e-02 8.091357566353482578e-02 9.212576931487535814e-02 7.611634061049056543e-02 1.357048976197174073e-01 1.893120315157020839e-01 8.132437528486212430e-02 9.045628339016240083e-02 7.308472451814973514e-02 1.242655736718840664e-01 1.208149921715444414e-01 9.273311167949846445e-02 1.103565138726690514e-01 1.498453809415670468e-01 1.344292827009372915e-01 9.079188412951269549e-02 3.837299427175996924e-02 9.863823233361018739e-02 1.614581613308126995e-01 1.683718378125828308e-01 1.497297333046568313e-01 1.563339868338930183e-01 1.315938918602732599e-01 1.590579127659238201e-01 1.648146972661026499e-01 1.586924505703462551e-01 1.423613817775733204e-01 1.550603658470843249e-01 1.452258181253671954e-01 1.370022912778877111e-01 1.499914227342730166e-01 9.325174910531665307e-02 1.394088399933003652e-01 1.348414956086569361e-01 1.241291807054764051e-01 1.192087774502992303e-01 1.466024204881276050e-01 1.316647137610883755e-01 1.164142588772434650e-01 1.281342065175922751e-01 1.365601591965644734e-01 1.346347467233686146e-01 1.360795213554256700e-01 1.421427318628340486e-01 1.301383800970782323e-01 1.079849146305078972e-01 1.184358647036935913e-01 8.611987195026625519e-02 1.051742483155143765e-01 1.448294066334217534e-01 1.310236445521182902e-01 1.425814831488166901e-01 1.135549073712676521e-01 1.291994017869482203e-01 1.350579269638332858e-01 1.353481887938690897e-01 1.247418386918628386e-01 1.309503881793391000e-01 1.259629227009826380e-01 1.249947368004814957e-01 1.090195409578704339e-01 1.255866625927348212e-01 1.355137612257109880e-01 1.487316597647627137e-01 1.519059434935050579e-01 1.247881489866056320e-01 1.181104187419619034e-01 1.359984056969442412e-01 1.513064025335131846e-01 1.477301405789828992e-01 1.480796721754123468e-01 1.472675167233302995e-01 1.532914250756501062e-01 1.509143601601753981e-01 1.466225351851673797e-01 1.513699674739697465e-01 1.428131298231582191e-01 1.401447955564144865e-01 1.296586233381099851e-01 1.531686714703036079e-01 1.256665370533572024e-01 1.407291084621294097e-01 1.305671561263118952e-01 1.377641398242898108e-01 1.341011652286069056e-01 1.376941641903867142e-01 1.421412136135612458e-01 1.382079009823906635e-01 1.367926590424409783e-01 1.383466301129657461e-01 1.335307845733750554e-01 1.372437268460054982e-01 1.071736496656227472e-01 1.098177856113669582e-01 1.237838825699684037e-01 1.222993648050967747e-01 1.237282533013700225e-01 1.228974622774560987e-01 1.235563755573672873e-01 1.215717123746204442e-01 1.190946078495863647e-01 1.191061416529162476e-01 1.306630137518892676e-01 1.410819398463297458e-01 1.372229396738041396e-01 1.320784532818022328e-01 1.327227063338708435e-01 1.346417685036111755e-01 1.308508331244816192e-01 1.240043123552766469e-01 1.227516400152565967e-01 1.294658429523291299e-01
4.195334692835630402e-02 9.215794230215932498e-03 1.000000000000000000e+00 2.057928427023215934e-01 1.230121426374478355e-01 9.848026585733213323e-02 1.882063516268202286e-01 1.866776073969506067e-01 2.185169844206872602e-01 2.302095852908973839e-01 2.352832210753006414e-01 2.442313199057108697e-01 2.416385684632639252e-01 2.427276412655958726e-01 2.603555508603183077e-01 2.507595130262050831e-01 2.450452519356023096e-01 2.477865690881410621e-01 2.794784391456510142e-01 2.381295593068790128e-01 2.243134584443325363e-01 2.598918150459749166e-01 2.795417271063241338e-01 2.814257388981186159e-01 2.830175143648674951e-01 2.731162733875936444e-01 2.690804788753937138e-01 2.825541933834858632e-01 2.777106649428043306e-01 2.789325108332128544e-01 2.812617856320988596e-01 2.818348243449489976e-01 2.580099967738531674e-01 2.770023657450680354e-01 2.632284601126319012e-01 2.653612747879380285e-01 2.769228427477036236e-01 2.681183083504697362e-01 2.673151628582047801e-01 2.695730717795901676e-01 2.741026738804870355e-01 2.725370971411061882e-01 2.662297328302924426e-01 2.638430285013805832e-01 2.762872488640188418e-01 2.622555286443322142e-01 2.699460649426472236e-01 2.677399774209947569e-01 2.673309439332070547e-01 2.649943656335560505e-01 2.670098863865155159e-01 2.721284119886409614e-01 2.592556396093368409e-01 2.592359049066446097e-01 2.588241427596806865e-01 2.697021779239515693e-01 2.611745772046157876e-01 2.625508423726585772e-01 2.623547348702718884e-01 2.601187271491817166e-01 2.693758299636508369e-01 2.557386554903061104e-01 2.610898202576220628e-01 2.637071120871868901e-01 2.576618556929813342e-01 2.599505893133022272e-01 2.702747483048640875e-01 2.759601592789572844e-01 2.782069339568353228e-01 2.696655175233383939e-01 2.676104626602032743e-01 2.763011707131077799e-01 2.793217988430322651e-01 2.847136621662890166e-01 2.727598608514041900e-01 2.714963467266849340e-01 2.766756869068360269e-01 2.757329404931126438e-01 2.788522689230285567e-01 2.747529694864374594e-01 2.799514499427870340e-01 2.791588180212619119e-01 2.701378019569561917e-01 2.707253133509788801e-01 2.781307345188602786e-01 2.786963139552611213e-01 2.764115164073232545e-01 2.733564903615060548e-01 2.729154790314284318e-01 2.707628880279671635e-01 2.742687769800838948e-01 2.748529780488234153e-01 2.723180545565029864e-01 2.711881221127481756e-01 2.679085609224191589e-01 2.701500511271869298e-01 2.701748611103515496e-01 2.621871255320638583e-01 2.682123668044399389e-01 2.705148227092784019e-01 2.684479014869642910e-01 2.657911613020780273e-01 2.731910867181855940e-01 2.690499296950989438e-01 2.756474393319029992e-01 2.617379880550121385e-01 2.688849467121942616e-01 2.666778160970277867e-01 2.668949739255352394e-01 2.693602585339243682e-01 2.655741950471772750e-01 2.665861288796014805e-01 2.650911918378856535e-01 2.655626681229765196e-01 2.678782304588106511e-01 2.654330287592505111e-01
3.404648847094707276e-02 3.041168064484603417e-02 2.057928427023215934e-01 1.000000000000000000e+00 2.453413064133543875e-01 2.501472747007563724e-01 4.306180228607152660e-01 4.195395487403548729e-01 4.420729586135979661e-01 3.889659902268407521e-01 4.359391672813170970e-01 4.989495473601007203e-01 4.070629400779570140e-01 4.328164649573926770e-01 5.086178079422711829e-01 4.998846134940901353e-01 4.603517251081260531e-01 4.916972124832245661e-01 4.563486494088211942e-01 4.784259499112952230e-01 5.218691757288198563e-01 4.816008847670987802e-01 4.530953609188570486e-01 4.498812379633727043e-01 4.346888385195520343e-01 4.953567454220094146e-01 4.770667558454171897e-01 4.805524335648046486e-01 4.787639840712256123e-01 4.980509655817250692e-01 5.150953347263671489e-01 5.208484864767846112e-01 4.864534145144058797e-01 5.098692334011678540e-01 4.926857945756709101e-01 5.007732519150247530e-01 4.999618656743989864e-01 5.028561751512391487e-01 5.172079869437522515e-01 4.990525907672773154e-01 4.989068810510218777e-01 5.052893933113138392e-01 5.120485676340004177e-01 5.196038935153264315e-01 5.082102354263171584e-01 4.977914416379982110e-01 5.103522372024943410e-01 5.021106013779843558e-01 5.061709414445718647e-01 5.150358416963890518e-01 5.203290359581286273e-01 5.165339640714847746e-01 5.106261658325829123e-01 5.022510734251171005e-01 5.045799064359411945e-01 5.050042470103123238e-01 5.157658578783443915e-01 5.123393230840760371e-01 5.152330423564718265e-01 5.095041687072277004e-01 5.179620892934613252e-01 5.116577219005994381e-01 5.081540655940923745e-01 5.100815455886277272e-01 5.174961771716888315e-01 5.086037617067008521e-01 5.066897428522545432e-01 5.060633928500236633e-01 5.089409511551246101e-01 5.226126522135529084e-01 5.225517911194790255e-01 5.036910195669492829e-01 5.063927855324763527e-01 5.048113706008778845e-01 5.100629950831120363e-01 5.103253470815291015e-01 5.007862164385185055e-01 5.024655724665501033e-01 5.014028837073938316e-01 5.053166136342301940e-01 5.055182959471490323e-01 5.149823252289053022e-01 5.117519343595507975e-01 4.972929475523261145e-01 5.151438382393895843e-01 5.122760063116383877e-01 5.082193301752601089e-01 5.103487875660875916e-01 5.113341455070576913e-01 5.118936537377367646e-01 5.046519414867367548e-01 5.099664073135151687e-01 5.073453388805034825e-01 5.082514572889248461e-01 5.085121180706714261e-01 5.087392299136535012e-01 5.154410236364230791e-01 5.145699451344329933e-01 5.159612520889744758e-01 5.186232035925567585e-01 5.125377670382511575e-01 5.190254461636312211e-01 5.089118288032457027e-01 5.202527465645360172e-01 5.176227235904982127e-01 5.146275514274731844e-01 5.110088356917710239e-01 5.050192228367453851e-01 5.091783981975720463e-01 5.149605477052356939e-01 5.112956228394703873e-01 5.095606024745349405e-01 5.118155879516190776e-01 5.100176653507413338e-01 5.127458661274751917e-01 5.089221078082899474e-01
1.803184085513111212e-02 5.986244598861069355e-02 1.230121426374478355e-01 2.453413064133543875e-01 1.000000000000000000e+00 2.158361110058922561e-01 3.668796325062819719e-01 3.523947394766995811e-01 3.466698480534874949e-01 3.273037145423563499e-01 3.363024525857264968e-01 3.911542403556647618e-01 3.831402856748820640e-01 3.418344468751267629e-01 4.095603187995773831e-01 4.077064270660396561e-01 3.476508500772593213e-01 3.900011261538836593e-01 3.726075834953869181e-01 3.763516908660914373e-01 3.863539568948453073e-01 3.788069823319067941e-01 3.752406673927564662e-01 3.750429730070864998e-01 3.775059308318283735e-01 4.004123892863639123e-01 3.906271267723337992e-01 3.933564727929883542e-01 3.974859572640909167e-01 4.027814080698094990e-01 4.130339290936073660e-01 4.024950790587626392e-01 3.782185809689864175e-01 3.985347279781918384e-01 4.032396954853069704e-01 4.113380222360295546e-01 4.144067964288955519e-01 3.938772021224886122e-01 4.087871508204492521e-01 3.915770349567067599e-01 4.014403641738355510e-01 3.995462262141010745e-01 4.170731753908570871e-01 4.140230192534039011e-01 4.147842152163702667e-01 4.033761808603935628e-01 4.054287673122735636e-01 3.991678850244370635e-01 3.984512484546932076e-01 3.952909765662870889e-01 4.053430686882115719e-01 3.974639851124042722e-01 4.048690682537635088e-01 3.989401271686153216e-01 3.962307304930740015e-01 4.030444911486931181e-01 3.965231238833379357e-01 4.035618718349552880e-01 3.882513292002598981e-01 4.090697306976455727e-01 4.108360362713210923e-01 3.999642724042029585e-01 4.016359368259296847e-01 4.052264666656491543e-01 4.048525488781762327e-01 4.048453390613396263e-01 4.001463694126150550e-01 4.042572690084615394e-01 4.064278894687170518e-01 4.182832248873645797e-01 4.134187946653798962e-01 4.079090109430172917e-01 4.067145980291100860e-01 4.096317367776383667e-01 4.129494395813044783e-01 4.049627394652151602e-01 4.017487362911759119e-01 4.073213994686349371e-01 4.103693774534925010e-01 4.033838876574232790e-01 4.055076296554046555e-01 4.067594486319688896e-01 4.096601822110594315e-01 4.025996072993878738e-01 4.090950175452420234e-01 4.076492090160739878e-01 4.090460416154844681e-01 4.050290766312449886e-01 4.080875451654744634e-01 4.086140653111717258e-01 4.067040625622864169e-01 4.043199307936388154e-01 4.041634993207141036e-01 4.064631375452351092e-01 4.021718178130709309e-01 4.024682214821818649e-01 4.105802917997609103e-01 4.040099911580449232e-01 4.034590501640870630e-01 4.049510091709447868e-01 4.111758186804560511e-01 4.038550404712735742e-01 3.989363462952053019e-01 4.105547270124630388e-01 4.074678178285641161e-01 4.017915701560706432e-01 4.043815927362569007e-01 4.033460240945512254e-01 4.024052757427056259e-01 4.063726207632289422e-01 3.990516801508782740e-01 4.058721590902330534e-01 4.030567094132995187e-01 4.079671809401253513e-01 4.030096709089395213e-01 3.989419033718422103e-01
3.786488685454631603e-02 8.091357566353482578e-02 9.848026585733213323e-02 2.501472747007563724e-01 2.158361110058922561e-01 1.000000000000000000e+00 3.997672860159183217e-01 3.521232879057988874e-01 4.172073838366171517e-01 3.794441860682810641e-01 3.890557023866328956e-01 4.410137738382887695e-01 3.984491176274307933e-01 4.103187801123240885e-01 4.763509584219688398e-01 4.475226133991538346e-01 4.149123875623286772e-01 4.336595460453822604e-01 4.112827959009453527e-01 3.739913209877597233e-01 3.956112275203456652e-01 4.238266626889876099e-01 4.329946104221392700e-01 4.119947341516393968e-01 4.124142303455715086e-01 4.561613800078504477e-01 4.408466135121714147e-01 4.575369130446324539e-01 4.631082667414193055e-01 4.633883376424833833e-01 4.754720032106145022e-01 4.717006874487693069e-01 4.403733542529309486e-01 4.565486969212872448e-01 4.547965172535604617e-01 4.505319503008000104e-01 4.746580819113687122e-01 4.723226208270625559e-01 4.707668069153590484e-01 4.557386238290248581e-01 4.745130947613658279e-01 4.708667469915421289e-01 4.735731632543703218e-01 4.740790550244963764e-01 4.732925337028609514e-01 4.728618977237972199e-01 4.788044005640774148e-01 4.753650382275606545e-01 4.747282563357168028e-01 4.627887968316140577e-01 4.707276007390402972e-01 4.425689940453065852e-01 4.500493228724707362e-01 4.769480026604367429e-01 4.796473026542365514e-01 4.791078944099142478e-01 4.703569717304620923e-01 4.718971749485941780e-01 4.768952806703588565e-01 4.740280910967338279e-01 4.783983772171902515e-01 4.760879059314626627e-01 4.730282051228957285e-01 4.754751661086382142e-01 4.708186875954951112e-01 4.736976400059990100e-01 4.803477224690644865e-01 4.779734786084587905e-01 4.772952821269547119e-01 4.733755903362823481e-01 4.752072148387026518e-01 4.777329330164858945e-01 4.696284095599086994e-01 4.752530549138095917e-01 4.826353124060661637e-01 4.832902319838736638e-01 4.751546507357504168e-01 4.788870541943065495e-01 4.822662240318179028e-01 4.794348666564992589e-01 4.784173090211304435e-01 4.819274947312141011e-01 4.785409600003443509e-01 4.787580719354617709e-01 4.760100353326744971e-01 4.803542245278356049e-01 4.806356913392684227e-01 4.805574349573188964e-01 4.844450943338591276e-01 4.774884382849332587e-01 4.769578044115502236e-01 4.793946192907825865e-01 4.784611115030629191e-01 4.820466126215849911e-01 4.807557264120496110e-01 4.802748414415910494e-01 4.763203829521032717e-01 4.753561398368535418e-01 4.845096509320458433e-01 4.809884206536198525e-01 4.761396832812630486e-01 4.781808067969632869e-01 4.690206653311566609e-01 4.803891277252764214e-01 4.759515075461676625e-01 4.766172793163884203e-01 4.819531981611941407e-01 4.826542335256773786e-01 4.822720952649622861e-01 4.798466739284226734e-01 4.800930877790036133e-01 4.818831224038925276e-01 4.802795477783414757e-01 4.824444155416205415e-01 4.790294588062379288e-01 4.755394673984745246e-01
-4.081870221166521324e-03 9.212576931487535814e-02 1.882063516268202286e-01 4.306180228607152660e-01 3.668796325062819719e-01 3.997672860159183217e-01 1.000000000000000000e+00 5.818310376536335315e-01 6.364922107639678917e-01 5.908783566128045228e-01 6.141813849908251965e-01 7.026162707293411858e-01 6.296555649040072034e-01 6.291522858322959877e-01 7.701955436307016400e-01 7.159901335911390552e-01 6.442222594153702575e-01 6.575488730981937646e-01 6.545157019170446677e-01 6.282651445465022855e-01 6.639055432997507111e-01 6.666991423447150567e-01 6.736682589693380185e-01 6.411551492415288322e-01 6.325842542676942681e-01 7.102838950938081819e-01 6.887310294074798778e-01 7.139828628409392586e-01 6.869675900722931328e-01 7.140890715924910204e-01 7.362850537949423568e-01 7.406761894933694412e-01 6.881159113166646080e-01 7.299300317421548723e-01 7.067366133543753204e-01 7.024123222392121280e-01 7.287984824509258219e-01 7.374796241087409054e-01 7.406865242699657292e-01 7.261131091001478133e-01 7.424116082936951244e-01 7.453320956331394020e-01 7.487559516154312922e-01 7.501906181011004371e-01 7.413071544134879343e-01 7.419298387051997956e-01 7.442960819359460967e-01 7.415610316287297721e-01 7.419314488216347536e-01 7.254533151848859829e-01 7.436690179122574795e-01 7.128822724064947103e-01 7.349645364256286451e-01 7.351487123039505134e-01 7.372026539579455973e-01 7.387732924996672779e-01 7.287087195123301830e-01 7.501157234686305353e-01 7.410294850401824007e-01 7.411313979200542246e-01 7.468015428420159418e-01 7.390649359335780266e-01 7.387427043709354768e-01 7.315557443645257507e-01 7.270529140377647304e-01 7.402337393022302425e-01 7.476419557835112251e-01 7.427648989377823030e-01 7.456743307350518490e-01 7.546106999846229346e-01 7.466785998474606556e-01 7.391003519068511940e-01 7.440053131143075094e-01 7.373246616600031000e-01 7.444502557660801489e-01 7.415198007986322226e-01 7.398364631495478738e-01 7.353547818690742144e-01 7.430489600082402779e-01 7.381649601424119522e-01 7.380671739181181579e-01 7.462465961859385821e-01 7.470659070606072705e-01 7.358126885660319916e-01 7.450215844064048687e-01 7.510770133832028739e-01 7.462544677318867503e-01 7.523958826359516960e-01 7.477795735913268516e-01 7.518440547321605383e-01 7.462604409797700677e-01 7.512024364172518176e-01 7.471739346024690587e-01 7.523848782407351887e-01 7.506589265794845200e-01 7.475751251660793795e-01 7.479439904160538610e-01 7.288059962907637024e-01 7.501479933043976311e-01 7.499246995836582608e-01 7.535276251314115825e-01 7.492411319336720332e-01 7.394538571250635073e-01 7.524198725780251173e-01 7.481579989595497082e-01 7.426326426148552873e-01 7.456596481180459701e-01 7.461007974258748732e-01 7.470072453469087659e-01 7.521249743466614790e-01 7.519087084639526353e-01 7.481194122166995308e-01 7.505810169718470926e-01 7.433878853927320396e-01 7.422615251476873954e-01 7.407418921217040486e-01
1.050354839228375380e-02 7.611634061049056543e-02 1.866776073969506067e-01 4.195395487403548729e-01 3.523947394766995811e-01 3.521232879057988874e-01 5.818310376536335315e-01 1.000000000000000000e+00 6.020881916057190253e-01 5.204583908973161588e-01 5.888184959974039900e-01 6.648093450951021444e-01 6.053278984290165754e-01 5.978595433400681891e-01 7.000365019540650824e-01 6.951174573525861211e-01 6.303021239559940536e-01 6.435210133221749285e-01 6.193478652422295117e-01 6.108190258932605365e-01 6.180198869787002502e-01 6.400815691568135790e-01 6.279768617132871489e-01 5.956354979787098491e-01 6.047399848209512596e-01 6.720239512940138216e-01 6.586536359803807361e-01 6.655053455308183041e-01 6.563820928074781680e-01 6.813906603080849278e-01 6.985670528941175794e-01 7.006433422858509008e-01 6.603800055190887086e-01 6.946866170968561960e-01 6.801652330275451686e-01 6.867231782799541051e-01 6.939451539277441405e-01 6.985336325700585158e-01 7.091652280607966263e-01 6.791389703849626258e-01 6.971062025147578556e-01 7.044404397736511170e-01 7.094738361368982948e-01 7.149412408748216929e-01 7.000455737178601368e-01 7.060776590811040920e-01 7.078628898897735278e-01 7.031017377819637204e-01 7.093907870600623111e-01 7.027167126627510418e-01 7.156742993007692011e-01 6.871463052113498948e-01 6.936297659767610702e-01 6.995929663132496312e-01 7.025314718149833215e-01 7.023784493438082199e-01 7.070724678191352419e-01 7.097384404440713057e-01 7.099773448753763372e-01 7.072910219951741295e-01 7.140943986279896238e-01 7.054615449596955967e-01 7.066242760768249864e-01 7.057489427900213164e-01 7.118780820775015838e-01 7.050812756452968788e-01 7.076421356255692130e-01 7.070869536259869470e-01 7.090243532628568435e-01 7.227149833161879977e-01 7.131480514442710694e-01 7.061945743563573519e-01 6.994646164022209067e-01 7.021262345900698421e-01 7.076484969636673839e-01 7.038733148259710415e-01 6.965861636985029026e-01 6.985042068564183415e-01 6.983425834953876921e-01 7.037817236152652534e-01 7.045873901940186146e-01 7.084226465483548507e-01 7.109453431742965845e-01 7.020848462964133230e-01 7.156509010157137141e-01 7.157497050376091519e-01 7.116662733829370868e-01 7.136167874474540485e-01 7.162794769017407637e-01 7.089334092143856347e-01 7.023679460532957775e-01 7.121524398529879285e-01 7.113059934001452200e-01 7.127169180974562979e-01 7.126931110366673261e-01 7.130170264023917293e-01 7.184750783463357271e-01 7.115917552818479264e-01 7.174522269973298005e-01 7.188008588732103243e-01 7.176059327249437736e-01 7.184031289315967461e-01 7.084365246584458653e-01 7.212359701744498475e-01 7.177448645616932854e-01 7.129660498857696149e-01 7.144313897602898589e-01 7.092920138713567635e-01 7.109075112844563948e-01 7.139727865497903503e-01 7.136520493400858589e-01 7.128834096685113808e-01 7.150067907761848973e-01 7.178417634808210712e-01 7.134977688294094067e-01 7.099092412994102430e-01
6.882654829221232506e-02 1.357048976197174073e-01 2.185169844206872602e-01 4.420729586135979661e-01 3.466698480534874949e-01 4.172073838366171517e-01 6.364922107639678917e-01 6.020881916057190253e-01 1.000000000000000000e+00 6.801321390249086551e-01 6.962888314483506313e-01 7.744587400364785212e-01 6.721725695179571192e-01 7.112900915107445154e-01 8.093693915902894220e-01 7.958379175499419311e-01 7.566709439246370739e-01 7.451195198866796821e-01 7.418819256978718135e-01 6.418599877256605524e-01 6.624519360259114586e-01 7.377018134487070000e-01 7.631391824550881609e-01 7.255975697091721077e-01 7.412145195978129264e-01 8.211647746998221864e-01 8.007304190726144411e-01 8.123476258823778551e-01 8.090249489267224980e-01 8.303483154244398756e-01 8.400897088410308466e-01 8.306949151998592740e-01 7.883341723220481656e-01 8.097155285253136991e-01 8.147367435806777136e-01 7.926869018204708572e-01 8.284788686042278139e-01 8.231639212829763297e-01 8.337504690938738472e-01 7.927494993013597391e-01 8.371548274185606209e-01 8.364484495788272467e-01 8.326478351349901885e-01 8.407965210935121059e-01 8.348662682361449594e-01 8.372293294241904826e-01 8.487680032625167792e-01 8.531674173743980516e-01 8.481845510813698086e-01 8.179604182667176149e-01 8.405084711191468383e-01 7.961188823995904995e-01 8.216665295907003008e-01 8.458547088704450045e-01 8.387689575375600892e-01 8.453236799592953599e-01 8.353173116918456431e-01 8.441015479940527921e-01 8.378831803468639317e-01 8.509217678215751368e-01 8.487105524927498479e-01 8.432381660309486993e-01 8.388121964376558104e-01 8.482878755340372834e-01 8.392177650486577489e-01 8.383522397760712064e-01 8.499963189676684738e-01 8.510707309018217259e-01 8.500414880862109390e-01 8.378721390427149585e-01 8.397187894939371899e-01 8.486945953440933055e-01 8.373547758102652949e-01 8.433495194711375653e-01 8.544990789749210558e-01 8.515164031686988100e-01 8.489790573124554873e-01 8.485216607225926078e-01 8.491790994186756425e-01 8.565232273068630331e-01 8.532629529844902860e-01 8.569534999307856227e-01 8.436280989333846403e-01 8.543122620313594595e-01 8.423550936917562071e-01 8.482888745437647815e-01 8.489917386025638280e-01 8.499778897363561292e-01 8.519256621333587409e-01 8.505911777864432199e-01 8.408968692615380602e-01 8.504788297593519619e-01 8.505247661731090147e-01 8.513492841366216979e-01 8.547005294322024271e-01 8.552342436675872683e-01 8.354372290190598127e-01 8.393342748818275467e-01 8.477844698723087102e-01 8.446960712345872313e-01 8.507433191114724957e-01 8.488549713051892764e-01 8.451798890371408080e-01 8.514999189230004761e-01 8.479561000228557077e-01 8.433648288363236878e-01 8.526549311832322120e-01 8.555353239366723095e-01 8.530994122745585440e-01 8.543387012591023844e-01 8.469832812859999782e-01 8.542779029575646721e-01 8.515045840571763280e-01 8.510680382523222454e-01 8.509299450452110225e-01 8.481563595763143004e-01
3.125792655216518001e-02 1.893120315157020839e-01 2.302095852908973839e-01 3.889659902268407521e-01 3.273037145423563499e-01 3.794441860682810641e-01 5.908783566128045228e-01 5.204583908973161588e-01 6.801321390249086551e-01 1.000000000000000000e+00 6.125010610857281046e-01 6.896033912504999641e-01 6.210376409673145082e-01 6.487632915448152682e-01 7.287931271925176535e-01 7.036684938700741299e-01 6.625722202896746627e-01 6.817428431423028234e-01 6.797505368434002548e-01 5.650485224837952236e-01 5.809104501766285678e-01 6.700645552586631526e-01 7.133222576566780049e-01 6.799930792397755885e-01 6.973379182158452316e-01 7.501677598357182619e-01 7.254942845586693778e-01 7.590835256489441019e-01 7.475181153232234310e-01 7.540355647557460683e-01 7.628861842568704921e-01 7.584683278527716288e-01 7.166867085647534719e-01 7.348759972885893221e-01 7.329014075230332326e-01 6.979835696893706976e-01 7.569022635101108065e-01 7.579758532315202801e-01 7.480615127243781526e-01 7.309425437414105442e-01 7.667747343548125816e-01 7.616249971447306422e-01 7.467624156214294207e-01 7.549014335309200963e-01 7.616310940451578304e-01 7.567782041629509404e-01 7.622551927042505726e-01 7.662509213828293531e-01 7.601619857732652141e-01 7.232602654973662171e-01 7.530878896942788669e-01 7.028089619222125384e-01 7.285793769113336760e-01 7.616196368763630264e-01 7.546876887589517580e-01 7.700532087043283624e-01 7.323015328776358857e-01 7.565100730527328787e-01 7.542695288854709412e-01 7.573884678453227659e-01 7.517672314779125786e-01 7.497776449103475960e-01 7.522076261034827960e-01 7.489896880234065968e-01 7.382582052081565482e-01 7.419487615231743494e-01 7.666334518297740486e-01 7.687175683737330623e-01 7.655635825880136025e-01 7.428203603841019298e-01 7.513524838947676088e-01 7.689219646484244386e-01 7.557122112287556481e-01 7.678802521951055837e-01 7.711247936607121822e-01 7.721496133456586808e-01 7.742741307168838905e-01 7.746947203654207526e-01 7.736916486616850497e-01 7.723084201674103033e-01 7.697908925015851667e-01 7.712940271779984425e-01 7.632505131978953861e-01 7.684664014906366081e-01 7.556465984903525390e-01 7.620111121081336591e-01 7.652948948607508628e-01 7.694580763175161708e-01 7.649631856606181612e-01 7.685402134201892999e-01 7.680230105674624719e-01 7.715494054231293308e-01 7.670803231314949899e-01 7.706326347966928614e-01 7.699599569317828740e-01 7.680558700639226188e-01 7.467697283110263928e-01 7.423664004199287403e-01 7.597372517326467234e-01 7.614972672116085972e-01 7.606913944206673550e-01 7.584753497821369317e-01 7.527896613385718361e-01 7.598047083087609010e-01 7.560771821402888504e-01 7.454845463495557434e-01 7.631702457429867525e-01 7.709498146997515455e-01 7.685538534438068892e-01 7.661419138127562034e-01 7.666124993299668899e-01 7.649668204032979979e-01 7.627224083470532934e-01 7.597797485711573762e-01 7.594170515989996373e-01 7.573381246916429665e-01
3.216851418587467898e-02 8.132437528486212430e-02 2.352832210753006414e-01 4.359391672813170970e-01 3.363024525857264968e-01 3.890557023866328956e-01 6.141813849908251965e-01 5.888184959974039900e-01 6.962888314483506313e-01 6.125010610857281046e-01 1.000000000000000000e+00 7.550812723495861079e-01 6.399183568722758286e-01 6.704629026455306562e-01 7.674356276324140191e-01 7.531931378474820971e-01 7.118489208552513103e-01 7.272464087335828165e-01 7.147558956085552362e-01 6.358236241127367405e-01 6.642086049364374079e-01 7.151345661571986145e-01 7.254199242835295269e-01 6.985683880797235457e-01 7.083303482444336385e-01 7.694229361279750767e-01 7.455085263791959571e-01 7.642754466317551731e-01 7.618739171887204398e-01 7.798035752107440599e-01 7.971413171510315365e-01 7.888040901858511811e-01 7.503964277459097554e-01 7.776561368739336455e-01 7.595677705117149792e-01 7.655758842961777333e-01 7.847797109650309633e-01 7.909339883038061236e-01 7.879643825812084890e-01 7.668519546548628885e-01 7.870451709867540835e-01 7.840576433884758334e-01 7.895993035393562565e-01 7.926598010237621006e-01 7.922485331746516035e-01 7.882138168372913034e-01 7.894085708914077015e-01 7.885177473618297794e-01 7.895338181686445411e-01 7.834797299817045646e-01 8.010904020125960701e-01 7.628565623880257940e-01 7.760152259198903613e-01 7.863110543902294136e-01 7.846545101471945616e-01 7.948249920136792879e-01 7.875958744917483934e-01 7.862286972907688298e-01 7.903603240297706334e-01 7.873992847864629274e-01 7.921723543412204638e-01 7.877056751285190783e-01 7.878233855832019739e-01 7.925075687921590006e-01 7.808112272058601588e-01 7.842135210705241111e-01 7.925242541230472781e-01 7.936909993058480772e-01 7.931692911800291013e-01 7.892875516241223410e-01 7.916390563669757352e-01 7.922260060707949636e-01 7.845150633794395478e-01 7.930217020208798484e-01 7.953283184025248254e-01 7.896518876443863189e-01 7.867488243863202113e-01 7.935545449511055560e-01 7.891486660146619370e-01 7.957862137550393289e-01 7.948842877078496905e-01 7.987458301325809362e-01 7.960590139971633894e-01 7.915417351076525776e-01 7.933470632836390202e-01 7.958879426378395738e-01 7.974080493333618458e-01 7.939595680251516630e-01 7.967823262197576417e-01 7.973055033339423447e-01 7.935628042206287480e-01 7.943432618673644807e-01 7.937394612260018079e-01 7.949739749326582006e-01 7.936958202507389259e-01 7.936904775536406387e-01 7.921595376159695778e-01 7.850169273485163579e-01 7.948350460798080386e-01 7.950086747086889671e-01 7.972082223121198519e-01 7.945414621901524255e-01 7.861040882124817886e-01 7.962722700700759493e-01 7.963250272483523018e-01 7.918346799641954314e-01 7.932530423494803529e-01 7.921539371794017459e-01 7.949819412428046350e-01 7.937386773335548540e-01 7.924317409570886817e-01 7.915174446309144463e-01 7.926688896789957361e-01 7.940074955128263445e-01 7.906546415231247016e-01 7.876198161569569756e-01
2.029224558907264178e-02 9.045628339016240083e-02 2.442313199057108697e-01 4.989495473601007203e-01 3.911542403556647618e-01 4.410137738382887695e-01 7.026162707293411858e-01 6.648093450951021444e-01 7.744587400364785212e-01 6.896033912504999641e-01 7.550812723495861079e-01 1.000000000000000000e+00 7.390721010680597614e-01 7.621892245422726697e-01 8.728901929627682632e-01 8.461592118384203554e-01 7.900712251925308127e-01 8.009863037150309895e-01 7.919090987054893116e-01 7.219134366896927668e-01 7.742835608963150040e-01 8.087470861909051845e-01 7.981714907149887184e-01 7.668804429493875086e-01 7.808802337940756733e-01 8.602295269601512029e-01 8.443184817159787858e-01 8.622494141445679050e-01 8.524590760803066880e-01 8.726611022809287466e-01 8.958621799912505068e-01 8.833631632190902527e-01 8.376621968262919493e-01 8.694149288596877412e-01 8.619511763373928215e-01 8.473353380766319720e-01 8.780483884331605759e-01 8.859020453239270232e-01 8.855426586154448998e-01 8.607198491642874538e-01 8.878557787961336434e-01 8.907523230808639392e-01 8.915934514071011119e-01 8.991276305046523865e-01 8.889052155246573994e-01 8.865518879648260908e-01 8.990257888441097744e-01 8.960242875630674009e-01 8.971415004719809350e-01 8.867946851599429747e-01 9.027641517030949858e-01 8.687125877676874497e-01 8.792613518729200939e-01 8.930488869332778856e-01 8.937282865668472187e-01 8.969873664641433431e-01 8.902501898479607823e-01 8.938296995955909985e-01 8.962200361809455895e-01 8.976023701454473036e-01 9.020787576274245101e-01 8.935777413888170706e-01 8.926448216623731335e-01 8.947529320692100274e-01 8.889096105526649305e-01 8.920887025618868815e-01 9.006272166676757562e-01 8.960443592897922027e-01 8.957950338333264817e-01 8.974761143218207282e-01 9.013140866396022188e-01 8.978831525694453974e-01 8.838937426864353908e-01 8.910470974547698431e-01 9.014723333527959737e-01 8.958745197166975149e-01 8.949598184650817689e-01 8.981222434376386898e-01 8.949299256221208143e-01 8.989984549977522166e-01 9.003519093749954294e-01 9.049132007192589588e-01 8.981584762694857504e-01 8.956467309292082124e-01 8.994888541628401901e-01 8.999176842430398615e-01 9.009476194482732847e-01 9.017343965105580894e-01 9.029887628814525780e-01 8.998513648970917211e-01 8.972936962344448819e-01 9.033674561513934664e-01 9.004539208281433504e-01 9.023217199283257717e-01 9.032025703600925493e-01 9.031667949736551515e-01 8.990661743587825550e-01 8.962117517956526003e-01 9.037973917672653679e-01 9.033944070600761211e-01 9.024712680135327236e-01 9.027551901457325778e-01 8.959493929789248412e-01 9.054648275014122172e-01 9.043254269272223977e-01 8.981671016867285307e-01 9.035239868488587067e-01 9.017127240846944947e-01 9.021993483390120527e-01 9.043089797567314125e-01 9.012377762613184018e-01 9.032849763386977537e-01 9.026032931778916746e-01 9.018653077528561157e-01 9.006089953050696595e-01 8.994383272995758460e-01
-9.174038646045163574e-04 7.308472451814973514e-02 2.416385684632639252e-01 4.070629400779570140e-01 3.831402856748820640e-01 3.984491176274307933e-01 6.296555649040072034e-01 6.053278984290165754e-01 6.721725695179571192e-01 6.210376409673145082e-01 6.399183568722758286e-01 7.390721010680597614e-01 1.000000000000000000e+00 6.818693605795144164e-01 7.715036990144683582e-01 7.724146529871266376e-01 6.788703303760472707e-01 7.080002190509696591e-01 6.826119228779463644e-01 6.504726467606918305e-01 6.660957549686479240e-01 6.988915104592605676e-01 6.951493223010987155e-01 6.702631486871706290e-01 6.906066913100369353e-01 7.672836649285585953e-01 7.423971622075207222e-01 7.523359171426148295e-01 7.504761173603281543e-01 7.715959554136821996e-01 7.872967876525425179e-01 7.749826017635119690e-01 7.235636870550423705e-01 7.427919152431236016e-01 7.600611274644060167e-01 7.356620271023587287e-01 7.713879284737111819e-01 7.664415121798962005e-01 7.732284497739073670e-01 7.429103894778247286e-01 7.797105203094828463e-01 7.819232511537093089e-01 7.925642891447186589e-01 7.937245823826850621e-01 7.820015524397739837e-01 7.877239492974047463e-01 7.913914777630494113e-01 7.925762226513793918e-01 7.930183064775018220e-01 7.649938417130339730e-01 7.886237135007052590e-01 7.572283682092783019e-01 7.777883153154017126e-01 7.959199633955175157e-01 7.939434826092298669e-01 7.875221057942528580e-01 7.892883675395105936e-01 7.967116416810863244e-01 7.839085064757427279e-01 8.004029847701445988e-01 8.023977505191807191e-01 7.990392754839261702e-01 7.943261582402816323e-01 7.944776822300989583e-01 7.884953542054059517e-01 7.980361632925362381e-01 7.943469221560947036e-01 7.916933103801743199e-01 7.939428530886739610e-01 7.975034540206578093e-01 7.897768856716119723e-01 7.895055557121342105e-01 7.820686654389676917e-01 7.882853488819308030e-01 7.988677260850847173e-01 7.936331927663484720e-01 7.868937320062304730e-01 7.906801596198694826e-01 7.890364835565877311e-01 7.917985943538212723e-01 7.909997430885474801e-01 7.964303643621918338e-01 7.834935042469647337e-01 7.882225544742661461e-01 7.867814953784646459e-01 7.896284155848343200e-01 7.878372315126298542e-01 7.925570525534156863e-01 7.923820661219318495e-01 7.911296375993673857e-01 7.824490763601283927e-01 7.958475331222111260e-01 7.940948971337513651e-01 7.946210147511509891e-01 7.967232851799259663e-01 7.978699252422479793e-01 7.904901171276629279e-01 7.914582767322677626e-01 7.968603356129302373e-01 7.925270507526820385e-01 7.975221536993262195e-01 7.963144639921285739e-01 7.920128743184675635e-01 8.015441761876436200e-01 7.949555481749982500e-01 7.987706476598633865e-01 7.951777528689415453e-01 7.971413349259373060e-01 7.978399411439363043e-01 7.982876170376109748e-01 7.950921439560392212e-01 8.012603661298596247e-01 8.016478461349232365e-01 7.953662234377268936e-01 7.933368191351560794e-01 7.989513029657023813e-01
