1.000000000000000000e+00 1.114958088894245081e-01 6.747429385787162559e-02 5.906324852475449555e-02 3.774386847102733505e-02 2.131012663067958363e-02 3.826489315643596956e-02 2.990813568057137939e-02 7.778149413680518487e-02 2.431565967987908000e-02 2.939926331229464340e-02 1.846857391527170766e-02 2.724222364421679393e-02 4.481575043208779058e-02 1.463326848975460108e-02 2.997749004514761381e-02 5.471932212032902532e-02 6.377289191363161303e-02 6.976927899203276551e-02 5.807226256197081660e-02 5.592967181159786555e-02 5.628701900542649322e-02 9.382544703572698319e-02 4.932464299162041960e-02 4.863946019288856171e-02 6.695427400936848628e-02 4.943505362404749387e-02 4.879571036328491512e-02 7.280335593448451770e-02 6.828699370502519517e-02 4.926227079109297968e-02 3.935417224519406620e-02 3.488669274185941110e-02 3.561591180330304918e-02 4.716448136140263120e-02 1.465227478829672116e-02 1.774034505517069898e-02 2.559141772807093859e-02 2.178844281905907218e-02 9.692693994329806481e-03 2.538242980744463695e-02 1.573080296357335164e-02 -5.495572517778823073e-03 2.047126575589422459e-02 1.854000920674905156e-02 1.193604102770109629e-02 6.898567395210531382e-03 1.555534174634913037e-02 1.858506028229653037e-02 2.676044061976301167e-02 3.746124871475794288e-02 3.851982415995785364e-02 1.735534593963555111e-02 3.201392765733813289e-02 2.168976826793182766e-02 3.176907094155698857e-02 4.169984792081698338e-02 1.232366464785834316e-02 2.577481755289602605e-02 1.937431363497960080e-02 2.266855818426862304e-02 2.021052153322880698e-02 2.895988357160296511e-02 3.253414419060394330e-02 3.549378236376644208e-02 2.840815643391990733e-02 1.611271779819517178e-02 1.970698653678920609e-02 2.775009784733218493e-02 2.874385946131864308e-02 1.848832994011976455e-02 2.122319723341733674e-02 2.526762091689693443e-02 1.694152449459673804e-02 2.282652315789223188e-02 2.517551977490904008e-02 2.049002936498635005e-02 3.296643648038635049e-02 2.519738884085363437e-02 2.971562740891477844e-02 2.155888202844359267e-02 1.932795322902082502e-02 2.860218599925265157e-02 3.359127152041938708e-02 1.527215782357458328e-02 1.563468591100089511e-02 6.546595546463761066e-03 1.084006296834361290e-02 1.014720681545729086e-02 1.321664246872946043e-02 8.445810801399108309e-03 8.947843370799487064e-03 9.731847347431453465e-03 8.205574858427567078e-03 3.322349583356449133e-03 4.865057691275855023e-03 1.607733040474947778e-02 3.901127947395504475e-02 1.242197727100686350e-02 8.952702811415668913e-03 -1.014637911314069220e-03 1.533560704003964804e-02 1.338397723422046597e-02 8.970790378319680458e-03 1.547691603666239910e-02 2.764073213969974949e-02 2.124628015262257363e-02 8.995068090595038576e-03 7.226905122458817873e-03 5.150674247745298286e-03 9.661585035064220936e-03 1.149894824951856222e-02 9.969590081116461167e-03 2.080868027911953952e-02 2.495848794987487809e-02 1.843830457960414851e-02
1.114958088894245081e-01 1.000000000000000000e+00 1.238393937727294558e-01 1.748470939932633139e-01 1.144278011002774625e-01 1.233081949466469235e-01 2.055318893988462847e-01 1.465272945095467405e-01 1.879957100529255354e-01 1.696915871240185225e-01 1.638484922756512085e-01 1.749813836216551344e-01 1.788130102839686486e-01 1.649984500474393767e-01 1.805128504613098817e-01 1.694227149982681924e-01 1.838962784869602740e-01 1.736133189259413678e-01 1.825021179752452927e-01 1.567889731784296026e-01 1.624121572569347249e-01 1.794766048531623304e-01 1.875335204414231849e-01 1.494594613914551895e-01 1.602334591856487411e-01 2.083781973407246302e-01 1.849267008646438004e-01 1.876006194069617938e-01 1.901265336080186219e-01 1.916383754062453149e-01 1.912631876981658041e-01 1.889993234128122812e-01 1.937503892749109224e-01 1.772312122106694809e-01 1.913138359442187741e-01 1.667195511529465379e-01 1.786769549887031738e-01 1.853386870921050478e-01 1.777387280232774203e-01 1.804046330260594133e-01 1.947057382138231152e-01 1.761258692668945247e-01 1.550715461979407794e-01 1.770338486362987018e-01 1.765720576014749021e-01 1.698718008617742525e-01 1.739972564784247056e-01 1.772957284466982475e-01 1.811774331362639712e-01 1.858241604046171613e-01 1.882335708424740517e-01 1.728948576218570787e-01 1.769873309569984232e-01 1.877550972504910820e-01 1.776052831535650800e-01 1.872481893410003484e-01 1.816689905164276808e-01 1.773316827204158563e-01 1.797777159431988292e-01 1.784173113654282383e-01 1.750253284449551916e-01 1.767235165172291456e-01 1.811032406065353206e-01 1.845758162862375373e-01 1.768244164432348775e-01 1.804860343145581192e-01 1.758659997984723944e-01 1.746500329644717908e-01 1.867250430773003678e-01 1.771933815344871044e-01 1.730408649757463890e-01 1.799411297947158261e-01 1.738223765281230460e-01 1.743455434336832477e-01 1.858657107806359066e-01 1.840741888586172881e-01 1.854756494137022038e-01 1.836219649193696901e-01 1.907063051736739012e-01 1.811225036426646062e-01 1.850614281402024330e-01 1.824427770031642471e-01 1.821675149509088543e-01 1.885784265360747891e-01 1.779122543613757546e-01 1.780611066179238755e-01 1.775086777402859750e-01 1.833829533982536952e-01 1.808372361680529450e-01 1.764812358524881220e-01 1.844816022999990479e-01 1.816026103008260284e-01 1.801208604165529525e-01 1.772582426954266155e-01 1.737683766472081504e-01 1.745390326260021496e-01 1.769564958878488414e-01 1.751921621368065785e-01 1.748761733122735917e-01 1.786672459558581449e-01 1.701070023000382792e-01 1.712472583719064356e-01 1.754685034727219151e-01 1.723483047439494098e-01 1.750298924649711929e-01 1.739496704933692905e-01 1.795060830886583136e-01 1.756308743045796594e-01 1.743641723591445869e-01 1.741651846639475087e-01 1.766948498436538284e-01 1.741620848291562940e-01 1.714929595817893115e-01 1.781269270864153931e-01 1.803776312971003548e-01 1.768109037783246740e-01
6.747429385787162559e-02 1.238393937727294558e-01 1.000000000000000000e+00 3.856432962765841133e-01 2.362964461947758554e-01 2.439155600806740820e-01 3.596889890002295531e-01 3.392425261338375964e-01 3.616550864181843350e-01 3.525078311718587432e-01 3.808081622861350102e-01 3.987673954158548195e-01 3.527411286348033359e-01 3.466374095962624358e-01 3.941423543012447239e-01 3.925963637692633235e-01 3.670501739545939945e-01 4.098442632779918382e-01 3.981791248176362874e-01 3.844057726943615472e-01 4.107376808642189125e-01 4.062919809747795319e-01 4.463103697675074311e-01 3.981491570750525510e-01 4.064520881824035814e-01 4.143605195572485633e-01 4.028953737721724382e-01 4.234692292757412657e-01 4.172293507548031632e-01 4.342459965495418239e-01 4.286593375778016690e-01 4.180083415086960352e-01 4.142066527322310066e-01 4.085480434931851312e-01 4.221451825205264075e-01 3.874410935850601811e-01 4.047378757272711014e-01 4.082169965459935823e-01 4.071776761479349860e-01 3.900379894770646394e-01 4.053446366157722469e-01 3.893830040138662185e-01 3.851666010130808671e-01 3.997676584354107887e-01 3.982863685700110956e-01 4.021604189552149267e-01 3.857850240102278505e-01 3.925414227519807286e-01 3.966040402476384563e-01 4.008373149547229675e-01 4.057727959376264404e-01 3.858323036928806848e-01 3.855933227140348474e-01 3.999200325944173851e-01 3.953257766374251858e-01 4.129654261332498799e-01 4.014774849172238480e-01 3.827493293154132226e-01 3.963721449046384016e-01 3.890401397035663789e-01 4.005469519896664998e-01 3.926588276609387917e-01 3.956283103692444514e-01 3.994821066327467474e-01 3.959049150663628835e-01 3.960396699267914600e-01 3.913980607825950364e-01 4.111261349202225968e-01 4.214754630760643717e-01 4.138431616854985617e-01 4.034385853976278913e-01 4.045607085187560847e-01 4.153004614137771333e-01 4.094599934222982185e-01 4.054556927865594074e-01 4.076839705813681825e-01 4.087743448527192958e-01 4.130563244631843545e-01 4.108629190270495779e-01 4.168988983178394392e-01 4.134251396962707048e-01 4.061717260092446713e-01 4.067900821936764055e-01 4.186564709122129746e-01 4.102429637651112126e-01 4.087474233267439083e-01 3.993874772657395877e-01 4.069179057729911397e-01 3.997244914492668610e-01 4.048598652497120698e-01 4.042714899724753064e-01 3.960236318408502654e-01 3.997294520023875752e-01 3.966801111887330311e-01 3.886073458392590996e-01 3.898919937611901032e-01 3.979964114515014972e-01 4.030961027856875822e-01 3.963076090488833469e-01 3.944673946664715714e-01 3.870985592541144604e-01 3.952586198844123544e-01 3.907830174514495547e-01 3.931443338557363831e-01 4.001524714588116094e-01 3.968222273455516147e-01 4.008754880603341286e-01 3.917928168469385630e-01 3.984928362924244905e-01 3.902711253400231728e-01 3.966566380613330556e-01 3.916252919159924351e-01 3.929621559788319951e-01 3.971800049850468528e-01 3.966291055732373283e-01 3.943080930048418753e-01
5.906324852475449555e-02 1.748470939932633139e-01 3.856432962765841133e-01 1.000000000000000000e+00 3.862788403949445892e-01 4.137982451863031486e-01 5.981162939928246214e-01 5.497780972879769967e-01 5.704934592682970873e-01 5.405210416124215378e-01 5.870971241126780038e-01 6.292025063599576695e-01 5.823650083294958923e-01 5.755565837590259637e-01 6.254542268260817606e-01 6.327765294465990120e-01 5.955856203905235402e-01 6.109511265660033663e-01 5.862597963426071646e-01 6.299305498224765376e-01 5.930868752022880885e-01 5.922886249592823615e-01 6.283450715111408291e-01 5.663483857374702612e-01 5.733558082479485174e-01 6.403147092720097300e-01 6.158154926390002615e-01 6.333201333678198930e-01 6.194972030361579618e-01 6.381312466923965143e-01 6.472575446950333822e-01 6.398575559617295516e-01 6.170588653920273670e-01 6.257275950543672582e-01 6.305236402207241575e-01 6.172759846324475941e-01 6.238788213792583193e-01 6.270767781388362216e-01 6.344983882575239154e-01 6.191173113384077498e-01 6.351988990728282269e-01 6.203412998032812320e-01 6.248597333826660938e-01 6.257987485465861255e-01 6.283825854585455284e-01 6.271689972084156794e-01 6.185418225741182718e-01 6.242414708386667677e-01 6.300408435075232072e-01 6.276694369982606103e-01 6.327857895800571564e-01 6.351965656713547403e-01 6.213540444719819478e-01 6.358954235831733026e-01 6.364212101425141821e-01 6.418117544777143246e-01 6.455224995644479602e-01 6.131873335089190746e-01 6.230523817478568205e-01 6.158023276011929115e-01 6.384015199375031591e-01 6.274505143347487435e-01 6.409979342822722526e-01 6.350633274181320953e-01 6.245029678681423002e-01 6.336863177886423726e-01 6.223111030502489482e-01 6.299853827065799994e-01 6.419881857219819077e-01 6.512726347229194079e-01 6.252884389242535645e-01 6.260760501726586602e-01 6.298092406909149288e-01 6.258514262891461399e-01 6.370682725237177824e-01 6.292331823153092252e-01 6.302668700494559184e-01 6.295981672251409478e-01 6.358196117413102977e-01 6.404020432262951257e-01 6.391864994744905770e-01 6.346478849808793177e-01 6.343181051931253700e-01 6.414334206304774799e-01 6.463000008863144519e-01 6.342755992580640934e-01 6.272840500433465305e-01 6.413867856735816497e-01 6.337635039430573602e-01 6.369484941210227236e-01 6.318366687244653113e-01 6.302375875265071592e-01 6.325176900745055342e-01 6.322321002351494190e-01 6.243733950258941734e-01 6.250638428122945456e-01 6.479748040079955640e-01 6.540377954296051621e-01 6.443553317464481012e-01 6.359838559288056858e-01 6.312161217282125092e-01 6.439601857901698923e-01 6.317518163242855644e-01 6.309151813858880908e-01 6.397774616405265125e-01 6.451475730265302522e-01 6.398860067169596100e-01 6.247369543273391113e-01 6.359176718139668560e-01 6.248658774862680954e-01 6.355635257210529021e-01 6.303009761066056260e-01 6.362445262774745203e-01 6.416735156973837340e-01 6.313221576906763444e-01 6.360170771997437633e-01
3.774386847102733505e-02 1.144278011002774625e-01 2.362964461947758554e-01 3.862788403949445892e-01 1.000000000000000000e+00 3.349518839206179210e-01 4.611986631710292550e-01 4.571913540975839352e-01 4.626222133749849919e-01 4.290010707912238486e-01 4.539960733537208304e-01 4.960185480572603112e-01 4.875281810627775658e-01 4.670442979504752512e-01 5.220358598131930039e-01 5.120602412076646903e-01 4.744602497357865434e-01 4.548820954826739427e-01 4.597386763932911902e-01 4.578200325902322398e-01 4.362101622209871854e-01 4.631461189438655368e-01 4.568133488681614396e-01 4.255012805292249234e-01 4.420324935611122941e-01 4.855809409872238191e-01 4.895337236912811196e-01 4.877665254608091749e-01 4.798163699621950662e-01 4.747607597555418835e-01 5.087734442560171155e-01 4.961210456674202685e-01 4.634222551127266665e-01 4.844865131068117892e-01 4.672183668202955498e-01 4.803705586025673324e-01 5.047442557983680134e-01 4.947385354649730949e-01 5.021159849477865311e-01 4.947261037610573564e-01 5.134401269479758056e-01 5.123132542254168476e-01 5.093823352487348854e-01 5.247362496313623392e-01 5.147646500906910561e-01 5.091672583430892907e-01 5.191120667950799294e-01 5.207887473392740496e-01 5.160725324942903036e-01 4.952210971197818501e-01 5.067050332090824449e-01 5.179189235712251538e-01 5.233241459119034600e-01 5.194481959420205186e-01 5.130610211928597897e-01 5.083151596464231536e-01 5.120354210796944638e-01 5.171734320082612690e-01 5.089448102837755838e-01 5.227945825832672755e-01 5.211584671009260594e-01 5.194981442744606159e-01 5.185292209500956817e-01 5.128670179400177664e-01 5.193191751707911807e-01 5.196006840165372509e-01 5.187187852645770425e-01 5.168680209601321796e-01 5.184128954281542745e-01 5.265510945623880223e-01 5.156186876716756240e-01 5.155940374266941850e-01 5.088825651502161262e-01 5.109046149885684285e-01 5.213184282594665042e-01 5.192390605594713326e-01 5.147832351402017448e-01 5.095908732484526471e-01 5.219366434046254222e-01 5.137248894084889272e-01 5.185857544784188145e-01 5.203185097513758350e-01 5.200257741503034881e-01 5.131479700584734571e-01 5.174695094183566768e-01 5.153472629097678448e-01 5.176686513978489002e-01 5.205974873949610338e-01 5.191089452732704501e-01 5.202700520495920911e-01 5.203521298037592224e-01 5.246041178270784977e-01 5.189418572451398592e-01 5.210873862729720196e-01 5.196838364452418535e-01 5.211154956153252193e-01 5.202711424886290459e-01 5.253822773797240941e-01 5.287413294465708180e-01 5.229713099257782272e-01 5.236174537239395299e-01 5.231944952491690559e-01 5.272100161874233581e-01 5.265717404121196266e-01 5.242600583343386411e-01 5.247930188200886636e-01 5.239796792374206147e-01 5.213813165680679651e-01 5.205641447910803743e-01 5.230206947658406769e-01 5.215992602376143816e-01 5.233939416494608476e-01 5.222355109185780053e-01 5.242767302303485977e-01 5.226045238928130887e-01 5.272687623263199175e-01
2.131012663067958363e-02 1.233081949466469235e-01 2.439155600806740820e-01 4.137982451863031486e-01 3.349518839206179210e-01 1.000000000000000000e+00 5.446067078442783371e-01 5.073757638130748093e-01 5.136093820895705209e-01 4.991863688221945261e-01 5.271387023604964250e-01 5.776951270176181596e-01 5.341300960384292029e-01 5.365074008060704003e-01 5.871746531406905056e-01 5.771949778146935328e-01 5.523321409200151466e-01 5.575973271112941720e-01 5.700499385502244554e-01 5.064209116152068590e-01 5.367253997554852774e-01 5.573320375684206462e-01 5.291961561563435223e-01 5.237171495775684305e-01 5.528714585259207892e-01 5.588774486218033299e-01 5.544806714481046450e-01 5.779144864550177507e-01 5.671419109912343437e-01 5.547810202626106690e-01 5.795640634672459823e-01 5.888849400961646552e-01 5.566374439866035306e-01 5.726306287336504486e-01 5.544774766240071484e-01 5.627711407927000753e-01 5.887493460214199281e-01 5.892604630258498899e-01 5.907404079158359300e-01 5.869788627493086608e-01 5.960299015323340388e-01 5.992429757404875712e-01 5.849279446203189403e-01 6.015658508702979024e-01 6.004779861392030016e-01 6.050817779924756445e-01 5.994901997804527038e-01 5.940368244833956757e-01 5.952348632658152061e-01 5.846979339883280335e-01 5.879780068065587617e-01 5.763892109862680524e-01 5.851900859495362539e-01 5.925640142104270369e-01 5.896647594927948433e-01 5.966609158705131755e-01 5.862466197768869680e-01 5.996173710961251180e-01 5.887650291092293431e-01 5.881284992115709542e-01 5.917572277802241043e-01 5.947063388075432000e-01 5.855076329651006661e-01 5.831267178266091866e-01 5.844086313818156464e-01 5.877583339623548842e-01 5.989279134581538822e-01 6.055052801067829504e-01 6.001064411470310445e-01 5.945086463836197765e-01 6.053546812232548646e-01 6.030476900788024341e-01 5.997848475215430408e-01 6.017182499933413364e-01 5.991970461461696429e-01 5.983515039768967370e-01 6.000734372668276029e-01 5.919935813015484438e-01 5.984148769988152372e-01 5.891776629309898317e-01 5.983641221782151076e-01 5.958410858659670684e-01 5.927691942453195972e-01 5.952874149459090880e-01 6.038065366286737845e-01 5.988290023876867707e-01 6.015402980995769866e-01 6.039871164158401307e-01 6.031270515584872260e-01 5.972471028368784296e-01 6.054009764483910816e-01 6.030940800140137670e-01 6.035669289598611931e-01 6.049229956308586065e-01 5.980167974312506907e-01 5.985861302866426481e-01 6.008418309860411588e-01 5.914375117681404115e-01 6.008964017428346516e-01 6.032663077040333333e-01 6.011997951147448616e-01 5.997262182184304180e-01 5.986552465825044633e-01 6.012353105544191445e-01 5.980110876278440513e-01 5.903063410280057210e-01 5.982331447532652779e-01 5.968685296617856073e-01 5.996740687029293859e-01 6.000724373914966270e-01 5.984753285570227899e-01 5.983864200606611172e-01 5.998146280383174211e-01 5.962575455682546099e-01 5.945409978610992630e-01 5.945583859400135340e-01
3.826489315643596956e-02 2.055318893988462847e-01 3.596889890002295531e-01 5.981162939928246214e-01 4.611986631710292550e-01 5.446067078442783371e-01 1.000000000000000000e+00 6.859456135415827882e-01 7.066605091429410956e-01 6.678799864510550632e-01 7.279786294847013783e-01 8.009147014991319091e-01 7.306182767424885816e-01 7.251973623064493779e-01 8.365058901977499017e-01 8.054994787220405295e-01 7.287495673734877277e-01 7.324347003065161399e-01 7.378788753805937128e-01 7.136402071195039332e-01 7.104987252397387820e-01 7.300278280434540079e-01 7.319662443208529989e-01 6.938138366079618091e-01 7.286903001098722354e-01 7.719845330837220576e-01 7.696544346089064792e-01 7.881270147880855559e-01 7.821470529679525052e-01 7.552486385743113484e-01 7.957595847025168423e-01 8.073839399207227707e-01 7.699772685743930811e-01 7.846574839177058447e-01 7.540279713521526039e-01 7.731250148578626691e-01 7.917829436244006036e-01 8.114633973593247118e-01 8.084714000169818116e-01 8.091311949096147149e-01 8.064758473566630004e-01 8.154480574218646582e-01 7.978607586813256658e-01 8.163952491284078850e-01 8.137148192826194615e-01 8.162556482852436623e-01 8.102463402349171506e-01 8.096358370777169133e-01 8.107049034320596981e-01 7.990110300410540045e-01 8.072116018590351771e-01 7.878172429683631961e-01 7.997302106920919362e-01 8.081428451496491805e-01 8.048080251812628205e-01 8.179289191164546002e-01 8.035736860193481990e-01 8.135334285672695120e-01 8.130714748201820496e-01 8.061178917698098578e-01 8.078117013575101257e-01 8.187576628560381264e-01 8.164755148579820876e-01 8.024716351402289005e-01 7.955540865977245302e-01 8.013021794917283280e-01 8.080279957319471684e-01 8.119694035161274526e-01 8.172708955495248118e-01 8.195898965490872046e-01 8.117187655276805192e-01 8.080520109131751338e-01 8.106794200919159588e-01 8.076947639429005177e-01 8.160591164751903603e-01 8.129945815419979960e-01 8.154636789976719147e-01 8.093599581127556286e-01 8.151354138968562868e-01 7.973916884493262858e-01 8.126191896921937108e-01 8.132396041060664382e-01 8.129261704612531503e-01 8.076959811647709264e-01 8.167782350363090860e-01 8.133369750391318265e-01 8.141866028276045775e-01 8.239604418251168516e-01 8.201446435542465441e-01 8.129248575624523632e-01 8.275347624041426986e-01 8.203896933991107199e-01 8.178048158106218102e-01 8.203489504387607711e-01 8.103088618720094560e-01 8.128231120929142461e-01 8.127519933132275609e-01 7.994140915085192756e-01 8.135482439130802268e-01 8.196180703021060943e-01 8.159961794590538942e-01 8.113393958370777037e-01 8.079369063689421093e-01 8.134984425424187648e-01 8.112963084335882424e-01 8.042328258952042841e-01 8.142180463878693208e-01 8.113106286566654779e-01 8.141143788602203113e-01 8.114484596222411028e-01 8.189567987401632498e-01 8.108573792915677592e-01 8.159182520810287498e-01 8.100555768126749268e-01 8.086721954162784387e-01 8.054264183624142426e-01
2.990813568057137939e-02 1.465272945095467405e-01 3.392425261338375964e-01 5.497780972879769967e-01 4.571913540975839352e-01 5.073757638130748093e-01 6.859456135415827882e-01 1.000000000000000000e+00 6.853641257087209615e-01 6.446495717571550932e-01 7.017859670434185571e-01 7.656630753901974007e-01 7.036358507278450691e-01 6.993649624066443637e-01 7.771482918593455302e-01 7.706687213216296684e-01 7.193580945046299524e-01 7.024774415632089042e-01 7.202393951012137085e-01 6.430357939324187200e-01 6.969357738225249177e-01 7.103380428342012110e-01 6.726147847347095921e-01 6.457969035138257929e-01 6.914272520509787689e-01 7.298343888185869766e-01 7.320304171248819269e-01 7.395345032947843178e-01 7.416576397251324337e-01 7.093348818239980647e-01 7.538904022364395496e-01 7.703003054171917441e-01 7.263704875909118286e-01 7.550654121944316843e-01 7.201723996453267551e-01 7.585417537602343607e-01 7.512137954561124431e-01 7.758819279914089817e-01 7.749542757876571875e-01 7.589748102022587650e-01 7.740416427620123718e-01 7.794831275137890092e-01 7.652375198061657224e-01 7.822764687516309268e-01 7.790821343102899421e-01 7.698296911314630453e-01 7.813856073023348614e-01 7.816283437647243426e-01 7.854065718489093850e-01 7.852728231295902361e-01 7.902272521123077098e-01 7.706320451466005528e-01 7.721304224010243633e-01 7.753419368040757043e-01 7.743668729614174850e-01 7.795393063775252207e-01 7.803594371153341758e-01 7.838745042359315240e-01 7.771032070467829289e-01 7.734446094103432090e-01 7.899388301922468658e-01 7.838542065042899409e-01 7.871335304590014736e-01 7.858225216994146889e-01 7.716558206405121911e-01 7.773539464377484665e-01 7.800207489125473570e-01 7.835322820558299206e-01 7.751003285085682482e-01 7.765445232447381052e-01 7.860063288067729026e-01 7.796412490841059251e-01 7.697567974662659074e-01 7.747693360409195762e-01 7.844434551917894849e-01 7.802338422906730520e-01 7.795009399250890647e-01 7.820163218553347617e-01 7.773402595039499152e-01 7.690660589240725376e-01 7.791039424235376432e-01 7.800624005292164931e-01 7.860684172759458965e-01 7.749689883508767974e-01 7.806293168704229180e-01 7.789086805421364668e-01 7.808172843680856179e-01 7.905271259214061708e-01 7.853364158185887067e-01 7.881427298201438836e-01 7.849516921736499064e-01 7.886535566892153293e-01 7.856251977195908287e-01 7.849631887004109299e-01 7.822461593025638038e-01 7.844426674055818838e-01 7.960235060235167914e-01 7.918901311361846718e-01 7.948016697687435572e-01 7.913198766229531111e-01 7.879875920144724377e-01 7.968651791482216362e-01 7.843610075209083154e-01 7.895981627608403830e-01 7.902217116551754073e-01 7.884138468636699981e-01 7.924017132101035532e-01 7.840167062595135850e-01 7.877283559093856136e-01 7.878267535008292022e-01 7.909443537196282348e-01 7.838051464814479452e-01 7.918354389110486835e-01 7.912850775749711296e-01 7.822891997761955984e-01 7.829139800102115077e-01
7.778149413680518487e-02 1.879957100529255354e-01 3.616550864181843350e-01 5.704934592682970873e-01 4.626222133749849919e-01 5.136093820895705209e-01 7.066605091429410956e-01 6.853641257087209615e-01 1.000000000000000000e+00 7.502501767934774968e-01 8.003036443077660156e-01 8.372993239837649426e-01 7.582492225766547245e-01 7.636820973892884945e-01 8.416341485622103047e-01 8.162279816710851232e-01 8.218203768211402860e-01 7.878364855075918882e-01 7.826544027859494435e-01 7.014985753266984592e-01 7.499934157392795786e-01 7.935365764023371016e-01 7.532322952284610240e-01 7.124200566025148396e-01 7.690537112647632956e-01 8.169006975789582237e-01 8.343602223940105311e-01 8.240795986337596801e-01 8.367727172241943290e-01 8.261075531195726240e-01 8.677802942511820827e-01 8.528761488089194875e-01 7.941057413959087263e-01 8.233614452186579502e-01 8.038389412937145817e-01 8.034561185007307316e-01 8.369547904548020334e-01 8.526096480336967653e-01 8.441706287861590052e-01 8.202178757787008667e-01 8.696300548790631968e-01 8.649461046116980745e-01 8.122546676008250977e-01 8.697593062672768216e-01 8.676426257313458734e-01 8.561992897373165157e-01 8.733719035838668487e-01 8.824126363880503421e-01 8.793898698083045806e-01 8.540860037555689788e-01 8.669557984067374212e-01 8.459560515849684492e-01 8.618368534192019093e-01 8.812285385390052905e-01 8.696191822243894975e-01 8.687062787780694961e-01 8.722506404119345635e-01 8.725432214758165328e-01 8.754176104783265577e-01 8.765448246809669497e-01 8.712760439003985891e-01 8.737366925135259255e-01 8.602816351120928795e-01 8.731076792676977227e-01 8.787102309555848700e-01 8.790319479339318010e-01 8.804653598704729189e-01 8.720897175040981386e-01 8.695377961059099770e-01 8.618345593299967522e-01 8.695502458032315918e-01 8.775404947382696719e-01 8.532613068971360848e-01 8.633160319726159715e-01 8.798036812480511948e-01 8.779762992720869796e-01 8.760093686157368609e-01 8.767484514588392841e-01 8.748809139514451827e-01 8.770529548669976361e-01 8.738712320130342937e-01 8.819512264633864174e-01 8.798616171821546095e-01 8.722353701231079226e-01 8.664375858155559662e-01 8.670050853123728585e-01 8.687418619614106774e-01 8.759675229734190660e-01 8.738850427911637464e-01 8.766709081378123436e-01 8.639126304004057788e-01 8.769360290709620198e-01 8.773819847660837556e-01 8.759548245221165930e-01 8.781745817108429497e-01 8.786164788719953433e-01 8.676903785351900433e-01 8.632735069208189449e-01 8.697091560616202477e-01 8.737949020068735972e-01 8.633338757995515644e-01 8.724266116664471937e-01 8.762219501113158726e-01 8.764597016972707211e-01 8.744548283667341604e-01 8.709472555594508503e-01 8.786143056231020543e-01 8.796026690628998557e-01 8.767525163326311821e-01 8.756922420900653536e-01 8.791791887327357058e-01 8.809513152886716547e-01 8.750613416822643487e-01 8.788087714265706563e-01 8.829687658939190387e-01 8.775270337741379878e-01
2.431565967987908000e-02 1.696915871240185225e-01 3.525078311718587432e-01 5.405210416124215378e-01 4.290010707912238486e-01 4.991863688221945261e-01 6.678799864510550632e-01 6.446495717571550932e-01 7.502501767934774968e-01 1.000000000000000000e+00 7.507542589761470042e-01 7.848110526816888255e-01 7.192943315275520666e-01 7.152121087288186851e-01 7.935281873606924163e-01 7.700832803703243634e-01 7.576680746470432215e-01 7.519271769784779957e-01 7.479445167807932116e-01 6.861678169059861609e-01 7.240098520081825750e-01 7.491280421187067606e-01 7.228997041956342073e-01 6.933802347961137702e-01 7.388473284373555661e-01 7.790588177328422459e-01 7.867268197811709829e-01 7.900937169373730695e-01 7.890978267117185752e-01 7.837645608387403540e-01 8.135173177075225581e-01 8.087282067329899515e-01 7.544804832268439121e-01 7.827313439708363241e-01 7.698340068268862968e-01 7.557120450204898310e-01 7.947991669135304749e-01 8.083639253578075445e-01 8.016921557518050800e-01 7.832262873068404074e-01 8.192238683428286761e-01 8.081616005085988652e-01 7.719003676928141155e-01 8.100170975710651033e-01 8.112184273414573266e-01 8.059566532289019758e-01 8.181133688521148306e-01 8.190391221228052743e-01 8.193937254361196576e-01 7.982462799337325388e-01 8.101092350993537305e-01 7.749692286105219763e-01 7.976973790090605698e-01 8.173631959010450032e-01 8.100312697454609134e-01 8.188384917818340991e-01 8.071082456543302586e-01 8.128073766238992359e-01 8.176764842508421616e-01 8.099538622982983549e-01 8.164809051356900493e-01 8.132206457280007905e-01 8.029517827409071717e-01 8.141160536491957034e-01 8.098672791585346253e-01 8.080057527297549447e-01 8.193462332782138757e-01 8.182787459522268270e-01 8.173171196737798461e-01 8.102836020977556286e-01 8.136214668303044517e-01 8.210487718000318846e-01 8.051320662728727040e-01 8.151953492971452109e-01 8.249717634804638600e-01 8.195127564397808317e-01 8.211724105779691918e-01 8.229774265772298314e-01 8.221672063880546277e-01 8.239104948604906165e-01 8.194538112651692519e-01 8.244148450393481431e-01 8.168484985168102952e-01 8.190199563526449067e-01 8.164300716332891783e-01 8.152025030643101910e-01 8.156998422319583497e-01 8.195189466661580990e-01 8.187038019947643352e-01 8.150529228641301138e-01 8.112322324218486091e-01 8.184580697578681674e-01 8.202066801835379284e-01 8.180435845928544225e-01 8.169966266899699736e-01 8.180497414573073556e-01 8.086713197288410981e-01 8.004711446993759694e-01 8.104197977649401086e-01 8.168888426708335038e-01 8.073212464442631742e-01 8.128542186430479655e-01 8.118490192844574072e-01 8.153144474109843554e-01 8.124325718360979609e-01 8.031863332111518483e-01 8.166439247200401041e-01 8.179904930707352362e-01 8.186555843451949199e-01 8.159553103559854526e-01 8.191437337533640228e-01 8.169129543183745179e-01 8.134352425440661838e-01 8.159985462830613434e-01 8.177850770097567779e-01 8.101616826305407804e-01
2.939926331229464340e-02 1.638484922756512085e-01 3.808081622861350102e-01 5.870971241126780038e-01 4.539960733537208304e-01 5.271387023604964250e-01 7.279786294847013783e-01 7.017859670434185571e-01 8.003036443077660156e-01 7.507542589761470042e-01 1.000000000000000000e+00 8.660390065956704575e-01 7.792827138709746970e-01 7.702659818441843775e-01 8.586120270696362411e-01 8.329166260301876790e-01 8.104260335885399291e-01 8.061539058705933236e-01 7.943234595838456480e-01 7.301339708423328911e-01 7.680384418575020300e-01 8.034622712744434736e-01 7.719662825646991244e-01 7.371761319013553360e-01 7.914960999159132982e-01 8.287468652999743224e-01 8.498122637211185104e-01 8.469854403899446105e-01 8.498587496527656437e-01 8.413365706591521276e-01 8.836300256351974358e-01 8.739518453000787446e-01 8.265679887197130427e-01 8.507857879726543615e-01 8.351190788414292188e-01 8.270860786296936329e-01 8.639241983203848063e-01 8.757071473196167410e-01 8.680552140470751965e-01 8.465518208851740001e-01 8.819624872895123202e-01 8.769843006420912079e-01 8.372402076775770086e-01 8.829695281233245208e-01 8.817198267475079287e-01 8.750077885182012682e-01 8.870873971312749351e-01 8.866869931895610124e-01 8.899101541731924137e-01 8.722999691847292958e-01 8.808075631840485142e-01 8.548013680387072100e-01 8.785692659315146313e-01 8.848288390690000060e-01 8.767530299709553887e-01 8.822948665269499946e-01 8.773945720042234386e-01 8.833444569488161369e-01 8.820410836972264468e-01 8.821986676852927589e-01 8.869979211155372134e-01 8.832136785321668127e-01 8.712840986035669255e-01 8.823647392070587125e-01 8.819108817853540394e-01 8.841120872882965998e-01 8.904809600531651270e-01 8.869580742655782668e-01 8.859328289760936004e-01 8.790617133170582909e-01 8.828804221698919319e-01 8.898535132848379714e-01 8.724798413583927381e-01 8.825874753350626545e-01 8.938555165337739306e-01 8.921755907699731036e-01 8.930937443525170938e-01 8.924676004117123584e-01 8.898445832712377213e-01 8.927658551742724269e-01 8.918865071097960007e-01 8.960958786228558903e-01 8.901852933491047892e-01 8.891011949574005868e-01 8.873715406829451036e-01 8.862817959564727177e-01 8.879240240343881929e-01 8.915525655673608441e-01 8.924730414844035398e-01 8.879006308668192515e-01 8.851162276837925003e-01 8.918558023074645291e-01 8.923691287968916752e-01 8.915396326844549080e-01 8.916542121893628048e-01 8.914849706459198053e-01 8.818895332249271357e-01 8.760970261839937656e-01 8.849165266370433436e-01 8.901314883948546752e-01 8.811592967442274382e-01 8.862767293265494395e-01 8.862831966186124344e-01 8.914356798726348341e-01 8.883480487593082842e-01 8.788921066054049547e-01 8.909021345185537122e-01 8.910600277731136609e-01 8.894161243734888256e-01 8.903397869390805575e-01 8.898786084397538598e-01 8.921198686509783649e-01 8.871737555843550727e-01 8.913225743370591925e-01 8.905942207752903794e-01 8.873692812708574573e-01
1.846857391527170766e-02 1.749813836216551344e-01 3.987673954158548195e-01 6.292025063599576695e-01 4.960185480572603112e-01 5.776951270176181596e-01 8.009147014991319091e-01 7.656630753901974007e-01 8.372993239837649426e-01 7.848110526816888255e-01 8.660390065956704575e-01 1.000000000000000000e+00 8.324649744489356351e-01 8.218461997991147738e-01 9.230245962384443503e-01 9.028382257337895789e-01 8.617585255985759085e-01 8.361647476684896940e-01 8.389793885907050885e-01 7.830670267868861112e-01 8.154585018529352247e-01 8.427819473333140188e-01 8.038278687574260672e-01 7.647572335961337897e-01 8.233116417848691526e-01 8.683581962235155105e-01 8.911071594195170142e-01 8.866411684994327524e-01 8.854126738710691447e-01 8.696221439632850769e-01 9.199018804145822070e-01 9.234826703080727395e-01 8.671170798474754360e-01 8.976763090121454569e-01 8.689840336893456252e-01 8.905394660899289550e-01 9.094941866462173952e-01 9.274825872874290500e-01 9.257177026635879935e-01 9.036044116470232090e-01 9.347497650300234939e-01 9.351789516134163538e-01 9.125501352804969990e-01 9.397754755230895984e-01 9.352799102939096665e-01 9.271474251159703694e-01 9.462632456994038987e-01 9.463720334736035467e-01 9.471398895761141690e-01 9.262008257925630206e-01 9.374711905519627075e-01 9.184812712742613794e-01 9.346834762506635030e-01 9.428205399251790020e-01 9.347468098108070444e-01 9.369042155555276086e-01 9.387314464767081423e-01 9.422488433749537373e-01 9.415251230820482764e-01 9.448417999290329439e-01 9.473084512632993226e-01 9.458632402178124288e-01 9.361960767736730027e-01 9.444821110521244290e-01 9.403200638930577782e-01 9.448523017292931314e-01 9.488788830398880991e-01 9.414178442861109719e-01 9.397215026720966424e-01 9.404077580755236809e-01 9.393843361000790981e-01 9.430828998656411999e-01 9.226502366930607879e-01 9.317840681568121397e-01 9.474037822221175187e-01 9.415668219486740265e-01 9.411325119380394844e-01 9.402266604363822555e-01 9.427363242055792902e-01 9.384669557040087318e-01 9.424559557597536052e-01 9.485586621117192418e-01 9.480849801085371453e-01 9.366768765924012863e-01 9.397017338713216095e-01 9.392236100101801766e-01 9.444463417563085939e-01 9.469069086103607535e-01 9.484033322722014159e-01 9.468844606878979997e-01 9.400415828995392076e-01 9.473357065329421900e-01 9.482015449499345827e-01 9.477410176322479396e-01 9.492046371746404310e-01 9.500602616682173318e-01 9.385273660553634656e-01 9.337853013327080953e-01 9.444181760683187932e-01 9.472299733594620186e-01 9.449287113981653663e-01 9.472324371203031390e-01 9.472455581770347077e-01 9.478406800299024049e-01 9.480427507977259305e-01 9.424239892338566182e-01 9.491844888139715497e-01 9.486517986475334618e-01 9.482704382115862973e-01 9.485505211079432453e-01 9.490617073104357093e-01 9.500338970642391301e-01 9.482835379902423423e-01 9.493423759142936014e-01 9.487300738254035304e-01 9.480171928742334719e-01
2.724222364421679393e-02 1.788130102839686486e-01 3.527411286348033359e-01 5.823650083294958923e-01 4.875281810627775658e-01 5.341300960384292029e-01 7.306182767424885816e-01 7.036358507278450691e-01 7.582492225766547245e-01 7.192943315275520666e-01 7.792827138709746970e-01 8.324649744489356351e-01 1.000000000000000000e+00 7.531402428687752337e-01 8.451718076065897201e-01 8.340398740619945350e-01 7.728559379147053043e-01 7.679880731218107215e-01 7.658116352314152664e-01 7.119472208732693375e-01 7.383569535293854624e-01 7.747834898004428705e-01 7.424255201153053818e-01 7.072504095926804846e-01 7.587025326935902259e-01 7.882152066759339215e-01 8.090195409406180094e-01 8.066025136567949172e-01 8.000186100937700662e-01 7.854013413035820790e-01 8.376649986950551741e-01 8.372237582207674444e-01 7.820229953483858187e-01 8.087978722530633213e-01 7.805578612755913470e-01 7.990278451828973783e-01 8.300631187173346248e-01 8.355011487998478259e-01 8.365736982646967412e-01 8.129869776487799182e-01 8.458399444452338045e-01 8.486520815265218287e-01 8.319337000278194116e-01 8.568602116863639484e-01 8.499927436016043725e-01 8.474868953482527223e-01 8.569401918162847798e-01 8.584922691691008190e-01 8.596250803082872149e-01 8.357575387424509561e-01 8.457051245534501493e-01 8.333803649992274076e-01 8.467765616822159336e-01 8.547402065301297203e-01 8.477015765759661203e-01 8.479774681178707807e-01 8.488460550275906957e-01 8.563834387043310903e-01 8.526571813424542734e-01 8.573392002922926025e-01 8.617938144332566441e-01 8.587902564425267116e-01 8.537470091397343364e-01 8.532924660124775462e-01 8.513671412480887657e-01 8.553802703119536277e-01 8.587216867659480668e-01 8.560088149008208136e-01 8.562587004774507848e-01 8.538852892526908045e-01 8.554865040724187741e-01 8.567576540403187835e-01 8.415819021415625878e-01 8.495842975792652352e-01 8.617940303652629197e-01 8.574772936786132504e-01 8.564367186468918591e-01 8.540244378242053402e-01 8.547814794717522036e-01 8.500163709163196524e-01 8.562925815799431462e-01 8.615990152586280315e-01 8.580689885880781187e-01 8.500693075794713005e-01 8.551468462580921193e-01 8.532178288405177780e-01 8.583697345611098761e-01 8.607864250926055005e-01 8.621729962396490476e-01 8.557464924384143856e-01 8.562609314414028061e-01 8.629860779221553146e-01 8.611849596340550583e-01 8.638337378902241070e-01 8.617852617849809382e-01 8.612079527117834088e-01 8.514708472418771601e-01 8.519414259967219571e-01 8.608460628177382334e-01 8.594272054124528770e-01 8.591759419476296955e-01 8.594200427237529416e-01 8.575571454338929422e-01 8.626567499392305827e-01 8.601738609016323922e-01 8.528863352996761682e-01 8.621050367969331774e-01 8.612221843429646029e-01 8.600340739219221042e-01 8.614645280800536931e-01 8.602032590987593874e-01 8.623273417089422077e-01 8.590643237523216680e-01 8.622020924512374673e-01 8.599176625706945742e-01 8.608551511382195320e-01
