1.000000000000000000e+00 8.023436469907012369e-02 1.239540829484370860e-01 7.296635922171547384e-02 3.174980314715403207e-02 5.780409895840260548e-02 -2.741734212007477384e-02 -1.904585507836478731e-02 1.129864103100241823e-01 7.157882178673155571e-02 3.422917001644291968e-02 2.878102159160394677e-02 2.253119269833698396e-03 -2.786454429530456703e-02 -8.861536659893753942e-03 -3.659810828512608666e-02 7.178465424455333921e-02 6.061317954891214804e-02 5.686746726632925519e-02 6.578459015740725779e-02 7.706702144737739846e-02 2.941165869580788378e-02 5.655936508020508596e-02 6.385776426406719608e-02 2.858798239206837913e-02 7.023865406712628823e-02 5.476579527526063973e-02 1.127416942837917817e-02 4.577775171127109605e-02 7.634468808884463387e-02 5.484202325563569680e-02 3.916890649319071382e-02 1.749984271902538246e-02 1.349500052038756469e-02 4.860601835150821920e-02 1.335034095975562961e-02 1.886916997022429487e-02 9.344373515886484141e-03 3.098381786224666846e-03 -2.868237706013053792e-02 1.309109290969678353e-02 -2.744317213726300830e-02 -4.742067555667225237e-02 3.223229414535517656e-03 2.203985346016199345e-02 7.445283311012398583e-03 1.666986617575192536e-02 1.785898746353943925e-02 3.776866639592675601e-02 1.886266496981683569e-02 1.872622068121758757e-02 -2.156560718638478660e-02 1.233224386784081625e-02 5.454906478034401984e-02 2.799538771336441620e-02 1.471161727602593103e-02 7.893981751933314139e-02 3.166925275640421634e-03 2.101410684038155369e-02 4.926778600491125981e-02 1.155807661554273877e-02 3.407009958468163596e-02 3.870113167319840647e-02 6.450160393155027205e-02 3.630729347433526988e-02 5.025141664076848008e-02 1.934342742908627677e-02 2.432609482083340768e-02 1.811222782172489804e-02 2.662268906050751019e-02 1.594579967061650339e-02 1.257351051575255133e-02 1.275428936009214212e-02 9.219960421195815339e-03 2.479597281511391332e-02 2.063701543689996226e-02 2.086065793279693898e-03 1.722509741341618841e-02 1.188419508329637518e-02 3.394256851169682315e-02 1.535620484054948422e-02 2.110971366696801077e-02 2.788389491824555880e-02 1.893655928350828493e-02 1.418303473257148629e-03 6.620820189308303759e-03 6.287669614622322725e-03 -3.026696856356866656e-03 -2.263260234821106148e-03 1.776903454503038493e-02 -4.543717478908641111e-03 -3.264399559629871383e-03 5.915009255333939474e-03 -5.731615932326655782e-03 1.021155173478828157e-02 9.046588839308462512e-03 9.220918733977019610e-03 5.319990182895905501e-02 1.145822491480461697e-02 4.009022512969251384e-03 -2.175347444527010385e-02 3.077718122310248508e-02 1.332671933817696462e-02 2.013102393391830083e-03 5.268130873465642905e-03 4.068587808952563167e-02 2.338592484477520356e-02 8.653225422016920174e-03 6.519707688527312008e-03 1.965828574986986169e-03 1.783049749414359871e-03 2.667854661886591081e-02 1.818812575864829986e-02 3.634271445504343861e-02 2.702325562393508018e-02 3.554254528239038369e-02
8.023436469907012369e-02 1.000000000000000000e+00 6.731198571806819297e-02 8.104137627862892379e-02 4.387054864863130371e-02 5.257557393900025300e-02 7.940037148848566595e-02 5.011405594282404563e-02 1.293111660519525863e-01 1.374087932640297161e-01 1.070306887552791020e-01 1.238356005938589938e-01 1.214230071683831957e-01 8.962324336523330714e-02 1.057361381215337209e-01 1.267588316801806225e-01 1.287107955076138566e-01 1.003792081925779789e-01 9.981248981252852093e-02 9.934270718301947689e-02 1.017463957894676890e-01 1.011046582812362565e-01 1.336857648331579163e-01 7.139682428710532325e-02 7.320529377249961056e-02 1.646396315980132308e-01 1.389985437377211364e-01 1.335983729904639261e-01 1.642529339591838888e-01 1.458075245304919776e-01 1.500228603408073902e-01 1.244694437811237619e-01 1.281207601313932576e-01 9.092459487702003740e-02 1.303229178871514737e-01 1.064429365260848859e-01 1.228638615279518953e-01 1.263715012281609595e-01 1.239834011505848571e-01 1.239086607356521541e-01 1.416043576572202922e-01 1.198282767478092981e-01 8.878160974596975563e-02 1.174509527950061138e-01 1.348548303813971172e-01 1.258855633668433116e-01 1.323737489133632039e-01 1.326467767374919504e-01 1.350193968712426473e-01 9.987837816989775241e-02 1.311166839681733587e-01 6.718493095434711904e-02 9.937712954472428806e-02 1.501718597207410688e-01 1.472775716034137317e-01 1.558892955833015848e-01 1.463687339637274876e-01 1.370011250232179567e-01 1.385980980275348107e-01 1.368979672122503932e-01 1.232690359671277519e-01 1.381388765910901151e-01 1.369034086671113704e-01 1.388033441620613873e-01 1.342684501003169328e-01 1.307863614589786505e-01 1.312579338678978580e-01 1.231395947553507314e-01 1.283787688200624666e-01 1.248319309738238347e-01 1.207579598927924214e-01 1.296547972875810584e-01 1.123742468250958360e-01 1.123603512635637652e-01 1.430771624304192635e-01 1.311658442614434539e-01 1.323755084155159856e-01 1.461458361333999589e-01 1.336233236497074706e-01 1.373437165313499686e-01 1.294285723172128311e-01 1.394368415491106794e-01 1.330222588407427298e-01 1.306222178833004455e-01 1.195071886075086270e-01 1.155497338909263760e-01 1.223970500010907597e-01 1.284834847992294415e-01 1.254022631495131102e-01 1.422045525260715593e-01 1.281073529255422894e-01 1.252163109859170953e-01 1.286249150767862781e-01 1.232400320247194481e-01 1.298474280171675876e-01 1.338317546031174421e-01 1.179672278659226331e-01 1.214198333798897911e-01 1.270726813044997516e-01 1.257942334527547001e-01 1.181605548720164739e-01 1.303971783300338638e-01 1.235193267501895897e-01 1.245873300385224453e-01 1.119190703353620669e-01 1.357847165559029068e-01 1.317275548246795436e-01 1.353155046872011602e-01 1.361075968554392168e-01 1.285512347944373079e-01 1.316447267552915412e-01 1.322216108421102598e-01 1.366041544675959951e-01 1.300169298868277534e-01 1.334202745013605695e-01 1.290856373979697158e-01
1.239540829484370860e-01 6.731198571806819297e-02 1.000000000000000000e+00 2.955683466020163630e-01 1.778077790327759478e-01 1.807485273354948463e-01 2.364561149651760452e-01 1.767957180063751410e-01 2.680893387937418049e-01 2.420226234425943146e-01 2.604389494739110522e-01 2.984125648363055716e-01 2.056506659408788018e-01 1.888534915371380685e-01 2.768546366626142285e-01 2.401054583269204290e-01 2.753167466450738843e-01 2.872480007913167932e-01 2.753712190029171669e-01 2.596475374113302870e-01 3.111114752105764714e-01 2.846176003182202541e-01 3.116943685025803101e-01 2.561380089756326028e-01 2.592367862670953427e-01 3.322248866872080098e-01 3.007813525924109554e-01 3.149937571905023770e-01 3.233210204059303039e-01 3.237687012752398230e-01 3.209248561328199578e-01 3.050501523592625830e-01 3.104059879601238636e-01 2.778573924546191010e-01 3.250923628791909659e-01 2.877128410922840662e-01 3.058354518955705426e-01 3.115871081869911463e-01 2.962803787594642246e-01 2.982648028685763730e-01 2.878249434994409883e-01 2.873231186564729756e-01 2.785903311483306499e-01 3.144927967792237600e-01 3.143795707863097921e-01 2.999785333545020305e-01 2.783086508640630896e-01 2.730416215646729872e-01 2.827419046647043910e-01 2.977436408180552108e-01 3.031096440748363707e-01 2.462998618612289858e-01 2.588324698072487218e-01 2.851806815487944458e-01 2.895584997362453117e-01 2.976749285756872254e-01 3.017275214553954976e-01 2.807901023649569394e-01 2.875565089736912272e-01 2.940859363673072879e-01 2.849724714787299495e-01 2.915197869233234762e-01 2.991991617052436325e-01 3.017317425679324483e-01 2.848621123792159371e-01 2.803032906910399302e-01 2.776390415648979371e-01 2.945703745035451737e-01 2.846281667337276500e-01 2.903682552933748440e-01 2.914487738662601690e-01 2.888882865179541182e-01 2.728449401703782473e-01 2.816286325142221547e-01 2.959832339473969509e-01 2.905417538075725226e-01 2.917059150252573896e-01 2.980482441041134023e-01 2.902254201670176892e-01 2.935667073485507261e-01 2.900590156481065995e-01 2.967211554736794432e-01 2.939955560479226016e-01 2.954086624403557404e-01 2.836920181830006049e-01 2.778730228868368513e-01 2.892849372329482915e-01 2.870680087186556206e-01 2.847192339919736859e-01 2.865289431869177950e-01 2.949608426469331190e-01 2.782747890859732509e-01 2.842188809838793184e-01 2.826972325021369081e-01 2.758905851976037882e-01 2.744477323978400385e-01 2.791576670786436454e-01 2.870384417855387782e-01 2.757929624353797626e-01 2.823183040700834590e-01 2.762888461602607260e-01 2.831633440755730313e-01 2.800379691071807065e-01 2.804313237605874920e-01 2.739456782828928461e-01 2.821479575732475098e-01 2.773211397919774779e-01 2.732910601007346174e-01 2.769958878453001039e-01 2.710201696286889117e-01 2.756094402586971026e-01 2.809878849026135605e-01 2.747317468893310521e-01 2.859825450741476649e-01 2.873702076273815798e-01 2.820210307018261031e-01
7.296635922171547384e-02 8.104137627862892379e-02 2.955683466020163630e-01 1.000000000000000000e+00 2.716618987587812173e-01 2.813752293195758702e-01 4.113832739812806061e-01 3.392898095081898213e-01 4.354129213755217886e-01 4.308483403477705864e-01 4.394493944675101349e-01 5.076708089976749161e-01 4.102893602524108618e-01 3.574777581347809430e-01 4.855324648735423465e-01 4.692382129969251969e-01 4.679113017983440592e-01 4.698184792811443966e-01 4.593009842187803504e-01 4.266563821131271195e-01 4.857247992174346107e-01 4.955696281578595430e-01 4.907633257661735970e-01 4.450874021475896281e-01 4.680161849343021929e-01 5.083213350406586839e-01 4.914390090758968821e-01 5.176664349923665309e-01 5.069642238352007890e-01 4.922662052290409096e-01 5.214641442752213640e-01 5.103181767435751581e-01 4.845509405285873816e-01 4.925091131532985389e-01 4.773969889550599421e-01 4.725372299720788094e-01 5.107495137049112843e-01 5.253239293812899113e-01 5.118718195199083443e-01 5.008679186880986567e-01 5.112104406089594821e-01 5.169567294121415468e-01 4.903956035290231164e-01 5.311563858890561152e-01 5.254627694992940468e-01 5.254003887053745325e-01 5.064186324825713514e-01 5.035951718808888700e-01 5.032491572591387685e-01 5.153611443477710274e-01 5.245022711554242489e-01 4.811306511225019178e-01 5.002203165672587382e-01 4.919513094781814422e-01 5.056207784085715584e-01 5.136856266167345586e-01 4.921839585325131217e-01 5.049587450121413301e-01 5.070861233624774922e-01 5.079112950670701121e-01 5.122540273802170807e-01 4.988377414310583013e-01 5.054781262466273573e-01 5.075598688389627577e-01 5.036373308819476202e-01 4.982993193168597235e-01 5.065804928454081812e-01 5.201606531701281622e-01 5.121191045113747675e-01 5.109637025750509709e-01 5.231284318734458205e-01 5.158820840864427604e-01 5.045003671654162414e-01 5.105702050151018634e-01 5.149974101834984275e-01 5.162097928383496681e-01 5.168339961005631311e-01 5.185216308781497307e-01 5.206798211977122781e-01 5.091272640091101254e-01 5.081793813182294839e-01 5.159432362980680420e-01 5.161700766782963967e-01 5.095423352744804513e-01 5.165841476238327568e-01 5.093694667753742022e-01 5.110433691672697787e-01 5.224152563126912563e-01 5.091400527598716197e-01 5.149385281055557373e-01 5.199240719871710548e-01 5.143732101828037973e-01 5.126272590729921141e-01 5.178739003091965554e-01 5.081733496675840955e-01 5.056479398814511805e-01 5.201700592365756659e-01 5.084712079841722243e-01 5.142188363834525600e-01 5.215875226731876424e-01 5.133147386227885356e-01 5.161534699779579682e-01 5.106632396964292386e-01 5.142262365584537864e-01 5.119299072873518819e-01 5.064425794626795652e-01 5.068368154570442874e-01 5.056868857901173353e-01 5.102167800682065879e-01 5.079675138689664360e-01 5.101236226564394016e-01 5.066319102876327696e-01 5.022124338393145759e-01 5.123676163225304725e-01 5.124507488002074673e-01 5.056213651584663404e-01
3.174980314715403207e-02 4.387054864863130371e-02 1.778077790327759478e-01 2.716618987587812173e-01 1.000000000000000000e+00 2.266686214861441395e-01 3.492533444577020085e-01 2.994743428093963322e-01 3.588804376617109049e-01 3.459113190198546128e-01 3.608656408646765401e-01 3.959828459996946881e-01 3.290720252450561323e-01 2.772992412477458535e-01 3.996140165288658008e-01 3.827590687036484529e-01 3.810790284612844414e-01 3.752197411263093474e-01 3.770714116371433611e-01 3.323165905395302766e-01 3.839153493297862707e-01 3.983666624184776794e-01 3.831477695576830933e-01 3.404403974392891108e-01 3.765681408238009120e-01 4.195954297998550353e-01 3.942275913892813732e-01 3.973966968068978756e-01 4.058971760096163894e-01 4.061950392151253419e-01 4.278758590214581936e-01 4.108662939354475463e-01 3.842958708988807870e-01 3.799642669039821063e-01 4.053559346834747501e-01 3.948667969339766937e-01 4.104929672867398960e-01 4.032319429016513745e-01 4.016773823536938237e-01 3.826915221706947978e-01 4.115766990787378954e-01 4.119014096186695562e-01 3.944793525789726529e-01 4.277905379856999923e-01 4.150733892431866523e-01 4.246244857631999992e-01 4.114191219200656890e-01 4.104840976369871219e-01 4.124211649902215782e-01 4.010304725698162764e-01 4.096848264055510946e-01 3.780608378044689188e-01 3.945833729253975797e-01 4.065968763946282705e-01 4.099208147942524638e-01 4.141086229286403131e-01 4.053914882808232756e-01 4.107804101206256053e-01 4.101185077357463182e-01 4.173496828340013676e-01 4.150596073666668051e-01 4.120674774546572161e-01 4.134683952242524385e-01 4.181836713995293331e-01 4.188758392079323101e-01 4.112463149636416126e-01 4.133321884054058093e-01 4.203911783708796368e-01 4.130912172691656448e-01 4.183389560556428077e-01 4.193922740049915165e-01 4.161495561011787081e-01 4.049152385147801736e-01 4.106830743174798015e-01 4.209659142543511479e-01 4.185578218562369668e-01 4.176993666458926890e-01 4.210401084254788429e-01 4.179183693649493603e-01 4.154668536296486359e-01 4.185644361077429654e-01 4.168985581976900057e-01 4.145135582645724237e-01 4.176571780283462321e-01 4.110875878110668014e-01 4.073050940401412023e-01 4.147848912492820284e-01 4.170944371718588450e-01 4.108447881814985547e-01 4.203540910981320988e-01 4.125468458268164440e-01 4.120341784164553434e-01 4.149507210904301857e-01 4.178593844114013023e-01 4.104755931726996043e-01 4.083867900295815589e-01 4.112355658862340557e-01 4.098898738621297166e-01 4.109294706708034872e-01 4.101121137352398138e-01 4.132255159887161522e-01 4.147979506620465551e-01 4.085725974351551715e-01 4.142796700515126163e-01 4.126924118611499104e-01 4.147706145870637684e-01 4.103299599685069632e-01 4.120193060020861942e-01 4.159231953896766476e-01 4.088056303372950562e-01 4.100997362714968175e-01 4.122659369517771011e-01 4.086692251391136899e-01 4.148233581202912523e-01 4.149391422804237228e-01 4.115128580178607498e-01
5.780409895840260548e-02 5.257557393900025300e-02 1.807485273354948463e-01 2.813752293195758702e-01 2.266686214861441395e-01 1.000000000000000000e+00 4.407558273145820160e-01 3.277019117849407914e-01 3.914417798237816437e-01 3.665288229246706497e-01 3.830343814550092874e-01 4.436537805984959171e-01 3.909626956747906945e-01 3.397185890359186167e-01 4.506977564979519624e-01 4.220421732112343838e-01 4.200782430414160551e-01 4.574290144856123508e-01 4.508801652581891362e-01 4.124884344217099597e-01 4.481953414923008916e-01 4.725921212550823203e-01 4.708382497575262504e-01 4.210912429083709108e-01 4.472656681405484669e-01 4.760539179065490512e-01 4.513720997617077790e-01 4.545420695495395735e-01 4.541148763725633697e-01 4.605656209156464009e-01 4.732067780361506881e-01 4.766730582332031618e-01 4.416802538906629549e-01 4.720806058398256955e-01 4.452167241363731987e-01 4.406161698418046835e-01 4.715140909185255857e-01 4.729731554520011372e-01 4.766468979308970955e-01 4.537634843194663925e-01 4.696628645961825610e-01 4.687809294137670890e-01 4.538223440557739297e-01 4.792661406763484844e-01 4.721460935005528103e-01 4.763208466418590303e-01 4.682719285009553367e-01 4.579833524613787232e-01 4.592887436436284276e-01 4.627845337095760070e-01 4.781199365555538483e-01 4.379516220218391820e-01 4.401813331492693271e-01 4.479454683435603046e-01 4.637125546831311063e-01 4.688677891079474080e-01 4.396954013357228797e-01 4.509626550072843298e-01 4.527105693134805264e-01 4.594287239008111312e-01 4.661162795660377389e-01 4.513961778886399490e-01 4.580952658293175883e-01 4.554456350222215733e-01 4.555775206949713163e-01 4.448193317474218311e-01 4.615178873179255903e-01 4.783318648383075300e-01 4.711571405913747013e-01 4.810153498151514828e-01 4.807628957317588991e-01 4.768042946027230555e-01 4.702768259669690143e-01 4.770119860729496453e-01 4.701838411542847429e-01 4.704287208045483948e-01 4.690772510610780044e-01 4.702364114650588456e-01 4.801643398531317275e-01 4.744598579171231956e-01 4.702803646088988820e-01 4.748587700950543944e-01 4.745221242369809245e-01 4.698797830000280285e-01 4.733154705567614862e-01 4.705779915739838892e-01 4.700886225726148560e-01 4.738041137412506432e-01 4.656963649389396775e-01 4.745469673625647422e-01 4.721201578029879387e-01 4.689507207794627042e-01 4.692517971890387551e-01 4.710541124833422244e-01 4.644084407291330097e-01 4.617883484457462329e-01 4.588055362818294070e-01 4.486445984447905433e-01 4.641223860567884607e-01 4.727706884717713942e-01 4.669848005835275373e-01 4.649793970268051302e-01 4.604724441584994166e-01 4.665310974938947641e-01 4.640016250548338883e-01 4.533790826129488472e-01 4.585009605853767600e-01 4.649158353713706004e-01 4.595731468623674432e-01 4.589884915737528770e-01 4.649974918073673247e-01 4.582037255319123537e-01 4.574274392910650522e-01 4.608692106734318394e-01 4.670231162658927682e-01 4.535562675952105605e-01
-2.741734212007477384e-02 7.940037148848566595e-02 2.364561149651760452e-01 4.113832739812806061e-01 3.492533444577020085e-01 4.407558273145820160e-01 1.000000000000000000e+00 5.494585537805718456e-01 5.999602550927158884e-01 5.997185528288953016e-01 5.985824654635704123e-01 6.914739751624838782e-01 5.973301092784483179e-01 5.389535513841030578e-01 7.379690413345310063e-01 7.099535083331692809e-01 6.363980159244517765e-01 6.325322029718087880e-01 6.168586424041936356e-01 5.942280103495161114e-01 6.345964043179097569e-01 6.708160208377395017e-01 6.713552294894804540e-01 5.774951924750084675e-01 6.234647456070189220e-01 6.704592363575863079e-01 6.791236495910962789e-01 6.903511095587621105e-01 6.756398310090870885e-01 6.556745981150887692e-01 7.043047160971510623e-01 7.229188071576980734e-01 6.656352467046462440e-01 6.984362010028463130e-01 6.612580345249764457e-01 6.843897775616867296e-01 7.123564657298581126e-01 7.354181440596199160e-01 7.370105061342063779e-01 7.179339807537011842e-01 7.305598972690419135e-01 7.405144824455023311e-01 7.267676849323155830e-01 7.474311395349179099e-01 7.237899900048040402e-01 7.399485916003395447e-01 7.347191184803938402e-01 7.303777666035631277e-01 7.233346824948863052e-01 7.198457410002238044e-01 7.383868932121665507e-01 7.026717452843822542e-01 7.023559798079261896e-01 7.001662200402204439e-01 7.195978083822254234e-01 7.328861550285987736e-01 6.846511730852627986e-01 7.254876872148583455e-01 7.209682639764971590e-01 7.128617822685365812e-01 7.323636228535814752e-01 7.106660317107889036e-01 7.150099605247371981e-01 7.090149202089536251e-01 7.189917767982685337e-01 7.030663500033246249e-01 7.328330802219495954e-01 7.327086817896538706e-01 7.365023207926386650e-01 7.418659332895339853e-01 7.362178864483182039e-01 7.392601013687893907e-01 7.211392149968528509e-01 7.210008621588497313e-01 7.302995055685328474e-01 7.349686808564385165e-01 7.397850066169536776e-01 7.354831753290820284e-01 7.375074534660385206e-01 7.231074823447360966e-01 7.299723929214860796e-01 7.369483726199971274e-01 7.424870295528732678e-01 7.283402660791254979e-01 7.426736944466677537e-01 7.362730322399935190e-01 7.417264574819512069e-01 7.498174670831059263e-01 7.439948205341153642e-01 7.422519943779036788e-01 7.447816335975613322e-01 7.455103810049663604e-01 7.406397606981437454e-01 7.515511585539803585e-01 7.366780644561625735e-01 7.359201199139776550e-01 7.405773304200148344e-01 7.088433687591561005e-01 7.372156812148641380e-01 7.460041255300345897e-01 7.525037151189981621e-01 7.288205396211084874e-01 7.278521571853312500e-01 7.427129557133421711e-01 7.404348225412477058e-01 7.217905491719611710e-01 7.292457166128188950e-01 7.370861910807351425e-01 7.381455639865789342e-01 7.379883304030309121e-01 7.401235698885403336e-01 7.258926020688468705e-01 7.268640872140778031e-01 7.268124932030431973e-01 7.297381814865364635e-01 7.211041285936244938e-01
-1.904585507836478731e-02 5.011405594282404563e-02 1.767957180063751410e-01 3.392898095081898213e-01 2.994743428093963322e-01 3.277019117849407914e-01 5.494585537805718456e-01 1.000000000000000000e+00 5.684286053346135903e-01 5.318398234333119312e-01 5.520505680818781347e-01 6.348636933957449990e-01 5.453756094579987890e-01 5.062056216110247808e-01 6.686769176973952344e-01 6.587239330520804348e-01 5.855141589079146947e-01 5.791390582217178506e-01 5.551582933801182396e-01 5.321126532002032894e-01 5.660720546860571467e-01 6.099717919428719881e-01 5.969154401289207268e-01 5.187164061014551963e-01 5.601580019178868941e-01 5.947476149478669871e-01 6.017679673725933043e-01 5.965295444774975087e-01 5.752696750427647165e-01 5.802057934157673902e-01 6.377352912507003868e-01 6.570563874436275986e-01 5.894848982566092133e-01 6.238702548550304483e-01 6.005183773479016995e-01 6.256714943275507590e-01 6.411710538097363798e-01 6.603740508106350493e-01 6.645507514022801487e-01 6.283131559744785655e-01 6.681584743230531975e-01 6.749194968429076402e-01 6.598350517137938631e-01 6.713648174991432294e-01 6.588490114667566733e-01 6.705162437788579899e-01 6.859970198209054404e-01 6.832607641574904855e-01 6.791817885846356262e-01 6.663404115178545029e-01 6.789740100560259783e-01 6.484307324539829720e-01 6.626361420724192763e-01 6.622013052086788143e-01 6.652955547017338489e-01 6.660240283366019032e-01 6.490237262520032191e-01 6.778861756911185310e-01 6.738809239933370998e-01 6.746773135664765331e-01 6.972046386060145595e-01 6.723533600589260972e-01 6.699738004369423239e-01 6.754436391454059496e-01 6.660342905678109382e-01 6.610743955886997369e-01 6.853640763829915716e-01 6.765363932765000587e-01 6.838441816174100074e-01 6.829602661899691896e-01 6.817954936193526549e-01 6.829696017299681232e-01 6.689689276587676980e-01 6.662613602204385810e-01 6.751291323578048065e-01 6.737234380095878938e-01 6.717077602124966740e-01 6.647334977040054715e-01 6.670286008196697480e-01 6.708737866945279071e-01 6.729215100931723592e-01 6.787335081250058799e-01 6.803714435304621944e-01 6.692551156654777955e-01 6.875670632267140148e-01 6.826060969325405958e-01 6.862633406356349886e-01 6.887757111320711445e-01 6.866704652755130089e-01 6.777027390553835851e-01 6.732333900407918570e-01 6.903461330781770489e-01 6.849080410923942264e-01 6.909396539720112917e-01 6.880224244671018230e-01 6.892752546275187076e-01 6.896636681137312541e-01 6.743099542480562869e-01 6.930457634963468339e-01 6.940420773846771585e-01 6.965940090846686195e-01 6.898915618007798178e-01 6.827826372720794401e-01 6.916525749876952789e-01 6.900179465548307300e-01 6.811633663096490210e-01 6.883700048502715552e-01 6.852989708938639346e-01 6.820689565545491329e-01 6.898036581712214677e-01 6.895428423850505917e-01 6.844928985079133943e-01 6.847306722110968469e-01 6.871164115153631791e-01 6.818068324674130265e-01 6.784977806935736933e-01
1.129864103100241823e-01 1.293111660519525863e-01 2.680893387937418049e-01 4.354129213755217886e-01 3.588804376617109049e-01 3.914417798237816437e-01 5.999602550927158884e-01 5.684286053346135903e-01 1.000000000000000000e+00 7.228366292079597688e-01 7.187751364747132499e-01 7.772872327621316302e-01 6.486499791698329132e-01 6.065374168419748191e-01 7.909940606136387498e-01 7.511718917067077284e-01 7.826995925729299808e-01 7.025823874340086928e-01 6.900550793604335320e-01 6.275559237474978014e-01 7.219018134768809825e-01 7.308549201662167816e-01 7.593856945850734341e-01 6.503742514799956131e-01 6.671556904705255864e-01 7.834927805048989002e-01 7.744193710824359700e-01 7.495600266918861498e-01 7.583871179126501216e-01 7.700560725049028221e-01 8.195875996939184782e-01 8.201088458471235132e-01 7.407764628570997489e-01 7.478120413366128316e-01 7.736958165776348650e-01 7.362106027722219448e-01 7.966290548226406809e-01 7.907013319609438318e-01 7.968681553210132940e-01 7.515826194860216747e-01 8.255271110988082750e-01 7.970359696579082387e-01 7.348888058174666282e-01 8.052610243445796900e-01 8.191482813870769597e-01 8.145062181920135203e-01 8.467042313807909837e-01 8.523273458413053172e-01 8.493639595235770168e-01 7.903484466637752393e-01 8.209232145160193506e-01 7.575946339032003651e-01 8.088760799668329726e-01 8.565846561384461433e-01 8.325396773894713220e-01 8.261928175636518157e-01 8.455358195460923598e-01 8.298344874370819912e-01 8.380128736410129564e-01 8.568430785284945062e-01 8.411364075984859578e-01 8.432116049796286594e-01 8.375211330496739048e-01 8.529686400987175343e-01 8.477116387393278663e-01 8.506361177336372315e-01 8.481184129195091792e-01 8.335743032659810314e-01 8.437208079483551337e-01 8.294370090647349425e-01 8.287807909519281369e-01 8.364300795959833668e-01 8.165825026144450938e-01 8.125386003447270244e-01 8.454623013710883539e-01 8.430111147366424751e-01 8.294239119929119886e-01 8.375901762758032332e-01 8.252891864859971394e-01 8.391106697171285544e-01 8.384762650074267798e-01 8.462096585944997029e-01 8.463166860592199470e-01 8.360888887698836314e-01 8.304222038192148325e-01 8.299947373074448853e-01 8.376433291200080511e-01 8.326339755880909355e-01 8.372777049557166285e-01 8.362643920557358834e-01 8.246177311582422176e-01 8.377237667079501238e-01 8.401981957418965807e-01 8.353658307533299299e-01 8.486812303591952933e-01 8.497788712929912336e-01 8.274479272301860089e-01 8.438907668447245269e-01 8.456801834038163435e-01 8.351131187085645280e-01 8.201907973232415161e-01 8.466639024402023983e-01 8.427210419269690611e-01 8.420955185270342369e-01 8.401377484611045610e-01 8.526442842531907207e-01 8.562898709114274975e-01 8.483073667013432129e-01 8.445844168071250380e-01 8.444118093645391898e-01 8.406599842968234260e-01 8.589032221928827315e-01 8.494763498088252485e-01 8.569868727395297814e-01 8.542848273066283582e-01 8.590801920508546186e-01
7.157882178673155571e-02 1.374087932640297161e-01 2.420226234425943146e-01 4.308483403477705864e-01 3.459113190198546128e-01 3.665288229246706497e-01 5.997185528288953016e-01 5.318398234333119312e-01 7.228366292079597688e-01 1.000000000000000000e+00 6.524847032182387041e-01 7.408740659399191131e-01 6.165768432701769219e-01 5.623970903334906124e-01 7.370770330124446490e-01 7.132837927615873763e-01 7.190875167010296609e-01 6.347179172519468171e-01 6.266435602951614392e-01 5.940941940331936344e-01 6.607782285796984789e-01 6.815586252079761653e-01 7.045618580973619371e-01 5.822789717943317456e-01 6.084795131823081960e-01 7.230558113659978359e-01 7.267426187741822252e-01 7.071085776362553421e-01 7.232851816865194516e-01 7.163800060134349890e-01 7.651802561000022873e-01 7.675898677921683122e-01 6.987278966784334910e-01 6.997727784745810808e-01 7.196164771758875034e-01 7.022235612175670161e-01 7.474521532633175980e-01 7.528456632048514674e-01 7.554650081579767917e-01 7.226328301950377675e-01 7.759027799819256943e-01 7.526950505350424869e-01 7.026646978607183902e-01 7.621432226925485276e-01 7.688107347811657943e-01 7.673639642516771886e-01 7.938727940192059629e-01 7.987043739208794513e-01 7.915150870277207762e-01 7.393747062010366244e-01 7.722721617066452549e-01 7.090666643679623959e-01 7.529521343748654116e-01 7.968611582972996432e-01 7.874143267168653981e-01 7.832431227145998376e-01 7.841838446631813619e-01 7.850543520201722636e-01 7.886919285316196238e-01 8.010346673621059344e-01 7.824527852625543511e-01 7.916525815237561714e-01 7.858930001839741220e-01 7.916411157396092690e-01 7.865799392459779105e-01 7.895858479134875152e-01 7.920733577092496924e-01 7.764307941681147796e-01 7.857498312970934151e-01 7.774241646533317507e-01 7.719555409552867342e-01 7.826833477366751390e-01 7.546356681021956225e-01 7.511478465770636825e-01 7.907126223290508182e-01 7.897175846672014332e-01 7.784872662028666790e-01 7.930563075105030446e-01 7.812096114190603124e-01 7.862460678937667202e-01 7.889897055071860565e-01 7.931951830837333794e-01 7.941832513545441508e-01 7.835407958700248976e-01 7.800933280903654676e-01 7.756770940252354363e-01 7.892272139986977741e-01 7.865660905973038686e-01 7.893354890700636783e-01 7.898698418053091697e-01 7.781547077617586572e-01 7.871343143373256135e-01 7.902482291596130137e-01 7.860289557699422502e-01 7.961086311664614668e-01 7.960290754243696254e-01 7.771717940913837053e-01 7.818231590297799460e-01 7.886116261973997732e-01 7.846468739851371055e-01 7.721941494844444254e-01 7.911627033380218554e-01 7.904286215762322820e-01 7.921422875099781713e-01 7.841408655979970055e-01 7.950560689186169094e-01 7.986844999250617416e-01 7.950015639479031115e-01 7.946107129079917897e-01 7.924452127930968759e-01 7.928494965970532826e-01 7.999505633540970884e-01 7.965407605632506272e-01 7.977587607786442714e-01 7.965545544527713462e-01 7.999695975690427341e-01
3.422917001644291968e-02 1.070306887552791020e-01 2.604389494739110522e-01 4.394493944675101349e-01 3.608656408646765401e-01 3.830343814550092874e-01 5.985824654635704123e-01 5.520505680818781347e-01 7.187751364747132499e-01 6.524847032182387041e-01 1.000000000000000000e+00 7.670595267926008098e-01 6.290964361947775085e-01 5.722367859568420201e-01 7.632900591072083740e-01 7.232141036714679894e-01 7.223578131731840379e-01 6.822337609309514495e-01 6.758587893623031473e-01 6.020887913699266569e-01 6.944759979042747222e-01 7.077763920241800788e-01 7.331650093075733343e-01 6.311915217835780689e-01 6.447078534103100056e-01 7.582598959117509141e-01 7.532447744914066989e-01 7.436072830971225400e-01 7.511329757557514419e-01 7.407634246815473222e-01 7.994084115214680208e-01 7.845560816242813651e-01 7.245214412609142229e-01 7.281903741877288061e-01 7.473187138896699722e-01 7.104942446366696585e-01 7.738109980043113012e-01 7.733387363330799236e-01 7.792127496763967542e-01 7.436347577286516186e-01 7.925110386989897560e-01 7.776242317338728505e-01 7.267025242650764216e-01 7.835700192369574602e-01 7.863955395663224657e-01 7.891709643188173917e-01 7.982008832274862797e-01 8.049906786200096143e-01 8.030261709996060482e-01 7.621383204119146493e-01 7.938512708237611681e-01 7.197065044452539695e-01 7.655666253008249766e-01 7.998567751976964901e-01 7.943706724508415862e-01 7.987203953812443968e-01 7.850797205008871460e-01 7.942781564825964757e-01 7.982051817667236149e-01 7.982207817074965517e-01 7.962395983893916229e-01 7.924536093028724526e-01 7.928088259042965769e-01 7.975948227848547178e-01 7.970364598023768066e-01 7.929743438682514967e-01 8.022381367439892497e-01 7.993564646017371489e-01 8.043989284663823902e-01 7.882534185169661756e-01 7.951724852166576207e-01 8.017207379196381600e-01 7.822129917865028315e-01 7.782105690169056622e-01 8.123514350678150420e-01 8.063868558984292889e-01 7.967368437051099983e-01 8.046455945213207839e-01 7.955244688886514703e-01 7.994700564221116634e-01 8.018086988604572474e-01 8.094242294197365739e-01 8.095257464042069362e-01 8.005082361648672151e-01 8.016141669448131335e-01 7.962442189519896019e-01 8.013195473742459329e-01 8.024163127923868988e-01 8.016673534415823532e-01 8.121557482882385548e-01 7.990568859389441947e-01 8.041562480229690335e-01 8.035176273763894317e-01 8.018395962782897124e-01 8.043577541414854704e-01 8.052162911208482488e-01 7.966659938047419010e-01 7.954505872482503515e-01 8.047682865187477663e-01 8.013639183786647191e-01 7.951815198295048015e-01 8.047549483710908502e-01 7.996010480028543643e-01 8.067303871358015854e-01 7.982651413649396455e-01 8.070346510926093009e-01 8.070374022066595376e-01 8.072479847905871253e-01 8.062078950430954238e-01 8.032841270301924741e-01 8.027221691287381722e-01 8.079554603474491392e-01 8.043224124797361263e-01 8.073684123672727475e-01 8.058139291372896640e-01 8.061072749602040677e-01
2.878102159160394677e-02 1.238356005938589938e-01 2.984125648363055716e-01 5.076708089976749161e-01 3.959828459996946881e-01 4.436537805984959171e-01 6.914739751624838782e-01 6.348636933957449990e-01 7.772872327621316302e-01 7.408740659399191131e-01 7.670595267926008098e-01 1.000000000000000000e+00 7.184089923248885290e-01 6.381970639694148906e-01 8.430136279295264989e-01 8.130521305815446853e-01 8.069027021413476275e-01 7.579511999544080725e-01 7.476530895455434367e-01 6.764861872753922256e-01 7.756088601077175682e-01 8.013356614677791256e-01 8.109870411701659565e-01 6.934999945950048872e-01 7.334193388391921919e-01 8.316952774596844122e-01 8.267036501354128042e-01 8.147371457849496013e-01 8.141214942383065978e-01 8.118325526355326671e-01 8.703600334021763807e-01 8.822955042304269080e-01 7.996420252838059017e-01 8.230571084151985239e-01 8.241250531784611866e-01 8.328334846394972457e-01 8.622808473187908440e-01 8.722196660058350037e-01 8.793357347056821594e-01 8.458304447853403074e-01 8.836433276099201484e-01 8.761602130088778084e-01 8.388064344586271259e-01 8.878256174962598779e-01 8.863334532140821898e-01 8.866699475314658851e-01 8.973881180090431675e-01 8.960333394881614399e-01 8.937995588046728779e-01 8.622239946792700227e-01 8.928102164029316778e-01 8.280599912625008496e-01 8.653348667399911598e-01 8.812830607537149863e-01 8.808981524486241277e-01 8.893026813866440339e-01 8.707974615173974531e-01 8.875590615312407561e-01 8.902313030937313298e-01 8.961460378776395785e-01 8.967955476267709392e-01 8.883449678911662373e-01 8.854692963441538334e-01 8.932781204255000329e-01 8.881977752467670184e-01 8.829688614976183292e-01 8.973665198313390823e-01 8.932822220835663352e-01 8.972875822150985226e-01 8.877028632296080080e-01 8.930033510921249196e-01 8.949656076738934374e-01 8.743838828114834927e-01 8.733604408381713258e-01 8.986156524339983243e-01 8.966363318051862041e-01 8.901223441580728979e-01 8.929852569446531385e-01 8.893650649132838204e-01 8.896522295464555086e-01 8.927186920768858114e-01 9.000485888838568593e-01 9.050700662197892488e-01 8.908355129719478516e-01 8.960584348582293357e-01 8.913853355493167596e-01 9.032571862918123973e-01 9.011573149844325226e-01 9.005808960198496971e-01 8.983445846565520920e-01 8.965421764402277116e-01 8.993336383512111620e-01 9.022296487246104224e-01 9.017160116600231312e-01 9.017915482692741014e-01 9.014085261180688757e-01 8.916206024119001095e-01 8.814932536461835832e-01 8.970538030375495575e-01 8.993302735157010508e-01 8.934562615765622162e-01 8.971070530546975119e-01 8.962558002434513060e-01 9.010077041076842708e-01 8.985235369404726002e-01 8.926141157151814554e-01 8.995798336166033193e-01 8.987594819965781801e-01 8.991763744946578152e-01 8.994665609920717841e-01 8.982978473730498514e-01 9.014442028760024650e-01 8.944301732651469550e-01 9.007485533109804710e-01 9.009916443937975306e-01 8.942457832285823915e-01
2.253119269833698396e-03 1.214230071683831957e-01 2.056506659408788018e-01 4.102893602524108618e-01 3.290720252450561323e-01 3.909626956747906945e-01 5.973301092784483179e-01 5.453756094579987890e-01 6.486499791698329132e-01 6.165768432701769219e-01 6.290964361947775085e-01 7.184089923248885290e-01 1.000000000000000000e+00 5.326985540141342401e-01 7.433119339149686366e-01 7.158708030395543043e-01 6.841016790382580259e-01 6.559574724228955933e-01 6.546787298551148826e-01 5.914542835973607415e-01 6.503244982685190134e-01 7.036935848039560515e-01 6.990236083087530972e-01 6.132026182492263944e-01 6.628552559013319856e-01 7.052575298083536559e-01 6.978338264530717927e-01 7.101694949904029386e-01 6.958884994475148522e-01 7.003342187637832117e-01 7.435344964915673316e-01 7.560059401099245013e-01 6.659050503305606883e-01 7.200723107241909782e-01 6.951916371599043964e-01 7.083347862097956193e-01 7.475172039737847385e-01 7.401053769601799726e-01 7.540428055180905531e-01 7.249541749671772894e-01 7.673293296670926633e-01 7.669790751925190664e-01 7.426816407822304233e-01 7.676715072456483657e-01 7.596509212651559872e-01 7.686512276573449487e-01 7.760492548287345471e-01 7.740996134962229158e-01 7.699320929558408633e-01 7.327136507964172596e-01 7.591864401837574716e-01 7.353888651716996572e-01 7.467953291966151763e-01 7.497701081506289444e-01 7.564419691411365942e-01 7.703940009756282681e-01 7.356674766102946350e-01 7.680915480186066846e-01 7.604362966748955399e-01 7.657993362601348553e-01 7.761914657985439225e-01 7.582645454844866295e-01 7.536048588055112019e-01 7.520077173448999064e-01 7.654627959391941960e-01 7.526491783997898422e-01 7.762086742839674480e-01 7.714263339067247705e-01 7.729550600946668570e-01 7.645356229831058448e-01 7.736048294458798269e-01 7.803517155601895627e-01 7.635598783940036327e-01 7.658179431369452894e-01 7.754981789152129990e-01 7.722419693606683566e-01 7.732487976464786916e-01 7.695757830456791959e-01 7.746694211561017118e-01 7.686490273499911874e-01 7.679188977570949870e-01 7.762087759723497182e-01 7.762662305969675325e-01 7.624309997296648822e-01 7.739194465765786290e-01 7.730619457387505333e-01 7.774601456594106841e-01 7.776237270910971722e-01 7.771610913252180453e-01 7.766785804825894202e-01 7.721140248422219132e-01 7.820746754028544689e-01 7.818898567710377279e-01 7.844422779949690172e-01 7.785750406427460746e-01 7.796471942948943745e-01 7.709358367529819400e-01 7.525280447253707150e-01 7.791255875533172892e-01 7.773541916216160086e-01 7.815537977392633673e-01 7.715689358903619066e-01 7.758245117200411878e-01 7.837298028043893083e-01 7.814933180837650983e-01 7.696077379888042191e-01 7.736278689106677042e-01 7.791131868607832356e-01 7.776512451988927266e-01 7.792730400375001976e-01 7.790431561762769519e-01 7.735792101972668311e-01 7.731909027667591694e-01 7.727438811214469849e-01 7.791065838754320794e-01 7.670920511287895316e-01
