1.000000000000000000e+00 1.629348207259163350e-01 1.319288336194693878e-01 -6.818452520141445126e-04 -1.915707823956403280e-02 -3.755453817443750453e-03 -2.744801046802715014e-02 2.685637166889910665e-02 1.118976915696665714e-01 7.417879583580015701e-02 4.746040454956258065e-02 7.227106220505137221e-03 -3.841078093634742868e-02 1.390004329546494152e-02 1.202057577376341481e-02 3.896857976101297111e-03 7.258298927912597287e-02 1.844221391097167206e-01 1.129889133992308531e-01 4.711992612978117834e-02 1.004589869758230336e-01 5.103024505277951872e-02 1.177593249087292987e-01 1.144930697497127253e-01 1.063052500790098442e-01 6.576979052621868826e-02 5.111647783833945385e-02 4.180615510384229350e-02 7.472556041356917533e-02 8.109293883981091855e-02 5.654653546107678286e-02 8.194062662322401658e-02 4.645266527133496554e-02 5.066670519293713093e-02 5.954704997635660441e-02 7.043906732283847227e-03 3.735103678036969660e-02 3.189278904173734747e-02 2.481678320587313302e-02 -1.284810664201997861e-02 2.426166970247408891e-02 9.919401391337529655e-03 6.498503073936592184e-03 1.609992148855203531e-02 1.211749343843349612e-02 2.193676996782226163e-02 1.078707604486663085e-02 3.522547265599405147e-02 3.243027575122846284e-02 -7.770137864954204492e-03 2.473521709162349730e-02 -2.194959893246393318e-02 -2.180080485370062063e-02 5.422965147609513925e-02 5.907046172689175284e-02 4.059419300332773456e-02 1.976245817351149694e-02 1.564997908032642396e-02 1.786310480397538397e-02 1.900641284630029404e-02 6.604565632316233836e-03 1.712160651099981293e-02 9.776772876254856415e-03 1.580994162701658198e-02 3.462815119004925002e-02 1.585418641494328734e-02 3.713731279511350847e-02 5.216587747729498070e-02 4.819756905865746344e-02 3.500812378921148993e-02 2.737175193220262037e-02 3.241143244573470306e-02 4.853482090261148491e-02 5.061697119912767634e-02 2.137146675668578563e-02 2.741940817843635872e-02 1.806042532622134655e-02 3.363524542097162673e-02 2.003758590164890496e-02 3.228916836763513765e-02 3.446267399173442297e-02 2.213244544887364024e-02 4.513050377001679575e-02 3.158709114346453656e-02 2.677399468074054788e-03 2.495515562608234539e-02 8.604497804996714266e-03 8.093807075971038226e-03 8.703746418318832750e-03 2.818792214014578801e-02 3.746102268699647020e-03 2.519012189128067535e-03 8.580160527619203406e-03 1.138296642456324871e-02 4.817609849487724562e-03 1.539446909909260482e-02 -3.451049974128375664e-02 -1.280939099355856477e-03 -3.065176419120426484e-03 -3.826261126619221690e-03 -1.193896149957622554e-02 3.068315733605511252e-03 -1.021904160063939401e-02 -3.243470946772317263e-03 3.430063318369568244e-03 1.097507415549207888e-02 1.576563174733059194e-02 2.583709137990043703e-02 3.141552356499173471e-02 2.455020677480445907e-03 6.676623426162977106e-04 9.730088118879626213e-03 4.401699433763805493e-03 7.218120804546496010e-03 2.809128128237789804e-02 4.325121432157744833e-03
1.629348207259163350e-01 1.000000000000000000e+00 1.748323258924455725e-01 1.711755372187473423e-01 4.059705116695477845e-02 6.373684264450313330e-02 1.000882200310335979e-01 1.274510137993220549e-01 2.222400705207167315e-01 2.198779079318797791e-01 1.685106102954368190e-01 1.694333819775081518e-01 1.198409742659010957e-01 1.406639336673449481e-01 1.702942890147940702e-01 1.534461956839078267e-01 2.071087199690840597e-01 3.552436799742428875e-01 3.042929502810361453e-01 1.754409477625676339e-01 2.709758219834901838e-01 2.348515739301267335e-01 2.978587421661718082e-01 3.082336303693811175e-01 2.860142252538541152e-01 2.145641982192810771e-01 1.762445629868465424e-01 1.987714246905112614e-01 2.218543443304842600e-01 2.286811977508509675e-01 2.085020530409741335e-01 2.523679576089827847e-01 2.088901304641565815e-01 2.232251155217691296e-01 2.148794666506467776e-01 1.778628905794300830e-01 1.788172089450309199e-01 2.077890115569917540e-01 1.888516613820750978e-01 1.616285985328859698e-01 1.793499525527837146e-01 1.689027365181277052e-01 1.760674086499481317e-01 1.711884194139836890e-01 1.724926708023964139e-01 1.621183329206734858e-01 1.485524710807687998e-01 1.734621780093506815e-01 1.642626849463498795e-01 1.516347885658317907e-01 1.811829789457912454e-01 1.231521291349473302e-01 1.154844286805233461e-01 1.962706131533888398e-01 2.026801791410877407e-01 2.032272499366082896e-01 1.716381695380472527e-01 1.660452247207915566e-01 1.743380168003378639e-01 1.526706933141530609e-01 1.549566261217060759e-01 1.621199162608099875e-01 1.609127734953674782e-01 1.575730240716611552e-01 1.718999342041143408e-01 1.528869967995004908e-01 1.592613481825969346e-01 2.111971281214472806e-01 2.080151897647719850e-01 1.869700499748895572e-01 1.939263202227484439e-01 1.829928993138792426e-01 2.194127878917312702e-01 2.150939659862950715e-01 1.639998727168344994e-01 1.778067808394842297e-01 1.614868689532947821e-01 1.856377733606517921e-01 1.677698233579018594e-01 1.757561633904132226e-01 1.679230562918070380e-01 1.640753008333381002e-01 2.014825026414052422e-01 1.757441153740309792e-01 1.623872488678611559e-01 1.829037312727999631e-01 1.499117057462353575e-01 1.643928264945012652e-01 1.533855500731002852e-01 1.881954393746340382e-01 1.614638102741821346e-01 1.532629241588866209e-01 1.531197362709495746e-01 1.555142858506113612e-01 1.398945368897835662e-01 1.525626543399045687e-01 1.182252341576813665e-01 1.296808224533599341e-01 1.393406571783104286e-01 1.389080969607436045e-01 1.382468794558941727e-01 1.451917375530439591e-01 1.270384693017191924e-01 1.412836100688972529e-01 1.469119499498647285e-01 1.584545051448166542e-01 1.485639671407464057e-01 1.658285827902273857e-01 1.742023845356156786e-01 1.424979055777008119e-01 1.495925687555828831e-01 1.425639558721360500e-01 1.442817498622688266e-01 1.436918920789559406e-01 1.657650244719275079e-01 1.386226318529349411e-01
1.319288336194693878e-01 1.748323258924455725e-01 1.000000000000000000e+00 2.733901412235705264e-01 1.218248980302654161e-01 1.413943632885653889e-01 1.805305174573832716e-01 2.140241761857763492e-01 3.072879636985019758e-01 2.313781467106616752e-01 2.926997055992261454e-01 2.914472550657514760e-01 2.093481039326505200e-01 2.499575826891640706e-01 2.834751809039968151e-01 2.577579228099074471e-01 2.853130500907545275e-01 3.525956422791691192e-01 3.451537452368928505e-01 2.754171487515982841e-01 3.584071400529869611e-01 3.306654623866916998e-01 3.444877940851101550e-01 3.423268567458310208e-01 3.400430741220831221e-01 3.160273126394485543e-01 2.978035174370724514e-01 3.166568574222010657e-01 3.219582351942535392e-01 3.351465759189994342e-01 3.169005052999089855e-01 3.281898793134563896e-01 3.235605940521862900e-01 3.243986547600542503e-01 3.118582978780021775e-01 2.882831892415150254e-01 2.910591670064728853e-01 3.131865101556664532e-01 2.942259792608744040e-01 2.767482854280708948e-01 2.877005467359706747e-01 2.851199497515587988e-01 2.814641916682233402e-01 2.904515389882112442e-01 2.764626473100741944e-01 2.754162545249655425e-01 2.696589217750109402e-01 2.749360436838843569e-01 2.948381600399814784e-01 2.925372024847345265e-01 3.060458450146292253e-01 2.743401221551251545e-01 2.547053850332625657e-01 2.912136774844857334e-01 2.950850706783729738e-01 2.963866994187566162e-01 2.986261425761766453e-01 2.751643196334889740e-01 2.899184105032477921e-01 2.667638649848597665e-01 2.833941038865652184e-01 2.800737861187819755e-01 2.899155708782732987e-01 2.890520771354198604e-01 2.980905028016052061e-01 2.783244909624328911e-01 2.718221051329787197e-01 3.048398243282469666e-01 2.982159757057005756e-01 3.053298773342080219e-01 3.085441840556927828e-01 2.951296648403617384e-01 3.096459376139918951e-01 3.079147675209092938e-01 2.865449203600834438e-01 2.884704392891608848e-01 2.791532453074485054e-01 2.977121657453151160e-01 2.871324363793014700e-01 2.856121958633707214e-01 2.913125155837011926e-01 2.858875966175581929e-01 3.061802721445349151e-01 2.846594887456855849e-01 2.806850226667107484e-01 2.895502037791883310e-01 2.703278902932882977e-01 2.769004132223062409e-01 2.688712711022908097e-01 2.855384918751454060e-01 2.764992142893598626e-01 2.666576414488449065e-01 2.753897068847621643e-01 2.737342681177826753e-01 2.608530281484007785e-01 2.670408342675106295e-01 2.540583093482761678e-01 2.684495364685663410e-01 2.619366298656277681e-01 2.632129237472704553e-01 2.618319026893192736e-01 2.700446506776616462e-01 2.575605360897916252e-01 2.643636277377064414e-01 2.767774123221457550e-01 2.804361512912433851e-01 2.709913945171428251e-01 2.722999666029478627e-01 2.788101660814540916e-01 2.588339096827860231e-01 2.675037073338421556e-01 2.644984603690798686e-01 2.641007692488481773e-01 2.695669644479850025e-01 2.877486909405058690e-01 2.668469777131198817e-01
-6.818452520141445126e-04 1.711755372187473423e-01 2.733901412235705264e-01 1.000000000000000000e+00 2.348374813312959219e-01 2.788343271338162843e-01 4.147711543604381546e-01 4.260214776054031538e-01 4.386636452443319900e-01 4.040626769458560696e-01 4.877908494735529454e-01 5.123739738146683154e-01 4.241891561789014053e-01 4.196710683322800728e-01 5.094058039786862890e-01 4.931014365781984932e-01 4.806913087605454438e-01 4.268543271722932686e-01 4.915391899191267067e-01 4.562104353217069086e-01 5.293820320549023073e-01 5.201961260387397701e-01 4.661983125431030661e-01 4.772006993468314029e-01 4.827119103970051173e-01 4.978929199076250200e-01 5.045306858175478970e-01 5.190770559925950156e-01 4.941616166282828959e-01 5.184953241395955370e-01 5.197594468370041465e-01 5.121837581748028834e-01 5.012235244651463972e-01 5.104988864832730178e-01 4.953577865978204819e-01 5.249732520508200162e-01 4.847625012206134842e-01 5.218842219258189585e-01 5.069347559120662705e-01 5.188363907352988580e-01 5.015391176555057395e-01 5.100035592953872099e-01 5.219878706977035820e-01 5.234925612661645022e-01 5.056940409070729281e-01 4.913325855917208829e-01 4.918447908647466948e-01 4.883645714050112163e-01 5.105523232693655045e-01 5.230432797803692413e-01 5.340880383323920455e-01 5.300718087551929969e-01 4.924873763738348287e-01 4.941436650644987494e-01 5.017419439137016379e-01 4.991435835394342213e-01 5.270195461344561183e-01 5.055247780128399038e-01 5.212077675670349075e-01 4.899369559301273158e-01 5.190256147251610663e-01 5.070422108614902612e-01 5.151359549191820708e-01 5.146232858177419711e-01 5.016503643653101863e-01 4.983756584498864606e-01 4.816947030300210431e-01 5.043002389742576863e-01 4.980082351654784301e-01 5.307144411085387148e-01 5.367072983986683754e-01 5.110712162411112924e-01 5.153815308829390318e-01 5.136644937829490942e-01 5.038677038169894207e-01 4.973575700645566089e-01 4.943285449519516650e-01 5.019361762914155145e-01 5.064463668318767153e-01 4.979311899589994317e-01 4.954342615804469552e-01 5.087381994019389841e-01 5.053291452092727454e-01 4.909489359312552148e-01 5.021284038317342935e-01 5.026239572106103726e-01 4.948106250518691795e-01 5.026006098083195539e-01 4.895217671089202582e-01 5.005007475044780385e-01 5.038980968679914740e-01 4.968103219489898303e-01 5.018179330932059923e-01 4.983559781918690534e-01 4.866651739021977674e-01 4.898933712045630551e-01 5.049938429835436615e-01 5.035260929136582408e-01 4.983144355476630816e-01 5.037410290337984708e-01 4.980173425072694227e-01 4.988209635103800221e-01 5.012881773134520991e-01 4.968544139807990478e-01 5.073590771169418367e-01 5.094409620824827956e-01 4.959937563816129158e-01 4.847840760990770881e-01 4.943900266832797485e-01 4.921022893837820877e-01 4.992142327021352743e-01 4.887930717876772801e-01 4.935573055246392227e-01 4.945641159477888738e-01 5.043653364584970156e-01 4.962161882426927018e-01
-1.915707823956403280e-02 4.059705116695477845e-02 1.218248980302654161e-01 2.348374813312959219e-01 1.000000000000000000e+00 2.413632600305125331e-01 3.734898885323719164e-01 3.315558131523658192e-01 3.400444958928249273e-01 2.927292754194318336e-01 3.376942717091205859e-01 4.088448519183122687e-01 3.931051025439971092e-01 3.719891664425347688e-01 4.272554700894867219e-01 4.110697265789399757e-01 3.845211255166094411e-01 2.401370003531430597e-01 3.165357972140495635e-01 3.354143867774398435e-01 3.131324550788889272e-01 3.739476967973237032e-01 3.433367837147672241e-01 3.156542794404179619e-01 3.182951644889923659e-01 4.052344171623037949e-01 3.854879460547049330e-01 4.059719140794396663e-01 3.564381466105212559e-01 3.790687628191476422e-01 3.988695786418583467e-01 3.997950458021782838e-01 3.883481240804545487e-01 4.070719945540087759e-01 3.818184140646869729e-01 4.368891212413458236e-01 4.129172039737004085e-01 4.094213824974641258e-01 4.219878011629158987e-01 4.139104715267938883e-01 4.294794084975969706e-01 4.344497066993890932e-01 4.357813740639445710e-01 4.251279940959974413e-01 4.177496394917513123e-01 4.178460007612193050e-01 4.252930498046908481e-01 4.156473956553933813e-01 4.255092033947144858e-01 4.365682721476092931e-01 4.252526141826875050e-01 4.514213656252727969e-01 4.425956476690171004e-01 4.087580975474661704e-01 4.032248955835230908e-01 4.073082399525255748e-01 4.252987366508457767e-01 4.184434868517140083e-01 4.132812933172839709e-01 4.250301090605568821e-01 4.379725703464277808e-01 4.178315802264679912e-01 4.239821176577284190e-01 4.321871144849595003e-01 4.247487471188345354e-01 4.288725177677915057e-01 4.178849764360030861e-01 4.012486560742013486e-01 4.080530603452947602e-01 4.229169973040871611e-01 4.128012657149316977e-01 4.098866960148909722e-01 4.000596550229254533e-01 3.991462304832442132e-01 4.246098330238005647e-01 4.171142762797853676e-01 4.237695771142919177e-01 4.058596211362468509e-01 4.154432973592774858e-01 4.090271453282461889e-01 4.187359720718754619e-01 4.126037644001557814e-01 4.159207388271897732e-01 4.103804342314717468e-01 4.298261185438603249e-01 4.242320630371766987e-01 4.259818946621046210e-01 4.267900238705920057e-01 4.257947023509220386e-01 4.185671124006008492e-01 4.287884893203217085e-01 4.314026244716462899e-01 4.274487814770361882e-01 4.258114798150634539e-01 4.212312702838465484e-01 4.217917325241278270e-01 4.489947014036730910e-01 4.383029251010805982e-01 4.328903183629582152e-01 4.336314259716506081e-01 4.379665547832209405e-01 4.299652805232442865e-01 4.339019754958050590e-01 4.370932400453311217e-01 4.375613080257818033e-01 4.325381710553681813e-01 4.285795781576678953e-01 4.155650026836641975e-01 4.156544872798229595e-01 4.239060906101401183e-01 4.222289570982506457e-01 4.274235015880901711e-01 4.237838974910161927e-01 4.301970630458925582e-01 4.235327917415601662e-01 4.305449873772765890e-01
-3.755453817443750453e-03 6.373684264450313330e-02 1.413943632885653889e-01 2.788343271338162843e-01 2.413632600305125331e-01 1.000000000000000000e+00 4.430421015922343941e-01 3.835491997686596988e-01 3.905485935530733088e-01 3.951200801911556315e-01 4.353870114355774534e-01 4.503811837529693163e-01 4.367370512464634480e-01 4.265426377183803019e-01 4.857015954526482382e-01 4.689516645726621302e-01 4.332214028726749655e-01 2.905300193348980820e-01 3.690440471872991623e-01 3.284046629131588957e-01 3.727175088036628892e-01 4.266911958920210912e-01 4.026148171367075479e-01 3.643233834934751503e-01 3.681983556478232167e-01 4.754857709011584554e-01 4.700461083912290117e-01 4.751944282310336387e-01 4.459099997561548068e-01 4.651412620964217592e-01 4.770995186307134261e-01 4.570704085064080657e-01 4.547501739514441810e-01 4.698923207075536013e-01 4.667072568198207261e-01 4.853288214611117812e-01 4.795381455570327800e-01 4.890346146476314826e-01 4.922645498173927603e-01 4.852836942455467373e-01 4.925907447919086746e-01 4.998130400323135825e-01 4.956145398401892166e-01 5.093108821306128187e-01 4.965805185088132956e-01 4.931807033353799441e-01 4.989190724210679773e-01 4.933490996436016296e-01 5.016167793460941660e-01 5.014729285560590721e-01 4.978896656456222036e-01 4.900555890278407434e-01 4.932866636250314851e-01 4.908729886425295397e-01 4.861263777581493750e-01 4.858282941335250182e-01 4.979924246631788343e-01 4.967906549531401761e-01 4.945890685230791006e-01 4.968677117131647392e-01 5.052936092775239807e-01 4.989741560550131627e-01 4.974485042115964761e-01 5.075236377546662458e-01 4.912584910400783489e-01 4.980161434213432603e-01 4.956403945242612852e-01 4.815978273344685978e-01 4.840622691981845693e-01 4.850215978530280636e-01 4.860476364960516493e-01 4.924452607707578977e-01 4.724723969431063875e-01 4.721280229155772057e-01 5.013327125878898061e-01 4.935160876129337515e-01 4.961538060061896904e-01 4.876837070586360068e-01 4.961292846144595425e-01 4.924291935782008633e-01 4.942417235306247880e-01 4.990860113373938867e-01 4.911813583032768049e-01 4.945989832361227245e-01 5.037877926824892993e-01 4.911119399105383088e-01 5.021790954470880530e-01 5.014109665542383354e-01 5.036336888748905727e-01 4.971230126717423592e-01 5.009657674076738454e-01 5.036529705216440389e-01 5.040202196326274420e-01 5.030484127140431028e-01 5.021148241621575803e-01 5.017611155700871794e-01 5.039115531427215133e-01 5.064464708768924295e-01 5.036626613534916919e-01 5.040591741433906314e-01 5.059150802353623577e-01 5.033550145112217766e-01 5.052916502941685595e-01 5.053648103330224961e-01 5.008287349481866935e-01 5.033351933555265667e-01 5.035981088685692608e-01 4.980001766891591353e-01 4.977648235190456627e-01 5.009905238943140882e-01 5.009757170480001465e-01 5.026499502837786792e-01 5.016347567817708297e-01 5.065656536364884222e-01 4.988293608380424127e-01 5.037940503888560517e-01
-2.744801046802715014e-02 1.000882200310335979e-01 1.805305174573832716e-01 4.147711543604381546e-01 3.734898885323719164e-01 4.430421015922343941e-01 1.000000000000000000e+00 5.928964390900157699e-01 5.799778081200172020e-01 5.615751581607436593e-01 6.281868194526755156e-01 6.888018528139213670e-01 6.348098404206738987e-01 6.249320893153610390e-01 7.500466437663263486e-01 7.125392934758879582e-01 6.475980894009433220e-01 3.878536865440687653e-01 5.242404568513873153e-01 4.993076841533976573e-01 5.348722194759805149e-01 6.170353075519562358e-01 5.758839044818222508e-01 5.190724706632664498e-01 5.318889603901556518e-01 6.910829149734635246e-01 6.849957546497800198e-01 7.021382830584549373e-01 6.597051640557723973e-01 6.661739834282704997e-01 6.975418376314475033e-01 6.831255338775286123e-01 6.713183292967473959e-01 6.905724487490969565e-01 6.763588276356592432e-01 7.228549433523180356e-01 6.925983690772060664e-01 7.250231634269793668e-01 7.224307465464890887e-01 7.309728250099076785e-01 7.302770932767379541e-01 7.408146406305141651e-01 7.330987455914877993e-01 7.449477557122154980e-01 7.306274920703140774e-01 7.214257045564883564e-01 7.386047675678056867e-01 7.237570466278446801e-01 7.371458016567629112e-01 7.501911195861675763e-01 7.448609261118495084e-01 7.473219799775711047e-01 7.392564314569812778e-01 7.078977727739881320e-01 7.039380391786153046e-01 7.068324708530204781e-01 7.395674416236878157e-01 7.300502663602648212e-01 7.365264671680116226e-01 7.339180399375080377e-01 7.529711396709182214e-01 7.367038433357955274e-01 7.363601972535588347e-01 7.447829849767935162e-01 7.202993572408248335e-01 7.372964380098109283e-01 7.251044128678698630e-01 6.950066093344995366e-01 7.095461569507661714e-01 7.144577856608882449e-01 7.081852644573867206e-01 7.181371294321567955e-01 6.922517132557532982e-01 6.864849441636821092e-01 7.370037923544373593e-01 7.264421863116328204e-01 7.355093603619675680e-01 7.168980654306054134e-01 7.335888905704244234e-01 7.208430337032556423e-01 7.250834167328520374e-01 7.289466982911857462e-01 7.177783234973462712e-01 7.190879355268462447e-01 7.437803915272787059e-01 7.233131211825193363e-01 7.352816443148970649e-01 7.425241091864840381e-01 7.418862998414125220e-01 7.247043162012177797e-01 7.431693487718166180e-01 7.465259194590646574e-01 7.414443385985578505e-01 7.412602395265601718e-01 7.426671358135759071e-01 7.361171001782940149e-01 7.555721400878838701e-01 7.473721393184008521e-01 7.466791356878980102e-01 7.523773540415671368e-01 7.497544090702165098e-01 7.437143230567500041e-01 7.479059820914528700e-01 7.470622153868055060e-01 7.429694986972920079e-01 7.431670226586273298e-01 7.397871461842681073e-01 7.254166082563249240e-01 7.247352315898341057e-01 7.434962764665888901e-01 7.418535751050552296e-01 7.384741248159244487e-01 7.410794364557995451e-01 7.442678201323656983e-01 7.326883947102134087e-01 7.447410206507315555e-01
2.685637166889910665e-02 1.274510137993220549e-01 2.140241761857763492e-01 4.260214776054031538e-01 3.315558131523658192e-01 3.835491997686596988e-01 5.928964390900157699e-01 1.000000000000000000e+00 5.951441922074831581e-01 5.643228219564321302e-01 6.189198347660302968e-01 6.545616567557940302e-01 6.158787230855375938e-01 5.810246504099909615e-01 6.986469544889623018e-01 6.903597901169726825e-01 6.355458322012735861e-01 4.627930455602724535e-01 5.786213577361101201e-01 5.132807818391178500e-01 5.745821109733912913e-01 6.316681910311122694e-01 6.024295112583775147e-01 5.706887140793805990e-01 5.736387379563572253e-01 6.827408064111368802e-01 6.659346938340657829e-01 6.833523957053775355e-01 6.463125499063695489e-01 6.654104034999986927e-01 6.809078648375841425e-01 6.853463807270577801e-01 6.648650077089263144e-01 6.771304463558900366e-01 6.598633589617012296e-01 6.928748088248904979e-01 6.713529768074120163e-01 7.079650410528102178e-01 6.944347091788960480e-01 7.010109309825263146e-01 7.015678117792772950e-01 7.067127364728398309e-01 7.115626965119403735e-01 7.105002057597497034e-01 7.020540696889457921e-01 6.852582495357929515e-01 7.025979647439960507e-01 6.919795115124051099e-01 7.086404942129405082e-01 7.221222928785562267e-01 7.271521516389829465e-01 7.139304198549438762e-01 6.909166346709441076e-01 6.864758897813448835e-01 6.913581172859575297e-01 6.932968957968472790e-01 7.182114138581138230e-01 7.052518148266680997e-01 7.135437661190421332e-01 6.941335903184783218e-01 7.174109835540135593e-01 7.025749600493134128e-01 7.116314459528868541e-01 7.091943573970586057e-01 6.923677830098469155e-01 7.045488706260475409e-01 6.884726934334520765e-01 6.866120162345794586e-01 6.899506647977682317e-01 6.970438906681682978e-01 7.007608177122665039e-01 6.933975833100942676e-01 6.817680220012621861e-01 6.795598377533135226e-01 7.036848864549835048e-01 6.968394670776834054e-01 6.967580206697544520e-01 6.852888549575211208e-01 6.941063468975054995e-01 6.886792410373139273e-01 6.931246936404893422e-01 6.924839837400408316e-01 6.991657153470821617e-01 6.882124874696619043e-01 7.080211583123813268e-01 6.964157419110581504e-01 6.950548882236682324e-01 7.072965106053680229e-01 6.990278986305599185e-01 6.980679248275069027e-01 7.049082177272490979e-01 7.034397574120346830e-01 7.024304358852813124e-01 7.020772465845064314e-01 6.980299460161569769e-01 6.957434807088442863e-01 7.135842674373460426e-01 7.101961509871023148e-01 7.084433336830188166e-01 7.115152710170008499e-01 7.063386939299761691e-01 7.053660062684740106e-01 7.008131993899019418e-01 7.050927604361579837e-01 7.064101575075534267e-01 7.108920616001943582e-01 7.033418489251853645e-01 6.921911896100524375e-01 6.961508388609932707e-01 7.007994442858915818e-01 7.032234613546947122e-01 6.966053866610928402e-01 7.017214021046394024e-01 7.060380207817470444e-01 7.008406832559515021e-01 7.050249789264243505e-01
1.118976915696665714e-01 2.222400705207167315e-01 3.072879636985019758e-01 4.386636452443319900e-01 3.400444958928249273e-01 3.905485935530733088e-01 5.799778081200172020e-01 5.951441922074831581e-01 1.000000000000000000e+00 7.290469914286306086e-01 7.234981025387431375e-01 7.710699987003353240e-01 6.717249579628774558e-01 6.928714727114297922e-01 7.980488793952532633e-01 7.592094417319538158e-01 7.771384216130113876e-01 6.877073859873408246e-01 7.569928666681807750e-01 5.807070292429920011e-01 7.244941468266881124e-01 7.769124612360330806e-01 7.992738435371460337e-01 7.433445155159087436e-01 7.593706702468934200e-01 8.471608174977593997e-01 8.087413115917505557e-01 8.186617909036555396e-01 8.004520095954921199e-01 8.347245581372815248e-01 8.435114070881615245e-01 8.433908875882476508e-01 8.081822960488748153e-01 8.325422054213367229e-01 8.275217398769876276e-01 7.922979837203676379e-01 8.228999273408217352e-01 8.327592449550315079e-01 8.353147649747375558e-01 7.847296870863167406e-01 8.376505826032739632e-01 8.238586352254813061e-01 8.125073835041944914e-01 8.281757499765014519e-01 8.185137075851717237e-01 8.257324911080994312e-01 8.283436500173603223e-01 8.419234237107315888e-01 8.416115741609505596e-01 8.028929886065327981e-01 8.347668971704012009e-01 7.793337740283038384e-01 7.917878926313274279e-01 8.500184755911653900e-01 8.448469934961260197e-01 8.447106007838186548e-01 8.289904037289287375e-01 8.274216649751428010e-01 8.305077282824803175e-01 8.275511081477796571e-01 8.271269108177299323e-01 8.316698388775315420e-01 8.243752959275866266e-01 8.297454230111964701e-01 8.370824701371554211e-01 8.285117656429809019e-01 8.336153804054666772e-01 8.455445088462800740e-01 8.497979138713394054e-01 8.267287949317380091e-01 8.328039049656551507e-01 8.396040845047182399e-01 8.363701166389879704e-01 8.382360695186112931e-01 8.384726659640967528e-01 8.389413759056579822e-01 8.295374205516685695e-01 8.366204940227809361e-01 8.273801523093258226e-01 8.407728348628328296e-01 8.334779836876513581e-01 8.341451304447595749e-01 8.525529248900709511e-01 8.395772182234768621e-01 8.251573257566835462e-01 8.401690225430135106e-01 8.226677042604297885e-01 8.312378235193331744e-01 8.254764798757345812e-01 8.420332960385598087e-01 8.264787413552596718e-01 8.249851065822116913e-01 8.258436404362706762e-01 8.280383814282962218e-01 8.218840126134785429e-01 8.297779787235609605e-01 8.000679829430018541e-01 8.165095584133790219e-01 8.202688448783215236e-01 8.181574120006190887e-01 8.125020479345466118e-01 8.258245501170213831e-01 8.090072514676104332e-01 8.193950837545020960e-01 8.267430351122467824e-01 8.320257961030430582e-01 8.323540366835050497e-01 8.374691095779295269e-01 8.430338503643532988e-01 8.212605423432455254e-01 8.230519745652415953e-01 8.267223813041350011e-01 8.249267860752809156e-01 8.247696992651069037e-01 8.362148894250742703e-01 8.204061846823614834e-01
7.417879583580015701e-02 2.198779079318797791e-01 2.313781467106616752e-01 4.040626769458560696e-01 2.927292754194318336e-01 3.951200801911556315e-01 5.615751581607436593e-01 5.643228219564321302e-01 7.290469914286306086e-01 1.000000000000000000e+00 6.634134529439423833e-01 7.041672296047306601e-01 6.261542159393390650e-01 6.517571872231497920e-01 7.456455750365290625e-01 7.165994722004669359e-01 7.001068612754866027e-01 5.983658663713381509e-01 6.719005596797198443e-01 4.932425212602464248e-01 6.223958771942028623e-01 6.953321533889367245e-01 7.189508596154146058e-01 6.638585449967421281e-01 6.699068927795045481e-01 7.750738883211378827e-01 7.518854326440073121e-01 7.651867806445873388e-01 7.457426499276491594e-01 7.679527546634864477e-01 7.814627340588291560e-01 7.743567194319549429e-01 7.503663079418129156e-01 7.670432911074477333e-01 7.677315939423682289e-01 7.333091979712749175e-01 7.674225036140220890e-01 7.776307864685851889e-01 7.775584543009420591e-01 7.467281363235741543e-01 7.779542116047771794e-01 7.760105776530005217e-01 7.629405215797792073e-01 7.750866465405429340e-01 7.662373541294960066e-01 7.770308242021589651e-01 7.775191429026550027e-01 7.884027295980348127e-01 7.806320084663672665e-01 7.527139222450661693e-01 7.783600245757936742e-01 7.167720048580666914e-01 7.338721032533300770e-01 7.925838701360791161e-01 7.868295535456937273e-01 7.908689356460472109e-01 7.619366755104480804e-01 7.768437986509927340e-01 7.805565699157036574e-01 7.710242166281567888e-01 7.696837497701193298e-01 7.775949188684164737e-01 7.641586172928305221e-01 7.707177428320042267e-01 7.681885088465583156e-01 7.670581455197489351e-01 7.788651134935707931e-01 7.831544160193046888e-01 7.871269889262274555e-01 7.585367426038140959e-01 7.666126057591533538e-01 7.820694941790506949e-01 7.752008859477415026e-01 7.707549543250754587e-01 7.825264090684890261e-01 7.851262835140883078e-01 7.801514254274364291e-01 7.812000504963515501e-01 7.744139195304503565e-01 7.865757738960995615e-01 7.806817222358906072e-01 7.850161687458995230e-01 7.854199483398440762e-01 7.846667175839018293e-01 7.711437949999251362e-01 7.800446080504692681e-01 7.749865480184109368e-01 7.777916737100188938e-01 7.760973418913758026e-01 7.855110009959391792e-01 7.753072359563516480e-01 7.756763658815669649e-01 7.746580976847374789e-01 7.793433329091582484e-01 7.744275297096999688e-01 7.799638730500186856e-01 7.465982692081074568e-01 7.590453473366517434e-01 7.669598466003386683e-01 7.683994766811301780e-01 7.614235396570139258e-01 7.703266604447429611e-01 7.586861026688871412e-01 7.675510887266586701e-01 7.658388276513371506e-01 7.687710085193647513e-01 7.767073817156791016e-01 7.840790655733802517e-01 7.852884089492743191e-01 7.704935889774306990e-01 7.724631441054705672e-01 7.728605117490908727e-01 7.729187821247623935e-01 7.691444446497197607e-01 7.751727034333599775e-01 7.650809882909292980e-01
4.746040454956258065e-02 1.685106102954368190e-01 2.926997055992261454e-01 4.877908494735529454e-01 3.376942717091205859e-01 4.353870114355774534e-01 6.281868194526755156e-01 6.189198347660302968e-01 7.234981025387431375e-01 6.634134529439423833e-01 1.000000000000000000e+00 7.800049592517828145e-01 6.813792551849443546e-01 6.915608187966726383e-01 8.006000573615416060e-01 7.578923003417283866e-01 7.443064225360451758e-01 6.110813265779000414e-01 7.078065054662810995e-01 5.819516066631637008e-01 6.997612149639007573e-01 7.589974913248314081e-01 7.483087886993927684e-01 7.015308500455141871e-01 7.155664518765300075e-01 8.101339077495888219e-01 8.041006545874463951e-01 8.124038300780935806e-01 7.860386960036700454e-01 8.118079516846719024e-01 8.296716305917286594e-01 8.090359843066324830e-01 7.962833373577266061e-01 8.107231165771983106e-01 8.094551538252156009e-01 8.012831999197967958e-01 8.178539177291278550e-01 8.194107127077948638e-01 8.233201930085766174e-01 8.007334191217262420e-01 8.255594081519593841e-01 8.269407720165200537e-01 8.148592368209147674e-01 8.262753467973470434e-01 8.224192935729325304e-01 8.196721709087333441e-01 8.228860488324275524e-01 8.224758986726358190e-01 8.276936487631602057e-01 8.188739154791997432e-01 8.314953682029683213e-01 8.028949870941681777e-01 8.007458147379294955e-01 8.192199594841107491e-01 8.145870221650064469e-01 8.226676761432828444e-01 8.167677321558032277e-01 8.208272323362812983e-01 8.223306019037257553e-01 8.167024425038026392e-01 8.250354967286682717e-01 8.183930791410224392e-01 8.146477445601322254e-01 8.214538435919025439e-01 8.204544452981491487e-01 8.189505036753261802e-01 8.203817951474461356e-01 8.246090349309438405e-01 8.244017680756994260e-01 8.202687792145286760e-01 8.290075391360763879e-01 8.281662318263444122e-01 8.150204457175610484e-01 8.219097804014942055e-01 8.295682115660814038e-01 8.282891930028799532e-01 8.251631046220552212e-01 8.243171529757993277e-01 8.228920678363252916e-01 8.250064607342402212e-01 8.266128797559343377e-01 8.263698446267006004e-01 8.300844577496184762e-01 8.228642114909092697e-01 8.256680252655007601e-01 8.266556161477874864e-01 8.239357069922526033e-01 8.248804843902411976e-01 8.205953692766018159e-01 8.273279105451806226e-01 8.273753637525136373e-01 8.235278593632353594e-01 8.261407902242114965e-01 8.242984893309608374e-01 8.193174966280718508e-01 8.212142283915508933e-01 8.128632802238293653e-01 8.194484034746937207e-01 8.213153022351342702e-01 8.235868143620044268e-01 8.180720437964341674e-01 8.218513751992329031e-01 8.157233188647790012e-01 8.219730716245187141e-01 8.255120348950779618e-01 8.205936759218969145e-01 8.237260914334794126e-01 8.230331101674331906e-01 8.230215288734731294e-01 8.187536193435501763e-01 8.204034179785414382e-01 8.190685630018066377e-01 8.185759507033504301e-01 8.211018252656183680e-01 8.260268628186131501e-01 8.195714426876509195e-01
7.227106220505137221e-03 1.694333819775081518e-01 2.914472550657514760e-01 5.123739738146683154e-01 4.088448519183122687e-01 4.503811837529693163e-01 6.888018528139213670e-01 6.545616567557940302e-01 7.710699987003353240e-01 7.041672296047306601e-01 7.800049592517828145e-01 1.000000000000000000e+00 7.434836690647610435e-01 7.568233320640074258e-01 8.723719506393865508e-01 8.400836587475940531e-01 8.034424681955310010e-01 6.346763998634260551e-01 7.463722956690569399e-01 6.543959692951225593e-01 7.540848454808818380e-01 8.215660498306324167e-01 7.894781482227799518e-01 7.381477521800589026e-01 7.596087039305651212e-01 8.695918407625000679e-01 8.530303155960204942e-01 8.638176285770466922e-01 8.335081745506377482e-01 8.668188818433903986e-01 8.956295286264877031e-01 8.690400027936923122e-01 8.451428952742162659e-01 8.755923847034768892e-01 8.587612911066631050e-01 8.639106681603396787e-01 8.754581510051527848e-01 8.855859771836060990e-01 8.915365741327417881e-01 8.607640198031785150e-01 8.942823440202968266e-01 8.913065882562803965e-01 8.826675107671916320e-01 8.929663731403333360e-01 8.823288660902215419e-01 8.904407873182517141e-01 8.984900050487049095e-01 8.936930659552381195e-01 9.000439604206539324e-01 8.883878639214304318e-01 8.990996840022502656e-01 8.759067322869544814e-01 8.837200993141236527e-01 8.873080947653210204e-01 8.811855379155182355e-01 8.852307241647701108e-01 8.925348755326945049e-01 8.910668053184487292e-01 8.946959679817101385e-01 8.939968880694815212e-01 8.992186100679065985e-01 8.954390421040503423e-01 8.968555290822101123e-01 8.986928990520292038e-01 8.922505762404350227e-01 8.901928943178495368e-01 8.930770260925341431e-01 8.873713255921663601e-01 8.906640459229259177e-01 8.958770155697187709e-01 9.008434344135337613e-01 8.981936067140876556e-01 8.791892418990695512e-01 8.849482879733987506e-01 9.005913002328963524e-01 8.979320770840878430e-01 8.968784434427939933e-01 8.939828247953496287e-01 8.969551467367652409e-01 8.940509917019564545e-01 8.928737556903912909e-01 8.954119457025181417e-01 8.978504794721902105e-01 8.904648264114992662e-01 8.980799634742946402e-01 8.981114804598354651e-01 8.943469891217634693e-01 9.009294134490680728e-01 8.946684526087180789e-01 8.954311697672732162e-01 8.979015285577668370e-01 8.992648732717352100e-01 8.978459725097398536e-01 8.980034383477989435e-01 8.941979696512601938e-01 8.950416263096323544e-01 8.905192615701355008e-01 8.951395078658699322e-01 8.986385865449809662e-01 8.972028557180518060e-01 8.933150713683524202e-01 9.007248458390385570e-01 8.916516686425820515e-01 8.965051060082364076e-01 9.022948193593472999e-01 8.978090985181306216e-01 8.987478079719982693e-01 8.930256568624060920e-01 8.942310739521004415e-01 8.961564750854141836e-01 8.974327442919071141e-01 8.949901975740792714e-01 8.957908822949647298e-01 8.951453364926753586e-01 8.993721214975415323e-01 8.955777079357120085e-01
-3.841078093634742868e-02 1.198409742659010957e-01 2.093481039326505200e-01 4.241891561789014053e-01 3.931051025439971092e-01 4.367370512464634480e-01 6.348098404206738987e-01 6.158787230855375938e-01 6.717249579628774558e-01 6.261542159393390650e-01 6.813792551849443546e-01 7.434836690647610435e-01 1.000000000000000000e+00 6.809912104328429416e-01 7.964031382352807498e-01 7.766823019519333293e-01 6.998431607705933866e-01 4.845616275143629914e-01 6.153547846260070120e-01 5.412887380604233245e-01 6.016961179461312037e-01 6.955495724979210426e-01 6.681236826803585993e-01 6.064229060222979806e-01 6.235309915386696433e-01 7.673763435847351655e-01 7.548686736475808123e-01 7.651102757179452096e-01 7.171943317420317321e-01 7.449371315737784993e-01 7.753148333805580661e-01 7.577443536788261991e-01 7.390854392338762624e-01 7.662862856058934025e-01 7.548327616680980956e-01 7.774318722407101978e-01 7.838137010253571901e-01 7.881602860490801721e-01 7.965190272201335686e-01 7.869515671926625711e-01 8.014340178648837743e-01 8.105008534306431534e-01 8.065491288708547257e-01 8.092113494229772330e-01 8.058718189813510735e-01 8.023071319500993948e-01 8.144086171973266008e-01 8.059732736762985628e-01 8.112971797582060329e-01 8.021142313529541212e-01 8.088857158541591375e-01 8.054311071621969020e-01 8.075317864963985626e-01 7.960362133532407070e-01 7.890167942745406338e-01 7.916356914134751177e-01 8.059980481586893619e-01 8.063876056868342079e-01 8.056330865269543118e-01 8.137406256803725313e-01 8.221458425148845395e-01 8.126384407943100241e-01 8.104841529519595245e-01 8.121266012642998078e-01 7.993581147932827813e-01 8.094720783201383441e-01 8.065522996945468925e-01 7.878753181548404649e-01 7.962791603218934977e-01 7.937607572230426234e-01 7.934505268339058226e-01 8.004865275169273930e-01 7.787123420986200584e-01 7.765530391674830835e-01 8.137268072828028886e-01 8.039998065320136389e-01 8.089257471292654600e-01 7.938948305203389344e-01 8.052698948364701570e-01 8.002953723459822477e-01 8.061879635790956122e-01 8.062998229561662011e-01 7.992309448827521479e-01 8.000692009565864016e-01 8.112217692572150085e-01 8.056172553194992370e-01 8.106933707490764363e-01 8.156737757172644043e-01 8.155631532560131403e-01 8.070106682951680988e-01 8.148127327402751030e-01 8.192500564366086424e-01 8.160130590765808378e-01 8.172979062206695566e-01 8.173490144760419129e-01 8.171426121965099654e-01 8.223655013809082481e-01 8.169602686340625697e-01 8.212434892323429159e-01 8.225001654302402931e-01 8.237252248266593302e-01 8.197628613595904223e-01 8.197479807077260316e-01 8.217699815196278790e-01 8.198663154910653672e-01 8.154508369774858823e-01 8.168981279841573961e-01 8.118552333901432050e-01 8.089886928129041976e-01 8.191090279162972498e-01 8.179243777090419165e-01 8.183377362421193624e-01 8.194804392818259009e-01 8.198671041514551394e-01 8.116353193197446414e-01 8.195291291635583564e-01
