1.000000000000000000e+00 5.919584709827616781e-02 3.292293299494954140e-02 5.128177211636553851e-02 6.888716226830485408e-03 -1.086242159241382517e-02 2.154888967834964891e-02 2.576206424281864832e-02 1.307266460646127615e-01 -3.175754169667793086e-04 1.987615525406058112e-02 4.180047647853223775e-02 2.943889929293452140e-02 1.192242773662915457e-02 1.064751848881656700e-02 4.593337156797479975e-02 7.601141488747227559e-02 1.923949867337871114e-03 1.007580630029350673e-02 7.207046829504792917e-02 4.655484212598041266e-02 -5.819585631169319232e-04 -7.212392159255898161e-03 -1.663960583206537322e-02 -2.516943528663318289e-02 4.206797721369459619e-02 4.486304180538110836e-02 3.216622241587288600e-02 5.080458539108160393e-02 5.665134572783750433e-02 5.243072661765595111e-02 3.034451680323524067e-02 3.200588282132665885e-02 1.585384544682968619e-02 5.182495529216753910e-02 3.369456090681986760e-02 2.448134372266173517e-02 2.367221499756102382e-02 2.179591786742488685e-02 -1.708152796913828958e-02 1.014086605249972517e-02 -5.162316604987585329e-03 -6.472436895533294036e-03 2.180854102064397337e-02 1.579060079292134156e-02 8.632881230797473382e-03 1.498788782299678192e-02 1.365020112880592322e-02 3.210935592579786807e-02 5.222324691570685157e-02 5.152420158280766188e-02 2.024309461859734316e-02 1.396445966947728982e-02 1.910918484836745743e-02 1.905182528227080535e-02 1.102144550139708135e-02 6.256410360028735740e-02 1.652104164847633533e-02 2.114764612819489825e-02 3.252150380764783771e-02 2.500306159775656997e-02 2.960196105414934428e-02 9.253816403013285716e-03 5.834575240353949421e-02 4.480088979810443323e-02 5.258409701385916707e-02 1.634533401229084498e-02 -3.546475835469557140e-03 4.129494330683646311e-03 1.271692715018502527e-02 -3.836699684919596138e-03 -2.741515892501930791e-03 -5.977738166157609175e-03 -1.384063573235532266e-02 1.502586275707549004e-02 1.800591308690753511e-02 5.461004041156656413e-03 2.476284894416002844e-02 -1.963749506695310586e-03 2.185758836988610510e-02 1.019680353575291853e-02 2.353210279177453748e-02 2.554501550148292888e-02 1.271954334814692084e-02 6.622199969021649868e-03 1.389327841177929708e-03 1.136418180512297968e-02 5.317617007906080481e-03 1.046401804458479794e-02 9.272688409406982342e-04 -6.875359552616392041e-03 -8.619795057566726751e-04 2.845850908382131263e-03 -5.152247325037893726e-03 9.153044482321008590e-03 7.528717613671260384e-03 1.154755812569012614e-02 5.851370896732234483e-02 1.134481739390684821e-02 2.469005698604110136e-02 -1.103101715492128213e-03 1.722270762309092637e-02 1.322992519861951322e-02 7.861540473769756260e-03 2.103384572337625366e-02 2.267816270654323188e-02 2.648475849321950057e-02 8.063597544354301691e-03 7.534815320970364265e-03 2.039231621520016732e-02 -2.201199671345598075e-03 1.418469641322827289e-02 7.776550630150936769e-03 2.957903975957983794e-02 3.096370863405024584e-02 2.863003889715009381e-02
5.919584709827616781e-02 1.000000000000000000e+00 7.255340830685122477e-02 8.793965613679387283e-02 6.385098214903081604e-02 5.557444378675756996e-02 1.218974976541853245e-01 1.227084800347897214e-01 1.480660902648422150e-01 1.203746627527334523e-01 1.511698001394493063e-01 1.512148934325198701e-01 1.471098984949776589e-01 1.206167905607230389e-01 1.455019307451771160e-01 1.399089852377387588e-01 1.350520201398798248e-01 1.360648143994040993e-01 1.258885510356243798e-01 1.793577435937216136e-01 1.075861024686962653e-01 1.131101697867398642e-01 1.347816465488843041e-01 1.383924536634846825e-01 1.016605930392220497e-01 1.514792909795583398e-01 1.356687853268608024e-01 1.408808011378427372e-01 1.541687643678389674e-01 1.538306798504009421e-01 1.729871004791628530e-01 1.772451613436912543e-01 1.571783336580956369e-01 1.574039936739431988e-01 1.552920724065208480e-01 1.405397004287154972e-01 1.529553036615476647e-01 1.696708132862347340e-01 1.532736209296278185e-01 1.277465084915095084e-01 1.563195491163832940e-01 1.432337072519476451e-01 1.393155127820250305e-01 1.553812959110273118e-01 1.422643374694886886e-01 1.582147295238868490e-01 1.520043087013367988e-01 1.530349657046647938e-01 1.519554342191699325e-01 1.569083603987195541e-01 1.558977751017147084e-01 1.405415347324026343e-01 1.485298557384495954e-01 1.586961319087432931e-01 1.580385665538421303e-01 1.496468009422171341e-01 1.555722567927601552e-01 1.469722334698715382e-01 1.529941570401303630e-01 1.566553817883204747e-01 1.556449300852645046e-01 1.565409417706286055e-01 1.528366017735966198e-01 1.551174398067480253e-01 1.515121361846462067e-01 1.583518193137367636e-01 1.563716822656862626e-01 1.551513330122639145e-01 1.630676218944824007e-01 1.623764134405619175e-01 1.451979768794511294e-01 1.469505507294999180e-01 1.544389593744081302e-01 1.411372171183356561e-01 1.557684642851058510e-01 1.544772534344991954e-01 1.503419967426809223e-01 1.525893286391503956e-01 1.565761985261563682e-01 1.582082602355998346e-01 1.500044281974278471e-01 1.648443991817920840e-01 1.519165132416152586e-01 1.587706896900851761e-01 1.587160082069193068e-01 1.571310424221307733e-01 1.528516520058274264e-01 1.536900356576166582e-01 1.554978764474626574e-01 1.447877435004681912e-01 1.477208771405485455e-01 1.483383037906887136e-01 1.535698060450762237e-01 1.516815315698286093e-01 1.547804354778881397e-01 1.570917415573305220e-01 1.402485799609600181e-01 1.498852598779995271e-01 1.535801169974138902e-01 1.554645938140971351e-01 1.525786684728150100e-01 1.553359707302020276e-01 1.535923366237563481e-01 1.499171348841098761e-01 1.541670427815645672e-01 1.536878804265970344e-01 1.585252882013315212e-01 1.543156592357389778e-01 1.543190694687082420e-01 1.534508465213363926e-01 1.502977346969346095e-01 1.548477070256133181e-01 1.578806255263710545e-01 1.522179956087434949e-01 1.576321816754698291e-01 1.576521466243224756e-01
3.292293299494954140e-02 7.255340830685122477e-02 1.000000000000000000e+00 3.082616646661516802e-01 1.837792511526289974e-01 1.951505393566863866e-01 3.290756931335728219e-01 3.316530835879232808e-01 3.483679275632021177e-01 3.108026987743692793e-01 3.408371534092553001e-01 3.644235383950640284e-01 3.161605630529560895e-01 3.147041935434947701e-01 3.742878864606327127e-01 3.536993960480711019e-01 3.302902346361250019e-01 3.386080812643391114e-01 3.573100464546087873e-01 3.391566999528408677e-01 3.359687967884281701e-01 3.502429804532388724e-01 3.576940297464878404e-01 3.582097523243896187e-01 3.462384207132201408e-01 3.663283443816356399e-01 3.599460467598714075e-01 3.722993407684361267e-01 3.706186326453792534e-01 3.562417882815884784e-01 3.793947203126490364e-01 3.766612355591496542e-01 3.701928733325975940e-01 3.792337309252972744e-01 3.632700300364254398e-01 3.558223775384704579e-01 3.657772406675757204e-01 3.590168526218797673e-01 3.631087657128057034e-01 3.556707419054043195e-01 3.738350825222172547e-01 3.703238550497388037e-01 3.697353948638686383e-01 3.728505969645060647e-01 3.762977765644503481e-01 3.606397186714943026e-01 3.654132359226032190e-01 3.700160091449510302e-01 3.652514609178259541e-01 3.595126762785855190e-01 3.575934798166852113e-01 3.678423266289825300e-01 3.713632466551046729e-01 3.641040127136280224e-01 3.685279130987885732e-01 3.697891803835705593e-01 3.653539786264995981e-01 3.664133971550430635e-01 3.709156244502512245e-01 3.685450445569403155e-01 3.731846670983274827e-01 3.653493995872981182e-01 3.667527776824515695e-01 3.641833961578317957e-01 3.588412421183887480e-01 3.684815623326384570e-01 3.721069547700128766e-01 3.746154057395802428e-01 3.798123090811756364e-01 3.776825150664820940e-01 3.732721220398971806e-01 3.710077232227116384e-01 3.811113096291323110e-01 3.726775797213115471e-01 3.715537319590666021e-01 3.736556660595993229e-01 3.773120941948743257e-01 3.782617213257477018e-01 3.744395473844509548e-01 3.782980377679159845e-01 3.745893000982454812e-01 3.734452692261505669e-01 3.755748833739547821e-01 3.750270099194699669e-01 3.802395172007900226e-01 3.824920159564792477e-01 3.718451024649090941e-01 3.686724524094563971e-01 3.756125058416779350e-01 3.755173806340525444e-01 3.746468472049845899e-01 3.709477216379498121e-01 3.738858503367871178e-01 3.750079681797841014e-01 3.707152776483854661e-01 3.723405578109983960e-01 3.767747915453982244e-01 3.695652447256632112e-01 3.721372821535936515e-01 3.723438582441826461e-01 3.771402922415227343e-01 3.721902883264222028e-01 3.766456388937083899e-01 3.734816796295685748e-01 3.766301369133005505e-01 3.778410008799004127e-01 3.703757307645676455e-01 3.692206863990676324e-01 3.706515783251713714e-01 3.708235764062044471e-01 3.748887934846863446e-01 3.721408273708835535e-01 3.750669894722460374e-01 3.730730751402687173e-01 3.662530706566221039e-01 3.716994902164886261e-01
5.128177211636553851e-02 8.793965613679387283e-02 3.082616646661516802e-01 1.000000000000000000e+00 3.219147468836328074e-01 3.749293727689025357e-01 5.679464409095728028e-01 5.330115031797799663e-01 5.740751170957396621e-01 5.325846043850728240e-01 5.658036387282279200e-01 6.303516309111674154e-01 5.410669658630633538e-01 5.074533657321631530e-01 6.183473021948742154e-01 5.996762193054364642e-01 5.707316247870609649e-01 5.647844534691945917e-01 5.923159958222168342e-01 5.148983933544940550e-01 5.828352539709232838e-01 6.046752897668905558e-01 5.923665632843487794e-01 5.506020386545754652e-01 5.754624811434377873e-01 6.146054481509622969e-01 6.361585297236432845e-01 6.432277946216047315e-01 5.943009771908989158e-01 6.257724077215852665e-01 6.481601152697850088e-01 6.129469117276914458e-01 6.039114416206182723e-01 5.876893701243207646e-01 6.066558105181956151e-01 6.156289475199341332e-01 6.362024549288785025e-01 6.159575062634280451e-01 6.350232791644864205e-01 6.254549245707670124e-01 6.129347773952279477e-01 6.338863160379111239e-01 6.312030751313304489e-01 6.423198517241347494e-01 6.414506315846110196e-01 6.323649060589604520e-01 6.166194809121430254e-01 6.227585712086053382e-01 6.261168029174261074e-01 6.198191192386695025e-01 6.271478920649142808e-01 6.126516246326387805e-01 6.144908499617049991e-01 6.131885911304162384e-01 6.185097208913775679e-01 6.334032397109440327e-01 6.203423146963307211e-01 6.179534654761776880e-01 6.195485783571076377e-01 6.175494147796395383e-01 6.234635958251398824e-01 6.187346987146673527e-01 6.154939322452430694e-01 6.274413544983583613e-01 6.192312076864511239e-01 6.237787852921674592e-01 6.248314638441858637e-01 6.276111421568951743e-01 6.224326157065795950e-01 6.222229746107130754e-01 6.243091163421100598e-01 6.279561821939744215e-01 6.124388181389199826e-01 6.252026385983424639e-01 6.291370146057784218e-01 6.342938454718626273e-01 6.349824215015313911e-01 6.223017760558396949e-01 6.256581350333673130e-01 6.347901762886684063e-01 6.426286003385295320e-01 6.376787527309573100e-01 6.377488696964170867e-01 6.221774775480933828e-01 6.207394787465195796e-01 6.217236731373261271e-01 6.375539372081417966e-01 6.297135957018763497e-01 6.370398365670130181e-01 6.335649036176127513e-01 6.344275744513988569e-01 6.318626224687544646e-01 6.295453709914587970e-01 6.372104427125969695e-01 6.238151146379229406e-01 6.236490898585295151e-01 6.323175292962712746e-01 6.336820897606469938e-01 6.272231615309274977e-01 6.292654081925317389e-01 6.321485477688627563e-01 6.268910862579216703e-01 6.265893366793880981e-01 6.323179879060110142e-01 6.350318596477690924e-01 6.254863747781799210e-01 6.222188619225208495e-01 6.256952913433397878e-01 6.280163902093993666e-01 6.257191072793349962e-01 6.288784661916854146e-01 6.247530912116638913e-01 6.227040808095208879e-01 6.327692857403713900e-01 6.248578409512777210e-01 6.228021233668395995e-01
6.888716226830485408e-03 6.385098214903081604e-02 1.837792511526289974e-01 3.219147468836328074e-01 1.000000000000000000e+00 2.887879228671759169e-01 4.544140398565619243e-01 4.448620463358313182e-01 4.509490889285757143e-01 4.094080097565732657e-01 4.383532946751255710e-01 4.797792696347765729e-01 4.308997918263329785e-01 4.138398579415619727e-01 4.783436516809571604e-01 4.811386847710241721e-01 4.345880750628199340e-01 4.051264651896835378e-01 4.422782390638858585e-01 4.223078709788586904e-01 4.166060221009169062e-01 4.488795216909304275e-01 4.396326427316283314e-01 4.153321421177064710e-01 4.178482563973205943e-01 4.781187068412250940e-01 4.624895297930183835e-01 4.499841301996273524e-01 4.611755839556213599e-01 4.685772338978885787e-01 4.737742678113710526e-01 4.716691669299935552e-01 4.329935881469053061e-01 4.555304604139532865e-01 4.605729843081552977e-01 4.511762218245455869e-01 4.529878708224575057e-01 4.637718649770983248e-01 4.747251373390645179e-01 4.306330206097642721e-01 4.764344140889218426e-01 4.664476730174983432e-01 4.919293107887378613e-01 4.875737264808892024e-01 4.746644363933536503e-01 4.716525364397152198e-01 4.849576134391185289e-01 4.884090302987063037e-01 4.776276500177921713e-01 4.553129365650997462e-01 4.644995396717868652e-01 4.786087393764639208e-01 4.943061554822322234e-01 4.901519082166684860e-01 4.841886760920819932e-01 4.756554968264845584e-01 4.911292812956375431e-01 4.933925797074642516e-01 4.731646192411751439e-01 4.964763568326083232e-01 4.954867798442103566e-01 4.944127429174318133e-01 4.929397810509557054e-01 4.946966198647022583e-01 4.927324359064836901e-01 4.940482151176530667e-01 4.914305074894788627e-01 4.870214978618360169e-01 4.911079415959830330e-01 4.898968712765343070e-01 4.836634936320046152e-01 4.825347690809616008e-01 4.843281699873019930e-01 4.747481970911802129e-01 4.879673361873909654e-01 4.831577510554485588e-01 4.806988130250122171e-01 4.866929377234185394e-01 4.843531615104105237e-01 4.929578473906210956e-01 4.804789855248127739e-01 4.880431805017234614e-01 4.876196470983265585e-01 4.859152007833918430e-01 4.808696384636451104e-01 4.863516400111665972e-01 4.762377739193713877e-01 4.834251933532468515e-01 4.855284110649767393e-01 4.842354945745145911e-01 4.678273708171857281e-01 4.841500483772447905e-01 4.840336218733127249e-01 4.822887397419728939e-01 4.883887228561763494e-01 4.911934683124561940e-01 4.825004052340083893e-01 4.861247097644841308e-01 4.913045652240687344e-01 4.768483535506713444e-01 4.947666101195817290e-01 4.905206674207246431e-01 4.919128807488648003e-01 4.917741364131027471e-01 4.906720113847876652e-01 4.985688961249107320e-01 4.873528192353077104e-01 4.912780067691380759e-01 4.898872992197835785e-01 4.896960236579573356e-01 4.897923711820421078e-01 4.956944290607608883e-01 4.944005754736547353e-01 4.984167153278698525e-01 4.885634106774323082e-01 4.958753440613309915e-01
-1.086242159241382517e-02 5.557444378675756996e-02 1.951505393566863866e-01 3.749293727689025357e-01 2.887879228671759169e-01 1.000000000000000000e+00 5.437461063337464262e-01 4.870206237608173394e-01 5.040105054248533722e-01 4.854217134987244275e-01 5.384674670002556063e-01 5.676552435009937225e-01 5.257162263082525433e-01 4.977081341265246484e-01 5.845775591851588571e-01 5.746855083973929634e-01 5.159125245451969821e-01 4.960453163621751371e-01 5.351670174830499560e-01 4.714695639125647819e-01 5.190880201890282208e-01 5.474252035433470054e-01 5.380085959459252054e-01 5.024920899515643580e-01 5.176061081279087484e-01 5.807780563874899160e-01 5.629550646740728581e-01 5.645164946173838461e-01 5.651037132509710847e-01 5.619139606898038153e-01 5.807933451805589176e-01 5.801784369855355061e-01 5.531479094797990825e-01 5.595482324970534327e-01 5.693209300206635293e-01 5.496537948314337285e-01 5.726284607922119685e-01 5.796240826983066752e-01 5.882234036867983740e-01 5.631391500117374216e-01 5.841358526536529761e-01 5.901325002882084059e-01 5.853726540778292353e-01 5.984120484554894537e-01 5.864396652516533637e-01 5.875395258417426270e-01 5.916836623051744404e-01 5.939358155278522400e-01 5.870999298859792548e-01 5.689304384589513042e-01 5.758365536663990758e-01 5.666823363067000630e-01 5.773329458522831192e-01 5.886608668240181919e-01 5.875560025748823856e-01 5.899311549629299156e-01 5.786521566088872470e-01 5.923711656927145297e-01 5.840860887141217095e-01 5.920930854146234656e-01 5.934866464424976007e-01 5.876448227413791914e-01 5.851091899297389265e-01 5.883551452852603392e-01 5.853941730889334893e-01 5.863686572216163517e-01 5.925299563917956203e-01 5.900753145111308218e-01 5.931269860466452659e-01 5.843480955552714518e-01 5.950579351674666340e-01 5.955153217580118064e-01 5.797708395221876643e-01 5.837580896794211105e-01 5.972970029687293403e-01 5.927534974799869572e-01 5.953494510542144402e-01 5.906228292306906491e-01 5.888339466278036394e-01 5.924589329258462822e-01 5.927135308818003434e-01 5.977352965877481550e-01 5.924705086957257061e-01 5.943038132376651239e-01 5.913793769306414649e-01 5.928564036805133997e-01 5.978350388283314443e-01 5.940423276868549429e-01 5.993992971527679625e-01 5.929640619265982293e-01 5.924727126156312806e-01 5.975712139340415563e-01 5.969807474846392514e-01 5.977184369036177003e-01 5.956426365324810623e-01 5.950330647600837741e-01 5.779896146643520582e-01 5.821315718562033448e-01 5.898912746335334134e-01 5.891981555216387889e-01 5.967210869636255799e-01 5.895153439978098042e-01 5.921487136686758301e-01 5.960710963190802847e-01 5.917657882450964024e-01 5.859761270077006312e-01 5.901909643025563534e-01 5.952616833179236178e-01 5.958713400858178799e-01 5.918527686073510319e-01 5.933811011881624520e-01 5.946333298972227288e-01 5.927969898953781014e-01 5.950817827862676657e-01 5.928730421361628755e-01 5.927211027171455093e-01
2.154888967834964891e-02 1.218974976541853245e-01 3.290756931335728219e-01 5.679464409095728028e-01 4.544140398565619243e-01 5.437461063337464262e-01 1.000000000000000000e+00 7.116816533737420070e-01 7.423141938818268448e-01 7.106004985335749868e-01 7.485930600289043557e-01 8.046215968769816484e-01 7.350037454635384160e-01 7.003031335600048424e-01 8.362592447740777590e-01 8.170503589411188816e-01 7.443430044634937737e-01 7.345849050219166454e-01 7.833093473006289553e-01 6.901304512664198088e-01 7.557333235981453790e-01 7.968101638862564728e-01 7.774127750528242453e-01 7.355401830026212506e-01 7.560314901620567296e-01 8.197155473161502615e-01 8.197161182150368708e-01 8.247791554990018259e-01 7.959780447424571470e-01 8.208286225285112980e-01 8.483270914381829675e-01 8.266083845502829597e-01 7.985718680138643721e-01 7.942049348694428801e-01 8.155420254388976442e-01 7.802993207216242233e-01 8.290341270285302988e-01 8.343846056031664071e-01 8.400782712824145237e-01 8.072325364979986428e-01 8.259650476463110680e-01 8.359806614348640474e-01 8.323132212680778297e-01 8.497196632059678123e-01 8.341360294216361160e-01 8.452094562969300062e-01 8.360386756355652205e-01 8.416704657190017258e-01 8.329474456523514592e-01 8.006445172861614834e-01 8.181447027628188096e-01 7.893329397415166371e-01 8.222772269313918247e-01 8.320656655071643204e-01 8.297534345416165413e-01 8.382021514696651465e-01 8.146536520983526097e-01 8.378779432697093243e-01 8.355933772729527975e-01 8.360772192121872504e-01 8.361620997323481186e-01 8.328861224943319153e-01 8.240735410446692333e-01 8.247537410369299993e-01 8.278399021722488982e-01 8.277191393030796096e-01 8.413034998477152415e-01 8.434946733814304709e-01 8.431203925687630329e-01 8.386530128159480624e-01 8.430683483276282253e-01 8.422094078532564865e-01 8.308130661499097958e-01 8.368727371464956821e-01 8.454655684075847999e-01 8.452906874609528165e-01 8.468577832932787652e-01 8.384460199288460425e-01 8.431664676827974603e-01 8.480896631838652500e-01 8.495465087080672495e-01 8.508583854015617787e-01 8.424606427828382760e-01 8.430888410443357905e-01 8.346077377158639399e-01 8.379400724364205466e-01 8.418247446007977031e-01 8.469760302039893718e-01 8.498490858761855726e-01 8.442073577488525826e-01 8.409108936149830571e-01 8.465356497376483880e-01 8.439324247433430681e-01 8.488718220457004415e-01 8.412515957343923434e-01 8.420510283884385938e-01 8.225764832772977098e-01 8.243823030395497353e-01 8.361897603230383780e-01 8.378260549111189448e-01 8.450712258129480237e-01 8.366257969337318467e-01 8.394350626591091658e-01 8.444325176943968669e-01 8.363047363313581561e-01 8.284056459578444942e-01 8.367833831564099878e-01 8.416771374613017942e-01 8.447572843061506020e-01 8.419032042579761566e-01 8.451453975359477511e-01 8.417990210594934464e-01 8.400285081403204845e-01 8.390640593967704230e-01 8.385327456844431371e-01 8.363751793407864232e-01
2.576206424281864832e-02 1.227084800347897214e-01 3.316530835879232808e-01 5.330115031797799663e-01 4.448620463358313182e-01 4.870206237608173394e-01 7.116816533737420070e-01 1.000000000000000000e+00 7.163933661048745849e-01 6.632379665333203445e-01 7.065575483235099208e-01 7.822361787574499958e-01 7.050338079985568607e-01 6.691700786952602398e-01 7.822120221452443234e-01 8.136994577273042317e-01 7.007072062240471411e-01 6.987507005163462459e-01 7.316687898285813008e-01 6.728437614515271337e-01 7.376272654408405627e-01 7.505660591197749198e-01 7.193440383630239632e-01 6.859231512869811143e-01 6.892232955872801270e-01 7.610252880011976195e-01 7.422885904522716904e-01 7.371145642290093392e-01 7.762985345021997663e-01 7.654741029769694949e-01 7.832495922483142525e-01 7.762093807508326782e-01 7.189119474232754659e-01 7.280453363936861821e-01 7.575425439645027126e-01 6.940203678118354036e-01 7.272294018571561214e-01 7.900760496554121159e-01 7.751557878273828139e-01 7.107163729579849543e-01 7.580599340323679325e-01 7.553702804532475001e-01 7.705325418615415201e-01 7.993427549174415558e-01 7.593646149437308646e-01 7.905129904523625628e-01 7.859648002351020679e-01 7.927464710504357193e-01 7.812807107697039566e-01 7.573089220201817406e-01 7.802901389389748088e-01 7.402174716728234793e-01 7.842342537374193956e-01 7.976414678212013776e-01 8.056476935171867915e-01 7.767639763846051482e-01 7.973582775171645931e-01 8.034831564737531240e-01 8.066934507934182541e-01 7.982899908175262738e-01 8.050692378680888162e-01 8.160769778096202964e-01 8.124358758917066270e-01 7.945731420151032065e-01 7.886252905824621129e-01 7.958011721850970499e-01 7.916137216624570261e-01 7.899331316452777862e-01 7.961845391427612162e-01 7.974655007287265729e-01 7.941907868300551732e-01 7.877291446292564725e-01 7.834438113373310975e-01 7.739084640968163509e-01 7.900308531814461688e-01 7.885540437544473757e-01 7.797807255951676453e-01 8.007750176957990629e-01 7.826917470452200432e-01 8.009892392988372523e-01 7.823083403433896965e-01 7.957869952369069910e-01 7.781727063752452711e-01 7.949516997553535136e-01 7.835320681329721593e-01 7.798170104898247690e-01 7.625389976609636689e-01 7.926483963264213672e-01 7.852559969827757058e-01 7.754545582744981624e-01 7.546084363530065620e-01 7.794457395382843323e-01 7.800671386878340607e-01 7.813679272878109039e-01 7.916822225709603256e-01 7.929490573417271593e-01 7.718568095645228500e-01 7.876652368131726867e-01 7.944167321928905512e-01 7.789124443037600543e-01 7.874367738840056807e-01 8.036611441807158807e-01 7.904631767633497619e-01 7.948890715062061352e-01 7.849807899454546156e-01 8.017553386890393652e-01 7.931311504172817717e-01 7.931615911090251769e-01 7.928094219719437064e-01 8.008213999110505021e-01 7.947677048739621997e-01 7.969466816538016696e-01 8.056770888306594713e-01 8.004710145262875498e-01 7.912841686337078739e-01 7.976285450075665251e-01
1.307266460646127615e-01 1.480660902648422150e-01 3.483679275632021177e-01 5.740751170957396621e-01 4.509490889285757143e-01 5.040105054248533722e-01 7.423141938818268448e-01 7.163933661048745849e-01 1.000000000000000000e+00 7.330454400233242795e-01 7.773799219944500516e-01 8.377536556803987233e-01 7.502721932568392482e-01 7.185845702785893518e-01 8.409643537858418894e-01 8.293297406992865550e-01 8.012640740212144674e-01 7.251280234648164180e-01 7.857973177021652100e-01 7.312762494397824220e-01 7.483155079065677562e-01 7.770354380884449963e-01 7.528589096628887090e-01 7.199727399793716121e-01 7.304474197146770820e-01 8.404320758383833079e-01 8.291001602645385882e-01 8.276246495274834913e-01 8.209704822712852179e-01 8.324977490621603415e-01 8.562234549172595965e-01 8.516321248166436320e-01 7.859244748235638678e-01 7.942730873272885184e-01 8.165359750246589110e-01 7.942934849874185854e-01 8.189328175204653171e-01 8.416323623954584665e-01 8.427417088260116262e-01 7.854654562995034839e-01 8.503136531675477006e-01 8.352879508188472135e-01 8.251356721335942890e-01 8.614281132429713050e-01 8.447690739436285456e-01 8.369772567282135478e-01 8.672005718183600775e-01 8.679253077656872151e-01 8.721548256195285065e-01 8.435414721078396960e-01 8.586545555018142428e-01 8.297514202530970051e-01 8.593588125505862152e-01 8.677860136025655757e-01 8.605673558612852991e-01 8.532595578600569164e-01 8.765870079735723630e-01 8.599301518433744018e-01 8.597052889491583194e-01 8.761914605694438585e-01 8.718953765618870921e-01 8.707342857272245551e-01 8.504676576961993639e-01 8.775519548934224145e-01 8.724863175224448764e-01 8.765385664883783567e-01 8.690156588932814730e-01 8.585050380862974118e-01 8.602102374424180908e-01 8.607188977433728461e-01 8.545910387322398494e-01 8.571105791000920293e-01 8.371963560902176971e-01 8.379997286447163907e-01 8.701798743109782075e-01 8.671039205014198226e-01 8.603486929725636667e-01 8.648394297641427420e-01 8.526555046073347466e-01 8.687154787693684987e-01 8.592579106175795012e-01 8.682550284287680054e-01 8.664374310136628843e-01 8.575354183664591901e-01 8.559172595188817567e-01 8.543050104894233110e-01 8.527080823147301647e-01 8.619347328447312107e-01 8.613412305884126097e-01 8.553401741485084919e-01 8.440649225071277240e-01 8.605049844181067442e-01 8.597207136223823376e-01 8.565295260477805428e-01 8.681062310266924875e-01 8.677664393145739785e-01 8.489963103233881814e-01 8.762335763960866775e-01 8.656638492739612278e-01 8.656409101854204424e-01 8.581226337687364314e-01 8.671784806430307135e-01 8.683526539417110168e-01 8.647676493477620685e-01 8.685726132020972212e-01 8.658971473167402788e-01 8.732529967400297632e-01 8.669090100389150733e-01 8.667033491297272407e-01 8.715117276442184702e-01 8.585440140201221482e-01 8.720467815393410094e-01 8.657646165638948066e-01 8.751495440353915800e-01 8.741370598497426592e-01 8.751721375618547460e-01
-3.175754169667793086e-04 1.203746627527334523e-01 3.108026987743692793e-01 5.325846043850728240e-01 4.094080097565732657e-01 4.854217134987244275e-01 7.106004985335749868e-01 6.632379665333203445e-01 7.330454400233242795e-01 1.000000000000000000e+00 7.441804249774554014e-01 7.784712974247209871e-01 7.162774446347539570e-01 6.981672238183282975e-01 7.988603708126501557e-01 7.744005764010759574e-01 7.251848995601071213e-01 6.946162895410536997e-01 7.364619125450453385e-01 6.675751951938363460e-01 6.847338160885830805e-01 7.463450765776934448e-01 7.075566770316602527e-01 6.948464556512307100e-01 7.044376884795888749e-01 7.885721274076236131e-01 7.610048109449416565e-01 7.687656488933155563e-01 7.584644382590365330e-01 7.757154779767979624e-01 7.939473177345289789e-01 8.014158184705023613e-01 7.491356940184881186e-01 7.546902101906001192e-01 7.638237895807631350e-01 7.411420377242264879e-01 7.784077679289976848e-01 8.036122173506787814e-01 8.019999820585023143e-01 7.605522225126029046e-01 8.075398569648745140e-01 8.012632882559012071e-01 7.858656086919968420e-01 8.130564975151243212e-01 7.974296789333762403e-01 8.052061172306320680e-01 8.206621485718320619e-01 8.266857672212755137e-01 8.120495028107889146e-01 7.828331648044419833e-01 7.967028302994685340e-01 7.789929131377909544e-01 8.064768860772473236e-01 8.140062624684657466e-01 8.085402841927241679e-01 8.092909800621880256e-01 7.895723052955109234e-01 8.095787415258677289e-01 8.085686882958734722e-01 8.162171932859110246e-01 8.128090428791733268e-01 8.059565474860015399e-01 7.962815433615992866e-01 7.987297900127618977e-01 8.085101884028963459e-01 8.054876465482072589e-01 8.214813840731869377e-01 8.191401220987430953e-01 8.182512160113851740e-01 8.123744260753652524e-01 8.187642553400601431e-01 8.209247031397507444e-01 8.005230315041174105e-01 8.086750253709635849e-01 8.203076432761483572e-01 8.208916030264065133e-01 8.164796946725639826e-01 8.145611730953223883e-01 8.167238687918184636e-01 8.201313504318731296e-01 8.152548014977063495e-01 8.193066721083868131e-01 8.118531621413311861e-01 8.194804492099068138e-01 8.176902119698410409e-01 8.154425813993346761e-01 8.096251127302902528e-01 8.216476345052345920e-01 8.196963981587498393e-01 8.142075210213338687e-01 8.126050362234354951e-01 8.236444099791604412e-01 8.218661117870467159e-01 8.228119298776046531e-01 8.233811291075645578e-01 8.250655139186793274e-01 8.003206269320839450e-01 8.063810731333614923e-01 8.190974013195952974e-01 8.161050943506402700e-01 8.173295185425469844e-01 8.162480170781289956e-01 8.213465035034002160e-01 8.234423611762062833e-01 8.166126438673709798e-01 8.080807737139471536e-01 8.216792345584642554e-01 8.242321065670888958e-01 8.233542297923677200e-01 8.228859525333087621e-01 8.203770234359578639e-01 8.254825514111669982e-01 8.209866318395790952e-01 8.159957348989985704e-01 8.209628396962914687e-01 8.198997335891504701e-01
1.987615525406058112e-02 1.511698001394493063e-01 3.408371534092553001e-01 5.658036387282279200e-01 4.383532946751255710e-01 5.384674670002556063e-01 7.485930600289043557e-01 7.065575483235099208e-01 7.773799219944500516e-01 7.441804249774554014e-01 1.000000000000000000e+00 8.495222269190072506e-01 7.690949386947130151e-01 7.342646164560159283e-01 8.668127602398786324e-01 8.354340716791618382e-01 7.923556218953092811e-01 7.419525564672712070e-01 8.022121215141777562e-01 7.190297155385479977e-01 7.551350080615830684e-01 8.072975070246835028e-01 7.783120006847973338e-01 7.484165397125680519e-01 7.682059728904834239e-01 8.593738839208290292e-01 8.259857956186698047e-01 8.441997742437605812e-01 8.270688458658038700e-01 8.364469278342286929e-01 8.577147875891191209e-01 8.709676175519415198e-01 8.160964502506787843e-01 8.316513994707516177e-01 8.301573993899762360e-01 8.158318979306453667e-01 8.393667075319262150e-01 8.681517702677719051e-01 8.716678053372952650e-01 8.366662699988607343e-01 8.821029533641214782e-01 8.736842500546504464e-01 8.565788014819324392e-01 8.812111487382100483e-01 8.704372216289125719e-01 8.660195386270921336e-01 8.866081532281374633e-01 8.920243395863656222e-01 8.872234443180215813e-01 8.651195027714398966e-01 8.707860786914974893e-01 8.533890131476041807e-01 8.767009718026089748e-01 8.801732975476469489e-01 8.765319645640120561e-01 8.822621112920900899e-01 8.652278422097262611e-01 8.808322004562073593e-01 8.781612188436107580e-01 8.832749814715825654e-01 8.854070043735612350e-01 8.735295769479176631e-01 8.640427924851113994e-01 8.741495148274083249e-01 8.775497291464551264e-01 8.760205367470410565e-01 8.915003515157932101e-01 8.883641622266632565e-01 8.849465300194713224e-01 8.829070372712395365e-01 8.862367582014063494e-01 8.894112838347665306e-01 8.651034969203246217e-01 8.739959645560946289e-01 8.922679213685102972e-01 8.887075995723430211e-01 8.893994855929073795e-01 8.817066044119721280e-01 8.838381276279893006e-01 8.883527902899921447e-01 8.849272820208675672e-01 8.902564360785781838e-01 8.872459021032057525e-01 8.859537154485541688e-01 8.891445361811965986e-01 8.877752777163714359e-01 8.825529182456524069e-01 8.916090132577926264e-01 8.913589475784925442e-01 8.871881657925970721e-01 8.841551957152694596e-01 8.935075519695325763e-01 8.919969025816201214e-01 8.908842478442576818e-01 8.939308453408176813e-01 8.952306903268404392e-01 8.815435980811313632e-01 8.801066329085068807e-01 8.916564495458991768e-01 8.917897967348844546e-01 8.918241950004595076e-01 8.880265294855993474e-01 8.905701602905252701e-01 8.944213094310375922e-01 8.910777707222150568e-01 8.794436294526603026e-01 8.928927839006000067e-01 8.925230173974376680e-01 8.938785212469708696e-01 8.921388923108787283e-01 8.913899397449838169e-01 8.931722173873557491e-01 8.890180508896941003e-01 8.891985592314747278e-01 8.893484077984991076e-01 8.865384076435663951e-01
4.180047647853223775e-02 1.512148934325198701e-01 3.644235383950640284e-01 6.303516309111674154e-01 4.797792696347765729e-01 5.676552435009937225e-01 8.046215968769816484e-01 7.822361787574499958e-01 8.377536556803987233e-01 7.784712974247209871e-01 8.495222269190072506e-01 1.000000000000000000e+00 8.152773204119012629e-01 7.722528512682951263e-01 9.101172115281850328e-01 8.971912346381640813e-01 8.357908577204899991e-01 7.861957564592988446e-01 8.478546656218097777e-01 7.653699256446949706e-01 8.123366715963302731e-01 8.569752133515788906e-01 8.220363523381251092e-01 7.805080662237107170e-01 8.048674868839836849e-01 9.006489119979926850e-01 8.825805328862147414e-01 8.875549716699294711e-01 8.779114070698940120e-01 8.911392754263440796e-01 9.164281240542127005e-01 9.078427430120736830e-01 8.555606347541987455e-01 8.586985595959594209e-01 8.782453717296820894e-01 8.535345722378255839e-01 8.893885353766960433e-01 9.155597465043828764e-01 9.191473169509515317e-01 8.687935481636261947e-01 9.116595450019387981e-01 9.120580310872592467e-01 9.093417489058941428e-01 9.342965655903097133e-01 9.089143959057905953e-01 9.237242556049913844e-01 9.286959954320783694e-01 9.317287874156957583e-01 9.278427406777529640e-01 9.014029638875927786e-01 9.189738809960362742e-01 8.899820245897986926e-01 9.192939833687506779e-01 9.292254249704524627e-01 9.295090514636681345e-01 9.214409822201972133e-01 9.250055152200012953e-01 9.282224701223743546e-01 9.307874865405683096e-01 9.327032943129691667e-01 9.374201666328008109e-01 9.328414706781035237e-01 9.239953703992394018e-01 9.298968455652597553e-01 9.252342593902622703e-01 9.305045943146793563e-01 9.316888517839774231e-01 9.265307955623552916e-01 9.271283134175083429e-01 9.251592431592796650e-01 9.287180901681694190e-01 9.300400376981278194e-01 9.046298140250502717e-01 9.118190629278566384e-01 9.345423383127915429e-01 9.341750399935514482e-01 9.279675370259817813e-01 9.291235782645633767e-01 9.233715201291381458e-01 9.359368721356047249e-01 9.310660227374050191e-01 9.363523061416219040e-01 9.265159690631755707e-01 9.321086752286045218e-01 9.260956418216707009e-01 9.229870217607428762e-01 9.222765773957226632e-01 9.316693475154947945e-01 9.321728153778819914e-01 9.237269491827757584e-01 9.146569506645805259e-01 9.298988285162719247e-01 9.288560799536477175e-01 9.299536972607473917e-01 9.335450684700817847e-01 9.343866156830085146e-01 9.143016032956814421e-01 9.268810217558127729e-01 9.314809664729869487e-01 9.264356114160425815e-01 9.302034244384287387e-01 9.325264217147773982e-01 9.310755544567170805e-01 9.340508627917687434e-01 9.309186389734510625e-01 9.281493095346637912e-01 9.333838148673002655e-01 9.341913048384909990e-01 9.345533973818834772e-01 9.345116872142170683e-01 9.307856160503034104e-01 9.349773588484506792e-01 9.333578228017069822e-01 9.353948533306303270e-01 9.327674179702639679e-01 9.345028134361472727e-01
2.943889929293452140e-02 1.471098984949776589e-01 3.161605630529560895e-01 5.410669658630633538e-01 4.308997918263329785e-01 5.257162263082525433e-01 7.350037454635384160e-01 7.050338079985568607e-01 7.502721932568392482e-01 7.162774446347539570e-01 7.690949386947130151e-01 8.152773204119012629e-01 1.000000000000000000e+00 7.203317086622313958e-01 8.370775045320657526e-01 8.231577077029980094e-01 7.662712830733495739e-01 7.186959169822031424e-01 7.750058768501867368e-01 6.908307200966730122e-01 7.264029755972224445e-01 7.752941659903318516e-01 7.524249789056085547e-01 7.243965064006119281e-01 7.320721272974581861e-01 8.249306401739185945e-01 7.978082767870346981e-01 8.059661109109901300e-01 7.944930868805391011e-01 8.110535953900641637e-01 8.335264884485423797e-01 8.332425177652474924e-01 7.784819972456772375e-01 7.935009529135957917e-01 7.990319565120068690e-01 7.766023365687941826e-01 8.088569549412305548e-01 8.370840056029940079e-01 8.357637448624000154e-01 7.869937801131837718e-01 8.383672371370770593e-01 8.368818262325915525e-01 8.288386313801022753e-01 8.513380398194970722e-01 8.314593618526382457e-01 8.356126533589364191e-01 8.510721116774262462e-01 8.540138270965057510e-01 8.484364768924118616e-01 8.175804695017785395e-01 8.307386926816734407e-01 8.147874588715792177e-01 8.406891054857712486e-01 8.498819999018947247e-01 8.413256308073466805e-01 8.460154198902803957e-01 8.309901348624129103e-01 8.497000537057606273e-01 8.393845979079016528e-01 8.545590883048624908e-01 8.527542146560866954e-01 8.455243657855731065e-01 8.331404204399376345e-01 8.399799928445274011e-01 8.452774461210510459e-01 8.471682114106273698e-01 8.550201551269527300e-01 8.520567532876117678e-01 8.536922691139279262e-01 8.506320764282491176e-01 8.509713327813194228e-01 8.530365883175087260e-01 8.349676348633753298e-01 8.376572745065958836e-01 8.579793105443443979e-01 8.521114204643465140e-01 8.494279501489960804e-01 8.465697788021379067e-01 8.466690345638833159e-01 8.566157842543397072e-01 8.499270431778213064e-01 8.561114348020602005e-01 8.503435993060030063e-01 8.508876005546173182e-01 8.507657031270979830e-01 8.515542935960401794e-01 8.442763444976164600e-01 8.552719227630242171e-01 8.528311106185396673e-01 8.515043898366357888e-01 8.416307421403469435e-01 8.550533299025779854e-01 8.538808424504359396e-01 8.541251614641972578e-01 8.563909007173119425e-01 8.578693447392515825e-01 8.376550970323463075e-01 8.412968718086444309e-01 8.527604446632990332e-01 8.514480190596069864e-01 8.549305537256168819e-01 8.514790834039326350e-01 8.558503245458595199e-01 8.578606281865185368e-01 8.535434373021675292e-01 8.425765113221738156e-01 8.540032902895140499e-01 8.580070530497545533e-01 8.571186892414967007e-01 8.559446823635515900e-01 8.550917357014925502e-01 8.588891181985758294e-01 8.548506091782633876e-01 8.539776770076386025e-01 8.561411960007772048e-01 8.548356158152181639e-01
