1.000000000000000000e+00 5.551114661593476579e-02 2.090320702918650742e-02 1.241972679582248372e-03 9.878007380653410982e-03 7.713453196722844935e-03 1.892987664334763384e-02 -1.047819986153769589e-02 4.070230119864549218e-02 1.711339173374022346e-02 2.232261467314751219e-05 -8.817686405104288583e-03 -2.804803819825438683e-03 1.090265705310452041e-02 -6.767032682287179961e-03 1.198546465833151553e-02 8.705562323925448986e-03 4.734332947078642023e-02 2.521792351522137224e-02 1.899509194903758677e-02 3.447777103074924077e-02 2.260445611124586862e-02 5.299102486777854809e-02 2.871475173001133627e-02 5.954210992449521234e-02 2.383969959594723492e-02 1.383628528141018534e-02 3.927612960218929139e-02 6.831770409414987533e-02 5.056446330743014778e-02 2.433449842740642577e-02 1.793740777813674497e-02 3.610987441126810998e-02 1.402120907038010254e-02 4.512074939176526078e-02 1.040286709273265456e-02 2.527946617342643684e-02 1.067569406936581290e-02 1.504034624217143006e-02 7.328525201322889579e-03 1.609130396811188704e-02 2.754089479136031995e-03 -3.022906618222509501e-02 2.861675402842634407e-03 5.950631889539788680e-03 1.496579239464119505e-02 -4.284254816814884320e-03 5.604831707504027809e-03 1.043442394315307643e-02 5.163320641344035060e-03 -7.598327351395051501e-04 -1.625578219874419458e-02 6.714117232692375916e-04 1.202236616492452330e-02 1.412538838521061949e-02 9.688543325185962340e-03 1.322503166471540245e-02 9.685056853788560297e-04 8.610861060677413650e-03 5.764687005527148293e-03 -3.971563789350203259e-03 2.389567643067520668e-03 -1.008754247384876417e-03 -5.525604290009542355e-03 6.240897000536219964e-03 9.527397263081549550e-03 5.589365800561035651e-03 1.095081223580955491e-02 1.714846128448572343e-02 4.460229819982020234e-03 8.752904416465702789e-03 1.407633967749958442e-02 6.636288776386645681e-03 1.891705424565744836e-02 1.098230440262625007e-02 1.243633680756170770e-02 2.053353432204309617e-02 2.449071076772481662e-02 2.059781418592982263e-02 1.928150825866797868e-02 1.155922721106622704e-02 8.451659981804283961e-03 9.599873321475277041e-03 1.761644269252865547e-02 9.558606171955991854e-03 1.038644945114032547e-02 4.717128157480717822e-03 6.268781797663975849e-03 7.004709889148556454e-03 7.099088199421232925e-03 8.580547234248378508e-03 5.843726227087788503e-04 5.937192093578639836e-04 4.806602215469061960e-03 2.836206054349897816e-03 5.861162251025674695e-03 -6.172515684926301385e-03 6.851787086429658377e-03 4.032746404210247985e-03 -1.986075943515419346e-03 -6.084393780621823698e-03 3.494482988170789697e-03 -6.451572895507845865e-03 3.232626356221130880e-03 -1.958641594195947768e-03 5.355008908775317662e-03 2.974027111468558523e-03 8.223769117646020227e-03 6.336050676739683578e-03 5.643771271216800438e-03 5.671178233129629560e-05 3.571919751040396763e-03 -4.939727044506474121e-04 -1.045678653119718436e-03 5.077657761889314836e-03 5.602951578197836943e-03
5.551114661593476579e-02 1.000000000000000000e+00 7.085108222687315493e-02 8.441367630299077829e-02 9.141691294934053968e-02 5.759239304741372439e-02 1.435304338411722280e-01 1.154818920985736380e-01 1.639137833366150210e-01 1.548285828027603506e-01 1.260530301207839765e-01 1.180607049118854585e-01 1.411305204706567729e-01 9.056409972837206612e-02 1.463877248837694156e-01 1.349235176975818462e-01 1.288211528549365881e-01 1.543886704852615865e-01 1.632771748634749831e-01 1.441227441117827746e-01 1.550703328639597978e-01 1.609023851058758725e-01 1.555006026507878558e-01 1.443784904515653389e-01 1.665657245571584844e-01 1.503445015597664469e-01 1.580358226115031739e-01 1.671121143490693906e-01 1.733325924867987755e-01 1.707190644056082174e-01 1.658739769098260819e-01 1.479788343029078412e-01 1.665489193004981439e-01 1.419626657915876722e-01 1.580506179989190629e-01 1.346908433909956571e-01 1.608186995861117796e-01 1.617668886618541246e-01 1.534958775343008008e-01 1.370860289023065337e-01 1.532546843935123915e-01 1.538059763177716255e-01 1.160920793060474382e-01 1.546700285664728280e-01 1.454628288299958383e-01 1.541103670573056861e-01 1.554164995614182587e-01 1.539063031054208885e-01 1.550118791069157731e-01 1.504798217165677354e-01 1.477784008035219199e-01 1.231054702980065446e-01 1.410563886499163477e-01 1.590732250369208400e-01 1.487019041728497304e-01 1.535538894584378700e-01 1.494768999527481823e-01 1.516303019691942200e-01 1.502610913317937169e-01 1.575457214894119273e-01 1.461601329520755277e-01 1.515621847182697102e-01 1.459014447201282261e-01 1.448702448476157367e-01 1.487968955588377939e-01 1.540261455000279667e-01 1.531418012379191507e-01 1.553711200775122758e-01 1.585764706334384933e-01 1.511117303682630864e-01 1.600060414127918440e-01 1.591743840832304802e-01 1.530924424487107860e-01 1.607823536398873543e-01 1.592874330906882130e-01 1.561244521165296162e-01 1.618801031856706985e-01 1.620847465671925447e-01 1.642773025287127264e-01 1.628966649342274697e-01 1.591654783071094759e-01 1.581196702924001496e-01 1.559532428438805407e-01 1.630364944536197847e-01 1.547909172468369121e-01 1.536618901707841600e-01 1.511510552850661993e-01 1.559863536792807370e-01 1.572922249210805812e-01 1.527688016423335848e-01 1.522339845642549094e-01 1.514275819420707880e-01 1.520813714552288753e-01 1.548973393335998927e-01 1.519228371892170637e-01 1.584399564780322733e-01 1.458928568179075624e-01 1.479737845497604842e-01 1.515842702893519245e-01 1.528859012425801134e-01 1.465860277995556793e-01 1.533292967065043033e-01 1.491216703557658729e-01 1.519105589927753075e-01 1.465767588327507309e-01 1.559115784009347805e-01 1.552385221344733113e-01 1.583669683575379683e-01 1.569783789248329620e-01 1.539021460612121917e-01 1.493695366051653317e-01 1.563434047283904782e-01 1.515065465131464617e-01 1.517136861400329439e-01 1.506623043589583044e-01 1.502567123965818374e-01
2.090320702918650742e-02 7.085108222687315493e-02 1.000000000000000000e+00 2.866963785170741907e-01 1.699468366783157269e-01 1.542513550813077172e-01 3.143319578338299447e-01 3.142228766583642918e-01 3.243291633625322024e-01 3.033512843666397729e-01 3.341496752360918476e-01 3.723707150357189466e-01 3.287505421913540227e-01 2.667717611584662363e-01 3.728232244537428852e-01 3.538943311369900369e-01 3.414130582850682383e-01 3.092722936074080442e-01 3.272461480929492184e-01 3.112047694075176785e-01 3.259959328192599259e-01 3.406269901635776143e-01 3.233237641832292231e-01 2.929910952874227315e-01 3.010701516348625040e-01 3.541644841913004771e-01 3.545206795727399163e-01 3.589874371254323515e-01 3.366302811456688415e-01 3.452764774480032162e-01 3.617275434444809923e-01 3.597000100673998224e-01 3.613427759665249761e-01 3.549524765621762668e-01 3.453134365710636144e-01 3.508385098058152129e-01 3.669625422254737535e-01 3.632933524639787581e-01 3.669288835448710206e-01 3.691291241977720516e-01 3.743893205852149575e-01 3.675739051159040427e-01 3.413333138631147734e-01 3.749878483800078155e-01 3.706713275276459219e-01 3.719174191179752120e-01 3.778814910865559429e-01 3.743674617150346551e-01 3.681523684879934311e-01 3.602010733374965690e-01 3.673106265695834649e-01 3.648161585206371460e-01 3.630426493495781948e-01 3.704398112772747664e-01 3.686195874332359734e-01 3.648957476552655010e-01 3.659429415028730426e-01 3.689758420487920798e-01 3.679548165544932470e-01 3.730182832759420530e-01 3.662760012169106183e-01 3.721159372310424707e-01 3.671294972782900290e-01 3.682399092629204396e-01 3.682736417415459207e-01 3.725024683292353922e-01 3.744833470608252002e-01 3.652914506506642067e-01 3.672209798307903283e-01 3.662758529030397670e-01 3.694486407300108799e-01 3.690110150440525372e-01 3.583732317624019337e-01 3.607124384998399713e-01 3.731831264084570221e-01 3.772647862126722318e-01 3.691963939442071130e-01 3.658597976075941283e-01 3.667264776555700379e-01 3.667306825414915483e-01 3.795402704716122622e-01 3.782087266849585849e-01 3.728557757156628627e-01 3.663257944274659339e-01 3.768977373254269736e-01 3.713985801612688098e-01 3.754385311269808900e-01 3.729501422506851793e-01 3.722968234664479348e-01 3.684180109900700439e-01 3.767619936017501669e-01 3.724006203451104557e-01 3.722027384962686147e-01 3.700356894680732478e-01 3.740304941321869747e-01 3.742183678901911392e-01 3.740437109069208454e-01 3.698867930998964715e-01 3.733618055247573952e-01 3.741697107125006583e-01 3.719557065105973392e-01 3.738902871827206598e-01 3.730782092778459069e-01 3.739418557157367928e-01 3.728938823433128325e-01 3.712279842460575741e-01 3.734371746927601099e-01 3.728076257442388686e-01 3.710859720438987597e-01 3.741954921558292013e-01 3.730262259186943319e-01 3.754634037644977163e-01 3.731579246803180538e-01 3.729435182622309330e-01 3.740282884336761371e-01 3.727080056445340461e-01
1.241972679582248372e-03 8.441367630299077829e-02 2.866963785170741907e-01 1.000000000000000000e+00 3.077735348033376339e-01 2.516280674373413961e-01 5.188762747377070328e-01 4.888386105554768934e-01 5.482922044776136206e-01 4.927446374655171102e-01 5.725652312856190918e-01 6.364610821619464121e-01 5.341907581629495860e-01 4.420799999665356861e-01 6.017881058369402014e-01 6.106153039834274487e-01 5.640750800260010411e-01 5.336615300152968144e-01 5.594534437486273770e-01 5.630611105295991736e-01 5.686469249996746189e-01 5.879085023009156252e-01 5.425266880305076311e-01 5.244423364439402269e-01 5.298600597572538096e-01 5.999809441930150644e-01 5.962765467984527668e-01 5.940426671731080521e-01 5.461748216197563899e-01 5.702506558977540330e-01 6.041030467317520802e-01 6.097512175399787404e-01 5.864798275021337881e-01 6.087280492685784861e-01 5.811830696475673852e-01 6.049460077384505308e-01 6.035057588593677469e-01 6.168614742053754041e-01 6.201696701363414999e-01 6.220205555076377957e-01 6.184721149124466910e-01 6.250294335663515444e-01 6.180173153445025491e-01 6.262255232607475408e-01 6.294340159131263102e-01 6.195829913289028212e-01 6.245855412290703956e-01 6.234161374284232782e-01 6.165408858690227811e-01 6.180788903810284785e-01 6.242486868416714518e-01 6.387250881272951153e-01 6.191997277666451138e-01 6.167165099759325253e-01 6.145326817304592737e-01 6.110036445103075309e-01 6.210783411531783926e-01 6.211649446268804331e-01 6.109781063648811461e-01 6.233119313104605874e-01 6.253281990606436302e-01 6.233233947181707757e-01 6.236958140242822024e-01 6.264383770019745779e-01 6.266168008695479630e-01 6.232003645167283334e-01 6.271619060090992681e-01 6.235880042374754018e-01 6.200966504903328014e-01 6.293583282463410811e-01 6.290958963235290247e-01 6.245546230939743593e-01 6.151701639131903487e-01 6.119575867432572869e-01 6.232359640520653832e-01 6.220259130348060328e-01 6.129041877346950162e-01 6.048474815725880527e-01 6.057777439029482514e-01 6.104824574121022751e-01 6.206530280954123402e-01 6.251651499293106040e-01 6.249860547704230163e-01 6.158277800990066275e-01 6.255304698179905420e-01 6.226774274083174410e-01 6.275559968598330984e-01 6.257861131893831530e-01 6.241543501280253370e-01 6.226695495725982354e-01 6.291429797130275725e-01 6.287854517965398848e-01 6.303658014789914610e-01 6.269636509431990579e-01 6.276176667751207638e-01 6.276460466244632164e-01 6.317457767850706007e-01 6.287497716624905753e-01 6.258613099786737299e-01 6.321359105506684228e-01 6.323199377666262055e-01 6.253204823569972204e-01 6.312805138650888770e-01 6.314277189356086728e-01 6.340456368302327395e-01 6.235078889580865091e-01 6.263911853866070967e-01 6.226689116011328018e-01 6.217645824526157883e-01 6.270203851620109736e-01 6.271274582534618336e-01 6.279378976300975523e-01 6.262341719808992568e-01 6.299458609179213742e-01 6.315503699574018803e-01 6.283023144609291011e-01
9.878007380653410982e-03 9.141691294934053968e-02 1.699468366783157269e-01 3.077735348033376339e-01 1.000000000000000000e+00 1.937063986709299523e-01 4.312446191051075295e-01 4.420237646488897054e-01 4.121048445883774280e-01 3.746547058775790418e-01 4.064632548818774005e-01 4.421185104872948912e-01 4.321503432748241558e-01 3.203217509931257645e-01 4.595823610190426511e-01 4.540654525512181072e-01 4.137252755607458421e-01 3.938837130994509717e-01 3.876150234500828629e-01 4.118456873655547690e-01 4.171995324554750306e-01 4.089095204584877741e-01 4.059339335803762161e-01 3.519338019079301660e-01 3.704468829378163020e-01 4.361004422811957104e-01 4.361810761512371903e-01 4.480722744827352333e-01 4.289651350108221739e-01 4.360548094032483113e-01 4.503714853955511632e-01 4.316501683458762728e-01 4.312859540680505921e-01 4.256438430260672812e-01 4.312766153170907169e-01 4.285067753795248624e-01 4.484014022002464350e-01 4.519044744004234726e-01 4.555859925277223055e-01 4.460771771879425418e-01 4.542217014567785371e-01 4.600042495377956731e-01 4.562342833182350121e-01 4.611449405297566306e-01 4.484461505541637583e-01 4.534341840355289865e-01 4.556304867154857829e-01 4.568948735119799376e-01 4.513963340842889194e-01 4.485516774853712252e-01 4.630091971349046265e-01 4.535683539577629042e-01 4.543333189680373585e-01 4.567282892755528678e-01 4.528479525789132487e-01 4.594808460217724155e-01 4.562701673508361422e-01 4.594768043673004843e-01 4.519087176441030640e-01 4.521424661761985764e-01 4.611627402491554339e-01 4.586329376226687127e-01 4.582508814705173461e-01 4.567520266978097876e-01 4.521519083284650797e-01 4.563485017985022818e-01 4.564383450331339076e-01 4.517255476890711385e-01 4.538449435926760200e-01 4.599122885326271115e-01 4.532687209425026453e-01 4.542143403889933873e-01 4.360147430734200857e-01 4.417968814634263830e-01 4.614531984698912459e-01 4.558784145055460590e-01 4.581735147338073522e-01 4.538761192695688340e-01 4.562057540211375550e-01 4.554482458448109172e-01 4.595349731577818009e-01 4.598505536832341312e-01 4.580402714977176992e-01 4.533923345736214361e-01 4.557960927850569499e-01 4.525471373404579278e-01 4.544498557397780303e-01 4.594447660080715479e-01 4.555067826773914197e-01 4.612629020680609759e-01 4.573549959658964048e-01 4.587434386824758570e-01 4.571627792295765436e-01 4.610748672946277660e-01 4.589942613661477933e-01 4.581741326662531200e-01 4.554075736784453099e-01 4.564791312214937502e-01 4.569397301695575786e-01 4.600892567737862038e-01 4.623796014831628165e-01 4.565016220809985370e-01 4.600135768963622973e-01 4.610377718929783430e-01 4.585847581540181683e-01 4.603443441280886117e-01 4.564266386545761667e-01 4.585606094338447458e-01 4.617296631882627511e-01 4.575359303976638259e-01 4.562992041508278085e-01 4.589618402634999539e-01 4.591908796533508141e-01 4.589472359341326135e-01 4.543561144553501241e-01 4.598185967118109674e-01
7.713453196722844935e-03 5.759239304741372439e-02 1.542513550813077172e-01 2.516280674373413961e-01 1.937063986709299523e-01 1.000000000000000000e+00 3.834515690559784362e-01 3.311771572741408209e-01 3.614654443463474198e-01 3.398845174560191085e-01 3.574457252457147183e-01 3.827926416443503954e-01 3.296371139949278439e-01 2.821943092656384877e-01 3.733941590708936276e-01 3.820153623489127015e-01 3.630145725759619801e-01 3.794047015807601175e-01 3.749896743161639234e-01 3.475477176611214136e-01 3.777601015547580876e-01 3.801226687700822171e-01 3.710543439002894628e-01 3.643669359904241900e-01 3.755504998606657985e-01 3.953572252630738748e-01 3.831860891693527615e-01 3.944879060179664609e-01 3.939915293417531328e-01 3.995155720179610070e-01 4.064003968460905281e-01 3.837570604904985694e-01 3.810638457364370346e-01 3.909360101373196006e-01 4.002815456639789438e-01 3.852729636005233216e-01 3.920886110400645386e-01 3.921758009884850349e-01 4.004647063643724247e-01 3.852099832022775061e-01 3.965908716980513504e-01 3.993678039252542278e-01 3.855714976403035177e-01 4.017467789539012624e-01 3.936696381063702344e-01 4.040160437038297636e-01 3.970320417211820052e-01 3.990034805398125495e-01 3.964128147122349954e-01 3.862005738547441003e-01 3.912034244748320289e-01 3.963639941600550221e-01 3.939866425489345070e-01 4.059237365208706039e-01 4.032551128835893395e-01 4.054351018989630351e-01 4.002174157816539291e-01 3.991756516651560061e-01 3.959002301172667715e-01 4.027672193854101579e-01 4.012375479802839928e-01 4.021329457270608199e-01 3.968574186276882521e-01 3.961715756154373103e-01 3.981516736500326781e-01 4.065375509921838049e-01 4.032552602643487139e-01 4.059492299482662103e-01 4.031725124009298278e-01 4.034929796632327759e-01 4.041054943728527582e-01 4.068033372788635860e-01 4.070433380468938545e-01 4.108550491005703020e-01 4.057462603852544092e-01 4.017065561732224288e-01 4.094378381241230436e-01 4.094128504261757562e-01 4.067298702011262201e-01 4.067507622143093915e-01 4.072356288167415239e-01 4.043826663421981049e-01 4.047564441488344933e-01 4.043003052487436078e-01 4.016662801380699865e-01 4.021246628348156826e-01 4.004206006015352814e-01 4.052065594652492497e-01 4.032247639704915065e-01 4.063975540280978516e-01 4.010173624492989197e-01 4.036076054616505315e-01 4.001310067575386542e-01 4.035442112131825132e-01 4.021172946142891891e-01 4.026429521393354305e-01 3.987860690330124469e-01 4.045182183085630490e-01 4.025118003657757182e-01 4.001771617514902069e-01 4.065328136468068232e-01 4.027751110358995801e-01 3.982469756528312921e-01 4.033258438820566671e-01 4.073381109284556212e-01 4.076416901623000633e-01 4.037916483434955128e-01 4.059882160817530061e-01 4.046103598764485554e-01 4.020440913954360096e-01 4.031532703750166924e-01 4.020379334979969355e-01 4.048143006572753055e-01 4.034840206983247857e-01 4.018469100668846661e-01 4.072266386524501791e-01
1.892987664334763384e-02 1.435304338411722280e-01 3.143319578338299447e-01 5.188762747377070328e-01 4.312446191051075295e-01 3.834515690559784362e-01 1.000000000000000000e+00 6.874261686085307854e-01 7.253771884474210507e-01 6.516644035399670187e-01 7.095584719849927779e-01 7.690167853506671980e-01 6.965043109293648227e-01 5.596284669908465625e-01 8.148582607810218592e-01 7.849078167395365790e-01 7.346572521244740805e-01 7.093885893363472972e-01 7.147940188623975732e-01 7.253082978875790010e-01 7.319619140980515581e-01 7.373646261329849239e-01 7.318110443803569343e-01 6.614530729778960172e-01 6.676579198572406559e-01 7.869737713907232202e-01 7.716445110605328894e-01 7.840471750515756177e-01 7.521215370251761456e-01 7.765084329426857890e-01 7.994692700361240023e-01 7.830858847092140307e-01 7.707074413381661548e-01 7.844925027216873570e-01 7.765853982917449994e-01 7.745375267986902568e-01 7.922322146495476280e-01 8.042285085539393474e-01 8.082929581277066289e-01 7.987466643480799489e-01 8.053546159727948961e-01 8.099042398726079561e-01 7.901557137592584157e-01 8.144062145094222993e-01 8.011601569523861821e-01 8.084244075633855164e-01 8.060185704107249993e-01 8.068851200423267089e-01 8.004365140253446587e-01 7.898519758757199805e-01 8.048416006146035251e-01 7.918945100643156598e-01 7.935049211928575374e-01 8.060326982512405758e-01 7.986310128271038034e-01 8.047256490876711910e-01 8.040993506178747419e-01 8.105398120310838284e-01 7.971257283048703846e-01 8.098902627347257521e-01 8.110510289773316117e-01 8.115818319674281689e-01 8.051536470042274241e-01 8.079151890413672765e-01 8.021021673115504846e-01 8.062909507604958392e-01 8.075798941495755390e-01 8.035392375327088388e-01 8.082702170152793464e-01 8.110711050317775950e-01 8.040968376399482143e-01 8.031448336102039454e-01 7.932718255056000478e-01 7.931566316352067769e-01 8.128828741111170375e-01 8.077733503888901989e-01 8.098725356828700983e-01 8.023294656023237659e-01 8.035004781125130169e-01 8.078751624740224679e-01 8.119071388983134518e-01 8.119439697529937661e-01 8.098556973313516538e-01 8.066494719756551746e-01 8.109516753619934182e-01 8.103304406276418126e-01 8.133929986589947259e-01 8.149195323299499583e-01 8.145028879551565737e-01 8.077388892338109860e-01 8.138566944633328637e-01 8.139088675640704373e-01 8.130964463631878969e-01 8.143992025879526198e-01 8.117134398559039399e-01 8.114736708641768770e-01 8.043562059231711414e-01 8.044961632284766129e-01 8.085600210476454608e-01 8.123989619521378991e-01 8.170892672831685521e-01 8.105193770900120942e-01 8.100109592768846012e-01 8.139255114893907406e-01 8.147760340815406455e-01 8.056646304809161885e-01 8.099236983436779447e-01 8.114313554430150344e-01 8.108540494748135430e-01 8.113748213225532302e-01 8.119635376692064810e-01 8.146776532547868044e-01 8.112346034156733277e-01 8.140137902764611466e-01 8.087574061802937919e-01 8.115570007490918725e-01
-1.047819986153769589e-02 1.154818920985736380e-01 3.142228766583642918e-01 4.888386105554768934e-01 4.420237646488897054e-01 3.311771572741408209e-01 6.874261686085307854e-01 1.000000000000000000e+00 7.101688090643980544e-01 6.409948749324873019e-01 7.073672608205447965e-01 7.459668994743751114e-01 6.806711483583521849e-01 5.477241099842508065e-01 7.752288272848053552e-01 7.806493287051609054e-01 7.105481693399502419e-01 6.895159255974522283e-01 7.074317567275753005e-01 6.838546887668124352e-01 7.230148325098129103e-01 7.281534420824882226e-01 7.163324457487177943e-01 6.620232313296405824e-01 6.741251993218483340e-01 7.601670878349029437e-01 7.567904064740926806e-01 7.591440091003393009e-01 7.383660326253391748e-01 7.521172319418837349e-01 7.755905657582506940e-01 7.715374628377879018e-01 7.551485887684857845e-01 7.641622087893372717e-01 7.504324439107924460e-01 7.530642272015397598e-01 7.693002654035858701e-01 7.862525251131357029e-01 7.879095465762531170e-01 7.784927916887300903e-01 7.825422835094278939e-01 7.841165494324392471e-01 7.547167030900423512e-01 7.843559457011126668e-01 7.726619514030199642e-01 7.821871480571958024e-01 7.827417221246393275e-01 7.847308768643299626e-01 7.805429262374693478e-01 7.761038463429432710e-01 7.922916122474243927e-01 7.569957734151042672e-01 7.669246382640808601e-01 7.850049892665194040e-01 7.843890505263061419e-01 7.883195661042032842e-01 7.840684502861623439e-01 7.876622142712647046e-01 7.827814493317474254e-01 7.867569894167244504e-01 7.883477602173873944e-01 7.893405616161083271e-01 7.864675497137547655e-01 7.912312142806618986e-01 7.792308062491124510e-01 7.865812525473565575e-01 7.895459378698899133e-01 7.846938005937301730e-01 7.865301547874444799e-01 7.856272563431648814e-01 7.878804608463606529e-01 7.823764537780977246e-01 7.734653473481658548e-01 7.764209593024883338e-01 7.893442165745651051e-01 7.841134371200337849e-01 7.814621514716446615e-01 7.810720712830439005e-01 7.793623463708003740e-01 7.827710978151678489e-01 7.842391318762916841e-01 7.873968924663193869e-01 7.929555210227395845e-01 7.844057552187256865e-01 7.881718599136529058e-01 7.877036082364703429e-01 7.870845290333580158e-01 7.894995645303793941e-01 7.885767097905443945e-01 7.883012148958812304e-01 7.896144456971412318e-01 7.883172724929647934e-01 7.888164419584953180e-01 7.885511997195595590e-01 7.880092185340523692e-01 7.868170453550792365e-01 7.885859610946537313e-01 7.868580647344146639e-01 7.882805909788340726e-01 7.898225439661581415e-01 7.874914088126512279e-01 7.904463497213581880e-01 7.825809271215069529e-01 7.892538021070384380e-01 7.880036310789898524e-01 7.873204699186675537e-01 7.875696859236464009e-01 7.857213625361790799e-01 7.890325946311766980e-01 7.888019314994348941e-01 7.872884354322550182e-01 7.872827958275495641e-01 7.883561129789902200e-01 7.918654840298432473e-01 7.856068236512147029e-01 7.871099293200934932e-01
4.070230119864549218e-02 1.639137833366150210e-01 3.243291633625322024e-01 5.482922044776136206e-01 4.121048445883774280e-01 3.614654443463474198e-01 7.253771884474210507e-01 7.101688090643980544e-01 1.000000000000000000e+00 7.350406003710944214e-01 7.934030753566474470e-01 8.372904909066400947e-01 7.532072032600187761e-01 6.073833288473261538e-01 8.461387070330278481e-01 8.416381477246726028e-01 8.098102940310489828e-01 8.118458518463091966e-01 8.250205866471774785e-01 7.657753982182886610e-01 8.066129880407358899e-01 8.381866419346033492e-01 8.309418386121432132e-01 7.768386071189298248e-01 7.974665568418821682e-01 8.700793851354764463e-01 8.607665823825291218e-01 8.716379066562406353e-01 8.597012863059094734e-01 8.736229166488178599e-01 8.915767014563058535e-01 8.743851444770983639e-01 8.601999056246613096e-01 8.692173665670296367e-01 8.697081105731072626e-01 8.412972446074998834e-01 8.766033585395260896e-01 8.821556583789379458e-01 8.825449969672773953e-01 8.618515667016576343e-01 8.851456959987173967e-01 8.814478489263837258e-01 8.243502548519520134e-01 8.841415937635855871e-01 8.769138480164672123e-01 8.822304161192509042e-01 8.863936345607451583e-01 8.920838636045549386e-01 8.835110656584983513e-01 8.714548023457671100e-01 8.785466923247516879e-01 8.470965595592079289e-01 8.746583573467056061e-01 8.935819295427891440e-01 8.868911423448526676e-01 8.899841017492249318e-01 8.862806329035086694e-01 8.861606215590054347e-01 8.826574724958072826e-01 8.922840692696587528e-01 8.848936442993823315e-01 8.883126938913589177e-01 8.835346216649516693e-01 8.818153744796475291e-01 8.865021618543108550e-01 8.903034272986074527e-01 8.936562978921123168e-01 8.938306951284666901e-01 8.950401630925488572e-01 8.881513823560047705e-01 8.907021507108139335e-01 8.925371514756451630e-01 8.859484028418305179e-01 8.912633945694514725e-01 8.951361792634424663e-01 8.905485227751427368e-01 8.932012657134293931e-01 8.951571328461340737e-01 8.909699613617968472e-01 8.967772099851858414e-01 8.918118216874982851e-01 8.948557443888528473e-01 8.935361203784129014e-01 8.949090409688803538e-01 8.911430050135801251e-01 8.940242786412138098e-01 8.888300298193535509e-01 8.934090410947090888e-01 8.933391333077990160e-01 8.919073396941582521e-01 8.896793599303562949e-01 8.930416808737490220e-01 8.914877166180537049e-01 8.924631015391496502e-01 8.925044910856568814e-01 8.936459575160597968e-01 8.837470569245760021e-01 8.844100091479024650e-01 8.905022823161006240e-01 8.884138121596161231e-01 8.881205026851602957e-01 8.912121793517201462e-01 8.861119612969412529e-01 8.906602923329260957e-01 8.896725381999700533e-01 8.883175395698276189e-01 8.930260225457699041e-01 8.945389450300342826e-01 8.937245968498223059e-01 8.936472747188961563e-01 8.906141101180955477e-01 8.929916213531043923e-01 8.908100110935203153e-01 8.912035775704620910e-01 8.912616933384880369e-01 8.925891519286038855e-01
1.711339173374022346e-02 1.548285828027603506e-01 3.033512843666397729e-01 4.927446374655171102e-01 3.746547058775790418e-01 3.398845174560191085e-01 6.516644035399670187e-01 6.409948749324873019e-01 7.350406003710944214e-01 1.000000000000000000e+00 7.032240561183844552e-01 7.489395748048318646e-01 6.720411294686189363e-01 5.416862496232655033e-01 7.632976986796083940e-01 7.498766754086924058e-01 7.070432362145816496e-01 7.000109611749728566e-01 7.129405545265046218e-01 7.008478509254446598e-01 7.138323018009068432e-01 7.304965920049935058e-01 7.232914709826646638e-01 6.623558351659386556e-01 6.852493428961126121e-01 7.688938511188180280e-01 7.536839493069237284e-01 7.687145978290251813e-01 7.576438836476001581e-01 7.755109266891603292e-01 7.865047366522213146e-01 7.689733918704325655e-01 7.533137166877258428e-01 7.581044299115644591e-01 7.626109148192325993e-01 7.434854743728293025e-01 7.714481947439796317e-01 7.864978077843186588e-01 7.832572964610196031e-01 7.668379069383790547e-01 7.870234392256075795e-01 7.846786378957630870e-01 7.282523940337992663e-01 7.828059632918945576e-01 7.757839762135441131e-01 7.866576057597175486e-01 7.899601425559134027e-01 7.939079869929653865e-01 7.891310567118564601e-01 7.738586385736885287e-01 7.864470288202197734e-01 7.543448502369611841e-01 7.774136060534040382e-01 7.952457736817285516e-01 7.931851518700534509e-01 7.939582392759457763e-01 7.897935302131711133e-01 7.907462411164195570e-01 7.900134520292916296e-01 7.941665092615989296e-01 7.896375305290471713e-01 7.939330909907817979e-01 7.897800665014860222e-01 7.894504254530535503e-01 7.831758343916631615e-01 7.925098121155131903e-01 7.920589727469916630e-01 7.900005792060695864e-01 7.925733303584862055e-01 7.927280502259246298e-01 7.901194674878627699e-01 7.904453106675793927e-01 7.765039330918860339e-01 7.813541688216621983e-01 7.949071308307488204e-01 7.918174227855390157e-01 7.922048132545381760e-01 7.927690486456014929e-01 7.928067666032585503e-01 7.954215717422807863e-01 7.906167985681031851e-01 7.953933934446041354e-01 7.937899629539917346e-01 7.912242210126000375e-01 7.891773417041693106e-01 7.878908995765303569e-01 7.898526946730038967e-01 7.959212979037637581e-01 7.951706295720901707e-01 7.947428967764954555e-01 7.893945198092168214e-01 7.935960385435515407e-01 7.909430280226368293e-01 7.940255446007770113e-01 7.951332428083600634e-01 7.947034854625582012e-01 7.874083855798014175e-01 7.884690825836773165e-01 7.935111734823178109e-01 7.924303787325792658e-01 7.898367685471041622e-01 7.923217384465696123e-01 7.883730372735208158e-01 7.935671488879486590e-01 7.906571513645176408e-01 7.921141797361103132e-01 7.944307277491051700e-01 7.957516190444549053e-01 7.971108936612096851e-01 7.943005365884728830e-01 7.931537210068624333e-01 7.951659861920494787e-01 7.951266458603617471e-01 7.946700182665805690e-01 7.922344187820642425e-01 7.929195716160869489e-01
2.232261467314751219e-05 1.260530301207839765e-01 3.341496752360918476e-01 5.725652312856190918e-01 4.064632548818774005e-01 3.574457252457147183e-01 7.095584719849927779e-01 7.073672608205447965e-01 7.934030753566474470e-01 7.032240561183844552e-01 1.000000000000000000e+00 8.520152750266247743e-01 7.420698563776298995e-01 5.958806218156832424e-01 8.345274081374945974e-01 8.377739231003367149e-01 7.930045685739244288e-01 7.756597415948054408e-01 7.992100770566774592e-01 7.527761396123184845e-01 7.818561199741035361e-01 8.245025497099495171e-01 7.996222375182179265e-01 7.481063317138153534e-01 7.649231156994905634e-01 8.564242101264755158e-01 8.451939512387496301e-01 8.469100190680987073e-01 8.185812896000879135e-01 8.422343385776400737e-01 8.773288419015599082e-01 8.597356383126442125e-01 8.377671245506669306e-01 8.537961772767417301e-01 8.447079585735250973e-01 8.316610900515037930e-01 8.639122976757379613e-01 8.722130185970465854e-01 8.711421962734459123e-01 8.572764451165774124e-01 8.762235547423939952e-01 8.731407921888501011e-01 8.240326018139199071e-01 8.750124344890818362e-01 8.681330502995870946e-01 8.687320763500850918e-01 8.795500712994021031e-01 8.809983350402833535e-01 8.754148689897601754e-01 8.646363500160763049e-01 8.750101207479596965e-01 8.507515723325046464e-01 8.636908143872175092e-01 8.797496928172723329e-01 8.754324552821224348e-01 8.744508172631410003e-01 8.737828557577319577e-01 8.769406284401263241e-01 8.748069860791310992e-01 8.798184291245082500e-01 8.785837448526816473e-01 8.802769563267579533e-01 8.751062890571372765e-01 8.758861733510837633e-01 8.729325932352065553e-01 8.781278680549408078e-01 8.827670206098330308e-01 8.819027367359139058e-01 8.822985976771505756e-01 8.782765929214300105e-01 8.820565857544130361e-01 8.815182016922585850e-01 8.726440837045349452e-01 8.724115278550566011e-01 8.838544631773063154e-01 8.812456536934101248e-01 8.788573213835917386e-01 8.758526315927767092e-01 8.759220844795623240e-01 8.793327251015794488e-01 8.816655865353915100e-01 8.832465678123225805e-01 8.828103427309058615e-01 8.792787230019791789e-01 8.831120452404778165e-01 8.823171832399521186e-01 8.807720556542900647e-01 8.844500980125568068e-01 8.831282073496621310e-01 8.810017369648822649e-01 8.819081055700438432e-01 8.839955490848081521e-01 8.815159615919213598e-01 8.826388668887236166e-01 8.844459031679025030e-01 8.851320022918119923e-01 8.806182370631483458e-01 8.755353638353177148e-01 8.831320477634517774e-01 8.832215962458737080e-01 8.806591982788333217e-01 8.828040140396447022e-01 8.798356283964521296e-01 8.829173589918577481e-01 8.818269708359545156e-01 8.787244311213815440e-01 8.836223382459267306e-01 8.831017637641844775e-01 8.832909268377232559e-01 8.825865578834166669e-01 8.824627050885438528e-01 8.847334629346104151e-01 8.827248434129414401e-01 8.848520343363294183e-01 8.804494034672361025e-01 8.825043695648432385e-01
-8.817686405104288583e-03 1.180607049118854585e-01 3.723707150357189466e-01 6.364610821619464121e-01 4.421185104872948912e-01 3.827926416443503954e-01 7.690167853506671980e-01 7.459668994743751114e-01 8.372904909066400947e-01 7.489395748048318646e-01 8.520152750266247743e-01 1.000000000000000000e+00 7.870785300202205459e-01 6.483663003439475991e-01 8.963739593685381424e-01 8.932712733693495277e-01 8.415073275690537757e-01 8.018860917893441131e-01 8.316404015593517052e-01 8.079478723524626815e-01 8.254982840981981429e-01 8.668095481826947335e-01 8.296878342319394806e-01 7.679344033788902957e-01 7.841180515406592777e-01 8.982354661422111697e-01 8.872803389751390268e-01 8.931476110578709937e-01 8.524921791998852916e-01 8.755940087582417819e-01 9.191521004889576796e-01 9.054599776024144786e-01 8.837358130334846962e-01 8.992275583610704892e-01 8.837525316358382232e-01 8.900216595007841569e-01 9.094526415495496341e-01 9.197048625651613740e-01 9.259742632448013655e-01 9.186996757977916594e-01 9.293067259699671068e-01 9.313165165700323378e-01 8.911396280450349927e-01 9.326303388658615523e-01 9.262721441157707458e-01 9.230267299877762399e-01 9.357326377950622165e-01 9.362988431078899110e-01 9.273061392725981955e-01 9.151050346185207740e-01 9.309361866364985749e-01 9.161975553464116739e-01 9.210612594179531376e-01 9.334367417488671492e-01 9.273502238780778617e-01 9.246467922601981915e-01 9.296049035662891091e-01 9.324616559248865011e-01 9.268380850441153562e-01 9.359399827650903836e-01 9.370866136932841650e-01 9.366436411760639125e-01 9.323531791276447045e-01 9.336916598973401538e-01 9.266568765062077606e-01 9.350914748015246580e-01 9.373848262732910053e-01 9.327171817741377602e-01 9.314898428565709931e-01 9.347624893278752012e-01 9.351762430884855704e-01 9.333491308536182585e-01 9.174813990681233156e-01 9.187286454202093777e-01 9.358231789234943143e-01 9.331174719105796989e-01 9.277580498858706282e-01 9.226849109953902950e-01 9.231055939547845313e-01 9.277012997238885950e-01 9.320937165867155816e-01 9.367898811670534176e-01 9.368638751265950804e-01 9.295472612378848920e-01 9.354968332550935850e-01 9.323878033252320785e-01 9.377266836301566544e-01 9.372016548482174914e-01 9.370192094265233917e-01 9.337699516042204939e-01 9.370888963827568308e-01 9.405140205040727341e-01 9.396170575733999719e-01 9.385171220745075482e-01 9.396701101767440667e-01 9.399070450778422847e-01 9.374049344343401424e-01 9.331134472601415597e-01 9.370606659703710761e-01 9.401143241601961353e-01 9.392980214027593089e-01 9.371677289485232931e-01 9.388431425832158839e-01 9.409892477988189841e-01 9.414604263210794022e-01 9.343942441596821968e-01 9.374577728338859828e-01 9.383966587298816497e-01 9.381997249694525864e-01 9.392975624174152438e-01 9.397584654973222262e-01 9.399771454109204782e-01 9.395938379481291181e-01 9.413211392745793882e-01 9.382699290401728121e-01 9.390961150747080266e-01
-2.804803819825438683e-03 1.411305204706567729e-01 3.287505421913540227e-01 5.341907581629495860e-01 4.321503432748241558e-01 3.296371139949278439e-01 6.965043109293648227e-01 6.806711483583521849e-01 7.532072032600187761e-01 6.720411294686189363e-01 7.420698563776298995e-01 7.870785300202205459e-01 1.000000000000000000e+00 5.860885525949200980e-01 8.059550116591124302e-01 8.085632760342814640e-01 7.405967560816676398e-01 7.327479574886205382e-01 7.508552304131121957e-01 7.239801074430495254e-01 7.518261295316576165e-01 7.760209114547736986e-01 7.587477944843695754e-01 7.003225758236942822e-01 7.175615309021480259e-01 8.079989168672954136e-01 7.992816846000874165e-01 8.072302532915742734e-01 7.937323569684368030e-01 8.067126500383474674e-01 8.259526088981867797e-01 8.070015790663208621e-01 7.910486761639575759e-01 7.972779591256107246e-01 8.005646441121233581e-01 7.831852696143917214e-01 8.179724960365002406e-01 8.261485580922558469e-01 8.227785991907392571e-01 8.054025004663392107e-01 8.290786696801283329e-01 8.282147495548558558e-01 7.911119520935964156e-01 8.308132445879848893e-01 8.207265091720934436e-01 8.283627167762849242e-01 8.340222093637263967e-01 8.342854175261089633e-01 8.262998127877617671e-01 8.140573527689004552e-01 8.294542715187854798e-01 7.954694128820825050e-01 8.170633411503309684e-01 8.340352397471827439e-01 8.262333551004528154e-01 8.309098548736341128e-01 8.256270994111888362e-01 8.348069938760916964e-01 8.275415174236608884e-01 8.365246925913771836e-01 8.357213546316187847e-01 8.388441013292327053e-01 8.280519629596427844e-01 8.275994110393694037e-01 8.240721414549228019e-01 8.314688250212622922e-01 8.343300596383911305e-01 8.336819840426868966e-01 8.382417030237635514e-01 8.340715457189514792e-01 8.340155768151303883e-01 8.337164836496016029e-01 8.223979242506028742e-01 8.262355049758040026e-01 8.386467244904367568e-01 8.359346618151732855e-01 8.348764295146183789e-01 8.331924659752237838e-01 8.325386074392900904e-01 8.363866494570409982e-01 8.354730722743308746e-01 8.392634331962036676e-01 8.339148116625499929e-01 8.346773896523207448e-01 8.353994308851987460e-01 8.347826774436744035e-01 8.330130214342729156e-01 8.389435613389721880e-01 8.381659202571288825e-01 8.352093303252868806e-01 8.322299306020554122e-01 8.386152848411779770e-01 8.346761878638359056e-01 8.395326686866890764e-01 8.393150551261782111e-01 8.377806085697654392e-01 8.288887687072921118e-01 8.282951470353884238e-01 8.376920813407037203e-01 8.376034176723791136e-01 8.358756737560973926e-01 8.359551329408206888e-01 8.348995022250910170e-01 8.388556544313381380e-01 8.336840454178795490e-01 8.327057957770577223e-01 8.369553063395610559e-01 8.378254802530407108e-01 8.368778740146424200e-01 8.383663243023264933e-01 8.366170886288407660e-01 8.401405533410843951e-01 8.381983865579326620e-01 8.374032332853427185e-01 8.349333056989488577e-01 8.351136090305570914e-01
