1.000000000000000000e+00 1.334440751712290263e-01 1.579535226124349212e-01 9.118706380796781641e-02 8.092815670044155307e-02 -2.082349493662258473e-03 2.228260075107964602e-02 4.485978922221448700e-02 1.725045338574582587e-01 4.856548645435101313e-02 4.041696507576025138e-02 2.353510216025426691e-02 1.911652600686150616e-02 3.136381475981768040e-03 1.491019221317808202e-02 3.865561832099417144e-02 1.270044277349761386e-01 2.780989556218395331e-02 2.779354091981928523e-02 6.229363646429130624e-02 1.024849682940322249e-01 2.446307790642322441e-02 6.795018836561998732e-02 1.249082456706577041e-02 2.084169400762008600e-02 6.682867866851437133e-02 5.381141662989230579e-02 -9.415451415601122989e-03 2.139569664522132306e-02 7.466079822310303649e-02 3.365340734202830475e-02 1.407833453054463564e-02 -1.708820991979316875e-02 1.827014006625815243e-02 2.955630686345154037e-02 1.597514386933040001e-02 1.019213477164341956e-02 -1.831927055738636484e-02 -4.089840790861722433e-03 -4.623780366450628426e-02 1.471438638355999050e-02 -1.197086918152650593e-02 -6.649215314718229762e-03 6.846204559802317180e-03 1.447556385999377443e-03 -9.106688659066731681e-03 1.720199011693411897e-02 2.265477162851647908e-02 4.828844705595361497e-02 1.955098881862103732e-02 9.615004791553461577e-03 4.758486645362007550e-02 2.959477155052288311e-02 5.576087220813720491e-02 3.697078929351177434e-02 1.928084687607482112e-02 8.620140766088353612e-02 3.037010021421860089e-03 1.640869213332191504e-02 5.973785836899506846e-02 3.929870948764002669e-02 3.880753502806751076e-02 3.624771775944989755e-02 5.478579981651783559e-02 6.602137860445891904e-02 7.489428675874697239e-02 2.851483111585117677e-02 6.889150531394900440e-03 6.723479843379001272e-03 8.839674645441280773e-03 6.725019286007084818e-03 8.597594860000281128e-03 -2.488688236922983153e-03 3.627743578281373855e-03 2.386303966948103220e-02 1.299553993166327123e-02 -5.282929843960212056e-03 8.717110466456020430e-04 -1.245496609026545357e-03 3.267523343276369785e-02 6.480602521637421863e-03 1.504621585706691043e-02 3.660763849013177335e-02 2.504300306947510046e-03 -1.099379889829172306e-02 -2.147765376493336337e-03 -2.995974109284015204e-03 -7.080164284299167443e-03 -2.511276524355683659e-03 1.800093044855761992e-02 -3.339540735570139390e-02 -5.328174321331677170e-03 9.729559126175179717e-04 -7.392331461175626582e-03 8.677423623708831191e-03 1.101612948540681321e-02 7.639756199899725396e-03 6.604561914436320180e-02 2.025008377809538879e-02 3.194595673887684964e-03 -7.493136465894441149e-03 2.986875507590874834e-02 2.567430598236787945e-02 1.440523601586387453e-02 2.602779572895476401e-02 5.490912815415028431e-02 3.265394081918848029e-02 1.738664323650686988e-02 2.022161438837289868e-02 1.362070815278100186e-02 3.135156682210303060e-03 2.991543257126307379e-02 2.191336083762309220e-02 2.999393888169046146e-02 4.729744910061858820e-02 4.472852626145327332e-02
1.334440751712290263e-01 1.000000000000000000e+00 8.817980829970040180e-02 9.124546323410022419e-02 1.171046508299238703e-01 5.866226093472901026e-02 1.362784891847947932e-01 1.367911447300982353e-01 2.069227604941683007e-01 1.912332814148166582e-01 1.492211047344023100e-01 1.462621164884357061e-01 1.362337412181787999e-01 9.600907587514635744e-02 1.525087719258078345e-01 1.426700693753880089e-01 1.826624453765140765e-01 1.198959951241820726e-01 1.486595889146335170e-01 9.420742467758684568e-02 1.673410802448289658e-01 1.264629212457288321e-01 1.743227261391939176e-01 1.435020082166127697e-01 1.430803042051298768e-01 1.705029841343991270e-01 1.512723791419331443e-01 1.281174834065693102e-01 1.240754344173525259e-01 1.835510451426484724e-01 1.665488686264860463e-01 1.629084910431422284e-01 1.044970652856145876e-01 1.538211360972680519e-01 1.467691052205471747e-01 1.257879615498895820e-01 1.161574934107934831e-01 1.457416542407085625e-01 1.423523759155105040e-01 1.223652546998010432e-01 1.483687600354750558e-01 1.392297086559014241e-01 1.328124292458809919e-01 1.466277313707559926e-01 1.367437027935219929e-01 1.401676268321092877e-01 1.618676736611168177e-01 1.622848412238513116e-01 1.670522118298380376e-01 1.452508003287034943e-01 1.564300316214668196e-01 1.206137411509743546e-01 1.393096832467155266e-01 1.746967638604017548e-01 1.668290569838676018e-01 1.665900591789705176e-01 1.778730002468905391e-01 1.508783484818578269e-01 1.628592238996406372e-01 1.694516147816456375e-01 1.587763646745078971e-01 1.663911746673336078e-01 1.609408637688135024e-01 1.682602738195564385e-01 1.662102334540157544e-01 1.689404801151967173e-01 1.620757232925557068e-01 1.548136975106878255e-01 1.576125471518022292e-01 1.367987955767069608e-01 1.460939472561742503e-01 1.493517370309239145e-01 1.629784496543972283e-01 1.504344129706979283e-01 1.606059237647484983e-01 1.510684073042039277e-01 1.424538966109034632e-01 1.375882070325715467e-01 1.476147932840835841e-01 1.603578707578534879e-01 1.467509027459726889e-01 1.571283823245559208e-01 1.681434519112591230e-01 1.420884049580254105e-01 1.394002038340657335e-01 1.509862092190172866e-01 1.375449118509688984e-01 1.489194721136048449e-01 1.438337047243127553e-01 1.547684558541271016e-01 1.293633134092353476e-01 1.449272862466546019e-01 1.453488633383575035e-01 1.469945577021515570e-01 1.535249376268195409e-01 1.559043830616437809e-01 1.433712150211482461e-01 1.618435734513652136e-01 1.536547811438512545e-01 1.491899866963448118e-01 1.387283030518920157e-01 1.578867046728109624e-01 1.484104590791221756e-01 1.500170909610527570e-01 1.496513987516768229e-01 1.682093307710063324e-01 1.608889595000600747e-01 1.580921812633430679e-01 1.601860154583493456e-01 1.554640595763077116e-01 1.519899965406175668e-01 1.585909715602290826e-01 1.590644875378831313e-01 1.592647806501674146e-01 1.593953760613894821e-01 1.579913796788577629e-01
1.579535226124349212e-01 8.817980829970040180e-02 1.000000000000000000e+00 3.237842034648610867e-01 2.414069198891682089e-01 2.239597340086461330e-01 3.342974920403041783e-01 3.416813851926097101e-01 3.548639961816870692e-01 3.094221874490200030e-01 3.605164432516164141e-01 3.705267671131705631e-01 3.288691936708113550e-01 2.482968245054763268e-01 3.635931637115498161e-01 3.557370552467651881e-01 3.675424662309034196e-01 3.107577099965124767e-01 3.753815504939249093e-01 2.641089130755510106e-01 3.632194536889271075e-01 3.859702527118177851e-01 3.531752046869229278e-01 3.222751746435469355e-01 3.810204961970085624e-01 3.713058659934709294e-01 3.739030502750071983e-01 3.637054729321089752e-01 3.361214393842426040e-01 3.731185431096363803e-01 3.840810044801025724e-01 3.876780855908651402e-01 3.775329705925612456e-01 3.888342436570345617e-01 3.722686015549044325e-01 4.000107942239167214e-01 3.824900940385530523e-01 3.690247167344493096e-01 3.871923373892506848e-01 3.707155985610603999e-01 3.698652368759716702e-01 3.678953149616207008e-01 3.838313908872182934e-01 3.733376647906712087e-01 3.835060577196562348e-01 3.648529269228383276e-01 3.587207418723982189e-01 3.651363987067215433e-01 3.776890296065011920e-01 3.766322096097746153e-01 3.749158715015963317e-01 3.810449639524969845e-01 3.791712598080846375e-01 3.587271188880036266e-01 3.522255542057237676e-01 3.684259297883403783e-01 3.668823973200975863e-01 3.559187323838605144e-01 3.576454879558288447e-01 3.695065773291719702e-01 3.743357599595893981e-01 3.557184259313805885e-01 3.537911892159746330e-01 3.845488428686578142e-01 3.804453513985422419e-01 3.754155075267565089e-01 3.696024204790800405e-01 3.673728365295247378e-01 3.659548158687057628e-01 3.597466148810419262e-01 3.747933032376079554e-01 3.771008169567888202e-01 3.587709711732793294e-01 3.747363006677983943e-01 3.702322164817732353e-01 3.726301826224419633e-01 3.690111078709603643e-01 3.624891797987820352e-01 3.720632201333224365e-01 3.694068832808783398e-01 3.747212208329519512e-01 3.740478689919773947e-01 3.882754030433398507e-01 3.730337783789638428e-01 3.822594697288369536e-01 3.791348580380998201e-01 3.802541601703157692e-01 3.758731242600090727e-01 3.706676979809548356e-01 3.698766933613446550e-01 3.770212967333245180e-01 3.681612736638847916e-01 3.725843338399409954e-01 3.712567248857033264e-01 3.630847367311972329e-01 3.621555330135573514e-01 3.751154196390083517e-01 3.787839869642988799e-01 3.722704086728076400e-01 3.787767328846616266e-01 3.739381411395898969e-01 3.699805901011283260e-01 3.708365355161656884e-01 3.693781093139830163e-01 3.820688196126458824e-01 3.681559967316055948e-01 3.698686874675911618e-01 3.652733488655696692e-01 3.658062051208706422e-01 3.637079388672154190e-01 3.627419410494238661e-01 3.661733712366125881e-01 3.634608857493461520e-01 3.741428296351444471e-01 3.779013720111493169e-01 3.732555951623763302e-01
9.118706380796781641e-02 9.124546323410022419e-02 3.237842034648610867e-01 1.000000000000000000e+00 3.538344428658066754e-01 3.397698888363499536e-01 5.700728075593349820e-01 5.450263288640181392e-01 5.459848614770682618e-01 4.600981775102117588e-01 5.522715542770938457e-01 6.063217754613954291e-01 5.035858346419815890e-01 4.149328057316890028e-01 5.931293469938349050e-01 5.664244924439459927e-01 5.080511556295641551e-01 4.871678774786866728e-01 5.625951474767166838e-01 4.462345488885994249e-01 5.860925988765443018e-01 6.124841213206746460e-01 5.299770169379195428e-01 5.000863576784025932e-01 5.781841584931174394e-01 5.990059551261831539e-01 5.896602285385397213e-01 5.960026461506094941e-01 5.625961847180211972e-01 5.644952083170088342e-01 5.912324028668303200e-01 5.662661117328764426e-01 5.627065118247650544e-01 5.443143240886549883e-01 5.306761286572710956e-01 5.961428319962459588e-01 5.689021529033090330e-01 5.649616627550253511e-01 5.891213655057671028e-01 5.918419581015642583e-01 5.955421452952285311e-01 5.919250709773112851e-01 5.956872042262079114e-01 5.932417456722286486e-01 5.909968947515532589e-01 5.804606405194425722e-01 5.686394781462661419e-01 5.697265957105729361e-01 5.845193724034274396e-01 5.655668013299742780e-01 5.788629524942012772e-01 5.916496954087916427e-01 5.914399719484874085e-01 5.750109808370825748e-01 5.621323326229388240e-01 5.740428904840196855e-01 5.820679959729855302e-01 5.639623720894031411e-01 5.599142529196351470e-01 5.824679259570570977e-01 5.945892489675613790e-01 5.728262345765758878e-01 5.684047766643216537e-01 5.912353147935789366e-01 5.883706496034398770e-01 5.911588770526710057e-01 5.777244030473293046e-01 5.808412494460011288e-01 5.740401260695850993e-01 5.826458547367379115e-01 5.927581781018836926e-01 5.949781806280054486e-01 5.632993177088484460e-01 5.816301691937523222e-01 5.913644187179414313e-01 5.998666465701077977e-01 5.960140486340286259e-01 5.931677618131087071e-01 5.924872145539228363e-01 5.753141803506948149e-01 5.809169748322124960e-01 5.817160698240700922e-01 5.935655347046061570e-01 5.841493354579411212e-01 5.776908091273120771e-01 5.771279926182413256e-01 5.854109794498743025e-01 5.876073306565449128e-01 5.842278681129903228e-01 5.859191534685942448e-01 5.914375190341161215e-01 5.865078253956244048e-01 5.862707595985517939e-01 5.920842467495953665e-01 5.769200838295638345e-01 5.780072199854626724e-01 5.877272375334290366e-01 5.926195866508593424e-01 5.909845243840341489e-01 5.898649036872261053e-01 5.927638041275818948e-01 5.848264190520426897e-01 5.848484939397717852e-01 5.878572231770839984e-01 5.965416078615718432e-01 5.875844280817231757e-01 5.858626580365984271e-01 5.803785339995332082e-01 5.846370071892498244e-01 5.782161153030834777e-01 5.791780402033610553e-01 5.808003864789864634e-01 5.801815926225863951e-01 5.861225609761637756e-01 5.876886351431060973e-01 5.872082956829501876e-01
8.092815670044155307e-02 1.171046508299238703e-01 2.414069198891682089e-01 3.538344428658066754e-01 1.000000000000000000e+00 2.936144301093966402e-01 4.881095626154847156e-01 4.596294568356091848e-01 4.568926307115444563e-01 3.945032942870700943e-01 4.609831641491016208e-01 4.719473356139468612e-01 4.570282328416332973e-01 3.452355209539467173e-01 4.983449028474095099e-01 4.838471099619054416e-01 4.490104926902158677e-01 4.220789905383326990e-01 4.841833898234644273e-01 3.887986390368199374e-01 4.841265885551008230e-01 4.909300432385201307e-01 4.794752739707028866e-01 4.465247328359530643e-01 4.898893120599574491e-01 5.162820331499554660e-01 4.898270941210046137e-01 4.881344760177662168e-01 4.121149917568006082e-01 5.034419786842336819e-01 5.023938881844629556e-01 4.694359290289207287e-01 4.321010106269965734e-01 4.412028319552583344e-01 4.552717207743903760e-01 4.570861387970542311e-01 4.723333836343933112e-01 4.549156997211588616e-01 4.780086816004063821e-01 4.579399944612688733e-01 4.937281244335076646e-01 4.947125456138402599e-01 4.823542886545402752e-01 4.933739721043664539e-01 4.873210938601803544e-01 4.816118653060158517e-01 4.857952901533187928e-01 4.900438909320194436e-01 4.728516799455067532e-01 4.315959016119150782e-01 4.733285562519126133e-01 4.602950762244248373e-01 4.830369966075822585e-01 4.838214197144803386e-01 4.605903773392973077e-01 4.853872070889765911e-01 4.439119578379617237e-01 4.801578347947845771e-01 4.695360571266596894e-01 5.034837361091940577e-01 4.842282674975360024e-01 4.757012694058423419e-01 4.553766099545479284e-01 4.882742742184372764e-01 4.951074570582270629e-01 4.880934684796062739e-01 4.937462482674457309e-01 4.955131686369288468e-01 4.940037199304993520e-01 5.080405787615503987e-01 4.973117163689674269e-01 5.017939291706878802e-01 4.893249099433477078e-01 4.988434444479640795e-01 5.038225978323193077e-01 4.993390654983776988e-01 4.964857181386644336e-01 4.795766560076928364e-01 4.960728827782751038e-01 4.927674439177052723e-01 4.884332446281799411e-01 4.952606157600368819e-01 4.993933129021542183e-01 4.865314328958406653e-01 4.771450223728972984e-01 4.887088601716942926e-01 4.872725880079205041e-01 4.880087813143534903e-01 4.896470505358670455e-01 4.975595854294113662e-01 4.880053280066810606e-01 4.956792985886233072e-01 4.909424868729739821e-01 4.954415322733282112e-01 4.897184910320045992e-01 4.857119368987602437e-01 4.626246379340359094e-01 4.666617915322776033e-01 4.890932143078831618e-01 4.904914127764237186e-01 4.910106956242138998e-01 4.774417236389132957e-01 4.889733734992038894e-01 4.889128294943829167e-01 4.884508608383554829e-01 4.708073474003084402e-01 4.867397864491321835e-01 4.936762026968419259e-01 4.905439675710608904e-01 4.858758189481771628e-01 4.799780470530433107e-01 4.915510345353168997e-01 4.839892828836954153e-01 4.881487562037123418e-01 4.978368368830508039e-01 4.929210974361537545e-01
-2.082349493662258473e-03 5.866226093472901026e-02 2.239597340086461330e-01 3.397698888363499536e-01 2.936144301093966402e-01 1.000000000000000000e+00 4.838585294776921453e-01 4.682569527090365002e-01 4.923827366973204112e-01 4.595988839828292205e-01 5.253421919712079058e-01 5.503172585377821280e-01 5.092566588455196275e-01 3.988485689965597936e-01 5.455499057246255834e-01 5.449743185322041272e-01 4.700017323574881001e-01 4.661309048086660356e-01 5.186362279944632947e-01 3.900726293619716234e-01 4.981151378584411926e-01 5.379098465685323571e-01 5.000185268811317973e-01 4.826616285866260347e-01 5.409776318015639962e-01 5.580096653312469623e-01 5.512083665526998910e-01 5.407811053557954883e-01 4.653800816282511188e-01 5.547186285216404444e-01 5.789643855534810646e-01 5.278750027000509437e-01 5.221973572492302207e-01 5.085196043209208039e-01 5.233887956535075991e-01 5.214787048379917467e-01 5.426921165780597134e-01 5.460957702201874042e-01 5.632269658897244291e-01 5.551589484446395328e-01 5.781893863712050941e-01 5.746612738168108692e-01 5.628808947414219999e-01 5.798003376225595584e-01 5.641733849023763403e-01 5.759929587105243609e-01 5.758846065106599799e-01 5.788658481330865024e-01 5.586767020621125068e-01 5.216357921653529406e-01 5.595400419935616654e-01 5.448973122538738334e-01 5.768235944727686526e-01 5.663180213567071686e-01 5.570582808836100908e-01 5.701248893634951465e-01 5.349146616170020740e-01 5.769934928844441258e-01 5.614285963692201564e-01 5.720341844113059349e-01 5.727031591187405901e-01 5.705031964336636507e-01 5.581553437753667968e-01 5.637625582090881604e-01 5.673073247899270699e-01 5.700115937254114362e-01 5.789594551787359267e-01 5.822006130517319855e-01 5.747572952030119975e-01 5.732553867497049982e-01 5.823671810746894328e-01 5.830112783092428197e-01 5.698107738620343810e-01 5.780571792164668210e-01 5.859420241548836117e-01 5.815157290565661219e-01 5.821172742409778111e-01 5.658095433404418673e-01 5.810367466118474544e-01 5.751407935263844751e-01 5.812484402073929690e-01 5.856399642705694131e-01 5.765721103609509068e-01 5.779357151129101977e-01 5.666760627053009092e-01 5.712226665532538217e-01 5.790917209347311578e-01 5.809404444095527253e-01 5.806035069903807688e-01 5.838057499776418968e-01 5.780909621608716353e-01 5.874101490635059708e-01 5.795330795739804808e-01 5.861762516076761687e-01 5.830769548381581346e-01 5.838216054308028591e-01 5.679869688996839194e-01 5.591494759337852782e-01 5.814925551567958761e-01 5.796436435604879200e-01 5.866997887106821796e-01 5.772393233529596879e-01 5.822832831636188811e-01 5.838704711985462925e-01 5.793737017650473220e-01 5.675258128965887661e-01 5.795841834301910245e-01 5.839579647779505889e-01 5.820660472640551975e-01 5.801748543031622907e-01 5.807257795743873130e-01 5.831114203954669284e-01 5.804916102189678906e-01 5.798620120827683300e-01 5.755941675166790228e-01 5.806432119651983026e-01
2.228260075107964602e-02 1.362784891847947932e-01 3.342974920403041783e-01 5.700728075593349820e-01 4.881095626154847156e-01 4.838585294776921453e-01 1.000000000000000000e+00 6.868463658293687546e-01 6.876711148984799848e-01 6.399948328446503076e-01 7.311493074187462859e-01 7.753884453384807252e-01 6.854378771894434896e-01 5.642555928499231044e-01 8.187816593781404029e-01 7.535475432705669441e-01 6.583520914887036612e-01 6.628708400168601411e-01 7.263131457281939429e-01 6.135785156175448396e-01 7.278710860548956996e-01 7.635027533339592276e-01 7.226603618549609642e-01 6.849334035954082189e-01 7.584295837536995100e-01 7.953255558322933627e-01 7.877605066667467959e-01 7.986963397405067999e-01 6.751567633911008670e-01 7.776928348907244937e-01 8.059467028353219931e-01 7.476806696749606074e-01 7.373857032589931082e-01 7.045692963412095722e-01 7.289444859941095478e-01 7.328164378562236347e-01 7.820666270236446005e-01 7.502151462437429696e-01 7.833270681663273560e-01 7.815067449833756896e-01 7.937348925209383177e-01 7.999700942332440556e-01 7.866837416960440477e-01 7.981641158063990105e-01 7.962949231674640860e-01 7.992945227341736736e-01 7.801230972577317679e-01 7.808923443251047924e-01 7.576425031600279025e-01 7.030724544412305654e-01 7.630537399813100974e-01 7.378467527692126326e-01 7.699349506632616746e-01 7.674811329724628983e-01 7.506242063236666651e-01 7.787169185381227487e-01 7.134142625154253903e-01 7.719515158233229979e-01 7.576042144363883679e-01 7.829539455988271390e-01 7.803961822402312176e-01 7.714616801542915070e-01 7.448535902019866040e-01 7.701363384594129835e-01 7.710760416616293522e-01 7.659523545570582348e-01 7.847732874156009286e-01 7.954066923069669226e-01 7.929427408989462300e-01 7.998853803943849483e-01 7.994920588468599210e-01 8.002171028117630591e-01 7.832219761312024797e-01 7.955697159331348578e-01 8.061640087528831877e-01 8.096302894629180402e-01 8.143638572602754921e-01 7.860614154914268292e-01 8.060390005370338118e-01 7.905224639440083800e-01 8.028576424149935775e-01 7.971118187340089367e-01 7.905054119343440933e-01 7.978413291361022841e-01 7.732749553807189979e-01 7.845961232063493052e-01 8.012986652291982370e-01 7.946073972305367494e-01 8.025824456568045884e-01 7.944516972767813323e-01 8.121829616032792964e-01 8.041622668897193682e-01 7.976186078946239100e-01 8.068450818598444929e-01 7.882549411847418197e-01 7.891317241136290850e-01 7.638473420922798907e-01 7.455493587962643831e-01 7.897463958632707781e-01 7.905065394740388163e-01 8.020776839645205047e-01 7.707132474105561348e-01 7.858024500369980014e-01 7.912893395194636748e-01 7.851546566053886345e-01 7.608601694012591121e-01 7.798660873726455112e-01 7.945127934893968513e-01 7.901113278166274068e-01 7.855268971483208018e-01 7.836646113047182061e-01 7.852182982982816029e-01 7.818747571127787621e-01 7.818716227873029334e-01 7.842523830163637966e-01 7.822633591541059417e-01
4.485978922221448700e-02 1.367911447300982353e-01 3.416813851926097101e-01 5.450263288640181392e-01 4.596294568356091848e-01 4.682569527090365002e-01 6.868463658293687546e-01 1.000000000000000000e+00 7.068578156099971643e-01 6.458438044455191429e-01 7.264944742825015789e-01 7.673803867093973441e-01 7.180333945445394050e-01 5.833557990038090724e-01 7.900329409815119996e-01 7.995358156938334737e-01 6.725987091722404054e-01 6.331367743798710368e-01 7.189489624416226521e-01 5.440208946088210817e-01 7.298675325785730639e-01 7.627300460836216045e-01 7.168616995586941654e-01 6.518151011205872702e-01 7.315878557673977101e-01 7.838236872260976318e-01 7.639373816609351664e-01 7.400290065953560870e-01 6.539170900683928256e-01 7.867069045210163258e-01 7.867307684247342170e-01 7.577507831907520641e-01 7.388983951875133238e-01 7.407526150339355242e-01 7.548064894959355398e-01 7.531387310256282275e-01 7.571579664138695653e-01 7.825429775393164533e-01 7.957052651544520572e-01 7.726573902897857504e-01 7.943734969764896237e-01 7.944113709705958870e-01 7.887353557021716810e-01 8.020161491563072564e-01 7.839166583434483693e-01 7.926410932791280173e-01 7.940764182299494545e-01 7.964246854778692652e-01 7.988643090314809792e-01 7.644766089821217747e-01 8.004479414322905884e-01 7.578786230827954107e-01 7.873986231936519475e-01 7.972461480315650162e-01 7.942206871488975972e-01 7.998608985623529843e-01 7.772081146180065403e-01 7.970352708997523461e-01 8.005438533210964547e-01 7.942929354543311060e-01 8.033489070608058613e-01 8.027128659693801849e-01 7.973855202319061197e-01 7.987400494962567654e-01 7.847909032948804375e-01 7.924274971292992742e-01 7.970588957066077063e-01 7.949397891228749957e-01 7.915477644441484273e-01 7.905701368992412714e-01 8.018147492619364103e-01 8.035517450619288349e-01 7.709984242270070398e-01 7.886668479747467320e-01 8.028666390053046387e-01 7.976526304496565078e-01 7.906964068772531773e-01 7.752415686633862268e-01 7.932566925415469594e-01 7.987635121178233710e-01 7.929713581807631417e-01 8.014732589251948314e-01 8.015209821069620988e-01 7.981668588161631162e-01 7.915553871131096875e-01 7.917628651126745742e-01 7.926939506795794843e-01 8.027574765003623325e-01 7.988531214771456002e-01 7.991484091064343653e-01 7.825138880879516368e-01 8.016911017290326846e-01 7.980577994970784461e-01 8.024742214804390095e-01 8.006888483850217453e-01 8.019927261950273722e-01 8.036834624141759864e-01 7.922842496673559998e-01 8.093043728602808962e-01 8.049354598100805225e-01 8.025538402133086668e-01 8.068368758536095253e-01 8.006143627123015749e-01 8.084083217375275243e-01 8.017990596589360530e-01 8.013011523741898623e-01 8.058374245341288766e-01 8.022113819165606063e-01 8.067189470101034932e-01 8.058050505946926512e-01 8.071859579553737341e-01 8.007332144831952325e-01 8.064195637513672521e-01 8.060228743974775512e-01 7.929957824657382082e-01 7.989248465238341090e-01
1.725045338574582587e-01 2.069227604941683007e-01 3.548639961816870692e-01 5.459848614770682618e-01 4.568926307115444563e-01 4.923827366973204112e-01 6.876711148984799848e-01 7.068578156099971643e-01 1.000000000000000000e+00 6.974252987769856693e-01 7.836417015476851988e-01 8.016151650254026428e-01 7.336931742100772924e-01 6.014240022889268955e-01 8.184779102614624380e-01 8.162689008941845792e-01 7.702116413394427541e-01 6.764466008885877679e-01 7.618008272167550166e-01 5.963767592115287730e-01 7.646522049606886418e-01 7.850077929529933884e-01 7.691495826188557983e-01 6.945006776755998645e-01 7.696181041118773658e-01 8.414026360603807930e-01 8.138370447097134086e-01 7.658037671751085629e-01 7.031363210622978421e-01 8.478612237973602861e-01 8.426274270552376322e-01 7.899660124193099708e-01 7.413143506640749170e-01 7.648838136732843962e-01 7.904112671708375393e-01 7.616783328874082715e-01 7.755719516768418975e-01 7.954649428412855494e-01 8.187698940288165028e-01 7.658921868774291042e-01 8.434645016344168855e-01 8.259098945465668251e-01 8.114178045075349788e-01 8.406210280304118321e-01 8.109745781801664943e-01 8.257149796476130899e-01 8.548853144208107269e-01 8.581590946033040845e-01 8.491027234579612282e-01 7.749053197862594278e-01 8.273295919669961807e-01 8.098733499573723682e-01 8.458209279415409565e-01 8.666185239363078940e-01 8.397302638255097484e-01 8.453176716909419630e-01 8.475279707897596104e-01 8.434940221396759474e-01 8.432157935317018405e-01 8.764506898242422350e-01 8.612347548622241167e-01 8.601668577929835191e-01 8.427234737397338860e-01 8.642250949766615564e-01 8.668026370558109539e-01 8.724501261266993657e-01 8.591471047197301036e-01 8.448905253275140748e-01 8.388279928083219872e-01 8.351456206710292651e-01 8.458697451827988933e-01 8.486125109873493555e-01 8.232210071038010835e-01 8.346896004022230642e-01 8.557831605795060970e-01 8.486438375869331807e-01 8.327610581960692704e-01 8.276800934975158119e-01 8.389305616900344376e-01 8.587217475950130741e-01 8.422720635037312942e-01 8.548145556198869510e-01 8.570544235049856185e-01 8.406329197718216406e-01 8.124649501757005288e-01 8.302282245278040929e-01 8.302885222079704475e-01 8.360881361608294426e-01 8.410502546835363358e-01 8.501885818417177498e-01 8.082142529313393053e-01 8.439375497118131175e-01 8.432824683645948616e-01 8.434731193172548824e-01 8.529614561158694874e-01 8.543215109266458773e-01 8.192784198426871223e-01 8.385010551171973026e-01 8.523416173909597049e-01 8.377377620651509371e-01 8.356819596300811837e-01 8.500120837956388620e-01 8.554446585898016764e-01 8.528121853253901596e-01 8.483740199922313874e-01 8.546641896612259259e-01 8.590964672094014709e-01 8.575543993631822293e-01 8.569979875901697630e-01 8.529429248282730525e-01 8.459016457986892057e-01 8.653098413594821903e-01 8.557294804357207241e-01 8.571875252854411764e-01 8.648587485894556615e-01 8.650988957910347166e-01
4.856548645435101313e-02 1.912332814148166582e-01 3.094221874490200030e-01 4.600981775102117588e-01 3.945032942870700943e-01 4.595988839828292205e-01 6.399948328446503076e-01 6.458438044455191429e-01 6.974252987769856693e-01 1.000000000000000000e+00 7.169358095974700529e-01 7.407600533678291299e-01 6.794778222988828720e-01 5.794619185410470052e-01 7.665228502272616318e-01 7.559727977452014303e-01 6.820496313456219095e-01 5.971287222546172169e-01 7.087940341618400586e-01 4.980534024534954973e-01 6.604773902636573712e-01 7.299212654742071038e-01 7.054508918575276288e-01 6.398799355446850301e-01 7.276870614580798202e-01 7.643804245446588208e-01 7.367286151648885228e-01 7.201188349763174568e-01 6.337933756017177789e-01 7.777868438661914574e-01 7.774581598265493110e-01 7.492074395109324936e-01 7.206218296057774753e-01 7.340339694693307493e-01 7.501081229090889035e-01 7.190972119645537841e-01 7.402093429848467521e-01 7.717252702148509336e-01 7.817979020514408406e-01 7.398735376588424506e-01 7.816737989443025558e-01 7.869637314421981111e-01 7.663081546945891276e-01 7.856242175653038728e-01 7.717489485391635373e-01 7.789325763558067051e-01 7.944421529533938209e-01 7.998625464112423256e-01 7.832605884994809919e-01 7.344714721322563866e-01 7.906249390933592913e-01 7.275188070948457320e-01 7.683011682869477221e-01 7.922709005020160955e-01 7.756765787937408563e-01 7.948908462766965943e-01 7.472971900748777152e-01 7.911262940851390146e-01 7.874504826722904527e-01 7.907060055667471943e-01 7.868536589399197645e-01 7.876661664676180008e-01 7.742625684618159587e-01 7.858577459190209114e-01 7.807619827338553309e-01 7.811308793413950236e-01 7.953214316933437944e-01 7.892842235523943595e-01 7.831920139097909850e-01 7.738269431168327550e-01 7.915285580799271692e-01 7.916691710583974029e-01 7.726874336605468185e-01 7.852098666459053078e-01 7.974295256972188106e-01 7.892930636484613016e-01 7.837625511518331312e-01 7.673608390953474689e-01 7.853656973276879061e-01 8.006820011393981362e-01 7.910985467791531445e-01 7.972280411471334149e-01 7.961749319342344977e-01 7.903626525275364578e-01 7.771669777216357877e-01 7.867325540309166865e-01 7.865348993910005193e-01 7.942731964600030503e-01 7.950047475819135290e-01 7.987237582990216467e-01 7.722490209149220908e-01 7.936478974131632169e-01 7.942683900516642748e-01 7.947400474792710723e-01 8.003971063507867578e-01 7.993268302690559324e-01 7.751225366789665783e-01 7.684932334112277719e-01 7.933013951102964034e-01 7.919248915940033662e-01 7.880962967554880905e-01 7.905879816146124117e-01 7.908329292581337544e-01 7.946902855738064986e-01 7.919372377341353797e-01 7.855881275209152248e-01 7.960992689098999042e-01 8.003814670989226610e-01 7.972278084828093858e-01 7.984946134735200207e-01 7.975496024357506819e-01 7.976170761499868922e-01 7.963795477564447056e-01 7.963834966449766517e-01 7.965418859124743234e-01 7.930801938489308034e-01
4.041696507576025138e-02 1.492211047344023100e-01 3.605164432516164141e-01 5.522715542770938457e-01 4.609831641491016208e-01 5.253421919712079058e-01 7.311493074187462859e-01 7.264944742825015789e-01 7.836417015476851988e-01 7.169358095974700529e-01 1.000000000000000000e+00 8.548794039245234400e-01 7.592572941835399325e-01 6.378407772696826905e-01 8.538105018811259495e-01 8.498790047673506765e-01 7.633720607373318812e-01 6.966865323586693970e-01 8.021653781026382157e-01 5.883449293948603831e-01 7.777499724636200984e-01 8.379267713583424815e-01 7.879050339957366367e-01 7.285581855705096643e-01 8.226038708477539929e-01 8.650296392110083943e-01 8.521194666781845006e-01 8.348076554142948025e-01 7.305387261934886967e-01 8.665792803871894545e-01 8.867216739780305890e-01 8.414531147581636450e-01 8.274014759866490376e-01 8.209527800109431839e-01 8.404380905217549991e-01 8.272676553380964304e-01 8.562875739469263392e-01 8.601445334271480281e-01 8.791713263842292347e-01 8.527284324670036941e-01 8.825875609691239410e-01 8.819559150613710541e-01 8.689101925239224311e-01 8.922282335395816943e-01 8.777931864152456187e-01 8.826498850888403469e-01 8.875283547457054611e-01 8.897951746837791109e-01 8.768022806070143726e-01 8.258296359177954571e-01 8.794320829981774335e-01 8.381358594150515318e-01 8.767131895905241334e-01 8.795891570297061923e-01 8.686714781945690245e-01 8.855214791921328654e-01 8.436813070226200084e-01 8.856843133637206655e-01 8.779026701608845240e-01 8.878870951297385128e-01 8.874621369718562747e-01 8.833296806512704880e-01 8.659131316370141107e-01 8.810203424171557662e-01 8.798318261547611874e-01 8.799691469608446059e-01 8.919322187695993831e-01 8.855294415316794510e-01 8.831145770151868080e-01 8.740466473959591642e-01 8.915555507551015113e-01 8.918943794253051394e-01 8.682894475830492675e-01 8.828722713560702706e-01 8.972129181602843673e-01 8.944576800505034120e-01 8.886146312371073774e-01 8.706556560087895802e-01 8.894514784486430292e-01 8.939969408347919755e-01 8.917716168494589368e-01 8.946160721218610057e-01 8.923449683594442128e-01 8.910590986608585284e-01 8.743127680036241189e-01 8.846959271843802819e-01 8.912078703779373612e-01 8.899753870699304015e-01 8.947561410700223261e-01 8.918653061580991137e-01 8.816268250858362299e-01 8.945255222020774832e-01 8.933973810005533256e-01 8.934021045237389158e-01 8.932209136841215980e-01 8.930943387500078767e-01 8.707312407101804874e-01 8.608299479301654289e-01 8.915240674635666052e-01 8.873269933759773131e-01 8.912961636656159259e-01 8.819264641326227672e-01 8.918208305406314373e-01 8.926125985511633720e-01 8.903003400597884198e-01 8.739121866530542571e-01 8.890588540330036649e-01 8.952046708479203252e-01 8.922243872467056081e-01 8.931652839888742923e-01 8.884574916813773315e-01 8.937217306573043141e-01 8.893331059727480614e-01 8.905891778644523527e-01 8.887164249435013375e-01 8.895834669255560101e-01
2.353510216025426691e-02 1.462621164884357061e-01 3.705267671131705631e-01 6.063217754613954291e-01 4.719473356139468612e-01 5.503172585377821280e-01 7.753884453384807252e-01 7.673803867093973441e-01 8.016151650254026428e-01 7.407600533678291299e-01 8.548794039245234400e-01 1.000000000000000000e+00 7.969003341171235766e-01 6.747113982693370149e-01 8.958697611955834805e-01 8.898364942977351477e-01 7.791197227203707776e-01 7.058353029642068233e-01 8.206550610213968477e-01 5.958226713420228249e-01 8.100978430069865066e-01 8.757162303616258248e-01 7.994961512218060617e-01 7.339519576930260136e-01 8.434897456010500560e-01 8.917574891198747356e-01 8.828431156781199052e-01 8.756975472646946201e-01 7.779796610306949356e-01 8.926792157935942162e-01 9.195072048048048563e-01 8.627550798155385614e-01 8.593639761549488609e-01 8.424858151068224110e-01 8.652011121389896475e-01 8.619473938636641464e-01 8.836440104410537844e-01 8.988045282293201099e-01 9.147552352894080530e-01 8.943274341898685975e-01 9.160204677891368164e-01 9.187770995942794450e-01 9.061567555307485922e-01 9.287306598758211518e-01 9.051205401179803767e-01 9.205977555723339201e-01 9.219936333023526220e-01 9.210142234396966332e-01 9.138525877035673650e-01 8.714346597442884645e-01 9.156219352105149367e-01 8.856976292130309680e-01 9.138541162221583969e-01 9.126922054131916262e-01 9.048999543671745194e-01 9.153460295841699956e-01 8.886869748971258920e-01 9.179009518307729154e-01 9.170835929084329985e-01 9.227380785871238666e-01 9.279782343083177176e-01 9.220730714146712081e-01 9.100370584016154174e-01 9.223919965528618592e-01 9.154962186264932189e-01 9.173376098595029671e-01 9.240619202965886236e-01 9.189140671766642399e-01 9.125229268757162338e-01 9.052636203172801377e-01 9.292084947501871861e-01 9.258703648281234599e-01 8.922215686056399475e-01 9.111715109990181638e-01 9.291474472374650073e-01 9.307586472729316718e-01 9.259262634692864147e-01 9.114471446363915375e-01 9.231242648675510587e-01 9.235745567545082801e-01 9.260053596459216774e-01 9.271702030260599026e-01 9.235356573520783208e-01 9.255835853265728108e-01 9.067151300930786917e-01 9.139208212058084202e-01 9.231454028584358262e-01 9.241283866644056655e-01 9.278525032143354334e-01 9.221697644906838853e-01 9.133682372332668775e-01 9.290693687057847150e-01 9.264019585766324338e-01 9.296816905979115031e-01 9.271447656391055281e-01 9.281240233983896193e-01 9.073974412999835648e-01 9.026447069916518906e-01 9.282340789333949349e-01 9.241807811944626749e-01 9.270953336768895658e-01 9.219657851848649388e-01 9.259403945964098659e-01 9.302636040207074020e-01 9.260895520209545539e-01 9.134774435357876365e-01 9.257967669788167431e-01 9.277603300083405724e-01 9.268824892260583148e-01 9.267306339188785547e-01 9.250651362543547140e-01 9.274527385010609137e-01 9.257945652815929849e-01 9.276409986429660082e-01 9.223482364194752758e-01 9.260373080568563564e-01
1.911652600686150616e-02 1.362337412181787999e-01 3.288691936708113550e-01 5.035858346419815890e-01 4.570282328416332973e-01 5.092566588455196275e-01 6.854378771894434896e-01 7.180333945445394050e-01 7.336931742100772924e-01 6.794778222988828720e-01 7.592572941835399325e-01 7.969003341171235766e-01 1.000000000000000000e+00 6.074312398792028889e-01 8.200742843068784538e-01 8.248214555206969667e-01 7.075986964675625712e-01 6.647291452563456327e-01 7.547412715611876433e-01 5.596087683612182007e-01 7.368331520844823013e-01 7.912749298639611961e-01 7.565472160280194425e-01 7.048121760492818133e-01 7.827451161340540642e-01 8.174351414229656942e-01 8.026971415300535595e-01 7.760955627061676410e-01 6.733847137240894787e-01 8.221386067193849900e-01 8.335611911844140742e-01 7.978684636389068441e-01 7.733986432980227699e-01 7.868088445188163860e-01 7.976640510343692148e-01 7.855508645205514506e-01 8.001742787648575828e-01 8.215500850744481554e-01 8.390355249594598774e-01 8.038694521983333896e-01 8.422083888796173534e-01 8.422366448951748019e-01 8.358251166384762509e-01 8.488813368496055389e-01 8.310758949814407437e-01 8.377613327279849198e-01 8.445957584904016935e-01 8.506051588302528943e-01 8.322236434846155273e-01 7.918306990489871744e-01 8.375617297191589872e-01 8.107540416829976948e-01 8.388492689686591897e-01 8.410257162310451617e-01 8.322441222512017012e-01 8.471118390587566438e-01 7.985465567633254214e-01 8.461537167504170620e-01 8.367125627824063550e-01 8.444864292271203610e-01 8.457259668614038883e-01 8.417038829336148664e-01 8.226450651426866489e-01 8.386806847823531363e-01 8.328532804438034676e-01 8.391852445247475201e-01 8.489212615035579557e-01 8.500089978461394802e-01 8.415260065297434089e-01 8.418416281184500916e-01 8.531247804049066907e-01 8.523875472039909029e-01 8.286562883542888391e-01 8.440973333732749717e-01 8.536287393078001440e-01 8.460538444680132386e-01 8.386644875165117918e-01 8.202670604194012283e-01 8.444733616535801124e-01 8.510024492012914221e-01 8.491568373552543791e-01 8.548024300689252009e-01 8.494404549026195461e-01 8.452775218288082204e-01 8.373281566747770022e-01 8.451106000321553235e-01 8.465601228275351220e-01 8.498892601621071963e-01 8.524754333975743670e-01 8.502700118555904796e-01 8.333927770765089393e-01 8.530308613719069788e-01 8.535344199861527592e-01 8.517933477555189592e-01 8.535734114073897372e-01 8.540973574724348705e-01 8.371802413254733066e-01 8.277950891700545100e-01 8.538435309060850020e-01 8.506326723152656255e-01 8.509013906340586741e-01 8.464638059199750542e-01 8.536175576427030842e-01 8.537145495174457421e-01 8.548819271015083432e-01 8.332681159189404552e-01 8.493147301182270015e-01 8.538290905499333894e-01 8.538746604806255469e-01 8.522931524952990223e-01 8.503762899215137061e-01 8.527981631663699158e-01 8.503938794893081132e-01 8.519335030222493499e-01 8.470331374017557868e-01 8.504545798347015184e-01
