1.000000000000000000e+00 1.275715053670744004e-01 2.154350772319512941e-01 7.989168496541984577e-02 9.552025152627514892e-02 9.629872020948521127e-02 1.355845135215213992e-01 9.187592203833473692e-02 1.834397156640689419e-01 7.940557653361697554e-02 9.830729994800978255e-02 4.461497940187619804e-02 3.563427506213447116e-02 1.424019516787249952e-02 6.566215940340094231e-03 6.133777157360561366e-02 2.006084054244187398e-01 3.440287784645296165e-01 3.393929309507897618e-01 2.001706243601603652e-01 3.085329522060997753e-01 3.166629747134916961e-01 2.975796591536905566e-01 3.207139147514245781e-01 2.962437961313170165e-01 2.273544141019543108e-01 2.712401986358030648e-01 1.878425933209550980e-01 1.638057979800108810e-01 1.861664760414802333e-01 1.446040325081504596e-01 1.958883266978922177e-01 1.873768758535004908e-01 2.196719470654311945e-01 1.879365552915528703e-01 1.833339706972105521e-01 1.807304238786789363e-01 6.785787284528027596e-02 1.155394199819339690e-01 1.187181089721469490e-01 1.079385889074770399e-01 8.950355751417499173e-02 1.441990404109592672e-01 9.786466070509353132e-02 1.375029548861072815e-01 6.311503307195084900e-02 5.042259070165397428e-02 4.800935682312142821e-02 5.398631716732778252e-02 8.517043795472054035e-02 8.918095295948101631e-02 1.079523060298211157e-01 4.583712574985536470e-02 1.239004564569454181e-01 1.439598704684776631e-01 1.427345578223798983e-01 1.107075287635307242e-01 5.721534582103613570e-02 4.907037684588585330e-02 7.840064164623454512e-02 8.330089940144404237e-02 7.736530503839887662e-02 5.183911996349561957e-02 6.261044200035965901e-02 1.184750719445800127e-01 8.400353692655554427e-02 4.866218980981400904e-02 1.215060639648599672e-01 9.775887421552699463e-02 1.030068708464186578e-01 1.424437851390632226e-01 1.280082997864570027e-01 1.256548091892709107e-01 1.271604877046658977e-01 9.264446449691123020e-02 1.021316986851322772e-01 6.066940404925901670e-02 7.175874980584315277e-02 7.162945965479074195e-02 7.707465572978687562e-02 7.882819524028351899e-02 5.777100129800970263e-02 8.307858901920449346e-02 9.101391716167979429e-02 7.641064240467029811e-02 9.419087641444125192e-02 8.069933552135866162e-02 1.932777561197964941e-02 4.000863695016301097e-02 7.833434685247281370e-02 5.490954839481728550e-02 3.567265718311617151e-02 5.736145022584399067e-02 2.701164979848404840e-02 1.488563415551094789e-02 2.786224151193234660e-02 3.520748942391156711e-02 5.630703872136146731e-02 2.376389706860372944e-02 3.969721124097486814e-02 4.548343193467749290e-02 2.298904222367345943e-02 2.456126140089922444e-02 3.013444700306501869e-02 5.333700447370068320e-02 4.899085890242923375e-02 2.846348204969758808e-02 3.972263693615313979e-02 6.164239704918419993e-02 2.973866375295947453e-02 2.949367292202184979e-02 3.477008832199210420e-02 3.191661292439244152e-02 3.102538126139028560e-02 5.596082468640445340e-02 4.124985053522841477e-02
1.275715053670744004e-01 1.000000000000000000e+00 8.719549507583221337e-02 4.219200052297828601e-03 9.486198487757370457e-02 8.537862485440060600e-02 1.551750972210806934e-01 1.477607509915274675e-01 1.755481079237443953e-01 1.721715672031942368e-01 1.455818562619163314e-01 1.097309173235477830e-01 1.371280054662454839e-01 1.481292398760210571e-01 1.491517521854603401e-01 1.664642931732248088e-01 1.840371752030071362e-01 1.619201999799067815e-01 1.735170598274317910e-01 1.077566561200952039e-01 1.405935625130897981e-01 1.586801372896828599e-01 1.816182291649256764e-01 1.690526866617660107e-01 1.726364084833896806e-01 1.872984041550818379e-01 1.808257212818389359e-01 1.984204291368683870e-01 1.945169641919799186e-01 1.916210397987592740e-01 1.873411739004152143e-01 1.751469931425135018e-01 1.885296418137589469e-01 1.684674848980327877e-01 1.732009635675066384e-01 1.603318032476515609e-01 1.747798567717086249e-01 1.704036071429101684e-01 1.703899438819573842e-01 1.541427056443178678e-01 1.735940606251767104e-01 1.695140084123261393e-01 1.581333704813581431e-01 1.596558264978325259e-01 1.707248969384329296e-01 1.644353337048371777e-01 1.517986245233040321e-01 1.684392582463866694e-01 1.488004320032152161e-01 1.397443072826541899e-01 1.689948049237382233e-01 1.296257793196219921e-01 1.442647142075441091e-01 1.846024577245281573e-01 1.819344345119639772e-01 1.917429957159022536e-01 1.548143189364081240e-01 1.649231265454475515e-01 1.623971200730380537e-01 1.733407109259363088e-01 1.577556723352739054e-01 1.720247590339176458e-01 1.495785803068963582e-01 1.614928002902557835e-01 1.704011545521258442e-01 1.549024588135181346e-01 1.679420188065146036e-01 1.766559281809983450e-01 1.719162692354497257e-01 1.559087762114287068e-01 1.659277489555418261e-01 1.755996955041555785e-01 1.775791996650618321e-01 1.727586207065932855e-01 1.706055592088463468e-01 1.771817206425075064e-01 1.759758663034347859e-01 1.823619561596682148e-01 1.714668261504639635e-01 1.749845336413069219e-01 1.746098621713625121e-01 1.667703762725947503e-01 1.687173188965294945e-01 1.743748124177993963e-01 1.600264500253059108e-01 1.654484199628953045e-01 1.594347166593854392e-01 1.634946053261842058e-01 1.650139894915311489e-01 1.740981199603289231e-01 1.632801746757095440e-01 1.611532428894564550e-01 1.608945069949951900e-01 1.595907046854717626e-01 1.564293384807191045e-01 1.604210210638712941e-01 1.317229126109099591e-01 1.448254342959416352e-01 1.475508865405736891e-01 1.618140672864187002e-01 1.534905785544580514e-01 1.490176131979373542e-01 1.479080798318469225e-01 1.522330904058721013e-01 1.462340387262083818e-01 1.517302210020859410e-01 1.551539239792983083e-01 1.693479871095678324e-01 1.683093527707285320e-01 1.586608918897904619e-01 1.604704647753226743e-01 1.596127649460373221e-01 1.584989254039237128e-01 1.533972907463559687e-01 1.592106242341104205e-01 1.571187729663690580e-01
2.154350772319512941e-01 8.719549507583221337e-02 1.000000000000000000e+00 3.394276669104082100e-01 2.708941562763888533e-01 2.936431806732297534e-01 4.092875854276987746e-01 3.404984517343046524e-01 4.306486064732941155e-01 3.360425756965583766e-01 3.941268176062208139e-01 3.883267366944937460e-01 3.428739987226893660e-01 3.406690605903964220e-01 3.526344437660785536e-01 3.706164180613412684e-01 4.134595250921905274e-01 4.495732205947999272e-01 4.857596450597074234e-01 3.591793878169428633e-01 4.696038357038511135e-01 4.934346385732916174e-01 4.925279347224693627e-01 4.394728135811299952e-01 4.493148318254694962e-01 4.868449680756460896e-01 5.130468996736474718e-01 4.386343209447910452e-01 4.033360173012389693e-01 4.308419446393378927e-01 4.133639246910965626e-01 4.610108166938516883e-01 4.336232918934399549e-01 4.351923184101142428e-01 4.085138381554498377e-01 4.239460919301120678e-01 4.225030887877446739e-01 3.740946915798355477e-01 4.108712351920478789e-01 4.357441762799437734e-01 4.358954472658674861e-01 4.199743555060001521e-01 4.531370790335566001e-01 4.206914845389175817e-01 4.373174821058723460e-01 3.892344286178028301e-01 3.783116741429252694e-01 3.840786059093189153e-01 3.726208105075590193e-01 4.020301424561195658e-01 4.077324468050224637e-01 4.271315243457793898e-01 3.811861546554126123e-01 4.187091567797929237e-01 4.181061077068418674e-01 4.421802986526519597e-01 4.008640909960100585e-01 3.855364798539344662e-01 3.650541275868728341e-01 3.947686671252316204e-01 4.033258758522376142e-01 3.801099700140440629e-01 3.612735822430824251e-01 3.720716203693284485e-01 4.178156766629418928e-01 3.999506174728498786e-01 3.792894042995557102e-01 4.327374867041616224e-01 4.153432275761709813e-01 4.120192723718661965e-01 4.538893698731891746e-01 4.365222946357495970e-01 4.144461121249446989e-01 4.251400827243648206e-01 4.151592974787427504e-01 4.223558448104710594e-01 3.826916149004143120e-01 3.889827657781450010e-01 3.969739919042117315e-01 3.980664690289165142e-01 3.849829454224928393e-01 3.794472679794311798e-01 3.996997674523001809e-01 3.914986686413408079e-01 4.022284095623908096e-01 3.982180737119864755e-01 3.984221690596316812e-01 3.586998079115963911e-01 3.712653503581236913e-01 4.039929042755827093e-01 3.886225048175294683e-01 3.817330077553939827e-01 3.966364515749956632e-01 3.705135648894172795e-01 3.592675398865428638e-01 3.651904514671457935e-01 3.864123743330134531e-01 3.842478028701076798e-01 3.718281032651970519e-01 3.762263054070160706e-01 3.889341461987350090e-01 3.630338201025535838e-01 3.747923206320021294e-01 3.725240085941479151e-01 3.944884676528389589e-01 3.786034660111256001e-01 3.659005203273241191e-01 3.683830468492104715e-01 3.897746080600432705e-01 3.694632917413482320e-01 3.700838290939581499e-01 3.704619131852116554e-01 3.635619141904726792e-01 3.640837178372972605e-01 3.828421657652755217e-01 3.743532370875161108e-01
7.989168496541984577e-02 4.219200052297828601e-03 3.394276669104082100e-01 1.000000000000000000e+00 3.018582431069369298e-01 3.943021122317699190e-01 5.712053506093335287e-01 4.881283925494553366e-01 4.988417920145996609e-01 3.998279658629237954e-01 5.160261356191051529e-01 6.772427500875592976e-01 4.415455365305345214e-01 4.770186791981875785e-01 5.303056135283743533e-01 5.220193853304633258e-01 4.178577062983056534e-01 3.054591752949863404e-01 3.559224230297013958e-01 5.400654129640023449e-01 4.498434221972883451e-01 4.310968680681353526e-01 3.990477289214143242e-01 3.714991381881558863e-01 3.179625012718415578e-01 4.588754210197685812e-01 4.984618539457137398e-01 3.194165775352986736e-01 2.606656939681405438e-01 3.719206449224996547e-01 4.348654355750876666e-01 4.978145691680223028e-01 3.201933580256918210e-01 4.599388152298526933e-01 3.467296831597526663e-01 5.445516452142203923e-01 4.920460339686819617e-01 3.724194464604068666e-01 4.715265535339655534e-01 5.271473323993038917e-01 5.209857549563313706e-01 5.003830472152905884e-01 5.835806805871603942e-01 5.325537048100964510e-01 5.326292619022822139e-01 4.698303518483834540e-01 4.802982085283067915e-01 4.670800778243353601e-01 5.311533563649009082e-01 5.614131988263820761e-01 4.645833261495746491e-01 5.973127672175105873e-01 5.239920638159356603e-01 4.360344899649626904e-01 4.173491801748088759e-01 4.564907647470598517e-01 5.043011295315252829e-01 4.461248713228524454e-01 4.225459221883112737e-01 4.822071343264257570e-01 5.074337069547840695e-01 4.562401174371322754e-01 4.639088026352027327e-01 4.991574730637173274e-01 4.848766522668776502e-01 5.402115262493403236e-01 4.658197252534739818e-01 4.389928085735485541e-01 4.807276284683543732e-01 5.516747033599892491e-01 5.102190879455716921e-01 4.624825951417347869e-01 4.442406925561557252e-01 4.545660535640052013e-01 4.850448896703929980e-01 4.879200942493640003e-01 4.263806175174020274e-01 4.068007323464913894e-01 4.572298684455854967e-01 4.498799584185902978e-01 4.089865070155198068e-01 4.613002343640185687e-01 4.766661900828964571e-01 4.286467077522821967e-01 4.795551805547311752e-01 4.649034694962190239e-01 4.963876834735143628e-01 4.346190310409623891e-01 4.576180849403160278e-01 4.688835133762917495e-01 4.774020856972942539e-01 4.847719297313357045e-01 5.147031707080018670e-01 4.774882698876183329e-01 4.701476624589521203e-01 4.705446765521965058e-01 5.499939677540561789e-01 5.209808928142343198e-01 5.193247508947360647e-01 4.677411403131005452e-01 5.305439969280741908e-01 4.821546515539403277e-01 5.246441676883245586e-01 5.056396808300142043e-01 5.448938648540104790e-01 4.931985797797893700e-01 4.864693367584751460e-01 4.419166659615264559e-01 4.566357352677191672e-01 4.649305098587704910e-01 4.543349428838968640e-01 4.798670273854230284e-01 4.684017787617903994e-01 4.908605339000198797e-01 4.831215111918714111e-01 5.023459003965907721e-01
9.552025152627514892e-02 9.486198487757370457e-02 2.708941562763888533e-01 3.018582431069369298e-01 1.000000000000000000e+00 3.334725496806385525e-01 4.964183362834937441e-01 4.538572414413788447e-01 4.757412425319792471e-01 4.362260963152111426e-01 4.708741802284046596e-01 4.874629019020718657e-01 5.126073607658272469e-01 4.486298519499177240e-01 5.037793137959242218e-01 5.030724481791156721e-01 4.305001062335439554e-01 3.057440363997921962e-01 3.806742842535038029e-01 2.974068246842961893e-01 3.684697119973934787e-01 4.097475124484818432e-01 4.344875875984919866e-01 3.553808350529526483e-01 3.815787687121289240e-01 4.930152511324115694e-01 4.663639484100799981e-01 4.538309969816455847e-01 4.192898304013524813e-01 4.539371260897450133e-01 4.915785705211180856e-01 4.755443066133508978e-01 4.256245116422436303e-01 4.431137903059400585e-01 4.288669060681560841e-01 4.659153223010816802e-01 4.716983201956959082e-01 4.666305586593139654e-01 5.003557386184940281e-01 4.858976882750097315e-01 5.195356870551137707e-01 5.136039288885866361e-01 5.065276967667475816e-01 5.152411202600096773e-01 5.058787080217961307e-01 5.022291583544847837e-01 5.044403904469637601e-01 5.052208054470760379e-01 4.977241122877583135e-01 4.640167169739299879e-01 4.867394627078113767e-01 4.719066774382038587e-01 4.992121933378237952e-01 4.991360440775267637e-01 4.816691048819967680e-01 5.078271087677301843e-01 4.847586254725897992e-01 4.995415174803473080e-01 4.763650108895106650e-01 5.090744229141280774e-01 5.032508104802054794e-01 4.957164546250293347e-01 4.717551825436989699e-01 4.966436938537560630e-01 5.014935055717519852e-01 4.992211796396152090e-01 5.049835278364692703e-01 4.967314640199367859e-01 5.006156041956113523e-01 4.840152234393702568e-01 5.025823091685580613e-01 4.986070978296918144e-01 4.836278782020073663e-01 4.885965427226660607e-01 5.189896623315729540e-01 5.069865479578697931e-01 5.025105342963239741e-01 4.914590730168970079e-01 4.993364254031341654e-01 4.990398201183105509e-01 4.920427459347661570e-01 5.066826670394892762e-01 5.039614697833376677e-01 4.895205230476781244e-01 4.931753936640765890e-01 4.943317505660191347e-01 5.065199316508637306e-01 4.938357583873241308e-01 5.003452421093381730e-01 5.130755113114708887e-01 5.035503156907694677e-01 5.084194628448809317e-01 5.074995227527931974e-01 5.057395429588368296e-01 5.016549207095399865e-01 5.010733565693952229e-01 4.912929078111894499e-01 4.909010135110311035e-01 4.970288170699818653e-01 4.935946224739688470e-01 5.068198246341183433e-01 4.880014338874695823e-01 5.011309194035034054e-01 5.059922430424378392e-01 5.042831019680585891e-01 4.934564934010031712e-01 4.994119818355731155e-01 5.048157839530716950e-01 5.076523326882855791e-01 4.973500705126144839e-01 4.960094949782456464e-01 5.053313292965293524e-01 4.957455794204493338e-01 4.990340785713118787e-01 5.022095582053793805e-01 5.038776844095641527e-01
9.629872020948521127e-02 8.537862485440060600e-02 2.936431806732297534e-01 3.943021122317699190e-01 3.334725496806385525e-01 1.000000000000000000e+00 5.355468550717360499e-01 5.129292705817009024e-01 5.529706919273563726e-01 4.936883378176090131e-01 5.624250104217848323e-01 5.990780757736409168e-01 5.157809055326771919e-01 5.353266893709630603e-01 5.878407799404306022e-01 5.861117272015066160e-01 5.485849139392845464e-01 4.176550378817386888e-01 4.754305003645811767e-01 4.445353213882311527e-01 4.660399617267776406e-01 5.062904462095634273e-01 5.438004255399014886e-01 4.764890625578888650e-01 4.884846118050937824e-01 5.747861359815416016e-01 5.614452013615279791e-01 5.477635877529611896e-01 5.048091802794160143e-01 5.548803916550090198e-01 5.846067559048651052e-01 6.051435465693376647e-01 5.568609223727321034e-01 5.630086416085943180e-01 5.527680498790413788e-01 5.819736201128646869e-01 5.912139338663753296e-01 5.708655960052989586e-01 6.101649976340823844e-01 5.964748179734095102e-01 6.118979217277125127e-01 6.110883973563103755e-01 6.176842396988154738e-01 6.178998819187276892e-01 6.139620459146508669e-01 6.050497700269347190e-01 6.104134284407848332e-01 6.147384919429581540e-01 6.115214700809167292e-01 5.961899062145726846e-01 5.992427269510399723e-01 6.060047019049487060e-01 6.126226923252132694e-01 6.192744590128678173e-01 6.066204879989213206e-01 6.157696725991027575e-01 6.114236988578246601e-01 6.064371837512513297e-01 5.968734439685088322e-01 6.106671442332487487e-01 6.150799132284807680e-01 6.130353469201255123e-01 6.021606155842795793e-01 6.082337367134842410e-01 6.071087233965312135e-01 6.194516102746350228e-01 6.107162450736375314e-01 6.093621958168524699e-01 6.242958039439866491e-01 6.080216364918538119e-01 6.192170885771308697e-01 6.147771206651873044e-01 5.998725343344598615e-01 6.085999266167386734e-01 6.151090611234338867e-01 6.123711370387354691e-01 6.033448437643561535e-01 5.911649309917490491e-01 6.046184478888485536e-01 6.039404284387178690e-01 5.969030293492399997e-01 6.069262913736506171e-01 6.204373321344927028e-01 6.085314169618382119e-01 6.161074153421495225e-01 6.093750211285288154e-01 6.173864423142526592e-01 6.012186216451540499e-01 6.105282936492543167e-01 6.150584120222789553e-01 6.139694274896888571e-01 6.125290241888905474e-01 6.168961886816589635e-01 6.091298221528831380e-01 6.047639752102383914e-01 6.103502542055319058e-01 6.110806823634811202e-01 6.151794158805640178e-01 6.152513099833566423e-01 6.085171767814080424e-01 6.172176710439530867e-01 6.108412254717143774e-01 6.120780572065072089e-01 6.135495733092402038e-01 6.229662715322834554e-01 6.169347206534935291e-01 6.116417103190079363e-01 6.080919962648435595e-01 6.133752378506599490e-01 6.063702147352789673e-01 6.076924707949614701e-01 6.105518841235192395e-01 6.121379454312676494e-01 6.120029914591981202e-01 6.081257799131638553e-01 6.155006369165371138e-01
1.355845135215213992e-01 1.551750972210806934e-01 4.092875854276987746e-01 5.712053506093335287e-01 4.964183362834937441e-01 5.355468550717360499e-01 1.000000000000000000e+00 7.420961413654743044e-01 7.624005221343358452e-01 6.856106905981770305e-01 7.487967567081288411e-01 7.869558558475395760e-01 7.082347406194068329e-01 6.996672590799236646e-01 8.214876631469508750e-01 8.058569268001063435e-01 7.174696468762699064e-01 5.616136805284613898e-01 6.435958246128860027e-01 6.098513282093914745e-01 6.405272854037240560e-01 6.857664152956951531e-01 6.941396512450862533e-01 6.188969452245798308e-01 6.358481067659753627e-01 7.730883554152566672e-01 7.728842181937559674e-01 7.158002198308826003e-01 6.315650075788883377e-01 7.332016604897843015e-01 7.758216566124322977e-01 7.783432140412716027e-01 7.017731207016031370e-01 7.342143966540218836e-01 6.947562785478688108e-01 7.804843408841131147e-01 7.760989282360322150e-01 7.478868728548289102e-01 7.918529583450519826e-01 7.988044415150392652e-01 8.216300748691427458e-01 8.030317622030094249e-01 8.308269624362839556e-01 8.193830785969323793e-01 8.165596221750396344e-01 7.840390857710067829e-01 7.874676574918012539e-01 7.850811309157463835e-01 8.010891937426488640e-01 7.846558941469656823e-01 7.924258455702957171e-01 7.934061840568424895e-01 7.923903621716953394e-01 7.900050480398083108e-01 7.779559408706757662e-01 7.977112803335764113e-01 7.989203006524892015e-01 7.759963719825286876e-01 7.727350122726328596e-01 8.009711504151331152e-01 8.069383139011032657e-01 7.898474919139076844e-01 7.781670679418907222e-01 7.979229380020170792e-01 7.960594452231992690e-01 8.102671165822583621e-01 7.836329926749754371e-01 7.777893553010347683e-01 7.875658158685842070e-01 7.963783238197257308e-01 7.960024285123935561e-01 7.882658622962562811e-01 7.706790420028117872e-01 7.711464170016132380e-01 8.017803410083050863e-01 8.059799242571964450e-01 7.786428068487355469e-01 7.523676312475491290e-01 7.811123625666732684e-01 7.768584009258423517e-01 7.657028545936834796e-01 7.860400252032991864e-01 7.936186933799179721e-01 7.718078863921165045e-01 7.856008953673538908e-01 7.816049203510411214e-01 7.971989219614493694e-01 7.705687521042908772e-01 7.822202069517103507e-01 7.981174323319445429e-01 7.959578704056102794e-01 7.899002865016666597e-01 8.047505728534540825e-01 7.853165618307200724e-01 7.771084384215114493e-01 7.793628792808632300e-01 7.953720228281976334e-01 7.851427199114074940e-01 7.914872302376477764e-01 7.798042973198481276e-01 8.050138384430356453e-01 7.777046131548996932e-01 7.871557674860810705e-01 7.899501685436587373e-01 7.972608947520859468e-01 7.872099458481462975e-01 7.836357436394235654e-01 7.790598437261909703e-01 7.867272273380802039e-01 7.786963883668027719e-01 7.768260377200363331e-01 7.865929283142304440e-01 7.783597958014402129e-01 7.832928829366073709e-01 7.858792386605226721e-01 7.874833775329591612e-01
9.187592203833473692e-02 1.477607509915274675e-01 3.404984517343046524e-01 4.881283925494553366e-01 4.538572414413788447e-01 5.129292705817009024e-01 7.420961413654743044e-01 1.000000000000000000e+00 7.312300967885474456e-01 6.622640677229312267e-01 7.120893611114323951e-01 7.489846759312265290e-01 6.976155414163983659e-01 6.891033705017509670e-01 7.971900563042366716e-01 8.013732958098493953e-01 6.760152124362207582e-01 5.145297533695217806e-01 5.977492489878331039e-01 5.518559221285224137e-01 5.971907638127178508e-01 6.557241134968919694e-01 6.296759160871030492e-01 5.693419666391226208e-01 6.200090800924704659e-01 7.304601488762518802e-01 7.208890150627491611e-01 6.947690458337554276e-01 6.354257298903704942e-01 7.000313626002001577e-01 7.597191552765057976e-01 7.272841471341616737e-01 6.623136307220099939e-01 6.901889351494199243e-01 6.582338877799653876e-01 7.449065547781642538e-01 7.326427728118524163e-01 7.426144786922156404e-01 7.686014946719920138e-01 7.614054209990671618e-01 7.897660868716888105e-01 7.861930346317810292e-01 7.919115134464632666e-01 7.983845089642764847e-01 7.824149836702439798e-01 7.793083837797492031e-01 7.739283600489982318e-01 7.715908064575731640e-01 7.827055521799984872e-01 7.535241616367160944e-01 7.778430171976069563e-01 7.621099050193002045e-01 7.740330351203539294e-01 7.695460533526159441e-01 7.635822983437212663e-01 7.687305005969541360e-01 7.811093359301835015e-01 7.800357394771924024e-01 7.718989916001554041e-01 7.880258340924253257e-01 7.954909130857812372e-01 7.837424496805418528e-01 7.783767554107846598e-01 7.853315683426776994e-01 7.753150850159711283e-01 7.878765121837637553e-01 7.729025686820197860e-01 7.604722023098480221e-01 7.640489111307098291e-01 7.665549794687648300e-01 7.756793093377873927e-01 7.716883825710173506e-01 7.524756533561544058e-01 7.567260805937644497e-01 7.816556399531671140e-01 7.865723956996882871e-01 7.713076427497488341e-01 7.534409010258757977e-01 7.716067117326760316e-01 7.659159539069755329e-01 7.569621472590372102e-01 7.776490332180877596e-01 7.716752035723201120e-01 7.550220626747775610e-01 7.696395824641470984e-01 7.657505778703964650e-01 7.764396562915476530e-01 7.696675325522437383e-01 7.720780240677405093e-01 7.771896937023835550e-01 7.783664987581707662e-01 7.819816143531358454e-01 7.862244065200786336e-01 7.797080186596124785e-01 7.699914911944496509e-01 7.731333786150722531e-01 7.760957560476940964e-01 7.709939779570446072e-01 7.820278691572294383e-01 7.759467178872202497e-01 7.914206193542937529e-01 7.756945459743479487e-01 7.734513818883175240e-01 7.846033190227139631e-01 7.791506877577099033e-01 7.763861081334423320e-01 7.740279704059433996e-01 7.692268025879593907e-01 7.750330315493811906e-01 7.785196630455313294e-01 7.756785194523017068e-01 7.801016422982751664e-01 7.744821208426928560e-01 7.767212805600871572e-01 7.765349885224344106e-01 7.767475874400883162e-01
1.834397156640689419e-01 1.755481079237443953e-01 4.306486064732941155e-01 4.988417920145996609e-01 4.757412425319792471e-01 5.529706919273563726e-01 7.624005221343358452e-01 7.312300967885474456e-01 1.000000000000000000e+00 7.290771133118283398e-01 8.026761381272174978e-01 7.887958821281589872e-01 7.434562281794262484e-01 7.593094458103478717e-01 8.315034831306244989e-01 8.425304155036639209e-01 8.142290278381114632e-01 6.568562060076680309e-01 7.366716624104363564e-01 6.171635287523696833e-01 7.129561883688124713e-01 7.723099238790434029e-01 7.741994170133486008e-01 7.161420216073162148e-01 7.535957193679897470e-01 8.509579200573755831e-01 8.410384346291474023e-01 7.977909456097617147e-01 7.417449039413333001e-01 8.224681652742338311e-01 8.668178238278019254e-01 8.542999384326226409e-01 7.805159265859076267e-01 8.312707649612646188e-01 7.961180017675366649e-01 8.546163204453636197e-01 8.557118758385262591e-01 8.239659332454892793e-01 8.718797726559542882e-01 8.373805095661502884e-01 8.794910080842843758e-01 8.596103575474869363e-01 8.714490577064482046e-01 8.748689393581676743e-01 8.826043390691139523e-01 8.486027387516066334e-01 8.599750360517566250e-01 8.591884276358938699e-01 8.580544666473313153e-01 8.404106512540299168e-01 8.617362007072810748e-01 8.550733614530661164e-01 8.489749143238448648e-01 8.695286378485401757e-01 8.621544919443467903e-01 8.705030722682339794e-01 8.718509989306879593e-01 8.553516966218026596e-01 8.480381304460754555e-01 8.746168163225962466e-01 8.760569343301781720e-01 8.661246932820433342e-01 8.500603613848393136e-01 8.670821058262014880e-01 8.815881193370327384e-01 8.753412374645889171e-01 8.591528396019280089e-01 8.693644524549198893e-01 8.646234222049281604e-01 8.555856365996009627e-01 8.791222488203549457e-01 8.762632882166908610e-01 8.674838479253174084e-01 8.679928546767217146e-01 8.746352499406430114e-01 8.787355747535279260e-01 8.506123062095121146e-01 8.415165141792424475e-01 8.571351180444632956e-01 8.664986335531585926e-01 8.575496028333738918e-01 8.631630592726100559e-01 8.703087231120733014e-01 8.569355062873396101e-01 8.612300575510591916e-01 8.716545932469926816e-01 8.732626054522470982e-01 8.406576400580696440e-01 8.555884599275038749e-01 8.657838223834314340e-01 8.578259678348676420e-01 8.538325623504029460e-01 8.704569987320848190e-01 8.507494007846356787e-01 8.452315848777438578e-01 8.504232437628077568e-01 8.469529427197133309e-01 8.596176347086542657e-01 8.511270494042668666e-01 8.537155529196513992e-01 8.616347824055317073e-01 8.492942407168678765e-01 8.486723038375241224e-01 8.543955570487336004e-01 8.640159849328681307e-01 8.590142185454086032e-01 8.536870349767031740e-01 8.519223171105495540e-01 8.621572561730185269e-01 8.527791718429147405e-01 8.505812631824616332e-01 8.554670710562122249e-01 8.526984371794791295e-01 8.547265237586699760e-01 8.655198823294386612e-01 8.594171762839897255e-01
7.940557653361697554e-02 1.721715672031942368e-01 3.360425756965583766e-01 3.998279658629237954e-01 4.362260963152111426e-01 4.936883378176090131e-01 6.856106905981770305e-01 6.622640677229312267e-01 7.290771133118283398e-01 1.000000000000000000e+00 7.163349388319789623e-01 7.006188865315039482e-01 6.794507243501798355e-01 6.881386950971012384e-01 7.678179033199160619e-01 7.710583665501575812e-01 6.902373872525000564e-01 5.047281015223412659e-01 5.841068258133349511e-01 4.669742946624694802e-01 5.519630030678386312e-01 6.121775789923558087e-01 6.290002248860590006e-01 5.621798133179357615e-01 6.121429539553507881e-01 7.448851202347137601e-01 7.084427583318905208e-01 7.108800840171695112e-01 6.606299390505968594e-01 7.322704986759056567e-01 7.757230401243181417e-01 7.297976427840563440e-01 6.918538072116403592e-01 7.003599432077627363e-01 6.949023867944980060e-01 7.192075265792745586e-01 7.438254439257054873e-01 7.569274637480648549e-01 7.810962336056208599e-01 7.468310735378648202e-01 7.949086655443153848e-01 7.857750903590615676e-01 7.648619696882064112e-01 7.828020131357495970e-01 7.831816400415094748e-01 7.848531204276351092e-01 7.874403882484922734e-01 7.921720838994407154e-01 7.768550799386098049e-01 7.408355762583859194e-01 7.769978724471240383e-01 7.412941422322905094e-01 7.782618820092812584e-01 7.921267571240347971e-01 7.778208713594418899e-01 7.853696857991691038e-01 7.725615680694947196e-01 7.826225083866227283e-01 7.795706290617064882e-01 7.982088020038159426e-01 7.888713718199674707e-01 7.910958882878047493e-01 7.716464937138388658e-01 7.871942693666797997e-01 7.824674963407166617e-01 7.863397568959867856e-01 7.902890674928545467e-01 7.796588509053891114e-01 7.798413766217543452e-01 7.520448156747321367e-01 7.722869072994239525e-01 7.798249191401718239e-01 7.704403833381768818e-01 7.714818009094879248e-01 7.997198294360572390e-01 7.983065152024101385e-01 7.882770839488548731e-01 7.763318453051449852e-01 7.869434309310551212e-01 7.916482396517083853e-01 7.895289417129578435e-01 7.958955683531458991e-01 7.863982748970314018e-01 7.783062195482995937e-01 7.776972427226791496e-01 7.786269034782734577e-01 7.887677782725054376e-01 7.868914663737367476e-01 7.913937637418425597e-01 7.922133187787828712e-01 7.904968226384719854e-01 7.930864782051312289e-01 7.957120292480100998e-01 7.896776921004861061e-01 7.866476722210523631e-01 7.904260459311346354e-01 7.661787479504660325e-01 7.732546847524768285e-01 7.831361637605093184e-01 7.866601756138051904e-01 7.869124067351115359e-01 7.801374712074735651e-01 7.839751201885977183e-01 7.873757186135097452e-01 7.814010398693711501e-01 7.840075534183887918e-01 7.879195519853705587e-01 7.921574961055601882e-01 7.940473811760929701e-01 7.894704064468226479e-01 7.897280311721208701e-01 7.935685113115436007e-01 7.885286045149685341e-01 7.867865540681677761e-01 7.899236476737881985e-01 7.903717876228368855e-01
9.830729994800978255e-02 1.455818562619163314e-01 3.941268176062208139e-01 5.160261356191051529e-01 4.708741802284046596e-01 5.624250104217848323e-01 7.487967567081288411e-01 7.120893611114323951e-01 8.026761381272174978e-01 7.163349388319789623e-01 1.000000000000000000e+00 8.450056420295563031e-01 7.784891832075350182e-01 7.959528553086828717e-01 8.597494622838455225e-01 8.498596977740202618e-01 7.645441053262690412e-01 5.629376053824169945e-01 6.560613712992189317e-01 5.827929957147748308e-01 6.391175808580825679e-01 6.989762834407385883e-01 7.205748844238311079e-01 6.373964258239160907e-01 6.772084479374674837e-01 8.175574667105580673e-01 7.986635407119994090e-01 7.837287382210774700e-01 7.271812206010518365e-01 7.965868732726234525e-01 8.536048202730287526e-01 8.353360951541459745e-01 7.738066285454069382e-01 7.893004580343543353e-01 7.833871376465574299e-01 8.130827321593441237e-01 8.353373865092015293e-01 8.292717464423084994e-01 8.672423003725039381e-01 8.360586269028748019e-01 8.883485061033554731e-01 8.793554315112596109e-01 8.637083936203959755e-01 8.882590245813769547e-01 8.876859902763717391e-01 8.765571410639981798e-01 8.937999296928531567e-01 8.912685506266450064e-01 8.801325343113380884e-01 8.499969756974358193e-01 8.691391575730682550e-01 8.662835093379214202e-01 8.868555649832348120e-01 8.739668766039335734e-01 8.561862375920518131e-01 8.714351798237709446e-01 8.702218866698541166e-01 8.816974822423078173e-01 8.683275220811094153e-01 8.969466723643765294e-01 8.946022290413114808e-01 8.847218937399421446e-01 8.664923880004480328e-01 8.832556934964250761e-01 8.886360308712341061e-01 8.927819484918935178e-01 8.932857702185206250e-01 8.807986059043748650e-01 8.872676633574070326e-01 8.764194495755444070e-01 8.877813236531708618e-01 8.861065788183932757e-01 8.733336260186305156e-01 8.747962070789367939e-01 8.968851471913211748e-01 8.963781215703536809e-01 8.824824671328845849e-01 8.720779684764140560e-01 8.857017456656314236e-01 8.869353837954605524e-01 8.802985031248525827e-01 8.950869057791741579e-01 8.913757390105052636e-01 8.809579957929084548e-01 8.878029207895582475e-01 8.851873199931926672e-01 8.968689148552125845e-01 8.799797205368652397e-01 8.883056868932425187e-01 8.906735395665743571e-01 8.907462815367701570e-01 8.957646062033201018e-01 9.026726633419281942e-01 8.922111210052589003e-01 8.936708497792084094e-01 8.934471915221121607e-01 8.833150371158088321e-01 8.895379164557144502e-01 8.962129835290322255e-01 8.889932911289187834e-01 8.947662699772779282e-01 8.877882465616691032e-01 8.961971758358348028e-01 8.973179660548659120e-01 9.013842159115632580e-01 8.915521429810691068e-01 8.944811063369031423e-01 8.885940775113146950e-01 8.924704821675771838e-01 8.922586875289736374e-01 8.889329189929215946e-01 8.975664068427761100e-01 8.905878003747591531e-01 8.942358320498050572e-01 8.973171540422817394e-01 8.979432241228308964e-01
4.461497940187619804e-02 1.097309173235477830e-01 3.883267366944937460e-01 6.772427500875592976e-01 4.874629019020718657e-01 5.990780757736409168e-01 7.869558558475395760e-01 7.489846759312265290e-01 7.887958821281589872e-01 7.006188865315039482e-01 8.450056420295563031e-01 1.000000000000000000e+00 7.874663084777965283e-01 8.111652840017619104e-01 8.850223810066055741e-01 8.683517884435731915e-01 7.264763208044748843e-01 4.856367094882322877e-01 5.825951644516507155e-01 6.411981954046657162e-01 6.176817366736031545e-01 6.467259782921584987e-01 6.692637134426834278e-01 5.867835541297062862e-01 5.947819079269142106e-01 7.715796019914731296e-01 7.593485028491639977e-01 7.044634723817158051e-01 6.366331100586082314e-01 7.327044147511618810e-01 8.140298919696294933e-01 8.168480031481190062e-01 7.049061415446522538e-01 7.646118573502669324e-01 7.197298378947168951e-01 8.355056645884124666e-01 8.281763005905619091e-01 7.880755596549531283e-01 8.552598119980319158e-01 8.467954027015139884e-01 8.805428350243162949e-01 8.737715896259778958e-01 8.899589420829066011e-01 8.922577459193430371e-01 8.787100692407003866e-01 8.676695208145546179e-01 8.870711425132566941e-01 8.805301506065165151e-01 9.022728004372778665e-01 8.792828804702543799e-01 8.507168831184207525e-01 8.945957303832621221e-01 8.999293781689170491e-01 8.438677531838147949e-01 8.174891910464378020e-01 8.409404023144296803e-01 8.750452300568016817e-01 8.629452723360919730e-01 8.455517847961948608e-01 8.816011807877220940e-01 8.941015504331807362e-01 8.709041875265154387e-01 8.656671830207457452e-01 8.902809242305103066e-01 8.681278935913513406e-01 9.070777722050950009e-01 8.793012330498396478e-01 8.378014636257058445e-01 8.711159057040007703e-01 8.872750641409358208e-01 8.683793780239211779e-01 8.530748965958810937e-01 8.325001255356174745e-01 8.436938704444790771e-01 8.764693165991230828e-01 8.727789166866072312e-01 8.506410871791635353e-01 8.308231354544540759e-01 8.609248396309925333e-01 8.580709090604768940e-01 8.398330915415789244e-01 8.749453518621753689e-01 8.767383396286544395e-01 8.484135493626761004e-01 8.721698512590255747e-01 8.642243117152841325e-01 8.896692090170773559e-01 8.607245413551171120e-01 8.743320213270552310e-01 8.711379485275019263e-01 8.790417086569446425e-01 8.888295552961607005e-01 9.005212740391788095e-01 8.856794148134284894e-01 8.877111875073623315e-01 8.869125375137240086e-01 9.056903827728999268e-01 8.957739199864315216e-01 9.057283527917869836e-01 8.742462999647762079e-01 9.081061205052517460e-01 8.865642869083590893e-01 9.069551441240513157e-01 8.998352788680975545e-01 9.142159961178281113e-01 8.902670521661480985e-01 8.935423823298601631e-01 8.708072044776957732e-01 8.725217443728439104e-01 8.799810970330077531e-01 8.739848836402378529e-01 8.909419563346475668e-01 8.840135396023217629e-01 8.949701411299954001e-01 8.861940240684025305e-01 9.003373272301534724e-01
3.563427506213447116e-02 1.371280054662454839e-01 3.428739987226893660e-01 4.415455365305345214e-01 5.126073607658272469e-01 5.157809055326771919e-01 7.082347406194068329e-01 6.976155414163983659e-01 7.434562281794262484e-01 6.794507243501798355e-01 7.784891832075350182e-01 7.874663084777965283e-01 1.000000000000000000e+00 7.560761049183548632e-01 8.363109855518635616e-01 8.189595131443928588e-01 6.949663703114296043e-01 4.606164451051292796e-01 5.644658030073680388e-01 4.954747516861571777e-01 5.503125104507257115e-01 6.173888271715759490e-01 6.515714717867966410e-01 5.534197070481861047e-01 6.041505092970607116e-01 7.595700318478127988e-01 7.225518649814831607e-01 7.457503764610683428e-01 7.025492084847115848e-01 7.484038768714774692e-01 8.099276223753066883e-01 7.670010721534172848e-01 7.281641991958753835e-01 7.184998691545516625e-01 7.253608457884793692e-01 7.492670846578102228e-01 7.643455216760300930e-01 8.109520128443363784e-01 8.354106795430804588e-01 7.917881809198403786e-01 8.457300359592503369e-01 8.492854990210880750e-01 8.163018773608720080e-01 8.512551164865941322e-01 8.264529725215193912e-01 8.532724485501361755e-01 8.595636344179681254e-01 8.569023246243483438e-01 8.378981776495393330e-01 7.926500158983874611e-01 8.266240620060775202e-01 7.967717222905040808e-01 8.390055419698789763e-01 8.268694251121135874e-01 8.022560927268662656e-01 8.227642571999184140e-01 8.128702073504311398e-01 8.503685281752264569e-01 8.306494752096972300e-01 8.549306304859949357e-01 8.507007324791928671e-01 8.451435306428649596e-01 8.250593342455987411e-01 8.445199695950601493e-01 8.347709677083557933e-01 8.370413524132777061e-01 8.580203333701258428e-01 8.279528831966321833e-01 8.369459124315580256e-01 8.107936605022125764e-01 8.284969916984369354e-01 8.360033757685727540e-01 8.162899133157508480e-01 8.220300444305304044e-01 8.575671207788969630e-01 8.469623234131098410e-01 8.501650670128854115e-01 8.380299729373119622e-01 8.508459973402027199e-01 8.472572076077004022e-01 8.429861341662899799e-01 8.588840486393829465e-01 8.445917184227489383e-01 8.395687304600547574e-01 8.426041357585917213e-01 8.390793082544745207e-01 8.501536553848000333e-01 8.548581080601013182e-01 8.581634764592538378e-01 8.491453368058019535e-01 8.509292777445254252e-01 8.625365200891114137e-01 8.589151779843681167e-01 8.624880919150075265e-01 8.609682490103715002e-01 8.601090990714553852e-01 8.399771032222971279e-01 8.382388726790674927e-01 8.535725225356756152e-01 8.493067281762146647e-01 8.573145908981738561e-01 8.509322018373642882e-01 8.562914181402000446e-01 8.615531286899150709e-01 8.518856615300406387e-01 8.453770654994199329e-01 8.563239101910041784e-01 8.557721936738388324e-01 8.533291925073509532e-01 8.566762567779491189e-01 8.541731014627241825e-01 8.627151095718756935e-01 8.548114137656352973e-01 8.573065295012191056e-01 8.547926129745557766e-01 8.555293204750284985e-01
