1.000000000000000000e+00 2.507949551385697806e-02 1.511321099605200391e-01 1.035972321697245374e-01 7.177613347084003254e-03 -8.754026937905781615e-05 5.469431100817225000e-02 4.031552484609950832e-02 1.335399382249568556e-01 2.092104963396778511e-02 7.150811913751017879e-02 4.629095725415541263e-02 -3.453200201193044774e-04 4.231685849143131117e-02 2.490727964323648583e-02 1.808476576415874240e-02 1.185617620162687930e-01 9.403712512191216011e-02 1.136678686711044550e-01 1.436923042478892021e-01 5.585832939834107363e-02 1.077422970951449066e-01 1.388221582307943291e-01 1.275109539809985149e-01 1.031159580651960922e-01 7.848608305229072546e-02 7.589002394356322845e-02 4.466274827681049331e-02 8.083474179673787174e-02 8.449815646895145194e-02 4.856399874320439097e-02 6.258518076249644513e-02 4.912327894890483604e-02 7.215907916557844082e-02 6.691310957086407663e-02 3.653907630872624962e-02 3.354643373648612259e-02 1.656090551473766645e-02 2.843439873121568484e-02 6.276313895634078564e-03 3.012822912150750487e-02 5.330216048086801502e-03 1.427064632956542324e-02 2.857444471776483808e-02 1.515145034405153239e-02 1.249767456648649862e-02 7.644601736960187320e-03 1.334205766389690538e-02 2.720688409245057907e-02 3.842893315787290071e-02 1.724293554460776604e-02 4.872779170243407565e-02 2.629007552614803442e-02 5.916315755290160738e-02 4.746601435788531942e-02 4.982229827925097748e-02 8.838258397512434306e-02 2.185567936912492099e-02 2.864370490655764392e-02 3.798060552157467989e-02 1.933910216560391290e-02 3.282259209270842193e-02 3.560341944051779312e-02 5.350583562038990076e-02 5.577115309678151028e-02 5.675642299124580153e-02 2.212026345340995306e-02 3.771739980250184143e-02 4.603264058739606202e-02 5.598864008366449124e-02 2.907656645204544435e-02 4.074537657108852351e-02 5.870944029895890093e-02 5.503343629910425333e-02 3.392851235318451730e-02 2.399644100570351088e-02 2.936066763890654227e-02 3.603290287075890108e-02 3.045195975790347329e-02 2.534620362393896070e-02 3.335655245611866826e-02 1.788971061701287446e-02 4.483174184721459149e-02 2.628140312931876235e-02 1.976278092834976574e-02 3.329991625171842967e-02 1.389661620344940368e-02 9.767578069573555968e-03 1.145728684047575378e-02 2.298163238483890217e-02 4.653932414224402556e-03 1.135372403947021609e-02 1.107685243332055466e-02 8.628847384625075098e-03 9.982481421002069658e-03 9.870734891427168992e-03 7.452041537789173831e-03 4.277494557325849794e-02 1.366279084778962948e-02 6.973734064404835294e-03 9.558820392584255242e-04 1.479931894684056309e-02 2.320697443288499001e-02 5.199549256884828871e-03 1.854555090401874967e-02 3.334993000914548283e-02 2.465778997914757839e-02 1.890398952822527553e-02 2.011768721753701486e-02 1.302399820213076889e-02 1.057848224721157082e-02 2.016014793527286242e-02 1.868723073363937059e-02 2.651840871594458512e-02 3.381496315730896096e-02 3.337114004432816666e-02
2.507949551385697806e-02 1.000000000000000000e+00 1.074697721008787202e-02 5.400730104924471309e-02 3.200503649764489811e-02 9.792270730149531255e-02 1.122579969098280867e-01 1.064090839331572058e-01 1.569358818685559209e-01 1.647637767295250522e-01 1.314658343092458825e-01 1.310252912918010992e-01 1.497903563237208968e-01 1.502576236576223245e-01 1.487748015093695031e-01 1.541702778191334500e-01 1.545777552215366613e-01 1.024776198860541249e-01 1.128295049056196042e-01 1.136480917009906888e-01 6.884982146634112399e-02 8.120909250022051440e-02 1.358673711509623683e-01 1.112829079141897798e-01 1.118788860179117661e-01 1.186480179468693552e-01 1.225731273654291770e-01 1.373814792948486185e-01 1.331691968739384668e-01 1.552780325894394520e-01 1.518559469186138711e-01 1.513441391985993201e-01 1.310206869134938334e-01 1.395441870972959908e-01 1.504304444368842197e-01 1.516028530998835555e-01 1.436742928017776533e-01 1.420358561876781667e-01 1.449485529061114442e-01 1.180844920399081455e-01 1.422417426593576284e-01 1.454985944959462651e-01 1.603249001073993318e-01 1.496636187651791128e-01 1.417916980481077338e-01 1.478835991152142038e-01 1.595481710448460044e-01 1.674618742871492594e-01 1.598304478048964417e-01 1.228782830532850201e-01 1.486223078964022670e-01 1.265963018773592907e-01 1.471960577446017882e-01 1.676743729091379198e-01 1.610290197154957414e-01 1.541909162506845121e-01 1.601984220711078211e-01 1.613102207555784651e-01 1.572837868939341299e-01 1.632454547007747003e-01 1.559613168713341047e-01 1.676873369554703896e-01 1.602748275793204058e-01 1.638271575035138150e-01 1.598941815090253460e-01 1.615503840532496183e-01 1.667371023254187457e-01 1.504939818214897362e-01 1.611774299184030035e-01 1.430203879521649568e-01 1.342870796999834637e-01 1.506583175896539506e-01 1.493096772266147565e-01 1.517742617761724533e-01 1.563602183809651436e-01 1.568885981934062535e-01 1.554031444320399802e-01 1.579624779321172900e-01 1.551133264787394606e-01 1.642001183744552228e-01 1.586407085000922090e-01 1.586715565109043380e-01 1.630750536506083426e-01 1.620990743469792050e-01 1.515375678869153586e-01 1.557245407795187775e-01 1.555588348763860262e-01 1.522351346420223739e-01 1.557435688382389771e-01 1.599337352004633062e-01 1.489728159748735237e-01 1.537156094584122834e-01 1.557150794519713000e-01 1.556363845005191704e-01 1.606915622930390475e-01 1.658271051554189301e-01 1.451183303329656449e-01 1.530920514732408699e-01 1.556416141184435442e-01 1.554953009047038148e-01 1.575699511664541419e-01 1.547553894275513764e-01 1.546655491154741435e-01 1.555832075216118660e-01 1.479070206752465533e-01 1.646749678383390703e-01 1.628895704507703213e-01 1.625883892105829120e-01 1.579715715017932509e-01 1.588086954600528289e-01 1.621161533086633577e-01 1.636326974204823370e-01 1.632968547042647489e-01 1.641543544564199597e-01 1.577958581983240349e-01 1.609416482471457410e-01
1.511321099605200391e-01 1.074697721008787202e-02 1.000000000000000000e+00 3.830944515647144444e-01 2.038020333166231379e-01 2.076208482682073142e-01 3.660108246742956317e-01 3.161957722141617855e-01 3.509214706025032271e-01 2.982173335888666510e-01 3.687771143924722939e-01 3.848120854524802459e-01 2.920479957661659132e-01 3.147473675596577092e-01 3.730724336539623653e-01 3.574626104721646547e-01 3.375704486358507839e-01 3.375069148428631594e-01 3.438088648131279457e-01 3.868074965979664825e-01 3.717041062957064934e-01 3.826631258847266737e-01 3.510145955630095127e-01 3.354989389161081026e-01 2.960711353052881689e-01 3.834857916577829595e-01 3.912643691455613415e-01 3.807735011772466205e-01 3.878649417906572805e-01 3.714471415050113468e-01 3.698377450041164249e-01 3.810939066090462402e-01 3.777060313614729603e-01 3.745744329669290495e-01 3.815293359386446315e-01 3.756865115195847094e-01 3.670444600630340948e-01 3.748054485890572884e-01 3.787468355827456890e-01 3.772784693226694519e-01 3.702950985409018125e-01 3.583046917846606227e-01 3.639879580766550160e-01 3.765172378608610537e-01 3.648357835347644795e-01 3.668990498304013359e-01 3.527125499518712903e-01 3.574853424822051484e-01 3.664251075403007762e-01 3.810821212246516265e-01 3.767774070710041001e-01 3.726476015705907363e-01 3.682665601380107900e-01 3.713512733242999020e-01 3.748869915084432347e-01 3.773123499115086377e-01 3.929344730719082635e-01 3.681727167415849156e-01 3.747894048844899739e-01 3.618857837307118408e-01 3.628004021441759708e-01 3.689791289819189246e-01 3.717386549970511100e-01 3.794972523518490015e-01 3.712515104880987349e-01 3.799683714080641095e-01 3.596841353597527990e-01 3.686501111596910962e-01 3.690051172103512855e-01 3.875328812825089009e-01 3.793671890102366939e-01 3.681824696967955224e-01 3.703127972860631445e-01 3.542739169792899490e-01 3.723280897088995234e-01 3.720482558865101375e-01 3.709707831155804048e-01 3.751363872646261144e-01 3.661775198921990437e-01 3.601495192545318136e-01 3.676684055217217528e-01 3.664512027967085639e-01 3.721181718209830569e-01 3.686737055034713384e-01 3.700296437641593661e-01 3.692550661353135033e-01 3.634785279895257903e-01 3.669121509991311592e-01 3.625999626274084564e-01 3.654737112534573451e-01 3.649279538725303529e-01 3.660696733106948431e-01 3.604048008010252158e-01 3.598225915421072729e-01 3.563827088940000887e-01 3.569202652751601312e-01 3.712440070611600640e-01 3.803675868545962069e-01 3.651072795877934318e-01 3.644549354766785099e-01 3.587056429618542541e-01 3.677692250313103206e-01 3.658168623301635836e-01 3.614508013341337644e-01 3.680262834088303125e-01 3.686025560462869999e-01 3.635863879263205312e-01 3.602486490754841508e-01 3.662547775198841116e-01 3.613095983355567586e-01 3.631713310883569745e-01 3.621024824395000508e-01 3.622780011644660125e-01 3.680301437513319729e-01 3.683785904371897346e-01 3.674452957210317394e-01
1.035972321697245374e-01 5.400730104924471309e-02 3.830944515647144444e-01 1.000000000000000000e+00 3.092209069542824484e-01 3.634676577174842382e-01 5.908363260334683620e-01 5.368342124471536803e-01 5.315817012190661162e-01 4.555998419721085657e-01 5.714354755723769497e-01 6.348990070136931729e-01 4.869977245666270993e-01 5.139163116898181061e-01 6.068141219819185306e-01 5.740617876854833268e-01 5.440360015098874014e-01 5.228463542120287411e-01 5.244663178597912534e-01 5.885828569884908879e-01 6.298061010400193283e-01 6.085557428040122563e-01 5.216141289756927035e-01 5.031438351589260227e-01 4.378657764570197952e-01 5.862398946937804611e-01 6.203118841992509847e-01 6.060011897487531662e-01 6.076538707065506362e-01 5.770188637284077160e-01 5.961431661803119342e-01 5.966289244809374059e-01 5.884412645575779477e-01 5.911688134388509708e-01 5.784073134187259768e-01 6.002568043645994944e-01 5.899229703282568016e-01 5.963635791082758653e-01 6.038964570867916271e-01 6.079761591736071447e-01 6.011125219222009930e-01 5.844703640276711631e-01 5.951825073282814849e-01 6.085111227893965635e-01 6.022485929582587216e-01 5.940696621033699776e-01 5.817847972427974135e-01 5.764317102337740417e-01 5.832159505450503767e-01 6.123837844794288721e-01 6.039120436124627567e-01 6.302252090919607808e-01 5.989656990707479256e-01 5.872778386400050454e-01 5.862855515073959189e-01 5.928646710231605388e-01 6.084499421411685427e-01 5.950654630566795111e-01 5.925849136022606212e-01 5.903650741586782269e-01 5.968050962902374801e-01 5.920474021279510390e-01 5.953812343195052925e-01 5.992156489181414969e-01 5.938093292811496005e-01 6.062175491015451279e-01 5.843104516564008311e-01 5.882017428330834630e-01 5.868977064019230694e-01 6.191881649910634389e-01 6.184221956545300491e-01 5.888410349393417009e-01 5.911458760947047031e-01 5.521919377324721045e-01 5.971592094465891787e-01 5.981707009327850155e-01 6.019722341189410741e-01 5.994328113522183754e-01 5.885382055514152277e-01 5.804045370520011238e-01 5.885755900195854817e-01 5.904627191800390085e-01 5.957607029212634853e-01 5.919593286304808410e-01 5.981177533681758529e-01 5.950946933184297905e-01 5.934612714513345377e-01 5.984736006831002930e-01 5.940857589930973459e-01 5.894965020092545194e-01 5.988090411994436701e-01 5.968328048287291354e-01 5.943448170017791021e-01 5.872867098610778935e-01 5.839814193241682494e-01 5.809815988734873260e-01 6.075225227732882205e-01 6.076321897032832542e-01 5.961046804906793284e-01 5.953953525700875771e-01 5.915530783100041434e-01 5.976448568652357185e-01 5.957453249946754736e-01 5.899768558461616630e-01 6.051078259127821157e-01 5.942593870305824533e-01 5.891378505300707280e-01 5.830515270784453197e-01 5.907467275985972543e-01 5.893930414682331254e-01 5.907070734863401062e-01 5.865038760472696122e-01 5.868729378614744308e-01 5.932268318199414026e-01 5.953604650615403893e-01 5.940013738265250698e-01
7.177613347084003254e-03 3.200503649764489811e-02 2.038020333166231379e-01 3.092209069542824484e-01 1.000000000000000000e+00 2.632177598454229495e-01 4.401805633038900489e-01 4.257577841201599655e-01 4.278430990633550479e-01 3.995505222164156822e-01 4.422657554841820104e-01 4.730381196710951031e-01 4.363342814464940544e-01 4.112145469742597426e-01 4.817965034248942735e-01 4.650515090387747352e-01 4.181462564725040854e-01 3.909903862900763194e-01 4.148547227982198327e-01 4.001815826016553168e-01 4.179100288373872596e-01 4.389188239910442046e-01 3.993662657873117694e-01 3.889667738580506740e-01 3.716466926306544738e-01 4.379191611950211671e-01 4.753677678253886429e-01 4.645413182593375878e-01 4.639139898743558366e-01 4.690538471521934483e-01 4.866729885944508505e-01 4.642758428809514726e-01 4.448103049680960930e-01 4.533184580686671072e-01 4.493439247519817603e-01 4.627151201418496229e-01 4.708013655915229689e-01 4.602039081862006054e-01 4.815962668215764131e-01 4.525332824233936901e-01 4.750883793188961368e-01 4.775494569409312606e-01 4.675191817254538140e-01 4.815755916827300087e-01 4.901123029474909187e-01 4.819431470402919526e-01 4.861669301896772155e-01 4.781241816093598773e-01 4.724604512262508549e-01 4.532545919208103569e-01 4.711152066253332937e-01 4.768648196235133474e-01 4.871792842627325482e-01 4.770714540005226989e-01 4.723943579145200578e-01 4.660847111961707312e-01 4.683417627362897462e-01 4.777410667469558225e-01 4.692693278000510948e-01 4.862183199989121851e-01 4.837240483813910474e-01 4.789063567757588236e-01 4.662624674981706852e-01 4.779884271693447539e-01 4.751405438493896405e-01 4.811216976776559462e-01 4.823601368051359528e-01 4.769952619442812125e-01 4.781412938911476229e-01 4.833463813079292848e-01 4.837747072576581431e-01 4.795199901019607247e-01 4.715482440629784611e-01 4.629763425230652985e-01 4.819869169788602026e-01 4.846524529605186760e-01 4.852935475822638400e-01 4.823158660445180934e-01 4.865849819350784311e-01 4.853909094327933937e-01 4.822289265561878202e-01 4.863012571661628480e-01 4.805674262567144472e-01 4.790210098851399589e-01 4.740421932395180726e-01 4.786016635432171484e-01 4.854264947122690632e-01 4.836598245260280149e-01 4.856420609815844669e-01 4.793257028861835911e-01 4.795006975287952611e-01 4.852024768504322183e-01 4.847526604626295477e-01 4.848269637881780225e-01 4.832205062279062435e-01 4.812439913181594253e-01 4.792643643693883515e-01 4.822923140000368036e-01 4.828724432274349998e-01 4.815738736661084873e-01 4.840861040662164383e-01 4.839182093432745080e-01 4.846532079257137582e-01 4.876974856422099380e-01 4.875428442129689510e-01 4.824755922644988204e-01 4.847625272393630835e-01 4.822294394983812627e-01 4.823515929107783373e-01 4.841008116244585047e-01 4.820451058655350063e-01 4.839783353374941810e-01 4.836627200233505897e-01 4.826762536880754850e-01 4.822675632443148563e-01 4.867295776931675477e-01
-8.754026937905781615e-05 9.792270730149531255e-02 2.076208482682073142e-01 3.634676577174842382e-01 2.632177598454229495e-01 1.000000000000000000e+00 5.349999338571094221e-01 4.750204773978221051e-01 5.082030193761452042e-01 4.885425091128967057e-01 5.476890244818117814e-01 5.731132019446392167e-01 4.968083228335328227e-01 4.917808819840914225e-01 5.666884232983849801e-01 5.609490382474474623e-01 4.982351240109220147e-01 4.687072494041111814e-01 4.760211160068269498e-01 4.869276276663957459e-01 4.812509819081717821e-01 4.909434613340788456e-01 4.867885639722159263e-01 4.543866375603707874e-01 4.261537499384868699e-01 5.331080860108428077e-01 5.550627203620402961e-01 5.621236878821778138e-01 5.575252608043573810e-01 5.525681751489485150e-01 5.738289503717068918e-01 5.720552366561943991e-01 5.648182973531549189e-01 5.618933268153246674e-01 5.667873360659699822e-01 5.734087756674183245e-01 5.746328452365144779e-01 5.749463732282009687e-01 5.873047876865051808e-01 5.681702344563136498e-01 5.768227893825127461e-01 5.795571795528262626e-01 5.758349311231806267e-01 5.829599674279088983e-01 5.848146017849946698e-01 5.831477490250817075e-01 5.825918556244847890e-01 5.776111393064463639e-01 5.767434887632736373e-01 5.714418330106109112e-01 5.841899424058132340e-01 5.692694134433524678e-01 5.733443646363917123e-01 5.768214325394727116e-01 5.706078280959915316e-01 5.748445355722572314e-01 5.660703659324907155e-01 5.767247771507153509e-01 5.782249029666146622e-01 5.781610744659805290e-01 5.822777317449087109e-01 5.772047372455474390e-01 5.767339925925544231e-01 5.736133520300796818e-01 5.713614463948721856e-01 5.800260739867929560e-01 5.834723493897727709e-01 5.771676472196777263e-01 5.847536547885581193e-01 5.799496835327628830e-01 5.784863178492287705e-01 5.734922357592878717e-01 5.711225930707845011e-01 5.492527304016556755e-01 5.781442013548466763e-01 5.876776359948270301e-01 5.895657704822900858e-01 5.838699047718338697e-01 5.791641885885950858e-01 5.831285274570193744e-01 5.850675195032181142e-01 5.830566089249572537e-01 5.824820434146966708e-01 5.885843722437904546e-01 5.856485859102914526e-01 5.832421679120826097e-01 5.905866014072577164e-01 5.874275465298796073e-01 5.943453423438165295e-01 5.819735826532833611e-01 5.888831528287616912e-01 5.870557492599542959e-01 5.859990140716567764e-01 5.862572567918598043e-01 5.846222659051928394e-01 5.844329333195670273e-01 5.844767667803517641e-01 5.782426246158177685e-01 5.818481932362212783e-01 5.847065699451872156e-01 5.856987678612806114e-01 5.814724882741318934e-01 5.794373685141985808e-01 5.846356712514629850e-01 5.874675716788690938e-01 5.809233404557645475e-01 5.819022556266765234e-01 5.837982751275193616e-01 5.840468486370677947e-01 5.839564576226377035e-01 5.831553928944173126e-01 5.820272838495670342e-01 5.800447107535745550e-01 5.833249090548420224e-01 5.795900507188403994e-01 5.792166338396649294e-01
5.469431100817225000e-02 1.122579969098280867e-01 3.660108246742956317e-01 5.908363260334683620e-01 4.401805633038900489e-01 5.349999338571094221e-01 1.000000000000000000e+00 7.067396550857162341e-01 7.085648836375284532e-01 6.573125216511972457e-01 7.520010455730610222e-01 8.191058759771784326e-01 7.094381247764354192e-01 7.153628726421573658e-01 8.329599004865659850e-01 8.022959589781060163e-01 7.164191124333302296e-01 7.072059919207708267e-01 7.165948995132641608e-01 7.384486351550069161e-01 7.446753294277299595e-01 7.553778544603323430e-01 7.224828458907425199e-01 6.946569729759244360e-01 6.342469087759062818e-01 7.865575704479074171e-01 7.979779046819315269e-01 8.131288273135152123e-01 8.144058331646540916e-01 7.965795496981327162e-01 8.228750037102097181e-01 8.241249574740678874e-01 8.046210598981418105e-01 8.140082218498594369e-01 8.070572204686202733e-01 8.152114105371333075e-01 8.118857011129809731e-01 8.335558180547756324e-01 8.323858274388240552e-01 8.188949066021811163e-01 8.237857497163886267e-01 8.215157232217197292e-01 8.179064512647132856e-01 8.313880875569501505e-01 8.281400415509628798e-01 8.257219178277954708e-01 8.196138658155608381e-01 8.129006449662951050e-01 8.137647765076670980e-01 8.226920171594940268e-01 8.348601116572043068e-01 8.080885659160934598e-01 8.092037365461470788e-01 8.119736985289792708e-01 8.116088878211641378e-01 8.222971561525432849e-01 8.058540611651733299e-01 8.200434977543237247e-01 8.257025622305237400e-01 8.156152003647090254e-01 8.265716619079196414e-01 8.166095218156388391e-01 8.173516728177240287e-01 8.158895777915009528e-01 8.108648044909412267e-01 8.156506608561255867e-01 8.200541319594122358e-01 8.239517331964253399e-01 8.266175824879803402e-01 8.410651197810522506e-01 8.315915931369366465e-01 8.190742572159048773e-01 8.237610073291605772e-01 7.909924994463397585e-01 8.272572952350271125e-01 8.275360426184389384e-01 8.321661486371559890e-01 8.294894602189503141e-01 8.252852412352333911e-01 8.225467438163903688e-01 8.244443664636944558e-01 8.254225004305564273e-01 8.271714534383489692e-01 8.296129030260666060e-01 8.335822800330313642e-01 8.315508520498905431e-01 8.292317681456364831e-01 8.362303976467435618e-01 8.359372102902553614e-01 8.241179223577744795e-01 8.326600688200725964e-01 8.319902609640562607e-01 8.276756322089102724e-01 8.263482642034155612e-01 8.218554691506309018e-01 8.183777709502148001e-01 8.354352712333402708e-01 8.273424975861768393e-01 8.246673780252503638e-01 8.323290643916084752e-01 8.274601245715448306e-01 8.281274401105241934e-01 8.210589762125042324e-01 8.255082530321419254e-01 8.302032679728842401e-01 8.217956465662361598e-01 8.216212467921192308e-01 8.215546680406986546e-01 8.260918019240589549e-01 8.248548219041667018e-01 8.254004780483549242e-01 8.176178280750858729e-01 8.197624603691455736e-01 8.240750879962964737e-01 8.186100841524122096e-01 8.190501255217093046e-01
4.031552484609950832e-02 1.064090839331572058e-01 3.161957722141617855e-01 5.368342124471536803e-01 4.257577841201599655e-01 4.750204773978221051e-01 7.067396550857162341e-01 1.000000000000000000e+00 6.881513346633305606e-01 6.429611082546501377e-01 7.219438658155334920e-01 7.736925021492405685e-01 6.891546532374294154e-01 6.837107055267591660e-01 7.906468987738339838e-01 7.762402324644148699e-01 6.833935355339483264e-01 6.600639431602939311e-01 6.673190951793146475e-01 6.628056563038949855e-01 6.651530934645318860e-01 6.893655775750028303e-01 6.658055007887490051e-01 6.371472550976180482e-01 5.965884852563891894e-01 7.428044045434791798e-01 7.596679261194525523e-01 7.696438876639242199e-01 7.752232289673730570e-01 7.648635044168655694e-01 7.887571680405006669e-01 7.794618373323873861e-01 7.499418448753848443e-01 7.610648572696420144e-01 7.641725440035112005e-01 7.784040246600553159e-01 7.745214223717918900e-01 7.880957419231129357e-01 7.967393892724692339e-01 7.626338678377296842e-01 7.856071611621052719e-01 7.877742362281141553e-01 7.853715272104098144e-01 8.001121402442352704e-01 7.885802330322800868e-01 7.956600280872558884e-01 7.918865718793594022e-01 7.875460939063126942e-01 7.920444934393343628e-01 7.892289337568358931e-01 7.962507473468334318e-01 7.766265550432824849e-01 7.868977471065734530e-01 7.898032550304098232e-01 7.909491413004655636e-01 7.872621927197344105e-01 7.865488545357132155e-01 7.948382604364769843e-01 7.969598595193380097e-01 7.943047720775358034e-01 7.971619208641099741e-01 7.955191688844995834e-01 7.982483436385077180e-01 7.913330654114441032e-01 7.861837924243481046e-01 7.917467364145002184e-01 7.932018319072647872e-01 7.898346088978331903e-01 7.907697899413654863e-01 7.935762341308928436e-01 7.916138619375623353e-01 7.881185602729781081e-01 7.789372106958326603e-01 7.564855950175456423e-01 7.938988247052436442e-01 7.975015520151021997e-01 7.968473139240700442e-01 7.994368072364873568e-01 7.934791760122956727e-01 7.930458576743590893e-01 7.938868517796134894e-01 7.961993747048730086e-01 7.923817348304466046e-01 7.951001360650770122e-01 7.982710842458892175e-01 7.966005470789636611e-01 7.970206078913620873e-01 8.015068276526406965e-01 7.999517733574832423e-01 7.945175783736933006e-01 7.926586575994836181e-01 7.987551926368340327e-01 7.952818156830239182e-01 7.951044785035715767e-01 7.972308854249496868e-01 7.938963342651959021e-01 7.995023145463788783e-01 8.033395126544466969e-01 8.014638953479580330e-01 8.005590891000372578e-01 7.974039663590188898e-01 8.033175481366423565e-01 7.964099712170303880e-01 7.993389783906448276e-01 8.002013316024715328e-01 7.982006416421221218e-01 7.988391592374877170e-01 7.937220600343574128e-01 7.978014307069543065e-01 7.993319828930723903e-01 7.999502043963628850e-01 7.955547795154931379e-01 7.976657618328829580e-01 7.982012917442958821e-01 7.949321465185527069e-01 7.965683696103235123e-01
1.335399382249568556e-01 1.569358818685559209e-01 3.509214706025032271e-01 5.315817012190661162e-01 4.278430990633550479e-01 5.082030193761452042e-01 7.085648836375284532e-01 6.881513346633305606e-01 1.000000000000000000e+00 7.168503921585398508e-01 7.890128941234337834e-01 8.105870448680212448e-01 7.246730314152551866e-01 7.378758066404892402e-01 8.235636886599949635e-01 8.147405780131777853e-01 7.844493238979957095e-01 7.335907381911010994e-01 7.689664001871726606e-01 7.143745834698322916e-01 6.672389593385057438e-01 7.605454886319926722e-01 7.612628193846932012e-01 7.329946724693664484e-01 7.145176086297504447e-01 8.160384593358198657e-01 8.143101101725870317e-01 8.207654935973006660e-01 8.311857439578875795e-01 8.502456412291361509e-01 8.605450765705777716e-01 8.404438955254532884e-01 7.825903489671732771e-01 8.123499734171768516e-01 8.174772589939521827e-01 8.205494866987441682e-01 8.350039154301883704e-01 8.132749741711923219e-01 8.397986600732689766e-01 7.699233126064901622e-01 8.445227111620856597e-01 8.346281200915478538e-01 8.385291337941780387e-01 8.529915678416337688e-01 8.372652971729446225e-01 8.435157896555602886e-01 8.448951477154297285e-01 8.523683203732639324e-01 8.487712482299343275e-01 8.179483583301896399e-01 8.356908874140963617e-01 8.223377596598502315e-01 8.374028972210144639e-01 8.686646592309341663e-01 8.538829798103108049e-01 8.436872336680313333e-01 8.586835268674728461e-01 8.512288804457440738e-01 8.456126913442415516e-01 8.621640835977927297e-01 8.494881250971614284e-01 8.587477572288045868e-01 8.479055147102735335e-01 8.563654861109245564e-01 8.582592493857927884e-01 8.641510722320410176e-01 8.545307835945736841e-01 8.566102480243057427e-01 8.592063470403273895e-01 8.590864267656308506e-01 8.449753091331417831e-01 8.582143498502944334e-01 8.543549935062834111e-01 8.462715940424164751e-01 8.544841643705995970e-01 8.524801086231563740e-01 8.546401370206648807e-01 8.564659037998393343e-01 8.551393475487349960e-01 8.575647608959803270e-01 8.540213510578357203e-01 8.570165349879469430e-01 8.592748769549154453e-01 8.454153882775148343e-01 8.421059533986683387e-01 8.509990957302168146e-01 8.467795528776069780e-01 8.441134476736007475e-01 8.497874051177957133e-01 8.501200795424620482e-01 8.343685488012251295e-01 8.495769670345123536e-01 8.496178822141562392e-01 8.505560693141694939e-01 8.541410332337832090e-01 8.527700086164051729e-01 8.338189865458506267e-01 8.509144200408813585e-01 8.488062325018893572e-01 8.457087465077826050e-01 8.444675496998973463e-01 8.472618008309846793e-01 8.529070258434331420e-01 8.506447550403569702e-01 8.502769543797317198e-01 8.524615471384219267e-01 8.576425891994688966e-01 8.543706523767136130e-01 8.525725262805217142e-01 8.522668302532341311e-01 8.459836476692631502e-01 8.576090408256769049e-01 8.532727778502054994e-01 8.575088347770651875e-01 8.598927242285701045e-01 8.590582960936192780e-01
2.092104963396778511e-02 1.647637767295250522e-01 2.982173335888666510e-01 4.555998419721085657e-01 3.995505222164156822e-01 4.885425091128967057e-01 6.573125216511972457e-01 6.429611082546501377e-01 7.168503921585398508e-01 1.000000000000000000e+00 7.309474772152402267e-01 7.551240919283692676e-01 6.952640883315094333e-01 6.957630007768684788e-01 7.967886572838341896e-01 7.785116936847270575e-01 7.075173146039721583e-01 6.763740924187678916e-01 6.984916952638169363e-01 6.372372172231949294e-01 6.110828041300844227e-01 6.762518244582500504e-01 7.028049767887509791e-01 6.663372227674416726e-01 6.416235042553194434e-01 7.624540331869410492e-01 7.538163559051940243e-01 7.842190428364184118e-01 7.648325480272981647e-01 7.910224491789519252e-01 8.075246598459489000e-01 8.029399793556645237e-01 7.550744812028619135e-01 7.735411801289331368e-01 7.862347827408544543e-01 7.859920821317266659e-01 7.954609862231276640e-01 7.916000037392377786e-01 8.107362958495957228e-01 7.605900624902499629e-01 8.036283196054279099e-01 8.079541241611890579e-01 8.082898429985121425e-01 8.116894385019947089e-01 8.009304755004855725e-01 8.121513730935564501e-01 8.197320753295735951e-01 8.249327812283818728e-01 8.165151657269664742e-01 7.768937683175753950e-01 8.079332145581806790e-01 7.529901594296136702e-01 7.898727747287025425e-01 8.202464978743546631e-01 8.108848726706702204e-01 8.107407799407538862e-01 7.920351006029588969e-01 8.107336250372570996e-01 8.171355768868725500e-01 8.175253231361397921e-01 8.171032950779744120e-01 8.169153798647436071e-01 8.106916150842428115e-01 8.099589885205140671e-01 8.029402014698145962e-01 8.085102004053709157e-01 8.209645115014925221e-01 8.163778926665308244e-01 8.223923333007554515e-01 8.071834576265183303e-01 8.010247590920830385e-01 8.154823742706062140e-01 8.092174722380691687e-01 7.947672091563433572e-01 8.186243398417977213e-01 8.178600998354625951e-01 8.166847265455570160e-01 8.171124843698178708e-01 8.162781408545725093e-01 8.200623503568363892e-01 8.207297883442241648e-01 8.226533766816956916e-01 8.206158966719985237e-01 8.177385055627044430e-01 8.171380105752205081e-01 8.208601003627515880e-01 8.187935128622879644e-01 8.218880012137264046e-01 8.220330007275283846e-01 8.215137948404518387e-01 8.104444201105264201e-01 8.216779380650819364e-01 8.192525250649665969e-01 8.225772315362095410e-01 8.233738846193700001e-01 8.255698415453341932e-01 8.125175666172526068e-01 8.075309599869142652e-01 8.181680949637879507e-01 8.215885135679247275e-01 8.207791966666651007e-01 8.176320231876864630e-01 8.159410218397161740e-01 8.195938049931443814e-01 8.155811156130869932e-01 8.147018964336116831e-01 8.228143056330203819e-01 8.255117738966495367e-01 8.230807113367096806e-01 8.222125072543579050e-01 8.210589809479562629e-01 8.232749789503100990e-01 8.199813245466180955e-01 8.215984241515582598e-01 8.177519918380731223e-01 8.171025780461916854e-01
7.150811913751017879e-02 1.314658343092458825e-01 3.687771143924722939e-01 5.714354755723769497e-01 4.422657554841820104e-01 5.476890244818117814e-01 7.520010455730610222e-01 7.219438658155334920e-01 7.890128941234337834e-01 7.309474772152402267e-01 1.000000000000000000e+00 8.555147721997419241e-01 7.521810128227756076e-01 7.533782111223737976e-01 8.616404729726312439e-01 8.485212824343679738e-01 7.758711498897914449e-01 7.535585695104245474e-01 7.847226734420575944e-01 7.419384221896022646e-01 7.246492322046703682e-01 7.860159491496014894e-01 7.707734735451727826e-01 7.394884601309372751e-01 7.093969607531438459e-01 8.410858670024184969e-01 8.501838482814279008e-01 8.641705061896721718e-01 8.577330676481959015e-01 8.647122836560223735e-01 8.947601943663132662e-01 8.737544021779274361e-01 8.333521084608892515e-01 8.407263955082577844e-01 8.522919816477089183e-01 8.624124848993497405e-01 8.689715589197390955e-01 8.608679965686525382e-01 8.766339437013455083e-01 8.423927427491224584e-01 8.786250223086415900e-01 8.747805088586190214e-01 8.722766127966425920e-01 8.839345085345824415e-01 8.763351455823144009e-01 8.779748300868948085e-01 8.786811502193845325e-01 8.778440275882356536e-01 8.794715645828280470e-01 8.568157987973101797e-01 8.736473099748047755e-01 8.535452393002591620e-01 8.690783130763484188e-01 8.841253924034436773e-01 8.784288701620901474e-01 8.781424007989321323e-01 8.755648506251245689e-01 8.798259019774162804e-01 8.800321074995811621e-01 8.836656261583323291e-01 8.844399166576798477e-01 8.825757908455323930e-01 8.791581444392209121e-01 8.786093763329195783e-01 8.754696207074045278e-01 8.823567856111067531e-01 8.820622203286399010e-01 8.826488877185812987e-01 8.834804267899324381e-01 8.842225405298171914e-01 8.806574909416740038e-01 8.836671370430424499e-01 8.749105904302940662e-01 8.621871165968859607e-01 8.840357422257143494e-01 8.842518766580340639e-01 8.841521648308565684e-01 8.833432953416203715e-01 8.825999641137783902e-01 8.837711017719989126e-01 8.868314061715257823e-01 8.862997510219051689e-01 8.857937173758805294e-01 8.816570862463329883e-01 8.779484188013165769e-01 8.816816873268422672e-01 8.848035738546877749e-01 8.836738517477195076e-01 8.849138822237226920e-01 8.836911372866400605e-01 8.809546071279449331e-01 8.854973137281427764e-01 8.842542354248730252e-01 8.848415462716339164e-01 8.840440903401877160e-01 8.833407783492501775e-01 8.802961703725120657e-01 8.791362513740338391e-01 8.828673669961644155e-01 8.831529841753860133e-01 8.831996911218711332e-01 8.837586605658975802e-01 8.838082796793076401e-01 8.837088760938380805e-01 8.854988735986749626e-01 8.805327189659154508e-01 8.838579833723634316e-01 8.840587250668874297e-01 8.853679389047469650e-01 8.835407120502570821e-01 8.810971326329202213e-01 8.841328892722157828e-01 8.832020345079263368e-01 8.859837646383225129e-01 8.839196614688568099e-01 8.842203515850700635e-01
4.629095725415541263e-02 1.310252912918010992e-01 3.848120854524802459e-01 6.348990070136931729e-01 4.730381196710951031e-01 5.731132019446392167e-01 8.191058759771784326e-01 7.736925021492405685e-01 8.105870448680212448e-01 7.551240919283692676e-01 8.555147721997419241e-01 1.000000000000000000e+00 7.835718707337727684e-01 7.949950803427823232e-01 9.140769403813625571e-01 8.928072606587881266e-01 8.100724802446462869e-01 7.709435927020711343e-01 7.894763316145008147e-01 7.779385907309456227e-01 7.922184467774938676e-01 8.143646775786644865e-01 7.835914179913646693e-01 7.487409844178437579e-01 6.938276578100976977e-01 8.631181899107461808e-01 8.898072887346153426e-01 8.999634090635004746e-01 8.882616379104790738e-01 8.849326726713082625e-01 9.265203743630908706e-01 9.136599948172794416e-01 8.793474334406031767e-01 8.894561067162327639e-01 8.865022985842094805e-01 9.051794469728621229e-01 9.048552397647651180e-01 9.156674085242351158e-01 9.279058566413687092e-01 8.969625277407951014e-01 9.184468898175587315e-01 9.210483143488693569e-01 9.190895643162794171e-01 9.320924238052903377e-01 9.234394476258235285e-01 9.256777123819206476e-01 9.239203797213380032e-01 9.217110551460145906e-01 9.226502235857515499e-01 9.092499708122119273e-01 9.264208837564549270e-01 9.063349482555272951e-01 9.157079804777871201e-01 9.218589319974971330e-01 9.169046159239377936e-01 9.162923886833855835e-01 9.173250688762683014e-01 9.263253430459293947e-01 9.255997201363411753e-01 9.247880690866231435e-01 9.303829740384185198e-01 9.267793834113822182e-01 9.255592380013457632e-01 9.220377287462414584e-01 9.179960720850179889e-01 9.272841322366631722e-01 9.240023969803986548e-01 9.214960489368222429e-01 9.228794625500438276e-01 9.311782102701446906e-01 9.273404621586691654e-01 9.197224615219321553e-01 9.121722304182594554e-01 8.828316734204132432e-01 9.255397186780749408e-01 9.284937163093045509e-01 9.306999896945594708e-01 9.254532931234520365e-01 9.225780007092930779e-01 9.213492263295872675e-01 9.244614209591606180e-01 9.283180604311852546e-01 9.269532549249480669e-01 9.273091167162755832e-01 9.293712542926946263e-01 9.283765643849977156e-01 9.300379351508867298e-01 9.334414489268356707e-01 9.332001906541227410e-01 9.259148758447541816e-01 9.294122417975970718e-01 9.331088125322928306e-01 9.302345987982556519e-01 9.291537758129363445e-01 9.276976545370692051e-01 9.272701265932290493e-01 9.315072598136175941e-01 9.296233514685703359e-01 9.300358440874657573e-01 9.317209885671349223e-01 9.308334146731431780e-01 9.311174865518843102e-01 9.288124781672939534e-01 9.316458116015383650e-01 9.338224602734294111e-01 9.277392627252605273e-01 9.296597449939599800e-01 9.269869361125591123e-01 9.289516877990977584e-01 9.291924030627137787e-01 9.290026970643497917e-01 9.280688671689771851e-01 9.281702277861844097e-01 9.305946640356154154e-01 9.280443093917398745e-01 9.285929534059101931e-01
-3.453200201193044774e-04 1.497903563237208968e-01 2.920479957661659132e-01 4.869977245666270993e-01 4.363342814464940544e-01 4.968083228335328227e-01 7.094381247764354192e-01 6.891546532374294154e-01 7.246730314152551866e-01 6.952640883315094333e-01 7.521810128227756076e-01 7.835718707337727684e-01 1.000000000000000000e+00 7.186822558190266719e-01 8.328839086633732514e-01 8.227607212155148009e-01 7.232023180410526164e-01 6.932074139168338256e-01 7.159073261792461285e-01 6.641426677336446094e-01 6.414490505796346387e-01 7.035544111942684253e-01 7.034585847539136516e-01 6.724021161633109145e-01 6.515364140276754812e-01 7.816720426545549216e-01 7.805953307421442666e-01 7.982181414846047929e-01 7.864424039919239995e-01 8.163106864253775186e-01 8.318981064384275426e-01 8.187263411615894881e-01 7.717478059955660274e-01 7.872831501982270330e-01 7.996385954808076235e-01 8.079504727612183412e-01 8.186407485061717448e-01 8.093967275403763928e-01 8.310283796521721333e-01 7.743859839706811465e-01 8.261714647327024208e-01 8.264562865250023593e-01 8.303114627323429087e-01 8.354603752657798754e-01 8.300839658388796671e-01 8.336815942110150646e-01 8.444950330448621756e-01 8.467549981670057235e-01 8.425792924189021704e-01 8.030189334507167320e-01 8.288650705467427438e-01 8.061389682479703778e-01 8.338851283999628716e-01 8.427714299250234076e-01 8.310332163166852526e-01 8.248963354211271692e-01 8.255542882967169538e-01 8.402878693643307528e-01 8.329855897115270302e-01 8.494470549576406126e-01 8.452412528394520619e-01 8.425511639299401168e-01 8.352338270588018920e-01 8.384972099759967490e-01 8.376316511620943706e-01 8.429721907070749642e-01 8.469175917359033079e-01 8.391570535858144941e-01 8.444844436496775630e-01 8.354080802752916757e-01 8.305156780019953278e-01 8.374169472065492448e-01 8.295800752390591892e-01 8.149040412533715694e-01 8.449033709589834906e-01 8.451487265428977436e-01 8.425302043152670395e-01 8.385894217880293100e-01 8.438321926750472768e-01 8.473994402155909933e-01 8.443197307102253690e-01 8.487016293053341043e-01 8.444026822286907485e-01 8.426918512180417986e-01 8.405021734225071040e-01 8.413463705431694084e-01 8.447730147101021325e-01 8.456107510717293385e-01 8.488735421202540099e-01 8.454725298471955641e-01 8.377833956764469958e-01 8.475237176153065377e-01 8.455323695444904031e-01 8.457078585791184544e-01 8.533939140649302590e-01 8.518950404688674372e-01 8.358199418784953982e-01 8.407094391165043090e-01 8.501107904931676229e-01 8.471396792575750512e-01 8.473868531980416341e-01 8.480983308998920611e-01 8.479197168540020257e-01 8.500004042836354357e-01 8.470506870428383683e-01 8.469652183134999124e-01 8.508265584863626829e-01 8.500130604502329490e-01 8.484191153446253297e-01 8.521988837157917773e-01 8.472628921279435898e-01 8.519305717411859158e-01 8.511990574909635843e-01 8.516643932237618619e-01 8.501440079454206655e-01 8.504768333237081590e-01
