1.000000000000000000e+00 1.138592448615607933e-01 1.778533116489350308e-01 1.165855818273785899e-01 2.054778181107666524e-02 -1.332123228860931582e-02 2.768232218949136236e-02 1.132049100031550376e-01 1.343588117223547818e-01 1.391411285473626858e-01 9.348238564057846645e-02 5.215693033891130766e-03 9.108634050819594541e-02 -5.753802833300360924e-04 1.639683422412853073e-02 3.242121655423598620e-02 1.443642319067582336e-01 2.172967687759047584e-01 1.669467757269048336e-01 5.673002298990524606e-02 7.343261017906366206e-02 1.448561823715206198e-01 2.718235249289068789e-01 2.280644963592330932e-01 2.131836029051642767e-01 1.975430902008210865e-01 1.353242454905538295e-01 1.046561988698477552e-01 1.634423128568563144e-01 1.770648390881570944e-01 1.027397834956537415e-01 1.142585294359837883e-01 1.025348028660379857e-01 1.201839681871473969e-01 1.462964426097238535e-01 9.360718888580175923e-02 1.061207380964576674e-01 2.097322623756969415e-02 8.185637134343816401e-02 1.204575469850777472e-02 5.148725654722632189e-02 1.767367336463042740e-02 -4.856449513260081667e-03 8.239175603012105151e-03 6.367131237525595899e-02 2.418498824914675632e-02 2.188580674387399436e-02 4.652027587102206679e-02 4.823545635177425156e-02 3.599986655115787471e-02 6.539716180850567266e-03 1.236619763780738221e-02 2.252674824423207128e-02 8.556355621696483393e-02 8.895003224201064596e-02 8.358900399806411252e-02 8.983438167505973515e-02 4.494467461576143880e-02 3.279320830200456449e-02 7.178340437721077161e-02 2.171874754485133771e-02 5.822689416565856452e-02 3.824197461209261767e-02 4.802656101832079860e-02 5.779026816705445935e-02 7.121215421405038826e-02 3.963051954376006769e-02 6.296234281647422604e-02 6.693244070065947071e-02 2.062465442485469924e-02 3.127728509927858724e-02 6.680187099055744093e-02 7.128311151541177892e-02 7.494952153033136721e-02 5.719655820119428496e-02 5.565696456351464788e-02 4.089061899661378813e-02 6.591493205039170022e-02 5.623524228719987278e-02 6.307621182025750783e-02 7.026151940031055698e-02 4.152342000014297430e-02 7.290398118515541148e-02 5.572861577187768201e-02 2.528087320470700367e-02 5.023236033632376418e-02 3.719316984316026892e-02 1.585433573364144685e-02 2.832419028502269204e-02 4.504689867781205143e-02 9.483480031171782898e-03 8.702186409971710002e-03 1.950480565566218780e-02 2.015612428994855224e-02 9.825662898780724089e-03 2.737319763044468793e-02 -4.394956617634464616e-03 4.904024004827078898e-02 1.710858785473766408e-02 1.359022456039342755e-02 -6.950988692912042806e-03 2.644069035369013207e-02 1.933042334348128791e-02 4.654530000170582771e-03 2.164152675703133813e-02 5.225265234611490422e-02 3.145908793578199719e-02 3.391008854503157338e-02 5.331122639444484113e-02 2.839480667513439444e-02 2.449476144206753220e-02 2.757571192689391507e-02 2.639556191777288688e-02 3.190149313988184521e-02 4.209315207777030582e-02 4.569425454174060042e-02
1.138592448615607933e-01 1.000000000000000000e+00 1.055936180442262617e-01 1.410825469609339744e-01 7.525821065333446191e-02 9.248434170770981899e-02 1.380421718810917464e-01 1.591583910649918276e-01 1.872074097117518987e-01 2.153960612433235000e-01 1.792881467671951778e-01 1.591245435749367720e-01 1.485051967091509384e-01 1.325318517679412167e-01 1.753294979328574310e-01 1.615248440610362601e-01 1.923940796503721962e-01 1.770164558978563341e-01 1.947847616838771778e-01 9.595067644787969030e-02 1.289237456027859940e-01 1.884160191992523825e-01 1.875038337783815623e-01 1.867787488117386152e-01 1.934423996803828205e-01 2.050286969050846009e-01 1.985902566749639109e-01 1.745122695307518568e-01 1.785301375540818969e-01 2.194206141428154122e-01 1.988327209526610795e-01 1.927815635700725616e-01 1.722414752327373066e-01 1.866799823905977707e-01 2.043293570269411608e-01 1.720514802552860489e-01 1.922174135644356963e-01 1.660892630526947245e-01 1.826081400995854254e-01 1.577676976722106883e-01 1.805938091520493949e-01 1.662263649037102053e-01 1.317662467489944256e-01 1.596631770040702336e-01 1.801445011120164641e-01 1.692636433914802563e-01 1.716166060666107218e-01 1.858811578127871345e-01 1.773409527542186004e-01 1.507398189679534373e-01 1.575286166924648457e-01 1.241170340952097856e-01 1.491460233410757674e-01 1.896043338832653358e-01 1.876817071691750105e-01 1.914443492700833305e-01 1.715758822216420232e-01 1.786492548025106764e-01 1.798341885592043832e-01 1.713923045875920259e-01 1.524251374032734863e-01 1.757679611547103282e-01 1.690934821454294079e-01 1.631506589149810671e-01 1.756804538430598583e-01 1.701806988235542439e-01 1.811781185717333820e-01 1.816199151181832061e-01 1.837781448806349027e-01 1.641213458551985527e-01 1.733282904598243412e-01 1.814926228784476681e-01 1.824517157497459463e-01 1.839486094886563228e-01 1.824925305973440770e-01 1.856459467700163624e-01 1.732921566671765945e-01 1.857347889412699349e-01 1.830877203137966924e-01 1.941984646841441176e-01 1.938065170300096174e-01 1.839494619738143155e-01 1.904777373206394675e-01 1.873442191529588463e-01 1.604363356552152564e-01 1.808603531619124294e-01 1.776861672832173167e-01 1.731841940519619205e-01 1.766589974911691452e-01 1.812246331409877453e-01 1.661833471589206912e-01 1.712152249061837661e-01 1.750661052257296291e-01 1.751947332609233576e-01 1.753117612493579613e-01 1.790466499667781874e-01 1.483097156084091928e-01 1.590353689540789373e-01 1.610280270307856421e-01 1.594216181768798590e-01 1.555051605076889498e-01 1.715857216836926269e-01 1.626383682409437148e-01 1.653436114129224477e-01 1.609106181222117737e-01 1.726570669888747578e-01 1.747478438137463619e-01 1.862034131701504613e-01 1.841146710668370157e-01 1.761680625166719416e-01 1.837724996341835726e-01 1.726351513625541123e-01 1.768580120604737183e-01 1.693372064211329797e-01 1.740365048745260712e-01 1.732009416701920934e-01
1.778533116489350308e-01 1.055936180442262617e-01 1.000000000000000000e+00 3.637673878935048788e-01 2.126644563931298082e-01 2.108650276513025779e-01 3.399285257132257376e-01 3.847567687948119097e-01 3.635826589328323144e-01 3.538566984565645335e-01 3.737277619600892220e-01 3.641911244700795636e-01 3.576722693127794006e-01 3.026867091892659345e-01 3.751787480419412901e-01 3.696905801710816397e-01 3.585338915554419081e-01 4.186372775566207793e-01 4.117637937248219138e-01 2.979005200822619215e-01 3.742822301711845601e-01 4.099535320479213429e-01 4.253744502044865539e-01 4.212352530862834565e-01 4.342175857527285077e-01 4.321001244666701213e-01 4.236740996977750862e-01 4.135403793262618644e-01 4.107936348672512894e-01 4.288885208303576668e-01 4.140709626314226788e-01 4.227090294954231053e-01 4.212479680385425862e-01 4.117317160271339871e-01 4.297732475271862640e-01 3.900856847847913311e-01 4.154968786542393433e-01 3.923931065410991570e-01 4.120238913030513372e-01 3.970637560182859183e-01 4.013343482370166915e-01 3.956888174949761972e-01 3.871686840129935359e-01 3.796794821099473971e-01 3.986959211734136810e-01 3.916996210794742028e-01 3.736455081932125166e-01 3.857256075015585428e-01 3.795886036111216777e-01 3.807592532336158686e-01 3.720905848148433614e-01 3.597552570830027108e-01 3.717712813433542429e-01 3.881965078589887375e-01 3.969988213229267426e-01 4.130396871766272016e-01 3.767033301539128853e-01 3.854129177500756342e-01 3.777490313524864418e-01 3.812838017104024368e-01 3.781484352530631310e-01 3.792608426517902753e-01 3.765386174107398509e-01 3.670659057882385556e-01 3.724032456480675934e-01 3.768509646268567992e-01 3.812646438084993372e-01 4.033026043846472120e-01 4.060666338950754684e-01 3.794709026158371579e-01 3.896593441233882626e-01 4.016579005536498048e-01 4.066897784560742912e-01 4.079370931342705675e-01 3.964010678766352602e-01 3.975673877007984691e-01 3.939506962909450904e-01 3.916254294082923693e-01 3.968801939910817089e-01 3.952811530834303699e-01 4.025479596043033403e-01 3.959440063538687271e-01 4.033491363459356105e-01 3.989786589118785587e-01 3.916954008087551453e-01 3.969469884703962781e-01 3.947045653707543789e-01 3.878285966586421663e-01 3.912597251597032533e-01 4.013649736409014013e-01 3.921461104063015402e-01 3.815603076273241245e-01 3.861571172678359698e-01 3.877701159078485449e-01 3.701741439758636787e-01 3.773769293260366697e-01 3.699365114148902567e-01 3.764389403330923867e-01 3.734974461160369130e-01 3.770645786417078371e-01 3.779805028871774386e-01 3.816654049919289138e-01 3.772826211182576661e-01 3.765224578877274242e-01 3.790318138657804981e-01 3.808123980717696422e-01 3.739171898331606347e-01 3.828881782057368954e-01 3.910652504597843526e-01 3.790775998109161549e-01 3.828272251418358696e-01 3.694244944865238134e-01 3.760082754410011829e-01 3.747039894691797102e-01 3.823115982056328188e-01 3.768714668271331281e-01
1.165855818273785899e-01 1.410825469609339744e-01 3.637673878935048788e-01 1.000000000000000000e+00 3.579356752237075612e-01 4.031907972453240285e-01 6.102697356348631974e-01 5.805808569990296153e-01 5.645759254623454737e-01 5.076137182027894434e-01 5.888844020095987952e-01 6.374771410171131691e-01 5.789374259828087288e-01 4.744943728761626955e-01 6.384435258450471551e-01 6.106743891920788370e-01 5.505495218143245939e-01 5.865155276923055272e-01 5.596204107793506521e-01 5.940063810930904520e-01 6.226181545890808744e-01 5.951101848600165445e-01 5.142538724109985138e-01 5.534287479346501337e-01 5.631848575457762962e-01 5.986593951534586733e-01 5.928486140560965678e-01 6.087571123495678638e-01 5.755264521390638377e-01 5.759529290887492881e-01 5.964633298695141139e-01 6.308917841107212210e-01 5.959293982488446106e-01 6.121829348680352112e-01 5.957719507394981795e-01 5.955111202308935869e-01 6.121243622130752016e-01 6.230362793929374865e-01 6.321474891791950546e-01 6.302560222545199320e-01 6.295346268980348547e-01 6.371084571032413768e-01 6.243056099414625582e-01 6.275156721580765762e-01 6.256284446913855657e-01 6.230960508042526769e-01 6.026401864866157698e-01 6.071823019701427793e-01 6.016379077388063212e-01 6.166015211566616694e-01 6.151073455462238160e-01 6.172141966599855589e-01 6.203036901832690297e-01 5.970472533990770492e-01 5.911916954453397821e-01 6.184693436613752926e-01 5.767261054460702807e-01 6.093800870445901241e-01 5.897724846850068703e-01 5.953785247255419799e-01 6.055456734991191414e-01 5.808786963979042373e-01 5.842052963066159954e-01 5.910502471417818926e-01 5.971171615053143533e-01 5.928891764260948438e-01 6.119007606634986329e-01 6.178512200732197979e-01 6.271046435732836599e-01 6.452269891116543254e-01 6.182037507058291137e-01 6.125397058047182819e-01 6.211471633356931976e-01 6.111091737812398561e-01 6.230869855612645170e-01 6.206113594795343857e-01 6.252520072114784444e-01 6.103447118271190242e-01 6.286757352585855552e-01 5.989376717671003325e-01 6.110697137255889366e-01 6.079439807345514701e-01 6.300538062370166781e-01 6.134127570245099248e-01 6.216295940507566842e-01 6.178719531565551870e-01 6.188175021075864590e-01 6.312513257064583660e-01 6.253031738931994488e-01 6.413343395844683936e-01 6.317881168240535583e-01 6.252168322380657894e-01 6.189162047371910003e-01 6.258915532861459852e-01 6.018555868367548856e-01 6.088329735065920456e-01 6.204702985955149463e-01 6.095238348975294818e-01 6.120601757533260523e-01 6.214765486751941959e-01 6.288645106464358925e-01 6.210687418588933806e-01 6.206535398018014904e-01 6.188604369933810023e-01 6.227817948758548328e-01 6.106852362514583188e-01 6.084425635627555007e-01 6.112879392761282338e-01 6.191356637321940859e-01 6.141878077851721240e-01 6.211453438213860867e-01 6.024045139845166652e-01 6.065377133583087499e-01 6.088351006264005605e-01 6.084613856799484521e-01 6.094755482927916024e-01
2.054778181107666524e-02 7.525821065333446191e-02 2.126644563931298082e-01 3.579356752237075612e-01 1.000000000000000000e+00 3.177125832607702316e-01 4.514702075200104359e-01 4.518505725378892945e-01 4.565448252769132020e-01 4.146602780945124467e-01 4.566160109841101988e-01 5.160542799067072695e-01 5.128608505630612990e-01 4.169753469526694678e-01 5.067281691665496135e-01 5.106474068367889974e-01 4.591244667105594535e-01 4.325146647449419346e-01 4.207261156087481191e-01 4.094819709458719648e-01 4.746807661292830605e-01 4.663690626665350503e-01 3.648447752783551823e-01 3.954550118490331445e-01 4.217708026192640292e-01 4.417832429574882203e-01 4.532439407094780992e-01 4.347818717564186364e-01 4.344340771865102813e-01 4.696362609072304295e-01 4.867745800097664222e-01 4.845093006667447466e-01 4.092737902802653371e-01 4.632659279301205024e-01 4.423826227230623909e-01 4.657459750039165125e-01 4.795662064362011812e-01 4.732185466575988819e-01 4.965808784347152116e-01 4.334296286910900298e-01 4.990004642469920704e-01 5.036167457720182039e-01 5.041062045033741779e-01 5.222113807241375305e-01 5.040512696155801109e-01 5.109921628028177842e-01 5.212402241283767834e-01 5.189333143724391695e-01 5.133246940278911596e-01 4.731946165400206517e-01 5.013838407661453944e-01 4.972601355284768099e-01 5.254428472949793649e-01 5.168188842620015100e-01 4.999843314555591500e-01 4.911279769238391379e-01 5.000604741790216634e-01 5.232011105477524238e-01 5.084920190172098620e-01 5.380608240041852008e-01 5.244810300946631809e-01 5.193850866479214901e-01 5.069099610254503840e-01 5.103990755461114137e-01 5.185872159425667371e-01 5.242112390516605602e-01 5.190538467547443080e-01 5.130453726657526747e-01 5.158255426178898206e-01 5.231280832132617631e-01 5.144594339748115308e-01 5.094575900629070286e-01 5.016292451539815511e-01 4.909995828143186025e-01 5.100023810478305775e-01 5.099870813994812346e-01 5.029026870179906794e-01 5.004060188752752492e-01 5.096840937280867623e-01 5.045657857799967783e-01 5.003418846006210119e-01 5.129412011237715063e-01 5.047549429685065370e-01 5.036244128329219194e-01 4.930763288990132609e-01 5.037685974640259134e-01 5.031738779722032540e-01 5.018441237165306434e-01 5.103947996292895750e-01 4.993754887869716330e-01 4.906690710830182711e-01 5.149631772351099812e-01 5.099838925250144150e-01 5.155850773771432083e-01 5.163045692816914389e-01 5.206737930985431140e-01 4.837111186587128575e-01 5.048292237904051794e-01 5.104526637028867775e-01 5.055511677130808401e-01 5.075331510246038347e-01 5.121574281134284590e-01 5.217778251907220222e-01 5.211516481678606372e-01 5.132183718988820864e-01 5.114907686103724593e-01 5.156964636023059212e-01 5.197286899866015997e-01 5.159361126507547857e-01 5.222170157926842027e-01 5.137920896241009450e-01 5.291860949601311370e-01 5.169589117549924229e-01 5.179941700686682138e-01 5.209554118240002918e-01 5.264596239739189887e-01
-1.332123228860931582e-02 9.248434170770981899e-02 2.108650276513025779e-01 4.031907972453240285e-01 3.177125832607702316e-01 1.000000000000000000e+00 5.277749797556691158e-01 5.037173271776871353e-01 5.195169622992299452e-01 4.820970243130288657e-01 5.288211270990696988e-01 5.585846019500051440e-01 5.207167563757334472e-01 4.650816026084824140e-01 5.823695170642858576e-01 5.584323131620529956e-01 5.103434189674138644e-01 4.849821609347370610e-01 5.229611046175636213e-01 4.072886041734956053e-01 5.120042696106453795e-01 5.442703624118061523e-01 4.428722769471027387e-01 4.646344943689837970e-01 5.030612820001558738e-01 5.290672235661642020e-01 5.448313984122236109e-01 5.561420493828918010e-01 5.441303458456143716e-01 5.263084861788084323e-01 5.579812855373501579e-01 5.640460419560017202e-01 5.393697852027052875e-01 5.426024014530108630e-01 5.408709006466101421e-01 5.457000689965929574e-01 5.573768507499997638e-01 5.726914739599826554e-01 5.743855049295237825e-01 5.627729755724886207e-01 5.850630507713122652e-01 5.915701182780831457e-01 5.696707764604099777e-01 5.916798432387332385e-01 5.825936421544279931e-01 5.793221533765247067e-01 5.814479730392240198e-01 5.823606229790048161e-01 5.718936968175234448e-01 5.580270902864911120e-01 5.737333454603600336e-01 5.584092319277665917e-01 5.788282229442631710e-01 5.702519697146337663e-01 5.589438445497922903e-01 5.718884891893687428e-01 5.398682013745385033e-01 5.749519008263551667e-01 5.640966317313903522e-01 5.642801008897737614e-01 5.768148648077806584e-01 5.564831743161783306e-01 5.580140286388295401e-01 5.651674882436087399e-01 5.664234478264279504e-01 5.592434050905193965e-01 5.869481639574898324e-01 5.857830586879148038e-01 5.853555326924892999e-01 5.764513175725577421e-01 5.881021443526747161e-01 5.839729771537555125e-01 5.735580683845155070e-01 5.793262659287022887e-01 5.854134038639725590e-01 5.885715235889833474e-01 5.926978590781736278e-01 5.933444020228219040e-01 5.897312010012982775e-01 5.765244925649177787e-01 5.794049681488450121e-01 5.824252138678795987e-01 5.845157146591697384e-01 5.861515292889727391e-01 5.868303801140352105e-01 5.808367884931130432e-01 5.896547423383557973e-01 5.926367130225058677e-01 5.941132278826426472e-01 5.830788135587179344e-01 5.944200278598549270e-01 5.960034402487176530e-01 5.917330192227721053e-01 5.920587172231726036e-01 5.838659637911588485e-01 5.863359624232145073e-01 5.788801063072690489e-01 5.710891588581199496e-01 5.856158237752795426e-01 5.868119542208934947e-01 5.906192282251957471e-01 5.839067522698869750e-01 5.852911457790996863e-01 5.917683396498535364e-01 5.887454968293647228e-01 5.729983737372531527e-01 5.820514313037778997e-01 5.886314795494888008e-01 5.833562507054708135e-01 5.857531045629372768e-01 5.821405317095412757e-01 5.823326541861496564e-01 5.809212788193237609e-01 5.843496103276941689e-01 5.847574679515989970e-01 5.776988128249177512e-01
2.768232218949136236e-02 1.380421718810917464e-01 3.399285257132257376e-01 6.102697356348631974e-01 4.514702075200104359e-01 5.277749797556691158e-01 1.000000000000000000e+00 7.358120655419819744e-01 7.063403377937400585e-01 6.695846798084311713e-01 7.423904128114364731e-01 8.057540771464406504e-01 7.239552593469994468e-01 6.599120286487963893e-01 8.561916712939372509e-01 8.063611835500846814e-01 7.029940105095104919e-01 6.981637480205682422e-01 7.120523158522770180e-01 6.552018318499960303e-01 7.510777361500742266e-01 7.520898112880370912e-01 6.289786326369356528e-01 6.645951498462705498e-01 6.987673198502829530e-01 7.555237314602035736e-01 7.603054022830800784e-01 8.118438102622164143e-01 7.567056265588163466e-01 7.322048323889071009e-01 7.825908179254875696e-01 7.971166056281370205e-01 7.823059693510149293e-01 7.681566863880138207e-01 7.709551194274305574e-01 7.590441074429334911e-01 7.984517856381943002e-01 8.277825595490836408e-01 8.140125352708382778e-01 8.269098053476575672e-01 8.166368894794976407e-01 8.396804219711222483e-01 8.146084264563656641e-01 8.308833831853340568e-01 8.115521095755805492e-01 8.307375227052418154e-01 7.952706473435515733e-01 8.027432966087892918e-01 7.910970043198234380e-01 7.876232626326211683e-01 8.054786895231981214e-01 7.737945549956826152e-01 7.896466756296018907e-01 7.856845858711609676e-01 7.786546716202635832e-01 8.114124023864186519e-01 7.500958017319133697e-01 8.040622484137303072e-01 7.943614722657000859e-01 7.736987227468129502e-01 7.907918393159656389e-01 7.719448934697344944e-01 7.729000915351713630e-01 7.729180876593222393e-01 7.774325857065638168e-01 7.703761925485492768e-01 8.027454901820230138e-01 8.068710279247188755e-01 8.121571939391528661e-01 8.213209674139043681e-01 8.109680953199825959e-01 8.025809114759863139e-01 8.024921420450493725e-01 7.956039836624557715e-01 8.157466298902888990e-01 8.123125140774988262e-01 8.315188912372707408e-01 8.163656556113288998e-01 8.197068689320353707e-01 7.878722782890287268e-01 7.994989775562678647e-01 8.013169034582948713e-01 8.119444736963150611e-01 8.115861253070724146e-01 8.080474791663027068e-01 8.034205680923018900e-01 8.192552413053266758e-01 8.282988159173156895e-01 8.205993402950849669e-01 8.281855241762101638e-01 8.368597874995180597e-01 8.245114147115957248e-01 8.183396191675119669e-01 8.282546143512298231e-01 8.016236031166344977e-01 8.036648650377525849e-01 7.975328927715051863e-01 7.817463353905120815e-01 8.000056834790466587e-01 8.093464410978428170e-01 8.211034494174863640e-01 8.053809764812736027e-01 8.066500665961601202e-01 8.136159872760142520e-01 8.079969119953791523e-01 7.858657671802363742e-01 7.965002022077040111e-01 8.052780578182331395e-01 8.086768219076443387e-01 8.052891793490956074e-01 8.128326140637107677e-01 7.925448438977870103e-01 7.987186090789847315e-01 7.975464108161267607e-01 7.978115049601095521e-01 7.915356328297720179e-01
1.132049100031550376e-01 1.591583910649918276e-01 3.847567687948119097e-01 5.805808569990296153e-01 4.518505725378892945e-01 5.037173271776871353e-01 7.358120655419819744e-01 1.000000000000000000e+00 7.179986665967026394e-01 6.614958248183103739e-01 7.380405253457389403e-01 7.831846061001902504e-01 7.531613146360389699e-01 6.370220120317487966e-01 8.060030054546669653e-01 8.172985335676701268e-01 7.130112460562185728e-01 7.412517005719355678e-01 7.258187727579754611e-01 6.303216348000637570e-01 7.747891908112211068e-01 7.701151360253848388e-01 6.714747158114797720e-01 7.004189178701637486e-01 7.321053901128716790e-01 7.666060558291465377e-01 7.669281861905856701e-01 7.612668541408478262e-01 7.516833370124073044e-01 7.613109303301837105e-01 7.744912941691134423e-01 8.036352920474930661e-01 7.389526222322948534e-01 7.701876581536142297e-01 7.582203053407136073e-01 7.693869312957059003e-01 7.728893676289807502e-01 8.056023626110728753e-01 8.065757218044484755e-01 7.697562464034435337e-01 7.963323837119119508e-01 8.096859786832588668e-01 8.048016602154985932e-01 8.058509995404744553e-01 7.940396632640386310e-01 8.069360815879580429e-01 7.843569557707854578e-01 7.930683377642080423e-01 7.960953017019788414e-01 7.944751312434453761e-01 8.019186712520379734e-01 7.680391963532068322e-01 7.927538212872070611e-01 7.995583008741787845e-01 8.083464246352073390e-01 8.136310887519038193e-01 7.954424281739629343e-01 8.063658500997159528e-01 8.027805214891008401e-01 7.905009129388005373e-01 8.068026695785961433e-01 8.013427472039624799e-01 8.075682038420355369e-01 7.926356586392733217e-01 7.721625333609329900e-01 7.899135719121418431e-01 7.886298617773109809e-01 8.038922543858465497e-01 8.083100419607587295e-01 8.008384438234940061e-01 8.010215442221815252e-01 7.971014496995606491e-01 7.974773570269600986e-01 7.879126918467896923e-01 8.030814659138801881e-01 7.951646658500993725e-01 7.948027178302135010e-01 7.926666148948408042e-01 8.017943473298700940e-01 7.805242192346575347e-01 7.855332970261197367e-01 7.836676272435020296e-01 8.028816676909373840e-01 7.908299750620307877e-01 7.952074209479876865e-01 7.919308902771206027e-01 7.898984726797395606e-01 8.000858292665253835e-01 7.979411272941209221e-01 8.050004903306002824e-01 7.896482538815340346e-01 7.948381617244613118e-01 7.894206801164641574e-01 7.989438846460086285e-01 7.787912286647168392e-01 7.895220474059817528e-01 7.808338258051780167e-01 7.940527232705042460e-01 7.923183240697546648e-01 7.956853939001756748e-01 7.943279201850381721e-01 8.023183362810604180e-01 7.905547646827951747e-01 7.957103209872409266e-01 7.944542225814842373e-01 7.960517683821912716e-01 7.916085032575967961e-01 7.918495616932201830e-01 8.040662443239867674e-01 7.939835531709144023e-01 7.993746055561684605e-01 7.823785878275739680e-01 7.939086148209324456e-01 7.956569819391454690e-01 7.868031628736059657e-01 7.904303580663858408e-01
1.343588117223547818e-01 1.872074097117518987e-01 3.635826589328323144e-01 5.645759254623454737e-01 4.565448252769132020e-01 5.195169622992299452e-01 7.063403377937400585e-01 7.179986665967026394e-01 1.000000000000000000e+00 7.901952056744506736e-01 8.130591777389342134e-01 8.303881454877559687e-01 7.958211752256250104e-01 6.884659101520804736e-01 8.457072739949512696e-01 8.401896470350441737e-01 8.230893355989595817e-01 7.599805750660332260e-01 8.043280530337497680e-01 5.997332280814322569e-01 7.583893764874797272e-01 8.447221677558435227e-01 7.148509966109747316e-01 7.491188872770692120e-01 7.869166706755391649e-01 8.240215322158225275e-01 8.389957239858242266e-01 7.924716953913517603e-01 7.799055000382369984e-01 8.521445570960272109e-01 8.655726323691894653e-01 8.624856038776990141e-01 7.816397766526255175e-01 8.406718947673119668e-01 8.367826916202435461e-01 8.233118867136023367e-01 8.554577658921549421e-01 8.285926024564664871e-01 8.701517753425923596e-01 7.774771380682543587e-01 8.737286113393438747e-01 8.466588870474828221e-01 8.039254657059633491e-01 8.603407582254237740e-01 8.748846024013482436e-01 8.510945533571626642e-01 8.872371875746800640e-01 8.948019274149643376e-01 8.852701939441526280e-01 8.219671980522050836e-01 8.470484064723784456e-01 8.010979888804862226e-01 8.571690811818869493e-01 8.865619082740930912e-01 8.727673130546370617e-01 8.678784575057797435e-01 8.630030457741181271e-01 8.782732091718332690e-01 8.682314184752488728e-01 8.888304471222141512e-01 8.713533668985463665e-01 8.745355981469221662e-01 8.627687370962912050e-01 8.734207426349195336e-01 8.855624394917781528e-01 8.813862837233927827e-01 8.894546965629291924e-01 8.879583341086674242e-01 8.896649207129482262e-01 8.692736967083137811e-01 8.822376619619247684e-01 8.907258145658082382e-01 8.778962789667761335e-01 8.760087431339125263e-01 8.858482467823874940e-01 8.863734489168237918e-01 8.715418406110860827e-01 8.741518723686916292e-01 8.816056879633379362e-01 8.897335764126609314e-01 8.862134946866514484e-01 8.878422071653992997e-01 8.917038972451041268e-01 8.804517474802338040e-01 8.632170323709027482e-01 8.836208387781739892e-01 8.788558798423687923e-01 8.732963667282022113e-01 8.806202592813695551e-01 8.720210382077847600e-01 8.571284122535994809e-01 8.748896027553084709e-01 8.805973975098621009e-01 8.781072387251226408e-01 8.841220029166351191e-01 8.892601064150569279e-01 8.395338465086228386e-01 8.715119336549719264e-01 8.768416946774511000e-01 8.704162717715757669e-01 8.548782134692777257e-01 8.797810875925751173e-01 8.783286039897045816e-01 8.757593417658688928e-01 8.745352007519667792e-01 8.810783859499932147e-01 8.876012591088481285e-01 8.899688983261917485e-01 8.888564131392074907e-01 8.883038209405176300e-01 8.808119615228107158e-01 8.885252469432241007e-01 8.838921151801850673e-01 8.838218748916115697e-01 8.885064930562949215e-01 8.897922801861883890e-01
1.391411285473626858e-01 2.153960612433235000e-01 3.538566984565645335e-01 5.076137182027894434e-01 4.146602780945124467e-01 4.820970243130288657e-01 6.695846798084311713e-01 6.614958248183103739e-01 7.901952056744506736e-01 1.000000000000000000e+00 7.587995969428023013e-01 7.626961524595466946e-01 7.314636141602935959e-01 6.403038662229526556e-01 7.897505933958357538e-01 7.767777598857152910e-01 7.592804510823283337e-01 7.291850755741403622e-01 7.771689071583322006e-01 5.429436076051707971e-01 7.006246288019536417e-01 8.021280716857290827e-01 7.108384773896636588e-01 7.253853552627191892e-01 7.631300718042568487e-01 8.066665006311892760e-01 8.045570710219140942e-01 7.612708690834077974e-01 7.630063802496199754e-01 8.272634131268150615e-01 8.282277227091962013e-01 8.110951750841727259e-01 7.501888135799283930e-01 7.830621368995966947e-01 8.087033847835560785e-01 7.591285311783638745e-01 8.146294869444644648e-01 7.737790878793232574e-01 8.087471247471945679e-01 7.295261613445942483e-01 8.197704097648756960e-01 7.895840568802748871e-01 7.391847084594621586e-01 7.949604355352829499e-01 8.168559503229441132e-01 8.011207142096417044e-01 8.209320494975589355e-01 8.330545718735796745e-01 8.242447123306920753e-01 7.474212665673920508e-01 7.750849372908759083e-01 7.075223768600454877e-01 7.810833769888517741e-01 8.353568280149165082e-01 8.280002703443196665e-01 8.249422836801095782e-01 7.998034163967443488e-01 8.210183752489002007e-01 8.163152958585074837e-01 8.223234634265114140e-01 7.994346361057489414e-01 8.191608029867357699e-01 8.027242066958761857e-01 8.026983572975859849e-01 8.129125299426994689e-01 8.113627961860315763e-01 8.258204458637810053e-01 8.312102342611892292e-01 8.325813580452448015e-01 8.002894847912296328e-01 8.212785723875956068e-01 8.316779977569017657e-01 8.222023757240914943e-01 8.247075464106039533e-01 8.301517834586826794e-01 8.318305720272397563e-01 8.147645173220171566e-01 8.227722167858607660e-01 8.259221983470940165e-01 8.402225943783719897e-01 8.365022983749291763e-01 8.314529531345461466e-01 8.297995910153271870e-01 8.281110019750789197e-01 7.942964187934812292e-01 8.210679315953927082e-01 8.184826957041104745e-01 8.090199815252350213e-01 8.177566843697451349e-01 8.155332831008927919e-01 7.961384636875549203e-01 8.121828849248420301e-01 8.165085830444370751e-01 8.166100347856060093e-01 8.207661035805565719e-01 8.263496288463615391e-01 7.643850805556381411e-01 7.945683643608116853e-01 8.060031618628848982e-01 7.987297349363724486e-01 7.836674061514137257e-01 8.101352055626263038e-01 8.058920241281775088e-01 8.064380275971447798e-01 7.989735239320993054e-01 8.162831644495610606e-01 8.225777286594369020e-01 8.287757169737031138e-01 8.314749893277748605e-01 8.222378617589142236e-01 8.220332643371940362e-01 8.197128448510605514e-01 8.210666070812283612e-01 8.133099319756483814e-01 8.204881472807638021e-01 8.187003464553065379e-01
9.348238564057846645e-02 1.792881467671951778e-01 3.737277619600892220e-01 5.888844020095987952e-01 4.566160109841101988e-01 5.288211270990696988e-01 7.423904128114364731e-01 7.380405253457389403e-01 8.130591777389342134e-01 7.587995969428023013e-01 1.000000000000000000e+00 8.450419674909616097e-01 7.789323798422193024e-01 6.921885561106039253e-01 8.619620578250157816e-01 8.424111846530423220e-01 7.913483174063529191e-01 7.674055762022469196e-01 8.096649522750918315e-01 6.078254682252283159e-01 7.710771958862063791e-01 8.423036461192725532e-01 7.310321840290885387e-01 7.587586397964832807e-01 8.043507557347814307e-01 8.414306451538681175e-01 8.536287802236479649e-01 8.213092680148101898e-01 7.942078038470387069e-01 8.509200197892544670e-01 8.791103462709202176e-01 8.697299348659850438e-01 8.172271102831969447e-01 8.524509120683375629e-01 8.502264374572866545e-01 8.377800123579862701e-01 8.708816311665803500e-01 8.559584699308806499e-01 8.815080798514401961e-01 8.288954156333862011e-01 8.854095009904432434e-01 8.721091021858651260e-01 8.381294243845139880e-01 8.739852480584172634e-01 8.845576429598271950e-01 8.683084535399592241e-01 8.799973202705161368e-01 8.849534519829814760e-01 8.835631328979373089e-01 8.500625863237891711e-01 8.646292020161415737e-01 8.194637411985794540e-01 8.619361243021503860e-01 8.766485948877235090e-01 8.722236259056928009e-01 8.806669412631346061e-01 8.561762601449510734e-01 8.769592459999405731e-01 8.681175343503332309e-01 8.726234651022897193e-01 8.730438437937959595e-01 8.656781564280385810e-01 8.621823644629986738e-01 8.697030749974361541e-01 8.687380163940551236e-01 8.663083422228817776e-01 8.857516859442072787e-01 8.922650769086220013e-01 8.930722184586347145e-01 8.690326756405082342e-01 8.879393113297791018e-01 8.926440934276077543e-01 8.826408276572391687e-01 8.868507001982078863e-01 8.916294697253677182e-01 8.904210342010483448e-01 8.804196589369992498e-01 8.799774014683496848e-01 8.905695976518900325e-01 8.900644619946724845e-01 8.915786196233435046e-01 8.886774868396034588e-01 8.947515643149107634e-01 8.916975177660527718e-01 8.823529138016588114e-01 8.886439958976944942e-01 8.896394642363569805e-01 8.882134221330078017e-01 8.912975894405318344e-01 8.865174651579976750e-01 8.823942369469212066e-01 8.855541218242217738e-01 8.873232984034116200e-01 8.878947246867829879e-01 8.823062402780381674e-01 8.866714942744572392e-01 8.645532866764790159e-01 8.723701909382461928e-01 8.817141983881320311e-01 8.823447716369124949e-01 8.747274823395373433e-01 8.839401872169821983e-01 8.799810960555555228e-01 8.835857396289311660e-01 8.821140455889187049e-01 8.780530601959105619e-01 8.853610593239800153e-01 8.878593406406257715e-01 8.895094891682825411e-01 8.854952558282477293e-01 8.847248942024497076e-01 8.801567912831469442e-01 8.822990885649627524e-01 8.837192536412524779e-01 8.831742657175249978e-01 8.797363812776480829e-01
5.215693033891130766e-03 1.591245435749367720e-01 3.641911244700795636e-01 6.374771410171131691e-01 5.160542799067072695e-01 5.585846019500051440e-01 8.057540771464406504e-01 7.831846061001902504e-01 8.303881454877559687e-01 7.626961524595466946e-01 8.450419674909616097e-01 1.000000000000000000e+00 8.376125197526906874e-01 7.550009206655918792e-01 9.204255259429051650e-01 9.048057796140897002e-01 8.183231723878829911e-01 7.537173888223916984e-01 7.901620250183728489e-01 6.971794892595087889e-01 8.339963359412799759e-01 8.557376454050984460e-01 6.688933338704139420e-01 7.203868686834369317e-01 7.679383776140361606e-01 8.302642319207301780e-01 8.579200876198379566e-01 8.373630378238587912e-01 8.018104878455737383e-01 8.397914789032008276e-01 8.932878830203454523e-01 8.913036213094581717e-01 8.175832615212117460e-01 8.632336968856262338e-01 8.397606322007084012e-01 8.616328911877936259e-01 8.843885686086487841e-01 8.974337068485493951e-01 9.126513666210528397e-01 8.633020362976302486e-01 9.218521396743869500e-01 9.209175425511268998e-01 8.959315160718063220e-01 9.339818658975758137e-01 9.157944934248872793e-01 9.194444055415651462e-01 9.329374714293739990e-01 9.311472770793853826e-01 9.284161266633261800e-01 8.921421884574609606e-01 9.196506077422894609e-01 8.867212268008656251e-01 9.249284189077285889e-01 9.136760701009929431e-01 9.037135915017234788e-01 9.027383650614015931e-01 8.988820777750399227e-01 9.280721944455379013e-01 9.165235802833445744e-01 9.246996177054076504e-01 9.338175321490825853e-01 9.168206492239764360e-01 9.156264137649339219e-01 9.214033415001119387e-01 9.217456243896998691e-01 9.210992021205957059e-01 9.334967919621411925e-01 9.257754292031258325e-01 9.272803422396905804e-01 9.370543945096245775e-01 9.343404281925420385e-01 9.248142552880010969e-01 9.098083776424888969e-01 9.046891429519307026e-01 9.318646662363027078e-01 9.299710559907963248e-01 9.261872012620611105e-01 9.178878786023514369e-01 9.284494133441242303e-01 9.189403593812036641e-01 9.174540208295727250e-01 9.280065175772841402e-01 9.282383583155303652e-01 9.230922267563909100e-01 9.208760236635563645e-01 9.226473992281453151e-01 9.286614144310214591e-01 9.343902387078433236e-01 9.355338492803459971e-01 9.281429023506745368e-01 9.263974687878564485e-01 9.375230305655783969e-01 9.346428397500518015e-01 9.390196767024540092e-01 9.347908681580648915e-01 9.360789965670289758e-01 9.138934855329335916e-01 9.205917247391846026e-01 9.326964869401231928e-01 9.314638253011998659e-01 9.292016722044603716e-01 9.356750429020129767e-01 9.379250887555774518e-01 9.403209846803378680e-01 9.353397525877182872e-01 9.267413118034887320e-01 9.353087889480000694e-01 9.332865070222423620e-01 9.326426631661809408e-01 9.380749223622445454e-01 9.334591814066817150e-01 9.357165322328293566e-01 9.339170342248414025e-01 9.349538412845482815e-01 9.334736966280045012e-01 9.334099698360535102e-01
9.108634050819594541e-02 1.485051967091509384e-01 3.576722693127794006e-01 5.789374259828087288e-01 5.128608505630612990e-01 5.207167563757334472e-01 7.239552593469994468e-01 7.531613146360389699e-01 7.958211752256250104e-01 7.314636141602935959e-01 7.789323798422193024e-01 8.376125197526906874e-01 1.000000000000000000e+00 6.860969418186451119e-01 8.457887024118260211e-01 8.477349953931336835e-01 7.827009927378394405e-01 7.403211696644799167e-01 7.567375741001653999e-01 6.344256578745245401e-01 7.697393221864569091e-01 8.010247212794362470e-01 6.646217700787931948e-01 7.031375275935660696e-01 7.455732593460695501e-01 7.943750929122675997e-01 8.071768726665716764e-01 7.765667332201808826e-01 7.670282457488581951e-01 8.059607550699809941e-01 8.283521315267957652e-01 8.287939593259519011e-01 7.537112621426448333e-01 8.015497408646506949e-01 7.921243899596854821e-01 8.083569146346427647e-01 8.233394926430507299e-01 8.113618100067776506e-01 8.462934546365251665e-01 7.685757680533671365e-01 8.507252131989287980e-01 8.430961456262229259e-01 8.253059629338777015e-01 8.526750566710350476e-01 8.508044692133974740e-01 8.456895512399297266e-01 8.601524836378706684e-01 8.634029341011046910e-01 8.601463398667998916e-01 8.137634677555681817e-01 8.359650836121464978e-01 8.140529321970675358e-01 8.546147227417708603e-01 8.624050466797116288e-01 8.489151382849170480e-01 8.402733511175503045e-01 8.459531191375370129e-01 8.607718344949546463e-01 8.448764422618605385e-01 8.765794984311139348e-01 8.666941231972254966e-01 8.597431603429581681e-01 8.511163515800620472e-01 8.557700185107397495e-01 8.544460472496008263e-01 8.641780599390416207e-01 8.610078335269588656e-01 8.611205318162726829e-01 8.633621224953208495e-01 8.586136704880512616e-01 8.571614740405884003e-01 8.587536146059515652e-01 8.478179195049651007e-01 8.400030872615472655e-01 8.619266067176307722e-01 8.591196840877770580e-01 8.523817780928207855e-01 8.505035398144252801e-01 8.589231399004220169e-01 8.524081536617631460e-01 8.493161302126285284e-01 8.558963528601524207e-01 8.578310001273503627e-01 8.490807313148771573e-01 8.393921686009844230e-01 8.510238825284509590e-01 8.524701377154655368e-01 8.507189791384630606e-01 8.582685022953225884e-01 8.500183071836961979e-01 8.384036962286242067e-01 8.558615443383472687e-01 8.549967395183664109e-01 8.588144896060508904e-01 8.570415854964190672e-01 8.630341946304910250e-01 8.249803246585957206e-01 8.502494627331556032e-01 8.549295093839556214e-01 8.495181075825257722e-01 8.470150351979491843e-01 8.592700480683170827e-01 8.629013091833623861e-01 8.620318336303928186e-01 8.575098784174584043e-01 8.623816066722341800e-01 8.621037768196989637e-01 8.634130646201227943e-01 8.661176128122481943e-01 8.657677450896191784e-01 8.573720371455589850e-01 8.675048875111562863e-01 8.623550135256144999e-01 8.661514967371467533e-01 8.619825980991452363e-01 8.680784926409561564e-01
