1.000000000000000000e+00 1.711850197196840284e-01 1.349095805367026835e-01 9.384578321645885290e-02 5.186567882208131808e-02 1.616320539497825143e-02 8.708412472361891365e-03 5.398673191881793454e-02 2.379171298591334360e-01 7.950097132731820393e-02 6.015719844325906340e-02 3.467889016095273419e-02 4.269561620705817490e-02 -3.093762481057037422e-03 2.035900666399324821e-03 9.664553638229132076e-03 1.604630450483524318e-01 8.919706137180281880e-02 1.006575987879224782e-01 5.368788966693761877e-02 7.775717082983184258e-02 1.138012135733461327e-01 9.115443423394900546e-02 7.048084451560783503e-02 7.111736020879853848e-02 9.573349224937291457e-02 9.438131142380433436e-02 4.267017545288558783e-02 1.448116572631995558e-01 1.190642669840700218e-01 7.846167396351717838e-02 9.321382124764965305e-02 1.539765567887375203e-02 6.428154734612565036e-02 1.177707769485129702e-01 5.505926162802773915e-02 8.620874148726570541e-02 -5.302211135409212739e-03 2.683696188988799608e-02 -6.497760021221603288e-02 1.078364368821870672e-02 -1.466547295297454014e-02 -5.945280573701000604e-03 2.657788388365998553e-02 2.200166411327278415e-02 1.911155235548882628e-02 7.102809826678736609e-03 4.253734701776069882e-02 3.052979190042945379e-02 2.862303251526928261e-03 1.464479549846771063e-03 -3.353392786421737805e-03 2.769839656413457599e-02 8.002833728682483272e-02 4.544417302765361294e-02 3.834164752980989688e-02 7.362572750379670072e-02 1.545746871295482563e-02 2.903738959414107080e-04 6.681661749611193801e-02 2.149897931743156160e-03 2.897864274757514652e-02 5.182117262357657274e-03 5.268888020143247530e-02 8.708588220646214240e-02 7.215226837939020532e-02 4.120124247637102499e-02 2.909923010173767755e-02 5.797106274339514087e-02 1.888823206480655381e-02 3.352708437304870864e-02 4.576930611799363835e-02 1.862103768049452879e-02 2.255064376137776161e-02 3.093846051446646692e-02 3.592878292336506435e-02 4.593298289800140481e-03 6.672034705901440377e-02 1.906214439057394086e-02 4.509760678921572591e-02 4.097554740612539131e-02 3.558358161646613810e-02 6.584593288984275095e-02 4.216786229378041706e-02 3.705456326463350131e-02 3.355186120412028544e-02 1.951922433240124710e-02 7.517864142761115183e-04 1.068400420885118503e-02 3.467013907102666631e-02 -2.934702206874746297e-02 -3.717452890070266618e-03 5.411396571460435137e-03 2.410024184352949333e-03 1.001785980996736103e-02 2.092560161076480185e-02 -8.227468618787260948e-03 6.770835025713450861e-02 1.051516178292698223e-02 1.250624686423243599e-02 -1.060828204441977181e-02 2.369671740024908296e-02 1.972333826918058752e-02 1.494310261200549987e-02 2.425332000475336966e-02 4.929230538687166124e-02 5.035757407611147346e-02 2.368713901992645920e-02 3.083787708752943127e-02 1.940936078908778173e-02 7.896530250947060570e-03 3.773074137296970193e-02 1.727341374683499103e-02 3.871496408232127928e-02 4.855566305842672070e-02 5.180788419161208580e-02
1.711850197196840284e-01 1.000000000000000000e+00 8.018963386789827730e-02 1.608194452627120970e-03 4.425314350530176744e-02 6.825851549131073392e-02 9.533534113726373216e-02 9.746254307590838939e-02 1.956027756170723442e-01 2.252576397136652475e-01 1.442267845982039276e-01 1.147279348560607259e-01 1.280671090259948575e-01 1.089997686832230445e-01 1.176167338627474301e-01 1.351679759963653749e-01 1.929287330876387485e-01 8.332135111377732273e-02 1.168193059665392081e-01 3.871874030648007198e-02 -1.362204444633834631e-02 1.075955962302857505e-01 1.477384912302847630e-01 1.012104888679690173e-01 1.072217912330946238e-01 1.917606958062147426e-01 1.652376147522034988e-01 1.473008436037696878e-01 2.187924190167680472e-01 2.243845644931070360e-01 1.899436447647292192e-01 1.921073890564357622e-01 1.767062428431522003e-01 1.584162689667914237e-01 2.079574252789123667e-01 1.336826529742205227e-01 1.623234999514092669e-01 1.417604706967227346e-01 1.569797672538220112e-01 9.359452912217196274e-02 1.396604400157794301e-01 1.232306696315049743e-01 9.815423677800981517e-02 1.200031593366565341e-01 1.288862379003555270e-01 1.494726614739246007e-01 1.338143117877616806e-01 1.626521808031224925e-01 1.405676445654897022e-01 1.092928232311237008e-01 1.187536406599858929e-01 4.350465498681252430e-02 1.097278209920396347e-01 1.818226466319553536e-01 1.625406001827313374e-01 1.699403761704999238e-01 1.563195798012509130e-01 1.325439521506155127e-01 1.356448802892325778e-01 1.514907332950314878e-01 1.098568074548535584e-01 1.503948719993642436e-01 1.297088235198977091e-01 1.537049704465956457e-01 1.449659477666394580e-01 1.459430724788620959e-01 1.583850817327496774e-01 1.458976024528972348e-01 1.730100298561413341e-01 1.106935867179510147e-01 1.140582442041382372e-01 1.504095425979362355e-01 1.308554001529032007e-01 1.248406264386120595e-01 1.555866587333362694e-01 1.528040259498684439e-01 1.397565824702833859e-01 1.775723610017542198e-01 1.593191731218749629e-01 1.839334588946987814e-01 1.623986826148900997e-01 1.647592419489690707e-01 1.709690598957908925e-01 1.790404372027504520e-01 1.514824251561542046e-01 1.518003404272971757e-01 1.420499229771916005e-01 1.373868298596151449e-01 1.479219126543459550e-01 1.584891669488234789e-01 1.191603047771742224e-01 1.286243524339231725e-01 1.331849243235404268e-01 1.344351461669851810e-01 1.456879431454904672e-01 1.492216748647464952e-01 9.267672796932825696e-02 1.441930230418489445e-01 1.332597564035787330e-01 1.289039944153532180e-01 1.173030253379402088e-01 1.360689203161346006e-01 1.289604464290954322e-01 1.254231381416084090e-01 1.191077066782876281e-01 1.452099094219723163e-01 1.574883010331807331e-01 1.561179196087819632e-01 1.603632880965703278e-01 1.417473379036794934e-01 1.357094678011208366e-01 1.445057522024620900e-01 1.431289106873357142e-01 1.489198241944133250e-01 1.433380798800937272e-01 1.489355375773556145e-01
1.349095805367026835e-01 8.018963386789827730e-02 1.000000000000000000e+00 3.215846242129241084e-01 2.114109124407541063e-01 2.374753141449608695e-01 3.454903417817864475e-01 3.338159843674839422e-01 3.897393903563319828e-01 3.028028845869689123e-01 3.652866733827945245e-01 3.966307155052795075e-01 3.389081499371870976e-01 3.441652529761523027e-01 3.759914351033331048e-01 3.736018524677410801e-01 3.807333670002758796e-01 3.908827767425106514e-01 4.065621518614710439e-01 3.149523894767485843e-01 3.304208979781925182e-01 4.126085927502401440e-01 4.150124521813102207e-01 3.819142306725947789e-01 3.913379055768806403e-01 4.048280193662336934e-01 4.071459829896089122e-01 3.953077247592329257e-01 4.001116567945458002e-01 4.047018900659064000e-01 4.094436634172624601e-01 4.220802058230524456e-01 3.836817625166946133e-01 4.218680761945270974e-01 3.957279631314242763e-01 4.152044655364064418e-01 4.125098145281978490e-01 3.867098379491643589e-01 3.995579149129312446e-01 3.641074738997616134e-01 3.883236831836194280e-01 3.814110431852091310e-01 3.904503734809267046e-01 3.935867363759804616e-01 4.028349695118446649e-01 3.907912312909989638e-01 3.753709830872871689e-01 3.868873494109784650e-01 3.851698072003054696e-01 3.876656845496163628e-01 3.861902160933470274e-01 3.764647265206893523e-01 3.739513583178820655e-01 3.899213383893083695e-01 3.853388283637331213e-01 3.991027317161295329e-01 3.942823063843730602e-01 3.795476389155713060e-01 3.739048789088195712e-01 3.880881552285821434e-01 3.822349796817400280e-01 3.848893875102976092e-01 3.799697371675567203e-01 3.895898249466072105e-01 3.960446739300600427e-01 3.927699473883288772e-01 3.879172958219942458e-01 4.011622376067083828e-01 4.163060848240967005e-01 3.898302747947945956e-01 4.004670606946884037e-01 4.059455251489663685e-01 4.043228330040331553e-01 4.073690846180952896e-01 3.914361249976018864e-01 3.939587196788851275e-01 3.882349876730032401e-01 4.018675278072295076e-01 3.897953541069925087e-01 3.889747513936337997e-01 3.960205709961687193e-01 3.937467292046853418e-01 4.084710343217895501e-01 3.976058833637903800e-01 3.965083680743545225e-01 4.049966391795988829e-01 4.009348359923647354e-01 3.829349020070430543e-01 3.844505353703892014e-01 4.031901282440857881e-01 3.801742892412182662e-01 3.777648813902965141e-01 3.855484396331420593e-01 3.830490893984717093e-01 3.770455973078506995e-01 3.831062258132658660e-01 3.739280250513065673e-01 3.848749577326269766e-01 3.779412846056446895e-01 3.809819893094650856e-01 3.810898274630225013e-01 3.778933735061040800e-01 3.758418386753449303e-01 3.817553332301621416e-01 3.924383760459413950e-01 3.867145411763640572e-01 3.875782360865366871e-01 3.856419918966402793e-01 3.903444962166600640e-01 3.809735624006444499e-01 3.797076331179221609e-01 3.817374829467700681e-01 3.792437493960680861e-01 3.831199305541709843e-01 3.892173119466827980e-01 3.851441346037937086e-01
9.384578321645885290e-02 1.608194452627120970e-03 3.215846242129241084e-01 1.000000000000000000e+00 3.911206627796387503e-01 3.969793255064250626e-01 5.650880089161295361e-01 5.429730787117142965e-01 5.302920030461236722e-01 4.196134844519122664e-01 5.666175984126545773e-01 6.466346923485933873e-01 5.373970593815600161e-01 5.113682002757963252e-01 5.912963564697284458e-01 5.962945747417109921e-01 5.017612884359298198e-01 5.696671266383719345e-01 5.176689843553412551e-01 6.205264205393259402e-01 6.542125020735184426e-01 5.738781546477749185e-01 5.066464836867063948e-01 5.018712853035151022e-01 4.723498702335369170e-01 5.045245535682990612e-01 5.553603119205470229e-01 5.344600533664604081e-01 4.982036498034675964e-01 4.712141128838224224e-01 5.394821467991116615e-01 5.470086011875303633e-01 4.749363153732520937e-01 5.550835322526000981e-01 4.673632575693527080e-01 5.711945035582556285e-01 5.320827960100553700e-01 5.664050169760510567e-01 5.678433568568255208e-01 5.580587662199486543e-01 5.697252394033359701e-01 5.815036161236536438e-01 6.105960330880084719e-01 5.965801721554787607e-01 5.929869111248465829e-01 5.710448623946912106e-01 5.728680283340089607e-01 5.706206160698936714e-01 5.859948131812241501e-01 5.747477122227243607e-01 5.935549259666496047e-01 6.050259729100735395e-01 5.967762183976128565e-01 5.619888938553736502e-01 5.500980334853236009e-01 5.454863841285484405e-01 5.860935016046739943e-01 5.859415712732068959e-01 5.755487992933797647e-01 5.898367044721412045e-01 6.009767021594886183e-01 5.831755211936578975e-01 5.922786986513275398e-01 5.893970859534086726e-01 5.817987231944221627e-01 5.957883616954718908e-01 5.724324656503264608e-01 5.703424068313170947e-01 5.683146700768033632e-01 6.466963681788364671e-01 6.202533037960176188e-01 5.721242588813207908e-01 5.931101521013146805e-01 5.781546519427044339e-01 5.711550211780982433e-01 5.714323301002032229e-01 5.769579520586323174e-01 5.628074767281323609e-01 5.617196032734407263e-01 5.384730905649144361e-01 5.613428995460969517e-01 5.637413006999036913e-01 5.753508764212947879e-01 5.411420942187022964e-01 5.828874324352021352e-01 5.874401573883919481e-01 5.771404149357495239e-01 5.831200912039665729e-01 5.746804408295869138e-01 5.683632008284592585e-01 5.726843739639250197e-01 5.802657774220901787e-01 5.798122463860769793e-01 5.841224665697303253e-01 5.708113504371348235e-01 5.770183191120993316e-01 6.029598420070737541e-01 5.988479572668323758e-01 5.846149284932500301e-01 5.952350303251513486e-01 5.949501311638918377e-01 5.909179455227483446e-01 5.861449601481133476e-01 5.935084257128302454e-01 6.035850929518831176e-01 5.938381341433027760e-01 5.866724039197929175e-01 5.654461351263938562e-01 5.691565319225049269e-01 5.838400570262222145e-01 5.850530579058497160e-01 5.853301267682549103e-01 5.829201212957449973e-01 5.864309822607508549e-01 5.830348641815156219e-01 5.882587084098681585e-01
5.186567882208131808e-02 4.425314350530176744e-02 2.114109124407541063e-01 3.911206627796387503e-01 1.000000000000000000e+00 2.724257178388450606e-01 4.555485833205031865e-01 4.763894687072936507e-01 4.443348782209253223e-01 3.864599985104187896e-01 4.538690067845114195e-01 5.110414399880031100e-01 4.819773358933347462e-01 4.319289925432112098e-01 5.006940915933256742e-01 5.181185866614944624e-01 4.139161828963647816e-01 4.225388200360166713e-01 4.176149702507380712e-01 4.083659428794255697e-01 4.194103617212714408e-01 4.457801183160324809e-01 4.203167720050350331e-01 3.937695375824286081e-01 3.822842236933545745e-01 4.298449606684183188e-01 4.484108649563733340e-01 4.259935769354712409e-01 4.237602614828813175e-01 4.352511440291432776e-01 4.752871232335207918e-01 4.698037120872876060e-01 4.178729250350027846e-01 4.639267128154665465e-01 4.388284943395201476e-01 4.579903969889999038e-01 4.539511351820553764e-01 4.873881553216486973e-01 4.919587716420658063e-01 4.643677416834147142e-01 4.812946122384864633e-01 4.841833850989948895e-01 5.140188497249664756e-01 5.056264503711069835e-01 4.857962510732467543e-01 4.885747308097894148e-01 4.868626725446688619e-01 4.927013494690413165e-01 4.960083170710826717e-01 4.752093592393853982e-01 4.920415013932567527e-01 5.019900137267441220e-01 5.020932245522167214e-01 4.936930392996132788e-01 4.850113117922395523e-01 4.780310370328639258e-01 5.020218915782148628e-01 4.961087059425659529e-01 4.876348105723983251e-01 5.084499670793012349e-01 5.104533363047396577e-01 5.040114865721795345e-01 4.997203347490255521e-01 5.022842357205675734e-01 4.896290551214430575e-01 5.108751664364862277e-01 4.872204586444041641e-01 4.830617587434100635e-01 4.896913826884993770e-01 5.025785181679401914e-01 4.995383795786131897e-01 4.893767974017290689e-01 4.922031060907595124e-01 4.823057495362188529e-01 4.850994953922992403e-01 4.799053463342249914e-01 4.812565186181120835e-01 4.826258910826354831e-01 4.898767435914501700e-01 4.822266872733224630e-01 4.816254984304715880e-01 4.897078240735212029e-01 4.885783715012256834e-01 4.789888094797495333e-01 4.919332606180379375e-01 4.943456052738467998e-01 4.849435170861619016e-01 4.985354944587169213e-01 4.931220650763932789e-01 4.906896295980473499e-01 4.843383136140731460e-01 4.946173651272782190e-01 4.896086251097364617e-01 4.982537159417492201e-01 4.907132601372690694e-01 4.962405504804200951e-01 4.998952532874008092e-01 4.938769662772778957e-01 4.949302042212422315e-01 4.975578128785217435e-01 5.031690298717613752e-01 4.957746972525479134e-01 4.991134590813705585e-01 5.006689144052484108e-01 5.056018517305300719e-01 5.022973564686410430e-01 4.965946789957053076e-01 4.909981611533160151e-01 4.962095451970911508e-01 4.958236755554379371e-01 5.007971738412008156e-01 5.006497654898122152e-01 5.000071283843172676e-01 4.957999193260306248e-01 4.892885182653166076e-01 5.035481606014938771e-01
1.616320539497825143e-02 6.825851549131073392e-02 2.374753141449608695e-01 3.969793255064250626e-01 2.724257178388450606e-01 1.000000000000000000e+00 5.270055881456849889e-01 4.495020294603758182e-01 5.055924261542316112e-01 4.575024467680404161e-01 5.375634004918971032e-01 5.667167045209779985e-01 5.080620325576508112e-01 5.353968199541863093e-01 5.777206136311697771e-01 5.593367114172105303e-01 5.008283680214277167e-01 4.625141399166802225e-01 4.777795453638831180e-01 4.020001548214936493e-01 4.421026446946922928e-01 5.021463375674596330e-01 4.866088848989180704e-01 4.364987377179161965e-01 4.509727701355566443e-01 5.358508984461713975e-01 5.623631313690291567e-01 5.428778216622744957e-01 4.976504162784431973e-01 5.178276081734611846e-01 5.577557608630356878e-01 5.459026842778937905e-01 5.386318715444720073e-01 5.412361731888907235e-01 5.223397701695696727e-01 5.591615383331126621e-01 5.490151590024913153e-01 5.739502330765117177e-01 5.846684304995487524e-01 5.720107968147805089e-01 5.885213372830717660e-01 5.870320450924344513e-01 5.805477998016412844e-01 5.869632274930036697e-01 5.886936270862374032e-01 5.787135487620916896e-01 5.927665412527274302e-01 5.905639368935855504e-01 5.840184954079841173e-01 5.663487384437766448e-01 5.837839471367558541e-01 5.584673440244556364e-01 5.794117648305240342e-01 5.783931505527402095e-01 5.697255344132577948e-01 5.707532549290093016e-01 5.788278554708223833e-01 5.871074001279195098e-01 5.817978491617379344e-01 5.895457287803725910e-01 5.922175886063765216e-01 5.882727621583875299e-01 5.850245007128456187e-01 5.855887673339081889e-01 5.803830829674929692e-01 5.874549751629197791e-01 5.903362584339724162e-01 5.841647022372393749e-01 5.773570491463497767e-01 5.819330484207285714e-01 5.878207834726515424e-01 5.849431188077937049e-01 5.725571366099970749e-01 5.753549858514833693e-01 5.909535135572265840e-01 5.908845018343702460e-01 5.948320497858086142e-01 5.773777874658182485e-01 5.892929165433414829e-01 5.758198793598858778e-01 5.830785483160600968e-01 5.873263900905860702e-01 5.900589126223786396e-01 5.814363067607949409e-01 5.905685153200841420e-01 5.913918235548346614e-01 5.940492202610735406e-01 5.973289478407866060e-01 5.964780488069844067e-01 5.884462098371657790e-01 6.010746131808818449e-01 5.988155683445314237e-01 5.970774822365453316e-01 5.966440727664864552e-01 5.933584046237563303e-01 5.947552089899591499e-01 5.921178500533339495e-01 5.805072498971830530e-01 5.929585920064566196e-01 5.955619563888410184e-01 5.969669864552720195e-01 5.917725878767362557e-01 5.965062215325023232e-01 5.977099551526333654e-01 5.976959663617381624e-01 5.923171935422748557e-01 5.898159346711870921e-01 5.906201082895233823e-01 5.892516769974096569e-01 5.967690412485054940e-01 5.949852506802438823e-01 5.965771816935108163e-01 5.951457705070590798e-01 5.923674035271856431e-01 5.885778867099368261e-01 5.898104006424655932e-01
8.708412472361891365e-03 9.533534113726373216e-02 3.454903417817864475e-01 5.650880089161295361e-01 4.555485833205031865e-01 5.270055881456849889e-01 1.000000000000000000e+00 6.915950306201863462e-01 6.984056870304550246e-01 6.393310670332555956e-01 7.517367617413888148e-01 7.994666389670150863e-01 7.326718163685790319e-01 7.212598802774232709e-01 8.503072862066801685e-01 7.993073964571563161e-01 6.842061615843868516e-01 6.749652603375556614e-01 7.040473298127236657e-01 6.040902742078103627e-01 6.520946793325365087e-01 7.418255487516597357e-01 6.903144356743906584e-01 6.505739788418383185e-01 6.553333848010478579e-01 7.420695404193944356e-01 7.680717104328446121e-01 7.683249015194406617e-01 6.866246861638773957e-01 7.041983248243647298e-01 7.705388772444795586e-01 7.722069276412876215e-01 7.374203275605809571e-01 7.605645403973201324e-01 7.157984023320366207e-01 7.674677842435390085e-01 7.546345690647923155e-01 8.068939669815450300e-01 8.146510202764778441e-01 7.979779859816943377e-01 8.165647386480655578e-01 8.264297934591938732e-01 8.178638442176324741e-01 8.267927258073697327e-01 8.123362341007916987e-01 8.172917604421905402e-01 8.102611320738074552e-01 8.117164343582080610e-01 8.138046724325805892e-01 7.776291049187369353e-01 8.188057302867018938e-01 7.591464797767417672e-01 7.998183020736987503e-01 8.011351812401148464e-01 7.977920785839892615e-01 7.852736847591930136e-01 7.944229944130754006e-01 8.174018524805599650e-01 8.203974889955675254e-01 8.117764148033427274e-01 8.210434184131750746e-01 8.200880407939248329e-01 8.162566952204087789e-01 8.047533469791819938e-01 7.925642921645954520e-01 8.028022015494048480e-01 8.081010853104524383e-01 8.169114919999500568e-01 8.073789340280294047e-01 8.192170996300086605e-01 8.266803706302785493e-01 8.118534225365108270e-01 8.084965581031204884e-01 8.071694185600194471e-01 8.110820925796826675e-01 8.120978175818148737e-01 8.212818057201237698e-01 7.930303858722405064e-01 8.096741393083379812e-01 7.862804219327456101e-01 7.968560389315531012e-01 8.070531761322409237e-01 8.058421449655932545e-01 7.948281312081048045e-01 8.084486961907618729e-01 8.153564449244367074e-01 8.155861071791788985e-01 8.271469176673486023e-01 8.190148485574489934e-01 8.042769613737167367e-01 8.254484591755065770e-01 8.263276521056542867e-01 8.211937807660456556e-01 8.287721923423335690e-01 8.152948412232544628e-01 8.170773975648815135e-01 8.080933412927447934e-01 7.964816924054233249e-01 8.164903428856258305e-01 8.224975330684868302e-01 8.252360172103966329e-01 8.145495809046071622e-01 8.112832441132800110e-01 8.220683074306843752e-01 8.158135661206633582e-01 8.047208380672736805e-01 8.098714773539410494e-01 8.114942251767141013e-01 8.107126015523549167e-01 8.189911110505997405e-01 8.216932234851019867e-01 8.137845761180995119e-01 8.173497584309199482e-01 8.112149227794448469e-01 8.048914675747946834e-01 8.070010705478500856e-01
5.398673191881793454e-02 9.746254307590838939e-02 3.338159843674839422e-01 5.429730787117142965e-01 4.763894687072936507e-01 4.495020294603758182e-01 6.915950306201863462e-01 1.000000000000000000e+00 6.619605052617139052e-01 6.010987252297825822e-01 7.067018612865185734e-01 7.638628494873468400e-01 6.903610185539027500e-01 6.716160851743938620e-01 7.611513891518196795e-01 7.807095751233246173e-01 6.589482495321076216e-01 6.244724411032951394e-01 6.348184949849607905e-01 5.958654973384102105e-01 6.266433895331618986e-01 6.686040585702999195e-01 6.291064327064348483e-01 5.898924781345670221e-01 5.713263618723590787e-01 6.705452876511646121e-01 6.905321382154714360e-01 6.537373228420650939e-01 6.340288747581381834e-01 6.595487068918594042e-01 7.189469671908903514e-01 7.268478917972599485e-01 6.369363695926743008e-01 7.175867843708342297e-01 6.644891966942453321e-01 7.256585065520180233e-01 6.939500731557707303e-01 7.476225282921715731e-01 7.543095941829470741e-01 7.050996275076177877e-01 7.408432186951603438e-01 7.433176873274532914e-01 7.561938105388009701e-01 7.628193665727458495e-01 7.467967975624530963e-01 7.528140900586757223e-01 7.570734339358232701e-01 7.629399150214881686e-01 7.725149083746472023e-01 7.408322463856565898e-01 7.666587018796050534e-01 7.092279846741617044e-01 7.548371438587883064e-01 7.605927819150902769e-01 7.575551571431586861e-01 7.313938645668762728e-01 7.725778178271452967e-01 7.690636303055758960e-01 7.734228861737886263e-01 7.663963492191924187e-01 7.761141186958055993e-01 7.784879020214510170e-01 7.815889479709542398e-01 7.743518948131049573e-01 7.562623960445817861e-01 7.720402781001833858e-01 7.614755233412933144e-01 7.518093729863040142e-01 7.475105652339565365e-01 7.744443139385586150e-01 7.655996805608847877e-01 7.500813267728967393e-01 7.492739925726329409e-01 7.368771127209446936e-01 7.506765095682313982e-01 7.461370987831926760e-01 7.417160200024160988e-01 7.379042853549242498e-01 7.468283063659099108e-01 7.414456820297353756e-01 7.425440761730908168e-01 7.528713274810130418e-01 7.595527449979955215e-01 7.308190483547175598e-01 7.639750133257664499e-01 7.637376118126734115e-01 7.521367876289728471e-01 7.672517346928998672e-01 7.635581525910286604e-01 7.507594024158492640e-01 7.397888479138888806e-01 7.595273809655297415e-01 7.609888716987800450e-01 7.607568687582556555e-01 7.608349353044068231e-01 7.683572703453637187e-01 7.645593434036933589e-01 7.725575205954845481e-01 7.722553597018897431e-01 7.757279313124114672e-01 7.686538941811031922e-01 7.792487230265990883e-01 7.610257198457224259e-01 7.730013354115541357e-01 7.685888770403994652e-01 7.762851977428993910e-01 7.733453200321653842e-01 7.583938818996214248e-01 7.648653664567286459e-01 7.724876727066869453e-01 7.732868735068748611e-01 7.685014520779774871e-01 7.766538574205402723e-01 7.729848122466832505e-01 7.583080653326913501e-01 7.687160430595192384e-01
2.379171298591334360e-01 1.956027756170723442e-01 3.897393903563319828e-01 5.302920030461236722e-01 4.443348782209253223e-01 5.055924261542316112e-01 6.984056870304550246e-01 6.619605052617139052e-01 1.000000000000000000e+00 7.160540533161621202e-01 7.862761317926397764e-01 8.028701879098578686e-01 7.342688351245802991e-01 7.316019046146852167e-01 8.076923480610850303e-01 7.993541577688332289e-01 7.969016289489874172e-01 6.934837487365834718e-01 7.329860760941377951e-01 5.666941641022870124e-01 6.113663146533105941e-01 7.646841281346911101e-01 7.422039984881301233e-01 6.665961758430422046e-01 6.821012508518982109e-01 8.049563498719590759e-01 8.182556764124570003e-01 7.799915722099344251e-01 7.819567128557726177e-01 8.112887738724630093e-01 8.398686457850609299e-01 8.239194594425157669e-01 7.536165595470352141e-01 7.864591428430738329e-01 8.109299398810564385e-01 7.927449973521434323e-01 8.293755667285754862e-01 7.956640000942514224e-01 8.269853706333173404e-01 7.397850094893071438e-01 8.209832123519972269e-01 8.091862516288566010e-01 7.948694955540630547e-01 8.306986362512148725e-01 8.206951688741811468e-01 8.235097033489682250e-01 8.314493697834325348e-01 8.494467972891627250e-01 8.287711276631052337e-01 7.784493764430453489e-01 8.069974680173871429e-01 7.616013938863088750e-01 8.252360650205015080e-01 8.625249129321863606e-01 8.309451364973328147e-01 8.270885139261482388e-01 8.495801847917028304e-01 8.305284548427884772e-01 8.194341307404757746e-01 8.613493949864955423e-01 8.236035849899731032e-01 8.428888941322855155e-01 8.215255939017823694e-01 8.471474858320140466e-01 8.651597732500061477e-01 8.578431766468931352e-01 8.492350782018142086e-01 8.359797359723245558e-01 8.446066720569748165e-01 8.134882994665439959e-01 8.335630411481124158e-01 8.485684058514768591e-01 8.163887306561197210e-01 8.254736033013979624e-01 8.421512746123098747e-01 8.413016215468912540e-01 8.300144382192096160e-01 8.498170903377929575e-01 8.375150744680628367e-01 8.464270609067089390e-01 8.476803674581053771e-01 8.471375051164691250e-01 8.584786967872295449e-01 8.422981228280473909e-01 8.330010719465410496e-01 8.402461849595574961e-01 8.365256335990072234e-01 8.304670918866066121e-01 8.359316661513412905e-01 8.414096305967180278e-01 8.080390545158949722e-01 8.279360556729556953e-01 8.322983403628221311e-01 8.317678253541467281e-01 8.375729139777914334e-01 8.434746689790854068e-01 8.021028243524263024e-01 8.452484187696472917e-01 8.316559606642363045e-01 8.309155221806815428e-01 8.212031481283815770e-01 8.371986713815001702e-01 8.352262325074302218e-01 8.358476750971728375e-01 8.378855117877871406e-01 8.461269213099508191e-01 8.532092914931381777e-01 8.433785765786886435e-01 8.464552577010361345e-01 8.407587959632375485e-01 8.344324008153564121e-01 8.510605398505538544e-01 8.374248171163282128e-01 8.486447151423210933e-01 8.544564144513443482e-01 8.536412451594000972e-01
7.950097132731820393e-02 2.252576397136652475e-01 3.028028845869689123e-01 4.196134844519122664e-01 3.864599985104187896e-01 4.575024467680404161e-01 6.393310670332555956e-01 6.010987252297825822e-01 7.160540533161621202e-01 1.000000000000000000e+00 7.097122906643335005e-01 7.079828014295260763e-01 6.622734664537587301e-01 6.605655488507174988e-01 7.491483583343120367e-01 7.308675378491367169e-01 7.054734525741144235e-01 5.755900167254964783e-01 6.289507036102947035e-01 4.514570608919287187e-01 4.647213131148063558e-01 6.384729709455961855e-01 6.453332871652855962e-01 5.653591677012261840e-01 5.905191230514414968e-01 7.560725548825121267e-01 7.346361348159803351e-01 7.140803937021804604e-01 7.079199318453438527e-01 7.494943828947221443e-01 7.692105701225548930e-01 7.535180696924257404e-01 7.173600145489539281e-01 7.216666241311766594e-01 7.432265985069885783e-01 7.035006354024105901e-01 7.403360575621042994e-01 7.529627662967020019e-01 7.702656593934127383e-01 7.025350657744217076e-01 7.642844090619649311e-01 7.524611746435061477e-01 7.199164079833983987e-01 7.597722279772829435e-01 7.517515947554866962e-01 7.631521504020698510e-01 7.732677775736592762e-01 7.875004501619682351e-01 7.623597735244274087e-01 7.141507773630381140e-01 7.473294324298606073e-01 6.599851806635748108e-01 7.427799717564753657e-01 7.892848203386589878e-01 7.797709680605121596e-01 7.756863778569978995e-01 7.605242772634959181e-01 7.689133861122341429e-01 7.702219577357689584e-01 7.770672563886152906e-01 7.531440688798759497e-01 7.790704016669823817e-01 7.574193135331359628e-01 7.651537887344125322e-01 7.694060433918079589e-01 7.699639908226976193e-01 7.854145393247690121e-01 7.676849600937601936e-01 7.738559257635264643e-01 7.278844945510255515e-01 7.461293609508670155e-01 7.747952315682151703e-01 7.394557982029243970e-01 7.466848512255175319e-01 7.822921078875929579e-01 7.790489168986401980e-01 7.689872561634624182e-01 7.822165023336266065e-01 7.788826607065484353e-01 7.917584840783677969e-01 7.825682283754122892e-01 7.889690993067346447e-01 7.868477735621304259e-01 7.878346306192453019e-01 7.724666094031183983e-01 7.768723473406550228e-01 7.729236657149765044e-01 7.771764462595319722e-01 7.827100641883489862e-01 7.775937095372893459e-01 7.548214857136530398e-01 7.710331646222450264e-01 7.732959806107091438e-01 7.708963774416167647e-01 7.820429749743771364e-01 7.827043275070987294e-01 7.301235111344457351e-01 7.613578256996783589e-01 7.709976966685645472e-01 7.673250827123739848e-01 7.586925332731455640e-01 7.734954335368345868e-01 7.665585465050119840e-01 7.695305665021446861e-01 7.614755917372009186e-01 7.703080603674989923e-01 7.812712458695417750e-01 7.874065724095826724e-01 7.881770882148921853e-01 7.793817186327229862e-01 7.753709132912163238e-01 7.806148986876941809e-01 7.775097856203633251e-01 7.793465080713076754e-01 7.790796775300591337e-01 7.771500644997926255e-01
6.015719844325906340e-02 1.442267845982039276e-01 3.652866733827945245e-01 5.666175984126545773e-01 4.538690067845114195e-01 5.375634004918971032e-01 7.517367617413888148e-01 7.067018612865185734e-01 7.862761317926397764e-01 7.097122906643335005e-01 1.000000000000000000e+00 8.547471110963985597e-01 7.696366012409705526e-01 7.910905698412381559e-01 8.657292666957047134e-01 8.462014775365277464e-01 7.811103205687358608e-01 7.017950069988895256e-01 7.486392719578323085e-01 5.909550534591057058e-01 6.296384399247845209e-01 7.713358146917544955e-01 7.513120042373224727e-01 6.876999258204341547e-01 7.039115862221843045e-01 8.385729132638990446e-01 8.394672413179992132e-01 8.228910027595952581e-01 7.761106568488476132e-01 8.252629290017843289e-01 8.767890088472310994e-01 8.505789917273950396e-01 8.029528622960006023e-01 8.303360564565546165e-01 8.201254593479128108e-01 8.358717966163666802e-01 8.511449135406239375e-01 8.673335076138849464e-01 8.773194071293701768e-01 8.346389138583474310e-01 8.824191397878197174e-01 8.774075286837992316e-01 8.610553576684465416e-01 8.840911934994627464e-01 8.819508031040891316e-01 8.792036512654245461e-01 8.904459875827498427e-01 8.950660848507963063e-01 8.837587127720487601e-01 8.479194847831269533e-01 8.759355856577891730e-01 8.202314331508439027e-01 8.727157388878437061e-01 8.896475818196831753e-01 8.830042581028022530e-01 8.797978446230159122e-01 8.793194411069426009e-01 8.895501172689411762e-01 8.865105877534995571e-01 8.906015113168673780e-01 8.862133435279746507e-01 8.938668501900508545e-01 8.846491094978105041e-01 8.846348446226668383e-01 8.828601251308134668e-01 8.866752733876356318e-01 8.942898124961637940e-01 8.853545469472587914e-01 8.829173486073541577e-01 8.677538379353633147e-01 8.830706568260815459e-01 8.909434596313288157e-01 8.678857752138783299e-01 8.760332546664536535e-01 8.952740698088337279e-01 8.947612700530818142e-01 8.858693517500475512e-01 8.813280654109836298e-01 8.883534195400754063e-01 8.879655503351375767e-01 8.912464941702514798e-01 8.954373854900742336e-01 8.922571876890716958e-01 8.808918412977128076e-01 8.885198249541834681e-01 8.913109542492192450e-01 8.933439146154311672e-01 8.944795590088496784e-01 8.940275622931547206e-01 8.908500689554555985e-01 8.825192950056397478e-01 8.935033980256861241e-01 8.946915721630104290e-01 8.929052005878026499e-01 8.956625464274018400e-01 8.978496297952295313e-01 8.740586508168717295e-01 8.824546805778000769e-01 8.919980996554939257e-01 8.913648720234156331e-01 8.904860232135461962e-01 8.929682036516815025e-01 8.885160103752240968e-01 8.954000436244400341e-01 8.930242502449513564e-01 8.879994941056073010e-01 8.953355756921457242e-01 8.960997234540667433e-01 8.976285797231832175e-01 8.958648322468169001e-01 8.957812597249621422e-01 8.947607150595804359e-01 8.958176551714911451e-01 8.943540084634690190e-01 8.932396989757757089e-01 8.910964334530707687e-01
3.467889016095273419e-02 1.147279348560607259e-01 3.966307155052795075e-01 6.466346923485933873e-01 5.110414399880031100e-01 5.667167045209779985e-01 7.994666389670150863e-01 7.638628494873468400e-01 8.028701879098578686e-01 7.079828014295260763e-01 8.547471110963985597e-01 1.000000000000000000e+00 8.158225658574431716e-01 8.154384550265302289e-01 9.124266516624497392e-01 8.990390787518441895e-01 7.925628578854538864e-01 7.548188906342555571e-01 7.715097477543041427e-01 6.993759735467487415e-01 7.340226261304928501e-01 8.154760569469121645e-01 7.706275071301963431e-01 7.178213486956257494e-01 7.172451096140638471e-01 8.284805083705292228e-01 8.610591633183035665e-01 8.408234096187335860e-01 7.839567114139881499e-01 8.147256986436304249e-01 8.820174391331520036e-01 8.648211613440571766e-01 8.005495699386767638e-01 8.528023476185561114e-01 8.141973738760597268e-01 8.656488276484641808e-01 8.567558484136468255e-01 8.958752299980524691e-01 9.062016567400583700e-01 8.715640411450162883e-01 9.102779945030665676e-01 9.140891504491108766e-01 9.149664944483200113e-01 9.269022630909031779e-01 9.129509687334439461e-01 9.105870106201520153e-01 9.220695458515831833e-01 9.229409867697964120e-01 9.176972249869536080e-01 8.803533687700804133e-01 9.177583884970001993e-01 8.687662641059865631e-01 9.145718758895355904e-01 9.097495648061857398e-01 9.003357758681183043e-01 8.888723489045854409e-01 9.104846316941186402e-01 9.229955755202964296e-01 9.220843428190509394e-01 9.263515120740724029e-01 9.295995065767916898e-01 9.303826673152689741e-01 9.271456987692185958e-01 9.235645857715616414e-01 9.116095161012300885e-01 9.229225090133101883e-01 9.206065910492808868e-01 9.135811734930339156e-01 9.060943981150708648e-01 9.331268208302305744e-01 9.310226222064813539e-01 9.190530890882723236e-01 9.089434514195847692e-01 9.069615712464494939e-01 9.189868671672960510e-01 9.177827347957393522e-01 9.200915508464018178e-01 9.044192372583289563e-01 9.140626800530392559e-01 9.031685157966046207e-01 9.112689589601461471e-01 9.172683731265868223e-01 9.155974620331592817e-01 8.989110998053321255e-01 9.160741976392401398e-01 9.216316908726421842e-01 9.204751270793746221e-01 9.277837329366651620e-01 9.246929670034901294e-01 9.104522278118493128e-01 9.158680069058308115e-01 9.282966721842693669e-01 9.273586459939655580e-01 9.295124646172286953e-01 9.247928776119752614e-01 9.282163107966689974e-01 9.143730309638231635e-01 9.148607178342145207e-01 9.271313732648434058e-01 9.299461165581461852e-01 9.306890121204275390e-01 9.287059812054865304e-01 9.238905403863112431e-01 9.325218502037649904e-01 9.289959938806784390e-01 9.213684691255012993e-01 9.242125858590107823e-01 9.209404598690410504e-01 9.203113295817267892e-01 9.289375363882728109e-01 9.308784748638507800e-01 9.289195653131950836e-01 9.284566914896390522e-01 9.279784039100181792e-01 9.231445752409644934e-01 9.245514634094382789e-01
4.269561620705817490e-02 1.280671090259948575e-01 3.389081499371870976e-01 5.373970593815600161e-01 4.819773358933347462e-01 5.080620325576508112e-01 7.326718163685790319e-01 6.903610185539027500e-01 7.342688351245802991e-01 6.622734664537587301e-01 7.696366012409705526e-01 8.158225658574431716e-01 1.000000000000000000e+00 7.471488753929589333e-01 8.367426228928859233e-01 8.308333394411790973e-01 7.257910136040655047e-01 6.425639290035994877e-01 6.815705008904211493e-01 5.972657896481977646e-01 6.094171483627988106e-01 7.238596922372189102e-01 6.730240840041493700e-01 6.293629215512753783e-01 6.396322776622348494e-01 7.629889900144137815e-01 7.751411838300245050e-01 7.509649408681410288e-01 6.933032397317646645e-01 7.475780331245255317e-01 8.012773145797172925e-01 7.820905966057776215e-01 7.208954023811157130e-01 7.696926195049000885e-01 7.440546674830993412e-01 7.720171492134441094e-01 7.767758764724976839e-01 8.107517624975212334e-01 8.279554067083456648e-01 7.828381478867674215e-01 8.355479153589013830e-01 8.331698185236352527e-01 8.357879010201290093e-01 8.491692411389636375e-01 8.290941783781555774e-01 8.328802907743255712e-01 8.469924672828665901e-01 8.489328044074072599e-01 8.362652722352521550e-01 7.934831128744078699e-01 8.314542205085689863e-01 7.879138559644311979e-01 8.435650634114161273e-01 8.399118176460368401e-01 8.256749947163189995e-01 8.098863291355526961e-01 8.261624694539195790e-01 8.523206127551715694e-01 8.427308649011194808e-01 8.559426444978466275e-01 8.542791071454357565e-01 8.550049949987080788e-01 8.444842428320259442e-01 8.444735396273420625e-01 8.393511973359261136e-01 8.477503095148649637e-01 8.526700446774047037e-01 8.380615852693591439e-01 8.274102829905237710e-01 8.399081946109958619e-01 8.440461389458481234e-01 8.426433545702400885e-01 8.230940098078246558e-01 8.235381004727814203e-01 8.432252986141712814e-01 8.433216796440876628e-01 8.391121515510832074e-01 8.213934173185213350e-01 8.358428497822346648e-01 8.344782303125061196e-01 8.361849947074112555e-01 8.457902329546170828e-01 8.337404850061185257e-01 8.251315226564038818e-01 8.355766883981955440e-01 8.440402393598350761e-01 8.411619947210494663e-01 8.521394073854682283e-01 8.518010235870897562e-01 8.312731686098507877e-01 8.338638380230481983e-01 8.537214062925214675e-01 8.492903855767730548e-01 8.535451874808616113e-01 8.548568522773615230e-01 8.564225477667926079e-01 8.290973125775125130e-01 8.365168721484158576e-01 8.539917321945478257e-01 8.528423271522066473e-01 8.531886358237541490e-01 8.508557984488335224e-01 8.555573899855740683e-01 8.594054265221058309e-01 8.506516541375637175e-01 8.432697344314541432e-01 8.501909360637993629e-01 8.514078651803336228e-01 8.479947020030256244e-01 8.559176355306202799e-01 8.548240712636002714e-01 8.595246126204244552e-01 8.552071356722997786e-01 8.559162898903882599e-01 8.509169941120509062e-01 8.553269248432321392e-01
