1.000000000000000000e+00 2.020171105401862011e-01 2.620371913735984881e-01 1.451776828970660974e-02 1.577208236622959225e-01 6.559537192873358957e-02 6.930939890118879843e-02 9.368183201037000307e-02 2.004586417518383346e-01 1.033519765355398884e-01 1.059437235907156050e-01 1.133455996972093996e-02 5.239665373535569437e-02 -1.500688671901145160e-02 2.181965679079819406e-02 6.073109110993570731e-02 1.634974443032217173e-01 3.987393636180440182e-01 2.922538243441322736e-01 2.620569321623643644e-01 2.881063388968157502e-01 2.423301277307184642e-01 3.215509363969318302e-01 3.184291581676750860e-01 2.657322452619733655e-01 2.181205798172254351e-01 1.779910674413786587e-01 2.009390900862709217e-01 2.560216134168773472e-01 2.585777341347649250e-01 2.090115905076039837e-01 1.857646145167355933e-01 1.486756056326829223e-01 1.925488005144462833e-01 2.142664978249373409e-01 1.505926079201022338e-01 2.052682068009425154e-01 1.010775197128050140e-01 1.233742147443640941e-01 4.662726128676292214e-02 7.609977790444806545e-02 5.926304114380343685e-02 8.279627183020435433e-02 1.004831059163401735e-01 9.621073172281188746e-02 1.296595339949145886e-01 3.252785719944800702e-02 5.735036629372601558e-02 6.902838692395320275e-02 9.783125825395165565e-02 5.801038659615537219e-02 6.447631687155561120e-02 7.204897572343517409e-02 9.800205829309420469e-02 1.300892122286874675e-01 1.374128825048304969e-01 1.180034348786181825e-01 4.838860181802107086e-02 7.334232935959758559e-02 5.092722279841498806e-02 5.488475702014828511e-02 6.554654271984267089e-02 6.865424294005946504e-02 6.206844167523967865e-02 1.090628392945559855e-01 1.175855976508297096e-01 6.129715860307380360e-02 1.399456668752132316e-01 1.409774101252684320e-01 1.421901404601922381e-01 1.085439756920576482e-01 1.151822581308813292e-01 1.388270451717533993e-01 1.395471100174513479e-01 8.797367619624810176e-02 9.061621232561306583e-02 7.526616669239688528e-02 1.182384720690547036e-01 1.057272075059048355e-01 1.196812208019254753e-01 1.199542436206030155e-01 9.754503104371527178e-02 1.214802591909019264e-01 1.004796908032073305e-01 6.592707149351360874e-02 9.527704686915366983e-02 9.112042818490365126e-02 4.222543040924522234e-02 5.853467552978947747e-02 7.329802928164388942e-02 3.316329756328301182e-02 3.034859015580868014e-02 5.892435323853904144e-02 5.656269273999565972e-02 1.867121487598399215e-02 3.132387419859686273e-02 1.331257553425867386e-03 6.330189929046607655e-02 3.205787595434533843e-02 2.774622627730769647e-02 2.329128599286241566e-02 4.216181584310123992e-02 3.027611412260988732e-02 2.957472056023728590e-02 5.488631056500119232e-02 4.800409482144275125e-02 6.079456865376006020e-02 5.513831840321720829e-02 6.666187499484603485e-02 3.096295507632970678e-02 2.602297280489312623e-02 3.335566233599080582e-02 2.584870789167684549e-02 3.658734129842624444e-02 7.117862074518305215e-02 6.493388294402126226e-02
2.020171105401862011e-01 1.000000000000000000e+00 1.239081664729416860e-02 -5.975924340976445509e-02 2.248649560454199503e-02 1.065835115357972179e-01 1.044396786577267977e-01 1.063283223796617771e-01 2.279812896726132188e-01 2.050997049726089594e-01 1.217530723047093172e-01 6.617824842220981774e-02 1.352855075207080038e-01 1.346611474403275610e-01 1.420024030087627953e-01 1.383156277343892127e-01 1.810406367310042619e-01 1.729498299624009083e-01 1.314972921980180620e-01 1.029589530786221147e-01 1.033766339253825162e-01 9.575920224246392554e-02 2.173585809145598957e-01 1.723657796498161143e-01 1.061991184358943158e-01 1.352691221643614050e-01 1.426474022054646240e-01 1.373554380826181587e-01 1.881141380324659329e-01 1.736995613750350609e-01 1.457569545126713439e-01 1.979540982741792299e-01 1.741973533263175833e-01 1.999298722570747033e-01 1.772522264413278481e-01 1.358919153057750739e-01 1.604286088546373890e-01 1.759468850291353581e-01 1.703267176374173020e-01 1.045976014967427564e-01 1.286413210672040508e-01 1.392698711034315584e-01 1.343608560218119419e-01 1.461548565183319881e-01 1.341991847668716764e-01 1.627563418540977636e-01 1.417986039764147776e-01 1.667589371021443168e-01 1.540398813251159238e-01 1.435495900965053917e-01 1.511164354819446998e-01 8.005905806038031425e-02 1.254221436643161436e-01 1.773988293070533628e-01 1.741427808001880795e-01 1.571519076169119455e-01 1.541678137654361458e-01 1.437132660519425120e-01 1.641690625599252773e-01 1.561182746490060447e-01 1.456111445765419232e-01 1.621700861605336330e-01 1.479113292588846440e-01 1.535093371527531114e-01 1.652789916862262842e-01 1.604588513957940221e-01 1.660707420809239832e-01 1.653185042073706257e-01 1.992872243075368421e-01 1.521450385253208804e-01 1.404677066202744962e-01 1.513598565299506815e-01 1.836727990782484887e-01 1.507022176625088250e-01 1.460084594560461524e-01 1.506782669670840291e-01 1.491702391041662690e-01 1.747148937401837576e-01 1.618614649769442859e-01 1.661321194236950738e-01 1.691854489869433209e-01 1.540392223281457917e-01 1.901560801682499191e-01 1.818020859508452658e-01 1.701288840826697402e-01 1.736012061965569175e-01 1.588992187356457197e-01 1.596627635529760947e-01 1.541632388175707691e-01 1.678931179325879042e-01 1.374723786164439854e-01 1.435109300473203786e-01 1.432713387545362649e-01 1.421700414776360111e-01 1.537488545062464795e-01 1.592022544440489795e-01 1.122999969252179292e-01 1.481585105420527571e-01 1.446483159842790467e-01 1.484103330724423075e-01 1.316393857257446842e-01 1.469246837184520760e-01 1.435219825149412487e-01 1.399131900326040234e-01 1.387223252591721356e-01 1.447774734545632103e-01 1.577804980013966241e-01 1.643181253416045873e-01 1.633158481537952678e-01 1.503951171890347549e-01 1.435627381370945810e-01 1.484047597926951290e-01 1.509144805609300144e-01 1.508358396066132590e-01 1.593802433617049208e-01 1.570894871627740996e-01
2.620371913735984881e-01 1.239081664729416860e-02 1.000000000000000000e+00 5.017167505342702283e-01 4.029619008521785894e-01 3.167805863620391515e-01 3.965602129223316230e-01 4.367481172552262203e-01 3.713421157991059207e-01 3.222867545578173010e-01 4.612496271751894139e-01 4.660039550047160306e-01 3.822255697470691160e-01 2.581272300904991490e-01 3.639241438508727389e-01 3.928123799683018169e-01 4.205443426503432391e-01 5.114368934195417937e-01 5.497352943164965922e-01 4.685233229942287747e-01 5.138220819916660131e-01 5.674929770920216221e-01 4.748157828191091334e-01 5.031514551325092510e-01 5.479238215059399897e-01 5.471728991782007778e-01 5.119270334837647818e-01 5.374062917708478659e-01 5.156663488320899491e-01 5.207759025208349435e-01 5.297964469142411037e-01 4.619388045020892397e-01 4.473459779949767734e-01 4.237893272969653347e-01 4.756284842103699617e-01 4.959522347100717710e-01 5.082295659996985959e-01 3.904649513707060260e-01 4.376488571016025619e-01 4.413757159077649206e-01 4.448058293482504699e-01 4.229559197329001985e-01 4.465466347495496979e-01 4.446748283033427618e-01 4.525780058670789696e-01 4.512245982465862282e-01 3.631709176870718259e-01 3.585529287817287303e-01 3.753299937024444644e-01 4.266851348361763163e-01 3.817551772380901043e-01 4.731133351764797990e-01 4.095927883229305011e-01 3.691904129066576057e-01 4.220865832741150236e-01 4.657175698294718225e-01 4.272088582556033964e-01 3.800901461037862750e-01 3.669974962607034930e-01 3.604079930036834245e-01 3.717427886296632011e-01 3.716069732344048360e-01 3.880436759077940390e-01 3.773489683889806323e-01 4.017096932879735682e-01 4.207970873964368974e-01 3.617932627050660099e-01 4.329556207268001611e-01 3.985724116207298717e-01 4.413580933956153807e-01 4.426650949562052073e-01 4.462084241216313085e-01 4.090708100923828305e-01 4.577155028272545390e-01 4.211473379033971454e-01 4.100901829203817961e-01 3.926906624164483994e-01 4.014780430711300530e-01 4.152336222031469126e-01 3.857649847774542451e-01 3.976230224928051227e-01 4.170698092684766434e-01 3.970701483686587263e-01 3.575262061165295768e-01 3.515747185427693933e-01 3.874407063269864060e-01 4.054362783196691633e-01 3.525068492865134906e-01 3.731733567641233318e-01 3.725365663966156982e-01 3.734543050848299073e-01 3.611249983204537495e-01 3.966315530089991603e-01 3.977257465220361277e-01 3.263131978031360014e-01 3.305521686163644945e-01 3.655428050586894129e-01 3.799809717182892621e-01 3.516116147506731515e-01 3.462371233081504851e-01 3.706356259519738572e-01 3.661482502508519032e-01 3.536115729169662658e-01 3.672731111171611551e-01 3.913745357708538486e-01 3.580204410765263634e-01 3.650545687466151823e-01 3.490614273275379764e-01 3.687947264069283415e-01 3.496240887265016362e-01 3.536958944690143936e-01 3.475663426647022103e-01 3.373222824857932123e-01 3.514114889602354963e-01 3.771192615038563289e-01 3.699416303403905149e-01
1.451776828970660974e-02 -5.975924340976445509e-02 5.017167505342702283e-01 1.000000000000000000e+00 4.898443386069389338e-01 4.384824038633014509e-01 5.860052110481680510e-01 6.036345514946512836e-01 4.590720812117810024e-01 4.058144184297501345e-01 6.199723758365770498e-01 7.067165465942411018e-01 5.266416475398429942e-01 4.722150665299000294e-01 5.762221435727982177e-01 5.802384289996118660e-01 5.354166331377440136e-01 4.051933242771288413e-01 5.253833016921104493e-01 4.494106692410643200e-01 4.796537780129570550e-01 5.699287587838055558e-01 4.391590896002108835e-01 4.791417580480876182e-01 5.375656867296160213e-01 5.777225047884582132e-01 5.802311217553545175e-01 5.709437433032602538e-01 5.080880469934587751e-01 5.022958013780810527e-01 5.727201209255594616e-01 5.661875128502149579e-01 5.229724584790202968e-01 5.159061795760221392e-01 4.903331767195917568e-01 6.217365696055392466e-01 5.464744399667806896e-01 5.343588579901868973e-01 5.761985420711108752e-01 6.225183667483905614e-01 6.060374578492015996e-01 5.831343735895049285e-01 6.123191942598641413e-01 5.948284144143143326e-01 6.071272343452577269e-01 5.704820007568610629e-01 5.421238284325804457e-01 5.297011088884825414e-01 5.387498998198172462e-01 5.721396474641100571e-01 5.609543191419693597e-01 6.551204025855221769e-01 5.789179125914922786e-01 5.050841249317015169e-01 5.250879717968046645e-01 5.795521611367054904e-01 5.499856165312383416e-01 5.423883543300215271e-01 5.052922915503366141e-01 5.410237422621041459e-01 5.450309011926138814e-01 5.246489880293713215e-01 5.340066366622372440e-01 5.495479028754826079e-01 5.324053624100063553e-01 5.411958096433779897e-01 5.291648347897448534e-01 5.468582750272450443e-01 5.218028054968826268e-01 5.524396941729768917e-01 5.744188759720150195e-01 5.722693358782197093e-01 5.301680520078196901e-01 5.708990185868846323e-01 5.615881970112633903e-01 5.505831480756643304e-01 5.402563676921505742e-01 5.205279199436058102e-01 5.488671934884984394e-01 5.035946859388275021e-01 5.050724013689303904e-01 5.479100513089485425e-01 5.323687250778484925e-01 4.866274700020095101e-01 5.292960787932190492e-01 5.453544861244937758e-01 5.489498546924094224e-01 5.343466280680291280e-01 5.487560662481788532e-01 5.354983968599549282e-01 5.652404649831406225e-01 5.527099800669503793e-01 5.711074892708172257e-01 5.694319534133751581e-01 5.169007524482814864e-01 5.174016154420516544e-01 5.828424045078061111e-01 5.449606018737604973e-01 5.375314987142459922e-01 5.455772738684058210e-01 5.688329913851872810e-01 5.491259226756414202e-01 5.406619405771568854e-01 5.618586487107164462e-01 5.734936949573100629e-01 5.265733257926761279e-01 5.356948524011772017e-01 5.168131192723449674e-01 5.252386140926892377e-01 5.356242484694563322e-01 5.311768342080196437e-01 5.328851784794710333e-01 5.211518895799913675e-01 5.381452717770028871e-01 5.360751810288681973e-01 5.322092100182924668e-01
1.577208236622959225e-01 2.248649560454199503e-02 4.029619008521785894e-01 4.898443386069389338e-01 1.000000000000000000e+00 4.026214432437343893e-01 5.252815341665254545e-01 5.397647136163287174e-01 4.572483641740637816e-01 4.116142830814895626e-01 5.165641882921552241e-01 5.523114698907839459e-01 5.002469045338965303e-01 4.007470334035450055e-01 5.201285336753037614e-01 5.239901662929754567e-01 4.713470503159140068e-01 3.968114902234644026e-01 4.645994955477628086e-01 3.865300948890320609e-01 4.285269473252514838e-01 4.902843168976528387e-01 4.070147470860913663e-01 4.259011039264353760e-01 4.679865629513035308e-01 5.400955820320518797e-01 5.319176729892522992e-01 5.481456237338303561e-01 5.291866777333982252e-01 5.031246694518094476e-01 5.422698567930787084e-01 4.948157665766966251e-01 4.686073208728389061e-01 4.614527061469693159e-01 4.771664339999511784e-01 5.336507197149461534e-01 5.082515972747615463e-01 4.845321793879747152e-01 5.197656725586623505e-01 5.314644032071357271e-01 5.412514402592106810e-01 5.261849834996273900e-01 5.447751503559022934e-01 5.388986562047053397e-01 5.395242463726483972e-01 5.300555703514449046e-01 4.966999288815575064e-01 4.882623333804034238e-01 4.969478631773776578e-01 5.027242444451293091e-01 4.959442697510273446e-01 5.610223152636647503e-01 5.109015253358679676e-01 4.786288817392374551e-01 4.933074916011635502e-01 5.186439425110074275e-01 5.049313296025196296e-01 4.997425571208329309e-01 4.715539768049408220e-01 4.975519380497755995e-01 4.943649984872116043e-01 4.863611588262216623e-01 4.908128199692072258e-01 4.989510124558395598e-01 5.012856177388709256e-01 5.073673102176321503e-01 4.882593719681540545e-01 5.062883533863086205e-01 4.823612207599943247e-01 5.023915151582988292e-01 5.074107166631882659e-01 5.223285820863317053e-01 4.853670991921109068e-01 5.096458000256302023e-01 5.167429409392719775e-01 5.114195367472769149e-01 5.121203481358292953e-01 5.027533669209320877e-01 5.214898981788823606e-01 4.889954769929230061e-01 4.872781576403944492e-01 5.117163779821720659e-01 4.899662636026852480e-01 4.622405840343437600e-01 4.759821268280420847e-01 4.938643415026710004e-01 5.084873897559675227e-01 4.850755065293983481e-01 5.008622236532686012e-01 4.852483388483560534e-01 5.021275199419812374e-01 5.022319676453339543e-01 5.123785739134500972e-01 5.167129134608638985e-01 4.736642403489125241e-01 4.760459875569228450e-01 5.076623893098691775e-01 4.996286699636953710e-01 4.882801506321478024e-01 4.913844636752103812e-01 5.097913507965495805e-01 4.912787346894071372e-01 4.908581101860200469e-01 5.056972837388097330e-01 5.157152204645120142e-01 4.855031793728289413e-01 4.933248206808795167e-01 4.803589207515164272e-01 4.865103795699380340e-01 4.895091283490740630e-01 4.834541129536910620e-01 4.909027352062923510e-01 4.756306514100909211e-01 4.905631513110298436e-01 4.971856251067710564e-01 4.945167121057255644e-01
6.559537192873358957e-02 1.065835115357972179e-01 3.167805863620391515e-01 4.384824038633014509e-01 4.026214432437343893e-01 1.000000000000000000e+00 5.650001749039050836e-01 5.671618491577026244e-01 5.764845540750448416e-01 5.471368459832862685e-01 6.133328445371809545e-01 6.198439044623383909e-01 5.880096208961999027e-01 5.272545365981423648e-01 6.279720524655834080e-01 6.392572015153061837e-01 5.795218804855762906e-01 4.377457668760966203e-01 5.185592118129636052e-01 3.856722024322964959e-01 4.423301473976721798e-01 5.408553930112613983e-01 4.882126760528782139e-01 4.858127736205821723e-01 5.347511613969540001e-01 6.224401490934260428e-01 6.373093641519239627e-01 6.476310630430062165e-01 6.268410721287018816e-01 6.051754728171498954e-01 6.357142526089092360e-01 6.062775049761546242e-01 6.137118936943073422e-01 5.733148301860622187e-01 6.044556534848702922e-01 6.079949654507581513e-01 6.220770220561225861e-01 6.355309419435860585e-01 6.441025776638804601e-01 6.413631339750506255e-01 6.587989821597617368e-01 6.567110403517988360e-01 6.531649393556522298e-01 6.584748427498290368e-01 6.492623267804521481e-01 6.558786352727293822e-01 6.460654045768635667e-01 6.427352322852977196e-01 6.418289544363872112e-01 6.321246724705494868e-01 6.421163308546138371e-01 6.357032659422536813e-01 6.431597943327418410e-01 6.433680102852794569e-01 6.485579691297764793e-01 6.459652232533630301e-01 6.475761712785561564e-01 6.490697471515379791e-01 6.439231855077727218e-01 6.483653618629305893e-01 6.438763420515571934e-01 6.484080141533234976e-01 6.439477700261143633e-01 6.430060453898626127e-01 6.470440671875117289e-01 6.516588345619419576e-01 6.446270240854613531e-01 6.466753032442837945e-01 6.317107006042196327e-01 6.184388720397036021e-01 6.359784933573805477e-01 6.541695311116453304e-01 6.252076473087790909e-01 6.415655943013663931e-01 6.585972821243173403e-01 6.554020406509779573e-01 6.546328368407766662e-01 6.519554644493120721e-01 6.608470939256956278e-01 6.381487777888252833e-01 6.430699862636480857e-01 6.565118852672583438e-01 6.390029997638581039e-01 6.321701201601839237e-01 6.269415816486346715e-01 6.367849235273395081e-01 6.523998661427934387e-01 6.430713366378677520e-01 6.501760800861314804e-01 6.424304516366114992e-01 6.495370571252953029e-01 6.493416639909911359e-01 6.522369295644628862e-01 6.573275470877727455e-01 6.385769670207922521e-01 6.413130083065060605e-01 6.395248710850314211e-01 6.457295273434521254e-01 6.438985169986266577e-01 6.425870323842033383e-01 6.499147158949677427e-01 6.448767016260996687e-01 6.438769659345492391e-01 6.492908359709423927e-01 6.522909338408476865e-01 6.435397196120248298e-01 6.465602807636383620e-01 6.443354643817402749e-01 6.481790577430744937e-01 6.445956031497366290e-01 6.456812736053394453e-01 6.458122754192884285e-01 6.422869798604873282e-01 6.451979414783747258e-01 6.479283609549685297e-01 6.492410377538930799e-01
6.930939890118879843e-02 1.044396786577267977e-01 3.965602129223316230e-01 5.860052110481680510e-01 5.252815341665254545e-01 5.650001749039050836e-01 1.000000000000000000e+00 7.661172238809841328e-01 7.001976486329286598e-01 6.717554221613835086e-01 7.632305124630207604e-01 7.984198083361623288e-01 7.340340072913457137e-01 6.674116211088286788e-01 8.493099910294199528e-01 8.112967257867541582e-01 7.154939047400064034e-01 5.113536136926695175e-01 6.326161816890067957e-01 4.657499408286505660e-01 5.224042129945104529e-01 6.533885439296981401e-01 5.927113157101001617e-01 6.047451427593797391e-01 6.384858381023621465e-01 7.362822890936245868e-01 7.626871411661372280e-01 7.577848923350202215e-01 7.311241168350012254e-01 7.132071014793046615e-01 7.704688562612511671e-01 7.457866193026229107e-01 7.295074502595846333e-01 7.291706122528553990e-01 7.132506684301879174e-01 7.782724203528330609e-01 7.598213282713551786e-01 7.802888834623740166e-01 8.078115147844616706e-01 7.975540907838438720e-01 8.049393156032144114e-01 8.076673908602833851e-01 8.153504126571655686e-01 8.136697223885962504e-01 8.170884142856048582e-01 8.008905658280520701e-01 7.830010715902887553e-01 7.855911968398118228e-01 7.836119951546436369e-01 7.680814514651520541e-01 7.898446097767071183e-01 7.986401862462079171e-01 7.895514815974526979e-01 7.728189094550017568e-01 7.721795668771911370e-01 7.832383962288418378e-01 7.794481978380868314e-01 7.888855342219817102e-01 7.695893617043771950e-01 7.962822374835006878e-01 7.898970098115365435e-01 7.845283215498476403e-01 7.816173246746178638e-01 7.947355555183401865e-01 7.880937089583625044e-01 7.816606592151980060e-01 7.877405536457894319e-01 7.821736888983245040e-01 7.719936770217930011e-01 7.471983347123795083e-01 7.739291925077071976e-01 7.985363804999555670e-01 7.693174428698454914e-01 7.828952737259520234e-01 7.945061701753219907e-01 7.988350196737198372e-01 7.963698077549673515e-01 7.892296878387595749e-01 8.080050708958472772e-01 7.835270461077622484e-01 7.802534631129264264e-01 7.991051855616884136e-01 7.806497186040598502e-01 7.692080822107574267e-01 7.839182989661170886e-01 7.898492055964566605e-01 8.039367647622278623e-01 7.934298530954502215e-01 8.031240750166854792e-01 7.855897011027758170e-01 8.055656852397952150e-01 8.038146259002030281e-01 8.077633168585450774e-01 8.092561526568389230e-01 7.815333026366957370e-01 7.839531381265690824e-01 7.995285446007870389e-01 7.873456973628939481e-01 7.880565221705123635e-01 7.939997442944121131e-01 8.033766596472771138e-01 7.906077517197980242e-01 7.884831851237732447e-01 8.004378077407975356e-01 8.045371844311338672e-01 7.818673325946414732e-01 7.879055080290192636e-01 7.827158400890518175e-01 7.883113650438191566e-01 7.889524428931282696e-01 7.853917993117647267e-01 7.901246551224480053e-01 7.833365647119862052e-01 7.914466156530794994e-01 7.926331870586333928e-01 7.884296596223107079e-01
9.368183201037000307e-02 1.063283223796617771e-01 4.367481172552262203e-01 6.036345514946512836e-01 5.397647136163287174e-01 5.671618491577026244e-01 7.661172238809841328e-01 1.000000000000000000e+00 7.211605051822860268e-01 6.644478789462211488e-01 7.690957548578105651e-01 8.133446846199866576e-01 7.355889630111603905e-01 6.605648504296874890e-01 8.154431278761707924e-01 8.226269280358475822e-01 7.312825049400777377e-01 5.259698128593021105e-01 6.279568033049370834e-01 4.803439656056706086e-01 5.404389522273937985e-01 6.577299652219652515e-01 6.009325504535437679e-01 6.020054035984317986e-01 6.331366949540961908e-01 7.515052122671412871e-01 7.698441474809268881e-01 7.797248879544946831e-01 7.383593838377510155e-01 7.203553970104443760e-01 7.653054779101318150e-01 7.626163933712544196e-01 7.584690591936656956e-01 7.218775313863711185e-01 7.298375036006496952e-01 7.792799271465044031e-01 7.539974589777507230e-01 7.883499332039497487e-01 8.015099830744469855e-01 8.104875196430272322e-01 8.160765620904181228e-01 8.126370290842004351e-01 8.189565293091055631e-01 8.172894640590864235e-01 8.104444047079273350e-01 8.080713808359479833e-01 7.905137278021335812e-01 7.888008836795902257e-01 7.855187113375350361e-01 7.822510650420505529e-01 7.949428451652638117e-01 8.077071443818287788e-01 7.949303707236280436e-01 7.756787796431069415e-01 7.802339647383378374e-01 7.960004736206427456e-01 7.900844677218780143e-01 7.968929491715450730e-01 7.744079114087805138e-01 7.935276088515117454e-01 7.911071249550301054e-01 7.879786383587581433e-01 7.910921892295270652e-01 7.978809637918097275e-01 7.875059943614414193e-01 7.880028557370641895e-01 7.901348181962652983e-01 7.852459665659989874e-01 7.736948711163592618e-01 7.583637212961868990e-01 7.753935111930746471e-01 7.969140648285261141e-01 7.699963119744234197e-01 7.795702636736251412e-01 8.020674569726451431e-01 7.987532251980066222e-01 7.980157348504475223e-01 7.835062174663827150e-01 8.030540501172390710e-01 7.730928299804719073e-01 7.732163538607578213e-01 7.939462412695058591e-01 7.840636928157638241e-01 7.654726211959457238e-01 7.822149557147441978e-01 7.883295233713538686e-01 7.984741115245697074e-01 7.933972733902308061e-01 8.000778980093687931e-01 7.889458374009977737e-01 8.080512814229150464e-01 8.036212407720404460e-01 8.097349235664790257e-01 8.103397155934112250e-01 7.822167966961967034e-01 7.851092493112495907e-01 8.031528373026312062e-01 7.929904493320096837e-01 7.891440264436764274e-01 7.952711901079468904e-01 8.052966306051458911e-01 7.927147991470251398e-01 7.923265724824903877e-01 8.047250045411846742e-01 8.076129636627163988e-01 7.831844913923705631e-01 7.911785088534859511e-01 7.836797208970268658e-01 7.898153651179957713e-01 7.914962901045251575e-01 7.880337674917953228e-01 7.915441532992132379e-01 7.837294773813688886e-01 7.925892000257148684e-01 7.940018474545438298e-01 7.918175787421339873e-01
2.004586417518383346e-01 2.279812896726132188e-01 3.713421157991059207e-01 4.590720812117810024e-01 4.572483641740637816e-01 5.764845540750448416e-01 7.001976486329286598e-01 7.211605051822860268e-01 1.000000000000000000e+00 7.607390161281284424e-01 7.851362721689044699e-01 7.639715813680511003e-01 7.706843575220825304e-01 7.073966565285197960e-01 8.294085574275544825e-01 8.421831859602403325e-01 7.923764299390408938e-01 6.123410138850331474e-01 6.714214621040588415e-01 5.433709191881744838e-01 5.803799133252046660e-01 6.800005814996253894e-01 6.982889088113919396e-01 6.704008302101556183e-01 6.636051461541642160e-01 8.067881580949642917e-01 8.309620377806949953e-01 8.351267261543211529e-01 8.351363546292873696e-01 8.158878145592096676e-01 8.320046823086787446e-01 8.295367113835416806e-01 8.332942549088921957e-01 8.103397895298656284e-01 8.340110397150058974e-01 7.847597976694370425e-01 8.357883450487245680e-01 8.650077210305914255e-01 8.653975278470210641e-01 8.198288123654648984e-01 8.573438323620604651e-01 8.588163114645886997e-01 8.528751885968438584e-01 8.704803117623313158e-01 8.498830970864007517e-01 8.735837593159027081e-01 8.633527121550137462e-01 8.788070693142955303e-01 8.716841337629849251e-01 8.443309612115282858e-01 8.585555964051178046e-01 8.020611479097683461e-01 8.474560940536479681e-01 8.838564853333236160e-01 8.815875728846668258e-01 8.604062271366997861e-01 8.751048690732768920e-01 8.658972690686481677e-01 8.757951540622821440e-01 8.728979914243603089e-01 8.699105775448605637e-01 8.791967162873075559e-01 8.725691396388369769e-01 8.712865732440214783e-01 8.730677624567675377e-01 8.795060582135942884e-01 8.737017132663855712e-01 8.706295866617579371e-01 8.741926456068077611e-01 8.389927712715380403e-01 8.389714981011635597e-01 8.664053118521267693e-01 8.598888310459645856e-01 8.483566230230351612e-01 8.751912063717237622e-01 8.772959027013861322e-01 8.745966781171153892e-01 8.828663118429020962e-01 8.786526975429047592e-01 8.799158958111158446e-01 8.793361460744296698e-01 8.774502895044438144e-01 8.781722027527620877e-01 8.799106239776053329e-01 8.677579988118793164e-01 8.690687439608044684e-01 8.742206621772075081e-01 8.693388156152950241e-01 8.752085253671531007e-01 8.740926006033492568e-01 8.626472259060165015e-01 8.656226079130440176e-01 8.696923726515278785e-01 8.723199692660374982e-01 8.652497124992629685e-01 8.701853897365616763e-01 8.381078157192980438e-01 8.687628524019089804e-01 8.672287526648726486e-01 8.618919627120907867e-01 8.591430506198498573e-01 8.683157678808417490e-01 8.640717244398045116e-01 8.653199196651665259e-01 8.640142356117780364e-01 8.684388353003428263e-01 8.769110048302628524e-01 8.763993776916014777e-01 8.798932494835345341e-01 8.665749207128879972e-01 8.664594944927979103e-01 8.677595305580509955e-01 8.669391435625166675e-01 8.691038752013771074e-01 8.753462357283106066e-01 8.753640655065149101e-01
1.033519765355398884e-01 2.050997049726089594e-01 3.222867545578173010e-01 4.058144184297501345e-01 4.116142830814895626e-01 5.471368459832862685e-01 6.717554221613835086e-01 6.644478789462211488e-01 7.607390161281284424e-01 1.000000000000000000e+00 7.273930988306442913e-01 7.234818993158659284e-01 7.154224647784671598e-01 6.805554416855531530e-01 7.858738700436089797e-01 7.894135294781374768e-01 7.258521715531861540e-01 5.324743332447475774e-01 6.024854724145273233e-01 4.739816888785373106e-01 5.269231122109504506e-01 6.182539489329204052e-01 6.245714655273784111e-01 6.005598044851626627e-01 6.023884813948873207e-01 7.525020500187914463e-01 7.643266358476697997e-01 7.657002107825702231e-01 7.541945514316517052e-01 7.399240336505532589e-01 7.737668542159584772e-01 7.599652066701209074e-01 7.771766715912182821e-01 7.452910154613555660e-01 7.613770177622700697e-01 7.283406393880440532e-01 7.647474633333288807e-01 8.088280246001461338e-01 8.092867167043835686e-01 7.715723532661671324e-01 8.081751133943958498e-01 8.123047413038024800e-01 8.012447767934527398e-01 8.138486224415429904e-01 8.009875197300818650e-01 8.155250059570916532e-01 8.166497399336323237e-01 8.255754203612994946e-01 8.151017696084741360e-01 7.837193441713898867e-01 8.131918023815483121e-01 7.423253491713168728e-01 7.940281545610783365e-01 8.281368697732321982e-01 8.188138836719122127e-01 7.950143020284187179e-01 8.082051172760478241e-01 8.171145955462850718e-01 8.193207300377233215e-01 8.205432070001613676e-01 8.170811712840544416e-01 8.244320500753389291e-01 8.176048676152380956e-01 8.176222627956222233e-01 8.136995718388150278e-01 8.165886087207695487e-01 8.228622387939616978e-01 8.110638864849654128e-01 8.129406373204789427e-01 7.764468173924727878e-01 7.895281172494329480e-01 8.112276383989580619e-01 8.015574800637724762e-01 7.908688869956429501e-01 8.233456009763805428e-01 8.236510732371365995e-01 8.219311602419849816e-01 8.225789014597892912e-01 8.250643988404112728e-01 8.164936840872828450e-01 8.212913929360337040e-01 8.254329781767207885e-01 8.160202229882457248e-01 8.223381156976814488e-01 8.148444568262263044e-01 8.152913422026969448e-01 8.214240697621392195e-01 8.216760487120623457e-01 8.243658528139904407e-01 8.189742666844277430e-01 8.174327809570377523e-01 8.221245627303328529e-01 8.202705687313084360e-01 8.235758671779511708e-01 8.210645013144429738e-01 8.232938624521619619e-01 7.912092570495110611e-01 8.148120416368384022e-01 8.188790464297530658e-01 8.186971059942115270e-01 8.115712820374373360e-01 8.152778128817113057e-01 8.169989262666743635e-01 8.177124058334449552e-01 8.135038076182207201e-01 8.140311489818800039e-01 8.241366076990751521e-01 8.266519207040785577e-01 8.267567488947454857e-01 8.195134632718974466e-01 8.196292360066802507e-01 8.208806110963289271e-01 8.210186943007511395e-01 8.202984445986797324e-01 8.219271408138130175e-01 8.229323792587942554e-01
1.059437235907156050e-01 1.217530723047093172e-01 4.612496271751894139e-01 6.199723758365770498e-01 5.165641882921552241e-01 6.133328445371809545e-01 7.632305124630207604e-01 7.690957548578105651e-01 7.851362721689044699e-01 7.273930988306442913e-01 1.000000000000000000e+00 8.643281342538131629e-01 7.893805768064233730e-01 7.375856950886421348e-01 8.577221701797999032e-01 8.655504900420915027e-01 8.127705395339955841e-01 6.405748203048116096e-01 7.423450929379321606e-01 6.168797570575533795e-01 6.685715260019136075e-01 7.733546428072608503e-01 7.205386569341584169e-01 7.173488434213395326e-01 7.360161977679285927e-01 8.414618595877269014e-01 8.670665402698395363e-01 8.536544395064006308e-01 8.222259845718605797e-01 8.194291633316306278e-01 8.653684249732831457e-01 8.553729673853013304e-01 8.426995970827518834e-01 8.269740731870555139e-01 8.316980442613848279e-01 8.503781473799092439e-01 8.561222928131798637e-01 8.733129803147386960e-01 8.907860318779906583e-01 8.652339612998195539e-01 8.899864073970076284e-01 8.859055840861387310e-01 8.857010624663221865e-01 8.975682249248490008e-01 8.929508824856060567e-01 8.865170646535023291e-01 8.739342659006226199e-01 8.760547728640032394e-01 8.765015396593819341e-01 8.713616152706264995e-01 8.819384629028830247e-01 8.778932176364480089e-01 8.804737520612305746e-01 8.725912243567367499e-01 8.799954768267320704e-01 8.856640569546687658e-01 8.862936240074740235e-01 8.802623019671061977e-01 8.720891344530156131e-01 8.798327296679000487e-01 8.834077598211493854e-01 8.778795682066382611e-01 8.793989395530334985e-01 8.828710821423891852e-01 8.839094977541986919e-01 8.865548091445710766e-01 8.790668899141970138e-01 8.910149348719432760e-01 8.796445081048982484e-01 8.767663714591471535e-01 8.890848258116688108e-01 8.978928004908568461e-01 8.757612758375616924e-01 8.864968823006010856e-01 8.928236009429801889e-01 8.928439129720432410e-01 8.858120706121033194e-01 8.809155237084905776e-01 8.892809748230098288e-01 8.732122958448729211e-01 8.762545820409549657e-01 8.889657319586962148e-01 8.863419132676033652e-01 8.707865179571956382e-01 8.739540429109345920e-01 8.829195682400975409e-01 8.910324561114744135e-01 8.798589154037882443e-01 8.883281090861733231e-01 8.831674625665655309e-01 8.849391636436055864e-01 8.824155397513432364e-01 8.946807616553072995e-01 8.913997739867148828e-01 8.702113960966350037e-01 8.717495811798771088e-01 8.755262494234926640e-01 8.818962370758850478e-01 8.784323079774628562e-01 8.785865002863404438e-01 8.839411912509860247e-01 8.840503235773419233e-01 8.781511391926722920e-01 8.843642752292243392e-01 8.929227688932411811e-01 8.764937187994560341e-01 8.807329050029290007e-01 8.747799391713175776e-01 8.812375351331949158e-01 8.764326824230297408e-01 8.763267044179698928e-01 8.773421618812716760e-01 8.725103011624953941e-01 8.786505680944961538e-01 8.843506807966793337e-01 8.815217907866473857e-01
1.133455996972093996e-02 6.617824842220981774e-02 4.660039550047160306e-01 7.067165465942411018e-01 5.523114698907839459e-01 6.198439044623383909e-01 7.984198083361623288e-01 8.133446846199866576e-01 7.639715813680511003e-01 7.234818993158659284e-01 8.643281342538131629e-01 1.000000000000000000e+00 8.158326643352106222e-01 7.540505656366299769e-01 8.944302367850790469e-01 8.914093567327295853e-01 8.086824578013885878e-01 5.534121170374456389e-01 6.845747565436651749e-01 5.590834163223319386e-01 6.037624932465452954e-01 7.307211360781985521e-01 6.574513538617515751e-01 6.570393833076245693e-01 6.922039119963020459e-01 8.283303311105142397e-01 8.542679220393201156e-01 8.479122019051633652e-01 7.841261385944481299e-01 7.735200604970907667e-01 8.437389715847603000e-01 8.529049288933424622e-01 8.322983715974565655e-01 8.096475015075863535e-01 7.984696547827410118e-01 8.676718821094213663e-01 8.287770784827078741e-01 8.783907453700395829e-01 8.945258101598104750e-01 9.086949434189804942e-01 9.179328633287111572e-01 9.093417238158150173e-01 9.154008957813416503e-01 9.135822214628748217e-01 9.104054243904958765e-01 8.922869788180919359e-01 8.976774437782911731e-01 8.920535771809122716e-01 8.919490149506351662e-01 8.869516639813325165e-01 9.010555174770299436e-01 9.151068166874157805e-01 9.018080511105783792e-01 8.702756474909333351e-01 8.701017187164804545e-01 8.920364151271992226e-01 8.889802755954059332e-01 8.944572592144197642e-01 8.716080990664085704e-01 8.973701560436023739e-01 8.982809812875932609e-01 8.863669359139301207e-01 8.869823600789630280e-01 9.008708175875250745e-01 8.811110120103903265e-01 8.838289839238695489e-01 8.920521633331194300e-01 8.792016306162432349e-01 8.668509713822282192e-01 8.602468654866957110e-01 8.802098048635577099e-01 8.939692492304607274e-01 8.627496949330407672e-01 8.738071507064010257e-01 9.018719356912315854e-01 8.943448104164640755e-01 8.899354880409124924e-01 8.708668400087838934e-01 8.901773167189898084e-01 8.596263147314470165e-01 8.609388141677560835e-01 8.888172309188164810e-01 8.815446254391857694e-01 8.563296396782875686e-01 8.848992894979690327e-01 8.883395465317727169e-01 8.936500833213042450e-01 8.953342831780946032e-01 9.000139599709482408e-01 8.919919307049034574e-01 9.086987302001962030e-01 9.058935060413393359e-01 9.106062535231519428e-01 9.117261306122610431e-01 8.875573657566062646e-01 8.885157167588875193e-01 9.139394540592038485e-01 8.978041097458743236e-01 8.972170289470894344e-01 9.017752150496382013e-01 9.114169204708176819e-01 9.011580006354935612e-01 8.985631149056521050e-01 9.103657039163656206e-01 9.136184275891811035e-01 8.890503468179385971e-01 8.960356493362539032e-01 8.865629468789744116e-01 8.881415558520757703e-01 8.966666089608508194e-01 8.937952149051112682e-01 8.966278661163740171e-01 8.890971871156266859e-01 8.993317992205237532e-01 8.958546432659639791e-01 8.933458732465314744e-01
5.239665373535569437e-02 1.352855075207080038e-01 3.822255697470691160e-01 5.266416475398429942e-01 5.002469045338965303e-01 5.880096208961999027e-01 7.340340072913457137e-01 7.355889630111603905e-01 7.706843575220825304e-01 7.154224647784671598e-01 7.893805768064233730e-01 8.158326643352106222e-01 1.000000000000000000e+00 7.184689694376451552e-01 8.466862284559125706e-01 8.568321870625068559e-01 7.615964099103578189e-01 5.328250893099142349e-01 6.318514799693554229e-01 5.125939166680507642e-01 5.496830313074593244e-01 6.579883135183420828e-01 6.245743174920811436e-01 6.110541755332968838e-01 6.333826294169656590e-01 7.847258140810098315e-01 8.110787622083474036e-01 8.090955532267202210e-01 7.776059966221438025e-01 7.608485874738381005e-01 8.049119979478691622e-01 7.967029610003507623e-01 7.956746375703641627e-01 7.657659430213163976e-01 7.787733750270318112e-01 7.861180311608562121e-01 7.945314381684349669e-01 8.393639514357512654e-01 8.508738313702366440e-01 8.402072555487042349e-01 8.640550109451140548e-01 8.622433252194777742e-01 8.565430356720600269e-01 8.658340843766589856e-01 8.524062070114510892e-01 8.534926515715705042e-01 8.648459916090091015e-01 8.642711423818659755e-01 8.613546659694816254e-01 8.349463784737105598e-01 8.578923817564415577e-01 8.336792797707485159e-01 8.558332979303383548e-01 8.590977275921257705e-01 8.520057137695863370e-01 8.482022546221823500e-01 8.615993867770782577e-01 8.652732196651569119e-01 8.552939338947116443e-01 8.713978789678445969e-01 8.688562739916615429e-01 8.664255430380144452e-01 8.611224105573742627e-01 8.696984627357255970e-01 8.584559146102141991e-01 8.629480766919943591e-01 8.646935883278368262e-01 8.457424592124679341e-01 8.395848955824140036e-01 8.247386249169128547e-01 8.326713350898720112e-01 8.547536223115319576e-01 8.303150272489970840e-01 8.308265815088018424e-01 8.676144304128288187e-01 8.647996488338904886e-01 8.674730126040999245e-01 8.553135278649490747e-01 8.652719240564082925e-01 8.512024819663133179e-01 8.498455679667930029e-01 8.632310245178741459e-01 8.542027877885044473e-01 8.449513250446745172e-01 8.502213837606815705e-01 8.507868176433069918e-01 8.613966992188929472e-01 8.646899244106330817e-01 8.668062740028091850e-01 8.624008023329395867e-01 8.650532941273106902e-01 8.700960434147813061e-01 8.687507777759855276e-01 8.720585168878757232e-01 8.631834624197468608e-01 8.649551095601188955e-01 8.614920330501005807e-01 8.651289471140791720e-01 8.680483964389347218e-01 8.662510014944824199e-01 8.699366547522755511e-01 8.673188006514005455e-01 8.650998485480665412e-01 8.714027834670032835e-01 8.696885554761025761e-01 8.656478267403753257e-01 8.693170115967270295e-01 8.644282046977010969e-01 8.666130378784712152e-01 8.674981146491649309e-01 8.656413543184241499e-01 8.692643088857933131e-01 8.652546821653330777e-01 8.690875778462567869e-01 8.668527556601194339e-01 8.699983434237579250e-01
