1.000000000000000000e+00 7.328755976636054659e-02 1.306788251124665345e-01 6.060767258234811550e-02 5.853002787130230644e-02 8.987660387712424759e-02 8.033211464162286208e-02 6.042667629917360117e-02 1.746675870676925590e-01 7.347372180542953435e-02 6.285091237497308914e-02 3.379414139232320841e-02 4.679443220720019142e-02 6.753940449745360342e-02 4.719827623869617822e-02 6.070716096818496582e-02 5.805563357368791894e-02 1.748805235220315946e-01 1.075781332162073639e-01 1.630176010108406459e-01 1.355143588972980706e-01 1.508745418201716815e-01 1.216209922827404255e-01 1.590311706547537784e-01 1.288286996508572479e-01 1.522374760199584898e-01 1.182711825116808113e-01 1.052405298071554807e-01 1.610904454240566219e-01 1.590868477967758987e-01 1.027107503408285077e-01 8.481677254217923068e-02 8.210060372161499809e-02 8.419526369374330521e-02 1.199597131610941336e-01 1.125416563390892015e-02 7.378837317404429719e-02 4.480060943372499854e-02 3.560859446376645615e-02 2.385979187958836220e-02 4.727291006503083620e-02 4.682902398146620432e-02 2.785014650052344484e-02 3.485904441158983735e-02 4.909682451840369222e-02 5.586700378432306324e-02 2.493413481060539894e-02 2.953221578884429946e-02 1.659216453295722302e-02 7.708700642709352679e-02 3.825554071464862954e-02 3.282355106694227753e-02 4.914601565281306178e-02 5.296186036981530981e-02 6.695494433044790750e-02 4.327834666937645236e-02 8.774071102413025236e-02 2.332228313110181611e-02 4.587995396896554778e-02 5.807290372296339959e-02 5.163456545061794606e-02 5.142859054944071140e-02 5.559613300165033162e-02 4.413099930234332113e-02 6.093202013832429292e-02 6.744920260089277975e-02 3.019185189190756388e-02 4.581589414386885717e-02 5.157170614252797047e-02 6.107692721088851806e-02 4.447481618814244642e-02 4.840837899535242739e-02 6.414535732693105174e-02 6.214934361220252057e-02 5.049387519626467868e-02 5.496783132965897545e-02 5.082867037310664915e-02 8.310134647208008984e-02 6.147912269416790781e-02 4.945409191624632050e-02 5.188230238855591481e-02 4.330796761149714735e-02 4.522199986835438723e-02 2.913581937935562360e-02 3.819468498221743891e-02 4.593533737423342866e-02 2.456239584801972811e-02 2.075870787705047515e-02 1.773575635507324000e-02 4.300343106164379592e-02 2.118197735557537237e-02 1.697336742417963895e-02 1.610833741765614613e-02 2.066663694100836016e-02 1.033754517419863996e-02 1.470214194080074997e-02 5.172541264157014262e-02 6.548136115219846398e-02 3.132487800690036267e-02 2.040543030447923220e-02 1.285125207574407645e-02 4.005577647297789423e-02 2.857757931792999709e-02 2.035326841595308869e-02 3.304678311055133516e-02 5.818034554263216279e-02 3.314644223751699037e-02 1.991112540065302292e-02 3.611292414329590750e-02 2.942517352211427781e-02 2.189172513960407906e-02 2.881972348322437219e-02 3.616248281682672011e-02 2.930231392972408588e-02 2.913484466582746263e-02 3.853819551853589903e-02
7.328755976636054659e-02 1.000000000000000000e+00 7.564815910186580006e-02 3.769582972950550476e-02 3.989344810307868250e-02 5.156649203998154435e-02 1.130105453591119385e-01 9.140892886152993113e-02 1.815805864090371535e-01 1.662887673678212497e-01 1.428693437914114184e-01 1.323281594275602657e-01 1.217537477767944298e-01 1.081919438957310714e-01 1.507200666306189596e-01 1.381064841865146109e-01 1.400950640792169577e-01 1.269617397640333822e-01 1.350723332103480612e-01 7.743717343992534419e-02 5.248562798152163478e-02 1.055693960306716417e-01 1.852594965534831994e-01 1.285748345347237642e-01 1.259664514607002350e-01 1.573973529519044623e-01 1.669221626439387762e-01 1.674702059877813398e-01 1.891391031509348231e-01 2.018181466614517861e-01 1.824137925535796456e-01 1.767833860724455086e-01 1.705742148413036674e-01 1.757518361287701558e-01 1.937538852845673287e-01 1.540879880190688389e-01 1.841336477836209573e-01 1.592253925694856465e-01 1.711480157940277191e-01 1.451650971622480968e-01 1.615538541696232289e-01 1.579540159089229123e-01 1.473009336733460128e-01 1.460676378014947874e-01 1.548955501852835870e-01 1.617961770353776030e-01 1.500440165030688111e-01 1.670132297324598003e-01 1.542528228932323053e-01 1.523284020220983526e-01 1.490592435203923760e-01 1.069360990950400381e-01 1.347484168253355319e-01 1.675902458292010677e-01 1.619669370905694183e-01 1.645989533697126417e-01 1.457971190428918318e-01 1.415869738267576672e-01 1.509127406287670281e-01 1.542854974114329369e-01 1.436243807219926560e-01 1.557359802615116973e-01 1.498902274718605654e-01 1.536322625681382503e-01 1.497253699431538299e-01 1.544587156651593407e-01 1.623612787074048269e-01 1.546622557339955295e-01 1.667284183651006890e-01 1.335464585136687254e-01 1.319123394026053553e-01 1.527012299822514130e-01 1.526386768481075851e-01 1.449730749574903443e-01 1.607280066166312249e-01 1.627655984040355386e-01 1.651121702265625490e-01 1.765666732438327391e-01 1.625263657614090806e-01 1.726831367458481481e-01 1.729370615243107645e-01 1.684509774650013725e-01 1.648936115524060886e-01 1.748512935450350358e-01 1.582563302895524382e-01 1.653832382796975031e-01 1.649573570078723683e-01 1.577693186708015172e-01 1.599127464100148222e-01 1.639527407430462214e-01 1.583165467337058208e-01 1.533134092539421844e-01 1.538764678655954177e-01 1.556032620648791776e-01 1.549041112878430104e-01 1.588663851123705839e-01 1.452673335417444811e-01 1.439182405201706039e-01 1.502456101352967754e-01 1.494677160376938763e-01 1.471499237010086281e-01 1.506712741119178300e-01 1.437969619832947521e-01 1.473637678239781423e-01 1.462458378501445833e-01 1.524395908687247725e-01 1.558075758421577361e-01 1.628754385985880238e-01 1.596761469282294843e-01 1.542060625372547733e-01 1.502264925786270799e-01 1.543592064655230911e-01 1.523343324518903752e-01 1.538117375467458470e-01 1.505175404918708548e-01 1.541839827734451662e-01
1.306788251124665345e-01 7.564815910186580006e-02 1.000000000000000000e+00 3.630398305179404761e-01 1.877661148864532004e-01 2.691934514849175786e-01 3.684990899297250211e-01 3.319687599304192993e-01 3.679199864250828345e-01 3.066199744224566981e-01 3.507365743526836832e-01 3.639121122851324275e-01 3.310826169890717097e-01 2.598858259378564184e-01 3.702737505300731091e-01 3.663927043619137902e-01 3.490709903892382782e-01 3.770121767409018720e-01 3.802514543687480764e-01 3.613074263916885576e-01 3.744495783200843531e-01 4.078880266666981558e-01 3.530694094660794535e-01 3.732209153247876277e-01 3.751471650042601524e-01 4.100575548025342520e-01 4.035528617266936346e-01 4.111351262971766340e-01 3.851475147624824347e-01 3.808212265087956849e-01 3.885455062477367605e-01 3.895296311218550134e-01 3.612460836299243860e-01 3.735156958268915917e-01 3.588996688750434871e-01 3.179469287644134945e-01 3.525468611251686979e-01 3.796857770123063247e-01 3.694793942364604233e-01 3.700277907253096688e-01 3.739254521844334045e-01 3.821172986766167567e-01 3.675014863021396905e-01 3.785556988379709664e-01 3.722450350670243324e-01 3.826897830533541600e-01 3.624752232835948829e-01 3.605570168830730671e-01 3.540025683688931002e-01 3.809872295984706447e-01 3.746702894666356087e-01 3.599371300709039434e-01 3.745480630455085835e-01 3.643178284426890068e-01 3.756558687755386927e-01 3.716555060978238845e-01 3.717877648076757247e-01 3.629699066651335682e-01 3.719954380117020398e-01 3.623106796009734620e-01 3.707011298614167893e-01 3.662445792297390756e-01 3.712986301421567492e-01 3.642052914144112696e-01 3.658959668992181058e-01 3.592844584613160697e-01 3.603596262617957402e-01 3.795766110798260984e-01 3.748232691153556839e-01 3.990566956468771243e-01 3.937221484349205936e-01 3.817246201101661685e-01 3.906918340654498834e-01 3.945306370496955983e-01 3.796762011905634449e-01 3.793711759358049940e-01 3.873221915921941649e-01 3.841241088304429008e-01 3.888027577272398783e-01 3.743055626821427118e-01 3.675891041901657164e-01 3.653168915403233186e-01 3.678440859120936657e-01 3.580830744903800711e-01 3.709030764449459117e-01 3.754769362395141696e-01 3.532916742657281617e-01 3.682785956002900818e-01 3.563247348898020972e-01 3.732523923015318990e-01 3.625366234992588033e-01 3.643182109642364996e-01 3.627461942511813198e-01 3.661040680036396489e-01 3.529237112479187699e-01 3.524208652202295289e-01 3.834931234245689269e-01 3.743731763104842791e-01 3.632733585486719874e-01 3.632861935303994261e-01 3.621564683300593224e-01 3.672292418838938310e-01 3.636711947627891961e-01 3.612904350138744225e-01 3.672269737500210018e-01 3.737918900429992863e-01 3.604431531588542792e-01 3.543812645075125611e-01 3.648952213143411005e-01 3.576853185583070971e-01 3.629337579460850116e-01 3.577182385116010610e-01 3.667811830621112712e-01 3.628057581011454591e-01 3.571727691315601527e-01 3.572225537672408802e-01
6.060767258234811550e-02 3.769582972950550476e-02 3.630398305179404761e-01 1.000000000000000000e+00 3.601620527057304844e-01 3.678863537471442346e-01 5.722660303688184014e-01 5.660322288957120307e-01 5.301531311189788820e-01 4.307553650069797513e-01 5.649046765170958606e-01 6.515551692951265794e-01 5.408507552532597629e-01 4.205485088656419901e-01 6.029747591423131325e-01 6.171100176878554500e-01 5.474790900895212253e-01 4.553633688092922349e-01 5.118210947581411929e-01 4.715239067770390924e-01 6.032601016108581904e-01 5.974963809158293504e-01 4.629225358281566227e-01 4.580094953578148775e-01 4.630021085249540480e-01 5.940683388005300047e-01 5.513762727354556414e-01 5.858822496871285423e-01 4.844105360977723485e-01 5.037184226300405188e-01 5.574840274511604354e-01 5.709338109720425436e-01 5.203309154833413164e-01 5.384274934055736095e-01 4.880906472769670490e-01 5.350802166344216237e-01 5.352434691795705524e-01 5.801101874671775738e-01 5.796242759929070010e-01 5.891539058739021506e-01 5.970670142621673504e-01 6.077853019782016863e-01 6.022786147729584094e-01 6.109506564378185400e-01 6.027637156266568708e-01 5.906218849596757137e-01 5.902097474677108213e-01 5.775021636355932575e-01 5.809607335561426389e-01 5.973471211373071466e-01 5.932426442980186510e-01 6.337266911544394699e-01 6.270194920025051744e-01 5.764287613294425405e-01 5.899330068065899990e-01 5.825403722408589724e-01 6.009820604022277912e-01 5.958283303596104696e-01 5.898325815461373800e-01 5.947145237587283528e-01 6.045773159978922173e-01 5.875821061729845640e-01 5.915027325639655720e-01 5.958628078910382930e-01 5.995219822330595250e-01 5.933779983774467581e-01 5.825493255218897604e-01 5.844994250631916355e-01 5.747969866141018347e-01 6.191848662494858768e-01 6.375837579245073883e-01 5.936133760756950872e-01 5.777923602846615214e-01 5.852454129699317109e-01 6.013454771446422598e-01 5.833783452497951494e-01 5.868526488599650204e-01 5.601719506022226902e-01 5.864669675941507343e-01 5.672761516340755206e-01 5.637181610388600772e-01 5.750806873108825767e-01 5.885895625646681006e-01 5.588108343493289887e-01 5.901804837866848619e-01 5.843753921871428503e-01 5.748048611234228833e-01 5.984738895259625879e-01 5.840127787630287060e-01 5.970163683847712344e-01 5.931622847201879489e-01 5.961992246367057158e-01 5.960232401260583401e-01 5.950846960693270127e-01 5.857125136179458513e-01 5.811328280496560472e-01 6.226828332860051551e-01 6.142366747993971421e-01 6.016323410533499505e-01 6.042954570259478908e-01 6.033963662817781737e-01 6.014716777602020503e-01 6.004962950412986444e-01 6.038335469004358913e-01 6.097930992674593931e-01 6.064473333047989412e-01 5.894420326912368502e-01 5.744008533318595289e-01 5.918033525066556111e-01 5.894959541772224476e-01 5.942517617149389864e-01 5.891741575651462393e-01 5.986371466743550807e-01 5.982588199817442387e-01 5.905415706072343340e-01 5.915231931183176917e-01
5.853002787130230644e-02 3.989344810307868250e-02 1.877661148864532004e-01 3.601620527057304844e-01 1.000000000000000000e+00 3.182365698801071785e-01 4.612440569928993317e-01 4.663273769434300720e-01 4.262253874125873088e-01 3.807452398567225393e-01 4.402474824839611722e-01 4.814831011905326696e-01 4.618000445790849118e-01 3.172390875326673854e-01 4.683035932063111528e-01 4.804484734103266486e-01 4.398328272401783590e-01 3.729419914610040965e-01 3.983044129930490840e-01 3.376869662435025288e-01 3.843939887928724541e-01 4.259495005329223538e-01 4.167353492524032976e-01 3.811218065368832120e-01 3.821538626049217346e-01 4.720157307160862681e-01 4.524556094628336411e-01 4.504825525128099972e-01 3.629030915404065638e-01 4.323577888140555658e-01 4.632922330832285884e-01 4.658059702891889087e-01 4.289930279921975731e-01 4.522517097550828313e-01 4.330717036794616837e-01 4.496235093071621614e-01 4.581768511696954205e-01 4.648357832386844635e-01 4.740403661447661343e-01 4.679823063368416802e-01 4.765545046221505432e-01 4.840184235698330451e-01 4.956627021373070652e-01 4.864513028753472135e-01 4.887982939719994757e-01 4.783763229448038667e-01 4.760575368136752972e-01 4.664632212136217704e-01 4.629594491861885874e-01 4.607256406070350252e-01 4.728736032147891066e-01 4.833552565799890122e-01 4.932330544505698633e-01 4.628030219424749681e-01 4.661177308702914579e-01 4.720101516579586765e-01 4.595122133153964894e-01 4.734797488779451391e-01 4.661649406051104894e-01 4.829494467587511775e-01 4.825181547398509352e-01 4.675234939180407667e-01 4.550754746209419999e-01 4.750351060400034853e-01 4.784562308620852189e-01 4.700493780718479342e-01 4.724625122232195551e-01 4.698802091080970245e-01 4.727187655289332158e-01 4.712929784145995504e-01 4.757098110714093053e-01 4.720971753976785923e-01 4.695356773173025577e-01 4.703366291172729752e-01 4.809528535407683325e-01 4.702650018320841951e-01 4.689599264740360041e-01 4.348059592432317322e-01 4.732289049588951357e-01 4.661170109362496872e-01 4.708042587385205535e-01 4.701841315184943082e-01 4.807954177257631745e-01 4.618432996914634825e-01 4.757546839187326015e-01 4.783945301800468508e-01 4.747610067055456073e-01 4.774434283431380766e-01 4.768955584516836876e-01 4.798851787277348402e-01 4.787534391758304642e-01 4.773089321188729306e-01 4.802296316589371172e-01 4.768583450866302198e-01 4.712329111887306743e-01 4.670135311774959441e-01 4.896295036162505721e-01 4.841666646793366668e-01 4.842665684214660371e-01 4.842117579131345328e-01 4.870833837827495127e-01 4.735012585680538066e-01 4.804543341098956866e-01 4.830294330861792940e-01 4.864710980229860482e-01 4.769248631531274873e-01 4.699723810484823239e-01 4.681462433768251441e-01 4.751563188075447197e-01 4.730866059185863115e-01 4.759186807057834145e-01 4.753330557695845671e-01 4.743159730819571096e-01 4.805480684757699184e-01 4.742462713837085619e-01 4.739751674036857820e-01
8.987660387712424759e-02 5.156649203998154435e-02 2.691934514849175786e-01 3.678863537471442346e-01 3.182365698801071785e-01 1.000000000000000000e+00 5.506880927198908315e-01 4.620796755482510232e-01 5.267184741983437224e-01 4.843762142518567293e-01 5.441437038487730860e-01 5.602935386811186413e-01 5.203176340507970066e-01 3.901304940853497216e-01 5.731988634524219917e-01 5.778819358720542754e-01 5.426818470460705868e-01 4.849019113746127485e-01 5.111753667301465187e-01 4.015767253146886873e-01 4.252693314188005780e-01 5.116398130147112866e-01 5.177070223814571603e-01 4.732736121754420600e-01 4.884707046879436243e-01 5.770194566365450806e-01 5.866663101634234101e-01 5.762234179127326827e-01 5.271887142749539512e-01 5.538988923170909962e-01 5.885815652966076561e-01 5.970317159265188245e-01 5.497220167299025073e-01 5.589340705505004836e-01 5.302488387094709266e-01 5.238079631922091250e-01 5.629538589088872724e-01 5.971375148110401598e-01 5.910769315375544730e-01 5.698433643793286985e-01 5.989150827815789002e-01 6.023103250901931105e-01 5.875779656390806016e-01 6.063192902629809256e-01 5.967200466882363052e-01 6.094291039062796900e-01 6.039745511337837325e-01 6.007012407630087925e-01 6.006033926870169015e-01 5.815210904578442808e-01 5.963898694163813907e-01 5.683523744786619369e-01 5.968822181156467899e-01 5.988942504683828494e-01 6.012534018744697395e-01 5.988103767801711275e-01 5.912329372530112925e-01 6.013178062628606879e-01 6.056769807478651346e-01 6.004591161919229370e-01 6.020229935709137115e-01 6.045481725942667417e-01 5.989674236811016739e-01 6.008976422974625642e-01 5.959923051178728226e-01 5.979569484832805148e-01 6.024393448250450200e-01 6.062232338473361182e-01 6.061518662786749001e-01 5.945231299167480499e-01 5.865310361253940341e-01 6.044307533918361619e-01 5.951498514217409275e-01 5.935263709334247517e-01 6.090293731159330815e-01 6.064306439037757679e-01 6.090892296067814682e-01 5.932599395108120177e-01 6.058453952320984603e-01 6.002888026791581844e-01 6.001562843956284032e-01 6.043746060296741884e-01 6.021640157029968243e-01 5.935015578168443273e-01 5.983125572488365851e-01 6.009121355134295905e-01 5.910482431125958502e-01 6.053977071185526748e-01 6.003709039191177377e-01 6.071598144207395187e-01 5.987256408704505484e-01 6.056260445971137774e-01 6.022558901060955927e-01 6.075573991641939342e-01 6.015583848936320033e-01 6.002493691992316638e-01 6.053883141891731601e-01 6.012510530714955115e-01 6.038611815391830007e-01 6.024580115562526705e-01 6.043039722460992191e-01 6.057293391807558880e-01 6.032667124943720260e-01 6.049376007664419852e-01 6.031822460668688768e-01 6.057169545326117621e-01 6.040248055304249242e-01 6.039013656455661794e-01 6.079972560290100025e-01 6.051167714530729658e-01 6.056400854560646252e-01 6.043757307750113883e-01 6.072730380911040005e-01 6.036616191054858804e-01 6.002247259315821593e-01 6.023853161541757872e-01
8.033211464162286208e-02 1.130105453591119385e-01 3.684990899297250211e-01 5.722660303688184014e-01 4.612440569928993317e-01 5.506880927198908315e-01 1.000000000000000000e+00 7.172693544874263472e-01 7.394839579915101213e-01 6.594980428318709675e-01 7.497705755213173173e-01 8.090451680613498509e-01 7.206413306949697173e-01 5.534067048549472512e-01 8.227723788238712199e-01 8.081599616171284417e-01 7.379176095190508322e-01 6.659316270784170211e-01 7.060147082811770725e-01 5.772046986615764208e-01 6.379304370043950012e-01 7.206325345683916028e-01 7.334155061193879943e-01 6.711822341996613872e-01 6.637155411258799376e-01 8.050209299357534709e-01 7.875452559823475918e-01 8.060064944270313170e-01 7.163147230465521931e-01 7.686501513683288156e-01 8.088478124360775068e-01 8.163044948523634492e-01 7.645769650431026854e-01 7.884630083692272251e-01 7.543169886013111336e-01 7.418478053126236205e-01 7.733527769495647242e-01 8.249467071910266958e-01 8.186806990285508956e-01 8.113504539633575874e-01 8.266169325378862620e-01 8.346273388897600398e-01 8.173808914956672833e-01 8.270504247553330801e-01 8.196351950577606127e-01 8.280096323121063362e-01 8.138864452235279323e-01 8.029083201937219361e-01 8.050820597973961101e-01 8.036115590768507788e-01 8.259160461342300863e-01 7.780765491084371543e-01 8.136916570764237688e-01 8.062594567818730518e-01 8.154313961094514784e-01 8.202845656397533824e-01 8.084476704128807922e-01 8.125956077535092525e-01 8.212796583073053158e-01 8.105374979587580686e-01 8.192011776058041317e-01 8.142781331092304731e-01 8.136943812730460523e-01 8.162584919428307328e-01 7.987797077120442069e-01 8.007466360077182266e-01 8.081601753573340874e-01 8.173070714423256167e-01 8.201381507925338266e-01 8.109834579170132063e-01 8.113556486114336108e-01 8.115913389488357277e-01 8.152794324455062691e-01 8.087416587262120649e-01 8.269621083037685949e-01 8.178155059525236137e-01 8.230492441116196156e-01 8.000924713934450816e-01 8.264234212009097247e-01 8.090743756628453465e-01 8.102235505084630640e-01 8.169844127811377588e-01 8.213238336275928697e-01 8.079682548319030433e-01 8.203562488451525692e-01 8.227534548373497403e-01 8.032199082581028549e-01 8.270188092304020522e-01 8.142676890978981508e-01 8.278131086856336252e-01 8.202361080864564169e-01 8.208455843364506066e-01 8.139785760105318069e-01 8.202612482298714536e-01 8.078324738019269091e-01 8.031472157180774563e-01 8.298636515159262261e-01 8.138712251033541900e-01 8.209698542481967953e-01 8.250619586332577082e-01 8.191994379434583973e-01 8.172955185380375021e-01 8.070777140926431725e-01 8.166944221427224759e-01 8.131469366100079199e-01 8.143906243213403506e-01 8.094257225611500850e-01 8.073374556614167918e-01 8.199433878857413927e-01 8.124853658422964697e-01 8.155814470213008649e-01 8.047678172598189406e-01 8.118908988724623521e-01 8.115858533569493272e-01 8.041570875181091038e-01 8.042323145682487295e-01
6.042667629917360117e-02 9.140892886152993113e-02 3.319687599304192993e-01 5.660322288957120307e-01 4.663273769434300720e-01 4.620796755482510232e-01 7.172693544874263472e-01 1.000000000000000000e+00 6.790136932789754276e-01 6.232866010427925429e-01 7.146005334756547756e-01 7.659850685313159824e-01 6.856425467034570342e-01 5.182052673760371153e-01 7.569699642029241726e-01 7.744947935314148157e-01 6.955165307544263209e-01 5.622137603115752169e-01 6.331778904095777261e-01 5.091766812532405595e-01 5.796693002258582750e-01 6.660034151405430647e-01 6.429274821635495574e-01 5.746476320576272556e-01 5.917489307757783923e-01 7.383982070494212735e-01 7.206234137300647768e-01 7.307332768740302242e-01 6.309688529378019162e-01 6.904619514272061220e-01 7.402521404917582482e-01 7.475775940851886459e-01 6.809452495796946003e-01 7.261983624014245464e-01 6.857415667846443741e-01 7.022350780865084241e-01 7.200605488438309720e-01 7.597831305297052529e-01 7.613481265692249034e-01 7.473784399378834431e-01 7.703444858778636384e-01 7.738309853323821486e-01 7.621845237608434465e-01 7.733105395931004766e-01 7.670083261850189071e-01 7.626522847658432358e-01 7.656775333922543059e-01 7.539270548041701048e-01 7.578812568539557981e-01 7.535637315890125754e-01 7.704532669093410169e-01 7.501019258940159196e-01 7.703062369610544913e-01 7.557426920479817234e-01 7.629674683262376300e-01 7.621280050464873668e-01 7.605921245856070989e-01 7.673914517915760847e-01 7.700090232869473139e-01 7.634520987468298436e-01 7.719569434726820667e-01 7.630770942153911607e-01 7.617828393469936454e-01 7.674492746324109715e-01 7.594993227958850568e-01 7.581413039386906139e-01 7.595310401785433374e-01 7.564434294109532164e-01 7.617117983976258166e-01 7.507012617543072919e-01 7.600137397128242656e-01 7.567462860541123160e-01 7.471296603931116831e-01 7.448780839761515171e-01 7.725922518648905557e-01 7.593106003544675131e-01 7.577292764565142225e-01 7.343727147171379421e-01 7.572593259914336405e-01 7.479260187686304073e-01 7.522608969385602418e-01 7.610637886591137269e-01 7.689109158764871887e-01 7.455462895013647007e-01 7.678966250763247237e-01 7.663432251508865978e-01 7.559301866171737050e-01 7.728222263076280907e-01 7.659994688190612244e-01 7.726918082355244133e-01 7.665517012670532981e-01 7.692430439145616639e-01 7.654214378004003949e-01 7.639177236540641847e-01 7.613702983824579551e-01 7.565385697454923841e-01 7.817484403424599382e-01 7.725233067354974059e-01 7.737080898938311080e-01 7.776301235157936365e-01 7.710044559425214272e-01 7.697540242840027469e-01 7.642694813230889173e-01 7.725242059321297816e-01 7.722698006896321354e-01 7.684882294544587156e-01 7.630851252672671281e-01 7.586345118247959096e-01 7.693069435938872935e-01 7.645816814767936176e-01 7.676521654095306291e-01 7.600245786014790950e-01 7.640515754752148503e-01 7.681156677098851526e-01 7.569913175862338361e-01 7.620519859727657996e-01
1.746675870676925590e-01 1.815805864090371535e-01 3.679199864250828345e-01 5.301531311189788820e-01 4.262253874125873088e-01 5.267184741983437224e-01 7.394839579915101213e-01 6.790136932789754276e-01 1.000000000000000000e+00 7.231988102905090310e-01 8.013391472920251557e-01 8.140469411576980452e-01 7.556750873144855163e-01 5.723294772266340757e-01 8.228229110306826133e-01 8.240516282830672168e-01 8.003051890296194459e-01 6.854296308054956821e-01 7.403405768780355611e-01 5.601132583945901411e-01 5.877210316156125103e-01 7.356249269692637371e-01 7.641679851841818305e-01 6.879539897481325994e-01 7.068594900943425685e-01 8.221978584071305551e-01 8.251806505401834135e-01 8.208268817927393268e-01 7.505809187060186183e-01 8.297030364781354805e-01 8.584479959111485092e-01 8.591525232717127647e-01 7.735947727454594025e-01 8.225894227861699770e-01 8.069242889660168672e-01 7.567880712399905896e-01 8.172345013574509043e-01 8.354664525859440971e-01 8.511566032968238549e-01 7.976351987423374590e-01 8.557332591589316140e-01 8.511581253717493967e-01 8.255334173396154940e-01 8.561248064492922305e-01 8.421837672254594009e-01 8.567141349719658017e-01 8.580168868320284803e-01 8.626770503441250071e-01 8.520619239897095909e-01 8.374084164343177372e-01 8.388789489660288812e-01 7.914778819229285611e-01 8.453028681387928511e-01 8.708480843385406622e-01 8.688636598272758693e-01 8.457401775940696087e-01 8.593315856985068724e-01 8.506705963532972259e-01 8.583750923658753917e-01 8.691277027189788784e-01 8.615252281625070951e-01 8.640480066024761596e-01 8.514424338943420434e-01 8.634739444183264778e-01 8.626696357828197437e-01 8.688603545444109066e-01 8.605988759132211507e-01 8.609479888012051552e-01 8.660761327864913151e-01 8.310284203901051603e-01 8.369792778028775082e-01 8.587982991245287634e-01 8.456111394927109393e-01 8.415706155463665850e-01 8.673728881792304168e-01 8.652688799429765210e-01 8.594938523510863293e-01 8.460363148471633510e-01 8.605983222159132584e-01 8.644346948632969374e-01 8.647448655128371353e-01 8.649028262798686972e-01 8.661278259186536710e-01 8.549300365289644876e-01 8.570692899334246828e-01 8.635707765921937229e-01 8.435652363365869766e-01 8.540155068994337295e-01 8.547212227134539653e-01 8.621739672490821293e-01 8.465901930996280189e-01 8.547563533665721858e-01 8.539426209001357293e-01 8.571496608218821533e-01 8.553686193538452276e-01 8.573980781521659544e-01 8.560474812698466440e-01 8.629712680996162177e-01 8.601809228706099875e-01 8.531627429789910844e-01 8.479875790266687696e-01 8.611040546280402941e-01 8.546362895118538860e-01 8.571977446976667414e-01 8.550808997349279572e-01 8.640450425222317987e-01 8.642234406724158546e-01 8.579724035109042024e-01 8.631265159696945855e-01 8.628278474346652294e-01 8.553142735484525749e-01 8.621210341776446295e-01 8.606541895482203719e-01 8.594802615469221418e-01 8.601588939707903725e-01 8.634122402123807216e-01
7.347372180542953435e-02 1.662887673678212497e-01 3.066199744224566981e-01 4.307553650069797513e-01 3.807452398567225393e-01 4.843762142518567293e-01 6.594980428318709675e-01 6.232866010427925429e-01 7.231988102905090310e-01 1.000000000000000000e+00 7.178982315545492376e-01 7.230522834038723978e-01 6.838100416427669304e-01 5.136581924821648215e-01 7.565860034229543452e-01 7.440526694467765045e-01 7.139953950812831796e-01 5.970240547700601530e-01 6.574129283250135236e-01 4.599340479445281349e-01 4.874105605226186078e-01 6.358909622872913614e-01 6.952995578831474566e-01 5.984111018758001554e-01 6.200659239150918545e-01 7.381896335244599872e-01 7.488107672335634346e-01 7.482346831778666774e-01 6.837283384735033387e-01 7.493034436881056415e-01 7.877318089923021072e-01 7.786508078831390067e-01 7.217983737166587810e-01 7.531702850501622581e-01 7.334416165552390954e-01 7.089411337027926585e-01 7.601493171825977058e-01 7.760309937040379413e-01 7.889815234565427104e-01 7.415255753336543743e-01 7.859241241143499757e-01 7.822928846779526602e-01 7.595807330577960537e-01 7.848221537978266049e-01 7.733976153935118170e-01 7.907084184338785127e-01 7.871623600743654636e-01 7.932775857921672280e-01 7.812998422520173181e-01 7.468638031059087190e-01 7.726154159228073581e-01 6.972315924587800806e-01 7.568621344368131609e-01 7.896385842044896242e-01 7.819907020575891377e-01 7.858958440681395041e-01 7.594049458460889745e-01 7.803863915637002657e-01 7.811947049192036197e-01 7.883812017321653043e-01 7.749721358143714101e-01 7.878021390450675732e-01 7.716825660479713633e-01 7.881714707145143217e-01 7.746176586527675489e-01 7.809735036997681457e-01 7.890804345507053119e-01 7.829638345671644517e-01 7.931463228305620783e-01 7.419368097845738808e-01 7.527808505837380038e-01 7.842007349952588857e-01 7.643365405898491227e-01 7.582791065841889555e-01 7.948849393863215429e-01 7.933466122456233061e-01 7.902352613379578505e-01 7.760627163538067474e-01 7.901686424185694335e-01 7.943951737813002012e-01 7.983052372184064049e-01 7.990558797887463705e-01 7.953727046334949646e-01 7.919713452078233074e-01 7.890780738227245461e-01 7.920057496551322629e-01 7.868493579168018837e-01 7.939565962226221574e-01 7.919759226297441446e-01 7.955587412846788498e-01 7.866920901438227975e-01 7.896107927787210379e-01 7.859355090583958203e-01 7.909711700823628400e-01 7.893185310704790014e-01 7.871741334916625421e-01 7.686824072772269201e-01 7.686758070327366354e-01 7.804080968176105859e-01 7.817001507459813148e-01 7.797612648972249705e-01 7.828527548291287497e-01 7.742629364033902784e-01 7.841954710256298089e-01 7.761017507806808879e-01 7.804956509856465496e-01 7.875861753768780282e-01 7.924037561544935437e-01 7.947549162335956208e-01 7.911459321262600541e-01 7.855653245923046590e-01 7.873140804314938679e-01 7.840090791143127236e-01 7.834393935697508971e-01 7.864884009877055604e-01 7.867645849427323812e-01
6.285091237497308914e-02 1.428693437914114184e-01 3.507365743526836832e-01 5.649046765170958606e-01 4.402474824839611722e-01 5.441437038487730860e-01 7.497705755213173173e-01 7.146005334756547756e-01 8.013391472920251557e-01 7.178982315545492376e-01 1.000000000000000000e+00 8.606505576986648309e-01 7.829310871246621950e-01 6.009519666960755346e-01 8.622797282474641278e-01 8.531784716306003435e-01 8.200228847190753623e-01 6.741116842630792139e-01 7.525169422953787990e-01 5.548495784617769599e-01 6.160489002592968166e-01 7.485388037400765304e-01 7.720595202866129547e-01 6.812631513625557744e-01 7.070506245776476684e-01 8.304531270876412963e-01 8.389963539250164803e-01 8.403457719719723551e-01 7.535200389896348216e-01 8.269715882156207787e-01 8.759608528076122669e-01 8.749901841293085125e-01 7.985973359672594585e-01 8.424292277972865728e-01 8.200970281194549516e-01 8.011850814302666768e-01 8.450193086255285424e-01 8.681595630314467016e-01 8.850414212129878999e-01 8.443334770694379543e-01 8.877673569187649605e-01 8.863090676783199617e-01 8.699954746705313990e-01 8.941294097189381729e-01 8.794273811175398192e-01 8.881382308505029188e-01 8.920693306513153287e-01 8.929999272503468255e-01 8.895023924296634465e-01 8.553747526261764600e-01 8.743598136992107861e-01 8.397679333975516247e-01 8.828346301425221698e-01 8.904420206455838649e-01 8.873947233947145907e-01 8.778755332624502694e-01 8.733891193704461653e-01 8.890703948868793338e-01 8.869696882687997386e-01 8.939979064892694671e-01 8.933808767852781108e-01 8.899173708208583111e-01 8.795629546048679970e-01 8.918491791548425196e-01 8.838603331076660963e-01 8.875115701108260424e-01 8.944749635527847742e-01 8.898422999112888254e-01 8.931068830682271642e-01 8.609352314005300766e-01 8.752456734865936561e-01 8.915069970854471171e-01 8.726648240870817919e-01 8.720251393852256339e-01 8.995960708796616467e-01 8.932314342599008139e-01 8.901101803545082847e-01 8.696319005390312773e-01 8.902989445661652068e-01 8.923421393423236481e-01 8.918383207939605262e-01 8.958085715624596324e-01 8.967710544507107029e-01 8.891707388352371177e-01 8.884974722095857480e-01 8.940359684454802780e-01 8.839973433468684139e-01 8.943908362708832271e-01 8.940042803220076273e-01 8.971515841809406533e-01 8.880193216259311129e-01 8.949563830737788939e-01 8.936598128644434036e-01 8.952161881676277133e-01 8.931875620974704111e-01 8.941964621841756999e-01 8.884319812390459870e-01 8.879805670861785627e-01 8.950880128901966826e-01 8.902303719135915561e-01 8.925430470012318818e-01 8.934402620514395599e-01 8.923102465733993016e-01 8.943257024836110958e-01 8.943509462544173561e-01 8.936316001806074993e-01 8.937327245972234158e-01 8.923994097246155111e-01 8.979814188446659795e-01 8.954465661757917694e-01 8.954280521490728395e-01 8.939936982695905199e-01 8.956363663780592121e-01 8.941956216876378871e-01 8.915049902359137857e-01 8.932633408097579997e-01
3.379414139232320841e-02 1.323281594275602657e-01 3.639121122851324275e-01 6.515551692951265794e-01 4.814831011905326696e-01 5.602935386811186413e-01 8.090451680613498509e-01 7.659850685313159824e-01 8.140469411576980452e-01 7.230522834038723978e-01 8.606505576986648309e-01 1.000000000000000000e+00 8.143772132143364262e-01 6.216877793427054710e-01 9.013667935271415521e-01 9.028701027763251785e-01 8.452274199405521715e-01 6.496757487848558998e-01 7.508261460013264665e-01 5.714424024366090427e-01 6.762372467595838543e-01 7.757350286588440280e-01 7.435714251959137933e-01 6.545537808804421376e-01 6.832250688363855629e-01 8.555622255173097601e-01 8.505623622186555544e-01 8.563642142182609218e-01 7.384209490827594591e-01 8.068636994376209293e-01 8.804198152270787947e-01 8.894559835062576525e-01 7.971791754338349856e-01 8.463712601380333211e-01 8.049662870145440907e-01 8.358824630477907913e-01 8.524619933116626136e-01 8.971783174536831496e-01 9.133424107883045817e-01 8.847603936160924887e-01 9.209203725372209215e-01 9.212180574258083121e-01 9.092986500288827711e-01 9.309533589644493068e-01 9.128262135276372646e-01 9.182954051589357070e-01 9.268226944225987918e-01 9.218372318551657507e-01 9.229914752104341202e-01 8.941325537739276408e-01 9.120914136432740627e-01 8.991362307972626811e-01 9.264590496853809531e-01 9.184708667649763569e-01 9.168085965046328667e-01 9.051520526909974107e-01 9.163811866568262188e-01 9.251352582076725062e-01 9.221302808956568509e-01 9.251635400215320049e-01 9.296070902889600474e-01 9.231984027893991307e-01 9.188971242529255790e-01 9.299359208090612894e-01 9.227524673481798390e-01 9.234777108716807348e-01 9.238502780499916467e-01 9.128007593277508436e-01 9.115551621486974732e-01 8.978163140015743560e-01 9.171702578226481606e-01 9.156080524607025373e-01 8.893147166661777847e-01 8.877375037927686119e-01 9.299604180270257814e-01 9.182215221441418773e-01 9.143409914431255281e-01 8.805960115591983106e-01 9.093885733575380881e-01 9.082334341658716559e-01 9.077561565208014382e-01 9.180691499101395481e-01 9.256165137351523020e-01 9.060133010438360390e-01 9.195308616530907253e-01 9.183063477086861326e-01 9.113599620529706513e-01 9.289225533225826670e-01 9.251650213419523316e-01 9.271986475473403821e-01 9.223772075310963103e-01 9.306325527932967079e-01 9.277628662401792292e-01 9.275938532809254733e-01 9.279826130850324928e-01 9.258618553357235159e-01 9.302824750678581056e-01 9.266722803539970688e-01 9.307684229239673313e-01 9.299904565144038182e-01 9.304232019821563338e-01 9.292256960123376208e-01 9.297248999100379274e-01 9.340321096248336286e-01 9.339444262924820883e-01 9.293798981066870857e-01 9.278123843624256351e-01 9.224064486982073152e-01 9.291984497093768169e-01 9.297961646168010352e-01 9.297447479477980448e-01 9.278385807063875834e-01 9.303980860427659705e-01 9.304718122709753070e-01 9.270186017306800697e-01 9.284903996816704641e-01
4.679443220720019142e-02 1.217537477767944298e-01 3.310826169890717097e-01 5.408507552532597629e-01 4.618000445790849118e-01 5.203176340507970066e-01 7.206413306949697173e-01 6.856425467034570342e-01 7.556750873144855163e-01 6.838100416427669304e-01 7.829310871246621950e-01 8.143772132143364262e-01 1.000000000000000000e+00 5.633893589054855822e-01 8.149348612975252371e-01 8.277122961954329616e-01 7.743743587655927962e-01 6.187610209952829621e-01 7.011133015061380425e-01 5.178811562873810725e-01 5.728693783275508045e-01 6.934341634875574867e-01 7.143415819080916052e-01 6.296829663096287222e-01 6.486980242307294198e-01 7.858816160645176740e-01 7.851008681506591591e-01 7.824708270297181523e-01 6.896970192973582714e-01 7.658165458867373099e-01 8.246959690524818809e-01 8.236103385129562859e-01 7.356174617384693137e-01 7.897722214961033771e-01 7.580586597365928103e-01 7.560798419472342102e-01 7.924551589415189667e-01 8.107967203661450295e-01 8.385381409007915954e-01 7.837013990796332097e-01 8.404883826267390834e-01 8.405179009767888010e-01 8.298310749437270983e-01 8.507863747330466353e-01 8.378311682919469261e-01 8.389501737589164510e-01 8.489447166077855877e-01 8.486727239795786026e-01 8.440740578969889718e-01 8.057003774501689808e-01 8.225310697760892520e-01 8.021317232604520120e-01 8.439744421465785740e-01 8.458440419482347039e-01 8.390728530670767960e-01 8.276055476368381347e-01 8.256246715846995432e-01 8.448899180658905328e-01 8.376030611052047714e-01 8.532949455602953925e-01 8.511332602595576002e-01 8.452685486922641989e-01 8.315682393123746685e-01 8.491487981750582836e-01 8.485471975601068806e-01 8.479761022035207096e-01 8.513894769974642562e-01 8.452127852075312919e-01 8.482204455623171269e-01 8.229816136741646693e-01 8.289880284961814727e-01 8.431242721162978127e-01 8.277955193344238571e-01 8.216491582473082200e-01 8.523956051248112731e-01 8.465694517035068367e-01 8.400446562211298929e-01 8.156745252750999819e-01 8.398096067412608168e-01 8.451250516132746693e-01 8.432461134627383670e-01 8.496423167729872938e-01 8.523065101106652719e-01 8.388729870217042084e-01 8.441515187097824446e-01 8.486465402970256866e-01 8.376410084689418500e-01 8.492224162667041387e-01 8.510559217903769236e-01 8.508201647013186042e-01 8.405476353117821153e-01 8.505167499016790256e-01 8.511074553224906580e-01 8.522077685691258342e-01 8.522818665625154777e-01 8.524405624733101261e-01 8.441367852706438413e-01 8.489600686362873683e-01 8.545325806940780033e-01 8.483221845326647248e-01 8.537894977471754965e-01 8.515904487358088026e-01 8.511526188947350358e-01 8.565525584514371848e-01 8.540201673612526356e-01 8.505887625153423226e-01 8.526604108160332762e-01 8.527173605743996188e-01 8.532806108226430597e-01 8.530215407469308175e-01 8.510354858919245702e-01 8.566810423587438716e-01 8.531084265560814339e-01 8.569373931711196102e-01 8.541180901509357604e-01 8.546062272218598599e-01
