1.000000000000000000e+00 1.819867941682960510e-01 1.935571171925434264e-01 8.645470356524014022e-02 6.576542664283743789e-02 1.005703499723177713e-01 4.607354359854790721e-02 7.653475525262887214e-02 1.575068508309008242e-01 9.260978036958879278e-02 4.280969894602733999e-02 1.465743212133774126e-03 2.621442905740003007e-02 -2.243363729921793448e-02 6.915530720227806676e-03 4.647257453390885029e-02 1.364207659499037661e-01 1.803882043247009848e-01 1.520538606192793629e-01 1.436582340486381448e-01 2.182025600603564319e-01 1.815226912948457172e-01 1.609344682237626445e-01 1.428640990698186453e-01 1.521599275281761421e-01 1.157528021952788089e-01 1.025377376698633491e-01 7.130760793716654777e-02 1.115618035930923679e-01 1.162437767509961611e-01 6.749976666921171653e-02 7.191170295961650527e-02 6.363524497202271979e-02 6.302861109846541465e-02 9.870627252268700247e-02 3.908996897761742723e-02 5.340725575918471579e-02 6.266514537783942317e-03 2.470536510794922938e-02 -1.106221228118592012e-02 2.922500580573406115e-02 9.410332678406045301e-03 -1.644622235920907213e-02 2.640608398742465279e-02 3.949384825900171397e-02 1.164019374760516014e-02 6.586554248913804172e-03 3.840458740690396583e-02 2.598668190875542267e-02 4.309164542352791200e-02 2.950635301589249471e-02 2.755237341342214180e-02 1.539018423459460362e-02 6.610337206177810399e-02 7.849845079855230501e-02 5.622896091478109953e-02 9.102130162879872033e-02 2.922059077812113465e-02 2.970194839733790448e-02 4.205011086394658260e-02 2.713903698564104280e-02 4.836037156760706474e-02 4.069220744440429915e-02 5.704938346131380178e-02 6.861331278564715419e-02 7.642101121608414760e-02 3.678225961223947210e-02 4.705528454280291650e-02 5.268280800266786357e-02 5.759548126138645113e-02 5.981698150332000891e-02 4.836551294193457834e-02 5.889795982348291353e-02 6.233513747676255878e-02 4.953756587363736252e-02 4.510291552502752876e-02 2.619952007791918197e-02 4.787460002876368220e-02 2.886149190810041038e-02 4.803639253313128632e-02 4.646191386744134150e-02 2.697638897555075174e-02 8.135269472886867692e-02 3.796213423129431164e-02 1.390922243730152198e-02 2.837913926923946867e-02 1.356407961620383594e-02 3.383533591507094374e-03 1.653289019277812480e-02 3.780074237168574297e-02 3.322486616355418889e-03 2.204294524566229301e-03 1.095944411711766674e-02 1.018493772339691336e-02 6.591619346243323893e-03 1.994358875677168866e-02 8.228543915537166534e-03 6.697480221168874981e-02 1.994676041226485508e-02 6.391441602630725145e-03 -3.605708083236444216e-03 2.774467265032990598e-02 1.825692895953523118e-02 9.776209160609623805e-03 1.956509445336186703e-02 6.368664231858502112e-02 2.730521845020066063e-02 2.776431774479397666e-02 4.188971120204019322e-02 2.042959688282925193e-02 1.429677852935155175e-02 2.671459565364133620e-02 2.087450801128233960e-02 2.463022158540020823e-02 3.911556091800772600e-02 3.823758398478067227e-02
1.819867941682960510e-01 1.000000000000000000e+00 1.212594812510117553e-01 7.728182221766007054e-02 8.146395809914114272e-02 1.257256709287495056e-01 1.553156939417610072e-01 1.437563334771289614e-01 2.212663279553222784e-01 2.150844436160118667e-01 1.617759410133238485e-01 1.432320002105365864e-01 1.652655233754635744e-01 1.281073295934937184e-01 1.678609626163218849e-01 1.499094321576054378e-01 2.056874610913830836e-01 2.326765446847375296e-01 2.177574439552114050e-01 2.005157984258358617e-01 2.521617887144232406e-01 2.161820245048233780e-01 2.307210963976792928e-01 2.056657702419925904e-01 2.134111504395537207e-01 2.170399160640104630e-01 1.827794251229067635e-01 2.032920254483107370e-01 2.281388839108127453e-01 1.970170663866246674e-01 1.953199356096525230e-01 1.995766902981266633e-01 1.875571627760876103e-01 1.787187016927781757e-01 1.876880189786793718e-01 1.659044464444439371e-01 1.702079400941319820e-01 1.682600834353541464e-01 1.660923006753308728e-01 1.524127132357242231e-01 1.795321347380391952e-01 1.714366863199131563e-01 1.591598418085867772e-01 1.662955043503421271e-01 1.755960995936973745e-01 1.722560826306848702e-01 1.648462437205642783e-01 1.911322748732135479e-01 1.711182411526809832e-01 1.613426994638527956e-01 1.750552709273610619e-01 1.347786155964791899e-01 1.635107349867689908e-01 2.057253072809141214e-01 2.123733028334084394e-01 2.031530028955696177e-01 1.936720489703860071e-01 1.834571454364141707e-01 1.802411672749416049e-01 1.882381287078161436e-01 1.694883891440487900e-01 1.980254429740592736e-01 1.819986923341256335e-01 1.831009030304552310e-01 1.846321897763948117e-01 1.914633090350139344e-01 1.820315896059749028e-01 1.913269528729464597e-01 1.930761650928897177e-01 1.833780040770302544e-01 1.896518331018333392e-01 1.847371318089949532e-01 1.911336092478794768e-01 1.891106321961347203e-01 1.909021978154688270e-01 1.891679884422829971e-01 1.784618484378587278e-01 1.963977632946388163e-01 1.817227491867869360e-01 1.862136306896014504e-01 1.800441170704226990e-01 1.794727734052404544e-01 2.019068817759374357e-01 1.761602251441281020e-01 1.650939265609268902e-01 1.754489676455734670e-01 1.688681634485398042e-01 1.613449793899446316e-01 1.779214805615331463e-01 1.867969263855202289e-01 1.656790471564834888e-01 1.640161276834664894e-01 1.661859433578543321e-01 1.681657166415902183e-01 1.693401551807197369e-01 1.786948279597197486e-01 1.510312432232835400e-01 1.725417397502427563e-01 1.690961142530057471e-01 1.650457061757907573e-01 1.595965527580794352e-01 1.716179250074731100e-01 1.608959910250076231e-01 1.659285894480995727e-01 1.629467596850681099e-01 1.868566182473554438e-01 1.780475569772896338e-01 1.853739506243698987e-01 1.917260320650741312e-01 1.734739210557057487e-01 1.712803371662041385e-01 1.766934617374397443e-01 1.771537065632620978e-01 1.726092630015055029e-01 1.746285300318193290e-01 1.758729454758050093e-01
1.935571171925434264e-01 1.212594812510117553e-01 1.000000000000000000e+00 2.908398557632697612e-01 2.387732763361513078e-01 2.552234337314989721e-01 3.403432640382218488e-01 3.323467315662590460e-01 3.750733040972411003e-01 3.097023498131000196e-01 3.632791431013043248e-01 3.358589990646702050e-01 3.252855771900937110e-01 2.428344481229635643e-01 3.620533829582761598e-01 3.596854990278628983e-01 3.683407718802315101e-01 4.425385268673558969e-01 4.293584350714308440e-01 3.725883417557550592e-01 4.421188666964218084e-01 4.523980822173254146e-01 4.376374459239967263e-01 4.434907268600616348e-01 4.465712308127623986e-01 4.260735753398499637e-01 4.065860630817012544e-01 4.125039488319934833e-01 3.765227367877408415e-01 4.151127175505690547e-01 4.025975987508171872e-01 4.097594255544627639e-01 4.122309757489057147e-01 4.233297797812854424e-01 4.134232740834579145e-01 3.793120688336233393e-01 4.027167280605264965e-01 3.793927981671536553e-01 3.800950406417247796e-01 3.772378032868647924e-01 3.831271549474406513e-01 3.727968474755364858e-01 3.558829912363413728e-01 3.766421027553565337e-01 3.906397650424700552e-01 3.664728874821422400e-01 3.569663774387596966e-01 3.708700162797465838e-01 3.615269258924587170e-01 3.826783190914619937e-01 3.797260252549999326e-01 3.590504375020687755e-01 3.565183181001962409e-01 3.797230648447786350e-01 3.867169479551154643e-01 4.035726916729732161e-01 3.745543108190698134e-01 3.685590223822649558e-01 3.645629254107530248e-01 3.550843261810024964e-01 3.551351570104610555e-01 3.616411009335004922e-01 3.644255107984036290e-01 3.559162193529729068e-01 3.736924841466284231e-01 3.659956310587918482e-01 3.685035337593409732e-01 3.913734280160416357e-01 3.983082351183844794e-01 3.877989904894187378e-01 3.972472856846012146e-01 3.908108131237453264e-01 4.062143368337419735e-01 4.062220955367067399e-01 3.954742415904216601e-01 3.864300878149110052e-01 3.673034846888867944e-01 3.708988426691878226e-01 3.791156975102500382e-01 3.775792518332782288e-01 3.923141582727446286e-01 3.792211736383769849e-01 4.053859189844103428e-01 3.839597620881593509e-01 3.854500477387114987e-01 3.891931639951338728e-01 3.798453267007501633e-01 3.740487391573805720e-01 3.746415134446772766e-01 3.966702837615835864e-01 3.815904146607035363e-01 3.678360126358253823e-01 3.669207227799314297e-01 3.692169874665601759e-01 3.571752800684562246e-01 3.611871035657832074e-01 3.681317892378196954e-01 3.689704130240654134e-01 3.563651281060271070e-01 3.682519254071045522e-01 3.629116850312440468e-01 3.642642098900739644e-01 3.607002044127449736e-01 3.589218730244544409e-01 3.680764760088984233e-01 3.680942819224760076e-01 3.591266321091643454e-01 3.723410387075491990e-01 3.808507579370266627e-01 3.607790692341997230e-01 3.660185623710898728e-01 3.558575334145624436e-01 3.582254431627492908e-01 3.575123978741942543e-01 3.678252377960534725e-01 3.591959189792099383e-01
8.645470356524014022e-02 7.728182221766007054e-02 2.908398557632697612e-01 1.000000000000000000e+00 3.444608422989937635e-01 3.700972115809116336e-01 5.915230321992116513e-01 5.367391058735285769e-01 5.111490989621130243e-01 4.790528780535467934e-01 5.673921443496582340e-01 6.364257225984896182e-01 5.299955439001270419e-01 4.557707503043647024e-01 6.029537356667672432e-01 6.226780726511050856e-01 4.996805758444852752e-01 4.596804379949306352e-01 4.966432095083621046e-01 5.805632689510266120e-01 5.489837508742976269e-01 5.676158620371765107e-01 4.527145973258682177e-01 5.061378235555482608e-01 5.256340154922641839e-01 5.335448101091836426e-01 5.515079758965272250e-01 5.791066365721426745e-01 4.909145179021469629e-01 5.572520799511309075e-01 5.770604715239240345e-01 5.703811849866403660e-01 5.428397115419886232e-01 5.738145549938484802e-01 5.470121067611605215e-01 5.943866938171733505e-01 5.776824226484605918e-01 5.892249945486818241e-01 5.904442481787738339e-01 6.056158762399423967e-01 5.927374932805401508e-01 5.986945719854409598e-01 6.114918942347820074e-01 6.171540337875670579e-01 5.987926641990045651e-01 5.985923190806095029e-01 5.897399105263734231e-01 5.733008062946857164e-01 5.875466260968286170e-01 6.023549373203128665e-01 5.898273114147078999e-01 6.197947822708151921e-01 5.852214592082773947e-01 5.654121210083379312e-01 5.684586241574641763e-01 5.825892849114000516e-01 5.856519929959130843e-01 5.837240670643689677e-01 5.780672856323600950e-01 5.884242918044098047e-01 5.933997746553443253e-01 5.773583919267842868e-01 5.855003876068946012e-01 5.906127250755269786e-01 5.868459032801823794e-01 5.950188281339677809e-01 5.755999283558957957e-01 5.707876191769164498e-01 5.707979022735288899e-01 6.131849623880557543e-01 5.916180007451949940e-01 5.848420077690923424e-01 5.719104707232187668e-01 5.743180632815753084e-01 5.754685183621041089e-01 5.849421070237007525e-01 5.827679288095755084e-01 5.590767302521213455e-01 5.830110500858293188e-01 5.648098762766171621e-01 5.762032971250998781e-01 5.853848945894913891e-01 5.845055477103799912e-01 5.730923624353517765e-01 5.900166996333807701e-01 5.797182880738176447e-01 5.932231803591226926e-01 5.995381233134385868e-01 5.905497431653906615e-01 5.897373892121496874e-01 5.970794767350273702e-01 5.990584418283224633e-01 5.999652165030180395e-01 6.018032914737840855e-01 5.887010788874177392e-01 5.817421087823664294e-01 6.033121157700639392e-01 5.953526344100951162e-01 5.938197847546271557e-01 5.994259604035989675e-01 6.085995948436521141e-01 5.993294938119453352e-01 6.037292754515963811e-01 6.033335970343498555e-01 6.088098258743117608e-01 5.969137621570566044e-01 5.891782312928395271e-01 5.767049822345696741e-01 5.782210427263707597e-01 5.933212289014472285e-01 5.897504323498328205e-01 5.878673949495306639e-01 5.908168870699463948e-01 6.001744313843261347e-01 5.851616862994525325e-01 5.964213440779765341e-01
6.576542664283743789e-02 8.146395809914114272e-02 2.387732763361513078e-01 3.444608422989937635e-01 1.000000000000000000e+00 2.716673585293812865e-01 4.224643823530511710e-01 4.248607047299484685e-01 4.417515492540481925e-01 3.873667839053617779e-01 4.446034082880379046e-01 4.732596605010503388e-01 4.349663786369215579e-01 3.524032054094088373e-01 4.791870590046686251e-01 4.697892995236103708e-01 4.270030473262136916e-01 3.827244081540385201e-01 4.166750643619451799e-01 4.121387920309967923e-01 4.054738033302554556e-01 4.427179349545848352e-01 3.980374924779286339e-01 4.031276706483856165e-01 4.202225616213441928e-01 4.360783711986365718e-01 4.351257909093077525e-01 4.372162059204310891e-01 3.928854758575231476e-01 4.338225566732757943e-01 4.704450527579648322e-01 4.668240720496117935e-01 4.234457822232579050e-01 4.466954342501868735e-01 4.347866744099622704e-01 4.551038046801701986e-01 4.536285447980226149e-01 4.666650882111781362e-01 4.687476961755817628e-01 4.561635765726436142e-01 4.730312051497712056e-01 4.711910035076765646e-01 4.708481393174526186e-01 4.880256594540113846e-01 4.726600643053835427e-01 4.805045180938354310e-01 4.831241431327722435e-01 4.781047545964297596e-01 4.832662598698521661e-01 4.706120710478917668e-01 4.659576657290760981e-01 4.814338465359513930e-01 4.763441541135635671e-01 4.802509748902614173e-01 4.744935383178271460e-01 4.721217148461928081e-01 4.785653994432588210e-01 4.799369055074749202e-01 4.712091899275708262e-01 4.877629803770986983e-01 4.808216573934863125e-01 4.827702924279123065e-01 4.772179845584106905e-01 4.813736249202534290e-01 4.868818684413702136e-01 4.859000304110179802e-01 4.788533287578729536e-01 4.739631309088783717e-01 4.718632696814540339e-01 4.801587671106555821e-01 4.815961655371036043e-01 4.789680589905175867e-01 4.697124079943462149e-01 4.687951835090466979e-01 4.750719602475986236e-01 4.732322033005910145e-01 4.661046305177213300e-01 4.603513123622890446e-01 4.736265892899931274e-01 4.738184837634062951e-01 4.767484591559182361e-01 4.782616682661187668e-01 4.767151109593623093e-01 4.689760539335316447e-01 4.764755919212370627e-01 4.738183816243878299e-01 4.751015794083493504e-01 4.787897219401945903e-01 4.771445276467592422e-01 4.790126555735017000e-01 4.742279542886624899e-01 4.810735454105374287e-01 4.824996409191325553e-01 4.776418889263447931e-01 4.836187955659860260e-01 4.799777869955383358e-01 4.738562401595347584e-01 4.772005448896354807e-01 4.781688599100055725e-01 4.791770767967709066e-01 4.811105954520453198e-01 4.803900152494144371e-01 4.858584241129724202e-01 4.866944837704886284e-01 4.829112017793839584e-01 4.812710214273935305e-01 4.819900935787750917e-01 4.796492141229313777e-01 4.779311642724867748e-01 4.868340066396857346e-01 4.815054039431077015e-01 4.883790171153985504e-01 4.832789275089158232e-01 4.819331179365895501e-01 4.822931441820503817e-01 4.882388493374582028e-01
1.005703499723177713e-01 1.257256709287495056e-01 2.552234337314989721e-01 3.700972115809116336e-01 2.716673585293812865e-01 1.000000000000000000e+00 5.100372023663917176e-01 4.585994795321717277e-01 4.747156069037802295e-01 4.542914684308841378e-01 5.288710424126142895e-01 5.093257409189427820e-01 4.636279114123629808e-01 3.943070852944741689e-01 5.528090187046694748e-01 5.316803460457826258e-01 4.962535432176146122e-01 4.689149398453153483e-01 5.162166315272053163e-01 5.020189251004538722e-01 5.057837495223079793e-01 5.511399171624977722e-01 4.901532783499566448e-01 4.967834055443181573e-01 5.384815285404084273e-01 5.405252277600465227e-01 5.372512618719137434e-01 5.545747198659981558e-01 5.272428196940743828e-01 5.396581603502144109e-01 5.539074614303014510e-01 5.442139444139525439e-01 5.393354924728314126e-01 5.406089896612644718e-01 5.316165165886244104e-01 5.368865279346606290e-01 5.435083721170611559e-01 5.490722558102314466e-01 5.464485389417279571e-01 5.416349957970402196e-01 5.505194326513106473e-01 5.505670057903383485e-01 5.446627076835467429e-01 5.528035506055406501e-01 5.483111832784175466e-01 5.530992187434926599e-01 5.410905099110415728e-01 5.415153655047590942e-01 5.421454474027421755e-01 5.460280353905619943e-01 5.505687768301907870e-01 5.412103637674082757e-01 5.331628630357584386e-01 5.475517374941085702e-01 5.471541568266496958e-01 5.540040612463976721e-01 5.408865447939092963e-01 5.406598699928860663e-01 5.396832877393797911e-01 5.370546028979183983e-01 5.431979631062864300e-01 5.355200928580677866e-01 5.392592212352038672e-01 5.404578047188679513e-01 5.463047970132322018e-01 5.444942926858616916e-01 5.438671793048172054e-01 5.498758271784973672e-01 5.525506461649369871e-01 5.584151657787899126e-01 5.601682375223424604e-01 5.535165398973227457e-01 5.460189816869567281e-01 5.549865425448752276e-01 5.510033807724685762e-01 5.502570887149365042e-01 5.521448765498255806e-01 5.516031290346832261e-01 5.497685104656669930e-01 5.448989840202068669e-01 5.511002065830445940e-01 5.496936075426900326e-01 5.546014478599596842e-01 5.455368977169157141e-01 5.486584022518339321e-01 5.500195908651539511e-01 5.500971470342225222e-01 5.506854000040799502e-01 5.541552233655075987e-01 5.528574571015881789e-01 5.501133553191513981e-01 5.508168880553983016e-01 5.501126755040387506e-01 5.512927669518570273e-01 5.441757104471465212e-01 5.443127549693407286e-01 5.436079749474409528e-01 5.438174802350763670e-01 5.415325205169233547e-01 5.507493253556375867e-01 5.495674832828160161e-01 5.471621963813688705e-01 5.422166088656229510e-01 5.474404046401173396e-01 5.510994398524352578e-01 5.465636456486611117e-01 5.463411618599659514e-01 5.475422816037058826e-01 5.498494492974034253e-01 5.453117699599558943e-01 5.450677401442722836e-01 5.419313036528556893e-01 5.426811160856954697e-01 5.469650941946733180e-01 5.457506859486017659e-01 5.444039086854590703e-01
4.607354359854790721e-02 1.553156939417610072e-01 3.403432640382218488e-01 5.915230321992116513e-01 4.224643823530511710e-01 5.100372023663917176e-01 1.000000000000000000e+00 6.920917080307974478e-01 7.050053803744279479e-01 6.582909685601455729e-01 7.497064873330195889e-01 7.859727107400967805e-01 7.107518178094744954e-01 6.173402900519210368e-01 8.235378340709854639e-01 7.950135648647065345e-01 6.984134406170858789e-01 6.669609494294959084e-01 7.155394184940202518e-01 7.144388300952961846e-01 7.184189511836721609e-01 7.657846157530499021e-01 6.715361194218244512e-01 6.982242094328123816e-01 7.354271886598705565e-01 7.609671382471498990e-01 7.790619626915429308e-01 8.020254402841709984e-01 7.277960423199715256e-01 7.748720958676530435e-01 8.140978558601282833e-01 7.874261271349946023e-01 7.630782914272979944e-01 7.797622843415643601e-01 7.532380236898054138e-01 7.943055644747710753e-01 7.982889037921545583e-01 8.050088648957196558e-01 8.149345200664062094e-01 8.137302688153208452e-01 8.116882051912809315e-01 8.177497418566912479e-01 8.189354627729850122e-01 8.212031363038093668e-01 8.126887773517994518e-01 8.235186256717101916e-01 8.029104588430231448e-01 8.022720619583445512e-01 8.016384110401838514e-01 7.982494727593701933e-01 8.048214474985707634e-01 7.980291813956414959e-01 7.932084745445228124e-01 7.926270831295173513e-01 7.924134971204798150e-01 8.051281572442248180e-01 7.843535157792264068e-01 7.996944651980226748e-01 7.936964389613799797e-01 7.965185388444211423e-01 8.019292942491086373e-01 7.941081894290631382e-01 7.968511065268434335e-01 7.943104111839716097e-01 7.984989579213030986e-01 7.928607217316163691e-01 8.034173137348301630e-01 8.013703413446249257e-01 7.982480338206395798e-01 8.199747263906824735e-01 8.132371064775241187e-01 8.114367983447734467e-01 7.949176612116694018e-01 8.025908505013487071e-01 8.090861353427147851e-01 8.127096989516999770e-01 8.137017131255027680e-01 7.993450641851017613e-01 8.152568136704393398e-01 8.023639453842308367e-01 8.048668000988477012e-01 8.108276139225437662e-01 8.048934889643369894e-01 8.091492002411498907e-01 8.137653996717559846e-01 8.055298694860644204e-01 8.135453946173289985e-01 8.204821320285868858e-01 8.202070636825891103e-01 8.125779787306972590e-01 8.247782377967165512e-01 8.191290592020832317e-01 8.159107450045339771e-01 8.230803452622700300e-01 8.087795842355530729e-01 8.054749556390164988e-01 8.085057999768011650e-01 7.983933109180951782e-01 8.096753751511910346e-01 8.149973569797356321e-01 8.225646058843923969e-01 8.126540880586008431e-01 8.118297145961920203e-01 8.145546915662184029e-01 8.174439170461361703e-01 8.009328198618275163e-01 8.043573282462589402e-01 8.052768369237028878e-01 8.079543716525157127e-01 8.115506501387406146e-01 8.115684165497837332e-01 8.041018652941961387e-01 8.095774730487219628e-01 8.105943439109110082e-01 8.075203500063583562e-01 8.063444616470882842e-01
7.653475525262887214e-02 1.437563334771289614e-01 3.323467315662590460e-01 5.367391058735285769e-01 4.248607047299484685e-01 4.585994795321717277e-01 6.920917080307974478e-01 1.000000000000000000e+00 6.902957588868545713e-01 6.245829246003440360e-01 7.205751018184399781e-01 7.455220679301121089e-01 6.625129427823421846e-01 5.688688549276416095e-01 7.596225514196414119e-01 7.735985009405437207e-01 6.862733999192901502e-01 6.379593707052985119e-01 6.971626401386274985e-01 6.849651093731342621e-01 6.949986603808890884e-01 7.396340692702211284e-01 6.455515077999847140e-01 6.675955467460956694e-01 7.117052933667885606e-01 7.244984728116359296e-01 7.293306993572765684e-01 7.437655146989623489e-01 6.792847342919209330e-01 7.277990909079108395e-01 7.649888804851022739e-01 7.535561614385760665e-01 7.225437242642432922e-01 7.477620155249983247e-01 7.234509873316047335e-01 7.618080639931964493e-01 7.542447557602285357e-01 7.698713319972600999e-01 7.707651196292517604e-01 7.575373811798317147e-01 7.739919336612826051e-01 7.690476635733282107e-01 7.710150667021071769e-01 7.846768086663640229e-01 7.715470222326132888e-01 7.709151588339649974e-01 7.700926614806246073e-01 7.686644497777643803e-01 7.754042480862224362e-01 7.775287752729838076e-01 7.801266279909792045e-01 7.724473166525565038e-01 7.629034577145590301e-01 7.705452976530514642e-01 7.689013045824344417e-01 7.729114117525575089e-01 7.739791323782746479e-01 7.704785837447776231e-01 7.754578784032536420e-01 7.658483132803521887e-01 7.760016116283674492e-01 7.687975409131202476e-01 7.734921272020875982e-01 7.744382996577560130e-01 7.719974146269028559e-01 7.732383873020938214e-01 7.672263690169539574e-01 7.649573019104083382e-01 7.631829160859840977e-01 7.806822546242742078e-01 7.755953932493796499e-01 7.764188968486349651e-01 7.567187029568350765e-01 7.645333295607092960e-01 7.722685967616250702e-01 7.721998346663098145e-01 7.642849057286557057e-01 7.523712756951258518e-01 7.694308317477223103e-01 7.624641668120543114e-01 7.656426247300830434e-01 7.697894565177237913e-01 7.766810456845161248e-01 7.657089103395138263e-01 7.757882168272486334e-01 7.672423713337901408e-01 7.729685648942177245e-01 7.804909266739250562e-01 7.759423296040637297e-01 7.766182124169250800e-01 7.717508522344671551e-01 7.739711312417355549e-01 7.755745655926237214e-01 7.770091192328776319e-01 7.718594487148225936e-01 7.713384755353138722e-01 7.780235386561753508e-01 7.809270091100878330e-01 7.769593785781448991e-01 7.767376834564220234e-01 7.792716290197779783e-01 7.830104304313491026e-01 7.721545438614562107e-01 7.789986640755678371e-01 7.807559112185948891e-01 7.774170100654760329e-01 7.731325647626932085e-01 7.706751046623390167e-01 7.738329327778751265e-01 7.775322063162009023e-01 7.776477089214955951e-01 7.706790653857864548e-01 7.750389709834011320e-01 7.773973236482176752e-01 7.753999834482327991e-01 7.751567093068362224e-01
1.575068508309008242e-01 2.212663279553222784e-01 3.750733040972411003e-01 5.111490989621130243e-01 4.417515492540481925e-01 4.747156069037802295e-01 7.050053803744279479e-01 6.902957588868545713e-01 1.000000000000000000e+00 7.597206550596067309e-01 8.023208575812978971e-01 8.050382236098916344e-01 7.426768567875636773e-01 6.205379403985816777e-01 8.301677247202130516e-01 8.125780955812971218e-01 8.069238962946698734e-01 7.370505671573092110e-01 7.875761149547655382e-01 7.239056753080846951e-01 7.736853835827418591e-01 8.168532619300414854e-01 7.620742410815941614e-01 7.419553160706984229e-01 7.862336960935055741e-01 8.137874490832127661e-01 8.203314194286603911e-01 8.121955402242727606e-01 7.747304983625157293e-01 8.244723402575311333e-01 8.627928409496103956e-01 8.507968281579066927e-01 7.881227342888541543e-01 8.237018350129117206e-01 8.116758700959745276e-01 8.258794949757948256e-01 8.411645432739850436e-01 8.263200196912467987e-01 8.504755613471692843e-01 8.027776582996751786e-01 8.553444773344773822e-01 8.360121937508527834e-01 8.312220817652509197e-01 8.562663541014863267e-01 8.569127311909967570e-01 8.475351593601267997e-01 8.634183993341264518e-01 8.782141498847623184e-01 8.673341600671674589e-01 8.432806228217363254e-01 8.510153539202215400e-01 8.337794569404293199e-01 8.565182177777298511e-01 8.829675671468754095e-01 8.754664228220162547e-01 8.591311361460272078e-01 8.768833856484790079e-01 8.671404975881438215e-01 8.656007587497729361e-01 8.729024979195378897e-01 8.655796868485184925e-01 8.771466533178782221e-01 8.658282769360713393e-01 8.700414561593274865e-01 8.790849543317733605e-01 8.748220379646899358e-01 8.709723626832367449e-01 8.657105486191686294e-01 8.638685497755835829e-01 8.645573828728492227e-01 8.703391375214752923e-01 8.707049042291933327e-01 8.532799326112976424e-01 8.617302299878847327e-01 8.690593970996605133e-01 8.738123370573576132e-01 8.587140150626131341e-01 8.541619920619529793e-01 8.592057688931259429e-01 8.732974759323290925e-01 8.714038760339415379e-01 8.723300363730190909e-01 8.766092628462957004e-01 8.660192720915751430e-01 8.542772438741880192e-01 8.620372726913018147e-01 8.621398455468174404e-01 8.506524283298138034e-01 8.649006308747999583e-01 8.610568490306041989e-01 8.529249928478381815e-01 8.568519779692496119e-01 8.598759044855754929e-01 8.608116666372392922e-01 8.655456471524889395e-01 8.706407232217731051e-01 8.427011667816887153e-01 8.696345911391279992e-01 8.640405134679803867e-01 8.534144458247198139e-01 8.497576986714487912e-01 8.669024526262052444e-01 8.645618842030478035e-01 8.620494799402905750e-01 8.642003361228527414e-01 8.746902638131667240e-01 8.714196736236548002e-01 8.712143131189425960e-01 8.753028934038693532e-01 8.686625319489484909e-01 8.640545320583952194e-01 8.726793541140862587e-01 8.695334910525279737e-01 8.675265412726294034e-01 8.758543698541703115e-01 8.752953270267477270e-01
9.260978036958879278e-02 2.150844436160118667e-01 3.097023498131000196e-01 4.790528780535467934e-01 3.873667839053617779e-01 4.542914684308841378e-01 6.582909685601455729e-01 6.245829246003440360e-01 7.597206550596067309e-01 1.000000000000000000e+00 7.527412209448913760e-01 7.598138159095556565e-01 6.959934647714969280e-01 6.014144518654751526e-01 7.846493682454107610e-01 7.643095695490439434e-01 7.260628304605540873e-01 6.717319139340303114e-01 7.329225016041848173e-01 6.718724853495038341e-01 7.057592741290646954e-01 7.371041970780727315e-01 7.100115255965306904e-01 6.909636992716963189e-01 7.302361626385257543e-01 7.741896256575996338e-01 7.755610617939096008e-01 7.757555837597094328e-01 7.464126475718984022e-01 7.747092445636759583e-01 8.074173732161675776e-01 7.982146227832336294e-01 7.420275260417851237e-01 7.634938770087503768e-01 7.601855060304026912e-01 7.754205426743605578e-01 7.763840351069190016e-01 7.908299648083193523e-01 8.012118825595236915e-01 7.641407671031347215e-01 8.091627861804184807e-01 8.001164948028320900e-01 7.847990845889110112e-01 8.053212261055184840e-01 7.989846887380344098e-01 8.063255420090347236e-01 8.149900140507404522e-01 8.272513092752389330e-01 8.191602216670428316e-01 7.905991094718238799e-01 8.051435693181925313e-01 7.725053705031336149e-01 8.007195333743846177e-01 8.300048025720752065e-01 8.224231003890386527e-01 8.157517607116757663e-01 8.165400043490992354e-01 8.233940511446384836e-01 8.163296159027852994e-01 8.224428841034646664e-01 8.166729848393392555e-01 8.251911286596478323e-01 8.177640560846979323e-01 8.191662002043458291e-01 8.129994758075909100e-01 8.192837395826603197e-01 8.224141821868676816e-01 8.188946774434721076e-01 8.165167629016090167e-01 8.111478756128116530e-01 8.186230546050133894e-01 8.198706506149898710e-01 7.963122863698351983e-01 8.096225639089054127e-01 8.224194271501003017e-01 8.226184126808440134e-01 8.142838606368709709e-01 8.135915145258075798e-01 8.169720345425104391e-01 8.246796876580155811e-01 8.215150805257513955e-01 8.258677419719878676e-01 8.210275687293713265e-01 8.166051140194658942e-01 8.053500273253746400e-01 8.107547174607223628e-01 8.141749524380307301e-01 8.111450178411400147e-01 8.195847766121561184e-01 8.156105661322713418e-01 8.054448793808779428e-01 8.148654776263740684e-01 8.156953795715223832e-01 8.179356939546006400e-01 8.198691162189185588e-01 8.237397000961065308e-01 7.955555697181641017e-01 8.105557590169116811e-01 8.168566951184368374e-01 8.121996451766283487e-01 8.078952685782546661e-01 8.191261474407137699e-01 8.143814013896685244e-01 8.170820400130849315e-01 8.151776859122199514e-01 8.197672505575748225e-01 8.247334317874480680e-01 8.270037825483523841e-01 8.254427932683174873e-01 8.221401627368101206e-01 8.190798564084244004e-01 8.244143506429996160e-01 8.233388427304295654e-01 8.202237833447658666e-01 8.199642373379251170e-01 8.232116674368360476e-01
4.280969894602733999e-02 1.617759410133238485e-01 3.632791431013043248e-01 5.673921443496582340e-01 4.446034082880379046e-01 5.288710424126142895e-01 7.497064873330195889e-01 7.205751018184399781e-01 8.023208575812978971e-01 7.527412209448913760e-01 1.000000000000000000e+00 8.567039061986524429e-01 7.669052674038477901e-01 6.628705057671883116e-01 8.713165884907840830e-01 8.488673304139096043e-01 7.843421908342799176e-01 7.346338452516828488e-01 7.922440757679317658e-01 7.480233727711509406e-01 7.688470967285986335e-01 8.227517996024689140e-01 7.665487150959293672e-01 7.598004861968197243e-01 8.029002384076154852e-01 8.386947462531184616e-01 8.500478198269140195e-01 8.534523396194726441e-01 7.926268645776826105e-01 8.525110651069506273e-01 8.906444619670684792e-01 8.723469012705575842e-01 8.344422303650355088e-01 8.496137569315754812e-01 8.413343637400653163e-01 8.653410678982069726e-01 8.712058251713011847e-01 8.777866785821213380e-01 8.898932623480171333e-01 8.606858350836036342e-01 8.911453599663882175e-01 8.835553580259488671e-01 8.826642198627634439e-01 8.956223259091729005e-01 8.854688306337539228e-01 8.931528121716222346e-01 8.957615525295906656e-01 8.967169393758643858e-01 8.972286679949611488e-01 8.762181497803146479e-01 8.892808894234788264e-01 8.694363081922030778e-01 8.765887369580205313e-01 8.937968753879317330e-01 8.883321151859788767e-01 8.930266794017944765e-01 8.837913744884658973e-01 8.931144191116706654e-01 8.911561266867246145e-01 8.930133191189560948e-01 8.960782340767537990e-01 8.917409220726265628e-01 8.907824691363186442e-01 8.910799893647483039e-01 8.923897976639413310e-01 8.896494128370585619e-01 8.985846401322233890e-01 8.963069134794163784e-01 8.944906338441261928e-01 8.967908293771879036e-01 8.978925997987341479e-01 8.990059644834277330e-01 8.793413587514079532e-01 8.905473576825677640e-01 9.010431703350807453e-01 9.016452974423134759e-01 8.943326403610655229e-01 8.832613322928006827e-01 8.950027465051303421e-01 8.983274597496462288e-01 9.020286074145357214e-01 9.042391910675289246e-01 8.976770602169016344e-01 8.971569128857849185e-01 8.937141763819406171e-01 8.945711090058052761e-01 9.025189672922419026e-01 8.980209101379208469e-01 9.025828244955602653e-01 8.995055094304176269e-01 8.963237757312993992e-01 8.996536776615309261e-01 9.015667054471750985e-01 9.032693651761982689e-01 9.007433395828012834e-01 9.022025516409383217e-01 8.869703699922319995e-01 8.877832427059282328e-01 8.987595971089751279e-01 8.975734985666700139e-01 8.988227432235591507e-01 9.001748905456468108e-01 8.997389714676908845e-01 9.024405636122637686e-01 9.023095050852358856e-01 8.958633837981853087e-01 9.018252221205206309e-01 9.022691779577842741e-01 9.027368554754136021e-01 9.028665523479452171e-01 9.004489249931130201e-01 9.010634506986081593e-01 9.014891164519079902e-01 9.012802212288935078e-01 9.001100943960202994e-01 8.994339871131303843e-01
1.465743212133774126e-03 1.432320002105365864e-01 3.358589990646702050e-01 6.364257225984896182e-01 4.732596605010503388e-01 5.093257409189427820e-01 7.859727107400967805e-01 7.455220679301121089e-01 8.050382236098916344e-01 7.598138159095556565e-01 8.567039061986524429e-01 1.000000000000000000e+00 8.088764823477335719e-01 7.085748296126456180e-01 9.054141783864348980e-01 8.904380541938520244e-01 7.795953011385365894e-01 6.837266957964601710e-01 7.620937359697428359e-01 7.529081562140121919e-01 7.484642905960203763e-01 8.068412428227816902e-01 7.175946392573688826e-01 7.275776699721705487e-01 7.715632960522396111e-01 8.195587998347776404e-01 8.455827381191771686e-01 8.578318703082193908e-01 7.751593095549118573e-01 8.379888340850495387e-01 8.976840922578488424e-01 8.738804662647774446e-01 8.285159818770380102e-01 8.562030891197585092e-01 8.288960598681121006e-01 8.889017352994456056e-01 8.825354933627470588e-01 9.022996550864013088e-01 9.134590629039918142e-01 8.915946481628740372e-01 9.128223918958819905e-01 9.114350012257661504e-01 9.177071464560517811e-01 9.288131573363785920e-01 9.110353902203216503e-01 9.193472876443820052e-01 9.301422548006313962e-01 9.190521094872181607e-01 9.251840536439471796e-01 9.003010257857613219e-01 9.133097360138028309e-01 9.049678326998207289e-01 9.095503621135073713e-01 9.074758958701901745e-01 8.967223699463682252e-01 9.001349111962182459e-01 9.055934821249695954e-01 9.174677689361623312e-01 9.159126479522812225e-01 9.273487113664556913e-01 9.289968926941329919e-01 9.200186856071033148e-01 9.168096819256791319e-01 9.225736351758015985e-01 9.136081188097318062e-01 9.193031454835117744e-01 9.196004258276549992e-01 9.050605488259403364e-01 9.019422786457422792e-01 9.183690306696560279e-01 9.125848264199398763e-01 9.141577097931222751e-01 8.858841652004975087e-01 8.934487168226212805e-01 9.101497592966051320e-01 9.161713286098441822e-01 9.159481424240606406e-01 8.947283312566174374e-01 9.146604340443624803e-01 9.089131540092176831e-01 9.127534003163113585e-01 9.247940359171015201e-01 9.038937706005657491e-01 9.096787107248819337e-01 9.141422809329222687e-01 9.106794542858039909e-01 9.261811403826427647e-01 9.248867745092692605e-01 9.271869015985237938e-01 9.115127135357300459e-01 9.204490427289386822e-01 9.294799574429755129e-01 9.307655164136039438e-01 9.315175769221182289e-01 9.316084511100464205e-01 9.277849793590425831e-01 9.135547549107275733e-01 9.138112354837651941e-01 9.287698910212845993e-01 9.258738946795277425e-01 9.304019039862495566e-01 9.285619001678331319e-01 9.318977073997393168e-01 9.349733984310647505e-01 9.317782012152084903e-01 9.199154649567640174e-01 9.286627627617284331e-01 9.224707602926349725e-01 9.169558104942761023e-01 9.307760741030945972e-01 9.249692985257024214e-01 9.311101123536735802e-01 9.304162721847278883e-01 9.326854507923394433e-01 9.255285293371624533e-01 9.320849782143556528e-01
2.621442905740003007e-02 1.652655233754635744e-01 3.252855771900937110e-01 5.299955439001270419e-01 4.349663786369215579e-01 4.636279114123629808e-01 7.107518178094744954e-01 6.625129427823421846e-01 7.426768567875636773e-01 6.959934647714969280e-01 7.669052674038477901e-01 8.088764823477335719e-01 1.000000000000000000e+00 6.325869187312022079e-01 8.132126343737668961e-01 8.098735641621730430e-01 7.206810380471921906e-01 6.479329750491783502e-01 7.138340995292230540e-01 6.888588314136623314e-01 6.967688456984800771e-01 7.406048719761694210e-01 6.828219963917625535e-01 6.786136986580585395e-01 7.175171888096820716e-01 7.634225508269539828e-01 7.617234811380735326e-01 7.737286119829087649e-01 6.999356517937287414e-01 7.735314976850833357e-01 8.130106724866152934e-01 8.048325443656337841e-01 7.561598653992837038e-01 7.805541663905517513e-01 7.681529689495480984e-01 7.876007990207447573e-01 8.055012718893559409e-01 8.091421978657785674e-01 8.219020564896490910e-01 7.959656637651404409e-01 8.233043815678845467e-01 8.209436595062602482e-01 8.216374584190921926e-01 8.371931502912859369e-01 8.198402470500409933e-01 8.263751283733139497e-01 8.364152194663464490e-01 8.349965269454103778e-01 8.320014225328786761e-01 8.098635274496374103e-01 8.238055219913824612e-01 8.148719628596080566e-01 8.187708621326358349e-01 8.280753517701865407e-01 8.223690919033609381e-01 8.227523422610966142e-01 8.193030788535151654e-01 8.337341035253069688e-01 8.267808214192738925e-01 8.398524876722126553e-01 8.379834708222201334e-01 8.329100490448289040e-01 8.285311761641022121e-01 8.332544707872933110e-01 8.276816965282403071e-01 8.312711905701984927e-01 8.303849048923300780e-01 8.226286426885224268e-01 8.221157600901332074e-01 8.288901932002843420e-01 8.301527102479355769e-01 8.297467816912611482e-01 8.055632872229976371e-01 8.164862950891090820e-01 8.305787138538889280e-01 8.293397416262981992e-01 8.225789246924941622e-01 8.060473555991413130e-01 8.236195559677025324e-01 8.285245208584889332e-01 8.294027965636584510e-01 8.365029918732150849e-01 8.222204381696828213e-01 8.265404426105552593e-01 8.249000192044705360e-01 8.259437097294147767e-01 8.334264996676845616e-01 8.322220605341471567e-01 8.361985314617720322e-01 8.279516301643207177e-01 8.279986528513051391e-01 8.348553998317627123e-01 8.375698759974808949e-01 8.377028672525422826e-01 8.402199418981886048e-01 8.374777545113217814e-01 8.208012812153430149e-01 8.256672576624869420e-01 8.358967792368138250e-01 8.341026706125694856e-01 8.346454777565132099e-01 8.357176292047068245e-01 8.413275169963371214e-01 8.407445569289662135e-01 8.385743775409745249e-01 8.307301116174820033e-01 8.375419826924355160e-01 8.364472475570664534e-01 8.327213357641581881e-01 8.398365626939250372e-01 8.354104124211436666e-01 8.405710446868385199e-01 8.378736555944639175e-01 8.385795294618177964e-01 8.364816456504788889e-01 8.398518356540359830e-01
