1.000000000000000000e+00 1.852236822853941534e-01 3.423719801912731842e-01 2.480642857086761965e-01 1.759802793237430843e-02 4.299548879913390326e-02 9.613282141518761370e-02 6.820461658710973152e-02 2.870485097370421568e-01 1.152629923622034008e-01 1.678141483128580413e-01 1.347448129130370542e-01 2.056573865476808011e-02 2.428887668802298325e-02 5.368616309416332499e-02 9.938934752161221464e-02 2.651688210690127945e-01 3.431870546066547734e-01 2.451423215419930302e-01 3.346878110280219754e-01 2.795850529727174627e-01 2.304303562581764830e-01 3.121965198607292713e-01 2.826419142615295144e-01 2.277980705973730313e-01 2.728538015534021643e-01 2.841059944572242868e-01 2.023109831769644151e-01 3.325076005449030259e-01 2.963201873258269892e-01 2.783270568037546355e-01 1.772004914283712984e-01 1.671042938392591770e-01 1.540891193764369893e-01 2.429528974938243435e-01 1.589542014720081164e-01 1.940610788915737017e-01 1.100650938217707514e-01 1.490214133919199047e-01 1.159495679192346085e-01 1.258758707643384267e-01 4.812751390166795235e-02 8.325615832783830883e-02 9.962783542808070769e-02 1.422897396381841983e-01 1.394908166027701013e-01 2.721626887317811841e-02 5.157960570753358093e-02 4.807902084334492177e-02 6.847818468285259141e-02 6.753860357820420934e-02 9.315606282831276341e-02 3.707433672792202761e-02 1.110544555003885880e-01 1.238664932345303338e-01 1.299706635996797921e-01 1.437689710545649313e-01 7.233691067459073476e-02 7.713885118876638580e-02 9.038604649402627589e-02 6.342431128734758727e-02 1.243141916222307991e-01 1.207155105369076414e-01 9.620405384317776143e-02 1.175932383071079806e-01 1.233965559081043328e-01 6.673178739707777418e-02 1.054711922735369484e-01 1.338645255537876944e-01 1.453741262410465085e-01 9.826957183862905509e-02 9.167979028948435027e-02 1.150714836095400873e-01 1.045658365809708779e-01 1.236921865770266304e-01 1.048408824267242911e-01 1.048904752523440176e-01 1.756094113417021596e-01 1.241270807473720122e-01 1.534961024704555588e-01 1.329573504757207980e-01 1.160335425061839176e-01 1.223173338070122629e-01 1.230671994807794184e-01 6.630417356135484552e-02 7.983334390807000913e-02 7.642302110907038537e-02 6.632044386626899379e-02 7.756233608207796504e-02 1.065005213578415350e-01 5.494185807064983634e-02 4.063840366570619506e-02 5.714588469768905332e-02 5.598279818043139927e-02 1.353198483657088586e-02 3.088793929222441101e-02 2.838327110086838814e-02 7.911223555942752117e-02 2.990461060862600537e-02 2.634369191354909295e-02 3.159453609567159510e-02 6.436410618525573168e-02 2.463813078712805485e-02 3.279012528181697583e-02 5.978027479015418644e-02 8.551327418903996447e-02 4.565648140793734239e-02 5.259308652839408266e-02 7.720138944761957556e-02 4.705399806955169739e-02 5.908024838873281864e-02 4.495495517647915551e-02 5.951002792304227462e-02 6.051026630578744403e-02 7.993644569130320399e-02 5.929530839815073257e-02
1.852236822853941534e-01 1.000000000000000000e+00 1.423212864512568288e-01 9.590449069240787605e-02 5.388599380696326713e-02 9.185228822060473308e-02 1.639724171117103169e-01 1.484399753536358169e-01 2.565769411315325654e-01 2.187120148348560833e-01 1.758595274698792621e-01 1.609315475639452042e-01 1.379568863366359421e-01 1.322789125232041729e-01 1.728563960662600762e-01 1.818500461695878312e-01 2.234441041326601096e-01 2.197611923406522227e-01 1.661467806425501459e-01 1.796143273921625705e-01 1.559654763900531760e-01 1.402522483635783856e-01 2.188707228188987441e-01 1.657386383216915560e-01 1.653870314629495852e-01 2.218440320627971807e-01 2.254198016531916149e-01 2.218186043827594101e-01 2.785294717972598422e-01 2.372327356469198234e-01 2.259652509164495615e-01 2.106806851398576597e-01 2.066734302842018478e-01 1.796745370506623862e-01 2.280565801159094574e-01 1.678852140877931109e-01 2.025548890089432508e-01 2.037868391145699620e-01 1.993862989075821657e-01 1.735279079184740003e-01 1.990113106787332331e-01 1.744573538910049459e-01 1.257184890138904332e-01 1.731966818726555224e-01 1.856585951973747928e-01 2.019369486659626511e-01 1.674286415295259123e-01 1.847523493924731475e-01 1.765996742232188443e-01 1.519977456775325475e-01 1.562232564696085790e-01 1.272666302837021091e-01 1.566908907707251219e-01 1.962585928089299325e-01 1.987906229268477931e-01 1.952092722244239686e-01 1.855024250026740540e-01 1.643320113207655253e-01 1.879016732116783883e-01 1.835421148747806430e-01 1.655535580882157021e-01 1.983830302450052541e-01 1.920100831939155761e-01 1.689099237120730013e-01 1.913237142068102692e-01 1.847366778467096904e-01 1.879367515184457438e-01 1.860139728903584533e-01 2.054880659724662995e-01 1.982722265035025133e-01 1.622817557076973727e-01 1.764262513731830462e-01 1.847640600580475745e-01 1.770319360627283511e-01 1.956244897592672449e-01 1.952917204480306701e-01 2.028529364291875026e-01 2.316763617498162620e-01 1.952139658993262972e-01 2.058932233703180403e-01 2.037407411641381783e-01 1.987796957177828949e-01 1.946919569044298637e-01 2.049372571609540394e-01 1.672103337256500843e-01 1.810926853556474314e-01 1.824203059435828000e-01 1.816656945386108946e-01 1.911964791574242428e-01 1.891044868754672426e-01 1.725009024286796588e-01 1.736788181581771229e-01 1.721416952655871191e-01 1.774762577315033008e-01 1.654060412210115738e-01 1.727186874323926591e-01 1.372655898504042127e-01 1.588388795315337776e-01 1.564148965522931256e-01 1.540812654493687039e-01 1.481171719345539262e-01 1.661492472470762205e-01 1.609153113314538974e-01 1.573661284095815849e-01 1.570278181890318037e-01 1.665462638579366661e-01 1.704623144081823527e-01 1.800350958345217356e-01 1.824234533876002706e-01 1.722407739249569025e-01 1.786158190627570030e-01 1.694041910734574441e-01 1.737383085103858804e-01 1.680309378644178897e-01 1.783256403313195348e-01 1.704383423606569414e-01
3.423719801912731842e-01 1.423212864512568288e-01 1.000000000000000000e+00 4.962735915405075970e-01 9.885042483511534417e-02 2.479390838671385322e-01 3.362111684779989229e-01 3.114109884741979029e-01 4.631332515921647852e-01 3.241032387572516105e-01 4.608482664709132037e-01 4.446404990234492649e-01 2.789050511983043323e-01 3.131638012842863916e-01 3.476576553299620120e-01 3.910999640110319753e-01 4.630399095720418856e-01 5.325765524134958850e-01 5.329388426862171624e-01 4.499739727795721844e-01 5.277032259370812994e-01 5.309722711664487393e-01 5.323872324363819741e-01 5.442373800327475752e-01 5.269884595630324187e-01 5.357637580521015241e-01 5.341634911830077659e-01 4.894512133257983288e-01 5.737783521400426912e-01 5.451349072655452543e-01 5.369293273289996726e-01 4.484872262196065718e-01 4.693943978350457735e-01 4.587316978410214685e-01 5.014613795268898500e-01 4.360321941698297454e-01 4.705158249686631766e-01 4.177169381521457781e-01 4.525017496548312534e-01 4.317908457569175074e-01 4.285018896612287076e-01 3.773161728456779218e-01 3.928449811713117246e-01 4.184738740030570781e-01 4.516168878252598828e-01 4.445788445387076071e-01 3.386651851927950374e-01 3.498491165495809518e-01 3.701391496692719163e-01 4.016305049301481800e-01 3.922705964102609633e-01 4.130161183579326711e-01 3.457239809677414288e-01 3.845959135302721155e-01 4.073544568274996558e-01 4.229763070748771003e-01 4.153330778805243151e-01 3.698549389536501253e-01 3.826896736772218977e-01 3.687192316344192755e-01 3.709781226062625059e-01 3.910503364137397075e-01 4.038883848591688919e-01 3.819186629762534868e-01 3.857747410038530611e-01 3.936649672120541288e-01 3.671588926582762813e-01 4.253395511407470631e-01 4.151862215862565653e-01 4.315340105374342872e-01 4.352646329271439574e-01 4.240291752255236357e-01 4.342992826628213066e-01 4.333221037500237238e-01 4.283041336603963800e-01 4.098576747895883443e-01 4.162377337041793246e-01 4.656479010203285474e-01 4.417160984767622978e-01 4.414060130940941629e-01 4.260579989107317056e-01 4.203214416221646155e-01 4.130035817938139120e-01 4.159656220344080113e-01 3.881580055904151338e-01 3.846463918882382371e-01 3.816014245308544384e-01 3.848953331102262232e-01 3.908881617032918254e-01 4.122352838298110056e-01 3.843347970681640913e-01 3.596374541727155871e-01 3.783700649283864847e-01 3.767857578501213611e-01 3.326821537921866301e-01 3.405704945842965570e-01 3.714247807990213590e-01 3.783096234807969971e-01 3.560194534564323221e-01 3.603807119045661644e-01 3.612965640325569994e-01 3.734670844630494924e-01 3.429625823042118382e-01 3.520901851771464086e-01 3.665395268763088077e-01 3.804983984850199286e-01 3.560477165517042519e-01 3.569305445897423823e-01 3.794952428274314671e-01 3.564548313630143683e-01 3.657562448572384550e-01 3.429000573740268454e-01 3.564834218986815961e-01 3.622876974017205098e-01 3.729834859073391518e-01 3.548044572766979043e-01
2.480642857086761965e-01 9.590449069240787605e-02 4.962735915405075970e-01 1.000000000000000000e+00 3.099089070774229127e-01 4.061306128389529091e-01 5.572595069555391634e-01 5.459104962843883690e-01 5.975816422213049428e-01 4.800686449669762657e-01 6.214888512829578326e-01 6.765510801855117995e-01 5.137742032620855603e-01 5.314007019950065525e-01 6.029990601404623396e-01 6.209615319332223438e-01 6.073183471617419338e-01 5.591270040495905924e-01 5.990500121585446980e-01 5.285903820758728333e-01 6.068021603718207757e-01 6.414796586644954113e-01 5.915122881077954364e-01 6.169736710885839193e-01 6.056039478381844976e-01 6.848166943486536651e-01 6.738721704400684187e-01 6.476857887375201406e-01 6.544969778848284125e-01 6.552175427634359117e-01 6.659501936916790710e-01 6.221803254257507465e-01 6.351738167941712865e-01 6.364071823005957862e-01 6.252849194476344241e-01 6.285526962822055586e-01 6.361824535636240174e-01 6.241830575319438079e-01 6.409451987737996292e-01 6.231151478603365046e-01 6.386696504000130004e-01 6.183004935194064133e-01 6.360371073482796733e-01 6.490771452401304931e-01 6.568126602366050060e-01 6.420242423826133527e-01 5.926462357453449181e-01 5.875111232601576416e-01 6.044236544230043862e-01 6.230371588248402315e-01 6.414050963513894255e-01 6.579801857168534607e-01 5.971004554497729711e-01 6.061449711649199434e-01 6.187425037454162835e-01 6.266353823432415648e-01 6.335152636056374797e-01 6.142994479257208873e-01 6.056333278176709856e-01 6.129606182131308589e-01 6.156198207269013567e-01 6.111456510167204703e-01 6.220453066340447812e-01 6.279844464930801617e-01 6.208530597454872124e-01 6.269767390500664561e-01 6.011718130298167040e-01 6.300160552409381776e-01 6.200214888606899732e-01 6.335008327854807497e-01 6.448943196109382381e-01 6.339793831857882811e-01 6.327596804688828680e-01 6.334596752228873751e-01 6.448941534716832180e-01 6.313829888709974192e-01 6.321859932515835334e-01 6.398475741179646681e-01 6.478997339161027824e-01 6.390638427656071263e-01 6.318563575706300783e-01 6.309059040515895278e-01 6.276521640590739803e-01 6.244072417818495868e-01 6.252404616071299825e-01 6.173856092996707901e-01 6.089464138229516710e-01 6.176446550424835591e-01 6.134659691142665405e-01 6.273325841417929372e-01 6.187802325957378891e-01 6.061097319085949620e-01 6.156321093134398126e-01 6.145374706850668112e-01 5.817240355343453739e-01 5.867953500414723189e-01 6.096867300166108894e-01 6.223508758170819277e-01 6.049639290930118873e-01 6.133179852780196173e-01 6.165130312998748918e-01 6.172122562893493924e-01 5.964660422941246987e-01 6.061520665126669538e-01 6.185798775304520714e-01 6.128213187616093904e-01 5.998160830489654982e-01 5.952102570182966623e-01 6.105726971040813522e-01 6.011561609961170172e-01 5.966662213218275612e-01 5.930455898680868643e-01 6.006107292596413183e-01 6.108386085350940853e-01 6.138071756938672241e-01 6.064086427491623965e-01
1.759802793237430843e-02 5.388599380696326713e-02 9.885042483511534417e-02 3.099089070774229127e-01 1.000000000000000000e+00 2.986454828779732673e-01 4.847023007664213456e-01 4.939602939117830327e-01 3.659710075327066159e-01 3.622310077101852932e-01 3.954503389202011499e-01 4.317770172028330689e-01 4.697993880624095620e-01 4.211192193345692503e-01 5.042614588970643075e-01 4.683670280030949318e-01 3.845112998991502273e-01 2.451203358974867463e-01 2.755122180895832051e-01 2.474592565622035778e-01 2.573248576994909831e-01 3.174599794652431251e-01 2.772700771405595122e-01 3.135157120754678561e-01 2.940476984382051073e-01 4.101698064030983026e-01 3.872046809518090438e-01 4.077860115298599930e-01 3.296287136909602511e-01 3.402506148417401288e-01 3.652254147635338177e-01 3.973905333232263803e-01 3.844944401059026684e-01 4.156306974881859850e-01 3.601584869200422645e-01 4.086607869050344344e-01 4.102097862440140519e-01 4.221145278521086230e-01 4.197286873057803347e-01 4.241081263291903158e-01 4.459704319766166769e-01 4.623011116899980455e-01 4.704794427370772025e-01 4.540670334909118200e-01 4.400300499839083779e-01 4.255927901611201158e-01 4.668755133651602551e-01 4.582920299519550600e-01 4.625879391688679787e-01 4.251549935421697901e-01 4.559121907643926552e-01 4.666367864569490598e-01 4.700683071058424090e-01 4.444472818818865911e-01 4.372361404515002214e-01 4.273390638039907263e-01 4.332507297749785824e-01 4.581896343352627743e-01 4.323513503678269587e-01 4.614494205931730098e-01 4.662086260782117852e-01 4.322671632671831743e-01 4.324071149411299331e-01 4.625578706894272196e-01 4.555514214805035378e-01 4.465707453401904781e-01 4.581618252042225503e-01 4.416242308825894525e-01 4.326860267446334118e-01 4.260431346332906877e-01 4.335410937460013048e-01 4.389051584959487995e-01 4.386338487335240677e-01 4.354837506549522619e-01 4.539990310048055422e-01 4.535580814343508349e-01 4.452730997098467425e-01 4.125321069626130543e-01 4.436562167314329619e-01 4.271805175195481086e-01 4.344185494222040922e-01 4.426538157167589360e-01 4.453032391148644686e-01 4.383187333083101711e-01 4.608445448402748723e-01 4.610206191274595633e-01 4.539833497264279538e-01 4.554918642337452694e-01 4.509047172321447583e-01 4.507325709008951908e-01 4.632019958055026976e-01 4.672936591069158929e-01 4.631971728878532812e-01 4.598757793957978790e-01 4.673532243565479138e-01 4.632070738024404166e-01 4.607310585114346435e-01 4.652230680636718074e-01 4.723520439369375823e-01 4.702556731904928289e-01 4.789216031223281211e-01 4.646679683328974186e-01 4.702548582047635373e-01 4.722037574431164342e-01 4.747576569654268219e-01 4.581352471466529352e-01 4.684609380082666030e-01 4.607104310537223912e-01 4.609992318089223828e-01 4.635267344581070481e-01 4.470872089086283530e-01 4.692761417526428169e-01 4.608606637304596410e-01 4.706330519936128276e-01 4.662936504580016406e-01 4.690305869669906813e-01
4.299548879913390326e-02 9.185228822060473308e-02 2.479390838671385322e-01 4.061306128389529091e-01 2.986454828779732673e-01 1.000000000000000000e+00 5.292631473871921566e-01 5.038077602034660707e-01 5.119030968373770030e-01 4.757061686523914035e-01 5.513517688535226613e-01 5.758338151209946298e-01 5.249582270706569798e-01 5.178995611693955059e-01 5.854013373003624787e-01 5.662522376137066882e-01 5.237607923181838432e-01 4.073158738533514955e-01 4.824723894063545071e-01 3.566294964233866494e-01 4.444898856023289935e-01 4.939726147507052523e-01 4.878436261577782096e-01 4.714807535027856766e-01 4.909757679823070209e-01 5.469710167083335906e-01 5.482716536883041059e-01 5.732465740356331718e-01 5.168139053497041724e-01 5.319671584122944719e-01 5.521381430523809586e-01 5.633565470224322080e-01 5.367584373919176421e-01 5.605657782269484191e-01 5.426765729109054304e-01 5.762916681227009397e-01 5.728453404748178324e-01 5.810530795120426584e-01 5.800249864868546323e-01 5.774247293817941218e-01 5.969079952028180092e-01 5.982233890308196189e-01 5.851803826248919149e-01 6.058779963716617312e-01 5.971559939360538971e-01 5.867334817289825422e-01 5.892964849900590441e-01 5.855936161634074377e-01 5.939705780721569184e-01 5.812398963551641540e-01 5.950209983814809256e-01 5.893468404321935417e-01 5.837648157945368732e-01 5.752952353930113061e-01 5.736846514650907336e-01 5.880877123353387415e-01 5.698081239603770554e-01 5.833997567736877166e-01 5.757500858315648395e-01 5.851345217749188699e-01 5.842825554221841022e-01 5.729161910604402275e-01 5.707467118812368234e-01 5.934689683397769144e-01 5.876727142714539553e-01 5.823617319603971998e-01 5.923882360129736346e-01 5.903105881847493519e-01 5.835568701218137866e-01 5.720215020463640387e-01 5.897790928216554152e-01 5.972081115811928020e-01 5.838791502522270305e-01 5.959314551384419234e-01 5.946939871675746003e-01 5.940559258850162117e-01 5.933975908253759091e-01 5.803897970937629269e-01 5.930688451338373968e-01 5.868283671664233925e-01 5.892422104596590771e-01 5.932334705106366846e-01 5.964135871580056314e-01 5.812678793326399029e-01 5.907130669977014303e-01 5.893200094612860429e-01 5.979407198205013430e-01 5.921292981458196047e-01 5.906214830308258446e-01 5.951622213328887634e-01 5.974698432357051781e-01 5.975743895975240694e-01 6.024510108022975707e-01 5.967101044821497835e-01 5.878858121570467166e-01 5.889293328196595345e-01 5.868526258554487285e-01 5.878929633753966488e-01 5.937283401622821533e-01 5.974439597252310108e-01 5.971038259839572815e-01 5.873555204076295055e-01 5.915269129207891829e-01 5.959403410060127859e-01 5.973940512455063745e-01 5.793305052476873662e-01 5.920422732041883407e-01 5.891108527343886792e-01 5.903569791105587328e-01 5.934463332018518056e-01 5.847078192482474401e-01 5.888415923668665064e-01 5.852397196154743853e-01 5.947981543251161796e-01 5.948721772872687108e-01 5.906511184149075833e-01
9.613282141518761370e-02 1.639724171117103169e-01 3.362111684779989229e-01 5.572595069555391634e-01 4.847023007664213456e-01 5.292631473871921566e-01 1.000000000000000000e+00 7.526011942720112202e-01 7.033133015523936882e-01 6.631845397783452389e-01 7.279181210205460939e-01 7.715649912895035101e-01 7.073973269256483842e-01 7.131576906286002382e-01 8.534763494531356631e-01 8.017725957333089459e-01 7.120236105098437518e-01 5.762259559784927987e-01 6.479743560983375339e-01 5.079073925461837780e-01 5.988414578231177066e-01 6.700952509781425981e-01 6.319204899128210151e-01 6.583976850971096084e-01 6.588073788675044007e-01 7.699653097705274618e-01 7.444458310927486444e-01 7.681066897993845677e-01 7.073083563600587320e-01 6.853739688229318894e-01 7.200499345311106580e-01 7.637942384758069636e-01 7.426287216263098845e-01 7.690412459289829306e-01 7.262888648878303988e-01 7.432375886531426001e-01 7.506844031401589401e-01 7.852118218814073680e-01 7.748299043098597627e-01 7.821221961975548531e-01 8.000711129205151373e-01 8.107157745896390599e-01 7.999273736198535545e-01 8.029358639146519927e-01 7.953262177437346869e-01 7.861740067465033954e-01 8.016143949260897683e-01 7.967763318721989840e-01 8.046110572571264496e-01 7.710068531478501130e-01 8.062445572224873347e-01 7.913965457355359723e-01 7.896598582636116248e-01 7.905994111290530757e-01 7.889406328341407315e-01 7.872701050047650195e-01 7.885005314587135716e-01 8.023014485817286934e-01 7.982115030728030858e-01 8.018255385045610639e-01 8.052104620060553941e-01 7.896376020447084532e-01 7.904009715242255041e-01 8.000545990660539175e-01 7.934692542912145097e-01 7.910037327782043493e-01 7.960984746227574016e-01 7.997047915581746436e-01 7.888243342604176478e-01 7.719787156936431805e-01 7.958029156131706250e-01 7.999079653085466868e-01 7.944855372645863723e-01 7.981869978803223242e-01 8.078896557964941882e-01 8.028527239890659306e-01 8.044330182602523749e-01 7.878348118791892452e-01 8.032293338891193235e-01 7.815036345093093750e-01 7.908750773445233362e-01 7.909060641614565901e-01 7.967255164578451732e-01 7.939565241947306173e-01 7.979153286516199595e-01 8.009825138057481420e-01 7.932616259488194377e-01 8.031252235810634188e-01 7.940840163339570879e-01 8.013617144472254816e-01 8.071787886866860218e-01 8.060541830183384215e-01 8.037895082734609620e-01 8.011836210506645406e-01 7.928543221670978358e-01 7.944713104645571011e-01 7.847895355612698465e-01 7.893312337145224067e-01 7.971184406235840569e-01 8.013749370813071371e-01 8.037032799510094305e-01 7.986681110429992847e-01 7.943044767944585915e-01 7.968956161733457000e-01 7.995778892266403037e-01 7.916168918924059161e-01 7.984694892029583491e-01 7.945121292199432972e-01 8.016033210750206361e-01 7.979274688312899544e-01 7.977953276767897339e-01 7.970758644252505798e-01 7.957370975635353894e-01 7.958685778376567432e-01 8.003388973249050409e-01 7.959742927523717482e-01
6.820461658710973152e-02 1.484399753536358169e-01 3.114109884741979029e-01 5.459104962843883690e-01 4.939602939117830327e-01 5.038077602034660707e-01 7.526011942720112202e-01 1.000000000000000000e+00 6.791083064511568290e-01 6.401450356660743912e-01 7.174914462401983384e-01 7.625471715971093856e-01 7.107380543897311442e-01 7.056293473846680930e-01 8.120822876131330581e-01 8.016021833796040941e-01 6.907216923670481679e-01 5.507437707103732816e-01 6.158275423543366767e-01 4.953737753740337091e-01 5.776068173614941070e-01 6.417380423132789113e-01 6.055459006156717061e-01 6.275650735471017816e-01 6.182001356373092449e-01 7.296592224614738553e-01 7.041378677090310845e-01 7.233816027840138663e-01 6.749975006065894734e-01 6.678164149965024610e-01 6.834823347413016004e-01 7.428144109503721504e-01 7.193149151332122182e-01 7.496142420347929880e-01 7.005959258798487577e-01 7.363288325605638063e-01 7.208895376106568831e-01 7.678823606291095283e-01 7.568948762043268275e-01 7.427267024211827717e-01 7.729655444811910359e-01 7.827068042636599055e-01 7.855817633881015949e-01 7.893734420495126525e-01 7.681209178406599447e-01 7.643756513352857329e-01 7.853885457772503687e-01 7.802274572494423133e-01 7.851608492817290230e-01 7.621198252784001648e-01 7.913535020873556647e-01 7.815232314606654906e-01 7.774459026405152740e-01 7.748258839367909712e-01 7.740818694739904915e-01 7.682030763598233225e-01 7.788820387157431302e-01 7.922092739860155941e-01 7.786889882281600173e-01 7.872948538265329699e-01 7.959874264291827428e-01 7.785416429802348715e-01 7.806575303095728557e-01 7.928044070059253601e-01 7.823572303360578628e-01 7.808272826918368770e-01 7.840175466471903665e-01 7.855380577647637086e-01 7.743555114956628405e-01 7.577163822719603647e-01 7.771495654995623781e-01 7.794655007238449063e-01 7.775952347851227131e-01 7.744521550293341772e-01 7.847389906727822995e-01 7.819487993743893250e-01 7.819012168841419363e-01 7.636724148837730208e-01 7.808518296411111059e-01 7.628203571687774964e-01 7.695334554008297356e-01 7.692978770796474741e-01 7.817548707105338446e-01 7.779463067268092002e-01 7.918598744320548555e-01 7.907163697082564280e-01 7.761025786819555350e-01 7.924453861051371506e-01 7.791341045394279963e-01 7.884537179497512760e-01 7.866460855443064837e-01 7.900047875779528939e-01 7.849003510979666309e-01 7.867595354247736150e-01 7.841672224928499801e-01 7.826944835322861005e-01 7.824892751577908756e-01 7.858002394319085759e-01 7.917758046950102990e-01 7.914390776459979682e-01 7.967267093102365916e-01 7.969456336270868135e-01 7.837118363191000192e-01 7.930484758048618188e-01 7.938927110340479043e-01 7.908601604369375204e-01 7.874087994415782665e-01 7.830104986322850014e-01 7.905674423730482125e-01 7.889859395246020535e-01 7.847178326585609875e-01 7.866289291236051584e-01 7.898113697043778192e-01 7.925533871887945336e-01 7.876032846277477573e-01 7.876093002743255189e-01
2.870485097370421568e-01 2.565769411315325654e-01 4.631332515921647852e-01 5.975816422213049428e-01 3.659710075327066159e-01 5.119030968373770030e-01 7.033133015523936882e-01 6.791083064511568290e-01 1.000000000000000000e+00 7.590769190223680685e-01 8.291758870179684049e-01 8.415187699001096533e-01 7.171622901919417759e-01 7.496387141322962133e-01 8.191311342215685798e-01 8.343886530457628181e-01 8.412539760761806873e-01 7.181349451655764105e-01 7.473023992208777111e-01 6.325194648721558233e-01 7.061556658198748782e-01 7.408483063629307530e-01 7.798792901639269859e-01 7.283675213958082928e-01 7.416344093068683030e-01 8.553350527149287119e-01 8.580003833319946871e-01 8.515718592748575677e-01 8.548559614928706862e-01 8.590142174058373881e-01 8.656117151889484163e-01 8.458351207397741822e-01 8.011146436644757118e-01 8.197901546603436618e-01 8.578586105176302379e-01 8.320778124561407640e-01 8.633618451503807245e-01 8.462612474805245588e-01 8.570877447853010311e-01 8.201961877514728494e-01 8.766243385103730246e-01 8.398229863259232264e-01 8.177259697072778444e-01 8.695841075643344631e-01 8.719240830159031841e-01 8.719662175038001006e-01 8.479649442548260474e-01 8.629648460571875956e-01 8.432700751878368095e-01 8.084066779405474357e-01 8.299909341540242513e-01 8.270570246026023309e-01 8.363686719187231056e-01 8.803300560334031966e-01 8.700361089612708154e-01 8.765586536119932548e-01 8.677686075920622022e-01 8.587604925589586990e-01 8.538393151408342208e-01 8.770091186756534540e-01 8.583874114603842198e-01 8.806015184138297203e-01 8.679133868395700890e-01 8.692223642968981423e-01 8.823175940342133927e-01 8.822049920076066032e-01 8.690728395684401697e-01 8.699368314681470427e-01 8.770489444246305499e-01 8.697800717694930128e-01 8.564224949137060339e-01 8.662660572390830094e-01 8.647095152071468949e-01 8.667556074183150328e-01 8.842339973035133749e-01 8.814395899504015031e-01 8.796015268246013541e-01 8.952146098977331601e-01 8.763938477434489727e-01 8.907049279381294982e-01 8.880942110240485077e-01 8.808431283950817203e-01 8.844861849410518007e-01 8.800696749223069215e-01 8.490943884659347685e-01 8.629990652505328264e-01 8.674646855650719468e-01 8.612548937936741478e-01 8.708783157282120602e-01 8.762597709578674454e-01 8.534433895448764185e-01 8.561893306215351274e-01 8.626453996758067788e-01 8.623353778988213092e-01 8.460054111491398521e-01 8.543708137546646153e-01 8.193463250803461051e-01 8.525174491004009480e-01 8.463187342168138061e-01 8.399396642641271393e-01 8.400665368104395236e-01 8.578205013152394587e-01 8.442795275058915250e-01 8.492676834249880402e-01 8.555640761432308228e-01 8.601492442125323601e-01 8.550102123179416092e-01 8.637452936992833230e-01 8.709029492130569983e-01 8.603160897585869771e-01 8.617174292148613857e-01 8.587625205277039653e-01 8.603399083973657380e-01 8.594441327857589297e-01 8.729387692356959105e-01 8.621429115082118733e-01
1.152629923622034008e-01 2.187120148348560833e-01 3.241032387572516105e-01 4.800686449669762657e-01 3.622310077101852932e-01 4.757061686523914035e-01 6.631845397783452389e-01 6.401450356660743912e-01 7.590769190223680685e-01 1.000000000000000000e+00 7.413232096567311524e-01 7.627799380457706002e-01 6.989557286783087964e-01 7.121809756822664594e-01 7.835391801511103482e-01 7.737021948768368906e-01 7.157704737928243244e-01 5.855125166506103263e-01 6.255058745028302392e-01 5.143262412451268251e-01 5.616254071348972809e-01 6.187105672104686871e-01 6.524317500592842212e-01 6.089640537493469230e-01 6.358433378666097369e-01 7.384932709192937317e-01 7.389774609931220040e-01 7.576005751634767860e-01 7.194812127062659712e-01 7.287244709186875280e-01 7.460389647230574184e-01 7.607971160972309965e-01 7.010613567868113627e-01 7.249339728178452180e-01 7.425673902918902280e-01 7.273406112214162444e-01 7.593960686565518481e-01 7.741879386952948972e-01 7.601279623881824765e-01 7.448151876944617555e-01 8.103843820093542538e-01 7.911183682791813609e-01 7.455081771459965978e-01 7.980689644541918426e-01 7.844195026271444382e-01 7.913031582603212710e-01 8.117463382556574514e-01 8.224580158010786901e-01 7.978218262175685860e-01 7.372350334865966914e-01 7.625518187818673965e-01 7.472722294654224884e-01 7.932095020202689639e-01 8.205076998009147582e-01 7.998166935716625181e-01 8.039559499695201339e-01 7.858168467489493603e-01 8.064195386905154139e-01 7.985990187476295077e-01 8.175121834515023389e-01 8.046874081778186971e-01 8.122096568521320892e-01 7.967816518771791978e-01 8.007268065040220595e-01 8.100507193905243097e-01 8.113790467358578118e-01 8.175379801596760476e-01 8.046535034555415411e-01 8.102130988251343702e-01 7.928194096970390126e-01 7.830926381677000281e-01 7.999480730108221582e-01 7.935954933989946003e-01 8.017159610355929500e-01 8.139281572705754364e-01 8.175524898344838087e-01 8.146880895943985346e-01 8.092902941485979884e-01 8.044872080453104868e-01 8.077878501295651104e-01 8.137016573194295610e-01 8.148518148179577647e-01 8.127606367464645931e-01 8.088969495844421376e-01 7.906906248421834427e-01 8.055414343829296886e-01 8.091542308531805006e-01 8.087074805064285998e-01 8.095144626710107927e-01 8.138123827755079365e-01 8.016388645560151849e-01 8.135793391379300132e-01 8.098746813569782654e-01 8.119667073326428675e-01 8.126313233764816957e-01 8.166300984763399384e-01 7.695956876380939393e-01 7.931143746596213129e-01 8.027687622417317703e-01 7.957828004111574538e-01 7.940812259337727275e-01 8.037765103009354428e-01 8.047431930821850044e-01 8.058122573458338378e-01 8.028328813456589996e-01 8.012989097302667396e-01 8.125477708359712947e-01 8.193689896406864959e-01 8.186196623969571595e-01 8.151276740831804313e-01 8.156865721924608792e-01 8.178236571020855994e-01 8.149490199346060004e-01 8.076791584896950704e-01 8.144819341363832566e-01 8.150287170997497777e-01
1.678141483128580413e-01 1.758595274698792621e-01 4.608482664709132037e-01 6.214888512829578326e-01 3.954503389202011499e-01 5.513517688535226613e-01 7.279181210205460939e-01 7.174914462401983384e-01 8.291758870179684049e-01 7.413232096567311524e-01 1.000000000000000000e+00 8.903588799819770472e-01 7.491708242879270285e-01 7.926581240361918468e-01 8.501210635773408519e-01 8.598477347006467930e-01 8.194375465693839455e-01 7.000708490493908753e-01 7.708779766620121876e-01 6.137043792583306567e-01 7.277718859954028785e-01 7.883852906269703809e-01 7.814879800453129466e-01 7.556572244616983625e-01 7.762799836140715781e-01 8.659069024968401029e-01 8.717235049534142188e-01 8.738586753450958700e-01 8.474496878886182971e-01 8.641580220809246260e-01 8.781065269706734844e-01 8.609663900714797924e-01 8.349530931058878336e-01 8.620960924421412486e-01 8.639436979419679030e-01 8.689753215301201372e-01 8.878331200114903954e-01 8.763368558428751287e-01 8.904691620469689095e-01 8.587678341013411654e-01 9.003379815376725270e-01 8.809093539541709150e-01 8.657959089213477233e-01 9.048317701319421591e-01 9.057143852841775811e-01 8.997070201546887303e-01 8.775164702012193674e-01 8.820930621278733064e-01 8.770839060162404222e-01 8.578978353533603940e-01 8.724283975156335025e-01 8.724286496117248380e-01 8.682984979343160159e-01 8.854548296547333219e-01 8.827095142121033078e-01 8.961191411595967882e-01 8.785218692350285075e-01 8.788099648822900178e-01 8.709112312847995252e-01 8.857488241447405430e-01 8.844409917971352009e-01 8.825087315792322640e-01 8.815052040627301411e-01 8.928251018403887684e-01 8.915354191571076559e-01 8.901952150099440297e-01 8.899688035010573373e-01 8.983599565447570878e-01 8.947707851239136145e-01 8.869452871030554242e-01 8.947626860858982623e-01 9.033551008578406538e-01 8.960685364221391280e-01 9.005607850274570669e-01 9.081553848816635854e-01 9.050489295487004204e-01 9.032906803393655482e-01 9.024441962266311901e-01 9.099954236619087755e-01 9.078821744156776452e-01 9.078216675077688258e-01 9.051804793927279436e-01 9.056011110828204869e-01 9.014139913108945024e-01 8.868126403642702105e-01 8.950699691081431819e-01 9.004002702026566718e-01 8.913622686381381666e-01 8.995695870208881839e-01 9.026807575269131245e-01 8.920405931552547463e-01 8.866807431288424857e-01 8.973828838475266245e-01 8.966675251117991463e-01 8.766206163609661095e-01 8.810197423400248917e-01 8.651366757652350081e-01 8.796495647776471083e-01 8.810961217098465248e-01 8.797998561805508988e-01 8.824106976666650226e-01 8.847498484296755228e-01 8.778058625261579984e-01 8.844901552815928047e-01 8.894102958392132718e-01 8.794661363907395613e-01 8.836638435092705190e-01 8.872651601688696932e-01 8.938525013351436010e-01 8.834189744101681452e-01 8.812652594702796716e-01 8.811116639152946073e-01 8.799839745062141283e-01 8.876058912769142495e-01 8.934773157765908413e-01 8.845027099693069106e-01
1.347448129130370542e-01 1.609315475639452042e-01 4.446404990234492649e-01 6.765510801855117995e-01 4.317770172028330689e-01 5.758338151209946298e-01 7.715649912895035101e-01 7.625471715971093856e-01 8.415187699001096533e-01 7.627799380457706002e-01 8.903588799819770472e-01 1.000000000000000000e+00 7.948655062649144787e-01 8.275477047747565873e-01 9.015349347843251149e-01 9.043614673587443420e-01 8.248639488797054886e-01 6.982725669055978024e-01 7.636177050256692800e-01 6.358108879889052822e-01 7.263455783328721660e-01 7.847926048972072577e-01 7.832741146476999150e-01 7.638018967953680294e-01 7.713188673532586082e-01 8.847387979445895390e-01 8.875101697982679116e-01 9.017805008447991044e-01 8.592319841846360884e-01 8.760993297046218986e-01 9.032950882201487008e-01 8.882525672942809258e-01 8.676833530733170097e-01 8.928180697769121377e-01 8.815049502194581832e-01 8.950562201752679803e-01 9.102269575792998335e-01 9.148593377127394177e-01 9.218742078933910289e-01 8.990121399490941245e-01 9.383713620760945062e-01 9.286975906426169214e-01 9.092749762955991688e-01 9.433299715717883283e-01 9.379501336429225677e-01 9.359906206925558969e-01 9.236544687462803216e-01 9.253846871239306271e-01 9.184232034398560618e-01 8.979895499740329079e-01 9.193947220824025823e-01 9.122819757165407939e-01 9.177586590924535770e-01 9.240416555242670915e-01 9.178926683674767384e-01 9.290432009955832404e-01 9.183278638717156106e-01 9.233392475626256424e-01 9.167600872109259447e-01 9.298493588509452179e-01 9.286983300153992538e-01 9.228379456606745634e-01 9.227090673590909731e-01 9.322392254141406154e-01 9.263649410835542719e-01 9.314753359479781558e-01 9.307202609189714204e-01 9.328616678096416370e-01 9.304441066621299550e-01 9.228730684325525679e-01 9.247272963055211958e-01 9.335540026111012191e-01 9.298020955184294056e-01 9.305386254548125846e-01 9.441456404318001594e-01 9.418981263718430030e-01 9.413172739575929038e-01 9.337944059796792207e-01 9.465048374308333567e-01 9.425771672156539882e-01 9.432404781028115304e-01 9.443003266143586982e-01 9.389430867198585995e-01 9.366902328836036462e-01 9.314649728720306721e-01 9.368955408839774179e-01 9.388532699038772966e-01 9.335083404921573624e-01 9.380155839255681638e-01 9.403534242881957939e-01 9.353614209105721722e-01 9.322687373080145168e-01 9.386184122608428604e-01 9.393335027443983076e-01 9.216314273435072257e-01 9.248044632043359581e-01 9.112883388568144838e-01 9.191454421385237827e-01 9.249475740089760922e-01 9.251130475690511057e-01 9.281731584503862820e-01 9.299046065527839522e-01 9.228797605099409163e-01 9.290245709398951002e-01 9.321785776268526336e-01 9.220089405478242295e-01 9.258935183917877954e-01 9.275647608634243202e-01 9.332669517863768638e-01 9.281712612327862599e-01 9.237116623616286049e-01 9.254788888504846822e-01 9.250622570015782919e-01 9.294469627845468596e-01 9.317384497301758328e-01 9.290485506604253541e-01
2.056573865476808011e-02 1.379568863366359421e-01 2.789050511983043323e-01 5.137742032620855603e-01 4.697993880624095620e-01 5.249582270706569798e-01 7.073973269256483842e-01 7.107380543897311442e-01 7.171622901919417759e-01 6.989557286783087964e-01 7.491708242879270285e-01 7.948655062649144787e-01 1.000000000000000000e+00 7.562588817625297555e-01 8.324795254404068201e-01 8.225710402640459273e-01 7.006245188582276295e-01 5.181483232031861563e-01 5.985964397945167104e-01 4.814552930697204580e-01 5.420514060007904922e-01 6.222931512511902241e-01 6.060825243080585345e-01 5.802318227232026171e-01 6.094419163491884284e-01 7.280634559929530791e-01 7.157734488322162747e-01 7.463076580586961439e-01 6.787672619298852350e-01 7.055928205834676170e-01 7.263592788487632790e-01 7.474323596426226679e-01 7.044774705794247804e-01 7.386925373198859335e-01 7.254018218574806998e-01 7.502322188767761579e-01 7.637109672583921594e-01 7.774353374305240649e-01 7.768405007463372591e-01 7.469042318361557298e-01 8.194524417451379827e-01 8.263714977460852040e-01 7.982980666064507513e-01 8.301797272395941008e-01 8.002401827860705641e-01 8.047441504806566170e-01 8.489098360253313214e-01 8.473087865561772514e-01 8.247355239627334189e-01 7.726229836147706642e-01 8.021686262963291236e-01 8.104920739381342720e-01 8.404845585127942442e-01 8.286502334057668229e-01 8.075118486584662580e-01 8.047784918885341199e-01 8.011507537014779246e-01 8.390557639305564752e-01 8.089840497554831034e-01 8.486604944580484755e-01 8.425164917122950348e-01 8.213568237636249547e-01 8.105104700255233441e-01 8.376334630868714770e-01 8.355036350450475435e-01 8.349205814098483724e-01 8.457135980084369287e-01 8.222470047455920916e-01 8.215842656704674951e-01 8.058819787420805625e-01 8.123372059967891579e-01 8.265143963036578612e-01 8.113386652345322414e-01 8.182126401208945632e-01 8.347738024307428395e-01 8.355267320409368592e-01 8.320418742271665780e-01 8.047702471402674584e-01 8.276868628948580442e-01 8.199869344867253274e-01 8.280631397324965670e-01 8.314460670026623257e-01 8.297886265675934458e-01 8.289294388744228304e-01 8.311678264444171127e-01 8.375649281711016192e-01 8.383677879157612756e-01 8.386995925417429776e-01 8.352902399788353360e-01 8.312801326486690678e-01 8.348793989333769261e-01 8.502945673086780287e-01 8.453902735887312003e-01 8.476275275147174826e-01 8.551176695523223792e-01 8.530390937991442213e-01 8.229597271447259832e-01 8.363365383088582350e-01 8.492552419015467757e-01 8.406177708086917111e-01 8.487628815729509890e-01 8.448672216389471190e-01 8.512469249034455565e-01 8.531137306997697012e-01 8.508070166254299016e-01 8.350379864934929230e-01 8.504607367926649841e-01 8.505102434391020871e-01 8.439015582523806680e-01 8.509835797132745405e-01 8.382322252462638401e-01 8.556696625554515157e-01 8.490416787034745782e-01 8.520500780879628477e-01 8.483820092902880639e-01 8.539338481490158506e-01
