1.000000000000000000e+00 2.548979088244981983e-01 8.420841488711602874e-02 -1.222948529103056875e-01 -5.513032343915169955e-03 -2.732890116741985842e-03 -4.085786015160734058e-02 -7.460440217887391590e-02 8.029261483387319098e-02 6.425289530641314917e-02 -1.111236583707987148e-03 -5.421057797310997739e-02 1.516064764999389483e-02 9.530883861181472030e-03 -3.015110894433037717e-02 -3.869930658637945470e-02 9.150137542000254254e-02 8.105988166789024341e-02 1.164437388441472571e-01 3.526787145339663199e-02 -1.658946781246615348e-02 8.722863222314182485e-02 1.007316249339128694e-01 9.300411441089803666e-02 9.857590251172383689e-02 1.104721488475582658e-01 8.544938936791830753e-02 9.984656108669717756e-02 1.776567928922704875e-01 1.593911305144914692e-01 1.357468096814195835e-01 8.428316142610431383e-02 1.014053538759186190e-01 8.355842352545313212e-02 1.200454908767642492e-01 6.942282265127017182e-02 1.252436690411157516e-01 1.530878227315922435e-02 3.676662279254037241e-02 3.742928446771420087e-02 2.938791585241744622e-02 1.228795796229557305e-03 -2.011016008507627087e-02 1.008495400670647579e-02 6.297074223878784682e-02 3.171188796584310798e-02 1.729418216899989563e-02 3.000099108406621348e-02 2.053705171295094195e-02 -1.790279231858888515e-02 -2.383177529246740395e-02 -2.649340677546044645e-02 -7.549194814991983145e-03 6.802218328703239780e-02 4.701004110717288409e-02 5.581962737779017081e-02 3.552071534560942434e-02 1.413714662036343050e-02 1.050408566150114707e-02 2.763933370402406331e-02 -9.049042387141537774e-03 3.406376984138363012e-02 -1.974126787180902065e-02 2.549040978082575334e-02 4.735453028161529937e-02 3.328412329729141944e-02 2.602394849869076390e-02 3.959617206444735610e-02 5.642657756937401875e-02 8.608899360280225510e-03 6.351771804548056628e-03 5.900187530378946110e-02 4.928589790802780091e-02 2.603794145717883146e-02 3.082557613182973152e-02 4.055565621938187620e-02 3.597817368270127963e-02 7.059930347155692065e-02 4.461302865671930989e-02 6.561731596679223899e-02 6.566317387220256541e-02 5.009317618974728353e-02 4.880609934553142154e-02 5.498575828538843774e-02 2.941982505253792554e-02 4.224935372844595277e-02 5.014602259677902046e-02 1.109459041890932009e-02 1.441837983894708394e-02 3.117865825448704400e-02 2.417121830617677963e-02 6.529774619926035327e-03 1.996572178871497405e-02 1.194181866629902972e-02 3.315076766612383083e-04 1.596918852826354970e-02 -4.002881167521370881e-02 -8.973280893207799536e-03 2.599752654800977641e-03 -4.633997317133519041e-03 -2.082546095810914114e-02 -2.608461689070959780e-02 -1.291955901274905241e-02 -8.232533260991178534e-03 6.535780008953199008e-03 1.365546400089164870e-02 4.959716253645237924e-03 3.492008698258841637e-02 2.507462589345386267e-02 5.943436496242810157e-04 4.258959688001827913e-03 1.228720822334690953e-02 1.950082949868222823e-02 7.132556221924424115e-03 3.591876782857662820e-02 6.973544017380851022e-03
2.548979088244981983e-01 1.000000000000000000e+00 8.442244652304743691e-02 -4.823975737918281131e-02 7.028419431347369961e-02 1.368192604720588901e-01 1.162822401656895405e-01 8.736590903243321438e-02 2.078219602350218354e-01 2.188074872063779652e-01 1.403092503478417241e-01 9.461060847191087031e-02 1.278763442902556280e-01 1.420989367103610568e-01 1.324878314494515874e-01 1.331790642213334097e-01 2.048242459714258168e-01 1.921033384295672553e-01 2.317431371814546170e-01 6.675558644969371846e-02 6.215428556205079141e-02 1.988515529122447112e-01 2.242509199229997807e-01 1.779178639164039621e-01 1.994341309601316559e-01 2.427818486057451430e-01 2.383473137156666977e-01 2.595725323466417933e-01 3.172299497383340716e-01 3.003871937307081019e-01 2.824345626571481693e-01 2.385318577855859989e-01 2.563587838910201255e-01 2.224323630680800634e-01 2.605447571862138934e-01 1.957565719173626206e-01 2.464369765887302055e-01 2.000330031728157765e-01 2.021951270163978853e-01 1.903723705252470255e-01 1.755916483642490644e-01 1.703065470949943205e-01 1.405347602720802558e-01 1.697372018502622260e-01 2.156619281369756003e-01 2.045741588011816270e-01 1.723144772866227192e-01 1.822621636582382743e-01 1.746592187007480201e-01 1.342115960787625684e-01 1.507241561942230246e-01 1.179979770395492289e-01 1.395560790046508348e-01 2.050454884165684721e-01 1.903684646439743888e-01 2.081018668334363997e-01 1.655143201114126217e-01 1.821822041505987144e-01 1.726676415548082100e-01 1.758304405578003937e-01 1.453315504832776439e-01 1.810541449860098018e-01 1.351453419423446767e-01 1.781151927113779898e-01 1.899367114620632013e-01 1.713393564126795832e-01 1.784186099348527565e-01 1.864275389484914558e-01 2.140130137118166909e-01 1.466589032741827392e-01 1.453684284530490090e-01 2.041817936506316045e-01 1.959584139085451537e-01 1.690631790414025282e-01 1.917909108669211549e-01 1.979301989070398893e-01 2.041633641504161101e-01 2.330571606544860064e-01 2.128886077677127897e-01 2.271944721585336113e-01 2.189581941371852580e-01 2.114190808237136898e-01 2.061937932783499405e-01 2.147438405203034306e-01 1.876835170384455742e-01 1.979601137763540020e-01 2.017758986846634739e-01 1.790434465784975504e-01 1.789309692146462127e-01 1.865245269850897281e-01 1.895403455686640037e-01 1.659608401041585413e-01 1.796631118656353832e-01 1.764868311511361421e-01 1.601900444506509091e-01 1.721268818165810344e-01 1.144730373258282391e-01 1.313605473380029809e-01 1.564870744969744931e-01 1.586424515748005859e-01 1.378355581419195564e-01 1.260823262444127624e-01 1.438260844388726811e-01 1.512816474974204295e-01 1.603234131007590102e-01 1.510242951956525803e-01 1.541778043430710732e-01 1.892076915702614603e-01 1.807312471433492329e-01 1.608364776497142601e-01 1.641533126402344722e-01 1.631853085828473549e-01 1.667576910349252151e-01 1.611359062687824639e-01 1.828393536589334734e-01 1.523006564182415035e-01
8.420841488711602874e-02 8.442244652304743691e-02 1.000000000000000000e+00 3.269606257085193590e-01 2.105462675159106012e-01 2.081502157633096373e-01 3.083548441225985037e-01 2.736211158219177819e-01 3.168512381047254300e-01 2.937752709009770480e-01 3.265225298470231796e-01 3.425226830476268414e-01 3.145445674921887314e-01 3.284524607017978437e-01 3.390917186455934540e-01 3.288496373766286451e-01 3.402501338826540156e-01 3.603939233884165816e-01 3.480494855508672880e-01 3.190158852591656879e-01 3.513753912412319602e-01 3.422530316354168156e-01 3.568494694525455868e-01 3.495013302012381362e-01 3.491890817666301050e-01 3.548821118026855292e-01 3.495667679868569300e-01 3.336432700175046562e-01 2.980256056477584292e-01 3.508234496825791693e-01 3.596993676265767825e-01 3.547632782244526939e-01 3.294072007515282396e-01 3.569204171223845923e-01 3.447745189778338992e-01 3.575906771901768977e-01 3.603629467543426057e-01 3.291480372777864094e-01 3.551187838444829770e-01 3.346986680316966223e-01 3.515349301316681996e-01 3.333521463627620585e-01 3.355575265153134534e-01 3.529961722757119502e-01 3.673461891564097637e-01 3.407827925581056738e-01 3.432773514417902794e-01 3.435195362245827000e-01 3.387723514055296925e-01 3.241929180635417240e-01 3.382476441795975175e-01 3.512383832559277663e-01 3.368643031103424335e-01 3.408003241621063717e-01 3.190610108538601830e-01 3.422661664282987681e-01 3.231097862720389569e-01 3.347404281944036386e-01 3.301366627250645336e-01 3.368303803862250367e-01 3.409081719183675863e-01 3.291951891655469642e-01 3.318610212884867128e-01 3.425544187191311152e-01 3.581886812136967357e-01 3.453566557507512513e-01 3.456858147310304941e-01 3.638826414823904676e-01 3.630700641950266316e-01 3.642634838127983832e-01 3.704813158201465395e-01 3.643616785103364619e-01 3.660636866509576204e-01 3.604095477846175344e-01 3.565543504368010597e-01 3.591063682945880853e-01 3.495790861958675277e-01 3.416689991019115080e-01 3.496468129618501841e-01 3.528316361777382171e-01 3.520691856052683977e-01 3.554137097536682055e-01 3.505276554271931078e-01 3.431795472368261435e-01 3.475087132702833204e-01 3.568685655154513192e-01 3.598309284368357841e-01 3.430514372927395139e-01 3.469387395935960017e-01 3.476592336065013611e-01 3.436536480500379520e-01 3.466380216382367041e-01 3.530960279298661075e-01 3.469578740206678003e-01 3.406483513941119812e-01 3.423364690648997288e-01 3.323880096904082704e-01 3.303379814395225877e-01 3.448875845363623127e-01 3.467553700536263328e-01 3.409683263380376417e-01 3.365099663089088922e-01 3.442407913913500539e-01 3.441779261380386035e-01 3.562213382265850270e-01 3.317447962167540676e-01 3.393619134522965486e-01 3.433699566344756704e-01 3.420123694492598898e-01 3.404850002644178031e-01 3.388189665479189872e-01 3.402973397631548491e-01 3.336565882332608868e-01 3.424818818022957179e-01 3.520161101734785580e-01 3.438694293594322660e-01
-1.222948529103056875e-01 -4.823975737918281131e-02 3.269606257085193590e-01 1.000000000000000000e+00 3.707539701779326569e-01 3.727345876571480088e-01 5.510145533881747326e-01 5.437233871772465532e-01 4.721147756455548183e-01 4.395639465510323141e-01 5.445040633207626213e-01 6.361794039966794934e-01 5.340282292328860647e-01 5.289105521670154353e-01 5.957666882870268354e-01 5.889476153243020651e-01 4.767119651223438170e-01 4.224311727470021482e-01 3.561908178712097084e-01 5.142795059118502321e-01 4.919266371228207535e-01 3.717872440698407055e-01 4.115902211427367452e-01 4.070645711396543298e-01 3.731583089770965644e-01 4.347133073915039891e-01 4.499087609653319997e-01 4.126809414747638627e-01 2.915764243364517561e-01 3.826611957194283042e-01 4.178618637413316073e-01 4.865653236675285265e-01 4.016169527115649451e-01 4.854024745231671489e-01 4.176373321075646516e-01 4.909911417278440826e-01 4.645679639364206359e-01 4.975516169122696231e-01 5.170885016894064545e-01 4.975075830292131629e-01 5.571508673213272367e-01 5.332204244248955893e-01 5.447826047779588121e-01 5.688937305835879421e-01 5.128537908841982462e-01 5.137749225862813240e-01 5.650388510591222158e-01 5.553368293656402166e-01 5.618475418692834289e-01 5.617355196098146042e-01 5.610653169883033087e-01 5.897161704637556845e-01 5.813771543049783830e-01 5.183663303841957726e-01 4.865856694421005768e-01 4.981716066725278558e-01 5.406761196257801050e-01 5.385089580366363426e-01 5.375383266725877185e-01 5.684190539932403308e-01 5.734075375777234473e-01 5.411845056544194454e-01 5.730487453517389973e-01 5.649397315384439011e-01 5.529994319611416520e-01 5.630604878092595467e-01 5.602442861493749371e-01 5.388803315003526384e-01 5.341107257932304897e-01 6.053888965146680956e-01 5.649482995582950640e-01 5.195015080392055840e-01 5.382052356022321016e-01 5.351044480901773204e-01 5.444337129369596351e-01 5.436657047043851332e-01 5.335479907453621884e-01 4.913352899221061221e-01 5.141645808455679312e-01 5.008307296975234024e-01 5.125525090139203543e-01 5.250446319515345017e-01 5.378821365991217629e-01 5.083481796214811554e-01 5.543172944654238821e-01 5.501777276915682524e-01 5.417408681778085322e-01 5.579051965906201005e-01 5.569263488098546988e-01 5.382936863414162776e-01 5.428499433225763005e-01 5.675665460390744155e-01 5.606146707643027138e-01 5.611260203463374063e-01 5.763682188282408525e-01 5.676455247172735863e-01 5.940940537006689226e-01 5.855626170449713674e-01 5.745276608738310031e-01 5.828638208840473123e-01 5.841800496440833212e-01 5.912655042549879170e-01 5.942159763328402899e-01 5.827718713189292687e-01 5.828951637140472597e-01 5.694979597181069053e-01 5.770721087983198272e-01 5.461167144635589166e-01 5.440956865146638899e-01 5.742929791869006984e-01 5.662234011920668220e-01 5.746348492405867203e-01 5.603519208692852027e-01 5.793828676341714612e-01 5.627503808179111777e-01 5.824790424772654518e-01
-5.513032343915169955e-03 7.028419431347369961e-02 2.105462675159106012e-01 3.707539701779326569e-01 1.000000000000000000e+00 3.534231854061384293e-01 5.040209888706944641e-01 4.867731268274910206e-01 4.501045833569204957e-01 4.440876067582690268e-01 4.841424823073965933e-01 5.171293355492841970e-01 4.982748706923606496e-01 4.850520194652234163e-01 5.298027285947007892e-01 5.191393062519327195e-01 4.620158364628803582e-01 4.103400695281003707e-01 3.966643825872273599e-01 3.917326698745760560e-01 4.112325800415432275e-01 3.868415943661957512e-01 4.338211966292955246e-01 4.103716367886880989e-01 4.013857674714065848e-01 4.771512474035706219e-01 4.740907376562812359e-01 4.679362600143348039e-01 3.871074320160416415e-01 4.318219279885297524e-01 4.554221452027568673e-01 4.767448058794111487e-01 4.368696896938398244e-01 4.702082023606141137e-01 4.508607671970525921e-01 4.823352223675395067e-01 4.682484659711298458e-01 4.884370343452359431e-01 5.055685592296794706e-01 4.882825418020987351e-01 5.220545961013454139e-01 5.097677227385102317e-01 5.092867862738377216e-01 5.296964594806372606e-01 4.951544139998427796e-01 5.046112650393839161e-01 5.214149270246418721e-01 5.223607545905329941e-01 5.110203227097160905e-01 4.829778695023134727e-01 5.072312234466542780e-01 4.998620637809765843e-01 5.109184099150092528e-01 5.040177392442577453e-01 4.807493961396068771e-01 4.947101260321133953e-01 4.927338114287846960e-01 5.133068676386860485e-01 5.076899600000697177e-01 5.324234002297653090e-01 5.153052396105610722e-01 5.106964647055548534e-01 5.121156023811600511e-01 5.166418228031556259e-01 5.077278112181133896e-01 5.065997390536249867e-01 5.174922163393675945e-01 5.074693220324377751e-01 5.094224654402403907e-01 5.281015391875761855e-01 5.091325814145469808e-01 4.988472994041627806e-01 5.087367387782203432e-01 5.036831607014873313e-01 5.165767123578974829e-01 5.137146489662380855e-01 5.139940594076338742e-01 4.910237971636796650e-01 5.014612269099647524e-01 4.994059113415847406e-01 5.012596131533895161e-01 5.051772850461639930e-01 5.112975254213251164e-01 5.021933895722805463e-01 5.097304606809538452e-01 5.150579912864828858e-01 5.157909905300640530e-01 5.198848263751463250e-01 5.179760354351677920e-01 5.154137660400496257e-01 5.114262347820035526e-01 5.244088580243371212e-01 5.219895280439497132e-01 5.231360708461846309e-01 5.229057066714951629e-01 5.223278100698747206e-01 5.190150789804856002e-01 5.103731258206275490e-01 5.209018718155959959e-01 5.288092812361352424e-01 5.272738987995991833e-01 5.203380194827462724e-01 5.262530245042659205e-01 5.298566908263387942e-01 5.215479688686903703e-01 5.129772690728015005e-01 5.208034153333512828e-01 5.162762598776486911e-01 5.171450556055576797e-01 5.262502162631217395e-01 5.261656783308676921e-01 5.294509025607566644e-01 5.228826956267146331e-01 5.244867277920302051e-01 5.173118116332473537e-01 5.190129269016803271e-01
-2.732890116741985842e-03 1.368192604720588901e-01 2.081502157633096373e-01 3.727345876571480088e-01 3.534231854061384293e-01 1.000000000000000000e+00 5.747377145049803460e-01 5.145677139032496239e-01 5.704749591747027004e-01 5.459675406994987101e-01 5.881947887072371817e-01 6.005474699003651162e-01 5.639715978811804531e-01 5.628320497745198381e-01 6.237213994812733642e-01 6.127547946818502345e-01 5.527732089688068839e-01 4.827231289113051438e-01 4.705891491333888954e-01 4.178471848050421267e-01 4.750713928210384407e-01 4.638981191364220935e-01 5.026958799030439851e-01 4.597453659859486175e-01 4.664447930624704419e-01 5.588667165481681076e-01 5.715181142188914265e-01 5.589966699789822302e-01 4.967643517804651299e-01 5.225772741448438952e-01 5.618351450128331592e-01 5.779502201801672845e-01 5.436626196785331322e-01 5.583533556710387202e-01 5.446036842991057725e-01 5.595394411110367061e-01 5.463910576265728070e-01 6.117654104944738602e-01 6.147449111017694312e-01 5.982521916405494355e-01 6.166826730030396941e-01 6.218545445956397133e-01 6.130967632480235352e-01 6.330433711890284254e-01 6.004982916456396147e-01 6.191149408451841474e-01 6.296341684588477872e-01 6.301039827988590414e-01 6.345871622032352999e-01 6.022092323694087090e-01 6.274913952322165311e-01 5.992142893792482550e-01 6.178460579868294555e-01 6.039504407483188286e-01 6.047929796413011871e-01 6.012417825808279437e-01 6.050158616132937928e-01 6.235892759726107126e-01 6.238134210093536636e-01 6.235341092968039733e-01 6.256112704900905763e-01 6.161802678060821492e-01 6.204609335620223654e-01 6.234894828338820583e-01 6.153154841469178349e-01 6.154181356441833506e-01 6.309942746765878629e-01 6.157954515789741956e-01 6.125682690183417156e-01 6.211488355177319232e-01 6.060277741014049591e-01 6.049445857905703106e-01 6.002004396419581278e-01 6.013575214705293437e-01 6.245398547707012860e-01 6.243435431162592808e-01 6.245683912273019001e-01 6.064474359307058249e-01 6.155924487625872299e-01 6.173937925363812695e-01 6.140341762387969693e-01 6.225246516084251835e-01 6.172509241309818151e-01 6.105062075343800077e-01 6.197483197713830050e-01 6.217830173197461674e-01 6.166205887461445601e-01 6.358142956668254575e-01 6.333175349912048002e-01 6.235291069706112577e-01 6.266706588154203894e-01 6.369413871861511200e-01 6.274425237001099998e-01 6.325547509376188149e-01 6.370285208053897419e-01 6.349012283355256470e-01 6.334694286112003692e-01 6.238400217412960469e-01 6.334108944503590299e-01 6.381997193612274355e-01 6.358548583452031666e-01 6.329791167728116008e-01 6.333378871818990952e-01 6.389467303544031918e-01 6.284889095244600155e-01 6.254629894984938820e-01 6.314048853994108645e-01 6.326186366396018279e-01 6.309787127424065778e-01 6.344723057622589923e-01 6.368985108951957796e-01 6.328540243567329915e-01 6.304791755475385173e-01 6.343722764294965621e-01 6.235121832568246703e-01 6.286515369498634209e-01
-4.085786015160734058e-02 1.162822401656895405e-01 3.083548441225985037e-01 5.510145533881747326e-01 5.040209888706944641e-01 5.747377145049803460e-01 1.000000000000000000e+00 7.260171875525123220e-01 7.251306866653137728e-01 6.963121760453141462e-01 7.632770562640492917e-01 8.069459412902223461e-01 7.432419935784290166e-01 7.224652743326303028e-01 8.447355047358393598e-01 8.180027147645347885e-01 7.062249816859975660e-01 6.098879181815873851e-01 5.796191496391828180e-01 5.716790858877305315e-01 6.195645421940706443e-01 5.736639390751245848e-01 6.395416112355791771e-01 5.764368686444878431e-01 5.759670972886401508e-01 7.164839207579146718e-01 7.216212386854684580e-01 7.130441311751728461e-01 6.266684987352659775e-01 6.698068947325681588e-01 7.144836871800360756e-01 7.315539112718538739e-01 6.822695075364777484e-01 7.069171554684485770e-01 6.884590760031080725e-01 7.239738913155370215e-01 6.990190033365752953e-01 7.982208676996284114e-01 7.934225316225855806e-01 7.705424113525545238e-01 7.976472591057159889e-01 8.079571825057494383e-01 8.040508706423935559e-01 8.213316024221459788e-01 7.693031978780519031e-01 8.030598924025447172e-01 8.163563859754608965e-01 8.108075068670852481e-01 8.177699196695209505e-01 7.875545975740814164e-01 8.189665644290576862e-01 7.828707576109890098e-01 8.107044675654955235e-01 7.786829158386877614e-01 7.785343448119145249e-01 7.811986314171132095e-01 7.882672024216391682e-01 8.147634409985895498e-01 8.129091178453806688e-01 8.161753321453441012e-01 8.191791496288239882e-01 8.052007203660103141e-01 8.195102024658358353e-01 8.140920045982116271e-01 7.862251348012776475e-01 7.980892000297187261e-01 8.131289933978668172e-01 7.840217985055588645e-01 7.872590410981679110e-01 8.155681248568699138e-01 7.809832987130781445e-01 7.702656937647763824e-01 7.715557010927666104e-01 7.674465939132181225e-01 8.069156016395901965e-01 8.028669507136536598e-01 8.055725304819937316e-01 7.840881104861039397e-01 7.976497865941654108e-01 7.916178385813521512e-01 7.890726949969949500e-01 8.008112851186149905e-01 7.937203753453770938e-01 7.864923624915020062e-01 8.016576125912581174e-01 7.986104541454839278e-01 7.947190473210342665e-01 8.238165389453593335e-01 8.197692843088375536e-01 8.058045946896077449e-01 8.063984486678803520e-01 8.248029322976049293e-01 8.153524145105205401e-01 8.208122965873898558e-01 8.242941300497759194e-01 8.199713389632357075e-01 8.280929973297068702e-01 8.187129112655335827e-01 8.233250756585721586e-01 8.316447901795503972e-01 8.317095118899359152e-01 8.296645209077809779e-01 8.271082699941540994e-01 8.306899662101127069e-01 8.166282369038471156e-01 8.153692783408212907e-01 8.217646179663973260e-01 8.142977596778073757e-01 8.157293700905219325e-01 8.257938191005688155e-01 8.283951537442222346e-01 8.245180122082064189e-01 8.184118298417714099e-01 8.286431521555326363e-01 8.048912707065536409e-01 8.181552034815625651e-01
-7.460440217887391590e-02 8.736590903243321438e-02 2.736211158219177819e-01 5.437233871772465532e-01 4.867731268274910206e-01 5.145677139032496239e-01 7.260171875525123220e-01 1.000000000000000000e+00 7.086739256140252019e-01 6.681882599083550645e-01 7.463866534925593932e-01 7.939041946343383671e-01 7.448100964415864667e-01 7.336519091817452765e-01 8.125760102513216454e-01 8.132331614285439603e-01 7.024126281145453010e-01 6.230508034086422731e-01 5.977222322294004631e-01 5.477628643352864257e-01 6.210850563799016344e-01 6.083350733909412833e-01 6.450126157875285537e-01 6.010873437658379448e-01 6.078196872803109940e-01 7.028475472874184948e-01 7.036006296592350884e-01 6.900685702519344655e-01 6.096394076720975663e-01 6.595247327364907042e-01 6.946311870945829359e-01 7.421974783645040041e-01 6.777244895642261513e-01 7.301111790657770495e-01 6.813368759326314805e-01 7.344890363173801617e-01 6.940375734278955155e-01 7.899223573160392142e-01 7.868627533556744602e-01 7.469598039162725911e-01 7.889964362904745565e-01 7.994986557118292092e-01 7.926142256148862586e-01 8.047474948866701894e-01 7.622627758001477849e-01 7.807997648777161848e-01 8.053615096162392017e-01 7.999255849944116870e-01 8.041368882837546250e-01 7.982544069338574078e-01 8.113572360813848805e-01 7.827751070787900556e-01 7.939221702402853298e-01 7.764936424038575424e-01 7.724385547227472504e-01 7.727191719464006070e-01 7.843853971162413341e-01 7.970751488954089803e-01 8.048049096062098728e-01 7.982127816785077323e-01 8.104707807171457334e-01 7.894270346367449065e-01 8.145123619434161411e-01 7.995279992028395677e-01 7.833746354435559001e-01 7.853572217256122867e-01 7.996383610626076610e-01 7.828981636498388852e-01 7.793892802348953985e-01 7.928081557115123079e-01 7.824883283496237851e-01 7.686604312317291132e-01 7.675307967153598421e-01 7.707031084364652784e-01 7.895477406980950796e-01 7.877928914336261856e-01 7.843180836177934268e-01 7.698403556534874070e-01 7.827800500842850839e-01 7.736792977652569014e-01 7.752523023829864801e-01 7.819165466228291672e-01 7.850977157502345705e-01 7.776220659660617596e-01 7.993690871042997692e-01 7.944805375309447193e-01 7.848792434011548913e-01 8.107828327398703960e-01 8.066443841314768770e-01 7.911542398081092831e-01 7.872639989127769855e-01 8.076803807005618063e-01 7.972191306777235420e-01 8.051048307142476546e-01 8.090798085449998345e-01 8.057736156670824990e-01 8.126138066643134872e-01 8.136930253879460784e-01 8.114110934258383923e-01 8.141644830144521006e-01 8.151083946957384807e-01 8.203815349730543272e-01 8.073913540015523749e-01 8.149455720088594202e-01 8.083244422082579428e-01 8.046992705282474123e-01 8.143514634467787783e-01 7.967253644872259732e-01 8.014360578125822032e-01 8.127261154252485298e-01 8.127002285730561271e-01 8.055181727215448007e-01 8.042916652462425153e-01 8.118260007977633474e-01 7.965570954931964209e-01 8.026648262118882826e-01
8.029261483387319098e-02 2.078219602350218354e-01 3.168512381047254300e-01 4.721147756455548183e-01 4.501045833569204957e-01 5.704749591747027004e-01 7.251306866653137728e-01 7.086739256140252019e-01 1.000000000000000000e+00 7.783980685804375854e-01 8.206588585479368536e-01 8.238805482472693065e-01 7.857203096728937464e-01 7.810129264910729008e-01 8.521015965089391297e-01 8.369053367090162343e-01 8.182413051948485005e-01 7.275901817003354033e-01 7.376793289814589372e-01 5.668627803782356755e-01 6.663089545537896896e-01 7.318606528368816200e-01 7.638220018721429971e-01 6.969831757161926156e-01 7.300413501171086894e-01 8.337313895560541921e-01 8.336993135152378498e-01 8.324871422707492696e-01 7.801187661309693100e-01 8.208680048641320282e-01 8.454313879444895763e-01 8.535084969930905041e-01 8.280794831795885713e-01 8.239374509101329291e-01 8.343502556822525174e-01 8.221606817549226287e-01 8.325240438819964117e-01 8.652926705639384375e-01 8.729575422468397461e-01 8.382962091750884026e-01 8.726983607982011781e-01 8.733402716978757585e-01 8.467538798239890863e-01 8.775642460912210785e-01 8.657382731817646615e-01 8.742332108007616620e-01 8.813970076442314561e-01 8.878467035552946029e-01 8.806102556918088409e-01 8.282685334015851275e-01 8.596333545575708390e-01 8.300931436734863000e-01 8.663918932406750040e-01 8.874068859957888744e-01 8.738786477525372076e-01 8.762248551611226954e-01 8.719494475594211647e-01 8.772329221177079805e-01 8.755887951923793100e-01 8.850761887846665399e-01 8.750887262053387294e-01 8.837124980758340742e-01 8.655383293392324706e-01 8.808078701763407681e-01 8.820474081513521858e-01 8.810826981277185554e-01 8.872792469956088945e-01 8.755211719982177732e-01 8.811757405746273308e-01 8.587181443222106081e-01 8.566610529658902351e-01 8.783954573044857606e-01 8.630997551752469521e-01 8.581129250686455601e-01 8.867568075713034847e-01 8.859890837342895287e-01 8.833788012092234077e-01 8.823394752696082088e-01 8.836367023492941453e-01 8.884937048338892307e-01 8.863307928369452693e-01 8.882244102135643526e-01 8.815358585468171526e-01 8.862262866128476357e-01 8.765353995290786626e-01 8.824605099848584766e-01 8.832013123501680774e-01 8.813745264404267976e-01 8.838671584105761703e-01 8.800693378253416910e-01 8.778208842140686752e-01 8.829566228968130925e-01 8.822831221983746808e-01 8.846142500377374152e-01 8.811608021475745289e-01 8.875378708971178865e-01 8.508482883779475703e-01 8.644394027976024519e-01 8.791373556313319959e-01 8.769302066694907305e-01 8.709559841178765582e-01 8.651257098116031941e-01 8.723539529796874303e-01 8.789787582658986631e-01 8.777168776022172825e-01 8.785534643367740593e-01 8.804772810802569127e-01 8.921203933568939703e-01 8.891963431286019626e-01 8.818464193126437367e-01 8.816593652709241447e-01 8.855125145580190482e-01 8.844467052409268337e-01 8.834713093183569343e-01 8.871805944317432413e-01 8.803800951845851541e-01
6.425289530641314917e-02 2.188074872063779652e-01 2.937752709009770480e-01 4.395639465510323141e-01 4.440876067582690268e-01 5.459675406994987101e-01 6.963121760453141462e-01 6.681882599083550645e-01 7.783980685804375854e-01 1.000000000000000000e+00 7.758011285975852100e-01 7.787390131482576638e-01 7.454548602893334985e-01 7.338669675854736507e-01 8.107427546284623476e-01 7.893480448714227382e-01 7.596190276190846191e-01 6.634498387749845350e-01 6.742682601782058471e-01 5.087284062627805969e-01 5.985056401921999836e-01 6.604602919460720312e-01 7.130572666095280621e-01 6.332662399457622548e-01 6.684232230076628811e-01 7.842896311941618404e-01 7.857188861079925646e-01 7.921919826351537797e-01 7.384242759299483039e-01 7.725452617330123006e-01 8.056248005616246655e-01 8.031957386556444201e-01 7.667964987900496299e-01 7.609621519486988728e-01 7.751278587527291597e-01 7.528445022467222802e-01 7.792452395324335201e-01 8.236079867315894143e-01 8.237915330764861155e-01 7.860880592700566494e-01 8.232441414786105804e-01 8.243420830852206116e-01 7.911548530140353197e-01 8.289230917863722459e-01 8.166993252236430800e-01 8.317633513120992195e-01 8.385280603336826566e-01 8.437354957624541019e-01 8.371270939584523063e-01 7.696425365921057971e-01 8.148685758082938602e-01 7.676396712918155396e-01 8.175479516085374376e-01 8.396287852418371500e-01 8.303211984691888370e-01 8.295709883522047745e-01 8.200453074269111742e-01 8.384606426882657004e-01 8.383875552348922788e-01 8.411023702710801464e-01 8.268716359848254926e-01 8.416647112462447566e-01 8.202996692503033982e-01 8.315900919569081395e-01 8.223164892264082093e-01 8.291214513934207497e-01 8.384864757191632378e-01 8.251664245486792781e-01 8.341832349708673267e-01 8.080186540411301577e-01 7.993304135443913827e-01 8.247586121151651017e-01 8.126721721274243748e-01 8.010976732742109974e-01 8.392057934849141976e-01 8.408367485424651511e-01 8.399214175135669702e-01 8.418406214578499913e-01 8.379301334324730233e-01 8.421021355061816260e-01 8.370056726319234919e-01 8.460342658346530209e-01 8.311264558505914168e-01 8.376561210404827040e-01 8.269769555080604961e-01 8.321846487697300843e-01 8.333376772443881197e-01 8.375616225557015460e-01 8.381976662020157454e-01 8.326169912878599311e-01 8.324661381384960146e-01 8.373709685527911395e-01 8.338659653180833242e-01 8.400364980505570234e-01 8.389605247601641391e-01 8.419534347276805830e-01 7.979875822224615778e-01 8.130041902580606994e-01 8.304447044167535541e-01 8.301264024076305814e-01 8.205113729306120485e-01 8.189410877501792640e-01 8.258041797761171976e-01 8.327293144748841858e-01 8.229843702101626857e-01 8.274324568871730401e-01 8.318091616386575904e-01 8.448128984027093447e-01 8.418518755337581760e-01 8.374175199080191589e-01 8.370409218540258989e-01 8.413193327481836015e-01 8.406918766712739854e-01 8.357175911779589628e-01 8.356099347472649708e-01 8.297546048430778365e-01
-1.111236583707987148e-03 1.403092503478417241e-01 3.265225298470231796e-01 5.445040633207626213e-01 4.841424823073965933e-01 5.881947887072371817e-01 7.632770562640492917e-01 7.463866534925593932e-01 8.206588585479368536e-01 7.758011285975852100e-01 1.000000000000000000e+00 8.805169192566419945e-01 8.097619179818758006e-01 8.091278836257032037e-01 8.936034672274544288e-01 8.782046818297933877e-01 8.125367488175082586e-01 7.096566727353351700e-01 7.165574436662608404e-01 5.625515035279200493e-01 6.742169752620319478e-01 7.032272381318925847e-01 7.588266969898919134e-01 6.778213732733354702e-01 7.109972519110046019e-01 8.214291999277554268e-01 8.286201297643568386e-01 8.268567576790843976e-01 7.455431218188075526e-01 8.010366169354621313e-01 8.393744060953270969e-01 8.487959591869932430e-01 8.218872207629038806e-01 8.219726872238136695e-01 8.204302242708494397e-01 8.254641248464895664e-01 8.300091137620901893e-01 8.792975725514280416e-01 8.914873573160383424e-01 8.525697239686323980e-01 8.952567921042652310e-01 8.953566391492300269e-01 8.777017293616828919e-01 9.011041268468303889e-01 8.748168649329386426e-01 8.971046330130061364e-01 9.096471766031488659e-01 9.124826698829194838e-01 9.069070390362322653e-01 8.585347904096695126e-01 8.915824321278337239e-01 8.647860019848364610e-01 8.981845733966979939e-01 8.973887788890368977e-01 8.849508389259067576e-01 8.845693632724891398e-01 8.909918264593783555e-01 9.022130595872122072e-01 9.018470538435853223e-01 9.087494255278251165e-01 9.077710421268606611e-01 9.057864851088224256e-01 9.003007219157935781e-01 9.047480020551974533e-01 8.972755053490844013e-01 9.029650172835850253e-01 9.120090609518749503e-01 8.938031362710164851e-01 8.948268257650576762e-01 8.807718314118936354e-01 8.785814867729982991e-01 8.890015589542095142e-01 8.775193907710878705e-01 8.746735096518338803e-01 9.067535419905522476e-01 9.054878319914995144e-01 9.035613555198945823e-01 8.907415895206453049e-01 8.975003765404184763e-01 8.995184549854349232e-01 8.984789506480945764e-01 9.062194347172694009e-01 8.977449985419012624e-01 9.017883158880635186e-01 8.995969889629140681e-01 9.000806831072953873e-01 8.991715179461431395e-01 9.088696254410691955e-01 9.126888520226534851e-01 9.018953423979376716e-01 9.041148094782565092e-01 9.138122484609471075e-01 9.088127664767883251e-01 9.130853330439792082e-01 9.157279346023766697e-01 9.167860426627651993e-01 8.906767837616708094e-01 9.000405511983829987e-01 9.116345546261325206e-01 9.116171646640717219e-01 9.080403086505874910e-01 9.065156788428191392e-01 9.106558978456937847e-01 9.143068812772798815e-01 9.061668340834276858e-01 9.062321948056343279e-01 9.111931955574443798e-01 9.135223960896107220e-01 9.129468858445172197e-01 9.150318353702057150e-01 9.126336336974237851e-01 9.158775623629633600e-01 9.141925771519767707e-01 9.142529448005658477e-01 9.089592712057116275e-01 9.120689807089252810e-01
-5.421057797310997739e-02 9.461060847191087031e-02 3.425226830476268414e-01 6.361794039966794934e-01 5.171293355492841970e-01 6.005474699003651162e-01 8.069459412902223461e-01 7.939041946343383671e-01 8.238805482472693065e-01 7.787390131482576638e-01 8.805169192566419945e-01 1.000000000000000000e+00 8.451310553690627447e-01 8.417802327647696536e-01 9.302979858649138567e-01 9.132988863884985431e-01 8.254721870808382489e-01 7.279414369202882318e-01 7.050429585093234142e-01 6.394896267352367936e-01 7.235961617381450051e-01 6.979737798555455397e-01 7.559050699974548815e-01 6.967970902903691810e-01 7.143176682581776626e-01 8.092485372011333222e-01 8.237114187279183097e-01 8.120292757931835137e-01 6.985698297070158658e-01 7.737994635796306975e-01 8.197521921079975460e-01 8.573647877027186226e-01 8.025232058319532458e-01 8.310645732626011917e-01 8.059108605485018062e-01 8.480130948152457826e-01 8.349918893517959129e-01 8.925068528424595637e-01 9.070328032916528116e-01 8.692931799072989296e-01 9.194766075660057991e-01 9.138806818889074757e-01 9.066778606475346391e-01 9.306835168733536001e-01 8.893915604228342930e-01 9.049182474678203469e-01 9.383570640184447642e-01 9.336470508493761589e-01 9.338756130690588630e-01 8.993829197079454829e-01 9.254888772408891295e-01 9.133480330105702150e-01 9.322983002475245806e-01 9.087640293834672311e-01 8.921129676211303483e-01 8.935285877827421341e-01 9.148559190915532824e-01 9.188886405260083823e-01 9.244219103440947105e-01 9.344337501184785122e-01 9.390620099821930244e-01 9.255604506833877698e-01 9.349195478930572012e-01 9.347451440204809225e-01 9.179076517838443694e-01 9.294094843218216884e-01 9.361620388079400223e-01 9.151804704388015743e-01 9.064433708104773224e-01 9.252859259131971381e-01 9.140456912955636781e-01 9.018061806832010641e-01 8.963571407082954190e-01 9.007085109063678319e-01 9.224366318021526290e-01 9.226806534443177110e-01 9.197618929297227686e-01 8.919677773395633391e-01 9.060259514245307955e-01 9.023663000432053938e-01 9.077804865175221893e-01 9.155390180924759536e-01 9.149830885515692902e-01 9.083564471326808221e-01 9.194666358655545491e-01 9.203541115914380955e-01 9.201650009743982395e-01 9.314118537460037706e-01 9.349213710860487803e-01 9.203378257701644305e-01 9.216998081082781180e-01 9.397141023975377205e-01 9.328546522285138254e-01 9.365344059785781772e-01 9.445727513606422265e-01 9.414004837481514398e-01 9.322886356115905881e-01 9.357003683036504427e-01 9.415996962784717317e-01 9.423136400000533541e-01 9.403283581989277939e-01 9.417461018675922224e-01 9.461476445991692241e-01 9.445570816279110771e-01 9.402832050238401074e-01 9.351441042441924756e-01 9.414380141658853507e-01 9.308363394418065484e-01 9.305412500188104952e-01 9.423057839418470527e-01 9.385391296400580341e-01 9.428023453132733378e-01 9.367931595164229464e-01 9.435360986077480083e-01 9.321124415339715474e-01 9.445833958448534018e-01
1.516064764999389483e-02 1.278763442902556280e-01 3.145445674921887314e-01 5.340282292328860647e-01 4.982748706923606496e-01 5.639715978811804531e-01 7.432419935784290166e-01 7.448100964415864667e-01 7.857203096728937464e-01 7.454548602893334985e-01 8.097619179818758006e-01 8.451310553690627447e-01 1.000000000000000000e+00 7.888871745674675973e-01 8.700546602219247916e-01 8.586216266721502510e-01 7.806995762082450385e-01 6.912595942348989109e-01 6.908893623463120415e-01 5.531353331121430239e-01 6.502581368265054618e-01 6.719804645014690880e-01 7.475186560339556197e-01 6.731482656735717773e-01 6.932224906076361881e-01 7.964363090334101170e-01 7.991286301135502868e-01 7.929529514215404307e-01 7.065040955573387293e-01 7.573945732252942431e-01 7.942409446861445899e-01 8.166701765248777223e-01 7.775074480435230084e-01 7.976904239073737690e-01 7.869502274062629699e-01 8.052093350002481609e-01 7.999325381200820262e-01 8.446599300551237421e-01 8.629685966179325707e-01 8.189797960208560212e-01 8.676590555873929800e-01 8.686125827507857888e-01 8.499534828481342119e-01 8.772710308445605953e-01 8.452344250396206515e-01 8.627179860476635875e-01 8.823149231838530726e-01 8.812113960749559105e-01 8.729860638706795628e-01 8.278247608245563605e-01 8.624324478678134787e-01 8.382971622274273393e-01 8.659826307738416329e-01 8.671946082117113486e-01 8.498496497387103554e-01 8.505884125238925009e-01 8.534577101080841333e-01 8.732880193119054724e-01 8.692900795560205562e-01 8.816407843252622722e-01 8.794503529665900210e-01 8.707272012880922230e-01 8.692378657484818305e-01 8.737791438156236046e-01 8.636925240915294122e-01 8.683435268738255441e-01 8.800302353898646901e-01 8.669218408219173666e-01 8.639493122455353946e-01 8.505038698591586011e-01 8.534144919211271718e-01 8.578902117034576946e-01 8.529759600173009160e-01 8.526569846029170563e-01 8.742878349832640117e-01 8.741439869921110439e-01 8.737292617623332314e-01 8.562603913125111932e-01 8.625855152905463896e-01 8.623964161773207682e-01 8.665378593437138566e-01 8.695377765221110611e-01 8.667687237191376015e-01 8.665353149186570958e-01 8.661245286729072346e-01 8.724322024104220752e-01 8.713409834824352718e-01 8.788021810928187127e-01 8.828116180189961026e-01 8.720262630433424089e-01 8.698496621429758768e-01 8.842413402547560919e-01 8.789472257354737916e-01 8.830220647695754543e-01 8.860443559128108326e-01 8.850262571354010621e-01 8.648674585410798255e-01 8.694105953654377439e-01 8.839664230911390419e-01 8.836359258848914822e-01 8.789813999996965999e-01 8.766399954855310650e-01 8.815152354509201427e-01 8.864344913528597880e-01 8.783534682115549108e-01 8.735931673014102339e-01 8.826170307508708346e-01 8.808767323385412462e-01 8.802329114005623678e-01 8.867307187370955246e-01 8.841072458758763020e-01 8.858283530222389457e-01 8.816304647669983563e-01 8.842381861824678557e-01 8.774354715479764089e-01 8.788551199561694949e-01
