1.000000000000000000e+00 2.101721123895715915e-01 2.662384291820530935e-01 1.863820885511962844e-01 6.974337033132013697e-02 6.604972997877638086e-02 1.897478098164427918e-01 1.472471285321800827e-01 1.776437792836762786e-01 2.196561545715622066e-01 4.354377387300883279e-02 -3.450722700212652868e-03 1.114998408255432477e-01 5.579537043004121483e-02 1.118076862698275248e-01 1.054442426289475820e-01 1.509547210409293572e-01 2.883489193833765896e-01 2.748990231976178311e-01 1.529116442904322193e-01 2.036289175717829469e-01 1.798481268227800911e-01 2.083589570154454063e-01 2.016974412092258362e-01 2.274612833219941677e-01 1.820314803374488144e-01 2.120285477780380901e-01 1.932867362197932537e-01 1.523114582118539340e-01 1.543219706758561516e-01 1.302181991301908648e-01 8.112438343629060911e-02 8.236392558220996529e-02 1.208516586943047394e-01 1.410881279462797566e-01 8.063533238376753565e-02 8.931287611961724604e-02 5.309087798860723934e-02 6.187115094807782434e-02 7.658596604249268136e-02 8.824582885702571267e-02 2.751286908746089152e-02 3.319869566188865528e-02 6.511587981971198036e-02 9.323215744095758595e-02 3.861329458983836505e-02 6.383038203621627105e-03 4.521727917761701049e-02 3.122714198116057979e-02 7.037073427031967365e-02 4.977059708713644365e-02 8.611031122439828656e-02 8.981254181222088351e-02 5.273600223707149148e-02 6.406951031294425003e-02 9.845869269730969653e-02 9.931377561161798539e-02 1.791690705447644000e-02 4.305360881826948011e-02 4.038788797113953416e-02 3.302830916779556786e-02 4.137862563897443113e-02 3.177026771428654445e-02 4.828477212585777223e-02 5.182939462070767361e-02 8.235011282439801128e-02 3.575616739712705883e-02 7.757450691434406020e-02 5.252761270011599426e-02 5.268726330749076703e-02 8.918970622471096565e-02 7.624216868702861361e-02 6.851956297547129315e-02 7.528968402915624247e-02 7.050121225292235727e-02 9.065606031993399261e-02 7.595806225704658521e-02 1.001754067850800789e-01 8.484151080621767094e-02 7.484874782835634899e-02 6.803533551218157727e-02 4.933051748769552020e-02 5.912972042446276721e-02 8.580015988760025802e-02 5.185884174657980072e-02 5.464008281878714873e-02 3.925163985847195808e-02 4.163415045848826296e-02 4.099951121547852628e-02 6.292261741501700700e-02 5.177518140312661887e-02 3.864440877987029149e-02 5.343173055120853387e-02 4.064823917675260134e-02 1.476724299623102463e-02 3.312571084311799474e-02 5.283823457769967757e-02 6.160425348455559474e-02 2.647773708154118472e-02 3.474474131002722871e-02 2.295525286055888001e-02 3.874028836579877094e-02 5.525745461880536558e-02 2.728349435247698351e-02 3.267820293985700814e-02 5.280669905646005052e-02 3.468269118461418665e-02 2.237077734304679377e-02 3.651098025066815134e-02 1.982048667695799488e-02 2.498603846419825136e-02 2.170698991059166749e-02 2.402457833600231060e-02 3.274105888665826414e-02 5.307038911957548399e-02 4.611959084977901996e-02
2.101721123895715915e-01 1.000000000000000000e+00 1.275459956870260148e-01 1.117867088101004158e-01 1.032274116664202435e-01 9.774310604493630095e-02 1.806549539194887699e-01 1.655382425827246484e-01 1.876078469471563204e-01 2.104873255999474557e-01 1.557268579911086914e-01 1.285007503934116890e-01 1.577088826306644875e-01 1.296473389937649323e-01 1.678382640812923210e-01 1.714586644007836946e-01 1.813727054154122276e-01 1.819893104835998698e-01 1.590802531923962981e-01 1.464164996345092562e-01 1.318912803819619617e-01 1.361620236233373749e-01 1.661363826815638045e-01 1.502276391816391443e-01 1.450981399332741673e-01 1.926927602775252713e-01 1.880290183175358232e-01 1.850109322972978698e-01 1.864086494831644902e-01 1.722583033932228724e-01 1.795570813166000590e-01 1.642623863645296667e-01 1.638380978828747336e-01 1.660479762335553833e-01 1.603097906346355184e-01 1.489943979420241538e-01 1.611792303392737269e-01 1.630054752056847855e-01 1.600407593071760670e-01 1.544422621168059229e-01 1.756735039735298209e-01 1.477245162769240672e-01 1.455293906933274872e-01 1.624143794736731816e-01 1.631541972347557157e-01 1.614226162224489669e-01 1.520756914495226542e-01 1.765632804339753725e-01 1.566807420788285665e-01 1.381887180726869557e-01 1.511586224364628028e-01 1.462091280135783267e-01 1.679128829306939241e-01 1.801821953172283719e-01 1.827353657510437102e-01 1.776327554057380020e-01 1.764642777566534371e-01 1.599927524942656165e-01 1.642698595055086530e-01 1.609739848307175369e-01 1.537256494942445817e-01 1.679726555295706913e-01 1.649833897699064522e-01 1.513809199669824135e-01 1.597706792733630810e-01 1.734970593129069316e-01 1.677891575755094122e-01 1.713129035859553284e-01 1.697997793087333840e-01 1.626084873962243271e-01 1.524166899800433184e-01 1.618541531506441367e-01 1.622560896834172317e-01 1.589138296932324224e-01 1.708843438866203823e-01 1.756505660550846115e-01 1.789435120555158409e-01 1.737545980712542071e-01 1.723152067593755055e-01 1.718106178728209255e-01 1.692070804088921243e-01 1.680736364991531895e-01 1.611853699448852206e-01 1.760335794858770841e-01 1.572651254429265344e-01 1.602278617903272195e-01 1.544223467195145194e-01 1.626715513137731994e-01 1.617784856253723647e-01 1.692030713548354492e-01 1.632913426303881643e-01 1.646347903957517123e-01 1.579083877070444342e-01 1.635867152294377680e-01 1.576286700357098225e-01 1.685918700271735182e-01 1.523604845382904582e-01 1.563770307941507454e-01 1.587594906942429718e-01 1.544683633389499211e-01 1.531330542424342300e-01 1.576961655382490557e-01 1.627032216245732077e-01 1.581049261272214068e-01 1.523505834235035494e-01 1.659595901623409364e-01 1.628017209181034097e-01 1.679278980785656739e-01 1.707839982429295023e-01 1.592484098877484378e-01 1.622799185681949863e-01 1.597274401509553854e-01 1.626631746570257886e-01 1.559680105754208124e-01 1.594436252605409554e-01 1.635323961428558903e-01
2.662384291820530935e-01 1.275459956870260148e-01 1.000000000000000000e+00 3.205588057316299255e-01 1.700757085315991179e-01 1.771078254074351654e-01 3.667981570497640953e-01 3.103630246538059412e-01 3.822622312863960259e-01 3.561676162368121457e-01 3.478138604287667746e-01 3.372993061000908455e-01 3.639911462424178512e-01 2.821068611300955320e-01 3.721088098789508969e-01 3.656232821732234295e-01 3.710931718434856141e-01 3.871462059713601800e-01 4.031199444925648301e-01 3.039959085686019802e-01 3.621530428349210018e-01 3.726299978689851522e-01 3.834289129186083112e-01 3.765848678526679261e-01 3.844509673333038613e-01 3.843018360211634121e-01 4.067741974599742849e-01 3.989055481093436994e-01 3.954483147989446001e-01 3.970118388519473518e-01 3.920392636203180459e-01 3.725308817198120237e-01 3.624571917274985178e-01 3.788325593473571562e-01 3.762519694904445378e-01 3.713491802087706684e-01 3.664262646866714990e-01 3.687491258046971532e-01 3.806031140614795083e-01 3.737893689322804858e-01 3.825719428722515469e-01 3.618231154127155014e-01 3.590694699735123008e-01 3.759402378799298061e-01 3.793150587173780286e-01 3.658367171135402662e-01 3.576107297831970233e-01 3.685315527356390342e-01 3.563128001261428590e-01 3.520257991529878172e-01 3.637099697873448778e-01 3.640143361346854789e-01 3.704453516717466366e-01 3.678999583954155606e-01 3.698198090421732087e-01 3.814952486242282892e-01 3.809396610001282713e-01 3.610253630083606891e-01 3.638025797636628700e-01 3.672913460821153331e-01 3.636351680920134610e-01 3.679657124827776515e-01 3.606718646018027830e-01 3.665840364945210927e-01 3.726122595702376916e-01 3.784286290092851446e-01 3.664479489838212700e-01 3.817254704861631764e-01 3.699799930310275209e-01 3.645844786008074490e-01 3.830453337303088013e-01 3.855309889210276619e-01 3.766520748099230209e-01 3.809759057527322690e-01 3.763158412756830162e-01 3.897151818063959716e-01 3.806561171713925273e-01 3.927302488687578474e-01 3.897381662267131452e-01 3.859108191933849907e-01 3.781197969017429661e-01 3.821491342447466133e-01 3.787294840520789574e-01 3.872329671980123678e-01 3.701147187925841742e-01 3.748815816615267971e-01 3.767756484628219105e-01 3.700401170553937469e-01 3.701139736920291412e-01 3.735681645098176684e-01 3.770565644600043509e-01 3.699451345633731902e-01 3.776950404080569590e-01 3.731406182075887590e-01 3.613701158007083247e-01 3.669043956008942176e-01 3.636766138786797775e-01 3.591265674794786311e-01 3.620455563850651926e-01 3.628309622340209484e-01 3.626723903562462659e-01 3.659749938786808765e-01 3.696131103588767841e-01 3.658616449316469676e-01 3.652995008638899588e-01 3.684827071158806033e-01 3.618491768693580801e-01 3.613160222257870702e-01 3.668173143301333150e-01 3.617519899323853316e-01 3.617300172914929557e-01 3.644782429849393601e-01 3.639739013434776238e-01 3.657563637678571955e-01 3.755074010842257004e-01 3.662334626142008109e-01
1.863820885511962844e-01 1.117867088101004158e-01 3.205588057316299255e-01 1.000000000000000000e+00 3.697202396321327411e-01 2.667711604303978912e-01 5.477866171936167650e-01 5.207681067535744335e-01 5.405702593022384539e-01 4.643965377450609555e-01 5.190493421835010723e-01 5.691243578587429353e-01 5.324844352804527503e-01 4.228116203782698035e-01 6.011493075591033408e-01 5.976994785782493436e-01 5.401727385230092882e-01 4.721916979577642781e-01 5.386439384309112954e-01 4.632359604169995482e-01 5.542742609634754292e-01 5.661371827141055135e-01 4.943624558582525585e-01 4.867325680637871188e-01 5.324488711949143527e-01 5.718537533240964921e-01 5.810291640328899554e-01 5.552792721944888044e-01 5.513084019100633615e-01 5.267481099027725433e-01 5.609276125198742191e-01 5.315109953278851496e-01 5.169443543740560587e-01 5.422143147459391743e-01 5.062465685876242905e-01 5.695619714903968900e-01 5.388652344827280505e-01 5.353746684912582543e-01 5.537821524409172191e-01 5.745124130069488855e-01 5.856509947123884618e-01 5.612099057713157979e-01 5.829772555041090598e-01 5.798722414540450343e-01 5.883898257788696684e-01 5.538466222607972833e-01 5.513385093791899338e-01 5.548555886915613744e-01 5.514856047843004205e-01 5.810794939423646888e-01 5.615485441221680363e-01 6.096048556264024310e-01 5.821428443440599398e-01 5.457775623609133486e-01 5.491561825223769677e-01 5.577284163961422347e-01 5.720774701116223548e-01 5.511957325274736696e-01 5.434457838929798168e-01 5.661787934014911317e-01 5.722922056529532453e-01 5.539938992729019906e-01 5.552609402323228638e-01 5.764230613884606669e-01 5.757092556802567707e-01 5.833938853863994689e-01 5.548512790097247516e-01 5.612127751875423121e-01 5.517142564360770773e-01 5.657835329133499291e-01 5.821680582367972923e-01 5.735732562619149100e-01 5.438328617715182389e-01 5.640595867653632745e-01 5.736146217645663459e-01 5.822232483598581698e-01 5.779675784383913051e-01 5.770406173533878524e-01 5.734653415384264319e-01 5.698172801533571974e-01 5.520378956487531630e-01 5.743199771924438757e-01 5.678412382614628218e-01 5.550211480272774223e-01 5.673260760113897350e-01 5.624154625889685732e-01 5.701350384663119719e-01 5.631454955178462063e-01 5.581552597869661181e-01 5.618225652956514438e-01 5.681631731634178006e-01 5.716166668024221797e-01 5.829691332527037195e-01 5.713846668213407032e-01 5.594801947590459790e-01 5.607360524362993148e-01 5.904009684169859717e-01 5.793944605580246821e-01 5.679963067422676426e-01 5.669820754924720374e-01 5.714828984355183605e-01 5.730084522151063231e-01 5.773946779303832377e-01 5.707120653663791954e-01 5.789803270120879031e-01 5.739218903754067513e-01 5.626237915539736845e-01 5.531223375019063138e-01 5.551500801100925919e-01 5.569239472066898067e-01 5.556207927613188158e-01 5.631719020400273168e-01 5.586434461723391864e-01 5.691231589090610665e-01 5.713936140287634302e-01 5.749107852225489035e-01
6.974337033132013697e-02 1.032274116664202435e-01 1.700757085315991179e-01 3.697202396321327411e-01 1.000000000000000000e+00 2.297067493383572745e-01 4.728310516722431522e-01 4.737728718143850437e-01 4.450639900714166708e-01 3.821879301335004420e-01 4.252648862542029451e-01 4.634595207079216794e-01 4.598767958315653215e-01 3.184079236060925466e-01 4.902217524653594838e-01 4.830710821052565107e-01 4.478809547094681487e-01 4.311776047228583209e-01 4.514349688323252008e-01 3.908412614980796840e-01 4.665237419676275810e-01 4.741795426376460010e-01 4.650534358079264630e-01 4.641371871777965619e-01 4.575060687338035614e-01 4.954408949686066599e-01 4.807979720669723345e-01 4.784997649418898935e-01 4.696819298928405773e-01 4.584963190346159623e-01 4.843489534197796265e-01 4.729728080685216551e-01 4.506282827116403489e-01 4.792692179683731291e-01 4.619793634391354265e-01 4.817233839242432425e-01 4.681087850880621404e-01 4.671472749772365707e-01 4.740745170557602028e-01 4.721129339701340411e-01 4.774123407226485982e-01 4.778406140789418499e-01 4.812659164438599091e-01 4.861215654471271463e-01 4.892701767359773912e-01 4.793340495712506422e-01 4.635717036924742462e-01 4.656443910743368608e-01 4.698416696118392077e-01 4.897224914356451131e-01 4.753108849835514516e-01 5.012666939332715010e-01 4.794322284675608392e-01 4.595754255909527131e-01 4.635052713900948418e-01 4.766967890593289958e-01 4.740876550634193776e-01 4.669332799870825612e-01 4.602463618632558484e-01 4.729432383828153785e-01 4.793410501366167642e-01 4.686749588879217665e-01 4.697453186145558179e-01 4.757129853663550345e-01 4.716557210633873232e-01 4.856044265947421223e-01 4.693194028141378649e-01 4.804837520954986507e-01 4.797170625897847485e-01 4.803585703287245323e-01 4.912313741677055701e-01 4.816422203973032556e-01 4.846267419433619161e-01 4.853646444560367756e-01 4.855494514772281667e-01 4.852616522389706644e-01 4.842129163528019475e-01 4.808765510803504339e-01 4.888743006182788009e-01 4.800572169848946191e-01 4.705403084510597078e-01 4.774778670121355706e-01 4.809534086864498126e-01 4.710391534556223059e-01 4.817948072036517537e-01 4.828525797593294921e-01 4.772864183724997988e-01 4.753216198395844305e-01 4.702861253082249449e-01 4.843964860632775649e-01 4.767646458303088086e-01 4.771013381947396548e-01 4.834342018808044927e-01 4.751733634818574026e-01 4.672497011853720683e-01 4.670064062132605609e-01 4.852024981471109166e-01 4.852242619904744703e-01 4.770123440233043355e-01 4.778916457193644329e-01 4.782109980493413071e-01 4.750113254813849717e-01 4.778343313838782080e-01 4.772941806509635176e-01 4.828377331812879203e-01 4.784514313404851227e-01 4.709503974315929486e-01 4.666137830973959844e-01 4.690982864201930225e-01 4.669245414583028664e-01 4.663076783294630712e-01 4.713864279705309857e-01 4.674350114031648462e-01 4.761085403339960775e-01 4.777600738084418763e-01 4.778676958674349384e-01
6.604972997877638086e-02 9.774310604493630095e-02 1.771078254074351654e-01 2.667711604303978912e-01 2.297067493383572745e-01 1.000000000000000000e+00 4.271957266310608126e-01 3.527167914669230853e-01 4.052406507112065182e-01 3.751360126380787752e-01 4.005288673829632273e-01 4.039577211407658908e-01 4.193291009819593573e-01 2.931435949499187066e-01 4.378942034381667070e-01 4.198166849608560014e-01 4.241254010259074003e-01 4.080227839388266831e-01 4.227493787286307758e-01 3.342129611501465369e-01 4.051408474474829102e-01 4.212879343068631766e-01 4.015564200820495588e-01 4.066499353536467409e-01 4.076405426328450488e-01 4.305943285694064371e-01 4.354907094915268506e-01 4.392154757675140742e-01 4.371507013920660767e-01 4.312240796866877446e-01 4.432797669165605692e-01 4.221140536257998455e-01 4.141728507126021253e-01 4.408306709955689406e-01 4.263828024774707903e-01 4.371056484958402710e-01 4.363760188130105244e-01 4.268803812640659112e-01 4.318453070193131738e-01 4.295283256513311443e-01 4.443064334833085050e-01 4.344003806161023107e-01 4.305950466071484795e-01 4.347304421318041179e-01 4.406077754792126489e-01 4.312491464350487469e-01 4.309766011370064209e-01 4.342655448746973734e-01 4.285001540683563981e-01 4.191920982064811230e-01 4.337562116733184037e-01 4.258825275672015187e-01 4.231894526646852728e-01 4.380182219886665784e-01 4.321183488924739691e-01 4.431429004638316460e-01 4.293845437072222326e-01 4.307045020211750508e-01 4.302551388794825793e-01 4.361543414334404511e-01 4.326469465773839507e-01 4.326734375659139764e-01 4.270284595838068076e-01 4.309334977510272391e-01 4.347683662989168529e-01 4.403512624422551425e-01 4.399207531044768138e-01 4.479046658244720258e-01 4.376429675847237077e-01 4.352003307390138187e-01 4.475662556568592021e-01 4.500642197644120768e-01 4.426366474948990604e-01 4.419382780031180791e-01 4.428116975606765093e-01 4.456465251564025731e-01 4.399352962439828096e-01 4.496351828678950002e-01 4.434206981987886542e-01 4.412728853093012549e-01 4.427950859313627419e-01 4.402882692209973969e-01 4.431524187906132894e-01 4.415983402064454499e-01 4.385393969045320861e-01 4.430898778595181442e-01 4.427955392143746449e-01 4.332909964349188625e-01 4.379330907270514994e-01 4.389225237451291339e-01 4.392282256670064777e-01 4.357227603511238390e-01 4.412323168702517728e-01 4.391229985724383056e-01 4.347182578167481104e-01 4.331993715209463969e-01 4.289846512888809138e-01 4.316156610700030427e-01 4.348639754983362748e-01 4.342571605424838110e-01 4.365041301640443794e-01 4.357827895405298468e-01 4.375460166991199107e-01 4.348397730877436862e-01 4.350113290239073227e-01 4.355872723432566707e-01 4.340734661851202714e-01 4.326121773720851271e-01 4.342551450399306234e-01 4.312596196918395686e-01 4.311039482015884827e-01 4.356508207689079315e-01 4.322795697944232796e-01 4.357221237162710592e-01 4.389494353669302629e-01 4.379952881879098370e-01
1.897478098164427918e-01 1.806549539194887699e-01 3.667981570497640953e-01 5.477866171936167650e-01 4.728310516722431522e-01 4.271957266310608126e-01 1.000000000000000000e+00 7.022539876027213968e-01 7.248779439685183457e-01 6.800982670319256629e-01 7.297811227305009973e-01 7.656787916995065890e-01 7.279945325689552993e-01 5.513588648441524187e-01 8.276448217244443128e-01 7.941035302821803921e-01 7.505035402820455781e-01 7.109660777130843989e-01 7.426258590169694251e-01 6.407992879961029731e-01 7.258905605990758625e-01 7.594534792859137795e-01 7.363345065329506278e-01 7.331301065043132059e-01 7.370017554384983294e-01 8.070127463570638815e-01 8.031789371235366071e-01 8.018054938233144524e-01 7.748286240813307968e-01 7.773394299545387520e-01 8.038535651317395558e-01 7.864647886189247705e-01 7.611810505469404076e-01 7.918748770121503133e-01 7.695064809161270558e-01 7.929796048923877239e-01 7.920984835593428697e-01 7.963943777258850609e-01 7.996645581084013132e-01 8.037655614692648109e-01 8.053680829196088187e-01 7.935979115600261258e-01 7.995109612959395706e-01 8.082251123841137641e-01 8.157552871637395731e-01 7.963593998083549064e-01 7.817276152140227863e-01 7.882900892123726466e-01 7.921484207654355680e-01 8.060376537482455417e-01 8.030765071871920346e-01 7.995743704430824383e-01 8.008531881143767794e-01 7.916248480918902652e-01 7.920130065032759958e-01 8.069364028176753134e-01 8.045747241452989584e-01 7.892519440831928801e-01 7.943862970977778604e-01 7.949797529309292621e-01 7.997651363309166150e-01 7.940370846347687417e-01 7.926633063116901301e-01 7.929005078634030479e-01 7.882471533505122085e-01 8.079084418027605574e-01 7.893579241194741414e-01 8.016336589586469108e-01 7.958568911415393465e-01 7.970563578084128853e-01 8.086178395407923603e-01 8.056464277156772935e-01 7.955552554728069214e-01 8.013568123720152814e-01 8.116532930488817854e-01 8.137997656722281148e-01 8.066023526132584109e-01 8.042799891001537471e-01 8.064177180218415897e-01 8.032515950853852393e-01 8.004685078690533251e-01 8.008022228479184657e-01 8.051671746017855513e-01 8.009706000183969277e-01 8.022874877808051641e-01 8.044367202858311305e-01 8.029923331057731151e-01 7.991725480240242652e-01 7.948217123184947441e-01 8.079663978594585627e-01 8.044317942120873255e-01 8.020191189951331179e-01 8.075396097833447140e-01 7.990650191232419042e-01 7.869837063524910414e-01 7.901593165369417138e-01 8.042944808812678703e-01 8.032694266904663039e-01 7.978501213184207019e-01 7.975889438829955047e-01 7.961446026056747671e-01 7.979977858447678818e-01 7.992362182903991474e-01 7.958452152108308475e-01 7.997611666351094328e-01 8.022306317498261174e-01 7.957496017127829724e-01 7.859476442102971694e-01 7.930959282450208425e-01 7.898180190139061363e-01 7.906323328306807952e-01 7.895920260305079319e-01 7.903684200441886132e-01 7.949687126297427797e-01 7.948990471523447177e-01 7.987607988098309741e-01
1.472471285321800827e-01 1.655382425827246484e-01 3.103630246538059412e-01 5.207681067535744335e-01 4.737728718143850437e-01 3.527167914669230853e-01 7.022539876027213968e-01 1.000000000000000000e+00 7.115746625783048174e-01 6.409735593519575447e-01 6.919414030314422481e-01 7.360839324794984373e-01 6.915956946838828223e-01 5.122066574379281478e-01 7.643192086578275424e-01 7.671159586809582764e-01 7.116024429519715033e-01 6.844350471370415079e-01 7.095385799332092347e-01 6.383346383863652829e-01 6.983989214382606558e-01 7.318208962047296762e-01 7.251740871846589220e-01 7.025714326812491084e-01 7.102551859582193483e-01 7.788022680551679455e-01 7.573694027453982125e-01 7.643498999630603530e-01 7.474668739362581027e-01 7.455065961150233456e-01 7.754944357028943358e-01 7.537792984934247320e-01 7.284027456472581541e-01 7.652871414622336443e-01 7.296802948802064703e-01 7.632243666563179874e-01 7.529178785220873582e-01 7.660828019279558587e-01 7.621416928935008661e-01 7.615184586688678037e-01 7.656930935422140427e-01 7.597106040602142896e-01 7.691707149590744086e-01 7.733633834358640824e-01 7.765088958958655807e-01 7.644968254586442802e-01 7.486460670800306749e-01 7.521989246790924399e-01 7.545164474741120619e-01 7.728821902586672232e-01 7.742273520982877466e-01 7.736257672289204024e-01 7.639416178197114826e-01 7.492299665496947592e-01 7.583347770527034681e-01 7.725773101222049855e-01 7.659920547795178170e-01 7.526587101859369966e-01 7.561020843762777943e-01 7.628285830831577075e-01 7.707591871297804209e-01 7.572981685026033416e-01 7.622659772518571852e-01 7.635941937009921299e-01 7.580259348858865431e-01 7.774292894229629658e-01 7.544295245175252074e-01 7.694640530083939334e-01 7.649143680667849221e-01 7.698974590373972582e-01 7.784434174883847479e-01 7.745694429703575690e-01 7.657590784265513317e-01 7.703641691467018049e-01 7.767217287707747220e-01 7.750524715740755299e-01 7.687474633281162761e-01 7.750923619871692427e-01 7.734579845842173285e-01 7.688959200409201111e-01 7.654511015287951414e-01 7.708976392596935678e-01 7.756454085804209697e-01 7.608643891663590120e-01 7.702154140956949391e-01 7.711703773051988842e-01 7.658682095464703909e-01 7.649906527455121452e-01 7.614276620670454854e-01 7.751741350449857793e-01 7.680940413625826357e-01 7.653977285388497975e-01 7.703788879774453591e-01 7.687173552252375419e-01 7.529012315370839925e-01 7.532234933493656692e-01 7.757339042097839421e-01 7.760912131687167648e-01 7.649484302129536673e-01 7.656868495654497453e-01 7.645695287037843624e-01 7.659761258068324974e-01 7.656667889890288459e-01 7.632821866870954652e-01 7.674681982361718502e-01 7.698007916111924143e-01 7.612009331895390751e-01 7.537799731888157329e-01 7.585233361024174004e-01 7.570768260964138019e-01 7.560709274281501857e-01 7.570539365392220388e-01 7.556076836608833780e-01 7.635487799684044230e-01 7.655856946950835296e-01 7.676511275805890655e-01
1.776437792836762786e-01 1.876078469471563204e-01 3.822622312863960259e-01 5.405702593022384539e-01 4.450639900714166708e-01 4.052406507112065182e-01 7.248779439685183457e-01 7.115746625783048174e-01 1.000000000000000000e+00 7.421933729782662637e-01 7.980011107999337439e-01 8.049500438390764234e-01 7.569298114497691188e-01 5.957709104453486892e-01 8.403167097689603349e-01 8.360987007893847522e-01 8.194581021661866416e-01 7.710638172368559085e-01 7.908704269070258031e-01 6.642466537495977930e-01 7.451271431544124191e-01 7.959837511980828451e-01 7.956321502283448810e-01 7.848726436391314509e-01 7.832141561033573174e-01 8.487216418056340306e-01 8.368478928034632780e-01 8.387565934838739912e-01 8.332924834474066955e-01 8.356588475264585814e-01 8.643171854853420877e-01 8.520378628208097327e-01 8.169018605644640107e-01 8.521263386343111979e-01 8.231010335930522004e-01 8.522966878748958752e-01 8.483439767669471721e-01 8.550611798997426183e-01 8.592537153487466162e-01 8.405268844805732220e-01 8.686658565109270924e-01 8.529436839668673720e-01 8.510630135324350753e-01 8.702466689949133194e-01 8.584418215279057129e-01 8.591452548690514668e-01 8.565655762230048875e-01 8.674398569938974735e-01 8.528767829182168914e-01 8.406217627031310480e-01 8.612826023468461711e-01 8.454059017049777580e-01 8.587664769376419649e-01 8.639594980664790924e-01 8.654504023566180759e-01 8.686250935798470740e-01 8.646599889824394536e-01 8.576615829301562632e-01 8.610788252233283480e-01 8.694723522333859256e-01 8.640304010525716727e-01 8.668045997849647133e-01 8.585921234415132552e-01 8.627253555051476175e-01 8.665873998238252662e-01 8.744278553651243513e-01 8.679667647088769034e-01 8.751700153034744911e-01 8.709054335024000171e-01 8.606524242964898042e-01 8.701312213303507015e-01 8.732859871343006120e-01 8.714074704491321377e-01 8.673821506799805903e-01 8.755198861873676464e-01 8.767882782308324963e-01 8.703344050137075127e-01 8.766209270081150029e-01 8.740209638442925089e-01 8.731266654935443405e-01 8.704130251323143330e-01 8.740839773511493993e-01 8.754434798454051592e-01 8.707547887782596252e-01 8.666124063619996543e-01 8.742660023598779473e-01 8.704596707729342908e-01 8.664103700261768237e-01 8.692313148536244816e-01 8.722456868322329138e-01 8.687459718711252332e-01 8.679750653582601894e-01 8.722345537409977867e-01 8.709415728064319184e-01 8.609263091998083928e-01 8.648582237869156808e-01 8.589552235796327206e-01 8.613940453813925258e-01 8.641479266929013026e-01 8.646440031066390253e-01 8.631780012001872837e-01 8.643250791484583528e-01 8.668762398651435053e-01 8.663022105381092963e-01 8.658973838528882805e-01 8.676233189886580766e-01 8.637726497107920398e-01 8.636447237095081775e-01 8.652595472390137710e-01 8.628041602974728663e-01 8.609955100222377311e-01 8.653180118697274548e-01 8.627591076626875966e-01 8.656526999249843923e-01 8.737093084052914849e-01 8.669858580739505660e-01
2.196561545715622066e-01 2.104873255999474557e-01 3.561676162368121457e-01 4.643965377450609555e-01 3.821879301335004420e-01 3.751360126380787752e-01 6.800982670319256629e-01 6.409735593519575447e-01 7.421933729782662637e-01 1.000000000000000000e+00 7.107891089797642170e-01 7.134237810207358921e-01 6.928102247234230182e-01 5.505347348992843948e-01 7.717603757698110467e-01 7.549273589341590762e-01 7.319023335803959140e-01 6.960609826947236067e-01 7.090217074459654878e-01 5.666564520806417482e-01 6.402198244724024434e-01 7.023285548901069264e-01 7.072000742401984841e-01 6.794110237396313590e-01 6.915228616241254622e-01 7.759530462024916142e-01 7.699153751223398734e-01 7.779022145809010302e-01 7.622087094869020030e-01 7.569697124851593184e-01 7.782827635298656954e-01 7.677971137748975661e-01 7.479061995243077021e-01 7.571614841255916994e-01 7.494870613990758379e-01 7.576989698621628966e-01 7.632990856203352159e-01 7.735261463948490679e-01 7.769432515595063871e-01 7.643377048779929073e-01 7.951086929393236247e-01 7.767255965815522689e-01 7.640360182441193748e-01 7.849454104227717721e-01 7.804042958463399682e-01 7.777290711107190946e-01 7.763166479962655409e-01 7.933234513988740577e-01 7.745636335831502794e-01 7.531426303883640427e-01 7.775350977882380388e-01 7.481186246960822572e-01 7.817207376326885671e-01 7.877087342700128669e-01 7.870040806884911477e-01 7.956546501164795115e-01 7.810499421446194246e-01 7.790310665866767570e-01 7.795757485864390768e-01 7.851399730863148907e-01 7.795540590425773519e-01 7.797923865799394338e-01 7.766239986254691585e-01 7.796964520234201945e-01 7.807093147878499950e-01 7.923683438606118346e-01 7.881412790621474818e-01 7.919110129656051766e-01 7.826026010250368703e-01 7.719304735327804368e-01 7.797457138162338097e-01 7.895122804986662857e-01 7.787633083553163749e-01 7.780837196384220444e-01 7.964635735726877108e-01 8.001393108152696776e-01 7.982188294485489388e-01 7.983418665231635236e-01 7.966427640147066835e-01 7.939300015661671095e-01 7.881873775942644933e-01 7.911113912846614582e-01 7.846210242441276073e-01 7.927179922102248755e-01 7.768807459812590022e-01 7.832301481229634321e-01 7.827569828339657754e-01 7.884976199878970249e-01 7.882036730480842524e-01 7.891361272816220795e-01 7.902428399976030304e-01 7.908184889484618507e-01 7.887491100062208327e-01 7.913346617341414646e-01 7.821480919090627593e-01 7.912270616920525912e-01 7.753218886199064741e-01 7.753108073459532568e-01 7.824018905486881392e-01 7.851567781476972430e-01 7.798895407959777204e-01 7.861191153207544025e-01 7.900269770590414575e-01 7.851126452945815792e-01 7.827267334079491823e-01 7.823969305400149121e-01 7.848344906193904791e-01 7.886906084022881069e-01 7.904416167278018879e-01 7.847283282064707599e-01 7.840029366216468842e-01 7.842662318734808791e-01 7.841889391351340999e-01 7.844362958189384782e-01 7.909007094633349055e-01 7.889055084105827120e-01
4.354377387300883279e-02 1.557268579911086914e-01 3.478138604287667746e-01 5.190493421835010723e-01 4.252648862542029451e-01 4.005288673829632273e-01 7.297811227305009973e-01 6.919414030314422481e-01 7.980011107999337439e-01 7.107891089797642170e-01 1.000000000000000000e+00 8.513193196550955522e-01 7.650722523238320250e-01 6.121035328239097240e-01 8.526238627189424157e-01 8.386934279428827077e-01 8.004717866867770981e-01 7.237143078499136406e-01 7.563793473436737358e-01 6.437580850799892174e-01 7.241160600529723546e-01 7.906801609728874025e-01 7.698873239845298588e-01 7.484451244725703889e-01 7.620684881466925908e-01 8.399270615079665880e-01 8.266352293179759503e-01 8.243595724816479287e-01 8.185074338806686001e-01 8.386967500748799820e-01 8.725145347032807752e-01 8.591413755533494623e-01 8.273189547138231070e-01 8.430799792073634391e-01 8.266269734043096840e-01 8.592248465212543040e-01 8.715992012020071789e-01 8.777425790760671198e-01 8.788273459597463200e-01 8.624513625261484018e-01 8.815504119704808961e-01 8.809302304881314605e-01 8.782135957618951716e-01 8.890465687231340342e-01 8.777247940000848514e-01 8.805596283871268692e-01 8.912546730174796261e-01 8.904829296859295695e-01 8.861393326143597315e-01 8.610153472988647527e-01 8.870798311565332162e-01 8.529100364763977371e-01 8.749217355847678235e-01 8.846605744230496837e-01 8.867584458061357200e-01 8.875532227613329717e-01 8.771524838066613317e-01 8.880851969863204909e-01 8.871288747565025945e-01 8.927027746755250570e-01 8.899109691789051091e-01 8.915103151208406684e-01 8.874349608550087254e-01 8.848462828282361858e-01 8.842069674070341945e-01 8.883264471192978684e-01 8.916647482981181483e-01 8.888826256300216277e-01 8.876579956227829138e-01 8.790790764131691803e-01 8.858172758022074822e-01 8.928499915638816731e-01 8.820004889441159790e-01 8.862481224790129675e-01 8.945374299340388413e-01 8.908626905237515547e-01 8.892329166487349390e-01 8.839482678599940302e-01 8.865462838351158004e-01 8.858633134273939946e-01 8.914531422531840610e-01 8.955199340012401921e-01 8.920082585277033793e-01 8.839561384265876010e-01 8.843969209406788989e-01 8.897343383424111130e-01 8.954790111463921676e-01 8.920775596911413308e-01 8.928839952715811323e-01 8.939923803733325069e-01 8.925008697890768339e-01 8.939316926880491732e-01 8.950897719458105195e-01 8.945776605140446369e-01 8.934937668217285411e-01 8.930880256891177149e-01 8.831016248791302425e-01 8.822015079221011691e-01 8.937088666037433793e-01 8.908439605185318744e-01 8.931263538835402249e-01 8.926619817503124166e-01 8.901978387987335983e-01 8.941675892685596594e-01 8.911049452310584318e-01 8.911296026561640327e-01 8.921717675650439050e-01 8.935682227727917981e-01 8.934182200765291570e-01 8.941431011524172412e-01 8.936196821694024628e-01 8.936162321505303208e-01 8.943797090148558615e-01 8.917748234926062834e-01 8.922024334250218125e-01 8.918410622540620114e-01
-3.450722700212652868e-03 1.285007503934116890e-01 3.372993061000908455e-01 5.691243578587429353e-01 4.634595207079216794e-01 4.039577211407658908e-01 7.656787916995065890e-01 7.360839324794984373e-01 8.049500438390764234e-01 7.134237810207358921e-01 8.513193196550955522e-01 1.000000000000000000e+00 8.045478594772460523e-01 6.321810712440906199e-01 8.895982172448306802e-01 8.848252622711207938e-01 8.301196945627876689e-01 7.263725890882603009e-01 7.708349254600209699e-01 7.046256047358369079e-01 7.694443593883784072e-01 8.211485716108708477e-01 7.873005270290236446e-01 7.693298026806580925e-01 7.784918850865630846e-01 8.715364283524318356e-01 8.441237978711501055e-01 8.492864171066583090e-01 8.388838865571655035e-01 8.564656316337425634e-01 8.977160568332948065e-01 8.926683137304056714e-01 8.615892733067207487e-01 8.769610878511352459e-01 8.479572984329885044e-01 8.937255514118253030e-01 8.923317572205100578e-01 9.146615776624705818e-01 9.163283909822752538e-01 9.064480401108585550e-01 9.156017312389462814e-01 9.228423493770226971e-01 9.248870686185101109e-01 9.266114882402491926e-01 9.208011954804686816e-01 9.182398254575612206e-01 9.294972644023035135e-01 9.242579094932094064e-01 9.256027288297534739e-01 9.143241637835533009e-01 9.273520369309021794e-01 9.100676902299073001e-01 9.150898335667736472e-01 9.203951677406178034e-01 9.211561829087056008e-01 9.162115302796729477e-01 9.182075198627646095e-01 9.267863610501915206e-01 9.237249290520469502e-01 9.306463042805578345e-01 9.337662700519314685e-01 9.264240836527871670e-01 9.276609948666656447e-01 9.261989062264531780e-01 9.227777200098440380e-01 9.260269739919223531e-01 9.253762626415931170e-01 9.208570973783806179e-01 9.235306553192957901e-01 9.260506571692938005e-01 9.230868190620927782e-01 9.237694612112904435e-01 9.130090905138430468e-01 9.176506888043114429e-01 9.295090483150078020e-01 9.226624185809472189e-01 9.228947987383571139e-01 9.131148806744409097e-01 9.187033741204534421e-01 9.195776590178380561e-01 9.205032282278878819e-01 9.296126475554742363e-01 9.286990657771415636e-01 9.124225467168424197e-01 9.279345299100110189e-01 9.272747212635339409e-01 9.297001490181221461e-01 9.314042889345833798e-01 9.278860671566135920e-01 9.289164396763895937e-01 9.283444157706459698e-01 9.323057987892893195e-01 9.331344740637534940e-01 9.318067982495328305e-01 9.308552198884417761e-01 9.281398380591665553e-01 9.345864919256831049e-01 9.302843305723225154e-01 9.354968660151357085e-01 9.323575364561268453e-01 9.338903317845084207e-01 9.346702399637801806e-01 9.281529835633022252e-01 9.344924293605504362e-01 9.338119111529025185e-01 9.314203800685517676e-01 9.333358245100875639e-01 9.286325342782583148e-01 9.285281410562312709e-01 9.321990770154640060e-01 9.308214514251169636e-01 9.315216732816528067e-01 9.304497626975212210e-01 9.329951755436194372e-01 9.285944724685352147e-01 9.318066540923619634e-01
1.114998408255432477e-01 1.577088826306644875e-01 3.639911462424178512e-01 5.324844352804527503e-01 4.598767958315653215e-01 4.193291009819593573e-01 7.279945325689552993e-01 6.915956946838828223e-01 7.569298114497691188e-01 6.928102247234230182e-01 7.650722523238320250e-01 8.045478594772460523e-01 1.000000000000000000e+00 5.750760714065580315e-01 8.332006851915845225e-01 8.287661808472923664e-01 7.764490991738133285e-01 7.264412564337330291e-01 7.564288916669201779e-01 6.469443149535480941e-01 7.287655871002101104e-01 7.825993183441478651e-01 7.648999133147014184e-01 7.517774142804939386e-01 7.644654625209295062e-01 8.371124647304990507e-01 8.148389703731143685e-01 8.272463596541518305e-01 8.156048148283282506e-01 8.151843578755112452e-01 8.446473954424020825e-01 8.257526603529211640e-01 8.012918196837659490e-01 8.207176727735062682e-01 8.057611172548737599e-01 8.280997348340819464e-01 8.298608834570631032e-01 8.286813686554906910e-01 8.397777777328099269e-01 8.281744141328681863e-01 8.491087134488832788e-01 8.390525777080231062e-01 8.399065062772814727e-01 8.473604649509871578e-01 8.522452746525471801e-01 8.364487385831962385e-01 8.396502665529149700e-01 8.427081741992178410e-01 8.347366054344738107e-01 8.265591664455885779e-01 8.428392092060412732e-01 8.369773433609125624e-01 8.431086935261002946e-01 8.393334046635474444e-01 8.399107702476182880e-01 8.492290873551420205e-01 8.384351133694509794e-01 8.389060493579006961e-01 8.354835376311455786e-01 8.482698408038850113e-01 8.489995479859340222e-01 8.401922567907668116e-01 8.385626591413830599e-01 8.465554760544004020e-01 8.479334468433694649e-01 8.551529766517687037e-01 8.434544432629972333e-01 8.514608430723237253e-01 8.456206360424870505e-01 8.431919217363796903e-01 8.545618368512981622e-01 8.561976815529602769e-01 8.435098615341957151e-01 8.508341038312519089e-01 8.572696292503046989e-01 8.567425678381823673e-01 8.523290653145417783e-01 8.576322326760198456e-01 8.547314576574346345e-01 8.535240277362995398e-01 8.509968696472814953e-01 8.549355657061625813e-01 8.532591152393802503e-01 8.454322812242035523e-01 8.462449444434655410e-01 8.514513033875550363e-01 8.520395972234907633e-01 8.469038543798496077e-01 8.488518292759766881e-01 8.514475280167007609e-01 8.505393150895627086e-01 8.490042427611578235e-01 8.547935971321031223e-01 8.511545044594293064e-01 8.453234524913035841e-01 8.433387900923483560e-01 8.478320573515709668e-01 8.495821541194001902e-01 8.492178553283080689e-01 8.481212358646769145e-01 8.507757737651465701e-01 8.500289756974377386e-01 8.520435559190749908e-01 8.496184638305448455e-01 8.518603942286283592e-01 8.493971292519408856e-01 8.446285322912308047e-01 8.437783204806302839e-01 8.460683386681909779e-01 8.438528822343770441e-01 8.425993048311339884e-01 8.467166549389286700e-01 8.441226875243207362e-01 8.490106322940800254e-01 8.536069072990749573e-01 8.524275329690722547e-01
