1.000000000000000000e+00 7.087245791972025810e-02 1.674504534020145596e-01 2.750237470258299483e-02 -7.272260315206936776e-02 6.678369357554641032e-04 2.681172818422564424e-03 -4.781636043389094620e-02 1.581807947402935621e-01 1.060663350395659316e-01 4.747966315084698602e-02 -3.866144102912096037e-02 1.769333971985597581e-02 -4.122729874098507441e-02 -5.617403932877678731e-03 7.600533884826182404e-03 1.068684811372163507e-01 2.208417388088986522e-01 1.720296526117845726e-01 9.047613444242094682e-02 1.186520030919864938e-01 1.290043068262504700e-01 2.211828980251267507e-01 2.085854536442874052e-01 2.079741701428167444e-01 1.327552098729044838e-01 1.078326723520483393e-01 1.187633595358162375e-01 1.690119690163623400e-01 1.633456763644727250e-01 1.412298625447723222e-01 1.241171972134638007e-01 1.002000856171992860e-01 1.199030177059271923e-01 1.287888670675864933e-01 9.959194120387833415e-02 1.117912410072416651e-01 3.056152084852929718e-02 5.381914702612090873e-02 8.133857248405005746e-04 3.785569069594287017e-02 7.989067986303201307e-04 -4.706971066008138090e-03 3.562887590107903513e-02 3.602686692918961181e-02 4.146050275096788140e-02 1.310717840863956374e-02 3.256079480736299298e-02 3.111363307780608961e-02 3.027975570356789686e-02 1.271152148321311008e-02 2.454069057022360920e-03 1.833010229277550265e-02 8.279606128484978678e-02 7.584420214686755923e-02 5.486058406196907267e-02 7.018866235426220179e-02 4.949552831563217015e-03 2.041543961649875186e-02 4.383144501140937010e-02 6.339271485977747249e-03 3.653317772054046758e-02 4.221363135691503371e-02 4.681136498216061093e-02 7.992420224215565638e-02 8.639169049522363308e-02 5.326154507994136644e-02 7.177465066835281293e-02 7.758398376129077567e-02 4.299060276965330218e-02 3.737434920017490558e-02 6.024105785869965368e-02 8.534947972759526769e-02 8.531599221844797520e-02 3.349812683812197767e-02 5.416123518644040680e-02 4.169573643840124993e-02 6.766157008057860356e-02 5.305564779782652451e-02 6.940363057088953791e-02 6.280793977514653736e-02 4.658054881602674557e-02 5.849594707544452515e-02 6.051635096191574498e-02 3.172952123398522367e-02 5.527467722052513410e-02 3.698275492550356230e-02 1.672830982436123229e-02 2.690380223709745028e-02 3.491559250728896308e-02 2.233221585319337607e-02 1.217000022913981849e-02 1.930983431603187916e-02 2.225739610673171595e-02 7.203034636819437980e-03 1.846543316141831259e-02 -9.711404665537132219e-03 5.875002493665158060e-02 1.024499162889382954e-02 1.224423049157154393e-02 7.362417843759200102e-04 2.437456090030536149e-02 -6.804993768484501144e-04 4.619418088238619671e-03 1.679593999322909204e-02 5.523638330460593771e-02 2.957678082280237875e-02 3.041850077698666707e-02 3.860871395706252235e-02 1.359467651223342233e-02 1.086568419275371795e-02 2.504035896014242257e-02 1.676043336015227425e-02 2.781117348613925538e-02 3.837151456414626682e-02 5.210964869828786650e-02
7.087245791972025810e-02 1.000000000000000000e+00 -5.038579443591607171e-02 -5.221348403798626442e-02 4.150098130665622748e-02 5.812475366055092768e-02 1.128557414667006736e-01 8.935883422914465968e-02 1.592608110733946258e-01 1.651653832251564757e-01 1.208616569945536595e-01 9.512030032041060568e-02 9.645371894480209152e-02 9.418700359905544939e-02 1.244859825980836610e-01 9.949013355447648699e-02 1.597827045752810982e-01 8.695941841306635556e-02 5.419457319390995342e-02 7.811514886796125552e-03 -1.164642435894148662e-02 2.436468168171552345e-02 9.241045068346362412e-02 8.412564807803347977e-02 7.836364787010109689e-02 1.150304513540527651e-01 1.070442271409796919e-01 1.092711031158021678e-01 1.142847465414836006e-01 1.185702808491313209e-01 1.308828342605399264e-01 1.124868745495935102e-01 1.164993662362355104e-01 1.175223039491295474e-01 1.242558002913975307e-01 7.328353237165670386e-02 1.271818854477372307e-01 1.117902285199237067e-01 1.305338869936697732e-01 5.262304225669772739e-02 1.168051772071223848e-01 1.196303998046771150e-01 8.792560382560501986e-02 1.072474153195984298e-01 9.771731770466285383e-02 1.144014874913980712e-01 1.352796792171250262e-01 1.453605294861224084e-01 1.208417647259633632e-01 7.553917972092846767e-02 1.044456369302571436e-01 3.670957484058406245e-02 8.317476349443615746e-02 1.534814719875082778e-01 1.352219160623931160e-01 1.145254994590476777e-01 1.120059245538914117e-01 1.279549262987227098e-01 1.250216341796220598e-01 1.408675809992338823e-01 1.168815972593530012e-01 1.310203320331598253e-01 1.118370800513315694e-01 1.256499492470316282e-01 1.198737928147108056e-01 1.310475090763924544e-01 1.409904271215021154e-01 1.321798070418616633e-01 1.412688076599891707e-01 1.022448755081852567e-01 8.947478575061704187e-02 1.167798568420698457e-01 1.229009463923270845e-01 1.147299752958489266e-01 1.326427220028384424e-01 1.291526285863320578e-01 1.389658274535129634e-01 1.417542679485611079e-01 1.370630247843652727e-01 1.518314824317158751e-01 1.514849897315318217e-01 1.433639053030481836e-01 1.384193303413385756e-01 1.405880855688338427e-01 1.287833332497679839e-01 1.387930677424277226e-01 1.367228456303135331e-01 1.322184287889681675e-01 1.349321688042202094e-01 1.262305851848362914e-01 1.164339127467076268e-01 1.277951595804200091e-01 1.232265283491223717e-01 1.296955709687804270e-01 1.421963338579665115e-01 1.446834455488175408e-01 1.046430379331380195e-01 1.355244318984955842e-01 1.321287888871839344e-01 1.283410829639253237e-01 1.195112657740697859e-01 1.332620960880009087e-01 1.110626773047102556e-01 1.251905841168335920e-01 1.063085821678178139e-01 1.417234425117149810e-01 1.428046223294693051e-01 1.506934064190150468e-01 1.433612053775789041e-01 1.391373068412910252e-01 1.297245682940080524e-01 1.423932253225173583e-01 1.392959563075132634e-01 1.422256864145871602e-01 1.322002834735073740e-01 1.378858137169751974e-01
1.674504534020145596e-01 -5.038579443591607171e-02 1.000000000000000000e+00 3.334872522142797724e-01 9.871483602204483843e-02 1.071553289985791857e-01 1.997392189240118632e-01 1.877822251679467092e-01 2.365458655518760112e-01 2.122438389037293038e-01 2.182454196835833249e-01 2.349663174712660063e-01 2.349222207532996598e-01 1.446052364314338867e-01 2.439864027658606438e-01 2.763462515732509894e-01 2.257456982644472365e-01 3.495074667591199225e-01 3.705090851097900262e-01 3.527647411358729723e-01 3.995877430160139632e-01 3.938408378716527491e-01 3.476808300622363790e-01 3.397490183197223179e-01 3.563758147776137086e-01 3.343046534597224895e-01 3.360831743593300502e-01 3.288103217779294041e-01 3.494587935785403721e-01 3.186850754324216384e-01 3.348006944170024424e-01 3.252960583133535089e-01 3.053686466958871470e-01 3.199239742384213936e-01 2.864850236628816993e-01 3.551488150537147614e-01 3.069097502525551246e-01 2.999366031849546865e-01 2.992611230903441943e-01 3.142582976051688237e-01 2.895357928821823412e-01 2.786315624869794561e-01 3.096386568278731155e-01 3.095951770140565329e-01 3.057382277175642038e-01 2.991387795345886169e-01 2.514420408285549802e-01 2.609578826085592329e-01 2.772322395683811669e-01 3.197805484372140961e-01 2.972150538974858147e-01 3.159873922049632466e-01 2.835891483326553608e-01 2.702405647491202823e-01 2.803578967154390367e-01 3.028506964252225542e-01 2.879316649933132966e-01 2.679505694145474237e-01 2.767688124663492677e-01 2.637936842071906818e-01 2.793710912103932742e-01 2.779956395451894657e-01 3.000651543309807434e-01 2.841160842939313702e-01 2.947436275224644686e-01 2.727722695560835797e-01 2.701318579912272977e-01 2.967501561689552259e-01 2.903034755618982832e-01 3.193020420884474797e-01 3.280302887832110548e-01 3.110913003446462155e-01 3.084466731290864683e-01 3.122851873867381056e-01 2.777209365611599257e-01 2.916060478399272182e-01 2.729704289262702699e-01 2.941508435280136835e-01 2.858070075140455857e-01 2.693760516929759596e-01 2.736635109297265722e-01 2.756107853351721926e-01 2.862280532577570757e-01 2.662362260891859567e-01 2.803224728150869871e-01 2.797817988965645153e-01 2.887252305972146660e-01 2.687535844810979846e-01 2.673972212242792246e-01 2.859257241821331341e-01 2.884114949810591688e-01 2.719994644078966850e-01 2.789326342403546932e-01 2.747997706351267277e-01 2.491531216375609536e-01 2.498858359419176833e-01 2.768717368846825844e-01 2.627854816877462363e-01 2.593401167948873320e-01 2.688707293572358825e-01 2.708604423405679418e-01 2.649681703851070047e-01 2.564463477773726852e-01 2.682697442133508137e-01 2.823199079843710102e-01 2.585161605909042093e-01 2.526240865693867854e-01 2.554605910814993774e-01 2.667860041868194143e-01 2.551382452595822858e-01 2.666430828243254725e-01 2.540137409303135363e-01 2.583127893074559922e-01 2.570514860410840208e-01 2.719787748095265356e-01 2.581521336165709113e-01
2.750237470258299483e-02 -5.221348403798626442e-02 3.334872522142797724e-01 1.000000000000000000e+00 2.690534371577177897e-01 3.006214663138324639e-01 4.429615375610400640e-01 4.254494218297474317e-01 3.931260547756574297e-01 3.394395088659953319e-01 4.170118861201360105e-01 5.385164538066505857e-01 4.343220204061810641e-01 3.138259889721699558e-01 4.983373819153001372e-01 5.165930937942520007e-01 4.190245479979113341e-01 3.982155860990480578e-01 4.670303009457018040e-01 5.411681820184266467e-01 5.759877284808770925e-01 5.890128657682982549e-01 4.462467400395726536e-01 3.965784464959576927e-01 4.162809823283742383e-01 5.194335402186037731e-01 5.168720523830947489e-01 4.952364557565007153e-01 4.746221416427461315e-01 4.588504752775541262e-01 4.934012813348991888e-01 4.867208426784206954e-01 4.497904794758925684e-01 4.703028844887914839e-01 4.238025517661757058e-01 5.285089605037380789e-01 4.566226009807033970e-01 5.151658960421899858e-01 4.976533930819513341e-01 5.433287195385352319e-01 5.176298291843973720e-01 5.031266199741117884e-01 5.259597282959497244e-01 5.402666821990299573e-01 5.403214218377712097e-01 5.040618789626424290e-01 4.827514113088352543e-01 4.848228307558152816e-01 5.075556279909460011e-01 5.464848629459313489e-01 5.284792328262469807e-01 5.731275641289403922e-01 5.381150713420703724e-01 4.667808959676538749e-01 4.816598683605938236e-01 5.048082035053986782e-01 5.151789899005081441e-01 5.074719621514068857e-01 5.096371134532955427e-01 4.915838668944261247e-01 5.113533414820642387e-01 5.078218524188237160e-01 5.329203246836963226e-01 5.100608769000976039e-01 5.164629678585781480e-01 5.025245533296343048e-01 4.862605051031099190e-01 4.843512782074443357e-01 4.792323863317309307e-01 5.513353906360088930e-01 5.674778629932752949e-01 5.252933741090343167e-01 4.967142423573025489e-01 4.902810233686673014e-01 5.088710896016424012e-01 5.093239788357505349e-01 4.841179313825659247e-01 4.952849577887618038e-01 4.903032343057663334e-01 4.635586223899037517e-01 4.633073270069095195e-01 4.856637078449699274e-01 4.991782978979593666e-01 4.581383646629457185e-01 5.047944473340780780e-01 4.861016670713420584e-01 4.920939182526551381e-01 4.981831190523611785e-01 4.933548575046011742e-01 5.058455946920893398e-01 5.194929655235154264e-01 5.021824315196539157e-01 5.076947220537133543e-01 5.025889688653910614e-01 4.825704921553834459e-01 4.764141442310238506e-01 5.284467924656343074e-01 4.961967139545788164e-01 4.967524690364338857e-01 5.046530974552060345e-01 5.068505333113813016e-01 5.031393451453259891e-01 5.135060286583816858e-01 5.125088738897489726e-01 5.318418905380476458e-01 4.912615694543233658e-01 4.861904335564584123e-01 4.720080665183427615e-01 4.834100290693286173e-01 4.828019203669635107e-01 5.006297610005230325e-01 4.869381122813387086e-01 4.957618798983551289e-01 4.903618846092346883e-01 5.016481791487049646e-01 4.913028314858136625e-01
-7.272260315206936776e-02 4.150098130665622748e-02 9.871483602204483843e-02 2.690534371577177897e-01 1.000000000000000000e+00 2.190977333627272539e-01 3.704658120080487338e-01 3.656912445249138610e-01 3.369277130674995235e-01 2.869138044470183058e-01 3.368932691133355584e-01 4.188021286180123592e-01 3.607531761868481013e-01 2.995676259687801157e-01 4.181326235348493681e-01 3.995309806542154396e-01 3.157750066269864875e-01 2.227997221325528354e-01 2.667052786427210331e-01 2.925686810203936838e-01 2.749806511280386001e-01 3.251758694730955690e-01 2.778480528209978928e-01 2.443639315266827872e-01 2.623079752659471797e-01 3.696393020108113547e-01 3.609561476473476249e-01 3.513338606322796709e-01 3.037406602207486372e-01 3.356727078533078834e-01 3.618748746170417641e-01 3.416612403511175566e-01 3.296720232039334619e-01 3.307881902395655160e-01 3.324999019389054400e-01 3.460126849561206974e-01 3.601573129056983014e-01 3.805056258928343760e-01 3.798637864492672711e-01 3.829632223892819320e-01 4.113240876026194592e-01 4.100132140094821520e-01 4.061721089125491235e-01 4.168726615863936336e-01 4.102748303207251479e-01 3.954867313711278309e-01 4.205008210956296955e-01 4.096797783336698640e-01 4.101372308181812087e-01 3.960015545029449413e-01 4.025059258592161848e-01 4.188990054231714888e-01 4.267918977876943853e-01 3.925158955241668801e-01 3.911773845605128752e-01 3.948005365351890950e-01 3.966220169657369010e-01 4.246645245422890347e-01 4.084654901440426533e-01 4.159393343832170076e-01 4.169949247898637745e-01 4.088261279418226035e-01 4.028635340463926351e-01 4.000213110144044126e-01 3.961838611340833816e-01 3.982277354561440941e-01 4.029606172656517438e-01 3.839176490267832143e-01 3.859776468322586584e-01 4.098303863661232893e-01 4.149198179106191597e-01 4.068739097802897553e-01 3.754421476005580516e-01 3.875263403667490447e-01 4.150224396994997011e-01 4.062433204176734147e-01 4.043015913997730082e-01 3.899885197209121968e-01 3.958801414520412010e-01 3.918338815120397389e-01 3.882664604127921693e-01 4.098676371349663228e-01 3.927396324863030586e-01 3.925872589397460533e-01 4.064349213275286754e-01 3.934289115177428964e-01 4.026568153882705281e-01 4.111551163217638805e-01 4.112441690743337541e-01 4.091493764929098331e-01 4.102976212686051394e-01 4.187788830363713410e-01 4.179573143859355855e-01 4.167218973989210151e-01 4.200971941208105354e-01 4.174581531475348717e-01 4.254989454558116835e-01 4.085555011806930037e-01 4.233009469780211753e-01 4.173486508201297296e-01 4.212848206378975724e-01 4.164443374678946097e-01 4.331893297757993810e-01 4.238984304803178338e-01 4.255056553564501298e-01 4.093803284936345377e-01 4.172841739415703577e-01 4.094696586661151216e-01 4.062537715537352101e-01 4.188757632098862871e-01 4.176087917976305519e-01 4.208308393216480536e-01 4.223607437070934223e-01 4.133264821216670604e-01 4.126175040368237346e-01 4.157803271355334784e-01
6.678369357554641032e-04 5.812475366055092768e-02 1.071553289985791857e-01 3.006214663138324639e-01 2.190977333627272539e-01 1.000000000000000000e+00 4.270831440803462553e-01 3.902486307882288008e-01 4.215554146869078256e-01 3.681480037964912633e-01 4.065615746973490485e-01 4.764272859169268459e-01 4.027221133382275498e-01 3.332026122023052928e-01 4.716107132500043098e-01 4.748607600679353724e-01 4.172897619017890136e-01 3.269471269511181610e-01 3.545987813585306236e-01 3.482020181565121941e-01 3.533569066997276908e-01 4.115920886651809885e-01 3.838119762480238228e-01 3.331771745379762395e-01 3.580030910510966780e-01 4.592746030420777337e-01 4.602065692758143256e-01 4.513952969012461347e-01 4.164508954542867625e-01 4.435108019207090746e-01 4.689795802227563759e-01 4.554996546309608152e-01 4.474259007521544929e-01 4.376886299970481065e-01 4.307172585873104143e-01 4.478379039332671674e-01 4.490920860730555075e-01 4.815406620663905124e-01 4.815555734797018483e-01 4.693794757244533766e-01 4.888383095902489317e-01 4.894694206348480514e-01 4.809114812490055124e-01 5.047512957689418434e-01 5.024128848389185498e-01 4.847711709614545561e-01 4.941454641822239924e-01 4.944399264575937702e-01 4.922764026460123565e-01 4.859405221935669816e-01 4.916945133099744347e-01 4.739680487587437652e-01 4.848612486319923698e-01 4.795345814675301410e-01 4.756447869333622624e-01 4.815124534560671909e-01 4.830640817353560879e-01 4.938074523594254139e-01 4.937228965202483111e-01 4.954259881662178566e-01 4.931052866791552636e-01 4.888613441177109831e-01 4.865050432586963125e-01 4.898234813988068814e-01 4.866018924204123519e-01 4.857940577354493694e-01 4.931375788585256048e-01 4.800629421167694755e-01 4.809696998144438185e-01 4.883647491661399220e-01 4.948636954795770926e-01 4.957836674498086738e-01 4.707143954786736084e-01 4.772718868758832889e-01 5.011690823073607914e-01 4.960934264362300561e-01 4.943322093761247094e-01 4.864772889927270749e-01 4.932981913674869823e-01 4.843130487033255882e-01 4.777306134326862463e-01 5.008139230574971679e-01 4.893602288342832618e-01 4.781833332281447135e-01 4.946962639607196399e-01 4.894259678068408337e-01 4.903992269015349237e-01 5.002449797409106447e-01 4.943631939398822062e-01 4.923945028259192336e-01 4.994716290182063534e-01 5.007457535996834297e-01 4.992738671710560405e-01 5.009192844448641102e-01 4.995680046798496310e-01 4.982375101431582021e-01 5.043637228332665812e-01 4.965037307017093893e-01 5.025032716912473107e-01 5.035442224273597445e-01 5.016387846296024300e-01 5.005235268551738725e-01 4.966522449540388684e-01 5.021582192429305813e-01 5.031080454169256644e-01 4.937939071873441721e-01 4.995810415050587761e-01 4.924250767064258238e-01 4.915224694230986291e-01 4.962281741446580297e-01 4.991814455574424825e-01 4.973475317948090613e-01 5.006782453722928850e-01 5.004095761313617219e-01 5.002220535597399209e-01 4.974839710933310899e-01
2.681172818422564424e-03 1.128557414667006736e-01 1.997392189240118632e-01 4.429615375610400640e-01 3.704658120080487338e-01 4.270831440803462553e-01 1.000000000000000000e+00 6.107683170485563862e-01 6.211220067496763253e-01 5.799445226037188705e-01 6.081985859427017083e-01 7.061390223519773413e-01 6.345674906258482739e-01 5.211695117138056554e-01 7.542268429791053608e-01 7.279520050958082633e-01 6.158620020237647319e-01 4.588453085757687733e-01 5.211986915267149412e-01 4.745750267957594137e-01 4.685698603535403683e-01 5.787997195306271436e-01 5.703441540609176519e-01 4.929833542058654205e-01 5.207390894624738253e-01 6.965661896698501776e-01 6.760529704953550656e-01 6.800939456375595382e-01 6.189755864415115161e-01 6.654518262691735409e-01 6.891458381205296524e-01 6.856742820715909792e-01 6.687248514538468580e-01 6.656352850509092978e-01 6.511840056201201321e-01 6.649421324277007272e-01 6.871338713667486386e-01 7.383860193279142559e-01 7.353103831150089587e-01 7.221008866658867875e-01 7.485602361870340449e-01 7.546223352546026497e-01 7.380375294794995211e-01 7.511534384811116016e-01 7.378982953845366621e-01 7.361321607214256213e-01 7.497867858045529355e-01 7.506040921671224275e-01 7.540555235113077792e-01 7.407503348831591117e-01 7.578780741336603732e-01 7.147377049828060880e-01 7.389036318798424263e-01 7.315181343229911759e-01 7.276487216151714676e-01 7.351459411421701340e-01 7.357198211700876067e-01 7.556119950080378844e-01 7.546001503610687555e-01 7.536784901735019693e-01 7.603300693573258329e-01 7.483952438769124749e-01 7.462146120651161896e-01 7.473537205426711294e-01 7.329453031566718346e-01 7.342929974780720848e-01 7.490867537450054403e-01 7.279196908615456207e-01 7.337876827318221551e-01 7.263012371840145143e-01 7.291710695793337527e-01 7.367178226265753693e-01 7.123928701030475263e-01 7.107295445356310859e-01 7.590885380386916959e-01 7.471828478024078457e-01 7.528317197129096305e-01 7.385351995172262374e-01 7.461947416048037018e-01 7.399151007541386882e-01 7.357722782536169071e-01 7.487574933965457369e-01 7.483443257312563102e-01 7.364399786381713442e-01 7.546661444565708754e-01 7.415947823347830425e-01 7.453996670699192251e-01 7.637878663589076078e-01 7.576009949337815241e-01 7.524778112151699894e-01 7.603736067153089584e-01 7.654067956715981946e-01 7.593239037340444586e-01 7.628288303333281561e-01 7.613151996135711919e-01 7.579839212932275583e-01 7.627403834464950849e-01 7.444700267400599092e-01 7.624883036923189028e-01 7.617644091576815102e-01 7.653496072581279508e-01 7.584253224694148532e-01 7.598242434089298447e-01 7.647688201969372601e-01 7.581619477359576864e-01 7.467370027008726208e-01 7.573253556789099061e-01 7.519496216767073138e-01 7.494030828263353872e-01 7.574952254926340389e-01 7.597946912809775410e-01 7.585077090263561139e-01 7.589138831502567628e-01 7.595618474063706715e-01 7.516344891484054713e-01 7.500845731769055780e-01
-4.781636043389094620e-02 8.935883422914465968e-02 1.877822251679467092e-01 4.254494218297474317e-01 3.656912445249138610e-01 3.902486307882288008e-01 6.107683170485563862e-01 1.000000000000000000e+00 5.596794003102161241e-01 5.195655517383812594e-01 5.772457874486818241e-01 6.913702975556939023e-01 5.978932928397568958e-01 4.729132141847668391e-01 6.945401682698876256e-01 7.024156887232996249e-01 5.727090046880181085e-01 4.013663647262361023e-01 4.703490148339355414e-01 4.693835590935922508e-01 4.824235854871659068e-01 5.570884525730673831e-01 4.943513172531507349e-01 4.320025918385694830e-01 4.570203050707866144e-01 6.248952711935099602e-01 6.122004194390385790e-01 5.963527790273627227e-01 5.230528096084348100e-01 5.751201112733034249e-01 6.172225762701408769e-01 6.152692206203459468e-01 5.962150881768814026e-01 6.058188919269701378e-01 5.720199070171948508e-01 6.266858607714942409e-01 6.243679987838735013e-01 6.788127189934476391e-01 6.733980567739684675e-01 6.841453211020258607e-01 6.936442663418750376e-01 7.077962719580574991e-01 6.981020037403015133e-01 7.062848151775037442e-01 7.009337903726532426e-01 6.854046662568663573e-01 7.067136689657421700e-01 7.040123997454196259e-01 7.000262514556064852e-01 6.855834619048487566e-01 7.047785558525955230e-01 6.844010850588730932e-01 7.011203118509000687e-01 6.735111387806966832e-01 6.698884546699918063e-01 6.815809422830756414e-01 6.800389978529344237e-01 7.096254320823520700e-01 6.991651134451549732e-01 7.003981262969330990e-01 7.127409114898234366e-01 6.999771217544832336e-01 6.955308076699933117e-01 6.935056106691184219e-01 6.782671123187519191e-01 6.744297308958057124e-01 6.941838438029022118e-01 6.685363305757093810e-01 6.665305632909088729e-01 6.873803394055791882e-01 6.981893752202145143e-01 6.915454896818651331e-01 6.550244744549986731e-01 6.569309850555298258e-01 7.053425537020461267e-01 6.890661719253455830e-01 6.854827380922550173e-01 6.649531593051548617e-01 6.815869855165023194e-01 6.717670994900286630e-01 6.679701880783470713e-01 6.946508082866947875e-01 6.898162613468202808e-01 6.670444531443201486e-01 6.990891046182395874e-01 6.830850789835005710e-01 6.946502351980815559e-01 7.111982999165035180e-01 7.089336237934416030e-01 7.020321352070645338e-01 7.063747156334791999e-01 7.145745527221759597e-01 7.088421653887031493e-01 7.101163443150955157e-01 7.134030257194411417e-01 7.082293646018179567e-01 7.244155388323055833e-01 6.892606194570791711e-01 7.151411832497923671e-01 7.152518120341033736e-01 7.204720641014248361e-01 7.125687855431015461e-01 7.187693653538664851e-01 7.237869667772137694e-01 7.148679595148303978e-01 6.920697772157101690e-01 7.076042980531256354e-01 6.990421047107834296e-01 6.960361236811697383e-01 7.076391170121858476e-01 7.149047336144341847e-01 7.109150626539593176e-01 7.160106530596336283e-01 7.083204510932663567e-01 7.028915247928205767e-01 6.963757659878034856e-01
1.581807947402935621e-01 1.592608110733946258e-01 2.365458655518760112e-01 3.931260547756574297e-01 3.369277130674995235e-01 4.215554146869078256e-01 6.211220067496763253e-01 5.596794003102161241e-01 1.000000000000000000e+00 6.913677394319328595e-01 6.943390957118164009e-01 7.192078822076796163e-01 6.630079617518475077e-01 5.277611014685467117e-01 7.624809007805328775e-01 7.513522459135799636e-01 7.574375867850015043e-01 6.557276385607900826e-01 6.652956094075541671e-01 5.612456002417726131e-01 5.758366760373041515e-01 6.718495770062326011e-01 7.414277060744713932e-01 6.667773945443752348e-01 6.917078807864251999e-01 8.159673408730101496e-01 7.934776830123904112e-01 7.913507227279863443e-01 7.331581376255781324e-01 8.063527101858792845e-01 8.292066186637387926e-01 8.214272428379318924e-01 7.858188793133616956e-01 7.930851306048694038e-01 7.937625053833683442e-01 7.636739010789271864e-01 8.156152174739860206e-01 8.042301765492873011e-01 8.179790609468079454e-01 7.607509015512935457e-01 8.260782080369067915e-01 8.105417238433624272e-01 7.828324776541519814e-01 8.207264813101079470e-01 8.116079248057503914e-01 8.177673060159550422e-01 8.301087799909355747e-01 8.407591192672918545e-01 8.300132406998889101e-01 7.956540841285757448e-01 8.131862770912130500e-01 7.549752660744839527e-01 7.987025370311335859e-01 8.508076357924360122e-01 8.396561650016279854e-01 8.297156039248654302e-01 8.281370836412900172e-01 8.266663737019216418e-01 8.274391126986204714e-01 8.402622838754972845e-01 8.230039176419547964e-01 8.295742538126444909e-01 8.202946688934735775e-01 8.275970692784575533e-01 8.305709166695525170e-01 8.387094107192141212e-01 8.452641488117761392e-01 8.372877091359991475e-01 8.445263877759799920e-01 8.173296337406963374e-01 8.090844114199707837e-01 8.347333028140251354e-01 8.245124722337124901e-01 8.253977354347419304e-01 8.395346084309013301e-01 8.385434166395244748e-01 8.370320850323278439e-01 8.270404326867845102e-01 8.358063882909665399e-01 8.459901610596907151e-01 8.470790474584313223e-01 8.456143839146867958e-01 8.405880261113375385e-01 8.420018083471888515e-01 8.313579618677601202e-01 8.399369039672410775e-01 8.352908235702223294e-01 8.321510780602816570e-01 8.374143890093774800e-01 8.313260605242872581e-01 8.270957986269069639e-01 8.318482420819535150e-01 8.303002179758964818e-01 8.343455843903898606e-01 8.339173854247785567e-01 8.386051480221341503e-01 8.084521622962134169e-01 8.337754570092067441e-01 8.322941475910341502e-01 8.307306233996567535e-01 8.247654214688822094e-01 8.303311870356682167e-01 8.218320701794745720e-01 8.269773119392210825e-01 8.236777281798790540e-01 8.377442386651340334e-01 8.402509751245011982e-01 8.420895213674446378e-01 8.422816481477884976e-01 8.359937288545499223e-01 8.320580760616840266e-01 8.393156510086189348e-01 8.354500179108722557e-01 8.358553095673524336e-01 8.387243469924616779e-01 8.420520578957311209e-01
1.060663350395659316e-01 1.651653832251564757e-01 2.122438389037293038e-01 3.394395088659953319e-01 2.869138044470183058e-01 3.681480037964912633e-01 5.799445226037188705e-01 5.195655517383812594e-01 6.913677394319328595e-01 1.000000000000000000e+00 6.288024005545451711e-01 6.405870669030621078e-01 6.119246287673709706e-01 5.007618469326984290e-01 7.049150332629687821e-01 6.908366460659888242e-01 6.546389591907917360e-01 5.699440495717750244e-01 5.879765383454220729e-01 4.759165250853040763e-01 4.853151182406091335e-01 5.889583161019350532e-01 6.634909904036735417e-01 5.952845826118589034e-01 6.255170251011967775e-01 7.350204898225715100e-01 7.134531746707654110e-01 7.128509542538660204e-01 6.659592120293694739e-01 7.254294967815830830e-01 7.462455967794949796e-01 7.374392703885155331e-01 7.129126809320149860e-01 7.148817737469030931e-01 7.076016662702463433e-01 6.875996577874016191e-01 7.359759349939433148e-01 7.338420199852301318e-01 7.467893498729473167e-01 6.969244432563745928e-01 7.525635876007912284e-01 7.467375460832181844e-01 7.194672065919074377e-01 7.446847156073279628e-01 7.375831885029819901e-01 7.481496005764599611e-01 7.602530180275832716e-01 7.674946543224541173e-01 7.528263749191257403e-01 7.108276127599061356e-01 7.398657734019307153e-01 6.687403211816084214e-01 7.170131431882057482e-01 7.723683954485653924e-01 7.616224690834461075e-01 7.588689154748755605e-01 7.443928355256441698e-01 7.499265749620296351e-01 7.496166490140817595e-01 7.644866072991461925e-01 7.528930531164377271e-01 7.562843913046917166e-01 7.406895680295833007e-01 7.525141498479376301e-01 7.482464936859579696e-01 7.515399442607324509e-01 7.696459779680026037e-01 7.630205389538912142e-01 7.679227407765777391e-01 7.319664080346474089e-01 7.278127347769163258e-01 7.536169993321794047e-01 7.487494002381269720e-01 7.484108586848146061e-01 7.643893490421855841e-01 7.632962068578603709e-01 7.644738707468369254e-01 7.558631286281616291e-01 7.647287402038127624e-01 7.720441144088016072e-01 7.714844291427832568e-01 7.683144744583089158e-01 7.662804346887892581e-01 7.672238980843275602e-01 7.551106773094972135e-01 7.621013471071272916e-01 7.603857458064120500e-01 7.599015546355316619e-01 7.635428689974650407e-01 7.600112832086918235e-01 7.536245884535576200e-01 7.595628515801785552e-01 7.560405389304419854e-01 7.622347691079054410e-01 7.617535467984820619e-01 7.660096405421243926e-01 7.371773625010319408e-01 7.494028223250760457e-01 7.597196161851704765e-01 7.574509519860239681e-01 7.559594300423043700e-01 7.582970966665348866e-01 7.387178220476565693e-01 7.553610511427734098e-01 7.410574436684423949e-01 7.598154254801289254e-01 7.651409483248063914e-01 7.704259731098498376e-01 7.709344558161658201e-01 7.647042190706153653e-01 7.601136764879713459e-01 7.653191406865724744e-01 7.618547004387591359e-01 7.622496242786375165e-01 7.596895726672349136e-01 7.593108204916878545e-01
4.747966315084698602e-02 1.208616569945536595e-01 2.182454196835833249e-01 4.170118861201360105e-01 3.368932691133355584e-01 4.065615746973490485e-01 6.081985859427017083e-01 5.772457874486818241e-01 6.943390957118164009e-01 6.288024005545451711e-01 1.000000000000000000e+00 7.454147431878673791e-01 6.602709306256633326e-01 5.366304443781902966e-01 7.415451303091403767e-01 7.297383947018555306e-01 6.876292199478805101e-01 5.871211304980979984e-01 6.289957902901905928e-01 5.483382332961036498e-01 5.631374770763650783e-01 6.610961132707082744e-01 6.748594296626482247e-01 6.106367211608919598e-01 6.363276305781794262e-01 7.651925019370990899e-01 7.568616115614492657e-01 7.595769881031435578e-01 7.003308909374071911e-01 7.490478987180844150e-01 7.674560995345184322e-01 7.659841106385032461e-01 7.429713948726477390e-01 7.479699960732733022e-01 7.405175942736967887e-01 7.287609552178615502e-01 7.623079967460139050e-01 7.727899075989286271e-01 7.858796286075947490e-01 7.588167838982917690e-01 7.979482503196315690e-01 7.959661574751687452e-01 7.783428976869335436e-01 7.996057216858232231e-01 7.862212539413195866e-01 7.920207823967588823e-01 7.990839735174041225e-01 8.036297325949921522e-01 7.959108510275644255e-01 7.787587031632613455e-01 7.931354865810970045e-01 7.545291852588034143e-01 7.775774028255327819e-01 7.990003165621495373e-01 7.931133677374522239e-01 7.965805942968492426e-01 7.906453128214009363e-01 7.993275550053722256e-01 7.993805145130342682e-01 7.996855269296843094e-01 8.026415511348292675e-01 8.011430927873799401e-01 7.913198059666847195e-01 7.993526924214826579e-01 7.896480051075200901e-01 7.877754523126917485e-01 8.057043536720495114e-01 7.957889672280663573e-01 7.981682643577776570e-01 7.858237175971489741e-01 7.945287716481010953e-01 8.047896921004855653e-01 7.840313735034829534e-01 7.874360414259238272e-01 8.085780055963451840e-01 8.047212516973057950e-01 8.053868194554335558e-01 7.982559981666850213e-01 8.026378053813417734e-01 8.013486996864876977e-01 7.988336916573361979e-01 8.089996819586070531e-01 8.029958541094847080e-01 7.997490339186638098e-01 8.038344412626963198e-01 8.013951401369858729e-01 8.040695146487809586e-01 8.015097308420523481e-01 8.049286958530518232e-01 7.964919971856233571e-01 8.083378440689320543e-01 8.076880806721804529e-01 8.043827084465020594e-01 8.086777493274583950e-01 8.047598532466204713e-01 8.037853287020029214e-01 7.931958324492005552e-01 7.897587176041118706e-01 8.026517531174417464e-01 8.015823653605921306e-01 8.046873368811802152e-01 8.001296717342520903e-01 7.979918749396013311e-01 8.043128706690716445e-01 8.023311076031913736e-01 7.937994457433346085e-01 8.003968172438462592e-01 8.048730404406174710e-01 8.032598583317255292e-01 8.057874452048162661e-01 8.026592690383372863e-01 8.046854297087678853e-01 8.036593563763488879e-01 8.021269417919306699e-01 8.022147417758732635e-01 7.979198163210778905e-01
-3.866144102912096037e-02 9.512030032041060568e-02 2.349663174712660063e-01 5.385164538066505857e-01 4.188021286180123592e-01 4.764272859169268459e-01 7.061390223519773413e-01 6.913702975556939023e-01 7.192078822076796163e-01 6.405870669030621078e-01 7.454147431878673791e-01 1.000000000000000000e+00 7.376189395234997725e-01 6.060731301657851233e-01 8.377662374308293414e-01 8.379099230261322084e-01 7.280509397823473616e-01 5.358998862737825997e-01 6.179343402111866501e-01 6.243679740707844816e-01 6.224789672511462646e-01 7.110863258047771529e-01 6.609383226396597921e-01 5.691698932109594544e-01 6.057367753371855068e-01 8.034200913796544219e-01 8.083066803367658926e-01 7.798124602174758557e-01 7.038905639009577220e-01 7.541539695188532733e-01 7.954179300399690788e-01 7.924484318184659148e-01 7.733608940975782442e-01 7.640630110045615320e-01 7.524243506550231109e-01 7.809386833747529177e-01 7.954173757426030722e-01 8.445978510831393393e-01 8.407126000361049289e-01 8.492520785453958609e-01 8.709829978281317109e-01 8.737586628328669613e-01 8.580544000180759801e-01 8.772544328805742531e-01 8.695364122569231302e-01 8.519919457326928791e-01 8.860324833974007053e-01 8.846011811287806115e-01 8.849114184533772853e-01 8.660435055034840790e-01 8.802316918977350912e-01 8.600199432960241586e-01 8.803937659187142106e-01 8.521507639223750985e-01 8.526199490725081542e-01 8.616941150001474758e-01 8.714032824566524393e-01 8.889928559672171104e-01 8.837239031903550979e-01 8.845358089323516193e-01 8.916294877824962883e-01 8.818602503344630250e-01 8.786973549666783345e-01 8.748396569759294694e-01 8.587896054781657407e-01 8.639965782892469193e-01 8.745247141710410510e-01 8.456936601019720001e-01 8.472210363648513543e-01 8.744281296082572208e-01 8.803964162387996062e-01 8.715194907286775150e-01 8.299474840103862050e-01 8.324125169103540056e-01 8.871943559306422200e-01 8.755654658633583720e-01 8.725910051818159818e-01 8.523499554933365863e-01 8.647469645955498940e-01 8.519265844511412222e-01 8.498484635667300502e-01 8.772488322199626376e-01 8.669843489206595644e-01 8.484627798834450951e-01 8.735537291296421314e-01 8.596293171963199642e-01 8.738374117604964519e-01 8.807980278284321951e-01 8.792933405564615779e-01 8.738260426686838001e-01 8.852683535967053041e-01 8.919095893252798612e-01 8.865174695373725378e-01 8.858086720916751311e-01 8.917714859312748654e-01 8.864738714416919851e-01 8.896993970282144337e-01 8.659306907034818312e-01 8.906014314759214123e-01 8.866739124061678856e-01 8.928953033533593153e-01 8.851336180644995277e-01 8.976410420131717416e-01 8.956314316580776813e-01 8.924192216902756547e-01 8.722044656279441810e-01 8.836103796286380874e-01 8.759884981819979766e-01 8.716016053975536026e-01 8.885326401543826025e-01 8.890599937584706680e-01 8.904618646451635255e-01 8.899281801470498854e-01 8.833943301420229544e-01 8.830479917301090609e-01 8.799244118454615515e-01
1.769333971985597581e-02 9.645371894480209152e-02 2.349222207532996598e-01 4.343220204061810641e-01 3.607531761868481013e-01 4.027221133382275498e-01 6.345674906258482739e-01 5.978932928397568958e-01 6.630079617518475077e-01 6.119246287673709706e-01 6.602709306256633326e-01 7.376189395234997725e-01 1.000000000000000000e+00 5.295678288979090986e-01 7.544901914496948692e-01 7.536384410119721933e-01 6.692614687551414754e-01 5.431885715742994503e-01 5.899016884887093859e-01 5.310395227115350947e-01 5.485351928207750083e-01 6.331571961619419930e-01 6.401031666606273873e-01 5.717536254002907325e-01 5.926876433239743891e-01 7.296805806859166799e-01 7.342278051866462096e-01 7.179662063281743167e-01 6.501779203311043309e-01 7.090658932007524173e-01 7.476497266357369220e-01 7.390876269823610789e-01 7.148603447998559401e-01 7.256550577060040252e-01 7.107365662723933442e-01 7.114576895043946969e-01 7.454112445892071559e-01 7.584649506793557094e-01 7.699493095306649826e-01 7.475222617817557369e-01 7.914886207697002796e-01 7.898286143448470797e-01 7.729062092471389311e-01 7.901447630263904731e-01 7.820327374001915244e-01 7.763670166065049782e-01 7.983485744989747834e-01 7.985050104934328097e-01 7.906112350134768540e-01 7.717402451239672168e-01 7.859399490548680811e-01 7.560792892234445839e-01 7.787924588290706662e-01 7.807861384797990523e-01 7.762887358990112618e-01 7.850307127192812651e-01 7.770803298043081897e-01 7.984792719372881820e-01 7.910737001539015489e-01 7.966321152769486602e-01 8.000082673478711159e-01 7.894569221162294204e-01 7.853108637489457644e-01 7.857689345693521510e-01 7.759175614268678522e-01 7.746808602902079954e-01 7.921867603787037249e-01 7.806024536712378170e-01 7.832284513212589561e-01 7.833413125640488195e-01 7.857190868370625969e-01 7.891802372351870432e-01 7.701312091826253425e-01 7.696987103610820613e-01 7.951845616685713214e-01 7.933292019605858725e-01 7.881466138039496805e-01 7.724786767843456747e-01 7.843861116554972090e-01 7.839506106433009602e-01 7.836792393431519788e-01 7.962213114257558066e-01 7.891985616186475427e-01 7.819906945115199237e-01 7.961290199082352581e-01 7.893609054598500485e-01 7.924347135779438167e-01 7.980229008913817257e-01 7.991173861181544158e-01 7.925912875609822938e-01 7.950773260928895025e-01 8.015609181833698305e-01 8.021598196253562074e-01 8.000825498724607465e-01 8.013648839613251029e-01 8.000224250509299084e-01 7.961372620964596303e-01 7.853926469190765092e-01 8.021536764104044703e-01 7.981758211268197289e-01 8.018125160803043494e-01 7.993452247876670080e-01 8.008690463999803555e-01 8.031010062202986743e-01 8.026845021024924254e-01 7.881141044337242052e-01 7.977115387127884372e-01 7.947061991833457295e-01 7.951570704397414868e-01 7.977844981376487343e-01 8.018475128645318195e-01 8.004276296879503372e-01 8.020245518307437260e-01 7.978470696038705290e-01 7.938381883674149320e-01 7.911683329009870924e-01
