1.000000000000000000e+00 9.765696196200672474e-02 1.662596483110735102e-01 8.690365804175025077e-02 9.033644503461389641e-02 1.399967427877521833e-02 6.704532213003373819e-02 6.364879063494664757e-02 1.147381598090911892e-01 6.301262532798031224e-02 5.180902698713586024e-02 4.542196476749241901e-02 2.903004707453695279e-02 -1.565449087487031862e-02 2.002273278086937752e-02 5.064672451771181499e-02 1.099882012613564580e-01 3.273843647631711345e-02 5.437882207409368979e-02 2.493639070429602006e-02 5.430697057410937417e-02 6.195511063911023769e-02 4.968054174319860156e-02 3.864552324726609582e-03 1.935509376634523063e-02 5.276298956596136430e-02 3.355348138129949503e-02 2.603749422342925210e-02 5.322152855101962288e-02 7.553627129350770630e-02 6.663603864518745368e-02 2.491297241443237234e-02 9.108930304484869067e-03 7.634681486509372651e-05 5.462167875263181788e-02 -6.894649103835911313e-03 4.051030175140887118e-02 1.593134713066394689e-02 3.150532462031727099e-02 -3.423207582317867176e-02 1.340875982965864487e-02 8.561069393230128291e-03 -9.277919830269040075e-03 3.089680626996483062e-02 1.724111221412533146e-02 1.942638814504833028e-02 1.475952278973310765e-02 2.098217794422917518e-02 3.699735241971263688e-02 3.693971296071701937e-02 3.492221014350298247e-02 2.678150041528049377e-02 3.583469663328812255e-02 4.432150143561452982e-02 5.388310700712858198e-02 7.747744485147981669e-03 7.002003146126851985e-02 1.330734145039213882e-02 2.258731039088866105e-02 3.024072705720124571e-02 3.777671745220455291e-02 4.072131341837433721e-02 4.305109049690795942e-02 6.131666818405284020e-02 4.925974887913571465e-02 5.398890033234660102e-02 2.147816621535772116e-02 7.991144312435673192e-03 2.661674994502882113e-02 1.768514347082848423e-02 1.481561054063907160e-02 1.604589458736062693e-02 -5.913186928315130458e-04 -4.830817538626525597e-03 3.474985589136318775e-02 2.274392770968324332e-02 1.439778543755138550e-02 3.181137504518196518e-02 2.275053523607841258e-02 3.958976614912845110e-02 3.916361188503034857e-02 2.978393146602379207e-02 2.109394462775857418e-02 3.125953896396885257e-02 1.372108170317756955e-02 -1.444223549935344942e-04 5.951158013527848775e-03 7.870999867677291179e-03 7.117951125187154879e-03 1.709990144177270244e-02 -6.940707289877351242e-03 4.124627888363708618e-03 2.451376573410822199e-03 5.785121562674425122e-03 3.335817255159442656e-03 1.465895675120744597e-02 1.579640924254976583e-02 4.331593565457883543e-02 1.355591588764307708e-02 6.842320684531469528e-03 -5.489825773941322748e-03 2.243524068012927447e-02 7.023897975661640321e-03 4.615427249302775543e-03 1.108337002255775899e-03 3.819554856232166423e-02 3.284947844224236219e-02 1.509152550586543087e-02 2.416813119184696088e-02 1.304893736906020604e-02 1.279539264402351946e-02 9.461769819989055905e-03 6.454628376520266803e-03 1.768468955005341250e-02 1.899194556625654479e-02 2.073864632213538728e-02
9.765696196200672474e-02 1.000000000000000000e+00 1.100630485308311118e-01 1.168007051871385177e-01 1.284373806575927479e-01 1.369887072698723618e-01 1.799112592005646660e-01 1.456345716699055659e-01 1.786065124273523708e-01 1.786614361417230568e-01 1.643541910232061420e-01 1.525999345714164346e-01 1.567854299080569114e-01 1.586084470643110145e-01 1.756836279386582989e-01 1.670263856570789740e-01 1.755497237077325579e-01 1.638553567766126151e-01 1.646939773952037223e-01 1.574803294899624340e-01 1.779235427594929031e-01 1.675921467319426428e-01 1.729900541018638827e-01 1.652972290204711703e-01 1.618891009239470935e-01 1.657923334161767737e-01 1.794048681022046288e-01 1.855637987455507343e-01 1.910135302311199712e-01 1.701969711237280858e-01 1.976574335948062811e-01 1.714982058130437026e-01 1.757931326058067845e-01 1.721628341203095824e-01 1.702048728275218359e-01 1.466626581516994043e-01 1.626300879400635058e-01 1.807705888660825211e-01 1.755387532816263252e-01 1.546805114073401266e-01 1.730784782919554399e-01 1.750172877439159502e-01 1.603633584392868960e-01 1.755726486584562041e-01 1.600382691107237743e-01 1.776130586293877545e-01 1.674932230746971618e-01 1.683092761013207372e-01 1.610990692682092995e-01 1.529386093873884855e-01 1.704654306959882959e-01 1.294903153093649728e-01 1.575152346759300104e-01 1.729565543502777636e-01 1.681339972426601492e-01 1.719822832133786339e-01 1.582178672689513177e-01 1.615707002277690651e-01 1.683152058918064853e-01 1.647066599786594088e-01 1.693918780226748855e-01 1.724326007628203816e-01 1.589863941256670354e-01 1.628359868184900139e-01 1.553999920262496004e-01 1.607273603956135277e-01 1.647006743737021717e-01 1.657257089604135536e-01 1.749146788043052791e-01 1.720939350925630995e-01 1.668059511480879109e-01 1.695692564014671666e-01 1.725989462776001959e-01 1.691730927369648751e-01 1.728050207130991944e-01 1.774953478990193290e-01 1.775190914379997653e-01 1.839186862246026122e-01 1.784286777139108549e-01 1.777714614165525342e-01 1.786210310864240480e-01 1.795985025350294306e-01 1.675285033637003707e-01 1.788823218690002714e-01 1.662052175182832103e-01 1.644773839515596969e-01 1.649726427968608855e-01 1.727935636758391180e-01 1.687916782862948217e-01 1.745976171856792603e-01 1.688428877360734770e-01 1.637153056542293428e-01 1.624293188279845868e-01 1.668007428961905680e-01 1.627238302191968966e-01 1.660600252291207779e-01 1.465486020701003145e-01 1.448383536060778853e-01 1.596406185241640019e-01 1.584292160242112280e-01 1.473076059406944749e-01 1.530176964752053004e-01 1.518480693772005508e-01 1.559246019924364346e-01 1.503946463637465258e-01 1.525269052640220169e-01 1.573222532794311124e-01 1.700829820553247662e-01 1.694547161018627734e-01 1.619008735594221204e-01 1.636761207527135942e-01 1.595935065755600124e-01 1.540032951799370498e-01 1.554043726641549106e-01 1.550163481904045792e-01 1.531603257228170978e-01
1.662596483110735102e-01 1.100630485308311118e-01 1.000000000000000000e+00 3.833568399045203523e-01 2.471440388182183090e-01 2.821707173657118650e-01 3.807580259086220109e-01 3.740940233133130399e-01 3.681964631328075721e-01 3.267238446062899482e-01 3.788425630016327150e-01 4.084482995396163663e-01 3.186921762643306621e-01 3.205235484040470095e-01 3.902720759383134230e-01 3.860659240054501451e-01 3.637853211832284828e-01 3.617271223263469615e-01 3.591275450874091280e-01 3.299616826990995344e-01 3.711107300055302427e-01 3.923100099751490322e-01 3.799016606556722131e-01 3.405383145756377683e-01 3.611806031667863515e-01 3.951163259554565932e-01 3.769400845158519253e-01 3.605978807277802622e-01 3.528406817342392698e-01 3.733275046106276363e-01 3.944243057636609429e-01 3.874058897708561600e-01 3.620768920772384769e-01 3.787784561908261738e-01 3.903110661762745348e-01 3.838781359565177631e-01 3.640913370647837488e-01 3.790038824701411624e-01 3.993948436649806255e-01 3.734213122689719055e-01 3.806369594129399569e-01 3.761321914773926300e-01 3.819382937897962127e-01 3.860045409875123568e-01 3.908919953182797280e-01 3.880217547174203974e-01 3.727616330272057743e-01 3.723029416235212885e-01 3.818851488150689644e-01 3.909314795785408525e-01 3.854599263310535817e-01 3.870535765506545878e-01 3.874702285472337304e-01 3.811319854660009665e-01 3.995550135454858931e-01 3.895550555604920806e-01 3.982852745413523743e-01 3.774925416809107870e-01 3.717355382375306938e-01 3.778612812261595288e-01 3.779911148758285377e-01 3.855990756215846860e-01 3.855038879487353021e-01 3.939774871416343860e-01 3.861086458406145505e-01 3.940182227700805284e-01 3.781791872950737154e-01 3.801991448209579572e-01 3.849957100376705244e-01 3.748347493512725892e-01 3.841331285924702854e-01 3.794504679394625213e-01 3.773845113860572198e-01 3.682292708574507190e-01 3.907135695621812288e-01 3.858490034496798171e-01 3.709282389710635841e-01 3.718551064612458101e-01 3.846304372471488486e-01 3.860827421581378149e-01 3.854735516906636628e-01 3.875824497342331698e-01 3.875895129338873812e-01 3.901785984599189239e-01 3.894581363750430625e-01 3.812625476948330872e-01 3.771318342528344192e-01 3.857158117987377621e-01 3.828979887020644290e-01 3.829736990682667819e-01 3.793965316777227481e-01 3.769827789086200864e-01 3.759434575723825667e-01 3.783706824192938911e-01 3.716736051195999591e-01 3.754043721223494501e-01 3.891197276581215836e-01 3.963927136064206991e-01 3.826363555922347448e-01 3.818951520837246538e-01 3.770400983666330474e-01 3.923738932860608708e-01 3.805538947283592099e-01 3.751182185527756618e-01 3.814663748336615812e-01 4.001705813908094655e-01 3.943829522813295796e-01 3.782909688237564572e-01 3.893597925645820301e-01 3.803181019013415765e-01 3.842077564291213054e-01 3.756730967331056159e-01 3.813389807881902294e-01 3.853963675921089349e-01 3.793014150595727108e-01 3.834599077105581011e-01
8.690365804175025077e-02 1.168007051871385177e-01 3.833568399045203523e-01 1.000000000000000000e+00 3.967748364816407469e-01 4.150661130842038804e-01 6.101052269022883001e-01 5.824234002166291946e-01 5.518310349392622216e-01 5.462029267960852863e-01 6.113741826344081254e-01 6.588452067432332138e-01 5.627107058834828202e-01 5.636070045244208071e-01 6.386620764033476005e-01 6.403735770094685087e-01 5.703991858869055243e-01 5.466555785510677223e-01 5.821108397325378547e-01 5.559457086281016647e-01 5.893140266147584017e-01 6.202244465897875925e-01 5.864991996739262747e-01 5.489507081816255019e-01 5.958683974909257941e-01 6.360436386946141107e-01 6.205192560048042871e-01 6.317441662592443441e-01 5.730618775173907942e-01 6.016879280771456617e-01 6.342279201948484157e-01 6.273855808435485626e-01 6.194037123224163111e-01 6.233419009336361727e-01 6.111955644420385969e-01 6.416976573679217255e-01 6.197476045948445700e-01 6.303043551657410148e-01 6.556387433732605574e-01 6.305110504287236850e-01 6.420204677471571530e-01 6.431721823584973796e-01 6.495920844471002598e-01 6.489489600619178233e-01 6.492114736731938729e-01 6.444125907754387761e-01 6.195337758910326453e-01 6.281899614946618859e-01 6.194563306245696177e-01 6.424073300022210553e-01 6.315311853412555188e-01 6.440716967677713178e-01 6.425200363255104685e-01 6.171462595225900571e-01 6.303468228452605571e-01 6.338113670428310309e-01 6.154487187876935828e-01 6.244258176718257003e-01 6.073661266901225764e-01 6.260223575779887417e-01 6.250790109209165557e-01 6.141221038480991767e-01 6.176059117807266574e-01 6.303725469376527668e-01 6.302951860836024656e-01 6.338739411153589964e-01 6.302564902092282484e-01 6.264191321797870637e-01 6.334241460140054292e-01 6.260495733756890058e-01 6.375390395452654735e-01 6.350232968202623729e-01 6.179829129498286555e-01 6.231089159708717018e-01 6.470006607551315181e-01 6.370913228087148328e-01 6.314126235027458511e-01 6.205860842645685160e-01 6.330770812542805270e-01 6.218056695923265265e-01 6.324667755103701161e-01 6.326461781532208839e-01 6.418974971710760258e-01 6.370258828827960462e-01 6.449665212622202048e-01 6.398926626637636561e-01 6.324331310545461271e-01 6.420351575144631617e-01 6.378755941160784149e-01 6.405916717770775426e-01 6.477881860475283027e-01 6.391759039641174978e-01 6.382799668830496653e-01 6.405853614946176444e-01 6.215299972096440806e-01 6.273911849822926268e-01 6.438842628801032530e-01 6.382033587264902552e-01 6.306520752091785420e-01 6.454415413742631280e-01 6.434038273003495068e-01 6.394804677859684539e-01 6.328078677655636364e-01 6.351143936783539834e-01 6.432257173692442764e-01 6.342787437944069628e-01 6.365951955000944684e-01 6.291802023224344342e-01 6.384266675267765700e-01 6.313277533866691327e-01 6.306069776389848780e-01 6.256495555587343604e-01 6.270602910373241912e-01 6.376187314653584126e-01 6.274856794451987296e-01 6.318285118074964402e-01
9.033644503461389641e-02 1.284373806575927479e-01 2.471440388182183090e-01 3.967748364816407469e-01 1.000000000000000000e+00 3.544597460047101412e-01 5.171749790434730931e-01 4.898102397686963649e-01 4.752938134728046382e-01 4.493090648151490396e-01 4.936580290757652811e-01 5.235689981945147453e-01 4.929413769949897994e-01 4.744959080158919762e-01 5.287958810899081596e-01 5.305401139850864922e-01 4.617443248909402498e-01 4.249594849819353648e-01 4.443705962796443698e-01 4.488345372388025667e-01 4.596293131748762639e-01 4.754646775921035906e-01 4.498083190956080335e-01 4.180552337276380315e-01 4.436507095765662156e-01 5.213647553604591200e-01 5.000733940284054491e-01 4.940244293586975033e-01 4.494274933649194947e-01 4.712691613988886918e-01 5.179828824677801258e-01 4.918619237173615377e-01 4.725984999922337448e-01 4.755189824852639191e-01 4.884428082478496913e-01 4.900479709516420423e-01 5.029382515107898577e-01 5.063214511440117249e-01 5.091904474408882608e-01 4.804678865200831539e-01 5.227616944440124369e-01 5.224957310119501264e-01 5.283143198207364000e-01 5.334236116627886215e-01 5.101099199633537529e-01 5.189762714442582858e-01 5.190233652290101585e-01 5.224100760942684829e-01 5.136856625562304934e-01 5.152516639578398339e-01 5.200851329331844797e-01 5.095831395471882574e-01 5.200726865295123291e-01 5.129926731275138430e-01 5.151246194652567834e-01 5.106820615500262672e-01 5.030700574892095212e-01 5.177273643572121165e-01 5.070650900013778939e-01 5.228206053248027896e-01 5.264797854185604420e-01 5.104137897885855368e-01 5.041192231073872154e-01 5.188992507790299857e-01 5.173928175576627542e-01 5.196255939629322862e-01 5.203173685033752882e-01 5.112273859049122349e-01 5.115225159624577911e-01 5.202185907137641951e-01 5.154064289478226257e-01 5.179666293368326846e-01 4.944682071896825404e-01 5.035427937067776805e-01 5.284622247232590997e-01 5.190807303796057814e-01 5.144054009383112192e-01 5.019764608200801836e-01 5.093997258749550783e-01 5.040769585745024095e-01 5.143748231602959242e-01 5.190449819714542112e-01 5.134734808633519831e-01 5.132104115949654988e-01 5.193387453320884584e-01 5.128440311658678530e-01 5.167341629647768109e-01 5.204467285825133960e-01 5.190120838441706352e-01 5.179740708045310615e-01 5.118415250980778985e-01 5.240358095616879375e-01 5.203979480924997292e-01 5.189584074902086064e-01 5.205833058769919752e-01 5.189195819389416098e-01 5.186456845707126950e-01 5.191155413761440185e-01 5.224888929924406122e-01 5.257241397532222971e-01 5.257615127472170524e-01 5.179332193115830929e-01 5.208140653326767122e-01 5.255006497814728172e-01 5.205391177583421625e-01 5.127554840493602217e-01 5.202932445016538177e-01 5.223766334848859438e-01 5.241032763444730680e-01 5.266723563589141843e-01 5.180557536891321480e-01 5.212188770362911061e-01 5.113040298582409715e-01 5.210439835696831778e-01 5.168000995368017270e-01 5.181682356307757420e-01
1.399967427877521833e-02 1.369887072698723618e-01 2.821707173657118650e-01 4.150661130842038804e-01 3.544597460047101412e-01 1.000000000000000000e+00 5.785351519800319142e-01 5.165912778151358076e-01 5.806570817928385919e-01 5.435295621134155208e-01 5.966368847996378344e-01 6.159782973916325677e-01 5.616810106688173709e-01 5.726055008303498894e-01 6.314460656820612972e-01 6.126692756480731639e-01 5.664565766375732059e-01 5.635836458635301582e-01 5.610791979453612077e-01 5.249085980931301743e-01 5.760113875247137027e-01 6.034229786238775040e-01 5.886150349656830150e-01 5.520425010626937024e-01 5.757540353831329671e-01 6.159008088254906976e-01 6.189016586786104668e-01 6.207565486825478152e-01 5.924540293344535691e-01 6.043575058808121625e-01 6.399620922240618626e-01 6.298938369924559355e-01 6.053686523302352906e-01 6.064779045854977735e-01 6.150667942127912013e-01 6.062458719673081697e-01 6.139548650257492524e-01 6.386788995506877953e-01 6.308379233169063571e-01 6.204481906485529441e-01 6.438122860745816300e-01 6.418141936313159768e-01 6.150508358103398132e-01 6.394129691548745553e-01 6.353403047603426446e-01 6.382295291773928403e-01 6.386386211938869240e-01 6.445537158353548124e-01 6.406134727582925015e-01 6.268056557600828471e-01 6.298501733463424124e-01 6.053052018229446718e-01 6.384095676565305633e-01 6.442664601202807706e-01 6.416485043233786101e-01 6.400656100847661456e-01 6.313061317260836303e-01 6.403551302724170835e-01 6.367344050834298219e-01 6.424940681674951026e-01 6.382483742806328575e-01 6.379527260562511959e-01 6.398408283576271227e-01 6.343329259140697562e-01 6.334008611622249374e-01 6.394687162624070886e-01 6.467216405476926555e-01 6.446786493734741885e-01 6.444148160014677718e-01 6.369273343579527902e-01 6.466696231567607978e-01 6.442614509101373121e-01 6.363056096254745553e-01 6.371747694901027659e-01 6.511404080803663286e-01 6.497046884110034837e-01 6.489678779823527810e-01 6.396501728964776312e-01 6.441251927459124005e-01 6.441959037549109812e-01 6.479917812048275882e-01 6.475975182875971514e-01 6.476933406001099680e-01 6.454086427700482798e-01 6.414513502372500842e-01 6.431135534756710070e-01 6.437317246859626252e-01 6.466371563722068672e-01 6.474448315102611096e-01 6.460325194150778882e-01 6.472927345574097657e-01 6.484034459948103679e-01 6.451647277158004679e-01 6.480551342292247829e-01 6.456927418765275872e-01 6.480001720737316173e-01 6.423874518832249914e-01 6.365982262444476181e-01 6.454661843842384172e-01 6.466020372452977449e-01 6.389893764644725138e-01 6.439653380836694030e-01 6.453849907228564886e-01 6.464662548708601797e-01 6.440733476679003644e-01 6.420332274621403101e-01 6.467246892194543628e-01 6.484737723884462790e-01 6.488404203512030399e-01 6.476442504305932601e-01 6.478204788401376035e-01 6.444917510955725515e-01 6.441611801089660583e-01 6.450695708655547200e-01 6.431577335604824475e-01 6.438818159638700633e-01
6.704532213003373819e-02 1.799112592005646660e-01 3.807580259086220109e-01 6.101052269022883001e-01 5.171749790434730931e-01 5.785351519800319142e-01 1.000000000000000000e+00 7.351640306975526507e-01 7.491932857866857587e-01 7.167246888095774038e-01 7.949341920619105162e-01 8.299399591518717978e-01 7.468095278505159085e-01 7.605734751780591774e-01 8.550202797146340128e-01 8.357131748331965149e-01 7.409649249012651984e-01 7.373649117141165554e-01 7.499518643724243372e-01 7.140992939971390063e-01 7.554107071307971655e-01 7.994439414061189630e-01 7.812510723018334380e-01 7.236112658164565170e-01 7.667089932552804132e-01 8.277636239069859903e-01 8.237959741517615342e-01 8.258420356344630120e-01 7.762987221576619357e-01 8.001061407107501466e-01 8.486867287962064355e-01 8.269783358346107782e-01 8.033454275448757009e-01 8.068436432323641272e-01 8.045651462009312249e-01 8.112269926825299571e-01 8.204237094939130781e-01 8.383311341373722581e-01 8.492767378453740523e-01 8.163957846131393303e-01 8.455822264531140942e-01 8.482141921808935559e-01 8.322470485922000005e-01 8.569878737625929999e-01 8.484664092282849790e-01 8.518612026611253052e-01 8.368575857474801483e-01 8.424395627972580680e-01 8.327005987038308410e-01 8.239354537407136414e-01 8.341169266385264347e-01 8.066878761042185486e-01 8.369890509316526561e-01 8.349685676767043541e-01 8.328776591140596430e-01 8.383506719468351021e-01 8.166120600567740029e-01 8.351704335810579138e-01 8.275264172949656771e-01 8.421593372850920689e-01 8.404406923767098192e-01 8.323118215853368973e-01 8.230426566743327399e-01 8.323875223780242694e-01 8.339536116349728356e-01 8.338755302796813096e-01 8.434689582088450432e-01 8.403239621827430783e-01 8.454834770871613170e-01 8.414501414212592900e-01 8.450757159714715749e-01 8.471940727606633859e-01 8.280288282376279119e-01 8.344739549898039233e-01 8.564163514670302124e-01 8.534803916944848634e-01 8.507004940565825457e-01 8.379581552624700835e-01 8.486499178318691605e-01 8.392243223191064860e-01 8.445369306960818223e-01 8.487400377643206095e-01 8.483609951997062026e-01 8.468558114884496835e-01 8.448335370739041839e-01 8.447611621777258994e-01 8.441834543713331307e-01 8.522901872852580718e-01 8.522159505837781923e-01 8.476225858722571393e-01 8.520710690435022716e-01 8.519623709778751941e-01 8.481242603578157402e-01 8.534594997689703977e-01 8.401739854305597666e-01 8.431114097943368524e-01 8.326813139101624239e-01 8.277909697742321660e-01 8.401836028320799343e-01 8.452324202065035763e-01 8.426093422129146138e-01 8.366209361037214576e-01 8.411655023293197475e-01 8.447172673089746731e-01 8.407335991771541783e-01 8.315611690775538412e-01 8.397987389581144102e-01 8.445560097539847044e-01 8.469279092492228989e-01 8.419819190679727061e-01 8.414466490089990147e-01 8.402361166939217307e-01 8.339407547890862471e-01 8.399493146558247858e-01 8.388450917612823021e-01 8.362899806497855471e-01
6.364879063494664757e-02 1.456345716699055659e-01 3.740940233133130399e-01 5.824234002166291946e-01 4.898102397686963649e-01 5.165912778151358076e-01 7.351640306975526507e-01 1.000000000000000000e+00 6.945448251605098600e-01 6.586707277400369875e-01 7.313803808255516792e-01 7.828927660374448427e-01 7.068983433315618736e-01 7.061548102841975760e-01 7.937822009255381950e-01 7.911883594597254321e-01 6.862098210676138565e-01 6.875042720601268753e-01 7.064470500630234406e-01 6.535168556451604882e-01 7.111875316602238595e-01 7.525160201333226384e-01 7.125416996854101459e-01 6.671792544447043838e-01 7.134528243860546182e-01 7.754912296759866042e-01 7.612133739793701670e-01 7.559975992685455948e-01 7.161133653502931296e-01 7.140715282689488186e-01 7.814942886734004279e-01 7.613911386787400870e-01 7.289091068377744342e-01 7.465537765731956599e-01 7.330306497367595764e-01 7.611738547183185544e-01 7.585260222224935456e-01 7.807482505867164857e-01 7.918681317100708661e-01 7.599019143297116585e-01 7.870384437936381872e-01 7.973140907752876982e-01 7.882048432108648139e-01 8.034686204670915544e-01 7.951066442193492900e-01 8.010440758529258076e-01 7.838828103939059488e-01 7.882744162076085193e-01 7.815465343213529037e-01 7.789738347584375111e-01 7.844661334920587370e-01 7.719488784586490127e-01 7.866243476872090135e-01 7.822841141854577351e-01 7.892492602550504888e-01 7.871447916749872986e-01 7.740957345678486368e-01 7.936985949766480752e-01 7.822781907970599580e-01 7.929864653649543182e-01 7.941942239399631953e-01 7.844656199907644734e-01 7.829539262509482844e-01 7.870024850260459726e-01 7.855921163369297133e-01 7.901442431492714524e-01 7.886708898264570555e-01 7.869542495856119979e-01 7.852697341507663964e-01 7.789845767342939986e-01 7.922922596747790092e-01 7.952904235542279654e-01 7.687232348343733257e-01 7.772440468408901015e-01 7.988064575585075433e-01 7.921469342527321933e-01 7.881598137210034105e-01 7.755786320903248487e-01 7.898143210883885601e-01 7.770000321213929029e-01 7.864781919390468889e-01 7.917024116853452753e-01 7.935300156457849585e-01 7.852031576532891854e-01 7.957493488070711551e-01 7.929517926392107841e-01 7.910068300398965802e-01 7.967486541306953995e-01 7.947576769707479505e-01 7.921309836753666067e-01 7.939484587496249413e-01 7.962087472119389053e-01 7.963822220485385905e-01 8.000341349053662343e-01 7.876518344726611831e-01 7.899790193028334295e-01 7.968270531256430589e-01 7.905835961604912310e-01 7.945326569756063773e-01 7.981243167431382179e-01 7.996113350454936430e-01 7.960682267707784865e-01 7.923300953797074442e-01 7.975684667446144571e-01 7.951447894417663642e-01 7.934536770776404735e-01 7.942771286023695421e-01 7.901604905360594122e-01 7.966470000722319922e-01 7.933413630194803279e-01 7.926791342934255136e-01 7.916154895667344427e-01 7.894983673835128668e-01 7.959683321475347073e-01 7.885890259532580826e-01 7.922418565145687985e-01
1.147381598090911892e-01 1.786065124273523708e-01 3.681964631328075721e-01 5.518310349392622216e-01 4.752938134728046382e-01 5.806570817928385919e-01 7.491932857866857587e-01 6.945448251605098600e-01 1.000000000000000000e+00 7.541577099927676553e-01 7.969796124624212164e-01 8.320256095461567858e-01 7.559345443128763220e-01 7.789434734336477817e-01 8.463835597491994323e-01 8.305772792266702398e-01 7.886840856320839199e-01 7.429476369584095963e-01 7.483215101486233589e-01 7.165265175387921515e-01 7.579118013354755323e-01 8.013823260197882048e-01 7.781141271793315939e-01 7.222253409977354988e-01 7.492823913027443217e-01 8.371008493281136831e-01 8.324372114309496196e-01 8.109002740746112936e-01 7.864846630337888334e-01 8.091459385286758899e-01 8.580138616607905222e-01 8.342045965957616271e-01 7.776099980691429936e-01 7.914638385822195810e-01 8.109616130066956696e-01 7.884243544484481614e-01 8.178482929974953963e-01 8.404839398918919624e-01 8.327593876962020580e-01 8.005630124386434732e-01 8.592604713833400520e-01 8.485493634353448167e-01 7.993750481642392103e-01 8.609096502039826904e-01 8.364945859527412875e-01 8.416927431331421294e-01 8.713036102519511328e-01 8.754789979630260843e-01 8.701535131764615016e-01 8.437861205185392954e-01 8.527341169198292548e-01 8.185118982239426577e-01 8.555025910128742916e-01 8.766783141068219543e-01 8.673268477321952608e-01 8.534862624029141420e-01 8.650369055600259927e-01 8.638469759153921679e-01 8.661474992399802453e-01 8.741388472622318995e-01 8.734538572520755828e-01 8.739435205205051682e-01 8.610207600966082175e-01 8.658996481664048561e-01 8.676559246806956338e-01 8.724370927349472948e-01 8.715349822881507391e-01 8.610079673501626063e-01 8.609158412111844738e-01 8.626589599393265084e-01 8.610406003231024785e-01 8.665277373898828683e-01 8.420846026600690148e-01 8.469890946650728836e-01 8.698855746128398847e-01 8.672369564919519824e-01 8.624688432309123298e-01 8.583130071541813511e-01 8.590476959079096364e-01 8.674847829149361367e-01 8.647920246529654520e-01 8.748019902588143326e-01 8.653625597899340383e-01 8.617060527750893817e-01 8.551665190837077768e-01 8.516345600161844276e-01 8.593330254245904465e-01 8.623696155958930909e-01 8.602521051667820773e-01 8.631938528730226379e-01 8.473028937431004159e-01 8.657789664776645022e-01 8.620353374013111081e-01 8.637189722709629480e-01 8.714210479984442204e-01 8.727990523118707156e-01 8.524976659915473043e-01 8.597327942024061143e-01 8.677382265797053407e-01 8.599546055652782517e-01 8.492473042575972020e-01 8.627227785187928655e-01 8.649890533227315714e-01 8.659419954589872015e-01 8.569931549033920071e-01 8.627789614860332801e-01 8.697363343401751656e-01 8.723874147385229927e-01 8.700578906083401565e-01 8.701676863900894565e-01 8.662166815482132964e-01 8.716253102352873317e-01 8.636618320685076622e-01 8.680331073815046317e-01 8.686006285855865094e-01 8.701788257734460741e-01
6.301262532798031224e-02 1.786614361417230568e-01 3.267238446062899482e-01 5.462029267960852863e-01 4.493090648151490396e-01 5.435295621134155208e-01 7.167246888095774038e-01 6.586707277400369875e-01 7.541577099927676553e-01 1.000000000000000000e+00 7.489681048289725807e-01 7.794787332800362512e-01 7.179354822939671976e-01 7.319528748023370612e-01 8.077562379398849357e-01 7.878354070939764808e-01 7.344863866818027720e-01 7.076409405813325337e-01 7.184284867184298484e-01 6.770374709912063693e-01 7.168469592726420814e-01 7.528344054109543659e-01 7.423083708165831851e-01 7.049396440387954987e-01 7.196845978889457873e-01 7.868611336911849330e-01 7.821949139397021966e-01 7.778015504783466483e-01 7.351756735281982369e-01 7.604281419883934801e-01 8.021856447341199070e-01 7.955465821723376463e-01 7.605608818578961650e-01 7.657190407091167828e-01 7.710195501802536988e-01 7.669000275093612595e-01 7.739904088749484101e-01 7.996841896775247482e-01 7.996663199866839156e-01 7.796983261051697589e-01 8.140437396325038710e-01 8.045764631862446503e-01 7.759024054455494479e-01 8.154802192588521681e-01 8.019459343444350630e-01 8.011704390574632129e-01 8.179022164053547650e-01 8.239601170069980052e-01 8.144366318991574927e-01 7.906932580432467494e-01 8.012249253804548665e-01 7.667785354737937098e-01 8.074455380096402513e-01 8.209857898271386567e-01 8.138368259901567203e-01 8.124458298506975762e-01 8.037024524923556124e-01 8.123410834323046004e-01 8.120750660799829213e-01 8.217167475722251258e-01 8.159380978765283787e-01 8.199623608564462485e-01 8.076281906059978866e-01 8.089265965601385444e-01 8.083906077048452765e-01 8.135566005008265655e-01 8.222999121147862578e-01 8.186650569792128795e-01 8.183304713912651351e-01 8.179740513234802224e-01 8.177260385620866989e-01 8.200384992797628003e-01 8.027168590013219474e-01 8.090925699104701829e-01 8.211033689322549955e-01 8.209514768223881154e-01 8.179955748494784906e-01 8.084411489664361516e-01 8.176180556450218795e-01 8.198741366455045698e-01 8.170115946081688563e-01 8.231686342977152515e-01 8.211942421503217737e-01 8.170797284299640140e-01 8.127888079907065189e-01 8.126220283780183351e-01 8.139266002669146571e-01 8.212582648266921748e-01 8.197650816675144947e-01 8.190747797872616198e-01 8.150541021743745729e-01 8.223492171361782566e-01 8.202306764626369207e-01 8.224122965552738140e-01 8.211163424817122802e-01 8.243636774419321744e-01 8.071964530275683725e-01 8.038883948422770320e-01 8.201194306749942653e-01 8.178285891933523288e-01 8.113064740612614401e-01 8.142805426920571854e-01 8.180190837604426335e-01 8.179587374807641975e-01 8.133627249303830853e-01 8.125523613430251091e-01 8.191866024431793125e-01 8.235894322790562327e-01 8.222354292366446105e-01 8.215341212388973524e-01 8.205872202077811872e-01 8.220505420497693505e-01 8.180355478094673005e-01 8.191697667145961814e-01 8.179963009256936424e-01 8.174350512964084770e-01
5.180902698713586024e-02 1.643541910232061420e-01 3.788425630016327150e-01 6.113741826344081254e-01 4.936580290757652811e-01 5.966368847996378344e-01 7.949341920619105162e-01 7.313803808255516792e-01 7.969796124624212164e-01 7.489681048289725807e-01 1.000000000000000000e+00 8.703156097763709020e-01 7.785561664252866887e-01 7.959702052071633283e-01 8.823519997708388907e-01 8.627275529076737781e-01 7.917066661690181917e-01 7.796206728491607008e-01 7.942359750149218245e-01 7.417880366657129132e-01 7.946492258096660155e-01 8.339886572682162491e-01 8.247579488971079620e-01 7.686039955253545219e-01 8.005585756570925415e-01 8.721634285972753586e-01 8.684267514872333615e-01 8.548555134468999173e-01 8.121241110753706360e-01 8.347923984044332002e-01 8.884275165765926907e-01 8.759287768624521853e-01 8.352473606642544235e-01 8.520989157140667070e-01 8.498190967223951953e-01 8.510554377860299891e-01 8.651328851904944717e-01 8.784864067980782121e-01 8.841477952839679189e-01 8.630407157443561461e-01 8.891263928222231661e-01 8.869941746595026988e-01 8.530707475250417504e-01 8.901568781817708054e-01 8.852108035924195484e-01 8.831720271799391453e-01 8.892939127538348476e-01 8.924263756706869444e-01 8.874903219167413759e-01 8.757758577975892633e-01 8.815114509321404501e-01 8.492464667462575889e-01 8.780704386903536163e-01 8.865872629869258059e-01 8.875443413145532867e-01 8.879468210992623733e-01 8.739261712028669749e-01 8.860951084805441802e-01 8.853912766623411867e-01 8.891108516304252474e-01 8.898036850919561758e-01 8.854036355373148259e-01 8.829900597084724412e-01 8.808433261486310339e-01 8.799943285203140064e-01 8.839449219233361799e-01 8.931609243405636001e-01 8.919357341709872600e-01 8.937691050133995674e-01 8.865817661665587046e-01 8.910204800825711757e-01 8.939949407327791864e-01 8.783513403404018538e-01 8.800370737015499323e-01 9.002510910603059857e-01 8.968922069953825238e-01 8.904952855647136900e-01 8.838888712465032826e-01 8.898597757907905637e-01 8.865965934758101019e-01 8.926443983617009525e-01 8.958892869272826465e-01 8.973175250585295748e-01 8.941039935813640538e-01 8.945611963572255299e-01 8.935402470707165534e-01 8.935980937162341098e-01 8.967706182034823614e-01 8.964275335003892842e-01 8.964325110519535400e-01 8.947033614094169751e-01 8.969469394073991131e-01 8.929602095387692007e-01 8.968695696252989569e-01 8.916619766354729748e-01 8.946202061321772980e-01 8.849438521526651336e-01 8.816384993201356046e-01 8.917797941711158582e-01 8.942202205367615342e-01 8.856209133108784437e-01 8.903936388947284453e-01 8.895702222089849620e-01 8.930733275084320466e-01 8.895960160457906385e-01 8.852961220184288882e-01 8.927023343419356882e-01 8.950473890129684307e-01 8.966430587496855287e-01 8.920128164068615861e-01 8.937956141998419923e-01 8.900087878244348216e-01 8.885276021996887374e-01 8.921071359612400276e-01 8.898103441120374102e-01 8.888084746630943167e-01
4.542196476749241901e-02 1.525999345714164346e-01 4.084482995396163663e-01 6.588452067432332138e-01 5.235689981945147453e-01 6.159782973916325677e-01 8.299399591518717978e-01 7.828927660374448427e-01 8.320256095461567858e-01 7.794787332800362512e-01 8.703156097763709020e-01 1.000000000000000000e+00 8.215186742261334496e-01 8.386418564223144800e-01 9.239728273917270363e-01 9.109489285199352526e-01 8.252304177043142674e-01 8.006687319953591508e-01 8.183308196977171489e-01 7.857003116906151607e-01 8.232536158611465371e-01 8.729438424942643771e-01 8.435486819069460962e-01 7.901859490819447274e-01 8.288150501247389945e-01 9.047763392428275209e-01 8.998554595561079061e-01 8.890576661333311481e-01 8.338210099682428211e-01 8.574543071555036367e-01 9.209029788559994767e-01 9.043730214657482724e-01 8.632992375316962397e-01 8.749961044926855003e-01 8.751437758135636180e-01 8.845900911896460439e-01 8.866169114052674383e-01 9.163841952451722284e-01 9.174816076483667260e-01 8.983063827962294301e-01 9.307571427976945033e-01 9.323130331191328279e-01 9.029182666881190311e-01 9.398876780484125559e-01 9.234866047762109176e-01 9.266387414283313584e-01 9.358484350476207192e-01 9.384062514462683247e-01 9.341173996602009089e-01 9.177064553539858727e-01 9.253684197824596502e-01 8.996018301171533338e-01 9.296338569581430455e-01 9.353875999228463689e-01 9.333548875499755315e-01 9.295023040539261983e-01 9.242038404453816192e-01 9.341041313156922543e-01 9.305506052464254108e-01 9.414996910849872114e-01 9.392852271077083426e-01 9.354581641889944121e-01 9.280742753238483411e-01 9.322789915257674309e-01 9.295029447544553847e-01 9.386719148550058955e-01 9.378486968979432570e-01 9.331244122406970876e-01 9.303448502115212460e-01 9.288513374840801085e-01 9.351724531311228494e-01 9.383953221561391889e-01 9.134036070738407176e-01 9.207856984477145179e-01 9.413101266808520107e-01 9.380718425111539416e-01 9.317248203235560799e-01 9.196481517496689628e-01 9.310218147034227121e-01 9.261615083630542200e-01 9.307367271281969945e-01 9.372191881778961786e-01 9.379792752083094820e-01 9.305932941587039542e-01 9.306305242048179549e-01 9.297543537586326901e-01 9.333685188734475169e-01 9.381330978402305787e-01 9.363420378259349475e-01 9.382431538024341711e-01 9.350170196536118361e-01 9.417315317572946265e-01 9.394629155886112803e-01 9.411248906678960635e-01 9.378129616074362129e-01 9.397582400999464625e-01 9.306999622864305932e-01 9.314705294641927313e-01 9.379989913487997155e-01 9.374396519850748399e-01 9.342288333982509130e-01 9.363629655033257615e-01 9.378514233701090719e-01 9.394107690318932447e-01 9.372433250732666865e-01 9.345793588836038834e-01 9.391849894974444446e-01 9.401578031583112116e-01 9.418486804401645651e-01 9.391198288909871073e-01 9.384886005562155242e-01 9.391547865324294531e-01 9.363386695909186042e-01 9.393788994136024195e-01 9.383556225827195396e-01 9.385850086980752627e-01
2.903004707453695279e-02 1.567854299080569114e-01 3.186921762643306621e-01 5.627107058834828202e-01 4.929413769949897994e-01 5.616810106688173709e-01 7.468095278505159085e-01 7.068983433315618736e-01 7.559345443128763220e-01 7.179354822939671976e-01 7.785561664252866887e-01 8.215186742261334496e-01 1.000000000000000000e+00 7.642876960688558263e-01 8.441124333320653150e-01 8.387051974766428497e-01 7.502365391153418273e-01 7.249763328657564676e-01 7.498506743010464604e-01 7.194279487141863605e-01 7.544063914153601447e-01 7.838473555534661852e-01 7.589045231104162292e-01 7.234614212310447323e-01 7.500797090067953254e-01 8.254776041940147246e-01 8.134086527809314404e-01 7.969159697349080806e-01 7.582272663403685220e-01 7.635711546031894725e-01 8.327376572098166285e-01 8.182741714302748104e-01 7.674310746943288075e-01 7.922916797980944503e-01 7.838354511904600530e-01 7.900446157040167394e-01 8.019452441701628853e-01 8.317862927888389768e-01 8.236887605804514845e-01 8.009358568654273425e-01 8.508832757430688787e-01 8.461494236392170798e-01 8.195613302476281170e-01 8.580498428229496044e-01 8.314527726098747129e-01 8.329845987174572253e-01 8.601025898305644235e-01 8.599365962383075379e-01 8.514246864565180317e-01 8.398682274448246998e-01 8.473266534665764294e-01 8.178579883634087277e-01 8.500580081837544322e-01 8.518071990709426000e-01 8.452733488233378223e-01 8.418108237424403173e-01 8.307042806600720697e-01 8.517595630088825587e-01 8.454249015248465060e-01 8.602776934980365109e-01 8.619424856443493876e-01 8.474547256119171479e-01 8.380483977021638831e-01 8.486347289689649687e-01 8.467430968352004372e-01 8.519981734578034871e-01 8.573566324131702832e-01 8.533963147142789030e-01 8.479047941905804020e-01 8.521366567287451677e-01 8.541171344507746399e-01 8.595393038273704267e-01 8.362059664969530015e-01 8.425656131849094121e-01 8.576066737932497297e-01 8.548283267364558125e-01 8.506504359382546232e-01 8.391075349215990631e-01 8.501390427358493929e-01 8.409122202275006730e-01 8.453324896956014856e-01 8.575654609108837034e-01 8.512390054645031512e-01 8.432691425370664184e-01 8.503512716038834629e-01 8.501358264156491096e-01 8.522718266146090960e-01 8.557717901523861359e-01 8.533413482042048193e-01 8.511957092773192457e-01 8.460168603567983503e-01 8.604625215489714041e-01 8.566635774658359903e-01 8.580415383425726850e-01 8.605200290315228040e-01 8.601431003370174633e-01 8.464236126078854561e-01 8.462843771668581150e-01 8.572635956343394037e-01 8.592988920054371871e-01 8.544354709166596118e-01 8.516517606945972485e-01 8.577152529257887625e-01 8.629219936255756451e-01 8.551491939827352562e-01 8.431012401464293982e-01 8.544744755079105580e-01 8.620876319056584025e-01 8.576613523377569770e-01 8.597887584220860191e-01 8.550313590409942544e-01 8.606469781481891346e-01 8.501350484741183600e-01 8.575572597841395472e-01 8.599509306865353864e-01 8.568115216403248136e-01
