1.000000000000000000e+00 1.529679443546726747e-01 1.812784081069586939e-01 2.250504607036524773e-01 7.276875896428949830e-02 5.531014235634876264e-02 1.090005145224886285e-01 1.368397003269280210e-01 1.910372159889675847e-01 1.053026330036214986e-01 7.221488756664870556e-02 6.420733177083388921e-02 5.573315503241823426e-02 -2.227135138104844453e-02 4.577429635586847262e-02 8.451614616613534192e-02 1.988071071323537220e-01 1.232500598449009777e-01 5.585982837933294032e-02 1.509046405178511574e-01 1.065996118038112228e-01 8.815327509520189120e-02 9.730086159298928505e-02 9.420441744171893783e-02 -1.494927094406439758e-03 1.225844070454497614e-01 8.703279893534687783e-02 4.361732148590232588e-02 9.719924845104919997e-02 6.639072704957145465e-02 5.874055987841091120e-02 1.017943283178335129e-01 2.534511420041774682e-02 7.666679698660013031e-02 4.441480839319542767e-02 4.013455683233226046e-02 4.317100885994996917e-02 1.285664162043569092e-02 3.630443691034602322e-02 -3.758505557174011275e-02 8.692409726538405726e-03 -1.539175819035056838e-03 -2.539117075668362311e-02 9.762760949484750039e-03 1.371756491148621963e-02 4.513546337426637203e-03 8.572811001912818488e-03 4.118786541688176234e-02 5.227542380908919289e-02 -1.592023932253713815e-03 9.174997781233998340e-03 9.770559163910900319e-03 3.777947837247582624e-02 7.873294904346252177e-02 5.941069999676990010e-02 3.608304498828623225e-02 1.036264241844749856e-01 3.508161275520277345e-02 4.161912690325810654e-02 7.102550854637161570e-02 3.646564450567255089e-02 5.466551792166968876e-02 4.126954204864781428e-02 7.138869903787418980e-02 9.873057143368384192e-02 8.189099544345425363e-02 5.111925204392149535e-02 4.083094565887198518e-02 6.234805214734736450e-02 4.432952828978875548e-02 1.749626261261675447e-02 1.645601161269458212e-02 4.262005531954715654e-02 4.729933960532356312e-03 4.224357358138851326e-02 2.592078292039089182e-02 1.610530045852594933e-02 4.574545189829468811e-02 1.811899711197593674e-02 1.611986303206707286e-02 1.960004775002379199e-02 2.301123735301955145e-02 4.209821163006260275e-02 2.720106923918544362e-02 1.726497994915442494e-02 3.006427615486661348e-02 4.215056727816001922e-03 1.184724570619076142e-02 1.416144331502933174e-02 3.379433697042081436e-02 -9.777709597066534114e-03 -3.985797220682476757e-03 9.835712382792663813e-03 -9.544038026316588796e-04 1.386400978637893251e-02 3.043060053175370913e-02 1.332719283990838402e-02 7.763475291427476832e-02 4.080891761958684721e-02 4.976511483758042607e-03 -1.154265033161841654e-02 4.931094657950692295e-02 2.771076544357947008e-02 1.752440533926616015e-02 2.907529291483045703e-02 7.330974002694110037e-02 5.863999835120509846e-02 2.937830063477972140e-02 3.001328429785527982e-02 2.779698815731162023e-02 3.006747709962696510e-02 4.306820942499967747e-02 4.001774102026135066e-02 5.051255573420255357e-02 5.077543901930735987e-02 5.343708693661546744e-02
1.529679443546726747e-01 1.000000000000000000e+00 1.571207251023322149e-01 1.573307279936145275e-01 1.033952066789111252e-01 8.999906798762438709e-02 2.198608474434671500e-01 1.791767863900204927e-01 1.959953353522312092e-01 2.361423310843608070e-01 1.468474313740579518e-01 1.572578823694928685e-01 1.605744956027402026e-01 9.625969169500347977e-02 1.822276664115752565e-01 1.882886417173471605e-01 1.819397536251644298e-01 1.792581410945926490e-01 1.499551643867843009e-01 1.571311937041046380e-01 1.247539906775436969e-01 1.561767152662555114e-01 1.957068121114302894e-01 1.575269959212584059e-01 1.368976046989488493e-01 1.873177141518510558e-01 1.886008065629735941e-01 1.935297071835148375e-01 1.877145585351186752e-01 1.788551992875855590e-01 1.879007449159579013e-01 2.001934563374393461e-01 1.836286438349725436e-01 1.662619736613796251e-01 1.755993934446218596e-01 1.473844997768986309e-01 1.717888416745139979e-01 1.683012627487494861e-01 1.718457717318151445e-01 1.579860730828284154e-01 1.645000463143284908e-01 1.608250626375615222e-01 1.332026913768853682e-01 1.563216525583508709e-01 1.662485230502300793e-01 1.670644458551399925e-01 1.543672952831628142e-01 1.803352038002212498e-01 1.664453126951167539e-01 1.162194545118303696e-01 1.434555999652329383e-01 1.038871950239835251e-01 1.419920095899789569e-01 1.942590184359854200e-01 1.872773117123733844e-01 1.811541169880588609e-01 1.682811934924543229e-01 1.630966382191059161e-01 1.811398721127976119e-01 1.638903537516059883e-01 1.386366233318488128e-01 1.631800644040054815e-01 1.514281562973237572e-01 1.518647124286039152e-01 1.527006576279779926e-01 1.659760591953252373e-01 1.699775659437314512e-01 1.631086026462797434e-01 1.791384796700671578e-01 1.652263521047180328e-01 1.516875069864262182e-01 1.560725371598363220e-01 1.606203251440905810e-01 1.525551980472139579e-01 1.683985536071956057e-01 1.677398102638461286e-01 1.741141187374288801e-01 1.796981917142924379e-01 1.645221890462849890e-01 1.631003308434930965e-01 1.644254563319126894e-01 1.635318866532237403e-01 1.682115197062110101e-01 1.642567610516620091e-01 1.540652868885168114e-01 1.564370180043716252e-01 1.638742709776677409e-01 1.637718523793828540e-01 1.615458102026911813e-01 1.705441880816219724e-01 1.607995492432252038e-01 1.559621055825667624e-01 1.583800374116124676e-01 1.605668400874082635e-01 1.577839871098909441e-01 1.710558363351553646e-01 1.405473557194422407e-01 1.529321439749698752e-01 1.531129554936487280e-01 1.502185191897002781e-01 1.429388859656349209e-01 1.534288645644596993e-01 1.465226619176151490e-01 1.490634841851822268e-01 1.446049505859354767e-01 1.651278739943475293e-01 1.670585533743039475e-01 1.721904468924364828e-01 1.732681074635577245e-01 1.602348174453458451e-01 1.735598477009537566e-01 1.619805654958506869e-01 1.639340062627057115e-01 1.527318312370199438e-01 1.526092151694709298e-01 1.636366823059865194e-01
1.812784081069586939e-01 1.571207251023322149e-01 1.000000000000000000e+00 4.442660610498588847e-01 2.684904812500595317e-01 2.550612443665653539e-01 3.829735383966071938e-01 3.627801894070226685e-01 3.858003371599683651e-01 3.623762379134105593e-01 3.922840538728278315e-01 3.922033354103672820e-01 3.557426502135923596e-01 2.982563316361069861e-01 3.951315090174359335e-01 3.982918880317126153e-01 4.305237796281305429e-01 3.974109440072348676e-01 3.933460039188026447e-01 3.408785690659672518e-01 3.665853913748419179e-01 4.017083255047605439e-01 4.191147230789011302e-01 3.642416713628965352e-01 3.559717980720330521e-01 4.335073047437484894e-01 4.079901006701540656e-01 4.102246306582590374e-01 3.656313468457234039e-01 4.205124297959371704e-01 4.041756000297647144e-01 4.415945784307466204e-01 4.121287788043452305e-01 4.157811143447806002e-01 4.052465166159758270e-01 3.986691027054325431e-01 3.999976129478923226e-01 4.160451073770645158e-01 4.217777860830301817e-01 3.894347409243680835e-01 3.879074673923843530e-01 3.930004320927618644e-01 3.960741704277204178e-01 3.832592926258117649e-01 3.954386908379063370e-01 3.878515937856503726e-01 3.664592755770996746e-01 3.845899889689016748e-01 3.871699238299904922e-01 3.828085301096443849e-01 3.891601955450079142e-01 3.984750864183344565e-01 3.921157504063546573e-01 3.920211939339039997e-01 3.863743652633691017e-01 4.008911479060620064e-01 3.975778020233025623e-01 3.838704126047222109e-01 3.713079483315295803e-01 3.853220896574102716e-01 3.881633988700807780e-01 3.773744835572771517e-01 3.788605463671373963e-01 3.960032042781249095e-01 3.945200560912378029e-01 3.981259865307246182e-01 3.842595009821151986e-01 3.932542731943595160e-01 4.065316912611044997e-01 3.766255007800103916e-01 3.780861097585773156e-01 3.833226404980742408e-01 3.840555638414187012e-01 3.850345312073287785e-01 3.949397064225876330e-01 3.868404488626586146e-01 3.825317885549398556e-01 3.727530597001886270e-01 3.797946174132012520e-01 3.891866658960124736e-01 3.878128773072229141e-01 3.802133853057454993e-01 3.977905385747336209e-01 3.850243411374044689e-01 3.869737081588141558e-01 3.879601512892216220e-01 3.817655690252743650e-01 3.897209310659515147e-01 3.878476637476032662e-01 3.981945737927769513e-01 3.823455676789002666e-01 3.737323028700413885e-01 3.780452389825623150e-01 3.758371383365343155e-01 3.664006485486724918e-01 3.754217192763827926e-01 3.867159326831561272e-01 3.935982322104415454e-01 3.857421203573823676e-01 3.801135090449675458e-01 3.785615341146992274e-01 3.862629768962652088e-01 3.807171593661192732e-01 3.814100958004572051e-01 3.943225144190435905e-01 3.958266754559303657e-01 3.860018715298035863e-01 3.780804255975006023e-01 3.830989089102246337e-01 3.739250171032452719e-01 3.804364755631700068e-01 3.785597340186155901e-01 3.800782641540395579e-01 3.876779156256404679e-01 3.827807613499017436e-01 3.834696987644741206e-01
2.250504607036524773e-01 1.573307279936145275e-01 4.442660610498588847e-01 1.000000000000000000e+00 3.613981969342025535e-01 3.633290146835883583e-01 5.588837758915371490e-01 5.856726050296724440e-01 6.053909029551949317e-01 5.464363073370662738e-01 5.934454916749023479e-01 6.296191134506896603e-01 5.502841668276905462e-01 4.995329495196951797e-01 6.008145339665750262e-01 6.269810016124619523e-01 6.363633159549516582e-01 6.017803286597431800e-01 5.768313215986067277e-01 5.363702308355533521e-01 5.537469143735873622e-01 6.053905475936638414e-01 6.001754402505501407e-01 5.445214490583020206e-01 5.258286630248135696e-01 6.446126046951671240e-01 6.319312223121568151e-01 6.261757587287360982e-01 6.019191959601518649e-01 6.255842487143805641e-01 6.270724398084781548e-01 6.497631050999714830e-01 6.020471856542999323e-01 6.027158311719549300e-01 6.094266379262288647e-01 5.882853452441306752e-01 6.007576794091195049e-01 6.254199347987097202e-01 6.314972308699914327e-01 5.880288975906744486e-01 6.028790586459167322e-01 6.088962896524588997e-01 5.962764790217157662e-01 6.124086226141746137e-01 6.153799303762986783e-01 6.124425125961104888e-01 5.886606005139479736e-01 6.119648261631031039e-01 6.153292077928718129e-01 5.922782543434550462e-01 6.030153941402063289e-01 5.990090089957192943e-01 6.103479349513540875e-01 6.131629607548577665e-01 6.088176900506493405e-01 6.209953322534194076e-01 6.315542160204370425e-01 6.070123552033047654e-01 5.952907010179054881e-01 6.185654847104959941e-01 6.143222580357865503e-01 6.047564961305101905e-01 6.042419916717780559e-01 6.295195608770367546e-01 6.277542005415984727e-01 6.282069605568386672e-01 6.130437048421485402e-01 6.183401603385969558e-01 6.336489329706885831e-01 6.084152161566367401e-01 6.033491784814007941e-01 6.011255291645525300e-01 6.031713700513722243e-01 5.971547670073481529e-01 6.230338972183284696e-01 6.138039771591579097e-01 6.104594321259473322e-01 6.172873518519781388e-01 6.044964539859924990e-01 6.013548931408357889e-01 6.035083221962327382e-01 6.036805980657001802e-01 6.231006560021878915e-01 6.064456208091609790e-01 6.056329615638866848e-01 6.048595455361973627e-01 5.939757714584792403e-01 6.156223871073017717e-01 6.122780548515953658e-01 6.207107852348463517e-01 6.005713425219747492e-01 5.967958778928946773e-01 5.995018796625757318e-01 5.995049569286626800e-01 5.923335421540897316e-01 6.022904125795841557e-01 6.157782864429358627e-01 6.301310094823057151e-01 6.216429885557023249e-01 6.051646193836596188e-01 5.972502627548129661e-01 6.239817162180459897e-01 6.086514727166024707e-01 6.093527167801134903e-01 6.205686422459636420e-01 6.345518851516606107e-01 6.214618249177055187e-01 6.045742177001635076e-01 6.088858983466375330e-01 6.033706699748602187e-01 6.088442731378157502e-01 6.108852397501927101e-01 6.122721435198966722e-01 6.209727153786307463e-01 6.112056709234914287e-01 6.168264386339791239e-01
7.276875896428949830e-02 1.033952066789111252e-01 2.684904812500595317e-01 3.613981969342025535e-01 1.000000000000000000e+00 3.352192755593245144e-01 4.905367988228091503e-01 4.825710186472981222e-01 4.500364347080861860e-01 4.160483641663687560e-01 4.579607174277123827e-01 4.850865711786487844e-01 5.078910271303914703e-01 4.095182080563799509e-01 4.935244329308649536e-01 5.103807208739569168e-01 4.659245709303973526e-01 4.292126812847364969e-01 4.361102748412184482e-01 3.945706390735099767e-01 4.572647234184531451e-01 4.814645107122501044e-01 4.605199404309235356e-01 3.809759456650333997e-01 4.284277022398920720e-01 4.951533677010683809e-01 4.856293178863088089e-01 4.744850952617741258e-01 4.415181864760738817e-01 4.974745584339989035e-01 4.950336093550135041e-01 4.807072724612407311e-01 4.542014857230561309e-01 4.679946589002844104e-01 4.840032943008114596e-01 4.988352410535849546e-01 4.857484652874388686e-01 4.851326007133517915e-01 5.046349770574575233e-01 4.579797646425899371e-01 4.921471044209400625e-01 4.862886885310254703e-01 5.035768796555393223e-01 5.091994392412340087e-01 4.961352446035052211e-01 4.881823530864326521e-01 4.808810160593540162e-01 4.897765363033470543e-01 4.792557321228970157e-01 4.550395604170685560e-01 4.767162176228444959e-01 4.650442341304372729e-01 4.968730826908294151e-01 4.820476176395592782e-01 4.762850554253919566e-01 4.946252585390019663e-01 4.765250435550300034e-01 4.950668117598753248e-01 4.617644403133558950e-01 5.107765482546786640e-01 4.911289628352975556e-01 4.828491855607803807e-01 4.685801670293253118e-01 5.011839596118516926e-01 4.967512710956027422e-01 4.974192099369850739e-01 4.962518950999627032e-01 4.918478874382524180e-01 4.992992202816104452e-01 4.871473103662345427e-01 4.981109518027406757e-01 4.935065024137534340e-01 4.770259733225615806e-01 4.872353193002515459e-01 5.032092213266237124e-01 4.941926871739009131e-01 4.895017487801997524e-01 4.864514576609147989e-01 4.923344111212931695e-01 4.922838147426718547e-01 4.943031103408966898e-01 4.924718143881086641e-01 5.030336436136010336e-01 4.896590606120003186e-01 4.863982797574940564e-01 4.909945656837478301e-01 4.934181732865879355e-01 4.965272717510274547e-01 4.952063912706695104e-01 5.057497247991181721e-01 4.855806603934859633e-01 4.913242395376723470e-01 4.934710720634817305e-01 4.954126462193477742e-01 4.870309341135962700e-01 4.909597023151346384e-01 4.849219497351637265e-01 4.801437243502830188e-01 4.834234301085429952e-01 4.839408227172147248e-01 4.938791951948763859e-01 4.842508177990617613e-01 4.935082918706613087e-01 5.024510865903655255e-01 4.967225492572567291e-01 4.882618635214410197e-01 4.860516467943752361e-01 4.921726075952044810e-01 4.952499373908206270e-01 4.928002456135391340e-01 4.963315348311823083e-01 5.002560672541493947e-01 4.938053199548403938e-01 4.954384614966674816e-01 4.936284983461821652e-01 4.932199170695329427e-01
5.531014235634876264e-02 8.999906798762438709e-02 2.550612443665653539e-01 3.633290146835883583e-01 3.352192755593245144e-01 1.000000000000000000e+00 5.259765958894099258e-01 4.684627171750139762e-01 5.084348519375384567e-01 4.808904049088355004e-01 5.314034891371846037e-01 5.436413212786710414e-01 5.180739581062558941e-01 4.892777757463285249e-01 5.640409109561104195e-01 5.563755653587141303e-01 5.004069354345103138e-01 4.946257381951837395e-01 5.104910781617073567e-01 4.628247007703603089e-01 4.713975133688515506e-01 5.438851521292221713e-01 5.351267690285531620e-01 4.840517315031944712e-01 5.236566721896721566e-01 5.725568280906294660e-01 5.738704516104754516e-01 5.524194734886163083e-01 5.297345664600450199e-01 5.605378576553555758e-01 5.822946204918744151e-01 5.496059271109040578e-01 5.240856378979996677e-01 5.560883274362217188e-01 5.418228016298309857e-01 5.383569378070013345e-01 5.672606394190311541e-01 5.580092273206804787e-01 5.709323742990216610e-01 5.407321035570887835e-01 5.749756065615462264e-01 5.733874366764966091e-01 5.709828271141141887e-01 5.835705184717037142e-01 5.726010852964519282e-01 5.803133734921223086e-01 5.621224759401510784e-01 5.689784165870985788e-01 5.641525186990934415e-01 5.457548411131034616e-01 5.588544998443147893e-01 5.398505475555570587e-01 5.622611579800392834e-01 5.642237296448653350e-01 5.649917663636213616e-01 5.757597418175771642e-01 5.461042311646684411e-01 5.618285146621635473e-01 5.561756510521608243e-01 5.694251515245085660e-01 5.699101294782272786e-01 5.566873178967925995e-01 5.497341243718031345e-01 5.602587975448999336e-01 5.528129003524905327e-01 5.651910168620088992e-01 5.718193390368578877e-01 5.728015554162401157e-01 5.802571657598000199e-01 5.695729043672467240e-01 5.710293699318069738e-01 5.792612997828149313e-01 5.740156096929963647e-01 5.778261160273295838e-01 5.872433303157836848e-01 5.808865692106447431e-01 5.843077012520596636e-01 5.789546191230260375e-01 5.828319317647626674e-01 5.735973750433521756e-01 5.791947363562212070e-01 5.804814735929662017e-01 5.787835860271349775e-01 5.665482494633450328e-01 5.748203404304272901e-01 5.809180321747059450e-01 5.783954616426913997e-01 5.796938731481888762e-01 5.776512724908429153e-01 5.816067907046656993e-01 5.763491815322281386e-01 5.763512653682508757e-01 5.781405195821167631e-01 5.791577445480512454e-01 5.702390567761942419e-01 5.696636390943273787e-01 5.630863131555027268e-01 5.561753417781509778e-01 5.624622472049793931e-01 5.685513535161766940e-01 5.736672186791801353e-01 5.599254335469061594e-01 5.703178704257199083e-01 5.729865396893809582e-01 5.697527933523054422e-01 5.550283072533193085e-01 5.637817121657054953e-01 5.733089475480478425e-01 5.762315740857713031e-01 5.680028509945145299e-01 5.735829583560846379e-01 5.680960523988533017e-01 5.649140033066178956e-01 5.641654636753177243e-01 5.647238187322963787e-01 5.643244780455314302e-01
1.090005145224886285e-01 2.198608474434671500e-01 3.829735383966071938e-01 5.588837758915371490e-01 4.905367988228091503e-01 5.259765958894099258e-01 1.000000000000000000e+00 7.118865825225986210e-01 7.137514493592319598e-01 6.849898180024367456e-01 7.393403999558441075e-01 7.746807184189318241e-01 7.255213216757144812e-01 6.594450653493382219e-01 8.300667064273539175e-01 7.958992625856601277e-01 7.241429395414896719e-01 7.100601210521462203e-01 7.163301470196418164e-01 6.514093621480595564e-01 6.741383128866963448e-01 7.421793797970313022e-01 7.483103659648662198e-01 6.619792066132359487e-01 6.822068926853920301e-01 7.887311070103812938e-01 7.835901715408459811e-01 7.822979030179542104e-01 7.202968649336329854e-01 7.932399583076549243e-01 8.100170599017207929e-01 7.895313447289761255e-01 7.511576942983564376e-01 7.636708971742479646e-01 7.693743784394634355e-01 7.377147303168505310e-01 7.810344322499053193e-01 7.999404576848714310e-01 8.049768455976066273e-01 7.444526093856439486e-01 7.897304699756956259e-01 7.939348306118859666e-01 7.735713393477675615e-01 7.982450312423725602e-01 7.882086014728214574e-01 8.004209228685269517e-01 7.770654364040100459e-01 7.957895193261275146e-01 7.821119096640813950e-01 7.373866213457376251e-01 7.731415744027744230e-01 7.136168226691356198e-01 7.695291382847708750e-01 7.949513945572432849e-01 7.847431007332936748e-01 8.001591255941399305e-01 7.686890215431223528e-01 7.840318662852499010e-01 7.808866406687998696e-01 7.876281689256451335e-01 7.823914819294983669e-01 7.822177933361049718e-01 7.712463519765513364e-01 7.862699288829523292e-01 7.659107191422458438e-01 7.769565363020960458e-01 7.920567473056809860e-01 7.953708142691854333e-01 8.122863583004003019e-01 7.878873502140951723e-01 7.848454372961439773e-01 7.884060786269601051e-01 7.856632014777554796e-01 7.839347525988255017e-01 8.052065183038441543e-01 7.982216972692496304e-01 7.969653887610242959e-01 7.915777475543843700e-01 7.972208184069045078e-01 7.859195165084047474e-01 7.924278623292074775e-01 7.965084815980397748e-01 8.009806910609565955e-01 7.892546557448177902e-01 7.871243959795506395e-01 7.934904227559248513e-01 7.905038148256526842e-01 8.034465182780968773e-01 8.001579044143772856e-01 8.024198644076093734e-01 7.904196020548126533e-01 7.899023970471690248e-01 7.900829479456501492e-01 7.954384949545306727e-01 7.825927838156125915e-01 7.897285328569335627e-01 7.717759846679996816e-01 7.721582572565705016e-01 7.819570206473055451e-01 7.830856360017114381e-01 7.809631457338750415e-01 7.808847504143745510e-01 7.809008738571191488e-01 7.882665469901614097e-01 7.796561362178903165e-01 7.815863250300545406e-01 7.869580443129904346e-01 7.936521320139405811e-01 7.972768360361943696e-01 7.857838619958348314e-01 7.935788645699474175e-01 7.852035719520079615e-01 7.865883897260600444e-01 7.856454463564120916e-01 7.770994631791374729e-01 7.783282926081301900e-01
1.368397003269280210e-01 1.791767863900204927e-01 3.627801894070226685e-01 5.856726050296724440e-01 4.825710186472981222e-01 4.684627171750139762e-01 7.118865825225986210e-01 1.000000000000000000e+00 7.173672242788594611e-01 6.732089860919292512e-01 7.374775564186931698e-01 7.752527982627461789e-01 7.149178228848417360e-01 6.674633768470278339e-01 7.795857654800469883e-01 8.028674504111884547e-01 7.425579059880175192e-01 6.862122578186862221e-01 6.727921887306609339e-01 6.207984449607572008e-01 6.422077324767458961e-01 7.249278390059917809e-01 6.806587429005859224e-01 6.179556456411119392e-01 6.289066522788563374e-01 7.624192109707219611e-01 7.616233659392952493e-01 7.467617993164749057e-01 6.781514322413435547e-01 7.621761504188719893e-01 7.771570238185477875e-01 7.771042711126768809e-01 7.294145915188139373e-01 7.430090799140578461e-01 7.507843183636917495e-01 7.372904272132719816e-01 7.609525971112797160e-01 7.821644849427944468e-01 7.835595996024915522e-01 7.168679155977638606e-01 7.738708326532991455e-01 7.760527297394363977e-01 7.539098183523431640e-01 7.877889050569717444e-01 7.753025308785965741e-01 7.763925069498441855e-01 7.753901747976714720e-01 7.890755171341515828e-01 7.796697145048132604e-01 7.467699027603165174e-01 7.757948418194322571e-01 7.225797775740322448e-01 7.690426170494960578e-01 7.848412053406628175e-01 7.798254862956021105e-01 7.866105464346757614e-01 7.812229461973587696e-01 7.901421135292608922e-01 7.755546686576826332e-01 7.917865990868607762e-01 7.884219013174370572e-01 7.884514069844608120e-01 7.776908937091443486e-01 7.978990113299563314e-01 7.827523627189814093e-01 7.895998750924279053e-01 7.896208071632332404e-01 7.855595284307079762e-01 7.971053981558714474e-01 7.768215402374569756e-01 7.753887638087388900e-01 7.736788962833731631e-01 7.626166237826793592e-01 7.605306299258735026e-01 7.911590060439843697e-01 7.835050998224806218e-01 7.758603842587609156e-01 7.677991024598976866e-01 7.726002979042005947e-01 7.681193858170861644e-01 7.784297261089446751e-01 7.804948963893196812e-01 7.905234298803371917e-01 7.757081190895837031e-01 7.850332637855127471e-01 7.831146471811377685e-01 7.765406934812020268e-01 7.929192600857718487e-01 7.882428867370820935e-01 7.892986768542773479e-01 7.701942816171316597e-01 7.787533798599731716e-01 7.790926180638942933e-01 7.811663048266898057e-01 7.803369978371991200e-01 7.879326136278839154e-01 7.775253106519606217e-01 7.914606696655224205e-01 7.912407277164971164e-01 7.847469991212485674e-01 7.788706272736730662e-01 7.957732803182450132e-01 7.818036417499465429e-01 7.915332127059916401e-01 7.867558802455827394e-01 7.937981640823776885e-01 7.919858419777269232e-01 7.882665335268450590e-01 7.920239838065843418e-01 7.886139583943930775e-01 7.916858422659863725e-01 7.894954327364130942e-01 7.941110135516655788e-01 7.967325210364368804e-01 7.830481702515705855e-01 7.886929130266212562e-01
1.910372159889675847e-01 1.959953353522312092e-01 3.858003371599683651e-01 6.053909029551949317e-01 4.500364347080861860e-01 5.084348519375384567e-01 7.137514493592319598e-01 7.173672242788594611e-01 1.000000000000000000e+00 7.394725825299367505e-01 7.977088120577605634e-01 8.354735497904474117e-01 7.699320113614136485e-01 7.236656947233008896e-01 8.288899258066083631e-01 8.379448053853474354e-01 8.234101844155540251e-01 7.443964168435013296e-01 7.205583852499412023e-01 6.936351413240809949e-01 7.081583604338779203e-01 7.683569541311501272e-01 7.210968808239699435e-01 6.652712896652629437e-01 6.656617492296260652e-01 7.983426630769788757e-01 8.121694500411745787e-01 7.880673185242398349e-01 7.319235569808414388e-01 8.196516273193478197e-01 8.404047272041156313e-01 8.168734466177193232e-01 7.432582215621291732e-01 7.783829499068336544e-01 7.963191320728283396e-01 7.635202178383025950e-01 8.108248632496241060e-01 8.183013998459848226e-01 8.184852070724714102e-01 7.451726317333818850e-01 8.342235279988302610e-01 8.240680059050049522e-01 7.880430777893293603e-01 8.380888644573643020e-01 8.284990631789286297e-01 8.246370579255675182e-01 8.508065887044912179e-01 8.654767441514040760e-01 8.561059826604298095e-01 8.044557249587835912e-01 8.270323746986263380e-01 7.699043817997537342e-01 8.399801271236312372e-01 8.660614795058798610e-01 8.526044240798953400e-01 8.460351435038926393e-01 8.619475289497073867e-01 8.524772668540624432e-01 8.512079529504221753e-01 8.707941857738685787e-01 8.576495700631882046e-01 8.592357620056322309e-01 8.466808774788213698e-01 8.623528329012926097e-01 8.617204566594355297e-01 8.667247704997105284e-01 8.668011448871163482e-01 8.549856062667186007e-01 8.603206277532065016e-01 8.522600949523287950e-01 8.427458295158430923e-01 8.435011535854547438e-01 8.350561299411259908e-01 8.244078884722139122e-01 8.562970281546288254e-01 8.517000080921659499e-01 8.416501816903966260e-01 8.409055315933349206e-01 8.445432380233718339e-01 8.426863204324562817e-01 8.460400344607600376e-01 8.542781057630576269e-01 8.551449297109843251e-01 8.431632215406819064e-01 8.410911305979265062e-01 8.473790915439787241e-01 8.380219537800338570e-01 8.489686677946627347e-01 8.466145368193418452e-01 8.533171100268028830e-01 8.307712160951568059e-01 8.429036108974952146e-01 8.480527657397736174e-01 8.453131099592466891e-01 8.542956305851332477e-01 8.615955366636077750e-01 8.396403219138482976e-01 8.666186305028898973e-01 8.595539142032034841e-01 8.448736266954227636e-01 8.319091665381911360e-01 8.631435087583250176e-01 8.535603635815682821e-01 8.553061982816103637e-01 8.530061718134835935e-01 8.661038215361863690e-01 8.677180704701300540e-01 8.614005674178847327e-01 8.603677773730158407e-01 8.604502110906232515e-01 8.596796263700419161e-01 8.654337994162811798e-01 8.628836718222241409e-01 8.643523506921623190e-01 8.628501083448674169e-01 8.625148026613629337e-01
1.053026330036214986e-01 2.361423310843608070e-01 3.623762379134105593e-01 5.464363073370662738e-01 4.160483641663687560e-01 4.808904049088355004e-01 6.849898180024367456e-01 6.732089860919292512e-01 7.394725825299367505e-01 1.000000000000000000e+00 7.325711262745493446e-01 7.768022897460155063e-01 7.142862359651798165e-01 6.762118871898576966e-01 7.866345465441697549e-01 7.841443218161895379e-01 7.358759220938499990e-01 7.072579196544397373e-01 6.974893184242813016e-01 6.480238726203234600e-01 6.432316418835084537e-01 7.257391825999047752e-01 7.061086567048107110e-01 6.534543349098361764e-01 6.554496130322352565e-01 7.686990810215238445e-01 7.677952329750591387e-01 7.486119664398804829e-01 6.874353072381981233e-01 7.627031599386825400e-01 7.947578991271512239e-01 7.885658360778572407e-01 7.269104326915152292e-01 7.445707847076283858e-01 7.453357723916558264e-01 7.147975334931069291e-01 7.568734272874724223e-01 7.866546055161535156e-01 7.784822633005210601e-01 7.423131762527541699e-01 7.934586332122642860e-01 7.882461827974267532e-01 7.526885250967634278e-01 7.915765703703849798e-01 7.868266048323013795e-01 7.887032244026064287e-01 7.984073817592545197e-01 8.128320338551324742e-01 8.026740854266930514e-01 7.558278880709807801e-01 7.818120896787464913e-01 7.268766635897894179e-01 7.819686306459177061e-01 8.136170053768521093e-01 8.062422781857817577e-01 8.097789776017696450e-01 7.906617757395276724e-01 8.030426808432140628e-01 8.045984549221286697e-01 7.984827007756671868e-01 7.961084243818110640e-01 7.986946748226230186e-01 7.906091431137377556e-01 7.885888303308832281e-01 7.803085451845191978e-01 7.990928016749714313e-01 8.048952145575201111e-01 8.024428494190081196e-01 8.133831945946999875e-01 7.971080735038572618e-01 7.896380388990619226e-01 7.957102803811864078e-01 7.911553085677847097e-01 7.834658303147673530e-01 8.048698768297541939e-01 7.988435115868782743e-01 7.930292202426336701e-01 7.851133173760227457e-01 7.927027663606945884e-01 7.862359734950000734e-01 7.936622732493684440e-01 8.005421234089850069e-01 8.044212182145323853e-01 7.875433250127078511e-01 7.916324181486765754e-01 7.974719176162414769e-01 7.887905850729174384e-01 8.014833509410619339e-01 7.972722715140050376e-01 8.077475006797365520e-01 7.917722458124843987e-01 7.972917669391729190e-01 7.963674420022621714e-01 7.973087027361107637e-01 7.984442663756098346e-01 8.042821227078420510e-01 7.887078725572315152e-01 7.958527291678456628e-01 8.002733527245614598e-01 7.966583154347021134e-01 7.844548711308918509e-01 8.005239207106643606e-01 7.938873860969138940e-01 7.969561698186917731e-01 7.922149243346039427e-01 7.993358043470329966e-01 8.058688519539337625e-01 8.056147298405602619e-01 8.088109335292572588e-01 8.046941685502256858e-01 8.076950283870957259e-01 8.005851799750168807e-01 8.031530911155274621e-01 7.983851782878690351e-01 7.935114501701930889e-01 7.956987696018457124e-01
7.221488756664870556e-02 1.468474313740579518e-01 3.922840538728278315e-01 5.934454916749023479e-01 4.579607174277123827e-01 5.314034891371846037e-01 7.393403999558441075e-01 7.374775564186931698e-01 7.977088120577605634e-01 7.325711262745493446e-01 1.000000000000000000e+00 8.766361168205482057e-01 7.812678604370753010e-01 7.694466906382673166e-01 8.678811135148469802e-01 8.605159658499001996e-01 8.086321826959098624e-01 7.703656621749878086e-01 7.776811392745806018e-01 7.067190217683032571e-01 7.399677518076054339e-01 8.253380232128454397e-01 7.786179868070157717e-01 7.218359101984178627e-01 7.614753974921604218e-01 8.407959540190735881e-01 8.615133760674951180e-01 8.461991796852976755e-01 7.688278378204427277e-01 8.630868304620389342e-01 8.849839009605646734e-01 8.604317583736020847e-01 8.088500859371033913e-01 8.278126197795871999e-01 8.315245965135604767e-01 8.199938498549474986e-01 8.531332719069834036e-01 8.777200640012579047e-01 8.699788814105560153e-01 8.358627725610797699e-01 8.868255379085753232e-01 8.828482016232431784e-01 8.649112997438413997e-01 8.887604653320189119e-01 8.853701651072111156e-01 8.812389392221191553e-01 8.904337663440422546e-01 8.943548824452834944e-01 8.896562129394813834e-01 8.637265198771967301e-01 8.798634296082439299e-01 8.460838885549897270e-01 8.857003105703459278e-01 8.838497339831996591e-01 8.798351048487389470e-01 8.937884855242722582e-01 8.828786667104072672e-01 8.870544143648004809e-01 8.784171438830974399e-01 8.896787514561924626e-01 9.001066409581178762e-01 8.861636401009667097e-01 8.838971927613231694e-01 8.889613894894045076e-01 8.786588997536783907e-01 8.904566096623014460e-01 8.946187897829546154e-01 8.937204290536111539e-01 8.963953215009082820e-01 8.860886972828212471e-01 8.906236970693781618e-01 8.915897618512312883e-01 8.770741710309361006e-01 8.842006639502258958e-01 8.956641263027553812e-01 8.936235337427806957e-01 8.882868086900859161e-01 8.783054457059532583e-01 8.874795286263866823e-01 8.823115505307272954e-01 8.905258388592700580e-01 8.936371162296566917e-01 8.970140830428350309e-01 8.834928068670935275e-01 8.895102946170586611e-01 8.896330898112340124e-01 8.832994560822917673e-01 8.963290215277818218e-01 8.922398245368573511e-01 8.965694386751859035e-01 8.879285426974857787e-01 8.931340856953451368e-01 8.929638651231209812e-01 8.918433665451266368e-01 8.901924038734697620e-01 8.928886619897353771e-01 8.914462186921477960e-01 8.908188138403073664e-01 8.960723166496600278e-01 8.925433583741495536e-01 8.895820031791376037e-01 8.951525904050684490e-01 8.949411995143909948e-01 8.970169509740055780e-01 8.979393148376797473e-01 8.913475222958462396e-01 8.940218518909918144e-01 8.926489557509009742e-01 8.954937714638565582e-01 8.920950239818605798e-01 8.923880357910209948e-01 8.912413512469926635e-01 8.930239991456411230e-01 8.950329525066058611e-01 8.905072631235065872e-01 8.903862479985016343e-01
6.420733177083388921e-02 1.572578823694928685e-01 3.922033354103672820e-01 6.296191134506896603e-01 4.850865711786487844e-01 5.436413212786710414e-01 7.746807184189318241e-01 7.752527982627461789e-01 8.354735497904474117e-01 7.768022897460155063e-01 8.766361168205482057e-01 1.000000000000000000e+00 8.205431103184295250e-01 8.123867390185981474e-01 9.140679663614784678e-01 9.097877701083816326e-01 8.458446015610163737e-01 7.995203733272767677e-01 8.000503950973740785e-01 7.152442251793821315e-01 7.678895645125809466e-01 8.545348923177777944e-01 8.016747874794845075e-01 7.326066528857949622e-01 7.755844715108580756e-01 8.768125575354632772e-01 8.999526927799043063e-01 8.870036235493392596e-01 8.015985914034687854e-01 9.033245767562491091e-01 9.292328815052480762e-01 8.895851199838873402e-01 8.478847317947658668e-01 8.537275409837893347e-01 8.741563424378425706e-01 8.606058902255410148e-01 8.977082282528737744e-01 9.224032291721229182e-01 9.148699202221914906e-01 8.706964879254971423e-01 9.307827555237003780e-01 9.287965777123601274e-01 9.021983355209866051e-01 9.415047351742570347e-01 9.321632257080212369e-01 9.326839829746772503e-01 9.399102675393848916e-01 9.460083987553510321e-01 9.334137162162026158e-01 8.978227721861279376e-01 9.225369079914635950e-01 8.750175325123776826e-01 9.307110030136857004e-01 9.366667313202192702e-01 9.300467907466616335e-01 9.409580810702751208e-01 9.253649885550814247e-01 9.386692390645176021e-01 9.301847033278342058e-01 9.423829594811046206e-01 9.451950919908133075e-01 9.383030434579182621e-01 9.328365495650567940e-01 9.403279597225699948e-01 9.308276578445828786e-01 9.402306805447483429e-01 9.484214205597718550e-01 9.422375179900592812e-01 9.423780280713814905e-01 9.333242406607856756e-01 9.401628377832391692e-01 9.400169675366463196e-01 9.185319335623205461e-01 9.264444533381759328e-01 9.455076531582774502e-01 9.455494484052827664e-01 9.401429799782092811e-01 9.270107185118369175e-01 9.369181278890790221e-01 9.378923651592517841e-01 9.448880749254583433e-01 9.470078471558938116e-01 9.466536034121368903e-01 9.403751525503907249e-01 9.362461728855355769e-01 9.362288574684909381e-01 9.375604779367056052e-01 9.464222814728401323e-01 9.452847533081013554e-01 9.457163296796925467e-01 9.371093846105272851e-01 9.434486701277321474e-01 9.440109108024158369e-01 9.455636067562198654e-01 9.445631885035121744e-01 9.473755625470449138e-01 9.341876011955814185e-01 9.413196475156220266e-01 9.474778341148348826e-01 9.413570245076815501e-01 9.393041402837193354e-01 9.487939956767011962e-01 9.448404265763605814e-01 9.495346118319892836e-01 9.456998180199179815e-01 9.442109893107005769e-01 9.462855069491004079e-01 9.473736633281784059e-01 9.486956630213916331e-01 9.462097413422030368e-01 9.453869107724117704e-01 9.473092275464576328e-01 9.486750537703592112e-01 9.498095105087308587e-01 9.446973483844428587e-01 9.441435330612870658e-01
5.573315503241823426e-02 1.605744956027402026e-01 3.557426502135923596e-01 5.502841668276905462e-01 5.078910271303914703e-01 5.180739581062558941e-01 7.255213216757144812e-01 7.149178228848417360e-01 7.699320113614136485e-01 7.142862359651798165e-01 7.812678604370753010e-01 8.205431103184295250e-01 1.000000000000000000e+00 7.245437016049159906e-01 8.383889739414133180e-01 8.365544891667843208e-01 7.621842243225920299e-01 7.286476310769414155e-01 7.285424476704004393e-01 6.512638267620791677e-01 7.002472726212977117e-01 7.823734750916319092e-01 7.241585834723286430e-01 6.567671088452398109e-01 7.068865974046467660e-01 7.963837597863785422e-01 8.054316912966094089e-01 7.826088693912518490e-01 7.046247871647352001e-01 8.159247963017587368e-01 8.349661087381874403e-01 7.988560948984644305e-01 7.497682171742652280e-01 7.701871933045464358e-01 7.907285039558280548e-01 7.876210949728896793e-01 8.200953841801197353e-01 8.186976348180357022e-01 8.245994398627584099e-01 7.749978042334239037e-01 8.429809077057897060e-01 8.331719854041285123e-01 8.253443395851702835e-01 8.492984755214013637e-01 8.398183848088687231e-01 8.360621865424432420e-01 8.445358427603839591e-01 8.510526588945439563e-01 8.371160057001745258e-01 7.917337258983481174e-01 8.195516608148272208e-01 7.875654182890476918e-01 8.405040059140055364e-01 8.416815484492888855e-01 8.335479531953925436e-01 8.476790337079388449e-01 8.267384483032643727e-01 8.504240495552973789e-01 8.284739806834479081e-01 8.585986677113719434e-01 8.508161082129011010e-01 8.414157904117484099e-01 8.294572366205270608e-01 8.481582456316736351e-01 8.380049162214566749e-01 8.500425731968217491e-01 8.558926575829418626e-01 8.497922556864334620e-01 8.510540596482117914e-01 8.424296183776797120e-01 8.482610970301788234e-01 8.488370598649535026e-01 8.285152449764513483e-01 8.366245171866939501e-01 8.537249511299026539e-01 8.497929718908827645e-01 8.436412025335559006e-01 8.295846886952618071e-01 8.435927577378687925e-01 8.426063655107633998e-01 8.492811015725625357e-01 8.516866884062206378e-01 8.538708794565235127e-01 8.416614427948025945e-01 8.403340883183079146e-01 8.455379842401802293e-01 8.467641900143844103e-01 8.514961261365878720e-01 8.506816004969746103e-01 8.565781318718761472e-01 8.407777406942718024e-01 8.487378590742522544e-01 8.525621102975833310e-01 8.529576509008655050e-01 8.519940989185850189e-01 8.545073976495315415e-01 8.422341180687111795e-01 8.454909045400880174e-01 8.521427195765500784e-01 8.449090966500442113e-01 8.480710240226824181e-01 8.514662981370683115e-01 8.522856758002287370e-01 8.582333623310556270e-01 8.536553492092070483e-01 8.509058045424724437e-01 8.508164924170390497e-01 8.550827730815399041e-01 8.563254904122391542e-01 8.547881831952869325e-01 8.574166405614799258e-01 8.579579309027882683e-01 8.566182595195321881e-01 8.559632547822465520e-01 8.507818849535223604e-01 8.536913234770281411e-01
