1.000000000000000000e+00 6.236382519111732803e-02 5.671194876009141156e-02 4.020034137120963996e-02 -1.080503912965916427e-02 2.944945307112391622e-02 4.166499826221045297e-03 -1.842455152726048609e-03 9.148135034084380057e-02 4.357207489282824420e-02 2.137491746447744284e-02 1.082726492425807943e-02 -6.487725233546957557e-03 8.167066338196830519e-03 -2.064136788044489742e-03 2.184744814847470930e-03 7.505562606662460889e-02 1.529420996672890831e-02 1.596078300882677881e-02 -1.952140951334912968e-03 3.598034960452687475e-02 3.759334816262353829e-02 9.228480990374220844e-03 -1.578332753666043808e-02 5.643170395664219574e-03 2.485915073378655929e-02 2.802127823385848482e-02 3.156754656246837151e-03 4.014652761429256950e-02 2.565933330243407376e-02 2.737236506966350333e-02 1.537627008914630410e-02 -3.080685711395209775e-02 6.395646308974068175e-03 1.022128154047549815e-02 4.009915003002774425e-02 2.557493722974100991e-02 -5.322142462099735405e-03 1.513927060990820361e-02 -2.475754607750686037e-02 9.067574725905091365e-03 -7.263748492676667251e-03 3.749989479301404460e-04 1.481586580383352503e-02 5.158264761906919578e-03 -3.056188593028221195e-03 1.040334450245548013e-02 8.468786645053631018e-03 2.718358715044442639e-02 2.704632549668551517e-02 1.151144840832198611e-02 4.097663251620790870e-02 9.653984463184384079e-03 2.264288940477289513e-02 1.345950155035160155e-02 7.699479912645162960e-03 5.370305384979455476e-02 9.890693000426031486e-03 5.789911279649166687e-03 3.468650526289475400e-02 1.512103065237341282e-02 1.688067455945939377e-02 1.881160517422316228e-02 3.696010195494856682e-02 4.704428690567556692e-02 4.730067074772334457e-02 2.207438653939961665e-02 1.484892249716254211e-03 -2.082663555747279582e-03 -2.757688282177634450e-03 9.635494022567766756e-03 1.274337143863787242e-02 -1.107554546281932714e-02 -1.723362483465617784e-03 1.436439183400412163e-02 1.625918853318874396e-02 -9.425559889307521741e-03 2.002044591628409156e-02 8.965612089469896309e-03 1.240091373286606249e-02 6.802646931255249864e-03 1.221234406279739226e-02 1.669724658207396087e-02 -1.095985189253539981e-03 -3.547139900410926309e-03 -1.563603855657795484e-03 7.028972147630286986e-03 -5.496893292684101005e-03 -4.962522269244199445e-03 6.992580296132908969e-03 -1.546188947119668013e-02 -3.552439934941983325e-03 1.101279276695998075e-03 -1.774374570320581563e-03 6.842901865102730095e-03 7.486821156287900431e-03 1.501178908114449324e-02 3.438242011088238348e-02 5.072372326558406523e-03 -4.214899945656713450e-04 -4.235597714645836231e-03 1.255514114980961146e-02 1.053236429962989620e-02 3.715669763041949940e-03 2.254802197406994765e-02 4.328575587237099703e-02 2.149464393488177694e-02 1.138799681313471847e-02 9.406779102995607364e-03 9.219269184124934471e-03 2.458811105653275174e-03 2.126063230716579780e-02 8.254513706209394563e-03 2.105528790032170847e-02 3.224591011790733930e-02 3.287733339180480552e-02
6.236382519111732803e-02 1.000000000000000000e+00 5.364784666117972806e-02 1.337338258490148035e-01 5.969393964128107827e-02 8.512597664085935767e-02 1.625697729945100312e-01 1.353705633222612170e-01 1.491840083421321350e-01 1.800701127195097062e-01 1.399580988406564364e-01 1.609739191180604156e-01 1.137128337657588723e-01 1.344642353573778648e-01 1.621805434208666574e-01 1.472419608343247810e-01 1.683171497136152772e-01 1.239773322733835059e-01 1.136685038560363847e-01 1.142308439992858193e-01 1.202723004249554445e-01 1.335257489767635308e-01 1.437397621178423957e-01 1.022877100739042200e-01 1.053415826205063438e-01 1.747996182233738371e-01 1.613195040966866056e-01 1.592025027835096418e-01 1.711790793819505940e-01 1.624838463461099336e-01 1.652973385472652768e-01 1.681002444353998926e-01 1.645455286453212651e-01 1.596939883944013261e-01 1.617377745051821747e-01 1.885536157496943699e-01 1.585553375311356539e-01 1.588135904286648026e-01 1.747252481089105192e-01 1.541326391116672745e-01 1.632658484649199271e-01 1.595274017901432417e-01 1.339481857594202463e-01 1.557537009533324912e-01 1.603687503213929444e-01 1.562116698933386782e-01 1.515565807884675931e-01 1.551430698885778448e-01 1.671620893103172301e-01 1.519270670580447902e-01 1.522852749354726143e-01 1.268228507750633061e-01 1.416800921299826710e-01 1.586781184734096239e-01 1.433593819150042192e-01 1.729149290578543552e-01 1.565769797081807968e-01 1.496609301459443375e-01 1.396165336391609890e-01 1.586701808331642261e-01 1.351557422841330736e-01 1.412945142676338139e-01 1.249387895741371490e-01 1.606573225758251566e-01 1.609121741019522989e-01 1.663343174347765296e-01 1.672414774826674611e-01 1.454223975695656812e-01 1.483168283648746699e-01 1.354205767640397073e-01 1.465388020522443713e-01 1.508962950883821486e-01 1.374134616869047143e-01 1.363753720934379188e-01 1.611162902149531062e-01 1.604567778596611149e-01 1.557509101069980417e-01 1.700768178112104234e-01 1.597062234800760705e-01 1.553092499450379749e-01 1.583918334312209297e-01 1.568214595526152000e-01 1.776807864285147032e-01 1.499009467396915374e-01 1.524453120171300746e-01 1.461131140310693299e-01 1.653663513288478881e-01 1.567431343335390914e-01 1.554741596807935333e-01 1.683969240449952054e-01 1.548470686421077325e-01 1.565146193127047169e-01 1.530415892825809920e-01 1.570997107955831862e-01 1.556582414102551659e-01 1.579773938756489082e-01 1.457661248005248100e-01 1.457994244828454689e-01 1.498221823255886098e-01 1.565153436725091884e-01 1.444830941532793678e-01 1.447959339580968952e-01 1.456493621707555530e-01 1.457095981162993270e-01 1.506766473636102777e-01 1.604730674702719850e-01 1.647617149018490712e-01 1.607485155652317033e-01 1.579225080284347993e-01 1.567114197976641476e-01 1.537029356715489681e-01 1.594553247299655419e-01 1.518710969723915394e-01 1.552221347925565598e-01 1.594575151369473087e-01 1.593863790429815575e-01
5.671194876009141156e-02 5.364784666117972806e-02 1.000000000000000000e+00 3.248529035074450566e-01 2.060974165888445897e-01 2.710405926337517424e-01 3.576154457197902037e-01 3.380058153070295557e-01 3.470571581965202212e-01 3.326425796547767266e-01 3.662513186653695851e-01 3.952609348047032012e-01 3.379142299114187287e-01 3.559480671430487742e-01 3.984989752822298836e-01 3.827394624415277335e-01 3.763648666788406705e-01 3.625317429338291708e-01 3.865269608935834600e-01 3.160439171255510771e-01 3.906368887842895377e-01 3.964480943981500971e-01 3.817355291865571210e-01 3.662294004427286143e-01 3.649601668578318359e-01 3.986875931425930553e-01 3.964707727766050294e-01 4.090509079848860807e-01 3.928401508890660421e-01 3.895125205308277438e-01 4.007548509932912228e-01 4.028687223285787877e-01 3.842809576499950919e-01 4.050431831217768397e-01 3.789475519258923564e-01 3.976260836303343038e-01 4.127290713625296203e-01 3.855457644828360064e-01 4.024549673533649452e-01 3.840803378704676363e-01 3.923604467700841925e-01 3.916868127074420447e-01 3.983614140389038494e-01 3.994747404757735265e-01 4.001992034301521395e-01 3.869130440952271432e-01 3.835429598103533566e-01 3.898092611597616663e-01 3.890520445808689498e-01 3.919936513232919473e-01 3.927713310741694497e-01 4.005690618926395219e-01 3.805927631708117542e-01 3.800685592748217490e-01 3.722371420426796029e-01 3.897683839881766477e-01 3.823665322578613246e-01 3.835082632402341263e-01 3.770841804341191206e-01 3.780904553957204484e-01 3.856268915588429991e-01 3.760506544875145130e-01 3.732263374933636468e-01 3.875517999353738641e-01 3.873686648803039145e-01 3.890892360373598424e-01 3.928898009332558172e-01 3.964652762838919431e-01 3.963097091304997321e-01 3.928813795177767410e-01 4.062308250065286286e-01 4.004014301929741393e-01 3.962013565807186444e-01 3.966164422792576860e-01 3.985050546090859180e-01 4.028144426526351074e-01 3.975522169758778368e-01 3.981597815771092397e-01 3.955873838591474345e-01 3.932822945142794291e-01 4.024712720997838944e-01 3.971678314345287730e-01 4.013937638763536708e-01 3.975615358240603414e-01 4.039823607107650982e-01 4.054179719887896494e-01 4.076264621601513038e-01 3.946670651822069553e-01 3.948066433165974831e-01 3.964156438613914424e-01 3.986305329759773364e-01 3.961600917119111331e-01 3.959071220918615741e-01 3.924836978553007394e-01 3.865392969117242838e-01 3.888700188297373739e-01 3.918201825145177786e-01 3.960227848031718234e-01 3.886258931488211221e-01 3.994782338099815422e-01 3.969472376017371129e-01 3.896656320767968862e-01 3.918606929944242201e-01 3.908339229167536177e-01 4.017913440318311991e-01 3.913122485118723515e-01 3.927038986061749948e-01 3.859700504876336646e-01 3.896337307046736087e-01 3.910411915471737609e-01 3.864557521642615345e-01 3.841411367305199720e-01 3.847785963087367866e-01 3.948225759708484661e-01 3.926778306562848098e-01 3.860822298319254164e-01
4.020034137120963996e-02 1.337338258490148035e-01 3.248529035074450566e-01 1.000000000000000000e+00 3.263271765257207413e-01 4.419767908625771846e-01 5.938803602230326995e-01 5.420051525202383980e-01 5.654724844325798028e-01 5.329835599218762932e-01 5.912376076208092357e-01 6.364671674531106049e-01 5.600725340736841806e-01 5.849901278843158137e-01 6.434484752394409313e-01 6.342515158795417607e-01 5.596501827904325488e-01 5.467173829154897691e-01 5.594162569778395877e-01 5.460885946431595084e-01 5.836257007802880814e-01 6.033241342022309661e-01 5.861958830672892029e-01 5.233329459919168203e-01 5.408134038510693520e-01 6.196005128931341144e-01 6.223051079508622463e-01 6.239195634855776440e-01 6.240792842441327259e-01 6.049651663964800141e-01 6.360240031705173269e-01 6.203534009115729830e-01 5.966828063069270494e-01 6.140843523185376407e-01 5.738920882852677208e-01 6.009634861651064197e-01 6.177776865017081676e-01 6.169569357886225403e-01 6.369958036640638310e-01 6.234309473198902385e-01 6.411143381866510893e-01 6.344523708556606412e-01 6.355264479866908900e-01 6.447553466079971596e-01 6.425100839007049647e-01 6.316146031377352088e-01 6.264018224992927708e-01 6.349249233057816522e-01 6.371819709316670632e-01 6.234207404834607447e-01 6.300565276207056309e-01 6.370909544879924669e-01 6.338899644434430325e-01 6.312369139857725298e-01 6.178857729688799205e-01 6.409302036242274792e-01 6.218124440536897390e-01 6.246106976516015985e-01 6.156448717720278685e-01 6.238559059764348103e-01 6.263240093862565416e-01 6.212151948027878623e-01 6.142499093023784384e-01 6.317116514398414262e-01 6.257774237988185106e-01 6.343890834089274122e-01 6.394331560286011795e-01 6.334918708216966676e-01 6.311040367552952501e-01 6.339192872923561373e-01 6.397402599891103270e-01 6.404358276530470739e-01 6.237739678192874004e-01 6.262507807041358676e-01 6.373558718760824471e-01 6.390735014386010882e-01 6.366677381926530987e-01 6.383186385638109916e-01 6.345009988282465097e-01 6.329251773771190637e-01 6.374457552895802515e-01 6.360243586971719987e-01 6.469120530739587149e-01 6.278914017773925549e-01 6.434296450697144509e-01 6.357499370948297424e-01 6.439941335555297020e-01 6.405937168353178501e-01 6.393999501185525514e-01 6.460047440978257116e-01 6.359371252526792029e-01 6.433006761992980937e-01 6.386678741427188610e-01 6.400016230975731357e-01 6.347816537823383065e-01 6.361419916793163987e-01 6.480424801300497251e-01 6.460031796211367361e-01 6.428796133976776295e-01 6.487167085921358156e-01 6.479651856164975188e-01 6.454090232963447527e-01 6.395486821881858353e-01 6.464455707078088365e-01 6.512167093122902539e-01 6.421762379643751739e-01 6.424264275715735328e-01 6.353721826805002193e-01 6.427001001849451667e-01 6.400439163044916446e-01 6.391503348638357673e-01 6.361418114395848145e-01 6.397341013597784842e-01 6.441359766999598113e-01 6.336827653543026795e-01 6.381599945314431199e-01
-1.080503912965916427e-02 5.969393964128107827e-02 2.060974165888445897e-01 3.263271765257207413e-01 1.000000000000000000e+00 3.030088386239491727e-01 4.141882722813967077e-01 4.369705044943087979e-01 4.152554999016114246e-01 3.765513581337031623e-01 4.371444928147749653e-01 4.697163623236605967e-01 4.821726794193274546e-01 4.322229668240714084e-01 4.748617659530015578e-01 4.738559948644857633e-01 3.821539387586144199e-01 4.140130755900852666e-01 4.177996731505805861e-01 4.110977123708998704e-01 4.081605274543287920e-01 4.266969771394744093e-01 4.303310856138802265e-01 4.093792619705052260e-01 4.227018890492654779e-01 4.720574277764307825e-01 4.592037991743606606e-01 4.536155790725560077e-01 4.567491010273760921e-01 4.724642387039760250e-01 4.780037061929226505e-01 4.447748749352279374e-01 4.259946647665170949e-01 4.377309323563560173e-01 4.475710369995365978e-01 4.006575129865125873e-01 4.529203667716761306e-01 4.384143377890608595e-01 4.626590333589024051e-01 4.393477035538638220e-01 4.653678234584541773e-01 4.696812727217516414e-01 4.725147856838426974e-01 4.775465177225113877e-01 4.659981446203221300e-01 4.692889124464438844e-01 4.672269889408726673e-01 4.742640434375920422e-01 4.584379436720789625e-01 4.331856495598392920e-01 4.553127485537683539e-01 4.476096900963596470e-01 4.751430349691859734e-01 4.626360904216895165e-01 4.619759826656015256e-01 4.633949776012368238e-01 4.425808613724494522e-01 4.749973866408944145e-01 4.581519068014772711e-01 4.763241915767979506e-01 4.733104492516547745e-01 4.643122867113219643e-01 4.492794777464217959e-01 4.590671429867539399e-01 4.553069672470944074e-01 4.619152503304344570e-01 4.698885336612597108e-01 4.818334559371758585e-01 4.751319906007110960e-01 4.822424705244605647e-01 4.776464816411888359e-01 4.731057309622979101e-01 4.763403111428167191e-01 4.735049296006339503e-01 4.781359128570002448e-01 4.755086535387504365e-01 4.739957551609239594e-01 4.720672125623250892e-01 4.781148296277193954e-01 4.789923388216644762e-01 4.760222951849664152e-01 4.799198109696879433e-01 4.665911940627311405e-01 4.716889781655571046e-01 4.678601455782664953e-01 4.720858820501376285e-01 4.710256116617902444e-01 4.711640384782305735e-01 4.768398408778835584e-01 4.741249928248287837e-01 4.674405934172394250e-01 4.761223178291026925e-01 4.769928115524718626e-01 4.765079882232019504e-01 4.757943011399736188e-01 4.757191478166307164e-01 4.596826539246846033e-01 4.588288131928446312e-01 4.736243827783875315e-01 4.725904122530074081e-01 4.781201857384839160e-01 4.647816008387921083e-01 4.765543926733582514e-01 4.800237089615398411e-01 4.672568589524670468e-01 4.601501783562768622e-01 4.665151632048115116e-01 4.727962386525240701e-01 4.723341944650601421e-01 4.774495737084512026e-01 4.713009577187758370e-01 4.775425069224017993e-01 4.734645377329982918e-01 4.706104003579128503e-01 4.624657383458038451e-01 4.700999781450673765e-01
2.944945307112391622e-02 8.512597664085935767e-02 2.710405926337517424e-01 4.419767908625771846e-01 3.030088386239491727e-01 1.000000000000000000e+00 5.505466455470819920e-01 5.312260922733282875e-01 5.421842933449390056e-01 5.044857664749644588e-01 5.759065435608669015e-01 6.024443897672915327e-01 5.408131258381311257e-01 5.766410295126787044e-01 6.097874782112284731e-01 6.018223605436612278e-01 5.434704346706689115e-01 5.038177878353848893e-01 5.223363466499207908e-01 4.988291391538200448e-01 5.282255331058206549e-01 5.514623860366375530e-01 5.361730065200585038e-01 4.859627246571852077e-01 5.061008087563193536e-01 5.891003996393358033e-01 5.858810546386074014e-01 5.926293619051709038e-01 5.955242952590312777e-01 5.915092178783597499e-01 6.166313607961005916e-01 5.868766536818180724e-01 5.566602867605985328e-01 5.807809964197796493e-01 5.511161767309017412e-01 5.606619393018251740e-01 5.924777675409829136e-01 5.924210737713341279e-01 6.059578301974696268e-01 5.925382554828232395e-01 6.121890629127868522e-01 6.151965381028025037e-01 6.088476347737429295e-01 6.196684609069282867e-01 6.116898637710148634e-01 6.131062124795135793e-01 6.192316176065798539e-01 6.206172439032570098e-01 6.063111046686598948e-01 5.914513828859339073e-01 6.100919141597608286e-01 5.898528913314766697e-01 6.141020917568286164e-01 6.114202302020943502e-01 5.971000848322790544e-01 6.124705432601734723e-01 5.939683095459715734e-01 6.212389793736570187e-01 6.063040160308380555e-01 6.107339892811589621e-01 6.142994195088388176e-01 6.075060814390393915e-01 5.990793511253160730e-01 6.074280212874605400e-01 6.038120994562695687e-01 6.024548597840625463e-01 6.214881362147218757e-01 6.159509120576425190e-01 6.098828362688094584e-01 6.134257622244597696e-01 6.140925712628385602e-01 6.195676323268565211e-01 6.015686247604863368e-01 6.046681330301640900e-01 6.211908539051155254e-01 6.234835818290828113e-01 6.243325810336596282e-01 6.225712860830133755e-01 6.229993049936911609e-01 6.195574635176246403e-01 6.194447250956868212e-01 6.256877240046536670e-01 6.230391307869352913e-01 6.125813754940393485e-01 6.191567542530941326e-01 6.125192146127951265e-01 6.251315584000946002e-01 6.234231960255507410e-01 6.185312578663952898e-01 6.227208402158920242e-01 6.206117499951947503e-01 6.275376955975171533e-01 6.252106534990247155e-01 6.242701484156721881e-01 6.231074895111138323e-01 6.250677957244181737e-01 6.156797459677562090e-01 6.181963963221311920e-01 6.241113186354436682e-01 6.281429700335885435e-01 6.268718513893563049e-01 6.226583720602575367e-01 6.238385350833893783e-01 6.273405971394732106e-01 6.241341657716242830e-01 6.128874889736233289e-01 6.210467518939589704e-01 6.218301668785097824e-01 6.194124030822075744e-01 6.248116994226847742e-01 6.230556803239433172e-01 6.203583101801543043e-01 6.218412465154196100e-01 6.237984645105982828e-01 6.171779294830512796e-01 6.152638813253826777e-01
4.166499826221045297e-03 1.625697729945100312e-01 3.576154457197902037e-01 5.938803602230326995e-01 4.141882722813967077e-01 5.505466455470819920e-01 1.000000000000000000e+00 7.066035231797332949e-01 7.076585913157633634e-01 6.582473638998719290e-01 7.645543631205140578e-01 8.003365233833996673e-01 7.245069871230989111e-01 7.394586332797170591e-01 8.398130847866440707e-01 8.058825948418083529e-01 7.109467196522699650e-01 6.739573471863465892e-01 7.131977108542579824e-01 6.680276078803352169e-01 6.881604697195461418e-01 7.304734448767967736e-01 7.388297859472553464e-01 6.776920134964891096e-01 6.794611406586933411e-01 7.917389754402391899e-01 7.755659400219370170e-01 8.056205441833286240e-01 7.936577354057408051e-01 7.835445164560062015e-01 8.093736977262503407e-01 8.025678440185416429e-01 7.815209749607961998e-01 7.936738454338994053e-01 7.595292529250713409e-01 7.601525389610165329e-01 7.972643183558176805e-01 8.066623157943518807e-01 8.247636980213270963e-01 8.144277001392001836e-01 8.150879419043615126e-01 8.230511889265718084e-01 8.197019789683505087e-01 8.237936832430771128e-01 8.164824784634308052e-01 8.221419914580994082e-01 8.121264034749982041e-01 8.124445534810914582e-01 8.073889682960450065e-01 7.849379542825065670e-01 8.093379791815671354e-01 7.791904424138041962e-01 8.025665521957259241e-01 8.032274153176138798e-01 7.899002297238271186e-01 8.259120769821205466e-01 7.742980906303655875e-01 8.122026070223188343e-01 7.974075856783209293e-01 7.960561976889724001e-01 8.039659880725006369e-01 7.960777006556583046e-01 7.760785292937434354e-01 7.997599851230792201e-01 7.857887408673851493e-01 7.916001278596110913e-01 8.191290745073578350e-01 8.171791656053107866e-01 8.229235187339798419e-01 8.153335608730879480e-01 8.112364950741793868e-01 8.152323495756894634e-01 8.098589105727839188e-01 8.021897241245059540e-01 8.191707316922177684e-01 8.226467410288591520e-01 8.275860854070437034e-01 8.186193590039321233e-01 8.244971618738236030e-01 8.179725892733800130e-01 8.263202428455195259e-01 8.227930470627113912e-01 8.297992281305817119e-01 8.235209801733077706e-01 8.311484431400738560e-01 8.247920735909360923e-01 8.336988815458865609e-01 8.343898164166803078e-01 8.314748642597882267e-01 8.330223346783006688e-01 8.361868690251131886e-01 8.335802717810764095e-01 8.283495436566947756e-01 8.309812559779973240e-01 8.200284495997082201e-01 8.218909861964931451e-01 8.207720584154162280e-01 8.112513640950217431e-01 8.244109838513603572e-01 8.380411692643843224e-01 8.392669762227665808e-01 8.209236302020982423e-01 8.195338795920791286e-01 8.286427839500200010e-01 8.230949290436502253e-01 8.059296897764267609e-01 8.179614588585293333e-01 8.200885768536617659e-01 8.199417415838968770e-01 8.223304852659634179e-01 8.232069176008057765e-01 8.149954032636258505e-01 8.196604936268916397e-01 8.221465314672024016e-01 8.072614674844651450e-01 8.052497332050464474e-01
-1.842455152726048609e-03 1.353705633222612170e-01 3.380058153070295557e-01 5.420051525202383980e-01 4.369705044943087979e-01 5.312260922733282875e-01 7.066035231797332949e-01 1.000000000000000000e+00 6.801324928305698680e-01 6.274482902006859319e-01 7.226670844011018335e-01 7.656249677302137124e-01 7.098538396257203509e-01 7.211343866719748252e-01 7.861738287244127710e-01 7.874844930471109894e-01 6.670057087986263067e-01 6.522423248241390192e-01 6.679384079579860911e-01 6.468664417462433036e-01 6.504856868299189188e-01 6.986762492753065823e-01 6.865629923218239394e-01 6.379888474335856374e-01 6.466654704682660570e-01 7.519531629567288711e-01 7.359626568378041522e-01 7.386288317362913469e-01 7.581786492139115374e-01 7.482800855559199604e-01 7.678424676201497379e-01 7.615292106617889134e-01 7.147043748824272180e-01 7.392014961215290780e-01 7.132639677126273448e-01 7.063755939867399913e-01 7.375448555039264553e-01 7.652299610127820673e-01 7.753666861288592838e-01 7.510249558011897753e-01 7.705006286633261370e-01 7.766771872344965244e-01 7.806705555200477153e-01 7.888148965868077012e-01 7.728908112809855790e-01 7.799269783407247747e-01 7.783815312160656807e-01 7.822076292284776411e-01 7.804777541895381310e-01 7.544369122421814566e-01 7.765279781664619074e-01 7.512694479624506538e-01 7.738746837405968693e-01 7.741827783341579394e-01 7.700914132812044510e-01 7.824120306929984725e-01 7.580967621968875969e-01 7.836885686117918137e-01 7.695490199780573581e-01 7.730347344041581525e-01 7.808226303391520018e-01 7.739356676559941972e-01 7.627545999027427470e-01 7.761470514556144673e-01 7.626466658013361100e-01 7.681562125313309286e-01 7.844028946974404004e-01 7.810539846115758245e-01 7.864024418318269483e-01 7.812394456378094487e-01 7.785541784165280754e-01 7.834427127917572564e-01 7.699722294997333183e-01 7.660048615230781177e-01 7.829954631987331437e-01 7.830375357713327267e-01 7.810383606755366692e-01 7.878117007765512714e-01 7.871614232242916120e-01 7.867014479294158757e-01 7.823939386838009158e-01 7.879187527151878534e-01 7.899583030551682317e-01 7.784334199875877491e-01 7.906157180182673549e-01 7.859642206494121819e-01 7.871224290542659929e-01 7.951355080283988297e-01 7.926332893320475748e-01 7.956768224486089336e-01 7.814912369962551120e-01 7.923155543066455753e-01 7.896203486390351856e-01 7.938453082525995796e-01 7.887484060411639186e-01 7.902269052173199748e-01 7.933381901107364742e-01 7.846046836191676865e-01 7.930468490052251518e-01 7.960691400175715637e-01 8.028331092293551352e-01 7.938979774441723425e-01 7.862939935182569062e-01 7.978884308958086313e-01 7.908637740717752163e-01 7.841486427780545165e-01 7.887241178468592517e-01 7.895691811991577547e-01 7.922120871779733120e-01 7.904441717096415410e-01 7.941615711920257947e-01 7.871186015082167753e-01 7.910213117680902073e-01 7.942174023828255658e-01 7.764742583576499380e-01 7.799292989822481648e-01
9.148135034084380057e-02 1.491840083421321350e-01 3.470571581965202212e-01 5.654724844325798028e-01 4.152554999016114246e-01 5.421842933449390056e-01 7.076585913157633634e-01 6.801324928305698680e-01 1.000000000000000000e+00 7.260494058921690419e-01 7.982749849344344950e-01 8.357884964898419922e-01 7.601609138254721287e-01 7.904331916495176413e-01 8.448758772458782040e-01 8.309094780524080015e-01 7.963685174093292352e-01 7.252232580498674253e-01 7.600279613196294637e-01 6.726150254362104342e-01 7.374555550001170579e-01 7.778835110367804395e-01 7.539815280411330534e-01 6.899042468051809207e-01 7.138658134631008512e-01 8.482062841870953163e-01 8.372382905978629219e-01 8.174822067942421056e-01 8.435997083134543217e-01 8.523337990844760403e-01 8.694541290475611417e-01 8.238457080722536574e-01 7.533582334053664509e-01 7.962028648960305377e-01 7.916657959321120597e-01 7.533711427257314686e-01 8.199723885948927427e-01 8.209984650942679929e-01 8.458671995966253743e-01 7.809701285669643500e-01 8.595221050856048928e-01 8.448269157248660122e-01 8.246792913730212060e-01 8.668380650189440040e-01 8.440457384821175024e-01 8.506921493838448534e-01 8.748921433474278198e-01 8.813034729829841707e-01 8.713270006167085358e-01 8.355166570193122144e-01 8.573542161982112830e-01 8.411737898683963044e-01 8.654550961625491201e-01 8.837614305359889899e-01 8.638980714656365745e-01 8.563020215474504981e-01 8.706707010136320868e-01 8.654538248279879387e-01 8.633341656873020353e-01 8.874892599330271858e-01 8.747104747024431193e-01 8.708875612796954657e-01 8.592920037774478548e-01 8.746348417296920807e-01 8.799061025108643186e-01 8.859386918514067233e-01 8.784052794459639157e-01 8.668699225845960532e-01 8.619103521944131430e-01 8.601373101578611013e-01 8.637152934867572407e-01 8.714563980567977541e-01 8.425666287964719281e-01 8.500772302559865823e-01 8.776287866487190170e-01 8.759878140753506459e-01 8.605419251341084319e-01 8.766015924042052099e-01 8.693175020767974770e-01 8.803876114003341691e-01 8.670143946268902280e-01 8.805454782556780824e-01 8.717106639340332919e-01 8.583989961472763275e-01 8.524309169183245105e-01 8.587460452378653519e-01 8.617314817163908014e-01 8.636596741263075083e-01 8.673725137437063859e-01 8.661013439854449159e-01 8.429788342032503712e-01 8.691600553492861980e-01 8.709079379607140847e-01 8.700512366546387932e-01 8.802192382831125483e-01 8.804778330279191545e-01 8.555073393762625544e-01 8.731542142703870857e-01 8.736186166674764220e-01 8.610969640459589236e-01 8.588194713642283151e-01 8.739822740898191000e-01 8.772453913361546451e-01 8.738020307402640796e-01 8.764381029305789994e-01 8.791910888193245066e-01 8.814582054538404599e-01 8.812256602398828020e-01 8.770946954429464926e-01 8.800424474795941476e-01 8.722177636086533292e-01 8.860959056407949896e-01 8.760303146961893050e-01 8.805325470626065298e-01 8.858894400752931331e-01 8.862021860809439211e-01
4.357207489282824420e-02 1.800701127195097062e-01 3.326425796547767266e-01 5.329835599218762932e-01 3.765513581337031623e-01 5.044857664749644588e-01 6.582473638998719290e-01 6.274482902006859319e-01 7.260494058921690419e-01 1.000000000000000000e+00 7.331811493426251269e-01 7.684422978388898429e-01 6.887847180281460036e-01 7.192752338672875334e-01 7.762093069583179128e-01 7.615583775641699971e-01 7.238228611306982696e-01 6.695137022814586780e-01 6.837628481782197509e-01 6.282580416621231789e-01 6.956735237650500947e-01 7.166585867188035586e-01 6.905420022529064061e-01 6.361957601418749553e-01 6.498876339561404647e-01 7.782600952974635389e-01 7.723681164638818153e-01 7.560554898577110938e-01 7.695768036736264639e-01 7.805933154092222770e-01 8.001688332253308333e-01 7.759596696420363315e-01 7.087123391424230423e-01 7.504739851655155558e-01 7.346955574557284541e-01 7.174080134771877448e-01 7.681239162293891365e-01 7.788227567954469910e-01 7.863881288927011548e-01 7.507194859059843628e-01 7.955828502362091159e-01 7.907507299652775101e-01 7.645018508732767115e-01 7.982763553814807844e-01 7.822161656770033611e-01 7.848142346059283625e-01 8.028797586551420506e-01 8.079721583633763249e-01 8.002174780778956720e-01 7.756696258272955946e-01 7.938742695533962390e-01 7.612688655287165318e-01 7.886940311386062552e-01 8.093614223404821395e-01 7.938368464994886020e-01 8.014820267292875888e-01 7.953329051751208967e-01 7.948701482237287008e-01 7.975556435466359950e-01 7.992557000892115404e-01 7.935178963587968815e-01 7.993991203923491717e-01 7.850092228701714969e-01 8.022275118863988475e-01 7.963122625985699088e-01 8.023776484588140967e-01 8.073775710660738847e-01 7.925519486216264786e-01 7.926713121988916422e-01 7.913108069769532182e-01 7.957717620936856084e-01 7.981716639644652611e-01 7.753580720523709502e-01 7.761742091816264955e-01 8.079953618581864339e-01 8.024775365890194356e-01 7.896227190905377169e-01 8.022013403945073007e-01 8.020880297683626869e-01 8.042834082140762897e-01 8.010304837590116467e-01 8.087548402858797392e-01 8.054016940471023789e-01 7.896961382594384071e-01 7.927840625545918840e-01 7.902852705560354796e-01 8.019235239141321303e-01 8.003779349277536648e-01 8.003004332405284638e-01 8.042790571024250879e-01 7.871477629563056189e-01 8.035954416174970749e-01 8.019609985960929333e-01 8.013649318418033518e-01 8.062182309578125317e-01 8.075167015181964336e-01 7.944801954388875931e-01 8.002392211553439605e-01 8.011591964090589713e-01 8.013045558006457458e-01 7.962456884809621105e-01 8.034451930165052991e-01 8.009493863683384562e-01 8.010811300019020642e-01 8.044554399686199009e-01 8.075006914628797272e-01 8.112899818216572356e-01 8.087918523869183085e-01 8.093210197689446606e-01 8.084246327150902411e-01 8.072784407965167830e-01 8.090448598843427153e-01 8.063231228474866397e-01 8.084176811256316153e-01 8.056061297981168545e-01 8.061169505405449964e-01
2.137491746447744284e-02 1.399580988406564364e-01 3.662513186653695851e-01 5.912376076208092357e-01 4.371444928147749653e-01 5.759065435608669015e-01 7.645543631205140578e-01 7.226670844011018335e-01 7.982749849344344950e-01 7.331811493426251269e-01 1.000000000000000000e+00 8.727488789783262035e-01 7.805315033384692125e-01 8.139097386818295865e-01 8.790853885956384506e-01 8.601427957244784928e-01 7.866643801929739110e-01 7.531788085945879674e-01 7.886521400953649952e-01 7.097611375336515538e-01 7.655551673498289800e-01 8.126946611205342341e-01 7.929756597701080878e-01 7.303116553946822354e-01 7.515324578921291909e-01 8.674644469283445680e-01 8.594935590436620920e-01 8.624488613445039364e-01 8.664503582046110264e-01 8.655697127073262997e-01 8.981468188281410692e-01 8.547137503178283691e-01 8.187789811317804922e-01 8.436635272008380371e-01 8.218295580691713509e-01 8.004574108098422291e-01 8.663947179994325731e-01 8.668011085278678474e-01 8.848017223653755758e-01 8.534391679112629525e-01 8.915637708759027724e-01 8.876014659732377465e-01 8.687537370228319844e-01 8.964672579688545140e-01 8.850215604203228725e-01 8.877818854642256508e-01 8.976909712658294183e-01 8.976470149888955419e-01 8.880882853917144715e-01 8.602704377991100548e-01 8.842259957254471336e-01 8.619551726115681767e-01 8.847570696604518670e-01 8.917881557610883858e-01 8.824693402386009078e-01 8.946071069984571356e-01 8.716037142075560018e-01 8.922526220951993992e-01 8.870146540173079464e-01 8.871539618695672980e-01 8.937710067642433698e-01 8.859655951306328880e-01 8.712667036799344178e-01 8.857269609608463545e-01 8.830306571608584898e-01 8.851962325165256829e-01 8.994659844540328075e-01 8.941061666709496647e-01 8.899376864500416762e-01 8.903050381945116776e-01 8.931969418833266561e-01 8.986038201390212921e-01 8.784964423916969967e-01 8.813512345917634550e-01 9.016704888921238670e-01 9.029419223157602037e-01 9.002830041897619262e-01 8.988122727400780221e-01 8.974698933514040355e-01 9.011871825985471318e-01 9.013209645459946406e-01 9.040059781536807781e-01 8.984103107869263471e-01 8.917938102783506960e-01 8.915770527867111772e-01 8.937567145843183791e-01 8.992925012200123636e-01 9.010768363518052437e-01 9.023596758815292107e-01 9.017976218827306045e-01 8.943153110997511535e-01 9.041487932977010367e-01 9.027424472574889780e-01 9.052120591384485992e-01 9.029410303795447623e-01 9.036441402255253053e-01 8.844850936912871386e-01 8.898979910551924055e-01 8.986865542637998416e-01 8.973374125370802146e-01 8.992561782063348552e-01 8.954071846273135016e-01 9.014555359485364461e-01 9.027720171633095703e-01 9.012703687512908513e-01 8.877302298525927560e-01 8.990914398710162514e-01 9.018251810931195989e-01 9.009395114689963124e-01 9.020332482425771348e-01 8.981239392478023165e-01 8.987996694195850012e-01 8.983165885238819648e-01 9.003600853552425898e-01 8.973343466225905951e-01 8.951505545264256680e-01
1.082726492425807943e-02 1.609739191180604156e-01 3.952609348047032012e-01 6.364671674531106049e-01 4.697163623236605967e-01 6.024443897672915327e-01 8.003365233833996673e-01 7.656249677302137124e-01 8.357884964898419922e-01 7.684422978388898429e-01 8.727488789783262035e-01 1.000000000000000000e+00 8.153126188607863201e-01 8.535885001610218348e-01 9.278920747392302992e-01 9.105827158851746983e-01 8.253263753822047688e-01 7.801347929770178213e-01 8.165813604403278081e-01 7.470894891501468349e-01 7.999044614649930551e-01 8.496873247329811418e-01 8.184881726213514286e-01 7.514677551445286818e-01 7.788840380106015759e-01 9.088116170362922075e-01 9.048776299059668737e-01 8.999882714127431793e-01 9.053171187463134872e-01 9.022971477610663982e-01 9.285965151334778511e-01 8.990349496371234927e-01 8.527189601439778555e-01 8.835417183372699101e-01 8.610166021844030126e-01 8.378146100617900327e-01 8.981549300856462859e-01 9.107530509905317206e-01 9.294801255933659023e-01 8.923297579262723378e-01 9.324775929492812310e-01 9.297659591524328748e-01 9.119002896392345292e-01 9.407978033407686791e-01 9.237188412203232168e-01 9.291670556327477071e-01 9.399583728301122987e-01 9.425703261555326007e-01 9.349692342789779342e-01 9.057558212233662864e-01 9.293408573582315757e-01 9.060714181423346059e-01 9.277587408654000001e-01 9.363795230997646879e-01 9.261386730868731432e-01 9.348526390859293045e-01 9.146378838952878843e-01 9.373388322341882350e-01 9.294022791943367112e-01 9.336053674513237199e-01 9.372000749979704226e-01 9.308259600024639813e-01 9.174812150896785035e-01 9.289268678287269099e-01 9.282064977028279262e-01 9.319264350355870308e-01 9.442416433337681436e-01 9.363836912122261991e-01 9.323529658765362660e-01 9.325655005536374054e-01 9.362467965732150788e-01 9.415733699183085337e-01 9.168856972381544956e-01 9.188624001413432385e-01 9.447124722768854843e-01 9.442919714146396082e-01 9.389661315461007574e-01 9.438955170977789688e-01 9.395514390207313493e-01 9.421892675637661974e-01 9.429314102519028573e-01 9.458496359110495355e-01 9.417935963036450087e-01 9.334822746931090709e-01 9.353892864004931251e-01 9.367565639171729908e-01 9.429644641814129979e-01 9.428247734771173505e-01 9.463912175926472159e-01 9.430734294120214356e-01 9.326149773779218721e-01 9.476138937790583583e-01 9.456546266030798620e-01 9.474131960293774579e-01 9.468237667476612218e-01 9.477664390695151875e-01 9.295255019962028742e-01 9.352633150116654859e-01 9.436107590733704420e-01 9.420131050845816922e-01 9.428105860407464123e-01 9.417105555520280946e-01 9.452291011869121684e-01 9.483061490004580651e-01 9.466653832050277995e-01 9.322153652550404512e-01 9.435495287236622675e-01 9.460328304479809214e-01 9.446084832733042669e-01 9.465248383719854219e-01 9.433308802252010627e-01 9.445084556310082702e-01 9.428479020388768062e-01 9.456182745661304567e-01 9.416328309664466767e-01 9.406370024923489392e-01
-6.487725233546957557e-03 1.137128337657588723e-01 3.379142299114187287e-01 5.600725340736841806e-01 4.821726794193274546e-01 5.408131258381311257e-01 7.245069871230989111e-01 7.098538396257203509e-01 7.601609138254721287e-01 6.887847180281460036e-01 7.805315033384692125e-01 8.153126188607863201e-01 1.000000000000000000e+00 7.662872409727731204e-01 8.366466902817508711e-01 8.353513559563151558e-01 7.223828059778899524e-01 6.971497854123670512e-01 7.360630025303110946e-01 6.857545603732049244e-01 7.040839108783694122e-01 7.476057511522627985e-01 7.375027744985056533e-01 6.929793852193584236e-01 7.042539913861324274e-01 8.167682827617285257e-01 8.008912363208858798e-01 7.907467871706755913e-01 8.074597786975015179e-01 8.227298954794787234e-01 8.420206821999473012e-01 8.068866085170981473e-01 7.558089731342580997e-01 7.862732635567984962e-01 7.780629126689359021e-01 7.213526954061526553e-01 7.977319581846366026e-01 7.985981849021246415e-01 8.279006683801631850e-01 7.748993112298736552e-01 8.340429810456425619e-01 8.275924971171670919e-01 8.253686076788787629e-01 8.471511673043262691e-01 8.274523684559794701e-01 8.355931764065721579e-01 8.500258609298433354e-01 8.498109134622423566e-01 8.344443483959074204e-01 7.994290389702826127e-01 8.262189803874293581e-01 8.007171551086701422e-01 8.402642436591115649e-01 8.453508008366935611e-01 8.359130376765887549e-01 8.308053501293766185e-01 8.222557320850772955e-01 8.465182249395825087e-01 8.342761170423762529e-01 8.557931653191751531e-01 8.521144249999490494e-01 8.452590239645567660e-01 8.304421215392669975e-01 8.394941145007029926e-01 8.294770250155254487e-01 8.404823366470627333e-01 8.488859442253625653e-01 8.497823269800974799e-01 8.475808741635459942e-01 8.492788405151200370e-01 8.414632148647079868e-01 8.448009663116977652e-01 8.351797404722171025e-01 8.317717582273165267e-01 8.527709396818330401e-01 8.477124123943645673e-01 8.428524483631778530e-01 8.469371307383698477e-01 8.474550595573676626e-01 8.540047442350106044e-01 8.468612853885324476e-01 8.539511734140848853e-01 8.411270921377443921e-01 8.438227429638058830e-01 8.364023111312117731e-01 8.445080417803213502e-01 8.422044161490113146e-01 8.473313399515887134e-01 8.523151714632446474e-01 8.448022817422040642e-01 8.301177909792371024e-01 8.514178746508366258e-01 8.491488588537932092e-01 8.532549551535623111e-01 8.550990571049290612e-01 8.561731794904631210e-01 8.306242942845269983e-01 8.357007369195519342e-01 8.505218519340473904e-01 8.424853729032656391e-01 8.483192954308118594e-01 8.443088111852011801e-01 8.530629707065764400e-01 8.569896851101445057e-01 8.438279110666954130e-01 8.404798854703948718e-01 8.486676928869444358e-01 8.534077318149645430e-01 8.517551213145119204e-01 8.549026633817562448e-01 8.490254619192033614e-01 8.573665431875308052e-01 8.533690922726018258e-01 8.523591540942544453e-01 8.412123532141948523e-01 8.484869394419907174e-01
