1.000000000000000000e+00 4.789843782876102019e-02 3.772472459828707381e-02 7.917297346951170101e-02 4.061808072068884279e-02 1.087336711477097234e-02 4.361878944280726117e-02 3.704653401317439809e-02 1.624159576063161914e-01 4.915385491441846832e-02 2.107273831546966833e-02 2.765436061618314553e-02 3.305557491032822676e-02 1.773756978441120430e-02 1.791491534492514401e-02 2.884563568124824326e-02 1.016950936120089022e-01 -1.972878333756945476e-02 -2.767096664297976835e-02 3.262415023705320105e-02 7.653695607140044259e-03 -7.311962276205777843e-03 -1.783447156715841156e-02 -7.016702149909145869e-02 -6.121148208671172569e-02 2.531495980782742100e-02 1.740915353856707301e-02 -3.089249342213945190e-02 2.469867655862213740e-02 3.023287508244977898e-02 1.512010236909474073e-02 1.810546311576534655e-03 -5.300776412267886595e-02 -1.323871254974655007e-02 -1.969785707763507462e-02 8.351232060848281374e-03 -1.604136578338991384e-02 -2.449999642494805896e-02 -3.487960358758026777e-03 -6.523520994431218634e-02 -5.003601110926185654e-03 -2.257394912689459146e-02 -2.897793850925244399e-02 -1.090022108406504212e-03 -1.436581044068679577e-02 -7.128137416635454103e-03 1.524599016624584961e-02 1.038523517858609344e-02 2.302550674259300906e-02 4.482228985692946616e-02 1.906701833577438207e-02 5.534810097512429805e-02 4.588462727224341953e-02 4.464111924869571674e-02 2.067280174472812398e-02 -1.085692845321961121e-02 8.527248071435333809e-02 1.915516204608452844e-02 1.528589797664355564e-02 5.264933919742325469e-02 3.809299485768526811e-02 3.352876911998314835e-02 3.349884635976754788e-02 5.023176114338843284e-02 5.847510075711044586e-02 6.473783698784058016e-02 2.105072334195655717e-02 -7.943247541172777232e-03 -7.396890593007787555e-03 2.633599517273307877e-03 -8.145501129560365344e-03 -6.579140950007071956e-03 -2.944907974750161223e-02 -3.350977632815110158e-02 8.441652138471901490e-03 7.051819754976232542e-04 -1.190485946416246395e-02 9.688555187362767399e-03 -9.874836514872996351e-03 8.207670667993003169e-03 7.301165795115759777e-03 6.900985367180111074e-03 7.678431829564499878e-03 -1.367597711132267045e-02 -1.949623948308546600e-02 -8.201889703800167852e-03 -1.125253964253228670e-02 -1.163111978058286970e-02 -9.037359711675052240e-03 -5.799900523209339763e-03 -3.280357614537283972e-02 -9.245555800872171451e-03 -4.508377187063520100e-03 -1.110490770767185234e-02 7.657831531264682780e-03 8.641401570608202992e-03 -4.811889832329560926e-03 6.891642622299735954e-02 1.585109603267385175e-02 -3.477518146156069641e-03 -1.434455144962433308e-02 2.540198784685721023e-02 2.373306203113616231e-02 1.692061896909303467e-03 2.792155906644818580e-02 4.827632554794979158e-02 2.156589116178224061e-02 1.072378497379292139e-02 8.869951967583306063e-03 1.934197910638165221e-02 1.958464007900389148e-03 2.567558631373149242e-02 2.053641371950287037e-02 3.300640983565631542e-02 3.596855904501058271e-02 4.412789160715639009e-02
4.789843782876102019e-02 1.000000000000000000e+00 7.850624553624008239e-02 1.132030128764740240e-01 5.740751521958160214e-02 9.140595109554863762e-02 1.366139482018950413e-01 1.065943932987195586e-01 1.544117755440280459e-01 1.732272337937856843e-01 1.420808576833294534e-01 1.457690449266124399e-01 1.338076000245164987e-01 1.004289614514726342e-01 1.473781361814371915e-01 1.466022966995711718e-01 1.505017992849264075e-01 1.255606110225441496e-01 1.245380108099946176e-01 1.042296177066105445e-01 1.312064517140491271e-01 1.337976853905386843e-01 1.387252701150707979e-01 1.070078661437940531e-01 1.142160863061788822e-01 1.531412834898348563e-01 1.482752647991588124e-01 1.501942834687926276e-01 1.395480181462041835e-01 1.577282823774617537e-01 1.547034766590380528e-01 1.584275995722852493e-01 1.496263648497224985e-01 1.424352418194449466e-01 1.385906013584212726e-01 1.336692798741702104e-01 1.410287943919809606e-01 1.495403413015648775e-01 1.458800596871306643e-01 1.373635544791462215e-01 1.515663421632836017e-01 1.425623064119544980e-01 1.326624191439697287e-01 1.422996967245527822e-01 1.468300690914205453e-01 1.439473286704993082e-01 1.539628603883000102e-01 1.546390073420156053e-01 1.597009830438182731e-01 1.532567619374941015e-01 1.545987822340083584e-01 1.406286439994115789e-01 1.471863152810914122e-01 1.606516596423830934e-01 1.580808309394534095e-01 1.538713077074480851e-01 1.594258928697137034e-01 1.446313695180075076e-01 1.563158388645981556e-01 1.552775807813791820e-01 1.542552754078486132e-01 1.562182806429222859e-01 1.580558866877200541e-01 1.573650942412454512e-01 1.569074152036212533e-01 1.589210090121309926e-01 1.543140560003246620e-01 1.461332723944276935e-01 1.492280483324479323e-01 1.439106076322085037e-01 1.422830518765062779e-01 1.448575830198964576e-01 1.366462718356038220e-01 1.330936427210947515e-01 1.541335066151209299e-01 1.521077187845522316e-01 1.505767065132486981e-01 1.532893065793512200e-01 1.561629739644232462e-01 1.530023108774264118e-01 1.471262223030898320e-01 1.538192185955206126e-01 1.499247042049792200e-01 1.467800696556737228e-01 1.461076775106843473e-01 1.478976986483115652e-01 1.410203190681348084e-01 1.512645108414087114e-01 1.475627464833101921e-01 1.518177592613096094e-01 1.440735285930445364e-01 1.487929171152004570e-01 1.455829941610209954e-01 1.488969927570688023e-01 1.532940143049617010e-01 1.537325260516392844e-01 1.408617511795930699e-01 1.570717945939437421e-01 1.497787216719026759e-01 1.494423837764381757e-01 1.393911018565600346e-01 1.474378945954843700e-01 1.473509553856142129e-01 1.453616797800421634e-01 1.461855939354480272e-01 1.493233522036637451e-01 1.566410027183118281e-01 1.541524868637879353e-01 1.512936838762379277e-01 1.504990976455803930e-01 1.527641576659986566e-01 1.504818341382915814e-01 1.537011007972119980e-01 1.508061535345791848e-01 1.528233979900819328e-01 1.520976167952608760e-01
3.772472459828707381e-02 7.850624553624008239e-02 1.000000000000000000e+00 3.087151157259696022e-01 1.958634152111196347e-01 2.568413307182431660e-01 3.426847167569722630e-01 3.204425019315995660e-01 3.429343066724117595e-01 3.305226148973726130e-01 3.414930394109324530e-01 3.724017666290067585e-01 3.478611299876019913e-01 3.123408421342176999e-01 3.829137782091805442e-01 3.591078261130938865e-01 3.736870086478207842e-01 3.452318625386842643e-01 3.592743608957423840e-01 3.262250287794181691e-01 3.602492951710983826e-01 3.666231604597888216e-01 3.723956872954723996e-01 3.515357288512057643e-01 3.640457996714349109e-01 3.914222944332264031e-01 3.769526507482980904e-01 3.777512244605866210e-01 3.454960112194230271e-01 3.801786935957176539e-01 3.886298092281848526e-01 3.926583701139552685e-01 3.681631840585478099e-01 3.818234382954441286e-01 3.778900252261905846e-01 3.950024993378525306e-01 3.869789714705952344e-01 3.853616467047736305e-01 3.914907871543969464e-01 3.964951166884264078e-01 3.855878510528888414e-01 3.902510824057981442e-01 3.949536532959693758e-01 3.917581758065835085e-01 4.050118255215416352e-01 3.862696003979932957e-01 3.826664416342153707e-01 3.939321002959710327e-01 3.861006359214100847e-01 3.820116864014400093e-01 3.970655703628182542e-01 3.936221806769197307e-01 3.906845455147480162e-01 3.838365223606988730e-01 3.823232557730732450e-01 3.996410311234945278e-01 3.864710609084922588e-01 3.864176402101039964e-01 3.900027255754983657e-01 3.896300259933416221e-01 3.874422637495184008e-01 3.886483953937370783e-01 3.846886892643566758e-01 3.808590887336390507e-01 3.912612198819184206e-01 3.888399179094237379e-01 3.919227713410923242e-01 3.932556359933042645e-01 3.970056699228297070e-01 4.060408884501410243e-01 3.935376678573537790e-01 3.949672059911445987e-01 3.947777506997547925e-01 3.927992616857057251e-01 3.905600574492442689e-01 3.891376644414712427e-01 3.906090916199952412e-01 3.842170593969651549e-01 3.864579541763150106e-01 3.893397917829824473e-01 3.941180431147001118e-01 3.917592806248040294e-01 4.014343562100829987e-01 3.944029685938102436e-01 3.969063683051451963e-01 3.994200093699351028e-01 3.994634421856940176e-01 3.960201831650743687e-01 3.927000515883266596e-01 3.926707657962561493e-01 3.970567900726276744e-01 3.936875123913641805e-01 3.940569470580110867e-01 3.902830207690923814e-01 3.871018473959545458e-01 3.913214471598752686e-01 3.965052331101180383e-01 3.861163252425638959e-01 3.901254911334757769e-01 3.955106057312800516e-01 3.986439131329607699e-01 3.906121997783312261e-01 3.884696461393885025e-01 3.914635812785429714e-01 3.985390093577092507e-01 3.885871225807376872e-01 3.931506497493265084e-01 3.915822390514946405e-01 3.931205856860742753e-01 3.903591505437942755e-01 3.935986673044599704e-01 3.919774067110990967e-01 3.933313200557397860e-01 3.906112254228789049e-01 3.906130847823761632e-01 3.905398389155367855e-01
7.917297346951170101e-02 1.132030128764740240e-01 3.087151157259696022e-01 1.000000000000000000e+00 3.002289079611329958e-01 3.588983186551292781e-01 5.467024152669800463e-01 5.059693529540979506e-01 5.494790832833092997e-01 5.127857749961418632e-01 5.698390066132356102e-01 5.963643134551087632e-01 5.437815151047935558e-01 4.564780864728360532e-01 6.083734718307652889e-01 5.842496952438258617e-01 5.824892309001034052e-01 5.487393718660232844e-01 5.723215470144137340e-01 5.038994853626876935e-01 5.732182075568413859e-01 5.954728899048122859e-01 5.566945030682927120e-01 5.239665426272571702e-01 5.710221830335235893e-01 6.160188305520105656e-01 5.938212635523363314e-01 6.067912797360839328e-01 5.892967646969164974e-01 6.150018923814978278e-01 6.185169685809933648e-01 6.172571390333301267e-01 5.828968235685468846e-01 6.004831872244367208e-01 6.053083793937694690e-01 6.154561017058037820e-01 6.063883608151835469e-01 6.091690753805099057e-01 6.191278821252723663e-01 5.923233008206088002e-01 6.129165394430702296e-01 6.153748372072683770e-01 6.112646161621770879e-01 6.251730043030273576e-01 6.185459355915752244e-01 6.153695980906339624e-01 6.131186460941431271e-01 6.183884324676928168e-01 6.133280357358747992e-01 6.131966721909326568e-01 6.213697597118617022e-01 6.203024082854474708e-01 6.197716172354744701e-01 6.154195542561432530e-01 5.982752766795110810e-01 6.162596560092009623e-01 6.152231823967889701e-01 6.134509923113510288e-01 6.082985426533785711e-01 6.244287649235823467e-01 6.156016132975055122e-01 6.109016765591250842e-01 6.086638370274879417e-01 6.201557519279903286e-01 6.225212743313539576e-01 6.211579368166604276e-01 6.241919751308812048e-01 6.152922258765919361e-01 6.191444454076369119e-01 6.211328603144193883e-01 6.239937552945262755e-01 6.225649195071051301e-01 6.093094783433913308e-01 6.128862332295202942e-01 6.213894799557992954e-01 6.234949857615473823e-01 6.220197832358882462e-01 6.223957730783604703e-01 6.174819686387609252e-01 6.218068865342321061e-01 6.205356007787725670e-01 6.196402499245609041e-01 6.309847678720227337e-01 6.191726951137762613e-01 6.189342604122850533e-01 6.223896578625728315e-01 6.247170205187499992e-01 6.234020842668932527e-01 6.204321907264767066e-01 6.233939415237057524e-01 6.181474558934566543e-01 6.217613411842525251e-01 6.217344514384607335e-01 6.200255525859073025e-01 6.183711396997593202e-01 6.201536986405807861e-01 6.208257023005891995e-01 6.290326746505858768e-01 6.238860471412313036e-01 6.237894270857663459e-01 6.237939408688847331e-01 6.241169982691950890e-01 6.218598403448876155e-01 6.228293559508031318e-01 6.322715917984068623e-01 6.223802721944701188e-01 6.236304645687853476e-01 6.203308576903499016e-01 6.203040986348294927e-01 6.214055195098276974e-01 6.206310589817090051e-01 6.245031050529549210e-01 6.225770659399605389e-01 6.278315837736971883e-01 6.252210118116849902e-01 6.277999368366448119e-01
4.061808072068884279e-02 5.740751521958160214e-02 1.958634152111196347e-01 3.002289079611329958e-01 1.000000000000000000e+00 2.823356283458928750e-01 4.445538283954839631e-01 4.391653398481411563e-01 4.264723005434233882e-01 4.020857232889918365e-01 4.427742023589172904e-01 4.575660967847717253e-01 5.047561343657959165e-01 3.386891816986233872e-01 4.726754844322606508e-01 4.731579282414123955e-01 4.519328342041218916e-01 4.501694238568022532e-01 4.598429422436222103e-01 3.675629187920969598e-01 4.351199851759951498e-01 4.605780578335982312e-01 4.387120328866397911e-01 4.402015208688307979e-01 4.514751880947956431e-01 4.774877837742260156e-01 4.431185000713837030e-01 4.520602597554408408e-01 4.154246361958155997e-01 4.805067588092729602e-01 4.730122257168438149e-01 4.678429846248074453e-01 4.369428184418864825e-01 4.630147935947911964e-01 4.477364840808711333e-01 4.408188965011061722e-01 4.536550267930765656e-01 4.693766250980180299e-01 4.746501660803732481e-01 4.432985433303012202e-01 4.740472336791992647e-01 4.791005733408637002e-01 4.707285979931437048e-01 4.803905496282235288e-01 4.711662466652352665e-01 4.739124898698596766e-01 4.753351253997842307e-01 4.785859064617555281e-01 4.778214433120789306e-01 4.677368906301297979e-01 4.793684007201040598e-01 4.676179356373388885e-01 4.776138293178404104e-01 4.805175078766414920e-01 4.658146642155300277e-01 4.711882675777481211e-01 4.671207393670024910e-01 4.802157065584286011e-01 4.713904187470360219e-01 4.881509873566060587e-01 4.781836760724980651e-01 4.806249770337103766e-01 4.738662003222779417e-01 4.825390107506872805e-01 4.806098946097511204e-01 4.803664460204748465e-01 4.864757312663300359e-01 4.850044988791297196e-01 4.801220883997557864e-01 4.819552504905845747e-01 4.849198594955195785e-01 4.854866812927399189e-01 4.812744391771279773e-01 4.800839921052755255e-01 4.860823422197964594e-01 4.753621374652977072e-01 4.752552367883934870e-01 4.662210836549769422e-01 4.728593065709067456e-01 4.847778761971146544e-01 4.821188675662062550e-01 4.801254892060746737e-01 4.781869583637424759e-01 4.753850212420552279e-01 4.791711435812520681e-01 4.805081467548413809e-01 4.764151690296444808e-01 4.815411048061449262e-01 4.810083737708916729e-01 4.758028767716299123e-01 4.747609863154605425e-01 4.816016286446124228e-01 4.786843015231184162e-01 4.812631841091974949e-01 4.810999912527127997e-01 4.799362615727210124e-01 4.750789809832657862e-01 4.786036489877777966e-01 4.817303696139210167e-01 4.807911955229817180e-01 4.811920332644888387e-01 4.808215160193189397e-01 4.808115923298079686e-01 4.872123605696180859e-01 4.825145322840574957e-01 4.750846480663752369e-01 4.790970375331537467e-01 4.801807536599694282e-01 4.800911074670057288e-01 4.818905694831805420e-01 4.786618343719946100e-01 4.853645227704323495e-01 4.801149877637685415e-01 4.871244820538006559e-01 4.809819509058693154e-01 4.804839673178413206e-01
1.087336711477097234e-02 9.140595109554863762e-02 2.568413307182431660e-01 3.588983186551292781e-01 2.823356283458928750e-01 1.000000000000000000e+00 4.925946948268132286e-01 4.269059728694058475e-01 4.593372908355911610e-01 4.573338031426192885e-01 4.924825587612943756e-01 5.265802455672219384e-01 4.617594244791260460e-01 4.158557553296501341e-01 5.390063048449240668e-01 5.212655954385986279e-01 4.861358992294999015e-01 4.836090719780169467e-01 4.932200429073596570e-01 4.168058014984891702e-01 4.892334168158716801e-01 4.878503159456117899e-01 4.809163240370739612e-01 4.609627630182563940e-01 4.691185626357953220e-01 5.366683541890602260e-01 5.087939000426844327e-01 5.104739870129780810e-01 4.884915998344425137e-01 5.340330796729548801e-01 5.401584810826436378e-01 5.375013259287637624e-01 5.148972504226342339e-01 5.272268825129263758e-01 5.209455017330023585e-01 5.076104454358637552e-01 5.232943211115448356e-01 5.446316622988151002e-01 5.454616852065832244e-01 5.137358211842322220e-01 5.406041601188446011e-01 5.325507996336810157e-01 5.261503581479112235e-01 5.401974183214378611e-01 5.344808706661183795e-01 5.357361465831003144e-01 5.446121746442563749e-01 5.464066351657745901e-01 5.491393098748192925e-01 5.364340237047359183e-01 5.514985402558468808e-01 5.181392108754589998e-01 5.357412330051642968e-01 5.479857026131469411e-01 5.387797289560302127e-01 5.456105386036791405e-01 5.390845603775916706e-01 5.437105455681725541e-01 5.475222021912523607e-01 5.455659949637597927e-01 5.473007027885251619e-01 5.468214316767192607e-01 5.459597415775704343e-01 5.485982208525781445e-01 5.380311879216017612e-01 5.441901830814576124e-01 5.456729770694299653e-01 5.443406061866755685e-01 5.456190715818677317e-01 5.427109406813065418e-01 5.377327726610924286e-01 5.428032712493907619e-01 5.337258164678589933e-01 5.278318105584293152e-01 5.494148400420744149e-01 5.460622572423393661e-01 5.410017874932044890e-01 5.406469416148416141e-01 5.435153318759011754e-01 5.460018972304345741e-01 5.451267356220570459e-01 5.480802885397254576e-01 5.465997981649826087e-01 5.442235491373910161e-01 5.416195688039682210e-01 5.464537445094849177e-01 5.409444376921751507e-01 5.488556933226035328e-01 5.481024288964020386e-01 5.441994414652547851e-01 5.415311399800208925e-01 5.466764752036148423e-01 5.453221186418463207e-01 5.458025807418116493e-01 5.486439811170868985e-01 5.492426901416115337e-01 5.441433635478152286e-01 5.422483780902159767e-01 5.466645217776976429e-01 5.489263255749887715e-01 5.449295411452326210e-01 5.451677637860672387e-01 5.431562836942364081e-01 5.477668806227694587e-01 5.437612774182376540e-01 5.426601922102699538e-01 5.496958457796091713e-01 5.493700317167963254e-01 5.468232410304341151e-01 5.484026700237122354e-01 5.472533091766840219e-01 5.487551624212134715e-01 5.484281012777953990e-01 5.480074300928512443e-01 5.449082024870083307e-01 5.452797201212538081e-01
4.361878944280726117e-02 1.366139482018950413e-01 3.426847167569722630e-01 5.467024152669800463e-01 4.445538283954839631e-01 4.925946948268132286e-01 1.000000000000000000e+00 7.017194696219370975e-01 7.229317471276281992e-01 7.002921312253186370e-01 7.644188319885986127e-01 7.875254348929537906e-01 7.207887572584392721e-01 6.039681019635999570e-01 8.457951952743980595e-01 8.025224091923278680e-01 7.484391705679944717e-01 7.391228925921202730e-01 7.730816530340582915e-01 6.469636939055821712e-01 7.490258851970097442e-01 7.840700403967185705e-01 7.464348791834108932e-01 7.140009013212662570e-01 7.523571305816285637e-01 8.124055500009389474e-01 7.846933582107097349e-01 8.056089672724195960e-01 7.673317640119919902e-01 8.210053707267443990e-01 8.353273581557941752e-01 8.167148533848841430e-01 7.836510104854114145e-01 8.021968749128967069e-01 8.001920214481432758e-01 7.870691773922910972e-01 8.114596925163308772e-01 8.258761694362830585e-01 8.345755932789268305e-01 7.955919881801295501e-01 8.171244240722855823e-01 8.257672581393941114e-01 8.238109788249203813e-01 8.347139843935084125e-01 8.225299498087177419e-01 8.337222840399636237e-01 8.282466252622384673e-01 8.284754347016050069e-01 8.297075949174314013e-01 8.151313099518441296e-01 8.325325051937563225e-01 8.073707474278125629e-01 8.190436228254157625e-01 8.262411535747197222e-01 8.156190053484475566e-01 8.272717805586985440e-01 8.175769130525415429e-01 8.234650650582183706e-01 8.270704693290943377e-01 8.313815369140642453e-01 8.352663355390327338e-01 8.281920351816139947e-01 8.208776664177768190e-01 8.291280526730671063e-01 8.196289289058925620e-01 8.265221036032955881e-01 8.308623676162014693e-01 8.318059206592509636e-01 8.319822852554479287e-01 8.297847418150438026e-01 8.315462737507031132e-01 8.314566043127928907e-01 8.196598348989192484e-01 8.210196882757480052e-01 8.328378804333219643e-01 8.306565708945429227e-01 8.310177467070689605e-01 8.270349460122112806e-01 8.313461485406702378e-01 8.324133959994315379e-01 8.339538723913760832e-01 8.377235608582730420e-01 8.332939304580770923e-01 8.310090335321077548e-01 8.313067987062646713e-01 8.345346933588534410e-01 8.324803424347048120e-01 8.374508398085560579e-01 8.344822968349449033e-01 8.311345618762749909e-01 8.274820534569159447e-01 8.338282879022980154e-01 8.331309532553917707e-01 8.361834880918743718e-01 8.311505251259098115e-01 8.333132810639424237e-01 8.296117328554502013e-01 8.265678752391373285e-01 8.345217160051939809e-01 8.350591202751049824e-01 8.345387133891564169e-01 8.322362572319645935e-01 8.268046779991515827e-01 8.336111790094908880e-01 8.350292494695632506e-01 8.257750590954774372e-01 8.335201960699581969e-01 8.331476705708609209e-01 8.339443231422161151e-01 8.333308259968027487e-01 8.333675619034871529e-01 8.341068367810421380e-01 8.331458674092120376e-01 8.337155365028073861e-01 8.297929181214089844e-01 8.296496930278970394e-01
3.704653401317439809e-02 1.065943932987195586e-01 3.204425019315995660e-01 5.059693529540979506e-01 4.391653398481411563e-01 4.269059728694058475e-01 7.017194696219370975e-01 1.000000000000000000e+00 6.867714208316564317e-01 6.524862092527898838e-01 7.083904633709753318e-01 7.421650787668812033e-01 7.076601327138789532e-01 5.519615334274933227e-01 7.686408983277993601e-01 7.712712554735586812e-01 7.052400986248135162e-01 6.599033426216610598e-01 6.887221423397001940e-01 5.839236766410452750e-01 6.805488942923129114e-01 7.024945916147870006e-01 6.870021453002693734e-01 6.196777610207410136e-01 6.593610244958982847e-01 7.547752374430757305e-01 7.320692811004867462e-01 7.412803817261154338e-01 7.053721876322194273e-01 7.640750779653647795e-01 7.761535471402069009e-01 7.562406458475096072e-01 7.199317763142812909e-01 7.398644525321094179e-01 7.441806539479292049e-01 7.312179943776118130e-01 7.471568902207588181e-01 7.763715145396868911e-01 7.738416610682572472e-01 7.403597665380569071e-01 7.641466677654110695e-01 7.642899301249790334e-01 7.561550812865437399e-01 7.738670666879721161e-01 7.604416661646065112e-01 7.663381968240003950e-01 7.754102057094702793e-01 7.800431437837911375e-01 7.840950620965908557e-01 7.814475147380572917e-01 7.864365982802523636e-01 7.594175425322569062e-01 7.687642755751251666e-01 7.770518969273360055e-01 7.751761565494693640e-01 7.765816710577286841e-01 7.826254352203247944e-01 7.826069931181454109e-01 7.851648435133306014e-01 7.769945871720257413e-01 7.906178554460885355e-01 7.834634051926844256e-01 7.854970755744101751e-01 7.816312830924845301e-01 7.744080891497483465e-01 7.788486095672793041e-01 7.774214748051272439e-01 7.667159179568149296e-01 7.694929816958523405e-01 7.656348522871424533e-01 7.649949069216164244e-01 7.670974928378944124e-01 7.467172138315049112e-01 7.478296455065086557e-01 7.781550877892240425e-01 7.735354061601322773e-01 7.692771718885927923e-01 7.660735814786764353e-01 7.711890549069515544e-01 7.797033761767848681e-01 7.757559692798733364e-01 7.816468787468684454e-01 7.731165415697852650e-01 7.719669234976122008e-01 7.702204360483696499e-01 7.725522961421587009e-01 7.723006900962499088e-01 7.789364154848523736e-01 7.761192970033673477e-01 7.719931037234171178e-01 7.661709575432434915e-01 7.755133493675470113e-01 7.758865683051201501e-01 7.764422052897760329e-01 7.784457499978126860e-01 7.781765135607018324e-01 7.784883907841314565e-01 7.829989477980964230e-01 7.841721434521685685e-01 7.807333815453828540e-01 7.749568428753580429e-01 7.836593800739378723e-01 7.739215479772995065e-01 7.801794857688865159e-01 7.805264888782792454e-01 7.761266571963003624e-01 7.808894389546175985e-01 7.777771302527475283e-01 7.797324040151266678e-01 7.846792688469264032e-01 7.824206170013380257e-01 7.803034437727408568e-01 7.826189285271354379e-01 7.837701201734440515e-01 7.773918799750103581e-01 7.786841023364713399e-01
1.624159576063161914e-01 1.544117755440280459e-01 3.429343066724117595e-01 5.494790832833092997e-01 4.264723005434233882e-01 4.593372908355911610e-01 7.229317471276281992e-01 6.867714208316564317e-01 1.000000000000000000e+00 7.205691801706686217e-01 7.828219701243332995e-01 8.094179350041287302e-01 7.307540821433229361e-01 5.966145381692699035e-01 8.189202320558301995e-01 8.189854342970006584e-01 8.066574319717706443e-01 7.313655028500587463e-01 7.579127261561355855e-01 6.545529253428163940e-01 7.515519936409330581e-01 7.684235299421930954e-01 7.234070410668229645e-01 6.663733253282779767e-01 7.118013248039475327e-01 8.311109876938699292e-01 8.036146270825894611e-01 7.848430135883927017e-01 7.723408130546960404e-01 8.443302994963290953e-01 8.491945825146320903e-01 8.191084936343827616e-01 7.546238492267133280e-01 7.866639137063565768e-01 7.887482696746936917e-01 7.769010600231638364e-01 8.031826084457002191e-01 8.114086165174089205e-01 8.251957055289758092e-01 7.602429666912159378e-01 8.325948044060308417e-01 8.153672984790646394e-01 8.001596017164748220e-01 8.380079781041200881e-01 8.193030728844553634e-01 8.273831888386120603e-01 8.508589906577133100e-01 8.538309039061952044e-01 8.546013161254227830e-01 8.380031476081233333e-01 8.436329162015903105e-01 8.325951354541906158e-01 8.452281393697524958e-01 8.659781906931867113e-01 8.381429100038678692e-01 8.328845721607129882e-01 8.682351464811298714e-01 8.491654119820208901e-01 8.477627653539104857e-01 8.684518850613196506e-01 8.593396342676962174e-01 8.597677174702257341e-01 8.527949245153971791e-01 8.613225030656718184e-01 8.665456560506898942e-01 8.706900194794474634e-01 8.540084676148531617e-01 8.372125849586874446e-01 8.337495965642086615e-01 8.355456135872390000e-01 8.362333819104654786e-01 8.403702835031356955e-01 8.121989740520610956e-01 8.112615914103976644e-01 8.497424887178806063e-01 8.445641399962229290e-01 8.305089961852728520e-01 8.368033528181529901e-01 8.357649999089540316e-01 8.528085393294632111e-01 8.455071743096581605e-01 8.519680372340168173e-01 8.434987885266413965e-01 8.346922004096539727e-01 8.265042760050739235e-01 8.339463085196574532e-01 8.335320859741059962e-01 8.406393146762561885e-01 8.401220778197230343e-01 8.397139669190979427e-01 8.213712722129580257e-01 8.417804067584896410e-01 8.435241295331755706e-01 8.397067464969157902e-01 8.511702169896026016e-01 8.521064511028382249e-01 8.328708002961824342e-01 8.654249097352176845e-01 8.510336974890909678e-01 8.424495878374157476e-01 8.330842324248558528e-01 8.568438903337067813e-01 8.529471517748521414e-01 8.493905441741709250e-01 8.540063163123290391e-01 8.598820846409194196e-01 8.562790312261103765e-01 8.524855739448201630e-01 8.495565537146521073e-01 8.580180711400660076e-01 8.453505828678695710e-01 8.598061188349954698e-01 8.547923645716043461e-01 8.609205738647005557e-01 8.624484322577978812e-01 8.641433014649119171e-01
4.915385491441846832e-02 1.732272337937856843e-01 3.305226148973726130e-01 5.127857749961418632e-01 4.020857232889918365e-01 4.573338031426192885e-01 7.002921312253186370e-01 6.524862092527898838e-01 7.205691801706686217e-01 1.000000000000000000e+00 7.358593402264682615e-01 7.698112710937100589e-01 7.019767007024665384e-01 5.843039634538139682e-01 7.868342155757942491e-01 7.664120208045384075e-01 7.339104175898951699e-01 7.128393250919218271e-01 7.318114559771089489e-01 6.203507654616280398e-01 7.068733013514522101e-01 7.321713050275996393e-01 7.089037638252441154e-01 6.608018919383578105e-01 6.959397827805430259e-01 7.874470436132046114e-01 7.607217713754085286e-01 7.664356387626576339e-01 7.289052722240337845e-01 7.923691161366109847e-01 8.044214271858488585e-01 7.936754159626601135e-01 7.463722804809481692e-01 7.739664526749316931e-01 7.705646662648488743e-01 7.498966398321662563e-01 7.821295708830380278e-01 7.924322544173552085e-01 7.916362022136773646e-01 7.552372865196893548e-01 7.911125437198244237e-01 7.901000248478766697e-01 7.750320632910111529e-01 7.980894688945052717e-01 7.880343267419716025e-01 7.925360789105857506e-01 8.043465746977949138e-01 8.102300843078817927e-01 8.087979391879711599e-01 7.914413735999671351e-01 8.035087485139201791e-01 7.818119861694858841e-01 8.003867651311326048e-01 8.077676070825962062e-01 7.970727284336907026e-01 7.952428675834398719e-01 8.010872233907960771e-01 8.009059192923986270e-01 8.051786375854200761e-01 8.077986680389394047e-01 8.085239230320442338e-01 8.060634430120175997e-01 7.997008090097372790e-01 8.000227827349434273e-01 8.008253567427977559e-01 8.069786685821352945e-01 8.061207301496543520e-01 8.007613657162159226e-01 8.014282292767218596e-01 7.947996941944543980e-01 7.964759814285388151e-01 7.997695078856068562e-01 7.859549968407737452e-01 7.812161757057014544e-01 8.079864824870602869e-01 8.065401550207105252e-01 7.963571072685660113e-01 7.981165697405627757e-01 7.989290597305723773e-01 8.078759930265408951e-01 8.063425984445494743e-01 8.096177414137826212e-01 8.027861895638315204e-01 8.026596209655103564e-01 7.994440215520455251e-01 8.037074137861430767e-01 8.003991186983503425e-01 8.049382784605062513e-01 8.044734480297622836e-01 8.019194574495794869e-01 7.938799559493238123e-01 8.058514696090667284e-01 8.013800713646630491e-01 8.039162248932857358e-01 8.075559384859439804e-01 8.104015529975709953e-01 7.970568383885316965e-01 8.055733898569026330e-01 8.049287527395146968e-01 8.042838939109915319e-01 7.990239603847516525e-01 8.069027357597827743e-01 8.048872536174292991e-01 8.056204774450340667e-01 8.063556461089158578e-01 8.042922158989862513e-01 8.105858919835743359e-01 8.093777120326445251e-01 8.066083658975183868e-01 8.089756510861844108e-01 8.077642693699954579e-01 8.082556286645561361e-01 8.099785624987630994e-01 8.071462316124647929e-01 8.066683519967853266e-01 8.093547329719200656e-01
2.107273831546966833e-02 1.420808576833294534e-01 3.414930394109324530e-01 5.698390066132356102e-01 4.427742023589172904e-01 4.924825587612943756e-01 7.644188319885986127e-01 7.083904633709753318e-01 7.828219701243332995e-01 7.358593402264682615e-01 1.000000000000000000e+00 8.619735984184617728e-01 7.756906715588677281e-01 6.401571135904400300e-01 8.637508010423881055e-01 8.474295202850830044e-01 7.992077567261300919e-01 7.964056444138194468e-01 8.187902191309055500e-01 6.890484184015454039e-01 8.116552153988016993e-01 8.288985841242859642e-01 7.982087786176219613e-01 7.499264005396379940e-01 7.960611888519079082e-01 8.742961169597588400e-01 8.504293397821508504e-01 8.569722468810978544e-01 8.174384266516643294e-01 8.850762213333309703e-01 8.981873489567215874e-01 8.743710958100390229e-01 8.358854172329546195e-01 8.498855248454573186e-01 8.528185302584614380e-01 8.354179399579895193e-01 8.658037478724724956e-01 8.802689453979342105e-01 8.780001693374257510e-01 8.501942066180983026e-01 8.853382797415724204e-01 8.803974744963959376e-01 8.662008814807808932e-01 8.921612507457269414e-01 8.808351545663327675e-01 8.872055559413871695e-01 8.958616949892821424e-01 9.007830881101258624e-01 8.953775307533863304e-01 8.737075097796251910e-01 8.894142805166349586e-01 8.696554311986743890e-01 8.835358371444678172e-01 8.959409638658822894e-01 8.862409708317150470e-01 8.932526375502313210e-01 8.832482614188026382e-01 8.920636595151346659e-01 8.922389270251143145e-01 8.957941760957560673e-01 8.929404163141738682e-01 8.954040579628076424e-01 8.884703327801984907e-01 8.893727475107414682e-01 8.917308226693003714e-01 8.952735115905660068e-01 8.991437413274929735e-01 8.972043112728800285e-01 8.953760702956987672e-01 8.914040164414007705e-01 8.947607864262887567e-01 8.983084118180455491e-01 8.814338539418937746e-01 8.830374745300408890e-01 9.019508261409784344e-01 8.983332729380500981e-01 8.928034834099033423e-01 8.885645733623285247e-01 8.920901413415879277e-01 9.002238439314125262e-01 8.980943343064433648e-01 9.025921449581357781e-01 8.988368671244262309e-01 8.948159589445381368e-01 8.940685442585857290e-01 8.957428300344537631e-01 8.946736757432882658e-01 8.993701579365316334e-01 8.962728257496105355e-01 8.997514942863571452e-01 8.921615924848744772e-01 9.001046829973630148e-01 8.991328571125272173e-01 9.000178622451731059e-01 9.020059143305463323e-01 9.031349362146838811e-01 8.946460532412542355e-01 8.953113968996591066e-01 8.994516487479529143e-01 8.997949813516081807e-01 8.963809251346813722e-01 9.001706575174519553e-01 8.998287869942668271e-01 9.014144154160894651e-01 9.011923517273813244e-01 8.942809483811930971e-01 9.017319763773564700e-01 9.018329418668767916e-01 9.012257392834657210e-01 9.017823825603963339e-01 8.999897473359663724e-01 9.026034886462173112e-01 9.016435001671190275e-01 9.005185327029209263e-01 8.994258141823449071e-01 9.014458533511726657e-01
2.765436061618314553e-02 1.457690449266124399e-01 3.724017666290067585e-01 5.963643134551087632e-01 4.575660967847717253e-01 5.265802455672219384e-01 7.875254348929537906e-01 7.421650787668812033e-01 8.094179350041287302e-01 7.698112710937100589e-01 8.619735984184617728e-01 1.000000000000000000e+00 8.129372680352348057e-01 6.851172686362829722e-01 9.036836553048335219e-01 8.898797688924555693e-01 8.366928935949554669e-01 8.133045778957347371e-01 8.505781246023219611e-01 6.980524421902046805e-01 8.237243341101303518e-01 8.575375922297747699e-01 8.320437337452543103e-01 7.761189843087794582e-01 8.185901273081142016e-01 9.029226133455446890e-01 8.846271157067318036e-01 8.950565822369598301e-01 8.540347161063821524e-01 9.199885338350375363e-01 9.310449731588861244e-01 9.141126622429244231e-01 8.719079990388945989e-01 8.926900289146439960e-01 8.956416099689020749e-01 8.802768944112878691e-01 9.089424145768009167e-01 9.173547632454929213e-01 9.241141171586851888e-01 8.847300464098651895e-01 9.216079970225913298e-01 9.223152796371799633e-01 9.096226418115614942e-01 9.310192780551955760e-01 9.230335935106870338e-01 9.264671428028061761e-01 9.376124792321010037e-01 9.397279719375678519e-01 9.349465813789872293e-01 9.136895124452706352e-01 9.297246067189343099e-01 9.057766875892465652e-01 9.216281910130519339e-01 9.326009760068780796e-01 9.224641060703913098e-01 9.271779380189356656e-01 9.198594546170693054e-01 9.341357021130399785e-01 9.311874726882598541e-01 9.346097019824425312e-01 9.349591926221513249e-01 9.342610414060538160e-01 9.269238483566131226e-01 9.319142163972123916e-01 9.288742356408166145e-01 9.333919954900827820e-01 9.398711645921603575e-01 9.338195631436392308e-01 9.346796827095796845e-01 9.258899323355859190e-01 9.290778480566814768e-01 9.350684886057819556e-01 9.162001253629913355e-01 9.149124766445183576e-01 9.394272496413271778e-01 9.371478939848757461e-01 9.338497527916058694e-01 9.282792304949817330e-01 9.342147176098972716e-01 9.393498953220756897e-01 9.377417920621068381e-01 9.426075136640574836e-01 9.370523704287816447e-01 9.376187501383086431e-01 9.326858565049087613e-01 9.352057255418391168e-01 9.349549186438097514e-01 9.397260476805582297e-01 9.391564733795052522e-01 9.347896024559970707e-01 9.317781651493433070e-01 9.404331602891359276e-01 9.402325459474771829e-01 9.395848521925355135e-01 9.414105516039606991e-01 9.425572644276831724e-01 9.309109739292421581e-01 9.293343791557052702e-01 9.366704868208639567e-01 9.380787407249515653e-01 9.370371461965486537e-01 9.381303293789072795e-01 9.379057131428282235e-01 9.416034433449607111e-01 9.383378366528135617e-01 9.318366335806964607e-01 9.398253704459171853e-01 9.396850128389302448e-01 9.386144243063972992e-01 9.405042561821687075e-01 9.392198438708194708e-01 9.413484843018437020e-01 9.411418814493933693e-01 9.398381810587723706e-01 9.390480178503741726e-01 9.378849319440667465e-01
3.305557491032822676e-02 1.338076000245164987e-01 3.478611299876019913e-01 5.437815151047935558e-01 5.047561343657959165e-01 4.617594244791260460e-01 7.207887572584392721e-01 7.076601327138789532e-01 7.307540821433229361e-01 7.019767007024665384e-01 7.756906715588677281e-01 8.129372680352348057e-01 1.000000000000000000e+00 6.029507222892097618e-01 8.277916714235501461e-01 8.211353829909714408e-01 7.560901458693112254e-01 7.440930541094068484e-01 7.817754354794274052e-01 6.405751341942915733e-01 7.571353655837352870e-01 7.844708052930167153e-01 7.591457963935354103e-01 7.086950281340309576e-01 7.438462913900244500e-01 8.259572020244433377e-01 8.001701110532103423e-01 8.114885634148018001e-01 7.631449673203151152e-01 8.362787861630665009e-01 8.394542955917229099e-01 8.215266881942364652e-01 7.826037383968721395e-01 7.942574335385045314e-01 8.023090833880941464e-01 7.818404489839474447e-01 8.071841458039564765e-01 8.246181304283041191e-01 8.313895849637724655e-01 7.989761338405663160e-01 8.366453264026991743e-01 8.300544767653775802e-01 8.246330671797696965e-01 8.489825843821768858e-01 8.350824322762636642e-01 8.394310797150393855e-01 8.486662653775801646e-01 8.488483646755705658e-01 8.431948458441083094e-01 8.260023467806787423e-01 8.447966978219151324e-01 8.326206863015158666e-01 8.363216301346309001e-01 8.396097197802548928e-01 8.309492941390504983e-01 8.370304026669073139e-01 8.301516577476474312e-01 8.502823687819269782e-01 8.422920500420031376e-01 8.521730059600515217e-01 8.493526195484281116e-01 8.468453850393978799e-01 8.429647433510413235e-01 8.449715387918987908e-01 8.453025551889592482e-01 8.477069017855010102e-01 8.499737505107838320e-01 8.475765035154904092e-01 8.476816245484523060e-01 8.426278254364317766e-01 8.450909170324358843e-01 8.467202536437451466e-01 8.302651639482476753e-01 8.329054933872100941e-01 8.534291399867608430e-01 8.483467864816304216e-01 8.444614134300916231e-01 8.364870356655872419e-01 8.465223531160516179e-01 8.531058078097256692e-01 8.509068668208679131e-01 8.524476766446633658e-01 8.469993597525341533e-01 8.440267457488034308e-01 8.435274215867372138e-01 8.407474109844186305e-01 8.420900193291016578e-01 8.495413156598199400e-01 8.463042167462527798e-01 8.484175115813201717e-01 8.434488325028464129e-01 8.522479594397764924e-01 8.505799819570990516e-01 8.508822524217313221e-01 8.519488741700207424e-01 8.529657907961406549e-01 8.466154326873573943e-01 8.437380151616747925e-01 8.523879822980541254e-01 8.518114815649553417e-01 8.517898234866757567e-01 8.519719667675331731e-01 8.528020813462843241e-01 8.554478546024530949e-01 8.535707392753452138e-01 8.441455888081558223e-01 8.510434970447262604e-01 8.526573564636097391e-01 8.509736738162143599e-01 8.534674096139622801e-01 8.523607985748381521e-01 8.554973591612714534e-01 8.523816218867408256e-01 8.543871585481150888e-01 8.491384830377041171e-01 8.509718802480191746e-01
