1.000000000000000000e+00 1.613563150880050964e-02 5.398031103601760861e-02 5.465043619874466324e-02 4.407067186878787374e-02 6.543116942770470928e-03 4.132756907787222406e-02 8.964450828131707090e-05 7.358753768930820227e-02 1.370838481798691139e-02 -7.512727486765984584e-03 -2.966781825460856285e-03 2.839013612639985223e-02 5.779385407896215666e-03 3.890212120150698082e-03 1.151972704549945013e-02 5.553356900456993955e-02 -4.055055521962679793e-03 1.804441650970196875e-02 -1.426943943651722002e-02 1.697505791442348918e-03 3.352814482187412015e-02 -2.485670277193881977e-02 -2.669582565522438458e-02 1.717912937416564336e-03 2.748077352336545515e-02 1.394022290360853039e-02 -6.917195854257376757e-03 1.283236609077158773e-02 2.157441312847554679e-02 3.380650483682877839e-03 5.230974833477901494e-03 -3.674675575906605901e-02 -5.192031158470589679e-03 -1.279601503471930989e-02 4.224619605618684659e-02 1.192246663282316849e-02 -1.320283541760189534e-02 5.726702593748081264e-03 -2.390582366470257042e-02 1.706388330180550307e-03 -1.906503684890109834e-03 6.331496304121416244e-03 1.065806401580480546e-02 1.672994048571168138e-02 -1.157004006969151837e-02 -1.956443400378644285e-03 1.204656441603622029e-02 9.055892507609027142e-03 -6.646063115742740710e-04 5.666480900061688156e-03 5.304697278560572410e-02 2.827319830019797350e-02 2.560814753555298862e-02 8.196272369955320825e-03 4.637136796019246214e-03 4.497395986397773049e-02 1.034544828084833605e-02 -4.772457901182701294e-03 3.221385080616662872e-02 1.257762819199785206e-02 1.386013700262781097e-02 7.476992632215895968e-03 2.163669553516433045e-02 3.214669395922164358e-02 3.995227901537296705e-02 1.228013553095026571e-02 -2.159420818489838408e-03 -1.260464621158113342e-02 8.089982032315252590e-04 4.039386848795630848e-03 1.182135469338127173e-02 -1.694777433752178361e-02 -5.063442555216142622e-03 4.131749805954932665e-03 6.014639211314305907e-03 -1.102560585753093597e-02 2.171067122592194257e-03 2.959841913231581884e-03 1.361494800522660559e-02 6.280432851504472690e-03 2.538508666679887161e-03 2.545984179599962774e-02 3.728309717452279407e-03 -7.358930461945294155e-03 1.072770631308425197e-05 8.426152931949400585e-03 -2.693878439360108436e-03 3.361510964346778492e-03 1.809024955227531151e-02 -1.204085234873125861e-02 9.916837188361099249e-04 4.053174670498853153e-03 9.286864387453205296e-04 5.190243219357733133e-03 8.176508455990411095e-03 2.268327854124882817e-02 3.935078901574617233e-02 1.611914614379957381e-02 6.037697140405244578e-03 1.517556677244121660e-02 1.648932539388619709e-02 1.579869288078446232e-02 1.079297572591874504e-02 3.248605613479953191e-02 3.739024054755054477e-02 1.922787046666833699e-02 9.403447778412864222e-03 1.584903883339977212e-02 1.088560260347196280e-02 3.394161257567424560e-03 1.985253613120785063e-02 1.605032456861640172e-02 1.910139878763739835e-02 3.111168625983532637e-02 2.804441908634088335e-02
1.613563150880050964e-02 1.000000000000000000e+00 9.516206716449277653e-03 1.026583938917461636e-01 8.761372182931614905e-02 3.796941075848626196e-02 1.072898763275365180e-01 1.079066326750363208e-01 1.165189263762172744e-01 1.281035989235851935e-01 1.227835938577361008e-01 1.353157424149994403e-01 1.142242227278930516e-01 1.321728475921443158e-01 1.363142016378471877e-01 1.216328255303074646e-01 1.125698496930794129e-01 1.002304773534213739e-01 1.201434883166632300e-01 9.225998436619851917e-02 1.102158807051483030e-01 1.272885037199344427e-01 1.014685594478510616e-01 1.040693255217830099e-01 1.310991455718154286e-01 1.263989495533136831e-01 1.305705995146707876e-01 1.217841337799784457e-01 1.174532187102611536e-01 1.253154888003101541e-01 1.332686627615409236e-01 1.211367055435803586e-01 1.161737390295715239e-01 1.141610281334030086e-01 1.094658074196695474e-01 1.375693981604288463e-01 1.374239016544746561e-01 1.257113035555879055e-01 1.341898230487856003e-01 1.305262469980901230e-01 1.389527214078645767e-01 1.351136700189621009e-01 1.268407337839103644e-01 1.364402005738157286e-01 1.304397352283317713e-01 1.398483554681448915e-01 1.374075824261785372e-01 1.388878896562578957e-01 1.351448136546969936e-01 1.199777672748782581e-01 1.254055756114896836e-01 1.133496836495333088e-01 1.261264594168576836e-01 1.342200640241142939e-01 1.380499093924937026e-01 1.353318520728492291e-01 1.245393326421694036e-01 1.333926451333106167e-01 1.288100889954404138e-01 1.369981112776964549e-01 1.274976654856380953e-01 1.353905748921602481e-01 1.312775758728003117e-01 1.356430834958632092e-01 1.296282600191656642e-01 1.290072244758070918e-01 1.379026852307631557e-01 1.310704371830628823e-01 1.339997047324216761e-01 1.316208690384532976e-01 1.346848830793155594e-01 1.364429328623382454e-01 1.232626165883954211e-01 1.358944483308269779e-01 1.371774147736647687e-01 1.382724580879521603e-01 1.395016300057781711e-01 1.318641954360042501e-01 1.331921218195982470e-01 1.307029764232044700e-01 1.352723180074690001e-01 1.374202545273345011e-01 1.356844462558872144e-01 1.279228544730853512e-01 1.314172780129770068e-01 1.336389400920438286e-01 1.340195220172235024e-01 1.395238522787155544e-01 1.360211025301920063e-01 1.343439875139629258e-01 1.409876815213551293e-01 1.386139180135087801e-01 1.360365005047225462e-01 1.381412022795245609e-01 1.384952189953478352e-01 1.368116843636587587e-01 1.303375110502492107e-01 1.251637841577885601e-01 1.341121795871293432e-01 1.363126423580017232e-01 1.336048147501648353e-01 1.347020488134549610e-01 1.336137216184471455e-01 1.366117045349998782e-01 1.304651562529056119e-01 1.269319782862823043e-01 1.354293245304278304e-01 1.397233449841691899e-01 1.400468239296472628e-01 1.372646373528046970e-01 1.355396272612389152e-01 1.341423494973343622e-01 1.333911087418491459e-01 1.353895471593791477e-01 1.341088586447155839e-01 1.315879405718929640e-01
5.398031103601760861e-02 9.516206716449277653e-03 1.000000000000000000e+00 2.912931373853226980e-01 1.795869259917937666e-01 1.586853681347298040e-01 3.319452473551398053e-01 2.917138813940788333e-01 3.382022638453110464e-01 2.924237874713975782e-01 3.407037737401957256e-01 3.647003233183384041e-01 3.449835801749057129e-01 3.097552291721442641e-01 3.693415727950287164e-01 3.760837415871239875e-01 3.519546816122551269e-01 3.662978889337039634e-01 3.722841489177429186e-01 3.162771376736421836e-01 3.519279821594505364e-01 3.630914433771666450e-01 3.715192800191445266e-01 3.883056207795497206e-01 3.691029080084431424e-01 3.853522485333492065e-01 3.789215210013551771e-01 3.670993253436397041e-01 3.798425928226306647e-01 3.818276838716924138e-01 3.771357488399322833e-01 4.060215653155129223e-01 3.693481303083370193e-01 4.105206646297901441e-01 3.774430685674133867e-01 3.731472900722067609e-01 3.789163340824630022e-01 3.875294996856136209e-01 3.867336216955636896e-01 3.777645969914824042e-01 3.821092833501159025e-01 3.859739050411152839e-01 3.765401776410274848e-01 3.780020021707709565e-01 3.823527582827034865e-01 3.689961040052145980e-01 3.809478612181850798e-01 3.775214181891201615e-01 3.803337473519606271e-01 3.918306702769594474e-01 3.924422502619084319e-01 3.827542722052229562e-01 3.748327635411211611e-01 3.645986828154864634e-01 3.610649381322823537e-01 3.705103451032220052e-01 3.634881877139339856e-01 3.702916340844576992e-01 3.733040496700766320e-01 3.600457238181786757e-01 3.772910154747347589e-01 3.621897875844667380e-01 3.669336867476575281e-01 3.769875319021661064e-01 3.686899112910620446e-01 3.655441693218323684e-01 3.856191718224354914e-01 3.874410688306945127e-01 3.932602343287419644e-01 3.823368980075099177e-01 3.837426600903077745e-01 3.823310107381226453e-01 3.998942307832776266e-01 3.853816929786508805e-01 3.858649546116180162e-01 3.836171863361818035e-01 3.845538857928665344e-01 3.802969748012275386e-01 3.829429484921944571e-01 3.811846806047209379e-01 3.843601278335432303e-01 3.820380725416975265e-01 3.920904761000039151e-01 3.833705387946600984e-01 3.894926933741534869e-01 3.983770035563271028e-01 3.898590057577758228e-01 3.840285376515250038e-01 3.871408930906344859e-01 3.854365044482092051e-01 3.838021915345707358e-01 3.803132733009159105e-01 3.855266447512325501e-01 3.815385148016087746e-01 3.779778104459192711e-01 3.776486988480117213e-01 3.825390868600906380e-01 3.883802422502263263e-01 3.823536112621541694e-01 3.879330006216543669e-01 3.840249584338434330e-01 3.801368884703230089e-01 3.833708770996320792e-01 3.800655241951792496e-01 3.891431756071840886e-01 3.763453317241474139e-01 3.825831456458003155e-01 3.799498006142494333e-01 3.777086209244092108e-01 3.801227531345366395e-01 3.781175044096227733e-01 3.749921424490140764e-01 3.719959686957649558e-01 3.779759431538167735e-01 3.830926813682332677e-01 3.744496986368588409e-01
5.465043619874466324e-02 1.026583938917461636e-01 2.912931373853226980e-01 1.000000000000000000e+00 3.121067718895186860e-01 3.049055722989895134e-01 5.653707715339957307e-01 5.279005109587554534e-01 5.733619305871933136e-01 5.222975590982278371e-01 5.793252335397075514e-01 6.355419447651888820e-01 5.623839253375445546e-01 4.938789125370984245e-01 6.293494736321865179e-01 6.178639014021135578e-01 5.416780251451448480e-01 5.800113266275339630e-01 5.939568964267546436e-01 5.066091950175235503e-01 5.798523587852284500e-01 6.107032197260203743e-01 5.569696665718180117e-01 5.569256327737635015e-01 6.028176261234458044e-01 6.139511814140510282e-01 6.205736423121864798e-01 6.151927563669975507e-01 5.992553415892584168e-01 6.267226307314438527e-01 6.404250209719053455e-01 6.140226111345336024e-01 5.886956642664037398e-01 6.081605207677437397e-01 6.183518127862371871e-01 6.270237415588927332e-01 6.261419733864113102e-01 6.132837266648506480e-01 6.362303450072234190e-01 6.076491453158585632e-01 6.350974393123932638e-01 6.396971954957422213e-01 6.407499071306490546e-01 6.450970420873192168e-01 6.401957639543649492e-01 6.327710694780150913e-01 6.330875642935681613e-01 6.347330263871205913e-01 6.363603315556015660e-01 6.102094847460196592e-01 6.232090189697411242e-01 6.174713607641844071e-01 6.359960970913929312e-01 6.274357576657976221e-01 6.176787644369980956e-01 6.227281460518108158e-01 6.170765529506622160e-01 6.344735952567941428e-01 6.208186550926241276e-01 6.437248127279181498e-01 6.355975092109815705e-01 6.292188952416961634e-01 6.159312542547429326e-01 6.377790320115208633e-01 6.329571047536898254e-01 6.333281689442570306e-01 6.392644820526504068e-01 6.369895088656832849e-01 6.327294220579661177e-01 6.362312943941200727e-01 6.459774218818650215e-01 6.430855383969156236e-01 6.261896739046797222e-01 6.388602525745672445e-01 6.408382433029774505e-01 6.429137647056452076e-01 6.392739025860708635e-01 6.366991147173111099e-01 6.393835798524123426e-01 6.467152521191696923e-01 6.441151714805294359e-01 6.433736485322844034e-01 6.377357639870100403e-01 6.424400588348244678e-01 6.401724657024183696e-01 6.410441413915023423e-01 6.407861270025438927e-01 6.427306189454878860e-01 6.461362105814281165e-01 6.397558356784274203e-01 6.414067596723969089e-01 6.458838902935599702e-01 6.452768256506669076e-01 6.447900070013919960e-01 6.424374246108033315e-01 6.395352789270918326e-01 6.463894620789373269e-01 6.359291130362908495e-01 6.450610833115477671e-01 6.472387952931889510e-01 6.499199390559370348e-01 6.448429064456245863e-01 6.418135254710906068e-01 6.477470652558485753e-01 6.444165754616999475e-01 6.359542146160482856e-01 6.432299476637621805e-01 6.403501652883925033e-01 6.420634050592954889e-01 6.428765579099302574e-01 6.382154639501895765e-01 6.449564203853651589e-01 6.414261946923269786e-01 6.451848986572980005e-01 6.401480391951950288e-01 6.452564535690500369e-01
4.407067186878787374e-02 8.761372182931614905e-02 1.795869259917937666e-01 3.121067718895186860e-01 1.000000000000000000e+00 2.216351963943497261e-01 4.427197669647646161e-01 4.473223447124389796e-01 4.622420912514092484e-01 3.720563962058556218e-01 4.431332187890527630e-01 4.614543315571581483e-01 4.585414622652920769e-01 3.829418092057386702e-01 4.791813409058935935e-01 4.769021157837614600e-01 4.131644902060133684e-01 4.444681557720948639e-01 4.550443675865614712e-01 3.803685379827859703e-01 4.390527573340776146e-01 4.863927153188804531e-01 4.185596589562776138e-01 4.389007717985448642e-01 4.690318089707044003e-01 4.657352458854102095e-01 4.537107989437821343e-01 4.543342993693377241e-01 4.541249731909348664e-01 4.715027654926697842e-01 4.754206359812159222e-01 4.489917179116755808e-01 4.172671436839447412e-01 4.415378801814301424e-01 4.471701230343524958e-01 4.754121244823689141e-01 4.671597929716558850e-01 4.495221118812106620e-01 4.741414903782773527e-01 4.381963864801466380e-01 4.769678663602608948e-01 4.848567461453177074e-01 5.000030148678286102e-01 4.933186480628704573e-01 4.794473419265431469e-01 4.811939449438466521e-01 4.775424842484434218e-01 4.786049012622587417e-01 4.822701839210711827e-01 4.558597568836849079e-01 4.704804900402890233e-01 4.790339852985361913e-01 4.897645361066903513e-01 4.728864227057001379e-01 4.684963343743803188e-01 4.674211921222405919e-01 4.676936137143311578e-01 4.804065994143943419e-01 4.663934500691375162e-01 4.930222901381945966e-01 4.908773814171043526e-01 4.755559677189056811e-01 4.708987378131977986e-01 4.909124373160519417e-01 4.876191719133594615e-01 4.836358528833545334e-01 4.825631780588500175e-01 4.845388818938101139e-01 4.751976314470328644e-01 4.884675652259612422e-01 4.929851163777629330e-01 4.893817595184906111e-01 4.756635816552995388e-01 4.883278915330980796e-01 4.837647923598756283e-01 4.830075169620887121e-01 4.803210452498199445e-01 4.829501853431877878e-01 4.858308197185332578e-01 4.855968730014851853e-01 4.816209816290051848e-01 4.840777262783067525e-01 4.760418142064968827e-01 4.768544488603793652e-01 4.731633406889698135e-01 4.803310351899968134e-01 4.819678642497354226e-01 4.833040049994257181e-01 4.846257321315379785e-01 4.855332566415798690e-01 4.762927665422622137e-01 4.860681677834845504e-01 4.849488988527586586e-01 4.867409901377792170e-01 4.840084484095511508e-01 4.828117146692364470e-01 4.921461432647409318e-01 4.840286632634114850e-01 4.933994255070692225e-01 4.835025817631245504e-01 4.973963797981487134e-01 4.886447473683479537e-01 4.911157701931310737e-01 4.914035051161729228e-01 4.913192660087891683e-01 4.832200124851113721e-01 4.854407659329050828e-01 4.849554965861825884e-01 4.856604637025604410e-01 4.872962913111097416e-01 4.812407979159768479e-01 4.888568634274642055e-01 4.844724422888654902e-01 4.903264377363637516e-01 4.893555301452180428e-01 4.894275812747213017e-01
6.543116942770470928e-03 3.796941075848626196e-02 1.586853681347298040e-01 3.049055722989895134e-01 2.216351963943497261e-01 1.000000000000000000e+00 4.157283022501093717e-01 3.616865771259512585e-01 3.805009714497841755e-01 3.291681057408792355e-01 4.066615330651245364e-01 4.314518099317807276e-01 3.794877234178760661e-01 3.791383512352616836e-01 4.326792409835700237e-01 4.197436533685623417e-01 3.836762147313955706e-01 4.052765674403074336e-01 4.212505561480755500e-01 3.591513696018350243e-01 3.977863317943106103e-01 4.255586590048031637e-01 4.028477775920006332e-01 4.124249096091061606e-01 4.255972913667268598e-01 4.248005214149784270e-01 4.213317834313641264e-01 4.245801595515457105e-01 4.129123132141442887e-01 4.246444756072228488e-01 4.468482056506028477e-01 4.339885250746540191e-01 4.047995174732232915e-01 4.285339282770379565e-01 4.298760869472575963e-01 4.111362770587325133e-01 4.335645780526340420e-01 4.248248170067400742e-01 4.398899967759795082e-01 4.155674235067121636e-01 4.389677251643366862e-01 4.346042662345541707e-01 4.282625553541624108e-01 4.398398805234938758e-01 4.393468269673734827e-01 4.398758876707255516e-01 4.414778682712902635e-01 4.381664251210127259e-01 4.419452951535811636e-01 4.240485384009430314e-01 4.345763649624186375e-01 4.313905001933188155e-01 4.351762286786310385e-01 4.338640788756522593e-01 4.310248504393824898e-01 4.347298910627303004e-01 4.200319331723117999e-01 4.391709958431453398e-01 4.343393685616380173e-01 4.330090386887667786e-01 4.336684035887665711e-01 4.317695681346756520e-01 4.267552971732803124e-01 4.339255972077296075e-01 4.369632914853087136e-01 4.330130208157081939e-01 4.443184855006325762e-01 4.468833237020775617e-01 4.454693530275193325e-01 4.424680374847360653e-01 4.447952278360683964e-01 4.460656446270110931e-01 4.465967394470561902e-01 4.464278241770748279e-01 4.440930795205335624e-01 4.466337558109336192e-01 4.486961117029391044e-01 4.420380028783504889e-01 4.482460959678566392e-01 4.453924369412083917e-01 4.466826136463783459e-01 4.447293408189640362e-01 4.410150347787543668e-01 4.454600057998042151e-01 4.467197464917427863e-01 4.469797598027041019e-01 4.464193508192791926e-01 4.482361507566194891e-01 4.463304668317302770e-01 4.447241375196863689e-01 4.457293225343456622e-01 4.487740112444297269e-01 4.471247048520379241e-01 4.470241546016627265e-01 4.464594983189547617e-01 4.461300053768726404e-01 4.385690857293447209e-01 4.324005674388426423e-01 4.430105150142905068e-01 4.462352101280062655e-01 4.425322895640117493e-01 4.432093307833867568e-01 4.460855411611729382e-01 4.462639913031060668e-01 4.420303025363168659e-01 4.385489329257752922e-01 4.438357848307885600e-01 4.467570830494436707e-01 4.443796547688093068e-01 4.435536742247162545e-01 4.428308816925959901e-01 4.420760356783967060e-01 4.410308111668188036e-01 4.427921532310771791e-01 4.437207900281194828e-01 4.453107015122528822e-01
4.132756907787222406e-02 1.072898763275365180e-01 3.319452473551398053e-01 5.653707715339957307e-01 4.427197669647646161e-01 4.157283022501093717e-01 1.000000000000000000e+00 7.008575906635563513e-01 7.302481743670782288e-01 6.597062372635570382e-01 7.399628715820150138e-01 7.840128951718910999e-01 7.301716358312473343e-01 6.282527586330040048e-01 8.274936438076541112e-01 8.088870172161878314e-01 7.232755415067809723e-01 7.759708349315637133e-01 7.903047870687507359e-01 6.745856698042428379e-01 7.457878880891061213e-01 7.948640233117264531e-01 7.661227585385603778e-01 7.758677805221453339e-01 8.024307533901490208e-01 8.143999758035742609e-01 8.111360307830286498e-01 8.169748841834181263e-01 7.915134362063873663e-01 8.184877788244958596e-01 8.240580514769157983e-01 8.093969479629722352e-01 7.628356128068616293e-01 7.958907487691708749e-01 8.004266005922532345e-01 7.778753451345649106e-01 8.058393036321738201e-01 8.122653364805503262e-01 8.190748858588714487e-01 8.042261274734565646e-01 8.150015035324674750e-01 8.204525740647110599e-01 8.126983992635511411e-01 8.250911837187338005e-01 8.217098832725824309e-01 8.168980503715591590e-01 8.191421273100504274e-01 8.188397382257399659e-01 8.142790027618012072e-01 7.933220475413440553e-01 8.149843182208520442e-01 7.873467548861197152e-01 8.083404179907945908e-01 8.112764856038633399e-01 8.030447992744378372e-01 8.201783588162905314e-01 7.952644972273603674e-01 8.152839413401046231e-01 8.155343101139097550e-01 8.109254868654284243e-01 8.193886573317993305e-01 8.103416638791081095e-01 8.045397209000365590e-01 8.056545054793056160e-01 8.029746544085326621e-01 8.025530735661539072e-01 8.164605024040860748e-01 8.294923665701472437e-01 8.273313039696230664e-01 8.280688421203818983e-01 8.279118518472559085e-01 8.246401215809109342e-01 8.233303811131748029e-01 8.305818501470746407e-01 8.287476086528307029e-01 8.276557091424013857e-01 8.272630287060790399e-01 8.223863073187094308e-01 8.266936964101582186e-01 8.249557195898371553e-01 8.274991134455156327e-01 8.200775286268088271e-01 8.215451154558888192e-01 8.222471946522261765e-01 8.210765331809142253e-01 8.233379935785893888e-01 8.224779584059834781e-01 8.278614748233280585e-01 8.231756825275974299e-01 8.261787061582418490e-01 8.278278771076718057e-01 8.271734767178753334e-01 8.243160024990758838e-01 8.249646601843866334e-01 8.224562892079912979e-01 8.196612671959826457e-01 8.218266031797765159e-01 8.110720005423319723e-01 8.237302360459457518e-01 8.269467420028623339e-01 8.228069465297547236e-01 8.230119293519947421e-01 8.205732530518758949e-01 8.214391272094637708e-01 8.194127080898876425e-01 8.090335662341608947e-01 8.207158185974737785e-01 8.211821512789519995e-01 8.227904578459481755e-01 8.256480826385264038e-01 8.230375150562776465e-01 8.187766702019571019e-01 8.156879039411657484e-01 8.143512446602949595e-01 8.109286850517128942e-01 8.180063361430585100e-01
8.964450828131707090e-05 1.079066326750363208e-01 2.917138813940788333e-01 5.279005109587554534e-01 4.473223447124389796e-01 3.616865771259512585e-01 7.008575906635563513e-01 1.000000000000000000e+00 7.188965545261094547e-01 6.352503678536732812e-01 7.203944596300734249e-01 7.730318549786195925e-01 7.162493136204541866e-01 6.354625641927407198e-01 7.924245437846628715e-01 7.899240001145267920e-01 7.167888722732919105e-01 7.342234921807105907e-01 7.587071971475224386e-01 6.137024673940254527e-01 7.236643514875702454e-01 7.731187519681037568e-01 7.094409710382022505e-01 7.244964973720162682e-01 7.703205752579835863e-01 7.775778085678196616e-01 7.703697964870948045e-01 7.679505778834500029e-01 7.675784658679106753e-01 7.926869021292274331e-01 7.970929956886533274e-01 7.646293149483187612e-01 7.084762534576515280e-01 7.520501076026177012e-01 7.664392905493149222e-01 7.588358652114415293e-01 7.818668150444297860e-01 7.825378611795188455e-01 7.905346499814881467e-01 7.652696452987570730e-01 7.937628059594373786e-01 7.963268200634927574e-01 8.022019799601133316e-01 8.038496001121238077e-01 7.925967482104184780e-01 8.016379641869237904e-01 8.054647176670798325e-01 8.057373736200278413e-01 8.030906035053194669e-01 7.613188254611017447e-01 7.962060103491250818e-01 7.742883862526928063e-01 7.949051865175789100e-01 8.058830773985381501e-01 8.010374436886940064e-01 8.016605069475638556e-01 7.989636172887047971e-01 8.060158017499140515e-01 8.063215156759697688e-01 8.052261104753301035e-01 8.093830992435021576e-01 8.083089030632073513e-01 8.060106584204197455e-01 8.009223260618221207e-01 7.972538460333340460e-01 8.018797183604624568e-01 7.985462605352280363e-01 8.059863776665021629e-01 7.942760613642020351e-01 7.959561511770327780e-01 8.096286937236267800e-01 8.071038960022623998e-01 7.878022788863758841e-01 8.042818141164143064e-01 8.057445305416426340e-01 8.033261066675684292e-01 7.998070771720909855e-01 8.033616718112766009e-01 8.028628609834239649e-01 8.060248214227013763e-01 8.042284941123050146e-01 8.035774025317370395e-01 7.971205967299729300e-01 7.987047310032084901e-01 7.938438068836120021e-01 7.997468359841392038e-01 8.000447409173014890e-01 8.072463531789040303e-01 8.022428632537721427e-01 8.028531779775869293e-01 7.953516973326495432e-01 8.052067146170426293e-01 8.024854263207040761e-01 8.041572308254135715e-01 8.079526841882197497e-01 8.058912420543924426e-01 8.009959330117991660e-01 7.957902022440426215e-01 8.125232254239785901e-01 8.058420300362675315e-01 8.102156599229013434e-01 8.111485187571747524e-01 8.030163118934042776e-01 8.078474397869250812e-01 8.034511778304656016e-01 8.029155536115385461e-01 8.080737389994524511e-01 8.057751680479183776e-01 8.096440242155118483e-01 8.130275334474462712e-01 8.082909035134916431e-01 8.076954116934863537e-01 8.085180618029265132e-01 8.056623156564034494e-01 8.011411770118695985e-01 8.049091198325003527e-01
7.358753768930820227e-02 1.165189263762172744e-01 3.382022638453110464e-01 5.733619305871933136e-01 4.622420912514092484e-01 3.805009714497841755e-01 7.302481743670782288e-01 7.188965545261094547e-01 1.000000000000000000e+00 7.078718169644081515e-01 7.817876833189425501e-01 8.385058455844580649e-01 7.700395313014756216e-01 6.755983250411995433e-01 8.528758977860647628e-01 8.497264608134215136e-01 8.006575965201125911e-01 7.772487343495043666e-01 8.201564784585739787e-01 6.548063654372843212e-01 7.631842522380926086e-01 8.371724445310805285e-01 7.799441955385217895e-01 7.728090133977113529e-01 8.182852067818493502e-01 8.495273124247717522e-01 8.340964246002319227e-01 8.330712666591629789e-01 8.310347300337715959e-01 8.600780732718855681e-01 8.723412839010569186e-01 8.435306549150999311e-01 7.850972722980738006e-01 8.187101877752546164e-01 8.330409560709562955e-01 8.375863855830667504e-01 8.562505331253680296e-01 8.400477911928416752e-01 8.624159562803175305e-01 8.161207181976983804e-01 8.698581340499148551e-01 8.595538558625308578e-01 8.637997579229715894e-01 8.730503744317802406e-01 8.687443100682400443e-01 8.635410292184684256e-01 8.771558020223200192e-01 8.821457467902595884e-01 8.795487644899261381e-01 8.239715883913981687e-01 8.679234821268505540e-01 8.646045934095250018e-01 8.760192120009747674e-01 8.819021012988098596e-01 8.662019538351388714e-01 8.680622707306426822e-01 8.767467252896473662e-01 8.723926238201487049e-01 8.666907340079885724e-01 8.868373982494808239e-01 8.847588596880189282e-01 8.771294404098221031e-01 8.713480190806950354e-01 8.843082873114795905e-01 8.868052874269365393e-01 8.848298314500182560e-01 8.832356656959131636e-01 8.746592069815524173e-01 8.655296267739851501e-01 8.645455184039297913e-01 8.793608994612091001e-01 8.834760206669231009e-01 8.552612619757068435e-01 8.737717369826770719e-01 8.764044105849504440e-01 8.767187313661199966e-01 8.695725633857185333e-01 8.774588461986714272e-01 8.760648537702480088e-01 8.817714916377774603e-01 8.743361765248839346e-01 8.822427776620139772e-01 8.810160683005100468e-01 8.706730435149158120e-01 8.568718926236772448e-01 8.696350392271815499e-01 8.779085964337232095e-01 8.746567238087450402e-01 8.790247531452399787e-01 8.803964781771281833e-01 8.654858289509095304e-01 8.790038902150973943e-01 8.811335997766011063e-01 8.813354559062080984e-01 8.833518621822410433e-01 8.849978804794629283e-01 8.695927374060987702e-01 8.718349052928127119e-01 8.861249814066454178e-01 8.766332794397108108e-01 8.847884107772359119e-01 8.845253122350628106e-01 8.818434320980484964e-01 8.831406355358127902e-01 8.876911462672856246e-01 8.856811458781344015e-01 8.847713167906000598e-01 8.854725282368602901e-01 8.848143306668700969e-01 8.839007762883739350e-01 8.792493456197395529e-01 8.870396931988713263e-01 8.850376475216872318e-01 8.875284871802184838e-01 8.896230606456927426e-01 8.896536973652761082e-01
1.370838481798691139e-02 1.281035989235851935e-01 2.924237874713975782e-01 5.222975590982278371e-01 3.720563962058556218e-01 3.291681057408792355e-01 6.597062372635570382e-01 6.352503678536732812e-01 7.078718169644081515e-01 1.000000000000000000e+00 7.113077215968278688e-01 7.673267230423957974e-01 6.948032019718496377e-01 6.103103742412391286e-01 7.743798427350012670e-01 7.724709765434939479e-01 6.934832147316755124e-01 7.058532012612619422e-01 7.332709224618858546e-01 6.023152689088262512e-01 6.573100208348120477e-01 7.443573201229348735e-01 7.138088753609203030e-01 7.065831818032656253e-01 7.399693714418124069e-01 7.762351813876854356e-01 7.729085685027077268e-01 7.737810976056933576e-01 7.675355624864604875e-01 7.836491373310996433e-01 7.939531180386509845e-01 7.652680582501913964e-01 7.214531093475944346e-01 7.431012955565385880e-01 7.552258097011147475e-01 7.418037441125400200e-01 7.816797117733268463e-01 7.759532513970350820e-01 7.851300869275419370e-01 7.607199299047011642e-01 7.918179439913993756e-01 7.863483504742927455e-01 7.818451994028382535e-01 7.913970349643733027e-01 7.902816771863190315e-01 7.915739948192913600e-01 7.993540766987288215e-01 8.047989610312337172e-01 7.966804601823630483e-01 7.454850469009710601e-01 7.839848592317451015e-01 7.576605623819772095e-01 7.827108117781605978e-01 8.016086072603811896e-01 7.951086839224593694e-01 7.956932249032538929e-01 7.798131786402989762e-01 7.953163616991090201e-01 7.954001557342721407e-01 7.927991979685204971e-01 7.965442773264836962e-01 7.974956894579074973e-01 7.933728845651069062e-01 7.911573903765286575e-01 7.836397468164228997e-01 7.893742368288573230e-01 8.005767338522981058e-01 7.948927898261342051e-01 7.943539325572156473e-01 7.859699915655734559e-01 7.891981062461026486e-01 7.993518645171827641e-01 7.841734180006614263e-01 7.953720447135862459e-01 8.031586457458758099e-01 8.026505432059252154e-01 8.000243906045205744e-01 8.015594178941031211e-01 7.975904904314594646e-01 8.018572068171386791e-01 7.980751604098454965e-01 8.036473480732702068e-01 7.934039667038361721e-01 7.961596382329149124e-01 7.834545719949697062e-01 7.924340849613142890e-01 7.984280423280638583e-01 7.972715733095059321e-01 7.995034742041423614e-01 8.010576125436076333e-01 7.957923936133166620e-01 8.008305814163771963e-01 8.004548239446173108e-01 8.011764846065475565e-01 8.020910821130914359e-01 8.042879350909908354e-01 7.818090456947450750e-01 7.757609471138893209e-01 7.973981088887875934e-01 7.963971081793732587e-01 7.982600485881933272e-01 7.977407415323525264e-01 7.976829572108082855e-01 7.991535161966892842e-01 7.936303112707389085e-01 7.917969185774631491e-01 7.987628692379590278e-01 8.044794476940498873e-01 8.039472472275223103e-01 8.009090772077372966e-01 8.015754582579055487e-01 8.012515613353199395e-01 8.010221554915805120e-01 7.977092164615771086e-01 7.966392551542298417e-01 7.974266284418511930e-01
-7.512727486765984584e-03 1.227835938577361008e-01 3.407037737401957256e-01 5.793252335397075514e-01 4.431332187890527630e-01 4.066615330651245364e-01 7.399628715820150138e-01 7.203944596300734249e-01 7.817876833189425501e-01 7.113077215968278688e-01 1.000000000000000000e+00 8.591166131414148532e-01 7.775182671934784961e-01 6.792572263318377157e-01 8.598728640878907648e-01 8.459736198214649061e-01 7.564752522415864044e-01 7.800964586803521561e-01 8.126893495618774388e-01 6.647844544282365264e-01 7.607591662487220852e-01 8.255076599913564461e-01 7.874553577925614833e-01 7.906092570716429790e-01 8.231803538958919475e-01 8.470060837863873093e-01 8.449404680511382049e-01 8.438288454601061694e-01 8.373260916579421398e-01 8.634312009458099402e-01 8.849776562110545086e-01 8.527980932499285016e-01 8.097035880951637399e-01 8.407780347153146483e-01 8.422497141816041033e-01 8.250938326619470242e-01 8.689978404814271418e-01 8.612138724953173341e-01 8.715508534224385429e-01 8.441991127538102102e-01 8.777937131873666532e-01 8.764877788859569696e-01 8.658039479673431682e-01 8.773773444946652011e-01 8.733974256099025224e-01 8.744868098841559467e-01 8.833029728800539937e-01 8.820090787820370481e-01 8.791247450929914331e-01 8.413138197952069186e-01 8.725195497037244730e-01 8.424792310238007342e-01 8.682479383082528646e-01 8.747937637880488504e-01 8.667303049904370171e-01 8.721385843453741682e-01 8.540235619677538637e-01 8.772883883908457747e-01 8.760585677322682008e-01 8.753788643030593342e-01 8.775809163388760270e-01 8.743309887438780459e-01 8.691901785252128532e-01 8.714692233674344868e-01 8.653958739011846646e-01 8.667744078163802657e-01 8.827371590588433126e-01 8.789497411258510029e-01 8.790791941610668347e-01 8.710115229899084710e-01 8.816317694010726846e-01 8.832811497082621033e-01 8.718429172123922655e-01 8.814540547360494305e-01 8.840563203173418261e-01 8.820620414566763268e-01 8.809501921344949915e-01 8.802336217220592118e-01 8.817776938185274416e-01 8.854578899286181803e-01 8.847255254881764008e-01 8.887788426948104448e-01 8.759626624640525216e-01 8.824907565517738917e-01 8.742573138730849180e-01 8.811252656518648863e-01 8.839581035237498163e-01 8.853224275168180002e-01 8.856684573615590805e-01 8.811423968902161175e-01 8.806247852151000144e-01 8.860907409959918324e-01 8.861189356690960528e-01 8.865502149111875729e-01 8.859191576272704705e-01 8.866077712659422572e-01 8.663251504010649473e-01 8.600923597195357928e-01 8.814445520111252597e-01 8.822994406955549929e-01 8.817408610434231964e-01 8.826843784428033413e-01 8.813666536633711912e-01 8.850613249564650564e-01 8.765585375230676712e-01 8.706312338223919367e-01 8.831306806792865727e-01 8.866790257315301238e-01 8.844818915113297209e-01 8.851406563187794729e-01 8.860634851424277203e-01 8.840448495933856954e-01 8.821449094185799256e-01 8.797054549029994508e-01 8.772940439706968796e-01 8.794746731233051840e-01
-2.966781825460856285e-03 1.353157424149994403e-01 3.647003233183384041e-01 6.355419447651888820e-01 4.614543315571581483e-01 4.314518099317807276e-01 7.840128951718910999e-01 7.730318549786195925e-01 8.385058455844580649e-01 7.673267230423957974e-01 8.591166131414148532e-01 1.000000000000000000e+00 8.259539939698196109e-01 7.328814182269818289e-01 9.186315110240926840e-01 9.098091469630726902e-01 8.253721631398795999e-01 8.467310063380913965e-01 8.672431668102623670e-01 7.262995712024920003e-01 8.235664969239507860e-01 8.860608600773326460e-01 8.428500710714083022e-01 8.439420799874084445e-01 8.779500191086929695e-01 9.016201309087679139e-01 9.020562112782574138e-01 8.988177770779405273e-01 8.890766287041277360e-01 9.196951515026606794e-01 9.398713444562686314e-01 9.134109134130592444e-01 8.613624746806592958e-01 8.940424602233276730e-01 9.014645386816299011e-01 8.881058225253504190e-01 9.228776572631791630e-01 9.174818615547934986e-01 9.298668319935621263e-01 8.989328248698279511e-01 9.359563389470005879e-01 9.338795489163281838e-01 9.288055435142889005e-01 9.392715290141357976e-01 9.340547592311809755e-01 9.376207150531574719e-01 9.439868801174806645e-01 9.454113998933036944e-01 9.434164885485567531e-01 8.999175849633782587e-01 9.328135139035931278e-01 9.119951107208705832e-01 9.341711284048253017e-01 9.388811548409874419e-01 9.324004731278442426e-01 9.338508660003633777e-01 9.254066391592288277e-01 9.388396588489077432e-01 9.386085037572927670e-01 9.414420744036277044e-01 9.446810168936510266e-01 9.401736311569834914e-01 9.348762056961703593e-01 9.393458399719776253e-01 9.335630356156984222e-01 9.364133793920650373e-01 9.465731857979661212e-01 9.419829893845427238e-01 9.371254530358085200e-01 9.339008289968763199e-01 9.449255442160832130e-01 9.467250385878986929e-01 9.298222642805789029e-01 9.415031087143201916e-01 9.425061029601767837e-01 9.453648212703288367e-01 9.416038842542600040e-01 9.423130290468157977e-01 9.415161961983028460e-01 9.458668492851171061e-01 9.440722953152429486e-01 9.501122934735702907e-01 9.397453305259948486e-01 9.413318550486853287e-01 9.328672701279213664e-01 9.422349385224207952e-01 9.458542185175515815e-01 9.463919130784269607e-01 9.478488444340471553e-01 9.435638002453796691e-01 9.388009781737909343e-01 9.485524652950111379e-01 9.489849301296964246e-01 9.494799718373984065e-01 9.498012934594494139e-01 9.496531468694491274e-01 9.316171956659852205e-01 9.269726929499549906e-01 9.472117478439169291e-01 9.451215733878219893e-01 9.464627241847261008e-01 9.468657501151540590e-01 9.465330165582974686e-01 9.475639664671244855e-01 9.439690611166130507e-01 9.381945276875176543e-01 9.469781530356928823e-01 9.494072431704073667e-01 9.471442084755261615e-01 9.481212231853010097e-01 9.472944663546590816e-01 9.489434199825192984e-01 9.475512549377329563e-01 9.466801737890828683e-01 9.443869846877610552e-01 9.468976538128330844e-01
2.839013612639985223e-02 1.142242227278930516e-01 3.449835801749057129e-01 5.623839253375445546e-01 4.585414622652920769e-01 3.794877234178760661e-01 7.301716358312473343e-01 7.162493136204541866e-01 7.700395313014756216e-01 6.948032019718496377e-01 7.775182671934784961e-01 8.259539939698196109e-01 1.000000000000000000e+00 6.566638610376093199e-01 8.396954373144259742e-01 8.434533723840104136e-01 7.448735616619009958e-01 7.766537444319758787e-01 7.983635608422752217e-01 6.625152635807045609e-01 7.542126688971521054e-01 8.122338482490391032e-01 7.715831600348548314e-01 7.764248636059104536e-01 8.089467816679395407e-01 8.302490215637738924e-01 8.184224043437251517e-01 8.234140746102597275e-01 8.180935474160663246e-01 8.410649163764305491e-01 8.528300084970095174e-01 8.275708282301266205e-01 7.831424668924404919e-01 8.114082898824307444e-01 8.224665599676012073e-01 8.109056904050258030e-01 8.425682839383774603e-01 8.295635557432871066e-01 8.502484913788708187e-01 8.190127338580106553e-01 8.508123412026459276e-01 8.532231533168718185e-01 8.515898243557261660e-01 8.575122912550683374e-01 8.505486687626048203e-01 8.514750200641747480e-01 8.570036886486369632e-01 8.580547000968341553e-01 8.567225612359087306e-01 8.083722706770301025e-01 8.450404658075165720e-01 8.257154446621691735e-01 8.498920811538686060e-01 8.534762375186691896e-01 8.453519993643541230e-01 8.492235092476053682e-01 8.356598245626788435e-01 8.538219807290748919e-01 8.477530062759511820e-01 8.594398431384241421e-01 8.588934573791237037e-01 8.529064443324197997e-01 8.434146807327065343e-01 8.538148987615201690e-01 8.480086174490859552e-01 8.486914491215462597e-01 8.576382048458082163e-01 8.575227837352744631e-01 8.543961841866793971e-01 8.531238993611746091e-01 8.588793489653133717e-01 8.616306202529380176e-01 8.488942995317318996e-01 8.592164510766087115e-01 8.587012174016126487e-01 8.603115019231432070e-01 8.554257074349395085e-01 8.580500764554073179e-01 8.588014990221662925e-01 8.616322853680515870e-01 8.578481540003681793e-01 8.613017855421063462e-01 8.535536258127066622e-01 8.577177568131547636e-01 8.479875591650132272e-01 8.559915650335009341e-01 8.585626280285388878e-01 8.593771306015078881e-01 8.608630053579608976e-01 8.580945205540244647e-01 8.542760023720135099e-01 8.614433092700282124e-01 8.628332381949020968e-01 8.629928561577774326e-01 8.616010858440686926e-01 8.608893491392022312e-01 8.510341991109835469e-01 8.420639300561696405e-01 8.625400566757691623e-01 8.584596177917362958e-01 8.621077580093536863e-01 8.598697936983495937e-01 8.589616034941709444e-01 8.628013302562658193e-01 8.570432931495814977e-01 8.514885195191010947e-01 8.591042078375173974e-01 8.612636112100682251e-01 8.614250993871722661e-01 8.619376190474007382e-01 8.591364206014752147e-01 8.621155935496650491e-01 8.598524301669934200e-01 8.585148271892012461e-01 8.558245055033004700e-01 8.585237652946221543e-01
