1.000000000000000000e+00 2.793025390031172450e-01 2.015080429412919316e-01 1.742012825423090716e-02 1.211236768588508095e-01 7.809535673809941958e-02 3.541958820059895596e-02 7.394577615344430366e-02 1.695794070316061775e-01 1.113225453480088667e-01 9.246236970211708928e-02 -2.472582540508822327e-02 8.208695668059881601e-02 1.108449291789812864e-03 2.907579199677545398e-02 3.325129941109566944e-02 2.242707648515132601e-01 3.546799663961261451e-01 3.296097078014806336e-01 9.545548590550251289e-02 2.955115085733593383e-01 3.490963295216015783e-01 3.247688001101168842e-01 3.018544117482184208e-01 3.209957991696610335e-01 2.253822883950030997e-01 2.425126538816672617e-01 2.433347607370573429e-01 2.766589906331101689e-01 3.017676338249860590e-01 2.515802054541463328e-01 2.309730736506317439e-01 2.677357994340247016e-01 2.120483431545001907e-01 2.641338153791115140e-01 1.430488822211933297e-01 2.381867668227046209e-01 1.440970216817962224e-01 1.250961015258789388e-01 1.222406444874687276e-01 1.011716996994771606e-01 9.593310595193717261e-02 9.476681659397191704e-02 1.070717254638642313e-01 1.619617437179167729e-01 1.341798536231756378e-01 3.195071626850109342e-02 6.531887064817572253e-02 7.768010397084870733e-02 1.033820586456754148e-01 9.743338049086532060e-02 3.677298207191267293e-02 7.460216627570102899e-02 1.219722615957692102e-01 1.291393778769685530e-01 1.522003607521867086e-01 1.356168080444377644e-01 5.557747988401811473e-02 8.245315623678040051e-02 6.793191242124495266e-02 3.687079014944139033e-02 7.363084529589015992e-02 5.531621353544777936e-02 8.437532262281137452e-02 1.057439738296514636e-01 9.009067318693579629e-02 6.816468696890601309e-02 1.109217466103166044e-01 1.272969349629225477e-01 6.564436555001249007e-02 1.120878666960389985e-01 1.184266113923845565e-01 1.355178066314436103e-01 1.622586605882959665e-01 8.832264751196106101e-02 7.646237777186697115e-02 1.106916720488634320e-01 1.089701297011400893e-01 1.010685546913983324e-01 7.936138846315629602e-02 1.093639025258495018e-01 9.422793433454725032e-02 1.185584975711043432e-01 1.225460868550087290e-01 8.898945441204644813e-02 1.057530736599350263e-01 1.103096412775794455e-01 5.180113231471455276e-02 6.998406021424229129e-02 8.010826058222636492e-02 7.056493951581846447e-02 3.381538428207676861e-02 8.573145903838218229e-02 5.910507203369132212e-02 1.774240270998525201e-02 3.683039606810011024e-02 2.997792302116734919e-02 7.332552656088808796e-02 1.876973321015245819e-02 3.780081664537010555e-02 2.580525270615182526e-02 2.291749152213149246e-02 2.511370244048688818e-02 3.062624147702599359e-02 4.294923582347359020e-02 6.134107789192607546e-02 5.874623512319868124e-02 4.714551362614222835e-02 5.116272539722272611e-02 4.700231211201740672e-02 2.853675060176545999e-02 3.173664480078418337e-02 3.285656771953026495e-02 3.719667750616682811e-02 5.869502812585623147e-02 4.303815522949334949e-02
2.793025390031172450e-01 1.000000000000000000e+00 1.951762373365941161e-01 7.413045862383264850e-02 1.877120985770897588e-01 1.302449575923649849e-01 1.642662460101845245e-01 1.669066484233224790e-01 2.462530235679196156e-01 2.295558717613626620e-01 1.886560221929005077e-01 1.282188173668736830e-01 1.772036203597355530e-01 1.487223067322638870e-01 1.722168571686877037e-01 1.661736091727675224e-01 2.683477271364076988e-01 3.018989044061229365e-01 3.071601857360717891e-01 7.954693499164493253e-02 2.423818899735413201e-01 3.161851115236831156e-01 3.022669588534503404e-01 2.410605305776922780e-01 2.956875487726660645e-01 2.826138594599156284e-01 2.763399347406984008e-01 2.869924608117501164e-01 3.057385556152451556e-01 3.217911913337252461e-01 2.927541959106017555e-01 2.712287631984837133e-01 2.913380495846269458e-01 2.305673070151283421e-01 2.904616112971927788e-01 1.973885585700636269e-01 2.649072057563876537e-01 2.310842755730645182e-01 2.232022632088673242e-01 2.179342382653921550e-01 2.078156557062553755e-01 2.202443812219655461e-01 1.897711929758360005e-01 2.180833601910679154e-01 2.394745200611518576e-01 2.431107891491517126e-01 1.832156519039793985e-01 2.037299306822824285e-01 2.042669403791652349e-01 1.800180588008824245e-01 2.083413401852557412e-01 1.068366039129858558e-01 1.890918619024240244e-01 2.448396296754968560e-01 2.455148565596084742e-01 2.539166646925576365e-01 2.343962621772753829e-01 2.028198546067080943e-01 2.167761536499855091e-01 2.016356351164864391e-01 1.793533349603051164e-01 2.086376285587537849e-01 1.938899859955708349e-01 2.079200933897504266e-01 2.240782096512314581e-01 2.020339446560869834e-01 2.045096635252299788e-01 2.174428605658857705e-01 2.240987621935242313e-01 1.580006035454830648e-01 2.114461531209593514e-01 2.243570879029014586e-01 2.103845534029580577e-01 2.309640128992917207e-01 2.149505108609097159e-01 2.071359052281060154e-01 2.313097825970182320e-01 2.339126133923526696e-01 2.196696842993259291e-01 2.142139133775995963e-01 2.226571373135625420e-01 2.179138079396087113e-01 2.276467583408531281e-01 2.370284818417443540e-01 1.990744968863318587e-01 2.050830771562348609e-01 2.129847321190595777e-01 1.970126783156200545e-01 1.997715165029128326e-01 2.169681540707686096e-01 1.999265843689753130e-01 1.847690432758772872e-01 2.102730702197954660e-01 1.957233939990107863e-01 1.768531234705565947e-01 1.914548349973657360e-01 1.812442229184602904e-01 1.972109478623094991e-01 1.682364476397683883e-01 1.812715848254297657e-01 1.737271942855349860e-01 1.764923201004348630e-01 1.734184517991520791e-01 1.789408786884238434e-01 1.624284537370115356e-01 2.092940649905123685e-01 2.015263310776677919e-01 1.996087448677165976e-01 2.044902043743227760e-01 1.931917247666274651e-01 1.900893781388605097e-01 1.846889185102672803e-01 1.889369744279656427e-01 1.880764602034155353e-01 1.941157485317980824e-01 1.805502461927488700e-01
2.015080429412919316e-01 1.951762373365941161e-01 1.000000000000000000e+00 2.939401993562436588e-01 2.461282593883406533e-01 2.819801644824247999e-01 3.653824702744709607e-01 3.515584008945614736e-01 4.055978964895324834e-01 3.988170038804750850e-01 4.142503694995548491e-01 3.667703122231670831e-01 3.554884769844751657e-01 3.036658157992860874e-01 3.846959070815129111e-01 3.865866958495686734e-01 4.306242101431110303e-01 4.717848798309404179e-01 4.622837930194180212e-01 3.255627553907823324e-01 4.433468973621005893e-01 4.519636094209621424e-01 4.458114294607783412e-01 4.438772683927608154e-01 4.500551792681959928e-01 4.437563199396790115e-01 4.449491996001783689e-01 4.253206585202194412e-01 4.076574423386763457e-01 4.426740844644423412e-01 4.540225003912213841e-01 4.700673102314211205e-01 4.468321713564649134e-01 4.466338970416165455e-01 4.518153019244131041e-01 4.236681421624420296e-01 4.573721985775688337e-01 4.212497991644559292e-01 4.198499661348171208e-01 4.325209844582154073e-01 4.146697990899520514e-01 4.221342361478873650e-01 4.261827367995737470e-01 4.301484786774474878e-01 4.458352451667949579e-01 4.283406081479337879e-01 3.915274851021354197e-01 4.008640502548269646e-01 4.051241215121306749e-01 4.192727872257469013e-01 4.147846813496789964e-01 3.795401795564605774e-01 4.165189112310986319e-01 4.112203158513816348e-01 4.142390197047897682e-01 4.307534873920620955e-01 4.242959768427949085e-01 4.036749736849793990e-01 4.015432494328262658e-01 3.991347030857424483e-01 3.938288349658216059e-01 4.005527175392289418e-01 3.978978911194867574e-01 4.031056443904276754e-01 4.139890229907517982e-01 4.113024287959722858e-01 4.073884013391549375e-01 4.326329261992738484e-01 4.330661988231891413e-01 4.098691356692786836e-01 4.328275245944515071e-01 4.249103223605892876e-01 4.388338948311967802e-01 4.408095950201770807e-01 4.144408621778595814e-01 4.082059765915840854e-01 4.165692727576266186e-01 4.048130648318484237e-01 4.130880695871286257e-01 4.055782682169061792e-01 4.219207329028808462e-01 4.153835472598876311e-01 4.300167400089101588e-01 4.215768930178856455e-01 4.208078105870423080e-01 4.286187662429025713e-01 4.331835215736548061e-01 4.027840069680257984e-01 4.139589862847030677e-01 4.097362024090105415e-01 4.197873607094554371e-01 3.958250869785148729e-01 4.197262084834747498e-01 4.053161665811407244e-01 3.854990174447234796e-01 3.921822268845362447e-01 3.980156667805013204e-01 3.899951829563232941e-01 3.850585492209877003e-01 3.991804366825547623e-01 3.976313648174271131e-01 3.850554286282718008e-01 3.917437296059426144e-01 3.950678769976034288e-01 3.986386858519595511e-01 3.994740604304044540e-01 3.992769045075123535e-01 3.927862314573826175e-01 3.981501421354192161e-01 3.938510498370481061e-01 3.885444753437076737e-01 3.916732276432676185e-01 3.899512069509759038e-01 3.918693620639187025e-01 3.974645227635973943e-01 3.967494991281406702e-01
1.742012825423090716e-02 7.413045862383264850e-02 2.939401993562436588e-01 1.000000000000000000e+00 4.244168410314516082e-01 4.049518669178324703e-01 5.459287923031914680e-01 5.238182172023266858e-01 5.552366785912093983e-01 5.032311099153730094e-01 5.744443287185770908e-01 6.730738638710206390e-01 5.845304703428214621e-01 4.930000659635337956e-01 6.084147915187837485e-01 6.265780341541669074e-01 5.149166222001106963e-01 4.658864102681499197e-01 4.582967635629671688e-01 5.884739499657974937e-01 5.569303133483612944e-01 4.829859382357164499e-01 4.561278882230596077e-01 4.725001619076171222e-01 4.722220430199532970e-01 5.316544800130890147e-01 5.369385319468339413e-01 4.757412899754396851e-01 4.742236747220823778e-01 4.645234594564957575e-01 5.439813704255073157e-01 5.304828475354007589e-01 4.134250150839773319e-01 5.253113134013566166e-01 4.639829559234409095e-01 5.802127612338926488e-01 5.574571608367276943e-01 5.262160725186448840e-01 5.785288042722959156e-01 5.424317018732559559e-01 5.921794695978657153e-01 5.725180994252631050e-01 5.973038138799871000e-01 6.077775122201802827e-01 6.030835630606833364e-01 5.808706392900021553e-01 6.000210643397897448e-01 5.904128998958453334e-01 5.924195992724451409e-01 5.776298034666412784e-01 5.799708110307384423e-01 6.585997105791819850e-01 6.191735638207939152e-01 5.629101622332551846e-01 5.539163284104354767e-01 5.570082391606407946e-01 5.815360303464348624e-01 5.846558358042501791e-01 5.658900663368897632e-01 5.964314014266820507e-01 6.142655914951592466e-01 5.841750996718829692e-01 5.799713402482484792e-01 5.902792253888909935e-01 5.971319564876369501e-01 6.178498096551556795e-01 5.966656661091070957e-01 5.899922584540789883e-01 5.834737580356524900e-01 6.512538970943222427e-01 6.158088717829692804e-01 5.856763096113362099e-01 5.804301715551704044e-01 5.762209077967915816e-01 5.981695273834446436e-01 5.866641430898864584e-01 5.650423428806899961e-01 5.669584593919537729e-01 5.829342652383959766e-01 5.801410950236196573e-01 5.893602248474189009e-01 5.965904447729535320e-01 5.792721680006233109e-01 5.510940068728666930e-01 5.951977236308122476e-01 5.837291640493831313e-01 6.017793119802729018e-01 5.820755993472981338e-01 5.881725729243915124e-01 5.854990368921481059e-01 5.862517892372334227e-01 6.010638423469707448e-01 6.056654418618325764e-01 5.997537736261006058e-01 6.060308812706350912e-01 5.986891924389868835e-01 6.060827447161103443e-01 5.951028999406520192e-01 6.199193993264882074e-01 6.003547495239071052e-01 6.122545303479750567e-01 6.183107775027117947e-01 6.182294574916934460e-01 6.140941237237118600e-01 6.369665622106887026e-01 5.916224093532851391e-01 5.988510494873048318e-01 5.905066469368345228e-01 5.882641595381126187e-01 6.028284171654116896e-01 5.978587303834994593e-01 6.052957494877035938e-01 5.933006405429008812e-01 6.024912970277647162e-01 6.094328327267289902e-01 6.225395418773055356e-01
1.211236768588508095e-01 1.877120985770897588e-01 2.461282593883406533e-01 4.244168410314516082e-01 1.000000000000000000e+00 3.462016959643398062e-01 4.926429970214677434e-01 4.651509326308158609e-01 5.086683784234947714e-01 4.795805426146397821e-01 5.026933123266384973e-01 5.272668404797612451e-01 5.456207696575162691e-01 4.072269626665208087e-01 5.367420207990650782e-01 5.315302452942560762e-01 4.910238223290496196e-01 4.730458455183319533e-01 4.575716435466594678e-01 4.202980098631472483e-01 4.827173379592948343e-01 4.939175308786381002e-01 4.620978911348432860e-01 4.414389098150925395e-01 4.796040179498496370e-01 5.304690065904132945e-01 5.403756036521462081e-01 5.019813763463971679e-01 5.134603141735410992e-01 4.972953698084268681e-01 5.353918862520331556e-01 5.125119833762609156e-01 4.466041335529986056e-01 4.856187605988104283e-01 4.886731623088170773e-01 5.011447990195713187e-01 5.299276018353246132e-01 4.984711065466730928e-01 5.337106449591847435e-01 5.002055888881893342e-01 5.385693001769108479e-01 5.386758550619696884e-01 5.210924545361520499e-01 5.516558208023651932e-01 5.501180078998066936e-01 5.455210970140877969e-01 5.327831788569094007e-01 5.364962067089097397e-01 5.251040543171076047e-01 4.871191599170258124e-01 5.176570147359732532e-01 5.054664558595517443e-01 5.338009101165108738e-01 5.350077235355797933e-01 5.262486147438193429e-01 5.269384071558930183e-01 5.198634300198750058e-01 5.368027015100534927e-01 5.225697292570345986e-01 5.412822338542693235e-01 5.359221102045884644e-01 5.308262720015366476e-01 5.193650647678907939e-01 5.287172966881407143e-01 5.495826509060027787e-01 5.434012865520970736e-01 5.424231679438578091e-01 5.436390074484502843e-01 5.375959945036579146e-01 5.418170553401782108e-01 5.515413285531014509e-01 5.485671225129793438e-01 5.321137706858425354e-01 5.302466687474410856e-01 5.486350757302295156e-01 5.445998692338377412e-01 5.348761695035225694e-01 5.424340622058733130e-01 5.450890719332935896e-01 5.350535079349069134e-01 5.443231798141751066e-01 5.509202995957599436e-01 5.351575501124495871e-01 5.307365617811797831e-01 5.396600670812019551e-01 5.344403378727206055e-01 5.431320737259267561e-01 5.353903528681728252e-01 5.394647016151098429e-01 5.353256496987469637e-01 5.359302603123994313e-01 5.413658270676745543e-01 5.504030772446489861e-01 5.436194040575225150e-01 5.368702188945304599e-01 5.385934725644834220e-01 5.306855334969599047e-01 5.292466185597611839e-01 5.386967217575923117e-01 5.378887766678651650e-01 5.387803330267016966e-01 5.385989236745322151e-01 5.411385087401656691e-01 5.445181471055039468e-01 5.417040855739784222e-01 5.317116980715791419e-01 5.390004962058129179e-01 5.392659359748203096e-01 5.365945350785563672e-01 5.436362523580342554e-01 5.360486801544783741e-01 5.417764071094399725e-01 5.334971048532927140e-01 5.370438159918191623e-01 5.450020218300316577e-01 5.417892600291328575e-01
7.809535673809941958e-02 1.302449575923649849e-01 2.819801644824247999e-01 4.049518669178324703e-01 3.462016959643398062e-01 1.000000000000000000e+00 5.501112312476450494e-01 4.696456104851378655e-01 5.405445632428790281e-01 5.238941277458323276e-01 5.613821049685266962e-01 5.707043784871116410e-01 5.555175000685499409e-01 4.624095941068306903e-01 5.959346081955805285e-01 5.729506310117669088e-01 5.499804314360297042e-01 5.050252783389168609e-01 5.402878662410079968e-01 4.514603074613154354e-01 4.828944560202350633e-01 5.319479842471409592e-01 5.231028050370767346e-01 5.067632976282071544e-01 5.449124034154119167e-01 5.949846982895925507e-01 5.821014938359037050e-01 5.582196960572340938e-01 5.275708610785315722e-01 5.574985720283281987e-01 5.812999503837462667e-01 5.855156447408254028e-01 5.304969579556245707e-01 5.665581277672028238e-01 5.525495613523071503e-01 5.862469327111939910e-01 5.936844767831858105e-01 5.864747892062242007e-01 6.049129565225410676e-01 5.887142274043262180e-01 6.127752934926046224e-01 6.064195487588942557e-01 6.084663189171543030e-01 6.222317011774985973e-01 6.152982496161405468e-01 6.118062808820546872e-01 6.132160985507365547e-01 6.167194449662047884e-01 6.111391573490302376e-01 5.881804258973358790e-01 6.068710971386271913e-01 5.945995896138964731e-01 6.196568205780899063e-01 6.104111768153998030e-01 6.069353986506317300e-01 6.125466362659496289e-01 6.112959710145088321e-01 6.046476016296933320e-01 6.058746440418660839e-01 6.202127825302284903e-01 6.166504156233880707e-01 6.165756213441189182e-01 6.077831047787370933e-01 6.101341989218235229e-01 6.166307957601749878e-01 6.194291911282795438e-01 6.171780644895399348e-01 6.198709129639745630e-01 6.181853492656794735e-01 6.187579476276070523e-01 6.074140526567345377e-01 6.155938753803347208e-01 6.200515045509674694e-01 6.124613386491010170e-01 6.223057026456213503e-01 6.121830099657898927e-01 6.098635926214553971e-01 5.977423424284097342e-01 6.148175300672112931e-01 6.051745773064959311e-01 6.133748939857558424e-01 6.121087598742427360e-01 6.230885339497082009e-01 6.025674543679732098e-01 6.166827848423567238e-01 6.194633214016652678e-01 6.242015422784950029e-01 6.111672730085554450e-01 6.187477983820443006e-01 6.212948433186522568e-01 6.174558993210448321e-01 6.173442730902389819e-01 6.223137324830000372e-01 6.193115145470611260e-01 6.157414981017711453e-01 6.181722878148327993e-01 6.064671386152095112e-01 6.032589331409405897e-01 6.148112066135758003e-01 6.169218545345169780e-01 6.150255740083381273e-01 6.088354437936166486e-01 6.175036256750762176e-01 6.167486466766984865e-01 6.234463341119478308e-01 6.119656671959136096e-01 6.208877963303882641e-01 6.192071106897913957e-01 6.166372229074731370e-01 6.185024796790095092e-01 6.126107552075896745e-01 6.171679889759009718e-01 6.145247610412007955e-01 6.153412336949556360e-01 6.180570729636315486e-01 6.207381355250261024e-01
3.541958820059895596e-02 1.642662460101845245e-01 3.653824702744709607e-01 5.459287923031914680e-01 4.926429970214677434e-01 5.501112312476450494e-01 1.000000000000000000e+00 7.257774477552259018e-01 7.400799052103271825e-01 7.171885270285470737e-01 7.638505313220776971e-01 7.979221814411399105e-01 7.582931924525452283e-01 6.528253196536272229e-01 8.492925817889774853e-01 8.201362834419396730e-01 7.204459402509595378e-01 6.278397309697367756e-01 6.575628115024440001e-01 5.800310269921721273e-01 6.096729823284803285e-01 6.682540091697081186e-01 6.467485276120867876e-01 6.144015007772154480e-01 6.611238640557406399e-01 7.748321862786502479e-01 7.637400319902560852e-01 7.486043060194346177e-01 7.091365940751078734e-01 7.031888375310968442e-01 7.565310231209750880e-01 7.714626818186284263e-01 6.967469121391235420e-01 7.331494857880872518e-01 7.174688085730800413e-01 7.474940243550849406e-01 7.461370133808483684e-01 8.002863298045094220e-01 8.117675682586741326e-01 7.972547242162982828e-01 8.137543361088032112e-01 8.313091181447863631e-01 8.057208845054453228e-01 8.300798411358670803e-01 8.078222438707861608e-01 8.225969160875379327e-01 8.321505750168568527e-01 8.255318387846258821e-01 8.231851273334973573e-01 7.800143437445552497e-01 8.227988050837511391e-01 7.392593563841964865e-01 8.128889900886887565e-01 8.044052458584924903e-01 8.046803428160607119e-01 8.066831415395148142e-01 7.947826307186927064e-01 8.286059095892237547e-01 8.228738852694427175e-01 8.218796968671987502e-01 8.265151249249309551e-01 8.164084077023945341e-01 8.177416984479116691e-01 8.083408309936580549e-01 8.119676937527221527e-01 8.048147714690794263e-01 8.321930860097345173e-01 8.240175288691390376e-01 8.167182325860511405e-01 8.227861825913687088e-01 8.216569913709821371e-01 8.250264472902815172e-01 8.081972745904962840e-01 7.949386462739487236e-01 8.336083269668549400e-01 8.298513602583819093e-01 8.251981820500456921e-01 8.162140580307550852e-01 8.282405689277626548e-01 8.193860046656694651e-01 8.232962967128042431e-01 8.259222624911499722e-01 8.215132213747997625e-01 8.142730162398409410e-01 8.314698327845559955e-01 8.214899376481284987e-01 8.216884883927538796e-01 8.425895953331228316e-01 8.367542026526517684e-01 8.243280754676468591e-01 8.410009546058510033e-01 8.401039036800470594e-01 8.330229857037697583e-01 8.389646227283704683e-01 8.336654091812498724e-01 8.320794249656444652e-01 8.328437695952912723e-01 8.012297087092354886e-01 8.320014493012743984e-01 8.397991197521061935e-01 8.395389384791027698e-01 8.257071938964449798e-01 8.292538162166139815e-01 8.364304756066377466e-01 8.149541618398387088e-01 8.133040276872608443e-01 8.296327105785856748e-01 8.290892289071808419e-01 8.351747892094060211e-01 8.314855890998665844e-01 8.358950934491977680e-01 8.315081076924638603e-01 8.297991050417020675e-01 8.281353108689657461e-01 8.266687018542129284e-01 8.211757245419600837e-01
7.394577615344430366e-02 1.669066484233224790e-01 3.515584008945614736e-01 5.238182172023266858e-01 4.651509326308158609e-01 4.696456104851378655e-01 7.257774477552259018e-01 1.000000000000000000e+00 6.986530520693774449e-01 6.635882958533890763e-01 7.308258190275261912e-01 7.430570807915380938e-01 7.062487250469533517e-01 6.207259648529435125e-01 7.691286004241469909e-01 7.922865759472431657e-01 6.940290471584648069e-01 6.203652122647832501e-01 6.518287417230451686e-01 5.307197120764730602e-01 6.028907471588688116e-01 6.729165924675100108e-01 6.416622765995645405e-01 5.988557649883410328e-01 6.510261050519869919e-01 7.353578283242713232e-01 7.322130966841696731e-01 7.144588381968977053e-01 6.901807141374346477e-01 6.664980075978250706e-01 7.294463864910064599e-01 7.391378112041422366e-01 6.659008949927260890e-01 7.100421813277720817e-01 6.869105537955182417e-01 7.137636363364625591e-01 7.176054797488474746e-01 7.532085109735603412e-01 7.620708758273592176e-01 7.483564486518180514e-01 7.612521145139635736e-01 7.757141251293019346e-01 7.619970110767561033e-01 7.776688890697146528e-01 7.709880121233951833e-01 7.765887501565227335e-01 7.691004760466514378e-01 7.657629615430978642e-01 7.730052092025524457e-01 7.327431807008032427e-01 7.718178903845995809e-01 6.898182064603594066e-01 7.542851615519968744e-01 7.585635365285056109e-01 7.575014683815930461e-01 7.601255912943748472e-01 7.544176444170973550e-01 7.750628268280366218e-01 7.692722893447107024e-01 7.598705714453908300e-01 7.678724695203151818e-01 7.584256434472083086e-01 7.629602055217840073e-01 7.575646316800337399e-01 7.595106139848255555e-01 7.552097412459339854e-01 7.733650107738626600e-01 7.664343123258450241e-01 7.621892889903104651e-01 7.517827946988939747e-01 7.749903813196220570e-01 7.738737805366528999e-01 7.507102645147757380e-01 7.466433015277441632e-01 7.755731597479831319e-01 7.718704199153617607e-01 7.692796858557190420e-01 7.661787256750482999e-01 7.750401550723529098e-01 7.640051315917539831e-01 7.694092284967952722e-01 7.722453924480819909e-01 7.668099984001193192e-01 7.577641406443957894e-01 7.765065297043223236e-01 7.658632353457290876e-01 7.677713359694071649e-01 7.802398899961942025e-01 7.761178496220675349e-01 7.666943037045085285e-01 7.805074198206018998e-01 7.741917996565883531e-01 7.755847068778872755e-01 7.770225774749462966e-01 7.664875601004950134e-01 7.657457731752126406e-01 7.734831279137716065e-01 7.488621250024520837e-01 7.676852417455670707e-01 7.762629287615314677e-01 7.774003561419357000e-01 7.657941028970296493e-01 7.648229929284899864e-01 7.717022037543265212e-01 7.551609647059235320e-01 7.557028460958195026e-01 7.670476601906778269e-01 7.609924180102879410e-01 7.707427894158935811e-01 7.712810066707684875e-01 7.733587312888389187e-01 7.650431003688993314e-01 7.650064990355515127e-01 7.661292336290409510e-01 7.677433495167405031e-01 7.602726479061933107e-01
1.695794070316061775e-01 2.462530235679196156e-01 4.055978964895324834e-01 5.552366785912093983e-01 5.086683784234947714e-01 5.405445632428790281e-01 7.400799052103271825e-01 6.986530520693774449e-01 1.000000000000000000e+00 7.936278700919572326e-01 8.284723089762077164e-01 8.257089510773789609e-01 7.881510021636153329e-01 6.668479597942570392e-01 8.502771706511321748e-01 8.403265307084254454e-01 8.281431157536911503e-01 7.296519092106545923e-01 7.802355428968217321e-01 5.792154133834064300e-01 6.875115866759938799e-01 7.800728605624613898e-01 7.809192006233602878e-01 7.147103571565968094e-01 7.867573577847551958e-01 8.628293314746833254e-01 8.545694523290474631e-01 8.234554073569820831e-01 8.134711530832813287e-01 8.309240665664923142e-01 8.625631970974459994e-01 8.555166509042557710e-01 7.864326983670438809e-01 8.202954225638103836e-01 8.296287962690566120e-01 8.285451298525289276e-01 8.624858163844342229e-01 8.500618318654640237e-01 8.801428335531417124e-01 8.292059058705124608e-01 8.839854026600164616e-01 8.739437768180956523e-01 8.516828546560611946e-01 8.874265432099006645e-01 8.847473590647125796e-01 8.813189865720248983e-01 8.809378701775740783e-01 8.901262438639822028e-01 8.821234786890117530e-01 8.336422948466172267e-01 8.756051426111880476e-01 8.017160598700094898e-01 8.772730879894720113e-01 8.914156580520075090e-01 8.827668773562689086e-01 8.802404461080346465e-01 8.830218497934037014e-01 8.826073471863880027e-01 8.834428121467233774e-01 8.882538323100565014e-01 8.821674501111324007e-01 8.853875612850732324e-01 8.752433534276646832e-01 8.856043393927490737e-01 8.910456638238876126e-01 8.858309454984757414e-01 8.915659291387216800e-01 8.915485509350746796e-01 8.907390584255058252e-01 8.526940381925655066e-01 8.823561656602979530e-01 8.946562333640195597e-01 8.727646780933098203e-01 8.802228668605940332e-01 8.931315588208701417e-01 8.892890084783809934e-01 8.796687780552714386e-01 8.851331782841572737e-01 8.867479576376327000e-01 8.859614854950880192e-01 8.950832983893307615e-01 8.927372618724136455e-01 8.867827474893802409e-01 8.870814387838724668e-01 8.823144634882333914e-01 8.823060324306687408e-01 8.880132727384232316e-01 8.756550081089857773e-01 8.868070344206813171e-01 8.806828149233283387e-01 8.739583882142212268e-01 8.811327389049052883e-01 8.926387910326615271e-01 8.859885250318497718e-01 8.794488461815191949e-01 8.854879998539131325e-01 8.619093899104192102e-01 8.644685717637284883e-01 8.737505003327137310e-01 8.731956356924414075e-01 8.724369960700020243e-01 8.689344266589925647e-01 8.801431937949573125e-01 8.798797771925512823e-01 8.721914905184232625e-01 8.782080911843861415e-01 8.852056678193962469e-01 8.841079128809383736e-01 8.834167901448981564e-01 8.846936331329060543e-01 8.743085025250801889e-01 8.828651711896604581e-01 8.800763001468269175e-01 8.828276420642365840e-01 8.874589493926340333e-01 8.813467207982375040e-01
1.113225453480088667e-01 2.295558717613626620e-01 3.988170038804750850e-01 5.032311099153730094e-01 4.795805426146397821e-01 5.238941277458323276e-01 7.171885270285470737e-01 6.635882958533890763e-01 7.936278700919572326e-01 1.000000000000000000e+00 7.922531046367043972e-01 7.878145524078693507e-01 7.668857317328202639e-01 6.374572541510430401e-01 8.241709007548603250e-01 8.116557773421209099e-01 7.825063972714110250e-01 6.763274280382685077e-01 7.303021063497162624e-01 5.162151847536405880e-01 6.243471277823731125e-01 7.206007400271905450e-01 7.180689946098079979e-01 6.594897210719663505e-01 7.319708587114537313e-01 8.192445586150313153e-01 8.135004850010977284e-01 7.819131628260732603e-01 7.692761970797944437e-01 7.833730907469175220e-01 8.193360885313211162e-01 8.142659896960117161e-01 7.534757505473883565e-01 7.744518785987339893e-01 7.890784666538614989e-01 7.851332727837437853e-01 8.070669364944929036e-01 8.221660496512385174e-01 8.386501443140513823e-01 8.016179156477328815e-01 8.493488427500698323e-01 8.445323147329777402e-01 8.133253363970909255e-01 8.538640992711982181e-01 8.449720521181670607e-01 8.489584783403447688e-01 8.546109778710709870e-01 8.617447523265788778e-01 8.483477113884315690e-01 7.992178936604062978e-01 8.387740845911495491e-01 7.423103865608813301e-01 8.401598533191609874e-01 8.588788102665736446e-01 8.491208790500768266e-01 8.463880320619817654e-01 8.412131609995682213e-01 8.549532527063098408e-01 8.537780069875094968e-01 8.559504148727423711e-01 8.490124871594685318e-01 8.552515876629493974e-01 8.490871017687174893e-01 8.517945920693842377e-01 8.489686226556556470e-01 8.460558587094088034e-01 8.610048725994063901e-01 8.579393874639333895e-01 8.538043758188004206e-01 8.082344661447207201e-01 8.416430281134357205e-01 8.596303898376398411e-01 8.367841631382965106e-01 8.382833706250990558e-01 8.608072888964133362e-01 8.595922287074179158e-01 8.497965953714409215e-01 8.541811718490019967e-01 8.540139812629403693e-01 8.569210505887303597e-01 8.600469409971305268e-01 8.594613753979525317e-01 8.551717166914188928e-01 8.558950824847358918e-01 8.505368250142038011e-01 8.474093272781330066e-01 8.518711619937143764e-01 8.521278552319719868e-01 8.563282858785384866e-01 8.533752637670050101e-01 8.458818338708296025e-01 8.548101706675232947e-01 8.588537445575691320e-01 8.571062352126446182e-01 8.530360579834513901e-01 8.590374704007933682e-01 8.347799199213780108e-01 8.315965656198522904e-01 8.443617470002704462e-01 8.469573226195344917e-01 8.426898907881832379e-01 8.423738611463682524e-01 8.478776889407014794e-01 8.515133570039705724e-01 8.350378219342736719e-01 8.504034079594492423e-01 8.555852404138984957e-01 8.584767006783605714e-01 8.569811258542413546e-01 8.565944605572147763e-01 8.506159197220332091e-01 8.558990248282550839e-01 8.551517300452722292e-01 8.557421367601329987e-01 8.555070375906985713e-01 8.483184059559164547e-01
9.246236970211708928e-02 1.886560221929005077e-01 4.142503694995548491e-01 5.744443287185770908e-01 5.026933123266384973e-01 5.613821049685266962e-01 7.638505313220776971e-01 7.308258190275261912e-01 8.284723089762077164e-01 7.922531046367043972e-01 1.000000000000000000e+00 8.613299553754536486e-01 8.098437214335467704e-01 6.926192455938927628e-01 8.752325731497606620e-01 8.649756561652280906e-01 8.241977714153029266e-01 7.168361430099426945e-01 7.639004342485113952e-01 5.970060900144836813e-01 6.690739679294998021e-01 7.552443109206262717e-01 7.531396529105669480e-01 7.005423061993101275e-01 7.647838885408085874e-01 8.612376825932570590e-01 8.560979514688208392e-01 8.234162863792707787e-01 7.986356005379249279e-01 8.087569858910884646e-01 8.597070870717241631e-01 8.566584917860011750e-01 7.841297321734401748e-01 8.213684648555605872e-01 8.161818086085637081e-01 8.380816814012657101e-01 8.506316111271002844e-01 8.702770115907790816e-01 8.904911965472260826e-01 8.583402015795416062e-01 8.981609615284554815e-01 8.973249794612673247e-01 8.752356830560595879e-01 9.084791133471596947e-01 8.974041251224871285e-01 8.971868234171123113e-01 9.066547276038814385e-01 9.090432998618912519e-01 8.996661726814714211e-01 8.556493180619092476e-01 8.958316899727339910e-01 8.211997534418041811e-01 8.953958495549313445e-01 8.974492991140988751e-01 8.935998441407271287e-01 8.898332632348755489e-01 8.927246142955003183e-01 9.073447234442280074e-01 9.023467327273730909e-01 9.030752093652577583e-01 9.041798308449058297e-01 9.032141829547439826e-01 8.981606927346112990e-01 9.015767264981620066e-01 8.998169088972892693e-01 8.976814979058131971e-01 9.114417163955604861e-01 9.075677788203174723e-01 9.011888684611667477e-01 8.728301858112674783e-01 8.959380128064998727e-01 9.086492215215949964e-01 8.879180013825667128e-01 8.879637275447367362e-01 9.118631160462026264e-01 9.104992318583060573e-01 9.011869924738660220e-01 8.993742052252957642e-01 9.062337650904201958e-01 9.066782860328698179e-01 9.095522895570954391e-01 9.120579267229385056e-01 9.037741951739751700e-01 9.003556691103064002e-01 9.047520697511666210e-01 9.013460146723919486e-01 9.051656713188235281e-01 9.059556374958399605e-01 9.097076925795311020e-01 9.027772993709906046e-01 9.019697848483558822e-01 9.069823159488333841e-01 9.126955368795506285e-01 9.113093761249541069e-01 9.057224705363980943e-01 9.082746500079091900e-01 8.933846351660338359e-01 8.827628745704618751e-01 9.012897904149923534e-01 9.030268639876176673e-01 9.051955829656825880e-01 8.975369373992220234e-01 9.032136103469764477e-01 9.075860237941721920e-01 8.966439845956146737e-01 8.987419634574287386e-01 9.048256600132865701e-01 9.046781949714645110e-01 9.062571617939997326e-01 9.064931629514823008e-01 9.022343882322175768e-01 9.069947859425574466e-01 9.060312409772270925e-01 9.080064425973503051e-01 9.068848648060202633e-01 9.032322141231586832e-01
-2.472582540508822327e-02 1.282188173668736830e-01 3.667703122231670831e-01 6.730738638710206390e-01 5.272668404797612451e-01 5.707043784871116410e-01 7.979221814411399105e-01 7.430570807915380938e-01 8.257089510773789609e-01 7.878145524078693507e-01 8.613299553754536486e-01 1.000000000000000000e+00 8.321655001365640958e-01 7.137525883039610441e-01 9.023490933875429887e-01 8.989111905502877864e-01 7.866182741003828749e-01 6.453595084116455771e-01 6.863557387661688436e-01 6.537578172386280251e-01 6.568484496412805296e-01 6.903482790497638133e-01 6.780375548307098210e-01 6.432469898908508288e-01 6.963764499981984768e-01 8.170983447212517570e-01 8.123815184634018971e-01 7.614068234955024828e-01 7.394123114658569529e-01 7.446976934573051876e-01 8.189104470407425618e-01 8.147216006603651417e-01 7.049735639483249994e-01 7.886607295710450494e-01 7.607346527545432169e-01 8.414689315629716448e-01 8.223912279898003552e-01 8.413706788014005955e-01 8.853943897227573023e-01 8.348654740766613402e-01 9.011875300894363061e-01 8.866630666762134183e-01 8.834469155712293409e-01 9.085806720194465891e-01 8.882595263056427548e-01 8.828140900732592833e-01 9.282927982055051430e-01 9.189368432187231539e-01 9.116572200535175696e-01 8.580371504857787768e-01 8.940863589254308685e-01 8.749001950901295066e-01 9.143507934016208427e-01 8.892301128452978487e-01 8.805198870945791789e-01 8.708344078243790420e-01 8.915696271750784829e-01 9.135975964725183696e-01 9.012353691201092643e-01 9.200104762500308508e-01 9.321661072026905526e-01 9.145985714428375157e-01 9.123634941982111668e-01 9.137951764141458710e-01 9.094843399442807952e-01 9.190979009623628793e-01 9.194885183404321038e-01 9.019694781124207861e-01 8.928041835691632455e-01 9.097273142700681436e-01 9.036612142914646206e-01 9.014458977035586518e-01 8.734965524085103183e-01 8.679211517899269035e-01 9.156157599228718080e-01 9.149375544404899641e-01 8.869899944933852254e-01 8.902805504146580340e-01 9.003792002303413478e-01 9.062521383925158380e-01 9.075886497489544791e-01 9.140627217891498235e-01 8.959681723563267530e-01 8.822522594168487053e-01 9.058770861849761991e-01 8.946460356797085733e-01 9.064431983474349197e-01 9.079909115797393238e-01 9.123223451886134372e-01 9.035221480006953021e-01 9.030781318301117633e-01 9.248968402745921802e-01 9.199979438457869252e-01 9.197422480595380812e-01 9.313003566982787085e-01 9.275396677715228577e-01 9.087147559931906260e-01 8.953663070594823914e-01 9.293016938063113352e-01 9.172027256493259229e-01 9.249399865486126471e-01 9.227110644735586620e-01 9.317025946481127807e-01 9.300572894921063094e-01 9.273170497702633019e-01 9.080156165143926650e-01 9.188510020753533070e-01 9.202346236049705475e-01 9.154699789090336992e-01 9.241795854522183440e-01 9.197135461020525815e-01 9.296186233104559715e-01 9.218526061995202525e-01 9.266691459635250094e-01 9.265044236446133841e-01 9.302463878191962188e-01
8.208695668059881601e-02 1.772036203597355530e-01 3.554884769844751657e-01 5.845304703428214621e-01 5.456207696575162691e-01 5.555175000685499409e-01 7.582931924525452283e-01 7.062487250469533517e-01 7.881510021636153329e-01 7.668857317328202639e-01 8.098437214335467704e-01 8.321655001365640958e-01 1.000000000000000000e+00 6.717779786683923948e-01 8.593205960805891941e-01 8.456411105908974157e-01 7.686026385248476700e-01 6.728306784783111283e-01 7.189878984571959064e-01 5.908465488179907021e-01 6.599975847714462107e-01 7.245577003673506766e-01 7.143188890252244461e-01 6.666429526952563078e-01 7.362011317852380499e-01 8.264901379652552782e-01 8.192387686102090560e-01 7.841135109612347165e-01 7.656521070293265119e-01 7.742583064870768306e-01 8.206349097709894069e-01 8.005328854553648288e-01 7.207641913021597402e-01 7.660319331968467038e-01 7.704147156145294550e-01 8.016169459754036719e-01 8.205731364652503190e-01 8.116498404818680568e-01 8.497055258866160754e-01 8.135042452390202072e-01 8.673943300463266004e-01 8.623781148024085574e-01 8.388923676316923927e-01 8.750368894519741092e-01 8.648743502798792449e-01 8.630843710407145597e-01 8.743263155126597130e-01 8.768896460581395713e-01 8.607090086691310260e-01 8.069494182992605902e-01 8.482762309852741600e-01 8.123448045673200557e-01 8.630368257978352498e-01 8.639897186578019417e-01 8.501671019279181118e-01 8.469188232820615836e-01 8.469889952709609426e-01 8.695572236686892609e-01 8.571313392366692874e-01 8.767168593650608299e-01 8.734988269561863028e-01 8.655686726680816845e-01 8.556729877851111388e-01 8.608946966073276474e-01 8.739040546328724623e-01 8.712966610077951257e-01 8.760468189652699245e-01 8.717679092960068932e-01 8.657367103810886810e-01 8.529240606130610303e-01 8.656687522700136084e-01 8.746953397688481679e-01 8.500119489439872389e-01 8.541493707386356160e-01 8.809560213491329783e-01 8.771940712039655308e-01 8.626237696526163345e-01 8.628210368070322600e-01 8.713826308570213897e-01 8.675470595286149944e-01 8.736390640773168403e-01 8.768943922665033419e-01 8.652768779769006713e-01 8.546411334369468094e-01 8.665235241861940496e-01 8.601835527921988245e-01 8.720202380795624153e-01 8.676629524973921148e-01 8.720672911213104284e-01 8.686244976147093899e-01 8.666889974164873056e-01 8.792947736995476715e-01 8.811782800899879975e-01 8.794188559187999799e-01 8.765524087782935458e-01 8.780126498941761559e-01 8.585985478616422473e-01 8.533200399167170103e-01 8.736207423484060319e-01 8.716277118229599497e-01 8.724156710747973387e-01 8.712095137847195581e-01 8.789061682624246252e-01 8.812122801042838738e-01 8.752439321936129613e-01 8.645458498357557753e-01 8.733720330977401414e-01 8.766965899039748100e-01 8.731554854150199718e-01 8.794981452132906163e-01 8.712997744963095759e-01 8.796568090318425126e-01 8.731798269396876533e-01 8.742590117127246874e-01 8.811087544024901463e-01 8.786743039245077380e-01
