1.000000000000000000e+00 8.641045919963410982e-02 1.289860500389075348e-01 9.465065078808701515e-02 9.564088438922892232e-02 -2.729449508599071650e-02 1.579978972706530885e-02 6.401494564360776796e-02 2.021854961087734270e-01 6.319963782408580255e-02 6.375653090476109119e-02 3.295754648720423952e-02 3.549303590376770567e-02 1.664189732300771010e-02 3.411549888684350246e-02 5.385199160355860770e-02 2.068980657503312337e-01 8.877799851251501340e-02 9.638831245597681563e-02 6.304773460865781276e-02 1.545283997456521341e-01 1.092700276469241727e-01 1.226416236147711419e-01 1.078993890709959991e-01 9.878100834641881378e-02 5.677843347746500818e-02 6.103134477932858903e-02 4.151966607191246578e-02 1.254376526788909540e-01 1.087394780037642394e-01 8.142359342254711085e-02 4.697034932206790858e-02 1.377881553799193207e-02 6.857411677443231435e-02 5.980809539750898962e-02 2.353492479744798485e-02 5.469226239031411280e-02 -7.592989315025232755e-04 2.396479626625025450e-02 -9.242740478252201020e-02 2.712836027329831694e-03 -1.567844789134197059e-02 -2.724313680598451637e-02 2.118333860458929824e-02 1.536843189101712824e-02 3.080269737407115033e-03 1.264153719534638100e-02 2.521801760490210986e-02 4.256263636978682013e-02 4.596175018853783378e-02 8.636870831871663184e-03 6.731293231490778628e-02 4.271902831513170462e-02 5.567547758905373734e-02 2.397694494103009416e-02 1.939977809626889510e-02 9.221368520480338615e-02 1.913418569577984493e-02 3.169516672925589643e-03 6.131319339802455970e-02 1.875658399446727617e-02 2.613320886884522298e-02 8.355081791753494677e-03 6.314314585948636871e-02 9.583182543446178148e-02 9.535128397137720979e-02 4.260712768278596824e-02 2.438192629005325740e-02 2.501359878315816132e-02 2.609246381795379474e-02 3.775481199415475081e-02 3.085032144250668060e-02 1.854074280183485093e-02 2.651034741502958023e-02 2.601678555643827800e-02 2.347480830223490356e-02 1.881685733102356900e-02 6.058289869951704459e-02 1.810990947203271195e-02 4.405529554494305028e-02 3.137822099696500194e-02 2.540429812849405097e-02 3.759226334876675929e-02 3.411085778715907540e-02 2.996127199823310494e-02 2.844187476666634740e-02 1.074570630722867983e-03 -4.349001283699492626e-03 8.264148491598689514e-03 2.468316601672010391e-02 -3.049573812953416604e-02 -6.073188087813455489e-03 1.130862309808613715e-03 -3.010924208011641658e-03 2.799666494397549509e-03 1.250047212279580683e-02 -1.923445580499762858e-02 8.781767337431314879e-02 1.110163367261832526e-02 -2.228550137808898556e-03 -1.329123936793110555e-02 2.338274017200778210e-02 2.750846791745899939e-02 1.076187570129793700e-02 3.810572191718078483e-02 5.633697632479132966e-02 3.807586795174879718e-02 1.919512645101154741e-02 6.472823016781400866e-03 1.096106078098326927e-02 -4.854802959215127542e-03 3.581580500057543470e-02 9.964658482772290396e-03 4.213025921678043018e-02 6.568143576877304157e-02 6.570697938453931575e-02
8.641045919963410982e-02 1.000000000000000000e+00 1.625500708475037526e-02 8.093049337740686189e-02 5.678797464153298447e-02 8.521166600260741963e-02 1.157900279814558925e-01 9.446295131113327526e-02 1.514104400145713236e-01 1.628324926600610012e-01 1.447453321244410451e-01 1.303136819770510657e-01 1.322914211321358224e-01 1.234844069755406948e-01 1.398820300288009799e-01 1.143060772632346067e-01 1.603589017722474863e-01 1.437936811632875012e-01 1.445120400709996866e-01 7.160158345945943914e-02 1.081305134444671412e-01 1.367913821620769521e-01 1.464962012915018152e-01 1.391392879515149228e-01 1.456834597306097823e-01 1.461861943039054756e-01 1.447206719359148130e-01 1.412093235401688518e-01 1.520190796051580084e-01 1.453306359662906166e-01 1.521506083689174171e-01 1.388086544454395499e-01 9.872710456762438802e-02 1.434329862346470363e-01 1.327291990144460754e-01 1.015095818315910753e-01 1.215558901262020902e-01 1.403661499440916616e-01 1.404886749285645386e-01 1.053280547325470967e-01 1.510154277937826306e-01 1.339316816360807683e-01 1.148475375785710934e-01 1.371864394003964316e-01 1.347076473291572707e-01 1.345552597450021259e-01 1.488666002363474850e-01 1.522952742859588204e-01 1.519148045555794024e-01 1.368935071584051755e-01 1.419401857349661678e-01 1.238542745149784075e-01 1.381792874968763851e-01 1.520222613787698407e-01 1.440830619629066278e-01 1.538898712054381501e-01 1.487430492222163447e-01 1.399194811802554339e-01 1.447084874861382653e-01 1.514239525725089852e-01 1.429957624663857063e-01 1.482365773369597184e-01 1.412866981968032287e-01 1.506601533751415756e-01 1.539626138971758595e-01 1.536343160011606479e-01 1.564047609405667116e-01 1.546628312008527795e-01 1.527376078725917741e-01 1.414891386907713711e-01 1.499588059387164662e-01 1.536579781306079973e-01 1.559262612339592236e-01 1.547254572806714967e-01 1.554144620244434782e-01 1.508394028922330765e-01 1.519039781608409467e-01 1.617224150127067606e-01 1.487725496626891020e-01 1.545719453466511406e-01 1.541639235460972868e-01 1.519572464386224897e-01 1.545762595983941334e-01 1.475282184020525467e-01 1.516740948575389103e-01 1.550753602088340843e-01 1.341422724788821630e-01 1.481469765135429162e-01 1.444959220401396960e-01 1.527139649939873167e-01 1.356706382221239127e-01 1.451287198434423609e-01 1.412072388256286337e-01 1.479105910411619706e-01 1.510717426925229090e-01 1.516265809953028232e-01 1.346756793393681928e-01 1.533800845800179224e-01 1.476399120759868955e-01 1.476740452861446673e-01 1.395055437086365480e-01 1.481393187921798693e-01 1.410964556764846556e-01 1.449567206612207004e-01 1.428950828985893762e-01 1.482983064889436819e-01 1.541063803044573910e-01 1.530738178974457853e-01 1.517767332881451159e-01 1.487050529793145504e-01 1.488682192466914134e-01 1.504216965616790302e-01 1.490704828785527902e-01 1.527559458131143577e-01 1.545175747189063975e-01 1.512335475536621121e-01
1.289860500389075348e-01 1.625500708475037526e-02 1.000000000000000000e+00 3.653158416254073115e-01 2.092367564547077396e-01 2.170585957127678656e-01 3.903737737507094185e-01 3.633549617881422500e-01 3.767034393564608896e-01 3.173334158487980949e-01 3.978083779544798748e-01 3.941272747280448185e-01 3.398780481205485038e-01 2.602872556270635074e-01 3.893904130259183693e-01 3.989983749134808355e-01 3.816663843346254636e-01 3.836173097822444533e-01 3.806694102096550569e-01 3.787968288404409689e-01 4.587802638845900338e-01 4.163479301683880029e-01 3.946044009450810908e-01 4.109320977643660111e-01 3.769352319472212276e-01 4.042898609194632287e-01 4.040372314017668942e-01 4.161742860040940073e-01 3.916803005752880762e-01 4.074298555064134741e-01 4.086204141074324947e-01 4.227342363387555646e-01 3.767999358426467604e-01 4.194729059819180539e-01 3.961548789059810560e-01 4.109521874541181008e-01 4.125231273334409865e-01 3.964685965601441597e-01 4.089581644688986550e-01 3.880144092556306878e-01 3.901784003896683894e-01 3.971512480289569602e-01 3.772635152261366587e-01 3.934065476502264791e-01 4.207231305146389988e-01 3.976844368812164077e-01 3.777639350428169673e-01 3.820714344277754138e-01 4.052799714503664830e-01 4.143850461493653325e-01 3.932802174403046136e-01 4.210500683926591270e-01 3.987955718328092258e-01 3.809222578109967561e-01 3.879058057468967036e-01 3.924363483257166663e-01 4.017677207003139128e-01 3.763181350084931487e-01 3.773569468804926497e-01 3.801755325293529331e-01 3.787217327088263086e-01 3.699270034739818858e-01 3.902519425894205862e-01 3.832961646253864041e-01 3.873986278282423590e-01 3.896913655894194695e-01 3.883557774855223577e-01 3.856248298087174287e-01 3.955724251718478746e-01 4.064464004136656428e-01 4.023826850281779222e-01 3.861186681189116010e-01 3.875457827786481513e-01 3.834496679869484059e-01 3.892591243843063209e-01 3.904786285089842934e-01 3.942885518025512903e-01 3.945409010096577185e-01 3.935448879443427250e-01 3.899239616729031632e-01 3.812045142902910078e-01 3.861481564287637669e-01 3.990830169496398794e-01 3.880590608544605136e-01 3.974926952483370801e-01 3.975828719167008862e-01 3.944691729945962733e-01 3.906520721671664087e-01 3.895066049561166643e-01 3.864739807959259865e-01 3.956194337027290064e-01 3.890939281068538924e-01 3.906896692779569524e-01 3.909163661897576136e-01 3.738093853377898457e-01 3.767164014919754944e-01 3.979419373658316661e-01 4.001537146420607871e-01 3.828547979503374998e-01 3.882456465871720885e-01 3.840151324991654125e-01 3.875813579951322696e-01 3.891553688050761184e-01 3.851534791378078415e-01 3.996879700126326762e-01 3.871983915961307865e-01 3.889395192536423407e-01 3.769835879344060059e-01 3.858322393939389583e-01 3.825055280998296836e-01 3.790765464355692616e-01 3.810748066647111632e-01 3.751275196166444226e-01 3.818280461107456669e-01 3.821641707242700581e-01 3.861722624869587395e-01
9.465065078808701515e-02 8.093049337740686189e-02 3.653158416254073115e-01 1.000000000000000000e+00 3.543894141718311741e-01 3.615390785759666215e-01 5.921472027940517524e-01 5.540575664251815580e-01 5.578956344935586120e-01 4.645838379748162272e-01 5.871919102866250961e-01 6.143701510210131111e-01 5.417150880917424027e-01 4.618414663374181273e-01 6.246542813252304871e-01 5.997110026958484275e-01 5.588285094007761078e-01 5.377188799214402959e-01 5.565344456328402689e-01 5.407848264435310970e-01 6.365770978251790169e-01 6.158742950947021511e-01 5.870888013148889417e-01 5.841965259617644124e-01 5.635979441506683285e-01 6.232626995976369155e-01 5.873503132028421447e-01 6.095504478075347565e-01 5.557586167430424995e-01 5.719060635818397076e-01 6.097147974167647089e-01 6.178871202191549283e-01 5.486556941142698429e-01 5.983249676469789557e-01 5.658851500203845308e-01 6.124688393255542929e-01 6.167381842479605636e-01 5.990603124412769986e-01 6.194861864437123389e-01 5.873906806306693484e-01 6.047791166617695335e-01 6.110543145325115777e-01 6.029377575149328372e-01 6.119634773706307262e-01 6.325555517574613651e-01 6.108047366298927638e-01 5.907236413672235509e-01 5.857086497139328829e-01 6.063646532968871572e-01 6.093677643601367322e-01 6.012169508184739275e-01 6.244791996518282984e-01 6.045247731642922062e-01 5.745377947462267931e-01 5.792580823407746937e-01 5.995653738379795872e-01 5.946772749111003398e-01 5.929945603172801505e-01 5.750424307891817133e-01 5.938836128269735504e-01 5.995809790179209564e-01 5.763159807209402574e-01 5.888938949312283455e-01 5.929262516908979652e-01 6.006318999902322542e-01 5.948429242290560470e-01 6.007861788745987308e-01 5.965846934104553911e-01 6.060647484707905042e-01 6.236170617439124042e-01 6.197164663867880119e-01 6.003638821353018962e-01 5.965749002338144313e-01 5.932144792582982884e-01 6.062211577075181657e-01 6.007799216105187412e-01 6.045143559653055609e-01 5.866535472141751750e-01 6.094332283882148982e-01 5.937941983645083077e-01 5.978853437731419529e-01 6.000864026824413999e-01 6.119932642537259104e-01 5.908063450844146525e-01 6.122089536863081216e-01 6.084639565616358770e-01 6.110423135655626004e-01 6.078268265466258979e-01 6.045559324525853206e-01 5.943374548351224584e-01 6.092703356933907299e-01 6.071211590526117696e-01 6.070225766257389965e-01 6.094916223214928985e-01 5.900199877099820966e-01 5.877203046627728078e-01 6.191767297168431217e-01 6.086567799059299233e-01 6.032329413840795684e-01 6.089270878672183862e-01 6.055464081037519319e-01 6.044126251739340150e-01 6.077146680493227260e-01 6.067752994003036138e-01 6.207427906990761191e-01 5.955082561357371018e-01 6.039990539224707744e-01 5.889860225498543267e-01 5.980048835407716368e-01 5.959081988979808564e-01 5.919475333882201484e-01 5.977456623716178585e-01 5.878941006709678119e-01 6.020768003856242778e-01 5.971479864428050899e-01 6.000069444370094152e-01
9.564088438922892232e-02 5.678797464153298447e-02 2.092367564547077396e-01 3.543894141718311741e-01 1.000000000000000000e+00 3.195814593477575571e-01 4.535444961064181157e-01 4.278711427929056677e-01 4.638935509057405260e-01 3.889279140401717960e-01 4.542795501034513905e-01 4.694197057346009005e-01 4.426294772887814921e-01 3.825739187150914433e-01 4.909322161945532392e-01 4.665726132521780811e-01 4.427342721505710399e-01 4.407797118120075908e-01 4.618166177351579194e-01 3.631597552710918997e-01 4.571779076650219209e-01 4.937799964540118269e-01 4.591906972821183652e-01 4.581663731742826040e-01 4.746002562587587348e-01 4.813149333804115360e-01 4.766754724502846319e-01 4.716820539500886644e-01 4.368944926899133718e-01 4.682210154172380401e-01 4.860921145952833422e-01 4.747071116902062404e-01 4.130069397699696609e-01 4.404774561206734607e-01 4.527304949284963742e-01 4.495137694169532572e-01 4.668135046046734682e-01 4.574749400896518381e-01 4.855954339175898027e-01 4.338814091845110132e-01 4.783305921682026174e-01 4.738158329697385041e-01 4.836613772138839695e-01 4.999545175070305159e-01 4.905936861555610928e-01 4.824127278381578621e-01 4.797803362419483797e-01 4.841871952263410162e-01 4.820262330581973065e-01 4.509409433690313995e-01 4.673428390845900671e-01 4.907799542267472503e-01 4.968459757030796453e-01 4.788842734453079286e-01 4.752617475940107417e-01 4.792668878489329543e-01 4.878675420823067599e-01 4.848960406577594862e-01 4.663961787496807010e-01 4.952664218059731338e-01 4.924981349401158504e-01 4.854500968122626436e-01 4.680778794565098044e-01 4.912337542531147738e-01 4.932407141744798995e-01 4.968527693143150459e-01 4.862885493562852934e-01 4.905832362098305754e-01 4.881151410991393380e-01 4.932147582945181630e-01 4.985162857255613367e-01 4.926998221437437486e-01 4.851209445887567639e-01 4.901293115473065454e-01 4.916010162328392497e-01 4.842007220759868558e-01 4.841494708521064672e-01 4.781216957594064954e-01 4.899545767021531995e-01 4.851031217892349812e-01 4.865107116721493763e-01 4.879139504627073021e-01 4.843189283625991548e-01 4.795798850901630828e-01 4.762664900169301108e-01 4.774602610768569066e-01 4.821037086722267384e-01 4.852276261775340660e-01 4.867998448203019191e-01 4.908022507667115231e-01 4.748654466494519055e-01 4.836987163257430167e-01 4.907210262690101521e-01 4.897511226657803030e-01 4.824634489688799932e-01 4.828958994454571885e-01 4.867454560632654137e-01 4.861825140845960624e-01 4.899875214150824498e-01 4.843078551073931592e-01 4.902198395432390554e-01 4.867665847134367008e-01 4.921894329013711267e-01 4.943107827988580394e-01 4.959206298294416837e-01 4.959733874382047381e-01 4.892465390330884567e-01 4.837959315647046843e-01 4.852250536697831351e-01 4.838661240307200462e-01 4.811782432900155726e-01 4.946855217228672275e-01 4.852396382032138078e-01 4.931170578097049950e-01 4.900528756014407850e-01 4.980176934156992363e-01
-2.729449508599071650e-02 8.521166600260741963e-02 2.170585957127678656e-01 3.615390785759666215e-01 3.195814593477575571e-01 1.000000000000000000e+00 5.130989503743491609e-01 4.506254811247278336e-01 4.952197880789439566e-01 4.767035900628952549e-01 5.350076758663774301e-01 5.645374808909808806e-01 5.056476467288660848e-01 4.487869816080621299e-01 5.695841956029709108e-01 5.565848781679673118e-01 4.793442658912208665e-01 4.788782012617849859e-01 5.269936325941173560e-01 4.181039171166960888e-01 4.897055092205013782e-01 5.537476024465016744e-01 5.329064521920870989e-01 4.926844619452331320e-01 5.266707188274373230e-01 5.673672998417551572e-01 5.556659814228804839e-01 5.641109332359603989e-01 4.962350879869988352e-01 5.346506761156484266e-01 5.725976665864386250e-01 5.694673329399017048e-01 5.180522241246229287e-01 5.250843844732077104e-01 5.278640891962408377e-01 5.283362981579454720e-01 5.539375011165312834e-01 5.756969293271597676e-01 5.797274412748477657e-01 5.580602863556319848e-01 5.852310960896778269e-01 5.864416508723814259e-01 5.796071231002366542e-01 5.881359754486871205e-01 5.805147514547377430e-01 5.870272232908719801e-01 5.887542335015490957e-01 5.895019901617010172e-01 5.772524848146424192e-01 5.480122066859113295e-01 5.788546886918465306e-01 5.474229652220264919e-01 5.743125890589640958e-01 5.754904571190198048e-01 5.795596205341864149e-01 5.864048858199408798e-01 5.543564931222856318e-01 5.829320475319874628e-01 5.814920307137390054e-01 5.809588998062628074e-01 5.854677018389408127e-01 5.815949796446785447e-01 5.778369623206028871e-01 5.723328329999892716e-01 5.646075590035045666e-01 5.646656127834372985e-01 5.858112443945443504e-01 5.876929837389219813e-01 5.915924481446633854e-01 5.892472444686249755e-01 5.931967146928404100e-01 5.895439930253948413e-01 5.844249105089489582e-01 5.833862956956928913e-01 5.909452891063242674e-01 5.912251791024577541e-01 5.935442715984594608e-01 5.730463371881097112e-01 5.852733441666826408e-01 5.819059471540463102e-01 5.897094318477801300e-01 5.900881532220481063e-01 5.860652383801937537e-01 5.844170825749595011e-01 5.816019352071597481e-01 5.803963760186715559e-01 5.939004850769294963e-01 5.947976081138711679e-01 5.918730205164706160e-01 5.848150201758496314e-01 5.944972813021164315e-01 5.936472428615449104e-01 5.930857516531463647e-01 5.946596642736983185e-01 5.911652631252360957e-01 5.901598752420438299e-01 5.810889791434478147e-01 5.644347396415195783e-01 5.872348428136479059e-01 5.909342393220085032e-01 5.933522522916147013e-01 5.849046604225806023e-01 5.845069398260588356e-01 5.908193971638313613e-01 5.835831873958506888e-01 5.707961737909693634e-01 5.855350987823211284e-01 5.881293145298778224e-01 5.901203610587293369e-01 5.907884259091815693e-01 5.905752085614833780e-01 5.881576959429063445e-01 5.878804243602576696e-01 5.821274065195888303e-01 5.770903912568854377e-01 5.784890067170255223e-01
1.579978972706530885e-02 1.157900279814558925e-01 3.903737737507094185e-01 5.921472027940517524e-01 4.535444961064181157e-01 5.130989503743491609e-01 1.000000000000000000e+00 6.897203207314124285e-01 6.844774183804246404e-01 6.282399295943709161e-01 7.534008011846375918e-01 7.841720806477288086e-01 6.997421857084298313e-01 6.202246858813731389e-01 8.392878917848225484e-01 7.759984413980302032e-01 6.742763899544512718e-01 7.151712993496224247e-01 7.510483470151474439e-01 6.231761213914240871e-01 7.497421324002271348e-01 7.865642288920533520e-01 7.541096595936283009e-01 7.492640047684727689e-01 7.581463693194121500e-01 7.924351042153464642e-01 7.740970944944576271e-01 8.031257996410809952e-01 7.104855851385590837e-01 7.481440892493972372e-01 7.934911553625046965e-01 8.011531735656612918e-01 7.224837634557801369e-01 7.579180452254415945e-01 7.451423175948932442e-01 7.716031906611142688e-01 7.902247601467811133e-01 7.988368363123521387e-01 8.119396706830189769e-01 7.997813950605522360e-01 8.070818735964270241e-01 8.220142280436077975e-01 8.112875496245554041e-01 8.164190160729596357e-01 8.246799591103889382e-01 8.234234450256966431e-01 7.883019996426297027e-01 7.877562662718502473e-01 7.914030976880527257e-01 7.646394771474042118e-01 7.932434571738791185e-01 7.792167835049848001e-01 7.897272082230231138e-01 7.598161695152608752e-01 7.700019682286517453e-01 7.944716154110607054e-01 7.502582253840101023e-01 7.854495360476683175e-01 7.742439549925156372e-01 7.814701498730763918e-01 7.933150497266138190e-01 7.749350253441922298e-01 7.783747012456826431e-01 7.712266223928720965e-01 7.679957010636285775e-01 7.609398604657833243e-01 7.975202040487490152e-01 8.044064833834309036e-01 8.067423844976281400e-01 8.195351223917315409e-01 8.157855332413873617e-01 8.049401277997891846e-01 8.047801848645449452e-01 8.057219261270130994e-01 8.030247164717532193e-01 7.995484740269798163e-01 8.113011648628698502e-01 7.779462567697970066e-01 8.144451681029820644e-01 7.902950319060627615e-01 7.953192146377305871e-01 7.987029329550516810e-01 8.019981359710377511e-01 7.879788393209916642e-01 7.922547810855494754e-01 7.998777773684723202e-01 8.103440278889486592e-01 8.139070865881326000e-01 8.080577006536936446e-01 7.948581719367447951e-01 8.234131314460335638e-01 8.163845165000147563e-01 8.136120676952498521e-01 8.198789079257581269e-01 7.948466428649426652e-01 7.899980992369124433e-01 8.051874469562101400e-01 7.673092888666487310e-01 7.963358539428084804e-01 8.065320515653793265e-01 8.117118954971530576e-01 7.907200558760940634e-01 7.978537132720039393e-01 8.060974395264619563e-01 8.018079394307939811e-01 7.702430434858577035e-01 7.906707768156958638e-01 7.906652804865585971e-01 7.992451891430539801e-01 7.939254358100574782e-01 7.961388937915628849e-01 7.918002849764401718e-01 7.875526398700769537e-01 7.877985540070073789e-01 7.799638759633688023e-01 7.795606872903937390e-01
6.401494564360776796e-02 9.446295131113327526e-02 3.633549617881422500e-01 5.540575664251815580e-01 4.278711427929056677e-01 4.506254811247278336e-01 6.897203207314124285e-01 1.000000000000000000e+00 6.629750584093049293e-01 5.795093813868383847e-01 7.063124390727540947e-01 7.311998339637606481e-01 6.768084339067065303e-01 5.742364697431054932e-01 7.457706492679868626e-01 7.630967712240247502e-01 6.530343433828886823e-01 6.466349036838909825e-01 6.796058892555248976e-01 6.009742669905189238e-01 6.986879201203484158e-01 7.246223034006700203e-01 6.996484629362041963e-01 6.842178154803694179e-01 6.731987821284233231e-01 7.272262158387875486e-01 7.141398164111116831e-01 7.178587983204176570e-01 6.818416856107417656e-01 7.015114777298963045e-01 7.418462679230056755e-01 7.402619524243578830e-01 6.546521713960999911e-01 7.160902155735997532e-01 6.869664650194218236e-01 7.034457055503192668e-01 7.131237374918858452e-01 7.393017128535938065e-01 7.445021325696048464e-01 7.039300526328166052e-01 7.390794068367338987e-01 7.473043201143403369e-01 7.368143768860356824e-01 7.527469838730388441e-01 7.574561846124963083e-01 7.437894037353312005e-01 7.393331042950230803e-01 7.378944127453165303e-01 7.486499762946586811e-01 7.341530170704998470e-01 7.399769298407342655e-01 7.318778258339848630e-01 7.420614400156166912e-01 7.238613187718312414e-01 7.356392097457195023e-01 7.421353155543598534e-01 7.337385390325412704e-01 7.495324736789484854e-01 7.370535435211558184e-01 7.421188139146920326e-01 7.468433538044125797e-01 7.348542811458550483e-01 7.450637107293829331e-01 7.350622486485898222e-01 7.349816141395363323e-01 7.344105914239085209e-01 7.435058460028024507e-01 7.419065431764038099e-01 7.480686107517611205e-01 7.605316602852080221e-01 7.568816404023066546e-01 7.449792389951022109e-01 7.446237055011544204e-01 7.351031271281894819e-01 7.450601730148190827e-01 7.443331922205359552e-01 7.442457238764003113e-01 7.362163540055479682e-01 7.484769550303932428e-01 7.362812795354589657e-01 7.397936285886913543e-01 7.441501400514703990e-01 7.518726552395972318e-01 7.315071884788146850e-01 7.455834060068452507e-01 7.483411163745982142e-01 7.395875683436455850e-01 7.518535607132004195e-01 7.449150403500076623e-01 7.449795168917694443e-01 7.404339206202260604e-01 7.505995089759837091e-01 7.492459222157504817e-01 7.483310492563233218e-01 7.392750957768084996e-01 7.390148796415554333e-01 7.547466892450520604e-01 7.450494994189326148e-01 7.497377237489332158e-01 7.507969037488346764e-01 7.493131483163817386e-01 7.521270314885603048e-01 7.494752087562027709e-01 7.515049730405353179e-01 7.516386604556229978e-01 7.413076134521485727e-01 7.485048499105835251e-01 7.375850503793691670e-01 7.468452113314553165e-01 7.494141824085007730e-01 7.496217278045885779e-01 7.448882854441976065e-01 7.427361817027445801e-01 7.456127336139237727e-01 7.372847123524997048e-01 7.405020810897702255e-01
2.021854961087734270e-01 1.514104400145713236e-01 3.767034393564608896e-01 5.578956344935586120e-01 4.638935509057405260e-01 4.952197880789439566e-01 6.844774183804246404e-01 6.629750584093049293e-01 1.000000000000000000e+00 7.096334184978181359e-01 7.933450672622640587e-01 8.087090162222170253e-01 7.473755223897442512e-01 6.296940235765075000e-01 8.167252032048973875e-01 8.074339109462090880e-01 8.124969880853138982e-01 7.092342168268670477e-01 7.720661152965743179e-01 5.794171391867062315e-01 7.239965223969142549e-01 8.101396813545234110e-01 8.041675315481099373e-01 7.289721655910269549e-01 7.657943003558819184e-01 8.260084367087016100e-01 8.181111518318899822e-01 7.999429922792480330e-01 7.772282497002270807e-01 8.128091575772785626e-01 8.550183992256663590e-01 8.212023648910937723e-01 7.239152125095320578e-01 7.698508534170480644e-01 7.848647323901277728e-01 7.350030791821529075e-01 7.926203161258010832e-01 8.178847030858276135e-01 8.294748450204931789e-01 7.017212828186365492e-01 8.239713604401732727e-01 8.104599727209923499e-01 7.912412391311521853e-01 8.396074778142478268e-01 8.200951731570160774e-01 8.235425117768347958e-01 8.445114698821523103e-01 8.517620450768479401e-01 8.488539464822649760e-01 8.074294405451144518e-01 8.261407390896198244e-01 8.099808161604679091e-01 8.393772867672997240e-01 8.590260289845553787e-01 8.385130387612530489e-01 8.339476905456988387e-01 8.567920863010493049e-01 8.443029670820031418e-01 8.340560227591331532e-01 8.652823470582508003e-01 8.462226195510681448e-01 8.521788042369379257e-01 8.323858714999295971e-01 8.596245519717294892e-01 8.699722735247281680e-01 8.662918895673038522e-01 8.573555672172226139e-01 8.421047680375840505e-01 8.459619185042095424e-01 8.353178109470600354e-01 8.507674823007427278e-01 8.465632481015884503e-01 8.318637401632227313e-01 8.290447082289429392e-01 8.474843050033247227e-01 8.467935512742881254e-01 8.405168228096974170e-01 8.448382647458552164e-01 8.381180972158890352e-01 8.493404651798047711e-01 8.495995609898356893e-01 8.494005416775880501e-01 8.457343281676845681e-01 8.457413492445208236e-01 8.322166174538875305e-01 8.356247381380023098e-01 8.265092374080652560e-01 8.324730121687967666e-01 8.404699089460391237e-01 8.427303201442530867e-01 8.046387945131179276e-01 8.329931049171901414e-01 8.354616028574780584e-01 8.363647807698472159e-01 8.425742896347158117e-01 8.463076434578271634e-01 8.000327589733864375e-01 8.578280197974037513e-01 8.416849146785071456e-01 8.330799830856520094e-01 8.272465959841408534e-01 8.434706773644746747e-01 8.492955895517620979e-01 8.436147352338090322e-01 8.449493264007427173e-01 8.535329072660393646e-01 8.525856961252888944e-01 8.485110518557749115e-01 8.394183390192394567e-01 8.458997241091732455e-01 8.336432050987848674e-01 8.571964265141390760e-01 8.438831028588070771e-01 8.560994685117322422e-01 8.622107444097628637e-01 8.636582820102868263e-01
6.319963782408580255e-02 1.628324926600610012e-01 3.173334158487980949e-01 4.645838379748162272e-01 3.889279140401717960e-01 4.767035900628952549e-01 6.282399295943709161e-01 5.795093813868383847e-01 7.096334184978181359e-01 1.000000000000000000e+00 7.203480933823002141e-01 7.438111458436580392e-01 6.809977721531035311e-01 5.878465064435716148e-01 7.504927653284503286e-01 7.237840829518497054e-01 6.844543621797331001e-01 6.563807441491285033e-01 7.134813843496010666e-01 5.131409887010978110e-01 6.091548301276249466e-01 7.203952940286962869e-01 7.298742202997344775e-01 6.671467601051542795e-01 7.067106840606631746e-01 7.590508500833164085e-01 7.463053454345323079e-01 7.372768557449844717e-01 6.757110578688583225e-01 7.349780427293373108e-01 7.785844208997503291e-01 7.607150661849301221e-01 6.756647532282978874e-01 7.155415040907484592e-01 7.212746979508871670e-01 6.872550913150059504e-01 7.313309812291550749e-01 7.672183130265267659e-01 7.691589783774628319e-01 6.873867951331673609e-01 7.705964880267168748e-01 7.593290013152096396e-01 7.408006744307861213e-01 7.749535402149291263e-01 7.588205686059179556e-01 7.651094665574195153e-01 7.847287193274256056e-01 7.856919766235617164e-01 7.782417269350273559e-01 7.378621333431241158e-01 7.681499172560889432e-01 7.218913485452873591e-01 7.584167691497881725e-01 7.806149941253459623e-01 7.673058223570343728e-01 7.778784987576627952e-01 7.611290257576885931e-01 7.758013594607129360e-01 7.740760340897587799e-01 7.858911644001370655e-01 7.826045116279601865e-01 7.801603239440371151e-01 7.644963195031235781e-01 7.830339438526947582e-01 7.762202162117267656e-01 7.740331789669449014e-01 7.889369006945620155e-01 7.857749577474090197e-01 7.877662213890250786e-01 7.739219801030513546e-01 7.809633936798138221e-01 7.867202305564113818e-01 7.764182487322317527e-01 7.756686575819130569e-01 7.884151571908312173e-01 7.836662416414796883e-01 7.826387855382538339e-01 7.722407141887869253e-01 7.809481965144222659e-01 7.905833976567278043e-01 7.900237398243913356e-01 7.882976223370894431e-01 7.827301840423104284e-01 7.869238760088811402e-01 7.759933958183368174e-01 7.781947941935661861e-01 7.743929095658924622e-01 7.807507342111899007e-01 7.848606590905928826e-01 7.784109911592207443e-01 7.660315670953160572e-01 7.804188071107198699e-01 7.783609660338127734e-01 7.818836623229229454e-01 7.865118886231864392e-01 7.873548457334453854e-01 7.465586213396022686e-01 7.673070480774398794e-01 7.791639092370384878e-01 7.782657555441742092e-01 7.739017668189411836e-01 7.768644399444895043e-01 7.770910189335233920e-01 7.810614949454465217e-01 7.736828852677637425e-01 7.697594422796142366e-01 7.827440021375726698e-01 7.871385438034678161e-01 7.824193959949177213e-01 7.841612090482953379e-01 7.789865607316110996e-01 7.872892212257416311e-01 7.821901702450750893e-01 7.833552658171885064e-01 7.817109699317719151e-01 7.825179692535291220e-01
6.375653090476109119e-02 1.447453321244410451e-01 3.978083779544798748e-01 5.871919102866250961e-01 4.542795501034513905e-01 5.350076758663774301e-01 7.534008011846375918e-01 7.063124390727540947e-01 7.933450672622640587e-01 7.203480933823002141e-01 1.000000000000000000e+00 8.708600379720752294e-01 7.822681734061542880e-01 6.773288351832218446e-01 8.741796905086418601e-01 8.513440900575490744e-01 7.873813082730783952e-01 7.525342298867484514e-01 8.073616821171420987e-01 6.161646498456103682e-01 7.462032069130719591e-01 8.392109847508544274e-01 8.358276759367084807e-01 7.752067256752355195e-01 8.083151285081681126e-01 8.745150536889725323e-01 8.519864318534650094e-01 8.605671977339294232e-01 7.987138958896259355e-01 8.499967429603828561e-01 8.958052256723361140e-01 8.793077717505344282e-01 7.937125097171136012e-01 8.296974503073701879e-01 8.344934609036053219e-01 8.232556420501377925e-01 8.608341665524154029e-01 8.850422871010417136e-01 8.925068845473179691e-01 8.238333897572737152e-01 8.884590424962723887e-01 8.855824263782592354e-01 8.711398436078379159e-01 8.985440833102246172e-01 8.905971068503195642e-01 8.919617499977458008e-01 8.996811306513303741e-01 8.991991180801134353e-01 8.921180086261947251e-01 8.558298989737600504e-01 8.867550179451728631e-01 8.602747493832210157e-01 8.844200048488164434e-01 8.867978007863601686e-01 8.841455460854147352e-01 8.948097389186212558e-01 8.759467787525222482e-01 8.946637395098862022e-01 8.879656149534160825e-01 8.964881890025602207e-01 8.965623957129879029e-01 8.940489967244305003e-01 8.853134004744377394e-01 8.912683880718792473e-01 8.882397757877762423e-01 8.841105656095676890e-01 9.014944273080525150e-01 8.990413317451343422e-01 9.018079840441495243e-01 8.928411082309465341e-01 9.021357232201209220e-01 9.010908023937408418e-01 8.915762740497764627e-01 8.897702422074298401e-01 9.017879964371761092e-01 9.018343011318323832e-01 9.003264533110454382e-01 8.868481946372448466e-01 8.973677970633927581e-01 8.988771888476257965e-01 9.019312343812655453e-01 9.048512946828298764e-01 9.015157822310884139e-01 8.969953563278018072e-01 8.914710468383864050e-01 8.952685409174422348e-01 8.995000463411149116e-01 9.019756898271155121e-01 9.037756448891655081e-01 8.965233936373135926e-01 8.935751291988259792e-01 9.026027429201052277e-01 9.023262794548412291e-01 9.021576163438098650e-01 9.010968933472484066e-01 9.017280982903890241e-01 8.773754508626639970e-01 8.801895338399441382e-01 8.979817343909135552e-01 8.995038812549099871e-01 8.975074208443521995e-01 8.953073475176693830e-01 9.014371456402249239e-01 9.035424984365925116e-01 8.989258276167995110e-01 8.860745206701412524e-01 8.981587640098769310e-01 9.000668462545849957e-01 9.006270836391817580e-01 9.008902477544090681e-01 8.968733593623886557e-01 9.010718640483439401e-01 8.988670092549506663e-01 8.989390231724074809e-01 8.971594765160446627e-01 8.961446173045622965e-01
3.295754648720423952e-02 1.303136819770510657e-01 3.941272747280448185e-01 6.143701510210131111e-01 4.694197057346009005e-01 5.645374808909808806e-01 7.841720806477288086e-01 7.311998339637606481e-01 8.087090162222170253e-01 7.438111458436580392e-01 8.708600379720752294e-01 1.000000000000000000e+00 8.167722753991119022e-01 7.067459410351519811e-01 9.124717126611457951e-01 8.827962085057521335e-01 8.080627668296089805e-01 7.688299027370522065e-01 8.274519693899592410e-01 6.568892804667251228e-01 7.713992107857606806e-01 8.663704654836008601e-01 8.466921616722573596e-01 7.903775892340896281e-01 8.326271032821813689e-01 9.055481928033102257e-01 8.763273989528893582e-01 8.852667481821770989e-01 8.178200407922614490e-01 8.569162414802118377e-01 9.147075369872943451e-01 9.025053727355755173e-01 8.137254923265972995e-01 8.477982656532536687e-01 8.509243408260597219e-01 8.549441366505654560e-01 8.819417978872465813e-01 9.159192966924755153e-01 9.227409503469523600e-01 8.552145301246967257e-01 9.214708558015476392e-01 9.168635149917881977e-01 9.065868921444132367e-01 9.311001640966473092e-01 9.191438175333440652e-01 9.229915160761323900e-01 9.304998610584850338e-01 9.281935118615820546e-01 9.249909155246921477e-01 8.873384153260026608e-01 9.221457177370557812e-01 8.920177756780661715e-01 9.121496782696986161e-01 9.141396658529313823e-01 9.118776837626597631e-01 9.218962240196565405e-01 9.040545201009755338e-01 9.247213076727123227e-01 9.201084988422748578e-01 9.282230354398051109e-01 9.317306987060286483e-01 9.236272595384131812e-01 9.170675533072003560e-01 9.264389461032791484e-01 9.186954990617424155e-01 9.155983274000154548e-01 9.338681106095327866e-01 9.290583716370334200e-01 9.353436757710636984e-01 9.326459815939820430e-01 9.326827715964641774e-01 9.313266114559877185e-01 9.226919991885782490e-01 9.198936822593003493e-01 9.362280533254765391e-01 9.346762583777690203e-01 9.331873784136104355e-01 9.147269201080310275e-01 9.288277415764519818e-01 9.252415226623830202e-01 9.325444322821102583e-01 9.348107793820674694e-01 9.331642792805623365e-01 9.259985485055990395e-01 9.252806315310277974e-01 9.262312071294773741e-01 9.324057940435168668e-01 9.358978514695280859e-01 9.357968328997815499e-01 9.276595500522344384e-01 9.266644702235563580e-01 9.353461497777529887e-01 9.361894922419442544e-01 9.367426695775324941e-01 9.338763606184311561e-01 9.329002381318242110e-01 9.120350996986917869e-01 9.149806690413526677e-01 9.327632539304335779e-01 9.324145552420142202e-01 9.320924396883397689e-01 9.309885525608507795e-01 9.318929226206510430e-01 9.370777540742658562e-01 9.335681993165444448e-01 9.180638565025597275e-01 9.321705720249436888e-01 9.329289669336520152e-01 9.320080930022944798e-01 9.344893106959905049e-01 9.300128962977620706e-01 9.333152322859900041e-01 9.298530062333432156e-01 9.336377295125765086e-01 9.283198521663742486e-01 9.275534231599811275e-01
3.549303590376770567e-02 1.322914211321358224e-01 3.398780481205485038e-01 5.417150880917424027e-01 4.426294772887814921e-01 5.056476467288660848e-01 6.997421857084298313e-01 6.768084339067065303e-01 7.473755223897442512e-01 6.809977721531035311e-01 7.822681734061542880e-01 8.167722753991119022e-01 1.000000000000000000e+00 6.633264220192153227e-01 8.276138284414072954e-01 8.134648415868896976e-01 7.380912355395722324e-01 6.906013566017555894e-01 7.536407239787745738e-01 5.796636606339914399e-01 6.742831300360970781e-01 7.851464301364023957e-01 7.705257983773163843e-01 7.131157409425560312e-01 7.560609236711814951e-01 8.283107254860985202e-01 7.970074421066882797e-01 7.997383266404234359e-01 7.474073875995391747e-01 7.861561525493901970e-01 8.413215345389104538e-01 8.111623118188384662e-01 7.252559139706359348e-01 7.608891935319253008e-01 7.708196463968902679e-01 7.619721143714368594e-01 7.902617051037295060e-01 8.336232906266559661e-01 8.379184824077768878e-01 7.632497703548117851e-01 8.434888812893239773e-01 8.334226991336013413e-01 8.312471695021999007e-01 8.540945572303054734e-01 8.387480710251011828e-01 8.409348894239581096e-01 8.570204091716076000e-01 8.585165427072839472e-01 8.454521361393411150e-01 8.009001467778714689e-01 8.378746386048633310e-01 8.163354861118760075e-01 8.403689592552278098e-01 8.497318244892287931e-01 8.426567969476359554e-01 8.485891469696712486e-01 8.355155714733961680e-01 8.581576444922274227e-01 8.463995823703832633e-01 8.614797196960172210e-01 8.580200470854886241e-01 8.569794754552930716e-01 8.402244434099287451e-01 8.521778987844844666e-01 8.476655214967684371e-01 8.505566789930705252e-01 8.593760201043967317e-01 8.522451145132048378e-01 8.539065418044091693e-01 8.458531634628196905e-01 8.550917037671392773e-01 8.559367984322449052e-01 8.443677121057981960e-01 8.421577506095895282e-01 8.577039093815018722e-01 8.581135724524686648e-01 8.506835388836341272e-01 8.393326602519238788e-01 8.539079456508430477e-01 8.517982384179970667e-01 8.574082423046388568e-01 8.613853033376248636e-01 8.535723977078955027e-01 8.495344596979462759e-01 8.431763703880207350e-01 8.446404167310564981e-01 8.486017358499958751e-01 8.564950608061501214e-01 8.579781216353125073e-01 8.577695485272457399e-01 8.393531341788073030e-01 8.560451917188348636e-01 8.565796356275611201e-01 8.598239150776594286e-01 8.609512723033844184e-01 8.606935775810161671e-01 8.324840002195850186e-01 8.420836212688257438e-01 8.587339457756617556e-01 8.538959427980689076e-01 8.551350068749018485e-01 8.562187386170891923e-01 8.589286026071529800e-01 8.620001804800641043e-01 8.559715901015765294e-01 8.516895566591540234e-01 8.581577989605114754e-01 8.612508501106692638e-01 8.588521008808313040e-01 8.615361294877587062e-01 8.584445745284724483e-01 8.634742741265921673e-01 8.609271970471711333e-01 8.599310018534193079e-01 8.572973987541658847e-01 8.595828338817551595e-01
