1.000000000000000000e+00 1.511511202837446666e-01 7.093888994527755565e-02 4.945580865346311736e-03 5.821909186702202421e-03 -1.862376757858801761e-03 2.005751010131283461e-03 -1.557583441804100133e-02 1.245420160088482331e-01 4.581689686034059322e-02 3.092100007243340012e-02 1.970614621399312261e-02 2.274490548799465092e-02 1.276548770763527747e-02 3.734723092010775857e-03 7.233206070345670098e-03 9.519412011044647848e-02 4.715249058104221958e-02 6.560931995827919139e-02 3.810943546660236492e-02 9.241137791431576487e-02 8.015793707428403581e-02 8.071072283784670731e-02 5.474998625277790326e-02 6.142497429316409741e-02 6.174412583490917344e-02 3.467700889243625906e-02 1.540716702031198412e-02 6.109115611341251612e-02 6.463088811289290081e-02 4.538541173022853786e-02 3.051940559639220590e-02 3.167349594183428013e-03 -1.128552751233929344e-03 2.188851170049673639e-02 6.448282838830626112e-03 1.641934939118165973e-02 1.132670100059528576e-02 9.855150759894605594e-03 -3.938012546229230360e-02 9.938460076672291435e-03 -1.596990732174369612e-02 -1.200235986400550840e-02 1.484397166117611654e-02 1.808987055744821267e-03 -2.528081446349206025e-03 -1.953096183158163201e-03 2.563505282245021055e-02 2.084201366408883899e-02 1.988531111760920636e-02 2.925236151631892267e-03 1.105400554952744308e-02 3.191652248004044502e-03 4.623730250839027528e-02 4.187583391745947070e-02 1.960425793446277792e-02 7.405037985986806515e-02 2.634382714303852915e-02 2.034391395720974022e-02 4.701837148832398172e-02 3.024497443533788466e-02 4.528273264620703842e-02 2.490914795495343878e-02 4.739849788742907244e-02 6.277767945498878566e-02 6.417903628917995262e-02 2.614685278502196578e-02 2.068545601131181744e-02 2.850197572838935114e-02 1.797788713096835564e-02 2.513029268567379057e-02 2.827565262199436755e-02 2.370200783700927155e-02 2.719174112238359475e-02 2.340817749905456380e-02 1.688875534063311729e-02 1.066760480933693321e-02 2.798502748602296752e-02 1.963102024924831546e-02 3.120587184306886433e-02 1.726959997252229193e-02 1.874653857563187906e-02 2.128939532577657501e-02 1.824781619412627065e-02 3.414221548358330367e-03 7.350427606591100789e-03 -9.469046362915298568e-03 -1.563712960718809282e-03 -8.068654492465398079e-03 1.051683059746152255e-02 -1.553400332176953919e-02 -7.919543504862935554e-03 1.142494883484670163e-03 -2.999172648050774537e-03 5.295215697008352762e-03 1.078144529559714113e-02 -1.234958069090618532e-02 3.387956652184349882e-02 6.213400571594984018e-03 -4.624450397017031665e-03 -1.956537976020318592e-02 1.227129862579916589e-02 8.165523074594872865e-03 -4.004574090261035953e-03 2.029063006969977333e-03 3.967959297185091883e-02 1.894607369661839222e-02 1.461415570933774846e-02 1.906325369212711479e-02 7.382029073514108884e-03 3.811072804701109117e-03 1.716242258488470673e-02 1.837616919530873916e-02 1.703518164587387168e-02 3.375017076254430842e-02 2.822634615328889832e-02
1.511511202837446666e-01 1.000000000000000000e+00 8.102559720586643977e-02 -2.203765690913245950e-02 5.567673672156356335e-02 1.123541955495009487e-01 1.067334034797296771e-01 8.733282720684377998e-02 1.764296174694400809e-01 2.207213739014347864e-01 1.554889504834041092e-01 1.191630494976944621e-01 1.266650909198481223e-01 1.560315996970688679e-01 1.489574427839037707e-01 1.517438291131440187e-01 1.764030555179902648e-01 1.263685699117667038e-01 1.745827040749463321e-01 3.935750658245524419e-02 1.047034697661476527e-01 1.259685805608758147e-01 2.172753063531265016e-01 1.697782951634914383e-01 1.901414637511715244e-01 1.987727756908487520e-01 1.536797206522269588e-01 1.635488897158722255e-01 2.111825203983458965e-01 2.045391627726813877e-01 1.778118345327591165e-01 1.897107686956715777e-01 1.522875066458613813e-01 1.627750934333513644e-01 1.663210898278517091e-01 1.417331981823686804e-01 1.677533778288793909e-01 1.824561366186954470e-01 1.799212163587286806e-01 1.277545455503502903e-01 1.626939704972502065e-01 1.478940642866347910e-01 1.309548889517331283e-01 1.535719791686389057e-01 1.485183815805150020e-01 1.650523115771633242e-01 1.615439699060404188e-01 1.872015293951424519e-01 1.702684151465591600e-01 1.539174938962594996e-01 1.653045520230475851e-01 1.008941566737488194e-01 1.310389943130442769e-01 1.928910768056467939e-01 1.941729385406786856e-01 1.926275982134907916e-01 1.662954860214285735e-01 1.653252850147460817e-01 1.788853425319341384e-01 1.677789408698018847e-01 1.601790029740889632e-01 1.746046150266250263e-01 1.716750223701740130e-01 1.715069162247440104e-01 1.552974255354913347e-01 1.542935958022174925e-01 1.725009751004277225e-01 1.770327509652230569e-01 1.967899656206467396e-01 1.488420634126234321e-01 1.566474881553098775e-01 1.731148710813528446e-01 1.852983550025421589e-01 1.821282373852582126e-01 1.786746376806588876e-01 1.692678897189531517e-01 1.706070563209395874e-01 1.930691958695543720e-01 1.780461631378241760e-01 1.951927760832418424e-01 1.825276441154877194e-01 1.731057119187059679e-01 1.809992449304443918e-01 1.912748744721393945e-01 1.606451469368027907e-01 1.739259593234538659e-01 1.620711493303959028e-01 1.659187133387429736e-01 1.674453058775632608e-01 1.683499493958577620e-01 1.533574358921709901e-01 1.584163674589138260e-01 1.600531352988352751e-01 1.586312814876649213e-01 1.645956820444642865e-01 1.726962858581294891e-01 1.419521167340637158e-01 1.587665018305871589e-01 1.601365724401783985e-01 1.567291603071708783e-01 1.466371235743431922e-01 1.599116106206274757e-01 1.390370812594456662e-01 1.442358654499177884e-01 1.385237475702747745e-01 1.689205732027758977e-01 1.693687724558540775e-01 1.768878375256565938e-01 1.803518517995819914e-01 1.608895686050084151e-01 1.659290259948421609e-01 1.611604237700053344e-01 1.678426090273937021e-01 1.624688478897279853e-01 1.624695413524861742e-01 1.510808716002096652e-01
7.093888994527755565e-02 8.102559720586643977e-02 1.000000000000000000e+00 3.822026853732949370e-01 2.741434439088764607e-01 3.086082987258572663e-01 3.751917413050865902e-01 3.628539734690399698e-01 3.730755025238343126e-01 3.319420528986545826e-01 4.196407883482930479e-01 4.414787362532878734e-01 3.751692719970343703e-01 3.734942201721170307e-01 4.145675854158073492e-01 4.124880750117650430e-01 4.000289430776529653e-01 4.391830100182691488e-01 4.220642018573318999e-01 4.122519197961204140e-01 4.355403256781087418e-01 4.482348241193926941e-01 3.864682085755201668e-01 4.297905293025873208e-01 4.347439668410380542e-01 4.338584521646833836e-01 4.388114203428545301e-01 4.351350562587233406e-01 4.379199951529464951e-01 4.432008469098410175e-01 4.335500246718331230e-01 4.382318896180470436e-01 4.298052798124463170e-01 4.391757363383889667e-01 4.301765019210483376e-01 4.511755953005540665e-01 4.371236591756582079e-01 4.261406236387372259e-01 4.394875279358678721e-01 4.385466770291366889e-01 4.252692636609308741e-01 4.339761883617732630e-01 4.330750806919968499e-01 4.355331255912983091e-01 4.440158778996402544e-01 4.262293859645996941e-01 4.163902202189226909e-01 4.124147721165932756e-01 4.168422957989563749e-01 4.235256327311059943e-01 4.223721079458706562e-01 4.398343830290594725e-01 4.136726938714415658e-01 4.099400414961010264e-01 3.962947776726803428e-01 4.268695856321824689e-01 3.958379477352829134e-01 4.192763690947607369e-01 3.995772183285550283e-01 4.139044529275369144e-01 4.206293782503744416e-01 4.060868221031274095e-01 4.046970010689344144e-01 4.142161832632018093e-01 4.237044052122699855e-01 4.160704360211697206e-01 4.200146058371846958e-01 4.327144947227570815e-01 4.285407709556530720e-01 4.478860793664781181e-01 4.434290095109942875e-01 4.393637976865862882e-01 4.397484321271770691e-01 4.438921866434337726e-01 4.286089815813031723e-01 4.296136535046232718e-01 4.349143835049092410e-01 4.364651983266329971e-01 4.229191549665273220e-01 4.253870846862065069e-01 4.298583439047004573e-01 4.288458478665851392e-01 4.290977370031222593e-01 4.297797833981925053e-01 4.378309563253395265e-01 4.360655179250835789e-01 4.329378179062134957e-01 4.243631308081249331e-01 4.294231273725848119e-01 4.252304443168291592e-01 4.339092927629911167e-01 4.256565876399653892e-01 4.271741078561633320e-01 4.242501213168928809e-01 4.148097255281555928e-01 4.123719121368516483e-01 4.185755097637726130e-01 4.248201872787473188e-01 4.152111537925337603e-01 4.208222695732876106e-01 4.196331502017142112e-01 4.159459454330703410e-01 4.207607715065547760e-01 4.230892294717619184e-01 4.339284178434757999e-01 4.057491515058443965e-01 4.172371295366674726e-01 4.132138635003941851e-01 4.156727609421196346e-01 4.175100293102244620e-01 4.113867536962805826e-01 4.157849327234147685e-01 4.106886402895525978e-01 4.198028506503668766e-01 4.230712925363828147e-01 4.200148077668111046e-01
4.945580865346311736e-03 -2.203765690913245950e-02 3.822026853732949370e-01 1.000000000000000000e+00 4.255480002411973217e-01 4.479090002980493646e-01 5.987624912809667022e-01 6.195474511721303923e-01 5.417720429041341657e-01 4.619902006749277423e-01 6.092005426556635905e-01 7.089000121909529994e-01 5.796011872503815665e-01 5.514607411970112727e-01 6.348056089172247063e-01 6.228550602321305529e-01 5.453661672999636778e-01 5.719784306913537897e-01 5.147757840562138254e-01 6.847914407087553057e-01 6.329408347395314438e-01 5.948669908316457366e-01 4.789980325043681764e-01 4.830417276332685805e-01 5.063678390580373945e-01 5.748088224844165595e-01 6.041140922135177505e-01 5.939755965853454889e-01 5.292110344284634005e-01 5.816442831793525725e-01 6.035771939181593382e-01 5.738382357478356566e-01 5.803038078297484414e-01 5.714434853817709214e-01 5.765087896506023712e-01 6.317083423946462384e-01 6.014288972016400558e-01 5.916740427003034375e-01 6.163932048226983262e-01 6.365170524445648015e-01 6.194893603988594899e-01 6.299076281960946933e-01 6.363719203877803432e-01 6.402033014004415712e-01 6.357224083205961218e-01 6.195510453853442234e-01 6.135418985503953149e-01 5.852023360081993753e-01 6.062895829926042701e-01 6.120770777546026276e-01 6.164583764028217505e-01 6.716057251571037057e-01 6.492030127765006098e-01 5.877741247250528600e-01 5.510366245454464407e-01 5.866378965212848406e-01 5.946598812383735444e-01 6.032838136652582950e-01 5.855434277957256572e-01 6.055678678614387911e-01 6.192848411413978127e-01 5.964810656803286593e-01 5.975288229594281075e-01 6.142149539512034018e-01 6.310311116450897373e-01 6.266168081319603012e-01 6.077322697030155263e-01 5.991647164305868856e-01 5.877752039509113180e-01 6.546176377058097184e-01 6.316749953829469133e-01 6.073581554075583311e-01 5.834408743445976819e-01 5.941262633143277183e-01 6.130233018846289461e-01 6.154069360587756110e-01 6.145442025838111499e-01 5.913293680392882612e-01 6.092815975625714975e-01 5.954791202989809795e-01 6.036331493685721528e-01 6.132130004648288502e-01 6.148384280993923756e-01 5.982351646225566588e-01 6.318510460583072197e-01 6.056550992669144096e-01 6.245847848122975110e-01 6.284988815055253530e-01 6.237312942979844621e-01 6.193531272961170231e-01 6.361906119760315503e-01 6.274690259908906054e-01 6.263087966810355622e-01 6.274033649187943373e-01 6.111035901280671423e-01 6.033721616971250423e-01 6.524061369933737975e-01 6.388781869915728384e-01 6.234335712595895362e-01 6.343900372035956581e-01 6.342928899253528208e-01 6.305044671555890545e-01 6.480015485917408613e-01 6.422461876231130296e-01 6.552362217049285675e-01 6.149152471581811330e-01 6.205726672282956269e-01 5.985521286000581309e-01 6.011561428080137715e-01 6.183218319047713019e-01 6.137426493895198343e-01 6.164356625181923732e-01 6.156690843689943682e-01 6.319162892663973130e-01 6.247246674943837119e-01 6.370416007201485931e-01
5.821909186702202421e-03 5.567673672156356335e-02 2.741434439088764607e-01 4.255480002411973217e-01 1.000000000000000000e+00 3.626810628500105604e-01 5.038921638323613506e-01 5.114846253821171418e-01 4.696459799598439178e-01 4.363551770704353072e-01 4.789443836234488217e-01 5.154062824005770649e-01 5.340022408875209070e-01 4.598713757290454063e-01 5.397339983932030183e-01 5.310652050301830629e-01 4.487377954210104436e-01 4.654019962491559581e-01 4.347251824938095366e-01 4.667943799677150563e-01 4.497956792743913468e-01 4.567680623352885494e-01 4.606630431996960318e-01 4.262867436769318119e-01 4.350598875259827358e-01 4.965727753340181128e-01 4.920469275297805756e-01 4.874174758584601252e-01 4.512469421576118522e-01 4.889533459625183265e-01 5.000990562451538279e-01 4.880746762956177376e-01 4.732675536548934803e-01 4.773654505898466960e-01 4.873523895109199700e-01 4.877335370094058598e-01 4.961481554819064943e-01 4.835673671765551851e-01 5.109286966252807316e-01 4.826422501796988063e-01 5.105829253779003984e-01 5.153097906841846987e-01 5.264862014241784571e-01 5.265242896509724213e-01 5.050890456123936501e-01 5.111259870588443777e-01 5.150094028024191362e-01 5.057749155785551398e-01 4.868294907676573025e-01 4.661650714137327567e-01 4.921781472035790528e-01 4.937950898983628489e-01 5.158965965425632572e-01 5.066819187591363738e-01 4.826797063910592822e-01 4.964312547940056830e-01 4.731610619840356247e-01 5.141592634323681743e-01 4.833194185344876215e-01 5.228088765308672725e-01 5.164272884853460255e-01 5.056492265134865383e-01 4.901351559002046776e-01 5.085218708636474183e-01 5.213709893989606492e-01 5.119235506150572323e-01 5.138896616228925129e-01 5.109664863495533282e-01 5.108894373508803266e-01 5.203863003732193127e-01 5.106213695003311015e-01 5.135417050795805238e-01 4.986534815341869264e-01 4.992006198302935127e-01 5.115441234961298766e-01 5.141692853288282183e-01 5.101230731733115142e-01 4.976952676044721913e-01 5.110437731607501144e-01 5.037179439249807045e-01 5.093275847082116004e-01 5.119773384846192377e-01 5.163756840729583075e-01 5.092369103056618718e-01 5.114878795321032845e-01 5.109849908697685628e-01 5.123501658326065078e-01 5.170610657530912979e-01 5.176555759604272167e-01 5.114174837200023971e-01 5.180575326223112453e-01 5.190310880299775498e-01 5.173730859182863462e-01 5.163802533486990809e-01 5.169007725981507040e-01 5.120111462098954069e-01 5.148190988518152045e-01 5.071599961918296096e-01 5.187610195484142483e-01 5.170418959677056669e-01 5.284173545061040533e-01 5.139401199933010256e-01 5.233731661742260233e-01 5.287773132902570117e-01 5.237497879074318741e-01 5.097128544567167685e-01 5.115344749879111585e-01 5.132012961252196970e-01 5.090999779756850696e-01 5.189159857398232267e-01 5.124070383659458106e-01 5.230244473989685838e-01 5.173242786889856726e-01 5.226498091423773529e-01 5.203182159557399045e-01 5.225976668543098613e-01
-1.862376757858801761e-03 1.123541955495009487e-01 3.086082987258572663e-01 4.479090002980493646e-01 3.626810628500105604e-01 1.000000000000000000e+00 5.726995838318819088e-01 5.551137971006711025e-01 5.775224795276152623e-01 5.358741167202339950e-01 6.051655098254903331e-01 6.329643245100402549e-01 5.864167761766493348e-01 5.698549391858250823e-01 6.409683983152950626e-01 6.307215706779965014e-01 5.600007501546656608e-01 5.480167965113533768e-01 5.531935894973970536e-01 5.381416253895087154e-01 5.475914769618119848e-01 5.667094654412276888e-01 5.551336582391780405e-01 5.352493801201448909e-01 5.705131369472659086e-01 6.235954152246346860e-01 6.249232592001333630e-01 6.390518933965684267e-01 5.896718482548076734e-01 6.154256071901164082e-01 6.438216163143666293e-01 6.166784130744559222e-01 6.005391911072912592e-01 6.187659619372665176e-01 6.023349506962296651e-01 6.275017290020109550e-01 6.392492866969392562e-01 6.323063085174913667e-01 6.556694976160916122e-01 6.446005293583486617e-01 6.597261921923324168e-01 6.625422569195796862e-01 6.419838372809395510e-01 6.563073652762023702e-01 6.590931013814705919e-01 6.641135716768387098e-01 6.570980814143688731e-01 6.516256845979797596e-01 6.374843860104071336e-01 6.086059911862857774e-01 6.410561444651550200e-01 6.156668850484434685e-01 6.411566443414437044e-01 6.389133124490701254e-01 6.102316637101153907e-01 6.456834902424780642e-01 5.973022410475080646e-01 6.428291336841720494e-01 6.296105973933787681e-01 6.449530356420138943e-01 6.451928905368103928e-01 6.350991060413586631e-01 6.208789812389553520e-01 6.350163092068711324e-01 6.387718558580471884e-01 6.263454336867909644e-01 6.537218971120988265e-01 6.491198621734683982e-01 6.491237412808664731e-01 6.558093680170957729e-01 6.551182628652825191e-01 6.571460954351826533e-01 6.434826745045345575e-01 6.464400443167930277e-01 6.582313924463764065e-01 6.588196959669846420e-01 6.632830542830567833e-01 6.503706403867015595e-01 6.660019499616087746e-01 6.507575887877786736e-01 6.560134757752406065e-01 6.552907272689573182e-01 6.591575731430178164e-01 6.534390945402883677e-01 6.515819557543329754e-01 6.551707946254246018e-01 6.676737434099656587e-01 6.672614358494156628e-01 6.646023906247104929e-01 6.610033705347558852e-01 6.738706970331811430e-01 6.692160932679163121e-01 6.659216250862527442e-01 6.693710157549491724e-01 6.591299573931141964e-01 6.567168705908001947e-01 6.521382002963843627e-01 6.294622391287388874e-01 6.512994614266339743e-01 6.604742990223843035e-01 6.690124658810397973e-01 6.496677492437907819e-01 6.543902649834314467e-01 6.647726470644114150e-01 6.567092491083807992e-01 6.281100502670793340e-01 6.481181566130503890e-01 6.559455545952987965e-01 6.520853598632525561e-01 6.540618718819611876e-01 6.554839514934437394e-01 6.551964864136260447e-01 6.525110118473932408e-01 6.537233835106091018e-01 6.521971440097815709e-01 6.471933616088285657e-01
2.005751010131283461e-03 1.067334034797296771e-01 3.751917413050865902e-01 5.987624912809667022e-01 5.038921638323613506e-01 5.726995838318819088e-01 1.000000000000000000e+00 7.737583353694901245e-01 6.856425181225106469e-01 6.495263426414044083e-01 7.310625889806349198e-01 7.756010939255169045e-01 7.208823995205752011e-01 6.941880611089169539e-01 8.512098851291058921e-01 7.940158969585637827e-01 6.903677755028938545e-01 6.846879889219094073e-01 6.619952285213325238e-01 6.909259583245581648e-01 6.481881649573166815e-01 6.845223572715833926e-01 6.911211209377936537e-01 6.605049764390105160e-01 6.652997792870481986e-01 7.597509334028841321e-01 7.275664901179229593e-01 7.545029987551673534e-01 6.544369869077383273e-01 7.195777879000925248e-01 7.431859012308565937e-01 7.676864463291552809e-01 7.573734810700689657e-01 7.748980958047136935e-01 7.384301272396535110e-01 7.714597973054470037e-01 7.616874535681428249e-01 7.676592206008747699e-01 7.945049773696510886e-01 8.046080157973610758e-01 7.873909428599459304e-01 8.027357473338513350e-01 7.938461589583031275e-01 7.857931777317868072e-01 7.875334419777142436e-01 7.905741566497249684e-01 7.771895638702369657e-01 7.658790925067243682e-01 7.697104145152646737e-01 7.297481929127959122e-01 7.743653296256198804e-01 7.528617404412026870e-01 7.839570640241149135e-01 7.645822661431539435e-01 7.252388150413402457e-01 7.748124753326119940e-01 7.275737152315363554e-01 7.591469715358167836e-01 7.488303901316747391e-01 7.659017211851475437e-01 7.709686234132594462e-01 7.562695886032357873e-01 7.462099911842587918e-01 7.652609959332515865e-01 7.706069775140951261e-01 7.546011734364547197e-01 7.744380532476692336e-01 7.754318401000485084e-01 7.758269921348478482e-01 7.794613821205004234e-01 7.689466041776290561e-01 7.709067597435999009e-01 7.731017924196226243e-01 7.574327916236357483e-01 7.808790279356191411e-01 7.683328820083972222e-01 7.794565703608846707e-01 7.388825598601267419e-01 7.838197776395403604e-01 7.531246831475170156e-01 7.659487165854784729e-01 7.647642496713747962e-01 7.959600461846607633e-01 7.744171137496890234e-01 7.850857764341732103e-01 7.876732410892927083e-01 7.944402441009582594e-01 8.016063612804540384e-01 8.001048785757519655e-01 7.935668081814517549e-01 8.137196728332818374e-01 7.967434434049667225e-01 7.905197523841686058e-01 7.960480031646671728e-01 7.778900205682107716e-01 7.733322504278247189e-01 7.881244318371098956e-01 7.617847992593272943e-01 7.808351365666541533e-01 7.922436719488922252e-01 8.032288641779665728e-01 7.801282534468884089e-01 7.850571943497864913e-01 7.919116712919851420e-01 7.925051427042182350e-01 7.606063442647543749e-01 7.742702102873264547e-01 7.763669760105307294e-01 7.725278121443783785e-01 7.769982081214006353e-01 7.776366768763841586e-01 7.780166778993057308e-01 7.774835184262770538e-01 7.839472776128783016e-01 7.797607886074144901e-01 7.777855096883534713e-01
-1.557583441804100133e-02 8.733282720684377998e-02 3.628539734690399698e-01 6.195474511721303923e-01 5.114846253821171418e-01 5.551137971006711025e-01 7.737583353694901245e-01 1.000000000000000000e+00 7.249480285918626921e-01 6.526631360904056045e-01 7.510628651402986300e-01 8.129590639142725284e-01 7.501362167819130011e-01 7.234167313274039168e-01 8.481834510379180347e-01 8.485478625350776349e-01 7.245607726731362330e-01 6.879710419011139111e-01 6.709913619299745502e-01 7.177061620989866331e-01 6.773881522166483871e-01 7.028130553529263747e-01 6.824672929081699868e-01 6.455781860241851522e-01 6.735884738539702488e-01 7.584284974857232742e-01 7.581185613305350124e-01 7.536138304491336593e-01 6.753067952490006132e-01 7.419464206935584283e-01 7.793562270958810378e-01 7.732054771841704310e-01 7.319667552591325732e-01 7.646784376990189980e-01 7.491239668812459396e-01 7.767845870533914843e-01 7.687868589354411863e-01 7.988781773718519608e-01 8.045114991656076020e-01 8.087546814476034296e-01 8.118988919777168078e-01 8.190431403709751423e-01 8.190370797152976001e-01 8.254239018070984590e-01 8.078657285502058860e-01 8.107604112471469282e-01 8.190752571658446168e-01 8.074440838732482861e-01 8.169932486628882495e-01 7.954326810790125490e-01 8.222863122085957155e-01 8.106898567111060494e-01 8.302738430739011743e-01 8.061356536993784516e-01 7.895978894084038080e-01 8.087652792085313624e-01 8.065236074070726291e-01 8.174312169947753892e-01 8.150381124857045689e-01 8.145290633218637000e-01 8.306016375899791804e-01 8.184159272054939427e-01 8.215859645272918232e-01 8.248703156846509676e-01 8.142716798836396874e-01 8.140509743378718799e-01 8.141761074708799839e-01 8.085505520085075615e-01 7.989027344523460528e-01 8.194252178668881559e-01 8.067649326675606636e-01 8.018482686837691276e-01 7.935096418322655776e-01 7.898954604798763546e-01 8.118021254840867007e-01 8.061871514970004871e-01 8.040687425924131215e-01 7.775372147092208808e-01 8.045156435141922469e-01 7.981924324770675039e-01 7.977664500997444508e-01 8.068489013605034677e-01 8.240270656355247469e-01 8.026983775409151090e-01 8.248927494192317411e-01 8.110376586138154931e-01 8.124493826997490897e-01 8.320683506372100746e-01 8.217983613152037847e-01 8.273738177683537254e-01 8.252421570498565950e-01 8.272873198192566280e-01 8.207131587389606686e-01 8.236378739240517444e-01 8.219784666947121954e-01 8.174675151097671177e-01 8.452121838716502022e-01 8.313012875371831312e-01 8.354946145610021579e-01 8.364185214955179859e-01 8.357770825878327869e-01 8.387551703683666648e-01 8.343582076189480778e-01 8.374190469071191023e-01 8.372070586788838975e-01 8.270715017169009142e-01 8.306568448443627517e-01 8.146571609529777991e-01 8.204842766362591133e-01 8.290071625794382948e-01 8.289774794287806392e-01 8.233809150509999730e-01 8.290153773621325994e-01 8.348061866304090639e-01 8.197287014973765329e-01 8.297874051700807607e-01
1.245420160088482331e-01 1.764296174694400809e-01 3.730755025238343126e-01 5.417720429041341657e-01 4.696459799598439178e-01 5.775224795276152623e-01 6.856425181225106469e-01 7.249480285918626921e-01 1.000000000000000000e+00 7.633399567410279474e-01 8.176830419575022990e-01 8.380287049486332407e-01 7.892904535921162479e-01 7.774686120562487313e-01 8.449232506232183804e-01 8.488115587920759264e-01 8.046893218371928835e-01 7.237808280202161493e-01 7.370571458876865600e-01 7.030864683693391903e-01 7.252833295069823771e-01 7.563681225658334117e-01 7.788551613878224034e-01 6.976570867227661621e-01 7.537833061521459488e-01 8.403958516183025473e-01 8.370741003498094468e-01 8.111069814962226232e-01 7.997932403937795254e-01 8.425805530479989480e-01 8.698583386836361564e-01 8.306191632208687059e-01 7.534502040121660027e-01 7.892350241420851287e-01 8.010267727161206608e-01 7.807324856529271884e-01 8.296772231273163989e-01 8.351621930766727209e-01 8.484023859050334737e-01 7.809549932103964087e-01 8.708142208710871746e-01 8.451373576698107959e-01 8.318338023696543182e-01 8.753720767129400393e-01 8.446595253386181001e-01 8.582524611000481585e-01 8.847395151033217164e-01 8.938831185932518686e-01 8.667535437331955750e-01 8.382024210833328715e-01 8.563968852229295603e-01 8.241993580548457876e-01 8.717599736299551649e-01 8.956332471737983303e-01 8.730464922048369880e-01 8.642248575437837532e-01 8.704383508574473627e-01 8.830404601721899560e-01 8.725603022675152420e-01 9.012739912597512726e-01 8.910898919609152591e-01 8.940104643580452093e-01 8.765953235639128982e-01 8.894015676454304353e-01 8.888404233249427300e-01 8.951783077800273825e-01 8.910489541842834260e-01 8.813186909395839264e-01 8.793553066049762945e-01 8.786873629129564600e-01 8.778170218587290075e-01 8.788656379711462519e-01 8.595694714966122252e-01 8.673302846001945676e-01 8.860858697899477443e-01 8.842532107281523279e-01 8.767631722535340622e-01 8.733171052938248913e-01 8.807624694190109294e-01 8.864890731089006826e-01 8.808425211445680691e-01 8.886991977099351070e-01 8.754249468119819078e-01 8.755608486035320048e-01 8.668900735804845326e-01 8.719349774885929438e-01 8.643332045557338139e-01 8.746430517903005519e-01 8.700335592031948062e-01 8.701405000964271830e-01 8.561858918485607539e-01 8.759441183694677280e-01 8.798801317218863938e-01 8.791751007715814525e-01 8.894811031855778261e-01 8.899435734624165928e-01 8.576154595725121732e-01 8.821159742950941407e-01 8.869800319342904249e-01 8.785268990401073896e-01 8.687632730469789788e-01 8.837064948137547393e-01 8.847745309334746899e-01 8.808862380244858459e-01 8.726039966739043141e-01 8.875695171342949941e-01 8.903963768673253121e-01 8.886166071766675723e-01 8.873360286945389808e-01 8.904068020182784871e-01 8.828116888869722567e-01 8.939892260417012793e-01 8.920307995967433623e-01 8.880973295498288955e-01 8.935128481657383936e-01 8.941238031880982540e-01
4.581689686034059322e-02 2.207213739014347864e-01 3.319420528986545826e-01 4.619902006749277423e-01 4.363551770704353072e-01 5.358741167202339950e-01 6.495263426414044083e-01 6.526631360904056045e-01 7.633399567410279474e-01 1.000000000000000000e+00 7.559209305644899457e-01 7.593448244814593462e-01 7.182333884402749558e-01 7.061217851716344862e-01 7.935035358209624468e-01 7.919678102140331744e-01 7.360829342706982636e-01 6.593334154952958936e-01 6.886978754782668855e-01 6.007717618645005420e-01 6.345103485268099863e-01 6.859675149823781792e-01 7.414405735684004295e-01 6.638189737804000012e-01 7.157158643738581461e-01 7.814006613496667919e-01 7.609330939370119173e-01 7.574107771901349428e-01 7.390757763336293085e-01 7.793939646870551297e-01 8.038868894339832316e-01 7.867195838979543776e-01 7.241820380979950844e-01 7.563965514974436699e-01 7.523256111327699669e-01 7.305568894038799721e-01 7.846035083453665182e-01 7.927139057333001393e-01 8.045417252636084537e-01 7.462745678262344695e-01 8.030053647585262411e-01 7.938584061871506448e-01 7.771721559724288353e-01 8.072611900286477127e-01 7.925129445674524709e-01 8.047780693380940376e-01 8.194228330803490223e-01 8.321039276158883613e-01 8.070500927154202753e-01 7.717678016221003467e-01 8.031185668124390942e-01 7.449463943238463504e-01 7.955438172053291845e-01 8.258677398643146095e-01 8.027559992171809933e-01 8.143981044940699077e-01 7.870712477331536228e-01 8.116017618267072908e-01 8.089460504620695769e-01 8.223959452262464831e-01 8.151588959874060958e-01 8.189655582087170815e-01 8.052451525454135117e-01 8.151436225067208996e-01 8.042462704397927986e-01 8.028358301768243610e-01 8.248487934299371105e-01 8.228185717177418645e-01 8.243441443351814391e-01 8.022393206892513007e-01 8.065034729659509294e-01 8.146005293110786249e-01 8.068725172463521167e-01 8.103233083520405833e-01 8.193331607000313710e-01 8.173701181017638540e-01 8.141890977188704914e-01 8.078922165927163723e-01 8.191238606350993434e-01 8.192913623876245666e-01 8.184150293171188473e-01 8.225090331016965406e-01 8.197290161657836416e-01 8.169795832732745788e-01 8.043816472642204563e-01 8.167157644108968828e-01 8.124080357410119468e-01 8.158036291642799531e-01 8.144254987106600563e-01 8.081176763983237699e-01 8.032490463636462463e-01 8.159240590155960593e-01 8.181432177499240455e-01 8.163053312247678939e-01 8.232355462255872558e-01 8.256828618728845326e-01 7.895522834475877660e-01 7.997629556466265832e-01 8.162411265580957753e-01 8.146401147862596392e-01 8.070305020802260865e-01 8.122196741930430841e-01 8.088267531332424820e-01 8.125746786210829020e-01 8.028948415070488176e-01 8.078808730923658921e-01 8.196494462192321917e-01 8.255025298290662450e-01 8.218660784873877967e-01 8.193538192207582282e-01 8.180818861001165621e-01 8.227636433957919992e-01 8.207621952667986109e-01 8.158319651005445650e-01 8.189224257264233753e-01 8.113478151385019599e-01
3.092100007243340012e-02 1.554889504834041092e-01 4.196407883482930479e-01 6.092005426556635905e-01 4.789443836234488217e-01 6.051655098254903331e-01 7.310625889806349198e-01 7.510628651402986300e-01 8.176830419575022990e-01 7.559209305644899457e-01 1.000000000000000000e+00 8.850882827094284089e-01 8.041769582680019512e-01 7.953591862980160521e-01 8.811034631720515709e-01 8.765016011056674383e-01 8.030713432020226694e-01 7.735300416889376862e-01 7.774209311284847601e-01 7.428163188501260006e-01 7.697069456388905273e-01 7.952002632054914200e-01 8.019853479389484896e-01 7.456223126178517235e-01 7.919587188233675468e-01 8.690899877541162777e-01 8.722982343066655320e-01 8.608714526333861583e-01 8.216307319826989808e-01 8.817136924918017593e-01 9.066071616257527221e-01 8.704073147927920973e-01 8.189324036404147522e-01 8.484230743669073371e-01 8.531909345121284627e-01 8.413966668243405556e-01 8.854451873076641943e-01 8.764132977107380595e-01 8.945569227801294376e-01 8.539400008058852798e-01 9.020307692414376577e-01 8.936185084556768077e-01 8.812189818847268041e-01 9.094639031131934725e-01 9.014245578420718719e-01 8.959630708473815819e-01 9.083587315429144660e-01 9.080651531344912097e-01 8.949434060387141399e-01 8.659002503957049512e-01 8.945780177562379087e-01 8.630595363279697230e-01 8.969948222786385816e-01 9.031877566666010049e-01 8.732169816485586544e-01 8.972362801339524019e-01 8.668951026071612942e-01 9.000772826405559757e-01 8.919304613130645265e-01 9.056357782192443473e-01 9.040947094798905681e-01 8.979518507502146640e-01 8.890710948143754067e-01 8.993823584001322535e-01 8.977157171725351770e-01 8.932370484438143521e-01 9.112105010256322801e-01 9.072767507919227148e-01 9.048488067288239511e-01 9.092415900311259236e-01 9.086384108386614811e-01 9.069100319842771096e-01 8.905853813063674407e-01 8.991774955697392491e-01 9.118261672197469636e-01 9.110810033523839557e-01 9.080221882008308043e-01 8.967264959890217657e-01 9.074089679963771582e-01 9.091748037710561947e-01 9.108313736035051900e-01 9.159737804730920807e-01 9.067653163619846524e-01 9.062148824718402329e-01 9.030049866143381454e-01 9.034461779298461614e-01 9.066941776001286035e-01 9.113053508255949398e-01 9.094478399496402909e-01 9.031093128278235849e-01 9.040320312550153004e-01 9.129019450963365978e-01 9.128753067564887580e-01 9.128006304518122560e-01 9.129100941492758192e-01 9.124799715230019759e-01 8.946330620390281485e-01 8.974626118525802498e-01 9.086099561370564182e-01 9.092247607051296976e-01 9.065562344344318957e-01 9.080929662634910082e-01 9.103451278622867182e-01 9.116210273735466663e-01 9.086278841755590641e-01 8.957334093620471505e-01 9.077070427136612052e-01 9.104679453181114823e-01 9.074637843354540490e-01 9.125639159012539636e-01 9.086385597147839110e-01 9.113384123441433671e-01 9.094196665572128468e-01 9.094611569009494190e-01 9.109217243877189008e-01 9.095469967061596828e-01
1.970614621399312261e-02 1.191630494976944621e-01 4.414787362532878734e-01 7.089000121909529994e-01 5.154062824005770649e-01 6.329643245100402549e-01 7.756010939255169045e-01 8.129590639142725284e-01 8.380287049486332407e-01 7.593448244814593462e-01 8.850882827094284089e-01 1.000000000000000000e+00 8.353100571552352083e-01 8.217250140710450346e-01 9.174162243179423415e-01 9.153157611659551440e-01 8.262976591173261109e-01 8.006180180437122429e-01 7.816908970794553824e-01 8.133768279890526420e-01 8.088329056069246681e-01 8.210351682485921287e-01 7.929524225624061673e-01 7.469875560020765581e-01 7.895313001459396407e-01 8.755286727276662129e-01 8.915004794063563498e-01 8.785481928906579974e-01 8.270752854896502582e-01 8.865761248693627694e-01 9.223672452878434180e-01 8.817960467674268443e-01 8.374416566028255460e-01 8.610782164891064294e-01 8.627430189390348225e-01 8.765878876008503795e-01 8.985220783883414164e-01 9.036837961358985538e-01 9.215515087982740772e-01 8.918906671924736740e-01 9.286115803469813246e-01 9.224278540392175652e-01 9.149878669474411641e-01 9.421089066820378388e-01 9.241517764609642471e-01 9.247827832529366132e-01 9.334389520739968527e-01 9.259707548168411018e-01 9.220221210369738962e-01 9.029748330214523167e-01 9.246735263360985613e-01 9.129076225882114537e-01 9.365813588062074091e-01 9.229829471924255735e-01 8.950205454242033953e-01 9.160007745077185515e-01 9.032958108681301557e-01 9.263529345897302258e-01 9.180901489772530510e-01 9.311381757269923121e-01 9.377462981091674310e-01 9.263568736569031126e-01 9.193080705691779597e-01 9.312990275682797581e-01 9.273469490532588733e-01 9.273767480022262477e-01 9.324085615954316175e-01 9.260987042205859332e-01 9.176487078848641898e-01 9.429690109586928992e-01 9.346650713890045648e-01 9.247938206030805741e-01 9.040909985535368065e-01 9.130219736308166079e-01 9.322226295456019773e-01 9.345552294281347372e-01 9.293172100831866844e-01 9.132545285509618971e-01 9.259878384583984934e-01 9.225845227703151075e-01 9.264837801654052241e-01 9.349174025171994584e-01 9.281419008185892716e-01 9.214981142823792659e-01 9.301959871784105660e-01 9.234445394314476641e-01 9.306136149756321085e-01 9.368881845552937682e-01 9.339715395686453148e-01 9.262879245010282592e-01 9.304387906201793124e-01 9.383443345965388760e-01 9.379463953064182125e-01 9.384985196772063221e-01 9.353764942579021469e-01 9.318342042288465521e-01 9.307358925340902811e-01 9.317762191768917956e-01 9.364275720162815730e-01 9.386609503838916346e-01 9.345327941349268475e-01 9.375838195744577996e-01 9.436688063586793351e-01 9.432405075854948251e-01 9.433782404777177888e-01 9.244211322139237463e-01 9.352590924150306906e-01 9.299953213148508535e-01 9.285841512526692432e-01 9.372357164664468776e-01 9.331105407829176634e-01 9.360914315644153216e-01 9.342951713635723188e-01 9.391302765995948043e-01 9.375230147047945994e-01 9.399862618717236273e-01
2.274490548799465092e-02 1.266650909198481223e-01 3.751692719970343703e-01 5.796011872503815665e-01 5.340022408875209070e-01 5.864167761766493348e-01 7.208823995205752011e-01 7.501362167819130011e-01 7.892904535921162479e-01 7.182333884402749558e-01 8.041769582680019512e-01 8.353100571552352083e-01 1.000000000000000000e+00 7.644414165397025451e-01 8.525911830146117865e-01 8.522806514435565806e-01 7.503180534733107088e-01 7.339438573628664919e-01 7.278291909873590981e-01 6.993273598229520216e-01 7.145632693381762657e-01 7.471735416523794804e-01 7.624027705783047448e-01 6.958651580427689387e-01 7.415164979982937776e-01 8.276980329426578686e-01 8.192989210069935302e-01 8.123823627300327255e-01 7.703320181099637676e-01 8.264955416375417974e-01 8.493010257470982038e-01 8.117795963798053460e-01 7.688718313679392402e-01 7.897375528789691845e-01 8.013337275633600765e-01 7.996919181983569436e-01 8.339130976796524930e-01 8.186245841184285332e-01 8.468070619183805103e-01 7.998646973986229813e-01 8.596069960309520308e-01 8.527274706719997210e-01 8.461581513255796994e-01 8.686439388798049555e-01 8.507622993621060115e-01 8.592434971653719611e-01 8.702822809669167325e-01 8.658066413254682514e-01 8.398847650059536596e-01 8.066928650825494485e-01 8.389172897287777708e-01 8.167762812520165117e-01 8.608095740671173335e-01 8.640229366302295544e-01 8.354040299975229455e-01 8.510891124406386732e-01 8.219068250487742144e-01 8.600750441329264584e-01 8.409000294168481604e-01 8.731014257081470831e-01 8.653687692804816756e-01 8.598017798693354807e-01 8.400580046496251008e-01 8.575985672862860287e-01 8.619333655022067830e-01 8.605644294273917527e-01 8.684484362716360373e-01 8.668760159599956383e-01 8.630014043307860927e-01 8.654803870656457843e-01 8.623192533757763067e-01 8.612439557006351665e-01 8.465257370273014947e-01 8.557087732664347968e-01 8.691079789450153470e-01 8.678566441438040346e-01 8.642279684812039786e-01 8.495000413355143776e-01 8.665617116787275309e-01 8.647308029255592610e-01 8.654229474146813983e-01 8.695778263555378196e-01 8.641281355207993675e-01 8.592669831641986944e-01 8.546386768224506492e-01 8.574411225783925561e-01 8.626000069857061581e-01 8.670952485095438922e-01 8.682285427701981195e-01 8.613774410972847573e-01 8.610029644957758466e-01 8.725358484846454932e-01 8.709083768570298201e-01 8.731816176371206550e-01 8.728853690409860144e-01 8.714901998034718655e-01 8.539122335837907585e-01 8.516743535625350692e-01 8.703615964297014562e-01 8.671082497186567428e-01 8.733085243830281952e-01 8.665146332587516653e-01 8.716661464864169373e-01 8.749393309656077200e-01 8.676044194294920686e-01 8.598068160895124823e-01 8.655393823597582470e-01 8.719270934108853677e-01 8.683892020531924771e-01 8.724341455100983467e-01 8.679911821939445549e-01 8.756397532298687558e-01 8.715227746480261883e-01 8.706209777863740396e-01 8.706570757118162751e-01 8.729735712986603779e-01
