1.000000000000000000e+00 1.866391784368076345e-01 8.117250957717621340e-02 9.639202305125206538e-02 1.893847647495518899e-02 9.247217408680234035e-03 8.446884938395692738e-03 4.412276565526883354e-02 1.641474054765489909e-01 5.460759073217085618e-02 -4.919350802362748576e-04 1.719859982966106746e-02 3.923836099822163720e-02 1.772002289868943037e-02 -9.165449880913198498e-04 1.317439936762733292e-02 1.035308476563742142e-01 -1.696115165265399405e-02 -1.751700137635415003e-02 -1.978740015330731489e-02 2.414508556993115104e-02 4.343297715130960135e-02 -3.636564866306540855e-02 -6.736814105832938937e-02 -1.202612137527149516e-02 3.574178944029865468e-02 1.718176701430749673e-02 -1.339017653947097326e-02 -8.108608204477941311e-03 1.276108061730411858e-02 1.246277036780122846e-02 8.520042964606906744e-03 -6.055228248082702297e-02 -4.240796315637720276e-02 -1.452716139063934576e-02 1.717971136344555866e-03 3.987015103993522998e-03 -2.870407984475661922e-02 -3.143856135627272341e-02 -8.322374480169271449e-02 -7.199575405714174654e-03 -3.282554963688301408e-02 -4.084203348435631181e-02 8.170447850930939379e-03 -8.719649641603490278e-03 -2.291904490269966455e-02 1.769469382019719927e-02 2.724487805375747779e-02 3.018736140328355175e-02 3.200321733453195122e-02 1.647446576385496950e-02 2.010550710410971900e-02 4.870115906383230830e-02 3.879683278185395989e-02 3.599813039423985228e-02 -1.767035807362557845e-02 7.461847782002284379e-02 2.468869132374534175e-02 2.293499894372959605e-02 5.495704709702853991e-02 3.318835191852988198e-02 4.230237323952195511e-02 2.782476041626178245e-02 5.054898639810990330e-02 7.100306447202511806e-02 7.576065815728352804e-02 3.011417905367760189e-02 1.306320405545310145e-03 1.052969652992634224e-02 3.697402595399220185e-03 6.000050043181525024e-03 1.368675404505389527e-02 -2.135196645290806522e-02 -1.074205629579128886e-02 1.220859308338746209e-02 1.494085362240763458e-02 -7.832915696528976179e-03 -2.646649251979256955e-03 -1.036992289403544133e-02 2.812770388083053394e-02 1.563421509639930512e-02 1.019881837563990819e-02 -1.020227831826150434e-02 -5.081336599702435813e-03 -1.729702029658218912e-02 -1.277170210329726247e-02 -5.435707155195572231e-03 -1.193344572784883588e-02 -7.056962786659907311e-03 -1.076908765706823153e-02 -4.074397498450582633e-02 -9.395271345710333802e-03 -2.731241051507178001e-03 -9.845588492436553943e-03 9.137129830841899530e-03 1.514683571919292482e-02 3.760319280750942274e-03 6.306226521913202432e-02 8.749116664673301999e-03 4.682671244507203775e-03 -1.237424930224561605e-02 1.957363911156286690e-02 1.792257676517164042e-02 1.217373460391880415e-02 1.981456238737451178e-02 2.682547981366091919e-02 3.301181420431466979e-02 1.321267128024539508e-02 1.709403895592293693e-02 1.344403371456786601e-02 -3.503891600270476418e-03 3.487359779775840718e-02 2.236209619592564174e-02 2.805315111359463903e-02 3.516121112108092778e-02 4.286879313637064620e-02
1.866391784368076345e-01 1.000000000000000000e+00 7.681542673829869217e-02 1.104180597325907787e-01 6.349135700349356481e-02 8.324053480482064560e-02 1.279290056452380420e-01 1.304050684032596608e-01 1.613629585445886250e-01 2.233109167589804600e-01 1.483396293313218317e-01 1.193780142720765880e-01 1.467611018335009954e-01 1.318163708839153458e-01 1.518323446364026053e-01 1.467445821556381536e-01 1.397590429014874402e-01 1.219316786824772014e-01 1.393256643781809190e-01 1.499732440305094894e-01 1.103744135613929922e-01 1.520924582716045304e-01 1.225327456348817845e-01 1.234093501843346041e-01 1.168539546590155742e-01 1.592663232378395688e-01 1.306339142999186353e-01 1.323694397615222951e-01 1.425393858630897292e-01 1.278641312781204076e-01 1.468551613824350122e-01 1.670000291702194717e-01 1.201316608188760793e-01 1.517469183986880910e-01 1.314283683514161638e-01 1.120370997262297719e-01 1.509590475418919608e-01 1.484527028854777386e-01 1.394383483338239305e-01 1.213695941179921411e-01 1.421331283743666740e-01 1.340619442306689724e-01 1.138285338512470546e-01 1.383097487582019003e-01 1.506654174817354808e-01 1.456093217983932819e-01 1.608253925209543189e-01 1.637572518325420001e-01 1.614587845363666951e-01 1.448008736992120182e-01 1.443491829264756110e-01 8.514459954772513051e-02 1.296327746709363682e-01 1.626078707615546404e-01 1.603257034455108920e-01 1.508959330486974171e-01 1.379727039281325729e-01 1.474040707792795557e-01 1.619976912616197806e-01 1.516089077852746103e-01 1.356632493010627993e-01 1.469190977809666232e-01 1.450963347313414531e-01 1.501302974059525175e-01 1.503987617229120555e-01 1.471206496804687847e-01 1.582383663242479532e-01 1.512536940964685495e-01 1.647120697409480694e-01 1.638392857773352529e-01 1.491868884711820553e-01 1.561483127055868503e-01 1.517144646796007024e-01 1.462627180103003022e-01 1.575647003802486679e-01 1.482738464851463822e-01 1.445333363245627778e-01 1.531102561192853595e-01 1.454281838925169379e-01 1.494677354390801238e-01 1.509913047400739394e-01 1.560017389992467418e-01 1.514467992198637314e-01 1.518193027316215304e-01 1.519189177299491433e-01 1.556930844447371176e-01 1.570085247905941006e-01 1.524826537287813366e-01 1.544174049591722497e-01 1.532579719811391072e-01 1.418497785147479207e-01 1.487100248047479589e-01 1.469514539764888161e-01 1.504855720393965535e-01 1.547289432198658832e-01 1.588447425894448373e-01 1.373688553915458910e-01 1.479462965535382202e-01 1.470935182534494068e-01 1.491098124327491226e-01 1.367773987129939361e-01 1.454441709765234292e-01 1.462899680265511981e-01 1.424308388291945782e-01 1.399171721024466131e-01 1.336981348623434152e-01 1.609504248329147458e-01 1.593365002029612232e-01 1.542697586288090394e-01 1.500790455982982941e-01 1.492031709859416300e-01 1.537632371700123068e-01 1.472191581077761657e-01 1.531161653977640147e-01 1.521488732664649235e-01 1.501751116366425720e-01
8.117250957717621340e-02 7.681542673829869217e-02 1.000000000000000000e+00 3.181338029109526677e-01 2.028061590025909133e-01 2.184275225102715878e-01 3.218846519795602323e-01 3.114410882266213099e-01 3.443856282109203915e-01 3.184526125847327860e-01 3.532569633364605055e-01 3.737736865392994323e-01 3.239891799328333821e-01 2.828988676975480177e-01 3.622944366865060162e-01 3.511196216390656266e-01 3.574926120904833859e-01 3.572640824437448570e-01 3.483227341490158224e-01 3.175725406879776891e-01 3.527560626449246506e-01 3.679981266874753354e-01 3.443464074932230945e-01 3.323932109717896433e-01 3.656557170494310616e-01 3.702256497271104729e-01 3.727768797721811023e-01 3.663019045669462792e-01 3.698603624322528982e-01 3.541502838142719378e-01 3.889196654102431427e-01 3.846680740920727093e-01 3.459059409730172452e-01 3.434605943467145539e-01 3.512460171972627276e-01 3.588231929145462851e-01 3.651413062267558907e-01 3.674703903367338431e-01 3.665384547072623733e-01 3.582284164267733884e-01 3.683554465776625042e-01 3.645737016541909514e-01 3.500459144732758210e-01 3.729278334834469355e-01 3.708567530354029418e-01 3.781094215817881188e-01 3.696700567750806354e-01 3.703746566375516469e-01 3.678965995973350056e-01 3.627610370129115136e-01 3.613113905256625791e-01 3.471205196193231091e-01 3.649657767405384834e-01 3.713731055715560059e-01 3.788714417193975725e-01 3.705014964876785499e-01 3.758810070461417463e-01 3.802165024632819801e-01 3.769886760702653716e-01 3.736270960225191451e-01 3.673264588975758138e-01 3.785372662840935098e-01 3.751431186408112906e-01 3.740027364697446899e-01 3.705786931552232932e-01 3.737576980735488608e-01 3.743615472405141809e-01 3.723864194487549462e-01 3.812675590722323649e-01 3.716420944856791420e-01 3.739979852365650226e-01 3.740794376591972670e-01 3.695608837378586142e-01 3.774391836292547153e-01 3.734440928743872901e-01 3.817121492273918837e-01 3.708524782015671928e-01 3.735316293828506162e-01 3.695012993793190814e-01 3.776241409500276092e-01 3.745756256512125515e-01 3.761549115443506008e-01 3.680173962785721065e-01 3.689190177876805476e-01 3.621275881595812929e-01 3.700503513916803544e-01 3.752410388902411853e-01 3.709067367450366026e-01 3.701598210489039920e-01 3.743464633860271173e-01 3.615200130800114708e-01 3.683790128644592321e-01 3.708071290285147037e-01 3.697377318533493495e-01 3.688355285317750365e-01 3.729139025584060629e-01 3.663718169101003452e-01 3.782040860947076810e-01 3.731973149040975213e-01 3.688680251727555759e-01 3.634763297516819813e-01 3.770161206092169093e-01 3.679138013701168664e-01 3.722376190244532923e-01 3.687409682987733972e-01 3.797310561337684520e-01 3.762127588518198174e-01 3.711924557076201059e-01 3.790967552695000409e-01 3.752607895416411043e-01 3.737919126631610856e-01 3.714468422320350016e-01 3.790077134875238229e-01 3.707661595102585417e-01 3.692953057594360322e-01 3.739889780431136512e-01
9.639202305125206538e-02 1.104180597325907787e-01 3.181338029109526677e-01 1.000000000000000000e+00 3.541793842770544209e-01 3.391969333082984761e-01 5.679903101702725721e-01 5.915762609547778883e-01 5.615696876463840415e-01 5.006135351693077329e-01 5.665123663728732772e-01 6.294729583022795616e-01 5.535890942988160868e-01 4.222037436168313285e-01 6.167365670738345074e-01 6.187832993074917631e-01 5.852828321101386511e-01 5.790692507216433915e-01 5.766258259149099619e-01 5.368889773499083695e-01 5.560590769214963647e-01 5.933329989688730377e-01 5.678087203124864146e-01 5.586797231747180348e-01 5.705042065129463102e-01 6.138537784028424982e-01 5.887465690573593369e-01 5.851918998296200547e-01 5.735294213365226268e-01 6.046351592464711544e-01 6.119013591677242569e-01 6.139692583790468117e-01 5.983309167668203754e-01 5.934000233675931213e-01 6.073096121867855857e-01 6.156297809106185959e-01 6.041977089793983957e-01 6.042905316527285020e-01 6.253579112809555252e-01 5.877065337725062566e-01 6.080184209577053078e-01 6.135824583563747048e-01 6.081446075345133817e-01 6.168092694878324345e-01 6.181108160030371890e-01 6.069058879438777865e-01 6.082969222669855069e-01 6.026591604739169883e-01 6.029491513984737150e-01 6.031372710350471067e-01 6.048437552876929635e-01 6.165941323943580077e-01 6.285818538475904660e-01 6.032119010181515861e-01 6.017330227753028282e-01 6.072845834546950483e-01 6.181973039856186736e-01 6.212672550633248081e-01 6.004932300298709835e-01 6.092456007211717317e-01 6.223366327425550182e-01 6.069907631376852963e-01 6.087935782621719527e-01 6.192850885961421747e-01 6.103540957224642405e-01 6.116912456866657744e-01 6.129389274821124278e-01 6.134815983043947485e-01 6.274262878225064233e-01 6.218887493497197161e-01 6.176315200015198847e-01 6.147535486797224280e-01 6.136863208993357244e-01 6.132026577703363346e-01 6.185730086604295241e-01 6.189334841936812159e-01 6.151250357607319641e-01 6.063370782125308001e-01 6.139428980846377559e-01 6.163370186295575870e-01 6.107725955878140489e-01 6.082045308701780062e-01 6.225355127860857651e-01 6.174382295198204140e-01 6.120037925961013814e-01 6.152574481716369670e-01 6.089898727798698230e-01 6.228002799377411192e-01 6.187979544756510020e-01 6.245537993258624132e-01 6.127284693806985816e-01 6.155057560062660027e-01 6.138598539275564869e-01 6.158129089387369692e-01 6.102251042642324874e-01 6.085661970116399422e-01 6.319472878429389651e-01 6.273963181613299023e-01 6.237181354671259559e-01 6.180943725290513058e-01 6.233503598114774613e-01 6.308018508251940215e-01 6.199621130506541844e-01 6.217931466550236097e-01 6.298699512673354706e-01 6.310547929215745144e-01 6.185099470630478491e-01 6.089094637463082771e-01 6.199667855993966636e-01 6.190730106993121984e-01 6.178251971550928756e-01 6.151851545542825761e-01 6.251282002146709704e-01 6.237481157902747819e-01 6.129608743380716707e-01 6.170339423594938255e-01
1.893847647495518899e-02 6.349135700349356481e-02 2.028061590025909133e-01 3.541793842770544209e-01 1.000000000000000000e+00 2.419555747208538554e-01 4.538957515339249182e-01 4.693240375618908389e-01 4.353222495967960515e-01 4.129896528903400643e-01 4.510946240178380640e-01 4.781384424084672569e-01 4.676694423851591731e-01 3.453911912700615150e-01 4.925485291424018253e-01 4.929358310212355043e-01 4.339806929628277077e-01 4.466080984442518664e-01 4.434523965676803181e-01 4.097995011855492531e-01 4.486128446315305052e-01 4.578584171256486202e-01 4.506717026241058299e-01 4.433092625779137541e-01 4.590189411068344993e-01 4.869224346070866183e-01 4.775143241290180640e-01 4.738839120205990407e-01 4.713840662989884356e-01 4.614337683988636307e-01 4.946998619160865585e-01 4.847988175174896552e-01 4.627158737273096567e-01 4.695893499471983645e-01 4.600349696785785425e-01 4.831691146343098930e-01 4.795465554239592976e-01 4.796600101756945400e-01 4.989457300729098765e-01 4.650758832970616208e-01 4.977488601466540374e-01 4.972312756933173206e-01 5.034605800043877588e-01 5.087069716329259972e-01 4.918026767076251748e-01 4.926406639231279416e-01 4.907761078846465952e-01 4.944528702074754145e-01 4.855705166874926260e-01 4.799377616655230439e-01 4.842112708195536741e-01 4.799216500113854256e-01 4.905480115961481924e-01 4.826608637917174094e-01 4.823689843065909755e-01 4.939345919389969142e-01 4.654068364223705734e-01 5.025626299897899552e-01 4.811254966949576883e-01 4.944858854129529635e-01 4.988636915956990991e-01 4.856655190645380316e-01 4.859777851313438757e-01 4.963007242738000646e-01 4.825819476648983142e-01 4.791768932555094396e-01 4.911971776627160891e-01 4.937818602210385377e-01 5.060368219637529918e-01 5.028924761719492098e-01 5.009448200600014056e-01 4.966551509057174907e-01 4.917637195509229064e-01 4.950182289316693574e-01 5.006926106776262708e-01 5.034592500361770862e-01 4.961833765433558696e-01 4.952078716991149543e-01 4.957586658040801786e-01 4.959902757500668780e-01 4.974087528262960411e-01 4.994750537740979546e-01 4.964131409477550716e-01 4.962330780105122519e-01 4.984209417036363221e-01 4.978736370761872032e-01 4.967660591268416859e-01 5.011034997504034694e-01 5.007184147031265020e-01 4.983202161652703910e-01 4.941686795327693282e-01 5.009204655453283195e-01 4.975262053826899900e-01 5.011936040922557734e-01 4.949713005611669492e-01 4.944477380080896656e-01 4.971294824620283714e-01 4.850415591047360087e-01 4.968336127894842358e-01 5.003784086431364297e-01 5.077664607694586385e-01 4.902778060041689256e-01 4.960933491359942882e-01 5.037982429497780412e-01 4.994153715887250100e-01 4.839748931201369730e-01 4.892496313544434372e-01 4.962062763624620065e-01 4.999349888626288263e-01 4.970568088216886782e-01 4.958117063677136005e-01 4.968681738884058730e-01 4.936328214255303326e-01 4.960923216714811512e-01 4.908927872273747273e-01 4.877458697608914040e-01
9.247217408680234035e-03 8.324053480482064560e-02 2.184275225102715878e-01 3.391969333082984761e-01 2.419555747208538554e-01 1.000000000000000000e+00 4.943914888616073866e-01 4.319632193912873452e-01 4.710546228050236373e-01 4.585796653142718005e-01 5.200778610791477741e-01 5.480234292598910040e-01 4.721484816728770406e-01 3.915203650671678082e-01 5.443150154110806271e-01 5.294986744270890888e-01 4.877271727269587576e-01 4.707867800127568114e-01 4.975929049075944466e-01 4.239868561076124420e-01 4.445581333978709249e-01 4.913291698323287160e-01 4.847526790391299967e-01 4.625789730807981504e-01 5.177304553009483001e-01 5.129092262714534112e-01 5.199739419192949130e-01 5.250131588595179366e-01 5.082395244687297753e-01 5.155488870972217974e-01 5.418154961501717715e-01 5.437860841887761643e-01 5.176217348768973325e-01 4.971023639401521144e-01 5.023279945114151879e-01 5.047488472835527373e-01 5.151139527162608145e-01 5.515619288274914434e-01 5.498329662831766829e-01 5.303138917005222330e-01 5.508752191768202522e-01 5.566020531298112584e-01 5.409779307344612098e-01 5.625600940418944429e-01 5.478287194426482154e-01 5.563182950275720184e-01 5.579709950909512717e-01 5.548844420843309644e-01 5.467164036286916717e-01 5.298922763064731756e-01 5.488501608248061991e-01 5.122036360611391670e-01 5.467782961316971502e-01 5.466687054997212414e-01 5.474657166232537175e-01 5.577903679045590479e-01 5.299943430724919358e-01 5.545873676320050016e-01 5.534684671931845434e-01 5.562458222444471856e-01 5.555756630585508837e-01 5.517108046147619627e-01 5.486593851383545495e-01 5.503816560993362028e-01 5.464785546362889157e-01 5.469455559584154303e-01 5.583037465666356169e-01 5.547626140953755280e-01 5.588872578396844037e-01 5.555330313894301097e-01 5.553589391109410300e-01 5.595069613588452562e-01 5.418957434654694261e-01 5.589312687470140428e-01 5.610822976695044595e-01 5.569968437509197345e-01 5.604195906673913319e-01 5.507910455070882394e-01 5.559579476239243645e-01 5.544737715766230313e-01 5.563518517642392913e-01 5.584691095259824989e-01 5.505518326430400844e-01 5.536083543687665420e-01 5.509707318297654144e-01 5.499780373609037820e-01 5.539000851821193061e-01 5.594252079931862909e-01 5.567012990739326206e-01 5.608797554004871788e-01 5.512979640418627092e-01 5.645825199878388156e-01 5.607615766224570697e-01 5.620756379323021967e-01 5.590493839695105383e-01 5.601373052089523297e-01 5.521686121792627189e-01 5.459612733929274375e-01 5.561810852406425809e-01 5.580096632407568480e-01 5.567712940569026214e-01 5.564098085760393886e-01 5.560942039263868653e-01 5.610023726548239997e-01 5.534328787886478862e-01 5.472552373513258628e-01 5.555980254027921283e-01 5.607175408961778684e-01 5.604662209927002703e-01 5.622650270924907101e-01 5.609898888769463410e-01 5.590921670332844595e-01 5.593457971163298126e-01 5.566886482060223740e-01 5.572291873858066236e-01 5.539126332023764920e-01
8.446884938395692738e-03 1.279290056452380420e-01 3.218846519795602323e-01 5.679903101702725721e-01 4.538957515339249182e-01 4.943914888616073866e-01 1.000000000000000000e+00 7.442374324569308586e-01 6.993137012257775176e-01 6.554686289645852426e-01 7.392182646397960077e-01 7.894945106246652466e-01 7.266537088119038312e-01 5.686526004298285697e-01 8.368345347530419254e-01 8.053240269381497507e-01 7.211321255253947404e-01 7.429560303431311796e-01 7.463234050589890867e-01 6.757474668511936899e-01 7.155226993335414010e-01 7.437440740828815677e-01 7.391023990568550417e-01 7.330204348862586761e-01 7.539031110472361741e-01 7.897693657292262914e-01 7.796328244551541387e-01 7.882591539638829081e-01 7.712522614150398859e-01 7.628903837636702434e-01 7.995857397153131041e-01 8.032705440072726022e-01 7.835133399105802532e-01 7.653040893076327178e-01 7.580367775108735051e-01 7.802230108807248765e-01 7.747621486349060005e-01 8.115898450159868549e-01 8.081610725104355630e-01 8.020067495203418995e-01 8.167625366245233609e-01 8.245767930589160688e-01 8.148065762742672247e-01 8.184881107057114802e-01 8.132617621936601982e-01 8.111794635185433089e-01 8.068893315491483254e-01 8.036301683917665972e-01 7.998321630465952126e-01 7.815469770272331917e-01 8.009256248225470332e-01 7.779419081932082980e-01 8.052615548846219218e-01 7.930474684402464280e-01 7.941069196462653412e-01 8.139993778913644507e-01 7.819429297085692676e-01 8.131432422633747548e-01 8.013462608682534460e-01 7.971584210256357217e-01 8.109569331935030378e-01 7.950439458489326761e-01 7.985186009056625123e-01 8.027046184443166199e-01 7.885651447898062161e-01 7.869322888233112323e-01 8.052413221910607044e-01 8.089362462463950409e-01 8.186284275864595950e-01 8.163574490266854999e-01 8.102589037396971117e-01 8.093000800002588813e-01 8.106256812446995808e-01 8.157921147755028413e-01 8.189165079395335223e-01 8.158128072287135213e-01 8.218460740995610081e-01 8.121162619571519192e-01 8.159568589052982324e-01 8.109454490612054700e-01 8.109019671889721170e-01 8.090700679557869535e-01 8.198143565611646366e-01 8.141253713500553602e-01 8.169709876923688663e-01 8.166128306156421601e-01 8.067473903322981421e-01 8.261430011599152357e-01 8.164837603733210436e-01 8.237176069038050219e-01 8.243732752072652215e-01 8.228587115383134698e-01 8.151240288161645253e-01 8.195828023097798676e-01 8.098805025990148954e-01 8.081802588459435777e-01 8.192413648276641869e-01 7.988290528700699999e-01 8.185428350475743020e-01 8.189073656594464401e-01 8.235504982170505084e-01 8.140478472658254638e-01 8.119818359771379113e-01 8.154604955509586750e-01 8.162025004119700666e-01 8.057236347637010132e-01 8.063554555878730268e-01 8.100532020239333830e-01 8.163297044663141433e-01 8.146047644142359045e-01 8.184341814936015869e-01 8.053129239644399862e-01 8.107018650369900437e-01 8.104832051622345990e-01 8.025966441540492990e-01 8.014855294400486940e-01
4.412276565526883354e-02 1.304050684032596608e-01 3.114410882266213099e-01 5.915762609547778883e-01 4.693240375618908389e-01 4.319632193912873452e-01 7.442374324569308586e-01 1.000000000000000000e+00 6.963227872504985649e-01 6.494925354061115153e-01 7.121383977886696082e-01 7.677195531962590636e-01 7.353295326326874104e-01 5.736431665875281194e-01 7.991850170971633860e-01 8.201032063189560573e-01 7.209952973525900477e-01 7.424211483068882123e-01 7.455284611533262717e-01 6.830060167327229870e-01 7.305202406186483977e-01 7.463694616751819222e-01 7.264518705623695949e-01 7.332085911900716457e-01 7.469028657116791869e-01 7.733974541914950818e-01 7.439588555139637904e-01 7.365376141667416832e-01 7.408130391123137759e-01 7.535387381427994802e-01 7.758395746084277844e-01 7.915986827022701844e-01 7.464349063168406184e-01 7.630501630489799902e-01 7.466966789747825350e-01 7.712864817902391756e-01 7.627231404041777685e-01 7.811814496094960925e-01 7.844648334087097608e-01 7.519772174694144828e-01 7.859700271078905454e-01 7.860845548254624671e-01 7.954269709185979309e-01 7.968635693064506365e-01 7.939961718792883927e-01 7.805866465638162666e-01 7.921281656376115698e-01 7.875457922061430693e-01 7.841489065902560451e-01 7.751399094620610164e-01 7.933893012560389035e-01 7.663270281750781399e-01 7.918264355041424452e-01 7.810114240351128112e-01 7.911094597769532388e-01 7.915215180243340143e-01 7.753230572217287841e-01 8.030949056365449534e-01 7.919422882110436213e-01 7.838080887788353435e-01 8.033873700604908796e-01 7.834705077030970077e-01 7.903216403935833245e-01 7.865471591426612674e-01 7.700674964239597742e-01 7.746746859451357770e-01 7.859387076672487149e-01 7.946290206093933328e-01 8.082345222038718191e-01 8.046194317308504873e-01 8.032471929118895071e-01 7.945810629658862645e-01 8.000919652234431689e-01 7.982002224560956760e-01 7.977550306404865843e-01 7.920263835872199953e-01 7.872388169218503817e-01 7.852205487039449761e-01 7.904950890021147369e-01 7.945994791109896038e-01 7.917754594968157145e-01 7.905910410986995984e-01 7.982854404971985174e-01 7.988285343921815995e-01 8.011825715438929407e-01 8.037537081775101289e-01 7.884781115073608015e-01 8.093743876467668352e-01 8.001809651471891716e-01 8.000688098460402298e-01 7.886588088591520718e-01 7.955584623806527533e-01 7.912074940026805336e-01 7.948833281435915277e-01 7.912277305663003579e-01 7.878634168271054783e-01 8.049231469991419141e-01 7.909562554145941338e-01 8.050784414045685233e-01 8.043701545177072143e-01 8.069765421697526753e-01 8.021081450941445201e-01 7.909083846610803770e-01 7.971595441291583484e-01 8.014851800340764276e-01 7.921668435487088100e-01 7.914569493472529693e-01 7.915679133138145973e-01 8.019046272331495917e-01 7.969392817853159228e-01 8.019178912432299855e-01 7.881788049108197081e-01 7.951867563668496564e-01 7.957658206480706653e-01 7.808463068675884911e-01 7.857958616693795362e-01
1.641474054765489909e-01 1.613629585445886250e-01 3.443856282109203915e-01 5.615696876463840415e-01 4.353222495967960515e-01 4.710546228050236373e-01 6.993137012257775176e-01 6.963227872504985649e-01 1.000000000000000000e+00 7.222557136759802932e-01 7.597744324803656912e-01 8.168398910835552584e-01 7.540895016270999784e-01 5.830302325773688565e-01 8.130394404336112046e-01 8.149445240131524271e-01 8.059403360696385521e-01 7.088247467923252110e-01 7.384391394867425573e-01 6.030695370133599686e-01 6.710134862389983690e-01 7.583481921979217111e-01 6.988534442533885782e-01 6.650822717190792988e-01 7.536697283627147304e-01 7.957219377989033227e-01 8.000619493343644750e-01 7.700355464851407206e-01 7.583253282874122814e-01 7.846708226171824618e-01 8.309735397394771850e-01 8.163665952575320794e-01 7.418057775890275485e-01 7.355632825282638620e-01 7.589697704240748743e-01 7.749529324582261625e-01 7.888414250932914706e-01 7.929755076048702334e-01 8.084268276309963808e-01 7.441805430853082326e-01 8.260205722744073942e-01 8.120087483888326352e-01 7.917245118425275674e-01 8.421535289837885907e-01 8.317174799563403775e-01 8.199891650734931758e-01 8.545121241423572211e-01 8.595052108327978502e-01 8.458407902665669997e-01 8.080839213517619912e-01 8.203797621270078055e-01 7.899644605140743181e-01 8.545942410373946752e-01 8.548958183884070028e-01 8.457617920513883503e-01 8.202565120574546453e-01 8.437750790029504566e-01 8.553239146616753441e-01 8.461251710600443676e-01 8.661695253916762427e-01 8.550641781259608054e-01 8.594284784529909738e-01 8.480839240988602423e-01 8.599629213452338883e-01 8.600479450348458288e-01 8.629224694668689022e-01 8.592749192882082054e-01 8.448641371636925745e-01 8.486500608369885734e-01 8.307115748901655605e-01 8.367561529262940168e-01 8.506143172827823618e-01 8.181658787175406511e-01 8.327028832280028992e-01 8.508233090301237089e-01 8.493837281462792710e-01 8.381578118876338301e-01 8.367676144637601343e-01 8.371075245697822131e-01 8.526238463282735935e-01 8.478592958340269714e-01 8.541418102517620570e-01 8.266068653443821024e-01 8.375726795898295052e-01 8.247413069573996669e-01 8.306717506011571661e-01 8.372316234626522302e-01 8.398272572421889848e-01 8.452803610696155712e-01 8.385065057160137059e-01 8.168585823821127301e-01 8.451022613737628753e-01 8.463845017539688431e-01 8.429215483754634031e-01 8.547067751006572900e-01 8.582877704535302188e-01 8.305419878051736315e-01 8.562027355607216839e-01 8.490271511892553136e-01 8.428789506003753207e-01 8.387576010008854777e-01 8.538554851238798760e-01 8.528537476976687515e-01 8.551860524706297317e-01 8.478014253966102975e-01 8.529488615421785269e-01 8.610166026819769947e-01 8.561777383652385831e-01 8.579007984919033714e-01 8.583492949462648847e-01 8.510024781294901475e-01 8.642873978390559486e-01 8.599336191176838451e-01 8.575879310495087005e-01 8.578895122822820518e-01 8.635035054340106653e-01
5.460759073217085618e-02 2.233109167589804600e-01 3.184526125847327860e-01 5.006135351693077329e-01 4.129896528903400643e-01 4.585796653142718005e-01 6.554686289645852426e-01 6.494925354061115153e-01 7.222557136759802932e-01 1.000000000000000000e+00 7.355548702086225354e-01 7.697020225899875445e-01 7.148122910942017461e-01 5.632495363270851874e-01 7.785353925446177881e-01 7.695398220034198600e-01 7.240070234008690875e-01 6.609738993168983168e-01 6.865958714114829275e-01 5.925260412835345880e-01 6.021002479843091670e-01 6.902128212192509826e-01 6.701876410169859133e-01 6.477863918172286350e-01 6.983306109403418782e-01 7.355817461345616204e-01 7.562141338546165548e-01 7.422717594780133821e-01 7.318261997450663525e-01 7.436480532362924611e-01 7.921176496599302563e-01 7.896530813129309934e-01 7.240102683207487733e-01 7.230128394599203423e-01 7.366945694026596492e-01 7.368631982701605576e-01 7.549491870987579123e-01 7.702954477354014839e-01 7.807102024858046940e-01 7.435335815641334056e-01 7.975923979456926993e-01 7.823998157468745607e-01 7.619670234364721573e-01 7.969942115118865411e-01 7.938130877904537863e-01 7.988622860138351323e-01 8.192396671680756137e-01 8.269420879460533946e-01 8.119071151986771984e-01 7.624308851040846324e-01 7.748376163056628352e-01 7.316531412311620963e-01 7.951078170773990816e-01 8.143555867747895860e-01 8.038597988270379524e-01 7.938424215841134446e-01 7.795723236765141895e-01 8.069740757356999028e-01 8.062536210760430366e-01 8.102156383880183554e-01 8.008445543073460238e-01 8.047570201982512383e-01 7.967339120350412918e-01 8.067396274682159252e-01 7.976401339362337861e-01 8.048867119517495450e-01 8.192643959940589804e-01 8.094085128791557171e-01 8.169001715444804690e-01 8.011481749989933787e-01 7.942453942487804897e-01 8.131411911524616398e-01 7.897317023534734526e-01 7.979849471343558598e-01 8.106017852375106969e-01 8.116725851749210241e-01 8.058277895740504349e-01 8.055475319727813943e-01 8.079233180932600122e-01 8.076018876982219430e-01 8.119554313161307935e-01 8.207410539414644601e-01 8.002071187051869039e-01 8.086650571397329124e-01 7.972363244625724210e-01 8.044267844698440584e-01 8.106378539933158933e-01 8.070892707718295700e-01 8.135062871650511340e-01 8.068208081340614291e-01 7.998718904249576545e-01 8.141750176374480397e-01 8.146633714552494743e-01 8.148101882052986022e-01 8.204888094886557681e-01 8.236255705520982850e-01 7.869434879084861167e-01 8.002752057072343161e-01 8.096967582894477600e-01 8.044125969808419985e-01 8.023780039967268740e-01 8.081149655574659807e-01 8.117911702902126381e-01 8.105305507453869351e-01 8.070250245393204569e-01 8.031357275950384844e-01 8.215644381704068078e-01 8.227955831335331816e-01 8.194642591257431663e-01 8.159357750177972379e-01 8.147318444483331312e-01 8.195174442350436905e-01 8.150572701966306566e-01 8.152468213915013973e-01 8.160008542711739699e-01 8.174883994360828687e-01
-4.919350802362748576e-04 1.483396293313218317e-01 3.532569633364605055e-01 5.665123663728732772e-01 4.510946240178380640e-01 5.200778610791477741e-01 7.392182646397960077e-01 7.121383977886696082e-01 7.597744324803656912e-01 7.355548702086225354e-01 1.000000000000000000e+00 8.538592501026431858e-01 7.544461046411899963e-01 6.137303459046248300e-01 8.552400613069670587e-01 8.353819239224558046e-01 7.817472071196694960e-01 7.506733386003692221e-01 7.835141936340046520e-01 6.524027493569428682e-01 6.918436610842447765e-01 7.712546543054813464e-01 7.683711322433914859e-01 7.424106571723824155e-01 7.906528319017797068e-01 8.176001096394077683e-01 8.355712918801848632e-01 8.326556615224303126e-01 8.085055585565049663e-01 8.320508748711481495e-01 8.669182432822729600e-01 8.596908130545964921e-01 8.210919015974023072e-01 8.038915466730666148e-01 8.229271939313879125e-01 8.197713341074638338e-01 8.387744922254473101e-01 8.510788137238920470e-01 8.682047537563144513e-01 8.328761449528365723e-01 8.697351244550706184e-01 8.680109035160475939e-01 8.471785846247693597e-01 8.769118989972521927e-01 8.722717632438615754e-01 8.765311839587498488e-01 8.799474352537965949e-01 8.801051954335221694e-01 8.706544809336769219e-01 8.346512779109036551e-01 8.454815773737762719e-01 8.253545051994003456e-01 8.632674197613569023e-01 8.675221746584590443e-01 8.605319795034946928e-01 8.662334133507146872e-01 8.428769326745270130e-01 8.740247291233023130e-01 8.656682238826038933e-01 8.665546113954840646e-01 8.700782515231736403e-01 8.646934844133056242e-01 8.628420790077696578e-01 8.684833188545699745e-01 8.591377103289183914e-01 8.600360402245424973e-01 8.794010247253033485e-01 8.804361559950085736e-01 8.826693957353706210e-01 8.665872524041225988e-01 8.702539638940511857e-01 8.795184731231103781e-01 8.677705327498842491e-01 8.763839840508910184e-01 8.813867887736061002e-01 8.838763633649806550e-01 8.815175991369377240e-01 8.730763927362145127e-01 8.776599850838242567e-01 8.808548844906031183e-01 8.819343261771296349e-01 8.853591710501312884e-01 8.771253632768599706e-01 8.840224281678074059e-01 8.725620958076732991e-01 8.786606971966540724e-01 8.815662853352338457e-01 8.807930507933779962e-01 8.854490580611712458e-01 8.822348932574578528e-01 8.774979824902208181e-01 8.852797798836379295e-01 8.856459903931648281e-01 8.883401463615173688e-01 8.842398091687173611e-01 8.842862353383648122e-01 8.658418542714935162e-01 8.661394470889426378e-01 8.798497621666889756e-01 8.748838350105037076e-01 8.788165454315822744e-01 8.770524238256169891e-01 8.835883665702066736e-01 8.808282205059396741e-01 8.792242067377505910e-01 8.701569930928607643e-01 8.802015701609531284e-01 8.833517380872074609e-01 8.834759072589806195e-01 8.821392490523363161e-01 8.806748003984072870e-01 8.788961321636427071e-01 8.811209834508394456e-01 8.800960902911409978e-01 8.765588590438841976e-01 8.767513709599203953e-01
1.719859982966106746e-02 1.193780142720765880e-01 3.737736865392994323e-01 6.294729583022795616e-01 4.781384424084672569e-01 5.480234292598910040e-01 7.894945106246652466e-01 7.677195531962590636e-01 8.168398910835552584e-01 7.697020225899875445e-01 8.538592501026431858e-01 1.000000000000000000e+00 8.071275835557958356e-01 6.433801258554493474e-01 9.036302463470379243e-01 8.971605595132082778e-01 8.410428616523148992e-01 7.953652407912210620e-01 8.320511068854622438e-01 7.058739926119064201e-01 7.555053641298957734e-01 8.326270941771689582e-01 7.995171469824190469e-01 7.712617923184953428e-01 8.440043740041524023e-01 8.609774067178674883e-01 8.769671624237078689e-01 8.646568210362701734e-01 8.519612721192970639e-01 8.693038593114784662e-01 9.084678036386817368e-01 9.071216657446127263e-01 8.613478972968467984e-01 8.472050477166355176e-01 8.595226457600871894e-01 8.783508387655371008e-01 8.730513188152890791e-01 9.027831718404206729e-01 9.166406784494860460e-01 8.708019949663561299e-01 9.130546397528604974e-01 9.149013767204644543e-01 9.022892027222485511e-01 9.309174852300683423e-01 9.198656383498143851e-01 9.176672289011612582e-01 9.279718365355449361e-01 9.280593431707016006e-01 9.202069554486979053e-01 8.960140982104134455e-01 9.100938679536613174e-01 8.853228499016617681e-01 9.177400826848517434e-01 9.143293867354295168e-01 9.119812907796744916e-01 9.095181844358465328e-01 9.072327882071175020e-01 9.296531504698541948e-01 9.189058755250896215e-01 9.223573100735278363e-01 9.289550320919982562e-01 9.237515737675940919e-01 9.203201554494497838e-01 9.277953690662283925e-01 9.177932193175056819e-01 9.191530061037501698e-01 9.303021294715386746e-01 9.282119552359862080e-01 9.313036587053907800e-01 9.207952934642512632e-01 9.244086570726309793e-01 9.300643915059664257e-01 9.099323438247576279e-01 9.224399071440892994e-01 9.283423685011766846e-01 9.307446677622295272e-01 9.240708671759648718e-01 9.214001779676712633e-01 9.233452614088809574e-01 9.258443721164285600e-01 9.264127057112593322e-01 9.293831617157266578e-01 9.240109393484903233e-01 9.246905453885660986e-01 9.188967787861882508e-01 9.240666473335485964e-01 9.240273672645714642e-01 9.295517668438378900e-01 9.328530686505006608e-01 9.264306672852385960e-01 9.180815828979510540e-01 9.318383539657588699e-01 9.318757707402712809e-01 9.334279627599452178e-01 9.322661394432665283e-01 9.335734839325592338e-01 9.206652119571869797e-01 9.252097889176426060e-01 9.341385306857354909e-01 9.269400425705326407e-01 9.310322529405224978e-01 9.358338094848104305e-01 9.317409917724673862e-01 9.349264828024027585e-01 9.340121862793884233e-01 9.293725390043557910e-01 9.329659905579149592e-01 9.315181100699181371e-01 9.347701485973010094e-01 9.358401687250198497e-01 9.317114909816222035e-01 9.328680018947789199e-01 9.357874051662480319e-01 9.347928418071299594e-01 9.307658291545236606e-01 9.310671510865538014e-01
3.923836099822163720e-02 1.467611018335009954e-01 3.239891799328333821e-01 5.535890942988160868e-01 4.676694423851591731e-01 4.721484816728770406e-01 7.266537088119038312e-01 7.353295326326874104e-01 7.540895016270999784e-01 7.148122910942017461e-01 7.544461046411899963e-01 8.071275835557958356e-01 1.000000000000000000e+00 5.938500903819596832e-01 8.301725573844824790e-01 8.365505240445446633e-01 7.634215667701321761e-01 7.260013035202284026e-01 7.555662244978506026e-01 6.559227546775542317e-01 6.955223383217189470e-01 7.476681687754347383e-01 7.209351264893363309e-01 7.217390124410112406e-01 7.540667289251453687e-01 7.897071521039241704e-01 7.934512958449577713e-01 7.737463811098163058e-01 7.750699307999504573e-01 7.802288088788239540e-01 8.245783110572313390e-01 8.243172461913967908e-01 7.558182119764300655e-01 7.627120254723461779e-01 7.699955370319176984e-01 7.841105384324374983e-01 7.987206946779084049e-01 8.068991151265523243e-01 8.195491188021938322e-01 7.738995949231831650e-01 8.325098108680879516e-01 8.245088732171483858e-01 8.190435798015884838e-01 8.456004067077614872e-01 8.378296639786776412e-01 8.339054416302194017e-01 8.526235963443188348e-01 8.559853093316336370e-01 8.404309050384414226e-01 8.003374674560096436e-01 8.168031189722160246e-01 7.985240060191201028e-01 8.465687519275919559e-01 8.521269051883881840e-01 8.445076517600001997e-01 8.332628169714227928e-01 8.258021196435800793e-01 8.514113376273846345e-01 8.448556342853883461e-01 8.576423066979316223e-01 8.594826830709022536e-01 8.487227542057065310e-01 8.447479939778692604e-01 8.449346031282207736e-01 8.387788888559378764e-01 8.440834617487192881e-01 8.496938721770306291e-01 8.492401276742953531e-01 8.551381958899131330e-01 8.448131401731734380e-01 8.406610441054972460e-01 8.475237179620945804e-01 8.381121617267999202e-01 8.412958866698204696e-01 8.493033942481981180e-01 8.493712869472900273e-01 8.409876111036428403e-01 8.432865785924970048e-01 8.456760468179272960e-01 8.491606190477062333e-01 8.488716331998787945e-01 8.513344926585527661e-01 8.330114188031149114e-01 8.422781297185907290e-01 8.367924865422389225e-01 8.412908519962081222e-01 8.420717312707783897e-01 8.486477476367985107e-01 8.514070925467691620e-01 8.468580950417643471e-01 8.309060241983446948e-01 8.510287174729940229e-01 8.492521323134698541e-01 8.502792968775586546e-01 8.534561848748114521e-01 8.554061246436861499e-01 8.303598454222924641e-01 8.367700090014882353e-01 8.501334763952621554e-01 8.445193010027709501e-01 8.494307883681413429e-01 8.502809377123611290e-01 8.510654993555405445e-01 8.542301366371177762e-01 8.499821285449823405e-01 8.476859167555578223e-01 8.527100807255277859e-01 8.542792053409378195e-01 8.575612360639973675e-01 8.544159087944009912e-01 8.548133852940693611e-01 8.564837139951049227e-01 8.562206482685315034e-01 8.505310567606322314e-01 8.501469508602473857e-01 8.539251234669128499e-01
