1.000000000000000000e+00 7.764839026376235687e-02 6.496759855751071955e-02 8.837246489155570206e-02 4.516123198239843650e-02 3.492512526275749069e-02 4.317646993987156456e-02 1.682391885085143465e-02 1.339853841718900429e-01 6.851659937710309622e-02 9.000822118847775707e-03 9.473412661456919251e-03 3.089972444090358442e-02 1.017573344621028157e-02 1.081341028984056374e-02 3.400421954688579752e-03 8.969732550698342188e-02 8.762156954574813403e-03 3.484203491448140122e-02 2.277751368647600028e-02 5.539652040953861123e-04 1.891692020140113908e-02 8.429752935747990283e-02 1.697596747923632576e-02 2.315182756126392405e-02 6.843162302376651351e-02 2.305065615926804937e-02 3.747642378362824045e-02 4.593991645589862866e-02 1.137492298238593734e-02 8.629489350050005211e-03 2.784959465378649204e-02 4.401218705724101177e-02 2.782256988761099697e-02 2.202680548410988065e-02 4.742077983515294998e-02 1.796141410592380291e-02 -1.069874797118067558e-02 7.039780037825934048e-03 1.702713637500740534e-02 3.198173599352521768e-02 -1.222038112348199264e-03 1.232174096825762455e-02 1.340131153578028814e-03 3.010187604934736263e-02 -1.207838418131345661e-02 -1.178331127701315578e-03 8.197390265825256483e-03 1.751119692981511697e-02 1.402202071602437830e-02 6.485155780578573392e-03 6.978774273186301447e-02 2.764520184005932885e-02 2.716103816637746582e-02 -1.733874419978259987e-02 -2.369197741573791927e-03 5.117482229672278005e-02 8.867627084186742101e-03 -2.731649091222216816e-02 3.739895640951761135e-02 2.164225714147292520e-02 1.293171441876182076e-02 -2.331378794620592686e-03 3.628226729915891291e-02 6.412124107948681540e-02 4.206816638191636371e-02 9.481436955233901731e-03 8.465189290378333925e-03 1.296039541513176532e-02 -7.390495966454236482e-03 -3.375915771172118950e-03 5.803895163674178265e-03 4.315192506242764535e-03 9.001791679647569433e-03 2.170029534514714836e-02 9.534773380181531949e-03 7.508052108878701496e-03 1.926698598323585421e-02 9.287514030811872337e-03 8.446689760304590400e-03 1.250956699979462877e-02 3.824995777592723589e-03 3.678322446748093916e-02 -6.950898806721868403e-04 1.322047903575066484e-02 1.359107924014296871e-02 5.033704232950279682e-03 7.010521445572303473e-03 5.311673525042112480e-03 2.704300096062724201e-02 1.769269349071807620e-02 1.095080102780178477e-02 1.336419874641341446e-02 5.253514374542802949e-03 2.919274316156046569e-03 8.209210012828429062e-03 3.343012613834961400e-02 5.176742244724782949e-02 2.379033702308435902e-02 2.476356708631356068e-02 1.490213025789104487e-02 1.976961920853231511e-02 2.204808458381622358e-02 1.686106882443115171e-02 3.137564664202924930e-02 4.067091231165920195e-02 2.378286065974043878e-02 9.730880066356134908e-03 9.549904729382188012e-03 1.151726251416751098e-02 4.923704446686920193e-03 1.757525429979635637e-02 1.261522071165332472e-02 2.642914717054140744e-02 2.977606990346828506e-02 3.524925876478181286e-02
7.764839026376235687e-02 1.000000000000000000e+00 5.711919971711623689e-02 1.216975057684398093e-01 7.839543233004338252e-02 8.461313077098286950e-02 1.569591307139051872e-01 1.158601858295812553e-01 1.571002752107481526e-01 1.933003029341833212e-01 1.340306164656577814e-01 1.639561145807590381e-01 1.608781525308395632e-01 1.486204824841923511e-01 1.577103777718349142e-01 1.517589773636606743e-01 1.701625271302608933e-01 1.594931920532962899e-01 1.626675372600109581e-01 1.541923073557329715e-01 1.246570152114730712e-01 1.475523362617834622e-01 2.021439611651958956e-01 1.622043329479255225e-01 1.560127589105252399e-01 1.767996583472898342e-01 1.578501224738034503e-01 1.723803203590620614e-01 1.549287155634470614e-01 1.517377821064156418e-01 1.518488573981583434e-01 1.757547380450015795e-01 1.702413811151100298e-01 1.597558694477519414e-01 1.623115040909209605e-01 1.492145666597259612e-01 1.646536426983763457e-01 1.547500236629738291e-01 1.526332498671029991e-01 1.542177547605584897e-01 1.661054250111870245e-01 1.544252692324201981e-01 1.600010697279272975e-01 1.588201308464833872e-01 1.701380935821798779e-01 1.574957178451157347e-01 1.566851137308173658e-01 1.647307327351935635e-01 1.667615440578076313e-01 1.446885952784937868e-01 1.561505339218235144e-01 1.402169655854021701e-01 1.532977692190379826e-01 1.779367781989445729e-01 1.495390930250432571e-01 1.560166378289281341e-01 1.687763187786683605e-01 1.607150949591330535e-01 1.557979877342061947e-01 1.688108765735384931e-01 1.582138374794393454e-01 1.641360352192452188e-01 1.511921437255398792e-01 1.625493256038464396e-01 1.659035226421418374e-01 1.673659730604905860e-01 1.590814032655039900e-01 1.592088667610784547e-01 1.688357492311339803e-01 1.587084169962108271e-01 1.498990739408772033e-01 1.570737978170211602e-01 1.620899303546453341e-01 1.580481210101199463e-01 1.636152182969686508e-01 1.597671792770242183e-01 1.647225301453506818e-01 1.584123624752112047e-01 1.595203667710960449e-01 1.600791473025226785e-01 1.625536326015180610e-01 1.592794884895560592e-01 1.632416825595393584e-01 1.622991849885065396e-01 1.508363134779615589e-01 1.588416728995503679e-01 1.583833275216843250e-01 1.617473209829383418e-01 1.587595566725130969e-01 1.662724725379486901e-01 1.596527360431806708e-01 1.612019123047817581e-01 1.588520475890132511e-01 1.613535383207506391e-01 1.565444264638058691e-01 1.646819761975683305e-01 1.490457021103918089e-01 1.507685855911041206e-01 1.575341113087161959e-01 1.607803569160220769e-01 1.546548819215816661e-01 1.529043453633315286e-01 1.532168976467142008e-01 1.560581499763905033e-01 1.490271435170666681e-01 1.563930355764934776e-01 1.619649874360928887e-01 1.605701377244027339e-01 1.600137587990173027e-01 1.584950759536744302e-01 1.599827952583040558e-01 1.619583119530675075e-01 1.582948612077776374e-01 1.544738154879086167e-01 1.608526810169747523e-01 1.585254228880482730e-01
6.496759855751071955e-02 5.711919971711623689e-02 1.000000000000000000e+00 3.475642683242560760e-01 2.495696196007544665e-01 2.930314797428887896e-01 3.534937734267956655e-01 3.236853223055674023e-01 3.860781520558238533e-01 3.289778722919186049e-01 3.863240385371516372e-01 3.850053666604970060e-01 3.405216753595248780e-01 3.412224770709231247e-01 3.906136713004233485e-01 3.716441205850249396e-01 3.859806840888683754e-01 4.076278878858153876e-01 3.765305636529830413e-01 3.769506534935647690e-01 3.642064652108802369e-01 3.720055786305812018e-01 4.116301017952627705e-01 4.009708138455532200e-01 3.980401011502850972e-01 4.027201112943527006e-01 4.019097044277866737e-01 3.993077502738509588e-01 3.847836168072930607e-01 4.143891031886976495e-01 4.097729278619401949e-01 4.120836541700952371e-01 4.074913023738227502e-01 4.170317701597753279e-01 4.246039362978040188e-01 4.086273402861841375e-01 4.149099677475465708e-01 3.910036565681919152e-01 3.995223324030584555e-01 3.877775963980368279e-01 4.036850631306798109e-01 3.875050116720765159e-01 3.863736791461238052e-01 3.915164513873500285e-01 3.906031722861592059e-01 3.883478418146394939e-01 3.855340131443991680e-01 3.909688790945105574e-01 3.866278124022081708e-01 3.919461309839222807e-01 3.910866564381306754e-01 3.880582505158258200e-01 3.995778291160376194e-01 3.906161010701265646e-01 3.855069359109166705e-01 3.921392472016974051e-01 3.879212717411859579e-01 3.938189688772981700e-01 3.784890011374507646e-01 3.973286861849108509e-01 3.933594862398330227e-01 3.881424300940287675e-01 3.834631629792600305e-01 3.907429632666158947e-01 3.952734412314872214e-01 3.948804135382422698e-01 3.894125473832408257e-01 3.932241039766706803e-01 4.048880308278881013e-01 4.033497499469413383e-01 3.874329065390029747e-01 3.982384565718620761e-01 4.021561934337807842e-01 3.983892733482476967e-01 4.014714378345972112e-01 3.959179681119441296e-01 3.973572343077101388e-01 3.983131045243495927e-01 3.939023368615407472e-01 3.971777957137425097e-01 3.979481660482810934e-01 3.944472075795092403e-01 3.999352096621396346e-01 4.060176063328433393e-01 4.040427917589207163e-01 4.065908919525660359e-01 3.978648889223833085e-01 3.947231525055513446e-01 3.945647132758642872e-01 3.915909433922747929e-01 3.955905062447072629e-01 3.925867477425579177e-01 3.925883499123822840e-01 3.921378497466136426e-01 3.876677144516185169e-01 3.893611812336678635e-01 3.890751338877454502e-01 3.897600871678021939e-01 3.864661033318779193e-01 3.929343867028953774e-01 3.917329809172026001e-01 3.880711128910873109e-01 3.923752591085542529e-01 3.923343003153366704e-01 3.949689018023609943e-01 3.822658556048342815e-01 3.883593954721059616e-01 3.927762972692031562e-01 3.915411565433589702e-01 3.880059354019705919e-01 3.842799168179884539e-01 3.906941622364705768e-01 3.859098716385143679e-01 3.905528953796459923e-01 3.902385405240010874e-01 3.932239442825699594e-01
8.837246489155570206e-02 1.216975057684398093e-01 3.475642683242560760e-01 1.000000000000000000e+00 3.692385986037092782e-01 4.073518595427121358e-01 5.724108350203144235e-01 5.168412813191387567e-01 5.963542390283228523e-01 5.582434104761136995e-01 5.952802581292027106e-01 6.414203650346821384e-01 5.773984792043947989e-01 5.740680072213680818e-01 6.388238210663862437e-01 6.155465508119446483e-01 6.011831413237895827e-01 6.140654322081257055e-01 6.191801925909077298e-01 5.374621447847394151e-01 6.070881829859060552e-01 6.167427479718026184e-01 6.009465168886196640e-01 6.146392100920873292e-01 6.313148663214315226e-01 6.303770335621688981e-01 6.386728895710076515e-01 6.619360801747952161e-01 6.342953771466565138e-01 6.527452933858051143e-01 6.492396666668300842e-01 6.468316798911565302e-01 6.323411605469893004e-01 6.261681795200491063e-01 6.102305550579895099e-01 6.362969936800786375e-01 6.348531107979584753e-01 6.360086716039435872e-01 6.416854306928727603e-01 6.248481240878355214e-01 6.555283604155363042e-01 6.465938491020478684e-01 6.324205325503062802e-01 6.424932228166148063e-01 6.455297493069050985e-01 6.321336284684987428e-01 6.371561987999759813e-01 6.394109425316858442e-01 6.382180189526177605e-01 6.347440686103833496e-01 6.367181205294808466e-01 6.514137918332535415e-01 6.506376004595623153e-01 6.288377158313203097e-01 6.114768567134899468e-01 6.246241159403099763e-01 6.210206797469465245e-01 6.401244740592383353e-01 6.077109242490171814e-01 6.429840865989931986e-01 6.487491153075060080e-01 6.232701403934076678e-01 6.249488616046489087e-01 6.438243012478362948e-01 6.480661075589383424e-01 6.433823139954788495e-01 6.421172611981168510e-01 6.470727384778579561e-01 6.495728205068109773e-01 6.459893543126616899e-01 6.519043759386541348e-01 6.501721293796773882e-01 6.446938839699334345e-01 6.519394159192352101e-01 6.526979851171681446e-01 6.521322265074699365e-01 6.567535953038670105e-01 6.554058158261402145e-01 6.474976555721152494e-01 6.486348352683063423e-01 6.475867306244628141e-01 6.457437262905209030e-01 6.543591359067003621e-01 6.513411217891366123e-01 6.546372069855853626e-01 6.518573408202760211e-01 6.471206564808262840e-01 6.517761806583798334e-01 6.498262949874420435e-01 6.494178056568069568e-01 6.564743793063586574e-01 6.527823293786518821e-01 6.515106651838235008e-01 6.474054347356446026e-01 6.425721476319939951e-01 6.423880315561438792e-01 6.486009313747844729e-01 6.486758649223086648e-01 6.479052474271148609e-01 6.549652331203937861e-01 6.504668497045341669e-01 6.446664711978115081e-01 6.510157105278073786e-01 6.499343767189496024e-01 6.580268205813496474e-01 6.388597856684532506e-01 6.439149634995167126e-01 6.452571914494230620e-01 6.445379468833813963e-01 6.442816293369710845e-01 6.391734776416251318e-01 6.440889258733079048e-01 6.364097561469452824e-01 6.485803713519708857e-01 6.463947665659418584e-01 6.532716288814756078e-01
4.516123198239843650e-02 7.839543233004338252e-02 2.495696196007544665e-01 3.692385986037092782e-01 1.000000000000000000e+00 3.136533606305395572e-01 4.680626075606311165e-01 4.654187377319154439e-01 4.720717472613185084e-01 4.088361360693986146e-01 4.377794146674962583e-01 4.700503150710862443e-01 4.788225760727363167e-01 4.390827546662991465e-01 4.939158328961725797e-01 4.935828445759096739e-01 4.591701953761367361e-01 4.677478094101168993e-01 4.772677724925047382e-01 4.358292041393282412e-01 4.546036313078903324e-01 4.719937211031186020e-01 4.406243964680460201e-01 4.653185485439082503e-01 4.728310068888122442e-01 4.775504844793941328e-01 4.620148835336841953e-01 4.632158093370700724e-01 4.524084277878492322e-01 4.748710014860485495e-01 4.839747602929754255e-01 4.769021929268745241e-01 4.500609746673076561e-01 4.694888377783052458e-01 4.450898403307121942e-01 4.691356446917130940e-01 4.716328001343028098e-01 4.686299569610505311e-01 4.948584404248691504e-01 4.650224771850128835e-01 4.882626950373583075e-01 4.837509217634494152e-01 4.869926214035469880e-01 4.955692099995275823e-01 4.905844506357803780e-01 4.883922939792133544e-01 4.868019308049080784e-01 4.881436434942841851e-01 4.808049959446412114e-01 4.699824435021036084e-01 4.791866805727227896e-01 5.009152945360233478e-01 4.972813633305731562e-01 4.821450371925534162e-01 4.637990188529597657e-01 4.710993303496796569e-01 4.722458102598616758e-01 4.909532496728358786e-01 4.638536099070046381e-01 5.022455811516538526e-01 4.989233260411387594e-01 4.810268504159156411e-01 4.722640680214059694e-01 4.920125642212504480e-01 4.929407190594755628e-01 4.971318246247132255e-01 4.893117888784225822e-01 4.929067203117103446e-01 4.901979902158066227e-01 5.000542494214390565e-01 4.921795012139413839e-01 4.944931696820988876e-01 4.970564790640749631e-01 4.965637882404544956e-01 4.949667156073373486e-01 4.905871645320238894e-01 4.881588370902760210e-01 4.856127061515800314e-01 4.961544277504214007e-01 4.927336490090987731e-01 4.874170405993643596e-01 4.951916962584768100e-01 4.854089201842557988e-01 4.798526897119059775e-01 4.883261508232331627e-01 4.919983200898951359e-01 4.881292198197680343e-01 4.912973336532390767e-01 4.933231305734792072e-01 4.917530221687023140e-01 4.893716754917574185e-01 4.961913418352540406e-01 4.942474557439053284e-01 4.963704228126148976e-01 4.914069746488626822e-01 4.902633827044960979e-01 4.923737605300358422e-01 4.873368060954292313e-01 4.955375844015263986e-01 4.955556897439355457e-01 5.016795315125264221e-01 4.898639950127539611e-01 4.961109491522268655e-01 5.000700168368460430e-01 4.982769633052783198e-01 4.803385103407089574e-01 4.878805242598756031e-01 4.940267386839224395e-01 4.915630792610197197e-01 4.954527783064885949e-01 4.909923131815442376e-01 4.956383743796318186e-01 4.849383421041593145e-01 4.924602954361528839e-01 4.903698651083966964e-01 4.968201822715772598e-01
3.492512526275749069e-02 8.461313077098286950e-02 2.930314797428887896e-01 4.073518595427121358e-01 3.136533606305395572e-01 1.000000000000000000e+00 5.486432540531376301e-01 4.610096567184999716e-01 5.367401170888796980e-01 5.076448209383200849e-01 5.627689225657060978e-01 5.786836303624306455e-01 5.361941631317445056e-01 5.406876914226750319e-01 5.911702962937623873e-01 5.687805009569141257e-01 5.520032966969888877e-01 5.476642274022333057e-01 5.621689550430859494e-01 4.693979714122734626e-01 5.295726449256341617e-01 5.574423022213247370e-01 5.252108105064217103e-01 5.360699431507700563e-01 5.636717432743107992e-01 5.836556405607208342e-01 5.770886608208298796e-01 5.857644894624082221e-01 5.666289504296584401e-01 5.788368507806839203e-01 6.062172174302392635e-01 5.837623778662830443e-01 5.608059133223909365e-01 5.677764780685052859e-01 5.516575951878739392e-01 5.699359345928542986e-01 5.860487112132121146e-01 5.829039636348267717e-01 5.900302838199062982e-01 5.742047423342505619e-01 6.038710740760577789e-01 5.968380164557111067e-01 5.782810594999334697e-01 6.011014749431756732e-01 5.984091212337868670e-01 5.922485064143302447e-01 6.020442359863584780e-01 6.009965549723255140e-01 5.954090403706591150e-01 5.752141508718451313e-01 5.830662769793540923e-01 5.710692683962564908e-01 5.982989258225451801e-01 5.943660515718093285e-01 5.779979271648856276e-01 5.866042329693134105e-01 5.708623247079229746e-01 5.985093969526252833e-01 5.776633152383583436e-01 6.041519184110465401e-01 5.993888677203331738e-01 5.883802910374974493e-01 5.776683323453286611e-01 5.904608034300762309e-01 5.913717266957022600e-01 5.985954257739084516e-01 6.024750187658647338e-01 6.021720031994399758e-01 5.998241658494578576e-01 5.949167612502832547e-01 6.007484179214211961e-01 6.064569843393650128e-01 5.978404346412627968e-01 6.033855251138245945e-01 6.133709773165157975e-01 6.065962388843584296e-01 6.075870104490328494e-01 6.056421201895787476e-01 6.072426379804517493e-01 6.076017296940332546e-01 6.049019516902857108e-01 6.063818632869529823e-01 6.049168604332773036e-01 5.951176845561738649e-01 6.034694032604488445e-01 6.029860439700668318e-01 6.050760247476822951e-01 6.066397582197088356e-01 6.047374143529108403e-01 6.058458545214592261e-01 6.076719687313446583e-01 6.090289946724107839e-01 6.061261503792757521e-01 6.078364364344456261e-01 6.072953294299041627e-01 6.074946612230471832e-01 6.012137860478847795e-01 5.978163951088524275e-01 6.081481044875495234e-01 6.063645250006926002e-01 6.055359282891885631e-01 6.043134705072314983e-01 6.084151575532537048e-01 6.085333850439199610e-01 6.057394768394098739e-01 5.956499799079862933e-01 6.062262315283801772e-01 6.084286291517396750e-01 6.094255731070450377e-01 6.069143757026750352e-01 6.032459476460326764e-01 6.068293621386910974e-01 6.032237327917436831e-01 6.040569318927483389e-01 6.066716624323191809e-01 6.091364743303762097e-01
4.317646993987156456e-02 1.569591307139051872e-01 3.534937734267956655e-01 5.724108350203144235e-01 4.680626075606311165e-01 5.486432540531376301e-01 1.000000000000000000e+00 6.895979248513787185e-01 7.526172765341919701e-01 7.158983676084229586e-01 7.667512560579994307e-01 8.073663426110557761e-01 7.433021389678663438e-01 7.543412263985745936e-01 8.566377094977754014e-01 8.235561547286630590e-01 7.528942505531884821e-01 7.827846235104762851e-01 7.790859372304069774e-01 7.100850941050568244e-01 7.373722623400854603e-01 7.750344842252149258e-01 7.688754338433514413e-01 7.705111380803463250e-01 7.803235859942743158e-01 7.995916571671912720e-01 8.076297575369880688e-01 8.062631973667137020e-01 8.054824072246852262e-01 8.129359663867136154e-01 8.376459923489626425e-01 8.300265073379945457e-01 7.817366246171858490e-01 8.023933402467620102e-01 7.816508200249487892e-01 7.872512815838094147e-01 8.166952759408303564e-01 8.225728310055445691e-01 8.354810723816905593e-01 7.925450609769557619e-01 8.252001659734574668e-01 8.268747550573055660e-01 8.113249702785344519e-01 8.338822865949201413e-01 8.282336529377415379e-01 8.381659235975618127e-01 8.321385695654375247e-01 8.389128639517063890e-01 8.414354397323685619e-01 8.057630099538857227e-01 8.219575354157495628e-01 7.767369939412255286e-01 8.253844313661561349e-01 8.405030392757861790e-01 8.348472657738941205e-01 8.296852791753869250e-01 8.249887633867311054e-01 8.333740749125272407e-01 8.343403609504450591e-01 8.389076580490415491e-01 8.336648662171102231e-01 8.412319982734494106e-01 8.322346611268095495e-01 8.318440155002331249e-01 8.190533119300812404e-01 8.417003109892724488e-01 8.354556182272541154e-01 8.413556203321583826e-01 8.419514647317065670e-01 8.428058806528634372e-01 8.350701929581543226e-01 8.352512408225568619e-01 8.404348821109202117e-01 8.363383476384754767e-01 8.415966998508590535e-01 8.340660101841819163e-01 8.376665856859367709e-01 8.425885668518144911e-01 8.441214773269078986e-01 8.406983429171396294e-01 8.360698983053473921e-01 8.426925772740840870e-01 8.326780760736500753e-01 8.303682831184575619e-01 8.317114451483669235e-01 8.375538496106356146e-01 8.333847660667509372e-01 8.402411213045358762e-01 8.404829091276475594e-01 8.364515045953082595e-01 8.283130055299443573e-01 8.403860068850235177e-01 8.375967130815257233e-01 8.421740242832403966e-01 8.362778063532243511e-01 8.385346599849923255e-01 8.229474573646264890e-01 8.236119194383277886e-01 8.362639444045514292e-01 8.368841473497070638e-01 8.331761238079987697e-01 8.356657350935534634e-01 8.348490513489265075e-01 8.394911103187996382e-01 8.273772513318555788e-01 8.267300067789959961e-01 8.397104493055281837e-01 8.411565109458125633e-01 8.424326607409480250e-01 8.397589183795438617e-01 8.400086595792162214e-01 8.383756855462014546e-01 8.380844949823584855e-01 8.359204571551279717e-01 8.297376891717835878e-01 8.372187359746073865e-01
1.682391885085143465e-02 1.158601858295812553e-01 3.236853223055674023e-01 5.168412813191387567e-01 4.654187377319154439e-01 4.610096567184999716e-01 6.895979248513787185e-01 1.000000000000000000e+00 6.930853467978527194e-01 6.495940564567541653e-01 7.091267255409324788e-01 7.426205760136482814e-01 6.876837679334123488e-01 6.927409981019231333e-01 7.705189340593620040e-01 7.768759838188360467e-01 6.908965063561621767e-01 7.223315189458248131e-01 7.262016135562550101e-01 6.661044027243109289e-01 6.845226913917540346e-01 7.098591573724364334e-01 6.651650600447567285e-01 6.971099815488994711e-01 7.113148904018448127e-01 7.107346807400187760e-01 7.258726514594064927e-01 7.214066236342419058e-01 7.168627785476071601e-01 7.428951019447610493e-01 7.608104745516716116e-01 7.615239560852846701e-01 7.047043205267672361e-01 7.330928411726203020e-01 7.007197728192360309e-01 7.299499885824266565e-01 7.377338288090985463e-01 7.648876175868216665e-01 7.710828930015549698e-01 7.409239899037078914e-01 7.555308226695512941e-01 7.637333450018672920e-01 7.638077224057314707e-01 7.713475510249339084e-01 7.615894652257100272e-01 7.767267606731083074e-01 7.605632353966246262e-01 7.717036053508585791e-01 7.691700991956819111e-01 7.501026423730134951e-01 7.636247769289642440e-01 7.292369410013425091e-01 7.549792394680442387e-01 7.609985401239274250e-01 7.618649860032729038e-01 7.613031697944052656e-01 7.542220124301780571e-01 7.780539047037436928e-01 7.621442200132677591e-01 7.671042985090187338e-01 7.675964014242908640e-01 7.681884665208491558e-01 7.633552658426862036e-01 7.637949804357484496e-01 7.506214172833368670e-01 7.652331741024885892e-01 7.703812632651416692e-01 7.723051316310005632e-01 7.676561197998942321e-01 7.750045764005947246e-01 7.706754368296868662e-01 7.706588213439657942e-01 7.671415988621770321e-01 7.670355433867738215e-01 7.662372352993686020e-01 7.660837917828796639e-01 7.607001900789941429e-01 7.651212619923096758e-01 7.749671807445535077e-01 7.696899719346536051e-01 7.624274152477976685e-01 7.728463670676380959e-01 7.641611618827020003e-01 7.589339062073686693e-01 7.689773390275651543e-01 7.701673122038847907e-01 7.636385660135692754e-01 7.743139718327348708e-01 7.715183125738911407e-01 7.712180169711388977e-01 7.628676948980781525e-01 7.721053835901213747e-01 7.687773675169005116e-01 7.762113042933083129e-01 7.710245092837674230e-01 7.716547327579148519e-01 7.750241118926728401e-01 7.643071517578335916e-01 7.749835913113268804e-01 7.748769605296564889e-01 7.780352739895929348e-01 7.770876033339650935e-01 7.709367912349506247e-01 7.772942854777157295e-01 7.697280061640484616e-01 7.648249110609722790e-01 7.728029501652475819e-01 7.730795785658456376e-01 7.765389320973938858e-01 7.762600407233783972e-01 7.783337224188952019e-01 7.726546997885487267e-01 7.743825008251140618e-01 7.729932555075651468e-01 7.626972931395521460e-01 7.700904887551461853e-01
1.339853841718900429e-01 1.571002752107481526e-01 3.860781520558238533e-01 5.963542390283228523e-01 4.720717472613185084e-01 5.367401170888796980e-01 7.526172765341919701e-01 6.930853467978527194e-01 1.000000000000000000e+00 7.635333557027392803e-01 8.053472222550690507e-01 8.418487347915667440e-01 7.612902389812090664e-01 7.710474680000422021e-01 8.529870326227865229e-01 8.260386506749131108e-01 8.191974650803941493e-01 7.920592002808077847e-01 8.209002751536875753e-01 7.108838827973497088e-01 7.494238988595490758e-01 8.227137727775948317e-01 8.079744631668065447e-01 7.872311631476247573e-01 8.257229379214241494e-01 8.381416479463876801e-01 8.401107824069984353e-01 8.364598588629978959e-01 8.173211373573456839e-01 8.411706176979203420e-01 8.694541288901419529e-01 8.554736159718379085e-01 8.083988197226502637e-01 8.286809098686659381e-01 7.969134799500796618e-01 8.497003650789742846e-01 8.541221838770803876e-01 8.273765647457990147e-01 8.638451703032797857e-01 8.307322391745568524e-01 8.712054194035450116e-01 8.598660302213637641e-01 8.490183191196656320e-01 8.706232894353582719e-01 8.767553605560037822e-01 8.553232693630130612e-01 8.713331824782664103e-01 8.807324943258799665e-01 8.732680751605989000e-01 8.449032286258610913e-01 8.561767494729624062e-01 8.640604873958951382e-01 8.741313628257910695e-01 8.749061194403477959e-01 8.381762149860479960e-01 8.509105987144633954e-01 8.648508993371879505e-01 8.702544416806450300e-01 8.388201455801088668e-01 8.879715634203648733e-01 8.825238402533016613e-01 8.666591488925089459e-01 8.471939507259939051e-01 8.802352372675934511e-01 8.927027867251555726e-01 8.868600356146418839e-01 8.780685632848255207e-01 8.769587858483494092e-01 8.762393266881874920e-01 8.650138799951752056e-01 8.703965725826146027e-01 8.780354189342818305e-01 8.682435548848500551e-01 8.740754218408561815e-01 8.807689517072814223e-01 8.766796269374103057e-01 8.708480966457555761e-01 8.719361633675212220e-01 8.785370210607423846e-01 8.807163163084031909e-01 8.766900799137194999e-01 8.790239202792593520e-01 8.865962603319839097e-01 8.617808785283237460e-01 8.735352072942734747e-01 8.761608338359031523e-01 8.758427430145117043e-01 8.779771274833418904e-01 8.780641315228328025e-01 8.823149549647213430e-01 8.747179523640115084e-01 8.804150108432671207e-01 8.794370235589212825e-01 8.785562601194378818e-01 8.790622548563735705e-01 8.808051700665326944e-01 8.773470651577179868e-01 8.802879965287543351e-01 8.827038762777611458e-01 8.845012024496921033e-01 8.798560991468542536e-01 8.796774550478382304e-01 8.840392485813132195e-01 8.844023549764573611e-01 8.851929194140666368e-01 8.764238352560822509e-01 8.825729046385241139e-01 8.811793569243275837e-01 8.784056849370404096e-01 8.818838467133607306e-01 8.762235659712216407e-01 8.845161486646889726e-01 8.738138845192336968e-01 8.839970425126494336e-01 8.866120963495566221e-01 8.886278302386882988e-01
6.851659937710309622e-02 1.933003029341833212e-01 3.289778722919186049e-01 5.582434104761136995e-01 4.088361360693986146e-01 5.076448209383200849e-01 7.158983676084229586e-01 6.495940564567541653e-01 7.635333557027392803e-01 1.000000000000000000e+00 7.446601838541219154e-01 7.857345525803229869e-01 7.271968075599805070e-01 7.171273980740878740e-01 8.036753082963074002e-01 7.797727930641936700e-01 7.431627092800837664e-01 7.461064937984321910e-01 7.609295611917237245e-01 6.646380595424743465e-01 7.114779539808615549e-01 7.634298267434037610e-01 7.423010431027462497e-01 7.342296479082232041e-01 7.600394825141112420e-01 7.740274834494247358e-01 7.914929795033326387e-01 7.948350884761750113e-01 7.572565555855841346e-01 7.910093250339474968e-01 8.175381184113706956e-01 8.015296458486845799e-01 7.589457684087120848e-01 7.655817481298278215e-01 7.453610491209000655e-01 7.802002378539045768e-01 7.968247051473037468e-01 7.855733467485537247e-01 8.085086999479832448e-01 7.830226427669542133e-01 8.217915965614889240e-01 8.114986412263305304e-01 7.959366905477571752e-01 8.187316100450533485e-01 8.169660292542848534e-01 8.063747400356977568e-01 8.192000379094473983e-01 8.291730786711104528e-01 8.174969385728445559e-01 7.805651417430673478e-01 7.964891786658758743e-01 7.818531229069737298e-01 8.108554569301430481e-01 8.249436921911066367e-01 7.915490116503756113e-01 8.023974258710636631e-01 8.022414308373729819e-01 8.204406725637982678e-01 7.937507866109776433e-01 8.280564045087449587e-01 8.209328308548597963e-01 8.153262131969445381e-01 7.958843596642691809e-01 8.147400989419548711e-01 8.192364147108531780e-01 8.266623274274027544e-01 8.224753814472075542e-01 8.255453592607457924e-01 8.226650335558695071e-01 8.144542147093472018e-01 8.184304256852543702e-01 8.233477698285864843e-01 8.181134754461065750e-01 8.200364223364194904e-01 8.224242808489260481e-01 8.230958898872343665e-01 8.237143621788914905e-01 8.167184767149781033e-01 8.246031663127775246e-01 8.259231843130383499e-01 8.233475652212933760e-01 8.255670522400925249e-01 8.254162753911684636e-01 8.126071103677910967e-01 8.112796660114673930e-01 8.163709493230693059e-01 8.228242202048268172e-01 8.263166401586192755e-01 8.245452089335343349e-01 8.277641473923994520e-01 8.219103161693103177e-01 8.286508484060675084e-01 8.266161811368382129e-01 8.274332659108223353e-01 8.261964600808672232e-01 8.292803550223577513e-01 8.175977565578591566e-01 8.162691840399105558e-01 8.286248275104912686e-01 8.275828803803173539e-01 8.234439246987188543e-01 8.230529205724732567e-01 8.266608100566167350e-01 8.284208107288140166e-01 8.216211771803033637e-01 8.198756863994883792e-01 8.287820069257981759e-01 8.268325215993874711e-01 8.279464580822754050e-01 8.283484333583363002e-01 8.264713995841074246e-01 8.292341930133363403e-01 8.263216230173607846e-01 8.244813485803627051e-01 8.259789618035731085e-01 8.310535681475218484e-01
9.000822118847775707e-03 1.340306164656577814e-01 3.863240385371516372e-01 5.952802581292027106e-01 4.377794146674962583e-01 5.627689225657060978e-01 7.667512560579994307e-01 7.091267255409324788e-01 8.053472222550690507e-01 7.446601838541219154e-01 1.000000000000000000e+00 8.734359680852268326e-01 7.749435997670823806e-01 8.041308525176714683e-01 8.813800773887821016e-01 8.571769222665824861e-01 8.023231822877128216e-01 8.101117208941236436e-01 8.355805672914040638e-01 7.148935626851186109e-01 7.726999063489869979e-01 8.321299791360980969e-01 7.978954151020203334e-01 8.042178769491288293e-01 8.397293620973453887e-01 8.500695447953128259e-01 8.726257091337015215e-01 8.586231872507670282e-01 8.304174949261332594e-01 8.749412410373214044e-01 9.038929674582297791e-01 8.765596340229090400e-01 8.350270106976220852e-01 8.491165927444617179e-01 8.326358444913710688e-01 8.621949452888375554e-01 8.897482708088548797e-01 8.725247991360454147e-01 8.906339397037150718e-01 8.550732916869333566e-01 8.908992924554426374e-01 8.912994150751338829e-01 8.743387644212710086e-01 9.000454925451661925e-01 8.952809602680773526e-01 8.918786359692130183e-01 9.031313461823595734e-01 9.046728342812050405e-01 8.967178282816428148e-01 8.676728281153242017e-01 8.780619354423417899e-01 8.516986012072801371e-01 8.890880795164690653e-01 8.942064436276919714e-01 8.830561278885057375e-01 8.884917689131203167e-01 8.756106658992093283e-01 8.940632732785357417e-01 8.812705383567416284e-01 9.009948107036499509e-01 9.006519772123148249e-01 8.925982090412383219e-01 8.832332991094606900e-01 8.924924300068348693e-01 8.877978005428980302e-01 9.005974119477404560e-01 9.064036490094901088e-01 9.043399456244670676e-01 9.032352271304887603e-01 8.944436687493692029e-01 8.987105059179678612e-01 9.048866220920175341e-01 8.963991848421531961e-01 8.983579019763923146e-01 9.057404598478847602e-01 9.055915094985059755e-01 9.019724856753367215e-01 8.978445899129323671e-01 9.028992861769939982e-01 9.075452448571234010e-01 9.054742662193570046e-01 9.078217599031225271e-01 9.036443332967418751e-01 9.020792211109539549e-01 9.023607023988068354e-01 9.042867154024084586e-01 9.060730424227401159e-01 9.079149318415217218e-01 9.075558245637292965e-01 9.045135867868664414e-01 9.008031743076057030e-01 9.063608232450516278e-01 9.063399101351287124e-01 9.068546819861799113e-01 9.083961244692289050e-01 9.086552644303561577e-01 8.953697734404314490e-01 8.930356775548156101e-01 9.069494828282242960e-01 9.033096153448285648e-01 9.039630407194619854e-01 9.054018157258911792e-01 9.055806945457363089e-01 9.074234021406519801e-01 9.024557008931957114e-01 8.962607252662476709e-01 9.064867783631216369e-01 9.079410808569234881e-01 9.082144540736368787e-01 9.074346928943521906e-01 9.044324494178276330e-01 9.067545658509292839e-01 9.046087053192515270e-01 9.065542718578706305e-01 9.033532106780510773e-01 9.048522432698349327e-01
9.473412661456919251e-03 1.639561145807590381e-01 3.850053666604970060e-01 6.414203650346821384e-01 4.700503150710862443e-01 5.786836303624306455e-01 8.073663426110557761e-01 7.426205760136482814e-01 8.418487347915667440e-01 7.857345525803229869e-01 8.734359680852268326e-01 1.000000000000000000e+00 8.177170651471404872e-01 8.407675122047332250e-01 9.241071250185933783e-01 8.940455418935544518e-01 8.408327404576732000e-01 8.485470493524226443e-01 8.692070008943583170e-01 7.521499621076760400e-01 8.236564557599425074e-01 8.781188052751043305e-01 8.389236823482497662e-01 8.452142354377618627e-01 8.758811255418511577e-01 8.792360840007970024e-01 9.022285230916259335e-01 9.007802595713952920e-01 8.743950421211414969e-01 9.144505065984895875e-01 9.418033187114509541e-01 9.205443762890697101e-01 8.715289228384114351e-01 8.863083867763517087e-01 8.639995772655866269e-01 9.024286907331551255e-01 9.218141067169581815e-01 9.159521181734627815e-01 9.318070579843256152e-01 8.983191861518675658e-01 9.323895482593856920e-01 9.333912233983725493e-01 9.157700350567412606e-01 9.416073573912344674e-01 9.338416377348675024e-01 9.342824045202188232e-01 9.415420500295236250e-01 9.420531998935141038e-01 9.354309445058456296e-01 9.099689877789433057e-01 9.226052700587517030e-01 8.887115478010585434e-01 9.260413327077930967e-01 9.314472325755371873e-01 9.199424025811593353e-01 9.282519922515561905e-01 9.124000515755399388e-01 9.372351571496493339e-01 9.226692990032241415e-01 9.395602692964278857e-01 9.383562694114603309e-01 9.321326289441224100e-01 9.249251942507950019e-01 9.332508348123562669e-01 9.268856472204178854e-01 9.368284209277659702e-01 9.433290004876611068e-01 9.440303854664516825e-01 9.417410602505146278e-01 9.374723498288513035e-01 9.420348504664668443e-01 9.457809821606151246e-01 9.347642252223747894e-01 9.411341717399468454e-01 9.415862873441175340e-01 9.436225547437691041e-01 9.420003344373220067e-01 9.363086592471766556e-01 9.436691001563852765e-01 9.467031807705352797e-01 9.446448856006766093e-01 9.482867444751085229e-01 9.418234137929609728e-01 9.379050787133379474e-01 9.388902054092438387e-01 9.414305551798971550e-01 9.460306541649214918e-01 9.452717401791628227e-01 9.466340749727863990e-01 9.417439200428785462e-01 9.374777556314483062e-01 9.458376324330299845e-01 9.452107130916569400e-01 9.464939697058690760e-01 9.459389584863359124e-01 9.453890674267004801e-01 9.295864751405303883e-01 9.255123313649959993e-01 9.407604032583234410e-01 9.415548826224038326e-01 9.415403522587404428e-01 9.412844548901569963e-01 9.407291603817170556e-01 9.454443450049907494e-01 9.397930535551167752e-01 9.286382893591872412e-01 9.410901922182119961e-01 9.452988997461418963e-01 9.441807143319308482e-01 9.439449498817242823e-01 9.430321343866319150e-01 9.437655687420328787e-01 9.410421724433345458e-01 9.427142511998088947e-01 9.414972394449242499e-01 9.420340474593982272e-01
3.089972444090358442e-02 1.608781525308395632e-01 3.405216753595248780e-01 5.773984792043947989e-01 4.788225760727363167e-01 5.361941631317445056e-01 7.433021389678663438e-01 6.876837679334123488e-01 7.612902389812090664e-01 7.271968075599805070e-01 7.749435997670823806e-01 8.177170651471404872e-01 1.000000000000000000e+00 7.647707936854722943e-01 8.456466400184569077e-01 8.235365692357000666e-01 7.686903501554830376e-01 7.825924848874131756e-01 7.990925091437912631e-01 6.957548244780304980e-01 7.503418867879027010e-01 7.955060020558601952e-01 7.566139970908651868e-01 7.746622962101700205e-01 7.981857413450544891e-01 8.085155667687916603e-01 8.140707673717481052e-01 8.149974501503722824e-01 7.899413615539283562e-01 8.276769148304408130e-01 8.521918227734834872e-01 8.281754845341693372e-01 7.781428514407492392e-01 7.988916518822966051e-01 7.756858780118136565e-01 8.182557314773422075e-01 8.309798802013037555e-01 8.162473518738349032e-01 8.469922753936175441e-01 8.040523358343227844e-01 8.448623161147661431e-01 8.430547046266153588e-01 8.282621213057393961e-01 8.549749880104428046e-01 8.477286940597228426e-01 8.462779078496560636e-01 8.536944228315109795e-01 8.543450876829598029e-01 8.451612727968692562e-01 8.151396974734780310e-01 8.275992973228558647e-01 8.251451377491672012e-01 8.536337063719710017e-01 8.437479523675893711e-01 8.175400021500439651e-01 8.337007831106301170e-01 8.194879233431205945e-01 8.468988054342564409e-01 8.209230713268196311e-01 8.627519324997732220e-01 8.580496828411809940e-01 8.363071128077449456e-01 8.253349377239791451e-01 8.516291373159249334e-01 8.499749771791017539e-01 8.525612709900914910e-01 8.581885768297851103e-01 8.604214861735582920e-01 8.558015874142436141e-01 8.550762481101263912e-01 8.550416187883447261e-01 8.583773107173967576e-01 8.532658956688068397e-01 8.579659506906225364e-01 8.580619005849542402e-01 8.563733114779285005e-01 8.556532664644965758e-01 8.477369495976989633e-01 8.607349645877063749e-01 8.591150193111187772e-01 8.545874296339730503e-01 8.597121896789540196e-01 8.543739888748743683e-01 8.464330658645622396e-01 8.467551953640780615e-01 8.522876964772850839e-01 8.552088870279895838e-01 8.566200906674116267e-01 8.602548537611883761e-01 8.533876500771802043e-01 8.502830442139422962e-01 8.608719912711780831e-01 8.592190050018970737e-01 8.608459253168931902e-01 8.610122332306184845e-01 8.591043001930206424e-01 8.428595637228238902e-01 8.385504697649365236e-01 8.570282802096523822e-01 8.572135814234429496e-01 8.589846927666225929e-01 8.514880705114091786e-01 8.583967804207082164e-01 8.608930856404788390e-01 8.583954138138664147e-01 8.382862804742294838e-01 8.526555376405169362e-01 8.599078305052215709e-01 8.547645147903388807e-01 8.574695667297670409e-01 8.511847769886751180e-01 8.614694198341055209e-01 8.482976339556138612e-01 8.573691155471122594e-01 8.590415476909923909e-01 8.583594352890854262e-01
