1.000000000000000000e+00 1.946307700374800831e-01 7.775133584797455644e-02 -1.082653739372131316e-02 4.792848231410062193e-02 4.978073477050612948e-03 5.283546002504181834e-03 7.179588518589088975e-02 2.089994541767755121e-01 1.035145490226497406e-01 2.276692888972521589e-02 1.706944251498431278e-02 4.523116054311106943e-02 -5.706326787002934109e-02 1.982579226991214999e-02 3.918435999009095561e-02 1.316481643744331909e-01 2.937538327202081009e-02 5.578561113557783946e-02 1.975897223188135057e-02 -1.647398465032887116e-02 3.792399714782501013e-02 1.116404475808483732e-01 1.421861457739906874e-02 4.376221682323196138e-02 7.089265559271237804e-02 6.346624302261019701e-02 2.277045969356951069e-02 1.027196602108275958e-01 1.050594036895180217e-01 4.513057201649589567e-02 5.266084938315059721e-02 6.508997508542559152e-02 4.618763479631935592e-02 6.660453387878528808e-02 1.453866946092178744e-02 1.574848115741567245e-02 3.146663834225233228e-03 1.957595782769408141e-02 -4.889233762073274397e-02 1.440509306503785954e-02 -2.292584645740581087e-03 -2.574509714008471964e-02 1.330759218792501065e-02 -4.338942787818115578e-03 4.100031130811893944e-03 3.416324773003125148e-02 4.067229147138904516e-02 7.557934136695811100e-02 7.950691118204582242e-02 4.645750560850180760e-02 3.972496097023721362e-02 4.071280128751574717e-02 7.239963591176300228e-02 7.735320527056935291e-02 1.722240833850960731e-02 1.420417221772924954e-01 1.947134665896596561e-02 5.494409379279902028e-02 5.767855136826356699e-02 2.399229953142633168e-02 6.029239400964477025e-02 6.396060836561041907e-02 5.992694078388056261e-02 8.005268819579314243e-02 9.662921295726542570e-02 3.341736107317347382e-02 3.138765560171220825e-02 4.584963477869883480e-02 8.812895566809428663e-03 9.978514591105857798e-03 3.082783252247814701e-02 2.111899427866979415e-02 1.375560029898630944e-02 2.993669396624138584e-02 2.830492363738450895e-02 3.298999266753383647e-02 5.068656369734152178e-02 3.188514692320099098e-02 5.154296583727956821e-02 3.919582956722571926e-02 2.511896744080989105e-02 4.370902622850601771e-02 3.879059951717252902e-02 6.933348542803442587e-03 1.699714789256248290e-02 4.538095342358607412e-03 -5.816152572932109955e-04 3.035634796875308957e-03 1.275365077865635646e-02 -5.834388409705326337e-03 1.150128572683014119e-03 -5.437315851280632648e-03 -3.160981459124272662e-03 1.422938821178352034e-02 1.388609310779935664e-02 -7.912458601060995064e-03 6.426042642172695440e-02 1.505083395623177042e-02 9.992859374245903568e-04 -1.512603921515459290e-02 1.463732192566360654e-02 1.518193623920992968e-02 -3.061837326686529803e-04 1.440391225339549691e-02 6.274313177192125668e-02 4.098255615122597256e-02 2.442904135750215144e-02 2.770240182445877358e-02 1.674010533679195362e-02 1.538486702566056914e-02 3.269067041248208821e-02 2.094855655409788575e-02 2.526046755495607934e-02 4.584697369553206864e-02 5.736095499794279656e-02
1.946307700374800831e-01 1.000000000000000000e+00 -2.057077376825254544e-02 -3.410226852225989314e-02 8.656237537872120413e-02 3.552896134922639559e-02 7.321882650183970942e-02 9.238269703212942385e-02 2.010915683220285410e-01 2.011200620719252874e-01 8.512639711191569147e-02 8.359997754751657961e-02 1.100414565960934482e-01 6.855181887978732680e-02 1.142680091901971118e-01 1.242343388888262762e-01 1.599385394414466477e-01 2.811229387864376192e-02 5.101777630920653617e-02 2.702646107428402500e-02 1.521933357962567714e-02 9.272492115540025698e-03 9.099335173697506440e-02 -1.102172340866305195e-02 8.358174190821684307e-03 1.240497224601285198e-01 1.034137347046182459e-01 1.023149000568564920e-01 1.766580216386351987e-01 1.356001660296052846e-01 1.308369508337398068e-01 1.153703309585171755e-01 1.073859406497625485e-01 6.604647916690530030e-02 8.962165190829313177e-02 8.396831916412861307e-02 9.625466220987304033e-02 9.617906730644451563e-02 1.089277048573141088e-01 5.188118259142751598e-02 1.263175272984227993e-01 1.054260362300224185e-01 9.268528839163832356e-02 1.087918163789177023e-01 1.021447593967279577e-01 1.185308496618388552e-01 1.447655606326863353e-01 1.492436834342735497e-01 1.593796652426795191e-01 1.135667291835470022e-01 1.373188856282690495e-01 8.986870890555566371e-02 1.151688302389756863e-01 1.675756424913617815e-01 1.582965502514458722e-01 1.247543729623930009e-01 1.762335350544555757e-01 1.383651610984940050e-01 1.506542604132804219e-01 1.542600795075485531e-01 1.339203700332780855e-01 1.534413325299494590e-01 1.494283797133578728e-01 1.589806084323194812e-01 1.579522941647755196e-01 1.553851830644176757e-01 1.428428811236512885e-01 1.161485112785708013e-01 1.240206631035108836e-01 1.068403176036348129e-01 8.931561396022683064e-02 1.093044866390426029e-01 8.231200912006475523e-02 8.672187500392680715e-02 1.321719047212447096e-01 1.346679643148934735e-01 1.344983470824409888e-01 1.585637642109000711e-01 1.320294968312744344e-01 1.479518131897832878e-01 1.275406444463813294e-01 1.404791875283444846e-01 1.289029077690920511e-01 1.334000860882036399e-01 9.882529333295078655e-02 1.065606253924501895e-01 1.137782995816243592e-01 1.082127886860016902e-01 1.220737159779881897e-01 1.201988957254280094e-01 1.027569979785104004e-01 1.208687306808330225e-01 1.111875824633985904e-01 1.189227692261908692e-01 1.371377029925320290e-01 1.430376451193272613e-01 9.608587876596209887e-02 1.322894949567461342e-01 1.349073567512034388e-01 1.219587196089026576e-01 1.195799850404951348e-01 1.288935735083805989e-01 1.180014529007678281e-01 1.151731584583674389e-01 1.116716569883603738e-01 1.527545848772367265e-01 1.448531486169575000e-01 1.500339640550175102e-01 1.418095757243131028e-01 1.387282828904955467e-01 1.382711225802701061e-01 1.510391952878402666e-01 1.412337676398248421e-01 1.390790946642687376e-01 1.440466268430642682e-01 1.505465891604587381e-01
7.775133584797455644e-02 -2.057077376825254544e-02 1.000000000000000000e+00 3.739685033882788612e-01 2.095438960155308894e-01 1.598758728805485807e-01 2.574859664103204548e-01 3.193263529232975850e-01 2.435895228347164099e-01 2.015402371361899037e-01 3.126116774209091176e-01 3.336221605212433272e-01 2.696726678588570736e-01 2.052187594746211485e-01 2.941044473576744367e-01 3.080909044392761698e-01 2.603733779881903243e-01 3.642397656302651665e-01 3.855240404155781397e-01 3.558185249798641592e-01 4.071839662181237496e-01 4.296041790530944482e-01 3.186840525599800023e-01 3.794286616926689781e-01 3.948763527991636657e-01 3.043045036070662346e-01 3.063176908171996726e-01 3.320889840794331582e-01 2.814995012687303011e-01 3.331974721453178634e-01 3.108410592011771612e-01 3.334927762934333795e-01 3.514381084908318464e-01 3.844370595131225143e-01 3.554707596063694242e-01 3.412557674528476359e-01 3.439435624897663191e-01 3.265817616532178391e-01 3.240277535001094833e-01 3.428856728734891446e-01 2.957163214320649991e-01 3.038882740591341558e-01 3.367115987994189208e-01 3.252491127620589784e-01 3.275224683142193283e-01 2.968098018670209948e-01 2.698526989193844594e-01 2.824242113374160756e-01 2.793936202342028330e-01 3.373045816447569623e-01 2.906894537778457743e-01 3.516968114653952759e-01 3.244620395736280694e-01 2.667437100702094721e-01 2.833481475154685514e-01 2.993927692550887310e-01 2.860283029356149309e-01 2.725169398387032871e-01 2.742260114609677557e-01 2.732528242488152515e-01 2.879442742024331814e-01 2.797240974709599426e-01 2.920453260271839158e-01 2.739509879056827857e-01 2.785813451688927689e-01 3.066860205480559931e-01 2.754429553109162265e-01 2.964073845726582501e-01 3.051669708840522022e-01 3.231002252521056328e-01 3.459888096984858330e-01 3.203341291319991013e-01 3.237277823268116528e-01 3.342952880360213763e-01 2.966685322923128254e-01 2.998242515877265757e-01 2.977988240342145376e-01 2.828300413784201606e-01 2.972016891691889318e-01 2.809211850297378965e-01 3.052520769017183500e-01 2.774820763281155567e-01 3.018792695658103487e-01 2.989479704890566913e-01 3.232837019396287426e-01 3.189441798812545636e-01 3.038308589025834339e-01 3.058135435643491440e-01 2.941308527983737542e-01 3.028666654712443562e-01 3.147170463216028002e-01 2.933300776179623148e-01 3.079037512954460043e-01 2.878786796970229100e-01 2.731042830108161290e-01 2.683585339447550067e-01 3.157799278078740612e-01 3.075793408905114767e-01 2.796182955405091541e-01 2.987639077525048870e-01 2.928047882237950206e-01 2.943679114133362917e-01 3.001860405429584988e-01 2.941147269360037120e-01 3.131632377512713061e-01 2.817410985313283378e-01 2.817080895943182561e-01 2.613725523632733916e-01 2.796618768313310355e-01 2.655320281011268047e-01 2.717519772640360487e-01 2.649807079987834824e-01 2.763046746686110278e-01 2.816567788017818597e-01 2.738230079531716044e-01 2.865063560396027276e-01
-1.082653739372131316e-02 -3.410226852225989314e-02 3.739685033882788612e-01 1.000000000000000000e+00 2.213163661563343765e-01 2.468567411317195426e-01 4.071445471119809478e-01 4.405775705900766837e-01 3.577983057478131834e-01 3.100356772599307531e-01 4.633866467244089349e-01 5.301193452404203699e-01 3.926740260936175120e-01 3.161812138439948905e-01 4.336733563588052176e-01 4.634682544854878961e-01 3.660551174601950897e-01 4.381111483659965722e-01 4.673908294306787226e-01 5.080669500363491631e-01 5.774992016740815304e-01 5.544244990954056984e-01 3.366362833127249377e-01 4.310115926347857784e-01 4.421617342510289483e-01 4.190178114770646833e-01 4.367378396171444632e-01 4.436245621329771849e-01 3.718117610520391692e-01 4.007720539742402610e-01 4.427184875683942700e-01 4.418681434205005698e-01 4.138326827206328384e-01 4.628883100377289006e-01 4.194125747448394503e-01 4.661336256246363940e-01 4.547794046898800402e-01 4.745463464813575727e-01 4.614947411196745342e-01 4.817377458880830465e-01 4.511061814170174156e-01 4.674616227200223406e-01 4.938672258803894488e-01 4.861297902194594012e-01 4.849498989879549860e-01 4.546566681782385766e-01 4.343483734327145962e-01 4.290845262525231352e-01 4.286351272759800768e-01 4.746590593477510445e-01 4.540352615097526523e-01 5.036250654889893319e-01 4.814005293700578947e-01 4.161039912734190716e-01 4.262868309806726597e-01 4.503476581724501493e-01 4.275222955722148832e-01 4.396224802155607736e-01 4.380660810812530004e-01 4.362250108215717792e-01 4.611068036974146911e-01 4.528919839066273267e-01 4.636371666668082092e-01 4.379547481810521781e-01 4.284551881880439006e-01 4.447696749665854821e-01 4.342264871254620240e-01 4.420119078652287037e-01 4.483627588951439313e-01 5.099392660578991876e-01 5.075044177292942216e-01 4.642630498232854230e-01 4.561564406133403748e-01 4.718698054378273055e-01 4.548208144554318211e-01 4.516776110674138867e-01 4.530784099747579563e-01 4.315086138157601670e-01 4.414642934704056110e-01 4.248774006217478361e-01 4.443066837363502386e-01 4.371929952351673032e-01 4.449514641238029866e-01 4.368256963285831462e-01 4.748552525328135210e-01 4.620308221686017514e-01 4.539281940735356291e-01 4.697664777715775952e-01 4.552113244447716367e-01 4.547465928352994458e-01 4.714452862577257486e-01 4.625011751994683173e-01 4.744689499180513304e-01 4.573774614885873224e-01 4.435181336165424648e-01 4.367461625137785131e-01 4.958377312684942306e-01 4.708168980905510503e-01 4.539741194431766158e-01 4.680684090766111805e-01 4.706262715206659397e-01 4.705925899316893979e-01 4.779967313587571431e-01 4.719395643789190964e-01 4.753901672632284692e-01 4.515468359624392747e-01 4.467241748203679141e-01 4.283093214387632686e-01 4.423025820248420725e-01 4.405259956536879407e-01 4.504306693549167684e-01 4.357221297163491047e-01 4.539856572987487904e-01 4.527256968960851058e-01 4.325713718102588423e-01 4.454749643141003856e-01
4.792848231410062193e-02 8.656237537872120413e-02 2.095438960155308894e-01 2.213163661563343765e-01 1.000000000000000000e+00 1.826451465500427140e-01 3.664603870822707998e-01 3.878604908657893313e-01 3.434010110105037428e-01 2.966861859086095121e-01 3.562732255677195092e-01 3.651859587379865935e-01 3.703269410458864264e-01 2.895667500787414417e-01 4.047216379510376605e-01 4.045936360829834322e-01 3.532593324161967252e-01 3.662819477165932258e-01 3.917402526174578181e-01 3.524072067380046303e-01 3.717034344511057631e-01 3.615693376578834051e-01 3.935525658498101320e-01 3.683762699873918689e-01 3.845477508259457222e-01 4.092185643511853099e-01 3.953962022991173164e-01 4.030527267467994834e-01 3.890753846245473269e-01 3.925346501800852650e-01 3.981227795779608281e-01 4.074227541235753702e-01 3.855106428776026717e-01 4.076769808240496840e-01 3.761032793335993274e-01 3.962368727390644385e-01 3.869475681463132588e-01 4.018044321836718447e-01 4.030623672314970762e-01 3.841324827083208993e-01 4.022895576881296842e-01 4.004736665193486256e-01 4.132107420802350051e-01 4.168856459447201068e-01 4.002027538414687502e-01 4.014439130186650551e-01 3.940095560254281426e-01 3.954122135367441060e-01 3.938978539816760382e-01 3.951684055422005071e-01 3.917891023756887026e-01 3.939783346014536503e-01 4.115012630630235368e-01 3.881567642804981122e-01 3.907929076399577206e-01 4.036973134334624347e-01 3.835419922337449661e-01 3.901957219420527090e-01 3.827206994097044901e-01 3.897904057529131272e-01 4.022884123253323563e-01 3.878410146040206508e-01 3.877071999534140168e-01 3.873578405797966084e-01 3.870654807402693631e-01 4.041267055408067077e-01 3.918665237028682857e-01 3.925614355222149521e-01 4.018841136154594484e-01 4.040614774470877579e-01 3.997137366213772691e-01 4.004253307517332550e-01 3.959199346133178143e-01 4.016892586022954847e-01 4.029270671903787404e-01 3.887354786599774292e-01 4.001156051867109098e-01 3.995651048573073960e-01 3.987354827056727724e-01 3.931420854852415436e-01 3.926640993130324775e-01 3.941691608787110668e-01 4.009520932413125904e-01 3.908053113421342539e-01 4.042003786960541301e-01 4.029060382023507136e-01 3.951042857948712239e-01 4.027837726358877712e-01 3.988997330732746982e-01 4.030591415503886887e-01 4.025169351140238660e-01 4.032208702846260540e-01 4.012311749514564374e-01 3.989795683895696610e-01 3.884637042000533280e-01 3.878888885438164236e-01 3.945129231566565919e-01 3.942318960270313477e-01 3.931432770707958269e-01 3.980177447426179738e-01 3.978525509110687475e-01 3.938121399068060247e-01 3.955796445374972214e-01 3.997774128040226249e-01 4.019968721922844157e-01 3.826766986372431290e-01 3.929200808292985236e-01 3.893907728805986457e-01 3.939851458284583385e-01 3.867688040940562844e-01 3.867850766329448131e-01 3.876513524622336448e-01 3.872726950813399904e-01 3.909262094798843790e-01 3.841718894045695887e-01 3.932790480815639977e-01
4.978073477050612948e-03 3.552896134922639559e-02 1.598758728805485807e-01 2.468567411317195426e-01 1.826451465500427140e-01 1.000000000000000000e+00 3.434627667606542367e-01 3.232811242588523037e-01 3.336754040842404012e-01 3.098176920580350546e-01 3.543128443988306508e-01 3.731398065667398956e-01 3.477677771700946607e-01 2.886824176909126294e-01 3.828007398707742870e-01 3.828646534786381839e-01 3.358819384445832501e-01 3.546154288936385623e-01 3.828563322661922008e-01 3.171556265454558710e-01 3.633079488771974175e-01 3.731771540869499026e-01 3.479024218733240970e-01 3.471541962436277551e-01 3.605124820095284566e-01 3.910296395688986903e-01 3.763202097553206005e-01 3.986384580165071023e-01 3.569236762348853564e-01 3.782845292017464334e-01 3.986139149020048733e-01 4.040305621104252620e-01 3.787482440930912131e-01 3.873913700288823536e-01 3.761202139006756817e-01 3.742634980725006444e-01 3.885010760544684860e-01 4.028485519708849272e-01 4.022103388980898253e-01 3.869003376328055688e-01 4.112427013669813780e-01 4.054471135455104402e-01 3.995550140891519497e-01 4.085366444090670623e-01 3.975852102187282799e-01 4.082252715725381842e-01 3.960223263923107750e-01 3.988655995136026200e-01 3.948131240749739312e-01 3.936806412073502459e-01 3.929278667710427442e-01 3.948851525333532120e-01 4.003915405092443036e-01 3.939720345234830612e-01 3.970516856115693938e-01 4.046067389062192876e-01 3.821318137537191850e-01 3.950890625859972971e-01 4.020492198184730803e-01 3.999218542899855011e-01 4.054664862928145652e-01 3.987112346077569813e-01 3.962509706258592335e-01 3.879867010455511078e-01 3.922897902203266729e-01 3.946501655810220610e-01 4.010165588221473176e-01 4.014069860047218552e-01 4.041964491345323429e-01 4.072905559161881239e-01 4.147689566634246705e-01 4.079047935625444432e-01 4.003506670186892658e-01 4.067858231884183828e-01 4.115882314828970823e-01 4.076135742830646613e-01 4.087727525033792442e-01 3.931262545271705933e-01 3.987224990362934762e-01 3.945377124903028943e-01 3.999402768778934636e-01 4.050756489744523070e-01 4.028228734368528574e-01 3.979028681252763100e-01 4.074821604683122600e-01 4.086072414201892822e-01 4.028490574955310710e-01 4.085175262317734535e-01 4.063248699938863950e-01 4.030519999586645308e-01 4.124467102081676995e-01 4.105293247519021249e-01 4.121941034446384156e-01 4.125733505727894324e-01 4.005463312713533064e-01 4.017041364874245346e-01 4.077733892130614990e-01 4.027834241206441623e-01 4.040031801743459994e-01 4.059130743598367563e-01 4.084587199029118820e-01 4.030397565393047388e-01 4.054605855236959044e-01 4.110626171150441044e-01 4.065341045035816836e-01 3.943896415951740897e-01 4.023394206186406974e-01 3.976737900051500185e-01 4.013807267994803918e-01 4.035348686488434145e-01 4.000675153741926615e-01 4.013922559172920512e-01 4.003477614059101630e-01 4.030282800553098288e-01 3.977943902334775683e-01 3.971758857159357059e-01
5.283546002504181834e-03 7.321882650183970942e-02 2.574859664103204548e-01 4.071445471119809478e-01 3.664603870822707998e-01 3.434627667606542367e-01 1.000000000000000000e+00 5.614391123097429714e-01 5.536120333031581131e-01 5.221247104668013117e-01 6.165437732266626503e-01 6.610129265754342009e-01 5.811070299277667495e-01 5.158725413569796858e-01 7.326609690408045772e-01 6.672328546481250955e-01 6.062900755111647610e-01 5.965781501032058065e-01 6.389560972160747143e-01 5.969135748825077359e-01 6.149302323291482297e-01 6.135481621502054672e-01 5.900128921103166002e-01 6.009533409779284074e-01 6.005634185346923060e-01 6.734949627145020434e-01 6.599249737296036811e-01 6.778559079013130040e-01 6.390618449405697232e-01 6.467880070402657333e-01 6.911970999497423218e-01 7.070386458013898645e-01 6.547255208171305352e-01 6.955571847640852345e-01 6.384102803758828770e-01 6.758414169793239834e-01 6.669816242277840646e-01 7.154352521959798095e-01 7.085957169849183002e-01 6.870862003222718561e-01 7.045128184200953880e-01 7.035072125586308012e-01 7.042178793450731833e-01 7.101877909226292918e-01 7.017363026318679253e-01 7.020075580746675259e-01 6.936843081318264659e-01 6.915401984880776842e-01 6.930831884048369584e-01 7.038872791118736538e-01 7.080393409696941198e-01 6.720214525764922620e-01 6.876025928469635673e-01 6.761078335558645680e-01 6.707690134998797182e-01 6.967808236201774585e-01 6.605721583741080982e-01 6.890246030684171741e-01 6.932961723609437632e-01 6.841092877284917773e-01 6.993061439395136247e-01 6.886783634610322835e-01 6.866648619937447684e-01 6.957200569345196595e-01 6.798350397132675305e-01 6.785836890270702249e-01 6.966509281606380055e-01 6.995190268654509769e-01 7.029164776515385293e-01 7.101883691400620036e-01 7.026982446339656851e-01 6.976049276008998712e-01 6.953833045001760471e-01 7.019036781044510898e-01 7.041933503956696594e-01 6.975383400548332835e-01 7.032615555969974341e-01 6.894742533172052434e-01 7.010038309094920317e-01 6.899443611431357315e-01 6.971575256645544671e-01 6.994664349410669724e-01 7.049782350212410176e-01 6.948065402980686533e-01 7.181809254430826517e-01 7.174568701539317805e-01 7.049694565190137707e-01 7.188366544589143148e-01 7.110329378426020197e-01 7.028884903860213029e-01 7.154588709260676360e-01 7.111292329119794919e-01 7.141159424248272325e-01 7.107634603813238749e-01 6.992877105095037793e-01 6.962695472507212102e-01 7.165055879673517536e-01 6.955941135979653023e-01 7.007737172979230378e-01 7.122244189419472127e-01 7.102833521907601089e-01 7.065367645928670726e-01 7.018691282437514722e-01 7.105148169356072518e-01 7.096544766708127172e-01 6.849509656596357576e-01 6.966373133149597052e-01 6.906264615287709407e-01 6.965146118121169350e-01 6.996021284473227242e-01 6.996603701762211802e-01 6.936029542786984470e-01 6.977552812707178420e-01 7.046602823238196089e-01 6.930065040936714826e-01 6.874033119145569470e-01
7.179588518589088975e-02 9.238269703212942385e-02 3.193263529232975850e-01 4.405775705900766837e-01 3.878604908657893313e-01 3.232811242588523037e-01 5.614391123097429714e-01 1.000000000000000000e+00 5.822376366932024983e-01 5.227866063627522042e-01 6.098422042792229769e-01 6.640088020597813001e-01 6.079734678878281340e-01 4.890488726859694157e-01 6.731523216026007450e-01 7.031359425711685152e-01 5.882380085452776353e-01 6.006473479906461188e-01 6.613932663082717767e-01 6.175751582227642089e-01 6.439058407999652678e-01 6.533470835129098209e-01 6.096742973272417654e-01 6.004732272456752007e-01 6.295661285036169286e-01 6.679594123940493233e-01 6.437482051350509327e-01 6.771652544062382040e-01 6.454006566711432136e-01 6.642247283085469522e-01 6.742845903306530220e-01 6.910220141668026450e-01 6.504767193846808793e-01 6.841686422975441495e-01 6.450373076427829977e-01 6.570630379909609964e-01 6.648348992861946583e-01 6.964400715993356306e-01 6.975358432738868464e-01 6.663844760985864202e-01 6.800306605197995458e-01 6.866670061110696777e-01 7.010168226671098513e-01 7.060187603600198702e-01 6.818927447673774900e-01 6.935914164513602431e-01 6.762061879626479755e-01 6.773659220601072617e-01 6.786889751062730181e-01 6.896153825900367407e-01 6.804801812558017859e-01 6.721807904535349598e-01 6.807867997145182759e-01 6.699807670476436439e-01 6.780090540799931231e-01 6.864614796527322982e-01 6.624682556480158135e-01 6.766231287968960117e-01 6.736126393902432952e-01 6.719383344018777793e-01 6.903434351699571092e-01 6.809301348087941630e-01 6.830389592316599146e-01 6.742161020895481860e-01 6.587421010421341538e-01 6.794612420922584439e-01 6.754284650828454861e-01 6.826155188703854071e-01 6.909594327448799200e-01 7.078982175840303759e-01 7.040203541446651281e-01 6.943912352279004718e-01 6.810094266634183491e-01 6.897341506217862239e-01 6.908798404922700254e-01 6.843369221495635424e-01 6.937319733479082595e-01 6.817277674650619179e-01 6.898837025222076536e-01 6.796081512017511095e-01 6.838311040578070044e-01 6.817587304520176250e-01 6.901149431748021534e-01 6.801306280082309863e-01 6.987293125724526321e-01 6.955128032000555960e-01 6.843856776930309360e-01 6.981151595359336159e-01 6.928425683675237812e-01 6.888022786349988769e-01 6.975238432186807724e-01 6.944553012515133350e-01 6.938175755670715761e-01 6.913145683306342049e-01 6.790790572014612225e-01 6.752227318453050131e-01 7.000436427691939523e-01 6.884068091263312317e-01 6.830925318142371250e-01 6.943314677334906371e-01 6.919178139224713142e-01 6.903617567344759731e-01 6.833989300499589969e-01 6.948576704706820317e-01 6.923636741279077800e-01 6.764386153809092139e-01 6.835164645791310667e-01 6.717774559244625854e-01 6.834187026872213799e-01 6.764627765922758273e-01 6.791205605334613704e-01 6.731055350850809749e-01 6.805394478331543429e-01 6.834088443706641813e-01 6.705077942736635821e-01 6.773923781984676484e-01
2.089994541767755121e-01 2.010915683220285410e-01 2.435895228347164099e-01 3.577983057478131834e-01 3.434010110105037428e-01 3.336754040842404012e-01 5.536120333031581131e-01 5.822376366932024983e-01 1.000000000000000000e+00 6.955844196644814792e-01 6.726721036125825615e-01 7.111293227199779743e-01 6.526609412749516670e-01 5.525601297046547344e-01 7.460218371477147503e-01 7.548297168673614443e-01 7.582111507444765364e-01 6.734068331685006958e-01 7.243808034125662765e-01 5.855343812879170162e-01 6.035013895107838033e-01 6.761619323734971987e-01 7.205728312983278316e-01 6.313954022018435364e-01 6.849784650935902830e-01 7.740551394070473989e-01 7.590359866907452346e-01 7.502042337578752607e-01 7.723225616032626251e-01 7.941777448666114125e-01 8.078701704918856974e-01 7.958906156376117647e-01 7.326833786011125449e-01 7.472627735579073782e-01 7.539813518890404742e-01 7.437661672800225388e-01 7.667271017103144404e-01 7.525708221998090863e-01 7.894309494079452261e-01 6.852127221669043200e-01 7.888548089370123195e-01 7.712232305954555001e-01 7.558869011100829427e-01 7.955106561126666920e-01 7.720212061737214970e-01 7.904866196825783842e-01 8.097484313339341488e-01 8.240395592406348779e-01 8.262604604695189536e-01 7.816038498966579873e-01 7.966952208510936773e-01 7.708763935679120438e-01 7.939297020431638208e-01 8.320272014160674523e-01 8.226922371778946363e-01 7.939962083683450578e-01 8.372303128260230043e-01 7.991558904605838842e-01 8.132696393795765255e-01 8.291766546028687124e-01 8.066168542948106701e-01 8.223691763577228864e-01 8.149160043604936066e-01 8.190374544790867128e-01 8.280986922786280902e-01 8.377702388635709374e-01 8.157187396437143301e-01 8.106532953316788470e-01 8.152847738021739010e-01 7.935791760716210952e-01 7.897042206743054571e-01 8.097968903190668755e-01 7.842858251214839260e-01 7.941080725497331461e-01 8.130114996864735710e-01 8.092548967337397370e-01 8.081017697099958097e-01 8.155128436789417234e-01 8.124134617485933019e-01 8.219055706198630240e-01 8.126768258385810295e-01 8.135697042770212439e-01 8.148747822952128184e-01 8.127033454254871669e-01 7.831305288059897673e-01 7.970944069251396646e-01 7.985688935399062327e-01 7.923253116830194509e-01 7.982408264386273711e-01 8.009836070480197412e-01 7.844714827992331774e-01 7.972580839620903026e-01 7.934825645080829659e-01 7.968097049337702353e-01 8.086867457076329924e-01 8.109122043152309223e-01 7.715003063116427917e-01 8.106067336606160856e-01 8.065667587112275161e-01 7.920322482301879186e-01 7.918705770194613969e-01 8.006124035317273568e-01 8.019318463738029923e-01 7.975970590306185048e-01 8.024634751201243921e-01 8.196334032660265168e-01 8.170357760268019964e-01 8.133639299193407002e-01 8.145178935562282785e-01 8.093329021854822614e-01 8.037848371026226069e-01 8.178289800453600877e-01 8.089929435208068620e-01 8.095967625057812755e-01 8.208140938969409328e-01 8.263215327097932494e-01
1.035145490226497406e-01 2.011200620719252874e-01 2.015402371361899037e-01 3.100356772599307531e-01 2.966861859086095121e-01 3.098176920580350546e-01 5.221247104668013117e-01 5.227866063627522042e-01 6.955844196644814792e-01 1.000000000000000000e+00 6.239543652647446814e-01 6.575624859659714438e-01 6.077557660823843522e-01 5.405716529914748048e-01 7.093965760083635885e-01 6.995104875449776882e-01 6.781789022014417245e-01 5.876785968105968649e-01 6.477751537309616170e-01 5.311861761305516350e-01 5.395664907564921009e-01 5.886719820036621087e-01 6.301806425797369382e-01 5.670926349377470865e-01 6.014357945620503187e-01 7.112107037838698576e-01 7.070709837476366610e-01 7.019942995000159058e-01 7.154578450877302487e-01 7.229004190949813724e-01 7.404685776823595189e-01 7.400555123796197510e-01 6.845665906998380512e-01 6.863723459834131235e-01 6.978286468410997978e-01 6.880591374232477575e-01 7.028851247079322961e-01 7.182902145935281535e-01 7.379469573596320053e-01 6.504184843124645177e-01 7.421237052645003329e-01 7.227290524394358595e-01 7.086850324923829048e-01 7.384844137136448161e-01 7.212882928201446164e-01 7.444032955638323346e-01 7.659119850474017666e-01 7.778266792234896920e-01 7.744267881979499668e-01 7.200237348392123371e-01 7.500597129662799345e-01 6.914092860807005136e-01 7.327141695024669277e-01 7.773920520055638272e-01 7.684356724488985435e-01 7.478000854548990661e-01 7.621332419543116465e-01 7.535837356927276298e-01 7.637211230395746231e-01 7.722199130620177598e-01 7.566245554293709041e-01 7.671661607185272791e-01 7.588376105254126536e-01 7.652626365576186140e-01 7.588200010260779393e-01 7.675936567944582345e-01 7.703603612669209788e-01 7.570850375642789176e-01 7.631691847274157947e-01 7.437744458539452541e-01 7.361228806194474172e-01 7.516821671045695874e-01 7.290765300200734433e-01 7.375981044264323661e-01 7.626564002278319876e-01 7.590734729351219512e-01 7.611646489518455461e-01 7.637969431063670323e-01 7.600842798185700744e-01 7.709320691728894781e-01 7.620694359217276004e-01 7.677880474841514147e-01 7.635512295812190153e-01 7.653702628184616552e-01 7.421161471073557392e-01 7.531929922740141503e-01 7.564217209537816844e-01 7.496129176956344287e-01 7.597792636649193243e-01 7.531607068268972860e-01 7.431945148282441682e-01 7.573388858181965277e-01 7.494132431132808358e-01 7.557306175521590896e-01 7.690611414289243442e-01 7.699264622269056391e-01 7.316005020679179349e-01 7.548586431093864402e-01 7.646798384864685882e-01 7.530225775586331105e-01 7.528356930697739369e-01 7.585379181531912707e-01 7.512533498816226230e-01 7.549375045165191978e-01 7.525285860457936460e-01 7.668232399129520926e-01 7.719527856377151886e-01 7.709528353703892778e-01 7.703132517788845446e-01 7.674471720753194282e-01 7.632592494478160905e-01 7.720182669531662212e-01 7.668575910402765095e-01 7.675768635074912138e-01 7.702738926667994646e-01 7.697729200392053883e-01
2.276692888972521589e-02 8.512639711191569147e-02 3.126116774209091176e-01 4.633866467244089349e-01 3.562732255677195092e-01 3.543128443988306508e-01 6.165437732266626503e-01 6.098422042792229769e-01 6.726721036125825615e-01 6.239543652647446814e-01 1.000000000000000000e+00 7.900878140501486069e-01 6.627113233968361383e-01 5.942251537175863296e-01 7.793104464116922259e-01 7.708448217332324326e-01 6.995727536278538716e-01 6.995145666767358383e-01 7.430826556315887066e-01 6.369792602643807866e-01 7.202547351834432954e-01 7.423978840791823908e-01 6.859571553285954693e-01 6.837193229527340765e-01 7.117115302296543877e-01 7.704970197069654914e-01 7.707635008086892725e-01 7.754784935534063672e-01 7.452674028457527688e-01 7.678317207564764324e-01 8.158419623860322378e-01 7.981758556218407907e-01 7.395627449033033152e-01 7.809840514030027547e-01 7.616546301141152719e-01 7.910556983249190655e-01 7.997743074782324157e-01 7.982565199703827163e-01 8.115436837417545624e-01 7.727660218125911307e-01 8.136767675975553615e-01 8.079020318389806832e-01 8.090021639810458520e-01 8.256310366150683144e-01 8.197636869850896124e-01 8.094245415810608080e-01 8.133314301667882162e-01 8.136182460421176321e-01 8.112772360574864727e-01 8.027389604968981907e-01 8.100878976495985428e-01 8.045684314402732351e-01 8.125076888672245756e-01 8.078171297317432442e-01 8.017457891978010398e-01 8.125246625411097767e-01 7.945183999684445331e-01 8.083352113750669199e-01 8.124552361705141834e-01 8.141344794933116358e-01 8.234290094396727877e-01 8.197226042451258854e-01 8.185383971195396846e-01 8.121175255184421848e-01 8.077221209096069332e-01 8.154073815770602751e-01 8.182653199783751496e-01 8.184750639190955246e-01 8.227559825565606832e-01 8.272627022013244735e-01 8.340630970488026596e-01 8.285590678337636517e-01 8.083314349839197943e-01 8.258580984495422772e-01 8.277257875790917652e-01 8.243106787178658967e-01 8.203496038561489678e-01 8.160390914631813208e-01 8.194182510742424874e-01 8.175719866954281878e-01 8.250286079024442554e-01 8.235634505870047528e-01 8.238549743641853107e-01 8.228023278866707368e-01 8.228688740983670646e-01 8.224776340234002392e-01 8.247923571757013184e-01 8.264079112195724663e-01 8.238281912348673908e-01 8.238967181207921264e-01 8.297155568769232215e-01 8.264424665541678650e-01 8.311646783083529444e-01 8.243548766007929851e-01 8.232846540611290509e-01 8.192984756529495538e-01 8.223302088261049692e-01 8.177524083922481646e-01 8.235559019139301329e-01 8.259142783371661301e-01 8.265886733739417069e-01 8.273626982563797583e-01 8.305640912855153379e-01 8.296319755527146178e-01 8.316569137388892807e-01 8.165736829845499090e-01 8.218563074611678898e-01 8.169844392757276141e-01 8.210744653604947763e-01 8.200563208343134569e-01 8.212715668602322827e-01 8.207225536319544545e-01 8.244768695961018912e-01 8.248985982633634251e-01 8.170907734474540662e-01 8.210995624264399995e-01
1.706944251498431278e-02 8.359997754751657961e-02 3.336221605212433272e-01 5.301193452404203699e-01 3.651859587379865935e-01 3.731398065667398956e-01 6.610129265754342009e-01 6.640088020597813001e-01 7.111293227199779743e-01 6.575624859659714438e-01 7.900878140501486069e-01 1.000000000000000000e+00 7.190040544978857362e-01 6.299469654641409733e-01 8.290385906756370105e-01 8.260605700004618468e-01 7.371860189644922068e-01 7.364697599991680832e-01 7.887537286409452841e-01 7.045482078180149710e-01 7.948846768095438886e-01 8.035192357466323099e-01 7.089223415624775759e-01 7.174950033162006413e-01 7.491167305139585508e-01 8.115357831770334540e-01 8.144777758262271572e-01 8.249022125157607910e-01 7.766115959512810418e-01 8.013556445452064692e-01 8.551912265771547395e-01 8.408453257215176002e-01 7.764882126005554497e-01 8.226772961716884991e-01 7.946697259211863429e-01 8.400806403588270133e-01 8.421443182000777350e-01 8.567588429027139796e-01 8.676291725703769719e-01 8.319146376374172425e-01 8.656194994464503356e-01 8.645319873134410527e-01 8.707405985960482431e-01 8.819086380408955872e-01 8.747350231263238962e-01 8.662695172586393211e-01 8.643252809648269697e-01 8.618398832178215674e-01 8.564556017484281636e-01 8.568629195040798896e-01 8.640648402832286079e-01 8.607706226049928189e-01 8.706637873392799598e-01 8.527334466369597132e-01 8.448324454217210899e-01 8.618887823513985413e-01 8.371754699703164437e-01 8.598442103791344993e-01 8.592318289158531464e-01 8.633998427359921291e-01 8.769307529885875807e-01 8.681640717966808696e-01 8.661048209186613667e-01 8.625919873322414055e-01 8.504579192342380800e-01 8.584131489703304974e-01 8.650896360511635130e-01 8.653799731222782121e-01 8.667043239050404857e-01 8.906544380683470985e-01 8.909050461388671183e-01 8.772446060416685398e-01 8.513680469300762832e-01 8.729265643985756329e-01 8.763475847965037646e-01 8.701103180538113380e-01 8.676471095924173094e-01 8.574004392368820282e-01 8.688833635592010385e-01 8.629353467627594032e-01 8.706801747689165705e-01 8.720629383844761273e-01 8.704830092989678247e-01 8.652705244983196486e-01 8.777941326603301286e-01 8.717002045158124268e-01 8.738771489383029278e-01 8.777958789569401121e-01 8.760882375807943490e-01 8.739096203789206152e-01 8.799359539722791945e-01 8.793475056389048472e-01 8.849507119161342805e-01 8.789045721149016943e-01 8.723147395318510133e-01 8.693674886438249594e-01 8.821199857757523466e-01 8.725280402514116185e-01 8.760497369246196264e-01 8.786015959589572599e-01 8.824061628130013268e-01 8.846316692296131157e-01 8.842217103819438595e-01 8.851455736642109828e-01 8.873265076423658693e-01 8.664294033414582374e-01 8.724279799965251048e-01 8.654819630051894253e-01 8.699013196782034996e-01 8.703264513641880695e-01 8.734297596379624329e-01 8.697131387086719512e-01 8.760111182930478968e-01 8.776991128384459273e-01 8.664479066899174464e-01 8.692564427823221695e-01
4.523116054311106943e-02 1.100414565960934482e-01 2.696726678588570736e-01 3.926740260936175120e-01 3.703269410458864264e-01 3.477677771700946607e-01 5.811070299277667495e-01 6.079734678878281340e-01 6.526609412749516670e-01 6.077557660823843522e-01 6.627113233968361383e-01 7.190040544978857362e-01 1.000000000000000000e+00 5.749503014256550637e-01 7.504780802040127430e-01 7.527147010080733613e-01 6.704944142581092947e-01 6.418107879141851102e-01 6.941017141526895085e-01 5.913812998070019367e-01 6.396125751187224928e-01 6.630012629406031310e-01 6.701063848596328087e-01 6.267930527988923028e-01 6.556772645002941768e-01 7.383319625441169265e-01 7.305082942134992763e-01 7.391245244423685357e-01 7.223236824072948314e-01 7.360450037199535167e-01 7.642935592265335254e-01 7.617171044037194250e-01 7.116796229449920963e-01 7.274560274430013074e-01 7.052218254251445551e-01 7.309394163876661299e-01 7.411036099139914901e-01 7.591556329792605862e-01 7.693727369275410455e-01 7.253102694100634906e-01 7.758818924668059447e-01 7.681953538628011335e-01 7.702931489334484683e-01 7.822528300377395993e-01 7.668235445610563916e-01 7.736519850695120493e-01 7.792308571195942779e-01 7.805436487324648454e-01 7.730758476100082488e-01 7.526623108923836680e-01 7.651212818177324237e-01 7.478877240805728022e-01 7.645520705538041417e-01 7.731964842378228342e-01 7.706152795098305530e-01 7.801476452783825399e-01 7.552957450998252220e-01 7.724053834261120910e-01 7.704714941262237327e-01 7.786665479462969719e-01 7.852314978977075199e-01 7.757391623822369464e-01 7.754353189397346080e-01 7.715268141674965774e-01 7.628865689192844135e-01 7.733029913205956563e-01 7.767587772838299154e-01 7.731947365682607654e-01 7.764080998205717954e-01 7.775722067211002786e-01 7.717396425067778454e-01 7.775379400374753391e-01 7.550382701574451794e-01 7.691354856422816244e-01 7.842841390350920872e-01 7.768748715783864167e-01 7.797204124448237073e-01 7.738044571502687985e-01 7.791712213973047696e-01 7.773889996587831641e-01 7.749321461404498068e-01 7.832971357051451422e-01 7.797467567930409515e-01 7.730066364861677419e-01 7.744637558306355363e-01 7.763867937170971789e-01 7.759652346132159817e-01 7.821649689341331202e-01 7.814145863898025457e-01 7.806303203269473467e-01 7.787711989007654045e-01 7.841571671020943768e-01 7.839999671473475429e-01 7.843485902037754531e-01 7.812172484277236650e-01 7.806615999464778799e-01 7.787522300073804749e-01 7.758072524043375662e-01 7.828836716492978409e-01 7.818074987737254622e-01 7.845010474386762134e-01 7.831812783403018230e-01 7.813011265987099829e-01 7.869222348960717150e-01 7.846736887983501996e-01 7.770074533903437164e-01 7.823974450838153682e-01 7.776829658673001244e-01 7.818353424376009997e-01 7.819320641121242366e-01 7.799980606933668570e-01 7.799378742855230806e-01 7.840340272261600019e-01 7.825496074094805410e-01 7.737911764422924499e-01 7.793974370281214759e-01
