1.000000000000000000e+00 6.802218203404142294e-02 5.602243966215935539e-02 5.307112951399505646e-02 -2.326145006062332182e-02 -1.920829760285692328e-02 2.474089187877422796e-02 3.897298394989878734e-02 8.473298435144796525e-02 1.862209820882715708e-02 6.276046911012313212e-02 2.527422907762257379e-02 3.928484586475017998e-02 2.842158343462129842e-03 -3.470152961206138774e-03 1.521703978851626088e-02 5.885079368762476809e-02 7.861313560836818981e-02 6.584048218286897569e-02 7.769540024004278900e-02 7.815435576026769082e-02 5.376509537489114476e-02 7.651071944100830413e-02 1.000891867612632574e-01 8.380358469517591724e-02 5.936544585662004853e-02 4.277556399224603095e-02 1.885248574862228785e-02 3.859394822163061956e-02 6.814578854026420718e-02 4.285582159773188016e-02 5.170857754323865407e-02 2.345710861750229664e-02 5.663011175066103714e-02 3.928741504191606698e-02 4.506081427508346060e-02 3.840150647139029677e-02 3.644301666660504369e-02 3.563975020532612892e-02 3.329540637091561554e-03 2.464471093923924216e-02 1.032263525246417471e-02 3.209074368053822096e-02 2.740785574256975055e-02 3.059391443632478516e-02 1.582072878295471760e-02 5.045445546894063854e-03 1.545536555959685365e-02 2.781518021879320068e-02 5.280784665335382794e-02 3.711775570932560053e-02 3.442158780101148979e-02 1.026471246442010529e-02 2.193153730199694576e-02 2.743549108389822799e-02 1.024904878823574422e-02 4.228765940185742062e-02 1.965237916852071581e-02 2.912315393633750638e-02 2.009796841702809686e-02 2.107349332384433199e-02 2.837575729340303943e-02 3.534944996933624128e-02 2.818600587890077863e-02 1.899832644566083056e-02 2.866264299410270153e-02 1.420515503309555290e-02 2.809459915601795338e-02 3.432877915140929853e-02 3.118155691404087340e-02 2.678593170686909344e-02 2.298028466833131403e-02 4.348329950672365218e-02 3.315077795562895724e-02 2.155726246489285403e-02 1.294490204685416236e-02 1.086627484482539929e-02 1.913778785194415744e-02 2.439194102822455149e-02 3.711872968144289825e-02 2.865587703150245316e-02 2.107616467737375918e-02 2.812702371298841583e-02 2.121873340104284481e-02 2.791683548973333470e-02 2.716732832694012181e-02 2.171554761610269835e-02 1.591100136783834065e-02 1.795962977548998946e-02 2.168008514389331565e-02 6.747208474252124749e-03 5.144276567298261028e-03 1.417133232181896733e-02 1.048673135047281310e-02 1.915217235836415592e-03 9.765899737791612287e-03 2.747103359121590496e-02 4.379019937840526039e-02 1.333252782763015738e-02 1.796111069523005296e-02 8.414372231101429483e-03 2.270980730478078594e-02 6.070536987841403803e-03 1.077109190961962268e-02 1.548566880353529664e-02 2.810504514680106994e-02 2.148685172998653775e-02 1.066234195587592234e-02 1.522002045091293970e-02 1.216435000721682869e-02 1.242452169556399096e-02 1.273468229461502399e-02 1.654458489762309151e-02 1.496328008507868089e-02 1.492392589156454029e-02 1.698909474826391930e-02
6.802218203404142294e-02 1.000000000000000000e+00 1.128979404139123371e-01 7.150897956585468285e-02 7.963111768169213456e-02 8.210027046811733953e-02 1.151727474593423339e-01 1.462375087025643561e-01 1.778741003548219846e-01 1.634764838392285813e-01 1.659698507120623279e-01 1.451619513262949746e-01 1.428782380140804220e-01 1.134608642138523055e-01 1.360169179719728783e-01 1.464768197007766393e-01 1.706422961124852422e-01 1.845450621772549982e-01 1.943797332280195744e-01 1.240722027223273988e-01 1.312991077837920850e-01 1.635267279041888455e-01 1.762475128669435676e-01 1.710973711134413655e-01 1.925780652819482353e-01 1.821669084712239373e-01 1.704899069145060786e-01 1.539345585233679869e-01 1.434382593961876229e-01 2.068929179524751638e-01 1.926086586613306451e-01 1.808540564247400895e-01 1.836295210030070846e-01 1.799887173940299956e-01 1.883546662209281686e-01 1.608848980504359871e-01 1.686085580136950923e-01 1.803002557380753712e-01 1.768885744961155582e-01 1.514130549753959498e-01 1.611312007143589908e-01 1.488772777520012136e-01 1.608732524334808289e-01 1.666956417907225763e-01 1.610752047922865970e-01 1.652783210210526654e-01 1.618338729838914580e-01 1.677966816563923880e-01 1.676290333248680875e-01 1.571069716615684786e-01 1.736716723404278517e-01 1.115952223535470744e-01 1.349515009923686615e-01 1.772383412472855191e-01 1.714257371621894788e-01 1.735187567202025327e-01 1.614080859349570907e-01 1.599234161090080097e-01 1.755224736178291889e-01 1.693021282586227583e-01 1.618265847997829299e-01 1.786155570540001458e-01 1.668032721858653533e-01 1.797062430921319565e-01 1.589896268985832029e-01 1.618875455801843666e-01 1.678256439703431357e-01 1.691090178848621561e-01 1.748905837893370840e-01 1.522336316508086373e-01 1.601822879093299790e-01 1.791941601313835342e-01 1.717093520236927517e-01 1.812749780464609772e-01 1.685318289000606318e-01 1.699131557582659047e-01 1.570120295122329757e-01 1.555874993711638121e-01 1.747425031609907142e-01 1.886651051850800342e-01 1.739250129419835089e-01 1.723264967763312450e-01 1.772205534263676663e-01 1.754509949305217698e-01 1.623594152659084688e-01 1.679934643502294656e-01 1.670593967557947868e-01 1.665947274211230233e-01 1.713034429467472641e-01 1.725036685706278772e-01 1.618099784574730804e-01 1.554815124361552947e-01 1.612700287004853461e-01 1.605839799606761931e-01 1.604876671945825450e-01 1.656562854608109037e-01 1.460198704476807496e-01 1.471480592810975874e-01 1.541768983066340026e-01 1.574635873435862310e-01 1.545551063567341954e-01 1.540520027601633146e-01 1.533532044387500015e-01 1.534549976202864707e-01 1.466618608386721923e-01 1.580038193393542290e-01 1.617733513311495896e-01 1.673877777464260752e-01 1.650496901035843345e-01 1.612201143985633467e-01 1.595759984008421062e-01 1.636050953097014371e-01 1.619833590448073735e-01 1.648530086062213185e-01 1.657627817639100443e-01 1.517979328383316506e-01
5.602243966215935539e-02 1.128979404139123371e-01 1.000000000000000000e+00 2.938117827246088942e-01 1.437289546652202044e-01 2.332021698008015786e-01 3.028463438132621421e-01 2.862796901725362941e-01 3.628337088113178788e-01 3.248816712016980857e-01 3.576071590235411213e-01 3.756572772878934985e-01 3.273606069994281498e-01 2.932140482311423324e-01 3.599111765311781008e-01 3.561528467499518458e-01 3.697525196370744505e-01 3.834282936760504690e-01 3.911550849456837953e-01 3.331797625820286379e-01 3.769579490982047920e-01 3.894958708121761815e-01 3.867810510225874743e-01 3.684196803615155669e-01 3.995228910197338723e-01 4.022762601627012380e-01 3.987619466511168054e-01 3.838405159468157857e-01 3.622374288212152904e-01 4.089194665642424953e-01 4.205292227350451717e-01 3.923799476252726737e-01 3.891324330961747346e-01 3.926685650227239033e-01 4.022657320449921636e-01 3.863824273458245084e-01 3.996402865357830958e-01 3.847852314997490253e-01 3.976658868229874244e-01 3.717974929999980915e-01 3.887337033621633409e-01 3.788372335849707340e-01 3.838942318592193925e-01 3.898096883644843746e-01 3.878975304309354999e-01 3.872918280391824952e-01 3.919182070959684183e-01 3.888441479722730132e-01 3.843837364858668226e-01 3.908678333184093523e-01 3.939479476403876523e-01 3.654865271008643779e-01 3.728224024005243886e-01 3.848404593890980552e-01 3.886669655705566884e-01 3.940796738917836661e-01 3.776819809039544396e-01 3.830139609848414173e-01 3.870715127536815681e-01 3.868230307639211607e-01 3.900761736636781940e-01 3.935817920966392380e-01 3.811863528510454069e-01 3.884490421745816491e-01 3.830852982368411763e-01 3.906921570711244240e-01 3.879867483245186821e-01 3.988470663445488618e-01 4.034134743936599876e-01 3.914379735178868391e-01 3.961005652799727828e-01 4.021810341531762423e-01 3.990306215397533274e-01 4.029537895354339261e-01 3.979761633746238259e-01 3.942604448555840913e-01 3.929024494478339236e-01 3.928460345358218975e-01 3.996322908901847604e-01 4.081170402605627801e-01 4.085517145052340315e-01 4.050611308845215586e-01 3.958813553243971661e-01 4.031700781934925981e-01 3.969589344818050813e-01 3.964116238273369119e-01 3.950133124655945682e-01 3.897292817515781160e-01 3.961333772399789344e-01 3.934436547766913539e-01 3.905730194519606568e-01 3.867213554410339760e-01 3.919744703442196165e-01 3.889546663110359237e-01 3.834991371557663897e-01 3.879265635891515629e-01 3.771987360095723218e-01 3.817919102962581412e-01 3.833386631199297567e-01 3.857799827475433818e-01 3.817355153049869498e-01 3.834093579947799868e-01 3.870674849941770912e-01 3.856772714361391685e-01 3.827721568132586016e-01 3.800973669788503262e-01 3.846845808831105828e-01 3.875095064194016281e-01 3.884349520198429606e-01 3.844119271217170675e-01 3.842146213157647816e-01 3.881728710241807434e-01 3.855354706196255643e-01 3.889825276014010624e-01 3.856748639176832971e-01 3.838471744035664712e-01
5.307112951399505646e-02 7.150897956585468285e-02 2.938117827246088942e-01 1.000000000000000000e+00 3.293621836862797858e-01 4.019389816964071827e-01 5.764599859216313904e-01 5.206230145370156492e-01 5.631738892328737034e-01 4.895370022754252370e-01 5.824150341324023650e-01 6.417846992319272692e-01 5.589464918946823735e-01 5.027080793692241256e-01 6.197922104662099141e-01 6.130667901637352202e-01 5.489133863330415419e-01 5.066520436173418407e-01 5.196783463752996379e-01 6.040018029541045497e-01 5.971855277433791853e-01 5.644003432373342344e-01 5.226981269372266148e-01 5.058098876303779301e-01 5.150139169516877446e-01 5.784396969105967123e-01 5.972138452333908276e-01 5.944499608174967920e-01 5.405192484953823540e-01 5.305346737552671943e-01 5.957663614301185184e-01 6.074384078258342479e-01 5.625349159489259065e-01 5.782434220640133571e-01 5.612025043852112427e-01 6.080183714471777412e-01 6.106414571866388696e-01 5.935612564749156439e-01 6.037267235409997657e-01 5.988383571386882709e-01 6.227531514613320329e-01 6.182124263444690460e-01 6.269206062666673462e-01 6.267816279658593448e-01 6.114616093069878966e-01 6.037883921022471068e-01 6.229063781321120263e-01 6.152307763452801170e-01 6.175839092128767582e-01 6.205629619493299165e-01 6.144939589902851385e-01 6.341543218101655111e-01 6.298456323625106767e-01 5.986571947250483028e-01 5.935440896191114257e-01 6.014132307415726020e-01 6.116174445366536760e-01 6.137035996559069284e-01 6.046065727911434928e-01 6.201180474808127840e-01 6.227147205587308942e-01 6.060138387251233771e-01 6.100360813680507643e-01 6.093499898012247895e-01 6.107950450314610924e-01 6.195892572107677410e-01 6.150021697821720368e-01 6.169289390540001472e-01 6.142874549899925984e-01 6.525802780264101655e-01 6.239323958930338421e-01 5.992570079196067878e-01 6.084161124831262146e-01 5.954357479110897744e-01 6.174937387731064264e-01 6.195119712808140333e-01 6.294460420293087610e-01 6.140409458258641040e-01 6.113151357281993992e-01 5.933425770385500897e-01 6.074335053126027617e-01 6.155691158208044245e-01 6.116320024856196635e-01 6.071771366325509067e-01 6.224233405970928112e-01 6.169424866227732895e-01 6.160032477760871705e-01 6.222377189413530463e-01 6.136422891281820835e-01 6.154382051025887312e-01 6.203356548925219593e-01 6.289235436575626448e-01 6.226689805097294084e-01 6.208032432603861617e-01 6.182240595701670172e-01 6.203400015424056502e-01 6.406421395309179756e-01 6.400823919285031360e-01 6.298030858897466500e-01 6.306493389230127811e-01 6.318276703756670054e-01 6.285233028055340343e-01 6.285725169784275312e-01 6.307762297878667379e-01 6.320562544284020756e-01 6.246404866484447371e-01 6.255474801713367672e-01 6.138303035338672498e-01 6.179591365281394966e-01 6.214513708338850195e-01 6.242085795523012459e-01 6.201864367762698338e-01 6.222814602237226600e-01 6.213042480706491011e-01 6.120599617954083360e-01 6.289202657998682611e-01
-2.326145006062332182e-02 7.963111768169213456e-02 1.437289546652202044e-01 3.293621836862797858e-01 1.000000000000000000e+00 2.821501688855076462e-01 4.817156951095223349e-01 4.681759444021921790e-01 4.276898888573125168e-01 3.975603592477031101e-01 4.434487790926663897e-01 4.890656720325383677e-01 4.723234681422525671e-01 4.086906687289879603e-01 5.133492559456381832e-01 5.001257291795532245e-01 4.346535870806502166e-01 3.801558623636401846e-01 4.067484812511287240e-01 4.297176609021746141e-01 4.062751051324108298e-01 4.146931770024468444e-01 3.886859031840890766e-01 3.559754028124307301e-01 3.632912769014993160e-01 4.477009262568489301e-01 4.447110786874480803e-01 4.644773007889256844e-01 3.628422447184300181e-01 4.064977411699590704e-01 4.608186591110729480e-01 4.818565068663998585e-01 4.512766266036390972e-01 4.537570482200980471e-01 4.552545740252044726e-01 4.563561131928332015e-01 4.695540658823537661e-01 4.775605448626459859e-01 4.804431037172796071e-01 4.866215597436069351e-01 4.910384243748013855e-01 5.021893117865434686e-01 4.938904971150092083e-01 4.983525380578489594e-01 4.835334031580393876e-01 4.857968184386880495e-01 4.967838609129808236e-01 5.005963736521162888e-01 4.936794102669407880e-01 4.693770256176563183e-01 4.872453710927421855e-01 4.765328118330577345e-01 4.974150810465254868e-01 4.840132627104329899e-01 4.731384227006540932e-01 4.853972896941979309e-01 4.677542960605086675e-01 4.934667628640322379e-01 4.816089538705700668e-01 4.929995978284347768e-01 4.952345937129474240e-01 4.783181334831632658e-01 4.748862924327675872e-01 4.826587852148767066e-01 4.782423026830900370e-01 4.787992434337189351e-01 5.006255112928593709e-01 4.872135725987893351e-01 4.858141088318037593e-01 4.966525015941636867e-01 4.827973289105555454e-01 4.802898197756305665e-01 4.741969651181077161e-01 4.674009800142940319e-01 4.932709315448887133e-01 4.931837108483109744e-01 4.862270025003833651e-01 4.658771473401534524e-01 4.753465707449914257e-01 4.722013861280386360e-01 4.819524160048773709e-01 4.894260253616574130e-01 4.913255517210719514e-01 4.853619050036897531e-01 4.964321672797905594e-01 4.915468540951862808e-01 4.923479910203232834e-01 4.996054931888292416e-01 4.953364990403700263e-01 4.912712229592883229e-01 4.994233726511606575e-01 5.034764191517764331e-01 4.987265783192279534e-01 5.032680258852509914e-01 5.042246104555131447e-01 5.006536059394950389e-01 5.030453810888733113e-01 4.904343505796154856e-01 5.019103100249550087e-01 5.068419565660023940e-01 5.054957985629640049e-01 4.992481065959158415e-01 4.984126075577272608e-01 5.061309841605494686e-01 5.018503671513677711e-01 4.896483817605882805e-01 4.994947399778270625e-01 4.985869340157518814e-01 4.975848484519904691e-01 5.007553924905489007e-01 5.009877353857906668e-01 4.982221487054179776e-01 4.992852280059111303e-01 5.003639341165820875e-01 4.962441431466352304e-01 4.974826154006697365e-01
-1.920829760285692328e-02 8.210027046811733953e-02 2.332021698008015786e-01 4.019389816964071827e-01 2.821501688855076462e-01 1.000000000000000000e+00 5.310011514323262904e-01 4.854362535721061245e-01 5.296987235657225623e-01 4.919247961149178505e-01 5.313078120991425735e-01 5.807709956273700014e-01 5.186429669658404462e-01 4.907458303730914406e-01 5.841464269267976350e-01 5.579259935030648210e-01 5.162903615539471414e-01 4.568938904709015092e-01 4.852495322809875500e-01 5.007779262320816160e-01 5.066293746006793608e-01 5.273516244676922371e-01 4.701669773363529869e-01 4.328675618810040038e-01 4.703917562972329547e-01 5.399605378032770187e-01 5.569102861054503473e-01 5.687116151906587147e-01 4.838415380170403290e-01 5.086358126522931844e-01 5.565472697200621877e-01 5.617495295006725842e-01 5.177365508134643690e-01 5.245271442354313418e-01 5.353498911848333375e-01 5.426904623206073586e-01 5.652901441503970226e-01 5.540564362301890755e-01 5.650791838759610108e-01 5.708731678207139559e-01 5.805760962251720336e-01 5.883976659891496652e-01 5.745803270574735278e-01 5.851970947323208438e-01 5.750581729229442551e-01 5.791697640737464292e-01 5.918138175460359030e-01 5.926620469385246448e-01 5.950021419646206455e-01 5.686230556558687921e-01 5.802697218204474483e-01 5.747827546374236762e-01 5.849124423896644442e-01 5.805570345619489592e-01 5.723624832046532163e-01 5.786022421319145792e-01 5.835969897879933477e-01 5.832948698853142044e-01 5.815035448508786287e-01 5.903902044131248417e-01 5.924648397961038704e-01 5.845373894239815904e-01 5.826383177870041452e-01 5.843571696381828495e-01 5.847146551261653835e-01 5.883580245936212982e-01 5.934758420676362611e-01 5.820800702666578674e-01 5.766240471411425705e-01 5.954139176763090235e-01 5.862977208268854712e-01 5.792263037135781945e-01 5.621041368797451421e-01 5.684875760537044798e-01 5.900889827295398016e-01 5.928655146928851760e-01 5.939218760240385642e-01 5.799274935303739831e-01 5.844504723722732109e-01 5.670691656485233878e-01 5.797832889887534202e-01 5.867348373170931941e-01 5.806885750397754453e-01 5.785665642145538801e-01 5.790101333510311310e-01 5.791724903723407536e-01 5.860929453541030565e-01 5.896249782130024153e-01 5.871700083283091232e-01 5.875502656787400246e-01 5.935013554125382340e-01 5.995049040636060145e-01 5.947793218020797079e-01 5.948234344484979452e-01 5.936616234808194115e-01 5.968877201755470319e-01 5.985774828224362798e-01 5.926815318944718136e-01 5.989618586722778026e-01 5.953698754658173220e-01 5.992422546393724181e-01 5.971716428650171160e-01 5.970288721228740325e-01 5.977459013469679228e-01 5.969118558351874659e-01 5.977819095432548302e-01 5.966015798783800284e-01 5.932408475018098315e-01 5.912885684856836743e-01 5.974730050524990066e-01 5.973763606373750923e-01 5.958959760490777358e-01 5.985065154674142907e-01 5.939556780515168333e-01 5.887644185473821512e-01 5.977477926308235601e-01
2.474089187877422796e-02 1.151727474593423339e-01 3.028463438132621421e-01 5.764599859216313904e-01 4.817156951095223349e-01 5.310011514323262904e-01 1.000000000000000000e+00 7.074827408407061702e-01 7.108231458612289666e-01 6.790886478168199902e-01 7.134007296704109047e-01 7.969290911706349290e-01 7.483306785856091992e-01 6.696339369925542462e-01 8.365259216628206929e-01 7.998184548078329792e-01 7.061406151497607864e-01 6.095183701995534609e-01 6.529505169727747305e-01 7.267316796898795062e-01 6.818477952091966943e-01 6.948213460578422929e-01 6.183157461632521334e-01 5.698685610270101121e-01 6.153124184272503738e-01 7.426045287394618111e-01 7.608728074803234875e-01 7.833998762348617362e-01 6.591068440221672375e-01 6.666303676415434865e-01 7.516594721087949127e-01 7.707616116249458305e-01 7.153311207084338541e-01 7.194336048815788143e-01 7.296587470848371337e-01 7.476660913023094324e-01 7.659346704784416593e-01 7.778603769716680993e-01 7.803119552912345380e-01 7.944059015889348707e-01 8.051387762427885120e-01 8.146544578102439260e-01 7.991685236688671479e-01 8.098852594800368676e-01 7.858889601333406416e-01 8.021456644237594524e-01 8.071792503436917565e-01 8.053940221568380853e-01 8.063450573137510569e-01 7.759804339742359947e-01 7.943521139076721305e-01 7.906072663962526725e-01 8.025645396113121333e-01 7.882115553141585407e-01 7.751573050255237129e-01 7.894066611217805951e-01 7.841072073748429627e-01 8.014805833879422581e-01 7.894070755640567594e-01 8.084132957975852518e-01 8.066139712504868386e-01 7.900292107592798985e-01 7.870981220124947386e-01 7.937795368090920789e-01 7.881871452097227726e-01 7.940314069467696578e-01 8.068700493495996051e-01 7.901098590571936642e-01 7.897093065402690515e-01 8.198629581562117963e-01 7.902326794525750264e-01 7.810334034954423688e-01 7.679137619041602747e-01 7.583699028536812214e-01 8.064091288421006976e-01 8.057353070938897410e-01 8.125836818773737313e-01 7.898961994597429870e-01 7.881772062746258412e-01 7.642445425628277000e-01 7.834581128352162693e-01 7.969881312703241960e-01 7.965025316375342612e-01 7.896288594031823926e-01 7.995292783999305986e-01 7.938839058572161322e-01 8.001583593952208417e-01 8.124291680632412804e-01 8.026935325848028047e-01 8.007620957207290946e-01 8.161290760444912529e-01 8.218134093813027619e-01 8.096110820304687206e-01 8.181005738680767747e-01 8.137827742685888044e-01 8.134450463974116641e-01 8.185039051781247688e-01 8.054106867911580148e-01 8.169598043754874306e-01 8.173112820171469783e-01 8.214644245772224629e-01 8.137762237238088669e-01 8.103171716983061934e-01 8.181815161971855987e-01 8.139331380623551215e-01 8.100686737566800133e-01 8.150340535255238272e-01 8.083614127141689476e-01 8.107801514484700434e-01 8.146709711103342633e-01 8.149097589704847877e-01 8.108624093914780229e-01 8.115937763640513891e-01 8.105451715907103782e-01 8.016246475708691532e-01 8.131983755286722459e-01
3.897298394989878734e-02 1.462375087025643561e-01 2.862796901725362941e-01 5.206230145370156492e-01 4.681759444021921790e-01 4.854362535721061245e-01 7.074827408407061702e-01 1.000000000000000000e+00 7.075894664453559191e-01 6.544285950248629469e-01 7.053319236186410546e-01 7.701514848921416911e-01 7.212188460140954716e-01 6.416463805901339024e-01 7.922308855475352907e-01 7.839915301723545671e-01 7.090371142929305925e-01 6.173194360039138129e-01 6.547319876674692063e-01 7.043474936232274608e-01 6.897156258634964399e-01 7.039926475644815440e-01 6.270563221172957835e-01 5.768061580246770514e-01 6.205561985446884643e-01 7.285060492556558742e-01 7.345103668834570554e-01 7.569206318686162449e-01 6.355162034858771181e-01 6.729219497998468746e-01 7.406028323751212561e-01 7.527817548338762155e-01 6.966370174642702029e-01 7.080101510015783806e-01 7.178926252510248185e-01 7.396076438820982091e-01 7.482478692079609361e-01 7.683148530684026367e-01 7.612604482516546200e-01 7.605625755574377811e-01 7.757414848992216783e-01 7.823603585367006064e-01 7.805538684174067043e-01 7.837385743839354602e-01 7.647700512822682706e-01 7.741283168216097632e-01 7.754982205334304268e-01 7.794941188913742103e-01 7.802902857801150560e-01 7.645064191149760768e-01 7.833392284146943885e-01 7.589583289725639892e-01 7.688219267942992818e-01 7.654941711860008269e-01 7.599550267334165277e-01 7.663211736452555378e-01 7.678394732419019375e-01 7.750112138263360873e-01 7.752150553348980955e-01 7.788061630849157924e-01 7.861912799450666567e-01 7.708280487976078010e-01 7.718078359163531577e-01 7.774467788653730560e-01 7.677574285590424985e-01 7.750849119105115426e-01 7.821392447649699875e-01 7.696107435138656028e-01 7.666825197166620143e-01 7.898173698055853675e-01 7.718412516562082049e-01 7.620639854169790617e-01 7.507315501921539846e-01 7.429265120067664041e-01 7.808135122322666932e-01 7.746343530883426087e-01 7.793673919247996462e-01 7.580983754646568595e-01 7.654260917952969701e-01 7.501989441043158680e-01 7.661971565517127214e-01 7.753079037693041409e-01 7.756279312345870647e-01 7.663623982202089069e-01 7.758255172088504015e-01 7.716420670028958373e-01 7.771220214152196881e-01 7.863477994644779701e-01 7.778465437282574557e-01 7.791431700238380387e-01 7.829268472427844960e-01 7.875300632688687630e-01 7.822265395958759582e-01 7.868306117967843738e-01 7.832517898812418888e-01 7.833780609069058709e-01 7.875870426347348907e-01 7.871392860970791716e-01 7.891679489659716440e-01 7.897060458132026950e-01 7.910680371748073370e-01 7.894380070156964413e-01 7.817902510944007011e-01 7.874451041506408400e-01 7.871951941575110467e-01 7.829701192978290036e-01 7.879652252155172620e-01 7.820693074411350088e-01 7.836329950130689337e-01 7.859042966356143411e-01 7.869375205793832651e-01 7.835410231841535289e-01 7.840717657535449803e-01 7.876762354397336408e-01 7.800377440996374423e-01 7.872008417828447735e-01
8.473298435144796525e-02 1.778741003548219846e-01 3.628337088113178788e-01 5.631738892328737034e-01 4.276898888573125168e-01 5.296987235657225623e-01 7.108231458612289666e-01 7.075894664453559191e-01 1.000000000000000000e+00 7.676924459478140506e-01 8.173613352011724897e-01 8.390737000472495710e-01 7.620602657828080551e-01 7.072760712649494019e-01 8.398765338044632545e-01 8.455522545019513725e-01 8.395820777717593053e-01 7.673659129153896918e-01 8.116671976121502263e-01 7.388224771426067372e-01 7.967907961578239995e-01 8.343603122562827101e-01 7.704410845142888320e-01 7.292034242434215496e-01 7.894667599166580452e-01 8.492783297942262388e-01 8.417455334081144214e-01 8.286741933055367104e-01 7.432472367223691423e-01 8.383488356589513524e-01 8.769575112434382369e-01 8.640305895778961354e-01 7.992908754672888305e-01 8.323574138869019867e-01 8.462139613749671829e-01 8.435900380584502312e-01 8.682529193933340439e-01 8.588426150322281405e-01 8.747119605410803578e-01 8.339619714135146911e-01 8.780134141852862228e-01 8.681545873111620182e-01 8.676077807894346794e-01 8.823194115671050275e-01 8.745098048258622692e-01 8.716473475499907364e-01 8.877094744123178449e-01 8.961068304541062179e-01 8.926042258453331657e-01 8.756601496819109709e-01 8.844348079695533160e-01 8.456808967632247764e-01 8.710163009074479712e-01 8.936806176466421947e-01 8.899731753710792281e-01 8.783620509533390797e-01 8.954072817165363851e-01 8.871947677787015429e-01 8.945672327765011866e-01 8.930432659813071217e-01 8.958066868667036164e-01 8.976406151493633301e-01 8.960878154140449192e-01 8.972799257205970047e-01 8.936509814920746697e-01 9.001754532195771485e-01 8.889910133601762743e-01 8.896631966019006299e-01 8.857220200074392702e-01 8.796791608633814930e-01 8.888478260874567161e-01 8.896144886794026263e-01 8.744207350887611696e-01 8.796990396185768724e-01 8.899079489371889418e-01 8.867694533200789486e-01 8.730141705196455826e-01 8.666092640844381689e-01 8.815140649362439573e-01 8.880413722771934859e-01 8.918551919268793426e-01 8.925132385461205242e-01 8.871019480100260646e-01 8.852454811195515916e-01 8.781425699058400536e-01 8.859635397224704390e-01 8.886768991461745371e-01 8.852651585147902624e-01 8.868939555349417692e-01 8.914158623473102949e-01 8.784378418929843502e-01 8.842446928337613921e-01 8.864589440115121510e-01 8.852436831951088214e-01 8.874217600079251644e-01 8.915408367990804717e-01 8.737299580825877987e-01 8.876770040731405409e-01 8.881729304838787975e-01 8.857491676933294533e-01 8.816273363335255242e-01 8.909652137606146605e-01 8.875792766069557915e-01 8.868127343991651923e-01 8.863087202393610253e-01 8.924897968670852944e-01 8.923122367495086582e-01 8.914036266187660429e-01 8.911175894422318500e-01 8.907853805112070367e-01 8.892386203607786088e-01 8.931601078053280629e-01 8.939106860095168416e-01 8.934326838122255143e-01 8.921511885815784915e-01 8.931387276005211540e-01
1.862209820882715708e-02 1.634764838392285813e-01 3.248816712016980857e-01 4.895370022754252370e-01 3.975603592477031101e-01 4.919247961149178505e-01 6.790886478168199902e-01 6.544285950248629469e-01 7.676924459478140506e-01 1.000000000000000000e+00 7.484585063968002272e-01 7.749439727695981439e-01 7.274806968644902394e-01 6.634048325742492036e-01 7.969681363612126646e-01 7.921894008274417143e-01 7.538085339801726681e-01 7.017596566180946960e-01 7.480210397997856253e-01 6.552439044535102175e-01 7.138588994701332568e-01 7.613197377118910980e-01 7.054168948841094133e-01 6.550832376094443132e-01 7.194992429334577944e-01 7.919166094770995201e-01 7.784948885350343462e-01 7.705872139620405514e-01 6.732911944054410514e-01 7.710539024152297527e-01 8.093743346626149915e-01 8.082158092879735412e-01 7.533574410466673532e-01 7.719223643213384278e-01 7.897551760958594347e-01 7.719974805858023092e-01 8.001427366892244208e-01 7.997544221229300199e-01 8.125471085284591277e-01 7.847131038633781142e-01 8.205488953615448500e-01 8.142171329719773976e-01 8.006247421773756701e-01 8.209419118523800796e-01 8.115499350908168541e-01 8.194280512891887192e-01 8.298373017318203537e-01 8.384004618879078441e-01 8.279166919551942394e-01 7.920800610262467290e-01 8.167938901054965228e-01 7.648384993876593541e-01 8.027145707033117583e-01 8.365155887510712374e-01 8.320898856517926490e-01 8.267240161366097295e-01 8.158317135697318312e-01 8.273853835317449557e-01 8.273792828045394288e-01 8.308582432765063697e-01 8.308279136370743112e-01 8.318883141634102474e-01 8.258160257565582141e-01 8.308941579645239273e-01 8.236513976735648779e-01 8.262503116831253491e-01 8.352463583462915730e-01 8.273584582028310486e-01 8.253758784118060410e-01 8.088104898368292384e-01 8.226315095714716863e-01 8.323301803514857600e-01 8.081667502786650248e-01 8.173208171922023979e-01 8.313207362811350087e-01 8.287377814125027609e-01 8.152179461715616249e-01 8.027793369552499447e-01 8.186692670271439320e-01 8.264365122241056349e-01 8.292117001829744094e-01 8.339566953644735881e-01 8.279653852792691060e-01 8.294709202181532737e-01 8.217134673670642986e-01 8.265666536603345493e-01 8.310331936357618909e-01 8.296267903480943895e-01 8.307893113568401988e-01 8.306375568478620020e-01 8.253179696384592701e-01 8.278967252578072200e-01 8.276356246129339400e-01 8.313512327984489136e-01 8.339450030076615006e-01 8.360815789288245092e-01 8.051434329814946000e-01 8.113172113610328529e-01 8.289883385611336308e-01 8.258864964837165923e-01 8.229568349743382472e-01 8.254746687148423190e-01 8.255887440480894623e-01 8.287922563866404468e-01 8.237769020660246078e-01 8.248594380160536588e-01 8.304958019025062699e-01 8.374725741618082031e-01 8.328845569438421137e-01 8.335845166262080275e-01 8.302737081196872593e-01 8.358294608827327998e-01 8.334289109474976032e-01 8.338062347738862679e-01 8.343468887486633623e-01 8.290355225811922857e-01
6.276046911012313212e-02 1.659698507120623279e-01 3.576071590235411213e-01 5.824150341324023650e-01 4.434487790926663897e-01 5.313078120991425735e-01 7.134007296704109047e-01 7.053319236186410546e-01 8.173613352011724897e-01 7.484585063968002272e-01 1.000000000000000000e+00 8.537395687743939421e-01 7.645486754853041411e-01 6.941569632385571342e-01 8.469319667717737365e-01 8.479855363607072816e-01 8.170109654365927954e-01 8.051805387309854956e-01 8.370341422700615652e-01 7.317096920200165666e-01 8.185997068317197867e-01 8.575821798046691091e-01 8.169974851197360222e-01 7.810849841191950249e-01 8.314457293869214061e-01 8.726400315416410480e-01 8.701222205595283699e-01 8.609757139679218296e-01 7.837274387092684202e-01 8.690059650787803625e-01 9.030042304322319913e-01 8.812030290166026347e-01 8.455836378247050256e-01 8.674483288772533163e-01 8.794459160116360197e-01 8.712407643164374882e-01 8.904745351420569888e-01 8.797034635619270793e-01 8.921852363354650928e-01 8.545757677298706501e-01 8.855790715940011770e-01 8.820294681063800546e-01 8.849928394552568633e-01 8.960535201286463636e-01 8.878006282315755726e-01 8.929655904504727459e-01 8.865548365839055478e-01 8.903855305422142541e-01 8.858665260465439228e-01 8.762431255232927541e-01 8.959440800157133511e-01 8.523793628688798307e-01 8.669499772066765475e-01 8.853266171764263559e-01 8.840612620673653499e-01 8.939453553940545083e-01 8.763495460595529529e-01 8.870413783750050740e-01 8.872002974523464092e-01 8.875514710839370602e-01 8.933716931315447418e-01 8.911348289634396513e-01 8.872683436049509931e-01 8.925560043448771408e-01 8.912046650291773897e-01 8.928350507687468074e-01 8.917908327232459964e-01 9.021936023260734849e-01 9.031037780123293279e-01 8.837883880150427807e-01 9.005139188471448231e-01 9.015181831798740886e-01 8.987325601137163833e-01 8.996089364490436058e-01 9.019152890097280606e-01 8.943470128768238325e-01 8.893664917089294519e-01 8.867084905516636750e-01 9.005842633475211745e-01 9.029218744647855566e-01 9.028683539414054104e-01 9.024011956810926716e-01 9.031857904087032818e-01 9.036136774730156862e-01 8.985815663471635739e-01 9.023324291321085378e-01 9.017601979353312425e-01 8.990718117320203318e-01 9.015653637922588226e-01 8.981716208059377093e-01 8.971720686278663592e-01 8.919139915973235411e-01 8.945740860734331390e-01 8.947156090640876469e-01 8.883184447007328455e-01 8.918472709916788199e-01 8.796887327786099275e-01 8.844561334557168308e-01 8.872156309847151201e-01 8.930182657127809787e-01 8.891973812841088565e-01 8.920085685552444632e-01 8.854678080038344001e-01 8.921808868164852191e-01 8.911704146839641849e-01 8.862704076586732649e-01 8.886484830262399992e-01 8.928909764297295881e-01 8.952864115288481361e-01 8.885957024728217135e-01 8.902083605190422855e-01 8.901525449773630694e-01 8.897679756331747791e-01 8.958573533554960999e-01 8.934676357752859843e-01 8.882666964832723888e-01
2.527422907762257379e-02 1.451619513262949746e-01 3.756572772878934985e-01 6.417846992319272692e-01 4.890656720325383677e-01 5.807709956273700014e-01 7.969290911706349290e-01 7.701514848921416911e-01 8.390737000472495710e-01 7.749439727695981439e-01 8.537395687743939421e-01 1.000000000000000000e+00 8.305685233394379807e-01 7.458128341419885121e-01 9.126611281297482003e-01 9.036213845788590993e-01 8.376062580699905613e-01 7.643004923690650543e-01 8.114532948682771085e-01 8.020309857228642425e-01 8.235511457288550163e-01 8.464138995652370490e-01 7.835152542275956034e-01 7.342488299698273213e-01 7.839699453057427103e-01 8.749795653573555487e-01 8.813551824457601658e-01 8.843655903668675711e-01 7.773788734484443630e-01 8.383743512298068579e-01 9.011235290179001600e-01 9.040356754064876599e-01 8.464422142661384152e-01 8.652073407922251658e-01 8.783804897517872856e-01 8.893351127263304789e-01 9.080054513360990009e-01 9.011438421457724779e-01 9.162698873150130208e-01 8.984868887921009240e-01 9.299395136270489637e-01 9.271909965842420887e-01 9.205257755180917822e-01 9.346893137291819587e-01 9.176924102025616481e-01 9.218988912027582527e-01 9.390033055134109352e-01 9.352009841758331943e-01 9.325715348415531958e-01 9.104749358281042371e-01 9.277341576955649982e-01 9.056513686974907440e-01 9.244391024044844585e-01 9.253379805160921734e-01 9.158524647596261170e-01 9.202808555417870684e-01 9.198603571154272407e-01 9.315178345062633536e-01 9.267198743221980450e-01 9.366797750459728844e-01 9.383764915048522504e-01 9.295325716975043617e-01 9.280278799292410730e-01 9.307716104106709132e-01 9.283557932626191889e-01 9.334074608431844888e-01 9.372706346344730211e-01 9.307479009834003225e-01 9.276138741439149404e-01 9.424431132847641557e-01 9.322106452932366061e-01 9.264057073433564771e-01 9.144060775740016078e-01 9.117873992962105545e-01 9.360226905771543704e-01 9.357759326890967566e-01 9.321859387873903113e-01 9.168734450393675184e-01 9.240193165235179862e-01 9.166468023702242229e-01 9.269059849067120549e-01 9.358159913390916573e-01 9.311952136128405222e-01 9.271441553792514334e-01 9.299601186581024637e-01 9.313364065097983202e-01 9.352914690588817193e-01 9.376622803195381328e-01 9.357462310035458142e-01 9.319516506762065555e-01 9.359509535303937033e-01 9.421136787906990717e-01 9.394094511460470143e-01 9.397199813543684055e-01 9.405802501312409136e-01 9.415062544298273828e-01 9.327975571730251492e-01 9.337949744705216215e-01 9.409642125898424192e-01 9.405260504337503713e-01 9.402106056617134389e-01 9.404181399481114090e-01 9.396023642259242470e-01 9.424867467263456922e-01 9.397194889434350440e-01 9.346240752474865854e-01 9.405027567408329459e-01 9.384789260838714009e-01 9.378779063789345338e-01 9.405480574038117547e-01 9.411730724419949956e-01 9.405188541369626787e-01 9.401841446610731401e-01 9.407119747550962696e-01 9.366037503030263389e-01 9.406704086383314012e-01
3.928484586475017998e-02 1.428782380140804220e-01 3.273606069994281498e-01 5.589464918946823735e-01 4.723234681422525671e-01 5.186429669658404462e-01 7.483306785856091992e-01 7.212188460140954716e-01 7.620602657828080551e-01 7.274806968644902394e-01 7.645486754853041411e-01 8.305685233394379807e-01 1.000000000000000000e+00 6.941434795319673112e-01 8.453372984680759261e-01 8.378195761073076175e-01 7.623055223455234009e-01 6.950154592973804002e-01 7.394093160408201637e-01 7.265502570147831518e-01 7.415155578573717765e-01 7.709555161311023586e-01 7.070265930456243186e-01 6.591806610667115818e-01 7.094961705773555893e-01 8.045550437862289961e-01 8.009322528484299486e-01 7.988211827206163074e-01 6.886603264835924332e-01 7.600587485179661762e-01 8.219510621788631566e-01 8.282462104743566478e-01 7.716003002707565450e-01 7.854239744127813339e-01 8.045062265394566925e-01 7.933969679705180633e-01 8.260420823459193596e-01 8.248611323104021453e-01 8.379275535132806318e-01 8.154612479137937076e-01 8.499559451573481805e-01 8.495318055796156065e-01 8.357923151977120213e-01 8.589155529909914266e-01 8.402113447761470066e-01 8.407181760510755719e-01 8.591747260304054556e-01 8.588519088923722844e-01 8.575167625833245433e-01 8.290982528378952887e-01 8.454030745009398773e-01 8.278328762721919309e-01 8.444443395285762266e-01 8.485178546001250766e-01 8.418216086276116839e-01 8.444796430076558780e-01 8.414523653279007975e-01 8.545671217151088461e-01 8.487041801470130986e-01 8.574390317177682519e-01 8.603593809383339730e-01 8.500286384065474099e-01 8.487850634311784326e-01 8.503718554741686031e-01 8.465709301748149951e-01 8.497913059311059669e-01 8.602536710454757873e-01 8.506978917479426361e-01 8.484168941823319043e-01 8.573786304946189318e-01 8.486691262569653338e-01 8.462234279126303882e-01 8.322110279706527169e-01 8.298685678184176684e-01 8.576700205894782769e-01 8.546350930800058476e-01 8.477362555606609007e-01 8.299636160727558165e-01 8.445787055488910289e-01 8.389364336902243036e-01 8.480574145045594037e-01 8.564854226192892828e-01 8.508824150481160142e-01 8.491471668960357544e-01 8.526455210967126552e-01 8.520240141320575278e-01 8.531099836637926481e-01 8.583378836998569739e-01 8.566881384464432037e-01 8.537842711134024931e-01 8.554850865796828074e-01 8.624048055389519352e-01 8.587008988740794102e-01 8.620222332458076231e-01 8.633868577299331770e-01 8.628709112597087172e-01 8.537015342182436850e-01 8.539699294802081120e-01 8.639499875544334184e-01 8.625967251732432617e-01 8.623250574805556568e-01 8.625430648312123472e-01 8.597131792504387748e-01 8.640614184895563099e-01 8.604738731420321640e-01 8.557180770125800695e-01 8.635151518291506179e-01 8.604549831472565469e-01 8.594856821575198591e-01 8.635180719492722146e-01 8.625780317926275975e-01 8.629047353392400588e-01 8.619515018032064546e-01 8.623011695486578754e-01 8.589204496705742375e-01 8.616897723203779114e-01
