1.000000000000000000e+00 7.447070610196578067e-02 1.393969964466244271e-01 3.503961762978789057e-02 3.224610981797491546e-03 2.576365516368793809e-02 -2.204700060441681930e-02 3.654131812731866574e-02 1.271063774553501113e-01 2.996805916439037112e-02 5.893738346887806429e-02 2.930825252980448839e-02 4.642085180493982915e-02 -1.544323916804087211e-02 -1.091232445053420298e-02 5.352315369213572760e-03 1.093617760427414709e-01 2.045253135819530277e-01 1.479585347186612998e-01 6.817427100922567040e-02 1.521083487403062096e-01 1.772944920372686028e-01 1.367610114993992321e-01 1.574849173856863183e-01 1.572955233995727842e-01 1.222799374209546930e-01 9.656035851598999964e-02 7.181006381500326663e-02 1.533367396158761831e-01 1.255748159534496589e-01 9.760965184687203644e-02 9.585037400571554123e-02 4.852970910686164180e-02 7.571184431171799900e-02 7.524081587158105988e-02 7.726193880853206297e-02 7.734985650635597954e-02 3.071865975407651189e-02 5.662986543181550148e-02 1.089694214038001811e-02 3.927799530024981417e-02 7.360484908638520798e-03 4.574013085769371156e-02 3.832036753606871821e-02 6.484819482196241269e-02 3.987267978507229998e-02 1.733112191721847967e-02 2.335706085508285415e-02 3.726179638755391238e-02 4.000407882226275635e-02 2.323606969579808737e-02 4.737225492345306654e-02 2.631382069637410587e-02 3.803414851781170697e-02 5.396414987196550272e-02 4.601546688285876319e-02 6.539015733257973195e-02 1.905725280093383857e-03 2.266178652495930493e-02 3.045476349639687427e-02 2.120818619411449571e-02 1.672199217223350326e-02 3.480801914946830139e-02 4.887128937634812459e-02 7.575312023324275168e-02 5.105039615074929288e-02 2.600097916405181425e-02 5.745227265272661449e-02 5.599680455854112032e-02 3.983501283305869445e-02 6.582041503589786124e-02 6.568848511438593607e-02 5.846189094627912003e-02 5.743796269656475939e-02 4.121816794341291723e-02 4.728926796506162378e-02 4.508353925695968850e-02 7.879106539226914119e-02 5.319545744418577998e-02 6.506736516455771668e-02 5.367694286913375634e-02 3.609632799677747056e-02 4.488784762945968038e-02 4.764621667325273646e-02 3.190765725192087898e-02 3.346626556282787657e-02 3.705984551157381901e-02 8.549392992734994312e-03 2.107309871539775337e-02 3.861427859439686000e-02 2.511198574405953954e-02 1.159455467489302685e-02 2.547191134242006438e-02 1.717480488015829185e-02 6.618466821849454743e-03 1.329967749573258279e-02 1.261485222688477591e-02 3.576332180693759383e-02 5.154491410191291284e-03 1.016029651196869582e-02 1.306718006418264820e-02 7.908112226842546610e-03 2.283534379189188640e-02 7.473622932522518483e-03 2.738108020293607281e-02 3.286501392404853755e-02 1.724442784117733579e-02 2.652859521751448416e-02 2.812676788996245139e-02 1.222500139542062429e-02 6.920439169189439819e-03 1.186756062137379018e-02 8.705395389726366950e-03 2.044855329113994674e-02 4.353034008396500926e-02 2.524571725898444585e-02
7.447070610196578067e-02 1.000000000000000000e+00 3.816961016775761301e-02 -6.322587633906761456e-03 4.735033954347853125e-02 6.610362043453295311e-02 9.973622561720052460e-02 7.168010788982194514e-02 1.216510691529461424e-01 1.988645059782887248e-01 1.183759319835636786e-01 1.098587569759686966e-01 1.149429067247522557e-01 1.241848762457775646e-01 1.344929643171979827e-01 1.380840583158906842e-01 1.287960217931969076e-01 6.134728374446891258e-02 7.074313285487089653e-02 5.496776316837659326e-02 -5.019954786335591342e-03 4.618967199642436822e-02 1.126002922227621467e-01 7.634903973325876669e-02 6.223867905406348100e-02 1.199971830305920084e-01 1.091325058477320559e-01 1.518076633924861640e-01 1.365562101513831950e-01 1.348877562957470633e-01 1.537329144953932247e-01 1.414677283043043188e-01 1.412486792199119379e-01 1.236767545892703407e-01 1.431955434418868689e-01 1.009867371571821493e-01 1.377040906289391797e-01 1.610140044738909426e-01 1.458477988228624733e-01 1.293574855751234154e-01 1.403397432392875510e-01 1.525290806965432788e-01 1.194768386929285220e-01 1.421689947101558715e-01 1.211363031076613528e-01 1.517641084265267115e-01 1.550406561577465370e-01 1.644635107527995799e-01 1.547186005837141998e-01 1.135192562988518866e-01 1.403814588482293624e-01 1.027596285727050418e-01 1.219115785834267579e-01 1.693580882177947722e-01 1.614757421885818778e-01 1.510376295533147339e-01 1.582231107999131636e-01 1.601334499432872649e-01 1.577923553710345872e-01 1.565137612082977137e-01 1.441731218041765183e-01 1.631260484286314871e-01 1.555512523367696687e-01 1.572383625345222247e-01 1.385403526078858027e-01 1.515967635441707873e-01 1.556941017823406381e-01 1.367685923166465645e-01 1.475873928179068650e-01 1.241866080905719566e-01 1.165164178278190465e-01 1.392301902821070081e-01 1.246512655800865454e-01 1.228929009275773754e-01 1.407468475641377448e-01 1.496610078556188383e-01 1.538422272587932627e-01 1.525055883722906680e-01 1.535846609228039561e-01 1.656065272992213455e-01 1.571503847339405235e-01 1.579472598381304604e-01 1.465450326980611284e-01 1.574174442876205005e-01 1.434562278043370331e-01 1.410731746020753019e-01 1.454980882424266042e-01 1.579468286658556875e-01 1.517057607264096220e-01 1.439766084062989171e-01 1.357315711139538417e-01 1.519900826687594630e-01 1.405353943329944177e-01 1.480536383953962309e-01 1.489563323050820121e-01 1.594164024766254184e-01 1.371653196485501658e-01 1.387631840779700032e-01 1.438387716024274732e-01 1.470218078208273549e-01 1.381482239210915786e-01 1.457254399073572571e-01 1.422857512268697888e-01 1.455951696453638700e-01 1.388644512036588397e-01 1.570761381924938582e-01 1.599502521181804526e-01 1.567528454554511230e-01 1.486192625346000606e-01 1.514421687050553356e-01 1.525931703134868755e-01 1.561860332989890021e-01 1.588799040518477090e-01 1.530106186229650278e-01 1.502310831728088103e-01 1.559249720756120672e-01
1.393969964466244271e-01 3.816961016775761301e-02 1.000000000000000000e+00 3.028468297188499081e-01 1.960708483867519281e-01 2.365754749061736439e-01 3.270989158212555536e-01 3.414888233564606912e-01 3.955772745093935061e-01 2.959881971677151835e-01 3.757939073766575211e-01 3.914285489406353902e-01 3.539306925310680696e-01 3.236333004294156268e-01 3.699095834062429144e-01 3.647165078108084990e-01 3.969873905132195735e-01 4.206021817923918382e-01 4.246616671654867559e-01 3.407134047899229023e-01 4.188989701388801667e-01 4.407436924227354780e-01 4.073994622064824878e-01 4.240123233953601578e-01 4.298492266550295593e-01 4.198869707591563749e-01 4.171175254470154692e-01 3.970802207771007009e-01 4.138695791167857352e-01 4.117293587709661695e-01 4.085724196485320259e-01 4.190022725972250561e-01 3.816211503044352193e-01 4.190791755158959631e-01 3.897322117109841000e-01 4.171241458775767907e-01 4.008603890601938891e-01 3.880072230286593649e-01 4.052450863640027490e-01 3.880162960341105305e-01 3.952616133369153961e-01 3.803982526374978246e-01 3.989357844079399751e-01 3.987515189536008919e-01 4.127487790248637323e-01 3.900504899878984855e-01 3.827358313566356363e-01 3.827343976453851382e-01 4.005645010767234226e-01 4.121103427688632692e-01 3.890859229615460380e-01 4.100461485666205275e-01 3.949236265052841754e-01 3.786998227713498921e-01 3.904748797557140438e-01 4.031523477584155746e-01 4.036767839848584005e-01 3.710373369651269182e-01 3.817730122305005858e-01 3.870854342898861766e-01 3.897839666587800123e-01 3.764808437811210107e-01 3.909868059090471082e-01 4.019422933349934834e-01 4.112567613849066328e-01 4.001015029376654430e-01 3.874398752420794012e-01 4.139881762793545250e-01 4.070627880126699849e-01 4.093658718306535382e-01 4.213903325206039829e-01 4.120030536593697890e-01 4.199302582071912648e-01 4.145654942262176901e-01 4.024144104419830059e-01 3.992894691908139837e-01 3.919597634615011317e-01 4.052408395590234580e-01 3.996608629336084739e-01 4.002315718601411332e-01 3.936415635716898898e-01 3.897430917818603402e-01 4.037276294968304979e-01 3.975986951509088430e-01 4.021542820206444602e-01 4.028246375197709339e-01 3.989764836511102142e-01 3.893400216719603568e-01 3.923696719222701246e-01 4.024244421065943378e-01 3.948180026458140146e-01 3.863822183425842383e-01 3.933933579371010625e-01 3.861591910812848805e-01 3.832972970676071234e-01 3.800637862852656035e-01 3.946910286900460751e-01 4.012767684351150055e-01 3.852516797155572936e-01 3.864399332893577732e-01 3.910272257542071195e-01 3.879440658860934255e-01 3.903566641665201509e-01 3.827473300155295743e-01 4.023264841040644080e-01 3.914827445868212519e-01 3.859762636229236987e-01 3.861611006122283585e-01 3.936023530594523478e-01 3.827902649572714200e-01 3.808969126039404296e-01 3.821659924777447426e-01 3.789774049036745418e-01 3.886889696739932454e-01 3.994340537830408655e-01 3.876005421441357512e-01
3.503961762978789057e-02 -6.322587633906761456e-03 3.028468297188499081e-01 1.000000000000000000e+00 3.389252625692462662e-01 3.937644597847512196e-01 5.216159320822656431e-01 5.486977153384945405e-01 4.867279384861117331e-01 3.885798479350302537e-01 5.506188040056954058e-01 6.256271169552920508e-01 5.335951681169046612e-01 4.848180430575274591e-01 5.587926987926147282e-01 5.579513681591087293e-01 4.811956490521400731e-01 4.364196765216851737e-01 4.884277252685965687e-01 5.867867156466900491e-01 5.776613742651326433e-01 5.162235604670780686e-01 4.323631387400463377e-01 4.576420090643301686e-01 5.054706880893757859e-01 5.500181226059750461e-01 5.283297971929157288e-01 4.854710836023404252e-01 4.449243829528470306e-01 4.551632354008713355e-01 4.972024664137287830e-01 4.746750284296792910e-01 4.538612506005105240e-01 5.112337307074887871e-01 4.443193021404130416e-01 5.676371198686628317e-01 5.232723607918738917e-01 5.061603998952449723e-01 5.199655004516090528e-01 5.689360220179530137e-01 5.579755471348263329e-01 5.400543149075960336e-01 5.814484852909583834e-01 5.611139008622472168e-01 5.745253904106353282e-01 5.122849684804434700e-01 5.463286797393011041e-01 5.285798179649275896e-01 5.405098289730928540e-01 5.866117958232781593e-01 5.573908630735082692e-01 6.083412962853222972e-01 5.861847010939289504e-01 5.115520343319985841e-01 5.096533923858496129e-01 5.252154707903992081e-01 5.347331837958699818e-01 5.512016720629060451e-01 5.356426221370271801e-01 5.526822372949042883e-01 5.542901457756170824e-01 5.268079038896185118e-01 5.392023656639569618e-01 5.428457271660142025e-01 5.463512183137424483e-01 5.511672637436131339e-01 5.403520005277517857e-01 5.478126199113746431e-01 5.295446950018377619e-01 6.044205421338806339e-01 5.770749176066986008e-01 5.415418312073019269e-01 5.529650009420536971e-01 5.672196915540064222e-01 5.697468486802629295e-01 5.418427739479777516e-01 5.335919778629294452e-01 5.201895167548625798e-01 5.305113164908106249e-01 4.964726117833990204e-01 5.089190406993614468e-01 5.298536114060006241e-01 5.583521433378091370e-01 5.020580828064094003e-01 5.470126420527093858e-01 5.501678429026876094e-01 5.487907461497735229e-01 5.474310980023694428e-01 5.424310037295863030e-01 5.595377435270871835e-01 5.767105693847661696e-01 5.538560211919479892e-01 5.671353958844210785e-01 5.510876173487907481e-01 5.551929016081400547e-01 5.398550400572557084e-01 5.842771115490399403e-01 5.784566098364926079e-01 5.675873743113426517e-01 5.647691073439881082e-01 5.796788549715654604e-01 5.766045243903501483e-01 5.733790875637885254e-01 5.604040894774894310e-01 5.777554163086505712e-01 5.495728292594256326e-01 5.452301793080409631e-01 5.331383309828540140e-01 5.570455303795288637e-01 5.611368924653536983e-01 5.582898657726110825e-01 5.472082789262714408e-01 5.469159302206755280e-01 5.523228565243916144e-01 5.477085226694247133e-01 5.490156135904268320e-01
3.224610981797491546e-03 4.735033954347853125e-02 1.960708483867519281e-01 3.389252625692462662e-01 1.000000000000000000e+00 3.420943256799962584e-01 4.814596103274075833e-01 4.560962173444741974e-01 4.087103812628524735e-01 3.732203970853482655e-01 4.314505516733851409e-01 4.631692759454013042e-01 4.784264055256454706e-01 4.174987171895581661e-01 4.924961195419293447e-01 4.842172508923898722e-01 3.966055365640460129e-01 3.126993713593075319e-01 3.806651460144625521e-01 3.249934181107578257e-01 3.582476801753634588e-01 3.693035584709502550e-01 3.544002810113434654e-01 3.647252340972742535e-01 3.746147828036384686e-01 4.420096696476572551e-01 4.288972726368264765e-01 4.236862300595840014e-01 3.624041018693786587e-01 3.925107812148572739e-01 4.228386343551330251e-01 4.219286334238536162e-01 4.027456059904698793e-01 4.335070680055079784e-01 4.129935458233175427e-01 4.456229249135115755e-01 4.325032060558948732e-01 4.425833694216206871e-01 4.466227042279722337e-01 4.606278979187744538e-01 4.755611157373514919e-01 4.705600320224115896e-01 4.763362532639706659e-01 4.758778798891090678e-01 4.676060133607200520e-01 4.489553245012784521e-01 4.756889166388716395e-01 4.636044298270669550e-01 4.631601014586210208e-01 4.739670764583054363e-01 4.757007919646142891e-01 4.742457199134470502e-01 4.823090976428990873e-01 4.572510351948688156e-01 4.531774681065485755e-01 4.530930645987475414e-01 4.499178423406161587e-01 4.707357386228643858e-01 4.620558115419638456e-01 4.753682529958158653e-01 4.788826886271883021e-01 4.626337148887199047e-01 4.648357996572579642e-01 4.696229316287523492e-01 4.594099677658877168e-01 4.677719415165746408e-01 4.707340632417751913e-01 4.627655362286184348e-01 4.624912270229012412e-01 4.676290731196056094e-01 4.610194418403979477e-01 4.578302867945345800e-01 4.626035998762393908e-01 4.665376022096858755e-01 4.797299501703469193e-01 4.614184515383085716e-01 4.613949895642264765e-01 4.416798344923924535e-01 4.536142338415604658e-01 4.397252140319915514e-01 4.509798615384194020e-01 4.620019846792433604e-01 4.694337665351854261e-01 4.490769964583503637e-01 4.722732885205906950e-01 4.712385819374408369e-01 4.697285843085445278e-01 4.757283904264856811e-01 4.657876050177104377e-01 4.713907484329676878e-01 4.804676855245990641e-01 4.804698812145196674e-01 4.767081068425522705e-01 4.747819944164151096e-01 4.764989998071600397e-01 4.729725066958617163e-01 4.886353846516208188e-01 4.804797964497219964e-01 4.808464758273690576e-01 4.853020624065973454e-01 4.885478541309732914e-01 4.844162153161206685e-01 4.813566038074552633e-01 4.866294301950967460e-01 4.781699619467605356e-01 4.715075799160523551e-01 4.746242080003142960e-01 4.693533824381033726e-01 4.791438242958212523e-01 4.822390702851809263e-01 4.817596707057132388e-01 4.758774107641490780e-01 4.770273235012515434e-01 4.735451722831390264e-01 4.646368905760420720e-01 4.729704112496031509e-01
2.576365516368793809e-02 6.610362043453295311e-02 2.365754749061736439e-01 3.937644597847512196e-01 3.420943256799962584e-01 1.000000000000000000e+00 5.258888588591311697e-01 5.063126064676022331e-01 5.440276113902530186e-01 4.746609928726700511e-01 5.614382083937993206e-01 5.882551639366617735e-01 5.485566492625385537e-01 5.330587860740305661e-01 5.823587709333931661e-01 5.767859349241785116e-01 5.281896597931036164e-01 4.639842920999882603e-01 5.157373151140063339e-01 4.330367346334568213e-01 4.782585805777066490e-01 5.242300338612528865e-01 5.041578732177559585e-01 5.082711294406297986e-01 5.277482953601400073e-01 5.787442815596940404e-01 5.837174702863462405e-01 5.757623635019605279e-01 5.250308779837061790e-01 5.542899018101018482e-01 5.865180845808225518e-01 5.536650658091987198e-01 5.462005078096734412e-01 5.625838699134053655e-01 5.502589658354798408e-01 5.835580044619681495e-01 5.860101764467248175e-01 5.807100881556643834e-01 5.956886776444930698e-01 5.929995747484231305e-01 6.038354481631713622e-01 6.037149811873145921e-01 5.950641384968605729e-01 6.111857924545670562e-01 6.047941074961444841e-01 5.927670940913934983e-01 6.032035353773093078e-01 5.982158259402338141e-01 5.961176966814575318e-01 5.910559051261481400e-01 5.999875808601498051e-01 5.895694047996719034e-01 5.964964146320260729e-01 5.922064917907794435e-01 5.884577135476127818e-01 5.960149488472284984e-01 5.905286816628227964e-01 6.050383830246289785e-01 5.996392762589263237e-01 6.055139509689669852e-01 6.068738769051604809e-01 5.978739352494846226e-01 5.993409709276356079e-01 5.979780341304121727e-01 5.970652637091642401e-01 6.037470922395294926e-01 6.059277863573019340e-01 6.022006512951590951e-01 5.954445291280159314e-01 6.042954983547500492e-01 6.016820944850946873e-01 6.032022230469584745e-01 5.983697505274804262e-01 6.026804840339764491e-01 6.126248351694612015e-01 6.057887426496521011e-01 6.016330659708474249e-01 5.920202970439467638e-01 6.006353374748717444e-01 5.889790561232051136e-01 5.914988659700387563e-01 6.046304824545108980e-01 6.066335132287815624e-01 5.882448735173685384e-01 5.994104162163186311e-01 6.004031610506602723e-01 6.054232761277428265e-01 6.061583587797504391e-01 6.069153098828313775e-01 6.064591218397687999e-01 6.100579664644596445e-01 6.110851396412806391e-01 6.108309410053188726e-01 6.083839189805047010e-01 6.064362980147589566e-01 6.036413673882951025e-01 6.043073326385028921e-01 6.036546855923928812e-01 6.082346421469203568e-01 6.075175809403268179e-01 6.100682497994487363e-01 6.106889114943780950e-01 6.040686601859339699e-01 6.086057148557010299e-01 6.084997351603794735e-01 6.012398845051574181e-01 6.027948787563002231e-01 6.020057318312629357e-01 6.085819083122051554e-01 6.115099451373281481e-01 6.104685349867525757e-01 6.037835438641698804e-01 6.057723573468404288e-01 6.041216127519358770e-01 6.047954470913056157e-01 6.047161058996214367e-01
-2.204700060441681930e-02 9.973622561720052460e-02 3.270989158212555536e-01 5.216159320822656431e-01 4.814596103274075833e-01 5.258888588591311697e-01 1.000000000000000000e+00 6.999665670088424108e-01 6.757382537616638540e-01 6.136526756479894207e-01 7.191708471219420140e-01 7.675511618091924726e-01 7.249859003329732765e-01 6.983525108807857595e-01 8.385531254971327897e-01 7.845865738951240953e-01 6.885470915424740657e-01 5.656335020503509003e-01 6.515708629843405264e-01 5.590193372649981951e-01 5.909153335985734001e-01 6.262118274253799521e-01 6.369783669824663486e-01 6.331935621162272376e-01 6.481066799278273338e-01 7.503392156513825073e-01 7.423932282122692738e-01 7.379448226603828598e-01 6.541166695963946953e-01 6.887499699484902482e-01 7.396082751344729145e-01 7.213826623666612647e-01 6.887869134188335796e-01 7.312743862318102916e-01 7.058531879958400701e-01 7.517115343514791936e-01 7.407330561309793948e-01 7.605670120043748206e-01 7.619872385470518594e-01 7.812222607919441231e-01 7.885741096379624837e-01 7.941378630398463478e-01 7.843634492467309594e-01 7.925325444513003914e-01 7.866634284650951825e-01 7.690427497149022740e-01 7.868995681863620861e-01 7.834760270931673265e-01 7.760285054607942712e-01 7.771676267467662047e-01 7.843356953033568946e-01 7.805274196341290827e-01 7.933695763138431944e-01 7.749910495421740153e-01 7.688724065368821581e-01 7.794975557646490749e-01 7.711358281553728489e-01 7.954080928742826018e-01 7.834308299998166136e-01 7.896666856815395263e-01 7.951934234443254201e-01 7.835584069395549189e-01 7.819891261882734312e-01 7.808605656928150340e-01 7.718628887901186619e-01 7.848783955712597127e-01 7.923981998437636953e-01 7.819811430459109314e-01 7.774205645714152846e-01 7.838095852149024045e-01 7.752224775094184173e-01 7.740188140314209209e-01 7.792727056296803179e-01 7.817731830686528438e-01 7.994147502187373133e-01 7.880116205162877030e-01 7.825203010741065279e-01 7.613452388512944591e-01 7.777300515501759381e-01 7.583590177038808111e-01 7.678349956117979103e-01 7.821583259610761507e-01 7.924073667381709152e-01 7.665606941718567935e-01 7.876609869231411265e-01 7.881512497509410853e-01 7.870602379195555942e-01 8.008586544147956454e-01 7.887070840918923853e-01 7.957878503850130958e-01 7.985471209788381763e-01 8.028594078163943104e-01 7.969635991563450705e-01 7.955556667388619108e-01 7.959693240077001519e-01 7.923420632429771793e-01 8.057355280138337461e-01 7.973610246644113886e-01 8.047331482706220340e-01 8.047090177372532294e-01 8.094983881496883305e-01 8.087288138891046696e-01 8.011180544154153926e-01 8.007343868585915514e-01 8.010105574057041489e-01 7.947163618151794617e-01 7.941792521667644378e-01 7.878256458331924783e-01 7.995153879407176367e-01 8.000451585703368673e-01 8.035076875102917793e-01 7.953280022601035837e-01 8.010455401210604398e-01 7.956355905959768826e-01 7.861001633471593752e-01 7.918345399935616813e-01
3.654131812731866574e-02 7.168010788982194514e-02 3.414888233564606912e-01 5.486977153384945405e-01 4.560962173444741974e-01 5.063126064676022331e-01 6.999665670088424108e-01 1.000000000000000000e+00 6.873614647399313160e-01 5.761311874863258575e-01 7.105948818706468995e-01 7.445222917275806651e-01 7.069624637239740883e-01 6.715271742368346120e-01 7.691703948159048787e-01 7.868955520341194276e-01 6.673461001611921128e-01 5.931099362222677085e-01 6.535911831376137737e-01 5.638300208665054658e-01 6.123002681943280345e-01 6.457832955715940848e-01 6.540609002056987364e-01 6.358631287574776358e-01 6.514185477428287019e-01 7.427779039020678820e-01 7.336713260919408564e-01 7.261042534637908163e-01 6.716210575711253350e-01 6.824797834626803450e-01 7.219978630070397196e-01 7.200962154399866977e-01 6.980148627120849048e-01 7.282702805488089348e-01 6.958129632441617529e-01 7.412695315993471645e-01 7.257620738941285010e-01 7.495553986950307390e-01 7.504272107081495502e-01 7.660042037263887771e-01 7.566951274534505778e-01 7.625872281493051297e-01 7.723658240483822768e-01 7.665028877298023513e-01 7.599270025681139629e-01 7.452154518904771097e-01 7.502807620460703042e-01 7.424608248775629304e-01 7.561750594116207758e-01 7.596760598645315721e-01 7.683751010246530067e-01 7.430680201968801191e-01 7.537541453604874597e-01 7.408105855827826769e-01 7.466678196932482470e-01 7.588719784707140814e-01 7.543018410002505503e-01 7.584038592746606966e-01 7.636962915281007014e-01 7.548057407895927273e-01 7.586132319060095996e-01 7.462516329117483416e-01 7.662426108920243895e-01 7.549368429880954912e-01 7.416534416678557395e-01 7.543446626822851719e-01 7.532618693856842906e-01 7.534626113833410299e-01 7.561077421751053462e-01 7.597722843108406510e-01 7.492993560686344034e-01 7.453053544017764764e-01 7.498255173396793927e-01 7.510562689630153610e-01 7.680019346094625332e-01 7.571108854681661837e-01 7.550513487274604918e-01 7.453132219573949113e-01 7.514973977190962939e-01 7.289420470982924671e-01 7.403731246496724205e-01 7.469444450749411768e-01 7.691845083855270993e-01 7.449103017769004298e-01 7.623709749697792359e-01 7.610845732592058654e-01 7.573945982492632512e-01 7.664150991733068574e-01 7.567456342414072834e-01 7.691407338885263290e-01 7.756340890820775380e-01 7.650221190943062854e-01 7.619833003557425766e-01 7.592420500042978970e-01 7.549303316574412781e-01 7.509850467992152945e-01 7.726498093854343718e-01 7.650375634957066184e-01 7.663377645524559467e-01 7.667464871214559885e-01 7.745400717942342306e-01 7.722854472690221517e-01 7.567731760936551311e-01 7.575677083544629653e-01 7.639684358774968542e-01 7.627692821370081200e-01 7.576578990939162317e-01 7.525492747890467626e-01 7.680130707919998745e-01 7.607522756632486560e-01 7.642662341363266609e-01 7.533541789613242834e-01 7.563675087345060888e-01 7.561260661349370471e-01 7.476577614188899545e-01 7.509141617947363567e-01
1.271063774553501113e-01 1.216510691529461424e-01 3.955772745093935061e-01 4.867279384861117331e-01 4.087103812628524735e-01 5.440276113902530186e-01 6.757382537616638540e-01 6.873614647399313160e-01 1.000000000000000000e+00 7.181702768078958021e-01 8.091348617878088012e-01 8.104017240455271276e-01 7.756847391653749479e-01 7.569407336034769118e-01 8.221100223801545148e-01 8.137606108165774677e-01 8.067927303425618257e-01 7.200606284170487648e-01 7.806268738998892731e-01 5.948274882695775423e-01 6.924871767321786331e-01 7.783725547997157879e-01 7.530094195604881691e-01 7.590662658675608743e-01 7.912859864166014168e-01 8.475318470416364214e-01 8.380352738441445570e-01 8.471339426673469841e-01 8.221697863740218271e-01 8.557438015846323687e-01 8.738615389173713943e-01 8.320826637140799065e-01 8.181266795647145207e-01 8.335840960140583622e-01 8.425907674053240148e-01 8.514633029714643309e-01 8.690725293705249266e-01 8.571070964706676287e-01 8.763955947815702530e-01 8.242915755658263288e-01 8.711522329795178265e-01 8.596966842889708360e-01 8.567292332341143180e-01 8.785350834803840048e-01 8.730572530686869781e-01 8.701237009380206056e-01 8.647045707899618794e-01 8.695860199507645660e-01 8.601466562816100225e-01 8.458160357857432698e-01 8.593875842639911999e-01 8.295369263335454768e-01 8.432281299207647907e-01 8.661080173731485754e-01 8.583531433340068073e-01 8.602767001367289668e-01 8.467816657483303588e-01 8.519284609709171230e-01 8.615001471224376095e-01 8.685379157304154996e-01 8.670670490134666508e-01 8.613298589989918375e-01 8.627264325637044040e-01 8.709985584940108660e-01 8.773768023964593210e-01 8.712078234107665242e-01 8.698885279032875228e-01 8.759440566500181768e-01 8.723212780652666032e-01 8.530702993980346927e-01 8.685222435613899616e-01 8.785117164521532018e-01 8.639682163986657226e-01 8.682844031680303498e-01 8.784198658807091942e-01 8.773370508414750635e-01 8.784976348094921672e-01 8.778645488223484339e-01 8.775162712340899285e-01 8.743251330069242711e-01 8.782539131110882469e-01 8.792034593063229320e-01 8.744380422265189967e-01 8.740789044124063212e-01 8.648137035367292613e-01 8.715431330602134707e-01 8.783645772643271510e-01 8.657680960445203189e-01 8.734490833472631222e-01 8.706421366212783175e-01 8.672933390149138999e-01 8.709837711728539711e-01 8.743748290001526202e-01 8.737998620782394532e-01 8.663007771087902764e-01 8.699048292762191492e-01 8.481112655835664205e-01 8.566545900782589484e-01 8.605154699715361621e-01 8.629484355114360739e-01 8.653207918600620552e-01 8.570882746365078297e-01 8.618433721240976730e-01 8.666813578914005500e-01 8.690101569031232209e-01 8.572963878981366692e-01 8.644175492198996613e-01 8.761011419391044885e-01 8.703509146571731803e-01 8.669818222883319825e-01 8.646402518289419969e-01 8.675251499324178051e-01 8.628156983074666275e-01 8.699159942624040687e-01 8.737612054053349731e-01 8.691398658032567504e-01
2.996805916439037112e-02 1.988645059782887248e-01 2.959881971677151835e-01 3.885798479350302537e-01 3.732203970853482655e-01 4.746609928726700511e-01 6.136526756479894207e-01 5.761311874863258575e-01 7.181702768078958021e-01 1.000000000000000000e+00 7.005110365568636421e-01 7.201700118845375531e-01 6.953667349720473734e-01 6.922722364173271581e-01 7.502190666052980239e-01 7.262358500712506881e-01 6.801456503604986770e-01 5.418200061467217665e-01 6.223055258596733585e-01 5.183383600827206061e-01 5.147885831893391773e-01 6.006310279058895141e-01 6.061948309875809793e-01 5.951819778452023257e-01 6.270361929471474083e-01 7.182651917371677408e-01 7.153262372761549637e-01 7.447334028818092255e-01 6.870123193638140169e-01 7.392981530639483045e-01 7.692065132750439682e-01 7.074144186402242518e-01 7.127629824401389147e-01 7.151394223621725388e-01 7.392466748248797126e-01 7.257961739545507607e-01 7.606093052514227848e-01 7.597268888808991205e-01 7.706889758020823988e-01 7.312136198560069689e-01 7.819124486803983309e-01 7.731351819013718707e-01 7.463029115769952426e-01 7.781746784002135930e-01 7.620602078336133900e-01 7.766306484919615061e-01 7.881527769263444450e-01 7.957131242056116882e-01 7.703773462444143405e-01 7.355941507069735374e-01 7.656004369969907630e-01 7.208761869927087229e-01 7.565088425724924015e-01 7.902311394719756521e-01 7.670477051250911282e-01 7.641661092617656470e-01 7.499009036445462018e-01 7.734680755118235052e-01 7.757433693633276617e-01 7.888801168562004085e-01 7.817342939817268910e-01 7.884313006396019841e-01 7.746986536300778381e-01 7.768572789984826699e-01 7.724396152632306833e-01 7.805887191161156036e-01 7.922621165795660225e-01 7.692860393027257659e-01 7.717017214587262863e-01 7.631277247421656140e-01 7.510456468701814936e-01 7.761783441355739610e-01 7.517021086810348196e-01 7.597105178013477955e-01 7.881963709917777505e-01 7.879593811855891694e-01 7.898471585936915895e-01 7.752652187864065292e-01 7.827701269560406461e-01 7.878207671038345294e-01 7.856629925851662533e-01 7.964776223824657775e-01 7.775047320728569744e-01 7.868428391464409311e-01 7.715420631609023472e-01 7.757125154680316603e-01 7.852936723705598032e-01 7.870857752173305855e-01 7.875645083948815683e-01 7.770604651431960441e-01 7.778083425180266630e-01 7.920666442631634219e-01 7.878212443451249047e-01 7.924796439974722828e-01 7.903699984023653258e-01 7.969424153789816945e-01 7.624043340085872034e-01 7.682723060580268770e-01 7.811478410881510515e-01 7.839565712287926980e-01 7.777470250706755017e-01 7.745930580371684915e-01 7.821655742709744397e-01 7.871725684875042761e-01 7.769298120134727759e-01 7.764231684544100620e-01 7.901687585065799713e-01 7.954337643637361399e-01 7.856046671024076167e-01 7.898786469491698714e-01 7.884300905315018149e-01 7.940179523648434046e-01 7.900843446757063182e-01 7.899663366637003081e-01 7.878152108386988761e-01 7.891503728154624087e-01
5.893738346887806429e-02 1.183759319835636786e-01 3.757939073766575211e-01 5.506188040056954058e-01 4.314505516733851409e-01 5.614382083937993206e-01 7.191708471219420140e-01 7.105948818706468995e-01 8.091348617878088012e-01 7.005110365568636421e-01 1.000000000000000000e+00 8.599807502925178593e-01 7.903142913164588057e-01 7.716937614761224529e-01 8.523864194840986563e-01 8.338422291882954251e-01 7.991939517825762396e-01 7.312172647076612408e-01 8.011286512012457672e-01 6.542587254222576032e-01 7.386977421880448480e-01 7.942619861991011554e-01 7.816360199021412658e-01 7.931508591673176456e-01 8.110410585993197419e-01 8.668524371950598884e-01 8.581729124936952058e-01 8.562906885321367456e-01 8.271368846648430306e-01 8.555827063294346724e-01 8.710705725924607901e-01 8.571694725791003666e-01 8.328490640963327474e-01 8.663660481532708957e-01 8.547258894342381064e-01 8.723631900208147494e-01 8.786928074285118573e-01 8.717258238820624339e-01 8.895641194807902830e-01 8.641879479423174581e-01 8.876853985822071857e-01 8.780661275043513125e-01 8.792135428365756011e-01 8.926615017274535102e-01 8.978910177818041349e-01 8.806583410489501329e-01 8.854561684456560000e-01 8.851259013889736238e-01 8.841750914753345736e-01 8.811605698450477586e-01 8.864610877296585922e-01 8.673618292881646319e-01 8.737317698634017304e-01 8.773994620817714418e-01 8.765666028631170503e-01 8.841682384985933840e-01 8.747853107559774299e-01 8.758857104757751255e-01 8.838652810091464085e-01 8.895641427080394070e-01 8.922320465681469193e-01 8.804759552412613210e-01 8.825863994583232897e-01 8.863203211503529744e-01 8.878006070130298744e-01 8.913664515895458607e-01 8.901772112922435864e-01 9.012223704809034786e-01 8.979424800580811938e-01 8.904751109405456555e-01 8.977882063013667979e-01 8.975086662262152792e-01 8.976986858428905869e-01 8.995939234078784708e-01 9.015129044353086263e-01 8.964230914057634836e-01 8.939374278680450869e-01 8.940104644383609633e-01 8.968067944670859992e-01 8.866999594089651771e-01 8.927737587709159151e-01 8.927279533448828630e-01 9.001843963195023113e-01 8.889329551091335047e-01 8.957412237871379412e-01 8.984854794969194813e-01 8.985735446376750257e-01 8.939477135405415886e-01 8.952271806497634765e-01 8.966372247266617412e-01 8.976436843173097868e-01 8.932437247812172743e-01 8.974786531482776830e-01 8.941773875802393468e-01 8.903132411999272744e-01 8.894111458593747521e-01 8.891527274183897989e-01 8.890356578305251833e-01 8.910489443879802129e-01 8.926951718053336426e-01 8.951162628622019168e-01 8.915521168929160245e-01 8.894171428861076256e-01 8.906721423698999995e-01 8.976682989191889783e-01 8.863162684534265923e-01 8.891633267483591840e-01 8.915075178729713334e-01 8.962976531565796101e-01 8.912566462024301694e-01 8.910472304691670065e-01 8.882328256445712888e-01 8.881680186840983371e-01 8.918185411121507533e-01 8.940087978812016889e-01 8.905154577672569349e-01
2.930825252980448839e-02 1.098587569759686966e-01 3.914285489406353902e-01 6.256271169552920508e-01 4.631692759454013042e-01 5.882551639366617735e-01 7.675511618091924726e-01 7.445222917275806651e-01 8.104017240455271276e-01 7.201700118845375531e-01 8.599807502925178593e-01 1.000000000000000000e+00 8.322308477368501878e-01 7.959808242835367809e-01 8.959476020832652932e-01 8.791366801245045215e-01 7.957952861191273097e-01 6.902837920034957664e-01 7.837805939953488288e-01 7.052593067487429312e-01 7.456412514124509672e-01 7.810868193906035373e-01 7.448466401362802136e-01 7.564441216552064695e-01 7.956283737125394717e-01 8.654580389932807760e-01 8.622276819296776917e-01 8.551780327845045493e-01 7.908138457397537735e-01 8.347673189095937696e-01 8.795545905463716396e-01 8.367015743059077471e-01 8.164280141168879235e-01 8.598327647822219255e-01 8.375888507266567862e-01 8.779534928609455946e-01 8.811704023262209029e-01 8.799941213749207236e-01 8.923664168075099434e-01 8.761939522431025917e-01 9.102481869478887822e-01 9.031050273896057412e-01 8.994602507270063052e-01 9.203047253769864877e-01 9.199002520717357578e-01 8.928347701676322412e-01 9.171243806594484571e-01 9.098439944910152732e-01 9.069520860655455596e-01 9.091287636474042477e-01 9.122827096371003419e-01 9.015788732361216251e-01 9.173738386556866686e-01 8.975406852344183228e-01 8.921872069225380564e-01 8.945570279209135167e-01 8.980792353627546909e-01 9.118018640214574644e-01 9.107275526302176516e-01 9.216102705925066640e-01 9.226284496600051233e-01 9.109042378974344656e-01 9.105998094477171234e-01 9.124481014823347946e-01 9.080849679924056783e-01 9.187796530537639672e-01 9.168048873816631028e-01 9.157334662607723441e-01 9.070457514176616387e-01 9.292631689558805697e-01 9.192985563104697500e-01 9.129833876497819301e-01 9.081079270702165918e-01 9.188945856438760496e-01 9.292081632331216090e-01 9.166858616056238196e-01 9.098991454573313042e-01 8.998601827071445181e-01 9.102434393465840268e-01 8.956844350502851659e-01 9.011679658675022520e-01 9.135637651936354686e-01 9.170966321356104345e-01 8.984769329168899032e-01 9.124396037774030743e-01 9.171636593911227653e-01 9.177606598028577034e-01 9.177059999904688681e-01 9.151775387212996993e-01 9.184894632226230371e-01 9.200452682214872446e-01 9.220179694518823021e-01 9.257145675709874677e-01 9.219941607947125251e-01 9.238789105306025595e-01 9.188580957769069135e-01 9.195121468676258347e-01 9.237057656829293917e-01 9.253045241101065521e-01 9.236358067270825645e-01 9.279501873061616335e-01 9.261088848872163215e-01 9.271421923713749624e-01 9.246256532621186519e-01 9.271179333296236669e-01 9.145813858766004278e-01 9.198901598712563299e-01 9.142846167196653218e-01 9.217042194078659545e-01 9.252370016078605985e-01 9.210010601566533950e-01 9.223108650870769365e-01 9.202517759878222625e-01 9.215328318820681375e-01 9.211914674965088201e-01 9.214865649755151766e-01
4.642085180493982915e-02 1.149429067247522557e-01 3.539306925310680696e-01 5.335951681169046612e-01 4.784264055256454706e-01 5.485566492625385537e-01 7.249859003329732765e-01 7.069624637239740883e-01 7.756847391653749479e-01 6.953667349720473734e-01 7.903142913164588057e-01 8.322308477368501878e-01 1.000000000000000000e+00 7.692019506264572426e-01 8.502925390312133791e-01 8.316835505104558379e-01 7.497849142892680785e-01 6.491562064217587524e-01 7.354450315975973318e-01 6.343572279608834519e-01 6.687265653159139012e-01 7.206101322526702324e-01 6.982817721115350817e-01 7.140120408369463600e-01 7.415515712326309350e-01 8.173656291136565111e-01 8.131139685864499089e-01 8.162008889885220553e-01 7.643936807880853390e-01 8.027321855078979329e-01 8.382212701298902280e-01 7.898516669773446575e-01 7.735783970748384419e-01 8.048522570605921578e-01 8.023277374689493646e-01 8.168175236568055997e-01 8.375296566518386499e-01 8.339707096018167398e-01 8.473047470751371435e-01 8.188992764474788411e-01 8.620110105513502097e-01 8.560622735843699260e-01 8.422749830218246858e-01 8.660345260213879737e-01 8.599132972715685108e-01 8.528118627758561887e-01 8.685341794612426725e-01 8.637687263673614613e-01 8.542409349418456088e-01 8.403877053767966343e-01 8.527977325846576306e-01 8.291571110315902882e-01 8.515045583473503932e-01 8.555740434817945550e-01 8.449288716730802840e-01 8.443198752100351534e-01 8.384897119446365066e-01 8.583014281467247208e-01 8.593239584095127004e-01 8.742534511869272107e-01 8.688102809901826484e-01 8.589791650238854936e-01 8.528201256220681037e-01 8.593628595942942594e-01 8.597706605979819061e-01 8.653870720541357864e-01 8.693929623248137784e-01 8.647270655504580850e-01 8.581022704257090794e-01 8.658291664219456285e-01 8.573906967745810181e-01 8.611724187970764000e-01 8.533270983707373913e-01 8.616382073725918911e-01 8.752929409781624592e-01 8.681586585693570335e-01 8.653973046658210988e-01 8.554574547598801093e-01 8.609221023160761321e-01 8.538298263107263475e-01 8.607127136322014760e-01 8.679959374978191144e-01 8.610976858134783418e-01 8.561580592490170005e-01 8.602713985984372647e-01 8.632735097681863978e-01 8.684219114417499608e-01 8.680485809170213063e-01 8.658316327268803514e-01 8.635521006092474749e-01 8.659210188913825101e-01 8.719522398790383599e-01 8.729317360848506402e-01 8.726096256738913315e-01 8.715236756538027318e-01 8.712429842499237465e-01 8.594626569474644873e-01 8.617396401815210494e-01 8.707121121217865634e-01 8.694146492468135534e-01 8.709954363089538187e-01 8.685456995110880651e-01 8.704357064603848171e-01 8.741320086764761133e-01 8.682145703705115292e-01 8.600068813859640393e-01 8.678494080836267610e-01 8.683935761683940768e-01 8.700967416614793226e-01 8.729199034112578026e-01 8.696905019257490377e-01 8.735504361166305243e-01 8.684738678674707169e-01 8.724269249022784667e-01 8.713439080959566319e-01 8.709743313153154309e-01
