1.000000000000000000e+00 1.592252242466008771e-01 1.013173466689153979e-01 8.379835362121647313e-02 2.681892379985777175e-02 3.118491854812190101e-02 3.413579633085832288e-02 7.879871888100117849e-02 1.200284352479103894e-01 3.488968712785008031e-02 3.500058435401481177e-02 3.167347519079476842e-02 5.070358429551619084e-02 -1.311725098963432631e-02 2.412379875582831498e-02 3.935760300287297064e-02 3.227113750852199630e-03 5.902744836899735670e-02 3.929203342056904885e-02 1.694291959933553748e-01 4.586536557174367146e-02 7.627469151760070398e-02 3.259924739790661524e-02 5.555686758477068610e-02 3.350235360776603055e-02 3.964152094774843482e-02 5.529227976116018323e-02 -1.952382488861595031e-02 3.731391757971107975e-02 5.095830988351447016e-02 3.612269465444094968e-02 5.605124695186088080e-02 1.651725902594302492e-02 5.880176126455888275e-03 3.168629194988419051e-02 3.362342493374370633e-02 2.041132045686651006e-02 3.766867454284933154e-03 7.180108794808307861e-03 -1.404272485395796459e-02 6.873826572616178847e-03 -1.955849405477159270e-02 2.916501795519260004e-03 2.617955243237907615e-03 1.629508152742908597e-02 -1.115445666433940823e-02 1.058834277720269341e-02 2.435945114387905175e-02 5.306737300061196982e-02 1.324190959622482434e-02 1.059902054327578787e-02 5.920125347416015094e-02 5.659479923873515783e-02 4.496726304366597399e-02 3.737545978704652494e-02 1.314949020303777735e-02 6.509645378473194466e-02 2.001065577792293659e-02 2.469689410306058833e-02 4.642490406475123510e-02 2.125352763113040958e-02 4.505693768238669406e-02 2.811029366821952979e-02 5.409494741914758209e-02 5.686567021412019390e-02 6.568500793742476640e-02 2.388186927363085757e-02 1.008780138323183383e-02 2.860665210176670942e-02 4.821739667916775940e-02 2.092320300613925363e-02 1.757410586860527757e-02 2.778708688210024605e-02 1.505651081649733887e-02 1.713106702712776166e-02 1.842529001957178211e-02 6.597179053032557403e-03 1.239513252509901083e-02 1.056132936808522500e-02 2.400802155364683069e-02 9.166143876228037904e-03 2.185255317626384405e-02 2.559909882908373985e-02 1.155654437902868537e-02 -1.997713286715886629e-03 7.698313218126001667e-03 9.559781891944273483e-03 1.196799214313388343e-03 -4.236354638684374820e-03 1.306650247539753451e-02 -4.851483416908502697e-03 5.623897848608426682e-03 7.067526390994215493e-03 -2.708117910756071590e-03 8.366474984674372034e-03 2.105223316138771922e-02 3.636696933691307455e-03 4.975847238737351325e-02 1.498128204612097711e-02 2.145931539336205698e-03 -1.305246310119210357e-02 2.497875230831910626e-02 2.194206532245114236e-02 5.258511538596212335e-03 1.893683381417503656e-02 4.809134979544731070e-02 3.671126632988042093e-02 1.293985328326154906e-02 2.148854528318816168e-02 1.663479089989393367e-02 9.063271537474779441e-03 2.525778490164748771e-02 2.779979353239331319e-02 2.038232518335183693e-02 2.827883105740270492e-02 4.355800387355347747e-02
1.592252242466008771e-01 1.000000000000000000e+00 1.121066159116723138e-01 1.615304771609135381e-01 8.826195257375002434e-02 1.238842751088544691e-01 1.633293476500887187e-01 1.495949193411180989e-01 1.886656960516741310e-01 1.990767182689319736e-01 1.594387962932609093e-01 1.651027728535686134e-01 1.409873854939144300e-01 1.468387084265125597e-01 1.817190493003348062e-01 1.648458098655570803e-01 1.503096422020718803e-01 1.815465695423796044e-01 1.921633149308269728e-01 1.848002244952670903e-01 1.525269257190108307e-01 1.788183059560500554e-01 1.961030496434283121e-01 2.032877869745488286e-01 1.792598630941483473e-01 1.734771532761319734e-01 1.871843642607432245e-01 1.660258425858078257e-01 1.785105954950272356e-01 1.804033031601602055e-01 1.841988420276722827e-01 1.962597902957647356e-01 1.689197994208369025e-01 1.588315422270922816e-01 1.609294134212610750e-01 1.546269947611782214e-01 1.743626902202334295e-01 1.418767361914710923e-01 1.482885945104435721e-01 1.483651203621238757e-01 1.655526930888546466e-01 1.442748482787771791e-01 1.469755574476551141e-01 1.496363228651221566e-01 1.643614840496721297e-01 1.535265663098495104e-01 1.580147538632913629e-01 1.753385667770764600e-01 1.745544719835812053e-01 1.253170975828777622e-01 1.464142068777715411e-01 1.434204050701305688e-01 1.584335722825041814e-01 1.839009820131783657e-01 1.644664572320098939e-01 1.631736821712740371e-01 1.657380556592693566e-01 1.544859267183639751e-01 1.548612695373553783e-01 1.723256757008202744e-01 1.521904160278903795e-01 1.657562407835362350e-01 1.461239144792370603e-01 1.699373376959131265e-01 1.659983782092655791e-01 1.719854407822391518e-01 1.709979844203821375e-01 1.712503932242961102e-01 1.908691894864182614e-01 1.816836435667470995e-01 1.697700292293520263e-01 1.730933878401939574e-01 1.942561435924195501e-01 1.825391323033054569e-01 1.731033218644030813e-01 1.747435918884388539e-01 1.744639284578767269e-01 1.699108317025661008e-01 1.821376978360303156e-01 1.727704709169222141e-01 1.679055544110678588e-01 1.707654415395331027e-01 1.823932425324172601e-01 1.696432113343561421e-01 1.500072391586151632e-01 1.679308690092644885e-01 1.673450142877377089e-01 1.610084486692039130e-01 1.558431891637098721e-01 1.784726703284973404e-01 1.680008396314512931e-01 1.628379889964811644e-01 1.608771682012174187e-01 1.613904823347848128e-01 1.599049561393653118e-01 1.692916205434064625e-01 1.394564851939278094e-01 1.514538469116869512e-01 1.530344144283835028e-01 1.527801073153063904e-01 1.464487151332408976e-01 1.526993953481389776e-01 1.568628619766986587e-01 1.503860107457895279e-01 1.501892001699089152e-01 1.651082108348895794e-01 1.676764384256973772e-01 1.663952930273309427e-01 1.684529624375514234e-01 1.601392456254670249e-01 1.536773424202572957e-01 1.683039060891039218e-01 1.631875747557767764e-01 1.573954658121869132e-01 1.632996386118339138e-01 1.660242679198490334e-01
1.013173466689153979e-01 1.121066159116723138e-01 1.000000000000000000e+00 3.586169384204194732e-01 2.012644620042153831e-01 2.661844989390404481e-01 3.700326732312022582e-01 3.255891541830608360e-01 3.448906742101258693e-01 3.311492397059809245e-01 3.808746113564186464e-01 3.831017477586274311e-01 3.415476928339480356e-01 3.356792491802071954e-01 3.831349887624385664e-01 3.774159648925696775e-01 3.618423440928726365e-01 3.883021455468794736e-01 3.965660452144165182e-01 3.362048536718491021e-01 3.976290784560259084e-01 3.996565096391027083e-01 3.869177129257691528e-01 3.922336482984845052e-01 4.081758787117435450e-01 3.966478399210419115e-01 3.972122984015779568e-01 3.920541068478823887e-01 3.960627860647897847e-01 4.085553342953553435e-01 4.089878273572000733e-01 4.095137518973209212e-01 4.035124217823182757e-01 4.011537809752789840e-01 3.786523539037949804e-01 3.975232712665388579e-01 4.008553337355588164e-01 3.823317807706767546e-01 3.938099741267356846e-01 3.963800375260612685e-01 3.875398881922042515e-01 3.872786787599062364e-01 3.953906088347833858e-01 3.903897101229392708e-01 4.064796165757857405e-01 3.878098651814161912e-01 3.820479005238414105e-01 3.840765916726746609e-01 3.838971374925196911e-01 3.735726404462734740e-01 3.929730943186714454e-01 3.882470954875562041e-01 3.852314597320679046e-01 3.741173792676165677e-01 3.698828159711139429e-01 3.920611932485476570e-01 3.723214826519463116e-01 3.784934847958277837e-01 3.771173532015306695e-01 3.741489539449753821e-01 3.844517385623985040e-01 3.602770961315695519e-01 3.684924430244022608e-01 3.803562335845626641e-01 3.795234200313412631e-01 3.782615501319808726e-01 3.933064455622999334e-01 3.957584253206379299e-01 4.038097324223434148e-01 4.047331827064317156e-01 4.124170832978304446e-01 4.000947670232061770e-01 4.120588485076560059e-01 4.142350854064188459e-01 3.964141970746445920e-01 3.954338966356073515e-01 3.993894077849838298e-01 3.950551698818822732e-01 4.021340646874673741e-01 3.979798383053766986e-01 3.921849769508151673e-01 3.920585365614531748e-01 4.080900080856342815e-01 3.933513311029105952e-01 3.923602619490811905e-01 4.012598211760637357e-01 4.038439032867204848e-01 3.964968694026195228e-01 3.927693560403194839e-01 3.988958551595102597e-01 4.034424326377550329e-01 3.904852501661256192e-01 3.970874240486861884e-01 3.928375670083814053e-01 3.837033745358755521e-01 3.852544777194520931e-01 3.905089387747527341e-01 3.795533595050787912e-01 3.828346798786104177e-01 3.948064138995014405e-01 3.921917636088068093e-01 3.846527128728431388e-01 3.895817732317647941e-01 3.815230053082959705e-01 3.905842310678426799e-01 3.799707177207645170e-01 3.855369306491922554e-01 3.855773187177178873e-01 3.868100288451651325e-01 3.838922871296522876e-01 3.820456961321964107e-01 3.809063138424938488e-01 3.776642416676734282e-01 3.878619951218995610e-01 3.836325362368113723e-01 3.819034547903517596e-01
8.379835362121647313e-02 1.615304771609135381e-01 3.586169384204194732e-01 1.000000000000000000e+00 3.658266023392980903e-01 4.506175017560822837e-01 6.173860605345600217e-01 5.853391824514315722e-01 5.853857563730039404e-01 5.407083955233621397e-01 6.175855810907481258e-01 6.615560731814471573e-01 5.935859679923765064e-01 5.877287319934754173e-01 6.579929526187129341e-01 6.522958420332782836e-01 5.794346144412849675e-01 5.993602242190114726e-01 6.270336008946852946e-01 5.785423957331116140e-01 6.042572274838509117e-01 6.425990975211238743e-01 5.992733192872692349e-01 5.776684919784373928e-01 6.177905454845885602e-01 6.535822558212462940e-01 6.503922395540235879e-01 6.494904392711426944e-01 6.832710156570790394e-01 6.655210966718748677e-01 6.721522869230737163e-01 6.645104216157374788e-01 6.632959951035581891e-01 6.421999706552761200e-01 6.457153458126743129e-01 6.491116873447775326e-01 6.624627928209398942e-01 6.433088009137223340e-01 6.613900073999209317e-01 6.498298805393294408e-01 6.541809312732455028e-01 6.550318440345206383e-01 6.594485826174096843e-01 6.559539169263841618e-01 6.684779021670760324e-01 6.529540845606148780e-01 6.474051451492044418e-01 6.480546370066873063e-01 6.442148126486504367e-01 6.215577071219120509e-01 6.578044712586768039e-01 6.277640482449204917e-01 6.613298732131833724e-01 6.260713560041571979e-01 6.247170638315301394e-01 6.501679057491294156e-01 6.217596847357215184e-01 6.428655419975460861e-01 6.367261810531292809e-01 6.366746844332471511e-01 6.504733920980519946e-01 6.182862547017621280e-01 6.280317293666649592e-01 6.410578610774012587e-01 6.410167746979936743e-01 6.367610434984973811e-01 6.566611521583308742e-01 6.541551096257938180e-01 6.665946528642944235e-01 6.745825630291559794e-01 6.633718508911901068e-01 6.651642363925773793e-01 6.579143911640632503e-01 6.610506769223695178e-01 6.613761566770484102e-01 6.643588862730270828e-01 6.652322562634390701e-01 6.642449590929345726e-01 6.646058413479151161e-01 6.633313389005340843e-01 6.648660737869858117e-01 6.604596515490697151e-01 6.675673245700189939e-01 6.648740577083998016e-01 6.581588119278320992e-01 6.645659345086893932e-01 6.698952872382003543e-01 6.616722811085571365e-01 6.627777855398113704e-01 6.643102607869476595e-01 6.650693238344455027e-01 6.610176946054064917e-01 6.665861789397172776e-01 6.618555814362114820e-01 6.524078589764537028e-01 6.544901126559126148e-01 6.551097847659590467e-01 6.416995299010153087e-01 6.500891866478191172e-01 6.601718903556414997e-01 6.599346098670773042e-01 6.552230459041581412e-01 6.599513098261468036e-01 6.529841255885808771e-01 6.568708939340951458e-01 6.446525462408033702e-01 6.513649757084767344e-01 6.506590382955276253e-01 6.532616446043006952e-01 6.534218758618460798e-01 6.499274926396703123e-01 6.474936621409367321e-01 6.414846199078446665e-01 6.522816408698408619e-01 6.511481503808203009e-01 6.469989609717902157e-01
2.681892379985777175e-02 8.826195257375002434e-02 2.012644620042153831e-01 3.658266023392980903e-01 1.000000000000000000e+00 3.335694855271458259e-01 4.621306464963583216e-01 4.552372160570160031e-01 4.752258046286213511e-01 4.160539241751822215e-01 4.828249692889738931e-01 5.151482914715428407e-01 4.944020703962956897e-01 4.829810885001667442e-01 5.191757875770085517e-01 5.081387393067534619e-01 4.696614171324682285e-01 4.333833885743428316e-01 4.728422462383045088e-01 4.319415407084679637e-01 4.560540488894141986e-01 4.664867671029869212e-01 4.256183151813663357e-01 4.108953373059316405e-01 4.491791897993218652e-01 5.040051917451234820e-01 4.882838775659561481e-01 4.999752895059685343e-01 4.933793379851232896e-01 5.056296350059384936e-01 5.219830044178312978e-01 5.144416218469478608e-01 4.902339696292051796e-01 4.909565830948700582e-01 5.072232347039316025e-01 5.007805673827874227e-01 5.038672843748758234e-01 5.081263005308453984e-01 5.200838368959205260e-01 5.127380178864954230e-01 5.130372891795286217e-01 5.240864758113835675e-01 5.115853720790652925e-01 5.242197516711557537e-01 5.137783244094589197e-01 5.169963199221683237e-01 5.185681422932318929e-01 5.178589150397705509e-01 5.063221801506530007e-01 4.948849657317462847e-01 5.113164956344400380e-01 4.835228090910326793e-01 5.147422856414634040e-01 5.030560432354060918e-01 5.023762058107896777e-01 5.236164871324041625e-01 4.935583088617176983e-01 5.138424542294329767e-01 5.096889318819888270e-01 5.148512961195633730e-01 5.138398903549182828e-01 4.962867961210901679e-01 5.046313767459434940e-01 5.081684334121546742e-01 5.115543159816487995e-01 5.090180299875814995e-01 5.207994481501994066e-01 5.161043374055059862e-01 5.176661227168397605e-01 5.275236003952729069e-01 5.118147217400069726e-01 5.223625557040111334e-01 5.009135621475463429e-01 5.001780879845966199e-01 5.230641511379303665e-01 5.242795889520357466e-01 5.150589427800013054e-01 5.153226058492570427e-01 5.145063227929692617e-01 5.238704601103835179e-01 5.206874595839009467e-01 5.248655210954518147e-01 5.144671636122745140e-01 5.199418355899166899e-01 5.156477163909337635e-01 5.146626337882368452e-01 5.183045837943279777e-01 5.199684343405649445e-01 5.240478805036429266e-01 5.189159138793353332e-01 5.173393937571573176e-01 5.244009046224922255e-01 5.238273372601250921e-01 5.247160789893705601e-01 5.206639420949994435e-01 5.208209440291546866e-01 5.075360820379594129e-01 4.982018082739014253e-01 5.131698152224118958e-01 5.204420878544316897e-01 5.243766636873413711e-01 5.130591476546868535e-01 5.220728857686302016e-01 5.227202124242392722e-01 5.190897131079420523e-01 5.042331998309014240e-01 5.133006433288364034e-01 5.218529399360933851e-01 5.187995965021361400e-01 5.193218922486804168e-01 5.154872015482329095e-01 5.213144631705610710e-01 5.123685733619274263e-01 5.194646943098197855e-01 5.209342784959561934e-01 5.141506365354032715e-01
3.118491854812190101e-02 1.238842751088544691e-01 2.661844989390404481e-01 4.506175017560822837e-01 3.335694855271458259e-01 1.000000000000000000e+00 5.731944329589322429e-01 5.346643681822471628e-01 5.293341392793956546e-01 4.856344985384528079e-01 5.654764749178691208e-01 6.051555513048370027e-01 5.509368587507628146e-01 5.509835599791974570e-01 6.151223095290655474e-01 6.013548944076247960e-01 5.384268535517596765e-01 5.605475933738870431e-01 5.932589627209268190e-01 5.174020232510339046e-01 5.689501720290126574e-01 5.953412207400301526e-01 5.421334211993211749e-01 5.386604851397762683e-01 5.656625919019894200e-01 6.026136586706194453e-01 5.839460822219216807e-01 6.018839071283667019e-01 6.118593807764315384e-01 6.090679927453890308e-01 6.181886781651829699e-01 6.174644133337072738e-01 6.047790496315352815e-01 6.002986877733939020e-01 5.949153719286837116e-01 6.071324555312543891e-01 6.116746989283796676e-01 6.071864427406576947e-01 6.145258663099023577e-01 6.142609588833343182e-01 6.094758568821088129e-01 6.134402981152340395e-01 6.170835908136144132e-01 6.144495166935605157e-01 6.114198712090634924e-01 6.177101086748523207e-01 6.060551725297615988e-01 6.058520577463628598e-01 6.007412889532696143e-01 5.959591169533008381e-01 6.169373972125277161e-01 5.841014347116959549e-01 6.100188168479584450e-01 5.906410870362068799e-01 5.924003366132688519e-01 6.084993896689231407e-01 5.853340183534586627e-01 6.005594842400939770e-01 6.009316822095541744e-01 5.907949390869129402e-01 6.133547413909175017e-01 5.799117899341306170e-01 5.957036296726860858e-01 5.977645017789515736e-01 5.947536265704786995e-01 5.932574263422915051e-01 6.166689166305867609e-01 6.162620540235965727e-01 6.257744374817050259e-01 6.277451172063867046e-01 6.235070677491368896e-01 6.207654414709464774e-01 6.142326873605601367e-01 6.192945691946872833e-01 6.148101028327833673e-01 6.188961315389641671e-01 6.185403948504654137e-01 6.235182085009373099e-01 6.194030641635464018e-01 6.151275458643769012e-01 6.166790405329218849e-01 6.166326429153254907e-01 6.207550308960696483e-01 6.188321346950372837e-01 6.195883380415256880e-01 6.228015325251960999e-01 6.233810235839641889e-01 6.224626162679386399e-01 6.172720763314855086e-01 6.195992111386490198e-01 6.196751829224741437e-01 6.209236563543678589e-01 6.236565012723832568e-01 6.208965334337511743e-01 6.102998411022775294e-01 6.129305972411782655e-01 6.167909336973572687e-01 6.062766265261295695e-01 6.107969204639545069e-01 6.184587786409071475e-01 6.210078710932276369e-01 6.169254162183132051e-01 6.162093260409450268e-01 6.127639104567927930e-01 6.146564787339718894e-01 6.028709733838526486e-01 6.104992946405949361e-01 6.117859078463151468e-01 6.147409708870137379e-01 6.139551416082360547e-01 6.106370829963669866e-01 6.072231756507778799e-01 6.047253169113397941e-01 6.105561968049899590e-01 6.105098814152496445e-01 6.057291092508935160e-01
3.413579633085832288e-02 1.633293476500887187e-01 3.700326732312022582e-01 6.173860605345600217e-01 4.621306464963583216e-01 5.731944329589322429e-01 1.000000000000000000e+00 7.180568595754991401e-01 7.418752182084547009e-01 7.098037497774608573e-01 7.823236836011897566e-01 8.200489710348919381e-01 7.455596477208819017e-01 7.634337529595315308e-01 8.496453321135439829e-01 8.222201651327555316e-01 7.483445897920518730e-01 7.403955710983437521e-01 7.928658179628885749e-01 6.727357251582838371e-01 7.570184360042493399e-01 7.948947279131961530e-01 7.428576531278612283e-01 7.224762892928838776e-01 7.688676011172893565e-01 8.349754343678156276e-01 8.151524269795606958e-01 8.343602898811123270e-01 8.331829791767991766e-01 8.323705399951273343e-01 8.405182526391948850e-01 8.489575888973172058e-01 8.225851642557450161e-01 8.262998936088824520e-01 8.142401105404905026e-01 8.084216758973330474e-01 8.341660533915615794e-01 8.346893596145378291e-01 8.418165728179001217e-01 8.448411270037026188e-01 8.447076316055341927e-01 8.470578101182860697e-01 8.409627265058448042e-01 8.482617941131622707e-01 8.508720848843162043e-01 8.470143240235532556e-01 8.398877866649732127e-01 8.421621697609913415e-01 8.305857678265419208e-01 8.010798641311284163e-01 8.438045028792623414e-01 7.845022289528044146e-01 8.291971691967171543e-01 8.173687780537089997e-01 8.142499352232479559e-01 8.438016538212588236e-01 8.015966061919318486e-01 8.342555665422843880e-01 8.288076071863107463e-01 8.229872431343621120e-01 8.379222305854655550e-01 8.056227142187204482e-01 8.195360801961421027e-01 8.255222898183441904e-01 8.234364380689719320e-01 8.173023892630076892e-01 8.492498653485640592e-01 8.450926148426839424e-01 8.583069368655514841e-01 8.527661415724330229e-01 8.469897980980295449e-01 8.525331224288196230e-01 8.410084189089626072e-01 8.425717286756442270e-01 8.529124313955442904e-01 8.529243327291177179e-01 8.582967311392885046e-01 8.539485461869988914e-01 8.569980205285220309e-01 8.491408072289896580e-01 8.519523430099343875e-01 8.492305150036254524e-01 8.571875498855039410e-01 8.547861872195916533e-01 8.523052284738368289e-01 8.574528944160818567e-01 8.565026292307167388e-01 8.604915102220109802e-01 8.532760113760293752e-01 8.552297041284614432e-01 8.617178116430219692e-01 8.577364759660897064e-01 8.564825921804344322e-01 8.561004498768935989e-01 8.456196714778639878e-01 8.465571066078612095e-01 8.436047510431439189e-01 8.252406517656816209e-01 8.428170406969561768e-01 8.571093021415493451e-01 8.536922290128206026e-01 8.417189918573556584e-01 8.456409470515213744e-01 8.467845036385769353e-01 8.401726757133852752e-01 8.250704125734678041e-01 8.428966128166032190e-01 8.441517670274335527e-01 8.449127905119671045e-01 8.471213139282870452e-01 8.458989172581825589e-01 8.391720423342033941e-01 8.355016091617777363e-01 8.419365364071628166e-01 8.380353385566500224e-01 8.341632148942129676e-01
7.879871888100117849e-02 1.495949193411180989e-01 3.255891541830608360e-01 5.853391824514315722e-01 4.552372160570160031e-01 5.346643681822471628e-01 7.180568595754991401e-01 1.000000000000000000e+00 6.936213286332335581e-01 6.338614839293608139e-01 7.323700377327945210e-01 7.720185606980394244e-01 7.021970396333981901e-01 7.013676904821913860e-01 7.839702399443738701e-01 7.891938988890115914e-01 6.889812387334143251e-01 6.749292090003145006e-01 7.189230530394611351e-01 6.741088125051996061e-01 7.069301277076514012e-01 7.411640480999122094e-01 6.576267584055613957e-01 6.405655824922642516e-01 6.929728023584038610e-01 7.670897853911571307e-01 7.570329429262036003e-01 7.539137097064869675e-01 7.716825335440998801e-01 7.794855737921971839e-01 7.895084258808726663e-01 7.914813165276540774e-01 7.600709642591177984e-01 7.612576102405732570e-01 7.671360130916542452e-01 7.699377505226272511e-01 7.741312810322463767e-01 7.933133582766590530e-01 7.883122418732949610e-01 7.821929053900427142e-01 7.791335420110642174e-01 7.779796472739697322e-01 7.874986295816577275e-01 7.920316262961889509e-01 7.817085665883813927e-01 7.851174998806486061e-01 7.815314231680878798e-01 7.805819071333350845e-01 7.861369931646575715e-01 7.725020327727490921e-01 7.976478583357435870e-01 7.601398094295891417e-01 7.891300618950394252e-01 7.648836121965923995e-01 7.739332813948057721e-01 7.898582253492841820e-01 7.761641725138718195e-01 7.828452613326731813e-01 7.859258539394464727e-01 7.696541615900113209e-01 7.896936227410852327e-01 7.639214378267953354e-01 7.840390888634475308e-01 7.810858922602244014e-01 7.733421825475559341e-01 7.747537205626924273e-01 7.864857112328188515e-01 7.795270033316636926e-01 7.880303308265680373e-01 8.018775325908136242e-01 7.794569795604998630e-01 7.852095688167151089e-01 7.628209206556744171e-01 7.645614526235741115e-01 7.890280497562316420e-01 7.903229177140050910e-01 7.839461341021010110e-01 7.878279669351525571e-01 7.867732743590628575e-01 7.901658813112141244e-01 7.901532201240696329e-01 7.913422743292782835e-01 7.894379851358213074e-01 7.889248964437343137e-01 7.908174849802179773e-01 7.876900935463793108e-01 7.927200910735372474e-01 7.958588538350672703e-01 7.895132597455262191e-01 7.897703328998592065e-01 7.884998168811502284e-01 7.911264947577946183e-01 7.918483780844064457e-01 7.909128960951218312e-01 7.853444650596588250e-01 7.882550889214730017e-01 7.942761402197354714e-01 7.879296796590529173e-01 7.897357419542451185e-01 7.954204562188633698e-01 7.895558880487810738e-01 7.944501277419521168e-01 7.931754035538400860e-01 7.887180214379480025e-01 7.894627079383682577e-01 7.849519002105255217e-01 7.927450276145192598e-01 7.855900347726646471e-01 7.909735371116873859e-01 7.918294809847894467e-01 7.929022293255095777e-01 7.843971887816387767e-01 7.845799964286498396e-01 7.886038147097756967e-01 7.826557109540321910e-01 7.852784779660311187e-01
1.200284352479103894e-01 1.886656960516741310e-01 3.448906742101258693e-01 5.853857563730039404e-01 4.752258046286213511e-01 5.293341392793956546e-01 7.418752182084547009e-01 6.936213286332335581e-01 1.000000000000000000e+00 7.472041139677513266e-01 7.971670706721257771e-01 8.465071165500991368e-01 7.700392933036569465e-01 7.907463109629457865e-01 8.479987611901265154e-01 8.327609389313421762e-01 8.016707169143677536e-01 7.132623942814396711e-01 7.630393715762647799e-01 6.838480574459500083e-01 7.332396014473153700e-01 7.737733407582382261e-01 6.847274242762904084e-01 6.576437993205721533e-01 7.266391647546861510e-01 8.409197538130975813e-01 8.260519960369985260e-01 8.250971173678408599e-01 8.252926564954590205e-01 8.319141631402759973e-01 8.606733944582352080e-01 8.460423691041204508e-01 7.792960992330022485e-01 8.000460037586095696e-01 8.358878541054662881e-01 7.966331722949688832e-01 8.346645267263167467e-01 8.276142793712137902e-01 8.347058016802612057e-01 8.146515115152688224e-01 8.629643484933028352e-01 8.373485772231542557e-01 8.110102958499508796e-01 8.553897747748561153e-01 8.448602640269610164e-01 8.469341244044860106e-01 8.766064749819113544e-01 8.854359738524846257e-01 8.798788660773438908e-01 8.071648391827184188e-01 8.408203800403875050e-01 8.257987247839685407e-01 8.657314791297244794e-01 8.850272184408913834e-01 8.663548457774358225e-01 8.649875704910811036e-01 8.719705187285952119e-01 8.706136451553498912e-01 8.679135927753033330e-01 8.931926645047214564e-01 8.723142529983477500e-01 8.791586686740223699e-01 8.670883082715544754e-01 8.826627358070183726e-01 8.830835047665696047e-01 8.897979520635722617e-01 8.783234426422810159e-01 8.627253139797376180e-01 8.603006524948872968e-01 8.654925497252579092e-01 8.497802568962461445e-01 8.677298591848050524e-01 8.220533095699231740e-01 8.297764319214385731e-01 8.755415094806130449e-01 8.741395657750229420e-01 8.629712227574871664e-01 8.678227480238276392e-01 8.633538389859791717e-01 8.746700694136128051e-01 8.689298321518629242e-01 8.781510549785026543e-01 8.559248926123481649e-01 8.655716803192723408e-01 8.489084702880488331e-01 8.527300711108660725e-01 8.569495676475399337e-01 8.620250580547400565e-01 8.626324920706589516e-01 8.601579663382749041e-01 8.512969139436397104e-01 8.697874685810125239e-01 8.663888788449659595e-01 8.672175708249696413e-01 8.784542532986384655e-01 8.837208194126321414e-01 8.426042856121910285e-01 8.631507224287530144e-01 8.720426511239280920e-01 8.572194417433322000e-01 8.544851178967136640e-01 8.708934578256356529e-01 8.754835598266234031e-01 8.723811595304051814e-01 8.681550506176353155e-01 8.774084466337613852e-01 8.822777522001123973e-01 8.803982152395442018e-01 8.791614347150381592e-01 8.788596305981698498e-01 8.728484733487852365e-01 8.877570814203360472e-01 8.831753033426694710e-01 8.797715474965795979e-01 8.803596208461417216e-01 8.879076002546968382e-01
3.488968712785008031e-02 1.990767182689319736e-01 3.311492397059809245e-01 5.407083955233621397e-01 4.160539241751822215e-01 4.856344985384528079e-01 7.098037497774608573e-01 6.338614839293608139e-01 7.472041139677513266e-01 1.000000000000000000e+00 7.466276453770099852e-01 7.829257239906410870e-01 7.139012898932128870e-01 7.332664430065640726e-01 7.962917372788625991e-01 7.703216946546083133e-01 7.319794534874746184e-01 6.600724036046178300e-01 7.163597802510569545e-01 6.045741196682653529e-01 6.680856523283756898e-01 7.187970126075930999e-01 6.623887201579874429e-01 6.261466321756210540e-01 6.826009716422839491e-01 7.791202447972455092e-01 7.683396902936238115e-01 7.813265845895199790e-01 7.646425932658825753e-01 7.774989648453426438e-01 7.973833584786094164e-01 7.905573106041816622e-01 7.379193216518349363e-01 7.489012287670920864e-01 7.705549736185347554e-01 7.393752450177840663e-01 7.811689308868580151e-01 7.677667590787736751e-01 7.801016503924925738e-01 7.740050543923133741e-01 8.121825033769323188e-01 7.938626033099330792e-01 7.655515485564755584e-01 7.960844687624585303e-01 7.907842579423475238e-01 7.913984549970094484e-01 8.142918318033307568e-01 8.221417279203626638e-01 8.073977528947297033e-01 7.401724130178914951e-01 7.847262161662076352e-01 7.362359143961794139e-01 7.961228950686676242e-01 8.136830508206499557e-01 7.937645253503423648e-01 8.031839641147136000e-01 7.893205033661078174e-01 8.088154529190679787e-01 8.025553007574144360e-01 8.153345537434584234e-01 8.039861306924939166e-01 8.008830630393600769e-01 7.928391873760440856e-01 8.060715946758510997e-01 8.056970632636730745e-01 8.065678603041961381e-01 8.164650836256786004e-01 8.068217804709090224e-01 8.082651903292296103e-01 8.043067111167750971e-01 7.918317932827892980e-01 8.093197443321660245e-01 7.771254864979387778e-01 7.829848734098926455e-01 8.173857880539289189e-01 8.137469121251843518e-01 8.171891636061703323e-01 8.111366219003375289e-01 8.110968698413101308e-01 8.167018708948269312e-01 8.140764678527002696e-01 8.173842420638918194e-01 8.052904528338385992e-01 8.127809994085001266e-01 7.932433696480306606e-01 7.983368507298658212e-01 8.049026450463575566e-01 8.081061697642027974e-01 8.088537159925455189e-01 8.091642448148972377e-01 8.082673247981546627e-01 8.151164654808390475e-01 8.102803140343189936e-01 8.138989881182133734e-01 8.184594689715574134e-01 8.205751508062510968e-01 7.870354631020001213e-01 7.869421568759151775e-01 8.071054982919545484e-01 8.033423685069681630e-01 8.029702549319063243e-01 8.053285307062438836e-01 8.089095561002903612e-01 8.112093923149106267e-01 7.984861334374638853e-01 8.026747773670409591e-01 8.146661866916350414e-01 8.174378906188030092e-01 8.143463213021668867e-01 8.154889717303626107e-01 8.119748074936495863e-01 8.201712699544942975e-01 8.138540906110997009e-01 8.110964615734858052e-01 8.093867732416187843e-01 8.134732537949255216e-01
3.500058435401481177e-02 1.594387962932609093e-01 3.808746113564186464e-01 6.175855810907481258e-01 4.828249692889738931e-01 5.654764749178691208e-01 7.823236836011897566e-01 7.323700377327945210e-01 7.971670706721257771e-01 7.466276453770099852e-01 1.000000000000000000e+00 8.757327299402801746e-01 7.857321836646893320e-01 8.199443852770358365e-01 8.822482862919508451e-01 8.617374491513459800e-01 8.128794885009764659e-01 7.711058284336460567e-01 8.285165315400646602e-01 6.853727137050242835e-01 7.845406155574462526e-01 8.300298990738889104e-01 7.609192764891847816e-01 7.333519207964731557e-01 7.928589096443410256e-01 8.717504702013556539e-01 8.525614093334358268e-01 8.676354821432217257e-01 8.586309384822266022e-01 8.730176208275594041e-01 8.909035332933457063e-01 8.840100182350439928e-01 8.365914126613362978e-01 8.570261641947113374e-01 8.572499717202269887e-01 8.523136700405090638e-01 8.800041883093632222e-01 8.725255719573989932e-01 8.826816861033431882e-01 8.741176878733777356e-01 8.924990620289462440e-01 8.867477260700720176e-01 8.669346566479601002e-01 8.936735930089648727e-01 8.900976065739659715e-01 8.894355913384488499e-01 8.981489677859577636e-01 9.001564914343218593e-01 8.890014998561652781e-01 8.505396380035401549e-01 8.868666060709289312e-01 8.527043064727602983e-01 8.851715388991927558e-01 8.826895986031995101e-01 8.742368157251783067e-01 8.975586103158473827e-01 8.720788774979100211e-01 8.936950970944347317e-01 8.856474030227292626e-01 8.932623472326304270e-01 8.978062184918566002e-01 8.750417274210556817e-01 8.823414469095502977e-01 8.917164191751447699e-01 8.919001849470984400e-01 8.880612262169415017e-01 9.030469086066492679e-01 8.992996535295003646e-01 8.990640812612938904e-01 8.930083543180536987e-01 8.940984897426323963e-01 9.033576043598184890e-01 8.739976267947969779e-01 8.844848934029173604e-01 9.049245558476916029e-01 9.021714454390700189e-01 8.995658519532966357e-01 9.001690685656658086e-01 9.006779016893085021e-01 9.042162027714770733e-01 9.029684288557959793e-01 9.059611432250004315e-01 9.023869731048560494e-01 8.999771048239693094e-01 8.939046419168660274e-01 8.984259748472711582e-01 9.023204323511304636e-01 9.041575091659463936e-01 9.029863589113900080e-01 9.026411100634711415e-01 9.004927881503234088e-01 9.038090505030323962e-01 9.050737747485864126e-01 9.046227795558946516e-01 9.040498672489416521e-01 9.046349207816768434e-01 8.896946888992262048e-01 8.825660934015199244e-01 8.992805200089711848e-01 9.000068361747521895e-01 8.986218755657656709e-01 8.988306601153849273e-01 9.023277099740432128e-01 9.013350298614003497e-01 9.001312687570880433e-01 8.922664808760855104e-01 9.012077202712319712e-01 9.030165808177398334e-01 9.029801798913161814e-01 9.037514659697171160e-01 9.005786447185412102e-01 9.025174116363499088e-01 8.984913760017543272e-01 9.027395096834904820e-01 9.017981942330290934e-01 8.993188089287580400e-01
3.167347519079476842e-02 1.651027728535686134e-01 3.831017477586274311e-01 6.615560731814471573e-01 5.151482914715428407e-01 6.051555513048370027e-01 8.200489710348919381e-01 7.720185606980394244e-01 8.465071165500991368e-01 7.829257239906410870e-01 8.757327299402801746e-01 1.000000000000000000e+00 8.424645714852139200e-01 8.588438232652833015e-01 9.289851344627839680e-01 9.130268682067975705e-01 8.544100767739949420e-01 7.954891812029513121e-01 8.535020958791931234e-01 7.335880730168059527e-01 8.107840489819493346e-01 8.547447678663041559e-01 7.688245549622588770e-01 7.427587158750734719e-01 8.139208320404218711e-01 9.140639885583875524e-01 8.999296387822870447e-01 9.113718434280572156e-01 9.047905157314529712e-01 9.143297794713918236e-01 9.385059290201851478e-01 9.274838121962134529e-01 8.792461096785499919e-01 8.951111172756665013e-01 9.106179624561809849e-01 8.919005210667039218e-01 9.183608912757457166e-01 9.243265707504106921e-01 9.298234874816845297e-01 9.185157622151023382e-01 9.388831105059124438e-01 9.351334288600956501e-01 9.138101771527225026e-01 9.427785281915901372e-01 9.323574042880767854e-01 9.356489550238332731e-01 9.486812933725199404e-01 9.498140941168420337e-01 9.423983675883150779e-01 9.043879286498511805e-01 9.366253145732446050e-01 8.984377963051369820e-01 9.397518839778100652e-01 9.350643645142717730e-01 9.313414886400874781e-01 9.453791145761578640e-01 9.277569003450798490e-01 9.443282126683915090e-01 9.421202701285941172e-01 9.432298116650090769e-01 9.502687449222733118e-01 9.301695775555374190e-01 9.388237244668639070e-01 9.443051778543507524e-01 9.387390895924616618e-01 9.428291656218303896e-01 9.523037058634014063e-01 9.441262216762709159e-01 9.431876353585372241e-01 9.446803246065794690e-01 9.353507739078604777e-01 9.483850405103422254e-01 9.091012768206758743e-01 9.171969578891459030e-01 9.521437723422356836e-01 9.511689046757746402e-01 9.470817235387288813e-01 9.493718836783340276e-01 9.436450510234745126e-01 9.516343423700820425e-01 9.499153695745418124e-01 9.549233319951098142e-01 9.406940714111380331e-01 9.492926535025799639e-01 9.432985081181110010e-01 9.433197152899976956e-01 9.463842872323311450e-01 9.502304732490362005e-01 9.495226305399869782e-01 9.459411560171658850e-01 9.440231314235699722e-01 9.534472222481890080e-01 9.505967236157417677e-01 9.526888281096201894e-01 9.537082817942464930e-01 9.548146154531508278e-01 9.374874546634112127e-01 9.349155276074856413e-01 9.491163581393272652e-01 9.470712065212472108e-01 9.467142247699243951e-01 9.493565100412233448e-01 9.534649817409188710e-01 9.539046500042701604e-01 9.483763897615155036e-01 9.416225553963109007e-01 9.524191722873063259e-01 9.529941476412462364e-01 9.529181090905682883e-01 9.542949636391899748e-01 9.501866380277759205e-01 9.536733958021139657e-01 9.487296961083332425e-01 9.519727799780651756e-01 9.491575385693377109e-01 9.504191489495770195e-01
5.070358429551619084e-02 1.409873854939144300e-01 3.415476928339480356e-01 5.935859679923765064e-01 4.944020703962956897e-01 5.509368587507628146e-01 7.455596477208819017e-01 7.021970396333981901e-01 7.700392933036569465e-01 7.139012898932128870e-01 7.857321836646893320e-01 8.424645714852139200e-01 1.000000000000000000e+00 7.747351845971337525e-01 8.513071300897124827e-01 8.410255570767852795e-01 7.680860176874149126e-01 7.184579129969180800e-01 7.749271479685246877e-01 6.721345051489124867e-01 7.357336459763952341e-01 7.763530640668403482e-01 6.984825454716820925e-01 6.718834553047021707e-01 7.423193852309558638e-01 8.349177875583569941e-01 8.185158381966378682e-01 8.247562167429363100e-01 8.236312368961540287e-01 8.292000444461978814e-01 8.504764226859379272e-01 8.365930958676365270e-01 7.989540696513219853e-01 8.042682340733350310e-01 8.276110812743772138e-01 8.136529697918422066e-01 8.346152311319779971e-01 8.282061519606412903e-01 8.438544271747058234e-01 8.281152138139461494e-01 8.525788846344607430e-01 8.450657233036212856e-01 8.301615062852344407e-01 8.570171358365846759e-01 8.497930545372445188e-01 8.489866575506342938e-01 8.587137722546491769e-01 8.567820673082251481e-01 8.489391958219950629e-01 8.133262924944902883e-01 8.435859943243850800e-01 8.146624113502365372e-01 8.536317704619389435e-01 8.410156976938661932e-01 8.329927499157410153e-01 8.513603673188814280e-01 8.271861258624417790e-01 8.499090181339696848e-01 8.443716778531896727e-01 8.575591400549000820e-01 8.593976896722150816e-01 8.350590382600016071e-01 8.408801607625699948e-01 8.522975733988463753e-01 8.531832072089714503e-01 8.518673102660929697e-01 8.619460969103602821e-01 8.546379246609384639e-01 8.502852648490670795e-01 8.553543737282411907e-01 8.472439468043877486e-01 8.613915897281877454e-01 8.193555252981957748e-01 8.322193243294873088e-01 8.625914394731547530e-01 8.621907087950645421e-01 8.588115508410145704e-01 8.585144793715000500e-01 8.522888106444796996e-01 8.617827248058128609e-01 8.597297996767588879e-01 8.655295781947069944e-01 8.506897106038737721e-01 8.565302815355489985e-01 8.501717772612741308e-01 8.498550814895127203e-01 8.580828368138689877e-01 8.585908511835340651e-01 8.605562817075974591e-01 8.569544586520766449e-01 8.557221422445993042e-01 8.639371043952849272e-01 8.634875559651271626e-01 8.625223591509503240e-01 8.627336228411364161e-01 8.632763146697080003e-01 8.450776218461109046e-01 8.442893219669420635e-01 8.563067270653438312e-01 8.572203836618350614e-01 8.579283838968800868e-01 8.563944599646364786e-01 8.640950474838927642e-01 8.629566398853175668e-01 8.603859959473176833e-01 8.481735500095871627e-01 8.591308171059600651e-01 8.628186816608677256e-01 8.614370290037036693e-01 8.609782717456028189e-01 8.571015784815646521e-01 8.633152280101535903e-01 8.547700352099933951e-01 8.627269838175373184e-01 8.604876399094874007e-01 8.596001810149140887e-01
