1.000000000000000000e+00 6.438937644148599870e-02 6.452673136108882934e-02 -2.139038918064930725e-02 5.724656745828830828e-02 -8.767835055716684603e-03 3.523919807344046140e-02 1.675323994063799768e-02 8.645733515224847399e-02 5.821150224927539724e-02 1.732115723272482574e-02 -1.600510575938445673e-03 2.428594042265467753e-02 -5.473411604786995732e-03 1.040213334430029751e-02 1.161270919036585560e-02 2.848180659944929416e-02 5.861652068228688506e-02 4.036310201989064955e-02 3.485777447200952284e-02 4.002819816971042027e-02 5.011770515000674858e-02 6.312280018139300453e-02 6.641052385561686811e-02 6.035574335369538190e-02 3.852831445561407525e-02 4.827580935358045250e-02 3.784770682305851897e-02 6.977918620801458471e-02 7.022340105215761630e-02 5.578059694187319228e-02 2.125780103733579396e-02 2.351946264302392370e-02 2.164408925230697917e-02 3.847139067017688041e-02 -1.634261658827880145e-02 2.989694378553798063e-02 2.064790529523421667e-02 1.673838628334627099e-02 -3.750388357869018779e-02 1.486173981576784184e-03 -3.986252216066367947e-03 -1.016306230713167127e-03 7.523879811969129763e-03 7.063098667123605783e-03 2.511348305079352458e-02 -2.823552755158614466e-03 1.726599728970442879e-02 1.437857988023152206e-02 6.861909283176388392e-05 -3.233349712281659381e-03 5.456870854038575053e-03 1.563890992524413423e-02 2.831088257454463658e-02 2.517406629677203939e-02 1.584118437277933639e-02 1.260599959912091922e-02 7.143409758679328432e-03 7.451780927733029150e-03 1.991719816511950542e-02 3.969149990528434389e-03 2.132964432293517690e-02 7.441114678223201967e-03 1.545015791577195215e-02 2.136589029250651403e-02 2.072527370187316267e-02 1.070145112541372526e-02 1.410622669234795276e-02 2.123832592296304167e-02 1.463716165220207976e-02 1.305157991732929131e-02 2.050189805632099058e-02 2.587112013592457807e-02 2.080920023816923772e-02 1.360584944974828694e-02 1.909830783762861417e-02 1.623237920405940643e-02 3.159997059304313349e-02 1.648386281912762874e-02 2.664115044640289962e-02 1.562173573089775148e-02 2.160082759021917514e-02 6.287667609452664806e-03 1.956700519615458753e-02 1.496539925538554507e-03 1.018944130576324852e-02 3.120555614106812828e-03 -2.331007924984043311e-03 6.154299983712919510e-03 4.796432430126145417e-03 -6.014995547658837961e-03 4.070015927719316260e-04 5.846384465531001377e-03 6.310470257637857544e-03 4.984261977352819582e-03 8.527672099396933422e-03 -1.626407199921702657e-02 6.491197081269713814e-03 6.211162665789182573e-03 -1.766076044135917464e-03 -7.731361454856197808e-03 -2.767358732234906967e-03 9.642436520833696373e-03 2.183328855533786615e-03 9.611576177392435740e-04 1.625390325596255681e-02 1.271393634840795907e-02 9.059269935587714942e-03 5.781487951688615151e-03 1.290786244244473448e-02 6.013849233429493547e-04 1.436122640984805778e-02 1.111986248218074097e-02 8.876326156553027841e-03 1.154263693411003953e-02 1.494963013369081210e-02
6.438937644148599870e-02 1.000000000000000000e+00 7.023142189335093710e-02 9.703738229293898399e-02 6.382677157541451207e-02 8.653240283525610865e-02 1.506342995908279414e-01 1.201254750394386422e-01 1.688545085770147280e-01 1.666726545207078691e-01 1.170575266751368582e-01 1.265449976158385115e-01 1.173591697496445402e-01 1.241719376804949621e-01 1.486556781236604008e-01 1.356358248231268326e-01 1.618155253819678618e-01 1.913626240770814613e-01 1.665964676185579529e-01 1.222474712396252605e-01 1.709153099503624706e-01 1.801090648818772233e-01 1.845285751002839758e-01 1.879911116216964606e-01 1.806664753316491179e-01 1.707932639553993437e-01 1.725820615651386114e-01 1.571006145368951945e-01 1.891881754290642703e-01 1.949845887713015091e-01 1.690306418523388754e-01 1.597342805695992629e-01 1.761135990684647989e-01 1.626603799856001786e-01 1.661317226923534895e-01 1.481721176091139458e-01 1.686309063861165247e-01 1.704507196160396088e-01 1.607389030658816220e-01 1.209367521833549369e-01 1.472240998791988775e-01 1.415793302887126681e-01 1.362833173208198301e-01 1.514857552178625333e-01 1.488117674653523792e-01 1.608222135706815215e-01 1.487083809892955633e-01 1.495015791248126835e-01 1.430464889070351686e-01 1.440641303400512496e-01 1.495310850912391354e-01 1.319283704657499834e-01 1.388401259690350276e-01 1.569753424260693642e-01 1.557589968326897611e-01 1.617011910973282784e-01 1.428890144254236216e-01 1.326443353694432004e-01 1.437907579571922612e-01 1.490957774781223044e-01 1.392034952643236845e-01 1.462076307655576224e-01 1.459019812672817107e-01 1.473474649126181590e-01 1.503236102810553976e-01 1.565609626971325996e-01 1.462368856750806689e-01 1.489774914958623964e-01 1.614445647003792395e-01 1.505680012666462120e-01 1.550127127362760926e-01 1.524680321592524201e-01 1.604680762038562525e-01 1.598061114496510948e-01 1.537067451242969118e-01 1.565282719120366095e-01 1.580909436152869163e-01 1.650704787678661245e-01 1.522626537082303055e-01 1.576106606575637670e-01 1.581181874080750116e-01 1.554676110748877405e-01 1.558175767751232843e-01 1.659404835499417030e-01 1.518050471115015010e-01 1.510454844727570078e-01 1.462134360882705597e-01 1.496729175059940131e-01 1.459632173596837890e-01 1.515480694808424844e-01 1.454310907877090497e-01 1.429111749488106708e-01 1.471483708800417900e-01 1.473855668362905602e-01 1.408373243940887753e-01 1.463476594928957430e-01 1.287511118664062537e-01 1.394889016579979324e-01 1.419461437882939547e-01 1.445644804397513417e-01 1.339710885915423311e-01 1.394120141439259830e-01 1.468987346992010334e-01 1.402541516812133848e-01 1.409997547607800827e-01 1.405550081300556975e-01 1.434008752083371085e-01 1.500513214191715183e-01 1.469106491645894297e-01 1.460902946278578585e-01 1.432033360002145095e-01 1.458584578719800962e-01 1.436892325930989867e-01 1.406338888972565870e-01 1.472659690665572008e-01 1.470156328316564176e-01
6.452673136108882934e-02 7.023142189335093710e-02 1.000000000000000000e+00 3.020322154599801023e-01 2.323185867155155016e-01 2.064358566687916341e-01 3.169776850355606745e-01 2.863383552257018905e-01 3.425342932185399536e-01 2.980811039979933130e-01 3.395519160844787110e-01 3.494649963091098765e-01 3.120172535410324910e-01 3.140823181617427573e-01 3.571626167915796790e-01 3.462085123586939317e-01 3.563367037915823321e-01 3.417674596004848797e-01 3.519802159452871115e-01 2.879444906618162658e-01 3.609687371439901926e-01 3.569195625310566111e-01 3.457302251731185216e-01 3.318751010857050598e-01 3.444804664485022760e-01 3.637988809086140085e-01 3.450399962140567878e-01 3.507234282845920759e-01 3.292266403491252991e-01 3.557125541625703602e-01 3.538409188572411712e-01 3.762127041153620066e-01 3.552929408831940750e-01 3.697480898031843544e-01 3.669718818957447004e-01 3.571183085459894158e-01 3.662364457999311429e-01 3.605318690740221266e-01 3.619961481520897473e-01 3.545104013522025754e-01 3.609414168516686949e-01 3.521689928552131366e-01 3.524677024649038870e-01 3.649919536820176447e-01 3.659415650338510018e-01 3.611819251649923679e-01 3.553863766275146552e-01 3.566610699760596193e-01 3.578043435700266617e-01 3.544869686444083179e-01 3.499989809579424627e-01 3.619493555856036493e-01 3.655145094702602626e-01 3.557439677589995242e-01 3.473537953957828162e-01 3.638721714495455895e-01 3.474996107678757773e-01 3.474553700478340001e-01 3.491676323154854211e-01 3.647634973236374978e-01 3.540986845238311975e-01 3.487681082714829128e-01 3.361975156869894121e-01 3.528094103993470454e-01 3.697471674340608305e-01 3.650778594911409658e-01 3.608514930598545334e-01 3.641244826235704446e-01 3.658749784630866975e-01 3.674413905824719384e-01 3.647123102188308819e-01 3.612774220624642152e-01 3.658006320414152746e-01 3.622830925005864344e-01 3.633967588057672171e-01 3.596592035381686037e-01 3.603808834594955934e-01 3.545636794809026160e-01 3.634246729671914422e-01 3.588740008129701065e-01 3.636730099245931713e-01 3.570222168273257668e-01 3.687619932146896651e-01 3.615634397675674405e-01 3.619560531846481299e-01 3.659383666895241194e-01 3.693336770388918056e-01 3.600729703141647420e-01 3.627278663131812686e-01 3.620466669270960280e-01 3.640996359158506501e-01 3.607735654334083275e-01 3.684391208389318773e-01 3.606249303725367339e-01 3.565321677281882984e-01 3.560349075502830529e-01 3.474099949426044942e-01 3.543233442637495068e-01 3.550776771324022918e-01 3.569924854143476378e-01 3.551163551178257438e-01 3.482517750301824533e-01 3.641573648114992401e-01 3.584006820962484796e-01 3.646648296839670733e-01 3.504616059917393112e-01 3.555037867467646939e-01 3.592496620854764289e-01 3.559890486853325431e-01 3.577914494231293485e-01 3.518413701367167357e-01 3.631589496332434663e-01 3.568543488529640761e-01 3.596701535717418130e-01 3.624803951413460013e-01 3.626265663835546160e-01
-2.139038918064930725e-02 9.703738229293898399e-02 3.020322154599801023e-01 1.000000000000000000e+00 3.643136377295982942e-01 4.030269347394555557e-01 5.580795163662056746e-01 5.336997735633169926e-01 5.220290681537620436e-01 4.963991327471540815e-01 5.655331511722315740e-01 6.426031751053752350e-01 5.442545639384090972e-01 5.374915886945146326e-01 6.026056452345720515e-01 6.093159105480751014e-01 5.653222645412717684e-01 4.854209354980971725e-01 5.459335447895899973e-01 5.492804136792687197e-01 6.181358950988159462e-01 5.489225029750764984e-01 5.122374925122679112e-01 5.115578193218999203e-01 5.014953271756537045e-01 5.724547721434287695e-01 5.448101927180071247e-01 5.438988138226933389e-01 4.532520590229143775e-01 5.136004649500403030e-01 5.448149203587450140e-01 6.058944382746566104e-01 5.166039166508553659e-01 5.982208374940778395e-01 5.619760844732984983e-01 5.963462756173614210e-01 5.814449313253031715e-01 5.615977735065880161e-01 5.809995065399986558e-01 6.085866107179217499e-01 6.032402625749008207e-01 5.972092179095749298e-01 6.066415590076360553e-01 6.083002631306743124e-01 6.113490020143498294e-01 5.719214033516806239e-01 5.924407011932258937e-01 5.932734137993216361e-01 5.996498062491675274e-01 5.940086688683134941e-01 5.837526533194740130e-01 6.242851469815924315e-01 6.259027362824113316e-01 5.836821784778253308e-01 5.827693458195206677e-01 5.967061519343905829e-01 5.980943632905992846e-01 6.018837401187761005e-01 5.944746516552301685e-01 6.044150315821321673e-01 6.058565829786060064e-01 5.947626145890385629e-01 5.912617901644021678e-01 5.883752355864756423e-01 5.985553333927037256e-01 6.095087638592031620e-01 6.011369420478435144e-01 5.954296279602988573e-01 6.004946007101744643e-01 6.170992220441288145e-01 6.122308866062978749e-01 5.904269224132342453e-01 5.921077446027116498e-01 5.780261335337645301e-01 5.965095675530613928e-01 5.874851489365552348e-01 5.822941709947200284e-01 5.504602633301253212e-01 5.703594329361255655e-01 5.721987571084597990e-01 5.857791243474653742e-01 5.754095606835928356e-01 6.141460009265501396e-01 5.747679286437538115e-01 6.089252917005559818e-01 6.132236461267380756e-01 6.073863988225650656e-01 6.020257061917743124e-01 5.979426979721047530e-01 6.054568366684843772e-01 6.066816466589878276e-01 6.052630819626010350e-01 6.089492579464178545e-01 5.969059912582044269e-01 5.990380148358693813e-01 5.966646588950863528e-01 6.185792578272126807e-01 6.242150133146431301e-01 6.130111148067031168e-01 6.080415327472641351e-01 6.135771714109787833e-01 6.157829587585299524e-01 6.168504748014432826e-01 6.083163156202145982e-01 6.274682092141594669e-01 6.143388424299583983e-01 6.018531355067356925e-01 5.977166405578284714e-01 5.999890057203753901e-01 6.060233950971548600e-01 6.043291815641335107e-01 6.059894424702054749e-01 6.098731484229714672e-01 6.118901797767449802e-01 6.078498742291558177e-01 6.178180073616614809e-01
5.724656745828830828e-02 6.382677157541451207e-02 2.323185867155155016e-01 3.643136377295982942e-01 1.000000000000000000e+00 3.119705199627318404e-01 4.671526866827534485e-01 4.707384281785146340e-01 4.714511281593687930e-01 3.986404119275556157e-01 4.680837250692010398e-01 4.920739175048489678e-01 4.862738551038633394e-01 4.416793532338411654e-01 5.041701956367640181e-01 5.048023372413015242e-01 4.832978130279391160e-01 4.410155362292864645e-01 4.802768380698537731e-01 3.845580060510839782e-01 4.865518383988061135e-01 4.893647265792671064e-01 4.654084469120223222e-01 4.370452596280440805e-01 4.702976954135105192e-01 4.798469226718488079e-01 4.777580679843516087e-01 4.685356683703965075e-01 4.270940178221990235e-01 4.727962830382443915e-01 4.916451398295969555e-01 5.036152362138125449e-01 4.554196904102522092e-01 4.876741863407321742e-01 4.856044147419726342e-01 4.881055255996807341e-01 4.924936596779380671e-01 4.863410986908827116e-01 5.006148916642341185e-01 4.599318919826498320e-01 4.992980600947086733e-01 4.921447915833921938e-01 5.031318431196339924e-01 5.091036032096614150e-01 5.032659042239454594e-01 4.943304939530405728e-01 5.054741862991753987e-01 5.030423840228746002e-01 5.029463488251925130e-01 4.971881038869939706e-01 5.011945540794127130e-01 5.176429151511390270e-01 5.156775614540024533e-01 5.002401699638776567e-01 4.951471276872524974e-01 4.953141651603973350e-01 4.915604852753621690e-01 4.988055637741398707e-01 4.900857459270485106e-01 5.196924800163590374e-01 5.094708775340365259e-01 5.009400863988207053e-01 4.906172012337968735e-01 5.157826510152071497e-01 5.119824533311272408e-01 5.167524978358831733e-01 5.071097478810769887e-01 5.095006010793858842e-01 5.078514795566205775e-01 5.114740908897669192e-01 5.139583549444585175e-01 5.050734134017035304e-01 4.960671701133864686e-01 5.013261133417769022e-01 5.037204089551594599e-01 5.022095438084093200e-01 4.975287808070966156e-01 4.902778580564764455e-01 4.956979509326125966e-01 4.998973089204372111e-01 5.021674293802729228e-01 5.031695947723040518e-01 5.057542694423139418e-01 4.977869178233453318e-01 5.043684870963059952e-01 5.063980843134280319e-01 5.034631087756308299e-01 4.956858335888242317e-01 5.007662781889885562e-01 5.010746043936242788e-01 4.957401406164023139e-01 5.058456548287291188e-01 5.080188209463198934e-01 5.017882033695694188e-01 5.033942240078737029e-01 5.027769527580847608e-01 4.961027623059940383e-01 5.083754968104248206e-01 5.083603819778635957e-01 5.031832911815510290e-01 5.037213891373824026e-01 5.004591179160590153e-01 5.103295635623499305e-01 5.078367971292992999e-01 5.138016664150294455e-01 5.033273088142022900e-01 5.035445645009815063e-01 5.050337454074818044e-01 5.010536013748317918e-01 5.084165867513342763e-01 4.967221396260734778e-01 5.110890108862550241e-01 5.046214273464515454e-01 5.117944849815903030e-01 5.121733236131086331e-01 5.123556264568979168e-01
-8.767835055716684603e-03 8.653240283525610865e-02 2.064358566687916341e-01 4.030269347394555557e-01 3.119705199627318404e-01 1.000000000000000000e+00 5.264192711346323827e-01 4.711078677657752900e-01 5.100113009479773085e-01 4.718338666080820198e-01 5.117048366523944125e-01 5.629880056371621144e-01 5.054715819352513240e-01 5.159909272149039161e-01 5.727250944571998792e-01 5.584670355808287745e-01 5.181282596026864917e-01 4.805854945117116750e-01 5.181862562184050836e-01 4.576193220134686657e-01 5.274048798613187872e-01 5.227744173136926742e-01 5.103756847842113586e-01 5.006148472819593742e-01 5.148774505108768551e-01 5.573269637925822861e-01 5.437369008122002745e-01 5.285888063656820623e-01 4.834329833628405182e-01 5.190712559978979401e-01 5.438770340068492803e-01 5.610678909935336023e-01 4.925806846694804619e-01 5.499808847943232770e-01 5.333520896983842130e-01 5.272691867154164491e-01 5.518354886424144956e-01 5.451717482114936120e-01 5.671258011112860764e-01 5.469985840690601009e-01 5.840647534951949327e-01 5.720243350130680415e-01 5.715927894260180997e-01 5.812544780506717634e-01 5.697774394674027798e-01 5.655460569085503097e-01 5.796860165842085966e-01 5.829347353983397317e-01 5.801570389737578104e-01 5.557386403514944506e-01 5.661754193197982010e-01 5.562574172431099528e-01 5.759419062027799630e-01 5.760313957703526722e-01 5.734503001831070534e-01 5.732380280085384028e-01 5.647982755844238589e-01 5.811055805824640874e-01 5.754377672494578322e-01 5.799614737701499489e-01 5.873081974420210072e-01 5.771924951234960188e-01 5.686819586027452855e-01 5.719293713324841155e-01 5.753667833833582268e-01 5.771039414362316711e-01 5.803576823212202029e-01 5.811669878052694305e-01 5.813993583423268108e-01 5.849468643431293691e-01 5.788041025213069846e-01 5.822408531697270684e-01 5.779780927643179966e-01 5.722314538480145485e-01 5.810830119568960450e-01 5.754862086657136500e-01 5.735607786007559383e-01 5.601794948293957743e-01 5.730245609524884376e-01 5.707271401087582463e-01 5.729795793827641148e-01 5.759123064977244022e-01 5.796011549841886268e-01 5.694503003198604363e-01 5.804827894395540033e-01 5.836023504581459020e-01 5.789442540320332009e-01 5.819290789173123812e-01 5.771851218288974739e-01 5.810920806532609006e-01 5.775457829335866045e-01 5.846850498097926341e-01 5.839127759373868853e-01 5.842174248876227383e-01 5.846223230577834995e-01 5.823563777961703325e-01 5.822145575656970662e-01 5.838932748207141810e-01 5.855564175531903226e-01 5.841755329460315282e-01 5.854692177069190651e-01 5.859684447399005069e-01 5.865766891145743900e-01 5.875743548566920715e-01 5.884556947894481471e-01 5.802370590516746640e-01 5.843243258463577394e-01 5.827874681712568172e-01 5.837823832945346902e-01 5.843071347867453413e-01 5.839067095090820780e-01 5.840784966301126868e-01 5.842334367035222353e-01 5.859627207528894655e-01 5.813393682686749386e-01 5.852167724245523894e-01
3.523919807344046140e-02 1.506342995908279414e-01 3.169776850355606745e-01 5.580795163662056746e-01 4.671526866827534485e-01 5.264192711346323827e-01 1.000000000000000000e+00 7.126856150318418015e-01 7.250219413911734856e-01 6.904133622471569920e-01 7.561330809518634899e-01 8.079519127214895846e-01 7.239667837422362195e-01 7.278643302468921217e-01 8.378559631489714832e-01 8.227741094319528381e-01 7.427657618163171493e-01 7.250964877216432569e-01 7.668900620895329201e-01 6.684422323922789566e-01 7.664599496343329488e-01 7.694424843673285386e-01 7.632947795396399782e-01 7.285611414315188439e-01 7.581861997188277247e-01 8.062326658305596361e-01 7.913836043785138497e-01 7.937608952276231644e-01 7.336249846984542744e-01 7.820612282995275111e-01 8.089972187684170146e-01 8.251728718251396533e-01 7.664800103225409833e-01 8.061470491477206179e-01 7.943833646057847364e-01 7.774580360867643369e-01 8.146003291418131287e-01 8.133049189981018667e-01 8.255729094485408925e-01 8.093576916800896415e-01 8.285926227764971452e-01 8.246369966832036713e-01 8.217233224872146913e-01 8.334495241220153394e-01 8.251887338784066328e-01 8.260192172399002386e-01 8.286190982853042231e-01 8.337743428110901966e-01 8.346085977366196618e-01 7.982763929929828084e-01 8.142005557748924760e-01 7.823936039130929831e-01 8.262481151064342555e-01 8.276401878600080364e-01 8.230116891634604581e-01 8.290406314529716880e-01 8.121573650170480496e-01 8.269415341382689855e-01 8.280725576321209536e-01 8.310606993729366954e-01 8.293902327848966527e-01 8.316158947528544676e-01 8.182973305432434952e-01 8.213492190648926661e-01 8.220464644794281961e-01 8.251624220440565427e-01 8.354188273601343973e-01 8.355435254503510434e-01 8.412721117843213747e-01 8.443550861025184151e-01 8.389650205573772057e-01 8.332060749190318694e-01 8.325201890577512698e-01 8.252725028909800864e-01 8.361057786922548862e-01 8.313027181185886905e-01 8.297120993970008573e-01 8.143389393392457265e-01 8.291143606394062449e-01 8.261803933736555638e-01 8.325135482713998947e-01 8.329863538893376163e-01 8.406929397783868829e-01 8.289640472216627254e-01 8.369193667051292307e-01 8.431541028493899637e-01 8.389930520221551280e-01 8.395764834063161874e-01 8.397387674876688468e-01 8.346001830620016770e-01 8.393116691597409806e-01 8.400305082448296101e-01 8.427941761787404173e-01 8.394650771714826654e-01 8.355317082378376226e-01 8.352888375712743674e-01 8.377234257883624524e-01 8.358027361606262806e-01 8.398960447818085706e-01 8.361060319972026811e-01 8.407846258337985379e-01 8.381134486628062374e-01 8.368806911122502745e-01 8.391720406068977622e-01 8.395972320889708573e-01 8.332524220203058052e-01 8.360462816440916711e-01 8.352786431017158453e-01 8.373605218807289585e-01 8.370518367977396457e-01 8.363894896302387361e-01 8.361764280709939046e-01 8.382606949977765565e-01 8.405723378874532248e-01 8.318408956339162774e-01 8.379215920215371538e-01
1.675323994063799768e-02 1.201254750394386422e-01 2.863383552257018905e-01 5.336997735633169926e-01 4.707384281785146340e-01 4.711078677657752900e-01 7.126856150318418015e-01 1.000000000000000000e+00 6.930547896249125150e-01 6.301355624436902891e-01 7.104490091240716065e-01 7.652160887947273560e-01 7.063588301742340647e-01 6.855446989815965342e-01 7.872974527005326406e-01 7.960986042653521721e-01 7.183069262350524342e-01 6.816242836845425312e-01 7.166102640751110808e-01 6.201253265445586527e-01 7.265828047447228100e-01 7.312138263731865484e-01 7.213644901049479641e-01 6.894048713977819487e-01 7.109625964050202418e-01 7.457675357057426124e-01 7.246203839655701584e-01 7.179937653941782516e-01 6.652965912708360685e-01 7.193884891584787500e-01 7.503523359268714499e-01 7.784641355113572914e-01 7.058879323551887630e-01 7.627522335579276502e-01 7.484022871317814740e-01 7.219627615220900463e-01 7.497724025716573371e-01 7.654375855310819876e-01 7.773042381076173957e-01 7.441429145327670414e-01 7.702422517445199901e-01 7.705166936621354878e-01 7.683410168966763321e-01 7.874642811952671240e-01 7.690024792875407300e-01 7.720122723171107815e-01 7.793051497835179475e-01 7.863197446428983328e-01 7.898858315622202531e-01 7.742334430462100014e-01 7.814158053597329845e-01 7.511969095738236790e-01 7.809616157076882947e-01 7.849271484766628948e-01 7.897064150646730951e-01 7.826665666082603945e-01 7.867299732313388638e-01 7.789594158337496133e-01 7.911450255451139002e-01 7.874957814915387599e-01 7.905281044507163069e-01 7.886426269624874363e-01 7.885171297374191646e-01 7.887743622674707744e-01 7.802674638572730803e-01 7.868127776136267792e-01 7.852863463035207880e-01 7.896727909797716105e-01 7.927208417206702551e-01 7.922503353495914391e-01 7.896673890358053560e-01 7.843451410915193156e-01 7.834267188899635137e-01 7.732556504556110655e-01 7.820476051888750613e-01 7.737215684599124677e-01 7.685780570867525308e-01 7.617785067155548040e-01 7.726225946446829695e-01 7.759193490194624676e-01 7.771566787055038672e-01 7.811979486395931316e-01 7.840930591736114952e-01 7.778569027192383523e-01 7.889576091460654972e-01 7.923035797669851776e-01 7.785145752064757119e-01 7.851744510830689361e-01 7.845209098459994257e-01 7.801548737104121445e-01 7.713054007438322479e-01 7.821947159817561612e-01 7.825927316366337871e-01 7.833054876965336311e-01 7.851479027453009962e-01 7.851453714039906551e-01 7.886773445593405762e-01 7.973454311551090301e-01 7.945510682239574907e-01 7.851482127145620327e-01 7.848929996295601619e-01 7.949708651207678667e-01 7.854660452495579870e-01 7.879947646501355152e-01 7.876910759513624516e-01 7.913478791508647969e-01 7.898109014827856544e-01 7.882042526804365901e-01 7.872294235312358168e-01 7.870135923228510633e-01 7.862891468394077599e-01 7.895981665645819270e-01 7.884287834459072775e-01 7.921207554674890572e-01 7.860962893028539122e-01 7.912441774579108689e-01
8.645733515224847399e-02 1.688545085770147280e-01 3.425342932185399536e-01 5.220290681537620436e-01 4.714511281593687930e-01 5.100113009479773085e-01 7.250219413911734856e-01 6.930547896249125150e-01 1.000000000000000000e+00 7.312057368715478844e-01 7.762075807335941935e-01 8.111561504468135508e-01 7.315212581875442099e-01 7.375469752465616535e-01 8.373350066033962147e-01 8.196966542067020134e-01 7.875530805241525156e-01 7.544927594541144256e-01 8.105144812715028291e-01 5.693859574581314753e-01 7.621953648257181468e-01 8.149550806790273327e-01 8.116674498362936863e-01 7.461426027310064102e-01 8.092517172684521309e-01 8.419822797764586753e-01 8.282182733984448930e-01 8.165515716169606808e-01 7.888665833240108283e-01 8.341261095462184638e-01 8.534435909631938877e-01 8.420733175466281750e-01 8.111041606758973010e-01 8.215413417538982577e-01 8.393687502103213127e-01 7.989555599575711708e-01 8.493212296436476461e-01 8.378697702963613381e-01 8.549826641585939191e-01 7.865745764879178425e-01 8.474821468592076412e-01 8.389203662612549905e-01 8.088433160196387695e-01 8.556146501616312960e-01 8.479843723139841583e-01 8.410687353579633374e-01 8.584788449724940484e-01 8.645837494968857673e-01 8.594862433820938952e-01 8.307651387685678346e-01 8.441342090656720476e-01 8.257070587826617070e-01 8.458261817360961388e-01 8.650063897318615025e-01 8.499738287115523594e-01 8.564111071744295867e-01 8.460183453222445138e-01 8.476558389813519945e-01 8.439191865003409232e-01 8.653857867657372971e-01 8.562304477660842572e-01 8.556455411214831663e-01 8.432803588397100869e-01 8.608215568272875595e-01 8.658363455351932858e-01 8.641676954374833963e-01 8.630571345635688063e-01 8.626556446070972051e-01 8.624129926593947504e-01 8.416991363676064042e-01 8.591886087761907431e-01 8.655727013206611087e-01 8.454897162694499091e-01 8.499820874906067747e-01 8.638143256065419218e-01 8.646339065389406775e-01 8.575868632595351482e-01 8.587147773572127996e-01 8.561838068521397949e-01 8.656020936544974731e-01 8.636158702700488243e-01 8.655865013904905370e-01 8.564679706276794313e-01 8.642769811889898790e-01 8.510346314550514268e-01 8.544686706953836808e-01 8.553616996072239687e-01 8.500031025895496972e-01 8.583843887429088992e-01 8.539410845232101588e-01 8.466498235934990513e-01 8.543138865988851860e-01 8.568104679623554931e-01 8.548667848331155117e-01 8.581673327928859285e-01 8.608619759731845900e-01 8.308348341187898889e-01 8.489327387643724743e-01 8.552543928488877123e-01 8.491884499350832449e-01 8.372465193539827544e-01 8.460600884239144470e-01 8.585644847505387034e-01 8.560141890480629234e-01 8.550338993448824976e-01 8.492042291756292105e-01 8.608926856983867282e-01 8.622012357703194851e-01 8.540026620509147959e-01 8.605133977509498155e-01 8.448734199485472551e-01 8.642905915555082474e-01 8.526383743127865511e-01 8.610080072611027147e-01 8.659910972469910817e-01 8.606000771058458509e-01
5.821150224927539724e-02 1.666726545207078691e-01 2.980811039979933130e-01 4.963991327471540815e-01 3.986404119275556157e-01 4.718338666080820198e-01 6.904133622471569920e-01 6.301355624436902891e-01 7.312057368715478844e-01 1.000000000000000000e+00 6.981746803000267176e-01 7.521218706041081781e-01 6.700986667683546116e-01 6.849127116638094037e-01 7.767954152549101376e-01 7.548378744584895994e-01 7.024789044960927376e-01 6.980250218581319777e-01 7.367872898475485988e-01 5.864607228703876407e-01 6.962619395594369376e-01 7.300349459305712774e-01 7.464347743962901349e-01 6.916101764633190152e-01 7.365981744519000118e-01 7.739873882764141122e-01 7.667569323251826052e-01 7.683335069952855756e-01 7.336150747684793139e-01 7.621162111775766634e-01 7.790843046470720124e-01 7.764353309098805944e-01 7.459542595115695729e-01 7.453614245917821179e-01 7.657288738732285216e-01 7.192259272187970787e-01 7.776867324694334282e-01 7.737862196336521281e-01 7.839581659348480169e-01 7.483547560869336923e-01 7.853551432968437496e-01 7.833062477213890151e-01 7.633921647250263565e-01 7.921728716992771924e-01 7.824333978549002921e-01 7.874917448371328010e-01 7.902755277200573802e-01 7.998459677977524107e-01 7.927787281272683506e-01 7.460116976376067743e-01 7.678053502357284898e-01 7.302830976396006424e-01 7.748055795348903763e-01 7.977649802833256532e-01 7.897926154139357502e-01 7.943818944519521752e-01 7.659437523469870834e-01 7.908437682326254770e-01 7.865194688287537872e-01 7.926758689490501775e-01 7.843128882239375210e-01 7.883601371439828975e-01 7.751544488132182664e-01 7.755906776414317472e-01 7.822647305868135614e-01 7.819418011243595146e-01 7.944458572906371030e-01 7.967523973824539585e-01 7.997924575800851033e-01 7.916588927125123298e-01 7.909414865106451087e-01 7.975045341932489595e-01 7.878764786342536963e-01 7.876869665475682014e-01 7.972297312062769370e-01 7.986171264554047244e-01 7.967412009895626923e-01 7.949227435933143848e-01 7.968634219302883626e-01 7.977561125904742978e-01 7.972672568371339530e-01 7.985802730413813499e-01 7.918795560843611137e-01 8.000277948360237090e-01 7.848318311056908803e-01 7.899742127760529531e-01 7.919325545681027423e-01 7.925505021395113925e-01 7.941912504026957809e-01 7.926833718486752112e-01 7.913968075204246277e-01 7.968130646274328432e-01 7.957159469606224222e-01 7.988543888987518216e-01 7.955983763700475997e-01 7.977131041745005868e-01 7.771676209927310675e-01 7.816177709046423505e-01 7.928785139194127751e-01 7.879991216342726590e-01 7.849140287891895884e-01 7.880389467895033695e-01 7.957272088631861529e-01 7.934981235509281916e-01 7.886010687868912905e-01 7.886829890888281680e-01 7.953116023035250448e-01 7.957614107006250048e-01 7.971174845243135243e-01 7.981337548982467833e-01 7.923648656090527265e-01 7.957845245062552531e-01 7.936244579149343004e-01 7.924980631520062158e-01 7.924186988202541748e-01 7.947248883856813384e-01
1.732115723272482574e-02 1.170575266751368582e-01 3.395519160844787110e-01 5.655331511722315740e-01 4.680837250692010398e-01 5.117048366523944125e-01 7.561330809518634899e-01 7.104490091240716065e-01 7.762075807335941935e-01 6.981746803000267176e-01 1.000000000000000000e+00 8.529206042609717153e-01 7.504567832415425244e-01 7.747340107414447674e-01 8.611010979213400418e-01 8.415374147483589695e-01 7.774477212325702213e-01 7.500882750232283902e-01 8.112785975152358997e-01 6.414542928163938784e-01 7.872332854628618648e-01 8.145236153884786168e-01 7.964993988565927108e-01 7.518610399661537214e-01 8.022313616775978984e-01 8.522902147967491571e-01 8.334416953959317143e-01 8.350017887854375154e-01 7.821293416551942101e-01 8.286747558118090495e-01 8.528791477737227567e-01 8.550783839104971751e-01 8.095640513402340144e-01 8.310771039566410279e-01 8.384264627479454113e-01 8.162074721073430128e-01 8.565926168332251844e-01 8.478119532330161690e-01 8.672074387539654428e-01 8.454350424890125781e-01 8.724030670312032942e-01 8.718014482382070440e-01 8.549248627331161865e-01 8.797522242949421534e-01 8.772382215024123742e-01 8.656667913786357804e-01 8.771041113732411798e-01 8.802024114726384463e-01 8.784824700776122652e-01 8.423633580737538429e-01 8.588331227604485418e-01 8.365576930332764283e-01 8.727741513144430252e-01 8.740460695747324094e-01 8.684531969160103060e-01 8.759583260171028840e-01 8.551879972364123672e-01 8.726853127773757102e-01 8.709513553771680572e-01 8.789795401563442745e-01 8.767010220777470275e-01 8.732260621047558402e-01 8.632521357816418384e-01 8.672844874610792232e-01 8.703230929779743885e-01 8.711232567995025322e-01 8.811703629138966098e-01 8.826902299597111368e-01 8.803726681782227947e-01 8.785533641450048448e-01 8.824105402039047474e-01 8.821317169038536132e-01 8.694362935558215266e-01 8.717024564430609912e-01 8.835770961633386822e-01 8.821202967419337071e-01 8.779221849405693945e-01 8.704627360032585193e-01 8.769202499528948591e-01 8.793188722487577103e-01 8.821083415596638888e-01 8.817851121013486893e-01 8.803415666902455472e-01 8.775786066439922317e-01 8.762010671972096931e-01 8.805148097909509808e-01 8.836531967239419361e-01 8.809360952291115376e-01 8.844256312268999887e-01 8.778733385602747186e-01 8.796621007440224016e-01 8.834852019285042157e-01 8.847523905230564312e-01 8.840936354273531972e-01 8.826260183551932759e-01 8.830605431892910584e-01 8.704536091390639996e-01 8.729278771782369439e-01 8.828899249227000201e-01 8.782688172853488906e-01 8.791407414496908990e-01 8.776561398593925034e-01 8.839899997685488620e-01 8.831298607623203623e-01 8.832052234141344327e-01 8.729108413421199364e-01 8.806606585563145906e-01 8.832255366385954876e-01 8.798753754917113534e-01 8.798492293092345928e-01 8.774307840953526894e-01 8.842457675053737587e-01 8.803278593463151891e-01 8.827485775577729177e-01 8.810771376257561238e-01 8.819637403633315831e-01
-1.600510575938445673e-03 1.265449976158385115e-01 3.494649963091098765e-01 6.426031751053752350e-01 4.920739175048489678e-01 5.629880056371621144e-01 8.079519127214895846e-01 7.652160887947273560e-01 8.111561504468135508e-01 7.521218706041081781e-01 8.529206042609717153e-01 1.000000000000000000e+00 8.070278597859698033e-01 8.248289746880501649e-01 9.215868809041360965e-01 9.036249265334892478e-01 8.433767423434839205e-01 7.606743997070299912e-01 8.344287175037278237e-01 6.840952753283588983e-01 8.323094859682754754e-01 8.434208217028426047e-01 8.178346825339339876e-01 7.659817254825806998e-01 8.163700851733229902e-01 8.857915490804297853e-01 8.738734800729958119e-01 8.613675635686872667e-01 7.847585507697815155e-01 8.383811995800033445e-01 8.816529365287458786e-01 9.052797181196063914e-01 8.372560001653082118e-01 8.786274566995322388e-01 8.700589783834874469e-01 8.690982873598082081e-01 8.946076829578775147e-01 8.940130511510075983e-01 9.134236992600905936e-01 8.939667575328430482e-01 9.291392961219299140e-01 9.262491293237071766e-01 9.079289433296822143e-01 9.336668824355525143e-01 9.220364576705800674e-01 9.038764374912474642e-01 9.332507636782035876e-01 9.343874991806151442e-01 9.357903485718275238e-01 9.076998970936805966e-01 9.194186829556808549e-01 9.072671714845093049e-01 9.358954143464738307e-01 9.289092404258797453e-01 9.209028984090003034e-01 9.211407955313659635e-01 9.215857094098072189e-01 9.321842419573962424e-01 9.274843879692400428e-01 9.387039250340213359e-01 9.390989573221359965e-01 9.335107896085955703e-01 9.245421346659014050e-01 9.301955549616582886e-01 9.331337902443133103e-01 9.344921743704465156e-01 9.384656940155470251e-01 9.298136438094781742e-01 9.277695898316968837e-01 9.245727760934271400e-01 9.318260399209356004e-01 9.305103006716428649e-01 9.118912516570755189e-01 9.099004777922545806e-01 9.342560192720449352e-01 9.291206089221628606e-01 9.192490135569643117e-01 9.025245672854386170e-01 9.170471934608660503e-01 9.202504871652406049e-01 9.248474919073657041e-01 9.239003284812579153e-01 9.336492542055402355e-01 9.184580735415559527e-01 9.311834144497708188e-01 9.323757615363694740e-01 9.322608632206357271e-01 9.318829366426658600e-01 9.329059173714965292e-01 9.302561676146939851e-01 9.301930324384386495e-01 9.381089152535918574e-01 9.367548481721693632e-01 9.330151220291715841e-01 9.383031232384246856e-01 9.385708603416326179e-01 9.305345209925894867e-01 9.398264073779991623e-01 9.421416835645797239e-01 9.363220635748290555e-01 9.336994733438054306e-01 9.391850616467626311e-01 9.416228316435287793e-01 9.415787946656748453e-01 9.455899400018968892e-01 9.334712655769914491e-01 9.395999785781771196e-01 9.376589106532238205e-01 9.336992321066529543e-01 9.381476487208529891e-01 9.341740942333727205e-01 9.417966231926264697e-01 9.384536160177968656e-01 9.424426709900364241e-01 9.411762617803907105e-01 9.438592118546649257e-01
2.428594042265467753e-02 1.173591697496445402e-01 3.120172535410324910e-01 5.442545639384090972e-01 4.862738551038633394e-01 5.054715819352513240e-01 7.239667837422362195e-01 7.063588301742340647e-01 7.315212581875442099e-01 6.700986667683546116e-01 7.504567832415425244e-01 8.070278597859698033e-01 1.000000000000000000e+00 7.273381747756815230e-01 8.206412921131046589e-01 8.221949248526660980e-01 7.465132028338070658e-01 7.026510515385583355e-01 7.610213521381218316e-01 6.278280881307788386e-01 7.534030462479736068e-01 7.614038823029471992e-01 7.505093686529702435e-01 7.099353826325328631e-01 7.525475875511510315e-01 7.942678508947342841e-01 7.790810583392863142e-01 7.660436272247198586e-01 7.120397476486558519e-01 7.711422631372294445e-01 8.037864787337468675e-01 8.105051933031420797e-01 7.317668863249922051e-01 7.832511315701897736e-01 7.791588940034109845e-01 7.632591121627805286e-01 7.949677665767868051e-01 7.911562016559847699e-01 8.140323698391953577e-01 7.715414364760032617e-01 8.243265010990706854e-01 8.142383042799732351e-01 8.097959079501025892e-01 8.311972994061397335e-01 8.209493459527346104e-01 8.111905948746576112e-01 8.285364342891995415e-01 8.299361852413825735e-01 8.354482043936140023e-01 8.043427681270423069e-01 8.155071963564517468e-01 8.058766995961030855e-01 8.322369772939116617e-01 8.317627127672597709e-01 8.231116311824376863e-01 8.224689662173242377e-01 8.163351630321353802e-01 8.298113143257372926e-01 8.219328663682630154e-01 8.409654589587094442e-01 8.379317126740644106e-01 8.319724314355233519e-01 8.190419282861087780e-01 8.316680611112521326e-01 8.289670190113653803e-01 8.350561788234890370e-01 8.336198181234801829e-01 8.330927553113567363e-01 8.316864318137827672e-01 8.336434939609164152e-01 8.319094757075993218e-01 8.336639027316393724e-01 8.225979741176230320e-01 8.204273623563264062e-01 8.333210990286661346e-01 8.246674849861768131e-01 8.208374545030627800e-01 8.098226898774824045e-01 8.227751940680044784e-01 8.258698386330816099e-01 8.246393292315450374e-01 8.314761009943630876e-01 8.272016398510341206e-01 8.225626005568348331e-01 8.275401074954000791e-01 8.332339253525534728e-01 8.259906848936853230e-01 8.248946302179038792e-01 8.309055424454072636e-01 8.279378012814029297e-01 8.182066559994910504e-01 8.308284677391319928e-01 8.331308363710049347e-01 8.291099463460397390e-01 8.350586055649327211e-01 8.338448512701533977e-01 8.251357097129206064e-01 8.356199180697196915e-01 8.383715964341567073e-01 8.302791418291687320e-01 8.306778223321622523e-01 8.324307270427138139e-01 8.385683421524288139e-01 8.379219051910762328e-01 8.400258557952475780e-01 8.305688125451720083e-01 8.375810508361717366e-01 8.343246312380810936e-01 8.316067758491061390e-01 8.352077093285545928e-01 8.264703190796226506e-01 8.408983199006027087e-01 8.350386256929032136e-01 8.414239652375391509e-01 8.371030534836537695e-01 8.416147568439698023e-01
