1.000000000000000000e+00 2.072778399790948523e-01 1.952048931171022073e-01 6.586090420473418583e-02 8.792612311434867822e-02 2.435311816140941620e-03 -3.584918006909965787e-02 2.667353060829578959e-02 2.254596022063514449e-01 1.204163340644491265e-01 7.666447103440554578e-02 2.873112590581875653e-02 4.246412532841359333e-02 -3.233807463444682978e-02 -1.077195651602422428e-02 2.368514401082353477e-02 1.785004436553720153e-01 2.400009214351003228e-01 1.817461583167756800e-01 1.714015976958648824e-01 2.471273545646928693e-01 1.500713075804690211e-01 2.051643472409500624e-01 1.951665399884432717e-01 1.321784152736007467e-01 1.511161625553079368e-01 1.141525241860486539e-01 6.631978483726078122e-02 1.425921344096489352e-01 1.226802441846654712e-01 1.115702006124862367e-01 1.171164499328201519e-01 7.896221624309966713e-02 1.335744381615812104e-01 1.139851382546510500e-01 7.830118007547400005e-02 9.117077522219307895e-02 5.289728071337765347e-02 6.001792986301506677e-02 -2.161835303486260226e-02 3.269909995073932291e-02 4.928405587874082165e-03 -2.101883326632049409e-02 2.489772669437679067e-02 3.669590155578433127e-02 2.023990216353053345e-02 1.786946734045825533e-02 3.662147217519030190e-02 3.700814015205994290e-02 4.612418829710482338e-02 4.386816123950779828e-02 8.605660301982686472e-03 3.204765577711175123e-02 6.980092459629529122e-02 5.866536534723376661e-02 6.048556310489386356e-02 7.203511490587739818e-02 9.856909964264947907e-03 4.020687511424431843e-02 4.432077872788831724e-02 1.380207188272449675e-02 4.504311169698912293e-02 3.809640756903775322e-02 4.421046026340658130e-02 8.056264501892301810e-02 8.425605148192263916e-02 5.946811074740632891e-02 7.496518486305296658e-02 7.831252363216585632e-02 8.551878339506943649e-02 7.058980594784020068e-02 5.918025730605672857e-02 8.164212518125626983e-02 6.101699145029403082e-02 4.816657338081522383e-02 4.601524704172699903e-02 2.913623233688565975e-02 6.676026517154752538e-02 4.460619045252374459e-02 7.148023611291397239e-02 7.007795088438788234e-02 5.208941263592379439e-02 7.525520485449693764e-02 6.574586601363255345e-02 3.731830118950933695e-02 5.514469586557959463e-02 4.016684453534359600e-02 2.027958579773988732e-02 3.390239234909474264e-02 6.106321679682213954e-02 8.092780023389853361e-03 9.869152800990660043e-03 2.207118692118796577e-02 1.221919470208992185e-02 1.064417810143563660e-02 2.219405900247692007e-02 -1.201944336461154873e-02 3.043823154089377384e-02 -4.492784745991722055e-03 7.106519547850106804e-03 -1.714633174150959061e-02 2.253963566215031952e-02 7.494356576287454150e-03 7.267408439100037955e-03 1.250473147649971625e-02 3.949294783047471030e-02 2.688733862795442131e-02 2.951631072517065316e-02 3.197077296331473500e-02 1.544048463516157002e-02 1.742928339706835070e-02 2.699785486979835308e-02 2.702443969093350912e-02 2.283246786617701765e-02 4.769258008288807665e-02 3.393842713316522208e-02
2.072778399790948523e-01 1.000000000000000000e+00 1.322584520579601630e-01 7.669020332238975224e-02 8.200100887194629318e-02 7.522355511944665840e-02 1.242685837579890346e-01 1.045282975800272129e-01 2.206832268905450367e-01 2.292259450185637204e-01 1.541172932824865227e-01 1.295276827265706143e-01 1.535571869880279494e-01 9.920540366605710980e-02 1.302998979202943941e-01 1.450163315185940272e-01 2.097582538309618327e-01 2.055551003124809206e-01 2.090885519019460292e-01 1.412606533403382159e-01 1.971419242895355306e-01 1.807315285329163801e-01 2.417068137204571032e-01 2.168064535941487125e-01 2.046975158765360625e-01 2.219113036424114893e-01 1.827483489849899556e-01 1.892466580432668466e-01 2.042149227755666319e-01 2.150238810068589856e-01 1.923181275778145516e-01 2.067468461616354669e-01 1.930051104094286929e-01 2.008385361998821783e-01 1.968551787531643282e-01 1.704796948774096044e-01 1.780311662679134599e-01 1.875095480301476047e-01 1.793721081598541045e-01 1.502735384474546687e-01 1.660229514754934244e-01 1.572401470723641670e-01 1.273594883568837377e-01 1.556569700260796996e-01 1.506930493493529588e-01 1.618096106058617423e-01 1.457544725241727568e-01 1.649064277777823051e-01 1.505898153820658669e-01 1.532001475313758687e-01 1.569887198695130437e-01 1.092179450382161077e-01 1.329334341668410024e-01 1.753798578356257909e-01 1.715338391627008185e-01 1.860417866480458815e-01 1.511492773699162906e-01 1.452079916566055007e-01 1.595685301446123916e-01 1.490745261274050992e-01 1.352945147121806524e-01 1.570462342946315482e-01 1.483911583292180647e-01 1.462282363761288062e-01 1.455816376534850298e-01 1.605432894723970161e-01 1.662077944927756457e-01 1.729486490898044793e-01 1.863417677042713549e-01 1.679769243751346453e-01 1.703657861159435793e-01 1.662105657580639217e-01 1.738123630564068212e-01 1.761515852604459698e-01 1.680079549655107973e-01 1.629542188059656393e-01 1.694608864574331797e-01 1.704914925901309664e-01 1.753133337975210093e-01 1.835557319955929689e-01 1.796119377611092027e-01 1.668347431241537504e-01 1.842974082383720957e-01 1.803251283301202934e-01 1.623984590199149813e-01 1.688998654507873620e-01 1.669155928679500189e-01 1.647161399940233195e-01 1.653702628352342885e-01 1.789146256238144939e-01 1.592917379635002961e-01 1.556817058335134285e-01 1.512280733269806554e-01 1.520340117494088372e-01 1.454655235571007676e-01 1.582113345850542363e-01 1.236971377720517684e-01 1.167652477568605490e-01 1.267524590989089484e-01 1.443005755028094750e-01 1.318296993136257311e-01 1.345205614452237297e-01 1.278448273914232214e-01 1.358124668606686680e-01 1.338404366251358946e-01 1.359265444559024094e-01 1.446039966925503628e-01 1.640999446638365111e-01 1.639536515969814701e-01 1.458486089873334834e-01 1.480747343530822158e-01 1.444651250776903539e-01 1.473482190630997779e-01 1.384996719831016743e-01 1.500428084313356614e-01 1.417259414669850837e-01
1.952048931171022073e-01 1.322584520579601630e-01 1.000000000000000000e+00 3.569777788404517316e-01 2.208950674160388428e-01 2.138117178924808237e-01 2.934037309285779660e-01 3.384037738608125512e-01 3.872524265949607303e-01 3.447601529000862142e-01 3.930406654048410608e-01 3.803190367092102453e-01 3.307662701086094836e-01 2.663220280437567644e-01 3.388918732068884609e-01 3.573777013359605847e-01 3.918064927355674465e-01 4.446186550251614022e-01 4.618799764104826733e-01 3.770853953852672524e-01 4.651529224197660239e-01 4.480022215363232418e-01 4.474332966633287612e-01 4.617683431488366907e-01 4.500812380547053460e-01 4.429850755205029800e-01 4.244932023235956087e-01 4.074210345105257480e-01 4.324629338894841468e-01 4.312651792017053731e-01 4.260104877961806147e-01 4.206742581842473627e-01 3.990522868320511285e-01 4.288266983811980793e-01 3.989592636144834170e-01 4.083190997603310390e-01 4.119130890394431810e-01 3.812887125574548897e-01 3.954910801834952139e-01 3.720887275771262437e-01 3.862261984159221506e-01 3.782054961258316528e-01 3.698584120060957048e-01 3.809168059472343160e-01 3.966913451624244358e-01 3.740928086315553625e-01 3.670446938726329433e-01 3.688146127285822362e-01 3.551214763132142238e-01 3.706166725427475495e-01 3.777134812981109979e-01 3.668077262660009441e-01 3.627888362227032482e-01 3.788503380637283646e-01 3.828998466179275861e-01 4.008095202995679562e-01 3.778622442618694288e-01 3.707016592653883391e-01 3.718913684305530931e-01 3.640549555929902814e-01 3.668759527125671771e-01 3.637013380640963245e-01 3.694428774571462126e-01 3.666471258289243362e-01 3.722634081199587830e-01 3.745380828262491191e-01 3.770548592933833376e-01 4.216339446440308114e-01 4.088763417257195720e-01 4.153054241218683273e-01 4.250626256290874760e-01 4.061936521286901303e-01 4.234907300707793087e-01 4.132755916295515752e-01 3.954629257066041848e-01 3.956693859308625938e-01 3.862885957120543168e-01 3.994791589898127326e-01 3.942712913249222795e-01 3.968421177882086037e-01 3.952060242851154204e-01 3.833009662418345176e-01 4.040443708375610066e-01 3.918411864163826586e-01 3.874353362671542622e-01 3.982283466550134987e-01 3.888920279737285157e-01 3.779801434746586364e-01 3.854473146593391242e-01 3.997557786983564343e-01 3.831424937496041849e-01 3.784198252034253751e-01 3.845756741129892631e-01 3.761455869915894534e-01 3.645221289249327978e-01 3.657007092173081841e-01 3.779448339039397364e-01 3.694169205632242825e-01 3.621615909623083218e-01 3.686453224788099892e-01 3.707584349947982139e-01 3.728160129003077472e-01 3.658475830393150829e-01 3.692388671795078237e-01 3.769531065774013867e-01 3.730953483589818376e-01 3.665519507598133386e-01 3.713653914813007106e-01 3.791118266370162027e-01 3.699601657626347961e-01 3.759492650009953474e-01 3.641640833925912646e-01 3.683920867126221910e-01 3.681655139385563436e-01 3.706945991361189630e-01 3.688054365198505935e-01
6.586090420473418583e-02 7.669020332238975224e-02 3.569777788404517316e-01 1.000000000000000000e+00 3.278639109781152916e-01 3.492100857756136323e-01 5.383115325160001685e-01 5.350821800018410457e-01 4.997176482025236788e-01 4.335233139918633904e-01 5.557689346431238242e-01 6.294591216578463433e-01 5.480464616637985564e-01 4.723736668468218047e-01 5.796426698842989111e-01 5.789159096460299025e-01 5.049559515814461275e-01 4.918532057307285488e-01 5.296219394484839027e-01 5.597824935858459749e-01 5.059279517552944805e-01 6.155201098949250049e-01 4.651426328519797093e-01 5.493652314157643213e-01 6.021035137888741673e-01 5.575012225276410049e-01 5.880289291095481818e-01 5.496168032386984370e-01 5.247515637408917133e-01 5.586176305676732179e-01 5.721693963583689424e-01 5.498531404986808369e-01 5.295009731672075670e-01 5.640185101402104273e-01 5.330436210099045446e-01 6.085979240596374185e-01 5.815632962503187731e-01 5.170493139620305767e-01 5.503653561118829751e-01 5.766804181533218276e-01 5.787024238843770929e-01 5.699944035093575945e-01 5.952358984492446270e-01 5.809253015159544509e-01 6.136523561282644090e-01 5.524399002571495076e-01 5.666286385615623145e-01 5.542100881588045702e-01 5.485997942880000977e-01 5.826764885599025057e-01 5.713248723680044439e-01 6.350471708122095160e-01 5.930468996838811346e-01 5.407896932335712892e-01 5.484018567089020690e-01 5.597130665540633876e-01 5.629038794837802895e-01 5.748272806133094548e-01 5.469447815461878637e-01 5.576946249020074964e-01 5.842652689904004326e-01 5.453133723479349770e-01 5.569687287011627630e-01 5.551520347902901831e-01 5.660547113645126860e-01 5.666732765006199379e-01 5.552437942101421386e-01 5.721725886552215812e-01 5.651145143672363647e-01 6.089214569103552632e-01 6.118912110618288658e-01 5.934463210195867200e-01 5.936095039574231791e-01 6.080368430437466110e-01 5.868899957400783851e-01 5.778145418751701179e-01 5.645814150366038620e-01 5.560376538529308021e-01 5.861504027677728601e-01 5.593435679257389159e-01 5.632638940662477722e-01 5.740551456461705504e-01 5.746629141760655202e-01 5.481602506525391494e-01 5.811654886351049765e-01 5.873581377476146947e-01 5.921613062449438969e-01 5.671957600262095278e-01 5.670805904592515212e-01 5.781869525270052490e-01 5.807213324339001170e-01 5.779087745015565325e-01 5.864146490831626535e-01 5.770182138917707704e-01 5.666277371731529566e-01 5.601003499414388687e-01 6.169789017183491264e-01 6.100461499746657745e-01 5.913850094889208098e-01 5.857824376829707802e-01 5.961835663176030531e-01 5.868235426184693626e-01 5.921685649078010094e-01 5.839250990353221926e-01 6.097396278850726326e-01 5.812861242363734915e-01 5.749200065872821508e-01 5.593725931201468660e-01 5.665196292696601521e-01 5.748582469977364662e-01 5.763030484479938487e-01 5.648551616649204465e-01 5.649174341309652903e-01 5.738917836367896097e-01 5.689197210177249220e-01 5.875734043821095876e-01
8.792612311434867822e-02 8.200100887194629318e-02 2.208950674160388428e-01 3.278639109781152916e-01 1.000000000000000000e+00 3.260271598103573476e-01 4.280594730643975110e-01 4.293211687529761567e-01 4.415041037396636447e-01 3.759383394286981428e-01 4.336843468034357607e-01 4.752754030995970380e-01 4.456332150540959769e-01 4.195811626661190008e-01 4.626987078884771676e-01 4.745209503226264225e-01 4.419924898647105138e-01 3.639910998959722255e-01 3.997456603722894242e-01 3.877240129454334605e-01 3.715117964205110757e-01 4.514876386725151236e-01 3.999300020445205606e-01 4.142104098425751224e-01 4.335491299014090916e-01 4.528676719998506184e-01 4.604975208198459624e-01 4.566662979969744462e-01 4.443483054906932073e-01 4.593315692777848458e-01 4.702939647865613249e-01 4.627039899687492852e-01 4.487462849231275142e-01 4.468126121861494271e-01 4.456453953440758786e-01 4.637805498450403019e-01 4.766193320400710087e-01 4.505305155569756526e-01 4.785564361883012374e-01 4.620149961687006201e-01 4.771895967979303266e-01 4.788582681279842101e-01 4.805363028680016968e-01 4.866372453181313507e-01 4.785385505225184799e-01 4.717630176604114545e-01 4.818310542881977243e-01 4.775528141354988265e-01 4.733162155541130733e-01 4.713577511550666732e-01 4.748631130908236297e-01 4.812882339435927692e-01 4.774498603762621363e-01 4.693948854601044940e-01 4.655433348284002681e-01 4.664069971396851977e-01 4.570672878939563422e-01 4.790932541037159487e-01 4.666867922554076564e-01 4.835552583869004439e-01 4.825723787774701123e-01 4.676948308264041176e-01 4.636963469879153976e-01 4.746561291102863178e-01 4.720768802404740616e-01 4.722801731267314285e-01 4.838455321785431473e-01 4.800288253887654566e-01 4.806391420527207359e-01 4.962933812557884794e-01 4.882247914765260877e-01 4.863506853284389475e-01 4.825180060752405353e-01 4.870795940274070257e-01 4.823660174450701277e-01 4.831677230660227362e-01 4.761196287650469317e-01 4.801372088836837748e-01 4.883637218837206251e-01 4.780216104719733905e-01 4.814197359224999806e-01 4.867662749159801239e-01 4.797835469315515078e-01 4.789091425229531906e-01 4.828226546196289770e-01 4.833000118036916981e-01 4.842681318643474730e-01 4.827509536890398079e-01 4.821592913428368599e-01 4.768563332779719444e-01 4.814921239226693239e-01 4.832617923555416750e-01 4.866749374558653196e-01 4.831506668598446463e-01 4.801398107456650854e-01 4.827697951913477725e-01 4.798439133073152951e-01 4.752532953437366703e-01 4.799747828557856533e-01 4.855873186276211118e-01 4.860387114632691019e-01 4.804144384347823205e-01 4.888531645215077326e-01 4.891251695982519188e-01 4.886299639990401844e-01 4.724275787985404707e-01 4.795538817249083707e-01 4.770929503578271724e-01 4.778453375181959673e-01 4.817520394315502608e-01 4.755589282097733572e-01 4.859813911250992491e-01 4.764763483897423990e-01 4.820440940591501633e-01 4.835013382430133344e-01 4.818496492593368763e-01
2.435311816140941620e-03 7.522355511944665840e-02 2.138117178924808237e-01 3.492100857756136323e-01 3.260271598103573476e-01 1.000000000000000000e+00 5.006168226992213643e-01 4.697888303133558874e-01 4.840290373352121867e-01 4.583063000335172443e-01 5.311919216319127557e-01 5.500421389432320618e-01 5.087604403407908205e-01 4.724808382020548869e-01 5.617357831526885725e-01 5.632278865201439944e-01 4.805020405976127007e-01 3.535247254536327821e-01 4.131120088849218330e-01 3.875060806635594046e-01 3.804139127325816827e-01 4.729407184692109301e-01 4.235287534812269272e-01 4.212580006247556574e-01 4.571700894595638887e-01 5.268780166301579859e-01 5.292707413504619263e-01 5.518514366726736675e-01 4.988315065954967986e-01 5.363069948470307047e-01 5.553376921317697557e-01 5.301928817060838073e-01 5.338076771278665866e-01 5.153241142148431431e-01 5.212616450103241261e-01 5.325797307011286286e-01 5.522387307984127913e-01 5.528150714057231685e-01 5.697883256501673488e-01 5.574365433215544563e-01 5.713565680587771034e-01 5.754692713688579486e-01 5.700748547591014681e-01 5.810469634167607644e-01 5.716891091801304947e-01 5.747077123228305773e-01 5.757637977619708414e-01 5.722226457405763522e-01 5.707621056176734875e-01 5.556172474827422159e-01 5.721913974807714132e-01 5.430304823637722711e-01 5.632858044830434396e-01 5.638586786389564454e-01 5.591829808669268598e-01 5.662143825450891566e-01 5.395971655252965737e-01 5.714942434537881866e-01 5.656422181570475161e-01 5.718412430131971647e-01 5.694818472423285316e-01 5.613396888367345738e-01 5.599256612986612813e-01 5.657451288494824704e-01 5.555797002870960233e-01 5.537138641581583753e-01 5.700620561249053475e-01 5.538058632283019422e-01 5.586566512137068896e-01 5.543484074917561788e-01 5.544736911668284307e-01 5.645599370995872945e-01 5.501469624047067297e-01 5.557848739580151243e-01 5.769848468707066136e-01 5.767324585306948803e-01 5.746375388554950669e-01 5.711710890569977606e-01 5.744269447208423252e-01 5.667995869850913637e-01 5.670776503358364584e-01 5.752572604597816497e-01 5.640948894615145370e-01 5.671841445592793463e-01 5.738235722593312271e-01 5.671345928817513871e-01 5.738546050643472674e-01 5.789581921297405342e-01 5.762251463735269530e-01 5.697271186712411506e-01 5.798717138493850731e-01 5.853995552369538613e-01 5.804307282946911117e-01 5.813062796324033332e-01 5.783885484917673514e-01 5.802328497416990860e-01 5.743878985207488963e-01 5.622650469213055224e-01 5.768058480251061493e-01 5.848610336291717449e-01 5.791706757468494393e-01 5.753653827243346841e-01 5.777289741531794753e-01 5.834963371860367731e-01 5.742682092604609601e-01 5.609905586369211550e-01 5.771312947367501778e-01 5.748748072655649466e-01 5.764868804041568540e-01 5.795096692582059061e-01 5.765097998340790175e-01 5.773527355440365438e-01 5.721490456243537581e-01 5.733815549677714341e-01 5.716796274688297208e-01 5.690816643217133652e-01
-3.584918006909965787e-02 1.242685837579890346e-01 2.934037309285779660e-01 5.383115325160001685e-01 4.280594730643975110e-01 5.006168226992213643e-01 1.000000000000000000e+00 6.902910591261101070e-01 6.671285586792854438e-01 6.308316181482427343e-01 7.257327503545023539e-01 7.792597026834308105e-01 7.206954184882035097e-01 6.703988727677874238e-01 8.323475448957200484e-01 7.846842324724329076e-01 6.649386759523037149e-01 4.990518563070648339e-01 5.801582977514149198e-01 5.431837733842975746e-01 5.066528885230792145e-01 6.569340815803453859e-01 5.752256776717700193e-01 6.047725981182968669e-01 6.536111152528865098e-01 7.255054988944787953e-01 7.313557065389778566e-01 7.626853760859158005e-01 6.920193800290500574e-01 7.438530997184472637e-01 7.589223889973693016e-01 7.312766092317188882e-01 7.304736850380267876e-01 7.123453869124437565e-01 7.027853185584955753e-01 7.478571017729749304e-01 7.621430633491456108e-01 7.555073773232430234e-01 7.724480066854453320e-01 7.988574069393133970e-01 7.994511988107750877e-01 8.063718377760258349e-01 8.044924203017593811e-01 8.012781620974052110e-01 7.996060802472758633e-01 7.960013330195649939e-01 7.951451060403684767e-01 7.902516250804515474e-01 7.816405046255633371e-01 7.630168804086393530e-01 7.836220803302064164e-01 7.703867485723988606e-01 7.801976218643494887e-01 7.706551053288166475e-01 7.665924715504300879e-01 7.812071670493961895e-01 7.528832646932190897e-01 7.961424897141736734e-01 7.769317611739825491e-01 7.830949178551329659e-01 7.972763237802374947e-01 7.727583648217813961e-01 7.714573046576149729e-01 7.791121871140259669e-01 7.671712867768483157e-01 7.608702733152890030e-01 7.853209750135317080e-01 7.689372762929607141e-01 7.674764308096335697e-01 7.721142273165375602e-01 7.697871623870883306e-01 7.821069606862122159e-01 7.727517971796804552e-01 7.784207177001661870e-01 7.995873025827741065e-01 7.980868207698674777e-01 8.055506285035867187e-01 7.833426771229390351e-01 8.062630973246130983e-01 7.788225846948149123e-01 7.835260877576679661e-01 7.930397539425241282e-01 7.809146718591738479e-01 7.735465697643029159e-01 7.937580645508065524e-01 7.910392226893634415e-01 8.000056008694130805e-01 8.067244888636405653e-01 7.998335574401430614e-01 7.895361707565322629e-01 8.120098256147755267e-01 8.144629505892082566e-01 8.081193718616594968e-01 8.110219586899108934e-01 8.017273055495355294e-01 8.000593232481217898e-01 8.151705905205512970e-01 7.875327390451737353e-01 8.118382646222538357e-01 8.104640094875565914e-01 8.201728476224197095e-01 7.980236390161092874e-01 8.031283967601947626e-01 8.082697344770948256e-01 8.063167672468737335e-01 7.849858737345281057e-01 7.987071097150335586e-01 7.977197610267019456e-01 7.985964460587493541e-01 8.042997074401231350e-01 8.036926174787610844e-01 7.948706985168897399e-01 7.942310141747510599e-01 7.977040270750642703e-01 7.894253219494137275e-01 7.931635452980201340e-01
2.667353060829578959e-02 1.045282975800272129e-01 3.384037738608125512e-01 5.350821800018410457e-01 4.293211687529761567e-01 4.697888303133558874e-01 6.902910591261101070e-01 1.000000000000000000e+00 6.912627533961548387e-01 6.197409226301711094e-01 7.268906312522167568e-01 7.681221986717957639e-01 7.078525332944967108e-01 6.419318759060019808e-01 7.682129271816406924e-01 7.840611949414271198e-01 6.825576643302921909e-01 5.873053099427820722e-01 6.509311554142773737e-01 5.855466109417352127e-01 6.323996766415075355e-01 7.265106326409811466e-01 6.299639350965652307e-01 6.567941105158529025e-01 6.957039985948445526e-01 7.441079743363223642e-01 7.517517486321199094e-01 7.461468264416671881e-01 7.111481250692690548e-01 7.548318768717029448e-01 7.664942339814195815e-01 7.530690115753420066e-01 7.312241380697395154e-01 7.463469895294015943e-01 7.294481958625871343e-01 7.547921597744732258e-01 7.639747143401726115e-01 7.577401219588065784e-01 7.740034655691795384e-01 7.611983920968464767e-01 7.777368023482759130e-01 7.775799791531118332e-01 7.762235742180479958e-01 7.928081564951783289e-01 7.868525390158445099e-01 7.735774750421838819e-01 7.802511038958012124e-01 7.761164149108000787e-01 7.740559344649180495e-01 7.726142303067913275e-01 7.883877645360510833e-01 7.554094399209579924e-01 7.708144336624255244e-01 7.708896018967210662e-01 7.666312564155157716e-01 7.756059310817480235e-01 7.631069854086898196e-01 7.875856269886172267e-01 7.786401896424015590e-01 7.761776097207299108e-01 7.847254158803617097e-01 7.728578535430289387e-01 7.777540123172068665e-01 7.761761317782815972e-01 7.703030276773820129e-01 7.721037845947642531e-01 7.782406429654110669e-01 7.805672921129450659e-01 7.734088129924898691e-01 7.840625587321645718e-01 7.901668759020391564e-01 7.909756087032973060e-01 7.789815304104673599e-01 7.819857087066673929e-01 7.872420715303430905e-01 7.833611515123253266e-01 7.801780974748848685e-01 7.752533077342153023e-01 7.835134951114793855e-01 7.729035898253245884e-01 7.778676508645736565e-01 7.842808101313420988e-01 7.823009387985511154e-01 7.691733407084684337e-01 7.859144147445427109e-01 7.868681722313234372e-01 7.851894850942364723e-01 7.872233526483843891e-01 7.856957631244565476e-01 7.821964033014273676e-01 7.813561292230783994e-01 7.882310478889932304e-01 7.896215109072498572e-01 7.883603991693337587e-01 7.824076716380704566e-01 7.801851811207100029e-01 7.864784687439200228e-01 7.803650460481444950e-01 7.870284417051287562e-01 7.907388737002560841e-01 7.866530916459204548e-01 7.887157722564365203e-01 7.846382421196042012e-01 7.920424208541032574e-01 7.883809059309090372e-01 7.780791251466654401e-01 7.858624987284268393e-01 7.793089768357092106e-01 7.800763903735652427e-01 7.880002791109531612e-01 7.887730261253436126e-01 7.822131683098997312e-01 7.814490621128351577e-01 7.842801058648573020e-01 7.778588966058077592e-01 7.818796603051709759e-01
2.254596022063514449e-01 2.206832268905450367e-01 3.872524265949607303e-01 4.997176482025236788e-01 4.415041037396636447e-01 4.840290373352121867e-01 6.671285586792854438e-01 6.912627533961548387e-01 1.000000000000000000e+00 7.504292827780002506e-01 7.941681802171434157e-01 8.021238047521024317e-01 7.668744137013949747e-01 6.846274779269442279e-01 8.031379720833435876e-01 8.063567169356710140e-01 8.093920341365610227e-01 6.694842625256542945e-01 7.169590844810583841e-01 6.190901509766060240e-01 7.071686307435602892e-01 7.711362212212505840e-01 7.446441294239313224e-01 7.271646173055512641e-01 7.391461660676401646e-01 8.465565995045736258e-01 8.253612652143276218e-01 8.197061205855920019e-01 7.954952098224649104e-01 8.539232361417047334e-01 8.662606866374629178e-01 8.408120199591467836e-01 8.155406130697907541e-01 8.290049944290521777e-01 8.281524322160721541e-01 8.017870197747477556e-01 8.528110019349550708e-01 8.303147245630534412e-01 8.554227061485941697e-01 7.800883686497004366e-01 8.442690428184638218e-01 8.280491724907823592e-01 7.987457334858785174e-01 8.485126501140247690e-01 8.395027397730590035e-01 8.427100728522264328e-01 8.557800930218119051e-01 8.669054962069061565e-01 8.572089879965255621e-01 8.262082407672348694e-01 8.548979242662875233e-01 7.842826667642524008e-01 8.402715283874798713e-01 8.727359280430120325e-01 8.588244393353653416e-01 8.549239456428144868e-01 8.528129800996203658e-01 8.454655803918749157e-01 8.577230972969934752e-01 8.663418950296597476e-01 8.493279132230033834e-01 8.625191050091034484e-01 8.544804543926294293e-01 8.606550578605245416e-01 8.639385076711534328e-01 8.722246798913987353e-01 8.705051132030103833e-01 8.598566330155286153e-01 8.619881122840516996e-01 8.510132937881622617e-01 8.497839486064451275e-01 8.617507579706656928e-01 8.534691849690232424e-01 8.485501195929779916e-01 8.646970900928560022e-01 8.597345428765393871e-01 8.496764316543208295e-01 8.519973156778243295e-01 8.553544784062886430e-01 8.711616176812658763e-01 8.698218564663199315e-01 8.687209984507469063e-01 8.691842293719237444e-01 8.667709518595617668e-01 8.528079628887672570e-01 8.614841824883245902e-01 8.563436443285589172e-01 8.550457333593425302e-01 8.619409347062741977e-01 8.642010765886189994e-01 8.347117193401754065e-01 8.508866298768814618e-01 8.552629529633065664e-01 8.522123091416264895e-01 8.560981741785743671e-01 8.618258815829717978e-01 8.194455918197969257e-01 8.434929917978823966e-01 8.426467915842481560e-01 8.469429585193025689e-01 8.305684417619731974e-01 8.529056721041867739e-01 8.462655585180386408e-01 8.508015043692718216e-01 8.466087020830442844e-01 8.547773193399088587e-01 8.600398154647245219e-01 8.639764615049353447e-01 8.631273673031829574e-01 8.561861292915110555e-01 8.552765840772460493e-01 8.625144413095015006e-01 8.603029098270699171e-01 8.566378377687386969e-01 8.672449316650983064e-01 8.606728709190384352e-01
1.204163340644491265e-01 2.292259450185637204e-01 3.447601529000862142e-01 4.335233139918633904e-01 3.759383394286981428e-01 4.583063000335172443e-01 6.308316181482427343e-01 6.197409226301711094e-01 7.504292827780002506e-01 1.000000000000000000e+00 7.415502321321496559e-01 7.326446317664706553e-01 6.934583745797170407e-01 6.245167620874537695e-01 7.426358151354625070e-01 7.445569224579138279e-01 7.331873715210849296e-01 6.126207279279091145e-01 6.698836126385437906e-01 5.434260584790285842e-01 6.342161015440019867e-01 6.858805038344064631e-01 7.163332675575009301e-01 6.675175935359705104e-01 6.697854072792144287e-01 7.835912104279527668e-01 7.640807489735249591e-01 7.791590033608125632e-01 7.478726292232736883e-01 7.838652237676456691e-01 7.952210071484874243e-01 7.893246131973509216e-01 7.689725030059251232e-01 7.708774494903209984e-01 7.719104814309966089e-01 7.519621398237812393e-01 7.901952046096468729e-01 7.946602758857229665e-01 8.012933504566117637e-01 7.417428055556493094e-01 7.841041867355570405e-01 7.729596621369853038e-01 7.399688537100556074e-01 7.862335938608273622e-01 7.757244012647114273e-01 7.907223413605176665e-01 7.919880394035690996e-01 8.049029283269331092e-01 7.911520820611219751e-01 7.630646002822595309e-01 7.965460907138695035e-01 7.021391358614842426e-01 7.591739491530214989e-01 8.080377049778670884e-01 8.009574388357104668e-01 8.042126594505533133e-01 7.793288353737185536e-01 7.840456095253429680e-01 7.975355398436428933e-01 7.918013386480957649e-01 7.776832406055694813e-01 7.964017854373134364e-01 7.887192392152421183e-01 7.893319914695642314e-01 7.811740949378623844e-01 7.937633220318944804e-01 8.045399843802114592e-01 7.982304576995740142e-01 8.070840190396715297e-01 7.802604865462499095e-01 7.800707615234032666e-01 7.951645365902766383e-01 7.900458383109020266e-01 7.804258716462100232e-01 7.989830152429251431e-01 7.972681922396108734e-01 7.958808708227259610e-01 7.973991235854267501e-01 7.960895117375742513e-01 8.041148530960028351e-01 8.063640910979984477e-01 8.012746451259921132e-01 8.098897623612472119e-01 8.078695153002566354e-01 7.920062676681850489e-01 8.011340115398869477e-01 8.010042036258617770e-01 8.011465069514329684e-01 8.002303159219500417e-01 8.036328831750427781e-01 7.877797673530398948e-01 7.926573521094798513e-01 7.921139456772970933e-01 7.930215797922836041e-01 7.915230105658109805e-01 7.992388062901287782e-01 7.545606392511240434e-01 7.621347219020542241e-01 7.743335308347308876e-01 7.827031312125718454e-01 7.681444608039615929e-01 7.842517987571848703e-01 7.708890779454738995e-01 7.819751372757429708e-01 7.751768091074555667e-01 7.805540747264634316e-01 7.927720746777491279e-01 8.010248648988581577e-01 8.038156740542232725e-01 7.919411198011486741e-01 7.945958728161655049e-01 7.926844854241544835e-01 7.939520494852825294e-01 7.879196519374314089e-01 7.931827167168734594e-01 7.850435618509840063e-01
7.666447103440554578e-02 1.541172932824865227e-01 3.930406654048410608e-01 5.557689346431238242e-01 4.336843468034357607e-01 5.311919216319127557e-01 7.257327503545023539e-01 7.268906312522167568e-01 7.941681802171434157e-01 7.415502321321496559e-01 1.000000000000000000e+00 8.594431382315758094e-01 7.975694977984030265e-01 7.212655480510378192e-01 8.545963019611607647e-01 8.515120528875882444e-01 7.905475801876992170e-01 6.600229800725031515e-01 7.396482567724770307e-01 6.210177076438061494e-01 7.045609780673542932e-01 7.904656818568676080e-01 7.513661638394880660e-01 7.355625740332099038e-01 7.659655313806006394e-01 8.570776361324277115e-01 8.504572541258703655e-01 8.591057718760145567e-01 8.137288604420555016e-01 8.748357781581087567e-01 8.844943678585317492e-01 8.666490445898604733e-01 8.512507159795549283e-01 8.516081776269542880e-01 8.482849948759121350e-01 8.461060014332763002e-01 8.818081899220541198e-01 8.698080598776267713e-01 8.917280241172417243e-01 8.504504928734520908e-01 8.854734841766563891e-01 8.800237371693631072e-01 8.655573340032798324e-01 8.932751763376054477e-01 8.875704738789002013e-01 8.862802731295776892e-01 8.937178255853009956e-01 8.974661489621351684e-01 8.879023508873987724e-01 8.685027190711788192e-01 8.934072409212432397e-01 8.386290042498193431e-01 8.787744003302679907e-01 8.897172515020386196e-01 8.861959987390553017e-01 8.921157452799032272e-01 8.743616785754040333e-01 8.908419499826985000e-01 8.892256168629901758e-01 8.944994514787213413e-01 8.912118721273520894e-01 8.895032040671867479e-01 8.856438613512065405e-01 8.888269936463771836e-01 8.835228182982536316e-01 8.862099563654953771e-01 8.974322719111327284e-01 8.963613989963311601e-01 8.967617601754954704e-01 8.822290035655580009e-01 8.891906308534234249e-01 8.997234268269023172e-01 8.862524260179307500e-01 8.840721052442506167e-01 9.033538642050267242e-01 9.012558088209924323e-01 8.920072276274038092e-01 8.870514206314862315e-01 8.965185239462941658e-01 8.997668214751003424e-01 9.015021942097293239e-01 9.042399084089761674e-01 8.987824402931651191e-01 8.992162566799157819e-01 8.969847496444293133e-01 8.978162102981113168e-01 8.979330832522789407e-01 8.992720248320013043e-01 9.013208115863872161e-01 8.985744248293832115e-01 8.877508197617203223e-01 8.996106880539407324e-01 8.993841011292500465e-01 8.993708700719447169e-01 8.982791854337049964e-01 8.995548810835386488e-01 8.773224597178722606e-01 8.786874258039605312e-01 8.900100654738839490e-01 8.949950954943168835e-01 8.879880592441837805e-01 8.952836474825348612e-01 8.911738731335678843e-01 8.978007218965070590e-01 8.907578106611379054e-01 8.871154902662672370e-01 8.969996805472429946e-01 9.002240083231259904e-01 9.001077086293871599e-01 8.992451650264211560e-01 8.975708650920353193e-01 8.977169434176370810e-01 8.974307047809059190e-01 8.965569786553831966e-01 8.959822015185768818e-01 8.943707983382598314e-01
2.873112590581875653e-02 1.295276827265706143e-01 3.803190367092102453e-01 6.294591216578463433e-01 4.752754030995970380e-01 5.500421389432320618e-01 7.792597026834308105e-01 7.681221986717957639e-01 8.021238047521024317e-01 7.326446317664706553e-01 8.594431382315758094e-01 1.000000000000000000e+00 8.283993253041466165e-01 7.720393597846246792e-01 9.025589266431470747e-01 8.914417643720644602e-01 7.946016013171122161e-01 6.359088449496742568e-01 7.262181786297026154e-01 6.484183497093877202e-01 6.855178916222570695e-01 8.132624863917828906e-01 7.120904843767938974e-01 7.297694715651874553e-01 7.892063353111929969e-01 8.563319596252346733e-01 8.655199557065352822e-01 8.716830847439041019e-01 8.123958930933798950e-01 8.858035934108973164e-01 9.086662508567454610e-01 8.714199398850176470e-01 8.567883603862406217e-01 8.601301469396511745e-01 8.528194868659725314e-01 8.824187777995202708e-01 9.045512185341416656e-01 8.816453860092511308e-01 9.102830382116028352e-01 8.927436770768700791e-01 9.177885450312471827e-01 9.138833533297916478e-01 9.164578396695831630e-01 9.299552144177606339e-01 9.301228832702038707e-01 9.172658595265725801e-01 9.296437480261415809e-01 9.239249227548138599e-01 9.170467672380844260e-01 9.047692132351391470e-01 9.239093314283624014e-01 8.999811397269033009e-01 9.195368042981936219e-01 9.106666260138573943e-01 9.071382230098284927e-01 9.077048584615569071e-01 9.010940417750150644e-01 9.281965896575800068e-01 9.156307088782111858e-01 9.243906882532886282e-01 9.329698494756444305e-01 9.169117518466097794e-01 9.164990713630741803e-01 9.196730652487861146e-01 9.120032090816175829e-01 9.119724295374361800e-01 9.226888481527438790e-01 9.101269776333443806e-01 9.092663542676333588e-01 9.100669787041081316e-01 9.192453386242828151e-01 9.250809345725825583e-01 9.079497855108830118e-01 9.158273040457809433e-01 9.323057940123499199e-01 9.295761475444143107e-01 9.212561217601614727e-01 9.067274890971119827e-01 9.278063559265711246e-01 9.210139435845563494e-01 9.212682688399700393e-01 9.323791511606078775e-01 9.194909275243416946e-01 9.127355766025379014e-01 9.265223660646145776e-01 9.255196241322729556e-01 9.312664228165312696e-01 9.282101403728550970e-01 9.296362440688017426e-01 9.236115648655400800e-01 9.238288060858609319e-01 9.341014116346247897e-01 9.350717266289909624e-01 9.349165494572178048e-01 9.326702749328489306e-01 9.302385634741606735e-01 9.292438177483490769e-01 9.271534008905211177e-01 9.355126775831623664e-01 9.369086965000312794e-01 9.354022631028288126e-01 9.336203999820346100e-01 9.349511269709969152e-01 9.386708481523984293e-01 9.376565442323344657e-01 9.231748727647705044e-01 9.321958994563386280e-01 9.275612777349303562e-01 9.292147112467863401e-01 9.339025752819506421e-01 9.319184505046875788e-01 9.319767781306959042e-01 9.294375721823642245e-01 9.316017390747826088e-01 9.276760580499989750e-01 9.318114049977265223e-01
4.246412532841359333e-02 1.535571869880279494e-01 3.307662701086094836e-01 5.480464616637985564e-01 4.456332150540959769e-01 5.087604403407908205e-01 7.206954184882035097e-01 7.078525332944967108e-01 7.668744137013949747e-01 6.934583745797170407e-01 7.975694977984030265e-01 8.283993253041466165e-01 1.000000000000000000e+00 7.145904961694150570e-01 8.360908725249622808e-01 8.386493065537174996e-01 7.605925984168557807e-01 6.039003974562207055e-01 6.831908912252493415e-01 5.891457482886266472e-01 6.429643116723020579e-01 7.564691246046144624e-01 6.805499625275657216e-01 6.862084726924398970e-01 7.266763128596305243e-01 8.132594579629528475e-01 8.103128465961946247e-01 8.144175426194893985e-01 7.645469255273813491e-01 8.348247232729181233e-01 8.515534731506001487e-01 8.158096908907499500e-01 8.050765514674100842e-01 8.059641999216077268e-01 8.006524533525556375e-01 8.188937048925903905e-01 8.477029018025920015e-01 8.218337512327622552e-01 8.527671308532880357e-01 8.148734601428445634e-01 8.568417611408373213e-01 8.501415120283719595e-01 8.436678920943374571e-01 8.626106335181742413e-01 8.594576557303083009e-01 8.552545295614680798e-01 8.689450536153098259e-01 8.670326455482196826e-01 8.602290172951515546e-01 8.374328527308394499e-01 8.577627244530454664e-01 8.202700452553528532e-01 8.576641887017668608e-01 8.558951036284204728e-01 8.471573200719975105e-01 8.481715457141101311e-01 8.405064235264931849e-01 8.623538948771182211e-01 8.521063844511872487e-01 8.693766835271727889e-01 8.713295994864220795e-01 8.584559235632244212e-01 8.526998879927873976e-01 8.615812774154599785e-01 8.586117584492822807e-01 8.558579352753863390e-01 8.684495580897283462e-01 8.547831307778159804e-01 8.548480632012023239e-01 8.509176507001386947e-01 8.564662554382989068e-01 8.662759906575645541e-01 8.488471805145644256e-01 8.546479752184141798e-01 8.738255354275623610e-01 8.693077053017232991e-01 8.639809484246817606e-01 8.526228950731119527e-01 8.669030501551967527e-01 8.648166741845790817e-01 8.665019233896728013e-01 8.732153447429187310e-01 8.624603567065336485e-01 8.576457586353393170e-01 8.629326897928725204e-01 8.671904074915461891e-01 8.697068519479823623e-01 8.669900094020707160e-01 8.701755485706348381e-01 8.635060404130792122e-01 8.551236810099577257e-01 8.707408222248634866e-01 8.716417940131178099e-01 8.705393316833414108e-01 8.732178925384003199e-01 8.716349575674899874e-01 8.532905553922965902e-01 8.591095189240984809e-01 8.720736925268331996e-01 8.706733055822818423e-01 8.671837310127270548e-01 8.674144363938002256e-01 8.710290184033865346e-01 8.743229925186650764e-01 8.702127152142880018e-01 8.615833775929218064e-01 8.716134878235897165e-01 8.720428630840638684e-01 8.710118592248228264e-01 8.733644777432453266e-01 8.671382587252002283e-01 8.736888237167121929e-01 8.704180230872282653e-01 8.722500655906815226e-01 8.699010413994895385e-01 8.694741951087221477e-01
