1.000000000000000000e+00 1.186870687522306733e-01 1.715961101384530230e-01 -1.088910315312149879e-02 4.325685523646712743e-02 4.865911166677520418e-03 -7.446279677083911600e-03 1.213654251486270992e-02 1.862992945295112446e-01 1.066464996071808807e-01 5.009489784999637124e-02 6.407265503576399859e-03 3.578857608448059256e-03 6.706887446324058359e-03 -6.228241128960276297e-03 2.809869007880744576e-02 2.164831340810053628e-01 1.782591412807563447e-01 1.737889906692777764e-01 -1.757197049054133944e-02 1.264398853818024804e-01 1.624245563953638505e-01 1.254578730496477001e-01 8.176931396065471869e-02 1.321916399677682541e-01 1.599898412594262243e-01 1.537517864359752295e-01 1.335800998088477465e-01 1.514708224846847417e-01 1.167615700876108720e-01 8.921758481898363347e-02 1.183813310914000050e-01 1.288543926417454188e-01 9.481194957436729631e-02 1.392067684399153349e-01 7.513683332812121085e-02 1.271738846654056621e-01 5.434822853492130706e-02 6.440762754725726236e-02 4.066230889265673443e-02 5.608841059964934928e-02 3.044952962942688857e-02 -3.112709458642142629e-02 3.708182224877569488e-02 7.732720073787935355e-02 3.802531769263865769e-02 1.036198879836522542e-02 4.708229852052671360e-02 4.141360595611992546e-02 5.484693839219684924e-02 5.155208836808378159e-02 2.740514230762270895e-02 1.152416019189934221e-03 9.604519816289160128e-02 6.706887319234879075e-02 7.538309819616645369e-02 7.892713691811004129e-02 2.519325562440102168e-02 4.126729281761146173e-02 6.725546638157604840e-02 1.613959299840960968e-02 5.774380128583490868e-02 2.904140943686070106e-02 5.778220564259291259e-02 9.050801656854731703e-02 6.119963523768566505e-02 4.113681600336031863e-02 7.211424161432238022e-02 5.594723711160460439e-02 2.334427385584780107e-02 5.790169862203882467e-02 5.767840374967685840e-02 3.805448260231204805e-02 4.730378574029179412e-02 5.001290176193372988e-02 6.065837702402195053e-02 5.731427475030932694e-02 6.315156490697491909e-02 1.603350369022445501e-02 3.424452084761607507e-02 5.269325080009685386e-02 3.413373873864626595e-02 6.972756322981661647e-02 6.149707956108321077e-02 3.084231154057392316e-02 3.726136686533695203e-02 4.521038974361613755e-02 1.413364701616670605e-02 2.654357691437454064e-02 5.535619883241195416e-02 2.211734624024790444e-02 1.618895846198073127e-02 2.684197305669466446e-02 1.755866358740508851e-02 8.161149313371715217e-03 1.689547474667872987e-02 6.105588644647312428e-03 5.406058914052890019e-02 7.137447854617005524e-03 1.220364191536680958e-02 3.589227039348866569e-03 2.506305685250214202e-02 1.416083756175246823e-02 1.495833415965817752e-02 2.397443081475653451e-02 4.959067219749022093e-02 3.236409848850035909e-02 4.437698352832698812e-02 4.000352534915730535e-02 2.231081238106749978e-02 1.922152114899948125e-02 3.866095331037419647e-02 4.206759017361071801e-02 2.707842225232695924e-02 5.713220737823288681e-02 3.613969517133658327e-02
1.186870687522306733e-01 1.000000000000000000e+00 5.876211496604803741e-02 9.867505823771926046e-03 5.534302095362381851e-02 1.099175983937385609e-01 1.060986252031518307e-01 9.896121701368261470e-02 1.710713321759604888e-01 1.971009128656444898e-01 1.245204193659081165e-01 1.104072858807997604e-01 1.255059486139780411e-01 1.368883026838371986e-01 1.326745254017463183e-01 1.446737293733867669e-01 1.525669037681250395e-01 8.140399165453893193e-02 1.006565400862357712e-01 -1.834233625449007560e-02 1.760362472537930004e-02 7.246910906288793475e-02 1.056496748152457449e-01 6.878923533924655165e-02 8.863870254557869310e-02 1.553652822881965989e-01 1.448026529113267125e-01 1.788659551855394658e-01 1.567165393615635449e-01 1.553332000153252457e-01 1.401029325150229266e-01 1.480811309823378275e-01 1.582806751055225447e-01 1.575903255679996784e-01 1.722831056209289946e-01 1.250032284892445833e-01 1.367925599333905673e-01 1.824129931415293671e-01 1.697912780900476259e-01 1.520598790294651059e-01 1.479807686774302355e-01 1.635374685997577904e-01 1.202566734597424331e-01 1.411616236134849711e-01 1.339805745715356988e-01 1.526682623216206180e-01 1.491869362454295300e-01 1.549889465055611648e-01 1.407799137039409121e-01 1.374501381004459843e-01 1.522701487231611917e-01 1.230845209640173549e-01 1.249035546492357901e-01 1.645956298681674757e-01 1.622818280661970647e-01 1.615065847022859602e-01 1.398279340071438004e-01 1.640634300214351415e-01 1.595737115937648221e-01 1.518131666271296532e-01 1.413743077112308844e-01 1.571147708279418687e-01 1.490864045987655151e-01 1.455586155310911178e-01 1.472458028135970320e-01 1.458075076819554117e-01 1.601288080792657720e-01 1.532634450359539047e-01 1.431260426320124790e-01 1.069150842819661662e-01 1.244461190776604692e-01 1.382723176690225098e-01 1.285243833033744565e-01 1.276595011860874040e-01 1.542388408501622898e-01 1.542832848527152523e-01 1.635446078388637647e-01 1.558739098735377748e-01 1.487605701867709129e-01 1.528145844088668881e-01 1.549740581036282427e-01 1.507059006925183797e-01 1.478933026167067732e-01 1.591074786081981551e-01 1.434915070815664939e-01 1.544917444506025972e-01 1.560598387578238100e-01 1.578707467683149179e-01 1.583305316265317120e-01 1.561263037384080787e-01 1.507680264896852362e-01 1.546082796245223656e-01 1.451208224515121992e-01 1.517027703988003684e-01 1.479986900590881949e-01 1.524745055930858961e-01 1.297318453429704699e-01 1.346644900159260083e-01 1.408133540606491541e-01 1.440568461552447221e-01 1.287528282660216072e-01 1.437935449020266709e-01 1.410138535698889917e-01 1.435820146800253494e-01 1.407088378828710851e-01 1.449364975498402541e-01 1.434223729067854725e-01 1.636824733125138986e-01 1.611609838974007725e-01 1.565678490885027418e-01 1.608145915542354143e-01 1.505934947391206757e-01 1.551978665760209430e-01 1.466547064617364782e-01 1.524739882928812240e-01 1.472207094913448588e-01
1.715961101384530230e-01 5.876211496604803741e-02 1.000000000000000000e+00 3.288889971461149697e-01 1.967616352743053743e-01 2.502006842363348471e-01 3.285139981119563068e-01 3.436393111032901015e-01 3.563891792063456632e-01 3.291393521178159753e-01 3.829798819611719418e-01 3.811596057042344610e-01 3.266807306440336900e-01 2.692746752601840043e-01 3.687611889811392429e-01 3.736355213016167021e-01 3.790351067220762427e-01 3.792280176529631008e-01 4.020975635852336860e-01 2.950124058128179017e-01 3.709550992966484384e-01 4.127678735576391644e-01 3.695942940331367055e-01 3.600206107990106541e-01 3.860411393431960048e-01 4.231409058922208088e-01 4.191906977153003200e-01 4.046713913226227533e-01 3.857182520369566436e-01 3.799173636932581255e-01 3.793287231816146465e-01 3.962561024611520044e-01 3.982989760853349326e-01 3.875837795157809351e-01 3.771164502969931998e-01 3.840968967626220976e-01 3.988977404827070417e-01 3.805008703403688353e-01 3.800337266571273687e-01 3.991400296745829523e-01 3.869932518240398189e-01 3.939707226696096409e-01 3.594016091121424727e-01 3.882802409277153477e-01 4.020500926271600717e-01 3.722565160662687500e-01 3.709653062151283542e-01 3.768893536051398097e-01 3.765012594945898461e-01 3.725654117833545054e-01 3.840241790597596072e-01 3.834425011540208983e-01 3.733675839917807715e-01 3.854264510197205063e-01 3.838364420385657061e-01 4.017690566691743959e-01 3.776486540350121324e-01 3.821575291756452719e-01 3.731301590219517905e-01 3.880368707456935962e-01 3.764996606262579482e-01 3.806624506723971790e-01 3.658575199899649077e-01 3.746914022468864625e-01 3.957163041059066910e-01 3.808892855261681865e-01 3.843906192795066290e-01 3.987939580467301792e-01 3.941401470813166164e-01 3.865130596529512408e-01 3.990717638533930467e-01 3.952807729319441354e-01 3.863914272907132963e-01 3.915539792389575169e-01 3.916373851499563297e-01 3.926163429038289077e-01 3.879477286302879246e-01 3.833334436990910588e-01 3.801233820869208135e-01 3.779386198711277567e-01 3.878054059096083805e-01 3.802407405240336713e-01 3.983568189903534118e-01 3.852020224249161351e-01 3.894719725196509330e-01 3.888351044193899542e-01 3.897847605273906391e-01 3.849210262102482627e-01 3.794215110777206523e-01 3.931058029659532105e-01 3.934499138172730115e-01 3.839711555050357439e-01 3.881587717912046709e-01 3.791009252842019728e-01 3.720619651203891376e-01 3.731046586744291571e-01 3.856173892945130577e-01 3.791680008805903834e-01 3.711500773195382519e-01 3.808746733127351125e-01 3.747928355931890443e-01 3.773874784906823820e-01 3.791712630853867338e-01 3.823836558978924161e-01 3.802389752162863013e-01 3.835040681363309223e-01 3.768341413983102295e-01 3.782214548024603884e-01 3.806583581161459562e-01 3.741747272263233892e-01 3.773645882532457030e-01 3.766323521770971183e-01 3.787757969264697322e-01 3.741052066143620847e-01 3.834239019685892202e-01 3.783107531290164638e-01
-1.088910315312149879e-02 9.867505823771926046e-03 3.288889971461149697e-01 1.000000000000000000e+00 3.531761285776980897e-01 4.456034058670223508e-01 5.454855901767811099e-01 5.424733680746864906e-01 4.629627420745569544e-01 4.278351827008273212e-01 5.532045434078911583e-01 6.322947028302865480e-01 5.219196969064030522e-01 4.497281195857223413e-01 5.963478532513886154e-01 5.861912662629824577e-01 4.794545593474987544e-01 4.206579361235784909e-01 4.953949927457568236e-01 5.245956565593281606e-01 5.584814097626012996e-01 5.648047291099971279e-01 4.523165040844691620e-01 4.689986397678005403e-01 5.131694384948015664e-01 5.469445161305190872e-01 5.565768392234541340e-01 5.245297595956530667e-01 5.068800569068584450e-01 5.150342836433711158e-01 5.509218986665191942e-01 5.323749529176409201e-01 4.790184602435156314e-01 5.135618443135205879e-01 4.552624077033440853e-01 5.609369252515153947e-01 5.215536989818265745e-01 5.246051447514531452e-01 5.384211772248747030e-01 5.775789350134348243e-01 5.714379506421539689e-01 5.724081924435906465e-01 5.799158882929544845e-01 5.920560550391894550e-01 5.825373674775301547e-01 5.569639856429624558e-01 5.705762188083617348e-01 5.615422443256756768e-01 5.737456040229494958e-01 5.719166472688368419e-01 5.733000628264918186e-01 6.106079305436890037e-01 6.093272308836465978e-01 5.479280307140990125e-01 5.564700181106242427e-01 5.690728236184764421e-01 5.700583928359918007e-01 5.705383384769971977e-01 5.557712250528636933e-01 5.771155922876501920e-01 5.788338674790218796e-01 5.575146244507019899e-01 5.589508209902002145e-01 5.669514820380352482e-01 5.633476369544283546e-01 5.745966767657701979e-01 5.648436738082440733e-01 5.524817805257795644e-01 5.546226021234363923e-01 6.121065327982080362e-01 5.981120391183262219e-01 5.777062552016597463e-01 5.562879435450642784e-01 5.623397575463670028e-01 5.752867346591221676e-01 5.684347202121191600e-01 5.555643204645411837e-01 5.578019714286091002e-01 5.742677752724002493e-01 5.605648832263998571e-01 5.458967856540081209e-01 5.647583159935468666e-01 5.683012009921420971e-01 5.284380907856687237e-01 5.744306498597784305e-01 5.615770876143134638e-01 5.578738179177257228e-01 5.718532978180183024e-01 5.604509830271182658e-01 5.624753108546211022e-01 5.790727718460748630e-01 5.768628293681092867e-01 5.858794909798169526e-01 5.702197574899545707e-01 5.725270537892687139e-01 5.662483860365032928e-01 6.077791488722665836e-01 5.893206922350922028e-01 5.831114407912068032e-01 5.889466523819421040e-01 5.942214542938796251e-01 5.815002550283031590e-01 5.919447050396211552e-01 5.926536951012144616e-01 5.916767496394403913e-01 5.782827005202096915e-01 5.783242435947341109e-01 5.527967584174587889e-01 5.587176882802128430e-01 5.709281333709271822e-01 5.675425520912893429e-01 5.741357025272045833e-01 5.646347603539307869e-01 5.747248585535844612e-01 5.717321536580273200e-01 5.787351395845706792e-01
4.325685523646712743e-02 5.534302095362381851e-02 1.967616352743053743e-01 3.531761285776980897e-01 1.000000000000000000e+00 3.326680502942112594e-01 4.785764083631032784e-01 4.945001194040534176e-01 4.193066527327898307e-01 3.770843769509044097e-01 4.424504459675800971e-01 4.804034358644506120e-01 4.943498244138417319e-01 3.832929424687175346e-01 5.099111417640603827e-01 4.995612835152169473e-01 3.898317340544761311e-01 3.562147977553788980e-01 3.990386969676152362e-01 3.676166874718634903e-01 3.563261942642089175e-01 3.896593867944266876e-01 3.931612010796947110e-01 4.018366164416163899e-01 4.079238731467745849e-01 4.323056952411359899e-01 4.413844480052436237e-01 4.395538655451481369e-01 4.343765498084524723e-01 4.570170607634747584e-01 4.737423495935708107e-01 4.615459674983629079e-01 4.335051449332634199e-01 4.658426899063287663e-01 4.337084408408382608e-01 4.612241906223190080e-01 4.510313541500506895e-01 4.564052579338219173e-01 4.674824077484290852e-01 4.618198312696965013e-01 4.707312886279320097e-01 4.816134809916397530e-01 4.932755878264934446e-01 4.903206766581471032e-01 4.755057327469482398e-01 4.753239546996285703e-01 4.862116475585956943e-01 4.806132026318880035e-01 4.819369749663418023e-01 4.750232723898900611e-01 4.810270291959459765e-01 4.768600894665261936e-01 4.881058143896404578e-01 4.612718589958936799e-01 4.677489499706089515e-01 4.667601669306349343e-01 4.679862435039385815e-01 4.789937489059881703e-01 4.641754135913380708e-01 4.801932674507482512e-01 4.888003148756542293e-01 4.653801880197180330e-01 4.764723255354584297e-01 4.708797149282173411e-01 4.582770731823997967e-01 4.743879562758602231e-01 4.798664197008513099e-01 4.777185010942842647e-01 4.769838587825068754e-01 4.830823557948448754e-01 4.760346520830597838e-01 4.732959296258051340e-01 4.774688134694833885e-01 4.739735262873104871e-01 4.779835935410662873e-01 4.785219688401828875e-01 4.726882115702232268e-01 4.723007385080795206e-01 4.761824737644237970e-01 4.747468186637121557e-01 4.731510741532656272e-01 4.805981245451512729e-01 4.736135870320747343e-01 4.680734986527753105e-01 4.879259782024321090e-01 4.812708632938274556e-01 4.740213262667560823e-01 4.837712340352660623e-01 4.757683724759965149e-01 4.731803818846498366e-01 4.796004199775233956e-01 4.842767643146545509e-01 4.840098289166199774e-01 4.839589581824341735e-01 4.810812804232750262e-01 4.790921784551441243e-01 4.924512520001166904e-01 4.847363287634187112e-01 4.871539982668684488e-01 4.887434883082916737e-01 4.933355258313311675e-01 4.801806212707447341e-01 4.894368967484182265e-01 4.888021358098093572e-01 4.874507149626167712e-01 4.770692047107897293e-01 4.825348337210389471e-01 4.722198080884432714e-01 4.758375757511817961e-01 4.847513221764758740e-01 4.772117495692818623e-01 4.809448459776509699e-01 4.755823663003721502e-01 4.812610270657187161e-01 4.707640936764959094e-01 4.798252580989654237e-01
4.865911166677520418e-03 1.099175983937385609e-01 2.502006842363348471e-01 4.456034058670223508e-01 3.326680502942112594e-01 1.000000000000000000e+00 5.460319478989570374e-01 5.168466920787569974e-01 5.217396798072674313e-01 5.000184508775971093e-01 5.777506418972129243e-01 5.905768448952717353e-01 5.546068853786578767e-01 4.766204648027541624e-01 5.988715617664338575e-01 6.072734149104845880e-01 5.010717739192878106e-01 4.350391257103174980e-01 5.123582001134512343e-01 4.266460277103805709e-01 4.462574607692846862e-01 5.261961625381448293e-01 5.009742768808639335e-01 4.911488326294544127e-01 5.177916049173677537e-01 5.684039648627030594e-01 5.771738805120062432e-01 5.720848841145576014e-01 5.465982682328310860e-01 5.671803890718429830e-01 5.958544971499979415e-01 5.824222369933409471e-01 5.465872722493871905e-01 5.840645800118937636e-01 5.537568740425657943e-01 5.942832009087324341e-01 5.761925146218344063e-01 5.753888842396714942e-01 6.007321505313585330e-01 5.970193641119301287e-01 6.118720768499091855e-01 6.085160420684830873e-01 6.022583093081282923e-01 6.163014587525831312e-01 6.150005851083989450e-01 6.102781658931069053e-01 6.134189787517808634e-01 6.164407246248929662e-01 6.057761128868971445e-01 5.869507691045090514e-01 6.080145316303183778e-01 5.937774604729959549e-01 6.063898060433914328e-01 6.049570170568208116e-01 6.056440627993685544e-01 6.119667631629389648e-01 5.980914834478022746e-01 6.149363119459061444e-01 6.058693724560544336e-01 6.155931739431750316e-01 6.234573612915054186e-01 6.066659417049601322e-01 6.058489937376649870e-01 6.090124965895272746e-01 6.008334732267196499e-01 6.099161180853014397e-01 6.169520895383213688e-01 6.081523970011187830e-01 6.095897120155320259e-01 6.119936247243640270e-01 6.108787478024726436e-01 6.147740730749990945e-01 6.033798999300880039e-01 6.055806747704743920e-01 6.162418006848785490e-01 6.159580195355360832e-01 6.122340344697490000e-01 6.062042498588186001e-01 6.174228764158085081e-01 6.130703920275394347e-01 6.097678541204515357e-01 6.135037883655137803e-01 6.134787924376764456e-01 6.012981268958648151e-01 6.137799723291300635e-01 6.141833387641160158e-01 6.125143437592598383e-01 6.187025614405085028e-01 6.181042845248725381e-01 6.174186432699314553e-01 6.185066413190231094e-01 6.220375446827032251e-01 6.197800161741519043e-01 6.204709371794338013e-01 6.188483545840035571e-01 6.179457101138196018e-01 6.148813214104710267e-01 5.994237160795001795e-01 6.162193281641749065e-01 6.179512991114828324e-01 6.212055478242505258e-01 6.148719758811320713e-01 6.185266562710181049e-01 6.239372844078570068e-01 6.191254386630452577e-01 6.114483244908038850e-01 6.141519643668168493e-01 6.166486937787681866e-01 6.171995709077963133e-01 6.179537093914462265e-01 6.178037346013517395e-01 6.172094402884706899e-01 6.163259606119331213e-01 6.156135345746289733e-01 6.165845596898077430e-01 6.170481752457399605e-01
-7.446279677083911600e-03 1.060986252031518307e-01 3.285139981119563068e-01 5.454855901767811099e-01 4.785764083631032784e-01 5.460319478989570374e-01 1.000000000000000000e+00 7.047363953485505927e-01 6.806923651069746173e-01 6.250053790453122815e-01 7.315956845801101505e-01 7.845858378263472765e-01 7.226942175863482198e-01 6.179152961287188717e-01 8.447839855622378824e-01 7.913748236523092672e-01 6.599665968567879348e-01 5.623034353586784384e-01 6.482268629533407545e-01 5.874333909092177564e-01 6.024029919707525327e-01 6.651485967177439562e-01 6.215613484117786802e-01 6.255466665716573615e-01 6.529292727251063688e-01 7.256992400900661444e-01 7.308014175207641072e-01 7.359548060298289895e-01 7.055316087365615108e-01 7.274801746571718519e-01 7.618283120251467810e-01 7.479368817151581528e-01 7.131265450926608240e-01 7.422778454268630366e-01 6.971470910882389127e-01 7.481938113531509948e-01 7.230010224594419777e-01 7.627672945751247102e-01 7.706108344717887970e-01 7.792336205924161874e-01 7.889744787778921742e-01 7.887430813929778850e-01 7.764513096644962697e-01 8.013084730563887481e-01 7.788664715221329526e-01 7.802316764561032514e-01 7.949000261534402423e-01 7.872461927927841829e-01 7.856356166514463224e-01 7.686351257633163847e-01 7.892335767597707941e-01 7.598330902309965440e-01 7.888401766704333795e-01 7.637171149428775285e-01 7.769252787629538082e-01 7.821210254125908756e-01 7.590304373605736288e-01 7.908132359410650070e-01 7.780824228042776403e-01 7.872677859958112645e-01 7.964546786402916245e-01 7.746662269090711650e-01 7.765028523258209470e-01 7.770514583489377403e-01 7.644898833802413751e-01 7.753910990008163751e-01 7.894836163720444500e-01 7.756741818695027657e-01 7.790178101251059584e-01 7.931511073417009117e-01 7.861278820715003057e-01 7.826223242882106579e-01 7.710032946086082806e-01 7.709517260368559111e-01 7.943224958436437833e-01 7.899235813843915599e-01 7.831056578604373986e-01 7.791283151232897275e-01 7.927353363784429563e-01 7.822379901564557869e-01 7.765211371500928550e-01 7.892812384056829833e-01 7.832971523966536509e-01 7.698733650951936625e-01 7.972446203595197067e-01 7.901128781682518198e-01 7.818683794229184247e-01 8.023519018080051968e-01 7.890856685398223158e-01 7.848838277094206672e-01 7.991226033159799513e-01 8.013636155069644440e-01 7.943513725926208968e-01 7.968804687562938138e-01 7.926919461332744277e-01 7.918172848058029345e-01 8.012836005591108535e-01 7.796902985388920460e-01 7.955897435415637542e-01 8.051677036322545389e-01 7.973633204840371302e-01 7.935875203575518677e-01 7.947874109467919501e-01 8.024943499479197939e-01 7.935325530808009509e-01 7.831571739600982074e-01 7.917013823175544918e-01 7.852015715351319258e-01 7.890767899600138469e-01 7.957758469724141026e-01 7.972773042766165830e-01 7.884397108138766486e-01 7.879342080386760871e-01 7.905721988456866356e-01 7.844062877637287823e-01 7.865294149350061659e-01
1.213654251486270992e-02 9.896121701368261470e-02 3.436393111032901015e-01 5.424733680746864906e-01 4.945001194040534176e-01 5.168466920787569974e-01 7.047363953485505927e-01 1.000000000000000000e+00 6.615585429678864093e-01 6.118136179161852706e-01 7.291713000945760914e-01 7.650404554655902967e-01 7.141419534835631300e-01 6.041038899287378694e-01 7.815365766907825806e-01 7.942388596573668469e-01 6.363977116011806379e-01 5.597526193931970928e-01 6.495501492237196750e-01 5.669348060421772750e-01 5.936001215333737147e-01 6.770505323152160582e-01 6.076577437160928241e-01 6.208190912477881129e-01 6.580578811009314411e-01 7.131662239640520484e-01 7.272466882320346437e-01 7.132607843281171256e-01 6.999300594865751624e-01 7.140568850001433043e-01 7.428873320805886582e-01 7.301966248915949809e-01 6.992135175619783594e-01 7.235399062286717031e-01 6.806588546508806070e-01 7.377425035965005096e-01 7.119272159435121594e-01 7.472851371076221216e-01 7.547036351441133162e-01 7.631756130192932641e-01 7.735836622607871194e-01 7.754242057386112608e-01 7.690840536228216173e-01 7.906398781375690854e-01 7.666483164938121542e-01 7.673207080116206669e-01 7.784777224641846738e-01 7.713377800358305336e-01 7.719141140908364340e-01 7.550783025522559422e-01 7.799079196899344479e-01 7.514458797156928771e-01 7.749955733115952983e-01 7.554522698610613984e-01 7.656109594151907505e-01 7.657702733483624513e-01 7.519380385406455591e-01 7.808488807389258879e-01 7.714740259398732425e-01 7.729595764047463291e-01 7.853815130781370835e-01 7.650935879854614541e-01 7.685195054490954192e-01 7.628942126569605575e-01 7.532613475529638114e-01 7.607113647637957499e-01 7.731645898144071660e-01 7.629222337588790204e-01 7.595790954108569970e-01 7.723950776440446919e-01 7.738735764910804615e-01 7.694774205350373153e-01 7.530466526720496212e-01 7.576961731860241134e-01 7.778833333653175641e-01 7.712210741621177146e-01 7.671412454627022370e-01 7.622644652947626609e-01 7.710429213081394506e-01 7.638119909334016855e-01 7.603553210384351724e-01 7.686739242198133981e-01 7.650457112470783194e-01 7.473526751055500350e-01 7.775510995049158547e-01 7.713768641310709828e-01 7.634372707390792989e-01 7.830887199166268742e-01 7.723886475869415902e-01 7.684174633210438810e-01 7.779589393382677631e-01 7.846225300579244832e-01 7.769581934434285353e-01 7.799415031050734859e-01 7.731013152754636630e-01 7.733510223335350320e-01 7.853452096715490827e-01 7.655113484710818206e-01 7.789500165479666949e-01 7.876874388942423089e-01 7.838040617812164212e-01 7.750844768677975782e-01 7.783072157647266121e-01 7.884461075954917186e-01 7.776729588950291872e-01 7.686242813463928236e-01 7.744671140341923277e-01 7.683177839558168465e-01 7.732801556110406871e-01 7.805496540151347640e-01 7.816583683362869905e-01 7.729550950517558583e-01 7.710831509268556427e-01 7.731539557814236518e-01 7.687238916962164659e-01 7.706865661235583476e-01
1.862992945295112446e-01 1.710713321759604888e-01 3.563891792063456632e-01 4.629627420745569544e-01 4.193066527327898307e-01 5.217396798072674313e-01 6.806923651069746173e-01 6.615585429678864093e-01 1.000000000000000000e+00 7.359836167673718954e-01 7.922883961379630913e-01 7.886546329723118642e-01 7.377067137621555748e-01 6.641837427501081637e-01 8.073589988163916153e-01 8.063425557082383177e-01 7.933509655166016694e-01 6.599395325119841171e-01 7.702087237005171838e-01 5.244990500255024557e-01 6.048074107882552841e-01 7.585311454628984595e-01 7.267502439380552071e-01 7.048519489115284697e-01 7.569171055740682164e-01 8.149777442232857272e-01 8.244353151725001272e-01 8.274115503424623874e-01 8.102320540992558051e-01 8.254899055536818464e-01 8.529641779408478897e-01 8.438213198049898667e-01 8.131263327572380017e-01 8.373929711321947966e-01 8.215189477241247040e-01 8.165165644700154157e-01 8.434372558418438137e-01 8.233143498470407717e-01 8.470723889382281158e-01 8.159300575112892195e-01 8.500442610638548890e-01 8.260650686264902065e-01 7.823285899841511126e-01 8.465286031057470684e-01 8.509008843459506810e-01 8.423601339132744670e-01 8.501900823095736026e-01 8.649190710132654836e-01 8.473860432660687003e-01 8.236988079466940338e-01 8.444825295908641172e-01 7.996579154888047158e-01 8.209570688928700122e-01 8.677309742582978158e-01 8.558622541357984170e-01 8.538502508246588185e-01 8.414908139410677279e-01 8.457294240651106465e-01 8.458589480502737290e-01 8.637506748176680960e-01 8.472475303974508209e-01 8.544954977702442500e-01 8.389761010319064516e-01 8.556186050770505647e-01 8.652672843343856002e-01 8.573298774526426635e-01 8.632688819053665474e-01 8.666993084276577441e-01 8.605134599442026966e-01 8.246942258655811653e-01 8.503253796646293994e-01 8.629358173779759777e-01 8.435710132467130196e-01 8.491825232904240961e-01 8.617774213936447714e-01 8.660859192652512473e-01 8.611979414158350554e-01 8.577665390378783616e-01 8.431326944380214128e-01 8.539095612206607511e-01 8.612211318201413723e-01 8.588898818981797190e-01 8.653608496402902528e-01 8.610312100951342806e-01 8.510039465246194146e-01 8.598392764533484556e-01 8.626432416940136294e-01 8.509713915562417963e-01 8.579104080336604765e-01 8.622234137718571834e-01 8.495567596286761614e-01 8.538093120666150337e-01 8.557725637174651290e-01 8.519479611129726626e-01 8.509571474172069605e-01 8.565564109544591131e-01 8.321622799201807696e-01 8.427939946566425089e-01 8.429465298420478758e-01 8.461431330161093278e-01 8.394558936421727680e-01 8.492258336547734432e-01 8.464489837675563955e-01 8.504068048977924121e-01 8.506067245292987522e-01 8.532136744441406462e-01 8.556170214321018319e-01 8.647384706091723050e-01 8.642909651813545091e-01 8.564362515663859199e-01 8.544305061744941199e-01 8.616490694265611650e-01 8.599051233475998313e-01 8.547941809072312491e-01 8.643647117588973972e-01 8.560741972229595209e-01
1.066464996071808807e-01 1.971009128656444898e-01 3.291393521178159753e-01 4.278351827008273212e-01 3.770843769509044097e-01 5.000184508775971093e-01 6.250053790453122815e-01 6.118136179161852706e-01 7.359836167673718954e-01 1.000000000000000000e+00 7.248624453684426872e-01 7.312338182849710266e-01 6.732674343263246319e-01 6.043181373733730322e-01 7.430086374878401845e-01 7.477205564820157413e-01 6.831417744445414941e-01 5.687143617138401552e-01 6.726027662038724930e-01 4.773241267056926307e-01 5.252653529289912360e-01 6.637029990178345829e-01 6.506524676503199212e-01 6.228975656192644594e-01 6.661156012010693850e-01 7.378812741109516127e-01 7.414857578956027817e-01 7.543130010207468317e-01 7.414343680100198286e-01 7.532438820417625136e-01 7.730554135653248116e-01 7.649667766972181315e-01 7.420005820469017799e-01 7.548591847132164467e-01 7.525786445596943652e-01 7.410308457816521255e-01 7.559327018254142772e-01 7.704417811701728125e-01 7.765209933904809736e-01 7.605722077839315309e-01 7.825737403348309584e-01 7.694541549453788321e-01 7.321837616698576579e-01 7.780555299107492218e-01 7.690255085718864514e-01 7.847647024694065498e-01 7.853554763847483411e-01 7.963182056881759063e-01 7.841159508635475728e-01 7.471655487661956752e-01 7.783006424213266827e-01 7.177146249975895342e-01 7.516903060535570225e-01 8.004358587687562254e-01 7.908280379867128618e-01 7.881895120969223401e-01 7.738037843819094430e-01 7.858821346249493800e-01 7.904271264701524524e-01 7.906787445420415672e-01 7.830788017722539740e-01 7.911721933279638463e-01 7.824997641815640836e-01 7.830944543208965269e-01 7.806279249060521508e-01 7.840563709766257272e-01 7.903440656707303447e-01 7.857281460746228241e-01 7.860992071458798858e-01 7.543810238426966741e-01 7.719271684185234905e-01 7.845667184022090401e-01 7.689124243724823060e-01 7.736650212027582629e-01 7.912368040652616452e-01 7.904801406860473278e-01 7.918353597914836728e-01 7.889548052316288640e-01 7.825065138968821943e-01 7.861347572672797712e-01 7.898687674935394032e-01 7.898531432737839753e-01 7.865939038855832566e-01 7.884350316116491841e-01 7.815530805153055871e-01 7.889108756422724689e-01 7.902309349191365406e-01 7.908473791878118941e-01 7.915021512115092417e-01 7.896184434110382622e-01 7.827286322881469305e-01 7.880632460091344660e-01 7.849945300649874280e-01 7.885469596030565409e-01 7.866023399457450216e-01 7.906813743923518656e-01 7.642737126982207529e-01 7.634314982864691679e-01 7.748174935757360382e-01 7.792798103072553495e-01 7.721464614867198373e-01 7.807050398319337337e-01 7.749609938772249462e-01 7.819169123866475113e-01 7.762226853108307179e-01 7.808571964006331134e-01 7.853857020034807901e-01 7.953196772578451368e-01 7.967624136304188864e-01 7.903383185379277975e-01 7.915236878012339439e-01 7.907175395606469426e-01 7.922773798085397390e-01 7.841907389245372784e-01 7.866027762445996219e-01 7.868474580362460058e-01
5.009489784999637124e-02 1.245204193659081165e-01 3.829798819611719418e-01 5.532045434078911583e-01 4.424504459675800971e-01 5.777506418972129243e-01 7.315956845801101505e-01 7.291713000945760914e-01 7.922883961379630913e-01 7.248624453684426872e-01 1.000000000000000000e+00 8.677548199295916920e-01 7.856408794964553355e-01 7.029239122316550681e-01 8.591869135765430876e-01 8.647505822254788477e-01 7.678866612013498516e-01 6.492604526447891544e-01 7.691262010313779651e-01 5.872377183141124224e-01 6.459974904384300221e-01 7.805645807991236085e-01 7.304807148591923038e-01 7.213217550261217248e-01 7.743890853714996414e-01 8.265913353395893948e-01 8.458155813411792900e-01 8.282885513046185366e-01 8.155681889835046938e-01 8.514864267034696343e-01 8.897949196054614207e-01 8.585822959271538490e-01 8.153022399108154072e-01 8.553537539510902565e-01 8.236821097831797944e-01 8.546688217726342573e-01 8.626392152010835535e-01 8.466888704031477753e-01 8.764739060146130578e-01 8.617759627418711821e-01 8.863822220209788272e-01 8.651653660266888091e-01 8.528346573383690510e-01 8.937606391970256414e-01 8.892100160774166762e-01 8.805303495112307699e-01 8.961740651527236867e-01 8.999803799994142706e-01 8.939284515035590406e-01 8.672751600561542373e-01 8.869225237371199944e-01 8.574694022215519906e-01 8.845764422873081401e-01 8.891307218954994651e-01 8.904689899355927585e-01 8.890527991023100540e-01 8.825075170034736294e-01 8.848885301332358733e-01 8.880343892271008732e-01 8.972982625071892482e-01 8.998075908022894476e-01 8.900354620630506197e-01 8.922391643936115058e-01 8.959958716302126591e-01 8.918516935963070047e-01 8.974599632969065821e-01 9.009889860399132866e-01 8.949649951637246303e-01 8.960721312323791654e-01 8.787005059761061609e-01 8.920135669952845570e-01 9.004712427318730672e-01 8.832070907741498278e-01 8.869851144932857645e-01 9.014237276025679479e-01 8.994642179526557424e-01 8.908668627594695799e-01 8.915018455597671920e-01 8.909259961581712517e-01 8.982122114665451740e-01 8.967559089174513831e-01 9.014048238758838316e-01 9.012152634044653388e-01 8.881006920475764677e-01 8.988410071299478554e-01 9.017669157304110117e-01 8.995022980389297818e-01 8.968469750944487728e-01 9.003441206588929102e-01 8.987505383768592537e-01 8.976655846975600817e-01 8.999120697934148705e-01 9.045584746961384814e-01 8.998230833142434326e-01 9.017981650328728005e-01 9.018651278928309090e-01 8.958605043264071810e-01 8.924683335015772823e-01 9.006364249539403621e-01 9.000060494551050949e-01 8.979503481893157391e-01 9.027903232315513948e-01 8.997846229467564294e-01 9.037525987279849682e-01 9.023781289036629794e-01 9.011510211729935049e-01 9.035615734920582343e-01 8.996814593441380126e-01 9.015954701505253244e-01 9.008052075006405257e-01 9.008884256776483745e-01 9.018866295758911633e-01 9.026698875398070365e-01 9.026870149114681885e-01 9.016239383233747295e-01 9.029919403783854825e-01
6.407265503576399859e-03 1.104072858807997604e-01 3.811596057042344610e-01 6.322947028302865480e-01 4.804034358644506120e-01 5.905768448952717353e-01 7.845858378263472765e-01 7.650404554655902967e-01 7.886546329723118642e-01 7.312338182849710266e-01 8.677548199295916920e-01 1.000000000000000000e+00 8.174143627711911719e-01 7.252674359624154965e-01 9.023854229974007657e-01 8.964771237744495469e-01 7.705717224180287372e-01 6.468927259972696575e-01 7.717418753180554924e-01 6.434750074264069530e-01 6.905410968338228095e-01 8.054502357864136153e-01 7.294894635159859808e-01 7.284384381481738835e-01 7.875090526119848944e-01 8.403895419817012380e-01 8.595328685048241324e-01 8.476974058847430715e-01 8.239597297562667455e-01 8.607513044403657387e-01 9.008347354351885494e-01 8.623672610353980694e-01 8.171056789471028425e-01 8.504299104358988837e-01 8.213807424657046941e-01 8.820920361127753129e-01 8.639578109868391032e-01 8.653782979759929717e-01 8.905475524120717301e-01 8.974855168333930600e-01 9.188784968420651289e-01 9.032006413431853398e-01 9.000947186631740315e-01 9.339646548343507604e-01 9.190198033599686900e-01 9.087049756046494675e-01 9.286472096563221923e-01 9.264679437105090010e-01 9.192657909180707021e-01 8.913011959887680025e-01 9.152555698648058291e-01 9.026719830822304003e-01 9.289800913544983274e-01 9.081291064870650187e-01 9.113100980811708052e-01 9.109936583901445672e-01 9.074209088713082183e-01 9.221025441290492397e-01 9.157377629729149815e-01 9.282527415810635230e-01 9.320554331228941836e-01 9.185326705233055611e-01 9.169044370014292067e-01 9.207934513977830138e-01 9.133487278989024238e-01 9.244706396074866550e-01 9.254344199508943714e-01 9.096609371253507881e-01 9.108282439801642649e-01 9.182101025227661362e-01 9.243546263322807155e-01 9.240628930655832018e-01 9.036060662883308447e-01 9.088859752590433549e-01 9.296291465533423892e-01 9.231863470477172928e-01 9.167325162168602493e-01 9.149791027010898414e-01 9.205731525560567619e-01 9.207420043205422067e-01 9.155155218932070627e-01 9.252997315153681512e-01 9.201735374413564372e-01 9.013738526248975536e-01 9.213138152924361668e-01 9.203865644370310406e-01 9.221215590475747570e-01 9.256569414443449606e-01 9.254459819699839551e-01 9.202564511159332383e-01 9.271887945157814004e-01 9.343423693891351745e-01 9.347011806223001207e-01 9.296474722508759614e-01 9.324077254005150861e-01 9.312650388826749781e-01 9.341276426717313175e-01 9.198637108074277924e-01 9.313625525732153188e-01 9.345323050231315598e-01 9.369238267174343493e-01 9.302381299377159296e-01 9.357730374326356237e-01 9.405622663967353470e-01 9.352224971423839239e-01 9.268981689702230353e-01 9.304848171208339735e-01 9.223910806251737204e-01 9.250787461577334447e-01 9.313794653043699912e-01 9.287249540189738140e-01 9.316451336691278229e-01 9.283055618391413688e-01 9.309911912844039961e-01 9.270060882546644621e-01 9.312210410608866562e-01
3.578857608448059256e-03 1.255059486139780411e-01 3.266807306440336900e-01 5.219196969064030522e-01 4.943498244138417319e-01 5.546068853786578767e-01 7.226942175863482198e-01 7.141419534835631300e-01 7.377067137621555748e-01 6.732674343263246319e-01 7.856408794964553355e-01 8.174143627711911719e-01 1.000000000000000000e+00 6.701014101619806596e-01 8.377960761964959868e-01 8.420089576848837076e-01 7.061318416003350418e-01 5.842395588064718259e-01 7.004023481404871854e-01 5.601286879897102722e-01 5.826624211283139010e-01 7.112253234859734485e-01 6.897369585299197858e-01 6.795227012811106970e-01 7.153552080020475490e-01 7.713817574557723100e-01 7.750255284456902816e-01 7.776180675782624618e-01 7.537003923013134710e-01 7.979416835773097683e-01 8.311961734786446065e-01 8.032199851867665163e-01 7.489721246510274710e-01 8.017223704693317021e-01 7.667341032563513847e-01 8.029389679205050090e-01 8.036834576950283582e-01 7.946442905318783501e-01 8.263673391113980360e-01 8.099438398294955821e-01 8.460098923885340794e-01 8.285727835497819216e-01 8.259876461342063880e-01 8.497923695630820173e-01 8.376937398034428606e-01 8.351525674772249941e-01 8.633105546321281354e-01 8.608997062533876310e-01 8.521794585662624266e-01 8.137046317167139220e-01 8.397893931879180096e-01 8.113378038518636037e-01 8.476005578895163817e-01 8.415003269056200441e-01 8.430446497041159670e-01 8.409133671308618441e-01 8.282319689906577631e-01 8.477988789818559079e-01 8.394833248105260104e-01 8.578084780969641443e-01 8.613717065397088479e-01 8.442555582547770499e-01 8.427090614298622384e-01 8.491939043616866245e-01 8.412534611930759798e-01 8.508674770562798528e-01 8.604388746393766274e-01 8.489020740486608041e-01 8.495932028999356733e-01 8.370140748151090326e-01 8.460876764967890651e-01 8.539565453919789606e-01 8.410981404676867168e-01 8.440045077510870408e-01 8.620630496575897306e-01 8.527675039520096201e-01 8.464777950792682359e-01 8.457974974025406212e-01 8.532934230134568976e-01 8.569010268593731938e-01 8.535177332397263505e-01 8.617523574239821516e-01 8.534104862187775753e-01 8.402004680496988342e-01 8.538294377559746406e-01 8.572843112548700351e-01 8.568732147799624776e-01 8.549635737389595924e-01 8.581162969299295229e-01 8.538279857527814043e-01 8.516639357273246835e-01 8.639749680223890449e-01 8.619811000654077349e-01 8.606844838766044559e-01 8.655915138657763741e-01 8.650481006761681080e-01 8.527347460217720165e-01 8.448311239377517268e-01 8.623145871405436536e-01 8.623121784049568861e-01 8.624107062940116197e-01 8.590489718177760636e-01 8.636369217293899947e-01 8.652526856068337713e-01 8.616780878879649608e-01 8.546482620694497712e-01 8.624826941309908790e-01 8.592027879060935014e-01 8.596916671564823753e-01 8.634407576703893028e-01 8.592442904342101340e-01 8.630683289743060760e-01 8.595018030077259397e-01 8.644936431294211188e-01 8.570766089358390349e-01 8.613778083075033232e-01
