1.000000000000000000e+00 2.660145769020673678e-01 2.213182198654079502e-01 2.235299029515286084e-01 -4.507074412318890638e-03 5.535726090433399499e-02 8.559806753105476951e-02 6.542355668323142359e-02 2.041780774485647265e-01 1.496411660829689849e-01 1.094811588335396907e-01 2.278164745476919315e-02 5.103735498064992937e-02 3.516683069107773979e-02 2.632053311070685461e-04 7.964324528774413547e-02 1.343699822884738548e-01 2.853971153681592599e-01 2.115744364178228087e-01 2.910806959108760417e-01 2.679389418839086545e-01 2.083828934953618761e-01 2.480172762910159145e-01 2.264347320364961669e-01 2.087488463074174960e-01 1.355950792112730341e-01 1.833676256697829576e-01 1.722813139644195080e-01 1.818712300138163873e-01 1.815574576065224488e-01 1.541398243888144337e-01 1.278953047924552278e-01 1.169689900152695861e-01 1.744004092155172769e-01 1.380295032297463864e-01 1.363885987259186305e-01 1.683099573695587270e-01 8.393989280375675766e-02 6.372711334142218409e-02 6.639684984951216284e-02 4.402641092380502053e-02 3.898279652967321512e-02 8.212894052808564216e-02 6.940508535523780276e-02 1.155107759180355881e-01 4.623830279919678710e-02 3.466014308445258124e-02 4.510823629056220918e-02 4.778907644221917078e-02 6.853359118320367926e-02 8.515104691587377372e-02 6.932194577722815276e-02 5.023244846659256219e-02 8.438232504051346172e-02 9.640121212591627742e-02 7.583268893379950526e-02 1.090676976067919274e-01 4.165467071071966149e-02 7.585760877942958336e-02 7.742777129821501458e-02 8.430647763673033979e-02 8.140085430912306907e-02 8.223433145915326481e-02 4.947638605701001890e-02 8.628035244031580231e-02 9.773737489189283922e-02 4.340869554146051246e-02 9.969357121741118100e-02 8.973518463741729512e-02 1.481025573060170963e-01 1.069840877743380714e-01 8.349818274499651305e-02 1.168175714517717539e-01 9.430920736473277777e-02 6.998731050071259341e-02 6.954305737769135576e-02 7.437505916584709331e-02 7.723865627358421360e-02 3.829496926648911365e-02 7.078902318136881533e-02 8.713606097672835227e-02 7.508068343042235970e-02 7.671847068296425154e-02 6.379392737029151994e-02 4.743953411092000083e-02 7.884243126659282175e-02 8.006042719785358419e-02 4.162431709741400143e-02 2.396955252311867846e-02 7.356308357817345489e-02 4.214652788612289341e-02 2.485133363182393668e-02 3.943444209114161519e-02 3.385912451346425461e-02 1.461122490309050073e-02 3.287224204733411870e-02 2.780795135637225204e-02 6.910394060418280360e-02 5.056255816380878648e-02 3.513330613586862494e-02 3.777325493713527133e-02 3.860149596000241740e-02 3.069143995450997892e-02 1.877885707245329980e-02 4.720150997562025386e-02 7.094333799944471664e-02 4.487905407933548418e-02 4.210409216472649901e-02 5.891410065558008030e-02 4.014556416435288710e-02 4.751964168774061581e-02 3.698896391244731185e-02 3.847801509649467072e-02 3.915003673153447106e-02 4.964463435878506414e-02 4.612184189086061814e-02
2.660145769020673678e-01 1.000000000000000000e+00 1.666594295085958022e-01 1.843374757567050881e-01 4.737225731422880365e-02 1.366670211833236059e-01 1.491562995076858023e-01 1.296688793699339315e-01 2.235177631970753920e-01 2.510877058538522055e-01 1.963816674950692176e-01 1.158756542210292589e-01 1.240751006963137643e-01 1.107498672991795857e-01 1.373684155609428692e-01 1.717813182452372633e-01 1.942754619835304619e-01 2.776310749196231331e-01 2.496194095729852291e-01 2.230354842608748001e-01 2.726158605423192882e-01 2.492442880918981640e-01 2.529219488643271174e-01 2.351889453223514337e-01 2.291774087297735740e-01 2.036538893521710192e-01 2.563333489101126683e-01 2.471992052670350937e-01 2.693869399842486190e-01 2.695179179121668933e-01 2.528413390380581660e-01 2.005440697166998576e-01 2.254870714878921822e-01 2.250928664793995226e-01 2.487911971356544794e-01 1.954183297357487137e-01 2.227915627232665563e-01 1.754539571330881176e-01 1.876339844618157837e-01 1.492036292111909301e-01 1.508290530557368225e-01 1.511641296997243977e-01 1.607854903392811896e-01 1.665408467061578468e-01 1.946746748342293443e-01 1.777401299354574582e-01 1.480148354920564624e-01 1.683324292806085420e-01 1.447650998949785162e-01 1.358549844529187423e-01 1.727342242258176064e-01 1.073212172841152695e-01 1.436509439342545935e-01 1.892935603462197192e-01 1.886847842560722965e-01 1.621593618881877752e-01 1.712228358180779286e-01 1.552751283141652894e-01 1.702809672013313458e-01 1.830265219766855911e-01 1.680362784759327210e-01 1.775950639650397123e-01 1.635274891594354352e-01 1.524710732577595484e-01 1.829360812676866510e-01 1.772641103147587771e-01 1.631117542635054651e-01 1.962133888024802375e-01 1.909605619644543506e-01 2.095311894239604011e-01 1.996547461479232233e-01 1.909538886656646228e-01 1.921816411358148735e-01 1.876352680972506182e-01 1.882854580564248814e-01 1.868358294474185555e-01 1.966568336911839465e-01 2.081309435783776085e-01 1.666206742494995841e-01 1.945604198067483193e-01 2.002579747321713288e-01 1.975263112022725143e-01 1.727224967641834974e-01 1.978106145002645200e-01 1.564583452650720186e-01 1.756139582780084640e-01 1.865364694263806633e-01 1.652048494758431296e-01 1.606357229723923141e-01 1.768319216562670992e-01 1.735799818522736071e-01 1.495125853373773794e-01 1.563825839152500896e-01 1.604191989230669690e-01 1.428475764932656267e-01 1.620650415131817956e-01 1.203479745928511119e-01 1.532320769225279378e-01 1.535329920190306174e-01 1.474228819121736200e-01 1.455811278594557334e-01 1.420656135456225266e-01 1.464560624553696844e-01 1.349357047856176717e-01 1.417985004375771907e-01 1.612612951758289059e-01 1.531267616383940877e-01 1.665126953867782367e-01 1.732180387042026870e-01 1.589505962662332017e-01 1.608201054957637266e-01 1.567609364422249130e-01 1.578470777204875053e-01 1.551232795811444964e-01 1.633044048369141354e-01 1.496673687373483164e-01
2.213182198654079502e-01 1.666594295085958022e-01 1.000000000000000000e+00 3.914707214465754093e-01 8.510377583638152610e-02 2.126779750754034526e-01 2.587785950811014035e-01 1.747348620013145226e-01 3.303531560265254852e-01 3.161068511045106999e-01 3.306388370931848120e-01 2.469723209810951170e-01 2.267239849434394272e-01 1.816594367239016683e-01 2.259798918157151504e-01 2.903778611331152559e-01 3.019986719235214778e-01 4.646563629418729580e-01 4.176372771090745561e-01 4.373066511088415376e-01 4.698076642290064941e-01 4.296634746382467784e-01 4.450223047685367694e-01 4.499128979330892508e-01 4.218530551617118429e-01 3.856556020263244844e-01 4.114121362777988233e-01 4.272762287368816470e-01 4.003425063540699824e-01 4.223819078795807980e-01 4.004047488554030587e-01 3.503002440591184707e-01 3.979466203437249106e-01 4.082671371063207877e-01 3.775692486088401134e-01 3.643527822272065730e-01 4.271113547472820682e-01 3.363871839403351216e-01 3.362322376998460594e-01 3.476493842485536279e-01 3.074942694945539956e-01 3.128126856460175520e-01 3.364555740871241762e-01 3.349765526994436526e-01 3.776595908604704621e-01 3.251698999989536820e-01 2.761296440373465222e-01 2.752676654569815584e-01 2.795644433444675059e-01 3.008071069274382836e-01 3.246781293975093408e-01 2.884253344804896257e-01 2.899432879755775572e-01 3.025252780842055955e-01 3.126495250360079026e-01 3.119449327112249204e-01 3.132032348230524010e-01 2.830570962131480073e-01 3.095747959143770878e-01 3.035757374671979036e-01 3.097285528486832251e-01 3.030190944846745671e-01 3.057843789486633379e-01 2.800991873670911625e-01 3.089770708608801653e-01 3.115842990082451358e-01 2.803055542477635997e-01 3.545773064485503445e-01 3.377893005056076259e-01 3.914026382852474617e-01 3.705069865797324669e-01 3.397574576608939911e-01 3.713607525447066848e-01 3.590042445060815934e-01 3.270023820215588461e-01 3.300623177415929477e-01 3.399609621796280123e-01 3.282402224866232121e-01 3.032736008585341647e-01 3.354972172805016917e-01 3.600486630172876623e-01 3.412359017604264522e-01 3.229871813420280846e-01 3.387609087412065123e-01 3.076012863291864297e-01 3.371824923275939523e-01 3.483624505674649541e-01 2.991413147849861232e-01 2.918632499210138120e-01 3.167993420574374275e-01 3.198686451586650326e-01 2.893674302742142990e-01 3.079769379549467945e-01 3.037803512877838563e-01 2.692907910166507102e-01 2.775665004480082909e-01 2.774220043775856293e-01 2.954909324945296234e-01 2.953722839608290962e-01 2.901963043486976979e-01 2.979027215040393473e-01 2.809742557405061625e-01 2.724532517484447580e-01 2.784933832843703438e-01 2.955315587714683057e-01 2.996706685646665091e-01 2.849685076340719436e-01 2.873387628319954423e-01 3.004185452541418555e-01 2.858165559992671967e-01 2.959848446989850612e-01 2.782171121466689989e-01 2.835054889256088395e-01 2.820029240167118978e-01 2.930166295787585140e-01 2.836560295799022136e-01
2.235299029515286084e-01 1.843374757567050881e-01 3.914707214465754093e-01 1.000000000000000000e+00 1.596569162681904241e-01 3.426025270359024377e-01 4.140919484923176741e-01 3.181125950503765898e-01 4.659139341790124456e-01 4.367219991220842590e-01 4.870324373109888305e-01 4.751694297429885916e-01 3.707085235524470446e-01 3.127771910617459517e-01 4.101902255617202453e-01 4.700928382910514736e-01 4.546745878190719958e-01 5.400588765039312511e-01 5.261396623733054501e-01 5.164690306573490597e-01 5.699335406487158195e-01 5.544886716009574945e-01 5.269641411041875445e-01 5.295257969019696587e-01 5.212812627050145142e-01 5.292384899294144684e-01 5.645179181417140368e-01 5.547830947548660907e-01 5.672358863972440934e-01 5.523473536136822570e-01 5.485682498642179272e-01 4.970930317865411840e-01 5.019526358030952373e-01 5.490778823101690742e-01 4.927379954299989095e-01 5.150431551500299632e-01 5.646255490969541713e-01 4.910124318114339470e-01 5.002272954493399704e-01 4.809140128883768739e-01 4.686451671755311743e-01 4.816901168354592588e-01 5.155955368213254175e-01 5.082496558756007810e-01 5.306874942888806235e-01 4.900079951459068717e-01 4.587957653656226653e-01 4.485691704245841072e-01 4.542342063911046224e-01 4.741693358513908163e-01 5.054107888194198095e-01 4.701866296495539332e-01 4.553742699199007649e-01 4.677249853756585418e-01 4.791965977800655141e-01 4.657323066396454880e-01 4.845054632614875789e-01 4.574674922432271917e-01 4.843474252011972236e-01 4.749852208825299238e-01 4.988980386576510884e-01 4.728165002768342506e-01 4.816737841163771239e-01 4.680156544517334871e-01 4.920459265654670844e-01 4.848019892002047304e-01 4.550269117013208131e-01 5.094834618615108335e-01 4.958311044427816117e-01 5.388568293392951292e-01 5.320088782015136575e-01 5.047864841476581432e-01 5.128944339440343336e-01 5.196673947104508695e-01 4.972466021660932323e-01 5.052554137203246754e-01 5.145959105760963270e-01 5.158221640289150089e-01 4.858994556483032801e-01 5.009984319449932721e-01 5.175570862663130267e-01 5.111767843609815731e-01 4.923254878506256316e-01 4.884889139685287263e-01 4.748875274617741504e-01 5.029215367799678704e-01 5.145644404709047715e-01 4.709877324610001748e-01 4.633033625399835542e-01 4.815513184363379162e-01 4.816178686666623410e-01 4.632806930381674904e-01 4.784309491574106898e-01 4.765217465198483549e-01 4.500368392718539501e-01 4.532127343830547606e-01 4.600093336628651164e-01 4.781247259348320178e-01 4.815673127970623302e-01 4.695762532244503462e-01 4.788378439338891734e-01 4.658046428422699115e-01 4.603809962155639979e-01 4.604827169596263925e-01 4.803842807309233187e-01 4.754277906507618501e-01 4.655474247304581814e-01 4.627420119883640659e-01 4.726774091905824315e-01 4.660561953448846273e-01 4.707182795542468323e-01 4.582024692165063695e-01 4.636546721504173352e-01 4.661537344457695187e-01 4.691870142024572865e-01 4.697509331723250803e-01
-4.507074412318890638e-03 4.737225731422880365e-02 8.510377583638152610e-02 1.596569162681904241e-01 1.000000000000000000e+00 1.851908848994401335e-01 3.377858884970445508e-01 3.574841325405145875e-01 3.100727805590536845e-01 2.918943838015891634e-01 2.963190627006987987e-01 3.753370869912022179e-01 4.100103643984397417e-01 2.859713500839455302e-01 3.911172823745392990e-01 4.098915651042903674e-01 3.255495050989117289e-01 1.542160644449281914e-01 2.389091927107682700e-01 1.776750837058719279e-01 1.685339442593442594e-01 2.356179257611994149e-01 2.248032873574738189e-01 1.638870966623217074e-01 2.103144294924587099e-01 3.219060361013502680e-01 3.020687513561209347e-01 2.895444688941901656e-01 2.313714440273778594e-01 2.607929107114209666e-01 2.858833859157344226e-01 3.380025659653056458e-01 2.653841748861417438e-01 2.835310440585657177e-01 2.574894402102693158e-01 3.406253663208204108e-01 2.888947498695132454e-01 3.582347713668664890e-01 3.535971325012730038e-01 3.521376703555146870e-01 3.688709620457651939e-01 3.901884108138958807e-01 3.943062226217380895e-01 3.899476643718753910e-01 3.510154690386606546e-01 3.652871036098083168e-01 3.913255275564956337e-01 3.823543739110552009e-01 3.854880745851448354e-01 3.738386989653020853e-01 3.837828292413354436e-01 4.074736556025277401e-01 3.993349276811304360e-01 3.711566470945950047e-01 3.688262484417568765e-01 3.596481555990284074e-01 3.751564086394947317e-01 3.937529219326432739e-01 3.775841230266113735e-01 3.878178403369512139e-01 3.899662484387710348e-01 3.801270337590536008e-01 3.856302890096045544e-01 3.862201846069346356e-01 3.807443039654213601e-01 3.834140396607899071e-01 3.827195391984327677e-01 3.500203823932071523e-01 3.558944021830747206e-01 3.243855960318474119e-01 3.370546191407692849e-01 3.546713018236790083e-01 3.229758535968753064e-01 3.329100228669910622e-01 3.719742746729363669e-01 3.654174955261806357e-01 3.599676114295546347e-01 3.356163346757823907e-01 3.731570215043986671e-01 3.596712806056662215e-01 3.434966746030058693e-01 3.582640278108458198e-01 3.712356858373963564e-01 3.411663687916661747e-01 3.539916611375826805e-01 3.504262237301490890e-01 3.584550632998156350e-01 3.696200483690448846e-01 3.760770902688542749e-01 3.677324443788159147e-01 3.721415912249956270e-01 3.873050037745456309e-01 3.783777704902687722e-01 3.851330204261819712e-01 3.881790940388039068e-01 3.875581887092962585e-01 3.740694988011185051e-01 3.772728454800084452e-01 3.835948487142867847e-01 3.762827842127172140e-01 3.948434891451738649e-01 3.799331353209663975e-01 4.009993050702703177e-01 3.938221398785633487e-01 3.945181850605385399e-01 3.812599657485440940e-01 3.851738986387705510e-01 3.841718693528379802e-01 3.808849252413111786e-01 3.853430203553223077e-01 3.800906089912022834e-01 3.924433819899356135e-01 3.809585585893770499e-01 3.878813007946120273e-01 3.795738208963413962e-01 3.873674790311354421e-01
5.535726090433399499e-02 1.366670211833236059e-01 2.126779750754034526e-01 3.426025270359024377e-01 1.851908848994401335e-01 1.000000000000000000e+00 4.246434209824483941e-01 3.359430466103378587e-01 4.481999101309084854e-01 4.274312833943803569e-01 4.585841060688788384e-01 4.394002726390280889e-01 4.168384728143766926e-01 3.698477387435527008e-01 4.598708857403074890e-01 4.844889929503914949e-01 4.606131884123695341e-01 4.348559426339987377e-01 4.633160468778212415e-01 3.977533637069301520e-01 4.410929286112463266e-01 4.744683402654427118e-01 4.716490503851653582e-01 4.611022096224932088e-01 4.630787785177710725e-01 5.239638131969466261e-01 5.066029337008364219e-01 5.161624149508869941e-01 4.827594389948065556e-01 4.828456378673436356e-01 5.071199898717536625e-01 5.164452331375171124e-01 5.068592701225652641e-01 5.132075481469233758e-01 4.766807717372720798e-01 4.766994386427996222e-01 5.200627971102655955e-01 5.208418910995005202e-01 5.267365962954887459e-01 5.081119918014128656e-01 5.234750302622542817e-01 5.288729445857129896e-01 5.059845417784598620e-01 5.300574536762481248e-01 5.307222189328136830e-01 5.345316080920510249e-01 5.078558435353145439e-01 5.068387024001018704e-01 4.855087581690247234e-01 4.929195169566523704e-01 5.096167560699684795e-01 4.841084693527880067e-01 4.968685439208989640e-01 5.032567122511075741e-01 4.991185054541914523e-01 5.139760609668702074e-01 4.729456488117760316e-01 5.026027280423728261e-01 5.069008248174959874e-01 5.061363568458778772e-01 5.026827613158150188e-01 4.910939394409253311e-01 4.903162796808333002e-01 4.920694723946453242e-01 5.037229787830578287e-01 4.941621912334942524e-01 5.064428835477240431e-01 5.264280544635356884e-01 5.288011743872775838e-01 5.294595212106663062e-01 5.216404657400994793e-01 5.274397770662598850e-01 5.274910649023299980e-01 5.328215276611625306e-01 5.322148287569240521e-01 5.313493161397326858e-01 5.344213450238480823e-01 5.265243630931965013e-01 5.276826804400680526e-01 5.201671302563579680e-01 5.286156599694029623e-01 5.266649217519715487e-01 5.143259083507547569e-01 5.261618160012078160e-01 5.210659755264196447e-01 5.276902473530220572e-01 5.276449266552943884e-01 5.179004236864547250e-01 5.189435124593908544e-01 5.211801617033615663e-01 5.303847090919350249e-01 5.233460206528742775e-01 5.253170511960330025e-01 5.284334663766757645e-01 5.073513150010730000e-01 5.099160970294069894e-01 4.904525143634607676e-01 4.877206826002114526e-01 5.064600907097374094e-01 5.111992844355598420e-01 5.096357054614850668e-01 5.026906872082016475e-01 5.033125635412530885e-01 5.154898871933119020e-01 5.110223859438607352e-01 4.881602796637821151e-01 5.007238661574550109e-01 5.105929951488972218e-01 5.140232757086561355e-01 5.117040098625371680e-01 5.114922304656648322e-01 5.064273507861084545e-01 5.006171902200968749e-01 5.022070515067679208e-01 5.147016154545961397e-01 5.056567469939121651e-01
8.559806753105476951e-02 1.491562995076858023e-01 2.587785950811014035e-01 4.140919484923176741e-01 3.377858884970445508e-01 4.246434209824483941e-01 1.000000000000000000e+00 5.589841064426087636e-01 6.044301494077083392e-01 5.659777561207212093e-01 6.096431178885820534e-01 6.587342179197100966e-01 6.310693118569942195e-01 5.149085526279516545e-01 7.641223966067273166e-01 7.087921550701588025e-01 6.211325079472199695e-01 4.863842922652805156e-01 5.462977379635560737e-01 5.032575047209773000e-01 4.878465948578825095e-01 5.342769573891403834e-01 5.351915082306271110e-01 5.082890884501219952e-01 4.865066826849957504e-01 6.567727822878980382e-01 6.461435640502080080e-01 6.493646614529280381e-01 5.795436190504338336e-01 6.318537816666787155e-01 6.651261766056919544e-01 6.855357603691498714e-01 6.451658877146810855e-01 6.464762961198854407e-01 6.370620537191874488e-01 6.462384509990903858e-01 6.574034669058441693e-01 7.149223014601835402e-01 7.075209067792246342e-01 6.722135147331613769e-01 6.946203272760949066e-01 7.203272698320268841e-01 7.021709384024791278e-01 7.226574643524825703e-01 6.979536261566824384e-01 7.211450849012387421e-01 7.084768966380947663e-01 6.978295005403689633e-01 6.984610138120639355e-01 6.750799145850160388e-01 7.038485285369798783e-01 6.809169445460832026e-01 6.920848848801446351e-01 6.965761773430396708e-01 6.891477970856336732e-01 6.777044522862242237e-01 6.755576529493477755e-01 7.033375940597027531e-01 7.009485299130863156e-01 7.061331874922223140e-01 7.023481636918507132e-01 7.030374508285396340e-01 7.009550808437283731e-01 7.013409053065785548e-01 6.824316038588660316e-01 6.915198519041864111e-01 7.072963168460943972e-01 7.007527908633052194e-01 7.078371867334165568e-01 6.899138946255888305e-01 6.720556441181363416e-01 6.982476069858309931e-01 6.957863769363288320e-01 6.779618252043403404e-01 7.159607798979660265e-01 7.120035786523466470e-01 7.194006215396993031e-01 6.994607840184475789e-01 7.242000742052842055e-01 7.149815523527646155e-01 7.140183922028221497e-01 7.191521971751414499e-01 7.090827042327473295e-01 7.081517949721159999e-01 7.147907283520414934e-01 7.124929215406531346e-01 7.161711178178089554e-01 7.235897125940929930e-01 7.241184290756971231e-01 7.111886424340594370e-01 7.246382231231137672e-01 7.221285832168469199e-01 7.185827826285000608e-01 7.260667368463051830e-01 7.078283731393018030e-01 7.123415037402731631e-01 6.943841416856894044e-01 6.901668165819999645e-01 7.079081697029553366e-01 7.083289585721114223e-01 7.202660654464158041e-01 7.082643223210697281e-01 7.112340118190353389e-01 7.174193484809805454e-01 7.121149950900217407e-01 7.024343298569998284e-01 7.094237303263334349e-01 7.162149838128830659e-01 7.160809374144386785e-01 7.111504207708027048e-01 7.142355513218298091e-01 7.109733565167625224e-01 7.127812065325846991e-01 7.098856661301796711e-01 7.068453681268066502e-01 7.080075516055780449e-01
6.542355668323142359e-02 1.296688793699339315e-01 1.747348620013145226e-01 3.181125950503765898e-01 3.574841325405145875e-01 3.359430466103378587e-01 5.589841064426087636e-01 1.000000000000000000e+00 5.565362308611709885e-01 5.343427269934742929e-01 5.439986462411784407e-01 6.117582412738927777e-01 5.724672506543665440e-01 4.605234467271405729e-01 6.693648226745620988e-01 6.909981588010011277e-01 5.637561200469769496e-01 3.750158656781577560e-01 4.573443880718030541e-01 4.072696931632285855e-01 3.769624447429610337e-01 4.338583373993896153e-01 4.532033232728907013e-01 3.870887657580830421e-01 3.911748808601110405e-01 5.761442109707232140e-01 5.313660228378103145e-01 5.024772532757405541e-01 4.278591604063899934e-01 4.681424771177924993e-01 4.985840000798567595e-01 6.516855097863120116e-01 5.385895867377052948e-01 5.622902015731040537e-01 5.255044133548910645e-01 5.820683301193103620e-01 5.266520256186301152e-01 6.637578632825703595e-01 6.223109268443657305e-01 6.244027807698968591e-01 6.429310917767314670e-01 6.595332223235047531e-01 6.549674577484618787e-01 6.575670145650912568e-01 6.021235541481977371e-01 6.269524560677103286e-01 6.755961162648382867e-01 6.767689733295675358e-01 6.821012948838185430e-01 6.655673099429025852e-01 6.821474118767320016e-01 6.347832347507235129e-01 6.551341551922335027e-01 6.657230038003374428e-01 6.674881647621185854e-01 6.586729168373791632e-01 6.701975009450170662e-01 6.763257081976211671e-01 6.861166641227565144e-01 6.688334418441008733e-01 6.773154959278538945e-01 6.781869893460213961e-01 6.824114026120160492e-01 6.765460951092603370e-01 6.446092875362179342e-01 6.664409616461125507e-01 6.635761260952508511e-01 6.307486839649074639e-01 6.543872864961937097e-01 6.137915671104582360e-01 5.954007219354318092e-01 6.284232474921787048e-01 6.185208165679776382e-01 5.993155734262546330e-01 6.455216187292218688e-01 6.338313076766379783e-01 6.235038980133701392e-01 6.100973702642704666e-01 6.470381895497702152e-01 6.203140589457873944e-01 6.208866190697334142e-01 6.177699186500642536e-01 6.674113762929746452e-01 6.225326489868466817e-01 6.619545659941350468e-01 6.473542802069655044e-01 6.371140188036994445e-01 6.789372878345262263e-01 6.620863208835886526e-01 6.675646803778527705e-01 6.519712468439029518e-01 6.708793278372713331e-01 6.551580259462272959e-01 6.617620099852706828e-01 6.729998863667923104e-01 6.740701083081367395e-01 6.749931444611805276e-01 6.752387817538273440e-01 6.786656599448699367e-01 6.785193499753356949e-01 6.743252097975807047e-01 6.851672813963731734e-01 6.712654106488684658e-01 6.739088069760983402e-01 6.715103932641680595e-01 6.806232226747470637e-01 6.806816629593179790e-01 6.685730223605707012e-01 6.738315331070442449e-01 6.773484066607681209e-01 6.827870168837056886e-01 6.742834106259824045e-01 6.799380076418042318e-01 6.780139249158976256e-01 6.595005810928192824e-01 6.782217611061458484e-01
2.041780774485647265e-01 2.235177631970753920e-01 3.303531560265254852e-01 4.659139341790124456e-01 3.100727805590536845e-01 4.481999101309084854e-01 6.044301494077083392e-01 5.565362308611709885e-01 1.000000000000000000e+00 7.428221236426585383e-01 7.405488025620773351e-01 7.338890117673783076e-01 6.564181032489723178e-01 5.620953977637981325e-01 7.358306887615156944e-01 7.614538087781952402e-01 7.626162907553959425e-01 6.415632498749329615e-01 7.055666825906162787e-01 6.263605694053498985e-01 6.590372513892199802e-01 7.145339723244005237e-01 6.887513611059641327e-01 6.455491643740653984e-01 6.467521194682448460e-01 7.752610710404708172e-01 7.825543542184939527e-01 7.519351986721217740e-01 7.175664897763853745e-01 7.517247969436322563e-01 7.660818979240101578e-01 8.336998477093282567e-01 7.609826209652406082e-01 7.986206123200689788e-01 7.777569602697110840e-01 7.769800740232464253e-01 7.919709301444058935e-01 8.120478397890825706e-01 8.061065370228094329e-01 7.733148020837002923e-01 8.093538954394082774e-01 7.990421000275704788e-01 7.931203948589617969e-01 8.219534079709813756e-01 8.044603862286930918e-01 8.030961484017159480e-01 8.228979885810036032e-01 8.317629615323559600e-01 8.253934003810518005e-01 7.947360879479550277e-01 8.161644903060709666e-01 7.604289933047312378e-01 8.033355971765253623e-01 8.383194210781895750e-01 8.396675395616520765e-01 8.179374256813553012e-01 8.310219590003097290e-01 8.157075494124871318e-01 8.311247393457112942e-01 8.373320165574399399e-01 8.252703140537461790e-01 8.365002071756050261e-01 8.294314420355279882e-01 8.143671206820637387e-01 8.345796123611641804e-01 8.407066189813592327e-01 8.257780476325651264e-01 8.331261134165227622e-01 8.379202000213404888e-01 8.307557155786899905e-01 8.182000782730114441e-01 8.296005447673864275e-01 8.212897282813899080e-01 8.081274861749021543e-01 8.290456554228482489e-01 8.313716623680577067e-01 8.242340863784989313e-01 8.180379586193343711e-01 8.110828056088275062e-01 8.196978085973045669e-01 8.325303805533441626e-01 8.267723610626210862e-01 8.310589692193524058e-01 8.238642318314592927e-01 8.246717522225661678e-01 8.369790796173819380e-01 8.359382482722995666e-01 8.253575500014910249e-01 8.168701239252678103e-01 8.288803972830990352e-01 8.163283785001195225e-01 8.174347436128797106e-01 8.215075967142597690e-01 8.233695227807302786e-01 8.221303512304710681e-01 8.298124322345531434e-01 8.042993505786947273e-01 8.281315668172459787e-01 8.245090870074182066e-01 8.178386883806130214e-01 8.166464549376107884e-01 8.219048163877482605e-01 8.177131621405856476e-01 8.168472932360133498e-01 8.218264507221022530e-01 8.319196908039937499e-01 8.325586029184783854e-01 8.310334666008397653e-01 8.368355237211828612e-01 8.294073080662986985e-01 8.274547883451592867e-01 8.278086268454979413e-01 8.281806343477615684e-01 8.276824503567522529e-01 8.302264424397354237e-01 8.299352805277239176e-01
1.496411660829689849e-01 2.510877058538522055e-01 3.161068511045106999e-01 4.367219991220842590e-01 2.918943838015891634e-01 4.274312833943803569e-01 5.659777561207212093e-01 5.343427269934742929e-01 7.428221236426585383e-01 1.000000000000000000e+00 6.862194924180115008e-01 6.818622059454010342e-01 6.148754674218149807e-01 5.289568132486807128e-01 7.013266457088530581e-01 7.145358311163628739e-01 7.002425810902829229e-01 6.037750150066615307e-01 6.704212950915788838e-01 5.610569226900153916e-01 6.195840490657730237e-01 6.608290767574032110e-01 6.597350268667410145e-01 6.122903816298715940e-01 6.092528284764627822e-01 7.432423431838278693e-01 7.454202791138104800e-01 7.252062705979247514e-01 6.890573564286994745e-01 7.106168481903623046e-01 7.322872932883504049e-01 7.785927604484305098e-01 7.310973481039702015e-01 7.326001785076073913e-01 7.320351228435207913e-01 7.135360874749910876e-01 7.357690276090544934e-01 7.627466362353302332e-01 7.623926103958111877e-01 7.349889865455694338e-01 7.663554964601285713e-01 7.547478766773221270e-01 7.321246852378969772e-01 7.671634496146133575e-01 7.561117887367858614e-01 7.689461773379158149e-01 7.605214910890488733e-01 7.787548063228366679e-01 7.519989652386933621e-01 7.131821877626471906e-01 7.568045732402607362e-01 6.733669693133635947e-01 7.331566893776814142e-01 7.860840419971794057e-01 7.819424165986553765e-01 7.724677591328098503e-01 7.526071718487090667e-01 7.652658820186558630e-01 7.746372691182444870e-01 7.764626995270653698e-01 7.523745805688774047e-01 7.742239504973523756e-01 7.657591911484159519e-01 7.490081994076759342e-01 7.646559083860666739e-01 7.682438575287284799e-01 7.706694685523094446e-01 7.769203108281560466e-01 7.862995262804106655e-01 7.687906023420619794e-01 7.618801260023952970e-01 7.739292399162557290e-01 7.642454340412970781e-01 7.587515682377937720e-01 7.828818215378809953e-01 7.798051400786271126e-01 7.828906921792039286e-01 7.774487327659030944e-01 7.691952069410025183e-01 7.786500491669723356e-01 7.806339505771144882e-01 7.792442523501518226e-01 7.739187813049246412e-01 7.797870714624220989e-01 7.619743525948755591e-01 7.714784847690263625e-01 7.787466304117571791e-01 7.749168521348112071e-01 7.679440897267275634e-01 7.787570216966824832e-01 7.715230500860035256e-01 7.659386704908063281e-01 7.670370965300941091e-01 7.746827513439287216e-01 7.634975454237432624e-01 7.749530692634314377e-01 7.294760785693331639e-01 7.484536305759436070e-01 7.564120679645741641e-01 7.551952376106160214e-01 7.528188556189769898e-01 7.546200218531681214e-01 7.529118922150721538e-01 7.559803769332795742e-01 7.515938525265553061e-01 7.654264914444448564e-01 7.656389710790296732e-01 7.771019944704620208e-01 7.819485017477016964e-01 7.697052289607164699e-01 7.737107679331020060e-01 7.678338865820539816e-01 7.703530092498906967e-01 7.632397781674543635e-01 7.677546292851820109e-01 7.645915016116545670e-01
1.094811588335396907e-01 1.963816674950692176e-01 3.306388370931848120e-01 4.870324373109888305e-01 2.963190627006987987e-01 4.585841060688788384e-01 6.096431178885820534e-01 5.439986462411784407e-01 7.405488025620773351e-01 6.862194924180115008e-01 1.000000000000000000e+00 7.634485690823522575e-01 6.562691691578841358e-01 5.462929111061739507e-01 7.438830858016224346e-01 7.642707709047219522e-01 7.420993400226945091e-01 6.496127093283166065e-01 7.173364102837243017e-01 6.167671944401112993e-01 6.670462807153245688e-01 7.232073714872726544e-01 7.027467226855015348e-01 6.652105594084862794e-01 6.674925335482755351e-01 7.929566661173861331e-01 7.841134984326576518e-01 7.579220536909661021e-01 7.216237496307087440e-01 7.654269064120353683e-01 7.963690402154489645e-01 8.098007643340925377e-01 7.553678054166591549e-01 7.859659807213850158e-01 7.732811625245714637e-01 7.916530489110847890e-01 7.955344045896042271e-01 7.993772710421184202e-01 8.163848968960395469e-01 7.861414226521477033e-01 8.206382643625642626e-01 8.100913975023217306e-01 8.072914290354951117e-01 8.266154652179673601e-01 8.274604376058229960e-01 8.149174504904501681e-01 8.184055055576194837e-01 8.223931349534325808e-01 8.098328367323396337e-01 7.828960357580596607e-01 8.141369001808025363e-01 7.643419220553783200e-01 8.030762737399352869e-01 8.195429807657896859e-01 8.160802290278774684e-01 8.176343885796014677e-01 8.111663915847593387e-01 8.145712453364588601e-01 8.228224024199350950e-01 8.264264581438620638e-01 8.231790586000105048e-01 8.225964352856355299e-01 8.153297155292998921e-01 8.111249789006008681e-01 8.271582762394172894e-01 8.206826989958492247e-01 8.289592587935277201e-01 8.400671982083722789e-01 8.381378990364215520e-01 8.325331594800048363e-01 8.293977155029940151e-01 8.378939138111620721e-01 8.273464596812565297e-01 8.234222452719234253e-01 8.374778716173338911e-01 8.387989284224125486e-01 8.301280131510141436e-01 8.233478827635474229e-01 8.268658239115800335e-01 8.346362273356463524e-01 8.377397557895241986e-01 8.386227839463245015e-01 8.345818594085652187e-01 8.271256635689546721e-01 8.189894556129970749e-01 8.343531424410628450e-01 8.426901011146759046e-01 8.232687875885331685e-01 8.245456160640823873e-01 8.378354928599949236e-01 8.246650086028355364e-01 8.253107376004737983e-01 8.323536087312772835e-01 8.303181686880882761e-01 8.225584410439296112e-01 8.287077674631230240e-01 8.076915072722425926e-01 8.123211802324755704e-01 8.268107100785857533e-01 8.201739778714044471e-01 8.278569897305713132e-01 8.189786413039062962e-01 8.189104894486192165e-01 8.223057654537530015e-01 8.271117060856574277e-01 8.242803967080146732e-01 8.243251475770884129e-01 8.319006906263689549e-01 8.355199128038045542e-01 8.257644301952322685e-01 8.289259942333083719e-01 8.255668452938057511e-01 8.287778334354363174e-01 8.252559328112738513e-01 8.295878523175934660e-01 8.255125621379645340e-01
2.278164745476919315e-02 1.158756542210292589e-01 2.469723209810951170e-01 4.751694297429885916e-01 3.753370869912022179e-01 4.394002726390280889e-01 6.587342179197100966e-01 6.117582412738927777e-01 7.338890117673783076e-01 6.818622059454010342e-01 7.634485690823522575e-01 1.000000000000000000e+00 7.336630284203214947e-01 6.099050569366947228e-01 8.179608958954548426e-01 8.294859492236670295e-01 7.622460093605714082e-01 5.241178007164559727e-01 6.453765468562320251e-01 5.340377029402163522e-01 5.695873827900441722e-01 6.541419736238589522e-01 5.921786089562816047e-01 5.443769287672801660e-01 5.678985784437228235e-01 7.676339632887132503e-01 7.448424714091591570e-01 6.895048652599440331e-01 6.500986641866555171e-01 6.965689883721909448e-01 7.533460196177301782e-01 8.155360823030771700e-01 7.003678054613968751e-01 7.423051468234325156e-01 7.098957294509256055e-01 7.840761983678703473e-01 7.441371889051693334e-01 8.258294527163579923e-01 8.331915104399002514e-01 7.784273868953583975e-01 8.408459549151675594e-01 8.431164855644146527e-01 8.404674321631574463e-01 8.631628689858645842e-01 8.192991223194110439e-01 8.362374215900191254e-01 8.789960111857280101e-01 8.663016943936731051e-01 8.712460985629898458e-01 8.342826445878417374e-01 8.643955578776252313e-01 8.342912281756100779e-01 8.649347804639846427e-01 8.523987452391823538e-01 8.495883810119070345e-01 8.323645602329869941e-01 8.593544691636065824e-01 8.737591075271534669e-01 8.659016277388941196e-01 8.792689808441572774e-01 8.760926287700486759e-01 8.734095859279508156e-01 8.701577380044684951e-01 8.809352577841816911e-01 8.686105178894235612e-01 8.730201528722597581e-01 8.754254416153132157e-01 8.429184895411038214e-01 8.495053075295680989e-01 8.167971282260148014e-01 8.244039248385581775e-01 8.493110436948458908e-01 8.136867199185381372e-01 8.142983183561312011e-01 8.574591930638932880e-01 8.572973632671708755e-01 8.443037615457554823e-01 8.313527676775125386e-01 8.639901937904850282e-01 8.518726140114059042e-01 8.407782985597545000e-01 8.561385484108906541e-01 8.646613611655940002e-01 8.298686312040954860e-01 8.477823585525595673e-01 8.511095700577273604e-01 8.559392934635471351e-01 8.651885254814796200e-01 8.674017413497796536e-01 8.538692118849275925e-01 8.518715865300068302e-01 8.716185067214007320e-01 8.670806063059598445e-01 8.687818367739205128e-01 8.811186494532726732e-01 8.794854331237862421e-01 8.555642133980553288e-01 8.693415656884048159e-01 8.786599708714128987e-01 8.700559191645077517e-01 8.759808515182070376e-01 8.777163511792649420e-01 8.853281660346189463e-01 8.799544174468806323e-01 8.807050852472476654e-01 8.741915081077837879e-01 8.805826656202914160e-01 8.760841303129802693e-01 8.730033381953636873e-01 8.802525890368801953e-01 8.701114901751461073e-01 8.852518178212326339e-01 8.809128873536957727e-01 8.834043016231841738e-01 8.788523529594075567e-01 8.851166701555920335e-01
5.103735498064992937e-02 1.240751006963137643e-01 2.267239849434394272e-01 3.707085235524470446e-01 4.100103643984397417e-01 4.168384728143766926e-01 6.310693118569942195e-01 5.724672506543665440e-01 6.564181032489723178e-01 6.148754674218149807e-01 6.562691691578841358e-01 7.336630284203214947e-01 1.000000000000000000e+00 5.460365658802338595e-01 7.494863182743415342e-01 7.717816121877392188e-01 6.898519812728419742e-01 4.834524722044177825e-01 5.796620492428187221e-01 4.936561321754884823e-01 4.864438269178434360e-01 5.890743657011938694e-01 5.760196103177340765e-01 4.991829038121802231e-01 5.363218978557788841e-01 7.130031701070552730e-01 6.690593263119041234e-01 6.456226010444993113e-01 5.742985857584659293e-01 6.176769532571407817e-01 6.593824493447650870e-01 7.449469858726039950e-01 6.392876476926909746e-01 6.738384476145706792e-01 6.361021818706223963e-01 7.160948632050058160e-01 6.778578292524488624e-01 7.392196507785466775e-01 7.516319454174026360e-01 7.293691228385885683e-01 7.728371420449018370e-01 7.832288856290200441e-01 7.733769331009985315e-01 7.868828605489359695e-01 7.518894578346397850e-01 7.638812680305251401e-01 7.897966634720208212e-01 7.807393348634272812e-01 7.765183280799459187e-01 7.455371163057809003e-01 7.693327741162692135e-01 7.673380830662072105e-01 7.859087164644185108e-01 7.640716411020632703e-01 7.536920365155072021e-01 7.601362724605239540e-01 7.553763224171619051e-01 7.846068400962138423e-01 7.678345442195594339e-01 7.905495674523511651e-01 7.783967221347132259e-01 7.715293361575873421e-01 7.693870767324504367e-01 7.803279207281225149e-01 7.806753010558930006e-01 7.762276403286201276e-01 7.897383504815169708e-01 7.619034440084417881e-01 7.763952622982350782e-01 7.368965060347593132e-01 7.351276646379282242e-01 7.663340976359372947e-01 7.361347030607807707e-01 7.382042081394638577e-01 7.755808181482892749e-01 7.725109144562725128e-01 7.616747638519849595e-01 7.394088657376971518e-01 7.800187259771135251e-01 7.595943726378222571e-01 7.575047385351831863e-01 7.626777202049053184e-01 7.861127231805093984e-01 7.472956038407460033e-01 7.696517872878210209e-01 7.699293789142740430e-01 7.749673841040483069e-01 7.745206046258712451e-01 7.855135809169780936e-01 7.747430899260432380e-01 7.799786070500136503e-01 7.937866287774678620e-01 7.906288304870662254e-01 7.886929430569589172e-01 7.918521693131354011e-01 7.915633227767177038e-01 7.751131275900801088e-01 7.754495284980638115e-01 7.852525705057677996e-01 7.826823491998360360e-01 7.978915568086160093e-01 7.807045059882655735e-01 7.995286545805172507e-01 7.971244737518348167e-01 7.997230489403103215e-01 7.761692100931620875e-01 7.889718192731510760e-01 7.892884662094507009e-01 7.858797875258637378e-01 7.911981843887859744e-01 7.795619524807393397e-01 7.960582044200253948e-01 7.829773258756197452e-01 7.912264769488804861e-01 7.896576113730718882e-01 7.911894068846309080e-01
