1.000000000000000000e+00 1.509378527702030237e-01 1.057438913053463103e-01 7.253916012183116158e-02 4.597813163155881760e-02 3.659988820315993735e-02 -2.670702932319192393e-03 1.705083235718158827e-02 1.283004153646808421e-01 7.451333156549631853e-02 3.984509183350130879e-02 3.361165075336855490e-02 1.175047079520403007e-02 -3.875414424666842692e-03 -1.512630430274024100e-02 1.316581491845447878e-03 6.229170642728617396e-02 2.194455700456980976e-02 -2.525929562236791086e-03 5.491752623474032563e-02 3.686700466867231379e-02 4.221880199199794237e-02 2.160019448901282293e-02 -3.495683713538453880e-03 -8.423858890063177021e-03 5.265686882576029598e-02 7.658549069686039490e-02 8.112682960760213106e-04 6.599537191049088813e-02 1.009668057621742193e-01 5.633280973459539598e-02 3.533429775651930616e-02 -2.728528483748822713e-03 4.314967036980629084e-02 6.413180965203450767e-02 4.724444856231515416e-02 2.920458122817975316e-02 1.659247131788049723e-02 1.147313234348174352e-02 -4.968456674815583535e-02 8.188724644129140307e-03 -1.901998940908535690e-02 -2.789840955997559269e-02 1.393955529329108690e-02 -5.525926345323706711e-03 -1.561999000689254756e-03 7.756950696167601300e-03 1.780711706813057488e-02 1.962232339722169358e-02 4.094758089901451292e-02 1.800565880989022510e-02 1.080882559243470827e-02 2.271443898108431447e-02 3.378997888713512060e-02 1.929173568566117103e-02 1.929709673085358568e-02 6.401542114947006423e-02 1.669286939971195141e-03 1.590392986573404069e-02 3.510722152750265362e-02 2.231307665008628541e-03 2.156779664175323061e-02 1.372242035834279200e-02 4.160282319070791185e-02 5.771002505590572956e-02 5.834625955841268169e-02 2.027670851412803968e-02 9.543446181008016435e-03 2.581145389643573276e-02 2.918891345648022898e-02 1.371815096143069137e-05 7.101030082629883333e-03 5.815852295050327747e-03 -2.212732368475915819e-03 2.360216414268368618e-02 2.242897000970956248e-02 1.077745176845875535e-02 3.947796544721164647e-02 1.867457882995729457e-02 4.861926953196884366e-02 3.169020589587084880e-02 2.491964500933479057e-02 3.256274824986721272e-02 2.846013838164715426e-02 1.612376604059739468e-02 1.780293889408153182e-02 1.577714028822196912e-02 -1.370568838952591385e-03 5.026248628514556676e-04 1.970082638840187431e-02 -1.638134585387293965e-02 -3.291208549575516500e-03 -1.837092457647477445e-03 -1.158890679935507817e-02 3.238918756282260260e-03 1.154956288946121234e-02 -1.768004804274863132e-02 4.325736439951965995e-02 2.782342137152235464e-03 2.910562420407289495e-03 -1.544487516069302860e-02 5.923332499488482596e-03 1.465529750681109945e-02 4.267497475465714847e-03 1.749948400800734397e-02 3.257341184480375823e-02 2.699241149058641959e-02 1.401704196675002990e-02 1.390876895545955540e-02 9.388854778505434026e-03 8.192472333617991861e-03 1.753452012679824340e-02 7.578495149571404070e-03 2.194501382798182826e-02 3.370772673053038654e-02 3.313211474715156007e-02
1.509378527702030237e-01 1.000000000000000000e+00 7.774645018553549836e-02 7.074435981577548160e-02 7.079826896406836434e-02 9.932420963025033467e-02 1.129048827966752933e-01 9.875474850992142783e-02 1.603102735359613340e-01 2.089429957589480913e-01 1.234364610939633761e-01 1.278795457165277372e-01 1.127181934423518578e-01 1.263681203673208131e-01 1.338876111930234203e-01 1.258655343285443873e-01 1.491663168637693271e-01 1.315027110221299034e-01 1.095955651813118187e-01 1.041014559558125357e-01 8.355095395823146365e-02 9.919225486018856675e-02 1.451019897878745302e-01 1.438023468863043886e-01 9.868448007017566193e-02 1.421709194014361133e-01 1.412841591110906847e-01 1.330293960567535683e-01 1.616209032749483798e-01 1.928222140087857417e-01 1.618474136360055493e-01 1.830398204297068177e-01 1.534658689914566165e-01 1.787548958147626710e-01 1.750543305445525777e-01 1.350210806587331114e-01 1.520157248169475839e-01 1.701885201031580475e-01 1.483151816951989443e-01 1.010123189736349264e-01 1.372439434254914270e-01 1.271124372007612358e-01 1.171093283530561940e-01 1.288324437877443329e-01 1.217834360460195720e-01 1.421433820022874606e-01 1.443214529685273861e-01 1.469083185761942134e-01 1.465240622752558841e-01 1.454948255994113759e-01 1.478472027554610380e-01 7.615501491259589473e-02 1.099072880970706073e-01 1.404399630199560933e-01 1.329822157017729878e-01 1.226220000818211142e-01 1.201224362333039725e-01 1.356708114916932995e-01 1.410252862668379958e-01 1.389416492313629292e-01 1.256083233658598086e-01 1.436893756259077226e-01 1.246383618948891381e-01 1.401547008699705887e-01 1.355589503545148178e-01 1.337966546694723813e-01 1.551105290861879982e-01 1.511197301638861068e-01 1.716379988039327120e-01 1.424284837945604953e-01 1.256210358789440484e-01 1.425535310850231940e-01 1.622906534654698640e-01 1.323837519585917277e-01 1.479060051068972204e-01 1.481301010628703063e-01 1.415159625189930381e-01 1.590126707663237493e-01 1.568097358938653485e-01 1.691593744858081727e-01 1.527910995449735243e-01 1.550296957612387894e-01 1.535800164598022655e-01 1.628444227065238004e-01 1.607228316062226103e-01 1.671887606392744585e-01 1.476808585549205799e-01 1.508584068642952192e-01 1.515789274150207422e-01 1.416136658514465518e-01 1.344812271058416220e-01 1.347115759576405503e-01 1.321768877116351326e-01 1.355926384246424476e-01 1.427505385002260929e-01 1.459683723963570157e-01 1.112723296273108731e-01 1.370573985120587535e-01 1.353224058726862356e-01 1.411263389158980974e-01 1.278418763884465181e-01 1.320816756798773584e-01 1.258010407560668231e-01 1.296484734038409747e-01 1.316221402626104320e-01 1.223909667453654121e-01 1.429361294983572672e-01 1.476922138934003148e-01 1.398184479400068347e-01 1.419880116995913544e-01 1.381277939031863855e-01 1.399947230727112968e-01 1.355305294434815955e-01 1.413225617215170815e-01 1.453525681003499381e-01 1.350352937793076746e-01
1.057438913053463103e-01 7.774645018553549836e-02 1.000000000000000000e+00 2.546333644326014833e-01 1.762859977677642964e-01 1.345520248060103896e-01 2.446266874733717955e-01 2.194681924053014099e-01 2.986622920998753816e-01 2.615989154263979599e-01 2.939884717296125105e-01 2.995860803222950564e-01 2.533099476835320996e-01 2.697564144084832471e-01 2.936853498428363962e-01 2.635609794182717236e-01 2.933727177689839927e-01 2.908335593458659663e-01 2.863982790068620443e-01 2.869045569576320065e-01 3.098094712365639936e-01 3.086008560034806392e-01 2.926181195176335570e-01 2.878403481921628093e-01 2.759000076842409999e-01 3.122648829279205951e-01 3.280833620085222835e-01 3.129934879816982929e-01 3.441901675264814053e-01 3.290309444794374816e-01 3.305962592668675315e-01 3.271644727314490519e-01 3.142913134414351273e-01 3.253968882005805474e-01 3.306343256891794979e-01 3.154550973233059552e-01 3.236011722257863821e-01 3.198326874549856091e-01 3.183599371303227343e-01 2.951458720859976292e-01 3.072711738180617935e-01 3.060912033311245506e-01 2.974794963848500506e-01 3.078457330332491360e-01 2.979799118461360918e-01 3.077682783640509623e-01 3.031168483618125187e-01 3.077036352186096613e-01 3.097293181436104326e-01 3.264410495003071122e-01 3.102648730801731425e-01 2.934622417543445438e-01 2.921727917932078755e-01 2.965763139009446325e-01 2.982252335829712608e-01 3.054724981710185694e-01 2.953472288841958449e-01 2.964850992391445117e-01 3.026368005800225691e-01 3.023773327329892235e-01 2.933882357481780723e-01 2.946341400621254047e-01 2.890008884052516214e-01 3.043802260376475832e-01 3.131094754177877748e-01 3.022691622603803085e-01 3.055329395012879035e-01 3.024437561913490002e-01 3.136464578875984843e-01 3.159126792403249562e-01 3.057688198854659478e-01 3.055617336786871641e-01 3.060401593543716214e-01 2.989945878075991326e-01 3.105117164485632908e-01 3.169229825814905976e-01 3.100307119794648569e-01 3.320241522543879720e-01 3.162556448071245918e-01 3.238817538938217333e-01 3.139041292359519009e-01 3.135412409873516437e-01 3.134854156170138739e-01 3.192010522565610908e-01 3.177312283264867587e-01 3.147332496352661657e-01 3.088195287723145555e-01 3.044926789994837901e-01 3.068773738798729056e-01 3.024155405088651549e-01 3.034460261055683117e-01 3.022816202605102531e-01 3.003851384454696016e-01 3.041768050960687031e-01 2.975657985040148779e-01 3.002945617974751569e-01 2.877838886899305448e-01 3.091716094502565126e-01 2.964071570925559951e-01 3.050734089994401321e-01 2.971352637341156400e-01 2.987169537196808777e-01 3.025092189748627702e-01 3.013405698503844876e-01 3.070416095163329140e-01 2.927554663144479319e-01 3.037452427665969790e-01 3.020970295880031631e-01 3.007110533110838868e-01 2.986394870444661342e-01 2.970867724162849499e-01 3.012964820393995713e-01 2.948065976567298963e-01 3.027094065133854595e-01 3.076002389088782762e-01 3.027115405156176609e-01
7.253916012183116158e-02 7.074435981577548160e-02 2.546333644326014833e-01 1.000000000000000000e+00 2.687781113693613055e-01 2.829097373853361463e-01 4.217121527645430468e-01 4.061999339020472277e-01 4.569732071173743804e-01 4.029003415998796411e-01 4.664203163642909877e-01 4.958400253115431422e-01 4.071040416917773297e-01 4.344660752610961518e-01 4.861015881829387486e-01 4.735322753781958105e-01 4.582861069506262153e-01 4.333012397882776146e-01 4.156630387547360361e-01 4.510582402947664327e-01 4.574720061412249628e-01 4.568838184864427165e-01 4.313122627493388705e-01 4.092886292711978014e-01 4.371511451569241036e-01 5.062353654550663107e-01 4.955270959647085083e-01 4.751538716293244313e-01 4.873037055981879195e-01 4.845934145886989786e-01 5.051044879762243145e-01 4.817189417690414532e-01 4.681114815687423270e-01 4.618290336135658092e-01 4.809015970040239618e-01 4.998643746017416012e-01 5.000496356711796597e-01 4.835323933301088339e-01 4.979794341879400510e-01 4.831770377778493164e-01 4.974086348886580522e-01 4.940013281426015035e-01 4.891564646115732495e-01 5.110755360392210678e-01 4.965140680622741609e-01 4.925319911252571403e-01 5.015562520317874418e-01 5.045844173334866900e-01 5.002402649011646885e-01 4.887029108080627182e-01 4.879793645146785486e-01 4.998141356721651496e-01 5.053395110843882376e-01 5.021346640388528737e-01 4.942978668329306435e-01 4.947778630956552459e-01 5.026376111787188572e-01 4.935046331741172465e-01 4.922098171255507304e-01 5.072973582022707317e-01 5.011294411558754325e-01 5.016092914527368052e-01 4.937162408054351914e-01 5.046681600691601544e-01 5.148937504289775591e-01 5.063454156570378339e-01 5.034658539970933155e-01 4.941371877323321171e-01 5.013481144027532865e-01 5.226472130010612061e-01 4.974049146334566518e-01 4.948805323759954411e-01 4.887085582314769638e-01 4.951726480349970538e-01 5.050906279839076918e-01 5.062817580557050778e-01 5.035189960707002754e-01 5.085164319987697246e-01 5.062636075074015141e-01 5.047812358356615903e-01 5.061463067489510026e-01 5.071164003347129468e-01 5.086574754317544356e-01 5.029762313101822091e-01 5.026738721624419703e-01 4.997961660883591950e-01 5.010090464864612736e-01 5.015693196690516054e-01 4.996939496311715856e-01 5.056252996577054182e-01 5.015761438344608081e-01 5.054312884376048753e-01 5.026380830366995456e-01 4.990518987031373754e-01 4.990967352162524184e-01 5.004649554502084152e-01 5.071798207376506662e-01 5.185332546516374652e-01 5.016068843263083998e-01 5.046048262812249385e-01 4.995749643974326526e-01 5.094123772922686255e-01 5.094601719524177730e-01 5.054809836282948554e-01 5.111165451679430261e-01 5.143601195041004326e-01 5.068108290776244251e-01 5.009466245364146975e-01 5.013511571980813208e-01 5.000616325585029998e-01 5.033770314303903648e-01 5.075738683240785809e-01 5.021650570988571705e-01 5.087561127436983632e-01 5.086195084189250037e-01 5.105928289709104062e-01
4.597813163155881760e-02 7.079826896406836434e-02 1.762859977677642964e-01 2.687781113693613055e-01 1.000000000000000000e+00 2.636263048435046885e-01 3.784152749211922018e-01 3.371392522087329202e-01 3.985368010268706684e-01 3.752520666009646066e-01 3.753010989143558129e-01 4.235620283464258118e-01 3.857889503886324789e-01 3.916503530547151835e-01 4.389897129973566181e-01 4.244950811908623778e-01 3.942797822631400328e-01 3.796539343524104604e-01 3.975591876786851997e-01 3.333762690185645416e-01 3.930556839667281865e-01 4.110677291179770099e-01 3.787912628944177240e-01 3.687247421234993161e-01 3.902927784692691859e-01 4.231516880829975791e-01 4.261878158978111286e-01 4.263729114618947658e-01 4.265629287585807616e-01 4.226200272575497685e-01 4.420325549874095650e-01 4.265363835108820223e-01 4.065242624607339761e-01 4.159104897017887326e-01 4.156947686151374888e-01 4.362584452419543402e-01 4.233016888700743552e-01 4.315963910025324424e-01 4.425196971820927749e-01 4.139346505823733313e-01 4.333816674058221796e-01 4.334554761902823516e-01 4.267741119145288531e-01 4.487318011254333161e-01 4.321492509079685185e-01 4.448616717455292080e-01 4.457930257525551943e-01 4.377738652796943075e-01 4.383777701217466127e-01 4.304967425555408789e-01 4.380414315355126154e-01 4.077290477359601928e-01 4.217181855979130756e-01 4.313058055211633768e-01 4.231551573605629168e-01 4.283139693865840592e-01 4.162769495035910094e-01 4.324885365623033495e-01 4.326688924813787973e-01 4.384869818592889157e-01 4.337204118453130697e-01 4.315717376684491957e-01 4.245686505052427839e-01 4.389120680767982785e-01 4.392674219589939311e-01 4.300974716073830972e-01 4.418842698332418051e-01 4.411068650579308414e-01 4.404145292928194344e-01 4.445686760186016717e-01 4.410978116225823253e-01 4.412657010056461049e-01 4.295560427667872161e-01 4.380612994494038070e-01 4.478448076428045432e-01 4.465610481779033192e-01 4.430590245683134198e-01 4.452239189164931554e-01 4.428324219404102813e-01 4.433616897363886200e-01 4.451513251173991881e-01 4.490903273696912890e-01 4.390065525572354188e-01 4.377043048138883341e-01 4.409755666397562335e-01 4.417586017290353051e-01 4.439052208767368390e-01 4.425192279906750015e-01 4.425416069528001484e-01 4.366274552259327701e-01 4.395132106883369860e-01 4.458544821273169312e-01 4.418697392590885120e-01 4.440196774771243970e-01 4.419621811683656643e-01 4.426132033470118743e-01 4.255293960502392614e-01 4.352836999854994837e-01 4.398627899342547054e-01 4.450155156947016022e-01 4.401546291034734160e-01 4.376460573201321758e-01 4.392240392455472042e-01 4.432617304195223262e-01 4.410084015610314379e-01 4.287036728306946598e-01 4.426676275264339044e-01 4.419871513033454269e-01 4.399107843745848068e-01 4.440298761358942303e-01 4.364548242105129039e-01 4.431330532758235297e-01 4.366474936890967773e-01 4.411872653381392895e-01 4.442667063223856849e-01 4.382557717635049421e-01
3.659988820315993735e-02 9.932420963025033467e-02 1.345520248060103896e-01 2.829097373853361463e-01 2.636263048435046885e-01 1.000000000000000000e+00 4.572503465135634992e-01 3.770386447026815024e-01 4.307185008418546457e-01 4.000247660439983366e-01 4.451673482760643008e-01 4.665816095528691476e-01 4.073441097923322651e-01 4.290379164829022374e-01 4.908550944087861634e-01 4.824104509357769466e-01 4.498475655593596745e-01 4.489680910479174614e-01 4.516519966389371810e-01 3.903356481928036970e-01 4.542094407194537387e-01 4.727977087585100713e-01 4.626493037510475137e-01 4.530748941382525818e-01 4.624917599094945930e-01 4.890814218888542841e-01 4.654192380933590001e-01 4.833349203964268370e-01 4.804169421333314149e-01 4.704107350864309423e-01 5.050118480750100947e-01 4.987680010773630768e-01 4.933083355414581983e-01 4.969298432257170939e-01 4.892675285180843048e-01 5.035516479488799657e-01 4.927477716012726994e-01 4.978483389366265555e-01 5.126409691638034172e-01 5.013756783142698792e-01 5.054816522982222837e-01 5.078849220705100587e-01 5.031106406027253675e-01 5.128905683182823916e-01 5.057736521497763205e-01 5.093314611956346605e-01 5.008148540653044600e-01 5.096344505167901273e-01 5.016637337886452608e-01 4.945378841054464125e-01 5.034057402081373311e-01 4.884419180186189147e-01 4.815679234275314635e-01 4.908222115650044959e-01 4.883821291164808787e-01 4.940393670867181952e-01 4.712452551792606914e-01 4.992659002126724199e-01 4.907341987708787601e-01 4.966506692521384103e-01 4.984563189460399779e-01 4.942200001442085266e-01 4.887964018764652252e-01 4.933332591437347148e-01 5.017195704144680191e-01 4.884629825799603475e-01 5.079851182431990297e-01 5.109682208459968011e-01 5.175284111941828025e-01 5.081264691412292756e-01 5.086471507147405369e-01 5.140682918109834576e-01 5.092984231425290442e-01 5.095975389740748929e-01 5.140228835165865373e-01 5.089794848104272074e-01 5.096889651184370873e-01 5.066983987288392610e-01 5.184211603677629787e-01 5.043704663709159819e-01 5.087574854086556186e-01 5.096714684864476208e-01 5.096382940228408875e-01 5.128641081425515669e-01 5.177214759226114182e-01 5.160757678191378872e-01 5.134387188827105319e-01 5.155947396157189999e-01 5.114963523025044534e-01 5.080738820327912464e-01 5.160099138530784835e-01 5.152765593359865948e-01 5.119279747611176212e-01 5.116366278514223875e-01 5.086397684147749843e-01 5.080196338178245563e-01 5.058451817239197901e-01 4.982474250387678993e-01 5.041427551014221464e-01 5.159611641641519419e-01 5.136743402758950916e-01 5.069555922704416240e-01 5.078723186819544821e-01 5.132029095676076125e-01 5.075567902946476195e-01 4.926801118452250883e-01 5.060678916638786662e-01 5.082314046629718973e-01 5.055742517398716940e-01 5.088731293823185453e-01 5.046651855027527445e-01 5.045620049656047712e-01 5.012269800432205269e-01 5.070357146722540564e-01 5.068957006868167747e-01 4.994017953996293668e-01
-2.670702932319192393e-03 1.129048827966752933e-01 2.446266874733717955e-01 4.217121527645430468e-01 3.784152749211922018e-01 4.572503465135634992e-01 1.000000000000000000e+00 5.899777363291107690e-01 6.408348736292901471e-01 6.270075322743375867e-01 6.701944326681881225e-01 7.283099366394550911e-01 6.522303380605342094e-01 6.500719858605495949e-01 7.737217488992530479e-01 7.246064996480635623e-01 6.584590865220678602e-01 6.378427469626817281e-01 6.681520497975566020e-01 5.739044644773937387e-01 6.541432878739151802e-01 6.848648543202762173e-01 6.732701360535807700e-01 6.513900986883769395e-01 6.756020198130200383e-01 7.339338138321191973e-01 7.193701891594477260e-01 7.463686927509062263e-01 7.111843141489722075e-01 7.081561543990442242e-01 7.558418261483954570e-01 7.285678249940997775e-01 7.195740324473399729e-01 7.049750935748453351e-01 7.314035665311319212e-01 7.306076287324754226e-01 7.482253462325637594e-01 7.422609492176458490e-01 7.642418079512225404e-01 7.482118646296439524e-01 7.679079859212145642e-01 7.597697560971261588e-01 7.570217704392010472e-01 7.682773220093273014e-01 7.602294928664774520e-01 7.627158928402796301e-01 7.649466613030156958e-01 7.671912961250738627e-01 7.616705080346124479e-01 7.329324679515270002e-01 7.542971434229107652e-01 7.319237943914685962e-01 7.368592941607436941e-01 7.537766692539117352e-01 7.502917124904187052e-01 7.497084092495037710e-01 7.298019006954293841e-01 7.590116217653991582e-01 7.524323184206690440e-01 7.605045779502793701e-01 7.663401779184401130e-01 7.596366782918302363e-01 7.510512422006992983e-01 7.554535586765838140e-01 7.524710028266324846e-01 7.486385881179100643e-01 7.663993170864223936e-01 7.633970749921553667e-01 7.612546773352700802e-01 7.610201233023787815e-01 7.639068276683071979e-01 7.674519577122823621e-01 7.500888911218581701e-01 7.616662170472593418e-01 7.702814402150754969e-01 7.689832668703252549e-01 7.733535464848986241e-01 7.610126763589359911e-01 7.685789001590389580e-01 7.592992981555547471e-01 7.679171668575102139e-01 7.726303716001978739e-01 7.641135077802445608e-01 7.648105573776685651e-01 7.603088661742717358e-01 7.611382958301542434e-01 7.721300741562785452e-01 7.717874558947898089e-01 7.727195118928910089e-01 7.609532400784407846e-01 7.758976965007702287e-01 7.763731834285526601e-01 7.747780180596752775e-01 7.747986688403835087e-01 7.720285716739246906e-01 7.696705047558523027e-01 7.604309865515311850e-01 7.547471453029160893e-01 7.692685421746778829e-01 7.735433049039865949e-01 7.705715418677563378e-01 7.671080239172221038e-01 7.661307529959737739e-01 7.733759485413588264e-01 7.682624360742188463e-01 7.490982686346276953e-01 7.660537082648034568e-01 7.703507511000021735e-01 7.664954034793973747e-01 7.699060251040942271e-01 7.643717442996097455e-01 7.685619573945823291e-01 7.645124075403098018e-01 7.683377320258409915e-01 7.650134947295678112e-01 7.606267109173504570e-01
1.705083235718158827e-02 9.875474850992142783e-02 2.194681924053014099e-01 4.061999339020472277e-01 3.371392522087329202e-01 3.770386447026815024e-01 5.899777363291107690e-01 1.000000000000000000e+00 5.965405766874743998e-01 5.670191595615633462e-01 5.959186593951000255e-01 6.501368387307500107e-01 5.916475294407831376e-01 6.070428888784221710e-01 6.908555053673611779e-01 6.842334410650917631e-01 6.108308717277208810e-01 5.827635271984186183e-01 6.045555539744282836e-01 5.382073642589288998e-01 5.978224359964722234e-01 6.263077684808183720e-01 6.096985349753663019e-01 5.833561312880334304e-01 6.153436908364889879e-01 6.527886446749654459e-01 6.446582648060110721e-01 6.585920870196249055e-01 6.506966198733451501e-01 6.364217717582105749e-01 6.841393911990352183e-01 6.732485129608214436e-01 6.685692625126458122e-01 6.704318428760824844e-01 6.698788323559526914e-01 6.817493318975118566e-01 6.745473723468178306e-01 6.967399574669588258e-01 7.032779390489670712e-01 6.859063985609191727e-01 6.930664052405101083e-01 6.967842153182792764e-01 6.859377280141440991e-01 7.025147987045148312e-01 6.903182016551789868e-01 7.006408062305474749e-01 6.964698554264058261e-01 6.955219064870377110e-01 6.958128397656053732e-01 6.846888821850546369e-01 6.986587227723042304e-01 6.666646600955156154e-01 6.727419896138225885e-01 6.813820816739361019e-01 6.857878788498413813e-01 6.824679451952945231e-01 6.685393479044785536e-01 6.922018503873483830e-01 6.890390937459823784e-01 6.874216243852752095e-01 6.950481049257842825e-01 6.934609978663178742e-01 6.883183397617588239e-01 6.884666939846342260e-01 6.817177893690841151e-01 6.800728674986449285e-01 6.975257143424068440e-01 6.941288579179705209e-01 6.945448319827832728e-01 6.945807184822981872e-01 6.894634028831557737e-01 6.955458699112099241e-01 6.806381967444400383e-01 6.859114762342248817e-01 6.949843625315412776e-01 6.952826521239313662e-01 6.948670757975602408e-01 6.906079861574008216e-01 6.952992245660140069e-01 6.911828289423014304e-01 6.950714724723133786e-01 7.003062969260198667e-01 6.966065505527166968e-01 6.975797424000725888e-01 7.028377532282465978e-01 6.978082815176335219e-01 7.029337685801847480e-01 7.023389930792336422e-01 7.042761678501336942e-01 6.906165552501917215e-01 6.998148418880250077e-01 7.046938611119202278e-01 6.994781581911294621e-01 7.047664530031486629e-01 6.990457433060870418e-01 6.984164929991474313e-01 6.948598552137243978e-01 6.913016815502913692e-01 6.986606989703003645e-01 7.030022867273959530e-01 7.005739420390622030e-01 6.987174715094206512e-01 6.918037524181602782e-01 7.037149655435028794e-01 6.994126641089146723e-01 6.821233606376122527e-01 6.960894423731885938e-01 6.956799520733416564e-01 6.959651373679087705e-01 7.008592281808682101e-01 6.971018528671362180e-01 6.962705191399966020e-01 6.930512265959660745e-01 6.978839360470396880e-01 6.946533774688132823e-01 6.898898545592251352e-01
1.283004153646808421e-01 1.603102735359613340e-01 2.986622920998753816e-01 4.569732071173743804e-01 3.985368010268706684e-01 4.307185008418546457e-01 6.408348736292901471e-01 5.965405766874743998e-01 1.000000000000000000e+00 7.178935632845970805e-01 7.499444333890088465e-01 7.806761815003188110e-01 7.041676843825603882e-01 7.060973022757245365e-01 7.946362680475979046e-01 7.810570322411412025e-01 7.680438002411471565e-01 7.465573942021467291e-01 7.396434340817883424e-01 6.257025065616630410e-01 7.168395752167464607e-01 7.761137943606434275e-01 7.626413296504577222e-01 7.209107829831262748e-01 7.452510216200765036e-01 8.190124579121130788e-01 8.082532639220321169e-01 8.080317281767734894e-01 8.033903785406132370e-01 8.225496889172281278e-01 8.451329850059571269e-01 8.227981378398608880e-01 7.764909214549235994e-01 7.919734026611087163e-01 8.182642265978030682e-01 8.190738965109938263e-01 8.218967394807820126e-01 8.146033397121363873e-01 8.322904466069338536e-01 7.885820864079226000e-01 8.357721390918992910e-01 8.159561458860464800e-01 8.057170113361159514e-01 8.339000330442242204e-01 8.209979008315620996e-01 8.258933086431557991e-01 8.378353664644618837e-01 8.478597618999291763e-01 8.389471186806537473e-01 8.059617659124692635e-01 8.292854984460639178e-01 7.992970776891241691e-01 8.147762298272559489e-01 8.414447310694246340e-01 8.263775815383195278e-01 8.320344185881148880e-01 8.281682207966711839e-01 8.278297212155802942e-01 8.314140828975800090e-01 8.469259488081056775e-01 8.337634776795034286e-01 8.388216305970896958e-01 8.257480646200960894e-01 8.395326046076294624e-01 8.463858870495617470e-01 8.382441070463416688e-01 8.456067218157962140e-01 8.415108318904277462e-01 8.458286979206560696e-01 8.367679715918728833e-01 8.303736462528853446e-01 8.417121274398856601e-01 8.286189426559420479e-01 8.294125118299109367e-01 8.459344201468093072e-01 8.447481186434254719e-01 8.420994429520037849e-01 8.456288983103226187e-01 8.426933299107262076e-01 8.495018167572090384e-01 8.476623206597362348e-01 8.466775862684979836e-01 8.487480066910424448e-01 8.454023888604347281e-01 8.331969749216928678e-01 8.367537659219527191e-01 8.427286348378785208e-01 8.379709637351921980e-01 8.395749530932096194e-01 8.420419178691256334e-01 8.327060574776096180e-01 8.388744770273910412e-01 8.359468767243362075e-01 8.357214840328830441e-01 8.395645857239050214e-01 8.422357450453532568e-01 8.175263246185483501e-01 8.368310618001205681e-01 8.343546340147851570e-01 8.374985588364860511e-01 8.300101741297345459e-01 8.357603180643712326e-01 8.373408027789340791e-01 8.367297455787038318e-01 8.408208271977258841e-01 8.329615799505334373e-01 8.428321619051244440e-01 8.425204166518083237e-01 8.417607304539455049e-01 8.405716259851030436e-01 8.375033020104893922e-01 8.427470310343960769e-01 8.360412720502324868e-01 8.433295696666501806e-01 8.465712003482998016e-01 8.421839661926346920e-01
7.451333156549631853e-02 2.089429957589480913e-01 2.615989154263979599e-01 4.029003415998796411e-01 3.752520666009646066e-01 4.000247660439983366e-01 6.270075322743375867e-01 5.670191595615633462e-01 7.178935632845970805e-01 1.000000000000000000e+00 6.735130233115094178e-01 7.155033503352727919e-01 6.677345651285924166e-01 6.656426518728073560e-01 7.495210461480200648e-01 7.282517763419491530e-01 7.052661624692451170e-01 6.768026032757846755e-01 6.961801325135811291e-01 5.656257792627353842e-01 6.607416858599304277e-01 7.142597162406617572e-01 7.074118913060398750e-01 6.800404102181831778e-01 6.955748648806128198e-01 7.508768334403990163e-01 7.446508724390874523e-01 7.458226807320803564e-01 7.444282919200166937e-01 7.710549778267287158e-01 7.933698190060225475e-01 7.728345928067132942e-01 7.286915400025624212e-01 7.543153932768590364e-01 7.655865562910156852e-01 7.572012366638908309e-01 7.669373479926726578e-01 7.730461668066335168e-01 7.809844764532094530e-01 7.413682924969716703e-01 7.823664465510256072e-01 7.715282021063525342e-01 7.522219109002186155e-01 7.780147740842766613e-01 7.671496932140834391e-01 7.762260048115856570e-01 7.851553841683523993e-01 7.937943293136892065e-01 7.893904211935650617e-01 7.592337412124732232e-01 7.835854646899786946e-01 7.292954390284452915e-01 7.526002085210246051e-01 7.831660666238788870e-01 7.729185920042378477e-01 7.742324666785316278e-01 7.556003003820810360e-01 7.759290872097954761e-01 7.807810183036446583e-01 7.821771435476111423e-01 7.762604739817725585e-01 7.817214798674819720e-01 7.703793098460604005e-01 7.816406203042985945e-01 7.764168199967546036e-01 7.735806200548224210e-01 7.918864599690248474e-01 7.913656427384009318e-01 7.920840538305614631e-01 7.780825194193926597e-01 7.815843972331786293e-01 7.879206707576750235e-01 7.815421529877057960e-01 7.778835306174759490e-01 7.895265762359308104e-01 7.907181015450015504e-01 7.855328421679753648e-01 7.865557083662086946e-01 7.919926739182154840e-01 8.000447513469644001e-01 7.962899619408978502e-01 7.957612477165315612e-01 7.883758268172277317e-01 7.937746138625837444e-01 7.860114002179929837e-01 7.900706788934670488e-01 7.946114177916719923e-01 7.876588211569200970e-01 7.906559764878756669e-01 7.845299256272548760e-01 7.784895264498160605e-01 7.855491643065325436e-01 7.864632273588050282e-01 7.845104412309249486e-01 7.882160673031234355e-01 7.916764735395434016e-01 7.653949224357516901e-01 7.751634275769347937e-01 7.828629577557594255e-01 7.867822903214917174e-01 7.770272487273327533e-01 7.794885374867800421e-01 7.797160574003766387e-01 7.818759181529398861e-01 7.813688849432468553e-01 7.675623928558649167e-01 7.881635312327356369e-01 7.906408334834197360e-01 7.864257057608009527e-01 7.866768615768032769e-01 7.856450490078151772e-01 7.848679228550280440e-01 7.821624027244293842e-01 7.836928504156328579e-01 7.850918342659481963e-01 7.799756414904222002e-01
3.984509183350130879e-02 1.234364610939633761e-01 2.939884717296125105e-01 4.664203163642909877e-01 3.753010989143558129e-01 4.451673482760643008e-01 6.701944326681881225e-01 5.959186593951000255e-01 7.499444333890088465e-01 6.735130233115094178e-01 1.000000000000000000e+00 8.093114421623082144e-01 6.915328437358586600e-01 7.268657733176944191e-01 8.058876428481774878e-01 7.708876606392220943e-01 7.455714468605119105e-01 7.285947989312550055e-01 7.333917657177725369e-01 6.402835326561701068e-01 7.030873784857093467e-01 7.545365678688999989e-01 7.545656106675808772e-01 7.193426569202623355e-01 7.294503439333140937e-01 8.126774692707635639e-01 7.966559089979267094e-01 8.006786475154442639e-01 7.923511982679219967e-01 7.960861443282746253e-01 8.429496912271530196e-01 8.201225438693365843e-01 7.825898989877080325e-01 7.898085972965782631e-01 8.150595667537079425e-01 8.107142742156417947e-01 8.264551953209727797e-01 8.143313688644334691e-01 8.377817221030026129e-01 8.083399409440671368e-01 8.383718401989367353e-01 8.261870544204188427e-01 8.194178244776474385e-01 8.366274398191010375e-01 8.228413778255216915e-01 8.285488495151404065e-01 8.430880625509404869e-01 8.451465201554050344e-01 8.395680695581211328e-01 8.073745955248050610e-01 8.311766855566531387e-01 8.037532829606456319e-01 8.169704435319338209e-01 8.374986618366510038e-01 8.303717060516779824e-01 8.334010656518395788e-01 8.230916715339767764e-01 8.325657961038838151e-01 8.348722225859622759e-01 8.425908561640190753e-01 8.446617409023031708e-01 8.430687412769016786e-01 8.334693022272974261e-01 8.428029411401726234e-01 8.412196159796759831e-01 8.339263293771708163e-01 8.448792856203499735e-01 8.445017364306669494e-01 8.442590772516637143e-01 8.440685083326776583e-01 8.350253390073993920e-01 8.400181964374000554e-01 8.302713572360863603e-01 8.300367440960522147e-01 8.474255965040150551e-01 8.465465455382761295e-01 8.419155274929210897e-01 8.459143562448271370e-01 8.459903908051379373e-01 8.451733436783580578e-01 8.485471651894807010e-01 8.502916330898261377e-01 8.453190248878509339e-01 8.481746821112671197e-01 8.390569032961331386e-01 8.395921756645655654e-01 8.490895459673657442e-01 8.421715943726370002e-01 8.484235121285476078e-01 8.429104488878298440e-01 8.429063724282758185e-01 8.446118499053156814e-01 8.423483058193136364e-01 8.450120223784975959e-01 8.459662712746024438e-01 8.471933248061238597e-01 8.309611288380476246e-01 8.342654536468324666e-01 8.435846998094076454e-01 8.440670557666010154e-01 8.408331044976370405e-01 8.424691673168885897e-01 8.408028181845511595e-01 8.462032661315597171e-01 8.446497946515788557e-01 8.326174338216212334e-01 8.452160636600783983e-01 8.472499489211161583e-01 8.437691409304680645e-01 8.441389000046430890e-01 8.438897721875588953e-01 8.459872917288394634e-01 8.435556474022474216e-01 8.464876592576340286e-01 8.447823048682514546e-01 8.436559128946962138e-01
3.361165075336855490e-02 1.278795457165277372e-01 2.995860803222950564e-01 4.958400253115431422e-01 4.235620283464258118e-01 4.665816095528691476e-01 7.283099366394550911e-01 6.501368387307500107e-01 7.806761815003188110e-01 7.155033503352727919e-01 8.093114421623082144e-01 1.000000000000000000e+00 7.493787220936922733e-01 7.690771370344284819e-01 8.748672761645061025e-01 8.419729729822268416e-01 7.856351983703346864e-01 7.429297007354411786e-01 7.744360077093881412e-01 6.678475319153324152e-01 7.506417286485558282e-01 7.979931051976485445e-01 7.700449310156529670e-01 7.315214962374484431e-01 7.718003718731328844e-01 8.521663215073487230e-01 8.411931672652577241e-01 8.471513543278088587e-01 8.392868107237646536e-01 8.259483343888324169e-01 8.883733821647475937e-01 8.519797342106596449e-01 8.180451585128278857e-01 8.292440180444149433e-01 8.468577791855070869e-01 8.699001361458411630e-01 8.676107900977559906e-01 8.733525470674426971e-01 8.943498172423887116e-01 8.593246906709721689e-01 8.939708297837343220e-01 8.861905281279791602e-01 8.868497160223428599e-01 9.010539388163534280e-01 8.805970237216865781e-01 8.903714524846447764e-01 9.055028272581592264e-01 9.049056432804971628e-01 9.048319437463291370e-01 8.742051677080222571e-01 8.939939861225923989e-01 8.696762023026261001e-01 8.814802646304733535e-01 8.984242399496933373e-01 8.958856931974628068e-01 8.929461668447336020e-01 8.903669906731452866e-01 8.970812943980285281e-01 9.005143760770323302e-01 9.035212493762059260e-01 9.082079699145251261e-01 9.056607428433475215e-01 9.010387449145377259e-01 9.070148121083602133e-01 8.992246463090107778e-01 8.996496284353229234e-01 9.046835777896536923e-01 8.939763777155617097e-01 8.891291104386931377e-01 8.991297622689788938e-01 8.911328481457064798e-01 8.944689013930854360e-01 8.722750187518999443e-01 8.826414153943744623e-01 9.018694100026098948e-01 9.032344293066820740e-01 8.983710819544429294e-01 8.961480106148735914e-01 8.956159579358436984e-01 8.984289041810670229e-01 9.000138499594355634e-01 9.074345916560230263e-01 8.972926921170011338e-01 8.962073766462899105e-01 8.896933974440750514e-01 8.906131827325406425e-01 9.042019779707224370e-01 8.989285288370505445e-01 9.032375957309703995e-01 9.005460254486645777e-01 8.933149435066822797e-01 9.048968350186792353e-01 9.027296010820839989e-01 9.046657987040046534e-01 9.087791877765432069e-01 9.081119948338353121e-01 8.963574938999832042e-01 9.034951435135110120e-01 9.080641151598526362e-01 9.039269190633871798e-01 9.054298121788212361e-01 9.071819665304317049e-01 9.048423907232420182e-01 9.085796812775152054e-01 9.076590246490096048e-01 8.997840476947769339e-01 9.094930772986613565e-01 9.068896749257169265e-01 9.062499355754226604e-01 9.059722433693113697e-01 9.042049414907100680e-01 9.099156373761293493e-01 9.070318732754557578e-01 9.092470797470131316e-01 9.043198503806541000e-01 9.067510940835061817e-01
1.175047079520403007e-02 1.127181934423518578e-01 2.533099476835320996e-01 4.071040416917773297e-01 3.857889503886324789e-01 4.073441097923322651e-01 6.522303380605342094e-01 5.916475294407831376e-01 7.041676843825603882e-01 6.677345651285924166e-01 6.915328437358586600e-01 7.493787220936922733e-01 1.000000000000000000e+00 6.964674087291886639e-01 7.819208790449004853e-01 7.648896321388609643e-01 7.153114380162480801e-01 6.859208583666687176e-01 7.142485172619327249e-01 5.721925680817726567e-01 6.768962559627539344e-01 7.338031389908827862e-01 7.220485518888640764e-01 6.787165565713182414e-01 7.151098044181249946e-01 7.763146138671822571e-01 7.562186012723347561e-01 7.718896128156459424e-01 7.415477867790597477e-01 7.550952062231821582e-01 7.962886201952713572e-01 7.705543439889397384e-01 7.409309636205043681e-01 7.420316464438170279e-01 7.703344942709861032e-01 7.807862238843031877e-01 7.782898606970157784e-01 7.782824697108239320e-01 7.988133521824287708e-01 7.810186616140263327e-01 8.062518708789674360e-01 7.971740884511969716e-01 7.907447769104278823e-01 8.061694299367073713e-01 8.022336882865482854e-01 7.998499349249871271e-01 8.129502159115589155e-01 8.154598423053359690e-01 8.078647181021444412e-01 7.600048061719747450e-01 7.943477980953574935e-01 7.708200757064012087e-01 7.842877309728175650e-01 8.093380709575657139e-01 8.006253917724405200e-01 7.974300286745926725e-01 7.883744673847050688e-01 8.046319113451718685e-01 7.975353899929999990e-01 8.117521088175578825e-01 8.142439704568761316e-01 8.067281207783542074e-01 8.008392698250581532e-01 8.095653600269367978e-01 8.092166351930702994e-01 8.029603968253702373e-01 8.111623130037826090e-01 8.109618957579062259e-01 8.082697457263073870e-01 8.061915171112867817e-01 8.062532000342357286e-01 8.144509341042667216e-01 7.957615360393276438e-01 8.018731394555663750e-01 8.172463581074156380e-01 8.149910445165334805e-01 8.116845072362817159e-01 8.011680011429620496e-01 8.074052531469976257e-01 8.082307219286853917e-01 8.145012025057699612e-01 8.149406217705602584e-01 8.154484936598874745e-01 8.111539133444792826e-01 7.989091536407528782e-01 8.033338329852595106e-01 8.146484057306999649e-01 8.125838331249963797e-01 8.164316962810096445e-01 8.129382697296132498e-01 8.114986478423166227e-01 8.166874757089110926e-01 8.167383405781988293e-01 8.161371681855434934e-01 8.156924153953398759e-01 8.186201729036617358e-01 8.016406349268391240e-01 8.013274065776903043e-01 8.142685171546466538e-01 8.135142963100473468e-01 8.139503653523255666e-01 8.104717527543853217e-01 8.104314693501147859e-01 8.164420153236532363e-01 8.148151392937205140e-01 8.055111700865313917e-01 8.151829460496884394e-01 8.180233022600793547e-01 8.169175355883553369e-01 8.155505678956856963e-01 8.135594496087555916e-01 8.193266463171776648e-01 8.142365122481449724e-01 8.180694965340743474e-01 8.143644675781005482e-01 8.133951726466540633e-01
