1.000000000000000000e+00 1.457264609361097300e-02 6.532699860922309976e-02 4.753836867136667504e-02 1.444034814042204594e-02 -2.624612544997314764e-02 4.217552961684324642e-02 1.963083048822479929e-02 5.314459288471011511e-02 1.028942370694517147e-02 1.984529103703417188e-02 3.786459808494351681e-02 3.138500011322541139e-02 1.560021546074003701e-02 1.382359404008900311e-02 3.978393777633296852e-02 7.213987538465270466e-02 7.934760271496138495e-02 3.644709457930295909e-02 3.566775057433697882e-02 6.577703206164725591e-02 7.172395430296729657e-02 6.475551414143911055e-02 8.745216080987987251e-02 8.289118038339102212e-02 3.214632039932942970e-02 1.815145877391180496e-02 2.389659867582451247e-02 3.581857752774111892e-02 4.723130899865727456e-02 3.401314991291989193e-02 4.033532073044512195e-02 2.252658565590203929e-02 6.181875952512513178e-02 4.932253206576960730e-02 2.652684586314560736e-02 3.948079051179362309e-02 1.063103304072911780e-02 2.486775321408199110e-02 -1.511944567440118639e-02 1.880623589930208520e-02 -5.985590670474378976e-03 1.224717608278046502e-02 2.182222133846754494e-02 2.092359698777767826e-02 1.037971689251025210e-02 4.509817924255829155e-03 1.080684908367181285e-02 1.091756688292243836e-02 3.743326442397539033e-02 2.243693697117600874e-02 7.816684320513030138e-02 1.547559155455873608e-02 2.774912106339525592e-02 1.637113301557716061e-02 1.608599700572208024e-02 4.311864800135623010e-02 1.512280426929428316e-02 1.726991419865371927e-02 2.331180007162355836e-02 2.154283149651654850e-02 1.475274147731617073e-02 2.179075603467447650e-02 2.924990474320854350e-02 5.944238989721293415e-02 6.822093825264184674e-02 2.312127119347873530e-02 1.862132944574742405e-02 2.806096567534915528e-02 2.282642285845788363e-02 2.696132957188890344e-02 2.847803930902165215e-02 3.628902451859444128e-02 3.575567418281168364e-02 2.141776907236476665e-02 1.806210676808274462e-02 5.859597953909392691e-03 1.928109177838651517e-02 2.484124139995549235e-02 3.247967490232838567e-02 3.193469764669962241e-02 2.105329791054291050e-02 3.792204622882779097e-02 2.004987035510597329e-02 2.862860709050634930e-02 3.119074428076062944e-02 1.739046842445237176e-02 8.769101946498299507e-03 1.903336733991246518e-02 1.650990937834516739e-02 2.011192447937663278e-03 2.828242769588200367e-03 9.259137245827834400e-03 6.499239754945831948e-03 7.329793820983806357e-03 1.104760307582221442e-02 2.153390227755573594e-02 6.159258618920843142e-02 1.434157727043189681e-03 1.222212127414551430e-02 2.044073010968507770e-03 1.517938375464817496e-02 2.357111601095631184e-02 1.420329843027357854e-02 3.205854113785124027e-02 3.021288651948517492e-02 1.975691182627158787e-02 1.809905000573002951e-02 9.504644600591650658e-03 1.343003189445535726e-02 6.245339983517822664e-03 1.476615256630023180e-02 9.989093422264607933e-03 2.012664859787327912e-02 3.001283178093184720e-02 4.290996163505591404e-02
1.457264609361097300e-02 1.000000000000000000e+00 6.429441753465924003e-02 4.814410607969240447e-02 8.379096712460290530e-02 3.688681867023016481e-02 7.779776583872970164e-02 1.018354748535450216e-01 1.496625457955212402e-01 1.756636827329132178e-01 9.562125026601174527e-02 1.068182808888868546e-01 8.234761540832359616e-02 1.031746379401171365e-01 1.246403331356596977e-01 1.143976201176819807e-01 1.178950404783307981e-01 1.201245007917872420e-01 1.259899390050024659e-01 6.064525793314908680e-02 7.834428303986555597e-02 1.064674943726213047e-01 1.382521495217663710e-01 1.209512901151889169e-01 1.077440014466543305e-01 1.602959594925004450e-01 1.335196798555724484e-01 1.377138659975872814e-01 1.517716414046787476e-01 1.571868529333758646e-01 1.451513101509628034e-01 1.360030094990207772e-01 1.205709669660406103e-01 1.262187760826032346e-01 1.288459329706656276e-01 1.426627415481987182e-01 1.462302677761652681e-01 1.247397802562976998e-01 1.349400241627890518e-01 1.238527890638172757e-01 1.334933538136537923e-01 1.160834482589406663e-01 1.118806116965615771e-01 1.221201607143847789e-01 1.394025029518086156e-01 1.170905661857191277e-01 1.206714582815949649e-01 1.362959928686013900e-01 1.236674699357506735e-01 1.062332115280905931e-01 1.185057447377816792e-01 1.099779256308084652e-01 1.127348300734892089e-01 1.363665255554995792e-01 1.242699847805058405e-01 1.388948551443214829e-01 1.221910778339651421e-01 1.233993201805608370e-01 1.129034088198628272e-01 1.314757752784047606e-01 1.161767021320819909e-01 1.268401731895150153e-01 1.156177992688693507e-01 1.281393386255336442e-01 1.287582778234444281e-01 1.202968015366617099e-01 1.292340713599655633e-01 1.206610161358083744e-01 1.271524142755833531e-01 1.090075984448007906e-01 1.105425901709971015e-01 1.221680745514861638e-01 1.280994543344027015e-01 1.262305426211346171e-01 1.272832272029850442e-01 1.297814001475395829e-01 1.282279457174772819e-01 1.422404095935625723e-01 1.328121764590932119e-01 1.336533621920506787e-01 1.371989994463401474e-01 1.318776330359237303e-01 1.310188522183416138e-01 1.272523236739609431e-01 1.205777711193036505e-01 1.274476521667503581e-01 1.410760611772536866e-01 1.223120053719808226e-01 1.286275959643854716e-01 1.279608758094587517e-01 1.238020863759712042e-01 1.274300725301625858e-01 1.267074767701373283e-01 1.290856769028182749e-01 1.265826294768861437e-01 1.289046133262562177e-01 1.116281291005742499e-01 1.168181188537636556e-01 1.154732931937801216e-01 1.166702621303255527e-01 1.222388225031734998e-01 1.155464753974126402e-01 1.244618863440285494e-01 1.234118217961816255e-01 1.218639710579061536e-01 1.166913700735910386e-01 1.211023525246474192e-01 1.288358028866024574e-01 1.260681848438708341e-01 1.183917501625457724e-01 1.214331034899295003e-01 1.253786025606039023e-01 1.269273756511135332e-01 1.258465822764071873e-01 1.297300072356274703e-01 1.223727883118525678e-01
6.532699860922309976e-02 6.429441753465924003e-02 1.000000000000000000e+00 2.719571640356068798e-01 1.142600898214405220e-01 1.653977335514567049e-01 1.956703052348634508e-01 2.313377021730645966e-01 2.627661281038671803e-01 2.492748906792225383e-01 2.943482748342978739e-01 2.805963408063827380e-01 2.307507810781284363e-01 2.333399636248233155e-01 2.670858206479920227e-01 2.730455172786569462e-01 2.787802447417341289e-01 2.796184749919546908e-01 2.920663258771349913e-01 2.431195920240774022e-01 2.855668318104795933e-01 3.154075134271662750e-01 2.885788778291502044e-01 2.727526873053818801e-01 2.891389694567250701e-01 2.969484761191226174e-01 2.880126886354488214e-01 3.012785044527717115e-01 2.712999638023863014e-01 2.977822307530008650e-01 2.907581090289310111e-01 2.963942721191381580e-01 2.862924161244033705e-01 2.944841569112057189e-01 2.854334953259162755e-01 2.963484713157459871e-01 3.071144935511186391e-01 2.799895993413429873e-01 2.901921677117647036e-01 3.084777144296813600e-01 2.973888981834843515e-01 2.884197651674066387e-01 2.831572654211869100e-01 2.859376237896340545e-01 3.121739897345535142e-01 2.884785441673590745e-01 2.914047976200997425e-01 2.923762306967937485e-01 2.875701604058957250e-01 2.875725808679205353e-01 2.941524030625964903e-01 3.118798284248160413e-01 2.912946219910557133e-01 2.885185019290718023e-01 2.812478989617192005e-01 3.014673403428848042e-01 2.762106885318218463e-01 2.915524673922983423e-01 2.874285908755566665e-01 2.864381485129302574e-01 2.872780588784051847e-01 2.738044311955726284e-01 2.740991412365597069e-01 2.837746498356474856e-01 3.094977584730176368e-01 2.936967798660967688e-01 2.938237162240647793e-01 2.992471627679952895e-01 2.957947144824554786e-01 2.927286355323282518e-01 3.024058293456027280e-01 3.060029315035951436e-01 2.996889441871889437e-01 3.074598218849828868e-01 3.003560488959940988e-01 2.995703261408275142e-01 2.944422413697150853e-01 2.928626368461442198e-01 2.939129363547552387e-01 2.999299523955647473e-01 3.120572819438461876e-01 2.957086299201927559e-01 3.002170733779968015e-01 2.966214140402089194e-01 2.965908804817151134e-01 2.999005654882244687e-01 3.133601403640008387e-01 2.991434528517435965e-01 2.978606899429856458e-01 3.043176442623793942e-01 3.051701209049012542e-01 2.954306879263334795e-01 3.033343397217208581e-01 2.980419844575119548e-01 2.887489459135262337e-01 2.899467333941627700e-01 2.908604150520384679e-01 2.863116263332652345e-01 2.791266661044444763e-01 2.964460040194828450e-01 2.880121557256456466e-01 2.851813208456180915e-01 2.960141451473582430e-01 2.934806547556748080e-01 3.041737552746891504e-01 2.828495157906946722e-01 2.844753535118775822e-01 2.940772238781608761e-01 2.917658722492330603e-01 2.887219860048666487e-01 2.907267690811044525e-01 2.884730656629168610e-01 2.858598598935351287e-01 2.838569181422730403e-01 2.984965995012549000e-01 2.961567497113106184e-01
4.753836867136667504e-02 4.814410607969240447e-02 2.719571640356068798e-01 1.000000000000000000e+00 2.216789786288746456e-01 2.518720575275104068e-01 4.018963025703996550e-01 4.030968986626607964e-01 4.413014968459271770e-01 3.984015950362872482e-01 4.440027749059245465e-01 5.167999012906139278e-01 4.108170421557656438e-01 4.162242752505316834e-01 4.937202286663823769e-01 4.838070916648587461e-01 4.701212125033512601e-01 4.450153372434934029e-01 4.469786053558075789e-01 4.674495515539024426e-01 4.729480364476846832e-01 4.634571131265216026e-01 4.361934904944120839e-01 3.623182140375628690e-01 3.907592368465478416e-01 4.818353119745107382e-01 4.840184815220809345e-01 4.820792863270368378e-01 4.703740056898627064e-01 4.938605999660565793e-01 4.940212600009344368e-01 4.996749272105724393e-01 4.706416541262523623e-01 4.515130317722618747e-01 4.702471923382589569e-01 4.714725811160890290e-01 4.782252987872843697e-01 4.899338001617593030e-01 4.919574802877791919e-01 4.853157977023626612e-01 4.957345130021280077e-01 4.890655615501525166e-01 4.967572383644696110e-01 5.006534027421919442e-01 5.047645299452349077e-01 4.975619458155325914e-01 5.123650824746607269e-01 5.080605809141479634e-01 5.101317881784556141e-01 4.972689669346476715e-01 5.120286571356627014e-01 4.881166009848796894e-01 5.050935280722771425e-01 5.017141786532045566e-01 5.002792682502147370e-01 4.990688793751847374e-01 5.008601567071704341e-01 5.098263914947855913e-01 5.123947963169500630e-01 5.068897154977706210e-01 5.116207356037444365e-01 5.062786393490621428e-01 5.061492131524480964e-01 5.091955585279180907e-01 5.066784685610697947e-01 5.067213555874198194e-01 5.096289696220902554e-01 5.092365979551346511e-01 5.081397792397519542e-01 5.295276129745012383e-01 5.138032480214947961e-01 5.101309481519602507e-01 4.838292543610919760e-01 4.943647574988742632e-01 5.090517815099188104e-01 5.073222670460465489e-01 5.035222870457658484e-01 5.025931296840172591e-01 5.050543037664431134e-01 5.030032212235849842e-01 5.035453416591081366e-01 5.207410491136893471e-01 5.084756126701510670e-01 5.055660700465112178e-01 5.078178433837795547e-01 4.982346446151126873e-01 5.029387029496682482e-01 5.091309727341589708e-01 5.125544246024924533e-01 5.116222441397901832e-01 5.053046632894849788e-01 5.090934822587781516e-01 5.087741032965537036e-01 5.113996011970382005e-01 5.117578411704324370e-01 5.100056529427754448e-01 5.175088874212200318e-01 5.140050946085422678e-01 5.132508914694432489e-01 5.170508732144653008e-01 5.124570947865817461e-01 5.167670094691801941e-01 5.182356177627360783e-01 5.173033401665065867e-01 5.148515984637032084e-01 5.143762157261942969e-01 5.178491538935867666e-01 5.076619857330831875e-01 5.098120526413196796e-01 5.097194291255711107e-01 5.153395828294077274e-01 5.082064704483300055e-01 5.138804217992405388e-01 5.136475982328534418e-01 5.124576019522434356e-01 5.158938662430238020e-01
1.444034814042204594e-02 8.379096712460290530e-02 1.142600898214405220e-01 2.216789786288746456e-01 1.000000000000000000e+00 1.847218303798968397e-01 3.674594501775672595e-01 3.443462024128752796e-01 3.259053880837479156e-01 2.941088333327969706e-01 3.372820849214644978e-01 3.610222646974368677e-01 3.572576991802506319e-01 3.404879095123532484e-01 3.850550817844345941e-01 3.818333423922782854e-01 3.404981848745994299e-01 3.348067916149416456e-01 3.424479961764964053e-01 3.328618024301585043e-01 3.559184298163673987e-01 3.601626991467382077e-01 3.534878134869611777e-01 2.996303462563346121e-01 3.416983702949448753e-01 3.737033369637332569e-01 3.690080046283620296e-01 3.775991428588598153e-01 3.681630436018788477e-01 3.748163024616341099e-01 3.897228573922460471e-01 3.759591153540926545e-01 3.565453145185610295e-01 3.518150481441987831e-01 3.726039261301520300e-01 3.568449584925782458e-01 3.872530218575660488e-01 3.792349607858526706e-01 3.880853271593207032e-01 3.674914609781795849e-01 3.860516187754214346e-01 3.897556109342665831e-01 3.996052860928528960e-01 4.019308903479765771e-01 3.908995945568035646e-01 4.009374008261166744e-01 3.888500380711488180e-01 3.904163120130935138e-01 3.749657088302186247e-01 3.598899881122485378e-01 3.868316782650105812e-01 3.721224033631019279e-01 3.839801561742123281e-01 3.853326188166790178e-01 3.851751298198939910e-01 3.896104163545381360e-01 3.766379108540576226e-01 3.952828025855464888e-01 3.899247866339442536e-01 3.928344513179232167e-01 3.954912647739643461e-01 3.937761171334042687e-01 3.891571498870233792e-01 3.881316067889377663e-01 3.877394654221558712e-01 3.859880946403993485e-01 3.901587274665687666e-01 3.936670360647250289e-01 3.986097916927310858e-01 3.972544922542216028e-01 4.034121951828533170e-01 3.989706418434882385e-01 3.865725891531368030e-01 3.914769811926032128e-01 4.002916435538397821e-01 3.959711142609986800e-01 3.997679911918834983e-01 3.921172329768958797e-01 3.960182951406357454e-01 3.990485406439486238e-01 3.941163433487263612e-01 3.941549360596541263e-01 3.931834378418021525e-01 3.920292334813569868e-01 3.893412694584295064e-01 3.854382409556417755e-01 3.925235484957605436e-01 3.973488142657093380e-01 3.965835161300746425e-01 3.931055505196613953e-01 3.915397131838468936e-01 3.962319297217350433e-01 3.963316047639579565e-01 3.945293299157576206e-01 3.916996983541312094e-01 3.938801849163447999e-01 3.899628636702396900e-01 3.824872147681977474e-01 3.969499105153059260e-01 3.912764961942206132e-01 4.020906286404029029e-01 3.965774663479064155e-01 3.923153626620383694e-01 3.980400650154494735e-01 3.923567692974414545e-01 3.974121289021457781e-01 3.888394554284297921e-01 3.967185094935962719e-01 3.985902206567590311e-01 3.947141538130965466e-01 3.919863094262750480e-01 3.961529021635502024e-01 3.965963122364992710e-01 3.942647434771936465e-01 3.923695687878193672e-01 3.945564352082216453e-01
-2.624612544997314764e-02 3.688681867023016481e-02 1.653977335514567049e-01 2.518720575275104068e-01 1.847218303798968397e-01 1.000000000000000000e+00 3.877240023809422897e-01 3.570303005530854334e-01 4.269357635354560365e-01 3.796269309446437812e-01 4.057349664231070241e-01 4.482996381527232233e-01 3.754735522567451689e-01 3.972527300720852805e-01 4.662403669853850130e-01 4.738917237907195878e-01 4.114933278950532736e-01 3.935115255851879823e-01 4.153412132125539613e-01 3.787889326090311815e-01 4.183998279013255717e-01 4.224665433483211774e-01 3.982147360636169031e-01 3.335839158548978278e-01 3.805656142582597989e-01 4.496578237660181498e-01 4.558761962552104197e-01 4.513916184174511237e-01 4.396733582804735474e-01 4.491450340646792050e-01 4.545722676569925458e-01 4.555361781085121575e-01 4.123449871226284591e-01 4.100157369128054063e-01 4.295890343754643070e-01 4.129585275133506039e-01 4.484506330322667322e-01 4.605749644795204545e-01 4.689036441083733742e-01 4.473862082337756174e-01 4.662232788082826818e-01 4.728166148744757935e-01 4.647184271769154718e-01 4.786377606588012590e-01 4.664294269018393058e-01 4.787775967917084485e-01 4.823103768475199282e-01 4.810536778957014703e-01 4.784408323353852577e-01 4.473508928317531663e-01 4.706979957049953756e-01 4.329210670460358901e-01 4.663217332376057844e-01 4.795462555764529733e-01 4.779941242689410008e-01 4.731129108729462684e-01 4.637949451131561651e-01 4.790924537192891575e-01 4.803864997228786127e-01 4.818779719506768866e-01 4.768440265646994303e-01 4.781600933769554751e-01 4.768854811372562064e-01 4.790247886602503335e-01 4.754317011354742828e-01 4.685423108883346455e-01 4.822287005768625123e-01 4.745018043998669444e-01 4.763087224423748212e-01 4.817822260228589171e-01 4.767565750540367908e-01 4.819351602609454055e-01 4.588082306630767437e-01 4.687247584766363606e-01 4.796359779274007584e-01 4.786584099690892047e-01 4.805516707829968759e-01 4.710310078703207060e-01 4.754265695395240576e-01 4.698210450836076135e-01 4.718204054876630749e-01 4.825996403583255878e-01 4.706982804916239327e-01 4.737445235842565605e-01 4.705876239284930707e-01 4.675905974286215239e-01 4.773260990810212490e-01 4.804278586232583748e-01 4.795790702906113090e-01 4.768517011943408379e-01 4.747434280539499230e-01 4.825286113191346593e-01 4.821188150965752262e-01 4.852439901223784546e-01 4.853793299038254849e-01 4.832658605113749894e-01 4.701019031207296361e-01 4.673155593493811266e-01 4.829202223140489081e-01 4.814527358677770374e-01 4.797566415994992672e-01 4.816817009855542953e-01 4.784059523512921852e-01 4.848237770459875584e-01 4.748722667094784078e-01 4.753671832840735134e-01 4.798427596107215920e-01 4.832930482362048918e-01 4.818533753121478913e-01 4.841083857520188660e-01 4.813033908406078587e-01 4.844364859053379990e-01 4.820189701435830809e-01 4.809564531382978791e-01 4.820457921191818040e-01 4.780383258927154433e-01
4.217552961684324642e-02 7.779776583872970164e-02 1.956703052348634508e-01 4.018963025703996550e-01 3.674594501775672595e-01 3.877240023809422897e-01 1.000000000000000000e+00 5.871221416328070708e-01 6.340345575723315141e-01 5.717054193680427554e-01 6.206424376924020159e-01 6.905549978541422051e-01 6.047307486088424611e-01 6.219617749590607980e-01 7.443830287259936007e-01 7.075897449160437613e-01 6.364257432802976622e-01 6.117354370221498305e-01 6.176909037850798478e-01 6.111761553243590939e-01 6.362997461074798577e-01 6.262183866193952175e-01 6.140256682521247900e-01 5.090673344383270793e-01 5.595438870625999428e-01 6.905115928345536558e-01 6.727159545406289354e-01 6.930355343628646914e-01 6.909666107112895084e-01 7.028279086696833655e-01 7.192430602462978051e-01 7.019594539417294277e-01 6.645105007276417286e-01 6.411672079771201238e-01 6.924125375263980864e-01 6.676584631125783709e-01 6.818718072417696563e-01 7.132890005065221084e-01 7.259748468463437243e-01 6.970764664607018712e-01 7.208939298565493203e-01 7.163170057651839784e-01 7.334459533475158333e-01 7.397891812178445381e-01 7.159328034689289577e-01 7.311291027481767735e-01 7.254593632768522316e-01 7.256173891098214312e-01 7.266530411004165080e-01 6.999625213383934286e-01 7.273796981465976419e-01 6.673670441208592319e-01 7.133755832363054550e-01 7.197341198397166906e-01 7.268524540553727986e-01 7.226903379287126228e-01 7.148112401614441502e-01 7.324333296740399568e-01 7.309968678122065189e-01 7.244544624322649673e-01 7.317836609795139724e-01 7.330884266750679057e-01 7.298849940844301942e-01 7.293154623184144869e-01 7.053294814283315173e-01 7.110512579569616687e-01 7.303863660908183064e-01 7.213738211650521093e-01 7.313121711389729551e-01 7.331273095842174570e-01 7.271361822072652803e-01 7.235140723879752711e-01 6.933815644136097633e-01 6.984185886006922805e-01 7.317926737757487476e-01 7.271254730540471778e-01 7.300056015948142019e-01 7.250739020298155868e-01 7.276630091438847092e-01 7.281808493761471324e-01 7.252497676650409009e-01 7.327984745326098226e-01 7.255643728399995274e-01 7.296714319936021820e-01 7.260018513199532064e-01 7.134145395647989440e-01 7.224178738644746467e-01 7.322080928956349322e-01 7.372354232770547133e-01 7.298880112695571576e-01 7.247848385257490422e-01 7.337027303127544586e-01 7.321724502312175753e-01 7.336855397202618478e-01 7.312846443680705022e-01 7.334144109002047607e-01 7.322145944616448299e-01 7.165428899962554832e-01 7.351548555519460404e-01 7.341368503357954545e-01 7.395487218831792164e-01 7.387208153650582920e-01 7.281102160832044756e-01 7.362393738632138085e-01 7.269488101035875838e-01 7.320966260020824734e-01 7.328188583411550105e-01 7.302124305949930783e-01 7.361032171304132676e-01 7.326008603744862402e-01 7.360554205260511074e-01 7.309473653848153063e-01 7.374562763694797463e-01 7.359084864739340315e-01 7.246867943182100369e-01 7.241648757085198396e-01
1.963083048822479929e-02 1.018354748535450216e-01 2.313377021730645966e-01 4.030968986626607964e-01 3.443462024128752796e-01 3.570303005530854334e-01 5.871221416328070708e-01 1.000000000000000000e+00 6.074325704706438067e-01 5.507128064663299183e-01 6.166077035585367794e-01 6.751020362727676583e-01 6.008830732785963580e-01 6.054457549557281659e-01 7.119403764100709076e-01 7.043665531955153325e-01 6.368627786907041788e-01 6.241020499729118542e-01 6.560416302946304734e-01 6.194005765132271080e-01 6.429916914980110532e-01 6.608200788458843400e-01 6.375838128138207050e-01 5.620577731834400792e-01 5.996100430489196276e-01 6.872819818564590566e-01 6.704324151218421513e-01 6.897780240605493329e-01 6.795641679932449275e-01 6.903768152028759708e-01 6.973596094607783513e-01 7.042397088330544230e-01 6.587464728197177655e-01 6.684696855033445129e-01 6.699626955853588139e-01 6.681721886762744811e-01 6.781970440014843948e-01 7.121265306142726681e-01 7.204181683386801094e-01 6.967295336304524245e-01 7.050310656977267776e-01 7.140977981710072697e-01 7.357375963460218715e-01 7.340716107297254878e-01 7.126535486980304368e-01 7.152536693872165730e-01 7.228781999368568689e-01 7.190038516737877750e-01 7.222738692607838518e-01 7.050280885566579947e-01 7.305114602069220364e-01 6.800873776616253030e-01 7.091286171733264254e-01 7.171565941334741012e-01 7.184334011581319235e-01 7.128794939531800656e-01 7.096012705192491499e-01 7.232788746512757161e-01 7.280528989771419823e-01 7.224888915479152907e-01 7.286892388869004034e-01 7.257889616475741157e-01 7.226590453962159488e-01 7.222171935509623664e-01 7.066914860395078213e-01 7.073460044424232374e-01 7.221589024340764329e-01 7.231004070020348173e-01 7.236596465994658001e-01 7.285743289974331294e-01 7.245922053829678688e-01 7.245219233052997421e-01 7.053921621063702352e-01 7.138171405276092507e-01 7.221262934175046722e-01 7.145966692935538100e-01 7.183696177357388191e-01 7.147568620989914745e-01 7.192117614725709318e-01 7.199430456150841540e-01 7.193194878434164830e-01 7.225455454282194712e-01 7.201386175659770794e-01 7.194762472896090166e-01 7.237878441941091312e-01 7.198391283483879244e-01 7.177830281631779608e-01 7.248076147517960033e-01 7.300059604790247736e-01 7.190900731809835023e-01 7.201686236685447273e-01 7.215017012153509546e-01 7.240997044289574358e-01 7.292655071511905396e-01 7.227714843783252796e-01 7.226236191907736695e-01 7.230794909504986157e-01 7.123066415710858079e-01 7.276621108288796602e-01 7.290042202584211539e-01 7.297397055698644497e-01 7.269949723980481116e-01 7.212994958504860277e-01 7.296892656455261639e-01 7.232434557610976089e-01 7.182539256423805529e-01 7.228297430803601875e-01 7.223837468813351093e-01 7.224182917692036909e-01 7.233722686291125248e-01 7.266485448337114406e-01 7.223215648739919059e-01 7.254629036088904304e-01 7.288066851704567695e-01 7.212680551134130758e-01 7.169948110375352623e-01
5.314459288471011511e-02 1.496625457955212402e-01 2.627661281038671803e-01 4.413014968459271770e-01 3.259053880837479156e-01 4.269357635354560365e-01 6.340345575723315141e-01 6.074325704706438067e-01 1.000000000000000000e+00 6.781785408565799145e-01 7.254001231827567064e-01 7.501847088445343648e-01 6.425075832016597932e-01 6.743378734151327381e-01 7.971206003131507956e-01 7.665160120287832779e-01 7.454202630102483296e-01 6.850564290245780841e-01 7.140114017739251917e-01 6.328653323844661838e-01 6.874346727161656512e-01 7.156438500631377986e-01 7.147711486069336928e-01 5.886269910008349315e-01 6.449407680139603860e-01 7.971813044108291280e-01 7.793592132634954428e-01 7.798050269444125604e-01 7.835842322606750843e-01 7.976874986890341024e-01 8.095671411501491610e-01 8.008851825516947187e-01 7.329132390808824615e-01 7.205533809667877820e-01 7.643190730208082595e-01 7.468848787387629695e-01 7.786943265338811537e-01 7.900802438229536095e-01 8.091879579143034240e-01 7.659772558522901509e-01 8.219650987397805197e-01 8.055265093963888123e-01 8.021391424482986476e-01 8.249741776204708721e-01 8.129503027800805137e-01 8.100846419868866777e-01 8.344386413175424178e-01 8.429878784642357292e-01 8.307149620051247352e-01 7.809996275938347887e-01 8.222500306593614194e-01 7.710288008070289578e-01 8.148458141680101630e-01 8.456141452720059570e-01 8.337069660366098756e-01 8.252465315137073043e-01 8.315279052197701581e-01 8.315990650627594905e-01 8.330396715218056913e-01 8.418457483575084721e-01 8.330991977865649378e-01 8.368346855760895320e-01 8.290967290288605573e-01 8.378225334151808701e-01 8.386211540460134506e-01 8.375313914169139062e-01 8.398813927030711612e-01 8.242637155096076418e-01 8.301931574354421972e-01 8.199768197716879037e-01 8.172389785626451575e-01 8.249619808521277964e-01 7.903593666624614267e-01 7.972079958076196959e-01 8.313473442120214996e-01 8.289937436016630024e-01 8.257024799175181062e-01 8.250886007474523831e-01 8.243869395332429351e-01 8.270918819236591224e-01 8.245554044829025431e-01 8.349753006996706306e-01 8.300097412481650672e-01 8.225505368987520161e-01 8.126937726566506592e-01 8.096556040980482649e-01 8.267149874758498163e-01 8.243535130865743410e-01 8.321898307034855113e-01 8.313566178946855123e-01 8.155312495655160365e-01 8.326051810197295788e-01 8.308789645880434449e-01 8.320155777162699939e-01 8.374004669103251031e-01 8.410689308208764148e-01 8.135301942916428608e-01 8.262123563324708098e-01 8.293241106859169376e-01 8.297391643693723395e-01 8.321415839821202365e-01 8.346901765849317201e-01 8.325694030056352002e-01 8.346214822827724422e-01 8.274602228351446431e-01 8.333948380745479501e-01 8.347811884480257349e-01 8.405854884537447003e-01 8.356401340947795520e-01 8.362739515717372285e-01 8.356950077781584163e-01 8.407059059889979702e-01 8.389549308604363764e-01 8.385475821295249599e-01 8.380495754868704239e-01 8.398372463710606084e-01
1.028942370694517147e-02 1.756636827329132178e-01 2.492748906792225383e-01 3.984015950362872482e-01 2.941088333327969706e-01 3.796269309446437812e-01 5.717054193680427554e-01 5.507128064663299183e-01 6.781785408565799145e-01 1.000000000000000000e+00 6.364103626295221083e-01 6.872340617987043876e-01 5.950222874859760758e-01 6.201636710595271884e-01 7.197003432514965660e-01 6.972896771292342866e-01 6.588619745099821845e-01 6.346451513010243906e-01 6.524373931373472768e-01 5.761197337579336830e-01 6.186645605505015633e-01 6.381226717353826183e-01 6.689831694743281210e-01 5.645149419604200691e-01 5.952709325575074040e-01 7.246705527165697713e-01 7.270591574044454886e-01 7.174595332752410348e-01 7.200548623984075469e-01 7.359580686579417774e-01 7.396347798438895893e-01 7.318396396611228649e-01 6.761071216751771695e-01 6.648236854650656502e-01 6.998030777629516974e-01 6.728579515355230800e-01 7.086011379348404748e-01 7.244808772493632754e-01 7.404849228626120272e-01 7.058638477347298767e-01 7.485389214936689628e-01 7.403532286483137659e-01 7.329216084771578155e-01 7.499464568842770795e-01 7.429493427982721832e-01 7.472511323082619006e-01 7.554404032451405016e-01 7.633889479598611194e-01 7.495189191933790962e-01 7.023847322702674312e-01 7.411774754240335605e-01 6.811072650762189928e-01 7.345269150208272313e-01 7.601671510284871980e-01 7.539686609248904547e-01 7.585228689088412413e-01 7.344769091103765524e-01 7.530751623104042780e-01 7.495921190439047699e-01 7.586126993659877416e-01 7.579105684766583861e-01 7.560241632233233311e-01 7.454222454327289471e-01 7.478378243544585580e-01 7.454593344794148146e-01 7.396285712081023256e-01 7.589430610680795164e-01 7.556670150138694586e-01 7.570948693869807844e-01 7.443605967288949854e-01 7.407061353144749338e-01 7.508200227208362554e-01 7.331762964832145846e-01 7.342737757802249021e-01 7.604036079290277250e-01 7.572212457703405564e-01 7.580822667109207158e-01 7.589751553501015158e-01 7.545969352135566410e-01 7.569309479458655732e-01 7.577273507122447294e-01 7.643848463127627113e-01 7.533700659550752743e-01 7.517569122157919947e-01 7.452740423170205464e-01 7.460365879589612170e-01 7.558869249847797178e-01 7.544454727195184507e-01 7.574148528092811139e-01 7.584327157525875274e-01 7.480336867568321280e-01 7.593804108331702052e-01 7.564137615671691073e-01 7.606443320685647436e-01 7.624660320374176958e-01 7.646559216513912904e-01 7.411932461028116759e-01 7.370317936946678694e-01 7.583275016527994961e-01 7.546050834581294886e-01 7.588193565541716534e-01 7.571374678314548579e-01 7.555452147618569869e-01 7.605882010360275336e-01 7.514359884000489931e-01 7.548564838278305489e-01 7.567017292387043792e-01 7.633825289780084011e-01 7.632816036772884782e-01 7.586254528032568833e-01 7.587468496703956289e-01 7.624030089375499752e-01 7.627575264472145067e-01 7.589661830365590500e-01 7.572620896113763100e-01 7.566366804877778796e-01
1.984529103703417188e-02 9.562125026601174527e-02 2.943482748342978739e-01 4.440027749059245465e-01 3.372820849214644978e-01 4.057349664231070241e-01 6.206424376924020159e-01 6.166077035585367794e-01 7.254001231827567064e-01 6.364103626295221083e-01 1.000000000000000000e+00 7.866848008899581801e-01 6.742587281502044894e-01 7.004914435219489199e-01 7.833795322600853872e-01 7.768952170122345180e-01 7.335582723154733253e-01 7.030798483068503302e-01 7.260893271905884960e-01 6.515596686507355573e-01 7.051462915210255922e-01 7.354242585662142950e-01 7.320112651079928590e-01 6.209283162737661010e-01 6.687328269492887056e-01 7.994198892796869904e-01 7.852491616878460867e-01 8.018443873086453788e-01 7.815815810301914857e-01 8.050408136603176557e-01 8.279034086966124972e-01 8.073289216847224781e-01 7.642431594644358839e-01 7.474611297358885187e-01 7.755804119604217117e-01 7.533020980655501520e-01 8.002469516005675798e-01 8.022137641350814974e-01 8.146444943147646001e-01 7.762705083683881790e-01 8.164389823080818731e-01 8.168610486480151200e-01 8.008511345530278103e-01 8.238989306210380281e-01 8.172191657587405400e-01 8.198725377271395276e-01 8.333253424427776723e-01 8.352528283103513029e-01 8.270318904408079375e-01 7.894543617516837086e-01 8.232025555791135929e-01 7.657850846316608395e-01 8.029721246327468087e-01 8.286360381859227964e-01 8.206846283384190421e-01 8.237591652411553333e-01 8.043330957710016493e-01 8.295237394585478485e-01 8.299723575006642262e-01 8.298698807660072063e-01 8.306193680817643976e-01 8.240326499645753699e-01 8.140018499062953161e-01 8.242530624681649876e-01 8.193877237991403772e-01 8.109966817670528627e-01 8.374450383094000916e-01 8.339604840721008827e-01 8.355409986227323449e-01 8.231401246550308359e-01 8.251658192852532325e-01 8.288110289560717270e-01 8.102860061344624443e-01 8.114904888867052746e-01 8.386210703797590815e-01 8.340585312798324269e-01 8.365483593372121662e-01 8.304762925693014441e-01 8.315819037861647001e-01 8.373478807417649161e-01 8.328090609281080248e-01 8.382803195073885716e-01 8.322428544312315823e-01 8.302069272418884927e-01 8.273357378521243310e-01 8.271024574132932461e-01 8.354861541711662287e-01 8.345051865362261845e-01 8.371929455629306682e-01 8.339692768279438617e-01 8.328635588111409360e-01 8.356698510631764831e-01 8.329394914533631011e-01 8.355029575957686472e-01 8.368604122027718528e-01 8.381964637628174231e-01 8.218031466232578186e-01 8.179168638595387675e-01 8.321420067850150426e-01 8.362736284200820158e-01 8.325628946734281444e-01 8.358042710538046149e-01 8.292370512891231726e-01 8.370571805872539795e-01 8.304215712919049697e-01 8.287581613557404303e-01 8.344670564900722454e-01 8.367588087478438075e-01 8.363702975389939454e-01 8.365882562694870739e-01 8.367463046837425589e-01 8.360518013204026877e-01 8.339741754718197342e-01 8.350707520826956554e-01 8.309950163313245541e-01 8.297796729412822980e-01
3.786459808494351681e-02 1.068182808888868546e-01 2.805963408063827380e-01 5.167999012906139278e-01 3.610222646974368677e-01 4.482996381527232233e-01 6.905549978541422051e-01 6.751020362727676583e-01 7.501847088445343648e-01 6.872340617987043876e-01 7.866848008899581801e-01 1.000000000000000000e+00 7.222929144016633218e-01 7.524047195673414512e-01 8.520718189661444786e-01 8.458828034372412041e-01 7.982337297315363900e-01 7.559634805613044684e-01 7.871119412592437747e-01 7.416686600635180593e-01 7.812597543599978378e-01 7.891916720497205162e-01 7.672346845545872096e-01 6.465710019237727035e-01 7.159034745122838661e-01 8.399248242186782010e-01 8.316193769255106893e-01 8.445629708969614180e-01 8.259762988147374418e-01 8.470942365886230396e-01 8.727057590748138471e-01 8.665847152896505312e-01 8.081924387139917121e-01 7.966467641580754488e-01 8.250997916669274845e-01 8.167148929074191654e-01 8.369559852166538194e-01 8.748066765776305598e-01 8.804276919766602649e-01 8.472026947270763220e-01 8.784571567458355767e-01 8.775213143639379876e-01 8.780540251268835750e-01 8.943013823963601450e-01 8.782782047390278457e-01 8.800209460095843594e-01 9.005698792179480661e-01 8.985719285200478579e-01 8.964674950292611522e-01 8.706719151554996872e-01 9.021151145128081250e-01 8.395941223105684026e-01 8.769369407212603829e-01 8.941785211117747600e-01 8.885476852175608897e-01 8.827499374031335666e-01 8.855064716539008396e-01 8.989393415356674577e-01 9.046861146839431100e-01 8.976182950911354430e-01 9.025586076893477028e-01 8.960670344278316435e-01 8.920985212217275029e-01 9.012978569532515971e-01 8.844914424573337985e-01 8.887903260999359123e-01 8.983792742036771362e-01 8.917481035132983624e-01 8.975672827325932301e-01 9.004517650712428045e-01 8.984247183062615827e-01 8.965108833883087547e-01 8.622857696750467760e-01 8.706315703202527345e-01 9.001254026667552255e-01 8.950925758725716275e-01 8.950025219930826115e-01 8.870263366138532168e-01 8.934192371499179997e-01 8.920550149657308081e-01 8.895050062157725534e-01 8.977423415028389364e-01 8.968344940768487872e-01 8.933521392785547244e-01 8.923901479184099816e-01 8.834833507070986025e-01 8.885297029570816685e-01 8.991862178784818527e-01 9.025696140443446591e-01 8.978224042713291997e-01 8.938436373719230721e-01 9.012374876515862887e-01 9.004966029619727585e-01 8.997780096334773159e-01 9.013697380920749902e-01 9.039739453367791056e-01 8.971462969124263109e-01 8.922555236144981139e-01 9.014992551108685914e-01 9.059103041418561375e-01 9.018510867456647206e-01 9.061121214337347629e-01 9.014483741559928820e-01 9.056611463892931813e-01 9.013705925643259453e-01 8.989270277344106885e-01 9.040350672919166275e-01 8.988608802626044669e-01 9.004665218292515760e-01 9.045644525063544217e-01 9.032185501274202499e-01 9.019712110357491763e-01 9.021249003737011884e-01 9.051787196109674083e-01 8.997447607081656695e-01 9.001929036626827862e-01
3.138500011322541139e-02 8.234761540832359616e-02 2.307507810781284363e-01 4.108170421557656438e-01 3.572576991802506319e-01 3.754735522567451689e-01 6.047307486088424611e-01 6.008830732785963580e-01 6.425075832016597932e-01 5.950222874859760758e-01 6.742587281502044894e-01 7.222929144016633218e-01 1.000000000000000000e+00 6.634119247310272804e-01 7.436319764705450197e-01 7.446332531192669801e-01 6.774709589271736832e-01 6.589116252446076683e-01 6.990265501293758676e-01 6.196038153746727950e-01 6.678136854697623859e-01 6.963102836888019898e-01 6.744226055966218158e-01 5.966569506933878664e-01 6.578321194230405400e-01 7.389334573891170876e-01 7.272638197657774750e-01 7.376679334722124892e-01 7.182084383537721273e-01 7.356433399156870889e-01 7.538780047053700306e-01 7.513557962840993198e-01 7.004762541194912151e-01 6.953393325809847925e-01 7.096202606411119440e-01 7.048153331027084967e-01 7.208702579311268011e-01 7.517833812890022394e-01 7.643424599416271947e-01 7.327648415305537677e-01 7.693150759148665863e-01 7.732308754343664159e-01 7.735464758542890396e-01 7.810067680929115852e-01 7.604068429879907720e-01 7.680022265710114704e-01 7.793579086385588051e-01 7.804758686777255594e-01 7.688936502557374153e-01 7.361780073834162108e-01 7.753607968947815454e-01 7.193450064586507375e-01 7.634145181129979862e-01 7.711434911313302942e-01 7.718386612273308023e-01 7.700241229858864056e-01 7.485780545264691943e-01 7.851030180994121865e-01 7.756585574554630824e-01 7.818873275882949336e-01 7.809985289022426391e-01 7.738298707885278294e-01 7.678061972204814900e-01 7.733042152699556304e-01 7.644069637771703229e-01 7.619719952243722005e-01 7.839134759562804700e-01 7.844658444919687668e-01 7.829992742676160633e-01 7.769272087746785793e-01 7.862576235698104377e-01 7.837619484844948747e-01 7.682328855471184381e-01 7.739628898683981184e-01 7.863895737758540561e-01 7.779428402028023548e-01 7.813639282798098273e-01 7.734190988349450846e-01 7.807928031229037780e-01 7.822286863988402450e-01 7.776275704067623362e-01 7.813906029318895552e-01 7.795079511330885724e-01 7.742341918188595518e-01 7.737020187677141614e-01 7.749437235844340854e-01 7.744618015027696645e-01 7.852692120963834510e-01 7.854631402662278772e-01 7.801479174952470341e-01 7.773834100943783909e-01 7.869083768091379438e-01 7.854110380918992718e-01 7.838567173250262643e-01 7.858639714101373075e-01 7.854771427461489930e-01 7.712706314275844521e-01 7.623256780444664926e-01 7.847947848023455464e-01 7.841090583452995366e-01 7.885650145083792362e-01 7.841631771777007875e-01 7.810810453725518521e-01 7.877447974979679968e-01 7.800303825421233128e-01 7.766869677687887608e-01 7.783609421115744720e-01 7.860657475321497500e-01 7.885244681033690695e-01 7.897458476838995489e-01 7.862377365176899113e-01 7.857007992035416333e-01 7.846833259378876990e-01 7.842539375741331975e-01 7.820121767504707444e-01 7.775221951385642427e-01
