1.000000000000000000e+00 1.707190220585639850e-01 8.730029412058009503e-03 -4.740613144479579460e-02 3.403840715058279939e-03 2.880368165185485246e-02 -1.635993110678590420e-02 -6.027940926521171278e-02 1.051739027474939969e-01 4.552596725313914211e-02 1.643131736086103981e-02 -2.404378041756564943e-02 1.845917223752518554e-03 8.838188326566638608e-03 -1.321554299960487136e-02 -1.847525447763266951e-02 7.024008848912498271e-02 8.526886924803903089e-02 6.929295628491927150e-02 4.106402452366486600e-02 2.534328879320686331e-02 7.281767045134872329e-02 9.524814745316215192e-02 8.670811010126350249e-02 1.001215691912847594e-01 4.431521600560189844e-02 3.635009277450240023e-02 2.303791572362250822e-02 1.035203264540520002e-01 1.030925910203453755e-01 6.408079451038260765e-02 2.276384169904358684e-02 3.594252911989904205e-03 2.285681745565942488e-02 6.692382712709170345e-02 4.445397229880281020e-02 7.150358049933146221e-02 -3.193960292020297381e-02 2.484071258652174527e-02 -4.573009915952862964e-02 8.062073705732680090e-03 -2.688702085769092281e-02 -3.342644782886210197e-02 -1.353143074318148651e-03 2.267523448055949742e-02 3.119372551136185417e-02 2.275017237134617336e-03 2.346149483158841906e-02 -6.281517329078548616e-03 -3.277655325795914704e-02 -2.660288554376823156e-02 -1.124069496815222752e-02 -1.409322970341384679e-02 4.587443995029742705e-02 2.445326155451117353e-02 1.129233191026349226e-02 8.300333179496062128e-03 -1.670029760362610333e-02 -1.594547228439642875e-02 1.730995976483320695e-02 -2.069547727155169811e-02 6.138406769626873413e-03 -9.015056726884592905e-03 1.641750997639072202e-02 5.952735242294747431e-02 3.593839928126664474e-02 2.404969446430316529e-02 1.516446663207549929e-02 3.548455072952225176e-02 1.194160313869411204e-02 1.221588067361145322e-02 3.100938822674149942e-02 2.757045095062547399e-02 4.520019057157152048e-02 1.452144467427190361e-02 2.254662662378383378e-02 1.491708339412519541e-02 5.568171324306563086e-02 2.712581209484951281e-02 4.778092599160559117e-02 4.469079149083636515e-02 3.152471184665889964e-02 3.213545093242785311e-02 3.029591629283004753e-02 -9.125274833805664329e-03 1.165109705293740534e-02 2.647977379544590171e-02 -1.212280559944970207e-02 9.317437034347808913e-03 1.173783320432931869e-02 -2.099290326808411766e-02 -1.026875760940533511e-02 2.101842521885187876e-03 5.043245592158759547e-03 -6.654101275419144895e-04 1.154178486963189539e-02 -3.418682335788564980e-02 1.599090935975479300e-02 -9.098449153374285267e-03 -2.510486323775390147e-02 -2.012722338806461134e-02 -2.718232870831922745e-03 -1.306941114252982341e-04 -1.162341453204772390e-02 1.360877262901152851e-02 3.098654881102187036e-02 -5.655812021645750158e-04 2.727149709621352544e-02 1.852863668058304936e-02 2.359058449497882740e-03 -7.056965792959815111e-03 1.251029488151169169e-02 1.780025352549662824e-03 1.455093370799836680e-02 3.604840184228869093e-02 2.452362273620700694e-02
1.707190220585639850e-01 1.000000000000000000e+00 3.702325850667820967e-02 1.054844584165066761e-02 4.387574283761175309e-02 1.084605164147786627e-01 1.010934845747261390e-01 1.067475866367181281e-01 2.113248714907744741e-01 2.271891339743349614e-01 1.705341934451101160e-01 1.193963858022549646e-01 1.126299720775293806e-01 1.369699100085584598e-01 1.404644746477898276e-01 1.412289625027763618e-01 2.084721428226814499e-01 1.690651331443235039e-01 1.995119128622327154e-01 6.385770231310065881e-02 9.519390606857773551e-02 1.536371467575224359e-01 1.970380191444719986e-01 1.889930434220736810e-01 1.967702691616461663e-01 2.121339557080922644e-01 1.916214166091305404e-01 1.881119155891721739e-01 2.467108838685958538e-01 2.234808494891646347e-01 1.984346102998343353e-01 1.877797380603849764e-01 1.999587127680518273e-01 1.824250783504270113e-01 2.150829622427469223e-01 1.762216421692135437e-01 2.027238080938588149e-01 1.656379026516625053e-01 1.880024007446468304e-01 1.484612702375250892e-01 1.639768797375013021e-01 1.541915225135110368e-01 1.313044569579311094e-01 1.569469452208847038e-01 1.644404624207535248e-01 1.885008584177322033e-01 1.671542163462489683e-01 1.864793497234144559e-01 1.649909562609566116e-01 1.446413923390089118e-01 1.533110539142932272e-01 9.571017339145929115e-02 1.348815088512760052e-01 1.929416830195842814e-01 1.897316930996607032e-01 1.839335441442147834e-01 1.597544285278231224e-01 1.576530588029932123e-01 1.660047343078322191e-01 1.612002166694014027e-01 1.421632012682874369e-01 1.691001717585105535e-01 1.637052557410296760e-01 1.663210810517781191e-01 1.776357479235805281e-01 1.569795355696052275e-01 1.827613666298003314e-01 1.783407006644173176e-01 1.856244343275508524e-01 1.463621425107870522e-01 1.614046136334350290e-01 1.831135976519622510e-01 1.820811536854519685e-01 1.900925300291001763e-01 1.860432642618090049e-01 1.856373105911738319e-01 1.841668312671621843e-01 2.160111989435357649e-01 1.925727841953902564e-01 2.064294575637806439e-01 2.002042088476492787e-01 1.890407080383423033e-01 1.851932071804999747e-01 1.944722068591473452e-01 1.680317947366000708e-01 1.817390404450840713e-01 1.807595733334359522e-01 1.669549049313205080e-01 1.818271616207092212e-01 1.816831404071360401e-01 1.570484378898754918e-01 1.642980766508607970e-01 1.639552962818838777e-01 1.744568463633268673e-01 1.675194984649827079e-01 1.763461222192058420e-01 1.416498312159601702e-01 1.644485428478118794e-01 1.614200846230813557e-01 1.539450053921278816e-01 1.564353144607516510e-01 1.675493913347680386e-01 1.543138233788814984e-01 1.544721872151243180e-01 1.561321051578574703e-01 1.799073187083783110e-01 1.653744433550257409e-01 1.864391768132413751e-01 1.842147422714406346e-01 1.714809924851009859e-01 1.671078716112266160e-01 1.684454461183765850e-01 1.682702146776348107e-01 1.721800890391063377e-01 1.794606106698535264e-01 1.657434182787853316e-01
8.730029412058009503e-03 3.702325850667820967e-02 1.000000000000000000e+00 2.869928464025486292e-01 1.943840840641900547e-01 2.415985606409642439e-01 3.220101672017151584e-01 3.102076934379608963e-01 3.430654126717749830e-01 3.185015942811145750e-01 3.424295281640303279e-01 3.673784833469839750e-01 3.240133621047250889e-01 3.385594418870528366e-01 3.458853930054893167e-01 3.560521591436347499e-01 3.417835185987548874e-01 3.046676775601470655e-01 3.334362660681802204e-01 2.544181357150637202e-01 3.266288516851121315e-01 3.550885941333132290e-01 3.414102292373832337e-01 2.929844063343872707e-01 3.225856982569927367e-01 3.518169559454826789e-01 3.562460914376675003e-01 3.669688372498109974e-01 3.519237333679284263e-01 3.472806780042238528e-01 3.683724712894678177e-01 3.571816082952598559e-01 3.430083808682939939e-01 3.559321056422448670e-01 3.389787539284165319e-01 3.710333663515382741e-01 3.553569925312158317e-01 3.697700409751240036e-01 3.710442940774268950e-01 3.556928936776360128e-01 3.677188675392470962e-01 3.656874584076624801e-01 3.547974926697974873e-01 3.693485842408690267e-01 3.737977284549409696e-01 3.596346495699307977e-01 3.660625934962972172e-01 3.662686484098323092e-01 3.665444514597735459e-01 3.774409025698662323e-01 3.796568240715916254e-01 3.527857964341140073e-01 3.581110889052064872e-01 3.580865514342868039e-01 3.530537324764621010e-01 3.665494311547188300e-01 3.681589239905053712e-01 3.675219018396038706e-01 3.625196807662243170e-01 3.624813523725488040e-01 3.676022809368971744e-01 3.593460047241645028e-01 3.612586165003200400e-01 3.677384608058673621e-01 3.700519935146900918e-01 3.575372910055913955e-01 3.664668279004208440e-01 3.677854818463317521e-01 3.615393568042621353e-01 3.589730679880116515e-01 3.760103662391874324e-01 3.747349033109920180e-01 3.487896291456432651e-01 3.673181893700985245e-01 3.658032385659850672e-01 3.698926511864588651e-01 3.653673771237165302e-01 3.661523664559132585e-01 3.677588846909011222e-01 3.636784429940398411e-01 3.698882164853370957e-01 3.752945693955750395e-01 3.709830625454632602e-01 3.585995074408896421e-01 3.678831403326659477e-01 3.611301247927476421e-01 3.757451663528248997e-01 3.695424718467829051e-01 3.679886491755867128e-01 3.711871702766457726e-01 3.650851601208900954e-01 3.692190104215379298e-01 3.723560782996840346e-01 3.676903532957830900e-01 3.691089149695310212e-01 3.686955270068291712e-01 3.674812804242087450e-01 3.703213998349350611e-01 3.724994009550339213e-01 3.680006002050209002e-01 3.667251151107606688e-01 3.689244506458536077e-01 3.699996127176030658e-01 3.701123280128741366e-01 3.707107017480529843e-01 3.642067472219636670e-01 3.678662960176817820e-01 3.645669548543249427e-01 3.658890555420620805e-01 3.704472581177313262e-01 3.657929343302074865e-01 3.664990825068915048e-01 3.646217170544435726e-01 3.688049601891317253e-01 3.669694526743711993e-01 3.636387361859618750e-01
-4.740613144479579460e-02 1.054844584165066761e-02 2.869928464025486292e-01 1.000000000000000000e+00 3.823903924595011827e-01 4.159727718962215048e-01 5.777737996961879174e-01 5.773106620934316258e-01 4.924852784296340769e-01 4.405671770433173262e-01 5.558224976764210012e-01 6.632655707556798230e-01 5.679924495826415010e-01 5.476001010219672116e-01 6.174833894118336719e-01 6.116616905046201591e-01 5.044462358587821216e-01 4.002024888689808546e-01 4.850605563310311230e-01 5.425389595426889366e-01 5.550210227741666502e-01 5.578618095153825562e-01 4.243385237098839524e-01 3.841208873682577796e-01 4.356494576903711113e-01 5.507033272316542716e-01 5.808942079072005882e-01 5.666565353310747399e-01 4.733040140570093923e-01 4.692692339764927278e-01 5.544980374582758609e-01 5.455125344749536254e-01 4.825323700453519327e-01 5.103932121416037138e-01 4.737902507386898554e-01 5.656055699144271198e-01 5.062988534387021788e-01 5.939002921870882856e-01 5.720177138269360029e-01 6.152138364506747337e-01 6.127524507201691506e-01 6.180867616470220316e-01 6.314276834538086192e-01 6.257996032103272377e-01 6.111264556310507245e-01 5.679263236461380426e-01 6.072140280976536797e-01 5.942195562142491561e-01 6.012124861654247754e-01 5.996248010733928879e-01 6.057443871790717527e-01 6.501400700316476433e-01 6.359991223264835902e-01 5.679064726858829015e-01 5.622177692336394195e-01 5.900432437710063649e-01 5.953569169265683358e-01 6.169157225535503164e-01 5.891631902335260351e-01 6.146977599137675163e-01 6.239522533026907736e-01 5.966512203192644304e-01 5.959882351393874789e-01 5.947844992112890639e-01 6.086154359233414413e-01 6.063315696605073857e-01 5.969590344021730166e-01 5.885536410711375011e-01 5.665840393459438129e-01 6.302765127312072169e-01 6.191724234611927224e-01 5.957212259853544856e-01 5.568013816075477740e-01 5.653384284053268871e-01 6.012649903725630907e-01 5.981207928147469488e-01 5.967710311593639183e-01 5.555847553983604969e-01 5.911318768421321979e-01 5.633204463221170855e-01 5.663228103834516691e-01 5.963196297371575749e-01 5.962053598690046918e-01 5.699791245971216336e-01 5.962233940711487712e-01 5.707275762549242071e-01 5.962242397081414236e-01 6.127936107302914825e-01 6.002165028153123583e-01 6.014046537326217523e-01 6.251729952490525655e-01 6.222394644822979437e-01 6.208478137727395652e-01 6.112799520656343466e-01 6.099677155547379437e-01 6.036824734989201247e-01 6.301653278813861281e-01 6.109192877941274080e-01 6.183233085274071339e-01 6.262187730732081681e-01 6.278858077600449894e-01 6.140667050500222546e-01 6.269136231405120219e-01 6.268387812639378831e-01 6.305240103232018223e-01 5.936907203083735540e-01 6.080894436465057451e-01 5.892997042622863946e-01 5.937667134535902225e-01 6.156328438899385525e-01 6.146535814674638498e-01 6.125664403751133191e-01 6.138941629863796656e-01 6.107720030207114403e-01 6.058820748223180397e-01 6.156177144396205447e-01
3.403840715058279939e-03 4.387574283761175309e-02 1.943840840641900547e-01 3.823903924595011827e-01 1.000000000000000000e+00 3.154347007810481274e-01 4.963692797527264333e-01 5.069455921112699937e-01 4.428599140969013415e-01 4.006092185382114090e-01 4.647614801695689746e-01 5.138477086483407286e-01 4.945492396455646866e-01 4.593598460822268525e-01 5.227896067471505814e-01 5.263451548806526992e-01 4.493404253234417611e-01 3.837775794232791138e-01 4.429201823031700402e-01 4.361274307002878659e-01 4.496163895213052264e-01 4.893569069549358885e-01 4.252725474622810475e-01 3.702601377631716817e-01 4.094969503509791053e-01 4.873561073040316161e-01 4.877869639505839627e-01 4.775649323042197580e-01 4.399795501136458120e-01 4.458022719186930938e-01 4.901128540819262858e-01 4.810453071461699981e-01 4.299108617972886015e-01 4.528151512649941646e-01 4.302606776569962710e-01 4.897646979422716207e-01 4.493411084159226188e-01 4.986328457621063692e-01 4.984052975879869618e-01 4.975307751451212845e-01 5.166203169995163824e-01 5.145541483152151763e-01 5.273769048155120265e-01 5.198380067267661664e-01 5.150731824319082497e-01 4.990237971594388422e-01 5.192607319949125166e-01 5.121938357929013419e-01 5.100587664161481127e-01 5.015469029970974768e-01 5.119870479869015334e-01 5.231838454859705223e-01 5.285110832404311676e-01 5.096108857982282192e-01 4.977023824009620401e-01 5.000113922239743935e-01 5.208235354610276646e-01 5.204195276990314367e-01 5.063502986182463195e-01 5.304343263830366695e-01 5.313832181981272829e-01 5.231046386541768900e-01 5.160639045567748662e-01 5.185676162610280970e-01 5.188863563483501196e-01 5.286165320076794405e-01 5.129946814966604984e-01 5.089275429118733651e-01 5.020765226397883030e-01 5.255074468473395211e-01 5.230369030048880319e-01 5.141927893745059652e-01 4.915872197231338503e-01 5.007134489027431634e-01 5.171948907417232011e-01 5.110645625150687099e-01 5.092841317647290866e-01 4.911767160757197215e-01 5.078059805729463472e-01 4.995176976924465828e-01 4.970760754712366114e-01 5.120820823261491572e-01 5.125119579634602740e-01 4.985266394716696414e-01 5.077238889830788526e-01 4.995730391016198757e-01 5.064840982853325846e-01 5.157465861029392196e-01 5.115598636457574511e-01 5.116311904639868624e-01 5.196051970727948444e-01 5.222999320659832412e-01 5.218489494947193830e-01 5.177475991432208824e-01 5.186101221416079543e-01 5.156734557401084773e-01 5.233884169395678354e-01 5.202271078163411833e-01 5.224611476126567178e-01 5.222355348102964978e-01 5.254544743654852024e-01 5.208046418854146431e-01 5.272246949627206192e-01 5.252152212621866711e-01 5.314607592378117751e-01 5.169493286155085743e-01 5.197339971339630660e-01 5.130595098366499407e-01 5.131443566625663033e-01 5.199375960143014508e-01 5.185753648255385651e-01 5.238570054453851599e-01 5.244154911740770419e-01 5.222458445537365712e-01 5.152776746847561595e-01 5.270600892989991682e-01
2.880368165185485246e-02 1.084605164147786627e-01 2.415985606409642439e-01 4.159727718962215048e-01 3.154347007810481274e-01 1.000000000000000000e+00 5.414584082850171232e-01 4.811813043939597856e-01 5.175225144255305443e-01 4.707409167281308426e-01 5.320675705041044701e-01 5.744106590510761334e-01 5.002124302029248293e-01 5.276036077602116459e-01 5.825323049318865687e-01 5.691728187663770422e-01 5.296553948196457418e-01 5.140736968188961420e-01 5.398467588113321503e-01 4.638048937708711961e-01 5.120941001915231272e-01 5.654237942990194554e-01 5.181644919705280516e-01 5.004249870458657989e-01 5.191105808645534170e-01 5.763042611135732463e-01 5.693328631342218227e-01 5.693876277902166771e-01 5.592449151066627433e-01 5.585479514634371645e-01 5.843289402488238693e-01 5.933978989506926149e-01 5.495140850147933742e-01 5.775208102063569271e-01 5.431034926729140233e-01 5.716763550265711036e-01 5.580400225872654829e-01 5.945583535159789657e-01 5.905802583442389952e-01 5.907490272937061526e-01 5.990345657908201504e-01 5.898676028305577246e-01 5.823535606658664099e-01 5.937786427360074448e-01 5.949220247459369171e-01 5.881649674691938889e-01 5.879574793123840681e-01 5.861203798070140358e-01 5.863106185852277052e-01 5.858139738527623486e-01 5.939228513299200651e-01 5.639124907346204640e-01 5.726975067226529603e-01 5.793221054156864058e-01 5.827456583940320289e-01 5.954320865679211261e-01 5.856755092337063706e-01 5.822900475396959319e-01 5.841425816973890850e-01 5.823609715930386788e-01 5.852221229332877916e-01 5.797624037171127398e-01 5.891837290496891866e-01 5.807419100949192670e-01 5.833400175380839547e-01 5.816063889469784698e-01 5.903496502108491750e-01 5.902057991992790686e-01 5.891028731117652351e-01 5.922455245231320609e-01 5.975103946658176790e-01 5.946606672854932718e-01 5.838736511105721005e-01 5.899694711877104814e-01 5.969658294736364113e-01 5.954185223682079142e-01 6.006825914419723356e-01 5.878317357294389200e-01 5.981199185266593554e-01 5.905829705312037881e-01 5.921302736864738625e-01 5.957513113992556342e-01 5.961829885985397981e-01 5.967603558922136564e-01 5.942893890489758801e-01 5.941848498168608161e-01 5.974086092789461233e-01 5.949691189988064455e-01 5.940342327053913518e-01 5.957611946720146046e-01 5.981321242018627915e-01 5.921263660351884228e-01 5.950530342444791954e-01 5.983761535160498912e-01 5.877793286291730368e-01 5.870294093299150973e-01 5.772243020250377166e-01 5.777561510537707612e-01 5.849288248491755215e-01 5.884077094888822135e-01 5.915180384225138255e-01 5.885225701986651625e-01 5.833421480806595394e-01 5.890855708381578237e-01 5.906575163773615245e-01 5.811504583440176841e-01 5.832239773727574406e-01 5.871335631008370859e-01 5.899009279120857041e-01 5.908639243203027691e-01 5.868121340165487476e-01 5.857847731129366409e-01 5.821900265096979776e-01 5.861219818441371077e-01 5.848887509571549792e-01 5.855772534359281467e-01
-1.635993110678590420e-02 1.010934845747261390e-01 3.220101672017151584e-01 5.777737996961879174e-01 4.963692797527264333e-01 5.414584082850171232e-01 1.000000000000000000e+00 7.223248726920540319e-01 7.027136256142949566e-01 6.615903957703904714e-01 7.505409235647890753e-01 8.092717451537614348e-01 7.266395866672598070e-01 7.354067610785581799e-01 8.407567250257722558e-01 8.122342024890640833e-01 7.263733422345065582e-01 6.519294344277956066e-01 7.222754704780872670e-01 6.657046246243186749e-01 7.130100494168492009e-01 7.490733874694428529e-01 6.855908016981515640e-01 6.354453782287119434e-01 6.677738612874978275e-01 7.783359542700005740e-01 7.867322997626362557e-01 7.856037685670834714e-01 7.260713032750009122e-01 7.232729575597532934e-01 7.859545267924069600e-01 7.919618802192761597e-01 7.405220682187162451e-01 7.651823053287110099e-01 7.202212340725426820e-01 7.738128258933287817e-01 7.476103529957257576e-01 8.209198317659006650e-01 8.098758283476543696e-01 8.224828097275510563e-01 8.230129837382833546e-01 8.310128743567257725e-01 8.291274321644770406e-01 8.294727986140931764e-01 8.187693393846778855e-01 8.054257337575385645e-01 8.201168024505464116e-01 8.134458406732131275e-01 8.134179114319524118e-01 8.116650524326228799e-01 8.210451377683130048e-01 7.973164933972275437e-01 8.120180327668342635e-01 7.974656735864890100e-01 7.936530042596916523e-01 8.168550374064940112e-01 8.080886187335535320e-01 8.196954386858580355e-01 8.108035424864371565e-01 8.143915265674187554e-01 8.250936069615831814e-01 8.043312922699382694e-01 8.128454059798474463e-01 8.050189997896417538e-01 8.026165373212367227e-01 8.021824853809385036e-01 8.157246319973788795e-01 8.139393088413504618e-01 8.023422865149141270e-01 8.277763472829368085e-01 8.260410561331665846e-01 8.168884015513373509e-01 7.917319108964763208e-01 7.963043088188548335e-01 8.207885624193878016e-01 8.189418127041144801e-01 8.252021215398717136e-01 7.908197301196312479e-01 8.169168657737514438e-01 7.989798729030928026e-01 8.015522693941449228e-01 8.170764598294626424e-01 8.224605307111692021e-01 8.105436881728751430e-01 8.230665660968051744e-01 8.087767397686317361e-01 8.156870423609549059e-01 8.333316998607768200e-01 8.224803739860895302e-01 8.280894499802426978e-01 8.397606214579388384e-01 8.326443330671310372e-01 8.317670172226736547e-01 8.306044512418531145e-01 8.219201784022766022e-01 8.191440147842137254e-01 8.248125104834169719e-01 8.141466096756051485e-01 8.236449710525252099e-01 8.322372554054252580e-01 8.324811969881302787e-01 8.237378621825134362e-01 8.208239990866511571e-01 8.300778305396526724e-01 8.281477747969018255e-01 8.083789916569373846e-01 8.207064118829171528e-01 8.126336485343981231e-01 8.157283787960715182e-01 8.234108867429468237e-01 8.247719701291232886e-01 8.198542379472835151e-01 8.195735821715636193e-01 8.211538791259642700e-01 8.126228918335774987e-01 8.176616623718265808e-01
-6.027940926521171278e-02 1.067475866367181281e-01 3.102076934379608963e-01 5.773106620934316258e-01 5.069455921112699937e-01 4.811813043939597856e-01 7.223248726920540319e-01 1.000000000000000000e+00 6.936326676018628179e-01 6.380954658036699367e-01 7.259058971061868037e-01 7.872259348002568213e-01 7.345132360663463311e-01 7.117418753203387238e-01 7.962022515533656586e-01 8.102541022167411011e-01 7.066758635415997247e-01 5.785206829496837289e-01 6.708000598479013643e-01 5.882150080874108955e-01 6.355190083179905747e-01 6.977856620054336823e-01 6.323537082260682896e-01 5.610163906242072729e-01 6.013347358880575255e-01 7.413522452189896805e-01 7.449163004967934709e-01 7.343253624747203556e-01 6.724960057020565873e-01 6.609293373663144289e-01 7.276254118957748984e-01 7.479060269283922535e-01 6.982445439264255427e-01 7.129319707231138725e-01 6.881867673977173361e-01 7.468647248489854729e-01 7.025627994624151773e-01 7.897827030517898805e-01 7.764926413203852018e-01 7.818387527680265014e-01 7.905197263789819351e-01 8.001012309338636497e-01 7.977870092274006453e-01 8.037851591366074189e-01 7.803101491439301540e-01 7.624504486836494177e-01 8.063320488470295810e-01 7.959216020718148377e-01 8.013413955236754482e-01 7.938455910791385461e-01 8.070982947579115052e-01 7.811219556227826377e-01 8.022522490869089529e-01 7.755905884408840212e-01 7.731387019608737532e-01 7.856087183909646887e-01 7.993966924645096173e-01 8.102745739251133728e-01 7.965712862525013982e-01 8.048124774489936462e-01 8.189103381616766875e-01 7.974496308462762917e-01 7.983940366300413816e-01 8.001765011133784578e-01 7.888578731850282022e-01 7.937566187902941328e-01 7.985190418315604166e-01 7.858378174983947639e-01 7.699374223250001759e-01 7.875834827253737069e-01 7.994194571772521574e-01 7.877953813280279549e-01 7.505472869741568465e-01 7.587608731766143366e-01 7.936232061953993888e-01 7.891723655848333907e-01 7.853122357814463772e-01 7.616332336712163809e-01 7.807325591050932045e-01 7.683155703247483981e-01 7.669061333282880533e-01 7.847002926851921467e-01 7.936934306575278431e-01 7.738846345664964765e-01 7.931917037239308854e-01 7.735579138099576424e-01 7.844163810521187497e-01 8.072224346082265134e-01 7.980034152802411018e-01 7.930906657637877277e-01 8.010768368907743575e-01 8.101957446723079270e-01 8.053931384200971877e-01 8.010439732902864263e-01 8.067598962412482200e-01 8.040788222778193495e-01 8.126040249108305025e-01 8.048142919640642878e-01 8.129205163079875618e-01 8.165292605950483784e-01 8.132413594867742290e-01 8.109992094881394165e-01 8.081765118027668393e-01 8.144673206539445598e-01 8.106414392773930722e-01 7.957538104538735002e-01 8.082713373905648924e-01 7.940955947559222849e-01 7.964040628660420396e-01 8.116661112537597589e-01 8.100980801128903064e-01 8.086507178751690672e-01 8.100109165109450338e-01 8.083432671093865318e-01 7.964363687124201840e-01 8.051882799400628121e-01
1.051739027474939969e-01 2.113248714907744741e-01 3.430654126717749830e-01 4.924852784296340769e-01 4.428599140969013415e-01 5.175225144255305443e-01 7.027136256142949566e-01 6.936326676018628179e-01 1.000000000000000000e+00 7.694689372393581639e-01 7.859513071816317531e-01 8.129971358836238782e-01 7.631620515215363776e-01 7.668315984460013501e-01 8.347237281830792721e-01 8.151950484793968332e-01 8.142876447878232282e-01 7.277757160721710639e-01 7.939657935962214363e-01 6.084441360445318470e-01 6.634479884678562422e-01 7.788247548972950796e-01 7.832252032381665785e-01 7.101243745049377054e-01 7.289815399303076759e-01 8.542620100655643478e-01 8.373541465328339095e-01 8.352178970271464387e-01 8.332959456319689595e-01 8.337511786239412137e-01 8.595717448777914216e-01 8.389025516532163662e-01 7.823505938572650198e-01 8.083059306717657044e-01 8.263827804366569163e-01 8.263670518331072135e-01 8.380516758757909912e-01 8.305695240802279944e-01 8.630105535381088488e-01 8.015959904480617348e-01 8.594649997693364352e-01 8.448175881804347309e-01 8.197259671083972909e-01 8.593688864308300923e-01 8.553040401355785916e-01 8.582901196671349764e-01 8.738305518763938018e-01 8.827087043627572793e-01 8.689722262980392742e-01 8.253526115677901620e-01 8.475985723366631364e-01 7.854269978422250276e-01 8.393072725025291225e-01 8.847538042799578673e-01 8.708288560179996418e-01 8.643563850458266806e-01 8.620753519927850661e-01 8.590096508810047826e-01 8.604994942587522733e-01 8.770901537694637540e-01 8.578111017687418682e-01 8.724769087832657810e-01 8.589185206346489077e-01 8.750252662084855304e-01 8.782090781921882972e-01 8.726074265785637163e-01 8.805491533397278303e-01 8.735923868403813186e-01 8.726367844035932686e-01 8.488499677525753739e-01 8.653041487770011253e-01 8.768773547909579635e-01 8.536887954841473336e-01 8.592824035408735961e-01 8.761498463456953711e-01 8.779575768417171577e-01 8.690905265896029519e-01 8.800838357412298363e-01 8.741006089612660679e-01 8.824379964245642194e-01 8.791197872107686662e-01 8.806796996404354649e-01 8.744256433792116923e-01 8.718823824128069111e-01 8.562781787676009282e-01 8.613414697072501180e-01 8.716530578271697305e-01 8.627542803656115256e-01 8.723900310445967810e-01 8.699885840216733390e-01 8.499073836466487508e-01 8.678044457166700365e-01 8.685751373193650871e-01 8.708856103204827281e-01 8.747880687434421709e-01 8.808250237496541013e-01 8.430994758431458180e-01 8.699506456008686550e-01 8.693018991383223426e-01 8.577271286814381890e-01 8.601598271954838948e-01 8.692253080461359582e-01 8.696617935682613432e-01 8.666310139665698298e-01 8.687572251539602552e-01 8.770711947862792623e-01 8.733465690927729730e-01 8.846291550954165084e-01 8.810868010769268288e-01 8.751038057167914719e-01 8.675316497490548340e-01 8.794803404262104829e-01 8.753272038801698240e-01 8.783927520286031188e-01 8.841770253896676923e-01 8.800647668062476781e-01
4.552596725313914211e-02 2.271891339743349614e-01 3.185015942811145750e-01 4.405671770433173262e-01 4.006092185382114090e-01 4.707409167281308426e-01 6.615903957703904714e-01 6.380954658036699367e-01 7.694689372393581639e-01 1.000000000000000000e+00 7.374679853134880059e-01 7.543657294541009639e-01 7.042080620034588678e-01 7.150131169377990092e-01 7.843271933981611488e-01 7.751396530281285946e-01 7.544276809227635772e-01 6.990667076670411539e-01 7.563091500426780689e-01 5.542176198199998405e-01 6.113761569367898163e-01 7.225866547840748000e-01 7.388642429159636427e-01 6.864522036491326196e-01 6.960092570060097961e-01 8.104604982245706690e-01 7.926151160607290969e-01 7.925874821509607537e-01 7.916334262363931007e-01 7.856949656114176062e-01 8.083861486100324401e-01 8.035498356591839197e-01 7.577722013083302288e-01 7.751591426997465062e-01 7.820121255151478712e-01 7.684980102592813278e-01 7.919348638717389477e-01 7.921233685676186687e-01 8.139473942924159156e-01 7.591944049463197342e-01 8.102705313973173062e-01 8.046422757167959183e-01 7.700852432819004223e-01 8.035871417064001099e-01 7.957985071471039840e-01 8.139304796788764396e-01 8.179483154215410057e-01 8.303440619353081864e-01 8.174965557017438433e-01 7.761347400276609187e-01 7.995595948484819360e-01 7.190036410891184060e-01 7.784138338876495089e-01 8.290002077070675046e-01 8.227186340646863716e-01 8.189369034611396758e-01 8.043653239900138141e-01 8.081290998792654001e-01 8.159093022031760345e-01 8.154671315534387510e-01 8.030593374066999912e-01 8.145136549517564273e-01 8.100364114781464231e-01 8.118888670431415600e-01 8.105647449005501937e-01 8.068185032793319111e-01 8.276245596049561781e-01 8.283790380337330284e-01 8.277812196925120602e-01 7.932403157103878888e-01 8.101196850298436614e-01 8.266021031564902977e-01 8.151229907313484180e-01 8.137478049405562075e-01 8.269766798796051033e-01 8.235879895945518170e-01 8.226107244907763238e-01 8.317483005436255850e-01 8.271453242838674447e-01 8.331414144336213301e-01 8.301554480740669373e-01 8.295771252685275599e-01 8.216745196227638326e-01 8.282530187030980873e-01 8.131155429365138909e-01 8.211047436223698481e-01 8.202520365066556796e-01 8.166106935980644854e-01 8.245892258697194999e-01 8.226022049647107037e-01 8.045041309546866470e-01 8.168987880028596438e-01 8.176443998475690922e-01 8.215305826371434028e-01 8.233762025304830479e-01 8.286040384920749791e-01 7.957148332962862280e-01 8.103754175819798400e-01 8.199104209393734966e-01 8.077614129577308510e-01 8.122709625300931213e-01 8.184512705602955407e-01 8.118304659986780303e-01 8.118222573180843282e-01 8.092471777564984592e-01 8.219746903570626095e-01 8.228805525531148746e-01 8.333753940867357768e-01 8.312291065244307164e-01 8.236033199284041872e-01 8.177581337964783259e-01 8.232164800006046557e-01 8.223900492620405123e-01 8.240672252446746837e-01 8.245206279634089697e-01 8.189266119190796722e-01
1.643131736086103981e-02 1.705341934451101160e-01 3.424295281640303279e-01 5.558224976764210012e-01 4.647614801695689746e-01 5.320675705041044701e-01 7.505409235647890753e-01 7.259058971061868037e-01 7.859513071816317531e-01 7.374679853134880059e-01 1.000000000000000000e+00 8.500455086632878743e-01 7.681238034645135881e-01 7.870425168615953204e-01 8.602981488784988695e-01 8.439644091414223448e-01 8.028012422889123645e-01 7.321043199003753887e-01 7.931094104419180724e-01 6.539005223805367528e-01 7.166458596789502256e-01 8.060478340101194794e-01 7.809866391395625662e-01 7.163876128597683746e-01 7.431229940705212922e-01 8.577993820308061901e-01 8.573135759132209932e-01 8.521203242757107166e-01 8.315965324539599246e-01 8.268111223306715551e-01 8.768889227874395731e-01 8.582933541443729109e-01 8.081767880425296813e-01 8.354380668571689261e-01 8.258253570767969398e-01 8.401496159003912778e-01 8.438799638090023203e-01 8.664166325056004148e-01 8.787351806534802190e-01 8.464945250948966438e-01 8.772606093127891524e-01 8.778999833114911056e-01 8.564880111261808926e-01 8.827442168423397240e-01 8.801534003015837326e-01 8.737752031579878453e-01 8.867113217608805220e-01 8.916169028619773673e-01 8.812082173221789105e-01 8.552782038674165976e-01 8.745640775429472935e-01 8.198158225916755137e-01 8.597548289063727811e-01 8.783363365676192247e-01 8.743857642491151827e-01 8.824259281323153514e-01 8.705551362950452177e-01 8.779140184772686872e-01 8.787023742467485743e-01 8.831567341022922291e-01 8.788407390932440055e-01 8.781958614979884503e-01 8.752738097080997592e-01 8.755506243749789919e-01 8.749850177897807724e-01 8.736009184425764795e-01 8.877174446138539343e-01 8.885768458908009926e-01 8.831252011832126936e-01 8.785634675905746871e-01 8.877150140335147155e-01 8.916368954568728578e-01 8.679468492065078866e-01 8.742697147570690497e-01 8.915824695382227327e-01 8.908064408564362324e-01 8.895612586934481536e-01 8.845457956436060254e-01 8.887559143531450490e-01 8.858127008639413713e-01 8.869351054783984889e-01 8.952932057048508252e-01 8.871575051101613374e-01 8.859044235999162797e-01 8.842954204320647715e-01 8.827860739771804521e-01 8.881986651947091360e-01 8.900332060011010293e-01 8.916629261871575896e-01 8.898528103150668001e-01 8.848224742337598148e-01 8.909438037038164282e-01 8.900128832263586309e-01 8.924911293095437737e-01 8.909288581124045203e-01 8.923340127264741684e-01 8.741597683785303774e-01 8.766452951437339047e-01 8.882526902642127187e-01 8.864331863591629057e-01 8.879518561768617868e-01 8.872102931288617933e-01 8.836350269431838544e-01 8.895894525017080667e-01 8.844502836473999707e-01 8.804706130761523752e-01 8.876732751698499513e-01 8.911098435448244759e-01 8.917697506651842687e-01 8.903573066926568913e-01 8.879979829118070933e-01 8.901533671737509312e-01 8.880433715479757462e-01 8.878538088231743286e-01 8.870189289314702741e-01 8.866498825803849071e-01
-2.404378041756564943e-02 1.193963858022549646e-01 3.673784833469839750e-01 6.632655707556798230e-01 5.138477086483407286e-01 5.744106590510761334e-01 8.092717451537614348e-01 7.872259348002568213e-01 8.129971358836238782e-01 7.543657294541009639e-01 8.500455086632878743e-01 1.000000000000000000e+00 8.264736737828786151e-01 8.252041013117195067e-01 9.203374604321925556e-01 9.070655620592592561e-01 8.259733256837225035e-01 7.280097010208563812e-01 8.111520089214355744e-01 7.198246418697201721e-01 7.769018498982521725e-01 8.467662731194072201e-01 7.764283162355197776e-01 7.026510817938739217e-01 7.439508316186871362e-01 8.844612539216271108e-01 8.877514862737844181e-01 8.804536404217406798e-01 8.262287013882423370e-01 8.250365653746185579e-01 9.004945105175357067e-01 8.858238433316281135e-01 8.162112508569813185e-01 8.473841873020817594e-01 8.286719252453429441e-01 8.777988375187268932e-01 8.515191429091980568e-01 9.110383891744970875e-01 9.133736243626282558e-01 9.012090926886414666e-01 9.260689341729871904e-01 9.282835654891464783e-01 9.213434981287187409e-01 9.386915926863668158e-01 9.237371261607997264e-01 9.066166972240322641e-01 9.358808089272772079e-01 9.311486194463006738e-01 9.325869503468662280e-01 9.121030749504054347e-01 9.285076597727605074e-01 8.985952606075976457e-01 9.284136764749293391e-01 9.161703785227240937e-01 9.093299981840214929e-01 9.206231459012204077e-01 9.265436483305782289e-01 9.337147960294746030e-01 9.249866350337101473e-01 9.376935806018860120e-01 9.410657345637420956e-01 9.295503949613801442e-01 9.276510610349909536e-01 9.294146627325139409e-01 9.255782231699516416e-01 9.278345718057157132e-01 9.315050675801129776e-01 9.273648706800118324e-01 9.136143464979394890e-01 9.326396808106353076e-01 9.396259149722975268e-01 9.295630520528532781e-01 8.960461470043868948e-01 9.038831537494483870e-01 9.316028647853547007e-01 9.312303355856240694e-01 9.291746890913316070e-01 9.067656943428271665e-01 9.264241559191246367e-01 9.135429258255843843e-01 9.149684244896851837e-01 9.302944636079487628e-01 9.264186250050566729e-01 9.151214075140408077e-01 9.251007072855633728e-01 9.128561134459216575e-01 9.257102980181807217e-01 9.364762778324987602e-01 9.320821222197337441e-01 9.297637529652499344e-01 9.359121718969410919e-01 9.419826036419587378e-01 9.421330694149092633e-01 9.369405652620691471e-01 9.389817320184711269e-01 9.376648377007121837e-01 9.323482590288016958e-01 9.286350879797561353e-01 9.393561179220567547e-01 9.388153154182096172e-01 9.408919924245495725e-01 9.371048511143331705e-01 9.395939705955258514e-01 9.437987223845956120e-01 9.414767075475422020e-01 9.246175574013570930e-01 9.375133983830915563e-01 9.298228431794800519e-01 9.317370587170960006e-01 9.399869721232868569e-01 9.372296624000774345e-01 9.406126721167373805e-01 9.384357584558037368e-01 9.379502564801878162e-01 9.327412249568520775e-01 9.377589202401690471e-01
1.845917223752518554e-03 1.126299720775293806e-01 3.240133621047250889e-01 5.679924495826415010e-01 4.945492396455646866e-01 5.002124302029248293e-01 7.266395866672598070e-01 7.345132360663463311e-01 7.631620515215363776e-01 7.042080620034588678e-01 7.681238034645135881e-01 8.264736737828786151e-01 1.000000000000000000e+00 7.601385954785003785e-01 8.495331922035882499e-01 8.380631787989860637e-01 7.651744106896816167e-01 6.542772699863279584e-01 7.378172827823676894e-01 6.308485030576653774e-01 6.645139934209068899e-01 7.538993432630419766e-01 7.168445466704517210e-01 6.427678944598609334e-01 6.664774680439314869e-01 8.021672765972905905e-01 8.063154724887132696e-01 7.923693863451435337e-01 7.442435781854502830e-01 7.382767888648509302e-01 8.072127661366409468e-01 8.036038876242802553e-01 7.281147725487148170e-01 7.646693100269776888e-01 7.560523989437445413e-01 7.990521757266135783e-01 7.782619164937727430e-01 8.215478094983637014e-01 8.328599667258906880e-01 8.038560115665901451e-01 8.415306953499331888e-01 8.460264108664676819e-01 8.402930865557414197e-01 8.559686034387600229e-01 8.351705770282699115e-01 8.295476033754031198e-01 8.642974024908153252e-01 8.622372895309196039e-01 8.624756156949179298e-01 8.279128869489533749e-01 8.424994985926078650e-01 8.159436817476531933e-01 8.549556546271639412e-01 8.505749354204341639e-01 8.387024130500612129e-01 8.388014473761729040e-01 8.519757870872283201e-01 8.561046636222275907e-01 8.472560905330676073e-01 8.711984634702744090e-01 8.656274963021816093e-01 8.622647049378632245e-01 8.502851344043725890e-01 8.641219306786581678e-01 8.541552039537970709e-01 8.628227654023440385e-01 8.620490201478908654e-01 8.533304143837322497e-01 8.427730036441146710e-01 8.498666401237368051e-01 8.559816103670099263e-01 8.550212868977296043e-01 8.267438098021399062e-01 8.283088917838919985e-01 8.544578867731984495e-01 8.537378835966361601e-01 8.458146627443737797e-01 8.304596298587223480e-01 8.447889610363561452e-01 8.383396609264478494e-01 8.390145129223632869e-01 8.520742096170337287e-01 8.502172054596676132e-01 8.382323786093229812e-01 8.450532174076115233e-01 8.396897948577378701e-01 8.464369529551493132e-01 8.553137952668331545e-01 8.558591112952922408e-01 8.524333610914297532e-01 8.476048638426907367e-01 8.637933638235028022e-01 8.617733417226947079e-01 8.573757403998913951e-01 8.655409475819477727e-01 8.667714675204888364e-01 8.511614158189234614e-01 8.596985043831154583e-01 8.645114383203684749e-01 8.574048389552660909e-01 8.621635101607851848e-01 8.602036552554619409e-01 8.688771738834601965e-01 8.680229106546092366e-01 8.658724505331180099e-01 8.538614512081326158e-01 8.655614741869591677e-01 8.605640381522892124e-01 8.566579918634833479e-01 8.657676744294428017e-01 8.583454047300246303e-01 8.708544465291935266e-01 8.658356191674213553e-01 8.684107297134658898e-01 8.652502931939747288e-01 8.683825549267626398e-01
