1.000000000000000000e+00 1.077641935860912809e-01 1.214072453023036097e-01 1.059867283929706860e-01 -2.241816800058175213e-02 1.028156449111559088e-02 1.462531268156381722e-02 8.921274575533470752e-02 1.842232322618384543e-01 1.179231422790630451e-01 1.018778241520519462e-01 4.914345148201854779e-02 -5.174753378238038798e-02 4.057817311855178855e-02 2.878982694136394266e-02 2.827935865189028231e-02 1.987488623519811926e-01 3.618802467601436312e-01 2.866178930276866432e-01 1.490201478500023657e-01 1.640101720738945390e-01 2.539559602781227277e-01 2.922314170722921656e-01 3.007520387586299360e-01 2.119187000383963848e-01 2.239856393342342100e-01 2.250487770957747269e-01 2.389280773172942629e-01 2.805273206453819390e-01 2.561640433281713314e-01 2.075410145224628189e-01 1.482168517197414437e-01 1.636990298287524237e-01 1.919327292684340769e-01 1.809435842160844465e-01 1.130130758072812325e-01 1.414984137898049887e-01 1.033766700246776110e-01 8.145641458370925236e-02 3.785759049147145727e-02 8.359457783591435487e-02 7.209364708107769693e-02 3.064782348154210592e-02 7.474491983067674261e-02 8.912563254248491440e-02 1.045760780070389001e-01 1.509551849242511852e-02 5.511859778950027600e-02 2.330896275016311817e-02 5.030720682655826642e-02 6.399907329753191931e-02 5.769870594310110706e-02 2.482541709573105743e-02 1.031176882549365154e-01 1.212562133873608256e-01 9.317129905408930157e-02 9.119886844972543982e-02 7.226626665286225992e-02 7.059222783658385125e-02 6.420296581820560122e-02 4.159900752063862978e-02 7.389895505355012495e-02 4.531735218396597958e-02 4.916946520165309947e-02 9.747723579143109662e-02 6.552198351794646936e-02 5.619729783619313579e-02 1.278830815950463273e-01 1.141419144745722258e-01 7.443900950951681805e-02 1.104248209590900365e-01 1.095806479848909221e-01 1.499937541990314649e-01 1.372111285022799276e-01 9.470804184068529197e-02 9.440544848516330134e-02 7.477428767725369241e-02 1.372549975406978096e-01 1.078917857601979780e-01 1.210916587241137321e-01 9.992658702217058209e-02 9.785616563237933829e-02 9.949060514665059030e-02 1.116936770974212428e-01 8.596630742603696140e-02 1.050817835924379023e-01 8.030187961493431836e-02 6.878211559527053209e-02 6.198922458234954608e-02 1.009137979536345320e-01 4.791775348028335518e-02 3.073368483206079596e-02 5.336441481568873768e-02 5.725939671407564296e-02 5.815012201341013785e-03 2.202448994024408177e-02 3.182370997709913635e-02 6.506178845333558669e-02 1.496899550931106264e-02 3.854881847409803025e-02 2.482213616554804561e-02 4.204020444665559908e-02 8.908157689249086506e-03 4.137242869726377031e-02 5.777292327276142836e-02 6.134425302524489088e-02 4.092715294238705170e-02 5.870528465728347411e-02 6.353299613916336963e-02 2.095324551949371769e-02 2.930764439882059882e-02 2.235675219987515519e-02 4.260725363080708483e-02 4.023281019276014198e-02 7.320095923672004234e-02 3.889772007814056021e-02
1.077641935860912809e-01 1.000000000000000000e+00 -1.304750939087621214e-02 -8.556513120659128835e-02 1.618570984934929527e-02 -1.174452198456251394e-02 1.714088175461392013e-02 2.680666440340883500e-02 1.652337917365649944e-01 2.336733227645337307e-01 1.375288315583590160e-01 7.481189489152434424e-02 1.293621803686666183e-01 1.259371406516348602e-01 1.122532102640500934e-01 1.253144394012998264e-01 1.528437011350354535e-01 2.310762129446172763e-01 1.966536928977985210e-01 4.140344894247568325e-02 6.930125655961415221e-02 1.371837141731948040e-01 2.617089100686636471e-01 2.383633210541598046e-01 2.103972481301244479e-01 1.812041067553668561e-01 1.630544535971610032e-01 1.666234315250328391e-01 2.177805504157938610e-01 2.436677488952372905e-01 2.063677680486176724e-01 2.073048125955798404e-01 1.698255837527143930e-01 1.940251639350883406e-01 2.044218304360312100e-01 1.212702863972404815e-01 1.663451624996946931e-01 1.580346714571539135e-01 1.390283077294455216e-01 1.106458269416283474e-01 1.570831140325369968e-01 1.347516671948473521e-01 9.424883841155551334e-02 1.312693242840620722e-01 1.415354588637622035e-01 1.621744862304569657e-01 1.410906827688232779e-01 1.537081642209821852e-01 1.205864861722247550e-01 9.045282665240521325e-02 1.070724564934603384e-01 5.973180766954329368e-02 1.162670772078641390e-01 1.885825285431482479e-01 1.829788653053872616e-01 1.853641344891692744e-01 1.327246513941379435e-01 1.309833017525516285e-01 1.526109361565792244e-01 1.574969040121776964e-01 1.360403531876208105e-01 1.660405424991775181e-01 1.286480658860696680e-01 1.310328316613728061e-01 1.493540878478355483e-01 1.481256126902662507e-01 1.557523971658458517e-01 1.890865658064474764e-01 1.963423046473513900e-01 1.202517192422269260e-01 1.507101748841110922e-01 1.673308522259566999e-01 1.943145773692037115e-01 1.857468856008360480e-01 1.472927345151872902e-01 1.565002206901819903e-01 1.512533710664814290e-01 1.806004401817788985e-01 1.624380691358620621e-01 1.913432885838504960e-01 1.728940813158449386e-01 1.803507858854942469e-01 1.810684287626435629e-01 1.677183580887016412e-01 1.458653485242504266e-01 1.650259142785183430e-01 1.547655906101942647e-01 1.510347986005853571e-01 1.517297895958296394e-01 1.881247599859771913e-01 1.388587344885160724e-01 1.372720071256794405e-01 1.459771045125193289e-01 1.443411392150776851e-01 1.483805951072146301e-01 1.551927777438333045e-01 8.666425413288095236e-02 9.265835771347760708e-02 1.233358818143407004e-01 1.163343256481998017e-01 1.071928432549748705e-01 1.199728615039504787e-01 1.232911380361528947e-01 1.256974649582280334e-01 1.231048167956794864e-01 1.401895864014856552e-01 1.301569788338896583e-01 1.692205725523861504e-01 1.621202518530708570e-01 1.474275963632246667e-01 1.353752870701107891e-01 1.512123137407998807e-01 1.492576910065536722e-01 1.335789772729425451e-01 1.455901511585252495e-01 1.403419897713762410e-01
1.214072453023036097e-01 -1.304750939087621214e-02 1.000000000000000000e+00 3.842153734050617886e-01 1.691904660365067259e-01 3.123793243506197137e-01 3.440473632943714111e-01 3.372157068801530655e-01 3.607525060144790019e-01 2.880298249686942813e-01 3.591682718839694921e-01 3.859426795888558082e-01 2.793597465039385774e-01 3.462953089769330028e-01 3.701206176254539515e-01 3.421651927994166509e-01 3.742620953266738160e-01 3.557976819491033837e-01 4.019550990030936743e-01 3.325514427795134842e-01 4.142309752454331750e-01 4.187632648703173421e-01 3.398648703016066142e-01 3.531512973554819523e-01 3.876939646749008594e-01 3.728448332556273948e-01 4.105565341726696849e-01 4.070544457591662724e-01 3.799984093206084657e-01 3.655208513442800289e-01 3.947534058895809661e-01 3.678200827574156784e-01 3.695635032491496053e-01 3.658126484959784985e-01 3.496665400604448970e-01 3.904928510881279791e-01 3.861564803918824396e-01 3.748130972212542766e-01 3.783162490454874960e-01 3.747239411140161902e-01 3.851638653094398013e-01 3.835360049762587265e-01 3.688495266275186313e-01 3.853892610488297565e-01 3.945473407473532035e-01 3.887027784809108932e-01 3.590019871345218050e-01 3.772804322133514465e-01 3.674986784852989352e-01 3.702129413822985993e-01 3.824889370940912081e-01 3.946329720576248756e-01 3.580507599397659280e-01 3.725598377791406457e-01 3.813172703484443704e-01 3.686993393173410016e-01 3.775695377668475960e-01 3.834032491999715964e-01 3.798631724398012777e-01 3.738418521653543714e-01 3.706232476370945328e-01 3.694306526109197852e-01 3.771411092330682613e-01 3.709618855420784289e-01 3.806411600276539686e-01 3.729272227281892338e-01 3.708645883592274206e-01 3.914853344393954271e-01 3.758820707271924855e-01 3.957739611034936100e-01 4.066489460954493818e-01 3.945816515209848996e-01 3.890776665387761790e-01 3.964258257132469709e-01 3.915373792719231139e-01 3.922529209429975738e-01 3.850493234030618606e-01 3.890447317307501041e-01 3.974174337229001153e-01 3.791496166136780754e-01 3.869610196009238279e-01 3.869310229901302134e-01 3.759877445267126306e-01 3.906865745753514418e-01 3.875715163876009561e-01 3.884363709073236914e-01 3.884981171810079625e-01 3.828728936299975460e-01 3.754409950593754486e-01 3.724070759562311261e-01 3.840566189980609835e-01 3.762199318099000434e-01 3.785032353586672005e-01 3.830434782986253395e-01 3.546771285211087754e-01 3.589841073193265619e-01 3.870238943855280334e-01 3.801556879926213939e-01 3.657709604276151438e-01 3.774420058188043825e-01 3.794178281454173574e-01 3.779776106806042035e-01 3.614799284962769699e-01 3.785941636160645163e-01 3.861725469186635951e-01 3.742996542253173020e-01 3.746971268295277158e-01 3.651770606950936471e-01 3.718542764224112007e-01 3.605590148451990884e-01 3.735983163338386093e-01 3.609060281795355429e-01 3.683414158146101625e-01 3.720325488821628612e-01 3.774945923923405666e-01 3.667906945887000614e-01
1.059867283929706860e-01 -8.556513120659128835e-02 3.842153734050617886e-01 1.000000000000000000e+00 3.158245737980694412e-01 3.894074956733659110e-01 5.480122892115776301e-01 5.660948759849516732e-01 5.057897213634183764e-01 3.740893789038571837e-01 5.474330081456179053e-01 6.581115089165404664e-01 4.689086193090925558e-01 4.947207502560132530e-01 5.788129806774974240e-01 5.575514986135999829e-01 5.319245638996695780e-01 4.614707752814004027e-01 5.103102774918980566e-01 5.423534070971081089e-01 6.457881505736704497e-01 5.731102474506954980e-01 4.450885967727909454e-01 4.488009545247787502e-01 5.077447107009498417e-01 5.796288670870307635e-01 6.006969332759009017e-01 6.159325522402359088e-01 5.010217528634827167e-01 4.939809011540171046e-01 5.481986515754516676e-01 5.327090612782500179e-01 5.651733453070393320e-01 5.506463330987916294e-01 5.157262574655125942e-01 6.106446274276743358e-01 5.804671169910132766e-01 5.924827719956574645e-01 6.044374426245812115e-01 6.352762690122926159e-01 5.661661614328524772e-01 6.002676840906246980e-01 6.333500904292337363e-01 6.089154704155755882e-01 5.931280912690805041e-01 5.814351327521964929e-01 5.312828438326179237e-01 5.286076496685178094e-01 5.688859313901937220e-01 6.042733613354823730e-01 6.159929351549570109e-01 6.385821844553093429e-01 5.738583254318261329e-01 5.209014601688090051e-01 5.353077162714769965e-01 5.483591342513145506e-01 5.765714544660157648e-01 5.817219895599315960e-01 5.618674270383264835e-01 5.545726178851124732e-01 5.689082369648662540e-01 5.454474971629587055e-01 5.697220469285312339e-01 5.745103068467359853e-01 5.588097028046130621e-01 5.473936584572193231e-01 5.227048223513014458e-01 5.275364249229632652e-01 5.216977491356927787e-01 5.854662310761599153e-01 5.751649627141637300e-01 5.484358844180275971e-01 5.375533144867056246e-01 5.384418303834610509e-01 5.710729023742148192e-01 5.642017005050700140e-01 5.669874388175858426e-01 5.360041876951455730e-01 5.678004947996279084e-01 5.273786077119358984e-01 5.496717037448973775e-01 5.421842276311865660e-01 5.420124447263812151e-01 5.446030804140490345e-01 5.712419868157714298e-01 5.554301343719613149e-01 5.625177946162366327e-01 5.692644683633174552e-01 5.627231287452281183e-01 5.286534598913865679e-01 5.718188983439786988e-01 5.481498728088944894e-01 5.626965211097082475e-01 5.707016216474546377e-01 5.159683442894190675e-01 5.136405376368766706e-01 6.074043102162423047e-01 5.855632541324362617e-01 5.531465719721637697e-01 5.777075126755214507e-01 5.935995863225944635e-01 5.644879062089632749e-01 5.496126359949070617e-01 5.701736420669999417e-01 5.758653991923937676e-01 5.430957171372600145e-01 5.529157320491366878e-01 5.185616697149054710e-01 5.357850238225012607e-01 5.263444057966628620e-01 5.570344107963082214e-01 5.246986158328273975e-01 5.375825956921570503e-01 5.530664844627860566e-01 5.456741492828922624e-01 5.331748148760200312e-01
-2.241816800058175213e-02 1.618570984934929527e-02 1.691904660365067259e-01 3.158245737980694412e-01 1.000000000000000000e+00 3.014832498385405235e-01 4.566192204030259938e-01 4.912670673745710981e-01 3.960266514511630587e-01 3.568740838752487154e-01 4.020251902921382903e-01 4.531326801615196964e-01 4.864375416167401323e-01 4.281678360238028724e-01 4.922406273060648263e-01 4.901446663504633316e-01 3.679799476607263364e-01 2.334479119559309257e-01 2.938005354950589121e-01 3.340750148410372988e-01 3.569261016883073512e-01 3.031781121201631013e-01 3.002726566459183455e-01 2.793061441989520555e-01 3.350532931855955687e-01 3.739765653780692256e-01 3.807272668238896318e-01 3.699201506518122740e-01 3.081079520736311750e-01 3.427411727885473769e-01 3.786459741121605549e-01 4.185232815239539605e-01 3.933259389207108270e-01 3.927304447113068586e-01 3.844289661361837696e-01 4.307244782079682754e-01 4.081865657425491345e-01 4.326985748621813288e-01 4.582748114882558288e-01 4.665339169834917254e-01 4.513338407109043771e-01 4.588659093310371584e-01 5.010118800131043715e-01 4.652333053567888066e-01 4.572962925050972349e-01 4.260483804008008968e-01 4.720486890967612315e-01 4.542158499391372173e-01 4.803393974811155931e-01 4.570206332153838313e-01 4.664161394344941702e-01 4.675346648289700480e-01 4.691166679259191619e-01 4.325693266374981416e-01 4.200956582104926618e-01 4.407567852542193521e-01 4.438553583187467844e-01 4.575156931115888503e-01 4.459326909769278924e-01 4.746963692993526607e-01 4.762031957124764903e-01 4.567405201916456270e-01 4.657673361799565259e-01 4.742087512361552459e-01 4.382332245550364935e-01 4.495369807943975782e-01 4.472585988568984483e-01 4.182676171535817944e-01 4.307568910997101597e-01 4.604763093175827660e-01 4.299973305085703079e-01 4.257986671610525242e-01 4.249858214937544676e-01 4.161206754661719853e-01 4.474404024187448869e-01 4.456563399229536149e-01 4.555734685588013200e-01 4.147343495420376391e-01 4.409322405771153308e-01 4.287638354359872284e-01 4.413302288615664204e-01 4.367892487649092104e-01 4.390933492016161344e-01 4.329426057623843027e-01 4.493458460263703991e-01 4.480676545590051574e-01 4.471591645406563509e-01 4.622296796988065726e-01 4.607999784888927031e-01 4.383315820260051954e-01 4.649127183595895829e-01 4.656967264003782359e-01 4.610295385151717551e-01 4.583008328653033203e-01 4.758799957057299745e-01 4.627905421464639235e-01 4.777088767154328286e-01 4.727449854739863011e-01 4.862340202575514692e-01 4.806938630586061745e-01 4.906866682557295412e-01 4.715412392639706241e-01 4.776292455206099241e-01 4.754371706413038634e-01 4.665580076550144839e-01 4.600911420054103473e-01 4.680359105492516436e-01 4.503237490801278442e-01 4.528577826102900827e-01 4.725676438475468477e-01 4.730180846214875889e-01 4.735781412401008916e-01 4.695918461631206076e-01 4.726515877462210691e-01 4.492010132170732306e-01 4.639080752630221904e-01
1.028156449111559088e-02 -1.174452198456251394e-02 3.123793243506197137e-01 3.894074956733659110e-01 3.014832498385405235e-01 1.000000000000000000e+00 5.410203350157050117e-01 4.961934483173415233e-01 5.274508548019601895e-01 4.626060463976364723e-01 5.478959155714220319e-01 5.725871637931932989e-01 4.655404957683007550e-01 5.312490760854187144e-01 5.832708186407644657e-01 5.574120899001889784e-01 5.258028198005511022e-01 3.783041558390666248e-01 4.858077212388374755e-01 3.946735239022853281e-01 5.063089766253477952e-01 5.196716749069096863e-01 4.367157672676709179e-01 4.192234111986094525e-01 5.221779831684052464e-01 5.001970391821807249e-01 5.372316935710862440e-01 5.263911024616998446e-01 4.934940983501439060e-01 5.077514335556981839e-01 5.600738004888354826e-01 5.570228748180851008e-01 5.383547412528622012e-01 5.366769880774658885e-01 5.480300585605113461e-01 5.767381668364676139e-01 5.724345202340974659e-01 5.719477893378005495e-01 5.820545525599958303e-01 5.787734119613329176e-01 6.031432473003295325e-01 5.964220171314650321e-01 5.667360588971014357e-01 5.896646932613204273e-01 5.939872347910725159e-01 6.008052127344899462e-01 6.056560978705589626e-01 6.106276355260727984e-01 5.944065955944916047e-01 5.819213643103132716e-01 5.773548878272332097e-01 5.819507589904991951e-01 5.882050252107109412e-01 5.831134855300925679e-01 5.748354059473771427e-01 5.835703466475278267e-01 5.742222291284823088e-01 6.010599820185565934e-01 5.915789788710805741e-01 5.904512133310895194e-01 5.957823435938806034e-01 5.770486816998373625e-01 5.923293367904900464e-01 5.816242250055702057e-01 5.902566204956425366e-01 5.981412325398876018e-01 6.102630732385987411e-01 5.892700744510617206e-01 5.905574176350482096e-01 5.978820775043142133e-01 6.059442230797482676e-01 6.048244571630890798e-01 5.760183589148315519e-01 5.913371652274450607e-01 6.025946797780524777e-01 6.065895615091452253e-01 6.094961724660474811e-01 5.969654397422088365e-01 6.035402165439998079e-01 5.924870939519715218e-01 5.983202674303284008e-01 5.981325090100014785e-01 5.965559770596166045e-01 6.058711111008807659e-01 6.069029349667619533e-01 6.037546828404675159e-01 6.112136205906045783e-01 6.090102064934929116e-01 6.014251320197242512e-01 5.902178906163212391e-01 6.103381202987502308e-01 6.169129802113419991e-01 6.051102955179444853e-01 6.120940533478639312e-01 6.034570281665071478e-01 6.058600434542464885e-01 6.141734310354236559e-01 5.981096893111165214e-01 6.102917220015968702e-01 6.090946333815238090e-01 6.078145659670979306e-01 6.097393778544221155e-01 6.024132219522250198e-01 6.126862914437226637e-01 6.095051021967572424e-01 6.042909832212420840e-01 6.088936808547243951e-01 5.986701099724139885e-01 6.040370093038334165e-01 6.080209678329171474e-01 6.139283367477086362e-01 6.040866689201157547e-01 6.010221383958579411e-01 6.048083706340603438e-01 6.029193799709652302e-01 6.020133256304629477e-01
1.462531268156381722e-02 1.714088175461392013e-02 3.440473632943714111e-01 5.480122892115776301e-01 4.566192204030259938e-01 5.410203350157050117e-01 1.000000000000000000e+00 7.382314858088955267e-01 6.747161026001803341e-01 5.843390028221292498e-01 6.889318605613172775e-01 7.691271381556397113e-01 6.760770343034632202e-01 6.964503908541805899e-01 8.218824234764463554e-01 7.710382261362891398e-01 6.738308731919007144e-01 4.767619666816498847e-01 5.872685491454342488e-01 5.684287694353497011e-01 6.470944731985952547e-01 6.047323801943377264e-01 5.526635096749580311e-01 5.199335683500292404e-01 6.152139019252242935e-01 6.511212074539103334e-01 6.790881049231710653e-01 6.856264410393684283e-01 5.807665859992474644e-01 6.103900620016358136e-01 6.782764137740663335e-01 7.177533608703889900e-01 7.016966236592230288e-01 6.886751084288808000e-01 6.824032946467010197e-01 7.511048710518785088e-01 7.255539515926210381e-01 7.566939492128856859e-01 7.748867759633604191e-01 7.912022349305519731e-01 7.583873477843990907e-01 7.836608938926579171e-01 8.013870199577147746e-01 7.801475532787970346e-01 7.661711422764819757e-01 7.613218990814530907e-01 7.604715747706189966e-01 7.573690320621297989e-01 7.681604858956844195e-01 7.577728343776447550e-01 7.688638012441327829e-01 7.717432661966163732e-01 7.598824256082205020e-01 7.328620152257561138e-01 7.228842125612429115e-01 7.417065523110598635e-01 7.488630469913978294e-01 7.617526377494967527e-01 7.581328818544904591e-01 7.692243160485441322e-01 7.706302820243763341e-01 7.595139639893346839e-01 7.704795697646966701e-01 7.703620682363800931e-01 7.469661512866491160e-01 7.535069177155293563e-01 7.535884609609252438e-01 7.233059033693078899e-01 7.350087268212787128e-01 7.623479295825508206e-01 7.376231744367478527e-01 7.336199898011603882e-01 7.201742700126422259e-01 7.144969743971337772e-01 7.516519264840048065e-01 7.554607395331676134e-01 7.690196146194058224e-01 7.143128317527329685e-01 7.538088645900614670e-01 7.231798343034288035e-01 7.455056486860920373e-01 7.337773805975966734e-01 7.469347804870547503e-01 7.504429797771855482e-01 7.636923628701000055e-01 7.532064528890768385e-01 7.618831970677245602e-01 7.755470005165127079e-01 7.719475073202731741e-01 7.359211290955058882e-01 7.819343193265259062e-01 7.720898816270796994e-01 7.663295750336451828e-01 7.756029526828480680e-01 7.550339851995944151e-01 7.540935074320809228e-01 7.866538438351992069e-01 7.608548707805038447e-01 7.758767969098943063e-01 7.760561034280382131e-01 7.949050623266175064e-01 7.715030088099833483e-01 7.660322176727365484e-01 7.765767420650816488e-01 7.701308705293964385e-01 7.559438480468476662e-01 7.646262992256079860e-01 7.459584140066326530e-01 7.540494215042239379e-01 7.612385578554966559e-01 7.738999736085374614e-01 7.615744879225297970e-01 7.643216244090738076e-01 7.700320587835556285e-01 7.509104448664534193e-01 7.541737494147439103e-01
8.921274575533470752e-02 2.680666440340883500e-02 3.372157068801530655e-01 5.660948759849516732e-01 4.912670673745710981e-01 4.961934483173415233e-01 7.382314858088955267e-01 1.000000000000000000e+00 7.182324214195294765e-01 5.922640923722941597e-01 6.978962932931481733e-01 7.688304569308505032e-01 6.781081463774831786e-01 6.904717022027905271e-01 7.830356022976611152e-01 7.873259463681366865e-01 6.949265431430223794e-01 5.350075538705008071e-01 6.229405423620835158e-01 5.568789731217440586e-01 6.703019602227129337e-01 6.410815835753286285e-01 6.045541089852020100e-01 5.795858252388068621e-01 6.559287596597710435e-01 7.079119603999035615e-01 7.034798961143524654e-01 7.210032847131586653e-01 6.417998472704751212e-01 6.662194186584270428e-01 7.194410079108611855e-01 7.317183254635987177e-01 7.140575705186424926e-01 7.295448499099053130e-01 7.111686140455133476e-01 7.678256068974750326e-01 7.402000744994596815e-01 7.800376835318877378e-01 7.851500235890485069e-01 7.815720722306859214e-01 7.631660365784146416e-01 7.810841295040200638e-01 8.035332596912319048e-01 7.901017132346990213e-01 7.691143485640499211e-01 7.696092508728515913e-01 7.551161165431803379e-01 7.508526915784621281e-01 7.812524230650703672e-01 7.929113696753625762e-01 8.033560712790064340e-01 7.738658857382518796e-01 7.636983631528888594e-01 7.424808872333900078e-01 7.466524154792939516e-01 7.542214392194517281e-01 7.820349274793338967e-01 7.736158966649663293e-01 7.757752516059113201e-01 7.718454446278886216e-01 7.813266565196641533e-01 7.664763904159999086e-01 7.829964772840546372e-01 7.843552670960466378e-01 7.577654348476261514e-01 7.598026888981531668e-01 7.461834971539926809e-01 7.330775091099125396e-01 7.434978441565526230e-01 7.595325406942152746e-01 7.452187873247525518e-01 7.405998823614886595e-01 7.386034449517847600e-01 7.314509271630335041e-01 7.610002552935769549e-01 7.563089542719579894e-01 7.660107580400860039e-01 7.336322947542218698e-01 7.610588343957267465e-01 7.367701941374542596e-01 7.504367951916807167e-01 7.424344095333211824e-01 7.550475956995941207e-01 7.490497056813154586e-01 7.699657361427282298e-01 7.622872246632503845e-01 7.580695164518808093e-01 7.762282664949000655e-01 7.706736423843901784e-01 7.462888466017161271e-01 7.673050059537723788e-01 7.584044796058144744e-01 7.627118489040977112e-01 7.701725959839824664e-01 7.470675794991636920e-01 7.433274386668350386e-01 7.903791019613191082e-01 7.840540844151688837e-01 7.731067652670035040e-01 7.817749380146895577e-01 7.862765119892639598e-01 7.781295091091740002e-01 7.595009326467804245e-01 7.747928050507416620e-01 7.715007870730444806e-01 7.643181203058636575e-01 7.673631511518265169e-01 7.442166511861041389e-01 7.554301763214928966e-01 7.571989873562755546e-01 7.711140712589147350e-01 7.552901391777087081e-01 7.610290501335343905e-01 7.718690285300834342e-01 7.522523558634498508e-01 7.537286994353314951e-01
1.842232322618384543e-01 1.652337917365649944e-01 3.607525060144790019e-01 5.057897213634183764e-01 3.960266514511630587e-01 5.274508548019601895e-01 6.747161026001803341e-01 7.182324214195294765e-01 1.000000000000000000e+00 7.462185720174461245e-01 8.000708552299626852e-01 8.233534263860375901e-01 7.155513058662980042e-01 7.573524733287849697e-01 8.192567096415426242e-01 8.243362106479654727e-01 8.272044916844288887e-01 7.054141288498295692e-01 7.911560439840717995e-01 5.972990467408344495e-01 7.449645807069920078e-01 7.792447845806362849e-01 7.708451107103780897e-01 7.466547254607511785e-01 8.137232701519575562e-01 8.437677996083148280e-01 8.452004760411934159e-01 8.349679255220987528e-01 8.194164447989794597e-01 8.543692402082314619e-01 8.785639587047835430e-01 8.668235923672042986e-01 8.202903891001824821e-01 8.471079526739938581e-01 8.470666791684944297e-01 8.534531838151452332e-01 8.618942208352209366e-01 8.578484111372151055e-01 8.602202085029904133e-01 8.221645710852805156e-01 8.762558608723969300e-01 8.567002073558137587e-01 8.286218543057778385e-01 8.737193640886693480e-01 8.692760849978187210e-01 8.718710402032132656e-01 8.563814351134035885e-01 8.720181226684566855e-01 8.563949999033739768e-01 8.423004857101509257e-01 8.537432974422657361e-01 8.333766611130387636e-01 8.445606692691828288e-01 8.778429622855428160e-01 8.757790820428495993e-01 8.768946469235519015e-01 8.723712916249675153e-01 8.694889626418775830e-01 8.663395642198535862e-01 8.804653582522314892e-01 8.691507270380450789e-01 8.734533944642755010e-01 8.647779169377254327e-01 8.652949693528844133e-01 8.766929597828925225e-01 8.731708599824371531e-01 8.662785045512233495e-01 8.777619839699838389e-01 8.823245422263530369e-01 8.569331342873323099e-01 8.688784217466810622e-01 8.754358399050177209e-01 8.755072445005805948e-01 8.751597477290036231e-01 8.792665031620277016e-01 8.774154306897036237e-01 8.763853238437924187e-01 8.865673104735015686e-01 8.802929789396928273e-01 8.819837469994762369e-01 8.785626206158438922e-01 8.789578284525436658e-01 8.840830049192440754e-01 8.756019722632419899e-01 8.667774750553184360e-01 8.776203500559922599e-01 8.696115411565730202e-01 8.714635055252462070e-01 8.683416945809362408e-01 8.768024719048364002e-01 8.596055299096964086e-01 8.561733447202137803e-01 8.679521599139036203e-01 8.691084953125446377e-01 8.508305273042068295e-01 8.555896842557522142e-01 8.496694512990038417e-01 8.634078966691673962e-01 8.553800249276518608e-01 8.593247262374691386e-01 8.497007769486866202e-01 8.667161273910611863e-01 8.498607099702356615e-01 8.641868676885793299e-01 8.679978244399336740e-01 8.723969299703754343e-01 8.656369730580681932e-01 8.667855930355008454e-01 8.739913642516440317e-01 8.611362252627348113e-01 8.619066710337016657e-01 8.634929273288419749e-01 8.660288899537877949e-01 8.669920349138371396e-01 8.678464815651844022e-01 8.638061770787575089e-01
1.179231422790630451e-01 2.336733227645337307e-01 2.880298249686942813e-01 3.740893789038571837e-01 3.568740838752487154e-01 4.626060463976364723e-01 5.843390028221292498e-01 5.922640923722941597e-01 7.462185720174461245e-01 1.000000000000000000e+00 7.268826714780125542e-01 7.163855930993562326e-01 6.675991824274883912e-01 7.182309048703120480e-01 7.593669271437712975e-01 7.459137051117996631e-01 7.369121722260617569e-01 6.283195250846058677e-01 7.097585163641096928e-01 4.879069082686071646e-01 5.979354431544614545e-01 6.381791421480188520e-01 7.105868568918505268e-01 6.673860071020466522e-01 7.083441435162521893e-01 7.233411205770566843e-01 7.380534534057402452e-01 7.109022432463550922e-01 6.974058576932603559e-01 7.550528751790794857e-01 7.763571601245330411e-01 8.049126783605116131e-01 7.208204087434337826e-01 7.602117997510482450e-01 7.533893182886408635e-01 7.396831743359686406e-01 7.610191383847698665e-01 7.679298258673848965e-01 7.680509292471449090e-01 7.262143185099096954e-01 8.010003734604765890e-01 7.782324359598996599e-01 7.297907876450657749e-01 7.814541595911215222e-01 7.895539241301168243e-01 7.768389063979160847e-01 7.956743916993651577e-01 8.151760506295270270e-01 7.844350122169255757e-01 7.389641767924194360e-01 7.575835620442158413e-01 7.236652218120890323e-01 7.662286130882945967e-01 8.237998401496993139e-01 8.113744106745406359e-01 8.072694761905465644e-01 7.807345728356397396e-01 7.972263329592848002e-01 7.970332879309309781e-01 8.061108446843060493e-01 7.969866133188503454e-01 8.111323703783311911e-01 7.875323077857979692e-01 7.881595098418257006e-01 8.009439379099012601e-01 8.052978340309919769e-01 8.139268313365284335e-01 8.174828503372519872e-01 8.235574417446046569e-01 7.721542351668799764e-01 7.839948992333126698e-01 8.043699409242829335e-01 8.119959679233144101e-01 8.007459923665727342e-01 8.033824023255109470e-01 8.061230995116246412e-01 8.007941828671359952e-01 8.068089365584462103e-01 8.034369176521931610e-01 8.217074973940510230e-01 8.158899617173720475e-01 8.151161003899922708e-01 8.162496441736216690e-01 8.099262835659633009e-01 7.942056593026487477e-01 8.119741363855467187e-01 8.036187468624879093e-01 8.022926329323633032e-01 8.030485377982264916e-01 8.164396849924222543e-01 7.948107146884803020e-01 7.982324943823794205e-01 8.033614659928379753e-01 7.995771181265241001e-01 8.022424755075944214e-01 8.082182784560327793e-01 7.568484534687651699e-01 7.705508643665728297e-01 7.893067885713608289e-01 7.867140445881969368e-01 7.741635880679508253e-01 7.895902768630002067e-01 7.885236104886038655e-01 7.929939123525215905e-01 7.933987707071907813e-01 7.984863969925942717e-01 7.988636327376398283e-01 8.167266075964005889e-01 8.127268205623421338e-01 8.040510707745209817e-01 7.953639606660927175e-01 8.062728803148131451e-01 8.087226204038424626e-01 8.002041502054527689e-01 8.082169939895597066e-01 8.044966406984691565e-01
1.018778241520519462e-01 1.375288315583590160e-01 3.591682718839694921e-01 5.474330081456179053e-01 4.020251902921382903e-01 5.478959155714220319e-01 6.889318605613172775e-01 6.978962932931481733e-01 8.000708552299626852e-01 7.268826714780125542e-01 1.000000000000000000e+00 8.575204025728948576e-01 7.405321223252836482e-01 7.789730640894914071e-01 8.518270940711776262e-01 8.399650031143069961e-01 8.081149587560212399e-01 6.612109958959917488e-01 7.712159354714284154e-01 6.037951013664002442e-01 7.519466009331290390e-01 7.546870485205121604e-01 7.298962396849651979e-01 7.016016184077860096e-01 7.871577179296271876e-01 8.111781223923709705e-01 8.326942598310551613e-01 8.102773419876533323e-01 7.587947188930818099e-01 8.104604434704850702e-01 8.664386589419119655e-01 8.587006092776559019e-01 8.159748554743939675e-01 8.379239291677246237e-01 8.346475670604697195e-01 8.544816281541195435e-01 8.711932854332506970e-01 8.642638478221659204e-01 8.751865249397178248e-01 8.561068212917353204e-01 8.847060586110518932e-01 8.813126521767300492e-01 8.509759149292190905e-01 8.887895423453414656e-01 8.866620995980585285e-01 8.770863288702528404e-01 8.845050365379403257e-01 8.826709522031632726e-01 8.818503207662866661e-01 8.639791530558978971e-01 8.754984137041887937e-01 8.614489952354283941e-01 8.773565380096361999e-01 8.799496797523745917e-01 8.762448259250560367e-01 8.802222239964807571e-01 8.771334592977512168e-01 8.896735190023880024e-01 8.858669894057724647e-01 8.884391473928251459e-01 8.881054191525292740e-01 8.816706184688689607e-01 8.832014220255497428e-01 8.832626925545697949e-01 8.853584549649405888e-01 8.860007991089529078e-01 8.817665505726618447e-01 8.805589006285875486e-01 8.848126934719188208e-01 8.733450007738616794e-01 8.834071769366342863e-01 8.872058626210577170e-01 8.725569153298752267e-01 8.742848544426717883e-01 8.900778938873322721e-01 8.916568075619548672e-01 8.885422967010010442e-01 8.758119091805369738e-01 8.892385196328121966e-01 8.861213230049056477e-01 8.929698062529547453e-01 8.918945258274901811e-01 8.880595942558945355e-01 8.876535457416343533e-01 8.874834787545864412e-01 8.913638748974648252e-01 8.932678455996155842e-01 8.915481522364734346e-01 8.906337622138431609e-01 8.818384349936343458e-01 8.884030158608378080e-01 8.863721173142385945e-01 8.934741852996408440e-01 8.938367510397648985e-01 8.795983547996353291e-01 8.797921516808618891e-01 8.807379204618791535e-01 8.775102393642990606e-01 8.827288175525104252e-01 8.860688475379605578e-01 8.841206217731221173e-01 8.857918409195421061e-01 8.806427697183747405e-01 8.907368416788673526e-01 8.903339023882523851e-01 8.833919875213401829e-01 8.868760918594016385e-01 8.815194783879498619e-01 8.875481505702259577e-01 8.839372038951629484e-01 8.872486086047872700e-01 8.836875856077887059e-01 8.856074929802747464e-01 8.866734217950308361e-01 8.858154163916738266e-01 8.828188170212800667e-01
4.914345148201854779e-02 7.481189489152434424e-02 3.859426795888558082e-01 6.581115089165404664e-01 4.531326801615196964e-01 5.725871637931932989e-01 7.691271381556397113e-01 7.688304569308505032e-01 8.233534263860375901e-01 7.163855930993562326e-01 8.575204025728948576e-01 1.000000000000000000e+00 7.799717813004478639e-01 8.132908390785258401e-01 9.054742916737257286e-01 8.923137495924889917e-01 8.183315757924811695e-01 6.405981066492850706e-01 7.624722312035073779e-01 6.454698696025110705e-01 8.026750042896889648e-01 7.744369225179317251e-01 7.138944399860940315e-01 6.889775101911839172e-01 7.970301378233192180e-01 8.439340869710715287e-01 8.608491534170829018e-01 8.502876913325591035e-01 7.676862724649048397e-01 8.052069049461576533e-01 8.760076983925896288e-01 8.790034314452129793e-01 8.520434210110157114e-01 8.530740944917982738e-01 8.472867007152017349e-01 8.977691650351412589e-01 8.960734109542773940e-01 9.077633755162229923e-01 9.201658332433073628e-01 9.215410246425550511e-01 9.179961311357005549e-01 9.273542293346571652e-01 9.181967878392867100e-01 9.359657070380885679e-01 9.276904343018299581e-01 9.172445663085830869e-01 9.166811887908714596e-01 9.103277194188902355e-01 9.266294519027196142e-01 9.198387201443742889e-01 9.277099836334155025e-01 9.209145839360876051e-01 9.220737488866430631e-01 8.975229816830190277e-01 8.950314161852744865e-01 9.055940531000936655e-01 9.114327898487639690e-01 9.272701876589822811e-01 9.183932979286060228e-01 9.223965290425790720e-01 9.289726217359749461e-01 9.130331382991404565e-01 9.235752540216846107e-01 9.245102249215314538e-01 9.134894361095184934e-01 9.155362293884833358e-01 9.087675972152408077e-01 8.952770358784458704e-01 9.010844934038576559e-01 9.119716595863367470e-01 9.108419692435022474e-01 9.087336454740249092e-01 8.879370496442746674e-01 8.916816586691178603e-01 9.242139119651215928e-01 9.207590083304066919e-01 9.265749220918853002e-01 8.959895115605949201e-01 9.185685172016535560e-01 9.000345402269152029e-01 9.168342837905755216e-01 9.116372264843106699e-01 9.095373027918236541e-01 9.095255573106977298e-01 9.194063589313435925e-01 9.150942588741746153e-01 9.221025568496772351e-01 9.263147623319720747e-01 9.255829675929673206e-01 8.993582704363827229e-01 9.293604084453095382e-01 9.212267586078154435e-01 9.270424501723359967e-01 9.303863892598752683e-01 9.116944765954352325e-01 9.080117187618542696e-01 9.317246288474562155e-01 9.202507738319051223e-01 9.226097340295243976e-01 9.285293966783692010e-01 9.324521539852630436e-01 9.244459341719820644e-01 9.207617030542272207e-01 9.302871202192443123e-01 9.273051976643840177e-01 9.123231155802840053e-01 9.228767126758006256e-01 9.063980882312346887e-01 9.152252152388231643e-01 9.148253370203164314e-01 9.238744052650671446e-01 9.144789502160658445e-01 9.155677893892172348e-01 9.223672677155191346e-01 9.150377815692207761e-01 9.132058276527896812e-01
-5.174753378238038798e-02 1.293621803686666183e-01 2.793597465039385774e-01 4.689086193090925558e-01 4.864375416167401323e-01 4.655404957683007550e-01 6.760770343034632202e-01 6.781081463774831786e-01 7.155513058662980042e-01 6.675991824274883912e-01 7.405321223252836482e-01 7.799717813004478639e-01 1.000000000000000000e+00 7.356987943051321865e-01 8.107305778556944675e-01 8.135417833736631188e-01 6.998124118513525671e-01 5.120420778862075917e-01 6.268306379311505694e-01 5.442304873388120745e-01 6.498548249362366969e-01 6.232022243359924829e-01 6.084143486628252884e-01 5.834783373011978025e-01 6.744017440402149122e-01 7.034407316006446864e-01 7.062435232371624405e-01 6.891134906329421383e-01 6.298459975015617829e-01 6.848946523660788266e-01 7.361590936546805741e-01 7.663700382415634671e-01 7.202590592555714322e-01 7.368886791219469989e-01 7.260807279142421633e-01 7.783985101854372646e-01 7.655716153406643132e-01 7.767134654652960712e-01 8.050746649440282399e-01 7.931532851764131475e-01 8.049161700234820360e-01 8.102631329418453765e-01 8.255134839188470464e-01 8.185910555574860137e-01 8.153098949432405762e-01 7.840725371219261497e-01 8.298825806799589033e-01 8.156602634455953904e-01 8.296481685149966756e-01 7.920138803875739208e-01 8.036703496828191406e-01 8.054153311210163757e-01 8.200215380041799840e-01 8.018477979794296218e-01 7.872830807067706660e-01 7.975491785268514766e-01 7.970680270296215397e-01 8.163484126916207284e-01 7.977887041040270244e-01 8.345681312321219236e-01 8.332800355124271308e-01 8.174085017896227656e-01 8.198074242601997019e-01 8.292132805102057080e-01 8.107251296729951484e-01 8.172701807914171113e-01 8.149579811928483464e-01 7.929528472731731670e-01 8.022002488888650973e-01 8.083730562808155717e-01 7.966094665223238946e-01 8.012788285766553331e-01 7.893236753853505316e-01 7.851679402620358461e-01 8.095130300982903426e-01 8.078568856670956810e-01 8.159876390809425173e-01 7.849242166703145340e-01 8.067181240533269904e-01 7.988574338179721401e-01 8.091861507564173106e-01 8.093532518037985790e-01 8.125883768828663367e-01 7.972971427782417075e-01 8.105309991948156378e-01 8.137580930570964544e-01 8.157136119146894959e-01 8.239459659039595207e-01 8.285142967906380385e-01 8.106748356571168435e-01 8.225217973281109263e-01 8.243310339466204395e-01 8.289029184295753083e-01 8.242552686798095829e-01 8.360611633473472581e-01 8.278618312432843851e-01 8.236720814254706591e-01 8.219703763868578816e-01 8.376794149622979191e-01 8.328084996366115211e-01 8.393308057465338479e-01 8.302257315985440700e-01 8.368607633134071966e-01 8.339488271427994981e-01 8.318920607575995829e-01 8.233877633729097534e-01 8.293637414588101997e-01 8.201838164713539658e-01 8.226947773972637101e-01 8.317452967892435822e-01 8.307188240417888725e-01 8.359037605280907890e-01 8.308082234139756439e-01 8.358540138942271991e-01 8.203583043517876927e-01 8.317475338249280536e-01
