1.000000000000000000e+00 1.505005939983266872e-01 9.850492366479274634e-03 -9.714556691019678170e-02 -2.818719449903129420e-02 -1.350281879208673277e-02 -2.961187320871034798e-02 -6.336693497685971788e-02 1.871548771653315513e-01 8.565815712041066621e-02 -1.167078236227844269e-02 -6.475236284721661018e-02 -3.050651588553383517e-02 -2.656699734619261816e-02 -3.481694860519219531e-02 -4.210647155418944382e-02 1.145910055875533212e-01 7.402864251245619420e-02 2.362840546692436886e-02 -7.425023286775099540e-02 -3.679869544052324914e-02 -1.978399316243395142e-02 5.982543843747616802e-02 6.099367069990267037e-02 5.256017223645344238e-02 7.813141188971806095e-02 6.798551050252847616e-02 3.800273001611629425e-02 1.343487049708197989e-01 1.435619236072531169e-01 1.033188748031928089e-01 2.088986418171927609e-02 -1.272989324450128287e-02 4.186604526215539912e-02 4.989377117304283349e-02 1.572333207261899374e-02 6.318741168222363758e-02 -1.934491077933642167e-02 2.018975906349719865e-02 -8.291514436583391490e-02 5.680014207116314273e-03 -2.661122248360882694e-02 -3.920003889534215413e-02 -1.292212252241913602e-03 -7.468627566890881711e-03 1.436284527589836747e-02 -7.258945127979557661e-03 2.645948919307356331e-02 1.123118425345089565e-02 -1.466637481237752574e-02 -1.241210895705015596e-02 -3.934970569798541817e-02 -2.720368991875783335e-02 5.506765122479225644e-02 5.483863622741883687e-02 1.905593523199079764e-02 3.122378330248726241e-02 -1.676738005896165600e-03 7.292135727187020605e-03 1.936818817693594652e-02 -9.188773077792870142e-03 1.710136709100814820e-02 1.901774271841197642e-02 2.118660749801416776e-02 5.418279287017710444e-02 4.279611967562658298e-02 2.557925951514223792e-02 2.152139464017475273e-02 2.436485669115575833e-02 -7.873874654402387638e-03 -2.006828694397648841e-02 1.368805563334931676e-02 2.117206328957511180e-02 3.499333912087169984e-02 1.876656084218287363e-02 1.614793668375268110e-02 1.460373243624950648e-02 4.999483171588088581e-02 3.272617056039873323e-02 6.128530250669739221e-02 4.293713670569403174e-02 3.955163888289686680e-02 1.882846807144734555e-02 1.321119542375983821e-02 -1.961840999753580034e-02 1.241453937354220459e-02 2.305887086183829732e-02 -1.519367258617036233e-02 5.590667552266504782e-03 1.197477008207112467e-03 -3.263997493831258256e-02 -5.519466563727551400e-03 -9.176624545996206125e-03 2.669191797705051331e-03 4.210943247487428966e-03 1.562871497904428850e-02 -5.481284383757461381e-02 1.147829102833559933e-02 -1.076976498203030021e-02 -2.625664043639373835e-02 -2.526249768473354945e-02 -4.394901187646032929e-03 -1.633345454543538855e-02 -8.715651455650761520e-03 -1.956111366227288473e-03 8.719311468322794596e-04 1.362354423214193373e-02 2.088302676490260898e-02 1.285961508923126086e-02 -3.142615336741039645e-04 -8.518510871615765645e-03 8.261604021082421048e-03 1.085282231100843372e-04 1.965031456693916087e-03 2.906262330619529405e-02 2.293592179593959002e-02
1.505005939983266872e-01 1.000000000000000000e+00 -2.334474096834114089e-03 -7.855153586294449930e-02 1.475169580723667377e-02 2.603056424397079752e-02 9.837749249435828736e-02 1.618722199152004305e-03 1.752374821590166887e-01 1.986240522162266153e-01 8.536942786336700062e-02 3.713001749274583152e-02 5.728862041115266590e-02 1.143540757496924049e-01 9.384049867568899916e-02 7.148694609127094479e-02 1.081111256756315392e-01 9.588428192445630494e-02 5.894277652763346698e-02 -2.899762208772959163e-02 6.231416922543615974e-04 1.891690939928859436e-02 1.328213432114968562e-01 1.039401298890721692e-01 6.886006279541027897e-02 1.681400636484271238e-01 1.514077839036318263e-01 1.379725102642592738e-01 2.005500265845135410e-01 1.917716231772432500e-01 1.918835864055832563e-01 1.453446430104879117e-01 9.979124508399238314e-02 1.185150128853272311e-01 1.196247789782979437e-01 8.159775893321610796e-02 1.301123321165129354e-01 1.046645247350455471e-01 1.242854407719285043e-01 5.421928431696498157e-02 1.247032702010477112e-01 8.940852601130573618e-02 6.819888437256636793e-02 9.575047558962179739e-02 9.474851748453980149e-02 1.264474708454425833e-01 1.119777093462097223e-01 1.353726501814176697e-01 1.114460721961412215e-01 6.782597503984323650e-02 9.663624370461484925e-02 1.300452267676275100e-02 5.157081492096769748e-02 1.463689140903265129e-01 1.502370628248286821e-01 1.434954596720584008e-01 1.009354182979449316e-01 1.209846069917614730e-01 1.200327900539481241e-01 1.172425007673017910e-01 9.111348916865544267e-02 1.261525439804662141e-01 1.143062650362655364e-01 1.049614981812632686e-01 1.044856671233923701e-01 1.128738493279114324e-01 1.275523710403654587e-01 1.287177352993035262e-01 1.462214041850169455e-01 8.705511612462693560e-02 8.284660498771856396e-02 1.093378294981246363e-01 1.290615088943342648e-01 1.234661808396864957e-01 1.379765308866176265e-01 1.321547393903112488e-01 1.391798769167524041e-01 1.620020800131164729e-01 1.543458668121008570e-01 1.625117092306160860e-01 1.494569811537613258e-01 1.524910036861726048e-01 1.255868805601289551e-01 1.322847287988618836e-01 1.041145677991704155e-01 1.239896184090769765e-01 1.266307429195136502e-01 1.222505109915382054e-01 1.281780561139058416e-01 1.384694785727336730e-01 1.076394123800978181e-01 1.199029786880290716e-01 1.079365951671086982e-01 1.220473973566495035e-01 1.199865165478719714e-01 1.309483455069476998e-01 6.374505878674013859e-02 9.022904602936311635e-02 1.018153891514843035e-01 9.567569688908533765e-02 9.637790678313865045e-02 1.031733707721537718e-01 8.006425302552112877e-02 1.017373641997656453e-01 9.297400019682251771e-02 1.016781055755640734e-01 1.173979509211127981e-01 1.372688997517410303e-01 1.305862827687682137e-01 1.203341166218759861e-01 1.161299458476347662e-01 1.149142612378731138e-01 1.188717795675956618e-01 1.057083814535423189e-01 1.128140943855840128e-01 1.072162932073666142e-01
9.850492366479274634e-03 -2.334474096834114089e-03 1.000000000000000000e+00 2.756863951938201551e-01 1.604621138035752792e-01 1.733869541322806962e-01 2.263743399011239332e-01 2.552020841634377035e-01 2.460954517238763961e-01 1.973897896260831952e-01 2.431486643642127299e-01 2.911832484801672449e-01 2.515695185562114022e-01 2.378637138824677422e-01 2.752074403113384804e-01 2.761002024121027021e-01 2.788154394130726299e-01 2.495415056071326743e-01 2.802396239907437026e-01 2.664198075379595188e-01 3.033764672202829971e-01 3.051516688759863816e-01 2.628779651887508395e-01 2.356635351355909902e-01 2.765518904760464469e-01 2.640653913561005206e-01 2.689208498366170152e-01 2.696649995265752442e-01 2.347212754629415532e-01 2.325753813582017160e-01 2.569096923302698343e-01 2.731642001122843721e-01 2.722268644074692934e-01 2.866996321696114736e-01 2.439949304152974341e-01 2.786214149994692413e-01 2.721918362682586023e-01 2.820843346311855404e-01 2.821632673164511940e-01 2.918434969765140719e-01 2.778943463629225397e-01 2.778334567981361469e-01 2.701399886397546357e-01 2.932116115465252526e-01 2.802608712509072064e-01 2.808833740327419948e-01 2.741090699547055753e-01 2.668868074622361974e-01 2.759686510961784078e-01 3.021119875093649654e-01 2.858342085703443058e-01 3.042047787213116306e-01 2.944525053185153007e-01 2.665106397307469011e-01 2.632449845725873261e-01 2.762620126903169715e-01 2.751783540197427214e-01 2.732751265909953431e-01 2.726291502701299607e-01 2.767789655143882421e-01 2.700655553945889853e-01 2.698776376475748862e-01 2.731523136227314019e-01 2.711437403816809866e-01 2.941070912655549541e-01 2.887119145732071068e-01 2.740581924293636895e-01 2.797347846583161379e-01 2.751424328937666641e-01 2.903699406689368434e-01 3.106354214224926746e-01 2.988932290779296452e-01 2.752079631538214000e-01 2.841245788034318376e-01 2.759619898872177068e-01 2.816231669404196669e-01 2.760120997362532913e-01 2.619714496732823972e-01 2.698275463751335090e-01 2.610406531205585745e-01 2.654211242062985976e-01 2.661703543160574004e-01 2.835621273045946800e-01 2.721918544508309945e-01 2.809681441261961954e-01 2.837061808567786225e-01 2.788093134195170908e-01 2.793220842354334210e-01 2.769224910913105075e-01 2.757927547894887255e-01 2.801402705032797202e-01 2.758729960676026272e-01 2.805298114813410959e-01 2.770169800196256582e-01 2.706384575803691406e-01 2.678016531435595815e-01 2.655405302261088507e-01 2.808037806692799676e-01 2.687940954172439723e-01 2.765484624314893392e-01 2.689119219180254317e-01 2.739791420694011048e-01 2.811848381136687891e-01 2.785997242730358092e-01 2.888387564675923280e-01 2.728891072443476729e-01 2.684251082684966372e-01 2.700780859114308985e-01 2.702148642588383387e-01 2.725439188931120249e-01 2.755993192481673293e-01 2.738120626788292378e-01 2.684023697538164277e-01 2.702248566337152602e-01 2.862779716011211173e-01 2.837820635393201729e-01
-9.714556691019678170e-02 -7.855153586294449930e-02 2.756863951938201551e-01 1.000000000000000000e+00 3.027112420911950430e-01 2.787037762427299059e-01 3.901467413111450178e-01 4.571987535217492682e-01 3.441105513079753542e-01 2.965639894998397530e-01 4.421649576194884856e-01 5.565995854334597759e-01 4.194373218494383826e-01 4.014982516361843556e-01 4.774139530068549075e-01 4.894291516148668864e-01 4.045089471502426592e-01 3.538632246653733437e-01 4.385719060860106544e-01 4.672704223081025066e-01 4.772744658767342218e-01 4.842821889042598360e-01 3.886395276604450166e-01 3.365162190688045230e-01 4.099377923701770787e-01 4.050228834057515992e-01 4.219856496088078002e-01 4.180670108380096783e-01 3.116380193251513386e-01 3.248659873404150522e-01 3.763809716204162270e-01 4.236386384756609669e-01 4.309648887769027548e-01 4.393927625745200349e-01 3.796279158177978674e-01 4.834815472704612760e-01 4.120589465884215152e-01 4.558922147798591396e-01 4.624199437827786752e-01 5.079967248405458102e-01 4.627475658101499190e-01 4.744889465023035546e-01 4.931311847438152873e-01 5.054513783112540848e-01 4.991789054388215408e-01 4.622796300795914415e-01 4.609539481022890128e-01 4.422544809964803481e-01 4.639227702964172639e-01 5.080697993704639259e-01 4.740002087709901391e-01 5.751709503052513384e-01 5.304882114011185701e-01 4.314719255643942319e-01 4.265795121272765167e-01 4.464636851827993858e-01 4.753488128938335167e-01 4.633203326937950783e-01 4.396483381346357189e-01 4.684740436772968919e-01 4.763904379335662242e-01 4.556369239712679264e-01 4.579062181773739804e-01 4.726428405313949366e-01 4.771114621948951418e-01 4.850338695130648192e-01 4.545197906791638709e-01 4.503160027693591805e-01 4.442306895948608947e-01 4.948930004608604882e-01 5.129420099779448128e-01 4.850966420415266378e-01 4.422531112140292153e-01 4.477259839534703523e-01 4.523585237628456879e-01 4.548271347224556727e-01 4.470519464138876797e-01 4.120247061350010287e-01 4.295393641994417200e-01 4.088453517321809505e-01 4.216790953060850500e-01 4.274507528778878629e-01 4.705410939365374245e-01 4.510622905699345764e-01 4.828402452543552603e-01 4.685699428171999914e-01 4.547455190361179844e-01 4.697643933909263492e-01 4.600610045370543966e-01 4.566935033806207578e-01 4.724187035307189086e-01 4.682486792809734122e-01 4.796140143563236147e-01 4.662424125422000021e-01 4.588398942612691433e-01 4.473904362842598958e-01 5.026717184246255465e-01 4.956483796255554686e-01 4.724080376504217749e-01 4.804230245024767587e-01 4.811757018416247811e-01 4.798923033903979007e-01 5.055480653187024442e-01 4.851950014814476742e-01 5.043187498581821471e-01 4.760894309171879724e-01 4.582784787844443319e-01 4.504318768111785776e-01 4.558233824308692284e-01 4.571709484470933837e-01 4.651025846262913377e-01 4.654926186653210451e-01 4.583702127631684720e-01 4.765371051000850122e-01 4.780106219110013543e-01 4.831227591211040839e-01
-2.818719449903129420e-02 1.475169580723667377e-02 1.604621138035752792e-01 3.027112420911950430e-01 1.000000000000000000e+00 2.666559529451646982e-01 3.791969080951659299e-01 4.201085661959662598e-01 3.435716042078842958e-01 3.188635251291999095e-01 3.775045169281527890e-01 4.360260816766227676e-01 4.322317161586514134e-01 3.679773482594598799e-01 4.441968251773877885e-01 4.456455519592140146e-01 3.683075336693380497e-01 3.387905718940574795e-01 3.897173557138822186e-01 4.301498766486805403e-01 3.727861705043497564e-01 3.856101825203770428e-01 3.819264045798981266e-01 3.418799353989243617e-01 3.631809071769587227e-01 4.129690092631039811e-01 4.049850576884317377e-01 4.123277679794503103e-01 3.488405990142071089e-01 3.559246282609074274e-01 3.848322609070199962e-01 4.159873681574861037e-01 3.853340211961663875e-01 4.127399012352276353e-01 3.941287963671511463e-01 4.043469124561413497e-01 4.129607863635075815e-01 4.171551708642914913e-01 4.330328174331085078e-01 4.395798093084011260e-01 4.351821132893538557e-01 4.394050027794978441e-01 4.488350253435741677e-01 4.532531567280603246e-01 4.419142408063256311e-01 4.355790705499287818e-01 4.315726375749454058e-01 4.241970041313288253e-01 4.275355141632535272e-01 4.333247441757844820e-01 4.257263028120242820e-01 4.566546145575611781e-01 4.497099478361238911e-01 4.184062842941241867e-01 4.198733550695525896e-01 4.246056600399840120e-01 4.138942585162094234e-01 4.341535835017694134e-01 4.052471465873368484e-01 4.396146096932146974e-01 4.361308926192402624e-01 4.216264746306463973e-01 4.192840012963953145e-01 4.269722915711059996e-01 4.228200216825449553e-01 4.295637235000813736e-01 4.286760713110617238e-01 4.294646204641158760e-01 4.302013992832398048e-01 4.569083041551965096e-01 4.486130360929234118e-01 4.390991409548730129e-01 4.304473643720542753e-01 4.273966340806628628e-01 4.373868247233646533e-01 4.283324987165907927e-01 4.281534123558559113e-01 4.128591277828420614e-01 4.219090749096506832e-01 4.077092690792281648e-01 4.161310792151872717e-01 4.176815176148528930e-01 4.300167748027833858e-01 4.230325646259841532e-01 4.380192933039872560e-01 4.371752499784958834e-01 4.292346328338795813e-01 4.343138187490650504e-01 4.306023039983108980e-01 4.379045056910818023e-01 4.381514263899125017e-01 4.383523708753986337e-01 4.404183151490878578e-01 4.372521337043476786e-01 4.315720954433028833e-01 4.276879027391837229e-01 4.424260106486835320e-01 4.355226924636961261e-01 4.362356559466111783e-01 4.359431958838401178e-01 4.426912645120403278e-01 4.364466901661599452e-01 4.465155047843688552e-01 4.505277823543396010e-01 4.471785093778153364e-01 4.326747473246317366e-01 4.265242349930388754e-01 4.292027818850073229e-01 4.329572943421280962e-01 4.328861389787965752e-01 4.333594824392643097e-01 4.359964685884287761e-01 4.281194648305388650e-01 4.362895395266039866e-01 4.270598038289674103e-01 4.330308636994367188e-01
-1.350281879208673277e-02 2.603056424397079752e-02 1.733869541322806962e-01 2.787037762427299059e-01 2.666559529451646982e-01 1.000000000000000000e+00 4.083440283678870797e-01 3.856446286831083925e-01 4.081259894928544463e-01 3.688622636995398385e-01 4.053397012172396674e-01 4.641950553343911490e-01 4.311716959040716168e-01 4.507483695844392013e-01 4.951051754973107566e-01 4.743529952744163780e-01 4.262372308060035087e-01 3.721910552431909047e-01 4.342417487199259907e-01 3.916873816808625342e-01 3.763496062899935879e-01 4.223853779060999236e-01 4.230234861366832244e-01 3.663186202720538076e-01 4.090603410463123368e-01 4.500969997951861368e-01 4.606477092554290276e-01 4.579715910907699583e-01 3.995630972345874388e-01 4.170542989109642384e-01 4.575878670369515344e-01 4.786826636481962272e-01 4.555558455727467537e-01 4.796228860005156136e-01 4.489948104523903138e-01 4.803218986082331554e-01 4.747498131181890901e-01 4.810350691504581278e-01 5.004586154579026003e-01 4.795981250851341637e-01 4.971009695256548566e-01 4.975439090923354790e-01 5.079259975229493129e-01 5.113105749890758389e-01 4.991286130499796858e-01 5.022579340396062797e-01 5.028366363468459443e-01 5.034642620385181289e-01 4.952520655783677062e-01 4.971942125294982473e-01 5.035331477212805495e-01 4.936984791179200305e-01 4.985146717382468728e-01 4.903515948362902055e-01 4.733203983175936491e-01 4.896894580390028229e-01 4.737420746380693326e-01 5.002878800618653088e-01 4.792768544698908784e-01 5.026136476514637685e-01 5.065218387146644963e-01 4.902708863109713211e-01 4.799552529314242699e-01 5.024866455265386556e-01 4.963721330274956656e-01 4.946094112612911542e-01 5.088312001131392037e-01 5.094675679369121690e-01 5.028226307304842768e-01 5.109729749066652671e-01 5.117633666230427814e-01 5.138706596585794761e-01 4.964564340886795102e-01 5.018375174937960148e-01 5.060456399305081066e-01 5.027851954641459065e-01 5.018251366998183194e-01 4.877800346775352236e-01 5.006527262953712754e-01 4.907113313742886285e-01 4.994810108911184598e-01 4.975227059475325619e-01 5.057007137311165801e-01 5.062197132581890413e-01 5.150027938064485333e-01 5.105016541723054191e-01 5.117532801727110447e-01 5.100674284010443538e-01 5.098324514836183319e-01 5.038677014772662277e-01 5.114952760103232965e-01 5.108895443867540465e-01 5.167038068120827221e-01 5.116372225237793003e-01 5.115934045242689354e-01 5.077497780571011976e-01 5.109070201246728171e-01 5.081413997563213325e-01 5.094154320346739873e-01 5.140646848593418694e-01 5.146467194026628222e-01 5.064970548042886378e-01 5.149651451127463808e-01 5.151893120383947977e-01 5.183917542358426056e-01 4.959985755569064625e-01 5.044083919872899280e-01 5.059953787168243178e-01 5.052745816887281860e-01 5.073425921949145101e-01 5.035892459405080235e-01 5.080739268340713766e-01 5.022127370422055925e-01 5.117677790187097342e-01 5.092082522468249772e-01 5.051194095082903734e-01
-2.961187320871034798e-02 9.837749249435828736e-02 2.263743399011239332e-01 3.901467413111450178e-01 3.791969080951659299e-01 4.083440283678870797e-01 1.000000000000000000e+00 5.835197567150293141e-01 6.073904110959214009e-01 5.804293694453700470e-01 6.333200558656723045e-01 6.930495358360923008e-01 6.417786586267034687e-01 6.285966971663976555e-01 7.456603548644120671e-01 7.116114388618135500e-01 5.910059815419277385e-01 5.597741173320921471e-01 6.120751520225504727e-01 5.756424515338720571e-01 5.563466769110428922e-01 5.998953380122801216e-01 6.496431332878166431e-01 5.538416323250624496e-01 5.917801946183067763e-01 7.139420057214340698e-01 7.079197404939553406e-01 7.309418837541361569e-01 6.262024124551965887e-01 6.688712540110008931e-01 7.193702251399052283e-01 7.213293591672611527e-01 6.901863374254567640e-01 7.029310536652411123e-01 6.906164527477870463e-01 6.938429578696615474e-01 7.097347902250047413e-01 7.305675763613388440e-01 7.479835687208169492e-01 7.308007588276328459e-01 7.563806109276659528e-01 7.632482979712456039e-01 7.376318929654509526e-01 7.581836069307476000e-01 7.495671280320409524e-01 7.559335587015069136e-01 7.457142181216541710e-01 7.385324996911772910e-01 7.306322721834189737e-01 7.215922307339812658e-01 7.435424620004017493e-01 7.003685142564672894e-01 7.168780101357530299e-01 7.203123108642793815e-01 7.003136097292018691e-01 7.451532523799460073e-01 6.764518952462822421e-01 7.372485417359962989e-01 7.042475723942653865e-01 7.394066534469583285e-01 7.345318037507654330e-01 7.167182453934393127e-01 6.964884797921355730e-01 7.238297173395966677e-01 7.132808368142710131e-01 7.157414494860594445e-01 7.452265582453140302e-01 7.489426546542895524e-01 7.509755783754396008e-01 7.510623842762740310e-01 7.476980097791765534e-01 7.518743930404129250e-01 7.381767260813695275e-01 7.392114699313361292e-01 7.583385933723836292e-01 7.570814711575934997e-01 7.639598464724614013e-01 7.338402204867775502e-01 7.485003464468178436e-01 7.339425896938731597e-01 7.452601178315955144e-01 7.463643435048028518e-01 7.476199765590909596e-01 7.543660672404846057e-01 7.606544046292159633e-01 7.545972121524355813e-01 7.548349526568050027e-01 7.617275987306637575e-01 7.572258319243077018e-01 7.606978440760392424e-01 7.672636965869727987e-01 7.635966874563973050e-01 7.617692140179023186e-01 7.643120907808813591e-01 7.499060081437812775e-01 7.469842210238517577e-01 7.360246262164834574e-01 7.242105724692158297e-01 7.440209888612605571e-01 7.557213252040289042e-01 7.542136010499844723e-01 7.367755935224219455e-01 7.454490633652126608e-01 7.586795345649983702e-01 7.516316151595449080e-01 7.211594718896235934e-01 7.363678700066680349e-01 7.493307217578045742e-01 7.450148341970050936e-01 7.489347664944406846e-01 7.473360986268038353e-01 7.455692838209048157e-01 7.402895116537704379e-01 7.405555306379006941e-01 7.395762398193977960e-01 7.302777434091231035e-01
-6.336693497685971788e-02 1.618722199152004305e-03 2.552020841634377035e-01 4.571987535217492682e-01 4.201085661959662598e-01 3.856446286831083925e-01 5.835197567150293141e-01 1.000000000000000000e+00 5.510714372727926191e-01 4.901235187545437966e-01 6.014547290739939989e-01 6.794070412332264830e-01 6.029397484606050517e-01 5.866764880126730253e-01 6.876158922184120170e-01 6.968491864582259110e-01 5.757889384311878356e-01 5.131759125359290907e-01 5.879239616895508558e-01 5.706807336542252251e-01 5.617157068875587855e-01 5.944996703542413385e-01 5.767578725957271946e-01 4.994119485844769057e-01 5.450800752515696512e-01 6.310337689765657121e-01 6.411955184671979113e-01 6.435860030168586432e-01 5.379842389732263364e-01 5.540063439330705775e-01 6.202789466045515177e-01 6.513569309498237203e-01 6.273311792040608958e-01 6.481212158264245682e-01 6.113281135054302595e-01 6.574147747480235671e-01 6.321116103400885589e-01 6.791566062778391366e-01 6.834892395098097762e-01 6.979762858655929048e-01 6.813120015555241826e-01 7.064669247798449625e-01 6.996623338931722280e-01 7.128702034415139721e-01 7.017881387756286227e-01 6.907387697065716647e-01 6.868209810318676167e-01 6.703817204794154661e-01 6.726059178251928561e-01 6.899665589214748485e-01 6.897681828990607222e-01 6.967485467185031700e-01 6.930833409499456144e-01 6.516732888760118358e-01 6.424075002121668598e-01 6.768162164886313281e-01 6.489851688732003465e-01 6.913932351581276725e-01 6.565874535345350704e-01 6.857445072364626304e-01 6.876454367016439084e-01 6.705418174136551501e-01 6.613846524106723468e-01 6.722734666605447718e-01 6.678391808254592332e-01 6.685032071942775822e-01 6.810414894920725493e-01 6.818692233532487323e-01 6.764123616618593626e-01 6.996643894361860294e-01 7.031430657562570685e-01 6.933763351919604023e-01 6.681569797630823038e-01 6.664926212815949214e-01 6.870334329044273103e-01 6.803336065483247541e-01 6.818907867090822084e-01 6.549124174071835336e-01 6.687326188423711182e-01 6.517289362092359983e-01 6.602863941541338155e-01 6.682413081118674381e-01 6.862414794139164442e-01 6.817713627187146352e-01 7.031146310430996804e-01 6.923611100944727648e-01 6.812688193407637760e-01 7.010666309332157509e-01 6.908146520564767412e-01 6.932337087966193856e-01 7.015540570066509662e-01 6.985886721916569897e-01 6.990220125508157523e-01 6.956528551422639373e-01 6.854680700340255450e-01 6.798126931099592873e-01 7.071354784368314439e-01 6.863402024806632973e-01 6.906043512996523637e-01 7.027843790876826535e-01 7.022481776916458251e-01 6.911712183907537943e-01 7.000514095132728265e-01 7.070509634246850972e-01 7.044382167675705686e-01 6.798143676274486236e-01 6.768637150454065443e-01 6.790244118932668993e-01 6.839827056432834507e-01 6.916140678087120408e-01 6.929871179325972630e-01 6.867974193465707922e-01 6.827000869941265426e-01 6.900091948523824348e-01 6.842273979893339630e-01 6.813835967861565646e-01
1.871548771653315513e-01 1.752374821590166887e-01 2.460954517238763961e-01 3.441105513079753542e-01 3.435716042078842958e-01 4.081259894928544463e-01 6.073904110959214009e-01 5.510714372727926191e-01 1.000000000000000000e+00 6.940428016140857137e-01 6.611713632857149081e-01 6.906021080819959579e-01 6.420884094395764574e-01 6.756441674232462891e-01 7.541429916734708749e-01 7.373096224705181223e-01 7.446969736748028090e-01 6.192481572275292390e-01 6.435087408668924702e-01 5.384696727733685462e-01 5.334819458494681754e-01 6.028003961427169655e-01 6.963223005025284129e-01 6.127202237942108720e-01 6.338052385312757941e-01 7.814311046835155095e-01 7.848715494478001320e-01 7.749530967255922054e-01 7.685252774277585575e-01 8.024051165555667886e-01 8.284114060292916415e-01 7.885163789741277407e-01 7.148015986034945701e-01 7.716465684638579292e-01 7.713628920200615857e-01 7.319423365996552411e-01 7.924657875227526516e-01 7.797952838653890995e-01 7.978010195633853385e-01 7.222384682082012564e-01 7.977482268795244025e-01 7.810459881244021796e-01 7.522700000216334670e-01 7.980267798801113921e-01 7.801886462339759909e-01 8.042660558703601525e-01 7.993612895945686470e-01 8.211646389008999680e-01 8.103540345299089509e-01 7.628027303450002350e-01 7.947306461048593285e-01 6.955552530336422956e-01 7.550774959627657434e-01 8.278850111073544626e-01 8.158950863978428059e-01 8.116601573121167146e-01 7.891331229752458487e-01 8.075607827787714132e-01 7.999430336190103130e-01 8.140344953333514821e-01 7.962422390320805787e-01 8.061309590431925409e-01 7.977045193236131926e-01 8.021390587364689573e-01 8.107165404039987644e-01 8.117096479461671787e-01 8.134374772556084432e-01 8.156009920103740596e-01 8.152201185929859317e-01 7.860450212378482515e-01 7.761715936422486362e-01 8.103184390268717285e-01 7.944257381103067006e-01 8.011223085467388261e-01 8.180793173057415713e-01 8.170426343798448121e-01 8.117028348596260212e-01 8.240789155806558242e-01 8.218725050170129220e-01 8.349168073578318028e-01 8.282525918055515524e-01 8.277446846569139760e-01 8.121549919792203642e-01 8.156098112845402426e-01 7.924444520613758147e-01 8.078643819974010709e-01 8.112974012931245538e-01 8.041242025383464886e-01 8.082116886634450603e-01 8.060010123500754853e-01 7.845871321939899001e-01 8.058798517931826666e-01 8.022023353656198008e-01 8.097796980008744594e-01 8.097178991082776278e-01 8.150586297364168509e-01 7.620009064633622708e-01 7.970254829240087657e-01 7.997615498469814455e-01 7.941498759734902935e-01 7.874731312406678674e-01 8.018298935117869064e-01 7.860527534018334483e-01 8.009447408490263376e-01 7.959268504299221725e-01 7.981383316938317485e-01 8.115204440298710020e-01 8.172714180738548384e-01 8.153182566773978790e-01 8.098427586357230812e-01 8.061099934919202514e-01 8.111029843411030615e-01 8.084305616128344418e-01 8.050256010907912430e-01 8.158779045278126141e-01 8.107186986440562126e-01
8.565815712041066621e-02 1.986240522162266153e-01 1.973897896260831952e-01 2.965639894998397530e-01 3.188635251291999095e-01 3.688622636995398385e-01 5.804293694453700470e-01 4.901235187545437966e-01 6.940428016140857137e-01 1.000000000000000000e+00 6.205429334711997091e-01 6.320187304535785922e-01 6.103258512806998271e-01 6.347291770735964400e-01 7.070628318645859611e-01 6.763060800634941305e-01 6.469596570061890706e-01 5.594962038975610508e-01 5.753039491823365159e-01 4.815623843309544960e-01 4.711969183505331227e-01 5.325462715381966694e-01 6.518511899585157643e-01 5.604684088307912981e-01 5.604385693503759480e-01 7.343639733698675842e-01 7.275305371007840805e-01 7.268265783869284347e-01 7.197114718390196231e-01 7.398055622214559923e-01 7.727471726432586507e-01 7.510199889024719022e-01 6.850358682730078863e-01 7.173245282833989878e-01 7.173060206158405894e-01 6.899752424256567762e-01 7.328365057884350664e-01 7.389311521458038490e-01 7.541632108448099725e-01 6.890289357337592291e-01 7.556486851115773451e-01 7.381128861432382227e-01 7.140188000007373637e-01 7.420027979080910940e-01 7.292375946735631942e-01 7.501884871141146771e-01 7.546627867910526977e-01 7.687710308216019195e-01 7.489520914751509606e-01 7.001729609522582276e-01 7.495205895525983708e-01 6.183960661588091545e-01 6.794951859196067812e-01 7.669949749796061145e-01 7.553370212788211857e-01 7.682800831898812799e-01 7.155826682832614472e-01 7.546618931416269049e-01 7.440076232803491951e-01 7.541803142882518296e-01 7.408923518252470419e-01 7.471070056940058990e-01 7.353117854223486516e-01 7.418118310402976867e-01 7.328889588246467746e-01 7.348538810104053853e-01 7.637877210541872408e-01 7.583444217593177106e-01 7.698882378609283039e-01 7.264610526303546534e-01 7.139731245617287891e-01 7.465085338009318505e-01 7.427139916665610464e-01 7.377792926317829902e-01 7.693148434026518823e-01 7.670758193102815703e-01 7.650737118426613748e-01 7.730676820730528753e-01 7.681266272540748785e-01 7.752947661429693271e-01 7.721616091577877539e-01 7.740742771511031073e-01 7.615353397449311501e-01 7.647512127587950959e-01 7.479914727934107166e-01 7.608776300855254471e-01 7.633434068212373580e-01 7.611872092100856468e-01 7.636180961487586405e-01 7.663743010645944764e-01 7.460427789305198454e-01 7.615125400793111288e-01 7.505630751018660396e-01 7.608990568206063232e-01 7.597137852023405635e-01 7.641161800293047035e-01 7.179716255493650001e-01 7.315889835731743673e-01 7.484648936487909854e-01 7.482636583230843907e-01 7.444194530578676083e-01 7.466543177771857165e-01 7.240581138862725030e-01 7.508063123564920893e-01 7.367470403718161531e-01 7.404424719538824640e-01 7.541470518716782978e-01 7.658976314646341876e-01 7.643031457412724494e-01 7.605613809504581102e-01 7.566245913330558182e-01 7.567883519786563484e-01 7.553093106568671278e-01 7.493356973952488564e-01 7.493274449626466938e-01 7.419116667268390586e-01
-1.167078236227844269e-02 8.536942786336700062e-02 2.431486643642127299e-01 4.421649576194884856e-01 3.775045169281527890e-01 4.053397012172396674e-01 6.333200558656723045e-01 6.014547290739939989e-01 6.611713632857149081e-01 6.205429334711997091e-01 1.000000000000000000e+00 7.575282408640190424e-01 6.597070228864303498e-01 6.717283352943698160e-01 7.881729007931416175e-01 7.441399540522871670e-01 6.872926223759459052e-01 5.770078500200667149e-01 6.461527505449772280e-01 5.628365649812372418e-01 5.651130663284357203e-01 6.354548052404292990e-01 6.669030093797791992e-01 5.585055467977355637e-01 6.158664278735055397e-01 7.501276431933215916e-01 7.645029451302128853e-01 7.714995016671845063e-01 6.942330339991922283e-01 7.165942946360446264e-01 7.714826305962175779e-01 7.703151795893903309e-01 7.313653650525901995e-01 7.432605197073982595e-01 7.387588893802534695e-01 7.506907553211249473e-01 7.613623891178109560e-01 7.744052721251475369e-01 7.985008649581044615e-01 7.761735176205559750e-01 8.002170616401208525e-01 8.006087002019660614e-01 7.825588961596354753e-01 8.063052172769115122e-01 8.006238073447157211e-01 8.033013666951437370e-01 8.037143327287248340e-01 8.014533872289175687e-01 7.946610864662708718e-01 7.687632252427832880e-01 7.970364902073485691e-01 7.501826311401091907e-01 7.773195194886628467e-01 7.871217414443546501e-01 7.714297269693256576e-01 7.933504544269456282e-01 7.683512138842635286e-01 7.996817785893994834e-01 7.781284467004241368e-01 8.030533172169277423e-01 8.004545040316624060e-01 7.904248608068907833e-01 7.777947951400896454e-01 7.899763675696747089e-01 7.865697524940253871e-01 7.918320022973396322e-01 8.091105515611394239e-01 7.987353731482654817e-01 7.966691042462329397e-01 7.860237261220422988e-01 7.919969323981659315e-01 8.068750527279053841e-01 7.752987731959231077e-01 7.796760399883500003e-01 8.111751016621648880e-01 8.122952235982193736e-01 8.087303637567646586e-01 7.965044196337501825e-01 8.025325806280270147e-01 7.910718906332826483e-01 7.999358248006546157e-01 8.035099516909433026e-01 8.063388843947367768e-01 8.055191268030310603e-01 8.083017730347180629e-01 8.043579146727245499e-01 8.079945809556891012e-01 8.107571766861829676e-01 8.102337471064778862e-01 8.070630532963448678e-01 8.118134487835758639e-01 8.142804019155969186e-01 8.145892853968785818e-01 8.129855239071648310e-01 8.071451120783225130e-01 8.068906441834524657e-01 7.960970138159721987e-01 7.928059425974502972e-01 8.055116105612687427e-01 8.088389195042351432e-01 8.095335423959620913e-01 8.039841402539608106e-01 8.053849039104864493e-01 8.125788200436645514e-01 8.100431891496627790e-01 7.959006882990798948e-01 8.011868294924094913e-01 8.086176477165852861e-01 8.059004654844758031e-01 8.073824418659005797e-01 8.077214047780116868e-01 8.075673674568067950e-01 8.044000550886890588e-01 8.056465647776009931e-01 8.064058959198870946e-01 8.023339466145884558e-01
-6.475236284721661018e-02 3.713001749274583152e-02 2.911832484801672449e-01 5.565995854334597759e-01 4.360260816766227676e-01 4.641950553343911490e-01 6.930495358360923008e-01 6.794070412332264830e-01 6.906021080819959579e-01 6.320187304535785922e-01 7.575282408640190424e-01 1.000000000000000000e+00 7.350550780096722914e-01 7.286086192175650345e-01 8.439648312394966156e-01 8.348740150945687111e-01 7.251769598158875896e-01 6.104547854585070654e-01 7.070623119544149349e-01 6.825771572318711788e-01 6.623153346485107784e-01 7.236998956152317364e-01 6.985740433788842907e-01 6.064760523731591579e-01 6.786704198386729336e-01 7.641565181818102959e-01 7.964164600956294970e-01 7.923737737301884687e-01 6.922383152138392726e-01 7.154019044254352755e-01 7.762362171083725393e-01 8.029284227729123202e-01 7.701114887524856956e-01 7.874889138632196195e-01 7.510642120505119923e-01 8.009966847955728442e-01 7.837888950163688362e-01 8.382139594208889433e-01 8.417577155588231719e-01 8.530955009080940510e-01 8.478760736943319332e-01 8.567621427802561973e-01 8.584230473500047420e-01 8.718877194395354691e-01 8.591859800192631624e-01 8.524885317648754901e-01 8.616972840791082833e-01 8.511216216530250733e-01 8.537522607563557964e-01 8.469766509318272796e-01 8.621668274700909906e-01 8.541480422442344622e-01 8.681008246520580673e-01 8.367677871623278030e-01 8.194162637957301820e-01 8.361689639627987169e-01 8.356178675184106064e-01 8.614514882600357026e-01 8.433326744960698562e-01 8.638157589529912306e-01 8.638391308176562866e-01 8.523939151195361053e-01 8.423759281829747980e-01 8.527745036984234472e-01 8.431500025084661676e-01 8.574846055864271399e-01 8.533809468379192076e-01 8.490788789752232724e-01 8.397710080038377489e-01 8.680718190401145451e-01 8.735552973573532665e-01 8.680221284787612568e-01 8.321207777617467549e-01 8.336007704144704489e-01 8.524880233369865890e-01 8.551539108279606616e-01 8.509625758884835633e-01 8.258941390006964145e-01 8.398756573771207767e-01 8.219375550855514412e-01 8.320828288023712771e-01 8.422280112112170425e-01 8.538375188163941365e-01 8.499840205405573279e-01 8.629621565257702409e-01 8.557219920416051506e-01 8.493507443585170957e-01 8.653784312845711479e-01 8.582843607319761148e-01 8.514930503113280480e-01 8.624767148455095844e-01 8.666833035098152616e-01 8.701512619538901427e-01 8.651836719018111133e-01 8.624693113706690673e-01 8.565944429795520065e-01 8.663730845839433536e-01 8.588796118825245962e-01 8.650165816123933649e-01 8.716935555805536140e-01 8.693360688609623743e-01 8.646920238420028326e-01 8.792790676503040581e-01 8.742713124236500821e-01 8.755288696807456139e-01 8.590093611915690097e-01 8.574462617877474102e-01 8.563698677917359614e-01 8.553832384261764732e-01 8.608090130189408606e-01 8.668389216472212055e-01 8.649588921530013685e-01 8.616428560697578787e-01 8.635770903236804630e-01 8.619056786081799038e-01 8.654531625726492594e-01
-3.050651588553383517e-02 5.728862041115266590e-02 2.515695185562114022e-01 4.194373218494383826e-01 4.322317161586514134e-01 4.311716959040716168e-01 6.417786586267034687e-01 6.029397484606050517e-01 6.420884094395764574e-01 6.103258512806998271e-01 6.597070228864303498e-01 7.350550780096722914e-01 1.000000000000000000e+00 6.775853022375617485e-01 7.866136831545024188e-01 7.598823178877653906e-01 6.619977186916428114e-01 5.392896748547808539e-01 6.050274369562412824e-01 5.897661457999083812e-01 5.376990993774216632e-01 6.012787306373413854e-01 6.439202485047030855e-01 5.436565364122699640e-01 5.889485506001599369e-01 7.158846419607168832e-01 7.274705098378538848e-01 7.298777260801292410e-01 6.601453421976271052e-01 6.804146991054801363e-01 7.415525414421620942e-01 7.433666940411420843e-01 6.970468812303916017e-01 7.203661843711893775e-01 7.014443895009009333e-01 7.322092241143489666e-01 7.302648163427546413e-01 7.614725578470628031e-01 7.782545616718101744e-01 7.560340912876114539e-01 7.897723672979624077e-01 7.871635073820858475e-01 7.847007434171556772e-01 7.935336582548236928e-01 7.830691570693594228e-01 7.786229654861992477e-01 7.977211531082221141e-01 7.948114070788540042e-01 7.882339205875704691e-01 7.590646201794238879e-01 7.889785534401171363e-01 7.502165970809583362e-01 7.786252873753932713e-01 7.798413108662082260e-01 7.567655332497377207e-01 7.770417149319698291e-01 7.518829377788031065e-01 7.928732104685601856e-01 7.701698425279059901e-01 8.029655882951539647e-01 7.969181615264859797e-01 7.858925792169092484e-01 7.669546322381421977e-01 7.854929031081282487e-01 7.771308761880303395e-01 7.823258874214300551e-01 7.974589173666598585e-01 7.865262627572078280e-01 7.818474714578818041e-01 7.868077846887566729e-01 7.782128872327661595e-01 7.879379086842824842e-01 7.669993667667398540e-01 7.668685924180634883e-01 7.962539330916778013e-01 7.927383646772567793e-01 7.928373606454122147e-01 7.801061241017166470e-01 7.884243595192417242e-01 7.797795195232249954e-01 7.850517151546295702e-01 7.904947924296129580e-01 7.905128429046465177e-01 7.905882080543437107e-01 7.937901888602516554e-01 7.914600560590583367e-01 7.918206685929595201e-01 7.993186674571084449e-01 7.993027127261680409e-01 7.924327576080002489e-01 7.947833701826265695e-01 8.040964343694722016e-01 8.032044397110674749e-01 8.020287260400310592e-01 8.053099738800280072e-01 8.005748137311322621e-01 7.873285872995091639e-01 7.860495872656384497e-01 8.029867216639586802e-01 8.013051575947908178e-01 8.031122898535499877e-01 7.940677951474162111e-01 8.055703125277056120e-01 8.092552328963453778e-01 8.031335523792758613e-01 7.857856075642308813e-01 7.965446002802984982e-01 7.985325074587511507e-01 7.963683842127150525e-01 8.038674893550008527e-01 7.998039491690446257e-01 8.047542169505426113e-01 7.982500354679082921e-01 8.011443455816521508e-01 7.952348462197232903e-01 7.963949417710172174e-01
