1.000000000000000000e+00 1.065594342062523292e-01 1.231291263783790418e-01 1.088783327769190373e-01 2.525720136898919679e-02 -1.127732744577403853e-03 6.328821631759906641e-02 4.437535245978815879e-02 8.719340354965657292e-02 5.190832687751083946e-02 5.124906225565260126e-02 3.897534378073076733e-02 1.861875971477460964e-02 2.905450285729574769e-02 2.536921234704128322e-02 2.967353035993412422e-02 2.775567522181309268e-02 6.597249414965701553e-02 4.693298582135530667e-02 1.276727799762107374e-01 1.023567339191738673e-01 4.022049674691444143e-02 8.468083416207732028e-02 6.442620719060519752e-02 4.708486116529347898e-02 5.784031521620871391e-02 6.570023800798224789e-02 6.478605684298437140e-02 1.079000103657264398e-01 1.025158219805807069e-01 8.135816845381883822e-02 3.574081415580762644e-02 6.614224028414945888e-02 5.718058411980545680e-02 8.057041998391210880e-02 2.104868992830635083e-02 7.428696150416325139e-02 5.045181743679972436e-02 4.715074769862889065e-02 9.261757522591876693e-03 9.721569903337732091e-03 1.173407305377570375e-02 1.979682274913346224e-02 3.387664203810460822e-02 3.082155099754324903e-02 3.866075534973406613e-02 1.254510534786892027e-02 2.227702642055251134e-02 3.345975638780670364e-02 2.966473053085860734e-02 3.013696597979515987e-02 4.173494353365835539e-03 1.941137336826451870e-02 5.085525107060487326e-02 5.630264225966749581e-02 3.437866257637416795e-02 7.012382138316923530e-02 1.812006329129244031e-02 4.777582821029600912e-02 3.830309871067484606e-02 2.688639103892923043e-02 6.541537446986099569e-02 5.286055528619242050e-02 4.897018529294445977e-02 2.888159464319635730e-02 4.120760375753061699e-02 2.199562716126349585e-02 1.904939931807738893e-02 3.635454077546891594e-02 4.375975471104767700e-02 2.478611929366970543e-02 1.836637898350098816e-02 2.832146153773043573e-02 1.739838895720604781e-02 2.837583816731248723e-02 3.467623219821715230e-02 3.272236744586051044e-02 5.098476805484555840e-02 3.679292395930414822e-02 4.391795639954620967e-02 3.155117518240314889e-02 2.703955457726314390e-02 3.091270138830990236e-02 4.337758530237686289e-02 2.524966962777332874e-02 2.592097245709949413e-02 1.751485214722576719e-02 1.702160807715982771e-02 1.869288358665543992e-02 2.070128348005419172e-02 7.518040919092639808e-03 7.220538481189230258e-03 8.681222498721790151e-03 1.187641228839041857e-02 2.208330593555537721e-03 9.519001550139644802e-03 -4.773709484177561871e-03 3.266553735948273668e-02 9.459372133563070939e-03 8.613479445773568072e-04 -5.905155533076268280e-04 1.822836747817318734e-02 7.923564499273847220e-03 5.856415991350462889e-03 4.851042705586179615e-03 3.032599710807406049e-02 2.408929731825917159e-02 1.926649035233010329e-02 2.057878759019791948e-02 7.894918835410394409e-03 1.196529798943083561e-02 1.817600563377480549e-02 2.378001204183445225e-02 1.918666734903478471e-02 1.232337884601294835e-02 2.324142663684919050e-02
1.065594342062523292e-01 1.000000000000000000e+00 1.087060155033057057e-01 1.075140523186062930e-01 7.049474293447985374e-02 9.179201528097195861e-02 1.438466773276692867e-01 1.330710971349587657e-01 1.662137918795059677e-01 1.695645292575552743e-01 1.734249158550819903e-01 1.686862299550003774e-01 1.328199286162419779e-01 1.470100082902655314e-01 1.679955940053734498e-01 1.626787502807120478e-01 1.593170530614228808e-01 1.683159357307079107e-01 1.657444264707107207e-01 1.634569825250589414e-01 1.676250357472070240e-01 1.751554203765419981e-01 1.751495740572451554e-01 1.678292501684308657e-01 1.601127862240243060e-01 1.610775770806048834e-01 1.646928507546807363e-01 1.683446749067687154e-01 1.876894591948783386e-01 1.746062551104531901e-01 1.790463678432676620e-01 1.721238771281800861e-01 1.768853640442275832e-01 1.749621805073690861e-01 1.730643471534954181e-01 1.610062873040658538e-01 1.770451810569149687e-01 1.798114289622019524e-01 1.748997754678348060e-01 1.590455470062116239e-01 1.605834954768969591e-01 1.660927237604277185e-01 1.588116031882161883e-01 1.661293177925117770e-01 1.695281053699616014e-01 1.742819818735103221e-01 1.665892558779511201e-01 1.734130899611242838e-01 1.643337797955763679e-01 1.595965737774829030e-01 1.696425984555061106e-01 1.376570001785868136e-01 1.576469921490179782e-01 1.738033680037942008e-01 1.708421384962954814e-01 1.788490777406325227e-01 1.657043503267388584e-01 1.641350191432284777e-01 1.767247428808261800e-01 1.700561430987889422e-01 1.617380680352305533e-01 1.748828302667415902e-01 1.731455463139627837e-01 1.662155061304903536e-01 1.689769540037107387e-01 1.672098219226975102e-01 1.711393799196112842e-01 1.761825237963287882e-01 1.749708010103546707e-01 1.769702582612043551e-01 1.757748513650435329e-01 1.735236440005246961e-01 1.775699766822279035e-01 1.700797438969816611e-01 1.707792226580487349e-01 1.745225391180167673e-01 1.764524357168159308e-01 1.887343375346894336e-01 1.779213399491535175e-01 1.737200732698123418e-01 1.690036873622337288e-01 1.739618009149544176e-01 1.782650199135921987e-01 1.757632235784271912e-01 1.705845094176112187e-01 1.732368834927216494e-01 1.714857220441842467e-01 1.742768972788652504e-01 1.711368982828914143e-01 1.789563810114748466e-01 1.697731193425677243e-01 1.689884061403235105e-01 1.659995963407717157e-01 1.689919420823574880e-01 1.645889624218457581e-01 1.726839078044419828e-01 1.538336900484749414e-01 1.532306589001148356e-01 1.610269412979734860e-01 1.638411121332725151e-01 1.639908301771555721e-01 1.683179442899347400e-01 1.588753077289385418e-01 1.662056667981151592e-01 1.632978587172846663e-01 1.687910836523804914e-01 1.652795131212176916e-01 1.744286651605374550e-01 1.716195078621340075e-01 1.659956012571511819e-01 1.712198245413442399e-01 1.672808830127284763e-01 1.722524718993107551e-01 1.684928218423658031e-01 1.685360492134065635e-01 1.693368438620113936e-01
1.231291263783790418e-01 1.087060155033057057e-01 1.000000000000000000e+00 3.876474359881473819e-01 2.304989343066820573e-01 2.071179533876112422e-01 3.852548473120417372e-01 3.558924225163104249e-01 3.843556544898102389e-01 3.402677257137211586e-01 3.950697910906108556e-01 3.945637746364932807e-01 3.418743771562353095e-01 2.918548042620878746e-01 3.937944984340936982e-01 3.982819692078328755e-01 3.722951470872151725e-01 4.192935921005042643e-01 4.284854564861630966e-01 4.227099523900586520e-01 4.428709965606917320e-01 4.139772192174748233e-01 4.356525315397744014e-01 4.286503906030416644e-01 4.285016313999332471e-01 4.233529596530582473e-01 4.228759749861517592e-01 4.351295891948155359e-01 4.214581364821818332e-01 4.350337147373933844e-01 4.383751976526972238e-01 4.178550663612771165e-01 4.238100385035954987e-01 4.292692908793577788e-01 4.131091755144947197e-01 4.232607918533942137e-01 4.179382116252057244e-01 4.226976761874908783e-01 4.266477022285202203e-01 4.119535869911492010e-01 3.933999056766888658e-01 3.963532559078490891e-01 4.142049033409412884e-01 4.087728950810177730e-01 4.131468542943764199e-01 4.108609827794103553e-01 3.802591136941508854e-01 3.876159382367916906e-01 3.961227974210875802e-01 4.005141614106725867e-01 4.050290775536635191e-01 3.880221879004476238e-01 3.889872648896664509e-01 3.968489175359969923e-01 4.060151392013555682e-01 4.072775848145981925e-01 4.041163836259441533e-01 3.948986649735727328e-01 4.040667652294426815e-01 3.878935621026800562e-01 3.939989161777156523e-01 4.075163490781895104e-01 4.072450803196769331e-01 4.013336013810019365e-01 3.860502313930983531e-01 3.924835099345631573e-01 3.924692850782506293e-01 4.048277656878788155e-01 4.115829118214170412e-01 4.158053299390347957e-01 4.121399424335914219e-01 4.039200296507376442e-01 4.108889681036058117e-01 4.133565910748209227e-01 4.058919279309132211e-01 4.006345104010517466e-01 4.087271553205322205e-01 4.160027666659356638e-01 4.102746462160769547e-01 4.048056999792860045e-01 3.971083353026058083e-01 4.035133777815984035e-01 4.178334121348118990e-01 3.989493403970551522e-01 4.036768643292268366e-01 4.066853217590801761e-01 4.010952284979242832e-01 4.034662386614885632e-01 4.021406737248751639e-01 4.008995663397766362e-01 3.994851912796786864e-01 3.948494307236067868e-01 3.955023228437802851e-01 3.945078928573655941e-01 3.782706719650638094e-01 3.870451555608078187e-01 3.928158696563339713e-01 3.918055756405863232e-01 3.886498863374967527e-01 3.936113461012200609e-01 3.942265660121042070e-01 3.936273609917356198e-01 3.854527082107843117e-01 3.878675390983950533e-01 3.971268097120266294e-01 3.943600536256803291e-01 3.914043067961903155e-01 3.895119866232923389e-01 3.960295716605622407e-01 3.829375627283032602e-01 3.905263489334661609e-01 3.847652271802580182e-01 3.930969909251109673e-01 3.933586494861107674e-01 3.881542694740405808e-01 3.888477006497040867e-01
1.088783327769190373e-01 1.075140523186062930e-01 3.876474359881473819e-01 1.000000000000000000e+00 3.063844839478038207e-01 4.075003579795732356e-01 6.003307865866576165e-01 5.581861060732753455e-01 5.770717277479104901e-01 5.239331608208983582e-01 6.060136860390918923e-01 6.396833469594273014e-01 5.617436255370857889e-01 4.519574904297006812e-01 6.453032799693919630e-01 6.345471229184542761e-01 5.733563499851448420e-01 6.039965343583661994e-01 6.229370923130366222e-01 6.278033044546901253e-01 6.281532101635703969e-01 6.287854025891758125e-01 6.414754542121960945e-01 5.910697327483293018e-01 6.233752511449689448e-01 6.553413719955293315e-01 6.448906813556301021e-01 6.505181937091268907e-01 6.191297786918793511e-01 6.417193371433074223e-01 6.630148177560372114e-01 6.227035655994855867e-01 6.237720941286689635e-01 6.187503743491692410e-01 6.175877468026671480e-01 6.422119818866662833e-01 6.557675385541313906e-01 6.466994737483078293e-01 6.560185042020231228e-01 6.417642272303307749e-01 6.415490096439220302e-01 6.401589102945770549e-01 6.618216227333990620e-01 6.498523151937114495e-01 6.503012623646688972e-01 6.561514199596846231e-01 6.215973136603704097e-01 6.271972291267164934e-01 6.224563139281861224e-01 6.210544304958902639e-01 6.371903034983318337e-01 6.422816822860411001e-01 6.301051730258090400e-01 6.327592886584639809e-01 6.465137545376203887e-01 6.571642524366360094e-01 6.470687635561205298e-01 6.366886886346951879e-01 6.332696395711480131e-01 6.275839462342600594e-01 6.424623198578894856e-01 6.497620068073167721e-01 6.486019902031829876e-01 6.426081553442478667e-01 6.310900293402118555e-01 6.448829379074688672e-01 6.310958665036847659e-01 6.362446661353902133e-01 6.423119439587418045e-01 6.504837769594727925e-01 6.431110158117356868e-01 6.394000607196735908e-01 6.319148274585262293e-01 6.394452165733178761e-01 6.442356727406095551e-01 6.407662460173606522e-01 6.451216197386303586e-01 6.422755263964659012e-01 6.383257857022209825e-01 6.386956909684838868e-01 6.399650047924186902e-01 6.424390664653381045e-01 6.518943994401925623e-01 6.394412189389080403e-01 6.405131723879101679e-01 6.348288882984119974e-01 6.440562545667783967e-01 6.426114982739236092e-01 6.423786956539959681e-01 6.428032700378066844e-01 6.395516008653557849e-01 6.392551285841449049e-01 6.363216232998075705e-01 6.410837578299104500e-01 6.202593228729321728e-01 6.280462526664953860e-01 6.446961211172149708e-01 6.470986756669014905e-01 6.402362555547519429e-01 6.326209971715138769e-01 6.503010167088998372e-01 6.476580622377811070e-01 6.269274338760992826e-01 6.390787627803075077e-01 6.482806090273284250e-01 6.545787554763513594e-01 6.333312533862908156e-01 6.360498064021339326e-01 6.419437583046953000e-01 6.310251855287335454e-01 6.399080710949303086e-01 6.306331797363778913e-01 6.416425198415620645e-01 6.441134157634329505e-01 6.306489454018822105e-01 6.376591244334777198e-01
2.525720136898919679e-02 7.049474293447985374e-02 2.304989343066820573e-01 3.063844839478038207e-01 1.000000000000000000e+00 2.903129639556560893e-01 4.493467006807386754e-01 4.041843655344132813e-01 4.653312819241489096e-01 4.229852914382135620e-01 4.556577847091701772e-01 4.868694459201601821e-01 4.481593830331292994e-01 3.715116918676229507e-01 4.925553655774439488e-01 4.700977026472020204e-01 4.486206273505414233e-01 4.315874916137726891e-01 4.727307855546030724e-01 4.374784317592722571e-01 4.343113910751636997e-01 4.701415760015607570e-01 4.761160656656969747e-01 4.523485713727617985e-01 4.777289599780775164e-01 4.989231238251591316e-01 4.945626688228701995e-01 4.616485863065178386e-01 4.515202796027000809e-01 4.789641761122279129e-01 5.009885126138964306e-01 4.921033620977542378e-01 4.602317972328111573e-01 4.759898619614144621e-01 4.877332113096676247e-01 4.425480170816557535e-01 4.771310401679859092e-01 4.890177611091033327e-01 4.952443994330079091e-01 4.565979921981904166e-01 4.929179246459500230e-01 4.990410969013637232e-01 4.880354828134697565e-01 5.088575431909897473e-01 4.996576180982445492e-01 4.997639904399729938e-01 5.042633426669528296e-01 5.040820950791263799e-01 4.945804822300406411e-01 4.792589414792272628e-01 4.909236919675105115e-01 4.872253658894138972e-01 5.057519335523442683e-01 4.979822473879321199e-01 4.974415415531154294e-01 4.925779557408263010e-01 4.880028259135924529e-01 5.071360857740245809e-01 4.963735629233305691e-01 5.071083730760579389e-01 5.075481041462648335e-01 5.015545405130104051e-01 4.933299027077661103e-01 4.951860218628746924e-01 4.990237045050930353e-01 5.031969520559886888e-01 5.054195654322586329e-01 5.112177318435381368e-01 5.125483274207184303e-01 5.137286112292031026e-01 5.077065017624246002e-01 5.110322751004939823e-01 5.107639792131023482e-01 5.089283553297281326e-01 5.097325755210447840e-01 5.083839487890838837e-01 5.017310596733579597e-01 5.020729099622890379e-01 5.083648513410207181e-01 5.074135624414736201e-01 5.086505787017960856e-01 5.116626166674127507e-01 5.033079190943625658e-01 5.073861083524484616e-01 5.092384992635125007e-01 5.099926090045141525e-01 5.011691076227433594e-01 5.060654679008389500e-01 5.087443630293998487e-01 5.016864979677758685e-01 4.997799739977549782e-01 5.070917705800090935e-01 5.080649656759542721e-01 5.053807109377486118e-01 5.065907343824035403e-01 5.069051104190249735e-01 4.993916012877295252e-01 4.998985864742486740e-01 5.076000895467770446e-01 5.022460455839998783e-01 5.056734400472246982e-01 5.027803997364902466e-01 5.100306749618194191e-01 5.087345083315234495e-01 5.091442384818418709e-01 4.982473529553826941e-01 5.062708573754327590e-01 5.043778954395414793e-01 5.071842214170798613e-01 5.080123941334889759e-01 5.021151206464997685e-01 5.075852523586560361e-01 5.062498759545124294e-01 5.034460359686032671e-01 5.029409892191276654e-01 5.037356788559034237e-01
-1.127732744577403853e-03 9.179201528097195861e-02 2.071179533876112422e-01 4.075003579795732356e-01 2.903129639556560893e-01 1.000000000000000000e+00 5.279611473442343828e-01 4.777216048082211786e-01 5.117164752342784340e-01 4.569308757103387464e-01 5.231893073440461173e-01 5.511294470237323440e-01 4.859990473646884079e-01 4.131366687798215809e-01 5.630717321737271908e-01 5.541678101059670514e-01 5.025579582496251252e-01 5.101294829078908410e-01 5.348271524616017292e-01 4.918671710017428755e-01 4.962935988919636165e-01 5.432640383374750526e-01 5.369362160007375984e-01 5.046684669057762695e-01 5.257457572612715957e-01 5.664439049333790388e-01 5.534387635213153800e-01 5.328205761688890041e-01 5.011338098243106609e-01 5.433248884394893397e-01 5.628007868454755203e-01 5.477077249406575588e-01 5.127575612959855977e-01 5.211191789428440968e-01 5.313334695771406713e-01 5.135431907084004877e-01 5.419891647215502317e-01 5.525632872863016631e-01 5.475797737727683412e-01 5.275225008140351779e-01 5.601443235806652376e-01 5.615843429369515860e-01 5.463937805236351863e-01 5.652935572013950694e-01 5.645212337707508077e-01 5.644423733647335739e-01 5.655740185946627197e-01 5.621843527048107081e-01 5.631962799216206905e-01 5.315110615065105071e-01 5.561922587544394503e-01 5.344909698441006052e-01 5.507480306265617465e-01 5.569245738391985778e-01 5.592384591707745267e-01 5.609649190258448881e-01 5.552540799625313994e-01 5.632584171889027935e-01 5.619532855887848788e-01 5.599726480490657687e-01 5.676244712427089834e-01 5.661314026874755267e-01 5.621753388438494037e-01 5.603762908968987766e-01 5.544335856635485005e-01 5.581168130424926099e-01 5.666919892812829485e-01 5.679362207852289846e-01 5.690597010085250984e-01 5.681762419672392594e-01 5.654537815516725852e-01 5.676230772340083996e-01 5.630844963385567281e-01 5.604678100030894283e-01 5.696701195423011788e-01 5.643793376178215526e-01 5.664550271799916326e-01 5.546636050113686878e-01 5.652503907798802629e-01 5.667913584866502985e-01 5.648332134034157459e-01 5.669816316466933515e-01 5.667367169800541227e-01 5.602537713133483033e-01 5.640663142500941252e-01 5.588378151497093160e-01 5.618384225662266251e-01 5.672063959540292188e-01 5.641586187650936557e-01 5.624219329494256625e-01 5.627583046516025922e-01 5.668465556779576087e-01 5.645171414481247041e-01 5.682077271174773569e-01 5.623685273964325049e-01 5.639152154304782893e-01 5.609581825739866634e-01 5.611452251260431456e-01 5.680700155107372140e-01 5.625010420936350508e-01 5.662639272801996970e-01 5.677608897083115114e-01 5.609075589744496604e-01 5.664548198507222132e-01 5.641069065527279935e-01 5.665242162007363413e-01 5.674921431662641735e-01 5.627008085164986184e-01 5.654918002358463314e-01 5.648449462011593258e-01 5.676544566537339298e-01 5.646865919038044357e-01 5.686836378698280070e-01 5.675304668666673047e-01 5.600777326930478361e-01 5.631557461521253805e-01
6.328821631759906641e-02 1.438466773276692867e-01 3.852548473120417372e-01 6.003307865866576165e-01 4.493467006807386754e-01 5.279611473442343828e-01 1.000000000000000000e+00 7.017719260008278281e-01 7.520526917502572406e-01 6.712898234480262349e-01 7.717199200377620194e-01 7.985821270811980233e-01 7.198804567602486992e-01 6.168393073266579263e-01 8.280878561243107949e-01 8.055604966234998221e-01 7.327116437255557502e-01 7.384195570441870471e-01 7.859257096359064665e-01 7.594188235749453897e-01 7.589633337502322830e-01 7.898622234745356074e-01 8.066939433769380052e-01 7.613115600822417672e-01 7.890896670367030241e-01 8.304527249690292212e-01 8.113343645143695770e-01 8.163519133555512397e-01 7.733911276080435160e-01 8.046877738186627438e-01 8.351384721693055901e-01 8.093468584422778278e-01 7.840662817365983139e-01 7.896128098587991140e-01 7.881211211460410482e-01 7.619267868613680550e-01 8.140710055990537652e-01 8.315278239351966416e-01 8.315457684522079562e-01 8.024077396008426621e-01 8.205206435225721462e-01 8.256316647289005939e-01 8.243581058401594497e-01 8.363876613003720095e-01 8.316654543811086153e-01 8.362382126592038389e-01 8.118117909024193946e-01 8.151922961983423255e-01 8.144807085764615984e-01 7.888681647634868677e-01 8.203585370157665535e-01 7.889888882610284204e-01 8.128795741328379565e-01 8.100588656788930697e-01 8.221803530313270825e-01 8.245032211976797143e-01 7.991333091323329363e-01 8.240453861830359106e-01 8.224152855833586351e-01 8.145597885213732292e-01 8.196385639363998887e-01 8.215327951181983224e-01 8.147391388405640367e-01 8.068982548238218255e-01 8.037536508612189712e-01 8.090986747947920277e-01 8.187816729156154327e-01 8.274179881842835815e-01 8.340926522345740723e-01 8.366941442855331257e-01 8.305364814021330977e-01 8.284441384165325273e-01 8.284705710263927658e-01 8.276009227500893406e-01 8.331313244520368588e-01 8.253509646765075924e-01 8.310011121680053181e-01 8.263749691024713240e-01 8.313946672496429491e-01 8.252651513504678515e-01 8.253369261020814251e-01 8.281114745524892351e-01 8.284845936460052407e-01 8.213147920265245761e-01 8.245514311082878800e-01 8.252915074401013795e-01 8.281040403892141466e-01 8.317860884696420820e-01 8.280730486618287367e-01 8.220616072932247498e-01 8.256893270986100930e-01 8.282493093267593309e-01 8.276261511608158372e-01 8.312040483498188692e-01 8.101903400024388358e-01 8.180992218052896003e-01 8.203969692932824298e-01 8.099941960823151543e-01 8.224790772216723500e-01 8.230679325400067636e-01 8.297100454837417205e-01 8.237960450613732721e-01 8.140726013746888423e-01 8.248280641090223186e-01 8.225236513032346819e-01 8.141029212869183018e-01 8.175387199482585521e-01 8.218971162006086795e-01 8.258640748087717753e-01 8.207142065049701785e-01 8.253631356189219392e-01 8.152246877167904637e-01 8.229860500814668578e-01 8.178217645286619542e-01 8.129842704217806748e-01 8.134268216383270245e-01
4.437535245978815879e-02 1.330710971349587657e-01 3.558924225163104249e-01 5.581861060732753455e-01 4.041843655344132813e-01 4.777216048082211786e-01 7.017719260008278281e-01 1.000000000000000000e+00 7.019966611086747577e-01 6.446493219174713740e-01 7.176374274440808776e-01 7.546059261279307595e-01 6.841385671593046558e-01 5.806104781347466437e-01 7.675139050952080044e-01 7.621645637252602024e-01 6.956467761824030038e-01 7.087618523044096897e-01 7.403891842726471051e-01 7.174144561972266576e-01 7.142448105416800974e-01 7.510120027328708314e-01 7.551345249755798683e-01 7.275549587367398097e-01 7.382581542918826845e-01 7.733055456754809320e-01 7.587329375623190764e-01 7.493406070839593314e-01 7.042841397059830255e-01 7.592233989664320948e-01 7.749431528750577725e-01 7.684277159913817101e-01 7.319770850139810658e-01 7.463635208504411089e-01 7.526962342354380775e-01 7.102114729270876392e-01 7.562425415979796561e-01 7.838645453862916890e-01 7.829791280298884493e-01 7.543491455444579774e-01 7.728244374627167845e-01 7.814280670304586396e-01 7.792460421791921332e-01 7.857372952804069222e-01 7.827266337794038797e-01 7.929073291708663707e-01 7.716912139752373223e-01 7.698642640979551643e-01 7.709344545717646824e-01 7.439458159791308978e-01 7.746383514914373380e-01 7.365995720725795337e-01 7.593639419884081754e-01 7.623959252940574194e-01 7.694011793051758197e-01 7.763846257571352938e-01 7.523872672956538610e-01 7.783433043174647903e-01 7.745691090352506691e-01 7.687013461560435745e-01 7.743670773121831274e-01 7.727178951483715252e-01 7.659921954810268163e-01 7.620069068304358151e-01 7.555602935541014809e-01 7.609080171023215877e-01 7.718165467403056423e-01 7.840287806433797746e-01 7.866338109974163606e-01 7.865440105903060974e-01 7.854445810165590069e-01 7.858331257238885259e-01 7.858137981277589779e-01 7.819276237783800987e-01 7.834112697739828990e-01 7.751593885862416711e-01 7.777397884804139183e-01 7.684760751188509653e-01 7.842326056350749086e-01 7.783282460253888591e-01 7.762699710942763121e-01 7.797638986557063889e-01 7.792616635363033284e-01 7.720295176762884681e-01 7.800140394491638096e-01 7.790209636357261491e-01 7.769992933123823775e-01 7.854842607283831768e-01 7.815085288242056283e-01 7.730617855257281290e-01 7.772042532246919988e-01 7.797737739928530809e-01 7.802420580350365453e-01 7.852168592637295275e-01 7.695705905300878058e-01 7.734909192570000869e-01 7.732326704704980402e-01 7.611597641401129932e-01 7.760365370721848954e-01 7.793871079954746151e-01 7.845061218517350721e-01 7.770213836489997528e-01 7.696780738064649130e-01 7.784974409500324821e-01 7.738282142365762173e-01 7.664273985506082632e-01 7.751813342016803388e-01 7.743976493448955223e-01 7.771969381751284711e-01 7.779401089060689056e-01 7.799141688562362118e-01 7.714638980413581759e-01 7.759872617308647413e-01 7.721074475020958117e-01 7.651682384387495928e-01 7.667121693388030401e-01
8.719340354965657292e-02 1.662137918795059677e-01 3.843556544898102389e-01 5.770717277479104901e-01 4.653312819241489096e-01 5.117164752342784340e-01 7.520526917502572406e-01 7.019966611086747577e-01 1.000000000000000000e+00 7.743630236032706948e-01 8.263718982151194714e-01 8.563410010579473042e-01 7.785615586935721311e-01 6.615031773535642312e-01 8.530480089399476995e-01 8.411715830897849022e-01 8.114819477387349433e-01 7.506994104262728618e-01 8.189817677623227876e-01 7.498643341153475861e-01 7.698907091505460265e-01 8.223288095095273587e-01 8.251685017818221057e-01 7.666818543368670857e-01 8.015312888758879817e-01 8.643442016202372846e-01 8.597325034508870312e-01 8.061054904302429325e-01 7.947498920287756619e-01 8.495665519136724742e-01 8.739911530686963470e-01 8.478843858223983343e-01 7.971003215940594133e-01 8.235925187398241976e-01 8.494595590909443938e-01 7.636415414620286723e-01 8.443000662360432562e-01 8.558667707508795797e-01 8.596093093512758854e-01 7.932838210960125869e-01 8.750615444256315545e-01 8.695739163337178335e-01 8.214402898073197568e-01 8.787359959590747005e-01 8.701192760114475622e-01 8.704641448621907029e-01 8.853367307068485959e-01 8.937078999331565798e-01 8.849695167714789479e-01 8.375084694738189617e-01 8.681632577782417703e-01 8.246194683499596945e-01 8.738561721833668638e-01 8.927763963837753725e-01 8.841579011564303370e-01 8.781511008492235426e-01 8.853622332496504654e-01 8.833217648199037653e-01 8.879282487523025846e-01 8.970254194554525551e-01 8.894171189701306490e-01 8.973003918385209499e-01 8.825193692194047701e-01 8.865541798525302664e-01 8.842808932006274159e-01 8.913462132954197426e-01 8.919870390738491306e-01 8.902437881470196546e-01 8.904950970230033347e-01 8.899525001738910479e-01 8.857407871709439551e-01 8.923239502677409174e-01 8.809978459774886472e-01 8.756541107230284560e-01 8.933490848771663551e-01 8.912145156698929593e-01 8.816332137614575348e-01 8.832122166580601563e-01 8.884648202375226012e-01 8.956858711318018695e-01 8.951131685899776924e-01 8.950526559351492661e-01 8.876063594878328411e-01 8.906411391415575141e-01 8.820165999199188755e-01 8.830946542182940284e-01 8.817390561275606498e-01 8.847577985165652192e-01 8.874417736036067650e-01 8.836824840195425246e-01 8.710837921205658585e-01 8.853635920631757195e-01 8.848942378288010557e-01 8.846814739512847137e-01 8.881050422959854140e-01 8.920519048366329917e-01 8.617665962493109566e-01 8.782458886814374921e-01 8.853474508386985908e-01 8.789690463519371777e-01 8.715690245795743030e-01 8.871268524246782583e-01 8.863842678140319009e-01 8.870118710187109290e-01 8.793062945211550518e-01 8.889416523611836096e-01 8.949233561444510654e-01 8.935610852550092131e-01 8.904501934347720526e-01 8.900060201334366594e-01 8.869140187868578273e-01 8.942978285154469242e-01 8.948946819308826184e-01 8.901486715897719559e-01 8.879079744083463455e-01 8.939574227516181582e-01
5.190832687751083946e-02 1.695645292575552743e-01 3.402677257137211586e-01 5.239331608208983582e-01 4.229852914382135620e-01 4.569308757103387464e-01 6.712898234480262349e-01 6.446493219174713740e-01 7.743630236032706948e-01 1.000000000000000000e+00 7.582268688598733375e-01 7.914716675546265012e-01 7.214156761340672075e-01 6.138087541496982658e-01 7.905151871472674285e-01 7.834088539059682610e-01 7.497383399515674673e-01 6.766149411548282311e-01 7.511762596644695478e-01 6.705983071643997206e-01 7.027334863313497992e-01 7.526889966469216819e-01 7.368236270603892857e-01 6.950785183832559611e-01 7.304608027251677793e-01 7.871644814180153160e-01 7.791776509504309001e-01 7.338039173847480390e-01 7.020024347742127580e-01 7.679654561917312883e-01 7.902827080040559782e-01 7.823314390276970842e-01 7.335641097297888047e-01 7.566395103273405587e-01 7.705578393989689356e-01 7.083633922419207973e-01 7.658083635869352701e-01 7.912130754138502198e-01 7.923976235882495001e-01 7.395994867490858216e-01 8.075638833301076458e-01 8.049415977114672271e-01 7.593028671634641791e-01 8.095024546961501200e-01 8.015201801644576962e-01 8.006126598488239043e-01 8.249379514259729262e-01 8.297937141409018613e-01 8.177989840443232739e-01 7.784169388704854642e-01 8.075893892823849951e-01 7.547651815595537439e-01 8.081539344307135941e-01 8.217250045945343473e-01 8.115113904734831962e-01 8.085228639782160442e-01 8.066070508079056234e-01 8.151162858103290221e-01 8.186294379162636359e-01 8.278729493605517797e-01 8.204790510559972772e-01 8.229935160037256114e-01 8.083879109891257686e-01 8.132369043851692680e-01 8.157217004328521925e-01 8.203457206849690264e-01 8.295273095111932449e-01 8.226048976811062285e-01 8.155687014591028738e-01 8.197151415200958358e-01 8.215815141812414790e-01 8.265889144955076429e-01 8.104675330758903673e-01 8.103651728426547463e-01 8.246182395059769021e-01 8.245541743588765682e-01 8.152931658637500023e-01 8.040347709095685413e-01 8.189178556143879018e-01 8.229878108146686522e-01 8.240770131372947560e-01 8.240990620992518778e-01 8.185237455779772464e-01 8.202966340930057942e-01 8.149173514570700050e-01 8.153193368602089652e-01 8.170076478593716329e-01 8.200619770979943324e-01 8.198536311475538296e-01 8.170978492722712483e-01 8.118337552887394670e-01 8.229665919099472537e-01 8.202095418851103048e-01 8.207122079409120419e-01 8.261618867495800211e-01 8.282577363903074197e-01 7.993545166159951032e-01 8.069322389202379098e-01 8.168083340426619543e-01 8.161183185778229099e-01 8.073498954578001152e-01 8.185654655667781165e-01 8.210486156157474902e-01 8.233829490410431440e-01 8.163391465981176820e-01 8.151671166272649316e-01 8.277396505862280041e-01 8.268154864953675132e-01 8.240482837866817123e-01 8.273693807466107053e-01 8.215953224137004796e-01 8.277779914616633095e-01 8.268614404375849158e-01 8.230873250148752485e-01 8.230605827493304716e-01 8.272801581906431556e-01
5.124906225565260126e-02 1.734249158550819903e-01 3.950697910906108556e-01 6.060136860390918923e-01 4.556577847091701772e-01 5.231893073440461173e-01 7.717199200377620194e-01 7.176374274440808776e-01 8.263718982151194714e-01 7.582268688598733375e-01 1.000000000000000000e+00 8.856024329838213527e-01 7.975663395150538459e-01 6.730944060109960159e-01 8.845740485385388263e-01 8.755330825189598931e-01 8.143409321786214683e-01 7.644362958323352997e-01 8.392922899608543652e-01 7.661600021349798117e-01 7.941749373612561058e-01 8.412404269396001055e-01 8.509446205178763378e-01 7.916564541687887147e-01 8.310369344278503156e-01 8.872307000816064271e-01 8.751123661870434667e-01 8.478307931481374737e-01 8.017916455718425706e-01 8.626847054218578226e-01 8.995325166161945996e-01 8.767793276453802465e-01 8.410166034248458544e-01 8.532614203711892387e-01 8.638352874989173591e-01 8.136891457274320061e-01 8.716372638154893382e-01 8.906705862781846283e-01 8.918911745841462402e-01 8.528318008294449859e-01 9.043049857205105457e-01 9.008734840472701899e-01 8.685778660768809223e-01 9.053291217297105842e-01 9.006188252181427378e-01 9.017335008895930315e-01 9.047323199764883972e-01 9.089047634259972419e-01 8.951640864456839042e-01 8.625275689137069657e-01 8.921317786253168958e-01 8.534050307622815801e-01 8.898997693887887861e-01 8.987127929266237603e-01 8.961867949545864187e-01 9.026850312832419565e-01 8.803003151438727469e-01 9.105542451059511766e-01 9.033852247569165161e-01 9.040735228715275351e-01 9.043201838862731101e-01 9.021647889610450166e-01 8.955946475293637965e-01 8.909073975375687571e-01 8.953688555323884302e-01 8.993569272568255890e-01 9.096889647303932902e-01 9.102701892444063914e-01 9.091719597104613859e-01 9.099781935885692397e-01 9.084825144094887950e-01 9.106407632497597326e-01 9.002846844810405980e-01 9.023541597492525934e-01 9.150346450777763208e-01 9.111328517122833093e-01 9.076837327996334359e-01 8.973289544162841302e-01 9.071630968475490331e-01 9.110150992941460357e-01 9.120029481845791652e-01 9.139623338957959531e-01 9.094615273872164174e-01 9.086546557457426676e-01 9.058146041596810694e-01 9.069452319384426753e-01 9.091936109725728965e-01 9.132110686896218743e-01 9.124547642552583993e-01 9.043914472481048294e-01 9.057254510089342014e-01 9.123960867012239628e-01 9.113201375851492925e-01 9.134941740828353973e-01 9.083838316581818173e-01 9.114391618033079734e-01 8.956838296778953934e-01 8.909432856139962720e-01 9.067869000692911907e-01 9.079489013009259812e-01 9.058502362062534896e-01 9.084469238401673419e-01 9.048239193046198059e-01 9.100381537511735841e-01 9.066319383938908905e-01 8.986720242416731397e-01 9.085891799958570880e-01 9.117391631317410816e-01 9.128671309383018517e-01 9.109493248953347555e-01 9.100114762299201798e-01 9.093240078898772172e-01 9.116379802511305197e-01 9.074036880785575354e-01 9.051626493016844410e-01 9.068540238573852275e-01
3.897534378073076733e-02 1.686862299550003774e-01 3.945637746364932807e-01 6.396833469594273014e-01 4.868694459201601821e-01 5.511294470237323440e-01 7.985821270811980233e-01 7.546059261279307595e-01 8.563410010579473042e-01 7.914716675546265012e-01 8.856024329838213527e-01 1.000000000000000000e+00 8.315048170620154000e-01 7.055390880038200363e-01 9.142048744452041520e-01 9.100445928203343415e-01 8.476364829577471838e-01 7.796309162961467809e-01 8.621972067547892804e-01 7.796970210975087134e-01 8.125855327663229488e-01 8.691892744145689464e-01 8.705866393481138665e-01 8.038844404923589648e-01 8.557335680537448974e-01 9.166712981145035410e-01 9.073674514445174699e-01 8.691154140690853236e-01 8.311673967172981126e-01 8.890679953241926725e-01 9.284191920143272103e-01 8.995972254134675383e-01 8.655982287851615720e-01 8.796824965628551318e-01 8.931296252499639765e-01 8.473223480130985807e-01 9.025640328521418176e-01 9.178766411148319149e-01 9.261417372360032374e-01 8.748161114818228112e-01 9.350628521762044398e-01 9.350115772602617392e-01 9.044002938603351582e-01 9.414031043083003203e-01 9.337693415809472652e-01 9.339368744111076204e-01 9.429953900510728015e-01 9.478042398325308149e-01 9.297655064501141320e-01 8.931460189468618527e-01 9.267930643787538614e-01 8.892386672488078458e-01 9.261397859403338595e-01 9.371375430470915147e-01 9.300917295100644688e-01 9.381029856343329199e-01 9.211025544078718097e-01 9.446184064555946946e-01 9.376117634265691558e-01 9.445769704345888806e-01 9.430106024626521144e-01 9.402506645390141804e-01 9.334443367512053058e-01 9.334880134620293646e-01 9.372208030277910940e-01 9.414059334649805821e-01 9.477214956642102672e-01 9.458901943027302472e-01 9.414083064477508644e-01 9.455932384104230870e-01 9.421375181140543287e-01 9.471366056549469503e-01 9.317377338962125055e-01 9.340346337596887594e-01 9.493959246917667016e-01 9.460604672465887655e-01 9.410962369534130456e-01 9.327207558828629619e-01 9.411196814450849546e-01 9.446518856994137181e-01 9.463158255702583954e-01 9.514830399307271369e-01 9.466215841173429846e-01 9.426683397147311849e-01 9.394583635614027761e-01 9.393837344054939420e-01 9.454031210682800612e-01 9.467887648057156103e-01 9.482965486575827274e-01 9.448769097635457692e-01 9.385666585643391846e-01 9.476153476281192756e-01 9.469400274199782919e-01 9.482414770247550306e-01 9.456867297473320333e-01 9.494970506287124801e-01 9.323907503645977313e-01 9.300976992384091258e-01 9.438980771427540883e-01 9.418139242136973621e-01 9.421026213718565190e-01 9.465902316539593908e-01 9.442911414711016027e-01 9.483124411830262668e-01 9.454350172635530569e-01 9.411635028639928624e-01 9.462017591761293644e-01 9.494118764233238084e-01 9.499111934246953215e-01 9.481777935719223338e-01 9.468574340837747627e-01 9.486935594902482505e-01 9.499426360366323152e-01 9.476983558349183490e-01 9.466370174798192094e-01 9.484687420974290406e-01
1.861875971477460964e-02 1.328199286162419779e-01 3.418743771562353095e-01 5.617436255370857889e-01 4.481593830331292994e-01 4.859990473646884079e-01 7.198804567602486992e-01 6.841385671593046558e-01 7.785615586935721311e-01 7.214156761340672075e-01 7.975663395150538459e-01 8.315048170620154000e-01 1.000000000000000000e+00 6.501065613012544375e-01 8.362605810322101263e-01 8.337535609933183212e-01 7.633998179999831324e-01 7.070262510610101359e-01 7.831631973660510004e-01 7.108927356334951986e-01 7.332106885086212555e-01 7.893595105214052943e-01 7.902228589615453158e-01 7.331947701343041190e-01 7.783830925189829664e-01 8.394182094001428895e-01 8.241680595267419918e-01 7.829455884766814977e-01 7.462252275976403171e-01 8.016737851537394377e-01 8.374207502079767940e-01 8.237914735378188968e-01 7.816131312607623727e-01 7.982116494014781516e-01 8.126679286363341914e-01 7.624865252461734411e-01 8.243348365436969916e-01 8.386316014666740370e-01 8.441821161745582947e-01 7.925075585378176246e-01 8.542336177381362194e-01 8.577910870433630430e-01 8.267743859149345731e-01 8.600454148804689281e-01 8.532165545849690336e-01 8.546991898555378331e-01 8.616040052352235135e-01 8.660633184287261921e-01 8.507200645154767704e-01 8.153455910817571928e-01 8.450450623414108575e-01 8.121572044862003237e-01 8.489292459533198665e-01 8.546101717157462696e-01 8.464086503487527890e-01 8.512028987632417332e-01 8.331689123730459112e-01 8.636285200092432834e-01 8.532640667109138155e-01 8.657653040325825611e-01 8.645721848749033933e-01 8.545662805824399966e-01 8.442660987721544164e-01 8.504685874695498971e-01 8.553284173336908047e-01 8.575521726925726673e-01 8.664517560812343699e-01 8.654681213834966025e-01 8.633922558297866257e-01 8.645173732148699886e-01 8.620798457047349483e-01 8.650117739682168239e-01 8.536032880977447723e-01 8.550277992715131781e-01 8.687491363425124957e-01 8.640559350834265961e-01 8.572953652331418706e-01 8.489454408651527784e-01 8.591053974259277304e-01 8.597795577413643864e-01 8.641996308342348998e-01 8.693980450447117425e-01 8.604203607087005379e-01 8.613127784074393611e-01 8.627162284193337083e-01 8.612586090944607253e-01 8.639445662639831935e-01 8.663736159963764116e-01 8.680382573103264665e-01 8.618130539085258057e-01 8.597452859806835601e-01 8.685626730280209262e-01 8.682329030629057920e-01 8.685935023165854973e-01 8.673951096921478365e-01 8.697874160297742741e-01 8.557154372143846999e-01 8.536306780216741386e-01 8.655516085134780102e-01 8.635276437194994159e-01 8.644583261389154893e-01 8.653102507021686041e-01 8.656644854594359728e-01 8.702938155008734800e-01 8.663272984102724505e-01 8.585435237982087520e-01 8.671805191487895748e-01 8.684444347782162010e-01 8.681008552676672263e-01 8.696654433179765720e-01 8.661806157410379958e-01 8.689692715478862794e-01 8.673724087763398094e-01 8.663346129613357371e-01 8.647658109617532007e-01 8.659095697252099377e-01
