1.000000000000000000e+00 7.906375390729344921e-02 2.873551960724207016e-02 -1.027485994056239887e-01 -6.424403079353636914e-02 -1.429456757824162060e-02 -5.900888614968828431e-03 -2.353423543880388616e-02 5.895483672614147685e-02 6.795154680246677861e-03 1.496761014964885983e-03 -3.494166866266743693e-02 4.648330958468742738e-03 -2.047441831727130762e-02 -1.240062439845890027e-02 -8.176996392460722518e-03 2.619395302752512700e-02 -1.185910785071862122e-02 -6.906297551884316502e-03 -1.091078740126086438e-01 -6.085380851696600008e-02 -4.808260378585348799e-02 2.202197935016364516e-02 -1.803588298282453317e-02 -2.564204255116098521e-02 1.633006163438079474e-03 -1.536259118468535044e-02 -2.099565535572617964e-02 2.070900785193599894e-02 3.017191035210725972e-02 1.606148235393817583e-02 9.226092471065724596e-03 -1.374399748885885356e-02 1.811686671556322556e-02 1.496484394726503575e-02 -3.200630751020225491e-03 2.039633002849148072e-02 -5.744291706823092571e-03 1.697232392035435272e-02 -4.693166418540362789e-02 -7.158136458587220120e-03 -1.452769827359800051e-02 -1.759401123577307088e-02 -6.780899527250258164e-03 -9.435453632804281093e-03 5.060606795289674872e-03 -7.442435674984341706e-03 9.021177231660024512e-03 1.625906262105074069e-03 -1.422372671733173645e-02 -7.998689127257279166e-03 -2.419622504168372421e-02 -5.880882575928948232e-03 1.964868004109822028e-02 5.060633199169329612e-03 -1.134702622215345673e-03 3.634821991237339057e-03 -9.968790640808567610e-03 -7.053336228920095013e-03 -1.027036672058660944e-03 3.799026028870440812e-03 1.224267865672737669e-04 -8.077075303501249706e-03 5.376712212403444296e-03 1.682232940237109176e-02 4.790494624436400332e-03 1.509742267163931111e-02 3.971637809046504354e-03 5.451293081009401728e-03 -3.854691967964222338e-02 -2.711575150798325312e-02 -4.521687074761602219e-03 -8.796743823974655097e-03 -1.795842875452206486e-02 1.772067899596137166e-03 -7.191264605850819329e-03 -7.518503877091749221e-03 1.039048362722792829e-02 4.983314457982022938e-03 1.031344400520162012e-02 1.170888965727452137e-02 7.100607068145200519e-03 1.105109364382276735e-02 7.643151236871537947e-03 -2.088702542679321626e-03 4.406951497127957820e-03 1.069889821185735466e-02 -2.166460904323384232e-03 4.644509424973320214e-03 1.666868871659194862e-03 -1.431740133560762025e-02 -8.644995332744579222e-03 -3.351398035726245103e-03 5.605482696310177225e-04 -2.706300533647171616e-03 6.954016371862219333e-03 -3.284893460242269830e-02 2.863905210335234396e-03 -1.760495161556513335e-03 -1.523207323833925333e-02 -1.354027732257465609e-02 -4.382786054070264385e-03 -8.779652582114874301e-03 -5.558059644656491126e-03 -4.646774563750610647e-03 5.876916762049327544e-03 6.402411662608863824e-03 1.198582480769100865e-02 4.789546629831889328e-03 -5.106344191083482878e-03 -8.855037841486649089e-03 1.541521302238180353e-03 5.913616837957508081e-04 3.668221286272574811e-03 8.005662777959820023e-03 5.942420355376882776e-03
7.906375390729344921e-02 1.000000000000000000e+00 1.024690695113754102e-01 1.683418696911990337e-02 6.563853967857131988e-02 6.134920404073045119e-02 9.765226959891937231e-02 9.436652725242314355e-02 1.866469114531428275e-01 1.850838421037292736e-01 1.475420570878049342e-01 9.600324493579770468e-02 1.185212045356326405e-01 8.860331555240986978e-02 1.222352250447905075e-01 1.350777041019255720e-01 1.661249592968143118e-01 2.090732169291751597e-01 2.132249171737222726e-01 6.457771402810191796e-02 1.389995345832689688e-01 1.565949496467326507e-01 2.377026066805771887e-01 2.249683055436943468e-01 2.119908641809048200e-01 1.925748319427708355e-01 1.834677230654351010e-01 2.054710413921801149e-01 2.448154765138265965e-01 2.273160631017281386e-01 2.168010178429144452e-01 1.911342487440646221e-01 1.835186580343589335e-01 2.150430950352916759e-01 2.086414437781980435e-01 1.745823562782015115e-01 2.187543917605566102e-01 1.670205117573562992e-01 1.836656002385668451e-01 1.386994900914122475e-01 1.659837821265642832e-01 1.621185980569562202e-01 1.563526339938368370e-01 1.563149667061764503e-01 1.778506625324234869e-01 1.789960341023166812e-01 1.498762162404494447e-01 1.715584762708695643e-01 1.445802479186699685e-01 1.276409441510168719e-01 1.434306070892654161e-01 1.135928662821811125e-01 1.359961999550223788e-01 1.746393309308814090e-01 1.747850374154140685e-01 1.731185881406097637e-01 1.473645539310041164e-01 1.550299916916252352e-01 1.545620870464694263e-01 1.499566617497603560e-01 1.522624619780670596e-01 1.544853105926325132e-01 1.435806847615285764e-01 1.453428793996248136e-01 1.611524373698154378e-01 1.545124153979492987e-01 1.755527572128313674e-01 1.763894594927367387e-01 1.864208175403586909e-01 1.527758318427255846e-01 1.551186526901491280e-01 1.772140284932683385e-01 1.963550754787946329e-01 1.838704673569299675e-01 1.769800619243316331e-01 1.754954807117037330e-01 1.786855945236379695e-01 2.011156967578327515e-01 1.858685402150176413e-01 1.978158268021560362e-01 1.963869230017506462e-01 1.881739483728536444e-01 1.836103946422115718e-01 1.858847826894446109e-01 1.657566396498350858e-01 1.859845755752502494e-01 1.799760586292306896e-01 1.695880983736601511e-01 1.779774591999522537e-01 1.720235393467328122e-01 1.666064956150373200e-01 1.585472119954203229e-01 1.694077099244969686e-01 1.605878630180941902e-01 1.549758517462020979e-01 1.629648152705796549e-01 1.279975274262109275e-01 1.367497255726367877e-01 1.519644314120503215e-01 1.463738785877845006e-01 1.540885539023467143e-01 1.533369368739822547e-01 1.477346774317014888e-01 1.467149924980173936e-01 1.551375597300607423e-01 1.505563302512318846e-01 1.495703685735841060e-01 1.734059233457470872e-01 1.717202606622034167e-01 1.545971698660389415e-01 1.542305692057125699e-01 1.517627045994465740e-01 1.527782152169492591e-01 1.532109702855171396e-01 1.575660849906975192e-01 1.542109023796783551e-01
2.873551960724207016e-02 1.024690695113754102e-01 1.000000000000000000e+00 3.120625135661014293e-01 1.925531600525528519e-01 1.998539588991422311e-01 3.166564064547711665e-01 2.948123984566284328e-01 3.861187286653235406e-01 2.977705261874304399e-01 3.917556539498257551e-01 3.656098784610347097e-01 2.904044424263363955e-01 2.597363296076434236e-01 3.472168001624816869e-01 3.579223755837687704e-01 3.771606344931936472e-01 4.492654335479037697e-01 4.204067080160209247e-01 3.773707350478113232e-01 4.513660061474241147e-01 4.474395949413496054e-01 4.149408798451373337e-01 4.216461960144022858e-01 4.240986554242952566e-01 4.329381099400563260e-01 4.206393454134733645e-01 4.157353069333958873e-01 4.028983151382901085e-01 4.071797152856432844e-01 4.260598331805154348e-01 4.177097900144005060e-01 3.856837266508171824e-01 4.201986814280400107e-01 3.832425146218808032e-01 4.045318366357408268e-01 4.191529486903904367e-01 3.916427824122945545e-01 3.843408640065749116e-01 3.764657082347004913e-01 3.997394886494609056e-01 3.931792885804304416e-01 3.880321269329040090e-01 3.976797002725871999e-01 3.970610640388750334e-01 3.904098374527166793e-01 3.701771207533949282e-01 3.771742761745967565e-01 3.732150745685748339e-01 3.886605526314544923e-01 3.911835838904197393e-01 3.803202143428047188e-01 3.714466400811574087e-01 3.765288767388488833e-01 3.887957113214461358e-01 3.889030289936383777e-01 3.737592603594102614e-01 3.787830517590675683e-01 3.742161843350633177e-01 3.718842462334155941e-01 3.811359921990026267e-01 3.685990122673376557e-01 3.656811183541895938e-01 3.661690255161340612e-01 3.851544171059492205e-01 3.781435422371624000e-01 3.827379859525256722e-01 4.022929258837319444e-01 4.010640588780839955e-01 4.178345402926645913e-01 4.194000553130660114e-01 4.119226594987868695e-01 4.185447073648629890e-01 4.157469565015914914e-01 3.970336957709525993e-01 3.991013632575030612e-01 3.993393704013129542e-01 4.027887267456968790e-01 3.940647891323323937e-01 4.033436073446473036e-01 4.132677534429983202e-01 4.062134894528434126e-01 3.987044879803312569e-01 3.993776353585768435e-01 4.040615515626125864e-01 4.059919569638485992e-01 4.039480439700875447e-01 3.872803467547198397e-01 3.855423427134584413e-01 3.947473292577586279e-01 3.920742534098666798e-01 3.773506631995947047e-01 3.942295752331897996e-01 3.843418509382076076e-01 3.675067014219233208e-01 3.691557136209556722e-01 3.729322964301575172e-01 3.755067202330455989e-01 3.708370650195417784e-01 3.741773046808893333e-01 3.718963616074553169e-01 3.730063551824758794e-01 3.757645546779367351e-01 3.726511237632074147e-01 3.888296073980905820e-01 3.652261836468395084e-01 3.664332257144918836e-01 3.742109442448621759e-01 3.819833240721381973e-01 3.678730475843037806e-01 3.717559012618149028e-01 3.670735914149112489e-01 3.663365813883892042e-01 3.749098785451078775e-01 3.821295629989678866e-01 3.701599378364026638e-01
-1.027485994056239887e-01 1.683418696911990337e-02 3.120625135661014293e-01 1.000000000000000000e+00 3.236974063180920735e-01 3.528326591735128637e-01 5.500227518703617591e-01 5.521482754102156054e-01 5.163728740650288529e-01 4.506678897292767383e-01 5.614337923781916873e-01 6.442329949691738555e-01 4.832484196001792798e-01 4.424157618279054294e-01 5.899931823411429521e-01 6.014281157909349140e-01 5.224382076623131921e-01 4.908159225917713697e-01 5.160265035034574677e-01 5.897001217727848577e-01 5.983329630674368849e-01 6.185696406827976279e-01 4.544514848611213020e-01 4.433274520965296284e-01 5.128487648731291371e-01 5.899085551761357182e-01 5.904654879307651427e-01 5.417827978344468276e-01 4.680011378470710914e-01 5.026099327126908323e-01 5.387531691748747020e-01 5.609402945943984253e-01 5.049819891923212900e-01 5.121493240091893329e-01 4.781975988030759961e-01 5.704082895710933521e-01 5.102289593109985422e-01 5.714309343342990344e-01 5.375994420064751367e-01 5.838972140036180480e-01 5.968951971062805839e-01 5.794234784948024686e-01 5.895963530660197627e-01 6.024598592117349494e-01 5.902667765681168799e-01 5.621527719042430649e-01 5.915320958261863771e-01 5.696136314423175806e-01 5.968963001327556306e-01 6.190990419181378046e-01 6.096192385611177711e-01 6.355459438698691788e-01 6.082260477131479215e-01 5.556640101998115977e-01 5.676996522032063952e-01 5.696867896627779704e-01 6.019625310685442487e-01 5.904428357485446144e-01 5.892107928055786426e-01 5.950816980122366484e-01 5.950133211876339479e-01 5.866624652221315017e-01 5.929637167515336982e-01 5.871277160786150251e-01 5.809149442385168616e-01 5.996880759782036163e-01 5.616310453718146301e-01 5.707147184704237652e-01 5.563245009861047530e-01 6.227081279643955636e-01 6.272417689876045310e-01 5.858506459397482269e-01 5.516449964814256202e-01 5.832429810197126141e-01 5.795151337426242000e-01 5.840312342871809559e-01 5.719287968970903080e-01 5.529372771266005682e-01 5.577101504695542999e-01 5.485398161155954355e-01 5.509864994716419107e-01 5.737415347960979073e-01 5.637589734220868065e-01 5.551856220772524164e-01 5.877930681844921734e-01 5.621526080392286184e-01 5.601284945258967474e-01 5.720727929708787629e-01 5.592236877658438576e-01 5.743750660683261122e-01 5.768829618343315202e-01 5.791837594140351042e-01 5.827882103564885341e-01 5.787253071581419661e-01 5.768975661890997086e-01 5.653903847349326384e-01 6.099363474691756881e-01 6.023837094633520683e-01 5.875712108758076591e-01 5.941738144368787777e-01 5.810344209602521515e-01 5.882716578006556007e-01 6.001008940504343192e-01 5.898783853412815636e-01 6.004558024202693023e-01 5.810745121375736622e-01 5.799005313661609318e-01 5.553627715406498355e-01 5.665743854162387239e-01 5.819184731549928991e-01 5.818659889345567660e-01 5.788022275545704476e-01 5.797121424730359296e-01 5.811534517665650768e-01 5.807505661297223121e-01 5.817883573758620974e-01
-6.424403079353636914e-02 6.563853967857131988e-02 1.925531600525528519e-01 3.236974063180920735e-01 1.000000000000000000e+00 3.102373769600150211e-01 4.755775842060812608e-01 4.521957816192749835e-01 4.168874362298835567e-01 3.444861085730837602e-01 4.443557241911136879e-01 4.697758685581218119e-01 4.244674464173563422e-01 3.610750627100625665e-01 4.723935799903935528e-01 4.802146329214863063e-01 4.007157376077704614e-01 3.631819045438705595e-01 4.090784873034512548e-01 3.509471575644309005e-01 3.669257242362222171e-01 4.098702525065009983e-01 3.529628305312051406e-01 3.509133036584226595e-01 4.044872197087972521e-01 4.410222534076872480e-01 4.412095482299108751e-01 4.252699344379909374e-01 3.693539595396778674e-01 4.320391985109685584e-01 4.402771826260940546e-01 4.411688586865076256e-01 4.022962281507166948e-01 4.283739403605708596e-01 4.006174196690998612e-01 4.353028882464402005e-01 4.356277839303761001e-01 4.523193623720163092e-01 4.514872915756508731e-01 4.537807712275144234e-01 4.711310698209372760e-01 4.727069392052430929e-01 4.555992380041878898e-01 4.757585998162427998e-01 4.641035734813276914e-01 4.623385040535565871e-01 4.753486809079185971e-01 4.649190845418368356e-01 4.661571245768770244e-01 4.631350954887674676e-01 4.688636523487206831e-01 4.660912932691790300e-01 4.798283511848373539e-01 4.554051793087106614e-01 4.479576122938959126e-01 4.520494724354026661e-01 4.519913564411555673e-01 4.717366958408614197e-01 4.625444413514900321e-01 4.779094012203223829e-01 4.725533808925838630e-01 4.617683733055807926e-01 4.598643430698428070e-01 4.654717542374552375e-01 4.686446243014982804e-01 4.692632716200301757e-01 4.685112247769738780e-01 4.727650282989034891e-01 4.659018369829502348e-01 4.731715002168305761e-01 4.767693031152110406e-01 4.762317346530231532e-01 4.536011078775387673e-01 4.669217939756941660e-01 4.735617629320979516e-01 4.690803467268781501e-01 4.693839840178513634e-01 4.512675124813976257e-01 4.632806902646032232e-01 4.574167792039430802e-01 4.606182122678573743e-01 4.678638752986458149e-01 4.598838445759736993e-01 4.591442716133374846e-01 4.727664024047235625e-01 4.676416592574537123e-01 4.697577559192179231e-01 4.729085959598880451e-01 4.700607181386874389e-01 4.654177486159266075e-01 4.742240631471577594e-01 4.778282231996353047e-01 4.759640425843856271e-01 4.741516570067796921e-01 4.767816078780846012e-01 4.721136902168759364e-01 4.745640452084799454e-01 4.708937753396632564e-01 4.774493009900669382e-01 4.764220526203085671e-01 4.746559600888677899e-01 4.695142891738029456e-01 4.824012617065683850e-01 4.804192217216723959e-01 4.790805232982563999e-01 4.629672529683224735e-01 4.734479462710349806e-01 4.683865619380279677e-01 4.658512822360664773e-01 4.759811617049486410e-01 4.718054522556029418e-01 4.762825784780414518e-01 4.722467272068816002e-01 4.715487336295499654e-01 4.774438345859717825e-01 4.737381261389113085e-01
-1.429456757824162060e-02 6.134920404073045119e-02 1.998539588991422311e-01 3.528326591735128637e-01 3.102373769600150211e-01 1.000000000000000000e+00 5.064458266529601183e-01 4.820866430342587439e-01 5.192609584534844114e-01 4.851335119642884997e-01 5.352156161088734709e-01 5.710246728952841355e-01 5.130552447258119875e-01 4.534945146815174133e-01 5.752456616890648800e-01 5.640456076470946600e-01 5.260848399823686572e-01 4.302070389429602515e-01 4.891906912718183564e-01 3.927564853349516660e-01 4.436884236966017192e-01 4.845250896042780919e-01 4.377596291751277846e-01 4.119421871369058907e-01 4.682344017755554755e-01 5.338106531952854228e-01 5.284237833930063299e-01 5.236509235528902240e-01 4.869015877560083916e-01 5.256120772509803585e-01 5.452376150564300916e-01 5.398984161611908306e-01 4.987243771155045469e-01 5.157289512037397383e-01 5.132068481108369440e-01 5.473895483851700661e-01 5.271404476638199554e-01 5.600252855483028869e-01 5.625609906658193271e-01 5.558039367669961317e-01 5.755005434464641745e-01 5.799653723030672170e-01 5.731071721134805008e-01 5.836135047152279931e-01 5.737531121741119566e-01 5.701276980764140578e-01 5.909148582159613472e-01 5.830781486932574698e-01 5.802270140088354733e-01 5.534671100114882947e-01 5.772767349535037340e-01 5.559918940340300431e-01 5.736772156236834563e-01 5.710292442576213601e-01 5.621306272274253502e-01 5.703149225231405328e-01 5.673973970020560476e-01 5.846080679945940828e-01 5.840315935427300431e-01 5.866634548537857929e-01 5.803782812468176733e-01 5.842271699845239530e-01 5.804949997631776437e-01 5.797995511968070392e-01 5.769157014004692163e-01 5.761082592563798732e-01 5.808659741850241698e-01 5.766407987816759562e-01 5.684423254491319799e-01 5.691940955833212357e-01 5.709792846625316720e-01 5.714359120377020540e-01 5.518903400712827922e-01 5.614959789117941469e-01 5.787746301139182759e-01 5.785759554729612564e-01 5.736311933516780037e-01 5.649445756308905109e-01 5.751822894958090737e-01 5.604681110395152155e-01 5.603412153567554066e-01 5.732339378793285256e-01 5.708173028999192766e-01 5.642005764833403214e-01 5.657778078477414541e-01 5.682281796021784182e-01 5.718828823150702290e-01 5.821287945704429756e-01 5.780567626650009450e-01 5.763701435887598201e-01 5.779667950261936360e-01 5.871268955871571382e-01 5.783373114393693948e-01 5.860338754108943560e-01 5.861537766145330508e-01 5.866172122006889644e-01 5.803217913670544181e-01 5.735928144856052846e-01 5.874611462781998972e-01 5.843941411195107127e-01 5.864544799310267287e-01 5.858561766004756199e-01 5.839467462834800893e-01 5.888646181666181700e-01 5.825580762632943665e-01 5.776409051514754811e-01 5.833696514978218284e-01 5.818260907858564535e-01 5.803121220941592773e-01 5.889046359257876784e-01 5.876209841172708170e-01 5.884404079095423290e-01 5.892312350697667123e-01 5.833440482610969813e-01 5.833102724085607038e-01 5.822296007324916367e-01
-5.900888614968828431e-03 9.765226959891937231e-02 3.166564064547711665e-01 5.500227518703617591e-01 4.755775842060812608e-01 5.064458266529601183e-01 1.000000000000000000e+00 7.352061800971225747e-01 7.084809391510358267e-01 6.404366869866425782e-01 7.455297502544060428e-01 7.973298125564163286e-01 7.018976575775183191e-01 6.211041449226045730e-01 8.319387342489795722e-01 8.083981655428662538e-01 7.028390933205618252e-01 5.782256861982124629e-01 6.776464075525288067e-01 5.781327482427341957e-01 5.931732904841111598e-01 6.654664387559725558e-01 5.907194234230053187e-01 5.563625094499933255e-01 6.352502240448640869e-01 7.335834697240988245e-01 7.304608029483230514e-01 7.183643549937678285e-01 6.498466810512164571e-01 7.203476772786125970e-01 7.457339022547321283e-01 7.665465690238782992e-01 6.981030515854648177e-01 7.299721322231010889e-01 6.924865257083587800e-01 7.575826274139214611e-01 7.335285806382073615e-01 7.847083486581123424e-01 7.778263837446215412e-01 7.789233475259861317e-01 8.015808887615617495e-01 8.012454596678639795e-01 7.974241704672894171e-01 8.069085067136106959e-01 7.887885564748414735e-01 7.963545874254529533e-01 8.172556713270950901e-01 8.027022228771093504e-01 8.107436977938518030e-01 7.944568015721997778e-01 8.092824443230302034e-01 7.930940361508919123e-01 8.132681217416376507e-01 7.862250554170502337e-01 7.758749626364704888e-01 7.860774761185727044e-01 7.875979885569280858e-01 8.101823501543373718e-01 8.061252145168273930e-01 8.167679685536374246e-01 8.125441634828732829e-01 8.039019912785463351e-01 7.994044267266066095e-01 8.077203611114395221e-01 8.029285252966094077e-01 8.073343300988994331e-01 8.068995301654583452e-01 7.994780499337653668e-01 7.950238097905318879e-01 7.958077814059537625e-01 7.962198084350928795e-01 8.006930231286960575e-01 7.639807114347442196e-01 7.751683579292112380e-01 8.054152910463950876e-01 8.030721094156455520e-01 8.045353166776630927e-01 7.828974505002751494e-01 7.894849207434064819e-01 7.813503809250451626e-01 7.821555805328535005e-01 7.968955339335290766e-01 7.955755859755982984e-01 7.909977009971583817e-01 8.069600435237291869e-01 7.980872604829510886e-01 8.007858692170882753e-01 8.161454272671828658e-01 8.048245748397770960e-01 8.020987672893409304e-01 8.111871517149487065e-01 8.199582757795196297e-01 8.112128416574625467e-01 8.184386756305309651e-01 8.177613452060553678e-01 8.121620773990390063e-01 8.176202222310631207e-01 8.091023008129645255e-01 8.174555339966338430e-01 8.194106067449355990e-01 8.177619279133259145e-01 8.132875058047807082e-01 8.196765998390054264e-01 8.237870762501955380e-01 8.190391236403401498e-01 8.022604411930795987e-01 8.154394556174278108e-01 8.063179137483117431e-01 8.043743316375520092e-01 8.167580368831751647e-01 8.151260196111491663e-01 8.187648409851736586e-01 8.162344402646894981e-01 8.142161864219451539e-01 8.148342576749860733e-01 8.116550604365169175e-01
-2.353423543880388616e-02 9.436652725242314355e-02 2.948123984566284328e-01 5.521482754102156054e-01 4.521957816192749835e-01 4.820866430342587439e-01 7.352061800971225747e-01 1.000000000000000000e+00 7.209062464227009581e-01 6.416347709311438496e-01 7.420225702661447098e-01 7.892733931794901903e-01 6.935488558051449148e-01 6.255841443939387236e-01 8.019885922070494333e-01 8.058010645134173755e-01 7.166178693626475971e-01 6.002151780658476765e-01 6.741020551613864376e-01 5.703420237001375348e-01 6.167257691837659817e-01 6.683738947199682201e-01 5.955528593146215410e-01 5.649348790368585727e-01 6.408871806853136954e-01 7.351440440039392898e-01 7.229544065780739714e-01 7.040063271751182405e-01 6.360746328773420055e-01 7.134116788159451383e-01 7.372765944919752457e-01 7.655814467828787606e-01 7.013893111116296097e-01 7.258949439692367056e-01 6.996801667644892975e-01 7.570783042347237757e-01 7.266600214494685073e-01 7.844896536939821585e-01 7.794013677517154237e-01 7.612887843505153906e-01 7.866296917066846195e-01 7.868408043944261632e-01 7.893434922553921318e-01 8.042114439099378176e-01 7.802214564657891094e-01 7.801273552008854972e-01 8.111709948565101191e-01 8.027333916490484444e-01 8.106582184863333485e-01 7.945636895957174373e-01 8.095206787277290372e-01 7.705045568759010255e-01 7.984734573184786299e-01 7.922208647761573852e-01 7.898277763278200858e-01 7.871984079700424797e-01 8.010670674338670194e-01 8.101467104239438166e-01 8.138429689453010596e-01 8.128179003913090783e-01 8.099309587177865311e-01 8.148513337817775426e-01 8.081008954689371526e-01 8.099005965126225837e-01 8.011255329259088231e-01 8.084529995140382619e-01 7.990572954033490216e-01 7.937116497997545039e-01 7.881983246320908298e-01 7.900498798479294038e-01 7.918348726855628517e-01 7.911697468266822852e-01 7.597613778885057290e-01 7.729046798904686266e-01 8.004215215513056370e-01 7.934992082487563048e-01 7.882395843041011263e-01 7.684421522548355865e-01 7.812943645144190263e-01 7.771192893621857722e-01 7.777160632001464124e-01 7.907762670222776569e-01 7.927834690170519893e-01 7.844922072446147698e-01 7.986812759823515018e-01 7.877298222116279058e-01 7.907877640495816207e-01 8.041915286251229977e-01 7.974147085583652705e-01 7.988094125762910114e-01 7.971727213093091624e-01 8.076782885681667024e-01 8.039739972318603600e-01 8.058393245527066817e-01 8.112325472126113990e-01 8.071076654106260628e-01 8.100143940614388249e-01 8.088760631712474947e-01 8.148840524061752300e-01 8.142863436970015911e-01 8.103579425203764064e-01 8.125969649584314780e-01 8.100827902751978060e-01 8.123646029053180895e-01 8.079510783404564300e-01 8.054468927105209453e-01 8.140750781851049389e-01 8.008607823125439840e-01 8.039193308661216619e-01 8.123763234012747469e-01 8.138236833954156646e-01 8.120822716900270022e-01 8.129692609718989216e-01 8.094264947017304479e-01 8.062999616527692925e-01 8.087650226818087207e-01
5.895483672614147685e-02 1.866469114531428275e-01 3.861187286653235406e-01 5.163728740650288529e-01 4.168874362298835567e-01 5.192609584534844114e-01 7.084809391510358267e-01 7.209062464227009581e-01 1.000000000000000000e+00 7.415208456127617698e-01 8.170478686961455406e-01 8.105659571840898581e-01 7.242895994584800379e-01 6.488027788227845871e-01 8.268200656265971560e-01 8.374344240675515305e-01 8.257306469081333589e-01 7.411593029846370584e-01 7.958969532867480323e-01 5.850069399452064722e-01 7.113748911979104195e-01 7.643516833402558275e-01 7.579975154616458433e-01 7.034935633399779231e-01 7.679733622237825408e-01 8.385515987242424529e-01 8.366340839928575468e-01 8.188659533633918519e-01 7.909369126625960256e-01 8.581712468525335424e-01 8.649854728021787453e-01 8.687156253928635108e-01 8.021844730484685160e-01 8.463916122937343856e-01 8.205809417786761317e-01 8.495937721142559074e-01 8.588051970872010443e-01 8.571602095937871368e-01 8.711580176388988850e-01 8.125984060020083888e-01 8.700767247706571172e-01 8.633345598472126348e-01 8.584525910379992020e-01 8.761708780869479352e-01 8.648258052953110564e-01 8.685491907232211206e-01 8.738589153353485406e-01 8.874394281657118633e-01 8.771129000010567944e-01 8.487320637012457647e-01 8.737297773183180238e-01 8.253347460754913989e-01 8.591706104689701418e-01 8.870950387131472104e-01 8.791218050094616876e-01 8.724762917667824302e-01 8.732382257576172258e-01 8.739129278000757894e-01 8.793461376912043992e-01 8.772446653349935675e-01 8.841999570636936978e-01 8.784746172557664767e-01 8.706339973487989825e-01 8.790194827767591201e-01 8.843895763754989758e-01 8.814618356159504842e-01 8.875598067004608627e-01 8.849544520636604128e-01 8.864715010233956693e-01 8.612070544041010578e-01 8.735983040445849390e-01 8.857100258783051627e-01 8.625593141062084523e-01 8.677053538460995918e-01 8.843715555783210336e-01 8.807100020363626269e-01 8.750478882054294472e-01 8.746857322636033549e-01 8.804123300705563038e-01 8.840178965663242350e-01 8.842526446818493868e-01 8.892069923196116443e-01 8.875487296837994977e-01 8.811788520509232780e-01 8.798552527343740381e-01 8.841737809412320015e-01 8.870427195228363093e-01 8.818213233561391640e-01 8.836595906851330007e-01 8.844740475436452254e-01 8.740909033045271004e-01 8.774712516161806697e-01 8.849609166918183112e-01 8.804002502071273106e-01 8.789853610368192349e-01 8.831420417888852237e-01 8.581641377011069993e-01 8.752643409378336736e-01 8.809712272333548588e-01 8.719673017831444106e-01 8.751074228668724864e-01 8.777599088382849191e-01 8.739505342616965544e-01 8.767873237382982632e-01 8.813145027100841578e-01 8.770105363894383776e-01 8.810506154224754249e-01 8.852347733829613041e-01 8.864361461892826810e-01 8.785561709117557516e-01 8.790423983967053934e-01 8.797431036350475964e-01 8.799866174878115954e-01 8.827177332430143908e-01 8.839364962623604827e-01 8.840176184603953935e-01
6.795154680246677861e-03 1.850838421037292736e-01 2.977705261874304399e-01 4.506678897292767383e-01 3.444861085730837602e-01 4.851335119642884997e-01 6.404366869866425782e-01 6.416347709311438496e-01 7.415208456127617698e-01 1.000000000000000000e+00 7.519373853148405562e-01 7.443832613657955788e-01 6.614268798615854372e-01 6.048409505122945840e-01 7.613308458304244297e-01 7.674829449203600662e-01 7.505272345381919230e-01 6.748603741172309878e-01 7.349755838027675070e-01 5.041636867906007513e-01 6.582773181650316552e-01 6.973294074710142398e-01 7.003210092513023621e-01 6.523179990125788086e-01 7.134901619575616527e-01 7.832839582011222879e-01 7.688567917395656703e-01 7.778625755580163004e-01 7.441025030698157350e-01 7.818956382242340242e-01 7.999775645561587600e-01 7.886960886463408871e-01 7.503508050090570425e-01 7.691939747315587050e-01 7.691397108308907216e-01 7.748717850516787520e-01 7.858770286251141046e-01 7.945378768018654947e-01 7.992760487805892211e-01 7.639188102913252454e-01 8.026813816695272941e-01 8.002766943829692226e-01 7.962810393293612288e-01 8.083315893984438505e-01 7.971234533926749855e-01 8.029263658845157137e-01 8.058718480543713980e-01 8.166443573418393775e-01 8.003121824188144107e-01 7.729628152798784235e-01 8.036017495869437477e-01 7.501891943118766948e-01 7.749363890018350354e-01 8.072153131661469194e-01 8.044506321219013767e-01 7.986625706862621188e-01 7.918852201887051079e-01 8.018877467636007506e-01 8.058136663046813197e-01 7.991820768785842244e-01 8.058362281254194404e-01 8.037813285765418314e-01 7.938732183752579274e-01 7.982268915332572101e-01 8.001710176285763421e-01 8.014460244098076114e-01 8.103071929286894681e-01 8.096238152518383524e-01 8.102654526137645918e-01 7.818554299560603882e-01 7.995919598051429711e-01 8.072246994142320276e-01 7.964796584871075558e-01 8.005449560620533367e-01 8.171821838305980412e-01 8.115944550299021287e-01 8.129557962785274317e-01 8.087527147151425400e-01 8.152690422332553588e-01 8.093965543670056384e-01 8.086730797101543411e-01 8.152785940194827718e-01 8.116243261944634524e-01 8.072185340291730959e-01 8.002738189171296757e-01 8.070303150846968032e-01 8.072932949067346264e-01 8.098049301757692664e-01 8.118874107659712624e-01 8.083495585284945495e-01 8.067130699530470350e-01 8.083627065127896305e-01 8.080200049312601385e-01 8.080608697303883758e-01 8.071089829716426856e-01 8.085675446149382939e-01 7.852424789042073972e-01 7.895423942662824768e-01 8.043792423342853715e-01 8.035614292060918595e-01 8.045376111928822516e-01 8.053352602159641327e-01 7.978585461677337731e-01 8.011384708227640150e-01 8.019411240825822240e-01 7.961696688461399329e-01 8.030832719492865257e-01 8.099698737191302067e-01 8.119419782942376429e-01 8.066939376539592477e-01 8.036103901840094821e-01 8.026872295497813337e-01 8.017388753018508396e-01 8.048339033455408353e-01 8.025628179966471931e-01 8.023148629294213352e-01
1.496761014964885983e-03 1.475420570878049342e-01 3.917556539498257551e-01 5.614337923781916873e-01 4.443557241911136879e-01 5.352156161088734709e-01 7.455297502544060428e-01 7.420225702661447098e-01 8.170478686961455406e-01 7.519373853148405562e-01 1.000000000000000000e+00 8.595084142937335914e-01 7.557574803552867815e-01 6.836659659448728332e-01 8.631241625832907216e-01 8.635584503433011427e-01 8.251002741733791668e-01 7.477084989198441445e-01 8.164725733373537908e-01 6.120979897367809786e-01 7.393425365165553487e-01 7.946170415227256090e-01 7.680249366851050752e-01 7.222854044728075351e-01 7.936821145243965203e-01 8.631715874464834792e-01 8.614896681099867282e-01 8.516236739833443758e-01 7.995456731472229128e-01 8.678143328728725736e-01 8.848004267164837344e-01 8.866600086731241115e-01 8.320415696402720940e-01 8.637771185145015629e-01 8.434549873705199374e-01 8.716858210426856601e-01 8.786729082167038518e-01 8.849952219494439110e-01 8.908329068689915253e-01 8.600665958312918580e-01 9.016977492112198123e-01 8.943286445871517776e-01 8.874931755256386667e-01 9.029196399096657277e-01 8.961196444983650089e-01 8.938771001493219792e-01 9.016970965906853097e-01 9.043547017107063102e-01 8.962485278542712264e-01 8.723189854025291678e-01 8.968252326857740764e-01 8.585664695421574288e-01 8.850103379077651766e-01 8.950249144796001977e-01 8.913505211604058065e-01 8.926782207692615101e-01 8.804386774076645716e-01 8.994300860181472235e-01 8.987788848255170437e-01 8.993707576459610831e-01 9.029630469858388464e-01 8.989031191246195096e-01 8.875208340901579174e-01 8.970554756519787398e-01 8.999489875685803275e-01 8.992622650429445974e-01 9.063862773646504944e-01 9.094294011729077143e-01 9.072348261923679491e-01 8.907229958373196199e-01 9.029788655904343875e-01 9.117357379394369632e-01 8.863219947160715373e-01 8.982676812323695525e-01 9.113242212499268469e-01 9.102010679443797159e-01 9.051433475193805256e-01 8.966163165121830980e-01 9.036628621468021372e-01 9.016954826199518047e-01 9.052185090280107094e-01 9.101362713122675974e-01 9.049404726686191003e-01 9.057347401293657230e-01 9.026668263051056407e-01 9.062917865197737122e-01 9.088398290132849722e-01 9.071837265755045010e-01 9.076499196309316675e-01 9.043451603911522030e-01 9.069414133567080816e-01 9.073199476698403654e-01 9.103926021843794514e-01 9.083890922678466984e-01 9.050999145859316419e-01 9.057969034029191846e-01 8.911308497316065003e-01 8.895904345690917037e-01 9.043466989119977040e-01 9.032376638226226051e-01 9.049531785679528761e-01 9.017640025274308302e-01 9.023337094725097929e-01 9.049872167366810327e-01 9.078409642549000180e-01 8.911790335019462717e-01 9.008568795820667274e-01 9.039687578103029475e-01 9.057345694892614540e-01 9.047722005790955757e-01 9.037549307339224347e-01 9.036738828765910059e-01 9.027470815461018372e-01 9.042624123026529182e-01 9.066768146599454292e-01 9.017841272299119693e-01
-3.494166866266743693e-02 9.600324493579770468e-02 3.656098784610347097e-01 6.442329949691738555e-01 4.697758685581218119e-01 5.710246728952841355e-01 7.973298125564163286e-01 7.892733931794901903e-01 8.105659571840898581e-01 7.443832613657955788e-01 8.595084142937335914e-01 1.000000000000000000e+00 7.910419504803307689e-01 7.083403746751009145e-01 9.085418201113363290e-01 9.009762153613547486e-01 8.178658611755970087e-01 6.915605185532549548e-01 7.805844640844681326e-01 6.555050561269998299e-01 7.325886972868745906e-01 7.942632361037527122e-01 6.937244452683707374e-01 6.473871154176464859e-01 7.439546876921192542e-01 8.499551635791636750e-01 8.548740188689987196e-01 8.329240795122744290e-01 7.668635274976201011e-01 8.337583218716546618e-01 8.681135935998414155e-01 8.719683088927009385e-01 8.124323735070638763e-01 8.267227263133223314e-01 8.119934810056961272e-01 8.693486878462184375e-01 8.443636584707506776e-01 8.961723182226641882e-01 8.918881927320739811e-01 8.807395347790354379e-01 9.120070567646519910e-01 9.139052858117301392e-01 9.080608575364366164e-01 9.247360874933343577e-01 9.066250170375106388e-01 9.004236653167617677e-01 9.307624799146209105e-01 9.190233170790805817e-01 9.255955198718529564e-01 9.079611714131919920e-01 9.233788686956154734e-01 9.022428425876880542e-01 9.193589053595997429e-01 9.055696466015074053e-01 8.980459726107167251e-01 9.000157483963209248e-01 9.130635248210595689e-01 9.231686387844080244e-01 9.262107132133903242e-01 9.306611271151516984e-01 9.279820119593111816e-01 9.267325240027883826e-01 9.236240582161944213e-01 9.254940182057982412e-01 9.175605239940507474e-01 9.250913236696259867e-01 9.164211553856015380e-01 9.132324264617281973e-01 9.026067605535922356e-01 9.094619740394805918e-01 9.195757966404766170e-01 9.156228129506777114e-01 8.676711949935100865e-01 8.903098199537191615e-01 9.187560494248573351e-01 9.190712374408976926e-01 9.119788166258124829e-01 8.950321697469475479e-01 9.031465292068857620e-01 8.928362922684074388e-01 8.948961487956142991e-01 9.131002230433824529e-01 9.073706670212361436e-01 9.026534911305121867e-01 9.131537963054432439e-01 9.032617213287835733e-01 9.098883393228506256e-01 9.199017586334113927e-01 9.145135297451696399e-01 9.136068133992123474e-01 9.170372650180506069e-01 9.288198317784542857e-01 9.225793618490407688e-01 9.273753055744753393e-01 9.299289801453640703e-01 9.245965870255969943e-01 9.292795579437717057e-01 9.254373794827120969e-01 9.324762336649253802e-01 9.311225125969008198e-01 9.286862800042109400e-01 9.309788632344347947e-01 9.342879428321535507e-01 9.334776079697740814e-01 9.307250658516483810e-01 9.206714144936604116e-01 9.285666250224732243e-01 9.170875886766989282e-01 9.180692716724511149e-01 9.307229691971360408e-01 9.297955704478001460e-01 9.304547495050685679e-01 9.301188922210361643e-01 9.283491505849555958e-01 9.260406202731591430e-01 9.264836189470553318e-01
4.648330958468742738e-03 1.185212045356326405e-01 2.904044424263363955e-01 4.832484196001792798e-01 4.244674464173563422e-01 5.130552447258119875e-01 7.018976575775183191e-01 6.935488558051449148e-01 7.242895994584800379e-01 6.614268798615854372e-01 7.557574803552867815e-01 7.910419504803307689e-01 1.000000000000000000e+00 6.421617759291502470e-01 8.188743730750249750e-01 8.082566871858271051e-01 7.234706513336298661e-01 6.012460484743654687e-01 6.868761279518811325e-01 4.945764086389887737e-01 5.896120356548675279e-01 6.528523190872758120e-01 6.243834800103257310e-01 5.703886628201854103e-01 6.551032072217125579e-01 7.462703588997974258e-01 7.432851551903844056e-01 7.335932472009697447e-01 6.834902411269669908e-01 7.591766107392022844e-01 7.695206523258337761e-01 7.787650497344429379e-01 7.305864466835063631e-01 7.482887700713080070e-01 7.494545964757410861e-01 7.743885154728706866e-01 7.707377275799298655e-01 7.946490589176308239e-01 8.117634032407726741e-01 7.803635521157467059e-01 8.147013029891631009e-01 8.104905773675114000e-01 8.105384254860753535e-01 8.191087509600316618e-01 8.085413519016542150e-01 8.077122551330687683e-01 8.369675434053289731e-01 8.289788510506954644e-01 8.292064216562148316e-01 7.923113427137122855e-01 8.155010274954789251e-01 7.864596870642301951e-01 8.169844710531632970e-01 8.146441775969240906e-01 7.972945255563043121e-01 7.966076067630798452e-01 8.023245642750872486e-01 8.249839590997837258e-01 8.197972478423638520e-01 8.333741298941125253e-01 8.323895476299423279e-01 8.276454014072655019e-01 8.148313183431766804e-01 8.273693094821581440e-01 8.231268589275394509e-01 8.228145341309972549e-01 8.298121541447436300e-01 8.212560817780443223e-01 8.170435146415568894e-01 7.898724829167720340e-01 8.033061848202649458e-01 8.169503336074322997e-01 7.804134846170823758e-01 7.923527747515310971e-01 8.258689788834273626e-01 8.222047941731732701e-01 8.164406317714628658e-01 8.039099136139477020e-01 8.155668931452356718e-01 8.119315025799186403e-01 8.105116661673207323e-01 8.221807739619823030e-01 8.173492267027675506e-01 8.172784224375466700e-01 8.123265787089739565e-01 8.134111378084262212e-01 8.248100415471939506e-01 8.281529862683500998e-01 8.314117394255241544e-01 8.147979846537155568e-01 8.228265009639327277e-01 8.357300132670169024e-01 8.292915172891186515e-01 8.355282493081562789e-01 8.406452978659774145e-01 8.376186725860573778e-01 8.211651313716229472e-01 8.197930524834279309e-01 8.396934010143013438e-01 8.344995804204420331e-01 8.362321048481272667e-01 8.330024880930836373e-01 8.368786076686671738e-01 8.382997588915483966e-01 8.322053082128706425e-01 8.244313945720626036e-01 8.368079281126314939e-01 8.323040128531971060e-01 8.277493709100635089e-01 8.385446223928174625e-01 8.336101349196798349e-01 8.402509522318637458e-01 8.380139043131630272e-01 8.361963584614738876e-01 8.338061980352066138e-01 8.352174342372906679e-01
