1.000000000000000000e+00 3.401165443319559278e-01 1.206821792741737398e-01 -1.643225302829575130e-01 2.213383507078573939e-02 6.706694153830904115e-02 8.857273291220565947e-02 5.221407110094839626e-02 3.114091352114483069e-01 1.419627669473156606e-01 8.888209341095008875e-02 -7.154329153539627784e-02 3.553754345289866778e-02 5.430506560926206400e-02 2.121349567016861393e-02 6.837130449182184794e-03 2.017202175362918515e-01 3.661816635154918620e-01 2.750550596405142434e-01 2.568167868883735605e-01 1.639945976046029430e-01 2.004232247025777292e-01 2.842215354261016236e-01 2.186774698192347210e-01 1.665864682687010767e-01 2.668996145942637011e-01 2.552161909746419322e-01 2.523254066282794028e-01 3.398238917410403848e-01 2.552505739822182873e-01 2.137285239669545200e-01 1.986978976922878226e-01 2.281194167158271946e-01 1.542775914770020684e-01 2.141264895640477561e-01 1.408416497968103254e-01 1.389862168600599912e-01 1.872462557330589750e-01 9.348102453400412848e-02 1.006428714066741614e-01 1.206277183134461944e-01 9.752118055562554455e-02 4.217779389750554719e-02 8.406346818396731591e-02 1.325402016017777074e-01 8.122516977040536434e-02 4.413016988644977850e-02 6.027204667870331850e-02 4.041158443169112074e-02 1.461832693986654837e-02 9.561820823136951697e-02 -3.384174248978609467e-02 5.300653103070431665e-02 1.219507016583626646e-01 1.390412063174806812e-01 1.281103702717396875e-01 1.037689617785319401e-01 9.454502922165736178e-02 1.150098182617764475e-01 9.642570546595902181e-02 3.270173293594335479e-02 1.079299404906052945e-01 6.818818007871617348e-02 5.582781620436456232e-02 1.155713448200053617e-01 8.699315401154709970e-02 6.878191987718948464e-02 1.211264043451471401e-01 1.270139323311371415e-01 9.887356239281931691e-02 6.368725888175272298e-02 7.274586944630023755e-02 1.050728591604733614e-01 5.054703114141337328e-02 1.027184035681642099e-01 8.896175786809976116e-02 8.493994269327739821e-02 1.640669132049641932e-01 9.726489580210147257e-02 1.232312601476087677e-01 8.986746601780658261e-02 8.449122731650469953e-02 1.068390444931224398e-01 1.120317306439809202e-01 6.587369694036884771e-02 6.594882957743866680e-02 8.495424321818789704e-02 6.529900341741026737e-02 5.917992467838890241e-02 7.788996702913887626e-02 6.034993691451884940e-02 4.388735291291095270e-02 4.714794610258274399e-02 4.196363029741755762e-02 1.892047496774284729e-02 2.729561964068714583e-02 -1.733043704297220280e-02 -6.298461478896131074e-03 8.373270722508718150e-03 2.294719250084221313e-02 -9.729881273739953568e-03 1.010479269769546003e-02 1.693214388054091815e-02 1.627056615012803867e-02 4.901439332351326637e-03 4.121457604860734314e-02 4.206980828329252853e-02 5.064463005606158197e-02 5.903672236638123766e-02 4.427312997005596051e-02 3.514438601235853055e-02 5.043817717873060741e-02 3.466394442625600480e-02 2.614434361438409612e-02 6.125513003422645292e-02 4.961690898554415446e-02
3.401165443319559278e-01 1.000000000000000000e+00 9.793227762441053530e-02 -9.350154024034333655e-02 5.940444987902743224e-02 1.269791202323685975e-01 1.444501904933789271e-01 1.401733246758936902e-01 2.917698914364572071e-01 2.549288237668652646e-01 1.808964669016219773e-01 5.087546909855708566e-02 1.290033527843563177e-01 1.298964501938370542e-01 1.384368548048945657e-01 1.352503102300973703e-01 2.259117335178109642e-01 3.260641524220638798e-01 2.646911491360847690e-01 2.112953426342423224e-01 1.481039345309320410e-01 2.143769501772881114e-01 2.979715477918263855e-01 2.114800903295779577e-01 1.898129818286938275e-01 3.116113087937339987e-01 2.917035745300111671e-01 3.048469249546795767e-01 3.765656312146337115e-01 3.104291927310644517e-01 2.859133775387194820e-01 2.801164894629492030e-01 2.938953032769461848e-01 2.401863349290450644e-01 2.655175624135225343e-01 2.130513246772234026e-01 2.298468349035004410e-01 2.952400708296826215e-01 2.014442032990916842e-01 2.232666534384969981e-01 2.200643261736505429e-01 2.186717350489304768e-01 1.406968220665735514e-01 1.861043308854110623e-01 2.220875425484094834e-01 1.982175734327360495e-01 1.596517264592709484e-01 1.733355012701855991e-01 1.595545399877238146e-01 1.352926321233068052e-01 2.108084905459259861e-01 4.852508878516881979e-02 1.590240607988033517e-01 2.159516791722606022e-01 2.257122152439431650e-01 2.255713556252330609e-01 2.001262047196172289e-01 2.079467152556623566e-01 2.320690394196575079e-01 1.901271648989062146e-01 1.393295401611070461e-01 2.102065347973674225e-01 1.880316862555332369e-01 1.708035326611175575e-01 1.880049877530285407e-01 1.855634203934517223e-01 1.768938948445855641e-01 2.082273858879375716e-01 2.213092237744500868e-01 1.684678194893403647e-01 1.538467543075526522e-01 1.722990174017174914e-01 1.855939779958753200e-01 1.386144828958861819e-01 2.068476597311261211e-01 1.954257755721820478e-01 2.020208719968650257e-01 2.573348523554895850e-01 2.073358279348928301e-01 2.256588591691891799e-01 1.986199344955681123e-01 1.966278307835719330e-01 2.094550960117012028e-01 2.075631426039840632e-01 1.809640224442652934e-01 1.729122982140507692e-01 1.898325772398135880e-01 1.929846809546867659e-01 1.792380846442453157e-01 1.941947587752649584e-01 1.875961058482673305e-01 1.666192501608821652e-01 1.644711406088131544e-01 1.674461278436643330e-01 1.416475419324715601e-01 1.476156996131598453e-01 1.030672609527471251e-01 9.358790483137092997e-02 1.218486910375353172e-01 1.445760381863008814e-01 1.137977150352515315e-01 1.238954332232502092e-01 1.291722183031513982e-01 1.327647447477320330e-01 1.154502652056605821e-01 1.490327811711851802e-01 1.502035467045057804e-01 1.651074733407249806e-01 1.737669433557452736e-01 1.600379521436379460e-01 1.625554945026401188e-01 1.599952948245679796e-01 1.530172980564962204e-01 1.375612050854916335e-01 1.598819656307525483e-01 1.533932257007885325e-01
1.206821792741737398e-01 9.793227762441053530e-02 1.000000000000000000e+00 2.602859026366232120e-01 1.728373925114644882e-01 2.221380672432087811e-01 3.518623141407787314e-01 3.138110820619723906e-01 3.500814959271205118e-01 2.905371912347431973e-01 3.891789781014149963e-01 3.771678278542826002e-01 3.398413590309949384e-01 3.259532293238214251e-01 3.846772032339236813e-01 3.735278322732958900e-01 3.933981572677402450e-01 3.443046869886857708e-01 3.865104164972693601e-01 3.005129017451124152e-01 3.676051704808097620e-01 3.909679882018237129e-01 3.523764899258728378e-01 3.288996115611132476e-01 3.446555418637485824e-01 3.863692967933614608e-01 4.097543172616692209e-01 3.896890102866275019e-01 3.861505555885522689e-01 3.949732521102164995e-01 4.116823501462907320e-01 3.827588364788022668e-01 3.675414798444238684e-01 3.742678562730491487e-01 3.880622484427438401e-01 4.142253222224909770e-01 4.060939419241830772e-01 3.700304861095245479e-01 3.992329368008076251e-01 3.846202988174555193e-01 3.937464152639406079e-01 3.865828592275862285e-01 3.953634619892562596e-01 3.979044375075098672e-01 4.084647260614837072e-01 3.918307854839759297e-01 3.839407429551366935e-01 3.762232277386906021e-01 3.833589674338920839e-01 3.778030666883110400e-01 3.869302854623752341e-01 3.840833377762964962e-01 3.962718836247753895e-01 3.760512965617970882e-01 3.780918687931402178e-01 3.844207914914631319e-01 3.882792806303877464e-01 3.886076943997897604e-01 3.771739311018614260e-01 3.943232527212431893e-01 3.928137578003292329e-01 3.842380349810945450e-01 3.822260168118830626e-01 3.921688312500815066e-01 4.037443172332677577e-01 3.971552816799853725e-01 3.899313410449948836e-01 4.035358214692997270e-01 3.916196389287758817e-01 4.021201889423954290e-01 4.111380742756308160e-01 4.002443141087010381e-01 3.901774519633612881e-01 3.868906348409311691e-01 3.954014767361250793e-01 3.970887516148212115e-01 3.900067985283692806e-01 4.028622687853872786e-01 3.941680515783903549e-01 3.972950747276156602e-01 3.945645021129835506e-01 4.016301826585889079e-01 3.927590167488274053e-01 3.906975607872054113e-01 3.833032247854621932e-01 3.892639551298296974e-01 4.022560128948269309e-01 3.834703017708966932e-01 3.895402278755106806e-01 3.831694077611610405e-01 3.894730361747819614e-01 3.886689999124284811e-01 3.945788232019377673e-01 3.885397808276973008e-01 3.848287561626578812e-01 3.844412127735405971e-01 3.885261670064695250e-01 3.870979707726158736e-01 3.894872024990487236e-01 3.861784145819600056e-01 3.884265401814380736e-01 3.872113623063652144e-01 3.947923595090360727e-01 3.923010137816957399e-01 3.932057055128974632e-01 3.929973604352574035e-01 3.895910713654430757e-01 3.794821634241172248e-01 3.841277476622132481e-01 3.861509982529673368e-01 3.858669106098449597e-01 3.914673613193586643e-01 3.887116758080486068e-01 3.903583564799706362e-01 3.928625929174880960e-01 3.936817859317367496e-01
-1.643225302829575130e-01 -9.350154024034333655e-02 2.602859026366232120e-01 1.000000000000000000e+00 4.339554741213189626e-01 2.428302877749646260e-01 5.858937504384595929e-01 5.416852581785757126e-01 2.760798906794540986e-01 2.108805898997056782e-01 4.646866917361411886e-01 6.775711516551702340e-01 4.509381244379077613e-01 4.175530603049226741e-01 5.560436434084389257e-01 5.492623074622338120e-01 3.623672132591927997e-01 2.112333439463890683e-01 2.959495232734694059e-01 3.484726097198061479e-01 4.744263947007908433e-01 4.460573051005807255e-01 3.338797670960541031e-01 3.675723633064769125e-01 4.457416539702868663e-01 2.857719570868473835e-01 3.324106942785762242e-01 3.471683738374438666e-01 2.707995143767658597e-01 3.261520645551309050e-01 3.626191238285667029e-01 3.550213339441541383e-01 2.751138273461546935e-01 3.595693151334136139e-01 3.148118796254744667e-01 4.153901812535433224e-01 3.861517966540904956e-01 3.437177745030647880e-01 4.286807929088561897e-01 4.059240438992035571e-01 3.981150303964819392e-01 4.259823744465656703e-01 5.182301364203496519e-01 4.665902048612221575e-01 4.502455802199819557e-01 4.502956914434220748e-01 4.545624733356432023e-01 4.135813200485572994e-01 4.848974791419212171e-01 5.026917015463964189e-01 4.374758195946703010e-01 6.228802446163403950e-01 4.917933708112666169e-01 3.891781723140592120e-01 3.957691755245871246e-01 4.045702898514553780e-01 4.392281834050679734e-01 4.058353382788272845e-01 3.762429003729506061e-01 4.528424376031294218e-01 5.117224675999015870e-01 4.165369972029200341e-01 4.448739914324610356e-01 4.806027299081725435e-01 4.553428198914366565e-01 4.644414028044734355e-01 4.451976265094614860e-01 4.276984697414123460e-01 4.289981262205355139e-01 4.937967068347950406e-01 5.084873106700448231e-01 4.554983182501153305e-01 4.631769538935750496e-01 5.175386128326057156e-01 4.045134824374800875e-01 4.259616175752413136e-01 4.239101226081141705e-01 3.928201582558877858e-01 4.507169384198174700e-01 3.975923285115225969e-01 4.150837460723226791e-01 4.279490911384540852e-01 4.317996453307196836e-01 3.916433949142411053e-01 4.551863112613924733e-01 4.476439527132456964e-01 4.341976939226022680e-01 4.343696407199746368e-01 4.400224638151815637e-01 4.167793058707246479e-01 4.422062784307472239e-01 4.554751003946458932e-01 4.656673581274663465e-01 4.663201039855168206e-01 4.622475326008051444e-01 4.546981534619831122e-01 5.378632832418069887e-01 5.456145263077997187e-01 5.081175459349237533e-01 4.943856843390360689e-01 5.278764557855085693e-01 5.055003502466217657e-01 5.002485439405077727e-01 4.999051396239733158e-01 5.135543577947186966e-01 4.901349432433099174e-01 4.859228409369318880e-01 4.252729702770374764e-01 4.184846560972300122e-01 4.527837791398673373e-01 4.412984011191744549e-01 4.616269633453378152e-01 4.686092282385710961e-01 4.960077896503532480e-01 4.537632861555482289e-01 4.745620590666757566e-01
2.213383507078573939e-02 5.940444987902743224e-02 1.728373925114644882e-01 4.339554741213189626e-01 1.000000000000000000e+00 2.583228854850241341e-01 4.923319002027270463e-01 4.600804237328705026e-01 3.984470549376730175e-01 3.277282714813685716e-01 4.232429373618469270e-01 5.093216291244818672e-01 4.903134240300655033e-01 3.762456217187735152e-01 4.928879808907965510e-01 4.996340646594037427e-01 3.943738188352119423e-01 3.147857591994619453e-01 3.483819166868805106e-01 3.749219836295155650e-01 4.154109221107866179e-01 4.150669652626885475e-01 3.844787872411559726e-01 3.698556682517421534e-01 3.992500528074226507e-01 3.979113503647238037e-01 4.049501855106788506e-01 4.034631135823319448e-01 3.866777815559884202e-01 4.040953352523510844e-01 4.247752411603666900e-01 4.086877933358301629e-01 3.523412362321245439e-01 3.890746013015344285e-01 3.786854245983928280e-01 4.221123180113569018e-01 4.129470643831091858e-01 4.057991211937168607e-01 4.332133915909190391e-01 4.074185129976783948e-01 4.372827780423831912e-01 4.410957006346933329e-01 4.656188161358060240e-01 4.652637788017153775e-01 4.668908378162952566e-01 4.554578703344773216e-01 4.578979880482293430e-01 4.421285028113071114e-01 4.647504933691121720e-01 4.510055478161159592e-01 4.385954493419091937e-01 5.036051749311644121e-01 4.763230928234413186e-01 4.455365365038041481e-01 4.506298271922651866e-01 4.414153366502598375e-01 4.607912483679484916e-01 4.537992982750838622e-01 4.330611243953291778e-01 4.744061393517068903e-01 4.826195003776521109e-01 4.597668026084363313e-01 4.510860588155467532e-01 4.704165691430946539e-01 4.694480820378598152e-01 4.794245331785215170e-01 4.598795527644257142e-01 4.503483475113939649e-01 4.616883727570934570e-01 4.844764609180615689e-01 4.745176774393969898e-01 4.618132877306466710e-01 4.605007123491716703e-01 4.767190395970834493e-01 4.501597892200236983e-01 4.509138532281218859e-01 4.491963570538038963e-01 4.504369586964775962e-01 4.607585782794510476e-01 4.483518961290297589e-01 4.417215657947624607e-01 4.531086574473083828e-01 4.608532675293633418e-01 4.391388464282622861e-01 4.562839311947207710e-01 4.472488287367911708e-01 4.474551794147396122e-01 4.513506576238136558e-01 4.471195639701844859e-01 4.483941404949445819e-01 4.476736456332986447e-01 4.589314169285657052e-01 4.666660482288262912e-01 4.645034249603787746e-01 4.597551197247941590e-01 4.584039971415764803e-01 4.782326648680559900e-01 4.893702921059129296e-01 4.799360377213442996e-01 4.705139587524242994e-01 4.791023524408643541e-01 4.749813919842472698e-01 4.789121132538346481e-01 4.814065327394863592e-01 4.801768258712882931e-01 4.784222521054853350e-01 4.724314216098203789e-01 4.487368989681786435e-01 4.481108811876714504e-01 4.595176074582182357e-01 4.524735223246461602e-01 4.680294333773530324e-01 4.656866225754841548e-01 4.754234181652418623e-01 4.634173820540719024e-01 4.748414500824441054e-01
6.706694153830904115e-02 1.269791202323685975e-01 2.221380672432087811e-01 2.428302877749646260e-01 2.583228854850241341e-01 1.000000000000000000e+00 4.786889026487340937e-01 4.390448629085693111e-01 4.825726381422902889e-01 4.177947695050547305e-01 5.140947534150445142e-01 4.992436065332382378e-01 4.668009775244920112e-01 4.225331031329825349e-01 5.385683382444977907e-01 5.159538033264285950e-01 4.969813023874790625e-01 4.301505793644028186e-01 4.730048919494668769e-01 3.834138177676545411e-01 4.018298895428604744e-01 4.738552897524034302e-01 4.773117623791802711e-01 4.305172636811417375e-01 4.591940639268740632e-01 5.413836325879680667e-01 5.281200396599243785e-01 5.334311836756072678e-01 4.806390845868296346e-01 5.306287268001559365e-01 5.345597597238370691e-01 5.358043076458820497e-01 5.016076141496772500e-01 5.206567611509852478e-01 5.171998733348961430e-01 5.236457346955121217e-01 5.495591759405861199e-01 5.260444977391101062e-01 5.526811479318447518e-01 5.400909320300479877e-01 5.629621728914252499e-01 5.501094333590252905e-01 5.411619407165483286e-01 5.551844663624110332e-01 5.537258084335201502e-01 5.655341283938759567e-01 5.552018610900961715e-01 5.537813903641306545e-01 5.502081330325739872e-01 5.212259311690491392e-01 5.353525194782222663e-01 4.960431448057924797e-01 5.483210048080729981e-01 5.472784489894902960e-01 5.488280455726157747e-01 5.497013116783294739e-01 5.407965235349367905e-01 5.423818838954753696e-01 5.445725577081784730e-01 5.559791577481920655e-01 5.486459820229563356e-01 5.468602774506337028e-01 5.362884931900906427e-01 5.405804382482466419e-01 5.495617292480958760e-01 5.526822948395786472e-01 5.525307469739971777e-01 5.550354027854663697e-01 5.503277308106870880e-01 5.464035018877662075e-01 5.510884753629129440e-01 5.545815989275595381e-01 5.438173286407643747e-01 5.472408534197730212e-01 5.602741770856647374e-01 5.589764203924005859e-01 5.584524060756327346e-01 5.431541058989451942e-01 5.597430898472759431e-01 5.549246811198745855e-01 5.562877946387267958e-01 5.577988956823040079e-01 5.551183019280592212e-01 5.475748164028825249e-01 5.460175540640854752e-01 5.527651086076550424e-01 5.617727897811561899e-01 5.542295486455496301e-01 5.613322193156731199e-01 5.517293956994027138e-01 5.617442728758837989e-01 5.591307784492309807e-01 5.618040767636581778e-01 5.588492217290689235e-01 5.532469298020759041e-01 5.536515607402574535e-01 5.348659649025702123e-01 5.340247288932619130e-01 5.479317922817635855e-01 5.451934575483791123e-01 5.546981486400055505e-01 5.439214151112845563e-01 5.543264577799656978e-01 5.492715803522483231e-01 5.481960425733762854e-01 5.468239555253350259e-01 5.527275243239988534e-01 5.531302473503095785e-01 5.535463311989344826e-01 5.553781173129637150e-01 5.493568115848694866e-01 5.568803823810234421e-01 5.527845641072371974e-01 5.494580523930604476e-01 5.529147158379039695e-01 5.526800697787954686e-01
8.857273291220565947e-02 1.444501904933789271e-01 3.518623141407787314e-01 5.858937504384595929e-01 4.923319002027270463e-01 4.786889026487340937e-01 1.000000000000000000e+00 7.039215209478796309e-01 6.317320664454556534e-01 5.249257482496839655e-01 7.111240135147843811e-01 7.772823587782454746e-01 6.723014541723789650e-01 6.254251145577485183e-01 8.207044183588039221e-01 7.648964260082139477e-01 6.834592810290280873e-01 6.138465998282945923e-01 6.617779964142171956e-01 6.060501034570210388e-01 6.930349284726982084e-01 7.149117857097088136e-01 6.901079587893087508e-01 6.510941409923051149e-01 6.847384095879422983e-01 7.066245064769560713e-01 7.274407798586862706e-01 7.388555823818566681e-01 6.845519785397774504e-01 7.000721432014656020e-01 7.416874341419014138e-01 7.282876115011857054e-01 6.709853867023501950e-01 7.080658589616558585e-01 6.868700540032859347e-01 7.434152312028390330e-01 7.344340891154760298e-01 7.188985216936495393e-01 7.471072739339033042e-01 7.432542597412443719e-01 7.408996760168086171e-01 7.584958589221471037e-01 7.684151822914301322e-01 7.729628171112872259e-01 7.795753874017827822e-01 7.668550036935460890e-01 7.426636454153954237e-01 7.162685800084933607e-01 7.475027834104084334e-01 7.430714470633515978e-01 7.466334307589592711e-01 7.628923726310430364e-01 7.594180875091181004e-01 7.179620048903568863e-01 7.294594363894129074e-01 7.346197709398719633e-01 7.404441233730186811e-01 7.295075716531483900e-01 7.174228628402321561e-01 7.560768634416059619e-01 7.642360863971032758e-01 7.320707183760384318e-01 7.323049717532440495e-01 7.468072633261851889e-01 7.546796918654795627e-01 7.577969419311355592e-01 7.444372465122458538e-01 7.541885264438852321e-01 7.559145477286882686e-01 7.776553316195454757e-01 7.748350146484634937e-01 7.516181105297582432e-01 7.596942377191207019e-01 7.646407079987614930e-01 7.404670151342408468e-01 7.495534385220899987e-01 7.493512750278147339e-01 7.457153474420309403e-01 7.632203516920770259e-01 7.358392452667570360e-01 7.343005795172592443e-01 7.477941176725337868e-01 7.518372853421781965e-01 7.294312548205132973e-01 7.514935589353258782e-01 7.470858219141232048e-01 7.526355832476326890e-01 7.426219258737261075e-01 7.438329904892834188e-01 7.257274322409241751e-01 7.556171029078848633e-01 7.500620926328597227e-01 7.563303797882603430e-01 7.557237635468017078e-01 7.355016614600445868e-01 7.326171489945343396e-01 7.519262461107490969e-01 7.533333228644745194e-01 7.545646624184559892e-01 7.591660526717979307e-01 7.661543887282618037e-01 7.443470702929479987e-01 7.553294851451421987e-01 7.564648622868145322e-01 7.533400215819362478e-01 7.496891160896980155e-01 7.518970792432675410e-01 7.211595169701617847e-01 7.228294033895545923e-01 7.411780540000822981e-01 7.280681424215839082e-01 7.450100622059635525e-01 7.411226377212440930e-01 7.504754976818034384e-01 7.385509018006601867e-01 7.467788197590242705e-01
5.221407110094839626e-02 1.401733246758936902e-01 3.138110820619723906e-01 5.416852581785757126e-01 4.600804237328705026e-01 4.390448629085693111e-01 7.039215209478796309e-01 1.000000000000000000e+00 6.142702820382405227e-01 5.492020976850147118e-01 6.956885107519099609e-01 7.409222972403028962e-01 6.610866698011336196e-01 6.034073063892992916e-01 7.604632257443978416e-01 7.738751983848245475e-01 6.466925325075314479e-01 5.308875427693899862e-01 5.997168561745132020e-01 5.172409520811350747e-01 5.778008809537581447e-01 6.511394390636507934e-01 6.444533636419262912e-01 5.753939910149772352e-01 6.193211259203907915e-01 6.752137450816690922e-01 6.755957993429428932e-01 6.985072219436812002e-01 6.358598335266688606e-01 6.865776807547115945e-01 6.934464336672572227e-01 7.018138384321830348e-01 6.419919279544823443e-01 6.734416658473592054e-01 6.654399959548047416e-01 6.983496326292588652e-01 6.892332913539933603e-01 7.101531183572550310e-01 7.289838057940629668e-01 7.195431203333431114e-01 7.230659384403719248e-01 7.372761122247348808e-01 7.435024384702100253e-01 7.432817216634759472e-01 7.332626246836275730e-01 7.405658848646725634e-01 7.381625803306247624e-01 7.170826199569770854e-01 7.439073939097965438e-01 7.266871647874891815e-01 7.360991290071676740e-01 7.154689411544130628e-01 7.405783897566244889e-01 7.150405643394245336e-01 7.222323473813491157e-01 7.350968803421096265e-01 7.328332002533675116e-01 7.226945066106068571e-01 7.221728045864810319e-01 7.368385357556103132e-01 7.471397360171996294e-01 7.257751589987750940e-01 7.369841724153103346e-01 7.447007820905179321e-01 7.329129932014956106e-01 7.387118282628372112e-01 7.330223304265708339e-01 7.245954364705198270e-01 7.343808502425707152e-01 7.351795306912519701e-01 7.416817772274777454e-01 7.330450073664018795e-01 7.242760690404064228e-01 7.302075851915502680e-01 7.281082691618274705e-01 7.268930882283660688e-01 7.310389381397566222e-01 7.212422948517756005e-01 7.467769211204616786e-01 7.192422229918303822e-01 7.193554102856074550e-01 7.280305806819559189e-01 7.437551342837488422e-01 7.132173688647929222e-01 7.375279057719781317e-01 7.287240433237351933e-01 7.313779906275238440e-01 7.358804806089871420e-01 7.337460080563305009e-01 7.277787197553340359e-01 7.389486512008146546e-01 7.360498142290838874e-01 7.414406484256992336e-01 7.422427215250655408e-01 7.298458385967708795e-01 7.283338755258742525e-01 7.460995068498039728e-01 7.437784678792783710e-01 7.459950540365064553e-01 7.454703013815942025e-01 7.510078856356841026e-01 7.445308626035350708e-01 7.387257218585429053e-01 7.434357883155077173e-01 7.416702103516610300e-01 7.430901973243084768e-01 7.444985846095020232e-01 7.220005786298888673e-01 7.219731390311646679e-01 7.378757144769032550e-01 7.296320344287184900e-01 7.360150473978720465e-01 7.363216628333003611e-01 7.458092554076591885e-01 7.270831545687097552e-01 7.369876588879888946e-01
3.114091352114483069e-01 2.917698914364572071e-01 3.500814959271205118e-01 2.760798906794540986e-01 3.984470549376730175e-01 4.825726381422902889e-01 6.317320664454556534e-01 6.142702820382405227e-01 1.000000000000000000e+00 7.235265122862749587e-01 7.677092525566427961e-01 6.871885572147339305e-01 7.132261842577102273e-01 6.620228563946902733e-01 7.695430578140096678e-01 7.568183108491224331e-01 8.197918935990796685e-01 7.218430238487963946e-01 7.693655563074708326e-01 6.248057633421696400e-01 6.117591157117177048e-01 7.286761322837078669e-01 7.877899142728066462e-01 6.960384442676728067e-01 6.998429725415808988e-01 8.494129811427647558e-01 8.176318024934502438e-01 8.182115074421529854e-01 8.035669834737002581e-01 8.320695145306713503e-01 8.444547548602007181e-01 8.554730913760707489e-01 7.751580016380182903e-01 8.217750544450199701e-01 8.161834207580560552e-01 8.176144936030602661e-01 8.318403309871557072e-01 8.212580953427968122e-01 8.305463975016283973e-01 7.868951840015093735e-01 8.526026166347818736e-01 8.247043710525407967e-01 7.918134787088116910e-01 8.387679641097566252e-01 8.375511465626581664e-01 8.261321109390920014e-01 8.354481410712847333e-01 8.444468479909840175e-01 8.291198359315326005e-01 7.801363134250698383e-01 8.325745737447588501e-01 7.228567911570268345e-01 8.243735440728802155e-01 8.642619076781983267e-01 8.582051642345954745e-01 8.529745000031714319e-01 8.508314021077769684e-01 8.452842648235902034e-01 8.480258259609387839e-01 8.562448204466142077e-01 8.264783372561294028e-01 8.585649936078205702e-01 8.315197397582210215e-01 8.355064479632501317e-01 8.629175702723470565e-01 8.522482100404847882e-01 8.473292864165055116e-01 8.580142760788970202e-01 8.625020621762613526e-01 8.333561008470795617e-01 8.206488914841105764e-01 8.410930205595609221e-01 8.384581874907959254e-01 8.152005089714537966e-01 8.563170577376436610e-01 8.491624659206956638e-01 8.427552885443794217e-01 8.559112079979686039e-01 8.409614239942378999e-01 8.531309066329431090e-01 8.471061617861286308e-01 8.493667929719573850e-01 8.587246378799088253e-01 8.454979153354643673e-01 8.321386773893680866e-01 8.394718225946840029e-01 8.483055905846111910e-01 8.335480972532763877e-01 8.383951261767380592e-01 8.451915755460724933e-01 8.306451639612153492e-01 8.321051107037392702e-01 8.360101564784245820e-01 8.320201711218496721e-01 8.262398886645929696e-01 8.314323563019638819e-01 7.782252516095629069e-01 7.952225480276473579e-01 8.154344516175604518e-01 8.154506807901130694e-01 8.033595808628677393e-01 8.109519512093110727e-01 8.228205560169350452e-01 8.206938289311596080e-01 8.160550743790589978e-01 8.276189377447167317e-01 8.310607721199781972e-01 8.407995366652701863e-01 8.403601392685278171e-01 8.361000343145041924e-01 8.247932718885034875e-01 8.414073450184154090e-01 8.315250953162127701e-01 8.255392671742731725e-01 8.466319891662560382e-01 8.383069824750228882e-01
1.419627669473156606e-01 2.549288237668652646e-01 2.905371912347431973e-01 2.108805898997056782e-01 3.277282714813685716e-01 4.177947695050547305e-01 5.249257482496839655e-01 5.492020976850147118e-01 7.235265122862749587e-01 1.000000000000000000e+00 7.129471237046834942e-01 6.234258853979068871e-01 6.712423771303756004e-01 6.038747623420001043e-01 7.098569622825008363e-01 7.104357725649949051e-01 6.967957916806316598e-01 5.596963454263176319e-01 6.338987867861747283e-01 4.558868462409528255e-01 4.515790472010362544e-01 5.830558210539632524e-01 6.637408730476666019e-01 5.486723382293341444e-01 5.617164571459503097e-01 7.700478241866687279e-01 7.203160504012372511e-01 7.263776999590140226e-01 7.124536726574918211e-01 7.479652104861612694e-01 7.563382290114154527e-01 7.775087593412016718e-01 7.252089902680752820e-01 7.437677531652409080e-01 7.551100782596104066e-01 7.221211700986386317e-01 7.587281880159689740e-01 7.733717361809602231e-01 7.792367926686306623e-01 7.516546464478212064e-01 7.965699781671946589e-01 7.838631919881853261e-01 7.368097941548851226e-01 7.798483618033327236e-01 7.561764491567811719e-01 7.809552603185024866e-01 7.900319804089038778e-01 8.053603903748268733e-01 7.733266947849903872e-01 7.293475905538090442e-01 7.713248860341137547e-01 6.253131077875078159e-01 7.547311119866795259e-01 8.041102776166096922e-01 7.840026429356198312e-01 7.962804797745453023e-01 7.752235420951332223e-01 8.054562074843020225e-01 8.010564739448539084e-01 7.902428623024760901e-01 7.645255501901347950e-01 8.005695406468850139e-01 7.818770257873828289e-01 7.736492228603897292e-01 7.760273291450229260e-01 7.784847634066506261e-01 7.974708440389304265e-01 7.787703678897491821e-01 7.916981703464939235e-01 7.374886596872773925e-01 7.372389887330644820e-01 7.780644212335106058e-01 7.517678079272223091e-01 7.305095567424498837e-01 8.088648370714777158e-01 7.986699477054253204e-01 7.994526595336124419e-01 7.964443861284200565e-01 7.873065027954500028e-01 8.105486909295624987e-01 8.008382626392794856e-01 7.991849022294411631e-01 7.973666288301123339e-01 8.042230446854516934e-01 7.835838700188902939e-01 7.852427670966007911e-01 7.910232464045813261e-01 8.047451228164548276e-01 8.003097604362079398e-01 8.073918890113588320e-01 7.961086060288464772e-01 7.957383682843602868e-01 7.892498487885598601e-01 7.911829505514136329e-01 7.881155671249360228e-01 7.940678108361983734e-01 7.404915852246007901e-01 7.305640663955688119e-01 7.653855129718505346e-01 7.722484990937690252e-01 7.582160902787152823e-01 7.648126993282732267e-01 7.698231355738476278e-01 7.744927527241558529e-01 7.611588030629627966e-01 7.713085427523764803e-01 7.785300737665189486e-01 8.004809054023429571e-01 8.053519074339605677e-01 7.942536304018980031e-01 7.958878144478771510e-01 7.911117613063630705e-01 7.888704651374313093e-01 7.776832948335992146e-01 7.874605962514863444e-01 7.823268878908012924e-01
8.888209341095008875e-02 1.808964669016219773e-01 3.891789781014149963e-01 4.646866917361411886e-01 4.232429373618469270e-01 5.140947534150445142e-01 7.111240135147843811e-01 6.956885107519099609e-01 7.677092525566427961e-01 7.129471237046834942e-01 1.000000000000000000e+00 8.221404718784335319e-01 7.789044570815896185e-01 7.162869692919793252e-01 8.597797966559657112e-01 8.466390675579499314e-01 7.816039522406469375e-01 6.383384761715279465e-01 7.344000529583050163e-01 5.796426989921529271e-01 6.392223202506518431e-01 7.501956893321745090e-01 7.464462996848126863e-01 6.638172399519610689e-01 7.133436291175774269e-01 8.244585678288233188e-01 8.207976860222215842e-01 8.191875345833699029e-01 7.734461218084472955e-01 8.306843217940363955e-01 8.550800443350213831e-01 8.482142967629554553e-01 7.792292872922779168e-01 8.237923920463710026e-01 8.198438555238063419e-01 8.395982330925464421e-01 8.668603426532902612e-01 8.346204973340254352e-01 8.767556440108147386e-01 8.465565515652686557e-01 8.865015492228994765e-01 8.769874219887375810e-01 8.720144445806000677e-01 8.928934425192018853e-01 8.765133417611574718e-01 8.884571889800814137e-01 8.913336834205147774e-01 8.863088894279573804e-01 8.831835049599283671e-01 8.503060412766028087e-01 8.698562757981436189e-01 8.134873756086475893e-01 8.838765423364680629e-01 8.799995635399718852e-01 8.725911459176372009e-01 8.769775503717830434e-01 8.777801482686415913e-01 8.848153230465045649e-01 8.744229712744799876e-01 8.957706430153230537e-01 8.893170883348254785e-01 8.864025936980411968e-01 8.779642135115032220e-01 8.852058066101494704e-01 8.855187414159773063e-01 8.924382496204469328e-01 8.938557730018982239e-01 8.849640834646042009e-01 8.837843643761855716e-01 8.728103332818132332e-01 8.839270185384415779e-01 8.901388567803014684e-01 8.660639640127172356e-01 8.706552517534651425e-01 8.924707189775858973e-01 8.948577856693310517e-01 8.901418217704256675e-01 8.827055982659864908e-01 8.906766036582181023e-01 8.861290735427961307e-01 8.914671195338850218e-01 8.972580573598541998e-01 8.918354058589030853e-01 8.771037675579426152e-01 8.825966775335276626e-01 8.859392028815152864e-01 8.977695918461398028e-01 8.886312500848029261e-01 8.944580398776867947e-01 8.863355564828160338e-01 8.933344584202901340e-01 8.963982357755356789e-01 8.967603483863838543e-01 8.967889200492886737e-01 8.925480479699080538e-01 8.926110994865610326e-01 8.719553092165779340e-01 8.742645950716717573e-01 8.893812228628651395e-01 8.853492173358871176e-01 8.895885325092172113e-01 8.850858107249447437e-01 8.916646340679103000e-01 8.931355035003845089e-01 8.877958921865098940e-01 8.894677927841218024e-01 8.910029654875797345e-01 8.913597933739789703e-01 8.912198310093014664e-01 8.956110727400077298e-01 8.904310075928829615e-01 8.980041703429770816e-01 8.937648029231899383e-01 8.922700626110774413e-01 8.913258513937533101e-01 8.945484809335064735e-01
-7.154329153539627784e-02 5.087546909855708566e-02 3.771678278542826002e-01 6.775711516551702340e-01 5.093216291244818672e-01 4.992436065332382378e-01 7.772823587782454746e-01 7.409222972403028962e-01 6.871885572147339305e-01 6.234258853979068871e-01 8.221404718784335319e-01 1.000000000000000000e+00 7.939546165558131197e-01 7.274004405878963242e-01 8.944228024348296335e-01 8.755783114056789884e-01 7.462845643086143399e-01 5.479635952313511860e-01 6.686541663475089603e-01 5.757029891794911425e-01 6.799750978445709970e-01 7.447470303331238384e-01 6.898038429694838269e-01 6.618856252892882930e-01 7.294082077506690576e-01 7.250606767692364674e-01 7.354018637244437162e-01 7.352335468554290765e-01 6.493551764975319385e-01 7.362614745517837012e-01 7.683331372012380811e-01 7.881834701488175110e-01 6.904508157165175630e-01 7.796138319245936588e-01 7.448335953969800194e-01 8.148709467093387948e-01 8.028569135472052309e-01 7.679268721309435719e-01 8.515583501141328338e-01 8.062001452952122227e-01 8.380653549088165066e-01 8.399848284238508045e-01 8.844913646193510726e-01 8.772046741638860334e-01 8.505062934732388058e-01 8.623667687016625116e-01 8.792118357185152444e-01 8.599092460281738681e-01 8.869919268453455574e-01 8.718207474936664481e-01 8.497743886947666248e-01 9.042484565788448947e-01 8.877740340295149357e-01 8.437146432408840768e-01 8.367062396798790047e-01 8.421520441022923853e-01 8.629593800010325610e-01 8.465908593766992007e-01 8.298377015747181451e-01 8.758805642184288587e-01 9.039157191826014959e-01 8.586775700599985628e-01 8.689554669308980905e-01 8.877450047437601688e-01 8.687065577688896090e-01 8.832448371064784975e-01 8.738072146572641863e-01 8.559420472093615118e-01 8.551585229665282784e-01 8.760090774830782134e-01 8.937583617906514899e-01 8.751002529509176453e-01 8.624522272905262854e-01 8.936782173722743750e-01 8.495635163983854543e-01 8.609538106195009366e-01 8.584568129953317195e-01 8.231425640241976094e-01 8.654137743244688652e-01 8.360319554058787128e-01 8.517552670109144186e-01 8.601035439087748591e-01 8.630638405515426159e-01 8.373243845267425156e-01 8.713628757311890904e-01 8.716592480625973138e-01 8.649982897621631972e-01 8.637731530608702135e-01 8.706463602530840618e-01 8.555602505003472302e-01 8.678441045085730776e-01 8.775504155776855386e-01 8.857555140123837267e-01 8.842771899844258376e-01 8.849145012186897530e-01 8.817025573453800558e-01 8.976860673689314174e-01 9.059869279990657720e-01 9.014952539723417591e-01 8.892804993084109100e-01 9.098144773487244485e-01 8.971323374902474557e-01 9.011419880999518295e-01 9.010982269302950654e-01 9.067798016154103857e-01 8.920265644723586185e-01 8.901105395816066856e-01 8.662259170031079147e-01 8.614256379093856442e-01 8.786370070663824805e-01 8.705947244024491161e-01 8.857975607350848657e-01 8.863354353975907429e-01 8.971680440656430999e-01 8.774988593535261172e-01 8.900462828965171047e-01
3.553754345289866778e-02 1.290033527843563177e-01 3.398413590309949384e-01 4.509381244379077613e-01 4.903134240300655033e-01 4.668009775244920112e-01 6.723014541723789650e-01 6.610866698011336196e-01 7.132261842577102273e-01 6.712423771303756004e-01 7.789044570815896185e-01 7.939546165558131197e-01 1.000000000000000000e+00 6.790073608008613260e-01 8.307175649942352136e-01 8.335549634704818578e-01 7.280642192554741543e-01 5.557113462404020821e-01 6.600134801185187916e-01 5.177048596404643099e-01 5.953025366061278634e-01 6.841771600419653820e-01 6.776889847825602331e-01 6.133168360183586243e-01 6.608662024442978344e-01 7.554575254897651915e-01 7.440290213188713864e-01 7.421338469043744501e-01 6.950620646556064930e-01 7.590467013611809088e-01 7.844330738879921050e-01 7.830658874682389081e-01 6.993021028680276308e-01 7.595180889372189492e-01 7.512955289065144093e-01 7.784673677637583555e-01 8.018966667772853274e-01 7.615832535696084316e-01 8.215364234773533392e-01 7.736424122854245189e-01 8.339688344649935914e-01 8.180042497854387307e-01 8.212433334026199017e-01 8.481210192298944683e-01 8.279853055491908087e-01 8.376665708072575933e-01 8.556069033272756252e-01 8.494949939526170724e-01 8.444446053150688192e-01 8.040016068389229664e-01 8.130603325618234178e-01 7.960708490131287451e-01 8.408391185145966951e-01 8.415674043723594400e-01 8.290215161901650642e-01 8.257775602589948472e-01 8.353390777218518970e-01 8.446220389024715614e-01 8.251040936931017811e-01 8.583672673823272703e-01 8.532091508240030597e-01 8.486332192107136629e-01 8.354458541009384120e-01 8.491964587413564081e-01 8.450679416045144832e-01 8.583238039631690963e-01 8.550800429849880757e-01 8.394296784728153549e-01 8.407952614998601693e-01 8.295958463002431893e-01 8.459272538446078737e-01 8.547448526511052247e-01 8.239095159854995520e-01 8.378390757496472219e-01 8.494195175885311810e-01 8.516337349190608030e-01 8.495789435896616837e-01 8.313987847489224814e-01 8.453296844153912470e-01 8.448003961265700967e-01 8.476436090645462773e-01 8.529658154863547503e-01 8.482459222680331923e-01 8.382277909047581854e-01 8.425133547275435175e-01 8.422175816021075789e-01 8.505322724110842003e-01 8.469568632475442671e-01 8.511168267816585642e-01 8.487513181006985929e-01 8.457946773509417149e-01 8.569103161485766007e-01 8.597952540534087307e-01 8.597998667952285734e-01 8.615168276580597029e-01 8.600505100005745307e-01 8.418717111741539361e-01 8.489951977596725818e-01 8.611208987797035475e-01 8.478805376320059928e-01 8.579301328316674136e-01 8.538323898391267930e-01 8.621364768974333348e-01 8.629928592054374459e-01 8.615080013733362740e-01 8.567044196981710158e-01 8.568638747540195943e-01 8.550123252971741916e-01 8.551351769011769077e-01 8.586209487027423037e-01 8.542534970116236748e-01 8.624401017154406102e-01 8.600201967455791685e-01 8.612767093317752476e-01 8.611473363565966821e-01 8.653613997891380638e-01
