1.000000000000000000e+00 8.188791065467133923e-02 6.053923062018769230e-02 1.329957573461845559e-02 -3.601955290654609843e-02 -8.876353715705982347e-03 3.059327467708699427e-02 -5.958214562671348621e-03 1.026123608280035404e-01 3.610336378728767892e-02 1.091231657990164236e-02 1.933254227780706325e-02 -6.713987416262828280e-03 1.590147331444095521e-02 1.244684751563774998e-02 8.007751829884356132e-03 1.193138363213651632e-01 1.309795940516650103e-01 1.385513271565497750e-01 8.486468950719545934e-02 9.394315670947432639e-02 1.364257980061393816e-01 1.167992396215315337e-01 1.083208541880583686e-01 1.055019082095353111e-01 1.044982819501908827e-01 8.779491985183228431e-02 8.717373520581528368e-02 1.230165636839167242e-01 9.662458704089631201e-02 7.805635724777536255e-02 6.889809349107881009e-02 6.634218227051795480e-02 8.587519382565030057e-02 7.561399696755308208e-02 8.976365863194293859e-02 5.871199256465734623e-02 3.926546848125167521e-02 6.154402510825863343e-02 3.764581638538588848e-02 4.493971295410754963e-02 3.016682450600636015e-02 4.009180136606838724e-02 3.552916642535183106e-02 3.676249580584860233e-02 3.934940124935839417e-02 1.124293309193953420e-02 2.335638144067473873e-02 2.956694840929209242e-02 4.201054341008626097e-02 4.185959166605623949e-02 8.224453782124957479e-02 3.712799016308378219e-02 4.990479418981689369e-02 5.106100769988899252e-02 6.466185505856242299e-02 6.287163447429877650e-02 1.853270969626816256e-02 2.044698381716050090e-02 2.467375518114534039e-02 2.808367501419118187e-02 2.825315165329693110e-02 4.091786427990108665e-02 4.776743295906626940e-02 6.018084824777896608e-02 4.965146373153359050e-02 2.694918531182369237e-02 4.852776940542326972e-02 4.313640221092762683e-02 3.919222075129447785e-02 4.964616007154015048e-02 4.270818506988660612e-02 4.669806663946555331e-02 5.417930218487965188e-02 3.566351422965484408e-02 3.511518395507656765e-02 3.340004484717387645e-02 5.051755495748292552e-02 2.767387392519430819e-02 2.766688963669122758e-02 2.442900960033873858e-02 2.794581606023401402e-02 5.541639751733700575e-02 3.096636474012162688e-02 2.598341489191632186e-02 3.419606076986436705e-02 3.215406987136897737e-02 1.473744799776120079e-02 2.517635119319337408e-02 3.950918900020802121e-02 1.556546616675467086e-02 1.130220385925700260e-02 1.778322551217509720e-02 1.541457732880285349e-02 4.334874661673962862e-03 1.055081639754003840e-02 2.145887463751317351e-02 4.470428986886509914e-02 1.349677983709344532e-02 1.405255942773230883e-02 1.176425776156538386e-02 2.110512641077798290e-02 1.883444466468851830e-02 1.193922554314272820e-02 3.789168169510048062e-02 4.651288676265717681e-02 2.081938041434714878e-02 2.238238830739688878e-02 2.113723720750488103e-02 1.176070537862517092e-02 1.139177349006393475e-02 1.320145872613711843e-02 1.467987472312886829e-02 2.484053407386549797e-02 2.847640569470165015e-02 3.148206064240300500e-02
8.188791065467133923e-02 1.000000000000000000e+00 5.272170195070807058e-02 7.563449890918205742e-02 3.787500408583630018e-02 8.187815706324652609e-02 1.491279478739292452e-01 1.296627991074695563e-01 1.489276684658518701e-01 2.057021165046864775e-01 1.517670016068808914e-01 1.346009163113754681e-01 1.350685850814510314e-01 1.341549445840700405e-01 1.562464907886426113e-01 1.622472327341090981e-01 1.672654927652875434e-01 8.620019550694536792e-02 1.298451840364289456e-01 8.787788536775677228e-02 8.823380223401142142e-02 1.361667998809798497e-01 1.638895428083837480e-01 1.156100992329279764e-01 1.367826359968401240e-01 1.636743541746562280e-01 1.305599701294974380e-01 1.484088026267157412e-01 1.437586840758451612e-01 1.265605733290458002e-01 1.453150543236147174e-01 1.653338784701453568e-01 1.455142224543592988e-01 1.547808635227926055e-01 1.283269990612347644e-01 1.767986683183990770e-01 1.394411077329670012e-01 1.650249815788648322e-01 1.581836113448074899e-01 1.618307372932875354e-01 1.612464397167268360e-01 1.609134332148604296e-01 1.644965445449695640e-01 1.587645713070303943e-01 1.547058917031369774e-01 1.593153863642421120e-01 1.612359599676026767e-01 1.690675041430150516e-01 1.595681377969872805e-01 1.490711687123278395e-01 1.678913816329968556e-01 1.524130087727636751e-01 1.437519846233955290e-01 1.798171960280459114e-01 1.758958802225387696e-01 1.812766321370129496e-01 1.699210924536398715e-01 1.668632607321682837e-01 1.652004399704198045e-01 1.600700064711232107e-01 1.572695391391015773e-01 1.698297211964999720e-01 1.670801346049474168e-01 1.641543780310010803e-01 1.625344085644382652e-01 1.692306984831868921e-01 1.619359369253823566e-01 1.565368068911328903e-01 1.692040060632230558e-01 1.465629006075804541e-01 1.526429365713647124e-01 1.644415625341594522e-01 1.487981556327622468e-01 1.537899544972343435e-01 1.629162200349597023e-01 1.543077250152634083e-01 1.600576265149886990e-01 1.604536207395492464e-01 1.537125108523816897e-01 1.477172168219549331e-01 1.552602166659688143e-01 1.571051145895619727e-01 1.770549889380743369e-01 1.592942457338776263e-01 1.629068236100210121e-01 1.592767558008621465e-01 1.608294199965316085e-01 1.633086652311855069e-01 1.639339195863701582e-01 1.749342460586416625e-01 1.636211854507279018e-01 1.614332449929755942e-01 1.597187037290498934e-01 1.643822695512558441e-01 1.605094898385755198e-01 1.665551211366143314e-01 1.559821565846594704e-01 1.581219195552514001e-01 1.545340158210005144e-01 1.632895177123277752e-01 1.600447650723299253e-01 1.598018198547425384e-01 1.531842504250433001e-01 1.590167901570735676e-01 1.646740790113069008e-01 1.680079997056525276e-01 1.605303337855748802e-01 1.692840780882073071e-01 1.664623226524674648e-01 1.608804578046213740e-01 1.670828132820880163e-01 1.607504497142632771e-01 1.651570414130084929e-01 1.638827381284097273e-01 1.585817787758809772e-01 1.648233144925921323e-01
6.053923062018769230e-02 5.272170195070807058e-02 1.000000000000000000e+00 3.218646553579364578e-01 1.235947780511846145e-01 2.528539170656581847e-01 2.934182261694527893e-01 2.195269971413318089e-01 3.530546217996946567e-01 2.726683543698173451e-01 3.690968922174278632e-01 3.547509366928578989e-01 3.118247303842549001e-01 3.374097890386023590e-01 3.416725599949628212e-01 3.220407785351661056e-01 3.641638838487897267e-01 3.761727200807596372e-01 4.064082341685937294e-01 3.041025065654711090e-01 3.326960945374584644e-01 4.232752263374222612e-01 3.695997437921927364e-01 3.803446945984874095e-01 4.063337532049588474e-01 4.084977389452495999e-01 4.364685530737592023e-01 4.164394362066922706e-01 4.285578070841754572e-01 4.196743829115285873e-01 4.302218849724777638e-01 3.782179829461113640e-01 3.849546913708963292e-01 3.803582784861467281e-01 3.841232151586271848e-01 4.046587264575458032e-01 3.977227247160460277e-01 3.733598522515242935e-01 3.924220774415556057e-01 3.724061550572281831e-01 3.902323638242596870e-01 3.755947662982147550e-01 3.771346205918151839e-01 3.866290850272253166e-01 3.808695194287265995e-01 3.958859593175139691e-01 3.663045291299068529e-01 3.664868064716786944e-01 3.609419798781910993e-01 3.599607057617375538e-01 3.659047450728588613e-01 3.682103013590941054e-01 3.683326943278786847e-01 3.722491073408977780e-01 3.669404595855971785e-01 3.933467385899200863e-01 3.710497969221938086e-01 3.639326030354781971e-01 3.592165421900939681e-01 3.694359533239335303e-01 3.704557812647952808e-01 3.702306365901519292e-01 3.685759740838599474e-01 3.742735366255590668e-01 3.881931048313517763e-01 3.762627844938591370e-01 3.711884401576139303e-01 3.950517016918119184e-01 3.863851759436952582e-01 3.848569149445026927e-01 4.030526710502925214e-01 3.993955458019082250e-01 3.837854594804991915e-01 4.035413456734789350e-01 3.985348110598467275e-01 3.952927967059149950e-01 3.879725931659422367e-01 4.014276944196199515e-01 3.927048958597992301e-01 3.911600985423385191e-01 3.887319322363425034e-01 3.887510202000081239e-01 3.906158459898380619e-01 3.834776793168338527e-01 3.760435525570598458e-01 3.827157986552678359e-01 3.882880508886671356e-01 3.701774170787339169e-01 3.793405383357588700e-01 3.871671155003927334e-01 3.786564300390011240e-01 3.707202588841805313e-01 3.754610527442127088e-01 3.769297711792906069e-01 3.660135107003290589e-01 3.667320590382523449e-01 3.646783914317423547e-01 3.685134622799079440e-01 3.655324443036626070e-01 3.676034867669070172e-01 3.720085178992643682e-01 3.712595055229303553e-01 3.683442720662453707e-01 3.683472278440747538e-01 3.794147720833160875e-01 3.717729104818666697e-01 3.646992070700219024e-01 3.724121774325454548e-01 3.743754977296054332e-01 3.669460064166166768e-01 3.647838407271234984e-01 3.668942958052588965e-01 3.672238599305813200e-01 3.690511908946362274e-01 3.779939624003736953e-01 3.724149391041873258e-01
1.329957573461845559e-02 7.563449890918205742e-02 3.218646553579364578e-01 1.000000000000000000e+00 3.147704926861482067e-01 4.122595603176165691e-01 5.380496938823600139e-01 4.761716117509101620e-01 5.523050343913047389e-01 4.634127912426435625e-01 5.971971620149496562e-01 6.257868282948196859e-01 5.388213838705833147e-01 5.433460936059556490e-01 5.999974773392185989e-01 5.755233232015447564e-01 5.204970016933289090e-01 4.445539942001814904e-01 4.733242136706578562e-01 4.143362933486516853e-01 4.188034499310888115e-01 5.115354203574375980e-01 4.776549273149148789e-01 4.864752160561436889e-01 4.984717804733020952e-01 5.462505828084841530e-01 6.070803683131634765e-01 6.067445671605903312e-01 5.664593080792932334e-01 5.901025971950588644e-01 6.234268087237958555e-01 5.877092736253074490e-01 5.624058465272616658e-01 5.655653072474369214e-01 5.605736657131759060e-01 5.828875808255536972e-01 5.931458730957129832e-01 6.020815744326967200e-01 6.049522492541361540e-01 6.049122588376681930e-01 6.203185425328580083e-01 6.242180379489998820e-01 6.125429334943721660e-01 6.344708813071271436e-01 6.247163917746140216e-01 6.204304222602468055e-01 6.079503159031108828e-01 6.064697715436839776e-01 6.009035933200541635e-01 5.924857933149952904e-01 5.959738557944846971e-01 5.958311224907861803e-01 6.151011423571566272e-01 5.973955164101982795e-01 5.910975449054637343e-01 5.951954378088719633e-01 6.033953752720969677e-01 6.103976241788026114e-01 5.993088738137857252e-01 6.175376765131039836e-01 6.144342815218766241e-01 6.089816176069654530e-01 6.073863632745774011e-01 6.113089595202507720e-01 6.066544900788133354e-01 6.111761852492662017e-01 6.065478123444287828e-01 6.039519594544729975e-01 6.003070713019583726e-01 5.963715435879862747e-01 5.918361756381729233e-01 6.057890895460454894e-01 5.941574731242401652e-01 5.943941861128365645e-01 6.221366168102264727e-01 6.265853789588420319e-01 6.208902332186762019e-01 6.244321719375810487e-01 6.242515648897175584e-01 6.182614996850348543e-01 6.128473049135412243e-01 6.283398741873157389e-01 6.067299874509557434e-01 6.132318315708429335e-01 6.074131529410247143e-01 5.999071008552901985e-01 6.136126453340199349e-01 6.140346909018179478e-01 6.145598205809710279e-01 6.058299331022941603e-01 6.174437883737470267e-01 6.205936803945263369e-01 6.201556675952435427e-01 6.197984252766155500e-01 6.104672595992621797e-01 6.105455182055936625e-01 6.162480331721864601e-01 6.094428356481316200e-01 6.132713945645922315e-01 6.103016153825328027e-01 6.162837751456563540e-01 6.157577517482951679e-01 6.131161890569828410e-01 6.246632437742505317e-01 6.165302282756459640e-01 6.133049395741698717e-01 6.123933530183345297e-01 6.095779435168451332e-01 6.111058880757385126e-01 6.134362151041494737e-01 6.104014919709443987e-01 6.143603406623924235e-01 6.131863171444007499e-01 6.141168425979607326e-01 6.109680861972227595e-01 6.161307360605196015e-01
-3.601955290654609843e-02 3.787500408583630018e-02 1.235947780511846145e-01 3.147704926861482067e-01 1.000000000000000000e+00 2.904296019620783431e-01 4.348879582761333018e-01 4.532600933735932425e-01 4.263112080384813263e-01 3.943718817280467137e-01 4.177688488676405965e-01 4.707245152502374519e-01 4.510316295441963996e-01 4.225977628781941720e-01 4.851453624122731290e-01 4.731262166204644459e-01 3.820293747585503108e-01 2.160700907140508387e-01 2.820342764809085079e-01 2.454183743253358918e-01 2.397117365409252854e-01 2.972153322279701970e-01 2.968242986779073278e-01 3.192577652612122452e-01 3.092747563334587446e-01 3.650364756528167165e-01 3.903349279341932210e-01 4.108984527972573408e-01 3.600430917186906443e-01 3.737575596520313348e-01 4.138022221966311531e-01 4.342162752220017352e-01 3.753555067709161697e-01 4.170951615652858102e-01 3.750121722512561040e-01 4.243180406030589991e-01 4.312973976810088317e-01 4.581577148250478571e-01 4.492016916695910633e-01 4.638489596860120856e-01 4.722569766960454385e-01 4.818366949482404960e-01 4.647294186786564696e-01 4.810695220024530094e-01 4.732626045404383919e-01 4.707488859782689716e-01 4.864648242148393864e-01 4.909399782720385019e-01 4.788742347170718006e-01 4.672149281856197711e-01 4.694505334858876666e-01 4.670136151041215933e-01 4.841921924544511091e-01 4.624919220939994746e-01 4.635105971329554486e-01 4.450220611818321848e-01 4.632284663261073132e-01 4.843622229420506131e-01 4.787647051045794133e-01 4.898239125018675200e-01 4.837174225090682400e-01 4.802399453802894680e-01 4.713572755817229676e-01 4.780404422449566759e-01 4.688142147246768254e-01 4.738178939079652485e-01 4.817964866720584882e-01 4.566894637530313217e-01 4.624711941715241026e-01 4.409331163167421463e-01 4.383079452465949988e-01 4.630341723946516663e-01 4.580231066655169880e-01 4.495506530925059696e-01 4.729991762349127216e-01 4.706895849780506902e-01 4.772802788507781724e-01 4.643790770962925585e-01 4.735057414853292568e-01 4.615936646185330172e-01 4.680943417858747235e-01 4.776060013135806637e-01 4.677893225535696420e-01 4.599954894620106316e-01 4.736691878538889511e-01 4.737470081379653308e-01 4.752528500041542925e-01 4.848064310495103224e-01 4.786276611845601270e-01 4.704789647259719487e-01 4.851624258878391993e-01 4.913204968474035317e-01 4.888838939873765832e-01 4.873984637966974343e-01 4.924565513032899688e-01 4.907031860651757116e-01 4.824668590910501376e-01 4.816612683024735775e-01 4.930118405344904864e-01 4.872613824861349863e-01 4.903214500972235546e-01 4.878564136525287420e-01 4.898643346126253517e-01 4.930371494539634858e-01 4.826946334132199978e-01 4.787452319381463317e-01 4.899639610111322652e-01 4.850717742878741245e-01 4.841302358897525138e-01 4.912235907473350704e-01 4.891984853409697132e-01 4.953773142177089195e-01 4.887453957022056539e-01 4.889163906034896256e-01 4.848849746265526117e-01 4.860428874881355665e-01
-8.876353715705982347e-03 8.187815706324652609e-02 2.528539170656581847e-01 4.122595603176165691e-01 2.904296019620783431e-01 1.000000000000000000e+00 5.414485509830564425e-01 4.546837864233616577e-01 5.426046009150956584e-01 4.957085569148445003e-01 5.597572467613414204e-01 5.929715121487144636e-01 5.183698660058843055e-01 5.188422627591375846e-01 5.878714169271230805e-01 5.688300618764960959e-01 5.255677910684372067e-01 4.335150020816697647e-01 4.907587549272817151e-01 3.740597064395849158e-01 4.004141485665920208e-01 5.139036254911444335e-01 4.798734860507367084e-01 5.005269002449639348e-01 5.177566739715280253e-01 5.546096365629928915e-01 5.734596015717806639e-01 5.783674323170225895e-01 5.604191929112501969e-01 5.527080696914383751e-01 5.859582010232646798e-01 5.819081857767113286e-01 5.544744457828060247e-01 5.619296503732934545e-01 5.466993077694851655e-01 5.708922094852022511e-01 5.770821253351584579e-01 5.885936069122412739e-01 5.966324717235172992e-01 5.905469452044881384e-01 6.094742957010003126e-01 6.065641055271875359e-01 6.026541278536974300e-01 6.112033313853452166e-01 6.071173415000151730e-01 6.139368695362426021e-01 6.082261162528411758e-01 6.104873582500262019e-01 5.993429874609926822e-01 5.797979595037027201e-01 5.876192996671476543e-01 5.715076325701452520e-01 6.038471346204814516e-01 6.035961932519198214e-01 6.020458920719191642e-01 5.973268955582283768e-01 6.071670296704241299e-01 6.106340535640966127e-01 6.038961106683886637e-01 6.135132357192504271e-01 6.106029190080565217e-01 6.115572506550490672e-01 6.073193075648120054e-01 6.040236727375408732e-01 5.993130229738077297e-01 6.101103625351078641e-01 6.089306341392691779e-01 6.074595556953406028e-01 6.053992382811157480e-01 5.824856508159521606e-01 5.988299815466494591e-01 6.055072382374967477e-01 5.983904256498950858e-01 6.012089715534691958e-01 6.205483025356735016e-01 6.172476781799590695e-01 6.128265722680757976e-01 6.161194552034207073e-01 6.172599908960157977e-01 6.123315511362544816e-01 6.083511965627900198e-01 6.135421550784101452e-01 6.040665293304378070e-01 6.065233055851368960e-01 5.988779819653298198e-01 6.045371239675187969e-01 6.089976353349130234e-01 6.073930196447504537e-01 6.072663076817369499e-01 6.079949743026913378e-01 6.099280689065694760e-01 6.121403727760444946e-01 6.115987011472862056e-01 6.163033600001198709e-01 6.076039006717682822e-01 6.094685096110888933e-01 5.997117960408226978e-01 5.993198869509064330e-01 6.080839706067256989e-01 6.051414895359921164e-01 6.058447540038235379e-01 6.097917672815967860e-01 6.068866676559332429e-01 6.120053351201167890e-01 6.070664699265280184e-01 6.076611049296879452e-01 6.078931107121453570e-01 6.122231241947929670e-01 6.123682544223897350e-01 6.141955838303058135e-01 6.122956232947147637e-01 6.090199607986650499e-01 6.124438724219605223e-01 6.073862501774127676e-01 6.088809021482165518e-01 6.117222879064796448e-01
3.059327467708699427e-02 1.491279478739292452e-01 2.934182261694527893e-01 5.380496938823600139e-01 4.348879582761333018e-01 5.414485509830564425e-01 1.000000000000000000e+00 6.884853402084633034e-01 7.541015153123139525e-01 7.043272192884284522e-01 7.559939342706436527e-01 7.894410720840924212e-01 7.557010584845175183e-01 7.295698216451286244e-01 8.626005504507050503e-01 8.142087680408591766e-01 7.170940173913218363e-01 5.355692329997191470e-01 6.148634676972708490e-01 5.132930059346074714e-01 5.409480803325086296e-01 6.423710000258661124e-01 6.205027242887867223e-01 6.494050691738371128e-01 6.489925880843310235e-01 7.140170281236254413e-01 7.366424623879666012e-01 7.680481913866364918e-01 6.995982933535360715e-01 7.156564261995512766e-01 7.795707071010092859e-01 7.909030565716533845e-01 7.268730182039347953e-01 7.649044337169070840e-01 7.107639146345089420e-01 7.827824532737018837e-01 7.839866806879497441e-01 8.144152996911435682e-01 8.115154235812620520e-01 8.037168455190173422e-01 8.269996179517702384e-01 8.330442242025117849e-01 8.209327623866118362e-01 8.382128756558857585e-01 8.319093164048987354e-01 8.330649378165964070e-01 8.385458587885311621e-01 8.428273417367806442e-01 8.332415731312063922e-01 8.124315653596478892e-01 8.267092503382077462e-01 8.109704499790534316e-01 8.317367106899854479e-01 8.250934460019279104e-01 8.197912232642737829e-01 8.086478247061833491e-01 8.215304274856932709e-01 8.336124053928559707e-01 8.308103683361176550e-01 8.421930542639399775e-01 8.372772054492506610e-01 8.411735731638906310e-01 8.288717325409953318e-01 8.356351700827842066e-01 8.243924425883848439e-01 8.344966842951765384e-01 8.439208142824872194e-01 8.262395269468928438e-01 8.288277030087836117e-01 8.020523279491198476e-01 8.062483039919612349e-01 8.238192488110201994e-01 8.165151762448153994e-01 8.127011226838196656e-01 8.367330393206693362e-01 8.372241758301599557e-01 8.379649989845516789e-01 8.266144496498960548e-01 8.281422525345339958e-01 8.226686754655505585e-01 8.304385196073730269e-01 8.376136466445541773e-01 8.302937755504410378e-01 8.225401710108245501e-01 8.362104891398938200e-01 8.303249205056303373e-01 8.375778446560960822e-01 8.426833588208717529e-01 8.406683703794877172e-01 8.336462493891124703e-01 8.439490765545241135e-01 8.482769474001327081e-01 8.452699308491694596e-01 8.465342899586437708e-01 8.436818050655848777e-01 8.461604997078258084e-01 8.322863149245153247e-01 8.337595534789846718e-01 8.410468951975910157e-01 8.420867933113599380e-01 8.439292564289566645e-01 8.417315576949004896e-01 8.424051011523421284e-01 8.467519764225521772e-01 8.418923165164221567e-01 8.353675624376905029e-01 8.446548973192491427e-01 8.447361433624629434e-01 8.424562279660327002e-01 8.458499097891964968e-01 8.452496955743599161e-01 8.443670191982886042e-01 8.447826382121583766e-01 8.450834897475906216e-01 8.394389336364314058e-01 8.424378140259064507e-01
-5.958214562671348621e-03 1.296627991074695563e-01 2.195269971413318089e-01 4.761716117509101620e-01 4.532600933735932425e-01 4.546837864233616577e-01 6.884853402084633034e-01 1.000000000000000000e+00 6.474877216536368829e-01 6.240881711084080852e-01 6.649218522725558467e-01 7.148628085314959746e-01 6.956178939776497261e-01 6.419351273669950952e-01 7.575611326391242795e-01 7.616763653212944574e-01 6.043748025662031287e-01 3.937145267627620848e-01 4.806607852874691389e-01 4.039911434435287663e-01 4.393887642766047819e-01 5.239440279506545339e-01 4.849995043813056239e-01 5.122134776543494361e-01 5.305718258654014141e-01 6.057210118630570461e-01 6.149275030999586944e-01 6.360120804653431881e-01 5.613389862033740796e-01 5.956517311084083000e-01 6.599648174669311418e-01 6.716516885731002029e-01 6.221405320370870795e-01 6.430814526047885504e-01 6.072615226890676343e-01 6.604328679462636575e-01 6.773239350703680328e-01 7.081408001481892533e-01 6.963989299251277520e-01 7.075025114956767780e-01 7.231698325833910701e-01 7.328116819062311382e-01 7.175088961128816001e-01 7.345881805092334682e-01 7.333136501675138197e-01 7.291521643890799265e-01 7.524680378476843456e-01 7.537304748452861025e-01 7.348060453411308091e-01 7.042071665993354657e-01 7.203529490420721437e-01 7.103934914093346098e-01 7.335841529342196354e-01 7.327908193651926361e-01 7.248012288186358454e-01 7.040299011966224541e-01 7.190130474220219892e-01 7.487626537514904257e-01 7.430239766215318564e-01 7.568386493673756599e-01 7.474648029932204896e-01 7.491320469530746706e-01 7.330596742688758605e-01 7.379412599638998094e-01 7.305044965044973360e-01 7.374442961454494849e-01 7.514289233704355420e-01 7.174622590379260423e-01 7.228854269374863639e-01 6.956700604348272643e-01 7.017077763321032391e-01 7.266673070871610962e-01 7.086166097107703399e-01 7.039028122160712053e-01 7.389576859463061753e-01 7.355340840383223222e-01 7.367533697429410333e-01 7.190367233652290579e-01 7.304198004482652662e-01 7.251292901434361893e-01 7.346490681686574931e-01 7.384992548547079094e-01 7.250862656051635380e-01 7.256439428898049382e-01 7.345790858651590760e-01 7.290492142110119866e-01 7.388743578530660994e-01 7.521993889687512702e-01 7.462676445171597672e-01 7.330529873836738597e-01 7.487440630282389264e-01 7.567693080910458114e-01 7.502980017544510494e-01 7.529872195835766169e-01 7.589263971602403513e-01 7.583833087757468894e-01 7.347933195229412462e-01 7.369402787746565098e-01 7.543531009970656509e-01 7.497181317421546254e-01 7.516320672158407490e-01 7.493561793276908300e-01 7.534487641182406881e-01 7.570557286770407401e-01 7.467676299988837973e-01 7.369137554244288291e-01 7.527265609627239451e-01 7.537340143078157251e-01 7.507401624032062903e-01 7.587928909742127637e-01 7.591395487529182251e-01 7.606051288781036090e-01 7.579234275857995584e-01 7.553364442814308743e-01 7.482966458696697076e-01 7.510563651778318084e-01
1.026123608280035404e-01 1.489276684658518701e-01 3.530546217996946567e-01 5.523050343913047389e-01 4.263112080384813263e-01 5.426046009150956584e-01 7.541015153123139525e-01 6.474877216536368829e-01 1.000000000000000000e+00 7.096835033960683381e-01 7.934545910018607762e-01 8.224054458750931218e-01 7.591255448420860530e-01 7.565286014274511528e-01 8.343058148360689152e-01 8.151087160017270739e-01 7.994664060177911757e-01 6.099373498749450784e-01 6.998090556174354493e-01 5.628131359859621652e-01 5.924394806707140582e-01 7.355928798486436326e-01 6.969462004299535884e-01 7.182560701299193218e-01 7.189949740442023174e-01 7.794562745768455203e-01 8.043201607952498167e-01 8.231198230428178331e-01 7.627634572715326078e-01 7.876387591013473966e-01 8.345529000248584905e-01 8.456504087024833138e-01 7.852009517830433882e-01 8.275715773088834215e-01 7.690704235532964672e-01 8.398923638519011359e-01 8.272695139048985569e-01 8.561259123708734320e-01 8.603405785030340258e-01 8.420182202409720595e-01 8.671274915213161849e-01 8.606779194816651657e-01 8.527790235617738190e-01 8.684492580283670327e-01 8.694908963266546609e-01 8.664890403606921865e-01 8.677323334635639318e-01 8.745668589351558442e-01 8.722925694139884722e-01 8.590083432097377347e-01 8.671551297699569005e-01 8.680314208236088458e-01 8.703242925787547657e-01 8.660184575163392129e-01 8.630317390350165097e-01 8.653931263719746303e-01 8.738545826638052239e-01 8.636195403771198542e-01 8.614322118225505864e-01 8.770534027710936709e-01 8.738836066019955995e-01 8.722672301666014594e-01 8.671764570474859157e-01 8.795504267931500975e-01 8.793245345029948590e-01 8.775621792263863519e-01 8.763470639818168317e-01 8.717300386060355954e-01 8.720900034560526981e-01 8.410866502178782067e-01 8.548813776399788456e-01 8.733104506290296776e-01 8.602461449451901387e-01 8.587097129989093025e-01 8.771100680459579246e-01 8.757011024729612902e-01 8.734773383788001500e-01 8.698169682565943805e-01 8.687281125310635232e-01 8.610706106964320927e-01 8.680676014967422249e-01 8.751908499461054092e-01 8.810570186486024191e-01 8.612113889365914376e-01 8.721897876594606469e-01 8.713650223706035369e-01 8.756557698196446582e-01 8.733970693166925869e-01 8.749316831735552968e-01 8.745410021886709240e-01 8.710014600189255329e-01 8.719833090138189302e-01 8.758023221188359075e-01 8.723522520056132823e-01 8.705640368365394899e-01 8.729699080519851551e-01 8.739250513848436652e-01 8.825723094696593662e-01 8.739581724809258878e-01 8.718774502610178168e-01 8.714530818800744205e-01 8.799942274499367167e-01 8.764949899588996285e-01 8.741273784189620422e-01 8.836722952872223535e-01 8.825202104436598027e-01 8.762673968002060443e-01 8.761094419064137107e-01 8.740415589377042993e-01 8.724737918346893162e-01 8.716876591574440614e-01 8.740273927946252686e-01 8.739635019160556517e-01 8.788085647726098237e-01 8.775032793916903717e-01 8.791050130714576083e-01
3.610336378728767892e-02 2.057021165046864775e-01 2.726683543698173451e-01 4.634127912426435625e-01 3.943718817280467137e-01 4.957085569148445003e-01 7.043272192884284522e-01 6.240881711084080852e-01 7.096835033960683381e-01 1.000000000000000000e+00 6.953680997422704291e-01 7.259495324229922053e-01 6.916654425465728062e-01 6.799185209814583297e-01 7.762662835786051652e-01 7.551787296233103408e-01 6.807948865513270276e-01 4.829642455603401219e-01 5.744590006998221421e-01 4.583331220768213643e-01 5.008411558752647874e-01 5.924601379818248414e-01 5.691005986364363611e-01 6.040102835625790201e-01 5.964742341596653841e-01 6.672194750244103689e-01 6.760118632254660254e-01 7.123853259953601968e-01 6.521131181240120700e-01 6.598809493396630144e-01 7.229799988465148708e-01 7.293821370772883839e-01 6.914397450826514913e-01 7.111186447125433796e-01 6.588961147606267055e-01 7.275713587368956015e-01 7.222636909919379899e-01 7.566836420302526234e-01 7.527160994979293918e-01 7.400383852899381498e-01 7.634619546469459950e-01 7.735890842657193733e-01 7.511949896111465019e-01 7.640872490526832150e-01 7.606241668832941505e-01 7.710198751346386548e-01 7.837545830226003707e-01 7.909055409769493172e-01 7.680290364031606698e-01 7.356476939088102407e-01 7.642763877271346873e-01 7.395522649523094127e-01 7.587273815556676571e-01 7.803771087035251686e-01 7.661920920268052715e-01 7.535836391848845794e-01 7.631212280292487549e-01 7.740257334158594515e-01 7.760393902368208918e-01 7.808728542564612463e-01 7.777615535889541576e-01 7.837462519615837619e-01 7.707941752286635584e-01 7.740981347323833139e-01 7.655275147872222519e-01 7.764188460159027194e-01 7.826791817840275112e-01 7.681281723030776165e-01 7.710077592486022091e-01 7.408488788562850313e-01 7.518808647781408672e-01 7.651127429251993739e-01 7.627828873999776826e-01 7.548451579193486971e-01 7.764924702860253047e-01 7.721980809820799818e-01 7.763778524916604695e-01 7.682150735644032169e-01 7.642584494043448418e-01 7.592636053099062199e-01 7.716101679929903145e-01 7.762561880940340719e-01 7.724474298618758672e-01 7.613212480377508085e-01 7.740189918677670144e-01 7.718579790572567267e-01 7.769138584041660467e-01 7.807831925681841811e-01 7.817073948212757140e-01 7.721717383446325966e-01 7.788116968588544298e-01 7.838862348592885443e-01 7.793074997560738293e-01 7.821678951308427274e-01 7.847291023787542619e-01 7.870624750251473678e-01 7.617446498010802536e-01 7.715101773783796801e-01 7.758048184841392914e-01 7.758591712338304136e-01 7.751165636130066261e-01 7.770011551800096727e-01 7.755548453529543806e-01 7.778332013990020277e-01 7.780668891528348396e-01 7.757645414973767251e-01 7.811400873370856202e-01 7.866771315054912339e-01 7.820531870651217243e-01 7.835075710534641358e-01 7.849399012334153936e-01 7.831533425336614229e-01 7.848286900286733925e-01 7.823681364817580697e-01 7.774740484638286153e-01 7.827518006182155874e-01
1.091231657990164236e-02 1.517670016068808914e-01 3.690968922174278632e-01 5.971971620149496562e-01 4.177688488676405965e-01 5.597572467613414204e-01 7.559939342706436527e-01 6.649218522725558467e-01 7.934545910018607762e-01 6.953680997422704291e-01 1.000000000000000000e+00 8.526978178942374864e-01 7.748227229630916257e-01 7.688317372598679755e-01 8.525194480081881299e-01 8.282868761090651510e-01 7.787177527509393515e-01 6.165963335456653427e-01 7.031206531307068186e-01 5.673058391224202746e-01 6.061071445854840922e-01 7.394402628375251751e-01 6.968193187040868652e-01 7.251807556216234296e-01 7.389094401705055271e-01 7.898995274239969389e-01 8.311938109262684282e-01 8.375389730972201408e-01 7.791568740199115162e-01 8.115160928310682920e-01 8.487377193126655062e-01 8.492607202772443076e-01 8.053023393233311733e-01 8.255934597987670820e-01 7.959825431397793416e-01 8.466063824990424092e-01 8.496202687526537289e-01 8.663266013166127655e-01 8.698674611595588191e-01 8.596952164989358769e-01 8.843761165373454913e-01 8.772959649213861733e-01 8.789741291078032592e-01 8.884681956713175177e-01 8.845389175602376142e-01 8.854699851256926380e-01 8.858701405350239977e-01 8.869712235941624723e-01 8.772910674987434154e-01 8.618474453035368521e-01 8.728464693388395812e-01 8.569583757446763705e-01 8.737294757892062336e-01 8.701485888921111078e-01 8.671677001144362240e-01 8.685655328168366829e-01 8.726633124576250733e-01 8.797620565497490386e-01 8.739959683587104067e-01 8.876582550897815782e-01 8.883517849597944993e-01 8.850299254110686187e-01 8.780232212435862271e-01 8.850681595712081018e-01 8.814544982939674922e-01 8.839827385268632653e-01 8.864863904538664574e-01 8.839387070227898713e-01 8.828877150539512497e-01 8.551790135130312720e-01 8.740709398244786987e-01 8.871528076026820031e-01 8.717222963180790707e-01 8.780816914054518918e-01 8.950728825117915122e-01 8.943403460394618865e-01 8.928189285478863590e-01 8.878084766609699585e-01 8.908663147381424841e-01 8.854613453890997077e-01 8.855373595832878308e-01 8.976738294513925132e-01 8.857742609569302372e-01 8.810435926930456629e-01 8.831869957924373127e-01 8.830749466275295001e-01 8.937254499509975636e-01 8.914828989466223597e-01 8.917166585696781889e-01 8.861085699507184055e-01 8.932695775173025154e-01 8.927769998300675303e-01 8.946250386147956979e-01 8.943080341360870600e-01 8.898989160417212219e-01 8.910017884392924525e-01 8.880822216423773785e-01 8.844110879932136626e-01 8.909743926383962842e-01 8.885817036772403199e-01 8.924845427950164334e-01 8.924794709872139187e-01 8.886905457748203174e-01 8.938515406329948787e-01 8.925680371885021946e-01 8.867228900684106518e-01 8.894175056826600922e-01 8.900213143937725224e-01 8.904920324595617664e-01 8.907325258339350293e-01 8.894956778834878230e-01 8.902438371818701679e-01 8.908088364216573130e-01 8.901029925934161868e-01 8.898760522996222999e-01 8.894486248455789612e-01
1.933254227780706325e-02 1.346009163113754681e-01 3.547509366928578989e-01 6.257868282948196859e-01 4.707245152502374519e-01 5.929715121487144636e-01 7.894410720840924212e-01 7.148628085314959746e-01 8.224054458750931218e-01 7.259495324229922053e-01 8.526978178942374864e-01 1.000000000000000000e+00 8.194741173581320259e-01 8.129824240195087093e-01 9.003849280635751740e-01 8.769823850290806577e-01 7.836711133448583944e-01 6.095546400696283396e-01 6.867202982794071708e-01 5.677643699251156972e-01 5.981030323578477859e-01 7.299160672095648117e-01 6.992018874645464788e-01 7.225369753759224301e-01 7.339445192784508354e-01 7.931286867511937455e-01 8.411225334269898379e-01 8.619229836912748466e-01 7.896064741549926325e-01 8.222333186722499132e-01 8.750853771517486113e-01 8.804464713778924478e-01 8.257743755157905818e-01 8.457158154936469385e-01 8.095817910431862829e-01 8.629679379649686233e-01 8.777521275813136015e-01 9.046748529809257588e-01 8.996120700496386124e-01 8.971691560769959883e-01 9.242261616468013807e-01 9.217465113216990469e-01 9.139770011455448095e-01 9.296918551879648218e-01 9.230745896055342348e-01 9.189477038306173018e-01 9.304662715913574189e-01 9.286020588894622341e-01 9.209964892135200643e-01 9.004968223640632541e-01 9.111495062496768327e-01 8.933076867833058543e-01 9.194298165450593974e-01 9.099497140081801438e-01 9.033900773024412523e-01 8.999154064590492164e-01 9.132999727059006867e-01 9.250891617421013180e-01 9.196040844174051543e-01 9.336869804294133379e-01 9.305936313021411221e-01 9.269507206868166094e-01 9.193725096098651628e-01 9.263513722282138430e-01 9.177362316252873908e-01 9.219242441944340838e-01 9.303947026096498485e-01 9.178475467623745665e-01 9.193323684866513412e-01 8.873639845718771513e-01 8.966403186463625108e-01 9.187264431256917385e-01 9.054373543345279884e-01 9.039841808686149838e-01 9.300425368193465658e-01 9.328600769544829197e-01 9.307699787279157810e-01 9.231609263959870137e-01 9.280608027569086094e-01 9.214124362988620476e-01 9.234046684667688298e-01 9.345541860674226875e-01 9.204258948976631327e-01 9.178655426337984924e-01 9.233776489179559288e-01 9.193647564883173917e-01 9.290868482449512467e-01 9.332610032617161266e-01 9.310994515090662560e-01 9.214837623715654846e-01 9.325496660843101138e-01 9.366520784919172282e-01 9.361122018817392698e-01 9.368917549082057539e-01 9.346535832940235933e-01 9.349935490917448133e-01 9.284479534231717679e-01 9.245376333612389530e-01 9.346577675835332499e-01 9.319524114403006099e-01 9.340065332170603973e-01 9.341829912213990283e-01 9.329186471256047941e-01 9.385194926158751949e-01 9.309139367560204104e-01 9.269381330453219103e-01 9.342826952044465116e-01 9.323188164968385649e-01 9.311706819349457875e-01 9.342041369456970390e-01 9.337711885883683838e-01 9.359694981555305437e-01 9.347787543131452770e-01 9.350008017553138595e-01 9.307797402146038568e-01 9.325886948528046005e-01
-6.713987416262828280e-03 1.350685850814510314e-01 3.118247303842549001e-01 5.388213838705833147e-01 4.510316295441963996e-01 5.183698660058843055e-01 7.557010584845175183e-01 6.956178939776497261e-01 7.591255448420860530e-01 6.916654425465728062e-01 7.748227229630916257e-01 8.194741173581320259e-01 1.000000000000000000e+00 7.397451059712214505e-01 8.404055405874231166e-01 8.359012194169980203e-01 7.152720459764588812e-01 5.015031251441222082e-01 5.981950239915657663e-01 4.947928969170790059e-01 5.162134978777422889e-01 6.357652770806591080e-01 6.152891689510008311e-01 6.344558270436083669e-01 6.441783819706876635e-01 7.036624294671055546e-01 7.344561628221515370e-01 7.559466386053382836e-01 6.792605035720913342e-01 7.173973623749462236e-01 7.794609689045163270e-01 7.902370213262360776e-01 7.332245866548504631e-01 7.625615984806887182e-01 7.146373022768833794e-01 7.843594077757389815e-01 7.900564543333140621e-01 8.229499972278726538e-01 8.163014883629712282e-01 8.148636357710844491e-01 8.387909161997177954e-01 8.410992360166307247e-01 8.312580233630894044e-01 8.496279260204949724e-01 8.438118588565612921e-01 8.402683576818741340e-01 8.614791796425128600e-01 8.622743239037138352e-01 8.509148844055015593e-01 8.257473491429121459e-01 8.350181339437209305e-01 8.279552370379433812e-01 8.497586924483279125e-01 8.366553838452761571e-01 8.267207896810999657e-01 8.185252114499097509e-01 8.338630748041482299e-01 8.551158075878955156e-01 8.452962502449228310e-01 8.640031375558144822e-01 8.593897780499856198e-01 8.553930808680045850e-01 8.442882244018694582e-01 8.543658300688026230e-01 8.453557013312850144e-01 8.519702658181345090e-01 8.583906938001509834e-01 8.374290310361848233e-01 8.413473075541297863e-01 8.090991813704228042e-01 8.175421544083739667e-01 8.425427257304580753e-01 8.303221052640261668e-01 8.239447929717378383e-01 8.505493525445865233e-01 8.515814089491798855e-01 8.513367865946472879e-01 8.361263328462777977e-01 8.432446803747370989e-01 8.394710548288905061e-01 8.481132707689883476e-01 8.530830111249300129e-01 8.476947289311220768e-01 8.378146365723943001e-01 8.494552362999154838e-01 8.450475767845361252e-01 8.542294344641814252e-01 8.627536364862826712e-01 8.585604416262306859e-01 8.479288335952036570e-01 8.604894011803718712e-01 8.680523482634985299e-01 8.636116834754867799e-01 8.620084316802152369e-01 8.664876127561308428e-01 8.669944397953113224e-01 8.560617236424007404e-01 8.557520352877682202e-01 8.664386135132582378e-01 8.608364950047923125e-01 8.635664459001136661e-01 8.650019705284199834e-01 8.644495469122551734e-01 8.675646593333308232e-01 8.612381290461150751e-01 8.548553994418505164e-01 8.653702439394146406e-01 8.620126625582780200e-01 8.602857132581235300e-01 8.659600696418383592e-01 8.659707648865733187e-01 8.678223434008210946e-01 8.668535829098437118e-01 8.649954260936075778e-01 8.618222677184611547e-01 8.620953924171368410e-01
