1.000000000000000000e+00 2.173547721473456373e-01 2.093799348028328455e-01 5.250406425070608396e-02 7.947473670153601052e-03 3.895085008520727393e-02 1.897630127238639566e-02 2.417735313716062526e-02 2.283783120272570577e-01 1.232499820945084645e-01 8.814212824593485596e-02 1.609247846511022151e-02 -1.621278407374780045e-02 1.456250488276530572e-02 2.639887137258129825e-03 4.107656102634394540e-02 1.928291229725433709e-01 2.643803729467625874e-01 2.188170168265348436e-01 1.065796901091959348e-01 1.675756449197439990e-01 1.677754043745907919e-01 2.643456432128020728e-01 2.068678645464701038e-01 1.908668392340097941e-01 2.396913691249955014e-01 1.615219755521889178e-01 2.062770977340838141e-01 2.215438839477253952e-01 2.115846236651861001e-01 1.685353595448620401e-01 1.448427826285852427e-01 1.346281731010200988e-01 1.289143739088592366e-01 1.684188038725626391e-01 1.497970936369296679e-01 1.637724064830747006e-01 7.238574822369456263e-02 9.850021457522910306e-02 1.186246904565339960e-01 1.134276335467297447e-01 6.539368479356881536e-02 5.102212324642425162e-02 6.513304799251026789e-02 1.087724701368913277e-01 9.954168149438256952e-02 2.725487447547190328e-02 4.838746949770458827e-02 5.089523365283402795e-02 8.704850980135873939e-02 5.083038871150903637e-02 6.344232946888417324e-02 6.006297380886059523e-02 8.909994846953252223e-02 9.323024674661196942e-02 1.317031363484165996e-01 1.230973865554798180e-01 4.791294509339711488e-02 7.109677093743384246e-02 5.652820246118415992e-02 2.248932273405447255e-02 7.556604522433074678e-02 7.195098554735426810e-02 4.951097068789342415e-02 6.598404499317298000e-02 6.775888275510484615e-02 5.718393859370998755e-02 9.270640050909760566e-02 9.991472864214073768e-02 3.379983035159115495e-02 5.998253708476267154e-02 8.046037278413632754e-02 9.318712085335484341e-02 7.979459888853217275e-02 9.072507082506471587e-02 7.594133533409881676e-02 7.958904014442780284e-02 9.480579456816862205e-02 6.784679290520159722e-02 6.904384810259622807e-02 7.742735412074229495e-02 6.171805453025516058e-02 1.007517082526752233e-01 9.381113208049299268e-02 6.747775177730204466e-02 6.568436882195331783e-02 6.807443112863519052e-02 4.287302158187841078e-02 5.008233366194492914e-02 9.087431948571808582e-02 7.051809210709095166e-02 4.412523473014638709e-02 4.564638718114197302e-02 4.025996178225305783e-02 9.416550340473141961e-03 2.919795173696711557e-02 4.586973672287873033e-02 5.647776829318753439e-02 1.801255538395268516e-02 3.093445046678418298e-02 2.024871501158912943e-02 4.480039754073061181e-02 3.027949603508485465e-02 2.532794122614833582e-02 5.144407793161368675e-02 7.611841052941839547e-02 2.900611695326434092e-02 4.527835984604873520e-02 4.982551624945704555e-02 2.722897803010413190e-02 3.394464888329301600e-02 3.289129657687472202e-02 4.528736798209502534e-02 3.330946165531516873e-02 5.831310079641104094e-02 3.780017061374302267e-02
2.173547721473456373e-01 1.000000000000000000e+00 2.013592841598105809e-01 1.273672900262615981e-01 7.057904013396279486e-02 1.024028878450523733e-01 1.425105652869639306e-01 1.136438991025656986e-01 2.388462681959020451e-01 2.359952375454479334e-01 1.978007831120383864e-01 1.467465685687297516e-01 1.002797796691805438e-01 1.109056010095383765e-01 1.448978989412857965e-01 1.557909130703004907e-01 1.837847488197215107e-01 2.439153003643170503e-01 2.296626321009242744e-01 1.485747516704400417e-01 1.292198132047255310e-01 1.539439586411701644e-01 3.061523872011839287e-01 2.475040676439116127e-01 2.109839610942040311e-01 2.647996687612258482e-01 2.181032193884747949e-01 2.446582237262173720e-01 2.750175352357986380e-01 2.535062225904394784e-01 2.548489356616538415e-01 2.401549487262123750e-01 2.021406106995317087e-01 2.116236418423930177e-01 2.122567544955243912e-01 2.059534146728096426e-01 2.349121882182214072e-01 1.824952987881173216e-01 2.034914478123812376e-01 2.021090309573661259e-01 2.013662320242661785e-01 1.754896436968793605e-01 1.598285757900759219e-01 1.681727524877190960e-01 1.943860953542851100e-01 2.077661392022421560e-01 1.544225154043184500e-01 1.718086744759694529e-01 1.717152747863088524e-01 1.645703297557695177e-01 1.629872055809113707e-01 1.052144188332068686e-01 1.451098812098854385e-01 2.000244934263012697e-01 2.006902774939663958e-01 2.325538187355928321e-01 1.931601987055598657e-01 1.680021405850422311e-01 1.906657046054460181e-01 1.544107071376573659e-01 1.458497163424995469e-01 1.828514074319691762e-01 1.830808868773622644e-01 1.583840621604003518e-01 1.411308001682263225e-01 1.645927327429700937e-01 1.663638683277479935e-01 1.923235813872102851e-01 2.147344424119698447e-01 1.444463570771589989e-01 1.519106767917946521e-01 1.819765726993426980e-01 2.004148827144222045e-01 1.877068861990062731e-01 1.899808161694950537e-01 1.874473349323015070e-01 1.922105717918777823e-01 2.060476938816529491e-01 1.963150317117197396e-01 1.960388010930159408e-01 1.984740101030580406e-01 1.902705186840586149e-01 2.064250005835167878e-01 1.899554667172296263e-01 1.750435915303367451e-01 1.758897460840664340e-01 1.848093715144138172e-01 1.708356831689750999e-01 1.727265521945897941e-01 1.997247865785688470e-01 1.832674417987060766e-01 1.651874131859794315e-01 1.652989508081265102e-01 1.685282771124990420e-01 1.446963392930467052e-01 1.593750648551696403e-01 1.492660977069271144e-01 1.293037371703806282e-01 1.470602808310876586e-01 1.530395685311387310e-01 1.495046469645638365e-01 1.585776079318957643e-01 1.397556378188404835e-01 1.455928302145272912e-01 1.450547370555078097e-01 1.731792247360404435e-01 1.551064880737778318e-01 1.701755506053000133e-01 1.799831457759184239e-01 1.606519896345530996e-01 1.692131602387172973e-01 1.511529535426519577e-01 1.690166629655525665e-01 1.471039758755275373e-01 1.497758007371287059e-01 1.499218510536990956e-01
2.093799348028328455e-01 2.013592841598105809e-01 1.000000000000000000e+00 3.988732327902959618e-01 1.897787885787362572e-01 2.311250815647029055e-01 3.511224682211104842e-01 3.297144895401959985e-01 4.087347281181382685e-01 3.718530182374009119e-01 4.179046039169701521e-01 3.969487680179013545e-01 3.018514374870330808e-01 2.626447106762229700e-01 3.687713167043067952e-01 3.927723832396223247e-01 3.691667255815224147e-01 4.171246384597390167e-01 4.409811186407377459e-01 3.409319198690869968e-01 3.778831171738126216e-01 4.123229319732529818e-01 4.878467026846640131e-01 4.629084513946341572e-01 4.452985941873628395e-01 4.880431117932400031e-01 4.300281402879325698e-01 4.590632462170075589e-01 4.629183779774725949e-01 4.835722667929396867e-01 4.743365313648514880e-01 4.357960732140217508e-01 4.093493293634075103e-01 4.246632359012182389e-01 4.316463155248596584e-01 4.083917986873568662e-01 4.635988529867887675e-01 3.880712216974209761e-01 4.174439159896027873e-01 4.129977771467961412e-01 4.180608970627243126e-01 3.889013767239279384e-01 3.689940880549961721e-01 3.864363947242013264e-01 4.188495957858600072e-01 4.225328658448408436e-01 3.627078516943769149e-01 3.685604746730705150e-01 3.804102909965629831e-01 3.795426257380701274e-01 3.733749276854546051e-01 3.308965977622389532e-01 3.656678313816134618e-01 3.916081977751307841e-01 3.985694073191521913e-01 4.257602451490198892e-01 3.981034931129807108e-01 3.701823441579273899e-01 3.811896274628638892e-01 3.612353359084428117e-01 3.648951585104153184e-01 3.829510549412318832e-01 3.882466537951738128e-01 3.702981842555666536e-01 3.709800469711518334e-01 3.764805303350437504e-01 3.717600508224191413e-01 4.123724183966461232e-01 4.210783105794128067e-01 3.893944097442863517e-01 3.990256027557333995e-01 4.108002901148192221e-01 4.221168684617916389e-01 4.181406307403822131e-01 4.187464345953706979e-01 4.081189031347999263e-01 4.066950037186877753e-01 4.171130120308861877e-01 4.065350294515751028e-01 4.113187920655312357e-01 4.096628089319096500e-01 4.067453183288832763e-01 4.082447155373428171e-01 4.186963299186715060e-01 3.963739465498673509e-01 4.017350708226181677e-01 4.034828103994978488e-01 3.801106605799550731e-01 3.877217207353951256e-01 3.976305860273721682e-01 4.041177386263997140e-01 3.794904189819160445e-01 3.797566154521653803e-01 3.799111028520256172e-01 3.540783460329199328e-01 3.623554024302234611e-01 3.713244571426496110e-01 3.600409479511051947e-01 3.614420959143717083e-01 3.684186525514701605e-01 3.670815245719163955e-01 3.716836616597893328e-01 3.616626777759852085e-01 3.637292081599172722e-01 3.697161026589482757e-01 3.753194306009387526e-01 3.676529755767947716e-01 3.721131983818019573e-01 3.819316527619876500e-01 3.651898968519214916e-01 3.692337037201828820e-01 3.568024110037955610e-01 3.699481503712438446e-01 3.653185996060060448e-01 3.691083086816698833e-01 3.593005258473773167e-01
5.250406425070608396e-02 1.273672900262615981e-01 3.988732327902959618e-01 1.000000000000000000e+00 3.710375292088371468e-01 3.631383319462614945e-01 5.771226302929093332e-01 5.491540385421711523e-01 5.174362414984057246e-01 4.768818696183441674e-01 5.729287475592702572e-01 6.345521295424820796e-01 5.093415603057872554e-01 4.071725548392178262e-01 5.878592301050669100e-01 6.032922815073212819e-01 4.876419161104266764e-01 3.895563236387499795e-01 4.706541745448449832e-01 4.753335927911386261e-01 5.068096306292740882e-01 5.284382514740147974e-01 4.922937756330577619e-01 4.855825760764422294e-01 5.109144862672561072e-01 5.254901804074458838e-01 5.459432532872726673e-01 5.472562893706225395e-01 5.301769628207652074e-01 5.377539503993683523e-01 5.752114609624030539e-01 5.627447717745522882e-01 5.007702650031419234e-01 5.492079930549446098e-01 4.953081056048962982e-01 5.696030828523535039e-01 5.661816802007274552e-01 5.371955566540627114e-01 5.720772597705185980e-01 5.416260289898510161e-01 5.683011214182774884e-01 5.635201125756115204e-01 5.844893095157236429e-01 5.673804030133896559e-01 5.748204185729313132e-01 5.610408214430453455e-01 5.524176558678997040e-01 5.533458616695083876e-01 5.643225301839162045e-01 5.593916533904729205e-01 5.582946062637133000e-01 5.615664003490538070e-01 5.698209927126896002e-01 5.605861226116033436e-01 5.541815657712220178e-01 5.548290954884170789e-01 5.591505123263225130e-01 5.439957761115645773e-01 5.364493659878890597e-01 5.616109598981223749e-01 5.674858218029363854e-01 5.579873095025196239e-01 5.643380725649194130e-01 5.682954043978154512e-01 5.619351198225887023e-01 5.729297750122275268e-01 5.492292429100891216e-01 5.461929674780995336e-01 5.599227303422085189e-01 5.915759536967136745e-01 5.763547128164893119e-01 5.546842479355584832e-01 5.599038115321675058e-01 5.640597694949126550e-01 5.672154375839876250e-01 5.727559312049583795e-01 5.778642357509923277e-01 5.794078900687782419e-01 5.691688000022351313e-01 5.686966437123783802e-01 5.720812412166038641e-01 5.773337369844893097e-01 5.751146686026836763e-01 5.702690871872272416e-01 5.735881521886919687e-01 5.804170575010313415e-01 5.728968595052034152e-01 5.654105432296823164e-01 5.647645121854533157e-01 5.653808143374339235e-01 5.737567812593391547e-01 5.667742722104216480e-01 5.699935862394596153e-01 5.608088112030501504e-01 5.547190746293775288e-01 5.538927762200581695e-01 5.679609216688787932e-01 5.675124261565406281e-01 5.640348398249204198e-01 5.702122079557817580e-01 5.776548388312016113e-01 5.721354753043602637e-01 5.691470046188665810e-01 5.619870199594209081e-01 5.762075547079716920e-01 5.624621147454582637e-01 5.664135254439367495e-01 5.551155171234798402e-01 5.608701324794654886e-01 5.560038852109515650e-01 5.549144502611939034e-01 5.543199947087461554e-01 5.619479189757602411e-01 5.648433405558852538e-01 5.604180852899660614e-01 5.660573759152006668e-01
7.947473670153601052e-03 7.057904013396279486e-02 1.897787885787362572e-01 3.710375292088371468e-01 1.000000000000000000e+00 2.904279131745052256e-01 4.885458277777487424e-01 4.377939350655749573e-01 4.210362010870679628e-01 3.990655089199270922e-01 4.179648809853446223e-01 4.807064398019195717e-01 4.787976940801941250e-01 3.472603880598333359e-01 4.926522780546042091e-01 4.801580414855698420e-01 3.945759910898691269e-01 2.831063995270349243e-01 3.470063644848774831e-01 3.431382857814487264e-01 3.760475085412448570e-01 4.134241872361759107e-01 3.577565006660426428e-01 3.570274197864305443e-01 3.739214562922807406e-01 3.983866324727130537e-01 4.258364239758036240e-01 4.015869620908892323e-01 3.512347600502296885e-01 3.789669760452211156e-01 4.271981810508081456e-01 4.409288344991701969e-01 3.738626723137155050e-01 4.082322203839225394e-01 3.781745618681791599e-01 4.071200245690163588e-01 4.229766661251059823e-01 4.303390748187203574e-01 4.484526549026214282e-01 4.208377208625082022e-01 4.630761630557885811e-01 4.689082133126004637e-01 4.810139809827376212e-01 4.751851196054311943e-01 4.660390378939424094e-01 4.472016162689999574e-01 4.724605344950168484e-01 4.681440166347233256e-01 4.553931389070483005e-01 4.346456607378043069e-01 4.476363772347569103e-01 4.740066358163964044e-01 4.781080730707318871e-01 4.606909000333910265e-01 4.449459208288785161e-01 4.413579614025880393e-01 4.315561177700051321e-01 4.644942588485304058e-01 4.338163322282211354e-01 4.815707929378550967e-01 4.741992020559792631e-01 4.526468172285162406e-01 4.465832925475843318e-01 4.621714088978861046e-01 4.717395746963553016e-01 4.728080585145922887e-01 4.653316036487241125e-01 4.567468750743785000e-01 4.600419268856835719e-01 4.825029558511685357e-01 4.786192315135869846e-01 4.616515346665675534e-01 4.625016334945631913e-01 4.633555615498469726e-01 4.697622304240733904e-01 4.662757557430273203e-01 4.705942438087535873e-01 4.531959598688719004e-01 4.642974545933628572e-01 4.630759228392252735e-01 4.701286235353197562e-01 4.695360000691491398e-01 4.574447712684115430e-01 4.607892866597744774e-01 4.615521634010909535e-01 4.685652627478321119e-01 4.664264399533252226e-01 4.705405694080853074e-01 4.723437005523388743e-01 4.649733020295303554e-01 4.721882358640924204e-01 4.790033252247069551e-01 4.767948932010432350e-01 4.764101904055094705e-01 4.788139458591514908e-01 4.717889435441562918e-01 4.655360353340519119e-01 4.676607130842438953e-01 4.748825551498936925e-01 4.739691694663967780e-01 4.842294264297045681e-01 4.721358748349817613e-01 4.867995565631716981e-01 4.787829546398623681e-01 4.817191803449559218e-01 4.630849605647303635e-01 4.713542733029263965e-01 4.721100553579053449e-01 4.700669974010163177e-01 4.762445743012242438e-01 4.701322529246687032e-01 4.767665377163222140e-01 4.702595145541303978e-01 4.715687442826608788e-01 4.667107554992674379e-01 4.797479152219235599e-01
3.895085008520727393e-02 1.024028878450523733e-01 2.311250815647029055e-01 3.631383319462614945e-01 2.904279131745052256e-01 1.000000000000000000e+00 5.053911361827189141e-01 4.459453670148223470e-01 5.097033714873200339e-01 4.882838368499707871e-01 5.329622132017317604e-01 5.690098443963981234e-01 5.005601771655379117e-01 4.525139879299328038e-01 5.773494736673092653e-01 5.478429778359504843e-01 5.212349790550551143e-01 4.182443122871478125e-01 4.870632171409141620e-01 4.089355252205185143e-01 4.541918837654937424e-01 5.280561980064679695e-01 4.874883345700868342e-01 4.642941989505761646e-01 4.972281083627125842e-01 5.248889639872977853e-01 5.555344388635260477e-01 5.470557179079966748e-01 5.113650515906392746e-01 5.111433900931450225e-01 5.653462674893864337e-01 5.555645082182069094e-01 5.077542075493101104e-01 5.314827974028774049e-01 5.213664541126604712e-01 5.263472841865955987e-01 5.587071908422857058e-01 5.667450382916435769e-01 5.791115430759736782e-01 5.545326873942514334e-01 5.895652885631622597e-01 5.979427012839569899e-01 5.650254924589428462e-01 5.961767007048333067e-01 5.866649802360962562e-01 5.862116437770115152e-01 5.878485755770445076e-01 5.864554883953893016e-01 5.731107600624177900e-01 5.532183491153382926e-01 5.621413316924771530e-01 5.511454906985147062e-01 5.807887729673317789e-01 5.821526448416829425e-01 5.754204416739041594e-01 5.751811653887662912e-01 5.599797757063859072e-01 5.899749901495576765e-01 5.729553827060660520e-01 5.875991465460104202e-01 5.820179300459291660e-01 5.756692505846378038e-01 5.727855748165449068e-01 5.805162611538121631e-01 5.889843061843665906e-01 5.832997084638985585e-01 5.910324529402594118e-01 5.879930323870495856e-01 5.913107750134233287e-01 5.880925625479002106e-01 5.941759841837487288e-01 5.933572592590863337e-01 5.873136126164149040e-01 5.896136392130716386e-01 5.935881369844381306e-01 5.969267546398803193e-01 5.994207991388872392e-01 5.901758237161930376e-01 5.914375638448275962e-01 5.870337241420499064e-01 5.940707831474426603e-01 5.927886311838210798e-01 5.912236551570135834e-01 5.918085538971173953e-01 5.908927056322051952e-01 5.939538789859865053e-01 5.991008596328748492e-01 5.959203582844659897e-01 5.981235999647341872e-01 5.853657925950505048e-01 5.973366081188700161e-01 5.994702557766282691e-01 5.976609176233748100e-01 5.994438826236463402e-01 5.915653142454523339e-01 5.913599436320304825e-01 5.748278570012195221e-01 5.759527079839059649e-01 5.862007130322581805e-01 5.867680572216112944e-01 5.870508751067198272e-01 5.842134110397091407e-01 5.909997977051579809e-01 5.927834778512768299e-01 5.892884843095816949e-01 5.756184802906949560e-01 5.854862478584471619e-01 5.902428990538374221e-01 5.900478055688219703e-01 5.923804281297178065e-01 5.919606664980108235e-01 5.901740143735553223e-01 5.863181972272133446e-01 5.884367713623090967e-01 5.921071834746680640e-01 5.876302193046100131e-01
1.897630127238639566e-02 1.425105652869639306e-01 3.511224682211104842e-01 5.771226302929093332e-01 4.885458277777487424e-01 5.053911361827189141e-01 1.000000000000000000e+00 7.125352516341290077e-01 6.853480651225032361e-01 6.603185485937111965e-01 7.303422560334439373e-01 7.893443335755042645e-01 7.072760173672812956e-01 5.888245230308243316e-01 8.366641579219413760e-01 8.047685176895861270e-01 6.682836844936642651e-01 5.168088494254551302e-01 6.362849727351014284e-01 5.820617979722932933e-01 6.196212145940422911e-01 7.032511105035068599e-01 6.438812323273084282e-01 6.192364973286292873e-01 6.608413405066135837e-01 7.017144068198617468e-01 7.401737515845981941e-01 7.329362723988889217e-01 6.971577587468046344e-01 6.708878489506929776e-01 7.422420049614376625e-01 7.633764527378525955e-01 6.801721616404425852e-01 7.265634952650925626e-01 6.669646593431406423e-01 7.309647504157892328e-01 7.411210513708373915e-01 7.638541909505519589e-01 7.810708866093671876e-01 7.559886187600693974e-01 7.940884604287522519e-01 8.009569535303652232e-01 7.929917572207521026e-01 7.960581458399572652e-01 7.879880784199343458e-01 7.793521830940502992e-01 7.830293395357410535e-01 7.872372178386333186e-01 7.772121203883728402e-01 7.524895151059474152e-01 7.700315383978507677e-01 7.403211308434852755e-01 7.765466556004204657e-01 7.799674673933119085e-01 7.697201714701095154e-01 7.765939610410679261e-01 7.458607569934706527e-01 7.814303095041905678e-01 7.641600646449279166e-01 7.804862800507607057e-01 7.845846109895400211e-01 7.649085654410567869e-01 7.690285628662559825e-01 7.745410785897641759e-01 7.770118523565999746e-01 7.781945493883569709e-01 7.855546276502918257e-01 7.739015619813689462e-01 7.835403842822604714e-01 8.020185636819244790e-01 7.983064291262125245e-01 7.849997367785419566e-01 7.788227093112084498e-01 7.843424942403391942e-01 7.924511131624254467e-01 7.974718487101084552e-01 8.049091706420000714e-01 8.004532701940196837e-01 8.005946462925355167e-01 7.807151978081829924e-01 7.906796454253228745e-01 7.929680447058959913e-01 7.951725200090724588e-01 7.838958290750531743e-01 7.970449276685103168e-01 7.982065217866715079e-01 7.967162098144854321e-01 8.038361221628207431e-01 7.976116250639785354e-01 7.931048337456754194e-01 8.061456407004707891e-01 8.045341624816004789e-01 8.002664999425329606e-01 7.999626234954303472e-01 7.938682238589362949e-01 7.923876177547514166e-01 7.883929218722124377e-01 7.797131006358317684e-01 7.913056446927300147e-01 8.007847329157827820e-01 8.062388032053097175e-01 7.947138999124547798e-01 7.928325112781420270e-01 7.965530130177872481e-01 7.963131739009566834e-01 7.766103261428874971e-01 7.931132913559350017e-01 7.943389693418978492e-01 7.964802536716700798e-01 7.960211784627387877e-01 7.971737499445896713e-01 7.850433137563129771e-01 7.909844488671669005e-01 7.905534032359018415e-01 7.865101820720236114e-01 7.887923407627382977e-01
2.417735313716062526e-02 1.136438991025656986e-01 3.297144895401959985e-01 5.491540385421711523e-01 4.377939350655749573e-01 4.459453670148223470e-01 7.125352516341290077e-01 1.000000000000000000e+00 6.567248713554896256e-01 6.184502941543632559e-01 6.874094357216371520e-01 7.433985767204370765e-01 6.774901221916936889e-01 5.559986888041077435e-01 7.724824701143696570e-01 7.931547141263964873e-01 6.417924779209775998e-01 4.983729467160863402e-01 5.959639295756857802e-01 5.453658865812810452e-01 5.998834284998872945e-01 6.572102444829256429e-01 5.974956542838596452e-01 5.851741517033794970e-01 6.097029589504072700e-01 6.604911289317605405e-01 6.914318335209900246e-01 6.791062862041515880e-01 6.429070453536432916e-01 6.341143244558772318e-01 6.931562483925743923e-01 7.384541362089999117e-01 6.537205135048326232e-01 7.071517164770867447e-01 6.357178049190058688e-01 7.054844727745154254e-01 6.896550776019311213e-01 7.499093233827680560e-01 7.403265422384909256e-01 7.226714513921637106e-01 7.475443416188357615e-01 7.580486953181437837e-01 7.658188902229301487e-01 7.622387361931850513e-01 7.432292851541728584e-01 7.350213946660270059e-01 7.521862983877887210e-01 7.515635310391758361e-01 7.602084644941878855e-01 7.582762030764346184e-01 7.663701767230274298e-01 7.183626478755901212e-01 7.478226130959583218e-01 7.414578102924275216e-01 7.482245584332726240e-01 7.389167892534971305e-01 7.385225227711555984e-01 7.494879709129369516e-01 7.463829336318233976e-01 7.436361032962538475e-01 7.656149961191469622e-01 7.436690843549269569e-01 7.571054026478514221e-01 7.578132069130684156e-01 7.457143943159622035e-01 7.479035614746312177e-01 7.497201499841310568e-01 7.340249106756790987e-01 7.441126268330250371e-01 7.576757422177882173e-01 7.563359444296087197e-01 7.437257019964659266e-01 7.358911879011434953e-01 7.361792099056562177e-01 7.505995633666077138e-01 7.508137447524427799e-01 7.533574147924321229e-01 7.457763801412868876e-01 7.459313861463204853e-01 7.339282383801416509e-01 7.425068399400119867e-01 7.482191154598951677e-01 7.552827419720815616e-01 7.412051970480439955e-01 7.693771088481763387e-01 7.630826210807554189e-01 7.515620332215650068e-01 7.690619155264210027e-01 7.557684088892574481e-01 7.546792513222880805e-01 7.588357875204503333e-01 7.623367287644265966e-01 7.580795255726127113e-01 7.551469768739671462e-01 7.565919711540551873e-01 7.557276073452483534e-01 7.704824370621603524e-01 7.623920888718821454e-01 7.653259668134102522e-01 7.765917912507432908e-01 7.729781528838457483e-01 7.709180782004870780e-01 7.588362843199061292e-01 7.657270451055655514e-01 7.643247259391114934e-01 7.529966060379770232e-01 7.644574606870143674e-01 7.540898636829467261e-01 7.606607951991366523e-01 7.593464148159152494e-01 7.597213776660446394e-01 7.467362511042954232e-01 7.574214777626210315e-01 7.622027553056742732e-01 7.539655454758356079e-01 7.547396385931245399e-01
2.283783120272570577e-01 2.388462681959020451e-01 4.087347281181382685e-01 5.174362414984057246e-01 4.210362010870679628e-01 5.097033714873200339e-01 6.853480651225032361e-01 6.567248713554896256e-01 1.000000000000000000e+00 7.540219724019048275e-01 7.934298455277082329e-01 8.009533002193202078e-01 7.040515776905570400e-01 6.306780764308742571e-01 8.082245874112479189e-01 8.111164267669449535e-01 8.187644256284476452e-01 6.714727933485532541e-01 7.543123930481775430e-01 5.777749326545160713e-01 6.730753288917478150e-01 7.656273473412869013e-01 7.702998775623305372e-01 7.057228466831627633e-01 7.341251299533063657e-01 8.255570213399999746e-01 8.337002906805203173e-01 8.165865554527375059e-01 7.771594364534591959e-01 8.219855914141434017e-01 8.539890929810425302e-01 8.436855892648283950e-01 7.278641073663129069e-01 7.975778708983575216e-01 7.883210076524242993e-01 8.074400827114027734e-01 8.211969636183192867e-01 8.263385855577206618e-01 8.458980145544859885e-01 8.166264171473058830e-01 8.672027416050396287e-01 8.441954747173282536e-01 8.057470239155858360e-01 8.591270158173106575e-01 8.546765993344209722e-01 8.592579408760770976e-01 8.548826139107598143e-01 8.668013562826357710e-01 8.582113074997860247e-01 8.264998779888468317e-01 8.320999516668725615e-01 7.921287273521699923e-01 8.467104324302487939e-01 8.780799565012812335e-01 8.720766766148313476e-01 8.726716203864239851e-01 8.736565835562698501e-01 8.531377827940583858e-01 8.593052489715982123e-01 8.619347124143954542e-01 8.543240109385766834e-01 8.671059537804032269e-01 8.664935077976519961e-01 8.597934206035690030e-01 8.602356736344990429e-01 8.658491671305567072e-01 8.658407017144398310e-01 8.646766672341573701e-01 8.689260943831135231e-01 8.294371536050881843e-01 8.473319408290724830e-01 8.666424525446407845e-01 8.504987320725728717e-01 8.508245795288884583e-01 8.743225611743404846e-01 8.680798209841181778e-01 8.593209574242174353e-01 8.586760117467452380e-01 8.617646695432160664e-01 8.627650323374179697e-01 8.697548691150871480e-01 8.659739029321876780e-01 8.710556692394818556e-01 8.596462918674282472e-01 8.465700469874811729e-01 8.526182822797258032e-01 8.624087992695165239e-01 8.552090764323257988e-01 8.597196655424912404e-01 8.674679061224724874e-01 8.500714192533519453e-01 8.575702125648670959e-01 8.598976083815063065e-01 8.555334817939167502e-01 8.488049332758377252e-01 8.578311677448835493e-01 8.381603608539877071e-01 8.434147747755982305e-01 8.483376829556074084e-01 8.417109885448114115e-01 8.413861349890942032e-01 8.571106130704335690e-01 8.504850885405216276e-01 8.530953233621639820e-01 8.569235050591773595e-01 8.646180735755751856e-01 8.554475056517917286e-01 8.620093867565649104e-01 8.639190409552854888e-01 8.551555688292963309e-01 8.513166936350148317e-01 8.580506451252687405e-01 8.601724648141300111e-01 8.547010133057996173e-01 8.644662057021115231e-01 8.584640498788010943e-01
1.232499820945084645e-01 2.359952375454479334e-01 3.718530182374009119e-01 4.768818696183441674e-01 3.990655089199270922e-01 4.882838368499707871e-01 6.603185485937111965e-01 6.184502941543632559e-01 7.540219724019048275e-01 1.000000000000000000e+00 7.285799452767763862e-01 7.575351256381228637e-01 6.676078502150797345e-01 5.953605182974324173e-01 7.702053067020296906e-01 7.574220272213921801e-01 7.229871605316335881e-01 5.812413008170534967e-01 6.682084966199339782e-01 5.141154743820411932e-01 5.829395768061378380e-01 6.753293040790414592e-01 7.032988132316041474e-01 6.351774229297955099e-01 6.604114192811766371e-01 7.405487626493139075e-01 7.601823153469977612e-01 7.416284068074748825e-01 7.144266147242038789e-01 7.363825328678391680e-01 7.916172417742611822e-01 7.808994254664941570e-01 6.927752954365776761e-01 7.416926568709256706e-01 7.222905323508113096e-01 7.374944937626897179e-01 7.637264018067720928e-01 7.721126183343698379e-01 7.953397465296369040e-01 7.652012839556980861e-01 8.034885148661694565e-01 7.881675856756503729e-01 7.539956393179423344e-01 7.942822781791794018e-01 7.956160999652166499e-01 8.001012423139574059e-01 8.037208381416341973e-01 8.142692202325230166e-01 8.016455415473424662e-01 7.520401649431549540e-01 7.757531962218521260e-01 7.044250189600188561e-01 7.795525301556031073e-01 8.155059070549722788e-01 8.074795576927036311e-01 8.126093457336164283e-01 7.885309164143222693e-01 7.996029883258783943e-01 8.010601406454752604e-01 8.021058913412807412e-01 7.969969082375660818e-01 8.075300489758019395e-01 7.984789732427495235e-01 7.976815659473083242e-01 7.862714818842612141e-01 7.975384387188303448e-01 8.092848207559304452e-01 8.000951437144460110e-01 8.106613095163210936e-01 7.696051077426677711e-01 7.824061220876624700e-01 8.036659536886225919e-01 7.912826346312089587e-01 7.919003346125556009e-01 8.131994820303394267e-01 8.123134831084929397e-01 8.029880826062217869e-01 8.051582104839246634e-01 8.124569880470116079e-01 8.128880791856178956e-01 8.161043536137020382e-01 8.175155633033078795e-01 8.103306084123071962e-01 8.050823323391005371e-01 7.869749922133859599e-01 8.009425665711030762e-01 8.122581434978294324e-01 8.030122218228471498e-01 8.095461529196773531e-01 8.078346633907543817e-01 7.988413556509460500e-01 8.056689839760741156e-01 8.053828454797828940e-01 8.063963698065030883e-01 8.019705980744394891e-01 8.075575857363631593e-01 7.756729563534737748e-01 7.708479891137567375e-01 7.959089391453578743e-01 7.869129328082811181e-01 7.906695922060604786e-01 7.964214465827264000e-01 7.907503134118332166e-01 7.962337549400474446e-01 7.898619938456130640e-01 7.993991566987795894e-01 8.036956286056605725e-01 8.106664154777536435e-01 8.080843905285290951e-01 8.045743332292180083e-01 8.016723485882927269e-01 8.045629511346084062e-01 8.074731965241414011e-01 7.993833245517466546e-01 7.973679285162753594e-01 7.998705552135559893e-01
8.814212824593485596e-02 1.978007831120383864e-01 4.179046039169701521e-01 5.729287475592702572e-01 4.179648809853446223e-01 5.329622132017317604e-01 7.303422560334439373e-01 6.874094357216371520e-01 7.934298455277082329e-01 7.285799452767763862e-01 1.000000000000000000e+00 8.511713170330307277e-01 7.376671537491320541e-01 6.426077334266228069e-01 8.453661668498354542e-01 8.381159207185862048e-01 7.752328036031915781e-01 6.471749024692435848e-01 7.521371270302144030e-01 5.880061187194448591e-01 6.582410609530718881e-01 7.673939361584002361e-01 7.700191129649686106e-01 7.292962219748281294e-01 7.517654767909791591e-01 8.125781816396403512e-01 8.415718060278255530e-01 8.130085252041509003e-01 7.558969241167368125e-01 8.161611307088934009e-01 8.685772849324847611e-01 8.556564882350957690e-01 7.578933419175964969e-01 8.243452495072682851e-01 8.006404986406371327e-01 8.202746550610323650e-01 8.452344571229484238e-01 8.418777319116728108e-01 8.712972529713456371e-01 8.340922305751259369e-01 8.780793029180999909e-01 8.659499097058055428e-01 8.417776182000616947e-01 8.738833377531057822e-01 8.743239511966267585e-01 8.728358792801907962e-01 8.684865989596791680e-01 8.744771774228528027e-01 8.701553662230127051e-01 8.377237228953215986e-01 8.547433465739316949e-01 7.949365188165042895e-01 8.575927567798345974e-01 8.724218630506833660e-01 8.719674162788855210e-01 8.737684901160321926e-01 8.562528074479875961e-01 8.693991611603166803e-01 8.630851292153086662e-01 8.648967119179870044e-01 8.744373567363140642e-01 8.646914057912891138e-01 8.664662678531589446e-01 8.683359352212471904e-01 8.601468872137079114e-01 8.650741716461962660e-01 8.752005222136394202e-01 8.786922689598619662e-01 8.847661049237689479e-01 8.585907659206200027e-01 8.711818688551922207e-01 8.821478772824508097e-01 8.734702664521570847e-01 8.783218668226174808e-01 8.843242433679338044e-01 8.827464831887436025e-01 8.752616728543269886e-01 8.683555893912302537e-01 8.783364350124472919e-01 8.811969666740999685e-01 8.889462703187414050e-01 8.889918303420747403e-01 8.823369537247780503e-01 8.814986082172461268e-01 8.746828407778872716e-01 8.825957373170146836e-01 8.859024669308352973e-01 8.791308651223366244e-01 8.832170125684674078e-01 8.774557041667560009e-01 8.798757285214853230e-01 8.800645712672107157e-01 8.802754490850457358e-01 8.777188785999099352e-01 8.701213050846182684e-01 8.743284470511759610e-01 8.633716276573969450e-01 8.562963803869710899e-01 8.736186137193221457e-01 8.709496957066149569e-01 8.741357051722887794e-01 8.731803084051896757e-01 8.701517381463612644e-01 8.747134808037254627e-01 8.728375906209034918e-01 8.663565019877326190e-01 8.736620738132621078e-01 8.768030370159989317e-01 8.788109614844992201e-01 8.748508717778730182e-01 8.738308257486071540e-01 8.697901139021292360e-01 8.739109857037122842e-01 8.721974586151435282e-01 8.704692893940235709e-01 8.692678108658115077e-01
1.609247846511022151e-02 1.467465685687297516e-01 3.969487680179013545e-01 6.345521295424820796e-01 4.807064398019195717e-01 5.690098443963981234e-01 7.893443335755042645e-01 7.433985767204370765e-01 8.009533002193202078e-01 7.575351256381228637e-01 8.511713170330307277e-01 1.000000000000000000e+00 7.881862494089709736e-01 6.899511829682143382e-01 9.014871317147599150e-01 8.885670865533077389e-01 7.930509533845655490e-01 5.933677833135618807e-01 7.134937753111821879e-01 6.068305273590962612e-01 6.819497749532450470e-01 7.831568865029367998e-01 7.179003344411006848e-01 6.762785473637410449e-01 7.245951689341524338e-01 7.862883872432734345e-01 8.543052357387093121e-01 8.065143318008002327e-01 7.518833957258282963e-01 8.034707930496803874e-01 8.682454570802021765e-01 8.590809052955707958e-01 7.649250733170421812e-01 8.228624520844082246e-01 7.925607530836118464e-01 8.244439243374503956e-01 8.385236951447611053e-01 8.751301368581553275e-01 8.870485603994654467e-01 8.499240870736588516e-01 9.044531373427825427e-01 9.044862865712235411e-01 8.796403623465794963e-01 9.181328722520143426e-01 8.944115151944921349e-01 9.009039968535332843e-01 9.222807123665320850e-01 9.208875400305285286e-01 9.099382600832411905e-01 8.756711415665722198e-01 8.925214812212234339e-01 8.572911398599279975e-01 9.097411480967637631e-01 9.117910023918841533e-01 9.019741298154053677e-01 8.904478122025725195e-01 8.901279217656377085e-01 9.143163350661449584e-01 8.996310704858472285e-01 9.205965607911296145e-01 9.240853067930436815e-01 9.113149383207792553e-01 9.108838811462988128e-01 9.202584483798388337e-01 9.133311569091417947e-01 9.177283078451496934e-01 9.186418319068540006e-01 8.971080127056326736e-01 9.028246115048836895e-01 9.124235245937111216e-01 9.104068051624166769e-01 9.074363172122185128e-01 8.889782618673833792e-01 8.958376305384811999e-01 9.140345980313027141e-01 9.207671650814815978e-01 9.122290324633223202e-01 9.040154933715015551e-01 9.131443086946653409e-01 9.116266925950787803e-01 9.159252474278739564e-01 9.236135248054540003e-01 9.066823127396819171e-01 9.092354036655909688e-01 9.081410221877572742e-01 9.127842428705363886e-01 9.160362938973943825e-01 9.211330547740279595e-01 9.222481237885572503e-01 9.081167675697020547e-01 9.105615141789800138e-01 9.241566767554786344e-01 9.236862758633783699e-01 9.218246473374460681e-01 9.257278447792310905e-01 9.249153997937051841e-01 9.018930665530124902e-01 9.055493210611559318e-01 9.223779204533427700e-01 9.165561850066613614e-01 9.183184294531161473e-01 9.194340636275178946e-01 9.230907661330813863e-01 9.242992427263014843e-01 9.211358550434864956e-01 9.097268584111611878e-01 9.243083471453602540e-01 9.216947772173559317e-01 9.176854634793586429e-01 9.246607012101484280e-01 9.177166895370527655e-01 9.243076641832040918e-01 9.219502136803949810e-01 9.226168838190129673e-01 9.197409044327667926e-01 9.261064251130158853e-01
-1.621278407374780045e-02 1.002797796691805438e-01 3.018514374870330808e-01 5.093415603057872554e-01 4.787976940801941250e-01 5.005601771655379117e-01 7.072760173672812956e-01 6.774901221916936889e-01 7.040515776905570400e-01 6.676078502150797345e-01 7.376671537491320541e-01 7.881862494089709736e-01 1.000000000000000000e+00 6.227337044846206204e-01 8.204952377140850572e-01 8.103594639694807755e-01 7.034353957873727969e-01 4.925143006068601892e-01 6.114105625944903366e-01 5.150617361249205661e-01 5.582434428397824444e-01 6.705978722111343160e-01 6.222499064071282948e-01 5.829377545024296836e-01 6.189968832714638491e-01 6.870297458692720127e-01 7.359021826752407680e-01 7.071199617951003935e-01 6.430805455476861221e-01 6.821094343000435600e-01 7.512343527548553945e-01 7.658859165007193548e-01 6.838573483655494556e-01 7.317121141918908611e-01 6.997252413873084054e-01 7.331608798609425826e-01 7.416289514931658777e-01 7.844914936611769862e-01 7.946148522949536552e-01 7.591126366212519461e-01 8.074525077199812273e-01 8.102877558695825710e-01 7.918200157487507163e-01 8.211107537600759176e-01 8.033462163304154746e-01 7.964139450851860369e-01 8.314006534421258809e-01 8.291484652333642735e-01 8.159514105121411509e-01 7.768908540808625585e-01 8.008249301119361174e-01 7.650336432455826507e-01 8.095367140161340291e-01 8.138919327767253353e-01 7.988528003552994861e-01 7.919462405617655465e-01 7.794458802914451256e-01 8.214203040543140988e-01 7.998421888488138620e-01 8.239505720210721362e-01 8.316297783689181600e-01 8.052927951184168931e-01 8.032877542991585518e-01 8.191368510654847279e-01 8.158024879081394731e-01 8.153768407108678007e-01 8.290489099021107755e-01 8.005724467095279850e-01 8.086001035988781283e-01 8.021828631458174375e-01 8.065865992072073221e-01 8.126773468813547341e-01 7.907373369541580432e-01 7.989888191329377332e-01 8.171741503760262537e-01 8.220356060785796171e-01 8.160981030690219740e-01 8.000135969470382191e-01 8.165563502652456451e-01 8.197697566976885897e-01 8.182522509026373125e-01 8.247830062953954711e-01 8.153463609332267659e-01 8.119856494192861929e-01 8.175421997743256286e-01 8.194551029477438187e-01 8.240652380520059328e-01 8.292582252674486343e-01 8.308418479933105116e-01 8.146715110425095663e-01 8.189375831952809826e-01 8.336173165606993729e-01 8.323735622899427478e-01 8.316783987461883187e-01 8.380549811806613514e-01 8.340553544403850328e-01 8.151710105797621564e-01 8.125175934000274935e-01 8.329306281773722898e-01 8.302089361133869749e-01 8.310650718333135734e-01 8.272114911100150181e-01 8.330834481667455105e-01 8.364302450822449497e-01 8.293223006466772240e-01 8.119529242101278799e-01 8.316248614324500688e-01 8.312056332924336877e-01 8.276475865265258136e-01 8.339231918169005553e-01 8.294625240051083370e-01 8.326057542653858556e-01 8.278525597530348445e-01 8.330391584847893771e-01 8.293583975358346239e-01 8.316230879896234773e-01
