1.000000000000000000e+00 9.105519230333512792e-02 4.549367014497832790e-02 -3.956976854657430487e-02 1.177444998780424745e-02 1.167548093344397860e-02 1.874450413190377474e-02 2.614071242192310060e-02 1.327067685357156412e-01 7.061746608198481157e-02 3.068455579001862221e-02 1.167469455252819616e-02 5.796000859641155072e-03 2.602169074556696937e-02 2.518301216223610330e-03 1.255110755216780165e-02 9.538759726423645668e-02 5.263639505865012891e-02 2.014980722408269559e-02 -6.987819622587096435e-02 7.213780089307408883e-02 1.153021090559410572e-02 9.677903601386449173e-02 1.961204217362722685e-02 1.436928786068540284e-02 4.452729084218419453e-02 2.962211894812624355e-02 3.798233134189691468e-02 6.221262933904496417e-02 4.885092381345690349e-02 2.059494375514629716e-02 4.484221294502998417e-02 4.308958914047875816e-02 3.800729701103995606e-02 5.292429225242734070e-02 5.474604830275078826e-03 2.753739373307564908e-02 1.215189842343076046e-02 1.565226363732220849e-02 -3.206809815952248177e-02 1.315112524663600985e-02 -5.324456110369042011e-03 -2.945472303696231725e-02 8.510046938120227611e-03 1.857192275591341979e-03 9.899376703121573213e-04 4.822637169773023175e-03 1.995473991606035169e-02 9.083819695998317928e-03 9.333548362459214223e-03 3.653314295781480425e-03 -2.821794452914162810e-02 1.115156536524653441e-04 3.306446803433958637e-02 2.455215286291169072e-02 2.153836245956194245e-02 5.056690906633216909e-02 2.716572366148944061e-03 8.328944434462042315e-03 2.450793325943453199e-02 1.026775060124729237e-02 1.936679811980214147e-02 1.265845445809788555e-02 3.744893014457716107e-02 4.642939030461451511e-02 3.712794723664460117e-02 2.034295963541293828e-02 1.389362019418273302e-02 2.847436818553971544e-02 -2.052416381835155557e-03 6.916694130631909077e-03 5.376890761572734184e-03 8.925294785415233134e-03 -2.121739399173551508e-03 1.726107864102164116e-02 2.037127762481349275e-02 7.409283826630251243e-03 3.109866423944312314e-02 1.541429869473376693e-02 2.284724758474655781e-02 2.312679143590173209e-02 1.026809843109787422e-02 2.798593168571801570e-02 1.868929864344709771e-02 -6.196035167230426466e-03 1.567720542895035749e-02 7.876584563003774520e-03 -8.846504834084454108e-03 4.852531512721354294e-03 -4.290770133102972395e-03 -1.557308208729660595e-02 -3.606296388306656948e-03 -9.045360670185459764e-03 -4.578946835283101771e-03 6.203144018270437959e-03 1.053374329060426974e-02 -2.733487184884629551e-02 2.489440835140267413e-02 -2.599963595283609572e-03 -9.882924275878036957e-03 -2.306354470694041425e-02 5.874393652733597530e-03 4.348508328470928469e-03 -2.329498823113717101e-03 -4.104673835816456391e-04 1.482421080804071506e-02 1.943968348255229600e-02 1.204040566724884527e-02 1.167582309848574570e-02 7.961887739812517628e-03 -8.550591535644249189e-03 1.526792984149871919e-02 6.904754864183502462e-03 1.215441471402179362e-02 2.235024831769193490e-02 2.048612231300587366e-02
9.105519230333512792e-02 1.000000000000000000e+00 6.936362691314924833e-02 5.021895347849312380e-02 8.127549590861679607e-02 1.027864671219453352e-01 1.420920135447341082e-01 1.215611997624966301e-01 1.682086463861089953e-01 1.595033764337191462e-01 1.408166079692699246e-01 1.402019454630216710e-01 1.232364225465914093e-01 1.060962603652619296e-01 1.510806650021681852e-01 1.360289360352759935e-01 1.520157935162555207e-01 1.418672812953496176e-01 1.481031774647922905e-01 5.115188073784596168e-02 1.425805046990789582e-01 1.353925737651136829e-01 1.638800912333643334e-01 1.319401637755337753e-01 1.325932269193297319e-01 1.629784488399622921e-01 1.453992080664917030e-01 1.662376591648401514e-01 1.729639238598386641e-01 1.723704985103657328e-01 1.603105164105029512e-01 1.616410401714987455e-01 1.558806217835756458e-01 1.609291824352483691e-01 1.633184113913335456e-01 1.374530991037340721e-01 1.646422211059487550e-01 1.542977944786317890e-01 1.617275549222094988e-01 1.359236383947626248e-01 1.583615203041460751e-01 1.509262757476733940e-01 1.257041265536447128e-01 1.462251116154952013e-01 1.407664646127395613e-01 1.575303779365360979e-01 1.486642329005084806e-01 1.592329061062363604e-01 1.518683880909089678e-01 1.390819387114171357e-01 1.379084630393396793e-01 1.134267787890223811e-01 1.358730111148203912e-01 1.543646735319869623e-01 1.514503044243440955e-01 1.578389614521894802e-01 1.409435870327974127e-01 1.479005977129300708e-01 1.427970267345860245e-01 1.516245186872028083e-01 1.427020625085385075e-01 1.482576348235629393e-01 1.416126190300415477e-01 1.487551014219964662e-01 1.528841411541133621e-01 1.471044723409289101e-01 1.625587353543931080e-01 1.534150325822210281e-01 1.608412770380057699e-01 1.380862238105109441e-01 1.508978716279918975e-01 1.505642337984636203e-01 1.507165456517786661e-01 1.453208967497023885e-01 1.576384046259810268e-01 1.574610784096969474e-01 1.600012237444341789e-01 1.657119785291087666e-01 1.623553957722062013e-01 1.605053331967562502e-01 1.596274426791812751e-01 1.571350810809023779e-01 1.606969510610222751e-01 1.588796261252535535e-01 1.538684915956251287e-01 1.604489786384941385e-01 1.563445424446987253e-01 1.549280513611920596e-01 1.546260849089480527e-01 1.583656920704970550e-01 1.512287808908394648e-01 1.523180956508229378e-01 1.509231025525416547e-01 1.542941096880892371e-01 1.519313246310423915e-01 1.581615348884665984e-01 1.394868347750526927e-01 1.469146132589001508e-01 1.505232746819458456e-01 1.468154815738593189e-01 1.444042015302085813e-01 1.465616437312398102e-01 1.517906528820175405e-01 1.477896400593441961e-01 1.483703505645292686e-01 1.489928532888900592e-01 1.562507344671377196e-01 1.564321648701572365e-01 1.586862156285013259e-01 1.568630461581337898e-01 1.485757018159606924e-01 1.535131230214499820e-01 1.517812856090451079e-01 1.539378374234431079e-01 1.512989235896892992e-01 1.534391407492823323e-01
4.549367014497832790e-02 6.936362691314924833e-02 1.000000000000000000e+00 3.430287097360392723e-01 2.261349860655554878e-01 2.477780234700970030e-01 3.689464526586462845e-01 3.062395749482735297e-01 3.361380888001030964e-01 3.020963965044486943e-01 3.741579367606615580e-01 4.045691642293420820e-01 3.449157623615138335e-01 3.110194727510784962e-01 4.005603061259685460e-01 3.897010672385474717e-01 3.623221638497946540e-01 3.602480358088110401e-01 3.732912822369691130e-01 3.616936689619197343e-01 3.647939306920098268e-01 3.884686079104451295e-01 3.823921827588458444e-01 3.683035540718696543e-01 3.710978409756988117e-01 3.973663560039457088e-01 3.865158971933136955e-01 3.875676621166248559e-01 3.892226110768561842e-01 3.994885947835729589e-01 3.973746019736871249e-01 3.937536012573379929e-01 3.814115215293072958e-01 4.008459422761802005e-01 3.804138584521455924e-01 4.023878317125549886e-01 4.035345066967851446e-01 3.875325778253843056e-01 4.032680090330949541e-01 3.906515255660618080e-01 3.893749814065504133e-01 3.934810003577178250e-01 3.920555676600386286e-01 3.944904072515356130e-01 4.044321404337841153e-01 3.952257733113647697e-01 3.898830883894735533e-01 3.903911754438921800e-01 3.938602043831351818e-01 3.904400111316810307e-01 3.872207366433862430e-01 3.994597975378999521e-01 3.855224468741478838e-01 3.939825954955294418e-01 3.910607765916686018e-01 3.951166100716763663e-01 3.945105003771098295e-01 3.909105270795771303e-01 3.866849208693098339e-01 3.928083947304664703e-01 3.927887596714161322e-01 3.925795946233140987e-01 3.894023167185643453e-01 3.948344983038725164e-01 3.945332138561123969e-01 3.994866233850616344e-01 3.976237328738614352e-01 3.930881457171678250e-01 3.955352358996927498e-01 4.007367473614419362e-01 4.012514261072082644e-01 3.961656459760248827e-01 3.958841858813507142e-01 3.963588307107427378e-01 4.002970483739002883e-01 4.022378377267274430e-01 3.959040735773490249e-01 3.957777708642697401e-01 3.916500130734006935e-01 3.919028954971075507e-01 3.940059894726844480e-01 3.972851674306210334e-01 4.057139242881223629e-01 3.929675224990165083e-01 3.980220316999729668e-01 3.998312719844986929e-01 4.040704613015664304e-01 3.964950592095102810e-01 3.984670693072426273e-01 4.041869749294893510e-01 3.976138509634130624e-01 3.954408369042191063e-01 4.000081952171847810e-01 3.983365620715015321e-01 3.901623203784462812e-01 3.945126704633655224e-01 3.975534810944338360e-01 3.982497487528228741e-01 3.939525943451109291e-01 3.950781069928289702e-01 3.946198790588161254e-01 3.967690951357929485e-01 3.993516300987139944e-01 3.944177651792251660e-01 4.039346257459148215e-01 3.968289587998237167e-01 3.934846625694423117e-01 3.942937166418552519e-01 3.975092240290249990e-01 3.950123098247231845e-01 3.938731034034025913e-01 3.937628770439562942e-01 3.946469211087433870e-01 3.966518947409455320e-01 3.996373294907830109e-01 3.989633017695004558e-01
-3.956976854657430487e-02 5.021895347849312380e-02 3.430287097360392723e-01 1.000000000000000000e+00 3.174774356389580832e-01 3.620462556787978903e-01 5.625749179206469552e-01 5.322782364883170692e-01 5.064066029101964572e-01 4.769608310038879750e-01 5.689036029493416136e-01 6.343164689248044219e-01 5.506222946100732818e-01 4.971453217500236277e-01 6.159269103262026146e-01 5.986462598805237789e-01 5.513481759219739375e-01 5.638079687088213277e-01 5.773634538955642048e-01 6.140793176993267766e-01 5.316840843367642844e-01 6.013452665605152347e-01 5.697276992601176815e-01 5.623074711080023880e-01 5.631328328094978852e-01 6.053386889674599036e-01 5.948149200840702200e-01 5.933504904395333623e-01 5.788662049466642978e-01 5.852164756708500004e-01 6.094589428816111765e-01 6.151802165034119252e-01 5.847971478199418538e-01 6.099751045190523469e-01 5.823281103545803195e-01 6.255075712287694323e-01 6.037562040491282200e-01 6.115044842528993829e-01 6.167628079500530047e-01 6.270337292754295522e-01 6.137664068308272824e-01 6.201365527420710233e-01 6.292267401737609012e-01 6.253407782780400215e-01 6.413950933743850502e-01 6.115641147112528264e-01 6.093098892401821454e-01 6.123793761097494626e-01 6.115280079715625927e-01 6.220353568425497359e-01 6.205555636056638846e-01 6.502652730215772170e-01 6.269291524621768419e-01 6.078584973698941685e-01 5.995208949728476622e-01 6.144532264204766170e-01 6.027580754975856436e-01 6.175324856021182640e-01 6.037232461523116545e-01 6.215380353615523878e-01 6.194047666569993948e-01 6.194500681337153924e-01 6.071254474769353093e-01 6.100366783521905534e-01 6.178912532760811871e-01 6.170063240617105205e-01 6.139257218001636929e-01 6.158592180913996517e-01 6.145450411647820355e-01 6.350730198077001454e-01 6.212494040106751880e-01 6.235129626780567813e-01 6.168269062318885165e-01 6.212896989761530486e-01 6.223742491668435850e-01 6.190207900585673606e-01 6.173767306496906748e-01 6.053384323088597530e-01 6.122066270975219382e-01 6.080590937181851174e-01 6.068593279379598249e-01 6.149743891812617935e-01 6.333738038133188697e-01 6.104400194207347807e-01 6.292225739205584700e-01 6.185284966024356956e-01 6.238125655339327169e-01 6.245145128082287833e-01 6.182113865847922440e-01 6.304605719012970066e-01 6.295554553881872462e-01 6.249766822571979352e-01 6.257082962461588682e-01 6.217460881306720033e-01 6.159796143778812905e-01 6.142288703881979561e-01 6.397438523849277026e-01 6.288409035308003547e-01 6.251961443596523171e-01 6.336036408085365945e-01 6.318987264182186481e-01 6.248303861707732443e-01 6.249805282252977046e-01 6.248653789303049155e-01 6.385350659135522466e-01 6.217648363881256302e-01 6.165336989677797641e-01 6.149864889540824775e-01 6.161365511428431585e-01 6.207113351690930481e-01 6.254758620607726582e-01 6.192359252626931099e-01 6.205174984656076642e-01 6.223981234636634108e-01 6.262196266261663702e-01 6.213249050325666545e-01
1.177444998780424745e-02 8.127549590861679607e-02 2.261349860655554878e-01 3.174774356389580832e-01 1.000000000000000000e+00 3.091460118015912917e-01 4.645449028161610094e-01 4.103654155580884755e-01 4.228204952768186975e-01 3.787492906968110140e-01 4.433998661237958938e-01 4.629437338905766364e-01 4.492643826724369016e-01 3.805146773932804316e-01 4.776259446258260821e-01 4.791042937724063200e-01 4.421690775779717475e-01 4.475435542329153082e-01 4.535176713886052702e-01 3.912707019188625401e-01 4.403057934452165312e-01 4.636763577274121695e-01 4.594380288532082246e-01 4.410829192989209613e-01 4.489788692197830278e-01 4.867784618067059199e-01 4.729101887259383186e-01 4.852825696192482052e-01 4.644346461004556503e-01 4.826678760205380114e-01 4.832743204260770420e-01 4.793552617585116749e-01 4.694046833779188521e-01 4.732868155371440788e-01 4.763857128788923645e-01 4.643994220435735953e-01 4.837796042576358313e-01 4.695386232395045711e-01 4.833922146871864056e-01 4.616756822476790756e-01 4.863692556298930825e-01 4.859766526936986075e-01 4.827798080544190018e-01 4.857204100603774721e-01 4.842975826815514306e-01 4.831626411763446094e-01 4.877519899215058130e-01 4.872780980738991574e-01 4.829268768170144055e-01 4.622378466781421613e-01 4.711487446204056795e-01 4.643682221632091656e-01 4.734223120252115113e-01 4.791340605138779685e-01 4.709513799184077421e-01 4.801231343697073828e-01 4.627603739451018883e-01 4.837840914191098296e-01 4.664189124778174711e-01 4.906967695915012695e-01 4.872330014210343174e-01 4.823461094089355750e-01 4.679263649266157676e-01 4.847056515908513830e-01 4.878727448418015977e-01 4.825514624520774731e-01 4.854623506006773281e-01 4.854493619075050392e-01 4.866147169116492588e-01 4.828136927559537606e-01 4.894009822285902978e-01 4.880722150063442344e-01 4.870797938248698222e-01 4.846248492947614617e-01 4.914076661836790927e-01 4.900669278088896630e-01 4.877079664737022924e-01 4.856609275757214350e-01 4.856241621937156805e-01 4.886928208354966996e-01 4.865757270352006336e-01 4.877090015980475313e-01 4.876594187633813138e-01 4.859295308964837190e-01 4.835872373652078116e-01 4.883447053203210375e-01 4.876376296514216002e-01 4.866082740434972687e-01 4.880642248653410675e-01 4.861487261955828587e-01 4.864243377248954614e-01 4.899365105010722310e-01 4.900291451948751709e-01 4.880350787424838077e-01 4.891642182288103435e-01 4.865716515052956881e-01 4.795755643870561746e-01 4.814081009088124752e-01 4.870091676763898536e-01 4.866289049677325895e-01 4.888191182050773964e-01 4.813591252821720623e-01 4.861885258861318726e-01 4.895485757300618301e-01 4.857652651488204576e-01 4.784723780411196392e-01 4.847091264213007067e-01 4.872471077001016004e-01 4.841691837672164045e-01 4.876575028227456698e-01 4.833390783385655420e-01 4.885583705842836411e-01 4.844647452587528269e-01 4.856644026194653629e-01 4.857199465327131649e-01 4.872029902806943591e-01
1.167548093344397860e-02 1.027864671219453352e-01 2.477780234700970030e-01 3.620462556787978903e-01 3.091460118015912917e-01 1.000000000000000000e+00 5.196481306108509113e-01 4.680398292530630888e-01 5.088979643536752917e-01 4.640907828184516193e-01 5.255686833317366746e-01 5.520535069173353460e-01 5.090630268351348242e-01 4.734090711557211728e-01 5.546427258909414348e-01 5.528946633871583138e-01 5.090400551340569235e-01 5.284570836587686449e-01 5.352710004512747366e-01 4.826964765178798911e-01 5.100795964887997469e-01 5.399988551804134618e-01 5.201071564607446795e-01 5.046601802658045033e-01 5.117529321843101719e-01 5.620820202915489672e-01 5.454314199135358310e-01 5.561839633235180491e-01 5.595172290769010459e-01 5.647926917695221816e-01 5.707508968796880522e-01 5.614716613527952482e-01 5.369779165335499815e-01 5.481763859996002797e-01 5.454358550680183937e-01 5.438949830396917484e-01 5.571616188711916440e-01 5.625249046005976750e-01 5.734285834809560445e-01 5.563349263230347175e-01 5.767444617804556861e-01 5.800217565495456862e-01 5.705322175618932068e-01 5.846400899605826984e-01 5.710701308975472124e-01 5.771886442469329470e-01 5.750749546727710326e-01 5.820342323660387951e-01 5.729457312647864287e-01 5.552439732224573321e-01 5.669041161811706475e-01 5.586092239643337676e-01 5.752471801704642784e-01 5.783372093010484827e-01 5.747349731893003355e-01 5.746499954749247907e-01 5.626867820164264122e-01 5.797455096871099167e-01 5.736439950196229320e-01 5.825160356443648269e-01 5.806165880020778269e-01 5.805956194555352834e-01 5.719389092549178599e-01 5.717321932273281559e-01 5.717244651042175940e-01 5.756872316957447611e-01 5.841353194919194358e-01 5.804797792032894144e-01 5.783869985421035143e-01 5.805496703790703483e-01 5.794454593999051051e-01 5.807127191545505829e-01 5.760253187398373109e-01 5.752886746168505150e-01 5.807011311346973459e-01 5.835816490812418822e-01 5.791002883912688137e-01 5.765021775040202190e-01 5.760975164821199312e-01 5.807880832836529450e-01 5.777282589928262047e-01 5.833041933026612558e-01 5.776370674395646665e-01 5.740589033731858803e-01 5.760384943538130464e-01 5.770180884354270123e-01 5.785364589711214922e-01 5.819971924355332726e-01 5.872191961991839460e-01 5.812131969027035661e-01 5.771904275831583053e-01 5.834631164421592020e-01 5.824675626818585084e-01 5.849544321437191163e-01 5.831752552249002131e-01 5.830895871783358109e-01 5.750600388573063881e-01 5.744924609438638585e-01 5.828756757733257743e-01 5.796381986092981053e-01 5.827003738894160900e-01 5.819814958653358739e-01 5.815839764045765969e-01 5.849450622164106273e-01 5.823818445009790734e-01 5.784047466195033627e-01 5.824265040676818161e-01 5.843247971299371235e-01 5.855402616748369704e-01 5.818928463399691831e-01 5.857745527068224378e-01 5.837902568228549027e-01 5.845041304147970962e-01 5.822963148496586028e-01 5.797394318246449352e-01 5.810090080793729461e-01
1.874450413190377474e-02 1.420920135447341082e-01 3.689464526586462845e-01 5.625749179206469552e-01 4.645449028161610094e-01 5.196481306108509113e-01 1.000000000000000000e+00 7.103126477288091989e-01 7.329686217921212998e-01 6.710101670398592733e-01 7.716486121372467810e-01 8.043292896081326582e-01 7.356473516769997945e-01 6.780318355528462959e-01 8.460327389133420750e-01 8.064698634692631929e-01 7.200362336793985074e-01 7.735864353647641245e-01 7.820645309368209341e-01 7.141981570052361450e-01 7.426610974529940234e-01 7.917691123079954041e-01 7.964384956608482335e-01 7.744120372379360573e-01 7.701314803333166870e-01 8.316850504331054772e-01 8.120195497593117873e-01 8.205051517745823864e-01 8.222364493051409484e-01 8.295525908719527663e-01 8.442118574537006426e-01 8.311279723444243706e-01 7.949865864945632188e-01 8.244750737854696920e-01 7.975849169021796969e-01 8.004271407035226105e-01 8.249247138825916981e-01 8.278106144726912197e-01 8.348424296547509726e-01 8.178540248092588394e-01 8.283050964866924826e-01 8.375486719904969846e-01 8.286515853307369062e-01 8.302340404969127396e-01 8.335996874627878972e-01 8.378998681100159329e-01 8.278051063034690404e-01 8.301670709605062370e-01 8.308859658903767764e-01 7.997292830343805115e-01 8.129705789740361288e-01 7.981073371474018963e-01 8.151204551642666774e-01 8.267546984327490689e-01 8.194887485721764619e-01 8.377307283377382063e-01 8.031949533247594308e-01 8.290870115612285485e-01 8.169481534514978494e-01 8.285885923396189012e-01 8.312394482611835667e-01 8.261894905328439620e-01 8.134449876276557134e-01 8.234297859654106100e-01 8.169784933906478752e-01 8.250935865902229160e-01 8.340734960667175457e-01 8.404832615456923062e-01 8.444909627491159476e-01 8.430471999269901762e-01 8.382264194471313878e-01 8.387088464094922813e-01 8.432740607055715376e-01 8.392062311473579284e-01 8.424257338212279844e-01 8.388990215982611298e-01 8.410852548696836628e-01 8.375076291255555416e-01 8.431729010697814886e-01 8.388689681082253102e-01 8.368314614873878510e-01 8.412826069159687892e-01 8.420687223748362094e-01 8.361423729100493363e-01 8.386797299942282402e-01 8.439227791380773391e-01 8.424321443151535638e-01 8.440187272567923893e-01 8.435828788659797128e-01 8.443011411772501917e-01 8.441111629141889727e-01 8.410593872078548916e-01 8.417154800406374537e-01 8.450451663285888371e-01 8.340154909330719235e-01 8.343349148935812476e-01 8.306611580720292265e-01 8.184307564874933050e-01 8.313631725592081079e-01 8.347094387055482567e-01 8.414788831927194623e-01 8.287497303793908143e-01 8.335629942438549378e-01 8.368828778854238148e-01 8.369624082233556583e-01 8.229277489467409223e-01 8.318461292475576307e-01 8.327104273795028488e-01 8.351996876936420566e-01 8.324306061722930306e-01 8.310720111349998440e-01 8.336737314226343454e-01 8.337239099303932477e-01 8.340114295174377856e-01 8.323034195844578598e-01 8.319751705169621259e-01
2.614071242192310060e-02 1.215611997624966301e-01 3.062395749482735297e-01 5.322782364883170692e-01 4.103654155580884755e-01 4.680398292530630888e-01 7.103126477288091989e-01 1.000000000000000000e+00 6.960738094064846671e-01 6.293846934102749202e-01 7.152871750448117627e-01 7.588517448202170002e-01 7.061736667472958695e-01 6.415436861923519141e-01 7.829604835411064778e-01 7.777874317532254000e-01 6.797931581420083580e-01 7.244576975545542474e-01 7.249007918692839114e-01 6.583522976693771955e-01 7.073861858060611629e-01 7.458993823719239913e-01 7.375541251019203104e-01 7.075272803050058901e-01 7.113266555396847712e-01 7.699777215726296697e-01 7.553564367140721547e-01 7.650798475053849357e-01 7.703021464925750017e-01 7.733910266696043534e-01 7.850718177379593099e-01 7.799845913424697796e-01 7.551886723495205844e-01 7.756335504226303801e-01 7.588916378720385048e-01 7.541422136975749480e-01 7.785274217260720331e-01 7.815627276609142804e-01 7.894150446253117570e-01 7.717726768477599641e-01 7.793358100788374543e-01 7.905283004976081385e-01 7.821582959450348316e-01 7.888351753070775851e-01 7.830306146255280320e-01 7.830576055468033703e-01 7.798761184100445609e-01 7.833135478397766915e-01 7.822551614683285193e-01 7.686452844349475066e-01 7.800739674078595032e-01 7.544701087507692527e-01 7.664017317854605604e-01 7.781582440055899719e-01 7.741094652367610518e-01 7.847867630670275485e-01 7.610330396300453160e-01 7.831813782303446159e-01 7.804151986712221101e-01 7.809448725381951117e-01 7.868244696762893842e-01 7.856184643617361019e-01 7.792721973198208918e-01 7.773992117807324576e-01 7.721606663703276530e-01 7.751501351580785126e-01 7.838010864782437581e-01 7.907175611958955352e-01 7.897796490698196781e-01 7.861528257523343610e-01 7.884706543520344502e-01 7.894652333537666156e-01 7.844557574715821380e-01 7.811710559509984497e-01 7.869191121296428282e-01 7.872694885572690815e-01 7.850195100677931359e-01 7.847928621670519078e-01 7.863834796247025638e-01 7.875633290033130507e-01 7.848230373511163593e-01 7.893223655259090643e-01 7.888684643897532212e-01 7.882256873856713364e-01 7.916464766270304709e-01 7.921559967476433650e-01 7.904646237365177130e-01 7.943985313525062653e-01 7.915403295307645859e-01 7.884942359446289739e-01 7.886113251448008121e-01 7.918140281559115090e-01 7.890226651445105821e-01 7.913725375553570807e-01 7.863708848281536490e-01 7.870739813459985967e-01 7.893389785764624023e-01 7.785291276763233181e-01 7.880823986311138452e-01 7.920095284693745574e-01 7.945998048989753038e-01 7.879469643179680682e-01 7.848054157151848065e-01 7.921832645186696054e-01 7.873752056189283755e-01 7.815885228151063790e-01 7.849823262187671791e-01 7.848386921978401931e-01 7.876961232163628424e-01 7.888656642789610984e-01 7.894361808457038832e-01 7.862941697858361056e-01 7.884385341901765099e-01 7.858187121191061442e-01 7.825393041244251835e-01 7.831205165180691319e-01
1.327067685357156412e-01 1.682086463861089953e-01 3.361380888001030964e-01 5.064066029101964572e-01 4.228204952768186975e-01 5.088979643536752917e-01 7.329686217921212998e-01 6.960738094064846671e-01 1.000000000000000000e+00 7.089095561497931186e-01 7.790138704023329419e-01 8.045133232650456545e-01 7.568604029535750399e-01 7.031420825703422750e-01 8.328265542515427278e-01 8.196747718196651933e-01 7.769526693020170072e-01 7.858832010983872740e-01 7.875800442828578829e-01 6.568171530043583894e-01 7.688572852474302444e-01 7.936874634871355916e-01 8.260592021580166477e-01 7.549206468457416719e-01 7.634581246409660737e-01 8.423631645225049258e-01 8.306364674757610311e-01 8.368160832517547165e-01 8.431350279495971600e-01 8.472788406484950130e-01 8.544921155816884717e-01 8.478648313612588971e-01 8.101019755356529961e-01 8.288152996148320240e-01 8.326279359379190614e-01 8.044979330873998080e-01 8.425725458716402105e-01 8.349388410607656574e-01 8.487477946195747247e-01 8.011618070865457186e-01 8.536226203466961149e-01 8.403466302677015110e-01 8.147772394140950780e-01 8.553179181289036759e-01 8.364033107884905061e-01 8.452431053040988518e-01 8.585377308332421409e-01 8.680212272786458350e-01 8.555480748457838791e-01 8.173590006614115389e-01 8.379850755154749642e-01 7.961110083759805889e-01 8.385503518310616355e-01 8.658109057138861919e-01 8.522864325705913346e-01 8.601547359408995286e-01 8.471028378792196945e-01 8.509926995497443247e-01 8.482817749584991018e-01 8.629109933085618023e-01 8.591892438345118954e-01 8.593072045833600736e-01 8.430640688274112504e-01 8.603125144287806503e-01 8.597258047719426033e-01 8.637572579023560237e-01 8.639885747662383597e-01 8.612833329785120062e-01 8.635310292828839440e-01 8.489751576660597987e-01 8.553032605923606146e-01 8.610881160732580808e-01 8.520323269618398365e-01 8.465958050770729937e-01 8.634393803543650714e-01 8.619785002740639746e-01 8.601674339127970415e-01 8.653789028029458263e-01 8.578614456815689682e-01 8.669943901413240672e-01 8.638740960082318399e-01 8.636151611891648150e-01 8.644600594039227870e-01 8.615892821029612625e-01 8.446257389570237528e-01 8.588121214987050056e-01 8.578997659915208462e-01 8.525074560892520470e-01 8.589450167340779707e-01 8.520218673511021912e-01 8.433768175453677518e-01 8.567132706955725707e-01 8.543363697460466533e-01 8.555909793168503530e-01 8.607689949906766058e-01 8.643930754307385111e-01 8.314756698288324754e-01 8.507813256620405662e-01 8.547178758218586525e-01 8.491682553283177448e-01 8.445422090278413840e-01 8.555247348885330894e-01 8.565729719960781807e-01 8.584136678365005269e-01 8.542839674324506083e-01 8.518200047412251008e-01 8.654582759715183649e-01 8.653196486701036916e-01 8.630048538136279035e-01 8.627971632075076558e-01 8.537592357988151859e-01 8.649185793908574782e-01 8.612987978423417568e-01 8.622959427972118895e-01 8.659278396651791665e-01 8.664864946633162868e-01
7.061746608198481157e-02 1.595033764337191462e-01 3.020963965044486943e-01 4.769608310038879750e-01 3.787492906968110140e-01 4.640907828184516193e-01 6.710101670398592733e-01 6.293846934102749202e-01 7.089095561497931186e-01 1.000000000000000000e+00 7.210754376942382082e-01 7.321838498561485942e-01 7.005577813402643628e-01 6.403877722183407561e-01 7.615731684945632463e-01 7.441196669777380146e-01 6.830909782526197738e-01 6.967988480684208508e-01 7.168543575427454018e-01 6.044198762154056048e-01 6.678658206936629593e-01 7.207076984612047488e-01 7.268809933652652377e-01 6.778871484567633443e-01 6.877397573456116575e-01 7.632995667092311587e-01 7.489807804383301626e-01 7.515711593527024670e-01 7.681172174369299555e-01 7.661124067902309598e-01 7.839305232525911604e-01 7.636438288672018349e-01 7.382717534318965491e-01 7.544530796028334763e-01 7.461102458648060098e-01 7.326037782656034114e-01 7.650285746654020835e-01 7.694086778303697027e-01 7.810341553409714255e-01 7.478550296312117540e-01 7.814758872592070249e-01 7.754057145085246905e-01 7.541697123518695811e-01 7.816588376973082619e-01 7.735182888241338706e-01 7.812852059813467642e-01 7.876877215436425272e-01 7.940785751500020195e-01 7.902458148441150465e-01 7.501373157010875481e-01 7.697837598932687486e-01 7.316481653237120186e-01 7.658964436449021695e-01 7.866437484826476201e-01 7.780608924945903171e-01 7.849121768618797512e-01 7.631949970222217106e-01 7.835101663172741038e-01 7.777024642630264717e-01 7.892954500669515649e-01 7.900065815481218667e-01 7.818283791861132537e-01 7.721725717646540366e-01 7.804254914948267619e-01 7.789127915194260510e-01 7.817739698708032758e-01 7.921515392545721568e-01 7.919104307427249356e-01 7.901573902986035458e-01 7.809843426428847435e-01 7.839063558606477189e-01 7.884740625006481096e-01 7.802961521918168053e-01 7.758857750748932025e-01 7.930709036040081150e-01 7.913186706789356872e-01 7.934968572242253604e-01 7.936133301465803092e-01 7.924858207074330085e-01 7.958305369660693129e-01 7.945494341768679636e-01 7.960684925856996719e-01 7.886889158819265777e-01 7.875080676890598985e-01 7.798215850616831979e-01 7.882876018454881839e-01 7.879317752941952246e-01 7.912461311544622955e-01 7.937713830864001618e-01 7.881183056958027677e-01 7.835981878956249647e-01 7.913820373232963723e-01 7.903642058982230933e-01 7.928326864929976514e-01 7.942927827760560833e-01 7.956648435521460616e-01 7.724925764419626750e-01 7.768683387681569741e-01 7.900954216471945957e-01 7.844598406841754024e-01 7.838288292016127867e-01 7.873074266912658548e-01 7.908733063506397931e-01 7.906949281999536838e-01 7.864221233363539731e-01 7.815324188028289765e-01 7.946001040024633921e-01 7.951422437456976411e-01 7.927279419889481371e-01 7.938474219179892932e-01 7.880061585026824078e-01 7.944983104929822515e-01 7.910204986745282829e-01 7.914119118824602950e-01 7.881196410700401778e-01 7.922737023004464696e-01
3.068455579001862221e-02 1.408166079692699246e-01 3.741579367606615580e-01 5.689036029493416136e-01 4.433998661237958938e-01 5.255686833317366746e-01 7.716486121372467810e-01 7.152871750448117627e-01 7.790138704023329419e-01 7.210754376942382082e-01 1.000000000000000000e+00 8.574109295053131685e-01 7.790738761522949529e-01 7.146240974488354825e-01 8.664226750591934589e-01 8.483502246757499421e-01 7.804496998459521384e-01 8.016546631119885191e-01 8.179102709601425714e-01 7.274457698490373048e-01 7.857215603383569391e-01 8.276603705825857915e-01 8.222747753681227678e-01 7.890749751363285158e-01 7.876055157747891000e-01 8.662157020220165871e-01 8.528330183823717991e-01 8.546385874525395110e-01 8.604528047451109884e-01 8.702392731106312063e-01 8.901079040743942183e-01 8.797916174946267542e-01 8.393985245782887850e-01 8.630229562338094240e-01 8.526612045545822749e-01 8.448353363049134757e-01 8.699124871125388792e-01 8.753228654669569231e-01 8.854103360982974458e-01 8.580620578063058446e-01 8.837548961954038163e-01 8.844653692827909586e-01 8.673119458901350498e-01 8.892453812220808551e-01 8.811966435174304335e-01 8.828484824925856289e-01 8.914802735770566144e-01 8.933536190945773336e-01 8.896762469870955758e-01 8.657650794084845725e-01 8.768712229052366691e-01 8.506072626326127706e-01 8.759012360939959496e-01 8.881107579984444111e-01 8.804756703885252556e-01 8.888881771180269231e-01 8.675726132864086670e-01 8.860526506055438345e-01 8.826625761181966512e-01 8.896015668178511859e-01 8.926936610204920797e-01 8.884552689323124142e-01 8.782266495315600441e-01 8.847529388005188622e-01 8.828937283944862102e-01 8.873480217219985589e-01 8.959322856707695459e-01 8.949066338196440817e-01 8.947919999112351475e-01 8.923660152219591302e-01 8.933212068676320561e-01 8.949319485164607402e-01 8.899493317935435188e-01 8.848843049044115006e-01 8.966124244484731109e-01 8.950411078019789857e-01 8.941684546523491761e-01 8.954769509521386395e-01 8.913179577324952252e-01 8.962711481966477711e-01 8.940528048937647076e-01 8.986717260763968929e-01 8.960669997080835669e-01 8.926946168072150689e-01 8.915548601794404115e-01 8.945492741534306624e-01 8.952737314681434855e-01 8.950959688206450160e-01 8.958112599510317242e-01 8.944130195350629142e-01 8.904125237266271586e-01 8.962152671516504521e-01 8.961479724607328556e-01 8.959950723129810335e-01 8.969304988246197263e-01 8.986480370449468902e-01 8.861649452566011664e-01 8.855797508279769081e-01 8.945982172929020093e-01 8.936310268931385581e-01 8.935571831299896628e-01 8.936449302950437712e-01 8.939205789161153159e-01 8.963831864871889543e-01 8.942881537575573248e-01 8.895101883841046719e-01 8.957158716675469590e-01 8.961190262255072092e-01 8.974359133700200442e-01 8.962260368311605330e-01 8.938242515737021554e-01 8.971794694017762861e-01 8.953402297319663639e-01 8.960972099596901108e-01 8.941223139215676019e-01 8.938842529288051342e-01
1.167469455252819616e-02 1.402019454630216710e-01 4.045691642293420820e-01 6.343164689248044219e-01 4.629437338905766364e-01 5.520535069173353460e-01 8.043292896081326582e-01 7.588517448202170002e-01 8.045133232650456545e-01 7.321838498561485942e-01 8.574109295053131685e-01 1.000000000000000000e+00 8.242023792348351918e-01 7.627752509032592609e-01 9.085824625978149438e-01 9.001615220199499223e-01 8.148418131513347484e-01 8.401109593071122150e-01 8.563733145334391228e-01 8.000819684635227524e-01 8.118561678658430258e-01 8.731713223053523265e-01 8.581174142075481681e-01 8.239219178055419146e-01 8.316897956065923969e-01 9.033977599278718573e-01 8.913927989179177835e-01 8.922689860379846571e-01 8.918688059299463289e-01 8.997424742703027389e-01 9.222253158834313735e-01 9.138180532440016712e-01 8.729879527930699545e-01 8.994508549308338763e-01 8.896307469794219047e-01 8.898041489686125960e-01 9.110456184901505328e-01 9.145602847054122853e-01 9.229137095046882067e-01 9.000663836916729110e-01 9.203921992594343848e-01 9.224507876522092253e-01 9.161536033889056130e-01 9.313934262320380242e-01 9.277458485846783454e-01 9.220716581062239348e-01 9.254980513548698440e-01 9.313787566682905084e-01 9.279268918797493049e-01 9.072610484732589464e-01 9.233369333200793783e-01 9.076385441236701768e-01 9.223500281293179892e-01 9.279619965631057399e-01 9.196308473674875694e-01 9.265821511524761078e-01 9.171080716786097486e-01 9.275221585155933868e-01 9.275776056679682080e-01 9.343363488755509483e-01 9.341732585744335626e-01 9.353559965882505267e-01 9.250601306005190594e-01 9.293310331498463306e-01 9.232608575302170273e-01 9.312284100104770701e-01 9.294739116193476702e-01 9.308712092378127467e-01 9.284853886725719097e-01 9.344883347851976607e-01 9.311048216553853285e-01 9.336712278052007319e-01 9.247261862605484772e-01 9.238114242128858677e-01 9.334343045876999367e-01 9.313337690924099466e-01 9.288582974477342935e-01 9.261932923376736682e-01 9.269030783292349085e-01 9.291574481834681265e-01 9.286939512989242917e-01 9.334245432211593085e-01 9.338493485030071595e-01 9.277215846569343283e-01 9.278445377582512643e-01 9.301033336580939448e-01 9.320499664333736778e-01 9.307020600220063944e-01 9.324806840537896990e-01 9.311261822177131497e-01 9.279282420660740494e-01 9.333335273395344522e-01 9.336715342602901480e-01 9.322364697985231485e-01 9.328523664252000858e-01 9.331687035047752099e-01 9.267263217015487831e-01 9.262215034637154565e-01 9.343134786371107836e-01 9.334256592657056428e-01 9.333920806030159278e-01 9.323718666071697525e-01 9.344150393864167903e-01 9.351584387162461542e-01 9.370236090112533667e-01 9.299544879069312486e-01 9.332084306089367676e-01 9.329811409566863833e-01 9.339954958287959297e-01 9.345663512422784924e-01 9.341575304064276830e-01 9.351594672573063649e-01 9.349185420294745530e-01 9.339832384302441115e-01 9.355500522997660662e-01 9.345746923603212020e-01
5.796000859641155072e-03 1.232364225465914093e-01 3.449157623615138335e-01 5.506222946100732818e-01 4.492643826724369016e-01 5.090630268351348242e-01 7.356473516769997945e-01 7.061736667472958695e-01 7.568604029535750399e-01 7.005577813402643628e-01 7.790738761522949529e-01 8.242023792348351918e-01 1.000000000000000000e+00 7.062689034277432887e-01 8.428756506477470545e-01 8.402028903497527068e-01 7.572643402832370807e-01 7.824350493115689309e-01 7.894456866656879290e-01 7.089863373523832557e-01 7.469133443973947628e-01 7.991240482929585776e-01 8.024787615982269529e-01 7.531850933763197808e-01 7.636043100409859452e-01 8.347633517080693677e-01 8.251597721113873574e-01 8.231443393788344665e-01 8.338920921346744120e-01 8.367224829147299481e-01 8.548873915942466484e-01 8.455051704702299942e-01 8.015205682786585850e-01 8.339696614371816530e-01 8.235715285796921803e-01 8.199580108222083163e-01 8.388353700750814657e-01 8.442189547964068508e-01 8.579092765660834008e-01 8.267261633758089534e-01 8.551562209647922685e-01 8.556410924921742378e-01 8.491988488637605137e-01 8.649240504340713898e-01 8.525936098671241803e-01 8.582171897751994516e-01 8.648346901358019423e-01 8.696367563364240105e-01 8.670984550068890906e-01 8.308482410494094639e-01 8.511866479017105025e-01 8.320015990284839180e-01 8.529406041993295995e-01 8.646313720727605290e-01 8.583934602952307813e-01 8.638406446112619763e-01 8.412557914673755022e-01 8.655168584683320399e-01 8.555343457368724813e-01 8.685557044576495134e-01 8.700234409790715828e-01 8.650044861739552005e-01 8.544713969657680153e-01 8.581939925666023372e-01 8.556147696736599029e-01 8.625596641356855221e-01 8.681874207395162690e-01 8.694074379117753271e-01 8.667293827301704168e-01 8.640780236837052319e-01 8.648342644399695800e-01 8.698519669099152862e-01 8.625715939948428446e-01 8.560952768487356535e-01 8.681724088394801031e-01 8.670173648860548532e-01 8.658834535625458129e-01 8.671396635884910387e-01 8.644644948206111623e-01 8.686394433069403176e-01 8.679705894370554065e-01 8.715983491963943397e-01 8.661963412187307920e-01 8.663874728906985068e-01 8.633684341220834169e-01 8.672806875720809883e-01 8.665129418122632377e-01 8.672816298160523907e-01 8.702823417192235844e-01 8.634184475193453778e-01 8.607729719911596522e-01 8.706041791939049812e-01 8.696632029093651628e-01 8.713084033718117016e-01 8.727044865194359957e-01 8.717414114872651387e-01 8.607631880747288466e-01 8.611949653357601209e-01 8.715363973532729291e-01 8.688479155425880007e-01 8.704686872177163082e-01 8.699365987628804309e-01 8.703196610224266383e-01 8.733107143264497996e-01 8.701877715780613753e-01 8.648115059260758075e-01 8.714829769460308295e-01 8.714153833898554691e-01 8.715984793032358624e-01 8.721398031457482380e-01 8.705657775348758509e-01 8.722331140611979672e-01 8.719293994524028868e-01 8.709822543200391731e-01 8.707890259748302109e-01 8.697201433384967872e-01
