1.000000000000000000e+00 2.244195657636956776e-01 3.211131565587992953e-01 2.474868937562157978e-01 8.508677477140876022e-02 -2.934378278024811493e-02 2.207977300581945301e-01 2.278156307001730496e-01 1.196089435490932107e-01 2.247300977460675864e-01 2.094058643265968023e-01 9.131743275742273958e-02 1.024065889855511197e-01 6.761055490952314062e-02 1.277132854822960739e-01 1.714205391729096695e-01 2.042772233867820864e-01 2.893756415656406622e-01 2.816434462227019875e-01 2.746664278105585000e-01 3.076319132717802995e-01 3.156639745809101671e-01 3.082219162657539591e-01 2.521542612520374371e-01 3.057484730003719453e-01 2.571553796350014576e-01 2.334531324617725168e-01 2.427053278469989694e-01 2.662857772874867579e-01 2.644611158316142463e-01 2.098673301395909963e-01 2.124165902763621161e-01 2.395789641586165974e-01 2.154912517756072399e-01 2.409923826393103874e-01 2.115737759355508230e-01 2.387716160914816199e-01 1.551633276188216226e-01 1.366090629499661091e-01 1.325648274554826755e-01 1.054915806499469866e-01 7.752097999170905196e-02 1.249927689078103865e-01 1.082581953171520978e-01 1.529151419862845307e-01 1.094443146713922205e-01 3.134788915040100793e-02 3.821231239291997261e-02 9.661680319068068068e-02 1.346880512134407404e-01 1.082252359661060731e-01 1.416884088680462062e-01 8.501129672631993484e-02 1.045180887506921702e-01 1.129210606576300374e-01 1.468299472352906088e-01 1.605205691470542317e-01 6.841745082614571205e-02 6.450930411514753382e-02 7.520324786147833396e-02 8.020506404187929816e-02 5.529262075181660963e-02 7.878965392828882197e-02 1.081104221148025540e-01 1.295592733960032328e-01 1.379008859055809166e-01 6.248396493020391684e-02 9.199538179006543082e-02 1.172639098377658284e-01 1.121944165808130556e-01 1.155331860551780526e-01 1.112314834557518589e-01 1.218859121805561246e-01 1.306309559080206795e-01 9.833892842164317083e-02 8.718500691077801790e-02 9.207767957961829342e-02 1.285839095654768283e-01 1.368008589599580271e-01 1.322160112233106977e-01 1.130266108036647038e-01 9.287333340511774726e-02 1.323773146320687821e-01 1.116270252538946184e-01 8.879631862416988153e-02 1.026016504288177755e-01 9.767785116961823222e-02 6.658502627621068481e-02 6.117822730059768038e-02 1.110133915401498722e-01 7.966935836911007152e-02 4.025539983233561436e-02 7.215664187687836906e-02 5.432433056071385435e-02 2.108066318436653541e-02 1.805619129694461394e-02 6.109543987883694904e-02 1.101323121640108288e-01 5.010597392137215722e-02 5.619921502194701740e-02 4.414072730467384631e-02 5.284490493044488590e-02 5.008620666195315319e-02 3.679185784355291228e-02 8.620315077669622739e-02 7.970212390484722464e-02 4.790597276420494738e-02 2.846793396496994158e-02 6.042746425756218703e-02 3.862675320180236627e-02 1.882826934829256657e-02 3.265803594043970720e-02 2.345424333806937073e-02 6.463447923835512199e-02 8.327506537807254083e-02 6.746525465932411147e-02
2.244195657636956776e-01 1.000000000000000000e+00 2.643442026104365072e-01 1.269636866335175640e-01 1.064033197881225495e-01 6.538791255528142443e-02 1.997704505415406895e-01 1.632193756891373304e-01 2.253305725569967333e-01 3.642931701652480925e-01 2.349248476499078975e-01 1.637778589513317895e-01 1.681485543375290104e-01 1.373235703816065023e-01 1.754339870213858232e-01 2.006220279757550407e-01 2.207773757502647372e-01 2.545760002924882248e-01 2.484231796886065269e-01 2.097614278710854263e-01 1.520354090328920882e-01 2.366757060830762815e-01 2.808062251587323255e-01 2.026382958603257789e-01 2.797963831149662406e-01 3.020811653412591724e-01 2.944359407826537822e-01 3.082370856319404107e-01 3.347862323611274782e-01 3.420815820326376655e-01 3.178634662173610015e-01 2.459221114701982402e-01 2.716375516478785612e-01 2.167906861792088524e-01 2.804548621320220869e-01 2.318981013092450971e-01 2.692922527042159730e-01 2.165641757594533312e-01 2.206722305514361160e-01 2.218737811394511927e-01 2.310377671179619230e-01 1.938012437451544223e-01 1.687475533115621595e-01 2.106107920694806623e-01 2.451873958574057322e-01 2.351382118581103187e-01 1.786807990595466744e-01 1.843144787903929771e-01 2.000146006963260392e-01 1.785105501980048803e-01 1.880644813046441766e-01 1.463833623928534611e-01 1.706705639709602540e-01 2.348332422353126003e-01 2.243386363212972190e-01 2.438397453403056692e-01 2.097968561588070824e-01 1.855080753875809618e-01 2.003231056194692827e-01 1.834868009037572134e-01 1.850485570016352777e-01 1.891614042064687362e-01 1.843795947305024718e-01 1.953140105738279397e-01 2.109509824187744964e-01 2.107191552711646931e-01 1.851690891210658330e-01 1.932558411798918352e-01 2.159732456920722410e-01 1.911297491473123999e-01 1.730391773664595734e-01 2.096187267022417977e-01 1.789090100883220513e-01 2.095209701387342471e-01 2.204275758181702405e-01 2.177833769516434315e-01 2.169791320372613241e-01 2.493208807186546305e-01 2.412989584115896868e-01 2.576500638107833141e-01 2.361672762804345738e-01 2.317647398531147429e-01 2.122121363782497327e-01 2.266485279784539730e-01 1.718770740771125571e-01 1.820882541686993372e-01 2.092936313187493957e-01 1.799839917690157776e-01 1.847564505053279071e-01 2.164398185556005993e-01 1.951569948791962716e-01 1.714904991751991237e-01 1.958665549589807819e-01 1.862909152705209681e-01 1.683512967826408524e-01 1.690312058888374380e-01 1.531974061192923620e-01 1.717202394698308099e-01 1.689346433553116367e-01 1.666475885402417534e-01 1.527214858293299837e-01 1.557342573060047919e-01 1.612800186944658154e-01 1.599452337230906074e-01 1.717799373595763346e-01 1.771821524923536118e-01 1.736670708607855884e-01 1.880758544459903703e-01 1.921879281911151038e-01 1.699390247858161562e-01 1.609238950194777085e-01 1.666816950843789946e-01 1.621032216703857387e-01 1.732840388881912164e-01 1.891838246533694701e-01 1.751862318921087458e-01
3.211131565587992953e-01 2.643442026104365072e-01 1.000000000000000000e+00 5.057169282697138168e-01 2.261008854447955907e-01 1.428751965030873594e-01 5.182486189747490535e-01 4.885468532924571727e-01 3.368419478737312289e-01 4.917779901729222303e-01 5.131939670550381694e-01 3.833062024178413019e-01 3.392426460272108257e-01 3.331961082491818882e-01 4.275197234379842781e-01 4.604160002869596147e-01 4.349374474467202489e-01 6.084300365055995696e-01 5.858875352959206362e-01 5.653455306196708552e-01 5.574847149041486372e-01 6.076039524017281535e-01 6.458203255560903688e-01 5.853306022533061315e-01 6.244657437415959134e-01 5.822190431934481936e-01 5.682682650994761442e-01 5.866965684693404848e-01 6.080401786534712638e-01 6.060688029225295148e-01 5.499792424339055019e-01 5.478275030882144847e-01 5.994166092717196914e-01 5.653941782710432129e-01 5.813933879479268318e-01 5.347430527557184288e-01 5.778498592293045411e-01 4.982577398563763360e-01 4.716636942437649749e-01 4.903416761127456502e-01 4.195196741264878848e-01 4.037773649702460776e-01 4.606791524349810318e-01 4.185009730201461053e-01 4.861936060441902629e-01 4.424150333173519356e-01 3.214890306960095923e-01 3.113605839028487088e-01 3.966714588216605497e-01 4.539882199695515763e-01 4.269434406906437718e-01 4.370991652051061105e-01 3.888658760738289977e-01 3.949406795226572675e-01 4.190525544493228782e-01 4.669697991146546934e-01 4.396298357275089663e-01 3.666409149205323570e-01 3.751873163932954447e-01 3.457984324567842660e-01 3.720986549746474470e-01 3.404549350073288738e-01 3.831920744050729688e-01 3.868989488035747271e-01 3.944187873010455703e-01 4.046463466359479511e-01 3.440020122902201494e-01 3.979162566146074442e-01 4.390255526359809757e-01 4.237421860615087077e-01 4.130391484688759607e-01 4.171303653971922820e-01 4.512745310442351498e-01 4.536473819900734838e-01 4.045402686274960358e-01 3.910971169830165795e-01 4.055788846525664737e-01 4.518061376864350720e-01 4.559290148992107827e-01 4.494527814996673865e-01 4.310538704938731702e-01 4.057987554683319398e-01 4.348113526437226706e-01 4.284705359957703408e-01 4.058510267992210818e-01 4.277319760594145426e-01 4.143234740965447416e-01 3.829036888228017355e-01 3.670233963594348170e-01 4.144557320769870490e-01 4.000401225348153567e-01 3.408358839359272308e-01 3.809991028523366796e-01 3.554087106255966466e-01 3.101801303311150781e-01 2.948560570875162212e-01 3.711320414846698834e-01 3.836371538004864079e-01 3.467238329334602076e-01 3.615272561475368351e-01 3.528680625264078441e-01 3.498883117411438759e-01 3.354897339856334759e-01 3.332284713108241703e-01 3.725254847058659946e-01 3.614129022266389102e-01 3.331843547415295759e-01 3.136185086139585132e-01 3.599984740004990025e-01 3.273893909860463025e-01 3.114179823798393087e-01 3.061910583959286392e-01 3.110845547859824034e-01 3.481395754442484503e-01 3.563949720802290222e-01 3.307565823300238073e-01
2.474868937562157978e-01 1.269636866335175640e-01 5.057169282697138168e-01 1.000000000000000000e+00 3.960049099085917179e-01 3.026074750348020648e-01 6.923708303692802657e-01 6.889982775467564657e-01 5.107471539829664398e-01 5.664442885235055902e-01 6.596530935773012860e-01 6.648043194353978613e-01 5.866147015987593916e-01 5.454695573639908313e-01 6.721551606790492350e-01 6.940599975027924584e-01 6.160258936537086338e-01 6.575015768611964795e-01 6.547022871453335169e-01 6.514393901949105947e-01 6.795284925524522901e-01 7.136603719132583734e-01 6.721593052433578741e-01 6.529664916831856569e-01 6.304590149603173099e-01 6.736597243813101654e-01 6.584973295736257226e-01 6.605236636402613826e-01 6.503798596025218703e-01 6.419023491169150164e-01 6.383661052200491071e-01 7.019645832906517002e-01 6.713123431607366243e-01 6.930832743369135240e-01 6.735568757530118189e-01 6.703969697074346756e-01 6.569032541135665371e-01 6.773000664185105935e-01 6.471758921273550458e-01 6.614118242937960801e-01 6.226278948141817926e-01 6.196101030095547690e-01 6.825455044150067208e-01 6.391028866651105034e-01 6.485081225647930658e-01 6.217074942938216608e-01 5.703414638715550433e-01 5.612229498819701901e-01 6.418393759992965242e-01 6.803868365105848470e-01 6.613754966640996713e-01 6.798228060389374106e-01 6.424397659549546669e-01 5.972973487695090178e-01 6.258518616697587023e-01 6.328776854145887754e-01 6.739590107324271440e-01 6.154027104051371655e-01 6.101430356611421413e-01 6.034397516863141409e-01 6.206218680499004936e-01 5.913774124837514190e-01 6.244479065129554529e-01 6.358854280226322597e-01 6.224757383192260907e-01 6.374786770815306092e-01 5.820612331718572063e-01 6.170104607777052719e-01 6.417297265338978152e-01 6.445420335488366570e-01 6.496153391712007341e-01 6.224345172612520960e-01 6.538587718527910653e-01 6.382979894746090288e-01 6.191633275829935279e-01 6.041859836077537738e-01 6.167482285949449361e-01 6.337718269506014135e-01 6.449828588279038488e-01 6.195175854274420635e-01 6.145938416652653169e-01 6.070747739152149158e-01 6.514011886816775121e-01 6.216563874206352258e-01 6.404577599409941868e-01 6.459648502767025846e-01 6.163180161529421275e-01 6.218153019970911188e-01 5.996521976378886842e-01 6.273244260803345629e-01 6.238980575946473373e-01 5.907142895975614483e-01 6.065745465774765588e-01 5.942372494680114858e-01 5.675008048352476742e-01 5.534697627409467247e-01 6.324995144386319490e-01 6.418846338823270825e-01 6.076600829345976118e-01 6.188395123138805687e-01 6.204498080493419110e-01 6.159805065280629099e-01 6.024514801806337694e-01 5.947477905252676056e-01 6.233423075746383768e-01 6.192883221295533147e-01 5.889094191495376496e-01 5.532328538041099142e-01 5.983178232393562279e-01 5.883779102039599085e-01 5.759861663426870670e-01 5.725169569787583734e-01 5.817576882762848234e-01 6.073801167852056482e-01 6.015918467283214444e-01 5.924629836821055928e-01
8.508677477140876022e-02 1.064033197881225495e-01 2.261008854447955907e-01 3.960049099085917179e-01 1.000000000000000000e+00 2.981781462244285641e-01 4.697150377532091636e-01 4.522884957871485812e-01 4.843420157860994224e-01 4.077502450673096690e-01 4.026403719286837934e-01 4.906207094888235254e-01 4.818558663676319465e-01 4.294328729669191769e-01 4.681235925017389610e-01 4.988734720924057342e-01 4.612702541052292604e-01 4.014060943294528450e-01 4.142065871331952476e-01 3.976789373942817285e-01 3.872349767176503921e-01 4.207086392730896574e-01 3.880326223086976722e-01 4.005634883038126093e-01 3.785521631283748634e-01 4.138970981103893831e-01 4.060208715110920075e-01 4.137854078436616345e-01 3.762064041710974638e-01 4.155388598043248116e-01 4.311981614420775100e-01 4.597784317677006127e-01 4.224980327938138713e-01 4.502865640895859500e-01 4.263739861321488855e-01 4.671661876708106953e-01 4.393029604366406882e-01 4.491034409531359239e-01 4.786014462686413173e-01 4.617225075936582934e-01 4.843308358314094564e-01 4.869989455262213052e-01 4.980122010901046337e-01 4.995458735681878593e-01 4.771646779299076879e-01 4.834126959754916353e-01 4.873922911654847701e-01 4.775240466303043441e-01 4.856694767489618814e-01 4.694153163019202379e-01 4.691543495473574632e-01 4.875940274693578713e-01 5.044790608245232066e-01 4.773092102855437946e-01 4.768876775231981613e-01 4.545169793199820840e-01 4.946140771684782722e-01 4.819596070311172875e-01 4.695546862871445848e-01 5.040722504602583864e-01 4.890585032921436759e-01 4.901145077556352536e-01 4.792782292347154693e-01 4.945787421940210371e-01 4.870131365449941740e-01 5.033300905355407862e-01 4.789479353722901900e-01 4.884224342566151345e-01 4.876964527928689397e-01 4.984384234561182181e-01 4.856177878731138819e-01 4.767536412334111851e-01 4.886960757498772234e-01 4.790901558115975845e-01 4.761779736345607694e-01 4.796127706148303194e-01 4.790601730701588012e-01 4.682950861975878620e-01 4.777943892723254815e-01 4.679751474644703868e-01 4.694047105396708663e-01 4.730034350474917049e-01 4.892321614029988552e-01 4.710029064941415600e-01 4.830657319442254738e-01 4.901012302675571974e-01 4.800714448524340816e-01 4.827961753581794246e-01 4.835623686472880767e-01 4.688431369835068807e-01 4.815452066581181190e-01 4.921889462773438861e-01 4.855595561453156517e-01 4.860231891360355383e-01 4.874027718691317790e-01 4.851003789480592410e-01 4.909665457349761120e-01 4.903218391327768821e-01 4.889915709090997820e-01 4.892750025105417899e-01 5.070823977122757009e-01 4.912215403723960150e-01 4.929184980936074378e-01 4.938467367407656239e-01 4.958237871031717092e-01 4.947661801796485181e-01 4.944746251519318569e-01 4.797873319455342456e-01 4.853122432616084891e-01 4.912084726474512664e-01 4.839168876734195601e-01 4.914316950399932327e-01 4.925777437301190331e-01 4.985305255629169374e-01 4.885766974749996550e-01 4.908117045703079273e-01
-2.934378278024811493e-02 6.538791255528142443e-02 1.428751965030873594e-01 3.026074750348020648e-01 2.981781462244285641e-01 1.000000000000000000e+00 4.521962977198334399e-01 3.884681370130635414e-01 5.252358779769131791e-01 4.202239991659683094e-01 4.401940496206068754e-01 5.479773558952419910e-01 4.845784836384549044e-01 5.022232685474170566e-01 5.349878511794947666e-01 5.052188486066547801e-01 5.030668993972718939e-01 3.876467342647513248e-01 4.375191650681247713e-01 3.354437326456710666e-01 3.622709669505959074e-01 4.292346770018876656e-01 3.657567268260751292e-01 3.741024345542056095e-01 3.872562907876639371e-01 4.585965769016957516e-01 4.733306947977665158e-01 4.694145968715472961e-01 4.289798177508667432e-01 4.484968969753427848e-01 4.938413923656734816e-01 4.783183460605120452e-01 4.474386272459038860e-01 4.503288958374687678e-01 4.515056545183897541e-01 4.702084935975808788e-01 4.751139633290498709e-01 5.067790675069099304e-01 5.380954889901284899e-01 5.097110095450417822e-01 5.654197322924788827e-01 5.654613619192331297e-01 5.198419212396799827e-01 5.644587916903885949e-01 5.469869598473002803e-01 5.579410202356577253e-01 5.812085743522121817e-01 5.836808559585753287e-01 5.520606447498872527e-01 5.073944446018306964e-01 5.337910477423818412e-01 5.157901177431082340e-01 5.633126318462653437e-01 5.656546059104646806e-01 5.573696470212933241e-01 5.384697729384195775e-01 5.295330432368270390e-01 5.689440874487751154e-01 5.547807260038085664e-01 5.772396027262268747e-01 5.650550725193234092e-01 5.702578429670672744e-01 5.469562002689013491e-01 5.582229315467225339e-01 5.569230912191796001e-01 5.554962108912567809e-01 5.795620589930210453e-01 5.702076595820093630e-01 5.558205077251965331e-01 5.558625811459658728e-01 5.570375181486024729e-01 5.652748400530810402e-01 5.394765406653392326e-01 5.481818476325082123e-01 5.704433354483562368e-01 5.767066291354117080e-01 5.751434340314595106e-01 5.597094078958366747e-01 5.534308636713985985e-01 5.498359577389787534e-01 5.574641763836953867e-01 5.685392953183051601e-01 5.535636309365723484e-01 5.555756572971506380e-01 5.542599633948535054e-01 5.545917226577379289e-01 5.654183498944143071e-01 5.757339205814500094e-01 5.765548705969224530e-01 5.609069270169551036e-01 5.711371801841370610e-01 5.850882472840044368e-01 5.787675333103503572e-01 5.826803280043694189e-01 5.872671681391418153e-01 5.912757132147210548e-01 5.639111573362680652e-01 5.570690548958863175e-01 5.769957790655739771e-01 5.724377255452082203e-01 5.771336032983772624e-01 5.741073797057475447e-01 5.816668550426826734e-01 5.855813760182964067e-01 5.725490672977679996e-01 5.700731755056002159e-01 5.814943010771553844e-01 5.882180978805038318e-01 5.813841394023547826e-01 5.844363345178134050e-01 5.884323658466890095e-01 5.879294527418208460e-01 5.845860105866440559e-01 5.767438086617410198e-01 5.759521365101767376e-01 5.782645381822618669e-01
2.207977300581945301e-01 1.997704505415406895e-01 5.182486189747490535e-01 6.923708303692802657e-01 4.697150377532091636e-01 4.521962977198334399e-01 1.000000000000000000e+00 7.921130628681094521e-01 6.531377068626069704e-01 7.148185763881197419e-01 7.829164450064877157e-01 7.896423340439023830e-01 7.371304388770876237e-01 6.876610639982927431e-01 8.463113535158537371e-01 8.448766337393764925e-01 7.467555037597991552e-01 7.742053051538175801e-01 7.794972661310439754e-01 7.703918535814734403e-01 7.415680283944710016e-01 8.150412869953206352e-01 7.870893853243029481e-01 7.592511278898365079e-01 7.550666731858386438e-01 8.196245457649875554e-01 8.070038400563673830e-01 8.052043469368528328e-01 7.734683999876377225e-01 7.845000768941996494e-01 7.834061463158726868e-01 8.457065329191166825e-01 8.001843526739302881e-01 8.243033416919401946e-01 8.109679066357348143e-01 8.064991449472286300e-01 8.028981711292938472e-01 8.329798822628042831e-01 8.068691291092435769e-01 8.142007735767494703e-01 7.937109736034009266e-01 7.947465193076506118e-01 8.333755886963406523e-01 8.050157939626081394e-01 8.132383510277151339e-01 7.934869833583110266e-01 7.436468065488046619e-01 7.362689691600712294e-01 7.946442000423719065e-01 8.101990938354035610e-01 8.113790907963458476e-01 8.089549111820654170e-01 7.932899696064185102e-01 7.774776376236941511e-01 7.974505780949912026e-01 8.041801732790487822e-01 8.160563745924416246e-01 7.822941993976063602e-01 7.788918158162326799e-01 7.714516828257459435e-01 7.857494671101972195e-01 7.598493674491954009e-01 7.861398347523719243e-01 7.913523902967763979e-01 7.775099678470839271e-01 7.950179296168793375e-01 7.550655823675387346e-01 7.865193637443340657e-01 8.130492893549836619e-01 8.151510019064671653e-01 7.994627127978376491e-01 7.898238407565997266e-01 8.146102319617495313e-01 8.006717464933839068e-01 7.910972288030869715e-01 7.756223179910918253e-01 7.875800776279736626e-01 7.959994684908255902e-01 8.089906659578668391e-01 7.871273042150567223e-01 7.866688115651150337e-01 7.762846827555622831e-01 8.108372303645985379e-01 7.909667052278727128e-01 8.064748122762275262e-01 8.094979776072401823e-01 7.877403389381988363e-01 7.952897657826688560e-01 7.757251721906118780e-01 7.993922064824603435e-01 7.931459001642560125e-01 7.678363507934630183e-01 7.783883188006404108e-01 7.711208198889362153e-01 7.422393964195291849e-01 7.297256619919628706e-01 7.896350115780902401e-01 7.873088221602817516e-01 7.728901310821622017e-01 7.816905826200180041e-01 7.855300308196733194e-01 7.758479624006520137e-01 7.669018759756685011e-01 7.658922128257938944e-01 7.838466028127748508e-01 7.801706002197310585e-01 7.573918429153647658e-01 7.350099959528028082e-01 7.756664638914040344e-01 7.586990918729810129e-01 7.532151522487531281e-01 7.433007670406180933e-01 7.515321299733905835e-01 7.708347095471961286e-01 7.677223873714249525e-01 7.569486093526157644e-01
2.278156307001730496e-01 1.632193756891373304e-01 4.885468532924571727e-01 6.889982775467564657e-01 4.522884957871485812e-01 3.884681370130635414e-01 7.921130628681094521e-01 1.000000000000000000e+00 6.257255446984356650e-01 6.637846657646768733e-01 7.587209606802064465e-01 7.646756427509336929e-01 7.248815556434101692e-01 6.522258022511113751e-01 8.035722506486359107e-01 8.417811223333722115e-01 7.186048650929875992e-01 7.192563029218100867e-01 7.338945960122414958e-01 7.299545704042748051e-01 7.343581477724524520e-01 7.844242937294865214e-01 7.340755796632705277e-01 7.029079403493322387e-01 6.936873931973857044e-01 7.820368926343201910e-01 7.572174827832971467e-01 7.527034360601853047e-01 7.241387778043844037e-01 7.293307051825231868e-01 7.324829483366148697e-01 8.034375290752161503e-01 7.420941155203586437e-01 7.728195325710948138e-01 7.633867300151042645e-01 7.601480009431142992e-01 7.408666853035981159e-01 7.998752262444974725e-01 7.599568319386480475e-01 7.719489081335627612e-01 7.467757074559054908e-01 7.512029868697507329e-01 8.016300641027130913e-01 7.706063125120600210e-01 7.570831467335172871e-01 7.480366060460196254e-01 7.093377329688432820e-01 7.008059838826435906e-01 7.719670795820178233e-01 7.902241032673188448e-01 7.922174518628911644e-01 7.757207730881009455e-01 7.579499864507814877e-01 7.429971734222754476e-01 7.712011278650731105e-01 7.603516014818828550e-01 8.030365154515062276e-01 7.551477947987403905e-01 7.594786085749049009e-01 7.417686875062081686e-01 7.605618607421654742e-01 7.404168759078969542e-01 7.719031083825110828e-01 7.724129780315726057e-01 7.470133191781157533e-01 7.658155183284061085e-01 7.184667151550871989e-01 7.452165391832845653e-01 7.677681481161147126e-01 7.746460713945173548e-01 7.685124225853947610e-01 7.482568620606092624e-01 7.654217465859369796e-01 7.504350270664381650e-01 7.534371104504077321e-01 7.310320905332406971e-01 7.397514307416170887e-01 7.500852263010807652e-01 7.644204392324928099e-01 7.412826786111700317e-01 7.387675429270220695e-01 7.328652013211359728e-01 7.686653057376687803e-01 7.462610912947462705e-01 7.642806305657764421e-01 7.614932846567279423e-01 7.378231486479426282e-01 7.525806359240462262e-01 7.284698577169168576e-01 7.581198124941900263e-01 7.431610127528318621e-01 7.253800739137722386e-01 7.299768521854528291e-01 7.267415129107793748e-01 7.058164388522519817e-01 6.933725507651182784e-01 7.593167965286075072e-01 7.675581863445700703e-01 7.453010655136721452e-01 7.467578639140449726e-01 7.490310315249801842e-01 7.507906970983846406e-01 7.303332701359920298e-01 7.311148906393104552e-01 7.475685421013298360e-01 7.543483894776092935e-01 7.264407052304648893e-01 6.961625768351656918e-01 7.390141130978813422e-01 7.264759623055397908e-01 7.228770777111717116e-01 7.098211949820809608e-01 7.213755613219939855e-01 7.414004943541189219e-01 7.332888393522090098e-01 7.255282733981821552e-01
1.196089435490932107e-01 2.253305725569967333e-01 3.368419478737312289e-01 5.107471539829664398e-01 4.843420157860994224e-01 5.252358779769131791e-01 6.531377068626069704e-01 6.257255446984356650e-01 1.000000000000000000e+00 7.451604640947993019e-01 7.347901635528385489e-01 8.225731032405569909e-01 7.491655356186071035e-01 7.666546665095856916e-01 8.010392245732480543e-01 7.877581779895834746e-01 8.129241799246310629e-01 6.651924994582238959e-01 7.137705224702259876e-01 5.639104903347159636e-01 5.863211275880350071e-01 7.017164896155132503e-01 6.472319599255311751e-01 6.141023513703620651e-01 6.685770491543604477e-01 7.635087056759516377e-01 7.719594076626613566e-01 7.659593179924653050e-01 7.133932977353840688e-01 7.690115505240544547e-01 8.169987125808421125e-01 7.692549940264871156e-01 7.303002900472806980e-01 7.217429900984165814e-01 7.494592670088627839e-01 7.695103124001908546e-01 7.788332526047117010e-01 7.824289273493451047e-01 8.404141960223679986e-01 7.912291129923952893e-01 8.724808947132387527e-01 8.595425057064851604e-01 7.934535813197325371e-01 8.644166489846465407e-01 8.544253571451251306e-01 8.601781184395536073e-01 8.812736698239367339e-01 8.880251885498591236e-01 8.588620679197036534e-01 7.900177300517235990e-01 8.249015461897322155e-01 7.978429054473088478e-01 8.564930438963307413e-01 8.828994688553898351e-01 8.593007347038620347e-01 8.477490327161084638e-01 8.430671224836907562e-01 8.646536511853645246e-01 8.507162756379077484e-01 8.829375361172033809e-01 8.671882184556014561e-01 8.742102438217871363e-01 8.431939979362154114e-01 8.670607727743478987e-01 8.859861536922135627e-01 8.802074445581967721e-01 8.845161552218224754e-01 8.730582432718275721e-01 8.650329024087816121e-01 8.544907128795613538e-01 8.536443197060367138e-01 8.763568595619881663e-01 8.234894798102724289e-01 8.488699726136330614e-01 8.792741158267128876e-01 8.869828774500013724e-01 8.767152795936358212e-01 8.675722977552448034e-01 8.664649771751812279e-01 8.741117431081768530e-01 8.735171894259428083e-01 8.827460751193826338e-01 8.685719583629631924e-01 8.709713070410418645e-01 8.422097808937754060e-01 8.489840919608974135e-01 8.731785615731086914e-01 8.650941664817574095e-01 8.749139700011520082e-01 8.622292047949211558e-01 8.680993888797643443e-01 8.793451743900358997e-01 8.818499953720922990e-01 8.814989110166999708e-01 8.847508361499094587e-01 8.866089350488532972e-01 8.510512509898707778e-01 8.631200069723109491e-01 8.720465156486549851e-01 8.647567822176565056e-01 8.613638371072546152e-01 8.668419684287201887e-01 8.793776256574203920e-01 8.768811566446571559e-01 8.751311632679213970e-01 8.744058692699370194e-01 8.856043980538271798e-01 8.896700428771407987e-01 8.809872195220722624e-01 8.826945306799750535e-01 8.741915603242618182e-01 8.862888908237276375e-01 8.787967920982058256e-01 8.819947944779439331e-01 8.871439514647951885e-01 8.876513155136919186e-01
2.247300977460675864e-01 3.642931701652480925e-01 4.917779901729222303e-01 5.664442885235055902e-01 4.077502450673096690e-01 4.202239991659683094e-01 7.148185763881197419e-01 6.637846657646768733e-01 7.451604640947993019e-01 1.000000000000000000e+00 7.742647040367660605e-01 7.536191229380094780e-01 6.865983173343943591e-01 6.827003331616139370e-01 7.730901974056192394e-01 7.766380897977868125e-01 7.523899961458312413e-01 7.484313515143512507e-01 7.671873941024348609e-01 6.635562340929812564e-01 6.389199898218979046e-01 7.626839703217949129e-01 7.663560603134532689e-01 6.830752788924675523e-01 7.610857076712835845e-01 8.415641349303247809e-01 8.366864288690935014e-01 8.386778897792761533e-01 8.279660431346663740e-01 8.515401205546248020e-01 8.546192050040496424e-01 8.099206837478024612e-01 8.057052889552619446e-01 7.672084448372762377e-01 8.109437624171452752e-01 7.859474506920103298e-01 8.169719917224063099e-01 8.060373966396828793e-01 8.158400077979487408e-01 8.085392524665907521e-01 8.153801273550538298e-01 7.941006762717561784e-01 7.754216305713936830e-01 8.113140654999793089e-01 8.337112452334179968e-01 8.180208927264773777e-01 7.669748720888144300e-01 7.678007050053962113e-01 7.992721883285528461e-01 7.762693285920003738e-01 7.952542230133048395e-01 7.466945669018074661e-01 7.725244886015858459e-01 8.144313468536160672e-01 8.096156100828244551e-01 8.333681855558654483e-01 8.020435563633667719e-01 7.833509430727675360e-01 7.893989439545175957e-01 7.787385440084284571e-01 7.904569678596627957e-01 7.770462785585012799e-01 7.807626970481538198e-01 7.963137509526244662e-01 7.949391226047248793e-01 8.009975589383598882e-01 7.748633135861738852e-01 7.917418763860911701e-01 8.124033061288108426e-01 7.938122836219371203e-01 7.754800910396039137e-01 8.059609981083636354e-01 7.696583284386394608e-01 8.002722256394075862e-01 8.171439313001440663e-01 8.066688540554745046e-01 8.124036770680878039e-01 8.362442574234945081e-01 8.319824759289120575e-01 8.345291787293389607e-01 8.222749286632038412e-01 8.196989152626090736e-01 8.102775302994067452e-01 8.146336873825573699e-01 7.791634674742764499e-01 7.843655201399739596e-01 8.048404803495549098e-01 7.883196772845025846e-01 7.856644322494437116e-01 8.149975333975207903e-01 7.990699769779986417e-01 7.758205963828552765e-01 7.946326049569090166e-01 7.861631902354920820e-01 7.616533051558821432e-01 7.556286559939336955e-01 7.714177994571672636e-01 7.780596567230323446e-01 7.767354284614892412e-01 7.764536592635404855e-01 7.656315962556914378e-01 7.702550526746769766e-01 7.664721058441261725e-01 7.671377149092454273e-01 7.777089445428412295e-01 7.817723994707638235e-01 7.720343926382631228e-01 7.723478828485778047e-01 7.921490454018957905e-01 7.696642246546789856e-01 7.609910034701692361e-01 7.606251747211912884e-01 7.613821069614206127e-01 7.762476837983207645e-01 7.791920257542197525e-01 7.684408972004146410e-01
2.094058643265968023e-01 2.349248476499078975e-01 5.131939670550381694e-01 6.596530935773012860e-01 4.026403719286837934e-01 4.401940496206068754e-01 7.829164450064877157e-01 7.587209606802064465e-01 7.347901635528385489e-01 7.742647040367660605e-01 1.000000000000000000e+00 8.386209443395066243e-01 7.674717614648499664e-01 7.314875080703182597e-01 8.637311589991650829e-01 8.614215121223948168e-01 7.971231484844506499e-01 8.076360938635636089e-01 8.250618866153167641e-01 7.394658666790140389e-01 7.481581648874945367e-01 8.500513350290013204e-01 8.256089466739012783e-01 7.733824097464928604e-01 8.022241386933832707e-01 8.784497831138305957e-01 8.754798995544105233e-01 8.737196130231820179e-01 8.412478999160435400e-01 8.616136517879440238e-01 8.745430447537665408e-01 8.866733538943859516e-01 8.515554729180618843e-01 8.500091854654261425e-01 8.713587770663548948e-01 8.522049857714881771e-01 8.618519689705635978e-01 8.801522625908057007e-01 8.730499131612594610e-01 8.702042735156576558e-01 8.655436733747884359e-01 8.563118601964656573e-01 8.632930621521756054e-01 8.698460662591538384e-01 8.797607399043627652e-01 8.626485388975774216e-01 8.232106728607669899e-01 8.200450000000508721e-01 8.661002633537683293e-01 8.590976506711506255e-01 8.740863075481972722e-01 8.448234740000483134e-01 8.415540301126300804e-01 8.538578654698855130e-01 8.637241851792628600e-01 8.856913883356287709e-01 8.738562229265095516e-01 8.521249161253501292e-01 8.539635054922061208e-01 8.385402398649373090e-01 8.541348055963334795e-01 8.355546639218095484e-01 8.538529886399658375e-01 8.590886260416207287e-01 8.555088055537962699e-01 8.620755587796100627e-01 8.367651094885882879e-01 8.572594999169514951e-01 8.788523432695279913e-01 8.646847392316860947e-01 8.636499001293350686e-01 8.702799690614303474e-01 8.550815608357171804e-01 8.666241006046686568e-01 8.702196914979768438e-01 8.556057484851358197e-01 8.597794116086652227e-01 8.761085777998454116e-01 8.826035093261485054e-01 8.744323978253716323e-01 8.706833250665553248e-01 8.636408970187828826e-01 8.778082206768309526e-01 8.706498186724256350e-01 8.613960393468892418e-01 8.641792455055511413e-01 8.623832221192051506e-01 8.583466752408496214e-01 8.454608642990730782e-01 8.759007613281730720e-01 8.614155188161914944e-01 8.360608211748228324e-01 8.525969559008585996e-01 8.430365106297801336e-01 8.194323647927312937e-01 8.102608529998602815e-01 8.503294775282418394e-01 8.515244914732694737e-01 8.417770707847181955e-01 8.451732831256982825e-01 8.385160543600571614e-01 8.421630367988982568e-01 8.327003535139111401e-01 8.336782629155207180e-01 8.495715188608994328e-01 8.496657525416071444e-01 8.308194821555838772e-01 8.186757644276880796e-01 8.501113873131894705e-01 8.301520558807151673e-01 8.258762440164995056e-01 8.184808250989321632e-01 8.236929055028375801e-01 8.399352520937104494e-01 8.432845020320638429e-01 8.304245349286509814e-01
9.131743275742273958e-02 1.637778589513317895e-01 3.833062024178413019e-01 6.648043194353978613e-01 4.906207094888235254e-01 5.479773558952419910e-01 7.896423340439023830e-01 7.646756427509336929e-01 8.225731032405569909e-01 7.536191229380094780e-01 8.386209443395066243e-01 1.000000000000000000e+00 8.410507438799053048e-01 8.203138068401794047e-01 9.198575759829630272e-01 9.064675085132652965e-01 8.561337310497570963e-01 7.501560453012581231e-01 7.883994101036128077e-01 6.895543618614369263e-01 7.202082536106066968e-01 8.101330854255490710e-01 7.410666344954128792e-01 7.274317343817712223e-01 7.318162593350709955e-01 8.357083214005257554e-01 8.418120199315273222e-01 8.304170227811380478e-01 7.700542746965747254e-01 8.075919108935106783e-01 8.570721205965610157e-01 8.808998855806997597e-01 8.075834557998057273e-01 8.375328284833816195e-01 8.292316019973745567e-01 8.545166188429605958e-01 8.360402151760053524e-01 8.984046743035640770e-01 9.130827750106729201e-01 8.893715107115468532e-01 9.279856786382389977e-01 9.285806749696676743e-01 9.098660469116461869e-01 9.370297922416497283e-01 9.103605650774599933e-01 9.139460817160317552e-01 9.311592479585262261e-01 9.278038394243636189e-01 9.421658730866855347e-01 9.062070917733902053e-01 9.330939916481465479e-01 9.059524247451089529e-01 9.333617346618221511e-01 9.247514540767667324e-01 9.268823427220200806e-01 9.128062332943025492e-01 9.294457053846372219e-01 9.387064691310124109e-01 9.318428467383352842e-01 9.409493023352223373e-01 9.405230820082084442e-01 9.336545171140064880e-01 9.307679766138504673e-01 9.424067209981222826e-01 9.313739908080301833e-01 9.388424221314501938e-01 9.343086850307729119e-01 9.334023639997007793e-01 9.340264800081956587e-01 9.339962953411564683e-01 9.387088525545383977e-01 9.351565517169776465e-01 9.145476436167608858e-01 9.176032801259356164e-01 9.363654652929149780e-01 9.320940772536427943e-01 9.318151156595237961e-01 9.206293016773199334e-01 9.266779592592861992e-01 9.163942168166842039e-01 9.228884640015556640e-01 9.288555267812180771e-01 9.380872936623312341e-01 9.248201408062958206e-01 9.301400907459888012e-01 9.303553629684485626e-01 9.292990296435655884e-01 9.411793128420276044e-01 9.335709589026373045e-01 9.330241068808741156e-01 9.359737200675922741e-01 9.385540070086509923e-01 9.366885405636435902e-01 9.370842606647316053e-01 9.328173641342896172e-01 9.283045457423493296e-01 9.374510067197630026e-01 9.350449653078558576e-01 9.400375377739500493e-01 9.390452807904924315e-01 9.411340995712343949e-01 9.411216607394763400e-01 9.399900319754994626e-01 9.412686597186175064e-01 9.411326867796971918e-01 9.397426685183641881e-01 9.386967917793899163e-01 9.254491841208456471e-01 9.399393272839090541e-01 9.394324288320987648e-01 9.366948300016715301e-01 9.349745855910013281e-01 9.369865799795954464e-01 9.414836023583870173e-01 9.385284769938122551e-01 9.369698679574091083e-01
1.024065889855511197e-01 1.681485543375290104e-01 3.392426460272108257e-01 5.866147015987593916e-01 4.818558663676319465e-01 4.845784836384549044e-01 7.371304388770876237e-01 7.248815556434101692e-01 7.491655356186071035e-01 6.865983173343943591e-01 7.674717614648499664e-01 8.410507438799053048e-01 1.000000000000000000e+00 7.339726160356261353e-01 8.529769136311726729e-01 8.457302389420395805e-01 7.720820736592316491e-01 6.881666158053776350e-01 7.158634715129235104e-01 6.520643867968818341e-01 6.445488878539170630e-01 7.277222685313488038e-01 6.722566178975873941e-01 6.627704877622593305e-01 6.625923597825983391e-01 7.665796114634779723e-01 7.691099445487366015e-01 7.538773783612904289e-01 6.920539434563864889e-01 7.309860427080455691e-01 7.715943919728055489e-01 8.038745146421916177e-01 7.194195880922278352e-01 7.495908473429581109e-01 7.508969781569427848e-01 7.718241786406545568e-01 7.526640014803429590e-01 8.111449086523272456e-01 8.228851910406349557e-01 8.032190158251359957e-01 8.453285561716260554e-01 8.503628409318497727e-01 8.385865209094981454e-01 8.560024312970132554e-01 8.244080219515322883e-01 8.305605723211161306e-01 8.462539884797176670e-01 8.436179679904670659e-01 8.542712139214581057e-01 8.150909406371885657e-01 8.443731294006299182e-01 8.271198180081221762e-01 8.501593365806602298e-01 8.445504895002879930e-01 8.447707465459864951e-01 8.286062457507407109e-01 8.491044042646584966e-01 8.596583778153735755e-01 8.464343431760921188e-01 8.625008102586261272e-01 8.591673287581780283e-01 8.518098680017721636e-01 8.471938986365747937e-01 8.580234321109286855e-01 8.453773500865030543e-01 8.575480954985059689e-01 8.492068175646220185e-01 8.516934991944590250e-01 8.522708618796418500e-01 8.549431529152164977e-01 8.503587639108429741e-01 8.489933471109588625e-01 8.342922597122259809e-01 8.358006901181264103e-01 8.539748549725296733e-01 8.451846455805687164e-01 8.447196936650720467e-01 8.320976711365968281e-01 8.427765173022444545e-01 8.292182448519904714e-01 8.349513658811558159e-01 8.402968295322655878e-01 8.519551805358207552e-01 8.348962018134457042e-01 8.462881450645555192e-01 8.441769651619932535e-01 8.390675431503112902e-01 8.555910151611324510e-01 8.451875572532089320e-01 8.523465955402772520e-01 8.489257293989030950e-01 8.555992910998820866e-01 8.488289918428341130e-01 8.523926759303973588e-01 8.478316848342559719e-01 8.429697678206610201e-01 8.507920604953306265e-01 8.500598126446761160e-01 8.555075011302830656e-01 8.532901962703396403e-01 8.586555325009547213e-01 8.534163744282914354e-01 8.567464111133384908e-01 8.572077915319802344e-01 8.565540159848741286e-01 8.557517728902813703e-01 8.501390692050285747e-01 8.414411782183066624e-01 8.569110035934602854e-01 8.523509428275134470e-01 8.506586109590226208e-01 8.516059982493087155e-01 8.519683931990424952e-01 8.556835528339518104e-01 8.531148652988302938e-01 8.540973490405435742e-01
