1.000000000000000000e+00 2.143535579070265096e-01 2.193701693864254509e-01 1.503947603472209626e-01 7.468973700768538615e-02 3.671256822578687629e-02 5.797828544032900683e-02 4.799038786349101721e-02 1.808831304313909261e-01 8.049175998615182293e-02 1.035685489291104516e-01 6.145619435985367335e-02 7.642515836667058970e-02 1.338329679630459804e-02 2.520573694018182764e-02 5.278508160799406240e-02 1.372656727722765257e-01 2.857460730857862563e-01 2.476679690450956373e-01 2.924841714748026567e-01 3.192280610092085302e-01 2.796012238143980033e-01 2.504741076145690082e-01 2.892139882873664414e-01 2.494042750908588568e-01 2.147689092424819035e-01 2.238462097181114774e-01 2.243594863675114626e-01 2.530650275081338108e-01 2.381811224631169011e-01 2.002481798982742311e-01 1.354261408872038663e-01 1.747246617413942271e-01 1.858971618813890780e-01 2.032646461847416319e-01 1.530150402075581839e-01 1.604871663792614700e-01 1.004245460615856567e-01 1.137575163993126276e-01 1.198846075702948571e-01 1.117671285409702064e-01 7.581763715769997136e-02 9.817277691261336314e-02 9.783647469545618536e-02 1.293063360517904548e-01 1.089635197142468648e-01 5.527455650717539443e-03 2.929099469767528982e-02 3.280153268766195646e-02 8.290201750578019002e-02 7.636708600060333751e-02 8.719092996638619364e-02 7.657081051047137654e-02 6.242432455989482820e-02 7.193454289686460057e-02 1.078121784786981729e-01 1.026503356438242670e-01 5.789889959281218496e-02 8.158417381354564346e-02 5.884696962235388962e-02 5.670876668719777858e-02 7.251673023857259370e-02 6.214987196829616783e-02 7.188105504478642382e-02 1.054518862084369707e-01 9.035245247640735777e-02 4.398320718903291071e-02 1.040203585981342715e-01 7.794191694472113463e-02 1.541829475836058727e-01 1.322468316179013226e-01 1.052483669864738708e-01 1.246727308256213584e-01 1.272504632959978732e-01 8.078093576508967033e-02 8.623795830757938208e-02 9.410002117823731971e-02 1.186733435889316401e-01 7.327627571481297453e-02 1.155726150438947109e-01 9.826796132282741847e-02 9.299934209180471534e-02 8.103185227288434156e-02 9.390110363288707573e-02 6.399997187884071126e-02 8.402096764035323073e-02 7.569232658725520702e-02 4.501194200011215951e-02 6.040182352891930451e-02 7.087232056249676004e-02 6.225026580355548511e-02 3.143411678252509833e-02 5.426267108493467578e-02 6.325567785174958380e-02 1.031685594844995030e-02 2.015079414403869729e-02 3.962004330949888548e-02 6.327573106073633435e-02 2.813685229286751882e-02 4.580676631047532477e-02 4.667006483451476700e-02 4.290414258267002262e-02 2.925239723027042021e-02 3.150075285731994412e-02 5.907795283996008368e-02 6.698625880001594923e-02 3.186240276417388190e-02 2.423824475668613643e-02 3.394186995769334775e-02 2.792813233944539328e-02 4.000583462691796599e-02 3.862239578348294206e-02 3.453520364156228289e-02 4.106408824546549374e-02 5.583872209628541750e-02 5.228680772924788889e-02
2.143535579070265096e-01 1.000000000000000000e+00 7.970248783639470591e-02 1.153239466904422417e-01 1.014906800181554908e-01 8.569770283169014791e-02 1.582274267547848223e-01 1.569163355998003662e-01 2.262816726735459305e-01 2.225473735704831257e-01 1.845559942193246428e-01 1.604500821180176451e-01 1.571683226927270693e-01 1.292084885661022864e-01 1.625844466234844798e-01 1.778093203892607832e-01 1.982056622969234350e-01 2.092276412109065065e-01 1.643450192721512826e-01 2.340062581350346171e-01 1.866062656763118055e-01 1.466071150685515911e-01 2.344711057591930825e-01 1.976490662376395591e-01 1.371539721964089298e-01 2.245107597588219817e-01 2.266636478010206068e-01 2.569986941601859476e-01 2.351838349346129509e-01 2.222029720220431159e-01 2.220503635820325339e-01 2.206653234721502321e-01 2.239517472982277824e-01 1.985576364640751212e-01 2.077535245382747808e-01 1.779862194671255893e-01 1.979450916640875247e-01 2.026154135128279410e-01 1.971395214206611568e-01 2.104617366693624370e-01 2.017560136665339232e-01 2.042428292258870737e-01 1.931318599977105421e-01 1.923006670920373862e-01 2.061668400855685701e-01 1.956856121855247710e-01 1.624065418579271891e-01 1.780573585408563031e-01 1.795779167414926214e-01 1.760652138424811386e-01 1.858503964118889407e-01 1.740618586490635666e-01 1.883477677189848432e-01 1.920653991828975005e-01 1.911622667236801409e-01 2.133997080383267797e-01 2.015345247763714043e-01 1.906000144846219935e-01 1.919583349768933800e-01 1.872930875308570497e-01 1.789025718137104426e-01 1.944126175868983730e-01 1.815769704761647785e-01 1.866319066418333228e-01 1.910469633228934760e-01 1.987338923015760372e-01 1.779544385651528060e-01 1.874303462179787438e-01 1.937802434473405166e-01 2.091336233592043514e-01 1.623995186090492204e-01 1.669227436109204099e-01 2.042139149712427770e-01 1.663309618943417945e-01 1.925083570993219306e-01 1.931929123819904615e-01 2.010188793353795134e-01 2.038300065313029541e-01 1.888464310842733473e-01 1.929909581067552893e-01 1.955988240153575253e-01 1.925533351390410208e-01 1.958305398337913950e-01 1.928348758299098242e-01 1.759183528541468367e-01 1.818449455809526549e-01 1.797533148612945053e-01 1.871395412071237274e-01 1.857338503050985357e-01 1.941208985835688183e-01 1.970059884766030278e-01 1.757066059821975890e-01 1.848837222741568920e-01 1.842612646395208609e-01 1.654541150196942034e-01 1.703447224122796311e-01 1.668722085281766909e-01 1.826070530787435031e-01 1.667040152124080743e-01 1.731465978572278297e-01 1.811537561679320840e-01 1.782172611606543666e-01 1.646969985737465614e-01 1.693256900185887148e-01 1.806869043354854265e-01 1.841901195391816015e-01 1.736848665432436378e-01 1.760082515455583252e-01 1.825687085952879818e-01 1.749585474252985107e-01 1.829189065836417105e-01 1.798830163913520686e-01 1.778915873669368319e-01 1.761075676806183321e-01 1.799104307402216718e-01 1.803552868064389747e-01
2.193701693864254509e-01 7.970248783639470591e-02 1.000000000000000000e+00 3.901155843157328995e-01 2.025934030034932387e-01 2.147727026064082112e-01 2.609084019123587561e-01 2.429234702255908818e-01 3.488474515342153692e-01 2.943222058422960696e-01 3.578256540551858489e-01 3.698481052346070386e-01 3.097714508452207305e-01 2.813312762030720782e-01 3.051565370150878254e-01 2.970028049253772839e-01 3.351097923774168374e-01 3.364684753564804454e-01 3.878236596941289083e-01 2.755337587590043769e-01 3.786383700858678703e-01 4.189995186211064593e-01 2.819770343302088200e-01 3.631984370832593290e-01 3.923547396623064398e-01 4.209443175224460432e-01 4.456738501499023508e-01 4.251823189904998523e-01 4.000295217122734615e-01 4.421095981574113543e-01 4.437272199066962797e-01 3.180648616920127014e-01 3.493052105273084518e-01 3.454817979094990665e-01 3.680464812963217258e-01 3.598911732543620956e-01 3.979093091728910792e-01 3.190601503464296496e-01 3.534868800159749469e-01 3.554296072833882381e-01 3.726653704830155678e-01 3.340623906039635882e-01 3.418952913512668390e-01 3.642832333933948008e-01 3.872541427597107067e-01 3.643588254090471823e-01 3.099083237537883506e-01 3.122451957001410872e-01 3.059630729087209344e-01 3.218690849134918097e-01 3.226849174370219342e-01 3.566167442955152644e-01 3.507233465670577255e-01 3.179029259555136155e-01 3.193911505971978038e-01 3.303184606807078594e-01 3.369168980899422960e-01 3.326600256881157569e-01 3.272572029058301579e-01 3.340576357596951040e-01 3.251413760047838775e-01 3.270691557558177420e-01 3.207573673222285371e-01 3.321141290892263842e-01 3.626631297505775731e-01 3.519506466779725451e-01 3.200682175650085837e-01 3.542043622589023388e-01 3.202788443888536229e-01 3.465727145092762917e-01 3.786546284423970010e-01 3.786763312277471871e-01 3.453390825426789768e-01 3.771502376022720648e-01 3.627138302508698953e-01 3.630013870348701155e-01 3.665086959571237091e-01 3.625444845703836294e-01 3.552855090927218296e-01 3.858760976042721613e-01 3.699822480943043002e-01 3.792283061589049042e-01 3.248308824818086915e-01 3.387671767134420309e-01 3.147676949728459017e-01 3.332523933431599250e-01 3.497215933218917328e-01 3.106307173922918108e-01 3.299283644414545136e-01 3.240062366421976314e-01 3.324949500425670723e-01 3.221383999285249433e-01 3.482524710010527214e-01 3.468107415316097342e-01 3.063109769165812679e-01 3.079965765987642823e-01 3.145867655120540007e-01 3.303782371477683721e-01 3.143106680860442981e-01 3.167289711760616910e-01 3.245095707226857695e-01 3.154154341431190667e-01 3.239123609531403547e-01 3.240444406399655142e-01 3.369553016305092963e-01 3.300011571351947337e-01 3.129428966932075729e-01 3.122875574417711686e-01 3.122609872570385470e-01 3.159663119576180956e-01 3.160599536917662600e-01 3.206545726174896416e-01 3.129846893740981795e-01 3.187449437055331902e-01 3.362904576451701821e-01 3.334833836560821552e-01
1.503947603472209626e-01 1.153239466904422417e-01 3.901155843157328995e-01 1.000000000000000000e+00 3.065629033284865135e-01 3.492960309587139212e-01 4.971753879939869725e-01 4.496376503646884459e-01 5.080912486452036081e-01 4.615971319902550940e-01 5.896900359049526141e-01 6.497972893922026039e-01 5.005020898780495608e-01 4.731412685570527965e-01 5.628742443666120421e-01 5.257180691421403651e-01 4.968963222821237147e-01 3.876867553761780272e-01 5.071606533169062958e-01 2.747524106769353991e-01 4.411667885027104608e-01 5.336718700673648286e-01 3.133346170722339785e-01 4.269298307949697113e-01 4.886197529134999051e-01 5.787522980886568025e-01 6.414549281376249468e-01 5.990528929995347918e-01 5.542637771567742178e-01 6.009219737569402309e-01 6.394481962075502235e-01 4.729195519674124215e-01 4.962273442082612562e-01 4.760617286614962085e-01 5.034051605252747308e-01 5.272765091816890015e-01 5.706459387098445912e-01 5.097293695224117682e-01 5.506454741963427990e-01 5.320687293984212030e-01 5.899712355411126374e-01 5.581023113489380627e-01 5.538414061254115506e-01 5.981194833024008339e-01 6.047196025695779076e-01 5.841216088144831620e-01 5.325801562253622556e-01 5.284729782297270528e-01 5.267365186842069003e-01 5.119582534122872897e-01 5.254223795496444360e-01 5.692783435268268244e-01 5.768747284771829076e-01 5.019767022713452764e-01 4.935659129862768335e-01 4.936398383994373695e-01 5.089347131068616692e-01 5.501231966713709953e-01 5.231159827863800516e-01 5.528621691649022729e-01 5.392563198789921408e-01 5.305315818449837240e-01 5.219372552959636868e-01 5.445716276079992646e-01 5.663929719205488267e-01 5.514279269822645047e-01 5.368981247445206995e-01 5.485764322363582135e-01 5.111045972634365997e-01 5.032624343758962393e-01 5.730200576629806974e-01 5.793082815053299806e-01 5.212348911206370339e-01 5.644723294321070117e-01 5.839595272215144517e-01 5.866902386502657052e-01 5.899477195714176725e-01 5.742523648741294506e-01 5.797727645411215880e-01 5.967154702926115162e-01 5.773456846107305473e-01 6.083310626494355944e-01 5.143945774061937648e-01 5.413356834970332043e-01 5.173531869762103552e-01 5.315393913917141333e-01 5.678780571271446753e-01 5.234674615806713671e-01 5.459010834177461247e-01 5.184794013630695808e-01 5.462502304730374458e-01 5.555894318889540440e-01 5.772533249759933538e-01 5.718690190754875946e-01 5.371506793020324189e-01 5.296082912356516736e-01 5.431830585066421690e-01 5.422171588679276510e-01 5.413686398902518571e-01 5.341286687657439414e-01 5.501320414275122639e-01 5.364438376468829706e-01 5.629610366177264513e-01 5.593989524990545803e-01 5.586194306586104164e-01 5.305157251571780419e-01 5.338196968613845295e-01 5.308335575432047149e-01 5.111547223856908184e-01 5.406625555581314746e-01 5.276410394459587483e-01 5.427783541055368755e-01 5.280206855324665050e-01 5.446060738559691528e-01 5.551630722085081349e-01 5.517247407093213152e-01
7.468973700768538615e-02 1.014906800181554908e-01 2.025934030034932387e-01 3.065629033284865135e-01 1.000000000000000000e+00 3.136560571701141331e-01 4.359111925745702276e-01 4.473405248688855362e-01 4.370919050880037182e-01 4.086838632952670136e-01 4.505403274658427160e-01 4.849612357106789506e-01 5.004588697423906218e-01 4.430692733360892532e-01 4.995738326414387309e-01 4.998277644866801483e-01 4.346967428123523769e-01 3.627723356329098925e-01 4.151712258525779298e-01 2.867314536284188975e-01 3.621868499916516271e-01 4.070651585106284664e-01 3.235146398548661151e-01 3.779409030692250093e-01 3.783719730795915281e-01 4.539682013245110448e-01 4.766958338781515647e-01 4.603802961188819820e-01 4.096977197878562404e-01 4.262059701462354022e-01 4.527573571813569009e-01 4.454549384719838079e-01 4.428699750033417981e-01 4.293881533234394920e-01 4.343154223413974169e-01 4.573178509592663032e-01 4.672784404947586401e-01 4.689371514351046155e-01 4.751412852631174966e-01 4.578421812193051443e-01 5.036053435219939312e-01 5.021184161120045841e-01 5.021005183668416638e-01 5.043843373051438705e-01 4.945349686597889094e-01 4.876081947605304667e-01 4.984455925205161786e-01 4.991481385500300405e-01 4.935392718130781065e-01 4.719075999245644359e-01 4.923125675828277648e-01 4.932273685031721144e-01 5.019305340966212503e-01 4.930981851089820678e-01 4.802047968905635011e-01 4.731809084800078224e-01 4.748888053237971807e-01 5.063433246893208617e-01 4.953084132452947319e-01 5.054425489014965356e-01 5.034204029707988193e-01 4.949867694269051710e-01 4.907371489747180959e-01 4.959228078852118693e-01 5.004246083555892177e-01 4.975730592941287056e-01 5.002021612562735919e-01 5.009424623669177512e-01 4.841100355763588436e-01 4.719920657681252463e-01 4.990114824910448776e-01 5.042025191496750658e-01 4.861260792201606562e-01 4.946088777607604015e-01 5.054131505574175343e-01 5.079179053790799925e-01 4.994399187635756299e-01 4.802709358990869815e-01 5.012588933845409933e-01 4.891188686212741277e-01 4.952429926599571930e-01 4.985727788744512279e-01 4.818495621740160884e-01 4.935680839684863375e-01 4.928903128277761780e-01 4.935083065143988090e-01 4.999911359977819991e-01 4.959959732293981460e-01 5.001150055360660263e-01 4.902446761179353185e-01 4.941643136473302111e-01 5.043411557685495428e-01 5.056772078802810322e-01 5.066939720223304633e-01 5.008734367049765268e-01 4.979892422202511493e-01 4.991763765814292708e-01 4.967945408800779061e-01 5.052590459243985199e-01 5.004349426801630862e-01 5.059656828693250841e-01 5.021816036501334235e-01 5.067762361349537059e-01 5.082868759222954891e-01 5.091695393779048784e-01 4.930765615101034283e-01 4.998865396858864218e-01 5.000270917450058139e-01 4.952506018028206003e-01 5.003296124999081496e-01 4.962716048869758034e-01 5.017694664843878050e-01 4.963681213034960016e-01 5.049740947642129552e-01 5.042733433055678338e-01 5.035421829563555551e-01
3.671256822578687629e-02 8.569770283169014791e-02 2.147727026064082112e-01 3.492960309587139212e-01 3.136560571701141331e-01 1.000000000000000000e+00 4.879317873782225146e-01 4.712530239658316855e-01 5.382519738449211832e-01 4.945671690448321112e-01 5.319691903713084091e-01 5.670997491300900917e-01 5.205293832219440864e-01 5.251783446037376901e-01 5.765748020138317109e-01 5.632383646845635639e-01 5.397510260150200079e-01 4.354619609650459688e-01 4.511081968964567590e-01 3.678356230014739880e-01 4.237025990381858009e-01 4.382121284378404646e-01 4.076217811006843106e-01 4.379232622528219654e-01 4.123754041890191901e-01 4.984269615262875153e-01 5.222671462488734928e-01 5.368855007323400930e-01 4.865797700804619930e-01 4.863087060873605427e-01 5.145603856213314398e-01 5.575293190813409572e-01 5.316463103423453296e-01 5.340979665222319595e-01 5.164153843101055852e-01 5.542248026285664375e-01 5.347074225429957472e-01 5.782045500432863028e-01 5.821421675864637546e-01 5.686106612206931477e-01 5.937334819247195306e-01 5.950981026342561098e-01 5.872927420980610380e-01 5.950639573107451286e-01 5.903780442270831763e-01 5.829056348970470536e-01 5.966868521519438362e-01 5.932975771127950715e-01 5.979038808884099554e-01 5.755536262855989182e-01 5.936393752642832311e-01 5.634241517979136082e-01 5.873554136791386826e-01 5.864704016239922213e-01 5.794026745993700045e-01 5.699787181815075821e-01 5.838916038683961141e-01 5.923193309368142145e-01 5.925337796126586287e-01 5.970871987689954086e-01 6.011980866670406654e-01 5.918156432744062778e-01 5.899743514629096630e-01 5.977424940378981422e-01 5.915092941242336977e-01 5.892244852578284453e-01 6.002703936021331899e-01 5.921589894385546060e-01 5.846534114153887352e-01 5.667598312651566106e-01 5.776161759949729468e-01 5.876574311244293636e-01 5.784576942014173495e-01 5.756223046729143089e-01 5.897188964781381326e-01 5.954313591117278426e-01 5.885641444547597967e-01 5.773904882869335120e-01 5.918128597213674347e-01 5.746848429273386794e-01 5.872880152342281335e-01 5.865961433920162671e-01 5.907464959464601151e-01 5.904571404925029743e-01 5.896510197120271579e-01 5.964581995205968656e-01 5.979832586702883424e-01 5.967631514703974904e-01 6.017676083905315609e-01 5.925902799660008879e-01 5.974862460412305731e-01 6.020673354115378961e-01 6.008546460007297974e-01 6.025871139873925086e-01 5.986299338911996726e-01 5.995887543805652475e-01 5.975076384989127520e-01 5.948748693604916093e-01 6.002869480485769627e-01 6.010028781415749366e-01 6.017040993186418829e-01 6.007765462448393379e-01 5.967005185658836863e-01 6.009292842112194943e-01 6.030002636837249463e-01 5.959076653928936373e-01 6.007770199686398582e-01 5.969284375036884027e-01 5.898136103685028830e-01 6.001141429775131986e-01 5.963235392866983453e-01 5.996650458164112241e-01 5.988595091593799102e-01 6.011612488869870763e-01 5.998285786246712048e-01 5.990098993540811101e-01
5.797828544032900683e-02 1.582274267547848223e-01 2.609084019123587561e-01 4.971753879939869725e-01 4.359111925745702276e-01 4.879317873782225146e-01 1.000000000000000000e+00 7.486723444936130845e-01 6.918378347050626598e-01 6.679034520854087997e-01 6.864077354538967723e-01 7.545798688770939400e-01 7.031894227778113793e-01 6.944720730982870682e-01 8.411036040830913718e-01 8.074830148402576402e-01 7.067420184012709328e-01 5.167138450285175821e-01 5.965042099406737686e-01 3.961512895212531693e-01 4.973852971031428316e-01 5.492502032772837994e-01 5.585652784453720709e-01 5.556040416038773300e-01 5.325758728865013225e-01 6.800818496841896099e-01 6.793301119022869816e-01 7.187982407811722707e-01 6.288773567498689987e-01 6.299713788914353962e-01 6.571263924227911390e-01 7.399798686519406532e-01 7.079950371329627457e-01 6.930959053543034321e-01 6.875510967095215253e-01 7.218209507423742899e-01 6.995484228070880661e-01 7.747855109378564142e-01 7.731947679821387087e-01 7.661889660040460681e-01 7.718353479708434106e-01 7.845055311370172646e-01 7.855854635900306748e-01 7.784139181907515637e-01 7.669919373586199240e-01 7.706003712806015482e-01 7.666798984172704667e-01 7.767280075382481108e-01 7.819648089286012071e-01 7.558084328489590442e-01 7.816157535214777186e-01 7.523585215811188220e-01 7.709561497719527035e-01 7.675482747895554514e-01 7.592626945996785448e-01 7.631893999635080972e-01 7.694266163342269316e-01 7.776460997231020578e-01 7.745400064781686744e-01 7.804634726948928014e-01 7.805594127952923955e-01 7.811560408833715385e-01 7.739215269839310185e-01 7.867425347419416681e-01 7.649541465686300334e-01 7.731307692815019283e-01 7.788964443686442474e-01 7.609196747688260487e-01 7.662148385388307670e-01 7.043712580097635234e-01 7.279770257694824220e-01 7.561727487245941681e-01 7.520052468409960111e-01 7.380192216650125481e-01 7.761340881381807444e-01 7.715409967405251201e-01 7.729074506978702575e-01 7.466067529857542961e-01 7.655689782572440150e-01 7.540182400996293666e-01 7.610517998977145426e-01 7.509803640727515939e-01 7.787959396911452448e-01 7.701680868381508560e-01 7.685484573808284425e-01 7.729712589993262828e-01 7.716850188777225616e-01 7.854048012517991229e-01 7.843262919704028224e-01 7.773754826647454319e-01 7.878104605422255879e-01 7.841805674351213229e-01 7.766819537723704814e-01 7.812735730680506752e-01 7.727741906542268113e-01 7.762044612716922920e-01 7.788820822450653880e-01 7.743560058505859489e-01 7.824418269301227635e-01 7.832287352178747275e-01 7.894274934534236676e-01 7.792917996878556686e-01 7.765888420405461234e-01 7.801884101473951505e-01 7.824182423921045570e-01 7.731372533194887930e-01 7.817431654347490877e-01 7.767471883995735737e-01 7.727772013631171166e-01 7.769110973074091486e-01 7.786904405889648606e-01 7.796157209141264532e-01 7.762693854578688324e-01 7.849855173666300256e-01 7.745212200500970479e-01 7.761194920310896528e-01
4.799038786349101721e-02 1.569163355998003662e-01 2.429234702255908818e-01 4.496376503646884459e-01 4.473405248688855362e-01 4.712530239658316855e-01 7.486723444936130845e-01 1.000000000000000000e+00 6.869285755819857231e-01 6.639864138090968426e-01 6.649562928025757325e-01 7.287090842742930397e-01 7.105353007598345094e-01 6.809943748035578448e-01 8.104217561065885089e-01 8.259812445379914880e-01 6.992527030000454946e-01 5.309327341503284892e-01 5.732731677667119996e-01 4.151976199718949156e-01 4.806190102652788121e-01 5.140549655280047814e-01 5.652283328462829326e-01 5.517138609583357445e-01 5.080023819564114529e-01 6.508625745450874467e-01 6.506986797882131635e-01 7.002579137655301489e-01 6.069161482966602961e-01 6.070517325302835498e-01 6.246518522043186250e-01 7.402773421840630474e-01 7.072332834674515123e-01 6.898726581718634954e-01 6.769658215870560936e-01 7.096709010162196574e-01 6.905528928890387608e-01 7.772274244972370294e-01 7.646532953325486659e-01 7.602236424313012497e-01 7.559639980772446810e-01 7.815441354508615435e-01 7.863017555609455034e-01 7.618636665855533785e-01 7.525737680338225877e-01 7.629686763751067913e-01 7.648829752993635545e-01 7.749638650003332074e-01 7.768977165264340234e-01 7.443454805148634890e-01 7.861152964635294005e-01 7.479939767145777907e-01 7.638595880545019368e-01 7.620560210150881808e-01 7.517765138102623368e-01 7.600992830584947235e-01 7.557270466128752640e-01 7.777357464175973512e-01 7.787777060031958465e-01 7.772594924921801818e-01 7.842875086090762560e-01 7.820664331060406260e-01 7.765542618088597804e-01 7.866694529336392128e-01 7.578099056687170876e-01 7.693120004745261920e-01 7.772717334952363721e-01 7.591663249644529099e-01 7.676675203163734196e-01 7.096530176261806044e-01 7.164968630773101976e-01 7.447317225334209034e-01 7.551209387305014564e-01 7.301976749537534284e-01 7.664444473631957244e-01 7.616331688468149785e-01 7.587395309193043502e-01 7.356299448783216732e-01 7.589239817966176860e-01 7.405300433492295609e-01 7.569611380067025053e-01 7.378894247510316973e-01 7.773270449860356646e-01 7.671843158809518171e-01 7.691632812745077263e-01 7.705437655243179140e-01 7.672667824199916886e-01 7.900241791046122009e-01 7.846754596936452719e-01 7.745363298683732856e-01 7.861115863158286698e-01 7.816608307475844120e-01 7.702235830968887642e-01 7.764175173892772230e-01 7.738698840696597303e-01 7.760000457717753930e-01 7.738400226509517532e-01 7.681578019733966700e-01 7.851166245527901877e-01 7.860808255489847296e-01 7.887378238157434218e-01 7.855548465893933408e-01 7.748340266774823570e-01 7.776754062439883430e-01 7.809427990393688068e-01 7.675901873327478642e-01 7.780836981236247674e-01 7.742309823846584838e-01 7.726338280052396090e-01 7.763781752815660520e-01 7.793070949555362947e-01 7.775192387059807198e-01 7.778202473439538300e-01 7.851114645758339172e-01 7.729908852680387188e-01 7.737843335721206195e-01
1.808831304313909261e-01 2.262816726735459305e-01 3.488474515342153692e-01 5.080912486452036081e-01 4.370919050880037182e-01 5.382519738449211832e-01 6.918378347050626598e-01 6.869285755819857231e-01 1.000000000000000000e+00 7.526771730272584504e-01 7.887150592267666571e-01 8.106310788151053215e-01 7.643342864442824736e-01 7.656363173736581151e-01 8.175365267313480233e-01 8.188285364870272476e-01 8.102344150411961987e-01 6.869904045887683663e-01 7.027583086112679789e-01 6.103577476480110953e-01 6.843036359878527097e-01 6.984399893740153020e-01 6.716915832032891442e-01 6.966537741754572632e-01 6.621212908082042548e-01 7.936236763327016996e-01 8.214407194006198010e-01 8.428850519530425300e-01 7.819138932848188617e-01 7.952190191385279938e-01 8.112844343175924511e-01 8.366189729545677745e-01 8.182937842402139283e-01 8.061680638587220837e-01 8.136453292981024044e-01 8.085198053828367426e-01 8.283362982228646976e-01 8.515804324606227604e-01 8.609421935939700621e-01 8.393285907343652763e-01 8.810949640078893363e-01 8.657271532596695351e-01 8.576627986635546597e-01 8.783995348190695163e-01 8.728550256005057628e-01 8.667292306737961471e-01 8.588016156997024808e-01 8.696475562682143279e-01 8.691221119720913268e-01 8.357811968404681435e-01 8.668965265848674884e-01 8.232518456063319112e-01 8.671738962449110355e-01 8.700634631466426239e-01 8.651403780546385036e-01 8.672906087994490809e-01 8.724172485329138027e-01 8.698435605817211869e-01 8.780989760163595559e-01 8.796555574710761549e-01 8.765664252374323340e-01 8.819105161428851813e-01 8.694932427255032126e-01 8.792368151611972271e-01 8.804245218282440444e-01 8.842261820186748666e-01 8.736523310560886380e-01 8.764126196817195735e-01 8.678089287461872026e-01 8.592048964375722520e-01 8.587019679112466441e-01 8.688744776274857085e-01 8.656868976779692471e-01 8.589714863053681260e-01 8.813534080020526407e-01 8.818402084988407053e-01 8.791328095564991951e-01 8.696984957319896514e-01 8.725713238201928679e-01 8.762423965008984128e-01 8.769556014687718282e-01 8.740666905110388019e-01 8.725005075381265796e-01 8.748854415527078654e-01 8.616470706391463619e-01 8.734688884594556946e-01 8.741216320096949488e-01 8.698333103047622972e-01 8.750980432669035469e-01 8.773311576006463941e-01 8.735086002598864141e-01 8.706076980093198081e-01 8.746642201424673635e-01 8.785903573906196362e-01 8.625818873741671888e-01 8.679425392730728550e-01 8.576918879696434628e-01 8.759065317553357266e-01 8.652266109437890540e-01 8.707837017759715303e-01 8.705223398707796489e-01 8.730759166328765364e-01 8.651786235129766967e-01 8.702811219559964950e-01 8.730208704753438242e-01 8.775495830350050763e-01 8.736892293466430592e-01 8.723302004772348628e-01 8.695237205369812372e-01 8.714547572361167616e-01 8.726872659005655564e-01 8.748180668512323122e-01 8.727775725388731143e-01 8.739519831895535829e-01 8.752816508590066658e-01 8.775786037162154329e-01
8.049175998615182293e-02 2.225473735704831257e-01 2.943222058422960696e-01 4.615971319902550940e-01 4.086838632952670136e-01 4.945671690448321112e-01 6.679034520854087997e-01 6.639864138090968426e-01 7.526771730272584504e-01 1.000000000000000000e+00 7.253376921672324285e-01 7.639978451503172119e-01 7.193631372546185343e-01 7.229596567394724893e-01 7.875506492745077969e-01 7.772689959276654070e-01 7.426266543207400428e-01 5.908872986858633158e-01 5.896825074752460871e-01 5.152314445366102946e-01 5.563912812772412453e-01 5.613594221590891831e-01 5.974212650345118725e-01 5.905541803100814446e-01 5.365436075746250477e-01 7.049596485653363276e-01 7.301547782831241395e-01 7.594626835592134251e-01 6.726172574078113087e-01 6.943613717598188240e-01 7.206270849794491618e-01 7.740146348270585674e-01 7.418599979900473151e-01 7.182941437627733405e-01 7.257569199545839123e-01 7.348119848224020645e-01 7.470034395724500786e-01 7.883757845285321864e-01 7.983018277345031999e-01 7.790805170006585012e-01 8.122324748959303120e-01 8.168557515317601547e-01 7.984486989770555043e-01 8.132473594366265157e-01 8.048337967676829630e-01 8.004196686661412263e-01 8.127879984549921666e-01 8.219082464828373347e-01 8.183271073821504205e-01 7.761462373070973086e-01 8.057516159809452461e-01 7.637882318046798069e-01 8.078885133542016428e-01 8.124693010397648907e-01 7.996495973431345661e-01 8.021431290707836670e-01 8.000581824032820810e-01 8.187325691164805130e-01 8.112901591478630658e-01 8.218778764327987485e-01 8.187803756633972307e-01 8.175523662902609567e-01 8.038599499826830641e-01 8.208547392740433990e-01 8.019195368499625332e-01 8.170189655406527862e-01 8.211812581030216718e-01 8.090114242068375816e-01 8.134263190819563949e-01 7.800701042779021321e-01 7.690079685921179520e-01 7.873004924888883371e-01 7.989041309214439668e-01 7.716924011004095973e-01 8.187281978793408133e-01 8.188515631557375940e-01 8.142151142631078864e-01 7.942514609021101846e-01 8.109431386681624776e-01 8.036044602476325460e-01 8.112767072153183046e-01 8.085426875531388502e-01 8.167824500025246959e-01 8.120730213689388854e-01 8.041994866032798894e-01 8.079222396700075359e-01 8.135901272063867928e-01 8.184034420824372047e-01 8.214913379812955885e-01 8.186026318258385892e-01 8.249423502980907097e-01 8.234458259984667183e-01 8.203111007523828935e-01 8.206254029742082734e-01 8.187100242991208754e-01 8.212642669122161010e-01 8.065942198988922396e-01 8.147692038052557484e-01 8.166639106393236425e-01 8.198392098163734820e-01 8.210427784696172626e-01 8.192895227054980412e-01 8.171761886281209142e-01 8.187148150717142858e-01 8.173089874537440291e-01 8.183714819237386529e-01 8.228550838220887176e-01 8.201844005436599305e-01 8.163044894802060636e-01 8.217450053062026472e-01 8.227634494728632841e-01 8.242512303442746102e-01 8.219784769784681533e-01 8.228150355772682056e-01 8.152950700045574761e-01 8.228152592255726372e-01
1.035685489291104516e-01 1.845559942193246428e-01 3.578256540551858489e-01 5.896900359049526141e-01 4.505403274658427160e-01 5.319691903713084091e-01 6.864077354538967723e-01 6.649562928025757325e-01 7.887150592267666571e-01 7.253376921672324285e-01 1.000000000000000000e+00 8.530684426668737608e-01 7.603506664664940740e-01 7.629317772478932946e-01 8.268838050638445125e-01 8.032625273501019514e-01 7.716334142069257718e-01 6.172852527363849040e-01 6.788876081986860989e-01 5.231016724883821301e-01 6.243060572193183111e-01 6.739750508856984235e-01 5.937195423777852366e-01 6.422529732065763719e-01 6.369237561959238958e-01 7.830655465010102345e-01 8.288005474813291418e-01 8.188832005464143915e-01 7.512539907500072056e-01 7.755770292354143836e-01 8.241727871761744817e-01 7.918693109914226591e-01 7.795951805875677154e-01 7.611634316985679272e-01 7.680637712284298368e-01 7.872112035062698299e-01 8.225357600804145131e-01 8.201067887979478499e-01 8.455101278795508213e-01 8.191327344535682675e-01 8.695674424300841032e-01 8.616599388848885654e-01 8.411523093912744997e-01 8.739939322260611432e-01 8.719605928751498203e-01 8.624893727684389555e-01 8.555823831285374048e-01 8.580026167795913317e-01 8.514846849420537600e-01 8.060203014153368706e-01 8.424059057746207113e-01 8.263092583409875624e-01 8.632576635877361459e-01 8.443631109162936799e-01 8.305272218019231767e-01 8.286720493748738203e-01 8.270870391765069440e-01 8.606682005324458595e-01 8.494389042614025609e-01 8.702689177780031926e-01 8.611319108821131607e-01 8.580453202998128415e-01 8.480527597641666082e-01 8.614688702256281250e-01 8.580648609760687107e-01 8.608349405711922531e-01 8.614976839738235359e-01 8.567820285343412667e-01 8.419189303167469163e-01 8.208257429434189234e-01 8.470289340703495151e-01 8.625092233146975929e-01 8.355601942441032159e-01 8.458401878026929888e-01 8.755803252793193936e-01 8.781022848545648740e-01 8.752811000955450504e-01 8.565860087570966730e-01 8.723476188897243411e-01 8.692809024301331178e-01 8.692661752850545653e-01 8.794807623126581486e-01 8.426472988748455739e-01 8.578654283913200729e-01 8.406387867159778038e-01 8.504967960997252829e-01 8.711277865026811895e-01 8.582172770447944465e-01 8.670902666018353022e-01 8.521051852559983208e-01 8.665929873760872537e-01 8.692540425247289315e-01 8.772609319822293195e-01 8.760704516535706698e-01 8.626038845060711724e-01 8.607914406053372991e-01 8.467041707759339619e-01 8.542020358163979754e-01 8.603249093464786501e-01 8.582068681643544306e-01 8.660265427713689235e-01 8.631820049414787865e-01 8.677264711636361039e-01 8.688656894186165269e-01 8.657888469697443412e-01 8.530526126233053397e-01 8.596329264214687127e-01 8.604083942346733016e-01 8.518518600615481162e-01 8.652713789335231276e-01 8.611207660306451350e-01 8.674791450549153016e-01 8.598166157188288361e-01 8.645759533938294217e-01 8.646607035234766814e-01 8.675254338010982558e-01
6.145619435985367335e-02 1.604500821180176451e-01 3.698481052346070386e-01 6.497972893922026039e-01 4.849612357106789506e-01 5.670997491300900917e-01 7.545798688770939400e-01 7.287090842742930397e-01 8.106310788151053215e-01 7.639978451503172119e-01 8.530684426668737608e-01 1.000000000000000000e+00 8.201744851641454837e-01 8.095074578618087768e-01 8.947626312812384519e-01 8.698439242879105748e-01 7.996746014082722898e-01 6.044688353960184779e-01 6.853753460105006523e-01 4.977438915482102488e-01 6.170424703765169383e-01 6.851704454159881497e-01 5.755048905550187444e-01 6.331675598687745987e-01 6.448331924090756617e-01 8.074041874769286586e-01 8.588381342128491580e-01 8.415025960730260213e-01 7.557135176985233516e-01 7.982633881784926277e-01 8.533893118958503221e-01 8.158253912012286557e-01 7.911294124768984970e-01 7.725464799803813953e-01 7.823906774993784063e-01 8.174833292878292967e-01 8.484548493900339050e-01 8.551864128632594708e-01 8.827639333905969998e-01 8.563167123289416871e-01 9.177437354944737447e-01 9.098623211235430386e-01 8.870413000180478180e-01 9.250120107351039733e-01 9.166892614755097757e-01 9.078668599723394017e-01 9.131999225469876746e-01 9.091614043470568340e-01 9.080794978906185921e-01 8.528817656532815539e-01 8.894957723446612619e-01 8.766868108445723395e-01 9.143275725957046296e-01 8.835738697342524484e-01 8.673333656353796606e-01 8.608339837630820668e-01 8.671366590688933673e-01 9.140201836377943589e-01 8.930822858588099988e-01 9.209637099729858223e-01 9.123308985991768205e-01 9.029891733757021699e-01 8.932964234494503719e-01 9.093917953297333545e-01 9.025341816282796970e-01 9.060366998240002578e-01 9.147993831864092984e-01 8.987257707417627417e-01 8.849250868773133050e-01 8.490799068211325462e-01 8.877862402104279571e-01 9.088187315719676862e-01 8.689461154508338891e-01 8.837235483989478446e-01 9.266945943224766946e-01 9.281115564668079854e-01 9.211978321868861119e-01 8.955356596640052791e-01 9.185133987908398190e-01 9.128288143538036969e-01 9.129228115091172491e-01 9.280471426163892090e-01 8.860765752725054956e-01 8.992631733523959170e-01 8.842669904564811612e-01 8.920981663244589299e-01 9.173752076641160658e-01 9.053171305082228226e-01 9.154706640598927470e-01 8.968803475937168201e-01 9.126769472939090244e-01 9.255598105684789134e-01 9.308638130511760478e-01 9.272675644566741315e-01 9.186203365695225775e-01 9.154864021704525179e-01 9.043424487704347925e-01 9.046826370100300441e-01 9.160144707860150559e-01 9.097123385605260237e-01 9.181459636566219329e-01 9.134393646942722267e-01 9.257835147714619239e-01 9.258149894959707416e-01 9.188648562912226092e-01 8.992540073227379693e-01 9.140884906143462718e-01 9.140315366414499820e-01 8.997733886431431571e-01 9.187026985866697526e-01 9.104245251467777411e-01 9.206914974830392451e-01 9.112505178185017485e-01 9.186582304495695128e-01 9.184673993287704175e-01 9.198097515503157462e-01
7.642515836667058970e-02 1.571683226927270693e-01 3.097714508452207305e-01 5.005020898780495608e-01 5.004588697423906218e-01 5.205293832219440864e-01 7.031894227778113793e-01 7.105353007598345094e-01 7.643342864442824736e-01 7.193631372546185343e-01 7.603506664664940740e-01 8.201744851641454837e-01 1.000000000000000000e+00 7.535610122639143649e-01 8.455180440291399924e-01 8.348914015945317901e-01 7.530860925949955931e-01 5.956867990582065397e-01 6.443721989526023375e-01 4.819155806993527524e-01 5.782185545230194013e-01 6.224745688180025605e-01 5.770808193766793215e-01 6.155563090774095469e-01 5.842729703315188150e-01 7.140839272944782268e-01 7.590447761431069473e-01 7.551298579000191857e-01 6.809461166770131024e-01 7.079535748667868944e-01 7.387388154662493100e-01 7.869013002317067906e-01 7.578356319810566344e-01 7.466854770676161213e-01 7.449478471178648809e-01 7.755894387716785188e-01 7.784730631770753195e-01 8.105411081343254498e-01 8.279269794477620570e-01 7.992027023587823242e-01 8.505165879450897748e-01 8.480031369181416645e-01 8.394817278413703177e-01 8.532906482102499135e-01 8.406600746020397308e-01 8.291296741467740761e-01 8.479995487724372172e-01 8.569060687268116316e-01 8.555476342363854680e-01 8.138164015436564203e-01 8.446768003640061639e-01 8.259483682525455839e-01 8.507874333562384095e-01 8.408530081925333910e-01 8.236169725950462928e-01 8.208348534600233837e-01 8.213663705297709061e-01 8.559038648605620248e-01 8.410837284541664571e-01 8.611756320342478510e-01 8.630355699972822592e-01 8.472417442497438556e-01 8.362992253667603793e-01 8.553251569914894770e-01 8.463240139354807345e-01 8.457648133809045898e-01 8.603902807114083284e-01 8.479951989687636305e-01 8.412807586703590079e-01 8.009332603996029976e-01 8.248506721524940799e-01 8.446808425846572543e-01 8.311166781556197369e-01 8.243673164168799916e-01 8.515597388464686279e-01 8.555221500481560160e-01 8.430278739375081098e-01 8.243696656789347710e-01 8.454225255719151066e-01 8.349743206105761928e-01 8.455079840301238381e-01 8.445260403773469093e-01 8.439050262523570822e-01 8.496880049616267749e-01 8.476398226337014119e-01 8.483403539494607237e-01 8.566333463530296788e-01 8.574499086337943332e-01 8.618997515059729775e-01 8.491352212694773804e-01 8.556300157187811672e-01 8.650759039571844777e-01 8.636276494945107629e-01 8.635255611446754909e-01 8.617241875404250129e-01 8.619283366927119605e-01 8.572054788382592605e-01 8.545426704335619128e-01 8.677961944453858045e-01 8.626907367559317752e-01 8.679329399782425014e-01 8.638114265951588600e-01 8.655013600810040897e-01 8.678633382120726214e-01 8.689550981336251478e-01 8.512447883984878283e-01 8.614947137675642574e-01 8.601966000553851188e-01 8.510414951646574355e-01 8.602613800353330342e-01 8.559401868180147588e-01 8.630476025689519659e-01 8.573985644180025512e-01 8.665190987803053080e-01 8.605695385231618699e-01 8.622573792445318297e-01
