1.000000000000000000e+00 1.737077232303983199e-01 8.975855309775844504e-02 1.152366113677349424e-01 1.199984770407049040e-01 3.465299703526235342e-02 1.293963811408303799e-01 1.604509327265055130e-01 2.061079969918847843e-01 9.012474316714133571e-02 6.273609447156006103e-02 8.835523583861816521e-02 1.155947564145619194e-01 4.214621648307063234e-02 9.105245652256674371e-02 1.049902965432094604e-01 1.430304518102793743e-01 1.877140706434720363e-01 1.284371213649004584e-01 1.497702601020184099e-01 1.776733646760710050e-01 1.656308199564364703e-01 1.210184598760027097e-01 1.437424764637661723e-01 1.585305932991887268e-01 1.292102568897344761e-01 1.465003263017909396e-01 1.536134507899436508e-01 1.869015374421551801e-01 1.416858498899435381e-01 1.093221060111487508e-01 6.041727946913653252e-02 1.169734615260638322e-01 6.856843443254377612e-02 1.094393981051632742e-01 2.811705638288672718e-02 8.977706676037139344e-02 7.058074861325541738e-02 6.160631950234408960e-02 2.708768929453415214e-02 5.815023153083733604e-02 4.046052032895341988e-02 2.566132992468287896e-02 6.100010676428539724e-02 4.719322181887736223e-02 6.226411199071674868e-02 2.030433638705719454e-02 3.554366624354567128e-02 6.276178374028142104e-02 5.946730838074833214e-02 3.747064447923019459e-02 8.535566200311339724e-02 4.629837789626781164e-02 5.325689724252487961e-02 6.937405980657165849e-02 4.811684004820000055e-02 1.127750073171465833e-01 3.091602217509416620e-02 3.961450089396893748e-02 8.487708793578484234e-02 3.579906109725462804e-02 4.831993774428791633e-02 4.529863448785511476e-02 5.378075704263041851e-02 8.896618176298533298e-02 9.285202958781715865e-02 3.405403875421565002e-02 4.035401831244382620e-02 4.522799336319662661e-02 5.481898470149154656e-02 6.321653328936080452e-02 4.978474207384149530e-02 4.237643066562826744e-02 6.932512846013268171e-02 4.189221057580223839e-02 5.354785612860504806e-02 7.151533810528490354e-02 7.890386520128682413e-02 6.452844076598131251e-02 6.037579730657538502e-02 6.776650788239120538e-02 3.980938060120736005e-02 5.573547860514106028e-02 6.132764807153942566e-02 3.004127513317236819e-02 2.444399917290340785e-02 2.767179019317487360e-02 1.877118131303824600e-02 2.749320104559405120e-02 3.871921122587610592e-02 1.770324522350349636e-02 2.254915012000047528e-02 6.118415615815663532e-03 3.260942175878483312e-02 1.171163970017784044e-02 1.539341677560221791e-02 9.147320531777670960e-03 6.021951770973837936e-02 5.773335291397025532e-03 1.444808955275459286e-02 6.611203960440950470e-04 2.307007359040945740e-02 2.252598911482203356e-02 2.361390207919209644e-02 3.202408363960536353e-02 5.185759842609815456e-02 3.294909170116312735e-02 2.401927450765204905e-02 2.954520276537351414e-02 2.036972188483635732e-02 1.198507463013591401e-02 3.700481861090861718e-02 1.997124179748476988e-02 2.866357733900708540e-02 5.357592450008942520e-02 5.803115193454117665e-02
1.737077232303983199e-01 1.000000000000000000e+00 7.407917181738138401e-02 1.235838755995884580e-01 1.298755680161381709e-01 1.038604613451924730e-01 1.582530454445170431e-01 1.982758936825983198e-01 1.647998169683939085e-01 2.112252090092696377e-01 1.432549211052631388e-01 1.805093616535196621e-01 1.890525438826345661e-01 1.543069071599206810e-01 1.971827381786410704e-01 1.932517802380949445e-01 1.627746688794577401e-01 1.747599697058142554e-01 1.754852662203461033e-01 1.882756287447319710e-01 1.477526273284627822e-01 1.612525100653457166e-01 1.983607071506889308e-01 2.005985768823968229e-01 1.763718584100341935e-01 2.154739168015761819e-01 2.006475500525557454e-01 1.934824365206427310e-01 2.245306929657970574e-01 1.968638736786312016e-01 2.006225684838405798e-01 1.988363147305425849e-01 1.926401588112226226e-01 2.018438486575893365e-01 1.970459831672370654e-01 1.639211427384885400e-01 1.898209254367067000e-01 2.020131267657201413e-01 1.950010638208985458e-01 1.710280724846089950e-01 1.739892573166925971e-01 1.745211070393343222e-01 1.703174279813254588e-01 1.910973346557326980e-01 1.861691744591486841e-01 1.882254740633643730e-01 1.585671440220126072e-01 1.618332357355727891e-01 1.725668114818476873e-01 1.810746025607154752e-01 1.839299786322868557e-01 1.534101267829219295e-01 1.823527900223181064e-01 1.612376816345202080e-01 1.727602327119067971e-01 1.842647175416540217e-01 1.689165728974229008e-01 1.590293547229692794e-01 1.646280542337456299e-01 1.742529548363505876e-01 1.756246302213571864e-01 1.650951776922388314e-01 1.606319805726099392e-01 1.718465776612839446e-01 1.586168605722902414e-01 1.689092163010945669e-01 1.585019695534994610e-01 1.752166407999907194e-01 1.904844597789648042e-01 1.964312308861908551e-01 1.731433343198840180e-01 1.696684269664779920e-01 1.910023334415146545e-01 1.807695428966467621e-01 1.762320993213721265e-01 1.661139104820124612e-01 1.735365854328681234e-01 1.879492805209477535e-01 1.869588782853468245e-01 1.859541641255676725e-01 1.789838043447391780e-01 1.736830178832172444e-01 1.740418764128800755e-01 1.813634673707060219e-01 1.788789900239004249e-01 1.783532329968134655e-01 1.788715532100154382e-01 1.706414698241727756e-01 1.766246533102676930e-01 1.708901463449884750e-01 1.728796574921789841e-01 1.623825651040886053e-01 1.648439561191689384e-01 1.735576221221696303e-01 1.587413205656746928e-01 1.582768635568357340e-01 1.572093078697753832e-01 1.679069656173710068e-01 1.543856325481276492e-01 1.607391793237008815e-01 1.581316677642868596e-01 1.602886483222913938e-01 1.680348410729614883e-01 1.623714165486735972e-01 1.601508654611201177e-01 1.534238127784639805e-01 1.604110156107748930e-01 1.647028391480994947e-01 1.620192428768812976e-01 1.588040919691986741e-01 1.490767532111503813e-01 1.634329165246659610e-01 1.549686145725664987e-01 1.645338211217245994e-01 1.583099299570303875e-01 1.676265546544930540e-01
8.975855309775844504e-02 7.407917181738138401e-02 1.000000000000000000e+00 3.393466094623160401e-01 2.116451721686252174e-01 2.273528727553294215e-01 3.265845909138028746e-01 2.915387018018712473e-01 3.536350223846403407e-01 3.196526320102068830e-01 3.699794187359567443e-01 3.800916043184904280e-01 3.398976408740669308e-01 2.985891671512897472e-01 3.664968753450532080e-01 3.670505861840991924e-01 3.666548383439094394e-01 3.613154085575395746e-01 3.823574693066106311e-01 3.139382402229959901e-01 3.565325769800163358e-01 3.958800903587868514e-01 3.542878315783664633e-01 3.547963907948509799e-01 3.714440556096707535e-01 3.691623159466697057e-01 3.840697943776641976e-01 3.688700370716727073e-01 3.663613530666016138e-01 3.956930173079654667e-01 3.964470214277108773e-01 3.621815244585794291e-01 3.467466596658000944e-01 3.618838046772977490e-01 3.723306103735302686e-01 3.418118420864517670e-01 3.644999808448165513e-01 3.608536681112707867e-01 3.735939330235510947e-01 3.428252689161147559e-01 3.781755307268677702e-01 3.771200970692808463e-01 3.504500839696339520e-01 3.741725092680133202e-01 3.691575815848852637e-01 3.705003607508217112e-01 3.730944692164241405e-01 3.724267953161320421e-01 3.705045889063551257e-01 3.474656717160957697e-01 3.593385691911946123e-01 3.645835355457917593e-01 3.682464487306061907e-01 3.739871700841749802e-01 3.598762821793299316e-01 3.665701819857105082e-01 3.637775168280294458e-01 3.737346301607673005e-01 3.647756076755063748e-01 3.828875660803908731e-01 3.737142501004335760e-01 3.691884170859323633e-01 3.592027602990291446e-01 3.663456367392649571e-01 3.741969073145905433e-01 3.744579539932965107e-01 3.801143932547577653e-01 3.801629488691314895e-01 3.761659727523822827e-01 3.709595663615843919e-01 3.874244253215033407e-01 3.868067495243884268e-01 3.778162015342275137e-01 3.939076971378219216e-01 3.799756703147036396e-01 3.836185595588322284e-01 3.812387535050397180e-01 3.832461280854835284e-01 3.830834396663702068e-01 3.832716864629302500e-01 3.896439891302161951e-01 3.883055956947768506e-01 3.781599606466679031e-01 3.745435569063981784e-01 3.678009310738067916e-01 3.748153637592965826e-01 3.744734985034338659e-01 3.728358855843033615e-01 3.701752855709137258e-01 3.710710699189400663e-01 3.716515599608117837e-01 3.754918950404163014e-01 3.743365671598823941e-01 3.759472881408766343e-01 3.712954615253614143e-01 3.710694185547485646e-01 3.576292072694872703e-01 3.713747671302408682e-01 3.672474218548401614e-01 3.695459738644628622e-01 3.658969322548581982e-01 3.667359460264915105e-01 3.718723663924243250e-01 3.727691689357886529e-01 3.767100825331812231e-01 3.649087432812824217e-01 3.718849206126875195e-01 3.717725145150047594e-01 3.702498449962546845e-01 3.748937046796194106e-01 3.679427842747796662e-01 3.765215304498507609e-01 3.698703329600340206e-01 3.712756289941933630e-01 3.781277035891692506e-01 3.763579789535896891e-01
1.152366113677349424e-01 1.235838755995884580e-01 3.393466094623160401e-01 1.000000000000000000e+00 3.674087725874066734e-01 3.829552156952842901e-01 5.863674560170274441e-01 5.452186495424539148e-01 5.868702982869046236e-01 5.279254058093911794e-01 6.025975790805511156e-01 6.546774080856310185e-01 5.511459993199031571e-01 4.844119563394369554e-01 6.329763475244186699e-01 6.297137720874569355e-01 5.854524287112817804e-01 6.083275697566482565e-01 6.130022201687349570e-01 5.772274257793392760e-01 6.023801494003907520e-01 6.377448662249218803e-01 5.996926776622323318e-01 5.960475874448040168e-01 6.071669725712224297e-01 6.500098192874725900e-01 6.438099345729557665e-01 6.427207802999381769e-01 6.239157182345623776e-01 6.546999918229640114e-01 6.523353587916940199e-01 6.243267310317686114e-01 6.190677012958766268e-01 6.176952813932482522e-01 6.185422048850779397e-01 6.118426228926585608e-01 6.187646073191375162e-01 6.388513738705106082e-01 6.400744558020584618e-01 6.263568727736180675e-01 6.475307441586003465e-01 6.369991158777268403e-01 6.344853991151188088e-01 6.392112475974560670e-01 6.343038215846550365e-01 6.385628381361336814e-01 6.157537976813919345e-01 6.152306595619482232e-01 6.139929623667488290e-01 6.197639114446529263e-01 6.329099208034936197e-01 6.129627392501739713e-01 6.142044820744347877e-01 6.126668254778816491e-01 6.173805194897079573e-01 6.316259329458884242e-01 6.157939179110707428e-01 6.236145227312753780e-01 6.111613390528669587e-01 6.334757891625265591e-01 6.236778618042843059e-01 6.202051789723352915e-01 6.194525975517294336e-01 6.198782596733612982e-01 6.133369151008987163e-01 6.219904135248696120e-01 6.189999453208195890e-01 6.282671232535984585e-01 6.261769562120694799e-01 6.350137832713484975e-01 6.395257945212549089e-01 6.294492323262863565e-01 6.204319565619902388e-01 6.374426929767226246e-01 6.308028271598519199e-01 6.343800176923969358e-01 6.409897288333896714e-01 6.295455096834345898e-01 6.354464252991836037e-01 6.288754096323956322e-01 6.300512642514513040e-01 6.301601149680550185e-01 6.320906293461996395e-01 6.249212366066740909e-01 6.224213298175306219e-01 6.221992066407640021e-01 6.194554939914586056e-01 6.252467177193796743e-01 6.252953091185564638e-01 6.298414016088728085e-01 6.297973316583371783e-01 6.288723411296559540e-01 6.181840102789852853e-01 6.287038977398137218e-01 6.112000102090225928e-01 6.095215906719622101e-01 6.182193033103507984e-01 6.210752996738618803e-01 6.098642956633145706e-01 6.225567008546024628e-01 6.202272172779035309e-01 6.169714672275131706e-01 6.094653376308565296e-01 6.264734231894660832e-01 6.269048636910838912e-01 6.129497732772406504e-01 6.151647769702288659e-01 6.152880790240575770e-01 6.227817732018843255e-01 6.137970135467466504e-01 6.161415926506043084e-01 6.190107909015567511e-01 6.155077526224035367e-01 6.189733038939122522e-01 6.185573927288066098e-01 6.175246139758068242e-01
1.199984770407049040e-01 1.298755680161381709e-01 2.116451721686252174e-01 3.674087725874066734e-01 1.000000000000000000e+00 3.077813406788474371e-01 4.686155567095654506e-01 4.805666788979655601e-01 4.406439825019987655e-01 4.100339577230052712e-01 4.626223177056465463e-01 4.970366643630932946e-01 4.992794252883659412e-01 3.708805605249893000e-01 5.250498985354907777e-01 5.103385598854301985e-01 4.520714691033817512e-01 4.659814713823992594e-01 4.690113182321739571e-01 4.651167834529713052e-01 4.489222024073598050e-01 4.812446120972525554e-01 4.746152087234260519e-01 4.614306146676612763e-01 4.640175186270307783e-01 5.107522114146100245e-01 4.961487646491512526e-01 4.871805129114546995e-01 4.686886108037232601e-01 4.814451902294652474e-01 5.045157310020053076e-01 4.937424806179364078e-01 4.740102507283912026e-01 4.912161689478737325e-01 4.859920363623633222e-01 4.774517131995793529e-01 4.911182737697622480e-01 5.004770961108350180e-01 5.049103389388905905e-01 4.846213739766039863e-01 4.907503200358761530e-01 4.974791815951380425e-01 5.006379157555638226e-01 5.069977091231884225e-01 4.971573394459812278e-01 5.074261830730308898e-01 4.871643955683448990e-01 4.829144584181889743e-01 4.906533410953058949e-01 4.794932304720581073e-01 4.946798095523973759e-01 4.762911127593540406e-01 4.944841842411676347e-01 4.831100639861162782e-01 4.881509735033027209e-01 4.910170714473905962e-01 4.868896749451678274e-01 4.942347763291480289e-01 4.841852658411784915e-01 5.087249838436711524e-01 4.992736402346768521e-01 4.925258013586342187e-01 4.870771562260650112e-01 5.011636638964520607e-01 4.830546702576532514e-01 4.985348850237604212e-01 4.810763629896388505e-01 4.948246457508559959e-01 4.968113154593758463e-01 5.119787995677688164e-01 4.999118591848650817e-01 4.911256430009897644e-01 4.948094901725027528e-01 4.969080101858540655e-01 4.954094616782833693e-01 4.892626430024678563e-01 4.889842868919163088e-01 4.812325850482633838e-01 4.898718610143245611e-01 4.903307181804190673e-01 4.922427004804865169e-01 4.916253090830247086e-01 4.965059537297783487e-01 4.888725101076531465e-01 4.844422880111504126e-01 4.885552558215793262e-01 4.905372913517085376e-01 4.909968500739466113e-01 4.951094073171506404e-01 4.913626610976826736e-01 4.895645188423393135e-01 4.888378368618376268e-01 4.846690540835116856e-01 4.949930238927019999e-01 4.805137968401074766e-01 4.783238849782922575e-01 4.785006773217421738e-01 4.871622439599787580e-01 4.830813434452118638e-01 4.841530842443071969e-01 4.879103402194318040e-01 4.841764608257360103e-01 4.861760718533028047e-01 4.951878123484690364e-01 4.894655385232683509e-01 4.795914681347382968e-01 4.849293449463806249e-01 4.873391997948788301e-01 4.892952547539282104e-01 4.858636496404301064e-01 4.797730284902529396e-01 4.935155420323984465e-01 4.851223981334932822e-01 4.911905109527033853e-01 4.859063791649843034e-01 4.914682169993316307e-01
3.465299703526235342e-02 1.038604613451924730e-01 2.273528727553294215e-01 3.829552156952842901e-01 3.077813406788474371e-01 1.000000000000000000e+00 5.151833631143206693e-01 4.762147475670586716e-01 5.338645195023372647e-01 5.028926254599358492e-01 5.468360184944576208e-01 5.716332005067268351e-01 5.009013272968735331e-01 4.430353428565651508e-01 5.863281128648055729e-01 5.738458420029169949e-01 5.440278146595507458e-01 4.899169326396018431e-01 5.238503224264505764e-01 4.477903990261706269e-01 4.387649711528691099e-01 5.334807607596659951e-01 4.980151371984442021e-01 4.595364801567894397e-01 4.884883139373417116e-01 5.665667340034655775e-01 5.665319025421804433e-01 5.634724980841130382e-01 5.316374886735657501e-01 5.565849403326549316e-01 5.831300645254109405e-01 5.718386596406304090e-01 5.505965636308213229e-01 5.564776413595651228e-01 5.575683541307153712e-01 5.423808117181396771e-01 5.826993436301698415e-01 5.911888627641502802e-01 5.961204823365324756e-01 5.671799778792325775e-01 6.007206367767921051e-01 5.973216146095811085e-01 5.873422595036046356e-01 6.043946177523263907e-01 5.869811284418993136e-01 5.998509850689076606e-01 6.052207805275847674e-01 6.059627062487821236e-01 5.964822407861531950e-01 5.680633269136541319e-01 5.942361904753377111e-01 5.635717184312121208e-01 5.865994785115244969e-01 6.023624121752617633e-01 5.863780721774360938e-01 5.878840378080841811e-01 5.857706435784721943e-01 6.057328750311919974e-01 6.009302934977529542e-01 6.026096014500981202e-01 6.006298710625344039e-01 6.048233985713753480e-01 5.962389186085638171e-01 5.993874477828439185e-01 5.930693360731700281e-01 5.991338193793093181e-01 6.044379638998191862e-01 5.991590498917546137e-01 5.920308947907180208e-01 5.880054228424020923e-01 5.932962697916884798e-01 5.979462874139355177e-01 5.817838179302597945e-01 5.838103255054746255e-01 6.059981047159410661e-01 6.054823014818599969e-01 6.037757568506062489e-01 5.952048115373176351e-01 5.992814673403739079e-01 6.000210384158244370e-01 6.003189992482707016e-01 6.019796975246327619e-01 5.972286739445830106e-01 6.023432169572500161e-01 5.984597953176242768e-01 5.965629312415231533e-01 5.997175664337517365e-01 6.055584712627440913e-01 6.073803539947667529e-01 6.010613990322393185e-01 6.044952457469239260e-01 6.096672675686589660e-01 6.027467548348504067e-01 6.077378859674017475e-01 6.060324382859569869e-01 6.059952964349036852e-01 6.029008846084699114e-01 5.981680983718172806e-01 6.054158077114460967e-01 6.082241457959575159e-01 6.053684914507839743e-01 6.052249376126241920e-01 6.021149930309760423e-01 6.092306625505874429e-01 6.014692763883644488e-01 6.008276085135475508e-01 6.059966049220788520e-01 6.061902121065085858e-01 6.063585393188920536e-01 6.070223587115012309e-01 6.070841656879640835e-01 6.073139453766114304e-01 6.080093128345067655e-01 6.055533765648396516e-01 6.029649984551990194e-01 6.044146549496646204e-01
1.293963811408303799e-01 1.582530454445170431e-01 3.265845909138028746e-01 5.863674560170274441e-01 4.686155567095654506e-01 5.151833631143206693e-01 1.000000000000000000e+00 7.409610561601743806e-01 7.071609249397995400e-01 6.717409243471071933e-01 7.367154928899387611e-01 8.054857240896629023e-01 7.249421219139662309e-01 6.450863137011226822e-01 8.395219571993508545e-01 8.185266588641357810e-01 7.269297858707020055e-01 7.506264173169542309e-01 7.408232540261712185e-01 7.470259989123806399e-01 6.867370678514946869e-01 7.495679720846978311e-01 7.522741039750454606e-01 7.232667894707369705e-01 7.158099767413568237e-01 8.212461899032517110e-01 7.951120460033911375e-01 8.008434585732980837e-01 7.701052599866393678e-01 7.869865576535531870e-01 8.010239705096443563e-01 8.064360813658909555e-01 7.787295467493241530e-01 7.890313889304568784e-01 7.739464878108722745e-01 7.591283749357986554e-01 7.844693676148045691e-01 8.262832939484654471e-01 8.197362645590062780e-01 7.992505909184732804e-01 8.162206002637957258e-01 8.104555324215797496e-01 8.130493093056307963e-01 8.194337915319348520e-01 7.955331939206161662e-01 8.187344074734241861e-01 7.911795818369886657e-01 7.919504622445360242e-01 7.997939539653687868e-01 7.929705389266936688e-01 8.140770857954767736e-01 7.703541372235623852e-01 7.895076379378728193e-01 7.927258325961152874e-01 8.081100009686313923e-01 8.051121161318048891e-01 7.994676509688687371e-01 7.959180581021534362e-01 7.996281036831456301e-01 8.062871639691707726e-01 8.064782952153322082e-01 8.038809255836362189e-01 8.060151963123193264e-01 8.036682260704559599e-01 7.802483448809915956e-01 7.955847022480957431e-01 7.897746220161356856e-01 8.046065882086109733e-01 8.114202492450969251e-01 8.239803684553456131e-01 7.993419764753151302e-01 7.879444317606123516e-01 8.033088174711860985e-01 7.942090610285705843e-01 8.054543441672330495e-01 8.001488452720153521e-01 8.118553569357601640e-01 7.909070932920171382e-01 8.057258838522870503e-01 7.956625301706675701e-01 7.979460730198114637e-01 7.919842073032414831e-01 8.049754940084052901e-01 8.009343846279338708e-01 8.054092913974885137e-01 7.984745419375278708e-01 7.897353309961235857e-01 8.077016066511101267e-01 8.071576191585378979e-01 8.078176789250823830e-01 8.046269713182155892e-01 8.033853814331995968e-01 7.851405624019514029e-01 8.064432528548302059e-01 7.846913259590158063e-01 7.836647123889495248e-01 7.990289843973036321e-01 7.996870978975378907e-01 7.918621742648509487e-01 8.010135984564721312e-01 7.978547625571275059e-01 7.986925368394143243e-01 7.882643335568606524e-01 8.050010828860617584e-01 7.989079791359520177e-01 7.940746682200560125e-01 7.961874827727616344e-01 7.921167462922911184e-01 8.034646127253306513e-01 7.906367703441953276e-01 7.946966598496871814e-01 7.953072739211575204e-01 7.956191600669509922e-01 7.985518573628413996e-01 7.868722157594356670e-01 7.917436643172115485e-01
1.604509327265055130e-01 1.982758936825983198e-01 2.915387018018712473e-01 5.452186495424539148e-01 4.805666788979655601e-01 4.762147475670586716e-01 7.409610561601743806e-01 1.000000000000000000e+00 6.619554656198736176e-01 6.453686207685013221e-01 6.906622867685868750e-01 7.678313101160434417e-01 7.128065380666394057e-01 5.911677498822450749e-01 7.988941533380059523e-01 8.065998084072734109e-01 6.840746973211564441e-01 7.065851265407975257e-01 6.938996378353262662e-01 7.012685871663587589e-01 6.462113757458585184e-01 6.912599531622272142e-01 7.111093497113943895e-01 6.799858486157611681e-01 6.728094200642579237e-01 7.827454301417214877e-01 7.681712681711269086e-01 7.547394968688185823e-01 7.260828197907038817e-01 7.373887572575672511e-01 7.576490139662926948e-01 7.746790996755169578e-01 7.587408871385343812e-01 7.621303228203806235e-01 7.398205234738257641e-01 7.278403975857868913e-01 7.421226569921274274e-01 7.952255495804509966e-01 7.868093514514150622e-01 7.668619275089926246e-01 7.598243101096950891e-01 7.661113423706445991e-01 7.709159196281170079e-01 7.820446431876035831e-01 7.589285171164028565e-01 7.761937321572238702e-01 7.490408484792135946e-01 7.454773349218273282e-01 7.705598927568734213e-01 7.798082350022718101e-01 7.849570254658430057e-01 7.390232793451747551e-01 7.678940363864255048e-01 7.466732551391042083e-01 7.778702313422680703e-01 7.796228353547924872e-01 7.780483307510545066e-01 7.590709642298404392e-01 7.674772291129516866e-01 7.665066654619500097e-01 7.752335647540835595e-01 7.668644807635135452e-01 7.731124497516606020e-01 7.682883157559141640e-01 7.331949253115701559e-01 7.538410983287874290e-01 7.390560481529687697e-01 7.576336732756100423e-01 7.656895645445170873e-01 7.781652063706648859e-01 7.536527915106512321e-01 7.426822398199087738e-01 7.533383142899282570e-01 7.467062175926063583e-01 7.596960581397266266e-01 7.497992836401130567e-01 7.580365889136385649e-01 7.438795037870514770e-01 7.597062635518012641e-01 7.517725663127980962e-01 7.556480746710975138e-01 7.446734979004283606e-01 7.683740072180728076e-01 7.552056898319798872e-01 7.710489964928334272e-01 7.565430179376452235e-01 7.499248288437132537e-01 7.623233585554884950e-01 7.656734575178285596e-01 7.677026781604565642e-01 7.617030612739219553e-01 7.533993488421415474e-01 7.431652955128329463e-01 7.612013613585764116e-01 7.382772456164783392e-01 7.363855557037426447e-01 7.703681790469166790e-01 7.686042245939467277e-01 7.504601249114933870e-01 7.591538697971994543e-01 7.499830346283664628e-01 7.602078655998485424e-01 7.497510125260561376e-01 7.605967798218461473e-01 7.585371571576259297e-01 7.607816352360837753e-01 7.548010624413257208e-01 7.446270417433674682e-01 7.590832298986792681e-01 7.425772640449390671e-01 7.489473705700930850e-01 7.496584124375346159e-01 7.533312799847363683e-01 7.579767197320994576e-01 7.385203707758496439e-01 7.514908816680612169e-01
2.061079969918847843e-01 1.647998169683939085e-01 3.536350223846403407e-01 5.868702982869046236e-01 4.406439825019987655e-01 5.338645195023372647e-01 7.071609249397995400e-01 6.619554656198736176e-01 1.000000000000000000e+00 7.299197712834099017e-01 7.826999038637638684e-01 8.171451393668158758e-01 7.355607942368470598e-01 6.366961723881423563e-01 8.189482977435774691e-01 8.199395984845756491e-01 8.076414220429045665e-01 7.481328212762609065e-01 7.743478664388935284e-01 6.613301820328233438e-01 6.767504680439609954e-01 8.219013657607383561e-01 7.274403384679418716e-01 6.997056842071825988e-01 7.415949575498985702e-01 8.113746386897360274e-01 8.230286510169882996e-01 8.267526999245495833e-01 8.119983709363426394e-01 8.415383586649252123e-01 8.431423195106396706e-01 8.013265889805440967e-01 7.792798732068841883e-01 7.876491166915492448e-01 8.201112693623440197e-01 7.399606795476386667e-01 8.292348748929068147e-01 8.161907280849510782e-01 8.246238145737224690e-01 7.507811499374882347e-01 8.372525513713031664e-01 8.190309653220422259e-01 7.933192635900164769e-01 8.380074648190436459e-01 8.045569684233213614e-01 8.362946263694763793e-01 8.347252218137944935e-01 8.512476323726528848e-01 8.421986340476630417e-01 7.802597723854627354e-01 8.161672419156771330e-01 7.929488949478453730e-01 8.148122763945647717e-01 8.580027404120874612e-01 8.384513278741902997e-01 8.179342672934654113e-01 8.450883693603843394e-01 8.374143533458988653e-01 8.376491879536918095e-01 8.672605424678743180e-01 8.310493385983876991e-01 8.484035495539952176e-01 8.325970439794840861e-01 8.374582490225130904e-01 8.639332273080027047e-01 8.658540757748300898e-01 8.480581201483963216e-01 8.400811783397539312e-01 8.340725397098611715e-01 8.222553785948922833e-01 8.454723214481493221e-01 8.478538668147990176e-01 8.179827887384237828e-01 8.338544211473881695e-01 8.454923448723095092e-01 8.526162001952213298e-01 8.543611393394860976e-01 8.525929577780824165e-01 8.471037876216325202e-01 8.507248324345850765e-01 8.443783479509919809e-01 8.471285876990408692e-01 8.407289304468876789e-01 8.507346433040638978e-01 8.213764381442797413e-01 8.291444500593054823e-01 8.288245359710989524e-01 8.329617129326661873e-01 8.316246032629150964e-01 8.397300378634220408e-01 8.159482887540161489e-01 8.390214225304886142e-01 8.240072767035049317e-01 8.403131766255425017e-01 8.385608697803247358e-01 8.420974825984013368e-01 8.015092081951478153e-01 8.334343664081264036e-01 8.269769547967271706e-01 8.297718842869772349e-01 8.227170423521988907e-01 8.362253980737532899e-01 8.326971935098621547e-01 8.385411108492194510e-01 8.323274951234999053e-01 8.414410167376510374e-01 8.437020770098901945e-01 8.442976966430280061e-01 8.448499653306283941e-01 8.437751265809689816e-01 8.383301352219935110e-01 8.520014585269549690e-01 8.413641500660041794e-01 8.417147464079176578e-01 8.569928250724974106e-01 8.552517994886205122e-01
9.012474316714133571e-02 2.112252090092696377e-01 3.196526320102068830e-01 5.279254058093911794e-01 4.100339577230052712e-01 5.028926254599358492e-01 6.717409243471071933e-01 6.453686207685013221e-01 7.299197712834099017e-01 1.000000000000000000e+00 7.585918505307192028e-01 7.767390888345241384e-01 7.036436295634231897e-01 6.300895701616848754e-01 7.966600704102962949e-01 7.855774839275427857e-01 7.392280174354701749e-01 6.938661457390938869e-01 7.353211492051474618e-01 6.189550926842407597e-01 6.179351276134756876e-01 7.430825992615425202e-01 7.103847411471420070e-01 6.786088187782524095e-01 7.059473695044409247e-01 7.881021917986387182e-01 7.804359455486876707e-01 7.837098720787344375e-01 7.718573113962506893e-01 7.999868863070052072e-01 8.174200487362749401e-01 7.981136494414711180e-01 7.636799372827499655e-01 7.846792080328088836e-01 7.997464362256426762e-01 7.327145129387717670e-01 7.970192398215936169e-01 8.012041433077344843e-01 8.151311825484869322e-01 7.563179710345089291e-01 8.119496994799435541e-01 8.064078794924895988e-01 7.803135497450889302e-01 8.149649986161584536e-01 7.958794529885740987e-01 8.161364881181838449e-01 8.180395972677333427e-01 8.245908370680840038e-01 8.204777058540414503e-01 7.761406032445682390e-01 8.093653014919957034e-01 7.658398671046342532e-01 8.040493742943093380e-01 8.240294474371810951e-01 8.056514471010346456e-01 8.109496361151785626e-01 7.915632003046186860e-01 8.109649004765778768e-01 8.147773639304591864e-01 8.226356282385385299e-01 8.171808066359959044e-01 8.148775186805642390e-01 8.068451153263349607e-01 8.128997897317363774e-01 8.070515551336603366e-01 8.139824595004085950e-01 8.249204917995953679e-01 8.236786379874954100e-01 8.196747448343392195e-01 8.022780226839812956e-01 8.177540142953865221e-01 8.220937755160743210e-01 8.081389012965171093e-01 8.152165949601999362e-01 8.279469951786404547e-01 8.250490090297748491e-01 8.245459105081608397e-01 8.279230483342431279e-01 8.263377239710846256e-01 8.318839709743771627e-01 8.246105404753758528e-01 8.266199191991296935e-01 8.182032776272003538e-01 8.268718461576091139e-01 8.140141531617142157e-01 8.202294693864057296e-01 8.153836810710769489e-01 8.234748945772378814e-01 8.209895139473911696e-01 8.227026779420884006e-01 8.104337224336179979e-01 8.209077326137356190e-01 8.167232313586280101e-01 8.248355180743474069e-01 8.205433149165372031e-01 8.230273510997946351e-01 8.001961854987341694e-01 8.094282341761137589e-01 8.178788103051178870e-01 8.183425187277932888e-01 8.138885735331315985e-01 8.179909854861512342e-01 8.202700774925950622e-01 8.217243354732922667e-01 8.175302921405050993e-01 8.081413712415969064e-01 8.220305781897556674e-01 8.258852951109104668e-01 8.237387891149056118e-01 8.232731510823847465e-01 8.154440078466408393e-01 8.242725825852763588e-01 8.180532553303438981e-01 8.226944281890715693e-01 8.211430656619012058e-01 8.214725202331486509e-01
6.273609447156006103e-02 1.432549211052631388e-01 3.699794187359567443e-01 6.025975790805511156e-01 4.626223177056465463e-01 5.468360184944576208e-01 7.367154928899387611e-01 6.906622867685868750e-01 7.826999038637638684e-01 7.585918505307192028e-01 1.000000000000000000e+00 8.608169181107672152e-01 7.619619417632348402e-01 6.724607903311303758e-01 8.559124479167132815e-01 8.498667969164980240e-01 8.000969587649680026e-01 7.610449826155997188e-01 8.092883838056886825e-01 6.891970579460436896e-01 7.008648295335018208e-01 8.338996802176521506e-01 7.768288183143720049e-01 7.405973400792214001e-01 7.750373510510422115e-01 8.350140462050904544e-01 8.474663807160655038e-01 8.388528150734129163e-01 8.096258644769140922e-01 8.593869273008893916e-01 8.850458434330359392e-01 8.580082150164851651e-01 8.105131576071445965e-01 8.435646408114360062e-01 8.423931684439535106e-01 8.083329790921887081e-01 8.627652866573667367e-01 8.638003889585573747e-01 8.765874282640716553e-01 8.263821123383197076e-01 8.849234583987836134e-01 8.767691994649567944e-01 8.582863872278478912e-01 8.841255062718709201e-01 8.654569117122107302e-01 8.795383443666873191e-01 8.869845643520674061e-01 8.943301339028457697e-01 8.858529534688567297e-01 8.378975989935133484e-01 8.762423802550808327e-01 8.346821282118507268e-01 8.696141008988961252e-01 8.928431506374742144e-01 8.754996876534297812e-01 8.772601646654281105e-01 8.604852516676082530e-01 8.866371320189785354e-01 8.877947470955311893e-01 8.927879170995282054e-01 8.827909052702030968e-01 8.907263846051115541e-01 8.862556527244106475e-01 8.827175071118306127e-01 8.755742981220911991e-01 8.837287349595748243e-01 8.946227269765281154e-01 8.921395594535470597e-01 8.862116246695471711e-01 8.730074100142224403e-01 8.920798562812628507e-01 8.931829045913635134e-01 8.741452536788907324e-01 8.840217996660243438e-01 8.914197967033244963e-01 8.942006007277695234e-01 8.899537864180968594e-01 8.822468295922599735e-01 8.853044735132717946e-01 8.924495016253407575e-01 8.879865368961497030e-01 8.959822029435599022e-01 8.864356994470206086e-01 8.882308107567323807e-01 8.780117630978651055e-01 8.848271783817310832e-01 8.843571154570306625e-01 8.917097881150731764e-01 8.875881780631366125e-01 8.912361116021346730e-01 8.815999132879123179e-01 8.948193944797777633e-01 8.866297885514191623e-01 8.925943905443229909e-01 8.910797697567405251e-01 8.929397143029051964e-01 8.698396801832636305e-01 8.699598595170078275e-01 8.859215147200051321e-01 8.886023607274438074e-01 8.878168666796227848e-01 8.899583083173805420e-01 8.853125384849770407e-01 8.937941820039077001e-01 8.872941222760171165e-01 8.784946810222432623e-01 8.886360194218941855e-01 8.936422929088632117e-01 8.937563216090690377e-01 8.931720537775597046e-01 8.919607476050396278e-01 8.936700959402912314e-01 8.923469550056071231e-01 8.897168844907978880e-01 8.897354633309789707e-01 8.882115254672704463e-01
8.835523583861816521e-02 1.805093616535196621e-01 3.800916043184904280e-01 6.546774080856310185e-01 4.970366643630932946e-01 5.716332005067268351e-01 8.054857240896629023e-01 7.678313101160434417e-01 8.171451393668158758e-01 7.767390888345241384e-01 8.608169181107672152e-01 1.000000000000000000e+00 8.181674208965574735e-01 7.203827806053699767e-01 9.129878214416071724e-01 9.116634952630927602e-01 8.335659994705925113e-01 8.306599214211549675e-01 8.482707550652620609e-01 7.869383174805671954e-01 7.794927846749301059e-01 8.723561712870753215e-01 8.349568989446654044e-01 8.100972924333167402e-01 8.241874808956476395e-01 9.068746747846744283e-01 9.059911765518718907e-01 8.926089550243014870e-01 8.662307131000059890e-01 8.993149769738114641e-01 9.314424592974008821e-01 9.179591583182101777e-01 8.812896012018172076e-01 9.027215997662750846e-01 8.883226204252328007e-01 8.767090081731404583e-01 9.079182248969895896e-01 9.284707262091861368e-01 9.319683217623920823e-01 8.995422989940954350e-01 9.302963290023331666e-01 9.281834059154021599e-01 9.207436288410741909e-01 9.370222298469528255e-01 9.235496248960721744e-01 9.361369791224786185e-01 9.279670258545869022e-01 9.255937299292603671e-01 9.296151707744523263e-01 9.077218144691674429e-01 9.327792721324656977e-01 8.929320624945601415e-01 9.225104722176817873e-01 9.232137086337501852e-01 9.262246017586719393e-01 9.303758269988643415e-01 9.177256707171379535e-01 9.263963802871792996e-01 9.270603570508132441e-01 9.335936910380915332e-01 9.348383196799207040e-01 9.333635418311502230e-01 9.292476436593732902e-01 9.297518178873970252e-01 9.134700590275731669e-01 9.275575165306279013e-01 9.251390612499166277e-01 9.345339426013877793e-01 9.351951130886051455e-01 9.393367404454864289e-01 9.365291955583799899e-01 9.301424963154684145e-01 9.239075625408557091e-01 9.279568105680505719e-01 9.347508580677074130e-01 9.339460021643908316e-01 9.346945143856792981e-01 9.219071638070870378e-01 9.344366759932979383e-01 9.306521342094697946e-01 9.314781443785798976e-01 9.326383112506110296e-01 9.339390699943501684e-01 9.286700425017690996e-01 9.302995891497355396e-01 9.292415949446731771e-01 9.295097288586905426e-01 9.347794257493959869e-01 9.354094358031461720e-01 9.348702737011261865e-01 9.325750425935321886e-01 9.348634983779041674e-01 9.273324243069873685e-01 9.376696656142150532e-01 9.245344634450471943e-01 9.243119177780977358e-01 9.253334423758204919e-01 9.248539809481778340e-01 9.259483646502063570e-01 9.322263456313907293e-01 9.298238850847205805e-01 9.315705829064231391e-01 9.273516607295997360e-01 9.351350342720550213e-01 9.327693566754198251e-01 9.231529624029489733e-01 9.289649549833730591e-01 9.275061969959482733e-01 9.340055081925604519e-01 9.268678035992323760e-01 9.285299562972652021e-01 9.303405890236130515e-01 9.310776808251900460e-01 9.316518028008629049e-01 9.235522089949895763e-01 9.288891410544439786e-01
1.155947564145619194e-01 1.890525438826345661e-01 3.398976408740669308e-01 5.511459993199031571e-01 4.992794252883659412e-01 5.009013272968735331e-01 7.249421219139662309e-01 7.128065380666394057e-01 7.355607942368470598e-01 7.036436295634231897e-01 7.619619417632348402e-01 8.181674208965574735e-01 1.000000000000000000e+00 6.618508528971076554e-01 8.356576343729112955e-01 8.381391124166286399e-01 7.598845360644236324e-01 7.472599474144799858e-01 7.649304328482624538e-01 6.856865099254865203e-01 6.983818264788915764e-01 7.898521150981545613e-01 7.622001164686889041e-01 7.274223195864453206e-01 7.554314167785064482e-01 8.249243770834805423e-01 8.147543953394930094e-01 8.154527791789083491e-01 7.890499318677551832e-01 8.146737419628988786e-01 8.380973169516559018e-01 8.255643050580708797e-01 8.039573937073154486e-01 8.155969647862427729e-01 8.154004510674586204e-01 7.946391933006816677e-01 8.285589690897185999e-01 8.380818578299309429e-01 8.473841229260876684e-01 8.078615953966261642e-01 8.339529471826968576e-01 8.403129549772880846e-01 8.328209092584040185e-01 8.506609584938700230e-01 8.358850124956027638e-01 8.425312280096604045e-01 8.313850405969636093e-01 8.308362996050272509e-01 8.345429874981281637e-01 8.086292913112650416e-01 8.366298932354943041e-01 8.049027343576508065e-01 8.291327029432901119e-01 8.251796483668046855e-01 8.229282572868651391e-01 8.353938441785220270e-01 8.205346861438858053e-01 8.294630882719186138e-01 8.233012673702014839e-01 8.477625699294405459e-01 8.391315125470284464e-01 8.348293522760329433e-01 8.240395566750231549e-01 8.381298244350849913e-01 8.310644047768668274e-01 8.366542833170728111e-01 8.324575920149582808e-01 8.421668172297874788e-01 8.386042144975348611e-01 8.398739935804980794e-01 8.433139785245524767e-01 8.396466992332157764e-01 8.279100961729036756e-01 8.404979015272953102e-01 8.435573415443035072e-01 8.386986824750726210e-01 8.411022752813241965e-01 8.339904248996747871e-01 8.409225611782651377e-01 8.372849232038112044e-01 8.422553219629520527e-01 8.400393127024013973e-01 8.449502947308817902e-01 8.374040525402765001e-01 8.344756840707334700e-01 8.364003577704864911e-01 8.397323039524579036e-01 8.401992709942220916e-01 8.436710377994476318e-01 8.382109819794757444e-01 8.387461535182101358e-01 8.392536963084749058e-01 8.357124303203132820e-01 8.445210161467368026e-01 8.302920920479484046e-01 8.301947942312732920e-01 8.239453498157313094e-01 8.268952610894172439e-01 8.269402092148201433e-01 8.332640234508493782e-01 8.348004928901175958e-01 8.316466824649851874e-01 8.339588323705459105e-01 8.404052295901496272e-01 8.370193714786692274e-01 8.240025616730750624e-01 8.329073248599472290e-01 8.350094254600453070e-01 8.356600625623985534e-01 8.330144652001437722e-01 8.275653149114083895e-01 8.384457799719843285e-01 8.311913548768005144e-01 8.390543320720407205e-01 8.378199112289657080e-01 8.375625947158613638e-01
