1.000000000000000000e+00 8.883614809970027948e-02 2.184185408811284979e-01 5.580625444742657454e-02 6.763600354928608893e-02 5.643737137028908418e-02 9.513114248459073052e-02 8.081007680195098630e-02 1.277410995967498408e-01 1.350800772724026211e-01 7.571652140572580902e-02 6.109186184397976012e-03 1.336985533700924683e-02 3.707208914587878379e-02 3.172279470625221504e-02 4.282987382716571534e-02 1.368018908973141767e-01 2.820371176704349891e-01 2.085156510096898008e-01 1.642248503245686830e-01 2.104383383678067321e-01 2.117598157635450506e-01 2.354229450096194942e-01 2.312048952017441428e-01 2.012617222516343007e-01 1.580611352000644010e-01 1.803240452779412695e-01 1.983524812296691975e-01 2.673550868507527101e-01 2.197572765609839274e-01 2.047208702038401940e-01 1.778654841301346434e-01 2.038559959760479767e-01 1.972014279528893077e-01 1.796587984755981804e-01 1.352265855687047047e-01 1.551584677889863706e-01 1.280052732881308553e-01 1.189956959525842323e-01 1.179641638449619445e-01 3.422642417662543485e-02 6.235871128796131174e-02 6.433599106589081573e-02 4.519339362810266547e-02 9.469387946179139148e-02 7.893471082369767078e-02 1.263776827736356329e-02 2.514216886058408956e-02 6.078370514059332902e-02 9.430206553125455859e-02 7.261458515711874395e-02 5.706586719944344022e-02 6.380131650426852652e-02 3.819546097403205692e-02 6.239023556420734279e-02 6.812280845000337481e-02 9.509522174101225911e-02 1.737717653004159160e-02 5.009356685103401319e-02 3.468526355922804671e-02 3.610101552810219411e-02 4.666563054455763471e-02 5.371758011665777460e-02 6.649492540850758526e-02 7.739804234412346606e-02 6.547380500040918261e-02 4.439189536650178791e-02 7.645565989498910586e-02 1.131729348951764219e-01 6.941448895008965614e-02 7.287536834689284371e-02 7.037670767290978013e-02 1.165437696889970454e-01 7.901191248785484345e-02 5.368052435090792107e-02 7.404352087014387518e-02 6.917834647542696336e-02 1.317728492943878171e-01 9.098769611754552178e-02 9.088751011260531865e-02 1.007164142329078915e-01 8.595077698465745930e-02 8.767432797163503266e-02 9.058393637497345885e-02 8.679677722208969937e-02 9.169734362004082484e-02 7.549463671957472310e-02 5.277055584229046331e-02 6.649470460030736108e-02 5.262156079701529182e-02 7.046543125488607950e-02 2.496349317079411476e-02 4.479613374347993920e-02 3.635863976626641653e-02 1.142261536794650194e-02 1.500647916174862977e-02 4.805856354925871349e-02 5.953220034107833958e-02 2.577117085200301624e-02 3.456978937879318092e-02 2.590201609160762766e-02 3.314275955118631267e-02 3.078498706807707500e-02 1.892704795586746050e-02 3.265954092510900408e-02 4.623182983420417308e-02 4.425672803758315399e-02 1.889950256036273396e-02 3.772042055564323731e-02 1.152349353171538450e-02 2.990147642439698605e-02 2.451742671782842706e-02 2.312572237067423223e-02 3.972493816123395804e-02 3.817923378114129046e-02 3.134119800821300733e-02
8.883614809970027948e-02 1.000000000000000000e+00 1.006006796622716387e-01 4.926866279616202993e-02 5.145220525547839624e-02 1.020777297979590659e-01 9.878150028812697492e-02 1.008098877449866010e-01 1.656252576647115893e-01 2.002854889020326268e-01 1.487541448453906512e-01 1.257260629155782794e-01 1.346394949782410144e-01 1.206766279636959233e-01 1.288785590298582306e-01 1.448953865076734460e-01 1.535842019959284821e-01 1.747546242240363701e-01 1.895705944212450755e-01 7.794882330944422066e-02 1.068675578173075569e-01 1.298608378871763669e-01 1.919269867328722290e-01 1.786301513421390541e-01 1.852059654648844922e-01 1.763964766807260554e-01 1.755198354010264750e-01 1.766163129151958888e-01 2.018363175978607482e-01 1.856850375502822337e-01 2.022472941968308791e-01 1.596997259917722622e-01 1.579801531466657472e-01 1.814448844918818415e-01 1.739024793827438908e-01 1.666205008500475926e-01 1.818831315235675261e-01 1.481525877941337888e-01 1.756935709365748666e-01 1.383591331242668698e-01 1.634892683994690066e-01 1.598510603795330887e-01 1.577866644706210353e-01 1.471767161937226620e-01 1.635876547444766183e-01 1.612360768315902471e-01 1.504099104318026847e-01 1.524818952069178779e-01 1.344026533492722608e-01 1.411387443175115552e-01 1.387260680047456285e-01 1.417848988884276573e-01 1.312640051521825335e-01 1.458268880664418121e-01 1.491778263655501036e-01 1.721180270475466123e-01 1.101706685425799248e-01 1.395964724112833955e-01 1.295546724551902840e-01 1.479292219710294232e-01 1.517297227222123013e-01 1.280943290430155423e-01 1.234992592797875682e-01 1.408819471244328048e-01 1.537298467413802661e-01 1.352812523714967408e-01 1.633964490811068704e-01 1.702509627868941666e-01 1.766612116351033712e-01 1.398268539172924929e-01 1.494818350918450389e-01 1.691374906692403035e-01 1.685647594009917205e-01 1.717855942580022444e-01 1.620255295543431007e-01 1.626091364752237090e-01 1.659442463903738618e-01 1.860905660654241511e-01 1.748725794002680689e-01 1.863509278675194725e-01 1.836411482030311793e-01 1.825858590812506899e-01 1.681097880712692783e-01 1.768654056595789503e-01 1.778269594759615269e-01 1.830531843223605626e-01 1.756036998230860458e-01 1.618644193327535563e-01 1.704483502535593664e-01 1.682870607128141294e-01 1.612817690216768185e-01 1.599186469980929948e-01 1.620307750400926949e-01 1.602351789134325855e-01 1.531105025420648746e-01 1.560281952593078336e-01 1.418017875781541204e-01 1.403896327278231215e-01 1.563419678333518581e-01 1.508035145660919785e-01 1.623378879342366465e-01 1.402891747612057538e-01 1.476800777666337772e-01 1.502477487599072070e-01 1.560281067147454570e-01 1.334200767708497992e-01 1.476728872634520684e-01 1.598644783864165975e-01 1.567030407489153898e-01 1.478227862832229844e-01 1.427668641751972389e-01 1.496867618916562781e-01 1.421895108616932080e-01 1.498385191071048839e-01 1.511075554228075435e-01 1.467136865381767630e-01
2.184185408811284979e-01 1.006006796622716387e-01 1.000000000000000000e+00 3.412123986069373061e-01 2.649855774939145481e-01 2.342819034794279831e-01 3.553086289676287701e-01 3.592032315228853023e-01 3.780532334853874410e-01 4.138998771767951057e-01 4.198243427009744067e-01 3.756692312567602166e-01 3.353271968003962988e-01 2.893348615905129706e-01 3.713992820540132356e-01 3.904109473908813355e-01 4.018952841507421048e-01 5.193038121343750424e-01 4.838865784391475633e-01 4.339978177335024334e-01 4.978604347811618758e-01 4.938701389592058955e-01 4.913029396437836871e-01 5.016264939476856588e-01 4.825201919180152066e-01 4.563223460959421884e-01 4.704426964972072689e-01 4.485922970003711763e-01 4.562091831752153048e-01 4.916566312400988403e-01 4.979886276328365780e-01 4.864466934903634576e-01 4.764420748138159523e-01 5.072600896636346723e-01 4.623453983538497458e-01 4.606118804863373328e-01 4.669000828054831187e-01 4.672409898828153718e-01 4.480538832627688484e-01 4.624371693366025604e-01 3.917923252791169486e-01 4.252805262946806608e-01 4.161317743543514469e-01 4.091017648267912254e-01 4.420455537321639206e-01 4.248684532377060008e-01 3.768770237874515261e-01 3.825970905391232746e-01 4.123675147295894350e-01 4.447327739069834029e-01 4.318512549071406026e-01 3.974993727879050920e-01 4.115633489968474334e-01 3.881196782742178386e-01 4.122535045589157399e-01 4.148319346640643168e-01 4.154875036684683165e-01 3.759573997185656213e-01 4.071453530815278832e-01 3.827238201579817312e-01 3.972137783040373682e-01 3.900124415496540320e-01 4.055665898340760633e-01 4.062316038487805980e-01 4.030080523179031537e-01 4.013920393491439143e-01 3.915404588377585648e-01 4.292953381219479225e-01 4.471540856405757380e-01 4.355603969064905656e-01 4.343721071026120928e-01 4.151999279569793533e-01 4.592931279374910525e-01 4.373398031843454548e-01 4.016620598443563228e-01 4.208842487725226733e-01 4.062192953514118798e-01 4.296163877727237623e-01 4.292436763914875275e-01 4.306662572518843435e-01 4.465640837756666981e-01 4.365297121683922033e-01 4.228609613181287252e-01 4.272168848679818165e-01 4.295095962625044006e-01 4.384197125079404289e-01 4.322194887475115932e-01 4.090140970351361371e-01 4.142416751458990465e-01 4.005893920822212739e-01 4.158184378341734377e-01 3.858763301371672116e-01 4.001360784299692885e-01 3.970748852706067478e-01 3.743000267934101233e-01 3.730356737406537726e-01 4.005844439163702697e-01 3.890676714844110151e-01 3.852471735370332495e-01 3.907106895369386046e-01 3.884432474817179903e-01 3.883031725042050408e-01 3.886535715026848137e-01 3.842339622326522153e-01 3.900041611160010580e-01 3.850960950419072271e-01 3.928164664106039150e-01 3.738469580580439100e-01 3.919427040267153273e-01 3.753321223294541209e-01 3.908450504349940124e-01 3.747977964641666104e-01 3.744996342400169764e-01 3.884887653554335851e-01 3.803160083603876473e-01 3.829677353061891609e-01
5.580625444742657454e-02 4.926866279616202993e-02 3.412123986069373061e-01 1.000000000000000000e+00 4.247306491094675063e-01 3.704796246614827093e-01 6.190637929734906786e-01 6.045451713072144129e-01 5.293805788695838954e-01 5.377724906501867297e-01 5.974935788163856509e-01 6.639119374414106378e-01 5.558952901563776194e-01 4.520031659173595617e-01 6.290544697683789765e-01 6.218397335127997527e-01 5.464101515491955885e-01 4.595265455710810798e-01 4.947055995048479926e-01 5.120440970488893129e-01 5.282334967744527487e-01 5.699037022143834674e-01 5.299839641496995046e-01 5.091165534495211142e-01 5.499767954327245967e-01 5.910432078806248102e-01 5.705906939723240923e-01 5.347643433994546669e-01 4.719180380649943274e-01 5.537182741566446520e-01 5.789896741558313575e-01 6.034097601477773631e-01 5.529737545881773242e-01 5.905828688515132319e-01 5.496336986978211936e-01 6.104374247920361096e-01 5.963710761094503932e-01 6.168195968827381304e-01 6.184639873912566310e-01 6.147517029532129085e-01 6.148423245441161367e-01 6.244649489838788314e-01 6.230951071566497301e-01 6.417278723535319029e-01 6.346623447318978650e-01 6.360311916124846698e-01 6.102615490107017315e-01 6.143828207069225167e-01 6.297827506894617677e-01 6.376005189153017838e-01 6.363266637078570653e-01 6.294024796389590115e-01 6.452375284357734220e-01 6.164241573514988026e-01 6.182032332861219226e-01 6.169290005118339693e-01 6.156570707428097311e-01 6.096296404859667950e-01 6.167848835284173159e-01 6.229363085814795253e-01 6.225662627367856139e-01 6.156499622070834565e-01 6.247218392537179366e-01 6.339072786783492841e-01 6.201694500308266855e-01 6.315617976964926772e-01 6.096188838301968005e-01 6.002844176100782247e-01 6.229480928511172966e-01 6.354677204929735090e-01 6.221133531668359140e-01 6.021109507089207336e-01 6.196763051797854471e-01 6.151177921149347805e-01 6.196486418190507717e-01 6.256688110709366368e-01 6.136478877970590329e-01 5.784449559215082415e-01 6.079617033583558650e-01 6.103598052634440219e-01 6.190316253898690002e-01 6.164575892542755176e-01 6.224271547098607638e-01 6.051595330685257679e-01 6.244153514822460282e-01 6.173963833748790098e-01 6.283226611002891149e-01 6.276813722411939134e-01 6.234189219015802141e-01 6.212491890782022574e-01 6.251881681229274346e-01 6.226720989062474176e-01 6.252950834293410365e-01 6.293832531391149177e-01 6.157080026512642412e-01 6.143195563116233826e-01 6.260278505200471688e-01 6.235592112265950782e-01 6.241078385250203864e-01 6.312195770528740146e-01 6.214271616643822771e-01 6.284372530283643954e-01 6.317252270873658926e-01 6.262794277152506917e-01 6.270421002303674385e-01 6.211490972634098329e-01 6.237768803233466608e-01 6.128394638591142529e-01 6.188322119402801524e-01 6.192386462104424449e-01 6.244586249855393900e-01 6.179239374672435003e-01 6.163487927820258117e-01 6.274476230223804407e-01 6.168704152745307923e-01 6.260903857076702828e-01
6.763600354928608893e-02 5.145220525547839624e-02 2.649855774939145481e-01 4.247306491094675063e-01 1.000000000000000000e+00 2.727944392109168392e-01 4.772496023545402255e-01 4.771061346890315691e-01 4.266339528897197253e-01 4.357224883167311602e-01 4.827462758120504849e-01 4.913485198626215134e-01 4.740995866232699529e-01 3.771906770278241616e-01 5.047888223741368030e-01 4.960070338995160033e-01 4.391183838929852978e-01 4.155516076927640023e-01 4.409489614208046415e-01 4.197412143826184105e-01 4.620957706496790496e-01 5.009345674047890329e-01 4.724232413628441929e-01 4.519137057782049438e-01 4.748259815418227059e-01 4.864872785335030425e-01 4.820861336539239428e-01 4.535291670141732845e-01 4.062085816416276529e-01 4.634764818968885036e-01 4.850831399175087322e-01 4.951590565668225197e-01 4.702346079812495527e-01 5.072004375691294698e-01 4.585918938353296115e-01 5.152680391316317721e-01 5.035435652001920559e-01 4.939396505520678993e-01 5.111676798700518498e-01 5.145149102985525635e-01 4.845774703252280213e-01 5.089035746941701355e-01 5.215193629018578525e-01 5.125163834581232258e-01 5.187714597850052733e-01 5.059351206171072146e-01 4.801455453144445329e-01 4.811450935790610450e-01 4.904489959763204121e-01 5.038823797571840846e-01 5.010995047109457756e-01 4.873646404864188653e-01 5.010942897454480072e-01 4.864807590698699280e-01 4.888343899660524405e-01 4.953229806207435360e-01 4.836338524696152663e-01 4.845521959253140665e-01 4.849681320044362809e-01 4.915280271583953864e-01 4.935314710556904516e-01 4.851029210611229048e-01 4.917456217963057097e-01 5.013243888922084279e-01 4.875320648978507254e-01 4.910099866049355555e-01 4.840219334187602085e-01 4.858391481884901109e-01 5.007329638245059389e-01 5.018802623616376302e-01 5.035654938225995192e-01 4.871438373325915894e-01 5.063404431106335313e-01 5.017905820091782543e-01 4.913496398486876249e-01 4.974378491025024940e-01 4.922827704017901929e-01 4.695764919737114851e-01 4.934312832057735076e-01 4.890877705928549646e-01 4.999468995859838727e-01 4.939338184517534369e-01 5.010574586107011674e-01 4.879586588794330715e-01 4.970604130745864269e-01 4.996055723933212622e-01 5.076346455346125719e-01 5.001268692340521405e-01 5.037458334661910619e-01 4.948073200936451421e-01 5.029942274327139362e-01 4.919077393209510540e-01 4.968393439051924099e-01 5.006341084073896441e-01 4.820526170359984430e-01 4.811755121415104419e-01 4.901847805019012849e-01 4.793146343327723269e-01 4.869597121137640983e-01 4.947405980868387343e-01 4.957078229369133449e-01 4.897807244400513849e-01 4.963735730867664397e-01 4.933938520426738861e-01 4.910888700955831632e-01 4.824031419645383179e-01 4.875862225029092278e-01 4.834431759904030401e-01 4.897301856244082874e-01 4.830226416442295334e-01 4.877887341601780946e-01 4.836195235572315343e-01 4.836483000169241597e-01 4.923164973394083543e-01 4.842467286500801715e-01 4.873773784912390772e-01
5.643737137028908418e-02 1.020777297979590659e-01 2.342819034794279831e-01 3.704796246614827093e-01 2.727944392109168392e-01 1.000000000000000000e+00 4.660465650894802248e-01 4.417884259853528950e-01 5.052671370353506441e-01 4.633631458570313666e-01 5.255509680305788800e-01 5.223160350554664211e-01 4.923970060241847913e-01 4.379907239669746932e-01 5.363334573174545206e-01 5.466769594519430564e-01 5.256839739486913743e-01 4.520400810789208523e-01 4.681558126656328311e-01 4.337691952427419340e-01 4.554680528214308244e-01 4.903143107707221837e-01 4.784964106828177299e-01 4.304903532738466598e-01 4.605807690506160124e-01 5.300115932782193395e-01 5.101961915561138428e-01 5.037514993223559667e-01 4.497072269715776671e-01 4.938601998751793176e-01 5.089981930381255459e-01 5.432412246655120569e-01 4.984638651741739035e-01 5.250058236820425162e-01 5.087080269583995618e-01 5.441480201863592159e-01 5.209334087360063537e-01 5.415166174890971851e-01 5.506222143772799837e-01 5.156986290207228318e-01 5.526793511514618285e-01 5.599904964785252792e-01 5.567065444467970137e-01 5.638205339755463230e-01 5.533703232927769111e-01 5.374274515553556508e-01 5.618551585397449921e-01 5.603320668099447399e-01 5.594490536971375994e-01 5.463680131556619690e-01 5.539866341023274021e-01 5.537887127503604567e-01 5.497054032262692624e-01 5.611662598884389341e-01 5.645189571157335218e-01 5.541210933162126206e-01 5.525276861856035504e-01 5.629027223537768077e-01 5.585445479288080328e-01 5.614364989586696497e-01 5.693170083237718559e-01 5.630159788939788079e-01 5.580660180510872426e-01 5.708264709300819861e-01 5.603338861603516241e-01 5.661131702854421688e-01 5.638147023381461231e-01 5.648646406673463183e-01 5.581432406921330580e-01 5.630053218330342002e-01 5.672711353056550942e-01 5.651939756204444887e-01 5.463574748060285868e-01 5.554417573384550222e-01 5.569660264205515965e-01 5.592838152839232357e-01 5.564659435683311228e-01 5.470975225544645326e-01 5.557957122475671863e-01 5.514456555589112297e-01 5.567617167332241657e-01 5.575668495297264604e-01 5.633671344615989174e-01 5.564861664922808870e-01 5.537230426418880969e-01 5.627352214476269987e-01 5.626682248282141030e-01 5.586719765507456303e-01 5.605670878632379450e-01 5.559878523805235062e-01 5.556187718906181461e-01 5.607512192510623050e-01 5.601552722047652422e-01 5.602015433732162597e-01 5.601842586755303444e-01 5.621094702985077740e-01 5.414826324630771515e-01 5.451364131080195241e-01 5.595708980290576839e-01 5.563091197463929660e-01 5.651197078896867954e-01 5.573774064421725960e-01 5.593984983953814716e-01 5.612287411034944107e-01 5.670721676905363662e-01 5.518907380154429720e-01 5.566930301179706664e-01 5.595273744962446782e-01 5.590939619061776611e-01 5.577453568167110021e-01 5.572470485504746884e-01 5.626022785817432759e-01 5.607724439053541898e-01 5.645469927571458157e-01 5.648000226049948447e-01 5.653266789480327903e-01
9.513114248459073052e-02 9.878150028812697492e-02 3.553086289676287701e-01 6.190637929734906786e-01 4.772496023545402255e-01 4.660465650894802248e-01 1.000000000000000000e+00 7.524990499019196255e-01 6.705816321940142322e-01 6.509212849578879245e-01 7.279933221706524904e-01 7.801899157939791163e-01 6.860666745267623989e-01 5.744012817794611481e-01 8.116159148036944382e-01 7.690311037841259800e-01 6.947780835414342215e-01 5.809729961960516942e-01 6.442033641707021197e-01 6.013149629249362471e-01 6.057774108478420905e-01 6.914725041543837714e-01 6.642094328050316410e-01 5.987602455923373146e-01 6.617827569565719603e-01 7.571604047440112506e-01 7.068192108649333782e-01 6.866215769016620341e-01 5.868727897479788513e-01 6.384569253111282983e-01 6.904631552243573056e-01 7.683923164992898514e-01 6.740778459394434208e-01 7.321059240152842928e-01 6.726029983366126341e-01 7.577496162913426314e-01 7.244241648606482009e-01 7.684182487518662619e-01 7.730395954158820748e-01 7.801862691830214747e-01 7.670907512217181035e-01 7.796062737783573393e-01 7.754759084529451174e-01 7.958440723666455607e-01 7.908776657979547098e-01 8.000392804856828466e-01 7.638073880071960531e-01 7.726379262367841783e-01 7.883196165362397201e-01 7.887830044590614653e-01 7.849485350704409337e-01 7.938014826103755306e-01 8.103582737778355360e-01 7.769101345255178259e-01 7.801956292562426398e-01 7.764406413882770641e-01 7.881091752391873317e-01 7.677159250432702420e-01 7.790077100798803444e-01 7.809972413073059672e-01 7.761908668606960493e-01 7.831329340278053719e-01 7.872889287677230508e-01 7.926790569534166719e-01 7.871578463307969953e-01 7.996473693126948667e-01 7.732255860182137841e-01 7.624658599949777349e-01 7.775908374777982246e-01 7.768492357869987153e-01 7.681380126745133152e-01 7.608701208419654805e-01 7.602260856098923547e-01 7.575561091965433702e-01 7.823442236598135979e-01 7.756960333692700660e-01 7.714927787068859288e-01 7.206822116086197827e-01 7.661732901107078941e-01 7.443204852892398860e-01 7.604346339255191323e-01 7.549990363978236196e-01 7.887735144311521784e-01 7.537111532605321740e-01 7.748005706706868612e-01 7.647303901741544507e-01 7.779674726284842023e-01 7.859518777764196162e-01 7.811859247440653409e-01 7.811745404951780936e-01 7.922798467725358229e-01 7.822278331490740699e-01 7.843334203374062730e-01 7.902331793550324557e-01 7.710755061757984530e-01 7.753409226884135919e-01 7.792508450562980471e-01 7.812992090757554520e-01 7.726745600068638531e-01 7.858121882636820432e-01 7.801449746178755751e-01 7.813108611446251128e-01 7.929511573312378880e-01 7.813995341875802358e-01 7.859678214061681656e-01 7.846013362029086169e-01 7.816733073063558690e-01 7.753227971004399421e-01 7.816836141902682167e-01 7.744837474693422319e-01 7.823125247391871095e-01 7.771009365317524953e-01 7.760600987346565338e-01 7.854727922910350602e-01 7.811418640908837085e-01 7.891408140587168329e-01
8.081007680195098630e-02 1.008098877449866010e-01 3.592032315228853023e-01 6.045451713072144129e-01 4.771061346890315691e-01 4.417884259853528950e-01 7.524990499019196255e-01 1.000000000000000000e+00 6.653291314508261722e-01 6.368344009247276505e-01 7.194284460616610088e-01 7.715978205319004024e-01 6.847643141847509218e-01 5.747868689223953886e-01 7.876222894278663844e-01 7.839325600848747744e-01 6.721685095906565488e-01 5.843088640937037503e-01 6.372957665865663923e-01 6.185569078132230336e-01 6.161173945697880905e-01 6.826037707882360861e-01 6.553924707451801446e-01 5.894769798086959556e-01 6.372939589857168352e-01 7.517442985793636456e-01 7.045018761260140039e-01 6.890639977724921650e-01 6.012991956189462917e-01 6.575654369656185327e-01 6.851869328044554175e-01 7.567274978348133008e-01 6.890391038161495230e-01 7.156370222290650007e-01 6.977471237871869514e-01 7.431791823675492070e-01 7.198531575319500053e-01 7.631746276155686459e-01 7.672957184963622446e-01 7.644300356883616532e-01 7.594934238761054113e-01 7.709397387583447614e-01 7.751681346827419272e-01 7.866839841956247970e-01 7.740995916317314762e-01 7.861251067480609089e-01 7.596662696343766674e-01 7.639844962830959485e-01 7.831066080454796019e-01 7.762707230580370155e-01 7.778773395654806633e-01 7.663023230881093051e-01 7.929871211060793845e-01 7.712036325301955264e-01 7.799195116554199503e-01 7.664795311131655797e-01 7.920723287369769716e-01 7.656070050933923010e-01 7.783189031001227498e-01 7.732783334418820154e-01 7.728537877850565341e-01 7.843436885657890656e-01 7.955485184657782316e-01 7.891729550256952885e-01 7.753774825633218404e-01 7.895848178708432252e-01 7.630365779696959283e-01 7.553509625610169698e-01 7.689196199813390642e-01 7.758280233134472459e-01 7.616561678404176750e-01 7.511335139756567525e-01 7.509662773914589362e-01 7.471345144986215603e-01 7.714551488495536846e-01 7.672024861204578272e-01 7.631581993838097988e-01 7.259786903702828420e-01 7.565206796421934943e-01 7.443850829352646192e-01 7.516326318771188175e-01 7.495991091382681049e-01 7.744783452924968170e-01 7.529875469746252215e-01 7.629588603290865523e-01 7.520773185304416852e-01 7.631528398655580414e-01 7.783292123327402168e-01 7.740003666558065154e-01 7.709419661391877510e-01 7.743995229265152602e-01 7.727952042550563228e-01 7.703731572004515193e-01 7.791899277979806859e-01 7.631715085637293949e-01 7.660755412281645693e-01 7.787709098138185793e-01 7.741267178547973637e-01 7.703918269971599120e-01 7.745107284822146942e-01 7.752442772869113652e-01 7.821625629357222831e-01 7.824922902806105141e-01 7.763063797101265040e-01 7.730582014987538164e-01 7.826593496387251880e-01 7.773342944484766814e-01 7.659325923499327171e-01 7.750634127739542967e-01 7.690016333045094354e-01 7.807272881089424299e-01 7.689037840156504044e-01 7.740890769095560842e-01 7.791806521086590553e-01 7.694848286321318565e-01 7.790416709382834703e-01
1.277410995967498408e-01 1.656252576647115893e-01 3.780532334853874410e-01 5.293805788695838954e-01 4.266339528897197253e-01 5.052671370353506441e-01 6.705816321940142322e-01 6.653291314508261722e-01 1.000000000000000000e+00 7.531933876193841471e-01 8.031413378643191825e-01 8.103538151500266906e-01 7.666043434365318321e-01 6.385357772805058119e-01 8.223275828208118643e-01 8.220678598694737271e-01 8.054963892586975982e-01 6.924618481018794958e-01 7.744315351427432104e-01 5.881082122486156472e-01 6.494490327369871752e-01 7.348204009058849628e-01 7.465297726614965601e-01 6.720390112610051814e-01 7.244179997729959242e-01 8.443940954813291544e-01 8.159952460978923128e-01 8.117790240448895522e-01 7.351964185835658805e-01 7.775491403115335487e-01 8.068435116254721873e-01 8.450934598350646754e-01 7.810972107129204867e-01 7.981538017499132387e-01 8.006109463835348050e-01 8.021088901937266646e-01 8.057078422732814049e-01 8.366218118075972043e-01 8.517814290426229951e-01 7.942864373809774836e-01 8.729310055329014828e-01 8.564461586008036420e-01 8.251710790102440019e-01 8.607915077526014924e-01 8.521223172805288959e-01 8.505794476915968794e-01 8.764410902117812929e-01 8.815395947525523912e-01 8.779723233565214224e-01 8.475691089688045521e-01 8.556791355542906485e-01 8.245788530985382891e-01 8.517066286262617858e-01 8.799217230182557747e-01 8.743532956647910304e-01 8.760230544361482519e-01 8.549133397251023059e-01 8.688034050464906732e-01 8.668931593254922685e-01 8.802255755402864645e-01 8.807450919911088416e-01 8.677611552262184391e-01 8.559840589775699060e-01 8.779615996908183284e-01 8.804513692982171014e-01 8.681323708482536761e-01 8.870057807259514870e-01 8.851992018640982840e-01 8.774412352719984654e-01 8.489829922615689251e-01 8.675338924331722490e-01 8.836109327030408078e-01 8.525280059672060151e-01 8.662965629107441945e-01 8.809323503102445274e-01 8.773688490385828098e-01 8.765753851695936572e-01 8.661675984056886879e-01 8.763190438632126877e-01 8.724196194750989397e-01 8.703195760291777550e-01 8.760922967953865825e-01 8.810240712033258204e-01 8.763692156084170737e-01 8.763860046093221445e-01 8.704585290349929894e-01 8.699040822263857109e-01 8.792125305757927389e-01 8.801521124282924990e-01 8.781089712028642413e-01 8.671435668353245640e-01 8.779587413295120157e-01 8.776500905356624527e-01 8.755552965345938521e-01 8.802924110726294549e-01 8.818626506094578987e-01 8.667180441762315501e-01 8.701376236978263234e-01 8.783865509607389210e-01 8.792186034760414159e-01 8.714413151397134571e-01 8.768840225446391523e-01 8.767880130892001800e-01 8.778560966388376796e-01 8.748881523752599643e-01 8.736264525674799497e-01 8.844049292563255227e-01 8.811970171551100073e-01 8.830194653593339549e-01 8.783248460228569865e-01 8.770497430401428263e-01 8.835128666837307465e-01 8.781602820949458987e-01 8.838133719684743150e-01 8.844137096264060860e-01 8.789783878217234392e-01
1.350800772724026211e-01 2.002854889020326268e-01 4.138998771767951057e-01 5.377724906501867297e-01 4.357224883167311602e-01 4.633631458570313666e-01 6.509212849578879245e-01 6.368344009247276505e-01 7.531933876193841471e-01 1.000000000000000000e+00 7.682061240221408349e-01 7.648896492170691452e-01 7.083654303444257838e-01 5.975599500111519191e-01 7.678382435977464393e-01 7.585960018187122289e-01 7.361141319601355315e-01 6.835556116959883299e-01 7.459380864004775402e-01 5.788304429301712739e-01 6.344554688201580195e-01 7.141690457161183891e-01 7.596832563162869700e-01 6.853106231442479546e-01 7.274461735694063291e-01 8.163026523586350836e-01 7.903194135421901523e-01 7.875122029127057388e-01 7.455709351728528889e-01 7.736422125153169516e-01 8.097812393233198014e-01 8.046897624057942622e-01 7.674280638192891857e-01 7.889270179491455481e-01 7.675335634046895894e-01 7.752042421244864645e-01 7.914940310369882326e-01 8.036582619010762540e-01 8.189118674145222654e-01 7.906287540211291986e-01 8.153745280733188938e-01 8.159467979883366917e-01 7.835344961515142703e-01 8.075351554406871024e-01 8.184106672754684064e-01 8.089902083703284230e-01 8.080697615429933700e-01 8.160541280310810164e-01 8.026520619173420634e-01 7.985062105238264207e-01 8.031478469363559913e-01 7.542766317820124300e-01 7.896063175254390831e-01 8.122512557716141668e-01 8.093048039200309018e-01 8.293616204841729456e-01 7.705660418587534366e-01 7.993960721882296117e-01 8.033344808614312216e-01 8.067629367369075766e-01 8.105103076876952750e-01 7.939638513924905938e-01 7.857944335889779364e-01 7.998691854420580949e-01 8.067248920160546843e-01 7.856135041332614755e-01 8.175613667245039684e-01 8.204660152621146008e-01 8.271064316334860722e-01 7.949768858923415005e-01 8.075809755454563810e-01 8.218850522805635217e-01 8.088762320889149038e-01 8.194906370363401749e-01 8.215468838158838105e-01 8.265851665335476328e-01 8.248770060415167027e-01 8.258171510031194762e-01 8.309790145631619218e-01 8.304359416648172676e-01 8.286259292190801817e-01 8.343548732940445634e-01 8.222414795429867640e-01 8.255663619404600695e-01 8.232854191157698009e-01 8.230919684030537642e-01 8.242605654912456004e-01 8.244772726496949478e-01 8.253165618346853805e-01 8.214001985020629171e-01 8.234413165681273572e-01 8.165141056170532874e-01 8.213968163337215245e-01 8.205538699057284280e-01 8.115484409304355440e-01 8.110625010192993312e-01 7.944033776112746636e-01 7.819449766399991786e-01 8.110908123655283797e-01 8.138767067118571896e-01 8.075198275779965629e-01 8.014929824465125696e-01 8.054249876739186798e-01 8.081662141110174113e-01 8.049128854342640915e-01 7.904349192384287903e-01 8.087365684928700116e-01 8.139217810299050893e-01 8.163700233312615184e-01 8.078224681080413694e-01 8.097034484473928373e-01 8.091890131222908566e-01 8.024161535785963029e-01 8.094857308788664385e-01 8.080440837742907112e-01 8.018802768931164726e-01
7.571652140572580902e-02 1.487541448453906512e-01 4.198243427009744067e-01 5.974935788163856509e-01 4.827462758120504849e-01 5.255509680305788800e-01 7.279933221706524904e-01 7.194284460616610088e-01 8.031413378643191825e-01 7.682061240221408349e-01 1.000000000000000000e+00 8.596524678668903130e-01 7.829199092807668237e-01 6.712779047774383168e-01 8.596023592739761021e-01 8.557267818691410843e-01 8.006095198881513220e-01 7.186047191005656698e-01 7.999540795479608279e-01 6.358745273698690470e-01 6.962613298690186747e-01 7.965092332064972469e-01 7.958373149547196546e-01 7.082481687480526311e-01 7.729569768462530854e-01 8.702682991896896203e-01 8.510078465316325280e-01 8.363231334736241918e-01 7.470254709127884807e-01 8.210889730104790063e-01 8.600098086264479358e-01 8.684045173067770351e-01 8.169577178366851378e-01 8.395275862899591601e-01 8.254145370969183659e-01 8.480384645200955696e-01 8.586900773483688853e-01 8.674685584753276668e-01 8.867258213668748335e-01 8.525903593869258446e-01 8.891021083710428652e-01 8.924038966344113311e-01 8.696965835155127111e-01 8.961766967945500317e-01 8.990666180144196717e-01 8.889631664391135502e-01 8.915632223055312000e-01 8.940497892503286304e-01 8.884913165150648551e-01 8.731658876742558473e-01 8.833917630218458550e-01 8.502113352338974694e-01 8.782467399761931803e-01 8.923913874881459485e-01 8.953358032352515261e-01 8.986567406819470083e-01 8.644225249583992188e-01 8.883444093609393910e-01 8.872379532438590122e-01 8.932630254151885385e-01 8.966766142664294170e-01 8.851546714288603956e-01 8.755820863400340937e-01 8.827004525290241821e-01 8.879534148058373377e-01 8.830905291241730737e-01 8.962955141406065973e-01 8.986565396697904218e-01 8.990977268673618905e-01 8.778078344841095948e-01 8.964816427607634752e-01 9.004722346904451280e-01 8.777370449288273146e-01 8.933167592588967532e-01 9.036008854803880830e-01 9.055437448989576144e-01 9.010302864870044504e-01 8.801272117976037812e-01 9.006878678980164699e-01 9.005056771732329324e-01 9.028233672465056925e-01 9.065468759439277990e-01 9.010290457892519145e-01 8.981772806035893675e-01 8.985674955571549827e-01 8.963632105651755388e-01 9.023072099930756762e-01 9.028246868371282430e-01 9.033925319337025028e-01 8.995121095708744630e-01 9.000206303483907488e-01 8.984994874045582058e-01 9.040514472562821702e-01 9.018443946280965129e-01 8.956880771838258148e-01 8.943600926788877192e-01 8.817968899971173613e-01 8.731212666056803462e-01 8.962611190552073337e-01 8.971765600602469304e-01 8.952547742466488989e-01 8.922871660711728659e-01 8.936837881565415920e-01 8.970045607251447839e-01 8.946011150802717360e-01 8.837992175635155379e-01 8.938592266939979769e-01 8.932545856669851236e-01 8.999719595427513319e-01 8.940722136146525001e-01 8.965801298944032771e-01 8.960066991388339064e-01 8.932019847589788286e-01 8.956740264214564373e-01 8.920267986012224704e-01 8.932493220355266494e-01
6.109186184397976012e-03 1.257260629155782794e-01 3.756692312567602166e-01 6.639119374414106378e-01 4.913485198626215134e-01 5.223160350554664211e-01 7.801899157939791163e-01 7.715978205319004024e-01 8.103538151500266906e-01 7.648896492170691452e-01 8.596524678668903130e-01 1.000000000000000000e+00 8.279709181860031020e-01 6.758587065648389292e-01 9.047278851798139510e-01 8.930655503794658889e-01 8.099686736903538575e-01 6.474916021486788464e-01 7.450782171635418338e-01 6.437749325004021861e-01 6.795638123956810883e-01 7.731941747915115348e-01 7.425302854839975764e-01 6.666566281617328782e-01 7.445192664425418494e-01 8.721370812029004549e-01 8.304631474353595388e-01 8.049060259755603797e-01 6.989812564449146004e-01 7.789641366639900033e-01 8.254677993004891912e-01 8.660990782130890686e-01 7.864701019293884876e-01 8.212923243624302705e-01 8.025800406684854282e-01 8.560269354641754092e-01 8.449805921470281422e-01 8.782845987002549926e-01 8.978597051151957498e-01 8.616065402182410127e-01 9.230741796053970605e-01 9.166029360323101338e-01 8.979739634841659157e-01 9.334286567379429522e-01 9.184473139055550073e-01 9.127188588658190493e-01 9.324892947033651680e-01 9.323595398690527336e-01 9.256757099964078028e-01 9.020971106007565909e-01 9.181578914725868623e-01 8.939370761204673554e-01 9.259597459111188478e-01 9.311136523689932387e-01 9.237148922230846715e-01 9.225416805143017429e-01 9.005120724105469820e-01 9.268060440731332728e-01 9.218429048887285537e-01 9.355979144864867703e-01 9.345014139566829581e-01 9.276725795522086093e-01 9.194559885055313408e-01 9.292132241613676458e-01 9.222076072312132000e-01 9.252912167214871753e-01 9.276544582291421648e-01 9.125802754404391814e-01 9.118559088871149854e-01 9.114192630856401411e-01 9.169811852809440778e-01 9.163393779410693440e-01 8.882140619518986702e-01 9.060939571997291830e-01 9.317367101218484438e-01 9.273179412514382935e-01 9.220387049338130137e-01 8.781950296367134756e-01 9.117922820552304408e-01 9.118012141006661686e-01 9.107693523528636037e-01 9.170674709911559308e-01 9.230512243480364365e-01 9.101043536500429409e-01 9.158863290398253643e-01 9.082374576474749883e-01 9.233910412225246889e-01 9.315983543470334194e-01 9.288057293578984019e-01 9.294353933499041043e-01 9.242481514614468985e-01 9.352963355101049370e-01 9.347138735092541673e-01 9.371455157883299414e-01 9.349672724791182610e-01 9.350100141970318912e-01 9.165047759945087469e-01 9.099509982380208362e-01 9.304347834233912540e-01 9.345614862372912945e-01 9.290992429824952437e-01 9.291132397893863137e-01 9.372576363711649927e-01 9.377326036774146223e-01 9.326519746539081446e-01 9.222622006097161984e-01 9.286085289997404457e-01 9.339532018546286007e-01 9.331856180898449038e-01 9.351897291377575527e-01 9.321569961557545358e-01 9.352907711682815206e-01 9.313782828512469081e-01 9.342336690007939648e-01 9.326084954313147435e-01 9.357443639040357031e-01
1.336985533700924683e-02 1.346394949782410144e-01 3.353271968003962988e-01 5.558952901563776194e-01 4.740995866232699529e-01 4.923970060241847913e-01 6.860666745267623989e-01 6.847643141847509218e-01 7.666043434365318321e-01 7.083654303444257838e-01 7.829199092807668237e-01 8.279709181860031020e-01 1.000000000000000000e+00 6.247553192679259348e-01 8.362918659541651589e-01 8.394408828483271856e-01 7.513507326240077555e-01 6.280600648767658001e-01 7.119468094320235974e-01 5.864147023096860645e-01 6.329005687141534553e-01 7.136777906861652143e-01 7.128290438117494965e-01 6.451519306809507803e-01 6.998870781947611475e-01 8.026865987880514863e-01 7.701916295672295298e-01 7.499806436614530059e-01 6.538811465508113097e-01 7.199696224408569378e-01 7.576460559868712918e-01 8.058446084920906083e-01 7.374643767281785500e-01 7.739146731837114324e-01 7.512536087707969434e-01 7.955295440947556251e-01 7.786572443978070357e-01 8.064887286044141179e-01 8.319867006934223985e-01 7.897387021864821222e-01 8.555547229876180326e-01 8.496895532673094387e-01 8.356495570074484736e-01 8.587728640106888633e-01 8.420387772281477945e-01 8.354968199786593219e-01 8.647940707600351162e-01 8.612137347425218303e-01 8.520930885453504855e-01 8.326291058075553364e-01 8.389835562809098146e-01 8.266753848249087655e-01 8.449032259382215360e-01 8.551152516759352729e-01 8.494944943860412989e-01 8.511155609928603427e-01 8.223798859593651756e-01 8.577188649790546959e-01 8.418543328884847687e-01 8.621898181020855034e-01 8.656296165240972007e-01 8.467250623236242113e-01 8.382603125444273440e-01 8.571583695841785699e-01 8.483695463474684173e-01 8.495177514198758439e-01 8.620001068187376214e-01 8.560651842568838266e-01 8.481302305998975610e-01 8.385938794480587433e-01 8.535538674771052658e-01 8.578503909100060332e-01 8.332173641907523187e-01 8.499841263366727517e-01 8.602603566166663329e-01 8.525596473318719504e-01 8.540120620559914499e-01 8.176269746910705960e-01 8.460674728946125933e-01 8.393596223699038017e-01 8.402168687147097970e-01 8.477513854243480251e-01 8.576868840917669656e-01 8.450915809739297790e-01 8.527932591283161612e-01 8.507429237040942116e-01 8.536496153035332268e-01 8.641627683104902147e-01 8.616878383065864622e-01 8.590475408662681112e-01 8.541434872980369075e-01 8.660939916317561549e-01 8.639897797342097618e-01 8.646003228703408316e-01 8.663930370332066921e-01 8.655021246109333433e-01 8.517224211780560772e-01 8.448054922835361857e-01 8.632839672166034983e-01 8.639533204514753262e-01 8.677244174707449131e-01 8.609033820437802520e-01 8.650293232810549737e-01 8.681861232424520347e-01 8.658931236294710176e-01 8.506713780087611365e-01 8.628195265317422091e-01 8.646442897590896903e-01 8.632634980436826311e-01 8.643057988069995368e-01 8.597755588539115479e-01 8.647415861730258779e-01 8.595507290249602139e-01 8.664105585991800362e-01 8.633304832660719796e-01 8.642731618607629729e-01
