1.000000000000000000e+00 1.798291510138373128e-01 1.414862498045807160e-01 2.002001887795354373e-01 1.550510362557496191e-01 7.049390608192927440e-03 2.188091017620857059e-01 1.527571693387887453e-01 2.130115041744051751e-01 5.340724392562967021e-02 8.645751387579062031e-02 8.985972387293524044e-02 6.107791081917295084e-02 -8.812893709322025190e-03 9.882963488826182474e-02 1.058867593883774244e-01 1.886281302651895142e-01 1.027407137307661533e-01 5.498605315836956053e-02 2.542452941781351838e-01 1.556440701244743430e-01 1.243823418955886939e-01 1.896108142389813789e-01 9.722520110278015659e-02 7.600119214676488710e-02 1.790922090201749195e-01 1.090075897824755585e-01 1.135396761547536187e-01 1.577393742500112772e-01 1.721053765759686938e-01 1.293451282334911467e-01 1.344102634626625214e-01 8.886138033890041144e-02 1.044502144539207894e-01 1.373358100308946783e-01 9.220326099199126213e-02 8.610135287550728378e-02 9.232341391277801290e-02 9.744756059496771650e-02 3.795060669496353595e-02 3.563012642230333621e-02 5.096246905627681290e-02 4.864888842035024891e-02 7.380286509205674639e-02 5.658781554796291080e-02 5.357625935645938392e-02 2.984461425257393941e-02 3.238252002912807292e-02 6.440186986659666990e-02 1.206536892433378999e-01 9.145506470474418226e-02 1.186900049983738437e-01 8.787325699386323852e-02 7.343468111469468595e-02 7.843409222436505124e-02 7.333106764228448926e-02 1.511223942861681102e-01 3.573234412508473345e-02 6.379052523848278977e-02 8.664778765579446429e-02 6.017468006112364903e-02 8.150134144690875104e-02 7.152728710326496098e-02 1.049078398645006266e-01 1.038676581905398771e-01 1.239062947390411756e-01 3.886749259881618762e-02 3.930017095591530757e-02 7.657115175536403917e-02 7.117673023354337269e-02 1.522742636513618394e-02 3.311697085386057504e-02 4.041793056556371860e-02 3.368518749450026550e-02 5.219641072076512678e-02 5.341673622836304314e-02 3.962679220213528863e-02 6.144561028337561931e-02 5.261448605968807590e-02 5.877545630969193552e-02 4.369865036935681457e-02 4.995400155955403293e-02 6.364777441232122301e-02 4.117653598418740540e-02 2.763550291855729202e-02 3.405484421807528778e-02 2.221780068112265416e-02 3.549805470659934264e-02 2.610238201578002695e-02 3.713763704363793466e-02 4.459300618908320669e-03 1.977480942129080863e-02 3.298313997927129759e-02 1.929283043101955031e-02 1.252813704873439841e-02 1.804795978787807759e-02 5.007397471802646494e-02 1.033708057449067574e-01 4.493476214891612558e-02 3.411449561129964447e-02 2.886928236304763060e-03 4.006763978471607895e-02 2.682694883119363105e-02 2.233139821792350793e-02 4.523425519930938249e-02 7.501166751592863724e-02 5.535544913386343524e-02 2.760265098564347597e-02 3.309742296663313599e-02 4.058925157564266528e-02 1.170210752864804526e-02 4.785824206421739752e-02 3.581836922599956896e-02 4.776843818541912090e-02 4.962132081906472925e-02 6.757503933142691710e-02
1.798291510138373128e-01 1.000000000000000000e+00 9.931899364061420876e-02 1.425814901228107390e-01 1.422729346500440917e-01 8.289968070444271586e-02 1.813066627460761526e-01 1.597155608399768167e-01 1.962290220645149519e-01 1.607209858574430161e-01 1.533918052793105669e-01 1.713511500641458074e-01 1.699315320264022655e-01 1.370203488127925695e-01 1.706972999386727197e-01 1.816748183495907332e-01 1.718377206197680696e-01 1.328104072194975505e-01 1.362140267395653970e-01 1.717434029555267305e-01 1.480243320778104332e-01 1.648984654945365447e-01 1.982431194325854074e-01 1.409653702331253311e-01 1.316596853318995064e-01 1.855294386217569147e-01 1.689071171105485936e-01 1.743009795018756747e-01 1.733375213491053779e-01 1.915582371811208051e-01 1.785785655324642895e-01 1.857447808531035027e-01 1.618992322463798927e-01 1.731724303905085860e-01 1.833924942443750927e-01 1.688461303405039970e-01 1.669675275436625361e-01 1.733109782298135892e-01 1.745403765112909789e-01 1.529786167331297075e-01 1.619009168680622390e-01 1.605996257440716890e-01 1.517698279968602015e-01 1.685031778185963891e-01 1.655515938037867563e-01 1.646863036890876542e-01 1.615176658112621455e-01 1.685830306698422876e-01 1.764278597008149541e-01 1.695484491640795177e-01 1.728547468558553624e-01 1.598525598046814655e-01 1.627419163009825032e-01 1.733365297558100704e-01 1.744841000566212941e-01 1.659095836856170070e-01 1.844720061289641666e-01 1.590938661829606471e-01 1.723815096306198502e-01 1.758607735297753882e-01 1.678963301910366412e-01 1.754716693612104195e-01 1.694661563660171955e-01 1.802440778270869293e-01 1.760056998160055286e-01 1.813457184251407173e-01 1.684918509764061489e-01 1.618884805853013920e-01 1.786065754445745890e-01 1.679409035621725610e-01 1.523598510820673435e-01 1.595342688592355507e-01 1.603368398374342974e-01 1.536140569851822679e-01 1.638683671031389011e-01 1.673799179486534228e-01 1.625826307455891517e-01 1.689262633631021249e-01 1.682198903775408150e-01 1.646598757516254674e-01 1.654412006878456243e-01 1.654415782606735996e-01 1.740319572116105773e-01 1.650883818605481113e-01 1.545815137737456824e-01 1.597474684215764718e-01 1.571920449407007980e-01 1.611610426840742183e-01 1.584858866307475023e-01 1.605916859695037668e-01 1.525611680078757804e-01 1.577762939949783894e-01 1.624008545027626205e-01 1.565449442811109038e-01 1.596066150398896266e-01 1.622418252950757200e-01 1.592352742113596342e-01 1.727422774079404033e-01 1.675810101623647352e-01 1.633778139177837208e-01 1.488377424976240482e-01 1.647665802240087241e-01 1.584886584037898949e-01 1.599704290649677230e-01 1.613178211616906610e-01 1.733607827243034694e-01 1.719603534986559323e-01 1.615447076838879559e-01 1.626602811276230409e-01 1.649170257087227975e-01 1.581534386519042323e-01 1.688357873055682246e-01 1.678689060828446877e-01 1.659552040512479731e-01 1.664052584424325354e-01 1.716953666202148954e-01
1.414862498045807160e-01 9.931899364061420876e-02 1.000000000000000000e+00 3.982599447684562755e-01 2.281471658474637232e-01 2.343574570207466456e-01 3.974191697944313706e-01 3.813553510225518584e-01 3.895142564847807742e-01 3.319176009706223951e-01 3.965210733211816940e-01 4.042541495791531214e-01 3.443125737718671919e-01 3.329228318211691073e-01 4.143006074582878395e-01 3.963534908411305291e-01 4.047316694880005450e-01 3.445457482940483818e-01 3.655143158471944598e-01 3.627690418498882297e-01 3.740584915691162471e-01 4.015983866177665340e-01 4.087689623382394499e-01 3.559462696611623844e-01 3.676956806324268578e-01 4.450258573765335512e-01 4.295192316313042324e-01 4.293923075662173239e-01 4.230753790291791883e-01 4.352750046697709263e-01 4.338928582976897541e-01 4.380538703928406052e-01 4.222349588176097512e-01 4.161158051019736015e-01 4.192177236483853320e-01 4.172382613530593587e-01 4.323560926315674346e-01 4.169646939578763312e-01 4.308991988333614187e-01 4.207995227639623748e-01 4.062651693038246137e-01 4.192610494525295106e-01 4.074056304158635289e-01 4.206274747510159173e-01 4.222702445244557734e-01 4.054632064983851869e-01 3.915987529645454379e-01 3.867868546008985109e-01 3.924840554589549835e-01 4.206956252307996746e-01 4.182061975488167160e-01 4.249050943010930226e-01 4.062212880180712249e-01 3.756876295184773951e-01 3.811505699911456602e-01 4.082068455228446413e-01 3.746466023413327906e-01 3.916278850573468584e-01 3.875508543259209016e-01 3.859157738636135870e-01 3.967054458257281424e-01 3.769065079258963058e-01 3.848253106139098989e-01 4.090277777369374923e-01 4.001102532575399051e-01 3.793705462964736541e-01 3.959201658859251016e-01 3.968993737280331890e-01 4.150137704037633046e-01 3.992469599911478428e-01 3.947320735937791536e-01 4.010771955458585225e-01 3.941571651697545753e-01 4.035874686868804462e-01 4.158059870813186620e-01 4.137918153048417702e-01 4.178782510260917737e-01 4.039929596866262962e-01 4.113019757765694062e-01 4.125898022030298207e-01 4.125502952279288538e-01 4.153048323055361091e-01 4.194698346313027182e-01 4.175132847145930359e-01 4.107715365473373348e-01 4.119042562630003124e-01 4.141466736666690185e-01 4.049706843573452342e-01 4.124101936339406027e-01 4.066537065913909954e-01 4.136777408481048246e-01 4.029068928748497092e-01 4.115006956664215565e-01 4.044932168471473966e-01 3.847916041951396915e-01 3.858145221518455292e-01 3.965475940852833947e-01 4.050702448595348004e-01 3.868695036119506603e-01 4.002239946933550119e-01 3.949260946446192522e-01 3.911453483388476760e-01 3.982125741435963429e-01 3.965828974902189108e-01 4.099627168553007239e-01 3.807059831788440762e-01 3.945920103077111274e-01 3.902516843591329332e-01 3.922193604150540081e-01 3.870910781444807935e-01 3.865376622307354348e-01 3.879854436163630571e-01 3.833277268158885587e-01 3.957920282983818927e-01 3.947967313370731035e-01 3.923571241010722077e-01
2.002001887795354373e-01 1.425814901228107390e-01 3.982599447684562755e-01 1.000000000000000000e+00 3.576915390221614421e-01 3.660451230811444523e-01 6.040330412890976275e-01 5.765243450273939141e-01 5.887764456661781498e-01 5.170029854818378734e-01 5.944181668066934598e-01 6.358048460467357055e-01 5.456878358329487755e-01 4.788066446256658559e-01 6.274336002648256416e-01 6.099260160780086704e-01 5.807225091512642212e-01 5.190412788792606591e-01 5.272539875536476073e-01 5.554029533065557578e-01 5.819959721562822930e-01 5.871966418239072949e-01 6.168018353820912125e-01 5.095375381356315181e-01 5.139597288971715638e-01 6.575839538122092431e-01 6.177865579672688900e-01 6.330172343664725032e-01 6.353762430118722326e-01 6.531138931738175168e-01 6.465808512464428226e-01 6.403230257443920381e-01 6.246148732845884233e-01 6.234742516010812752e-01 6.340374770461092435e-01 6.259479457640252376e-01 6.292243343569808856e-01 6.266456316917154989e-01 6.517981279720286292e-01 6.050042942492251941e-01 5.997075737852647359e-01 6.128801268771376654e-01 6.268613720712424842e-01 6.293957635233065062e-01 6.254088114290735634e-01 6.160652202573696501e-01 5.838015758149464052e-01 5.892735898786753967e-01 6.047898106182779676e-01 6.431232960850810088e-01 6.357976284319363236e-01 6.403478575869950840e-01 6.134310682739188003e-01 6.014356180465216806e-01 6.051299072289808567e-01 6.210763331557761502e-01 6.172355799776571006e-01 6.010790979778940502e-01 6.034080879323435731e-01 5.989342111902149490e-01 6.125549801875286304e-01 5.988778411583409733e-01 6.104052933965267158e-01 6.324413166908234851e-01 6.121670096063694944e-01 6.114882086311883569e-01 5.920626819976418931e-01 5.919581409345160417e-01 6.202536094331264627e-01 6.000097865561089261e-01 5.870446590207847315e-01 5.910197341272410698e-01 5.868342484247375257e-01 5.897637803743794871e-01 6.157272899393096965e-01 6.129235377946113950e-01 6.049356780630332775e-01 6.117397433020042019e-01 6.063259764056923018e-01 6.108434802692240817e-01 6.129579931180484387e-01 6.181223683507571787e-01 6.225216633123200616e-01 6.123853686690750031e-01 6.105321183212101266e-01 6.105882386509731141e-01 6.089931391541208994e-01 6.101588774089778955e-01 6.092308449766963285e-01 6.132732505102858056e-01 5.971133834311764810e-01 5.987346364747675453e-01 6.116327339496219206e-01 6.003563346545819357e-01 5.808671952713976294e-01 5.850355165765797061e-01 6.165100085996377821e-01 6.332703369589698372e-01 6.056504489713706585e-01 6.022768620733739420e-01 5.978060974445335019e-01 6.090171301201418030e-01 5.968989600523312289e-01 5.986718814135957301e-01 6.147435658393746172e-01 6.106170407266378053e-01 6.056328083638814475e-01 5.924974537606807479e-01 6.019120156329332838e-01 5.980431810937633097e-01 5.864680919334916975e-01 5.920317866422437625e-01 5.958115010372407871e-01 6.076928149243741029e-01 5.971871803860052674e-01 6.069388788045340100e-01
1.550510362557496191e-01 1.422729346500440917e-01 2.281471658474637232e-01 3.576915390221614421e-01 1.000000000000000000e+00 3.176292662809669931e-01 5.005405994370543121e-01 4.544340618410394050e-01 4.808387756610646435e-01 4.074083789004035450e-01 4.532813502885822965e-01 4.768494231754080714e-01 4.577070529151945344e-01 3.775918881845945485e-01 5.107113620117540442e-01 5.000885838716631060e-01 4.468810229817720137e-01 3.795378654765431126e-01 4.020601030544885823e-01 4.070795123255344095e-01 4.312220861506119163e-01 4.490253871952209486e-01 4.927276795689387034e-01 4.075994641303035682e-01 4.053308033195021642e-01 5.116723863326103627e-01 4.880224205372501456e-01 4.963472643877132606e-01 4.685617058340221797e-01 4.992360557770779139e-01 5.007304260379791261e-01 4.923713572116305004e-01 4.836844441112409521e-01 4.751293537499081121e-01 4.868683849507011718e-01 4.635852096710312287e-01 4.868957110019898615e-01 4.878753952436809538e-01 5.047093301239269358e-01 4.676899531399117405e-01 4.813585968489633715e-01 4.873194864444535535e-01 4.905361870686706371e-01 4.995470212043833236e-01 4.835699550442143502e-01 4.971874833305587882e-01 4.819699602797656857e-01 4.793885085324127715e-01 4.845431698945047994e-01 4.855972130103234918e-01 4.987035142648833519e-01 4.680328569651968640e-01 4.798503385792945442e-01 4.809492867958856666e-01 4.814274400899517525e-01 4.897221364302874469e-01 4.720190561309970390e-01 4.803313368565906294e-01 4.773420715867678354e-01 4.884861942123296941e-01 4.928044230420340899e-01 4.817863346022346338e-01 4.775274327016489351e-01 4.954597696938393692e-01 4.778777040591855041e-01 4.777603989421269626e-01 4.777259504468862050e-01 4.781280127428004234e-01 4.960737744269509419e-01 4.870741500143870861e-01 4.677336914140756141e-01 4.724579037618949484e-01 4.731538946751364660e-01 4.719386027713440290e-01 4.904625656335460104e-01 4.851673424688204284e-01 4.868750226119317182e-01 4.799947011810085096e-01 4.891646606174082090e-01 4.836534472690005582e-01 4.877378897875864205e-01 4.880271927377857200e-01 4.861911523885104058e-01 4.804094616306584520e-01 4.794849836015415701e-01 4.831593625377938461e-01 4.793751585088164568e-01 4.867810133818960550e-01 4.852958808651314793e-01 4.821541221952774237e-01 4.738009618271612489e-01 4.834071300980208319e-01 4.851995448737069783e-01 4.840557172509268868e-01 4.748270786562867052e-01 4.758694504534452530e-01 4.825207649697420553e-01 4.859407514365981506e-01 4.851683486008826485e-01 4.815703908645442288e-01 4.781260461225129155e-01 4.792375347454024825e-01 4.767721379158397221e-01 4.812529060526164471e-01 4.803963896896550345e-01 4.763599149969668933e-01 4.847873061564204056e-01 4.800586503276746964e-01 4.809586312991504520e-01 4.878423965277844387e-01 4.722266851047534630e-01 4.827951105047650904e-01 4.761332358450411362e-01 4.854800315685758316e-01 4.767998735930689680e-01 4.790064313335214430e-01
7.049390608192927440e-03 8.289968070444271586e-02 2.343574570207466456e-01 3.660451230811444523e-01 3.176292662809669931e-01 1.000000000000000000e+00 4.783532488706199182e-01 4.525024452342126247e-01 5.104500160441985956e-01 4.940355310144683987e-01 5.193688134005775003e-01 5.509859966518357854e-01 5.174081997983115411e-01 4.953634255332489689e-01 5.674197657101951453e-01 5.605240699929250336e-01 4.907606436212481604e-01 4.262266944349965558e-01 4.751346639003884431e-01 4.219429223416527597e-01 4.622168901083553161e-01 5.078654524325195707e-01 5.015485327615081257e-01 4.323468073219975394e-01 4.467481948389522839e-01 5.394894979770872290e-01 5.454572329392614050e-01 5.359642256911680835e-01 5.236473072755366553e-01 5.434957061974237114e-01 5.621260725323508067e-01 5.364023782375428873e-01 5.073383896118993652e-01 5.185182072445025936e-01 5.213497988832490604e-01 5.252714168575159936e-01 5.472199803307745691e-01 5.511811399739527939e-01 5.669878419370961709e-01 5.349822905555299268e-01 5.677723469925021194e-01 5.677796478641540245e-01 5.715121718178151067e-01 5.774241240573902978e-01 5.687112052656486672e-01 5.736344835201808712e-01 5.789920689223477801e-01 5.814965494479641395e-01 5.755927528056503650e-01 5.385872373203247632e-01 5.680826923585508004e-01 5.368194425773239464e-01 5.701591136994337283e-01 5.805537527936721620e-01 5.760271521741112677e-01 5.733420399340148910e-01 5.598763026843804891e-01 5.802982218162187067e-01 5.811212168681807455e-01 5.799932162340210029e-01 5.828870034673012679e-01 5.804166087783945160e-01 5.806542636886510289e-01 5.774982008538034339e-01 5.637911553109413720e-01 5.681379372104526926e-01 5.768790156309934192e-01 5.698152706941310708e-01 5.752313709379329731e-01 5.724164716199967584e-01 5.705428862842774063e-01 5.707998954039495976e-01 5.532723618111696773e-01 5.597593832511255085e-01 5.773520392791570144e-01 5.786237942866730988e-01 5.726475276465369246e-01 5.754873336756056723e-01 5.744805266724668513e-01 5.761373007335760521e-01 5.772544811530397890e-01 5.803406725351669682e-01 5.708762201713302176e-01 5.734895530962497157e-01 5.660773566765668896e-01 5.701699295313372717e-01 5.728350821042659247e-01 5.780606563717488600e-01 5.764342043194036203e-01 5.718696598635815143e-01 5.618876887710017032e-01 5.792991717634046189e-01 5.796646926150319512e-01 5.776597485191462544e-01 5.806662349698902270e-01 5.826563242794533526e-01 5.682887918326087195e-01 5.643801920157524021e-01 5.793150641734899908e-01 5.724985008575758094e-01 5.781429842625422921e-01 5.793135971835523534e-01 5.791356591134250165e-01 5.823578358030654378e-01 5.705638910147682319e-01 5.784718248132071361e-01 5.807192124372846376e-01 5.811495402482615980e-01 5.809011413939914048e-01 5.850320290003939716e-01 5.795594807726749398e-01 5.827806943015322316e-01 5.843738994776411788e-01 5.797743846885714536e-01 5.749111171018645994e-01 5.780426642654705738e-01
2.188091017620857059e-01 1.813066627460761526e-01 3.974191697944313706e-01 6.040330412890976275e-01 5.005405994370543121e-01 4.783532488706199182e-01 1.000000000000000000e+00 7.188490894404367948e-01 7.242224891311547230e-01 6.441621639972183733e-01 7.222506354981707011e-01 7.667008395447548752e-01 6.913832254187759485e-01 5.921596204387737927e-01 8.146101012010275033e-01 7.816765909846601357e-01 6.991323004720257916e-01 6.499860809272940410e-01 6.671710015797557292e-01 6.773438495662671421e-01 6.873982327817801385e-01 7.336178682794549655e-01 7.672632893410453736e-01 6.795159445159814071e-01 6.731278472787222134e-01 8.256282087435687922e-01 7.585085765524357537e-01 8.020812539709316624e-01 7.679449123739343630e-01 8.107314608959903524e-01 7.971981093999381818e-01 7.970716917442887128e-01 7.669607800337138181e-01 7.624155750870746928e-01 7.781545786673621512e-01 7.380647978172562018e-01 7.761570429077114808e-01 7.801760522773470985e-01 8.013016690137653164e-01 7.575283645764356866e-01 7.549508742395063532e-01 7.734440528191831588e-01 7.813529066463519301e-01 7.822466465650766976e-01 7.708458532567529220e-01 7.814526609342313801e-01 7.414176337764124547e-01 7.401645843022147675e-01 7.456020366488708140e-01 7.697044254132595631e-01 7.803020226055638053e-01 7.496595177840678081e-01 7.559929279988248929e-01 7.471641101320887213e-01 7.567961472283925017e-01 7.723929680860527336e-01 7.359258005736298847e-01 7.568122844143309047e-01 7.532490732693966073e-01 7.460943972381354206e-01 7.594484023190437583e-01 7.516362651972984255e-01 7.527720102431756377e-01 7.649503305145861631e-01 7.358494007608350485e-01 7.377107443532913145e-01 7.401679113860701875e-01 7.507314034922483170e-01 7.805057766884344606e-01 7.553462491048531513e-01 7.331574240330912540e-01 7.486704504958600070e-01 7.547263160866829468e-01 7.435655807158356723e-01 7.716128052460549114e-01 7.657859262548528667e-01 7.659966259530627264e-01 7.548718648963606004e-01 7.714450388234879163e-01 7.640981171250105231e-01 7.665865413913455217e-01 7.605184540046335817e-01 7.689512598650364295e-01 7.660304574932674804e-01 7.574778813799649679e-01 7.596379631333690652e-01 7.572918984041580037e-01 7.632198247083963327e-01 7.631276723060179679e-01 7.663199532143072368e-01 7.526455441483524966e-01 7.534730947278132085e-01 7.615608436518499502e-01 7.579699393114414097e-01 7.313914591353611883e-01 7.346458671015942965e-01 7.588626204661501617e-01 7.532838764373740448e-01 7.529546512394845736e-01 7.488898213125890768e-01 7.492387466605774371e-01 7.509452732918265871e-01 7.353098329365143071e-01 7.461610478684547187e-01 7.502593003060485932e-01 7.457265252004507960e-01 7.461603769923703666e-01 7.403191039371331827e-01 7.529620124408992199e-01 7.503849907483928217e-01 7.432321026083558158e-01 7.410442357729289942e-01 7.413790107421341924e-01 7.480163319467046934e-01 7.354189712565177839e-01 7.417706594028191658e-01
1.527571693387887453e-01 1.597155608399768167e-01 3.813553510225518584e-01 5.765243450273939141e-01 4.544340618410394050e-01 4.525024452342126247e-01 7.188490894404367948e-01 1.000000000000000000e+00 7.176217183960580392e-01 6.455212988325564893e-01 7.176149533741821296e-01 7.584914026068130255e-01 6.859366833681480591e-01 6.230619895271420905e-01 7.757909064636283603e-01 7.716622373222662423e-01 6.846243613648476112e-01 6.155526415190273326e-01 6.380878059863434038e-01 6.490045948196406789e-01 6.734563251934126971e-01 6.972130754815891729e-01 7.242420459492716622e-01 6.391239453569498297e-01 6.261885291650294283e-01 7.908202684424524564e-01 7.348453425195394795e-01 7.648109579257755808e-01 7.347906501123131484e-01 7.762061008993603739e-01 7.730515535308600805e-01 7.806426541706964484e-01 7.574738431965558627e-01 7.607514161424905330e-01 7.592382675883991849e-01 7.326404515285154240e-01 7.527095020284894078e-01 7.921106599447690355e-01 7.872680069558619653e-01 7.552169446021766985e-01 7.597261917753169724e-01 7.674299038406177109e-01 7.623843727433443629e-01 7.774768352552279271e-01 7.612458735582692260e-01 7.724054832056929110e-01 7.504463982141017508e-01 7.499306388157200853e-01 7.596245224998129375e-01 7.825981430067191491e-01 7.904639300211317998e-01 7.466196171841783524e-01 7.551386546091545249e-01 7.501178258818111955e-01 7.596366035839542397e-01 7.746714511931449554e-01 7.438119666861227053e-01 7.642141897665876149e-01 7.646960752536673400e-01 7.448445008148160129e-01 7.675192605567597859e-01 7.541388915206004295e-01 7.628865103484177013e-01 7.689911873912821383e-01 7.395256612427685283e-01 7.410980132423855560e-01 7.506593272917846393e-01 7.519301791511069366e-01 7.743314797879362610e-01 7.573469569317264893e-01 7.381552696351532106e-01 7.439185331886117858e-01 7.482768765717300319e-01 7.331574218793754927e-01 7.688210468330862746e-01 7.623147339507228004e-01 7.592429768911299615e-01 7.527683208934505821e-01 7.601560013779689040e-01 7.596207371452180501e-01 7.628804328161313819e-01 7.612055992922652781e-01 7.674809645058274787e-01 7.617855297824623895e-01 7.683578958538646031e-01 7.642571337027870282e-01 7.548004549535366481e-01 7.716875036969591539e-01 7.626030551921314515e-01 7.673588635682421222e-01 7.527449979102711630e-01 7.589903316926076560e-01 7.628807325307769283e-01 7.580998090805809442e-01 7.461091947841980154e-01 7.474633311053435758e-01 7.685199134104314656e-01 7.676243545836841653e-01 7.638337765022481518e-01 7.618216229536465267e-01 7.504485086336813993e-01 7.638859795477088710e-01 7.474325067391363042e-01 7.572931233750769264e-01 7.568190117494970615e-01 7.533833350805108076e-01 7.596743773735622485e-01 7.509582451485522503e-01 7.617887819570795527e-01 7.599297945092741147e-01 7.541374265810207866e-01 7.493525170001777980e-01 7.523192447163502550e-01 7.572341737860347477e-01 7.448460570397976710e-01 7.511243679794203931e-01
2.130115041744051751e-01 1.962290220645149519e-01 3.895142564847807742e-01 5.887764456661781498e-01 4.808387756610646435e-01 5.104500160441985956e-01 7.242224891311547230e-01 7.176217183960580392e-01 1.000000000000000000e+00 7.466655706811990978e-01 7.942503840857819686e-01 8.321475086584446679e-01 7.513201431602092306e-01 7.115463504861854194e-01 8.486956198872167567e-01 8.415579322784149108e-01 8.005960710079407239e-01 6.344666010074159201e-01 6.979683794456049695e-01 6.848296045581566682e-01 6.899289264872134897e-01 7.795054705539593565e-01 8.017433480353710618e-01 6.585878114853114251e-01 6.795479773267435464e-01 8.498786612630695458e-01 8.309704008525680141e-01 8.279176162443094844e-01 8.091631420228957428e-01 8.419141661712821190e-01 8.631314763270673263e-01 8.296973565671350581e-01 7.680296158040406107e-01 7.918749294350116985e-01 8.031092398731437543e-01 8.051512336095404399e-01 8.215951739108781071e-01 8.336825223625459191e-01 8.524527017310982169e-01 7.907887155318539252e-01 8.472819935248950829e-01 8.367428925041666687e-01 8.245065897386717468e-01 8.626606623693081621e-01 8.451813546100441776e-01 8.486213468063511511e-01 8.540595750462861568e-01 8.618112786910142598e-01 8.639575369122275417e-01 8.266154397846213753e-01 8.542263440455728496e-01 8.391037709857006588e-01 8.621971041981681960e-01 8.708323761965637289e-01 8.597773759917123337e-01 8.535183671551703766e-01 8.659345007867070843e-01 8.480983374391328766e-01 8.623354248076039452e-01 8.739432934474617998e-01 8.661949693222211755e-01 8.684312576093919933e-01 8.617462987214358217e-01 8.745916746472721659e-01 8.713739461725257263e-01 8.744994816282192218e-01 8.592543217666706035e-01 8.424512266882755451e-01 8.630384773886967675e-01 8.505919744313222841e-01 8.327966916797118202e-01 8.443156869602944647e-01 8.203091728360122348e-01 8.194669976447820359e-01 8.609798298337585365e-01 8.618172060922021371e-01 8.492607321448514268e-01 8.581975425952732550e-01 8.569805598502168165e-01 8.591739472786650289e-01 8.566741647091432599e-01 8.626775874655209231e-01 8.603308450228712712e-01 8.477555534070005949e-01 8.348622112958442587e-01 8.438391188135789811e-01 8.440478651585625602e-01 8.513542234572656353e-01 8.489105290619373134e-01 8.460896077101593971e-01 8.238323107311699145e-01 8.495107708521749679e-01 8.545481705113796567e-01 8.476013589789475056e-01 8.520696919397769964e-01 8.547588765942567557e-01 8.404885367578958100e-01 8.636019087344903866e-01 8.577800016446592846e-01 8.486577160898870487e-01 8.395703794318144508e-01 8.556998865217999573e-01 8.520756883546750649e-01 8.545274866357864818e-01 8.556417301043098833e-01 8.619723269121346565e-01 8.674098604861110173e-01 8.562459973604696906e-01 8.549042048109007919e-01 8.625990213182243016e-01 8.449304118395616348e-01 8.665627778683057114e-01 8.580273154490510867e-01 8.635087582200203782e-01 8.630826171605067154e-01 8.697097541067844162e-01
5.340724392562967021e-02 1.607209858574430161e-01 3.319176009706223951e-01 5.170029854818378734e-01 4.074083789004035450e-01 4.940355310144683987e-01 6.441621639972183733e-01 6.455212988325564893e-01 7.466655706811990978e-01 1.000000000000000000e+00 7.461497185955598965e-01 7.841718309154733779e-01 7.297126525829398247e-01 6.955118758128208123e-01 7.993826846049107981e-01 7.838094681221353666e-01 7.150170546032964536e-01 5.959082393164600866e-01 6.670998575758582128e-01 5.800879663529248109e-01 6.176224819718033610e-01 7.233574394446843359e-01 7.270261029885031201e-01 6.266475042534026541e-01 6.495523768285048627e-01 7.720762867619560543e-01 7.830089615549274962e-01 7.757620758829243401e-01 7.416469510741834359e-01 7.668917774106936980e-01 7.992303508286831004e-01 7.809757550104682311e-01 7.397103576508392564e-01 7.584734241324523341e-01 7.429923697586646725e-01 7.626161412149550234e-01 7.797954122226823381e-01 7.984630272003069296e-01 8.071983022511993733e-01 7.756453747631760764e-01 8.167085040677911634e-01 8.135236813200815709e-01 7.923876528804817410e-01 8.182829762881970170e-01 8.111290470323863078e-01 8.104063533413996545e-01 8.290350200913000345e-01 8.332523004369459807e-01 8.271708159407351602e-01 7.743465233907361744e-01 8.159267524464777210e-01 7.748779434624590845e-01 8.044375783767384602e-01 8.207651333765751955e-01 8.122501331210667530e-01 8.172422615271940360e-01 7.911068146890024577e-01 8.188832193837755069e-01 8.252591300266984842e-01 8.177201630591051096e-01 8.267008859185966951e-01 8.159475150771026142e-01 8.171168588130803823e-01 8.206340014071915601e-01 8.132768441900957157e-01 8.073007916182832755e-01 8.310595675995469112e-01 8.165357095311729374e-01 8.260666392050196594e-01 8.080239805064609593e-01 8.085335362188450503e-01 8.170199216777852547e-01 7.985732111112789910e-01 7.938061909391282978e-01 8.294328144154827775e-01 8.299086173768609465e-01 8.259148851723354667e-01 8.210116622645735607e-01 8.232395970272995411e-01 8.232121096739791755e-01 8.282213300802766520e-01 8.305714519568097032e-01 8.265497335711711191e-01 8.215122684716927859e-01 8.164414922876700453e-01 8.217980542114631248e-01 8.227835807630639042e-01 8.301386758504741836e-01 8.267377094269123816e-01 8.228688561183777894e-01 8.167637003225152181e-01 8.293015753870023321e-01 8.285418820234213833e-01 8.281413176309221358e-01 8.319590976464666943e-01 8.322225258534056147e-01 8.145726452409151053e-01 8.137464329231377524e-01 8.287469022691689169e-01 8.254909987132115212e-01 8.215928637037627214e-01 8.290064177005509460e-01 8.249508527298734517e-01 8.301004825694792144e-01 8.242571889500610594e-01 8.180836458341157469e-01 8.330574130578694003e-01 8.318033727752457418e-01 8.304461547557395740e-01 8.315383269524305732e-01 8.282728328567245946e-01 8.287040042998704559e-01 8.285526545650599983e-01 8.287447318584891809e-01 8.269030644361130555e-01 8.242288117536662462e-01
8.645751387579062031e-02 1.533918052793105669e-01 3.965210733211816940e-01 5.944181668066934598e-01 4.532813502885822965e-01 5.193688134005775003e-01 7.222506354981707011e-01 7.176149533741821296e-01 7.942503840857819686e-01 7.461497185955598965e-01 1.000000000000000000e+00 8.639964131635068378e-01 7.799606932718643471e-01 7.356689212823391832e-01 8.700080787376517355e-01 8.494148938069626675e-01 7.654232353411684064e-01 6.795168822138673015e-01 7.421862307113933355e-01 6.562963961039188776e-01 7.178010277725517252e-01 8.026413467573280114e-01 7.985529305678231715e-01 7.030978133029587296e-01 7.293848618159732844e-01 8.667471145216539830e-01 8.464092202798030318e-01 8.550395241273196500e-01 8.104390554040231676e-01 8.597323265901688494e-01 8.831288872972504755e-01 8.578072042929454355e-01 8.231874541793708921e-01 8.278753434819662305e-01 8.384147563769848155e-01 8.321427263681618891e-01 8.622264969362550824e-01 8.668373816001965215e-01 8.861267818286308051e-01 8.499928753776151424e-01 8.817735423930971317e-01 8.781860601647060172e-01 8.725857455339096624e-01 8.888035753500589387e-01 8.832338788829356968e-01 8.833385235443986794e-01 8.812234286704011543e-01 8.870827951459999694e-01 8.841662413879987081e-01 8.516330870405893760e-01 8.826773556349097882e-01 8.542072534868082601e-01 8.786371511276330759e-01 8.788850678147382967e-01 8.756601612879586494e-01 8.915854406653876962e-01 8.537842272126281440e-01 8.851442248732592777e-01 8.819510381205825089e-01 8.755265088458981104e-01 8.904630100923358604e-01 8.775162395705563556e-01 8.803961814088190341e-01 8.838632112014999098e-01 8.703868246645889428e-01 8.668920359146953247e-01 8.890303608337097874e-01 8.798809470094002272e-01 8.907869788662958754e-01 8.745107417515571857e-01 8.757269632916458990e-01 8.839996640996542476e-01 8.608795302135527905e-01 8.639767712486796647e-01 8.971881421074558993e-01 8.928908488192286441e-01 8.906439049964807175e-01 8.774263600337792735e-01 8.882846866551870058e-01 8.956986169462732850e-01 8.936692535133622384e-01 8.938654462153189373e-01 8.911083561905682737e-01 8.918947963416595792e-01 8.804726181610968982e-01 8.842604271895556645e-01 8.903370376420629562e-01 8.910230600012171154e-01 8.939699038347503901e-01 8.907800075969064535e-01 8.819257372693778407e-01 8.918451302717822493e-01 8.925809557005882633e-01 8.917043004476455925e-01 8.860524958895935610e-01 8.888493733246903838e-01 8.800596504132582876e-01 8.774712447424299899e-01 8.890690054503127548e-01 8.846889822740252596e-01 8.861756890833516476e-01 8.893474932042431114e-01 8.864933984665004374e-01 8.925042222481202048e-01 8.908055889348110989e-01 8.812335413565542952e-01 8.907787498315248298e-01 8.889682035903486712e-01 8.923137363654257692e-01 8.921371606057281189e-01 8.877614015930818114e-01 8.861365933096865266e-01 8.874513853100851613e-01 8.889630029963833113e-01 8.851225864191705206e-01 8.859796743681449538e-01
8.985972387293524044e-02 1.713511500641458074e-01 4.042541495791531214e-01 6.358048460467357055e-01 4.768494231754080714e-01 5.509859966518357854e-01 7.667008395447548752e-01 7.584914026068130255e-01 8.321475086584446679e-01 7.841718309154733779e-01 8.639964131635068378e-01 1.000000000000000000e+00 8.231010472611215434e-01 7.750452771306879374e-01 9.148326478375465864e-01 9.073090943816080056e-01 8.098079813519868386e-01 6.883775226322038643e-01 7.613743432104286279e-01 6.892774977056447261e-01 7.473019847700059781e-01 8.310278625568280342e-01 8.268061216820308257e-01 7.119435427686847673e-01 7.364470986891710202e-01 9.020921275124209604e-01 8.890904077762784574e-01 8.880651139937860705e-01 8.547107433296572410e-01 8.967457406091114969e-01 9.250136848344168161e-01 8.903428424077449721e-01 8.575139761432633012e-01 8.677072158966482318e-01 8.721006943110533038e-01 8.758780051183253645e-01 8.996241295468486721e-01 9.124603851568729995e-01 9.296977207954543188e-01 8.839697367136504225e-01 9.218450126125772304e-01 9.154829341046799573e-01 9.175128768429832160e-01 9.374832578308199826e-01 9.241982101060925991e-01 9.308731034045607533e-01 9.275799211310687964e-01 9.292810308297370092e-01 9.276128561435138531e-01 8.991360041714729912e-01 9.272911681181902344e-01 8.981321704425329067e-01 9.218284495795213696e-01 9.271802139779491414e-01 9.235513689374573731e-01 9.301041345708438435e-01 9.039945405063097850e-01 9.318519072805413472e-01 9.279262936618577484e-01 9.266327281630876156e-01 9.372896447443995749e-01 9.280530693204581683e-01 9.296456145300113771e-01 9.335045162228833293e-01 9.194962946561957562e-01 9.183355946570822548e-01 9.301623338920445017e-01 9.159332652779451633e-01 9.295748565914888628e-01 9.143381388954922029e-01 9.131401037290935996e-01 9.193223471367626409e-01 8.937668602269330798e-01 8.966063593815807309e-01 9.378714565429485672e-01 9.344126206765702713e-01 9.266204241509564676e-01 9.243051283308321153e-01 9.265466261520725055e-01 9.347157898977236368e-01 9.349106254006914751e-01 9.379405570077785637e-01 9.325592955879320467e-01 9.304068969296585001e-01 9.223989542866467550e-01 9.246263032065150655e-01 9.293761882736224500e-01 9.336916852059988781e-01 9.336316082459825694e-01 9.301789713422901063e-01 9.145053985468228896e-01 9.309806275836211009e-01 9.352695142210685209e-01 9.323385979209772856e-01 9.299756806640293583e-01 9.319155498863477272e-01 9.203641003107266849e-01 9.257003513966459707e-01 9.342769339506785675e-01 9.278637050432843036e-01 9.269012142762889095e-01 9.348532791727516278e-01 9.291122895924579517e-01 9.356821246793951552e-01 9.328401248890575426e-01 9.275911320173061414e-01 9.352339181233643162e-01 9.327532267974524283e-01 9.351157119299472464e-01 9.370487943491790928e-01 9.301861082493205757e-01 9.329401073669341127e-01 9.333197646834923145e-01 9.359583848817104590e-01 9.290720216495055306e-01 9.335172784623124720e-01
6.107791081917295084e-02 1.699315320264022655e-01 3.443125737718671919e-01 5.456878358329487755e-01 4.577070529151945344e-01 5.174081997983115411e-01 6.913832254187759485e-01 6.859366833681480591e-01 7.513201431602092306e-01 7.297126525829398247e-01 7.799606932718643471e-01 8.231010472611215434e-01 1.000000000000000000e+00 7.162697914644126085e-01 8.391001919761658101e-01 8.255707953745199390e-01 7.453667249107895909e-01 6.247442666117253296e-01 7.003429100640707894e-01 6.134558086907283547e-01 6.718960723794397127e-01 7.624972735905927168e-01 7.542958521830660512e-01 6.519049907819850498e-01 6.910501784611030596e-01 8.193846885618519815e-01 8.072388882016292566e-01 8.093917176180872586e-01 7.718444007916988037e-01 8.077518779993348996e-01 8.354643223795868989e-01 8.034715659612561289e-01 7.690724646899698147e-01 7.753253462724091216e-01 7.757237533860081857e-01 7.942104502851116132e-01 8.129326188926876418e-01 8.164502242679028132e-01 8.406033739166796082e-01 8.108628872312406699e-01 8.453063096046150582e-01 8.436659211483883425e-01 8.390749317772961957e-01 8.531395414897712248e-01 8.477765971579918070e-01 8.419058624757489451e-01 8.525076148683162769e-01 8.511894279019133203e-01 8.440067254311568457e-01 8.033550891943205263e-01 8.410197599682925906e-01 8.117157595556907523e-01 8.387901591964829207e-01 8.390501923182996924e-01 8.334228233012022091e-01 8.479451740170130813e-01 8.062728222387212096e-01 8.488114212810179415e-01 8.449061898754456346e-01 8.480627430066703942e-01 8.534245013369828881e-01 8.402152135424370005e-01 8.363995892192660486e-01 8.462746225850870108e-01 8.338938618056687124e-01 8.261764720556957764e-01 8.504259637389713911e-01 8.403955473643249796e-01 8.458927112895565648e-01 8.315755591597142615e-01 8.393022598267608769e-01 8.443892355172160080e-01 8.200615903619693503e-01 8.292547264453296041e-01 8.573029880395551805e-01 8.523276295497512756e-01 8.465769119583544944e-01 8.427194395373318603e-01 8.466895306633437368e-01 8.465665438432085077e-01 8.502741108103147871e-01 8.547732483706289575e-01 8.517410344388548493e-01 8.443686207615112016e-01 8.400272893306132138e-01 8.419405093892728953e-01 8.481881662903699715e-01 8.519015859346962261e-01 8.522476219712791234e-01 8.509686712459998414e-01 8.419860624160876439e-01 8.551026673728083782e-01 8.557767481942433196e-01 8.548593159414005216e-01 8.517664852179981372e-01 8.524694157522954008e-01 8.380136730795065825e-01 8.357167958053530743e-01 8.502607313130807754e-01 8.489072965713858610e-01 8.533310667695399587e-01 8.489686710109636270e-01 8.527786300118790352e-01 8.561922490478793835e-01 8.506366064699727447e-01 8.398444675599694431e-01 8.519366152042522344e-01 8.524135221070976431e-01 8.537172851109922078e-01 8.567048419538667581e-01 8.504439624680618648e-01 8.531780637295305336e-01 8.494831192305563050e-01 8.547075509469035381e-01 8.491443175438987412e-01 8.492376370750582826e-01
