1.000000000000000000e+00 7.708845645621860421e-02 3.957039426922538683e-02 7.851867595598444050e-03 8.837664773152830236e-03 5.424367845728212539e-02 5.135805413952825027e-02 3.310011826615890523e-02 6.367276340746277907e-02 7.525266721156743943e-02 2.723922227500935600e-02 -6.836096679639021116e-03 1.156138164153738129e-02 3.062231291005183820e-02 2.364962375190386018e-02 1.380195657966313411e-02 9.417831704329233944e-02 7.169687136195630750e-02 6.084341826444256834e-02 4.187202146817910371e-03 2.331092606997321390e-02 2.681396816952414178e-02 7.766518317546891592e-02 7.331782388880599133e-02 4.265193925739826225e-02 6.646206352397775186e-02 4.120146458789224198e-02 5.652793911602560506e-02 7.734023339814076470e-02 7.378701133135960599e-02 5.845066936925577550e-02 4.508780767634618797e-02 6.890360111809774868e-02 3.562980482302360169e-02 7.011957867049121995e-02 3.862800486950821593e-02 5.968125125588934210e-02 1.911623316893802660e-02 3.152364631208151580e-02 -1.171224307278412660e-02 1.933717899714265664e-02 9.706812076848155002e-03 8.698222053376976695e-03 6.284390459999998103e-03 2.275898093952274590e-02 1.703199524389937061e-02 4.461445340181302913e-03 1.644388036049104426e-02 8.518874409614260110e-03 1.613662662203706535e-02 7.400918586497278948e-03 2.115705247710438636e-02 7.517647806082405383e-03 4.613434829873224591e-02 3.442986036473902334e-02 2.738716279099052964e-02 4.049771411926793990e-02 1.430756860493223072e-02 3.788623092841327585e-03 1.988920320145214776e-02 2.328228184141448859e-02 1.689465777830357132e-02 1.390343609821683910e-02 1.816960815882412428e-02 3.164139295857801987e-02 3.391786023856425275e-02 1.806441783029762160e-02 2.647651402419943373e-02 3.315187950291050706e-02 6.697505056781914538e-03 2.847982906783817943e-03 2.682466801014479763e-02 2.802876560547354692e-02 2.007705295940185458e-02 1.692791639059196274e-02 2.112030878854051150e-02 2.484657854719802758e-02 3.671557612256105135e-02 2.997397027614836715e-02 3.626723105080880555e-02 3.143824468647812842e-02 2.545170899179969790e-02 2.738123276127580469e-02 4.129483443770887163e-02 1.231703545884771551e-02 2.191318575118622256e-02 2.519350813145086396e-02 6.378624299394624816e-03 1.372819571737223660e-02 1.970229331513253385e-02 5.578107581461619856e-03 6.005558214688188484e-03 1.027371592621924117e-02 8.620394511247832237e-03 3.575946144737548321e-03 1.251180617004578853e-02 -1.669764858887778404e-03 3.026765876623839849e-02 1.028809878854491586e-02 5.580725079744280545e-03 6.150989171085276958e-03 1.568163698437929215e-02 4.530203117470027636e-03 2.952364844503098384e-03 1.709070624679493236e-02 2.851433722660823289e-02 1.541547892909016573e-02 1.822754964862905239e-02 1.530859888700632047e-02 3.414964624767724034e-03 -1.795140047962013674e-03 1.191409418722507753e-02 1.020033109215159189e-02 1.650722870798019756e-02 2.250323572407529268e-02 2.034934453466622287e-02
7.708845645621860421e-02 1.000000000000000000e+00 1.147446552388098479e-01 6.585309431013253861e-03 9.583114220565308594e-02 1.339809545845694061e-01 1.760819433066362349e-01 1.012899342897548571e-01 1.376986153444055561e-01 1.972196604608271175e-01 1.395295925150342176e-01 8.258746222374890866e-02 1.187646480268385318e-01 1.200309420603601351e-01 1.573804717514636353e-01 1.448020137789401418e-01 1.873700376276301038e-01 2.290772207000837668e-01 2.073206112430306391e-01 1.038037499746444353e-01 1.211194243962809697e-01 1.468193414761219395e-01 2.508564336648191340e-01 2.414694550070914381e-01 2.139989412287861548e-01 1.869681629922509414e-01 1.803395810873663352e-01 1.972932614536855034e-01 1.938795582206809254e-01 2.551995268444207654e-01 2.255517729041760511e-01 2.024051835457040815e-01 2.271854180457172634e-01 2.117709752366121467e-01 2.206143793900663674e-01 1.879473243642504898e-01 2.148523176142177749e-01 1.724853231063575576e-01 1.915453787528677565e-01 1.519700668518021713e-01 1.697456054257646674e-01 1.739770361785797081e-01 1.514561574808127864e-01 1.570728335611273618e-01 1.855188685965248885e-01 1.686373196429092058e-01 1.441851832956414226e-01 1.595104834295782426e-01 1.177929758700679841e-01 1.189312420725603114e-01 1.407799626384847458e-01 1.265240707373511686e-01 1.355270872621088529e-01 1.587139089600780040e-01 1.550642377489680757e-01 1.786672061358191288e-01 1.205817977831431936e-01 1.495198498140798971e-01 1.259945408275354173e-01 1.476488081878665481e-01 1.447577761195455448e-01 1.338559947943117334e-01 1.210743895415395399e-01 1.387954714899439501e-01 1.534132374413579025e-01 1.510601200107746234e-01 1.592398777824768907e-01 1.812435301423027112e-01 1.875591375822129314e-01 1.536967785993615110e-01 1.422009397621318005e-01 1.742374447530916914e-01 1.859786004927444225e-01 1.845965866184534898e-01 1.585552301349574256e-01 1.671182268584354425e-01 1.682965040315957950e-01 1.725568095144615621e-01 1.794680178044210650e-01 1.882033915018616055e-01 1.878911117868221070e-01 1.787300064431034119e-01 1.763091975867374650e-01 1.869125440494453227e-01 1.607959636786889246e-01 1.756387774550845216e-01 1.808280710485550002e-01 1.607624548134620746e-01 1.724693200217564393e-01 1.758608372710083190e-01 1.621244844351727721e-01 1.590351781916930773e-01 1.662706334986060464e-01 1.637407694693965299e-01 1.448474644295605629e-01 1.547456407460829075e-01 1.337031742259241762e-01 1.319834908250117345e-01 1.439436496491507678e-01 1.501426961794840309e-01 1.573377834167352940e-01 1.468560504141950551e-01 1.381408687785492806e-01 1.488771449224365051e-01 1.530672071391650790e-01 1.477462382332755952e-01 1.361402308583449516e-01 1.680776999244228687e-01 1.639667373845946630e-01 1.476720406537869457e-01 1.480902289390635673e-01 1.466829193731156999e-01 1.419227394822795973e-01 1.476088684978550114e-01 1.536471695678408578e-01 1.495813803790053687e-01
3.957039426922538683e-02 1.147446552388098479e-01 1.000000000000000000e+00 3.273258108440848524e-01 1.633363165446774790e-01 2.646434927534582204e-01 3.711745184020494581e-01 3.133258846025365751e-01 2.875757220214100740e-01 2.897013530752418076e-01 3.526850293475015663e-01 3.544629831128299213e-01 2.850378769350751518e-01 2.833737064943035455e-01 3.573114993118106097e-01 3.323776452176656071e-01 3.612025892479978073e-01 3.989103509557942462e-01 4.088120114038935049e-01 2.999359327152382737e-01 4.093235420992565876e-01 3.980890207261258973e-01 3.911432821701630314e-01 3.934257544908672521e-01 3.996780609203069989e-01 3.825477993647956598e-01 4.051501302944841010e-01 4.166509530620738921e-01 3.939017648026973406e-01 3.652997173427148248e-01 3.857216886597393257e-01 3.827177453633902604e-01 3.846090021348279597e-01 3.793795041076898911e-01 3.808426259136758474e-01 3.837431613221583548e-01 3.897351755612840085e-01 3.547150746651133724e-01 3.693824426460101118e-01 3.702035709420013476e-01 3.684508416269401399e-01 3.657481699128651842e-01 3.649124049628684197e-01 3.538982014963180656e-01 3.774296377953305637e-01 3.500914898498010408e-01 3.266689376076792883e-01 3.352057389730120351e-01 3.152904113233184202e-01 3.298311131970832477e-01 3.504314158314720817e-01 3.533014134654448024e-01 3.519538189097182745e-01 3.404695031509598624e-01 3.376567908935994011e-01 3.465940591500965562e-01 3.347760152798138211e-01 3.445267417108246466e-01 3.227001240091339485e-01 3.380985467288384894e-01 3.412545659943481691e-01 3.259953216417421085e-01 3.259356975734472583e-01 3.365476726028688859e-01 3.550592101671748435e-01 3.504306505406608596e-01 3.390379561923937413e-01 3.688173516781358963e-01 3.609881486074639212e-01 3.688798205243825623e-01 3.738273614144245749e-01 3.640168961088509070e-01 3.734162609534332211e-01 3.797291519994103748e-01 3.511021980021589162e-01 3.630511755003820173e-01 3.680763287092399527e-01 3.769994764356524586e-01 3.679916538539432791e-01 3.650005517590888537e-01 3.758131613427651008e-01 3.594848864503857877e-01 3.574875420142782367e-01 3.661504874774058615e-01 3.501802321256204942e-01 3.559779466276991045e-01 3.649868698039146486e-01 3.438603435811825593e-01 3.514583388223178062e-01 3.518678307763199453e-01 3.577867496335397357e-01 3.477312119744102037e-01 3.567063308713621095e-01 3.457764084082929901e-01 3.248628648103608629e-01 3.288461045937600136e-01 3.296416494736685854e-01 3.337075410630798156e-01 3.300670153465858347e-01 3.405476368706794599e-01 3.478479442932275179e-01 3.358266088714573216e-01 3.378436742618935451e-01 3.367723495197205152e-01 3.491060458670580124e-01 3.364196176110985648e-01 3.205023323137217717e-01 3.355747738629998866e-01 3.326539574067234328e-01 3.287275705625934408e-01 3.288032097097720041e-01 3.284314177579082394e-01 3.243378783627392514e-01 3.354069668676701310e-01 3.463657750436193727e-01 3.371190922557463776e-01
7.851867595598444050e-03 6.585309431013253861e-03 3.273258108440848524e-01 1.000000000000000000e+00 3.540219546547108131e-01 3.953237776593868102e-01 5.575120887465481179e-01 5.352093378030698956e-01 4.101002961953867376e-01 4.011617626152941263e-01 5.239270739099428642e-01 6.575439269811200749e-01 4.925729516857222379e-01 4.185401235506002737e-01 5.529258766700106964e-01 5.489735898457441809e-01 4.840415835995516836e-01 3.972058216106261197e-01 4.202237687042043590e-01 5.410927615652690870e-01 6.059816006214083783e-01 5.798869066127486649e-01 3.235114382622403806e-01 3.500610970299640190e-01 3.997562662519740795e-01 5.670101877297922810e-01 5.543743338120191710e-01 5.450701957342042325e-01 4.607517623924667349e-01 3.537545180063548789e-01 4.503177272382128948e-01 4.822635586206937552e-01 4.285931588564741435e-01 4.527429985845833893e-01 3.908670094256045391e-01 5.053985448400090119e-01 4.471071944437874368e-01 5.115805929940122621e-01 4.963510366324997425e-01 5.833876979408734176e-01 5.554772389571605018e-01 5.380824981637334359e-01 5.550728060355880622e-01 5.412502798981271290e-01 5.303517157631425505e-01 4.847167581195980235e-01 5.081635057706909153e-01 4.935982042245946055e-01 5.281924742735790712e-01 5.472336737676515295e-01 5.493513467056296840e-01 6.135541991220816449e-01 5.773725167162384597e-01 4.727762231402029003e-01 4.668584589196904666e-01 4.587125747290370925e-01 5.389460624556993151e-01 5.202408179217828943e-01 5.149988986716983463e-01 5.287579513970978029e-01 5.351873034253300521e-01 5.147778690978712657e-01 5.398771399034375529e-01 5.479225231290641984e-01 5.327778383469298218e-01 5.302420787999516660e-01 5.097428285367825440e-01 4.922903338177798127e-01 4.698374692092219806e-01 5.658165074106469294e-01 5.719451448835642937e-01 5.020758249388727057e-01 4.889361721072834621e-01 4.930762352688659034e-01 5.456165599533714383e-01 5.279545573092038202e-01 5.328060351982092380e-01 5.299523923829984051e-01 4.994055539075816230e-01 4.563537392637399548e-01 4.997190756251032595e-01 4.946044013530407346e-01 4.990185521378832090e-01 4.728819220256333944e-01 5.236934671158594012e-01 4.929015695988404056e-01 5.070014199170791436e-01 5.245299871422663962e-01 5.083841956762835679e-01 4.924775844518008983e-01 5.456375252319254354e-01 5.258544261440558643e-01 5.321517142743610318e-01 5.195090855084785186e-01 5.072743406300243008e-01 4.992691678512884979e-01 5.497455199465445252e-01 5.442808127508858007e-01 5.233459656360638368e-01 5.336563700901083562e-01 5.390573434305427902e-01 5.337823737748822461e-01 5.392265695261598824e-01 5.289512491928280991e-01 5.428784575470860796e-01 5.192105787533224381e-01 5.142050910736669644e-01 4.837979358741948399e-01 4.816332357762364569e-01 5.142005575206264334e-01 5.165084727313935531e-01 5.177109025522280694e-01 5.139526827318592339e-01 5.277933243673338382e-01 5.263840097867128476e-01 5.274835786479415978e-01
8.837664773152830236e-03 9.583114220565308594e-02 1.633363165446774790e-01 3.540219546547108131e-01 1.000000000000000000e+00 2.926083006496206784e-01 4.584980788031570720e-01 4.626884332126178778e-01 4.328658472039100813e-01 4.245439555834642498e-01 4.553268358418763873e-01 5.035451431753729112e-01 4.823149063972931305e-01 3.775641262867084902e-01 5.025327312541272295e-01 4.783690385674896350e-01 4.366724588185798006e-01 3.598835772999545712e-01 3.721934329240106920e-01 3.873692486144114100e-01 4.042693587747664963e-01 4.444509779163305363e-01 3.571967028089302332e-01 3.400608093903974560e-01 3.616978671350026819e-01 4.867786873890669330e-01 4.737671368998345178e-01 4.550158741193462419e-01 3.944023346148498588e-01 3.946415721019673750e-01 4.459803846242865744e-01 4.484635545044577953e-01 4.132667540903338654e-01 4.272138675204764646e-01 4.122243877108027199e-01 4.656494761505428071e-01 4.379539453847682839e-01 4.789734238045457171e-01 4.716612083286133017e-01 4.953697103034608307e-01 4.989167532732038390e-01 4.963392588786938453e-01 5.026948336115629745e-01 5.045471154459919561e-01 4.947294537884130428e-01 4.783979328890535787e-01 4.944787282986510824e-01 4.856096134730191194e-01 4.944676313841521176e-01 4.851140593110274124e-01 5.048876770650105872e-01 5.179781674689873938e-01 5.122615573767798081e-01 4.735036811278744429e-01 4.676383208904798527e-01 4.757859418927690709e-01 4.883080439964415098e-01 4.936275559539703428e-01 4.874184589355479713e-01 5.040700712701934316e-01 5.031608970924706936e-01 4.970007076390421386e-01 4.928721369194537516e-01 5.122068601369772489e-01 5.012913654118905660e-01 4.993763556897738987e-01 4.952256356135764093e-01 4.758215300268503478e-01 4.678735524752778430e-01 4.919978000252167027e-01 4.957487747495125663e-01 4.833594862049170882e-01 4.643339401611662476e-01 4.713834085184602229e-01 5.033556975889077467e-01 4.922517442747809113e-01 4.900318429133503351e-01 4.768997292836485991e-01 4.790189026387795534e-01 4.628934574215963216e-01 4.784066575445075076e-01 4.842481970132228586e-01 4.803295858829826903e-01 4.695565982881959588e-01 4.802670778998507362e-01 4.732495891931385867e-01 4.871827848140431461e-01 4.910328600633491192e-01 4.864380182791718799e-01 4.873963112354734450e-01 4.964606803892787079e-01 4.985598300879768296e-01 4.971360064407134294e-01 4.972525531255465592e-01 4.950639913108917933e-01 4.896547486817857120e-01 4.968995740916145043e-01 4.954520648225116397e-01 4.984877907711277034e-01 4.953338654599357405e-01 5.063532646782316071e-01 4.981105211031240931e-01 5.040104800630244020e-01 5.018702241322002822e-01 5.032781477810067683e-01 4.871979473736374189e-01 4.917475702111617775e-01 4.827884488996576628e-01 4.839645751430944887e-01 4.938714813261784187e-01 4.966483084040715368e-01 5.007420291464422801e-01 4.974937876281074201e-01 5.010038547168312872e-01 4.986308502821353850e-01 5.011606200673823786e-01
5.424367845728212539e-02 1.339809545845694061e-01 2.646434927534582204e-01 3.953237776593868102e-01 2.926083006496206784e-01 1.000000000000000000e+00 5.629835830451351830e-01 5.037318503457010044e-01 5.208773207277463957e-01 4.986377023857906932e-01 5.292118675338859379e-01 5.665638807455781745e-01 5.198705420857324677e-01 4.703255457820296748e-01 5.897366782542385888e-01 5.676677782761154756e-01 5.440534862927383086e-01 5.018348554581451015e-01 5.128087715633147248e-01 4.209085992307030066e-01 4.959286721338036497e-01 5.432073323499299056e-01 5.027744099522993837e-01 4.903736442579210153e-01 5.136904613313324486e-01 5.931640031939927615e-01 5.906850417665602260e-01 5.799442867642679023e-01 5.428000437364551845e-01 5.370246906954662114e-01 5.823135142858363311e-01 5.936333562097177996e-01 5.596007635498165822e-01 5.814464975770204935e-01 5.643998524037678877e-01 5.853498251114657158e-01 5.752367882907124530e-01 5.979840808111606121e-01 5.976165327690562412e-01 5.905352692455968500e-01 5.964313272214513129e-01 5.993318651240596706e-01 5.973053363185829578e-01 5.970904150933915577e-01 5.976511740755613422e-01 5.888486836285767856e-01 5.860535215300246570e-01 5.918005308949917387e-01 5.835201733232604493e-01 5.780747690337062483e-01 5.930614333701165197e-01 5.677157078857371086e-01 5.899485103599899638e-01 5.907162955431837226e-01 5.908011828759366368e-01 5.874071016248688659e-01 5.884497515602268303e-01 5.974878480980729822e-01 5.902201934527496752e-01 5.925149606711547223e-01 5.985722638615651459e-01 5.899539183512085838e-01 5.925348478327693291e-01 5.939385865263724362e-01 5.942992331096323966e-01 5.949034506310075798e-01 5.952462314058184489e-01 5.984372461788952657e-01 5.995166437697168060e-01 5.901811211235556964e-01 5.901812847023661934e-01 5.989529557447538233e-01 5.912080082938041548e-01 5.899146237284672578e-01 6.021596404417491888e-01 6.020542059998654771e-01 5.982018257944673456e-01 5.968127732172381350e-01 6.007116117482084183e-01 5.955554366385119591e-01 6.007774768187915670e-01 5.984614195730252328e-01 6.007871638628291544e-01 5.975158528205932740e-01 6.004427770726713520e-01 6.008327768124754886e-01 6.005567458425630223e-01 6.004240583110481699e-01 5.991530266791524895e-01 6.012323446260734450e-01 5.992336582504724785e-01 5.971996973269938502e-01 6.023319800048432260e-01 5.960653998514057195e-01 5.901277315852966332e-01 5.935898133394021947e-01 5.890790938569199220e-01 5.946760506680823788e-01 5.935671494309717744e-01 5.920179643249784407e-01 5.958963660908800364e-01 5.980162770755265145e-01 5.917439655967128287e-01 5.928135297964510775e-01 5.971607822637037266e-01 5.980986604383672356e-01 5.918633660042319500e-01 5.936816007568638254e-01 5.937578154321890844e-01 5.934116534955924394e-01 5.944772288924067283e-01 5.942392475146799358e-01 5.937942524211641260e-01 5.961739155340053387e-01 5.969809107843505602e-01 5.958188048635491008e-01
5.135805413952825027e-02 1.760819433066362349e-01 3.711745184020494581e-01 5.575120887465481179e-01 4.584980788031570720e-01 5.629835830451351830e-01 1.000000000000000000e+00 7.002715496437346143e-01 6.851409842284390539e-01 6.709155964049381415e-01 7.396340172834823257e-01 7.890587959834888254e-01 7.149807969823140930e-01 6.323342409695318356e-01 8.395643431667977330e-01 7.942072636197422542e-01 7.336983951110567226e-01 6.970105283383801753e-01 7.212071338938513820e-01 6.085606807213420621e-01 7.067337924932358684e-01 7.725252986876969263e-01 6.898164973832465741e-01 6.767380979059125501e-01 7.107315551957706923e-01 8.230452628499683732e-01 8.308118338795336122e-01 8.270854036383058494e-01 7.334779698493478772e-01 7.515182677167958625e-01 8.136113085378523513e-01 8.012557145736397546e-01 7.759859840712329815e-01 7.903414446360155221e-01 7.764588765634568013e-01 8.029402292414504760e-01 8.081928995267748661e-01 8.174409445535057994e-01 8.195834567409968630e-01 8.255538379780105185e-01 8.241920829963702566e-01 8.306632195471604918e-01 8.177070212244208491e-01 8.279184792236629065e-01 8.312921427350232761e-01 8.132329500621114926e-01 7.979089304662551063e-01 7.971215334447071532e-01 7.895045988806903559e-01 7.888051814825659536e-01 8.130244957799310779e-01 7.958657650823169893e-01 8.078433193281383540e-01 7.928557871288200998e-01 7.938129384721138715e-01 8.003568902297552023e-01 7.849137414310948246e-01 8.130117130488596633e-01 7.938176878006371062e-01 8.059091993165612422e-01 8.101943785317947677e-01 7.932398967307412452e-01 7.927265802166370001e-01 8.064281797902644877e-01 8.124432549829900818e-01 8.080994383172207529e-01 8.091681893351778676e-01 8.153152172758797445e-01 8.076403871074701035e-01 8.141418567925104988e-01 8.216954737056282321e-01 8.187976673909023173e-01 8.030183797136993817e-01 8.113811127318319993e-01 8.229990268786632202e-01 8.277457853748494410e-01 8.263536940327621538e-01 8.086408816752870266e-01 8.206619914652109049e-01 8.051865377310899463e-01 8.272315340089435587e-01 8.201543271042293082e-01 8.150355960158671698e-01 8.126718720167708243e-01 8.146584163587612393e-01 8.115814347329869394e-01 8.261689872700760384e-01 8.183784279364731962e-01 8.174496330118582454e-01 8.117989968986385474e-01 8.307763676790101970e-01 8.204193239379603542e-01 8.242194609212928347e-01 8.200472900059350145e-01 8.012859664902092227e-01 8.013843002988799702e-01 8.047201795557733517e-01 8.012889599811774399e-01 8.072090760393110243e-01 8.151426514514071853e-01 8.223303249552239569e-01 8.066822198284044898e-01 8.058476522561398570e-01 8.132440102543536664e-01 8.156827760766859337e-01 7.979161334206005263e-01 7.966720629778640816e-01 8.031062450452416401e-01 8.028723802852764102e-01 8.041968721456596025e-01 8.065533070423706041e-01 8.036313613951664436e-01 7.989451989997458092e-01 8.076337284804027128e-01 8.137587908105523571e-01 8.074526834657653751e-01
3.310011826615890523e-02 1.012899342897548571e-01 3.133258846025365751e-01 5.352093378030698956e-01 4.626884332126178778e-01 5.037318503457010044e-01 7.002715496437346143e-01 1.000000000000000000e+00 6.951429342707080572e-01 6.343600536247594457e-01 6.898503796030686086e-01 7.789960742522187287e-01 7.237919788590689851e-01 6.130711080760896659e-01 7.822072662680141786e-01 7.796397469160432081e-01 7.055266376368433123e-01 6.248330532875143728e-01 6.385071809244295959e-01 6.109097991850639398e-01 6.517776713387499754e-01 6.978457119109643392e-01 6.260398300130972649e-01 5.969393769885057432e-01 6.217709045763728515e-01 7.836955420856978050e-01 7.582813261235868962e-01 7.255414849521476528e-01 6.263903217145128099e-01 6.577467783571627757e-01 7.237522846153722211e-01 7.542055356389321119e-01 6.820590837209534740e-01 7.323724588727172913e-01 6.890539593168789612e-01 7.555708014825746055e-01 7.167018685343368167e-01 7.797964816109889119e-01 7.685711829717504218e-01 7.795915534287033433e-01 7.909323364308743498e-01 7.832629667299572107e-01 7.870392996513814188e-01 7.893293227530914224e-01 7.751910900271318239e-01 7.602294491067835835e-01 7.864970043169539071e-01 7.817144436869595259e-01 7.880992228145096146e-01 7.792348105698130301e-01 7.968568772098839625e-01 7.816571049644610580e-01 7.960883778045335646e-01 7.765348163263684489e-01 7.673403916481988940e-01 7.653425952831164336e-01 7.908244214395906413e-01 7.905373925210722463e-01 7.880385954126648551e-01 7.951479589846742746e-01 8.024656658697030265e-01 7.905527709055740759e-01 7.917127301778846826e-01 8.075862447807503619e-01 7.896533571839366994e-01 7.973536550545529122e-01 7.889894894256974656e-01 7.773598478058150185e-01 7.740657930027140532e-01 7.958116684760109250e-01 7.854739934534048507e-01 7.773056803646196666e-01 7.671938754455231990e-01 7.630705758259136440e-01 7.999712395567322165e-01 7.842903249178163616e-01 7.772964691427631800e-01 7.488878233714548749e-01 7.679907012425186696e-01 7.555463526847913114e-01 7.737020551671501822e-01 7.714676776323380336e-01 7.845031710759695631e-01 7.575706832163617843e-01 7.858204229818811504e-01 7.765952979610573070e-01 7.766248368563710702e-01 7.910415375579912256e-01 7.831907302707851182e-01 7.839943662232080612e-01 7.904769060297874850e-01 7.892008120399131021e-01 7.896992041644245175e-01 7.851750422937977536e-01 7.861981996112853421e-01 7.863978352039751041e-01 7.941597643744255919e-01 7.985196979041214727e-01 7.948176257809689282e-01 7.936224168178902527e-01 7.933931828122758878e-01 7.990060045561790947e-01 7.901777853602838242e-01 7.930081457924843535e-01 7.963092493589120080e-01 7.958206675661185781e-01 7.917133423081299526e-01 7.798485230228210385e-01 7.807039350361800745e-01 7.921994996245085296e-01 7.927507071421582285e-01 7.935070261267729297e-01 7.938843540237078278e-01 7.967244001168118928e-01 7.909129381199785369e-01 7.942377402208099513e-01
6.367276340746277907e-02 1.376986153444055561e-01 2.875757220214100740e-01 4.101002961953867376e-01 4.328658472039100813e-01 5.208773207277463957e-01 6.851409842284390539e-01 6.951429342707080572e-01 1.000000000000000000e+00 7.217986301874743660e-01 7.431538902709020622e-01 7.691077360818008302e-01 7.478570401167660142e-01 6.698179237608427039e-01 8.231061386814260139e-01 8.155481045361538950e-01 7.660404664029253352e-01 6.495205086624686874e-01 6.755233344139434104e-01 5.350622594367794305e-01 5.981410694117137439e-01 7.083094259576641072e-01 6.868233098888207877e-01 6.302934599091678525e-01 6.598687520822136277e-01 8.090034549079092585e-01 8.011351815883704930e-01 7.713730088568863108e-01 6.940091707902952267e-01 7.573902110037239455e-01 8.126380740609752129e-01 8.204385749574556463e-01 7.502315837257492737e-01 7.982253886839363322e-01 7.738680382483157372e-01 8.083305281300939837e-01 7.993106353121478547e-01 8.260207716152710988e-01 8.329069011956651281e-01 7.985289477543581205e-01 8.424905529933701676e-01 8.391930367602382645e-01 8.228618462835156633e-01 8.490969490723647706e-01 8.371273797780846015e-01 8.398084088859859575e-01 8.622421129044549604e-01 8.668855753194106839e-01 8.534450975536991280e-01 8.279809033833668286e-01 8.414963584428597487e-01 8.113284656618636737e-01 8.415842040924523815e-01 8.637648682977155934e-01 8.509099713253900354e-01 8.542930669453647763e-01 8.509222499064293954e-01 8.563368063810373743e-01 8.557707798337922389e-01 8.635448941134108436e-01 8.600317194682025601e-01 8.596609798894633281e-01 8.485868372184981467e-01 8.580126167568042916e-01 8.562930226460604421e-01 8.603730440115732181e-01 8.648830902220041583e-01 8.509536767551303393e-01 8.522212345256747756e-01 8.308589757307600632e-01 8.291420193863219268e-01 8.533934655264403535e-01 8.281805229884975361e-01 8.251333135019759402e-01 8.606968447691786261e-01 8.562873955526756342e-01 8.510840185942569747e-01 8.246790726345508693e-01 8.478238420976773604e-01 8.423138205544675738e-01 8.517389816374271172e-01 8.587130684112267431e-01 8.606166038375478999e-01 8.436377537857593367e-01 8.546827580267998270e-01 8.535795873941960377e-01 8.516989092310166543e-01 8.575174282328480446e-01 8.566456688241730344e-01 8.605567986136007930e-01 8.494080636537122420e-01 8.605926437521053129e-01 8.595132725222885961e-01 8.597780761399896887e-01 8.654776578446261581e-01 8.664601409054963899e-01 8.486726917385384317e-01 8.609901282880207951e-01 8.631078921107429025e-01 8.550424048859044390e-01 8.511740179645935767e-01 8.659307664121008719e-01 8.593996483533997699e-01 8.632040578918793727e-01 8.616110587218239747e-01 8.617598526189270691e-01 8.666609417938561100e-01 8.666672728502895495e-01 8.663491660148533446e-01 8.647401723320993217e-01 8.606282213600139341e-01 8.663265543088296550e-01 8.657447274280525296e-01 8.652486431674015765e-01 8.641368876749740968e-01 8.650415437034099098e-01
7.525266721156743943e-02 1.972196604608271175e-01 2.897013530752418076e-01 4.011617626152941263e-01 4.245439555834642498e-01 4.986377023857906932e-01 6.709155964049381415e-01 6.343600536247594457e-01 7.217986301874743660e-01 1.000000000000000000e+00 6.909276612637557102e-01 7.206997375527141036e-01 7.003851922774601002e-01 6.261852004999329813e-01 7.894170209701091290e-01 7.606097766788263437e-01 7.214148062137364370e-01 6.411617353493532789e-01 6.450759067503863964e-01 5.191106101401864459e-01 5.675371112280530594e-01 6.656120404085966724e-01 6.810629729901283014e-01 6.244289645166727354e-01 6.359098705700867438e-01 7.792549240479292871e-01 7.729422886855106256e-01 7.590375503758658438e-01 6.927297611239058295e-01 7.511550467211870474e-01 7.908176849432666522e-01 7.854791082228724797e-01 7.486526221592426644e-01 7.573809976188717874e-01 7.626744471167229422e-01 7.704379131819778515e-01 7.769761612024553843e-01 7.904092150344316225e-01 8.021765970313013971e-01 7.714192530474747178e-01 7.998970355432264423e-01 8.033145080395226456e-01 7.822630494478463037e-01 7.998910260606255651e-01 7.999202049836795503e-01 8.020423750138891972e-01 8.024503066017057984e-01 8.142388041688004563e-01 7.892895938248839505e-01 7.597418594364684363e-01 7.884303518651474274e-01 7.510347240212483788e-01 7.882161943457161035e-01 8.087582679834490751e-01 7.991284987713315191e-01 8.093605518281987710e-01 7.842711656634503425e-01 8.050965854002040123e-01 7.952859842592935324e-01 8.057282541340217152e-01 8.038121592718804331e-01 7.963178246405072658e-01 7.882266765702307110e-01 7.966128686833298111e-01 8.014951227135764800e-01 8.048569427425279477e-01 8.107410379823714042e-01 8.037018144242041862e-01 8.116765864653843199e-01 7.850277992279849348e-01 7.756370212714105428e-01 8.057756641219873117e-01 7.859811931778258876e-01 7.831402949950228010e-01 8.097492496908733628e-01 8.093585866140342588e-01 8.074476736224550644e-01 7.890632690397314519e-01 8.072530209142834146e-01 8.080105245421228544e-01 8.142518329918337905e-01 8.158490858509200860e-01 8.136782217500428960e-01 8.084579283422804741e-01 8.009739148395228492e-01 8.032757928779551415e-01 8.109233140032413578e-01 8.068618893104440026e-01 8.103613843358546953e-01 8.160116382635967947e-01 8.035558636642362584e-01 8.085490025527736213e-01 8.080418885819616870e-01 8.105191495578178973e-01 8.068698606895081671e-01 8.120105546831203336e-01 7.899904437799575296e-01 7.954504155196054915e-01 8.042920242315569901e-01 7.977728001295776306e-01 8.035180410569064957e-01 8.067730160502886161e-01 7.996973150653385876e-01 8.058406621803374525e-01 8.064728676003426466e-01 8.031408946702046636e-01 8.032067151736148602e-01 8.143751421100217103e-01 8.145697577699178016e-01 8.067134263343491707e-01 8.060667120460646151e-01 8.065404171541491474e-01 8.055842981586750495e-01 8.082273261352803662e-01 8.109291186093932069e-01 8.091338682659565684e-01
2.723922227500935600e-02 1.395295925150342176e-01 3.526850293475015663e-01 5.239270739099428642e-01 4.553268358418763873e-01 5.292118675338859379e-01 7.396340172834823257e-01 6.898503796030686086e-01 7.431538902709020622e-01 6.909276612637557102e-01 1.000000000000000000e+00 8.204514135980758294e-01 7.450189130083576527e-01 6.607761185034609630e-01 8.424194104691158369e-01 8.179507989613563623e-01 7.495618051873096377e-01 6.752715177674957214e-01 7.077948438718226765e-01 5.994030220532852171e-01 6.889091950649290919e-01 7.672923195065577406e-01 6.853702446502719647e-01 6.589076742762487449e-01 6.970308864661886039e-01 8.269921214686826172e-01 8.286035358844646703e-01 8.084285618500025583e-01 7.123256218532888484e-01 7.513139767250293088e-01 8.114466734689360639e-01 8.249652895044748968e-01 7.701041776189252452e-01 8.080549677866404323e-01 7.777109941618889355e-01 8.284611729243683831e-01 8.066411304760695566e-01 8.359861918762437893e-01 8.390802468719191776e-01 8.421535679476074288e-01 8.505342516250546936e-01 8.489205186737146525e-01 8.428757790363258229e-01 8.545855705955054393e-01 8.575296959543928788e-01 8.384626788908382533e-01 8.480949156767150221e-01 8.473167812544039057e-01 8.337116654253639014e-01 8.218665987295907804e-01 8.420989733987307435e-01 8.332364147098343388e-01 8.472756972123496322e-01 8.388667639326619074e-01 8.299616131508541494e-01 8.352224261923778537e-01 8.336700403084348343e-01 8.536273279063884001e-01 8.447805482708772296e-01 8.516776825695963060e-01 8.524526167114617747e-01 8.434173662599042665e-01 8.413065673883454165e-01 8.484544998438156016e-01 8.510963368081193581e-01 8.516033257698724102e-01 8.527359566863976781e-01 8.445294569688912567e-01 8.417031130258121330e-01 8.423447897231094439e-01 8.516120350803322303e-01 8.502487649567762595e-01 8.303743766546969329e-01 8.342095970088266865e-01 8.598931805854912458e-01 8.572146242061199350e-01 8.511978624632826618e-01 8.273351647570523770e-01 8.463626704529154665e-01 8.332155340773039764e-01 8.521035641840479791e-01 8.499019772352176538e-01 8.511303484592206425e-01 8.405489020269572009e-01 8.555301924801836932e-01 8.506453816478176666e-01 8.556952287655514855e-01 8.564407441763968176e-01 8.544546473008231002e-01 8.510405502642081066e-01 8.590171143013058952e-01 8.590247408395883522e-01 8.602327088498394891e-01 8.566750443518404978e-01 8.509072849393176652e-01 8.512470218757235418e-01 8.515298140277185457e-01 8.484975591305304876e-01 8.554343696842875433e-01 8.536130036512336039e-01 8.585984165244251454e-01 8.546953214549599664e-01 8.550376979972688085e-01 8.563764023315126872e-01 8.606656661074966186e-01 8.503230592714139391e-01 8.489453531576421907e-01 8.486789907689367141e-01 8.490539087962238884e-01 8.527060631028191562e-01 8.552635516890380041e-01 8.539964183351786975e-01 8.533734956676339856e-01 8.558549295818200786e-01 8.563755593872467431e-01 8.552967247538380002e-01
-6.836096679639021116e-03 8.258746222374890866e-02 3.544629831128299213e-01 6.575439269811200749e-01 5.035451431753729112e-01 5.665638807455781745e-01 7.890587959834888254e-01 7.789960742522187287e-01 7.691077360818008302e-01 7.206997375527141036e-01 8.204514135980758294e-01 1.000000000000000000e+00 8.103901032012769123e-01 7.100884311628391510e-01 8.914097086663820280e-01 8.856718631120383822e-01 7.851985098519362882e-01 6.479240047783513257e-01 6.840990526029178120e-01 6.758928411356001087e-01 7.433815323445827072e-01 7.996167085766981986e-01 6.399911687527592985e-01 6.108993947602907593e-01 6.659368315319411646e-01 8.647611594197908147e-01 8.571873941330212521e-01 8.266473230474943312e-01 7.158721600213401315e-01 7.142065733324319821e-01 8.135600395919175831e-01 8.347696779280213697e-01 7.583890612563100042e-01 8.038925611443936692e-01 7.645572632923923750e-01 8.447608015512703128e-01 8.030993757796819343e-01 8.658116813680777346e-01 8.600022938811069384e-01 8.892922915499679171e-01 8.968470890058196643e-01 8.875322703237649158e-01 8.930507274738017642e-01 9.025773860382600988e-01 8.821687261000417113e-01 8.663133757015748504e-01 8.954157835595517589e-01 8.884878034310850214e-01 8.959849436726273764e-01 8.797214086959235235e-01 8.943165207054550869e-01 9.069200137296429265e-01 9.152416494051154316e-01 8.697260354799458693e-01 8.587562709864874355e-01 8.568097055891973346e-01 8.966838394130346446e-01 8.991034579325554166e-01 8.941319856443429304e-01 9.058666195260347553e-01 9.050118872827233041e-01 8.989051037775477315e-01 8.989172410770699395e-01 9.081753323688104285e-01 8.967870637798854849e-01 9.031186037097232999e-01 8.949468494789597495e-01 8.682380827855775696e-01 8.606955116653209892e-01 8.989760578750330966e-01 9.009820037985778463e-01 8.772031066118589626e-01 8.507457571640995031e-01 8.491837589203606873e-01 9.081135620242530848e-01 8.958339258168469543e-01 8.916499496728437224e-01 8.653671373565031688e-01 8.705977729239183782e-01 8.500676746147108886e-01 8.748359138912581434e-01 8.794501829165782825e-01 8.826599879232421841e-01 8.599429564252436542e-01 8.912992984246296269e-01 8.740543970960472642e-01 8.842901340778660524e-01 8.984159318545096307e-01 8.902529711910867061e-01 8.834986035658370929e-01 9.041782563099505232e-01 9.010894001716741597e-01 9.012700326439788689e-01 8.976981193633551959e-01 8.989973701367282022e-01 8.943061203820859006e-01 9.062374423709564919e-01 9.037808499837863829e-01 9.022720431221230575e-01 8.982759710789784968e-01 9.042853564711552661e-01 9.070349098315397818e-01 9.080044113880847423e-01 9.046897444190405979e-01 9.095838702033567369e-01 8.994425322237811216e-01 9.009743085915626892e-01 8.838637942926278468e-01 8.835607053580213366e-01 9.000997882234786918e-01 9.016290859933165924e-01 9.049921038232828785e-01 9.031299402326062875e-01 9.056186538180110990e-01 9.036538381085861271e-01 9.067664570771714061e-01
1.156138164153738129e-02 1.187646480268385318e-01 2.850378769350751518e-01 4.925729516857222379e-01 4.823149063972931305e-01 5.198705420857324677e-01 7.149807969823140930e-01 7.237919788590689851e-01 7.478570401167660142e-01 7.003851922774601002e-01 7.450189130083576527e-01 8.103901032012769123e-01 1.000000000000000000e+00 6.737963173125710581e-01 8.318067147773379189e-01 8.389634824466721819e-01 7.367690172574260510e-01 6.307629314494581640e-01 6.566396315022170471e-01 6.022821852852499047e-01 6.395792541973299716e-01 7.234440033573265039e-01 6.467137377749773153e-01 6.012883897572466330e-01 6.392359361555198793e-01 8.142258348741365781e-01 8.004062203225075223e-01 7.670919763521981682e-01 6.709189027763203805e-01 7.149967473958903641e-01 7.868885217242190810e-01 8.053132340592410454e-01 7.370055590474274831e-01 7.784881016518693242e-01 7.514032374577092055e-01 7.970666617838108037e-01 7.751886142386562595e-01 8.250470801985624325e-01 8.241222574925545219e-01 8.217539093195589395e-01 8.442043312150987466e-01 8.413009963588848894e-01 8.381725788318605819e-01 8.546466127659206879e-01 8.338755258815120364e-01 8.286994264019776901e-01 8.595399265861183302e-01 8.529538640910946379e-01 8.517603864499199151e-01 8.267553197738697346e-01 8.425372825023078605e-01 8.364512843902741634e-01 8.593749198664852873e-01 8.400249113256238465e-01 8.321087669639920525e-01 8.329473124275592610e-01 8.465274469329707729e-01 8.562646541572569436e-01 8.493560180501003032e-01 8.643640901322110492e-01 8.586074386330052599e-01 8.559933628044423815e-01 8.472284113474756184e-01 8.591260351160053821e-01 8.489572902232400686e-01 8.567614932343495804e-01 8.553957586966352000e-01 8.357246700406680828e-01 8.342785204936556953e-01 8.415356994225962062e-01 8.402245378930324193e-01 8.386908712975202906e-01 8.181765667949861820e-01 8.151369856128410918e-01 8.606390920515368803e-01 8.488860973667088361e-01 8.450348678549238768e-01 8.150169788696783879e-01 8.334643231533493957e-01 8.230580516237404609e-01 8.389761897190083362e-01 8.455034594852212093e-01 8.438053388490601714e-01 8.262523454363026598e-01 8.458857949538295395e-01 8.375270005944515095e-01 8.404750643520877418e-01 8.545796546174787567e-01 8.493090477874828403e-01 8.486728377498933273e-01 8.498727059065130929e-01 8.563250699709183955e-01 8.557751498108009391e-01 8.547506717575429347e-01 8.593994314223557529e-01 8.581023759229164938e-01 8.491521189368647082e-01 8.511631765602374333e-01 8.559997658012212796e-01 8.496788724214879851e-01 8.555777505062907018e-01 8.590188337849958833e-01 8.602826750239381814e-01 8.594140968563753757e-01 8.585612305166602232e-01 8.535200689938050589e-01 8.572565090064873106e-01 8.526903409527533118e-01 8.518716601727363003e-01 8.571708660040693317e-01 8.584936701494199074e-01 8.637331510004592205e-01 8.605561183588638086e-01 8.590584873171108748e-01 8.575887688207565196e-01 8.618902247651581972e-01
