1.000000000000000000e+00 8.990387467219261575e-02 8.718525276613912911e-02 1.768343262752074610e-02 1.591754102748263455e-02 1.200690764204482772e-02 -6.149342149523619530e-03 -1.539607524702329804e-02 1.094015276530794639e-01 3.063604847046293850e-02 2.065401479319266959e-02 2.253144454529992444e-02 1.373415818355224784e-02 -7.809450836499803351e-03 -2.613720229183898354e-03 -1.220260441883705242e-02 6.721268173843789051e-02 1.111852383155815804e-01 9.130466196595284079e-02 4.634766502576956326e-02 9.492042461763872119e-02 8.463348119191163588e-02 9.045220157095344715e-02 1.126368048063138561e-01 9.470359542717930734e-02 5.080041320050861925e-02 4.892192318385055888e-02 2.524954951163607339e-02 5.702064095612018046e-02 5.429954451852546382e-02 4.505006966065046303e-02 7.371142462496646508e-02 2.297015043547297533e-02 6.971772603588131945e-02 4.717292695454611273e-02 4.014962227172476361e-02 4.892481008993460750e-02 2.182793927576201151e-02 2.071279998358122737e-02 -2.888288497914940842e-02 1.021170396166424903e-02 -5.730953892446202444e-03 -2.115759344331082786e-02 2.281834930916399901e-03 2.285392104350114292e-02 1.251689269266208042e-02 9.170026925361641004e-03 1.330775901853958887e-02 3.472396544199436025e-02 3.826906903638942897e-02 2.007205139923249129e-02 2.543200817888729981e-02 6.105084526899009871e-03 1.959509151076284025e-02 2.616473002234559822e-02 1.663939798256242400e-02 2.764549668373323527e-02 -3.785707068550304456e-03 1.180073466091748763e-02 9.906793421301221883e-03 -6.839722667244763250e-03 9.360338647819030355e-03 1.084251719369562494e-02 2.717755281361610570e-02 4.280162746032890875e-02 3.223901919612710831e-02 1.647015715165539226e-02 2.627532247738093366e-02 3.535014345936660779e-02 2.941724150148403508e-02 2.934430157765682487e-02 3.158442337933413391e-02 3.858793509685773393e-02 4.216923682284563074e-02 1.746800592308397904e-02 1.736196895625134046e-02 4.270000672107874054e-03 2.341280224188006451e-02 1.461035018241105439e-02 3.044305278202604978e-02 1.692115396142093373e-02 1.795515121679064699e-02 3.155570734658710158e-02 2.363191945593869081e-02 1.840078412251262840e-02 2.767730631465071742e-02 1.750231619097074656e-02 3.844182648899104830e-03 8.509912512744324115e-03 4.101061974370478862e-03 -8.028991373390253691e-03 -3.109041014955829432e-03 6.293678262445139004e-03 5.717856733224710442e-03 3.251508109502536880e-04 9.176251212501599502e-03 -1.722313073583552068e-02 3.115854134439159998e-02 -8.337147879256819744e-03 -3.627436359553482984e-05 -1.530680730533548820e-02 4.468714928406025168e-03 6.982607698591690622e-03 -1.180760212137339912e-03 1.575152221488710161e-02 9.452271460905169870e-03 1.431719222961812948e-02 6.628197344703671591e-03 4.600718590810897769e-03 3.820894747611518726e-03 -1.340370969563078885e-02 2.578764788216266878e-03 -3.283113809648258424e-04 9.482384277554422106e-03 2.561724053298486403e-02 1.909029916527578072e-02
8.990387467219261575e-02 1.000000000000000000e+00 9.072332162058373284e-02 9.141643737341038911e-02 6.990082386551343951e-02 9.181308316818509452e-02 1.234385190371755925e-01 1.120481585097131555e-01 1.800737996773939809e-01 1.698104540427551878e-01 1.738523719771282172e-01 1.644612874622090326e-01 1.505110542325786005e-01 1.474297262947794895e-01 1.770709052284612783e-01 1.545563005545582680e-01 1.670196692072152544e-01 1.511570997433633601e-01 1.666661754874705637e-01 1.339882913712432122e-01 1.666765189378469625e-01 1.793090685936559459e-01 1.459322280878481704e-01 1.495499188059734585e-01 1.577332729358258412e-01 1.642243028842432506e-01 1.675795987632824890e-01 1.653816479522871030e-01 1.731275992547859355e-01 1.762264179412615095e-01 1.775976346300080777e-01 1.687944105808151796e-01 1.600459917636840868e-01 1.735321550932358847e-01 1.786157663772728332e-01 1.626958716066287391e-01 1.732510841591504702e-01 1.550185617403844751e-01 1.745066031021872133e-01 1.593781481873572103e-01 1.697119855355719020e-01 1.684117943841073328e-01 1.454652965061880299e-01 1.673008453920584726e-01 1.728660420562177780e-01 1.723722022186026936e-01 1.697982872079815408e-01 1.746516608664847314e-01 1.654972671431799713e-01 1.571534889512334887e-01 1.580712536532387080e-01 1.592914535377904228e-01 1.608469884055729604e-01 1.747453602173119069e-01 1.626075047905839177e-01 1.688808567123238347e-01 1.643799716321885096e-01 1.573254874125137870e-01 1.596787014896844936e-01 1.728729738376972302e-01 1.553033392603075380e-01 1.659243388946555764e-01 1.652202141924213885e-01 1.684652566716817457e-01 1.826251629246856967e-01 1.780305657736762082e-01 1.753993587593639936e-01 1.714593435479225270e-01 1.692130384337859061e-01 1.680934778846213395e-01 1.725492357292780221e-01 1.757296903884477679e-01 1.682581987835621851e-01 1.707932340188195453e-01 1.733800368934148572e-01 1.790363285851810371e-01 1.693326060697074309e-01 1.749004516912513740e-01 1.707847930700667205e-01 1.761716209991797399e-01 1.739080602175568369e-01 1.736734847241974133e-01 1.778178801925840435e-01 1.750425801948716498e-01 1.693158043804996737e-01 1.752913802428516243e-01 1.755113902864160746e-01 1.679676551407030261e-01 1.759053459919577289e-01 1.679215852498633921e-01 1.678181812339984702e-01 1.695229433781159090e-01 1.725794262326998119e-01 1.747489980793862918e-01 1.725954246713800599e-01 1.745532609215179887e-01 1.540543930441526932e-01 1.596763041478241052e-01 1.592597290820113032e-01 1.608457229512530173e-01 1.590588755951403421e-01 1.647534282254187465e-01 1.674074441369511612e-01 1.683429589484729538e-01 1.678938765900292174e-01 1.639860239851777535e-01 1.690921861537328097e-01 1.725443979918708515e-01 1.693561900966335521e-01 1.700572361096745200e-01 1.611397891726849829e-01 1.720964554687308690e-01 1.677269821344186396e-01 1.709883710892678987e-01 1.808716014288115070e-01 1.736573463922732041e-01
8.718525276613912911e-02 9.072332162058373284e-02 1.000000000000000000e+00 3.577141098047988965e-01 2.020881969521539367e-01 2.511667661104442506e-01 3.835251198012825102e-01 3.671978819781308023e-01 3.915712879248561262e-01 3.669290388816625614e-01 3.984286465212197870e-01 4.229623235979570461e-01 3.820532254546551432e-01 3.504673938894590224e-01 4.131841955016176127e-01 4.073229854365622571e-01 4.223988278337326707e-01 4.224305971237750645e-01 4.378272461605717814e-01 3.370449964874356885e-01 4.094085372155612523e-01 4.387092829779655201e-01 4.439530944427152459e-01 4.419220487037597844e-01 4.522786133885856596e-01 4.222600154194459665e-01 4.385112087905372880e-01 4.233524818146218727e-01 4.269467520772494695e-01 4.242729782792392101e-01 4.338995313452265190e-01 4.558689893568578233e-01 4.198595575002360136e-01 4.570000762897207247e-01 4.287122989783173632e-01 4.470266993874465467e-01 4.492052157209487362e-01 4.247262087959930432e-01 4.353023967694878982e-01 4.135733631454155956e-01 4.195725557065714817e-01 4.143938549858009468e-01 4.057993520410136390e-01 4.184156383425295389e-01 4.401751247072653861e-01 4.071575929496582535e-01 4.145024476782536160e-01 4.197727534938593963e-01 4.237379634351116642e-01 4.314756200350062798e-01 4.328470934290487571e-01 4.217571199410629079e-01 4.144112118058708161e-01 4.115842215476612220e-01 4.120991416912971328e-01 4.215728494385983516e-01 4.143027340818401516e-01 4.111093543857651800e-01 4.139260732198518089e-01 4.072445854198612492e-01 4.120395760437638999e-01 4.118698358364819012e-01 4.083928768564479284e-01 4.248011749998723552e-01 4.219278282553827197e-01 4.185334948281671519e-01 4.212819584180618193e-01 4.341601783293737582e-01 4.361337440027970858e-01 4.317606912466090963e-01 4.341116872529041659e-01 4.348783707013073596e-01 4.429970447328978045e-01 4.429410582331428925e-01 4.244728968289331883e-01 4.230992966284249368e-01 4.203379705120620091e-01 4.254813847828073925e-01 4.238210317985998121e-01 4.287414098175240662e-01 4.262626436881545300e-01 4.246243293271272923e-01 4.383231451735780104e-01 4.262915984579108142e-01 4.299050731329549513e-01 4.376439883635537265e-01 4.339495193612054047e-01 4.211690975054711017e-01 4.220922302543277382e-01 4.198618261161327636e-01 4.199018713843765127e-01 4.151465131718121149e-01 4.208106707805537861e-01 4.151719883272320666e-01 4.134486402915516501e-01 4.180947179001577863e-01 4.086286098569719138e-01 4.121402735347355351e-01 4.097153815053071746e-01 4.198103900127832522e-01 4.089031937524421068e-01 4.139801341709332116e-01 4.142741111535822029e-01 4.167843657956363801e-01 4.278481684448923184e-01 4.134117360089158977e-01 4.177440148768713502e-01 4.163744147486037050e-01 4.161398717444496631e-01 4.171011756239992874e-01 4.130148540680214642e-01 4.121538642930718255e-01 4.123748458196022093e-01 4.181361418298002453e-01 4.268921095720242809e-01 4.183467984445962684e-01
1.768343262752074610e-02 9.141643737341038911e-02 3.577141098047988965e-01 1.000000000000000000e+00 4.013305466314294190e-01 3.795531195142090031e-01 5.986120127531283641e-01 5.864515535316373596e-01 5.543730374382724868e-01 5.435275431929086354e-01 5.952150434540052215e-01 6.433095062092937244e-01 5.846666714013666333e-01 5.391769098323078158e-01 6.326564704754754631e-01 6.355810844562010953e-01 5.801181551278448145e-01 6.060033141649759925e-01 5.971374084719369701e-01 5.538361160691831486e-01 5.974884572615098977e-01 6.142476343163425501e-01 6.034722804630603399e-01 5.863793020192026306e-01 6.078617698900331545e-01 6.227505265864589079e-01 6.190749617156382500e-01 6.177190932335104856e-01 5.967456643292013974e-01 6.013215211822446893e-01 6.174146910467915861e-01 6.298232664378196066e-01 5.937676880526485679e-01 6.282138432668570305e-01 6.006703350588454837e-01 6.287563851125529402e-01 6.192585936766095145e-01 6.164982221846309063e-01 6.246762209784477715e-01 6.358453180060433807e-01 6.286998256957950781e-01 6.386675571150980391e-01 6.299005630324789884e-01 6.314701514500322688e-01 6.445601538498838545e-01 6.148423043641059182e-01 6.328978012719906898e-01 6.279819449924203267e-01 6.357995923211028355e-01 6.340301808875183909e-01 6.395581851624324576e-01 6.449506372814408639e-01 6.344783335811836622e-01 6.133501668615468638e-01 6.145740514913388131e-01 6.374791919335730528e-01 6.221390262685217998e-01 6.363002275948638209e-01 6.250339867637126900e-01 6.199197506385770717e-01 6.396167131421002239e-01 6.198431100173440456e-01 6.163540171030368331e-01 6.265864123699890209e-01 6.208593425496684581e-01 6.238775029001976113e-01 6.281856502181674129e-01 6.403018999334963990e-01 6.444817107624746244e-01 6.545548764786540685e-01 6.484752096349564177e-01 6.383486918769371021e-01 6.426928350267026024e-01 6.460873482873027429e-01 6.350794923856083463e-01 6.338026605696073235e-01 6.422359144586520241e-01 6.295602965863278389e-01 6.338444621452233863e-01 6.248360617651389504e-01 6.294142925316433823e-01 6.296425905434616110e-01 6.473942308333159312e-01 6.271771350683564838e-01 6.386476631744504306e-01 6.362159658919406269e-01 6.374390884687224368e-01 6.426355689346681110e-01 6.335437581395086948e-01 6.506648217479019669e-01 6.434636737342886992e-01 6.352468926082501799e-01 6.382473230592821123e-01 6.308784721775722026e-01 6.304272578071662414e-01 6.299500937586111071e-01 6.498602004703816215e-01 6.363153710898735715e-01 6.387467999128108032e-01 6.439504503257690304e-01 6.421767755598279948e-01 6.383801312925447835e-01 6.389910693551736909e-01 6.328133989432086492e-01 6.471298754647353269e-01 6.396414133927582624e-01 6.406636487522454626e-01 6.312358164310544195e-01 6.407169235433816112e-01 6.323393831906254370e-01 6.389747025622719567e-01 6.284353830790375683e-01 6.331961975505253637e-01 6.337742995608740548e-01 6.333567076905575188e-01 6.339394633621436848e-01
1.591754102748263455e-02 6.990082386551343951e-02 2.020881969521539367e-01 4.013305466314294190e-01 1.000000000000000000e+00 3.159059639916318996e-01 5.004990121622207022e-01 4.472946708762676749e-01 4.528714681596204272e-01 4.321651162112625788e-01 4.664907481829153046e-01 4.903901279348832909e-01 4.890226987019731242e-01 4.375409149397209707e-01 4.937193467470389896e-01 5.061192922180596243e-01 4.381316204048643637e-01 4.413343822666045413e-01 4.527533162718030413e-01 4.195342311922081180e-01 4.366579632113528620e-01 4.867941744415965055e-01 4.616318366000661810e-01 4.353942292003549763e-01 4.729754102179427599e-01 4.897112338830467149e-01 4.923078455024993971e-01 4.942435840390086987e-01 4.779090856974490542e-01 4.817254904284028472e-01 4.818383226898383942e-01 4.593805104122032357e-01 4.537296167504446531e-01 4.652479429300536706e-01 4.661446704054554857e-01 4.696531257327701270e-01 4.859276208470750813e-01 4.683554241496945547e-01 4.933533030473497005e-01 4.915297736291855402e-01 5.036974272219564286e-01 5.178248252300861054e-01 5.305332298085658760e-01 5.110770447260650773e-01 4.933798848509921009e-01 5.044954047586482915e-01 5.009006735411812850e-01 4.977268638124893174e-01 4.757992589137168826e-01 4.645919757778448345e-01 4.771500587609852628e-01 5.064546126264970471e-01 5.012163567065393011e-01 4.891573742229646249e-01 4.843397704158279859e-01 4.980851944134275233e-01 4.748482445343396585e-01 5.032160640558115405e-01 4.779169986371981649e-01 5.063045029223282034e-01 5.018340940250730631e-01 4.932551111249852682e-01 4.815992861492091603e-01 4.904534647828351912e-01 4.915112307042490136e-01 4.895655656393665400e-01 4.974139360286878864e-01 5.046043816469962806e-01 5.029645026982626499e-01 5.102424126383668934e-01 5.130955888617030336e-01 5.069144157225043967e-01 5.001279596733921862e-01 5.038160584786443019e-01 5.023763926017885684e-01 5.090294601528188023e-01 5.114663659022193887e-01 5.005817099072250587e-01 5.063096120544030576e-01 4.922651876574910546e-01 4.966095197882626766e-01 4.976175587089810559e-01 4.938256262985931677e-01 4.927870711787785685e-01 4.873686392954855728e-01 4.951136179172612728e-01 4.982041910205942670e-01 4.989801363672265455e-01 5.014147022731353376e-01 5.094455265353193818e-01 5.075360747740728096e-01 5.105679313994039292e-01 5.034676816434648927e-01 5.095425028072698703e-01 5.013302677585621536e-01 5.023924271443221956e-01 5.023148369240775235e-01 4.886890336684746039e-01 5.038651551165609366e-01 4.954811793262597353e-01 5.173029580546071315e-01 4.930450732046873230e-01 5.089422060231442169e-01 5.101036352900650828e-01 5.072980950372523168e-01 4.957287383371251077e-01 4.961707175496604116e-01 5.030714658024407759e-01 5.087389381400138078e-01 4.994046762000345363e-01 5.036486892600158249e-01 5.060590414591102926e-01 4.994878386407006210e-01 5.003689330901976984e-01 4.984081335475226138e-01 4.999699883945128986e-01
1.200690764204482772e-02 9.181308316818509452e-02 2.511667661104442506e-01 3.795531195142090031e-01 3.159059639916318996e-01 1.000000000000000000e+00 5.323796149794893795e-01 4.757181536339469274e-01 5.185639577044014459e-01 4.825772187178097861e-01 5.305135298527047238e-01 5.706311395731766822e-01 5.095455491162954598e-01 5.297857684721049010e-01 5.749128032514182474e-01 5.598965730939292618e-01 5.242485382011511375e-01 4.916483939944871762e-01 5.187145966604119751e-01 4.419309484503405328e-01 4.936359013325433698e-01 5.574778895376060195e-01 5.060450653433563595e-01 4.853564189753476477e-01 5.361411751656652847e-01 5.709262544686788399e-01 5.611551649953885335e-01 5.585375803005052653e-01 5.625947383017182446e-01 5.674804480548577557e-01 5.743153938208362952e-01 5.491995232722298725e-01 5.296568413682639642e-01 5.562445513134630648e-01 5.478395124852958320e-01 5.534074039628846808e-01 5.665520715536774832e-01 5.680027723597806943e-01 5.720392389682499301e-01 5.585671400365137540e-01 5.807359831898228908e-01 5.825998974676008801e-01 5.727988878176706322e-01 5.841223226123078982e-01 5.809683654033080957e-01 5.731758543961182895e-01 5.870908957283762497e-01 5.869386449551474705e-01 5.779451905799676270e-01 5.682788095891198044e-01 5.772319603355514639e-01 5.717737053955068705e-01 5.787572261560656184e-01 5.816716655303205696e-01 5.819310360149656525e-01 5.825385337877979630e-01 5.772129414311079065e-01 5.833347394481211978e-01 5.848277381738505865e-01 5.858189598026807277e-01 5.897355185397673560e-01 5.860822673443571995e-01 5.822856402814137189e-01 5.783943698491885721e-01 5.770384649188650128e-01 5.826946735915706777e-01 5.857375352802040025e-01 5.870116587470464165e-01 5.855053528706510857e-01 5.881070280890644542e-01 5.946973651031642882e-01 5.897362116626411188e-01 5.772221356919219337e-01 5.810476983604566659e-01 5.901697285417161210e-01 5.880696658090861506e-01 5.854390752089402294e-01 5.858820352445043289e-01 5.858023549246204054e-01 5.854600501525339951e-01 5.812928857395773807e-01 5.873169046299208107e-01 5.816253134362562305e-01 5.799208121848742348e-01 5.789952066358811100e-01 5.825957048918632974e-01 5.866418240152154739e-01 5.851265155302560750e-01 5.848225037485978994e-01 5.822995930895038530e-01 5.804035902905206878e-01 5.896094752564310371e-01 5.906284636639851371e-01 5.904187140218868368e-01 5.889151085394112028e-01 5.897157456609507520e-01 5.799430286457792905e-01 5.795888298797570171e-01 5.868934871495904426e-01 5.836047834915060184e-01 5.874586313044851682e-01 5.852797958950410884e-01 5.899244815112937301e-01 5.908971189021405834e-01 5.901952155915071163e-01 5.856312951048363580e-01 5.884850106204753128e-01 5.897058294029714487e-01 5.902976063724165723e-01 5.879393058003733463e-01 5.874478962070551757e-01 5.899592854605790748e-01 5.894941245373730432e-01 5.875321537523923165e-01 5.851690841207234373e-01 5.886431061624572969e-01
-6.149342149523619530e-03 1.234385190371755925e-01 3.835251198012825102e-01 5.986120127531283641e-01 5.004990121622207022e-01 5.323796149794893795e-01 1.000000000000000000e+00 7.328643273122175117e-01 7.375974361211686814e-01 7.200581461796238258e-01 7.663890805410245033e-01 8.194154183808324277e-01 7.497063689900894667e-01 7.269743033313306180e-01 8.399808317953706416e-01 8.306005577813583285e-01 7.597151648650476430e-01 7.184064801660692279e-01 7.607418507428561627e-01 6.500936021251546570e-01 6.992106141755090043e-01 7.752046579951099581e-01 7.464672852235473277e-01 7.207255776727896635e-01 7.674557503471644004e-01 8.210007286044576080e-01 8.083652266585481527e-01 8.167983794280149201e-01 7.943609787143283141e-01 8.045827159472490608e-01 8.230078486801345461e-01 8.033711246415745633e-01 7.741849450511696373e-01 7.918724630572900880e-01 7.862435855133107498e-01 7.982974213747270342e-01 8.061988727186534254e-01 8.183789825620292335e-01 8.277903031313418314e-01 8.188537185700752730e-01 8.316987660602735977e-01 8.379835605207275329e-01 8.275424933433661590e-01 8.356951624306426796e-01 8.299814224961852283e-01 8.283054813423337270e-01 8.325075516189692770e-01 8.358072125226368998e-01 8.250741406496574504e-01 8.041445232537852705e-01 8.263706148507740101e-01 8.009760437150325041e-01 8.233410987182856466e-01 8.282260677778878755e-01 8.269715700157398430e-01 8.388013588939168264e-01 8.193819605352922197e-01 8.374515494998937548e-01 8.329641880307374624e-01 8.330866112691021064e-01 8.426208615010575276e-01 8.329169038383215096e-01 8.254263909101204888e-01 8.266918856134228832e-01 8.198256020231784458e-01 8.224874808760581635e-01 8.349482080774087711e-01 8.402606241755089522e-01 8.387401655872879225e-01 8.408414419051597477e-01 8.367870606781709908e-01 8.371043192380206444e-01 8.278333930892627368e-01 8.302335759497398993e-01 8.407327930298180707e-01 8.386683056804139502e-01 8.423587797661156173e-01 8.353842560888981028e-01 8.378730155557271297e-01 8.317534205535174197e-01 8.338766861043542811e-01 8.359220163614561327e-01 8.381949515079919477e-01 8.300416315615846141e-01 8.269939783304683933e-01 8.311402583330750327e-01 8.359736068142878951e-01 8.406259216475228113e-01 8.371677330938370742e-01 8.423601904539836926e-01 8.406520308608202985e-01 8.432281644395557274e-01 8.414558392367083028e-01 8.395536136044873254e-01 8.370392028486385305e-01 8.381982966647936184e-01 8.312063287833227898e-01 8.196806562309759681e-01 8.394705041117863642e-01 8.369858911960150749e-01 8.431030710388751626e-01 8.348407775028349187e-01 8.359882477233242515e-01 8.390992441272466795e-01 8.336005598292099972e-01 8.321059104362292791e-01 8.378820642593136636e-01 8.394540361833122688e-01 8.453235847601272557e-01 8.363272999616637726e-01 8.429899043675792569e-01 8.363438189248034726e-01 8.375162875725405964e-01 8.350892442823534267e-01 8.325139477646209540e-01 8.321699642748772163e-01
-1.539607524702329804e-02 1.120481585097131555e-01 3.671978819781308023e-01 5.864515535316373596e-01 4.472946708762676749e-01 4.757181536339469274e-01 7.328643273122175117e-01 1.000000000000000000e+00 6.894463244908343169e-01 6.744734568508569117e-01 7.271932409800969666e-01 7.763246329923874089e-01 7.209148977209510756e-01 6.815134475662824043e-01 7.935139141987611611e-01 7.967851860322686663e-01 7.186274503167729977e-01 6.680065356775097829e-01 7.072495094968176410e-01 5.997632730361637243e-01 6.467416848939728791e-01 7.252861887067418856e-01 7.101828194082656642e-01 6.746612808221029711e-01 7.172994149739230219e-01 7.636464756534422360e-01 7.561336507135728580e-01 7.580314617164738422e-01 7.431940393906363296e-01 7.543514397251259718e-01 7.637313705184698431e-01 7.593408657719754595e-01 7.420323947987850222e-01 7.557394875816636493e-01 7.428771081899706585e-01 7.623056857782946061e-01 7.567188730654782480e-01 7.782808054305325740e-01 7.784344883576741481e-01 7.849710173931876422e-01 7.867467488387421826e-01 7.968184914355228576e-01 7.898971552022906462e-01 7.905091110349353745e-01 7.885523284515383313e-01 7.724901592238331283e-01 7.885036238993987645e-01 7.853160711189025589e-01 7.805307009895386949e-01 7.685869640090230437e-01 7.890415234338788997e-01 7.724878708763175394e-01 7.801116757106367761e-01 7.760473525315846333e-01 7.739727036554671091e-01 7.931747911599309475e-01 7.739849292123551772e-01 7.987313259118900000e-01 7.857532692590123435e-01 7.866014226442544777e-01 8.007894408511843087e-01 7.836488830881085388e-01 7.766544568851414532e-01 7.824512731211265004e-01 7.734168587322762800e-01 7.784880523303810973e-01 7.892379868898452555e-01 7.947045854992732528e-01 7.936109395895001306e-01 7.937894476074165429e-01 7.887404976769628595e-01 7.869973616955137086e-01 7.863908888570413369e-01 7.819602338476607795e-01 7.884970532729694837e-01 7.884281821263595669e-01 7.920090403238306820e-01 7.881005564426114551e-01 7.895049443483065366e-01 7.824814378564000084e-01 7.855147474824034637e-01 7.864478669247373377e-01 7.982195969380029288e-01 7.847745884865063859e-01 7.925752683918492192e-01 7.906797701180638960e-01 7.922099264115823880e-01 8.008980400677399025e-01 7.948168889164991535e-01 8.000978000786211908e-01 7.991098519821099311e-01 7.976029450226854722e-01 7.955713283439636019e-01 7.899955919684211736e-01 7.921431644670988703e-01 7.913000037820637766e-01 7.958984902346563084e-01 7.837556637977453056e-01 7.988070741640920236e-01 8.018935944012500761e-01 8.019803235396163466e-01 7.963679089149848789e-01 7.932910131901599327e-01 7.967149065261743823e-01 7.972649119377939186e-01 7.926114696309509711e-01 7.947443232765362131e-01 7.914713030646607361e-01 7.978085606843635658e-01 7.938402031369631295e-01 8.007976739635309649e-01 7.905754054938167741e-01 7.946002046005896657e-01 7.947657708258152320e-01 7.886718118459445925e-01 7.898499837998251838e-01
1.094015276530794639e-01 1.800737996773939809e-01 3.915712879248561262e-01 5.543730374382724868e-01 4.528714681596204272e-01 5.185639577044014459e-01 7.375974361211686814e-01 6.894463244908343169e-01 1.000000000000000000e+00 7.710171792607545260e-01 8.194436724199998245e-01 8.408439905774564016e-01 7.752640818512785970e-01 7.650453055313851669e-01 8.491642210087528841e-01 8.285511599548687212e-01 8.438814204974183220e-01 7.448598438531386368e-01 8.143201214076257743e-01 6.356802965334793498e-01 7.234180753846154444e-01 8.268444197437291310e-01 7.931619231070181630e-01 7.705313589018865095e-01 8.206112426084448686e-01 8.510012922863219309e-01 8.503175740867823240e-01 8.531193223378478185e-01 8.506450879760361072e-01 8.803291524926730727e-01 8.848106799153280244e-01 8.552238440312257550e-01 8.163671892371695549e-01 8.488332478609855736e-01 8.552299182410882938e-01 8.301504974185156538e-01 8.577350616626244761e-01 8.597365148534166224e-01 8.665330401912630931e-01 8.113825041121834891e-01 8.704599964748086505e-01 8.659671734502155660e-01 8.284874571834823787e-01 8.749621326581429326e-01 8.655363321692843837e-01 8.736039677244178403e-01 8.805371756926470006e-01 8.898072089524011741e-01 8.751787885000924527e-01 8.483686572889750366e-01 8.695927352670875798e-01 8.323881909491802622e-01 8.573108136966282045e-01 8.846747705803162942e-01 8.759462854812418708e-01 8.774597198237341633e-01 8.759805248345705619e-01 8.726995359870538538e-01 8.788410683373936161e-01 8.852633842671893127e-01 8.751010569105560633e-01 8.851595981559583493e-01 8.796824658458718416e-01 8.857010631429562686e-01 8.924828428575876105e-01 8.887169019469254305e-01 8.887624515299026307e-01 8.876333703604133429e-01 8.857108799158183166e-01 8.797356414865129537e-01 8.800969297380899503e-01 8.903131827712542634e-01 8.733132030327558359e-01 8.774823514869394270e-01 8.838588132520497354e-01 8.867555753016287401e-01 8.778689151136698232e-01 8.859589828320267868e-01 8.828417293123044240e-01 8.902699782316207955e-01 8.854801300642631823e-01 8.897024617193314278e-01 8.818315043751587812e-01 8.861157704291888759e-01 8.649815211502197565e-01 8.821700405819478119e-01 8.804779146004797497e-01 8.717604038039136194e-01 8.805026398746361727e-01 8.707078719500802588e-01 8.620071259937225339e-01 8.778937427428139539e-01 8.818483759280306700e-01 8.839323929010998171e-01 8.815632846525809363e-01 8.861869558545607539e-01 8.407313437093121289e-01 8.667690621064064738e-01 8.679713211740922585e-01 8.663719657637527494e-01 8.642287473920653440e-01 8.745997779807535011e-01 8.746283091493831652e-01 8.793227822071689737e-01 8.728901514343906376e-01 8.700281092163468788e-01 8.795754524164155486e-01 8.849520872575983299e-01 8.810481797446620966e-01 8.803536414538549737e-01 8.709889711471948681e-01 8.832837850301460403e-01 8.788165710953700360e-01 8.793360874288511653e-01 8.910411141326415319e-01 8.841230225900736928e-01
3.063604847046293850e-02 1.698104540427551878e-01 3.669290388816625614e-01 5.435275431929086354e-01 4.321651162112625788e-01 4.825772187178097861e-01 7.200581461796238258e-01 6.744734568508569117e-01 7.710171792607545260e-01 1.000000000000000000e+00 7.728907969937064415e-01 7.924472287711029628e-01 7.346471828469851584e-01 7.104028234288711774e-01 8.131648097440994372e-01 7.980273382649741842e-01 7.755595113855899836e-01 6.916607219877471957e-01 7.491416444507129624e-01 6.023999861727917793e-01 6.673487228009403749e-01 7.662569242692932603e-01 7.418917231488173503e-01 7.109751472761504099e-01 7.558772990405593362e-01 8.046570817565532607e-01 8.018628273705937781e-01 8.118681216775354148e-01 7.909259010145414104e-01 8.133151551694322023e-01 8.262391723750314165e-01 8.067091031939086498e-01 7.763810107030669760e-01 7.962541773712888959e-01 7.948280822501254672e-01 7.855597732602204175e-01 8.031474564476845934e-01 8.178473495495268697e-01 8.195847863377347942e-01 7.879245055707783107e-01 8.250795519052919191e-01 8.252600223571731064e-01 7.879004802242541849e-01 8.263297423616966508e-01 8.216358840328444879e-01 8.230103821019493227e-01 8.302807474535073284e-01 8.384730419488715114e-01 8.279205547542739518e-01 8.030570700507458914e-01 8.244837753137714831e-01 7.836409403678855634e-01 8.103919478381985675e-01 8.278373955036240073e-01 8.196368664674150706e-01 8.312430823598372376e-01 8.185970258249715137e-01 8.264482356546419828e-01 8.328929895236054648e-01 8.312501321995185988e-01 8.302455772912710197e-01 8.311210126068617754e-01 8.246153774538101944e-01 8.293851012471458173e-01 8.298843476334831770e-01 8.289012601760601395e-01 8.361976091691464275e-01 8.347507245141491117e-01 8.330228737019482743e-01 8.266080190078827217e-01 8.286893599962750212e-01 8.331074862335270392e-01 8.234250652772107104e-01 8.214173348962883203e-01 8.356216195594209362e-01 8.349398786862859412e-01 8.329906102242700117e-01 8.329368215720118762e-01 8.317406212904270291e-01 8.337603195020815150e-01 8.343267721503575540e-01 8.351046509364308257e-01 8.332296277177574373e-01 8.327012092000702914e-01 8.207236430523847659e-01 8.316595027087499981e-01 8.308538008368921979e-01 8.323166540648169187e-01 8.336687739335223446e-01 8.279811448132656793e-01 8.246443069326910846e-01 8.332773512112421344e-01 8.349156971134084060e-01 8.332583262456316753e-01 8.332502910324427470e-01 8.364681998851499767e-01 8.031048713171750064e-01 8.174052883182321150e-01 8.259151798569130953e-01 8.276410043504809355e-01 8.218559375857320548e-01 8.278635845729398479e-01 8.265438257513730846e-01 8.318371651111114984e-01 8.246147877007042881e-01 8.208860255786377680e-01 8.319769835123422830e-01 8.362736354321131937e-01 8.357951610227174477e-01 8.342376577425857365e-01 8.298536978605133285e-01 8.330887927548832339e-01 8.325947192777438666e-01 8.313012475195190598e-01 8.353983034221512671e-01 8.310610582988826600e-01
2.065401479319266959e-02 1.738523719771282172e-01 3.984286465212197870e-01 5.952150434540052215e-01 4.664907481829153046e-01 5.305135298527047238e-01 7.663890805410245033e-01 7.271932409800969666e-01 8.194436724199998245e-01 7.728907969937064415e-01 1.000000000000000000e+00 8.811108010257958645e-01 8.016531506334243495e-01 7.734607403789290903e-01 8.821663831941345402e-01 8.629572543226673442e-01 8.298004834921776096e-01 7.353904176961379990e-01 8.068995253476625162e-01 6.464711238848414032e-01 7.246817471909452468e-01 8.350173847529503979e-01 7.899461251860707689e-01 7.585703297192193384e-01 8.228572832818592531e-01 8.799144364640515414e-01 8.738010132746769631e-01 8.815807872934912082e-01 8.640882309457091903e-01 8.897623491353865433e-01 9.038914229835471881e-01 8.689386394133435942e-01 8.592492799995570252e-01 8.768310649703052739e-01 8.735800727872929938e-01 8.693419616030571007e-01 8.890942391970894088e-01 8.855921403155461169e-01 9.007996789539602922e-01 8.741486192015803791e-01 9.055984995679785543e-01 9.054769644731159861e-01 8.698364461470202702e-01 9.045011605846660085e-01 9.038593914038290933e-01 8.961456662493493264e-01 9.121040397407995659e-01 9.112133470115654221e-01 8.988201846115625449e-01 8.841633723012012336e-01 8.976710519304978986e-01 8.752768002415239890e-01 8.968433495219501062e-01 9.013438558169780679e-01 8.859571275116439049e-01 9.028962657613325282e-01 8.933931620881790936e-01 9.026702134282060808e-01 9.005353952718867516e-01 9.068278167378184262e-01 9.053374620972316489e-01 9.050491935567075430e-01 8.941810716346083598e-01 9.056146262738619113e-01 9.049069505336889696e-01 9.050647921565169174e-01 9.148160963127601741e-01 9.121254350390306520e-01 9.066643691658413662e-01 9.024363047871608590e-01 9.089416002648634807e-01 9.127532433693691383e-01 8.947427165074597344e-01 8.989190460854281639e-01 9.141895461950514390e-01 9.146547402310494235e-01 9.122524271497616244e-01 9.107277363999455311e-01 9.110211097694314031e-01 9.126143774412761589e-01 9.155057036438000173e-01 9.179737888464514217e-01 9.103715581195179762e-01 9.110669618500473188e-01 9.052068189409191445e-01 9.125664187663909965e-01 9.152964939869493444e-01 9.114595440034591878e-01 9.162198063951193516e-01 9.076286493527908616e-01 9.097470295016393260e-01 9.152541433193432940e-01 9.165751778074588962e-01 9.158738588569584893e-01 9.149267353092277455e-01 9.167951998550233350e-01 8.920372035242969400e-01 8.941667856523198843e-01 9.060091109181879210e-01 9.082392370685454797e-01 9.042039016648858452e-01 9.077021021391478151e-01 9.101996045396585355e-01 9.130761523285565451e-01 9.113922796075345500e-01 9.010272223284025994e-01 9.113532993079995759e-01 9.145224598681146455e-01 9.119449494457457783e-01 9.147811369940989090e-01 9.097197157313228200e-01 9.142603871790385694e-01 9.114404653066999762e-01 9.114820073643199461e-01 9.136007115634643405e-01 9.115277538447918992e-01
2.253144454529992444e-02 1.644612874622090326e-01 4.229623235979570461e-01 6.433095062092937244e-01 4.903901279348832909e-01 5.706311395731766822e-01 8.194154183808324277e-01 7.763246329923874089e-01 8.408439905774564016e-01 7.924472287711029628e-01 8.811108010257958645e-01 1.000000000000000000e+00 8.355223001323556220e-01 8.184465934004738763e-01 9.227048327189821819e-01 9.084239993109508582e-01 8.606123546587866047e-01 7.698955165205497719e-01 8.367428795453795143e-01 6.822074852754359542e-01 7.647179336481265688e-01 8.711539866470684457e-01 8.222688911863422767e-01 7.865217328013568432e-01 8.515110722642461605e-01 9.100942576962320896e-01 9.032291597699142471e-01 9.047993278403790862e-01 8.916069637513502899e-01 9.048452811180331956e-01 9.279189572206364423e-01 9.013998700654808349e-01 8.822006186870244848e-01 9.029220092158167787e-01 8.968328137793476484e-01 8.984434060743028416e-01 9.092483422883962385e-01 9.217199634017144705e-01 9.281722511024742550e-01 9.078133183453390709e-01 9.381394500709803186e-01 9.395987792973419239e-01 9.148800520363964406e-01 9.387179729324776067e-01 9.347384923987935856e-01 9.284403898113205988e-01 9.449868518102224613e-01 9.446953470754169135e-01 9.337391224881559371e-01 9.185257139121452141e-01 9.335287870317805492e-01 9.126787079082805398e-01 9.329420267563366398e-01 9.362102961038555327e-01 9.287635786855064080e-01 9.412915687671087328e-01 9.318388981268962423e-01 9.429901098190499598e-01 9.378889591010303173e-01 9.431333904932540646e-01 9.474225051818356835e-01 9.422231865973998977e-01 9.355185036610419447e-01 9.394834955658361020e-01 9.356346856288346725e-01 9.403479130568005440e-01 9.465633894921359204e-01 9.460637705021830435e-01 9.406560166353472585e-01 9.396815429551637067e-01 9.452469264663094783e-01 9.454764516962581578e-01 9.286767588771324133e-01 9.318575056223591391e-01 9.476520511426416160e-01 9.452789225923099448e-01 9.425688494676405238e-01 9.419834355015210825e-01 9.416249132307885628e-01 9.393460265553309485e-01 9.423966270434865899e-01 9.457958997476134666e-01 9.441483380498818523e-01 9.404288433194156749e-01 9.364767696648851336e-01 9.438936294753308420e-01 9.459419072399745110e-01 9.437865559278547645e-01 9.453532851109406332e-01 9.427507172253336565e-01 9.410040682195154327e-01 9.469830614319851847e-01 9.482977058234680623e-01 9.462885901361141050e-01 9.476506370088965125e-01 9.492080229840732519e-01 9.287401405155153444e-01 9.307816109973047203e-01 9.417689407302700655e-01 9.412532941231769312e-01 9.410302634046545656e-01 9.442389301311001626e-01 9.461024164986271412e-01 9.482949280615317056e-01 9.472429543190171719e-01 9.399229302556750820e-01 9.455003041308288614e-01 9.483564374884061454e-01 9.491034969624410067e-01 9.468335860107839341e-01 9.446772729496799581e-01 9.480890628962208577e-01 9.465695200626074168e-01 9.458937847604290683e-01 9.468317573289642963e-01 9.469154653686323586e-01
1.373415818355224784e-02 1.505110542325786005e-01 3.820532254546551432e-01 5.846666714013666333e-01 4.890226987019731242e-01 5.095455491162954598e-01 7.497063689900894667e-01 7.209148977209510756e-01 7.752640818512785970e-01 7.346471828469851584e-01 8.016531506334243495e-01 8.355223001323556220e-01 1.000000000000000000e+00 7.501260923627446342e-01 8.514611658842271558e-01 8.383530939196076615e-01 7.757089042812077562e-01 7.039451988352183331e-01 7.552493504313655404e-01 6.408795291962104956e-01 7.088094435178506902e-01 7.920625916485651841e-01 7.416999005374367293e-01 7.139896739814897142e-01 7.695612488862189071e-01 8.330786279115667270e-01 8.184647000423751484e-01 8.305145117955604617e-01 8.100922246636027557e-01 8.287327623870818227e-01 8.425492808535072209e-01 8.075965553645466644e-01 8.017571021501711526e-01 8.144713706510056106e-01 8.222039020840625767e-01 8.161847707311702393e-01 8.275895758112997713e-01 8.281975701043305937e-01 8.465132926911486111e-01 8.309478465659010382e-01 8.565032069641697055e-01 8.628628704191056986e-01 8.498197382098364727e-01 8.612267921629087608e-01 8.511733377256364141e-01 8.454266004937786017e-01 8.636818993873802697e-01 8.633114342358346738e-01 8.464523931670097090e-01 8.307609377681910434e-01 8.469303755634265407e-01 8.409826922185122955e-01 8.561490378283902469e-01 8.505056884632032910e-01 8.345026296780079234e-01 8.544593662719797145e-01 8.393763424951069529e-01 8.633405844627995984e-01 8.462998986620627884e-01 8.661739508627938067e-01 8.681681669695509029e-01 8.575287402542639548e-01 8.482104187153149955e-01 8.534046421402239346e-01 8.560116594986025840e-01 8.544458682840180286e-01 8.644389347328491624e-01 8.660439411257472297e-01 8.583470552331958769e-01 8.631075750642471789e-01 8.663048715172474434e-01 8.615500356714079766e-01 8.478225869110697088e-01 8.499425802951215969e-01 8.647088626550982760e-01 8.649793294873526772e-01 8.668410218717419458e-01 8.579394611913588875e-01 8.622639538195591147e-01 8.559252826670007419e-01 8.617616982698096395e-01 8.644212370543512547e-01 8.595130390189924530e-01 8.590134783736038671e-01 8.579285376065609592e-01 8.596987430405707009e-01 8.632230889488730075e-01 8.652442389641629150e-01 8.677119444616228083e-01 8.631737529702229184e-01 8.656898162308181988e-01 8.713509893545049456e-01 8.674082434252372575e-01 8.679076830784575591e-01 8.680497562933822131e-01 8.684260485480997938e-01 8.601788429240548872e-01 8.569705312358857352e-01 8.674139512315899303e-01 8.657212689148580109e-01 8.729464717785774264e-01 8.642226862827891987e-01 8.695672939410717950e-01 8.720676010135119949e-01 8.690942769412290936e-01 8.599124106672361156e-01 8.665694532820241713e-01 8.654663610248021222e-01 8.669402015547817975e-01 8.678018102352870189e-01 8.661260820598756238e-01 8.694752470955344759e-01 8.671791670061296253e-01 8.683931811605128948e-01 8.645205945333896969e-01 8.679090573944928666e-01
