1.000000000000000000e+00 1.386671025564802096e-01 1.276986996424252785e-01 1.124036378976928929e-01 4.168692186735986627e-02 2.520958667063788114e-02 1.028488343547618311e-01 1.105086251533907438e-01 1.253701652691845414e-01 6.312686071492289164e-02 5.972128398811812899e-02 4.338296848214505397e-02 4.843516445781338720e-02 4.003200002966796241e-03 4.475896995262757666e-02 5.650479608860527192e-02 1.201271952631120105e-01 1.011739010884042667e-01 8.600881620729933230e-02 1.457637605109994294e-01 1.719211020071085283e-01 8.623879482057708601e-02 9.566936253778587917e-02 7.711093705239405183e-02 7.832766774957040934e-02 9.980967341497144762e-02 7.289331612018096207e-02 6.449013641033736477e-02 9.428826728066608265e-02 5.581779141356146834e-02 4.216604219476675908e-02 7.183222411074186020e-02 5.069638370375084691e-02 5.880839087014670674e-02 5.621710346031499189e-02 4.982812001767523286e-02 2.334370870762617761e-02 6.694002660850245645e-02 4.532943564750286508e-02 2.468114658167061548e-02 3.735188818445097508e-02 2.902612568644817939e-02 4.282385865279215303e-02 4.340388925175916318e-02 2.812535300316271886e-02 1.909946386839883256e-02 1.332041097474809428e-02 2.892886027739122526e-02 5.068866684502382203e-02 7.769018370852273647e-02 6.297338375060936022e-02 4.223577796622374897e-02 5.339232880170796669e-02 4.212065329992573104e-02 5.651618831804429421e-02 3.728449841475464654e-02 8.004250363585642403e-02 3.247566092304447066e-02 5.312286723497610524e-02 3.691982806224106822e-02 3.112062239699218968e-02 5.991533084170167639e-02 5.175680449574798087e-02 6.373643977476944888e-02 5.679470378497002148e-02 6.743967497604469452e-02 2.909776617453069952e-02 2.664527738781242300e-02 3.301866400871154850e-02 4.353700769731050357e-02 4.014525907908830099e-02 2.666254867502504747e-02 2.416352890204850543e-02 1.898046333271272146e-02 2.452677757440210882e-02 2.212867394205756538e-02 1.635351309002760004e-02 3.471905117985835121e-02 1.334385284093545822e-02 1.230029295054575061e-02 1.127495319503521616e-02 1.825557131819048259e-02 2.561623770791324889e-02 1.284721756413723451e-02 2.123644692502293235e-02 1.786866604323977120e-02 1.151713528101643100e-03 2.155971505436323279e-02 8.848969994158743108e-03 2.410691056173217689e-02 5.764322340469051932e-03 1.269971566758910410e-02 7.092618613401174658e-03 8.470841716158361567e-03 6.367149746169661548e-03 1.264238538694676880e-02 2.531068489868006088e-02 5.407240632826292026e-02 2.067235336187086756e-02 3.318851615037943237e-02 1.245574855188911687e-02 3.076969637408863770e-02 2.137083585706368860e-02 1.765686128287342199e-02 1.728681150368665403e-02 4.559190528620642863e-02 3.189761826511654935e-02 1.313597498711777979e-02 1.993732678024354860e-02 2.336208790702203747e-02 1.853530969006408902e-02 1.931567494210937458e-02 2.872793673226091415e-02 3.213826560069938526e-02 3.096672519822006586e-02 3.640175477167020834e-02
1.386671025564802096e-01 1.000000000000000000e+00 1.502690596284375624e-01 1.989844821363382643e-01 1.112983530633546436e-01 1.156763324817693256e-01 2.106201355449735246e-01 1.953829252826836393e-01 2.081546276674047513e-01 1.580181165756491257e-01 1.829711672666098077e-01 1.764422938225278237e-01 1.876005618477820658e-01 1.480904045980444284e-01 1.946994830371282792e-01 1.915082058262860543e-01 1.829752057927218900e-01 1.938526715454922944e-01 1.913324679103887149e-01 2.084879378305615760e-01 2.442825122084209544e-01 2.189290326746506088e-01 2.029034509875189685e-01 1.998159357935181402e-01 2.055142999865004760e-01 2.262263369450340234e-01 2.010687201600339369e-01 2.021335022767069556e-01 2.114070794993029856e-01 1.896218557892024592e-01 1.874137572023573950e-01 2.069851991251407952e-01 2.000162373186068765e-01 1.919892491312203964e-01 1.812504312983055643e-01 1.732486693603054462e-01 1.754927747714592479e-01 2.042512369880559453e-01 1.860766710418794156e-01 1.832384641082336618e-01 1.928863368961172831e-01 1.862073384561189759e-01 1.840228030639688150e-01 1.859012268250226640e-01 1.802763288250858187e-01 1.760261689221381265e-01 1.753632212599301465e-01 1.780976317605107162e-01 1.881934645985913201e-01 1.947484698590989383e-01 1.933912615439380145e-01 1.583177701776421753e-01 1.738417020753790510e-01 1.848991709477083856e-01 1.866902441131319812e-01 1.764945879414685781e-01 1.885206339205875714e-01 1.797373746157795438e-01 1.892508204388829163e-01 1.792583527375442576e-01 1.709679745961883157e-01 1.884581644154293967e-01 1.831622191321534143e-01 1.835914397793684261e-01 1.828949543335928740e-01 1.859326910723845538e-01 1.748663003928022652e-01 1.800447264520163015e-01 1.892333826205955249e-01 1.909581432091450315e-01 1.870630069500522907e-01 1.776646960840632394e-01 1.814425987848019839e-01 1.807990637748839169e-01 1.842474833505379217e-01 1.799375774068192879e-01 1.819609401907991697e-01 1.846772346083052352e-01 1.709985876993439513e-01 1.726233716330799473e-01 1.735361261017416279e-01 1.742868261856824474e-01 1.787813263808632480e-01 1.714114845665595244e-01 1.738035002507892224e-01 1.698838491088151548e-01 1.649200723895663800e-01 1.781420612212150645e-01 1.716917171659776697e-01 1.798236668649593473e-01 1.777583783402941209e-01 1.752680185985323602e-01 1.678818684518712800e-01 1.745153333733220624e-01 1.660535219304323240e-01 1.674779809551323606e-01 1.722890666050947150e-01 1.782669161933808366e-01 1.654555048312190135e-01 1.776472043586234950e-01 1.664950373298035025e-01 1.734585609848941778e-01 1.706396242273897357e-01 1.697387231008089525e-01 1.630963549441616367e-01 1.770442036973326194e-01 1.747379471089245129e-01 1.704505778639628655e-01 1.756123650988433704e-01 1.729892664930574864e-01 1.736561409410523338e-01 1.710556832105005198e-01 1.716023131072634544e-01 1.722920979640281680e-01 1.706576741956155607e-01 1.746806931338557300e-01
1.276986996424252785e-01 1.502690596284375624e-01 1.000000000000000000e+00 3.347120584956446154e-01 2.044766737499854881e-01 2.218031363322325034e-01 3.701189020329383461e-01 3.294935590960325067e-01 3.742489582902088774e-01 3.318230219269299730e-01 3.608067334289275507e-01 3.542450267937131692e-01 3.143316869253570678e-01 3.302508931524384406e-01 3.788227430121512973e-01 3.779198118440978971e-01 3.573595904733116724e-01 3.853665473976880529e-01 3.852749995691367446e-01 3.630795557197539769e-01 4.045703750316230751e-01 3.909239139591433876e-01 3.860848521209205297e-01 3.777293241525404022e-01 3.900672893252760121e-01 4.026788756793732160e-01 3.774116056369475891e-01 3.845528430205596981e-01 3.637138782593948294e-01 3.858526416812396720e-01 3.725999811607706436e-01 3.927487520200413917e-01 3.673989912213922460e-01 3.755026552815738383e-01 3.735248855869853779e-01 3.584569066639468060e-01 3.623544626815723979e-01 3.900113751678012108e-01 3.784663347451182602e-01 3.788464586566495651e-01 3.788392392648060047e-01 3.755722452568353575e-01 3.738375969943724120e-01 3.821927124053225433e-01 3.714293476262559568e-01 3.659488807103981611e-01 3.622877682267397481e-01 3.677609843198020867e-01 3.741453903781329915e-01 3.890699838847117564e-01 3.879564067481079959e-01 3.711479472457641093e-01 3.635775516728382284e-01 3.746373492321909415e-01 3.773917067712639350e-01 3.758090300798353489e-01 3.813277000851279519e-01 3.699159065902027921e-01 3.766082315895715182e-01 3.625928410256769041e-01 3.745392381820562555e-01 3.706612694446450029e-01 3.727737355393263008e-01 3.731391818481169520e-01 3.686148315944283715e-01 3.697918419345760932e-01 3.669287349945959953e-01 3.742801324658073248e-01 3.810570586251350034e-01 3.790921098544262624e-01 3.812011624689561340e-01 3.738612372464066858e-01 3.773436042194566742e-01 3.760104841992525926e-01 3.747614626747485800e-01 3.733523414138267271e-01 3.727887937578493460e-01 3.693326646276232639e-01 3.681394320837713674e-01 3.643210624952603616e-01 3.681922431861178180e-01 3.667482050043652242e-01 3.748225777131629077e-01 3.694672936288908027e-01 3.766477747550699973e-01 3.711619533617714350e-01 3.599380924156863060e-01 3.756615591899581941e-01 3.698333369820986372e-01 3.692460085178083107e-01 3.696819488195303705e-01 3.685637218742419119e-01 3.643192252426631361e-01 3.691737308685706931e-01 3.609272876698125243e-01 3.610205968251735120e-01 3.730682482457896021e-01 3.765679487482642140e-01 3.667289341836274530e-01 3.749937630857280157e-01 3.671308173765867044e-01 3.716507256745558152e-01 3.642613478028371987e-01 3.683110150074191402e-01 3.664318091308120251e-01 3.693320836020441145e-01 3.698972340171101658e-01 3.647872136887508887e-01 3.691385602970644331e-01 3.623823393937619097e-01 3.645081084028657936e-01 3.630644100205063785e-01 3.618392667247249395e-01 3.686356152167223899e-01 3.664179103056907083e-01 3.658651572345382186e-01
1.124036378976928929e-01 1.989844821363382643e-01 3.347120584956446154e-01 1.000000000000000000e+00 3.478064898997913490e-01 3.979987610534449494e-01 6.477480421992358739e-01 5.863994887103193276e-01 6.062102916592645441e-01 5.448013523980465012e-01 6.012848726312475245e-01 6.299254966539507006e-01 5.765853091318655643e-01 5.722922403114627521e-01 6.501192638220739672e-01 6.318074589515895179e-01 6.038450005615451088e-01 6.054169562718754172e-01 6.383788156502167022e-01 5.896914507191661770e-01 6.622353725777102573e-01 6.671601630590865417e-01 6.439298990078010654e-01 6.234012573350358188e-01 6.644597932780872407e-01 6.642113545103416339e-01 6.361684897855393039e-01 6.540258982872022564e-01 6.550958577957429751e-01 6.497852396110072037e-01 6.438282261501123704e-01 6.633570605253127361e-01 6.476313515148045541e-01 6.590129207049151283e-01 6.438471855140868172e-01 6.342902963531764637e-01 6.408652233773450835e-01 6.627026127341423267e-01 6.641282972940061313e-01 6.392657024625025830e-01 6.368134959967545194e-01 6.430951265157722752e-01 6.544489754257434289e-01 6.560003836074469463e-01 6.524205361512163126e-01 6.368056678569983253e-01 6.234140142849935451e-01 6.298967861102252597e-01 6.346350510279801238e-01 6.593371272907563307e-01 6.543048773184247935e-01 6.434621068410837363e-01 6.411013288372890973e-01 6.302393540474313660e-01 6.347432994314741173e-01 6.329901669300461720e-01 6.444105543051600327e-01 6.292698705184446295e-01 6.348553623141899305e-01 6.292591524279915749e-01 6.361309171338521695e-01 6.331370939360533301e-01 6.319606847565408803e-01 6.424464477005507046e-01 6.347636077560656620e-01 6.416803441905303274e-01 6.343644064183786568e-01 6.426104028929794376e-01 6.534708296109450476e-01 6.494615615808158049e-01 6.542009087667760570e-01 6.464967185668535343e-01 6.460700961394638675e-01 6.469374935486182920e-01 6.451959499173272050e-01 6.401280997164426889e-01 6.421448266684767203e-01 6.480430882289824890e-01 6.363492320834318594e-01 6.326501782572955257e-01 6.397797728477758739e-01 6.389259526087796015e-01 6.513734322223480033e-01 6.416423619948408152e-01 6.495894777798338904e-01 6.463907053858241047e-01 6.374269603567515041e-01 6.467962021917843529e-01 6.405854892148012958e-01 6.412652114289926208e-01 6.431786363567038034e-01 6.369527606885573290e-01 6.374991898918638267e-01 6.375020277424764403e-01 6.225045581278850770e-01 6.241115642343018077e-01 6.475900450995254465e-01 6.467441214841949115e-01 6.334591753959961657e-01 6.429139823491458738e-01 6.409895313220244084e-01 6.405790293625406306e-01 6.325451466685335644e-01 6.377479162725208095e-01 6.392013587867486635e-01 6.402860262267591196e-01 6.354518903224080084e-01 6.262770245401674263e-01 6.336106080247675409e-01 6.323874372977099645e-01 6.306285936225854982e-01 6.282186951365830163e-01 6.251842803783402847e-01 6.379019931152142275e-01 6.393414770039896888e-01 6.313555617069335213e-01
4.168692186735986627e-02 1.112983530633546436e-01 2.044766737499854881e-01 3.478064898997913490e-01 1.000000000000000000e+00 2.961227844709278245e-01 4.517917079844743222e-01 4.265668535069536693e-01 4.627909667337978261e-01 4.294569924909720782e-01 4.602590112738098593e-01 4.743625814417491982e-01 4.439093951198467836e-01 4.299601316487323133e-01 4.928928418778660836e-01 4.788138768901614162e-01 4.438283642186586775e-01 4.450615884669472666e-01 4.615381315690029740e-01 4.349710024690872090e-01 4.581156265185917786e-01 4.825305302852579969e-01 4.869030206700620256e-01 4.549160032674154364e-01 4.755274358917729316e-01 4.958658898022647588e-01 4.814807563255376621e-01 4.899263929074452184e-01 4.802896690487630238e-01 4.982921463568770748e-01 4.952475898214124816e-01 4.821600880303759662e-01 4.672159691251364655e-01 4.718286251715921864e-01 4.750712134502763639e-01 4.691831579738013347e-01 4.766034278766014820e-01 4.823315974971686959e-01 4.861150701567313881e-01 4.856191379920448137e-01 4.943724729602483325e-01 4.951788388528509666e-01 4.903896287413089250e-01 4.979432649444295311e-01 4.911255944150224595e-01 4.880251249398454005e-01 4.855025388264008201e-01 4.875929724731069004e-01 4.881163075490598802e-01 4.839625352326777930e-01 4.919350365649024504e-01 4.861710621128998433e-01 4.921083236523320359e-01 4.907988573384750031e-01 4.875630395921984883e-01 4.846483362368912418e-01 4.914081848265360875e-01 4.909196087414768317e-01 4.859438097768487563e-01 4.907242070278903245e-01 4.965563996097067667e-01 4.873963688554083795e-01 4.827352485905618273e-01 4.890415570723870564e-01 4.936698258831416775e-01 4.932411174257229636e-01 4.921125415292305627e-01 4.958901606506234128e-01 5.006005610220514157e-01 4.991188175229656077e-01 4.984225427420832522e-01 4.976564086898901396e-01 4.952417948275223969e-01 4.966404198245682466e-01 4.985734363935759306e-01 4.957236173688580605e-01 4.954728514808628415e-01 4.991543380006880914e-01 4.948324760525050214e-01 4.920104446632070361e-01 4.940274443936520932e-01 4.950501241805980168e-01 4.948424920531127036e-01 4.893345674986269156e-01 4.970803271832845427e-01 4.948907356756797049e-01 4.904621353660327809e-01 4.965900341334489321e-01 4.937516685631397340e-01 4.978303206321931795e-01 4.928455808723486986e-01 4.945915899193756848e-01 4.929070733607491261e-01 4.934865389961860527e-01 4.914804561162486318e-01 4.903018823622310451e-01 4.941471463045030710e-01 4.928294729263020257e-01 4.925609392657764873e-01 4.967726018471290139e-01 4.966094925889371625e-01 4.941585279625554383e-01 4.912432986944373359e-01 4.940450303570535495e-01 4.940087737356256836e-01 4.937701508556070484e-01 4.916699258448726795e-01 4.895795840329906223e-01 4.938086171529050272e-01 4.917519314828085464e-01 4.899088537334784221e-01 4.922650735232227959e-01 4.899973499739181948e-01 4.938299545508123001e-01 4.906025344898641838e-01 4.950421724575303495e-01
2.520958667063788114e-02 1.156763324817693256e-01 2.218031363322325034e-01 3.979987610534449494e-01 2.961227844709278245e-01 1.000000000000000000e+00 5.311743731360185627e-01 5.165444185608460970e-01 5.691004847561225155e-01 5.280601421222820280e-01 5.719268865680519065e-01 6.090031185056066221e-01 5.423631591110064099e-01 5.757759805924701491e-01 6.143962019102426897e-01 6.033564029017518537e-01 5.578968911414067255e-01 5.389389572721974275e-01 5.612678420857094563e-01 4.851444547305368560e-01 5.328404129846338044e-01 5.856257317842386012e-01 5.787226814389715424e-01 5.390132230632526111e-01 5.806615393200750264e-01 5.937868458152042450e-01 6.028540112155709174e-01 6.038467616004327132e-01 5.806893722610138031e-01 6.080970886791260410e-01 6.211037361630570297e-01 6.032542911586750156e-01 5.856579499865095517e-01 5.923607244371454916e-01 5.915313447817699410e-01 5.889050108839705144e-01 6.113266415652921504e-01 6.121126301186441410e-01 6.150959218239794302e-01 6.125416197991037093e-01 6.249813281733399561e-01 6.305311307894795325e-01 6.158056511373845021e-01 6.270831531345100185e-01 6.275885089502815095e-01 6.154043170841435595e-01 6.300533342665316505e-01 6.310063484068018091e-01 6.268325199194185737e-01 6.080226164238033970e-01 6.257368282011819272e-01 6.041820283992117568e-01 6.227200686557988751e-01 6.259308912712329143e-01 6.152924625088505017e-01 6.217510220039146329e-01 6.181372713289066123e-01 6.293677354486827413e-01 6.178998646165609898e-01 6.323518481834473626e-01 6.317079759507312486e-01 6.173476380673081909e-01 6.159228054793237650e-01 6.253475163783366320e-01 6.235097485887672875e-01 6.264271664043867816e-01 6.317661409592323363e-01 6.269140061112257190e-01 6.281559692089490055e-01 6.228285352826410382e-01 6.291726210758726845e-01 6.337925378358807427e-01 6.165614506328626065e-01 6.255614911199730566e-01 6.329473720630846012e-01 6.298366575302040138e-01 6.281115120531958196e-01 6.264921181012755858e-01 6.278427439143983158e-01 6.282638496309622678e-01 6.322874091450543244e-01 6.341233692153052104e-01 6.292312879623016553e-01 6.306637617396394502e-01 6.290710526145261161e-01 6.267447345549153059e-01 6.278669574373921813e-01 6.314841473126749927e-01 6.309199736027895078e-01 6.317336072271904079e-01 6.308936387830291759e-01 6.347298636965524876e-01 6.305489423082022427e-01 6.335142113924500107e-01 6.332308246053253153e-01 6.331751269521918024e-01 6.279575228382805463e-01 6.255022769235515367e-01 6.287588753750606996e-01 6.321659703228791338e-01 6.318755177014524493e-01 6.298660539394149716e-01 6.332474785121804395e-01 6.350773896273494978e-01 6.311298193915779731e-01 6.231409217699754866e-01 6.313938335896981391e-01 6.326596282256611303e-01 6.321045612844486961e-01 6.321466685067562707e-01 6.318424288147187484e-01 6.347433080932932681e-01 6.290913980062246003e-01 6.329769860047177454e-01 6.297144621399887177e-01 6.304835517808731193e-01
1.028488343547618311e-01 2.106201355449735246e-01 3.701189020329383461e-01 6.477480421992358739e-01 4.517917079844743222e-01 5.311743731360185627e-01 1.000000000000000000e+00 7.384262004206679775e-01 7.675281108848788225e-01 7.036572835700034556e-01 7.728047962072928101e-01 8.039116815507695302e-01 7.326932291226643246e-01 7.306290611999332052e-01 8.421444663020086763e-01 8.169980973412968028e-01 7.607701950773013699e-01 7.789287409542043905e-01 7.969721764991851698e-01 7.602264346914119342e-01 8.117704814884271203e-01 8.228200092152152534e-01 8.179031975696809953e-01 7.962997343021258612e-01 8.197651420266840461e-01 8.446810321055506776e-01 8.142600946238182091e-01 8.325146976575150681e-01 8.264068836538003282e-01 8.342103985321096538e-01 8.282517189390209422e-01 8.357405724445402528e-01 8.052492529549520883e-01 8.205833964066632236e-01 8.099928651895742515e-01 7.896701053585957197e-01 8.131742812191815606e-01 8.339528405875706873e-01 8.299499855785675839e-01 8.256565372011629433e-01 8.225500594707869650e-01 8.297901209765609076e-01 8.318997808002552841e-01 8.384440773312210604e-01 8.283863540656151159e-01 8.217277007593759564e-01 8.044542517763995093e-01 8.163243985768501298e-01 8.147879691397098556e-01 8.270045608120150105e-01 8.315049874871895952e-01 8.087218735069023889e-01 8.164000607695586220e-01 8.159178328208962494e-01 8.197617441798588089e-01 8.205528007203908292e-01 8.230778665917505288e-01 8.173660771682802473e-01 8.202759172315942093e-01 8.146914515602572404e-01 8.194488591810991096e-01 8.172233965904859287e-01 8.187654486687419020e-01 8.149645196384511792e-01 8.116989516194047516e-01 8.155933257916048174e-01 8.183024045364502008e-01 8.304405780484834798e-01 8.395882545210627823e-01 8.420861537019634913e-01 8.372120735080474940e-01 8.301082032662745469e-01 8.325287490058239648e-01 8.332554608143138974e-01 8.350479895337818981e-01 8.276874239294095270e-01 8.333679508434554961e-01 8.353071828013995948e-01 8.263585003637728965e-01 8.230356421257134514e-01 8.219170553208406949e-01 8.234802153238455213e-01 8.296331799388728667e-01 8.218039675326528348e-01 8.289516251362247790e-01 8.270757886678435922e-01 8.197560950372676514e-01 8.324232381225784572e-01 8.243117340159875628e-01 8.259945548725958764e-01 8.286312243562464763e-01 8.254159731174605108e-01 8.216323622611489963e-01 8.234929146113552090e-01 8.096251564938152789e-01 8.117641338007558494e-01 8.322904395967313240e-01 8.265465461783113588e-01 8.181968117282453212e-01 8.271924797349209380e-01 8.234488194028202201e-01 8.252731978570281290e-01 8.152401587101122393e-01 8.210075009604972385e-01 8.209458463508905179e-01 8.212892457908977928e-01 8.199249313980297993e-01 8.146116096733007073e-01 8.220702125229026880e-01 8.188625862529775867e-01 8.189086618798201433e-01 8.121917328566279348e-01 8.105046744279648108e-01 8.175778310951671290e-01 8.143838384936666897e-01 8.142604371662813811e-01
1.105086251533907438e-01 1.953829252826836393e-01 3.294935590960325067e-01 5.863994887103193276e-01 4.265668535069536693e-01 5.165444185608460970e-01 7.384262004206679775e-01 1.000000000000000000e+00 7.418369521821283064e-01 6.847898263496743354e-01 7.438496349122831752e-01 7.780675805289541946e-01 7.094541448068256706e-01 7.144760433987465964e-01 8.026609572090207534e-01 7.918920296983699147e-01 7.483545081742896121e-01 7.204932994586883410e-01 7.587565135017717566e-01 6.860010414687034430e-01 7.657795016913364616e-01 7.885397727271643564e-01 7.738849104100326004e-01 7.358392163176681322e-01 7.767976030715162405e-01 8.022080082045934812e-01 7.755120443649532458e-01 7.896579803321642776e-01 7.743726829631913944e-01 8.051413392500808008e-01 8.055799458217154374e-01 7.991072584802890733e-01 7.850165404047270146e-01 7.924140199625731018e-01 7.837907837362526609e-01 7.803840489955956583e-01 7.905683384240399514e-01 8.060639219270681055e-01 8.110562614580174579e-01 7.978610839228832408e-01 7.990279905389431336e-01 8.051350985589694753e-01 8.092069764494107531e-01 8.153820802651726707e-01 8.054323746292280095e-01 8.000794730155336154e-01 7.891077086658659923e-01 7.970792930429022594e-01 7.964436820593574495e-01 8.071767736276824756e-01 8.121594315662097330e-01 7.874014610338089248e-01 7.965280788214859076e-01 7.969793842847995302e-01 8.009081078153597044e-01 7.992170450963481665e-01 8.069359989790156895e-01 7.990380675158746948e-01 8.035117448512268945e-01 7.975857685868245062e-01 7.994310123059999995e-01 8.015979275888115430e-01 8.043081226807212714e-01 7.996427267437354880e-01 7.952975107699076229e-01 8.007119626574210614e-01 7.992245762563831013e-01 8.040425583668114884e-01 8.134647235847642932e-01 8.085966107417428272e-01 8.132415315387830912e-01 8.070511532988128289e-01 7.995961038650213348e-01 8.048410570375367223e-01 8.049382439136218981e-01 8.038794785503085016e-01 8.010176803291890746e-01 8.019408946399877447e-01 7.973699286499841277e-01 7.978739692845340237e-01 7.999200071218230956e-01 8.016415788159511058e-01 8.072255700746129303e-01 8.007770676356679163e-01 8.060568722405447861e-01 8.050896907844169448e-01 8.012437798210878537e-01 8.071666480213687267e-01 8.041624822056839816e-01 8.007584651792561958e-01 8.041414961164584652e-01 8.019612180266449952e-01 8.013633756837166278e-01 8.039644261057241614e-01 7.918186941077492991e-01 7.935807373169410095e-01 8.070354186513533090e-01 8.065378631112660734e-01 8.002307674742901167e-01 8.050509468107205358e-01 8.041259290070759125e-01 8.063785734535782179e-01 7.978097415199559839e-01 8.025827251958641551e-01 8.009498854063559214e-01 8.026624754460308653e-01 8.019513356813945393e-01 7.964741548866863807e-01 8.008230773081070897e-01 8.005216422449783487e-01 7.983893328791470401e-01 7.956239786793539714e-01 7.953542791889726127e-01 8.021920960263037026e-01 7.986913127792405476e-01 7.975817506031634974e-01
1.253701652691845414e-01 2.081546276674047513e-01 3.742489582902088774e-01 6.062102916592645441e-01 4.627909667337978261e-01 5.691004847561225155e-01 7.675281108848788225e-01 7.418369521821283064e-01 1.000000000000000000e+00 7.567356963640047285e-01 8.127410448135016230e-01 8.465736043522892329e-01 7.646083292481254956e-01 7.893482315896495072e-01 8.708155964111036207e-01 8.564158384350110120e-01 8.276022760531333011e-01 7.800835035727000655e-01 8.041870293795401192e-01 7.332727590141103757e-01 8.098237475901102211e-01 8.486751581863665184e-01 8.376687668092934747e-01 7.784019780612018158e-01 8.273806986406690989e-01 8.641558189679562352e-01 8.490195139900731380e-01 8.558347296334573029e-01 8.288618704588457398e-01 8.668950337242854465e-01 8.762697046393550515e-01 8.680715112967212210e-01 8.269987332870397667e-01 8.443717023748986694e-01 8.463129912873899041e-01 8.238475328155970834e-01 8.371306819422966727e-01 8.721219543406136809e-01 8.612496275117098588e-01 8.552260020944076890e-01 8.749513895662398566e-01 8.737060801776818098e-01 8.561804074993198954e-01 8.837687550361433830e-01 8.734195655508738554e-01 8.639522732572759711e-01 8.762459895263619014e-01 8.857140628767901092e-01 8.881817876164970205e-01 8.778821616934301408e-01 8.896092983900737439e-01 8.572060165407904275e-01 8.784102850815524999e-01 8.885701423654175368e-01 8.831690059784347291e-01 8.783325381093174400e-01 8.956127285378560066e-01 8.828094969008984938e-01 8.888269791742560155e-01 8.849391874532268609e-01 8.844657852334858461e-01 8.872870447873705269e-01 8.814660877815040374e-01 8.887142191525400081e-01 8.873940359392682442e-01 8.948337221140629794e-01 8.853078584129553397e-01 8.812347787383141284e-01 8.824452135808343867e-01 8.790020691810882525e-01 8.881288722837001881e-01 8.852214963712844442e-01 8.720853727218182971e-01 8.745555083021006038e-01 8.842205647597408680e-01 8.795060722782211959e-01 8.752307217258388228e-01 8.774817759746201817e-01 8.759885303195992234e-01 8.726773754824870277e-01 8.751455082846175682e-01 8.811556603516209618e-01 8.796820965655066660e-01 8.730282981579727819e-01 8.775554599809222145e-01 8.754299328555461557e-01 8.676681053856118986e-01 8.810412412080851352e-01 8.745167253210636149e-01 8.815444652173136664e-01 8.722271549489495346e-01 8.790232191153770636e-01 8.751075727864259246e-01 8.765996202367282164e-01 8.792423868275845988e-01 8.800178312018904769e-01 8.781190589700516025e-01 8.920029280320452836e-01 8.809424365535434287e-01 8.840064470501075578e-01 8.742839212873035892e-01 8.865528078020262770e-01 8.833661633409596314e-01 8.816448363857511961e-01 8.790587053953352603e-01 8.900360711219151844e-01 8.882365076353828659e-01 8.803431866984763321e-01 8.843171691735177697e-01 8.831554342772285349e-01 8.822707395854185730e-01 8.836806477567817897e-01 8.839967613569625904e-01 8.858005206834549394e-01 8.849604645277039383e-01 8.892476923805381350e-01
6.312686071492289164e-02 1.580181165756491257e-01 3.318230219269299730e-01 5.448013523980465012e-01 4.294569924909720782e-01 5.280601421222820280e-01 7.036572835700034556e-01 6.847898263496743354e-01 7.567356963640047285e-01 1.000000000000000000e+00 7.557489471202381015e-01 7.914806085876968655e-01 7.209289870217183704e-01 7.421853444005349631e-01 8.122385277706293261e-01 7.886370929968361532e-01 7.466240608940395429e-01 7.069789243120291333e-01 7.258457675315779234e-01 6.672107035369100325e-01 7.187447903209399636e-01 7.650985998838361057e-01 7.635264195102465790e-01 7.163209824975519391e-01 7.493752256956388580e-01 7.918736301292184088e-01 7.866918040473833695e-01 7.930316555669545409e-01 7.614763247673639324e-01 8.042718743433421302e-01 8.149263824823641533e-01 7.975889440193965063e-01 7.564123696692969245e-01 7.761959217350966611e-01 7.772665977577161156e-01 7.600390826667935418e-01 7.854454522702999375e-01 8.069647867729842217e-01 7.981383799403859447e-01 7.943425283855158892e-01 8.196689300517649990e-01 8.159225876805128452e-01 7.917969114690972532e-01 8.222265987328652992e-01 8.136452056969563085e-01 8.064824363317827371e-01 8.245325430624312890e-01 8.319062640470176184e-01 8.275965020031955666e-01 8.023050520216847836e-01 8.207541013247789952e-01 7.842417586334272661e-01 8.130990461292044724e-01 8.306626833230414952e-01 8.210918273260597866e-01 8.252254924344148979e-01 8.231496639529056747e-01 8.278841059300119376e-01 8.232769272060529442e-01 8.298483010574704277e-01 8.247281482760074889e-01 8.228457160614116583e-01 8.170948702302308631e-01 8.215969334175627914e-01 8.198700676263411813e-01 8.280109269900707281e-01 8.302056057728280924e-01 8.244596068576426351e-01 8.248837646810314173e-01 8.189147574442710020e-01 8.241674216735217495e-01 8.265672935394849929e-01 8.164119278020929293e-01 8.190237646529892057e-01 8.286164399742906861e-01 8.233481383365962580e-01 8.195303884523950089e-01 8.176970873203956991e-01 8.249989471395536844e-01 8.222173598666365768e-01 8.213098255482790266e-01 8.283843674709829852e-01 8.217752767765205135e-01 8.187017269277068188e-01 8.210125620808523816e-01 8.211855541838439798e-01 8.145655356350161025e-01 8.272317499157331167e-01 8.248234595125973900e-01 8.233717685681413156e-01 8.197076596760149991e-01 8.263485352132244888e-01 8.220565544812215020e-01 8.258383889099576436e-01 8.280561418692808928e-01 8.294915413286360062e-01 8.193503147701959310e-01 8.279536116704612203e-01 8.241037751239743692e-01 8.280342147132230268e-01 8.218585795322037590e-01 8.278635719993070463e-01 8.273898425359857978e-01 8.273996347527673434e-01 8.204791053836204551e-01 8.274657848951391115e-01 8.326230305612278837e-01 8.299189272408017404e-01 8.298271379869133213e-01 8.288206674249789518e-01 8.293300370181582171e-01 8.304710890249423771e-01 8.295654315114016075e-01 8.278302976319984463e-01 8.252450253237434419e-01 8.303455633593974650e-01
5.972128398811812899e-02 1.829711672666098077e-01 3.608067334289275507e-01 6.012848726312475245e-01 4.602590112738098593e-01 5.719268865680519065e-01 7.728047962072928101e-01 7.438496349122831752e-01 8.127410448135016230e-01 7.557489471202381015e-01 1.000000000000000000e+00 8.641358264729324112e-01 7.697293843633927768e-01 7.972175643253807120e-01 8.802468546441299946e-01 8.608757190651871172e-01 8.131919981518298535e-01 7.717069792737135669e-01 8.147094082233915513e-01 7.198256114958332397e-01 7.926284579179396772e-01 8.466233740072546254e-01 8.307104645234455464e-01 7.884561847508498866e-01 8.379365402990500700e-01 8.639111783579124237e-01 8.561123263916744497e-01 8.643799063564295837e-01 8.283165762284809830e-01 8.781739220799027468e-01 8.877387188404454177e-01 8.711279885691082248e-01 8.424489557893557468e-01 8.538721652253734584e-01 8.502058509934552477e-01 8.368167649038638078e-01 8.611929612685945701e-01 8.846771247126812288e-01 8.775076832596672149e-01 8.744012636753554224e-01 8.883495309773868920e-01 8.885771812869392994e-01 8.730235331987089564e-01 8.943890851356894878e-01 8.884165932390579723e-01 8.797284753552121472e-01 8.847893615948486667e-01 8.962853253514084795e-01 8.897839893729666549e-01 8.770550928153817427e-01 8.917482394120327394e-01 8.595553081974676157e-01 8.807262373653962362e-01 8.919949464155808583e-01 8.899375641183018271e-01 8.894039393711264951e-01 8.915161137632333643e-01 8.917362055773127016e-01 8.965413472443563014e-01 8.898886949455184769e-01 8.922091051917502291e-01 8.916748662296638539e-01 8.863868358447810625e-01 8.893980465353124032e-01 8.852262487832885940e-01 8.919884544158883655e-01 8.939589062945343390e-01 8.937038951388633912e-01 8.952087830702856186e-01 8.894103126770077639e-01 8.977003033777756213e-01 8.983027031748095359e-01 8.862770962124225660e-01 8.923957143120696545e-01 8.980820717870984238e-01 8.950405793898366102e-01 8.941685440922637618e-01 8.876911799104707512e-01 8.917555285955701683e-01 8.893575535219356842e-01 8.905673767055958256e-01 8.955695613653443798e-01 8.935653625853413606e-01 8.886731756616582656e-01 8.894164465301620526e-01 8.888298275989366948e-01 8.894139154554261406e-01 8.961098736561804445e-01 8.920553538708763108e-01 8.934758860296753147e-01 8.939756741859600231e-01 8.955509102598981919e-01 8.910136741752121559e-01 8.938518815747215074e-01 8.902556685903999512e-01 8.926464916244365444e-01 8.900031004895668785e-01 8.907646683529468756e-01 8.907415444120665438e-01 8.936487358165807748e-01 8.908530998903458897e-01 8.957803482140747064e-01 8.922433367344052568e-01 8.943897237937223910e-01 8.907169595061334988e-01 8.923092971457293743e-01 8.952336979199031486e-01 8.930591569272434693e-01 8.965561096000976837e-01 8.941435895162765934e-01 8.961440786012887516e-01 8.933632305589481737e-01 8.932054081378322241e-01 8.936320227771196167e-01 8.910809210584538231e-01 8.933693214461910781e-01
4.338296848214505397e-02 1.764422938225278237e-01 3.542450267937131692e-01 6.299254966539507006e-01 4.743625814417491982e-01 6.090031185056066221e-01 8.039116815507695302e-01 7.780675805289541946e-01 8.465736043522892329e-01 7.914806085876968655e-01 8.641358264729324112e-01 1.000000000000000000e+00 8.161879032141426960e-01 8.381058559807178510e-01 9.180987619240760234e-01 9.015347502410585578e-01 8.450955012062494331e-01 8.051337347686314816e-01 8.456851186129906717e-01 7.471243870266085496e-01 8.151046808006390254e-01 8.812565860625440894e-01 8.684200045398895451e-01 8.159455765644482161e-01 8.700363071930081738e-01 8.915004715213181719e-01 8.904426493542008103e-01 9.008016568856617168e-01 8.646840226409647778e-01 9.168098745482738954e-01 9.333937775592405783e-01 9.050328087744050620e-01 8.737437169458380781e-01 8.927692709108527858e-01 8.887896897493718917e-01 8.839901821279659844e-01 9.088356018685392890e-01 9.120735504849494246e-01 9.216911418942426160e-01 9.107718411570803196e-01 9.281333948043045678e-01 9.279208178173343757e-01 9.144454835632096490e-01 9.368823966222655786e-01 9.330800885305706727e-01 9.264120697195341592e-01 9.315101777247289938e-01 9.383168409512844255e-01 9.303542339017222274e-01 9.108936329304160306e-01 9.316456487297675171e-01 9.120067738682726688e-01 9.272924104938400358e-01 9.344038198278787899e-01 9.231795499763467694e-01 9.264982721723076242e-01 9.288968715813943344e-01 9.343085983263114125e-01 9.272654276493852432e-01 9.362004400762329315e-01 9.378100830912828867e-01 9.289943479108252467e-01 9.238918083660847547e-01 9.311987940570347622e-01 9.299963621782358913e-01 9.346963211106835701e-01 9.388028796478107285e-01 9.369303578590680859e-01 9.377613647794076357e-01 9.307934257405530154e-01 9.412613962393835410e-01 9.405990050824333260e-01 9.275943702405711200e-01 9.356513282745686499e-01 9.397664850605469411e-01 9.377350706732238139e-01 9.348712855656383658e-01 9.320313414835663668e-01 9.340704636368112324e-01 9.346076098903621787e-01 9.369207233167905491e-01 9.405014956572486096e-01 9.376725329221574645e-01 9.345332469794399577e-01 9.352183974974436209e-01 9.371026298047080427e-01 9.363115916963704599e-01 9.392030960523914951e-01 9.395892852093911118e-01 9.368231279573654424e-01 9.358740990697332895e-01 9.401171944014471427e-01 9.401486389277677880e-01 9.401982823152337243e-01 9.380467911878734855e-01 9.392146783004264865e-01 9.354097375499438316e-01 9.351108401338363851e-01 9.383326572553790657e-01 9.389803674177316095e-01 9.396467121361725683e-01 9.406574290949094586e-01 9.381710761608087479e-01 9.415221678142576822e-01 9.396582439330625203e-01 9.364625311002773289e-01 9.397936016927194158e-01 9.389215505469443723e-01 9.393598531906769411e-01 9.395375148202070870e-01 9.376411697890356667e-01 9.397314414132884597e-01 9.374384656795591297e-01 9.403557612253073961e-01 9.377204066566907636e-01 9.391713428113818152e-01
4.843516445781338720e-02 1.876005618477820658e-01 3.143316869253570678e-01 5.765853091318655643e-01 4.439093951198467836e-01 5.423631591110064099e-01 7.326932291226643246e-01 7.094541448068256706e-01 7.646083292481254956e-01 7.209289870217183704e-01 7.697293843633927768e-01 8.161879032141426960e-01 1.000000000000000000e+00 7.585108366148832770e-01 8.340722676623381071e-01 8.224358184638961289e-01 7.536886924368501051e-01 7.284672117982758932e-01 7.617891456655954130e-01 6.889968989814786449e-01 7.486683563854912293e-01 8.004578009566966079e-01 7.918510737150401546e-01 7.445933101054604819e-01 7.918764307726762208e-01 8.112101678168284202e-01 8.077473903753734641e-01 8.204245172409895259e-01 7.932758382627862481e-01 8.318293919349426524e-01 8.417608105190335088e-01 8.158168342066015599e-01 7.871668638540040286e-01 8.017384951677882787e-01 7.996379379092048989e-01 7.943251029711441147e-01 8.251466432576605170e-01 8.201057230994359681e-01 8.288275007659364757e-01 8.172942440148988075e-01 8.389693268171695140e-01 8.397878643161431622e-01 8.315002785639066252e-01 8.454538871421807267e-01 8.415971354609809163e-01 8.323291394446172831e-01 8.438685431674003423e-01 8.463903974223893067e-01 8.429747011515343891e-01 8.150041630338412668e-01 8.383965714834967775e-01 8.179702741740286775e-01 8.379494282443549213e-01 8.447754670992539960e-01 8.321075269296079879e-01 8.363875980344483985e-01 8.336657847168010838e-01 8.447768972851125158e-01 8.318199486659191288e-01 8.485234334055319350e-01 8.471230028746229435e-01 8.373888162464292462e-01 8.313857023167692262e-01 8.391699999789778985e-01 8.386376824094472493e-01 8.433259534092349963e-01 8.481301399304870259e-01 8.471963253555424567e-01 8.503810692371969182e-01 8.433538157814930436e-01 8.523090723761407306e-01 8.516415569273917408e-01 8.397928301440719112e-01 8.456616514044255073e-01 8.495501639187658105e-01 8.491734105582103842e-01 8.461483247572996191e-01 8.446249629228147482e-01 8.461296139322586063e-01 8.457293711778374190e-01 8.479669725159862947e-01 8.505223087279020211e-01 8.457804696683227652e-01 8.439619385666082829e-01 8.436803108218209335e-01 8.446245844478449394e-01 8.470287986846328776e-01 8.472252302114851030e-01 8.472982166434086526e-01 8.465402941555258964e-01 8.460804229696786694e-01 8.479729085779813547e-01 8.492998109506979532e-01 8.489516874121869616e-01 8.484871697666490631e-01 8.473716342052874939e-01 8.429748426512189141e-01 8.424193469464329453e-01 8.455860588004705525e-01 8.484041853051982329e-01 8.482771307607033240e-01 8.474763672531764325e-01 8.469789809554142401e-01 8.498091546771021632e-01 8.481400710211092209e-01 8.441536415924235648e-01 8.486903557543642451e-01 8.475784609126673086e-01 8.475912958208871029e-01 8.475027070376542904e-01 8.447339444137788034e-01 8.502180384083840581e-01 8.454133001877808251e-01 8.476279079650175241e-01 8.472628619804922767e-01 8.474303874560042971e-01
