1.000000000000000000e+00 1.082905502323177477e-01 2.174768543435928458e-01 9.570255114021723741e-02 1.160676993028756238e-01 4.959689920757524156e-02 1.019223241479933345e-01 8.089521130146365424e-02 2.675195648098737111e-01 9.137053375440491731e-02 6.295222578236456257e-02 2.308958958784290347e-02 1.140533432130964725e-01 5.949298859349406304e-03 4.303175250139101848e-02 7.419067121355851779e-02 1.281933989395598605e-01 2.553444044315541506e-01 1.849657283826841303e-01 2.430796700185252346e-01 2.747142947195921892e-01 1.973652059182810503e-01 1.992021964368184406e-01 2.226610633919650917e-01 1.934368500898791254e-01 2.118068790309607097e-01 1.857312428096817014e-01 1.773483642449219244e-01 2.087215972473807912e-01 1.729771768517954778e-01 1.658080806157044562e-01 1.206677661445587080e-01 1.132765455430588264e-01 1.405516651165364117e-01 1.381235225485699658e-01 1.270655734995948249e-01 1.511957527736451645e-01 6.732191753611119212e-02 9.801598588878132623e-02 9.231014666317982620e-02 8.054953044026459674e-02 6.541026525966958660e-02 7.244464924490197355e-02 6.084781763001466393e-02 9.516746992990229859e-02 6.682682027659427038e-02 2.936566863340306366e-02 5.850735653652174711e-02 8.294405756480699443e-02 6.633829254132801723e-02 5.378234435184046924e-02 7.364888557926523027e-02 7.782803621701527008e-02 1.146869780572299796e-01 1.474291060734725656e-01 1.096143452408177982e-01 1.266000808873841699e-01 8.013554876113820891e-02 1.021710401537871821e-01 6.588899055553298911e-02 4.560956042567586993e-02 8.294276044395178238e-02 8.039822015651854059e-02 6.800851156056995916e-02 9.181690051259532026e-02 1.083340497918232337e-01 3.756610685453977416e-02 7.289101226441982440e-02 7.816945374238759570e-02 1.160464706254602241e-01 1.053877959004568821e-01 7.522724084390801369e-02 9.153951541609960108e-02 9.046656614096483529e-02 7.544787535045187343e-02 8.148164286233877673e-02 6.721453546079320107e-02 9.675570008926523413e-02 7.383204262891232550e-02 9.274874383783464349e-02 7.617851826202484689e-02 7.083008125535247834e-02 6.277762396470637496e-02 5.987251812856309724e-02 4.995160726912807603e-02 7.286252166135391561e-02 6.536362530370394552e-02 2.590622876211607153e-02 3.792427113913273556e-02 6.681684030716369960e-02 3.691838527787015545e-02 2.625601610799825278e-02 4.549633142239025568e-02 3.286406205452021417e-02 1.143424029113524441e-02 2.997912566750643090e-02 2.054696542628324518e-02 8.096106153823603990e-02 2.656865966665210646e-02 1.880653786735471053e-02 2.212412036761493214e-02 4.333785556706531289e-02 4.136319048440950663e-02 2.203434287822889082e-02 5.561049650020825214e-02 7.991134679243773464e-02 4.789347830125061795e-02 3.920519709803120534e-02 6.118656011618105878e-02 3.447776997075839567e-02 3.012097781746054387e-02 3.794269071109932639e-02 5.062457299795803528e-02 4.897308814162930346e-02 5.026737440891316383e-02 7.532343710119029923e-02
1.082905502323177477e-01 1.000000000000000000e+00 5.100858539219346732e-02 8.262581711439628829e-02 7.594185679862494598e-02 1.207554461873479035e-01 1.506290914105917478e-01 1.360429473961003999e-01 1.616167633003959270e-01 1.868193466281176385e-01 1.328028042779620110e-01 1.426093693148318131e-01 1.161652876105896681e-01 1.142634913297714688e-01 1.636478464219214002e-01 1.449578302553756470e-01 1.557932011871747680e-01 1.704376058727397059e-01 1.239730725396015198e-01 9.382517413462594658e-02 1.260498900521576926e-01 8.475071419361888958e-02 1.641410303681619387e-01 1.509775537239727849e-01 1.012172673269050999e-01 1.450235566209727989e-01 1.335628577235744852e-01 1.391253200750867114e-01 1.563734708731783218e-01 1.232915638619942050e-01 1.304401775211895542e-01 1.831131111148369128e-01 1.425735236605999157e-01 1.525704893781536231e-01 1.328166054715426703e-01 1.395491825077095349e-01 1.415524123915808397e-01 1.673455666798219776e-01 1.458158297811569248e-01 1.556412167526201318e-01 1.609237099704763363e-01 1.556445898491287394e-01 1.377272772042907600e-01 1.413885652776849522e-01 1.486339617057772788e-01 1.563694161719863529e-01 1.521634374243303056e-01 1.664719492073820917e-01 1.482847840000655060e-01 1.300402598746313587e-01 1.391373736926411753e-01 1.017342381980053251e-01 1.369081291596835059e-01 1.627388533073959309e-01 1.631383399576439297e-01 1.717929267048954045e-01 1.215061143784955389e-01 1.548190375508372851e-01 1.495842162244159501e-01 1.451900435354661900e-01 1.300564784155505693e-01 1.433187142094131117e-01 1.345848704253264361e-01 1.304128605894560866e-01 1.316177857256930206e-01 1.312809780577235963e-01 1.596225186538593466e-01 1.575026383163237453e-01 1.734096221886278211e-01 1.542008102235844502e-01 1.361329100959019212e-01 1.391980433557282182e-01 1.620834041216865362e-01 1.413541298255273360e-01 1.491560629791416348e-01 1.481789404023900192e-01 1.560850641976240516e-01 1.607681736060352362e-01 1.469732388944756940e-01 1.433060947126450213e-01 1.434277583343153972e-01 1.461048630998258713e-01 1.621756586958001956e-01 1.510904292126100945e-01 1.530106548072564798e-01 1.544336175434504743e-01 1.476206789448246404e-01 1.629093889675238271e-01 1.521701752197562596e-01 1.725591145482206767e-01 1.535948010405278341e-01 1.549997372954003971e-01 1.517474282077898029e-01 1.522669410221111908e-01 1.510630473736443713e-01 1.594408658126861833e-01 1.439461097378151588e-01 1.417808757761431504e-01 1.418565971123101066e-01 1.533263994276038433e-01 1.436267147733923388e-01 1.466602085266329458e-01 1.436007970937282774e-01 1.438839259251700753e-01 1.387296140899929586e-01 1.512543411175457930e-01 1.567504516986418239e-01 1.621733368266151110e-01 1.648159121233046254e-01 1.530244520529937535e-01 1.616740456627796529e-01 1.496075154168115817e-01 1.519692729436822876e-01 1.455052796933381520e-01 1.455877608286774982e-01 1.426220459808058560e-01
2.174768543435928458e-01 5.100858539219346732e-02 1.000000000000000000e+00 3.840660262487157195e-01 2.745965547040886690e-01 2.760271267764063396e-01 4.190259318681741063e-01 3.880401437129638031e-01 4.157521239361353094e-01 2.920741570473842086e-01 4.128854820256939728e-01 3.925431351364700450e-01 3.767896207567159594e-01 2.883819085754011358e-01 4.011894864996486398e-01 3.911402288312784692e-01 3.806309295129088888e-01 4.351093310586945928e-01 4.436531166787122671e-01 3.699496872842910622e-01 4.287628067188688497e-01 4.530436745785716424e-01 4.726443765253673934e-01 4.263135993340956276e-01 4.492053088798602101e-01 4.817064035561731683e-01 4.653256990683062311e-01 4.665484470429529518e-01 4.399717386328154678e-01 4.667527152402385360e-01 4.626564853812417666e-01 4.387065993287652121e-01 4.426523934114024450e-01 4.518285847139512645e-01 4.451593446418441458e-01 4.576691639663443278e-01 4.574072993629914596e-01 4.290284659762911290e-01 4.472397016184353480e-01 4.502888958825612686e-01 4.184455929215064041e-01 4.143572465271250782e-01 4.460431953962783469e-01 4.214067371016248509e-01 4.527640930163633892e-01 4.190796106520221498e-01 3.762962598582697549e-01 3.848799877690278759e-01 3.910048702872078730e-01 4.289744521257912169e-01 4.144251939755719816e-01 4.156718232687636738e-01 4.087857127784953470e-01 3.977483126881860565e-01 4.291619476851026294e-01 4.349415492884194934e-01 4.027593542199632282e-01 3.973526614812098456e-01 4.056253050354782230e-01 3.834033827623784529e-01 4.050938016889535920e-01 3.888440531229295782e-01 3.828915019513878248e-01 3.967507724705985894e-01 4.104379329700090229e-01 4.030123739921337434e-01 3.824635391809692031e-01 4.106419542426673064e-01 4.165586143059075708e-01 4.217977911620084952e-01 4.344405962013548894e-01 4.179094353132401518e-01 4.214701082389186726e-01 4.325212787155217065e-01 4.276053797422070812e-01 4.273741431596147500e-01 4.189778702699168411e-01 4.154762168059992211e-01 4.238061590171455784e-01 4.332692373457752155e-01 4.339814700611491216e-01 4.188560485348539197e-01 4.243160020588008785e-01 4.193237989225865325e-01 4.194920335974786085e-01 4.164473747168365714e-01 4.267049596866513417e-01 4.030971251006753020e-01 4.117216193925653522e-01 4.177157751813483921e-01 4.202117210122082169e-01 3.992055188072212712e-01 4.151187761581636160e-01 4.036610860388719635e-01 3.737156201797763866e-01 3.783866650580774982e-01 4.037583712491402133e-01 4.032220761717010826e-01 3.885328776546648211e-01 3.911041977626966148e-01 4.078003135984246685e-01 3.943620493638089197e-01 3.958117651571148587e-01 3.876914877619865307e-01 4.088670044826532290e-01 4.028373256628612342e-01 3.832360981073174577e-01 3.822737630430391165e-01 4.027371099209207661e-01 3.832864715862653870e-01 3.885888354003301792e-01 3.784403500945841547e-01 3.863419620075436711e-01 3.969709441462751509e-01 3.922757433685647444e-01 3.936264907756940046e-01
9.570255114021723741e-02 8.262581711439628829e-02 3.840660262487157195e-01 1.000000000000000000e+00 4.051591491586926663e-01 4.176564561716912261e-01 6.071534436127280498e-01 5.980549280191705952e-01 5.665069127149118255e-01 4.774235006054258212e-01 6.030238287426696875e-01 6.577005243649037824e-01 5.719986336203345401e-01 4.989374605915417593e-01 6.242107625030391960e-01 6.173899299546473651e-01 5.309703112685539850e-01 4.951433203438963537e-01 5.300107626276817641e-01 4.567937208150306683e-01 5.055506105195951561e-01 5.377711053863953872e-01 5.591077560674478919e-01 5.104887868499503600e-01 5.157390135236766815e-01 5.834807156211575530e-01 5.640211851595350323e-01 5.227669181570218093e-01 5.007251759266396762e-01 5.425558201823832416e-01 5.575768524472426435e-01 6.049729532919424502e-01 5.193979164422680705e-01 5.861452265836244457e-01 5.383219626097331956e-01 5.825161068151856192e-01 5.597045079150582136e-01 6.000146496521457928e-01 5.940173777718024128e-01 5.759255028725104308e-01 6.187681755192209199e-01 5.916317322731298178e-01 6.193928994164931146e-01 6.190817972796484048e-01 6.136910899355605409e-01 5.854142111598258369e-01 5.995985334228737251e-01 5.886727422356016204e-01 6.129437066878337115e-01 6.252507127501998330e-01 6.224816525274587953e-01 6.206162023811817585e-01 6.208945475267438896e-01 5.768196425557523543e-01 5.799720764155633645e-01 6.000239674261318434e-01 6.065598516915998717e-01 5.854961648031200561e-01 5.991067096333654307e-01 6.008015008679714608e-01 6.300630017360164814e-01 5.941070441867802865e-01 6.009611637254245187e-01 6.143788748566436642e-01 5.999756884421250103e-01 6.092175960650673128e-01 5.958744255106945831e-01 6.056855117861359439e-01 6.155061970993799259e-01 6.089368574226157182e-01 6.159444242829207328e-01 5.991780801175655702e-01 6.147713808999544227e-01 6.123080710618735711e-01 6.238132142566393812e-01 6.102863900720910673e-01 5.927065539416001005e-01 5.830507594021068218e-01 6.018549542048879930e-01 6.017923327999565863e-01 6.054007348904715258e-01 5.957859489146327681e-01 6.195240055467956530e-01 5.927044682204202219e-01 6.190408539393542631e-01 6.153038828231163215e-01 6.071682762663962452e-01 6.054163678503069468e-01 6.041310205845649151e-01 6.147212719576247153e-01 6.128514099305982787e-01 6.087172571784654762e-01 6.183544757724576124e-01 6.051818463942258974e-01 6.004680988329025304e-01 5.997964431291378240e-01 6.360244985618478397e-01 6.193866685490398982e-01 6.180426196250500270e-01 6.140009152613377097e-01 6.211566554143526098e-01 6.209548455431649350e-01 6.196244717808574443e-01 6.154075028949865800e-01 6.268341834482301644e-01 6.188093536274265061e-01 6.086737900172993765e-01 5.968999019637187819e-01 6.076295747298832151e-01 6.087405584219346411e-01 6.047484341437197042e-01 6.010788602393043467e-01 6.051249619529438517e-01 6.114068324477626160e-01 5.963483380158255409e-01 6.096153069115337608e-01
1.160676993028756238e-01 7.594185679862494598e-02 2.745965547040886690e-01 4.051591491586926663e-01 1.000000000000000000e+00 3.460167559843734253e-01 5.071966445291674619e-01 5.221613024598857900e-01 4.808434282239704149e-01 4.075893834744607203e-01 4.590211465827109816e-01 4.755328162480999543e-01 5.022964261122764285e-01 3.870852523806124212e-01 5.103808381184898879e-01 5.022125955059112412e-01 4.379064392947201179e-01 3.914069624362413458e-01 4.455184706822044594e-01 3.337659801285814409e-01 3.711890565799243480e-01 4.573976333041790965e-01 4.460848532158698809e-01 4.019792407318386607e-01 4.444670842052393378e-01 4.995122124915093997e-01 4.775411905399929990e-01 4.406994563101742646e-01 4.313858194212343844e-01 4.604454429056890619e-01 4.828068406108187438e-01 4.740277170559922260e-01 4.196693957985953016e-01 4.559556618884560431e-01 4.335346387218269593e-01 4.595528813381942745e-01 4.630180363999319426e-01 4.687605825495533285e-01 4.774122067409909409e-01 4.643927170263824622e-01 5.068207542716852698e-01 4.766121833531780649e-01 5.043097029978217405e-01 5.026095519110190812e-01 5.036435285176993348e-01 4.837484175370836970e-01 4.787918518071277441e-01 4.757961196971748352e-01 4.806586179274217607e-01 4.683744622288577020e-01 4.821724943397022733e-01 4.882169710280898633e-01 5.005027635737828717e-01 4.726478501604303162e-01 4.715055818948986621e-01 4.891950830463032140e-01 4.724571437991061384e-01 4.775001795345162336e-01 4.792008781298370823e-01 4.879530009053903439e-01 4.996193405360009887e-01 4.767717389687410323e-01 4.688301729165157972e-01 4.833817055638289784e-01 4.844434953315451819e-01 4.903993670890274825e-01 4.791808736719649908e-01 4.892202224883182571e-01 4.915987682233405320e-01 4.734679447993917489e-01 4.894758755035790165e-01 4.917724825979656322e-01 4.876337649735539292e-01 4.949207312620135246e-01 5.046506686678255971e-01 4.927799162930660004e-01 4.841992291035788210e-01 4.773607173430085004e-01 4.975224575111164560e-01 4.975947413406961450e-01 4.926441285110775836e-01 4.882825807882761326e-01 4.940501050956516704e-01 4.798008121447393526e-01 4.857274938372727058e-01 4.882877568001351976e-01 4.915191756630830078e-01 4.836592799254146868e-01 4.869046909101535925e-01 4.917645483167313869e-01 4.927783965367486529e-01 4.915442865432207431e-01 4.980899200230345381e-01 4.888042158566356932e-01 4.772475161893150464e-01 4.806156854598412353e-01 4.972263385806040548e-01 4.808054345919000605e-01 4.925827003882095045e-01 4.896299655386243677e-01 5.015119388202636808e-01 4.867629646508513375e-01 4.950832491439653427e-01 4.941004792881578123e-01 4.975347525116420866e-01 4.834049082537699715e-01 4.784509461640895078e-01 4.771876203498678359e-01 4.856376120049918366e-01 4.875013494523099400e-01 4.852191128746384807e-01 4.833548477246972785e-01 4.830950765404177782e-01 4.879087344820939309e-01 4.802227913201015941e-01 4.864022554269485932e-01
4.959689920757524156e-02 1.207554461873479035e-01 2.760271267764063396e-01 4.176564561716912261e-01 3.460167559843734253e-01 1.000000000000000000e+00 5.474513504621765225e-01 5.375428117209493095e-01 5.532722446935873784e-01 5.013598283349606222e-01 5.900909784067134289e-01 6.051484797660897641e-01 5.654927360277849369e-01 4.996563763306030581e-01 6.161573241193878392e-01 6.175305452200035017e-01 5.643185415166130925e-01 4.433334052261084235e-01 5.059709390936207862e-01 3.957482599768682441e-01 4.426643777134252056e-01 5.238279637602155647e-01 5.164700376398209114e-01 4.556036022761110194e-01 5.093768414412498391e-01 5.830940414042613540e-01 5.763132656451871449e-01 5.706853009857532077e-01 5.509188679191964200e-01 5.668579950296982473e-01 6.076381646699228201e-01 5.771874319689107580e-01 5.551092351656954360e-01 5.663774696001565578e-01 5.576260429483691494e-01 5.883318775221592078e-01 5.939366064710258630e-01 6.034938698131181445e-01 6.073231243827195147e-01 5.951207010152702592e-01 6.312302628215258338e-01 6.283998011953610963e-01 6.267867541197799097e-01 6.325983889745505628e-01 6.285158535863131224e-01 6.359131024129279774e-01 6.297043911213023870e-01 6.286148698000035839e-01 6.177253092144058266e-01 5.920718295008117193e-01 6.177185550942759784e-01 6.047073753010898667e-01 6.208135046419936964e-01 6.145990526223671369e-01 6.089994711702106933e-01 6.182087586158220294e-01 5.998398255929024980e-01 6.204779420347313890e-01 6.217709839057291576e-01 6.301812621747714394e-01 6.330405693464750128e-01 6.201769444723685965e-01 6.069351661496651396e-01 6.221905554193589705e-01 6.215132696276798319e-01 6.273336538879298319e-01 6.259440855194314812e-01 6.252585967789303645e-01 6.234138949096968974e-01 6.057556161746049384e-01 6.177657611947589000e-01 6.308880088257534657e-01 6.102196378575515112e-01 6.183167135152115579e-01 6.383969499845887352e-01 6.367326322226861679e-01 6.316870639480907101e-01 6.206800894584435513e-01 6.354546168865080613e-01 6.229022817417917413e-01 6.290600812867167546e-01 6.349945346109584499e-01 6.313257127389501067e-01 6.239199187354649290e-01 6.270770188547681867e-01 6.244419061867333420e-01 6.347879557656245231e-01 6.336539018523266176e-01 6.374775045417631070e-01 6.330439957536205808e-01 6.381877789604808449e-01 6.397619338991664684e-01 6.384363265828167933e-01 6.417098102718070685e-01 6.303879838102203204e-01 6.327454122959862426e-01 6.302054576339251035e-01 6.168609795615462854e-01 6.341733391104454887e-01 6.282631598033102671e-01 6.425041683701303574e-01 6.286175815904163633e-01 6.347300883709640074e-01 6.362409784551944503e-01 6.367638752861838336e-01 6.262363165280416810e-01 6.258265316418724078e-01 6.323252219303096000e-01 6.343565382449339873e-01 6.333389373103898157e-01 6.311495299657728930e-01 6.316747275547992535e-01 6.307750182408057293e-01 6.348605196207799395e-01 6.301158871689135355e-01 6.323102526628334719e-01
1.019223241479933345e-01 1.506290914105917478e-01 4.190259318681741063e-01 6.071534436127280498e-01 5.071966445291674619e-01 5.474513504621765225e-01 1.000000000000000000e+00 7.508850792009336139e-01 7.183127947629330823e-01 6.455237146912751189e-01 7.449325933746270278e-01 7.805814101886173750e-01 7.329306077872227432e-01 6.297377166360030865e-01 8.459444675020637572e-01 8.003910374049131304e-01 6.950629976183926306e-01 6.158814170381493591e-01 6.632631858443804873e-01 5.666549983829237691e-01 5.991321163471433620e-01 6.814948833909217907e-01 6.983104580500654190e-01 6.074687934938696188e-01 6.501269688515224354e-01 7.752933621328665925e-01 7.756190019700831551e-01 7.494105328796017984e-01 7.122332704409394255e-01 7.328566140732701850e-01 7.821962890587400574e-01 7.721001755564798064e-01 7.188279809752967653e-01 7.432827331152632722e-01 7.160651605708996392e-01 7.533329486171580491e-01 7.581564108153352466e-01 7.943975770811287918e-01 7.839499866709609410e-01 7.830249567456200044e-01 8.191458591304543457e-01 8.094122192842171382e-01 8.098093876488553500e-01 8.170562022646039591e-01 8.081818260798550035e-01 8.054556509695709465e-01 7.909162160535355701e-01 7.883355824274782542e-01 7.803309351377636371e-01 7.726316008491780352e-01 7.977855743504286279e-01 7.707005763773927542e-01 7.922095981372897500e-01 7.702434270349131085e-01 7.705899358562837698e-01 7.982141497468346891e-01 7.528910061877727156e-01 7.887221054940556364e-01 7.952590912030528258e-01 7.862230944887840245e-01 7.991824963142989402e-01 7.715364494544827423e-01 7.620215492944418800e-01 7.750022315905334969e-01 7.769794547302931731e-01 7.820199864085336516e-01 7.876903992489678874e-01 7.899456017730946966e-01 8.007407116657465629e-01 7.827706520045941696e-01 7.830403027905167290e-01 7.931504868031534761e-01 7.789832089759373135e-01 7.816280658456350450e-01 8.208627788479385678e-01 8.125412795493460738e-01 8.093919820741526383e-01 7.889824013339903352e-01 8.106588456615583249e-01 7.990110010346297420e-01 8.024629762347988970e-01 8.021572664368255001e-01 8.085336201806936351e-01 7.927457060449291104e-01 7.998694849254830430e-01 7.915961618371902819e-01 8.028893915162671480e-01 8.083105241661410201e-01 8.044360126448475423e-01 8.132409315387105764e-01 8.161708876235777010e-01 8.120883409396550956e-01 8.116771217344866951e-01 8.111670195627703750e-01 7.906564304875770555e-01 7.903314425174658986e-01 8.014016420816594266e-01 7.854948782910199379e-01 7.973923418218895609e-01 8.002187683967050269e-01 8.097298479880643551e-01 7.971608626327120195e-01 7.986973888061562610e-01 8.010159209192198038e-01 8.032253247488115866e-01 7.894193935421731645e-01 7.872879767551639318e-01 7.929488827901233217e-01 8.026651852871909965e-01 7.985858286965873409e-01 8.021983588550141153e-01 7.895019342614273405e-01 7.900639056951119787e-01 7.943951641915384387e-01 7.856696179160762572e-01 7.899132001719961771e-01
8.089521130146365424e-02 1.360429473961003999e-01 3.880401437129638031e-01 5.980549280191705952e-01 5.221613024598857900e-01 5.375428117209493095e-01 7.508850792009336139e-01 1.000000000000000000e+00 7.067158977616524451e-01 6.441110813924447731e-01 7.281246308339509588e-01 7.698225605168906860e-01 7.238743976777557432e-01 6.308398204734573245e-01 8.052265779344731644e-01 8.091828657557936788e-01 6.821951283025022850e-01 6.027902079393157031e-01 6.452973729001578729e-01 5.193925452921345221e-01 5.855457634471941120e-01 6.583073965306130981e-01 6.694906444620032371e-01 6.014527770455740940e-01 6.268268566193544444e-01 7.376743185740051167e-01 7.193051736359072912e-01 6.929210616280856438e-01 6.712975814604484892e-01 6.915923056611491537e-01 7.349877789189164234e-01 7.575688598792148509e-01 6.889079068674276440e-01 7.213244248752170851e-01 6.864284768909350021e-01 7.260167080086963320e-01 7.214361693355854088e-01 7.761531881380455689e-01 7.572696270328773682e-01 7.452294306714662975e-01 7.916871720612306262e-01 7.799475366082619932e-01 7.826574370242866951e-01 7.971598310027984136e-01 7.768070420373689444e-01 7.847200430458005638e-01 7.769573406970730067e-01 7.786883219606485218e-01 7.741380164455509139e-01 7.541124910458250064e-01 7.798378826586017665e-01 7.553698340480571316e-01 7.848138498795521611e-01 7.627000965949900513e-01 7.616588172015565927e-01 7.803370009340604430e-01 7.471717587824167062e-01 7.787024862137947867e-01 7.837007088834265778e-01 7.823061241829515344e-01 7.896300416527558541e-01 7.703995558674560096e-01 7.559077619299030548e-01 7.711169084123057349e-01 7.647565665681964608e-01 7.734869353557894955e-01 7.800045671176039086e-01 7.815921370831940829e-01 7.861405670296350845e-01 7.665868197499673409e-01 7.719349750476202088e-01 7.772491025231785811e-01 7.746628283350620592e-01 7.691076538324901346e-01 7.960067424249475110e-01 7.890099072456032703e-01 7.845708216339724039e-01 7.678444887648547823e-01 7.880072262762640722e-01 7.764955046365521474e-01 7.776129371322881845e-01 7.789427636935377652e-01 7.947520137039205679e-01 7.777745823483374066e-01 7.886623095981397658e-01 7.805828113483991304e-01 7.802401973743589014e-01 7.947600459621870783e-01 7.889189457061509536e-01 7.965315367962739757e-01 7.932701000456449103e-01 7.957081604598807978e-01 7.944773939365940008e-01 7.933503027643721284e-01 7.813360571799570220e-01 7.823311916764956742e-01 7.945548738768184460e-01 7.753607617636414373e-01 7.917165978316360597e-01 7.963304598305195325e-01 7.997036151913853308e-01 7.912758160716577560e-01 7.925132288135878778e-01 7.965567574169371001e-01 7.915780175654233419e-01 7.841603553281062400e-01 7.836815867358010168e-01 7.828464345154800830e-01 7.899063209553507381e-01 7.932321283271329682e-01 7.935145382883918019e-01 7.838130646941723345e-01 7.865077597590296454e-01 7.879543240444789598e-01 7.757906377196964742e-01 7.817828425682612492e-01
2.675195648098737111e-01 1.616167633003959270e-01 4.157521239361353094e-01 5.665069127149118255e-01 4.808434282239704149e-01 5.532722446935873784e-01 7.183127947629330823e-01 7.067158977616524451e-01 1.000000000000000000e+00 7.247794652965607876e-01 7.755934159401436379e-01 8.011169599596394963e-01 7.704994620415221984e-01 6.793724138832593074e-01 8.118922833289928809e-01 8.205412961146703044e-01 7.860326018890890776e-01 7.002661070340421290e-01 7.168579100919475477e-01 6.361712049796447443e-01 7.002997568915253490e-01 7.413033159709448983e-01 7.215601699223140875e-01 6.821556918381973533e-01 7.038679463370527412e-01 8.260834687601046333e-01 7.969947656764556632e-01 7.698906487674425092e-01 7.897131005636288670e-01 7.819109250418245782e-01 8.321915018718796242e-01 8.130208653013974995e-01 7.273281927812603742e-01 7.819114746142548089e-01 7.603243886253334693e-01 7.834645701083620128e-01 8.174984633379840382e-01 8.082538275755545287e-01 8.060713727432450293e-01 7.752352392500304612e-01 8.420605376503187411e-01 8.142545001055725429e-01 8.071302400945220556e-01 8.368472193431305550e-01 8.297758209664221063e-01 8.313538258955165405e-01 8.364829590213842536e-01 8.539622334913632429e-01 8.601335467149990865e-01 8.011827866658935982e-01 8.262394889391769803e-01 7.961369016732032788e-01 8.474527377842999698e-01 8.688978258690134293e-01 8.735105391494857319e-01 8.504231834408023660e-01 8.648783614690606081e-01 8.516260104840586154e-01 8.650409669214803587e-01 8.578108810046987109e-01 8.453105392631168336e-01 8.672422873632128493e-01 8.508455105892076542e-01 8.452540116615808730e-01 8.525532886861835191e-01 8.710779805248122232e-01 8.399956634820681112e-01 8.465123979729396453e-01 8.426479994722638756e-01 8.469879152191102101e-01 8.454444231482275418e-01 8.452228162148911483e-01 8.341254933100031854e-01 8.333961607485753653e-01 8.546235038821403673e-01 8.537904396815876318e-01 8.400275381538528929e-01 8.497066644243398414e-01 8.451124104911453827e-01 8.542285229515886869e-01 8.465217571849086298e-01 8.541595445098658645e-01 8.353173390511656748e-01 8.343964352418337116e-01 8.283115112895668153e-01 8.412342706857253161e-01 8.432123350403035733e-01 8.265852066513701413e-01 8.339210915611670050e-01 8.429847085950307184e-01 8.233069893237758841e-01 8.307275449530189260e-01 8.409498157690249442e-01 8.366396883804780860e-01 8.314458947004714773e-01 8.428032885211571568e-01 8.211414589848909928e-01 8.518090024386698600e-01 8.431391048170838731e-01 8.261175788734358427e-01 8.288083323155522875e-01 8.456764490285818558e-01 8.460126394207934108e-01 8.400295366330845503e-01 8.416499602719522688e-01 8.611186897893641223e-01 8.498389101897592113e-01 8.458582727286260150e-01 8.534031289235516349e-01 8.451842289143014497e-01 8.355494906017891799e-01 8.481632502776254023e-01 8.546035630743746836e-01 8.490430529622746691e-01 8.453213699044767049e-01 8.613075886029082362e-01
9.137053375440491731e-02 1.868193466281176385e-01 2.920741570473842086e-01 4.774235006054258212e-01 4.075893834744607203e-01 5.013598283349606222e-01 6.455237146912751189e-01 6.441110813924447731e-01 7.247794652965607876e-01 1.000000000000000000e+00 7.190030933137356861e-01 7.495346016562356439e-01 6.994585655256190249e-01 6.507386342943546342e-01 7.600538472985133298e-01 7.596044615068459072e-01 7.175644242211797197e-01 5.933140329802066848e-01 6.272625957699670129e-01 5.034336326932357109e-01 5.627386799714094723e-01 6.316503183078103767e-01 6.373371925179687203e-01 5.739154413238903851e-01 6.084315629917308454e-01 7.103577790942603443e-01 6.942523759150610596e-01 6.850392218863001759e-01 6.958155089947766214e-01 6.933387474015798579e-01 7.353244578966610101e-01 7.559754128429390096e-01 6.709714705045042304e-01 7.064104151395322884e-01 6.870949099092166223e-01 7.070643365562125915e-01 7.315239596894002050e-01 7.610933820529754978e-01 7.374112763776874413e-01 7.155965813521697472e-01 7.806184337110516624e-01 7.737675687801515156e-01 7.474868886726730999e-01 7.817466384122648826e-01 7.607936542969242488e-01 7.841658798091826199e-01 7.980388352776731642e-01 8.111428695006802636e-01 7.943832280132286927e-01 7.386022443083732902e-01 7.742698071146677519e-01 7.247890929397150517e-01 7.796423495641946477e-01 7.992320710763750613e-01 7.800007292431582195e-01 7.893073059395123714e-01 7.583812576376088854e-01 7.949635881856940145e-01 7.920046480807875211e-01 8.003771338894269949e-01 7.827730179854139880e-01 7.931958029780989960e-01 7.702743971171457371e-01 7.776230196943180184e-01 7.857692801720252973e-01 7.896444375344928712e-01 8.007526036645429279e-01 7.939561913855732733e-01 7.969897176704398012e-01 7.710948165907530738e-01 7.694401156743623238e-01 7.860872941679026837e-01 7.721184980321428304e-01 7.656614899691421838e-01 7.895124543116833760e-01 7.919150340118393805e-01 7.888682505818557233e-01 7.879344745670113781e-01 7.870456883910953438e-01 7.856637837559802273e-01 7.860785364826955446e-01 7.926039478730124710e-01 7.883558619860229211e-01 7.859464547601043849e-01 7.804675360481277968e-01 7.846263584347946685e-01 7.853146451867639710e-01 7.939675429536066087e-01 7.908253028795566575e-01 7.942144898729642799e-01 7.851600307893132902e-01 7.967333310542578095e-01 7.918718180107476856e-01 7.964696721631955301e-01 7.984920964284373257e-01 8.029244491217331081e-01 7.725154717407142213e-01 7.843608693850508962e-01 7.941173870866045092e-01 7.954498615616374391e-01 7.862570463457938530e-01 7.914176671340481528e-01 7.960008878580097091e-01 7.971018275191285030e-01 7.870977807435562967e-01 7.895755786861645698e-01 8.018153826349221358e-01 8.053773789901171876e-01 8.020172777567222688e-01 8.011260323729182398e-01 7.973949483956731532e-01 8.022214930301738711e-01 7.984950953144556163e-01 7.967847379829599008e-01 7.959857229092007769e-01 7.984123217855524368e-01
6.295222578236456257e-02 1.328028042779620110e-01 4.128854820256939728e-01 6.030238287426696875e-01 4.590211465827109816e-01 5.900909784067134289e-01 7.449325933746270278e-01 7.281246308339509588e-01 7.755934159401436379e-01 7.190030933137356861e-01 1.000000000000000000e+00 8.687294556102803655e-01 7.767357558629114367e-01 7.305492713154727591e-01 8.611734873056806627e-01 8.511441089671194504e-01 7.910471873504474338e-01 6.724181253483213494e-01 7.282255128370517250e-01 5.922656497996204861e-01 6.675825094381570013e-01 7.496666764861837917e-01 7.527984482997909232e-01 6.799160926850140729e-01 7.204150372536334279e-01 8.185819125216954317e-01 8.032515131542441456e-01 7.816099279533206268e-01 7.754520994285937219e-01 7.988750234166510644e-01 8.429147923487756433e-01 8.542448732150806912e-01 7.768750952246143981e-01 8.251289517789902606e-01 7.923125223914450066e-01 8.309493075698393127e-01 8.403747732904962575e-01 8.639846193708595745e-01 8.586076196584542242e-01 8.278954477353388519e-01 8.837754285980099489e-01 8.626322875807970192e-01 8.579315743255613302e-01 8.846653253926874960e-01 8.729336967445772144e-01 8.762618056553918011e-01 8.910096048012453585e-01 8.897252475834882546e-01 8.888596833590718393e-01 8.655951611496466302e-01 8.835300989255165938e-01 8.483944301211171490e-01 8.819655455542853018e-01 8.775948945868107254e-01 8.723989814992761938e-01 8.826378296687829028e-01 8.698310202031741545e-01 8.781546829013486821e-01 8.820662751270186286e-01 8.872579129883650939e-01 8.923861240551144158e-01 8.823114695232968652e-01 8.742666748152828626e-01 8.831380389382476048e-01 8.852533113421872102e-01 8.875099247626357934e-01 8.909000153340722594e-01 8.910757699528203402e-01 8.925745515069651859e-01 8.734716739565097088e-01 8.820911020605348707e-01 8.902783831868454900e-01 8.803732762018473545e-01 8.803918311857462653e-01 8.984593392042212745e-01 8.962556544157070926e-01 8.852282787274731168e-01 8.792679637648080915e-01 8.889020803045359909e-01 8.888576679664522695e-01 8.918704928424660006e-01 8.928099230258976782e-01 8.954499287827910603e-01 8.852229197435249608e-01 8.963962401605004571e-01 8.929565670041936798e-01 8.943776543858231731e-01 8.941363096573136104e-01 8.949660055704888872e-01 8.936210461357049217e-01 8.921371835730521616e-01 8.936199244375235828e-01 8.976747213595379637e-01 8.948990984857114750e-01 8.939552241757607876e-01 8.940951736696675090e-01 8.908730053877171873e-01 8.912244044428512257e-01 8.965129279081884839e-01 8.942164929484665015e-01 8.918053376813538380e-01 8.979265488591313682e-01 8.951618135618587546e-01 8.947515689039624576e-01 8.985250427053877997e-01 8.926251042841456540e-01 8.946972963532423551e-01 8.932944234614668133e-01 8.976205028540917841e-01 8.934468570184160852e-01 8.879225106630733722e-01 8.922310849552369527e-01 8.928280323092439019e-01 8.975634231671275609e-01 8.928398846828314861e-01 8.929129593181758251e-01
2.308958958784290347e-02 1.426093693148318131e-01 3.925431351364700450e-01 6.577005243649037824e-01 4.755328162480999543e-01 6.051484797660897641e-01 7.805814101886173750e-01 7.698225605168906860e-01 8.011169599596394963e-01 7.495346016562356439e-01 8.687294556102803655e-01 1.000000000000000000e+00 8.123149693788161985e-01 7.631982805138886050e-01 9.028897169565277547e-01 9.009066120484336970e-01 8.103124485718525838e-01 6.626672374505696572e-01 7.300669490339746215e-01 5.897596454287176160e-01 6.548090159370348884e-01 7.473615133481230632e-01 7.473482176890131612e-01 6.702017281474500487e-01 7.191265390434405935e-01 8.229216787150236412e-01 8.130737964602168244e-01 7.748159940692741499e-01 7.632478776761177919e-01 7.976732331748256355e-01 8.459532789470060044e-01 8.735158705659251677e-01 7.736945791346372392e-01 8.306783532532616698e-01 7.913120951670328251e-01 8.397310854777827460e-01 8.461604673499996121e-01 8.885528874665956645e-01 8.738586352252342149e-01 8.426418904901394891e-01 9.218796381781990679e-01 8.972281713934099345e-01 8.908736705835466063e-01 9.256775619543398115e-01 9.014164093418008949e-01 9.043682176343278423e-01 9.339684095501296079e-01 9.294397090252506377e-01 9.325079346644146172e-01 8.950041176422782740e-01 9.219749012952764833e-01 8.891156613758862681e-01 9.217357260520303575e-01 9.108393187668106794e-01 8.945136880544829472e-01 9.055816586000782209e-01 9.049307938010495711e-01 9.142404702183790643e-01 9.200717377161307109e-01 9.318639747933155082e-01 9.363781815513012585e-01 9.221094799528426478e-01 9.127550319953595670e-01 9.239306793110216853e-01 9.198476823418118009e-01 9.250612855951455549e-01 9.311018426046715479e-01 9.240844642130101594e-01 9.255229362870857068e-01 8.993042763268382922e-01 9.096078206338025218e-01 9.219238370785113323e-01 9.071889473728514952e-01 9.094701168754116827e-01 9.332129443372787492e-01 9.266962578765702840e-01 9.141667798142305568e-01 9.015234018860137644e-01 9.190276489520586845e-01 9.148242274432926147e-01 9.216643872249464797e-01 9.233804046525783127e-01 9.283861721365166408e-01 9.150774957642930918e-01 9.255679912140396537e-01 9.232476186511182625e-01 9.271314330719325758e-01 9.317198863187060587e-01 9.287823662857552787e-01 9.280425604596694855e-01 9.270586754411966890e-01 9.353896762642954776e-01 9.367439940608830451e-01 9.335794840857010168e-01 9.384820880340484228e-01 9.385275621027209247e-01 9.353353362459756459e-01 9.290662796866425710e-01 9.413837708471499699e-01 9.369231069721775107e-01 9.366050334389546261e-01 9.397138111615455092e-01 9.413608400850865809e-01 9.416654397609764970e-01 9.381903136583737979e-01 9.331766997328773128e-01 9.384268734697347458e-01 9.359772853514760627e-01 9.341848601142146435e-01 9.396591617258881479e-01 9.324452836982135562e-01 9.382042166706794362e-01 9.359914680657897001e-01 9.383125126968142604e-01 9.316634471757130331e-01 9.358006860698037110e-01
1.140533432130964725e-01 1.161652876105896681e-01 3.767896207567159594e-01 5.719986336203345401e-01 5.022964261122764285e-01 5.654927360277849369e-01 7.329306077872227432e-01 7.238743976777557432e-01 7.704994620415221984e-01 6.994585655256190249e-01 7.767357558629114367e-01 8.123149693788161985e-01 1.000000000000000000e+00 6.672912872522518413e-01 8.348773360990396908e-01 8.353561417701418357e-01 7.418662002033491465e-01 6.426223618243213087e-01 6.933549985708025165e-01 5.701845423321956208e-01 6.287827879175573731e-01 7.130756151501721485e-01 7.091721449692678370e-01 6.383588966582608437e-01 6.865804938879639385e-01 7.937987976277399715e-01 7.750394001321161408e-01 7.387033761406697208e-01 7.393609136982586261e-01 7.507776176175195992e-01 7.994696583608972285e-01 8.003752689462664272e-01 7.145328553144493222e-01 7.626147931238345112e-01 7.366825088684650913e-01 7.715184367116466602e-01 7.833174042796096082e-01 8.145838165448768819e-01 8.014012783967253695e-01 7.766060400337106984e-01 8.480737944991536548e-01 8.232182093351732011e-01 8.265688375938458066e-01 8.493818158352629544e-01 8.307762419652734431e-01 8.288530160610159125e-01 8.404579398795675171e-01 8.434757191462864956e-01 8.402636964354838200e-01 8.033215007752344539e-01 8.392054180253435414e-01 8.095084372267193906e-01 8.443653301255148458e-01 8.374568279794539771e-01 8.347474212329879517e-01 8.382441772495906607e-01 8.258356567538633897e-01 8.475416328971984159e-01 8.479679906434741676e-01 8.522498188325011714e-01 8.537383511182933260e-01 8.458529656908508887e-01 8.315015213535058569e-01 8.393760650225425834e-01 8.416780602221753949e-01 8.498065850523054410e-01 8.437464206366216413e-01 8.457654569597633509e-01 8.402668953042493616e-01 8.282441570490620686e-01 8.353279803996033204e-01 8.442372313779462623e-01 8.273696089101825191e-01 8.306217390687324897e-01 8.563906847109019616e-01 8.474637994067655278e-01 8.366612267893263066e-01 8.329633196102476100e-01 8.444479750857478706e-01 8.424661541662229469e-01 8.399120943721712917e-01 8.445664165322775974e-01 8.418319091739661086e-01 8.300424646275376128e-01 8.303675532335206277e-01 8.356678983181259346e-01 8.424045277419756061e-01 8.400427713990922252e-01 8.399610141839689570e-01 8.474567318531365245e-01 8.357027507064167526e-01 8.470443887036813724e-01 8.504028208520203469e-01 8.464480637223976700e-01 8.427692329108704694e-01 8.464209378353400037e-01 8.371603715844813109e-01 8.357176208808866358e-01 8.491632987650505893e-01 8.420544026540263127e-01 8.496049030765273624e-01 8.465684035161962218e-01 8.545403633132856447e-01 8.537494677681577437e-01 8.495882865629214020e-01 8.457362376421341255e-01 8.431480828151860507e-01 8.463844785155225647e-01 8.518084759167385833e-01 8.528884110185003253e-01 8.458390062807903398e-01 8.497951550124258624e-01 8.492128145488599955e-01 8.481702581834250632e-01 8.443792762931382478e-01 8.530781060515856273e-01
