1.000000000000000000e+00 1.113954099637415041e-01 2.046324270341110529e-01 1.652626024592002696e-01 7.242797921013706397e-02 1.923752441275412839e-02 1.240015492694851867e-01 9.379197460571139788e-02 2.172967058013145214e-01 6.247441289433466882e-02 1.216387584984178483e-01 9.669911650123233504e-02 5.414778232438344219e-02 3.814516644930892458e-02 5.671049164125108177e-02 7.372182855867485951e-02 2.387246752835089081e-01 2.796423002934584345e-01 2.972308563187892050e-01 1.290380430118812094e-01 2.903195516823859346e-01 2.666469802074563078e-01 2.810062091965186415e-01 3.037297754893594770e-01 2.453702420356178027e-01 2.149326991155419975e-01 1.810092204597022469e-01 1.697226626606526678e-01 2.191005306482254889e-01 1.294807292581633129e-01 1.146582675596959922e-01 2.034957742087251664e-01 1.580327487341610104e-01 1.853853476098947517e-01 1.379369997020984118e-01 1.045233546113016054e-01 8.912738842881512413e-02 1.320992109154985605e-01 8.471768037907004278e-02 9.152761659950309214e-02 1.017617020268535011e-01 8.446328395661094335e-02 7.684014312693328297e-02 7.879264377072080217e-02 9.226075742470896124e-02 7.194784440884387233e-02 4.064714900708749773e-02 5.737165792334732173e-02 7.465228559329699365e-02 1.181030663940515341e-01 9.051271103166996790e-02 8.224874113255600805e-02 8.178413321614659559e-02 8.291382610555013410e-02 1.209156711215815944e-01 1.194499514940330076e-01 1.293076943914478749e-01 5.561452172381459169e-02 7.756570192000018793e-02 6.724475940632192172e-02 4.734948458712068264e-02 6.174924657936543132e-02 8.370820076619502059e-02 5.959770769510183003e-02 8.158157998179649262e-02 8.837055234312363172e-02 5.456981716838161384e-02 1.028746351050440488e-01 1.230522179529653787e-01 7.567788908288491934e-02 1.083503796466557673e-01 1.015461841723919040e-01 1.336152128141249729e-01 1.072370337268175045e-01 7.559649068039166198e-02 5.787299013382572049e-02 7.040675586917707895e-02 9.053313656076533711e-02 7.413880120269586427e-02 4.589871498080728279e-02 5.652872744484394030e-02 5.339231108975060758e-02 8.650082380667155346e-02 6.089022032618528896e-02 7.166357711540455311e-02 7.476642372135224035e-02 2.958139466223589850e-02 5.277030153638311710e-02 3.676182363902390920e-02 7.983264144580684563e-02 3.638155052539109729e-02 4.080478959280333523e-02 3.297350824035120281e-02 2.968326440158987681e-02 1.179429705777243140e-02 2.708505017338594043e-02 5.553367949694522354e-02 5.279075999913052791e-02 3.404053783969064606e-02 3.558030892743843654e-02 3.596325765724628365e-02 3.393301766698033489e-02 3.587830937650404728e-02 3.140393268555724537e-02 4.407343963286231014e-02 6.105959287865528329e-02 4.199059738145891063e-02 3.839670347294969754e-02 5.283316482788907864e-02 3.644102016568613600e-02 3.994169592933870250e-02 2.482012169049619896e-02 2.599529009161059834e-02 2.776402277977720046e-02 5.414774934580829369e-02 4.385462957035551890e-02
1.113954099637415041e-01 1.000000000000000000e+00 6.436935138059581007e-02 7.836536002282595836e-02 6.795734474703013506e-02 1.011156316088468315e-01 1.437922097403009081e-01 1.143014826415411495e-01 1.735912161030964129e-01 1.732275023207014431e-01 1.478889703313204795e-01 1.469269477453371830e-01 1.250817617409432092e-01 1.641047904001016744e-01 1.550124299122884464e-01 1.496590823011039462e-01 1.571281261270366936e-01 1.271137140307993796e-01 1.421187965853162594e-01 5.251794574580816860e-02 9.730052714456523255e-02 1.437087591824952049e-01 1.446297037532416618e-01 1.378062893525990595e-01 1.546760114191807756e-01 1.434050785751608548e-01 1.450751646784599891e-01 1.490590480390149852e-01 1.688722806201856941e-01 1.639241525819604972e-01 1.635121751340508911e-01 1.478282064579142518e-01 1.375441625460698258e-01 1.516313354415602666e-01 1.520181883530211109e-01 1.666760855918103246e-01 1.587847107440823191e-01 1.481589415601522741e-01 1.574789649090283239e-01 1.388581169451670316e-01 1.686990647548171907e-01 1.570185656747580538e-01 1.630027251736053673e-01 1.611648939731526453e-01 1.635684548440776154e-01 1.611914914411292643e-01 1.710387571427476605e-01 1.725660226362646932e-01 1.588120747493972640e-01 1.376406507827461212e-01 1.563035931082160657e-01 1.321019581300245105e-01 1.589217128835337389e-01 1.688360233995224169e-01 1.508415103046372996e-01 1.634551161081183035e-01 1.540087461845086603e-01 1.620104176320611988e-01 1.551662357531729819e-01 1.674521877815894899e-01 1.594429763898652097e-01 1.597355262817968802e-01 1.505063969790871869e-01 1.614576937284175062e-01 1.622341317638112956e-01 1.606628735156626908e-01 1.689260113517147555e-01 1.693145749314221016e-01 1.703566402557663284e-01 1.435384794025723054e-01 1.640746129897876771e-01 1.703844409859419651e-01 1.704749825679201525e-01 1.722444603297757504e-01 1.662832005249241241e-01 1.632694692826141269e-01 1.710332306489784626e-01 1.755968761418655322e-01 1.700697019433753676e-01 1.701262359508942390e-01 1.678155893783043751e-01 1.712433256295517181e-01 1.741604562044166138e-01 1.655215751613029196e-01 1.597091873106369353e-01 1.669183186672122676e-01 1.693041868182956766e-01 1.647119026357690419e-01 1.639553552166469752e-01 1.691726835519757055e-01 1.653896144426422188e-01 1.646773638968019593e-01 1.641190501058042983e-01 1.633799911658665449e-01 1.628145168363096806e-01 1.720409807038829619e-01 1.564252320868557700e-01 1.492707371799329996e-01 1.611570189466211833e-01 1.613706712108224084e-01 1.657874174153925739e-01 1.577058324621542218e-01 1.557821323862337570e-01 1.619103322592442551e-01 1.587408541829526121e-01 1.649101928938976336e-01 1.654595564584546707e-01 1.742023470764086646e-01 1.703898967323273783e-01 1.649814812307076328e-01 1.624822947627942993e-01 1.677545079030959563e-01 1.643414463957914851e-01 1.622399378321903729e-01 1.643142227321008064e-01 1.639011660606199683e-01
2.046324270341110529e-01 6.436935138059581007e-02 1.000000000000000000e+00 4.370630102588913823e-01 2.588866490879976334e-01 2.429314593306647896e-01 4.002685471588450228e-01 3.662256732221610966e-01 3.824431635806738172e-01 2.941650662523458415e-01 4.309523359714677038e-01 4.483841320855331825e-01 3.389548481225163612e-01 3.182793743424805477e-01 3.939769233340864596e-01 3.995369668617538284e-01 4.484719523961162579e-01 4.441978471348557722e-01 4.467517844899521196e-01 3.702192518829555690e-01 4.449659475237488504e-01 4.397319305066936801e-01 4.315967051215419126e-01 4.025583894160745246e-01 3.963345493199613156e-01 4.840606269994745525e-01 4.627443347742427049e-01 4.602652479647018624e-01 4.404703378812672709e-01 4.110064742895759848e-01 4.253672345323240012e-01 4.563803428711891708e-01 4.565271460905576673e-01 4.427842651039469168e-01 4.323012975393798474e-01 4.336036292101956846e-01 4.188835027005003986e-01 4.523014962524864457e-01 4.269762352994297960e-01 4.484317226170267401e-01 4.222714946683469583e-01 4.209055764786783782e-01 4.339807411328401310e-01 4.280918807345646671e-01 4.258074894475848415e-01 4.218672794708277496e-01 3.741202314476339552e-01 3.821427465909345567e-01 3.886848335335985061e-01 4.387391790878066300e-01 4.242045210041969772e-01 4.200801919144099839e-01 4.011354582308866989e-01 3.927857215605958796e-01 4.211785466204390760e-01 4.391415135927059232e-01 4.256974923554703860e-01 4.026748738838235586e-01 4.056405675292091839e-01 3.912139566948616420e-01 3.932742397881247021e-01 3.924130574303088537e-01 4.091944170289252281e-01 3.914880616948582803e-01 3.965165986223313510e-01 4.049014306006913921e-01 3.793756577597305335e-01 4.010751321466534125e-01 4.175579671251386515e-01 4.126935007500150410e-01 4.051690374509234749e-01 4.067874212829461489e-01 3.999477804024228478e-01 3.960105844578732937e-01 4.106436713135123151e-01 4.011070020614015408e-01 3.960741364760078098e-01 3.955107880872231196e-01 3.970931087111954083e-01 3.834285020954464329e-01 3.981900928575448639e-01 3.926685394679373942e-01 4.092631931662183975e-01 3.992974879346985473e-01 4.075962761733227802e-01 4.027813599320283489e-01 3.901171901201443970e-01 3.995000098416054968e-01 3.892339634435467155e-01 4.125089293792805201e-01 4.024902688706600284e-01 3.875141836116731686e-01 3.884171499589916254e-01 3.811882812696800737e-01 3.620129880889886853e-01 3.654237424239287768e-01 4.057789477505125975e-01 3.842249467274552743e-01 3.804026284646701561e-01 3.872897367197928320e-01 3.900479899093870495e-01 3.857565956081847047e-01 3.818613515292613725e-01 3.858505382406442474e-01 3.945081269723892947e-01 3.871666928151802911e-01 3.768852017858627113e-01 3.732444932459043629e-01 3.899390660463309399e-01 3.748753120885937040e-01 3.835566115351166649e-01 3.667845004217787364e-01 3.722753315951908282e-01 3.723551127841450148e-01 3.846621739473412016e-01 3.772709302590616653e-01
1.652626024592002696e-01 7.836536002282595836e-02 4.370630102588913823e-01 1.000000000000000000e+00 4.115273794168448074e-01 3.710495773143393516e-01 6.065627196647305208e-01 6.219333734602504604e-01 5.136043570002771785e-01 3.830187575843554959e-01 5.694516482651886813e-01 6.925000379786233617e-01 4.691183852755961281e-01 4.660909354231091983e-01 5.871311890766202080e-01 6.024819622778769812e-01 5.410315256240026960e-01 5.602669148989433134e-01 5.460978808809756613e-01 6.047485335059765710e-01 5.846750980823897104e-01 5.443615861516287735e-01 5.020427946155631149e-01 4.608575521831231869e-01 4.555740178751290781e-01 6.328383221837112771e-01 6.086932149936903347e-01 5.964272886513466432e-01 5.524638761910322104e-01 5.467401650945598046e-01 5.711778883026692455e-01 5.963514907130009757e-01 6.009632346387353552e-01 5.753891568929982991e-01 5.508939400608947601e-01 6.112017041559566488e-01 5.673407582139999850e-01 6.269619987695632668e-01 6.104272464662344744e-01 6.337812572136768408e-01 5.665987235134645195e-01 5.875342724232712754e-01 6.184841348105859504e-01 5.931625710647309146e-01 5.798881312178906233e-01 5.864679674354640326e-01 5.009026207113609352e-01 5.177283662873072290e-01 5.217850908940866450e-01 6.207020686847761759e-01 6.080129536617383534e-01 5.930100843045053027e-01 5.611840869656686825e-01 5.137958310953083529e-01 5.467447296513747723e-01 5.804674587841570643e-01 5.747282989378283968e-01 5.328842369427969627e-01 5.537543426001788616e-01 5.252119956373946241e-01 5.479627362092497345e-01 5.322801048554711700e-01 5.770168228832130985e-01 5.476848753720899854e-01 5.262958453873085585e-01 5.528716205355082014e-01 5.029818971901802716e-01 5.157265563299556765e-01 5.408436600215381640e-01 5.869733227329343439e-01 5.304058531417003008e-01 5.153154700390242260e-01 5.128534391519001812e-01 5.064158237208131741e-01 5.484132393755470902e-01 5.355945865168506570e-01 5.301690861944817756e-01 5.047969661845087552e-01 5.243190685564421694e-01 4.931356081421993109e-01 5.211796941952461237e-01 5.120008747269408911e-01 5.426358123725369964e-01 5.237035096304533122e-01 5.550101597893917216e-01 5.319663470650434212e-01 5.252251237564650177e-01 5.437101763124592146e-01 5.366025107343976863e-01 5.558033888490028218e-01 5.535996222032457670e-01 5.327457631234557844e-01 5.303329981041250418e-01 5.214387448118307233e-01 4.897338853642514978e-01 4.952708145700353004e-01 5.626203448329419876e-01 5.272317622651107039e-01 5.298328589653545917e-01 5.393151979635532056e-01 5.434979107895028250e-01 5.274124108598665650e-01 5.276374610123619746e-01 5.292240883434606857e-01 5.423604001096036242e-01 5.203934555510435489e-01 5.102044889903445402e-01 4.989190430906469409e-01 5.272465138680014762e-01 5.123388936694681650e-01 5.242789894067197976e-01 4.947544020160335454e-01 5.045900612044563749e-01 5.084423921813568947e-01 5.157806673713722923e-01 5.099071863078454836e-01
7.242797921013706397e-02 6.795734474703013506e-02 2.588866490879976334e-01 4.115273794168448074e-01 1.000000000000000000e+00 3.414483033528490363e-01 4.994997200589583741e-01 5.077725849029895988e-01 4.702445135807435395e-01 4.065729251840797254e-01 4.929527372562830800e-01 5.233359152336666265e-01 4.623632530676348718e-01 4.395397377775063785e-01 5.330402043019735192e-01 5.326687171668977872e-01 4.429873086331506671e-01 4.383353514480308188e-01 4.357376131435137245e-01 4.152160022933410466e-01 4.070852118937447472e-01 4.432201156738700409e-01 4.389273794072273693e-01 3.862796945098497803e-01 4.142956605654860014e-01 5.089325891728634366e-01 5.054575219238538475e-01 4.946951346511558323e-01 4.950443115093220436e-01 4.868272268974521144e-01 5.181771308719667068e-01 4.912127810172459697e-01 4.756968721720523097e-01 4.731794860637381084e-01 4.765628372168212445e-01 5.010582088776776022e-01 5.022950613688438315e-01 5.184736624825313500e-01 5.199702023159947784e-01 5.032523633497426596e-01 5.146582974430071733e-01 5.233746355828313712e-01 5.318064050841893042e-01 5.256177766960187236e-01 5.220625891688732700e-01 5.140325880734822883e-01 4.993966756692965192e-01 5.028202609622379748e-01 5.059416499813007562e-01 5.169409965856782696e-01 5.214812272108282354e-01 5.204497925948299297e-01 5.102538980003524793e-01 4.990333268176658232e-01 5.057122299821003031e-01 5.153854917470638286e-01 5.086625313991277597e-01 5.075148167278460409e-01 5.054754734331783350e-01 5.068563103345152809e-01 5.192598087242185079e-01 4.999421729047278662e-01 5.163885723536792982e-01 5.069729543043327569e-01 4.984471077311750098e-01 5.115643902271174159e-01 4.997474098915112295e-01 4.993921925230981329e-01 5.021924641845837423e-01 5.135827706437281481e-01 5.012804730517429475e-01 4.984396363389106965e-01 4.883342471546296970e-01 4.926413220697807849e-01 5.166617987466687323e-01 5.071507584297038074e-01 5.055817694326354417e-01 4.995217324460631825e-01 5.021187333193150026e-01 4.899812530979401615e-01 5.064336077459988816e-01 5.057439750874359596e-01 5.037315376874229589e-01 4.986504155429664076e-01 5.123389358237263602e-01 5.034483543104499859e-01 5.061936947653826735e-01 5.124324779486389980e-01 5.101901671696295049e-01 5.140959932324106196e-01 5.114621921275608329e-01 5.128972610454651804e-01 5.122681202675287704e-01 5.078383405584740995e-01 4.961619960765236703e-01 4.984292828167281031e-01 5.238991219160399337e-01 5.136397109517870652e-01 5.171204701169558327e-01 5.143172872622263636e-01 5.192619857987783583e-01 5.116580821945759805e-01 5.124402449560815365e-01 5.114364811716575199e-01 5.165187866050183763e-01 5.098127885578107588e-01 5.042368576428014615e-01 5.000518662527585478e-01 5.112612495338728635e-01 5.050870674320726561e-01 5.095864295989116499e-01 5.006740513847340868e-01 5.029548318920901151e-01 5.049440478604683147e-01 5.046366322991008291e-01 5.030319466123248651e-01
1.923752441275412839e-02 1.011156316088468315e-01 2.429314593306647896e-01 3.710495773143393516e-01 3.414483033528490363e-01 1.000000000000000000e+00 5.088114719982647083e-01 4.904264538238707893e-01 5.236685258846757174e-01 4.922402240548176544e-01 5.396567451253708736e-01 5.707312600586579299e-01 5.063006604676365541e-01 5.354409517376348404e-01 5.800458861965107626e-01 5.718817257686713562e-01 4.941999293504438784e-01 4.552474948338335881e-01 4.709165743780706626e-01 3.531043002565925626e-01 4.232666285679436702e-01 4.831600619583948930e-01 4.605299612467160242e-01 4.271706374756209512e-01 4.687079254327675693e-01 5.167112836442618873e-01 5.395066770824247238e-01 5.364297902552046526e-01 5.293007727380806271e-01 5.403332375315225145e-01 5.775142637217443031e-01 5.424827517963316525e-01 5.194854749043193998e-01 5.281036407291884727e-01 5.324671236351368186e-01 5.603070247003398840e-01 5.572373714602579797e-01 5.675564249280041773e-01 5.862429947823928345e-01 5.467419554224081102e-01 5.842383506650997704e-01 5.897585283081211438e-01 5.868136858966495062e-01 5.904915780908283063e-01 5.817039232461854725e-01 5.896008975324934509e-01 5.893424882529891828e-01 5.954724968620236369e-01 5.844392410142178473e-01 5.745863427487549746e-01 5.907732988062703861e-01 5.738633903940417724e-01 5.837174700921885506e-01 5.863108884019214706e-01 5.733729389879899108e-01 5.789756844933189317e-01 5.761287641601415821e-01 5.880063514863299590e-01 5.871170677312050890e-01 5.898538901051251226e-01 5.949978158960308461e-01 5.893282760972654577e-01 5.873036135217958309e-01 5.929786682379017959e-01 5.881121513297820069e-01 5.903110836037819276e-01 5.962486802498784266e-01 5.882736906820414946e-01 5.892832936872111071e-01 5.800704358502939417e-01 5.864664346976937725e-01 5.876641711282545311e-01 5.781581448326549300e-01 5.802003211612509759e-01 5.925122179105312137e-01 5.987238631240789921e-01 5.948318179701385100e-01 5.857073634692903097e-01 5.939519630742130518e-01 5.838928237359423123e-01 5.900554751925937147e-01 5.910198503269271653e-01 5.952273149989879553e-01 5.859999221844498507e-01 5.958647592513697244e-01 5.928983473591838971e-01 5.950807682757530692e-01 5.945129251385616875e-01 5.989121947583272432e-01 5.935527565590261734e-01 5.969739597287088140e-01 5.997733155249810322e-01 5.990587019146093040e-01 5.991738401426389693e-01 5.935915420272430687e-01 5.985217298658070950e-01 5.962632050523875016e-01 5.886813012133780276e-01 6.000453261169839125e-01 6.024614595879369539e-01 5.996634800405692411e-01 5.951938448546039151e-01 5.984157221949442107e-01 5.983108479908256783e-01 5.994682340451595870e-01 5.915913460642528987e-01 5.961238525579082292e-01 5.954193710270189177e-01 6.008259193860537861e-01 5.981383449803431285e-01 5.988484734251868780e-01 5.937843177403000494e-01 5.962251110141743027e-01 5.941240656434026990e-01 5.958089004642120878e-01 5.937706546299115207e-01
1.240015492694851867e-01 1.437922097403009081e-01 4.002685471588450228e-01 6.065627196647305208e-01 4.994997200589583741e-01 5.088114719982647083e-01 1.000000000000000000e+00 7.589902169783827590e-01 7.343934396420410682e-01 6.547512988075454565e-01 7.691730279574321427e-01 8.062503427831071434e-01 7.017869211961291764e-01 6.955727887777839458e-01 8.551119816044944200e-01 8.230762153304557183e-01 7.304399558107732560e-01 7.014800012993894773e-01 6.795651301170798630e-01 6.251445925734520070e-01 6.321851460977330195e-01 6.794763579883332794e-01 7.015862237296071058e-01 6.384770604112822712e-01 6.452098816530476011e-01 7.999965317855379787e-01 7.845452933719834210e-01 7.793980949792114199e-01 7.785414166136062075e-01 7.493711520174656249e-01 8.094370480794799150e-01 7.987198303382283537e-01 7.655792417871032374e-01 7.836895123685341247e-01 7.632466640221176046e-01 7.828399248488867590e-01 7.850212928805132551e-01 8.238339721718515030e-01 8.202658002162530604e-01 7.986255859780156952e-01 8.153563264143577349e-01 8.241444221174571982e-01 8.264564425775345891e-01 8.240366541387860178e-01 8.175051489657108039e-01 8.231551666201087913e-01 7.876326083731199912e-01 7.938294954498227307e-01 7.934659679704507695e-01 8.045449078135112897e-01 8.227704836170633973e-01 7.804033008876906097e-01 7.951011162053550629e-01 7.867346796927963126e-01 7.970734381646755740e-01 8.193411603303795143e-01 7.927221733558804662e-01 8.044574244546672803e-01 8.030678777750973607e-01 7.957751404680503127e-01 8.061875316013584758e-01 7.955712776717813739e-01 7.984611637361670455e-01 7.994318280526477860e-01 7.859855155682174965e-01 7.941246921067964815e-01 7.946908907288825485e-01 7.956078835211132239e-01 8.084794021307348810e-01 8.126526315126926248e-01 7.797839619484085993e-01 7.872408183640434709e-01 7.869019861391721715e-01 7.779255376396397859e-01 8.186657912668843240e-01 8.036309384839390724e-01 8.053715521977755643e-01 7.967868579102556081e-01 8.056268677808957612e-01 7.841502689211949928e-01 8.033170666614537492e-01 8.015891892070521330e-01 8.090326709703447028e-01 7.963190819108427743e-01 8.174078445104325796e-01 8.104848859282418605e-01 7.998087821073690540e-01 8.193464955104639014e-01 8.115666784827123559e-01 8.194301642158476895e-01 8.160969062639239491e-01 8.098841293129073193e-01 8.067238402036647216e-01 8.049581279553146285e-01 7.852739180169465705e-01 7.892265504438913393e-01 8.168750401591950983e-01 7.908911082954850347e-01 8.040224428883344654e-01 8.118168529000737710e-01 8.136372171324138813e-01 8.046978334298482416e-01 7.979719843600382445e-01 8.055902501160662199e-01 8.060279711149958004e-01 7.921320737003922918e-01 7.936278813651533870e-01 7.931866142057730773e-01 8.072743380994584772e-01 7.984515855219018743e-01 8.052668965960313452e-01 7.881171095558141548e-01 7.931855667926126507e-01 7.917868555206986070e-01 7.909737334443479595e-01 7.892526392237040334e-01
9.379197460571139788e-02 1.143014826415411495e-01 3.662256732221610966e-01 6.219333734602504604e-01 5.077725849029895988e-01 4.904264538238707893e-01 7.589902169783827590e-01 1.000000000000000000e+00 7.255538200162633400e-01 6.326606555590678083e-01 7.283518308543137643e-01 8.047440381163045720e-01 6.858844044815501917e-01 6.844052953865780164e-01 8.072758794745515942e-01 8.179071184710227094e-01 6.870520739844969693e-01 6.528491084942901201e-01 6.324244337878023314e-01 6.013163845231347393e-01 6.099889733623409249e-01 6.566775104212397851e-01 6.413105006900016170e-01 5.839696920357630994e-01 5.988596482900305773e-01 7.629735866802598299e-01 7.494227293123246758e-01 7.342155727267456466e-01 7.276661700874464955e-01 7.257159555475097834e-01 7.796806363314565669e-01 7.587266016218606746e-01 7.161609613923143325e-01 7.348252354288582477e-01 7.196777640783134089e-01 7.587720271745541645e-01 7.534500404801864892e-01 7.961965193133438978e-01 8.050104469469240298e-01 7.587126131240776727e-01 7.758613145535668831e-01 7.950019751483783370e-01 7.957318078915887050e-01 8.011695717844817821e-01 7.749426407006103634e-01 7.918834119054035670e-01 7.639452426923479811e-01 7.737096036882774586e-01 7.640094553237570807e-01 7.901763674748549793e-01 8.043072509605617704e-01 7.445823444814240188e-01 7.772722039790134207e-01 7.622312148167703638e-01 7.690281136175329824e-01 7.778540839228559323e-01 7.747454042240168315e-01 7.720744939932550066e-01 7.809570918223115443e-01 7.775920487499418110e-01 7.897027735008371740e-01 7.756583966348415959e-01 7.898178722903536064e-01 7.811848418621590850e-01 7.637593972047074242e-01 7.753829116645232222e-01 7.626419126200538745e-01 7.603706269257480832e-01 7.721440888159560867e-01 7.844614258153753683e-01 7.494491583258489076e-01 7.522437149840213166e-01 7.496632235888461837e-01 7.391241236605513576e-01 7.846536009831124314e-01 7.718621165609884649e-01 7.699583168455396143e-01 7.568333792264337889e-01 7.669498601450749353e-01 7.497710729360668180e-01 7.660857969676597712e-01 7.669444129618259165e-01 7.714633999784166196e-01 7.625768843104694383e-01 7.853325850105190575e-01 7.735889556466413186e-01 7.640419233790592957e-01 7.844973868688064345e-01 7.835322925700558550e-01 7.806426171467735209e-01 7.790120167310017329e-01 7.819564179489592037e-01 7.761436772026112374e-01 7.760958835631162067e-01 7.617768201005818973e-01 7.639509244933121446e-01 7.899990036649677805e-01 7.690417149673162145e-01 7.855654812917484131e-01 7.855198109452893318e-01 7.865643556180632601e-01 7.785331035648938025e-01 7.744227092142887958e-01 7.816735424687489830e-01 7.774292506477348264e-01 7.689377252137726826e-01 7.698926009730798770e-01 7.671360218653737739e-01 7.799274963386586546e-01 7.768292029815161426e-01 7.829900927700864655e-01 7.654918277099889146e-01 7.684040139328344177e-01 7.689634967317032777e-01 7.629181823716409960e-01 7.613580950632758970e-01
2.172967058013145214e-01 1.735912161030964129e-01 3.824431635806738172e-01 5.136043570002771785e-01 4.702445135807435395e-01 5.236685258846757174e-01 7.343934396420410682e-01 7.255538200162633400e-01 1.000000000000000000e+00 7.397328207999708249e-01 8.002050782798395545e-01 8.103966387187957476e-01 7.420293763760387185e-01 7.522892797830793565e-01 8.433148847147519112e-01 8.392668990924350148e-01 8.164338235589111425e-01 7.638532011695178259e-01 7.511225330760294971e-01 5.581628991902753967e-01 6.934577067689233765e-01 7.683839821833645667e-01 7.916843954538371753e-01 7.331479350870948597e-01 7.475042839876974154e-01 8.316209829427592126e-01 8.388497910100888300e-01 8.264047229722634169e-01 8.514859663004514800e-01 8.092522095804408622e-01 8.713294584055023551e-01 8.550465713534495249e-01 7.959032278879120126e-01 8.249772575804826813e-01 8.182984200206522285e-01 7.999562843711734983e-01 8.281664536748079009e-01 8.560340597365273529e-01 8.519584034476389567e-01 7.900512467180633713e-01 8.647717453989270942e-01 8.614750937580361034e-01 8.399111187050646299e-01 8.658729815839214528e-01 8.596028555416589390e-01 8.557756672606771087e-01 8.580016560933219072e-01 8.744756190878761881e-01 8.711123852770255027e-01 8.532655041933859819e-01 8.689665335156593340e-01 8.201659891260392188e-01 8.653538776455215187e-01 8.746642259409584952e-01 8.744390223514026950e-01 8.656151405344788552e-01 8.744614447247788247e-01 8.586993304780219383e-01 8.688008507834287242e-01 8.755142013818422164e-01 8.711130683003865949e-01 8.697828033470937914e-01 8.665664724113865125e-01 8.690170412425629598e-01 8.714816911706398939e-01 8.768993296326627052e-01 8.676313753372933979e-01 8.760944455751052962e-01 8.812967744213598964e-01 8.491963923572953821e-01 8.634484291225332786e-01 8.674908036047064286e-01 8.694044895516103155e-01 8.603737607692334421e-01 8.742840797689968024e-01 8.673635931317109637e-01 8.693604750995714836e-01 8.727081529008475780e-01 8.678156980129897446e-01 8.589696894227538682e-01 8.649177818557818309e-01 8.707001135231997591e-01 8.733740718581090023e-01 8.614426731728372921e-01 8.701659248625945864e-01 8.681357921239335473e-01 8.506438707742212113e-01 8.645971411120102479e-01 8.630522655285126632e-01 8.677300694641927326e-01 8.526068308871773693e-01 8.640675431500285386e-01 8.633621863581769640e-01 8.618394988265619672e-01 8.555864997372730762e-01 8.599770783261293516e-01 8.566038290776943898e-01 8.600525360939924591e-01 8.633215808921395062e-01 8.641276447926252713e-01 8.597412980058148912e-01 8.590532589402914976e-01 8.622788580568346850e-01 8.618607170171157517e-01 8.611427365074296736e-01 8.650225511665228240e-01 8.653322082319745423e-01 8.649228925314036420e-01 8.686057095355050883e-01 8.667935625796788779e-01 8.650665473088693380e-01 8.610604335601361736e-01 8.613037050825886887e-01 8.612993531795606339e-01 8.686278128189734993e-01 8.649784427296657308e-01
6.247441289433466882e-02 1.732275023207014431e-01 2.941650662523458415e-01 3.830187575843554959e-01 4.065729251840797254e-01 4.922402240548176544e-01 6.547512988075454565e-01 6.326606555590678083e-01 7.397328207999708249e-01 1.000000000000000000e+00 7.127686363267677905e-01 7.240600026095531661e-01 6.897188343831527346e-01 7.261415960365296129e-01 7.808148502057387086e-01 7.625186068255680460e-01 7.024009087014202457e-01 6.148531330097158909e-01 6.156401330313071574e-01 4.290345659110929022e-01 5.344702923367463665e-01 6.407220455726506669e-01 6.593404118440274742e-01 6.060401618636804821e-01 6.429893502151731166e-01 6.934909873428191096e-01 7.188253277723989365e-01 7.169966618899205058e-01 7.410917795654232698e-01 7.310584679493105087e-01 7.858174394222295911e-01 7.509887741807634853e-01 6.936862096128090238e-01 7.342368629966313787e-01 7.278635752515731916e-01 7.373546521309962687e-01 7.622986114743074415e-01 7.624022331385204021e-01 7.854824015805698112e-01 7.138128049485277238e-01 7.945201254588619699e-01 7.884227111854046344e-01 7.712663884342646492e-01 7.920426076198430199e-01 7.869000300651997071e-01 7.846478288951147517e-01 8.145888287421334528e-01 8.254927332201215107e-01 8.042272975053070816e-01 7.518802779954359972e-01 7.908654223310479514e-01 7.333375440352551955e-01 7.900163922517884352e-01 8.138683090989481395e-01 7.834993696268135466e-01 7.866201466485487348e-01 7.837709940847681356e-01 8.030144626771928973e-01 7.999388000761396000e-01 8.120828041258656427e-01 8.100699731506053602e-01 8.104523582431483186e-01 7.857982892121992968e-01 8.091865976670252758e-01 8.106512910703391750e-01 8.044074238858304193e-01 8.183581331109243129e-01 8.084507276665168218e-01 8.084694036392887639e-01 7.719227570321993692e-01 7.923513378002475793e-01 8.031801839382358699e-01 7.975626746540970258e-01 7.942504500582701077e-01 8.062476142621628483e-01 8.077355068908863567e-01 8.098526895204209985e-01 8.116625631237817107e-01 8.122769803328551141e-01 8.106820798396817684e-01 8.090472744006431682e-01 8.167382074685007876e-01 8.139461041299135280e-01 8.050671198114182081e-01 8.054725789807252179e-01 8.113458631456685888e-01 8.081784938136529206e-01 8.113867787120215835e-01 8.125833630234839955e-01 8.070359872159502679e-01 8.033365316499651021e-01 8.142586304908221440e-01 8.132257342183462079e-01 8.144563506161048849e-01 8.190500157320441676e-01 8.221280817598767277e-01 7.937716403059392745e-01 7.914110481930810570e-01 8.085906531596437352e-01 8.124767967890353937e-01 8.088362156608843723e-01 8.069719065488716314e-01 8.061740513367497973e-01 8.131029965315317298e-01 8.070623145268115417e-01 8.044525688361858773e-01 8.143852498765887793e-01 8.206446325915405238e-01 8.151702995290842635e-01 8.173440181179921771e-01 8.116979797839521948e-01 8.194994959111474575e-01 8.158015135192826506e-01 8.145027153831395639e-01 8.139668277068122793e-01 8.124482143499929254e-01
1.216387584984178483e-01 1.478889703313204795e-01 4.309523359714677038e-01 5.694516482651886813e-01 4.929527372562830800e-01 5.396567451253708736e-01 7.691730279574321427e-01 7.283518308543137643e-01 8.002050782798395545e-01 7.127686363267677905e-01 1.000000000000000000e+00 8.621369641099935199e-01 7.606547524141250571e-01 7.652891290913160782e-01 8.688296477465417000e-01 8.568712902192286984e-01 8.020803479387214052e-01 7.321247104609162060e-01 7.385925927832850402e-01 5.736654938443950247e-01 6.731185706206953556e-01 7.604147472206930214e-01 7.591553146140077590e-01 6.849301551969716462e-01 7.307465036818007187e-01 8.436248460398362292e-01 8.563567484968904742e-01 8.589848958456690609e-01 8.386565944674166939e-01 8.396303905975607274e-01 8.886398221786935281e-01 8.520509743048398921e-01 8.264994807582524139e-01 8.232743372942564752e-01 8.331395164336949932e-01 8.402627697825197917e-01 8.638691154981064102e-01 8.788351308459785294e-01 8.768351931408215894e-01 8.517695691163632565e-01 8.883118136902592443e-01 8.884306082358036649e-01 8.778186399415401908e-01 8.938574391157321219e-01 8.909300011466499969e-01 8.861606726361916930e-01 8.743506082370292587e-01 8.790178510515370691e-01 8.793270292384255393e-01 8.670065640027568854e-01 8.879250355626758795e-01 8.641684809510411514e-01 8.766698798720763408e-01 8.765957748385776460e-01 8.793150581651546505e-01 8.918717654515050386e-01 8.813643714100051207e-01 8.827969631677679008e-01 8.828098287163689273e-01 8.802656145882240546e-01 8.827969740435163137e-01 8.809382740925094657e-01 8.786740776840752387e-01 8.795384454474033387e-01 8.807413868040195881e-01 8.867131971395770806e-01 8.756633111980839379e-01 8.791575523823930149e-01 8.824872904329879031e-01 8.654840292548040548e-01 8.719860877745047034e-01 8.801456329827457292e-01 8.597068986238266541e-01 8.669490004190970600e-01 8.947268444813255561e-01 8.870922657986196613e-01 8.867945258092780891e-01 8.774345302191196572e-01 8.817715168847777285e-01 8.675458847584643918e-01 8.814854544385049007e-01 8.830824925291774763e-01 8.889949148330459350e-01 8.750471361419259742e-01 8.846372915901523637e-01 8.790937461428651734e-01 8.769570708405276527e-01 8.877263826632456611e-01 8.827208535298156633e-01 8.943486327896489341e-01 8.896905699286480340e-01 8.870261116891365871e-01 8.862358338620539566e-01 8.822424321754270826e-01 8.716930208293691695e-01 8.743113821548815778e-01 8.829955784301438682e-01 8.680430337105596861e-01 8.768645226795279690e-01 8.830145227465057145e-01 8.831325659104469761e-01 8.807015335261930700e-01 8.807072231456106737e-01 8.836580335955245280e-01 8.868278443559128865e-01 8.786436527934146090e-01 8.772885148475018102e-01 8.760845229926236266e-01 8.856736062166408185e-01 8.799008584294893964e-01 8.825962201162379506e-01 8.733737790425458725e-01 8.767362933135514069e-01 8.742308167659360585e-01 8.811239724592830891e-01 8.794013502592333831e-01
9.669911650123233504e-02 1.469269477453371830e-01 4.483841320855331825e-01 6.925000379786233617e-01 5.233359152336666265e-01 5.707312600586579299e-01 8.062503427831071434e-01 8.047440381163045720e-01 8.103966387187957476e-01 7.240600026095531661e-01 8.621369641099935199e-01 1.000000000000000000e+00 7.815082908442316789e-01 7.985873227836088883e-01 9.000343802248822467e-01 9.032781738098274449e-01 8.138611379572985305e-01 7.554011111199235851e-01 7.429999023675959435e-01 6.649945893715655254e-01 7.151026929684596301e-01 7.632846162886974817e-01 7.424620857024468723e-01 6.752479319438380312e-01 7.076210559340233575e-01 8.629352140450134989e-01 8.741865290110173436e-01 8.678547187115016603e-01 8.425898807107242705e-01 8.446629061960461149e-01 8.996900565571093189e-01 8.734799886742423691e-01 8.397199820788430191e-01 8.419404309458757840e-01 8.340568098275478182e-01 8.745409772930757830e-01 8.728863891069401637e-01 9.135136984721927700e-01 9.174233124222782587e-01 8.898009062565753746e-01 9.052210061573914279e-01 9.167251612047944143e-01 9.183065453064576111e-01 9.257189907493448278e-01 9.092827256725415364e-01 9.151422499638057761e-01 8.886715134409602923e-01 8.984991546462024470e-01 8.946143608585678253e-01 9.096935417292556503e-01 9.264506469550871648e-01 8.971026517832086933e-01 9.079821763704155613e-01 8.927190065113459472e-01 8.978703997788312074e-01 9.098630701009461363e-01 9.099453536952841759e-01 9.021719151959246563e-01 9.097623646594139579e-01 9.006565296476374272e-01 9.121265672315774786e-01 9.041799026580752408e-01 9.142248802077294068e-01 9.061514208758326694e-01 8.973574961299284336e-01 9.107970283713412440e-01 8.917600874498599062e-01 8.871949982067434126e-01 8.932648698824213751e-01 9.078488039123605580e-01 8.838459946021065550e-01 8.826802679366470006e-01 8.680345739411398087e-01 8.672921607574877179e-01 9.076675572810783965e-01 9.020894193995371291e-01 8.982387693542329687e-01 8.809240854418268762e-01 8.922692443689095310e-01 8.713727689006576238e-01 8.899172929062493242e-01 8.929256179017123207e-01 9.034780840375208344e-01 8.841602479029575523e-01 9.051902337527504283e-01 8.943989708392257043e-01 8.917175260367574685e-01 9.058653693476166335e-01 9.045592018661694489e-01 9.096093749973364062e-01 9.088452009727099323e-01 9.064134398367571510e-01 9.046222821135895265e-01 9.012283561357400385e-01 8.877547741411540017e-01 8.910840074118532295e-01 9.067491575051797037e-01 8.905921617987729855e-01 8.998414356403857672e-01 9.064884359412331838e-01 9.077262281721104609e-01 9.002688944576172636e-01 9.021548595391598591e-01 9.044268200652232359e-01 9.096342200630864738e-01 8.961750482427693898e-01 8.942080740902141889e-01 8.911183885969440333e-01 9.043442830254762033e-01 8.990485453899147439e-01 9.029483221216660915e-01 8.894955217865689878e-01 8.944563924918892406e-01 8.931511436199405241e-01 8.972713945138567349e-01 8.965303792472429922e-01
5.414778232438344219e-02 1.250817617409432092e-01 3.389548481225163612e-01 4.691183852755961281e-01 4.623632530676348718e-01 5.063006604676365541e-01 7.017869211961291764e-01 6.858844044815501917e-01 7.420293763760387185e-01 6.897188343831527346e-01 7.606547524141250571e-01 7.815082908442316789e-01 1.000000000000000000e+00 7.392896085240500126e-01 8.245249223305817221e-01 8.108406536752031935e-01 7.290404383799543586e-01 6.591889151955525605e-01 6.521896356877703305e-01 5.042597950914856630e-01 5.809762101195119488e-01 6.793282000412910193e-01 6.839361485564450227e-01 6.152174715087922463e-01 6.597625617487489214e-01 7.488295809388143542e-01 7.706931504734619853e-01 7.672237172779118319e-01 7.762389694951813413e-01 7.477261860830026752e-01 8.187673643929743728e-01 7.719553297450643115e-01 7.382450357460449419e-01 7.530992413894411763e-01 7.502465907738510298e-01 7.671117306242679623e-01 7.915835276971359136e-01 8.027470434476317029e-01 8.149870962684810927e-01 7.672076725259158181e-01 8.282682615482840349e-01 8.309563569023807883e-01 8.212015335478757283e-01 8.384254141144121819e-01 8.248932094340558629e-01 8.255848787545178036e-01 8.430377528442254409e-01 8.419014583048932687e-01 8.377951270629611091e-01 8.013388176528971618e-01 8.284936191760975399e-01 7.966891167181563427e-01 8.286932284983625774e-01 8.346376702754191301e-01 8.212443893899807890e-01 8.232288065415029887e-01 8.204967874950038764e-01 8.430994266221161215e-01 8.319908697805287190e-01 8.402134974908164189e-01 8.441190052736035065e-01 8.368803019102366569e-01 8.231088333263758550e-01 8.375359100737429507e-01 8.354374761611287337e-01 8.376130609004454053e-01 8.430075088853760112e-01 8.329243556921119840e-01 8.272046754565477444e-01 8.116811691467245016e-01 8.214928391019005183e-01 8.326003608544250145e-01 8.101545137587202738e-01 8.201056856871530298e-01 8.420435417109956022e-01 8.397613546167836951e-01 8.394668841671660831e-01 8.388853428395692813e-01 8.387411203127395076e-01 8.318990699500675712e-01 8.400553050906454100e-01 8.441326365160090051e-01 8.380794529251646141e-01 8.292535002408203404e-01 8.360983813086330096e-01 8.358341928100211371e-01 8.353101480841148563e-01 8.426307089976062814e-01 8.438187577991650423e-01 8.395069317411650855e-01 8.371966607381041703e-01 8.464529872331071347e-01 8.456691057290371960e-01 8.447246862172721471e-01 8.438379552035986109e-01 8.450968270434009444e-01 8.360476376918380970e-01 8.336122244751440480e-01 8.441540064315075087e-01 8.450794177187060940e-01 8.470649738945902341e-01 8.447913662375229338e-01 8.456212571024925850e-01 8.473987759268143405e-01 8.463819647281111136e-01 8.408436298643173767e-01 8.433285919919689677e-01 8.451028845014212365e-01 8.462884069939992093e-01 8.462141053229188525e-01 8.440546279331144763e-01 8.463864540739290954e-01 8.450153618423890123e-01 8.458797728594446008e-01 8.426822436104127734e-01 8.440862927289259909e-01
