1.000000000000000000e+00 2.942491128481794505e-02 4.831665870420426279e-02 4.221226095614683677e-02 6.403654456122369332e-02 1.418312250224298791e-02 3.271733570280661862e-02 5.425552407467976873e-02 9.242898446913336286e-02 3.527852078793410756e-02 3.176832217197784330e-02 2.408459782704538629e-02 3.832269459368174008e-02 8.344356396687735433e-03 1.594203296352390484e-02 1.812710359503194287e-03 8.504306848756894299e-02 1.707735891934515117e-03 -1.705570276294318373e-03 6.725444225757842842e-02 1.099353867580380069e-02 2.549276956650812706e-02 2.114153873568077116e-02 -5.789087787539022763e-03 6.670524863396596997e-03 3.583160177379205585e-02 4.126292294576189984e-02 2.132156630937180608e-02 6.112143909245693757e-02 4.817206969235977854e-02 2.702074441858625872e-02 5.366595889934482749e-02 3.582033307700098479e-02 2.176941877149523447e-02 1.268868285625484281e-02 3.591476804573243663e-03 -1.671764422726770101e-03 1.172154123765916864e-02 2.718966172407608767e-03 -4.363575216701086334e-02 1.313594526912709344e-02 -6.912506242359906135e-03 -3.421518582899460426e-02 1.012208466856600632e-02 1.672295587593797045e-03 -5.620317149172331279e-03 9.537200973023740591e-03 1.470313824991438013e-02 1.961003877710917540e-02 3.278741924305721145e-02 9.583127649080116356e-03 3.973908365011829397e-02 2.086406693596024389e-02 2.508727494080693551e-02 1.722942100771883076e-02 9.879109959870567212e-03 3.770718339637554872e-02 3.768443051216563335e-03 5.968261410134273644e-03 3.669995131288632251e-02 1.846038517403084285e-03 1.423515755651420626e-02 3.806010191602810303e-03 2.683701522128107211e-02 5.059820447053375858e-02 4.244348327534192000e-02 2.535963133297042607e-02 5.425903637839773336e-03 2.265120556470650789e-02 1.641228728094963271e-02 -3.332176523521585302e-04 6.626769128632175460e-03 5.008591318335322250e-03 4.999045875475951204e-04 7.388641477456484551e-03 8.753386564056402433e-03 -5.132011641512600544e-03 2.475372713678978057e-02 1.090341065748208493e-02 1.146975846495513866e-02 1.015401502942699617e-02 9.038745150240065987e-03 1.896333899206498891e-02 1.092258802559600665e-02 1.067148408912558383e-02 1.659348307711613901e-02 -7.426534653550674343e-04 -2.473595613470904158e-03 8.006739900536802160e-04 -9.058341093963936594e-03 -1.161753020918663941e-02 1.712429271269572031e-03 4.130230968112067434e-03 -2.145852765583732870e-03 5.568371423381715882e-03 7.542153892006872237e-03 1.626003091136228942e-02 5.273099737128113251e-02 1.187265978432222070e-02 1.480000251528214295e-02 -4.166442286938289337e-03 8.324518050555871490e-03 2.324857143938830958e-02 9.543604837091101967e-03 2.312782924601657769e-02 2.318599203825053370e-02 2.021144369202302477e-02 4.901241614137228676e-03 1.046431341941149749e-04 1.203958761357988919e-02 2.446457096781443075e-03 2.338595196885994570e-02 1.100668798891902937e-02 2.238207333983143615e-02 3.640333453014002463e-02 3.045494310997573159e-02
2.942491128481794505e-02 1.000000000000000000e+00 3.529542372746821699e-02 1.009737043088962533e-01 6.006982269438500277e-02 8.909226656244134679e-02 1.480024558890987163e-01 1.023686058338135058e-01 1.837643712896518677e-01 1.957948433088586848e-01 1.483849339816606938e-01 1.547765670876522781e-01 1.469373041612323794e-01 1.445971568345786606e-01 1.548466857309084843e-01 1.329054674404492042e-01 1.489612194467322404e-01 1.445216759614679769e-01 1.576367060496182138e-01 8.600225715319395614e-02 4.202208200631898233e-02 1.558736972352213479e-01 1.825686735970693531e-01 1.313890255656133266e-01 1.651575928173039109e-01 1.868507476811430701e-01 1.770069347191421671e-01 1.725331403653883322e-01 1.925332096340107713e-01 1.735385859365040362e-01 1.649205159170200052e-01 1.653519372036908464e-01 1.384391040496873448e-01 1.463301616447036102e-01 1.361817615259605652e-01 1.268786958584284252e-01 1.414415492188123846e-01 1.451946837070153817e-01 1.541509569149357439e-01 1.270411116124096351e-01 1.722079727759480983e-01 1.571577084285474546e-01 1.229890964207051296e-01 1.509012761976371297e-01 1.545433151434497387e-01 1.612585473684843285e-01 1.578466134356593109e-01 1.695179346667018416e-01 1.579216132286259400e-01 1.274051489783296354e-01 1.420237844225499257e-01 1.142861488208223447e-01 1.462052131694547008e-01 1.749716271523820976e-01 1.656350785422792404e-01 1.708325521839224037e-01 1.451540215834767611e-01 1.642000600821570677e-01 1.556830285609676900e-01 1.622998353039380171e-01 1.468367072002074447e-01 1.656936436700449655e-01 1.437062568252906181e-01 1.500564382683345355e-01 1.598876473426424916e-01 1.582559002718727792e-01 1.659867745908819026e-01 1.666805622835216827e-01 1.756301891652446989e-01 1.486477251339312078e-01 1.486691951574259651e-01 1.685762728154214241e-01 1.566131937046624789e-01 1.641435008146373831e-01 1.754793132632713748e-01 1.704464602102207516e-01 1.723977600789878828e-01 1.766168415835682459e-01 1.772664510822253570e-01 1.704617011470140331e-01 1.692947408627297201e-01 1.642448921524873040e-01 1.642238234504153349e-01 1.693855636507022033e-01 1.514070283157739338e-01 1.632986998546892277e-01 1.639835750236443845e-01 1.571702314659338406e-01 1.608519062425061985e-01 1.616945532738107705e-01 1.606065915368133645e-01 1.600221140083279148e-01 1.587599415176772499e-01 1.626737207928625750e-01 1.630387855690557108e-01 1.666761958534062338e-01 1.413797802977844742e-01 1.490946220248151599e-01 1.572419347610527207e-01 1.576317836409984741e-01 1.493216938751668332e-01 1.544163860126622489e-01 1.570326340710830881e-01 1.600032943387058315e-01 1.542088139667221747e-01 1.625051283903323485e-01 1.602899677586480109e-01 1.688930042541302579e-01 1.638712040220039190e-01 1.623223682942755153e-01 1.609284251415132871e-01 1.646074368252018472e-01 1.659891953535158338e-01 1.583351631729665032e-01 1.604645530144848398e-01 1.587483643725317028e-01
4.831665870420426279e-02 3.529542372746821699e-02 1.000000000000000000e+00 3.068267128201851990e-01 2.215530251363131142e-01 1.653558378256708150e-01 3.078045647194951329e-01 3.057564513320088495e-01 3.438292655396915087e-01 2.740108285709160763e-01 3.380288052311896108e-01 3.592411356850548909e-01 3.323612279466267583e-01 2.980113832058708945e-01 3.610335045573315194e-01 3.588117935651458645e-01 3.417907744674380521e-01 3.261822199607046779e-01 3.240984798130844280e-01 2.741250901930050166e-01 2.798345660422197900e-01 3.402200905655807239e-01 3.482971608687263076e-01 2.958662630985500197e-01 3.233260013844866387e-01 3.687281684970597495e-01 3.690849108526368938e-01 3.611881633026590155e-01 3.684814488063005156e-01 3.678483760014028547e-01 3.793839540591723569e-01 3.754979875525848998e-01 3.654484410541128381e-01 3.446111765666125537e-01 3.600907230992621000e-01 3.509272565522230103e-01 3.592374615631296342e-01 3.498898558290402527e-01 3.689718434273895342e-01 3.456425705483184840e-01 3.708849918323295358e-01 3.632541612067103354e-01 3.605453890004857720e-01 3.667935864508980459e-01 3.699673572613965677e-01 3.579726463401763925e-01 3.631823718599365147e-01 3.599233853791312665e-01 3.602674175459434358e-01 3.504572763092798082e-01 3.611668594867791793e-01 3.675861881376403240e-01 3.608300548521409801e-01 3.546337961338467126e-01 3.468001934033261291e-01 3.649786191138446600e-01 3.446171013904438807e-01 3.552456700509960541e-01 3.431431432109012247e-01 3.590567488373387905e-01 3.650466610713942184e-01 3.503947674647066579e-01 3.476875298210189702e-01 3.673475117852256777e-01 3.651575385290717901e-01 3.578938019999097220e-01 3.637539106052391502e-01 3.622670047657873815e-01 3.709803052156215863e-01 3.610771352426847547e-01 3.630492759744914921e-01 3.664407300844784721e-01 3.591584714333277972e-01 3.640842226990649300e-01 3.681206065056433774e-01 3.726023334446377233e-01 3.675908209179177266e-01 3.717604417043218756e-01 3.646545121197947714e-01 3.650656056499779201e-01 3.652214396633057802e-01 3.730642469257688942e-01 3.649921735283190860e-01 3.681285657314410376e-01 3.665530543001475627e-01 3.642787094939280990e-01 3.619002658981952392e-01 3.628196453881515904e-01 3.643538882643956311e-01 3.553834856358830119e-01 3.654872518328688424e-01 3.668713318542838331e-01 3.682332857753953803e-01 3.630458500071106487e-01 3.620434758229446603e-01 3.612290748028745835e-01 3.694662528407883229e-01 3.660298469733173632e-01 3.687111348857281534e-01 3.703566030214678895e-01 3.701510076722642206e-01 3.624567725384584271e-01 3.668378557864865885e-01 3.681419426404160533e-01 3.677428749754840243e-01 3.536747215649460041e-01 3.622791392709134306e-01 3.610832563581501398e-01 3.586766246909941502e-01 3.596631558873580881e-01 3.565169647169919021e-01 3.617895393703254303e-01 3.574152447564088453e-01 3.653374420810676648e-01 3.652020027542478009e-01 3.609383593683908598e-01
4.221226095614683677e-02 1.009737043088962533e-01 3.068267128201851990e-01 1.000000000000000000e+00 3.432419008666036664e-01 3.413227933143078707e-01 5.242712424973590135e-01 5.173030132746030407e-01 5.499670066923710854e-01 4.931509581585640234e-01 5.496870405547853444e-01 6.096964010971541725e-01 5.269796393432534254e-01 5.354265322171897212e-01 5.968279656793413768e-01 6.031494365820547765e-01 5.136619880011168426e-01 4.796842592362785540e-01 4.927675675025610103e-01 4.773893474720939945e-01 4.754015055938098921e-01 5.546714888150761080e-01 5.210138190119073531e-01 4.530169093283659687e-01 4.996344792164695292e-01 5.861260972769664068e-01 5.971283818906201191e-01 5.957391727508704049e-01 5.835385039294941345e-01 5.956624070781217917e-01 6.124522193335482090e-01 5.908824374693163461e-01 5.816735132553370047e-01 5.627210662636565885e-01 5.746767236009093782e-01 5.647828584715171019e-01 5.718650725807220558e-01 5.918268005549812694e-01 5.982806907565115795e-01 5.771737751026455587e-01 6.041356100821907438e-01 6.072369005254644181e-01 5.851851591557294396e-01 6.176422577307276729e-01 5.976209873419565666e-01 6.055524193675506650e-01 6.016919366777789824e-01 5.998846260991592683e-01 6.012147610964665434e-01 5.756775428905960279e-01 5.990610503233404494e-01 5.927192516560890745e-01 6.025844619882222419e-01 5.890481959547808621e-01 5.909034031867381742e-01 6.044093404193884300e-01 5.885420050329529529e-01 6.039095495923152424e-01 5.893502194686375262e-01 6.003160819079071953e-01 6.072747019849852324e-01 5.913346351315291738e-01 5.887644339025832618e-01 6.020012968277628218e-01 5.979848550973189125e-01 5.977368761686113752e-01 6.009776318301707221e-01 5.933613971229148021e-01 6.058511913583941588e-01 6.081903451503514191e-01 5.993733283402101764e-01 5.999952260102938695e-01 5.879029735272138790e-01 5.923369056005515221e-01 6.078839958430042323e-01 6.070807811448659663e-01 6.099102182037091646e-01 6.072189292664146310e-01 6.068505744412874270e-01 6.076267414276015355e-01 6.043313930312012028e-01 6.081998360255695957e-01 6.037500449443473638e-01 6.075547889968875293e-01 6.093381748373472018e-01 6.035878156542926476e-01 6.042046828397746872e-01 6.065718512243463145e-01 6.031250936006462560e-01 5.988846055745137287e-01 6.065331235699211732e-01 6.096921996825469536e-01 6.054141872732456964e-01 6.080387077214814973e-01 6.021376186431715016e-01 6.027871830576567724e-01 6.112144208567696912e-01 6.040489693634983892e-01 6.081943482435993031e-01 6.099195159494589236e-01 6.101352509836114324e-01 6.061292394211204027e-01 6.062898732331931662e-01 6.110063300406310960e-01 6.080875084009592646e-01 5.974666124074283768e-01 6.058546697512630086e-01 6.023148582752233526e-01 6.036433765774110727e-01 6.071831226842955287e-01 6.000108646270208013e-01 6.019982516443043163e-01 6.006251677205345363e-01 6.052440384522057570e-01 6.053285780045541964e-01 6.012151228850620699e-01
6.403654456122369332e-02 6.006982269438500277e-02 2.215530251363131142e-01 3.432419008666036664e-01 1.000000000000000000e+00 2.878772245980527056e-01 4.337983796156821836e-01 4.382066558509347676e-01 4.438703874287642792e-01 3.770503822596298904e-01 4.179060606245454390e-01 4.713806480596892112e-01 4.436666238774622517e-01 3.938572397250805768e-01 4.681879959282425063e-01 4.657830012131091713e-01 4.221313686977215540e-01 4.096054008136135183e-01 4.001194669993211050e-01 4.126264501526876738e-01 4.135988868448673417e-01 4.439334036735128053e-01 4.105512488781967173e-01 3.777640373578106114e-01 4.006139678566512097e-01 4.686299835022544324e-01 4.606275731499947512e-01 4.570200427943597044e-01 4.522987999322437558e-01 4.706446898131124157e-01 4.797724920086292033e-01 4.582637156341602402e-01 4.312153687203368335e-01 4.333690292242803332e-01 4.416357167015061425e-01 4.449449768061772836e-01 4.558466295103443811e-01 4.387424543373398267e-01 4.663449176279489405e-01 4.380096185806367504e-01 4.782762303282786509e-01 4.642746078442509527e-01 4.574851433679896218e-01 4.763183587204771752e-01 4.791042284021427844e-01 4.623991586207462645e-01 4.730191425333714617e-01 4.670736484536271438e-01 4.712923401908188370e-01 4.276127604392522819e-01 4.575750250200853464e-01 4.690935345791910072e-01 4.749700666665653270e-01 4.689657840787847531e-01 4.602988340008555834e-01 4.670436561232536588e-01 4.624878438523872259e-01 4.729738326107564839e-01 4.568574116830232401e-01 4.854188422783498047e-01 4.765977147735904751e-01 4.637771011594857828e-01 4.510699805403746709e-01 4.739075597471559820e-01 4.826647065248235724e-01 4.812785927825136145e-01 4.759117802016987198e-01 4.734303386913316092e-01 4.747839619624785179e-01 4.941502465966103874e-01 4.784034532098289660e-01 4.741934887935210785e-01 4.703793144503128909e-01 4.698030250840567468e-01 4.756849257397301467e-01 4.722135259467159507e-01 4.730670027696083912e-01 4.779036782283440088e-01 4.722339929768740174e-01 4.719933807210979215e-01 4.706016713119410833e-01 4.758949195544719957e-01 4.790656309276179470e-01 4.689526329380293013e-01 4.675413610453362789e-01 4.699573623277553680e-01 4.729554408221289807e-01 4.708880191917714786e-01 4.759203985190730291e-01 4.716037010338269830e-01 4.731014324535295357e-01 4.746638124071962950e-01 4.777156465464346691e-01 4.752023396954570544e-01 4.742437289561399760e-01 4.714648830907077759e-01 4.728330502600003316e-01 4.765452429293239867e-01 4.817353628517191400e-01 4.775669972446583977e-01 4.850338579155806240e-01 4.749740165356276522e-01 4.806736464007407283e-01 4.805709145133005289e-01 4.818436977636282315e-01 4.754997791547879160e-01 4.750264771369749339e-01 4.745415991044153459e-01 4.752947740500945706e-01 4.753558357899469455e-01 4.703144982589224643e-01 4.781791559754188237e-01 4.741635068994481395e-01 4.801797414938285824e-01 4.800397309939336554e-01 4.789109743619275328e-01
1.418312250224298791e-02 8.909226656244134679e-02 1.653558378256708150e-01 3.413227933143078707e-01 2.878772245980527056e-01 1.000000000000000000e+00 4.840318402732890490e-01 4.480789359802465066e-01 4.784845341285709486e-01 4.400448941606168174e-01 4.916192243470122181e-01 5.273969702311190888e-01 4.484639512809413531e-01 4.595819168851898451e-01 5.337831414711883271e-01 5.203214679923273689e-01 4.722620072944420100e-01 4.409626208846298967e-01 4.489612227480360707e-01 4.597169782541020155e-01 4.148096863556933189e-01 4.976404413020182327e-01 4.437284098631399942e-01 4.014045454859399009e-01 4.547855445631094340e-01 5.157574585055300087e-01 5.006180573101428610e-01 5.151754212843111524e-01 4.784422350838282711e-01 5.088738299201388537e-01 5.455116454012323146e-01 5.238602631898098272e-01 4.900728153278514632e-01 5.021980074323902921e-01 4.896227380903256932e-01 5.112694710855812952e-01 5.107430817341359619e-01 5.323012627806058550e-01 5.416726834006647673e-01 5.237270744690711854e-01 5.470353628798060308e-01 5.499415609000302130e-01 5.344004813279810140e-01 5.511541997683182537e-01 5.435055290712206277e-01 5.486950853631689107e-01 5.437197851768340584e-01 5.465582355642191192e-01 5.449330846224524905e-01 5.224877291684524305e-01 5.455252946851179008e-01 5.404928968257116662e-01 5.485358008926539686e-01 5.339916371038534448e-01 5.334941236257260133e-01 5.379388503575853742e-01 5.268353767016830114e-01 5.438140462774669892e-01 5.374055432473209271e-01 5.375430753684897756e-01 5.482846626946268342e-01 5.308388174336696741e-01 5.348783715367021463e-01 5.445896839737079942e-01 5.350513012474366059e-01 5.340292022603079225e-01 5.467006384942166841e-01 5.452885830599057959e-01 5.467396028536344321e-01 5.513911831297021449e-01 5.476448468859638208e-01 5.480958575676750932e-01 5.307896610936804205e-01 5.395124559201569525e-01 5.528916108302396326e-01 5.446854569460385376e-01 5.485843175313703801e-01 5.360404297081597935e-01 5.477599483788088142e-01 5.451137211743970479e-01 5.486269068975673235e-01 5.517904505976871654e-01 5.450400417906730022e-01 5.403203327810991441e-01 5.528199521594777677e-01 5.491041385523232066e-01 5.516472635607954089e-01 5.539545338186129264e-01 5.518106934656811235e-01 5.475301848244626957e-01 5.502932736785102197e-01 5.564863238900993325e-01 5.529968342393958292e-01 5.544031641940719846e-01 5.496357749705442775e-01 5.497334038142923651e-01 5.481356705390725281e-01 5.419240676617531616e-01 5.519593998253778944e-01 5.509154664488009612e-01 5.540943675509386601e-01 5.481004592971513434e-01 5.508016065669553152e-01 5.529814833535603436e-01 5.516126916133943237e-01 5.431655818594354201e-01 5.512534223321348126e-01 5.491019029762572723e-01 5.506000980063959771e-01 5.500513226080323559e-01 5.493147641912039525e-01 5.478084501870168488e-01 5.450969839915097426e-01 5.463961228962217476e-01 5.455418680108862217e-01 5.436819481318556635e-01
3.271733570280661862e-02 1.480024558890987163e-01 3.078045647194951329e-01 5.242712424973590135e-01 4.337983796156821836e-01 4.840318402732890490e-01 1.000000000000000000e+00 6.777434600042800961e-01 7.113361798122781465e-01 6.689348628553848375e-01 7.041365211381573896e-01 7.776097203046622441e-01 6.925777591446762305e-01 6.761193135412140176e-01 8.271983765451667026e-01 7.782253218417963803e-01 6.885843580129644703e-01 6.787704954199037521e-01 6.919950158147341046e-01 6.717726170447478884e-01 6.182426396089529819e-01 7.573236390584541233e-01 7.152724320560948090e-01 6.419742696451949948e-01 7.025410071880331397e-01 7.838032628561648618e-01 7.664026571115303277e-01 7.847550360483173115e-01 7.544785699768054021e-01 7.616131814223786600e-01 8.018874307245718036e-01 7.899355905629932284e-01 7.368470007721408255e-01 7.601354966341260511e-01 7.331515057245124867e-01 7.558772156685512611e-01 7.596887752406393801e-01 7.770571018945512387e-01 8.021772582103767757e-01 7.709610305130223384e-01 8.089821577973037581e-01 8.022040767099759551e-01 7.814325633807812643e-01 8.026860953109886676e-01 8.053657616087287474e-01 8.017078632713928732e-01 7.966064457099139018e-01 7.973375847804086147e-01 7.947514220579176003e-01 7.419415791999144361e-01 7.840786078367795175e-01 7.692924143199106890e-01 7.923637428435470476e-01 7.901381091293988579e-01 7.812000243629898533e-01 7.976639891637754554e-01 7.646381132333223141e-01 7.937219435112597976e-01 7.818338514951852503e-01 7.887688490064027613e-01 7.957938645546892564e-01 7.797979438516083883e-01 7.687993991617082523e-01 7.869377479520287544e-01 7.896186420480212353e-01 7.825363457508753839e-01 8.034175495692017499e-01 8.007273161573629228e-01 8.121967866497018518e-01 8.119883538201683182e-01 8.054834700000828018e-01 8.074065529709892886e-01 7.936580227081201366e-01 8.001586126018342959e-01 8.076302138702510236e-01 8.037110161670413255e-01 8.140987552756256962e-01 7.988193793166666890e-01 8.129555691858100230e-01 8.015369159848976244e-01 8.013580635866985880e-01 8.062354386056692634e-01 8.119136521530520012e-01 7.967386826946474265e-01 8.054434113064509182e-01 8.067637765236361780e-01 8.052041651689896273e-01 8.154287602322929374e-01 8.064553623880310607e-01 8.092834727761618607e-01 8.096827471531146125e-01 8.113460938116849874e-01 8.078913986268081437e-01 8.129705828891652386e-01 8.027022284985998457e-01 8.022181895156668130e-01 7.952150720032187259e-01 7.897025874198881912e-01 8.057512452559569827e-01 8.071776986379333163e-01 8.092292732868630045e-01 8.013736153295800690e-01 7.991152747088858810e-01 8.052216762100607994e-01 8.044530600020731725e-01 7.973804746199486537e-01 8.027882543171359631e-01 8.010006501879707308e-01 8.091834935299350162e-01 8.037386591716958462e-01 8.045956411700047051e-01 8.001621271799159718e-01 8.025056501079572691e-01 7.981861786914450363e-01 7.970896689718041106e-01 7.970557954159875891e-01
5.425552407467976873e-02 1.023686058338135058e-01 3.057564513320088495e-01 5.173030132746030407e-01 4.382066558509347676e-01 4.480789359802465066e-01 6.777434600042800961e-01 1.000000000000000000e+00 6.725672743112993679e-01 6.051610880461169018e-01 6.813764831509330211e-01 7.470785356368823127e-01 6.509523604198694802e-01 6.513516588977407151e-01 7.592215965921835785e-01 7.585574462993999179e-01 6.659918757729830219e-01 6.208699337354125491e-01 6.277839253255140806e-01 6.327921654018847653e-01 6.048613131503810525e-01 7.082415376265374096e-01 6.248676023354305942e-01 5.677416998999824660e-01 6.424381858634153897e-01 7.116355245698618992e-01 7.148374823325057692e-01 7.182656668368470054e-01 7.087987448285464342e-01 7.197750543223845332e-01 7.505178598500142906e-01 7.573897863968106492e-01 7.128815294655478363e-01 7.204374481963202737e-01 7.048555398494884550e-01 7.277129528650287948e-01 7.058421924464901576e-01 7.619917201028613141e-01 7.617005381435227873e-01 7.396533514718058866e-01 7.538191687221058590e-01 7.627507879727144502e-01 7.536839273442147435e-01 7.766143595154865187e-01 7.598657263964438968e-01 7.576010012355676171e-01 7.671261102398332365e-01 7.558750890696742664e-01 7.693831005444757842e-01 7.527362340143813890e-01 7.754446285668611383e-01 7.679046230771138237e-01 7.678150468342446189e-01 7.484027328234280629e-01 7.576834367770718393e-01 7.612982827111767214e-01 7.607179113002325854e-01 7.626590880985343324e-01 7.656533816398427561e-01 7.540700826769024534e-01 7.764891690127632140e-01 7.548347563440714891e-01 7.602180180711326507e-01 7.668080127434334647e-01 7.559077373358510377e-01 7.531421261648952870e-01 7.615486527976143005e-01 7.538500928813754998e-01 7.642996587883861270e-01 7.666883990186651454e-01 7.653548015658290238e-01 7.589774742945814001e-01 7.370707319114435663e-01 7.522473540467148334e-01 7.582492550697192968e-01 7.539326821918309607e-01 7.574142702863571053e-01 7.560170552704882363e-01 7.576462406893891277e-01 7.563788736318223238e-01 7.562842643090608163e-01 7.597536092169984157e-01 7.620353960476879962e-01 7.562440879124300297e-01 7.752783322511322961e-01 7.666757081499381288e-01 7.581110290119333905e-01 7.750302700644179366e-01 7.654040359866699506e-01 7.588515350817127691e-01 7.636122956212849644e-01 7.694991625263621904e-01 7.671686617812898401e-01 7.681677344922656081e-01 7.629794230552734424e-01 7.601078968953485226e-01 7.839615427490204125e-01 7.736559033343508585e-01 7.765828821612531518e-01 7.794006328107360160e-01 7.757829474464118524e-01 7.740178990503762124e-01 7.706166841690955671e-01 7.728637883861870783e-01 7.743307075258916150e-01 7.641882967197565213e-01 7.704683569019995515e-01 7.589271653149971542e-01 7.674345225806706861e-01 7.668650370313294662e-01 7.679131587407826975e-01 7.606929331247250792e-01 7.628906590191595338e-01 7.662486279412945578e-01 7.593499500820806158e-01 7.593421735116658855e-01
9.242898446913336286e-02 1.837643712896518677e-01 3.438292655396915087e-01 5.499670066923710854e-01 4.438703874287642792e-01 4.784845341285709486e-01 7.113361798122781465e-01 6.725672743112993679e-01 1.000000000000000000e+00 7.377941828410996550e-01 7.698664753959379992e-01 8.292153294129674945e-01 7.342730501775097673e-01 7.251809396962994869e-01 8.318817442446030386e-01 8.088286674708330404e-01 7.695227423951386259e-01 6.804395381330893278e-01 7.064649970180392202e-01 6.183638075207307239e-01 5.777731008067219509e-01 7.687570268395143014e-01 7.153869014264992998e-01 6.274075640973671986e-01 7.079457019162498366e-01 8.111999836756124127e-01 8.037134679037061247e-01 7.904725254244530097e-01 8.050535792543045410e-01 8.068344612984791331e-01 8.533558288221978483e-01 8.258988860837601642e-01 7.393411543119947638e-01 7.589710393903655872e-01 7.424098145255544345e-01 7.580999842917637288e-01 7.767279749503309683e-01 8.017712234893709100e-01 8.234198620812714919e-01 7.568638438533064061e-01 8.519958997420075120e-01 8.277019732900279259e-01 7.759759713998622965e-01 8.458589227541776223e-01 8.347412814290094962e-01 8.370713865517280805e-01 8.690855795814583784e-01 8.747069796905906358e-01 8.651308746816693818e-01 7.864276799886275038e-01 8.338207203401708512e-01 8.128127503139875865e-01 8.570264330718684320e-01 8.756213751655727018e-01 8.589931236637743384e-01 8.585975764872060267e-01 8.560126143101107754e-01 8.626512800200344389e-01 8.553923429061695005e-01 8.798738775004926183e-01 8.554190840613383751e-01 8.680401526676289059e-01 8.505385308503345954e-01 8.654609770481225262e-01 8.721514585832000899e-01 8.781575494313904606e-01 8.690218771165287848e-01 8.587245279672997000e-01 8.652489157267544417e-01 8.478044120876206957e-01 8.441157188539254452e-01 8.587101136657377953e-01 8.316318153458605034e-01 8.420221586277685244e-01 8.657663534753075041e-01 8.632555731527846721e-01 8.487668351306559833e-01 8.642719835429698572e-01 8.609153923591162938e-01 8.655529278904635637e-01 8.606631378233978724e-01 8.694021733108791006e-01 8.634683698855606382e-01 8.460929353578818812e-01 8.417412553981915568e-01 8.532265232820446244e-01 8.509257248685782038e-01 8.540845904319893656e-01 8.575644866237228658e-01 8.502256160828052245e-01 8.422482573733102162e-01 8.597810994573517052e-01 8.634397383464490483e-01 8.604205688287087650e-01 8.688175504147103156e-01 8.718458125760633060e-01 8.487083199812587297e-01 8.688627698616480100e-01 8.679230601111468379e-01 8.632850083124020690e-01 8.495794873002757708e-01 8.678559862648255185e-01 8.697617749295681877e-01 8.684043706176802768e-01 8.696723480154500141e-01 8.715372736775709450e-01 8.744169253754687787e-01 8.718644567590727590e-01 8.660157335414389035e-01 8.714620446891785388e-01 8.647905633122631164e-01 8.789278795203072647e-01 8.726250019206649444e-01 8.768055881335103940e-01 8.751575668438333899e-01 8.778032965958907363e-01
3.527852078793410756e-02 1.957948433088586848e-01 2.740108285709160763e-01 4.931509581585640234e-01 3.770503822596298904e-01 4.400448941606168174e-01 6.689348628553848375e-01 6.051610880461169018e-01 7.377941828410996550e-01 1.000000000000000000e+00 6.922402723984348860e-01 7.584044973938475209e-01 6.637169916887294407e-01 6.728382270100401463e-01 7.771158904382062804e-01 7.437049999641051068e-01 6.851924946533355376e-01 6.505930589365592764e-01 6.682477102876992481e-01 5.903355198900552825e-01 5.534611041479948756e-01 7.196124718792288322e-01 6.804169477385553222e-01 6.162372667609158361e-01 6.781028797389437868e-01 7.562383533565324445e-01 7.394193002881673804e-01 7.447194180101638361e-01 7.283812366536466243e-01 7.446689667782747657e-01 7.876506101471130172e-01 7.581760658457874502e-01 6.857973257155036695e-01 7.177649733492311723e-01 6.954005908165039607e-01 7.066681320999579352e-01 7.346065859322457037e-01 7.402399160956626423e-01 7.701120152542509922e-01 7.270693239853536216e-01 7.898913165082491750e-01 7.740054036878643018e-01 7.414933515993940016e-01 7.837766868596346415e-01 7.771293813617006219e-01 7.846374295380420527e-01 7.981155582947830895e-01 8.102717896450292168e-01 7.976739537807291391e-01 7.116387492765935407e-01 7.632999554081244531e-01 7.388606658561271967e-01 7.862804266044058910e-01 8.048573896582399412e-01 7.903430027713120865e-01 7.929365617468256966e-01 7.751827391456651561e-01 7.983203210534226546e-01 7.870031009643188025e-01 8.049075343685786477e-01 7.894903788845641923e-01 8.000546955208567290e-01 7.781815332572236121e-01 7.886656893343240160e-01 7.890584573255426948e-01 7.955167487112739799e-01 8.006106069781760981e-01 8.010046216400826813e-01 8.022991780339612244e-01 7.942111764250074923e-01 7.907487037198367430e-01 7.996369109877801140e-01 7.817947277738879208e-01 7.882782059423451004e-01 8.037495073973239812e-01 8.006851690094840546e-01 7.969439884746856162e-01 7.937013860090792461e-01 8.003284738174348822e-01 8.018390180830239355e-01 7.975729314423877225e-01 8.046867776908774861e-01 7.970424509582898498e-01 7.889557120997506834e-01 7.823179876720826043e-01 7.961145302239609478e-01 7.934040055488182919e-01 7.983268146660692510e-01 8.002065362215121658e-01 7.946354075616910428e-01 7.903639238210083962e-01 8.017391370901850722e-01 8.000987467422043808e-01 8.033865918020187680e-01 8.056287623794664565e-01 8.075795571661438244e-01 7.818423045786911940e-01 7.859101600185046665e-01 8.011145353853906803e-01 7.958043663903394682e-01 7.922857800151580365e-01 7.992682829589961013e-01 8.012970213945969089e-01 8.015894177400688658e-01 7.975333327868598943e-01 8.010190045113274593e-01 8.036526947984263813e-01 8.058169937786078263e-01 8.052009776395738783e-01 8.040630551816738691e-01 8.022422623306738609e-01 8.082721192278082833e-01 8.092011211883232136e-01 8.028553005560048472e-01 7.999917631736340740e-01 8.052614701999906144e-01
3.176832217197784330e-02 1.483849339816606938e-01 3.380288052311896108e-01 5.496870405547853444e-01 4.179060606245454390e-01 4.916192243470122181e-01 7.041365211381573896e-01 6.813764831509330211e-01 7.698664753959379992e-01 6.922402723984348860e-01 1.000000000000000000e+00 8.401314527914326424e-01 7.221097812502221824e-01 7.300329900824147344e-01 8.366930910740943972e-01 8.171844922222208929e-01 7.329037765368748847e-01 7.013413157010347510e-01 7.191066055003978441e-01 6.314199364433460415e-01 6.118211124242760590e-01 7.753320998159786148e-01 7.334237643011786156e-01 6.457959019812119505e-01 7.191060610035552303e-01 8.144588710934460574e-01 8.140684975416183633e-01 8.122625351585631703e-01 8.026249081341568781e-01 8.194609091693865199e-01 8.585044591600649033e-01 8.259753983627234897e-01 7.767235463179731347e-01 7.887245480455715718e-01 7.852614836909078688e-01 7.801367071836800005e-01 7.985437506044339440e-01 8.302513896340286692e-01 8.457231746308749853e-01 8.039180038068184375e-01 8.580771303145159346e-01 8.523231146975466244e-01 8.194949706831358149e-01 8.628802915931519379e-01 8.453251838314961297e-01 8.562994060787016970e-01 8.657647196724812533e-01 8.652109688767154472e-01 8.668810108466243891e-01 8.150915156784759308e-01 8.522459482654500817e-01 8.321170245623261685e-01 8.607466968190055079e-01 8.577232182836109775e-01 8.558157541496727028e-01 8.595122008516427048e-01 8.434052968534544448e-01 8.597781892657870850e-01 8.561237213022298009e-01 8.603022655284842113e-01 8.662535235779382781e-01 8.575072738972276953e-01 8.515929590707768115e-01 8.608569933837556531e-01 8.500935262504968337e-01 8.554273193989645474e-01 8.622866127413179038e-01 8.594113630079937005e-01 8.643236643678423592e-01 8.541035449653175959e-01 8.566492785971105972e-01 8.630621647414666864e-01 8.405870508226428450e-01 8.508084484527403957e-01 8.686199772648220963e-01 8.668638054524907544e-01 8.613769264705201101e-01 8.637385791978735572e-01 8.648172954990868133e-01 8.689178597464087828e-01 8.640882296542334862e-01 8.693044459127933221e-01 8.594066562790269037e-01 8.604491976329876612e-01 8.618768997841307344e-01 8.633451242985791252e-01 8.575768802123082679e-01 8.667433571007719939e-01 8.673407730803081028e-01 8.569813190612672882e-01 8.583461797842860674e-01 8.698966506766827589e-01 8.675312728448244526e-01 8.689964489188789498e-01 8.679889195994788809e-01 8.696670966872621644e-01 8.653640075470784288e-01 8.601280430803013299e-01 8.724764054112890133e-01 8.695778353523906379e-01 8.669948628758722409e-01 8.697904830778950824e-01 8.687510002598680670e-01 8.708205095029932785e-01 8.683302799545039585e-01 8.615905291731407178e-01 8.709783083987492347e-01 8.674552951214833385e-01 8.696190643018191224e-01 8.678715585938171495e-01 8.667330417370021634e-01 8.676465403786153274e-01 8.654735511785496271e-01 8.684135567462568650e-01 8.619834514561856009e-01 8.643155877482688876e-01
2.408459782704538629e-02 1.547765670876522781e-01 3.592411356850548909e-01 6.096964010971541725e-01 4.713806480596892112e-01 5.273969702311190888e-01 7.776097203046622441e-01 7.470785356368823127e-01 8.292153294129674945e-01 7.584044973938475209e-01 8.401314527914326424e-01 1.000000000000000000e+00 7.840463530583029472e-01 7.992635160425195506e-01 9.111013252048418831e-01 8.896841529072040400e-01 7.961520200593054097e-01 7.402439317030252708e-01 7.694087705282158796e-01 6.911134415380711937e-01 6.729756344756062658e-01 8.364495890511932652e-01 7.711757538746665253e-01 6.873644557708696867e-01 7.718517185511163392e-01 8.751401495824132626e-01 8.776606426716183629e-01 8.755527778362841573e-01 8.636592058567235108e-01 8.832207278842043596e-01 9.265731260695436733e-01 8.878321668698943014e-01 8.334623074118916453e-01 8.454949556655189102e-01 8.446882646904499969e-01 8.551781219471482620e-01 8.673942449485645412e-01 8.954233531906461430e-01 9.101194349953376506e-01 8.670767946846983376e-01 9.190910953178723641e-01 9.201600718588393013e-01 8.850817185295720702e-01 9.315411162270299528e-01 9.154101526366510422e-01 9.207873122322755011e-01 9.336027540263757141e-01 9.329342395089518236e-01 9.339376963399519394e-01 8.746763628658629219e-01 9.192445972906977403e-01 9.009079296445592355e-01 9.256696974512935716e-01 9.250211227402450609e-01 9.211505165022781938e-01 9.259351170115083240e-01 9.141438779186792374e-01 9.292415297524829754e-01 9.249117970320719362e-01 9.297254963623260426e-01 9.364356964203467415e-01 9.251365911622934091e-01 9.190206820542707877e-01 9.316344735392240173e-01 9.193961351672580440e-01 9.263234955849828367e-01 9.325868642831788291e-01 9.242730325131757185e-01 9.293484928273582080e-01 9.232865777710390631e-01 9.234451675486199385e-01 9.289761852003283193e-01 9.004233027278644164e-01 9.139702796254265404e-01 9.341996824811984457e-01 9.322477385569123420e-01 9.273219983146760992e-01 9.305297167919579504e-01 9.297110825193011241e-01 9.326165389886489354e-01 9.320660706124062056e-01 9.375560858327800506e-01 9.286975898292658682e-01 9.244126061571436015e-01 9.287259310695850090e-01 9.277884512135826656e-01 9.289915742666493559e-01 9.347634608829852310e-01 9.336805821816370754e-01 9.237463051224890087e-01 9.290267773466609480e-01 9.386655225978076666e-01 9.371804575767486156e-01 9.371012748090675748e-01 9.380011761633406664e-01 9.368567853317792959e-01 9.346213007994438327e-01 9.307346446827408082e-01 9.413551275861756773e-01 9.390398367486907372e-01 9.351430686950856774e-01 9.388868085928397944e-01 9.386632525044227293e-01 9.406928559671188239e-01 9.383919152928409391e-01 9.309627526498414074e-01 9.397676682979906326e-01 9.352194775326665432e-01 9.365125237293322469e-01 9.376256226782911929e-01 9.345487768089026925e-01 9.356560498401234049e-01 9.339564108787682395e-01 9.381157195541975913e-01 9.333260437137851362e-01 9.339604698044086106e-01
3.832269459368174008e-02 1.469373041612323794e-01 3.323612279466267583e-01 5.269796393432534254e-01 4.436666238774622517e-01 4.484639512809413531e-01 6.925777591446762305e-01 6.509523604198694802e-01 7.342730501775097673e-01 6.637169916887294407e-01 7.221097812502221824e-01 7.840463530583029472e-01 1.000000000000000000e+00 6.838595603214344676e-01 7.984454323964024214e-01 7.815234485230132533e-01 7.021611489604351330e-01 6.528339145782443564e-01 6.702516913537621690e-01 6.248267923676417146e-01 5.963750757032593164e-01 7.345474532155729097e-01 6.843774447585226905e-01 6.042499192149816123e-01 6.745846880264542156e-01 7.754211583528549667e-01 7.691931743061070081e-01 7.685158283432719228e-01 7.528077254644323091e-01 7.741216310034090275e-01 8.062001388090762610e-01 7.785297915917713807e-01 7.237150648181825963e-01 7.269878184575737645e-01 7.353075747834474374e-01 7.382522154266584202e-01 7.544408579123783598e-01 7.685636595360786361e-01 7.895405999678122289e-01 7.483622869632501340e-01 8.074476865400715964e-01 7.993914866882322334e-01 7.593003100466041433e-01 8.099731499386876310e-01 8.034829919461703440e-01 7.954006412378759050e-01 8.184296937415176387e-01 8.161774088764636170e-01 8.122772616088107522e-01 7.428994267504775983e-01 7.868005846548452586e-01 7.757350295503647741e-01 8.088781487123722913e-01 8.133691801384670406e-01 8.029044809521330706e-01 8.089323495016801369e-01 7.933906473540391913e-01 8.127884732345207475e-01 7.992264959613541997e-01 8.219763057527286199e-01 8.100815568814138112e-01 8.070416442452643668e-01 7.911118518704063352e-01 8.105500024670083681e-01 8.133471644950888146e-01 8.145598809649935435e-01 8.188835820238489216e-01 8.114711374080576523e-01 8.188170790854412129e-01 8.173255877012178816e-01 8.102076235039724628e-01 8.142687868374902660e-01 7.920007550124106288e-01 8.026624238597979133e-01 8.204077629800736737e-01 8.177594842799109642e-01 8.121924116316154851e-01 8.142502198035803662e-01 8.142849602368146256e-01 8.180819016967745272e-01 8.160880749364121112e-01 8.207790819205358357e-01 8.185436621650563627e-01 8.114511227943407290e-01 8.071585044248464902e-01 8.092846265855682120e-01 8.116377220409025650e-01 8.153303229334856184e-01 8.160836815071861317e-01 8.119021460709825444e-01 8.116694774600735629e-01 8.211293725155902612e-01 8.194961069292028277e-01 8.185448102049756036e-01 8.224931420071804888e-01 8.215882777710967755e-01 8.094679747989201868e-01 8.142053694142686870e-01 8.223311555261304528e-01 8.197958431719616357e-01 8.142327503541946232e-01 8.192020090686784606e-01 8.232145440002497372e-01 8.241100375504573083e-01 8.202337477025480883e-01 8.174460714536776473e-01 8.226650757047827556e-01 8.215916302638434088e-01 8.221465022251394084e-01 8.234888001017801606e-01 8.189778491993980891e-01 8.256300980696277270e-01 8.209811277363054938e-01 8.223455406361814823e-01 8.204564265809352053e-01 8.225647975733350048e-01
