1.000000000000000000e+00 2.627773731474499774e-01 2.669848688018430782e-01 9.066912936291390834e-02 1.259525911753785476e-01 5.007679312354121337e-02 4.002609274351567881e-02 6.508446981346997784e-02 2.331009633005239612e-01 1.088289561172362530e-01 1.402078214279961765e-01 6.322486711087972611e-02 2.264368735410008868e-02 -7.705854718163875072e-02 -3.069828530553805890e-03 6.559400299656388544e-02 2.395350588491159671e-01 3.403638195292283397e-01 3.123640725230575343e-01 1.477726964794665865e-01 2.185868630686755576e-01 2.537818236466456434e-01 3.403458810527787426e-01 3.083972187743967974e-01 2.485261473338095939e-01 2.383402870455326172e-01 2.294650402327814420e-01 2.916165846629292790e-01 2.842916522182922789e-01 3.292958035958709617e-01 2.973496473595410028e-01 2.196024028049934074e-01 2.732570605394424312e-01 2.194511349999783423e-01 2.907284984431072750e-01 2.327607069947109919e-01 2.876158529039234413e-01 2.038338573880279780e-01 2.097321325060396147e-01 1.670737506121096339e-01 1.025009061454277282e-01 1.090128526526725761e-01 1.448729353581171830e-01 1.109412168387872849e-01 1.475320659430549020e-01 1.961104593978160449e-01 3.661426841745096111e-02 7.820590501593045751e-02 7.413590259114627434e-02 1.131958736556055167e-01 1.191741364038569617e-01 3.810164059502151729e-02 7.838486934446826926e-02 1.265842709969587365e-01 1.464650283079131643e-01 1.691700659999739176e-01 1.227168794360826570e-01 9.607869886530398529e-02 1.097346705874854139e-01 8.295360557648086275e-02 7.726501723562109736e-02 1.154307310727363950e-01 8.592228748294457319e-02 9.867443083766894163e-02 1.088022503858054185e-01 1.020186287088576116e-01 6.373501647949081361e-02 1.216857019466413697e-01 1.394033097937250887e-01 1.104986470740249721e-01 9.565599778149304344e-02 1.205171804604199259e-01 1.522608804882899514e-01 1.164044310726637665e-01 9.934647596443312023e-02 9.778781938117979411e-02 9.458428265931265178e-02 1.187954998205968254e-01 8.359106508830270454e-02 1.408118268213043589e-01 1.331636060919655917e-01 1.346977623065283569e-01 1.186578499209641341e-01 1.236231086090791159e-01 8.231664638980693005e-02 1.116499663377300416e-01 1.294603924831777830e-01 5.965595988354571722e-02 9.285437951100701526e-02 8.941661474423336087e-02 8.370665403341476241e-02 3.973976767084073242e-02 6.551464579143227718e-02 7.234508651750129471e-02 1.348883529183025204e-02 3.906805320527147185e-02 1.936412822667600217e-02 6.985152120866217063e-02 4.124226047137907053e-02 4.080740394288460277e-02 3.499917792994016591e-02 3.611992126083466564e-02 4.358616479139858224e-02 4.216442775482185518e-02 4.575104424909182121e-02 6.531354256965096750e-02 4.335440408922645872e-02 4.307868723505461211e-02 6.915740261788909382e-02 4.812956675886675278e-02 4.950304261224269808e-02 4.469972486056809219e-02 5.277077725757307880e-02 4.763362667943786544e-02 5.352320964815912574e-02 4.792996338626091118e-02
2.627773731474499774e-01 1.000000000000000000e+00 1.464479571035878780e-01 9.069834308489391206e-02 1.423020500035687974e-01 9.366459866314658100e-02 1.455505108740283715e-01 1.614756499526672495e-01 2.480548122289013280e-01 2.258407019535959570e-01 1.843836453884291071e-01 1.435406580043346314e-01 1.184179684305052827e-01 1.087187821025296930e-01 1.437547376290078394e-01 1.631612533299389711e-01 2.169649581320048370e-01 1.788491672748275807e-01 1.749060241495961621e-01 9.719880216829045183e-02 1.152226356593073625e-01 1.644519941769383431e-01 2.288077773310679131e-01 1.784671025983637360e-01 1.659647751246406955e-01 2.340535601454297732e-01 2.175032685327386861e-01 2.378291375357391435e-01 2.410908628777958806e-01 2.509228253313824375e-01 2.359298979051607792e-01 2.185435961910240921e-01 2.455182708635557376e-01 1.885888393128752338e-01 2.418725467554890263e-01 2.002146737956911338e-01 2.271343942191876852e-01 2.283603225986267637e-01 2.207013897789387724e-01 1.897222413738514357e-01 1.887674925539117865e-01 1.912404898330397063e-01 1.862918078891508400e-01 1.962699964183334811e-01 1.899041278935271471e-01 2.316088104021113425e-01 1.607522491138691778e-01 1.877065511151964350e-01 1.780101694558268721e-01 1.697063030566910158e-01 1.790177764047157505e-01 1.125297329015673004e-01 1.651761518638928949e-01 2.124817566726780738e-01 2.127219769165757945e-01 2.170423630570254281e-01 1.910790066422722866e-01 1.899824145788342744e-01 1.988342407435143289e-01 1.816095577508442249e-01 1.705301493398128643e-01 2.065741519160078088e-01 1.883746269557647901e-01 1.913751971579374933e-01 1.753017740960355619e-01 1.863841355676690292e-01 1.704685006156796967e-01 1.739885189537140331e-01 1.979268131554904331e-01 1.669065558384291437e-01 1.570963599857713167e-01 1.730771581491099553e-01 1.859598165131872427e-01 1.690806783194282736e-01 1.914461147672762986e-01 1.887289568578238430e-01 1.844101897135341506e-01 1.975382458111131778e-01 1.781594472531425333e-01 2.033934388468562615e-01 1.923850288835056432e-01 1.962923935149759602e-01 1.906665330498053812e-01 1.929817240192168437e-01 1.750345466866552457e-01 1.769078979216648084e-01 1.884776847544971101e-01 1.777263269954835190e-01 1.833881900663816289e-01 1.859107383933824575e-01 1.731019583485440549e-01 1.663351321071893374e-01 1.697042729675034278e-01 1.759739198123048132e-01 1.573389575042595245e-01 1.706511349859378968e-01 1.472391928697786845e-01 1.608246703093507979e-01 1.598442783110519405e-01 1.630041011913203608e-01 1.489244872327397107e-01 1.598454311819698104e-01 1.574325520202688178e-01 1.667541920249374920e-01 1.504600721696759402e-01 1.678817572939687586e-01 1.685294105036799217e-01 1.742789594893530136e-01 1.775046295738113844e-01 1.733961160549338243e-01 1.728328580903947254e-01 1.674737322199179312e-01 1.726138624287619772e-01 1.667198653621187188e-01 1.598974389992701139e-01 1.636676757749434552e-01
2.669848688018430782e-01 1.464479571035878780e-01 1.000000000000000000e+00 4.533492311273464859e-01 3.471640093431204166e-01 2.891277689354764813e-01 4.040928759487288913e-01 3.940700668455227040e-01 4.254628709990606050e-01 3.379254499788187927e-01 4.533297847758959720e-01 4.573349691325735988e-01 3.635710016397171729e-01 2.765547648624664956e-01 3.765777952585572241e-01 4.231137176408639178e-01 4.173451454566094454e-01 4.457092568153269707e-01 4.822952763444610658e-01 3.325911712120990238e-01 4.704145046345741266e-01 5.141863589203606866e-01 4.513403754538748980e-01 4.635282147697137312e-01 4.752317001143395170e-01 5.005382711093393500e-01 5.089877703099942030e-01 5.254009906304751842e-01 4.850636722289882186e-01 5.277517771913360356e-01 5.554377280140117001e-01 4.359082212989035532e-01 4.666988047755030178e-01 4.334698763252235465e-01 4.819919440150220447e-01 4.908038383355253220e-01 5.019210391835389196e-01 4.651397425167617672e-01 4.966907794776704299e-01 4.847575554167526390e-01 4.316135419510909177e-01 4.534745653145384470e-01 4.831469519231749166e-01 4.505525447690683083e-01 4.679695492901343457e-01 5.050015862424916957e-01 3.756071801007822564e-01 3.898784141132590197e-01 3.779746167760922315e-01 4.127613507393183556e-01 4.337961670825574712e-01 3.955282560279039794e-01 4.206484460768045164e-01 3.952052704201676758e-01 4.122222222997643515e-01 4.346079624939012120e-01 4.117633586691485381e-01 4.287905264452878118e-01 4.169388584211697335e-01 4.137908317875705344e-01 4.044170650014564106e-01 4.293058866160502363e-01 4.110250683803206018e-01 4.182668641488262451e-01 4.147116326498195837e-01 4.077782082428216825e-01 3.870884932099191156e-01 4.261598443053589702e-01 4.212282390629785156e-01 4.280257327887168062e-01 4.511609088260496447e-01 4.432521025427707539e-01 4.371679065356572358e-01 4.370561325048187284e-01 4.322349986821302781e-01 4.327871431647505873e-01 4.343452343849706909e-01 4.287670280225092667e-01 4.303534191079178561e-01 4.507368570419644227e-01 4.393620745529105975e-01 4.641111608844246117e-01 4.169309926260676424e-01 4.296035529820263488e-01 4.031923179757875286e-01 4.116928969508124592e-01 4.340450029401856091e-01 4.030331673858025821e-01 4.287021976652914956e-01 4.107308744730630568e-01 4.329711481278539775e-01 3.959871541251236415e-01 4.140392885276162338e-01 4.235001608338859191e-01 3.656076007484906909e-01 3.777417259688363171e-01 3.845797724752493818e-01 3.817532142419339802e-01 3.825726090604402718e-01 3.876652988317073611e-01 3.953301726853626907e-01 3.832132132669537894e-01 3.879853709448316534e-01 3.962451384652559971e-01 3.944041024323657330e-01 3.874308067128137134e-01 3.663246338632993870e-01 3.705217658050367624e-01 3.936222041717369891e-01 3.965053954546698400e-01 3.951985238984154769e-01 3.865532952071016881e-01 3.947597804926510356e-01 3.825724301989388287e-01 3.780072670017161074e-01 3.783075624537055037e-01
9.066912936291390834e-02 9.069834308489391206e-02 4.533492311273464859e-01 1.000000000000000000e+00 4.304372561391719976e-01 4.260690694627110586e-01 5.605728392472775212e-01 5.735457955177356570e-01 4.626730260736204303e-01 3.928287359345168372e-01 5.763322588528577706e-01 6.856571832448458137e-01 5.204722522091247416e-01 4.657027057496980205e-01 5.475341769292052518e-01 5.832122335567366811e-01 4.191564834289840391e-01 3.896657011184823660e-01 4.711148534814805222e-01 4.213599846063887933e-01 5.239467671419077988e-01 5.812635848629646995e-01 4.047626175972137141e-01 4.635019318337682548e-01 5.005836127917976386e-01 5.772905447622045383e-01 5.727051241304255136e-01 5.326779419315433861e-01 4.425788281710251737e-01 5.078256499131453827e-01 5.664985509421704979e-01 4.828149198674701603e-01 4.315674997008795422e-01 4.854730350444803610e-01 4.654097604460519233e-01 5.513578249313492163e-01 5.360032263107258332e-01 4.917912477196674237e-01 5.452427507107614479e-01 5.874179397429029059e-01 5.502944213502000137e-01 5.702134065765787074e-01 5.921329133428060443e-01 5.579693302090849016e-01 5.655923560734839040e-01 5.500117314197574547e-01 5.070235300796025468e-01 4.999360374169941612e-01 5.007026706956865247e-01 5.279409838039965663e-01 5.500324779962589838e-01 5.832020919017040228e-01 5.622257120327480706e-01 4.606090523938803361e-01 4.790355003159650349e-01 5.034874502353062775e-01 5.014295932483869844e-01 5.361764415704267650e-01 5.033883839420824069e-01 5.349755679757532967e-01 5.233614163839295230e-01 5.049360390132026088e-01 4.996850092573929536e-01 5.055063748692988357e-01 5.156757128245031963e-01 5.223087808371674745e-01 4.986978513815837344e-01 5.155816978622701496e-01 5.048863454447249932e-01 5.426978855146313840e-01 5.687602706734148361e-01 5.459419665366648244e-01 5.178758379516305022e-01 5.536122507341325605e-01 5.543584276929133248e-01 5.425884254531684325e-01 5.381171453105897395e-01 5.070534183246631077e-01 5.422261925052591636e-01 5.282257619785510894e-01 5.236361457229151695e-01 5.550950679699577783e-01 5.045628171507361426e-01 5.083286485972480229e-01 5.260772854817321598e-01 5.208693505504580212e-01 5.364195690636851532e-01 5.209474323778108262e-01 5.416090806516230538e-01 5.161836223578326610e-01 5.636424814563344432e-01 5.330238675805126780e-01 5.402770468362879663e-01 5.490967844806767806e-01 5.052388796208455712e-01 5.049705851691664860e-01 5.476284975496944485e-01 5.081018604136816608e-01 5.177550414187026551e-01 5.311891407742365123e-01 5.537057730339600692e-01 5.235021499160185110e-01 5.351646299468671986e-01 5.326077334253473961e-01 5.454936843094158050e-01 5.023202039183636280e-01 4.968971208161486186e-01 4.818632648366597548e-01 5.015377833248199080e-01 5.177934766671894451e-01 5.072734358482433592e-01 5.140103299075713394e-01 5.140036889152962418e-01 5.087689037729671293e-01 5.008015233707457936e-01 5.083283861967266004e-01
1.259525911753785476e-01 1.423020500035687974e-01 3.471640093431204166e-01 4.304372561391719976e-01 1.000000000000000000e+00 3.618292341035305726e-01 4.843063864468704072e-01 5.074140600327126105e-01 4.945626440556147863e-01 4.203976644213817671e-01 4.981214059758584112e-01 5.357481688134178022e-01 5.156522565648483658e-01 4.240477181366965609e-01 5.007847374600931101e-01 5.460158384669172582e-01 4.401172142650018881e-01 3.847971220021442207e-01 4.511671066917222195e-01 3.703430326024428898e-01 4.309350872828452972e-01 5.023366004849260102e-01 3.802957228543090706e-01 4.209944111771479758e-01 4.631324684424943938e-01 5.138016502339697311e-01 5.093955950280474321e-01 4.825577063697489288e-01 4.157552705026378304e-01 4.902408223405743115e-01 5.062576512063952094e-01 4.658574393051074236e-01 4.230799403070338305e-01 4.643421783475799591e-01 4.586366569289884176e-01 5.232310438398134478e-01 4.950903489442409766e-01 4.702236962377954743e-01 5.033055525550058640e-01 5.060166425487387931e-01 5.195359024669405912e-01 5.268498002724667506e-01 5.504039703751218982e-01 5.302897951182805603e-01 5.259690044533442688e-01 5.141725915307331363e-01 4.948610596108063975e-01 5.012248550225514299e-01 4.978627733589663373e-01 5.050244174058533542e-01 5.178656063919144792e-01 5.242030434662411364e-01 5.292990191169308911e-01 4.818459428470209804e-01 4.971576445624972806e-01 4.855746447023074897e-01 4.906781349180399099e-01 5.165397136990723670e-01 5.012430397410820859e-01 5.153726566454966962e-01 5.141343536978453255e-01 5.015935883251179117e-01 4.977029588104369684e-01 5.022563747119066502e-01 5.025973407327630760e-01 5.034987844977321103e-01 5.000277046245967805e-01 5.077999428700937790e-01 4.946796287519658053e-01 5.146580353462574253e-01 5.288240042173562028e-01 5.213647610709502001e-01 5.055057218706106026e-01 5.169811228135492431e-01 5.190210482150767746e-01 5.172049038922578168e-01 5.129916625278638787e-01 4.866112393517117996e-01 5.120466636220286638e-01 5.168855921282750066e-01 5.011703100466443628e-01 5.187036392343455926e-01 4.900689289856061670e-01 4.976986547121906024e-01 5.056300930237787039e-01 5.052758407003420382e-01 5.074116213612707149e-01 4.995007187760406309e-01 5.098401376262986506e-01 5.004947393254184362e-01 5.154782343164521219e-01 5.115353080152044152e-01 5.115988738009445980e-01 5.148426812222686166e-01 4.927133718238654869e-01 4.984828846697578197e-01 5.098036151835558805e-01 4.999139536834937281e-01 5.045652008230336882e-01 5.058214277648429569e-01 5.161373984536210546e-01 5.026600484341484654e-01 5.116161741018542264e-01 5.117469800756706544e-01 5.163445075423677144e-01 4.929211532751122116e-01 4.913708730966661609e-01 4.890126854077748164e-01 5.011983942504575351e-01 5.025572904487743964e-01 4.971875440609211383e-01 5.020438205578691138e-01 5.008887401845708576e-01 4.982154644399249821e-01 4.914130679384778322e-01 4.940426048831421668e-01
5.007679312354121337e-02 9.366459866314658100e-02 2.891277689354764813e-01 4.260690694627110586e-01 3.618292341035305726e-01 1.000000000000000000e+00 5.441469625087572703e-01 5.309649252291385180e-01 5.384666973020002523e-01 4.916984738412253919e-01 5.807223861683372679e-01 6.082491917231173106e-01 5.380676465299398803e-01 5.442636196842441931e-01 6.034347655082654693e-01 5.913774682102238556e-01 5.289603471692342351e-01 3.910377908824002047e-01 4.572285354411642078e-01 3.718893721229658000e-01 4.330497472507258694e-01 5.204070508367969472e-01 4.273527815403440622e-01 4.472831149254061778e-01 4.898563453588085648e-01 5.549898150676456643e-01 5.784510761466327144e-01 5.505684804323509596e-01 4.762834625072422390e-01 5.278635112867289259e-01 5.678232062623409515e-01 5.705880101186051601e-01 5.247887405627056356e-01 5.527895663473167964e-01 5.391832553939152062e-01 5.914301676585165257e-01 5.680588209694211743e-01 5.707579276356750109e-01 5.966297711363872658e-01 6.040408917133521793e-01 6.175107904855748897e-01 6.219627982273129296e-01 6.166685465271896094e-01 6.282705964684033306e-01 6.237957690693706203e-01 6.051151939182358719e-01 6.110327989331064691e-01 6.144618914798944953e-01 6.052516170540194196e-01 6.055872297723828845e-01 6.089278295179038070e-01 6.008443283472656438e-01 6.225045959504262871e-01 5.878136740417090333e-01 5.907465273664347372e-01 5.949317742345507920e-01 6.025147479653714111e-01 6.177512068761829012e-01 6.019273662470305819e-01 6.221505930791718653e-01 6.158751138048029761e-01 6.073625436307671377e-01 6.018289922848060192e-01 6.108688893127862674e-01 6.073547750147206825e-01 6.152916033545372532e-01 6.142724955894474093e-01 6.088553250896636682e-01 6.009396329672429538e-01 5.922974297263315924e-01 6.183396891090420233e-01 6.185845064290809159e-01 5.949843474009595123e-01 6.066290970233098045e-01 6.216041012600133087e-01 6.245986918247029562e-01 6.207846101683117679e-01 5.961853286592244672e-01 6.183372796766180013e-01 6.111294395514575983e-01 6.092184242823284190e-01 6.225064676280613885e-01 6.074750601068394928e-01 6.094980315648474978e-01 6.149779321008211896e-01 6.110695837415880405e-01 6.170981709306972984e-01 6.201895260127987530e-01 6.232735415158852099e-01 6.141626842437936107e-01 6.295469384810008506e-01 6.266436857238547598e-01 6.286799140766955452e-01 6.261955118120319241e-01 6.170652353862379202e-01 6.190066286921183103e-01 6.243221479849390132e-01 6.051491799645397629e-01 6.169763805457758599e-01 6.211006112427586157e-01 6.255255361132628922e-01 6.185671811805416587e-01 6.214571562012111139e-01 6.240502801561713664e-01 6.262227884118598542e-01 6.069110547082732232e-01 6.111225710983037018e-01 6.103619163299949246e-01 6.128882753558266838e-01 6.210217553967189996e-01 6.186074703284838439e-01 6.209247906838303299e-01 6.165340065605363629e-01 6.149399997379596527e-01 6.115649759981148792e-01 6.153645590428029610e-01
4.002609274351567881e-02 1.455505108740283715e-01 4.040928759487288913e-01 5.605728392472775212e-01 4.843063864468704072e-01 5.441469625087572703e-01 1.000000000000000000e+00 7.614281631520198879e-01 6.803151136850947855e-01 6.487937917089333650e-01 7.285508747731266332e-01 7.794826829748147112e-01 6.953656455231489453e-01 6.780147903499589290e-01 8.327302623178450824e-01 7.942696490808505150e-01 6.508605612220959014e-01 4.579609478065278516e-01 5.609964827547472277e-01 4.542355343085708319e-01 5.399788507257939907e-01 6.343723516809444130e-01 5.138315470271250796e-01 5.489408787814098467e-01 6.065147957506792364e-01 6.986054215216638275e-01 7.022892100513378200e-01 6.804439154920214339e-01 5.735114018056227669e-01 6.495504611862418232e-01 6.910571151456366135e-01 6.959474613033433954e-01 6.467562569088496360e-01 6.915960724790118919e-01 6.551434278341502493e-01 7.333064824897558287e-01 6.833497289705199318e-01 7.238135941070080737e-01 7.594475934761827363e-01 7.607863188895208628e-01 7.781955217306804062e-01 7.922667288635452110e-01 7.748520582523800160e-01 7.856561880080519256e-01 7.747045872755166096e-01 7.590915799678799036e-01 7.642176724774885077e-01 7.604939595654048867e-01 7.464258846809872505e-01 7.406321336120941234e-01 7.575419317779522599e-01 7.441815255891431891e-01 7.693389365885289211e-01 7.243635138086522707e-01 7.187981764111222027e-01 7.329416836077460307e-01 7.374647218023152595e-01 7.685295788602816147e-01 7.474600571772540558e-01 7.720496345677054784e-01 7.586208239323312119e-01 7.535417337130634330e-01 7.529569409842892247e-01 7.682762357835430933e-01 7.548970458485858570e-01 7.559796232899663737e-01 7.650541105259982544e-01 7.502356845807879315e-01 7.449535263297863974e-01 7.387642761489584542e-01 7.667116116693935002e-01 7.608465221397617828e-01 7.402418688836523986e-01 7.561650722179643624e-01 7.737566686970286378e-01 7.724739092774172144e-01 7.771246460259161326e-01 7.261446731793800291e-01 7.708281729423127615e-01 7.570914930060291814e-01 7.531914856835094652e-01 7.702407252314845687e-01 7.584656289727896850e-01 7.582779531584313837e-01 7.735338059949005141e-01 7.670880949298142237e-01 7.633468714960122137e-01 7.863247089127851641e-01 7.862442837618731639e-01 7.717032185137706612e-01 7.954443896902011479e-01 7.867151465505856089e-01 7.811037052548529536e-01 7.889409417168519179e-01 7.704669592118731369e-01 7.701572224519518395e-01 7.855956205370626666e-01 7.423017201300140533e-01 7.652365640694224203e-01 7.800522220745960134e-01 7.841468047530764096e-01 7.712811282349336661e-01 7.736021759032654099e-01 7.850605115255073763e-01 7.798718163069006115e-01 7.521128711157619717e-01 7.575011892616022591e-01 7.581809347505460428e-01 7.634626186168008699e-01 7.762728057469767684e-01 7.746492601934649169e-01 7.708244093058763680e-01 7.704885500937505016e-01 7.682709072381082027e-01 7.617340916458652522e-01 7.616253237036499923e-01
6.508446981346997784e-02 1.614756499526672495e-01 3.940700668455227040e-01 5.735457955177356570e-01 5.074140600327126105e-01 5.309649252291385180e-01 7.614281631520198879e-01 1.000000000000000000e+00 7.093053278707460718e-01 6.552788339069042234e-01 7.379542747137651792e-01 7.905611078102254830e-01 7.180329314844426936e-01 6.789093994137443966e-01 8.157112505111746570e-01 8.392957236890423722e-01 6.531751858827602453e-01 4.727460626843568714e-01 5.718477341506358336e-01 4.731531109780614530e-01 5.357879073946103521e-01 6.359530092916448885e-01 5.279556336559060314e-01 5.519313367707914253e-01 6.081339531857151703e-01 7.178779734570832627e-01 7.045481955665264806e-01 6.874661004425023370e-01 6.054043613485070585e-01 6.478826816083322893e-01 6.894050983096439156e-01 7.149462589731332418e-01 6.565074721046363360e-01 6.980935515143554815e-01 6.630208646833680719e-01 7.388180928351089083e-01 6.987847193968693693e-01 7.445815614408047844e-01 7.639659787367489852e-01 7.700790180163746834e-01 7.858740213047936685e-01 8.027564486025884349e-01 7.966987571202811536e-01 7.994093620921899346e-01 7.861550296174724117e-01 7.708793674194562850e-01 7.812480441563132150e-01 7.790627577824579264e-01 7.798164009350657677e-01 7.685947433928974615e-01 7.827865035306450503e-01 7.658522392536896151e-01 7.942704292825782941e-01 7.527959484210580143e-01 7.533744118287702962e-01 7.555414230990883384e-01 7.690509451209625036e-01 7.949008003568499570e-01 7.794536239457933169e-01 7.920398921389089075e-01 7.870843126559593506e-01 7.805575877481463198e-01 7.808815649310058005e-01 7.862608408671335480e-01 7.734044676299703935e-01 7.820974152645803201e-01 7.783074079703583559e-01 7.645152692823338203e-01 7.654273693485281749e-01 7.580483043815815503e-01 7.747342493752208403e-01 7.766710587531990839e-01 7.520795009341693094e-01 7.701095706295852938e-01 7.929479756075109576e-01 7.856466707532802074e-01 7.887915020571726332e-01 7.561858982327097634e-01 7.879244801223098671e-01 7.679184277506865275e-01 7.664525134388949779e-01 7.794095180100144571e-01 7.741247855634093566e-01 7.722028903663794575e-01 7.872816274983167606e-01 7.785105642682473848e-01 7.751947526267984889e-01 7.981641029087113148e-01 7.952187595623134708e-01 7.850927833342015161e-01 8.020474410406159826e-01 7.996653707716244730e-01 7.924227953764133581e-01 8.003255315028877659e-01 7.850198481336263523e-01 7.856258494614734023e-01 8.010259348335473373e-01 7.782359870689642412e-01 7.911137740171840793e-01 8.000133150684175520e-01 8.021417069009117995e-01 7.952763442667127869e-01 7.930542977242923675e-01 8.023075160574821840e-01 7.951322499978387137e-01 7.781714145307468966e-01 7.844922183458562515e-01 7.752126990304051279e-01 7.846897777165430243e-01 7.944757253007863618e-01 7.894479778888421340e-01 7.890059361207796274e-01 7.902226320660368231e-01 7.900430460920007114e-01 7.762264206496821695e-01 7.822421621567425820e-01
2.331009633005239612e-01 2.480548122289013280e-01 4.254628709990606050e-01 4.626730260736204303e-01 4.945626440556147863e-01 5.384666973020002523e-01 6.803151136850947855e-01 7.093053278707460718e-01 1.000000000000000000e+00 7.541649608000360328e-01 8.134041352447283213e-01 7.935784515419759266e-01 7.408717941240878790e-01 7.126465268080458548e-01 8.082122174205930154e-01 8.162894607407688019e-01 8.051025332756064357e-01 6.122325292855096412e-01 6.884399949090621584e-01 5.119086787825860574e-01 5.877219458719967760e-01 6.992801645108923658e-01 6.876773437589279725e-01 6.782479938728820379e-01 7.018054723736384393e-01 8.312099039590521432e-01 8.299723147007829205e-01 8.218866403465993065e-01 7.600582418083712266e-01 8.165127653123127605e-01 8.225057209647769207e-01 8.463464287726732982e-01 8.061710964019103143e-01 8.127065875654106986e-01 8.299088919249820728e-01 8.407192250793417143e-01 8.524174813887195334e-01 8.565167392100686561e-01 8.697810413389651663e-01 8.313592510928595747e-01 8.782537504204832590e-01 8.694833478564831797e-01 8.561996322575973206e-01 8.796699559544022273e-01 8.750619798499286173e-01 8.729337338032781002e-01 8.660657534856331941e-01 8.816100770223433969e-01 8.672427895513892260e-01 8.573866257419354708e-01 8.702929190129251591e-01 8.033742344000994740e-01 8.594993314157153286e-01 8.764095516261762864e-01 8.686539216904105576e-01 8.709796280653957501e-01 8.693042372482359115e-01 8.731001261241615463e-01 8.767422510405217251e-01 8.769098547755075357e-01 8.759387892030691125e-01 8.776746070352807738e-01 8.676213615752751407e-01 8.788730719148002413e-01 8.778347030373749860e-01 8.761194163548897684e-01 8.735624070467207236e-01 8.701687529603799875e-01 8.770098042219663936e-01 8.368119021815847436e-01 8.446256885140517312e-01 8.704698148654794743e-01 8.600257462906405470e-01 8.531291235613556179e-01 8.817586975402630367e-01 8.791376248418757422e-01 8.761765889261050599e-01 8.676455072474956731e-01 8.680714799051476582e-01 8.799318886123469463e-01 8.776565350335244764e-01 8.824457090243580382e-01 8.761353541892921148e-01 8.761905411024332180e-01 8.633469886054906395e-01 8.691828806228947268e-01 8.795049996988362206e-01 8.681232590313319175e-01 8.773122691747223811e-01 8.757706582119016980e-01 8.658705386614651278e-01 8.673327871327369820e-01 8.720875095646637432e-01 8.733247370662579057e-01 8.586855752940281139e-01 8.687429574477492089e-01 8.419645441432715982e-01 8.579004483471762699e-01 8.631879791143964864e-01 8.579806512202937663e-01 8.550650674628632597e-01 8.598283359923689639e-01 8.629974456448151754e-01 8.681902226220089558e-01 8.623801563367609058e-01 8.607562516096000094e-01 8.640810013984118187e-01 8.688896157275024512e-01 8.739238409882723602e-01 8.715223256666638774e-01 8.683705966909347485e-01 8.703532723505205126e-01 8.685516591453423807e-01 8.689337274774925346e-01 8.673855814045873247e-01 8.663125301683127777e-01
1.088289561172362530e-01 2.258407019535959570e-01 3.379254499788187927e-01 3.928287359345168372e-01 4.203976644213817671e-01 4.916984738412253919e-01 6.487937917089333650e-01 6.552788339069042234e-01 7.541649608000360328e-01 1.000000000000000000e+00 7.381925180509051332e-01 7.248824071026966909e-01 6.976556404010022527e-01 6.789346997270212514e-01 7.666952161376161534e-01 7.670269147683940192e-01 6.903704993814203661e-01 4.761852175619428751e-01 5.484243678630941199e-01 4.230713687119391775e-01 4.705175340114083338e-01 5.725599077546085214e-01 5.767845873859950290e-01 5.494284755548308752e-01 5.894319272909318563e-01 7.258681626261243025e-01 7.244643460417281577e-01 7.142888555388217098e-01 6.615219456215427618e-01 6.938957352460369821e-01 6.989784771525192619e-01 7.517730175133888748e-01 7.127558217266496410e-01 7.055253871068166704e-01 7.255784766744164394e-01 7.361134390382736425e-01 7.359879149762568185e-01 7.663077786799539215e-01 7.723322203936084929e-01 7.456381554983788629e-01 8.085767375602386231e-01 7.903299284336179342e-01 7.666160469159007951e-01 8.038077329005075544e-01 7.871940191822143218e-01 7.803043980159793946e-01 8.114934515413053662e-01 8.164194187967952487e-01 8.027881280963305999e-01 7.779881374265330551e-01 7.901058967853203940e-01 7.272884663217478174e-01 7.847687603225995678e-01 8.039930006926746531e-01 7.824885020116432166e-01 7.870083747647480532e-01 7.929546323936096375e-01 8.028462974958268106e-01 8.096645458097204706e-01 8.097606510606780716e-01 8.038507610755488697e-01 8.081302476092068199e-01 8.023090780430025548e-01 8.100235789205394443e-01 7.998803531407826517e-01 8.051060429094504256e-01 8.115997752484558347e-01 7.845143771280096434e-01 8.011529137741912887e-01 7.572121181496791475e-01 7.622858963162579826e-01 7.856964502721240917e-01 7.715033109121690602e-01 7.743656816545991806e-01 8.104930728828020348e-01 8.102357796973836956e-01 8.073613997671307274e-01 7.977730718224036455e-01 8.000508348958417226e-01 7.976727257047595554e-01 7.998265023091444270e-01 7.998602529260827598e-01 8.029145485795325943e-01 8.048800317221737055e-01 7.972179191735905279e-01 7.921688132895213785e-01 8.020529503795232884e-01 8.104590834939136013e-01 8.074875137072059506e-01 8.079026058241662867e-01 8.003274528792282405e-01 8.104934223066343479e-01 8.060803361502315578e-01 8.092686085494185111e-01 8.101482214368531665e-01 8.147648377677797482e-01 7.910322264454741070e-01 7.900437731516198880e-01 8.041799833151471733e-01 8.045751172711488319e-01 7.954926883586461717e-01 8.028030837219665150e-01 8.034719025021407335e-01 8.110037404785893633e-01 7.964055967941153780e-01 7.980652296578837346e-01 8.089566622390841344e-01 8.125172464611312151e-01 8.093801364605365256e-01 8.148035582640575925e-01 8.086333662591852489e-01 8.122801161296074879e-01 8.105662034426409646e-01 8.113261818918859891e-01 8.061199196159193336e-01 8.077067301858352755e-01
1.402078214279961765e-01 1.843836453884291071e-01 4.533297847758959720e-01 5.763322588528577706e-01 4.981214059758584112e-01 5.807223861683372679e-01 7.285508747731266332e-01 7.379542747137651792e-01 8.134041352447283213e-01 7.381925180509051332e-01 1.000000000000000000e+00 8.611344448353603909e-01 7.715135794112164547e-01 7.458767921503012266e-01 8.487647717875700382e-01 8.556933373104310681e-01 7.738031695092215667e-01 6.095741753610083302e-01 7.014060737138073653e-01 5.426157485595370922e-01 6.397722860682262258e-01 7.384838383134597617e-01 6.713791638888506608e-01 6.907631917967509416e-01 7.291318187958275576e-01 8.389262725828882106e-01 8.619873095321464174e-01 8.321322085029788651e-01 7.629263330443067925e-01 8.133248279177157647e-01 8.529234017811410107e-01 8.313063518920145167e-01 7.959148305769875309e-01 8.068130575410349392e-01 8.155451463913606647e-01 8.499016267419806647e-01 8.578414472028985660e-01 8.563212927409020736e-01 8.741503701916174540e-01 8.574351811365847897e-01 8.939452847250374257e-01 8.902236207834601789e-01 8.816973171012443267e-01 8.985379155880771629e-01 8.978508308912098723e-01 8.832336944002434631e-01 8.811867973220518513e-01 8.846428418028594587e-01 8.746940494872680327e-01 8.656988833338465916e-01 8.854984561400770504e-01 8.439256685959907189e-01 8.836914756304394825e-01 8.700021975319215395e-01 8.614182232851772536e-01 8.659859749109175553e-01 8.783398697114195297e-01 8.893847382740452945e-01 8.851030212860726554e-01 8.922154016034441470e-01 8.903812378685815876e-01 8.870315638151942128e-01 8.784004812400781903e-01 8.873430726295209459e-01 8.900826499732863439e-01 8.894835589790737185e-01 8.841193216726102033e-01 8.848220931040963189e-01 8.838442614134754960e-01 8.646105833691299924e-01 8.848832760393788854e-01 8.931983798954170606e-01 8.737450191516950015e-01 8.828420736933243473e-01 8.999871210747436567e-01 9.033767633308504852e-01 8.978414220633516019e-01 8.819068857362740710e-01 8.958054811977055332e-01 8.971802669661230745e-01 8.955520227678639422e-01 9.086569464590469325e-01 8.853876622976170063e-01 8.912070498706758936e-01 8.837829502560737849e-01 8.839308032953095973e-01 8.968189735340891255e-01 8.864981437782928353e-01 8.983294141006221700e-01 8.841464789770053789e-01 8.945649668002338961e-01 8.897563894194218115e-01 8.975643695818401602e-01 8.986705879569799604e-01 8.789644710051782717e-01 8.841458112391389346e-01 8.734836312426154104e-01 8.776294779788125222e-01 8.854510090797880206e-01 8.847166516925670798e-01 8.862197265203215490e-01 8.836790894558209652e-01 8.873172452784339193e-01 8.905413377458079038e-01 8.893906014574217700e-01 8.772363682283584874e-01 8.790567974887170122e-01 8.774353111296884222e-01 8.856026850755124302e-01 8.907728423583761712e-01 8.853005636492565777e-01 8.892492728012462155e-01 8.886176546833227663e-01 8.876957495895136940e-01 8.820984963677124258e-01 8.847405795261180650e-01
6.322486711087972611e-02 1.435406580043346314e-01 4.573349691325735988e-01 6.856571832448458137e-01 5.357481688134178022e-01 6.082491917231173106e-01 7.794826829748147112e-01 7.905611078102254830e-01 7.935784515419759266e-01 7.248824071026966909e-01 8.611344448353603909e-01 1.000000000000000000e+00 8.236333774900763682e-01 7.843977007295408477e-01 8.871741684119366367e-01 8.934289629745805206e-01 7.378016948588401736e-01 5.540951906006458261e-01 6.526280626118932116e-01 5.498522885889023382e-01 6.217200714145557638e-01 7.272589796784506566e-01 6.153737317552202546e-01 6.506716192507674412e-01 6.960668617835115146e-01 8.328038186756430150e-01 8.432648008984191534e-01 7.899083377991893418e-01 6.935577048549976809e-01 7.603898827743005295e-01 8.115174961604196824e-01 8.174592685733835795e-01 7.451119835761581545e-01 7.939967915765491213e-01 7.733991368550922063e-01 8.362666790333149747e-01 8.248250304631612462e-01 8.324839411643856213e-01 8.591409456615902718e-01 8.723866850080330693e-01 9.052174485817088279e-01 9.003353702738469133e-01 8.987949412777360703e-01 9.076536184564898413e-01 8.976293390269693973e-01 8.626247837535989671e-01 8.959079318625545740e-01 8.913049295938044736e-01 8.892758668446903991e-01 8.789019674284814787e-01 8.941571610826791749e-01 8.850870979049584308e-01 9.075141367099026635e-01 8.597822496943117176e-01 8.600947219393233478e-01 8.632942803237531049e-01 8.796995628010653157e-01 9.015838416942013600e-01 8.875624154088090911e-01 9.071822102191855475e-01 8.991198735795573604e-01 8.847306246894173221e-01 8.813052418543475541e-01 8.842614922288100088e-01 8.812809854569645385e-01 8.975323512448813990e-01 8.908549175623959870e-01 8.782230293148804989e-01 8.751127132602560810e-01 8.675496540198385231e-01 8.874038663209180555e-01 8.943971979255531668e-01 8.623766607399566686e-01 8.871125897233116397e-01 9.091901816059425601e-01 9.041667559076791427e-01 8.959007348615113386e-01 8.649544605154588783e-01 8.982400609237273237e-01 8.843199668812055103e-01 8.861620144162780655e-01 9.023558918517882166e-01 8.779710063513852525e-01 8.819105873460495459e-01 8.930861717385013554e-01 8.855501779790364569e-01 8.960088174383260551e-01 8.956565404632093053e-01 9.016805628109693105e-01 8.918485629803406534e-01 9.089115501835046684e-01 9.085213751719941611e-01 9.074168980529181416e-01 9.105375278788758742e-01 8.977613531957243653e-01 8.989466286508061010e-01 9.071014301478171893e-01 8.853633925679372796e-01 9.004844109534321239e-01 9.013688533017489846e-01 9.133741116232368951e-01 9.016549812260374885e-01 9.088895250366916256e-01 9.082016608054110929e-01 9.101578724559661326e-01 8.896363274564079715e-01 8.930312371542989958e-01 8.854442909701610853e-01 8.927134247902436259e-01 9.025179233656368538e-01 8.950590562014996143e-01 9.025455442941131556e-01 9.004869098190795285e-01 8.950540954374864855e-01 8.886056452096771086e-01 8.988998842764771569e-01
2.264368735410008868e-02 1.184179684305052827e-01 3.635710016397171729e-01 5.204722522091247416e-01 5.156522565648483658e-01 5.380676465299398803e-01 6.953656455231489453e-01 7.180329314844426936e-01 7.408717941240878790e-01 6.976556404010022527e-01 7.715135794112164547e-01 8.236333774900763682e-01 1.000000000000000000e+00 7.626398905168503273e-01 8.302610987970139300e-01 8.356189164764683541e-01 6.901634835894057129e-01 4.813622900086686474e-01 5.664471089224240030e-01 5.069599833630190622e-01 5.168629584182672376e-01 6.175150422449945387e-01 5.300576943850274780e-01 5.628161758073667587e-01 6.030844773767507494e-01 7.464373464016681448e-01 7.552352524464339689e-01 6.998806850470293828e-01 6.106073228323479762e-01 6.797282981583558925e-01 7.154858437892490652e-01 7.521518609079506090e-01 6.731559186667703809e-01 7.262584267795348936e-01 7.012885738523237933e-01 7.579793230041452778e-01 7.448432801326131392e-01 7.548722702045476129e-01 7.798282822265513170e-01 7.770836570642197794e-01 8.429985229051967233e-01 8.277024022871888320e-01 8.216234769813963723e-01 8.460469828416758986e-01 8.277386386427937337e-01 7.876375258176893102e-01 8.527970411590179989e-01 8.493447858703334630e-01 8.465360883017060134e-01 8.179856322728359386e-01 8.268331113254777653e-01 8.163991526400072862e-01 8.441168110843387806e-01 8.214408124870018479e-01 8.101043147572609682e-01 7.987023318799664207e-01 8.246861740171723687e-01 8.381131741634872956e-01 8.333790447686935110e-01 8.550905920596293397e-01 8.474709695026834133e-01 8.317604775446355569e-01 8.320340210384251645e-01 8.350932216633475402e-01 8.345152606709314025e-01 8.439256993006104546e-01 8.509843891429473839e-01 8.223942847568779246e-01 8.225724230963387118e-01 8.146291744116834765e-01 8.163666361784981396e-01 8.297514976975994827e-01 8.041963529853631831e-01 8.202865036465206705e-01 8.508896172362274690e-01 8.483682337598247303e-01 8.406238256623104199e-01 8.059326543167105728e-01 8.419481332754719105e-01 8.235507985944023890e-01 8.264295235037073528e-01 8.365946565443763694e-01 8.226579995335027151e-01 8.283242477441051799e-01 8.391407093663999506e-01 8.341816478066841345e-01 8.370885709000437380e-01 8.426094714733727287e-01 8.434489829916851367e-01 8.398064001479930152e-01 8.465300606991037480e-01 8.587319974313869508e-01 8.550755166075223457e-01 8.526087387625804759e-01 8.578705441666145681e-01 8.594848818039561023e-01 8.532874969566203172e-01 8.391701344196819123e-01 8.554519824792254923e-01 8.502395191585345735e-01 8.602077030456690698e-01 8.510013065922406028e-01 8.586105892586534116e-01 8.590464104570033621e-01 8.577306678916292171e-01 8.430213265719522786e-01 8.536144312852985694e-01 8.511517871749503250e-01 8.496573495424671885e-01 8.550591465817299897e-01 8.445307873241844066e-01 8.596983106832812860e-01 8.533956030762914757e-01 8.520838347771435561e-01 8.472369409879330071e-01 8.541994310742642149e-01
