1.000000000000000000e+00 1.445465668295428108e-01 1.947021122750052236e-01 6.787086388805997628e-02 8.606197073913443574e-02 1.355840504663491201e-02 1.132677689235518231e-01 5.279351573778035683e-02 2.114525379632763713e-01 8.129888761897358096e-02 1.018561095678612166e-01 1.200913141161098416e-02 1.818073412401356032e-02 2.073895343870444871e-02 9.924201530277929756e-03 4.781320700995548428e-02 2.139869477172093304e-01 2.960404832993031587e-01 2.219818447349653223e-01 1.558552298186416385e-01 1.702270232018004981e-01 1.803389156072205679e-01 2.652342376590758888e-01 2.742770108561597975e-01 2.231378850270887559e-01 2.042532227939962697e-01 1.802105103174635459e-01 2.080720810508398799e-01 2.464767456765356579e-01 2.071695159238157447e-01 1.855499029747379458e-01 1.748209552560535951e-01 1.567866857311377149e-01 1.924717625692703993e-01 1.632422043238887233e-01 2.126134487999731537e-01 1.606385762170908504e-01 1.076924219635841395e-01 1.100484279006423427e-01 9.447960881308024861e-02 8.395799173180774899e-02 6.982056903237265910e-02 1.250117580060630118e-01 7.025986859233801507e-02 1.078837494330191354e-01 9.414753758873470324e-02 2.772833431619387695e-02 5.460466645717396844e-02 5.842932806589416772e-02 1.065437728714019594e-01 9.894132828833381021e-02 1.061729681578815893e-01 4.154985532793502995e-02 6.329431992035390586e-02 8.139637033301592994e-02 1.184428498481608222e-01 1.211907849316250924e-01 4.903067625114625877e-02 6.306587740292757260e-02 6.445003180229930129e-02 4.077085151570417065e-02 9.106473355931260505e-02 9.303257393868634428e-02 1.011187337020867244e-01 1.061048603363418108e-01 1.075824626395699979e-01 5.389014804387949609e-02 9.699124699371011737e-02 1.029316071749307032e-01 7.670417191380275723e-02 4.555502168239500965e-02 7.544062520702202179e-02 1.240979125008911804e-01 9.543263969281050307e-02 6.367539902419526443e-02 5.578401082850782677e-02 4.754376597837728369e-02 1.165207177151831586e-01 8.335167512674088175e-02 8.134431657081638012e-02 6.516012103473857453e-02 7.336573049827027626e-02 9.044865912627034210e-02 9.047394311145948165e-02 6.019194014764447237e-02 8.540544512804591759e-02 7.217333449783143451e-02 4.159657936324472061e-02 5.179539340046640516e-02 7.010061111420787250e-02 4.618231563247150034e-02 3.276007129635415127e-02 4.770932417423972421e-02 4.430349019909916863e-02 1.072285009790861082e-02 2.850463838733098901e-02 3.153164527523030780e-02 4.479486010907844651e-02 2.216431385982279081e-02 2.771443971377118495e-02 4.449005060741713369e-02 3.363571737648158450e-02 1.839316376809097334e-02 1.775024967506001056e-02 5.332940665063714419e-02 5.220632205618826183e-02 1.936698116561290026e-02 4.101434443733118634e-02 4.183298361085115852e-02 2.228777610496592357e-02 3.093186550879931107e-02 2.665564561853645334e-02 4.133373300246962617e-02 3.658809582375067287e-02 4.711366886833608797e-02 4.557126901964935611e-02
1.445465668295428108e-01 1.000000000000000000e+00 7.840091957995766470e-02 6.686324742003274535e-02 9.575190581719196514e-02 6.931755788155957720e-02 1.396770767672349256e-01 1.040974288756125465e-01 1.972890418946663393e-01 2.064752651716835752e-01 1.621516424066282436e-01 1.166838207075954759e-01 1.016183424408299146e-01 1.309077223858169381e-01 1.426561439209558801e-01 1.516998052706457489e-01 1.640238082346756610e-01 1.967320779051076607e-01 1.720897695691024076e-01 9.169655609304946942e-02 1.072297186352351717e-01 1.447612548875860383e-01 2.638717837310440850e-01 2.099700145342681123e-01 1.706389554033636013e-01 2.320026619854308192e-01 2.053955243200459024e-01 2.322631777750964188e-01 2.601410658146248167e-01 2.486879753346172284e-01 2.338620174188467127e-01 2.038429760527193102e-01 1.996241592678342225e-01 1.972471315243598811e-01 2.016075559034048725e-01 1.966652116867294020e-01 2.023421853193657360e-01 1.991455583124324691e-01 1.958851993879789921e-01 1.634833763558179442e-01 1.845364077848702378e-01 1.728824268091216920e-01 1.560888010093693379e-01 1.646929894809243955e-01 1.825334905861520363e-01 1.866375261840598210e-01 1.634895421023835338e-01 1.734136588630255937e-01 1.655361910378755075e-01 1.548119007692391191e-01 1.763404972980839591e-01 1.236639393852085184e-01 1.422817372451745110e-01 1.785121243880662401e-01 1.774842420373708429e-01 2.006424960527139201e-01 1.782691168241044566e-01 1.679053771529976091e-01 1.831650928397131339e-01 1.751805542401050075e-01 1.688312802010328850e-01 1.903516422678940279e-01 1.823835778428587739e-01 1.840306589940527981e-01 1.700690822382957823e-01 1.868876822150449257e-01 1.729280243772406411e-01 1.809484114181788561e-01 1.908282291999399416e-01 1.475398964218241626e-01 1.346170194078221416e-01 1.643592264527194424e-01 1.859916900390375105e-01 1.609846390388327553e-01 1.761574516928795242e-01 1.726753096649451813e-01 1.720849067663102749e-01 2.152079167050615360e-01 1.864919892582284078e-01 1.985343637446240206e-01 1.872441175336795049e-01 1.923615114060662212e-01 1.914354057913783269e-01 1.902062213770019383e-01 1.634691790123336264e-01 1.766682523662365389e-01 1.737719170058187601e-01 1.667450162036406558e-01 1.733806243889628729e-01 1.794740720994858763e-01 1.589508560026193784e-01 1.585920409697765820e-01 1.658924793284353438e-01 1.678368355252706778e-01 1.530806148367484243e-01 1.645535387187644361e-01 1.330642609301385948e-01 1.490685818538726726e-01 1.579345315166346131e-01 1.468016296060143944e-01 1.461907637963286710e-01 1.565967583072014890e-01 1.440613673332605538e-01 1.512467156484956499e-01 1.551920988358758136e-01 1.622028193952466391e-01 1.569638496537889560e-01 1.692769472707573164e-01 1.710828234760665700e-01 1.592974849757023137e-01 1.624661122004474878e-01 1.624615353625612213e-01 1.690177223867284362e-01 1.636667988789861916e-01 1.593284423913474412e-01 1.646051981953796928e-01
1.947021122750052236e-01 7.840091957995766470e-02 1.000000000000000000e+00 3.519269251735720472e-01 2.549726815367299171e-01 2.504674568763264886e-01 3.655014288425529334e-01 3.257133785159946338e-01 3.622710566138090948e-01 2.641359233456724298e-01 3.636802835842709580e-01 3.481382574566724286e-01 3.077651427845864429e-01 3.085976284374517542e-01 3.367292036897777674e-01 3.451369907968446782e-01 4.156823096286939578e-01 4.514914243586427567e-01 4.342147681777064894e-01 4.098379762355153777e-01 4.409362059226176189e-01 4.565101182747856590e-01 4.187350800920210392e-01 4.394894070048113166e-01 4.211928813453821863e-01 4.186523082925873163e-01 4.179383306479121374e-01 4.386440475766628100e-01 4.008868346525935600e-01 3.873866002512871276e-01 4.143050283920031718e-01 4.149592797969522961e-01 3.809505340501684323e-01 4.035538438168737585e-01 3.807010404985054497e-01 4.214610804974449620e-01 3.959612006476157520e-01 3.795605997514127083e-01 3.821241724819126051e-01 3.898800748450102494e-01 3.707993797441689887e-01 3.716038823301612837e-01 4.035880262182197642e-01 3.775703349149259758e-01 3.926538602066566019e-01 3.671578132748359313e-01 3.204220934288149469e-01 3.318360842342454875e-01 3.360634271091419434e-01 3.810640626542453613e-01 3.702067488560032982e-01 3.988015831251954246e-01 3.488893857644562169e-01 3.216706885674785465e-01 3.388107275618996161e-01 3.709669200007516543e-01 3.607075753103953786e-01 3.392511077631598093e-01 3.220184525561883282e-01 3.413396977802142795e-01 3.149961910709612734e-01 3.424639707559235524e-01 3.521691691965592175e-01 3.585396225523048153e-01 3.670999236936794974e-01 3.657729274613826798e-01 3.428026701476532545e-01 3.858145762416879676e-01 3.812082632822353934e-01 4.069869090073471307e-01 3.814436402539516102e-01 3.671914311280167764e-01 3.887332355613715706e-01 3.815057207262502748e-01 3.491409560220738451e-01 3.426445003364417818e-01 3.423592381129735851e-01 3.664548558332305084e-01 3.605287806031151621e-01 3.515970821194466245e-01 3.524318417588000463e-01 3.600051349363400655e-01 3.607985053984223422e-01 3.596899995449232001e-01 3.535305492902994229e-01 3.620134018833257583e-01 3.651629420500445700e-01 3.436804938213746663e-01 3.491257768264908190e-01 3.557654652338993473e-01 3.551679047943446799e-01 3.414918551601613950e-01 3.560282016518749315e-01 3.541831231238058986e-01 3.137512597858342911e-01 3.197927070866882771e-01 3.473563725528792667e-01 3.313679068664374117e-01 3.119270583845611955e-01 3.344696828197250560e-01 3.570369889988241341e-01 3.322968844378975106e-01 3.327337174835533484e-01 3.277312693964953283e-01 3.576976271673728558e-01 3.294911019048104017e-01 3.135231930156958113e-01 3.277438604505462649e-01 3.265372572666944140e-01 3.175779954520696613e-01 3.255883102381147975e-01 3.192425312251411795e-01 3.214326738338926237e-01 3.294197209404764459e-01 3.378253448975942486e-01 3.394009561858550850e-01
6.787086388805997628e-02 6.686324742003274535e-02 3.519269251735720472e-01 1.000000000000000000e+00 4.079452473096812914e-01 4.014259710328393349e-01 5.906318844162288251e-01 6.013152626458837524e-01 5.181186863324348524e-01 4.415388587648416130e-01 5.682473323391062925e-01 6.421584313975325919e-01 5.591978641969214125e-01 5.408547508603234188e-01 5.998895115575614279e-01 6.073317127300736917e-01 5.543187117515856466e-01 4.172723465920123997e-01 5.461606353352526089e-01 4.275523167956746251e-01 5.773851447871225506e-01 6.237873960512497762e-01 4.083045880066628053e-01 4.739733410240434819e-01 5.548442346325433983e-01 5.430187666129514534e-01 5.482695706169741223e-01 5.350625329958857979e-01 4.119111279314482399e-01 4.805602001194662631e-01 5.208313901953889324e-01 5.378963858484533400e-01 5.250838909834141255e-01 5.129153492899273248e-01 5.207083076375570441e-01 5.483979253658177733e-01 5.302726107367221609e-01 5.536876822224336969e-01 5.635823978411026447e-01 5.856664539207113718e-01 5.760128026692147296e-01 5.807265735702712428e-01 5.932708715104402231e-01 5.994648795761816640e-01 5.881167132451110557e-01 5.682094945758261462e-01 5.581863248189260496e-01 5.554625387932631275e-01 5.684031488528046294e-01 5.720279134220854766e-01 5.636209728761253368e-01 6.056227445936466225e-01 5.968010965736436635e-01 5.380426916225192757e-01 5.413438558233147901e-01 5.378281945712072298e-01 5.554717756673793749e-01 5.618949323005000274e-01 5.298264003895915009e-01 5.676555392767463903e-01 5.394836010320444020e-01 5.560626230293698180e-01 5.496061893504581297e-01 5.584187072200427204e-01 5.714068457521251920e-01 5.621319762612585480e-01 5.530360524245064857e-01 5.621856436992179740e-01 5.522279748727474402e-01 5.966676912482993256e-01 6.366437205377364350e-01 5.836724479379624686e-01 5.507630753037497939e-01 5.996989916299333423e-01 5.671870503101658079e-01 5.627401019324501652e-01 5.650795874018951226e-01 5.103464451673341840e-01 5.591193786746208039e-01 5.395932777612914011e-01 5.485782138515210571e-01 5.550305623043061409e-01 5.615707924144917040e-01 5.544857007429486728e-01 5.767821658999989776e-01 5.555264257496873581e-01 5.678983716599080855e-01 5.752633105502346078e-01 5.669317844541442719e-01 5.597127327884342529e-01 5.903879387503604415e-01 5.793051330654201969e-01 5.818222959384012904e-01 5.801372588077557957e-01 5.591361791703702844e-01 5.537129772859032961e-01 5.980249364033000115e-01 5.702575784496464184e-01 5.569445865229949444e-01 5.829657200029227937e-01 5.942000085564228540e-01 5.683370757707710830e-01 5.795061595991932712e-01 5.752457459109621141e-01 5.881734410751545683e-01 5.637055362728796704e-01 5.611261940162051154e-01 5.513440992495223236e-01 5.513791107901352406e-01 5.611937840885126150e-01 5.525412134691383148e-01 5.582764837121569901e-01 5.540581778373111499e-01 5.662596302673825743e-01 5.672613311198465569e-01 5.692986689556180924e-01
8.606197073913443574e-02 9.575190581719196514e-02 2.549726815367299171e-01 4.079452473096812914e-01 1.000000000000000000e+00 3.353405961414022141e-01 5.286132117954068788e-01 5.341848105155276860e-01 4.737023390536865275e-01 4.281282511921205014e-01 4.840969898771258495e-01 5.181580267536368689e-01 5.246614290593095697e-01 4.631655076830811235e-01 5.233899905141217168e-01 5.510067250235515246e-01 4.800839599683508485e-01 3.690088281860137709e-01 4.453895752753059267e-01 3.145949328522946731e-01 4.241565625669168060e-01 4.799946506612537966e-01 3.964354980888530888e-01 4.172905912861294420e-01 4.690385100824002729e-01 4.966953652742597258e-01 4.897262055995112440e-01 4.824416601138454830e-01 4.334798354324566061e-01 4.552719223949013294e-01 4.865892743897158867e-01 4.945752052306267021e-01 4.662223209758584175e-01 4.712840920447707305e-01 4.750180327456625662e-01 4.914395399455093183e-01 4.995994421694200938e-01 4.977965521925946102e-01 4.957165672748529706e-01 5.032885264059490105e-01 5.124060324067543082e-01 5.071586207412581704e-01 5.327020066133137943e-01 5.185331834462946210e-01 5.171280843290572138e-01 5.054214487448328574e-01 4.972146706099694891e-01 5.022082097592017735e-01 5.026227958459326128e-01 5.013470637284124232e-01 5.059341847789897706e-01 5.082438932233188655e-01 5.046604286271874074e-01 4.944320209328684212e-01 4.994646109445357585e-01 4.993902435457096556e-01 4.990485999455285260e-01 5.019032187607161966e-01 4.847692792655497462e-01 5.082714789883803208e-01 4.940160682727126606e-01 5.028317265736379493e-01 5.021324643833062762e-01 5.056038138565984719e-01 5.098159472710590556e-01 5.018180382419814567e-01 4.976390722010180512e-01 5.009077565378607932e-01 5.038192484535858329e-01 4.901653792929677178e-01 5.157043490057084956e-01 5.075852376970021451e-01 4.926751270915081804e-01 5.090704054308058391e-01 5.120510045953825529e-01 5.039862287163539012e-01 5.053595897200089393e-01 4.883534703392534704e-01 5.147167473971862028e-01 4.849796424522647698e-01 4.973529188638188270e-01 4.957122331117422287e-01 5.047075672043246364e-01 4.980119673084147935e-01 5.072138384052556903e-01 4.991452897873406291e-01 5.041762335284661889e-01 5.144164097804667657e-01 5.051952637207888230e-01 5.091351271267869905e-01 5.189823720512756200e-01 5.134800534171580777e-01 5.127144818218203337e-01 5.128714267003279259e-01 4.985888264934134617e-01 4.993464917703878680e-01 5.226174082233865370e-01 5.087750488564120044e-01 5.021505695196194496e-01 5.172719098392754011e-01 5.280279405774644941e-01 5.101289676012806806e-01 5.063817012243001514e-01 5.092456959900765190e-01 5.129644455968794814e-01 5.045104485604510192e-01 4.998055877491234256e-01 4.963737096992704156e-01 5.000191765869259619e-01 5.025886882599192029e-01 4.998779065701755564e-01 5.001418763973772830e-01 5.007389963634628627e-01 5.044720927185389892e-01 5.019999203648012331e-01 5.028180843304990155e-01
1.355840504663491201e-02 6.931755788155957720e-02 2.504674568763264886e-01 4.014259710328393349e-01 3.353405961414022141e-01 1.000000000000000000e+00 5.522186374428265099e-01 5.279231940586521787e-01 5.344892410726299614e-01 5.020950119203065887e-01 5.720609252074833062e-01 5.882122189782896804e-01 5.601633308393483279e-01 5.752206633072828312e-01 6.191061728040486711e-01 5.984729392695339323e-01 5.154043297590957806e-01 3.926693085255641980e-01 4.969438981218601281e-01 3.472591927215383234e-01 4.260908509979184910e-01 5.104902079834349182e-01 4.523432002073516367e-01 4.592844954331785634e-01 4.931776296492720868e-01 5.882516847162875262e-01 5.940202455650930302e-01 5.783890402682669851e-01 5.174243457412680547e-01 5.431980546918979691e-01 5.840384465053898300e-01 5.694189625065818605e-01 5.529158214682583505e-01 5.505622098551549159e-01 5.621947684106610721e-01 5.540077499663963456e-01 5.738419987253471355e-01 6.121919121984101819e-01 6.118896175679715554e-01 6.008458664754866563e-01 6.226835969678201632e-01 6.228581235131191995e-01 6.076896930954498455e-01 6.335363583210854577e-01 6.198770459395502863e-01 6.224337387191034576e-01 6.290727203208066332e-01 6.231284201580027382e-01 6.229778193367686567e-01 5.988780241179292307e-01 6.171271485641581789e-01 5.962407214316596260e-01 6.266747159528706090e-01 6.059435563783772682e-01 6.033409484691196756e-01 6.052076935938902613e-01 6.008605514407223680e-01 6.262454122847580518e-01 6.109343079379998542e-01 6.254024588852046262e-01 6.175641744126860733e-01 6.139431949125264687e-01 6.084241235585245988e-01 6.145787325902190013e-01 6.216990688682496602e-01 6.136463242488034986e-01 6.236329739965636998e-01 6.137923050773725908e-01 6.128998450655742669e-01 5.936606616726874952e-01 6.195760932207526883e-01 6.264147938004547278e-01 5.975872701425705147e-01 6.081893337446985237e-01 6.319356337816450786e-01 6.350503289145696950e-01 6.355571593195086244e-01 6.118432518722061175e-01 6.234790778584397009e-01 6.153702525916182609e-01 6.225563519564959458e-01 6.268506000454218130e-01 6.211111830215045870e-01 6.198909249713365766e-01 6.256607342542254147e-01 6.177700545882214289e-01 6.261171451762053142e-01 6.319702018490402917e-01 6.314410277070509059e-01 6.267579513683545489e-01 6.313935558406083004e-01 6.322389059636602804e-01 6.326622076066572564e-01 6.352893813413442725e-01 6.293561701417328402e-01 6.264403946091720021e-01 6.282559899851375418e-01 6.238822292346347664e-01 6.250948506167381957e-01 6.313779474309375583e-01 6.314316130076017552e-01 6.260554660856265663e-01 6.321617274397165476e-01 6.326353412903674700e-01 6.326028210544005770e-01 6.178694803401214575e-01 6.300525744415375051e-01 6.261226665418597737e-01 6.256107871127120079e-01 6.274127973938102842e-01 6.234397774450188834e-01 6.271265760836507441e-01 6.206710019584262827e-01 6.290791452212827206e-01 6.319618557773012402e-01 6.279646005112258234e-01
1.132677689235518231e-01 1.396770767672349256e-01 3.655014288425529334e-01 5.906318844162288251e-01 5.286132117954068788e-01 5.522186374428265099e-01 1.000000000000000000e+00 7.608721183962482426e-01 7.208521034146742057e-01 6.645272253376781624e-01 7.451011281482141646e-01 7.905385748276840818e-01 7.328612841910363551e-01 7.192576406747077655e-01 8.218790535515991813e-01 8.093375520018702973e-01 7.205755797100684701e-01 5.518166739435474977e-01 6.887798726640375069e-01 4.539286942714134132e-01 6.162315247734407864e-01 7.114033583745094091e-01 6.043156828455542584e-01 6.371267818123238502e-01 6.936572526354780610e-01 7.739605261400102076e-01 7.712630818088269669e-01 7.819441732204539530e-01 6.992714482080233385e-01 7.115324570148395811e-01 7.556808447063407819e-01 7.546597820709097793e-01 7.578537421571925892e-01 7.356525979386717706e-01 7.465641580665238752e-01 7.428727119183929917e-01 7.672034421197753140e-01 7.936493962358452947e-01 7.860529798184553441e-01 8.046704007900110645e-01 8.052924599680684192e-01 8.069955794164542784e-01 8.006537759158421919e-01 8.078785417867602181e-01 8.024231651660727049e-01 8.015790576151362590e-01 7.823926491375762238e-01 7.795953396696917448e-01 7.845298218606384655e-01 7.685021397597430193e-01 7.857492401457414344e-01 7.684132117348020374e-01 7.872444480082948504e-01 7.693784833278498603e-01 7.648271783026153736e-01 7.737303745536086019e-01 7.625175915165097740e-01 7.851282266777898089e-01 7.619222634595320676e-01 7.888294288017660971e-01 7.655120125175782775e-01 7.817559017273795208e-01 7.705609621854611069e-01 7.774613626170601144e-01 7.888266681470532671e-01 7.750463135242164903e-01 7.777260467868308824e-01 7.774664511882966034e-01 7.796981159319448240e-01 7.506913079517036902e-01 7.935160023565541731e-01 7.941739681230552961e-01 7.725219331151617075e-01 7.896701731703212879e-01 8.006375153785485477e-01 7.941835663973226822e-01 8.073758983025721703e-01 7.758678208828185818e-01 8.039118361464260287e-01 7.674227604142970227e-01 7.822893597993983983e-01 7.823246440307711769e-01 7.943991394228516745e-01 7.943044004492609833e-01 7.942429883634116727e-01 7.827361682051325875e-01 7.986207625581016600e-01 8.071056536825762517e-01 8.006481125947136901e-01 7.977589236436271047e-01 8.194871509209548099e-01 8.058251932574657106e-01 8.052732738578854965e-01 8.047880937632199139e-01 7.814837577676639890e-01 7.802081268794275326e-01 8.032244381095564600e-01 7.757039012259620003e-01 7.818121182209223363e-01 8.040239488564452364e-01 8.106754033959309158e-01 7.888687398942118012e-01 7.919187160456562236e-01 7.933600930411539576e-01 7.973519066899740215e-01 7.783378317154432402e-01 7.800363490654383947e-01 7.788199626999154912e-01 7.819290345676217502e-01 7.868076203465952378e-01 7.826945553599453653e-01 7.799618604941940259e-01 7.802279977406556544e-01 7.828367044751228798e-01 7.860283270047780935e-01 7.834078351938058571e-01
5.279351573778035683e-02 1.040974288756125465e-01 3.257133785159946338e-01 6.013152626458837524e-01 5.341848105155276860e-01 5.279231940586521787e-01 7.608721183962482426e-01 1.000000000000000000e+00 6.973265836280786445e-01 6.516688691292372715e-01 7.339612935897699142e-01 8.005469534549244370e-01 7.499557079913412583e-01 7.388994672164177491e-01 8.183887234697053703e-01 8.310719734161172711e-01 6.986415240133914129e-01 5.110855379162950740e-01 6.616892281446897783e-01 4.601214089877139757e-01 6.175778709898608332e-01 7.044656620066240826e-01 5.601006802546432128e-01 5.903274334949111246e-01 6.649908443929322122e-01 7.355275528154960885e-01 7.374710722629057580e-01 7.170275729218044125e-01 6.320020557699650432e-01 6.643484415048113156e-01 7.087648871026751562e-01 7.285094893526637971e-01 7.065174695348419576e-01 6.981641336267138120e-01 7.034339971919804091e-01 7.147005741079833774e-01 7.339300009433435967e-01 7.769514551231790911e-01 7.660811841483103901e-01 7.804188121085018359e-01 7.874983099368240147e-01 7.945794223413473745e-01 7.846669070843128591e-01 8.057908128474615683e-01 7.839778370926949735e-01 7.854565349825701759e-01 7.886925645750022529e-01 7.812274095826051701e-01 7.866766649920553522e-01 7.811006713511974286e-01 7.884616955268419769e-01 7.779686192133984379e-01 7.930746054797307432e-01 7.700437950630445449e-01 7.755428380994746629e-01 7.641864365000499149e-01 7.745952982279286081e-01 7.912271113789659527e-01 7.741325462414474501e-01 7.913733574250628733e-01 7.782873176263530590e-01 7.846678101256805427e-01 7.830742281377101044e-01 7.827177011102408599e-01 7.858369622666039334e-01 7.781840578986989332e-01 7.780535043749794433e-01 7.748414681841745422e-01 7.677017339398420903e-01 7.629786604345066836e-01 8.096651492488761148e-01 7.943562706698235054e-01 7.552440940428624128e-01 7.852284047560933455e-01 7.951471260523143014e-01 7.900131103384362419e-01 7.939475827207018721e-01 7.538561636602897353e-01 7.870094741447752895e-01 7.599228094826097069e-01 7.758293423373663344e-01 7.733315036808683374e-01 7.828842015864523329e-01 7.744813161459758177e-01 7.943420440417586770e-01 7.763521248622895499e-01 7.858801003747449831e-01 8.032673913972060431e-01 7.904062699512242052e-01 7.852100681987639330e-01 8.018448098807122726e-01 8.031858204477878571e-01 7.986995519144708400e-01 8.002008067460940621e-01 7.916843586643417252e-01 7.868867800841893301e-01 8.133499358422778824e-01 7.982626220755772994e-01 7.939833276040284549e-01 8.109133136685480192e-01 8.108505337385785161e-01 8.040729557552686035e-01 7.971865648278594341e-01 8.031890827400167687e-01 8.040999439627549705e-01 7.907517982516257815e-01 7.923871295511780710e-01 7.834977955156651186e-01 7.862806181969251851e-01 7.947470252447432770e-01 7.897603367138742447e-01 7.871999159779526911e-01 7.876968802773725020e-01 7.964354281116424739e-01 7.915602382915369883e-01 7.920934381160692483e-01
2.114525379632763713e-01 1.972890418946663393e-01 3.622710566138090948e-01 5.181186863324348524e-01 4.737023390536865275e-01 5.344892410726299614e-01 7.208521034146742057e-01 6.973265836280786445e-01 1.000000000000000000e+00 7.321570862338406815e-01 7.953491258627886085e-01 7.836431731178334914e-01 7.499633989684046931e-01 7.562469824786079986e-01 8.067227844115917312e-01 8.220920138908942576e-01 8.071974914652568778e-01 6.684215498604759720e-01 7.611930185982733743e-01 5.283825551144643029e-01 6.290419205083622733e-01 7.461674056264251398e-01 7.340743101499164203e-01 7.458296162962156917e-01 7.567184324397192574e-01 8.547731602345332025e-01 8.468279630378043876e-01 8.343754213535274911e-01 7.791890992546958161e-01 8.244512509200809802e-01 8.469288886931591875e-01 8.518632672227429703e-01 7.932711782743995244e-01 8.283515826263105897e-01 8.262989108207702271e-01 8.319970208095799347e-01 8.457087258176463340e-01 8.466929898056435588e-01 8.498127487502650235e-01 8.301784614889505809e-01 8.576222601151646252e-01 8.518766900940818454e-01 8.378560553877737460e-01 8.560982567225267070e-01 8.607773073237733330e-01 8.492512168932359051e-01 8.456190892869676068e-01 8.617626695508413537e-01 8.581135299920338300e-01 8.300246206921616521e-01 8.555436446456349264e-01 8.252113170617495497e-01 8.405431710135887746e-01 8.535519314356644349e-01 8.488668112132337074e-01 8.635982200619439775e-01 8.653082926163659927e-01 8.513856327051951833e-01 8.448891740942360284e-01 8.666031929658617461e-01 8.453113554600596435e-01 8.632990188588580693e-01 8.533700805729634853e-01 8.686518565637042499e-01 8.784152860017709896e-01 8.775310831007460122e-01 8.585246116198629318e-01 8.646575177876802965e-01 8.674760934504073262e-01 8.217742811448089935e-01 8.367521723041948523e-01 8.673889455342949084e-01 8.628481379759059822e-01 8.576288548858979066e-01 8.661502818486978006e-01 8.598080298108661257e-01 8.567298553555087182e-01 8.580686199650517931e-01 8.691411525681674854e-01 8.593964326447186552e-01 8.625171450542279405e-01 8.630400055184146435e-01 8.705591021393898066e-01 8.646781087803175891e-01 8.483719499416487730e-01 8.650143063024816614e-01 8.626630642517947312e-01 8.549973146577476424e-01 8.584532183120771043e-01 8.648799276235813460e-01 8.545186491085017266e-01 8.535274830339069085e-01 8.590312153901051850e-01 8.570120033187937914e-01 8.434449271380495272e-01 8.519757562471534929e-01 8.312927712714295314e-01 8.378746250959516750e-01 8.433616887436879983e-01 8.454507466990174303e-01 8.529739521360311105e-01 8.470089722804492460e-01 8.466763760585076515e-01 8.468077134479093937e-01 8.596099293964872823e-01 8.502993847936551886e-01 8.461613250592988633e-01 8.554245390650369041e-01 8.559267455369659050e-01 8.473578427311951877e-01 8.492691401339929058e-01 8.525077036218883242e-01 8.539233946957197618e-01 8.523320401112942646e-01 8.613106192689686802e-01 8.603716591306991290e-01
8.129888761897358096e-02 2.064752651716835752e-01 2.641359233456724298e-01 4.415388587648416130e-01 4.281282511921205014e-01 5.020950119203065887e-01 6.645272253376781624e-01 6.516688691292372715e-01 7.321570862338406815e-01 1.000000000000000000e+00 7.290617416046066834e-01 7.352465622275486945e-01 7.057900841964052097e-01 7.137596471668038456e-01 7.784639640931599880e-01 7.700679109684914758e-01 6.832801041399314546e-01 5.315699172244556792e-01 6.239376465715935627e-01 4.072631571220288182e-01 4.878956103838372749e-01 5.874351395455560398e-01 6.295004026190370583e-01 6.126146604508221349e-01 6.127379122372613729e-01 7.629256379171761582e-01 7.531748348814824023e-01 7.400432121420549292e-01 6.850201715284152115e-01 7.321706777099958874e-01 7.631935241408546178e-01 7.685922729224954342e-01 7.190805489211783419e-01 7.372537361911030152e-01 7.381957229427429379e-01 7.319754625669935288e-01 7.599635135846370959e-01 7.966218015257430229e-01 7.913372384293169137e-01 7.742281570488760423e-01 8.078089756518848086e-01 7.981402719937180645e-01 7.525830761808467440e-01 7.958692605987807145e-01 7.919235638530072174e-01 7.883945691826899083e-01 8.087370373296735027e-01 8.188425409321612447e-01 8.029536161254781090e-01 7.566533997460545002e-01 7.937050412374145880e-01 7.179452120658335046e-01 7.825923300271098171e-01 8.099820625138279828e-01 7.991016009171894030e-01 8.083110769723343969e-01 7.838868035582864380e-01 8.080079567621005765e-01 8.086903902547720735e-01 8.090881734960772009e-01 8.003763899887766931e-01 8.038860154764456700e-01 7.945333621472606689e-01 7.989592697370837548e-01 7.982904361135141347e-01 7.993231461263968773e-01 8.126002071089244438e-01 7.973192834112119431e-01 8.053226681251918206e-01 7.425480497611705033e-01 7.619782103469244783e-01 7.951537422488541562e-01 7.880828187366036852e-01 7.742068651434196314e-01 8.181862102574489759e-01 8.138925823348064359e-01 8.132855588024794358e-01 8.008720717667274780e-01 8.096877036653564730e-01 8.062623284378914734e-01 8.114183248227836431e-01 8.140455228094490847e-01 8.200877358105919113e-01 8.007991976882103957e-01 7.959253175817020409e-01 8.075653054128892894e-01 8.101988423613508683e-01 8.157582174798440056e-01 8.138354562271856718e-01 8.186875096443810840e-01 8.060270079793695475e-01 8.119068870792049974e-01 8.123858087074397050e-01 8.126235729243361794e-01 8.135705674540900656e-01 8.168830851235252544e-01 7.825976016761697629e-01 7.871365702983872392e-01 8.116782243496440952e-01 8.014756319743112645e-01 7.990274455804153853e-01 8.063121596996757345e-01 8.007703761481743676e-01 8.074249033100268091e-01 8.034788493511419993e-01 8.056898643283646466e-01 8.108028954128664312e-01 8.172360299241080428e-01 8.182635739217125614e-01 8.125961530638186048e-01 8.134344903006779370e-01 8.140589238570121733e-01 8.151542272217326968e-01 8.073206240906442011e-01 8.098202563203753535e-01 8.076656491701479368e-01
1.018561095678612166e-01 1.621516424066282436e-01 3.636802835842709580e-01 5.682473323391062925e-01 4.840969898771258495e-01 5.720609252074833062e-01 7.451011281482141646e-01 7.339612935897699142e-01 7.953491258627886085e-01 7.290617416046066834e-01 1.000000000000000000e+00 8.384720040360038595e-01 7.848022839168113940e-01 7.882119772413146430e-01 8.518913408431350032e-01 8.455588723985738575e-01 7.876020382057362657e-01 6.570459857809098914e-01 7.616707337355270724e-01 5.544249258639749600e-01 6.564206090433972740e-01 7.529141996618335941e-01 7.078698605213576966e-01 7.327788750880593893e-01 7.431901788927881558e-01 8.440827344506358632e-01 8.514134165613809202e-01 8.242894512700118526e-01 7.540719025937855369e-01 8.138635785182569693e-01 8.555621123339787193e-01 8.556339102998694601e-01 7.974729837416852929e-01 8.295140654226248467e-01 8.267506725529201184e-01 8.284661032480671317e-01 8.493825657112983318e-01 8.637520449787100540e-01 8.659553884878326002e-01 8.575957156844256080e-01 8.813172354513916229e-01 8.742037347004043557e-01 8.593305054048173686e-01 8.857102916606145460e-01 8.864204057280439253e-01 8.738025596699349196e-01 8.808345606332144140e-01 8.853505684721870717e-01 8.805402267407833605e-01 8.477959836175817943e-01 8.722526134591888081e-01 8.382256152832283647e-01 8.728159407559438199e-01 8.726319593425965193e-01 8.683401670309062181e-01 8.772006385079700319e-01 8.705513797479531579e-01 8.806364385546709972e-01 8.694881814351367311e-01 8.851142502950096747e-01 8.715838052157552918e-01 8.799212795605166892e-01 8.742657060219591880e-01 8.787434881390799868e-01 8.847631627316633329e-01 8.858379099139499502e-01 8.844178260188855223e-01 8.908553706008648376e-01 8.894810381406335065e-01 8.616922191112469376e-01 8.757184001816598062e-01 8.882045064315536864e-01 8.816190839399584700e-01 8.790883252905969947e-01 8.916741250387371087e-01 8.870931241741863982e-01 8.858894864725461726e-01 8.731144055306471197e-01 8.892518677006759908e-01 8.841972816140462044e-01 8.871602407423437864e-01 8.901755932122008552e-01 8.909272928771211353e-01 8.862385037661612008e-01 8.829030523302676681e-01 8.904817195051818457e-01 8.869372778790064471e-01 8.883661002775700144e-01 8.898431274732958585e-01 8.887553643905424794e-01 8.874660356953206763e-01 8.881797908792220531e-01 8.916311517532889974e-01 8.892035989886029057e-01 8.823293277413610802e-01 8.851199010618115981e-01 8.758617099850818377e-01 8.701708508985604995e-01 8.819634263912253802e-01 8.833281882896849568e-01 8.894434659498279272e-01 8.844427801531750122e-01 8.826819167403909816e-01 8.844909315521209958e-01 8.894406340687698309e-01 8.820737355846820504e-01 8.826812436890114633e-01 8.850985633392640661e-01 8.854092065285472657e-01 8.835057731763127364e-01 8.828418329296953138e-01 8.846760849182612185e-01 8.848486036818555833e-01 8.847684227014345204e-01 8.873190981578346070e-01 8.862532171561826599e-01
1.200913141161098416e-02 1.166838207075954759e-01 3.481382574566724286e-01 6.421584313975325919e-01 5.181580267536368689e-01 5.882122189782896804e-01 7.905385748276840818e-01 8.005469534549244370e-01 7.836431731178334914e-01 7.352465622275486945e-01 8.384720040360038595e-01 1.000000000000000000e+00 8.325626074886970374e-01 8.380884474329847178e-01 9.063309330388253926e-01 9.034936917906432052e-01 7.824309453163706962e-01 5.625447609258744652e-01 7.251078964011382633e-01 5.182736428418701635e-01 6.565562270686472468e-01 7.543732819179046478e-01 6.212771132114284223e-01 6.621023455476512387e-01 7.146700694582615032e-01 8.204538400752476868e-01 8.349119042063936069e-01 7.947924222384448179e-01 6.863457838159596758e-01 7.594070375971155862e-01 8.144644704149135439e-01 8.366193132033175051e-01 7.833699827851535735e-01 7.956051794903539198e-01 8.019035605546991352e-01 8.048668821117768157e-01 8.307803388145634793e-01 8.787858470773723951e-01 8.697634680691191944e-01 8.822679354951941111e-01 9.030992126597284786e-01 8.998329847891781696e-01 8.778568034429539146e-01 9.177655371676788354e-01 8.916459151009999973e-01 8.852206848605232992e-01 9.123808027277247046e-01 9.077479175106886178e-01 9.119687992716896119e-01 8.745540781827382260e-01 8.925392731071019048e-01 8.741920924421341388e-01 9.213679439056368103e-01 8.960042467401840849e-01 8.932167005765885293e-01 8.769744127733518635e-01 8.950913950365205762e-01 9.082687641670605938e-01 8.934816795999354078e-01 9.130078364537222990e-01 8.981375381893322851e-01 9.063332931163970985e-01 9.019697823434328354e-01 9.023818947999301399e-01 9.005367366882781610e-01 8.994774078141940521e-01 9.060079055958712990e-01 8.938171245461619119e-01 8.886543189121910435e-01 8.754777340992564438e-01 9.171122799538238279e-01 9.049251761126136939e-01 8.710103176983607920e-01 8.941359281963678907e-01 9.122348018757696630e-01 9.084785537519609599e-01 9.133101209529007614e-01 8.577028128351269487e-01 8.959980071953800307e-01 8.786246170609826045e-01 8.927198423667870308e-01 8.950607992213779340e-01 8.998431427846594888e-01 8.886605445092039535e-01 9.045814539166745494e-01 8.942048313952016825e-01 9.034728364332392792e-01 9.161650476945349952e-01 9.070150470468369974e-01 9.038170818073236745e-01 9.171021351960654266e-01 9.232745552835506242e-01 9.210683648537150159e-01 9.176748206913519779e-01 9.178609246404606514e-01 9.155440239736249985e-01 9.164915615930181447e-01 9.022398369786196470e-01 9.115990218640160903e-01 9.205021165912830039e-01 9.223382822191887875e-01 9.178404089161087409e-01 9.238579806277761319e-01 9.239396660445665654e-01 9.181057463774631167e-01 9.139045184106334707e-01 9.152520719249306325e-01 9.113494130487116429e-01 9.114289199280734000e-01 9.195621236043224345e-01 9.152293856999939026e-01 9.151839158034301702e-01 9.140646071617245516e-01 9.156609618935104278e-01 9.152721152345945077e-01 9.171784903675352929e-01
1.818073412401356032e-02 1.016183424408299146e-01 3.077651427845864429e-01 5.591978641969214125e-01 5.246614290593095697e-01 5.601633308393483279e-01 7.328612841910363551e-01 7.499557079913412583e-01 7.499633989684046931e-01 7.057900841964052097e-01 7.848022839168113940e-01 8.325626074886970374e-01 1.000000000000000000e+00 7.917912882472382119e-01 8.559227677887221164e-01 8.561364560948974134e-01 7.302177810310375161e-01 5.546431496191736032e-01 6.953394963191216194e-01 4.913099574839785988e-01 6.096884009722185471e-01 7.154542327555160064e-01 6.144060508805095910e-01 6.356952325787305069e-01 6.877534668087100789e-01 7.950512836280700935e-01 7.963595194308421554e-01 7.561647054979947491e-01 6.751739477046853066e-01 7.240530965553937381e-01 7.731429210600002655e-01 7.948500451472453321e-01 7.388750047138989974e-01 7.535284532359670662e-01 7.611163822989465144e-01 7.624178280547025954e-01 7.873206277319647617e-01 8.278168444488163136e-01 8.250307467387926197e-01 8.283022244198721129e-01 8.571809387966431437e-01 8.537206478543303279e-01 8.363772377268547942e-01 8.652379494523779746e-01 8.502494170366812209e-01 8.446349906792687268e-01 8.625809360973284434e-01 8.637125225074173684e-01 8.601019089841216436e-01 8.236177740755197263e-01 8.440602298461995501e-01 8.194445328096289227e-01 8.654920339736330570e-01 8.483887915589006790e-01 8.449517600023598307e-01 8.388470412696793499e-01 8.373104297703991561e-01 8.621777501028974333e-01 8.464504791461747724e-01 8.660031207281843058e-01 8.533501261901617063e-01 8.527854245120750631e-01 8.463366083292175324e-01 8.506487500713449945e-01 8.561917260809064345e-01 8.509613939829446805e-01 8.646575553766417954e-01 8.540419969654182708e-01 8.467075284782844546e-01 8.281183021941647127e-01 8.656169069797858828e-01 8.672721397850556846e-01 8.310191322935850389e-01 8.478041122297118592e-01 8.691583689886391850e-01 8.638555457378755964e-01 8.657535002088481146e-01 8.269198991942142696e-01 8.547879284373757214e-01 8.395466664508195453e-01 8.534905122606515349e-01 8.528278937116453573e-01 8.575847817845638765e-01 8.474348174868475692e-01 8.604299508716068967e-01 8.530586800239933210e-01 8.580572087579810825e-01 8.709486809452464673e-01 8.615638600401949176e-01 8.634315384300407237e-01 8.671455255891610259e-01 8.755009012370241761e-01 8.719838477143589950e-01 8.716995105989676640e-01 8.718355686977237173e-01 8.698241277468112820e-01 8.704641146225805537e-01 8.608062523448967163e-01 8.661601121788194968e-01 8.765433224241016008e-01 8.759767985816414582e-01 8.730577737476550304e-01 8.733986835588308795e-01 8.766355116110854384e-01 8.752066160698032116e-01 8.668480951531061240e-01 8.704648371510675942e-01 8.669421355700156484e-01 8.674174653053485784e-01 8.707168099320679033e-01 8.702433807750010741e-01 8.701599841376016498e-01 8.675210240879434043e-01 8.712721177200640765e-01 8.694291050197962001e-01 8.708330988263681682e-01
