1.000000000000000000e+00 2.972040091456226718e-01 2.614156474481120207e-01 1.454788591537303777e-01 1.978928575497010123e-01 1.214389065045064636e-01 1.524915069335014972e-01 2.025877193994295167e-01 3.889093867773246727e-01 2.116229877132781989e-01 1.319783034719119175e-01 7.988332043305781949e-02 1.199440133895512822e-01 3.102823776625608307e-02 8.675427869222721022e-02 1.600368089596335419e-01 2.693396232384758227e-01 4.458933509128518158e-01 4.172605066641139060e-01 2.627799449754364414e-01 3.241539748992209313e-01 3.166781242476296998e-01 4.601263571963743471e-01 4.430158096371408782e-01 3.910957396869245706e-01 3.687736337724982216e-01 3.225959600322810816e-01 2.724288255458837127e-01 3.372452381640804742e-01 2.993696473969541527e-01 2.665555692695206758e-01 2.803615395168379543e-01 2.759542291684146109e-01 2.777472272980275325e-01 2.776811069348922301e-01 2.181140318341821538e-01 2.487038864400292204e-01 1.719030694413443972e-01 1.908974727745321731e-01 1.378097536588743788e-01 1.287889373081579081e-01 8.128657027757435483e-02 9.946282239027634531e-02 1.126893117514617404e-01 1.611222646689990934e-01 1.369840236857015059e-01 4.596472057849416981e-02 9.093178234898047219e-02 9.352126654764658653e-02 1.317364293731387304e-01 9.324922005459171381e-02 1.334381434283458401e-01 7.796461360907797067e-02 1.562800365533748570e-01 1.749687203450440709e-01 2.018045912984592349e-01 1.563649731073251115e-01 8.256491039629247630e-02 1.068470707941052145e-01 8.540323372526475998e-02 6.845787319861096343e-02 9.761024187779805683e-02 9.975112304022738796e-02 9.475299000668958860e-02 1.165617795586854771e-01 1.426755800587892475e-01 8.729064807746303445e-02 1.774483463249929560e-01 1.882499156087537040e-01 1.575806202521274624e-01 1.370835489495073889e-01 1.619470512263952722e-01 2.225385509179856891e-01 1.920374764600185635e-01 1.297471104607444692e-01 1.263196293313786633e-01 1.007892062032724328e-01 1.546243649960040711e-01 1.272361842958874278e-01 1.309148971878060785e-01 1.442944314895478197e-01 1.062943164106199406e-01 1.553429116767734430e-01 1.435731190180961070e-01 1.103650964680539803e-01 1.426758629075498275e-01 1.122649385228916691e-01 6.484214396744598929e-02 8.728920236881405892e-02 1.073090215878350628e-01 6.680747064498077092e-02 3.751877628508265561e-02 6.598578269430657728e-02 5.108478406101817082e-02 1.818499898684094312e-02 4.970540826449985211e-02 5.536140638738726305e-02 9.461369791715745770e-02 2.822116641943311563e-02 2.542540095099519309e-02 1.254351501278570986e-02 3.781264861943823413e-02 3.377320452600367229e-02 2.753124198788841834e-02 7.556118855289782610e-02 9.713383645968905189e-02 5.981117468941736515e-02 5.843481835122169010e-02 8.362750412822066159e-02 4.397165726508700523e-02 4.081364883971197455e-02 4.578251856208462311e-02 3.633181958563211356e-02 5.515817628961874886e-02 7.542022288819995313e-02 6.254779126211382212e-02
2.972040091456226718e-01 1.000000000000000000e+00 1.739964871827801574e-01 6.734131478123292491e-02 1.554582473223599381e-01 1.600067955863831159e-01 1.813736629071755480e-01 1.915606395104408610e-01 3.207636757521585280e-01 2.894628480597432607e-01 2.080169330089957636e-01 1.236221497053932861e-01 1.898518634329846577e-01 1.543190789206835278e-01 1.792693286207325543e-01 1.997745032708033441e-01 2.269481705576014419e-01 3.362130627810048789e-01 3.435240528544193928e-01 1.475773610641008537e-01 2.333757092596314975e-01 2.911182748074627735e-01 3.673875072417042698e-01 3.450740653498199362e-01 3.565430646847844720e-01 3.285608551197419791e-01 2.897821801322655877e-01 2.820237039113752120e-01 3.080482428195442379e-01 3.217818218898156335e-01 2.986167654346756350e-01 2.788151522286716477e-01 3.029778987050433803e-01 2.787275997943574612e-01 3.076777887478556739e-01 2.316364437743456406e-01 2.756317463305971716e-01 2.383806912423249713e-01 2.456367043538291162e-01 2.009057191962241862e-01 2.091080610655239869e-01 1.734797436611384969e-01 1.806835919316978623e-01 1.916565069076159589e-01 2.195479663756167432e-01 2.276614990277703587e-01 1.695909266541589799e-01 1.934475185107772666e-01 1.847755907088997340e-01 1.967364462466220654e-01 1.800797979448493513e-01 1.744097787417803747e-01 1.636127818154099467e-01 2.342467097128838882e-01 2.587468540264526440e-01 2.602712995147891117e-01 2.155791891635571722e-01 1.861509135149410910e-01 2.125470787792910765e-01 1.798733671681428115e-01 1.692080328728149952e-01 2.031387001470032483e-01 2.045138669458783365e-01 1.800093818039595617e-01 1.914937394546143978e-01 2.097115965768840407e-01 1.810641271384199058e-01 2.424162435312204322e-01 2.432848834546350314e-01 2.059557307034731999e-01 2.091446388013016022e-01 2.364436831610957079e-01 2.589799261864723090e-01 2.423203905080758558e-01 2.099716697304978286e-01 2.053441664985198312e-01 1.943996236263748068e-01 2.266295538329040904e-01 2.169107077622250412e-01 2.272509855416075530e-01 2.269041154459388865e-01 2.082629616517345517e-01 2.173420824526007822e-01 2.362093598610038869e-01 1.923026332000469796e-01 2.216800590001130056e-01 2.043427264540822186e-01 1.771180034819521687e-01 1.944563846046734878e-01 1.936893944039712323e-01 1.726511354378973406e-01 1.606356256545988792e-01 1.773275948520272316e-01 1.687573492528028629e-01 1.536326735130155441e-01 1.709384266216286141e-01 1.555868738813650232e-01 1.721144524825570787e-01 1.528162175422040081e-01 1.437741854761801497e-01 1.385120544119532449e-01 1.522537698124351302e-01 1.483342457964237082e-01 1.518730438097228019e-01 1.681900541223188550e-01 1.806373677737332928e-01 1.673764523857901310e-01 1.811792113623492406e-01 1.951711781372468535e-01 1.671022512199979160e-01 1.648881031801348318e-01 1.626970562065970238e-01 1.639819848963201265e-01 1.641193947768420647e-01 1.710274233540721445e-01 1.666797272366527249e-01
2.614156474481120207e-01 1.739964871827801574e-01 1.000000000000000000e+00 4.046837521568265039e-01 2.664620297901358348e-01 2.740800554587098925e-01 4.048209995137672657e-01 4.088476128878327787e-01 4.467510109671848362e-01 3.945462259227043855e-01 4.035286093365130777e-01 4.201406435346217161e-01 3.657755240716034084e-01 3.421032297555238189e-01 4.030132155889413204e-01 4.264008352695983772e-01 4.472903654581864008e-01 4.478189672551422529e-01 4.628223975044875593e-01 4.097896285106729097e-01 4.762094175499996251e-01 4.712055751032622752e-01 4.496808375860117946e-01 4.360059692270014109e-01 4.422178826100500726e-01 4.969640694359678812e-01 4.851483604880083567e-01 4.650764327064120240e-01 4.625058468144987445e-01 4.481582214953037102e-01 4.641676092441111012e-01 4.558929089730177631e-01 4.407319499094326520e-01 4.390954309035497438e-01 4.397417196003011730e-01 4.395330547931091125e-01 4.448257441849991500e-01 4.354219658404235305e-01 4.368537675040093937e-01 4.291712976291015558e-01 4.188849886343994910e-01 4.067757692977828632e-01 4.221017298959862662e-01 4.214103225576225631e-01 4.336839734454335793e-01 4.221034237821758572e-01 3.809074419416052515e-01 3.963218998121976200e-01 4.043880389222719862e-01 4.241901950811358679e-01 4.102455999640896578e-01 4.293368548265994455e-01 4.111218401235682274e-01 4.117189664295801688e-01 4.220555785296686291e-01 4.387118163039550600e-01 4.289541919717844154e-01 4.048943564123577699e-01 4.006914882884481388e-01 3.958178674777571571e-01 3.980278758884198687e-01 4.036800936271717766e-01 4.038479359725659634e-01 4.079440237610063025e-01 4.130991366545575527e-01 4.214142908206154892e-01 3.973352996254944647e-01 4.322385666011890892e-01 4.320901229628331119e-01 4.364032623584361836e-01 4.369680757651600023e-01 4.335946895163829140e-01 4.348045064823017891e-01 4.323950759169307712e-01 4.304528044593124991e-01 4.220527625004625305e-01 4.088653308519952789e-01 4.236371807854477645e-01 4.234012709282714559e-01 4.172505122401781175e-01 4.273373280197278468e-01 4.168824588928924380e-01 4.295253326967810037e-01 4.182123462994468133e-01 4.158316657964274965e-01 4.166116587988134556e-01 4.150522511890049615e-01 3.981149830551721780e-01 4.000615782852073865e-01 4.099226241793988978e-01 4.019718344785068176e-01 3.821237811102798365e-01 3.962476597412272206e-01 3.895163227642751136e-01 3.715419826865720143e-01 3.810986081972245754e-01 3.986118344755112952e-01 4.127289654575674316e-01 3.818423895616072650e-01 3.858739307615666192e-01 3.786107895855754246e-01 3.871555374812667982e-01 3.897724581713816194e-01 3.826340730554106395e-01 4.053623529727401475e-01 4.084419596737675628e-01 3.906540779618009607e-01 3.819479116999772161e-01 3.998576242778253409e-01 3.845823166246901126e-01 3.842395112514222499e-01 3.852659303941617375e-01 3.803156223344238973e-01 3.924458689855340743e-01 3.998058144928240965e-01 3.907536197712042636e-01
1.454788591537303777e-01 6.734131478123292491e-02 4.046837521568265039e-01 1.000000000000000000e+00 3.770611527396869889e-01 4.059747129296920054e-01 5.914976119079063954e-01 5.775452742974307441e-01 5.195857735690078139e-01 4.919789805849936748e-01 5.783715784399473536e-01 6.704311294746622130e-01 5.265698924371723377e-01 4.990830944295255867e-01 5.873646931676133054e-01 6.085681698079176138e-01 5.962128697316457782e-01 5.021040164310635046e-01 5.072245256486130893e-01 6.025680435947875502e-01 6.200631821910352892e-01 5.771978585795359828e-01 4.465329308781963435e-01 4.666635125755765334e-01 4.686891274333135349e-01 5.750031816661327344e-01 6.135999195533858863e-01 5.864279470034103880e-01 5.516362676771703333e-01 5.081797669121248529e-01 5.642673466990488773e-01 5.831113575558284357e-01 5.328816226530803668e-01 5.333444106790803385e-01 5.047874155877332125e-01 5.887836700343104246e-01 5.590165928580712595e-01 5.829697125999643292e-01 5.688928790645734201e-01 6.119727280592603957e-01 5.936724463303266752e-01 5.978972860056148697e-01 6.116142579554723069e-01 6.167630245284280166e-01 5.989442829739811680e-01 5.752876683765070220e-01 5.644896442245547208e-01 5.665973328788542762e-01 5.834667296454135732e-01 5.947604381981980159e-01 5.972233899394129297e-01 6.230169052990406353e-01 6.217735147954044361e-01 5.611043533436713693e-01 5.581536718361364002e-01 5.665667846494275572e-01 5.927898288414771288e-01 5.831910067145539278e-01 5.598643032181355172e-01 5.802019342449000749e-01 5.874474622356423703e-01 5.717910433313322383e-01 5.727468780756040934e-01 5.860132919787327532e-01 5.843803959429919592e-01 5.907071817746576414e-01 5.712224935807668214e-01 5.804937304728173819e-01 5.718510169251442843e-01 6.199047965711181885e-01 6.101554027993391083e-01 5.810989724689219482e-01 5.651296810365918910e-01 5.736386158621805675e-01 5.937456984851384734e-01 5.957573503634936429e-01 5.789942463734371048e-01 5.814281171475104149e-01 5.814784259858115645e-01 5.509109018704420047e-01 5.665846333929476231e-01 5.686602953357721146e-01 5.862467558391165623e-01 5.472135074489513640e-01 5.806624929043406880e-01 5.653878283477257183e-01 5.787354167457146037e-01 5.767136110329127430e-01 5.641655392568268867e-01 5.801363473424500095e-01 5.896632488224839985e-01 5.728184092607878641e-01 5.799733990575450804e-01 5.744325059131819566e-01 5.558202287599314229e-01 5.601501091339383676e-01 5.943118919425736113e-01 5.956610925879050056e-01 5.690326465911472731e-01 5.807306011102952858e-01 5.775019479376108933e-01 5.775091390387662171e-01 5.932006741837085873e-01 5.786155966858852473e-01 5.941328241006448296e-01 5.863236554150346169e-01 5.716068905485670593e-01 5.575346706732465796e-01 5.699258366827431033e-01 5.698788920096626853e-01 5.707813172924197653e-01 5.708284011826547655e-01 5.662151635182789411e-01 5.758587028250508055e-01 5.800591712490544838e-01 5.741160172683733576e-01
1.978928575497010123e-01 1.554582473223599381e-01 2.664620297901358348e-01 3.770611527396869889e-01 1.000000000000000000e+00 3.540630308646621760e-01 5.013983774982445629e-01 5.067978501551141379e-01 5.035555631578459979e-01 4.602115707956561663e-01 4.820278015091097878e-01 5.048930953599947147e-01 4.793411036393125935e-01 4.349383106074128369e-01 5.168308551129832118e-01 5.327561479434995695e-01 5.079326440932355746e-01 4.778039255063745716e-01 4.845887106673876232e-01 4.292363837152070039e-01 4.452765260740276787e-01 4.928857598684561192e-01 4.731311914550161424e-01 4.580493395984184812e-01 4.728260929724397155e-01 5.263213369656511986e-01 5.324554182550330639e-01 5.292382872132594951e-01 5.076705233705942621e-01 5.120414796729282347e-01 5.253004154360677580e-01 5.282754415442822982e-01 4.895544088528156479e-01 5.070752655289288979e-01 4.934159656053481169e-01 5.313945769385596263e-01 5.187151437756177819e-01 5.148629113652680722e-01 5.202271037724155445e-01 5.032954057650561586e-01 5.225561934385886120e-01 5.153481010400674522e-01 5.190246725378981907e-01 5.280132110087327746e-01 5.323091918465490124e-01 5.131160693128470340e-01 4.921822087104820165e-01 5.082903769908952984e-01 5.070279363102767611e-01 5.067584679625711797e-01 5.033136645934599418e-01 5.216351273254041798e-01 5.140035818624725250e-01 5.177057470866995859e-01 5.181024267058145227e-01 5.289843373611392563e-01 5.210922369889872119e-01 5.076568828634487884e-01 5.020703833562377705e-01 5.178059636208071081e-01 5.052756136815641508e-01 5.114644422700291848e-01 5.079391265069675976e-01 5.126489862227329164e-01 5.216729100202579517e-01 5.278404696317955391e-01 5.112098005308602922e-01 5.321636598012428054e-01 5.299251990869354723e-01 5.214033600980703120e-01 5.191041598824801540e-01 5.277983905576668633e-01 5.256677491018918458e-01 5.233675145675680263e-01 5.239316827738003113e-01 5.226740533260023636e-01 5.165864093304485261e-01 5.206553436230526577e-01 5.169564916204445471e-01 5.061770149172079014e-01 5.113056595186971087e-01 5.114067243304087906e-01 5.270281673699592773e-01 5.058761352960349233e-01 5.054596560198840738e-01 5.135056130645547778e-01 5.116242177886519693e-01 5.002624918716196412e-01 5.076361190302035586e-01 5.184353126479325224e-01 5.028938394553766900e-01 4.973817829934293333e-01 5.105386550333096407e-01 5.004890680617603005e-01 4.909922914583937925e-01 4.978109365945959652e-01 4.969635020210032006e-01 5.061988604439925377e-01 4.947317051423575918e-01 4.914068796950188389e-01 4.933632150260795490e-01 4.987428966636802685e-01 5.011944917862874993e-01 5.018166351164803363e-01 5.114298833232411301e-01 5.107572158191643341e-01 5.022825871941646314e-01 5.033712332563834435e-01 5.109934061957842610e-01 5.012979311934011584e-01 4.986746613025841990e-01 5.030499030755490875e-01 4.967445343644816824e-01 5.060106515145654793e-01 5.121312858762109288e-01 5.048092710837593922e-01
1.214389065045064636e-01 1.600067955863831159e-01 2.740800554587098925e-01 4.059747129296920054e-01 3.540630308646621760e-01 1.000000000000000000e+00 5.214551184391119643e-01 4.982203887381102536e-01 5.110151830817732943e-01 5.147348427503163348e-01 5.516203507731139988e-01 5.689816040030035715e-01 5.064124123208040285e-01 5.214460109621659178e-01 5.809455883895903172e-01 5.717690909507164854e-01 5.399689425198942461e-01 5.172233612659117297e-01 5.264511089065763150e-01 4.556696902869836197e-01 5.127518809067344030e-01 5.500280569844665512e-01 4.899198138065926078e-01 4.992503164982159958e-01 5.219669803457039903e-01 5.644443246529854408e-01 5.865971632538384828e-01 5.890400958290407107e-01 5.586055470799585754e-01 5.582574291733294336e-01 5.899549160646008206e-01 5.939353138395858656e-01 5.665807869211003656e-01 5.734676696058099710e-01 5.659371509118944488e-01 5.983540927735283566e-01 5.933291352637429794e-01 5.955329419588870632e-01 5.998054346408561166e-01 5.906624430687045235e-01 6.104256264268006493e-01 6.028738699121517497e-01 5.977154988778501377e-01 6.015793109741675027e-01 6.075669795361983150e-01 5.888063218710903879e-01 5.891249647192583483e-01 5.945147739998202230e-01 5.908352879753194786e-01 5.918114364124584803e-01 5.953897117212243462e-01 5.831036034953119840e-01 5.907173874437698924e-01 5.952096941816391595e-01 5.960941090918024932e-01 6.017607826491970791e-01 5.961707398715284656e-01 5.920576641494644798e-01 5.921237861970177763e-01 5.877041818072095136e-01 5.957003361700777821e-01 5.925207696818090009e-01 5.950171859946331576e-01 5.937500408378170169e-01 5.893342763021278685e-01 6.013249911773537182e-01 5.926324785543803930e-01 6.089306516179615603e-01 6.045809113188809203e-01 5.939097574638253496e-01 6.070817179209954118e-01 6.063579157761668226e-01 6.002972198952115646e-01 6.056401833589095673e-01 6.032705851893689353e-01 6.063150363037961288e-01 6.000232192204789650e-01 6.052630828267430152e-01 6.049329527011870766e-01 5.942985558824438463e-01 6.016435967771238680e-01 5.966494813412511755e-01 6.034659561221508151e-01 5.958330402220775035e-01 5.952056206378814052e-01 6.007008346418667433e-01 6.041306753508827176e-01 5.911821312875623624e-01 5.946770692271997616e-01 5.973480484762468956e-01 5.982503364134970081e-01 5.902975128498101354e-01 6.005327611055556458e-01 5.931060420570960501e-01 5.810884131161163646e-01 5.893900896554501445e-01 5.878055208687659183e-01 5.939702043034018608e-01 5.870825792628112660e-01 5.901498876515700598e-01 5.853576370972887188e-01 5.880388773088344179e-01 5.863175050855433668e-01 5.873236117447474536e-01 5.981444509867491766e-01 5.920659439153987957e-01 5.901098803123675518e-01 5.879301481285477138e-01 5.959430459761467791e-01 5.881215440235827430e-01 5.869800734726939861e-01 5.866288062541085147e-01 5.850549496180517117e-01 5.903215535364200184e-01 5.929390840116248729e-01 5.864528633576429062e-01
1.524915069335014972e-01 1.813736629071755480e-01 4.048209995137672657e-01 5.914976119079063954e-01 5.013983774982445629e-01 5.214551184391119643e-01 1.000000000000000000e+00 7.616871832496678874e-01 7.106562283809738645e-01 6.819353552430507115e-01 7.538891119700136256e-01 7.938781267462236002e-01 7.022992103684846388e-01 6.942314891978410563e-01 8.421424059363291637e-01 8.143628988089635090e-01 7.543441793237676274e-01 6.214682446039702102e-01 6.312033411312044651e-01 6.389761215263700667e-01 6.119036813145869447e-01 6.479416035868215129e-01 6.104339676055369202e-01 5.917465633284684223e-01 5.984224562957015658e-01 7.492063552526876391e-01 7.615824220941370681e-01 7.836775921515259924e-01 7.301403376675386081e-01 7.066355753193674927e-01 7.505471512574217741e-01 7.869782580063737765e-01 7.303061426076246088e-01 7.384117256662492412e-01 7.143546733752678124e-01 7.725116927414088508e-01 7.541818546471931173e-01 8.060250277963706411e-01 7.878512390997817194e-01 7.999681191498125843e-01 8.036577705217679002e-01 8.104045063005926863e-01 8.171298779152506020e-01 8.187887712223206327e-01 7.974751154752753868e-01 8.025611098135668753e-01 7.861180371750171592e-01 7.960466386581688258e-01 8.065730555234855714e-01 7.951632697162329677e-01 8.067091392621716928e-01 7.855982841423414520e-01 8.004392872801462389e-01 7.928634191640305806e-01 7.977367583628178771e-01 7.964623825906343990e-01 8.123903782143139241e-01 7.998656823525669424e-01 8.003428004753093683e-01 8.024474616378687308e-01 8.012137147507935042e-01 8.075400222106638992e-01 8.069995749450304956e-01 8.076862863337326282e-01 7.896927069445284220e-01 8.065905360227844101e-01 7.956820636271998426e-01 7.904736003454412296e-01 7.967073000896761625e-01 7.979257291252431772e-01 7.675506016279898258e-01 7.789920712013360671e-01 7.730190486990325960e-01 7.640820258111025165e-01 8.060709625883185625e-01 8.036822329250008501e-01 8.001888945496782313e-01 7.991606957421003576e-01 7.955068581134665529e-01 7.714078875619905240e-01 7.798273595406722825e-01 7.836782836342458536e-01 8.039519014942941855e-01 7.773672456669332709e-01 7.959586551852292358e-01 7.899744635144526628e-01 7.912569772904798349e-01 8.002322829534394000e-01 7.933662889270663987e-01 8.022642167911371303e-01 8.007576809658837336e-01 7.935650818930944927e-01 7.963285293172123191e-01 7.932919479815795372e-01 7.818179883348902459e-01 7.899040441836863158e-01 8.045599596131004505e-01 8.028571650043527796e-01 7.920277767946135583e-01 7.951506613758129172e-01 7.914702445116026386e-01 7.981185501164018703e-01 7.931559921592142848e-01 7.956049974070346087e-01 8.013685079526741140e-01 8.058534706101000422e-01 7.992908446344636486e-01 7.917036045886935991e-01 8.024117453129369082e-01 7.942269515544878589e-01 7.985875198849139434e-01 7.948280759477338586e-01 7.942537828247704379e-01 7.988842584417820136e-01 7.891021134584447205e-01 7.936596765810137732e-01
2.025877193994295167e-01 1.915606395104408610e-01 4.088476128878327787e-01 5.775452742974307441e-01 5.067978501551141379e-01 4.982203887381102536e-01 7.616871832496678874e-01 1.000000000000000000e+00 7.025395015016461242e-01 6.758967899184268324e-01 7.399757911538777932e-01 7.725031141601998996e-01 7.162756112790021890e-01 6.717389493399155143e-01 8.007564698664495495e-01 8.220272521052228720e-01 7.539460805027153878e-01 6.562917151135485572e-01 6.648402092478654657e-01 6.463213908625816684e-01 6.412821379497513075e-01 6.741645131254397905e-01 6.462996039898390999e-01 6.282139638353587685e-01 6.312083188137876943e-01 7.467833180880040223e-01 7.594407588535995179e-01 7.654533117945099274e-01 7.055778491974300515e-01 7.063728489598932736e-01 7.418414446632833892e-01 7.857482854256169214e-01 7.265204414749609763e-01 7.369167475604569972e-01 7.093700536053811900e-01 7.580145269910626427e-01 7.449815831842196978e-01 7.896114582030459017e-01 7.781406480827354200e-01 7.770841664782411895e-01 7.839774471550466917e-01 7.870949151543773503e-01 7.999114601033844307e-01 7.977603382435901613e-01 7.834556475094290873e-01 7.843959212008896342e-01 7.653092099987716113e-01 7.724291755552454841e-01 7.868543068582991573e-01 7.801547640531356631e-01 7.894023745111365953e-01 7.706758010901212375e-01 7.753220694164476567e-01 7.785251517229579976e-01 7.869399486413711786e-01 7.880686153237200786e-01 7.982533333045673807e-01 7.845215812709491754e-01 7.874050604216615845e-01 7.784739351415612685e-01 7.804482652476372184e-01 7.861377051057607535e-01 7.865884872085723289e-01 7.858084241820937343e-01 7.721162905768265139e-01 7.878142709752617989e-01 7.784093123511937051e-01 7.885468626189640062e-01 7.891455917199358128e-01 7.870293129434260404e-01 7.685207029936627077e-01 7.783139260356437550e-01 7.754506484543359779e-01 7.660405582667304536e-01 7.878613291384767292e-01 7.826033983965626772e-01 7.770559432011709955e-01 7.734908689859992803e-01 7.770281222055605008e-01 7.570758180977598117e-01 7.667769886707067606e-01 7.660642771573423770e-01 7.920173276247230998e-01 7.632206556921730112e-01 7.794536387048386361e-01 7.767749123031080227e-01 7.760745366663356348e-01 7.771046588415331247e-01 7.742174312301223216e-01 7.832787722188027102e-01 7.744409284378861447e-01 7.687427678706089118e-01 7.732677595291289618e-01 7.684038049531018988e-01 7.574926274063980003e-01 7.662050348835106606e-01 7.832920840503549975e-01 7.852113776503565346e-01 7.679144718181000195e-01 7.710098994815599571e-01 7.658979390966349499e-01 7.745217314349017723e-01 7.682701082041721863e-01 7.718170645322623979e-01 7.830281446488345232e-01 7.881059178552941580e-01 7.771235347230933677e-01 7.668819102589070624e-01 7.801075656283146254e-01 7.720389330156532948e-01 7.739032900864536435e-01 7.698469770894843522e-01 7.694777816791336100e-01 7.751967577272650400e-01 7.716966719855710144e-01 7.705282316090462658e-01
3.889093867773246727e-01 3.207636757521585280e-01 4.467510109671848362e-01 5.195857735690078139e-01 5.035555631578459979e-01 5.110151830817732943e-01 7.106562283809738645e-01 7.025395015016461242e-01 1.000000000000000000e+00 7.481882635312856467e-01 7.670373941957293606e-01 7.423098929564996284e-01 6.955695612848674658e-01 6.655852501312968794e-01 7.759898778065597025e-01 7.943487114171338126e-01 8.101190795392846367e-01 7.960398530861019228e-01 8.037020488317695444e-01 6.450628122404612474e-01 7.117476923899566099e-01 7.878585001793840803e-01 7.952743244734338246e-01 7.802899299660811527e-01 7.956800760829697561e-01 8.602887048297538364e-01 8.457512938329176944e-01 8.410674392540011812e-01 8.161549589493648504e-01 8.428069326893590230e-01 8.520037231719703730e-01 8.588301788480854349e-01 8.227321017666840985e-01 8.296664654923069371e-01 8.340556661367070079e-01 8.236105536880587996e-01 8.481879298410573975e-01 8.233532447943073818e-01 8.320375753682034414e-01 7.813346138219039450e-01 8.163848549559076240e-01 7.852798502856843665e-01 7.910807129976719088e-01 8.086798488716062661e-01 8.311705754644631572e-01 8.159489475991488217e-01 7.675455211840025438e-01 8.009314886950046342e-01 7.979493571430122945e-01 8.027536191322488524e-01 7.905402333494258027e-01 7.905089851837037163e-01 7.797801374378234840e-01 8.279742817121515941e-01 8.356121989727467447e-01 8.438027075957208467e-01 8.262623075145533180e-01 7.904259779382761808e-01 7.995301794873528323e-01 7.935681864669432706e-01 7.816888982827747689e-01 8.045938908145051638e-01 8.056625489789852601e-01 7.989806598811765026e-01 8.049000272431138248e-01 8.239012723487320056e-01 7.953132704893768334e-01 8.355474674029954585e-01 8.408838149781642235e-01 8.115794964657282451e-01 8.072762860035953558e-01 8.307342829334036782e-01 8.420670023515067770e-01 8.290461550071669405e-01 8.184408860295835364e-01 8.155788177322940147e-01 7.983367818786204495e-01 8.160145680569191873e-01 8.127283039298593970e-01 8.075365018484433888e-01 8.187431303374205216e-01 8.037373717406466334e-01 8.292445207310363831e-01 8.163537190522484055e-01 7.966859994378525656e-01 8.179788880611625901e-01 8.053930418167210004e-01 7.784222238730551524e-01 7.934156371795944018e-01 8.065941139566856766e-01 7.767660815828667520e-01 7.657893062823233343e-01 7.868569841246353391e-01 7.747895555338101259e-01 7.539760501100498669e-01 7.758310136278974145e-01 7.702743882128441077e-01 7.952187999345898817e-01 7.642109981296889565e-01 7.577899919666247763e-01 7.493586670803971117e-01 7.680862737875445712e-01 7.653714713584462981e-01 7.617103086513203891e-01 7.889369854022174611e-01 8.002458967624507258e-01 7.821533415840267178e-01 7.826855608939736753e-01 7.975144958209602342e-01 7.723896913604025860e-01 7.690274797977406651e-01 7.723183888406951469e-01 7.683938429012572291e-01 7.794898776305496657e-01 7.880441739615317021e-01 7.827287660629341781e-01
2.116229877132781989e-01 2.894628480597432607e-01 3.945462259227043855e-01 4.919789805849936748e-01 4.602115707956561663e-01 5.147348427503163348e-01 6.819353552430507115e-01 6.758967899184268324e-01 7.481882635312856467e-01 1.000000000000000000e+00 7.468194508319075942e-01 7.549111355365880627e-01 7.128763007312506339e-01 7.051064738212029503e-01 7.930387032625230148e-01 7.819749451600960244e-01 7.424564517104472738e-01 6.838214019393953347e-01 6.978932472351497829e-01 5.900722272950846836e-01 6.404374691102200368e-01 7.222496924150484388e-01 6.888762065361324627e-01 6.758276485141996304e-01 7.065188457618187812e-01 7.919650840050650453e-01 7.954648359520294365e-01 8.101291973716321371e-01 7.637862193470611460e-01 7.932543398921376721e-01 8.126728020202512726e-01 8.077851828509112764e-01 7.880973362851144692e-01 7.811097523155977607e-01 7.862223696605692425e-01 7.690900638551576574e-01 7.963108294219948258e-01 8.118911281087803911e-01 8.202861962253604755e-01 7.844109785062021167e-01 8.184726786651076447e-01 8.001147616213402092e-01 7.940316427229595631e-01 8.090418411175511748e-01 8.139470098009575771e-01 8.129556478868291691e-01 7.955811508618149119e-01 8.153595364015113756e-01 8.050960003120002373e-01 7.845769258042869509e-01 7.969767230938696878e-01 7.668135892693491718e-01 7.821674240008662515e-01 8.155709723794667410e-01 8.193358439933021709e-01 8.273866570834019774e-01 8.029735559855221139e-01 8.020526571564554619e-01 8.103032081218679572e-01 7.982263258624665569e-01 7.964027935123132451e-01 8.059161027096118923e-01 8.032719363865019613e-01 8.000369409031267143e-01 8.014753274256656290e-01 8.059035092366300113e-01 8.050129112610864279e-01 8.224793029580260706e-01 8.256419929676652725e-01 8.028475216995398789e-01 8.044208210673081672e-01 8.205178695186156057e-01 8.158457316527530923e-01 8.094434813168835952e-01 8.243506871548271775e-01 8.200824787770344404e-01 8.126734250105386304e-01 8.205259630477272914e-01 8.217405632117312786e-01 8.187385561762059449e-01 8.212680328015899978e-01 8.204153560797505795e-01 8.177289314936694309e-01 8.216238678043342736e-01 8.097530701234504358e-01 8.176515770175063480e-01 8.125366160995485254e-01 8.075624488518741151e-01 8.135348676125986334e-01 8.128154048969594703e-01 8.038516616206565768e-01 7.966983777001441780e-01 8.067842891607355238e-01 8.030550129415110483e-01 7.900515176503590808e-01 8.007079668945014106e-01 7.906851394203271433e-01 7.932947291173731985e-01 7.918085763359566931e-01 7.897669234870541288e-01 7.865243491622136984e-01 7.920883098439019943e-01 7.867262095821099255e-01 7.926311693634898736e-01 7.978931538913389687e-01 8.016693478896135261e-01 7.983188431241549088e-01 8.042525406294949164e-01 8.129286739808549989e-01 7.989988094768373239e-01 7.982605741796278132e-01 7.959711578000383536e-01 7.960580362062155135e-01 7.977978199945645610e-01 8.005310262152417478e-01 7.950526685074048583e-01
1.319783034719119175e-01 2.080169330089957636e-01 4.035286093365130777e-01 5.783715784399473536e-01 4.820278015091097878e-01 5.516203507731139988e-01 7.538891119700136256e-01 7.399757911538777932e-01 7.670373941957293606e-01 7.468194508319075942e-01 1.000000000000000000e+00 8.634192015583364022e-01 7.818173913519426144e-01 7.783638825140926087e-01 8.755077249665879080e-01 8.593157194008296251e-01 8.033473864038891410e-01 6.981410568045111065e-01 7.267108327952284119e-01 6.507709682078988145e-01 7.023311464786905489e-01 7.724771475339149429e-01 6.870645497515546207e-01 6.785856275694553963e-01 7.221277706339924718e-01 8.174825756304258118e-01 8.389447188684717727e-01 8.450310422995447324e-01 7.822690153327883644e-01 8.237425453471941550e-01 8.627437437551526145e-01 8.613578232535042956e-01 8.233503009133376072e-01 8.237244177226948905e-01 8.230900867040070734e-01 8.455421532822957609e-01 8.570163556407911498e-01 8.747459662013149506e-01 8.773029710627299194e-01 8.553979811905004782e-01 8.914742848824249721e-01 8.851329415495938768e-01 8.814050051926884954e-01 8.967071470776765141e-01 8.930997204565409575e-01 8.880417988725892720e-01 8.879601208730447670e-01 8.951469847942532532e-01 8.944118321347166445e-01 8.748139461633934744e-01 8.886398319805325352e-01 8.684715996900955748e-01 8.861913432359873610e-01 8.900816546234350257e-01 8.879569401325201339e-01 8.888286910585193601e-01 8.898804663701576079e-01 8.956471010340241179e-01 8.900828128363172942e-01 8.909996888673812343e-01 8.947643159532783219e-01 8.949260976490958086e-01 8.922989857797747337e-01 8.933692749849557746e-01 8.878015204052253084e-01 8.950783085639786307e-01 8.952511493209285298e-01 8.954099052084562027e-01 8.929953731938213846e-01 8.851493439859334789e-01 8.897301766831720027e-01 8.964086886105164798e-01 8.756439697433107128e-01 8.802410936938762642e-01 9.042150043921773905e-01 9.012282678337159014e-01 8.939787107726199222e-01 8.908251464448574408e-01 8.989534242064818326e-01 8.898274224903471863e-01 8.929985501014580107e-01 8.983146416748724050e-01 8.987379828727771747e-01 8.891862426818291087e-01 8.918119368733052887e-01 8.918036108050167998e-01 8.938165871997688638e-01 8.930620884133786408e-01 8.947800604425356630e-01 8.961636330316806731e-01 8.919818259850210707e-01 8.914264076480585830e-01 8.951912927765193206e-01 8.932919525323589349e-01 8.870154964868054437e-01 8.937776567399222660e-01 8.876958641021640561e-01 8.925445332816482891e-01 8.911325329314245813e-01 8.891406017892098390e-01 8.872546936012473129e-01 8.920580141620811920e-01 8.907412824702402032e-01 8.904791421338624779e-01 8.977995028683669609e-01 8.950253533992649224e-01 8.964479811469776571e-01 8.933024821275742378e-01 8.995102256902062221e-01 8.936761423384006475e-01 8.925429460333966780e-01 8.925352639331267657e-01 8.920711022866090190e-01 8.954111120638441612e-01 8.939478312745925415e-01 8.930258519024198982e-01
7.988332043305781949e-02 1.236221497053932861e-01 4.201406435346217161e-01 6.704311294746622130e-01 5.048930953599947147e-01 5.689816040030035715e-01 7.938781267462236002e-01 7.725031141601998996e-01 7.423098929564996284e-01 7.549111355365880627e-01 8.634192015583364022e-01 1.000000000000000000e+00 8.109399332883181488e-01 8.107428565382791552e-01 9.072962380864521004e-01 8.954081939694976677e-01 8.317763518370384634e-01 6.747402730759964884e-01 6.885619342404701859e-01 7.016363879799502046e-01 7.356360254969994683e-01 7.675456724049827262e-01 6.335473489981052753e-01 6.392692924677096933e-01 6.726141343132878703e-01 8.018303730994711387e-01 8.403624640771197862e-01 8.474146420362134169e-01 7.704608949570448395e-01 7.918432882919519411e-01 8.456605011497239088e-01 8.614128389516043649e-01 8.016419173122752984e-01 8.135494041701160084e-01 7.957867317649041095e-01 8.584284714398228155e-01 8.471420447399911069e-01 8.902047027663918533e-01 8.830513460323849984e-01 8.851010712916751455e-01 9.180698110080798280e-01 9.188788407541867986e-01 9.171600794557471792e-01 9.326381406767837445e-01 9.089886554729436074e-01 9.052220111316207074e-01 9.190326141856585140e-01 9.196664783569027390e-01 9.217613302685769838e-01 8.989582703136942410e-01 9.189834671645653597e-01 9.077106815790013661e-01 9.282408037826960223e-01 9.058063442709615165e-01 8.927732968133126334e-01 8.907381825130591402e-01 9.128732295083148429e-01 9.217050838708517047e-01 9.062364409067095172e-01 9.278622013154717019e-01 9.253388385697941532e-01 9.198833107045270019e-01 9.136210221350682392e-01 9.254915831888372857e-01 9.149005490887057723e-01 9.218583980666437139e-01 9.227166734475962251e-01 9.056712240630850896e-01 9.012961477257910303e-01 9.152863614729550568e-01 9.150940699688442370e-01 9.054094542236954535e-01 8.768123248044218387e-01 8.856263114643809775e-01 9.233854872808213710e-01 9.242112971336048366e-01 9.175803610636548147e-01 9.050493649485182868e-01 9.154130629102672501e-01 8.954689198365770597e-01 9.033903738821725815e-01 9.139807263742445453e-01 9.153560572254844097e-01 8.946860192961952896e-01 9.137405338877776506e-01 9.045348069106918798e-01 9.148916077262784219e-01 9.203111605155769315e-01 9.147794734707251907e-01 9.168204822075745053e-01 9.208448467751253474e-01 9.234196347217016321e-01 9.251055822444729237e-01 9.229818375273549647e-01 9.172055414913976579e-01 9.210530585508769352e-01 9.184866000250800910e-01 9.214627599627743804e-01 9.207116827485586352e-01 9.227369974473167424e-01 9.221490259080658003e-01 9.233614779308846332e-01 9.291555778956051004e-01 9.268111324565717624e-01 9.293517000512571125e-01 9.226428987888367628e-01 9.238396759808057412e-01 9.188146275484938563e-01 9.200608439375169700e-01 9.246244282020493754e-01 9.235999410999043979e-01 9.260820384947215933e-01 9.225061025867752340e-01 9.259952273368126097e-01 9.255869558913727424e-01 9.249077531518230533e-01
1.199440133895512822e-01 1.898518634329846577e-01 3.657755240716034084e-01 5.265698924371723377e-01 4.793411036393125935e-01 5.064124123208040285e-01 7.022992103684846388e-01 7.162756112790021890e-01 6.955695612848674658e-01 7.128763007312506339e-01 7.818173913519426144e-01 8.109399332883181488e-01 1.000000000000000000e+00 7.489282687547943462e-01 8.351936895499804114e-01 8.352392977462400614e-01 7.496035766473631012e-01 6.421822179849286938e-01 6.716478757604280592e-01 5.965779296351357841e-01 6.398342491806566779e-01 7.178242557928035117e-01 6.448628190633264312e-01 6.322989076705716194e-01 6.700430277616282737e-01 7.571560499680289880e-01 7.759921678399919198e-01 7.945740774281909724e-01 7.312289239658751328e-01 7.603758269670298775e-01 7.949388221122615228e-01 7.973333246058750268e-01 7.512969335538095539e-01 7.708894223911499921e-01 7.616926577506527574e-01 7.833617058348935069e-01 7.928861268898551584e-01 8.130778107563034762e-01 8.265983996935335476e-01 7.970240803409470720e-01 8.384952942479024784e-01 8.368452374268463556e-01 8.356021111605280716e-01 8.496284737873204262e-01 8.376263247648293442e-01 8.353081904326590257e-01 8.443509150691849152e-01 8.449504214458731788e-01 8.409686885903393527e-01 8.088042866946787424e-01 8.285184955638755788e-01 8.196473269897728287e-01 8.308760247735327287e-01 8.398085504475595320e-01 8.294631532970524468e-01 8.393898256373046873e-01 8.324896603465559153e-01 8.463608321274225244e-01 8.329385110100384626e-01 8.478931572246245496e-01 8.444215012496925077e-01 8.414622034152952068e-01 8.355903033524191281e-01 8.429345207963643283e-01 8.430274503465639002e-01 8.463644392506490810e-01 8.483189056105384651e-01 8.478674520556802596e-01 8.422175587988893763e-01 8.283856205697746056e-01 8.391281312363123579e-01 8.493432523029897929e-01 8.277717330885311364e-01 8.327126729953943096e-01 8.519358088692218223e-01 8.503785476041931801e-01 8.485549310004114609e-01 8.419760062417340762e-01 8.482394460473472453e-01 8.397110880441720493e-01 8.424498688639622257e-01 8.496940369799705906e-01 8.510855923214372121e-01 8.380779870231240825e-01 8.404065643114713158e-01 8.423126945514624042e-01 8.472202569806134287e-01 8.472284418841550258e-01 8.491083188715788932e-01 8.484459187233630573e-01 8.404232700368212683e-01 8.456740485738598601e-01 8.496366460240625251e-01 8.481773297001561351e-01 8.441521736017626454e-01 8.478139631342712645e-01 8.315555340635493176e-01 8.345712036641337317e-01 8.393667614577648983e-01 8.386894227520703682e-01 8.404032101314025116e-01 8.414269563021669063e-01 8.440938023583320904e-01 8.464988993433983921e-01 8.517666899378179002e-01 8.427849036351809930e-01 8.452453965406632186e-01 8.459374077771323330e-01 8.499013782082781576e-01 8.468494225343057291e-01 8.444615268080709614e-01 8.494856468212165224e-01 8.454965805357600450e-01 8.483612689697990206e-01 8.489195665196779261e-01 8.483236823543909289e-01
