1.000000000000000000e+00 9.396165185876387271e-02 7.695632123641320266e-02 6.914487343839893774e-02 1.892040985723539639e-02 1.628975537328533965e-02 2.383269016592966250e-02 5.357453818642404775e-02 9.603169150588525271e-02 2.127024366361263824e-02 2.730788371366847309e-02 3.550146959116839973e-02 4.014216143046312781e-03 -1.736137595588264568e-02 7.468377762247474343e-03 1.492158112845474484e-02 4.686905169450560071e-02 4.728255777553971861e-02 4.350852109276920343e-02 5.585605288945645619e-02 6.624692292749215228e-02 1.399064757461107068e-02 4.040832752098941216e-02 3.378013394561261984e-02 2.735246959325939031e-02 3.899311075562453960e-02 3.276601289662774141e-02 2.487614499682721386e-02 5.160363184977596190e-02 2.862441877525937969e-02 2.004386050822334897e-02 8.666599432384403112e-03 6.080969559430401614e-03 8.263187184612195285e-03 1.508569941620360212e-02 -9.674548621297354104e-04 3.651736997564252601e-03 -3.052169929650751755e-03 -7.347042854001475031e-04 -3.308565188770293958e-02 5.043003887847891456e-03 9.980722225205202608e-04 -1.024835522175360919e-02 5.431059925626621591e-03 1.325359101128773323e-02 7.491942181611330707e-03 6.299900691343242841e-03 1.396662559860145300e-02 1.470808321284100377e-02 9.703630172283548086e-03 1.288830242512680217e-03 3.575221020061641192e-02 2.111355294248880646e-02 3.325660686056051280e-02 3.043464022571273214e-02 6.478841089552652560e-03 4.613899701799833997e-02 8.454324987147683948e-03 1.110166472294769717e-02 2.509360528816428904e-02 1.920885829963213387e-02 2.400853407191913189e-02 1.976974517942513970e-02 2.255103716073302358e-02 5.200315215121278228e-02 4.641439899802547037e-02 1.401738624973479855e-02 1.089782715219670718e-02 1.464157519497991632e-02 2.611767766396300844e-02 6.740358702963653546e-03 9.949611139971437784e-03 1.726490155599408674e-02 1.231624776628195174e-02 1.937335993839064963e-02 1.505363930669137255e-02 1.596162316326253314e-02 2.773182394224827166e-02 7.746012176478074378e-03 7.296357360386569388e-03 1.308002725217478554e-02 7.381302202096676375e-03 2.072255681984489298e-02 1.328102001264988390e-02 -8.064845437400967182e-03 6.120099868117580798e-03 6.335146495057938270e-04 -1.259372154834470167e-02 1.293026821551223173e-03 1.804390118200708062e-02 -1.290364350074051786e-02 -5.165859573300495694e-03 1.568959669016639592e-03 -6.650295673384537011e-04 4.481709777724429515e-03 8.035981166842474932e-03 -1.355244235387353252e-02 2.743844407910665459e-02 7.806540022398107508e-03 -8.601604391405602915e-03 -9.862759767778514833e-03 1.464409461219408348e-02 1.199371694449383186e-02 2.568144245492051669e-03 2.049650037398497923e-02 3.702442524460711898e-02 1.574915110352348435e-02 1.548194782684611352e-02 1.283923484758565763e-02 7.338041638267481410e-03 -2.305825659610347307e-03 1.856770618411214199e-02 1.428865522772058971e-02 1.768332917974414428e-02 3.028537939700556500e-02 2.986266271402170797e-02
9.396165185876387271e-02 1.000000000000000000e+00 8.042044786754377894e-02 1.254184101576471533e-01 9.280038070930791971e-02 9.825530425654428746e-02 1.492374491063026554e-01 1.344475603555702059e-01 1.674883222442128117e-01 1.629718298735151061e-01 1.620162690797748439e-01 1.715403537957845281e-01 1.405912547493655129e-01 9.929119429730491608e-02 1.615897825800622356e-01 1.571826458844896579e-01 1.427642134052560796e-01 1.521346388850144948e-01 1.529129270364526505e-01 1.709071401476927321e-01 1.699346022767887765e-01 1.505790710448061953e-01 1.404020313998532998e-01 1.348291987879013942e-01 1.507759393882796006e-01 1.761838602659179520e-01 1.603600742747820218e-01 1.785145656999340691e-01 1.777840136323156350e-01 1.736054457372950555e-01 1.665197377178511406e-01 1.540909802373498783e-01 1.602872272590750991e-01 1.418112534126107493e-01 1.614445860125280630e-01 1.407754027029665123e-01 1.571581188447455091e-01 1.576086042319237990e-01 1.532455529860033139e-01 1.446045272660952397e-01 1.677776221507452092e-01 1.621280388001023476e-01 1.489901076686897530e-01 1.615242880635044953e-01 1.536039579308742242e-01 1.699972687821522110e-01 1.573641137451493865e-01 1.698975229965123124e-01 1.595016342572806445e-01 1.427695337571923961e-01 1.504474978189311307e-01 1.444013902924763115e-01 1.569476288101060990e-01 1.730901989792247297e-01 1.725391485945500514e-01 1.620644717428586512e-01 1.654833659113674749e-01 1.562006483267780466e-01 1.668790062976043820e-01 1.683275200625888868e-01 1.560603194166029772e-01 1.712632836231534061e-01 1.639527456007079942e-01 1.567661072867377048e-01 1.637379423762170549e-01 1.710271086941211327e-01 1.620989447796118976e-01 1.558026972449222947e-01 1.599851952540986277e-01 1.680799302711237786e-01 1.653117240273396238e-01 1.564637501282463150e-01 1.574090490951701171e-01 1.616078685058832398e-01 1.669577847942939897e-01 1.659233423444321232e-01 1.662183730072232801e-01 1.731127945044601824e-01 1.606574850714161118e-01 1.641212255269459686e-01 1.658874597693440756e-01 1.627195640458944936e-01 1.680495267825549144e-01 1.670002174930761973e-01 1.513882335474670549e-01 1.556906569420606068e-01 1.605773503495438737e-01 1.576719455012486337e-01 1.607249176721010642e-01 1.732872293052650781e-01 1.616602354945662623e-01 1.565633037694510177e-01 1.598501387660531126e-01 1.619992857845921619e-01 1.623663439949028509e-01 1.638828266897609798e-01 1.450704612550317019e-01 1.555424963704728769e-01 1.624520400335474624e-01 1.504501154551091402e-01 1.541034067369229932e-01 1.624677486069396604e-01 1.599997534355135365e-01 1.555710284328654658e-01 1.575024462259828895e-01 1.707749566511868045e-01 1.637798587490595370e-01 1.683690451322176485e-01 1.670894015686965328e-01 1.643690823552795832e-01 1.660167522811466234e-01 1.657335580109765283e-01 1.688967567830550465e-01 1.580875255014803915e-01 1.657065725631139685e-01 1.669442372575344891e-01
7.695632123641320266e-02 8.042044786754377894e-02 1.000000000000000000e+00 3.588069914089194734e-01 2.041460644270367275e-01 3.017599995216472264e-01 3.557310550132268268e-01 3.791623380932395704e-01 3.606084617991277552e-01 3.464832191602879030e-01 3.795748108691395784e-01 3.905505472535603095e-01 3.285943417842904224e-01 2.714764620934994044e-01 3.923693701826941882e-01 3.836822818582258932e-01 3.746394572518081389e-01 3.935716867392878848e-01 3.980453296140372688e-01 3.758027343086958738e-01 4.130242449866764476e-01 3.909336497591371917e-01 3.788782546825542608e-01 3.757415944584449607e-01 3.896210924899519146e-01 4.023298286474415453e-01 3.966041984006261067e-01 3.893165646809038094e-01 3.794235266764706127e-01 4.001804894163734638e-01 4.078169236286974253e-01 4.096905627816545548e-01 3.882746813511303574e-01 4.109998067768153573e-01 3.781488971632580021e-01 4.025450790218011443e-01 3.967558513297838596e-01 4.055630754341606470e-01 4.014910029257149904e-01 4.045911130884168871e-01 3.956284184742027143e-01 3.976892724077551455e-01 3.971252029275212925e-01 3.995998922970009914e-01 4.120774587498293728e-01 3.948529684377669047e-01 3.874240066440374775e-01 3.911743577737296640e-01 3.991338880164314595e-01 4.019726169135885430e-01 4.026337546787834287e-01 4.002753541380477120e-01 3.977349057240086028e-01 3.896135404470295605e-01 3.958311624013045038e-01 4.012658981944918213e-01 4.006960828560111043e-01 3.930603238910646002e-01 3.974246686054604405e-01 3.956691266840521859e-01 3.981073943280555860e-01 3.936643980276102739e-01 3.923003816884019779e-01 3.911233489495584137e-01 3.967669025948933892e-01 3.957874035206802033e-01 4.005831274754705351e-01 4.000931088712839090e-01 4.049121423540565368e-01 4.064409033054720011e-01 4.049417389593404915e-01 4.007601419153297151e-01 4.025078685670960277e-01 4.001231269540809765e-01 3.991758481075670661e-01 4.013737501888650638e-01 3.942786611319531453e-01 4.007580120310825222e-01 4.029613812644435855e-01 3.977271091149948146e-01 3.954535318654175402e-01 4.045239147113615097e-01 4.090423186904277864e-01 3.955237954534750466e-01 4.082506411550602121e-01 4.092092255712136972e-01 4.033427726892371834e-01 4.028631966626556316e-01 4.018314243690522258e-01 4.013658429676915107e-01 4.007851680075668610e-01 3.963323291787929636e-01 3.974321644031075795e-01 3.991035761498514245e-01 3.916519929898072960e-01 3.928655560695838989e-01 4.034019366347503799e-01 4.032244212618693591e-01 3.989230376306631687e-01 3.991752125899052928e-01 4.020383118268099354e-01 4.006818030970503153e-01 3.931120519729341400e-01 3.950411522807993903e-01 4.074113782780377502e-01 4.006587301035025583e-01 3.992038301111835996e-01 3.947861172951929731e-01 3.998678208160301728e-01 3.968791974973364112e-01 3.983311119473904593e-01 3.947884162689883625e-01 3.971818179445024133e-01 3.997570608434167783e-01 3.981815564663100937e-01 3.942741230142802200e-01
6.914487343839893774e-02 1.254184101576471533e-01 3.588069914089194734e-01 1.000000000000000000e+00 3.370157760108996037e-01 4.203633138845325190e-01 5.912404530204691255e-01 5.974482301714183485e-01 6.097549340809030882e-01 5.384662453201652932e-01 6.100822605519091724e-01 6.426026999631029302e-01 5.439919148018778072e-01 4.669626738759757312e-01 6.389332204034620100e-01 6.367865867991038265e-01 6.137506884021939335e-01 6.131850454870914069e-01 6.326050694226983406e-01 5.858152583552667103e-01 6.264101801321479979e-01 6.163044847669961745e-01 6.089208577488242069e-01 6.038161789444569383e-01 6.258715122174512979e-01 6.606853104258840759e-01 6.575960423330048377e-01 6.474843916950840939e-01 6.313655045459509729e-01 6.656461219207995272e-01 6.710408271067768160e-01 6.546948263187534200e-01 6.247225575074907278e-01 6.394064470308220560e-01 6.327732222611233137e-01 6.444026271349001522e-01 6.455867055211953476e-01 6.596010694257494755e-01 6.562312029154092619e-01 6.501166481099555083e-01 6.613404785078328407e-01 6.606796293923430374e-01 6.609023966546876405e-01 6.664469410346385292e-01 6.682857105137348652e-01 6.568396221988777040e-01 6.521850718086196208e-01 6.512812134199584824e-01 6.604858668044684133e-01 6.494588104946403817e-01 6.628550708752309895e-01 6.483953487876548127e-01 6.573838450641533715e-01 6.525175529715561140e-01 6.544598903807440360e-01 6.637450832125615374e-01 6.595763211694019024e-01 6.550713792080328224e-01 6.586848539334158037e-01 6.577413084753421790e-01 6.632302945930163007e-01 6.559127642599065222e-01 6.521453659543416936e-01 6.562116429280393515e-01 6.614903751292156020e-01 6.568010446859048335e-01 6.626461518494539682e-01 6.643969647330648653e-01 6.683523367431111195e-01 6.701877750054693328e-01 6.635508881608161991e-01 6.616671172408514767e-01 6.593137297975703026e-01 6.596279490640255538e-01 6.677986396342278086e-01 6.657356296650416283e-01 6.604020667553709423e-01 6.640072447755905882e-01 6.641723217716692940e-01 6.647386165464445051e-01 6.593066112919131472e-01 6.656413372531410078e-01 6.744347601921475421e-01 6.595071736434352516e-01 6.631902797169872965e-01 6.693378271093552989e-01 6.649657266839109626e-01 6.676893908021294122e-01 6.643510648277187736e-01 6.675831978328492511e-01 6.644690562378630094e-01 6.631983751281108619e-01 6.635945210614998535e-01 6.660957801922868793e-01 6.584638591126195095e-01 6.566186515286716041e-01 6.660244995392280432e-01 6.658415297360035234e-01 6.656562328947527307e-01 6.647429972611327287e-01 6.671724383532950942e-01 6.670485773812308006e-01 6.588120254036105017e-01 6.653063063429054402e-01 6.708424766172005338e-01 6.638242237864059314e-01 6.646121694198834362e-01 6.591148684893475274e-01 6.657969113491638558e-01 6.628381109820911110e-01 6.613721604251719954e-01 6.608767503937327259e-01 6.631176079995585448e-01 6.665931153229638362e-01 6.627503032938214522e-01 6.608354608031183908e-01
1.892040985723539639e-02 9.280038070930791971e-02 2.041460644270367275e-01 3.370157760108996037e-01 1.000000000000000000e+00 3.211629344402129882e-01 4.385945045278613064e-01 4.173356827562287319e-01 4.605124546506852989e-01 4.078003908007034606e-01 4.633545477195216145e-01 4.849239447831529826e-01 4.720299866658910215e-01 3.567542375760335838e-01 4.895269481572474546e-01 4.863060679793910213e-01 4.407373739944219215e-01 4.513461047921599190e-01 4.593054541071838748e-01 3.996627996480975886e-01 4.238316749508255210e-01 4.597121197480447119e-01 4.463594946146265396e-01 4.319786211666644671e-01 4.691207247515992163e-01 4.777137833183444093e-01 4.794855180474127399e-01 4.654701481544217256e-01 4.592762541595811210e-01 4.844420330677964293e-01 4.990928316429173450e-01 4.732597535113471365e-01 4.645879426537569690e-01 4.613036187187312676e-01 4.734358013797753673e-01 4.557037323582797672e-01 4.931661028904482102e-01 4.810308449213763216e-01 4.925314800942404148e-01 4.545928074610749992e-01 4.956115307248006863e-01 4.979394548226132589e-01 4.928629521941411684e-01 5.038472680095372747e-01 4.882886351955499915e-01 4.969531209068265287e-01 5.069790186678159172e-01 5.088500248429523865e-01 4.910623564916749562e-01 4.649187583755915454e-01 4.833264267388041602e-01 4.773845057463711461e-01 4.938930439029216024e-01 5.009192947924708816e-01 4.844915634931138970e-01 4.859250809659994008e-01 4.901496392713436401e-01 5.073652967898578670e-01 4.919214563800818896e-01 5.136212354646804146e-01 5.074769837407822060e-01 5.072866821399726334e-01 5.005296451265709434e-01 4.982046659874390659e-01 5.012047863660615832e-01 5.066805838892778358e-01 5.057012753479581679e-01 5.054641297794485455e-01 5.051033359514365273e-01 5.010697337943927909e-01 4.997622359619179888e-01 5.077393911339501686e-01 4.977150556285467875e-01 5.035129871907566557e-01 5.083942478976665180e-01 5.078774792845953678e-01 5.024372390346328876e-01 4.996534434142619330e-01 5.013555382480774369e-01 5.062747706343384557e-01 5.053025541077750260e-01 5.077504547404950719e-01 4.974047526619291837e-01 5.014159576100222226e-01 4.879717879968011873e-01 4.978557104355568752e-01 5.024967067427961176e-01 4.982938310040424534e-01 5.049810936650429571e-01 4.983577828022833223e-01 5.006747611150826893e-01 5.057168697327161233e-01 5.074504941348942921e-01 5.081261065782030073e-01 5.090682812846294425e-01 5.086563392812859519e-01 4.879638961571949318e-01 4.898896273268178447e-01 5.056624391286103082e-01 4.989358540846707268e-01 5.030868161836841157e-01 5.013191536569728823e-01 5.080265833562674915e-01 5.086416686483434813e-01 5.062094533015664144e-01 4.980735510269576616e-01 4.993239611034550607e-01 5.078365999510384698e-01 5.042840230835305970e-01 5.088864631506009317e-01 5.007737022908113067e-01 5.116028429696858337e-01 5.099313983633295688e-01 5.082625354352826585e-01 5.073593496928565649e-01 5.094898539843090157e-01
1.628975537328533965e-02 9.825530425654428746e-02 3.017599995216472264e-01 4.203633138845325190e-01 3.211629344402129882e-01 1.000000000000000000e+00 5.395937092993042805e-01 4.944233098534533410e-01 5.270520488665303427e-01 4.879106529412834403e-01 5.480579601927109135e-01 5.790574440987437121e-01 5.203878767027734220e-01 4.430398461669217691e-01 5.897644028930552063e-01 5.911947562398870426e-01 5.549944023728473619e-01 5.332764896465254090e-01 5.551342162415868753e-01 5.068823249965199729e-01 5.473832884717061420e-01 5.670889531699684349e-01 5.336002271433774036e-01 5.373694465330959291e-01 5.695544317133701684e-01 5.866816201461338975e-01 5.765594244634670851e-01 5.727754095265999990e-01 5.607648859613096892e-01 5.998044736605145921e-01 6.005178327629326906e-01 5.796486715606714579e-01 5.478036126033680731e-01 5.694694116082505975e-01 5.654133891599875117e-01 5.581876180423414047e-01 5.870840585269723189e-01 5.827026569588711347e-01 5.998594254712724672e-01 5.590332917701280602e-01 6.007517893455268654e-01 6.010768920797442405e-01 5.910605361982377293e-01 6.030314099862569277e-01 6.034367020225613887e-01 6.057135338726126195e-01 6.042123957788743116e-01 6.020367496513568950e-01 5.909748756384407553e-01 5.713478432936017759e-01 5.953721276759527115e-01 5.790475057715254170e-01 5.836086337637719224e-01 6.027876891002030835e-01 5.876208277125135604e-01 5.925887073330382560e-01 5.910156315038672670e-01 6.086078557025105251e-01 6.007794470359736350e-01 6.131823245983166748e-01 6.042982228414316426e-01 6.042533978476848366e-01 5.998050383571231770e-01 5.917358776266741227e-01 6.058295751427208442e-01 6.008159523674735381e-01 6.105281978997438852e-01 6.102449727760655973e-01 6.082183067550419597e-01 6.090944858627515002e-01 6.098187879085968932e-01 6.103365125521209578e-01 6.027391696965419543e-01 6.080967099655675279e-01 6.084665182921807913e-01 6.093792753818972896e-01 6.098868781102738668e-01 6.051985224225440163e-01 6.118568778331333613e-01 6.107248779244248693e-01 6.058686754420260501e-01 6.103985566044500821e-01 6.054514503493436672e-01 6.021710586455161218e-01 5.954663562991234782e-01 6.041373692502229886e-01 6.038768852499553086e-01 6.054007977784139349e-01 6.096470279423680250e-01 6.027005507600634582e-01 6.020466868563322249e-01 6.072505322709216280e-01 6.077336708243860075e-01 6.101691735197598554e-01 6.092191693249529028e-01 6.092623209722163313e-01 5.945619238320768440e-01 5.988525792134088421e-01 6.080568727847642796e-01 6.029867105057785670e-01 6.022292533289517191e-01 6.087526156058850058e-01 6.020762092480502758e-01 6.100484520294240376e-01 6.083132163540206916e-01 6.025932024636494466e-01 6.067472950919303720e-01 6.087798277096321264e-01 6.084955945251049325e-01 6.097807774017353077e-01 6.066540476432682460e-01 6.120622666828773317e-01 6.092304640243129121e-01 6.100840587594245079e-01 6.100116192578189933e-01 6.099093515859339565e-01
2.383269016592966250e-02 1.492374491063026554e-01 3.557310550132268268e-01 5.912404530204691255e-01 4.385945045278613064e-01 5.395937092993042805e-01 1.000000000000000000e+00 7.102942381231375224e-01 7.427252974815782283e-01 6.831351697997852801e-01 7.569996701236628711e-01 7.906962276549376334e-01 6.968032792630466377e-01 5.833934449730519001e-01 8.423969141319659348e-01 7.874888490888247716e-01 7.421606324378464681e-01 7.608289142987819664e-01 7.839490676993382534e-01 7.037836922617483060e-01 7.484343758646859746e-01 7.714472181152463026e-01 7.558224553109214039e-01 7.646284797233998676e-01 7.790348602582110038e-01 8.185689241405066374e-01 8.022803296209356505e-01 8.131122918080122552e-01 7.807568432766299749e-01 8.218408490635996655e-01 8.311720842260849063e-01 8.020811694513945156e-01 7.816075691179219520e-01 7.909807537647302045e-01 7.814512268971532949e-01 7.548964717774488964e-01 8.009134466980100120e-01 8.065287466282826667e-01 8.131148294817244215e-01 7.979844739980913593e-01 8.243488110349124209e-01 8.258639734898309825e-01 8.131036719538864421e-01 8.243799679442704864e-01 8.287943189084439055e-01 8.246003878905380224e-01 8.163432121470189928e-01 8.184091385443259536e-01 8.119374344964784829e-01 7.805134062078794566e-01 8.069217706946694157e-01 7.765379427745597862e-01 8.033114347939724897e-01 8.198518782320102227e-01 8.194963444928349272e-01 8.207820298550562166e-01 8.080114363729387073e-01 8.217528589479975443e-01 8.234523990097168955e-01 8.193884920563559993e-01 8.162877434115216602e-01 8.184895847051668616e-01 8.122322813075273373e-01 7.976979528478247428e-01 8.079817857456621510e-01 8.132153628094471731e-01 8.269827625719211595e-01 8.325536761530835106e-01 8.307514375570110854e-01 8.315542560121388371e-01 8.282468376630093276e-01 8.303537672314570406e-01 8.321700234298399224e-01 8.302349113216562770e-01 8.300567011785452420e-01 8.291674691081279969e-01 8.340854097177621274e-01 8.314171353137261855e-01 8.344243597017374503e-01 8.260860410493618966e-01 8.264440945872864042e-01 8.276705383191668153e-01 8.299591178186858098e-01 8.281675479325826261e-01 8.157442742475448094e-01 8.292789750471568633e-01 8.261045405205219572e-01 8.298174296920454163e-01 8.287117916213941893e-01 8.301621592775064729e-01 8.297495108616037562e-01 8.301106549395727008e-01 8.272636192484177364e-01 8.355353905463899222e-01 8.249166577329001271e-01 8.236340774616219829e-01 8.133594430430582944e-01 8.083083244426677583e-01 8.234060172697997837e-01 8.211038265304154704e-01 8.271682443399137608e-01 8.250068933819854067e-01 8.208820472439031235e-01 8.247959853019428689e-01 8.235594722883832208e-01 8.190344610933227854e-01 8.230332855917222856e-01 8.268633107509304470e-01 8.280641461331169628e-01 8.248615208066747417e-01 8.274012798036067817e-01 8.239662824465855406e-01 8.261233413285199445e-01 8.218352738630525511e-01 8.219360394290839977e-01 8.224922091565096682e-01
5.357453818642404775e-02 1.344475603555702059e-01 3.791623380932395704e-01 5.974482301714183485e-01 4.173356827562287319e-01 4.944233098534533410e-01 7.102942381231375224e-01 1.000000000000000000e+00 7.170066903537531955e-01 6.490386097551418265e-01 7.202974407290566594e-01 7.658957510249339018e-01 6.736653769736622444e-01 5.477911273127733516e-01 7.794872623754659502e-01 7.803811117116168372e-01 7.145558811616120609e-01 7.483358611229610213e-01 7.562242096826200521e-01 6.802640913780277909e-01 7.469156090214893462e-01 7.453439513694910534e-01 7.314545064621535975e-01 7.249802689135192990e-01 7.388483804414142098e-01 7.891413581868512717e-01 7.615404653114532518e-01 7.564580325927435789e-01 7.244495771432049036e-01 7.844320921408176606e-01 7.932325791287275774e-01 7.874189401279633183e-01 7.493565689988713752e-01 7.751575666493922823e-01 7.560924622897046143e-01 7.499265491313902299e-01 7.611248132556424073e-01 7.932618738938190805e-01 7.912818247432243934e-01 7.717290375315316586e-01 7.831370022654503549e-01 7.932862076994717793e-01 7.993220980750246341e-01 7.968974377799845632e-01 7.896063348805592019e-01 7.812348215785724914e-01 7.814519112628639519e-01 7.776691006709872678e-01 7.922543872650602559e-01 7.774239747633002739e-01 7.914357215215396257e-01 7.572321770472065783e-01 7.773851870145193077e-01 7.802869096776594571e-01 7.849512741355660905e-01 7.960221950127345236e-01 7.844636977315666559e-01 7.947246081020846731e-01 7.911922823252257597e-01 7.867513235192458154e-01 7.950389462245466277e-01 7.861306168555386442e-01 7.840283004457945237e-01 7.802207997107808435e-01 7.747956007956101621e-01 7.780159760445143347e-01 7.904331566107425378e-01 7.916209155026414646e-01 7.971054310318224090e-01 8.012749238816292419e-01 7.941993837485158414e-01 7.923655134965826852e-01 7.910224681855878570e-01 7.873055862133225835e-01 7.945423358752309317e-01 7.864002296355370181e-01 7.815678653903438411e-01 7.815654424468421180e-01 7.890537889632183166e-01 7.915019169824499823e-01 7.860668801001082784e-01 7.916289598434421704e-01 8.004507236040860896e-01 7.897544195462481431e-01 7.930597004622684798e-01 7.938009644877188631e-01 7.868995411459842604e-01 8.014431003168470680e-01 7.946380921375667539e-01 7.976354614048686287e-01 7.894855490143670718e-01 7.922428422964303829e-01 7.895219936971612507e-01 7.938937932144048970e-01 7.882214379210604749e-01 7.854984744035490296e-01 8.011314552192760896e-01 7.971863798897843578e-01 8.006489476304141650e-01 7.972748061620243964e-01 8.008381194954008464e-01 7.995510423822690393e-01 7.842136176637138911e-01 7.978108389071210116e-01 7.952818461997728239e-01 7.950436418926353221e-01 7.969505477907690150e-01 7.882665979323274508e-01 7.964078928235778232e-01 7.958221002380476694e-01 7.989473860678858452e-01 7.906181481048257798e-01 7.954596993516391823e-01 7.949617370279087325e-01 7.848679385444421452e-01 7.846557682014723145e-01
9.603169150588525271e-02 1.674883222442128117e-01 3.606084617991277552e-01 6.097549340809030882e-01 4.605124546506852989e-01 5.270520488665303427e-01 7.427252974815782283e-01 7.170066903537531955e-01 1.000000000000000000e+00 7.411716154084119212e-01 8.025013436198159544e-01 8.399631604369643956e-01 7.560634278198674618e-01 6.080519763410822121e-01 8.367336511906988683e-01 8.387984224499648311e-01 7.918557826254245535e-01 7.954461979457346787e-01 8.217067174126312379e-01 7.416635812009524376e-01 7.849034935312555472e-01 8.038300985435721246e-01 7.896494954437862646e-01 7.837872283779668825e-01 8.200377653503874154e-01 8.565814488167929897e-01 8.418520576539370026e-01 8.382016656162540880e-01 7.904424842863921885e-01 8.702147009793596011e-01 8.734522369139294806e-01 8.433211414954829843e-01 8.083170952459728387e-01 8.255328406109117001e-01 8.361813253302339266e-01 7.938239048173701962e-01 8.495019858272911950e-01 8.503056610350823163e-01 8.545432478891317185e-01 8.127326096922719012e-01 8.630881909966618970e-01 8.550362757141676262e-01 8.405506217371451205e-01 8.699304712779742932e-01 8.664682697011589774e-01 8.592467202189497666e-01 8.728934289338249330e-01 8.764573293826376510e-01 8.763740214990226596e-01 8.441399376842864122e-01 8.624063041064586876e-01 8.496574217632543169e-01 8.679755506979165425e-01 8.777687825503852626e-01 8.741286090284290378e-01 8.671724546419782298e-01 8.804216181130857244e-01 8.723878259900231802e-01 8.721415936075156417e-01 8.838355335840313298e-01 8.838256585112322927e-01 8.818486332275937700e-01 8.730606356874930363e-01 8.737120475629542860e-01 8.823492937227456201e-01 8.856534355140548431e-01 8.753863420823647656e-01 8.752052647117417594e-01 8.744180596273796180e-01 8.799320065766430554e-01 8.706156892434077088e-01 8.735982879791523992e-01 8.669683183845300345e-01 8.719288649093129839e-01 8.795395786056586784e-01 8.776164763804619184e-01 8.687183166235592502e-01 8.580818401825114350e-01 8.697466924678276534e-01 8.744845189010883590e-01 8.747798678685162477e-01 8.781695391195746270e-01 8.728784473958208778e-01 8.706449688116163488e-01 8.516289293836953878e-01 8.653390680875532315e-01 8.652473675399213748e-01 8.621278904692389888e-01 8.697473647676240427e-01 8.748424428092165250e-01 8.589240309409307272e-01 8.689633566756372884e-01 8.709894134219251516e-01 8.719658979226008189e-01 8.754591101530244668e-01 8.748982668538655139e-01 8.513551628726245823e-01 8.726595527787042172e-01 8.760244981167901734e-01 8.629375436632922280e-01 8.614396251322428144e-01 8.762054374315544347e-01 8.746941663351852636e-01 8.734675344481680481e-01 8.752078826316250781e-01 8.792361743144297970e-01 8.788347883449419973e-01 8.771723470189541905e-01 8.762957858979996129e-01 8.766609337041230132e-01 8.681732910796524649e-01 8.812934947299080335e-01 8.799971766561531794e-01 8.790570552013475814e-01 8.801293810312891264e-01 8.818983614718107766e-01
2.127024366361263824e-02 1.629718298735151061e-01 3.464832191602879030e-01 5.384662453201652932e-01 4.078003908007034606e-01 4.879106529412834403e-01 6.831351697997852801e-01 6.490386097551418265e-01 7.411716154084119212e-01 1.000000000000000000e+00 7.441933314227660023e-01 7.743243188525278375e-01 6.991836292955345700e-01 5.619455763018539329e-01 7.899412205518137053e-01 7.715853239320368262e-01 7.286490473410699442e-01 7.204504199429079270e-01 7.558595105249087398e-01 6.452415256445577230e-01 6.953757199805853384e-01 7.398910517913219742e-01 7.307441510787534567e-01 7.032869969333713778e-01 7.391874906870932183e-01 7.943828921960409684e-01 7.799702704666690023e-01 7.832143692424715642e-01 7.162163290724717912e-01 8.101149677728147758e-01 8.107813169107191964e-01 7.978201101830261210e-01 7.840679730816059179e-01 7.713926182225169237e-01 7.880365200975834039e-01 7.496025455095441936e-01 7.968170803347565112e-01 8.055491120651594450e-01 8.067942497209156238e-01 7.805536990516377394e-01 8.160483378085737760e-01 8.102277204384604747e-01 7.810668075220895679e-01 8.112354655142953730e-01 8.048570688530992667e-01 8.075125592160986576e-01 8.138126095500389789e-01 8.208573928639452122e-01 8.112529452742089919e-01 7.806942015413764757e-01 8.044972784305779445e-01 7.665656482667014826e-01 7.985335617017784715e-01 8.171522471300379786e-01 8.104715808396255605e-01 8.155904824517407059e-01 8.007094839411055265e-01 8.113461209280109498e-01 8.188736541832757343e-01 8.130470926537949339e-01 8.100726041531959298e-01 8.111986385280732792e-01 8.094938855689585155e-01 8.025617963120819098e-01 8.043415531972695209e-01 8.080738529835388428e-01 8.194503624340760961e-01 8.166046270090255854e-01 8.171871673641732947e-01 8.146365059931045538e-01 8.123288925928894288e-01 8.118116687134676601e-01 8.019471809375755544e-01 8.071936929267448102e-01 8.192731924263492171e-01 8.195778605972495745e-01 8.119203687902549760e-01 7.924473591251022242e-01 8.133283583119541582e-01 8.175612311314247593e-01 8.195233989018845255e-01 8.228555274664310915e-01 8.154415194807423939e-01 8.184600935875803174e-01 8.058420094455314153e-01 8.122186273170269866e-01 8.178041447313351142e-01 8.128696223924487541e-01 8.180322771557482220e-01 8.172764935205291126e-01 8.148564332843782898e-01 8.177759302086520243e-01 8.175102682771485663e-01 8.187035376140352483e-01 8.217973094307001736e-01 8.216431537091527515e-01 7.941719580970599823e-01 7.991613415837063306e-01 8.135584224205085757e-01 8.107226040719188731e-01 8.092827407820875063e-01 8.127843320705515628e-01 8.149562667029015550e-01 8.157680825474770137e-01 8.097312681077796226e-01 8.087792398302915409e-01 8.183149349441309894e-01 8.229622707221495581e-01 8.190393585367582441e-01 8.194138941014539324e-01 8.181218121873773397e-01 8.200839418052044971e-01 8.199385413781868914e-01 8.150923587022950167e-01 8.147799256814686197e-01 8.157764014823950527e-01
2.730788371366847309e-02 1.620162690797748439e-01 3.795748108691395784e-01 6.100822605519091724e-01 4.633545477195216145e-01 5.480579601927109135e-01 7.569996701236628711e-01 7.202974407290566594e-01 8.025013436198159544e-01 7.441933314227660023e-01 1.000000000000000000e+00 8.682208966341495859e-01 7.789666768965187726e-01 6.349232755676882389e-01 8.672077017912666053e-01 8.598616066333550911e-01 8.139410265031818970e-01 7.967817527424410073e-01 8.256571808100710008e-01 7.387764568091301776e-01 7.802070343345922643e-01 8.226502386822720503e-01 7.915540708677858417e-01 7.880510023749661697e-01 8.317316388990083631e-01 8.718281849822273610e-01 8.539460513085802562e-01 8.545747976898407927e-01 8.029746833151930607e-01 8.886263237152890460e-01 9.010142161246874615e-01 8.689404569188469152e-01 8.406950405889873634e-01 8.536799483854696780e-01 8.546468961409002807e-01 8.303417425151562448e-01 8.768591899391300348e-01 8.813063230266164894e-01 8.879891146114492484e-01 8.499489531626295280e-01 8.884214221085797725e-01 8.882017544114667595e-01 8.748571430266780524e-01 8.935705232500005257e-01 8.878292139090188106e-01 8.871337497407240091e-01 8.992308167435182353e-01 8.995556283927576002e-01 8.939563360751044963e-01 8.643738599154491276e-01 8.873016196632477204e-01 8.578115751236095043e-01 8.871942304556531544e-01 8.935608387521472018e-01 8.871669341184528212e-01 8.924743001688735244e-01 8.830803892839207414e-01 8.964653381599146931e-01 8.963601175962579992e-01 8.980929523841323370e-01 8.977142544304880234e-01 8.944744271261485524e-01 8.920258800167258917e-01 8.848395615856670116e-01 8.856701411081843167e-01 8.912621495598698207e-01 9.017825235582853649e-01 9.011103900495405217e-01 9.009665569766293070e-01 8.984374709594790120e-01 8.988734905900166439e-01 8.985901225985185592e-01 8.895465222925426074e-01 8.973906581848956066e-01 9.035817062046007653e-01 9.020500040663288477e-01 8.956930575392691996e-01 8.796731130155609479e-01 8.996457656955957338e-01 9.043776295633018103e-01 9.012419075577358107e-01 9.062446790380832562e-01 8.968736215064015971e-01 8.961169785058599180e-01 8.892586939489369735e-01 8.995647791935960091e-01 8.985987800932399017e-01 8.997034820461553561e-01 9.019455924796582202e-01 8.987329912156426515e-01 8.949899935451272048e-01 9.021274606687698094e-01 9.020270901632828631e-01 9.017834237872726089e-01 9.035968517118658783e-01 9.039418440362413376e-01 8.869454368927516263e-01 8.897607901019665144e-01 9.007429937076432136e-01 8.961651922522820835e-01 8.965432794518203297e-01 9.008122910124464200e-01 8.998402960519460425e-01 9.015136960482126316e-01 9.003134391378370127e-01 8.923217812288791739e-01 9.022394468195930051e-01 9.031360259582356109e-01 9.031939133592372659e-01 9.040670739648527521e-01 9.016395347291318307e-01 9.038707553582789878e-01 9.027888858574771858e-01 9.014428500961629842e-01 8.996356158852149010e-01 8.993532907379468977e-01
3.550146959116839973e-02 1.715403537957845281e-01 3.905505472535603095e-01 6.426026999631029302e-01 4.849239447831529826e-01 5.790574440987437121e-01 7.906962276549376334e-01 7.658957510249339018e-01 8.399631604369643956e-01 7.743243188525278375e-01 8.682208966341495859e-01 1.000000000000000000e+00 8.136670087593608214e-01 6.602189576275283578e-01 9.075325621924986708e-01 9.042772614678900034e-01 8.425812893974513607e-01 8.251347975907715737e-01 8.562505472052203137e-01 7.612272720478149290e-01 8.208015490404829695e-01 8.614121832111796273e-01 8.212491969149046112e-01 8.050092567975751789e-01 8.607738812928882322e-01 9.050665235356870619e-01 8.928374543031037947e-01 8.884160018017959182e-01 8.411142658025447805e-01 9.250938815307891971e-01 9.325326827033691979e-01 8.986815932486775793e-01 8.735369655790005128e-01 8.803300896789285623e-01 8.880057154711575862e-01 8.619608267194949214e-01 9.114166666562251162e-01 9.204769718277076018e-01 9.238129068317806336e-01 8.818213959770122568e-01 9.239688263255410039e-01 9.243310323240067072e-01 9.135705917141886401e-01 9.330439349478480970e-01 9.220124378442717816e-01 9.298431243149345438e-01 9.382752908937161962e-01 9.418058689028983022e-01 9.330597266664674150e-01 9.036934147683158836e-01 9.269979913712884656e-01 8.950801258159980511e-01 9.216605045234022020e-01 9.374694967891222808e-01 9.322090191079689392e-01 9.305065108299639398e-01 9.294239210910880677e-01 9.360278299771679356e-01 9.389033854248145516e-01 9.404322847234113381e-01 9.385679627872256514e-01 9.385278021265908155e-01 9.361969062504184036e-01 9.292254896009725096e-01 9.289353808023651515e-01 9.352835569930194604e-01 9.404713787330674091e-01 9.365507510733177554e-01 9.372655599960388884e-01 9.386942375289074603e-01 9.370638660415945287e-01 9.367328093112198273e-01 9.220118155617507139e-01 9.306372416584652862e-01 9.403801627554739806e-01 9.379654504210819255e-01 9.316715334220512235e-01 9.194645171656479210e-01 9.342550028873808365e-01 9.414218299160724834e-01 9.374956486674912437e-01 9.443505591945806632e-01 9.360233103815404077e-01 9.361643216433448433e-01 9.235292285763707643e-01 9.317863272522345364e-01 9.357294252795005374e-01 9.358945912551041024e-01 9.396142463745691398e-01 9.373245168169728192e-01 9.315056873818838845e-01 9.394448880851716810e-01 9.396322435199813139e-01 9.406325117410651027e-01 9.425810954416844467e-01 9.428834080478351032e-01 9.207643936593676859e-01 9.304038396803701039e-01 9.400998816567350813e-01 9.339782789624689885e-01 9.336308303596356772e-01 9.419333852280191710e-01 9.388904166899403325e-01 9.407859885977555292e-01 9.392965874887088118e-01 9.353618707773335705e-01 9.413403273966429730e-01 9.425821185525913304e-01 9.414416367986423451e-01 9.419054824768028356e-01 9.384252628036228172e-01 9.432103357219566719e-01 9.433151405882681528e-01 9.427043975790525554e-01 9.391591675237414005e-01 9.406465139187956126e-01
4.014216143046312781e-03 1.405912547493655129e-01 3.285943417842904224e-01 5.439919148018778072e-01 4.720299866658910215e-01 5.203878767027734220e-01 6.968032792630466377e-01 6.736653769736622444e-01 7.560634278198674618e-01 6.991836292955345700e-01 7.789666768965187726e-01 8.136670087593608214e-01 1.000000000000000000e+00 5.986575961582921712e-01 8.219260081835763065e-01 8.294499814576651309e-01 7.664171932058000403e-01 7.241623390156783913e-01 7.603957840241566402e-01 6.577707775173645688e-01 7.069626607785974848e-01 7.699439096354785406e-01 7.212378826466860904e-01 7.153374502652228850e-01 7.669346964965659819e-01 8.111918650627893967e-01 7.996498180618053508e-01 7.850733022528413318e-01 7.519097177376322660e-01 8.236396285358961178e-01 8.370662522575215148e-01 8.045802645459080304e-01 7.732110708477873962e-01 7.912782136123763799e-01 7.976216152364627998e-01 7.778812850999208273e-01 8.257311621854545036e-01 8.206880600416428528e-01 8.341031714077857817e-01 7.760661204093874943e-01 8.294493116719163783e-01 8.295619721441107597e-01 8.150825621956445666e-01 8.443212600113360056e-01 8.236164723396705023e-01 8.385974738703992903e-01 8.502400767825095684e-01 8.517075403484311025e-01 8.415258935789771133e-01 8.088041910786999411e-01 8.321230930032510464e-01 8.070219550055748314e-01 8.290262195389177524e-01 8.481915034025430122e-01 8.363924415974531845e-01 8.292233241074429273e-01 8.379450721201493479e-01 8.501273862175648954e-01 8.424332286749726117e-01 8.561621978052351700e-01 8.518940606423676121e-01 8.530943369651500241e-01 8.486620349759826931e-01 8.475424775401004807e-01 8.419882205459213731e-01 8.467547446310244030e-01 8.514841263200897403e-01 8.457061049492345939e-01 8.429401083952862139e-01 8.416957807389042756e-01 8.400354456070284748e-01 8.445962079830525715e-01 8.292624655177739390e-01 8.368208979436271289e-01 8.466379491290736414e-01 8.469101999902497457e-01 8.392662929888602408e-01 8.265032414143718142e-01 8.404288589944314269e-01 8.515231142112954510e-01 8.473896678102745827e-01 8.513073640018226085e-01 8.383448164849884865e-01 8.438979446209812219e-01 8.282415944339145408e-01 8.413574431034335221e-01 8.434584380831043893e-01 8.402831077409992355e-01 8.478803906093796972e-01 8.396435401699861023e-01 8.341506672560891067e-01 8.455343439986704457e-01 8.482013793910921917e-01 8.477460851540836728e-01 8.542984781811381323e-01 8.534620937519852291e-01 8.222779309198304798e-01 8.380782424241511874e-01 8.498204215586366850e-01 8.387435249438651708e-01 8.365281047656697444e-01 8.491966795949695834e-01 8.500301610022351628e-01 8.512436895469631670e-01 8.479914634831213771e-01 8.443317510085711630e-01 8.494140816296413821e-01 8.517028966346948948e-01 8.483387401109063752e-01 8.543739975728948943e-01 8.454654931761420578e-01 8.563988917994540540e-01 8.534973410393636994e-01 8.536351311766104955e-01 8.512262856149416246e-01 8.544348250259117261e-01
