1.000000000000000000e+00 1.372084025665495366e-01 1.460256293373606851e-01 1.224939231496332825e-01 2.312196875923390113e-02 -6.321093942053471193e-02 9.481857755675020261e-02 1.434891769197087219e-01 1.821055918153898778e-01 5.643361708201265897e-02 1.180984537821903185e-01 9.182500982785124499e-02 6.691991371411060152e-02 3.059778428739410097e-02 8.316939952936708291e-02 7.616139321751363989e-02 1.170949184212580207e-01 1.942092034656059951e-01 1.769390686639253085e-01 1.035935334101604072e-01 1.406447514252724684e-01 1.768408726304285250e-01 1.905798754421047514e-01 1.749100236770066708e-01 1.332875897817748512e-01 1.630645022532222210e-01 1.096752165633798348e-01 1.211225144864346570e-01 1.456903681205200807e-01 1.411551794211550193e-01 6.177801816269583302e-02 1.212730829633539148e-01 1.211844037238608979e-01 1.203392177984605738e-01 1.365758171985154423e-01 1.012682791674485577e-01 8.924511154874249785e-02 8.221848793854377724e-02 8.650979286444843153e-02 5.676722729619272656e-02 3.991375570457422750e-02 4.751732082928935424e-02 4.916525865066034146e-02 5.185062082897350794e-02 5.073848144185426345e-02 4.391847782199167355e-02 1.668993981501300586e-02 3.913755308855140780e-02 6.199727332445570394e-02 7.303864669270977716e-02 5.617263885184153177e-02 6.082002567007206012e-02 5.773436861031620154e-02 7.552864042649448661e-02 1.014181172225571831e-01 8.989722171062085321e-02 1.174290022086635354e-01 2.961515445303874658e-02 5.311321984272391467e-02 6.888179748576188366e-02 6.466089350004873559e-02 6.514373773635959153e-02 7.382407145667779780e-02 7.208336658440318845e-02 7.278024502237728788e-02 8.686437337322856778e-02 3.593614972534529134e-02 5.110134027653444322e-02 6.815229571039949086e-02 5.659364348622938218e-02 3.583283122427483036e-02 4.870686083818698969e-02 7.908863596142123864e-02 5.573044295666661208e-02 5.679731829773144308e-02 5.137640136875241959e-02 3.963583422460356664e-02 5.685581584444390074e-02 3.845865514400671065e-02 5.356765873476800749e-02 4.188373480523469722e-02 2.177327991376035859e-02 7.916800469106156923e-02 6.741542225996241533e-02 5.327896914691124253e-02 6.598141757338253643e-02 3.733958261919205490e-02 3.360629837810098774e-02 3.912681560872008357e-02 5.967808257846776709e-02 2.683068916146155031e-02 1.670023544259089873e-02 1.882643610275536866e-02 2.282099415853774613e-02 1.706023188112950825e-02 1.658389848974247890e-02 3.928740773468389347e-02 8.150955369316853494e-02 3.465243399697871818e-02 2.068737437441679067e-02 1.790686396330656849e-02 4.110873026279862619e-02 3.001864466651234589e-02 2.625127411866237659e-02 4.093165658544124785e-02 7.235956257167595884e-02 3.884297693939424423e-02 2.941983692992549207e-02 4.773575419288035582e-02 1.887206086022463064e-02 2.579792339480986921e-02 3.960783481775289466e-02 3.512912064176483551e-02 4.133371202045264120e-02 5.489692652926196625e-02 5.052190718907871581e-02
1.372084025665495366e-01 1.000000000000000000e+00 3.450233969415876512e-02 4.681780793410180580e-02 4.262662255309276199e-02 5.765265827945324772e-02 1.149259508601215146e-01 1.257106515410156833e-01 1.971785160171758977e-01 1.565300728730642243e-01 1.358400564449029624e-01 1.387625455772906191e-01 1.181299231930113824e-01 1.169702624226824500e-01 1.447375985156454103e-01 1.207368349365354060e-01 1.417827826405847758e-01 1.803143595298664636e-01 1.862290950257949329e-01 1.466650179073784588e-01 1.014913909411943732e-01 1.384891943449623464e-01 2.149445838436865874e-01 1.822660540935621964e-01 1.508540863878348459e-01 1.615436398813992758e-01 1.577631037951261472e-01 1.560750315496280960e-01 1.856856520286465917e-01 1.745849925262182578e-01 1.687950827879709237e-01 1.756592458037237459e-01 1.576559887618593503e-01 1.779016013951212061e-01 1.732781924205807622e-01 1.567242835430746328e-01 1.627194226182346326e-01 1.787278938455945376e-01 1.648476790547150905e-01 1.465003130260883746e-01 1.468542988948072503e-01 1.507706492258386877e-01 1.473360475534458147e-01 1.422906411471775157e-01 1.387517103080686265e-01 1.587703535713218261e-01 1.439625287919051866e-01 1.598094729439034078e-01 1.544223023074725309e-01 1.492935705887890041e-01 1.525341454459333002e-01 1.182913192217902865e-01 1.337449335951253204e-01 1.751233834104379550e-01 1.778846218363593079e-01 1.775780520559864240e-01 1.560732347104249185e-01 1.419112375984401264e-01 1.598636615034977060e-01 1.431024341656951804e-01 1.456062898781468051e-01 1.581170370215028154e-01 1.529169947958892717e-01 1.513155492237951982e-01 1.454417922793973805e-01 1.542106200270540461e-01 1.524554586021285574e-01 1.569816351807193644e-01 1.678258733905514111e-01 1.506790867649475951e-01 1.336270005153260554e-01 1.505450805912914580e-01 1.731632973331243552e-01 1.608285743434151316e-01 1.522202948907270537e-01 1.501578649718909308e-01 1.428379644661669501e-01 1.582542159891167366e-01 1.557501085133233543e-01 1.624124989605346125e-01 1.533800980813518622e-01 1.508978427592363170e-01 1.663583769668665335e-01 1.617885449542895149e-01 1.539592316017660834e-01 1.668724910309086484e-01 1.520578275802864920e-01 1.572575446591824300e-01 1.606915574456934948e-01 1.662188733969248433e-01 1.449453318594870199e-01 1.451402355324895588e-01 1.410295228549286184e-01 1.473827519754824789e-01 1.432924685013174937e-01 1.477305405147429640e-01 1.477333876821753100e-01 1.522054312872679893e-01 1.463234815142046841e-01 1.465345983728789658e-01 1.410675710196736543e-01 1.497670801229105675e-01 1.426861148952831282e-01 1.394561023193839067e-01 1.437993987623979730e-01 1.565869532784809615e-01 1.511808892741123567e-01 1.538147737148958805e-01 1.604229936972822179e-01 1.467698417482710682e-01 1.500644222871385658e-01 1.461275144560555961e-01 1.544604918913944636e-01 1.488715673469602485e-01 1.505651480295210898e-01 1.448321080559137886e-01
1.460256293373606851e-01 3.450233969415876512e-02 1.000000000000000000e+00 3.247644137331553438e-01 1.281796239089744438e-01 1.576366324078015135e-01 2.776607934848212556e-01 2.929216938753113064e-01 3.032221427932931812e-01 2.377758744891847187e-01 2.849302897838743021e-01 3.122345070347760099e-01 2.505602348949884650e-01 2.273695182448455809e-01 2.914918984450051709e-01 2.904801561104976004e-01 3.068572568730627559e-01 3.322082818482031685e-01 3.294259809646475912e-01 2.992439157667805549e-01 3.260150364102554765e-01 3.502788455624863406e-01 3.451272956259868185e-01 3.169215267225639621e-01 3.118310185773665588e-01 3.502957428452336819e-01 3.124582895495378043e-01 3.237935519764829628e-01 3.181884786619045835e-01 3.178950664609924148e-01 3.061132854716575591e-01 3.390208564106125255e-01 3.316765641708397383e-01 3.326279811073068471e-01 3.062410608789237210e-01 3.371740086392517877e-01 3.076279908098132898e-01 3.186651346010905272e-01 3.249818536250418388e-01 3.184929908832089818e-01 2.929148165645430457e-01 3.084476146246002415e-01 3.002084516281658955e-01 3.119548219582351511e-01 3.107613819266071276e-01 3.058392509663339087e-01 2.772013411280392914e-01 2.793936041065159803e-01 2.985619309373042096e-01 3.181788732479339799e-01 3.121975516100619075e-01 2.956009911653599831e-01 2.926400946566810601e-01 2.816562314251945254e-01 3.014834336141633542e-01 3.124784198575558669e-01 3.126594702146624494e-01 2.770275423279647264e-01 2.907226595486960830e-01 2.909955326662954089e-01 3.007280557729775095e-01 2.928556206434432818e-01 2.983959635829335211e-01 3.070558499888098036e-01 3.049402219490962573e-01 3.024145272041323107e-01 2.797908937118961381e-01 2.942338067060860651e-01 3.039062564501842090e-01 2.943990946556598320e-01 2.903438202151482073e-01 2.926272825597227012e-01 3.017339293252485066e-01 2.960499509612243840e-01 3.027364233148318040e-01 2.930268450288358029e-01 2.944003867235769345e-01 2.899008177869821234e-01 2.874067270671105678e-01 2.933038057466651471e-01 2.981374258908574548e-01 2.919407949849925354e-01 3.105173641766777459e-01 2.990523270768447595e-01 3.037179742515299097e-01 3.006384761215750157e-01 2.965202332384404560e-01 2.920397166654465360e-01 2.922072588535048476e-01 2.984729579015680256e-01 2.950998315332261646e-01 2.829860005782041665e-01 2.775793675682444173e-01 2.860813432563892311e-01 2.746082158056193379e-01 2.715472895679013621e-01 2.936251088145295229e-01 3.021133290290834439e-01 2.858427371114479199e-01 2.870760174029894363e-01 2.840341075302972307e-01 2.852079658717897592e-01 2.837587556900315056e-01 2.850976481426100162e-01 2.886523721157885913e-01 2.972986170461678901e-01 2.846736080660777768e-01 2.776705390524702999e-01 2.878936039528463553e-01 2.761680121364312734e-01 2.788231629881238183e-01 2.826729592823471471e-01 2.783924288521206214e-01 2.885282185828172974e-01 2.904113606714956441e-01 2.860457591499492302e-01
1.224939231496332825e-01 4.681780793410180580e-02 3.247644137331553438e-01 1.000000000000000000e+00 2.279955622825440287e-01 2.061885857434434532e-01 4.637359508405947683e-01 4.609428176411979328e-01 4.460938181505753608e-01 3.431131189320306696e-01 4.383611985854726778e-01 5.009769741832845735e-01 4.019339891279816723e-01 3.967426324544738314e-01 5.103025459990482293e-01 5.032013152530030453e-01 4.711426426356236097e-01 4.652213668532630408e-01 4.845493579022976949e-01 4.818852112882346939e-01 5.323347539800771244e-01 5.379309417423786543e-01 4.550289082205892788e-01 4.564137886075076977e-01 5.000479019310680728e-01 5.211706837685079474e-01 5.038945870365176827e-01 5.221648168983147320e-01 4.953788529220251036e-01 4.987396689680441142e-01 4.981213477258677469e-01 5.120333597659674219e-01 5.170438142218284350e-01 5.137554297721763641e-01 5.019668908267262974e-01 5.262693868504908501e-01 5.112980680406168377e-01 5.119434928359065662e-01 5.233466310099916807e-01 5.214823353065159983e-01 4.714881436936136927e-01 5.025458803116160666e-01 4.973697561272210077e-01 5.155893079067608298e-01 5.203381856910955783e-01 5.128542239224936905e-01 4.615867687239417760e-01 4.519099066052861269e-01 4.701546725625795897e-01 4.826054944029503635e-01 4.971758904862403905e-01 4.767553894761203948e-01 4.755335163853912639e-01 4.416426460516451602e-01 4.587900974927611730e-01 4.827396657031891025e-01 4.723189489975296862e-01 4.539039393637644970e-01 4.546602312670319779e-01 4.647442705111229366e-01 4.762311882470173785e-01 4.527997605518121471e-01 4.581415055249239976e-01 4.696977121872639716e-01 4.909905601170864720e-01 4.779918540893908219e-01 4.661812264495449054e-01 4.743310862163293562e-01 4.830182664370352152e-01 4.840950101663634153e-01 4.882826045647655766e-01 4.824496439169379536e-01 4.743535127824778375e-01 4.802595613000974484e-01 4.913492144591587452e-01 4.914641883865455974e-01 4.938455906115851168e-01 4.824098086292328280e-01 4.760444195856151639e-01 4.772998002263474371e-01 4.915582190508837601e-01 4.841529292267870432e-01 4.907223891143754346e-01 4.938611737132382884e-01 4.889559738573376335e-01 4.861393580765244748e-01 4.883779929765070804e-01 4.823807997307733575e-01 4.855998885789090669e-01 4.752046389466431653e-01 4.995874050817541434e-01 4.794429532880460365e-01 4.742276614100705556e-01 4.903968062339776335e-01 4.604884432929019500e-01 4.542199034636716370e-01 4.813950914237069001e-01 4.734710591687797954e-01 4.700774745767179463e-01 4.802532733036677937e-01 4.825114827523901417e-01 4.650997080474319478e-01 4.730538412709232587e-01 4.750695110666390275e-01 4.776719177651014836e-01 4.729651865402507704e-01 4.639476822170314763e-01 4.594665221229686236e-01 4.651949300670893961e-01 4.592336602250690070e-01 4.637157460776947238e-01 4.625895548385991485e-01 4.589890329431155491e-01 4.685600901576412181e-01 4.717341992495672764e-01 4.670551493768566043e-01
2.312196875923390113e-02 4.262662255309276199e-02 1.281796239089744438e-01 2.279955622825440287e-01 1.000000000000000000e+00 2.126109263232171809e-01 3.508718540455166846e-01 3.512971994816660448e-01 3.252730169133441485e-01 2.920878272826829547e-01 2.972431520146807671e-01 3.686682399906412444e-01 3.867395540008986554e-01 3.311915574964834352e-01 3.785015614129804140e-01 4.110186491738780923e-01 2.937813356065516190e-01 2.819041606943142320e-01 3.240352434880668930e-01 3.304540428674269115e-01 3.482467269345668193e-01 3.562783659369364031e-01 2.772748136088263871e-01 2.626247850458298672e-01 3.304361002895869204e-01 3.498028863195451477e-01 3.256532831197350708e-01 3.142480604078322637e-01 3.304984842534982037e-01 3.315670310160434564e-01 3.547334383042242134e-01 3.320794168431887572e-01 2.913644003522308790e-01 3.172034321472971263e-01 3.141592840577479007e-01 3.386224153089471556e-01 3.088063463662981123e-01 3.393415456751330828e-01 3.397678509865860730e-01 3.288941970572243911e-01 3.647598959246877159e-01 3.703136341128905329e-01 3.909518074092950823e-01 3.891520115469809249e-01 3.539621627958519090e-01 3.634788715580112850e-01 3.739343655272786560e-01 3.570979639745819334e-01 3.733892438694019211e-01 3.764108322664049266e-01 3.650180277090191994e-01 3.830852079734405891e-01 3.764449475301215320e-01 3.474791796499860919e-01 3.547291425747299831e-01 3.594153719742213537e-01 3.550813831136623855e-01 3.744739047003587951e-01 3.508641564060392959e-01 3.816854475247499767e-01 3.853258044028163298e-01 3.661884881274571346e-01 3.630946060007038678e-01 3.719785070630353685e-01 3.653936690748102456e-01 3.745283953113511255e-01 3.724393306457048358e-01 3.696267402551516867e-01 3.671357263841636409e-01 3.893997617147664236e-01 3.814605263872720697e-01 3.757978706470496699e-01 3.493596058347421263e-01 3.702372697237880650e-01 3.820390352314886329e-01 3.732022355386626633e-01 3.723244526264818943e-01 3.755007810401444490e-01 3.734904086614782015e-01 3.676390974779995546e-01 3.603057707725073056e-01 3.685439817769002313e-01 3.624378739348095291e-01 3.579394046686913411e-01 3.734331729992128590e-01 3.581050319691779782e-01 3.565582679664743848e-01 3.744984437955176104e-01 3.673627988241183195e-01 3.754321517553182441e-01 3.655784961100613795e-01 3.787624602395069373e-01 3.733118064688938920e-01 3.722205782086621673e-01 3.775141129572056053e-01 3.746061860436983859e-01 3.881608743116169435e-01 3.808492221711529124e-01 3.874122504187475502e-01 3.753776139487746133e-01 3.931983768751709518e-01 3.766388716233669554e-01 3.868823366920286499e-01 3.904557316726038896e-01 3.863371026680901266e-01 3.725932937620815566e-01 3.772144931840775706e-01 3.725291845674081892e-01 3.751659628052292916e-01 3.789934869320266686e-01 3.757477163469572501e-01 3.772014097882764316e-01 3.712256899434105417e-01 3.791527889070711033e-01 3.633050552275122747e-01 3.763696575938434985e-01
-6.321093942053471193e-02 5.765265827945324772e-02 1.576366324078015135e-01 2.061885857434434532e-01 2.126109263232171809e-01 1.000000000000000000e+00 3.616578030515662512e-01 3.086272911557702558e-01 3.654881562698545361e-01 3.723914014577643372e-01 3.447285307062455950e-01 4.014932232605971651e-01 3.860491934409676640e-01 3.926951683731272902e-01 4.252146369551694782e-01 4.445820282961321368e-01 3.896699759137884911e-01 3.360256954070808266e-01 3.679571378077298172e-01 3.700640258981185426e-01 3.489671995173960761e-01 3.831601724057996372e-01 3.497503138655049248e-01 3.328213765353388864e-01 3.952431614960934536e-01 3.784505343979950864e-01 3.949242005346418893e-01 3.800658384795884137e-01 3.973994673444154468e-01 3.983609379596336209e-01 4.512526957759977475e-01 4.191497987876008358e-01 3.644890857628684255e-01 4.050977601021079066e-01 3.858305070927454117e-01 4.260080874392973560e-01 4.207710727286435581e-01 4.173969500516310771e-01 4.272988143617766910e-01 4.178811787749475148e-01 4.544587527511015912e-01 4.532223720903848507e-01 4.416631712690903822e-01 4.593054647533983958e-01 4.477309865939851363e-01 4.543517182188814285e-01 4.699195335330392798e-01 4.611791095574861998e-01 4.511447107010679303e-01 4.270619076033829731e-01 4.452422915718872165e-01 4.302758111316042910e-01 4.513794918513342469e-01 4.465420576488172144e-01 4.377861487052348566e-01 4.407807413201595970e-01 4.339356489866009747e-01 4.608456847557136915e-01 4.513211989910944633e-01 4.559100499589124333e-01 4.590458129023642919e-01 4.558840052907384144e-01 4.492649166428426266e-01 4.530092245432449927e-01 4.583014058972911253e-01 4.487947076987741646e-01 4.684431272099714993e-01 4.666104204528258581e-01 4.621627382829001651e-01 4.685555510377094057e-01 4.682231410078733225e-01 4.663651971339979330e-01 4.503025785764656064e-01 4.615511899954042874e-01 4.656241805412169033e-01 4.652560712812011667e-01 4.675120611372589607e-01 4.694136494710422491e-01 4.672026051939522917e-01 4.629133498305264549e-01 4.686445652568345110e-01 4.737659964673687218e-01 4.584001281794783389e-01 4.522432292163323098e-01 4.575731906790456160e-01 4.565176725950673142e-01 4.667365969263606584e-01 4.658746226843620275e-01 4.666241354788863704e-01 4.669563938906076128e-01 4.621830411127838545e-01 4.711232954919683524e-01 4.739042124387887744e-01 4.700896433889444892e-01 4.740808581032452396e-01 4.736382646417809372e-01 4.600993292809611446e-01 4.533331312398956592e-01 4.683108224216411264e-01 4.679157197205573993e-01 4.742383574327371232e-01 4.697825362789639358e-01 4.656153754956330326e-01 4.729737349818050052e-01 4.659997792180623488e-01 4.575384202330064487e-01 4.676720266774197499e-01 4.710295955323477446e-01 4.636386650990966807e-01 4.726032527178594123e-01 4.682129013958812314e-01 4.692663328551283652e-01 4.653076371837394087e-01 4.680415437864652306e-01 4.633471893292003263e-01 4.620008766234258712e-01
9.481857755675020261e-02 1.149259508601215146e-01 2.776607934848212556e-01 4.637359508405947683e-01 3.508718540455166846e-01 3.616578030515662512e-01 1.000000000000000000e+00 6.168475922267502298e-01 6.347455274595957819e-01 5.737159576068485700e-01 6.083250039714763746e-01 6.778675016604753800e-01 6.291983514251905385e-01 6.184915696402542018e-01 7.704165653740029374e-01 7.134585443655266923e-01 6.738139201098486408e-01 6.451616088762447410e-01 6.766105315005791487e-01 6.072836148449261007e-01 6.415642725834579396e-01 6.994794418285438242e-01 6.788654734630575893e-01 6.493352939586776174e-01 6.992899005783085320e-01 7.151013693071106569e-01 7.056755174186064572e-01 7.229114507379316157e-01 7.003489287017896636e-01 6.879847396697037487e-01 7.261969260929764802e-01 7.370137848195779107e-01 7.093194644698015416e-01 7.239043068101967959e-01 6.837705734208158193e-01 7.403325054665340632e-01 7.232201666939299667e-01 7.454438835803073315e-01 7.460152526378698301e-01 7.446321598031103717e-01 7.294565750792417758e-01 7.525661204737759125e-01 7.350540394522134813e-01 7.551479475794491414e-01 7.535748110096130992e-01 7.513481676253992436e-01 7.222674024001237703e-01 7.197214338314658066e-01 7.189154700837023793e-01 7.050311786440633943e-01 7.380445009402790690e-01 6.829920450695754486e-01 7.155470008911812840e-01 7.053591592429629964e-01 7.078155440893427741e-01 7.381101630972524141e-01 7.076949194694134304e-01 7.149313312781936380e-01 7.156013498530908734e-01 7.150217155227103216e-01 7.162741136152396271e-01 7.072768811247696075e-01 7.009501892355668451e-01 7.131173530828401885e-01 7.239533206046823155e-01 7.130223059743571179e-01 7.215929068504324251e-01 7.310479820106844384e-01 7.399774487512309484e-01 7.234965304116437457e-01 7.268030201619637420e-01 7.275687145451648075e-01 7.277734666725275137e-01 7.339761019490345095e-01 7.398800441877008138e-01 7.375419010348061022e-01 7.450675448859255257e-01 7.344878042969898990e-01 7.352629216319249705e-01 7.284395834854862084e-01 7.419302489793708766e-01 7.282255336750051988e-01 7.419873184638633434e-01 7.381829929872435470e-01 7.406899911349212884e-01 7.368049372798634034e-01 7.370032641513568628e-01 7.429976227177111925e-01 7.430347049936552040e-01 7.371671985299794727e-01 7.534075910825316358e-01 7.358844043904579912e-01 7.335075022939233635e-01 7.475807582981535138e-01 7.219567016862792341e-01 7.190820085396686379e-01 7.330004572779543759e-01 7.119439717224411712e-01 7.236283128925542485e-01 7.372053300192523695e-01 7.358575258420669840e-01 7.197782572950017776e-01 7.177470135055178391e-01 7.276719929236431517e-01 7.219579808493061801e-01 7.218656114612975738e-01 7.205437931745614089e-01 7.198323068620114951e-01 7.237069961646346306e-01 7.200836501055711825e-01 7.222118592008892612e-01 7.184018612654251568e-01 7.196150355712342961e-01 7.199354988569743874e-01 7.208716254844027560e-01 7.160293031690719845e-01
1.434891769197087219e-01 1.257106515410156833e-01 2.929216938753113064e-01 4.609428176411979328e-01 3.512971994816660448e-01 3.086272911557702558e-01 6.168475922267502298e-01 1.000000000000000000e+00 6.035500983268120567e-01 5.447881671183982810e-01 5.714279144758893647e-01 6.575343019612862605e-01 5.913289431517971817e-01 5.731133712324177898e-01 6.864812471340693278e-01 7.062027908349424177e-01 6.007353798770662667e-01 6.329725717626764059e-01 6.745175836667560709e-01 6.277641131835152155e-01 6.740791989771849346e-01 6.889047777353726199e-01 6.447146045996245967e-01 6.319621453126780253e-01 6.645042860901273496e-01 6.854241842376795901e-01 6.592239852414985002e-01 6.351532357818184815e-01 6.407948147056649058e-01 6.414065909628926532e-01 6.517157073233892373e-01 6.957260894248737948e-01 6.399200556926600836e-01 6.798379508067899923e-01 6.519650460077663912e-01 6.811227208089926100e-01 6.510897553821329842e-01 6.909342097257166193e-01 6.904785952888754519e-01 6.621028488352486141e-01 6.812405707558998325e-01 6.987016241635902736e-01 6.893873916329567031e-01 7.084622288743298579e-01 6.748562187751886432e-01 6.864151487873323410e-01 6.676826322919142687e-01 6.695853722991245149e-01 6.960007732899176069e-01 7.082782240472098589e-01 6.995015043781966924e-01 6.655414975907268937e-01 6.769426969100175162e-01 6.681309577657463805e-01 6.924622268827529403e-01 6.944185275165157822e-01 7.007978954489915147e-01 6.812145227196200192e-01 6.826902901418785419e-01 6.738039480211792664e-01 6.983164545526773237e-01 6.842813101460500924e-01 6.978856956862956595e-01 6.951324217711553066e-01 6.672082189099406424e-01 6.811221732380303706e-01 6.645487872280064767e-01 6.783837706690575287e-01 6.862238170851345798e-01 6.811193363802395817e-01 6.872301542626648718e-01 6.771046835780990536e-01 6.743669990518783575e-01 6.800062746092951915e-01 6.819053575627929131e-01 6.749563904425792682e-01 6.685069742281214422e-01 6.674703043760542576e-01 6.667209232389235130e-01 6.665664203302511526e-01 6.696776934079755605e-01 6.612107545014153098e-01 6.874806740862333676e-01 6.730916842428266156e-01 7.034676667469966782e-01 6.836902852977141398e-01 6.690834673130745536e-01 6.888309238504642940e-01 6.791797306782006993e-01 6.857795452336243880e-01 6.740006531844975335e-01 6.809925920326694859e-01 6.692246436644001539e-01 6.789285602463366320e-01 6.677207057172921401e-01 6.634144742442438236e-01 7.129200565589876026e-01 6.991810531116765537e-01 6.956892852223928170e-01 6.897401272854150056e-01 6.914612644025041055e-01 6.903997244235018371e-01 6.739970259709557876e-01 6.926037772161736106e-01 6.824105185966575782e-01 6.940335895324227788e-01 6.801063041034349776e-01 6.640762300536156015e-01 6.807707117903830651e-01 6.748567459472490926e-01 6.803128434850994610e-01 6.696312435268616525e-01 6.816110911252170057e-01 6.836519496756217062e-01 6.658133505073179359e-01 6.707499719696202733e-01
1.821055918153898778e-01 1.971785160171758977e-01 3.032221427932931812e-01 4.460938181505753608e-01 3.252730169133441485e-01 3.654881562698545361e-01 6.347455274595957819e-01 6.035500983268120567e-01 1.000000000000000000e+00 6.824224921812508393e-01 6.900920726355589396e-01 7.688827670899813782e-01 6.717763159104088722e-01 6.864964587647829353e-01 7.935434802163515711e-01 7.764749576810789922e-01 7.873980294653757372e-01 7.451582131194439684e-01 7.847964448082144218e-01 7.181034980890520503e-01 6.937764879361375536e-01 7.837627675539070582e-01 7.555355533059460171e-01 7.431532071087462166e-01 7.749977572578647944e-01 7.914733226731665017e-01 7.796014475358715723e-01 7.480081206278372807e-01 7.779218339906419644e-01 7.952162890435595655e-01 7.869139527377222443e-01 8.171018108898732146e-01 7.384244092784418845e-01 7.881572066786843855e-01 7.620851465224657284e-01 7.753036283792014149e-01 7.783114736483027762e-01 7.947810172813030150e-01 8.005616786542910646e-01 7.636585281374724810e-01 8.080753978036604446e-01 8.044979970003685033e-01 7.853853575422334865e-01 8.174878601997019878e-01 8.051225049006387469e-01 8.061432288815967295e-01 8.210465596732079430e-01 8.333415653839110204e-01 8.301196678861059164e-01 7.890795533741151724e-01 8.196302348799697768e-01 7.826494687622546076e-01 8.067705920659918872e-01 8.376624563518642042e-01 8.343729626866879245e-01 8.318826433529123987e-01 8.412041687619845609e-01 8.211965674939961657e-01 8.297492604230198854e-01 8.428864527112933658e-01 8.347995164049777372e-01 8.344306750356437208e-01 8.304057296525377829e-01 8.309069782535616344e-01 8.346825974015765759e-01 8.402144233087518455e-01 8.281992111006241108e-01 8.349531315027161060e-01 8.367260350438937566e-01 8.320599143675974085e-01 8.212917533743985254e-01 8.325882239363027182e-01 8.346216910165547009e-01 8.321358637994414886e-01 8.283675054690300410e-01 8.240907625990393504e-01 8.169100902306156708e-01 8.237812562245336867e-01 8.249066163254615835e-01 8.319295209831956139e-01 8.157112399388029012e-01 8.146933137595058216e-01 8.396473912908312132e-01 8.270695790182831519e-01 8.181303446722040240e-01 8.323190398173709870e-01 8.169393102674499252e-01 8.228993772785188066e-01 8.247030231458174487e-01 8.352464775376534645e-01 8.062951900104922132e-01 8.182579635079318958e-01 8.166917721185886769e-01 8.190491575897816956e-01 8.230248057835458653e-01 8.214813754479950436e-01 8.104615369629386556e-01 8.273736594178295878e-01 8.240474670851404282e-01 8.181098430263921140e-01 8.103213740200365667e-01 8.251041299789589889e-01 8.207074708564697785e-01 8.227355268583326220e-01 8.226880482610888778e-01 8.374543430439436165e-01 8.280621279799214030e-01 8.277563291987908300e-01 8.325161140581247565e-01 8.212545228296435074e-01 8.253152739524926007e-01 8.340339816891156888e-01 8.285930469036727475e-01 8.276339339663425498e-01 8.326565885074590501e-01 8.328724292671075835e-01
5.643361708201265897e-02 1.565300728730642243e-01 2.377758744891847187e-01 3.431131189320306696e-01 2.920878272826829547e-01 3.723914014577643372e-01 5.737159576068485700e-01 5.447881671183982810e-01 6.824224921812508393e-01 1.000000000000000000e+00 6.188328572963998075e-01 7.148517256251001317e-01 6.175547216124429584e-01 6.515359284076279733e-01 7.320812621392839281e-01 7.071095241679645760e-01 6.862650202806297450e-01 6.653311125713130547e-01 6.875446219667782355e-01 6.491483898608623182e-01 6.020180983482794623e-01 6.802287039862882079e-01 6.869555373324538472e-01 6.526159438765590792e-01 7.038795054105940752e-01 7.182388030345696617e-01 7.323222586674739132e-01 7.009041193039395878e-01 7.252804294238189842e-01 7.243668152874114252e-01 7.579305480420286401e-01 7.548041508031738678e-01 6.936673761499221325e-01 7.328218522416111158e-01 7.147249888634692461e-01 7.248892116821947784e-01 7.384654555522536246e-01 7.521183172738626910e-01 7.595815891580530721e-01 7.259117505463148490e-01 7.813692757081504014e-01 7.739776444113412035e-01 7.554686673311908907e-01 7.722606972567578332e-01 7.618184447832478945e-01 7.758015279939549647e-01 7.889754830269987140e-01 7.968793146740853484e-01 7.838356571867914901e-01 7.496589920286016451e-01 7.774900426900556161e-01 7.366855001050448548e-01 7.658941533798163670e-01 7.934637441873890751e-01 7.824019717349584013e-01 7.862547833167838895e-01 7.782064457072527253e-01 7.891660445433813509e-01 7.904075591100861997e-01 7.847119770874843026e-01 7.840814344405419023e-01 7.895126002706649437e-01 7.826728693140930782e-01 7.848443774096696135e-01 7.761425458598917304e-01 7.840009865857732185e-01 7.931722593003849298e-01 7.938586058263574774e-01 7.913378070721194257e-01 7.824592371730733076e-01 7.783859275548403733e-01 7.850565851258484162e-01 7.798004584779499870e-01 7.869322932392956993e-01 7.845672770636410442e-01 7.819108105356969984e-01 7.808222749321405143e-01 7.864314975018348308e-01 7.835586668488790929e-01 7.875474947860295893e-01 7.839396710185433381e-01 7.897927932429523734e-01 7.884728774020299813e-01 7.834046260806009077e-01 7.821651524129307198e-01 7.857558029571743985e-01 7.839466368639522731e-01 7.893678854284978952e-01 7.890169218221719794e-01 7.920243370629197477e-01 7.752417540085466685e-01 7.898981864391025898e-01 7.863098300046645894e-01 7.883490531891842457e-01 7.922810854567460259e-01 7.955310767415594286e-01 7.763071646577582863e-01 7.784977270920223624e-01 7.897112467622000587e-01 7.880340721072125465e-01 7.846925396893718041e-01 7.905626246606023422e-01 7.839559607669843722e-01 7.873916597625388869e-01 7.841660031934060138e-01 7.892320718356439224e-01 7.936226135343759092e-01 7.924557518162942404e-01 7.943610587106819665e-01 7.919928158900182424e-01 7.943379798542700154e-01 7.929043543071232492e-01 7.937316672103158499e-01 7.912249281330334671e-01 7.895586514603355477e-01 7.889745432481234388e-01
1.180984537821903185e-01 1.358400564449029624e-01 2.849302897838743021e-01 4.383611985854726778e-01 2.972431520146807671e-01 3.447285307062455950e-01 6.083250039714763746e-01 5.714279144758893647e-01 6.900920726355589396e-01 6.188328572963998075e-01 1.000000000000000000e+00 7.492352356255774781e-01 6.165168857071233743e-01 6.443598241072502342e-01 7.373863127874384915e-01 7.199042037032518104e-01 6.895530669530822721e-01 6.795801334498762225e-01 7.130748283179059177e-01 6.768830648372310410e-01 6.644226020145757028e-01 7.256913499416968172e-01 6.831596729708145910e-01 6.626229822873968001e-01 7.125882121120789003e-01 7.390859358075609897e-01 7.492548559199726510e-01 7.231173038466734981e-01 7.291251712297937004e-01 7.479165657994677474e-01 7.604417567934810274e-01 7.535566135954899769e-01 7.132107234718632061e-01 7.347326267734016758e-01 7.210505328002392300e-01 7.363472169828764180e-01 7.449078201307837155e-01 7.425253800582520824e-01 7.606971830350345298e-01 7.315143002458773802e-01 7.565446827468050861e-01 7.578146035016740667e-01 7.398452509579962477e-01 7.668924504833656286e-01 7.588527713805587327e-01 7.591980802122872962e-01 7.607026479716766376e-01 7.656726967710332232e-01 7.692131595724577275e-01 7.358891175810508001e-01 7.637680538737215974e-01 7.232102430466548215e-01 7.467951481475251230e-01 7.624019992306769744e-01 7.644942907999566772e-01 7.657815587260067280e-01 7.702352796323646000e-01 7.553358469909972062e-01 7.641900969977921676e-01 7.707021029972471737e-01 7.672582933300295949e-01 7.679802120317226199e-01 7.647308253085032259e-01 7.672639420944533661e-01 7.645268793182102840e-01 7.691726887881612518e-01 7.636623115188876376e-01 7.646173751142397723e-01 7.679204586675191235e-01 7.663939370181758193e-01 7.649641405887988022e-01 7.648775142624086865e-01 7.610068229888868885e-01 7.666073892545473001e-01 7.684991161742917853e-01 7.737112228437088568e-01 7.652126143422038895e-01 7.708497090239651017e-01 7.592214319979675441e-01 7.643124896018946846e-01 7.630298549494451965e-01 7.644847636633751442e-01 7.733409935506193600e-01 7.702939697872529523e-01 7.618831175547029488e-01 7.668137920586204359e-01 7.649545230569987364e-01 7.634506022733993369e-01 7.676008924452780713e-01 7.676527007339898345e-01 7.604090159320044950e-01 7.652675125173304949e-01 7.601156811398054325e-01 7.661314700942963851e-01 7.614633145227627242e-01 7.597450644426310129e-01 7.538533343898726757e-01 7.607781218667570844e-01 7.634020989269545421e-01 7.615820392458770849e-01 7.558900560608444730e-01 7.628434817035731896e-01 7.608760390182142119e-01 7.630550121270259778e-01 7.616078724148426238e-01 7.690009656326534104e-01 7.659642804976991570e-01 7.620890485385167779e-01 7.662292222284030618e-01 7.613147703348315254e-01 7.640880389619152391e-01 7.683828545455826387e-01 7.650903862396943866e-01 7.648496945347544873e-01 7.662837807682900682e-01 7.646518299439727384e-01
9.182500982785124499e-02 1.387625455772906191e-01 3.122345070347760099e-01 5.009769741832845735e-01 3.686682399906412444e-01 4.014932232605971651e-01 6.778675016604753800e-01 6.575343019612862605e-01 7.688827670899813782e-01 7.148517256251001317e-01 7.492352356255774781e-01 1.000000000000000000e+00 7.145631485174201991e-01 7.403023778647698228e-01 8.497125530148817996e-01 8.269068552112707193e-01 7.722620622839603266e-01 7.501213761230868249e-01 7.951703823105971125e-01 7.674480786996233928e-01 7.594305317803647926e-01 8.172522825756303178e-01 7.656765177716394755e-01 7.451237092636309178e-01 8.113109017300099701e-01 8.430557654795988176e-01 8.404626609460446041e-01 8.085063550756235173e-01 8.213117086837662395e-01 8.228051910683845671e-01 8.639827067213321499e-01 8.504487463040553141e-01 7.913075531979519850e-01 8.294440380358998333e-01 8.008632203204679723e-01 8.363920283478416540e-01 8.334363711987079482e-01 8.498015480234235586e-01 8.598769694905192829e-01 8.309463778604209150e-01 8.752777887812142055e-01 8.740195469215352730e-01 8.599428687247639980e-01 8.839753520537941833e-01 8.692245691172425515e-01 8.731163622069665342e-01 8.772304317245713801e-01 8.784413181318532216e-01 8.802504785198042025e-01 8.533777776450204300e-01 8.775502127667463848e-01 8.451993639380389611e-01 8.692792049743854887e-01 8.697207544349137009e-01 8.760639287323133129e-01 8.744123170523951938e-01 8.778084807680450741e-01 8.753558098022459211e-01 8.779250413980009826e-01 8.840200797573223301e-01 8.868017405689079258e-01 8.810038753022682023e-01 8.769102528619353576e-01 8.838731049612039703e-01 8.760271570596039892e-01 8.829833295801946536e-01 8.772255447728478650e-01 8.793543720127929841e-01 8.795457291787727172e-01 8.847360323075472710e-01 8.841770921906768610e-01 8.824915825365260424e-01 8.684223343805550499e-01 8.804766864092321565e-01 8.835426754070273558e-01 8.860542599261957974e-01 8.803563734893904424e-01 8.803327673451378788e-01 8.769049087493274719e-01 8.773310272950139987e-01 8.745480836447510065e-01 8.792658849647901897e-01 8.818041196471562149e-01 8.744225878852152078e-01 8.784902824088762774e-01 8.800101767817277709e-01 8.774060713412438206e-01 8.814761487280361463e-01 8.807146173375913767e-01 8.817569404215848117e-01 8.710408274676589846e-01 8.825535493372446139e-01 8.771772663770431855e-01 8.838722278236935681e-01 8.798847018998866565e-01 8.787000035360417183e-01 8.765317043130930186e-01 8.800035591025900938e-01 8.850924310163938991e-01 8.810803333540196958e-01 8.786202613518508953e-01 8.841105887994613610e-01 8.810176108450286092e-01 8.845029886610786818e-01 8.824759706102237589e-01 8.836759680478329937e-01 8.842760506357628669e-01 8.775284236796750958e-01 8.828712259918164440e-01 8.791688447884937752e-01 8.818735081140287591e-01 8.840804511121856946e-01 8.833262664991144986e-01 8.847318823719939607e-01 8.807548009342187623e-01 8.821511308008003205e-01
6.691991371411060152e-02 1.181299231930113824e-01 2.505602348949884650e-01 4.019339891279816723e-01 3.867395540008986554e-01 3.860491934409676640e-01 6.291983514251905385e-01 5.913289431517971817e-01 6.717763159104088722e-01 6.175547216124429584e-01 6.165168857071233743e-01 7.145631485174201991e-01 1.000000000000000000e+00 6.433785505069916644e-01 7.645387879421491339e-01 7.602520900187931252e-01 6.570090669648726012e-01 6.264745438358060303e-01 6.775425732378246302e-01 6.377211870309171804e-01 6.434225974073766174e-01 6.985584595341085556e-01 6.293337975106836346e-01 6.123711369684258221e-01 6.973173606540955527e-01 7.079407819466009277e-01 7.024370606956426011e-01 6.676714417544106217e-01 6.825606425336879779e-01 6.950383323219219145e-01 7.308785683521956678e-01 7.199634807934816028e-01 6.473461945594809475e-01 6.977699851832999123e-01 6.807578665504631088e-01 7.138570055545770954e-01 7.058057896489547955e-01 7.256096075410556345e-01 7.355515019326221982e-01 7.047927013021670906e-01 7.609012178502301271e-01 7.586286392910330800e-01 7.594954845722865500e-01 7.780191723118439207e-01 7.555232556020117229e-01 7.598208154916057389e-01 7.819593208998597555e-01 7.737304857642907097e-01 7.756978333898927325e-01 7.548346282661054785e-01 7.617905025194621205e-01 7.595354020230671299e-01 7.705974409050194707e-01 7.639353421806952538e-01 7.611859331870524104e-01 7.615922547700539891e-01 7.625998167645594572e-01 7.756647922156041375e-01 7.647996322207003539e-01 7.884768540527929970e-01 7.890351577031624597e-01 7.772183859834397301e-01 7.658523472815887967e-01 7.788890562349441993e-01 7.753651165791121125e-01 7.855304551294566284e-01 7.832287343325576856e-01 7.827581126918223831e-01 7.780940688555004758e-01 7.813938961906945480e-01 7.866425130909113772e-01 7.869515206712004440e-01 7.614552491373587362e-01 7.787404571726496139e-01 7.858575777085528014e-01 7.801073987324502745e-01 7.758771274940512441e-01 7.749790248977973528e-01 7.776432229591278000e-01 7.801756910271091527e-01 7.712204592171322259e-01 7.764886667637967976e-01 7.728716763406145995e-01 7.683330202279877730e-01 7.785363420355954078e-01 7.728531569457504080e-01 7.720261751989849763e-01 7.803445238515879234e-01 7.792874342805149457e-01 7.824815836749461351e-01 7.670215938975614156e-01 7.833875558956426843e-01 7.834639813319366208e-01 7.834640160294632505e-01 7.878038807946931010e-01 7.857116441300227017e-01 7.824543377607505734e-01 7.823006569533499377e-01 7.907878122113576325e-01 7.822920345232302619e-01 7.900372017205017361e-01 7.865772174102622083e-01 7.863668973637951698e-01 7.929538824415267584e-01 7.897161439288907792e-01 7.817600349329362208e-01 7.891411655436304518e-01 7.851977997056501790e-01 7.865340328044092555e-01 7.842951800026797260e-01 7.821087578521780381e-01 7.907700020515981976e-01 7.855263095568274512e-01 7.883100742970430286e-01 7.796252409402892880e-01 7.881770016206988139e-01
