1.000000000000000000e+00 1.703612412488059724e-01 1.305370506747825787e-01 1.547896964676907516e-01 5.375642840990035864e-02 6.834728085168491341e-02 4.340592707691490193e-02 9.210212156427054209e-02 1.957798146064867462e-01 9.576253283498134539e-02 7.747899017506922059e-02 6.852027463014762065e-02 5.228907067881308213e-02 3.805565311877664308e-02 1.570386174398427995e-02 4.331730048977879000e-02 2.120406101421247747e-01 1.035036449682438797e-01 1.210632902406355849e-01 9.020286910721878049e-02 1.716845735368967008e-01 1.607903095221224765e-01 1.283421919571453018e-01 1.031711505955244662e-01 9.169125285779528012e-02 1.472062014700369625e-01 1.510880012580320397e-01 7.509332184723271908e-02 1.426324198960932377e-01 1.152498199157198089e-01 9.204918904650870315e-02 1.074053186825274508e-01 9.054075269707376195e-02 8.506532236839027539e-02 9.996349975901010210e-02 1.057964395602092600e-01 7.075809276991186503e-02 6.317340182925544612e-02 6.243870324931573984e-02 1.777740473951642738e-02 3.786212905879518531e-02 2.075210090625938947e-02 3.732029307700801546e-02 6.052888599049335155e-02 4.336182468401311024e-02 2.644439451611811653e-02 1.187702056850095493e-02 1.791324815613314428e-02 3.531977323145046171e-02 6.885240706195182303e-02 5.117409870085336265e-02 1.269608271376101716e-01 5.563365484040975334e-02 5.125095746238971656e-02 5.413121414385564656e-02 6.285799176704909286e-02 9.972403849150122956e-02 2.914011900927845899e-02 3.857186499600107760e-02 6.785661774600450225e-02 5.049163928760742881e-02 6.455374640360281302e-02 6.902123995687782509e-02 9.086536680554568868e-02 1.060859883389295016e-01 9.398245503718845317e-02 4.278092311359107253e-02 5.383752896789383013e-02 6.581678450281149007e-02 5.920729137565604316e-02 6.686424920205825961e-02 5.467061505797844029e-02 6.297647683330531709e-02 4.484624016761522280e-02 5.753417709681210579e-02 5.626868261323548365e-02 4.017575763686372786e-02 8.014132442345135721e-02 3.740231541220959133e-02 6.556580252124595554e-02 5.748295127648871822e-02 4.042393340078652419e-02 6.688961122204413468e-02 5.270531241802419581e-02 2.753177613828577605e-02 4.193308750770544102e-02 2.311103389785224699e-02 2.202422097177302376e-02 2.137522997528304783e-02 3.903315749609758550e-02 2.307940443398954003e-02 1.545388387680821617e-02 1.849332308903382099e-02 1.485945366438839142e-02 3.999575160862785771e-03 1.143030812782572063e-02 3.717171224322778252e-03 6.291035315068008171e-02 1.013825162363244520e-02 4.788704778160033336e-03 6.700149312010748696e-03 4.166148062842107286e-02 2.192201857636679602e-02 2.232905562615539879e-02 5.578112295049116043e-02 5.375084208392716389e-02 2.397239895710748248e-02 2.295169952172965849e-02 2.834748706987435737e-02 2.544193008551704979e-02 9.731252804054069117e-03 4.240673546049044534e-02 3.056661082439193766e-02 4.409705667500256332e-02 6.405379048870914194e-02 6.184314323570248156e-02
1.703612412488059724e-01 1.000000000000000000e+00 1.069066746046782451e-01 1.297667359907816176e-01 7.724472616329093599e-02 1.048838743459841460e-01 1.488170758666901572e-01 1.112328950032324543e-01 1.764918204721982742e-01 2.102966751484876551e-01 1.601952302114003079e-01 1.356937174629809228e-01 1.165760231516049239e-01 1.272064207500582245e-01 1.388191983488556158e-01 1.432424405895867392e-01 1.762129561288753588e-01 1.339748969516486310e-01 1.671549034627007047e-01 9.071112141466271261e-02 1.242889019327822059e-01 1.550798617952365288e-01 1.599664225257913241e-01 1.389249984457416875e-01 1.408939001375501821e-01 1.819781127905403528e-01 1.850207284491827697e-01 1.648708857524921745e-01 2.256986651480522577e-01 1.924802342257935228e-01 1.880112012072750471e-01 1.905992146305029999e-01 1.745548210930945865e-01 1.648666242613600896e-01 1.675800921919699260e-01 1.536561201566083168e-01 1.604018049130925549e-01 1.714272394513716991e-01 1.560866223258898511e-01 1.431346577677173881e-01 1.544812614200790635e-01 1.362966475095945262e-01 9.816581842683017034e-02 1.493241920769495523e-01 1.463708042855891289e-01 1.604274651977450894e-01 1.387600760069412631e-01 1.549794534745916608e-01 1.477577504024373545e-01 1.412274451081499405e-01 1.371278430491555955e-01 1.324675247439494330e-01 1.249233077001930814e-01 1.710668886564298274e-01 1.766870902881002292e-01 1.767879329716296466e-01 1.566181646647162862e-01 1.515075762695992367e-01 1.620512740400970320e-01 1.523507941402733046e-01 1.262258483843714529e-01 1.524582275650316066e-01 1.566707857428247253e-01 1.539751880293224462e-01 1.565559670498244127e-01 1.508214924904079102e-01 1.564080066844289740e-01 1.582529937900700734e-01 1.728425157320960248e-01 1.412421563243959621e-01 1.516259067911158720e-01 1.572954033646762340e-01 1.641813956611232195e-01 1.520828986765447588e-01 1.574468630580421469e-01 1.577304935052675494e-01 1.599060728403011167e-01 1.961370777267448795e-01 1.703766624135105989e-01 1.714127609391936924e-01 1.623624811325678208e-01 1.618203658913447418e-01 1.708441209760649393e-01 1.672043508879114126e-01 1.549552743688832057e-01 1.622524130127910025e-01 1.492882609728539700e-01 1.558264035136358860e-01 1.517055238196428346e-01 1.569070881885639146e-01 1.536460262132053889e-01 1.446423966481859003e-01 1.414787424207489541e-01 1.467995819071092611e-01 1.432223992104911803e-01 1.482880451485339146e-01 1.275424086836428883e-01 1.463316091178336609e-01 1.235186123337065067e-01 1.288791882623800955e-01 1.157181234283577997e-01 1.490654753810204125e-01 1.338556875351213371e-01 1.364481176572493459e-01 1.397042600715161231e-01 1.524447849424433732e-01 1.490253132274008130e-01 1.527275902120530937e-01 1.546802947601118583e-01 1.470331289211547487e-01 1.451026800695934538e-01 1.497659676487765046e-01 1.515875027211823489e-01 1.450027269294294763e-01 1.487358732118485849e-01 1.544792800022442569e-01
1.305370506747825787e-01 1.069066746046782451e-01 1.000000000000000000e+00 3.749098461703180840e-01 2.274121334002291162e-01 2.307676762858820729e-01 3.579886767270100134e-01 3.293236942258711553e-01 3.687460015785116174e-01 2.919995013559192887e-01 4.028668645576859442e-01 3.882191949057459124e-01 3.478127510905245079e-01 2.542797160794412759e-01 3.656284600859980860e-01 3.642845378933806111e-01 3.831457198975929401e-01 3.881047180475346581e-01 4.178502569071776418e-01 2.014945504616239558e-01 3.747059547734667984e-01 4.257200423645948195e-01 4.114425397584927091e-01 3.937613821016328619e-01 3.985845575658359952e-01 4.409867572472502273e-01 4.365916143926817927e-01 4.190609371406732175e-01 4.262239711657557772e-01 4.288210679312982609e-01 4.305688098122949503e-01 4.336932185700652087e-01 3.977081166592124628e-01 4.233537989723298312e-01 4.156701258974795365e-01 4.239953782865839571e-01 4.154470135725922275e-01 4.191066795953213853e-01 4.163592983271225956e-01 4.204494619579238757e-01 3.953410584870657996e-01 4.009688693270234139e-01 3.939366805007051831e-01 4.104304794267414902e-01 4.106209061339277655e-01 3.980874217087373990e-01 3.616300252396399961e-01 3.611882710228521143e-01 3.796479854945903343e-01 3.957698349178238040e-01 3.948220316678719422e-01 3.957144022863886557e-01 3.611964000265832642e-01 3.698197944033523865e-01 3.797073280355300340e-01 4.062166322157899634e-01 3.806062282576993527e-01 3.794465435267886932e-01 3.689708199348483708e-01 3.731221580248598180e-01 3.877450146474781811e-01 3.783140665991188145e-01 3.816848895963398935e-01 3.876329046969368974e-01 3.856316402873534166e-01 3.711481668586789628e-01 3.787711814022633461e-01 4.037364818466061545e-01 4.160353459773790119e-01 3.773572173979733435e-01 4.041174119584990954e-01 4.091051790865146698e-01 4.094371039516092603e-01 4.091849521088180008e-01 4.027600161329166206e-01 4.062279311053861863e-01 4.002901122236587339e-01 4.099307139970306268e-01 4.067175525987891671e-01 4.139195882011724725e-01 4.122191549440320513e-01 4.012649716701902625e-01 4.123918256017142236e-01 4.027385126238322011e-01 4.028801345869227335e-01 4.094047732824130925e-01 4.028324139373272161e-01 3.997716810386530151e-01 3.998337598849117103e-01 4.032259028890622932e-01 4.061080012169241971e-01 3.837076660797723027e-01 3.891983662054623316e-01 3.897994724659468724e-01 3.621657206332557499e-01 3.634453320608966864e-01 3.874344002160222677e-01 3.826761392332037048e-01 3.729626345244707042e-01 3.751050491799521880e-01 3.840120177020415748e-01 3.808256754674794187e-01 3.653184779485150191e-01 3.786593507396353586e-01 3.924992537103431101e-01 3.767221371657775708e-01 3.727148951741933169e-01 3.695948153984610629e-01 3.824773119986423220e-01 3.716606358814530386e-01 3.701591381534452552e-01 3.690290924025773078e-01 3.706345475913242482e-01 3.877475773016151872e-01 3.783800775763410673e-01 3.705026002227203574e-01
1.547896964676907516e-01 1.297667359907816176e-01 3.749098461703180840e-01 1.000000000000000000e+00 3.588585000066766284e-01 3.961938248821061936e-01 5.627691412621894651e-01 6.013655799131455426e-01 5.180479243150201141e-01 4.388821435796448345e-01 5.617457328464663391e-01 6.421207058997553396e-01 5.270999630475101672e-01 4.131709051978866287e-01 5.787573394121865444e-01 5.927895666467917213e-01 5.688412503444840729e-01 4.293500295698136626e-01 4.774149385093621745e-01 5.113081527586716968e-01 6.004826997771999242e-01 5.759015709753285694e-01 4.485292122989589236e-01 4.380978049666542362e-01 4.133857067778832217e-01 5.403847770288767727e-01 6.040502564906011784e-01 5.271446924461289374e-01 4.410537678690605312e-01 4.997663773606309534e-01 5.396907242704419572e-01 5.438319341107098470e-01 5.164462527930885338e-01 5.181685782204277224e-01 5.284619999590171036e-01 5.674539248821947046e-01 5.370652167271604549e-01 5.353979747661858912e-01 5.580328115339976414e-01 5.396094319103158510e-01 5.635743252473318643e-01 5.667801314567166848e-01 5.851411357361376853e-01 5.963704293360089226e-01 5.788902600147042277e-01 5.338420184974725924e-01 5.401671575014770355e-01 5.321921388738813929e-01 5.606666073878734391e-01 5.826583282233607219e-01 5.843572597060268103e-01 6.193626938922299763e-01 5.840253337378991105e-01 5.154389817557027964e-01 4.896159506946166640e-01 5.040435398777188825e-01 5.662672454733103100e-01 5.660258460448340800e-01 5.291889140338420505e-01 5.656207779295734372e-01 5.789105811445010019e-01 5.487483820355446573e-01 5.545749094024585713e-01 5.797490580607943533e-01 5.888392600962730761e-01 5.769116962638761725e-01 5.503108856746318223e-01 5.351040317158114457e-01 5.523017359544214466e-01 6.017589315707303488e-01 5.843045468738176096e-01 5.554101846943001464e-01 5.454478167974842195e-01 5.420861845034871118e-01 5.793096814300403574e-01 5.775294444739308419e-01 5.536297480080153433e-01 5.217660343531109746e-01 5.357247880898947656e-01 5.502068663527049930e-01 5.636427132591730338e-01 5.538062065892216390e-01 5.776171381249467496e-01 5.473933424350362342e-01 5.673602659722062347e-01 5.535603940581999005e-01 5.624287249421167090e-01 5.679713208466334873e-01 5.582044973539147525e-01 5.685664211050647232e-01 5.742845210871522221e-01 5.660209541433234293e-01 5.640096651058927879e-01 5.576978567448469537e-01 5.359243803596023259e-01 5.379126480032887514e-01 5.850330328266784008e-01 5.794159203529830604e-01 5.629743251676397886e-01 5.730992811238939666e-01 5.771549804105561288e-01 5.721614032473127942e-01 5.658038084257721589e-01 5.736604258121771327e-01 5.896783869456563298e-01 5.663275465939459075e-01 5.598358826368822205e-01 5.316678561559200489e-01 5.381495486393733652e-01 5.566364749194031569e-01 5.516380828776972223e-01 5.570300416159754686e-01 5.462873248737540877e-01 5.699554410618354883e-01 5.700660267999814179e-01 5.604637144771643653e-01
5.375642840990035864e-02 7.724472616329093599e-02 2.274121334002291162e-01 3.588585000066766284e-01 1.000000000000000000e+00 3.310326036925248516e-01 4.641399841696403628e-01 4.631350511364811240e-01 4.466096071126397504e-01 3.844112267765601998e-01 4.369806469775963098e-01 5.027955512938314664e-01 4.950196900440738124e-01 3.841572441246114411e-01 5.126819002892309962e-01 5.141912711770960653e-01 4.315653985346231125e-01 3.556827960094764429e-01 3.958379676334313757e-01 3.523879021887755814e-01 4.410742260282602967e-01 4.656058648785101894e-01 3.686930009620107418e-01 3.610210057699775321e-01 3.762081396830914137e-01 4.651484984783725296e-01 4.439452499032126020e-01 4.316965828988844622e-01 3.556618262986126489e-01 3.825393412756076250e-01 4.402731714648249195e-01 4.472154105054236273e-01 4.098920713490376011e-01 4.281467897711029313e-01 4.196557515900530833e-01 4.754734521998193464e-01 4.384440677935742547e-01 4.574864370094131605e-01 4.837295927318462918e-01 4.732153734628505304e-01 5.053741834830907109e-01 5.034467620369317276e-01 5.157044469791063346e-01 5.159218076222695792e-01 4.980343303432406832e-01 4.824668178671263630e-01 4.969493799973068726e-01 4.827072890749803946e-01 4.846191584644685135e-01 4.754624386692901106e-01 4.910443357621429583e-01 5.112740697877703466e-01 5.097938776757058310e-01 4.664549143279995147e-01 4.439352801341321375e-01 4.658475372680802584e-01 4.495703086127687542e-01 4.937392372895624271e-01 4.617126980908865530e-01 5.068025250816881044e-01 5.047854229769851431e-01 4.665582552304592956e-01 4.642320110768542452e-01 4.877414695608239814e-01 5.027568510706015292e-01 4.866813223994080340e-01 4.925546689945983214e-01 4.793045081530514784e-01 4.768531441094586154e-01 5.062287657259643137e-01 5.026866701156846862e-01 4.895092384950142095e-01 4.691652899222393813e-01 4.854514798028121136e-01 4.993821869544187164e-01 4.957701470831933910e-01 4.830362117528702037e-01 4.488096930339494639e-01 4.725509615621699688e-01 4.667043662211742827e-01 4.760722428548777585e-01 4.848134960539263183e-01 4.928077372760627517e-01 4.633972923496015861e-01 4.814274039884451351e-01 4.749497541837437997e-01 4.939227502258648483e-01 4.923687600723948843e-01 4.892050916069519695e-01 4.921110786543903548e-01 4.945826067408957138e-01 5.061463826956923429e-01 5.028875724076953269e-01 4.969104572017086774e-01 4.892001215269687897e-01 4.867273749161540874e-01 4.828685366469325224e-01 4.819029488326509458e-01 4.945263339088407095e-01 4.994019319749679608e-01 5.122702640706325861e-01 4.825698704728995092e-01 5.023024263022293212e-01 5.048735866429673314e-01 5.068195930750775124e-01 4.653746809359903258e-01 4.853588887926238993e-01 4.869755912930604502e-01 4.847001244078858462e-01 4.951376357412962670e-01 4.861477691972215243e-01 4.982752878465803170e-01 4.796809906638792032e-01 4.917323062036182968e-01 4.993072391517767716e-01 4.877162971272129277e-01
6.834728085168491341e-02 1.048838743459841460e-01 2.307676762858820729e-01 3.961938248821061936e-01 3.310326036925248516e-01 1.000000000000000000e+00 5.301384121911080216e-01 4.848361630526724086e-01 4.951533020834463783e-01 4.528362794089480503e-01 5.261112614134973997e-01 5.489496188892687423e-01 5.091698525715846468e-01 4.390352084710232861e-01 5.624736312586576803e-01 5.575967054677233303e-01 4.818349138633626350e-01 4.492179906614724438e-01 4.748758432515020611e-01 3.646081649604556718e-01 4.959620705465985213e-01 5.288019898937116325e-01 4.421934880161196291e-01 4.409959963472412925e-01 4.512581556490218859e-01 5.406331870971409215e-01 5.378114217921335927e-01 5.281615967490684849e-01 4.635423375514393096e-01 4.766836944784209606e-01 5.432165705087421692e-01 5.409802095862830118e-01 5.000986436759662368e-01 5.123701798027613385e-01 5.197298553252711617e-01 5.298105032497477662e-01 5.404551784981133089e-01 5.506595499664983517e-01 5.644866688631924312e-01 5.515715455662469902e-01 5.810918241183784527e-01 5.776666890835313595e-01 5.609199133216988820e-01 5.788775829491286107e-01 5.707663166974960012e-01 5.639591143043797272e-01 5.772524028811522046e-01 5.750941986246284054e-01 5.734813798471566360e-01 5.562347264757661058e-01 5.688223594765630109e-01 5.583072728252410633e-01 5.713949931175323904e-01 5.648164032703636428e-01 5.543844272759652636e-01 5.600881986803266654e-01 5.546706086590393880e-01 5.805296947394475993e-01 5.681150238696418553e-01 5.783471713278469650e-01 5.789646549156778343e-01 5.683733377252971897e-01 5.675624757998549708e-01 5.641967062690297352e-01 5.708413702904243658e-01 5.679000280055412908e-01 5.751684939266104024e-01 5.716015370132989659e-01 5.671804337093252490e-01 5.713373083000399255e-01 5.800551217959613037e-01 5.764510644209812629e-01 5.624928685803033401e-01 5.684239894351541533e-01 5.857041887201289709e-01 5.846081986895828031e-01 5.771340707321918062e-01 5.486968094516579963e-01 5.697633580818537435e-01 5.619187456455709828e-01 5.721332532539205040e-01 5.775809919524201863e-01 5.752008422941718990e-01 5.590508430324597766e-01 5.675726905085438645e-01 5.666814761194730599e-01 5.806884649026732292e-01 5.783440271217670237e-01 5.785615976586181430e-01 5.799922434651181291e-01 5.805744202301376111e-01 5.889967933649564724e-01 5.838153300516059074e-01 5.825135143545976391e-01 5.762520683335422556e-01 5.786378339258796411e-01 5.708164148117869097e-01 5.693329693859234819e-01 5.790716637571801106e-01 5.784516888071128404e-01 5.838603940308215723e-01 5.771547938744130413e-01 5.833183696403687613e-01 5.842842808113158926e-01 5.784062326326533388e-01 5.710622974848998945e-01 5.780182837881319147e-01 5.758527217173589063e-01 5.805569009974484995e-01 5.798930346022378446e-01 5.810166297920305034e-01 5.792227958119433584e-01 5.775442442527217723e-01 5.723378460691483927e-01 5.750410469175948336e-01 5.744318240702432909e-01
4.340592707691490193e-02 1.488170758666901572e-01 3.579886767270100134e-01 5.627691412621894651e-01 4.641399841696403628e-01 5.301384121911080216e-01 1.000000000000000000e+00 7.108655823330513046e-01 7.080800649361641552e-01 6.617178679218239656e-01 7.362449584452451790e-01 7.895499525122943174e-01 7.231580333138585281e-01 6.068876625015141579e-01 8.371883828331199151e-01 8.132005716286975217e-01 6.727489605820262675e-01 5.584307744986786171e-01 6.184708927208598661e-01 5.801450600264257407e-01 6.940533435474147694e-01 7.137078579622400110e-01 5.540413885529722471e-01 5.487515157348722417e-01 5.662444098272056969e-01 7.318702634680867014e-01 7.688052492849608566e-01 7.540856036455739764e-01 6.639573665321081286e-01 7.028634313236877817e-01 7.645968312266843148e-01 7.286992331848130000e-01 6.968389681799869173e-01 6.957298164807639296e-01 7.134211638844998316e-01 7.284403321902119810e-01 7.526829987973450153e-01 7.596294045010716367e-01 7.884458210695782787e-01 7.584694634586627293e-01 7.988064088331906509e-01 8.049958189249215579e-01 7.808548915940921598e-01 8.157725188815013739e-01 8.036991298783454640e-01 7.981184093061993723e-01 8.033038936231938765e-01 8.020350050324401847e-01 8.076375392263798192e-01 7.782605396371798934e-01 8.042400355090260078e-01 7.680761351928375724e-01 8.015237910935548715e-01 7.860592497386397204e-01 7.579926878859020167e-01 7.530924974678163686e-01 7.802251786871997608e-01 8.015191539960356826e-01 7.962794745974738353e-01 8.090746790069520689e-01 8.090866308590974887e-01 7.953422638264745492e-01 7.938143521961451565e-01 7.986817109289465755e-01 7.950864827905805843e-01 7.959205983708373955e-01 8.020765761910225722e-01 7.745839573447647064e-01 7.777049135950860892e-01 8.227968962044687196e-01 8.080871305200442167e-01 7.944586813974048312e-01 7.612254827361285558e-01 7.732657469193096045e-01 8.161064400937239061e-01 8.221529071560620405e-01 8.165894983328021439e-01 7.759009431037371396e-01 7.964340961943005004e-01 7.941006314572911506e-01 8.038741184410164164e-01 8.062624502007945670e-01 7.984366301319433257e-01 7.891887632961563925e-01 7.943486099154134505e-01 7.846084624003460961e-01 8.086403420905503570e-01 8.117152959252934563e-01 8.075331273707554436e-01 7.965123867373560262e-01 8.188170848985329986e-01 8.195441168080231931e-01 8.164603353351143067e-01 8.174105681674315171e-01 8.047606294674077843e-01 8.057091439072331385e-01 8.001567998889235200e-01 7.974128590349721657e-01 8.071469100683352771e-01 8.122961193321596163e-01 8.145227265261694161e-01 8.046121920914839354e-01 8.117442352519054216e-01 8.145970990816827628e-01 8.050533192079433187e-01 7.961507859287912936e-01 8.090652240224438518e-01 8.006139110470938958e-01 7.969935416390231397e-01 8.086064317282627423e-01 8.052979176578094478e-01 8.091920174140780908e-01 8.034148094306731158e-01 8.054803478098188085e-01 8.036202334618125498e-01 8.048252446340321553e-01
9.210212156427054209e-02 1.112328950032324543e-01 3.293236942258711553e-01 6.013655799131455426e-01 4.631350511364811240e-01 4.848361630526724086e-01 7.108655823330513046e-01 1.000000000000000000e+00 6.698165281914032487e-01 6.181604259297939219e-01 7.064190172250449651e-01 7.576766397196078584e-01 7.058935026764462384e-01 5.673714107071986534e-01 7.700870747006098860e-01 7.996133144038279905e-01 6.678725504321767481e-01 5.389928849675212907e-01 5.945308484498407209e-01 5.860704383560431108e-01 6.948748016556591800e-01 6.846750370972846111e-01 5.362485506946343961e-01 5.345349624848390047e-01 5.394563614959090314e-01 6.957561383696772017e-01 7.250095651092302029e-01 6.788986305972266599e-01 6.049211331858288521e-01 6.484947317680120893e-01 7.081775591545448334e-01 7.041189673642072044e-01 6.651636452289970691e-01 6.719825559698600070e-01 6.738438672127262663e-01 7.074561753495716143e-01 6.950106087529518417e-01 7.241368422635537927e-01 7.356518700502790997e-01 7.141453764883204380e-01 7.513490157537336955e-01 7.596991460465594148e-01 7.565849584261002958e-01 7.774918158386343592e-01 7.545717810970645756e-01 7.323307453530745192e-01 7.505154212315490181e-01 7.468831793061558866e-01 7.608368152071383061e-01 7.566367317997213515e-01 7.751866966818924398e-01 7.616972463891608092e-01 7.669833414269909833e-01 7.250501139459354372e-01 7.001846964605749069e-01 7.021451749999357839e-01 7.401158753585359573e-01 7.654285450704535476e-01 7.462871714688198432e-01 7.604079370812208971e-01 7.725154589549574347e-01 7.481906941703102554e-01 7.514751744485396179e-01 7.612870729406724379e-01 7.650843560872113702e-01 7.593732976221220232e-01 7.525724444120091006e-01 7.291747809479023346e-01 7.389977146995762025e-01 7.801552805523932488e-01 7.640458180831946056e-01 7.448619109289859042e-01 7.235606100491042136e-01 7.259672101317417026e-01 7.673395286384083747e-01 7.634263675349379774e-01 7.464017887491763981e-01 7.183548501557115440e-01 7.318931797247930637e-01 7.369371591902754703e-01 7.447505633086475285e-01 7.493577308535644965e-01 7.571385646467397867e-01 7.369619098347856001e-01 7.572487810942925002e-01 7.408234430545145299e-01 7.516117767762936497e-01 7.643080244212425711e-01 7.521917302620911849e-01 7.518597998155527318e-01 7.561762413414661044e-01 7.664802814202800185e-01 7.612856733821523614e-01 7.575036027965339480e-01 7.491700230996460874e-01 7.509161106866545365e-01 7.679498336114740642e-01 7.670879111232600245e-01 7.674398448439275766e-01 7.752754034148110485e-01 7.735007977985340899e-01 7.706079578307658551e-01 7.657521739613813994e-01 7.745974533539851103e-01 7.724353859535320055e-01 7.572621519983131488e-01 7.615027319998238786e-01 7.453075801223694175e-01 7.455912319849729020e-01 7.629807998294849680e-01 7.621145935234800994e-01 7.601255372886134287e-01 7.554952935163334882e-01 7.662534755277823351e-01 7.633613434390881247e-01 7.561829049973868289e-01
1.957798146064867462e-01 1.764918204721982742e-01 3.687460015785116174e-01 5.180479243150201141e-01 4.466096071126397504e-01 4.951533020834463783e-01 7.080800649361641552e-01 6.698165281914032487e-01 1.000000000000000000e+00 7.175780435559475645e-01 7.913381509160030136e-01 8.126226776004118468e-01 7.444596059415656830e-01 6.203008878921273395e-01 8.078672790734731102e-01 8.053959086245831012e-01 7.839324061827520618e-01 6.614274356104513641e-01 6.924486705904538963e-01 5.611178062048391979e-01 7.468019729622540348e-01 7.754326849035909630e-01 6.617250748738465749e-01 6.360451521624843618e-01 6.440140955091029351e-01 8.178513195515714207e-01 7.829412043048559200e-01 7.570616759085331271e-01 7.590721692190657288e-01 7.600435030753343035e-01 8.200284331357209355e-01 8.237517096681093998e-01 7.656157197726729535e-01 7.810092197730178487e-01 7.779561649206896412e-01 7.837756727978844040e-01 7.923310044868966395e-01 8.215402870588293105e-01 8.333097552478587744e-01 7.792991496906385152e-01 8.424994743546944109e-01 8.162019560705999766e-01 7.830504228557614299e-01 8.440410105505083971e-01 8.262410424710716628e-01 8.341401840288220626e-01 8.479545733141186092e-01 8.546729673456308074e-01 8.536834284365746317e-01 8.116224395211703024e-01 8.337535735512967561e-01 8.212694940215552464e-01 8.393082257029609305e-01 8.644851515943089426e-01 8.408822941505197379e-01 8.332043312775361255e-01 8.493811581259668175e-01 8.428133804735349344e-01 8.477918339974885864e-01 8.707351341756190966e-01 8.547309888628860097e-01 8.596129815882911362e-01 8.520470158206208122e-01 8.642772016255422241e-01 8.698179264558589807e-01 8.725345674431196352e-01 8.587018086989842702e-01 8.467566590952317895e-01 8.462915266228200339e-01 8.446387664828006736e-01 8.558205305109668481e-01 8.495581256253680325e-01 8.329098237241284730e-01 8.284024104795826293e-01 8.584375205449669144e-01 8.516723773331086322e-01 8.428813605427658562e-01 8.448859427450757797e-01 8.418622106683181228e-01 8.528390972198519604e-01 8.555311581830603584e-01 8.534877304781318674e-01 8.572766099212432156e-01 8.397810529299147841e-01 8.286174766207623499e-01 8.425901847596429795e-01 8.398125125096551624e-01 8.378121218104022105e-01 8.455466748967566115e-01 8.333859061410709979e-01 8.330999215013591419e-01 8.431436456959706671e-01 8.464011569173156557e-01 8.462607892713380764e-01 8.469064521993472372e-01 8.506940955185023912e-01 8.002688497340977314e-01 8.473579328421152468e-01 8.379001584975284134e-01 8.256772698994265802e-01 8.286319895396927482e-01 8.485915513858972581e-01 8.469609653612629740e-01 8.466369841341928604e-01 8.528943523414950212e-01 8.495883563298392005e-01 8.518847849463643263e-01 8.571661603992501988e-01 8.503480682585358164e-01 8.546110492988011620e-01 8.372628079400926682e-01 8.657372276816122092e-01 8.556706205523494368e-01 8.553246796170121957e-01 8.683879928371377455e-01 8.693125401163287469e-01
9.576253283498134539e-02 2.102966751484876551e-01 2.919995013559192887e-01 4.388821435796448345e-01 3.844112267765601998e-01 4.528362794089480503e-01 6.617178679218239656e-01 6.181604259297939219e-01 7.175780435559475645e-01 1.000000000000000000e+00 7.142148682662483594e-01 7.345382041979467980e-01 6.823857457812255722e-01 5.757378217359647721e-01 7.596324244297080197e-01 7.455727908998741604e-01 6.457489088106449504e-01 5.710091237748844417e-01 6.156644296081056345e-01 4.941419853349916513e-01 6.352049518046070098e-01 6.671935236372542599e-01 5.688987473831023101e-01 5.586136274049063877e-01 5.638253546685153550e-01 7.072188428553882744e-01 7.031015290302844445e-01 6.884023928573915763e-01 6.702022623093908393e-01 6.867246002090422463e-01 7.399621661367710157e-01 7.305732106086786359e-01 6.749040641411709895e-01 6.844719976070055001e-01 6.922185076593885267e-01 6.779685192487387990e-01 7.183383417695899942e-01 7.314227599689742121e-01 7.465927702761953055e-01 7.193335681852144337e-01 7.685714937224534804e-01 7.470410953213361127e-01 6.998964071182126601e-01 7.637027114032721720e-01 7.549749566359418296e-01 7.623577797878858808e-01 7.797168214232901295e-01 7.945887089283023563e-01 7.766195854636572804e-01 7.190058770431269064e-01 7.488515871765283327e-01 7.128281048955937838e-01 7.591028085252119473e-01 7.917097852326875351e-01 7.726703608206970664e-01 7.592927062327873289e-01 7.557985953871109164e-01 7.761006925407949453e-01 7.839513481748667800e-01 7.861795087821277228e-01 7.623475471432340500e-01 7.778136869562152222e-01 7.715259900150743810e-01 7.613160742954104832e-01 7.644172494851880773e-01 7.734300339122606172e-01 7.845218064440565575e-01 7.669151210731321999e-01 7.666787918267379265e-01 7.683689754837542685e-01 7.749117542936091452e-01 7.718075605851574261e-01 7.552391519052094049e-01 7.540672866168285360e-01 7.802763896224548246e-01 7.757963206541926837e-01 7.726875394049557144e-01 7.701718315621443045e-01 7.729740801108584414e-01 7.745062304727300395e-01 7.745413596533520240e-01 7.816328248735080475e-01 7.719460880800272928e-01 7.631584107667284123e-01 7.545552397560119084e-01 7.649159034667067925e-01 7.736546329619045093e-01 7.715185588052498877e-01 7.731873175743311233e-01 7.677598751596069748e-01 7.647326200159122456e-01 7.764716923530001758e-01 7.785214372163097307e-01 7.803882203971631570e-01 7.837365819487505103e-01 7.882722060814262299e-01 7.376778708519203809e-01 7.595645363569138997e-01 7.660027529993365114e-01 7.616837832068348302e-01 7.558868760077611659e-01 7.748081383691526325e-01 7.767408833732427631e-01 7.759550690708156839e-01 7.631207954630707668e-01 7.741779359189685517e-01 7.837240194843870800e-01 7.889494453306965527e-01 7.842733392512646340e-01 7.854204561456681333e-01 7.833281575721741108e-01 7.890357271848935650e-01 7.902000412804276452e-01 7.694328305005849744e-01 7.777856403861687085e-01 7.859558706510298975e-01
7.747899017506922059e-02 1.601952302114003079e-01 4.028668645576859442e-01 5.617457328464663391e-01 4.369806469775963098e-01 5.261112614134973997e-01 7.362449584452451790e-01 7.064190172250449651e-01 7.913381509160030136e-01 7.142148682662483594e-01 1.000000000000000000e+00 8.550726867385755048e-01 7.711327856341736453e-01 6.530779187044077894e-01 8.523301842803973072e-01 8.412599169690961887e-01 7.534061682588479858e-01 7.079403641196416741e-01 7.485886125787740708e-01 5.391720908786303834e-01 7.624589763976633572e-01 8.000853614953677972e-01 7.099384565948739789e-01 6.894248354917129618e-01 6.923501882617091319e-01 8.425960293059456818e-01 8.252153843224501184e-01 8.122026721869827215e-01 7.908636115283834700e-01 8.093842890337304974e-01 8.735071334219650652e-01 8.574803141891180758e-01 8.144551465006863999e-01 8.354335069138947301e-01 8.276373097388238786e-01 8.222037120828602497e-01 8.443035645531414835e-01 8.728616635101219545e-01 8.851341720129684010e-01 8.481413122641237035e-01 8.791469257767996481e-01 8.733606040357999589e-01 8.426415551838432050e-01 8.865816683940360710e-01 8.785173704636424219e-01 8.805322018841104104e-01 8.771529931471799824e-01 8.812210270667496514e-01 8.890289986798450839e-01 8.617173598737921658e-01 8.776374652387179953e-01 8.369645376613625842e-01 8.630263678533929284e-01 8.797665686794036155e-01 8.686413099096909063e-01 8.704544193747051350e-01 8.713890714777127178e-01 8.825441721977633769e-01 8.779086199822410119e-01 8.805929958809335378e-01 8.836204985794006150e-01 8.839396680723630162e-01 8.836755506628540813e-01 8.825700960031562792e-01 8.711288335259921300e-01 8.737295035899270701e-01 8.856935951908146976e-01 8.837279177817776166e-01 8.903638554726139853e-01 8.702833482776296536e-01 8.920147482276474804e-01 8.883748864099879627e-01 8.770482783403227289e-01 8.762408987328755838e-01 8.974125193079537377e-01 8.919995616854354825e-01 8.875840448932469373e-01 8.815504429624410054e-01 8.888213906153288324e-01 8.891083621113997637e-01 8.933893016680367616e-01 8.946885627185762191e-01 8.939752074365032719e-01 8.834451554738282919e-01 8.886930571685387470e-01 8.929385698003952099e-01 8.854910435524125933e-01 8.919999718170823488e-01 8.941159283952941905e-01 8.820596187231436458e-01 8.878021443843878702e-01 8.883482799408373154e-01 8.896963817307204092e-01 8.904563906629324732e-01 8.825382207483059016e-01 8.835794376915365733e-01 8.728784433217474659e-01 8.813603839231830550e-01 8.825325828226344704e-01 8.790264962477976063e-01 8.788656320109015097e-01 8.869661694136306007e-01 8.801965721929527753e-01 8.882796560503977146e-01 8.841761725522228055e-01 8.800152484992905810e-01 8.912099493718658172e-01 8.846629168078847805e-01 8.864595300095337027e-01 8.868182141319808087e-01 8.825278533772600298e-01 8.847227042994730839e-01 8.867195185691673087e-01 8.913074931648117261e-01 8.825453445476456604e-01 8.818046555968958033e-01
6.852027463014762065e-02 1.356937174629809228e-01 3.882191949057459124e-01 6.421207058997553396e-01 5.027955512938314664e-01 5.489496188892687423e-01 7.895499525122943174e-01 7.576766397196078584e-01 8.126226776004118468e-01 7.345382041979467980e-01 8.550726867385755048e-01 1.000000000000000000e+00 8.170481254097162749e-01 6.829357769786855714e-01 8.997062804368803901e-01 8.971432481074658183e-01 7.936223777748656616e-01 6.665947321159728656e-01 7.163436709604424912e-01 6.241786927017427544e-01 7.966559165887961980e-01 8.084583877598263690e-01 6.676064054634212042e-01 6.488483441874728364e-01 6.465855940413757219e-01 8.286784816639677365e-01 8.423993342901602288e-01 8.106756701448112334e-01 7.426865803949033173e-01 7.833943963667753252e-01 8.641353507151927626e-01 8.511596578786289058e-01 8.061507432131290729e-01 8.195215067208785342e-01 8.234615589808407243e-01 8.406214450703491936e-01 8.476812560790841777e-01 8.678261023394756579e-01 8.957551666906253818e-01 8.568148125027484907e-01 9.059309296464095329e-01 9.023995730637807133e-01 8.822309416331927112e-01 9.213863003908572269e-01 9.065323265302759337e-01 8.949958367041590535e-01 9.183133317873299895e-01 9.141118478279329773e-01 9.219350086344512141e-01 8.866933593598724794e-01 9.097897180704807019e-01 8.932093603440607321e-01 9.165143274424064623e-01 8.993904830001854256e-01 8.732047440844071806e-01 8.689959833429927727e-01 9.016956608644604021e-01 9.207224160771824151e-01 9.040231913141528741e-01 9.262513437676768158e-01 9.283666706091633358e-01 9.126063930881014308e-01 9.117259766774349350e-01 9.210589597270568696e-01 9.208147361533122188e-01 9.231404764738061486e-01 9.216481025390899084e-01 8.951894576516534752e-01 8.980631990920689978e-01 9.191970938470748198e-01 9.216572264620143118e-01 9.075591411788386242e-01 8.830012713461472540e-01 8.860279919410044558e-01 9.242099121921848459e-01 9.198516961051497187e-01 9.048197335784190498e-01 8.788245096383111576e-01 8.944650777756983917e-01 8.997809212474778828e-01 9.103674893920421507e-01 9.153403040518738321e-01 9.163525856599090691e-01 8.993684076637509239e-01 9.060030907161441549e-01 9.064927953960260076e-01 9.155028826146435206e-01 9.162748877988062812e-01 9.170033165009217058e-01 9.073817506072809902e-01 9.120638814032933084e-01 9.226078210884739450e-01 9.239699680428330453e-01 9.208508390062590809e-01 9.186667299393674879e-01 9.204464634712423710e-01 9.029142200685135178e-01 9.145120034582626678e-01 9.189711796870865257e-01 9.168503338882275644e-01 9.201441729338073472e-01 9.214660224096734575e-01 9.244654379714279946e-01 9.284938770915784900e-01 9.261755245527067970e-01 9.146808070484802045e-01 9.240832846878365148e-01 9.155706091498989618e-01 9.113882923970386685e-01 9.257105389964745967e-01 9.178808868409669142e-01 9.269595041879851172e-01 9.207357327855615337e-01 9.244941839590632426e-01 9.278891880476511922e-01 9.245160101830699473e-01
5.228907067881308213e-02 1.165760231516049239e-01 3.478127510905245079e-01 5.270999630475101672e-01 4.950196900440738124e-01 5.091698525715846468e-01 7.231580333138585281e-01 7.058935026764462384e-01 7.444596059415656830e-01 6.823857457812255722e-01 7.711327856341736453e-01 8.170481254097162749e-01 1.000000000000000000e+00 6.312545182390347787e-01 8.384331555880392139e-01 8.398532616037561738e-01 7.082631217178976257e-01 6.227307646790344320e-01 6.742148306334750929e-01 5.470944146582534806e-01 7.154563701935666709e-01 7.348451726401484807e-01 6.318879717222427583e-01 6.110597825164438834e-01 6.146728535869039334e-01 7.757972475054951689e-01 7.631637857110906697e-01 7.461126183038166992e-01 6.826053024790653678e-01 7.103159532509870644e-01 7.856280837088110980e-01 7.765004628739885506e-01 7.254789799400344075e-01 7.436919871259047854e-01 7.427426647715923425e-01 7.655633346409885798e-01 7.722520175604030701e-01 7.983803056931835229e-01 8.215298136806055140e-01 8.017592730606614149e-01 8.446197387750367103e-01 8.419877021541736228e-01 8.212238140941076070e-01 8.568914420321900316e-01 8.415533844805339614e-01 8.312385270905974233e-01 8.512785519332891626e-01 8.481874886796316737e-01 8.477053189642010933e-01 8.064770163470001973e-01 8.376988083074152769e-01 8.153639022626330002e-01 8.443909244596351504e-01 8.309738996019869761e-01 8.065440353922294081e-01 8.124384461270656166e-01 8.101588918770505909e-01 8.532108355700928071e-01 8.326318449688432377e-01 8.576764227193085510e-01 8.549732965502414572e-01 8.342208262684711606e-01 8.317453450781342461e-01 8.360063272766370401e-01 8.414348859472587927e-01 8.390753073320466049e-01 8.509612490528318807e-01 8.339264443910298086e-01 8.305583643904651536e-01 8.455917912978261342e-01 8.491514664746688812e-01 8.404950126077812556e-01 8.179686353006403454e-01 8.289408720482632775e-01 8.541743487910661292e-01 8.498391877812370154e-01 8.371304257549369021e-01 8.097095868401438246e-01 8.332009339975499085e-01 8.307286367652132464e-01 8.376156962145809848e-01 8.447347562885220151e-01 8.406828106700122705e-01 8.212551116526851658e-01 8.304147524461490404e-01 8.332971055468799682e-01 8.449045835124451287e-01 8.461243006686470780e-01 8.461882645405689463e-01 8.415085214336562869e-01 8.438248471620559688e-01 8.600527930991103132e-01 8.555605316566353702e-01 8.548915862272546962e-01 8.532362710134638872e-01 8.526493552080091076e-01 8.292640494526443140e-01 8.349946969236549110e-01 8.504189023831010275e-01 8.500919611553804378e-01 8.553625003529217175e-01 8.448774907372362808e-01 8.568883815383276925e-01 8.610634399129046823e-01 8.496691157200603195e-01 8.322029880279780967e-01 8.489035389342932669e-01 8.510969374790987585e-01 8.472884197980203869e-01 8.563756860578778385e-01 8.514489655483047370e-01 8.561987665584990248e-01 8.490047221220875517e-01 8.481440476994817068e-01 8.516427662613240690e-01 8.488307756506573432e-01
