1.000000000000000000e+00 2.284496634164666917e-01 2.322368357330634736e-01 7.831207206479562366e-02 2.111155047864830478e-02 5.613151809666855341e-02 1.010205812905961148e-01 7.441059381123858729e-02 2.433427179501183590e-01 1.097442594618494860e-01 7.749412153995513530e-02 3.772951261803749595e-02 3.583810136339435348e-02 -3.493681058472150082e-03 2.690066876437720300e-02 2.832974357322497194e-02 1.435443240983405588e-01 2.246259488317593200e-01 1.381529010192570350e-01 5.813441052107688051e-02 1.888725205782113004e-01 1.585150351493083143e-01 1.631496006228511930e-01 1.576519227451134431e-01 1.086318623880353218e-01 1.784216746175161517e-01 1.290259772815061934e-01 9.534375135052382266e-02 1.396583299202061312e-01 1.569208349103179967e-01 1.144736122537596129e-01 1.251644931489175050e-01 1.226274910102851806e-01 1.125925739101521633e-01 1.125319699249529987e-01 5.048609795494270885e-02 6.674413955954287825e-02 1.034483150449385519e-01 9.044117667797599291e-02 -5.555002069402488821e-03 4.737659332674030999e-02 2.705475650642797866e-02 -1.931441663107242440e-02 4.544154178572156616e-02 5.853527425365152859e-02 5.545475487396189090e-02 1.723175871559864958e-02 5.721335066557324545e-02 5.438071527435216213e-02 6.279817069193933954e-02 4.644265886922435693e-02 1.593447614885879632e-02 2.712709765633730327e-02 1.088398535049891619e-01 1.036539799627245878e-01 6.786476178738447274e-02 9.918722729950479877e-02 3.975442913703346876e-02 6.677119948248158576e-02 5.885155022599172780e-02 1.603129794480470313e-02 8.295988606612994531e-02 6.530241662543591341e-02 6.480641701424050272e-02 8.005913691360375117e-02 7.865234736968593210e-02 5.182097074079070748e-02 5.663266693002707436e-02 8.595996257262118745e-02 3.675709987676640395e-02 7.468823605245651642e-02 6.547577808882010242e-02 8.036204891752334045e-02 6.143730831352819249e-02 6.888748382342887999e-02 7.743691906304295269e-02 6.805755681988243100e-02 9.737656121156580691e-02 7.366408814046460085e-02 1.064686479775037026e-01 5.953938926722954911e-02 5.954404213901062781e-02 8.084208316753574430e-02 1.102480424243250240e-01 7.958486304165808545e-02 6.204150632485926076e-02 4.049670978107354491e-02 5.799268505548162145e-02 3.926626228360567683e-02 7.677012965268049938e-02 3.632269225743647856e-02 2.581588468076495904e-02 2.581057406172800398e-02 2.166286456606318980e-02 1.404453367157756233e-02 2.416760069390763363e-02 1.310950461261833379e-02 6.902347568716676873e-02 2.015951752028903241e-02 2.739150016893598244e-02 -9.209729583653580159e-03 3.964654461671664881e-02 1.932536112293934197e-02 1.137433170983202617e-02 2.270822375575687335e-02 7.344069291251120735e-02 3.683265726330944151e-02 4.315552158458677706e-02 3.952836193278371629e-02 2.946861387058980625e-02 2.751191612803477460e-02 3.528451640465770506e-02 4.120007050904449936e-02 3.809705356248884595e-02 4.240715487869898409e-02 4.658836676109626151e-02
2.284496634164666917e-01 1.000000000000000000e+00 1.557160359066602773e-01 8.294823935907293111e-02 4.965634634737253750e-02 8.743064486756563225e-02 1.519858047930699174e-01 1.386813331117148218e-01 2.466193736271810044e-01 2.131807096186036643e-01 1.764847398979993709e-01 1.318809668625879616e-01 1.147155469909749842e-01 1.101843663395541406e-01 1.494528576006194653e-01 1.397238068357271323e-01 1.789161908070715512e-01 1.780035462158692516e-01 1.701601053921332762e-01 9.349539829940059499e-02 1.522652732675489617e-01 1.446288095886527902e-01 1.977927961548524294e-01 1.807408251561499202e-01 1.595879429035023667e-01 1.743423149887226853e-01 1.740123408132568383e-01 1.682564425887353998e-01 1.522189233347582549e-01 1.941600234777242640e-01 1.937126033844119299e-01 1.940287877220024659e-01 1.759176589708026650e-01 1.836999633960841871e-01 1.834700210037064072e-01 1.360276883470724063e-01 1.489429118770284888e-01 1.926314447522037843e-01 1.826019740752614640e-01 1.203510728704630939e-01 1.594963656028678956e-01 1.579751182838516066e-01 1.284095695205891563e-01 1.564790381681377962e-01 1.534690336291117674e-01 1.666493659714021192e-01 1.534205740451893007e-01 1.693930326956606947e-01 1.601347540950716075e-01 1.453222208311548136e-01 1.569956991386526335e-01 9.144315112271399204e-02 1.334752521367184863e-01 1.854622814061176461e-01 1.798042824811219575e-01 1.673551000851117299e-01 1.578721333249266667e-01 1.580560658782707850e-01 1.690694511507337683e-01 1.574897288874151091e-01 1.480215651888386608e-01 1.732465620644040860e-01 1.610209272096528033e-01 1.554200980767705687e-01 1.535149759005433601e-01 1.537826716300836061e-01 1.674031280919330567e-01 1.757833912128030640e-01 1.879699126564167433e-01 1.477751502965153896e-01 1.622631023426924501e-01 1.626188005806097903e-01 1.811871123925096472e-01 1.645574798325383503e-01 1.648344010628441658e-01 1.700810887877320099e-01 1.694411161300427848e-01 1.584495988600467808e-01 1.755086174956789480e-01 1.899330198772095080e-01 1.695441693723976906e-01 1.759886355638363986e-01 1.738982882616185721e-01 1.889523862816512856e-01 1.783658555991235461e-01 1.716784119320835800e-01 1.549295500071775633e-01 1.689537657731242093e-01 1.698048421842873468e-01 1.743255782432401868e-01 1.541048587791646607e-01 1.572058850306437272e-01 1.498478834029736417e-01 1.586101041903248132e-01 1.496023868100867793e-01 1.585587449347291567e-01 1.351549039951128184e-01 1.551430509118894019e-01 1.538209415817129166e-01 1.537417905422562847e-01 1.409568131649125422e-01 1.556923186473346821e-01 1.425151477126183619e-01 1.439299100992910974e-01 1.384377043147378694e-01 1.566480974718492958e-01 1.565283785349809442e-01 1.666017354782796667e-01 1.637020913196497729e-01 1.571672894744085558e-01 1.585250432347500293e-01 1.518803197716574183e-01 1.592405079244274269e-01 1.524046272055810114e-01 1.519291164966121432e-01 1.511971206671010037e-01
2.322368357330634736e-01 1.557160359066602773e-01 1.000000000000000000e+00 3.456966977318838286e-01 1.887995049190968888e-01 2.937486449794822208e-01 4.090829605740110564e-01 3.475617303700041516e-01 3.851294514056708418e-01 3.287812994465561522e-01 3.904925318980522753e-01 4.055137958025952782e-01 3.577765931029439073e-01 2.677887087509607800e-01 3.849489111544032172e-01 3.731180416481089668e-01 3.701557535851824343e-01 5.141041297331417903e-01 4.478839810237973396e-01 3.594254993775750084e-01 4.677421378621290371e-01 4.600651632920878531e-01 4.664188870667894116e-01 4.539715461565043131e-01 4.557141886407240494e-01 4.715962848273115293e-01 4.687414945788233034e-01 4.560658558671083496e-01 4.086421275040330592e-01 4.495930260156674185e-01 4.484347658847922524e-01 4.386831270388952264e-01 4.182888402013097973e-01 4.299565572335887764e-01 4.141975536868902075e-01 3.905408615512508397e-01 4.205043901393021311e-01 4.287472618924898504e-01 4.190291675462801679e-01 4.135380187925114526e-01 4.085467481510650645e-01 4.104813017903702899e-01 3.944317042328140399e-01 4.032861803290765934e-01 4.240381059917266438e-01 4.057650480288670369e-01 3.511048144115732628e-01 3.656338312447658945e-01 3.745671695411374458e-01 3.884078388744498511e-01 4.034172302104521712e-01 3.745118105038904299e-01 3.764866549494553793e-01 3.931295095940355866e-01 4.013195474999912693e-01 4.108134890054592203e-01 3.757346408511252345e-01 3.734753156455739020e-01 3.770946729230213457e-01 3.617841951489260133e-01 3.606937479594030660e-01 3.718278864832951225e-01 3.781271652688994456e-01 3.709261883890939138e-01 3.759953380493187280e-01 3.723111516446498404e-01 3.746305139676352480e-01 4.029734983043832819e-01 4.139683880736508836e-01 3.931740502139306481e-01 4.175263642755144833e-01 4.091387852924640578e-01 4.226156471670612924e-01 4.249222159677933930e-01 4.162151900608073718e-01 4.152533145117875968e-01 4.129660689339404445e-01 4.044108337608547932e-01 4.112438141118057167e-01 4.137045979815858754e-01 4.129014937174124156e-01 4.059494725741479293e-01 4.064990372681696607e-01 4.215784826282357733e-01 4.040994047218879337e-01 3.976854526833960013e-01 4.028171574958139267e-01 4.018381378708453799e-01 3.858484882348306999e-01 4.075469145828928275e-01 4.094253395760822367e-01 3.845571540750276629e-01 3.951303205246071149e-01 3.906605923024064064e-01 3.559737395016351336e-01 3.584180329542278609e-01 3.842135499082243721e-01 3.749464349542777630e-01 3.680406571738588650e-01 3.868773618155892935e-01 3.719679230516393931e-01 3.758310896665841283e-01 3.659692321516381797e-01 3.732918569071410064e-01 3.760652489423159106e-01 3.765366298483123209e-01 3.682755816553820449e-01 3.658166336668973173e-01 3.782412676551452080e-01 3.582570002671029430e-01 3.712854477598994674e-01 3.596200949623851173e-01 3.685077684516123164e-01 3.649723184976794155e-01 3.596554712699410739e-01 3.630119348459050488e-01
7.831207206479562366e-02 8.294823935907293111e-02 3.456966977318838286e-01 1.000000000000000000e+00 3.583241200842731122e-01 3.517182586715573156e-01 5.817293050513152597e-01 5.545381225347792986e-01 5.070275349913875296e-01 4.591073288492884541e-01 5.648707695632386727e-01 5.782455037831389921e-01 5.952258788827283764e-01 4.334410164420741118e-01 5.985057892627847487e-01 6.098602680000663190e-01 5.471363182389477053e-01 5.143679194321334469e-01 5.196749385870923499e-01 4.950008137818768805e-01 5.240116858001779843e-01 5.531545204007159988e-01 5.156811837779464724e-01 4.704801326061683331e-01 5.133240311747260254e-01 5.668664925275556099e-01 5.879846161566799623e-01 5.781287617619002006e-01 5.355803764351151353e-01 4.916166582336191082e-01 5.573065306583120382e-01 5.946734468591760026e-01 5.146496590561449036e-01 5.276020233364132617e-01 4.811980162445820275e-01 5.987995035526496590e-01 5.333853284040550591e-01 5.738161787581820272e-01 5.626366557006522440e-01 6.118609479430081599e-01 6.032941984986989192e-01 6.044305868803575565e-01 6.188081834460518182e-01 6.030535332940768489e-01 6.030083138557129629e-01 5.577479320925364803e-01 5.446334720398239293e-01 5.600329735461384573e-01 5.909898337495528287e-01 5.996175015322551261e-01 5.946573195967299608e-01 6.283780215500760491e-01 5.841099362319405186e-01 5.567573426951695215e-01 5.608970485590625277e-01 5.808417041443464379e-01 5.953104827897036655e-01 5.733454780445916832e-01 5.693171705500871260e-01 5.803921494884021204e-01 5.804696443907424452e-01 5.659738404509568888e-01 5.789383463796278217e-01 5.846760482505667378e-01 5.787839484420626013e-01 5.840328601489175320e-01 5.583286251338763773e-01 5.602766795520153220e-01 5.565843653620559106e-01 5.807956292486876615e-01 5.824434532394799913e-01 5.796297392788531955e-01 5.512631573885717895e-01 5.746579970044053409e-01 5.795390129445195937e-01 5.793687443163794137e-01 5.699516546786729254e-01 5.465433210237332640e-01 5.681033567880110491e-01 5.555994482126894729e-01 5.776546367221635503e-01 5.820049814522025855e-01 5.892136305771462634e-01 5.422419851209362429e-01 5.810161612185854585e-01 5.685069905478807861e-01 5.785496690433717948e-01 5.756180054565966930e-01 5.748906533406392683e-01 5.843209474468259446e-01 5.718923332131646831e-01 5.708297083481939094e-01 5.887042116364269440e-01 5.784801282012856927e-01 5.574659465975236872e-01 5.596018953893713288e-01 6.012040757197555374e-01 6.022008378854902810e-01 5.764790370204571079e-01 5.851506081882229537e-01 5.870599131621636602e-01 5.859243436085337375e-01 5.891686742807086263e-01 5.906422517022725804e-01 6.023464149221564590e-01 5.870918456642382210e-01 5.560217217440805992e-01 5.497945439561906511e-01 5.615682294113296669e-01 5.729732080884867296e-01 5.697311178383396291e-01 5.721116616853106907e-01 5.696092513919897016e-01 5.829059527485012104e-01 5.721482139880101903e-01 5.771272106455770379e-01
2.111155047864830478e-02 4.965634634737253750e-02 1.887995049190968888e-01 3.583241200842731122e-01 1.000000000000000000e+00 2.872316812686828702e-01 4.510733671467819783e-01 4.407577218583901280e-01 4.116143542779298614e-01 3.900994935778028250e-01 4.408171601542356099e-01 4.835173599495388719e-01 4.900997002790424828e-01 3.904439766142116519e-01 4.891086952843838320e-01 4.951979219212006567e-01 4.320404973802052795e-01 4.217527714928408500e-01 4.447054800588162160e-01 4.136380672706176931e-01 4.469315492711994353e-01 4.659354074932797740e-01 4.210911587422503932e-01 4.086010106369815653e-01 4.545126334602412888e-01 4.295104701536358593e-01 4.515331491103793948e-01 4.729058994156035145e-01 4.381067760501575759e-01 4.037826931023323906e-01 4.434163984067406306e-01 4.643266517104315261e-01 4.285641574217421979e-01 4.414644100710800045e-01 4.257738008044018585e-01 4.713714863850504422e-01 4.555921376967252967e-01 4.475865286722508496e-01 4.551753598098296494e-01 4.616095732558876397e-01 4.903841495811656626e-01 4.946144246794958454e-01 5.104378828496278775e-01 4.928853679859443448e-01 4.820820068835957040e-01 4.688014502710345366e-01 4.705045352925946167e-01 4.638286092017027129e-01 4.711121773819614833e-01 4.722322563945828278e-01 4.766440855550430067e-01 4.973700389836624991e-01 4.909495239552916224e-01 4.586586412833265070e-01 4.478388253561679799e-01 4.598282943774438802e-01 4.590901183519285889e-01 4.753329443414604505e-01 4.498561605705584387e-01 4.787487061708890490e-01 4.841618362823048582e-01 4.533722130415333007e-01 4.580304702802293071e-01 4.736775419560898537e-01 4.827598138773288583e-01 4.739287406880638431e-01 4.679045691596452894e-01 4.728910563082079355e-01 4.653073673200005533e-01 4.935656428821570962e-01 4.953236629354260678e-01 4.890383124162765438e-01 4.743036069862109350e-01 4.884738705125700187e-01 4.768526970240246632e-01 4.788827858707456753e-01 4.887201474768892440e-01 4.669130434448869327e-01 4.828756284957652078e-01 4.640622696999774366e-01 4.804868467115198660e-01 4.715481187548880015e-01 4.747428128968235184e-01 4.679258539186239019e-01 4.614194928918340932e-01 4.676420756934259182e-01 4.780761245533257098e-01 4.697288050483792166e-01 4.749378724248765060e-01 4.703532919053402539e-01 4.755977004593270330e-01 4.814553515797123096e-01 4.879120356457085639e-01 4.849918433062332390e-01 4.683173010468820174e-01 4.684182255448799403e-01 4.778792350253356358e-01 4.693086042941644331e-01 4.773322733837543907e-01 4.796400455470397617e-01 4.970858672103042886e-01 4.718621065927731117e-01 4.789585140813494291e-01 4.864385394148336705e-01 4.878425527191048716e-01 4.639805530703924874e-01 4.638304951529642617e-01 4.656807168364065497e-01 4.706230454644007577e-01 4.707119491367383612e-01 4.659378664347167409e-01 4.736624443518208105e-01 4.625311289697908168e-01 4.754863482085743276e-01 4.754059146892342103e-01 4.724616881860362327e-01
5.613151809666855341e-02 8.743064486756563225e-02 2.937486449794822208e-01 3.517182586715573156e-01 2.872316812686828702e-01 1.000000000000000000e+00 5.270236537084331818e-01 4.588887383030718081e-01 4.840645274921345775e-01 4.226396868542547924e-01 5.146184506872968356e-01 5.816092300887251154e-01 4.871457124006994266e-01 4.545327047777161789e-01 5.621928405425227204e-01 5.429623219221002550e-01 4.828949335148731703e-01 5.174099378329638510e-01 5.244792977932997147e-01 4.404444135365980229e-01 5.121593773382934200e-01 5.363715048896474658e-01 5.028322996730891781e-01 4.652116517813075225e-01 5.215891339736193899e-01 5.253253621842376431e-01 5.508717023362240672e-01 5.712036711385836130e-01 5.348762878893174033e-01 5.469597455396094654e-01 5.640165026167428541e-01 5.645809245354547201e-01 5.372286479052547081e-01 5.528235531236768141e-01 5.256389164137111880e-01 5.538335324233273349e-01 5.635310793892922554e-01 5.647111548922261193e-01 5.782417192082053292e-01 5.511133645392712888e-01 5.764814114365243158e-01 5.857446966172444869e-01 5.681335719871681844e-01 5.823688087674092628e-01 5.842455358201227300e-01 5.919674261049278075e-01 5.655811946346405161e-01 5.704055454866042707e-01 5.629926698656197992e-01 5.634579680357055809e-01 5.812579434513894805e-01 5.630923895936050805e-01 5.790002167434616931e-01 5.626752164647009780e-01 5.514165594341129406e-01 5.681581186066152478e-01 5.358258609213077950e-01 5.576000882404618109e-01 5.465855628619432638e-01 5.537695132354161220e-01 5.596128705982370555e-01 5.420721024583421421e-01 5.493074366459232971e-01 5.566505460543595962e-01 5.636877203004337922e-01 5.586629279827041161e-01 5.766686810130561280e-01 5.763343987381644995e-01 5.797411388770297158e-01 5.710188298666457607e-01 5.867806948606767437e-01 5.867141316834135756e-01 5.669293362677328973e-01 5.856680070385266168e-01 5.872920863131213531e-01 5.891157144619936226e-01 6.032187127768723345e-01 6.004794668977900818e-01 5.929907444219911783e-01 5.687730204324726868e-01 5.799660545446999604e-01 5.764335864675981247e-01 5.826665015107173051e-01 5.914352460573705228e-01 5.730308514541090359e-01 5.747221431296196670e-01 5.856470542164314841e-01 5.913203993657690782e-01 5.759145522527936434e-01 5.803071390043592626e-01 6.092416628736211370e-01 5.902482226215294281e-01 5.880634529114180387e-01 5.916397269426965089e-01 5.724229483659901696e-01 5.693629211807997859e-01 5.819267504560311499e-01 5.603199546820406551e-01 5.732046636909082782e-01 5.839040890758251390e-01 5.763531097832066408e-01 5.686335389302185073e-01 5.772349608667082244e-01 5.797396668017232857e-01 5.786971337816173566e-01 5.576854463525459105e-01 5.799374080835001388e-01 5.692082513162221025e-01 5.726300594164086544e-01 5.621981248283977051e-01 5.692530188174732553e-01 5.671130091454352762e-01 5.620853947759035796e-01 5.680107909711251679e-01 5.671621562799491478e-01 5.658334148757039328e-01
1.010205812905961148e-01 1.519858047930699174e-01 4.090829605740110564e-01 5.817293050513152597e-01 4.510733671467819783e-01 5.270236537084331818e-01 1.000000000000000000e+00 7.335404297879458690e-01 7.076227074527075001e-01 6.307412842134757502e-01 7.605059596387587773e-01 7.965038538905246934e-01 7.354234031983727382e-01 6.051795286828564047e-01 8.384790382783757767e-01 7.964618953837213633e-01 7.223197707603281614e-01 7.246269415640569367e-01 7.384014768374187465e-01 6.550153331708881144e-01 7.154995614738167697e-01 7.404774052699546472e-01 7.447091346289889113e-01 6.802534449323605070e-01 7.318474640725111113e-01 7.618628908085176565e-01 7.960313307668384075e-01 8.063378421887789083e-01 7.261690558709624765e-01 7.508211399557602750e-01 7.869229444921198580e-01 8.148849466225909222e-01 7.694606694094233701e-01 7.895622847178653814e-01 7.541977740514688167e-01 7.795973545147862893e-01 7.549376311815676477e-01 8.260855130069689745e-01 8.163526391143034466e-01 8.075091348414185077e-01 8.135336123533351005e-01 8.338151968588797258e-01 8.159524405220274224e-01 8.160437791619042924e-01 8.099825105365061617e-01 8.109073652444364066e-01 7.726990589493777373e-01 7.825930657121663581e-01 7.941735063877964906e-01 7.950355098264578757e-01 8.238789000984816369e-01 7.808914371968109780e-01 7.924031076151782926e-01 7.832626569487449730e-01 7.851536412958328714e-01 8.139087507364943797e-01 7.764788828745230465e-01 7.919211626930968695e-01 7.897160827614709833e-01 7.814282879492689959e-01 7.883047444221463751e-01 7.755869103486694449e-01 7.873482048661296639e-01 7.899295172154857658e-01 7.838757299428579239e-01 7.772846312227342791e-01 7.841596623913135167e-01 7.926378595239171876e-01 8.076138515040054422e-01 7.985350861598838890e-01 8.016723196593393830e-01 8.001222686492800440e-01 7.885847724517378587e-01 7.987610749168316815e-01 8.090048815180013175e-01 8.171328362662534373e-01 8.249319259734202436e-01 7.845689364991524917e-01 8.104508421028810972e-01 7.949669560764807130e-01 8.043580369612934877e-01 7.951365268368044692e-01 8.160557101576445538e-01 8.060687815264783174e-01 8.076962820829111100e-01 8.015723599869130078e-01 7.997128195644104265e-01 8.198962641219291747e-01 8.060571796156654756e-01 8.151435256099271998e-01 8.204304526029471134e-01 8.093591027718968212e-01 8.082344119580215924e-01 8.109188805906271114e-01 7.785384833404287441e-01 7.809210289314266751e-01 8.055357478912393843e-01 7.818971767768091441e-01 7.919038907119697601e-01 8.111979979430889998e-01 8.042696267066867799e-01 7.934043068314999836e-01 7.935996057177665541e-01 8.014409838661112895e-01 7.990324620659582378e-01 7.809289670941471639e-01 7.856485242009241254e-01 7.822030772791590536e-01 7.936127235313436001e-01 7.874905933445324191e-01 7.967946172371404012e-01 7.824591179739392999e-01 7.837336296285207782e-01 7.870961227506337865e-01 7.818353689053940681e-01 7.778121146302211519e-01
7.441059381123858729e-02 1.386813331117148218e-01 3.475617303700041516e-01 5.545381225347792986e-01 4.407577218583901280e-01 4.588887383030718081e-01 7.335404297879458690e-01 1.000000000000000000e+00 6.870640584962925956e-01 6.340095236876932550e-01 7.320994875055119033e-01 7.624994288736154369e-01 7.325628152355108114e-01 6.051153961934861991e-01 7.890263688460954494e-01 8.077485824598330533e-01 7.095844786907200552e-01 6.252042481314257216e-01 6.560381960490718756e-01 6.056796800862694896e-01 6.408422376513803753e-01 6.738023606968526202e-01 6.269738345276699709e-01 5.670107865752579412e-01 6.424202844310245020e-01 7.290154973575797559e-01 7.486309359736997848e-01 7.247099102548423266e-01 6.636805115841079017e-01 6.970049181976333275e-01 7.456729027660422560e-01 7.664402244129330244e-01 6.993297746120870073e-01 7.275530248087966889e-01 7.026309518461026915e-01 7.521449213051444316e-01 7.076708100658165579e-01 7.811187916111772545e-01 7.695188094988635319e-01 7.469956829767904205e-01 7.851886320975874911e-01 7.925497322423011859e-01 7.857630992855053620e-01 8.021514985055255842e-01 7.744821271542956520e-01 7.741418059230106286e-01 7.692633975359102205e-01 7.764061287880212880e-01 7.882358096865715869e-01 7.821848218999341018e-01 8.022425508737522915e-01 7.719923989031319822e-01 7.835474972080451739e-01 7.732285854859299867e-01 7.744012251582435002e-01 7.823944810599405830e-01 7.896190012037130890e-01 7.936116187251949228e-01 7.914070476827677059e-01 7.904169192176578873e-01 7.891225446169428670e-01 7.875605028762276971e-01 7.962633425639389362e-01 7.959161491191676374e-01 7.830599075327208114e-01 7.869259099551845216e-01 7.723568572591716919e-01 7.630835178934507468e-01 7.654124732352992622e-01 7.747187829884422117e-01 7.689396978457552212e-01 7.755608334012036309e-01 7.396834598794328475e-01 7.547696061220234842e-01 7.892600806249180367e-01 7.855809309771584203e-01 7.772334149513951962e-01 7.519470444769374984e-01 7.704979530716037361e-01 7.644655376211112463e-01 7.763298112528911332e-01 7.775772766604224229e-01 7.878602948747942536e-01 7.668878267579725128e-01 7.791451454948601363e-01 7.732553602371540213e-01 7.744108061339562976e-01 7.897844871857447879e-01 7.792157049532582036e-01 7.888320521146494624e-01 7.737984119447071096e-01 7.849050616208369524e-01 7.809688363409972300e-01 7.830450161154409727e-01 7.750673417340420146e-01 7.771619428284008979e-01 7.850154663300883406e-01 7.874769028539571059e-01 7.823439501541736840e-01 7.928837601772057431e-01 7.887421734473848423e-01 7.943544070934172030e-01 7.849964521396506356e-01 7.925775684496260132e-01 7.919821513393285883e-01 7.898673764563518551e-01 7.793033906426740653e-01 7.782146085745248465e-01 7.858191839692033609e-01 7.884568629510120275e-01 7.922819350619478840e-01 7.855364258409524014e-01 7.880398969450124191e-01 7.889338183409977390e-01 7.801404668531710662e-01 7.837093047198384621e-01
2.433427179501183590e-01 2.466193736271810044e-01 3.851294514056708418e-01 5.070275349913875296e-01 4.116143542779298614e-01 4.840645274921345775e-01 7.076227074527075001e-01 6.870640584962925956e-01 1.000000000000000000e+00 7.456075890148808893e-01 7.883898948320402500e-01 7.745403131169278366e-01 7.277138739159898506e-01 6.332667436833415708e-01 8.077256890649097132e-01 8.057138109596236886e-01 8.242898497768884614e-01 7.329360957803641163e-01 7.572414423582068954e-01 6.062854875819594369e-01 7.147977670405104567e-01 7.367665359412945980e-01 7.499937764065767176e-01 6.929701079209958925e-01 7.263943025118240193e-01 7.890465240577729800e-01 8.053299497492674153e-01 7.459188930636778680e-01 7.249943596773592569e-01 8.091740052533338279e-01 8.267013168362848941e-01 8.493973957428246901e-01 7.544446863490955613e-01 8.283378035466889555e-01 7.838313521910363901e-01 7.857308723455134203e-01 7.741017817344347796e-01 8.260758754028471040e-01 8.437683261126214251e-01 7.353109322801677505e-01 8.392219244183125593e-01 8.188961624446914334e-01 7.749677959218187473e-01 8.433748890680805577e-01 8.294279552454838500e-01 8.329864858900373203e-01 8.456885105660133517e-01 8.640696707872460580e-01 8.551588962497378432e-01 8.233709448057527913e-01 8.337742275517868729e-01 7.868324896992140438e-01 8.313663800987439734e-01 8.734868866178668867e-01 8.644882879192858915e-01 8.438362922852964410e-01 8.599314482807834947e-01 8.516799151020869596e-01 8.559832145045324081e-01 8.635586843658059619e-01 8.371997685169603187e-01 8.652564631561125985e-01 8.573476387039902225e-01 8.552689950392302620e-01 8.664495716246545243e-01 8.596566601361380622e-01 8.582196793251426481e-01 8.575647475256945595e-01 8.629053576328125086e-01 8.247258816703495476e-01 8.480406229291881370e-01 8.543927929565914292e-01 8.460069505688646574e-01 8.375300353570724887e-01 8.561425889756837382e-01 8.565446162469247948e-01 8.392359436191434430e-01 8.227369647121459684e-01 8.495613438290162689e-01 8.568141672839395540e-01 8.490701902739247187e-01 8.549541233566472220e-01 8.643517067210939597e-01 8.510677957915019354e-01 8.499921685293583273e-01 8.562584000424880992e-01 8.352796857667723618e-01 8.512791769364503880e-01 8.468483503003728652e-01 8.595661991679484082e-01 8.203414328075459006e-01 8.421976910060052779e-01 8.429060131201893125e-01 8.398058057503712259e-01 8.450760209633361164e-01 8.505811151984720153e-01 8.128720794074276723e-01 8.447582221565627103e-01 8.422153977817148363e-01 8.418274683410659209e-01 8.227795788438880820e-01 8.498664070684125438e-01 8.411476821905269352e-01 8.386010390646289059e-01 8.390428842303264689e-01 8.519290403377034471e-01 8.490477805139126088e-01 8.591468724934101520e-01 8.549473789129258261e-01 8.552599244794272249e-01 8.485511733894276487e-01 8.540685570994340781e-01 8.526262513914582009e-01 8.500700584085429945e-01 8.582088177461117962e-01 8.553091005758126641e-01
1.097442594618494860e-01 2.131807096186036643e-01 3.287812994465561522e-01 4.591073288492884541e-01 3.900994935778028250e-01 4.226396868542547924e-01 6.307412842134757502e-01 6.340095236876932550e-01 7.456075890148808893e-01 1.000000000000000000e+00 7.259933778744770416e-01 7.082675347403591948e-01 6.660987539861427109e-01 6.058848075257555754e-01 7.573629199789314592e-01 7.481589281999543317e-01 7.249905821618313206e-01 6.487734193266115890e-01 6.895880872103015147e-01 5.687685427047326492e-01 6.436748832652555707e-01 6.600621091629977899e-01 6.715842106754872365e-01 6.270966110189762910e-01 6.656170516156701966e-01 7.027424806206019614e-01 7.304973620854725569e-01 7.008722104118705332e-01 6.692662510850069246e-01 7.188667916085773602e-01 7.561363431575075511e-01 7.844788590185350907e-01 7.129752671071315495e-01 7.571006096848064137e-01 7.275443039635121067e-01 7.292636116191086870e-01 7.133599637981167252e-01 7.693439657070135773e-01 7.752539535934898085e-01 7.085596262353530683e-01 7.886399147452934910e-01 7.747619045938977100e-01 7.422698389994925039e-01 7.888872274219154157e-01 7.755995134143121028e-01 7.774973338435061665e-01 7.964346825294663645e-01 8.060160377629568274e-01 7.918673583301654162e-01 7.633355170480796703e-01 7.834721974967515656e-01 7.225515759422818096e-01 7.717619191260765010e-01 8.044892052468674004e-01 7.961727578936786953e-01 7.852282737621492092e-01 7.781455826273534493e-01 7.958148664125576088e-01 7.964330998459481226e-01 7.955494492877935864e-01 7.889420832450652066e-01 7.929035868414813226e-01 7.901551313750826422e-01 7.846680863122327265e-01 7.857644548776682170e-01 7.837169840668734011e-01 8.008365660380256656e-01 8.030144403524652752e-01 8.008873446329360934e-01 7.747838525545784893e-01 7.885747538144881608e-01 7.947323110797012147e-01 7.867534984264280551e-01 7.816465994401639028e-01 7.912953553615640345e-01 7.937392890962934322e-01 7.808923220250616470e-01 7.595647111502775717e-01 7.960041757751540326e-01 7.938298390014837391e-01 7.954000649546597579e-01 8.032201299802013139e-01 7.986401926820061448e-01 7.869668203031350284e-01 7.958020826085031585e-01 8.011113269941574355e-01 7.850548618960535574e-01 7.944725626649361550e-01 7.993892549784187285e-01 7.957122681011947751e-01 7.708864963390502645e-01 7.922549157473142145e-01 7.944008834845516231e-01 7.932285173013484680e-01 7.974514265131701363e-01 8.024657073841405808e-01 7.684163330618185572e-01 7.739129117444041306e-01 7.933440231510354712e-01 7.932373925589212282e-01 7.843429817876321763e-01 7.929139968926965931e-01 7.890121942934908983e-01 7.903711917946404375e-01 7.840927162984567822e-01 7.821091883603152883e-01 7.901572149865508932e-01 8.035050228374313042e-01 8.013126817379205846e-01 7.978247447700733685e-01 7.939538747924529405e-01 7.958673131777750376e-01 7.948548126358480070e-01 7.918921306114682368e-01 7.978625496844878873e-01 7.899503728125218949e-01
7.749412153995513530e-02 1.764847398979993709e-01 3.904925318980522753e-01 5.648707695632386727e-01 4.408171601542356099e-01 5.146184506872968356e-01 7.605059596387587773e-01 7.320994875055119033e-01 7.883898948320402500e-01 7.259933778744770416e-01 1.000000000000000000e+00 8.534826006422211453e-01 7.751645037949550510e-01 6.818824564389445175e-01 8.665672539587976342e-01 8.562549445827563055e-01 8.114798357909001059e-01 7.449334725545577740e-01 7.793873113048817025e-01 6.546511687692507797e-01 7.436031619148775196e-01 7.797332245913968229e-01 7.589404328801189203e-01 7.028897038474927195e-01 7.723749819624995405e-01 8.165112064969354266e-01 8.473324920464222476e-01 8.138720391792870767e-01 7.554255812985802843e-01 8.265281658402059417e-01 8.704319336867526458e-01 8.792003128499208398e-01 7.957172146179162242e-01 8.460032275055922035e-01 8.106738617221609378e-01 8.481671681179511202e-01 8.333642025542110643e-01 8.655751620584900552e-01 8.785152219086957981e-01 8.401799803193824578e-01 8.900010792922541381e-01 8.811478352032668937e-01 8.572823179432927931e-01 8.927241533398243556e-01 8.894811851396423608e-01 8.810185440663466094e-01 8.818073868088512901e-01 8.872894538868831837e-01 8.904545770008682748e-01 8.698760668883760427e-01 8.894512638683021999e-01 8.494511748081953195e-01 8.801036213615880399e-01 8.865451027311952448e-01 8.844561320144036509e-01 8.901939872780325613e-01 8.766087439480159116e-01 8.860872073938222959e-01 8.882010476433616075e-01 8.816608366356025739e-01 8.822361670351667184e-01 8.825546189975749245e-01 8.859951457326482593e-01 8.832286202848148582e-01 8.829715946414343763e-01 8.809053913414174319e-01 8.887657935645522089e-01 8.921905961120020212e-01 8.900920754875889518e-01 8.760762578294695180e-01 8.891270397813091364e-01 8.952461875487229825e-01 8.738740834006136771e-01 8.835147703170611599e-01 8.999885491770489576e-01 8.991675328822326119e-01 8.881836125438540286e-01 8.588090420708303085e-01 8.920147613102509254e-01 8.826412636150955393e-01 8.965766156207957138e-01 8.981176060350872792e-01 8.988361726119539208e-01 8.792179827633341826e-01 8.856136928504608763e-01 8.912504064422375194e-01 8.934970117298461911e-01 8.962498845114958979e-01 8.923974926540806374e-01 8.986124902804345504e-01 8.893842994277729730e-01 8.943294133931820600e-01 8.979389986505355026e-01 8.941681065870670242e-01 8.866544531527714712e-01 8.888207526579241513e-01 8.841426615460536986e-01 8.802005128703255243e-01 8.913530922752311847e-01 8.962701061860964824e-01 8.862409608668366801e-01 8.916050008155012030e-01 8.907573041506945399e-01 8.927369458747076436e-01 8.914538994039615805e-01 8.838638671128282720e-01 8.888521010659459209e-01 8.895297509677477787e-01 8.941252763603789733e-01 8.906839527002069490e-01 8.928362000108271967e-01 8.879383701111546179e-01 8.894219307322768220e-01 8.887396943160235097e-01 8.874896972723115285e-01 8.859366999647163565e-01
3.772951261803749595e-02 1.318809668625879616e-01 4.055137958025952782e-01 5.782455037831389921e-01 4.835173599495388719e-01 5.816092300887251154e-01 7.965038538905246934e-01 7.624994288736154369e-01 7.745403131169278366e-01 7.082675347403591948e-01 8.534826006422211453e-01 1.000000000000000000e+00 7.912205132951108943e-01 6.997429589629806657e-01 8.911365756566894669e-01 8.790287045359994611e-01 8.036705631639804448e-01 7.456186383680893925e-01 7.839079641145816346e-01 7.137960587993743555e-01 7.553755240810684501e-01 7.988759522143622505e-01 7.516516061076298216e-01 6.997183075925307305e-01 7.769177810658042249e-01 7.992150056236704270e-01 8.526311165785318558e-01 8.336853262873059611e-01 7.707116011418819745e-01 8.420377187099572502e-01 8.741976681279648442e-01 8.758236154415028896e-01 7.946547165401690593e-01 8.546286627016167481e-01 8.304989972891221317e-01 8.620909145479938029e-01 8.577235887082040877e-01 8.719007074355680231e-01 8.905363841840382433e-01 8.523465418916867931e-01 9.049484257276976251e-01 9.074995432522323657e-01 8.986004589267037046e-01 9.207833977457543506e-01 9.042293538058007174e-01 9.134929386253740624e-01 9.064509592345024735e-01 9.061899152439040206e-01 9.059359146882579594e-01 8.887238025522807838e-01 9.138013602663188628e-01 8.841142168952815794e-01 9.186736890158638813e-01 8.992134886125953130e-01 8.924397839076660954e-01 8.973946350499324431e-01 8.885766849516041344e-01 9.097358952743346272e-01 9.001480251286966272e-01 9.058432872464728947e-01 9.108354412341743700e-01 9.021098218209319120e-01 9.048755991028454293e-01 9.042887094889481281e-01 9.061555671341233742e-01 9.087208819544272398e-01 9.084154075020482999e-01 9.048938748099200069e-01 9.045207720599156564e-01 9.143884305459633044e-01 9.082690905109515045e-01 9.125994936217634024e-01 8.898439004025838761e-01 9.033313102363992320e-01 9.177276441023789477e-01 9.226442508261558650e-01 9.266802323078430215e-01 8.989268163420364166e-01 9.124215920293640147e-01 8.961553054405829721e-01 9.103894853558007760e-01 9.072614159202305739e-01 9.150159759377376467e-01 9.092020191533991547e-01 8.965117348742120962e-01 9.061895469326143315e-01 9.151293900623215238e-01 9.214322197051868502e-01 9.056697332676750811e-01 9.147461715044471475e-01 9.261293272034427648e-01 9.254313905561128983e-01 9.205866378249967230e-01 9.225901401412521796e-01 9.099836192026127257e-01 9.106841462589996272e-01 9.139943498834818270e-01 9.043150310648646606e-01 9.146099217710031981e-01 9.230278260337801965e-01 9.210855860257312067e-01 9.150326319466468572e-01 9.185634396159029214e-01 9.211772861457341310e-01 9.206824644972623206e-01 9.057519966872968897e-01 9.203875428116218282e-01 9.097179503851665627e-01 9.156001893601746211e-01 9.124882353215281183e-01 9.173560843461866510e-01 9.139843244650344145e-01 9.117305702629046049e-01 9.125298343390788602e-01 9.064642083989502552e-01 9.125670113385032645e-01
3.583810136339435348e-02 1.147155469909749842e-01 3.577765931029439073e-01 5.952258788827283764e-01 4.900997002790424828e-01 4.871457124006994266e-01 7.354234031983727382e-01 7.325628152355108114e-01 7.277138739159898506e-01 6.660987539861427109e-01 7.751645037949550510e-01 7.912205132951108943e-01 1.000000000000000000e+00 6.490189158346125753e-01 8.308291884981924280e-01 8.376618944224825114e-01 7.465158595449686851e-01 6.747295139560078869e-01 7.199314721379425075e-01 6.298957789163388554e-01 6.888895251954625376e-01 7.318342154531082278e-01 6.869792424627179095e-01 6.422886671962616534e-01 7.113512674460464869e-01 7.535136590616058339e-01 7.827380958390683929e-01 7.604280787525750096e-01 7.107804560679394923e-01 7.292380461634769828e-01 7.755088580226988659e-01 8.038785885707342427e-01 7.205002563507626467e-01 7.609663104159379854e-01 7.252394937504815786e-01 8.021801513068446132e-01 7.604232845953788900e-01 7.881709230057620807e-01 8.044746948803297437e-01 7.938798494555454610e-01 8.385338755612060657e-01 8.349595455164339208e-01 8.391236400688828478e-01 8.471541207700166165e-01 8.304685983722325249e-01 8.135623353192990015e-01 8.221408731115285029e-01 8.239830023952955385e-01 8.321733419508453578e-01 8.137795530776180675e-01 8.335509286840325771e-01 8.335115660408822791e-01 8.337312313242206674e-01 8.193513012165659637e-01 8.137785153768748447e-01 8.231910358729124244e-01 8.241802398788026229e-01 8.362395885233374626e-01 8.207447874757267670e-01 8.386863855497979081e-01 8.367745140272958571e-01 8.216084248802431045e-01 8.276036719996945346e-01 8.351363461842377101e-01 8.337284756656333506e-01 8.315124084218402656e-01 8.263051551080543566e-01 8.222397654133943856e-01 8.148531501233736707e-01 8.260978972405214060e-01 8.319267152309776092e-01 8.361421015997267947e-01 8.044122635730444060e-01 8.219910394529773567e-01 8.346077349324287908e-01 8.304741356083735759e-01 8.228239540011154096e-01 7.962695568508632027e-01 8.264377085055228944e-01 8.109437991493833042e-01 8.275796831409456544e-01 8.275434518304585207e-01 8.349546430142855691e-01 8.058674184372189853e-01 8.182482011593953386e-01 8.221624600891124235e-01 8.274216356734230837e-01 8.291897947145832060e-01 8.283637848707215978e-01 8.337226698886031073e-01 8.218733295980703568e-01 8.345783546806200270e-01 8.410773125361328262e-01 8.349455686089288786e-01 8.297534348957723571e-01 8.296696564068193336e-01 8.365269869644456069e-01 8.298541843607293300e-01 8.353670522866009085e-01 8.390965133668303322e-01 8.450098152541744012e-01 8.372498017865579456e-01 8.420322740218462165e-01 8.447242756695595434e-01 8.470480414304704109e-01 8.303616288144111124e-01 8.247845229740732309e-01 8.256128986940570735e-01 8.323116450280989564e-01 8.362410282874768175e-01 8.314577650652098528e-01 8.366032768668530961e-01 8.306605353686036253e-01 8.390561629403814337e-01 8.330319311348319822e-01 8.350749749348935769e-01
