1.000000000000000000e+00 1.048226563598384509e-01 2.833925086035410379e-02 -3.189847411311518000e-02 1.126889319085094127e-02 -8.441374895346525188e-05 6.242377057579970648e-03 2.085309334152297273e-02 8.281401189995854506e-02 3.731946254870920250e-03 2.222991089903910908e-02 4.863314383444058281e-03 1.145468928913689205e-02 -2.242829927345349819e-02 6.038884469838699635e-04 1.354429984773426222e-02 4.992841089302348101e-02 1.087388964428455916e-02 1.619331799962339972e-03 6.991190733229770728e-03 -1.487510606419297637e-02 1.276305666122509036e-02 2.043739938476105134e-02 6.276008138559094340e-03 1.272366073245536494e-02 2.901865558424281122e-02 1.647529141280327028e-02 1.483335935372669286e-02 4.384965992503936372e-02 2.011385324550808706e-02 1.718113828182522840e-02 5.199678543876959207e-03 -9.680125611368001941e-04 5.066759506871144556e-03 1.061002065951173468e-02 1.798231835231991690e-02 1.079571627152718953e-03 -1.106714711871747969e-02 -6.082557997907611083e-04 -3.202814585683135245e-03 5.152127164486048315e-03 -6.984186982097265357e-03 8.546870260039542434e-06 5.254820166927623090e-03 9.110954469996445509e-03 -2.945607929822560353e-03 4.391496289617125362e-03 7.836424748102335108e-03 4.567033113416595416e-03 -2.773151446487659086e-03 1.114406148913461153e-02 1.115270634744246030e-02 1.499181915279745349e-02 2.234813422329760824e-02 1.835326832557712673e-02 2.205908760579484886e-04 4.302307211062864067e-02 1.120390614831504560e-02 1.329178054684451021e-02 2.159642184249299657e-02 1.067904833787569792e-02 2.146555817343789516e-02 1.420384884369416470e-02 1.582611152182576003e-02 2.412558134462679249e-02 3.392670009653640101e-02 1.570588578015717773e-02 4.884421664525115392e-03 1.279517238915591631e-02 -5.759271672910658236e-04 -5.922399329394027745e-03 4.035971441592903913e-03 1.319579833461703711e-03 8.314266545166079658e-03 1.334652607101863460e-02 1.236023444813497824e-02 1.226850585465784696e-02 2.373546953328938697e-02 1.582811307985534238e-02 1.435041352977471305e-02 5.653170447326174262e-03 8.392303931199803294e-03 1.155216931752080234e-02 4.844625722199067015e-03 -1.393685097084766634e-03 2.827949548260922080e-03 2.917920511597942024e-03 -1.063486494215066429e-03 1.667410488913889004e-03 5.484479896681279144e-03 -1.280544875204989424e-03 -1.964420643159555703e-03 1.376448180234465107e-03 -8.441204838101733091e-04 5.624656826421596534e-04 3.680718029374756891e-03 -1.848523660538472797e-03 1.405944490523572919e-02 -1.294684820375465036e-04 -3.978654784980566531e-03 -2.330334734872645253e-03 3.632706838867382979e-03 3.131510367936710289e-03 -2.019633540260111883e-04 7.982466760947845227e-03 2.356229067808060171e-02 5.545266523956354950e-03 8.061693352809698107e-03 4.078739584867588017e-03 4.536196062303321508e-03 -3.878265312567670195e-03 7.812510615521061144e-03 6.617851679010879756e-03 9.011142601998761367e-03 1.476259736953273310e-02 1.611235516159979092e-02
1.048226563598384509e-01 1.000000000000000000e+00 4.449106275317199488e-02 9.054659092299258139e-02 7.677064162860658403e-02 1.200051446116821019e-01 1.615107364549439317e-01 1.347590178457381271e-01 1.801549701301084494e-01 1.922737806497158974e-01 1.644830212641961720e-01 1.592197867147880641e-01 1.380664755023791879e-01 1.354208415085531303e-01 1.710167394873372548e-01 1.565817014018084097e-01 1.762078017155878085e-01 1.493657272938659075e-01 1.629939628159071952e-01 1.512648590136052573e-01 1.219182538174085895e-01 1.501195892732169745e-01 1.770741642433870389e-01 1.507673539198926826e-01 1.651738679993533798e-01 1.768722774941107467e-01 1.880084805036717488e-01 2.103389640236530966e-01 1.843326632085821870e-01 1.939348497835456098e-01 1.792160689580324928e-01 1.829827643303478246e-01 1.891015911387850523e-01 1.687293746687716922e-01 1.791626538831234405e-01 1.588955717378035537e-01 1.814023219452223779e-01 1.796467181191300500e-01 1.755803789444511098e-01 1.844011521597195002e-01 1.832785861763099600e-01 1.731437385664620077e-01 1.584501581099197753e-01 1.671241520701993999e-01 1.702248374520573537e-01 1.734932051568895961e-01 1.669443670846794125e-01 1.769268836376039766e-01 1.705925476142326203e-01 1.568866903732877849e-01 1.690008472676939599e-01 1.598060462902565204e-01 1.688953176733696826e-01 1.754989115254920184e-01 1.748309237467420285e-01 1.820123169615737446e-01 1.670802887788535585e-01 1.610867603439881945e-01 1.755737580763370442e-01 1.708804807391365033e-01 1.659790676812623045e-01 1.668875839871626909e-01 1.678168404466414410e-01 1.687173436344331368e-01 1.633492093848213367e-01 1.696224468178948452e-01 1.756304218665139250e-01 1.678406222133053405e-01 1.757800799597446229e-01 1.644712508091183689e-01 1.604647416301226148e-01 1.700583066411416877e-01 1.660810589222811717e-01 1.685430056563959333e-01 1.759872434796631580e-01 1.779280101338053810e-01 1.906781753149709990e-01 1.878165695197706320e-01 1.808069329684359738e-01 1.779521752716615723e-01 1.788084375976654872e-01 1.732554987487470999e-01 1.750333848720510843e-01 1.736840282659724011e-01 1.661177799067448668e-01 1.663619157924077774e-01 1.734385546938605194e-01 1.735755239258170157e-01 1.737897581778679035e-01 1.760950398546888562e-01 1.842152849997653052e-01 1.746711041455016600e-01 1.718204610829217605e-01 1.707682629363893312e-01 1.705300955910284133e-01 1.732912407553025003e-01 1.532402614147254927e-01 1.585872414997162860e-01 1.640465217445386259e-01 1.630265057189303757e-01 1.626803293013354135e-01 1.654596549150560703e-01 1.686032033681791609e-01 1.644192897079843063e-01 1.640998923713136159e-01 1.669740622047482526e-01 1.705882164304923787e-01 1.753308046330639414e-01 1.740505256361914443e-01 1.679426631352697596e-01 1.683641344982581001e-01 1.689452833913093199e-01 1.653434513846370191e-01 1.665230040760876384e-01 1.739370488687806138e-01 1.669726617747498698e-01
2.833925086035410379e-02 4.449106275317199488e-02 1.000000000000000000e+00 3.157731430496807934e-01 2.117812499750444943e-01 2.255411233886258082e-01 3.762097366292174727e-01 3.388976274008278500e-01 3.597661330439183569e-01 3.494214611495628509e-01 3.875862315074932174e-01 4.040495475577131068e-01 3.417871860087752789e-01 3.511163319691729123e-01 4.081669206926998306e-01 3.940143869990651582e-01 3.727349441997369062e-01 3.755145874623330715e-01 4.082116625911365593e-01 3.716166193534787276e-01 3.657724757972680152e-01 3.925777806212014109e-01 3.865427177830889627e-01 3.885359107242625232e-01 3.923221021533415676e-01 4.081812511266090793e-01 4.039837555494055765e-01 4.021423009274349147e-01 4.075902194865237971e-01 3.868953012397334801e-01 4.084460999811239668e-01 4.234157212594854558e-01 4.046797190261415267e-01 4.171600893075186334e-01 4.174058850608650117e-01 4.042612978767402554e-01 4.019769899718099171e-01 4.115238159597203738e-01 4.091966355207378725e-01 4.094945209274720721e-01 4.042132105876876658e-01 4.051974358165894019e-01 4.120750729368667931e-01 4.103364464469190787e-01 4.059135418051527666e-01 4.093804285799199083e-01 4.059392622864942402e-01 4.098611626232609995e-01 4.106655342481719262e-01 4.160066484959279998e-01 4.105132462212230937e-01 3.922860910732524631e-01 4.033689834180232414e-01 4.049310522851983785e-01 4.100007745251263436e-01 4.135894145623023044e-01 4.022441601005066758e-01 4.074284241855013478e-01 4.122720116493243103e-01 4.074720028414026141e-01 4.106648887219900290e-01 4.074969092852559482e-01 4.077831539106785974e-01 4.065169254276294608e-01 4.024496317110956567e-01 4.033964678572647400e-01 4.079218046474883397e-01 4.121089112232764196e-01 4.162468098716284870e-01 4.100817426695252399e-01 4.113073167057174073e-01 4.136217712621150788e-01 4.126977863225537169e-01 4.092399816619017305e-01 4.120335462023616557e-01 4.146305200434435845e-01 4.102066473572871241e-01 4.182879273674270371e-01 4.077976652613519160e-01 4.112424652888744814e-01 4.198746764982310697e-01 4.164498702765832561e-01 4.147900990542879307e-01 4.202653831670687401e-01 4.166766736840278873e-01 4.157441891846261894e-01 4.143381335981995428e-01 4.149237084894086824e-01 4.165634309921822376e-01 4.130772728447379416e-01 4.171258027267909507e-01 4.119758659588895755e-01 4.106612184421142286e-01 4.142410272827264373e-01 4.110189464439725215e-01 4.096054422526916317e-01 4.092006744219999215e-01 4.072022714928995035e-01 4.044205647390651803e-01 4.143257174127736864e-01 4.092204880105273501e-01 4.075794130369209678e-01 4.088809394253336005e-01 4.094033554726028701e-01 4.071756817520514882e-01 4.033640404894160425e-01 4.115244233693651776e-01 4.077035265118394425e-01 4.071150121306738590e-01 4.087613901178355214e-01 4.081915992367262103e-01 4.074823487790060761e-01 4.071338617249571357e-01 4.100824648750844292e-01 4.085160513608482868e-01 4.064868487927075225e-01
-3.189847411311518000e-02 9.054659092299258139e-02 3.157731430496807934e-01 1.000000000000000000e+00 3.156728036626550993e-01 3.990434781712590140e-01 5.764685577408447115e-01 5.661618551211425876e-01 5.584991638318105300e-01 5.329347900344507671e-01 5.972932495224404503e-01 6.356296943822389300e-01 5.699847941374027727e-01 5.661471803564697147e-01 6.294698140343411019e-01 6.324676107382465329e-01 5.639734915586066544e-01 5.974431225726684058e-01 6.121783318219855552e-01 6.027197853802056526e-01 6.131653262257009684e-01 6.254369373046034797e-01 5.939800372293820852e-01 6.137925126129303299e-01 6.215625843124441552e-01 6.384160048398480614e-01 6.268054688561246479e-01 6.235956234498177819e-01 6.058016689540186572e-01 6.192048394653867360e-01 6.418024191819911017e-01 6.357483458990575986e-01 6.044633490235027384e-01 6.421026390907900172e-01 6.154096380971455504e-01 6.202817623262772972e-01 6.355950634151801282e-01 6.412641197977347884e-01 6.448546633050459276e-01 6.408242404363856393e-01 6.418272919171925661e-01 6.473885630983393646e-01 6.465559628096818612e-01 6.473136375828699718e-01 6.397682668596210709e-01 6.411445558898900554e-01 6.368330642382216134e-01 6.357658145012711204e-01 6.392767333557035636e-01 6.421069019976985981e-01 6.441268309040708573e-01 6.474133814236324724e-01 6.386501515150498909e-01 6.352459135997007289e-01 6.349156645641050867e-01 6.405893566053038057e-01 6.299364676829233289e-01 6.332646611885621724e-01 6.322237937590154955e-01 6.362702796114033665e-01 6.421726133438431239e-01 6.352168590484634780e-01 6.398747761521078603e-01 6.355582871728110428e-01 6.256337905016960965e-01 6.379459634583221073e-01 6.351208294263108733e-01 6.453854074428296839e-01 6.393552726969615740e-01 6.498690878436687024e-01 6.514548950040590647e-01 6.406260864326214222e-01 6.478623132282914643e-01 6.445992192404844667e-01 6.452176769383833888e-01 6.406422192047963593e-01 6.422419606824547600e-01 6.291555239082600171e-01 6.366666090794220745e-01 6.377308737546232287e-01 6.448791543531796622e-01 6.478236287023623197e-01 6.438657777785177228e-01 6.428636554226035971e-01 6.531560671358815906e-01 6.496749827615817541e-01 6.435355862169057639e-01 6.464139597103223389e-01 6.455507711350558786e-01 6.476653743014828546e-01 6.488419248872061562e-01 6.453626208682320398e-01 6.482501331988154147e-01 6.463856524002012938e-01 6.439472481663265357e-01 6.403412551824266830e-01 6.606873126600827373e-01 6.600216634427901186e-01 6.526439837368512853e-01 6.506451480388261155e-01 6.476868193840922272e-01 6.536863984602543365e-01 6.489487689090273070e-01 6.506459321915811778e-01 6.540086974554866206e-01 6.491398664233796190e-01 6.488453455329460384e-01 6.376187482509126925e-01 6.427341698383309820e-01 6.450118671392498504e-01 6.460637749942733654e-01 6.428515719724510191e-01 6.417055692894321206e-01 6.471137185139722581e-01 6.387394461090271092e-01 6.461199791614367083e-01
1.126889319085094127e-02 7.677064162860658403e-02 2.117812499750444943e-01 3.156728036626550993e-01 1.000000000000000000e+00 3.162652900405787948e-01 4.245302257431944337e-01 4.281738067514790913e-01 4.551143455665259130e-01 3.993037766085386076e-01 4.767836688455285854e-01 4.824655422172515751e-01 4.619162002341800077e-01 4.445397346121054971e-01 4.832955588185751106e-01 4.856620328310261581e-01 4.380463352958438583e-01 4.196405667799252281e-01 4.633133427848034058e-01 4.629317476522457064e-01 4.415086063854594678e-01 4.698043580312917800e-01 4.500521913879751423e-01 4.528955368205620502e-01 4.643558156966832717e-01 4.791506543510881677e-01 4.774678676601844529e-01 4.571641176885187785e-01 4.620302654275126875e-01 4.917550873648400267e-01 4.934049357367013000e-01 4.795428599965435579e-01 4.304436947838640726e-01 4.728216993874357343e-01 4.641954613186460854e-01 4.800940889699857328e-01 4.867764554284333411e-01 4.757458914093486979e-01 4.873221915208093558e-01 4.542971095528092751e-01 4.894996784241696930e-01 4.893616172614664306e-01 4.843672016763535537e-01 4.989388608801439418e-01 4.861985183093264218e-01 4.972975730349906143e-01 4.966493905452996072e-01 4.927551339199209846e-01 4.985233151719993261e-01 4.918442740508283118e-01 4.941941619723158041e-01 5.010037948386217854e-01 4.997343762161828296e-01 4.950421442208568501e-01 4.998130570722587040e-01 4.877461655878753133e-01 4.935516034025089760e-01 5.015518561639666917e-01 4.953305007400490845e-01 5.025024146693902738e-01 5.003240186967315983e-01 5.003034034647161343e-01 4.981319737775278811e-01 4.958835492427851599e-01 4.935626953992839905e-01 5.011477557559637086e-01 4.963892873931736172e-01 4.957613692666008043e-01 4.942082426798076189e-01 4.972022056199619233e-01 4.993469690989105203e-01 4.970151066696802955e-01 4.926282650572297306e-01 4.950961494227830717e-01 4.990120882942917779e-01 4.971677948863064689e-01 4.939702179866752862e-01 4.877123847431712456e-01 4.963879369128157415e-01 4.971911408751674699e-01 4.938925156441714148e-01 4.993331300211233947e-01 4.829170500658287457e-01 4.911107586410315418e-01 4.979693494937669773e-01 4.977614052978918679e-01 4.975282172648421986e-01 4.932751826243289561e-01 4.976907870661219646e-01 4.926804054635385843e-01 4.862054220719721487e-01 4.979970831098198270e-01 4.958553043881587241e-01 4.979487774612293416e-01 4.991762847887766252e-01 4.982444885031541704e-01 4.967620671055290038e-01 5.046678346620394606e-01 5.043272937069742667e-01 5.006348037427124087e-01 5.003927661527722837e-01 5.002969455552178646e-01 5.037390639378933610e-01 5.027966378547229498e-01 5.028908751534441057e-01 4.947519204873945253e-01 5.016420564743317989e-01 4.949575672589263120e-01 4.966671557056576147e-01 4.984490453870483728e-01 4.942497105725417450e-01 4.998425168856373002e-01 4.979149133613858802e-01 4.998932738867532533e-01 4.971040698826450499e-01 5.008118703489187196e-01
-8.441374895346525188e-05 1.200051446116821019e-01 2.255411233886258082e-01 3.990434781712590140e-01 3.162652900405787948e-01 1.000000000000000000e+00 5.302956244261426422e-01 5.262894866587697340e-01 5.436952037989666309e-01 5.012545759729630790e-01 5.562991693947476612e-01 5.641449559644060585e-01 5.162059338800955022e-01 5.243555917827302792e-01 5.955775427059771809e-01 5.885233167767585094e-01 5.301567430181347573e-01 5.236525404557847985e-01 5.566855526624957529e-01 5.298328675148579192e-01 5.167048903542158511e-01 5.568695255780844455e-01 5.531083997279269138e-01 5.481141509841024329e-01 5.684683965182890653e-01 5.926135579083866567e-01 5.872647236185487563e-01 5.757228309577966385e-01 5.644014228446080361e-01 5.851984840307353775e-01 6.041039161975214622e-01 5.904484919218884187e-01 5.453394839711277475e-01 5.820026783901670608e-01 5.685871328355889265e-01 5.875267853289291020e-01 5.918858413506570271e-01 5.990814374624046090e-01 5.969811148416851454e-01 5.818439014904510653e-01 6.038856585232491581e-01 6.076951609083706130e-01 6.004157474726432575e-01 6.090807888829430361e-01 6.058765169461974853e-01 6.010653342978178326e-01 6.060806491099541837e-01 6.029464367087368215e-01 6.035025884995115497e-01 5.898676322513114467e-01 6.040583913695357632e-01 5.896897683195982953e-01 5.985277063254519359e-01 6.050367710820740985e-01 6.056777102236239330e-01 5.992376775510894760e-01 5.939084560128586876e-01 6.016423468752835069e-01 6.032006466160515501e-01 6.015656055119046330e-01 6.058696853781542213e-01 6.030542484808233406e-01 6.000642923023741249e-01 6.062110022466169479e-01 6.019961124847464928e-01 6.041536126132618367e-01 6.059317302890381285e-01 6.028767924952633805e-01 6.059718477455203756e-01 6.011651751641750030e-01 6.038653959835467155e-01 6.036942722024707386e-01 6.006748936053164512e-01 6.021305841504778211e-01 6.147075408767869176e-01 6.060488393118473871e-01 6.054803196360489803e-01 5.971861889906430187e-01 6.024471115121668996e-01 6.108540999199273402e-01 6.078630006312467637e-01 6.091149990013010607e-01 5.989831396052897050e-01 6.065750112303932573e-01 6.030686844510175781e-01 6.040786590604185768e-01 6.051687090779905853e-01 6.086824977323042063e-01 6.078034451262371851e-01 6.035475916071765257e-01 6.038091932861715527e-01 6.110510322603560640e-01 6.101052425362097908e-01 6.080574129167944930e-01 6.107053738248894303e-01 6.107071935225808490e-01 6.061833904927601546e-01 6.045730369310984287e-01 6.109829689787985574e-01 6.093426236458637790e-01 6.095675909901165923e-01 6.087216491455729184e-01 6.064803818796331569e-01 6.095846685949096733e-01 6.077552614401990905e-01 6.069454778685244856e-01 6.106707609555173111e-01 6.106605864636081016e-01 6.107716267739690119e-01 6.099053520387012206e-01 6.086404630662622939e-01 6.098700629481210722e-01 6.073807163477422666e-01 6.097205133413370337e-01 6.052511879420089391e-01 6.070580855070718540e-01
6.242377057579970648e-03 1.615107364549439317e-01 3.762097366292174727e-01 5.764685577408447115e-01 4.245302257431944337e-01 5.302956244261426422e-01 1.000000000000000000e+00 6.968581397963246049e-01 7.359956287308222489e-01 7.253390468875591246e-01 7.791247792833507768e-01 8.106319131188517435e-01 7.378007197001470452e-01 7.540181783266153293e-01 8.466102264457880944e-01 8.004562314307922533e-01 7.361658183705425129e-01 7.344383714005173758e-01 7.782007283019825028e-01 7.653914992697067321e-01 7.269476470590231498e-01 7.793204945979977927e-01 7.708557106087526867e-01 7.823847617556960454e-01 7.943799972552345601e-01 8.229730177709571048e-01 8.195898290519001428e-01 8.165293193476721445e-01 8.094494074990091770e-01 8.140998567657756757e-01 8.466737840967237805e-01 8.259460419183151103e-01 7.577741183218402732e-01 8.125549929258079063e-01 7.827994094331718333e-01 7.982816429082623122e-01 8.194639061850592654e-01 8.334954164839645241e-01 8.347687694376558776e-01 8.231187234702647126e-01 8.362969181912773831e-01 8.419287289471630853e-01 8.293569303961112471e-01 8.349774905484980136e-01 8.374584392919287579e-01 8.449348006588456306e-01 8.390243832142910696e-01 8.401089516889962416e-01 8.423673911548968940e-01 8.244238782680909372e-01 8.347586895737756363e-01 8.167582801947771420e-01 8.294621963344068760e-01 8.360162012915948182e-01 8.331815431118021475e-01 8.428936647406588545e-01 8.148485386598049995e-01 8.341621428539464089e-01 8.381743777344021762e-01 8.347508285849341014e-01 8.367421781894637256e-01 8.318135230289502857e-01 8.272623110484189635e-01 8.285154006357455803e-01 8.203280066859626185e-01 8.278983265598508501e-01 8.398590553768260358e-01 8.410403345327883695e-01 8.392227977275488193e-01 8.418397604488920827e-01 8.395900832710900819e-01 8.412695257770623769e-01 8.414985357580317960e-01 8.415176393041948755e-01 8.492932508910601141e-01 8.441858392364713914e-01 8.511732298034252464e-01 8.441674269782820650e-01 8.483714665012771494e-01 8.451329652320112018e-01 8.456893122265730645e-01 8.482713212650503376e-01 8.341601284806978711e-01 8.341505958309645141e-01 8.406169920647281746e-01 8.455421867098027455e-01 8.426020209947785444e-01 8.481395992621401092e-01 8.457576111606105451e-01 8.424225076904575671e-01 8.469210522034976707e-01 8.501299195818454724e-01 8.444155076168956553e-01 8.490031075895032586e-01 8.455455828319932143e-01 8.430264462216259247e-01 8.398576100141649237e-01 8.347748039863971403e-01 8.425267257349360328e-01 8.446328475235939104e-01 8.413157747217319127e-01 8.394683977287906718e-01 8.409603800553475672e-01 8.442487178473256915e-01 8.430065428977761011e-01 8.299822496008005812e-01 8.436752280739652221e-01 8.427062723177408676e-01 8.449022536220351931e-01 8.442701782646200304e-01 8.461216847336215929e-01 8.409519845575585961e-01 8.407192136100660740e-01 8.398190725165234349e-01 8.368191915677746229e-01 8.378049599019896654e-01
2.085309334152297273e-02 1.347590178457381271e-01 3.388976274008278500e-01 5.661618551211425876e-01 4.281738067514790913e-01 5.262894866587697340e-01 6.968581397963246049e-01 1.000000000000000000e+00 7.347658475924538912e-01 6.810544827789311029e-01 7.614503768040548071e-01 7.888549453961147817e-01 7.248273671348147706e-01 7.267186877907848563e-01 7.987194381074124161e-01 8.116841354832634581e-01 7.404941283668233787e-01 7.335378921951575260e-01 7.761024390358153280e-01 7.344655313900881888e-01 7.265452339747334731e-01 7.832566312245605733e-01 7.594858048626781377e-01 7.738969712206030804e-01 7.809907525066446254e-01 7.951997152849671346e-01 7.774046371764757879e-01 7.516054665612367236e-01 7.569917793953079288e-01 7.875909926525122007e-01 8.162332751571372835e-01 8.073594992366343037e-01 7.364482593343806283e-01 7.962360799937963085e-01 7.687681760078837190e-01 7.997274393230922040e-01 7.942003617240500635e-01 8.102972817186975263e-01 8.102827874799780616e-01 7.777621937956751275e-01 8.075201782451212340e-01 8.114474090521262006e-01 8.134550241871070231e-01 8.211684833164238917e-01 8.133007516362490419e-01 8.118744452654705901e-01 8.188143809237536930e-01 8.181975312535330058e-01 8.226558174810605362e-01 8.189456639324582676e-01 8.280482142957695801e-01 7.988501588053887881e-01 8.148603156996518937e-01 8.185090987264832529e-01 8.176379913702768176e-01 8.142523758632912445e-01 8.163201731110042436e-01 8.173672905960441826e-01 8.179114271845127071e-01 8.223285526325330164e-01 8.300257967902517908e-01 8.225276951950625248e-01 8.221342263688430352e-01 8.254697043553166358e-01 8.180417569988803761e-01 8.231686129079709424e-01 8.203280415999639752e-01 8.225609676396514747e-01 8.200497178749105442e-01 8.186765772383185480e-01 8.223130035118808578e-01 8.224157535516243289e-01 8.182884251733204550e-01 8.174314514468402626e-01 8.251376490451803880e-01 8.184585896953797679e-01 8.067128617700148885e-01 8.047726924989236919e-01 8.106937797937032730e-01 8.226680013263018010e-01 8.207387638989273038e-01 8.250518820436124612e-01 8.127739168149735738e-01 8.165091044151415733e-01 8.242752171437065511e-01 8.237636152771654618e-01 8.230681972986264583e-01 8.216976639751191192e-01 8.219013494032073597e-01 8.227892478886537075e-01 8.127186136236769221e-01 8.209849441975335393e-01 8.203357747368791308e-01 8.216536006514632007e-01 8.238056361283054851e-01 8.224184409710747490e-01 8.300973539772550369e-01 8.322458722087702210e-01 8.315895714481625900e-01 8.278738319586542715e-01 8.264593926701092608e-01 8.338515183977052159e-01 8.215764396959932547e-01 8.282727637437976576e-01 8.276675139990278263e-01 8.298848512849544834e-01 8.288184116782941757e-01 8.211000223752566995e-01 8.227508242355666690e-01 8.261323188843456844e-01 8.230167994278106969e-01 8.244676473297415376e-01 8.244816976888752480e-01 8.305958368697655692e-01 8.219005935203842483e-01 8.252305575710022767e-01
8.281401189995854506e-02 1.801549701301084494e-01 3.597661330439183569e-01 5.584991638318105300e-01 4.551143455665259130e-01 5.436952037989666309e-01 7.359956287308222489e-01 7.347658475924538912e-01 1.000000000000000000e+00 7.489462027882776152e-01 8.066118825094508171e-01 8.352356634136116620e-01 7.732497039966715890e-01 7.734271987995321451e-01 8.580880365001659627e-01 8.472571079061563815e-01 8.045698643348593304e-01 7.769991613999018831e-01 8.252582653814098945e-01 7.915836585049444984e-01 7.638286220535912552e-01 8.270556703512249586e-01 8.151290909570160226e-01 8.306390496929589862e-01 8.448920239938676469e-01 8.635149180691227278e-01 8.524376812185652241e-01 8.209335789513185766e-01 8.335727320839847465e-01 8.470353043323366471e-01 8.796826131736013021e-01 8.643441206661485188e-01 7.741878438468772217e-01 8.402250450727332121e-01 8.152041830125791311e-01 8.387223760155417818e-01 8.495760123059628022e-01 8.592559784958444524e-01 8.617759307233338051e-01 8.289797549181310288e-01 8.729400442256375348e-01 8.657538722330280212e-01 8.651545980520770618e-01 8.741790448339475939e-01 8.694378707527035122e-01 8.660040629223244579e-01 8.806603209782758457e-01 8.841235249692513953e-01 8.779908212981150095e-01 8.511076409946216614e-01 8.737582527411994482e-01 8.482809893672222934e-01 8.722571305859319057e-01 8.879271936993399228e-01 8.819094893382289913e-01 8.684746997693207904e-01 8.831320062786883751e-01 8.778281836826239415e-01 8.823748270642094438e-01 8.893242439234922969e-01 8.823852393844896502e-01 8.909251604867148844e-01 8.790739149018288456e-01 8.830488878306235190e-01 8.845170196815721475e-01 8.903899244221763487e-01 8.832813637977765531e-01 8.818364507189218049e-01 8.834809114541232189e-01 8.789259477622454186e-01 8.784854488478252010e-01 8.800861744792760621e-01 8.790038756752809324e-01 8.813186783490369880e-01 8.835111502469200628e-01 8.816315919502312193e-01 8.736314234979739579e-01 8.717881554196801330e-01 8.791068126310512820e-01 8.842226724030977092e-01 8.834975665415947255e-01 8.848005357571153695e-01 8.713910304946619334e-01 8.714621092047093454e-01 8.704464550198781625e-01 8.785797431044554129e-01 8.778624084770106917e-01 8.781603659464721767e-01 8.785036137100341591e-01 8.764254368373749493e-01 8.678747842901252119e-01 8.772228993375450479e-01 8.775750206549186583e-01 8.778180284075168816e-01 8.810715234147661334e-01 8.832066585358072652e-01 8.673647531823069912e-01 8.704835537470666518e-01 8.769782197545330504e-01 8.753321692745732463e-01 8.758149978219069709e-01 8.767204720854024913e-01 8.801362407046596781e-01 8.790345652459896630e-01 8.781651818725314529e-01 8.812723448334501830e-01 8.816136635309905767e-01 8.845284411765311772e-01 8.810933211357604433e-01 8.827584637281260527e-01 8.769827784400470172e-01 8.857379512269204502e-01 8.849534908775595898e-01 8.830304182103517752e-01 8.839621467249384468e-01 8.859243313136123676e-01
3.731946254870920250e-03 1.922737806497158974e-01 3.494214611495628509e-01 5.329347900344507671e-01 3.993037766085386076e-01 5.012545759729630790e-01 7.253390468875591246e-01 6.810544827789311029e-01 7.489462027882776152e-01 1.000000000000000000e+00 7.577672110419408913e-01 7.799678820253183043e-01 7.115192946743478242e-01 7.298932354216959295e-01 8.058357033692072902e-01 7.830012595511750551e-01 7.388553407613934754e-01 7.088286620042272279e-01 7.605250840638007048e-01 7.248212205732640356e-01 6.967829172026812623e-01 7.565780780476446532e-01 7.637586173526790256e-01 7.608772879633268760e-01 7.812453330620882097e-01 8.019132487782463237e-01 7.966697805608004002e-01 7.816259021709803800e-01 7.890414604811161192e-01 7.879897725546519682e-01 8.197260340351252283e-01 8.135372343419288166e-01 7.359642853061071355e-01 7.861508536071836195e-01 7.610791492478227172e-01 7.790906625625647619e-01 7.955568902797885977e-01 8.077240256839136601e-01 8.047895504586991544e-01 7.897287836522688398e-01 8.170448709206276083e-01 8.126777895487954373e-01 8.073322740822966859e-01 8.180214436939904354e-01 8.162624166602953091e-01 8.187120214274087315e-01 8.219189858214619449e-01 8.264927482773684053e-01 8.169452426836054659e-01 7.951138348853428184e-01 8.112379773731870358e-01 7.814474072593552423e-01 8.097246653638613401e-01 8.213830295181243635e-01 8.156406711683790167e-01 8.213492277696818888e-01 8.040061472172838064e-01 8.148239709380028506e-01 8.199250959139579020e-01 8.229732625777241850e-01 8.166753577963580257e-01 8.215055209960897553e-01 8.100161926050317707e-01 8.155052103347267822e-01 8.129464409045594753e-01 8.166081113159830984e-01 8.241271750211766056e-01 8.225167955351485594e-01 8.256724319522024125e-01 8.172647477855274900e-01 8.171848793862083182e-01 8.221493590391236728e-01 8.202589665337144398e-01 8.205114076445217952e-01 8.259349489582373804e-01 8.265320653227534731e-01 8.259061565173037023e-01 8.257065141517538898e-01 8.242379560150538964e-01 8.268112107053753324e-01 8.263731256389394986e-01 8.278166208209923882e-01 8.158417252706867684e-01 8.185701179786177839e-01 8.130542842119098390e-01 8.213765830217611974e-01 8.205707926760641424e-01 8.244278892294706340e-01 8.233509441939721452e-01 8.202030820235992614e-01 8.224009723825709273e-01 8.245762742057167749e-01 8.227937757330492374e-01 8.234807654563087720e-01 8.246271191908194353e-01 8.258298206716774281e-01 8.088437812025338625e-01 8.053265359484276242e-01 8.159709452368822946e-01 8.191536016452071189e-01 8.197506646465170244e-01 8.160302770643179660e-01 8.208331421129242411e-01 8.200728671930130886e-01 8.164487593614672134e-01 8.111045600727595506e-01 8.216154532365560481e-01 8.266337406630496210e-01 8.249484698756206491e-01 8.234400088244040461e-01 8.217268379121143163e-01 8.235491560575918246e-01 8.233181059853436068e-01 8.210680670359838951e-01 8.211399149347617943e-01 8.198091522016616173e-01
2.222991089903910908e-02 1.644830212641961720e-01 3.875862315074932174e-01 5.972932495224404503e-01 4.767836688455285854e-01 5.562991693947476612e-01 7.791247792833507768e-01 7.614503768040548071e-01 8.066118825094508171e-01 7.577672110419408913e-01 1.000000000000000000e+00 8.794861562224043361e-01 7.878346095884291023e-01 7.970758108279857312e-01 8.814889672203520821e-01 8.644412229160890471e-01 8.082761694642427441e-01 7.844058286640268607e-01 8.382148873193525640e-01 7.933780900841556072e-01 7.762037078794007394e-01 8.431284053950517388e-01 8.321006171900693360e-01 8.364107071999388188e-01 8.517662661213645237e-01 8.776059618352189950e-01 8.685837875658454221e-01 8.576569877281416954e-01 8.469335632220628129e-01 8.741862594335340075e-01 8.964611645442381871e-01 8.874245512301983663e-01 8.195855089184674869e-01 8.765499368090740040e-01 8.484825254384924520e-01 8.702377936136775904e-01 8.804249936991276337e-01 8.892871047430470632e-01 8.915693552115883103e-01 8.645213980047411484e-01 8.940570758039851906e-01 8.941789884749634654e-01 8.917491885444693844e-01 8.982962459759539220e-01 8.991250927907383783e-01 8.918150793297660028e-01 8.983749112736436615e-01 8.993185264748335683e-01 8.973098045448980598e-01 8.788485324891988082e-01 8.965286163650733053e-01 8.741080627065584974e-01 8.878550317406359582e-01 8.988481078720466089e-01 8.939450165488542766e-01 8.951065184976959577e-01 8.862786606175134807e-01 8.946315764794078307e-01 8.974666815749876569e-01 9.004715718128947222e-01 8.991893284848920809e-01 9.002764449324359708e-01 8.916304802660347528e-01 8.972313878439933665e-01 8.929504483195197517e-01 8.982501340777518939e-01 9.011541254358589326e-01 9.000589383980577285e-01 9.015257619293071123e-01 8.968633269406340869e-01 8.995831930349617034e-01 9.015810426272674594e-01 8.968251707933637684e-01 8.973081333230437107e-01 9.034863205030196909e-01 9.032003986626944148e-01 8.994680922361989461e-01 8.909376706736402696e-01 8.952367232178005674e-01 9.036110993342854059e-01 9.021559103708373106e-01 9.053296271420573360e-01 8.975563148611800379e-01 9.003275967823269887e-01 8.995461137610064606e-01 9.025510813331694138e-01 9.036741467701820962e-01 9.020997126548194744e-01 9.035901177603500312e-01 9.037325103170050777e-01 9.003985094303822434e-01 9.039387646733870740e-01 9.040913532078515003e-01 9.039223321483790263e-01 9.040161000181491380e-01 9.046114527544560913e-01 8.989436741294178912e-01 8.980545115075944107e-01 9.032199488179704083e-01 9.031817942349342765e-01 9.034092023308109010e-01 9.025431116681665866e-01 9.013841185669377865e-01 9.035441798931812540e-01 9.032852929511762108e-01 9.001329768889739791e-01 9.046796240360579500e-01 9.043279750386152838e-01 9.039503546316677296e-01 9.038505626537679527e-01 9.012712274346053043e-01 9.047596019227803765e-01 9.047656698121085972e-01 9.056845771081935004e-01 9.026123022080204672e-01 9.035309880049506859e-01
4.863314383444058281e-03 1.592197867147880641e-01 4.040495475577131068e-01 6.356296943822389300e-01 4.824655422172515751e-01 5.641449559644060585e-01 8.106319131188517435e-01 7.888549453961147817e-01 8.352356634136116620e-01 7.799678820253183043e-01 8.794861562224043361e-01 1.000000000000000000e+00 8.233078001217272179e-01 8.404266738305792295e-01 9.199558003759229496e-01 9.040577289405947736e-01 8.365271382639242193e-01 8.124383836925367364e-01 8.728255183913955495e-01 8.329402196705595340e-01 8.180352176586255242e-01 8.769870119357239258e-01 8.539804110006240512e-01 8.646296858334178159e-01 8.853942672382596468e-01 9.101127552470332782e-01 9.065543827130909671e-01 8.886655837657964074e-01 8.788185805660064798e-01 9.133795732962909364e-01 9.315876853050252260e-01 9.240782675126215651e-01 8.557505460857451896e-01 9.105881628739592726e-01 8.907021592857935488e-01 9.001553572270281078e-01 9.166878958739822503e-01 9.291448385178816549e-01 9.293027291365518749e-01 9.062197613009311814e-01 9.320398829068704538e-01 9.342418874669274897e-01 9.326968498722126855e-01 9.406748773861278723e-01 9.337909686187696456e-01 9.344755954097994088e-01 9.400062694662048024e-01 9.409403973249181874e-01 9.392445382478649130e-01 9.219274663252509106e-01 9.371978221955822308e-01 9.161124451359973220e-01 9.286900393834668366e-01 9.378858793205657740e-01 9.324388458523675816e-01 9.331553814366064792e-01 9.207310101963056548e-01 9.356780781589206786e-01 9.381649274205564604e-01 9.407974402145471426e-01 9.395288732920950014e-01 9.398013602501246178e-01 9.323408377383370915e-01 9.378330269561994115e-01 9.343710426891053134e-01 9.373378648410436442e-01 9.415013656414895626e-01 9.404621307924125873e-01 9.397428444572293316e-01 9.394678630672571584e-01 9.408470476167891672e-01 9.420725295370389052e-01 9.338487100615490144e-01 9.347673411411230315e-01 9.421207239329199012e-01 9.426802429023922736e-01 9.370294352434944685e-01 9.272781998421175675e-01 9.347854922285998569e-01 9.416686013577962866e-01 9.421021725060156893e-01 9.450459318673185560e-01 9.329809403450257665e-01 9.413278247936238685e-01 9.426891713448565246e-01 9.435235973392349651e-01 9.418918533879172550e-01 9.440917854957467936e-01 9.445322002100814407e-01 9.387780726605083892e-01 9.397091065523918152e-01 9.443420637201119794e-01 9.451318484830633082e-01 9.453026198144931502e-01 9.454077693347500144e-01 9.449614065265754537e-01 9.393397163576511222e-01 9.387314773083198505e-01 9.430599643561008438e-01 9.443165781966345040e-01 9.452012054187841628e-01 9.436762201963383445e-01 9.441067179898713357e-01 9.455030376676585302e-01 9.440141990151439400e-01 9.385126361129313421e-01 9.461274542991964243e-01 9.431477152038899581e-01 9.417034892181233019e-01 9.443553173779811738e-01 9.434611401077436232e-01 9.456303060298296703e-01 9.447904836156193475e-01 9.462077797099800458e-01 9.428938141981059173e-01 9.443453960804494285e-01
1.145468928913689205e-02 1.380664755023791879e-01 3.417871860087752789e-01 5.699847941374027727e-01 4.619162002341800077e-01 5.162059338800955022e-01 7.378007197001470452e-01 7.248273671348147706e-01 7.732497039966715890e-01 7.115192946743478242e-01 7.878346095884291023e-01 8.233078001217272179e-01 1.000000000000000000e+00 7.729152663628221509e-01 8.436829063286216401e-01 8.393899168964482627e-01 7.722457614757404221e-01 7.429278738174129870e-01 8.004602360399112326e-01 7.749326004960539471e-01 7.443409525123019232e-01 8.026124342682898760e-01 7.833236414421553828e-01 7.959576278990406761e-01 8.192310546280595629e-01 8.296859882274385534e-01 8.262988856194778409e-01 7.935729450786658257e-01 7.934164708409663369e-01 8.257832256661548076e-01 8.573323762005689019e-01 8.388656980067739077e-01 7.464716354778250240e-01 8.193878014344508909e-01 7.945104252606728368e-01 8.250767890503158952e-01 8.294421535347386021e-01 8.408647522095339388e-01 8.449104993392478891e-01 8.164487268425905109e-01 8.495197559008064170e-01 8.527252480210648633e-01 8.508858122860419870e-01 8.603017435953723702e-01 8.551068940299004772e-01 8.534235846560090932e-01 8.659776077445024978e-01 8.632341826565487208e-01 8.600568109289019603e-01 8.358889032632337290e-01 8.538946799258789744e-01 8.427575001671130384e-01 8.558514571829395345e-01 8.660095120083793896e-01 8.612424557224925836e-01 8.551352822631260731e-01 8.535820972933605422e-01 8.638908790025446871e-01 8.621267920196341583e-01 8.680188442033334173e-01 8.643587452235994562e-01 8.669645422228157150e-01 8.556410466644891466e-01 8.597313071690232400e-01 8.592286400397136648e-01 8.633627284837261939e-01 8.634646363767427557e-01 8.642303085487739178e-01 8.610884770831551682e-01 8.629555180624506328e-01 8.627771391718084271e-01 8.644299611184889098e-01 8.582989284796624929e-01 8.647062007275543305e-01 8.651166325171183447e-01 8.617032035617941954e-01 8.552169373237464844e-01 8.484184527286994237e-01 8.575141066420350899e-01 8.665297167742597173e-01 8.632259019516530518e-01 8.690385625926886348e-01 8.513500390781302274e-01 8.546655273363686911e-01 8.575965179445131925e-01 8.621921601147226610e-01 8.615321015138794891e-01 8.610857716246048676e-01 8.641625796468037635e-01 8.614390938584632895e-01 8.546326636167720370e-01 8.653160798355117311e-01 8.658150640187178837e-01 8.654667887409749349e-01 8.685083006035437814e-01 8.679541907446055582e-01 8.598685730199395749e-01 8.601599250242276673e-01 8.679863108550607276e-01 8.624986121210546086e-01 8.657629540960694037e-01 8.648134502599545970e-01 8.646200502724467052e-01 8.671893410519878609e-01 8.678239593462562240e-01 8.645483912519742464e-01 8.679288490159547953e-01 8.680119898404751178e-01 8.683479030387851738e-01 8.684478303341591765e-01 8.662757135452975321e-01 8.693139354585636136e-01 8.696372820156083039e-01 8.675379154505452606e-01 8.649559879149165686e-01 8.694629226410759415e-01
