1.000000000000000000e+00 3.306337884033815899e-01 3.734319474323646859e-01 1.518865854372024315e-01 8.420420824546358263e-02 3.368116087706323619e-02 8.029002016931083285e-02 1.499420450096265733e-01 3.940750162866082373e-01 1.801566478460576992e-01 1.745433449880100796e-01 9.450087500656682848e-02 8.580215530874037155e-02 -1.296607578358257608e-02 5.620125554441086219e-02 9.716901691651991246e-02 3.047807499403426545e-01 4.740410945159447831e-01 3.999308354611254002e-01 4.008379417221218377e-01 4.727466658867450211e-01 4.212073357171495225e-01 3.307350271408571185e-01 3.737539954790206065e-01 3.899495732342575516e-01 4.049689784754875732e-01 3.548807799380938044e-01 3.012220494324160946e-01 3.594246227695399032e-01 3.871772624777627403e-01 3.538585031949966209e-01 2.010041975975261908e-01 2.588028206414689225e-01 2.346628334001148453e-01 2.725117720257501652e-01 2.240698427484421051e-01 2.560919049727038987e-01 1.933775957132636281e-01 2.444112459912032298e-01 1.835613825699531354e-01 1.352950950297217292e-01 1.093081503498088275e-01 9.726040702839414132e-02 1.714288274238574827e-01 1.602012346457357128e-01 2.228977920809103452e-01 2.260439322151358565e-02 7.911173327765508301e-02 5.815170252163905790e-02 1.393891772237219329e-01 1.454834706718825532e-01 1.502873974697730985e-01 5.729701788126814049e-02 1.231714342771145360e-01 1.470155452099385085e-01 1.772818609018539104e-01 1.530660079008823449e-01 1.042344378728835286e-01 1.105915989714980896e-01 9.408288294828079379e-02 7.028214885504956155e-02 1.209412301736087492e-01 1.280857205079716787e-01 1.459561896616801413e-01 1.694930672279209294e-01 1.434246144369754616e-01 9.268457247062228399e-02 1.714510344132790520e-01 1.154238300734299338e-01 1.973082724796994536e-01 1.858845731553092628e-01 1.676405708639682468e-01 1.672815407206775518e-01 1.746099098998612209e-01 1.765645942550721770e-01 1.766740621386612142e-01 1.454705506196619924e-01 1.876996740473605152e-01 1.793287287569680366e-01 1.957840088695410596e-01 1.669851568581346424e-01 1.590879262948812212e-01 1.355292442209724557e-01 1.433888111464128590e-01 8.510359759251254208e-02 1.196360492885746446e-01 1.143265175748047618e-01 8.405700971772178676e-02 1.294668973406087331e-01 1.307324726917587498e-01 1.076311507515438914e-01 6.596687278524815401e-02 1.054325482271486480e-01 1.106412292968714378e-01 1.919907398400621037e-02 3.774604286657294583e-02 4.429012664419267747e-02 7.342531280784896086e-02 5.409226521508764263e-02 6.984629624173420426e-02 5.079104985682049433e-02 9.442694091210472596e-02 4.675508422920441470e-02 6.140957747611136552e-02 9.377925948593607286e-02 9.625346764826665791e-02 5.629173469793181256e-02 8.398593493364962803e-02 9.070870806575755119e-02 6.635412440050189598e-02 7.263922495357275078e-02 5.318131303772798135e-02 7.242175184160097590e-02 8.530996844465565943e-02 1.016490318511196339e-01 7.993250452914454907e-02
3.306337884033815899e-01 1.000000000000000000e+00 1.687073696445396398e-01 2.303595095222364664e-02 5.060693803683192354e-02 9.894311391007279410e-02 1.045827500894229295e-01 1.229349099191262562e-01 2.877487260953673354e-01 2.389424931907728755e-01 1.553466939940774394e-01 8.977797966275861963e-02 1.086575180420361747e-01 8.261605805407992720e-02 1.302215549378812343e-01 1.327536905712508042e-01 2.605927017877193164e-01 3.044810755082197895e-01 2.398254255971351556e-01 2.763557550879681135e-01 2.673523922475703474e-01 2.482477790564880382e-01 2.505589304509328596e-01 2.494747934605140993e-01 2.477575229993392858e-01 2.596038781110826532e-01 2.361043696754996923e-01 2.348087729227796017e-01 2.499067307066287491e-01 2.613180680206705353e-01 2.650943554152048187e-01 2.422805842935920051e-01 2.304796781160806107e-01 2.175561514335591917e-01 2.204358869715437319e-01 2.075792376362363412e-01 2.278356812459083336e-01 2.186748495955632698e-01 2.283457738905909362e-01 2.048633719003796760e-01 1.944255631283933472e-01 1.733127397831351613e-01 1.285355342403811385e-01 1.891046433772420876e-01 1.850899900327027670e-01 2.304898965286386048e-01 1.465826206169291990e-01 1.813597862078195622e-01 1.546937467854053727e-01 1.596761408841310959e-01 1.792666734695932684e-01 1.488481541335748282e-01 1.102060191298059322e-01 1.945638891862870035e-01 1.940116824860521061e-01 2.258220277928269792e-01 1.789614552968109562e-01 1.749415496447717655e-01 1.819546669716356757e-01 1.650895611602442581e-01 1.449591644682030889e-01 1.906041228892555728e-01 1.861939101852350120e-01 1.915718297110399759e-01 2.018721971217454780e-01 1.857595901488914014e-01 1.880073524479582425e-01 2.123358488581021941e-01 1.968820022176280271e-01 2.160647340980484388e-01 1.916335022568760593e-01 1.963464015269161811e-01 2.000722006035250966e-01 1.925800024665543786e-01 2.040487352665453780e-01 1.990358147587351911e-01 1.835796646817798583e-01 1.984271080284412125e-01 2.082858717803179882e-01 2.139379045712931637e-01 1.969749650402786434e-01 2.032853678992238844e-01 1.958561088965523611e-01 1.953768307841973473e-01 1.615806906393341402e-01 1.832145325758079979e-01 1.825569870093036451e-01 1.779192534318480567e-01 1.908444136948258540e-01 2.076622442469754637e-01 1.804956638969382465e-01 1.623297899670803068e-01 1.694914108927478846e-01 1.834679433928082526e-01 1.382289484568322846e-01 1.597898085652408040e-01 1.234612363535244617e-01 1.431163928404793062e-01 1.475404241371666425e-01 1.624040480672483133e-01 1.334191058921651296e-01 1.697526443971300036e-01 1.333187620328536716e-01 1.501663878459226775e-01 1.651921495000482631e-01 1.662837956091672842e-01 1.518482144541224710e-01 1.835084496449971014e-01 1.809265389104938448e-01 1.611552526204309832e-01 1.756538532577095468e-01 1.526273514219158856e-01 1.672130803962752488e-01 1.667201517257618781e-01 1.800906895545032749e-01 1.655441947550934656e-01
3.734319474323646859e-01 1.687073696445396398e-01 1.000000000000000000e+00 4.895784281574114272e-01 2.890379161884275572e-01 2.119430329624343856e-01 3.548705384249390971e-01 4.148173830799778417e-01 4.687673853318551354e-01 3.172632774525342425e-01 4.456779501730050441e-01 4.394742617973081966e-01 3.618274541174484327e-01 2.700011947921036604e-01 3.675401462523860685e-01 3.860176044443322518e-01 4.564558985562435778e-01 4.847471304196938058e-01 5.294924632270170406e-01 4.168324365033543311e-01 5.232787761830719475e-01 5.462284030960925518e-01 4.838613697945015057e-01 4.919337068438479621e-01 5.177579212739008563e-01 5.540189476169061766e-01 5.291689089349992381e-01 4.795957377963894763e-01 4.946022641695728694e-01 4.973322324063296773e-01 5.140166172183485704e-01 4.056301049540788073e-01 4.115529663420885442e-01 4.374664973130691914e-01 4.191630129615908640e-01 4.678478865614958959e-01 4.530186906528360646e-01 4.047098140580143166e-01 4.615530553780502476e-01 4.399255101017549574e-01 3.945429250628904594e-01 3.996477235787766480e-01 4.249341244077836643e-01 4.474029023795293991e-01 4.431617761530781130e-01 4.409589248441330156e-01 3.126437231493137126e-01 3.310162700688886184e-01 3.399090504491020237e-01 4.219636758593454662e-01 4.034380033814117250e-01 4.353426298670071692e-01 3.769325017212158957e-01 3.368353555059444560e-01 3.656893554209705299e-01 3.982090199583099288e-01 3.896722562540604340e-01 3.727951099921639755e-01 3.479350519938433917e-01 3.609415236787029135e-01 3.713378229965828004e-01 3.546627118547245883e-01 3.636161295820147799e-01 3.974095585978315026e-01 3.948808556328103903e-01 3.869944965482521315e-01 3.496401225738830498e-01 4.029635267011525968e-01 3.653717530975298944e-01 4.035250283683762818e-01 4.372134262249299796e-01 4.170448927587029342e-01 4.077741665994794040e-01 4.209675729702943014e-01 4.205195471641863247e-01 4.281782381813364347e-01 4.084062047674915652e-01 4.250569668273390667e-01 4.219783618057454944e-01 4.154423703482847952e-01 4.068891392366027482e-01 4.075626253706832181e-01 3.975290356920008761e-01 3.695966826821732165e-01 3.702428384244620396e-01 3.763461188048530803e-01 3.846537190332363076e-01 3.546671697101166365e-01 3.887489875443339571e-01 3.729025434138409367e-01 3.861423677454785541e-01 3.583598060096723770e-01 3.923818894711754157e-01 3.836853300598490057e-01 3.146932467943961975e-01 3.139431774040509215e-01 3.680647792331682155e-01 3.610319102889437692e-01 3.506057427549592598e-01 3.582181824551379234e-01 3.735538303084575129e-01 3.684121061255019591e-01 3.532183602423365487e-01 3.609864274226375902e-01 3.805745496780306714e-01 3.605687052836434869e-01 3.353182527605790830e-01 3.365334145126564480e-01 3.451464430923014137e-01 3.500875731768131605e-01 3.483565441435964027e-01 3.361120940044337591e-01 3.401556016877118616e-01 3.630844890492433419e-01 3.641602802410047190e-01 3.526899904271028063e-01
1.518865854372024315e-01 2.303595095222364664e-02 4.895784281574114272e-01 1.000000000000000000e+00 3.908485957543543221e-01 3.288961710571344788e-01 5.633808407513682948e-01 6.001412372479476565e-01 4.415623774325773132e-01 3.671027323181387247e-01 5.691666372944694796e-01 7.143632173945639874e-01 5.030502226292244972e-01 4.318056723215633608e-01 5.327793480653670866e-01 5.499975197095228197e-01 4.511076365804955191e-01 3.720248865116626003e-01 4.688383823781476778e-01 3.628833544505832842e-01 4.662306787129536501e-01 5.046269054559957556e-01 4.761971814115035229e-01 4.386194990199581145e-01 4.663049362260343611e-01 5.450541521885385876e-01 5.559311677922699202e-01 5.149140198698509696e-01 4.803547398010489800e-01 4.729244673838237656e-01 5.350422006686047505e-01 4.614212422977695960e-01 4.021647697587569792e-01 4.849695337585783750e-01 4.088301161728692956e-01 5.410193956287299155e-01 5.010685267219587846e-01 4.488987029121670469e-01 5.190549762351613916e-01 5.306665983136504838e-01 4.886200034957017824e-01 5.080332646718190848e-01 5.793091389492781573e-01 5.621818930478322818e-01 5.387610179926879406e-01 4.978885537943315009e-01 4.364593267619172878e-01 4.251842594237080220e-01 4.618398373405833701e-01 5.243333418544116054e-01 4.970186070697888980e-01 5.450905329937214550e-01 5.387246774409245598e-01 4.092232471395713667e-01 4.412390501711906943e-01 4.644995849124580189e-01 4.775175453746902665e-01 4.742336443263500123e-01 4.205889816135635617e-01 4.669550958751038650e-01 5.029024945401064928e-01 4.256649950249922210e-01 4.314312678976305881e-01 4.778268159060747866e-01 4.563798451514982646e-01 4.786722642311070919e-01 4.390777023686158742e-01 4.505505098581139012e-01 4.406406445698308194e-01 4.580527564017024544e-01 5.107804385705729810e-01 4.826882260652451406e-01 4.719675671748800871e-01 4.753664605040052726e-01 4.800578730820480033e-01 5.039009059107445454e-01 4.938850687052599442e-01 4.852076168345448859e-01 4.917590624183957870e-01 4.736306732446839418e-01 4.852381121200006753e-01 4.935850590893927081e-01 4.912731576322478810e-01 4.205027030179526726e-01 4.840508033063831150e-01 4.647752081023469595e-01 4.838418225946283791e-01 4.509250060220268419e-01 4.765974151518160840e-01 4.467873490012583271e-01 4.824960674329134003e-01 4.782911577449030505e-01 5.090559277530559701e-01 4.862236681391985393e-01 4.450295359619160784e-01 4.256950558823747732e-01 5.180321639022307245e-01 4.838028892695018235e-01 4.814057695933198766e-01 4.728630709640302965e-01 5.194994654778535281e-01 4.688485837766919184e-01 4.929688406192129224e-01 4.897399263438180217e-01 4.920549600772471388e-01 4.594678406909545876e-01 4.588532226415765192e-01 4.300786675716958829e-01 4.339045489094843222e-01 4.622378631851984943e-01 4.451054169017692463e-01 4.548038734571175912e-01 4.393101759942490969e-01 4.704539373449299067e-01 4.601649882651329682e-01 4.632146601972282340e-01
8.420420824546358263e-02 5.060693803683192354e-02 2.890379161884275572e-01 3.908485957543543221e-01 1.000000000000000000e+00 3.325430788714610619e-01 4.822377063162741062e-01 4.923898672818333710e-01 4.141411978552393403e-01 3.677173269201434724e-01 4.535738593988569156e-01 5.013821576999363261e-01 4.804668193149808086e-01 4.244835747401005666e-01 5.047911234810941172e-01 5.061169962915569309e-01 4.098693357409378679e-01 3.281128261032855153e-01 4.196250969278059739e-01 3.038454057801413533e-01 3.634884745983481547e-01 4.355880497972912102e-01 3.883579913233963232e-01 4.020040811366742406e-01 4.351718441767630785e-01 4.587577261506764481e-01 4.594168648662343424e-01 4.698013169060104577e-01 4.281489871652332524e-01 4.361636514615047089e-01 4.706118479985313408e-01 4.368490633348565688e-01 4.281838544472615360e-01 4.617442677987108057e-01 4.219852189069431825e-01 4.871658407072935182e-01 4.678524168633627633e-01 4.473023145571580761e-01 4.913011478755945349e-01 4.885262427361352633e-01 4.885675446491835605e-01 4.995036529943909787e-01 5.168462548454751948e-01 5.202309894457380901e-01 5.064140108246064642e-01 4.888020457732876745e-01 4.735227708062327845e-01 4.691436974492140255e-01 4.720259378412448581e-01 4.782391780887455535e-01 4.716975980697763471e-01 4.956358282404252358e-01 4.928879525799303996e-01 4.477575191809202160e-01 4.595626863837822818e-01 4.639106479020702056e-01 4.613930751765538130e-01 4.854634408330145701e-01 4.476597640470799666e-01 4.869174207852443592e-01 4.921733981481858367e-01 4.605804603035752454e-01 4.534666609422359773e-01 4.745391755593840744e-01 4.811411661115772564e-01 4.822238171362399628e-01 4.746181575520367901e-01 4.717761837566858407e-01 4.596421069044120955e-01 4.598420813349526348e-01 4.932884663196985264e-01 4.974088846560085764e-01 4.733032271310833039e-01 4.882751305772111694e-01 4.921071684390199152e-01 4.935103702451189567e-01 4.982425666773390716e-01 4.858706411756489874e-01 4.987253341198904510e-01 4.816386689324848036e-01 4.869154170870410581e-01 4.929556861150672376e-01 4.814536640054478678e-01 4.646690138025187933e-01 4.898638702680723767e-01 4.823324529408714589e-01 4.919133382089850848e-01 4.781021416211068686e-01 4.934949342271139905e-01 4.756014258172507336e-01 4.992729864745107382e-01 4.995544545812904969e-01 5.031668691649967551e-01 5.020600106826529352e-01 4.752367852099154133e-01 4.719530291202423400e-01 4.887803884151299960e-01 4.702850782619312220e-01 4.833387382936691901e-01 4.815988213858182765e-01 5.071193961875171130e-01 4.763377194566754680e-01 4.917487202416511161e-01 4.961525172928483718e-01 4.885547194363424883e-01 4.679617526982760012e-01 4.721612677691426896e-01 4.743208031060868191e-01 4.727621777004699100e-01 4.879644192590675278e-01 4.785777395507169740e-01 4.832719531489773068e-01 4.730737792162467148e-01 4.796324612349020522e-01 4.799406403139149235e-01 4.825213963240874149e-01
3.368116087706323619e-02 9.894311391007279410e-02 2.119430329624343856e-01 3.288961710571344788e-01 3.325430788714610619e-01 1.000000000000000000e+00 5.066104322568724116e-01 4.433807806477030322e-01 4.825847481451640553e-01 4.535736866278647361e-01 5.295778987638993796e-01 5.550718734054358450e-01 5.155273408036787908e-01 5.377252873454583249e-01 5.851203986724766715e-01 5.564468092276910749e-01 4.782323560191548695e-01 3.572126892374086204e-01 4.350158822082813015e-01 3.678909882266642728e-01 3.963949686361857849e-01 4.573087258394712418e-01 4.262345420916253125e-01 4.294297630752743067e-01 4.601606583150441576e-01 5.014176491818860271e-01 5.155197370584601035e-01 5.453291957077465169e-01 5.103757100150509984e-01 4.946311164625769585e-01 5.418604558321182818e-01 5.381092648497821651e-01 5.002047431005497424e-01 5.312239168122235844e-01 5.039886956472224844e-01 5.463266131445693174e-01 5.530168817481460053e-01 5.415162612319667224e-01 5.590088375234388840e-01 5.614468982571250155e-01 5.958088666053241722e-01 5.965463789115167392e-01 5.719803282611936046e-01 5.881624247468878464e-01 5.840048173165240941e-01 5.806711397951861420e-01 6.018049031533658777e-01 5.913602087199307800e-01 5.859816822287514659e-01 5.500486517059250957e-01 5.663559432024252160e-01 5.586211349356362543e-01 5.798720976414929451e-01 5.733046700344489599e-01 5.682521708641059544e-01 5.689133094022461590e-01 5.646073102663183851e-01 5.927911016297601199e-01 5.723331993562460474e-01 5.925083641547687074e-01 5.872454949975116634e-01 5.761986037483257661e-01 5.663751072348843785e-01 5.667751408051521222e-01 5.842868206722450219e-01 5.813743721611912552e-01 5.961920255105394029e-01 5.795364325359674273e-01 5.719168293315116669e-01 5.684792685003581258e-01 5.875739508222911356e-01 5.916290143550023695e-01 5.684210965587068731e-01 5.790248125851700234e-01 5.900881444583701008e-01 5.906980255677277691e-01 5.980072758608078187e-01 5.922403046165313212e-01 6.014513594111989825e-01 5.869785329836240129e-01 5.844434652187008306e-01 6.014668613846441136e-01 5.823577067640152150e-01 5.779446040748853486e-01 5.843527631956957347e-01 5.852782607108982793e-01 6.003638689507718729e-01 5.855539705647424542e-01 5.956290781768828202e-01 5.829351193689751298e-01 5.948592113495376754e-01 6.050018114183973728e-01 6.062940231039508632e-01 6.067188495717815711e-01 5.985382891469722688e-01 5.983502756687707480e-01 5.876386178903731938e-01 5.793476097637472177e-01 5.970391612240073531e-01 5.887041425180743470e-01 5.980653091643147734e-01 5.870975551563444306e-01 6.008052742697969073e-01 6.036091047503924223e-01 5.952935357729761678e-01 5.825386485084085297e-01 5.912811046048110919e-01 5.920761413559825215e-01 5.930539812804175304e-01 5.990297965644620914e-01 5.971831171605258559e-01 6.012391214887697899e-01 5.937680876668498531e-01 5.923062140703111433e-01 5.962100375746711700e-01 5.954235104121387012e-01
8.029002016931083285e-02 1.045827500894229295e-01 3.548705384249390971e-01 5.633808407513682948e-01 4.822377063162741062e-01 5.066104322568724116e-01 1.000000000000000000e+00 7.377093345623717546e-01 6.356895752742202088e-01 5.727665966902367733e-01 7.100005202435203389e-01 7.812149826395947683e-01 7.224866325827826730e-01 6.805392218495535106e-01 8.243266222345868588e-01 7.976256770420645514e-01 6.188959928401495114e-01 5.095808595062609747e-01 5.928406223363829053e-01 4.800521176386111089e-01 5.469863521212047219e-01 5.971040538098179029e-01 6.184999601842761097e-01 6.044483202510098074e-01 6.022764785707525048e-01 6.868490195032391776e-01 7.007868791266796960e-01 7.185242672552656362e-01 6.438412515474871700e-01 6.537445897735988387e-01 7.026314312192591949e-01 7.094490849513187536e-01 6.326504297049155845e-01 7.138294662745791053e-01 6.415172286167004634e-01 7.216729705161084585e-01 7.123481366059575270e-01 7.111221664878145665e-01 7.345776932357401812e-01 7.583580168164094637e-01 7.611021679184211131e-01 7.661904623813569071e-01 7.692343920142389324e-01 7.742837325882544475e-01 7.609748753103658947e-01 7.410659421368999134e-01 7.437583415459976255e-01 7.340397868127420677e-01 7.529334838305629107e-01 7.438835609672286298e-01 7.545889177228506384e-01 7.357423409999460651e-01 7.647717958169917285e-01 7.156553152925581029e-01 7.282339793401469974e-01 7.398445750057618397e-01 7.250393304665390115e-01 7.491712711812867909e-01 7.216646744386651102e-01 7.461090295500335534e-01 7.501356579187794527e-01 7.164653480678014885e-01 7.104241723014749210e-01 7.256076839096197162e-01 7.242498609491304640e-01 7.392501460025514559e-01 7.437757162112025311e-01 7.329747570033833259e-01 7.328884992385799046e-01 7.211635064032827502e-01 7.435139354694991765e-01 7.453662072185019971e-01 7.406817847153700507e-01 7.399073846247293806e-01 7.543832763791872287e-01 7.632388916453809458e-01 7.598770894428070743e-01 7.405865459910377924e-01 7.551894797516118807e-01 7.372490088856927803e-01 7.542936804191577860e-01 7.539217662574291268e-01 7.583705354831492551e-01 7.202678325924546376e-01 7.568524476390661171e-01 7.525121025132351926e-01 7.555618616549737432e-01 7.496567876732552760e-01 7.557591049764323943e-01 7.481228837444396929e-01 7.652069996742755231e-01 7.654459327058985574e-01 7.698543719858438328e-01 7.633604383167722496e-01 7.467310669924478450e-01 7.405449654703765150e-01 7.633421991755721114e-01 7.416948764245219206e-01 7.557878315805197644e-01 7.608675132970998956e-01 7.720455923483156013e-01 7.459291180053785331e-01 7.635664106076035518e-01 7.619222221110167892e-01 7.543321779819693873e-01 7.330357215895989542e-01 7.503243293482940723e-01 7.416966510305327276e-01 7.409993499417412144e-01 7.544748001840803076e-01 7.490542498319114895e-01 7.493478360769156854e-01 7.358022132590641418e-01 7.452777632388487561e-01 7.430027538235913775e-01 7.462544297171871399e-01
1.499420450096265733e-01 1.229349099191262562e-01 4.148173830799778417e-01 6.001412372479476565e-01 4.923898672818333710e-01 4.433807806477030322e-01 7.377093345623717546e-01 1.000000000000000000e+00 6.399919094602726233e-01 5.748135818729440683e-01 7.048062209925216592e-01 7.824617724402089802e-01 6.951337579576041259e-01 6.365094488895274294e-01 7.731392888492483184e-01 8.072864725543558162e-01 6.259621799326542391e-01 5.409418039760214292e-01 6.062656673839025290e-01 5.119580552907948556e-01 5.787182592918287405e-01 6.171644093500200379e-01 6.376885117097559341e-01 6.209069745295123788e-01 6.131766469026390665e-01 7.049315682770477265e-01 6.959792852237287608e-01 6.933821478404670335e-01 6.352060304432594062e-01 6.571165895554429426e-01 6.924698471627643848e-01 6.834245562256293649e-01 6.024179302387449031e-01 6.997438121097339092e-01 6.291190057632647381e-01 7.090532540097226333e-01 7.011198334218665673e-01 7.013532917798632749e-01 7.236820950104435601e-01 7.345648023327373544e-01 7.237068390070484636e-01 7.267019775618519528e-01 7.568471553518195671e-01 7.542760266905493838e-01 7.326619215163339138e-01 7.306300756914749783e-01 6.999634508752978768e-01 6.998534326257094262e-01 7.181349965336464303e-01 7.287492924322960253e-01 7.431626144731537931e-01 7.298270225986233095e-01 7.379981205477416095e-01 6.862194542818652598e-01 7.118865415938212537e-01 7.233510578645471201e-01 7.127431861973607674e-01 7.303373137210398269e-01 7.039127115052838946e-01 7.220796942507663463e-01 7.318712087860274051e-01 7.004380580657607602e-01 7.005397056961355506e-01 7.173004684530029929e-01 7.060797428617644478e-01 7.232453596496714043e-01 7.073310186300222346e-01 7.097661523026389530e-01 7.025791112916842662e-01 7.079967243337779159e-01 7.285077601543065162e-01 7.223590039906215843e-01 7.190096818877762530e-01 7.175178468686146394e-01 7.340637983553885970e-01 7.343541198979055551e-01 7.239634763810458562e-01 7.115736990472989465e-01 7.272251619433441894e-01 7.143684828925049857e-01 7.310624018305756922e-01 7.239647516127388771e-01 7.334916445446278965e-01 6.897580628717844275e-01 7.255019627296227513e-01 7.227225904593562733e-01 7.247063083549475371e-01 7.199852806691697804e-01 7.298485095767334174e-01 7.215526690391593778e-01 7.319979354519782211e-01 7.270948490199624636e-01 7.368080662916324242e-01 7.324414189963847077e-01 7.068770501005974261e-01 6.981561563629111733e-01 7.309884025763413451e-01 7.183117495643898121e-01 7.264991683228870789e-01 7.271248449566114491e-01 7.402096734718978110e-01 7.264697356149903973e-01 7.306129784442410013e-01 7.290312546972983476e-01 7.280470646099765908e-01 7.033356797151845141e-01 7.173540728987725101e-01 7.079530999738188335e-01 7.098793956522331250e-01 7.222291608570364785e-01 7.221144939923913597e-01 7.136971442520471109e-01 7.062714258548762336e-01 7.183601924102048786e-01 7.150486219960778822e-01 7.155036483998806762e-01
3.940750162866082373e-01 2.877487260953673354e-01 4.687673853318551354e-01 4.415623774325773132e-01 4.141411978552393403e-01 4.825847481451640553e-01 6.356895752742202088e-01 6.399919094602726233e-01 1.000000000000000000e+00 7.074716600058874594e-01 7.695791858586491507e-01 7.209007633216875099e-01 7.240736928983637632e-01 6.723922289065751290e-01 7.708468537800071685e-01 7.755526336178281133e-01 8.053220098974976926e-01 7.521169221341865718e-01 7.688596940101548594e-01 7.143850795433284162e-01 7.664808893567511827e-01 7.844358070541936900e-01 7.732425880291837750e-01 7.903259067985725084e-01 7.680721652335062988e-01 8.483523667604887519e-01 8.373290295280069184e-01 8.523597719065709732e-01 8.129503469367974633e-01 8.517164874149318887e-01 8.563091639925826115e-01 8.368474060414279325e-01 7.941254381769259352e-01 8.353824253910099307e-01 8.246328902331726551e-01 8.193306062401198853e-01 8.522029116614333599e-01 8.187457449072647053e-01 8.517492167251521362e-01 8.186174788225792920e-01 8.343044619698086750e-01 8.055761602069307914e-01 7.838825612645154983e-01 8.358203639065505675e-01 8.307104679154653226e-01 8.522564880957779199e-01 7.888099137407258432e-01 8.221120173017997246e-01 8.081046208698274835e-01 7.996473167535189663e-01 8.230002963456828358e-01 8.006329719344322804e-01 7.784531910805260191e-01 8.348595438084159825e-01 8.349813885405522607e-01 8.417475304475150466e-01 8.391431567023662774e-01 8.186286836750609197e-01 8.188750119029513108e-01 8.284091614268142001e-01 8.022471564840717440e-01 8.333247558995954263e-01 8.241109783132135602e-01 8.428333281659703413e-01 8.499363791130639667e-01 8.474659494267289261e-01 8.265802562296177269e-01 8.505005364394325751e-01 8.292617420745582724e-01 8.536086368941218083e-01 8.475568904885673049e-01 8.460954920753573916e-01 8.421570011455034033e-01 8.394099508191171788e-01 8.528306432206240739e-01 8.533953836192520459e-01 8.401543932255350899e-01 8.437588452230609937e-01 8.530042934762069873e-01 8.590619552999424480e-01 8.508601548936534087e-01 8.491516386862731913e-01 8.413642751058265645e-01 8.367219452752606701e-01 8.090625554718090529e-01 8.340526931946761202e-01 8.316916105891365429e-01 8.100355560171859093e-01 8.376013786264921990e-01 8.381968898906643206e-01 8.237489166751605918e-01 8.097334157854089165e-01 8.293204598400080174e-01 8.306414734289956359e-01 7.899813572049001476e-01 8.013048692068117651e-01 7.828555289470406908e-01 8.045440656596665185e-01 8.028182763904084807e-01 8.069627086724345810e-01 7.955116360158599464e-01 8.238493927475546430e-01 7.983179996305668213e-01 8.060605389892709916e-01 8.220353777279583163e-01 8.224621153205099455e-01 8.103531751432287988e-01 8.221673390345892729e-01 8.214975824863827158e-01 8.126748063116485676e-01 8.121131994784346331e-01 8.088858352178713851e-01 8.155281267476276463e-01 8.234260583399638511e-01 8.299203576381462000e-01 8.230852266229505831e-01
1.801566478460576992e-01 2.389424931907728755e-01 3.172632774525342425e-01 3.671027323181387247e-01 3.677173269201434724e-01 4.535736866278647361e-01 5.727665966902367733e-01 5.748135818729440683e-01 7.074716600058874594e-01 1.000000000000000000e+00 6.716978767027111941e-01 6.651398505688427276e-01 6.688965900224753680e-01 6.542169782140889733e-01 7.383990294537108312e-01 7.092837416312330889e-01 6.721959944804580811e-01 5.789943736533532670e-01 5.924040594648944946e-01 5.746336564309647565e-01 5.923353080359642364e-01 5.969505945487987297e-01 6.236073791811924671e-01 6.458926771048897342e-01 6.072807055140044818e-01 6.797013945546154234e-01 6.814033836578777814e-01 7.206384721529334181e-01 6.699200504293494340e-01 7.003097382386227476e-01 7.172820248253436448e-01 7.448108697154708358e-01 6.957484732483063539e-01 7.375704918975116708e-01 7.125926562688301713e-01 7.155895480212325355e-01 7.468506776992278606e-01 7.426490310147377816e-01 7.543493012617752402e-01 7.319765973287417626e-01 7.583858333158827181e-01 7.479101150431960443e-01 7.204188094741449389e-01 7.445544449208463256e-01 7.486862617795730923e-01 7.569371885456117610e-01 7.594878269459686138e-01 7.734248009642195054e-01 7.505292569009354153e-01 7.093049290502528859e-01 7.479446154526504520e-01 7.019796723004617656e-01 7.152410564030131646e-01 7.675052988799578868e-01 7.577795233345903103e-01 7.488673944794168591e-01 7.427167122582722936e-01 7.658353062772769171e-01 7.627193319667118221e-01 7.635347862255804641e-01 7.509999264117375173e-01 7.733718468660285561e-01 7.524599222839862822e-01 7.559381095748206603e-01 7.678058199860416932e-01 7.629785170789638027e-01 7.728372589979082274e-01 7.677178154807110522e-01 7.601630737401444682e-01 7.672595276440326018e-01 7.540433012540964652e-01 7.608155800491251952e-01 7.589773221546354254e-01 7.509816923055894211e-01 7.696344817865035104e-01 7.649123420911123628e-01 7.642010387288163953e-01 7.503783253625803118e-01 7.681176192120890978e-01 7.722437384388226578e-01 7.725465644135741661e-01 7.747881788010179127e-01 7.622396160584918867e-01 7.645400200692071824e-01 7.516832312582251152e-01 7.720430560251743124e-01 7.694149511449318579e-01 7.617159808946349919e-01 7.736573912079502957e-01 7.641712893525539618e-01 7.620499647392751097e-01 7.621362159428860528e-01 7.652051149202647728e-01 7.691944245061185237e-01 7.575161611767209369e-01 7.630589417803568253e-01 7.257276263239814673e-01 7.358393433441848819e-01 7.553800175318731158e-01 7.579076077207724804e-01 7.448311778797466198e-01 7.594663049223284723e-01 7.512490839972429946e-01 7.577237922688160321e-01 7.581245298323595616e-01 7.527289037626382351e-01 7.586207595762979317e-01 7.681449378574153330e-01 7.668096926804618407e-01 7.635231963420930912e-01 7.632607632054591029e-01 7.623895218453615730e-01 7.664745666750031328e-01 7.635188057600870160e-01 7.694258106019727927e-01 7.648038086272526126e-01
1.745433449880100796e-01 1.553466939940774394e-01 4.456779501730050441e-01 5.691666372944694796e-01 4.535738593988569156e-01 5.295778987638993796e-01 7.100005202435203389e-01 7.048062209925216592e-01 7.695791858586491507e-01 6.716978767027111941e-01 1.000000000000000000e+00 8.296790998824369323e-01 7.584638141548394330e-01 7.436453546375004775e-01 8.326011391020760044e-01 8.356762432529744045e-01 7.518106038095446753e-01 6.432740577153903683e-01 7.283392054726448572e-01 5.937340824195277422e-01 6.829160419272921612e-01 7.529260368807586534e-01 7.399907784656035714e-01 7.332965060576450700e-01 7.348104779167162759e-01 8.158759750538180366e-01 8.221900799158531337e-01 8.341760170465496449e-01 7.658550883476000770e-01 7.937701746187969531e-01 8.261725559089148074e-01 8.173640948958932340e-01 7.588258774392894201e-01 8.209589477405310198e-01 7.740518361601972375e-01 8.352341205370699129e-01 8.322902350793386361e-01 8.124241763921569159e-01 8.508289023652884087e-01 8.482683628969912570e-01 8.608343769991327887e-01 8.536270074807907893e-01 8.547985295594098254e-01 8.720216728068728163e-01 8.695084685470336749e-01 8.552361880623422508e-01 8.365499565524139314e-01 8.405754725736399591e-01 8.448021701674450767e-01 8.364393182606597588e-01 8.483501191000345498e-01 8.431919813682511311e-01 8.449220445558723869e-01 8.288432040329785089e-01 8.354752284743200974e-01 8.448885710872696686e-01 8.402288610503482191e-01 8.509119335121448913e-01 8.305526450772657832e-01 8.565740838026106863e-01 8.483028442722029272e-01 8.364234983317317962e-01 8.260392761829773445e-01 8.506530060849654129e-01 8.551067488571040265e-01 8.581361721791761488e-01 8.468639716917097937e-01 8.530104940308037564e-01 8.403337408954838494e-01 8.392720165537141952e-01 8.710976074178666817e-01 8.652347526129950950e-01 8.509810033694591436e-01 8.571321897318667782e-01 8.673895686347100620e-01 8.752622173153371543e-01 8.676942840204289187e-01 8.517673725356917913e-01 8.666397625195864096e-01 8.574757087195403749e-01 8.619318372965378838e-01 8.689129886463262675e-01 8.612789640278654124e-01 8.388323290699055690e-01 8.518363425975273850e-01 8.572552678197601361e-01 8.625643426224136601e-01 8.472414479802214959e-01 8.617276464853659279e-01 8.515379246087328990e-01 8.613115129040115336e-01 8.587647177938734222e-01 8.733156765662253296e-01 8.653457649123161843e-01 8.413550909794322852e-01 8.381520127993992153e-01 8.503666158276915743e-01 8.433997122598362317e-01 8.496292740532451759e-01 8.532025945806185341e-01 8.628057323619127139e-01 8.516022410144905574e-01 8.575777686148581269e-01 8.578407767401811101e-01 8.631644915851164335e-01 8.427070759262824673e-01 8.460393448164627017e-01 8.466061786653135135e-01 8.446907215663004287e-01 8.534195271529770865e-01 8.492170268534272592e-01 8.506090385221787287e-01 8.431393671670409651e-01 8.561321591722448332e-01 8.581820026253307310e-01 8.537581521274071328e-01
9.450087500656682848e-02 8.977797966275861963e-02 4.394742617973081966e-01 7.143632173945639874e-01 5.013821576999363261e-01 5.550718734054358450e-01 7.812149826395947683e-01 7.824617724402089802e-01 7.209007633216875099e-01 6.651398505688427276e-01 8.296790998824369323e-01 1.000000000000000000e+00 8.062809914134169142e-01 7.689053694455603161e-01 8.749144533689556802e-01 8.787346742104948927e-01 7.031446033470586388e-01 5.668366931312802670e-01 6.597305268993405303e-01 5.746469359355854678e-01 6.345089255694447150e-01 6.838609009261497063e-01 7.115290484582964536e-01 6.810261555093061192e-01 6.683015522561468469e-01 7.750840584703778680e-01 7.876994410454567497e-01 7.950053293869808746e-01 7.187397410991391844e-01 7.354803859320090398e-01 7.876031055104846246e-01 8.055257285315339244e-01 7.064795954412225187e-01 8.088896840271795341e-01 7.279953436479953410e-01 8.237160960626073170e-01 8.170139166959473620e-01 8.018330420568844374e-01 8.356783342140227111e-01 8.453424616640866640e-01 8.547627622618058085e-01 8.560170783716751775e-01 8.905973501754943511e-01 8.839870600928976252e-01 8.612184026464522191e-01 8.359070825607597399e-01 8.425850599631492521e-01 8.347683191682618853e-01 8.572565381124906958e-01 8.568055524569313519e-01 8.557805145164643079e-01 8.615782167356726973e-01 8.846930927566573066e-01 8.150646056977500775e-01 8.304470233314242833e-01 8.333451494987281771e-01 8.462931423849928692e-01 8.561054943024709596e-01 8.224914131131616513e-01 8.576030691731377775e-01 8.758615965841697326e-01 8.271030571984414603e-01 8.228829833398706439e-01 8.474350886579452569e-01 8.303157145269948192e-01 8.572486269667143333e-01 8.381023757755136083e-01 8.241060929416544889e-01 8.309159505693035630e-01 8.274334413891810680e-01 8.534679607433290904e-01 8.415589125515086089e-01 8.350488760520288212e-01 8.312839184542586413e-01 8.500411503466773766e-01 8.575987751431363160e-01 8.536382607120813759e-01 8.338398653505437741e-01 8.474478147578490272e-01 8.338737700245633100e-01 8.478471150145728830e-01 8.549287080298861863e-01 8.614341301155499231e-01 8.070748145309705190e-01 8.590473374727752853e-01 8.507232438055328805e-01 8.562611587887212217e-01 8.441770463673453628e-01 8.553813422456897353e-01 8.386249799528824322e-01 8.544830388912383334e-01 8.632517614960800723e-01 8.747813592923405768e-01 8.618677277018049754e-01 8.539311129701719905e-01 8.407984340286759339e-01 8.816601202884710720e-01 8.613797932146246561e-01 8.703293998145436028e-01 8.608121065588917320e-01 8.858499329272634393e-01 8.587064713100023283e-01 8.763039684885911562e-01 8.724949332006251002e-01 8.672906124282215856e-01 8.482473873089522165e-01 8.593821820792437727e-01 8.380745380401373179e-01 8.383367466845929039e-01 8.569934846040844212e-01 8.451318130474063661e-01 8.561759229346685984e-01 8.446054418029813604e-01 8.595931508519369935e-01 8.484965009470778474e-01 8.581912556037968320e-01
8.580215530874037155e-02 1.086575180420361747e-01 3.618274541174484327e-01 5.030502226292244972e-01 4.804668193149808086e-01 5.155273408036787908e-01 7.224866325827826730e-01 6.951337579576041259e-01 7.240736928983637632e-01 6.688965900224753680e-01 7.584638141548394330e-01 8.062809914134169142e-01 1.000000000000000000e+00 7.498593770626970079e-01 8.428981896936037499e-01 8.363215786383231265e-01 6.919307301655371889e-01 5.680574182150857077e-01 6.400735156418400074e-01 5.556290384825033346e-01 6.080826916703347962e-01 6.597144316074775583e-01 6.892941098867150229e-01 6.720284554471405158e-01 6.564261802033346527e-01 7.421901981497340817e-01 7.494628769158130366e-01 7.759793725600555581e-01 7.085746447451407581e-01 7.193457092173636269e-01 7.522452477780564584e-01 7.882412811063994607e-01 7.125219695418687493e-01 7.863397472759908746e-01 7.309854365753386540e-01 7.858625373220869959e-01 7.982635776866835453e-01 7.813695655859393963e-01 8.065291641344010110e-01 8.089994712637345042e-01 8.413376797157513520e-01 8.353569781098291180e-01 8.365503224977911545e-01 8.412709769750121858e-01 8.368994701009937476e-01 8.134541829642366606e-01 8.439183389308606564e-01 8.413595253574656097e-01 8.433121835920377452e-01 8.136955032224504336e-01 8.306135764466303639e-01 8.284372616783028942e-01 8.448528504357435409e-01 8.251243642832426506e-01 8.267254740254947887e-01 8.243366975436300370e-01 8.264459314142056368e-01 8.471458339702756524e-01 8.215668449735006318e-01 8.527510176010576481e-01 8.541912073305367725e-01 8.310088844149757792e-01 8.125333724497411092e-01 8.321909470084134508e-01 8.348661980128667670e-01 8.469216682477656022e-01 8.409445161819486536e-01 8.290781823682131790e-01 8.358633247239749542e-01 8.259483686796043056e-01 8.369503256234362976e-01 8.386015333597445220e-01 8.285663384219482674e-01 8.294363865416517489e-01 8.467631074858942286e-01 8.454103034476780909e-01 8.403513996694058630e-01 8.224614294329789521e-01 8.378487441651161216e-01 8.286068766292833399e-01 8.395145455175724303e-01 8.402408332566257965e-01 8.469795074345534136e-01 8.201086462038682523e-01 8.428940085711800201e-01 8.441730849560072913e-01 8.483562261938065729e-01 8.358948470427378652e-01 8.448262531359173044e-01 8.387800204084360223e-01 8.450027036281033688e-01 8.515808715762505088e-01 8.550014424184935180e-01 8.487073267186047154e-01 8.512648860507364690e-01 8.436078165444522714e-01 8.457730715948984512e-01 8.415459238812599274e-01 8.521122207629472367e-01 8.492522477523106739e-01 8.566738228408449229e-01 8.460492645897100816e-01 8.567459918628810289e-01 8.559576594390794213e-01 8.549742737476568877e-01 8.388527775037228906e-01 8.493708930649735978e-01 8.424601773421864781e-01 8.418174511253116998e-01 8.522227048739501321e-01 8.433468644595709662e-01 8.535726739718521028e-01 8.445355653781111416e-01 8.499157379183739369e-01 8.476165137791711324e-01 8.523637724319689246e-01
