1.000000000000000000e+00 1.192591414559994040e-01 1.542607688175028774e-02 -1.899724294617882031e-02 7.059118468578089167e-02 1.403299550913343283e-02 -2.560078472054541990e-02 3.230067311976268785e-02 1.627626604109578268e-01 6.889071410793669303e-02 9.595126071311346413e-03 -1.532293974238666499e-02 2.076684752757751787e-02 -2.725491118257962128e-02 -9.901528293200245051e-03 1.530235006617394929e-02 1.138486545062415284e-01 -7.143526626307539554e-03 3.760428558673255955e-02 -1.093716481500624366e-01 9.875109484739257384e-03 8.197523571440810952e-02 6.430006653534849070e-02 -1.520613623422930813e-02 5.814043105948708823e-02 5.132852039303376079e-02 1.276339117280514066e-02 -1.107992331563403474e-02 6.200253104721320518e-02 1.158707901869924922e-01 8.198490827724848329e-02 -2.892506575098787586e-03 2.172182869209923414e-02 2.622682835456072691e-03 9.058746015809231861e-03 7.819916395884192288e-04 3.480274904413253878e-02 -1.327554278030043146e-02 7.849985994218731944e-03 -8.714552383908102939e-02 -3.824761938158087113e-03 -4.226545645767215698e-02 -5.659247736964032049e-02 -2.411340677520535866e-03 -1.125484305672415364e-02 2.399534635132364278e-03 6.438322051968997477e-03 2.714727307147566174e-02 3.452134036165677849e-02 4.264351499971335592e-03 -8.653349039152206934e-03 -2.031219732729201005e-02 -6.562556975021360296e-04 6.299288041881244415e-02 4.027487542234532703e-02 8.812945166789560442e-03 5.976917556952648231e-02 -9.998442008335472250e-04 1.434006442853486864e-02 4.385844282329688648e-02 5.267061026741865848e-04 4.650587262739777628e-02 2.400931611684928996e-02 4.213843290785634216e-02 5.899508154954753725e-02 5.498229664300453845e-02 2.115387331548706715e-02 4.501282983490958491e-03 4.965763286158989508e-03 -2.436539737297179278e-02 2.125933823319539270e-02 3.244828033125477657e-02 -1.453722585988101272e-02 5.938225208005642325e-03 1.754942496641390473e-02 1.245897840343556610e-03 -6.478364349413590420e-03 3.705939714619373854e-02 2.547061703901593727e-02 5.261269205213985750e-02 1.896116710062996716e-02 3.211512655282789536e-02 2.205777989982919685e-02 2.007390763480170273e-02 -1.602929135058191526e-02 -1.358127264219968246e-02 -2.154875932459421632e-04 -8.008376561896674364e-03 -6.646803060489876736e-03 -3.799409429700174976e-04 -3.643004484100201973e-02 -1.551703242255978582e-02 -8.677132607442239465e-03 -5.468117504630902806e-03 2.148462171273629682e-03 1.075142174945189176e-02 -4.097596239276741353e-02 3.808389640795141473e-02 -5.316887935692207919e-03 -1.899639451299370285e-02 -3.032306522693412401e-02 7.896052576355590616e-03 5.147960682242363334e-03 -6.108579975109322546e-03 7.942822484898419801e-04 3.805717635349892963e-02 2.441446461354038547e-02 2.326578186460841191e-02 8.295080975467895509e-03 5.806163344590575294e-03 1.956276620738390225e-03 2.252572055607185778e-02 2.158324050610883546e-02 2.269767469111615837e-02 3.790521008234892103e-02 3.176530201573844747e-02
1.192591414559994040e-01 1.000000000000000000e+00 5.227136289559524557e-02 5.005059701971802805e-02 1.109456608702046321e-01 9.543700271868485463e-02 1.268138478208913900e-01 1.279374293648146421e-01 1.850383415821232058e-01 1.676736447827163745e-01 1.552432964389530434e-01 1.523931918876088032e-01 1.444113800896870414e-01 1.238743490302712247e-01 1.590791733223538007e-01 1.567708360292326963e-01 1.815346039472764406e-01 1.727467528431528565e-01 1.902138626061831150e-01 1.034036989910532278e-01 1.518313205313683301e-01 1.812296258366294932e-01 1.843375668816725765e-01 1.789816828851820696e-01 1.881664973048877421e-01 1.879206327738048299e-01 1.685265538771471561e-01 1.683168641864267179e-01 1.647526965068352167e-01 1.982066915873947066e-01 1.919431383015749171e-01 1.757572109982932784e-01 1.729769565100435502e-01 1.764128178686083515e-01 1.786185134048548506e-01 1.566241619276719510e-01 1.718254893780481463e-01 1.675184480182450864e-01 1.698209607931629173e-01 1.465501348503822909e-01 1.789551325154323247e-01 1.633088942735202442e-01 1.524945092715801476e-01 1.657986422302062668e-01 1.616154987997302228e-01 1.711388937171887670e-01 1.659724132540013053e-01 1.765414638170323403e-01 1.766455219069694438e-01 1.540570354669186515e-01 1.592186327669545542e-01 1.391634754879430835e-01 1.673976163321586053e-01 1.854895066621267963e-01 1.777953603415203532e-01 1.795816521807671873e-01 1.749934582612522604e-01 1.725014823593048752e-01 1.708020825420882849e-01 1.772843835161636850e-01 1.693677211267388960e-01 1.799157530710270847e-01 1.713752705166467216e-01 1.742236364982352737e-01 1.805211593854827989e-01 1.741064077724581438e-01 1.719450932937623411e-01 1.779314171310918680e-01 1.773937075059006385e-01 1.646226392417270701e-01 1.788988888908146224e-01 1.835203482140378151e-01 1.758183587990639341e-01 1.820059388183180304e-01 1.761383040299550617e-01 1.713810719127576709e-01 1.704389778088328533e-01 1.741719258526628067e-01 1.783737266838948121e-01 1.850910226571710893e-01 1.749499452038761060e-01 1.768439021496963637e-01 1.763556228536025949e-01 1.791884388115224380e-01 1.637568244005242202e-01 1.696217787738739935e-01 1.706523180522714345e-01 1.698248959573924466e-01 1.684795873850386261e-01 1.660115270336362248e-01 1.620824631504087787e-01 1.671673752226100484e-01 1.696011321746518641e-01 1.677242947688613872e-01 1.684565200174313049e-01 1.740379309665996133e-01 1.490375352367849238e-01 1.608295825689665948e-01 1.636843876292340128e-01 1.613697189847076163e-01 1.569441913671874578e-01 1.628158000902744651e-01 1.609280355245973904e-01 1.655968476149619617e-01 1.659478872672413008e-01 1.690761806508053466e-01 1.710232534757258616e-01 1.753580099764267819e-01 1.718672621001407219e-01 1.728081685610770857e-01 1.704027226412994367e-01 1.726594517454537459e-01 1.739413856050953666e-01 1.700138114643224840e-01 1.753771108601915318e-01 1.692885980686724134e-01
1.542607688175028774e-02 5.227136289559524557e-02 1.000000000000000000e+00 3.102041930500805123e-01 1.831062925961876309e-01 2.285142288510566000e-01 3.025145667898781476e-01 3.127328928612325698e-01 3.170352457289806747e-01 2.716085864891883972e-01 3.169071734471368695e-01 3.455530407337483734e-01 3.079371791850993856e-01 2.673864660972261054e-01 3.276626439771775923e-01 3.327804878376024456e-01 3.118306548023259683e-01 3.641143591096935861e-01 3.784370066966818436e-01 3.140397375578166672e-01 3.624610168997013937e-01 3.745525720588747109e-01 3.868540841861024537e-01 3.606822473096346071e-01 3.807883080390294661e-01 3.607211199849403860e-01 3.506751738394678353e-01 3.602283864855110318e-01 3.442848029721052305e-01 3.577994785710546521e-01 3.605826977185468962e-01 3.601205670574813000e-01 3.554859275549250297e-01 3.456647319383432948e-01 3.540968311313933414e-01 3.500357732881307360e-01 3.492275381749670449e-01 3.381336422853910006e-01 3.440968887234654994e-01 3.426211371984609344e-01 3.554527666577627087e-01 3.522716643482443066e-01 3.494148049079263130e-01 3.501738448943161330e-01 3.523929539786214704e-01 3.541240396149347713e-01 3.459414816976040252e-01 3.432292908782777485e-01 3.430069944875054344e-01 3.487486917293797783e-01 3.482806958356597926e-01 3.377092077175407603e-01 3.438273905341305836e-01 3.439984678376485916e-01 3.424198026838931597e-01 3.545989967928277475e-01 3.518339395200917874e-01 3.442885712523409691e-01 3.373091387889954329e-01 3.445270197399928347e-01 3.454589767423678071e-01 3.446894413560743220e-01 3.415190164747703427e-01 3.454281005332915933e-01 3.368764082534291271e-01 3.452799357408247172e-01 3.471630186074287638e-01 3.541653120914884378e-01 3.606912297269310730e-01 3.664960966125201947e-01 3.637602679738629607e-01 3.635799187381804631e-01 3.599254049857579796e-01 3.667733467411811721e-01 3.476358337335071491e-01 3.536373743513847034e-01 3.563377459599614272e-01 3.609819694061239259e-01 3.587337695761516065e-01 3.508387494393301886e-01 3.505416962961221961e-01 3.546616703436876739e-01 3.528194897232473926e-01 3.535052016655976237e-01 3.493987824533268394e-01 3.544867988384824420e-01 3.499636171648128902e-01 3.478394280012070405e-01 3.482338222363485225e-01 3.494762905909652995e-01 3.515061045289610830e-01 3.513940708558462300e-01 3.482791108134706826e-01 3.505074077680621625e-01 3.428769039271885033e-01 3.453500421870522308e-01 3.505859317680266041e-01 3.473663073927149569e-01 3.498802972136930145e-01 3.549455328998349923e-01 3.507294413165999991e-01 3.492386530409017364e-01 3.437130193162623581e-01 3.496516773883171503e-01 3.468995280729794128e-01 3.493658874463989039e-01 3.459713374736764213e-01 3.427168310316706656e-01 3.449299517857569164e-01 3.447547109715880520e-01 3.483247467491601412e-01 3.428369668480532595e-01 3.474384329464809129e-01 3.447314757480122727e-01 3.445570431902802988e-01 3.463438665130709748e-01
-1.899724294617882031e-02 5.005059701971802805e-02 3.102041930500805123e-01 1.000000000000000000e+00 3.791426941839358133e-01 3.992408457180616765e-01 5.716774469181528096e-01 5.830155489463281215e-01 5.247583547625797040e-01 4.737003910601025880e-01 5.517385640997901630e-01 6.162307346313131706e-01 5.798866439196425082e-01 4.742688640102105113e-01 6.160166709390413331e-01 6.120993003656385323e-01 5.420702538332813347e-01 5.713233558145635049e-01 5.783875653676925355e-01 5.094967364844176227e-01 6.418067636408739673e-01 6.207293793907309176e-01 5.760625249765550793e-01 5.677975615903112505e-01 5.770301648148585816e-01 6.131876892111354227e-01 5.987742739563040040e-01 6.221888172128958727e-01 5.782854020492900204e-01 5.733208732524857076e-01 6.015398726694681786e-01 6.327155495760279358e-01 6.225341447836089115e-01 6.328282411111838535e-01 6.180873200932615052e-01 6.480845583773252594e-01 6.074964257706332305e-01 6.358844223279928043e-01 6.405700762128302417e-01 6.415293833970183712e-01 6.187207984671182492e-01 6.229689047228337273e-01 6.432547556440398884e-01 6.342139633910336416e-01 6.356638730117455394e-01 6.182991147831420342e-01 6.081545430908745775e-01 6.005922973121884390e-01 6.064481460985873262e-01 6.375842642152527162e-01 6.397615331151144114e-01 6.399977888418156846e-01 6.133991934302855942e-01 5.806284629855632540e-01 5.935988041309396834e-01 6.190059794745499389e-01 6.150021324102035170e-01 6.089451546011246386e-01 6.017792047149075341e-01 6.029140747944614631e-01 6.218179409821777970e-01 5.935129417155865506e-01 6.140024988875398826e-01 6.173890425661906489e-01 6.075547538324830299e-01 6.008336690530370339e-01 6.066326477713903653e-01 6.136401689570694096e-01 6.171043016375173940e-01 6.373099040347507405e-01 6.372304919359162989e-01 6.168936456001458124e-01 6.200066930668058918e-01 6.224499801550320566e-01 6.125674940915935007e-01 6.216218101280444053e-01 6.235471503070219024e-01 6.138259627049214018e-01 6.096266018558113009e-01 5.983806822973866124e-01 6.088738010239629350e-01 6.139613770126378656e-01 6.252793721408542726e-01 6.181249163682480674e-01 6.328094672734094761e-01 6.301716288124787901e-01 6.272262273876297867e-01 6.235019109647734759e-01 6.263345040380675632e-01 6.237694710841270584e-01 6.341538727221406324e-01 6.241417348610263094e-01 6.244858795770950044e-01 6.247495901263507845e-01 6.118259937158229134e-01 6.079839415385636103e-01 6.476676495139204182e-01 6.216817148252431480e-01 6.283160073302868076e-01 6.372083878748591168e-01 6.376892038111522387e-01 6.291964431156006343e-01 6.144492541682533560e-01 6.264325021513531544e-01 6.322333539801729962e-01 6.202750614646177496e-01 6.138094355549809089e-01 6.005908211401635999e-01 6.150095936088780801e-01 6.150677656353681355e-01 6.201707695542788557e-01 6.071785568713233827e-01 6.111799594042819361e-01 6.173373030425611807e-01 6.134923190532353132e-01 6.113956043633074211e-01
7.059118468578089167e-02 1.109456608702046321e-01 1.831062925961876309e-01 3.791426941839358133e-01 1.000000000000000000e+00 2.956877328581398179e-01 4.872406388161369950e-01 4.758167166926187130e-01 4.575451793162465530e-01 3.921507864155147072e-01 4.481918445479228241e-01 4.859465097388019905e-01 4.836076445097552967e-01 3.695052262443659918e-01 4.994471168291018670e-01 5.039017434917517635e-01 4.355782773470248115e-01 4.573090325041123116e-01 4.662975541971388083e-01 3.892685120391409237e-01 4.637482619712413046e-01 4.900632215131566771e-01 4.722569624894153439e-01 4.431191933996023735e-01 4.587719647151601854e-01 4.998694430678279899e-01 4.802539336152498173e-01 4.825902169241795270e-01 4.424834235912810665e-01 4.868332608012123086e-01 5.092848102700829882e-01 4.972932014399126799e-01 4.682856838328799398e-01 4.897265454524765138e-01 4.725183681919979395e-01 4.885350316749451638e-01 4.882368628936681332e-01 4.900593255400219062e-01 4.990556786931409361e-01 4.792088976644344189e-01 5.046261864681993448e-01 4.948784353620410137e-01 4.964458203152514737e-01 5.028382754591965709e-01 5.030564193104901660e-01 4.936502687445627480e-01 4.994753403732295483e-01 4.993774545494819028e-01 4.955262316973047532e-01 4.904029052953363110e-01 5.008978205025722552e-01 5.017042534865419068e-01 5.096304333764792860e-01 4.944035627798242793e-01 4.913632532701597277e-01 5.007279229177649116e-01 4.999414776984110187e-01 4.991945541560116051e-01 4.875140157632773530e-01 5.075875769670540327e-01 5.008318165775690334e-01 4.933429135698177426e-01 4.913667947718024509e-01 5.014300178129559304e-01 4.984546266885229726e-01 5.016487553853642423e-01 5.031759816706277144e-01 5.029558132221112476e-01 5.050979100880134132e-01 5.114285816730520517e-01 5.105847355093136031e-01 5.024640868665996019e-01 5.019663538798552205e-01 5.046769253117272536e-01 5.057032037374963318e-01 5.047542139175065223e-01 5.030369345697475181e-01 4.951501869173638992e-01 5.028851278848828210e-01 5.028340290046021677e-01 4.998620879705784614e-01 5.054807706471012851e-01 5.065731732462891435e-01 5.011474989463456930e-01 4.988075462910373514e-01 5.006358190106870998e-01 5.014366687519652421e-01 5.034195095295210809e-01 5.031099302827958253e-01 5.039913583925845764e-01 5.009291304114652510e-01 5.058860105267599661e-01 5.038007541450721938e-01 5.074819685189392304e-01 5.042248445704078375e-01 5.022571893593226200e-01 5.038126574537871161e-01 4.980030539631703501e-01 5.047206553424110620e-01 5.052521298293222163e-01 5.052380581846895868e-01 5.040247573091639621e-01 5.086964350578672134e-01 5.058344546567083988e-01 5.075528277892441542e-01 4.994294158068409151e-01 5.011199420678905669e-01 5.024939399094051629e-01 5.023494997933805051e-01 5.038682390991523485e-01 5.032803541694015337e-01 5.037089363438781442e-01 5.010058343855765539e-01 5.018546122768630102e-01 5.059593527262881141e-01 5.053201938742117871e-01
1.403299550913343283e-02 9.543700271868485463e-02 2.285142288510566000e-01 3.992408457180616765e-01 2.956877328581398179e-01 1.000000000000000000e+00 5.326927100593411568e-01 4.904795790189256932e-01 5.117911500652934098e-01 4.599319214746184215e-01 5.320041101130541517e-01 5.641787422585341494e-01 5.194586694626562862e-01 4.697518723815497510e-01 5.751701729615730230e-01 5.644786770410004095e-01 5.068653738539724563e-01 5.149685143265657628e-01 5.267250570142317789e-01 4.150119984650216254e-01 5.076360440515830241e-01 5.518104421140923588e-01 5.300696717504286282e-01 4.959151740357126137e-01 5.194676994030688055e-01 5.636465847812494045e-01 5.565692682415339654e-01 5.686246406190786917e-01 5.369009944700398052e-01 5.528474470204041147e-01 5.680929703646562245e-01 5.734560486147490810e-01 5.501763351867708929e-01 5.688739304925393148e-01 5.569935336860667441e-01 5.677233137757446979e-01 5.754859103799933040e-01 5.728497140924582176e-01 5.813855387860272783e-01 5.728724877286560657e-01 5.825081025689526903e-01 5.888870034043284241e-01 5.839344077353260110e-01 5.847431418725475005e-01 5.859299294378957912e-01 5.758446903140088668e-01 5.837184352173021562e-01 5.828961491739389489e-01 5.804947752732378952e-01 5.722517612870950954e-01 5.839456269743850125e-01 5.727821675970116155e-01 5.781964460694347663e-01 5.759800144313246273e-01 5.779462624103890445e-01 5.834493249440663165e-01 5.800285106984275352e-01 5.871207680015340102e-01 5.771092716238580556e-01 5.816973160232907780e-01 5.860791029653860118e-01 5.799797280537052346e-01 5.820345643939655034e-01 5.868817828640170431e-01 5.779038945882726264e-01 5.789803538529594285e-01 5.822625549257943733e-01 5.853166726114062968e-01 5.824270057097656883e-01 5.822360750751486291e-01 5.847519994427174961e-01 5.849193298988447642e-01 5.798003585221215284e-01 5.812756156381075900e-01 5.875698174706660559e-01 5.905821631153412854e-01 5.914555350450827476e-01 5.856586071915039771e-01 5.874003305688350052e-01 5.765909682973576755e-01 5.826398111195550955e-01 5.838907738625939148e-01 5.848471367464878057e-01 5.848272830409591005e-01 5.832031735775369263e-01 5.851670366028043357e-01 5.878773306001997545e-01 5.880397551095838393e-01 5.881000421122030142e-01 5.880332951633524541e-01 5.921547239471193214e-01 5.927485607304535664e-01 5.920491773366043375e-01 5.908372132436754409e-01 5.856300567572283455e-01 5.864354569366573289e-01 5.883584935324051024e-01 5.765825282968205512e-01 5.889474851205113159e-01 5.893571048383849931e-01 5.961646725078790787e-01 5.868453206532721067e-01 5.832928268020733942e-01 5.899290831656128775e-01 5.904789594981776357e-01 5.799821599200709610e-01 5.828077265473360358e-01 5.830552238074190319e-01 5.883387508187803983e-01 5.862037163228159820e-01 5.865206650924535969e-01 5.853155429591492265e-01 5.855015194688183433e-01 5.864337074180518972e-01 5.839329881961211610e-01 5.840669500430886174e-01
-2.560078472054541990e-02 1.268138478208913900e-01 3.025145667898781476e-01 5.716774469181528096e-01 4.872406388161369950e-01 5.326927100593411568e-01 1.000000000000000000e+00 7.152786323359142662e-01 6.988670912131980106e-01 6.417543290335774309e-01 7.332038419791188089e-01 7.931092974392586203e-01 7.356139141198509979e-01 6.608911236113863552e-01 8.300628718174610787e-01 8.066422830816002421e-01 7.006788797493578302e-01 7.284633424891535647e-01 7.354996410695994191e-01 6.400393662384158411e-01 7.188823953643962428e-01 7.554756043439955215e-01 7.370124424706844257e-01 7.118230750387239958e-01 7.114502357969894053e-01 7.969164969307239721e-01 7.893278871604094693e-01 8.099533531666875952e-01 7.408549897626044434e-01 7.550986454978619866e-01 7.914035619191138737e-01 8.124989500362470585e-01 7.779309298834066189e-01 8.136372251437665737e-01 7.862942540115368528e-01 7.969407232011093134e-01 8.057093107928400277e-01 8.237107367128991831e-01 8.212741929465645629e-01 8.197300868754732184e-01 8.209321506075291097e-01 8.324887988450339060e-01 8.323359650447059721e-01 8.289317643995738338e-01 8.209227037272457395e-01 8.206616007442945060e-01 8.203749814964267362e-01 8.146437615658926878e-01 8.121992633775899639e-01 8.088499752947218013e-01 8.303149180977016375e-01 8.134119211900167068e-01 8.134269715838765569e-01 7.991495588002589523e-01 8.040253131083027194e-01 8.239844760024906956e-01 8.021606288832654474e-01 8.183704058331833231e-01 8.090608888246589858e-01 8.105440441764275583e-01 8.251690116155727672e-01 8.020137546285752705e-01 8.136827713248342420e-01 8.073313449109507101e-01 7.997500508186273782e-01 8.008937799183414308e-01 8.181791867155323583e-01 8.240864136943824025e-01 8.265792194365056966e-01 8.327495739825184762e-01 8.218128758074674245e-01 8.134497445203772159e-01 8.264429535154140805e-01 8.198011521646085820e-01 8.220164292543309381e-01 8.270994319210264178e-01 8.334352538959691747e-01 8.152389134161105444e-01 8.200218715180831452e-01 8.055272821772587744e-01 8.147948802369101573e-01 8.169799324916584560e-01 8.255368582879584194e-01 8.200116164781696693e-01 8.288443422372923086e-01 8.318537742929198453e-01 8.282090667552749474e-01 8.326429008158890976e-01 8.294402010499993816e-01 8.303239339562613619e-01 8.396195759353072274e-01 8.336218497764756874e-01 8.317411778158442237e-01 8.344499998742449520e-01 8.246165693317707435e-01 8.226249042509969911e-01 8.379260555620693385e-01 8.085529881359232451e-01 8.274102617679115479e-01 8.355274153448418728e-01 8.382060607124306451e-01 8.245145915134014514e-01 8.222977788524121756e-01 8.301230805282475700e-01 8.292369287306817771e-01 8.093244224213674842e-01 8.185138740207361652e-01 8.167629208639751726e-01 8.259701834787147590e-01 8.247720714754747107e-01 8.264706932945661277e-01 8.187468774655534132e-01 8.176501007930133680e-01 8.180385341964024892e-01 8.131179008243655248e-01 8.165480175034043331e-01
3.230067311976268785e-02 1.279374293648146421e-01 3.127328928612325698e-01 5.830155489463281215e-01 4.758167166926187130e-01 4.904795790189256932e-01 7.152786323359142662e-01 1.000000000000000000e+00 6.913223462029258748e-01 6.171703180225354135e-01 7.132004517424609391e-01 7.688020588419022250e-01 7.261736982223920833e-01 6.468390871602308634e-01 7.865062824863491286e-01 7.996745202412517406e-01 6.973951030640928028e-01 6.899328136174157633e-01 7.266901076626133271e-01 6.088736247246920863e-01 7.271967776375770631e-01 7.551913994627492688e-01 7.284876193158507096e-01 6.862790941999554750e-01 6.993971812197055105e-01 7.707070559310681412e-01 7.549195302621688475e-01 7.686156940535467941e-01 7.186331750086186743e-01 7.586776941974909816e-01 7.803741616016520721e-01 7.941591011397433064e-01 7.672710560347317799e-01 7.939138141572291696e-01 7.698858191194656309e-01 7.804828730672194181e-01 7.815871301690688888e-01 8.038032493836155812e-01 8.036041959217570252e-01 7.766162269213273683e-01 7.915171555915436752e-01 7.938118540136971379e-01 7.948150898417432053e-01 8.066310203809833324e-01 7.963571606964343630e-01 7.971701276138739578e-01 7.913550604440683367e-01 7.908774214044953510e-01 7.962177864801490701e-01 8.011456229700264497e-01 8.063724494183753810e-01 7.874629850981489376e-01 7.864312378200281062e-01 7.765344383193979461e-01 7.828701005370076738e-01 7.951543072493300057e-01 7.901334084289582949e-01 7.928890021390541110e-01 7.874408963907207903e-01 7.897606231371283592e-01 8.020232072514158483e-01 7.835434210673664079e-01 7.943970954980978938e-01 7.954252527076290935e-01 7.813006658791022963e-01 7.820839574738870370e-01 7.938766519594235849e-01 7.965528878158419923e-01 8.009796633006976974e-01 8.042168595945469178e-01 8.051492896309719871e-01 7.942310900935406481e-01 7.924089288547334631e-01 7.927173920601078283e-01 7.948752328813228907e-01 7.955515208220550472e-01 7.993927626973011957e-01 7.905976207634815012e-01 7.943389757456473799e-01 7.892038410327640863e-01 7.919243206367685417e-01 7.964485192479554554e-01 8.030466664619473338e-01 7.976314310469060365e-01 8.081950245640200370e-01 8.047229743693596893e-01 7.996398747929118755e-01 8.055653661045664160e-01 8.041671460095665136e-01 8.038194524626557369e-01 8.033377579993707940e-01 8.027977540254496169e-01 8.010637204530849376e-01 8.039607888749230602e-01 7.969762544087147793e-01 7.976719625425283677e-01 8.135406002959106875e-01 8.010949257211582575e-01 8.080730019872569558e-01 8.121195782684691444e-01 8.090270183199733678e-01 8.080785623185583466e-01 7.987472736377240201e-01 8.074072043304946211e-01 8.040343344217155686e-01 8.005445773799195752e-01 8.002511552810844808e-01 7.918293161617492304e-01 8.015177179880509373e-01 8.003227045631897685e-01 8.037547841488490441e-01 7.956608053635412237e-01 7.969363993755245179e-01 7.985744324698291763e-01 7.927419197745825263e-01 7.951995565221009477e-01
1.627626604109578268e-01 1.850383415821232058e-01 3.170352457289806747e-01 5.247583547625797040e-01 4.575451793162465530e-01 5.117911500652934098e-01 6.988670912131980106e-01 6.913223462029258748e-01 1.000000000000000000e+00 7.320815975887632332e-01 7.806864921486554865e-01 8.041824277876287175e-01 7.625410382335588988e-01 6.600151544171287687e-01 8.241596407776563549e-01 8.178784568620105500e-01 8.117753029531311615e-01 7.127911560596206231e-01 7.887361817927631691e-01 5.235388247464468625e-01 7.058649127817483437e-01 8.196127868763101176e-01 7.715811382642550065e-01 6.919918619409471949e-01 7.485678197384137977e-01 8.323927922869678309e-01 8.118635364127804177e-01 8.009476945325932906e-01 7.604388926062071175e-01 8.660443783531294182e-01 8.731207029961617350e-01 8.218768144050353497e-01 7.934833550098409072e-01 8.209782833868560781e-01 8.078671520599697287e-01 8.025606234851075937e-01 8.577249502597951158e-01 8.171384680479526486e-01 8.459114913401338809e-01 7.627271470189304070e-01 8.499167088023892314e-01 8.206385246954859269e-01 7.939326552675680659e-01 8.464292180506256535e-01 8.350750671098260414e-01 8.463455828854672403e-01 8.607205726196139883e-01 8.691029388027995406e-01 8.666715468981424086e-01 8.251896233939327585e-01 8.389924354937293716e-01 7.955451878562146417e-01 8.444744733367575140e-01 8.770650133369984891e-01 8.588673025845515729e-01 8.494596014150334051e-01 8.708403029216439384e-01 8.542355980188294229e-01 8.551299400541416684e-01 8.742044148602226006e-01 8.554245987719635291e-01 8.747370026409958532e-01 8.617090450258365619e-01 8.679696615423302397e-01 8.721580162660381719e-01 8.761154069582753889e-01 8.675838924043188793e-01 8.576289489903954344e-01 8.564854688024563512e-01 8.271159223478332656e-01 8.597233173204194001e-01 8.717198038537099514e-01 8.355763769693008713e-01 8.451972763890812645e-01 8.653571222138153329e-01 8.563521676587269038e-01 8.476104794992870284e-01 8.534120897389754212e-01 8.605388281987296217e-01 8.775187582507510964e-01 8.672316208932340231e-01 8.734283364203236921e-01 8.630438877898107819e-01 8.630106830357028302e-01 8.394906656334342188e-01 8.478017075182218143e-01 8.557433050335863101e-01 8.530402188150136844e-01 8.548748312641513136e-01 8.540663117059393850e-01 8.311648934605233574e-01 8.521907878834993344e-01 8.543385854479328412e-01 8.545322356738694891e-01 8.617763829500422190e-01 8.657328492263978159e-01 8.238109214807500802e-01 8.617652074610063773e-01 8.527014439606362961e-01 8.427696418593845218e-01 8.384174633118522957e-01 8.576452748217475719e-01 8.579405230186085696e-01 8.560028054700586919e-01 8.535151533051748007e-01 8.675172999553996123e-01 8.686555552953434400e-01 8.708468855449740254e-01 8.624844529252322367e-01 8.637491616989967369e-01 8.588396249853932352e-01 8.702911761477661878e-01 8.698554334107746477e-01 8.682603811544437056e-01 8.725713961549032005e-01 8.706333809234160226e-01
6.889071410793669303e-02 1.676736447827163745e-01 2.716085864891883972e-01 4.737003910601025880e-01 3.921507864155147072e-01 4.599319214746184215e-01 6.417543290335774309e-01 6.171703180225354135e-01 7.320815975887632332e-01 1.000000000000000000e+00 7.095433204869967536e-01 7.365502015254943302e-01 7.003824204963179367e-01 6.241869763035303720e-01 7.639347486385544839e-01 7.489601499632267956e-01 7.052370564390049168e-01 6.606660917226926388e-01 7.089828081947534555e-01 5.092118368409089824e-01 6.408539035466315203e-01 7.267231628334037685e-01 7.113105059396885865e-01 6.506130015873268224e-01 6.819526504351247631e-01 7.601983655983437504e-01 7.480292888278500252e-01 7.477768671015374569e-01 6.986752771968496312e-01 7.772535889632117279e-01 7.876899177396144980e-01 7.580270114850954366e-01 7.232413748453208058e-01 7.547044026986203802e-01 7.351844510530860521e-01 7.277495114853651526e-01 7.801589515231757144e-01 7.593619566713523117e-01 7.738471062091297759e-01 7.220112329081023184e-01 7.821754135555901710e-01 7.724495392361951929e-01 7.411006215813570330e-01 7.802551845453863377e-01 7.712681690074580931e-01 7.801315070567368393e-01 7.929526897128094109e-01 7.983871139399199013e-01 7.909506949451963198e-01 7.454910050631206042e-01 7.690007843516285524e-01 7.253795097857574925e-01 7.718399785900759147e-01 8.024181328977291194e-01 7.889068418046382147e-01 7.837803175969343394e-01 7.827511380742039337e-01 7.914025782356476357e-01 7.883253630593605177e-01 7.997016080316136089e-01 7.868123716552472002e-01 7.959850947949056454e-01 7.856734243858630728e-01 7.842588243759740507e-01 7.871944528948531250e-01 7.908917758837659129e-01 7.947387741304490216e-01 7.917799064913173535e-01 7.910259941543063000e-01 7.694467134671841846e-01 7.864357424270588259e-01 7.955380948973941324e-01 7.756405074334676852e-01 7.818954158478078620e-01 7.932443146358419961e-01 7.907534319124580602e-01 7.882490144157519030e-01 7.849876171119622992e-01 7.944594427219446864e-01 7.990570474740492646e-01 7.935804864482303156e-01 7.983809615573609353e-01 7.888632607911082451e-01 7.910094455076226438e-01 7.759815163532265414e-01 7.827766989793820684e-01 7.877962780670816345e-01 7.910908599707802136e-01 7.879741226889366290e-01 7.846710587513879842e-01 7.775083125121446948e-01 7.902026215728797931e-01 7.897016900631693703e-01 7.909964359526928668e-01 7.951114249309724213e-01 7.966191830787234807e-01 7.615922610256473657e-01 7.783008304696056312e-01 7.844790161968906439e-01 7.820737249072763353e-01 7.778784447482750553e-01 7.833608539826724115e-01 7.884651438303063031e-01 7.876887420482938662e-01 7.841548704273962889e-01 7.838099215787713847e-01 7.936624388602423474e-01 7.977094878008045287e-01 7.926421880103623474e-01 7.957112667748730273e-01 7.910920443595081952e-01 7.982132568847385423e-01 7.968936519726519396e-01 7.918478667870709753e-01 7.929295994161370542e-01 7.945408290087069281e-01
9.595126071311346413e-03 1.552432964389530434e-01 3.169071734471368695e-01 5.517385640997901630e-01 4.481918445479228241e-01 5.320041101130541517e-01 7.332038419791188089e-01 7.132004517424609391e-01 7.806864921486554865e-01 7.095433204869967536e-01 1.000000000000000000e+00 8.456743429354780517e-01 7.802071671217862825e-01 7.039057527370080614e-01 8.576484033678080099e-01 8.516898677956489250e-01 7.827496215801911239e-01 7.450005531251195912e-01 8.026181102749796459e-01 5.915124103961650892e-01 7.445460741636201751e-01 8.211798312028363300e-01 7.817457112805389352e-01 7.305864495327311081e-01 7.577921796640546548e-01 8.473929295354014624e-01 8.404393629800840371e-01 8.401672859875011223e-01 7.764030834245667645e-01 8.468258652770893624e-01 8.809443258979439140e-01 8.618990066494696123e-01 8.170194128389165478e-01 8.554088566567727980e-01 8.321409739677468886e-01 8.412080306581267708e-01 8.775785426822996227e-01 8.604133609434071461e-01 8.761891100718319780e-01 8.319620907121050291e-01 8.827363808571430104e-01 8.688720009933688093e-01 8.525714995762341264e-01 8.820480543762031500e-01 8.736731556202314009e-01 8.823565638336124950e-01 8.903497436179382829e-01 8.897898004017724682e-01 8.871336184155043103e-01 8.629509838139897138e-01 8.774476777885681367e-01 8.408408496698401846e-01 8.763482206146756548e-01 8.833039056072755635e-01 8.792351654906898073e-01 8.825131892109119303e-01 8.782480154953855589e-01 8.846933415826272462e-01 8.808619140189954955e-01 8.864912276023118043e-01 8.871885834631855206e-01 8.862666099578975221e-01 8.843499032285820904e-01 8.845490793922026196e-01 8.776785641240123503e-01 8.820671649302103123e-01 8.910919250701231364e-01 8.903847769817807567e-01 8.879513247118056007e-01 8.693027554985727212e-01 8.875795320873015593e-01 8.919562172135919731e-01 8.739128819694150785e-01 8.754621694402374699e-01 8.922584521107120858e-01 8.915419285440731034e-01 8.848718686975468595e-01 8.763137075238838225e-01 8.848011483521328602e-01 8.895921743166653739e-01 8.899910047962268367e-01 8.930785013772628567e-01 8.900730674375306739e-01 8.869611418771480293e-01 8.819037365373106896e-01 8.879462173374095268e-01 8.904338909942259850e-01 8.900822376584167639e-01 8.922688723333962457e-01 8.895521827877415078e-01 8.854699867892336096e-01 8.912367487894244933e-01 8.914736177068218748e-01 8.911907429943706216e-01 8.928811877627073068e-01 8.939067139459470068e-01 8.784017393581576849e-01 8.800821173972288580e-01 8.894535998963534196e-01 8.880372254109901720e-01 8.850320797335101686e-01 8.904500712066938384e-01 8.875535035646507920e-01 8.927785397031779979e-01 8.896952229576527982e-01 8.868629867276862644e-01 8.920639064772120097e-01 8.912830573660401878e-01 8.929352347211489960e-01 8.933415253483037999e-01 8.929336516415895542e-01 8.923588168237113205e-01 8.934588923679949168e-01 8.913567024463281419e-01 8.888819845353246318e-01 8.895379217927783522e-01
-1.532293974238666499e-02 1.523931918876088032e-01 3.455530407337483734e-01 6.162307346313131706e-01 4.859465097388019905e-01 5.641787422585341494e-01 7.931092974392586203e-01 7.688020588419022250e-01 8.041824277876287175e-01 7.365502015254943302e-01 8.456743429354780517e-01 1.000000000000000000e+00 8.231007514919841395e-01 7.415481440603335361e-01 9.113635511539452949e-01 8.933278544316890502e-01 8.138601332616468564e-01 7.874771249998780975e-01 8.282504886293464708e-01 6.602573484037447260e-01 7.968293390687410938e-01 8.603683867160389909e-01 8.125830563709862675e-01 7.658789196130708632e-01 7.867692362326413891e-01 8.910899328993316937e-01 8.869259112016038005e-01 8.885663400138763546e-01 8.224652609585572094e-01 8.657110625772226342e-01 9.069043851234077636e-01 9.001634335700623435e-01 8.552258960258047882e-01 8.965891228314590844e-01 8.724276922534537348e-01 8.873783577158097513e-01 9.062709383430896937e-01 9.043864335168065871e-01 9.209012144909450859e-01 8.943717422030788011e-01 9.238368855715582972e-01 9.217545452699725805e-01 9.130288153547554408e-01 9.304718428967281296e-01 9.223784388647380261e-01 9.213389998662503411e-01 9.295652908866126607e-01 9.251815200146511486e-01 9.208441690017753478e-01 9.056689228723057150e-01 9.247973385079659714e-01 9.049000824779162011e-01 9.215038882523924890e-01 9.146409657458143272e-01 9.138157898109793287e-01 9.232711250682209547e-01 9.183000575724229453e-01 9.270392018591379069e-01 9.172953361752311796e-01 9.252360948572148081e-01 9.314868943527451206e-01 9.211995758051445549e-01 9.236792881417984491e-01 9.251778972283087876e-01 9.180619914673104898e-01 9.214930459869757895e-01 9.289225456503751310e-01 9.293912980193704820e-01 9.260583967664407501e-01 9.240243558123923950e-01 9.284142478889058081e-01 9.269123071495548594e-01 9.153820880454524023e-01 9.138598524887108221e-01 9.306374158094150584e-01 9.325308101559259821e-01 9.287057005222167927e-01 9.180514570311164579e-01 9.231148864595655201e-01 9.183848680480276583e-01 9.250802953815245866e-01 9.283951825200389418e-01 9.291234143022591985e-01 9.229870000251836348e-01 9.232455949107201132e-01 9.294282492482256464e-01 9.327253014404514042e-01 9.334562658408028790e-01 9.347233155824937745e-01 9.308072208384703394e-01 9.321429603846635992e-01 9.366171634731136342e-01 9.356967666320702426e-01 9.351278791875744512e-01 9.334261107829880943e-01 9.321634424983238354e-01 9.281726728401450410e-01 9.216766367330130327e-01 9.342865937620565830e-01 9.317162475720009995e-01 9.356858706621412614e-01 9.317089123821378216e-01 9.326116589274289215e-01 9.371561194334766531e-01 9.348120928807442942e-01 9.254846740070463706e-01 9.297997855721490401e-01 9.290217201570601935e-01 9.333988407861354419e-01 9.337113793172903131e-01 9.337743174665602552e-01 9.317139914440417670e-01 9.322435115932720118e-01 9.314459387899139964e-01 9.283662858660929329e-01 9.302416830538710046e-01
2.076684752757751787e-02 1.444113800896870414e-01 3.079371791850993856e-01 5.798866439196425082e-01 4.836076445097552967e-01 5.194586694626562862e-01 7.356139141198509979e-01 7.261736982223920833e-01 7.625410382335588988e-01 7.003824204963179367e-01 7.802071671217862825e-01 8.231007514919841395e-01 1.000000000000000000e+00 6.786342120149048140e-01 8.441291509049334563e-01 8.447146545862433964e-01 7.543916153457246310e-01 7.325139590593484629e-01 7.692514733465821708e-01 5.801418651191350140e-01 7.316223558208877487e-01 7.980714478229821163e-01 7.580477843443781394e-01 7.104645763834881445e-01 7.372309794645210967e-01 8.333276156551606695e-01 8.205486546952768245e-01 8.246692702152712551e-01 7.531762440476281739e-01 8.196702137597050575e-01 8.493746505433847904e-01 8.332167681069260201e-01 7.983276987502394562e-01 8.306940482034173012e-01 8.075386820812124888e-01 8.211423168680254125e-01 8.432911368793241103e-01 8.360039464502008189e-01 8.567177278187391165e-01 8.135078407451693527e-01 8.551028983278983198e-01 8.483401085512617401e-01 8.387975621359473610e-01 8.635141022323401527e-01 8.514796710578382832e-01 8.556409186937758982e-01 8.685121584777457659e-01 8.645168830114446923e-01 8.575736381552785392e-01 8.386015727649748230e-01 8.568641583376491733e-01 8.313091711661986238e-01 8.529869065903696868e-01 8.508753730648922486e-01 8.466432271267716470e-01 8.542987691786789739e-01 8.495026409054903249e-01 8.602871164244053626e-01 8.483551676401872577e-01 8.654853279275646072e-01 8.682016857968299917e-01 8.566461230068421751e-01 8.576794091960431299e-01 8.621334657895747267e-01 8.557546564972106085e-01 8.568691949766040761e-01 8.666303149102418946e-01 8.651975807023458698e-01 8.618795550204332301e-01 8.496507695938995131e-01 8.636503544534978039e-01 8.651726803469856897e-01 8.508183416419559109e-01 8.534441546389839317e-01 8.691619046316467756e-01 8.660759049015080979e-01 8.613447838258593281e-01 8.520263558647176438e-01 8.606272228213661668e-01 8.629926736893527295e-01 8.638973421869848845e-01 8.695773765481230599e-01 8.637178904410020008e-01 8.624046880684943517e-01 8.570256362698329688e-01 8.627572070436716478e-01 8.667918571672449390e-01 8.653797078127496434e-01 8.688065947847338766e-01 8.630858325600171410e-01 8.610098206593664871e-01 8.688954663205635809e-01 8.686989111648699691e-01 8.689110397106024619e-01 8.702062104188735825e-01 8.694725949908124196e-01 8.585623392415572264e-01 8.560590234827566425e-01 8.677249901856487480e-01 8.637112378723941220e-01 8.670913265766813094e-01 8.658473625992670897e-01 8.665728195730082462e-01 8.713283145772808824e-01 8.678629645961941641e-01 8.627606520947735946e-01 8.670427101854951690e-01 8.673046987054876533e-01 8.674011840323195832e-01 8.683778965153530205e-01 8.658034074442935157e-01 8.696258879166591793e-01 8.680166488965292970e-01 8.695510159485956292e-01 8.669873019111050683e-01 8.674785117219624420e-01
