1.000000000000000000e+00 1.150438265411883876e-01 1.119751146380946472e-01 8.198241441780204641e-02 2.764703917337048289e-02 4.478236310727894826e-02 4.735589145818431406e-02 6.621491662405516732e-02 1.670847537004638839e-01 2.829696096688448168e-02 2.982339760121957215e-02 2.499179419950355030e-02 2.649529901870906895e-02 7.261450993551574369e-04 2.095911062390991980e-02 2.523121704703255169e-02 8.177805018092258738e-02 6.932514463294928153e-02 3.460670432340894748e-02 6.274505455131947421e-03 9.821566749212792824e-03 4.978474215484976484e-02 1.020632813604588490e-01 4.240473523019017144e-02 5.415291071883582275e-02 5.627621028388871821e-02 5.053040746090432106e-02 4.789354614151082601e-02 7.630938098962053440e-02 8.426296517192047308e-02 4.487399957198450612e-02 3.516706776831549086e-02 3.917059949748519232e-02 3.054983110688114234e-02 4.965806426239970789e-02 3.282004726456946159e-02 4.192241648107637719e-02 -8.656135382288756772e-03 1.382100472483129006e-02 -9.167936617510769742e-03 3.898001584136831683e-03 3.283525004953396879e-03 -8.700828434281444868e-03 3.478740792625716494e-03 2.580680543325832368e-02 -4.373210933104706988e-03 2.453927749583202644e-02 2.239162816248927573e-02 2.581054898763345679e-02 -5.482584804859122474e-03 -8.726740164458774915e-03 6.644738589593229827e-02 2.735539440836651931e-02 4.262399771003733823e-02 4.089982109529087528e-02 2.625644004210299018e-02 6.449141209982842127e-02 2.056289768614245894e-02 2.719874282575437605e-03 2.634218793624852964e-02 1.491286364225513118e-02 1.270216916827144119e-02 2.132822160818106591e-02 2.146698832348012051e-02 7.966960418424838541e-02 5.383539105629987082e-02 2.239048378466144962e-02 1.602821331441224573e-02 2.633163803274934586e-02 6.475672981193892654e-03 1.268895052035052054e-02 2.643657304207222905e-02 1.012544792449531807e-02 8.632831088468980937e-03 2.352320885585088353e-02 1.756728448933203221e-02 5.344170079803198421e-03 3.546071910813236583e-02 1.192340762991171178e-02 2.724042392329872192e-02 1.788294007133452157e-02 1.836974542200312324e-02 4.831343958573588310e-02 2.608276794559327011e-02 1.959875581359486751e-02 1.548459687868969717e-02 1.405790587799779154e-02 5.634515345735963826e-03 6.290353000674789481e-03 3.014523227710145387e-02 2.299150366020687088e-03 5.367415752221198905e-03 1.386173204170397001e-02 1.292421279447455388e-03 8.138374678830339465e-03 1.468334090555953320e-02 1.329353642941626286e-02 4.817293940724114154e-02 6.479733874054943547e-03 7.097453799857358393e-03 -2.720868914134948711e-03 1.831014428630283949e-02 1.623417981643816149e-02 1.098484834587590969e-02 3.499928085130752514e-02 3.844115672271456591e-02 2.264819376519744756e-02 1.621560854037327332e-02 2.365290527905902426e-02 1.470506633589814885e-02 8.421031816969617653e-03 1.755931962071145477e-02 1.093491240710387120e-02 1.678883157727384043e-02 3.965412154203438316e-02 3.378951259876409458e-02
1.150438265411883876e-01 1.000000000000000000e+00 8.409578136601333909e-02 6.250739820574492678e-02 7.900917352066087751e-02 7.647154449279910948e-02 1.264369943109429351e-01 1.011637253163652217e-01 1.520954853997494305e-01 1.966421841951611349e-01 1.339686218646243820e-01 1.356013565421546330e-01 1.091362799153042518e-01 1.235962402779993558e-01 1.393325403961483411e-01 1.336806535023337961e-01 1.774373388643088467e-01 8.222861758189774217e-02 1.020759003975627299e-01 1.066487135699200339e-01 8.215956396494639158e-02 1.007512786046590864e-01 1.333964388087225950e-01 7.716297982185821303e-02 9.705976304431870871e-02 1.778261317954511200e-01 1.496714631993550926e-01 1.529683535884444057e-01 1.354137881156835255e-01 1.606894375743174730e-01 1.514265878437994761e-01 1.475542262017051354e-01 1.464026973380246621e-01 1.362983734887645293e-01 1.338125428476480971e-01 1.292691099571943170e-01 1.332944266896598784e-01 1.388169878047629813e-01 1.498454792534809621e-01 1.312539978882813763e-01 1.549647398161193568e-01 1.429421003348866070e-01 1.362192658430700642e-01 1.398847542287327828e-01 1.432625071396232685e-01 1.432742366764228337e-01 1.558660772206534595e-01 1.607037444890155597e-01 1.544352467726393119e-01 1.161921485460287451e-01 1.396766756236471063e-01 1.134693660476825822e-01 1.432006756913403178e-01 1.618596463788822271e-01 1.494733845081991919e-01 1.407737222728082938e-01 1.642318546462993023e-01 1.514666273993175716e-01 1.530787664784788726e-01 1.600686482593714766e-01 1.508422970465690960e-01 1.584301730092671223e-01 1.491627186805483396e-01 1.550757797159659224e-01 1.544449546635852100e-01 1.669903108956484472e-01 1.611295100375812472e-01 1.417658330215450790e-01 1.533111248628321599e-01 1.394685155008987543e-01 1.313545664834308291e-01 1.402370415470977350e-01 1.346370196223768689e-01 1.308981944875848569e-01 1.587270170149145121e-01 1.524885931007309015e-01 1.582059058715219735e-01 1.497034111589027605e-01 1.489557023729969343e-01 1.554045901858165102e-01 1.548241994547013833e-01 1.497585347036799464e-01 1.654400167259559296e-01 1.515495193230744497e-01 1.418280411295620436e-01 1.466523062137201072e-01 1.438018598643096557e-01 1.549584075229237523e-01 1.514772675211644992e-01 1.615022647287497615e-01 1.525461704233162519e-01 1.546570831182623729e-01 1.492556810637036546e-01 1.498892072929634278e-01 1.531878016331551240e-01 1.583876942023311751e-01 1.412688227580643496e-01 1.578168671393925526e-01 1.551181759103058555e-01 1.509287629800330766e-01 1.457533656842609215e-01 1.524414857097772802e-01 1.557915452657745448e-01 1.477465244579176940e-01 1.522003314532775209e-01 1.618148992943017062e-01 1.583540745120001758e-01 1.654516178225443890e-01 1.611775744173014335e-01 1.549823959759289438e-01 1.535105442342924176e-01 1.560979501788949952e-01 1.569558873067979088e-01 1.549006751997756559e-01 1.564459334058175832e-01 1.628418879363259519e-01
1.119751146380946472e-01 8.409578136601333909e-02 1.000000000000000000e+00 3.350161683655716316e-01 1.891391612861720584e-01 2.292273346783230970e-01 3.398446965419394394e-01 3.350680577617730638e-01 3.404334497523022196e-01 2.951642917855697434e-01 3.617747451900960032e-01 3.694065872614317181e-01 3.161224148817040058e-01 3.251502996508734422e-01 3.655623193819697025e-01 3.647333988265647475e-01 3.493927945106736765e-01 3.425880634187186691e-01 3.620233325194239793e-01 3.038788384763068673e-01 3.050614969933423404e-01 3.615886240805056828e-01 3.866749096546068243e-01 3.542447934236598872e-01 3.730645486163774449e-01 3.823181685711131150e-01 3.744536628721245597e-01 3.835194422900178868e-01 3.772222302678954198e-01 3.930683597913227634e-01 3.871141005586780648e-01 3.881353448822821295e-01 3.889927691846658542e-01 3.961662796782765561e-01 3.859501005286264386e-01 3.916284249080512203e-01 3.857715416019890653e-01 3.688964387967589853e-01 3.817288863038995061e-01 3.839485004496905884e-01 3.736094867635570416e-01 3.739163642792697195e-01 3.759135347589764864e-01 3.801491890065540336e-01 3.890415694004936142e-01 3.661150518076555227e-01 3.709104960107343363e-01 3.746696875938102522e-01 3.690598126625686537e-01 3.777931927914983112e-01 3.748214625542029554e-01 3.799634819977118494e-01 3.706355658353891469e-01 3.748805517071677196e-01 3.757667240420387023e-01 3.834573396596878680e-01 3.754784694356048114e-01 3.746523960029995992e-01 3.644572129449771825e-01 3.725751141958195678e-01 3.728724969345644791e-01 3.659916914075375116e-01 3.607884854912450368e-01 3.693675030029437978e-01 3.790392279392344466e-01 3.755340147992363709e-01 3.776382415413149229e-01 3.771581662360857234e-01 3.888041435964689208e-01 3.685822214141858399e-01 3.777599675832029602e-01 3.850894342069599019e-01 3.765996505113117232e-01 3.831402718268461238e-01 3.807002185452448839e-01 3.772543898080444325e-01 3.819673446369196146e-01 3.835696595349068483e-01 3.797897318487845064e-01 3.816640189291273244e-01 3.859030190630669543e-01 3.842201058712391148e-01 3.914124009295043005e-01 3.809738349657101897e-01 3.910700523886584401e-01 3.849508242212975606e-01 3.825342460168278946e-01 3.801982040579354183e-01 3.762088308604274456e-01 3.932226991129629812e-01 3.805585775075394084e-01 3.796101937238856028e-01 3.831193174591055461e-01 3.747020426695095163e-01 3.720434425807042644e-01 3.779615925523343023e-01 3.882720146288464180e-01 3.808142445038851798e-01 3.755976435639026279e-01 3.793730394099005254e-01 3.778066379235138772e-01 3.753111240161562945e-01 3.752159818001663538e-01 3.769273202204814210e-01 3.861267884931399164e-01 3.772777845043797651e-01 3.764840427425007463e-01 3.759762104443469810e-01 3.799371348943213489e-01 3.725556355513017781e-01 3.751757279763613395e-01 3.747874378098636217e-01 3.737721058896316118e-01 3.741960605278416008e-01 3.769352773600279094e-01 3.763877723841053680e-01
8.198241441780204641e-02 6.250739820574492678e-02 3.350161683655716316e-01 1.000000000000000000e+00 3.683769360698685991e-01 3.946933303607365051e-01 5.924216825881907234e-01 5.598497423762874847e-01 5.620938775261733467e-01 4.923364422495865589e-01 5.736387782543466152e-01 6.341922797109024179e-01 5.522651952274056919e-01 5.313866637666256887e-01 6.154925332459171283e-01 6.235031698721243965e-01 5.497866953518787403e-01 5.946181309697875506e-01 5.846462396519980231e-01 5.803384876946616755e-01 5.839606406003494676e-01 6.276616280232902856e-01 5.917076719319521727e-01 5.997634927808966898e-01 5.878705069619727386e-01 5.836071447033212012e-01 5.748784988682328345e-01 5.814178423404164908e-01 5.608661225319695465e-01 5.824386448889271595e-01 6.062606743692372513e-01 6.440367801511788226e-01 5.910524627594950786e-01 6.371404061691122722e-01 5.831434114028071214e-01 6.228513571856015840e-01 5.840999449278311273e-01 6.113056962344773915e-01 6.098838251586570225e-01 6.041263418623633585e-01 6.013128111147756361e-01 6.136262632858330290e-01 6.168427622728324122e-01 6.248746078929947600e-01 6.257754824874623978e-01 5.982606971167405696e-01 6.176183630953382409e-01 6.145902358547283839e-01 6.277544935735801523e-01 6.257599261777824218e-01 6.151235343147479773e-01 6.456082615846597816e-01 6.291054418111738933e-01 6.142477174406336671e-01 6.103455617932477262e-01 6.148463755834915334e-01 6.322753438240834578e-01 6.147383258614852464e-01 6.053530364294766875e-01 6.232639592817998953e-01 6.272158838071942855e-01 6.130632407454104094e-01 6.068950438631401934e-01 6.229823949670684202e-01 6.364371901058470948e-01 6.317285076246303976e-01 6.145000607606518894e-01 6.258873390252152058e-01 6.316026289819135497e-01 6.346399971398059003e-01 6.377681335831618670e-01 6.247648596438641899e-01 6.328746110123584234e-01 6.160217590169402291e-01 6.120364792932436737e-01 6.090671010826103071e-01 6.071916740108116439e-01 6.051225994365496685e-01 6.100798738183013104e-01 6.077261893863262765e-01 6.117894358730568971e-01 6.138253111464514467e-01 6.374542256574095012e-01 6.168504056107468880e-01 6.407613836509961081e-01 6.335184429107157955e-01 6.177855258103915892e-01 6.213030634735370317e-01 6.160334223728383130e-01 6.324929063117920025e-01 6.159678670844128678e-01 6.166911493128467425e-01 6.228748912507036106e-01 6.138349204789073088e-01 6.170980368835451424e-01 6.161216959318525088e-01 6.413362423945163648e-01 6.375192902917811155e-01 6.232467526190028639e-01 6.248421593346569214e-01 6.264943140521042064e-01 6.259062058339190937e-01 6.258571466315101528e-01 6.267594595667964619e-01 6.399133077764712629e-01 6.290275882684430719e-01 6.265591817662988783e-01 6.121700360192356971e-01 6.175399027430913401e-01 6.178716743514092169e-01 6.199427057727390222e-01 6.226801834585344864e-01 6.172009504237764288e-01 6.229700413793937130e-01 6.205728241440420234e-01 6.255489978674192431e-01
2.764703917337048289e-02 7.900917352066087751e-02 1.891391612861720584e-01 3.683769360698685991e-01 1.000000000000000000e+00 3.328461740188919382e-01 4.477526045548227973e-01 4.484562815143714465e-01 4.177355752759026042e-01 4.071215440814754394e-01 4.337183973106535917e-01 4.740862527304680052e-01 4.645486144920222271e-01 4.149738483549521018e-01 4.949298159956261323e-01 4.926546067682904262e-01 4.204012197662826411e-01 4.327576470816419385e-01 4.644357676380723166e-01 4.237003929893655707e-01 4.513817306117841044e-01 4.783480390577247721e-01 4.460209280124385889e-01 4.579080072386621514e-01 4.733876711923168390e-01 4.483759724322398665e-01 4.516913406467047420e-01 4.464029724618473471e-01 4.486015725389590481e-01 4.550869793361781990e-01 4.741055386427003859e-01 4.782329142435713942e-01 4.584155444412990610e-01 4.835102504583153604e-01 4.595387758346632934e-01 4.915940869774517719e-01 4.703465481558141148e-01 4.766158232639387538e-01 4.900559729156873656e-01 4.718224505049687934e-01 4.814293178310658505e-01 4.890851412747995730e-01 5.016497102264755314e-01 5.042803279368732738e-01 4.948874619474868397e-01 4.901461785373433799e-01 4.931369101584320291e-01 4.912437286579230400e-01 5.036609748133726860e-01 4.790368770191796299e-01 4.863872304661945312e-01 4.941974648543618898e-01 5.069185629576796748e-01 4.916242253138478069e-01 4.843776061180350978e-01 4.833949744928182635e-01 5.009502815650227481e-01 4.981444455645335223e-01 4.861612663675894952e-01 5.004299475951171638e-01 5.030182696867661063e-01 4.979298101389575959e-01 4.892441569175905447e-01 5.029242743186171927e-01 4.978268257512700745e-01 5.024741329833412040e-01 4.901079876654748646e-01 4.979551876652139608e-01 4.952916503989863717e-01 5.029441589079403085e-01 5.044129915168715783e-01 5.012757655559838543e-01 4.982508953746229152e-01 4.996555438736073884e-01 4.847315444340652424e-01 4.864902201846553198e-01 4.814731690225031446e-01 4.807614703233767939e-01 4.891340726237835002e-01 4.863384076095232378e-01 4.914342543819065767e-01 4.913848457497630440e-01 4.910411904313691234e-01 4.927666807758097067e-01 4.927661605862502237e-01 4.983444893879032667e-01 4.960557661330290968e-01 4.891895562896642624e-01 4.921536122386194201e-01 4.907397287617292214e-01 4.872369469165668265e-01 4.944287452052767984e-01 4.966605846529703605e-01 4.957968641097665885e-01 4.945454275011716971e-01 4.933809163466120196e-01 4.967801601328456496e-01 4.911767552965911054e-01 4.927285432510582486e-01 4.951092423075267313e-01 5.006129578029838711e-01 4.909526347814635594e-01 4.992196807976847506e-01 5.027151660251593102e-01 5.032677170009741685e-01 4.925301919368091919e-01 4.950273604978779329e-01 4.893177737680070583e-01 4.886347785142836075e-01 4.952332519969221969e-01 4.906303109482703095e-01 4.978305233939046559e-01 4.957540785746878398e-01 4.971297453652739895e-01 4.942087721461141392e-01 4.996074538471922399e-01
4.478236310727894826e-02 7.647154449279910948e-02 2.292273346783230970e-01 3.946933303607365051e-01 3.328461740188919382e-01 1.000000000000000000e+00 5.292210493175819597e-01 4.941648674384513940e-01 5.161583587897845549e-01 4.728608613458134546e-01 5.320047410349523220e-01 5.638365718408572258e-01 4.998160740299277260e-01 5.196876342639068502e-01 5.804709161407515250e-01 5.734009392121821591e-01 5.192306885542865569e-01 5.200320341716910821e-01 5.531100189088756780e-01 4.518350815237855977e-01 4.963991969154777917e-01 5.487550135303381760e-01 5.430545437841740597e-01 5.326601177295456901e-01 5.495068860160985391e-01 5.569032769826338658e-01 5.687938685345381717e-01 5.691604458362152785e-01 5.688965274998036836e-01 5.739688274125971379e-01 5.902609560019876911e-01 5.735191683055327339e-01 5.692616136714647723e-01 5.822299359554182763e-01 5.779090252640690650e-01 5.767336139453185240e-01 5.880779375764734196e-01 5.780964741433375353e-01 5.829981321646379167e-01 5.865361622384652751e-01 5.824449662631171476e-01 5.835127682985614683e-01 5.853088503613446125e-01 5.858450693364911643e-01 5.924782699516332185e-01 5.796456329769327231e-01 5.957151857688222085e-01 5.870566223565298891e-01 5.935167113909666226e-01 5.675862457204510214e-01 5.838002500515797610e-01 5.523116279195731115e-01 5.813278898549982809e-01 5.887106250696159115e-01 5.875479362997180210e-01 5.835025117215051349e-01 5.846975789054286166e-01 5.910723063092119256e-01 5.888321015079440723e-01 5.886131341376190651e-01 5.897053467176913699e-01 5.865159977846070571e-01 5.848447756067330916e-01 5.878202732129248487e-01 5.824515759661840208e-01 5.883100930751851143e-01 5.899444502546502545e-01 5.939004307945934258e-01 5.890407053854213038e-01 5.823923776215470527e-01 5.928668436533892638e-01 6.019206991118492001e-01 5.869707792423465298e-01 5.940501432723132025e-01 5.908119554806544604e-01 5.903020443934730022e-01 5.920702255885510468e-01 5.929289568273101718e-01 5.916384354444064186e-01 5.916464932860421300e-01 5.945991635377840812e-01 5.944566072795341993e-01 5.916013312356621645e-01 5.941724953880032079e-01 5.893713458726879129e-01 5.922583163535071193e-01 5.958514188685491986e-01 5.908359528828595053e-01 5.966289651843346142e-01 5.917972067181213047e-01 5.949608406122838256e-01 5.914935582970672900e-01 5.942282264981240125e-01 5.946398061761783982e-01 5.897996413002541960e-01 5.920679714153104234e-01 5.906823769465427976e-01 5.852728016363872854e-01 5.887949534807190854e-01 5.881654845663732978e-01 5.906788811378319570e-01 5.905946142346977235e-01 5.881380417441172126e-01 5.913914194433113058e-01 5.908566250348331605e-01 5.898910131657749689e-01 5.926019037548068136e-01 5.864782296407399231e-01 5.917456097271207582e-01 5.876602227372873521e-01 5.909034898346817721e-01 5.917267712851251860e-01 5.911830282215534416e-01 5.910171808202197008e-01 5.915546666878462867e-01 5.899867260313990114e-01
4.735589145818431406e-02 1.264369943109429351e-01 3.398446965419394394e-01 5.924216825881907234e-01 4.477526045548227973e-01 5.292210493175819597e-01 1.000000000000000000e+00 6.854109112466456599e-01 7.337244671907503513e-01 6.788917736430566396e-01 7.457261181618216606e-01 7.998534080796181334e-01 7.247517749314775770e-01 7.135855850755323804e-01 8.318317894188956840e-01 8.047123410126979515e-01 7.321799892326242842e-01 7.213374451427546630e-01 7.671512624322434082e-01 6.951048159539990889e-01 7.056003076355960024e-01 7.785136000830404912e-01 7.707108949829934996e-01 7.527955155438522672e-01 7.624668675154301356e-01 7.933833621977420814e-01 7.844517203281512474e-01 8.051563976266418177e-01 7.793969777007171418e-01 7.945073740300137022e-01 8.163991594381510009e-01 8.337083554113708939e-01 8.096471958068444108e-01 8.283355282588293900e-01 7.985444613497223454e-01 8.216861017999893546e-01 8.029582198574621854e-01 8.205642577672793703e-01 8.307686258196665952e-01 8.216349207444139102e-01 8.177390527950709753e-01 8.289458122493904568e-01 8.209244846914196536e-01 8.311224934337183567e-01 8.306129786712779239e-01 8.246687271589032697e-01 8.288512051684027160e-01 8.268444132318082396e-01 8.297581382861332067e-01 8.237093055146668119e-01 8.258268840034174163e-01 8.054034225853091700e-01 8.247511959600003495e-01 8.202893724442117396e-01 8.185223299163348898e-01 8.277673066777302413e-01 8.150942966792037447e-01 8.227047641238652842e-01 8.179679034066568155e-01 8.263794795180260389e-01 8.277479508801394159e-01 8.168466831875301759e-01 8.087994036100581985e-01 8.211698634464265067e-01 8.136118183878157106e-01 8.216127399205804815e-01 8.270210460191149693e-01 8.315224051201859368e-01 8.366995303374932247e-01 8.275780738275280157e-01 8.304966335682729683e-01 8.329623757932430594e-01 8.265539026899380026e-01 8.278785483625951125e-01 8.281849244719393655e-01 8.268953898261812707e-01 8.311085644465152633e-01 8.218821585587384737e-01 8.257317082687336551e-01 8.201216680258338609e-01 8.268903286741829950e-01 8.255354134673866806e-01 8.353629769970877250e-01 8.315523680085291636e-01 8.372929739502134039e-01 8.376901216348993096e-01 8.287807610833964889e-01 8.321599135905314304e-01 8.310235136446519899e-01 8.360846007239964850e-01 8.339624462748008726e-01 8.329720551745292134e-01 8.316927360524913881e-01 8.314352278187668865e-01 8.272413688690904987e-01 8.268632748149226108e-01 8.312147418961024492e-01 8.218651727271406582e-01 8.280748494742063981e-01 8.303511876273993453e-01 8.312653747630754930e-01 8.257761257691738077e-01 8.285748451458514463e-01 8.292645184575485606e-01 8.336193992109979245e-01 8.203177358767979044e-01 8.285479520791931840e-01 8.247584742422578996e-01 8.291182906202455571e-01 8.257229393101747084e-01 8.282480256096005355e-01 8.262462051161787446e-01 8.246396590009098526e-01 8.259319045349633459e-01 8.201978505672451458e-01 8.254104514272637694e-01
6.621491662405516732e-02 1.011637253163652217e-01 3.350680577617730638e-01 5.598497423762874847e-01 4.484562815143714465e-01 4.941648674384513940e-01 6.854109112466456599e-01 1.000000000000000000e+00 6.798432443854984797e-01 6.119485827809121314e-01 6.913184053339086477e-01 7.434475130225719486e-01 6.861005957083813334e-01 6.607892813879293614e-01 7.603161270820207873e-01 7.904162319666340197e-01 6.700771029697685233e-01 7.131570957705961611e-01 7.326380201822418892e-01 6.581967275842177667e-01 6.966580440034352284e-01 7.549286518188067507e-01 7.139449508165962577e-01 7.084824827953070114e-01 7.225078392212596068e-01 7.273377242370402396e-01 7.196468066684992282e-01 7.198187518241861982e-01 7.205754822083081379e-01 7.382659224383290031e-01 7.481681851586000631e-01 7.715505914968641132e-01 7.297405953974515080e-01 7.625142275962544236e-01 7.372815500362581709e-01 7.488759744506529037e-01 7.336928640761910536e-01 7.615668278295656402e-01 7.603994953767200249e-01 7.515301421560798278e-01 7.468209531367933085e-01 7.598844170109749774e-01 7.687038970868187437e-01 7.713837961562690637e-01 7.605651111211080284e-01 7.530366048877741303e-01 7.701564701465495322e-01 7.665489358961030675e-01 7.865349709599167571e-01 7.704370274740945934e-01 7.729158883489058995e-01 7.522790841096034242e-01 7.710545225346425724e-01 7.756882451981560456e-01 7.802363776569548603e-01 7.781161754426022537e-01 7.993416925373127979e-01 7.739531278739875120e-01 7.772888365432712998e-01 7.730803454961636678e-01 7.790698541840556102e-01 7.733599045309633713e-01 7.844390928399292973e-01 7.722668349623938999e-01 7.677763684349290241e-01 7.819872686428069875e-01 7.605736337956734427e-01 7.771682668305449626e-01 7.738832037473636349e-01 7.753711276942752972e-01 7.828253437883456733e-01 7.743765274194670534e-01 7.723193401720667151e-01 7.642291569296570941e-01 7.614952267833517974e-01 7.595777324407491093e-01 7.524705524675581181e-01 7.603150527047178864e-01 7.577033205299934515e-01 7.624001237612735293e-01 7.647062148207808274e-01 7.619273769056645884e-01 7.776628475508154947e-01 7.668429285127391637e-01 7.790122243960918569e-01 7.718047010320818746e-01 7.647597725183241657e-01 7.698733328253042352e-01 7.672495979206388483e-01 7.803287527672073676e-01 7.624088165899282066e-01 7.649992622131852604e-01 7.708917274832758348e-01 7.636579262148303071e-01 7.684031523324454938e-01 7.672310798619418337e-01 7.861908803457751116e-01 7.803147173116924407e-01 7.751322785115012381e-01 7.726513747378059849e-01 7.729066315105139751e-01 7.790601794536798907e-01 7.720833203658308275e-01 7.750606877390991967e-01 7.770665186522536239e-01 7.844405497740531974e-01 7.805801445554551021e-01 7.621778260760211365e-01 7.730234217789871964e-01 7.702380318326860209e-01 7.782222944099769224e-01 7.693862894174912093e-01 7.728058098176852075e-01 7.734784722373806432e-01 7.624781044594146628e-01 7.738376741898712607e-01
1.670847537004638839e-01 1.520954853997494305e-01 3.404334497523022196e-01 5.620938775261733467e-01 4.177355752759026042e-01 5.161583587897845549e-01 7.337244671907503513e-01 6.798432443854984797e-01 1.000000000000000000e+00 7.110055395950802826e-01 7.672602752618096211e-01 8.109005825889891161e-01 7.311392395017753953e-01 7.378065117796902550e-01 8.255876532092794040e-01 8.155109653678850323e-01 7.730508841895062933e-01 7.422177091416032324e-01 7.812510829158149095e-01 6.786012192297534718e-01 6.986476546945374899e-01 7.830744212747465793e-01 7.839266906584230199e-01 7.520309508130841314e-01 7.715975258477633103e-01 8.244441047032803338e-01 8.110673226725920726e-01 8.102991378738313433e-01 8.124346014886093537e-01 8.378518499223648330e-01 8.484333196568459856e-01 8.286124425836999263e-01 8.156580604276993940e-01 8.361931969267902831e-01 8.230879692386318114e-01 8.238976928276036116e-01 8.330599651721177779e-01 8.205454446883366781e-01 8.371214788990724021e-01 7.985613415909891266e-01 8.334147222748576889e-01 8.331269584897643687e-01 8.212492809898234158e-01 8.399265833113380708e-01 8.419198219489226753e-01 8.290421505368523736e-01 8.486792572679280333e-01 8.522560619900466650e-01 8.495802118358433130e-01 8.141249087810403795e-01 8.310388440039006008e-01 8.218461136734460659e-01 8.399103773137078788e-01 8.577388075224904318e-01 8.481035963895585672e-01 8.397332289713275166e-01 8.521555062362509148e-01 8.489049112986625234e-01 8.373603252543107001e-01 8.548789686016596834e-01 8.479511309433193089e-01 8.499562505792763734e-01 8.399575555131081339e-01 8.500721856815047772e-01 8.602599372434405200e-01 8.563135453200177993e-01 8.514587436639988738e-01 8.521235946353690194e-01 8.543228506124329602e-01 8.409336900994548447e-01 8.438418964144954737e-01 8.529581938171847399e-01 8.423755442715912256e-01 8.424409827748126078e-01 8.511148266396302287e-01 8.479082693624094835e-01 8.367006779171489717e-01 8.512506847116012576e-01 8.437554248532582735e-01 8.543511765866619312e-01 8.500183558998160027e-01 8.500543398402363726e-01 8.551613269987621280e-01 8.557368261849634949e-01 8.471320545036076233e-01 8.517028487932017944e-01 8.476735928280504373e-01 8.440225585959402199e-01 8.457330418398325556e-01 8.495471673784108502e-01 8.396931749760175867e-01 8.445306743168580210e-01 8.485807640794282847e-01 8.444222063380801835e-01 8.466153903710899042e-01 8.505056772080739069e-01 8.372843421288680421e-01 8.471469986663706653e-01 8.448388977419498680e-01 8.453629479611820541e-01 8.411838569572159807e-01 8.476191385562116265e-01 8.489575895492897928e-01 8.499312984389152392e-01 8.542836858903092301e-01 8.481878211424321856e-01 8.499881532266982953e-01 8.497771368685435034e-01 8.529101749500292984e-01 8.503882825949006241e-01 8.474875866600217744e-01 8.526800117258246381e-01 8.483585002838421874e-01 8.507398230144840312e-01 8.553682831508527817e-01 8.548405049706395697e-01
2.829696096688448168e-02 1.966421841951611349e-01 2.951642917855697434e-01 4.923364422495865589e-01 4.071215440814754394e-01 4.728608613458134546e-01 6.788917736430566396e-01 6.119485827809121314e-01 7.110055395950802826e-01 1.000000000000000000e+00 7.464666806479702821e-01 7.711773433225707075e-01 6.915158344345320174e-01 7.156581229889970031e-01 8.017318187820652309e-01 7.697438508695638726e-01 7.372900261255899146e-01 6.453544509206364799e-01 7.120470966700865878e-01 6.339444999343977205e-01 6.416314426538693994e-01 7.133654584960109624e-01 7.060697561973672265e-01 6.613139498594201582e-01 7.021380126197871441e-01 7.874092952952871372e-01 7.747713142237907524e-01 7.695148334257018163e-01 7.560945277849844270e-01 7.819964450257980149e-01 8.119907766142637762e-01 7.788748450938223211e-01 7.678633524099717222e-01 7.864907486886428822e-01 7.750487277258261143e-01 7.700189508851658093e-01 7.943912230181040535e-01 7.932691660081467866e-01 8.103173025524380568e-01 7.696944582131464152e-01 8.111231817640349728e-01 8.063315142751160680e-01 7.878082347937009899e-01 8.079951927048621974e-01 8.045036143500700065e-01 8.107370575198659113e-01 8.156220449285752627e-01 8.224101647867992915e-01 8.127987864174198718e-01 7.785729470095867910e-01 8.038654786697563281e-01 7.439257346782226499e-01 7.992826714242573516e-01 8.181688831792154337e-01 8.048606989156184000e-01 7.954826893489851392e-01 7.984106395526838762e-01 8.089339253899519022e-01 8.091448039796280689e-01 8.171073832940393133e-01 8.165256000019637250e-01 8.175409182050650259e-01 8.005393694407563210e-01 8.145344985794377157e-01 7.967957737864838075e-01 8.090479921375864913e-01 8.221449663457718326e-01 8.108206615444339960e-01 8.170912356243844599e-01 8.003024583529426694e-01 8.013119064233045208e-01 8.124183046740136582e-01 7.948892352499534741e-01 8.016736850126939817e-01 8.237470675129527908e-01 8.208849300641106739e-01 8.167328668578486273e-01 8.169321735589140099e-01 8.155735750937284090e-01 8.212295522321023666e-01 8.180232797615855089e-01 8.208798819323289697e-01 8.194232280548731095e-01 8.211515880971080872e-01 8.095230748376193164e-01 8.158442945222224019e-01 8.155045398124828315e-01 8.212739972402944844e-01 8.203053372178372715e-01 8.161849117865103143e-01 8.206923937272622149e-01 8.215425523730935931e-01 8.190091492974179710e-01 8.194185554425410523e-01 8.200766587877832414e-01 8.241548587600021625e-01 8.024171196733553835e-01 8.063229221660550561e-01 8.195695918446028738e-01 8.175921327616578749e-01 8.147305841307151963e-01 8.134873662547380535e-01 8.177797483823362468e-01 8.187015604225231780e-01 8.142743488498601634e-01 8.113804042721695087e-01 8.200268414289560992e-01 8.251639259837175722e-01 8.235987412230167948e-01 8.183835081415025137e-01 8.178856043993342206e-01 8.207286661851652676e-01 8.213361046568402601e-01 8.204581472319808499e-01 8.141636870807910098e-01 8.192846283147227071e-01
2.982339760121957215e-02 1.339686218646243820e-01 3.617747451900960032e-01 5.736387782543466152e-01 4.337183973106535917e-01 5.320047410349523220e-01 7.457261181618216606e-01 6.913184053339086477e-01 7.672602752618096211e-01 7.464666806479702821e-01 1.000000000000000000e+00 8.491584284959998730e-01 7.622634215749959363e-01 7.664413338693450983e-01 8.642852426552184442e-01 8.457253301239970877e-01 7.870422899617202095e-01 7.274918389111141304e-01 7.887192739476713843e-01 7.065586986647396373e-01 7.153005870940403188e-01 7.918049630568285702e-01 7.758262389610109944e-01 7.483146346386646552e-01 7.803500337142684762e-01 8.463990128082036213e-01 8.395440126395828928e-01 8.371762518134784337e-01 8.239546651688218759e-01 8.461343755644138431e-01 8.862758661112501990e-01 8.529656412161849000e-01 8.378357292777256493e-01 8.572921264373438710e-01 8.455406316982699844e-01 8.534234501234377879e-01 8.622845848712280548e-01 8.690572384972714559e-01 8.819833076668843752e-01 8.534262472223561602e-01 8.753831648589727177e-01 8.763477447463321468e-01 8.704475760856497102e-01 8.817931594912881144e-01 8.765929346149280432e-01 8.762080581541089597e-01 8.846213850311486215e-01 8.895112617524429943e-01 8.848411022751058175e-01 8.513635020510883500e-01 8.770423828519334775e-01 8.268497370394730650e-01 8.701771832839886311e-01 8.870592796772068800e-01 8.754531453167280208e-01 8.724711587980953365e-01 8.712631922187599187e-01 8.847186741797220533e-01 8.794293273238857900e-01 8.874788816999833463e-01 8.875771075844191005e-01 8.866376281535588433e-01 8.741965779624426558e-01 8.847775832651895156e-01 8.721471673738359076e-01 8.816552840279660019e-01 8.892979409420541659e-01 8.852942599347235486e-01 8.880336579171811406e-01 8.800466659241412692e-01 8.791283547328734294e-01 8.863370783078122761e-01 8.720075963401717756e-01 8.779039688828844668e-01 8.911217531602368958e-01 8.910527571895613397e-01 8.837951893592388419e-01 8.824735125087374010e-01 8.869640239409521953e-01 8.886717686846746789e-01 8.886999876814737354e-01 8.926051943359666341e-01 8.887809722787097799e-01 8.882060582286837036e-01 8.821777873373961576e-01 8.869961988773481520e-01 8.899173225293663947e-01 8.917364029696439598e-01 8.909414839735175784e-01 8.879127468967279446e-01 8.890837805088062096e-01 8.914174137557321353e-01 8.907908275592635317e-01 8.916261315608884352e-01 8.914032915021594672e-01 8.937149980551619688e-01 8.810957368549701130e-01 8.764379692174707470e-01 8.882756663194484315e-01 8.893741021374066413e-01 8.887758009477656485e-01 8.865393091919933077e-01 8.898545131221197169e-01 8.907122032033417680e-01 8.876837446469817428e-01 8.857850844887232844e-01 8.890059520490175560e-01 8.919092118545565162e-01 8.934061400088968430e-01 8.905461008026808178e-01 8.915880898245641673e-01 8.923100378225007345e-01 8.918498862472522548e-01 8.923807035671343924e-01 8.859084818021754071e-01 8.899039040884966223e-01
2.499179419950355030e-02 1.356013565421546330e-01 3.694065872614317181e-01 6.341922797109024179e-01 4.740862527304680052e-01 5.638365718408572258e-01 7.998534080796181334e-01 7.434475130225719486e-01 8.109005825889891161e-01 7.711773433225707075e-01 8.491584284959998730e-01 1.000000000000000000e+00 8.040323802150211030e-01 8.127091942538133829e-01 9.124834576211364734e-01 9.004719253987856220e-01 8.301750042149651510e-01 7.831511308899680168e-01 8.427301160596997187e-01 7.824289637065440228e-01 7.920796597151685825e-01 8.568001859842779844e-01 8.231451800357306725e-01 8.052480094964752366e-01 8.282178137813968055e-01 8.822166166068874382e-01 8.765429403810143238e-01 8.737375732184959887e-01 8.582383902592116698e-01 8.823659007421720268e-01 9.254168601041938835e-01 9.083530812673485944e-01 8.851599356014603348e-01 9.106686202419813636e-01 8.872220498123291055e-01 8.975116281532570239e-01 9.015140050024379459e-01 9.179850504494339036e-01 9.254097199063746615e-01 8.916919951984978443e-01 9.242318997587664064e-01 9.238820812861713305e-01 9.196026266149589512e-01 9.330347453436709237e-01 9.218750177330464757e-01 9.210794427197234180e-01 9.368671120307892064e-01 9.365550372964192016e-01 9.351754243087301299e-01 9.108905811552245879e-01 9.319599401167755204e-01 8.953658542913752738e-01 9.263108959124797259e-01 9.320450779127552599e-01 9.220592685465465177e-01 9.187389207577753014e-01 9.226388908316501825e-01 9.332198270354217229e-01 9.282740033841434535e-01 9.393183021710656000e-01 9.397777175313534181e-01 9.373430714251864693e-01 9.232841182376652078e-01 9.365516110008809125e-01 9.275757797573205288e-01 9.341399642723943186e-01 9.381142616369574361e-01 9.370615434032223412e-01 9.372351793833970657e-01 9.365708691489210702e-01 9.376489954917999192e-01 9.365740896902747803e-01 9.282789284315229317e-01 9.263176575748585106e-01 9.356315548835649754e-01 9.357734897531891916e-01 9.293586133266517058e-01 9.283672443567853039e-01 9.309582079483125217e-01 9.322873675646239366e-01 9.327096298371160277e-01 9.369562436415062034e-01 9.364649728630525249e-01 9.354440983508306440e-01 9.327190467468072788e-01 9.405308314932596669e-01 9.368050057118485485e-01 9.386003759899493870e-01 9.379357945923051387e-01 9.351780351967661220e-01 9.347363959312061654e-01 9.388709853765215829e-01 9.397636592903996222e-01 9.388880637924772454e-01 9.414690632783225821e-01 9.405912032745911144e-01 9.289789044974049448e-01 9.282266665828745600e-01 9.392480272593018986e-01 9.404861080241692095e-01 9.388453069738770251e-01 9.368032013961221649e-01 9.395833953053802645e-01 9.424135582078255746e-01 9.410666689348717862e-01 9.319852551898816229e-01 9.394648689679820919e-01 9.387949543413101061e-01 9.383112806702721409e-01 9.406382497801827336e-01 9.389557930422085530e-01 9.424143236464064266e-01 9.403707286466403970e-01 9.415284667787739981e-01 9.383555846982385429e-01 9.404843712780094345e-01
2.649529901870906895e-02 1.091362799153042518e-01 3.161224148817040058e-01 5.522651952274056919e-01 4.645486144920222271e-01 4.998160740299277260e-01 7.247517749314775770e-01 6.861005957083813334e-01 7.311392395017753953e-01 6.915158344345320174e-01 7.622634215749959363e-01 8.040323802150211030e-01 1.000000000000000000e+00 7.267621302792173221e-01 8.258673958788290692e-01 8.210463077049336977e-01 7.394840910090860753e-01 7.129890798222711101e-01 7.603895325395295668e-01 6.890672004810983742e-01 7.186499165826881752e-01 7.740356364015081869e-01 7.473521217233464187e-01 7.400393790121954085e-01 7.582005170807084582e-01 7.769977969121143468e-01 7.744176007262220107e-01 7.764090893946103966e-01 7.637576904350638074e-01 7.858350976325951809e-01 8.160776080294708246e-01 8.152486737419496476e-01 7.965528237394960964e-01 8.214388932772186402e-01 7.915943009175574474e-01 8.139507418534716043e-01 8.045666805186190151e-01 8.151669563822092623e-01 8.299481775909046677e-01 7.974136717133462060e-01 8.229809157164653666e-01 8.288322095838815962e-01 8.343958266302620164e-01 8.357864950009585847e-01 8.279007955247938977e-01 8.241176726112514617e-01 8.354751188825244590e-01 8.346926538224324066e-01 8.367487988722048797e-01 8.137554160706733652e-01 8.280244742373922273e-01 8.096728413079697928e-01 8.344588911457309077e-01 8.310748123329382286e-01 8.219133250496253318e-01 8.163608230503079932e-01 8.253851895889395829e-01 8.340677093413026988e-01 8.208584914974611513e-01 8.418258356043510915e-01 8.412803904373993280e-01 8.376245082115426621e-01 8.230657533734284659e-01 8.390873714311275489e-01 8.316538383679850099e-01 8.374940662240730749e-01 8.363478959285722825e-01 8.413840401337068231e-01 8.390885974883176557e-01 8.390584966673328982e-01 8.416503156447627809e-01 8.391606072688031492e-01 8.357781394431441635e-01 8.333246381384261658e-01 8.327740144821859092e-01 8.332406770418754327e-01 8.306300393848927710e-01 8.260022566690966572e-01 8.328071267439851599e-01 8.295717986009010225e-01 8.326963120592295597e-01 8.353335089086972864e-01 8.386610351171893685e-01 8.359050523832902702e-01 8.382893984814245858e-01 8.428087156900364585e-01 8.378735131910366452e-01 8.377278501546526757e-01 8.396322198184945629e-01 8.338149176837780230e-01 8.354737361699506870e-01 8.390921437373121128e-01 8.408330263864887133e-01 8.397603944423078781e-01 8.412185098159092878e-01 8.402620246980245788e-01 8.352461344424112477e-01 8.306675447340664542e-01 8.389769629617807034e-01 8.401468673440662949e-01 8.429081241016621595e-01 8.360308328970731395e-01 8.411796239760788163e-01 8.461554435092998316e-01 8.463487930992964481e-01 8.335605017592310206e-01 8.392956738580286125e-01 8.356025199256404967e-01 8.365019622926427312e-01 8.412433273059685135e-01 8.375176129571946237e-01 8.431199177998750516e-01 8.400584118448816140e-01 8.422913763173461854e-01 8.377319944898899973e-01 8.410818247060968256e-01
