1.000000000000000000e+00 2.139904523651210977e-01 1.833464397735453388e-01 8.704156174301348747e-03 1.045191426981433025e-01 5.085989125005636879e-02 1.579585798043401934e-01 2.206462990204343666e-01 1.959307765058264372e-01 1.120617417697722662e-01 1.515142581765443475e-01 7.916622438363148107e-02 6.593124082781798290e-02 7.159524743051061402e-02 6.713870634452849540e-02 1.116248131115117059e-01 1.022052833163835106e-01 4.115719579889133839e-01 3.131166687216351274e-01 2.458884687267256786e-01 3.949233220526893184e-01 3.447777657147071961e-01 3.642391844082381591e-01 4.053375122255154506e-01 3.871148134142185504e-01 2.532982146079597041e-01 3.040414200451783122e-01 2.512307653901972859e-01 2.734088073006564756e-01 2.976874410684991479e-01 2.598039815510715389e-01 2.291374142823376370e-01 1.942043545610402933e-01 2.546443180106171544e-01 2.007780151095804599e-01 2.113083962399782134e-01 2.317875863439495254e-01 1.553564679258004622e-01 1.714447174583334788e-01 1.826231337037114988e-01 1.013525370019902894e-01 1.227556095006283182e-01 1.146353473831249331e-01 1.258643179568915971e-01 1.565027520807803219e-01 9.077184488988407352e-02 1.733851337097129866e-02 5.127570806502997763e-02 3.421068423606844766e-02 1.290132144675091019e-01 1.142675936120154251e-01 9.556233614754970629e-02 6.730900206149013909e-02 7.931340006771614437e-02 1.002908127946910560e-01 1.218072796566913862e-01 1.007682527012264267e-01 6.278614076289538992e-02 5.032083674489531283e-02 5.352327072026806520e-02 2.426584030416782667e-02 5.701356286823213576e-02 6.165626035810352346e-02 7.597420977250446406e-02 9.579189250264101563e-02 9.850742196119534333e-02 3.508079101680924156e-02 1.300485927726093005e-01 1.321989813551100734e-01 1.261656608725504891e-01 1.766656419528025157e-01 1.273946468507160257e-01 1.747158664664016647e-01 1.734475207245445016e-01 1.178015463954391467e-01 1.053480585575965328e-01 1.091061449855179194e-01 1.275594041367459075e-01 1.248926210150684973e-01 1.178444792516562256e-01 1.183829983744702219e-01 1.006130435249400906e-01 9.825411261277088026e-02 9.509502115919338250e-02 9.651323051634870531e-02 1.128082972983271842e-01 1.044623677200241657e-01 7.183898237480662585e-02 7.137973431273994529e-02 1.117062880858233492e-01 1.083523992481830872e-01 5.273647965784423325e-02 7.452002445768575456e-02 7.132152735091559781e-02 1.417980249958997879e-02 3.078885534013474368e-02 7.463426352669165487e-02 6.289348398629035497e-02 2.714608590022878770e-02 4.743679054391573835e-02 3.410539272502488561e-02 5.749683823865597149e-02 4.045940839216202040e-02 4.465919048687606169e-02 7.793660272554756019e-02 6.429839645561535866e-02 1.530887024803974199e-02 4.147616892851012371e-02 5.576650077770287095e-02 4.433822282229309131e-02 3.999713373712748127e-02 3.297953259732470249e-02 2.383975922826293836e-02 4.917168699345320776e-02 6.033235366926577997e-02 4.993106906901837588e-02
2.139904523651210977e-01 1.000000000000000000e+00 1.395989113185405750e-01 2.548344577136268593e-02 3.217107953393061326e-02 1.086072336217615425e-01 1.453169529360421874e-01 1.727180760714830954e-01 1.927726834655348054e-01 2.118180320489220780e-01 1.820208581120226488e-01 1.299388698835706457e-01 1.370341128993961266e-01 1.442762913700541549e-01 1.618434654665427685e-01 1.788990029430952700e-01 1.714094794171209524e-01 3.018454708801110442e-01 2.686295165381769046e-01 1.564720465941909222e-01 2.581075492650229397e-01 2.833013600412845334e-01 2.955604675380836266e-01 2.774883245812352350e-01 2.992793887816912468e-01 2.511381979754265803e-01 2.410063327788503074e-01 2.564809739929193588e-01 2.737122291717987710e-01 2.810998101681735917e-01 2.635863359894707325e-01 2.452836906728517175e-01 2.087029117939941392e-01 2.629528926791981913e-01 2.389050321758198758e-01 2.165151113001237970e-01 2.595898505222687946e-01 2.383620699629372952e-01 2.255368277409509070e-01 1.998243822002643555e-01 1.769511299306734953e-01 1.947788390616808085e-01 1.765628712526521871e-01 2.073009159447198047e-01 2.077631402843271580e-01 2.099916033245952662e-01 1.400526029438233233e-01 1.639279872163567908e-01 1.389081026732164603e-01 1.706955284568842657e-01 1.777156201389694656e-01 1.351691819539673489e-01 1.462848801036315260e-01 1.805655419873035405e-01 1.925729689828573898e-01 2.078571351365699205e-01 1.681524155318209202e-01 1.614865897603335598e-01 1.514378901613992745e-01 1.557989746578486434e-01 1.334034285993123403e-01 1.598303906533250496e-01 1.477159735968625875e-01 1.691996198901267456e-01 1.755823252914909538e-01 1.788922797046448021e-01 1.528340190005669508e-01 1.999520682626594603e-01 1.987123542024226974e-01 1.615056952190496720e-01 2.081634820200022606e-01 1.975243487716277779e-01 2.125396875237294259e-01 2.160327643678979503e-01 1.830783689396710823e-01 1.806520448348924723e-01 1.925442346144384531e-01 2.041154862044650964e-01 2.023667413597481923e-01 2.023306407373624827e-01 1.920668152198446998e-01 1.859862125586055348e-01 1.879383962849929257e-01 1.901978062629572641e-01 1.822711673414670053e-01 1.935998658085384405e-01 1.706052334703909712e-01 1.853669446781257002e-01 1.819041436607614637e-01 1.994624345180607827e-01 1.821459347168585818e-01 1.599355927795794996e-01 1.681761144600714408e-01 1.773884511097947592e-01 1.392762088624701633e-01 1.492062840422260228e-01 1.509685953684601900e-01 1.549808704882286170e-01 1.355480493746414883e-01 1.483063751898377747e-01 1.394436888050648859e-01 1.595573172143043006e-01 1.437499168886613721e-01 1.501150098544517808e-01 1.583606370935004837e-01 1.645337571058216042e-01 1.406182448201809820e-01 1.613692375986442717e-01 1.706781258121666811e-01 1.556277675342863653e-01 1.590618565558530317e-01 1.503528855250169383e-01 1.431516186706484062e-01 1.555860716755167461e-01 1.594332305949061057e-01 1.570987427276860082e-01
1.833464397735453388e-01 1.395989113185405750e-01 1.000000000000000000e+00 2.095202935979134928e-01 1.616533118622230925e-01 1.778960810061489817e-01 3.079894612886794336e-01 3.076592783046313562e-01 3.052139615011262297e-01 2.757226178019943630e-01 3.143468205396824922e-01 2.907812400470073388e-01 2.606375286517363943e-01 2.710008101501797939e-01 3.123374544818754983e-01 3.198927003634621236e-01 2.957306114937771624e-01 3.977334149479654357e-01 3.891722239900631264e-01 2.871959836842687408e-01 3.916071727616268205e-01 3.955925928422325821e-01 4.044929436070691109e-01 3.620974112726423888e-01 3.817139783141995646e-01 4.054574479187696978e-01 4.235472446444829009e-01 4.032958335634056479e-01 4.019593540772457008e-01 3.985010984788879274e-01 3.896407910546809683e-01 3.882485132613153755e-01 3.787267685714464371e-01 3.853757281668096502e-01 3.715582460489547101e-01 3.685793156721726693e-01 3.861545677261920551e-01 3.604646727347599056e-01 3.618694100195747887e-01 3.891452665036744807e-01 3.409938677071442381e-01 3.500807999781750945e-01 3.427864485550778939e-01 3.513478491958102468e-01 3.562139287468982785e-01 3.294073956577297513e-01 2.912254292340085704e-01 3.121689590520566604e-01 3.115359274426240943e-01 3.634396113765335778e-01 3.551503566008991641e-01 3.154014402708040232e-01 3.081049020716031817e-01 3.270162279819549545e-01 3.380974354912059110e-01 3.595905163425511808e-01 3.388950219475226899e-01 3.199010099587993317e-01 3.208455055112856558e-01 3.125565262781490605e-01 2.999246341679077110e-01 3.154895809398545192e-01 3.197443339296853204e-01 3.267418248846977180e-01 3.377434274927805791e-01 3.357550269739444926e-01 3.045848379828355879e-01 3.494623263451175910e-01 3.468294699734445485e-01 3.244837128979616292e-01 3.642064515120169155e-01 3.477985610314235365e-01 3.505087945329024568e-01 3.518044802636560719e-01 3.560850034671784181e-01 3.537757658437433728e-01 3.525344501426748156e-01 3.568208465816321007e-01 3.498492088997298133e-01 3.463085617503095515e-01 3.484161252888611227e-01 3.375106637442562563e-01 3.306864742655971634e-01 3.412619236218867869e-01 3.396333258416841527e-01 3.371240301014434282e-01 3.389035422848492574e-01 3.311429299483314437e-01 3.242242537804735925e-01 3.433150835701445081e-01 3.568665078693514237e-01 3.189148650627938175e-01 3.267789722021139931e-01 3.260616635760071880e-01 2.948436723264470927e-01 3.036978387716181560e-01 3.275902493894721768e-01 3.130293112910464970e-01 3.064514940428088585e-01 3.185700424329909741e-01 3.084010638588235986e-01 3.169140338330959095e-01 3.096341595699710347e-01 3.148053597686032989e-01 3.241886449607381815e-01 3.155569715085342897e-01 2.945492934882773528e-01 3.100771013215030125e-01 3.184491144386843997e-01 3.102489321508736242e-01 3.146357564507711313e-01 3.032316604791923109e-01 3.017964971241594574e-01 3.112359444212456361e-01 3.159473071794176580e-01 3.117685590175583998e-01
8.704156174301348747e-03 2.548344577136268593e-02 2.095202935979134928e-01 1.000000000000000000e+00 3.472366584792754285e-01 3.100590355052707525e-01 4.735532613453656836e-01 4.332542041973236890e-01 4.558279610098370793e-01 3.423084490872706498e-01 3.891095407573403331e-01 5.638527887016109297e-01 5.014420264764525292e-01 3.690657666075410348e-01 5.091795687734228526e-01 5.094096569644751549e-01 4.311872497805767646e-01 2.499521687009909621e-01 2.987753398650491721e-01 5.668618024904805708e-01 3.397925735664907299e-01 2.779354608806371973e-01 2.273149066425967368e-01 3.057501980556294741e-01 2.933884294139134652e-01 3.856722903793521340e-01 3.616459275092969161e-01 3.083939861066717358e-01 2.710639030548683825e-01 2.857430755455127591e-01 3.601413157366225026e-01 3.783611768171400991e-01 2.993729681224197581e-01 3.270416059865851599e-01 2.560594338074043685e-01 4.420836524443159110e-01 3.792101995098987599e-01 3.395206816500855318e-01 3.776620465089490231e-01 4.212299371878633902e-01 4.950436923376263509e-01 4.388704412491733486e-01 4.723884282338279283e-01 4.498974075761518199e-01 4.530594524974070336e-01 3.973784451706567911e-01 4.779861377490614016e-01 4.715467002247629713e-01 4.850658250880794387e-01 4.547633292300022334e-01 4.581645546497610799e-01 5.443592551990272810e-01 5.281932323889444447e-01 4.404765328504939292e-01 4.162029862081151332e-01 3.896425666183710446e-01 4.513799243322049737e-01 4.578826464670480156e-01 4.599083334874827789e-01 4.727054144829594406e-01 4.892569936583747725e-01 4.668728852479860358e-01 4.624949983119280295e-01 4.619076868871766495e-01 4.573002783682715844e-01 4.596517498465114704e-01 4.661315764462840572e-01 4.409183080831433621e-01 4.476471002758725670e-01 5.589735526685556399e-01 4.567196536526296202e-01 4.430707363029983137e-01 4.392858718302120047e-01 4.461104730421837083e-01 4.651910613726525368e-01 4.497988754288044233e-01 4.347220515145547859e-01 4.232308811141601845e-01 4.298710034435789251e-01 4.059853384432322021e-01 4.382827673262709722e-01 4.509742630994427737e-01 4.345436814735040842e-01 4.161880955384166803e-01 4.369546200138227920e-01 4.373009799592815772e-01 4.765148932805661763e-01 4.440145053631879835e-01 4.442826728807166559e-01 4.351154872151055120e-01 4.556051769320078049e-01 4.879951907334632022e-01 4.724055492388501420e-01 4.587108474066675101e-01 4.893629185408642224e-01 4.813506135453572421e-01 4.966649258041905268e-01 4.825284691879143661e-01 4.951024982750414916e-01 4.958088750778598119e-01 5.052683924739005406e-01 4.772156171267717406e-01 5.045054364719798734e-01 4.951726097844898478e-01 5.024617458121446445e-01 4.630994972928601516e-01 4.888459436881345543e-01 4.647737917946238584e-01 4.527114309434404071e-01 4.874534304228875237e-01 4.755095689458355146e-01 4.826195246982128984e-01 4.839002400537831816e-01 4.791777482710690705e-01 4.726838555661137531e-01 4.846789256652084821e-01
1.045191426981433025e-01 3.217107953393061326e-02 1.616533118622230925e-01 3.472366584792754285e-01 1.000000000000000000e+00 2.438343120709477174e-01 4.637900022867069150e-01 4.398002048441258527e-01 4.042666173481387348e-01 3.136736363855249232e-01 4.090593907428313192e-01 4.557322174539424897e-01 4.658041366375444414e-01 3.706335167573140965e-01 4.522473473966467372e-01 4.677374100663014844e-01 4.104201416781939615e-01 3.157013122831631713e-01 3.423013408564891669e-01 4.301639853837960215e-01 3.927992859849740448e-01 3.464313555260473132e-01 3.002208864872792926e-01 3.389416865125452483e-01 3.375620692363999753e-01 4.205932496218568462e-01 4.071008155627982572e-01 3.690766293421757771e-01 3.364404923699518823e-01 3.268334293022002179e-01 3.793060194798160700e-01 3.868278446043529328e-01 3.400534697748515689e-01 3.632628436428382290e-01 3.065653115811134422e-01 4.409551436148593795e-01 3.868508732703548891e-01 3.579384733997983958e-01 3.778213577400442724e-01 4.117591245034462610e-01 4.405839529435668922e-01 4.193608074350769765e-01 4.392530544261499248e-01 4.286679438928259200e-01 4.294592377712342923e-01 3.791601211371157243e-01 4.189843552473502264e-01 4.213333007478704539e-01 4.231054488558842475e-01 4.209624448247301642e-01 4.260267689450224493e-01 4.689861116534622676e-01 4.636869089387803400e-01 4.056203822547594928e-01 3.936069495851078903e-01 3.827240552771674076e-01 4.164822895829060068e-01 4.205917631899825371e-01 4.169649345199700763e-01 4.280834537958512209e-01 4.294560934130630669e-01 4.152295990269935233e-01 4.134078148261269292e-01 4.178510349872529006e-01 4.278035922083736065e-01 4.190853049607761727e-01 4.183866271084882849e-01 4.151202044818425585e-01 4.122432328480333807e-01 4.619461199206050805e-01 4.346371691354838362e-01 4.205110815539974123e-01 4.124357937620801717e-01 4.219413671036711944e-01 4.388941062861084208e-01 4.240045730726625939e-01 4.178349529805692186e-01 4.104651084231261682e-01 4.100486294760176120e-01 3.915865099946934658e-01 4.094201222055504075e-01 4.164144269807055210e-01 4.099452342729329457e-01 3.945306753295984570e-01 4.103330820666345469e-01 4.109128765628310975e-01 4.289017359846333255e-01 4.068014251528636605e-01 4.060810384911567317e-01 4.049142223719843225e-01 4.328796600910823633e-01 4.353324626677772535e-01 4.274056457171045986e-01 4.140132457041856284e-01 4.237342109164681792e-01 4.230299099221788151e-01 4.457603561975947426e-01 4.221151677753577913e-01 4.288283456395630133e-01 4.390867452102388269e-01 4.442825484398525426e-01 4.233557855753183330e-01 4.469804028496699999e-01 4.393135379017447106e-01 4.433388712161955292e-01 4.159892723814355153e-01 4.206592209118000802e-01 4.116230434685125839e-01 4.117551581490428991e-01 4.334166856391362121e-01 4.233549636794696203e-01 4.259526982743321866e-01 4.200983899192640147e-01 4.229754085604077729e-01 4.254409926382626828e-01 4.243500867774853136e-01
5.085989125005636879e-02 1.086072336217615425e-01 1.778960810061489817e-01 3.100590355052707525e-01 2.438343120709477174e-01 1.000000000000000000e+00 4.320007360762790904e-01 3.905219040090048832e-01 4.227894883846848861e-01 3.979865241310835411e-01 4.563472555104833295e-01 4.691647405963421114e-01 4.263037151838179883e-01 4.039291948762109286e-01 4.917350284948341366e-01 4.655830459966608381e-01 4.384910445250095878e-01 3.466518910829882727e-01 3.969096826245948617e-01 3.710316955475616019e-01 3.676205447025919226e-01 4.055994119467268844e-01 3.650360793646095781e-01 3.615193370880432910e-01 3.886416719408259945e-01 4.384505623649728734e-01 4.281716155302889293e-01 4.169426909237614054e-01 4.017038003356337428e-01 4.198642455421265907e-01 4.602174161883821335e-01 4.693340399805415730e-01 4.150557140155277658e-01 4.420617583808630902e-01 4.153996392428579987e-01 4.847011556693958667e-01 4.687342590218725458e-01 4.566377236564104214e-01 4.790158458403558361e-01 4.642084512442035127e-01 4.968441911042291159e-01 4.870915590248636740e-01 4.967800755797285861e-01 4.955408907005235952e-01 4.994248554759919689e-01 4.803678719674004394e-01 4.995014732137310620e-01 5.023951541514143360e-01 4.930592867811822155e-01 4.817096847507594815e-01 4.946737219072164238e-01 4.866001397217267765e-01 5.018431800949870736e-01 4.887266356180363647e-01 4.830587368414253624e-01 4.774934382502990515e-01 4.808170163369722694e-01 4.917632257422485664e-01 4.876332000509642217e-01 4.955659944228705815e-01 5.001143171587162373e-01 4.928604368387113910e-01 4.859072152538038147e-01 4.974382073643430213e-01 4.980009112808417848e-01 4.941019324414515634e-01 5.036488407953300106e-01 4.998907539816552781e-01 4.994372009968118808e-01 5.019250798246521761e-01 4.966081318038183534e-01 5.048288521449155741e-01 4.896537192203217481e-01 4.999916446684038451e-01 4.961461447992926987e-01 4.919899216028513766e-01 4.926027309389202635e-01 4.893156331475206899e-01 4.950563015975653069e-01 4.889938606100266427e-01 5.008665715620017611e-01 5.008518409479709721e-01 4.994730631728395709e-01 4.875375640858052861e-01 4.975677676570620656e-01 5.004927626027575460e-01 5.050494926730522138e-01 4.999142528263965102e-01 4.997494291786866438e-01 4.990230757068230272e-01 5.009834321021302550e-01 5.072881854266727553e-01 5.072213335098967324e-01 4.983621585240635143e-01 5.034826492831836475e-01 5.034057937528721993e-01 5.059179312164231446e-01 4.969436762496886040e-01 5.002314860029759558e-01 5.087328349708053477e-01 5.086063489592098641e-01 5.006468688098206776e-01 5.051309237707319877e-01 5.045258564870124252e-01 5.077107726052484393e-01 4.932526933833240035e-01 5.028351064320190078e-01 4.994356536327287377e-01 4.986821989085878370e-01 5.038848032150212708e-01 5.029536374782468400e-01 5.001973347912471723e-01 4.968420995304039245e-01 5.007612633233894384e-01 4.975575191868937264e-01 5.023600494725403154e-01
1.579585798043401934e-01 1.453169529360421874e-01 3.079894612886794336e-01 4.735532613453656836e-01 4.637900022867069150e-01 4.320007360762790904e-01 1.000000000000000000e+00 6.387930862441748570e-01 6.806515207013429380e-01 6.103176854988315858e-01 6.677425618079797509e-01 7.100122599561280445e-01 6.762394691893299781e-01 5.994517561374048675e-01 7.732273302343927179e-01 7.434568753136060471e-01 6.874103719904859355e-01 5.668278653753283658e-01 6.255130935593656849e-01 6.297022454492553489e-01 6.213760507634407126e-01 6.252047476359934297e-01 5.688955705222615844e-01 5.616646637304916201e-01 5.969688615260682063e-01 7.155344980009358258e-01 6.792282397122757498e-01 6.611168994351968031e-01 6.300607637514696879e-01 6.132792555315647043e-01 6.804875310666689270e-01 6.977526668043947389e-01 6.306017712254770036e-01 6.722627417261969329e-01 5.937904720641379308e-01 7.386584574621338772e-01 6.906991037991394577e-01 6.843050591896624457e-01 6.967159266810163398e-01 7.261976315551817995e-01 7.482934922092655539e-01 7.445289866069043638e-01 7.516443489362701902e-01 7.543177688728988084e-01 7.436172861750114382e-01 7.090004273530111645e-01 7.258465523751138626e-01 7.292534371042412866e-01 7.266048982745433316e-01 7.317053345335934322e-01 7.432934017101451296e-01 7.524218702196185937e-01 7.592213578932764939e-01 7.150125741864711282e-01 7.100434318196915395e-01 7.037940641982877166e-01 7.187791005445383075e-01 7.318463932946778217e-01 7.258209822554234636e-01 7.326574716586734537e-01 7.342439946981152987e-01 7.292355348874572929e-01 7.159021447855645759e-01 7.301269260833405106e-01 7.388374935379063979e-01 7.291651604884853421e-01 7.284835659806671027e-01 7.333214987431587728e-01 7.263749415163397449e-01 7.527444060978207840e-01 7.410059129610547801e-01 7.335688716083272887e-01 7.153122078046987298e-01 7.238188152508117090e-01 7.532488272279769248e-01 7.400343940650029317e-01 7.376907289309855287e-01 7.311069305158578446e-01 7.330653641199640358e-01 7.057706504208038911e-01 7.187298456849120498e-01 7.314024295830954259e-01 7.308876495257284889e-01 7.095487972104369545e-01 7.287511882008841368e-01 7.307431012115095381e-01 7.318396659962345119e-01 7.336653180464371982e-01 7.237056510016870448e-01 7.334732135422563637e-01 7.494697681925327482e-01 7.488012041757672321e-01 7.380850041050713850e-01 7.317012640753127739e-01 7.307404581441433455e-01 7.316262543024744103e-01 7.565366304628687866e-01 7.321538806795322429e-01 7.362159913896689778e-01 7.534588203230863090e-01 7.525036871055447163e-01 7.358972318894214659e-01 7.461503126779414075e-01 7.496117220686896454e-01 7.493340811927619027e-01 7.260580682100534755e-01 7.266481691117270270e-01 7.244571729936620796e-01 7.298604423969294874e-01 7.434224458888225584e-01 7.399628283239793047e-01 7.344417449483567895e-01 7.302964548413903856e-01 7.322551034386073354e-01 7.339456232767136434e-01 7.339743013184708564e-01
2.206462990204343666e-01 1.727180760714830954e-01 3.076592783046313562e-01 4.332542041973236890e-01 4.398002048441258527e-01 3.905219040090048832e-01 6.387930862441748570e-01 1.000000000000000000e+00 6.136349385342689811e-01 5.440470177290545051e-01 6.173427123059918031e-01 6.519287628743420937e-01 5.981820918681309829e-01 5.587384745179115875e-01 6.614254621637437603e-01 7.000371023831957196e-01 6.040694210032551137e-01 5.989508017863482969e-01 6.239665892682368931e-01 6.190500989327533121e-01 6.595123061833342293e-01 6.301274927976125984e-01 5.682787845245074188e-01 5.722687731439733971e-01 6.062722694500137788e-01 6.831335941516969434e-01 6.665729609904150754e-01 6.359733345030357254e-01 6.117391954616033800e-01 6.054377707652636165e-01 6.592284780213324424e-01 6.548056536837111308e-01 5.921620309466290033e-01 6.386580306328086820e-01 5.516340113784303778e-01 6.901496650988305781e-01 6.535035005760143623e-01 6.261426100771348979e-01 6.418792437259309702e-01 6.718186680984681303e-01 6.737819496299819466e-01 6.646274310494755255e-01 6.737793189259669857e-01 6.826950582151309899e-01 6.798732184721024696e-01 6.212387312386027372e-01 6.235249273933304304e-01 6.356285292661316699e-01 6.357540856170349475e-01 6.788267245414687512e-01 6.761837239189872895e-01 6.802961113059171616e-01 6.794055721084890642e-01 6.254873657217953076e-01 6.293612174966820572e-01 6.293655603770348383e-01 6.452553189664574917e-01 6.395505893305423184e-01 6.375819633428927435e-01 6.378960460020811629e-01 6.372189574449497185e-01 6.396335839219506880e-01 6.386603787058787729e-01 6.485816957178186515e-01 6.585294290242114101e-01 6.515461793776388122e-01 6.249107343229529654e-01 6.596925211373337872e-01 6.529677623182768009e-01 6.808319126005951683e-01 6.898599868467972795e-01 6.623905939181964353e-01 6.497526572872794892e-01 6.640546640470101902e-01 6.752203782160174361e-01 6.593373000588516053e-01 6.615275478499221817e-01 6.615636551574997082e-01 6.590298327239302312e-01 6.342314465830992676e-01 6.477247470951330577e-01 6.553390880548174424e-01 6.461021391933099434e-01 6.315991175613837605e-01 6.480189841613163138e-01 6.487172317241709507e-01 6.532651397676011440e-01 6.460645885491683726e-01 6.366218295973532504e-01 6.524784046277015692e-01 6.707608358374181901e-01 6.549128324511931387e-01 6.524516272812107553e-01 6.454650762918922036e-01 6.297886775065463238e-01 6.319853824264599629e-01 6.724554884151143774e-01 6.484377087817327912e-01 6.404268713785279399e-01 6.627326987647975676e-01 6.538201644449072036e-01 6.463271493054967287e-01 6.531737737661781340e-01 6.588203572553367193e-01 6.616593772902770176e-01 6.397799348050485779e-01 6.291106671339762313e-01 6.275715430435963027e-01 6.360564917815744179e-01 6.500706428404349202e-01 6.496384361432219201e-01 6.369446991074471098e-01 6.315006805322248562e-01 6.406356515730483592e-01 6.414682906515457583e-01 6.416907622830289037e-01
1.959307765058264372e-01 1.927726834655348054e-01 3.052139615011262297e-01 4.558279610098370793e-01 4.042666173481387348e-01 4.227894883846848861e-01 6.806515207013429380e-01 6.136349385342689811e-01 1.000000000000000000e+00 6.794505178765714026e-01 7.482561640203727604e-01 7.831484069348213506e-01 7.078614543151171556e-01 6.636091468219089684e-01 8.039375747859767163e-01 7.744208214343517582e-01 7.648207189863950317e-01 6.231263686846907346e-01 7.109234761311507000e-01 6.321309764858031865e-01 6.483066613952768176e-01 7.049625979713455282e-01 6.496086958764946129e-01 6.433967396301329966e-01 6.754765994962026454e-01 7.793798493938305372e-01 7.463650222363632514e-01 7.535310711630398561e-01 7.327450181608931024e-01 7.446176416011982546e-01 7.933893806100644763e-01 7.937034467589074715e-01 7.180757718892711861e-01 7.759801119919413903e-01 7.295674420063110732e-01 8.108537674143305729e-01 8.037454320838122168e-01 7.832220272652349324e-01 8.068571059534489498e-01 7.823173179105098463e-01 8.294460470515568895e-01 8.170244501654833069e-01 8.076621693998994322e-01 8.271241532607666036e-01 8.222511549347619741e-01 8.113411099372747071e-01 8.186795124482717512e-01 8.301423470937846494e-01 8.166395492189734151e-01 8.022429145837709497e-01 8.199977553957941145e-01 7.884424152511396722e-01 8.190862216142781316e-01 8.205787756607840766e-01 8.131477156665603001e-01 8.019520287906283240e-01 8.102612920921394846e-01 8.220497458707873850e-01 8.150706705214413317e-01 8.248634360100381979e-01 8.124295243301633551e-01 8.240767784034984667e-01 8.097197042576458337e-01 8.244699590731999761e-01 8.292358069360500350e-01 8.306984426067161031e-01 8.194943657159915462e-01 8.300406527494575970e-01 8.289265553752606097e-01 8.236122095593342296e-01 8.275417965082156879e-01 8.326656142174475583e-01 8.195301820424782946e-01 8.284487736251946455e-01 8.367516545388011817e-01 8.282060803116365610e-01 8.275160613025841494e-01 8.257534454306345584e-01 8.263959317502962421e-01 8.244707791060124080e-01 8.295535399189714054e-01 8.338847639641220333e-01 8.230670012044585260e-01 8.167892712413815648e-01 8.255963395332136523e-01 8.302475130425919225e-01 8.299444148009880173e-01 8.240081123167245503e-01 8.264683999532740355e-01 8.258141531140108516e-01 8.278433668373555987e-01 8.313847177629949403e-01 8.316248425686977308e-01 8.295930859318022543e-01 8.206054404012007586e-01 8.242301409014923808e-01 8.213834184505218738e-01 8.254449419548813838e-01 8.188749515256383837e-01 8.263896699710627791e-01 8.212853636978318939e-01 8.257764589549350109e-01 8.246495349250952955e-01 8.301342718413555755e-01 8.325557865288658599e-01 8.218707517069354651e-01 8.181226343857634919e-01 8.233400311999470311e-01 8.264715299559993733e-01 8.310243550154154946e-01 8.253674388175858967e-01 8.262576933255434408e-01 8.222440030897716357e-01 8.272390204891828525e-01 8.278687732636352825e-01 8.274416038318627153e-01
1.120617417697722662e-01 2.118180320489220780e-01 2.757226178019943630e-01 3.423084490872706498e-01 3.136736363855249232e-01 3.979865241310835411e-01 6.103176854988315858e-01 5.440470177290545051e-01 6.794505178765714026e-01 1.000000000000000000e+00 6.793388637171332567e-01 6.810848630925891989e-01 6.421483874938935799e-01 6.252102582052839752e-01 7.389349494339566560e-01 7.094246489963045299e-01 6.909140333614770535e-01 5.533306870477254780e-01 6.369023882867699271e-01 5.101948745131803520e-01 5.542739898640770546e-01 6.243186385826620111e-01 5.954447429085779619e-01 5.446166732627514273e-01 5.832290572981846388e-01 6.933235110535688195e-01 6.642393261034695850e-01 6.828766952636784460e-01 6.679821690655379784e-01 6.697633104627512823e-01 7.167392342712971542e-01 7.307238951083835365e-01 6.649574130960355101e-01 7.035994170381010271e-01 6.698932483037997043e-01 7.316040810044792675e-01 7.246217252039212076e-01 7.398701163903420586e-01 7.401050986192182490e-01 7.141365281992121394e-01 7.508484911560104891e-01 7.547437945439608997e-01 7.399549784694476884e-01 7.659441310502330680e-01 7.509078534471196331e-01 7.620616612223951591e-01 7.543167685647114151e-01 7.652874699836704764e-01 7.498187883395461828e-01 7.268196245213908169e-01 7.564319705475379685e-01 6.987164910302179344e-01 7.411155199271841632e-01 7.604051345895680436e-01 7.574997206585900589e-01 7.526622593659866300e-01 7.356444727753912449e-01 7.547621173035735653e-01 7.543297704265053971e-01 7.573531900966158359e-01 7.515771035564825509e-01 7.568499251463162159e-01 7.452164390870172905e-01 7.594070294379591246e-01 7.576909528334254684e-01 7.598558542629056944e-01 7.607246084426791954e-01 7.610925053025495712e-01 7.592505680691838954e-01 7.262703602589850593e-01 7.426300722705557744e-01 7.600592673527918341e-01 7.412196606607487359e-01 7.417081653002316477e-01 7.626926558197762995e-01 7.622804507203908564e-01 7.627880726915792220e-01 7.620480199362982265e-01 7.652265610638601112e-01 7.585497582637098501e-01 7.595323259555245565e-01 7.668778104400784112e-01 7.645627797280618587e-01 7.539340548632047501e-01 7.602777905797725166e-01 7.649420246205527185e-01 7.557366980717236116e-01 7.662319582875403157e-01 7.636773112478486558e-01 7.690089917108779982e-01 7.635050760053521124e-01 7.651127015276346643e-01 7.645832340298659435e-01 7.668233518925813286e-01 7.591883225026031523e-01 7.615052253934490034e-01 7.493240165648117346e-01 7.467116903862728305e-01 7.537785938761010218e-01 7.609753882072337605e-01 7.560203007910591966e-01 7.592454666688435161e-01 7.552499315360318155e-01 7.617046065630165286e-01 7.550572142410980625e-01 7.537614633337217374e-01 7.576445959598456792e-01 7.627308144851708827e-01 7.673018734973989785e-01 7.643971673807254952e-01 7.648557460439462385e-01 7.616100310020110786e-01 7.572377478528593553e-01 7.606710741541610199e-01 7.599431688240961824e-01 7.580409716695259981e-01
1.515142581765443475e-01 1.820208581120226488e-01 3.143468205396824922e-01 3.891095407573403331e-01 4.090593907428313192e-01 4.563472555104833295e-01 6.677425618079797509e-01 6.173427123059918031e-01 7.482561640203727604e-01 6.793388637171332567e-01 1.000000000000000000e+00 7.752971330661635463e-01 7.001654761775614189e-01 6.926081826469560054e-01 8.073934775327140656e-01 7.831018820158036631e-01 7.720135347095699041e-01 6.434040870696212666e-01 7.272548589870870828e-01 5.544752741255460915e-01 6.542557544978698791e-01 7.241516357150591388e-01 6.779140302435400223e-01 6.161211650712214993e-01 6.723608680076976762e-01 7.987615166751506068e-01 7.664266959260108703e-01 7.828228107940988778e-01 7.689509299729027081e-01 7.706672110007899423e-01 8.182483364967237938e-01 8.170027302625678667e-01 7.587290174088109351e-01 8.024268962371650105e-01 7.648461150157284116e-01 8.327875735573863070e-01 8.303129715282852041e-01 8.202659200488562341e-01 8.340092274022767871e-01 8.046365609440245814e-01 8.327301736140879651e-01 8.393009514085310041e-01 8.252197628548857411e-01 8.484378725718531022e-01 8.437803475398329978e-01 8.394589072232173654e-01 8.311004077699215564e-01 8.391933011914939344e-01 8.301845116043035100e-01 8.267153099618337331e-01 8.413492125971208102e-01 7.829624198425760850e-01 8.316708061358069060e-01 8.364572688970074443e-01 8.352901097702634114e-01 8.331239268143193488e-01 8.247496209902906994e-01 8.346055831469372244e-01 8.363942984282574100e-01 8.329182087760176323e-01 8.314353822229307855e-01 8.399615623826176547e-01 8.267814854707077332e-01 8.435111848281618974e-01 8.461025314710992618e-01 8.469683100036163870e-01 8.334563902022255055e-01 8.443283455246340941e-01 8.355117308980567481e-01 7.956713094172624956e-01 8.334813323001023511e-01 8.460804266660270079e-01 8.187038685511294211e-01 8.282240317825084741e-01 8.520911791811185410e-01 8.452716949450012063e-01 8.487774884487570004e-01 8.517231465417622882e-01 8.526444317356162150e-01 8.480793562066366587e-01 8.467299829417516133e-01 8.505511579676896528e-01 8.461479676865831800e-01 8.410859857451871147e-01 8.464853802703716790e-01 8.473524632418781843e-01 8.387643260368001785e-01 8.457515337606258399e-01 8.462971253188388276e-01 8.443215034221852600e-01 8.516170960248575783e-01 8.415433772841030002e-01 8.473630244714005499e-01 8.446512507096279876e-01 8.319697074764254019e-01 8.367601423028775409e-01 8.327214739909487573e-01 8.333983468297558872e-01 8.281332019533089728e-01 8.388491570145977239e-01 8.326871184961013306e-01 8.384384593033780142e-01 8.370719662835234276e-01 8.407286091168236775e-01 8.363800895805859614e-01 8.342818429111399370e-01 8.309779649145122571e-01 8.362702167636192341e-01 8.442246135241815441e-01 8.404822306849437652e-01 8.401192378663233651e-01 8.381827268233162931e-01 8.330170026919643256e-01 8.378793344785444575e-01 8.381514744781219939e-01 8.382818022710382122e-01
7.916622438363148107e-02 1.299388698835706457e-01 2.907812400470073388e-01 5.638527887016109297e-01 4.557322174539424897e-01 4.691647405963421114e-01 7.100122599561280445e-01 6.519287628743420937e-01 7.831484069348213506e-01 6.810848630925891989e-01 7.752971330661635463e-01 1.000000000000000000e+00 7.705095647827234773e-01 7.113828635168685244e-01 8.770765485839147058e-01 8.337559744149604102e-01 7.930942735786288278e-01 5.648170767444098406e-01 6.680839788210558572e-01 6.904560820862638559e-01 6.226949391625125063e-01 6.521094052062802460e-01 5.908671554821223193e-01 5.928416634222201109e-01 6.247051569870460952e-01 7.804275756561932509e-01 7.437904223264316661e-01 7.378302081466450169e-01 7.034331773666478993e-01 7.095626357450109944e-01 7.817592910724247002e-01 7.967337496560346066e-01 7.313019831701557116e-01 7.544240382526308242e-01 7.083733305154338300e-01 8.373040214650137036e-01 7.971900326167198347e-01 7.908279523666912336e-01 8.233608186394233419e-01 8.268276918818601162e-01 8.877445823557604809e-01 8.652181546531790834e-01 8.716290969704213465e-01 8.712523513575047840e-01 8.648475458709622421e-01 8.436989632487392754e-01 8.893453618436865105e-01 8.900519506828513672e-01 8.906854353430150306e-01 8.549028399004361400e-01 8.747894055732098328e-01 8.839530246880156206e-01 8.970176790103207010e-01 8.708757952296993787e-01 8.540670948866427858e-01 8.367560276953337484e-01 8.660015343075472272e-01 8.818274361518747551e-01 8.817474661384659962e-01 8.895598818175834976e-01 8.956123761568373087e-01 8.830872595860320695e-01 8.799185442603738583e-01 8.806028127323956012e-01 8.778849664078900439e-01 8.806238532384178530e-01 8.884456738450168256e-01 8.707730732785210481e-01 8.690854873502192879e-01 9.027398636092929252e-01 8.616975763281670142e-01 8.736718874478707209e-01 8.469892568331494065e-01 8.599785673750482973e-01 8.871585957378582687e-01 8.781136218022914663e-01 8.689551354775332248e-01 8.594735418134009652e-01 8.649344306536821403e-01 8.527057081992774901e-01 8.704889238086150893e-01 8.835170054585994581e-01 8.677396335109034409e-01 8.616989088454974910e-01 8.711771280912421478e-01 8.698640579553117425e-01 8.904235060461335172e-01 8.756206675039283072e-01 8.789467021077911335e-01 8.686929627871972093e-01 8.798469717733605755e-01 9.000196217876942351e-01 8.925830650345440986e-01 8.886631145618910654e-01 8.984396277044429668e-01 8.962523186498613237e-01 8.959712748452326458e-01 8.890226742424334194e-01 9.007744561947855777e-01 8.994994647928948872e-01 9.040941343942218156e-01 8.930283087687805876e-01 9.047143253560558929e-01 9.028666605765905961e-01 9.055055565831248154e-01 8.814678522501211422e-01 8.954735897441038484e-01 8.898184058379265959e-01 8.828364770157234309e-01 8.988074679646895770e-01 8.914142516071770217e-01 8.974420589531423298e-01 8.953688342520671473e-01 8.951063967715050529e-01 8.917590589678198176e-01 8.979471248938138972e-01
6.593124082781798290e-02 1.370341128993961266e-01 2.606375286517363943e-01 5.014420264764525292e-01 4.658041366375444414e-01 4.263037151838179883e-01 6.762394691893299781e-01 5.981820918681309829e-01 7.078614543151171556e-01 6.421483874938935799e-01 7.001654761775614189e-01 7.705095647827234773e-01 1.000000000000000000e+00 6.583262343246191195e-01 8.153866325646635937e-01 7.919023337603301460e-01 7.388123650376597906e-01 5.384799950345886543e-01 6.302999777109797863e-01 6.297970798625233124e-01 5.900790343852967412e-01 6.205781132796092114e-01 5.559867894522561027e-01 5.617839008360117070e-01 5.872676594473584810e-01 7.250857481134220794e-01 6.893257091174996853e-01 6.757992923444762212e-01 6.435143780346558318e-01 6.366612370773491181e-01 7.097556333452281763e-01 7.365343758672318053e-01 6.579306320485496240e-01 7.030882421855355613e-01 6.399045158367107078e-01 7.679919546939036890e-01 7.330556084943736783e-01 7.260440976570206040e-01 7.511425218421852179e-01 7.488269479902514014e-01 8.190609043380868703e-01 7.983392329611649352e-01 7.969864047003868412e-01 8.070936891926721035e-01 7.907422727230016823e-01 7.756570548017814870e-01 8.159895321142169866e-01 8.184353336074625673e-01 8.089071857230600848e-01 7.756174492016888466e-01 7.947232299445511350e-01 8.032254072751292551e-01 8.210857553533360553e-01 7.970761889175015380e-01 7.789690840444281061e-01 7.631152429726559827e-01 7.816475298027318885e-01 8.112949214684480603e-01 8.031964559257280811e-01 8.162674022559309739e-01 8.150071114710218945e-01 8.068322469408082398e-01 7.940633211719372309e-01 8.022434024228847216e-01 8.035830658003538796e-01 8.013196918391999324e-01 8.151481147226563584e-01 8.012278708257248860e-01 7.953896657292105488e-01 8.172314051807199053e-01 7.952489190749136849e-01 8.024447822516634909e-01 7.825648824900615086e-01 7.898950754505633665e-01 8.157829421330633490e-01 8.051296160829355397e-01 7.981352001973698318e-01 7.883556889397215217e-01 7.926340465044664496e-01 7.773916314621360790e-01 7.934602429210079189e-01 8.055140375092345595e-01 7.948565611379713181e-01 7.838914364349779396e-01 7.960842582544026547e-01 8.004321335674043913e-01 8.100279524767187711e-01 8.029801224527590708e-01 8.059132981220411551e-01 7.940860868152563867e-01 8.069152121449240100e-01 8.250328558732480388e-01 8.157980891362379694e-01 8.120749449342219428e-01 8.211426305717078877e-01 8.185405389518263242e-01 8.150043045795988261e-01 8.050498549677438387e-01 8.171503451072182900e-01 8.244861664443779992e-01 8.260911927631372498e-01 8.116071792919266059e-01 8.246593924838222511e-01 8.273666677387246926e-01 8.245613437519657696e-01 8.004283673453019832e-01 8.169933586533575376e-01 8.113551891620806034e-01 8.104683007295565567e-01 8.242894672139053913e-01 8.153897721925346120e-01 8.206498674714878261e-01 8.156481615024024912e-01 8.154445873837340431e-01 8.145471624529116994e-01 8.172686157748900726e-01
