1.000000000000000000e+00 3.507110549382846942e-02 1.854677797319782273e-01 1.423896602485945906e-01 1.943249486643937665e-02 2.597977607110276907e-02 1.099634264438159870e-01 1.020130576745542639e-01 2.165227398759331234e-01 1.213008384260486350e-01 9.559637342757142109e-02 7.047861265012118903e-02 4.857147857504361815e-02 3.649364234510785870e-02 5.028680732775318157e-02 7.665375418731269763e-02 2.395751064875756009e-01 3.788101919496543735e-01 3.223160016143032380e-01 2.947533255226720272e-01 3.341794696888339411e-01 3.171048857159637357e-01 2.755287372534906409e-01 3.337758678149498892e-01 3.025234276414061063e-01 2.335431265044929650e-01 2.291915273418081433e-01 2.278995083893985141e-01 2.685528345399381123e-01 2.737000710165201633e-01 2.142313389568475390e-01 1.593545908299509872e-01 1.557985494337893739e-01 1.866607308762723016e-01 2.056134414534927790e-01 1.593953870569101983e-01 1.299006066694754769e-01 1.077221751015223911e-01 1.098863868565543994e-01 1.198910720511571770e-01 1.153144721367136277e-01 8.365916818154135737e-02 6.850787532001649527e-02 8.276699987935122460e-02 1.040663787171819260e-01 8.980385062737643309e-02 1.569880794051912651e-02 4.795731436764496397e-02 8.200376249773402848e-02 1.017226938493104305e-01 7.979114316831953380e-02 1.077081706533327965e-01 5.523627283656864367e-02 9.477375806653688672e-02 9.915383334784048930e-02 1.065323275404998077e-01 1.004054384668419675e-01 4.918862403364771679e-02 6.077350782003328178e-02 5.345217773823834201e-02 1.621037522861129912e-02 5.518872344952046455e-02 5.734028404094498876e-02 5.649050542748042247e-02 1.347046697744540555e-01 7.881354249122839162e-02 5.012453724649001963e-02 1.278995368753910455e-01 8.251145563520573267e-02 1.266507933226999061e-01 1.368863264122900103e-01 1.237666830314105432e-01 1.322632148239665795e-01 1.309476601033818799e-01 9.540074306681971261e-02 8.753343558020509896e-02 9.756918759856011980e-02 1.191227101890638407e-01 1.067761986453888839e-01 1.088626294735483974e-01 1.070209725519235683e-01 8.377547830330969725e-02 6.209129734648403259e-02 6.795641378445248237e-02 4.771619058380412864e-02 7.127265759144410517e-02 7.222912926898616970e-02 2.789605883983775972e-02 4.438336428110616766e-02 6.053319394975133216e-02 4.916144906248368085e-02 3.736142574119166032e-02 5.482998369864697935e-02 4.481869166278989319e-02 1.284299345044526662e-02 1.651317456774363535e-02 1.542362500533906930e-02 2.565981068738625026e-02 2.020164647162724092e-02 2.416559888770958633e-02 2.961978468958127719e-02 1.502031690104466133e-02 2.787371475040774718e-02 2.524195511136107656e-02 4.852654422567262427e-02 2.996731112297424879e-02 2.092044545569300348e-02 3.604568971908440889e-02 3.836977648853982792e-02 2.658668279069949236e-02 2.103485603124020942e-02 2.101604051611695445e-02 2.463503242793037631e-02 2.041549483784351610e-02 6.620059643406416006e-02 3.760136938500811821e-02
3.507110549382846942e-02 1.000000000000000000e+00 8.182575070233494285e-02 2.695915890188644443e-02 1.354895475414944761e-01 9.111688669966283571e-02 1.273441045534481064e-01 1.213967645984211224e-01 1.458241137043078117e-01 1.671072455175562077e-01 1.166754527699217781e-01 1.234760516008237552e-01 1.548877823312834190e-01 1.174921856198319209e-01 1.429030758706222592e-01 1.597946319466423681e-01 1.366394777457296539e-01 4.841235430937721601e-02 8.240857222849959363e-02 -3.549962176342516800e-03 3.444691553560242508e-02 6.132223310289476592e-02 1.518985133796145470e-01 5.362424940378438670e-02 8.499749874307534203e-02 1.142991913423440503e-01 1.222465463000399349e-01 1.217069583859672205e-01 1.344292605481370306e-01 1.096192226587340279e-01 1.227374176452709909e-01 1.359014499259394992e-01 1.205416257047744605e-01 9.097624065711715224e-02 1.073665475235835443e-01 9.332878433118040051e-02 1.077220479550006632e-01 1.387431148122075797e-01 1.394097640869766397e-01 1.281471380960496065e-01 1.448053517842491644e-01 1.502284158760569532e-01 1.230355841580034332e-01 1.411845222275312783e-01 1.261645093606972579e-01 1.419773918464542206e-01 1.472081379233703691e-01 1.583238153501243528e-01 1.343620026873896256e-01 1.045810852597612722e-01 1.322778679652248379e-01 9.630729100661206132e-02 1.262791464288420540e-01 1.558077458906145518e-01 1.359054541201907829e-01 1.423505960389914449e-01 1.228809439955177579e-01 1.485608227060937758e-01 1.375287965500815723e-01 1.503273774999109580e-01 1.369737954696907678e-01 1.510831899446427318e-01 1.466016807962626789e-01 1.436625374154691659e-01 1.352708390153092299e-01 1.401856159211030961e-01 1.555248333995593868e-01 1.432024321082949747e-01 1.594136480666126787e-01 1.092999844866009845e-01 1.235370320058629956e-01 1.329398394203133438e-01 1.345863150861440483e-01 1.283745099642076282e-01 1.454162329269440002e-01 1.465175543358139543e-01 1.436830044933920525e-01 1.549241371551146607e-01 1.449746267220154983e-01 1.417110333605320349e-01 1.277431871960504062e-01 1.433212539932422758e-01 1.652195705229685396e-01 1.416214267970539731e-01 1.336087383913833471e-01 1.321272713199844739e-01 1.347454601865343271e-01 1.512280875034744954e-01 1.441560684745376852e-01 1.560917427909376820e-01 1.436038825062082858e-01 1.526787205004382642e-01 1.380158007333171788e-01 1.486506137092037383e-01 1.483599703965357008e-01 1.545540995368967219e-01 1.297649854076792786e-01 1.362923615321826876e-01 1.441157194758484750e-01 1.415424180826662381e-01 1.417642987338023908e-01 1.468135418174184859e-01 1.403027739501898075e-01 1.477290707328310360e-01 1.376030455120434148e-01 1.470889480413551387e-01 1.525498607182565192e-01 1.552427531725114052e-01 1.512993110169109645e-01 1.556127737403321942e-01 1.512642876625293065e-01 1.546620009438690879e-01 1.546849187718984386e-01 1.546360383022906959e-01 1.435152609388083145e-01 1.469029838197092042e-01
1.854677797319782273e-01 8.182575070233494285e-02 1.000000000000000000e+00 3.150415487175559082e-01 1.841041318758296907e-01 2.148736123672743970e-01 3.206959370961173783e-01 3.128085310867425028e-01 3.986616725394432903e-01 3.247177433594252705e-01 3.809309928294722369e-01 3.627439184657775262e-01 3.136320891038649750e-01 3.185015953901735863e-01 3.447791831371121440e-01 3.653435076624130806e-01 4.005621057714677247e-01 4.093588253870494853e-01 4.181293406135419000e-01 3.524021062429018580e-01 4.142959479228708330e-01 4.353206302576679287e-01 3.713621276146440442e-01 4.286460389162727869e-01 4.204886898235609127e-01 4.259933805082201097e-01 4.156797779771791435e-01 4.097101369994076148e-01 3.983838803435601483e-01 4.173919205899955243e-01 4.257147001528285291e-01 4.089104361166599477e-01 3.803807344536858093e-01 4.209693466306141940e-01 3.910292236330150106e-01 3.943878554231367572e-01 3.918761859264108249e-01 3.773780788385587837e-01 3.907485219976213342e-01 3.923519717140084850e-01 3.862448688836673250e-01 3.804335318878135919e-01 3.604197779468766294e-01 3.773023764360076138e-01 3.942423612466043892e-01 3.745676263970499908e-01 3.485705105017258276e-01 3.585385581170210667e-01 3.628803288535252247e-01 3.887588119918085616e-01 3.783086550349851196e-01 3.813576248920244605e-01 3.603008259985367445e-01 3.713713626679265301e-01 3.670061344654697577e-01 3.845087262780026993e-01 3.725859370383619584e-01 3.587544957889598485e-01 3.627870780143007678e-01 3.556909577106644460e-01 3.474584009690931397e-01 3.508831000476294593e-01 3.584727446574092480e-01 3.499731930833824833e-01 4.076327489801762072e-01 3.736533083895914320e-01 3.667395124148920549e-01 4.127453380834935071e-01 3.876530266613270048e-01 3.950211051255180239e-01 4.181751672883828319e-01 4.060615113426981893e-01 4.121189201693183923e-01 4.089734082101130208e-01 3.914409549704354618e-01 3.806165178339064314e-01 3.856455901772309347e-01 3.808256627547491613e-01 3.916570841050496243e-01 3.926947663418769996e-01 3.940472415104478432e-01 3.870341025029976900e-01 3.764588871178478069e-01 3.728558754170515632e-01 3.743940537078823128e-01 3.836397592695436343e-01 3.824386128760286496e-01 3.576837288120845448e-01 3.692747055961093650e-01 3.795766001909088305e-01 3.741998714572341567e-01 3.599432226474778562e-01 3.767139202051422719e-01 3.679428608693384728e-01 3.492980784112560411e-01 3.520229590285121613e-01 3.545190696642138706e-01 3.579037100379112712e-01 3.545207215567287018e-01 3.578867366166053054e-01 3.607672174074756932e-01 3.507066962068219884e-01 3.614772189435767058e-01 3.573243799478051930e-01 3.721478777617764910e-01 3.513062970747963809e-01 3.544879200874014313e-01 3.597052798557184849e-01 3.628618264702362928e-01 3.539964578818859953e-01 3.501396700319129307e-01 3.523628782070684640e-01 3.520199406532343867e-01 3.483222972416669672e-01 3.818444239689666730e-01 3.597907685496216645e-01
1.423896602485945906e-01 2.695915890188644443e-02 3.150415487175559082e-01 1.000000000000000000e+00 2.922175854283108887e-01 3.154591910773200114e-01 5.086472853273602546e-01 4.916928001537576587e-01 5.443295684576557880e-01 4.636607175124898284e-01 5.857103629988485993e-01 6.320793298591702580e-01 5.211560299113714434e-01 5.131538767112745481e-01 5.558097241149581036e-01 5.688154640425828745e-01 5.425141606328964805e-01 4.244956645183539656e-01 5.041707895221293478e-01 4.645628984924221050e-01 4.927478948912946688e-01 5.798873252588706562e-01 4.385788725224251117e-01 4.874289226024630661e-01 5.574832422637340246e-01 6.331116782750461081e-01 5.967845737138482987e-01 5.807109141969947208e-01 5.037770807045010013e-01 5.549432774120929279e-01 6.204265172273397688e-01 5.421608134084346942e-01 5.005424492185350793e-01 5.573991868428245233e-01 4.871595165880644451e-01 6.043835446377797682e-01 5.922453679141798100e-01 5.487257127995089911e-01 5.736619963330570338e-01 5.934141090293580945e-01 6.122527630254857023e-01 5.752379547239794277e-01 6.144260162920331947e-01 6.122378440587171733e-01 6.257182843785400461e-01 5.794703007281327700e-01 5.743341875461923651e-01 5.781298894324583548e-01 5.696935309577559892e-01 5.741133942430798331e-01 5.839038659286903687e-01 6.117444944235430615e-01 5.927286906070018402e-01 5.695515390138459200e-01 5.607189871075655141e-01 5.847601964672551889e-01 5.820397935395583700e-01 5.712811036906286777e-01 5.693621368178425346e-01 5.821378963927137384e-01 5.710594082691616835e-01 5.626509649462019258e-01 5.670574520283602205e-01 5.624403071054271397e-01 5.979888666077454173e-01 5.932293175843855737e-01 5.715196497128215425e-01 5.777927752644709258e-01 5.615188881083682526e-01 5.892662051684687263e-01 6.006985979908711082e-01 6.117522678859296237e-01 5.700018366311252471e-01 5.859093448529824055e-01 6.095889145012326482e-01 6.024939755692662047e-01 5.960998477807130103e-01 5.708528236249266197e-01 6.026347659241479970e-01 5.934243157995547913e-01 6.076532326091743652e-01 6.011506317327717230e-01 5.706053984421413094e-01 5.522963101238762551e-01 5.706288029753379121e-01 5.813354211076192657e-01 6.008814317476727229e-01 5.716083615037389487e-01 5.857730842192168108e-01 5.895750248194057130e-01 5.897631594470280625e-01 5.858910608483632876e-01 6.073329636375901508e-01 5.863580314220858680e-01 5.740740323596686956e-01 5.697425753768381451e-01 5.894870179939979415e-01 5.766057122680661173e-01 5.821627504634857564e-01 5.816032732250732140e-01 5.924121038184801957e-01 5.757298342973350413e-01 5.856076908390250857e-01 5.878785351010376026e-01 5.996191161281011484e-01 5.767238956840303743e-01 5.674637923438538012e-01 5.796958262665798944e-01 5.789124111417471852e-01 5.758509015746726689e-01 5.782957137571971273e-01 5.733319780013153011e-01 5.750024267520965626e-01 5.703458148832126762e-01 5.898582496329690672e-01 5.839049336107731136e-01
1.943249486643937665e-02 1.354895475414944761e-01 1.841041318758296907e-01 2.922175854283108887e-01 1.000000000000000000e+00 2.668366551784293050e-01 4.298435684136079349e-01 4.460520634086412861e-01 3.894165948291742341e-01 3.974944606231969879e-01 3.986685459113273877e-01 4.409600014891280062e-01 4.416038332379692566e-01 3.895922321840618041e-01 4.654465778371301155e-01 4.729052968169825677e-01 3.781895894277721992e-01 2.631275995727478945e-01 3.157110733729142638e-01 2.567435722592678604e-01 3.086684647098598133e-01 3.341630583345777672e-01 3.211111462234624292e-01 2.775377166014849628e-01 3.265150117986520550e-01 4.050966205147872867e-01 4.082672032843379095e-01 4.023217927340874689e-01 3.785212441946556039e-01 3.547599997414282447e-01 4.024219937586844820e-01 4.122352744862251561e-01 3.833164256030926476e-01 3.882017529172829273e-01 3.510938473669356630e-01 4.083095210244384043e-01 4.109072558543996334e-01 4.346497193642974155e-01 4.293138286863329434e-01 4.359268649754585723e-01 4.496866345262892639e-01 4.544830221700780215e-01 4.584488097888202995e-01 4.635609003308944209e-01 4.456605324635208309e-01 4.476534291180545577e-01 4.540459260812853004e-01 4.576114644154717914e-01 4.438481429170073045e-01 4.329180529164611269e-01 4.531117658846631202e-01 4.358750990415734550e-01 4.511258236144817246e-01 4.388261498499225755e-01 4.257260914083226266e-01 4.352594021109472133e-01 4.338540041245275147e-01 4.596265903915722206e-01 4.458867487903183102e-01 4.604717376932879747e-01 4.594223055953104984e-01 4.545425586816634889e-01 4.461867313335612928e-01 4.545406860892108325e-01 4.524411195698954669e-01 4.507762944541384709e-01 4.560628367632252322e-01 4.429925800202045849e-01 4.442475284432917393e-01 4.361596525547177805e-01 4.366218547890453605e-01 4.486897488772785825e-01 4.359443293998183089e-01 4.283493527900252840e-01 4.587527230928122313e-01 4.587915203142577947e-01 4.576969126920549247e-01 4.530554796759499459e-01 4.520829539280898923e-01 4.373944932267888608e-01 4.369305794001063781e-01 4.489649115388371636e-01 4.567965553599778183e-01 4.416093289280470513e-01 4.503575527660932387e-01 4.472482468997293625e-01 4.463230586822815593e-01 4.582342004788534928e-01 4.546889892433978453e-01 4.570451172505263226e-01 4.628815081707944867e-01 4.627953310780592022e-01 4.584208593279324173e-01 4.608663424508429585e-01 4.596264267455077435e-01 4.605855046531944219e-01 4.572497896614510782e-01 4.537742216301039466e-01 4.575408666684275816e-01 4.625592786334109530e-01 4.651505165774350581e-01 4.557464164028000586e-01 4.592110372224621484e-01 4.678642257106067626e-01 4.602527991909681204e-01 4.535473402495721063e-01 4.577020568854014981e-01 4.594139284090755226e-01 4.584092588885967934e-01 4.639531603765303935e-01 4.615999257165229741e-01 4.626543689194586029e-01 4.606246449301883428e-01 4.628704569915990108e-01 4.569406747389788692e-01 4.588364523101131631e-01
2.597977607110276907e-02 9.111688669966283571e-02 2.148736123672743970e-01 3.154591910773200114e-01 2.668366551784293050e-01 1.000000000000000000e+00 4.704531108222533842e-01 4.536819948915021272e-01 4.881339747559655384e-01 4.577262955735461047e-01 4.977556881948097534e-01 5.344479066124184774e-01 4.692898866807458935e-01 4.920883118414489665e-01 5.496949318337072121e-01 5.307224354009737466e-01 4.646857069663593576e-01 3.358680087991918195e-01 3.985287359471281210e-01 3.345262052879560688e-01 3.839150674157903453e-01 4.107760811205184437e-01 3.819552919448850892e-01 3.751569202625305577e-01 4.007982785410011406e-01 4.897504836699697051e-01 4.748613362091302359e-01 4.775411364110785928e-01 4.241134194131666035e-01 4.384870526697825510e-01 4.962606028707923222e-01 5.141136976139152326e-01 4.886650458657421647e-01 4.968415940957179311e-01 4.493891418231789614e-01 4.959911874295971357e-01 5.177901584937536494e-01 5.243515523643458298e-01 5.335260300430200164e-01 5.345870591680732531e-01 5.484030519109860391e-01 5.521053408212868163e-01 5.499075545121991926e-01 5.595375368126288551e-01 5.456684919803916900e-01 5.400245502083995675e-01 5.620464512361997844e-01 5.570079533516761883e-01 5.474745879413530636e-01 5.287744255549472472e-01 5.498231973093159475e-01 5.322880507396093863e-01 5.598991488759550439e-01 5.398541392035987041e-01 5.255306844196860894e-01 5.309231576207396053e-01 5.414751415857698147e-01 5.493506918055990340e-01 5.396493065671854605e-01 5.617670960995023721e-01 5.608728029468035281e-01 5.549602461751417248e-01 5.436164656109474524e-01 5.509627335746511978e-01 5.502852021410549188e-01 5.571898740137154471e-01 5.670105869742065874e-01 5.546355380696661452e-01 5.530616140344754017e-01 5.447455977642398084e-01 5.460255426511003707e-01 5.506157752356679591e-01 5.418414053899046623e-01 5.382923924536467952e-01 5.614479364852024146e-01 5.615081098642179525e-01 5.523031139956182667e-01 5.323295226022171089e-01 5.505518701610158105e-01 5.418986300515947763e-01 5.419244320731170239e-01 5.556884986700517670e-01 5.584343004957240675e-01 5.473657953396484643e-01 5.594448887423701944e-01 5.567279216463113523e-01 5.562584116485699282e-01 5.637275235990353295e-01 5.547269872430929949e-01 5.571539483429039930e-01 5.616162847973786842e-01 5.628991193746855082e-01 5.612771945525073525e-01 5.654424396537567343e-01 5.673881505505860012e-01 5.642697974945037886e-01 5.649537690901920151e-01 5.673665010984932922e-01 5.675026162712683009e-01 5.662421437036642136e-01 5.681587938802684645e-01 5.627407616520015976e-01 5.663570417040432181e-01 5.657978584402961753e-01 5.672593319350999197e-01 5.589526394621213701e-01 5.675821110153903559e-01 5.611532434524261204e-01 5.619514233579502305e-01 5.619034597300779366e-01 5.595393363234690831e-01 5.680730987726166914e-01 5.630305095583759689e-01 5.663043737942130562e-01 5.686286918362342124e-01 5.649221392006588127e-01
1.099634264438159870e-01 1.273441045534481064e-01 3.206959370961173783e-01 5.086472853273602546e-01 4.298435684136079349e-01 4.704531108222533842e-01 1.000000000000000000e+00 7.195237518747511496e-01 6.968324809294368372e-01 6.804650121622863868e-01 6.997358959291829494e-01 7.381002414152832980e-01 7.074522021772916558e-01 6.650353825674135688e-01 8.171661482062808624e-01 7.863436222110169460e-01 7.099290393115155196e-01 5.542923510945353405e-01 6.577492658112538138e-01 5.325206532053740061e-01 5.899200396268348134e-01 6.765811013382463379e-01 6.331875714745743844e-01 6.342462775941228870e-01 6.887913031000744146e-01 7.330739521314003637e-01 7.416298858450705023e-01 7.594897430460970655e-01 6.965897610705787946e-01 7.092988809152067642e-01 7.666534186307819576e-01 7.513534354243540658e-01 7.125785437056710858e-01 7.358720570999436328e-01 6.889953278026178518e-01 7.650812550352302788e-01 7.713691804382507566e-01 7.597554058843466462e-01 7.659971854296832028e-01 7.754122318182374851e-01 7.893123358034691561e-01 7.822174501678209602e-01 7.860063081389360162e-01 7.885556616379671979e-01 7.928347910967685763e-01 7.841735488382641783e-01 7.735844651523114957e-01 7.856366326931002453e-01 7.644650193844262365e-01 7.476485031933723935e-01 7.699225111336158722e-01 7.566410587449707847e-01 7.710161309935528173e-01 7.742112447386699792e-01 7.612376677823828874e-01 7.695807178827361872e-01 7.751458434622199301e-01 7.800532180044619235e-01 7.694209142520240796e-01 7.807115380764723112e-01 7.700064417704667319e-01 7.826425785556208048e-01 7.793052080009942317e-01 7.672964590676416563e-01 7.874508561457276290e-01 7.860919235565210217e-01 7.805093280460981831e-01 7.874860847795983609e-01 7.815797535374788829e-01 7.633636729712296454e-01 7.765408118060279641e-01 7.936543449456603394e-01 7.827634347431101647e-01 7.874146414427993790e-01 7.925976550638663687e-01 7.931749350791039710e-01 7.995040794062271416e-01 7.791986394293420881e-01 7.931122156284444724e-01 7.814135778880160199e-01 7.941877129540687585e-01 7.873598786572507668e-01 7.862044273866061195e-01 7.717602701958304889e-01 7.742902958226406396e-01 7.853346113652066585e-01 7.927776315021720643e-01 7.780523696620664786e-01 7.842082799275169602e-01 7.883690408231019964e-01 7.901171566715465833e-01 7.871015905266273149e-01 7.938171126518122067e-01 7.860170859332958893e-01 7.756243412703125450e-01 7.778593363214062473e-01 7.752767147953462112e-01 7.750409450380958409e-01 7.769789071611505893e-01 7.740877237740922956e-01 7.843035958644305472e-01 7.757556100270101007e-01 7.785802080196986275e-01 7.811302530433342772e-01 7.896572564382362547e-01 7.806392297487934062e-01 7.752490475989165519e-01 7.828988815540760537e-01 7.854477847599047324e-01 7.771245733448212123e-01 7.822702673897196091e-01 7.771313927436178659e-01 7.816756100511090821e-01 7.778147787422170500e-01 7.859872519518951162e-01 7.826261103851811507e-01
1.020130576745542639e-01 1.213967645984211224e-01 3.128085310867425028e-01 4.916928001537576587e-01 4.460520634086412861e-01 4.536819948915021272e-01 7.195237518747511496e-01 1.000000000000000000e+00 6.918865673148355544e-01 6.616414507788052068e-01 6.967192398277923804e-01 7.407624221872266546e-01 7.053534155696696839e-01 6.709473433135438869e-01 7.848173327997578497e-01 7.922925287965634222e-01 6.809919530021778522e-01 5.204738040651194497e-01 6.182184112221814631e-01 5.032778294784926443e-01 5.766233260123463378e-01 6.461078888600365611e-01 6.123967599814617024e-01 5.817077167525975812e-01 6.479943345963432577e-01 7.222468474309337028e-01 7.302773826867773321e-01 7.324520025609737583e-01 6.824050842045960019e-01 6.821339392614538255e-01 7.396240934027280556e-01 7.360713260813032122e-01 6.960717330984468321e-01 7.120060701711967699e-01 6.664270499966596928e-01 7.333843335268087626e-01 7.527818742783581873e-01 7.520144543756359656e-01 7.567163940293368807e-01 7.669094114024830322e-01 7.748737965917139592e-01 7.804463784305000207e-01 7.855556818335801550e-01 7.871469755101072607e-01 7.725421632346192169e-01 7.738372219348944592e-01 7.701530630081862006e-01 7.781680119378777682e-01 7.659960173276518791e-01 7.403572582279559500e-01 7.682598748477553752e-01 7.404769857199470229e-01 7.658618871939166795e-01 7.691805763063063184e-01 7.555106592738726201e-01 7.617674311751179150e-01 7.684449783535226564e-01 7.819718091236742552e-01 7.652442866019586454e-01 7.812805540396168258e-01 7.704746610516272076e-01 7.758358462096760499e-01 7.719917116017104286e-01 7.646519677682183103e-01 7.767708002314556159e-01 7.818388381893942585e-01 7.777471957051875773e-01 7.759252685591656595e-01 7.721733688400804763e-01 7.572473684770799629e-01 7.689117022347492503e-01 7.838652610302140333e-01 7.652683735622568539e-01 7.648725284346814535e-01 7.886818612022229447e-01 7.852907569393672294e-01 7.885063126142093370e-01 7.729741714871346536e-01 7.844135207082464367e-01 7.722263880305563211e-01 7.776214817243891630e-01 7.795873518699940607e-01 7.809290159433855960e-01 7.646235767943723172e-01 7.722748057835974178e-01 7.728373867227353866e-01 7.808453578448508736e-01 7.777185167693976275e-01 7.782554223810475014e-01 7.823815287136391960e-01 7.858833065361067183e-01 7.838399553939188191e-01 7.870526024714106228e-01 7.842016894446001141e-01 7.754686061903793837e-01 7.773813527412546387e-01 7.774548876867216629e-01 7.753676433049551120e-01 7.765901129244522361e-01 7.780576988104165315e-01 7.843766154531710555e-01 7.767058672227864502e-01 7.787679944311080016e-01 7.812944686044195342e-01 7.848044192332744862e-01 7.806669445168796795e-01 7.749525461727342357e-01 7.801497891079555158e-01 7.834772781371035499e-01 7.777800208104700408e-01 7.809767583192304130e-01 7.771703411922042948e-01 7.812543880310885980e-01 7.786419851781741786e-01 7.828879956308882893e-01 7.803036734021314702e-01
2.165227398759331234e-01 1.458241137043078117e-01 3.986616725394432903e-01 5.443295684576557880e-01 3.894165948291742341e-01 4.881339747559655384e-01 6.968324809294368372e-01 6.918865673148355544e-01 1.000000000000000000e+00 7.649943779034519276e-01 7.786776042113544571e-01 8.070933161914092269e-01 7.367813414454468246e-01 7.304850317502554757e-01 8.267343442195786984e-01 8.096578210614986393e-01 8.028850392220177046e-01 6.741606289763357740e-01 7.430880651419680127e-01 6.219152765514461834e-01 6.998796218038868533e-01 7.570829730747092867e-01 7.263464604794008794e-01 7.269472610497167420e-01 7.620036982004105841e-01 8.348083813751371318e-01 8.371098659274408549e-01 8.495430434292334798e-01 7.939641186447520260e-01 8.229668145323467687e-01 8.516550683350566642e-01 8.477252904973170411e-01 8.013662546117613639e-01 8.224374240219151089e-01 7.912059502394168664e-01 8.192676525888821226e-01 8.452315030807072693e-01 8.484834625393506968e-01 8.514749008607686021e-01 8.502274495578990843e-01 8.698546026843023693e-01 8.560971069441288828e-01 8.343496974090561791e-01 8.560984102856766809e-01 8.514454815162840751e-01 8.526403088532690244e-01 8.382118901025885638e-01 8.543887764464975776e-01 8.518598629351760154e-01 8.363420940966717065e-01 8.490528864330201264e-01 8.202311052643530553e-01 8.407254265968313600e-01 8.589372975645155339e-01 8.410392376404772774e-01 8.481021889299269478e-01 8.524566730935472236e-01 8.461957091419681776e-01 8.439288767487101994e-01 8.535604624226211801e-01 8.328638487486015318e-01 8.489783868860294458e-01 8.459387056828109319e-01 8.424510297722515029e-01 8.669427771751532230e-01 8.608751388413736771e-01 8.520688433566959707e-01 8.755585002066095246e-01 8.624341250331751807e-01 8.484151471995295957e-01 8.615915573024292007e-01 8.712878774220326195e-01 8.669851125941854253e-01 8.655617590087414381e-01 8.723058684061728574e-01 8.661128583176844753e-01 8.675806334893605420e-01 8.606713444876948893e-01 8.678587049426387257e-01 8.638910208820522740e-01 8.636127686312445872e-01 8.642132747718318520e-01 8.553912450794900479e-01 8.508772530312537219e-01 8.474936121785164866e-01 8.564151958684808053e-01 8.569413424206919760e-01 8.464864459855037104e-01 8.511478469585850304e-01 8.555396605184558689e-01 8.528114568424230990e-01 8.511740367411170238e-01 8.584869821556918579e-01 8.554511629972479936e-01 8.414462461052425457e-01 8.439011668113941544e-01 8.338526309895027966e-01 8.384134697787398727e-01 8.393480544992955039e-01 8.397243931659915672e-01 8.432313097369611432e-01 8.391507924259605788e-01 8.460347822432671139e-01 8.447281625236612301e-01 8.537602854154103804e-01 8.424546347978884020e-01 8.439818923258486372e-01 8.502750650423489542e-01 8.519427788571213300e-01 8.459985959412639200e-01 8.412495510809963051e-01 8.452553328557815826e-01 8.458814547547767182e-01 8.417873887669764521e-01 8.599675572586505945e-01 8.506386583003895385e-01
1.213008384260486350e-01 1.671072455175562077e-01 3.247177433594252705e-01 4.636607175124898284e-01 3.974944606231969879e-01 4.577262955735461047e-01 6.804650121622863868e-01 6.616414507788052068e-01 7.649943779034519276e-01 1.000000000000000000e+00 7.291242970175398908e-01 7.596693405239294261e-01 7.199666807435967097e-01 6.897684429419541630e-01 7.937704569552760381e-01 7.742849204669051133e-01 7.321472380846439920e-01 5.594325156863605431e-01 6.425985776734447485e-01 5.021595876151245808e-01 5.666515288397026007e-01 6.383128555947578109e-01 6.621593663218563464e-01 6.219053621745700422e-01 6.706657982715099608e-01 7.564548123744723185e-01 7.612474517473449831e-01 7.753404520116161658e-01 7.245017046466207811e-01 7.469709857902656625e-01 7.837233396178775457e-01 7.932999347551270564e-01 7.468147781670653185e-01 7.529115876900606130e-01 7.195931544722828921e-01 7.581119163905468694e-01 7.837783942189153752e-01 8.018533936474914192e-01 8.039604854431928738e-01 7.927116649880916466e-01 8.197181979944085928e-01 8.140821552930871396e-01 7.918313957774542056e-01 8.118167726605413081e-01 7.979277447084277552e-01 8.130670610198913462e-01 8.086122348617210687e-01 8.261962520045380565e-01 8.034616252026047789e-01 7.689131414936951625e-01 8.028645370469672526e-01 7.550186593476222452e-01 7.936865663325120002e-01 8.218754078182123335e-01 7.960248335938889808e-01 8.053233827830972302e-01 8.010425266492964269e-01 8.173268827306291451e-01 8.076816365532452080e-01 8.205494307350955641e-01 8.012243895304163033e-01 8.205506132440627542e-01 8.114363490681326674e-01 8.046241675058830589e-01 8.044734044213450730e-01 8.169607922516667342e-01 8.184885258472901493e-01 8.175682461839780535e-01 8.219754370908692875e-01 7.778755845378163558e-01 7.889855622774836208e-01 8.138383705707150639e-01 8.147588438343151829e-01 8.078101618121625860e-01 8.232687322427282295e-01 8.213253461302657543e-01 8.250396031644361416e-01 8.177188226426156392e-01 8.200672834577631409e-01 8.197566671418162754e-01 8.187851540761469371e-01 8.209939408112022496e-01 8.218900341953517819e-01 8.130305094662291232e-01 8.077320129811920157e-01 8.132695279121208154e-01 8.159029968340998362e-01 8.173448521574799841e-01 8.159024877248539642e-01 8.204592698037862508e-01 8.179651581424778328e-01 8.205485903637494971e-01 8.183847571842242097e-01 8.201695876562863363e-01 8.130483356448179322e-01 8.171302233559041284e-01 7.945658031548378242e-01 7.964969362312680490e-01 8.047362477322355101e-01 8.058768032238361467e-01 8.092967578331520251e-01 8.088182503930801959e-01 8.065562131152193004e-01 8.112589754647564488e-01 8.100386681128837196e-01 8.106540520014969831e-01 8.142333150794566210e-01 8.232345530086085938e-01 8.190975273025852266e-01 8.158721823552707031e-01 8.150249282943530238e-01 8.156062206426984984e-01 8.178513452350388846e-01 8.129650972272224330e-01 8.140142772519076697e-01 8.159834867992548091e-01
9.559637342757142109e-02 1.166754527699217781e-01 3.809309928294722369e-01 5.857103629988485993e-01 3.986685459113273877e-01 4.977556881948097534e-01 6.997358959291829494e-01 6.967192398277923804e-01 7.786776042113544571e-01 7.291242970175398908e-01 1.000000000000000000e+00 8.485382585147757117e-01 7.597270166956638926e-01 7.536132386442411235e-01 8.437551895981981742e-01 8.334937116912023436e-01 7.677761200861539237e-01 5.980941220954398840e-01 6.891997848559673345e-01 5.641276745802376036e-01 6.351661666447795396e-01 7.142069276889707607e-01 6.602112634363881405e-01 6.670790549297687111e-01 7.185976616172626841e-01 8.035527259623507224e-01 8.033507953821121816e-01 8.032483930450706744e-01 7.243480613456705353e-01 7.806253805364289367e-01 8.364590848972214276e-01 8.307026902089597042e-01 7.836539372392914427e-01 8.061177239125199012e-01 7.627962422715438562e-01 8.115185691542139423e-01 8.474456982127374083e-01 8.429935177232075194e-01 8.578213073865916805e-01 8.436081829057301418e-01 8.714092935777199012e-01 8.632962497771838883e-01 8.579424002690748674e-01 8.756156998757740340e-01 8.681941332082754315e-01 8.692858580457312190e-01 8.727520869655485125e-01 8.748415084431159228e-01 8.624281770901917055e-01 8.362237027475124540e-01 8.646927970752125159e-01 8.348400466807658349e-01 8.700954338704366409e-01 8.600105196071974323e-01 8.363564641721080717e-01 8.481781642005276067e-01 8.606475519033252031e-01 8.654483417832204983e-01 8.575682002401137094e-01 8.774539238644072370e-01 8.694652557591417974e-01 8.702218094281368721e-01 8.587446421278993602e-01 8.649456059671517538e-01 8.715489447765000230e-01 8.759598094351105368e-01 8.778731311061260811e-01 8.727235257961885040e-01 8.695553501812868236e-01 8.529037239048681274e-01 8.620356421870786212e-01 8.772595383822976434e-01 8.666251703669796136e-01 8.660551772508725543e-01 8.810025896243756094e-01 8.784055643941255376e-01 8.749154407043689963e-01 8.535333288352169312e-01 8.741093808550517430e-01 8.742221355971765417e-01 8.753515564366971535e-01 8.839374709476034431e-01 8.705804078239295363e-01 8.659067507745187298e-01 8.693725148234840994e-01 8.746926494908613403e-01 8.798386144858864055e-01 8.735962490416132598e-01 8.789612318187088880e-01 8.736218051010753438e-01 8.746145634705467797e-01 8.788374950449383549e-01 8.830748636082123015e-01 8.812987888163127392e-01 8.765002031757770373e-01 8.769053280872258771e-01 8.702266646105553116e-01 8.679598001759000203e-01 8.755115585315755844e-01 8.740270022204031930e-01 8.795822070347592003e-01 8.725963393460182127e-01 8.758612897553490484e-01 8.777372154611180477e-01 8.812424540454133481e-01 8.721062993833261778e-01 8.756235949920172512e-01 8.777619285195777943e-01 8.761077780276056437e-01 8.765505059287167500e-01 8.739156127600258284e-01 8.772135373102719624e-01 8.766865341401390843e-01 8.749005792664825698e-01 8.806876776989306377e-01 8.790388019798138775e-01
7.047861265012118903e-02 1.234760516008237552e-01 3.627439184657775262e-01 6.320793298591702580e-01 4.409600014891280062e-01 5.344479066124184774e-01 7.381002414152832980e-01 7.407624221872266546e-01 8.070933161914092269e-01 7.596693405239294261e-01 8.485382585147757117e-01 1.000000000000000000e+00 8.014787911147707167e-01 7.975651502977846308e-01 8.888410548905033570e-01 8.763155629356617071e-01 7.875186181406746977e-01 5.852897967940585700e-01 6.980530607493506956e-01 5.859963287285522293e-01 6.549879065420870505e-01 7.368847168407306469e-01 6.654296542693294292e-01 6.650431543209265328e-01 7.367400663388899984e-01 8.559437472284208148e-01 8.478871933079925594e-01 8.461054687087378179e-01 7.615875923858889118e-01 8.000220166310357817e-01 8.705720351652987965e-01 8.590828940910789635e-01 8.079139627481629615e-01 8.328225905875791257e-01 7.700637265673997423e-01 8.547189811023526707e-01 8.833461998611502608e-01 8.832886437965984383e-01 8.959168168510015517e-01 8.997349049562586298e-01 9.214083728879686186e-01 9.135682024564494297e-01 9.176892267999438024e-01 9.279292313175153684e-01 9.183878243579198797e-01 9.114382966340728309e-01 9.207249197678522012e-01 9.210161224882831288e-01 9.048111510051185524e-01 8.776767458230795294e-01 9.102003920293760819e-01 8.872313110692612304e-01 9.172906711031350024e-01 9.035599634700390848e-01 8.821447423286565837e-01 8.927752147113615644e-01 9.030221934481107438e-01 9.160934879014501764e-01 9.049050329424085382e-01 9.227463275129393905e-01 9.182875317749668032e-01 9.149673749596081151e-01 9.072083211666336355e-01 9.066803656496110753e-01 9.081634982472247541e-01 9.229666631303836688e-01 9.210150574556114078e-01 9.099948739154273269e-01 9.078315200397382156e-01 8.946701883769856423e-01 9.052730451184057836e-01 9.225082920217884119e-01 8.964277811780740901e-01 9.003023645333259051e-01 9.334749364280477968e-01 9.286400022314964531e-01 9.235624445474828192e-01 8.990577929993178730e-01 9.218159563699335202e-01 9.118455841298784836e-01 9.180373441544774638e-01 9.285970610162878058e-01 9.145328331538570277e-01 9.006637674818541717e-01 9.131764013578826944e-01 9.155622099548532677e-01 9.254408267835139146e-01 9.218818902500262036e-01 9.249631854996103186e-01 9.240476932772230256e-01 9.280502726020088966e-01 9.289220498098221812e-01 9.343488703204504420e-01 9.317856278411679183e-01 9.244645317826359898e-01 9.241880475631494285e-01 9.251033748700742132e-01 9.179721640300411156e-01 9.253233885194120933e-01 9.235749531566482817e-01 9.307390312612374705e-01 9.245866073556004983e-01 9.280335610296651661e-01 9.302739962337617241e-01 9.306811013148654776e-01 9.200685312888546852e-01 9.226017245662720967e-01 9.232998711255180346e-01 9.263379692335651505e-01 9.234441707017178036e-01 9.242749629761543018e-01 9.263337244191288677e-01 9.263399336103633752e-01 9.230122468802327562e-01 9.258497286429205886e-01 9.267766461553565982e-01
4.857147857504361815e-02 1.548877823312834190e-01 3.136320891038649750e-01 5.211560299113714434e-01 4.416038332379692566e-01 4.692898866807458935e-01 7.074522021772916558e-01 7.053534155696696839e-01 7.367813414454468246e-01 7.199666807435967097e-01 7.597270166956638926e-01 8.014787911147707167e-01 1.000000000000000000e+00 7.262544007044418048e-01 8.369318591573118304e-01 8.244468014009144197e-01 7.215898323966870587e-01 5.093778329681556416e-01 6.110625291423062988e-01 4.888352290379543996e-01 5.538869313446115328e-01 6.418849533300556853e-01 6.110387491678270777e-01 5.793986090598123306e-01 6.598165232170706274e-01 7.600987751519203695e-01 7.543760418658137512e-01 7.588436669829050629e-01 6.917480906052896339e-01 7.173451444892354756e-01 7.849335352110718977e-01 7.922259700744297417e-01 7.393896189263133856e-01 7.551842963733275127e-01 7.055526824644079431e-01 7.721739546421660938e-01 8.017035774529063241e-01 8.176484786446391873e-01 8.181791211947402331e-01 8.112292305250857760e-01 8.400404653280586498e-01 8.435995955730033469e-01 8.334363262340916956e-01 8.487254985143150021e-01 8.322257359434950263e-01 8.371526178535930729e-01 8.537757970381510964e-01 8.570983870347591571e-01 8.386191112079162124e-01 8.054687149899808496e-01 8.394405211474492701e-01 8.001102351537859869e-01 8.389403764266791796e-01 8.330924236373283831e-01 8.075848288076642456e-01 8.171749230012667065e-01 8.251760421659614098e-01 8.485815430648669944e-01 8.367822409451542987e-01 8.580697176842533302e-01 8.509717389703648216e-01 8.510520470862927844e-01 8.383877761156038888e-01 8.438112823285929265e-01 8.313994068253129921e-01 8.477535564980782645e-01 8.554444873339402955e-01 8.306088590295369611e-01 8.406745039792435925e-01 8.081432411580534714e-01 8.153975512365491118e-01 8.393177701195175811e-01 8.210236871637094369e-01 8.233055898399356254e-01 8.533389903226169526e-01 8.523809167263155517e-01 8.444636261230233920e-01 8.289631743711592948e-01 8.423932677819589987e-01 8.385205786902988345e-01 8.378980817368179013e-01 8.509438976324547044e-01 8.482692592806452270e-01 8.351596661850316794e-01 8.417551406279086823e-01 8.422376794904766761e-01 8.478286612229056773e-01 8.542564679915262138e-01 8.539057095748240345e-01 8.493339755873605679e-01 8.515299156455076179e-01 8.600421728537354094e-01 8.556389843311884569e-01 8.589042973936035219e-01 8.584198972844530040e-01 8.587996340867575240e-01 8.461929592974428704e-01 8.445566889435153213e-01 8.560002648826023908e-01 8.517447524665781033e-01 8.591120364620337124e-01 8.542128290099961774e-01 8.543256416353254279e-01 8.608208058007643659e-01 8.540106237180246085e-01 8.490860868162869446e-01 8.566019313169442873e-01 8.584931752015003692e-01 8.555753116102170486e-01 8.594986226578966715e-01 8.585049013673941021e-01 8.595094944972079265e-01 8.581284126055381822e-01 8.567830526967518123e-01 8.498751970320257421e-01 8.561745142471584025e-01
