1.000000000000000000e+00 3.984373612084182725e-02 7.412785580210157210e-02 5.808083616444367075e-02 3.630458611074923597e-02 -1.367425720498872607e-02 2.754647753987702480e-02 -2.228589995154238966e-03 7.059686857844782448e-02 -6.872975970859343357e-03 2.275629913553000455e-02 4.864225526842768862e-03 1.840496400037355818e-02 1.384518899656860674e-02 2.168422025304317033e-02 1.628241007264365214e-02 4.255882485269771309e-02 4.064496008177996555e-02 4.134501965015335845e-02 9.597956525524770077e-02 4.239724121790663935e-02 4.114708719089987116e-02 3.628073007933305116e-02 6.856515164867356404e-02 4.922723827926038520e-02 2.583189442459378135e-02 2.363295975121006837e-02 2.427955718112078179e-02 3.098165162082864438e-02 2.857776346565026049e-02 1.824289667222148137e-02 1.618703803662881538e-02 -3.267463365134561787e-02 9.686446324731562418e-03 -1.666176919846311388e-02 5.422088481101388149e-03 1.324544351173267964e-03 -4.912332973739697538e-03 7.800292324545222630e-03 2.223565630442425091e-03 1.212590022323987299e-02 -2.333120009670152425e-03 1.287600663261829516e-02 1.095329401584237833e-02 1.275624825044530813e-02 3.829372730496222697e-04 8.286896375281833579e-03 9.043398402541780526e-03 1.139595577594099997e-02 -4.022641812020637773e-03 3.502416456163338822e-03 3.453422298059471290e-02 2.982030054171403224e-02 1.493342630259830543e-02 1.132896065290654210e-02 1.032703488476227269e-02 3.129908849506508883e-02 1.389864674386426593e-02 2.435126044775569234e-03 2.784676538636573356e-02 1.710358671155434371e-02 1.707633590332759480e-02 9.478793646544943566e-03 1.723702925853138126e-02 3.693899821837665076e-02 3.474814772506774202e-02 1.092382112602528765e-02 1.655530856907323767e-02 1.857826459249671547e-02 3.286435309351559003e-02 1.084960874998759130e-02 5.697437290840725276e-03 2.099454682663404875e-02 1.470338642414461064e-02 1.170004664501977411e-02 9.216970681015429490e-03 1.551125009941893215e-02 8.190854980472745545e-03 1.593868608935185283e-02 1.443047881206887227e-02 4.547157619540943309e-03 7.169855639585265977e-03 1.777354816814501193e-02 -7.334590718458371128e-03 -3.995749118967338413e-03 3.674668408932298905e-03 -3.364963657553162639e-04 5.635169997470405520e-03 -1.313478975641296353e-03 1.226835626390402646e-02 3.427115824659692639e-03 7.941992500121024603e-03 8.500539518144941548e-03 8.236146927950075899e-03 5.133968189200810439e-03 6.072849868558188001e-03 7.248110807741969981e-03 2.489388251522902870e-02 1.649914632666585335e-02 5.183098063567628290e-03 5.987122892164161228e-03 1.236815116301722035e-02 1.098259853114238148e-02 9.621349336083714204e-03 1.599880948244160328e-02 2.557434220536164426e-02 1.168680832683565915e-02 7.936344347635810453e-03 7.538765312070479924e-03 1.277515743004662557e-02 1.362940952562908224e-02 1.431547886316688820e-02 1.761279103406568000e-02 1.578279330479990736e-02 2.013512962904307271e-02 2.188907055517994027e-02
3.984373612084182725e-02 1.000000000000000000e+00 7.988521931396733167e-02 1.028107611218840312e-01 7.511527347113697295e-02 8.746582875803565749e-02 1.350321431066593136e-01 1.365909607291275751e-01 1.548633495469055599e-01 1.344138904931940492e-01 1.286699419054851690e-01 1.494264208723224685e-01 1.452547225515408436e-01 1.508114398498184294e-01 1.540045618068759947e-01 1.469407038755535244e-01 1.334110573583274506e-01 1.105540843504803916e-01 1.346618034487025439e-01 1.245286131896797405e-01 9.604275986507290752e-02 1.300829588977028273e-01 1.362629289414716005e-01 1.246989162752937114e-01 1.369726321268125158e-01 1.499020896899851962e-01 1.542694873710652448e-01 1.643029150083128442e-01 1.560381655929904410e-01 1.575503153083834262e-01 1.696016625238643549e-01 1.446827472736607056e-01 1.150901737027129890e-01 1.389852271437500841e-01 1.375472120935095077e-01 1.308901315910977192e-01 1.428454247060741145e-01 1.491166244814209896e-01 1.505549391131992543e-01 1.415643641529674146e-01 1.596408980927178922e-01 1.543277407366269727e-01 1.415290597068322442e-01 1.565118727043839086e-01 1.554172833029457412e-01 1.544601919581682359e-01 1.602035691280029872e-01 1.594647145024226387e-01 1.589229661173114094e-01 1.436536925465762560e-01 1.482241490790102423e-01 1.268586230037746510e-01 1.495436022811821586e-01 1.624489591891163376e-01 1.631476437501525045e-01 1.620397741304616113e-01 1.475400770873870615e-01 1.579421216650451765e-01 1.593846795046249265e-01 1.608014587485029068e-01 1.535195777491026869e-01 1.578385250249146610e-01 1.548905509427478677e-01 1.527864437158032163e-01 1.588194792793601318e-01 1.583102618087023072e-01 1.604648448200038102e-01 1.536941807334257504e-01 1.575465074669426813e-01 1.589870134412613156e-01 1.490688278982018888e-01 1.549490734961803673e-01 1.505388544038593901e-01 1.551208090490927560e-01 1.590556669024958680e-01 1.628041098093144234e-01 1.641453383049193415e-01 1.630766703236144477e-01 1.614582859758164346e-01 1.599998268546880820e-01 1.564109026030212901e-01 1.604099121467894296e-01 1.571710735800725123e-01 1.572779058712371336e-01 1.552639698161491222e-01 1.517335355468801272e-01 1.550919309546549552e-01 1.595588175031656952e-01 1.575686230538385635e-01 1.613512565468761817e-01 1.596482628126189296e-01 1.621391997950744346e-01 1.582669147008345656e-01 1.601881685772953978e-01 1.610505790290695793e-01 1.624923700805505355e-01 1.525745067725623461e-01 1.525453646113217043e-01 1.598872181242347590e-01 1.563429685425050675e-01 1.530099643093317807e-01 1.546344252253828710e-01 1.567119555562107303e-01 1.556134515740978941e-01 1.532568002785480166e-01 1.577159995309508345e-01 1.613018516493381349e-01 1.620769183411865655e-01 1.612973940001758699e-01 1.615116758020510301e-01 1.625566602997423338e-01 1.592650440175478466e-01 1.611101613922953091e-01 1.573998985521972427e-01 1.581201409558766757e-01 1.598207490877646964e-01
7.412785580210157210e-02 7.988521931396733167e-02 1.000000000000000000e+00 2.829149071976351792e-01 1.966034529640199036e-01 2.339639128753452924e-01 3.246005151581848325e-01 2.832443562897711264e-01 3.113342668869796825e-01 2.912666252450862303e-01 3.235094810049102820e-01 3.444546080569089730e-01 3.062520612776182261e-01 3.029272208418872236e-01 3.443407801027541515e-01 3.483596808019399083e-01 3.237300251515577987e-01 3.185590714893876130e-01 3.327138952429333774e-01 3.205257528442063131e-01 3.025131368888787642e-01 3.461040326816072210e-01 3.448030608079467041e-01 3.320585012142264203e-01 3.309907132344618308e-01 3.533218517563183614e-01 3.437309761631692773e-01 3.422470546576469319e-01 3.335334501559600318e-01 3.430879243442819249e-01 3.432122161998518717e-01 3.333970254360830721e-01 2.998871280615080792e-01 3.370067107653599292e-01 3.196363595344244302e-01 3.407628772927284166e-01 3.400773018498197686e-01 3.294360785448855466e-01 3.462336216015486912e-01 3.443008193926546667e-01 3.430564803486480518e-01 3.410380179072703966e-01 3.496542622940568834e-01 3.495926492254706752e-01 3.555707441849259576e-01 3.516038514970728501e-01 3.462679755419275640e-01 3.435515932739415801e-01 3.436853165185492776e-01 3.298497137759456299e-01 3.340167820165814705e-01 3.443121733225215086e-01 3.511970801868085079e-01 3.480665599333498950e-01 3.472163358226889041e-01 3.518981289742924567e-01 3.535190045747921284e-01 3.414509842419616858e-01 3.418061152967381000e-01 3.552708805449262819e-01 3.543212874825933389e-01 3.486878329376371655e-01 3.482881098786575480e-01 3.494267579059412432e-01 3.456572245968386747e-01 3.554298490019476287e-01 3.476115186558190184e-01 3.498431655828040387e-01 3.505085573127119658e-01 3.574823541051805331e-01 3.477250374311426917e-01 3.455302698995615374e-01 3.497589786802175471e-01 3.476784005980612102e-01 3.516689589809386951e-01 3.414384159672704255e-01 3.474934913895878497e-01 3.413019905857553327e-01 3.446554593040573877e-01 3.427269683111827669e-01 3.436313994379516790e-01 3.480814025988641647e-01 3.526577292406646302e-01 3.406351921445498476e-01 3.416504578327068664e-01 3.472568071645040222e-01 3.471019165612884705e-01 3.438051836624877455e-01 3.467313797327922775e-01 3.494273932947018491e-01 3.459578417655885252e-01 3.465645414360198351e-01 3.477072367825712051e-01 3.482707666582782191e-01 3.437800488795986764e-01 3.430628911362991751e-01 3.453970690172564195e-01 3.479508057035765045e-01 3.507940396659532944e-01 3.422202175459977402e-01 3.496732863500219834e-01 3.498177599310262065e-01 3.476159948504671249e-01 3.460824168851137084e-01 3.536315283357107653e-01 3.523923946068140967e-01 3.456526648111379330e-01 3.422336460593854435e-01 3.471322371658694395e-01 3.445509554008527320e-01 3.438069769985216406e-01 3.472919766346849180e-01 3.506420336066634058e-01 3.505646511798387044e-01 3.486476071618778705e-01 3.532566453893191127e-01
5.808083616444367075e-02 1.028107611218840312e-01 2.829149071976351792e-01 1.000000000000000000e+00 3.772792344752811666e-01 3.974512941715891423e-01 5.707011376140115333e-01 5.620740338112085732e-01 5.783799925534177655e-01 5.313895318722661187e-01 5.683153610655725663e-01 6.382573806754772150e-01 5.914311904577955747e-01 5.674095528544409461e-01 6.383432798468222646e-01 6.347892619973769524e-01 5.837841747896662659e-01 5.804194609578483544e-01 6.111985393310058745e-01 5.745619661487846308e-01 5.721455031234855548e-01 6.271581271809603120e-01 6.260496838987427148e-01 6.055422814341583360e-01 6.072115222047451688e-01 6.311776171751489750e-01 6.194748344371278082e-01 6.139738007559624178e-01 6.229133039902334801e-01 6.343423771159406588e-01 6.346313942689748577e-01 6.320975983926894193e-01 5.742144758070475419e-01 6.211734549184666498e-01 5.954603825365439862e-01 6.273796779612036412e-01 6.312254821545723038e-01 6.233787041430054465e-01 6.391544361517673689e-01 6.284907933934354984e-01 6.411311633583562930e-01 6.383107262225772294e-01 6.428902798709138500e-01 6.439562996770478165e-01 6.497820184213922712e-01 6.341985151356468453e-01 6.396399420860000573e-01 6.324864705362395201e-01 6.394365955648955158e-01 6.205483398735510692e-01 6.307074979792581804e-01 6.309590347292749479e-01 6.439735033845346290e-01 6.351955824937113304e-01 6.358608933695881760e-01 6.382555446347076833e-01 6.365650839645476955e-01 6.332911505851606115e-01 6.300630868296162035e-01 6.404884562584318708e-01 6.472801424434463380e-01 6.360743321856291432e-01 6.319078904933175256e-01 6.374427059356783110e-01 6.380838042772383201e-01 6.380580922881056161e-01 6.382892840527356615e-01 6.443287427466787287e-01 6.465018914175032494e-01 6.514703572185727154e-01 6.439657960373166290e-01 6.408231155605997875e-01 6.478480343744845715e-01 6.433468570743595683e-01 6.449711888849184449e-01 6.360100775888533065e-01 6.414688398218356680e-01 6.345335927020575584e-01 6.388095924126119263e-01 6.387638022977661922e-01 6.387545439305793993e-01 6.391421369603057512e-01 6.460366279135377754e-01 6.345277406721870905e-01 6.382004358497271879e-01 6.422749713338888888e-01 6.407341752187113437e-01 6.440375499490025302e-01 6.440314978119595635e-01 6.430288169748439309e-01 6.419589009336855723e-01 6.436825484676608200e-01 6.434348898203088307e-01 6.406561502368604000e-01 6.401073631755734850e-01 6.382473886322005407e-01 6.481615971367609141e-01 6.436109133592987641e-01 6.466255377507850177e-01 6.452827615411844686e-01 6.479721686314910967e-01 6.429841290332510839e-01 6.428533230504851481e-01 6.447939068489745296e-01 6.480758735826289696e-01 6.371326716667415901e-01 6.429936736089794103e-01 6.359632191929425193e-01 6.364166757501035221e-01 6.437626461354414298e-01 6.396111854892605475e-01 6.421462095095702427e-01 6.413456885765472792e-01 6.448834360974800006e-01 6.448652005002232235e-01 6.431766764942001835e-01
3.630458611074923597e-02 7.511527347113697295e-02 1.966034529640199036e-01 3.772792344752811666e-01 1.000000000000000000e+00 2.901906631223503674e-01 4.436417155028082315e-01 4.469118085962876519e-01 4.437516761139866373e-01 4.206471990304293529e-01 4.518826195068420537e-01 4.732065361414519167e-01 4.658496674480786526e-01 4.247069317714596282e-01 4.903650764528530992e-01 4.778929941007798998e-01 4.454058257767185003e-01 4.582749088654322622e-01 4.783160590082313202e-01 4.166546587883510622e-01 4.566906081493909419e-01 4.783839261950871835e-01 4.777132764701084167e-01 4.597900383820885950e-01 4.640256235637088555e-01 4.807114375966106690e-01 4.707017550203944078e-01 4.757552847696990828e-01 4.625479087785733801e-01 4.845872142702136731e-01 4.866608687273992206e-01 4.893676481645514720e-01 4.465668711822635695e-01 4.800003287065879309e-01 4.648692469141857408e-01 4.803749425546156582e-01 4.832100990362578341e-01 4.804411062650721376e-01 4.845181920294523992e-01 4.787992150887548926e-01 4.945802769384283204e-01 4.960200963105320104e-01 4.876241396528325778e-01 4.900248206791882888e-01 4.932764756522204364e-01 4.869666986057631930e-01 4.909675007153909698e-01 4.825426545947320567e-01 4.828569100207690812e-01 4.806603406534311618e-01 4.836620016569774805e-01 4.983415864203901702e-01 4.919699343655284940e-01 4.782778018430215439e-01 4.826346791013984561e-01 4.872112495922127917e-01 4.785024420678412049e-01 4.859995976031503684e-01 4.775001060103972739e-01 4.873546021538049944e-01 4.899639182554952344e-01 4.829518489646423274e-01 4.821710088352027523e-01 4.844865381217808853e-01 4.925188704100216253e-01 4.847044353050810050e-01 4.862993008783892401e-01 4.888154733828817267e-01 4.938929053390493373e-01 4.903881849981020502e-01 4.959737356060209268e-01 4.929840987626312732e-01 4.919810490253392343e-01 4.955180013322284527e-01 4.913457090574214758e-01 4.887390907163619014e-01 4.886258571830648378e-01 4.794833385303866047e-01 4.864736749861795495e-01 4.850570061668921240e-01 4.893167864329154293e-01 4.893965726868844124e-01 4.907566230066602309e-01 4.891261305298969519e-01 4.930797402684166664e-01 4.952784632008250809e-01 4.933047289415566361e-01 4.909712785094209053e-01 4.884706789948549122e-01 4.899226635211709757e-01 4.883623461603054938e-01 4.920177420720736050e-01 4.904411983186106605e-01 4.876356505071125502e-01 4.847083855287070420e-01 4.853149712031711860e-01 4.914001343691142276e-01 4.894399019989677524e-01 4.902409929364579533e-01 4.942411218474945245e-01 4.921624465225773459e-01 4.884209065460171639e-01 4.947380564432682371e-01 4.897756242424002315e-01 4.962541571507953497e-01 4.791658225278841443e-01 4.876892210949671513e-01 4.867822031524712267e-01 4.873505559812786325e-01 4.906405263958862895e-01 4.846182757607778724e-01 4.895932438357673000e-01 4.847062840061696076e-01 4.890776552748585804e-01 4.907579014215774915e-01 4.883742924298375421e-01
-1.367425720498872607e-02 8.746582875803565749e-02 2.339639128753452924e-01 3.974512941715891423e-01 2.901906631223503674e-01 1.000000000000000000e+00 5.419561739479179518e-01 4.828361866738312136e-01 5.499335695509540711e-01 5.212764424431619581e-01 5.432407048151155493e-01 5.972916417957540025e-01 5.388441948129580883e-01 5.542745609505306259e-01 6.023317706176033459e-01 5.875279679899102492e-01 5.500900948833138404e-01 5.425261299166354023e-01 5.647185675165968810e-01 5.163299625125032932e-01 5.237978238016662846e-01 5.581526936564276120e-01 5.709235752153095644e-01 5.527391695655309301e-01 5.530282510136319551e-01 5.925808622525083891e-01 5.810555732605955370e-01 5.902588797343321092e-01 5.921069221627216494e-01 6.039245755427626872e-01 6.044231177606743666e-01 5.945675065204402143e-01 5.373976949727616859e-01 5.833085504859755188e-01 5.705147824793435074e-01 5.715281320639316043e-01 5.902489831689301525e-01 6.007894161643771991e-01 6.065871210070591379e-01 5.977873888590642393e-01 6.095056152059720178e-01 6.054735640693597043e-01 5.985626811297825034e-01 6.148415326085343580e-01 6.039738553645197516e-01 6.098092536749253334e-01 6.177039970276374525e-01 6.147064046832262374e-01 6.119627349040290820e-01 5.862172798942495433e-01 6.024142285460303281e-01 5.701348451638049708e-01 6.029599626876966934e-01 6.171464217730170398e-01 6.144437306475172278e-01 6.134629015028925103e-01 6.039784182886599462e-01 6.080091807947993754e-01 6.158382320295878731e-01 6.148558503435285205e-01 6.127448117696405738e-01 6.184757253102157737e-01 6.133772279681460882e-01 6.083068596350030832e-01 6.036947180590719331e-01 6.132998546849107724e-01 6.161333085830639211e-01 6.164864507298383201e-01 6.188296074798117496e-01 6.172337365625140126e-01 6.124037131449184823e-01 6.146072860344360400e-01 6.157208632772017687e-01 6.135038076177039557e-01 6.155008082665393010e-01 6.131691849609267608e-01 6.138862909840453463e-01 6.094473521895746870e-01 6.181794747270002999e-01 6.162780340863226458e-01 6.153596664335710953e-01 6.166657740533106891e-01 6.139054350761667944e-01 6.067711872778159821e-01 6.048543366277925326e-01 6.093493808949371759e-01 6.119524007652175079e-01 6.174448435319852546e-01 6.169536473060813764e-01 6.176220425966859606e-01 6.153304491737819903e-01 6.191392009552342257e-01 6.195553501851438494e-01 6.191790523063765983e-01 6.159433625112219479e-01 6.188911657977672620e-01 6.119353753477539959e-01 6.109964210723740630e-01 6.172643274775787559e-01 6.129179373817342791e-01 6.159018225318312334e-01 6.184486041393745248e-01 6.141591029155852866e-01 6.181699496946321259e-01 6.131927994401601412e-01 6.170035168596207376e-01 6.188796092905628488e-01 6.182776957341318269e-01 6.195334224530237854e-01 6.183909159255628341e-01 6.206646055399294148e-01 6.201467590360617566e-01 6.206444106325287313e-01 6.165822548781386692e-01 6.137717721417030869e-01 6.159302068417669140e-01
2.754647753987702480e-02 1.350321431066593136e-01 3.246005151581848325e-01 5.707011376140115333e-01 4.436417155028082315e-01 5.419561739479179518e-01 1.000000000000000000e+00 7.121745281536330241e-01 7.399951893811377301e-01 7.056771161510831947e-01 7.503850479820022290e-01 8.160301362915696188e-01 7.664543093682451014e-01 7.494728940669915795e-01 8.493525464603521868e-01 8.158446209026057883e-01 7.632118143929740306e-01 7.439869995830658000e-01 7.913266688349478439e-01 6.919528741898104407e-01 7.213634656240157650e-01 7.924971152608778491e-01 8.009487276646978238e-01 7.579415382409855351e-01 7.722104821071902325e-01 8.352882883179186813e-01 8.127606435407008778e-01 8.197493350062791118e-01 8.107270420429461000e-01 8.391123547887732181e-01 8.424890105937797857e-01 8.297809422461742690e-01 7.635084973347490145e-01 8.188005120037078477e-01 7.952645280860384247e-01 8.108146517896777095e-01 8.282205043504948794e-01 8.322760850618626804e-01 8.425534752298430297e-01 8.277427499281844181e-01 8.410321771257984746e-01 8.426473952532479439e-01 8.324125729079192570e-01 8.474440186989297130e-01 8.443154581503512501e-01 8.475868067118776938e-01 8.467417451418988161e-01 8.427334948203478726e-01 8.443210747833428398e-01 8.157158644125659386e-01 8.360610535822979861e-01 8.011521287420275694e-01 8.336314979209811238e-01 8.454891155256194502e-01 8.452578918494374483e-01 8.465619729709268348e-01 8.344865123160897236e-01 8.441165342269263405e-01 8.445236957947901413e-01 8.465296997972439064e-01 8.448291207439928563e-01 8.456831463523678538e-01 8.411393857355761172e-01 8.417368130945982463e-01 8.399674060846837875e-01 8.433604179246586563e-01 8.457366358386801952e-01 8.480251761882616757e-01 8.490663723936046070e-01 8.404716113207960637e-01 8.457471010567907399e-01 8.477231609737421181e-01 8.428419514946362545e-01 8.425727608935585922e-01 8.507511341753880574e-01 8.461763771971840820e-01 8.481601023574180109e-01 8.391264834735597811e-01 8.438855883422643478e-01 8.486371177275642275e-01 8.470031144506611209e-01 8.468865974413951614e-01 8.513089235337106819e-01 8.436266319763549015e-01 8.420747844953943018e-01 8.442220246708720399e-01 8.466189373505949023e-01 8.499379673675842017e-01 8.498169259330187186e-01 8.492424786652658097e-01 8.486831680258519750e-01 8.510823774565045019e-01 8.481427765735205515e-01 8.488251331956998547e-01 8.477135985448399635e-01 8.480021766995742283e-01 8.440592310265793152e-01 8.412366782573817980e-01 8.491152000502031338e-01 8.472354727970560218e-01 8.468244175587260614e-01 8.471045365093974322e-01 8.448976249725153043e-01 8.485443122343134803e-01 8.477888865119946882e-01 8.426721285218263802e-01 8.489649437492333695e-01 8.479415923538040634e-01 8.474784813866337307e-01 8.482084746849872792e-01 8.473937296892418702e-01 8.497051697763099432e-01 8.469149153409110120e-01 8.478048876539185930e-01 8.446070509145581218e-01 8.473780571596198907e-01
-2.228589995154238966e-03 1.365909607291275751e-01 2.832443562897711264e-01 5.620740338112085732e-01 4.469118085962876519e-01 4.828361866738312136e-01 7.121745281536330241e-01 1.000000000000000000e+00 6.966481876893465541e-01 6.697504928511776034e-01 7.067566213999741942e-01 7.692259115159495453e-01 7.288766578938710161e-01 7.099398902195666050e-01 7.840675265816914319e-01 7.874811734985639466e-01 7.182880252031922375e-01 7.034549435300201381e-01 7.507124298231491188e-01 6.381710165431385695e-01 6.950694407842080702e-01 7.493137348605500847e-01 7.417900512780443156e-01 7.126512203403904122e-01 7.270763961995709845e-01 7.725090919297251668e-01 7.585873613435363261e-01 7.552464351738052972e-01 7.553746713800286727e-01 7.715928223079315806e-01 7.813471545306790444e-01 7.906043707795034070e-01 7.425046611599688262e-01 7.840924341241354290e-01 7.697609877401637712e-01 7.811508802368638538e-01 7.775160220827984636e-01 7.950783984761644607e-01 7.985092334602117425e-01 7.773725926015510046e-01 7.846996182290161270e-01 7.966345120825694126e-01 7.920233642693125242e-01 7.977168195246532312e-01 7.900403189890475852e-01 7.895427106968857522e-01 7.928400248507125880e-01 7.889642684886495339e-01 7.903436075988512499e-01 7.883403095190680832e-01 7.999747078793488786e-01 7.710903274184048861e-01 7.837983861345266812e-01 7.830897050768538259e-01 7.843266398381054660e-01 7.899310619830944846e-01 7.837474395022480111e-01 7.937289462333066981e-01 7.891915304054445413e-01 7.854371845155416754e-01 7.975440232296490128e-01 7.856089071868656015e-01 7.881262238943991250e-01 7.951843925562048776e-01 7.894615952542712867e-01 7.853929555787562133e-01 7.918228744081583503e-01 7.933534942818873947e-01 7.949601910999215537e-01 7.862378392648047276e-01 8.005431270072083105e-01 7.956371180094445883e-01 7.904547905890353388e-01 7.888590422627524967e-01 7.931545236925446885e-01 7.887032014452041162e-01 7.874273790698215203e-01 7.858031706328894028e-01 7.811608037184224473e-01 7.903559597099041323e-01 7.906175660886979317e-01 7.928808699642030389e-01 7.927005857773221642e-01 7.946866038219583261e-01 8.028155079183737497e-01 8.017528635492315869e-01 7.963602169729410152e-01 7.998337145953077210e-01 7.993192238837796282e-01 7.909393871652036223e-01 7.916247428862510649e-01 7.936984251157802595e-01 7.937756955873915832e-01 7.926398255674177440e-01 7.940564297556977902e-01 7.928056334874329369e-01 7.984626015410263289e-01 7.935981138693429804e-01 7.981410665321323483e-01 8.014871158290087783e-01 7.972748802138795998e-01 7.979201064283790723e-01 7.925458706153591937e-01 7.986194107431722200e-01 7.981974741601535195e-01 7.826768774959956820e-01 7.937821620610323592e-01 7.917536256245711890e-01 7.914298978176764754e-01 7.962210771712173729e-01 7.896849239393410880e-01 7.941314500427688605e-01 7.888526119017728044e-01 7.961300164639214527e-01 7.915374386239711901e-01 7.873233940514644535e-01
7.059686857844782448e-02 1.548633495469055599e-01 3.113342668869796825e-01 5.783799925534177655e-01 4.437516761139866373e-01 5.499335695509540711e-01 7.399951893811377301e-01 6.966481876893465541e-01 1.000000000000000000e+00 7.510164203089657597e-01 7.831213127669238716e-01 8.381787414821093574e-01 7.898503927917362999e-01 7.812784200468758655e-01 8.576164642038490715e-01 8.361280089209860433e-01 7.976481976581704103e-01 7.479640227991782853e-01 8.029476409169866713e-01 7.185156025144521230e-01 7.257048317316847630e-01 7.904898449741744049e-01 8.030438219488705842e-01 7.557912059019966655e-01 7.650069990754456706e-01 8.504570043904643439e-01 8.319026425006745828e-01 8.289422696851612704e-01 8.357247914930675536e-01 8.571881545162741700e-01 8.720607970188709590e-01 8.480799110713673761e-01 7.729839571316251545e-01 8.359304669824578760e-01 8.153620647950428069e-01 8.264080387225662960e-01 8.425133508326290155e-01 8.546028644395359253e-01 8.635452310880900040e-01 8.247653860497405898e-01 8.654353872534058523e-01 8.580434745215076431e-01 8.440131198755567166e-01 8.664600053631666965e-01 8.641096537011216938e-01 8.597984858772553807e-01 8.776422995550305917e-01 8.803836532970168438e-01 8.752529867682684594e-01 8.409422457117835537e-01 8.634833400326985542e-01 8.264525990504870689e-01 8.638618315282425852e-01 8.769339287095596625e-01 8.715402784522966462e-01 8.695637234733970544e-01 8.700405479487487437e-01 8.711843002652863710e-01 8.695015681589840506e-01 8.785435691191133545e-01 8.709880227942017328e-01 8.775007951386268878e-01 8.713608220751027922e-01 8.753865419665616265e-01 8.784730510464962006e-01 8.749164986881428074e-01 8.792615024819954161e-01 8.724505704203548984e-01 8.748322287668219843e-01 8.685381138842891424e-01 8.689534892341652661e-01 8.732031745635654429e-01 8.657081037433100867e-01 8.622212353299392174e-01 8.749256235035454132e-01 8.764749306317313193e-01 8.716394213479103925e-01 8.701443309087747435e-01 8.705880042438984834e-01 8.780955645363507367e-01 8.746510505669055080e-01 8.785638043054988522e-01 8.759204962863924582e-01 8.661402958424008203e-01 8.638480953788851835e-01 8.712449220879219247e-01 8.703088857413341373e-01 8.742154409069277099e-01 8.735118666408576704e-01 8.720521044595674898e-01 8.664435999028229363e-01 8.745150391706036919e-01 8.740174898807252513e-01 8.741688402245801903e-01 8.791429013037852513e-01 8.800741577988665520e-01 8.716695808975125637e-01 8.781425229451272907e-01 8.786624226136898752e-01 8.745795999940915166e-01 8.668841852942941184e-01 8.774970515892541734e-01 8.774200524415187719e-01 8.777464186317205375e-01 8.754315742972640368e-01 8.760346702292879373e-01 8.822693525058210584e-01 8.791470517007810015e-01 8.774722981537974587e-01 8.818944318277474048e-01 8.775215431478691208e-01 8.813575209069474115e-01 8.798406115849459752e-01 8.826084612470471713e-01 8.825019316425615212e-01 8.804979164462112262e-01
-6.872975970859343357e-03 1.344138904931940492e-01 2.912666252450862303e-01 5.313895318722661187e-01 4.206471990304293529e-01 5.212764424431619581e-01 7.056771161510831947e-01 6.697504928511776034e-01 7.510164203089657597e-01 1.000000000000000000e+00 7.255623955402088487e-01 7.958084314658632197e-01 7.389571171918348780e-01 7.431073799569856142e-01 8.141823839604374058e-01 7.970568356961088563e-01 7.475260108340069376e-01 6.945968682448525611e-01 7.583516664722362854e-01 6.480261194273385650e-01 6.693851812407461965e-01 7.405668309650980108e-01 7.628318485834725271e-01 7.052797073078532764e-01 7.283124240791453152e-01 8.051889323782499552e-01 7.942954136118431929e-01 7.998182264809560182e-01 7.943259508491221643e-01 8.189719124474935663e-01 8.340009062991579070e-01 8.061183458420008163e-01 7.530491279619017098e-01 7.885345742541446379e-01 7.869778106611464707e-01 7.829967730031177631e-01 8.097785932451335711e-01 8.101310487282969985e-01 8.233669656311500828e-01 7.993788440708490262e-01 8.286403273728137897e-01 8.270633476554580810e-01 8.108717965806052641e-01 8.282188766552301962e-01 8.238452974091279302e-01 8.264135656295475973e-01 8.387460746776510545e-01 8.445061811924188255e-01 8.370940571337693870e-01 7.881041818025469325e-01 8.189900475865987683e-01 7.777330964305642080e-01 8.209058517449513426e-01 8.407928384809373323e-01 8.366761430307975145e-01 8.404359291807460552e-01 8.182267640658047458e-01 8.335381496157590053e-01 8.334419408211066749e-01 8.381224737884488407e-01 8.286043657460617773e-01 8.378554019770276806e-01 8.304430921705436841e-01 8.304001736010750978e-01 8.284430487428764422e-01 8.295741145762595137e-01 8.433722131170957592e-01 8.344898288416859877e-01 8.365827860455912202e-01 8.245084762736059059e-01 8.265346911478254066e-01 8.358479760610418863e-01 8.245434625860987854e-01 8.246154540218504359e-01 8.361609449516365089e-01 8.389822325239099099e-01 8.347979037656635404e-01 8.369966751058121046e-01 8.355624004316649645e-01 8.424517883854631961e-01 8.384536043886516854e-01 8.432013388623702532e-01 8.378528363101802601e-01 8.352294859139438588e-01 8.237818774643311803e-01 8.304475412221742348e-01 8.374689440193141543e-01 8.386494522512349947e-01 8.374642438458953508e-01 8.395306442711035766e-01 8.360441309821630140e-01 8.402642170039336111e-01 8.409932422734072155e-01 8.410828811521052772e-01 8.436584181949204897e-01 8.442603048259238463e-01 8.283342442060669386e-01 8.257984475182365003e-01 8.362421966346232916e-01 8.337460549620194783e-01 8.328822265880582165e-01 8.354899054410156456e-01 8.372649166451741065e-01 8.397480428083231585e-01 8.349987730458546809e-01 8.356168653739426411e-01 8.415718808380241445e-01 8.445292159154479394e-01 8.422898429969667422e-01 8.414010540126661830e-01 8.411900898719399944e-01 8.425921720203188858e-01 8.403663097411759875e-01 8.376050101559061600e-01 8.389409443692809054e-01 8.392140738842935876e-01
2.275629913553000455e-02 1.286699419054851690e-01 3.235094810049102820e-01 5.683153610655725663e-01 4.518826195068420537e-01 5.432407048151155493e-01 7.503850479820022290e-01 7.067566213999741942e-01 7.831213127669238716e-01 7.255623955402088487e-01 1.000000000000000000e+00 8.489969311780479755e-01 7.805917162229986106e-01 7.797570172740264649e-01 8.544833938085673042e-01 8.387686785507638687e-01 7.811088794009170000e-01 7.574933177823465202e-01 8.074950422978343090e-01 7.157679765938445016e-01 7.407766911430085921e-01 7.990069743646640577e-01 8.116216511084970442e-01 7.693779470218200522e-01 7.798344969421328043e-01 8.484156887136464764e-01 8.365113961875173532e-01 8.255107296400953087e-01 8.266891895161337933e-01 8.535703223618384961e-01 8.630798658919496269e-01 8.553582093493158345e-01 7.858248476936816607e-01 8.442803981931412682e-01 8.221642368887380758e-01 8.398938232523459613e-01 8.456490582661164712e-01 8.598739179650518594e-01 8.668477958390310434e-01 8.407834985874873546e-01 8.622719330878740873e-01 8.640846286451184799e-01 8.563463858302394760e-01 8.665379943863363854e-01 8.701485021689300270e-01 8.649221296627284117e-01 8.706038510429918720e-01 8.714813594424426491e-01 8.716319606863577318e-01 8.508282207247511719e-01 8.665796835773004192e-01 8.336913264963433656e-01 8.631770149152506733e-01 8.669193280501914511e-01 8.660703508955630570e-01 8.723036042587735128e-01 8.654193441260942254e-01 8.680622988960337016e-01 8.671135726240324360e-01 8.697709545578345969e-01 8.711982591431426393e-01 8.687686820552434908e-01 8.699262119819418659e-01 8.705013231745361013e-01 8.666787569468574759e-01 8.694479419487584071e-01 8.709618398823208985e-01 8.719832794774119433e-01 8.760117826981280720e-01 8.675842218441224274e-01 8.695050795896762663e-01 8.733796618775616638e-01 8.701899529883009299e-01 8.641688323111827996e-01 8.748198101583195552e-01 8.698837647380818217e-01 8.679775831533462771e-01 8.661765647081364206e-01 8.664090631604252080e-01 8.708931255297414076e-01 8.708535242615635941e-01 8.740221456586881876e-01 8.742280769294933362e-01 8.659895729966333722e-01 8.706592888297097765e-01 8.738147365918658149e-01 8.735177452709154133e-01 8.740743088672863204e-01 8.745934955895015017e-01 8.715564943644559248e-01 8.682993902042875911e-01 8.730797085040737926e-01 8.735002582938851123e-01 8.732270296617609118e-01 8.741579639318469708e-01 8.742093367135777005e-01 8.714983564168927721e-01 8.728144231029765221e-01 8.753260230821114929e-01 8.746167585053894467e-01 8.727164449579843941e-01 8.754906951877671206e-01 8.739379248100422881e-01 8.752720839050742718e-01 8.775425707083859272e-01 8.677349181119431432e-01 8.757418479819234491e-01 8.740645769682279242e-01 8.752931093952007746e-01 8.732033451987555317e-01 8.723116186148008877e-01 8.741035739865582466e-01 8.720889407957743700e-01 8.773386879069881017e-01 8.737030566111331220e-01 8.727862984865919493e-01
4.864225526842768862e-03 1.494264208723224685e-01 3.444546080569089730e-01 6.382573806754772150e-01 4.732065361414519167e-01 5.972916417957540025e-01 8.160301362915696188e-01 7.692259115159495453e-01 8.381787414821093574e-01 7.958084314658632197e-01 8.489969311780479755e-01 1.000000000000000000e+00 8.432409210679565614e-01 8.398570673378435991e-01 9.288010581358849826e-01 9.108966425390240262e-01 8.455277468659988527e-01 8.200397684574018964e-01 8.710111645385001378e-01 7.741219228976921052e-01 7.971041656293195166e-01 8.698790943988590207e-01 8.804552152541281762e-01 8.365692839229222910e-01 8.488379693637692069e-01 9.239430959294729906e-01 9.076116990873838164e-01 9.051477027381394924e-01 9.049420812800150760e-01 9.335034308715047802e-01 9.388689090292869910e-01 9.281199860915905209e-01 8.550220920124907975e-01 9.132361493718739176e-01 8.917874163048028491e-01 9.019354816333027269e-01 9.235845408234092391e-01 9.267317304607327610e-01 9.389961850490601281e-01 9.132404179506539155e-01 9.380061457326414054e-01 9.358721102171548845e-01 9.251125536452018405e-01 9.427266068359909656e-01 9.389262305746521875e-01 9.348238703484462730e-01 9.462032829989089899e-01 9.443966406157088267e-01 9.441581408120122143e-01 9.114045567436984685e-01 9.315332378497788168e-01 8.917522971773869100e-01 9.286156535784504396e-01 9.405285184236840124e-01 9.391850205306603305e-01 9.446118614249936485e-01 9.299909874221802264e-01 9.390790530071001507e-01 9.384321744036159263e-01 9.439522215989386567e-01 9.424000289670299013e-01 9.433798137458040411e-01 9.395231183847806422e-01 9.406602548941980224e-01 9.368908700478389973e-01 9.415404928767376891e-01 9.464156188638348510e-01 9.448564150235708725e-01 9.495530417067076234e-01 9.418692086126437824e-01 9.424868135156487803e-01 9.461306357621243057e-01 9.420306016237763869e-01 9.380197126290722442e-01 9.495712111559133639e-01 9.437941762585353445e-01 9.433936167289060926e-01 9.408901806888652075e-01 9.425907900731297362e-01 9.469868425139059687e-01 9.458602782411310583e-01 9.492988937181588982e-01 9.484670884764442311e-01 9.423598761438753968e-01 9.403981589609820002e-01 9.459425666807004252e-01 9.467606924860785256e-01 9.486886378022949540e-01 9.484846768816925788e-01 9.455218623264929345e-01 9.447395285042308188e-01 9.487457142893982454e-01 9.486709172095506570e-01 9.491885568428550801e-01 9.481934731516982184e-01 9.486248812342386039e-01 9.401124449045422660e-01 9.408297681036323912e-01 9.468676273270124621e-01 9.462136013314991212e-01 9.439553524407624518e-01 9.462591419201356047e-01 9.460631729387251054e-01 9.489303506392203769e-01 9.471560361148779750e-01 9.385446219209716556e-01 9.482252745425621132e-01 9.473968322021011357e-01 9.483765369373784448e-01 9.485916667995554219e-01 9.463465014951069065e-01 9.477566708443367904e-01 9.463202385598389332e-01 9.480814909703534354e-01 9.464653731693632999e-01 9.450666618133778396e-01
1.840496400037355818e-02 1.452547225515408436e-01 3.062520612776182261e-01 5.914311904577955747e-01 4.658496674480786526e-01 5.388441948129580883e-01 7.664543093682451014e-01 7.288766578938710161e-01 7.898503927917362999e-01 7.389571171918348780e-01 7.805917162229986106e-01 8.432409210679565614e-01 1.000000000000000000e+00 7.859753907168736120e-01 8.651837131340017750e-01 8.567245895383653886e-01 8.012787898954480958e-01 7.610976096174103533e-01 8.117799923325275113e-01 7.109411733312467341e-01 7.366190707679487470e-01 8.092953407521672471e-01 8.142589079603074209e-01 7.727083560861728317e-01 7.884231018498428778e-01 8.587515630997778482e-01 8.436838857330251074e-01 8.410562795092432209e-01 8.354165806528700555e-01 8.619502778214678251e-01 8.717796763692721163e-01 8.565626792434392067e-01 7.814856353567423142e-01 8.412792900643824012e-01 8.277101470115104664e-01 8.417599408558772422e-01 8.556851512439724861e-01 8.575107785218687440e-01 8.743439455641771607e-01 8.383439387591198333e-01 8.714226133695224252e-01 8.716941230703354471e-01 8.626656925231793727e-01 8.772524439314791644e-01 8.747123728090860917e-01 8.708741510152712140e-01 8.811860677617799897e-01 8.814680461017295743e-01 8.769693212991064302e-01 8.480257652570140081e-01 8.664778577536036419e-01 8.424297412355751247e-01 8.699963722493281315e-01 8.778101382345956383e-01 8.733276824512810066e-01 8.757965958476687796e-01 8.675606572994748467e-01 8.763328842716824330e-01 8.709653944851667440e-01 8.803354442407341773e-01 8.773445935710342258e-01 8.778207325424687291e-01 8.734379472820373858e-01 8.782442345629434266e-01 8.786347089134783905e-01 8.784409537921116229e-01 8.817623457893212224e-01 8.801858300354893361e-01 8.809863637663711833e-01 8.741009828820239802e-01 8.761773941386653552e-01 8.788700046457467163e-01 8.736734266258617820e-01 8.715126826634468360e-01 8.824474979434974165e-01 8.796972103499203222e-01 8.757652502162451835e-01 8.739508708139612780e-01 8.751743150740703969e-01 8.814722981436790006e-01 8.813345488733306254e-01 8.825693408147761154e-01 8.807499483411878050e-01 8.756005156686200719e-01 8.725534086217526797e-01 8.786287749828761706e-01 8.788221070182968830e-01 8.818639714972753563e-01 8.816150987575778197e-01 8.786563966030085382e-01 8.753148348090105113e-01 8.809732134190358943e-01 8.832937241275568008e-01 8.817336551069240302e-01 8.824965840078032864e-01 8.840715582429122810e-01 8.758007823370240752e-01 8.795300340828847707e-01 8.841122193463927248e-01 8.803284081397853011e-01 8.790541858257552299e-01 8.822256739362634992e-01 8.835779398995234901e-01 8.858454855211229662e-01 8.850900818628369970e-01 8.763563077449048055e-01 8.848900243382457065e-01 8.832711642134828400e-01 8.831834215669555066e-01 8.842154466943782376e-01 8.797601320490556764e-01 8.856760509735926989e-01 8.837708884320646385e-01 8.866503209498479698e-01 8.835853942364045865e-01 8.845792714579825411e-01
