1.000000000000000000e+00 2.046865900540378036e-01 1.615337847920985670e-01 -2.238724208268679308e-02 1.386252719477578527e-02 1.393169801708954957e-02 6.705478754020979815e-02 -3.398345770869109096e-03 1.984202382540539156e-01 7.125947304507182500e-02 8.746038902906815016e-02 1.902523024100310350e-02 3.540980265176813663e-02 1.700534155537527375e-02 1.986258828318667249e-02 -3.036284691225612977e-03 2.024894500796250441e-01 2.583167080345190603e-01 2.505923101731536984e-01 2.123657242923095156e-01 2.527490301508634185e-01 2.834907976273192132e-01 2.232275727921340658e-01 2.262623312622488170e-01 2.740716701660509957e-01 2.800677066346097255e-01 2.824659324983131437e-01 2.683401061217188799e-01 2.581716694729083161e-01 2.463958519127842084e-01 2.050969260477607803e-01 1.325919112237718134e-01 2.062079649662621472e-01 1.683419499815970166e-01 2.002656048041075998e-01 1.740065369423818564e-01 2.025433606255382379e-01 1.100659316613790406e-01 1.122235290728247625e-01 1.402133281422260069e-01 9.309652922714933831e-02 9.569637513105863635e-02 1.010034648487073555e-01 8.699180513359820732e-02 1.204277802052641927e-01 8.408985128539539500e-02 2.807330136848066107e-02 3.978653623323188948e-02 7.355445117697052837e-02 7.951855441224464638e-02 1.077392849481379339e-01 9.338773057883095752e-02 2.264422078086754386e-02 7.160630989153449200e-02 7.761250805795504026e-02 1.114687089065385106e-01 7.056217564435281198e-02 7.595969573677394115e-02 5.551936585152517090e-02 4.583155109154054413e-02 5.704258498911649045e-02 4.864817676162301596e-02 6.541066116770229144e-02 5.422976996984094772e-02 1.252860592520408101e-01 7.394671042660438953e-02 4.426972228492100786e-02 9.757445133489783817e-02 7.481794164888577736e-02 1.029867502105402816e-01 1.029658502236988071e-01 9.997093426520407833e-02 8.917241159627468938e-02 9.431340378398009316e-02 1.073428799047025511e-01 1.050650436288709660e-01 9.481071366966205283e-02 1.053795975459353162e-01 1.055097139385468424e-01 1.010141791047810961e-01 1.010718376443812683e-01 8.590501792907975775e-02 7.974829150601057959e-02 9.282991412108343443e-02 6.242003545396818120e-02 7.547643151065117073e-02 7.587639355941903918e-02 5.051474671581706460e-02 5.969603070611632228e-02 8.254880454988036687e-02 7.087173947854097378e-02 4.469658616866078321e-02 6.358154340150534711e-02 4.832202158617157628e-02 1.865119948251328305e-02 2.320519741979324216e-02 2.823061779046456832e-02 4.084801571672242587e-02 4.433659746277663488e-02 4.766311066667817259e-02 3.579576303412914523e-02 4.330795572524747533e-02 2.782331869058439142e-02 3.161977196484475755e-02 4.825580855029214244e-02 4.176264847866724417e-02 3.018060879394731874e-02 3.814758935371675985e-02 5.194135941263416240e-02 3.442079656926611692e-02 2.667560492447165754e-02 3.030567457776330714e-02 2.798600528530935730e-02 3.357420277794433833e-02 6.092098483668198505e-02 4.749574316993803585e-02
2.046865900540378036e-01 1.000000000000000000e+00 6.476019856396807162e-02 -9.800190983218704660e-03 6.750103086412996556e-02 9.319472762197772431e-02 1.373207627950445986e-01 9.867053862179374357e-02 2.165433848807766237e-01 1.924409199656489378e-01 1.813851222977874988e-01 1.095222288308063813e-01 1.417767546242680587e-01 1.337940305204568525e-01 1.439144753481413075e-01 1.405257084929225631e-01 2.018465254320894187e-01 2.342515401703785527e-01 1.842137934536453303e-01 1.723313385156035882e-01 1.674202810919242501e-01 1.859139735973494578e-01 2.778153393250783476e-01 1.982908134187153781e-01 2.071080818663112166e-01 2.726916290955253008e-01 2.523797071221151600e-01 2.692464215456236154e-01 2.755516477602203418e-01 2.225170572142132763e-01 2.048803732266842315e-01 2.081660008814534002e-01 2.320736444614637795e-01 1.840920854725647260e-01 2.221955534257895881e-01 2.095288089081139005e-01 2.181235356460915764e-01 2.036981097776998373e-01 2.026711206299558754e-01 2.165205644146849517e-01 1.911346314831912085e-01 1.854283095357414646e-01 1.702898573788405867e-01 1.632995632974856559e-01 1.882727334300008382e-01 1.855730085733730550e-01 1.614376472066684498e-01 1.795937570912434500e-01 1.795467130544554091e-01 1.368751929437377057e-01 1.629409432976398620e-01 1.305007539511518488e-01 1.464104162255376318e-01 2.011819671611328186e-01 1.967329552259342862e-01 2.302656455860750961e-01 1.829220829003706805e-01 1.802692306607817097e-01 1.686970228678157380e-01 1.711660756382789861e-01 1.612834760305353055e-01 1.806063124784481888e-01 1.776055419534244562e-01 1.738226893139609153e-01 1.926798310332474562e-01 1.958113467309626210e-01 1.736166075060454894e-01 1.952297068495172927e-01 2.018309657801348744e-01 1.859304958807147523e-01 1.644865585981083733e-01 1.792100380890909173e-01 1.855822859656436064e-01 1.815903606145758686e-01 2.031996595130974581e-01 2.035390753556912957e-01 2.063850019393221602e-01 2.258659213586333425e-01 1.997807797903684568e-01 1.817991818828215977e-01 1.902675332297948940e-01 1.815089271980877828e-01 2.068527722541464997e-01 1.968851027026082834e-01 1.709710265174542165e-01 1.735362774836607946e-01 1.874314322792385301e-01 1.853615640757443339e-01 1.829850698814848020e-01 2.066798733918552289e-01 1.903922877584572904e-01 1.748959999753823269e-01 1.715965203030895558e-01 1.720195000820019249e-01 1.603362329451456514e-01 1.722878020650327746e-01 1.386126234486661501e-01 1.484385411259787901e-01 1.604942216743246164e-01 1.583778391950713405e-01 1.571632090555385719e-01 1.657097100992043492e-01 1.480016274876760907e-01 1.523230199230133086e-01 1.536295783768805712e-01 1.766629477599917231e-01 1.650751650513580526e-01 1.819661972270328332e-01 1.883290307203874248e-01 1.670452765488430191e-01 1.670879314519202186e-01 1.716274307467113847e-01 1.728206704837097207e-01 1.701113070775484570e-01 1.673568368554716468e-01 1.782380349447932055e-01
1.615337847920985670e-01 6.476019856396807162e-02 1.000000000000000000e+00 3.586542282370808743e-01 1.603834018109571991e-01 2.627224812562409251e-01 3.240347182053489594e-01 2.732462954644408470e-01 3.544049982398929655e-01 2.550926753725665241e-01 3.869941283994328129e-01 3.710832095153847598e-01 2.802004230756425240e-01 3.221841470468579938e-01 3.164506266825222736e-01 3.001042262121698667e-01 3.463313244023736859e-01 3.342363938668260204e-01 4.491733271337928213e-01 3.092305147076975791e-01 4.324751390653486793e-01 4.800040059139767390e-01 2.978902913170173861e-01 3.972604823597560841e-01 4.607907493182299974e-01 4.163361061130116947e-01 4.352068051984380737e-01 4.166487924248056252e-01 3.351240930511728000e-01 4.244046852731556130e-01 4.407740520658308681e-01 3.236758563664994814e-01 3.938287481793333322e-01 4.086998826188005807e-01 3.911377374255785022e-01 4.140963410305387726e-01 4.110017513765729658e-01 3.618955317516446835e-01 3.860545295265873089e-01 3.754713090509379514e-01 3.595631707783331632e-01 3.768471499485791520e-01 4.072639136559915718e-01 4.041478637032013266e-01 4.054585523064443975e-01 3.789300473674904191e-01 3.338883791078874896e-01 3.253920551369561820e-01 3.440753726914479449e-01 3.688863837310240590e-01 3.886987741484345671e-01 3.987529906819241021e-01 3.470730451416466633e-01 3.251369790588755082e-01 3.189463370794428654e-01 3.297251712466162110e-01 3.317429744579690754e-01 3.760827109669014345e-01 3.502475472184404248e-01 3.423736393176700088e-01 3.682135608202750654e-01 3.381882953189821461e-01 3.420902581602773829e-01 3.428443387224514027e-01 3.828858177546283770e-01 3.501090832497251726e-01 3.390089956167380847e-01 3.783425241686355078e-01 3.325116593242633534e-01 3.802059983618914507e-01 4.178310432308333655e-01 4.020925240604422690e-01 3.646859979612021019e-01 3.982511562410850359e-01 3.861932876486239286e-01 3.837476412454363661e-01 3.697213517285352080e-01 3.363193300794806162e-01 3.869062694499924016e-01 3.910554571755739950e-01 3.825338465397115084e-01 3.809575694147664948e-01 3.332918406901497210e-01 3.607695713521726910e-01 3.584638353597390803e-01 3.709850924400836525e-01 3.736556407650852285e-01 3.480051471871064561e-01 3.606769022539612068e-01 3.385126729493877495e-01 3.625461730949905426e-01 3.522606891759982317e-01 3.747217199459454973e-01 3.653648569960785131e-01 3.316725533511272750e-01 3.312492557087840517e-01 3.579747012386826355e-01 3.394428835202911721e-01 3.514206964230287555e-01 3.615783754338037781e-01 3.604727403361258076e-01 3.522901067522578034e-01 3.510747247377096758e-01 3.552168589273941857e-01 3.609237301713468793e-01 3.315627481926491926e-01 3.303299012450183203e-01 3.297151654434500867e-01 3.354954721912315474e-01 3.426896556565812713e-01 3.396107449867709627e-01 3.311753639248011805e-01 3.338540719946757052e-01 3.339531240082228569e-01 3.570582986214348442e-01 3.418948693103160963e-01
-2.238724208268679308e-02 -9.800190983218704660e-03 3.586542282370808743e-01 1.000000000000000000e+00 3.035213030634925646e-01 3.971396237786870009e-01 5.240184315406020144e-01 5.359371871423790346e-01 4.779194590370856033e-01 4.414883651124816288e-01 5.456491446668699785e-01 6.459190579412499300e-01 5.002705229856360125e-01 5.444023277655355431e-01 5.707633709091404217e-01 5.742956276206250266e-01 4.703320295818753660e-01 3.015331430272762958e-01 3.949073737608420620e-01 3.391817960031278112e-01 4.163796234770973381e-01 4.401192992799800585e-01 3.024636801170103584e-01 3.845581595782164852e-01 4.010494345496808943e-01 4.535636913863810293e-01 4.509358787487714459e-01 4.454597555334296466e-01 3.552217696616590259e-01 4.567203965944723332e-01 5.053261322869423422e-01 4.774053933530629235e-01 4.494989627020625766e-01 4.974339721853786589e-01 4.520551228088504625e-01 5.018593236200079577e-01 4.846601183119666478e-01 5.420134261346361004e-01 5.553666205558673852e-01 5.080202905361067556e-01 5.719196873161239703e-01 5.723778909317938091e-01 5.773508693740373454e-01 6.010380845631361213e-01 5.658287398758246045e-01 5.737103385927697641e-01 5.774876890545626029e-01 5.602519407819626096e-01 5.690220900069450360e-01 5.766390285747364786e-01 5.682183912587378538e-01 5.951449281174647776e-01 6.036499040351473999e-01 5.277088550873567652e-01 5.226258267386775236e-01 4.909501104328719001e-01 5.427078138256672402e-01 5.849043632416530691e-01 5.644205312300737409e-01 5.748589308516302010e-01 5.813352356226395568e-01 5.632514837396045415e-01 5.604179737053189836e-01 5.749813927479889841e-01 5.684441971708755759e-01 5.567263772168886682e-01 5.676254874296120523e-01 5.424252357805183777e-01 5.329079098089563038e-01 5.494514224315362183e-01 5.697908480775630835e-01 5.613144220679107121e-01 5.306367465946928430e-01 5.498170815737223327e-01 5.684224267901742955e-01 5.506878566932374985e-01 5.492248573529945332e-01 5.078594722738326572e-01 5.575316197504371907e-01 5.536138105932520981e-01 5.526705816101750157e-01 5.706085663957705112e-01 5.263086875572712264e-01 5.417786908843748028e-01 5.651654803276660033e-01 5.642279360480617623e-01 5.569060303838799797e-01 5.570990053706919021e-01 5.698774045951303657e-01 5.357449641468361445e-01 5.598161025854532236e-01 5.806319599756839533e-01 5.855144005551566888e-01 5.850512117939684620e-01 5.819194578897198822e-01 5.752146101542191525e-01 5.937618981186718603e-01 5.774059540879773467e-01 5.833943854815635266e-01 5.894445961878723717e-01 5.939921594370358715e-01 5.797503121342955090e-01 6.009637997354584371e-01 5.960932586767789809e-01 5.955531130878822799e-01 5.610296036719217838e-01 5.776296752127849654e-01 5.641625374718693964e-01 5.600130759358340482e-01 5.825072194169360618e-01 5.763477430631471776e-01 5.767210388097037121e-01 5.698750306755956396e-01 5.783257706126128106e-01 5.801801879648667004e-01 5.718603543772516895e-01
1.386252719477578527e-02 6.750103086412996556e-02 1.603834018109571991e-01 3.035213030634925646e-01 1.000000000000000000e+00 2.921616253853981382e-01 4.446605769223590521e-01 4.357748420574030224e-01 4.255020577066573884e-01 3.863532471189766726e-01 4.138880221884527755e-01 4.612901237916308683e-01 4.491408432902417869e-01 4.364649443583542010e-01 4.793905595461653291e-01 4.863716225518194824e-01 3.967670652216768179e-01 2.831843143681205266e-01 3.263348837024567239e-01 2.738238095933308580e-01 3.191653956059592456e-01 3.649325589097889844e-01 3.320022205176718644e-01 3.226276337918784765e-01 3.462662806134103599e-01 3.988893188316253169e-01 3.894370269442051780e-01 3.923877226772177207e-01 3.407447946242895265e-01 3.805347397048278180e-01 4.134145254614500775e-01 4.213755634367845060e-01 4.097396394543132980e-01 4.152185631703665947e-01 4.018221952381696438e-01 4.297381150889372226e-01 4.156279998682558818e-01 4.697735776944051977e-01 4.683677655376936588e-01 4.426447264957869554e-01 4.706885832760103749e-01 4.681115726002788024e-01 4.613434996172556257e-01 4.774033616452897921e-01 4.593135412822117458e-01 4.708826871315099916e-01 4.748444165741477763e-01 4.726601825282485958e-01 4.696305666138362866e-01 4.576106067979692771e-01 4.531496193044933785e-01 4.635006193353131687e-01 4.704339285584591690e-01 4.665622416885464863e-01 4.575353835237614963e-01 4.467202812264981504e-01 4.624795507829272401e-01 4.745987160610996569e-01 4.686295819139856822e-01 4.825868316339836928e-01 4.752210074282645635e-01 4.741775375448830099e-01 4.662217825387294790e-01 4.789663603469722641e-01 4.666773281629198467e-01 4.694040099392468579e-01 4.731547423328627544e-01 4.624781116372594925e-01 4.624183761849198215e-01 4.457179696599860574e-01 4.689095223259182044e-01 4.707921201662357280e-01 4.439595738497649213e-01 4.590731794500471086e-01 4.745788082867917757e-01 4.701897529729829328e-01 4.640620153441845086e-01 4.463874624135630853e-01 4.668430448614024897e-01 4.608572789259449132e-01 4.645871982393822708e-01 4.713820636807955489e-01 4.550865334126945605e-01 4.719752069895365998e-01 4.703987090511921321e-01 4.665326832489012365e-01 4.721340713112946452e-01 4.723087194215833118e-01 4.809689517097338607e-01 4.604354609579374147e-01 4.763298787714563831e-01 4.811656908016874734e-01 4.778399626696238078e-01 4.826390037824336288e-01 4.807928771528283685e-01 4.754511705141697964e-01 4.814925220915079462e-01 4.739865137004637963e-01 4.787727380560458657e-01 4.784857292805113071e-01 4.815609498416101864e-01 4.780234968214578939e-01 4.811154716560915312e-01 4.846266864538844032e-01 4.805920219003559923e-01 4.730563454731007145e-01 4.777423840349445117e-01 4.747967076994535351e-01 4.729613391031164960e-01 4.791864440313459150e-01 4.733265812418743779e-01 4.794043849134857482e-01 4.754474649554003562e-01 4.799152361103610764e-01 4.718821324475884760e-01 4.758470506062278949e-01
1.393169801708954957e-02 9.319472762197772431e-02 2.627224812562409251e-01 3.971396237786870009e-01 2.921616253853981382e-01 1.000000000000000000e+00 5.383861784419045060e-01 4.890650273655559044e-01 5.347245564408612539e-01 4.824027308986986173e-01 5.567230389389219436e-01 5.902736228192633217e-01 5.253473557873993283e-01 5.601593598867222745e-01 5.901985523817891988e-01 5.821413619969760811e-01 5.201362317097306676e-01 3.934542783348827788e-01 4.658500143599323406e-01 3.860011166999977594e-01 4.296626565691741839e-01 4.870438799438606137e-01 4.515007595493193415e-01 4.747169822010255391e-01 4.947850589066324911e-01 5.232735108395260015e-01 5.243351154138772285e-01 5.336396580283965241e-01 4.787054020870996629e-01 5.209756343968247050e-01 5.676306962222151808e-01 5.508443514280038089e-01 5.259736974612736482e-01 5.541277747052975045e-01 5.304230977274100312e-01 5.646955930546996294e-01 5.681951948882809633e-01 5.842903609863125958e-01 6.090240465005779535e-01 5.735907520308500818e-01 6.037645904517849882e-01 5.993898534442729797e-01 6.052238443617682373e-01 6.111814061734430759e-01 6.067490737292547953e-01 6.062726709977983575e-01 6.112446827716726538e-01 6.061424353334643467e-01 5.913773834452364930e-01 5.705032504970428686e-01 5.862934376344861587e-01 5.757595737013556647e-01 5.980335994719867543e-01 5.853146923577045024e-01 5.715695021072891846e-01 5.771409567345189284e-01 5.710530799959492310e-01 6.112356895509633015e-01 5.927976395791425546e-01 6.108282781732432554e-01 6.085280100725113384e-01 6.030165366643988056e-01 5.871997179610158879e-01 6.028386732885101518e-01 5.990769394922125235e-01 5.965283837187521643e-01 6.108426195827099114e-01 6.021394106450544959e-01 6.038057406456539544e-01 5.951121085763565466e-01 6.025470336080587241e-01 6.137885011504590205e-01 5.923769380687713415e-01 6.082422138185566984e-01 6.165881389472969154e-01 6.098804822797020408e-01 6.079887230959026834e-01 5.885523757296697855e-01 6.130585208219634374e-01 6.065383716192436214e-01 6.103759474827019638e-01 6.187474236189859367e-01 5.974211899239837420e-01 6.024958824407736779e-01 6.072288963013654506e-01 6.095489157077109699e-01 6.152234375816152401e-01 6.117852591999666245e-01 6.136397741853906185e-01 6.016508821469486179e-01 6.150416449727368340e-01 6.196015614015274453e-01 6.189743273696395320e-01 6.215261341176688825e-01 6.158402992466553982e-01 6.138725543387195671e-01 6.070161537070540847e-01 5.946037368374197385e-01 6.096750910291003356e-01 6.127125885979435305e-01 6.156333985193335190e-01 6.086743560452080315e-01 6.109438522456818177e-01 6.184970527698834264e-01 6.121400863108007462e-01 5.957881990478766099e-01 6.088700641434128258e-01 6.107938168041040505e-01 6.104119949559504432e-01 6.148892546295844364e-01 6.122778661146728307e-01 6.126975219384258597e-01 6.095451983837570920e-01 6.109745281406562256e-01 6.138857856468558083e-01 6.093444516697024138e-01
6.705478754020979815e-02 1.373207627950445986e-01 3.240347182053489594e-01 5.240184315406020144e-01 4.446605769223590521e-01 5.383861784419045060e-01 1.000000000000000000e+00 7.340372163303496844e-01 7.231126653423507467e-01 6.779918292855610096e-01 7.208455845113147520e-01 7.845848287814138899e-01 7.040129130294718873e-01 7.226537664795875671e-01 8.451332022098100305e-01 8.048835636934686955e-01 6.934719687120485254e-01 5.400433946895647486e-01 6.097797446073949246e-01 5.067207963992915731e-01 5.782307750306538985e-01 6.498923006109393885e-01 5.964704732896501937e-01 6.284646802868795179e-01 6.454672437069266522e-01 6.873083733538476459e-01 7.021092930560109968e-01 7.193539043882973827e-01 6.226121543722396012e-01 6.924235002503040803e-01 7.370159071206882073e-01 7.350168473556057958e-01 7.395236680329616563e-01 7.416378434408912312e-01 7.080446347041835509e-01 7.509835286482799965e-01 7.502654539151756286e-01 8.046357913738585443e-01 8.121697917469434813e-01 7.729246438843493383e-01 7.998734424181836999e-01 8.133697592967745749e-01 8.038641512366265784e-01 8.173590027654119572e-01 7.948626444088375820e-01 8.161304721334012857e-01 8.003639790828845912e-01 7.993703657820571129e-01 7.947522441630580081e-01 7.694674801698396793e-01 7.906371955863580325e-01 7.645864772914925389e-01 7.949484078174361423e-01 7.717366283228370705e-01 7.677747906941092548e-01 7.531057635737121725e-01 7.578795943368323851e-01 8.128280949001907008e-01 7.918699673204137035e-01 8.040021640248340429e-01 8.028194320775748904e-01 7.986496891211022353e-01 7.874340649091809974e-01 8.012659186179303950e-01 7.830046284651298594e-01 7.813431013537285308e-01 8.000212507211484914e-01 7.920154625411405247e-01 7.871555907874249192e-01 7.724228770080034945e-01 7.915135864246587438e-01 7.990021561568954045e-01 7.803189775436674136e-01 7.964674785764220832e-01 8.027142237316410300e-01 7.998962274444473275e-01 8.012366071621335184e-01 7.755634676869811450e-01 8.049805111757217801e-01 7.903439569953372157e-01 8.004622671715287963e-01 8.055653684847385865e-01 7.782011043127624594e-01 8.027738146764293869e-01 8.006241616377490766e-01 8.039517405925692417e-01 8.066082902783184849e-01 8.044021293947306583e-01 8.145557350926641016e-01 7.846900187011524030e-01 8.136503916451138796e-01 8.159454920045001725e-01 8.142171945812070044e-01 8.179867315201503342e-01 8.069648929911609203e-01 8.030658681963699363e-01 7.975218102592162017e-01 7.731033239098472620e-01 7.999869261676577636e-01 8.072999313080012618e-01 8.142551703027455234e-01 7.977358775279208558e-01 8.038796202454361328e-01 8.153556422234825574e-01 8.056640857536159217e-01 7.778869244410974160e-01 7.981188022523034720e-01 8.005864630110126612e-01 7.976915812853587751e-01 8.053525773949127275e-01 8.017879456164899166e-01 8.048660858219697234e-01 7.969773735481792132e-01 8.031048539900225158e-01 7.982017329908094316e-01 7.949450409810800977e-01
-3.398345770869109096e-03 9.867053862179374357e-02 2.732462954644408470e-01 5.359371871423790346e-01 4.357748420574030224e-01 4.890650273655559044e-01 7.340372163303496844e-01 1.000000000000000000e+00 6.933357367819324990e-01 6.589294137817384156e-01 6.944123491693974248e-01 7.623249114246400948e-01 7.117559287111113742e-01 7.160710931660997369e-01 8.021530134618822805e-01 8.172519017485919690e-01 6.600020091556543234e-01 4.542504050255977699e-01 5.353638486541035801e-01 4.437376148012300292e-01 5.317048041352459009e-01 5.890638873075900728e-01 5.268705985248504087e-01 5.325755466893226098e-01 5.661024815460422577e-01 6.311566386251816763e-01 6.244449777192020434e-01 6.473873725262000445e-01 5.666954309345366703e-01 6.013813945599498778e-01 6.736343953950730823e-01 6.899839947509796012e-01 6.570999563920788544e-01 6.700231286819355869e-01 6.284939088717297340e-01 6.898637985564796127e-01 6.838804772037121449e-01 7.623457629705563399e-01 7.617593368594562930e-01 7.288577392128792187e-01 7.735447852330964436e-01 7.818826421787290482e-01 7.639060073047012622e-01 7.930759401554431376e-01 7.597118523431126702e-01 7.810267303513513948e-01 7.903247971509151926e-01 7.848746347992767713e-01 7.758505571465584838e-01 7.452406774776905163e-01 7.578838902144672263e-01 7.506970950904924278e-01 7.886313308346772910e-01 7.570404214455014325e-01 7.462312878903659685e-01 7.211512114428623166e-01 7.452837543783270569e-01 7.917500468636788913e-01 7.742899012500644718e-01 7.932732049731169299e-01 7.865110354791640113e-01 7.848032693671529447e-01 7.681520970187237785e-01 7.841488235719952238e-01 7.597935547921821353e-01 7.636581417739245481e-01 7.820168835506855487e-01 7.533214047929106538e-01 7.549722564790514179e-01 7.381531470722013655e-01 7.662861506163985981e-01 7.737811578088679143e-01 7.324006205841726569e-01 7.556221973776231504e-01 7.733550789760189614e-01 7.661830934593404363e-01 7.680880098304252446e-01 7.428506727174541968e-01 7.701673347592563612e-01 7.514098105669632099e-01 7.625982568627841518e-01 7.759667458977480559e-01 7.508108837980507211e-01 7.608781661266037499e-01 7.680764401879239811e-01 7.667848417855773757e-01 7.761474743368501628e-01 7.798629984681090255e-01 7.874296870886308142e-01 7.608777309467598116e-01 7.793622747551354202e-01 7.949447701492298179e-01 7.914063619698992191e-01 7.967817380253499060e-01 7.955075137462193080e-01 7.909400450345548395e-01 7.875852749836871336e-01 7.710570737651799567e-01 7.883692846276383337e-01 7.901537208009797864e-01 7.974302384817900657e-01 7.846730659872666047e-01 7.948050984084121806e-01 8.016532412898671467e-01 7.914533030230745947e-01 7.678645507636857603e-01 7.873484696704110553e-01 7.840466672637952383e-01 7.791237651340863213e-01 7.953763045649955288e-01 7.895555943678790323e-01 7.943568925598066821e-01 7.855351400410248708e-01 7.898619857543862643e-01 7.821360924939532167e-01 7.809369523675686597e-01
1.984202382540539156e-01 2.165433848807766237e-01 3.544049982398929655e-01 4.779194590370856033e-01 4.255020577066573884e-01 5.347245564408612539e-01 7.231126653423507467e-01 6.933357367819324990e-01 1.000000000000000000e+00 7.228362386536716366e-01 7.955469906267484959e-01 8.133013945981069082e-01 7.640595472019852119e-01 7.620440444975024041e-01 8.285755817057569583e-01 8.153240057269702801e-01 8.039190538812174269e-01 6.323105637727270967e-01 6.707098347957169970e-01 5.982692728029717077e-01 6.431751264989460370e-01 7.225089157967939935e-01 7.079653282703978201e-01 6.945986870585104667e-01 7.177070042406206163e-01 8.036311042450089426e-01 8.223688719322226337e-01 8.251314081947598300e-01 7.441078232487778887e-01 7.953462969839079078e-01 8.315837149714037091e-01 8.198678834972634721e-01 8.022768396631415611e-01 8.074526266727725110e-01 8.044322836827290102e-01 8.273596325136383101e-01 8.426213522551463386e-01 8.522275474292390074e-01 8.714937789746798336e-01 8.405406730739891641e-01 8.689817687336607310e-01 8.629906881532259932e-01 8.562181893073714800e-01 8.666709661890369398e-01 8.697889399932948740e-01 8.656117552737597753e-01 8.609557506126358506e-01 8.704180243148421647e-01 8.641321274191043900e-01 8.220544994080936085e-01 8.455948878188920270e-01 8.347991250081997494e-01 8.524693572301603739e-01 8.661340824562592244e-01 8.488546220847925650e-01 8.515610435665316169e-01 8.540735877434098011e-01 8.710924560186590337e-01 8.549638596529278711e-01 8.772514783462633803e-01 8.723422320119361695e-01 8.704202485211713913e-01 8.604421398904613660e-01 8.735715537425907673e-01 8.786012767882807051e-01 8.734947128254691995e-01 8.704331892536096849e-01 8.673124117314281456e-01 8.665199153797400466e-01 8.549736020016208693e-01 8.514677154232705991e-01 8.735784151984854473e-01 8.497984831045924947e-01 8.615724325236362446e-01 8.833141659189804873e-01 8.833248699365924272e-01 8.805238643345814076e-01 8.654422554056200312e-01 8.815713861807359386e-01 8.704849960901037687e-01 8.783770107732175036e-01 8.782768240690889128e-01 8.676261289229667550e-01 8.743257789427617555e-01 8.585946202337048083e-01 8.665301005475216645e-01 8.765990922576600841e-01 8.703283195797976157e-01 8.761474300941890503e-01 8.693236977781753083e-01 8.778695805264014052e-01 8.752406050237480084e-01 8.784403610984227173e-01 8.752866064179432026e-01 8.661476028887298284e-01 8.677870764457459307e-01 8.562205521625714244e-01 8.552441730774046347e-01 8.696538964368021318e-01 8.677905533358784007e-01 8.682989294895580024e-01 8.704221802398971475e-01 8.652767588687294564e-01 8.700907361030874032e-01 8.719836107174527839e-01 8.636106392577995727e-01 8.667368035735641962e-01 8.710715879336800027e-01 8.720781564128349261e-01 8.714678548212894116e-01 8.670222523394135461e-01 8.725847080752200391e-01 8.689095814585258148e-01 8.718617674519565375e-01 8.769855113611331188e-01 8.740027015239087982e-01
7.125947304507182500e-02 1.924409199656489378e-01 2.550926753725665241e-01 4.414883651124816288e-01 3.863532471189766726e-01 4.824027308986986173e-01 6.779918292855610096e-01 6.589294137817384156e-01 7.228362386536716366e-01 1.000000000000000000e+00 6.996255639162398676e-01 7.457098820801425498e-01 7.170135447082311986e-01 7.158848569352124214e-01 7.827636790137186829e-01 7.755776468728555750e-01 6.856783488137777605e-01 5.436798011398552566e-01 5.633799271508588280e-01 4.943957829697046558e-01 5.391936761954323476e-01 6.104947218545997423e-01 6.301027739996651889e-01 6.040981597667097747e-01 6.079575720459641230e-01 6.897447193856565129e-01 6.887523122704424239e-01 7.194851318482065050e-01 6.347714180077993484e-01 6.673381855169585597e-01 7.101738531689857359e-01 7.462578973632489898e-01 7.167240639642161737e-01 7.242339842419024398e-01 6.972619656136638255e-01 7.324160139366430178e-01 7.347521705530165592e-01 7.868522033755606104e-01 7.879994200663906767e-01 7.618729507139656576e-01 8.036019782656310673e-01 7.949276745768254493e-01 7.658423448175903925e-01 7.802115567034172416e-01 7.781726211601776022e-01 7.920147213956988397e-01 8.063230351594272705e-01 8.088254403058228181e-01 7.879606263742229277e-01 7.334013145317592741e-01 7.644971720642588231e-01 7.333626335865317536e-01 7.787019667687701263e-01 7.836792856627387005e-01 7.678959744498171647e-01 7.711282993246978412e-01 7.580210595965544140e-01 7.939556824019553538e-01 7.784425980151208346e-01 8.034038757656158936e-01 7.908759381830533508e-01 7.932912568370115158e-01 7.784960449773613567e-01 7.940006755978976649e-01 7.917196247790222463e-01 7.895220393020138117e-01 8.067128413605030302e-01 7.939726563214609678e-01 7.998843631454756187e-01 7.724600267059231751e-01 7.699720612189929758e-01 7.891780609566908522e-01 7.810287446465048466e-01 7.807198145909908238e-01 8.005112036908275108e-01 7.986385493467049734e-01 8.020166758964742959e-01 7.833797414084191502e-01 7.963861752909200398e-01 7.790636006924122059e-01 7.911223658265248426e-01 7.938884109389376942e-01 8.001444205523429165e-01 7.972465105699302335e-01 7.933714989048172850e-01 7.972799990516882263e-01 8.016495272402728300e-01 8.099727932597368119e-01 8.072488934633521573e-01 8.017719226231354579e-01 8.070185985906812576e-01 8.098814321269699468e-01 8.029882106925428920e-01 8.059600924925505172e-01 8.081352768415017707e-01 8.078619178636430309e-01 7.779095823883861449e-01 7.758152889963169097e-01 7.974392441005232479e-01 7.982705262232011600e-01 7.977554170676199874e-01 7.977007863181196923e-01 7.941172315350102373e-01 8.013576549291260287e-01 7.964824857217042142e-01 7.888586777519011051e-01 8.008781267719035091e-01 8.093638813920257524e-01 8.031903772115864815e-01 8.068009293817006711e-01 8.016899588260049114e-01 8.094500846260027638e-01 8.013220694537326327e-01 8.051314528067670118e-01 8.042600323325924672e-01 8.033633733565882507e-01
8.746038902906815016e-02 1.813851222977874988e-01 3.869941283994328129e-01 5.456491446668699785e-01 4.138880221884527755e-01 5.567230389389219436e-01 7.208455845113147520e-01 6.944123491693974248e-01 7.955469906267484959e-01 6.996255639162398676e-01 1.000000000000000000e+00 8.504468283565915776e-01 7.486421537653991098e-01 7.872362470794624922e-01 8.320083027467621850e-01 8.206645257972497998e-01 7.832837546692636987e-01 6.273860739482025606e-01 6.868251787479487946e-01 5.822589905931722098e-01 6.466425528427250935e-01 7.314548609739829343e-01 6.931184617487077260e-01 7.030075146620986537e-01 7.241230670760575583e-01 8.018018652373465338e-01 8.106430148665119129e-01 8.081866054486831485e-01 7.204137262391165919e-01 7.949453505320760449e-01 8.399506025105333284e-01 8.153647747020860148e-01 7.942633520330314445e-01 8.181654666653399577e-01 7.960576361172432280e-01 8.304139439509619081e-01 8.431540164302524509e-01 8.522309409499264632e-01 8.775357854642893418e-01 8.438220299807716041e-01 8.680362848198367454e-01 8.616201202709808937e-01 8.629130926984004413e-01 8.755326354512159570e-01 8.788093992517573838e-01 8.749408200713920669e-01 8.697990848061212255e-01 8.722658697745705458e-01 8.725176789579832670e-01 8.402902655258722708e-01 8.592903761274062191e-01 8.387841222570794342e-01 8.606960396337348662e-01 8.616768563044272522e-01 8.534790008493611246e-01 8.513378900724666298e-01 8.560652793473164657e-01 8.758094145380909135e-01 8.657611334974465445e-01 8.735815618786377801e-01 8.763089373639515456e-01 8.702060868467846877e-01 8.633174390794348119e-01 8.759886132058881669e-01 8.724249437679103547e-01 8.718232087066849489e-01 8.743513119180155169e-01 8.728053372470457871e-01 8.689337129860882358e-01 8.581831211309653984e-01 8.647230799768512721e-01 8.817963489788431808e-01 8.570980469028584015e-01 8.743857496314699773e-01 8.910913379900562425e-01 8.863596318679196617e-01 8.814246896981650092e-01 8.612198580765904055e-01 8.845491913141375617e-01 8.764949731672970756e-01 8.800166754091899302e-01 8.894995447997263716e-01 8.662582069918175476e-01 8.755964560419619014e-01 8.703041400588327203e-01 8.761231716496695743e-01 8.840333574543819406e-01 8.774347438565197610e-01 8.837492669933798561e-01 8.735682985005934764e-01 8.827824380875384236e-01 8.827996245531847253e-01 8.875788240856551381e-01 8.845737067004154630e-01 8.732810971477169559e-01 8.760620850870596277e-01 8.704763054412623102e-01 8.634119647915518003e-01 8.786680663018101578e-01 8.800445670696029898e-01 8.808909103623296932e-01 8.793452733627011852e-01 8.746425876875018046e-01 8.798641004996513582e-01 8.796747169825175350e-01 8.677423581858545454e-01 8.735558832598493417e-01 8.764603069008729541e-01 8.801898294684877833e-01 8.798940563186096186e-01 8.781970660155057340e-01 8.743313887472146106e-01 8.745774514247157683e-01 8.766356401017355582e-01 8.788797085519376440e-01 8.758492669460824498e-01
1.902523024100310350e-02 1.095222288308063813e-01 3.710832095153847598e-01 6.459190579412499300e-01 4.612901237916308683e-01 5.902736228192633217e-01 7.845848287814138899e-01 7.623249114246400948e-01 8.133013945981069082e-01 7.457098820801425498e-01 8.504468283565915776e-01 1.000000000000000000e+00 8.151509859765642130e-01 8.367970900597838657e-01 8.972665587598679382e-01 8.941178961694962180e-01 7.982259618684944824e-01 5.876573559359882237e-01 6.567873495605009992e-01 5.747309963589367632e-01 6.397718460529765450e-01 7.074032937756268291e-01 6.549462204285358968e-01 6.822712621701677582e-01 6.907375685060935799e-01 7.681771949559742518e-01 7.846561389370562134e-01 7.829659534756774342e-01 6.789668709077629760e-01 7.688404069207015468e-01 8.325935666347032971e-01 8.388807543131021616e-01 7.865687802401257755e-01 8.286218850621401844e-01 7.919735208804760118e-01 8.352997437825232518e-01 8.355723372088992296e-01 8.870265075291206003e-01 9.051976791419583668e-01 8.579923667997704229e-01 9.149843790085631090e-01 9.074981008824012374e-01 9.061911872988986927e-01 9.259612779556870565e-01 9.035004430689098642e-01 9.141497320216435130e-01 9.293520765984469856e-01 9.257619899186780854e-01 9.218502109549344681e-01 8.908918485513988017e-01 8.999244983362884032e-01 8.909632544347714234e-01 9.238220939597404646e-01 9.004060107190906548e-01 8.905040824757348705e-01 8.659369244878504235e-01 8.973125512438796525e-01 9.228476279600231758e-01 9.141205711056419325e-01 9.281484718809230872e-01 9.306786935006068351e-01 9.221933242419733112e-01 9.127492150088589717e-01 9.277192783930174880e-01 9.096365621315808392e-01 9.138036528647889289e-01 9.274419821703381306e-01 9.040722748559150146e-01 9.060975587426096656e-01 8.943858928321586355e-01 8.999361599803354927e-01 9.133426809870950347e-01 8.887382549804478948e-01 9.014192166129795236e-01 9.208722056081524165e-01 9.156726998973651055e-01 9.116504125548285931e-01 8.798537078209263118e-01 9.108237271103994948e-01 9.055601016327216035e-01 9.130652648173477326e-01 9.270901623882935594e-01 9.011688212009553167e-01 9.098790903970653821e-01 9.176619941687093052e-01 9.204580356243010630e-01 9.225263819964211187e-01 9.216511076760108834e-01 9.283033987448473523e-01 9.054882269461062005e-01 9.211136017055072678e-01 9.336647213263746803e-01 9.338039979501661092e-01 9.332399217373306133e-01 9.344214610345665806e-01 9.325156508320200377e-01 9.276475901605232277e-01 9.205922676624247458e-01 9.348767486381078795e-01 9.343196782824236823e-01 9.372891702627915711e-01 9.320175971158719541e-01 9.388297716249728309e-01 9.386031905680538578e-01 9.368748471962855540e-01 9.195716047963570228e-01 9.322507986666335178e-01 9.262326388025949875e-01 9.247914246766751889e-01 9.346334223454486612e-01 9.307409963469586156e-01 9.327783441255149688e-01 9.292022710902099192e-01 9.327391388867118938e-01 9.293180724279531679e-01 9.289825105364821756e-01
3.540980265176813663e-02 1.417767546242680587e-01 2.802004230756425240e-01 5.002705229856360125e-01 4.491408432902417869e-01 5.253473557873993283e-01 7.040129130294718873e-01 7.117559287111113742e-01 7.640595472019852119e-01 7.170135447082311986e-01 7.486421537653991098e-01 8.151509859765642130e-01 1.000000000000000000e+00 7.546868427126618428e-01 8.349392098719231603e-01 8.365225720630277140e-01 7.185864680580096309e-01 5.407024720072000079e-01 5.696660267316133730e-01 5.319171969144466106e-01 5.670795935709457281e-01 6.196737990609790803e-01 6.272819887010184781e-01 6.128728316941671750e-01 6.153477839805765459e-01 6.985811979250594606e-01 7.039719128250668811e-01 7.192397974111626180e-01 6.353057970721800451e-01 6.858519390807249483e-01 7.397898332540083777e-01 7.767543600070260235e-01 7.194634628827649703e-01 7.467128174831705323e-01 7.152236953822744825e-01 7.526668330562621412e-01 7.604600237986032241e-01 8.132855720540905775e-01 8.232351625210954094e-01 7.871861794821973790e-01 8.379680161178293396e-01 8.260770371766034126e-01 8.138105766581833489e-01 8.316565896479093389e-01 8.182263961103757310e-01 8.312674198086732469e-01 8.552852827299601834e-01 8.534902020723342808e-01 8.406967178829298781e-01 7.948070045363604397e-01 8.108024453993240011e-01 8.017684214211553417e-01 8.395075059807939333e-01 8.332613484528306191e-01 8.196346143679481555e-01 8.045163259627654551e-01 8.194378171366765162e-01 8.398248276699896708e-01 8.322777642065216641e-01 8.568558617137366218e-01 8.487207926817605941e-01 8.478749682787792841e-01 8.340399028827480965e-01 8.482733105820254860e-01 8.307324838418432833e-01 8.380859903586169724e-01 8.539293480179082074e-01 8.331037805440089095e-01 8.404798700825399926e-01 8.220220769637509584e-01 8.138564480239277588e-01 8.311292712111902903e-01 8.163060764853313778e-01 8.201877023157159163e-01 8.389948219810524632e-01 8.384943685313726025e-01 8.366062846189281643e-01 8.177609005222438165e-01 8.345979533694115604e-01 8.194875472192779675e-01 8.332115368362307262e-01 8.396638405739952349e-01 8.337098299851802841e-01 8.342502960778293009e-01 8.365562370181445218e-01 8.398537214209250701e-01 8.453947764031483070e-01 8.471567574159443170e-01 8.494474852335858195e-01 8.338105537073122742e-01 8.457646352224639230e-01 8.544495513873906489e-01 8.498020840900983863e-01 8.491821952145464092e-01 8.577761554804945732e-01 8.577544993043025867e-01 8.406383732046096569e-01 8.358954681140131626e-01 8.514481669557989463e-01 8.507523760988225936e-01 8.527171987987937074e-01 8.479757054738038535e-01 8.539458903025417547e-01 8.563214554387209576e-01 8.531936282163846696e-01 8.418492221361598693e-01 8.556981051406723493e-01 8.544052665418956360e-01 8.498150580563252898e-01 8.570186648446049826e-01 8.499099184517617811e-01 8.594335926657027391e-01 8.525677993715833347e-01 8.569608309855177852e-01 8.505247534162586609e-01 8.518997891777209119e-01
