1.000000000000000000e+00 1.993842735266837807e-01 1.244513706993311958e-01 -8.277896154515328175e-02 8.155085084661349570e-02 1.226689469519019228e-02 -8.459039977948418221e-03 7.731572604546990690e-02 1.333637149735217853e-01 1.200269167327124853e-01 -4.570258816420646152e-03 -5.361008644195633388e-02 2.413290092169234624e-02 1.003149387667732172e-02 -9.869762730777989577e-04 1.591384880156647766e-02 8.244805520410632138e-02 1.119262108163240205e-01 8.846232074941154377e-02 7.736372476276466570e-02 7.718395672325911727e-02 9.408266517894217640e-02 1.851709867634750151e-01 1.107346175153452322e-01 1.383133325877531905e-01 9.264613138326707742e-02 9.801790433693878535e-02 8.772274392792750453e-02 1.665394629747693755e-01 1.604151672655367289e-01 1.272435768035839188e-01 7.048586390940740631e-02 9.888517206171912322e-02 1.020496649392978461e-01 1.275014533295317776e-01 1.071297515775350845e-01 1.145416683296145016e-01 6.004333431457112985e-02 8.079690944910963846e-02 -5.601873725165225880e-03 3.312252262052650664e-02 1.106692552244948821e-02 1.287900105952619403e-02 1.698725558250530066e-02 4.547222575790395294e-02 3.765906027525386945e-02 9.492656739974573293e-03 1.855191929582117663e-02 -1.281779852294064222e-02 2.071293977771659564e-02 3.922787489188909321e-02 6.756816053905856032e-03 7.600475698827490433e-03 4.328064639667480312e-02 5.812222924235906085e-02 7.125429121551096756e-02 2.935368496754863984e-02 9.059816492704483165e-03 2.445043049737869248e-02 2.359283068240971074e-02 3.384974589137587902e-03 3.864629714756828011e-02 3.309588040253813590e-02 1.882197690611186330e-02 4.891609262421072607e-02 3.106587560449763225e-02 2.745124145363024223e-02 3.290065139191118704e-02 5.417152409980307420e-02 4.515822899346388225e-02 3.060111235540452848e-02 4.089677843441201499e-02 4.959235762628799726e-02 4.071843369198435009e-02 4.521885902782598471e-02 3.486630441778486994e-02 4.952582413806494444e-02 8.014328961640375393e-02 4.406300832329192174e-02 6.902923516489402334e-02 6.634977496468881519e-02 5.599991368313723267e-02 5.688626743743203235e-02 6.662809309736801577e-02 3.141273377307338133e-02 3.809727552379053861e-02 4.687021422582949431e-02 1.832907950995632529e-02 2.384686273885628510e-02 3.793332383794187357e-02 1.186795198622275262e-02 9.824580060659955649e-03 1.431206912566797620e-02 1.407236847261146909e-02 8.153505376607717361e-03 1.234213900655047914e-02 -1.567537612875875494e-02 2.001377519164402805e-02 1.348554966094877607e-02 7.877811894532425752e-03 -1.877663192624813516e-04 2.666925261217069354e-02 1.076756418689053807e-03 -5.364059792471600509e-03 5.493429759855897147e-03 3.309694558658967528e-02 1.104927043814470447e-02 3.142827888260878166e-02 3.645431057646264517e-02 1.785262486061638468e-02 2.213388567639251389e-02 1.675163663827513444e-02 1.433937069370456140e-02 1.649570537335637993e-02 3.568684481577617806e-02 1.469581513869674082e-02
1.993842735266837807e-01 1.000000000000000000e+00 1.592438633183218821e-01 1.070556183853507010e-02 1.194802883408886962e-01 7.890077287092732428e-02 1.236962088062897730e-01 1.795292799268120854e-01 2.383243752581647168e-01 2.188171906853829674e-01 1.263217037132698950e-01 1.089205738555815428e-01 1.518873071418819221e-01 1.210696394061104159e-01 1.392165030433467343e-01 1.527674776621110453e-01 1.825210172980846202e-01 2.119309479406399077e-01 2.120939892367947333e-01 1.395982026806209531e-01 2.049396107328476657e-01 1.953139430643973662e-01 2.679131626387376008e-01 2.043846090351188471e-01 2.320606324978475576e-01 2.171712687187084823e-01 2.130337044925228185e-01 2.191147868270318100e-01 2.698837595218639418e-01 2.694647638168827797e-01 2.378521784006031592e-01 1.988510383445223351e-01 2.286702110989487502e-01 2.126551399594784064e-01 2.472427331030666864e-01 2.262131398386146575e-01 2.322717227138806906e-01 1.979551498744722693e-01 2.138196017440202046e-01 1.484800436328062023e-01 1.749336487094400039e-01 1.666730098160623952e-01 1.619885238235422298e-01 1.653186571353510437e-01 1.752508580519170633e-01 1.787828261622078363e-01 1.565149487057174715e-01 1.683766231778030253e-01 1.368223270768506306e-01 1.574140128231585334e-01 1.741234370142518140e-01 1.493339062190751632e-01 1.507347153557964115e-01 1.852333572177166932e-01 1.958303005523765739e-01 2.041664736478169540e-01 1.775951303558290506e-01 1.625975476652552487e-01 1.701977455918308457e-01 1.671020524120009620e-01 1.600625468914141647e-01 1.866143040400675690e-01 1.812428186993967349e-01 1.658652158883528738e-01 1.808379480015379626e-01 1.791735847278647376e-01 1.672442238177474783e-01 1.781605903007512370e-01 1.951976686246733872e-01 1.751761366536792042e-01 1.731872374191011643e-01 1.791805735792837695e-01 1.828373494116282139e-01 1.809678783339089547e-01 1.883370577063669948e-01 1.802789944843533054e-01 1.924116498827389277e-01 2.106514645567167388e-01 1.802404684546153046e-01 2.025027443797828286e-01 2.033954671623304511e-01 1.907954747923753802e-01 1.948376069379973430e-01 2.051256541795162536e-01 1.728987393962522212e-01 1.783303138008351385e-01 1.859494441190179814e-01 1.661553520845504006e-01 1.715553312498287186e-01 1.839888564252860348e-01 1.675000474155644570e-01 1.596398270455789692e-01 1.625526953305454769e-01 1.620334121648361603e-01 1.583705986749559536e-01 1.610658768487895631e-01 1.472860551858053701e-01 1.752355894941821923e-01 1.691116104793655150e-01 1.604821950444323686e-01 1.554579923545902909e-01 1.771089617406863825e-01 1.519202650675801625e-01 1.473642917273814135e-01 1.564145150940425832e-01 1.889293584688817862e-01 1.622347765534807029e-01 1.753490437808125080e-01 1.824991008777665236e-01 1.688913436023153913e-01 1.740737207381173879e-01 1.661643439858434268e-01 1.664308033268130371e-01 1.647877273378882124e-01 1.742880487177939086e-01 1.651017093814434178e-01
1.244513706993311958e-01 1.592438633183218821e-01 1.000000000000000000e+00 2.684797793305188640e-01 2.446271411890499625e-01 2.016534502276103036e-01 3.227362304035563123e-01 3.717709698222161907e-01 3.847378936089348445e-01 3.628437826668235999e-01 3.597356487189738994e-01 3.581463360085992975e-01 3.297099120196634314e-01 2.584966601532928121e-01 3.645502026968641673e-01 3.678530805282108074e-01 3.912602830872264903e-01 4.232577154097939554e-01 4.246581170931926774e-01 3.798269354850643542e-01 4.226587181142863470e-01 4.238703149285424909e-01 4.337150258231138866e-01 4.202510956785613372e-01 4.134656125736533294e-01 4.290419283739550504e-01 4.237614563893023489e-01 4.173244104677633626e-01 4.223792698585622785e-01 4.165942089664056991e-01 4.149262398967392129e-01 4.249051177497435994e-01 3.970407888353263415e-01 4.135119240209256253e-01 4.112885330046957555e-01 4.280876258023673109e-01 4.122915493971286427e-01 4.105962702252412555e-01 4.066234923616012797e-01 3.954731816348909246e-01 4.008596420619903178e-01 3.928059445031621966e-01 4.015350160216201170e-01 3.922630918949301937e-01 4.079402323727806534e-01 3.948903339793415901e-01 3.773221008727944970e-01 3.839774147445982888e-01 3.607901934449172510e-01 3.900409094363515572e-01 4.045309368332690170e-01 3.963242790853014341e-01 3.873559720220269842e-01 3.905676453303624784e-01 3.961626751278140013e-01 4.102383839611694616e-01 3.855826845424802363e-01 3.893968392707022330e-01 3.815706994431989352e-01 3.822975918088697411e-01 3.829535001910875924e-01 3.888970796974426936e-01 3.900200067871047449e-01 3.874983054853564646e-01 3.967977384632482840e-01 3.933901331765460863e-01 3.884759820121997387e-01 4.057021800040846449e-01 4.125349838064201746e-01 4.176060772867402626e-01 4.086930753788081683e-01 4.014889085771938815e-01 4.183380729897490657e-01 4.125396409553767074e-01 4.075972021829389336e-01 3.952984364006002505e-01 4.098967496231473717e-01 4.033050318924287225e-01 3.882755985059743176e-01 3.964970087329990900e-01 4.052975076324171755e-01 3.989854313086063087e-01 4.086348844331919583e-01 4.017370082368173501e-01 3.849043832976028479e-01 3.985469838028707357e-01 4.045413674638129731e-01 3.914156576614612471e-01 3.864845189566770700e-01 4.029794820046593284e-01 3.974258146511185918e-01 3.857893978414703717e-01 3.913315654479592731e-01 3.868609984731966045e-01 3.758313790935594034e-01 3.783474089858733791e-01 3.780603111864390686e-01 3.831691271576656566e-01 3.830123382508055507e-01 3.895410282411420066e-01 3.863222676379723941e-01 3.905825625897361153e-01 3.784336253123908866e-01 3.785834735984270338e-01 3.908276707272169692e-01 3.916909396134017340e-01 3.787419609856649272e-01 3.854572697884152688e-01 3.928764562639027735e-01 3.843262035495568218e-01 3.918099073277706568e-01 3.805934137199505352e-01 3.792970159112490913e-01 3.831542307877910947e-01 3.921970063458239952e-01 3.818489842039726745e-01
-8.277896154515328175e-02 1.070556183853507010e-02 2.684797793305188640e-01 1.000000000000000000e+00 3.448947071696504274e-01 3.467132933596941413e-01 5.751477646983950143e-01 5.201609807420110032e-01 4.626743252173398657e-01 4.610518657531452735e-01 5.780525034139788465e-01 6.523311285547062077e-01 5.365355732730188176e-01 4.316834807362668336e-01 5.966516403508466126e-01 5.765803754983133134e-01 4.988040826985956633e-01 4.596830131365997052e-01 4.924322481028114429e-01 4.717382149462345797e-01 5.038536094207440863e-01 5.174523307659353311e-01 4.580304819202869471e-01 4.446918995182817524e-01 4.360930516330244200e-01 5.802158406773602062e-01 5.577678228505301705e-01 5.358965941841596914e-01 4.689600950204811380e-01 4.856580468573566955e-01 5.261024219366277066e-01 5.676731818564126897e-01 5.125556476271361239e-01 5.143152556625638638e-01 4.923241960007054274e-01 5.382852204520502948e-01 5.165664656378093911e-01 5.679727931146557607e-01 5.515793458888350598e-01 6.217509837308495824e-01 5.950592062326006682e-01 5.941588521280459778e-01 6.069464772586076196e-01 6.045655291575539048e-01 5.931626042813106237e-01 5.671314591532865546e-01 5.824308208510421414e-01 5.788410027584065531e-01 5.877038123772067024e-01 5.935993915616532002e-01 5.968553209420935923e-01 6.098057620214749619e-01 6.015028901523622462e-01 5.682583127978043658e-01 5.580057995169765972e-01 5.718968703402327325e-01 5.878961300034990511e-01 5.980739333270720381e-01 5.825904859214762199e-01 5.890455458923824494e-01 6.046692120193937203e-01 5.779625206576413099e-01 5.814759253154310192e-01 5.905878437235387857e-01 5.746667413405541769e-01 5.990304932996755038e-01 5.817113420597632700e-01 5.778854239862296627e-01 5.739013951281495274e-01 5.873834904231182152e-01 5.865343381398328004e-01 5.688878053815465963e-01 5.684764624471780881e-01 5.677208199459201632e-01 5.951712538342934788e-01 5.821385799048823806e-01 5.762286507937891544e-01 5.404290418260944140e-01 5.677582092529441793e-01 5.479296389442634974e-01 5.526084703571809698e-01 5.660891887084347207e-01 5.791331666916765819e-01 5.551943324067047936e-01 5.731693598712730431e-01 5.714546515499310253e-01 5.737767303361395177e-01 5.977492935394641549e-01 5.783538137556979430e-01 5.881250540181827136e-01 6.078788668704649956e-01 5.983992052215804103e-01 5.939694725632542749e-01 5.871761300648831172e-01 5.842403461155333266e-01 5.785464551338492800e-01 6.223177509112572947e-01 5.847521771838377624e-01 5.951151324369230444e-01 6.066774887245568459e-01 6.121533516605368597e-01 5.856181831323261644e-01 6.003744542763167491e-01 6.028680747562126241e-01 6.015112664160264799e-01 5.780657686799159922e-01 5.867489854182831310e-01 5.710799866541566017e-01 5.758746566061655470e-01 5.883637750010275447e-01 5.908518326071598992e-01 5.852195076464999923e-01 5.882070848165912302e-01 5.888440479575274278e-01 5.791481863082551529e-01 5.915520772207866207e-01
8.155085084661349570e-02 1.194802883408886962e-01 2.446271411890499625e-01 3.448947071696504274e-01 1.000000000000000000e+00 2.871963191238247615e-01 4.982894130884594763e-01 4.728286872932118134e-01 4.804003088524180787e-01 4.555617900889156746e-01 4.939297277355863547e-01 5.094724050786552105e-01 4.928477228948692779e-01 3.705042783564038156e-01 5.197236130311158053e-01 5.157305547841815052e-01 4.760198429793287000e-01 4.289925210774535036e-01 4.673539999890032326e-01 4.014840611696691708e-01 4.243204321166513804e-01 4.555270840773458785e-01 4.729114283764310200e-01 4.251288935551499337e-01 4.368085822634855675e-01 5.241159223858317118e-01 5.265932944536878546e-01 5.209307724249532257e-01 5.199170363712950493e-01 5.291608338884220553e-01 5.305412846754474776e-01 5.218197532312870424e-01 5.005416239178697158e-01 5.079195646055365554e-01 5.135552532206025811e-01 5.152801609295987184e-01 5.230202133281488530e-01 5.271930364770257560e-01 5.290814543982946816e-01 5.142354151227285231e-01 5.335786041768902921e-01 5.214360581813464179e-01 5.249218481902523381e-01 5.304580391507313086e-01 5.270928074947333064e-01 5.262367259362595862e-01 5.230585701450846114e-01 5.204751922421194665e-01 5.167833722636747673e-01 5.219474054092275717e-01 5.296727486723868950e-01 5.267049148111881962e-01 5.282919676980002421e-01 5.238284165187022667e-01 5.251560626433098289e-01 5.322083593568209814e-01 5.277944417060475013e-01 5.276674195572927939e-01 5.235223986286312581e-01 5.285113585911649370e-01 5.233202394436695659e-01 5.325753814313085588e-01 5.293127089770157667e-01 5.308462002012235281e-01 5.240024779879591810e-01 5.360553590478280839e-01 5.226865616101267209e-01 5.220891913749865498e-01 5.294919169304094231e-01 5.237959548143733546e-01 5.150659187148135532e-01 5.195923465768043092e-01 5.186071129996812079e-01 5.129688739646240947e-01 5.391323248219574982e-01 5.328204191931411593e-01 5.346168790471391707e-01 5.333186585570344196e-01 5.271288719795406141e-01 5.328297044669139115e-01 5.317588079963531111e-01 5.304150581661629671e-01 5.287214685477173992e-01 5.297144617563274149e-01 5.216206877908680095e-01 5.262418573776375119e-01 5.296566577069441450e-01 5.288090722849392300e-01 5.281179241420426163e-01 5.314758062282954887e-01 5.288737003919665725e-01 5.286889665809847427e-01 5.270871744950590410e-01 5.273450764731312246e-01 5.230779087811987527e-01 5.238965055570736773e-01 5.238340759829687165e-01 5.239687806446674534e-01 5.272270828965515133e-01 5.292031206327962867e-01 5.292093242417367227e-01 5.270405595221483441e-01 5.268717443669449496e-01 5.267336210722463052e-01 5.260461919368787376e-01 5.248247688961805713e-01 5.238965293582076299e-01 5.244248227962287068e-01 5.296071761810179357e-01 5.294650098600590660e-01 5.291176079630625084e-01 5.281122228638522875e-01 5.268764262705437629e-01 5.264175536315822690e-01 5.237834854708116605e-01 5.300429292910079360e-01
1.226689469519019228e-02 7.890077287092732428e-02 2.016534502276103036e-01 3.467132933596941413e-01 2.871963191238247615e-01 1.000000000000000000e+00 4.993196003497643587e-01 4.540592828947731530e-01 4.988358330368671267e-01 4.764433440327050517e-01 5.213766532320188718e-01 5.400519887533959951e-01 5.038837262092240588e-01 3.878555779732492659e-01 5.462739826747031735e-01 5.439730286669754999e-01 4.931046722907769797e-01 4.397604923593664838e-01 4.970561260295268680e-01 4.098942407243734154e-01 4.637419758954657301e-01 4.850440124719450630e-01 4.705438576223339719e-01 4.389610019375204120e-01 4.582482088410435583e-01 5.277780894662993383e-01 5.385176610667408159e-01 5.434014240515732119e-01 5.203619966666854779e-01 5.288202118133066287e-01 5.522479600580663117e-01 5.410982716864923825e-01 5.197441628712602402e-01 5.212434077766522345e-01 5.235948372494337866e-01 5.297278400291068889e-01 5.405095125919628929e-01 5.478912381741424253e-01 5.550536577373439417e-01 5.457204042498875474e-01 5.635200168302649804e-01 5.657194532260565456e-01 5.588026799816724344e-01 5.629215538838941990e-01 5.614328140202131667e-01 5.635334395710400734e-01 5.639345380290891052e-01 5.621877134996891012e-01 5.584474099109164591e-01 5.465115141796217380e-01 5.529044110002883095e-01 5.246054353952845917e-01 5.524520789507842977e-01 5.615291384268983332e-01 5.565627889003450512e-01 5.520620537630008817e-01 5.496035482793331095e-01 5.610319963184444703e-01 5.616352431459993300e-01 5.637444476372324154e-01 5.641668529707941637e-01 5.638611867064011740e-01 5.589655831368463001e-01 5.582526086556909295e-01 5.494661453480492730e-01 5.580398790602169035e-01 5.611910201196297354e-01 5.630211927524394477e-01 5.592327550971984973e-01 5.515865051045497625e-01 5.599879093689262843e-01 5.620887613651693870e-01 5.423416662220342799e-01 5.493711576573370170e-01 5.648086169897303943e-01 5.640516850426403606e-01 5.650682727933973304e-01 5.580362919337413796e-01 5.657683940894862040e-01 5.608773614152836595e-01 5.619059612484557098e-01 5.643419507089472154e-01 5.539369046877958835e-01 5.600442991734561060e-01 5.591978781141598853e-01 5.588295532852808334e-01 5.630717323666404317e-01 5.628160809250045693e-01 5.647534332888637376e-01 5.617313727768339371e-01 5.624280687966612957e-01 5.673975286590602352e-01 5.657249019345362839e-01 5.676660935594467494e-01 5.643827717124109133e-01 5.650526106758456679e-01 5.565129932823786874e-01 5.528006388422076478e-01 5.628316816992017246e-01 5.641171118800796247e-01 5.653246983860079622e-01 5.622263330027585937e-01 5.644656284338326335e-01 5.642826880593607708e-01 5.606839265799080652e-01 5.581800217842752820e-01 5.647783689820116138e-01 5.640408048234999416e-01 5.654268309003708248e-01 5.634059792189577420e-01 5.636596434623950547e-01 5.642832538793421948e-01 5.658378261330667680e-01 5.638266344822310261e-01 5.605310064753900035e-01 5.632574623722484963e-01
-8.459039977948418221e-03 1.236962088062897730e-01 3.227362304035563123e-01 5.751477646983950143e-01 4.982894130884594763e-01 4.993196003497643587e-01 1.000000000000000000e+00 7.180232367105978675e-01 7.266640560706759677e-01 6.996605461073395205e-01 7.855235397866173752e-01 8.227871059503022444e-01 7.393383304046161619e-01 6.012893070987344046e-01 8.397917696356980155e-01 8.200772876168572756e-01 7.355786639385568648e-01 6.640270639373505590e-01 7.199501990187232581e-01 5.921904114850456979e-01 6.810085313267099094e-01 7.003054390553847819e-01 6.841031321320029113e-01 6.343126797026890085e-01 6.540660914784577340e-01 7.908012811542286524e-01 7.927520869932834779e-01 7.998773734372951472e-01 7.604913813619372798e-01 7.581881761318896018e-01 8.026442514078970802e-01 8.084684288595114232e-01 7.759822811842516099e-01 7.790089994186605304e-01 7.685804106260029078e-01 7.870210095830170172e-01 7.913650061010492065e-01 8.260569165493497623e-01 8.209398095817777019e-01 8.342602547605952878e-01 8.355221758814860289e-01 8.383403821710715409e-01 8.432855190868486783e-01 8.439568627952712676e-01 8.303144280577282599e-01 8.297825711194209974e-01 8.351475072147758194e-01 8.332129188480644766e-01 8.330302861943197357e-01 8.265614713008471170e-01 8.354063662439314975e-01 8.123448473397517633e-01 8.291597452799548407e-01 8.285908949827160974e-01 8.245769141736997154e-01 8.213216910694937090e-01 8.286942013395908191e-01 8.422890823474353805e-01 8.338301025326935179e-01 8.399556685203415363e-01 8.395894702932356068e-01 8.384706343938136408e-01 8.319899101022227850e-01 8.386844380117148834e-01 8.240071158867464662e-01 8.374287303614221800e-01 8.347273173054792217e-01 8.306754726424662172e-01 8.285097418667871638e-01 8.150405255661871129e-01 8.232961107735859985e-01 8.209500353479608492e-01 8.054662912813638220e-01 8.095536947550917573e-01 8.428891161329759019e-01 8.369102128843456390e-01 8.391229249031298965e-01 8.223689770329324356e-01 8.315726673258894142e-01 8.229402034312188752e-01 8.259682048779715124e-01 8.309626447196888366e-01 8.291277458204928674e-01 8.264964196876325442e-01 8.310232370246819489e-01 8.296818669790531064e-01 8.325116613347902650e-01 8.467530037943953314e-01 8.385145306592776127e-01 8.384492622498638248e-01 8.488511971679519874e-01 8.450981663097638652e-01 8.384588172349189961e-01 8.424082354872074463e-01 8.392532935657327497e-01 8.374109052392568753e-01 8.436452386592229180e-01 8.319616159200560190e-01 8.414435590912489049e-01 8.472669465134738953e-01 8.469692361978699013e-01 8.382881408918555488e-01 8.391237897134791179e-01 8.453259462504871813e-01 8.405734776352827842e-01 8.314565003750152838e-01 8.381073453979411836e-01 8.337673129234217662e-01 8.374332421670911408e-01 8.438350026701719742e-01 8.438629897667767610e-01 8.392149725090174428e-01 8.419749814766882556e-01 8.398974663542001506e-01 8.328570237703343260e-01 8.383486194825857662e-01
7.731572604546990690e-02 1.795292799268120854e-01 3.717709698222161907e-01 5.201609807420110032e-01 4.728286872932118134e-01 4.540592828947731530e-01 7.180232367105978675e-01 1.000000000000000000e+00 7.406785639657178510e-01 6.963564459744130408e-01 7.361647418590226977e-01 7.653312656406258130e-01 7.236699930548969872e-01 5.808336606999842111e-01 7.888626458315775025e-01 7.883319253667572246e-01 7.316830599261014978e-01 6.780232210670142923e-01 7.234492044821545509e-01 6.164041861467318695e-01 6.876453678678636772e-01 6.947531078950954786e-01 7.112893043258033954e-01 6.507617389848537881e-01 6.667078535418036189e-01 7.818915839593820749e-01 7.843065990710356150e-01 7.826968856747144043e-01 7.705426580067376019e-01 7.746686857458366937e-01 7.995106185366251950e-01 8.005306298856275093e-01 7.651387199990463683e-01 7.731509144143673407e-01 7.767477534379089166e-01 7.882198792090525652e-01 7.940033471255890651e-01 8.068278469192955438e-01 8.056526816648088563e-01 7.918913510102469910e-01 8.067670385483413087e-01 8.110370816959433515e-01 8.020638620625099025e-01 8.103046934427490244e-01 8.066848098635723829e-01 8.030362905235757243e-01 8.083081992887927170e-01 8.099001212875210909e-01 8.011353052334315716e-01 8.001975057040233708e-01 8.156740760400270629e-01 7.884961093652138597e-01 8.031653731375131278e-01 8.139567328693424475e-01 8.165955336294444811e-01 8.160166182427509574e-01 8.167294103303254227e-01 8.143601850119791541e-01 8.142863621779462546e-01 8.142203802409982982e-01 8.127179421941709281e-01 8.216049683759071298e-01 8.207136539554352739e-01 8.108853914099541926e-01 8.066963307644423598e-01 8.187679916816814618e-01 8.121957617098978233e-01 8.102017839902063701e-01 8.149482422001284032e-01 8.071375263112163800e-01 7.986262913824428988e-01 7.976360221500186087e-01 7.957057879227767971e-01 7.890675973583358704e-01 8.227059636884952454e-01 8.124462190507092396e-01 8.134520764254608016e-01 8.119421942104827483e-01 8.039036854874328508e-01 8.146006604590625422e-01 8.136499026302063120e-01 8.150141017243512920e-01 8.146649033769564063e-01 8.168125772034755538e-01 8.083718253932837827e-01 8.090466879388316102e-01 8.146991571358018769e-01 8.165414784965786543e-01 8.117018816272121295e-01 8.177977505488960297e-01 8.138901284211446097e-01 8.138421652909989534e-01 8.118919543986267140e-01 8.114535522345964758e-01 8.118852618085685702e-01 8.093440062567103244e-01 8.125355078185421132e-01 8.099273944564971961e-01 8.188647809922338094e-01 8.174873589989699596e-01 8.146478290634373565e-01 8.225454560065210696e-01 8.079268929974535718e-01 8.127664585180253143e-01 8.133828750393213847e-01 8.208122363867279558e-01 8.113576332818481784e-01 8.136372517555227057e-01 8.180401878291879703e-01 8.189805519123867228e-01 8.243227011741649513e-01 8.138136978008567723e-01 8.166758423833979652e-01 8.122016863127285990e-01 8.131389728878276602e-01 8.150621244941287369e-01
1.333637149735217853e-01 2.383243752581647168e-01 3.847378936089348445e-01 4.626743252173398657e-01 4.804003088524180787e-01 4.988358330368671267e-01 7.266640560706759677e-01 7.406785639657178510e-01 1.000000000000000000e+00 7.612311417748643949e-01 7.878543270605214976e-01 7.874107457997782111e-01 7.699133429384673599e-01 6.131432647011483272e-01 8.331809533549597857e-01 8.332426991243483405e-01 7.942924831724479384e-01 7.177777188036610356e-01 7.914716085991871930e-01 6.440264683601363283e-01 7.206162185435923684e-01 7.425193895922163057e-01 7.966242733644189888e-01 6.980016145764719182e-01 7.460355913922931403e-01 8.306148810948957850e-01 8.441024744705568628e-01 8.556302067018916047e-01 8.531001393167617630e-01 8.630190194032272277e-01 8.838260516584753868e-01 8.578923520627552701e-01 8.373745332934100505e-01 8.428530433945902178e-01 8.590494481238255542e-01 8.551550800701568367e-01 8.764051423859401391e-01 8.652489806309658915e-01 8.752266018719920826e-01 8.301568817863907990e-01 8.663674334423031587e-01 8.599523324140362357e-01 8.523219951663948413e-01 8.636073929801394433e-01 8.652316451736147274e-01 8.703639021253524177e-01 8.656590810387043700e-01 8.743243538429831263e-01 8.544309266451242113e-01 8.497201882594184186e-01 8.709331549281833507e-01 8.306668648703783298e-01 8.561237307838450716e-01 8.795189788199554437e-01 8.790541917010880058e-01 8.796685925288253438e-01 8.691358032715025272e-01 8.619301393156482138e-01 8.681934562966413527e-01 8.716848590294161703e-01 8.622583471320087734e-01 8.776212318877846252e-01 8.716638653969701611e-01 8.702991667050575808e-01 8.740515052259894002e-01 8.742063587212977049e-01 8.738978947732125580e-01 8.697850603809139658e-01 8.773916629724561878e-01 8.577813550018067446e-01 8.558886282375133270e-01 8.669996386939592403e-01 8.468674214328515415e-01 8.525149992718448200e-01 8.772191239017009812e-01 8.769361716835766263e-01 8.800856196994278902e-01 8.846117908418718034e-01 8.746250076956395558e-01 8.851068406980467929e-01 8.847188798929406239e-01 8.856314312315801685e-01 8.788492202478429549e-01 8.841114888484270518e-01 8.698734150053912817e-01 8.720396120534650297e-01 8.804430120597471765e-01 8.710099538243171180e-01 8.747644113169171787e-01 8.759664527591493055e-01 8.647066910811957996e-01 8.684859396113484564e-01 8.712319537788539847e-01 8.715244662271403042e-01 8.701125848263552287e-01 8.716043789596686908e-01 8.464999908265351536e-01 8.655935251827969745e-01 8.708510188332518887e-01 8.672035706018980106e-01 8.634471136733530283e-01 8.744640265810401658e-01 8.667164637157379614e-01 8.627357341579825478e-01 8.666159788395809693e-01 8.738368316397377988e-01 8.713514073369782453e-01 8.783645386275118483e-01 8.800082804514030022e-01 8.743610961814656246e-01 8.726777822501210480e-01 8.731391932229096708e-01 8.714234715696627109e-01 8.723502125709429178e-01 8.769631063236285051e-01 8.729013323064641616e-01
1.200269167327124853e-01 2.188171906853829674e-01 3.628437826668235999e-01 4.610518657531452735e-01 4.555617900889156746e-01 4.764433440327050517e-01 6.996605461073395205e-01 6.963564459744130408e-01 7.612311417748643949e-01 1.000000000000000000e+00 7.639187878025794909e-01 7.533160289763571882e-01 7.273083351189882917e-01 5.636126696414872628e-01 7.994385862786230756e-01 7.932324512505850578e-01 7.579710521844756910e-01 6.658669500109716255e-01 7.490038992678251795e-01 6.080516692028482550e-01 6.865576533042511143e-01 7.259244473587607160e-01 7.441824231388020072e-01 6.556269342286772384e-01 7.062062657575911562e-01 7.878633706117841307e-01 8.086387271096788787e-01 8.179592879221846413e-01 8.017178285167918528e-01 8.078973231350349282e-01 8.315071210469063834e-01 8.125551238758548234e-01 7.868359515894055578e-01 7.900166329727195125e-01 8.041554593765132264e-01 8.100585199988287188e-01 8.247210056919939136e-01 8.185615398683840915e-01 8.284480565346078462e-01 7.951517367307583406e-01 8.238419059422685820e-01 8.207848943172820766e-01 8.159582674711823858e-01 8.246814108896306506e-01 8.227751568623750122e-01 8.240433198325124442e-01 8.231111915201411167e-01 8.272870100145679473e-01 8.147229352562298521e-01 8.080194193237068001e-01 8.270184575812483674e-01 7.921882145205412229e-01 8.096000017749398481e-01 8.319813202674168906e-01 8.307751653575782269e-01 8.317948470075287037e-01 8.222571745079408911e-01 8.206704191161242612e-01 8.256428347348697683e-01 8.279562686214372302e-01 8.246180307473695015e-01 8.323348171953653951e-01 8.282397630237849917e-01 8.260086556592273199e-01 8.294516178935690265e-01 8.290228905507810442e-01 8.272940698658070025e-01 8.246522237871911631e-01 8.298535194140974625e-01 8.138419496349912352e-01 8.160458131760306433e-01 8.263051793035900427e-01 7.998890348683502793e-01 8.097802609900300874e-01 8.340797191543920519e-01 8.325446679331527378e-01 8.368460889738996711e-01 8.368947271449265202e-01 8.305304728290253680e-01 8.349437678755183834e-01 8.349002899495093777e-01 8.370469871575721976e-01 8.307068183514096926e-01 8.365980373036984163e-01 8.217329929532469768e-01 8.234843264245350625e-01 8.345358908071588422e-01 8.276728505479229447e-01 8.291762318423185896e-01 8.323076993742669627e-01 8.255945606767777223e-01 8.256951627648134728e-01 8.277838172931766270e-01 8.291181359286379227e-01 8.264963923298224158e-01 8.252840396459459882e-01 8.088895841868478653e-01 8.221281040103943782e-01 8.280978993725738313e-01 8.238902726778231100e-01 8.223784323645245697e-01 8.305789411344369766e-01 8.219391363021848473e-01 8.221472489290579944e-01 8.228140947741630074e-01 8.304648770654973200e-01 8.278693031179892303e-01 8.316556617341617219e-01 8.349510828620219094e-01 8.287902167368152995e-01 8.292884946898588794e-01 8.290644138266733965e-01 8.290618001168816864e-01 8.291654150851718308e-01 8.293977240306358301e-01 8.291824409512389416e-01
-4.570258816420646152e-03 1.263217037132698950e-01 3.597356487189738994e-01 5.780525034139788465e-01 4.939297277355863547e-01 5.213766532320188718e-01 7.855235397866173752e-01 7.361647418590226977e-01 7.878543270605214976e-01 7.639187878025794909e-01 1.000000000000000000e+00 8.759787293990574097e-01 8.011451304169452392e-01 6.467680076553828927e-01 8.823522732503956689e-01 8.787961460268087777e-01 8.090724715162782577e-01 7.061259341342398521e-01 7.904448874559455440e-01 6.457118874238518824e-01 7.306708717511127826e-01 7.612743413457883079e-01 7.469876326232665065e-01 6.867909822786332219e-01 7.182541741356738285e-01 8.357269456785330064e-01 8.484836113477132180e-01 8.533727679589653281e-01 8.195669509915863848e-01 8.253335243025330392e-01 8.692648645008226316e-01 8.757150567628183557e-01 8.376173106806270585e-01 8.405480113023621191e-01 8.408854276302920594e-01 8.495552007272143547e-01 8.646326577381776568e-01 8.849468718780882925e-01 8.838291880388390309e-01 8.855895111878244741e-01 8.977781132049567070e-01 9.004725885496002169e-01 8.972274894485156027e-01 9.064118879506849469e-01 8.957825386285480640e-01 8.984086642607852502e-01 9.069700856147442369e-01 9.065845064166825340e-01 9.055125751816446300e-01 8.928647465129730953e-01 9.020165182088385469e-01 8.791082874549956960e-01 9.004088365658805548e-01 9.012823490288758288e-01 8.974543010962718892e-01 8.917912620752758146e-01 8.981656383466086746e-01 9.040847443788032622e-01 9.002394071267342257e-01 9.076503026860629486e-01 9.083335416247831917e-01 9.027507577615896395e-01 9.004915747587020070e-01 9.054340527474702416e-01 8.945064596729042083e-01 9.056214370677644343e-01 9.056414003123854917e-01 9.002703040108139820e-01 8.974209075163619431e-01 8.845388630230409666e-01 8.941764876051130351e-01 8.980617318632411195e-01 8.688447766644400438e-01 8.814849682687400101e-01 9.052481145694518672e-01 9.059323079402424872e-01 9.015154744371419726e-01 8.894772872602475511e-01 9.023441393603978122e-01 8.958586153536379770e-01 8.991848805289078816e-01 9.034935819736615858e-01 8.962395995108997093e-01 8.969839853229089055e-01 9.023106240612368545e-01 8.978593326949940723e-01 9.031302798001772381e-01 9.087789617028065869e-01 9.076789011279794428e-01 9.035502911690002081e-01 9.074153432848507395e-01 9.129820226472222799e-01 9.094540092882442694e-01 9.104983914984091653e-01 9.118603196034873459e-01 9.103699975097684360e-01 9.028346632587481713e-01 9.022925288415607481e-01 9.081424024811989293e-01 9.118318613797611327e-01 9.107157212545176073e-01 9.057915960329391281e-01 9.114400269934614940e-01 9.123741086726798732e-01 9.102034885309384649e-01 9.000200242287971220e-01 9.117147707166346482e-01 9.075150048429555527e-01 9.063549933460889330e-01 9.104136797898375599e-01 9.058355222688627695e-01 9.108478920381312127e-01 9.090056384863808292e-01 9.095691318490134458e-01 9.057094763218751510e-01 9.109440464477938093e-01
-5.361008644195633388e-02 1.089205738555815428e-01 3.581463360085992975e-01 6.523311285547062077e-01 5.094724050786552105e-01 5.400519887533959951e-01 8.227871059503022444e-01 7.653312656406258130e-01 7.874107457997782111e-01 7.533160289763571882e-01 8.759787293990574097e-01 1.000000000000000000e+00 8.187569072398809267e-01 6.606327770956205159e-01 9.077765149278097523e-01 9.029570653616033615e-01 8.108705855641422655e-01 7.109385974803623665e-01 7.969760126067246819e-01 6.656963395238914005e-01 7.438023010022962733e-01 7.776000973736624244e-01 7.423821788484259443e-01 6.914589422606851610e-01 7.176546241996601960e-01 8.522965885501611050e-01 8.678291680477139280e-01 8.634178656482947023e-01 8.125739550131338973e-01 8.238301380905279636e-01 8.737579227663001546e-01 8.901424028613430517e-01 8.401767162523742227e-01 8.453447337262173233e-01 8.348616385098308612e-01 8.620864154802029278e-01 8.651141258094359188e-01 8.984091291553585323e-01 8.962376836568728411e-01 9.111342912582331977e-01 9.217190241889946511e-01 9.249597436673950845e-01 9.237074191150848046e-01 9.326034632289161852e-01 9.164188117580369664e-01 9.163522933316624597e-01 9.287490540052345533e-01 9.268163475909205751e-01 9.314005575161121708e-01 9.115107355296475644e-01 9.226628150805195050e-01 9.111035329287848761e-01 9.264136504494610014e-01 9.176931003311671331e-01 9.059890490258792894e-01 9.044063010141032422e-01 9.169459849684077346e-01 9.305152631308275524e-01 9.207871118448625047e-01 9.306761728686975266e-01 9.322994112297179337e-01 9.233168951203875041e-01 9.208717627026273833e-01 9.291336820621753922e-01 9.144776684684348123e-01 9.294280760879218839e-01 9.268931188203703986e-01 9.198919516301916621e-01 9.149463726106505934e-01 9.059739235498592835e-01 9.161493734766406050e-01 9.152978547227572648e-01 8.897999230267722437e-01 8.998943801932715036e-01 9.266572027631053698e-01 9.263027927361646707e-01 9.196494626104226855e-01 9.013767410977607808e-01 9.210088922564362290e-01 9.071761749631226390e-01 9.098638222875202741e-01 9.185694815968526994e-01 9.145579397177505676e-01 9.088223284081796693e-01 9.192463143867131148e-01 9.170470245464233949e-01 9.216991094426024711e-01 9.324485234327986038e-01 9.285708818621329907e-01 9.244557020173808093e-01 9.321818906348799949e-01 9.369380926083976657e-01 9.329433824984321166e-01 9.333458453379462894e-01 9.341237975124050408e-01 9.316090012596131009e-01 9.313190034344699386e-01 9.205196370336299339e-01 9.319381751221644805e-01 9.378186186919655887e-01 9.381406543525104835e-01 9.273701736333186396e-01 9.377478568569732609e-01 9.398278387781821008e-01 9.361631347357953770e-01 9.175500738868410666e-01 9.325374470523529746e-01 9.247145143191283223e-01 9.233096923899121178e-01 9.323622536876295941e-01 9.289013118293911742e-01 9.330175637274619183e-01 9.318503204938398676e-01 9.326725379814766459e-01 9.266539204781050199e-01 9.347639208914184650e-01
2.413290092169234624e-02 1.518873071418819221e-01 3.297099120196634314e-01 5.365355732730188176e-01 4.928477228948692779e-01 5.038837262092240588e-01 7.393383304046161619e-01 7.236699930548969872e-01 7.699133429384673599e-01 7.273083351189882917e-01 8.011451304169452392e-01 8.187569072398809267e-01 1.000000000000000000e+00 6.171964461570609295e-01 8.461458151003753425e-01 8.444206169138063212e-01 7.684766707340909830e-01 6.847885583338745308e-01 7.576029233389358630e-01 6.195119254269131348e-01 7.016358097962368534e-01 7.343181509314019584e-01 7.311832623321026237e-01 6.653600208444491182e-01 6.928602735492982445e-01 8.068937364897256215e-01 8.220618760314445383e-01 8.219830850331658612e-01 7.990953964142716304e-01 8.086347942790658161e-01 8.405778053287379370e-01 8.376460956652872492e-01 8.034716026002236555e-01 8.088410198975427567e-01 8.110306161293840965e-01 8.187304019833665514e-01 8.302780464766200685e-01 8.449757931958624679e-01 8.456922063378267129e-01 8.334376846948033934e-01 8.603308152135017428e-01 8.578532367322581065e-01 8.484458252983760884e-01 8.640870808723173369e-01 8.544698845202516324e-01 8.540831784536941917e-01 8.649824656160201020e-01 8.654867054424670858e-01 8.597709469067447152e-01 8.356958606386636346e-01 8.566197132253070556e-01 8.217267190556682976e-01 8.592462308308044250e-01 8.628011103322559272e-01 8.566382730451214123e-01 8.555252480364909928e-01 8.538014456056682855e-01 8.622504316242306510e-01 8.576778856179889665e-01 8.683534082810903110e-01 8.612026444241165368e-01 8.649433319634637352e-01 8.620044479003236004e-01 8.599522364475096214e-01 8.577420964342910015e-01 8.615140656709210365e-01 8.644727267738668841e-01 8.588391707075667680e-01 8.614724820965398155e-01 8.439801489865474959e-01 8.514046504066353771e-01 8.561521895638489754e-01 8.344570805882437492e-01 8.396681995092488693e-01 8.676216070897482258e-01 8.666694744429875863e-01 8.626811098938994560e-01 8.596200599271819343e-01 8.640409337174210780e-01 8.632074686392064988e-01 8.619554143721888106e-01 8.662636960081911974e-01 8.580811212930007370e-01 8.606416174020986576e-01 8.562856605910401653e-01 8.599434565091016447e-01 8.625587340526874591e-01 8.649046073715254135e-01 8.649785230388375989e-01 8.634647203262300064e-01 8.584900136253749148e-01 8.677765028553311444e-01 8.662562553392515463e-01 8.670348363490364418e-01 8.680350089982065143e-01 8.673858487266101758e-01 8.506508764069072859e-01 8.549678225750001470e-01 8.660498713018527361e-01 8.640682824494748671e-01 8.631709438873506057e-01 8.630278428825053361e-01 8.632167808926333175e-01 8.665284869872635909e-01 8.620085870348057622e-01 8.578312271900744301e-01 8.683974356714139198e-01 8.665503883352796421e-01 8.676683576906047968e-01 8.683574532609807939e-01 8.655175928035486743e-01 8.697709714282758631e-01 8.666093859224803797e-01 8.670539710564989511e-01 8.650077532718882800e-01 8.676111861222207677e-01
