1.000000000000000000e+00 1.290087036130730391e-01 8.709265670813230720e-02 4.887039720231791881e-03 -4.612774932596714478e-02 -1.032305302268475382e-02 -6.669255594574938217e-02 -3.593350986105559725e-02 1.083021433050025267e-01 3.194629854806309982e-02 1.016290442148697071e-02 3.304575712681296924e-03 4.380407860222458594e-03 1.430387384663474445e-03 -2.044436540834192184e-02 -5.089535525710593179e-03 1.410241900433675810e-01 6.119239684779045202e-02 9.976893952566168178e-02 -6.173728046693038179e-02 3.935863977691027998e-02 8.454841822439446153e-02 5.564151424014340125e-02 2.965578841075511979e-02 9.901949294697214021e-02 1.016797079508348078e-01 8.471080922581838979e-02 6.543352888926669275e-02 1.484994158695471522e-01 1.466402791549760443e-01 9.401197478615254399e-02 4.999720459418553753e-02 8.271065927421118735e-02 3.719817803615466795e-02 1.250376937770555363e-01 6.707888737573482196e-02 7.340341226314142653e-02 1.930047522902482091e-02 2.832024561569863527e-02 -3.315774559206119410e-02 9.367985577466621944e-03 -8.282263014081652289e-03 -2.070400259177887850e-02 4.475427589332664838e-03 1.629360752729656220e-02 2.869999458826927655e-02 1.465092366176694479e-02 2.883734078501580880e-02 2.021853718199584024e-02 9.412392006508644646e-03 9.663709830807836951e-03 5.118541840243074660e-04 8.934211984710867596e-03 5.892658432984281686e-02 6.085357227560610899e-02 2.365793770153684639e-02 7.027164450253095551e-02 1.532455795068123072e-02 1.032773233094565896e-02 3.619873934256732234e-02 -5.771291241880994842e-04 2.384088290749064240e-02 3.146001318283644932e-02 4.800918855864684531e-02 7.889010852657232786e-02 7.258180949128854864e-02 3.188536423140838488e-02 2.577728685028693109e-02 3.542319156448060086e-02 -1.497359433917998077e-02 1.631388212889931660e-02 3.580074390918025484e-02 8.667451826575899368e-03 2.891572415982677710e-02 3.703673778523134535e-02 4.010858158660685763e-02 3.513219646452904465e-02 5.639243467304956570e-02 2.785885203252696715e-02 6.952330604555928550e-02 4.263235096909303440e-02 4.894960884470839213e-02 3.367744239408845819e-02 4.974373377646681277e-02 7.021470727089551903e-03 1.901455052907023366e-02 2.659440705051238987e-02 -3.232807321134776191e-03 1.214047570291779989e-02 2.508574097984735130e-02 -8.270337150635392182e-03 -2.829538048662928219e-03 5.295843489534600088e-03 1.125040158471144521e-03 -1.067642156810978015e-04 8.745248970923033549e-03 -2.206004655021272243e-02 4.057852272424419815e-02 -2.636730257476425053e-03 -9.834171181627169092e-03 -1.874154021111324939e-02 6.891079070785424004e-03 1.116392506511799596e-02 -1.686581074317581100e-03 2.380303393440182796e-02 3.707868632239082890e-02 1.408859022229331376e-02 1.963159091938442707e-02 2.381162923066518569e-02 5.913496740940857137e-03 -1.042450538108183507e-02 1.473156513966104170e-02 7.812281011845069977e-03 2.831717764186030689e-02 4.872090629264277245e-02 4.293909225613967012e-02
1.290087036130730391e-01 1.000000000000000000e+00 9.609521932968549673e-02 3.308689793807964574e-02 8.017244428077403839e-02 7.691318317677953154e-02 9.716990845463370496e-02 1.043762014252528070e-01 1.462804805067748348e-01 1.656308845301807942e-01 1.347275418131489988e-01 1.299659852879834210e-01 1.365156622297201694e-01 8.104433920744212594e-02 1.241327736535087906e-01 1.252375023276721677e-01 1.626863560968025701e-01 1.424935747944820474e-01 1.683121868308915525e-01 2.080677776186572007e-03 1.068240294647691130e-01 1.483796017938279754e-01 1.516472115535399123e-01 1.281668080202677251e-01 1.533951634638375527e-01 1.710735941528152004e-01 1.516546983329059295e-01 1.519271462345693213e-01 1.892563105227264286e-01 1.939098929622038170e-01 1.733219850645191518e-01 1.602907512167526249e-01 1.665017077442249305e-01 1.606819028049669140e-01 1.814190429096365631e-01 1.561340054534252064e-01 1.704269862647075084e-01 1.565875296994253540e-01 1.565862626735976260e-01 1.219843119647118362e-01 1.442577024792274787e-01 1.371294564689633788e-01 1.257710658382860669e-01 1.380251181623825540e-01 1.493298107289645626e-01 1.505009338219913950e-01 1.502023788576903884e-01 1.557546985683596064e-01 1.488310236381276408e-01 1.464508391321840408e-01 1.442010872758619777e-01 1.086036999281792675e-01 1.261007963738853266e-01 1.641456918483648331e-01 1.580121746402035343e-01 1.568162911100808854e-01 1.469815394276373366e-01 1.365873364056377492e-01 1.404832341226258385e-01 1.505863028610051058e-01 1.303789700453503175e-01 1.403400902625475677e-01 1.430852605957635415e-01 1.472577803147845921e-01 1.606144887170485036e-01 1.547992488940753975e-01 1.591812540915086838e-01 1.588235929347358577e-01 1.651535005646180831e-01 1.147440275761310996e-01 1.430331886735791980e-01 1.614942610477307083e-01 1.521568406589021705e-01 1.539010456817875294e-01 1.588817480857988296e-01 1.560392403498122582e-01 1.562079476194189187e-01 1.711094339092301964e-01 1.617675491629104179e-01 1.749713450290921180e-01 1.624864968824305811e-01 1.620957225707438942e-01 1.622475950837082570e-01 1.683446633019975713e-01 1.534484612156982730e-01 1.569068111837609025e-01 1.582952223190898233e-01 1.528694172696104803e-01 1.590502411653983150e-01 1.565175448262292601e-01 1.455602115264670593e-01 1.449431482586014674e-01 1.479090997092097903e-01 1.515039579840457562e-01 1.465010930150760782e-01 1.500028810126467216e-01 1.254263791177410714e-01 1.372724014278421945e-01 1.376336043003812126e-01 1.419994697965023533e-01 1.354230288589792219e-01 1.393378864893902447e-01 1.419985169652513424e-01 1.398864987554036821e-01 1.412757725225483596e-01 1.427832399368997029e-01 1.477673384394951328e-01 1.541052755882208469e-01 1.540608852378222982e-01 1.467494551855842988e-01 1.369289202065286926e-01 1.453997209446196426e-01 1.406387055315136414e-01 1.487031053737827568e-01 1.588469733950943208e-01 1.489943246875935212e-01
8.709265670813230720e-02 9.609521932968549673e-02 1.000000000000000000e+00 3.008722044492165293e-01 1.775224979313879126e-01 2.303995423260567776e-01 3.064949669767962348e-01 2.811283530267151276e-01 3.435102900601608167e-01 2.716894089712655891e-01 3.395688501861299224e-01 3.754878149956729083e-01 3.191726230216885285e-01 2.724973580852569355e-01 3.649479141801029725e-01 3.640831895398778384e-01 3.587946324223252881e-01 3.284606839904529174e-01 3.639232976086947957e-01 2.327971256667872857e-01 3.786956238312033096e-01 4.018410106981306629e-01 2.883530370504951423e-01 3.108354245401920846e-01 3.619138933630017263e-01 3.761593235971904536e-01 3.975213830591963760e-01 3.871028856188306055e-01 3.716233281929992027e-01 3.619394481445749046e-01 3.984287066140060340e-01 3.786512641091629994e-01 3.766111381781173661e-01 3.614482972465481447e-01 3.784455110552894519e-01 3.906034137150137808e-01 3.941856447132170982e-01 3.669963712199093564e-01 3.778397697997840643e-01 3.763305993755048928e-01 3.755538898672071135e-01 3.681065853349847483e-01 3.562667996385038838e-01 3.741876996110645170e-01 3.901151588337682941e-01 3.700385248285747997e-01 3.685006189197675974e-01 3.747801258880193997e-01 3.713689191920973021e-01 3.694807771757179782e-01 3.713803960085676481e-01 3.681633409145849134e-01 3.652223976159866270e-01 3.718266637951952447e-01 3.639901475334098579e-01 3.740225319426617179e-01 3.677370246563583800e-01 3.697987229781793395e-01 3.631215790717339797e-01 3.720370726405100026e-01 3.729855190539388965e-01 3.675711184607568516e-01 3.640095868893036823e-01 3.715713335230780290e-01 3.768224716150523901e-01 3.774437153475458939e-01 3.751567945206447652e-01 3.798812241332150119e-01 3.801618946120001730e-01 3.705119123303587947e-01 3.892438317734385755e-01 3.832038325103330756e-01 3.724807539860388594e-01 3.811871310633181409e-01 3.830962735062201641e-01 3.869145494429946375e-01 3.790691493589296579e-01 3.784313355988281891e-01 3.713862016734320592e-01 3.695604055198788429e-01 3.879616797807574624e-01 3.908847571633587425e-01 3.812548452606916438e-01 3.765082291894797373e-01 3.772568724761033443e-01 3.797777683676705207e-01 3.875067104478054913e-01 3.665326658486789957e-01 3.745146605798418959e-01 3.767058666614149232e-01 3.774055719435527867e-01 3.695830134890751850e-01 3.794239626651699226e-01 3.697074722236621813e-01 3.656119353390319127e-01 3.687733544431784916e-01 3.664380784625567711e-01 3.702027031661884182e-01 3.688088480621175003e-01 3.695878396895318496e-01 3.629602778298757770e-01 3.657105953227337558e-01 3.744132234501152401e-01 3.719703053164221673e-01 3.811340330473175775e-01 3.706540373234359920e-01 3.719326065677432402e-01 3.718588925199705630e-01 3.757541344007980788e-01 3.718966708077420802e-01 3.664901418487708229e-01 3.719631321835918936e-01 3.699216411910503099e-01 3.709342876218374441e-01 3.807594931783613856e-01 3.762324355255673991e-01
4.887039720231791881e-03 3.308689793807964574e-02 3.008722044492165293e-01 1.000000000000000000e+00 3.408350314936205439e-01 3.972130835059740073e-01 5.704105627510724918e-01 5.401782395381895530e-01 5.102947779997697442e-01 4.547626224176284926e-01 5.663153950473126530e-01 6.561091027788782393e-01 5.321033659596163812e-01 4.298704635931144824e-01 6.087316903114292632e-01 5.973296718422318463e-01 4.875980131087004898e-01 4.645455065913175474e-01 4.761676057309154331e-01 4.950494614822114059e-01 6.180590169594016858e-01 6.077180114599319838e-01 3.830767699867337339e-01 4.222429551399629055e-01 5.016000355321780235e-01 5.168707204354173745e-01 5.858015071054278877e-01 5.653936391353698854e-01 4.714141978266727095e-01 4.457038368271429296e-01 5.400218187824313842e-01 5.289701710131542445e-01 4.860760393794552603e-01 4.935636466832048486e-01 4.925142499347790470e-01 5.591377951339925323e-01 5.417215126398812197e-01 5.384606858731152412e-01 5.724269407772963891e-01 5.879919815608073419e-01 6.001828968019887744e-01 6.036986188661808139e-01 6.215681973341610211e-01 6.208831598087910519e-01 6.081993199345343548e-01 5.847854433504288130e-01 5.896155631201888125e-01 5.841603262644214922e-01 5.678621464801377750e-01 5.508592725274161772e-01 5.704947547185208467e-01 6.401631772451015223e-01 6.251573082659513947e-01 5.529602801824381464e-01 5.253694658333957213e-01 5.516130044167875113e-01 5.368884609918298523e-01 6.043027653924141207e-01 5.559126855103861953e-01 5.972742307381461169e-01 6.093240045182540809e-01 5.804373564953814180e-01 5.548806108133803594e-01 5.818486247840481962e-01 5.744086142418826091e-01 5.787230278275026230e-01 5.858453959092125851e-01 5.841236620444455463e-01 5.728012811738033561e-01 6.337887657315299794e-01 6.315431870496185374e-01 5.924267800067560819e-01 5.695300858225817997e-01 5.790851771678936499e-01 5.868947475452737095e-01 6.002984972512858119e-01 5.850758224744468938e-01 5.518398921295618598e-01 5.670364904405008621e-01 5.371600120792751065e-01 5.765201754970339376e-01 5.793701200279944841e-01 5.790317784054551664e-01 5.709094053883798647e-01 5.849100364570299915e-01 5.726427597016137128e-01 5.907998382716225239e-01 5.912610248896172926e-01 5.870613694723946230e-01 5.836643550985586293e-01 6.055459377270933086e-01 6.072861583744352254e-01 6.103310109723133481e-01 6.000169229507779090e-01 5.926032059637982297e-01 5.934068693976360942e-01 6.158502732040537220e-01 5.759266503136347692e-01 6.054980633461674033e-01 6.000610623680114886e-01 6.196236767114124966e-01 5.980202591961882863e-01 6.146122854370547062e-01 6.145318043614087511e-01 6.180827455647897040e-01 5.836593130400482554e-01 5.915783170431796467e-01 5.874138421651909914e-01 5.847025134342754837e-01 6.001996499589143941e-01 5.989165558487673513e-01 6.024598167889850808e-01 6.003334262507895591e-01 5.983601229632545815e-01 5.897756027576477322e-01 5.968518086800503886e-01
-4.612774932596714478e-02 8.017244428077403839e-02 1.775224979313879126e-01 3.408350314936205439e-01 1.000000000000000000e+00 2.587212881037604939e-01 4.368774039073454185e-01 4.274389810175570625e-01 4.093156450878672747e-01 3.969386168451636832e-01 4.287569917063003833e-01 4.725374067908448827e-01 4.490482421147589664e-01 3.238917679399614391e-01 4.831410959189896270e-01 4.661747741951658419e-01 3.573029031696026148e-01 3.399575163194976102e-01 3.481873868816708351e-01 3.302871193637947345e-01 4.137618890781797898e-01 4.282009512307530241e-01 2.664060156732556695e-01 2.896539004929575833e-01 3.512293378912890174e-01 4.172753029726204432e-01 4.278898364878523375e-01 4.318468218683289006e-01 3.696727474657434120e-01 3.669720118593768343e-01 4.155238202502896105e-01 3.912375866894872156e-01 3.412789590835779707e-01 3.514711523752627187e-01 3.639774300601759660e-01 3.760041670394821400e-01 3.904733589647421677e-01 4.192898656341147445e-01 4.352026497568755592e-01 4.147941138249126580e-01 4.728102814678930010e-01 4.805477588825726731e-01 4.796449874654232226e-01 4.767037566741165744e-01 4.551124899916329514e-01 4.660575096177848597e-01 4.746545618618774331e-01 4.712630933110665277e-01 4.498611055630395983e-01 4.149443627691233871e-01 4.519466517736984712e-01 4.582670927959102136e-01 4.786716562948293840e-01 4.507154155762984060e-01 4.267592712983284131e-01 4.318325228643855040e-01 4.137547267123438122e-01 4.770961216086526124e-01 4.412407957451360274e-01 4.807350912697305745e-01 4.755408514859735258e-01 4.619418787080520339e-01 4.332379522568246544e-01 4.569457519149672797e-01 4.581396872895265870e-01 4.535101152461192275e-01 4.721198398062165236e-01 4.610355052424765510e-01 4.501029267971087267e-01 4.797493094623443977e-01 4.801947828585309552e-01 4.683304887563006780e-01 4.347894088439130389e-01 4.477237900021860395e-01 4.736316117725620223e-01 4.706519685626508465e-01 4.638472850544241854e-01 4.460690697846710906e-01 4.635965543854834725e-01 4.451126925757799002e-01 4.567662168667943057e-01 4.590717040158831530e-01 4.428491651699797416e-01 4.511369459981028895e-01 4.541244751027962434e-01 4.434122772312028560e-01 4.530939260041917938e-01 4.706410111104210592e-01 4.665973695912964958e-01 4.633934475575032796e-01 4.648529697773252645e-01 4.839567914465588427e-01 4.767584171967196860e-01 4.814989456838352777e-01 4.801578900762250579e-01 4.812270773978892247e-01 4.778432114095951255e-01 4.476972577607024606e-01 4.827994499355879321e-01 4.783541675903760226e-01 4.924941873299147899e-01 4.719987052069998801e-01 4.855106641669025835e-01 4.860220679293504320e-01 4.711409922124611960e-01 4.567205956058794647e-01 4.745293719752464723e-01 4.763987500065693381e-01 4.718925309486183273e-01 4.812078959934768529e-01 4.755837962542348030e-01 4.833300469514101305e-01 4.784987765315753538e-01 4.730834252087988134e-01 4.654549987683896384e-01 4.732789641150724758e-01
-1.032305302268475382e-02 7.691318317677953154e-02 2.303995423260567776e-01 3.972130835059740073e-01 2.587212881037604939e-01 1.000000000000000000e+00 5.211771337411182925e-01 4.612952943055685373e-01 5.118700035266131598e-01 4.775227744531507224e-01 5.233274993779287731e-01 5.559077556042704149e-01 5.163667924539621090e-01 4.009316743375427317e-01 5.745499666336392197e-01 5.674254418813804435e-01 4.742889166683774693e-01 4.169380568950810106e-01 4.858579985436314863e-01 3.746182006019020960e-01 4.877950034544132896e-01 5.249836454888044956e-01 3.905085294986109234e-01 3.986340740609906619e-01 4.833330701410662456e-01 5.165783493258571113e-01 5.384847355940910463e-01 5.448122078580650562e-01 4.898748210412713355e-01 4.949085161353402595e-01 5.528234854772768880e-01 5.257498781797730336e-01 4.868107435266990080e-01 4.937774183440730158e-01 4.965802527151426116e-01 5.261392043996601098e-01 5.452404299176263347e-01 5.489895217710942799e-01 5.690628619684134915e-01 5.551856388509560647e-01 5.792250542800543300e-01 5.834663418093641862e-01 5.775269413733636892e-01 5.852521247274861116e-01 5.780771887922022678e-01 5.692724073892181380e-01 5.776235680892116697e-01 5.827817316868285635e-01 5.690886357544995278e-01 5.393540284390399009e-01 5.695083777010715442e-01 5.557342170213305232e-01 5.748847478289972335e-01 5.644947280821436264e-01 5.459903660528669933e-01 5.601411616651276182e-01 5.369455250236376820e-01 5.830899415316500578e-01 5.632792997311436567e-01 5.771479516747476390e-01 5.849023775990525031e-01 5.696671020728936163e-01 5.544738897728841431e-01 5.630119641708157818e-01 5.644804461114257821e-01 5.630630156298298550e-01 5.812026511321856104e-01 5.763729814028019094e-01 5.681562244543146845e-01 5.757924954262719774e-01 5.815145545025616203e-01 5.812685567460421643e-01 5.529146688915869134e-01 5.645087254162606261e-01 5.794809311889796977e-01 5.808332342536669524e-01 5.759023170090661337e-01 5.646348947978651056e-01 5.716266373290704861e-01 5.561461790258238613e-01 5.741890539723684128e-01 5.784282070493251826e-01 5.716839535080103785e-01 5.670160704810467411e-01 5.709034213770706190e-01 5.687118034852445270e-01 5.835551402048789749e-01 5.811398042081392656e-01 5.853044297119405215e-01 5.763416283332446488e-01 5.815644379526041519e-01 5.892335976655901364e-01 5.896808787081443404e-01 5.899973078538036653e-01 5.858147923696521708e-01 5.874725505192609498e-01 5.830858656100563753e-01 5.621087747631792197e-01 5.857336243126035624e-01 5.846825851717351030e-01 5.901342784732790392e-01 5.800847887833843197e-01 5.827419893467575829e-01 5.883906959187776842e-01 5.849091914105399859e-01 5.690284998162411512e-01 5.799075285116089828e-01 5.828741683356063463e-01 5.819019466046786437e-01 5.849897496401875729e-01 5.873146203197401327e-01 5.843040984494161094e-01 5.835980207988356039e-01 5.823109186676118654e-01 5.761776581491230287e-01 5.765455552208843537e-01
-6.669255594574938217e-02 9.716990845463370496e-02 3.064949669767962348e-01 5.704105627510724918e-01 4.368774039073454185e-01 5.211771337411182925e-01 1.000000000000000000e+00 6.838971630188834805e-01 6.730624165354640587e-01 6.355820709034859517e-01 7.358873419009155370e-01 7.834107893299032677e-01 7.221988998274140314e-01 5.539279753735897316e-01 8.313756210198895991e-01 7.807026270483247155e-01 6.388980881984182014e-01 6.241596627467279612e-01 6.257183536718324834e-01 6.234377640625692329e-01 7.070969780716054309e-01 7.099899812205303640e-01 5.502545275261693236e-01 5.849722728873190114e-01 6.276571217100442857e-01 7.015207779061575222e-01 7.256892264295770056e-01 7.437295769981933091e-01 6.398359082149334132e-01 6.307883073216171699e-01 7.309002937505542086e-01 7.269070834630640965e-01 6.487469096882918507e-01 6.786886438899741858e-01 6.532825752152094934e-01 6.971264281065551183e-01 7.096086973025630407e-01 7.561548417157173407e-01 7.660116541759244280e-01 7.748821956618711093e-01 7.906663501073611933e-01 8.067326470598933374e-01 8.018777791698078472e-01 8.050266209375569471e-01 7.842961799732263151e-01 7.792325364079419892e-01 7.872071608919958274e-01 7.854770987509581692e-01 7.676605135201307606e-01 7.456734495273287244e-01 7.818048824042396205e-01 7.634324288115259538e-01 7.824208474718509221e-01 7.548624639974315098e-01 7.283965587626756166e-01 7.623806433358283341e-01 7.147941609962685794e-01 7.904496143030864674e-01 7.647129686384722680e-01 7.792715397769712782e-01 8.013900701006374527e-01 7.704289451133878863e-01 7.489947935097295284e-01 7.600649455190815473e-01 7.460153580520701988e-01 7.475933654730296807e-01 7.848889873498119396e-01 7.842546295425403269e-01 7.769763399275287918e-01 8.226607642364965889e-01 7.993210812717913560e-01 7.805622217270496987e-01 7.704444021043884705e-01 7.682530793900651522e-01 7.860594118092714133e-01 7.874525295976747552e-01 7.865109648055000902e-01 7.504042832118532624e-01 7.795424362794465267e-01 7.399375564386375670e-01 7.708584374730937938e-01 7.747120053802740713e-01 7.710514891983515362e-01 7.627138438712676161e-01 7.867703422888312481e-01 7.747979299842383538e-01 7.792774174600852755e-01 7.996925274226214242e-01 7.905174256002515110e-01 7.838742036280695880e-01 8.003738532523130278e-01 8.067029535515159999e-01 8.020524437514249261e-01 8.057106564318574637e-01 7.946400745787866038e-01 7.941771543219043883e-01 8.026071739281093187e-01 7.546326765441786488e-01 7.990702375870714080e-01 8.070719153571358495e-01 8.110981612324668077e-01 7.871374420355724544e-01 7.952916052822398552e-01 8.038428564169211032e-01 7.907203585867026430e-01 7.578244275234802263e-01 7.860272932474939855e-01 7.886394051774487934e-01 7.865266356137181614e-01 7.955876757814750455e-01 7.959477555339560251e-01 7.911463727261641710e-01 7.894256052038559623e-01 7.826398969005400330e-01 7.711007100881378529e-01 7.743586172572388682e-01
-3.593350986105559725e-02 1.043762014252528070e-01 2.811283530267151276e-01 5.401782395381895530e-01 4.274389810175570625e-01 4.612952943055685373e-01 6.838971630188834805e-01 1.000000000000000000e+00 6.689572529776690590e-01 6.215740974357288895e-01 7.096034246460952710e-01 7.584653313889645476e-01 6.942426422087817350e-01 5.419875787462611338e-01 7.766011026533444772e-01 7.575726557654651749e-01 6.303280640138081425e-01 5.598417889266820158e-01 5.963304646923052177e-01 5.367092757908467071e-01 6.705630791578187644e-01 6.928721525919159241e-01 4.720570886133872435e-01 5.027962686505026424e-01 5.938156585497917916e-01 6.761023892619530962e-01 7.039053814891534921e-01 7.118312461324322049e-01 6.299517609571061438e-01 6.207510410868093409e-01 7.063452535843938174e-01 6.804154922029106434e-01 6.266044986479922807e-01 6.220694419359819038e-01 6.435460944359311375e-01 6.656425833191729202e-01 6.822943736020248284e-01 7.249886022521677686e-01 7.323703653565638572e-01 7.257654267508969470e-01 7.667817804108983948e-01 7.740235196938247686e-01 7.715022753455235138e-01 7.772192818414055404e-01 7.513882138273404454e-01 7.571888454409984037e-01 7.713446265416156189e-01 7.690000498563757114e-01 7.599710883026077335e-01 7.278094378650988849e-01 7.595735427850260901e-01 7.444726095887521655e-01 7.641464783206965983e-01 7.530424176082536336e-01 7.307866273146144120e-01 7.353156905005306943e-01 7.257094519236901853e-01 7.798207484112169574e-01 7.576180994582809580e-01 7.692990942315327541e-01 7.805324726999233187e-01 7.676926382121920245e-01 7.498443861135636324e-01 7.557277302762385185e-01 7.417847949985875156e-01 7.499849678514526330e-01 7.640959453684419422e-01 7.522905414378190381e-01 7.412017945725619672e-01 7.799665729193260288e-01 7.746636682574580268e-01 7.596724336333361416e-01 7.191454997318939002e-01 7.321264923365412569e-01 7.622260650396323056e-01 7.671376626067670790e-01 7.594948650517120425e-01 7.351975769744697464e-01 7.492320297839063503e-01 7.264320770970396079e-01 7.514688452529503238e-01 7.531857324526504138e-01 7.429809338667121565e-01 7.462892262110288888e-01 7.553121226011875189e-01 7.386832568869857729e-01 7.543318238564544753e-01 7.658462318489059895e-01 7.607597325219094264e-01 7.558201796289606422e-01 7.635666616968915799e-01 7.801710065171811870e-01 7.716564557803592406e-01 7.745955641308720496e-01 7.751144635653525183e-01 7.763391377699671025e-01 7.822091509979189894e-01 7.546385189788354930e-01 7.815953748830166692e-01 7.726823750524512979e-01 7.840400748296737499e-01 7.751840349440277667e-01 7.773474460806394370e-01 7.838329229776703766e-01 7.722436952619526895e-01 7.622197831360530973e-01 7.730545769837371406e-01 7.705821850975713705e-01 7.664865927836949089e-01 7.805002212127569727e-01 7.801616687924539661e-01 7.771996221957601092e-01 7.799794311587520124e-01 7.719160327175764724e-01 7.606678303742567815e-01 7.670106306323235534e-01
1.083021433050025267e-01 1.462804805067748348e-01 3.435102900601608167e-01 5.102947779997697442e-01 4.093156450878672747e-01 5.118700035266131598e-01 6.730624165354640587e-01 6.689572529776690590e-01 1.000000000000000000e+00 7.360751230531539235e-01 7.956484289743679383e-01 8.127146530010147529e-01 7.593097728744493402e-01 6.106861797697449301e-01 8.263332737020200325e-01 8.243739629110666822e-01 7.847114938549912821e-01 6.633163531266809132e-01 7.558065076068972710e-01 4.790663090385062217e-01 7.011760480804212214e-01 7.903502875378802806e-01 6.271718592738783071e-01 6.044529395662869842e-01 7.394479304777736850e-01 8.315992198836991145e-01 8.244215761645548035e-01 8.400811711205770083e-01 8.359837051804988040e-01 8.401413244807943714e-01 8.663046728059378143e-01 8.093557107101196912e-01 7.729816849901904874e-01 7.590553613151731494e-01 8.228007931129232011e-01 7.902899303021593269e-01 8.330326382296887600e-01 8.349328336584637134e-01 8.514689397060068998e-01 7.903334375684996083e-01 8.619577114190352107e-01 8.542410116391425667e-01 8.247510107263619217e-01 8.628064739535289407e-01 8.532270928909834184e-01 8.616863671807647451e-01 8.743673412390509103e-01 8.843493488522148338e-01 8.747904728337702052e-01 8.310124637701689077e-01 8.627670101766246047e-01 8.172848596220441131e-01 8.571941031566294722e-01 8.855352437937198395e-01 8.660085885972734765e-01 8.545887474854361177e-01 8.630704982737696929e-01 8.702043751342033451e-01 8.622755123015880541e-01 8.873002637425806416e-01 8.701239253219834602e-01 8.759427680219531442e-01 8.619976584086139759e-01 8.821778544397825828e-01 8.881521898535649218e-01 8.877004977149685061e-01 8.835010306996586849e-01 8.684991702387272472e-01 8.683590816287856118e-01 8.320118331397864386e-01 8.606828460956585936e-01 8.796894207331747984e-01 8.240640253602936616e-01 8.474961880458089514e-01 8.838674151176136862e-01 8.845002496170235595e-01 8.809935857036067519e-01 8.841622355514491272e-01 8.755922801400037869e-01 8.867875931739122031e-01 8.849921195312098199e-01 8.880070748713035922e-01 8.712542789460816506e-01 8.815524496033678714e-01 8.579938147024336326e-01 8.567608728870926837e-01 8.722084349842527118e-01 8.636183923684344066e-01 8.740390922631638970e-01 8.756946105957131854e-01 8.562940102954357258e-01 8.730207593701297952e-01 8.725834773464700156e-01 8.723597712335867671e-01 8.781773503194610919e-01 8.821177628498512169e-01 8.547553971015947605e-01 8.711877429504746306e-01 8.736778687067900950e-01 8.625104532371195010e-01 8.606713163165484737e-01 8.751816616773344659e-01 8.752110163118248520e-01 8.757315096573620172e-01 8.756528613911673808e-01 8.781305592409904826e-01 8.812785965448983738e-01 8.847017831245694852e-01 8.823353195085393841e-01 8.792687325903174589e-01 8.711181292227379025e-01 8.847168263892610796e-01 8.795686007494358805e-01 8.843528030799581163e-01 8.901331013143269910e-01 8.884864683766130478e-01
3.194629854806309982e-02 1.656308845301807942e-01 2.716894089712655891e-01 4.547626224176284926e-01 3.969386168451636832e-01 4.775227744531507224e-01 6.355820709034859517e-01 6.215740974357288895e-01 7.360751230531539235e-01 1.000000000000000000e+00 7.272098287811347150e-01 7.424983856059796938e-01 6.906857702949394939e-01 5.429781936723167002e-01 7.600483175495209576e-01 7.571914567059222501e-01 6.846325283550610541e-01 5.981996179996844631e-01 6.536118581133227856e-01 4.465498590922498678e-01 6.005435190741538198e-01 6.793251485323805738e-01 5.612482475006744798e-01 5.470970455173672642e-01 6.369923488522650779e-01 7.337872172345119015e-01 7.183897805686547677e-01 7.380425708543392194e-01 7.262394291985744266e-01 7.334882254136344537e-01 7.598399204247882066e-01 7.431946940403034718e-01 6.895138927317995270e-01 7.024848733448807447e-01 7.234312806359584069e-01 6.983626975722110330e-01 7.344981587353912600e-01 7.833966050745961862e-01 7.849535392685452750e-01 7.276060431541816476e-01 7.916378179377403512e-01 7.869193805099691241e-01 7.605047130755190343e-01 7.881291386944321298e-01 7.760424351736749937e-01 7.931650916252914740e-01 8.109812743426069170e-01 8.112517491212851706e-01 8.017446834902903774e-01 7.637454321110759281e-01 7.975093649981210842e-01 7.181406683248223732e-01 7.694664805522913875e-01 8.077066579898488641e-01 7.912174166227242678e-01 7.852780040637326042e-01 7.736356079954944676e-01 7.996206609950272659e-01 8.028078697158204102e-01 8.025459336904123830e-01 7.952781033701251667e-01 7.987525469826343150e-01 7.861948016254455274e-01 7.953015797330016401e-01 7.915081559051438953e-01 7.922270414569401176e-01 8.125188361216439947e-01 7.943683329889307254e-01 7.963945964380882980e-01 7.660087978796934483e-01 7.784332098826143298e-01 7.993402299094429786e-01 7.619736693760815749e-01 7.703640304380100501e-01 8.038017964094994472e-01 7.986477245355416699e-01 8.006581703919514181e-01 7.986827908618788774e-01 8.002213886370398432e-01 8.047200671126522042e-01 8.031530672032125562e-01 7.986019981842936710e-01 7.992920450335528892e-01 8.065294318799187678e-01 7.948733766226743214e-01 7.892309261820746880e-01 7.958028442160708371e-01 8.056960867900042622e-01 8.059808805298305234e-01 8.036322052856035292e-01 7.913690231614488590e-01 8.080634629030494231e-01 8.009506175750670254e-01 8.062735687734086110e-01 8.131707162834214131e-01 8.138737266272837445e-01 7.913205199715450666e-01 7.853772611052943775e-01 8.038241696986265783e-01 8.033992771316658121e-01 7.972375735674851471e-01 8.045739054417041514e-01 7.991989952420743837e-01 8.046073798964111790e-01 7.947404600638987571e-01 7.955010014788065353e-01 8.101489706953723946e-01 8.129880496704319226e-01 8.095941195726140682e-01 8.085874243261471639e-01 8.089131389835529928e-01 8.094033578676681495e-01 8.081687918271244220e-01 8.070878393141314167e-01 8.033155200596719947e-01 8.045212304672983983e-01
1.016290442148697071e-02 1.347275418131489988e-01 3.395688501861299224e-01 5.663153950473126530e-01 4.287569917063003833e-01 5.233274993779287731e-01 7.358873419009155370e-01 7.096034246460952710e-01 7.956484289743679383e-01 7.272098287811347150e-01 1.000000000000000000e+00 8.517209088280751628e-01 7.791877912591570476e-01 6.210079211413664924e-01 8.612510576237235593e-01 8.532490584819585333e-01 7.565095032227020511e-01 6.832977084228997189e-01 7.448177900719299416e-01 5.520669036347012337e-01 7.317431218308148022e-01 7.938662438834116486e-01 6.319666137527425454e-01 6.429788450265419009e-01 7.385320889598463445e-01 8.199338136961411561e-01 8.240721688222493180e-01 8.373414243287287118e-01 7.968092419425361062e-01 8.026831069242215122e-01 8.497503157390389195e-01 8.280535746356220139e-01 7.713742684489000023e-01 7.862120870095630210e-01 8.022572763053658074e-01 8.038031304559697388e-01 8.295641470168066967e-01 8.569108855987216389e-01 8.715524397083802555e-01 8.368935264086682091e-01 8.835697352995823817e-01 8.849498192522490259e-01 8.682722175715481550e-01 8.865091614947636645e-01 8.768041744245992364e-01 8.807108649925649013e-01 8.934040207129594346e-01 8.944574063663111030e-01 8.837994416597069192e-01 8.531580783272633139e-01 8.836698253476964471e-01 8.430422067774800965e-01 8.716703656576330062e-01 8.800990334724009267e-01 8.607243617218944820e-01 8.697086789795610562e-01 8.504373744766344778e-01 8.888826847017607946e-01 8.760008860168788658e-01 8.866296792937765625e-01 8.926000846758437302e-01 8.826937209324010603e-01 8.670719338465622261e-01 8.831277835357752570e-01 8.736810689675333919e-01 8.764013258614463675e-01 8.951985628169928377e-01 8.865924608005508745e-01 8.811651018371552402e-01 8.714803983847533297e-01 8.851340213878685637e-01 8.909390211805733317e-01 8.579477333922678195e-01 8.698153837919621045e-01 8.947998655616173913e-01 8.920802162825576254e-01 8.900894195128166153e-01 8.811811290870068536e-01 8.876997299696274268e-01 8.813280498101964122e-01 8.901381164314010608e-01 8.896518051283003325e-01 8.847848858496967228e-01 8.864077204026631351e-01 8.844021546084337437e-01 8.821745305183690267e-01 8.887421762589314822e-01 8.938575719226418137e-01 8.956816380847251180e-01 8.889345425111226939e-01 8.885136379474831703e-01 8.998207303767535858e-01 8.976419314650321279e-01 8.977213606083251918e-01 8.996822232771120031e-01 8.996236302593539902e-01 8.903809824359315561e-01 8.736796194869377308e-01 8.967796354990105190e-01 8.939937284181089794e-01 8.952904857054995169e-01 8.933732720367641988e-01 8.954328107116124036e-01 8.976367888581981980e-01 8.943080365475468696e-01 8.818479552086347928e-01 8.963980214280068415e-01 8.983176865342868966e-01 8.964598745857194073e-01 8.973874079370481871e-01 8.961766401360274914e-01 8.980330433663504808e-01 8.956632050972235248e-01 8.950816111401265207e-01 8.917731623185648493e-01 8.911228974337965791e-01
3.304575712681296924e-03 1.299659852879834210e-01 3.754878149956729083e-01 6.561091027788782393e-01 4.725374067908448827e-01 5.559077556042704149e-01 7.834107893299032677e-01 7.584653313889645476e-01 8.127146530010147529e-01 7.424983856059796938e-01 8.517209088280751628e-01 1.000000000000000000e+00 7.988763598438497482e-01 6.461239160410461313e-01 9.015257120589426076e-01 8.934582048231759499e-01 7.761428740850017105e-01 7.071836521442980139e-01 7.612078453188801941e-01 6.147521041593297930e-01 8.111572124747574719e-01 8.526933010744096597e-01 6.299965518216797955e-01 6.511737277840350391e-01 7.651824767599353372e-01 8.278136365434819455e-01 8.645992323730120610e-01 8.669593443505485553e-01 7.924346812642522053e-01 7.864444874178629918e-01 8.679466541530972412e-01 8.376250987893341104e-01 7.788450368227334275e-01 7.873563596584017832e-01 8.020709354704818050e-01 8.310865875763798760e-01 8.516201206742380903e-01 8.694270950880256255e-01 8.938017312284629590e-01 8.756339035544894456e-01 9.167105041529465259e-01 9.188544719237551339e-01 9.126808950751825744e-01 9.272107176049315669e-01 9.125062901668798965e-01 9.027278197318491237e-01 9.187042272941673415e-01 9.185809005132107297e-01 9.074096625538091709e-01 8.708039622898247067e-01 9.072725119880190592e-01 9.018803464068047004e-01 9.155378094514637910e-01 8.961340760235494418e-01 8.699453479549488222e-01 8.850578726987259337e-01 8.712124381711370269e-01 9.230847981571439487e-01 8.983650667095006703e-01 9.210181497640435033e-01 9.285269065431556168e-01 9.134879296490494571e-01 8.921884026886014452e-01 9.076464459960221776e-01 8.970881245062837239e-01 9.028276447635048552e-01 9.163483811259174328e-01 9.115979195325786266e-01 9.001646498186397505e-01 9.207209846633956918e-01 9.317832856486119031e-01 9.196964409684469377e-01 8.801561115828385740e-01 8.956725927065658510e-01 9.156078073545637075e-01 9.219002650014002098e-01 9.118478940566173696e-01 8.900584006001401871e-01 9.020938493182463214e-01 8.847156278152479292e-01 9.089608081460108790e-01 9.121637268917910379e-01 9.027753926037441756e-01 9.028388583404947099e-01 9.059419773476670157e-01 8.987942875998272685e-01 9.147364044982061460e-01 9.154985493220443304e-01 9.172318014659328611e-01 9.106003793232096966e-01 9.182678415366986036e-01 9.289527744769927597e-01 9.290383742088798025e-01 9.255948646062672758e-01 9.247429902840950122e-01 9.244674517918015644e-01 9.217355652900189877e-01 8.958619059485393166e-01 9.262816020510251658e-01 9.203333791866749047e-01 9.282777517594065220e-01 9.200337982278800064e-01 9.290483607278890998e-01 9.315513725387427613e-01 9.276268324278728050e-01 9.052127332212757116e-01 9.202026922623531835e-01 9.200225698948297781e-01 9.166593009870790398e-01 9.267671990803774129e-01 9.240285801841677804e-01 9.272189704726061521e-01 9.256785730295884473e-01 9.212842378915039321e-01 9.155936452286604910e-01 9.202594115117258555e-01
4.380407860222458594e-03 1.365156622297201694e-01 3.191726230216885285e-01 5.321033659596163812e-01 4.490482421147589664e-01 5.163667924539621090e-01 7.221988998274140314e-01 6.942426422087817350e-01 7.593097728744493402e-01 6.906857702949394939e-01 7.791877912591570476e-01 7.988763598438497482e-01 1.000000000000000000e+00 5.834502393664897646e-01 8.272855772052135626e-01 8.200601907160106618e-01 7.130555996140561792e-01 6.410062126281099726e-01 7.026299715520731848e-01 5.375001603513128723e-01 6.996811724213970463e-01 7.553380462714031074e-01 5.747579223262394565e-01 5.846556393077977365e-01 6.855391788944745768e-01 7.818055546291685642e-01 7.853139383215871350e-01 7.984672549940318165e-01 7.475918151278786450e-01 7.499008750649075461e-01 8.106926581880469218e-01 7.668115940960613663e-01 7.213161230984774797e-01 7.209779872584238802e-01 7.481826321954969661e-01 7.508210423459545924e-01 7.850996511574556136e-01 8.066554180212965885e-01 8.264215902647129575e-01 7.881191361699576570e-01 8.422083784080606206e-01 8.471379377166254887e-01 8.325672481425416827e-01 8.485385341871811704e-01 8.338781637834935534e-01 8.409669697532718979e-01 8.547389744638621556e-01 8.521699059062048942e-01 8.335991879305224561e-01 7.920268953413608370e-01 8.327728592794497731e-01 7.972041678329954140e-01 8.373072854733899506e-01 8.357778444295503872e-01 8.112993363915806944e-01 8.180524030565962113e-01 7.934474115557318408e-01 8.528972727403565379e-01 8.262112591653487659e-01 8.499211765566008214e-01 8.520093845445066982e-01 8.386890606331408593e-01 8.126013595298395842e-01 8.327538913083831762e-01 8.342328299915463541e-01 8.302239664926196472e-01 8.533349543222236155e-01 8.397522370487141563e-01 8.360298772937505563e-01 8.370181471173891996e-01 8.441276178068042313e-01 8.508480271566943864e-01 8.068295489838199774e-01 8.203847884026883586e-01 8.540265291338534626e-01 8.524363246922380677e-01 8.489975186838603083e-01 8.367211334452746563e-01 8.437662345812622089e-01 8.360716904284393181e-01 8.463387483267942324e-01 8.478407361980598855e-01 8.348671147247331836e-01 8.430654590323658493e-01 8.375166211814621953e-01 8.297084731647825784e-01 8.445258696166386692e-01 8.484933257537208284e-01 8.513571777835098331e-01 8.468976209744915051e-01 8.435676777557189476e-01 8.592986175825287898e-01 8.544011977047641926e-01 8.578566972367772658e-01 8.578185298156569827e-01 8.585132550717372579e-01 8.473176960749824183e-01 8.288207027166337726e-01 8.564602597348890400e-01 8.512217441864032841e-01 8.566572065285343873e-01 8.514706677187007244e-01 8.571786937793846040e-01 8.595271326035810455e-01 8.509030928797896021e-01 8.355671951517994467e-01 8.515078218703451274e-01 8.545152246371876537e-01 8.543757742272007905e-01 8.560519551954084427e-01 8.519348724300136455e-01 8.579702229487392584e-01 8.543699581894469430e-01 8.532255505323741440e-01 8.507633128273922596e-01 8.510156341542531866e-01
