1.000000000000000000e+00 1.192144144865979055e-01 7.401032974674658094e-02 1.503773756021398456e-01 8.443241489071161288e-02 4.698322340133139624e-02 9.011573819698925902e-02 9.002558105083550977e-02 1.730421366318819487e-01 7.379180267932031190e-02 4.632837792341962246e-02 7.367627496149278810e-02 7.053128530963211074e-02 1.035477256665640576e-02 4.274341312769909529e-02 7.374094953880253045e-02 1.424965038424120256e-01 5.930903131837936271e-02 3.509472080333380511e-02 1.312336600566901823e-01 8.786784491614349490e-02 7.225750566607380687e-02 8.068649756249975102e-02 3.896379408702300984e-02 2.808717571545311237e-02 7.692404704697754225e-02 4.335212545516231586e-02 8.075670063175501012e-02 1.178952092724641354e-01 6.487455024268669324e-02 2.862710552798636635e-02 9.581029740641705539e-02 5.697001012571582118e-02 6.412736229960955270e-02 5.911393894176170810e-02 8.743729668034835867e-02 5.195593759446318072e-02 1.038587970909444873e-02 2.050055020534657588e-02 1.812259753318603422e-02 3.251066296264315970e-03 5.884972306697441565e-04 3.373545324678137169e-02 2.587799595554269097e-02 2.177458120689708052e-02 3.261782364551761570e-03 1.916064439377231088e-02 2.864180345538773140e-02 4.058362934723808851e-02 4.186159994364599402e-02 1.400793460014134253e-02 4.456043051557936202e-02 6.527271884976711125e-02 6.730230002034952308e-02 5.844554485826972123e-02 5.703663703130953250e-02 1.154050490717844768e-01 2.341585300450694726e-02 3.093790362694615742e-02 6.063293325362670294e-02 5.190153554404427355e-02 6.144318862161587264e-02 5.015396008710178155e-02 7.295705881190185649e-02 8.125846640607645166e-02 8.809553022700294944e-02 2.657301263190097601e-02 5.612569864135412076e-03 4.074284289608177262e-02 4.986836288062949235e-02 4.559853985021154917e-03 1.480621977109772454e-02 1.567259571609524657e-02 7.338918906460434322e-03 1.939978071982182556e-02 2.184311710984161714e-02 2.363213423880923883e-02 5.185481525126144769e-02 2.279982120169225801e-02 2.799470168322039723e-02 2.705378678059928987e-02 8.315421041172799468e-03 4.302257261682577993e-02 2.228566304001239687e-02 6.871548781874914531e-03 1.889115938133263325e-02 1.954466544864645605e-02 -1.912464005893439603e-03 7.035911143590337265e-03 1.265096662112515612e-02 7.335756090395518896e-03 6.388990111667739499e-04 1.211774454224196808e-02 1.874127399414577105e-03 6.297702497064086580e-03 1.610293819568631504e-02 1.017709113447600594e-02 5.138727150624625845e-02 1.240134816350931847e-02 2.615856697238661075e-03 3.453351153825270567e-03 1.235610085741177880e-02 2.299809909685023718e-02 1.171321049774981353e-02 3.285634487060384162e-02 4.850746663888554078e-02 2.827934258475002863e-02 8.421474828286239916e-03 1.241024441637639426e-02 2.131949128499613724e-02 -6.299233504849889760e-03 3.071843831527425184e-02 2.412988573066104231e-02 3.263249426590944524e-02 4.045259207955575337e-02 4.062592122210936796e-02
1.192144144865979055e-01 1.000000000000000000e+00 6.089277685749784619e-02 1.364760330540542577e-01 9.566030708062780996e-02 1.006753048831779407e-01 1.681506970542719637e-01 1.624182419614516593e-01 2.137437696156084255e-01 2.164915262695185916e-01 1.578189555049209769e-01 1.789125795040829303e-01 1.439658762099408906e-01 1.438656972424701697e-01 1.623572347744668132e-01 1.693466140093676520e-01 1.708480865029166906e-01 1.400339886682178681e-01 1.211630419820611954e-01 1.896737114741866292e-01 1.422937567820120042e-01 1.396975266035832552e-01 1.427638198002190439e-01 1.184356491861339872e-01 1.172465297255497335e-01 1.651539073209355168e-01 1.486880679742950684e-01 1.507019449840465430e-01 1.664630612998102832e-01 1.713976005147739567e-01 1.652068850491545948e-01 1.824900934952494169e-01 1.269470473443684022e-01 1.554194427217321928e-01 1.577369202512424740e-01 1.622129039650379023e-01 1.537914575742581336e-01 1.448558455745476148e-01 1.528668547059142679e-01 1.357563850063579491e-01 1.445804143514548001e-01 1.292487817715383958e-01 1.538025995179781447e-01 1.468982079199650237e-01 1.527746356348510803e-01 1.523833189140013922e-01 1.564733063401754776e-01 1.690939433433390482e-01 1.718349170720002705e-01 1.449002270460377217e-01 1.429467297591441866e-01 1.448277254710255424e-01 1.663824154847987347e-01 1.933944948335064584e-01 1.862477403881564741e-01 1.883651216064786416e-01 2.001448776165214438e-01 1.462099713495130515e-01 1.675454780588916670e-01 1.760271671155648199e-01 1.699198638872762013e-01 1.821404313442744616e-01 1.736951299195862164e-01 1.845235964451830690e-01 1.737922535293782988e-01 1.930771332855586164e-01 1.568250159564335278e-01 1.484236830707709176e-01 1.686911640125781653e-01 1.712908745672883648e-01 1.457203923978027671e-01 1.520027336676545160e-01 1.500393778856460858e-01 1.448063763390605718e-01 1.561816765605383850e-01 1.504751302413407932e-01 1.464089644470652207e-01 1.589597461959622593e-01 1.568034536750198271e-01 1.620420233815898503e-01 1.571384333041114245e-01 1.552113619168454806e-01 1.688159477925270935e-01 1.520704248820181903e-01 1.442467873396572342e-01 1.562602550751520658e-01 1.518954669427292348e-01 1.428419736710017374e-01 1.496977426881184459e-01 1.540850849829574765e-01 1.407779857928556644e-01 1.467881860380281234e-01 1.498901824389132220e-01 1.499940642705956950e-01 1.514642113352236141e-01 1.619318015886383189e-01 1.368494635897756218e-01 1.704272982922427626e-01 1.550818709907057780e-01 1.414269796267975388e-01 1.434157612448756502e-01 1.527759929819405005e-01 1.565381929184900545e-01 1.474557885665271628e-01 1.622992050491172400e-01 1.675457590007918274e-01 1.629419271603365083e-01 1.601628175615675831e-01 1.577759321937128312e-01 1.570041923789349814e-01 1.488339369005563795e-01 1.629998939189018226e-01 1.630569712581041442e-01 1.641905857090510124e-01 1.613894269980031271e-01 1.704368237864213598e-01
7.401032974674658094e-02 6.089277685749784619e-02 1.000000000000000000e+00 3.241738528633569261e-01 1.895257311349040630e-01 2.106651200032769178e-01 3.312583646992309783e-01 3.240515858538253746e-01 3.382754591696167101e-01 3.168653053640753670e-01 3.243035214643300024e-01 3.625026572800236213e-01 3.474319003312406617e-01 2.949109599902744461e-01 3.623506026711108552e-01 3.527561807764809099e-01 3.299426191958679255e-01 3.095500666165484915e-01 3.294806821665684504e-01 2.905599242954681749e-01 3.244017069702369582e-01 3.404159882540485627e-01 3.475313253666105218e-01 3.154592627054333409e-01 3.330843435350501758e-01 3.744911601573996385e-01 3.542481864002076097e-01 3.750441762165312998e-01 3.574393564411308399e-01 3.673958500116593640e-01 3.504934077127332959e-01 3.805210144910651238e-01 3.700984933814204236e-01 3.683727172339942846e-01 3.564356825251974725e-01 3.554922700845155048e-01 3.608983252727400726e-01 3.611014301676284677e-01 3.386712835650597664e-01 3.680839758056378974e-01 3.578054053828850223e-01 3.660456681259035561e-01 3.637313749742368540e-01 3.490481976736277137e-01 3.515482400686568143e-01 3.391313738594320393e-01 3.546711563381013677e-01 3.561699392943023512e-01 3.544868618508043023e-01 3.513601272366476125e-01 3.579901795362108730e-01 3.545981207405233815e-01 3.562974212938655461e-01 3.639664901844083533e-01 3.592646038225723037e-01 3.692639000556989792e-01 3.581288806788218149e-01 3.607753918875993282e-01 3.581211879028364797e-01 3.539370557065553702e-01 3.598562285421783025e-01 3.569853486744887228e-01 3.516181379754948488e-01 3.546752116593955839e-01 3.556395546051692169e-01 3.622565691325957404e-01 3.567499286722964902e-01 3.552613715708001219e-01 3.643041278124999338e-01 3.597290895185905613e-01 3.527401369472397130e-01 3.610140844279861594e-01 3.552207705091549594e-01 3.563011180609219064e-01 3.596583855938497720e-01 3.587788460985755212e-01 3.599167953410906673e-01 3.555304503195855226e-01 3.568077383985510664e-01 3.586071951435673699e-01 3.609139386348149126e-01 3.530500879104485623e-01 3.648075437234015728e-01 3.645952885250014486e-01 3.557805647274833172e-01 3.558651593200438668e-01 3.614320622174495568e-01 3.581934987030422901e-01 3.528634922015343456e-01 3.626070798049756960e-01 3.613942657400767700e-01 3.547883851846290737e-01 3.591416553555892288e-01 3.531158519503267423e-01 3.518099763024172821e-01 3.553525955271186199e-01 3.477551482965992591e-01 3.534012740837063071e-01 3.521388769663510998e-01 3.495534693705940610e-01 3.510958942827993590e-01 3.537661949061886024e-01 3.538117017059771441e-01 3.510460402669437485e-01 3.593165679861370365e-01 3.574145945753870457e-01 3.551747723379353738e-01 3.530365228590799931e-01 3.575319763564330788e-01 3.528033067308420367e-01 3.557431251847938958e-01 3.538093707095554818e-01 3.561387620385025876e-01 3.498896027267634490e-01 3.553831774291516532e-01 3.545645936779071028e-01
1.503773756021398456e-01 1.364760330540542577e-01 3.241738528633569261e-01 1.000000000000000000e+00 4.168960484488636320e-01 3.827028487978532678e-01 5.844615959033936381e-01 5.684511478644737048e-01 5.784160679453947962e-01 5.097109710540405070e-01 5.345552708707367318e-01 6.286843657332108481e-01 5.744013833318581952e-01 4.797542417504926382e-01 5.914962566676159605e-01 6.203294851964679113e-01 5.529605144193732169e-01 5.277854739191845113e-01 5.387822069114227563e-01 5.090900720630554543e-01 5.504321529756740494e-01 5.509494257222081748e-01 5.644167945884016602e-01 5.187252080202231497e-01 5.453607227717308659e-01 6.051346751415725977e-01 5.734591632941558048e-01 6.055577088319961110e-01 5.955717714068250457e-01 5.779000613441928058e-01 5.551102937631917644e-01 6.194141246768332110e-01 5.686123661486797154e-01 6.081729830191604513e-01 5.496989308117389283e-01 5.895050991403352203e-01 5.749102847146336792e-01 5.780064977844329155e-01 5.399885054321535982e-01 5.663861721460006216e-01 5.627542218023171561e-01 5.837612236616837036e-01 6.040172003831077996e-01 5.815601361875717412e-01 5.707807379148667204e-01 5.328517739499749606e-01 5.879901889407580517e-01 5.902135363841611859e-01 5.948840615772496010e-01 6.017318390555013163e-01 6.004375591569375281e-01 6.037072966522312178e-01 6.091661461470846417e-01 5.950155498616922500e-01 5.947706172945684822e-01 5.977993225271712729e-01 6.073623574532011071e-01 5.962067639130191887e-01 5.974389077265861436e-01 5.947168316660519372e-01 6.121040155012800188e-01 5.903373818414924257e-01 5.836404575447136089e-01 5.927351352925974703e-01 5.925430115595557989e-01 6.110179514269696854e-01 5.854387994697262121e-01 5.802499688491175034e-01 5.997659669099378865e-01 6.024638083804322308e-01 5.812711168640654069e-01 5.859378346863547415e-01 5.842646193802089050e-01 5.875343352822898213e-01 5.864595213475063407e-01 5.831560458167867056e-01 5.869683710150623845e-01 6.015948192178517395e-01 5.943671599073284684e-01 5.949352455393345229e-01 5.924827789208801931e-01 5.753242393032260704e-01 5.995701294383150026e-01 5.887517126632744180e-01 5.962766354122177592e-01 5.957555132241226792e-01 5.882879286487664450e-01 5.860715780052302426e-01 5.780493492021130386e-01 5.884536075311332937e-01 5.786338884104427205e-01 5.830667103619221470e-01 5.881082862298007141e-01 5.702318318289639754e-01 5.800323319478730699e-01 5.833571038887382931e-01 5.974956448108360574e-01 6.124296536501994126e-01 5.949676100291607650e-01 5.894508008654365527e-01 5.859775909368400981e-01 5.958649495269524587e-01 5.974892224649027694e-01 5.873290836469657883e-01 6.062136216118012566e-01 5.995694821906490946e-01 5.933962389192803943e-01 5.803242206895871114e-01 5.892889731299368883e-01 5.903786600449639765e-01 5.768927878610845550e-01 5.878296271824559049e-01 5.865603340355537432e-01 5.889458025254361573e-01 5.925127017105109584e-01 5.978882954356269375e-01
8.443241489071161288e-02 9.566030708062780996e-02 1.895257311349040630e-01 4.168960484488636320e-01 1.000000000000000000e+00 3.283553988362984954e-01 5.130257296112058496e-01 4.945338331976068535e-01 4.890608762120426944e-01 4.186494198358963748e-01 4.498523536890007279e-01 5.091384604901736388e-01 5.062082668073363267e-01 4.208069640677085110e-01 5.091586973228957591e-01 5.298026977940886173e-01 4.499724133309020990e-01 4.625171947147808105e-01 4.514131180591670067e-01 4.519771399280975710e-01 4.583226465041062014e-01 4.649377371437871109e-01 4.682591177098059387e-01 4.419869866235062728e-01 4.555152082579959627e-01 4.994353549397003711e-01 4.830007981119763816e-01 4.961800349186937242e-01 4.831391348402994668e-01 5.032563985868272471e-01 4.973330357861930895e-01 5.105778027600106350e-01 4.620008056394279139e-01 5.075072376038981536e-01 4.629455395829848441e-01 4.964163911361896275e-01 4.933028010706769773e-01 4.781385539522822747e-01 4.909792675179539545e-01 4.803466139951979574e-01 4.866868696063497146e-01 4.846889581490878007e-01 5.116871467970453002e-01 5.070320462727371247e-01 4.920125369535485182e-01 4.893729969574224237e-01 4.964123769481882387e-01 5.007795025818382317e-01 5.014963570892053690e-01 4.989796798905888342e-01 4.883296240667939214e-01 5.064242708390455094e-01 5.103773899796540947e-01 5.042873800552524211e-01 5.068611718354301132e-01 5.035705130590275580e-01 5.087625421332350184e-01 4.929605901082842467e-01 4.942230928417162272e-01 5.046388008982289897e-01 5.143707693473413833e-01 5.059705192463980206e-01 5.041481133872405263e-01 5.120683675744919228e-01 5.021441089805662727e-01 5.124251604434932883e-01 4.946675639895972143e-01 4.943250454209744404e-01 5.135837354719812176e-01 5.230066437128485513e-01 4.980295061353479102e-01 4.993662701112190350e-01 4.972468636330246716e-01 5.030847342334153760e-01 5.019196916255219687e-01 4.984486515784307126e-01 4.934521422329922746e-01 4.940937962156016772e-01 5.014305554263210896e-01 5.042398012734400359e-01 4.995476969264325828e-01 4.941198965207769800e-01 5.067347351849997850e-01 4.956433905450342570e-01 4.998688200901336698e-01 5.049123371624127943e-01 4.988389852699856575e-01 4.876903606375592726e-01 4.956008968940458503e-01 4.967384270365008958e-01 4.912065055034905980e-01 4.972719824890402540e-01 4.964608744739932300e-01 4.925936627077372454e-01 4.916630288603445198e-01 4.950151338455689998e-01 5.061917878271331439e-01 5.109263577198278616e-01 5.006945209255329043e-01 4.963719619086821022e-01 5.019830624685583942e-01 5.003599124299852319e-01 5.075214745521187121e-01 5.032381509158811994e-01 5.127088418109848611e-01 5.032892566861791872e-01 5.024120423148185077e-01 4.934193947925966106e-01 4.999962883663838231e-01 4.992598815939929824e-01 4.852700058559488716e-01 4.982895507117575673e-01 4.985879824810216521e-01 5.030550800585575910e-01 4.995377996829705181e-01 5.053612256974859829e-01
4.698322340133139624e-02 1.006753048831779407e-01 2.106651200032769178e-01 3.827028487978532678e-01 3.283553988362984954e-01 1.000000000000000000e+00 5.343785630581124879e-01 4.797049072275909598e-01 5.123239395184590039e-01 4.670112724024891304e-01 5.341020960607499868e-01 5.594097858054495331e-01 5.184275299385421309e-01 4.963054259661578982e-01 5.631378801800229761e-01 5.692922828431714599e-01 5.042220881764613027e-01 4.567379648707486917e-01 4.846702105155695772e-01 4.138760123079766040e-01 4.788453885300150703e-01 4.928090743415882713e-01 4.933752042467314247e-01 4.590945906200560866e-01 4.786750193728751546e-01 5.411670748044935531e-01 5.537304619049542298e-01 5.466009316946671692e-01 5.352757601228044226e-01 5.627724123623903951e-01 5.656482517008166733e-01 5.620340558300872535e-01 5.284403841405970192e-01 5.551176633243968261e-01 5.374004566245605963e-01 5.300635423506194766e-01 5.565483679915630422e-01 5.654491454518313365e-01 5.580927739983745361e-01 5.339528103197289655e-01 5.667221830287465512e-01 5.661617720898125539e-01 5.575862660821366834e-01 5.746808903644192723e-01 5.647311687514288137e-01 5.606075159545527153e-01 5.806712837126802862e-01 5.802335901586742617e-01 5.841351183137946101e-01 5.562417010815806639e-01 5.716707692040513544e-01 5.465225842499108477e-01 5.723724332401781689e-01 5.734271062252326301e-01 5.693886750530204877e-01 5.710414871063063114e-01 5.517008094950830444e-01 5.705203334893708123e-01 5.762597032575151879e-01 5.742849131367084858e-01 5.798412345308483484e-01 5.726463779296324663e-01 5.689492879613452514e-01 5.729832093380710090e-01 5.691963828269175352e-01 5.744396748010417442e-01 5.788281223719696778e-01 5.738850482055752877e-01 5.844136551141944080e-01 5.790207766647110788e-01 5.747331839222804550e-01 5.755783956729020323e-01 5.711037639286463685e-01 5.735033608911611624e-01 5.829441762174900621e-01 5.828099456190957151e-01 5.819761533660963160e-01 5.797114186841555439e-01 5.793870635142930325e-01 5.830099200545043603e-01 5.806150831846220717e-01 5.841575584334814941e-01 5.812385171647472815e-01 5.836242877987389832e-01 5.825962710523138188e-01 5.885834908777205499e-01 5.818223437180597424e-01 5.826139636783639331e-01 5.808165036369949963e-01 5.760711588892698520e-01 5.776607741317562050e-01 5.820974734720270050e-01 5.800053680566673586e-01 5.794890741262768152e-01 5.808869049097294956e-01 5.835429241450077464e-01 5.710996270533831298e-01 5.790102686692883971e-01 5.848311982855264324e-01 5.815584733339516088e-01 5.788181510373725525e-01 5.834550775128189981e-01 5.857900817964752926e-01 5.814775432929615295e-01 5.827944194979558512e-01 5.705274863511345940e-01 5.847831982348439261e-01 5.834606510440042415e-01 5.803020016294379024e-01 5.802604797631524258e-01 5.777200212542208391e-01 5.789370432322562543e-01 5.789659940340211586e-01 5.810997968180241502e-01 5.801656574173850167e-01 5.805183489316833034e-01
9.011573819698925902e-02 1.681506970542719637e-01 3.312583646992309783e-01 5.844615959033936381e-01 5.130257296112058496e-01 5.343785630581124879e-01 1.000000000000000000e+00 7.472224194410185261e-01 7.477174399876075350e-01 6.868676091541220385e-01 7.558808807611758773e-01 8.099048237258800187e-01 7.590830992300285907e-01 6.968763436089292496e-01 8.410247739422915814e-01 8.280905344185032213e-01 7.362723079058970388e-01 6.990546893989221244e-01 7.212236684061328340e-01 6.708160559026482561e-01 7.035606715581621540e-01 7.332736213724622143e-01 7.751067477226887270e-01 6.858449092001001057e-01 7.226561189013366304e-01 8.221188830054315666e-01 8.033971965351242028e-01 8.268048798489262552e-01 8.006641287779878713e-01 8.365294193250321086e-01 8.401999109573939917e-01 8.283525566730814971e-01 7.846777110618587958e-01 8.172490518869530707e-01 7.913244509433740026e-01 7.823099773323801687e-01 8.118451408438261963e-01 8.268383930445240004e-01 8.220924742447967004e-01 8.015579374669050683e-01 8.209348106233557152e-01 8.224947396259542076e-01 8.252985420902549940e-01 8.351291373397747853e-01 8.202700340102451193e-01 8.269730878269461183e-01 8.203355393597140388e-01 8.259354429820950916e-01 8.306546500302682823e-01 8.172803884992326795e-01 8.305863808590785435e-01 7.909053119773001850e-01 8.196426420009944591e-01 8.268079117419692148e-01 8.300747433208366388e-01 8.326212811249797952e-01 8.063398695906858205e-01 8.227394703671294662e-01 8.326973638732734218e-01 8.160582236932409916e-01 8.299732931868027963e-01 8.280201817974405243e-01 8.277250627557020124e-01 8.234061525502446299e-01 8.085619189955941533e-01 8.224185305923294997e-01 8.205867289143466969e-01 8.209437565976340778e-01 8.370302117496126737e-01 8.347579068154065141e-01 8.157333719246987469e-01 8.238205678625168948e-01 8.154154434803460028e-01 8.162915622807122018e-01 8.270966068948627514e-01 8.290996604040694606e-01 8.313939198496198557e-01 8.300054045800462355e-01 8.311621264766376749e-01 8.350447183847895527e-01 8.311888377849105947e-01 8.296712966723484017e-01 8.308425423271549315e-01 8.290503547969263476e-01 8.263298216678958141e-01 8.296912481358280633e-01 8.288184894509383893e-01 8.289316908726576116e-01 8.280387020087551786e-01 8.277961032561808041e-01 8.264849860419681837e-01 8.301531645709999685e-01 8.286094472155677293e-01 8.294626145211688728e-01 8.193170762218521253e-01 8.230244586129371598e-01 8.190075721508495166e-01 8.261571162709496763e-01 8.275119864414517412e-01 8.276564514120030580e-01 8.260662150092120681e-01 8.287173651601151825e-01 8.242292491099943996e-01 8.290905852258415587e-01 8.299957104077682057e-01 8.180122163807295177e-01 8.255806484258236821e-01 8.261251460051928230e-01 8.313371062898542441e-01 8.257022560700257863e-01 8.216210660166272106e-01 8.199417159125607091e-01 8.268201422335682560e-01 8.244836403690745108e-01 8.238992585691995441e-01 8.220543537165364567e-01
9.002558105083550977e-02 1.624182419614516593e-01 3.240515858538253746e-01 5.684511478644737048e-01 4.945338331976068535e-01 4.797049072275909598e-01 7.472224194410185261e-01 1.000000000000000000e+00 7.161194133493902214e-01 6.426054809849410798e-01 7.111857172297981755e-01 7.818791138634214599e-01 7.176208739711303908e-01 6.605520214531123147e-01 7.842332447654725147e-01 8.065435957073342488e-01 6.973061923079981739e-01 7.276713647223821413e-01 7.238009882024828423e-01 6.761282182348236081e-01 7.368323348940926110e-01 7.432370417256163320e-01 7.414099645097561586e-01 7.126551889188766920e-01 7.278410946985433005e-01 7.871582957108166356e-01 7.357361341763163365e-01 7.573237941485035929e-01 7.496949550971423459e-01 7.902934055610455477e-01 7.791601299529558045e-01 8.043314127093253996e-01 7.286116697495279571e-01 7.943064750783835892e-01 7.372572753680670665e-01 7.611880484126759550e-01 7.532635443860008495e-01 7.997256014161309157e-01 7.793742580213532944e-01 7.511992013113225619e-01 7.731140969821751474e-01 7.668867156245029459e-01 8.000079909263677624e-01 7.909383901222505342e-01 7.695085839112605353e-01 7.823980874597570301e-01 7.716975613950245450e-01 7.724351043386935567e-01 7.876624569772665563e-01 8.049884081410346726e-01 8.057245413815108392e-01 7.725208077162087905e-01 7.796967864025289296e-01 7.781906149800482675e-01 7.921709462998771656e-01 7.906083152195964026e-01 7.736293213073045516e-01 7.809865057347870065e-01 7.968667276805879718e-01 7.688885613684944831e-01 7.981134755546015480e-01 7.871269799713522808e-01 7.910408963608278610e-01 7.825251986656543979e-01 7.698707076987119091e-01 7.775038002813571270e-01 7.719848387316307070e-01 7.827032582880752987e-01 7.983489447344259693e-01 8.055919080016452627e-01 7.882834961482546587e-01 7.849893122510743781e-01 7.852874991048884867e-01 7.929069651332094626e-01 7.742788805632014881e-01 7.658968498654616930e-01 7.650338488172494511e-01 7.732562263124773683e-01 7.801278373031819147e-01 7.824545035958142547e-01 7.766044362693893532e-01 7.751173189932722973e-01 7.908664643032455865e-01 7.762513951317324690e-01 7.922002056255867952e-01 7.945900302438022589e-01 7.759774904183891486e-01 7.855972341471484377e-01 7.811116986051510613e-01 7.811180724457328362e-01 7.659127752123473520e-01 7.766971231792466623e-01 7.761737753035050646e-01 7.773779644167839731e-01 7.681116128304230628e-01 7.699645669480950083e-01 7.919077919056560777e-01 7.949889606464969338e-01 7.908191166945665040e-01 7.923016962886025860e-01 7.883658895022622737e-01 7.895160741904512225e-01 7.797574274334434508e-01 7.868991816362504998e-01 7.915798194599523718e-01 7.767041450306639838e-01 7.797315787520738839e-01 7.722380089378169110e-01 7.820851839331605104e-01 7.789101146446180124e-01 7.732407019477554044e-01 7.701213379866880260e-01 7.810546465001225735e-01 7.827542675659463489e-01 7.757341535334710825e-01 7.742215799068177251e-01
1.730421366318819487e-01 2.137437696156084255e-01 3.382754591696167101e-01 5.784160679453947962e-01 4.890608762120426944e-01 5.123239395184590039e-01 7.477174399876075350e-01 7.161194133493902214e-01 1.000000000000000000e+00 7.385392594383174414e-01 7.727953081482311637e-01 8.332622280266847037e-01 7.754284343427080284e-01 7.190729164185538647e-01 8.347060598531956810e-01 8.358511725976387474e-01 8.181224495107435324e-01 6.756134847267526444e-01 7.059809971522766903e-01 6.355849585816080172e-01 6.947650742715916206e-01 7.330260966630159913e-01 7.443695973772761487e-01 6.724460678148577175e-01 6.925415153444763883e-01 8.176198856408677385e-01 7.915579901297877807e-01 7.976953868751706089e-01 7.973727832288327599e-01 8.355085093619990522e-01 8.327454282202655378e-01 8.361077027352505908e-01 7.676049911416739091e-01 8.181540530688898860e-01 7.931348273915775904e-01 8.169925415475070007e-01 8.141021800424719235e-01 7.968937936186211157e-01 8.214816348524364154e-01 7.787614396785194071e-01 8.236463136435235866e-01 8.104473033290106043e-01 8.229914639812598853e-01 8.371486282094791065e-01 8.344156339023814928e-01 8.089423632892107641e-01 8.476052849364317243e-01 8.560400916513934977e-01 8.569505507968253610e-01 8.049503138190087226e-01 8.217298539688555614e-01 8.025574739171712491e-01 8.546367845447615519e-01 8.642112121886414977e-01 8.425117449144430282e-01 8.387863487599939161e-01 8.694241963237653303e-01 8.375649754926250967e-01 8.403661389363258349e-01 8.691134541313092488e-01 8.647501355399489498e-01 8.650649525221350000e-01 8.519826158932324311e-01 8.737812114893602766e-01 8.703968319508641471e-01 8.797952101900889943e-01 8.531983572972055008e-01 8.319249683453009414e-01 8.558611556651380958e-01 8.458133937060668961e-01 8.260516065246805706e-01 8.397366665205672209e-01 8.282775659781256294e-01 8.244091502516299741e-01 8.468568127656812550e-01 8.415493371324742622e-01 8.350755323741986258e-01 8.451337414023840644e-01 8.412824491660684245e-01 8.507740649163826330e-01 8.463280247849560567e-01 8.450524764176969850e-01 8.592674969757465586e-01 8.408565193169021956e-01 8.327638244710441340e-01 8.472342878901683028e-01 8.447092289065175619e-01 8.298729118058142395e-01 8.426638146683321784e-01 8.408144289859604825e-01 8.321823771210383747e-01 8.352303050558067543e-01 8.437139940676607885e-01 8.400871464629156016e-01 8.440389404487238512e-01 8.515239261310220131e-01 8.226918981762714189e-01 8.566397620084840181e-01 8.446486106823495321e-01 8.293852824089701370e-01 8.369573280467033083e-01 8.455578501748493014e-01 8.484178561621029679e-01 8.457180706377193102e-01 8.553871953839530251e-01 8.624011050516465771e-01 8.579400166958998097e-01 8.426901741825075787e-01 8.458170529622174305e-01 8.514390241404062865e-01 8.316252135602615336e-01 8.596738256758006402e-01 8.543399595353422527e-01 8.591585034004862731e-01 8.616536298703875163e-01 8.646496311185017936e-01
7.379180267932031190e-02 2.164915262695185916e-01 3.168653053640753670e-01 5.097109710540405070e-01 4.186494198358963748e-01 4.670112724024891304e-01 6.868676091541220385e-01 6.426054809849410798e-01 7.385392594383174414e-01 1.000000000000000000e+00 7.184406171823053411e-01 7.619740102773012724e-01 7.143446893169148604e-01 6.891066464874867625e-01 7.803191076671766035e-01 7.655934706997589156e-01 7.311229545825069787e-01 6.149188936034053476e-01 6.564436550132501935e-01 5.827620720670434462e-01 6.250420471085953444e-01 6.760084311001058888e-01 6.971192728617372492e-01 6.153468138035398383e-01 6.536763175509525681e-01 7.623033775919166866e-01 7.510415531867602468e-01 7.520454758512609139e-01 7.298253809817060178e-01 7.822045429321302645e-01 7.831940099751094619e-01 7.775623271755109922e-01 7.316368993918540564e-01 7.562946759741444591e-01 7.543475239761797679e-01 7.480755640915335292e-01 7.594360458413245141e-01 7.636307313690273713e-01 7.768600747903612325e-01 7.395185428203286948e-01 7.841227006494095875e-01 7.714479368420602556e-01 7.667319885279059166e-01 7.826024653247535268e-01 7.833969035605007347e-01 7.748524542015758909e-01 7.921278308293401293e-01 8.023142645326388767e-01 7.947193994443647602e-01 7.525274702636529645e-01 7.715125557866421291e-01 7.482415824778371194e-01 7.847239549419667837e-01 8.025172757039316096e-01 7.877269501214897440e-01 7.922567830591498161e-01 7.824946686950560171e-01 7.889919301998623569e-01 7.884375056331653919e-01 7.998277884137811045e-01 7.938877404095801005e-01 7.969525878443328715e-01 7.887721109846118628e-01 7.969242287314448614e-01 7.967170592273387086e-01 8.025769692674640243e-01 7.961077335890619500e-01 7.829452590013686875e-01 7.970425300940978675e-01 7.834258289108579909e-01 7.748591529045513182e-01 7.856675748526923408e-01 7.750283334818643954e-01 7.724785722666362986e-01 7.937283642625982960e-01 7.922439117764659144e-01 7.852586927787820192e-01 7.861252827992102343e-01 7.917128932453133539e-01 7.966353368333688456e-01 7.947502730591559095e-01 7.942741989956031423e-01 7.993004868851311118e-01 7.937333123509885402e-01 7.855417945054108397e-01 7.930614292855415748e-01 7.931463370414209013e-01 7.884284005409315510e-01 7.937601525658375401e-01 7.942250027774290233e-01 7.872010924492794937e-01 7.897101369766713619e-01 7.906884762024910529e-01 7.930411801837976560e-01 7.939529399711710012e-01 7.974472480074117353e-01 7.673507907823818863e-01 7.902237325863287198e-01 7.895886119041674034e-01 7.808311916952009879e-01 7.837358300910569620e-01 7.906644712054189394e-01 7.896449077045973874e-01 7.900405845759227441e-01 7.967795618343246344e-01 7.943944908718382214e-01 7.983167124176431262e-01 7.987498508778677619e-01 7.963210670159706073e-01 7.959213913828813158e-01 7.887330314968289402e-01 7.979840583646830021e-01 7.966646268760190219e-01 7.979661120048334721e-01 7.992188853583060970e-01 7.996022875564682275e-01
4.632837792341962246e-02 1.578189555049209769e-01 3.243035214643300024e-01 5.345552708707367318e-01 4.498523536890007279e-01 5.341020960607499868e-01 7.558808807611758773e-01 7.111857172297981755e-01 7.727953081482311637e-01 7.184406171823053411e-01 1.000000000000000000e+00 8.508043873919227673e-01 7.889810731911958142e-01 7.670553335305452247e-01 8.651396972584971534e-01 8.491909086276476781e-01 7.870892911681608428e-01 6.889253851128455119e-01 7.437182238978814475e-01 6.223402590165579840e-01 6.962940704897283561e-01 7.618105810628501562e-01 7.830233847532858116e-01 7.002836255850538594e-01 7.449423524444975797e-01 8.469763557950974464e-01 8.399901575100714446e-01 8.378532601271264646e-01 8.091877196553873830e-01 8.690161562160670927e-01 8.827080458674196883e-01 8.485587059776629193e-01 8.127198785174529760e-01 8.429640878406929883e-01 8.293544273784788645e-01 8.263878098473884659e-01 8.512002147254669193e-01 8.550580031731933595e-01 8.716601841354065794e-01 8.414444084190619844e-01 8.754456544867219581e-01 8.669521178129582228e-01 8.587962396249170238e-01 8.851291198911167557e-01 8.797432101811079042e-01 8.765212321935681450e-01 8.863369138440246875e-01 8.861172797259213585e-01 8.857850662352327875e-01 8.442846041541840485e-01 8.648597494389220763e-01 8.381868170699794396e-01 8.754402467778483743e-01 8.814110885480522795e-01 8.720282132416059540e-01 8.739832321828766570e-01 8.607054686068106308e-01 8.797600036242079202e-01 8.792086502906737433e-01 8.824006000626805069e-01 8.859254243894074676e-01 8.866163441719773219e-01 8.834464957533310070e-01 8.818625752618225455e-01 8.765779631445552722e-01 8.803386686137518735e-01 8.874156942462955167e-01 8.814733187290169081e-01 8.856444001901533358e-01 8.736895853751545094e-01 8.753915603112663035e-01 8.827335766085997459e-01 8.690132458392137993e-01 8.713600844503873732e-01 8.891373207986195126e-01 8.868606197296479143e-01 8.840033706089686083e-01 8.754599877536853869e-01 8.847365686048411781e-01 8.882684673424363631e-01 8.875920253844736818e-01 8.909139703090397377e-01 8.883413922485532410e-01 8.854540119015233968e-01 8.805251954410389104e-01 8.846250797156531842e-01 8.889378544124273418e-01 8.843831883875995503e-01 8.915996927797557037e-01 8.853342415090617035e-01 8.850658054185460699e-01 8.884141500518439871e-01 8.870875883186764010e-01 8.914723933853898608e-01 8.883703407141657626e-01 8.889957998834506769e-01 8.693388997155244713e-01 8.763754589662705596e-01 8.853639165996257665e-01 8.810995153300628102e-01 8.827230210616714423e-01 8.854215194763046526e-01 8.853188436701950881e-01 8.903735981761741192e-01 8.869960007042090311e-01 8.781364680060392836e-01 8.882289769444660088e-01 8.879169049742743347e-01 8.882287138241828917e-01 8.887426413597927510e-01 8.837268246483984679e-01 8.882209139660479646e-01 8.899116183049986528e-01 8.877489731972771914e-01 8.869321943448310597e-01 8.871551676971961564e-01
7.367627496149278810e-02 1.789125795040829303e-01 3.625026572800236213e-01 6.286843657332108481e-01 5.091384604901736388e-01 5.594097858054495331e-01 8.099048237258800187e-01 7.818791138634214599e-01 8.332622280266847037e-01 7.619740102773012724e-01 8.508043873919227673e-01 1.000000000000000000e+00 8.459828864488542211e-01 7.981744415306248897e-01 9.173872860049194777e-01 9.114009205727431340e-01 8.223067579261725824e-01 7.507136624111543366e-01 7.857712078142568002e-01 6.924615590687105415e-01 7.658428112927849751e-01 7.997611543942372281e-01 8.199197454380455774e-01 7.482305349036564301e-01 7.830083752604098946e-01 8.940172560982047045e-01 8.788979467845688953e-01 8.807580987480959633e-01 8.548775106027168835e-01 9.066905869662735817e-01 9.093721767900887487e-01 9.073574860994881863e-01 8.467543544982113479e-01 8.979349328993680990e-01 8.624718095103729443e-01 8.774439194490688543e-01 8.890524668869490554e-01 8.991184263475370253e-01 9.023498084235780370e-01 8.747558533762641586e-01 9.158343070996267654e-01 9.116205996024617786e-01 9.146388860715295444e-01 9.243266819888372732e-01 9.143197984968534087e-01 9.039896478224020981e-01 9.335020510181699649e-01 9.327975181348925338e-01 9.370700396253309750e-01 8.992204035695066100e-01 9.218300256804999870e-01 8.930182486323767765e-01 9.249933995199156600e-01 9.308077265683053492e-01 9.218832113528530048e-01 9.225280269168320002e-01 9.124322519198668768e-01 9.270029237590732274e-01 9.296805741364834175e-01 9.316892593205502449e-01 9.417936613289937808e-01 9.339443238915500212e-01 9.290054544732407882e-01 9.315051601076087540e-01 9.253598519351134977e-01 9.339293779296929943e-01 9.339027546135419966e-01 9.238340840759615702e-01 9.364629299716975552e-01 9.306465635050468199e-01 9.194435077380934684e-01 9.257375608823654733e-01 9.145828760734109331e-01 9.211336652238278910e-01 9.321348786043857082e-01 9.296934275338585296e-01 9.250588614254454667e-01 9.219898104046628795e-01 9.281915929670765397e-01 9.355766810062036143e-01 9.324593212784210161e-01 9.325912636050999183e-01 9.368803486240279144e-01 9.292258583347385859e-01 9.301621945081388620e-01 9.364383509644689241e-01 9.314861294467495778e-01 9.297043696401269264e-01 9.325866688191638554e-01 9.298369629242630996e-01 9.242736730366049036e-01 9.320106585265003352e-01 9.329005223057353913e-01 9.313449319750171096e-01 9.325258861146991096e-01 9.349051282773298555e-01 9.183537832064981865e-01 9.337143470378257426e-01 9.366924294062123346e-01 9.299418773629042345e-01 9.319143023681546456e-01 9.359702522256084789e-01 9.359748184788633241e-01 9.350384600726850959e-01 9.395761068767973789e-01 9.310970590548469650e-01 9.374871502129396017e-01 9.319649119366303358e-01 9.344458201433588629e-01 9.353946499929993719e-01 9.286824079238397145e-01 9.346721692554409433e-01 9.358442899297451101e-01 9.368809261819371903e-01 9.369476556984392968e-01 9.370587611451092203e-01
7.053128530963211074e-02 1.439658762099408906e-01 3.474319003312406617e-01 5.744013833318581952e-01 5.062082668073363267e-01 5.184275299385421309e-01 7.590830992300285907e-01 7.176208739711303908e-01 7.754284343427080284e-01 7.143446893169148604e-01 7.889810731911958142e-01 8.459828864488542211e-01 1.000000000000000000e+00 7.434128413169307503e-01 8.612464722053114752e-01 8.541991431699764714e-01 7.865220666305822173e-01 6.743768376595513647e-01 7.157963054441368600e-01 6.151886842985097026e-01 6.915197148812597394e-01 7.364226079694038418e-01 7.524819520763493808e-01 6.746076233143379897e-01 7.171335186433761555e-01 8.334202712025082782e-01 8.255585331902574042e-01 8.151513817935462924e-01 7.966225436803212601e-01 8.477298735189354728e-01 8.474400201614518124e-01 8.268489474139533169e-01 7.804648167659010705e-01 8.210651432568960573e-01 7.896605145765932532e-01 8.077909026705820672e-01 8.175145630732324475e-01 8.283329154736172040e-01 8.316598152861611748e-01 8.025887223229919432e-01 8.525910240236509452e-01 8.523910728425203587e-01 8.432617603348115942e-01 8.613479837048194643e-01 8.553356191300059974e-01 8.379902530521223802e-01 8.732703682834953574e-01 8.728117626611386903e-01 8.691760124434705359e-01 8.248891543483005684e-01 8.506062597008918758e-01 8.276647019245197967e-01 8.663698699539991166e-01 8.637267308016833844e-01 8.482760601805315881e-01 8.487712654964404413e-01 8.454820405120063720e-01 8.699701615582765557e-01 8.585179122085347947e-01 8.758161320406653294e-01 8.771800941050597045e-01 8.669264272774784841e-01 8.586922763485361765e-01 8.696754490375717683e-01 8.664693908557217217e-01 8.723592790550138698e-01 8.753423782612322901e-01 8.603519771856438236e-01 8.684160036920484105e-01 8.599075188878260168e-01 8.511100230164241331e-01 8.644404451230398578e-01 8.466702070783742595e-01 8.490793213699081576e-01 8.737063729450416094e-01 8.676022114677280905e-01 8.641143819146882565e-01 8.634248649367167738e-01 8.644638857875120985e-01 8.745017866983006982e-01 8.692964610360566224e-01 8.726556961260015788e-01 8.704546896705097625e-01 8.663135924442852964e-01 8.648201583728967190e-01 8.663528558608059038e-01 8.661718774554986178e-01 8.687039776581149120e-01 8.703511945457890198e-01 8.704778714010965590e-01 8.623548450847637881e-01 8.713174411385333773e-01 8.730266245506079770e-01 8.684073487275738579e-01 8.735563875493336239e-01 8.745759914686809244e-01 8.607897172642882122e-01 8.689880146079975720e-01 8.737497992850404849e-01 8.661903152354007984e-01 8.683636842570545689e-01 8.738854771743820304e-01 8.756174447634155200e-01 8.762822488955914757e-01 8.759038888914050247e-01 8.737040732429997014e-01 8.780155781951853866e-01 8.726151965812263267e-01 8.740549305988036810e-01 8.763536443388472152e-01 8.692799056875392116e-01 8.769675791169830870e-01 8.752385119428816029e-01 8.765849138629615567e-01 8.756745602569346865e-01 8.776633204948647293e-01
