1.000000000000000000e+00 -3.217601130660783029e-03 4.108373638048339743e-02 2.202464568526220010e-02 4.564169866574852540e-03 -3.036545676487480833e-02 -7.191467097765920358e-03 1.204515662712889179e-02 1.027512456156508686e-01 1.502782989322289965e-02 2.786112195005615438e-02 6.871938688947948348e-03 2.737477393494051892e-02 4.370809128095131529e-03 1.206049041406340866e-02 1.088453206556870383e-02 7.514181505640700476e-02 2.993943337135056629e-02 -4.656356491422603515e-03 2.488443138515215522e-02 4.554848716564092320e-02 1.639101202802410034e-02 3.459184710613215363e-02 -1.709412075162256364e-02 -1.145300598638991120e-02 3.777779107366492639e-02 2.507133285335295947e-02 1.228102545966638058e-02 3.277806097108029726e-02 3.010508333325335670e-02 2.136850866466913357e-02 6.531532035363412335e-03 -2.162812493374756048e-03 4.806326408774577209e-03 1.910806993402288170e-02 2.223814353564852742e-02 1.795423747538297046e-02 -2.049468476557791616e-02 6.495414497168285409e-03 -6.505900732906792772e-02 3.425008050123996318e-03 -2.230343176688093926e-02 -1.772291318095433124e-02 -3.353186626347288025e-03 -5.088125407532904758e-03 -1.031901020098710889e-02 8.861064825921806734e-03 1.059525398424986803e-02 1.952502393350625393e-02 2.541342460552209817e-02 -1.480955077576572281e-03 4.294495889841960790e-02 1.892783445779998644e-02 2.153383375905718045e-02 1.233518676174361756e-02 -1.059391666948950560e-02 5.023190890103221978e-02 -1.156038433308107134e-02 -8.843194737686087964e-03 1.894412969352514756e-02 1.120372922875803460e-03 1.600252459315054665e-02 2.179076225070290460e-02 3.695567692190546844e-02 5.729252577194849511e-02 4.876969732163958376e-02 1.830216168708326263e-02 7.463267888331723764e-05 1.349316043282065489e-02 1.097551678054873095e-02 3.454891359779212797e-03 6.702370858807820027e-03 -7.529070500536681233e-03 -5.082527868624544783e-04 1.003742897577258007e-02 4.595527962345553365e-03 5.125013388798175390e-03 8.929587070256924525e-03 -4.450113617910521802e-04 1.683198619713768135e-02 1.618084971547716078e-02 7.378585459539292908e-03 2.146965666561901839e-02 6.139252224869292014e-03 1.561326840550276811e-02 4.221318268711908572e-03 -3.195449385906437827e-03 -1.309867046884370884e-03 3.651788513315371324e-04 2.855042201191825696e-03 -1.593147726121581231e-02 -4.307895360738527545e-03 -2.747486917668297518e-04 -4.312584272973297994e-03 5.919886037212185662e-03 6.711021970725346633e-03 4.156914089868696954e-03 6.281517960534008238e-02 9.601650705921595252e-03 4.880134773817020391e-03 -8.209287816728834744e-03 1.649050988347502619e-02 1.258787902793163938e-02 2.966837393439871774e-03 2.815528025895868564e-02 2.900958081443060291e-02 2.349868673962113991e-02 6.415224657702862411e-03 4.587097890739258443e-03 5.563014873264833515e-03 5.849632946059432409e-04 1.178079101950856022e-02 1.128178299107066712e-02 2.128264503264060137e-02 3.405716864461942606e-02 3.356469819255857023e-02
-3.217601130660783029e-03 1.000000000000000000e+00 6.064308003266312419e-02 7.309710777726420583e-02 5.699227305744157535e-02 7.455084201237677233e-02 1.405339099141131587e-01 1.215857660076135743e-01 1.503737706451290512e-01 1.669576310890926729e-01 1.374174062499965154e-01 1.512322343619749432e-01 1.312899110474212427e-01 1.492892634072941205e-01 1.445164108526304225e-01 1.325622979000112833e-01 1.242094832079731620e-01 1.407460442964181546e-01 1.327810909458798649e-01 1.373243815463347228e-01 1.450780306171781942e-01 1.330511604934009051e-01 1.671412369669343090e-01 1.537541428201158189e-01 1.333820793823102258e-01 1.517211166443688253e-01 1.480425973430809505e-01 1.558059042878470468e-01 1.607067060982843854e-01 1.450152263237566852e-01 1.649708108061694600e-01 1.689877168039755628e-01 1.485231051577985961e-01 1.589225459243999994e-01 1.503899019485932798e-01 1.303183229232589280e-01 1.536227778546512268e-01 1.592959444202246277e-01 1.540412314191736964e-01 1.405947186391795500e-01 1.564149097965907842e-01 1.445939591076564612e-01 1.350352553495763885e-01 1.440465268208716287e-01 1.495501492648416419e-01 1.569684171099745007e-01 1.511021878594714929e-01 1.538868557818635630e-01 1.452947252497797104e-01 1.295360820362240761e-01 1.418235466770229602e-01 1.023270415290896684e-01 1.233821910414405892e-01 1.550743557120950467e-01 1.484290853823735656e-01 1.606461668629201867e-01 1.326976116860791033e-01 1.528464071842140504e-01 1.461846834686238994e-01 1.516440888042188684e-01 1.296294639545725325e-01 1.536239090589473777e-01 1.302266626027382690e-01 1.409173283847204583e-01 1.376685190904205214e-01 1.456646458644890729e-01 1.494841928075318904e-01 1.516716253880245890e-01 1.609806644945283027e-01 1.490064754016457438e-01 1.514151890528607214e-01 1.517350531672027047e-01 1.612865179397935111e-01 1.527868484234501112e-01 1.511621331466911911e-01 1.497040859287584735e-01 1.506971591491390594e-01 1.558811189940168540e-01 1.564336721909971029e-01 1.528698697359344438e-01 1.533399595795309767e-01 1.531453576424184337e-01 1.595116764011138832e-01 1.533925849990795398e-01 1.545591186595168809e-01 1.602664796956647653e-01 1.516983726471831939e-01 1.579781844982679484e-01 1.553742641964180882e-01 1.574229508181680948e-01 1.513794798189923574e-01 1.514691536277466832e-01 1.504034054038830837e-01 1.524615579269544552e-01 1.519483395206310539e-01 1.556228803021022788e-01 1.381600208979854028e-01 1.371200867286797576e-01 1.413642818143168722e-01 1.511477513627094427e-01 1.396168756255859733e-01 1.411871862538223721e-01 1.435778809164179048e-01 1.455533589800884486e-01 1.368161130796956559e-01 1.468686450429897705e-01 1.515660737354374565e-01 1.538951939620742948e-01 1.511909549033365885e-01 1.545238652228854426e-01 1.538742016291025638e-01 1.510960818521755455e-01 1.517966748458696169e-01 1.474584053334585809e-01 1.449457596612986621e-01 1.479464944916696889e-01
4.108373638048339743e-02 6.064308003266312419e-02 1.000000000000000000e+00 2.407465462299135661e-01 2.015819866606321786e-01 1.917844800283958484e-01 3.205770785357678343e-01 3.025079091466886250e-01 3.252747305189067628e-01 2.697031034163676622e-01 3.214343960081560425e-01 3.480564303074625832e-01 3.001300537514483557e-01 2.979795318882031974e-01 3.605192630949981547e-01 3.317952026358915729e-01 3.138256576432315592e-01 3.374559522297420622e-01 3.221047197995779987e-01 3.304068579537204897e-01 3.462468619330701936e-01 3.454325201615794927e-01 3.157968080605683125e-01 3.283085495598601633e-01 3.424750768657798816e-01 3.514570147562837144e-01 3.408008841940497469e-01 3.493911718369390185e-01 3.456776320404206237e-01 3.519478525265823388e-01 3.504442368212102310e-01 3.457358445241814349e-01 3.269569795983211513e-01 3.418405523675105973e-01 3.436642932777380643e-01 3.307241381596323637e-01 3.449631860376474735e-01 3.417859985765344111e-01 3.493191351624384544e-01 3.383502472031174602e-01 3.474329435559409540e-01 3.484730281163214149e-01 3.539024365222582236e-01 3.484313399970450642e-01 3.509978752039935035e-01 3.439506433232888960e-01 3.442823188080406660e-01 3.457411531383396963e-01 3.463980779303594826e-01 3.331110167723146387e-01 3.459298645946316531e-01 3.441557717589951437e-01 3.487978297229711311e-01 3.496645624758939475e-01 3.354078410505047514e-01 3.437139406178940093e-01 3.390110636754626317e-01 3.409404739523712036e-01 3.315841121037179096e-01 3.476781901518591900e-01 3.434963004483549409e-01 3.458848649467147762e-01 3.427705242225111415e-01 3.418456936438694083e-01 3.454614702718163954e-01 3.459393800751874304e-01 3.486097059437245349e-01 3.484187284526337747e-01 3.519029621574401023e-01 3.569686039045575354e-01 3.560662013316334695e-01 3.536820208013486955e-01 3.489255916661833101e-01 3.578461559713035922e-01 3.546814027074139952e-01 3.493710645973844287e-01 3.458676894978017224e-01 3.478592392435477243e-01 3.524137970617916560e-01 3.497180516082402102e-01 3.553805514902911300e-01 3.554716798403154687e-01 3.522623820808882256e-01 3.493133721390508373e-01 3.508005064378014737e-01 3.524387529280828546e-01 3.494389567484154635e-01 3.523724720550869272e-01 3.503463553086442750e-01 3.503033755371913749e-01 3.515639958273835686e-01 3.513574482169294355e-01 3.500383980536420081e-01 3.523554898865849938e-01 3.481848005136571889e-01 3.482354992162692287e-01 3.410698346641712342e-01 3.462703143828070873e-01 3.458330247489260767e-01 3.498667549174221403e-01 3.482500977856030633e-01 3.473261095382453312e-01 3.479384115446722547e-01 3.483563952551926302e-01 3.544719816710842908e-01 3.463116019910209564e-01 3.493488806706761540e-01 3.460058183005836896e-01 3.476697098004842834e-01 3.472586914211710507e-01 3.466680751419898843e-01 3.494346662159245609e-01 3.480882445245461754e-01 3.474525344345121280e-01 3.476416652350423631e-01 3.499027669244538230e-01
2.202464568526220010e-02 7.309710777726420583e-02 2.407465462299135661e-01 1.000000000000000000e+00 3.300024630735635123e-01 4.014870106961914709e-01 5.386316017127417144e-01 4.970697722193507806e-01 5.482926521857538482e-01 5.027575117838165575e-01 5.448828009479912415e-01 6.040832336448453965e-01 5.467140668079256693e-01 5.368946615295350222e-01 6.042882774596023410e-01 5.866874382268826293e-01 5.511166763070818320e-01 5.823637385587934201e-01 5.749539959032080594e-01 5.687743793652374480e-01 5.832357780037463746e-01 5.852441359251797648e-01 5.448728487037191037e-01 5.659120242840817161e-01 5.822409496111239369e-01 6.053662486430001488e-01 6.055653653846884144e-01 6.022126661639587430e-01 6.068524802758344938e-01 6.121358277025905625e-01 6.142271022131180480e-01 5.961062305763179525e-01 5.850387722103007615e-01 5.941945076469522524e-01 5.890848469262823794e-01 5.783191553009056074e-01 6.046145927814198240e-01 5.952677375737723819e-01 6.099747552121826955e-01 5.880294277235097455e-01 6.043071364223230324e-01 6.107005454605882733e-01 6.093088779621552709e-01 6.169435330246828553e-01 6.118179083844000887e-01 6.120276308372512020e-01 6.108035832508565965e-01 6.133101862530411230e-01 6.036217044124533304e-01 5.814012860327745225e-01 6.029273041517884124e-01 6.006209808307974019e-01 6.097264048524632107e-01 6.101551033382882627e-01 5.976740157387699925e-01 6.094649854961979862e-01 5.954434111684463460e-01 6.023708552494957402e-01 5.896022400068811065e-01 6.112741748852480450e-01 6.150752021382466239e-01 6.051568495784396262e-01 6.055032658587727878e-01 6.033039190365967475e-01 6.067381352575057507e-01 6.054993077193467910e-01 6.157633878305294184e-01 6.196662137564334927e-01 6.158374240349350215e-01 6.238714678183990836e-01 6.241620403353055346e-01 6.210327433346833903e-01 6.130196427266105808e-01 6.171127988228307659e-01 6.177747105112216808e-01 6.139419319529425545e-01 6.167469020641188626e-01 6.161270777214877814e-01 6.240290327245183732e-01 6.173258766001376019e-01 6.142570771511876027e-01 6.197517520842206196e-01 6.169269248141255879e-01 6.129197569373049381e-01 6.132621255822167106e-01 6.172025356652290906e-01 6.212125307424480880e-01 6.158840991153595734e-01 6.198509946476846721e-01 6.189024278978568772e-01 6.183368915897402562e-01 6.175474603102851789e-01 6.183705272353863247e-01 6.203471267963261981e-01 6.130245085087075996e-01 6.152840602977308615e-01 6.151741146013020023e-01 6.051159673435219100e-01 6.180826419671094918e-01 6.137935265156457820e-01 6.202320252461351879e-01 6.175252701634426078e-01 6.181494125356644664e-01 6.169121331742759562e-01 6.210495845234618173e-01 6.186049253648464585e-01 6.150107419537303999e-01 6.168413576262142817e-01 6.172171506914846395e-01 6.137229938944330776e-01 6.155820224718964173e-01 6.146681285949457951e-01 6.160404250899164103e-01 6.145494034968158603e-01 6.141826556948319915e-01 6.169587458917374923e-01
4.564169866574852540e-03 5.699227305744157535e-02 2.015819866606321786e-01 3.300024630735635123e-01 1.000000000000000000e+00 2.993084994998669313e-01 4.507975634778359497e-01 4.423467547560979152e-01 4.451715938928730854e-01 3.837176809123312715e-01 4.376589632762430404e-01 4.794168280915824254e-01 4.711415480874627804e-01 4.221688975886482287e-01 4.945062302221059913e-01 4.774811905095041609e-01 4.407598091012277508e-01 4.632795719636789711e-01 4.654661306230944429e-01 4.460703611658756174e-01 4.708614782859864567e-01 4.663014902603994094e-01 4.578867849311195615e-01 4.651066661880189912e-01 4.566052361675050353e-01 4.924714834794731710e-01 4.800028709351639167e-01 4.791813016798736058e-01 4.736471953500775434e-01 4.829817258552895343e-01 4.854967174380519501e-01 4.936213717033963166e-01 4.852513047202822172e-01 4.974080432458796719e-01 4.782025254532225600e-01 4.773997413680055590e-01 4.833568047062140605e-01 4.858460485918979499e-01 5.002553823396939103e-01 4.743558568327354563e-01 4.953061620071624316e-01 4.969137774026430865e-01 5.042946940590636862e-01 5.011876506755154059e-01 4.913577422515646442e-01 4.843439614312094466e-01 4.847517736541727129e-01 4.846235444682872595e-01 4.893715384980971694e-01 4.843055205163173671e-01 4.945333763779796166e-01 4.740714410028235570e-01 4.871589107835731514e-01 4.727333755482887034e-01 4.559063181949521426e-01 4.836958177456889274e-01 4.477379698066191738e-01 4.786067056202739645e-01 4.588580390605891401e-01 4.916301421827710683e-01 4.887781161823344656e-01 4.697927792016111659e-01 4.753943065744325458e-01 4.843707732953171918e-01 4.832986597006773688e-01 4.666143406375466984e-01 4.925537705266633814e-01 4.978727840915308511e-01 4.945339611883942110e-01 4.967813668476699362e-01 4.976788811007477054e-01 4.966862104611566298e-01 4.940071453520692435e-01 5.001481167464513211e-01 4.941632517864583685e-01 4.919859406713933958e-01 4.898277412944653797e-01 4.921753393848048441e-01 4.926556610730288832e-01 4.902287199787793703e-01 4.879687920943947543e-01 4.926320970473961336e-01 4.912705870724484725e-01 4.877053159427292561e-01 4.942436951017305513e-01 4.987473376268426462e-01 4.955167432811327655e-01 4.960702512316891855e-01 4.967713167863317958e-01 4.893556154580557815e-01 4.990795398791773030e-01 4.964689658706686326e-01 4.970463704678113048e-01 4.964944834150700204e-01 4.914402841977223990e-01 4.913793956142818442e-01 4.923300463793219284e-01 4.694022905365417553e-01 4.923148533215703782e-01 4.968648736420406831e-01 5.031175055096251958e-01 4.917177311430688813e-01 4.901987036328571690e-01 4.990645742473990842e-01 4.903952428412396425e-01 4.703346538341810490e-01 4.868669694264382564e-01 4.892848115930050201e-01 4.859903924757250637e-01 4.904241492284623916e-01 4.837668048811091248e-01 4.900887640778300303e-01 4.849084442354681390e-01 4.903988086824801473e-01 4.893527200934104648e-01 4.820739084987531453e-01
-3.036545676487480833e-02 7.455084201237677233e-02 1.917844800283958484e-01 4.014870106961914709e-01 2.993084994998669313e-01 1.000000000000000000e+00 4.913229413412524282e-01 4.287148967053028281e-01 4.802039954398750754e-01 4.383078874619397158e-01 4.854824759444191229e-01 5.302670260270923031e-01 4.768252217354911338e-01 4.775429949411000297e-01 5.357190149890075359e-01 5.226233367162670396e-01 4.862125407150353351e-01 4.899349726901479629e-01 5.081632854315515369e-01 4.613598485979241159e-01 4.988630664108461565e-01 5.125664025663903001e-01 4.892490396222184956e-01 4.915138215860358484e-01 5.050371954936800911e-01 5.298643430858366310e-01 5.247813678791370950e-01 5.429236529312687631e-01 5.340370236527338665e-01 5.234219159301770619e-01 5.366496186608485930e-01 5.417509998526190973e-01 5.363985841667316956e-01 5.270877484359103304e-01 5.250312026055458103e-01 5.207320696785525671e-01 5.345912984877468910e-01 5.439602207883349472e-01 5.476202139072945396e-01 5.521331849519525159e-01 5.513805352417312511e-01 5.535057575226357551e-01 5.530185203575358477e-01 5.510353702340026194e-01 5.431377668410093396e-01 5.416236434171014524e-01 5.425280294461203301e-01 5.425720877579179868e-01 5.408319198947770801e-01 5.260599348016656851e-01 5.443618168699874138e-01 5.097339016486640562e-01 5.263377197358866111e-01 5.305759130151338487e-01 5.146455156684649479e-01 5.417417750508328744e-01 5.013286338102508344e-01 5.304330611966349140e-01 5.241178250025653185e-01 5.382349920161277890e-01 5.390050067809183387e-01 5.253318055225707495e-01 5.199997354707887043e-01 5.290910686041223610e-01 5.284174979039021336e-01 5.148626501917642484e-01 5.446290618874144451e-01 5.484710423456468087e-01 5.413152943955136243e-01 5.447914050014334153e-01 5.454287696958199927e-01 5.453595154893436936e-01 5.390487684891879239e-01 5.461900838801139191e-01 5.435441071736812901e-01 5.442813764723433145e-01 5.457096180777265548e-01 5.449990038290039029e-01 5.469244568968369968e-01 5.420092571799447478e-01 5.432089512700343237e-01 5.446750964850549659e-01 5.467629566566682975e-01 5.414537153940169878e-01 5.411740539036855591e-01 5.434490104493949758e-01 5.528003454997650890e-01 5.480173554458799279e-01 5.479872806326331336e-01 5.447862142093302662e-01 5.577786295741932188e-01 5.494515807463428159e-01 5.518723680228021511e-01 5.526947194126727858e-01 5.434994284172762757e-01 5.443503945570333791e-01 5.405883069380303940e-01 5.170899381633643488e-01 5.394667528591856609e-01 5.484910546500512130e-01 5.542200373281829240e-01 5.367550714938050804e-01 5.436236788194905856e-01 5.457150193201878441e-01 5.401096496782992196e-01 5.246427947674113801e-01 5.403183205309002313e-01 5.418686255675266850e-01 5.425385643265079327e-01 5.417136395839861063e-01 5.414389279602352945e-01 5.404229564773634920e-01 5.382805523081597432e-01 5.393175345214514804e-01 5.389319275429669265e-01 5.313995961993821515e-01
-7.191467097765920358e-03 1.405339099141131587e-01 3.205770785357678343e-01 5.386316017127417144e-01 4.507975634778359497e-01 4.913229413412524282e-01 1.000000000000000000e+00 6.944931928914624963e-01 7.161215911489200447e-01 6.653904277897656483e-01 7.414931141710860985e-01 7.953290743655979655e-01 7.292355910745668135e-01 7.270125646155995991e-01 8.237837795219912218e-01 7.932557960311680256e-01 7.290321717756129694e-01 7.657426189759543034e-01 7.744928869046966424e-01 7.289881858758409106e-01 7.751422980960611664e-01 7.842608900267885597e-01 7.481868323228980655e-01 7.712682025057079338e-01 7.768779037321760228e-01 8.077508310352941034e-01 8.031151246156666978e-01 8.162298763466334650e-01 8.101234675224538995e-01 8.175398261189680271e-01 8.301477262297803916e-01 8.233143531919135949e-01 7.981242837895988762e-01 8.117524114475854757e-01 8.024261006947632779e-01 7.799778768625904579e-01 8.171537835216579060e-01 8.210082656564614556e-01 8.335803175551673716e-01 8.130574967520631802e-01 8.332129391435233456e-01 8.373601575077034287e-01 8.320410644531949229e-01 8.352840329834972932e-01 8.309108829740134983e-01 8.327858757169630533e-01 8.277180436401749830e-01 8.291381150251853072e-01 8.257904469130181724e-01 7.958882493218796261e-01 8.239348843023359681e-01 7.831756022189572120e-01 8.164980294445201014e-01 8.188494620942983193e-01 7.969407454615687891e-01 8.289797627675985492e-01 7.829481634253555589e-01 8.178253486577915510e-01 8.053573848837058957e-01 8.277957394120983858e-01 8.259758966934613866e-01 8.155124969343353625e-01 8.056672365825138238e-01 8.174681531297522952e-01 8.071821103898753069e-01 8.016191455154603185e-01 8.326762969006371584e-01 8.386675316612409725e-01 8.321631880307299722e-01 8.361332686412197290e-01 8.375868935383521396e-01 8.390452822362187701e-01 8.311182987766747576e-01 8.386943284763128670e-01 8.348760228942476713e-01 8.349590043620588320e-01 8.377986584411839521e-01 8.356617328602418127e-01 8.379270224225132679e-01 8.361632829069399753e-01 8.292349769397736603e-01 8.377587382395775828e-01 8.345844773626202029e-01 8.321007105371562851e-01 8.309481375448015683e-01 8.350305994201607795e-01 8.416314738948073026e-01 8.379596651339838997e-01 8.393923444585141835e-01 8.354481692440205443e-01 8.448162981282903994e-01 8.402103592716442249e-01 8.407165993275860227e-01 8.419686671604710293e-01 8.326442556589547239e-01 8.340602982729724557e-01 8.230175128961946251e-01 7.954159876528331674e-01 8.269250253449037524e-01 8.352456095303119055e-01 8.385105132120010962e-01 8.230715564298288767e-01 8.293419378561938116e-01 8.341794564326626693e-01 8.264870326024915670e-01 8.127146803012709197e-01 8.270022034913547815e-01 8.332511872379827489e-01 8.330502363552696465e-01 8.302775879543811133e-01 8.302517228463272003e-01 8.301277495899049841e-01 8.278134708579584222e-01 8.281654653034501434e-01 8.261565400056943842e-01 8.205032039731560145e-01
1.204515662712889179e-02 1.215857660076135743e-01 3.025079091466886250e-01 4.970697722193507806e-01 4.423467547560979152e-01 4.287148967053028281e-01 6.944931928914624963e-01 1.000000000000000000e+00 6.952504434737755146e-01 6.288912884199235886e-01 7.036825160312571992e-01 7.536014184261795590e-01 7.074202536579372591e-01 6.862860356552662466e-01 7.791055594859965794e-01 7.819153500850801741e-01 6.959808178918315269e-01 7.022223391868833708e-01 7.238195545311940649e-01 6.744187891410257096e-01 7.117672391606261195e-01 7.280402079560022166e-01 7.027713221031992585e-01 6.909075978685257358e-01 7.113842964472827379e-01 7.604551382683444327e-01 7.517722513574508492e-01 7.574010837885624126e-01 7.621714407154808191e-01 7.761349567092599155e-01 7.787766097389313691e-01 7.681049421266851196e-01 7.332988695045178362e-01 7.614055257529981358e-01 7.562740606973641366e-01 7.180390221495660530e-01 7.673017669819646169e-01 7.729507940478286265e-01 7.847693158425160798e-01 7.345657239832961150e-01 7.761401013720641284e-01 7.895117261253191687e-01 7.719854116654952803e-01 7.929732488141653102e-01 7.731797494771320833e-01 7.837116201889525735e-01 7.868210773726915797e-01 7.908992574208613124e-01 7.783995233844912542e-01 7.561118358834190145e-01 7.872207463381162285e-01 7.534827469611887762e-01 7.766289320447692379e-01 7.900108262747083110e-01 7.753491233335637611e-01 7.842479792030115915e-01 7.645316108497478558e-01 7.905643206995126571e-01 7.761156672154442271e-01 7.909817572984593204e-01 7.879948108121712647e-01 7.842090618277649527e-01 7.841453318330654509e-01 7.809289659200995271e-01 7.789755119420610496e-01 7.852006550467233170e-01 7.927553189733050898e-01 7.952675749410059725e-01 7.939576684396095763e-01 7.953244812609385761e-01 7.910755768039463565e-01 7.935288422354366267e-01 7.834357624195152914e-01 7.837252537729830770e-01 7.909247685220105462e-01 7.895123335879177251e-01 7.888254978333610890e-01 7.931962190815098346e-01 7.848557509483201633e-01 7.932040548639682775e-01 7.885860434886655668e-01 7.934415521212510036e-01 7.881943346196464972e-01 7.904364727379616928e-01 7.846035532789621403e-01 7.871630816902219774e-01 7.900267334000500297e-01 7.926797629767554643e-01 7.936127097992118351e-01 7.939220099293067268e-01 7.868429222166763992e-01 7.945691268680517005e-01 7.912233720246775182e-01 7.964912635604375346e-01 7.923255793159351690e-01 7.945362378663972658e-01 7.758670180979884146e-01 7.745762821182003988e-01 7.861059842025541755e-01 7.900749307849695979e-01 7.901425876550182137e-01 7.909767774720257716e-01 7.894648821458042365e-01 7.934724718300121271e-01 7.915524182719443358e-01 7.819809881795921624e-01 7.876738841384054446e-01 7.954614743603407589e-01 7.950470206306190502e-01 7.962192327404991055e-01 7.935974520833776191e-01 7.941190776557809361e-01 7.915832741015738083e-01 7.933636712894631682e-01 7.929163524448438194e-01 7.918867496484131019e-01
1.027512456156508686e-01 1.503737706451290512e-01 3.252747305189067628e-01 5.482926521857538482e-01 4.451715938928730854e-01 4.802039954398750754e-01 7.161215911489200447e-01 6.952504434737755146e-01 1.000000000000000000e+00 7.076616134374867917e-01 7.644282626218696919e-01 8.246423146521679737e-01 7.517938525688631080e-01 7.351204222114637865e-01 8.343400549564016222e-01 8.182860627037046308e-01 7.706773007103953077e-01 7.549123275157707535e-01 7.563161035541960953e-01 7.288664589377183978e-01 7.699633681032485022e-01 7.672839151375057121e-01 7.696368860072411167e-01 7.321273843933558956e-01 7.392632668426775133e-01 8.331594250626584985e-01 8.121192169674242844e-01 8.187294441095180897e-01 8.320884070302341229e-01 8.509653949414279772e-01 8.556200277859041803e-01 8.268812643883605151e-01 7.981941176988396336e-01 8.176794503689597260e-01 8.310707880576831963e-01 7.830402961967846132e-01 8.415691451213296315e-01 8.226592573150360854e-01 8.430116685356077166e-01 7.712695799450036693e-01 8.409154748202789520e-01 8.314814814390047992e-01 8.245091496751220106e-01 8.485490894931962957e-01 8.329452665300245418e-01 8.380859208222078971e-01 8.531596692499968659e-01 8.588644882474699704e-01 8.480296638615485438e-01 8.210933803232970396e-01 8.410538940020282350e-01 8.213765688992433756e-01 8.456551834036717397e-01 8.583426475579362114e-01 8.332018641715625007e-01 8.366470893002140308e-01 8.358418964499160220e-01 8.434916370618079640e-01 8.251185032565316879e-01 8.638903088458100843e-01 8.483199554296902978e-01 8.532240260845846969e-01 8.451544202457873523e-01 8.546967324589612724e-01 8.641289035750751024e-01 8.568854885167436208e-01 8.620501837120154720e-01 8.544009167596738896e-01 8.583129712195214367e-01 8.563003121148338170e-01 8.485523184518342088e-01 8.521549117338870216e-01 8.420518592606726083e-01 8.396019854867924348e-01 8.591017140929362306e-01 8.593092823811767644e-01 8.532183642202738616e-01 8.572664142527841591e-01 8.540355758727278257e-01 8.621321418117315893e-01 8.576686081552583607e-01 8.607936244159122285e-01 8.574854339309714302e-01 8.576320941217298044e-01 8.542382346486362410e-01 8.546118256933603607e-01 8.531990581343966706e-01 8.553683239863270060e-01 8.553074485808979111e-01 8.536804825764910953e-01 8.459148695958949027e-01 8.549680259585558106e-01 8.546453244552587591e-01 8.555596134729265279e-01 8.601576619043287408e-01 8.608947237321030732e-01 8.398708960012396529e-01 8.535233968978864771e-01 8.532388239524285600e-01 8.550461964500019052e-01 8.499988803404600057e-01 8.569297842696197431e-01 8.581219578544113658e-01 8.579834851596509493e-01 8.598256760499511930e-01 8.556110978582868176e-01 8.607703390891692230e-01 8.589553930886291155e-01 8.582649243608660994e-01 8.587139173912871071e-01 8.530453076637599663e-01 8.621103270739129965e-01 8.583442930130269488e-01 8.622697886188034344e-01 8.654228226508777766e-01 8.654035715623096259e-01
1.502782989322289965e-02 1.669576310890926729e-01 2.697031034163676622e-01 5.027575117838165575e-01 3.837176809123312715e-01 4.383078874619397158e-01 6.653904277897656483e-01 6.288912884199235886e-01 7.076616134374867917e-01 1.000000000000000000e+00 6.972958868487555417e-01 7.514068181777109334e-01 6.759086867848964619e-01 6.902430762977682654e-01 7.728249340379266252e-01 7.530840900651645242e-01 6.918377546019384150e-01 7.054866853878347666e-01 7.119523315594410429e-01 6.736933605678038228e-01 7.143933145074229385e-01 7.228371369701097615e-01 7.083837963421740769e-01 7.004865165738878297e-01 7.037728286921755005e-01 7.562746508443209947e-01 7.567887202932700452e-01 7.618714425271195800e-01 7.676027692420385184e-01 7.867132174783248999e-01 7.887150562387584829e-01 7.714835957169831060e-01 7.485347097984380582e-01 7.614443612876400369e-01 7.607442443701466495e-01 7.174337766193588095e-01 7.709419141048468038e-01 7.772946209319859801e-01 7.838018476399236656e-01 7.443695313835647642e-01 7.848519156908930761e-01 7.792898007487135681e-01 7.665315100387098957e-01 7.903913126622704732e-01 7.786433376105440507e-01 7.834654401529060896e-01 7.884220305927300831e-01 7.947053317485283097e-01 7.820790055371484861e-01 7.500023570286667995e-01 7.806659154510680043e-01 7.235142661436732014e-01 7.622718129418183386e-01 7.868821297104047208e-01 7.665145240393613779e-01 7.837340723880209525e-01 7.497215915316732815e-01 7.825536410520477215e-01 7.723722684989157150e-01 7.907307153708179603e-01 7.776634258271416522e-01 7.835052191196030247e-01 7.688859867868956810e-01 7.766034031587001341e-01 7.675566650005243297e-01 7.687993883171330145e-01 7.930163822747813285e-01 7.914011195084260653e-01 7.904303899159792479e-01 7.873362656849478558e-01 7.883163035142297659e-01 7.919867746744660986e-01 7.855587474313923124e-01 7.856216146673132839e-01 7.919590720996014799e-01 7.904652280852222379e-01 7.911842694836589418e-01 7.944090699481992646e-01 7.942163109927452558e-01 7.952997541250059754e-01 7.901567051844026190e-01 7.945044172908062308e-01 7.906105762369696199e-01 7.929256863069111816e-01 7.878316175448578651e-01 7.935145785342316849e-01 7.936053468524748578e-01 7.972372356589574327e-01 7.953634383865924029e-01 7.924156239662714096e-01 7.912169423546641100e-01 7.949147909706120174e-01 7.918520431784106250e-01 7.963745802817102648e-01 7.939197410479436057e-01 7.955305502020324493e-01 7.727896522171258109e-01 7.637385340833456882e-01 7.847395850058196398e-01 7.927553340946046356e-01 7.875726489561742927e-01 7.840637380360085951e-01 7.843373816931900055e-01 7.894987014840578743e-01 7.800947042504151607e-01 7.776880764396307821e-01 7.887458512563947366e-01 7.945877239592359365e-01 7.929936347904423810e-01 7.933140004989857053e-01 7.921909131894048217e-01 7.924311964997148294e-01 7.906061640563981641e-01 7.879314108819643891e-01 7.871853924005497438e-01 7.825444343537456549e-01
2.786112195005615438e-02 1.374174062499965154e-01 3.214343960081560425e-01 5.448828009479912415e-01 4.376589632762430404e-01 4.854824759444191229e-01 7.414931141710860985e-01 7.036825160312571992e-01 7.644282626218696919e-01 6.972958868487555417e-01 1.000000000000000000e+00 8.330377135318314252e-01 7.509491590062870037e-01 7.485086191348823137e-01 8.456521370524874293e-01 8.292048764574382336e-01 7.647887324076233506e-01 7.671661890493626235e-01 7.820105737211897612e-01 7.242586349096394871e-01 7.753734128904598011e-01 7.850183945741779912e-01 7.660679647815200610e-01 7.588573867486875235e-01 7.647481000012671393e-01 8.390843386111164204e-01 8.259854742055346977e-01 8.309972451101851343e-01 8.427175020367864144e-01 8.551391862375433695e-01 8.711301994577700381e-01 8.357199427886875531e-01 8.145350212400923606e-01 8.287847379047372787e-01 8.347187487720199028e-01 7.842130699485363454e-01 8.491916296269956810e-01 8.445924450854113141e-01 8.609065981481794916e-01 8.064593956996924939e-01 8.592479875342213802e-01 8.514419279029893373e-01 8.359633972537655611e-01 8.630802190103100680e-01 8.468775300863385924e-01 8.599473990084639530e-01 8.664113314154276990e-01 8.685005843394736358e-01 8.573182199993027996e-01 8.229246079091795396e-01 8.528426658704407748e-01 7.983350473381382040e-01 8.431439207603913522e-01 8.639904551027670632e-01 8.408236605489822768e-01 8.563596503954196137e-01 8.286224179843423299e-01 8.589646686702250289e-01 8.488080515958519312e-01 8.657440630697487149e-01 8.572127523852837161e-01 8.617382685163412770e-01 8.489063161542418356e-01 8.567488386885272478e-01 8.517875930598951539e-01 8.487439359858276466e-01 8.703190200692455525e-01 8.691413861426648957e-01 8.659303429828217880e-01 8.674032761147502102e-01 8.629337660267394350e-01 8.665689657266771873e-01 8.590551266568693389e-01 8.572826473479354670e-01 8.719411597639710187e-01 8.690840667002768249e-01 8.687267665626013935e-01 8.707135850068502547e-01 8.689246449019659702e-01 8.718670867492095411e-01 8.704912341269283038e-01 8.728286857332717696e-01 8.645375553387411038e-01 8.701028293337795816e-01 8.637952489811956402e-01 8.656147784929262290e-01 8.686597581788368938e-01 8.702196593452852236e-01 8.708335443871731973e-01 8.694497878014438852e-01 8.667572226196278429e-01 8.708749973043533599e-01 8.696824446893430816e-01 8.728520658676680588e-01 8.706715252236968405e-01 8.718504296301885503e-01 8.528988710841081122e-01 8.426126314861750455e-01 8.647583400143730170e-01 8.673208908140680462e-01 8.660037187083354793e-01 8.649806665764120384e-01 8.639491917406175725e-01 8.703750698526708796e-01 8.623231311814549827e-01 8.580861870683785808e-01 8.685298852602338915e-01 8.721050393824986147e-01 8.699777811335606126e-01 8.688762221673642649e-01 8.694741070767024738e-01 8.713760865636839270e-01 8.701336643117114633e-01 8.696028132455441151e-01 8.658606449181809328e-01 8.649999022825640704e-01
6.871938688947948348e-03 1.512322343619749432e-01 3.480564303074625832e-01 6.040832336448453965e-01 4.794168280915824254e-01 5.302670260270923031e-01 7.953290743655979655e-01 7.536014184261795590e-01 8.246423146521679737e-01 7.514068181777109334e-01 8.330377135318314252e-01 1.000000000000000000e+00 8.158022185273700044e-01 8.124943177577329534e-01 9.138580356254908388e-01 8.993327223898319733e-01 8.176571411209512252e-01 8.398982538766670558e-01 8.445065290419364601e-01 7.965773480483301361e-01 8.501611315797893420e-01 8.586849726141649874e-01 8.288499649404089675e-01 8.214095252881630227e-01 8.414262604267349621e-01 9.012451992849117577e-01 8.932758327342740223e-01 8.961956921287418387e-01 8.999191360511722415e-01 9.176626012520047171e-01 9.281083493140075413e-01 9.029108447275847604e-01 8.768425831266517534e-01 8.928363654871508404e-01 8.964008493803593547e-01 8.611717695710547904e-01 9.108438901814797095e-01 9.155073167855111160e-01 9.266633356248394904e-01 8.832301887656891504e-01 9.242564255308756138e-01 9.252948443861751526e-01 9.176025038197715977e-01 9.353949619469253962e-01 9.215730021856475274e-01 9.297058453008810730e-01 9.324153581280840708e-01 9.359193151894793505e-01 9.235305412289716021e-01 8.930791144399942150e-01 9.262025496546211212e-01 8.844845461851323920e-01 9.191759252025939464e-01 9.311416631991452642e-01 9.099564611476456122e-01 9.268881937577387875e-01 8.990956822847830932e-01 9.299825051054483316e-01 9.129719817693228157e-01 9.357449643598403366e-01 9.339349686092300873e-01 9.288617120883185807e-01 9.215980802206420464e-01 9.268513156112775375e-01 9.199294026784664569e-01 9.188392171663453123e-01 9.369690917047011069e-01 9.396147276592481390e-01 9.336253935342377908e-01 9.371366681953463562e-01 9.366339689819274117e-01 9.389845540482604225e-01 9.241822559492406386e-01 9.303799484478106896e-01 9.387031093054112318e-01 9.369808803107958495e-01 9.351197297719282542e-01 9.358505666452480165e-01 9.356646632908848238e-01 9.391642695792666862e-01 9.348954660447749143e-01 9.408558953914057943e-01 9.332748992414886535e-01 9.363401653974392502e-01 9.299960386983797678e-01 9.337159129253803647e-01 9.386649927894086254e-01 9.395828163091790586e-01 9.401580056928040552e-01 9.368789762251167330e-01 9.362771149004663895e-01 9.412823706789933409e-01 9.391218385997772700e-01 9.421865264716824395e-01 9.386344407826798797e-01 9.408940414375577266e-01 9.233535267592815066e-01 9.113981280092108284e-01 9.329679455383952380e-01 9.364214754003898911e-01 9.377192898925407194e-01 9.338553625456605944e-01 9.345851305252276253e-01 9.403196144262904177e-01 9.348468720961670142e-01 9.257130701027255215e-01 9.345061596332696618e-01 9.396928069437083808e-01 9.397194985364808462e-01 9.386263806432434409e-01 9.379828461332481160e-01 9.388094898237920871e-01 9.379077795090628999e-01 9.365137623814413503e-01 9.347785265108440322e-01 9.333405497778528570e-01
2.737477393494051892e-02 1.312899110474212427e-01 3.001300537514483557e-01 5.467140668079256693e-01 4.711415480874627804e-01 4.768252217354911338e-01 7.292355910745668135e-01 7.074202536579372591e-01 7.517938525688631080e-01 6.759086867848964619e-01 7.509491590062870037e-01 8.158022185273700044e-01 1.000000000000000000e+00 7.363811426599368160e-01 8.390126424383911319e-01 8.235961018300125280e-01 7.535204636799128775e-01 7.628539468076547259e-01 7.724104132815728940e-01 7.345780518358737687e-01 7.688384286900693532e-01 7.709413853314484033e-01 7.635423650075154889e-01 7.638246180492856974e-01 7.555200503122659894e-01 8.337672645004319261e-01 8.107207165769048096e-01 8.100904930127802439e-01 8.073515241040264412e-01 8.317222340883527743e-01 8.446020941069847243e-01 8.323470062116934409e-01 8.082899182233753699e-01 8.252923471875840411e-01 8.158257587363241248e-01 7.916634213197412118e-01 8.279384204439114159e-01 8.305016974289440856e-01 8.477013352876322516e-01 7.930378072889927576e-01 8.475547610631611883e-01 8.461265516168513523e-01 8.403086929485409362e-01 8.544857731687472979e-01 8.391784594952613752e-01 8.364421334714275957e-01 8.490544054770015059e-01 8.503633928924906327e-01 8.486251204409858140e-01 8.251037673929371152e-01 8.434541742633643313e-01 8.091446005677602749e-01 8.406744831972198240e-01 8.388482808142285752e-01 8.115743714600058833e-01 8.347304658404024469e-01 8.005793277079201742e-01 8.360586630916372330e-01 8.154254220868282221e-01 8.553180890864592323e-01 8.548681862519749153e-01 8.312027168474682703e-01 8.326707113006280858e-01 8.448644485142344784e-01 8.394005209373062160e-01 8.261869114587953034e-01 8.550056775754881766e-01 8.572598493289433907e-01 8.563599220888613583e-01 8.546885227664430262e-01 8.523642894906440226e-01 8.548769166395949748e-01 8.461797713893438599e-01 8.488236339485306647e-01 8.574762083856498629e-01 8.546829378147908773e-01 8.507650754198872178e-01 8.515417828632841912e-01 8.515869992562764557e-01 8.544682722592240598e-01 8.516987994234712644e-01 8.573110969857303809e-01 8.528481467460341525e-01 8.518422761523741782e-01 8.564536485492526552e-01 8.570813559319108155e-01 8.567332975633104031e-01 8.564513386774181836e-01 8.580028606409073610e-01 8.519481767858612109e-01 8.555439994278285498e-01 8.587814156550558353e-01 8.590687213030583358e-01 8.579074244597837406e-01 8.570495128058344125e-01 8.571994584853127597e-01 8.526020559167311053e-01 8.361884255059067739e-01 8.580361228361175208e-01 8.602248350563053148e-01 8.625960944938192432e-01 8.562559860372257470e-01 8.573116226985201260e-01 8.629565930828093645e-01 8.557570276463485337e-01 8.395425757083934126e-01 8.559484445923701834e-01 8.551155562663311782e-01 8.525871933310239514e-01 8.577262080621749218e-01 8.498061011357197492e-01 8.551491544489250307e-01 8.508318996534006695e-01 8.563873305477127662e-01 8.540579287664269437e-01 8.496392905169811716e-01
