1.000000000000000000e+00 2.000372770741310480e-01 1.271633067304201170e-01 1.011482558495826328e-01 9.810748221828950733e-02 6.479899330561543491e-02 6.841640052539466055e-02 4.829625705178881845e-02 1.945115445203145776e-01 9.037210490724065237e-02 4.390202390172356917e-02 4.764973540470093805e-02 7.387081315675242399e-02 9.052589254889482559e-03 2.946873333881708940e-02 3.466535973816793625e-02 1.428090538141967014e-01 6.736447645904283799e-02 6.278347983215275263e-02 3.144208787617704809e-02 7.172881792027324677e-02 6.377776344060423486e-02 1.288506927839988547e-01 7.598743013969380677e-02 9.209361168389813834e-02 8.423261017280089802e-02 7.330575402464190038e-02 7.470937173051535318e-02 1.160483108226883914e-01 1.018315239795967997e-01 6.219718872071492571e-02 6.275188940581141739e-02 8.272610820727006875e-02 5.986393759451699020e-02 7.495599397019253596e-02 6.707495468357471680e-02 7.819611492974079536e-02 2.723949783334633432e-02 4.312606923739953357e-02 1.664827624568819553e-02 3.288445114294261118e-02 6.737583604125726121e-03 2.976399312654273363e-02 3.636444346535670086e-02 5.233070018039678167e-02 5.610888794114894142e-03 1.934471489576052375e-02 3.224238752993464907e-02 4.726842459171826105e-02 4.387956045727019194e-02 3.684402750924378050e-02 6.516026949817833869e-02 5.466111331102813803e-02 5.737084829164606353e-02 1.719384890587277379e-02 3.186249334733640831e-02 8.899057877459544408e-02 1.023455966401569904e-02 8.068721445864922293e-03 6.704365706900732025e-02 2.652363052528796880e-02 3.119715018238809756e-02 2.540177751970596268e-02 6.275201909781046028e-02 8.974420954224640590e-02 7.529835427808295734e-02 3.286440247560091371e-02 1.956643457284761370e-02 3.690137725413124292e-02 2.451715746658827966e-02 1.737586843845770335e-02 2.304933424718674448e-02 2.672598107065671247e-02 2.832170568965882568e-02 3.082011257215372044e-02 2.794491316680835363e-02 3.052699522713765018e-02 4.606405030459810590e-02 3.329496160190633519e-02 3.925178243902777836e-02 3.845143395495262406e-02 2.450680159949539597e-02 4.924119436918574649e-02 3.317394445628924632e-02 7.691159847495880261e-03 1.800943167245098661e-02 1.945774060113691570e-02 3.438538538054138234e-03 7.390537253721471758e-03 2.079239803735847061e-02 1.383776509330954772e-02 9.893000681925388437e-03 1.917121523152790982e-02 8.892183875148607780e-03 7.680122777135662410e-03 1.401178308400485330e-02 2.476532172242053558e-03 5.153979770063960020e-02 3.718484218460955688e-03 6.634763019950174444e-03 1.730527181287034146e-03 3.828847933305856450e-03 3.227884992558060356e-02 6.890684197740783168e-03 2.671618416857412040e-02 4.644699924147698694e-02 2.791404613293686776e-02 1.906555640984196678e-02 9.095109972255125894e-03 1.465140208381565667e-02 -3.677001299413834492e-03 2.935313395825321636e-02 6.936503797632255497e-03 2.965277698190042083e-02 5.154602860315765644e-02 3.640012884568661483e-02
2.000372770741310480e-01 1.000000000000000000e+00 9.196410803650487131e-02 6.455459491146588180e-02 1.061227435551240494e-01 9.761770929869646729e-02 1.244600889608249994e-01 1.018192257419416463e-01 2.271069598960273328e-01 2.343055376610612417e-01 1.228243248057194481e-01 1.245311931339036920e-01 1.414705808996416514e-01 1.174687989338937394e-01 1.505357365834623651e-01 1.178024025374054540e-01 1.941300242585094760e-01 1.067934979281951746e-01 1.501373628530185134e-01 5.307416249616036391e-02 3.858239938119573803e-02 1.315313851946428303e-01 2.242536971138537893e-01 1.435708144580595813e-01 1.741711459702642018e-01 1.764210933869905795e-01 1.661368591333174938e-01 1.849311284996771887e-01 1.858682209946241337e-01 2.225020909858315132e-01 1.794646755987535924e-01 1.562379701957658795e-01 1.746218423647462881e-01 1.513371986458158513e-01 1.709176550005139239e-01 1.766284329043972257e-01 1.821603572973904961e-01 1.297600008430625507e-01 1.622285332513423439e-01 1.471227333752091471e-01 1.537981888944036923e-01 1.381354831208237433e-01 1.432749396649878604e-01 1.392732406392716560e-01 1.797598174899354140e-01 1.456107719594982863e-01 1.504091222689803997e-01 1.684932096804874768e-01 1.438272983572367880e-01 1.063678923518698721e-01 1.358893727363515158e-01 1.146802259130165064e-01 1.249105285177605634e-01 1.745230052737732351e-01 1.448613348937646539e-01 1.772796871644568839e-01 1.542584651941596996e-01 1.356042475086630117e-01 1.359821513584447139e-01 1.658426554834712963e-01 1.372359575798338671e-01 1.485986782278291840e-01 1.256368469136222021e-01 1.479065484610185832e-01 1.713297393339382191e-01 1.662956257291308415e-01 1.638971344374082206e-01 1.551204843929022414e-01 1.642701726946409480e-01 1.348443127881730763e-01 1.292949801818797928e-01 1.570337317587034431e-01 1.617075394021680046e-01 1.613574005995165594e-01 1.535324063563690000e-01 1.577094791372624372e-01 1.678446411729024035e-01 1.671300074548922043e-01 1.660217874107447200e-01 1.723283706850262664e-01 1.749107141682242350e-01 1.633910547602482888e-01 1.763116750690748025e-01 1.614757375600868461e-01 1.314096305424292122e-01 1.505869626151587481e-01 1.567018602957179207e-01 1.415153811252234384e-01 1.467782451004546740e-01 1.621343061236779071e-01 1.511532423849110407e-01 1.511493201920475205e-01 1.567565448788210969e-01 1.514382340554240869e-01 1.512985850595756632e-01 1.552280093367982838e-01 1.071579752869486896e-01 1.259891879655670177e-01 1.331536282717298014e-01 1.271693131561974222e-01 1.332140172610012108e-01 1.228542695680071711e-01 1.415492128989317977e-01 1.313266132778611595e-01 1.410405198950507311e-01 1.506738596204570402e-01 1.393702445535343892e-01 1.605613067863229659e-01 1.484936141733005366e-01 1.554241262323658446e-01 1.416849836544270824e-01 1.547705379062720432e-01 1.382084989417644849e-01 1.449564806434251452e-01 1.617927272972294606e-01 1.546642613224847862e-01
1.271633067304201170e-01 9.196410803650487131e-02 1.000000000000000000e+00 3.892313085336241985e-01 2.372460331074416895e-01 2.688680731425229231e-01 3.901800122372502400e-01 3.505567547625931257e-01 3.901170627488235731e-01 2.904255613807198988e-01 3.804312391467857823e-01 4.179440094705337838e-01 3.516426366386494196e-01 3.533646208016913426e-01 4.123080967883270831e-01 3.939927722339033322e-01 3.812488060399905065e-01 3.514190590683280990e-01 3.438803571610777321e-01 2.982832723717296353e-01 4.038037652712082037e-01 3.842846545657267465e-01 3.891275709596060950e-01 3.341642770365545467e-01 3.723439914422699837e-01 4.172571597331283244e-01 4.027429655102754968e-01 4.125014697968353294e-01 3.954489264023109962e-01 3.842008544464781128e-01 3.991819055276453754e-01 4.037701915905010930e-01 4.153953166557118326e-01 3.928144497239485222e-01 4.084109592043655423e-01 3.944031920639903821e-01 4.123554393105407501e-01 4.026039050215423631e-01 4.134290659511157817e-01 4.032793083882282303e-01 4.007450558142260366e-01 3.969244680713783779e-01 4.078994185480150358e-01 4.110147316140317364e-01 4.032447620710486458e-01 3.865389351824073949e-01 3.807732767284594533e-01 3.815826874429975035e-01 3.992603463453179291e-01 4.008174440754965207e-01 4.044381061468693694e-01 3.925699849342430547e-01 4.032071172006219117e-01 3.948839536017859086e-01 3.915642721354589684e-01 4.038861957563117944e-01 4.119644878899060281e-01 3.939465890792168135e-01 3.929145958517877291e-01 3.972415028606421372e-01 4.027851807357520353e-01 3.940722442861651076e-01 3.973244381152215565e-01 4.079861994717406959e-01 3.957295032879783458e-01 3.952992953032740120e-01 3.860380343254315449e-01 3.803251088388324153e-01 3.947185716285731005e-01 3.907900951140102497e-01 3.992836256988865906e-01 3.835108984961397294e-01 3.747716308238276950e-01 3.881121257766254606e-01 4.003276829480357235e-01 3.921501765177268228e-01 3.923081112675937399e-01 3.953121850652561720e-01 3.854364628777844914e-01 3.894706794303164354e-01 3.904076698370648746e-01 3.823718511675199272e-01 3.967971028914119014e-01 3.971029441926758885e-01 3.895352564456052713e-01 3.856610733530813073e-01 3.903094184911626852e-01 3.926488377367091664e-01 3.851735468825268627e-01 3.943831556123588711e-01 3.965124954187873030e-01 3.887261899423069544e-01 3.857970796913593459e-01 3.900110749567575197e-01 3.799634997109739287e-01 3.822140005559369613e-01 4.019290008632965261e-01 4.001349624003049943e-01 3.906802777358479584e-01 3.934024810445167497e-01 3.919774571272798824e-01 3.942397054664296130e-01 3.943657270243669521e-01 3.926739330200644251e-01 3.925842330621570619e-01 4.016298177487906407e-01 3.947608806191397757e-01 3.823537940719857198e-01 3.872776705016223731e-01 3.821449713230224976e-01 3.835178482715748682e-01 3.874605227844823419e-01 3.883767471972259244e-01 3.922670295047668287e-01 3.920672715366220751e-01 3.889034996732371186e-01
1.011482558495826328e-01 6.455459491146588180e-02 3.892313085336241985e-01 1.000000000000000000e+00 3.907273914445679175e-01 4.053128677984819128e-01 5.801372404583153841e-01 5.827709186495603211e-01 5.475078623232633168e-01 4.163648762528074365e-01 5.604108247510324325e-01 6.533654264430043268e-01 5.675221985506174738e-01 5.382339896898915566e-01 6.106044552947107462e-01 6.223077739190356894e-01 5.511209988050366215e-01 5.162628559684986351e-01 5.173487210168908890e-01 4.695579086557798432e-01 6.449239188996342964e-01 5.832288374544826182e-01 5.281386604207880531e-01 4.960192153581420849e-01 5.448760949668136622e-01 5.898942993452664929e-01 5.877434849720464261e-01 5.795918952263040547e-01 5.443425597483957379e-01 5.349163197082099641e-01 5.798661064240930862e-01 5.752266005802054716e-01 5.689307472367644003e-01 5.577202384532782276e-01 5.509272012862144186e-01 5.987386890211698898e-01 5.749315619466378591e-01 5.904246981819298856e-01 5.970425011466332643e-01 5.923256520528943359e-01 5.967193780681931958e-01 5.983530453968143314e-01 6.189909441007840352e-01 6.168841348354212606e-01 5.974363382458692806e-01 5.817480123598693931e-01 5.739964524404530533e-01 5.726096278339898316e-01 5.951505785568096396e-01 6.074991754065350857e-01 6.142135441349836356e-01 6.262308090681748540e-01 6.216931530211042833e-01 5.882376579915501447e-01 5.855761084813139172e-01 5.887222639814768677e-01 6.150955061024417914e-01 5.998822162560653037e-01 5.839358620072436779e-01 6.021570937937256174e-01 6.082936749071434779e-01 5.889052415252908901e-01 6.013706357656194434e-01 6.139833675138313129e-01 5.968023015434819056e-01 6.002094142839017321e-01 5.847475480226541622e-01 5.692856501751752951e-01 5.800969051184883263e-01 6.035221760430127258e-01 6.139930202126657743e-01 5.761299855998367470e-01 5.544524909195888140e-01 5.808154385516234308e-01 5.955443496761279043e-01 5.869017182018958501e-01 5.772386022067338418e-01 5.742203361841931031e-01 5.791633505583421160e-01 5.767650602176488395e-01 5.715294479354067203e-01 5.718610266572421441e-01 5.915471045710862796e-01 5.718321526923306752e-01 5.814325948812582023e-01 5.696641169253610082e-01 5.800650965633795675e-01 5.866003644542657769e-01 5.800538198249943767e-01 5.861696542920692421e-01 5.872555738297202677e-01 5.848338686655999430e-01 5.856361062275269314e-01 5.849775249396361732e-01 5.717808350491667690e-01 5.737233547546530810e-01 6.103052841920293403e-01 6.133927079349039690e-01 5.926612530119473865e-01 5.951058439162502101e-01 5.988143371718668284e-01 6.024677119310787310e-01 6.065440481522607064e-01 5.986779560639802211e-01 6.026830463708197083e-01 6.058609129423561113e-01 5.954454476943855656e-01 5.756141237656581255e-01 5.851119371421026338e-01 5.801028167417593417e-01 5.824250809687858688e-01 5.878249529749139946e-01 5.880746254496539427e-01 5.961029812733946720e-01 5.919344462580856669e-01 5.901363688403755692e-01
9.810748221828950733e-02 1.061227435551240494e-01 2.372460331074416895e-01 3.907273914445679175e-01 1.000000000000000000e+00 3.293876603057746544e-01 4.660583386567117015e-01 4.544561823210180873e-01 4.481840745832445516e-01 3.770005778258570528e-01 4.620622182228726893e-01 4.852440004861279244e-01 4.909278599323879666e-01 4.408650089257367677e-01 4.916654459202233762e-01 4.967880176505028444e-01 4.204858518066574291e-01 4.120495541692673069e-01 4.505032141067366602e-01 3.068346577067760927e-01 4.181663646968937775e-01 4.901029712367560021e-01 4.547267167129152021e-01 4.478509538591483596e-01 4.784025777086038933e-01 4.795500614236765102e-01 4.867496994094085427e-01 4.834158191315422459e-01 4.587524303905686773e-01 4.558485314180219516e-01 4.820747403235715600e-01 4.631991583025040216e-01 4.355620185065703920e-01 4.619968358930260366e-01 4.416383398127832205e-01 4.709344217649123476e-01 4.646847059507129840e-01 4.639821435548439066e-01 4.867415544569753671e-01 4.646326388558488230e-01 4.858594652171794870e-01 4.969289308885646017e-01 5.031232288711164902e-01 5.016040707156803613e-01 4.942525955285838046e-01 4.974174593203287142e-01 4.788329118131838813e-01 4.818706946137856773e-01 4.618746626038743863e-01 4.612307391624304587e-01 4.763403046013444109e-01 4.906321779470323996e-01 4.808675463850657361e-01 4.711358048764788253e-01 4.628075310048622715e-01 4.789137298971167800e-01 4.559322889861883721e-01 4.884196996993989681e-01 4.565136300743835029e-01 4.919150171329035315e-01 4.796374310353818116e-01 4.661851804304351643e-01 4.539999657132810507e-01 4.746077381118761762e-01 4.832339708108999710e-01 4.792311545395105399e-01 4.795376395903855338e-01 4.876133649593170083e-01 4.897839598509458048e-01 4.786766917491359630e-01 5.013955914297537619e-01 4.906924149763248755e-01 4.886891071017309685e-01 4.950818135693085265e-01 4.871593722956622519e-01 4.863973777765046580e-01 4.869727570145226947e-01 4.816629206883099590e-01 4.903568284251514919e-01 4.823299070061005112e-01 4.795759655406365285e-01 4.805014816510245756e-01 4.880026422652296580e-01 4.759124777883748658e-01 4.787200149167663565e-01 4.831133856807733884e-01 4.867447270687422223e-01 4.874239926002362777e-01 4.876416554309963569e-01 4.855337557971540763e-01 4.891491333172370837e-01 4.898352202325547688e-01 4.924132110360409098e-01 4.913951662638582074e-01 4.778501201238482543e-01 4.784941585300570566e-01 4.745008554122119859e-01 4.800449804482905813e-01 4.764468283733198084e-01 4.804746862787413475e-01 4.914054369016502277e-01 4.783404215542393922e-01 4.900288334863853734e-01 4.901197375118647726e-01 4.922302988302766913e-01 4.780167235687847183e-01 4.726787873049404509e-01 4.797017914792963689e-01 4.801167004125934668e-01 4.818937337302918733e-01 4.753187201054668853e-01 4.852408258020589060e-01 4.732577338435325354e-01 4.783202236466312374e-01 4.849959417648558313e-01 4.801858720192162533e-01
6.479899330561543491e-02 9.761770929869646729e-02 2.688680731425229231e-01 4.053128677984819128e-01 3.293876603057746544e-01 1.000000000000000000e+00 5.354872988728029970e-01 4.688480684246946195e-01 5.219501233653276451e-01 4.594305730152840606e-01 5.353944481895288598e-01 5.712616134929128231e-01 5.047184327379921065e-01 5.380964909542782504e-01 5.739523291153599827e-01 5.668209534337470545e-01 5.298794616724575857e-01 4.700297480836506114e-01 5.124632337017059891e-01 3.720491187901148189e-01 4.514947596537050578e-01 5.483905450830454109e-01 5.426141230404329940e-01 4.975229824348718077e-01 5.530906654225155039e-01 5.725343950789626435e-01 5.747163882659926948e-01 5.721760263524153789e-01 5.426560115747064428e-01 5.606835603207520613e-01 5.833011576859569169e-01 5.573103158809251667e-01 5.350478054046067244e-01 5.552557362397646523e-01 5.430123652419349689e-01 5.570628931609956647e-01 5.637177143502446475e-01 5.634872415733307438e-01 5.752510713400892373e-01 5.566526912278479955e-01 5.833563774565390103e-01 5.766633491320525273e-01 5.793445255895408597e-01 5.894419824563510435e-01 5.923527458384456601e-01 5.794416025903237344e-01 5.774535630851471701e-01 5.820627689067651156e-01 5.636884319693429291e-01 5.525064504417679379e-01 5.726928806760401836e-01 5.668527752969985123e-01 5.735229137534626487e-01 5.848275893362977484e-01 5.713416529731371041e-01 5.892956657892388650e-01 5.657296631661080655e-01 5.836919852300221923e-01 5.655272205566350685e-01 5.897574910983309771e-01 5.879004659851607695e-01 5.762028962448803027e-01 5.652191025468923380e-01 5.793487741698389870e-01 5.854235550187733006e-01 5.841731651835142536e-01 5.882916558841716492e-01 5.890852497760384887e-01 5.910793105958618288e-01 5.803429033668602299e-01 5.862260303920114879e-01 5.907431563240375105e-01 5.856712815097363523e-01 5.958784435730046791e-01 5.930612845611685779e-01 5.929198491578032693e-01 5.951298540980465290e-01 5.900857749677069775e-01 5.946604534582696777e-01 5.902017528051378692e-01 5.873053444368153686e-01 5.867907469660980091e-01 5.918609812542080517e-01 5.865885147313523174e-01 5.781719644353527920e-01 5.840325797417829090e-01 5.885038335039746160e-01 5.865268706671273868e-01 5.828371246294772323e-01 5.939788940787320559e-01 5.901140972143837926e-01 5.899371087024282145e-01 5.918882456920744328e-01 5.916826809977752122e-01 5.864196817955980023e-01 5.873511184934153695e-01 5.670169364621236996e-01 5.692783294268317640e-01 5.793974630503716527e-01 5.749422657288861815e-01 5.889855211662665679e-01 5.776226422291322882e-01 5.840577244840414739e-01 5.865899137920171924e-01 5.861688437563656873e-01 5.807356485775205801e-01 5.755216983046484991e-01 5.875656960321355982e-01 5.880413118085018320e-01 5.834640821922925102e-01 5.814297192949628990e-01 5.890117939388918034e-01 5.813127510435416312e-01 5.815160138092575481e-01 5.862882632367200086e-01 5.860684166225431646e-01
6.841640052539466055e-02 1.244600889608249994e-01 3.901800122372502400e-01 5.801372404583153841e-01 4.660583386567117015e-01 5.354872988728029970e-01 1.000000000000000000e+00 7.092313562525304205e-01 7.215334843833186573e-01 6.342894150926950969e-01 7.507391856886828085e-01 8.015722654374478617e-01 7.078379872702948994e-01 7.337738247133890335e-01 8.494431460957910796e-01 7.938069829629026408e-01 7.177322186123591408e-01 6.836920932530643480e-01 7.154328594473711167e-01 5.563178476787513649e-01 6.957738148206311646e-01 7.709782301621704859e-01 7.563120835546428555e-01 6.998245318852586161e-01 7.650793746792813321e-01 8.045296557431832474e-01 7.984674413025623085e-01 8.105895965125176073e-01 7.680363906860112611e-01 7.571961219595243486e-01 8.018067378511988252e-01 8.016412203213747478e-01 7.766263641854437294e-01 7.901788975773598178e-01 7.766802618083695764e-01 7.761266086416366283e-01 8.045291125218183570e-01 8.021654452823469006e-01 8.215305207348163608e-01 7.870548057618586002e-01 8.128755607642527137e-01 8.233379192601804064e-01 8.101168486692761350e-01 8.234935664835851821e-01 8.136960467068856673e-01 8.132437578110063292e-01 7.949675108439703264e-01 7.926620274806287503e-01 7.899571729254619701e-01 7.818353223373674110e-01 8.037289472817371605e-01 7.769076554299796378e-01 7.944990992121736539e-01 7.821764732651614871e-01 7.779249911635858217e-01 8.103539414628465609e-01 7.613246456322284583e-01 7.981873954181260000e-01 7.778824674740214551e-01 7.934076607787559077e-01 7.940002382095445732e-01 7.768905491567834609e-01 7.745697016834602877e-01 7.812929430700424893e-01 7.853695536538164435e-01 7.846660551130973937e-01 7.996376160305540548e-01 8.022781047596191373e-01 8.147404168958206627e-01 8.023877547126077037e-01 8.156838660430927312e-01 8.073265403209693991e-01 7.947736049497919897e-01 8.104020752711803555e-01 8.149210348925367553e-01 8.147859772149447233e-01 8.184757486440099594e-01 8.132920881316350048e-01 8.144723502466848508e-01 8.049967549455330218e-01 8.054617903758293229e-01 8.003284272064759008e-01 8.125196680459421117e-01 8.169963600015908156e-01 8.110060791165565330e-01 8.080760677459377650e-01 8.110898084915184603e-01 8.193850131321549490e-01 8.132051458093005891e-01 8.143333941246370111e-01 8.243831827296739245e-01 8.155949174586372141e-01 8.087888762632274853e-01 8.172355866875403718e-01 7.955116415159207977e-01 7.964477619658060226e-01 7.983046111882776685e-01 7.885778012306631224e-01 7.978764320293408874e-01 8.072880118045383524e-01 8.141625033379024101e-01 8.020469666006352361e-01 8.006400166550723396e-01 8.091138043624912513e-01 8.053073621820127093e-01 7.918066689242033718e-01 7.952427603046359206e-01 7.974397465939543350e-01 8.012654475213373262e-01 8.000993902607017594e-01 8.016385587992072015e-01 7.977876963085087647e-01 7.913671797917274375e-01 7.964723900222038244e-01 7.965476711638780349e-01 7.926899598044527817e-01
4.829625705178881845e-02 1.018192257419416463e-01 3.505567547625931257e-01 5.827709186495603211e-01 4.544561823210180873e-01 4.688480684246946195e-01 7.092313562525304205e-01 1.000000000000000000e+00 6.755395831643814519e-01 5.718458830372316060e-01 7.044416119231572404e-01 7.614783141979220016e-01 6.764492652182423349e-01 6.822812173376867628e-01 7.655823448653223950e-01 7.946934699863530405e-01 6.612403720058602774e-01 6.485657362627682554e-01 6.538481508237286022e-01 5.628539832788377328e-01 7.019403996787308975e-01 7.182994134651889961e-01 6.831731071005329170e-01 6.527529754542460427e-01 6.929463015550155758e-01 7.317205498219984117e-01 7.096664340126944692e-01 7.017444917773195678e-01 6.552977085070090801e-01 6.704753619638459394e-01 7.222691134524953371e-01 7.437540726871247898e-01 6.930108589479783143e-01 7.270387074807270755e-01 7.031368264462410922e-01 7.284907044635525741e-01 7.086717268526929736e-01 7.574269734711258639e-01 7.476672649657635228e-01 7.285737005596009119e-01 7.455057850024191524e-01 7.567386706807900376e-01 7.624963831005935333e-01 7.755977628297824333e-01 7.493724477202308165e-01 7.426763168658552239e-01 7.480640937733400442e-01 7.373266538564064998e-01 7.575829587999769466e-01 7.577594218484632327e-01 7.709181509441072055e-01 7.247853070961295385e-01 7.479999184502809095e-01 7.374387685803925896e-01 7.443886156204511106e-01 7.552546497038424844e-01 7.433023748045373136e-01 7.543632948972986974e-01 7.553727364351399132e-01 7.464642906029720359e-01 7.635865103511738639e-01 7.438134483752961712e-01 7.585999517861394814e-01 7.601032412929047410e-01 7.388969680547877728e-01 7.399998521152394426e-01 7.443270519436575583e-01 7.440313985816452425e-01 7.546508381454646308e-01 7.601131850142843760e-01 7.709158122428104720e-01 7.495461378665414509e-01 7.343495345288756360e-01 7.500774780026149280e-01 7.563451649196745175e-01 7.456038362294776789e-01 7.454481176848780644e-01 7.334979140904099859e-01 7.445258613872772768e-01 7.468505992430269913e-01 7.386309449987211728e-01 7.398335103213425912e-01 7.554569693702005706e-01 7.509572613165084176e-01 7.601630241656207598e-01 7.511140891905888628e-01 7.447433536707879220e-01 7.637823677531646593e-01 7.540906852633723068e-01 7.506767517185015670e-01 7.534887690620323264e-01 7.540338415238835301e-01 7.515213989909164116e-01 7.544684172459734661e-01 7.432940053394970770e-01 7.440789199278136090e-01 7.731396633412376262e-01 7.591800326974768032e-01 7.610413926444371535e-01 7.688056241677211355e-01 7.658850649030398694e-01 7.691832988733802168e-01 7.537691089768812081e-01 7.656448378717704006e-01 7.557894570441306969e-01 7.548163042404910650e-01 7.608201759352397620e-01 7.437715394579302863e-01 7.521061802469946045e-01 7.469744489393896902e-01 7.535470957968244399e-01 7.477355702503675206e-01 7.525023517402787965e-01 7.579735106708535008e-01 7.455111861728864753e-01 7.439558732252113948e-01
1.945115445203145776e-01 2.271069598960273328e-01 3.901170627488235731e-01 5.475078623232633168e-01 4.481840745832445516e-01 5.219501233653276451e-01 7.215334843833186573e-01 6.755395831643814519e-01 1.000000000000000000e+00 7.278632234863117167e-01 7.825072974760285405e-01 8.269691087664541307e-01 7.505654251387711140e-01 7.524935130209793321e-01 8.334415536552137738e-01 8.126456634481136199e-01 8.044093289924024726e-01 6.395027374887247706e-01 6.950200331933714670e-01 5.242713694274898639e-01 6.622836990513328859e-01 7.554109984243028153e-01 7.657623711318781723e-01 6.814504319824454814e-01 7.542724285071280566e-01 8.125568998900370987e-01 8.134670498844075448e-01 8.043504232229254924e-01 7.794827533584748336e-01 8.170803975969821442e-01 8.519036187197458476e-01 8.111655629914017451e-01 7.696415288811808697e-01 7.911458054293037945e-01 8.032497544968693060e-01 8.116121529279650693e-01 8.275971692650809786e-01 8.114943573566966162e-01 8.378255487933552459e-01 7.760221757397532949e-01 8.392786879013863777e-01 8.199740469860364867e-01 8.178458811658955163e-01 8.502957956359368241e-01 8.518146283518854833e-01 8.254150882836344127e-01 8.514186341767279176e-01 8.610395832544771588e-01 8.451410528250523635e-01 8.039498919217146211e-01 8.380165410177480290e-01 8.135581425820535006e-01 8.419474537032640704e-01 8.638834891414984840e-01 8.349390881340762460e-01 8.527479368497856704e-01 8.527106290762561658e-01 8.414514517408042682e-01 8.285216178496597195e-01 8.742984940914350078e-01 8.510899705633467871e-01 8.504157847181663676e-01 8.289869948407802003e-01 8.588658857310699224e-01 8.757741596853754196e-01 8.703174539013388555e-01 8.591125667197505589e-01 8.392984254673869771e-01 8.491816889132813850e-01 8.296546918803319182e-01 8.362197582586531341e-01 8.455493091569070696e-01 8.248067421689285750e-01 8.367378962316674995e-01 8.533622412509088706e-01 8.519123458647294145e-01 8.510033628938026284e-01 8.495078864353827752e-01 8.468985911125457289e-01 8.577755334882468663e-01 8.569528230143284020e-01 8.534972083563281409e-01 8.643987058444466687e-01 8.521682341852464537e-01 8.287331658676948543e-01 8.390097059040473315e-01 8.452148266690725498e-01 8.413721457359734091e-01 8.483058909497407374e-01 8.549129234332993876e-01 8.411898087465123908e-01 8.468697106897628002e-01 8.538706232360000481e-01 8.489595015965235580e-01 8.494948967080517832e-01 8.546860920194406797e-01 8.269456352807913468e-01 8.518190823311191373e-01 8.444740443794251927e-01 8.376090522442958264e-01 8.381136514631646328e-01 8.439033516926124356e-01 8.554899603802360586e-01 8.484715599157117705e-01 8.515724489810778675e-01 8.640830922665035940e-01 8.548651511025466831e-01 8.563229034441867116e-01 8.521753045226343470e-01 8.525694159990703236e-01 8.437050692157221921e-01 8.632797871593755890e-01 8.510877974450382633e-01 8.591829818970300181e-01 8.677700616414563140e-01 8.633304991490660107e-01
9.037210490724065237e-02 2.343055376610612417e-01 2.904255613807198988e-01 4.163648762528074365e-01 3.770005778258570528e-01 4.594305730152840606e-01 6.342894150926950969e-01 5.718458830372316060e-01 7.278632234863117167e-01 1.000000000000000000e+00 7.108771835597427202e-01 7.204844368174533331e-01 6.729354006981067560e-01 6.933739308654760514e-01 7.530413401144597785e-01 7.127033564546034761e-01 7.031275370798587554e-01 5.765862816689178993e-01 6.504672165151164087e-01 4.410986541830642094e-01 5.033354924297452904e-01 6.766935253510099058e-01 6.942118593931059234e-01 6.258128871861849962e-01 6.905664692709366781e-01 7.378128589116960123e-01 7.434419350282959194e-01 7.427035054551837101e-01 7.000630946458585857e-01 7.559796467175531332e-01 7.891029426209038578e-01 7.434588620671155335e-01 6.952466956893375016e-01 7.263778900633133251e-01 7.304055890803491380e-01 7.312810343049246375e-01 7.507471862442747224e-01 7.446538570662990519e-01 7.587574341984725246e-01 7.300192153065889755e-01 7.893492810766720158e-01 7.726673115400946035e-01 7.498088378292661060e-01 7.754903412563719511e-01 7.851596818309998227e-01 7.766997071245843598e-01 7.939720091426328841e-01 8.042765479029270193e-01 7.625075569317694146e-01 7.152456406063860683e-01 7.603737398452306007e-01 7.215081921561927736e-01 7.457248507059776044e-01 7.861028902240233540e-01 7.647371745161108958e-01 7.914433505173590344e-01 7.351253873331363708e-01 7.777501140728012574e-01 7.648158617675520077e-01 7.873143574977843340e-01 7.726509750299759283e-01 7.677371378834131344e-01 7.402121038491569216e-01 7.592721043364033529e-01 7.818682151729506868e-01 7.751499543086234345e-01 7.992386334799538306e-01 7.878334694023272355e-01 7.881091105600761537e-01 7.562856102945094694e-01 7.642579408033911559e-01 7.910983620575110509e-01 7.749913532555671170e-01 7.812410985020279419e-01 7.898678863108515857e-01 7.928357201166037482e-01 7.942574214044315628e-01 7.850443890449736450e-01 7.924239542090747435e-01 7.968109611701758022e-01 7.997655534288502510e-01 7.999668515228638421e-01 7.963151677615681878e-01 7.860016476104688676e-01 7.728154683923708079e-01 7.866803892523587249e-01 7.916747950045666116e-01 7.878403906845449223e-01 7.921260029522598778e-01 7.978454524500064871e-01 7.877488621152403114e-01 7.945658441587604148e-01 7.959675995933038761e-01 7.951938942633638430e-01 7.958735782280499382e-01 7.988494882421817156e-01 7.534184848090710318e-01 7.589607894334758909e-01 7.807202209920628411e-01 7.757031019219630119e-01 7.815079381490379618e-01 7.732718705919273683e-01 7.827486926387167143e-01 7.834554565776746804e-01 7.853425675854915911e-01 7.767077940433746441e-01 7.806286920124371198e-01 7.998964637435845848e-01 7.934895808267736772e-01 7.941403840522134328e-01 7.878297658344776133e-01 7.943981330350646797e-01 7.837237006318765742e-01 7.831591552446250937e-01 7.933583614768298098e-01 7.885260241341628396e-01
4.390202390172356917e-02 1.228243248057194481e-01 3.804312391467857823e-01 5.604108247510324325e-01 4.620622182228726893e-01 5.353944481895288598e-01 7.507391856886828085e-01 7.044416119231572404e-01 7.825072974760285405e-01 7.108771835597427202e-01 1.000000000000000000e+00 8.699891763785098098e-01 7.660434666521939162e-01 7.834157663793470672e-01 8.675884045903026198e-01 8.461701703311511613e-01 7.840027832315009659e-01 6.724300910635273576e-01 7.255601394623395484e-01 5.686127431406338140e-01 6.917498042307687056e-01 7.884088599907685957e-01 7.570900262812508830e-01 7.058893933473192606e-01 7.787910607604870972e-01 8.427924168831383289e-01 8.455538505487248946e-01 8.394165825012050997e-01 7.875535862848391799e-01 8.277201942061211959e-01 8.871093288261637788e-01 8.500811512161504657e-01 7.989095541136398415e-01 8.256617870455098540e-01 8.213200918949977725e-01 8.335003091849535473e-01 8.521765039527988694e-01 8.600660220927739408e-01 8.716138411478415726e-01 8.375291687477670610e-01 8.870533079676568011e-01 8.757766749277625662e-01 8.680444896633999763e-01 8.934813725887752467e-01 8.824726196789369759e-01 8.792447102981424401e-01 8.908040706427252653e-01 8.919508645788523094e-01 8.775444274280004286e-01 8.559759713872745479e-01 8.810360780350069421e-01 8.554669243618776564e-01 8.771832222028044246e-01 8.807684873566847816e-01 8.750586880708168813e-01 8.866621994197332324e-01 8.621555944360383972e-01 8.867721750635012556e-01 8.776777335781711376e-01 8.923957941306753794e-01 8.913508993156081806e-01 8.795495039888714395e-01 8.699325209797510450e-01 8.836338649730438588e-01 8.799210532112139438e-01 8.857613799463224247e-01 8.915029191680433618e-01 8.806162677898705660e-01 8.850082221254510495e-01 8.750084259781033547e-01 8.849849626293998517e-01 8.871262112229414409e-01 8.623954165936120742e-01 8.781299488664868758e-01 8.975294198811084589e-01 8.966828305279800349e-01 8.921672813120714585e-01 8.839499985106294977e-01 8.871492972650332209e-01 8.908324998385345195e-01 8.900230021269444070e-01 8.940089227981867781e-01 8.952206410643467338e-01 8.852366220271689068e-01 8.832439586569976742e-01 8.819232249779681565e-01 8.915564371872291005e-01 8.918226361985792661e-01 8.928337680779385721e-01 8.948831514293665856e-01 8.915238335566335603e-01 8.942642382811983870e-01 8.940011714716852298e-01 8.946562469956627073e-01 8.934843927659117391e-01 8.946710556185146768e-01 8.855977023367982426e-01 8.873666529888732946e-01 8.934559475188453836e-01 8.910669502170339706e-01 8.940381402299186764e-01 8.955404261247238429e-01 8.950636022738134301e-01 8.977127732774170532e-01 8.956795420595724533e-01 8.915481957238555744e-01 8.948337998690908401e-01 8.946684428557862834e-01 8.958716774855965959e-01 8.915287567640268751e-01 8.927656310717875243e-01 8.963664614147400789e-01 8.932609336952992418e-01 8.945069497764324140e-01 8.930782625496047622e-01 8.946700434536042357e-01
4.764973540470093805e-02 1.245311931339036920e-01 4.179440094705337838e-01 6.533654264430043268e-01 4.852440004861279244e-01 5.712616134929128231e-01 8.015722654374478617e-01 7.614783141979220016e-01 8.269691087664541307e-01 7.204844368174533331e-01 8.699891763785098098e-01 1.000000000000000000e+00 8.009480296735216331e-01 8.306950015355254457e-01 9.150918600927148150e-01 9.005592440690433076e-01 8.142323284409179740e-01 6.971260927010267672e-01 7.441087985667743654e-01 6.158924516077260991e-01 7.653454193531306071e-01 8.216632503081677807e-01 7.799917822307078641e-01 7.148760555263103944e-01 7.988336735029597513e-01 8.759594727474492304e-01 8.844618585496987206e-01 8.665990783899948369e-01 8.112032344986503940e-01 8.423528437966981697e-01 9.048217909705287276e-01 8.798748883393481268e-01 8.379293329658593636e-01 8.526970009130221406e-01 8.557545306235359028e-01 8.705927243759589151e-01 8.795374277417193909e-01 9.014307031516998192e-01 9.065802771111824976e-01 8.760986435354903845e-01 9.141645405809852853e-01 9.098257631733069895e-01 9.044995993555495772e-01 9.318081351923435118e-01 9.166673859904501676e-01 9.064566525571017275e-01 9.213786765497539166e-01 9.196916703987034758e-01 9.213270784229152799e-01 9.002792110248216684e-01 9.260294290361098524e-01 8.934014856643127667e-01 9.204231036717481773e-01 9.182097922268180890e-01 9.156465207191341049e-01 9.206063832731656849e-01 9.112966206142405490e-01 9.246631747684387337e-01 9.175695399564242072e-01 9.288021123913323684e-01 9.327803145094337722e-01 9.229758317594072281e-01 9.175464772378140177e-01 9.259935836293178291e-01 9.184478776021419710e-01 9.249541614945797630e-01 9.208506085476306779e-01 9.034888092485970912e-01 9.135423931849647738e-01 9.125386535379391706e-01 9.212713705521946572e-01 9.142608721517679893e-01 8.816446116486591489e-01 9.029486275365748993e-01 9.281503549509700912e-01 9.245059567145669233e-01 9.187770761719155077e-01 9.098351545876649515e-01 9.126207520246047977e-01 9.179650606945020108e-01 9.161562385895198890e-01 9.210223301560230835e-01 9.234507833463727611e-01 9.182741716744019511e-01 9.126799105226339748e-01 9.078194858220628438e-01 9.177929048631356945e-01 9.232774209694895040e-01 9.228658927783209842e-01 9.238687204873421432e-01 9.214064461129530814e-01 9.242887968852793179e-01 9.243990412940706891e-01 9.255928586152052384e-01 9.222888371838600108e-01 9.243372657484392185e-01 9.229915971510492811e-01 9.243316472033317188e-01 9.278374113937875034e-01 9.254553388984807505e-01 9.263145603733003997e-01 9.320035944573065168e-01 9.309963396568824434e-01 9.325408118009214098e-01 9.275198211203957710e-01 9.272697513548906478e-01 9.302975714420870235e-01 9.232344457616898925e-01 9.261545550868565124e-01 9.242437012400211982e-01 9.248083227544702245e-01 9.292630890630969587e-01 9.283998463576450533e-01 9.291499695142952930e-01 9.259513976269156954e-01 9.278582962795313138e-01
7.387081315675242399e-02 1.414705808996416514e-01 3.516426366386494196e-01 5.675221985506174738e-01 4.909278599323879666e-01 5.047184327379921065e-01 7.078379872702948994e-01 6.764492652182423349e-01 7.505654251387711140e-01 6.729354006981067560e-01 7.660434666521939162e-01 8.009480296735216331e-01 1.000000000000000000e+00 7.322927587592071852e-01 8.171479352115719186e-01 8.044629188264492692e-01 7.472464137606166235e-01 6.582415089792854612e-01 6.926844306943072960e-01 5.360974353332844666e-01 6.505604695668351090e-01 7.436505514129476690e-01 7.240142397863739143e-01 6.890858780151616347e-01 7.404499181111319217e-01 7.921895901815884100e-01 7.874918535471298053e-01 7.778218569341901478e-01 7.286347345380026486e-01 7.617384402460853909e-01 8.188512128050162708e-01 7.896808166195274925e-01 7.262885216612535721e-01 7.692118951202840949e-01 7.507946234754568904e-01 7.653700925465618532e-01 7.790105134803702036e-01 7.887169643293568955e-01 8.069672071972967542e-01 7.628028521606000645e-01 8.257024496750325904e-01 8.199161040558075042e-01 8.121963384457662194e-01 8.326536400302853025e-01 8.268422855777420866e-01 8.194767944290515249e-01 8.345058333868389244e-01 8.307592248296601367e-01 8.074237630834835144e-01 7.798628672554288599e-01 8.174513227778079649e-01 8.049245343790734086e-01 8.219895281023412714e-01 8.191546629235479937e-01 8.025194028089657206e-01 8.214835874452570685e-01 7.843736435451659217e-01 8.265901458536617508e-01 8.023358175270901560e-01 8.395516921323780135e-01 8.264854548985383076e-01 8.071280274855067161e-01 7.925308050615476052e-01 8.159597641319562555e-01 8.290701407273443069e-01 8.219874877058206408e-01 8.364285330438410160e-01 8.312419173857863441e-01 8.329527620776722152e-01 8.202672927294016869e-01 8.295104254955153467e-01 8.351288929414032447e-01 8.166826167731235930e-01 8.280350987123676898e-01 8.374948073903102364e-01 8.339285365507255188e-01 8.327595694752020217e-01 8.201861012664625195e-01 8.317728988485287855e-01 8.285357220695547253e-01 8.274834027406681169e-01 8.343006859586554746e-01 8.325436360835098970e-01 8.223604107451921719e-01 8.206247415483146623e-01 8.266635494908205484e-01 8.255651159796373317e-01 8.335858404786666842e-01 8.322461216291791031e-01 8.334752910585815355e-01 8.281198819431931923e-01 8.361719190966601101e-01 8.381470959058665571e-01 8.400395287451679627e-01 8.346203097779610891e-01 8.341232460640877200e-01 8.179119968148608200e-01 8.222927039811362970e-01 8.301955088190698939e-01 8.312158064551696812e-01 8.341346907903420815e-01 8.292327579801238580e-01 8.406411593793590153e-01 8.383712678826811260e-01 8.389704298662860049e-01 8.238742732123892631e-01 8.284915792225479025e-01 8.347358827759278066e-01 8.340563465298717061e-01 8.327424634910611800e-01 8.290404794785883880e-01 8.390759964576953722e-01 8.258992028103198102e-01 8.320818553058174638e-01 8.363589414843554115e-01 8.337352358902812011e-01
