1.000000000000000000e+00 1.799633338233941060e-01 3.153764897374160547e-01 2.024079169007355905e-01 7.994807313715339425e-02 5.905524750260185418e-02 1.127570872124586815e-01 1.304723191082998376e-02 2.702602035058073171e-01 2.320073946455152025e-01 2.028302840968659315e-01 1.033269006611995805e-01 6.048802341760214918e-02 5.923954142775390841e-02 -1.755728813968667878e-03 9.307748511077540421e-02 2.618624121989041598e-01 4.067641895020294718e-01 3.134870423545864648e-01 3.251802528938808612e-01 3.573366201949557674e-01 3.337361775287982502e-01 3.633230260010189006e-01 3.566949448567858783e-01 3.211723198332985252e-01 2.877385059943277090e-01 3.219952605713623517e-01 2.800378685908502252e-01 3.087964115926454811e-01 2.991923735258558703e-01 2.543684421740133317e-01 2.525482420470658851e-01 2.414613739882924548e-01 1.952200312008270100e-01 2.496139970552699872e-01 1.396548111920795920e-01 2.168179901134920096e-01 1.744545453322386419e-01 1.691985444037374109e-01 1.490913149744991506e-01 1.287623089657345121e-01 1.336534529355450363e-01 1.235259866738435269e-01 1.505094254010684307e-01 1.428799665683331832e-01 1.285027768007626914e-01 2.638687052424858182e-02 8.813783987039730539e-02 8.770594312775858992e-02 1.312120076724719031e-01 1.218635682046514124e-01 7.350819969528336884e-02 8.910685165836838839e-02 1.272211316293105077e-01 1.440168132861048000e-01 1.542215275232388938e-01 9.603037289893832928e-02 7.354429435143050586e-02 1.047592154737141401e-01 7.549868169172328780e-02 4.273275404834438879e-02 7.848510842926133269e-02 6.215657062664791538e-02 7.356000088258536629e-02 1.118723158116745331e-01 8.775310276946000909e-02 1.024889210106081222e-01 1.574901103864721208e-01 1.696821073721448414e-01 1.958072042840844629e-01 1.479036068931793291e-01 1.675215668845181916e-01 1.812854672654900523e-01 1.547518629216919350e-01 1.371199755682005750e-01 1.441839084715011987e-01 1.350488066241677110e-01 1.704184645519420394e-01 1.391998813653936851e-01 1.516289830800341687e-01 1.418547067306749065e-01 1.114443048564293937e-01 1.291372379505548451e-01 1.328813677876602428e-01 9.659621844489019171e-02 1.046185809616925755e-01 9.418735620051517377e-02 9.011708072700358452e-02 9.266145757744713440e-02 1.182559527154845441e-01 9.647532756404932075e-02 7.233695183415192465e-02 6.830313263364624909e-02 8.117562320163798639e-02 2.176482794929555237e-02 4.074060674654198660e-02 7.162201653968008896e-02 6.975658024435194005e-02 3.826347125728685183e-02 7.261887139351359821e-02 4.618722902919555895e-02 6.316444576439875225e-02 5.317630002459907551e-02 5.730333970134036253e-02 6.606431434216966658e-02 6.778034330355785231e-02 4.368360416677716934e-02 6.102081308107563939e-02 9.267756081917796762e-02 6.367712556490305598e-02 6.027842852690377951e-02 5.061742492563300194e-02 4.266617661087602348e-02 5.115299572143545970e-02 7.848753729066482165e-02 5.238976488339948390e-02
1.799633338233941060e-01 1.000000000000000000e+00 9.559711152945984947e-02 3.205767296684808310e-02 6.756589708098162395e-02 6.033955715474776521e-02 1.039639221832854565e-01 4.812234411512976429e-02 1.861118264731642380e-01 2.330765226225118558e-01 1.347292581481911999e-01 1.125980873423794160e-01 1.093350616409108772e-01 9.475207985133857203e-02 1.387523638327518016e-01 1.475669435759004722e-01 1.553437913375844970e-01 1.779999863111068614e-01 1.257905831926559304e-01 1.047068634540700705e-01 1.244024700132209948e-01 1.163752156997953369e-01 2.075886120676147251e-01 1.597785633052109244e-01 1.487800206107090240e-01 1.746245670530948979e-01 1.510462655312324876e-01 1.743503117176071482e-01 1.671424480150602299e-01 1.831444654430687546e-01 1.847936420772945121e-01 1.800235670096916041e-01 1.582986755065108608e-01 1.448056576701766407e-01 1.531702180265873403e-01 1.379424412886491591e-01 1.705727468075454445e-01 1.592257703913869671e-01 1.527572884404016229e-01 1.548637064636584626e-01 1.631719208825403444e-01 1.484273787786753174e-01 1.286937198091478163e-01 1.592245794210573329e-01 1.541089437553105623e-01 1.602515116205045498e-01 1.486743162659125983e-01 1.591119713988297935e-01 1.600869671107530701e-01 1.336805881223148695e-01 1.445416175383346102e-01 1.066986521710783370e-01 1.481667314747867059e-01 1.513331116373410057e-01 1.476925362641877681e-01 1.731177707836369650e-01 1.360751120071785614e-01 1.335053056190958487e-01 1.475989210600505697e-01 1.545233959996470674e-01 1.403461714628636003e-01 1.421987963303039948e-01 1.308410283477430824e-01 1.448427188513312647e-01 1.332487201629864726e-01 1.447652853140964369e-01 1.581398708335989556e-01 1.673169003025237744e-01 1.721347041647105225e-01 1.574353826662536759e-01 1.386478680157695320e-01 1.491735618561046417e-01 1.603049032707751231e-01 1.563208252121445763e-01 1.615780358055586563e-01 1.643913629243315411e-01 1.542650000793103215e-01 1.632873110203182654e-01 1.539787567765290854e-01 1.614807122904408643e-01 1.602246946777426961e-01 1.627268361625230086e-01 1.711126486936320190e-01 1.525527213157197859e-01 1.393471046920165823e-01 1.408755425470334388e-01 1.525311352800464704e-01 1.499699851550910790e-01 1.466029036693795862e-01 1.593668465797721534e-01 1.470546082631896401e-01 1.516768851151897302e-01 1.481290409291960153e-01 1.466040680682182407e-01 1.422138843451075385e-01 1.504698099788564225e-01 1.223967956164283000e-01 1.196611750443817013e-01 1.337429108540113820e-01 1.428185791285462580e-01 1.310127411428964050e-01 1.275248849479197200e-01 1.378061743469027878e-01 1.396238722984446123e-01 1.294694071516372391e-01 1.238011302230916100e-01 1.452458981852337017e-01 1.522836972766433428e-01 1.528536863726067119e-01 1.500220566103940834e-01 1.449193713524752347e-01 1.440601570007203902e-01 1.357113797532285837e-01 1.371365567264156982e-01 1.434566859818285911e-01 1.430939117056691245e-01
3.153764897374160547e-01 9.559711152945984947e-02 1.000000000000000000e+00 4.202240952517680705e-01 1.699005359942240279e-01 2.170984088158813552e-01 2.838347602167018979e-01 2.044731685309485736e-01 4.211652003813376455e-01 3.456543490055890566e-01 4.183221818650711410e-01 3.389626355148329107e-01 2.455084202821444239e-01 2.774045288874620874e-01 2.209425907177389736e-01 2.970204347105029341e-01 4.391655298670474328e-01 5.572629909385365954e-01 5.045311505665199814e-01 4.689891026681816122e-01 5.242052037175988222e-01 5.270487142336200970e-01 5.263724425129061579e-01 5.381879274494669740e-01 5.111216156925355580e-01 4.672246075140749078e-01 5.024892721602823853e-01 4.634808869311945467e-01 4.752587587980145467e-01 4.968942464965655503e-01 4.573335850676030212e-01 4.763339849045649665e-01 4.669355735942146701e-01 4.301047376108735332e-01 4.634084728694450317e-01 3.858675195393025392e-01 4.421311350073677260e-01 3.944552297904874716e-01 4.140626723390518626e-01 3.847449603158075160e-01 3.508247861748783891e-01 3.696752935697587006e-01 3.752833835302349375e-01 3.775655562104394125e-01 3.901084628330725446e-01 3.578277358584534551e-01 2.467049493238935021e-01 3.094256414458585458e-01 3.143702353415569473e-01 3.712116381005999832e-01 3.591886007856496255e-01 3.135478757745124856e-01 3.032211201603530748e-01 3.393280918812853764e-01 3.598191436275390287e-01 3.674551422226364772e-01 3.163339598657305962e-01 2.972433594330323170e-01 3.212122581081509054e-01 2.911527837622031045e-01 2.668459179861416009e-01 2.975759210063455007e-01 2.860153428804355080e-01 2.969327288266604969e-01 3.429876252946664761e-01 3.044564822335975585e-01 3.207503232273760108e-01 3.745225158482968220e-01 3.977632572203056993e-01 4.067127903535746047e-01 3.809632898907143184e-01 4.010072306578158496e-01 4.118820645155010784e-01 3.877043026644359514e-01 3.587138380577567509e-01 3.678764068710643764e-01 3.606016862048271321e-01 3.886989330094217099e-01 3.695578645673068263e-01 3.784395935475921569e-01 3.713527214779601682e-01 3.458125687623879174e-01 3.575063320368284669e-01 3.639439041278103582e-01 3.454225267994422977e-01 3.448758562255329063e-01 3.398479914243496824e-01 3.248070481718807745e-01 3.345755673060674118e-01 3.409425415759922418e-01 3.385407526150353563e-01 3.059580142963942428e-01 3.103363042410678396e-01 3.179443762439723153e-01 2.505364510656780674e-01 2.646154304374130350e-01 3.257491221483938548e-01 3.077049471166366512e-01 2.757778672555417088e-01 3.165459675369711179e-01 2.973954894323779241e-01 3.016410967946069333e-01 2.824957667343233059e-01 2.991232836903308101e-01 3.111475583373699005e-01 2.985126973513332338e-01 2.719010233744896810e-01 2.846503322648945011e-01 3.165248508202799793e-01 2.907967162795878635e-01 2.858839801385487100e-01 2.767033045271880543e-01 2.751138612758184387e-01 2.852975404002296433e-01 3.088511701156069211e-01 2.761686342659314675e-01
2.024079169007355905e-01 3.205767296684808310e-02 4.202240952517680705e-01 1.000000000000000000e+00 3.252813351243646345e-01 3.142638115699417090e-01 5.226364180845584073e-01 4.556671724759094322e-01 4.917235363474557475e-01 3.992181403524318051e-01 5.102857212667298858e-01 5.783135193907384952e-01 4.083963179605394900e-01 4.575054091298669801e-01 4.493323545830439913e-01 4.600949649780310402e-01 4.787208631590554320e-01 5.038198652743030026e-01 4.851048174912484523e-01 5.660804240224828199e-01 4.982830404165122240e-01 5.055317831378114413e-01 5.229778586673627938e-01 5.121780062699249347e-01 4.811090631640458914e-01 5.849463475025995507e-01 5.905963178731012952e-01 4.932974314239415570e-01 4.953479430955088914e-01 4.997033341799406725e-01 5.236798309578402089e-01 5.101375227658297984e-01 4.453498250766250721e-01 4.740274210878558936e-01 4.613985646148574538e-01 5.070465816494957867e-01 4.731252943855994153e-01 4.528115078924585535e-01 5.056835549000668895e-01 4.797827258183716692e-01 5.058492024224551242e-01 4.899317418629219323e-01 5.059205527662521407e-01 5.136494764435600713e-01 5.192885429528700802e-01 4.794516375937862840e-01 3.948058544545064996e-01 4.442720265412543612e-01 4.289835664022826900e-01 4.409783896767031641e-01 4.542796686763476144e-01 4.784932107596143736e-01 4.615773387612550627e-01 4.488268708321191403e-01 4.482432282893829001e-01 4.681843955818399960e-01 4.191126778961398180e-01 4.399299781915244623e-01 4.279986396343252175e-01 4.337528773055215892e-01 3.951632758442633064e-01 4.284143972638068121e-01 4.096695166825023993e-01 4.224557156353055953e-01 4.662286249267312832e-01 4.580152545755640237e-01 4.374760964046093270e-01 4.533848810358181991e-01 4.827112727927640456e-01 5.152782279274048527e-01 4.652699568368266481e-01 4.822540206703079813e-01 4.994801460983694374e-01 4.658019772681800119e-01 4.996167710534624717e-01 4.819932448920605794e-01 4.687333029459316847e-01 4.722026559773118137e-01 4.926930800914433028e-01 4.778669427500344402e-01 4.697223392020315469e-01 4.664232958347672708e-01 4.669079811538236480e-01 4.447911748689688527e-01 4.503267054629941368e-01 4.607185469400782440e-01 4.593564830398995658e-01 4.408825149400149024e-01 4.587391698087232017e-01 4.716139140553719522e-01 4.618066287985486129e-01 4.474267890913534163e-01 4.492268079567673933e-01 4.621323170656025381e-01 3.984638919710355442e-01 4.082525695808799648e-01 4.558174491159897035e-01 4.375539359402004780e-01 4.216783661507649272e-01 4.460137124856705659e-01 4.530655563171387956e-01 4.408248429574035954e-01 4.439189540975305714e-01 4.479619246796814891e-01 4.579355139741264069e-01 4.297535963494893418e-01 4.115118875153211397e-01 4.246723221038241625e-01 4.448350630420495055e-01 4.265398579150397884e-01 4.151611827482208361e-01 4.283178181432971687e-01 4.240030358059244109e-01 4.303131267804748972e-01 4.407971123108450073e-01 4.329520801556431819e-01
7.994807313715339425e-02 6.756589708098162395e-02 1.699005359942240279e-01 3.252813351243646345e-01 1.000000000000000000e+00 2.218959178700635748e-01 4.233718462935404658e-01 4.074816171960300437e-01 3.977305692384309754e-01 3.216887290834841151e-01 3.779806253818800976e-01 4.387938504380061722e-01 3.971376856221235374e-01 3.868414181706610333e-01 4.495288160491230922e-01 4.176800706636064620e-01 3.515120451646836508e-01 2.927264347548619861e-01 3.306747999316697606e-01 3.244893361351862127e-01 2.787536484994556085e-01 3.166980846649998793e-01 3.371972406095428143e-01 3.350533284218812913e-01 3.364600063155794296e-01 4.096995724335751876e-01 3.769863686772184086e-01 3.682375122938211787e-01 3.298661403831139038e-01 3.684338442961299087e-01 3.938639074150627195e-01 3.721538676263549950e-01 3.418481907763930572e-01 3.820807967485101431e-01 3.435195003505349676e-01 4.263242579826722056e-01 3.795283331851670439e-01 3.752249546841821548e-01 4.100318035664046734e-01 3.965751637904155746e-01 4.323172708760976146e-01 4.097778016293854297e-01 4.095949079596020725e-01 4.257343547695255914e-01 4.322425729610729350e-01 4.126209646953888921e-01 4.024265518045670453e-01 4.154133745276371026e-01 4.050921890249934432e-01 3.823537770198213726e-01 3.984170102850615458e-01 4.370278118713366577e-01 4.171617310650783117e-01 4.019424070574989516e-01 3.910367992028707662e-01 4.106872767383936695e-01 3.849136176527989117e-01 4.091810784433052572e-01 3.864930376272540657e-01 4.150352708871519192e-01 4.010066867505578392e-01 4.007133690158090067e-01 3.895222764328893361e-01 4.049687658009569757e-01 4.225946234086340736e-01 4.240717383311313760e-01 4.111678423330074605e-01 4.026704845272066624e-01 4.033996624674852649e-01 4.077737903230636562e-01 3.972712353789679129e-01 4.075688351617077765e-01 4.150246468072240624e-01 4.099450292644293836e-01 4.316276877835557024e-01 4.186911652388179972e-01 4.109509651914983741e-01 3.928129181501737732e-01 4.143751370224766362e-01 4.147247318431484531e-01 4.168998893558561458e-01 4.201336526833848173e-01 4.133331127556108542e-01 3.954855090533436757e-01 3.999703354978243475e-01 4.156428677979698283e-01 4.210764847981153247e-01 4.057197615210386132e-01 4.147319444496564422e-01 4.212126404933269619e-01 4.179103227474288418e-01 4.181019881822904960e-01 4.212330883640248436e-01 4.235351691017499864e-01 4.118618696733087337e-01 4.150929817366909025e-01 4.080257291862384728e-01 4.075494438322395663e-01 4.146361485423301629e-01 4.170792496293297402e-01 4.295142337485864936e-01 4.138135275007683300e-01 4.250607382544639989e-01 4.211695302169239374e-01 4.279824108855288523e-01 3.995884380466594443e-01 4.091055172206021773e-01 4.149401789537892071e-01 4.176582095152960861e-01 4.134003002245575376e-01 4.033642454847357617e-01 4.193399983396384756e-01 4.170416827336358434e-01 4.182145768767466243e-01 4.203366409353127553e-01 4.220513656845417128e-01
5.905524750260185418e-02 6.033955715474776521e-02 2.170984088158813552e-01 3.142638115699417090e-01 2.218959178700635748e-01 1.000000000000000000e+00 4.035482800550223570e-01 3.316439125773716357e-01 4.331717802955621921e-01 3.844784164867334209e-01 4.271468272837117275e-01 4.789065412517560794e-01 3.903107895990297060e-01 4.128197773282940020e-01 4.782319917344203808e-01 4.807780006073022472e-01 4.396849038926178288e-01 3.783813637230514781e-01 4.117846309986973874e-01 3.516131783617913453e-01 3.851904852519258959e-01 4.233717018465204540e-01 4.114527571103533399e-01 4.034536797384249418e-01 4.076233549232273212e-01 4.909541795995129299e-01 4.561137761696691384e-01 4.695090512226054447e-01 4.531108461312481905e-01 4.502281501787033235e-01 4.750560785010284892e-01 4.744552753632066411e-01 4.404528234958431931e-01 4.650165906711954955e-01 4.334754156291074079e-01 4.894620638956333480e-01 4.767938989837417485e-01 4.827053099372155542e-01 4.940996915217650276e-01 5.065420047495534650e-01 5.101450374263561960e-01 5.068966241756432956e-01 5.161883368021296103e-01 5.238155882234730720e-01 5.111477583359952392e-01 5.076943373175527574e-01 4.826938789508048999e-01 4.994309242839087282e-01 4.895532631946502011e-01 4.779246244541548450e-01 4.934125223840035712e-01 4.790847914998286883e-01 4.955198717823978138e-01 4.908011092343479986e-01 4.905267826030905720e-01 4.986074699445567915e-01 4.808307544514944243e-01 4.948754153741352080e-01 4.880720495705997974e-01 5.020842129704750079e-01 4.878520053430117631e-01 4.985748511897361568e-01 4.824005841869182243e-01 4.877551000324401032e-01 4.926130958455319231e-01 4.892623828472440484e-01 4.983113655566340228e-01 4.928091215796661095e-01 4.932477413591618842e-01 4.838287629616198626e-01 4.952403008108067217e-01 4.993347209519988783e-01 4.934332083718407924e-01 4.942832802760609989e-01 5.151731937985674081e-01 5.070539273743972508e-01 5.064757067598992801e-01 4.986199117857136875e-01 5.051004856205909554e-01 4.890108213817145333e-01 4.899727152997457313e-01 4.971760638261104037e-01 4.997279115255421345e-01 4.843123088295980816e-01 4.898533070545026402e-01 4.924664687489280213e-01 5.025215343314540783e-01 4.908367263082071830e-01 4.988682646374122398e-01 5.011551789126715839e-01 5.060247563980183605e-01 5.096267399799428999e-01 5.082112306121707723e-01 5.054048999337520387e-01 4.905631887566572202e-01 4.936562648072304049e-01 4.971757310340321201e-01 4.787733400278090246e-01 4.912401483041209382e-01 4.977493844219421648e-01 5.039731114965486647e-01 4.882754455155527418e-01 4.957158993018177529e-01 5.081781053527681946e-01 5.000418605789708204e-01 4.876462479493869906e-01 4.900739597157633409e-01 4.961612875635851849e-01 5.003933559878875892e-01 5.005136629498586620e-01 4.946423551140419761e-01 4.987653849463263289e-01 4.979554166164132378e-01 4.901201820397218523e-01 4.966408246428515860e-01 4.928643220868461072e-01
1.127570872124586815e-01 1.039639221832854565e-01 2.838347602167018979e-01 5.226364180845584073e-01 4.233718462935404658e-01 4.035482800550223570e-01 1.000000000000000000e+00 6.123487715743052284e-01 5.917566483735526850e-01 5.282871015116425983e-01 5.836737001690570636e-01 6.761211865334098015e-01 5.610222761882540654e-01 5.976256282216038107e-01 7.068840790412167507e-01 6.655444065798982178e-01 5.781259410413283062e-01 4.778116701333920413e-01 5.309540588157235508e-01 5.000703189806866567e-01 4.429991192633909169e-01 5.070321207273730257e-01 5.527672685566391575e-01 5.320126201393824417e-01 5.116509830550044491e-01 6.888947148602913018e-01 6.332939362846129461e-01 5.967005263099729451e-01 5.635349930264618168e-01 5.822566350106429534e-01 6.373771375351522384e-01 6.104926026104553483e-01 5.406014362843186705e-01 6.000899390754338425e-01 5.456577097984178781e-01 6.505630548478358310e-01 6.033687310082997968e-01 5.968233972696124212e-01 6.415053268715379398e-01 6.308086376818162755e-01 6.768064129012473229e-01 6.490285033367231282e-01 6.426336153464479173e-01 6.653234454943660614e-01 6.757087936212279322e-01 6.430060096118247470e-01 5.956133715157584385e-01 6.311348915045096319e-01 6.082550679062966870e-01 5.748060062735330655e-01 6.078702855018260909e-01 6.036569930415514040e-01 6.205756699162747747e-01 6.168496289940514909e-01 6.015287649005934822e-01 6.341382286788123102e-01 5.802474163694923970e-01 6.116328607584169408e-01 5.885797200669208307e-01 6.234963101380949224e-01 5.900513959646072060e-01 6.031588285525538717e-01 5.831155449808219648e-01 6.065040259263508871e-01 6.254866637302971544e-01 6.190528459615748380e-01 6.217824466821839646e-01 6.067347960148556929e-01 6.256284205030534507e-01 6.121778601219765026e-01 5.972285474893803681e-01 6.178236410659216915e-01 6.352078511325386367e-01 6.120377095468743089e-01 6.694190611327237583e-01 6.386085310848864660e-01 6.261932775761205328e-01 6.161202431947646607e-01 6.518516950215984540e-01 6.323860824115934420e-01 6.284729715897094948e-01 6.381465628834690484e-01 6.334860691937982402e-01 6.025958193691878240e-01 6.129788925812913458e-01 6.304312137656576942e-01 6.389822244846156130e-01 6.117698883065254556e-01 6.348215696489922788e-01 6.403273780718478081e-01 6.350259241297420143e-01 6.340509402718983445e-01 6.408964228311601063e-01 6.442387182611581942e-01 6.009014268462921082e-01 6.103158087809122945e-01 6.087478566156409032e-01 5.945381816756214466e-01 6.070529205801880046e-01 6.180215844446619311e-01 6.345570500760577826e-01 6.119294842792619704e-01 6.233399621386904732e-01 6.330785566802710207e-01 6.267721884781162212e-01 5.932562547580323420e-01 6.061603351072358814e-01 6.192452432103154880e-01 6.250162543298495299e-01 6.129528714103308351e-01 5.963843070858637629e-01 6.197201356653977422e-01 6.124354724967360220e-01 6.166496051004840551e-01 6.208122854428763659e-01 6.124204473490594269e-01
1.304723191082998376e-02 4.812234411512976429e-02 2.044731685309485736e-01 4.556671724759094322e-01 4.074816171960300437e-01 3.316439125773716357e-01 6.123487715743052284e-01 1.000000000000000000e+00 5.297274098466139280e-01 4.491580344669704461e-01 5.367736667836024989e-01 6.676389493334897729e-01 5.793802540557834169e-01 5.885896584650660568e-01 6.730202131083834471e-01 6.380135102177764139e-01 4.972145819673166045e-01 3.676972357759556997e-01 4.457452650555971951e-01 4.231911466305618985e-01 3.672878050115789272e-01 4.185852193850698733e-01 4.553455669162421171e-01 4.343889170340554662e-01 4.278260457153604257e-01 5.574557938787620959e-01 5.308949008882826170e-01 5.130830039308532653e-01 4.764886620299533249e-01 4.824566596629293325e-01 5.406285603997947886e-01 5.465564403222459289e-01 4.922636647721289616e-01 5.530328042266519084e-01 5.027673925697749846e-01 5.938583194468622928e-01 5.323749363265323220e-01 5.623360045297597365e-01 5.940972780046585022e-01 5.804030477808500565e-01 6.239931949918605669e-01 6.114177391024278041e-01 6.115105124671235126e-01 6.117233898825598093e-01 6.185736258596726822e-01 6.031123797863962022e-01 6.152438086540634732e-01 6.268359159649617984e-01 6.126998146614783813e-01 5.733443177263751744e-01 5.987421641106306369e-01 6.283622038964330470e-01 6.146268316754893712e-01 6.109900936951420114e-01 5.931839871755049121e-01 6.056740390322427059e-01 5.940646439879974094e-01 6.233180852789410586e-01 5.961067898941758703e-01 6.230149731580841843e-01 6.093305841723315464e-01 6.139926194378051427e-01 6.059955090020018309e-01 6.188713058714874204e-01 6.262241462080745391e-01 6.322310850230741242e-01 6.201492149621211647e-01 5.862134594557468770e-01 5.996920284291763492e-01 5.908022008186479823e-01 5.828250624020242521e-01 5.975163936457995595e-01 6.014994318973041487e-01 5.913933073461681289e-01 6.300369097029878684e-01 6.090045246109416777e-01 6.073325353364205093e-01 5.911058585795075926e-01 6.216895580669868915e-01 6.145076494503539655e-01 6.088032465117787506e-01 6.189504828222377464e-01 6.144548920824169924e-01 5.979877880276907032e-01 6.157045781891015146e-01 6.272005206564130741e-01 6.209844240295271378e-01 6.198896764569803430e-01 6.256082633152214578e-01 6.273246796477085496e-01 6.216315519542592316e-01 6.271286320987840002e-01 6.299344500729038288e-01 6.371532631101773925e-01 6.233179952121398193e-01 6.269860234166857449e-01 6.215393600709923083e-01 6.245564625193998909e-01 6.339436482381407556e-01 6.241891249097559768e-01 6.428445347004869692e-01 6.364597735487683705e-01 6.362610335103829895e-01 6.363009992784399715e-01 6.358229235774176535e-01 6.153662135835487046e-01 6.258093029235703986e-01 6.271750345064539545e-01 6.243895499803846505e-01 6.200162938376712063e-01 6.130494520488410926e-01 6.329720412588371037e-01 6.320225456822031740e-01 6.377340352785428879e-01 6.241109444634829195e-01 6.318715252074349475e-01
2.702602035058073171e-01 1.861118264731642380e-01 4.211652003813376455e-01 4.917235363474557475e-01 3.977305692384309754e-01 4.331717802955621921e-01 5.917566483735526850e-01 5.297274098466139280e-01 1.000000000000000000e+00 7.353496507102297297e-01 7.580782216216791491e-01 7.731782876782870018e-01 6.711472595357388382e-01 7.130848365054169857e-01 7.430432188390089232e-01 7.617452164109199675e-01 7.903257380138336563e-01 7.526340015722211563e-01 7.688614668461286605e-01 6.947986572291491303e-01 7.250366881645912143e-01 7.559722172986299560e-01 7.863796704907332069e-01 7.660012721501415767e-01 7.689282381614711559e-01 8.266738072374854029e-01 8.277344342338915917e-01 8.352789403982155969e-01 8.048291818709898404e-01 8.279631497902696369e-01 8.441155609185424513e-01 8.525026958163277602e-01 8.211802178864500146e-01 8.215189454890825527e-01 8.226952863997477605e-01 8.162843215255154439e-01 8.426295560516089411e-01 8.389671008670296359e-01 8.525581292212166540e-01 8.230249201028406736e-01 8.404812468972574502e-01 8.398624339812190698e-01 8.280255251178550990e-01 8.482030398979675256e-01 8.447191055717323538e-01 8.397629186108231947e-01 7.935577549890182603e-01 8.367452585380261709e-01 8.286072978495740982e-01 8.267784664480202217e-01 8.385517987730273237e-01 7.962473695295206877e-01 8.165646797110757138e-01 8.440885966752801339e-01 8.421956708418110171e-01 8.480890071107599626e-01 8.187912991336944168e-01 8.163322463316562416e-01 8.274657019921726198e-01 8.246963147856938292e-01 8.028648990899925897e-01 8.204764835051546745e-01 8.092267708053794140e-01 8.226941134691430069e-01 8.387128679654112240e-01 8.273296126029835440e-01 8.367874974726733361e-01 8.467722000264266136e-01 8.611635611878463159e-01 8.586998468891013925e-01 8.352605204336087663e-01 8.539683762557310764e-01 8.532934718462895640e-01 8.480761261692155717e-01 8.551836776710183274e-01 8.554999960070176490e-01 8.473922378774686459e-01 8.497654500265129363e-01 8.501973527576076606e-01 8.547578771130941444e-01 8.526797718233519729e-01 8.412712827575731245e-01 8.484953950155758040e-01 8.450575032484670679e-01 8.305957044801478562e-01 8.373070009856666829e-01 8.353585152969855709e-01 8.317340376311814776e-01 8.373894804796747637e-01 8.479755554042764931e-01 8.348392424017530011e-01 8.259651075399229159e-01 8.247506171922803775e-01 8.322362977310748811e-01 7.965408014431376582e-01 8.081083882334332280e-01 8.156329777113053847e-01 8.208389250059654474e-01 8.069183052457710170e-01 8.279044245042240791e-01 8.144247375517102983e-01 8.205702678132107408e-01 8.147398865061203921e-01 8.191156682999334304e-01 8.254450638897993242e-01 8.126980731125744706e-01 8.106450666567731611e-01 8.209612588084689300e-01 8.364697426320126805e-01 8.187408220938759973e-01 8.142956403177462610e-01 8.173070354662809178e-01 8.104143639035168434e-01 8.181153277968874482e-01 8.290485775908943422e-01 8.142262271271146767e-01
2.320073946455152025e-01 2.330765226225118558e-01 3.456543490055890566e-01 3.992181403524318051e-01 3.216887290834841151e-01 3.844784164867334209e-01 5.282871015116425983e-01 4.491580344669704461e-01 7.353496507102297297e-01 1.000000000000000000e+00 6.643670253522784286e-01 6.803112560533053355e-01 6.100136815591649109e-01 6.375762530531148276e-01 6.773456131224853127e-01 7.091566752180259448e-01 7.139667918456948925e-01 6.656803141089673304e-01 6.733640383084359415e-01 5.738870757475816875e-01 6.212675797411660872e-01 6.591714290297753243e-01 7.148976632309037571e-01 6.650924542785308091e-01 6.851449063212109447e-01 7.580422586863022616e-01 7.377630182494894218e-01 7.694084226365018875e-01 7.335326753364890262e-01 7.650985552475717544e-01 7.808417465323779227e-01 7.693575017064109289e-01 7.441469651619267989e-01 7.297037948722751022e-01 7.370539494231476141e-01 7.313591363827056657e-01 7.659795394330402019e-01 7.728198075102493680e-01 7.688863721856714628e-01 7.611970487977266497e-01 7.751488556556567211e-01 7.690670059220332533e-01 7.502167094348352050e-01 7.809201211378213880e-01 7.665611141699789632e-01 7.792082535415705280e-01 7.412350438546225773e-01 7.736989818286551523e-01 7.695403630411985496e-01 7.527716210870099012e-01 7.687379536754046505e-01 7.040477483354504740e-01 7.481726705010446343e-01 7.743301249594073399e-01 7.720438591209012325e-01 7.838036677256537965e-01 7.516466205360683439e-01 7.516492788719629781e-01 7.669289608549617610e-01 7.663269150398529517e-01 7.455020595338476275e-01 7.544938315789412320e-01 7.452647771543954303e-01 7.550493485162228513e-01 7.612890283028075356e-01 7.490471697623035663e-01 7.698442109225019925e-01 7.782001023672026063e-01 7.867455487696204397e-01 7.680462042994476990e-01 7.578897638545448734e-01 7.774562848459397602e-01 7.697589982699278854e-01 7.721470058648601809e-01 7.871950361953907738e-01 7.885291213918657061e-01 7.788079815646615778e-01 7.812308685393010155e-01 7.811223781783995790e-01 7.855020640309726687e-01 7.811783709615400806e-01 7.798906211932190580e-01 7.816168086560546513e-01 7.741741924593437130e-01 7.532235058698866226e-01 7.573624788838052568e-01 7.676865613113207365e-01 7.659725456683024181e-01 7.672035955873459656e-01 7.770072573159616525e-01 7.716954403281373054e-01 7.689945246541391999e-01 7.620602452614290145e-01 7.660791883577221517e-01 7.404384978077319657e-01 7.500428015585549613e-01 7.463471395405869568e-01 7.436756618649467132e-01 7.422645521596610285e-01 7.609697155454103745e-01 7.456547085892055726e-01 7.481468737500240884e-01 7.433147460895881409e-01 7.568355445368645240e-01 7.499450995614963533e-01 7.437957130770952441e-01 7.509594156512060525e-01 7.597393379604365782e-01 7.706738874409720941e-01 7.619221441919500348e-01 7.569869647999104556e-01 7.549457509022469148e-01 7.469523219001905634e-01 7.496978464028634104e-01 7.604049433071283781e-01 7.465699514149820581e-01
2.028302840968659315e-01 1.347292581481911999e-01 4.183221818650711410e-01 5.102857212667298858e-01 3.779806253818800976e-01 4.271468272837117275e-01 5.836737001690570636e-01 5.367736667836024989e-01 7.580782216216791491e-01 6.643670253522784286e-01 1.000000000000000000e+00 7.717909666562698945e-01 6.478239315804340537e-01 6.889739133246584046e-01 7.075576824277689525e-01 7.377165648575016998e-01 7.569433529203070110e-01 7.246466695000416403e-01 7.645334182865128891e-01 6.687581968129513443e-01 7.023593999955940470e-01 7.436652221438166954e-01 7.542860667191922941e-01 7.432912053291820254e-01 7.525989242205383123e-01 8.056496224900853154e-01 8.063562303437055157e-01 8.182496564014535290e-01 7.923938004839081728e-01 8.096498442746332680e-01 8.315238603738199785e-01 8.254326155620180794e-01 8.028434167870961424e-01 8.009849975348899420e-01 7.983559401037809700e-01 7.957914781262342974e-01 8.187992874073012350e-01 8.170146503618078704e-01 8.339450350639261433e-01 8.135584858525218843e-01 8.170271802939426120e-01 8.189714618527883516e-01 8.184483226155212510e-01 8.244921301158474325e-01 8.253078370503016403e-01 8.159489709314847738e-01 7.671534929493855071e-01 8.021719887265683635e-01 7.985937973211548746e-01 8.079662056952804372e-01 8.186133948311362651e-01 7.763636034672873887e-01 7.858472065588536504e-01 8.117103797344217275e-01 8.150364682477720946e-01 8.181942121800600543e-01 7.903668645240252699e-01 7.960280302181655943e-01 8.051298088670431063e-01 7.928706226599981921e-01 7.781670070954590512e-01 7.894993367094231829e-01 7.808488125776316124e-01 7.930579357128225704e-01 8.127049926094449539e-01 7.951870355634889087e-01 8.059702134491133485e-01 8.214342611702867281e-01 8.295046881131951100e-01 8.252741626836959110e-01 8.154747819619944105e-01 8.329693535375969349e-01 8.297653280330570258e-01 8.243768308472115836e-01 8.300799722390913571e-01 8.289627166096020794e-01 8.251022010998612100e-01 8.279565189189335150e-01 8.317956089678897325e-01 8.301346831204607923e-01 8.229012551862157077e-01 8.193396126564508331e-01 8.175944649004605047e-01 8.159534234281217158e-01 8.108790853596739012e-01 8.134582982625599978e-01 8.114633558186995499e-01 8.109683302499026691e-01 8.169758007556140456e-01 8.197034622580290364e-01 8.202926163594119746e-01 8.047851221872045491e-01 8.040128301837002889e-01 8.120213866807101111e-01 7.710913740580718212e-01 7.791341873908532722e-01 8.069041619519217168e-01 7.983828369764393029e-01 7.842819740564648257e-01 8.053085030826415691e-01 7.988178637769671742e-01 7.992842653081794202e-01 7.876175045076027059e-01 7.991583972298862415e-01 8.029087094296281091e-01 7.930166671281969615e-01 7.836167427198061919e-01 7.912266613861257403e-01 8.101244483899917581e-01 7.937902535715412045e-01 7.892813111988935537e-01 7.875454050865886568e-01 7.872913521801968573e-01 7.921148216360187622e-01 8.023994054960412736e-01 7.855393976523233901e-01
1.033269006611995805e-01 1.125980873423794160e-01 3.389626355148329107e-01 5.783135193907384952e-01 4.387938504380061722e-01 4.789065412517560794e-01 6.761211865334098015e-01 6.676389493334897729e-01 7.731782876782870018e-01 6.803112560533053355e-01 7.717909666562698945e-01 1.000000000000000000e+00 7.351660627412965887e-01 7.769618897074819230e-01 8.496203424415920136e-01 8.296019048118672412e-01 7.416843764256466631e-01 6.366659455287621006e-01 6.894687286042859853e-01 6.640365186240747564e-01 6.379577937789348008e-01 6.718187945482453349e-01 6.955145718054714932e-01 6.805427749713951480e-01 6.856341987325054177e-01 8.097447218131793578e-01 7.863026180822276778e-01 7.839001397928466730e-01 7.423198182063682760e-01 7.717505396480336399e-01 8.256639469445109514e-01 8.107283465149067725e-01 7.644558636636746840e-01 7.998445172460066921e-01 7.640119600509904796e-01 8.398435115192633971e-01 8.092765117365914307e-01 8.232859686864716364e-01 8.550581480913288512e-01 8.364602193249166540e-01 8.794624991745735310e-01 8.630478667518053371e-01 8.628938144741447047e-01 8.752849367847843620e-01 8.734659589041751104e-01 8.665810520688791430e-01 8.541982812860267060e-01 8.720628901233152819e-01 8.647540798240163085e-01 8.345710040945354402e-01 8.579524973246430708e-01 8.605312488425241879e-01 8.627299585671314164e-01 8.602738496104647137e-01 8.492577828067099377e-01 8.546628159415308179e-01 8.447215481297719597e-01 8.645056974642348901e-01 8.528097761069126648e-01 8.717520842006356574e-01 8.529950344235973647e-01 8.625135475113373529e-01 8.503989880052568173e-01 8.617939176575655225e-01 8.720318958816418720e-01 8.736731711025512714e-01 8.663268885750482484e-01 8.519492110760908954e-01 8.622798385208102490e-01 8.646934716149102806e-01 8.485757360707557595e-01 8.584242413842606556e-01 8.576987736652188499e-01 8.537652610263170017e-01 8.869710613734671512e-01 8.753709089395413923e-01 8.685338514818772282e-01 8.537359565417084184e-01 8.803427783520283434e-01 8.734770329058572091e-01 8.706164855947262637e-01 8.777101045836102067e-01 8.662890974425605517e-01 8.561478298185799529e-01 8.606923462722314566e-01 8.703727094040936141e-01 8.738346614485363872e-01 8.682660875311956072e-01 8.760202754438206618e-01 8.742710593383286044e-01 8.759451094499285384e-01 8.774565927569845103e-01 8.774604219496973112e-01 8.824310175187132232e-01 8.609623042304732632e-01 8.654058517971596753e-01 8.678694491361470531e-01 8.659625498901218910e-01 8.707265010059702659e-01 8.747028557788959491e-01 8.820375255362228328e-01 8.732619111535296907e-01 8.769146954439456243e-01 8.792627039258649191e-01 8.804892207560657269e-01 8.589822582233230808e-01 8.658977588854602780e-01 8.691065209086857868e-01 8.722815560925138989e-01 8.697817067344203457e-01 8.613255879057334363e-01 8.738356665957405234e-01 8.715095393394287626e-01 8.747239516597397069e-01 8.713876062312259085e-01 8.742774538581962185e-01
6.048802341760214918e-02 1.093350616409108772e-01 2.455084202821444239e-01 4.083963179605394900e-01 3.971376856221235374e-01 3.903107895990297060e-01 5.610222761882540654e-01 5.793802540557834169e-01 6.711472595357388382e-01 6.100136815591649109e-01 6.478239315804340537e-01 7.351660627412965887e-01 1.000000000000000000e+00 6.947972607605932271e-01 7.672502599798596279e-01 7.480023035629743688e-01 6.335641739519082272e-01 5.280529325307203869e-01 5.985021498086710023e-01 5.194278288482139239e-01 5.249020765513279230e-01 5.637758641272755389e-01 5.953210169678402330e-01 5.770351002362743564e-01 5.956543328023681250e-01 6.691260350423763326e-01 6.414639158757847737e-01 6.816187295877129682e-01 6.296330927101256858e-01 6.682706318548629065e-01 7.090228677818573022e-01 7.077276137571764103e-01 6.797409080323741914e-01 7.116449320205753271e-01 6.803612661612036261e-01 7.446126823766733294e-01 7.209018372018761722e-01 7.283725067852501178e-01 7.544212921535835559e-01 7.373087656998745798e-01 7.822343612998631235e-01 7.659467918479117010e-01 7.567831282954966543e-01 7.671662429496021174e-01 7.702561245889195662e-01 7.770480659515737187e-01 7.919538664168327413e-01 7.993293908397786085e-01 7.829119474312097315e-01 7.413462490191201626e-01 7.606759234366795575e-01 7.774898895363367979e-01 7.784199580967402499e-01 7.819116294115190380e-01 7.640734769417819594e-01 7.702391867971490891e-01 7.587362574863830700e-01 7.822919628457843944e-01 7.654424317547924295e-01 7.951960227669262471e-01 7.850147398432852919e-01 7.845778423909436361e-01 7.722088163501038549e-01 7.836691468134746597e-01 7.887659564576313675e-01 7.936306938285648815e-01 7.946832739438196569e-01 7.800917365855262187e-01 7.790039384118661037e-01 7.647870184353935397e-01 7.674416137395400073e-01 7.750561581702736236e-01 7.719824107305750527e-01 7.751209741213743731e-01 7.925084191349718310e-01 7.877162075373963512e-01 7.816502979457282674e-01 7.673749437989075828e-01 7.873427644446292506e-01 7.885654605386022142e-01 7.872846582408250526e-01 7.941362832149576612e-01 7.876653797977931637e-01 7.847999599963154660e-01 7.835401027372650429e-01 7.948009060519333202e-01 7.972990670811536118e-01 7.925626605470575958e-01 7.963041956649696829e-01 7.916199458927303256e-01 7.947792700162514823e-01 7.990188170183487593e-01 8.011887046195484974e-01 7.988678989444200074e-01 8.016998190547901526e-01 8.029442837950506728e-01 7.811501162065708215e-01 7.843011953489061883e-01 8.020923796236596459e-01 7.980233399268799044e-01 8.061587236091363184e-01 7.968635691353682660e-01 8.027479269988074817e-01 8.002597493554642893e-01 8.053428123042979392e-01 7.821022761071563245e-01 7.987877091352602044e-01 8.027159363816054327e-01 7.968449257425025412e-01 7.992121388430442064e-01 7.913440747497009209e-01 8.048273072621751068e-01 8.022752850151975146e-01 8.027585820361270441e-01 7.999663152234527397e-01 8.037736693941940347e-01
