1.000000000000000000e+00 8.106352888301708581e-02 7.792031391752092528e-02 5.639628000284255954e-02 6.801363099299294335e-02 9.790361390864929861e-03 4.386867162378343954e-02 4.586143358077796744e-02 1.640867196639103354e-01 8.527086368394198868e-02 4.043910605923457108e-02 1.095736088880100607e-02 5.504772985639781735e-02 4.126018393982856282e-03 2.397027964050844548e-02 1.107815304481818246e-02 1.015568866888612448e-01 3.471471732255558551e-02 5.520860879415232653e-02 8.277234698545107849e-02 9.531353458567594361e-02 6.036217399402615813e-02 1.146343110280852000e-02 3.698025686309405757e-02 1.894783056820978015e-02 3.386531618545023103e-02 2.785391239037054295e-02 2.210176810213387508e-02 6.010639292753852669e-02 5.173381558898476618e-02 2.522860970554734877e-02 1.783320498163398424e-02 5.294107082475105891e-02 2.787574058184521045e-02 4.180057835722308934e-02 3.279989636576616241e-02 2.353219008251747346e-02 -1.396294087574181941e-02 1.534716515761126937e-03 -3.244735303034343432e-02 9.452254794042850780e-03 -3.914625163947633817e-03 -2.659632959046150536e-03 1.003984606322430584e-02 2.239138133419801141e-02 3.383311006871815574e-03 1.138014233240292224e-03 1.585900561997961866e-02 1.810824706588208619e-04 -1.537899277122871215e-02 -3.665153856415502304e-03 -1.556454995147885274e-02 2.734539936073242597e-02 3.989131979021505459e-02 -3.771561429968245133e-03 4.665856150394671886e-03 3.638157111648204767e-02 1.214885253465146711e-02 -8.726014384194661147e-03 3.508683167251573642e-02 8.084479746635316391e-03 1.718098797903526431e-02 -4.882293575489455467e-04 2.387065388143539205e-02 4.583830768591085070e-02 4.993104668580118644e-02 2.805908789550191559e-02 1.856080601723386625e-02 1.665280270607761084e-02 4.831063417614698402e-02 3.483561298435795123e-02 1.791177512332979907e-02 2.765607925564310746e-02 1.635647565228604688e-02 1.209364775304759554e-02 1.394727259747141970e-02 9.757343516511357909e-03 3.111018386106438952e-02 6.589156186096938733e-03 1.492735031760369924e-02 2.060963929385049159e-02 1.256809447854377419e-02 3.161804789739976196e-02 1.327812393732789517e-02 -8.109390571863720615e-03 1.033119813438740722e-02 1.192580149800477433e-02 -1.167132379887803051e-02 -1.760742904984213255e-03 -9.095589539002831361e-03 -2.028703124935970353e-02 -6.855523627974705742e-03 4.494332010890500495e-03 -3.182058190466329536e-03 8.010612065838980389e-03 1.110030395892529567e-02 -1.571821003980769516e-02 3.953276927772890470e-02 -1.235529126030849353e-03 -7.402148917715219677e-03 -6.133906856823408832e-03 1.166444104615282223e-02 1.737875340240463071e-02 6.161564322288282450e-03 1.266366159369484122e-02 3.588606249876333254e-02 1.950819177832836815e-02 1.071404515623267974e-02 -9.564749628060901891e-04 1.228964335593538126e-02 -8.502334135783854926e-03 2.333060574408486396e-02 9.018077116410221084e-03 2.022339013831585611e-02 3.742364415023067409e-02 3.813977883795389295e-02
8.106352888301708581e-02 1.000000000000000000e+00 7.053175727470969818e-03 6.071453965652786472e-02 8.911521692306505205e-02 7.747483374084994379e-02 1.107586903600264877e-01 1.057787669390730934e-01 1.876222088300416591e-01 1.983634380009397791e-01 1.336096638775559620e-01 1.157745675872619284e-01 1.271403689020170480e-01 9.693891755602296323e-02 1.437331951143299424e-01 1.415610976526961162e-01 1.396946680925973683e-01 1.361506741522233721e-01 1.276477492389851143e-01 8.366323839017995867e-02 1.145591518606543791e-01 1.244190328502720738e-01 1.369184457576221037e-01 1.052884015491483694e-01 9.746657756909719861e-02 1.346810523807321636e-01 1.423642973605085404e-01 1.491132238820358780e-01 1.540127735460278813e-01 1.435460146593811326e-01 1.502156413261595269e-01 1.534208910402031778e-01 1.424766016133497959e-01 1.361534371706161206e-01 1.451338962219983764e-01 1.379814374550218103e-01 1.411723077130944415e-01 1.353301084859958592e-01 1.530545159693603718e-01 1.384140607519732669e-01 1.544284409274610803e-01 1.514982704893092502e-01 1.349596147238349975e-01 1.538207205114329734e-01 1.577631174987857432e-01 1.494376426845492600e-01 1.520429811393491371e-01 1.652749457358447804e-01 1.544463499955515129e-01 1.243701777348203696e-01 1.380174427797774273e-01 7.703259357883836256e-02 1.348810174269518269e-01 1.629145754782513333e-01 1.523574464084456737e-01 1.608950786583156767e-01 1.446936802720807935e-01 1.534209584166790485e-01 1.532392843228671531e-01 1.659027144114729735e-01 1.457652097197432994e-01 1.549220906026080036e-01 1.509592143162752365e-01 1.521050944336475030e-01 1.392941938831189219e-01 1.483693832303667193e-01 1.640845913177793047e-01 1.557551670858077775e-01 1.587332082055510074e-01 1.340245902635401887e-01 1.440550818186561444e-01 1.499283933407311031e-01 1.438003740861731883e-01 1.297540336544784623e-01 1.487973010357145354e-01 1.520150760451176586e-01 1.539757560941773240e-01 1.605214375917554670e-01 1.596627739443951810e-01 1.593309163758524216e-01 1.560504321917768333e-01 1.569686335078522010e-01 1.621997046288439492e-01 1.639693121360803474e-01 1.447390230716030790e-01 1.503992400861142720e-01 1.507651902626682416e-01 1.510177425765984738e-01 1.562683682091665360e-01 1.620675205880918457e-01 1.474325454880174857e-01 1.555960911116491541e-01 1.528217363596124367e-01 1.566540428739685020e-01 1.604051745158533715e-01 1.656807923098231605e-01 1.336169033322741062e-01 1.495286787948288398e-01 1.519769746487341366e-01 1.492114444085642366e-01 1.472168877323919989e-01 1.532537578037141690e-01 1.449000794498876699e-01 1.510196317653923759e-01 1.369624562712560834e-01 1.593679859921031672e-01 1.660120683233858585e-01 1.603276020518911160e-01 1.641020885930619400e-01 1.634270662694833898e-01 1.629046456189304770e-01 1.600305215786918811e-01 1.602277424367705427e-01 1.541127410932650044e-01 1.502291720479476400e-01 1.570213576711698977e-01
7.792031391752092528e-02 7.053175727470969818e-03 1.000000000000000000e+00 3.471905771612804892e-01 2.574809837561742309e-01 2.081331665350018290e-01 3.738769006971464082e-01 3.423550417668799195e-01 3.686873220221723035e-01 3.266097546595823076e-01 4.119730959543947413e-01 3.881490268440226932e-01 3.609329544534666256e-01 2.571746404111313056e-01 3.905521715282273543e-01 3.938456121608736593e-01 3.676874292787550846e-01 3.580927212344258703e-01 3.813916472797075352e-01 3.259534737993596831e-01 4.195756822517930917e-01 4.211667751569646567e-01 3.873292695685993658e-01 3.921704517588019967e-01 3.982076132810014046e-01 4.078089516397481740e-01 3.802081650020003312e-01 3.986535762575614816e-01 3.938564159232725848e-01 3.833064288979603496e-01 4.086198086482525915e-01 4.247784266955777488e-01 4.233206084198045116e-01 4.242959118725786460e-01 4.063220903858603683e-01 4.084256401342680753e-01 4.135198414431874303e-01 4.195558170568886580e-01 4.091390519176467122e-01 4.134332008093661859e-01 3.934676814094992259e-01 3.949551461234829253e-01 4.060251054706854879e-01 3.976978920448959176e-01 4.100553468258130163e-01 3.876080392613782122e-01 3.821190133042559056e-01 3.870473331689723850e-01 3.880611796254911927e-01 4.213479809305565316e-01 4.083201955156461338e-01 3.972029097600494052e-01 3.956274511822804318e-01 3.712288876136010662e-01 3.727530512061079659e-01 4.059689899365910848e-01 3.936275119305990278e-01 3.862899277048073010e-01 3.802074011309278800e-01 3.811651351502740592e-01 3.933828905989552593e-01 3.789218858722976924e-01 3.896954504377628803e-01 3.876677926686288300e-01 3.920768745796031629e-01 3.828631030492554155e-01 3.835698042150931242e-01 3.988965543318321316e-01 4.059599530305018633e-01 4.123390528118696663e-01 4.206114088209305657e-01 4.042753775568514452e-01 4.129115735804208542e-01 4.138614108147150583e-01 4.066045511745131069e-01 3.988539366418211163e-01 3.964124310805547391e-01 3.977027610971968219e-01 3.971539477975972732e-01 3.974017455079699168e-01 4.041020173109760583e-01 3.987694840591626266e-01 4.145751843592411778e-01 3.994782012202570676e-01 4.186639456512113999e-01 4.211470056907306025e-01 4.135158000312327276e-01 4.087351117505686471e-01 4.065635723025931014e-01 4.069708761456558577e-01 4.096452063252976616e-01 3.983831343535157443e-01 4.008695995061886119e-01 3.966701809588512595e-01 3.795530493913202852e-01 3.840250303864133352e-01 3.992113686121526173e-01 3.905523442302771819e-01 3.834829833640609476e-01 3.990808858485983546e-01 3.974426207247516163e-01 3.918961230046814626e-01 3.966349589884837767e-01 3.959236529134171345e-01 4.088448956586646088e-01 3.773487867050666633e-01 3.793407863529728030e-01 3.884037248472742565e-01 3.900351701771122559e-01 3.807227611743834728e-01 3.836829060923542811e-01 3.818901952450245441e-01 3.832572516076298563e-01 3.915421793077629720e-01 3.953891143547526021e-01 3.808184306213794335e-01
5.639628000284255954e-02 6.071453965652786472e-02 3.471905771612804892e-01 1.000000000000000000e+00 3.292366531051331147e-01 2.689261815389712984e-01 5.364930608628772912e-01 5.279292510426359941e-01 4.946000167839964545e-01 4.344407589497545907e-01 5.748405155684654932e-01 6.016344789108953872e-01 5.385552515001721385e-01 4.112053721441519261e-01 5.909023858927627826e-01 5.768044631079226603e-01 5.073580908465545880e-01 3.905906669930623298e-01 4.819268013060816758e-01 4.718464026301152359e-01 4.924977165270049695e-01 5.507585848041510745e-01 4.150844884151287939e-01 4.442161590826470552e-01 4.632589669045177327e-01 5.197863490073872939e-01 5.251759281108536737e-01 5.246098640812751901e-01 4.965603001416231121e-01 5.108413287376999401e-01 5.562884702123636060e-01 5.659277124730347497e-01 5.121166130825554053e-01 5.644293902103949545e-01 5.273142278934426219e-01 5.591418219537147571e-01 5.488862934197925592e-01 5.672983092574407360e-01 5.678731556225574684e-01 5.561911699447003032e-01 5.696806097891967680e-01 5.765358895835662745e-01 5.897739253271745419e-01 5.816064186581406670e-01 5.815830855205981198e-01 5.687877743451273949e-01 5.593773887590511862e-01 5.618838207056989775e-01 5.699595625314359815e-01 5.865316497727028899e-01 5.809611798124859616e-01 5.873075022738516449e-01 5.759535924385570382e-01 5.515195638074489315e-01 5.303670977877472659e-01 5.612249631261476690e-01 5.753449449641622193e-01 5.695596171273442643e-01 5.562315766964359698e-01 5.691922384269475499e-01 5.757319713623102464e-01 5.644121076224271061e-01 5.716012421471423632e-01 5.767774788166543098e-01 5.784850014529460127e-01 5.708379982367643990e-01 5.616296709119147357e-01 5.322455168575245255e-01 5.463305524769719312e-01 5.905962093202264951e-01 5.788888541206329563e-01 5.562188673960394292e-01 5.494052441896485339e-01 5.466907842749875179e-01 5.635199791872572694e-01 5.631592049717570880e-01 5.551603244068651355e-01 5.524048225771555076e-01 5.548709171018497699e-01 5.549427270203873830e-01 5.614897947399325462e-01 5.647240912388660217e-01 5.854175547281544878e-01 5.544130642176680057e-01 5.950487947094247332e-01 5.864812017334126715e-01 5.798777259909522197e-01 5.850175843503778728e-01 5.770023198996494518e-01 5.735135625870653175e-01 5.766740611507765735e-01 5.780720552101076271e-01 5.833190683641618079e-01 5.789382470597229657e-01 5.671570726809651575e-01 5.661379670039863310e-01 5.835739510113722162e-01 5.891719626186365799e-01 5.718656731933721149e-01 5.827826635810197109e-01 5.847856688197291541e-01 5.786238887353748472e-01 5.907538638989298097e-01 5.830873842159368658e-01 6.017709390004278847e-01 5.722345902877521429e-01 5.688790110172272652e-01 5.640979793510676465e-01 5.541011817894654357e-01 5.656806569146133334e-01 5.650326138853738467e-01 5.705075465277186231e-01 5.708591661580297849e-01 5.781202826040010567e-01 5.755794756982287597e-01 5.739917766526880794e-01
6.801363099299294335e-02 8.911521692306505205e-02 2.574809837561742309e-01 3.292366531051331147e-01 1.000000000000000000e+00 2.132444746264358371e-01 4.674156992926528087e-01 4.497385348897052215e-01 4.679968498976812552e-01 4.180464530854794969e-01 4.810969390881503771e-01 4.972396472017571178e-01 4.694612684816479309e-01 3.499869556141510518e-01 5.013947207660485184e-01 4.967825230144843895e-01 4.484516613685770592e-01 4.050698165142183060e-01 4.624231701676314588e-01 3.088036898612105396e-01 4.334521923443394598e-01 4.959250137792545199e-01 4.200580046863528483e-01 4.125876616890296611e-01 4.576750111112766195e-01 4.799619956728474190e-01 4.773948592290597204e-01 4.762909632948882921e-01 4.617701836401011950e-01 4.810051908361934192e-01 4.960219160670025218e-01 4.816360418906700525e-01 4.613207636006526058e-01 4.684648655489087599e-01 4.798328524199846901e-01 4.654173311396828661e-01 4.859305245594185418e-01 4.935634537571468861e-01 4.974651843447988608e-01 4.802037543826914168e-01 5.039363146958265594e-01 5.077685626124475160e-01 5.150563618547130407e-01 5.135539347316606662e-01 5.074555769152726548e-01 5.044083548309767906e-01 5.034530940193427950e-01 5.044408048440275349e-01 4.982722105605963958e-01 4.861695981515566367e-01 5.064656801765883287e-01 4.622047781334751027e-01 4.948157849433210687e-01 4.974675404281084234e-01 4.911944447981179684e-01 4.959482484855970430e-01 5.042464160927508932e-01 5.109707478478128229e-01 5.019339829961914079e-01 5.110060947419486910e-01 5.081846732268560096e-01 5.082223040230602340e-01 5.071629513227834396e-01 5.104078300765201304e-01 5.062457472890691257e-01 5.032984831707512097e-01 5.088811311134301407e-01 4.971192284104942738e-01 4.986727952664253838e-01 4.789233419527883506e-01 5.114889850795019122e-01 5.098744031225909135e-01 4.919597004879101565e-01 5.013741985336669371e-01 5.025356737131052576e-01 5.017602451585931878e-01 4.991198022273496404e-01 4.975147582611334496e-01 5.043611400522444166e-01 4.989513694043938852e-01 5.002473319744596969e-01 5.011439368259399396e-01 5.053614787605686942e-01 4.997772509633007232e-01 4.994333796761158406e-01 4.978714113646980355e-01 5.022074266096319128e-01 5.052365791610826662e-01 5.077881559544150658e-01 5.061809972372643962e-01 5.032902066205884317e-01 5.084544013716851829e-01 5.080027462613245781e-01 5.105656999058703072e-01 5.060926351633063813e-01 5.078070951375875941e-01 4.927557770037149232e-01 4.935271842934614850e-01 5.040269833576020986e-01 5.049584720360359436e-01 5.099322626348450349e-01 5.071931190430171155e-01 5.059189579276166526e-01 5.098885686894929492e-01 5.091344601299869765e-01 5.042332746928276377e-01 4.990194123654938529e-01 5.048971944651706734e-01 5.038133834791421739e-01 5.077015589344208157e-01 5.040289857365563009e-01 5.081174192420763180e-01 5.055749524341839329e-01 5.068558235260004485e-01 5.077845376558537405e-01 5.045077519979163094e-01
9.790361390864929861e-03 7.747483374084994379e-02 2.081331665350018290e-01 2.689261815389712984e-01 2.132444746264358371e-01 1.000000000000000000e+00 3.993278431704923026e-01 3.276275209452639836e-01 3.669841517204255887e-01 3.347178206536365330e-01 3.843912669865436893e-01 3.838283607377973028e-01 3.772016038383763648e-01 2.827913732740700015e-01 4.042605863224894569e-01 3.976598256892137639e-01 3.660357455973505258e-01 3.446119201022360690e-01 3.815439672109657288e-01 2.588671224385966640e-01 3.435502689898256024e-01 3.854847533740327625e-01 3.580265639044117876e-01 3.446204097628889351e-01 3.719924188549172395e-01 3.936261921178899059e-01 3.989983134700642031e-01 3.982559627943053626e-01 3.864454067335257315e-01 3.928658522145413445e-01 4.147321695736287395e-01 3.946595179522439101e-01 3.693491104758633847e-01 3.725356838204775811e-01 3.856451436309101255e-01 3.767171841683640277e-01 4.012187310702315379e-01 4.057567114383919260e-01 4.080437537262388559e-01 4.073164158649144051e-01 4.120665083466428791e-01 4.207630368438881052e-01 4.189384134965214446e-01 4.210381649318128416e-01 4.137950633634862041e-01 4.154348398355348082e-01 4.162979940952445945e-01 4.180547252706721673e-01 3.990028410339743203e-01 3.872643398081724864e-01 4.058726789392993473e-01 3.781706595989876574e-01 4.023587046215009733e-01 4.044518032939020680e-01 4.028267938692249861e-01 4.142139686063930348e-01 3.930194777683495011e-01 4.114245004194399535e-01 4.057257791946529135e-01 4.133021955238599388e-01 4.157766997791592090e-01 4.086800338867332405e-01 4.102914207631261911e-01 4.036016814835019506e-01 4.047360939652089873e-01 4.020613977534615580e-01 4.149307603144327672e-01 4.109232814772701969e-01 4.082356283757199722e-01 3.904007943208379072e-01 4.149176961174901312e-01 4.184953723840244000e-01 4.010500304845340813e-01 4.139588662893020077e-01 4.188737143513701633e-01 4.193922817770647793e-01 4.165297074248199283e-01 4.113310875180143378e-01 4.163504528912437275e-01 4.151299419284771308e-01 4.136948398375622782e-01 4.159248418077695075e-01 4.082671032535549749e-01 4.080085245082352152e-01 4.056079580055553802e-01 4.039258826764411947e-01 4.173581627038309705e-01 4.170231105169237562e-01 4.159624740124543418e-01 4.184328641179906882e-01 4.213855155051276502e-01 4.233822003784175614e-01 4.212033008048136073e-01 4.231054591566247858e-01 4.156249726368584363e-01 4.151662858780924559e-01 4.069725639427712038e-01 3.923923502427626442e-01 4.117679687662047505e-01 4.148070909575081178e-01 4.215817449201694211e-01 4.105425644299721122e-01 4.148584588608356660e-01 4.198435541829371731e-01 4.153450261087799911e-01 4.010708948698194498e-01 4.047690177736565365e-01 4.147446574214004866e-01 4.171026417896597782e-01 4.146543566058250030e-01 4.179015570627204745e-01 4.157967130373008136e-01 4.145953970957819146e-01 4.119404153802296298e-01 4.089552963046657608e-01 4.085753682526871433e-01
4.386867162378343954e-02 1.107586903600264877e-01 3.738769006971464082e-01 5.364930608628772912e-01 4.674156992926528087e-01 3.993278431704923026e-01 1.000000000000000000e+00 6.765993618890611128e-01 6.959338010451363576e-01 6.414605783791882399e-01 7.420475511292859983e-01 7.644589767585463491e-01 7.107668536495049816e-01 5.436169069955840705e-01 8.087342781128057378e-01 7.735803151932953980e-01 6.980240731038658275e-01 6.623072346386665865e-01 7.189297876695238676e-01 5.910677162924228289e-01 6.963098515367246444e-01 7.678303509401623872e-01 6.658690453998834524e-01 6.878719411288715113e-01 7.150555512670667691e-01 7.643362631098049587e-01 7.441866717241047979e-01 7.553344690469240286e-01 7.368412047749699489e-01 7.384194018528666970e-01 7.813680082565741536e-01 7.832695664736833985e-01 7.168612580015631952e-01 7.630311077630057559e-01 7.313380632077964849e-01 7.384865243284756131e-01 7.582808996227839993e-01 7.858974130809170955e-01 7.963092668583355849e-01 7.709864887035573489e-01 7.898897470697785472e-01 7.981946702796886006e-01 8.071808451307845855e-01 8.052769173144989079e-01 7.996005918138110458e-01 7.902236901410927272e-01 7.842026236359906921e-01 7.833644081155473060e-01 7.702338894748295139e-01 7.648733587857442506e-01 7.921299153179996999e-01 7.407693157326817879e-01 7.751355313988278484e-01 7.626488396027832906e-01 7.557112192392131389e-01 7.864338260900498589e-01 7.610472676690342997e-01 7.853801091878115370e-01 7.808380613901610978e-01 7.866668194951771387e-01 7.895301797881061345e-01 7.827182554606710863e-01 7.833737655572666769e-01 7.811435544592604252e-01 7.782455013813577294e-01 7.691418772390041791e-01 7.867195965780322542e-01 7.838642145826685281e-01 7.851399976732087449e-01 7.904294266061836494e-01 8.063210375273783814e-01 7.936683796727906914e-01 7.933495733491485735e-01 7.925206520820068379e-01 7.949073301736652164e-01 7.855038212209628501e-01 7.858975547788064064e-01 7.808175592287254219e-01 7.930286201556936421e-01 7.850960250054235257e-01 7.882302677979671213e-01 7.865734355728469795e-01 7.950149637776138256e-01 7.735332063700989247e-01 7.978746741387685582e-01 7.965653787050727130e-01 7.971176656466147925e-01 8.056765775574363797e-01 8.037562221479407354e-01 7.957551235206179463e-01 8.018802565772414903e-01 8.019882649447874767e-01 8.019176293721713700e-01 8.062648094983483338e-01 7.867478437703722127e-01 7.877918764220875891e-01 7.738058862499557211e-01 7.618047390722166856e-01 7.824771903348228808e-01 7.929472761995925989e-01 8.022540953886935222e-01 7.871500006114880987e-01 7.934015903697649863e-01 8.002393061907668859e-01 7.989466585835975909e-01 7.653285239374189031e-01 7.734718010448441428e-01 7.872543721723391785e-01 7.840749869299845631e-01 7.859892756862102425e-01 7.887218797778876578e-01 7.881394848647089724e-01 7.851534441183836144e-01 7.892475064672467289e-01 7.864024361341787062e-01 7.745385635501296218e-01
4.586143358077796744e-02 1.057787669390730934e-01 3.423550417668799195e-01 5.279292510426359941e-01 4.497385348897052215e-01 3.276275209452639836e-01 6.765993618890611128e-01 1.000000000000000000e+00 6.764661332908566971e-01 6.060700488746942893e-01 7.165452921725594670e-01 7.480083344345636043e-01 6.950153747383930325e-01 5.400123174430175865e-01 7.677599934132643966e-01 7.654361755913906551e-01 6.708259605999585817e-01 6.182144267765561363e-01 6.952204919414488593e-01 5.656922268199617854e-01 6.797367244911027839e-01 7.421018184391301453e-01 6.208158925446264353e-01 6.308420959227258873e-01 6.679621921549293573e-01 7.350674262378225077e-01 7.209046097021205579e-01 7.161780647939988143e-01 7.199554412987748675e-01 7.155326356212299288e-01 7.533517071096961226e-01 7.453805608818498962e-01 6.853992920676599265e-01 7.227747303489930886e-01 7.006535158482696257e-01 7.062181919302314981e-01 7.220179247467397587e-01 7.593172269991278478e-01 7.619567852022864907e-01 7.321168032361545785e-01 7.621346385935084955e-01 7.655021266874282304e-01 7.721074861509749088e-01 7.725384649688921135e-01 7.616183458130433293e-01 7.557887207847707733e-01 7.657940519268610080e-01 7.648984334477928471e-01 7.688151942241435721e-01 7.608201849882241241e-01 7.795529947903204748e-01 7.178260953183247528e-01 7.549828070030734084e-01 7.509232469430295875e-01 7.546767772171473210e-01 7.617620822068538189e-01 7.713167338545371399e-01 7.760596127265975142e-01 7.709103549986519033e-01 7.687522208488885012e-01 7.758750855317474437e-01 7.726247150333889202e-01 7.746505066914762816e-01 7.721627530489267865e-01 7.602024126568459605e-01 7.624163705804757329e-01 7.617367758970521319e-01 7.509339282294072992e-01 7.580214028440321883e-01 7.584511860502408664e-01 7.800856973275933637e-01 7.696849015985099962e-01 7.524154735856661835e-01 7.497844176241054148e-01 7.674797809642055491e-01 7.644398550717993457e-01 7.617609685983739443e-01 7.632288563892065669e-01 7.578218931540465775e-01 7.607579074118685503e-01 7.612227020538417932e-01 7.625474558585458862e-01 7.720352489889737990e-01 7.550444315745251656e-01 7.690018312947305423e-01 7.645306040453512253e-01 7.658040986672451922e-01 7.761325845240872878e-01 7.722250074158649724e-01 7.725040725554427334e-01 7.605563203632468294e-01 7.706497856997482909e-01 7.716185831917371507e-01 7.710390016736785590e-01 7.687951309817281365e-01 7.691940032741364508e-01 7.741484759122668757e-01 7.673865967255458775e-01 7.719394665138580303e-01 7.751551285227585852e-01 7.765181609296132326e-01 7.779875332908714469e-01 7.727253746528606193e-01 7.792194190277418331e-01 7.767515526582023933e-01 7.675995756018986205e-01 7.707246685376253348e-01 7.674853771001642899e-01 7.680150536545343742e-01 7.698991870333363741e-01 7.727768990104031399e-01 7.702726738987912825e-01 7.770031589823825913e-01 7.745077223308463044e-01 7.650660760405709748e-01 7.628993433321504813e-01
1.640867196639103354e-01 1.876222088300416591e-01 3.686873220221723035e-01 4.946000167839964545e-01 4.679968498976812552e-01 3.669841517204255887e-01 6.959338010451363576e-01 6.764661332908566971e-01 1.000000000000000000e+00 7.400830202199477625e-01 7.967171525419739497e-01 8.022888170806818930e-01 7.511427218920075921e-01 5.825893955291080450e-01 8.304467058556037617e-01 8.082749003397687870e-01 7.948086988526782415e-01 7.347816699317695210e-01 7.926052237692979840e-01 5.998404545732504145e-01 7.535560161587179229e-01 8.139189280894864043e-01 7.160830760436693865e-01 7.060661884461839621e-01 7.432013019647870644e-01 8.340934786715231697e-01 8.237566414630570488e-01 8.186373597546859893e-01 8.369200028925058987e-01 8.337246936423206023e-01 8.587891886467237113e-01 8.290010980690284415e-01 7.757511171280357942e-01 7.908268184267834844e-01 7.993296264767854042e-01 7.753071796566589624e-01 8.191859127643846827e-01 8.306376876570286116e-01 8.379173313643509813e-01 7.880755830944965457e-01 8.514819810303785319e-01 8.425478453290532466e-01 8.320693120872103554e-01 8.562676342376794869e-01 8.483581332406313624e-01 8.437689824985685760e-01 8.570455502465977871e-01 8.687024248307184671e-01 8.460492579364827792e-01 8.060448376400248804e-01 8.458628587503516094e-01 7.587482640750276008e-01 8.504449605883170893e-01 8.675479293714365436e-01 8.424435423979980131e-01 8.538208802503479689e-01 8.563914454621198713e-01 8.550165000877656407e-01 8.478801332823912018e-01 8.704917125054868476e-01 8.619524338625186299e-01 8.606296141881879525e-01 8.545607548178385526e-01 8.638403602412361160e-01 8.680202489224003726e-01 8.667783706974672153e-01 8.703341177354547709e-01 8.594281734245734494e-01 8.555069972132696154e-01 8.381276239452800647e-01 8.609368019696893581e-01 8.635467422081346545e-01 8.396914612917409926e-01 8.380426138227089483e-01 8.621660075028112491e-01 8.612652985099721326e-01 8.596043216182888136e-01 8.686626097910795652e-01 8.569968268386103372e-01 8.651845923098441249e-01 8.632493119222817146e-01 8.670895460547950462e-01 8.642787485334018083e-01 8.553969587422196597e-01 8.398030854934485090e-01 8.393495234234293889e-01 8.499873177779294631e-01 8.511022006665709405e-01 8.559065221733402895e-01 8.541515829498961265e-01 8.373216969516183994e-01 8.567261674375764580e-01 8.595802300254105077e-01 8.560194983090285703e-01 8.662905188848675220e-01 8.682035811621666710e-01 8.362810385385823775e-01 8.568586089475154211e-01 8.588226010492739926e-01 8.546837569058807205e-01 8.536383132911409266e-01 8.650936144675241968e-01 8.601675316053591924e-01 8.621685142703522375e-01 8.588078688267606342e-01 8.631418208633800937e-01 8.636618198743191144e-01 8.681941787695406365e-01 8.618673246311047142e-01 8.656586993573164301e-01 8.551072549511444798e-01 8.702143289437394014e-01 8.648128124779970172e-01 8.694682406547215026e-01 8.735983207882105361e-01 8.712112012188653054e-01
8.527086368394198868e-02 1.983634380009397791e-01 3.266097546595823076e-01 4.344407589497545907e-01 4.180464530854794969e-01 3.347178206536365330e-01 6.414605783791882399e-01 6.060700488746942893e-01 7.400830202199477625e-01 1.000000000000000000e+00 7.315775752060378334e-01 7.482045738376900124e-01 6.936325348842242722e-01 5.477797407668806295e-01 7.738119258233596698e-01 7.473361054852580843e-01 7.141324885406565848e-01 6.718671434661102060e-01 7.114412137296179939e-01 5.469445560792534078e-01 6.673545202579048707e-01 7.304083229509332753e-01 6.639963348414231747e-01 6.414447518990299413e-01 6.678304674024279075e-01 7.789404071800115625e-01 7.582099553196672836e-01 7.517033199467147986e-01 7.724380635261662853e-01 7.675931323664051398e-01 7.920021636903664675e-01 7.729028443273341376e-01 7.024636029541884152e-01 7.330194211091217715e-01 7.290238745210049220e-01 7.034895604010760195e-01 7.505726969356164568e-01 7.750407960251406436e-01 7.842929129245463926e-01 7.356829651833125538e-01 7.931146824627097747e-01 7.856272211972333830e-01 7.717529933744062820e-01 7.916117176498380648e-01 7.805503789001465575e-01 7.858450890072872230e-01 8.022363258680378362e-01 8.095401829992820986e-01 7.883316850122248365e-01 7.445123428542471666e-01 7.850629575737189114e-01 6.736214411964215332e-01 7.707349194176250640e-01 8.065709987196798547e-01 7.871048089154101257e-01 8.007414285494010020e-01 7.859243474955251996e-01 7.964712613291969889e-01 8.020685952384828399e-01 8.058082111775225487e-01 7.978604823975371518e-01 8.036768670777283408e-01 7.986326743368812320e-01 7.994653205723242229e-01 7.946066522662258436e-01 7.947962029870901945e-01 8.127541096125439068e-01 7.992286360320622896e-01 8.007611835116785759e-01 7.735931131775969360e-01 7.888153398363960678e-01 7.987946821049825008e-01 7.799958219911107271e-01 7.686638641681318163e-01 8.032926396442801042e-01 7.990010616303426794e-01 7.968431967152432849e-01 8.044102171820223246e-01 7.970859349452154019e-01 8.055473795189436181e-01 7.997530658594279585e-01 8.100664509729934570e-01 8.012250624582673009e-01 7.956731370540287562e-01 7.814001454839907268e-01 7.808026322067791458e-01 7.871191330037623501e-01 7.963259064786715191e-01 7.978851304454093185e-01 8.000226460487525060e-01 7.836859936972987439e-01 8.005209085251538959e-01 7.997800975748534658e-01 7.987698750402935088e-01 8.084496648192077695e-01 8.100654451388495936e-01 7.680923550560692092e-01 7.865096664811029870e-01 7.995132627664058855e-01 7.969852630336363708e-01 7.955805442189627374e-01 8.049999744739885221e-01 7.935078554965427911e-01 8.005712110431818518e-01 7.916293516234066407e-01 7.952926790247605293e-01 8.036049119653470019e-01 8.097651387657287536e-01 8.092646895120643169e-01 8.087251359846110432e-01 8.039222091791455860e-01 8.103398702103845608e-01 8.078356140940490260e-01 8.073158075656468036e-01 8.051477186906962347e-01 8.031964696961986228e-01
4.043910605923457108e-02 1.336096638775559620e-01 4.119730959543947413e-01 5.748405155684654932e-01 4.810969390881503771e-01 3.843912669865436893e-01 7.420475511292859983e-01 7.165452921725594670e-01 7.967171525419739497e-01 7.315775752060378334e-01 1.000000000000000000e+00 8.577572536006446979e-01 7.943610730201279280e-01 6.175851376009179328e-01 8.690439262715413671e-01 8.629141885307366477e-01 7.767087903100591273e-01 7.470736206014633174e-01 8.114039124912325596e-01 6.315282124444465683e-01 7.769094036419980087e-01 8.536700233215777089e-01 7.506478918488607155e-01 7.383869431896956659e-01 7.906202521395760963e-01 8.609059229409308234e-01 8.548003150837291120e-01 8.603073022643988876e-01 8.495539440803021591e-01 8.638524906478031173e-01 8.972167167962949996e-01 8.710699777646002673e-01 8.200375360872314001e-01 8.440743740710924259e-01 8.514306386652736869e-01 8.238008987937474048e-01 8.670616132533437437e-01 8.837608940543060232e-01 8.930598724073524064e-01 8.589732981218239916e-01 8.899784232648486615e-01 8.972366152843508358e-01 8.941489602509813395e-01 9.007855653631873238e-01 8.894044949123808275e-01 8.927193802204159701e-01 8.945663607025835518e-01 8.969247696607920428e-01 8.866402895230812709e-01 8.702209626392528596e-01 8.955041605259616011e-01 8.347150554232093400e-01 8.834586095133516448e-01 8.817135783841730801e-01 8.790684115182519909e-01 8.938808274352910699e-01 8.872075469022636662e-01 8.947095816042452965e-01 8.898639286805775095e-01 8.964813467593522045e-01 9.019296439485088301e-01 8.944291536037174417e-01 8.944576331098014199e-01 8.951650207849922714e-01 8.881294187415222918e-01 8.887551752111494396e-01 8.961328413379198166e-01 8.874146863522696105e-01 8.921278678860571354e-01 8.804742892794912290e-01 9.039525543065498603e-01 8.996771392259570455e-01 8.775141960408113784e-01 8.825033109369671003e-01 8.991903055724534966e-01 9.004179540594293707e-01 8.970683405394370702e-01 8.955236042067704627e-01 8.957606082584822493e-01 9.005484875430666003e-01 8.940679835039397894e-01 9.010580778248126199e-01 8.950982883709250881e-01 8.939827728129360329e-01 8.977186435549570076e-01 8.915234508297171789e-01 8.951039781743266310e-01 9.034763474488514134e-01 9.029866387616534151e-01 8.988046111653481551e-01 8.944572574125657649e-01 9.036182722509605858e-01 9.015975963062865528e-01 9.052909554636257017e-01 8.985700585865051826e-01 9.004099358930707231e-01 8.872175789603407026e-01 8.825263577026811745e-01 8.959047796362160643e-01 8.985328675715034130e-01 9.027069003083285637e-01 9.002115368133152273e-01 9.013426712911699612e-01 9.040939597914398052e-01 9.043185113080980386e-01 8.865129570336037768e-01 8.907431909041649831e-01 8.990140758188932546e-01 8.991367974026476251e-01 8.973807701057652242e-01 8.974916661780933946e-01 8.985589029002964967e-01 8.994316044853323255e-01 8.995653366777327520e-01 8.961569704227813071e-01 8.934052957642240056e-01
1.095736088880100607e-02 1.157745675872619284e-01 3.881490268440226932e-01 6.016344789108953872e-01 4.972396472017571178e-01 3.838283607377973028e-01 7.644589767585463491e-01 7.480083344345636043e-01 8.022888170806818930e-01 7.482045738376900124e-01 8.577572536006446979e-01 1.000000000000000000e+00 8.051299489211563021e-01 6.458160647962998269e-01 9.039802392219802307e-01 8.905684901604379311e-01 7.935651454961962781e-01 7.181806306960670794e-01 8.004977932650588768e-01 6.409489316737401188e-01 7.668298770710212375e-01 8.574991079652017900e-01 7.203320509532465943e-01 7.165845292020044388e-01 7.726617710300008879e-01 8.686002845311979748e-01 8.662682263728571641e-01 8.600400824366805086e-01 8.470372572484551332e-01 8.649553029224761325e-01 9.024388600178786524e-01 8.782466670145191445e-01 8.127680557802592354e-01 8.447057545970684256e-01 8.437614308091816451e-01 8.230574367054617202e-01 8.669130194700042091e-01 8.985999200638259410e-01 9.034665453823319536e-01 8.637722791895190433e-01 9.154456749701403995e-01 9.148457050515617084e-01 9.116157596318077427e-01 9.233342901214171006e-01 9.028057955169483950e-01 9.117001789459351357e-01 9.191100032843438905e-01 9.214088515707510307e-01 9.124349725397739030e-01 8.877852336079903317e-01 9.178203460019439541e-01 8.545193277570668489e-01 9.068731669328619072e-01 9.127673841945725952e-01 9.029844589748154959e-01 9.053240477402548780e-01 9.127311526996461089e-01 9.218112672142225739e-01 9.183844208070822690e-01 9.239069913704369696e-01 9.284468302415217478e-01 9.235462145538102519e-01 9.229164381140124718e-01 9.227170878142878507e-01 9.160204908768856402e-01 9.203907822013410733e-01 9.175000922146314686e-01 8.976051992830531567e-01 8.995564893534727657e-01 9.003033493617216276e-01 9.149404521242628929e-01 9.140439522188233967e-01 8.846697190247071463e-01 8.864251815442558691e-01 9.174059946572800106e-01 9.172352081820012160e-01 9.134775579428753289e-01 9.097501828050995609e-01 9.105141881905514101e-01 9.134689749460614960e-01 9.107841664949593019e-01 9.192013911449651298e-01 9.110215341740190986e-01 9.088516262840232729e-01 9.158925818494484394e-01 9.050699462303705145e-01 9.104952726140229657e-01 9.218242247082752971e-01 9.212514407232520464e-01 9.144874627691466085e-01 9.109728769358815814e-01 9.261348661868042953e-01 9.248314601671556723e-01 9.248068787022682979e-01 9.258014837491803650e-01 9.265352549369135771e-01 9.111096509364630114e-01 9.133291317830417588e-01 9.236804895903547585e-01 9.235829326942898154e-01 9.261174349901437619e-01 9.264330300114198558e-01 9.291406277064711006e-01 9.307453502859858174e-01 9.298679492986993145e-01 9.152305094274382213e-01 9.192445253440104658e-01 9.228164770497261360e-01 9.180864278000113732e-01 9.257014068941573637e-01 9.216159350345572987e-01 9.264310044985675230e-01 9.254435263439322323e-01 9.267604714835980806e-01 9.244613471889047140e-01 9.234970246816071038e-01
5.504772985639781735e-02 1.271403689020170480e-01 3.609329544534666256e-01 5.385552515001721385e-01 4.694612684816479309e-01 3.772016038383763648e-01 7.107668536495049816e-01 6.950153747383930325e-01 7.511427218920075921e-01 6.936325348842242722e-01 7.943610730201279280e-01 8.051299489211563021e-01 1.000000000000000000e+00 5.815585500595099600e-01 8.288118713130488979e-01 8.178679042250197595e-01 7.334619383969287476e-01 6.795564602053675296e-01 7.455659517801012104e-01 5.916026460911757434e-01 7.035491426708753160e-01 7.910094740647629630e-01 6.836153277653849170e-01 6.696774394699503974e-01 7.202878278202690110e-01 8.130666191144573229e-01 7.989387926739969226e-01 8.021336098908263823e-01 7.902017848104011533e-01 7.961613047291795642e-01 8.367714583856107335e-01 8.093888002467707343e-01 7.596459519374777480e-01 7.750321107133431031e-01 7.788689497739282874e-01 7.738161376056658103e-01 8.027899745782512975e-01 8.256195522043034973e-01 8.327926400733987045e-01 7.988782306905097830e-01 8.357555953468378540e-01 8.445394114803029817e-01 8.432482364590765389e-01 8.525254164025499737e-01 8.375226100171793142e-01 8.411395317332486243e-01 8.428125230473745289e-01 8.439669679297310267e-01 8.311662290868981895e-01 8.065225487063971688e-01 8.414366830537488573e-01 7.713697951129119268e-01 8.310851012069460086e-01 8.350241848998533056e-01 8.240040845744749376e-01 8.348872536075471196e-01 8.284560165043514113e-01 8.474003178883154908e-01 8.356661499686910410e-01 8.511492432919197659e-01 8.518697501561846019e-01 8.443312382144704253e-01 8.426890299058352740e-01 8.446622492238028412e-01 8.389913254242949980e-01 8.394937306694839618e-01 8.450419522361987124e-01 8.297877609031447665e-01 8.328384444901172357e-01 8.257941769763517126e-01 8.428900711747436825e-01 8.420576723143200493e-01 8.167343038638562591e-01 8.187335624389111555e-01 8.463581287110728546e-01 8.428708282103457572e-01 8.424012069891587684e-01 8.402577977935613562e-01 8.427123424684087594e-01 8.432139632084286740e-01 8.424919363649414628e-01 8.493768356181495838e-01 8.367480205191670795e-01 8.364310331434833268e-01 8.357799942522450287e-01 8.290349426989179760e-01 8.419360544100821242e-01 8.453976118393718986e-01 8.486480226245836089e-01 8.415654591448337163e-01 8.391855010609347021e-01 8.497658565943809750e-01 8.520477070679602916e-01 8.521894256877934337e-01 8.493711077355148298e-01 8.500643669806351443e-01 8.285395671040611809e-01 8.294739045112854425e-01 8.442704483207692512e-01 8.441144168446285123e-01 8.526342573781853229e-01 8.486174183534788140e-01 8.470021105505518566e-01 8.542824980959311532e-01 8.491329523801494084e-01 8.390439868773161836e-01 8.401840793864338020e-01 8.472186563157427797e-01 8.467681581719557204e-01 8.474903108027572740e-01 8.465534266574847866e-01 8.523659698862268153e-01 8.487447618528073390e-01 8.507794116188134304e-01 8.455525603112460375e-01 8.450295212257336042e-01
