1.000000000000000000e+00 1.092097571716441340e-01 8.243059244160609589e-02 5.139810800436733773e-02 4.705007575351453225e-02 1.456837522457948494e-02 2.183607950966843375e-02 9.099681508005405192e-03 6.945316121188623015e-02 1.792751169505013911e-02 1.270295938390994354e-02 7.875956539472938472e-03 3.520211924153267280e-02 -1.800172258515719088e-03 -2.420620997230648816e-03 1.721530907516569467e-02 3.817536618542881344e-02 9.023493075753249645e-03 2.249303384673222855e-02 4.083467751093727144e-02 1.062998598195712997e-02 2.583872144964981937e-02 5.089197502408831716e-03 1.897351669845290592e-02 2.320727479478870703e-02 1.415137901127563359e-02 1.453786149320219524e-02 9.658713737381491998e-03 1.647606811839406188e-02 2.611917816795862601e-02 1.166004881328672887e-02 7.059842429423770181e-03 -8.701723892780363276e-03 8.200586641527148404e-03 -2.372147042364294595e-03 -7.355077853013340314e-03 8.341581376759419492e-03 -3.984257378495784140e-04 -2.917556094265069244e-03 -1.777763769394546250e-02 7.950966030748216539e-04 -1.331434219118582049e-02 -5.565154008326113344e-03 4.824675562759467122e-03 -1.165969749151121986e-03 -3.008056146644433847e-03 4.920810653521102973e-03 1.109337219280560373e-02 1.307104831515775931e-02 1.349865402803738373e-02 1.166727351499979859e-02 1.428896544456397313e-02 1.470225756961760118e-02 1.913707672056868397e-02 1.662163785515734238e-02 1.579164281505663486e-02 3.254114348620797126e-02 8.567476486366071634e-03 1.885394710022184755e-02 1.888968706621859187e-02 6.165525606249032571e-03 2.194128677304502464e-02 1.142536700459259764e-02 1.490853525458914544e-02 1.973343606043634693e-02 2.451481746256944580e-02 1.034804326700376233e-02 6.281764919222583045e-03 7.388686781818989968e-03 1.501399174125150372e-02 7.608404322742693716e-03 1.196319395247561271e-02 1.185159644918774846e-02 1.009375598066875046e-02 9.505883534723877717e-03 7.372067008570574315e-03 4.330507145414496458e-04 5.394841402841013198e-03 5.996749938884759004e-03 3.261672569137047135e-03 9.307751687063919172e-03 6.400450677838868604e-03 7.660724678783911723e-03 5.640128706382003566e-03 -3.654509758174970951e-03 6.065863076312016933e-03 4.771241399481884922e-03 -3.405850651171575625e-04 -1.344980802217366498e-03 9.437869126758166236e-03 -8.923128628112916502e-03 -2.899221976304561504e-03 5.159619370660391323e-04 -2.833881748041380041e-03 5.900641633160084130e-03 1.021613975124824499e-02 1.693484452520687463e-03 1.561878635189983648e-02 3.215147629363416214e-03 1.631640045289177747e-03 -5.519020324527048812e-03 8.606747249815685161e-03 1.261225856223595343e-02 2.784672077023596024e-03 2.505524250968817201e-03 1.634241456225562703e-02 1.440946505438340901e-02 1.298400585187102843e-02 8.937390534717280788e-03 1.013939002520361336e-02 1.034894526152346263e-02 1.248200464963544407e-02 1.289549505226142076e-02 3.013677569093813936e-03 1.028422051701538553e-02 1.577247267421117913e-02
1.092097571716441340e-01 1.000000000000000000e+00 9.826770353072877828e-02 1.680922623242124270e-01 8.351845947451341790e-02 1.154006075137833376e-01 1.648602812587107724e-01 1.341894525095874147e-01 1.694401119096423658e-01 1.625513631633027090e-01 1.476138801306973447e-01 1.523350407157602338e-01 1.306820062517476400e-01 1.304165526877744674e-01 1.556514399562128059e-01 1.482851330416486701e-01 1.565495890434786819e-01 1.491017809425062568e-01 1.400020558527686199e-01 1.869586835113485057e-01 1.524252036094854157e-01 1.464871176396288222e-01 1.448725698557509489e-01 1.611660399830937285e-01 1.618486713825978418e-01 1.550654027813749281e-01 1.585604858567620512e-01 1.760280269513364582e-01 1.723082432598391500e-01 1.647186518742771999e-01 1.584631927621108771e-01 1.607101774118157300e-01 1.574115174604815426e-01 1.607963932515461269e-01 1.561539347540005784e-01 1.444873940911896304e-01 1.580016098878464226e-01 1.559638334113590263e-01 1.566821228981115366e-01 1.586965431213786804e-01 1.529848146323834202e-01 1.579858165246745272e-01 1.476837503816197383e-01 1.574936847070348700e-01 1.540536548111965387e-01 1.601337851750993246e-01 1.514261709218222562e-01 1.583458253077522915e-01 1.563708293479873779e-01 1.517848060437766156e-01 1.549802813754331543e-01 1.388266207618588932e-01 1.455374607443773449e-01 1.609664797199235609e-01 1.621023057387300792e-01 1.647092863359324033e-01 1.584717179915667018e-01 1.568738229460502065e-01 1.580196581875479289e-01 1.568385590073856917e-01 1.480160140547333025e-01 1.603603123786433993e-01 1.570391384788558664e-01 1.539284349091145920e-01 1.532180860858107507e-01 1.618510540816938681e-01 1.583525495042957254e-01 1.558436267124910235e-01 1.612638256328301212e-01 1.654386756606885112e-01 1.566067584123364553e-01 1.577109133362383508e-01 1.624828244808781408e-01 1.557326548353854256e-01 1.601372181750539136e-01 1.600209093106952085e-01 1.672547254258753280e-01 1.641176433537989421e-01 1.571890982595023079e-01 1.584166784860939758e-01 1.601925092471560841e-01 1.551638128382259729e-01 1.606614264528936908e-01 1.613850676563429176e-01 1.551871778364280474e-01 1.585086887063633376e-01 1.591710683723126796e-01 1.559798056734124361e-01 1.544310521131015967e-01 1.618346957847340006e-01 1.612568736242472045e-01 1.560679552557087957e-01 1.566449175334118094e-01 1.555576777163929503e-01 1.537398121789005090e-01 1.584504468966716761e-01 1.462141466295426295e-01 1.532038546167162618e-01 1.486596091660482843e-01 1.485080497305611980e-01 1.498426428423082490e-01 1.527655749959463127e-01 1.531966788201888641e-01 1.514829780960856853e-01 1.502086917184631554e-01 1.556294485950019124e-01 1.577421811113763894e-01 1.619746302606660526e-01 1.580801867247837444e-01 1.563515880852783535e-01 1.572009424682296597e-01 1.585532918230102284e-01 1.561080684461665091e-01 1.517445120914734380e-01 1.558902852462520361e-01 1.575954830726141176e-01
8.243059244160609589e-02 9.826770353072877828e-02 1.000000000000000000e+00 3.048195816496080957e-01 1.832630735729101623e-01 2.559735955145089892e-01 3.377524610735198052e-01 3.106046429687801536e-01 3.524484748462560213e-01 3.223571764295576347e-01 3.634935611404300770e-01 3.644078849812676935e-01 3.346083169450113082e-01 3.463492139262467351e-01 3.802386539567149670e-01 3.726732378600604578e-01 3.613029537301462590e-01 3.734405540893854791e-01 3.679379772693142092e-01 3.531731420094196827e-01 3.812187010446280722e-01 3.769471547458704275e-01 3.549072387236681947e-01 3.780555423984147123e-01 3.828998957077768828e-01 3.942060881385407445e-01 3.668882764653061956e-01 3.785394711359555409e-01 3.759292252078605401e-01 3.808600997294179780e-01 3.901750248889348516e-01 3.839928495622051408e-01 3.620317506950532782e-01 3.847957891284535248e-01 3.713327387578670424e-01 3.772701374533755647e-01 3.896814304131940854e-01 3.776085255527074080e-01 3.860636672586786333e-01 3.824478607067682834e-01 3.846860977623672850e-01 3.793291288000522066e-01 3.808235621697572126e-01 3.777542362714366719e-01 3.891030358641692222e-01 3.809231115205601315e-01 3.796313801940783828e-01 3.832430963241771904e-01 3.781727361305075030e-01 3.763215711661020979e-01 3.813055165649812395e-01 3.814399223144403495e-01 3.795206064488752529e-01 3.800347748987584762e-01 3.797308353040717566e-01 3.871368317873974396e-01 3.812288920081892130e-01 3.811418834599691330e-01 3.741198037396176734e-01 3.793828327515899046e-01 3.800024190162387128e-01 3.767187668352705576e-01 3.808203878893253180e-01 3.783218768965898038e-01 3.851574936647913505e-01 3.845764221165582919e-01 3.854587574179478282e-01 3.876863575292898156e-01 3.870383929656109334e-01 3.858842138455290671e-01 3.857988787754802473e-01 3.875544750568390429e-01 3.837101500990412473e-01 3.873182232806576808e-01 3.895415731038915919e-01 3.863070327945294924e-01 3.880468690981649371e-01 3.843679622629927461e-01 3.883179226760389291e-01 3.880879987714105361e-01 3.880234080532521390e-01 3.913136743662005701e-01 3.883656882007161526e-01 3.871256095481391823e-01 3.855036803087349973e-01 3.849156185428844745e-01 3.883640913334287514e-01 3.868533446917690188e-01 3.847647183600927390e-01 3.875227736452660499e-01 3.901645176645981983e-01 3.884579576807160040e-01 3.854064858680461558e-01 3.845416235721674791e-01 3.828023804367616800e-01 3.836693455879727765e-01 3.857055252052706273e-01 3.809342754325449332e-01 3.828389591947818360e-01 3.864191532564207332e-01 3.861208451570101174e-01 3.829502934268460557e-01 3.842772024387058338e-01 3.845450139014653934e-01 3.866876966074858091e-01 3.833477604685129325e-01 3.848100749581211399e-01 3.839635081395460503e-01 3.847209777089596328e-01 3.850031215633726300e-01 3.825130156426643779e-01 3.855694249620622016e-01 3.842121769032180167e-01 3.853525611438063936e-01 3.859091067673033892e-01 3.855435328000826889e-01
5.139810800436733773e-02 1.680922623242124270e-01 3.048195816496080957e-01 1.000000000000000000e+00 3.526650401144523217e-01 4.077597294920994320e-01 6.092535355751431680e-01 5.724896599369351247e-01 6.148003175093734729e-01 5.454930945695348754e-01 6.203122924664503657e-01 6.655627533935383200e-01 5.788372761660665056e-01 6.112998408598236955e-01 6.710607590202920525e-01 6.529749818312182708e-01 6.266619255143058842e-01 6.442805867878873549e-01 6.413212590604728813e-01 6.207437610206359979e-01 6.668330245983381532e-01 6.651368759663475183e-01 6.383688312536048848e-01 6.570074128152288973e-01 6.586233228907067971e-01 6.638405019263216023e-01 6.589880019704118519e-01 6.712875418955308593e-01 6.689991000155626200e-01 6.810271659362165941e-01 6.809645614051458296e-01 6.804940152371183881e-01 6.510385496148044515e-01 6.806836260372970404e-01 6.653686561247812437e-01 6.577921642738321362e-01 6.737474008226280731e-01 6.735939584789387702e-01 6.764591309356737803e-01 6.552070404740194531e-01 6.720447889338986291e-01 6.689888848340522776e-01 6.579890511758169636e-01 6.726672327464048307e-01 6.743334697150273893e-01 6.739148005322010970e-01 6.713746351961357162e-01 6.751234678295797709e-01 6.755812121047632957e-01 6.768164010168994382e-01 6.769161027473525882e-01 6.579843162326826089e-01 6.667247493159429439e-01 6.790787277806182853e-01 6.818255693374208892e-01 6.763906792643089583e-01 6.819148854241826596e-01 6.696038103688597420e-01 6.744727545191754325e-01 6.754720579714059703e-01 6.744144159968537000e-01 6.743814454651558821e-01 6.805120512026504587e-01 6.766955415841399146e-01 6.792838592848029489e-01 6.835754125939003112e-01 6.757922289488194068e-01 6.784509227450068458e-01 6.775672059170477768e-01 6.804116214401149110e-01 6.805267969401781469e-01 6.790101588622773354e-01 6.751232168676252199e-01 6.779249997838997510e-01 6.802173650040298503e-01 6.804009341046286519e-01 6.832640895799501068e-01 6.846102161350674509e-01 6.768494828445348332e-01 6.790119983306130980e-01 6.797097319547773520e-01 6.811427403925323087e-01 6.890390211348378369e-01 6.772944382359246118e-01 6.788995087456837219e-01 6.797431010232853899e-01 6.785827421927577152e-01 6.821119521080920567e-01 6.776175519262008784e-01 6.863015910396722541e-01 6.769863923099976866e-01 6.761989395644744105e-01 6.752128037701857766e-01 6.803608579746553975e-01 6.763364829889972896e-01 6.781041235869753603e-01 6.804030606583236773e-01 6.864806008747408317e-01 6.822087958592034651e-01 6.771171817244894253e-01 6.775373727966137460e-01 6.861783107907364343e-01 6.754720153649090841e-01 6.777129063478954940e-01 6.807094818749934717e-01 6.876299622871593353e-01 6.809903001385463339e-01 6.815160403643907294e-01 6.832151229075125176e-01 6.807393243183613718e-01 6.827137270606449260e-01 6.812838035771909828e-01 6.821846833993563397e-01 6.824770644145106147e-01 6.810072655969443556e-01 6.828960095616407600e-01
4.705007575351453225e-02 8.351845947451341790e-02 1.832630735729101623e-01 3.526650401144523217e-01 1.000000000000000000e+00 2.835512048552767395e-01 4.576544880417117711e-01 4.411934199745848328e-01 4.696270797774950712e-01 4.112859149489687671e-01 4.314363131811919105e-01 4.809974210470737699e-01 4.730539734359398563e-01 4.388782125927120359e-01 4.932377064462749594e-01 4.842769999372729117e-01 4.199190965005435427e-01 4.395964059097201004e-01 4.539207687240112143e-01 4.464593219349109465e-01 4.525864418965425684e-01 4.743688970056481602e-01 4.243550871673350544e-01 4.453280514575206350e-01 4.693951351131028238e-01 4.783709830080819514e-01 4.789637045732048071e-01 4.703538473737259862e-01 4.669550186910043643e-01 4.897400985485020897e-01 4.876421751798904469e-01 4.770815393896918333e-01 4.505945927298092846e-01 4.686866339393747083e-01 4.709518202578387158e-01 4.481125274542619996e-01 4.894300338083680257e-01 4.727725389574130577e-01 4.822738704317956482e-01 4.532952105292462619e-01 4.810441258920003516e-01 4.821073145268400806e-01 4.877213056889292964e-01 4.997241930063380799e-01 4.875084874508384125e-01 4.882629898696632664e-01 4.927437132858481506e-01 4.950231253611809268e-01 4.893446366214379006e-01 4.720672934583607927e-01 4.900618341124281518e-01 4.812176721303466076e-01 4.999767193558086742e-01 4.939025507083987243e-01 4.912083441250497673e-01 4.875490399073516001e-01 4.829368249177506400e-01 4.971595831660616249e-01 4.850938312144689735e-01 5.025118569694193571e-01 4.927265865176980730e-01 4.948264184220979578e-01 4.837030004749455214e-01 4.908361442412466080e-01 4.871176358529946682e-01 4.991478050274983369e-01 4.916727858961791320e-01 4.882988841003670366e-01 4.891933549258352665e-01 4.934067088165706161e-01 4.949261394310264794e-01 4.928909484702191923e-01 4.887037595772858456e-01 4.921131441910345239e-01 4.960634098799436842e-01 4.916861620044290504e-01 4.883572673226752037e-01 4.910480875705699466e-01 4.940733632182077173e-01 4.936698032296913952e-01 4.943215805261427787e-01 4.965206888000734953e-01 4.830232190541827175e-01 4.925429593997357469e-01 4.848109117008670421e-01 4.912783486656676635e-01 4.937692307520417656e-01 4.911360251681202160e-01 4.928473064752652011e-01 4.892234124253714289e-01 4.829619698255148696e-01 4.923868367489263598e-01 4.903570917361524395e-01 4.941186658533006093e-01 4.960663354965753058e-01 4.941822311708720661e-01 4.785060891422814877e-01 4.845425460076407953e-01 4.873446049086345155e-01 4.898822680045763489e-01 4.892610719306825784e-01 4.872218902230158188e-01 5.007391372159664122e-01 4.958642191866476368e-01 4.912248560261968100e-01 4.811587168636955458e-01 4.927598252352114461e-01 4.936191992367525705e-01 4.930614904243189600e-01 4.939424195142078644e-01 4.910168267587550761e-01 4.979817476190340209e-01 4.932769879103738875e-01 4.916566804316082617e-01 4.943153061313388941e-01 4.958211697572850185e-01
1.456837522457948494e-02 1.154006075137833376e-01 2.559735955145089892e-01 4.077597294920994320e-01 2.835512048552767395e-01 1.000000000000000000e+00 5.302234013091644549e-01 4.939809000350675605e-01 5.452826285431616737e-01 5.048388526093179340e-01 5.485340075129868653e-01 5.794648110974696120e-01 5.558138564982126884e-01 5.277570213643495434e-01 5.887800421457086708e-01 5.803732353232033958e-01 5.300706281266980291e-01 5.529958076458835192e-01 5.763043970865445731e-01 5.336967923477049514e-01 5.617992808102656443e-01 5.874020373796220440e-01 5.446137619271679275e-01 5.646501773333144625e-01 5.777206654472493152e-01 5.868990762309678200e-01 5.763445741504872322e-01 5.800761403774514768e-01 5.812867569685985503e-01 5.928979847036698336e-01 5.978988792612781600e-01 5.934964541245079106e-01 5.762614841836000146e-01 5.881088291940611557e-01 5.816830970499798914e-01 5.756948055441536427e-01 5.918026116961594418e-01 5.893204547196215781e-01 6.009250878393228579e-01 5.689439210812863301e-01 5.990794479523078309e-01 5.952062766991640386e-01 5.906768717515199496e-01 6.079423065409820248e-01 5.951618865109136181e-01 6.005422520322135638e-01 6.063138164649193307e-01 6.059534494465333987e-01 6.028793980516103934e-01 5.899078321123201185e-01 6.011112707203547512e-01 5.797480762684077416e-01 5.970342408727968841e-01 6.036457799725573059e-01 5.959761537009872212e-01 5.952663356010268192e-01 5.913913213299262228e-01 6.053406214575337563e-01 5.990424201996807918e-01 6.075507365743444410e-01 6.011239232120133558e-01 6.054681496790524919e-01 5.972915203672153339e-01 6.033571374414412603e-01 6.037457051758086113e-01 6.068168221858238898e-01 6.058451923099527070e-01 6.068209430258627579e-01 6.069662105304995947e-01 6.031498694738804955e-01 6.077239463520207607e-01 6.081177357172404818e-01 6.031847779941275078e-01 6.071449117173886023e-01 6.061047456911207165e-01 6.046608625251751468e-01 6.050682728759692042e-01 6.060405349987668666e-01 6.053073126983162799e-01 6.051853659801508245e-01 6.050542616694550846e-01 6.090376984935306215e-01 6.029801258662388364e-01 6.069966694380406480e-01 6.026992881441646244e-01 6.060823852538581580e-01 6.060895497026397294e-01 6.080333230859388260e-01 6.107621524354766018e-01 6.027577679327982274e-01 6.025011344577206884e-01 6.088560947764106723e-01 6.087764506178005020e-01 6.063114777618127116e-01 6.105779364457600833e-01 6.083116923092017903e-01 5.979717535350960178e-01 5.994636650657521049e-01 6.035209374600335464e-01 6.061794603273998883e-01 6.047690600308339715e-01 6.045381204602247038e-01 6.031051838070751181e-01 6.070651711639115655e-01 6.035302206110417789e-01 5.981583826687945082e-01 6.078843748382163348e-01 6.070043170216962158e-01 6.069229662399862057e-01 6.090393612542057689e-01 6.050093286322627550e-01 6.089992097862083620e-01 6.082745342128387245e-01 6.084899218338476468e-01 6.045542727039882047e-01 6.057638249562524724e-01
2.183607950966843375e-02 1.648602812587107724e-01 3.377524610735198052e-01 6.092535355751431680e-01 4.576544880417117711e-01 5.302234013091644549e-01 1.000000000000000000e+00 6.947228518307442258e-01 7.346667625772649313e-01 7.027404026925486713e-01 7.581034128188420818e-01 8.073289308057847169e-01 7.262508862569047041e-01 7.358173280719988441e-01 8.477605911295178487e-01 8.046544749654648276e-01 7.308450302050397696e-01 7.833022833687346420e-01 7.877110695526953199e-01 7.683800376322560410e-01 7.910163914578752786e-01 8.057186420018886963e-01 7.529764985828318880e-01 7.838734099000302935e-01 8.008296023360750304e-01 8.082565634012889300e-01 8.030182796857971983e-01 8.392300017819879221e-01 8.061808635975884485e-01 8.238162590877428082e-01 8.335599549662249252e-01 8.199513089738811322e-01 8.064468151003606478e-01 8.129962515947666279e-01 8.074156472269850005e-01 7.963709456626136829e-01 8.331696285714603745e-01 8.187525278169680565e-01 8.303364154780695783e-01 8.147897199179534589e-01 8.255513883745988490e-01 8.388379361172488835e-01 8.286761928472589078e-01 8.362281069610125739e-01 8.288221826693730199e-01 8.417258509153313639e-01 8.257607419178825126e-01 8.284193312418717259e-01 8.214568945923684806e-01 8.017281828889389894e-01 8.164871445783643544e-01 7.875118703192210967e-01 8.146828994998853712e-01 8.286833736525850425e-01 8.223895845739161992e-01 8.226704380652127835e-01 8.064422918152900355e-01 8.205077148573118873e-01 8.206134225160838236e-01 8.247824519125894760e-01 8.193072148864285476e-01 8.182818245375155231e-01 8.150363178587659574e-01 8.135511451835527597e-01 8.204326211036601091e-01 8.226133760582118315e-01 8.254425579304590643e-01 8.282829247023290042e-01 8.265308908625271789e-01 8.314644043610645019e-01 8.331193519798200109e-01 8.311194410815906375e-01 8.227651695827837841e-01 8.314372537190302115e-01 8.337831154177981485e-01 8.375617431176002325e-01 8.438518152174731002e-01 8.321462716767692447e-01 8.365561635887236447e-01 8.402938391824732456e-01 8.353906110114728278e-01 8.351582277699930446e-01 8.300854639767701881e-01 8.360564544065545167e-01 8.286946107968604647e-01 8.288683698173450187e-01 8.361874924491730088e-01 8.350754821544236206e-01 8.353408539653605080e-01 8.300176266921776014e-01 8.417705400344750455e-01 8.386937854397372716e-01 8.344658422119808350e-01 8.403367650804084432e-01 8.315457458402303326e-01 8.315108636690518029e-01 8.211592567569476753e-01 8.197435838927618068e-01 8.249150295142758660e-01 8.292142300029194946e-01 8.320996860975291565e-01 8.258908571446428315e-01 8.247003687927468851e-01 8.291427015009203982e-01 8.272057955633340676e-01 8.209105910664914463e-01 8.285551746313620791e-01 8.322415626813537415e-01 8.331678279917520413e-01 8.295876017795763557e-01 8.321094988636918988e-01 8.304789164448220795e-01 8.284097950517658182e-01 8.275617375241772766e-01 8.271135536732238114e-01 8.276085393813856772e-01
9.099681508005405192e-03 1.341894525095874147e-01 3.106046429687801536e-01 5.724896599369351247e-01 4.411934199745848328e-01 4.939809000350675605e-01 6.947228518307442258e-01 1.000000000000000000e+00 7.115827814189165101e-01 6.539017839785330466e-01 7.292732857997823448e-01 7.748383874065090104e-01 7.055609203071103730e-01 6.924827722907792582e-01 7.913559507044387598e-01 7.817529799443371230e-01 7.166463217672948138e-01 7.422900643392902342e-01 7.513094456723279357e-01 6.961748516035588530e-01 7.483780322322229894e-01 7.731361097994172704e-01 7.276023579778515549e-01 7.430343674610132565e-01 7.662267011130329264e-01 7.707353353220948167e-01 7.613055833343398415e-01 7.689031613958013933e-01 7.581282614520362673e-01 7.821837843889730690e-01 7.930539083562299085e-01 7.930486487906378557e-01 7.708262764450183324e-01 7.835715762426487263e-01 7.744382853241550402e-01 7.706713382217170727e-01 7.858167802545918956e-01 7.983391745743224632e-01 7.953208268466750441e-01 7.657292414883976051e-01 7.838956346781209561e-01 7.876130496623420241e-01 7.797273250208168749e-01 7.963212708833231623e-01 7.861402339632306280e-01 7.968466623181038599e-01 7.935048943275279099e-01 7.960564161316525666e-01 7.939819358514159653e-01 7.938942347813366940e-01 8.024373985716013458e-01 7.579020002111741539e-01 7.788401917624436788e-01 7.936292441525125696e-01 7.956852594061071260e-01 7.977087913126991170e-01 7.861808194966029006e-01 7.929740977750682207e-01 8.006826997711796734e-01 7.918400144440148614e-01 7.914907465839396972e-01 7.920903976158407689e-01 7.953172231055363195e-01 7.912607677246683568e-01 7.920668113040423286e-01 7.913980637308772881e-01 7.971659709674757677e-01 7.946962447250165429e-01 7.915962703581974624e-01 7.892540018077683905e-01 7.990510016922460768e-01 7.990372317933035484e-01 7.890970054932596733e-01 7.929433460842180148e-01 7.930465694909105689e-01 7.931213437393241916e-01 7.894024612543395492e-01 7.882885423906242917e-01 7.894439567609731201e-01 7.966854544566848162e-01 7.952980535462708112e-01 7.980540572691913193e-01 8.008843662112620221e-01 7.952923131770132104e-01 7.946578497947272002e-01 7.949084134169714932e-01 7.969830536307327407e-01 8.010704543216355944e-01 7.999180323967807205e-01 8.028642813790557442e-01 7.889344973756965418e-01 7.971048412717419707e-01 7.969448759367606661e-01 7.988378761427383790e-01 8.006923271178838508e-01 8.008420946402097229e-01 7.966636137544313989e-01 7.994348319324645624e-01 7.988507055221425457e-01 7.985411533219776148e-01 7.963250788388998025e-01 8.041557838391146795e-01 7.941101813118135455e-01 8.003198657579004838e-01 7.968442099404948742e-01 7.988314844679059723e-01 8.004992836172930559e-01 8.021630037788115564e-01 8.028558674774676218e-01 8.035121429140376081e-01 8.072937113452758329e-01 8.005608966461692511e-01 8.015238105676507629e-01 8.020666135343971215e-01 7.985575550880584794e-01 7.984408898970040136e-01
6.945316121188623015e-02 1.694401119096423658e-01 3.524484748462560213e-01 6.148003175093734729e-01 4.696270797774950712e-01 5.452826285431616737e-01 7.346667625772649313e-01 7.115827814189165101e-01 1.000000000000000000e+00 7.587763003117200533e-01 8.125313602948573966e-01 8.562128658350366406e-01 7.751137139277320953e-01 7.790959113097490896e-01 8.558192857509933082e-01 8.481208578680975441e-01 8.067082422886798776e-01 8.161112992056761550e-01 8.338691616157863917e-01 7.848124883509534078e-01 8.260811303529945748e-01 8.565867584440561844e-01 8.055325227810775646e-01 8.294141070925631354e-01 8.475232740037164092e-01 8.620755010467919810e-01 8.513149667412336363e-01 8.499848510964320702e-01 8.460202060901895749e-01 8.723785696721795269e-01 8.772252986426608556e-01 8.752316052529702795e-01 8.449541165181432278e-01 8.644699448366263139e-01 8.508546346049454812e-01 8.392977059859283440e-01 8.702952595439491512e-01 8.663786366794657967e-01 8.712959762862790836e-01 8.351186922910744936e-01 8.697877910833714532e-01 8.617987360535064312e-01 8.613655717054387040e-01 8.823763690875334742e-01 8.711655605671185798e-01 8.704981982313102495e-01 8.810609443986031630e-01 8.898186073830463005e-01 8.870120599872606260e-01 8.707460376872009356e-01 8.808635024631183974e-01 8.513405154916052764e-01 8.763724770298504385e-01 8.874219736017325832e-01 8.782931497806285570e-01 8.791700889591113066e-01 8.802741002084948363e-01 8.790703440588004680e-01 8.796081336719462351e-01 8.938497917004309956e-01 8.825731463043571257e-01 8.871492098462229192e-01 8.727501039015257422e-01 8.878623191931916958e-01 8.843760420964544844e-01 8.890877752778649779e-01 8.858602110751684355e-01 8.839092011892498713e-01 8.842132075320626727e-01 8.852051943183107952e-01 8.842515198307654423e-01 8.881489150274931577e-01 8.808316173657668724e-01 8.846200804055750488e-01 8.890477886144009245e-01 8.838849528933696575e-01 8.806764624418162990e-01 8.802709424146467621e-01 8.805253921416738017e-01 8.837920990983652025e-01 8.837606519537583027e-01 8.875220879033964838e-01 8.807779485559215082e-01 8.822355215073873769e-01 8.738541779148537580e-01 8.839768071480863521e-01 8.835775264636801518e-01 8.807901336621852817e-01 8.821554760083017976e-01 8.801300363522760462e-01 8.733581004295678518e-01 8.799816389555570328e-01 8.816407758047033472e-01 8.823547431550998743e-01 8.868706578901295323e-01 8.873076757570298456e-01 8.707069865912938633e-01 8.768031145540230442e-01 8.765537964321428177e-01 8.786476467333331763e-01 8.776377359074940543e-01 8.786568602047368781e-01 8.869865990933937239e-01 8.857495305031535260e-01 8.802324578766771435e-01 8.740696660128607354e-01 8.885778304835548758e-01 8.873217861472808554e-01 8.857017344283003579e-01 8.858081052678425937e-01 8.809624475381673259e-01 8.901367561665483041e-01 8.839758452477933792e-01 8.830728735141043506e-01 8.877059837593485048e-01 8.875175932040049176e-01
1.792751169505013911e-02 1.625513631633027090e-01 3.223571764295576347e-01 5.454930945695348754e-01 4.112859149489687671e-01 5.048388526093179340e-01 7.027404026925486713e-01 6.539017839785330466e-01 7.587763003117200533e-01 1.000000000000000000e+00 7.464982339879095985e-01 8.002923863846688191e-01 7.109717421158829875e-01 7.235157614792676606e-01 8.021553918210383438e-01 7.927353386627583598e-01 7.255745966664750579e-01 7.504327749379468004e-01 7.740407585500410637e-01 7.322369723046013856e-01 7.600876258057518431e-01 7.872444197639413277e-01 7.356346153439435875e-01 7.672852281392803508e-01 7.831631486900694217e-01 7.921782598648761109e-01 7.825129609557089916e-01 7.964678547771696371e-01 7.800209993000537523e-01 8.052742518253053206e-01 8.124147694767513972e-01 8.115930453275703726e-01 7.912983632501249254e-01 8.014671080255442170e-01 7.925274471632932638e-01 7.790263147762476192e-01 8.167585761267244227e-01 8.083675537910408604e-01 8.145344266903815633e-01 7.948419928653617239e-01 8.186097922592330267e-01 8.176668642978459633e-01 8.113907513513752834e-01 8.231594982320904474e-01 8.123796177215195646e-01 8.216989760770605500e-01 8.247880039018168352e-01 8.279272944560188696e-01 8.260703641700932742e-01 8.028158433492957879e-01 8.157958361233185185e-01 7.787115286928739666e-01 8.086137972570119903e-01 8.257955543141033417e-01 8.161263102912870160e-01 8.162544761934520388e-01 8.055145609448579602e-01 8.213405408037399713e-01 8.150231858550652797e-01 8.277360509826682256e-01 8.180702224986928783e-01 8.209016373868767147e-01 8.076939646815722851e-01 8.167008071839545469e-01 8.174167264187105486e-01 8.216271257232939940e-01 8.256921886434548385e-01 8.233911094853213486e-01 8.231080384973030739e-01 8.217602325103295913e-01 8.250447265408863418e-01 8.253844515886171740e-01 8.199678465214179646e-01 8.221254224928111753e-01 8.261379429019054532e-01 8.252055028467791820e-01 8.262513225150882601e-01 8.188418678137380224e-01 8.212262230216302861e-01 8.250835398608772353e-01 8.246076572252747372e-01 8.268954464560690498e-01 8.174930373623170432e-01 8.226696714315657744e-01 8.187023690773665985e-01 8.242572696477695748e-01 8.225423868787378190e-01 8.257868717406573467e-01 8.257408514792943244e-01 8.189007832377340756e-01 8.233198447683897081e-01 8.280216193676753766e-01 8.235813476831735924e-01 8.278329322500698195e-01 8.271198492647033884e-01 8.289007978815666755e-01 8.112996363753862683e-01 8.095458838149662828e-01 8.168801312679793147e-01 8.209956993634933697e-01 8.211079443096946928e-01 8.177660558326735885e-01 8.241652187507838567e-01 8.253965666842222326e-01 8.191533020164303291e-01 8.090538646638143483e-01 8.269956451806000919e-01 8.266299677369878252e-01 8.258161187091105360e-01 8.240262314819067901e-01 8.219230042538300252e-01 8.276105134572726563e-01 8.233419106749069183e-01 8.211426922591406052e-01 8.247880041729130918e-01 8.228234304022417067e-01
1.270295938390994354e-02 1.476138801306973447e-01 3.634935611404300770e-01 6.203122924664503657e-01 4.314363131811919105e-01 5.485340075129868653e-01 7.581034128188420818e-01 7.292732857997823448e-01 8.125313602948573966e-01 7.464982339879095985e-01 1.000000000000000000e+00 8.798142188209778780e-01 7.813945366906556167e-01 7.978268710512809170e-01 8.800877531695258105e-01 8.619745348388206940e-01 8.055273534350724240e-01 8.458304146184928429e-01 8.598649014948271940e-01 8.010413029139508145e-01 8.473229933620597398e-01 8.707054210742748435e-01 8.331090434371671849e-01 8.561326766325326743e-01 8.715888951871884061e-01 8.818320262020691302e-01 8.640012766475708705e-01 8.724359388331754950e-01 8.674151632453999117e-01 8.857451024322989808e-01 9.075459820741468286e-01 8.949462508484938850e-01 8.693999909587785124e-01 8.911494507440296253e-01 8.689146385088725166e-01 8.733790844212251381e-01 8.870311837593110038e-01 8.904469232104550436e-01 8.993392847262379197e-01 8.734081838035684386e-01 8.939036721337327851e-01 8.906769818197850519e-01 8.908912700065134693e-01 8.989256546180729446e-01 8.962415141628761184e-01 8.946126370184160903e-01 9.001187623551794026e-01 9.027804135980075362e-01 9.008603995197886904e-01 8.920076153701046451e-01 8.977454229234450578e-01 8.698756303923709243e-01 8.906168293144657300e-01 8.995703657349759519e-01 8.951852206203999573e-01 8.967825024019474567e-01 8.912262670806996301e-01 8.933680316882330885e-01 8.931434881077108257e-01 9.012271376104391551e-01 9.002447913940206936e-01 8.961875277468960288e-01 8.937252599109952733e-01 8.992552756387630630e-01 8.992771013405126412e-01 9.001700482400689651e-01 9.044685753499286385e-01 9.048628012128604459e-01 9.039999917988632561e-01 9.013940723179282299e-01 9.044281356003988082e-01 9.070799096253664429e-01 8.994797875138819121e-01 9.042144784597238028e-01 9.052652704829209362e-01 9.017878668695941125e-01 9.014777320076314826e-01 9.007024128519260930e-01 9.027624882135818485e-01 9.014797399766943942e-01 9.047507168673061262e-01 9.067078715006681167e-01 9.021599261235556666e-01 9.014599282746843523e-01 9.025838662967144987e-01 9.051000912479768568e-01 9.058863059726154354e-01 9.046450174421177826e-01 9.061687692758018109e-01 9.006318783236503256e-01 9.009768948572416392e-01 9.044591466339572117e-01 9.054578767053692578e-01 9.048240402981496677e-01 9.054577286177677431e-01 9.053941435828734008e-01 8.991477980854295504e-01 8.942223536865061551e-01 8.994263334500318674e-01 9.026803453671528032e-01 9.034928046102470578e-01 9.000390899092711727e-01 9.029602404790645354e-01 9.043974580096345584e-01 9.043300307812013328e-01 8.937919461532115584e-01 9.055270223646953998e-01 9.027831295832888792e-01 9.045090801793355118e-01 9.014676458985622087e-01 9.003165531865316984e-01 9.040384785463764228e-01 9.009975258865769998e-01 9.038625850124890615e-01 9.044497683376258035e-01 9.025767866749606627e-01
7.875956539472938472e-03 1.523350407157602338e-01 3.644078849812676935e-01 6.655627533935383200e-01 4.809974210470737699e-01 5.794648110974696120e-01 8.073289308057847169e-01 7.748383874065090104e-01 8.562128658350366406e-01 8.002923863846688191e-01 8.798142188209778780e-01 1.000000000000000000e+00 8.325986733222694447e-01 8.352875857700224893e-01 9.330724095573085242e-01 9.159443898181234278e-01 8.499377050767329411e-01 8.863648073590104648e-01 9.010815633250283119e-01 8.348410709608596880e-01 8.934897976072017078e-01 9.171641293544148255e-01 8.675825272253253617e-01 8.929612296676630034e-01 9.129892934466500298e-01 9.273894753160063509e-01 9.128590331899039123e-01 9.257085043872593788e-01 9.132143475262747279e-01 9.387924103457565561e-01 9.535800305637731622e-01 9.420488170876925027e-01 9.128668798791854666e-01 9.330784406347365501e-01 9.200100763072015519e-01 9.165340296271583531e-01 9.385798236884439483e-01 9.358130682867367156e-01 9.486101059554409298e-01 9.170692981260792909e-01 9.412114338008628067e-01 9.421702641424045677e-01 9.389129674951955939e-01 9.522045790839140933e-01 9.426754379977454468e-01 9.466518445177931618e-01 9.509953535152924076e-01 9.538002068396884692e-01 9.514469802919977015e-01 9.342903629493714002e-01 9.458298371115044789e-01 9.120672883985740942e-01 9.376317408243967089e-01 9.540114973576319102e-01 9.478315887692573272e-01 9.491502824186488496e-01 9.417467429210075736e-01 9.466383850905548680e-01 9.447239095740080916e-01 9.543819666059694118e-01 9.516318572651453200e-01 9.512975596636101816e-01 9.462094509473863990e-01 9.476325305186071857e-01 9.475197933125288907e-01 9.539182309563011275e-01 9.542003603245829968e-01 9.543727139197552001e-01 9.526855362640782587e-01 9.495468071234447471e-01 9.556478268731514181e-01 9.558573424100373916e-01 9.468476909544043529e-01 9.538989184368921181e-01 9.558421760931854472e-01 9.543175936692992467e-01 9.535672537774704249e-01 9.506918730563969078e-01 9.521349386387520930e-01 9.548163307283137335e-01 9.553289926194583614e-01 9.576167251990714835e-01 9.523679358256834648e-01 9.530523252720883853e-01 9.493104386617197132e-01 9.542256674858083931e-01 9.553485627287564563e-01 9.553267620326051368e-01 9.559754649272642624e-01 9.542120077147769885e-01 9.497359122630180117e-01 9.555305182373045048e-01 9.552037352320290609e-01 9.566594522267171108e-01 9.562527103556370811e-01 9.577804138077878893e-01 9.456542771539282466e-01 9.440404194628723156e-01 9.502219831686919971e-01 9.507362056521582172e-01 9.545731820444128823e-01 9.524521486854541363e-01 9.532630999094980906e-01 9.558253029013782376e-01 9.546128198945346144e-01 9.469868405321004712e-01 9.554124559758849777e-01 9.563297310978120525e-01 9.565911064763910066e-01 9.544726394923216395e-01 9.536319735456199043e-01 9.576584426893598456e-01 9.550692623017918992e-01 9.553587510364158764e-01 9.555188197156083696e-01 9.555967693285211118e-01
3.520211924153267280e-02 1.306820062517476400e-01 3.346083169450113082e-01 5.788372761660665056e-01 4.730539734359398563e-01 5.558138564982126884e-01 7.262508862569047041e-01 7.055609203071103730e-01 7.751137139277320953e-01 7.109717421158829875e-01 7.813945366906556167e-01 8.325986733222694447e-01 1.000000000000000000e+00 7.531505062022975094e-01 8.372693757937007542e-01 8.346674073411304295e-01 7.607319860543804158e-01 7.933944270107400332e-01 8.190766861944842603e-01 7.722653790861373491e-01 8.065310978596370584e-01 8.335422060151624901e-01 7.782333226297861728e-01 8.089007702056422167e-01 8.304608866357796604e-01 8.318616296781697894e-01 8.202551611369841567e-01 8.236819850730913162e-01 8.091485243043838871e-01 8.406527415855058472e-01 8.495953855673162858e-01 8.436696516136276136e-01 8.145614564493669496e-01 8.380396276124604249e-01 8.227534356840262575e-01 8.165746575014962705e-01 8.423430545782156775e-01 8.349281320268938655e-01 8.516562589595179089e-01 8.141404721335592232e-01 8.432881413198332066e-01 8.432863560762473565e-01 8.453670590651299888e-01 8.603116031516123696e-01 8.459308423438012259e-01 8.511761420594607941e-01 8.560936291059625391e-01 8.581194086522060394e-01 8.551764699822497207e-01 8.373710107761082044e-01 8.539040451765195217e-01 8.291441972756067313e-01 8.548383696740091686e-01 8.560545835072551624e-01 8.471011365664997683e-01 8.496069905864297445e-01 8.432414824860920977e-01 8.547875146206583841e-01 8.466326527406637936e-01 8.646835022878308630e-01 8.563175647189442685e-01 8.565829740804058456e-01 8.436536853822657056e-01 8.575956818129201187e-01 8.554088599821010330e-01 8.598405430067954658e-01 8.582575726012695583e-01 8.614115145080882829e-01 8.575266294464801708e-01 8.619076292426010033e-01 8.613794535078855841e-01 8.626212872762011319e-01 8.578193016700499385e-01 8.621503850116273293e-01 8.611461568270341038e-01 8.580544657347300985e-01 8.555041846861457522e-01 8.516379365424650016e-01 8.581043890372362926e-01 8.584978528823588029e-01 8.585971664654015179e-01 8.611546906200885365e-01 8.545027197541458230e-01 8.580635301081908084e-01 8.521310794761074447e-01 8.605612166676350760e-01 8.607189176832543698e-01 8.587274178889816589e-01 8.591573373242520351e-01 8.538374155887378247e-01 8.523592570539287872e-01 8.581110232366843116e-01 8.585018466527273295e-01 8.593081379380421714e-01 8.614866108591562321e-01 8.598282958475139681e-01 8.470895930528474782e-01 8.495784531009128449e-01 8.514009769565719088e-01 8.547428983941069980e-01 8.554318471575039773e-01 8.517588580020638567e-01 8.616383248467069933e-01 8.609644724246877656e-01 8.574882466809465864e-01 8.458948914294581733e-01 8.584660884696019290e-01 8.603844458619926971e-01 8.588854402451280290e-01 8.589303915819856972e-01 8.557484125131809005e-01 8.618506272818632352e-01 8.566993753299798620e-01 8.571202768754748735e-01 8.587081597275169065e-01 8.590332409931212831e-01
