1.000000000000000000e+00 2.506279954522972614e-02 6.953507483433997438e-02 6.617139602237395724e-02 1.060272236338510692e-02 -2.903594369637425929e-03 5.359428248877089879e-02 4.483779109796993262e-02 6.674039332940012725e-02 7.358970269217819313e-03 1.119823973675408701e-02 1.966101273503016028e-02 2.298351139399217383e-02 1.466256820774802447e-02 2.402075133930133694e-02 2.897923585024965790e-02 5.204709862258703051e-02 7.757897352130481428e-02 5.400440811845561712e-02 5.373812980408853440e-02 6.567513291159179922e-02 7.005449080032299936e-02 5.753469453048466742e-02 6.605278012941299959e-02 6.283349128232214309e-02 4.336846615667025451e-02 5.306092524966789237e-02 3.354863868939855776e-02 5.603906126086503209e-02 4.640804816223412232e-02 2.563442954691734846e-02 4.298253969488869536e-02 2.062812288589392987e-02 3.144968118531916990e-02 2.434501562520979476e-02 3.991186231171522242e-02 1.646159056657965636e-02 1.528808785292595958e-02 3.213836341471025537e-02 6.284247770437616232e-03 1.757897682870487518e-02 1.392930640119787941e-02 1.983967065908149793e-02 2.706257679767745325e-02 2.676785735029674554e-02 1.046865003143711108e-02 1.303872051671438152e-02 1.390360735009961261e-02 1.911544354074359159e-02 3.652322087088615693e-02 3.653242922934621384e-02 4.008762520024203302e-02 3.438106473830404575e-02 2.080063333341654330e-02 2.482917896553620690e-02 2.714026222502922622e-02 3.686528131341649389e-02 1.900232317358117179e-02 1.868552622203538752e-02 2.140033627510573577e-02 1.337316778605687935e-02 2.456161257378493626e-02 2.838193816573151076e-02 2.944213638398107333e-02 3.414183088305014491e-02 3.331596566824297084e-02 1.778523435980994966e-02 2.109081309449516856e-02 1.341809680035204247e-02 1.780751448277124657e-02 2.462950238646674853e-02 2.118157369972990811e-02 2.205182372627774445e-02 2.607272383148363792e-02 1.509385949363907173e-02 1.512011305942017811e-02 1.021272130290341862e-02 2.396040518287767540e-02 1.412258558786554964e-02 1.460986139396064712e-02 9.402280501651242087e-03 1.187487625370048198e-02 2.351403691203146976e-02 8.376941903642100978e-03 1.652537523762767288e-02 1.782856766864837975e-02 1.075426532052703964e-02 8.943096470156300382e-03 8.355954165152197979e-03 1.178262818052242672e-02 5.103028278530084318e-03 5.847355501733039924e-03 8.935110635121252046e-03 7.049403087718521775e-03 5.793433431198032751e-03 6.887771854978519404e-03 3.147638306907473739e-03 1.899878001960636498e-02 3.708725376175404150e-03 8.386439124476036122e-03 6.684666236577575641e-05 1.082504418739825905e-02 1.282303887331958173e-02 1.166317378398935498e-02 1.725224017539738267e-02 1.412249343637922948e-02 1.281513619834110176e-02 9.592357393554769643e-03 5.076884476206883212e-03 9.184398852472845654e-03 4.480151851214263931e-03 1.245551226833027485e-02 8.432826900976740300e-03 9.820450892709246468e-03 2.051544849057696310e-02 1.454333105125035254e-02
2.506279954522972614e-02 1.000000000000000000e+00 5.280478214062423598e-02 8.541407371956467875e-02 8.779603499502446062e-02 1.092945840049854844e-01 1.173300911076098629e-01 1.086440677658230269e-01 1.621794372373533133e-01 1.668819185502167513e-01 1.485142290802770604e-01 1.521381502324620771e-01 1.354451083134511347e-01 1.312447243879700520e-01 1.452852947392102301e-01 1.540564860337050312e-01 1.471992443590430799e-01 1.376286348904582346e-01 1.503661803226587212e-01 1.125353385983397930e-01 9.758653296912328523e-02 1.228920396042669227e-01 1.399325333541389937e-01 1.047451324515014243e-01 1.418778424955232931e-01 1.640668934121593814e-01 1.584040743545548358e-01 1.496764259798272767e-01 1.816872847445411832e-01 1.677126375542928594e-01 1.712137397251142779e-01 1.486076983851297717e-01 1.520802914496589275e-01 1.494588511682843623e-01 1.610107874156635754e-01 1.626678931458417632e-01 1.670237634718713948e-01 1.620875864693115120e-01 1.621260223653352983e-01 1.574797730156020092e-01 1.651049518469714650e-01 1.574166622161494722e-01 1.507853890836731714e-01 1.571826757015528653e-01 1.587088572901575179e-01 1.641026450156528871e-01 1.614694895397291996e-01 1.657744450343786591e-01 1.592264247295221979e-01 1.498753605974899594e-01 1.601666071147959669e-01 1.428473498017693022e-01 1.448447173149793044e-01 1.634120012202218142e-01 1.606637608404952455e-01 1.707239498865951721e-01 1.560576668240185871e-01 1.563691846561413856e-01 1.565270559134030737e-01 1.600777078060870162e-01 1.561475484562353799e-01 1.588450337804048762e-01 1.551593361875188704e-01 1.620493478634159601e-01 1.519821744856031942e-01 1.594978902198372905e-01 1.642043607897619439e-01 1.594715012645314400e-01 1.590472700627578173e-01 1.547630993833201130e-01 1.527723672904313934e-01 1.614011722274137084e-01 1.504101990376491560e-01 1.574594531549700638e-01 1.664241668855009626e-01 1.718421260072385548e-01 1.620571201021204777e-01 1.801615701736495878e-01 1.674103656043350874e-01 1.690905940194915857e-01 1.651879217267441524e-01 1.643486021316589440e-01 1.647960605546896773e-01 1.649885420446899065e-01 1.562442519805322116e-01 1.596538628136538462e-01 1.644455050601464907e-01 1.610889486034764728e-01 1.625209207311253679e-01 1.684566882652092645e-01 1.559814366704672106e-01 1.627423914912541070e-01 1.580936085313201789e-01 1.610836935174385920e-01 1.641624659399272546e-01 1.658298212826057605e-01 1.507752566784295034e-01 1.526764154952136299e-01 1.601708437997305945e-01 1.551282802382741022e-01 1.557745148422362003e-01 1.574668816646243308e-01 1.557919141703704158e-01 1.565178707082609255e-01 1.564968919043225326e-01 1.618839915033333243e-01 1.604159597931447967e-01 1.690908961298355218e-01 1.685870082431277783e-01 1.607423105080908465e-01 1.637378432536984174e-01 1.621096228622566360e-01 1.641535152288388366e-01 1.580697542574399095e-01 1.589420768279292684e-01 1.633543383591613829e-01
6.953507483433997438e-02 5.280478214062423598e-02 1.000000000000000000e+00 3.393720024069610264e-01 2.397119067291719197e-01 2.315056644128501984e-01 3.771999592676412161e-01 3.477210817814190835e-01 3.823185308698884843e-01 3.144957256783002530e-01 3.873282093364077694e-01 3.929800683205125211e-01 3.544268793591322519e-01 3.210523544923770123e-01 4.026316050375347566e-01 3.984468622600479959e-01 3.513821359157158764e-01 3.910458234807523970e-01 4.003082256036884501e-01 3.826573214493992903e-01 3.792324030818410296e-01 4.022615890420476181e-01 3.859985600045876541e-01 3.707122491442265688e-01 3.993330375831960488e-01 3.980157709400247712e-01 3.879029443685795830e-01 3.919032862917437021e-01 3.657818245999542306e-01 3.951817173502734648e-01 4.077821432240206767e-01 3.995315100392932139e-01 3.945450727807570113e-01 3.943982621003989664e-01 3.912085291876130633e-01 3.992088445949286135e-01 3.988399143094306654e-01 3.918671003286342547e-01 4.023301625705621443e-01 4.028832116145629749e-01 4.021075813669047205e-01 4.044512940919094968e-01 3.997146816499063671e-01 4.027837614427429158e-01 4.077653648000161835e-01 3.930737513157186447e-01 3.908646190475056348e-01 3.970356961126702555e-01 3.935237593364768194e-01 3.925170162628062731e-01 3.969011024618308570e-01 3.869751251972198269e-01 3.910958717486193170e-01 3.949319339862070177e-01 3.923578362024617849e-01 3.945057855333822250e-01 3.924796975814882627e-01 3.965047149877037880e-01 3.901042723715936744e-01 3.886584795203363307e-01 3.949317916782643656e-01 3.866237457332455940e-01 3.918699836163899164e-01 3.921713470218576303e-01 3.867771373722355688e-01 3.974279188366842686e-01 3.968966349928648163e-01 4.027582880308693825e-01 4.028724655174208968e-01 4.018475041985011265e-01 4.046532859553609862e-01 4.029164549725706701e-01 4.000715709088871197e-01 4.049803498422392956e-01 4.005129942428959366e-01 3.998769206760725559e-01 4.038987228745798963e-01 3.925172736625680558e-01 3.976856291869483306e-01 3.981664887144702458e-01 4.011163673631317761e-01 4.006793530043117335e-01 4.043237291049870397e-01 3.996651709831129939e-01 4.048889810645356913e-01 4.039034320880880435e-01 4.064946283874489863e-01 4.034051976642052950e-01 3.973009967033561685e-01 4.006835365404326499e-01 4.022437955196661585e-01 3.993543301119469313e-01 3.997112128296858025e-01 4.018049302495582120e-01 3.911854115426273704e-01 3.950740675391694046e-01 4.011256740877593985e-01 3.906475859514594862e-01 3.929288581056529783e-01 4.000347907599485775e-01 4.012533701264845987e-01 3.972755589214536087e-01 3.930784366529764817e-01 3.998986020972985500e-01 3.975106348033768944e-01 3.927931747430168374e-01 3.968884027344445342e-01 3.941160513612360639e-01 3.973849040437153479e-01 3.969848429930486478e-01 3.974559682776296343e-01 3.929972455878546489e-01 3.895826477775616858e-01 3.946698462520499273e-01 3.922227157608169090e-01 3.919503685147638361e-01
6.617139602237395724e-02 8.541407371956467875e-02 3.393720024069610264e-01 1.000000000000000000e+00 3.898413089627573158e-01 3.857906672036636175e-01 6.255292346536009962e-01 5.948896617560944788e-01 6.040469987400863827e-01 5.484811159221442134e-01 5.968220237000233519e-01 6.441654590201231212e-01 6.058028633012174646e-01 5.003760446562030006e-01 6.535484121942584101e-01 6.534542781598318140e-01 5.874975699536311158e-01 6.001490791237358291e-01 6.175580838296431674e-01 6.283212836897316134e-01 6.271901006089499742e-01 6.295751551446775451e-01 5.999500499174612589e-01 5.567782596796296835e-01 6.098235236320584951e-01 6.390164625177362501e-01 6.394958963276805575e-01 6.317497777614240473e-01 5.953549015580640313e-01 6.224300174365877680e-01 6.470615581448900810e-01 6.373893077894136061e-01 6.176080793389083778e-01 6.140262500547367663e-01 6.072977929252089124e-01 6.366225648152140648e-01 6.389898464665029199e-01 6.365394749903835470e-01 6.440336967884102704e-01 6.315315483485076653e-01 6.357015797152500980e-01 6.457078779656710843e-01 6.512635644051507633e-01 6.579666170472426856e-01 6.497707200940603389e-01 6.385219364642046314e-01 6.384310861453522667e-01 6.313464298256690199e-01 6.333475132105217398e-01 6.274178706657587146e-01 6.476344825445310427e-01 6.345864228702042809e-01 6.453039610032456075e-01 6.299823300987805741e-01 6.305321585919264615e-01 6.331155303375277654e-01 6.378049669467064087e-01 6.447303189541262469e-01 6.307964775225014531e-01 6.374569610736673386e-01 6.443925131078594992e-01 6.326184803318105621e-01 6.407465843795656646e-01 6.443730229506653417e-01 6.352622207864697668e-01 6.399370424026058490e-01 6.379268511905639150e-01 6.416012006511283561e-01 6.418949399821822777e-01 6.526685040612250077e-01 6.465984767077933570e-01 6.419917715508061118e-01 6.275356039897214133e-01 6.367915003382760286e-01 6.460272456653605166e-01 6.438483667125199927e-01 6.445527244699308378e-01 6.355224607170527618e-01 6.362972275724794180e-01 6.374125922463763638e-01 6.375513764782855253e-01 6.493762870951506061e-01 6.480986623151969717e-01 6.375883966568899330e-01 6.432853911423542792e-01 6.408880792522395620e-01 6.440131439894142273e-01 6.486854654312550483e-01 6.446598904925258111e-01 6.434554539311744259e-01 6.469531545374079817e-01 6.452520281696393356e-01 6.439436860719306432e-01 6.454540652445748261e-01 6.325334411165143278e-01 6.371688376132695897e-01 6.452444143575836177e-01 6.317862239647742406e-01 6.352381308914735181e-01 6.461558243523162215e-01 6.502954750831785313e-01 6.446603188762440872e-01 6.420782490316395696e-01 6.487270507091567051e-01 6.432296283237729506e-01 6.371709516578160093e-01 6.375207539421602343e-01 6.371480639237433463e-01 6.425379351376560022e-01 6.454558985869038867e-01 6.401271599508164822e-01 6.404256407090241909e-01 6.362191614263107420e-01 6.397996041020028724e-01 6.381625501371454012e-01 6.374066189171064822e-01
1.060272236338510692e-02 8.779603499502446062e-02 2.397119067291719197e-01 3.898413089627573158e-01 1.000000000000000000e+00 2.783805561271908147e-01 4.638749448095185746e-01 4.620237284997483207e-01 4.651603721426067484e-01 4.116737388427583189e-01 4.553382698125127970e-01 4.900025728436602224e-01 4.737225896818863524e-01 3.762896336100396977e-01 4.857127316938741890e-01 5.055824409260860630e-01 4.618971437629224575e-01 4.659875314909890376e-01 4.796193004125173243e-01 4.771155452227148208e-01 4.649492172843718296e-01 4.854863159530796723e-01 4.503778168203306231e-01 4.248724106912623588e-01 4.685236084978463555e-01 4.958950533146127548e-01 4.773222406965796916e-01 4.696281273778284415e-01 4.271623769723461028e-01 4.755824777124402214e-01 4.936316536621642159e-01 4.709981313547187964e-01 4.443106849822439086e-01 4.580227231691899048e-01 4.726133244723614846e-01 4.701779010444602780e-01 4.793020061865959081e-01 4.802104808073631159e-01 4.852016896066832508e-01 4.682905141533946769e-01 4.867969765324025588e-01 4.886333587639633547e-01 4.865395043935176189e-01 5.048254888946110963e-01 4.911310864696416534e-01 4.860986498023743274e-01 5.005936670932182864e-01 4.957333967643451911e-01 4.879115943609705908e-01 4.619341458779844256e-01 4.747486100966449296e-01 4.774343198848894354e-01 4.932211107472527778e-01 4.958656913563226909e-01 4.907825110911942512e-01 4.857167437224487738e-01 4.869964595274364760e-01 5.089538312482982940e-01 4.820073931706095882e-01 5.053561898661769192e-01 5.041117542098991766e-01 4.947488026300228547e-01 4.929644014502431726e-01 4.997440745565921438e-01 4.974467834347189310e-01 4.975763330123845751e-01 4.988529438621012169e-01 4.990999056037610515e-01 4.963522152704114010e-01 5.043000680894934584e-01 5.045469508616378107e-01 5.032632957348431857e-01 4.909257008680849577e-01 4.990785927750733819e-01 5.025023950946494455e-01 4.951710947427795384e-01 4.953418540607680831e-01 4.852657625211163062e-01 4.965515157140286129e-01 4.958153218012550378e-01 4.971156140215744479e-01 4.991792842406905240e-01 4.950608156021775730e-01 4.920664955449883249e-01 4.910134029554845680e-01 4.969402007891042250e-01 4.968895266107417052e-01 4.973542766492132783e-01 4.970651912179362419e-01 4.989897702370102439e-01 4.907600656131239081e-01 4.990807433154852424e-01 4.981387684735846810e-01 4.968123377523813167e-01 4.973121845784309603e-01 4.986325931167105430e-01 5.002109481754423159e-01 4.967364295982159006e-01 5.022514859212579008e-01 4.983021644619492485e-01 5.047571662815202309e-01 5.030883822217925294e-01 5.010922741051022644e-01 5.095863074334698872e-01 5.033138177871153696e-01 5.019429301778349783e-01 4.982559634611675725e-01 5.004404914469080534e-01 5.036064709444080245e-01 5.046222184291481172e-01 5.012628025322181102e-01 5.067620401765825511e-01 5.010776544467572258e-01 5.076150559922720795e-01 5.012706491038781964e-01 5.007117981201637535e-01
-2.903594369637425929e-03 1.092945840049854844e-01 2.315056644128501984e-01 3.857906672036636175e-01 2.783805561271908147e-01 1.000000000000000000e+00 5.245566250292221788e-01 4.525601613732611050e-01 4.885365279073795031e-01 4.811347999474934745e-01 5.211375167430361000e-01 5.504717818483821912e-01 5.055302587870132980e-01 4.539092478217445215e-01 5.578752728998791488e-01 5.398608634706912879e-01 4.893179387403601699e-01 4.857116584435540174e-01 5.287433960813435752e-01 4.871489547928061214e-01 4.809080248663664681e-01 5.264457303934820809e-01 4.987303858937803813e-01 4.640775967472218211e-01 5.188855182780190978e-01 5.402623783942783753e-01 5.394106066674350108e-01 5.466991785538111159e-01 5.106446297630485853e-01 5.462900758080283525e-01 5.643088602285301070e-01 5.367781422282038584e-01 5.174983884525499178e-01 5.247793153067461525e-01 5.447922998014934626e-01 5.259957269729591545e-01 5.514587699813041644e-01 5.645132594420473326e-01 5.585941910471157179e-01 5.407316809897367849e-01 5.675493624221696898e-01 5.631022623399029037e-01 5.439150861788849545e-01 5.660544832063946208e-01 5.559986253513069521e-01 5.667235710622259282e-01 5.634886134747135733e-01 5.705496398937128788e-01 5.555346583976255026e-01 5.370395131666588773e-01 5.500195407850346774e-01 5.350937771536661280e-01 5.510464317034774462e-01 5.640647518611070499e-01 5.586745082671780160e-01 5.539193682455777479e-01 5.432928560709936461e-01 5.689262780836402689e-01 5.587008696156040566e-01 5.638852612909631690e-01 5.625562663752501358e-01 5.552848220675736801e-01 5.508394964000512539e-01 5.534368299569907279e-01 5.505327932209870267e-01 5.585716496719477231e-01 5.723770453638279410e-01 5.658946349969826706e-01 5.662048971364358474e-01 5.685976519458653122e-01 5.650810517393382026e-01 5.722385572900855477e-01 5.584428996130876843e-01 5.609245477671574998e-01 5.666635623139930633e-01 5.695764089716732759e-01 5.689597641741886980e-01 5.646915384523981674e-01 5.687313611033191219e-01 5.665484071345918693e-01 5.697916697239687744e-01 5.742763487142614753e-01 5.657810906170043230e-01 5.656915321909022909e-01 5.630387695653190638e-01 5.663071233698667717e-01 5.718928089213434207e-01 5.717360658491050796e-01 5.724078867007749150e-01 5.679211095106665441e-01 5.638886497767737760e-01 5.741716748418919103e-01 5.676945457698395758e-01 5.757793354842887235e-01 5.729917896346663486e-01 5.728431735412121695e-01 5.616307802461507626e-01 5.544721683591264938e-01 5.650799559693971963e-01 5.650310307027760492e-01 5.689062861402129911e-01 5.651927419790070406e-01 5.670880500694124304e-01 5.717870528474561231e-01 5.668845395235797557e-01 5.618664405803709405e-01 5.681509450815649398e-01 5.737204487128220176e-01 5.744951269458150600e-01 5.705986046768772857e-01 5.703280006635016441e-01 5.692009275399018131e-01 5.703894258118512584e-01 5.667751428157919991e-01 5.671329535922660092e-01 5.673186156297308491e-01
5.359428248877089879e-02 1.173300911076098629e-01 3.771999592676412161e-01 6.255292346536009962e-01 4.638749448095185746e-01 5.245566250292221788e-01 1.000000000000000000e+00 7.222279244961121725e-01 7.562809186768671976e-01 7.016202519701982832e-01 7.692973840898735816e-01 8.219517708039266735e-01 7.491760912111647963e-01 6.667440923670606701e-01 8.488486815306012234e-01 8.340867867567945959e-01 7.440842272126469981e-01 7.874307347735701734e-01 8.114396742528533490e-01 7.805447395631704977e-01 7.918281499139230295e-01 8.233614322166715738e-01 7.929425623130204048e-01 7.438637859575696343e-01 8.106292038901172781e-01 8.278101333229447301e-01 8.222593617393691989e-01 8.378824973947254229e-01 7.639653026568434813e-01 8.148062861173842597e-01 8.489635452733217402e-01 8.299361376132460277e-01 8.104353766367657919e-01 8.028884061056822397e-01 7.990858619915358618e-01 8.039624592644960543e-01 8.265230980515130277e-01 8.390763766585234151e-01 8.447696656289169770e-01 8.406799983212041028e-01 8.395388174838517292e-01 8.584292561973407842e-01 8.408698745307606748e-01 8.602285067197065205e-01 8.471653513829844329e-01 8.481386100548162776e-01 8.365568337267734744e-01 8.325225779881239019e-01 8.303946675229881835e-01 8.189120064630155404e-01 8.362880164434333130e-01 8.113451751904546816e-01 8.332645166270227222e-01 8.250379569996827422e-01 8.166370937566871380e-01 8.339060376346881798e-01 8.087626473820239692e-01 8.359216410371167472e-01 8.184048569837538700e-01 8.256322766360587595e-01 8.318082781249972468e-01 8.141098651834516309e-01 8.197092000895411790e-01 8.196954060135286380e-01 8.102749709822381075e-01 8.210170871369072421e-01 8.328300881592625160e-01 8.428080640288941883e-01 8.403783157777636736e-01 8.405162510969108602e-01 8.491570637088489137e-01 8.445196811913879831e-01 8.315386859082686266e-01 8.416727039164948465e-01 8.435423735311421423e-01 8.426289445851946613e-01 8.485063099381072727e-01 8.258016140263469973e-01 8.417795604955984334e-01 8.308679612131365522e-01 8.352660163489968870e-01 8.424353609368983031e-01 8.441484119086092308e-01 8.356328923920364193e-01 8.404931385215850259e-01 8.377378082602363607e-01 8.402618187522513660e-01 8.536656185796885898e-01 8.445624752500247023e-01 8.389989265322830292e-01 8.545140509518568406e-01 8.506711493694535386e-01 8.475213408026952555e-01 8.519679963225644803e-01 8.309437110247684943e-01 8.342512854339425576e-01 8.373236074351918523e-01 8.140838729215894576e-01 8.272326299276659967e-01 8.452188583989301840e-01 8.475975244605559178e-01 8.314309917391347060e-01 8.362513988149260502e-01 8.453600627090902542e-01 8.356854896821732659e-01 8.160513918953611334e-01 8.328142520373275071e-01 8.351571989797073048e-01 8.393744724052289996e-01 8.370686199892246604e-01 8.346361058208420225e-01 8.298397988926725644e-01 8.234085765088191566e-01 8.266085241118813487e-01 8.275570127172827695e-01 8.250911304759388498e-01
4.483779109796993262e-02 1.086440677658230269e-01 3.477210817814190835e-01 5.948896617560944788e-01 4.620237284997483207e-01 4.525601613732611050e-01 7.222279244961121725e-01 1.000000000000000000e+00 7.114946856361360483e-01 6.524611654468776001e-01 7.248078149243191159e-01 7.796092819837486809e-01 7.073092619392151725e-01 6.258156040510528539e-01 7.875103178451068331e-01 8.004241104065321633e-01 7.127786144103868127e-01 7.244013879626378660e-01 7.447924424384119169e-01 7.429973657522068731e-01 7.317831870389062132e-01 7.577652012447784191e-01 7.108933151078502544e-01 6.565886814376534764e-01 7.336333851846152942e-01 7.652912314089244106e-01 7.497745871312082588e-01 7.418108303957586802e-01 6.953354739311675692e-01 7.470411960855753986e-01 7.775523465691107639e-01 7.805640340945101396e-01 7.230158755195139619e-01 7.463324586328725641e-01 7.410387921404160139e-01 7.617752655880695167e-01 7.564897141290043425e-01 7.701501129055156047e-01 7.788151785802062133e-01 7.560193455453579903e-01 7.740430238269216945e-01 7.785694672183378628e-01 7.773732399149175798e-01 7.965839403694198184e-01 7.813835970728608693e-01 7.776689961616890523e-01 7.914881812022632745e-01 7.826447158040417129e-01 7.897514379686761954e-01 7.775095211627508496e-01 7.933185183033057974e-01 7.711559138649651812e-01 7.844548413052563340e-01 7.859886694194221368e-01 7.866889311721109168e-01 7.842763910157019014e-01 7.963208840717613812e-01 7.938014330399459917e-01 7.924467157039651877e-01 7.815162606704810777e-01 7.928503087133651483e-01 7.889434731787499100e-01 7.953221861542443261e-01 7.960978672824702285e-01 7.804419666861459604e-01 7.886235047327400105e-01 7.868663195985814429e-01 7.842749907430545120e-01 7.831295099106814206e-01 7.918624495920215667e-01 7.927912596221828867e-01 7.892040638091269988e-01 7.670474047627042768e-01 7.765368464465680631e-01 7.868360013251544105e-01 7.834112679268006030e-01 7.789391022117888586e-01 7.697219508718922132e-01 7.790114110485827359e-01 7.804615170569776383e-01 7.801785037450398308e-01 7.850322771968393232e-01 7.925813638653984583e-01 7.808413734419780150e-01 7.894317039979302786e-01 7.846231933232403755e-01 7.832548121976024014e-01 7.938391384034511056e-01 7.860918415140674131e-01 7.897520084442708477e-01 7.784392792784314841e-01 7.864897986359571380e-01 7.871878350097180066e-01 7.861703347897091021e-01 7.834141453569972713e-01 7.855874622204676028e-01 7.958190532949149798e-01 7.891391074279888729e-01 7.903305955978662256e-01 7.948898730166583659e-01 7.940330240990169930e-01 7.981628693841128497e-01 7.872795388984094034e-01 7.974866179012973788e-01 7.898147186217931992e-01 7.919138578655559035e-01 7.937816381419864342e-01 7.852228029243313312e-01 7.912189465016060685e-01 7.939948917380229565e-01 7.942383948515830960e-01 7.886140886460635269e-01 7.919327288251037933e-01 7.933027020625894599e-01 7.889148455687884365e-01 7.872569731302018203e-01
6.674039332940012725e-02 1.621794372373533133e-01 3.823185308698884843e-01 6.040469987400863827e-01 4.651603721426067484e-01 4.885365279073795031e-01 7.562809186768671976e-01 7.114946856361360483e-01 1.000000000000000000e+00 7.521341410905435509e-01 8.004651492431054116e-01 8.497359706159568482e-01 7.664704314626902271e-01 6.918232272438341601e-01 8.488651394374598924e-01 8.481404020666972743e-01 8.034211722429610569e-01 7.809235838953554332e-01 8.232890402958811249e-01 7.894229589025942850e-01 7.659125808904211352e-01 8.234430763828511912e-01 7.919632380604002542e-01 7.272463404131545017e-01 8.173223653978385350e-01 8.597566059275625339e-01 8.382983233285706826e-01 8.295079671538746480e-01 7.983041172673063235e-01 8.656359165954458090e-01 8.701372526922133144e-01 8.424915921241742378e-01 7.950955069980825130e-01 8.098386516762807741e-01 8.391787702902624435e-01 8.265828328442234030e-01 8.531674041946383236e-01 8.423147016203132997e-01 8.585698633964887749e-01 8.203320706571063381e-01 8.696583732133635891e-01 8.547176522175355950e-01 8.375119174593134153e-01 8.752312044419680026e-01 8.628422780723908891e-01 8.488380182614301273e-01 8.803938452480157828e-01 8.811096520250598640e-01 8.729946256399466753e-01 8.402785916578070502e-01 8.624795392155236717e-01 8.484039705477443016e-01 8.664294430004210179e-01 8.805182184695717895e-01 8.686942507808899094e-01 8.659897245680959754e-01 8.700782607152107717e-01 8.741480196451245632e-01 8.676505075909977105e-01 8.779856244579059554e-01 8.801571557772815968e-01 8.714407521517200106e-01 8.675814911361396931e-01 8.772733984070235635e-01 8.708920837342519761e-01 8.761352763462041393e-01 8.791665125710269590e-01 8.760287584120513005e-01 8.720807471175339165e-01 8.769381920111315454e-01 8.791874132169370526e-01 8.820648143695315468e-01 8.578868086286252082e-01 8.721202321198380236e-01 8.802042140492484235e-01 8.803629511128536755e-01 8.727850703496117246e-01 8.725698584040307848e-01 8.718573242929399392e-01 8.853203737496111447e-01 8.757946991893941213e-01 8.824136466604362017e-01 8.750996951733664986e-01 8.741729411543570638e-01 8.683863639027097348e-01 8.702024360066334951e-01 8.763257912443872533e-01 8.718831262086068623e-01 8.756638226585899965e-01 8.740514688725685710e-01 8.620234992963486942e-01 8.766143759128912638e-01 8.769978970211833591e-01 8.759172721689926222e-01 8.801174135261461418e-01 8.821009865994350330e-01 8.686482004135545054e-01 8.701485407074257550e-01 8.769774631216943339e-01 8.755635578528048191e-01 8.707298938257317378e-01 8.787647222972571059e-01 8.797384773275230829e-01 8.821288346553064486e-01 8.780251062591186706e-01 8.763899836416998435e-01 8.803549480671131189e-01 8.823694386939914258e-01 8.786714977294752815e-01 8.803092916748112007e-01 8.768026464835712019e-01 8.828560007314416591e-01 8.791277382950154484e-01 8.810220296548954000e-01 8.802122196171767721e-01 8.809252281485530078e-01
7.358970269217819313e-03 1.668819185502167513e-01 3.144957256783002530e-01 5.484811159221442134e-01 4.116737388427583189e-01 4.811347999474934745e-01 7.016202519701982832e-01 6.524611654468776001e-01 7.521341410905435509e-01 1.000000000000000000e+00 7.531941526085916827e-01 7.935045100191191469e-01 7.181631516715278885e-01 6.528891599006809709e-01 8.023225994471222533e-01 7.858481362076282783e-01 7.443610304715939652e-01 7.209620722772002166e-01 7.590836142637721329e-01 7.311508039619414312e-01 7.029119241705307219e-01 7.484154486029042097e-01 7.370164121440173632e-01 6.785433226352060032e-01 7.641850297905981027e-01 8.001571755461784896e-01 7.807540152980210202e-01 7.814631320201506082e-01 7.454024753204822051e-01 8.078727495947556347e-01 8.242242694157266847e-01 8.018404841191857368e-01 7.630582251846245168e-01 7.754326635034333171e-01 7.944371083837358238e-01 7.848141213406971683e-01 8.110833421899730222e-01 8.008188334629460225e-01 8.158037443718996196e-01 7.852478153728524868e-01 8.229433354735009587e-01 8.091953227269959026e-01 7.889068240051937408e-01 8.196715218525920665e-01 8.155850261038632976e-01 8.080905863284767454e-01 8.288426118295816325e-01 8.339404824227240054e-01 8.276009385757220338e-01 7.954869711009094901e-01 8.123937502685150136e-01 7.870481320414828286e-01 8.057031278423999465e-01 8.242210732691916952e-01 8.030841945485689415e-01 8.116456316601092791e-01 8.008338337401611495e-01 8.184887445031940878e-01 8.100668292486733479e-01 8.228046398340156387e-01 8.255648985510312121e-01 8.078638481597550935e-01 8.040100835927211920e-01 8.175165995102956495e-01 8.091381663346098874e-01 8.155903890954405711e-01 8.340031778375069926e-01 8.305879242464816459e-01 8.309952284536642475e-01 8.262229154314529866e-01 8.261299920498944571e-01 8.308063097009728004e-01 8.157017484207160773e-01 8.232153571127455161e-01 8.334485720852798929e-01 8.323700057990489620e-01 8.286912640622017268e-01 8.287378914985119582e-01 8.291114622422057767e-01 8.355510473486226219e-01 8.337375972894706111e-01 8.366807256721965347e-01 8.301462209403907000e-01 8.348150997202826717e-01 8.250063448150444234e-01 8.283576296294421493e-01 8.321724817313546074e-01 8.332097949632383260e-01 8.356856892271983250e-01 8.280893646515520290e-01 8.249094831412980833e-01 8.356050271159209952e-01 8.335723709175644203e-01 8.343273430452853301e-01 8.369276407726160549e-01 8.360807085020436347e-01 8.200648748768688545e-01 8.148998105294045224e-01 8.298837688178021255e-01 8.319759978944517576e-01 8.280837048739128070e-01 8.266055333089741275e-01 8.289007999377867586e-01 8.312061882866026430e-01 8.287776178254000481e-01 8.202688166910846457e-01 8.324509637928841910e-01 8.369649423629369478e-01 8.327238593782875231e-01 8.332733855188247940e-01 8.316048845765318109e-01 8.320555801274268637e-01 8.292865066132831808e-01 8.306886080334558997e-01 8.276683558952639963e-01 8.282662810151230071e-01
1.119823973675408701e-02 1.485142290802770604e-01 3.873282093364077694e-01 5.968220237000233519e-01 4.553382698125127970e-01 5.211375167430361000e-01 7.692973840898735816e-01 7.248078149243191159e-01 8.004651492431054116e-01 7.531941526085916827e-01 1.000000000000000000e+00 8.640156174320366977e-01 7.862768147397853902e-01 6.981277153654396050e-01 8.723202889298098395e-01 8.538439992963997582e-01 7.911467608001442331e-01 7.836521226950352581e-01 8.280883045544784604e-01 7.846156758243089113e-01 7.777739236369826115e-01 8.249373394147445637e-01 8.036272398641102210e-01 7.431404129673144787e-01 8.319884879108216946e-01 8.582670446790280350e-01 8.384797036580785567e-01 8.418387837314028621e-01 7.813076285761647588e-01 8.590272228056901049e-01 8.885889043619643601e-01 8.626614844623735623e-01 8.236872809377124849e-01 8.392737349495431598e-01 8.541104855441224997e-01 8.433803966973384414e-01 8.786482273348321659e-01 8.673762560589975967e-01 8.824694523349048136e-01 8.554527915004428440e-01 8.829298621368584232e-01 8.785862459371946986e-01 8.581967377954863307e-01 8.854975946206840032e-01 8.831516357854467536e-01 8.729431267597999033e-01 8.909825789389368422e-01 8.927092315320198646e-01 8.846355360180552241e-01 8.563193666916417701e-01 8.687457108486129620e-01 8.510043249878537219e-01 8.720251853389544561e-01 8.847336264040610576e-01 8.636555214027771266e-01 8.695413266863480928e-01 8.600454506838430824e-01 8.839545138331187379e-01 8.688727227317101232e-01 8.853340646891749710e-01 8.858751730962306503e-01 8.679708198789846119e-01 8.609858321954084737e-01 8.762139914415834063e-01 8.710204456697848707e-01 8.755028804010677179e-01 8.927486244686644312e-01 8.943760640789811811e-01 8.920572655060124978e-01 8.917266646059976987e-01 8.939234507341123903e-01 8.942850043892216494e-01 8.818996090309323410e-01 8.863875778380624348e-01 8.920197720252588391e-01 8.915530554846716749e-01 8.915841644917138487e-01 8.769909169443871333e-01 8.833365501599075298e-01 8.903329723989257261e-01 8.943457182760524704e-01 8.963996151819652036e-01 8.923696784281464067e-01 8.934989857279097558e-01 8.901969098500932542e-01 8.913646039166690516e-01 8.950168373638269781e-01 8.959835519904164602e-01 8.989467967254418657e-01 8.898241510316500236e-01 8.921496066230479860e-01 8.978141041489670071e-01 8.966474601394318622e-01 8.978636463978383331e-01 8.940211705332377079e-01 8.963609900614641912e-01 8.837456147673499185e-01 8.707705443395692413e-01 8.860824992298437230e-01 8.924650736713599652e-01 8.905419426656879800e-01 8.865988529748060065e-01 8.918665369342378968e-01 8.949373628614732956e-01 8.904181506668780166e-01 8.770104593030559892e-01 8.908060033131558475e-01 8.940990463140880973e-01 8.937707092476551152e-01 8.940795900473080815e-01 8.913949336958383318e-01 8.918550855093234642e-01 8.874880653231359551e-01 8.876785556447627235e-01 8.871262230099771218e-01 8.866357595362183153e-01
1.966101273503016028e-02 1.521381502324620771e-01 3.929800683205125211e-01 6.441654590201231212e-01 4.900025728436602224e-01 5.504717818483821912e-01 8.219517708039266735e-01 7.796092819837486809e-01 8.497359706159568482e-01 7.935045100191191469e-01 8.640156174320366977e-01 1.000000000000000000e+00 8.307654659592462743e-01 7.494534564980819269e-01 9.261196282569694738e-01 9.115371622326852163e-01 8.373207046503121642e-01 8.305982751278239151e-01 8.709629415949624587e-01 8.480559203055314521e-01 8.253460572336716039e-01 8.649086989516453494e-01 8.421365445688120399e-01 7.738177137974905362e-01 8.703012468460490370e-01 9.133592854742749179e-01 8.954515906088760246e-01 8.942610066314100603e-01 8.389745676111061146e-01 9.122465863542764675e-01 9.415574173116860734e-01 9.091858713945095705e-01 8.621308013691579841e-01 8.757824891616429186e-01 8.953189224131922197e-01 8.849862908590848676e-01 9.133371054356401730e-01 9.187562294507419791e-01 9.241199234334964707e-01 9.022590261393200750e-01 9.328786096265330174e-01 9.288501224662515376e-01 9.061024030815334473e-01 9.397496903257223089e-01 9.283869475213725186e-01 9.251793001381907189e-01 9.459480860291333837e-01 9.463861241681333913e-01 9.407259631913846842e-01 9.124433489101110295e-01 9.306732739413313693e-01 9.039841192934738867e-01 9.294391460955522266e-01 9.404476806777600784e-01 9.293855799548061958e-01 9.321289751125482193e-01 9.256245785157780626e-01 9.412614732966434472e-01 9.362477783570726242e-01 9.383397754383488998e-01 9.418837791125806991e-01 9.337890477331712846e-01 9.311219308422933327e-01 9.339799197350275861e-01 9.233709636510871732e-01 9.349977754109418671e-01 9.444059491816657603e-01 9.434372264795094498e-01 9.410612710265723324e-01 9.448914481629935302e-01 9.445069603658817758e-01 9.443953388049858289e-01 9.251428949100283239e-01 9.345421926453858497e-01 9.461323799808813995e-01 9.453160894652258284e-01 9.414996039585910026e-01 9.325812439965130984e-01 9.384687703204342979e-01 9.453655077838257759e-01 9.435007975337315056e-01 9.504415785182414034e-01 9.443283766907309973e-01 9.414633579175953892e-01 9.404078533529296458e-01 9.393199842253527887e-01 9.427301929445974782e-01 9.474850987595186957e-01 9.465002651495345587e-01 9.428983205469658735e-01 9.367133044081414894e-01 9.487327877685505229e-01 9.474401906297842402e-01 9.484229690912202582e-01 9.482078831343342395e-01 9.494337174063142148e-01 9.406779687588683325e-01 9.320507429916756736e-01 9.439725757120001060e-01 9.466829179376445857e-01 9.443598585075324570e-01 9.448746071928816326e-01 9.448077720184501205e-01 9.485456671490539726e-01 9.436424073834869253e-01 9.370238748201914492e-01 9.484423859442926430e-01 9.483181964000686470e-01 9.490269168022099633e-01 9.499174299118186005e-01 9.481457572195537420e-01 9.466657001648584036e-01 9.461070401366005189e-01 9.451191449897144992e-01 9.409299716019069448e-01 9.436639606930929958e-01
2.298351139399217383e-02 1.354451083134511347e-01 3.544268793591322519e-01 6.058028633012174646e-01 4.737225896818863524e-01 5.055302587870132980e-01 7.491760912111647963e-01 7.073092619392151725e-01 7.664704314626902271e-01 7.181631516715278885e-01 7.862768147397853902e-01 8.307654659592462743e-01 1.000000000000000000e+00 6.687112487371518199e-01 8.446069744139295121e-01 8.451769153901385057e-01 7.665494506685236464e-01 7.639184532114230430e-01 7.985429042079649209e-01 7.745356506685651121e-01 7.564129312089409307e-01 7.980083801949475752e-01 7.693361149734428972e-01 7.192370990551284482e-01 8.047662736681182594e-01 8.411092280359306894e-01 8.209474331904136335e-01 8.186152095862873068e-01 7.803876787179668817e-01 8.360617837562146493e-01 8.524519249242820118e-01 8.270989979785182689e-01 7.745776775390127433e-01 7.906236297493948184e-01 8.107966215728142911e-01 8.108053789405840206e-01 8.385110135521702812e-01 8.303336431146906005e-01 8.466208638658232477e-01 8.090725428967286970e-01 8.550996611551643367e-01 8.482845841398799491e-01 8.426163039310319292e-01 8.612700535326597295e-01 8.470802046102817728e-01 8.438485096267017704e-01 8.644253419897375279e-01 8.610174254483859979e-01 8.481282683817946699e-01 8.091070755273788162e-01 8.318814385206314554e-01 8.273206715165284386e-01 8.512057178596932339e-01 8.569915701176510359e-01 8.424602050742351356e-01 8.397721440143859351e-01 8.336485980730915513e-01 8.623522882337638640e-01 8.370329841391758174e-01 8.639287673606078632e-01 8.688488199003078227e-01 8.439345458956070134e-01 8.415322291586625481e-01 8.510097425137645999e-01 8.483228871377712643e-01 8.518387831991218739e-01 8.635180399338434620e-01 8.656325111777221082e-01 8.611410353084434366e-01 8.648222487976729989e-01 8.636803414186282613e-01 8.665046476431860212e-01 8.471738428961300693e-01 8.584045485405727982e-01 8.659656790040503038e-01 8.628054753028538970e-01 8.603408109604647747e-01 8.588349761126508053e-01 8.571075784696757793e-01 8.653248250993069712e-01 8.608646601537631726e-01 8.673153955231271972e-01 8.563599030372445187e-01 8.580799877177927026e-01 8.543540002629322894e-01 8.585055897701033834e-01 8.622603058961223477e-01 8.604570441654386670e-01 8.645537192102435986e-01 8.569962756256008785e-01 8.528916605558525266e-01 8.652535594346685288e-01 8.661463592798969158e-01 8.663838281954046039e-01 8.636456809366995779e-01 8.663167787922984031e-01 8.562176955953120228e-01 8.468688912016890669e-01 8.625795651625485227e-01 8.611097267457369364e-01 8.654381241490453069e-01 8.623424227720064561e-01 8.656932481444210570e-01 8.716462553956743076e-01 8.655791095186025075e-01 8.540383971090479420e-01 8.621327716175212208e-01 8.646947783682065181e-01 8.663135625200321099e-01 8.664966123527132469e-01 8.623995104469399653e-01 8.674320519871320245e-01 8.595079709949214886e-01 8.645531489892854804e-01 8.616599749661431051e-01 8.625239827973257833e-01
