1.000000000000000000e+00 3.662458335161236644e-02 4.327201165488437501e-02 3.312130838439079905e-02 -2.911650022153122394e-02 1.880699447199558200e-02 -2.701303891190510315e-02 5.392946662588246447e-03 7.965977282145131344e-02 -1.196682076177013956e-02 1.319478524241897086e-02 5.353731328339792449e-03 -1.195319695079443550e-02 -2.431459334740214461e-04 -1.100720382885702828e-02 3.446294309194351466e-03 7.590339714618929423e-02 5.410631250468415920e-02 4.329094466932956187e-02 4.935453863547318437e-02 6.697147519266953564e-02 3.626561808336439818e-02 2.725965205911245332e-02 1.894953755392428732e-02 1.579321540301071962e-04 3.151088747848774380e-02 2.161213757479238384e-02 1.705611317612135830e-02 4.199809912623243824e-02 2.424706983748460554e-02 2.944323370960250444e-02 2.044938458081390839e-02 4.352301895935241404e-04 3.643031793266659959e-03 2.443392124695005496e-02 -2.444191009927981686e-03 1.394172502500143178e-02 6.594559077339139487e-04 -1.442938756623730716e-02 -2.841939681415450031e-02 1.484811210143251702e-02 -1.173524976994892895e-02 -2.021572172623457148e-02 1.494473213664393452e-02 4.233365910639932603e-03 -1.292039727331485179e-02 7.787890783821731049e-03 1.538443072276097882e-02 1.287298239306699198e-02 1.361434933093984105e-02 4.376341981513281847e-03 1.725740277260251823e-02 2.668130733947946670e-02 2.951449651243326019e-02 3.104063775687227605e-02 9.687548429687250010e-03 4.258244343287775902e-02 1.628089858806421389e-02 1.274292253735950786e-02 2.911095320939985701e-02 4.525700170339945830e-03 2.063672667672212732e-02 1.640904460422610428e-02 2.822015149573811957e-02 4.088909808551600272e-02 3.488478610217915499e-02 2.168228890827627806e-02 1.931872991013377019e-02 1.522258547326356230e-02 1.513987245815060639e-02 1.476118828022736536e-02 1.244824208120393592e-02 1.476748181008760187e-02 8.431233505090869954e-03 1.443844173904847844e-02 9.309022667484434174e-03 1.038301104058965071e-02 1.712752364546195338e-02 6.163727092059477150e-03 1.980068291621725832e-02 1.687523050302995598e-02 1.456563147554290789e-02 1.747116997223428433e-02 1.531229164931763483e-02 1.201197964006458369e-02 7.786495620553990187e-03 6.432035199681095453e-03 9.549204152286484143e-03 5.038671431118444538e-03 1.289388435462417333e-02 1.554274428700018213e-03 -5.353484882162061649e-03 9.643417120101980058e-03 3.761195126231997674e-03 2.558037723883810951e-03 8.022073787840398179e-03 3.555377640796472064e-03 2.970831460375734923e-02 6.545401547607344189e-03 5.043087240519186949e-03 -7.351165116843422741e-03 6.889764052819644102e-03 1.278034577712474675e-02 4.306258256631174952e-03 1.352888564128071000e-02 1.986234476596837259e-02 1.249763802402632275e-02 1.323846467280734990e-02 1.196169557148406802e-02 2.815069683569625288e-03 2.656657347611732570e-03 1.469117443076106005e-02 9.454039082893852391e-03 1.776848341265770820e-02 2.299090897397386424e-02 2.202335930349258453e-02
3.662458335161236644e-02 1.000000000000000000e+00 1.139494195893327871e-01 3.546335566909944448e-02 6.827686639391515599e-02 8.208980331083670645e-02 1.159197273437689302e-01 9.042648971315786488e-02 1.553804558729744156e-01 1.243317036004638748e-01 1.157806999375077528e-01 1.091086879025843642e-01 1.143846605767129682e-01 1.339300646546178197e-01 1.359069509864033187e-01 1.216327856491622589e-01 1.288986503974993980e-01 1.281733216806744680e-01 1.350858593761631588e-01 8.125181091539365741e-02 9.293442242211165383e-02 1.311818728981137550e-01 1.372042466967245133e-01 1.279430976614869264e-01 1.320433152539973731e-01 1.387928112332983133e-01 1.315667650166179869e-01 1.446542280126688340e-01 1.405463462015063558e-01 1.436690255562690921e-01 1.363336473096311841e-01 1.418684528577442150e-01 1.459774177983217402e-01 1.301164046268782626e-01 1.403783310552962627e-01 1.299114037835181479e-01 1.480045285214826589e-01 1.394368957755676985e-01 1.441848059915192826e-01 1.430764260028742907e-01 1.358542412400776389e-01 1.364402866856656849e-01 1.386258420700733907e-01 1.388171720254281483e-01 1.237918765814524924e-01 1.347818484796686200e-01 1.363196516194087327e-01 1.425556880664125281e-01 1.339605305256429124e-01 1.276662381596380957e-01 1.366978931321859159e-01 1.163797233972084511e-01 1.232506508850376714e-01 1.421857800147418582e-01 1.365980915965936682e-01 1.420364517217582445e-01 1.240644581038313626e-01 1.321809175974836825e-01 1.332262541338040673e-01 1.311905256350475446e-01 1.301999215667289933e-01 1.328460907013504499e-01 1.253581636619915674e-01 1.336274672680918818e-01 1.296585728479865141e-01 1.263753626271657271e-01 1.368537842085248146e-01 1.381420304375240715e-01 1.364745319732863782e-01 1.222925091425812599e-01 1.331773537486805603e-01 1.390892624744412831e-01 1.349905862816181135e-01 1.417908940703939691e-01 1.394993193972704215e-01 1.342554525225127249e-01 1.413922105948657026e-01 1.456717157480743596e-01 1.440441676398170057e-01 1.424352876651543698e-01 1.412653163273312473e-01 1.356717389061000145e-01 1.398886187936486947e-01 1.455557044175600501e-01 1.348018556323996031e-01 1.343248073545452170e-01 1.409069826783705404e-01 1.403227753554581458e-01 1.400199864407511152e-01 1.417900770512520725e-01 1.410580384327272396e-01 1.369442895395675541e-01 1.369154423248932217e-01 1.387419889601063938e-01 1.337942959508470198e-01 1.375136128281298220e-01 1.274653624366577642e-01 1.243788137671002214e-01 1.286302888251083798e-01 1.358103838614822534e-01 1.339844942337034828e-01 1.271923004831600201e-01 1.247651712312967537e-01 1.299887665879862764e-01 1.275840374870130245e-01 1.269675137324779157e-01 1.354712584053839874e-01 1.399728675808146194e-01 1.364534576452701709e-01 1.323997580591215195e-01 1.332384493087792332e-01 1.324059225189493927e-01 1.297113496916624531e-01 1.343324829281862254e-01 1.319332308734541270e-01 1.315685505139511380e-01
4.327201165488437501e-02 1.139494195893327871e-01 1.000000000000000000e+00 2.864654996226099204e-01 1.513486313279777395e-01 2.038007973351305679e-01 2.573144505809052962e-01 2.913215369323231552e-01 2.719336858157340164e-01 2.227970809121567475e-01 2.998430913106979179e-01 3.225359248438265936e-01 2.747251067538403757e-01 2.822078875165584533e-01 3.046261464057501978e-01 3.136596261594853385e-01 2.934592992826103863e-01 3.079259941019150126e-01 3.124350086609401500e-01 2.859675424117275044e-01 3.272475271705276301e-01 3.377895385057638200e-01 3.191631897659786277e-01 3.119293679427985189e-01 3.170262845605432700e-01 3.263752888835596000e-01 3.249861955956117598e-01 3.322099055777372190e-01 3.281618541051001259e-01 3.215279679232187493e-01 3.260475943489878348e-01 3.163444925562228227e-01 3.159667735623770124e-01 3.069784368015217590e-01 3.114138124590014600e-01 3.257977898303578979e-01 3.263362298573250775e-01 3.188500028644580819e-01 3.184844840426611645e-01 3.334150982796511009e-01 3.292804693895998169e-01 3.299098499855819822e-01 3.243933651555864772e-01 3.313511206248132002e-01 3.320468954693204799e-01 3.179759641120779023e-01 3.133266740967989850e-01 3.208241616385329453e-01 3.083285456853460116e-01 3.067081662444418599e-01 3.196102855152528899e-01 3.180712424185602183e-01 3.203848486236983706e-01 3.091483534506529463e-01 3.091346448694554661e-01 3.218892873703667057e-01 3.018094538071678934e-01 3.150849984806589621e-01 3.105305282240773956e-01 3.099887430316958792e-01 3.138387934837357784e-01 3.016158073716188048e-01 2.968917034132794730e-01 3.011116131493038472e-01 3.167831927468864883e-01 3.127925127520735926e-01 3.196898323695528399e-01 3.261643637616783997e-01 3.271470559725465077e-01 3.335369733259079816e-01 3.370918935011703588e-01 3.332455620928377882e-01 3.286903455668547247e-01 3.354330806517001329e-01 3.336386981701318089e-01 3.354704966118588483e-01 3.352854150631458530e-01 3.354546289723381314e-01 3.337557905702590033e-01 3.312851105742454227e-01 3.280924430395833480e-01 3.312046906506970756e-01 3.236419468219045026e-01 3.322523633195891279e-01 3.260265211587358158e-01 3.251003790600581200e-01 3.326102964232736103e-01 3.238921542161435907e-01 3.290510935575363116e-01 3.248546283963712478e-01 3.313902094552783617e-01 3.284625117607691824e-01 3.284467403813535746e-01 3.249404320262818113e-01 3.194559854199234827e-01 3.206036941042933464e-01 3.288410536051951660e-01 3.194737840338078283e-01 3.221850174752541318e-01 3.231396093560270355e-01 3.298930015613664168e-01 3.197509689632165308e-01 3.234118635414778287e-01 3.263549775169342082e-01 3.247040008512893094e-01 3.187029196864247793e-01 3.200920954258419937e-01 3.184341137420615420e-01 3.205575087124744038e-01 3.209084462484456668e-01 3.252897315904566544e-01 3.174322138110583502e-01 3.180358091357601280e-01 3.171849779772114020e-01 3.190378520114791061e-01 3.221201608243301484e-01
3.312130838439079905e-02 3.546335566909944448e-02 2.864654996226099204e-01 1.000000000000000000e+00 2.905018702735569502e-01 4.038828056342086970e-01 5.247928395355343500e-01 5.025100203643462216e-01 5.186684104477721213e-01 4.280165077178008648e-01 5.300535388859287655e-01 5.932448438183784978e-01 4.620645205760336993e-01 5.004383801148798439e-01 5.639715089165495687e-01 5.640227775932575849e-01 5.569066906526806138e-01 5.054157052299899089e-01 5.107186592400093650e-01 4.940763287865641007e-01 6.018559307709860917e-01 5.626660097255680171e-01 5.196129781871460240e-01 4.984649842492984151e-01 5.056164679726683486e-01 5.460083910491648762e-01 5.412783453673691847e-01 5.369044524290474962e-01 4.909565690150188288e-01 5.288354942244559709e-01 5.599942110058293565e-01 5.681911320566043200e-01 5.293378523365730448e-01 5.552998636639557839e-01 5.425520992028002309e-01 5.894551466874411449e-01 5.518358435576509180e-01 5.634372109988099453e-01 5.707811894882132142e-01 5.654656220919797027e-01 5.766591440072501573e-01 5.736531088989126337e-01 5.639735816346818087e-01 5.878997672196246693e-01 5.896085441168997798e-01 5.712594377937815215e-01 5.680087764005513629e-01 5.682366398401151875e-01 5.792336770574287863e-01 5.968051883436568117e-01 5.879627641615193800e-01 6.050116948281453189e-01 5.950098675671434689e-01 5.621138440148569781e-01 5.662286409499481810e-01 5.660258211870156098e-01 5.869158025356256969e-01 5.743546816090728813e-01 5.608067908521952027e-01 5.762319640815440902e-01 5.832297653715996510e-01 5.587911301173729139e-01 5.677311519239022219e-01 5.835812809177951532e-01 5.844609539327446646e-01 5.826805386601686676e-01 5.732229506098296401e-01 5.705277892176925381e-01 5.745640961266250679e-01 5.921249007158414512e-01 5.909640629817142221e-01 5.733861475280560560e-01 5.742015143484019424e-01 5.629140412026762963e-01 5.761328243914713987e-01 5.777497477413261473e-01 5.723313218548377046e-01 5.497893873802742748e-01 5.615702866865380782e-01 5.658641149710189611e-01 5.677440670016532520e-01 5.711104591468295633e-01 5.788767880633948204e-01 5.702902101559158554e-01 5.825207746460371316e-01 5.802202121842577887e-01 5.761524593502228564e-01 5.747388087875517915e-01 5.793482520641373146e-01 5.703982074115003797e-01 5.762455502804109120e-01 5.765478687534328905e-01 5.799220125501675094e-01 5.785636023425916319e-01 5.702265027843927969e-01 5.720907599549952538e-01 5.994594652061808748e-01 6.006301166596078600e-01 5.924563900427904928e-01 5.860492281781012336e-01 5.852642081166419263e-01 5.934674103344863560e-01 5.926415780239716602e-01 5.872526124874987152e-01 5.955884103037573096e-01 5.912594552458735331e-01 5.783089616663492638e-01 5.684180953194153396e-01 5.738655298960601003e-01 5.763906500612152595e-01 5.745204327356965290e-01 5.764113714758314355e-01 5.776087540931260644e-01 5.846434580694390704e-01 5.821223165495753582e-01 5.879100231745835181e-01
-2.911650022153122394e-02 6.827686639391515599e-02 1.513486313279777395e-01 2.905018702735569502e-01 1.000000000000000000e+00 2.453573118269581077e-01 4.059000284667652614e-01 3.990842887691707364e-01 3.720411274936624713e-01 3.487465366724221139e-01 3.648295875120133314e-01 4.091156935335898970e-01 3.961588726948605532e-01 3.891590242620563411e-01 4.358261226225932372e-01 4.382743356764148279e-01 3.847041038842446969e-01 3.864813613861644570e-01 3.654097671615765264e-01 3.145267415453457671e-01 3.536210636377912220e-01 3.734238890338122396e-01 4.053790541339313824e-01 3.597171236199733779e-01 3.632023025255567417e-01 3.928630328212927569e-01 4.001005693983612499e-01 4.043364188042513629e-01 3.531404693651730708e-01 4.010014989418126397e-01 4.180992525609761312e-01 4.366392801227659271e-01 4.021583673590135577e-01 4.287562454418584190e-01 4.134479955383651983e-01 4.329197398988647305e-01 4.154560181187381129e-01 4.313946247615212393e-01 4.416617413419595684e-01 4.230637175960102470e-01 4.210784442313044162e-01 4.355207584803424403e-01 4.456987395208524272e-01 4.349233283396722327e-01 4.409124377768828817e-01 4.423531392704899701e-01 4.321976545638576139e-01 4.306407694383893037e-01 4.328087573581696490e-01 4.254244381505805639e-01 4.365920641089101051e-01 4.259609250082037613e-01 4.155872772281293814e-01 4.232669397089222074e-01 4.165596159751032146e-01 4.323106806929832291e-01 4.206002341372467312e-01 4.236581855288047982e-01 4.144338074870033695e-01 4.281095573870217219e-01 4.389765273020326264e-01 4.213654780827010837e-01 4.192061662322422166e-01 4.310651043643542457e-01 4.238240206476251992e-01 4.243434865813267565e-01 4.314488269786466157e-01 4.346977303470361820e-01 4.386612224301539853e-01 4.275664337655224467e-01 4.240040871841735948e-01 4.276722192400443379e-01 4.336160206944537632e-01 4.132363985931767347e-01 4.320793523580827578e-01 4.300717542659058812e-01 4.275591424164459919e-01 4.125449405496274258e-01 4.187458094040765744e-01 4.208981839545948289e-01 4.318547992086783638e-01 4.300066527793005577e-01 4.412771960749366507e-01 4.306126570176251889e-01 4.386806410071628637e-01 4.426776105408480322e-01 4.389331368278153733e-01 4.403721328360867826e-01 4.427353563248435653e-01 4.382626678776103124e-01 4.404128077202968949e-01 4.414393010484702895e-01 4.352976608023335636e-01 4.394440047603996313e-01 4.388297117444076023e-01 4.402184102993509374e-01 4.417558131582058900e-01 4.340118317911331736e-01 4.422510820519751085e-01 4.402519374220400517e-01 4.480230223288723668e-01 4.408160538434637843e-01 4.341771977223946033e-01 4.440535169814163186e-01 4.424413396856477498e-01 4.351008873834644186e-01 4.373889646354388039e-01 4.349515018992037851e-01 4.383454274789154170e-01 4.368257353354412786e-01 4.368049958213885975e-01 4.356977818331294605e-01 4.389556427644868974e-01 4.409897813403953482e-01 4.375148162387323403e-01 4.368307856221418928e-01
1.880699447199558200e-02 8.208980331083670645e-02 2.038007973351305679e-01 4.038828056342086970e-01 2.453573118269581077e-01 1.000000000000000000e+00 5.255499687465032821e-01 4.738783129137565941e-01 5.117895908842837738e-01 4.515133856494064624e-01 5.177988114913752993e-01 5.586408293638568390e-01 4.997775032810191642e-01 5.175883687011710865e-01 5.629935969355914782e-01 5.623589588250880178e-01 5.237788148719645376e-01 5.118464633174991674e-01 5.218781797931861810e-01 4.145263622192790209e-01 5.003820549688481334e-01 5.444508731809875046e-01 5.279932242593317060e-01 4.888595114612996895e-01 5.300977539559803553e-01 5.505365372969405202e-01 5.537179898053239402e-01 5.583678631454412900e-01 5.207664856766823780e-01 5.412219831142542903e-01 5.666221419532163628e-01 5.676937144230975729e-01 5.376077227283896365e-01 5.416646608347726044e-01 5.402842932398890241e-01 5.615086300645072415e-01 5.572429685183774017e-01 5.650606835096294578e-01 5.675367171824099444e-01 5.591645186103232357e-01 5.818863883664013859e-01 5.745962708889162940e-01 5.660024891201058672e-01 5.739211132610304578e-01 5.750019472619136707e-01 5.752729509606249181e-01 5.718803536115951713e-01 5.749886661133244425e-01 5.723116591280066334e-01 5.643037740311342976e-01 5.722023177518282822e-01 5.674684277055273007e-01 5.660191353835031247e-01 5.717109255465376849e-01 5.673227701055013616e-01 5.724149281624894003e-01 5.626823300994843180e-01 5.702543918900047082e-01 5.655292277565018288e-01 5.716344267089495945e-01 5.788050296526637828e-01 5.597167864797514270e-01 5.617200482169879550e-01 5.698965416753372093e-01 5.739502954134521051e-01 5.661737976593783639e-01 5.765236329855437658e-01 5.771924251846460852e-01 5.770773243616339476e-01 5.673072904714402398e-01 5.834461590014746735e-01 5.765401158816779725e-01 5.724867056064759652e-01 5.738784278567605757e-01 5.775076784405338559e-01 5.802336510947514459e-01 5.777185455377569223e-01 5.670873219852737845e-01 5.755938051969089475e-01 5.687027379127900240e-01 5.725511235705994517e-01 5.769121073577329062e-01 5.806956323148512178e-01 5.709787366661106534e-01 5.762810575339186725e-01 5.759299676609010987e-01 5.785897594346071093e-01 5.785438325096405876e-01 5.835297740458375015e-01 5.762085861053870550e-01 5.809582960490822234e-01 5.827051105492919714e-01 5.797621368845977674e-01 5.808525334572576249e-01 5.783703885489627217e-01 5.771992667757893658e-01 5.790192827708583456e-01 5.751642751970115208e-01 5.794853217489100983e-01 5.764692703515341687e-01 5.802675380626616253e-01 5.750893054384915715e-01 5.780880705669094732e-01 5.807307581769496352e-01 5.803127288270594208e-01 5.715876616477706396e-01 5.790487076510285602e-01 5.768162738263051814e-01 5.742406316361482466e-01 5.760350725062971522e-01 5.747706998718162819e-01 5.761923869969799439e-01 5.714798684414773566e-01 5.780440158567036191e-01 5.794676451159033181e-01 5.764515505950530416e-01
-2.701303891190510315e-02 1.159197273437689302e-01 2.573144505809052962e-01 5.247928395355343500e-01 4.059000284667652614e-01 5.255499687465032821e-01 1.000000000000000000e+00 6.931367149855316434e-01 7.057371405122034869e-01 6.469883199917195737e-01 7.320334358442582845e-01 7.765648510066156529e-01 6.832611750956899543e-01 7.191983195026336873e-01 8.270361239791121921e-01 8.015527419733293746e-01 7.225470885480266281e-01 7.026915671933943175e-01 7.181541491869459781e-01 6.036685147649804017e-01 7.011133317513332797e-01 7.357707591249041945e-01 7.427994115283755860e-01 6.818438211869612964e-01 7.082141904559174916e-01 7.797085452661418614e-01 7.672298868927428517e-01 7.875156076834419761e-01 7.252232671640346240e-01 7.624468745996648700e-01 7.949933496996935967e-01 8.082080571471272901e-01 7.668706601907934184e-01 7.727189167448943463e-01 7.703714003527557530e-01 7.836975801924463969e-01 7.865088958514369066e-01 8.095478511569761393e-01 8.134941855455375403e-01 8.079050194226186088e-01 8.118321582573498896e-01 8.181324202744409968e-01 8.038990737505600226e-01 8.149972446454177843e-01 8.118080930998651246e-01 8.128361208592617126e-01 8.150743425626951755e-01 8.131352322340948957e-01 8.127162412380494194e-01 8.024380264329751267e-01 8.198592992573942029e-01 7.857736807905593146e-01 7.879299587325923060e-01 8.028178969223320749e-01 7.985938222785962104e-01 8.153557983923643837e-01 7.908606016073244094e-01 8.009868348913852243e-01 8.003141397565408655e-01 8.056056584842316015e-01 8.170520735077573260e-01 7.895369432259992104e-01 7.980944152931912505e-01 7.999723736057352541e-01 8.009624612571362157e-01 7.980450147720722365e-01 8.148535987925530355e-01 8.133634434686053405e-01 8.151687068652782031e-01 8.038196311289840246e-01 8.123631251242511286e-01 8.150134065269442063e-01 8.079590055473895305e-01 7.996038784133863153e-01 8.203856960701385592e-01 8.167224659526757247e-01 8.165256851157256524e-01 7.996621084432193882e-01 8.128155433102021155e-01 8.045356027033109259e-01 8.128208814561506124e-01 8.137272727693730667e-01 8.208665411043487570e-01 8.112628216120250091e-01 8.161738642160014656e-01 8.172610756980392965e-01 8.190145279088711927e-01 8.234828042078964350e-01 8.264359597117444389e-01 8.175419979693652195e-01 8.267620510176322268e-01 8.251111865654484623e-01 8.196203673462645334e-01 8.254254281118992287e-01 8.174664644296466554e-01 8.180591436796953442e-01 8.233979333398978584e-01 8.127230409852047588e-01 8.217823320893044015e-01 8.226007154313241809e-01 8.265399209367234601e-01 8.182188200437329195e-01 8.118669671565287294e-01 8.209169138464127435e-01 8.148252805040261393e-01 8.113863008988031478e-01 8.187694222157375634e-01 8.159597872978791022e-01 8.162182169847653768e-01 8.171514282950275154e-01 8.173176455079794733e-01 8.136511344372461263e-01 8.107748407160144666e-01 8.168400526001744488e-01 8.113775186588308985e-01 8.107854389921768101e-01
5.392946662588246447e-03 9.042648971315786488e-02 2.913215369323231552e-01 5.025100203643462216e-01 3.990842887691707364e-01 4.738783129137565941e-01 6.931367149855316434e-01 1.000000000000000000e+00 6.778142182904448587e-01 6.035501558685129053e-01 6.933441569174814134e-01 7.475200921235989338e-01 6.789238089903676387e-01 6.905785323920792251e-01 7.762815139991069424e-01 7.921139117996170986e-01 6.924167440752875269e-01 6.887462077622071854e-01 6.969776004456429419e-01 6.037759856776883094e-01 6.788442832184065079e-01 7.209479540946146514e-01 7.139497383964826804e-01 6.714803686119729109e-01 6.972271873652504670e-01 7.482131661921387344e-01 7.489594742896046320e-01 7.567441905617916520e-01 7.019341038560050761e-01 7.399970013504511002e-01 7.631304953842713568e-01 7.708910666639664511e-01 7.255595943818697879e-01 7.421296450907630682e-01 7.430476315483143246e-01 7.584477593658977002e-01 7.624146480319339281e-01 7.757775742416477271e-01 7.788423030501254729e-01 7.764153002935590964e-01 7.824152064168253817e-01 7.916737579816658377e-01 7.847299333313954017e-01 7.867014259808706722e-01 7.859103788664064671e-01 7.856441068993547105e-01 7.840208150157843559e-01 7.828449509134665085e-01 7.771653902408146575e-01 7.625155918228597729e-01 7.864522841144224730e-01 7.615274428958381803e-01 7.650446125820694609e-01 7.705610545703772685e-01 7.702166748456243939e-01 7.859730463796129607e-01 7.574599885435570057e-01 7.787242840389612120e-01 7.724531794627625958e-01 7.762420927722857300e-01 7.864775872538198875e-01 7.589209307979478680e-01 7.682919610174991920e-01 7.634862729090943212e-01 7.717105677176702150e-01 7.665611618744518907e-01 7.863003324511707026e-01 7.887797244775126559e-01 7.880554943526389966e-01 7.872311955975113129e-01 7.902294151478835849e-01 7.889399864842473464e-01 7.848817172507245310e-01 7.781113976909769248e-01 7.906149873810701667e-01 7.927257625374753980e-01 7.866490783434910705e-01 7.732394002101931063e-01 7.828508018077171560e-01 7.804089831386693543e-01 7.830830629719833791e-01 7.862549453302523084e-01 7.890997953386342800e-01 7.838231476698647171e-01 7.889571324842273858e-01 7.894688763656497743e-01 7.900264235372602695e-01 7.939250040479368664e-01 7.928204975366788254e-01 7.899861324942349938e-01 7.948743674831386663e-01 7.964842785519334889e-01 7.917355391108013007e-01 7.948817043082891942e-01 7.904689046325062973e-01 7.881235767406112869e-01 7.961682035125221546e-01 7.813802540809007269e-01 7.946694561178656580e-01 7.906834071553907606e-01 8.012396833932557971e-01 7.877997867217312322e-01 7.887561002750388406e-01 7.946197702129145224e-01 7.910601199633685576e-01 7.831526219589786120e-01 7.891639716893045220e-01 7.871579507742663129e-01 7.877234113930740023e-01 7.907224050127796833e-01 7.924762484227553250e-01 7.851965112403922475e-01 7.854203700201133342e-01 7.853781689382998144e-01 7.840756123021422885e-01 7.830871224066867642e-01
7.965977282145131344e-02 1.553804558729744156e-01 2.719336858157340164e-01 5.186684104477721213e-01 3.720411274936624713e-01 5.117895908842837738e-01 7.057371405122034869e-01 6.778142182904448587e-01 1.000000000000000000e+00 6.800450730252064480e-01 7.613108627586224753e-01 8.056785865600720742e-01 7.184013831930522453e-01 7.557020084787933190e-01 8.226357994963545694e-01 8.213227613242395364e-01 7.953168922277843444e-01 7.475936550262969327e-01 7.550316918222719220e-01 6.132411747643325972e-01 7.215357270554884073e-01 7.644860896448898435e-01 7.626597831443469033e-01 6.924026580731003078e-01 7.213387519778645673e-01 8.106343591096756285e-01 8.055703311537036893e-01 8.122122918611291986e-01 7.676575329163739525e-01 8.216720780783210998e-01 8.504182827084795226e-01 8.407623624630743420e-01 7.819656602092758257e-01 7.881398429070654021e-01 8.036029823269511541e-01 7.986034185642543193e-01 8.234728900476765423e-01 8.282881888055572128e-01 8.212733937030144427e-01 7.891759923236693064e-01 8.433524042252549258e-01 8.305579225266355170e-01 8.053015794498746827e-01 8.488634442597531304e-01 8.421033025088258128e-01 8.374038722833375692e-01 8.601882758027089571e-01 8.675074822102364358e-01 8.602447180394691140e-01 8.376395002040529780e-01 8.464311121268351945e-01 8.222845660121327338e-01 8.383843159681876323e-01 8.670308542163558396e-01 8.608898628600138991e-01 8.512048162683518715e-01 8.601907588412339711e-01 8.529847385474170762e-01 8.560355535667165672e-01 8.682337175647101279e-01 8.582285221441727785e-01 8.585674424847193897e-01 8.541972594281669329e-01 8.627085437130489476e-01 8.668336809956860289e-01 8.655698176185099291e-01 8.622985964309073381e-01 8.587875818870230882e-01 8.618695156585474138e-01 8.396066254668359541e-01 8.488761031051976769e-01 8.533102343306294690e-01 8.447394006792741106e-01 8.332623279943840444e-01 8.609496351554335458e-01 8.554285035214962418e-01 8.543785628079446637e-01 8.437397244886682968e-01 8.462729890315675574e-01 8.577342459735595170e-01 8.603917705016677075e-01 8.615752035329830028e-01 8.646756366497455604e-01 8.568812200092190690e-01 8.526354106923363929e-01 8.523440471481824598e-01 8.542816978169233133e-01 8.579800766656772160e-01 8.545705457317845921e-01 8.608551958480575861e-01 8.497812389309334913e-01 8.533348621329108763e-01 8.577271020700634185e-01 8.572146877167186041e-01 8.608822572047362121e-01 8.625958951390430007e-01 8.475198620281826356e-01 8.623379614801578441e-01 8.591780010508025534e-01 8.525023692530153685e-01 8.464279273154513561e-01 8.579045228090121933e-01 8.575861045680156503e-01 8.585943620923024433e-01 8.583375957314113291e-01 8.600413508433292220e-01 8.651618588050526970e-01 8.639316049227128147e-01 8.641444921619740871e-01 8.593951498895446850e-01 8.574609226948451957e-01 8.666742130371731800e-01 8.607394294580401617e-01 8.665851231599298599e-01 8.685227088814830854e-01 8.669118859124084198e-01
-1.196682076177013956e-02 1.243317036004638748e-01 2.227970809121567475e-01 4.280165077178008648e-01 3.487465366724221139e-01 4.515133856494064624e-01 6.469883199917195737e-01 6.035501558685129053e-01 6.800450730252064480e-01 1.000000000000000000e+00 6.558208352317426160e-01 7.006331184734027051e-01 6.403454515661972657e-01 6.519743653653888860e-01 7.353892112567100847e-01 7.264108142708185500e-01 6.678457558864877575e-01 6.368895660993353358e-01 6.521198224489351825e-01 5.080612453708548415e-01 5.798049801174268714e-01 6.524576961042087841e-01 6.722495377713881837e-01 5.947199287387725519e-01 6.320702422181351254e-01 7.100639736445953920e-01 7.018072547733998912e-01 7.233531615341589616e-01 6.670829728929270619e-01 7.124107774030232765e-01 7.395948878365206092e-01 7.392937955939038464e-01 6.908625900579881129e-01 6.868372410073591006e-01 7.050877312821517418e-01 6.987062359065634443e-01 7.221497525100314396e-01 7.331041528176687194e-01 7.352265162081621508e-01 7.135544211074092980e-01 7.457392518567431683e-01 7.480261021665295385e-01 7.289758607143628222e-01 7.452298422446808068e-01 7.409791702750752052e-01 7.452085762349979214e-01 7.580929232314840283e-01 7.632477820172650640e-01 7.547795382058215541e-01 7.283275632168831892e-01 7.478703315565945475e-01 7.101793213197060695e-01 7.187727455212152838e-01 7.571552899738942521e-01 7.466911124569821645e-01 7.555100106643519720e-01 7.330157138352264568e-01 7.425046636762189234e-01 7.429051358871827659e-01 7.526056411439463467e-01 7.578277893460396708e-01 7.426073323465713916e-01 7.359492824683750989e-01 7.454623985202558645e-01 7.427970453049256294e-01 7.456245480017921201e-01 7.601811046669778582e-01 7.529540779616714641e-01 7.570731987312906419e-01 7.317147320607914063e-01 7.369354322737808882e-01 7.495687684943683760e-01 7.368255431756434159e-01 7.308216637514027836e-01 7.577132003344470013e-01 7.544580753313943067e-01 7.533348977038563099e-01 7.442604376551912315e-01 7.475810118087685696e-01 7.501600790776410399e-01 7.559047955829347742e-01 7.586442115809942655e-01 7.605641507393132716e-01 7.519166215814030441e-01 7.481435360637712639e-01 7.471588611883118736e-01 7.552755491171128099e-01 7.583400536948188275e-01 7.557033647845949886e-01 7.611180605394125553e-01 7.533314279111678058e-01 7.595346138834971894e-01 7.563644650119550894e-01 7.608621275998166400e-01 7.628596253012288608e-01 7.635293875243950312e-01 7.413316800207521151e-01 7.467909508057257728e-01 7.554721461342498445e-01 7.515106598094513091e-01 7.551164337794008530e-01 7.531069129368980208e-01 7.492116531951171776e-01 7.576532231518486871e-01 7.495085701733144035e-01 7.505840609823843934e-01 7.608623998255118481e-01 7.640539332110016790e-01 7.621883402497076077e-01 7.595273551578350935e-01 7.588153600244504915e-01 7.598148337965339172e-01 7.555485098273846400e-01 7.573885108336879668e-01 7.591185149999855053e-01 7.569227562013276511e-01
1.319478524241897086e-02 1.157806999375077528e-01 2.998430913106979179e-01 5.300535388859287655e-01 3.648295875120133314e-01 5.177988114913752993e-01 7.320334358442582845e-01 6.933441569174814134e-01 7.613108627586224753e-01 6.558208352317426160e-01 1.000000000000000000e+00 8.403511598368240687e-01 7.263860534049313422e-01 7.623850801394925769e-01 8.427926879326004261e-01 8.293666988949873753e-01 7.711338542379947425e-01 7.728863244194165150e-01 7.752215798994094298e-01 6.457816765931260194e-01 7.417644310903859228e-01 7.858036864347754946e-01 7.976738137202843415e-01 7.379519166688306431e-01 7.544551859624009094e-01 8.366431390252748734e-01 8.358550743010292328e-01 8.387627870106801886e-01 8.024293793776381412e-01 8.396477814957625796e-01 8.682581501959831805e-01 8.569888698658303383e-01 8.034122802011636200e-01 8.218305415637702227e-01 8.232016024899463380e-01 8.226470453511558478e-01 8.584634037033245235e-01 8.520334806000895433e-01 8.496780488490367489e-01 8.342435755047280521e-01 8.687949694156377189e-01 8.619647140699693288e-01 8.348078866176276147e-01 8.671558254460400850e-01 8.646781864076331647e-01 8.562690551578765463e-01 8.724962678579066822e-01 8.722604286907961191e-01 8.657076591729739867e-01 8.480705998240416488e-01 8.613369227002337647e-01 8.384791069774794048e-01 8.473512327967479552e-01 8.686969716198781333e-01 8.651951340381305311e-01 8.710738585103958709e-01 8.483222626885764672e-01 8.647707949545383466e-01 8.630124713612777887e-01 8.677082937902774740e-01 8.680794721519211610e-01 8.561011826966729021e-01 8.569475654886301585e-01 8.502005010567332821e-01 8.607550313219125560e-01 8.615963502923539297e-01 8.745263158077083432e-01 8.751429887226527260e-01 8.750749060017783965e-01 8.627778178105319773e-01 8.713725111342054408e-01 8.757811155748768117e-01 8.687610572008610532e-01 8.611279399819834479e-01 8.789807621715485242e-01 8.752710811354366127e-01 8.726869459517284655e-01 8.700061409594337380e-01 8.709387472492958748e-01 8.722914172246188924e-01 8.739817563287186619e-01 8.799573177700122928e-01 8.738854125434908360e-01 8.720482638035695899e-01 8.718491085507684701e-01 8.736584147951261814e-01 8.762029422423263103e-01 8.742483852293506663e-01 8.745930451196317623e-01 8.759206954856763039e-01 8.756636738309551138e-01 8.757509687255030650e-01 8.776629303491497724e-01 8.770443605546042187e-01 8.760956454785122638e-01 8.768370611499686218e-01 8.659106928134217007e-01 8.639837463813171414e-01 8.718305721012586940e-01 8.680437459054302085e-01 8.705394279745164443e-01 8.681240621233575760e-01 8.696392197662120571e-01 8.737297493794606851e-01 8.726605848217596773e-01 8.656166221074326206e-01 8.753243498090876873e-01 8.769103983045014594e-01 8.755531996280976337e-01 8.742426995245855537e-01 8.741173191303173162e-01 8.743320780252831215e-01 8.705610124395352090e-01 8.680201189283719421e-01 8.715435810418774576e-01 8.724182213176954193e-01
5.353731328339792449e-03 1.091086879025843642e-01 3.225359248438265936e-01 5.932448438183784978e-01 4.091156935335898970e-01 5.586408293638568390e-01 7.765648510066156529e-01 7.475200921235989338e-01 8.056785865600720742e-01 7.006331184734027051e-01 8.403511598368240687e-01 1.000000000000000000e+00 7.786947086353019909e-01 8.192855736520080479e-01 9.022339130084754411e-01 8.901622051734034979e-01 8.192374859749320670e-01 7.896995373166769694e-01 7.994735476381655825e-01 6.786608883435941708e-01 7.847174322716126138e-01 8.276309112044973881e-01 8.174630574853978260e-01 7.448830599523460494e-01 7.867269350193876187e-01 8.634224743873152308e-01 8.712322518124122617e-01 8.730657862705822891e-01 8.184019147153849261e-01 8.683532308168259162e-01 9.114362617951301537e-01 9.010821093134673276e-01 8.423201647399474190e-01 8.619346912459979748e-01 8.641226044550176510e-01 8.889357790188764374e-01 8.990412537840001272e-01 8.954300459302811932e-01 9.041423862568018777e-01 8.795614369883603123e-01 9.191433801103228163e-01 9.145576730064799431e-01 8.916228045997521834e-01 9.294027431538202100e-01 9.253150860637517905e-01 9.102859248632477751e-01 9.280201760250573750e-01 9.296877205219793439e-01 9.271798609732657681e-01 9.079393340565727888e-01 9.204926584052253169e-01 9.059260667030288872e-01 9.186568167490108960e-01 9.206207077085427626e-01 9.133245571040322641e-01 9.135587877680346747e-01 9.116061058640165804e-01 9.238292679308954813e-01 9.170336219765122809e-01 9.300840504047283019e-01 9.323084578877219863e-01 9.186177175003145123e-01 9.164555087735455352e-01 9.191361561965448734e-01 9.235532436501380227e-01 9.268685941059741085e-01 9.322440705520838033e-01 9.235943054620472381e-01 9.250861584897998036e-01 9.185229416812278336e-01 9.264644383596418731e-01 9.267654498992263790e-01 9.116619090254374225e-01 9.038089037327059483e-01 9.305020500560695629e-01 9.301375343529822981e-01 9.241276921504769648e-01 9.125850462612421499e-01 9.176836935236659665e-01 9.228864710375063174e-01 9.215391659457417006e-01 9.312421927754962470e-01 9.303319685751788581e-01 9.216754845853589728e-01 9.229541668018125256e-01 9.249179209633746623e-01 9.315716249020818962e-01 9.283257805664968387e-01 9.306144390434269997e-01 9.284677956130101828e-01 9.291375328515650844e-01 9.331230343520374726e-01 9.363357254970625654e-01 9.345243860541991854e-01 9.352743829104508411e-01 9.357703982669978160e-01 9.269704715817224105e-01 9.273380075383645949e-01 9.334300449192293181e-01 9.270138887563156294e-01 9.310806924006251872e-01 9.324408193025693903e-01 9.358526797221877747e-01 9.378212338605670384e-01 9.366418631111123050e-01 9.316172854551685312e-01 9.349267592731017595e-01 9.315545111699419234e-01 9.315731083893541431e-01 9.341730014973108620e-01 9.311296914453567330e-01 9.355667535324448947e-01 9.345635255998618884e-01 9.340341464599015708e-01 9.344707411928084850e-01 9.359287181342657025e-01
-1.195319695079443550e-02 1.143846605767129682e-01 2.747251067538403757e-01 4.620645205760336993e-01 3.961588726948605532e-01 4.997775032810191642e-01 6.832611750956899543e-01 6.789238089903676387e-01 7.184013831930522453e-01 6.403454515661972657e-01 7.263860534049313422e-01 7.786947086353019909e-01 1.000000000000000000e+00 7.384810323112612762e-01 8.146095379954364502e-01 7.960406244868848402e-01 7.096235421412262490e-01 6.920574797449992044e-01 7.017149337503436612e-01 5.619154657552427601e-01 6.427026405151519128e-01 7.053267416163405690e-01 7.198484883750322361e-01 6.486173229238069160e-01 7.008210796991271030e-01 7.524182520915795314e-01 7.648825489553983115e-01 7.681471692005672480e-01 7.006019941453511812e-01 7.676114942235715555e-01 7.954965563031513032e-01 7.891532430633868556e-01 7.351477196493810817e-01 7.509448647189300718e-01 7.578243548409392405e-01 7.761380794338779143e-01 7.883843295012494812e-01 7.919132286519264818e-01 7.998959363605960826e-01 7.714383194306871916e-01 8.122768175900290100e-01 8.135685792417081119e-01 7.995062603587127503e-01 8.191543550863148448e-01 8.106911574847693869e-01 8.113316774126185793e-01 8.268751175639148521e-01 8.233849454145463209e-01 8.185631001430937470e-01 7.875221180027632828e-01 8.089908054479296728e-01 7.880478642643398146e-01 8.002764964062770714e-01 8.120524763584168193e-01 8.029581601525270784e-01 8.114120468868633029e-01 7.905077284207571164e-01 8.173609538826897003e-01 8.069890987460053289e-01 8.225546436575686959e-01 8.306904581468723681e-01 8.062322381152678963e-01 8.041139062207270927e-01 8.064641663490195178e-01 8.103529976517406253e-01 8.093814586288100577e-01 8.253914436064438975e-01 8.184992574532733434e-01 8.195073106160394305e-01 8.040982802660237017e-01 8.118981715696095280e-01 8.197206144731613575e-01 8.017262011197126004e-01 7.996620769384293892e-01 8.210143419647465413e-01 8.181268943147456119e-01 8.131751790477292907e-01 8.001810556946310493e-01 8.090612421387868292e-01 8.135163642122514860e-01 8.153825292239275102e-01 8.241011893159511104e-01 8.259816835787293643e-01 8.165009776636876770e-01 8.123138885129866926e-01 8.177807251895521379e-01 8.251461422355305109e-01 8.225009901690566450e-01 8.241011029257330200e-01 8.256465603025786582e-01 8.191918673577321952e-01 8.284275141149722854e-01 8.262757418893310613e-01 8.280382032879379794e-01 8.323710979537598531e-01 8.318539958624557862e-01 8.172528773670735269e-01 8.119502174123534033e-01 8.252588025173985820e-01 8.181749756561529363e-01 8.273453478841644726e-01 8.201243255566830204e-01 8.257602551608579367e-01 8.309693141714701303e-01 8.255070623717626344e-01 8.195356693952770000e-01 8.269798597846013122e-01 8.286067874656538601e-01 8.259745733911166843e-01 8.286272232809216431e-01 8.267706653967997754e-01 8.283472566973602014e-01 8.258483766486043320e-01 8.267066503682578560e-01 8.252824984825182231e-01 8.251652846995025659e-01
