1.000000000000000000e+00 1.834850825417604081e-01 1.908507524318261706e-01 2.187623472071752173e-02 -4.111240804968094992e-02 8.632183732178777547e-02 -2.651882172923733863e-02 -1.370460412032790953e-02 1.055979460470995307e-01 7.220039799611069342e-02 6.876077270605662761e-02 2.061747571317072703e-02 3.331020963523808470e-02 2.486602718552065328e-02 -2.635959901370017733e-02 2.277026305093039077e-03 1.516995259414322950e-01 2.033901437366222587e-01 1.843759799449513626e-01 1.968636545087306677e-01 2.143791893586063924e-01 1.752770106306888453e-01 1.977773954008631985e-01 1.947358740954429901e-01 2.049739406530710906e-01 1.127558584204913089e-01 1.076346365373219011e-01 9.382139105181609706e-02 1.255457626638221691e-01 1.160769273060369006e-01 1.002447121214055104e-01 9.325084205715809815e-02 5.869232004363815480e-02 1.323752503764016875e-01 1.026930364437360216e-01 1.272925583466108512e-01 1.138798267311682405e-01 1.761113306150045160e-02 4.843958447588571359e-02 -4.369572794233729518e-03 2.910294500721766556e-02 2.097374469008930070e-02 2.535984677505152135e-02 3.281327358221535623e-02 7.808829058032010217e-02 5.858630508396547865e-02 3.008989574528732856e-03 3.560587382283193075e-02 3.890372315079922150e-02 4.808247329141998594e-02 2.643238879554022855e-02 6.079435921810911331e-02 4.109786285638836190e-02 6.669774034063159773e-02 8.095816043701427323e-02 5.955366841605098244e-02 6.694226604015493520e-02 2.973330063125593364e-02 3.000262734886871910e-02 3.723798235695222059e-02 2.662681702808827530e-02 4.090841768516961796e-02 3.582968218934286242e-02 4.511811894791882549e-02 8.230593716073039690e-02 8.226714227738131380e-02 4.900185833594873641e-02 6.777128553795307153e-02 8.697097400077977158e-02 1.098658374686815598e-01 8.304805244010320109e-02 7.510292342866692339e-02 8.759835370743611349e-02 9.714088049417281268e-02 4.472552886467121014e-02 6.096671929667023954e-02 4.963487864425289442e-02 5.896212481781826220e-02 4.495699152981891961e-02 5.880698837749461644e-02 7.774180329204624651e-02 5.067539181374540458e-02 7.277695678808519808e-02 7.315151152916772592e-02 4.503672051481772548e-02 6.404085816734504666e-02 6.569821327685480827e-02 1.425151923606229540e-02 3.332487474453936505e-02 7.044562932649792164e-02 4.366858943863261705e-02 1.634253676283947340e-02 3.605607217359580591e-02 2.230439121303462446e-02 2.943642165745341717e-03 2.388489455920164359e-02 1.249446082612941204e-02 5.945879538840213169e-02 9.391463544689979820e-03 1.240088682525031585e-02 1.489955038978047278e-02 2.598131193091025859e-02 1.222122859244306921e-02 4.656544859135949323e-03 4.269405356304446786e-02 5.530239160843687662e-02 4.216452014065146664e-02 3.695865915299115234e-02 4.957143595866110586e-02 1.442921758509700496e-02 1.614088470949952628e-02 1.999270119222852984e-02 2.191958944533872744e-02 2.062985555022835843e-02 5.019214723510433129e-02 5.235509542796681903e-02
1.834850825417604081e-01 1.000000000000000000e+00 1.071867740486027593e-01 1.357021296215916994e-02 6.022758251824341519e-02 1.303217846520314527e-01 1.064023867568858056e-01 1.206478828042234913e-01 1.809184003481389136e-01 2.048593768867986720e-01 1.475716671031084282e-01 1.144202288166765030e-01 1.475018691299649354e-01 1.221347606283434140e-01 1.330319563817770612e-01 1.479869727511442246e-01 2.037206903758783105e-01 2.249016697228810036e-01 2.206311153380243473e-01 1.566305803142166997e-01 1.720797821666260607e-01 1.738155554407548042e-01 2.259333476009715014e-01 2.101838920466920779e-01 2.324586586108290942e-01 1.805147487002543294e-01 1.791408659690169325e-01 1.821472199750077403e-01 2.042860308944565162e-01 2.115900710490521974e-01 1.980827701965598708e-01 1.928951224486352145e-01 1.874059312462862115e-01 1.843672188883325180e-01 2.002600572768262477e-01 1.813868800150619798e-01 2.045810046159154405e-01 1.611947519973567222e-01 1.678002585072258523e-01 1.321578538531567870e-01 1.549292278257182187e-01 1.458568293063483012e-01 1.478825278271378996e-01 1.565010352497884227e-01 1.733677855840972670e-01 1.781625979205699595e-01 1.493805217089724802e-01 1.684319459131821406e-01 1.586816167480725459e-01 1.424166104188819282e-01 1.540489159340006908e-01 1.332966360596963828e-01 1.373241808726682889e-01 1.847282069248162850e-01 1.893901490795794895e-01 1.774762531456523518e-01 1.621619327376193354e-01 1.594563211723934726e-01 1.617302269100066581e-01 1.590614981593699850e-01 1.523233633842959733e-01 1.643679141809210043e-01 1.611961123311876354e-01 1.591039406364960496e-01 1.775951501891228634e-01 1.715879695863822274e-01 1.732253107778257417e-01 1.858357068147724334e-01 1.970419109627690180e-01 1.820454355607619146e-01 1.744896827508685688e-01 1.802246566367434744e-01 1.861662491260082930e-01 1.936237543920220350e-01 1.715488174080981865e-01 1.775209893691708785e-01 1.782440181423100845e-01 1.856966927855631944e-01 1.725134756459045515e-01 1.815974597813983238e-01 1.873073104186206983e-01 1.731536454462099806e-01 1.796151485344472665e-01 1.893592684055751540e-01 1.617970388890857258e-01 1.713796641799123777e-01 1.772164731754333478e-01 1.593392877962127030e-01 1.691118753061288116e-01 1.859292797274529618e-01 1.750335086056207246e-01 1.560327152247520666e-01 1.637177230064573163e-01 1.581938060994153572e-01 1.531257510120334897e-01 1.643599449953950242e-01 1.383988436049400916e-01 1.555676445840705191e-01 1.487546205721797798e-01 1.493767848653735075e-01 1.539832987009234211e-01 1.574578441604881640e-01 1.417007726791950917e-01 1.421462192002036773e-01 1.534078596940610106e-01 1.642754428114697185e-01 1.611972659263317120e-01 1.740126362757901390e-01 1.823249705736976478e-01 1.527958284603114503e-01 1.594419431064338366e-01 1.543825161841449745e-01 1.589410536910557947e-01 1.532887751854064284e-01 1.644600143991500063e-01 1.647468333185912737e-01
1.908507524318261706e-01 1.071867740486027593e-01 1.000000000000000000e+00 4.079471840961764184e-01 1.911159790196099162e-01 2.776575846359180533e-01 3.012016611635223162e-01 2.944437856931068631e-01 3.245802781769255851e-01 2.834321189008575104e-01 4.073564685153390763e-01 4.261464368781214818e-01 3.528229830961179259e-01 2.927403605651722196e-01 3.176907080249981585e-01 3.261648625680614311e-01 3.806468001165583814e-01 4.354830518775935633e-01 4.695004495031942504e-01 5.220068814377252231e-01 5.458369159313828378e-01 5.265451587219592833e-01 4.834335988061519429e-01 4.388100729474819217e-01 4.640214649814712322e-01 4.338515681461859730e-01 4.332211038155977523e-01 3.871705362866801892e-01 3.659188315596994534e-01 3.613365053638863955e-01 4.036375650040371355e-01 4.068258805899716002e-01 3.369900726517672807e-01 4.441459910427769109e-01 3.675368788110948692e-01 4.482741303172426139e-01 4.047852899054033560e-01 3.525942206614600116e-01 3.585087946545494342e-01 3.672756156195621235e-01 3.871040561692117854e-01 3.588899163906861811e-01 3.646271245983340181e-01 3.854652541798383458e-01 4.224986573227737519e-01 3.676564450556681907e-01 3.328465612240000260e-01 3.499133095598005450e-01 3.625668719397233120e-01 3.933039793739741552e-01 3.710743229000371124e-01 4.192934961093541246e-01 3.766970801643332312e-01 3.624389253071494954e-01 3.804599573720885974e-01 4.084255323955646722e-01 3.650136028152525802e-01 3.562476068455141531e-01 3.405327519244211731e-01 3.577284880521552912e-01 3.538736032521584973e-01 3.419774190540118552e-01 3.486063024281324529e-01 3.501248990774799008e-01 3.890609210362145909e-01 3.894904017869362245e-01 3.568856090102379697e-01 3.854289962603078545e-01 4.029822198633729591e-01 4.698572975530290186e-01 4.442655522967832726e-01 4.037158824532650070e-01 4.102803830152386144e-01 4.122299168391812541e-01 3.778379056405768432e-01 3.855580665850100175e-01 3.637603414653403644e-01 3.578492427732104519e-01 3.640167413022284970e-01 3.628473487174087020e-01 3.754431699536424638e-01 3.761382633392337804e-01 3.951509274057939947e-01 3.763189857836519159e-01 3.742015982260431528e-01 3.919327309046556351e-01 3.774902373337372108e-01 3.537361318518446596e-01 3.500750237263678954e-01 3.997555212244320866e-01 3.721739547711317431e-01 3.535966640960501173e-01 3.710350076366061844e-01 3.550343842507337477e-01 3.349266676391033370e-01 3.421750696902373101e-01 3.720788851791452800e-01 3.858503088257894120e-01 3.430315628354941859e-01 3.532505030432028792e-01 3.536333533169928045e-01 3.580617634641754532e-01 3.457762260191189485e-01 3.480638886716075908e-01 3.809421399663205365e-01 3.688834683331950193e-01 3.646080782715024338e-01 3.479967563633803440e-01 3.621296623316946350e-01 3.442125034354040491e-01 3.471246203016831178e-01 3.436076645531839779e-01 3.450492063431157552e-01 3.450846785180237131e-01 3.686700517830042156e-01 3.639487034054832426e-01
2.187623472071752173e-02 1.357021296215916994e-02 4.079471840961764184e-01 1.000000000000000000e+00 3.741820550893259489e-01 3.312945605951728156e-01 5.463281258437868715e-01 5.236761344745018976e-01 3.998734309518567343e-01 3.766729417143776515e-01 5.280445871755312659e-01 6.604845313483566072e-01 5.328193313752573879e-01 4.207278141084390133e-01 5.572063962257665093e-01 5.347351910442476042e-01 4.382365188421814550e-01 2.619650971234865899e-01 3.944979347557059923e-01 4.445357104489544020e-01 4.787840312180848268e-01 5.334690313280955332e-01 4.151061513791322044e-01 3.243141741459300564e-01 3.527763570596605947e-01 4.888578044978726389e-01 4.796379859752810670e-01 4.283872805245609872e-01 3.122197167274690655e-01 3.635567165525183109e-01 4.452833789058665559e-01 4.566451335746039564e-01 3.972404934914031127e-01 5.008051203404709772e-01 4.153943939581359879e-01 5.163247463931889270e-01 4.518733878893675393e-01 4.638676923364249971e-01 4.891538842162771461e-01 5.354990196373854427e-01 5.165451113912262748e-01 5.074510394476531294e-01 5.252356643886154641e-01 5.317154368486080029e-01 5.392442567063510106e-01 4.706129830921140234e-01 4.859823778129021554e-01 4.790565636436649455e-01 4.934174334866757716e-01 5.352886615162962824e-01 4.950713182718201044e-01 5.975642518102014522e-01 5.376238067284840882e-01 4.532514632663588450e-01 4.562232982742677190e-01 5.201753638077596387e-01 4.843419296437714294e-01 4.845432548912514958e-01 4.477187478958702949e-01 4.977406771807554309e-01 5.011360883884737882e-01 4.627685523230572473e-01 4.655513400072964769e-01 4.831858773031358356e-01 4.999462061108370103e-01 5.089390305773637824e-01 4.799859136327827569e-01 4.541767806334154889e-01 4.659601070894371366e-01 5.214184869894034069e-01 5.483632310264417997e-01 4.940499427496256035e-01 4.585108361529681709e-01 4.559827683283017574e-01 4.970493334778498529e-01 4.800936559204767029e-01 4.525789755464387776e-01 4.221769032626263018e-01 4.720470428589580436e-01 4.547241442726892013e-01 4.442688823367995088e-01 4.807589635011959572e-01 5.028257980157029294e-01 4.566799527908231848e-01 5.072654426235888581e-01 5.024224424345214990e-01 4.824664084393666674e-01 4.926221377416482583e-01 4.837094865370012431e-01 4.974505187538628692e-01 4.858423155416259909e-01 5.005018803403300520e-01 5.153236240982226324e-01 4.995804038197983465e-01 4.868445811809821722e-01 4.812129301530235770e-01 5.472478959647865127e-01 5.267944837670629488e-01 4.984359830972732719e-01 5.038852956065922317e-01 5.051681353861898760e-01 5.032731080680050706e-01 5.229414985783610303e-01 5.217114885361351373e-01 5.407472710397819293e-01 5.008090302438096275e-01 5.058447128199320408e-01 4.716024004961882898e-01 4.715178074161732735e-01 4.912202070185173186e-01 4.844754498271143794e-01 4.933754368312722183e-01 4.862327784099507721e-01 5.034826795597304727e-01 5.005890372304458991e-01 4.951074929260155244e-01
-4.111240804968094992e-02 6.022758251824341519e-02 1.911159790196099162e-01 3.741820550893259489e-01 1.000000000000000000e+00 2.933413719900239691e-01 4.600347679273931734e-01 4.614226760221773471e-01 3.875320245815155329e-01 3.702753460692216336e-01 4.249671861370825643e-01 4.713407990892627963e-01 4.712176251651338243e-01 3.924058602366696791e-01 4.861576265159266441e-01 4.895722251179887574e-01 4.001351253920524265e-01 2.845375794373440903e-01 3.447064233011540302e-01 3.225103641876993499e-01 3.124522113287690472e-01 3.714419224403477937e-01 3.322768596303667388e-01 3.068439687536635985e-01 3.225004840861919186e-01 4.265582306305924498e-01 4.084239003945000501e-01 4.074873687222935748e-01 3.362877807916036521e-01 3.659995722879023639e-01 4.237731479543280777e-01 4.413047215458268946e-01 4.163310760253788878e-01 4.326512868748689233e-01 4.095211925409183995e-01 4.287160335539058065e-01 4.279619821669690127e-01 4.631679792762780079e-01 4.623765729534238256e-01 4.660773464390782217e-01 4.650042750207930564e-01 4.704456222605910010e-01 4.904452735306120137e-01 4.814842740520686726e-01 4.648045915557932894e-01 4.564829804058121443e-01 4.724334702129567298e-01 4.676666891594445929e-01 4.637094590182291309e-01 4.773300108914191320e-01 4.669301947052543200e-01 4.876195698774521414e-01 4.794514375949008866e-01 4.454300345149532214e-01 4.412695194273963950e-01 4.623478507757432521e-01 4.508136493437608361e-01 4.644047414719946199e-01 4.484972813108104028e-01 4.695942568186567412e-01 4.782956616316577092e-01 4.522706203302607197e-01 4.536624442276740998e-01 4.549593686162027861e-01 4.562823837013994521e-01 4.611643115796164594e-01 4.660241168066882600e-01 4.509653438960296579e-01 4.506723229725879687e-01 4.498405960290896011e-01 4.646111324947156396e-01 4.588218897509213079e-01 4.402058381893244610e-01 4.382341240717224640e-01 4.675038893411620489e-01 4.580652950865499728e-01 4.515729501779403021e-01 4.320864532375651157e-01 4.601943063268522649e-01 4.479941913130078279e-01 4.485265474856321433e-01 4.572586831590735867e-01 4.638584782002946327e-01 4.491487228607647930e-01 4.743138017599835554e-01 4.687728553717726010e-01 4.607290905983895679e-01 4.741551951116349528e-01 4.686567838929075469e-01 4.612889749860594746e-01 4.670999492944576947e-01 4.794439607527293257e-01 4.761536409072475440e-01 4.737161340785299712e-01 4.764097273774611785e-01 4.700550210989123401e-01 4.839432044873147598e-01 4.687883775734038028e-01 4.754193763727438404e-01 4.771765471980465856e-01 4.812919105331718295e-01 4.715032215721297049e-01 4.854631010218874443e-01 4.853549931815659413e-01 4.866016491197861504e-01 4.604880647961711593e-01 4.686312852266957263e-01 4.680877565236504778e-01 4.629798741383105987e-01 4.745602078857071859e-01 4.684858324728219947e-01 4.756226935976771708e-01 4.673584287830069850e-01 4.760723121523559032e-01 4.687261667165704138e-01 4.652650125651781043e-01
8.632183732178777547e-02 1.303217846520314527e-01 2.776575846359180533e-01 3.312945605951728156e-01 2.933413719900239691e-01 1.000000000000000000e+00 5.215970930453213139e-01 4.884983667384526496e-01 5.510822600008370431e-01 4.994425268099144666e-01 5.520016566277260450e-01 5.591853058142070010e-01 5.361989359081185125e-01 5.043243562035062411e-01 5.852088094358885995e-01 5.887341576654602227e-01 5.493856496607929518e-01 4.853227033549434855e-01 5.444045046219182504e-01 4.369705415862672471e-01 4.474182891096363246e-01 5.383157019998308090e-01 5.170857335774270425e-01 4.977468938936731591e-01 5.356263324682662974e-01 5.980405722680937064e-01 5.881771927237063879e-01 6.011839293651335403e-01 5.531704822343389560e-01 5.603734755152685043e-01 5.989362299156473224e-01 5.919382499725089897e-01 5.834166226786998699e-01 6.001944004655062059e-01 5.973390484435594505e-01 5.967171220757954142e-01 6.010765064176629702e-01 6.035564488148771334e-01 6.168031786158928442e-01 6.019080145681544591e-01 6.191873299864193436e-01 6.134438691673670396e-01 6.151561139429716496e-01 6.258366114882754072e-01 6.229187168235906791e-01 6.148894111591198808e-01 6.123948195656061522e-01 6.154583883650891485e-01 6.070622234171332288e-01 6.036323652122160821e-01 6.114573420353760502e-01 5.860802777973060929e-01 6.078886665182186011e-01 6.150950523345023457e-01 6.034293052899351029e-01 6.143445460203134090e-01 5.960352767693578580e-01 6.169617826189094378e-01 6.071029400638342510e-01 6.141805758903449153e-01 6.108918792359170347e-01 6.064696949133200343e-01 6.006578096177109805e-01 6.066915090534457100e-01 6.181103200121399466e-01 6.144942365493240022e-01 6.188006800034824284e-01 6.225197734964089680e-01 6.151807436358414094e-01 6.035211827035259491e-01 6.222381092222978305e-01 6.278017347434350359e-01 6.128133410378582280e-01 6.231771007350629388e-01 6.252553891686811749e-01 6.224050093291445540e-01 6.258213719939770270e-01 6.145325034899571381e-01 6.180585096694229952e-01 6.189684698033490751e-01 6.194925190723963304e-01 6.207096977765635959e-01 6.218732611667675547e-01 6.213587494684100765e-01 6.218439686081845830e-01 6.238401488369100800e-01 6.258802648115765477e-01 6.213083983717579972e-01 6.305079486728545346e-01 6.235284338015880667e-01 6.289530023826326310e-01 6.232506138872448975e-01 6.243518669495903284e-01 6.271663208383491117e-01 6.168096830129857766e-01 6.210092615170558217e-01 6.161758592618172825e-01 6.077993853947454284e-01 6.164389812091203291e-01 6.221033896807668384e-01 6.233418649540782841e-01 6.183033553421950490e-01 6.140896589908738656e-01 6.187052967354440547e-01 6.219194524269945346e-01 6.080866503552688762e-01 6.157608152481424124e-01 6.198593571567275751e-01 6.195530925366845576e-01 6.156873845412277335e-01 6.197576101897797063e-01 6.171231192399672105e-01 6.150253217803300920e-01 6.155973869245051633e-01 6.222747907765885378e-01 6.196588661676722953e-01
-2.651882172923733863e-02 1.064023867568858056e-01 3.012016611635223162e-01 5.463281258437868715e-01 4.600347679273931734e-01 5.215970930453213139e-01 1.000000000000000000e+00 7.412616826052672581e-01 6.600997454191994684e-01 6.413121524656015815e-01 7.070762354207671407e-01 7.733852996588234108e-01 7.110998914413612093e-01 6.392107551258197073e-01 8.465292298121853687e-01 8.003188259055756815e-01 6.234104102580846352e-01 4.495387407968934323e-01 5.508062758958151006e-01 4.758530009059196431e-01 4.468811527159479713e-01 5.690985699034670775e-01 5.625438115636595127e-01 4.975963209522966668e-01 5.221236859712008460e-01 6.932306787370871026e-01 6.786285530139138933e-01 7.015259888859245452e-01 6.093709981080172033e-01 6.392674366509515371e-01 7.145778386645895708e-01 7.077624834340301430e-01 6.906796491163240681e-01 7.040710917150858617e-01 6.921208008181112259e-01 7.064007457599552620e-01 6.973615582525015677e-01 7.681743058249203004e-01 7.783560435445769921e-01 7.688410796373910117e-01 7.667484065743627175e-01 7.854696855277313317e-01 7.847348801038137589e-01 7.882048218139278140e-01 7.631616531894476196e-01 7.717515349555662540e-01 7.787879313956928007e-01 7.678085066657494018e-01 7.640034492429178536e-01 7.589175260740769202e-01 7.735593948993164659e-01 7.451909423976011970e-01 7.730351082608302171e-01 7.356578881934583425e-01 7.287486667035683041e-01 7.576425693293813435e-01 7.398980213236451275e-01 7.737667223900115410e-01 7.590294047927997889e-01 7.683381435465010956e-01 7.753720220381403738e-01 7.607362991987421941e-01 7.572431499979410674e-01 7.638738540008374045e-01 7.530441530912527215e-01 7.568958038259328003e-01 7.687997039337935989e-01 7.420084578894436955e-01 7.414507168011789107e-01 7.215506714815269618e-01 7.489675531752709725e-01 7.502106375570088970e-01 7.271454279802569420e-01 7.220002265731723101e-01 7.705705837928938928e-01 7.520807920393746127e-01 7.575187994617998966e-01 7.350822770512206450e-01 7.689579089435474302e-01 7.562123443472671402e-01 7.433378484710706502e-01 7.644779776467799381e-01 7.671157228846170462e-01 7.530623584690822048e-01 7.802795811288176786e-01 7.694726114047223398e-01 7.652310540865373545e-01 7.916534770307612767e-01 7.822193294001507091e-01 7.649486958512384804e-01 7.773503794032198266e-01 7.890481787162468841e-01 7.814107322756341789e-01 7.888016013781129487e-01 7.832888563639207602e-01 7.766394815841674015e-01 7.955094937004077993e-01 7.668538471177460680e-01 7.836645152536868553e-01 7.899067046534340442e-01 7.907348448374825756e-01 7.834993277059228989e-01 7.860360608456193887e-01 7.922770191185797284e-01 7.861035166505068172e-01 7.633782391431883640e-01 7.751302367488531742e-01 7.673716233687551957e-01 7.640372452802728365e-01 7.809161615540282098e-01 7.819950621836916360e-01 7.779494258649959360e-01 7.799271759587744768e-01 7.840980144687449416e-01 7.691376780415078995e-01 7.680971436490848792e-01
-1.370460412032790953e-02 1.206478828042234913e-01 2.944437856931068631e-01 5.236761344745018976e-01 4.614226760221773471e-01 4.884983667384526496e-01 7.412616826052672581e-01 1.000000000000000000e+00 6.658260972176057724e-01 6.319026605596925750e-01 6.894573939807798757e-01 7.560182531187069621e-01 7.150051413277620505e-01 6.385718238071965702e-01 8.069635058280101303e-01 8.020375796748026032e-01 6.334101544274133300e-01 4.426871399630755710e-01 5.523320110072784672e-01 4.679339726706093772e-01 4.533370554666922847e-01 5.824264155211187344e-01 5.397003831594233692e-01 4.713248086398461600e-01 5.077491359330194021e-01 6.918130079471409566e-01 6.780796344679890231e-01 6.953786589823122144e-01 6.122982643854699703e-01 6.421494445794366790e-01 7.067001165301534105e-01 7.069937451495009739e-01 6.946669127578102287e-01 6.895917373473544609e-01 6.866144717291324806e-01 7.010361111497960263e-01 6.952373586829564411e-01 7.617666994538301317e-01 7.697846652304116688e-01 7.586018459945280679e-01 7.627417559866676022e-01 7.722977507634533056e-01 7.738340221809668629e-01 7.781290515854109024e-01 7.499667353516379364e-01 7.630009514646707292e-01 7.774047648797137722e-01 7.685298174431718365e-01 7.651804513096235327e-01 7.623176038854052594e-01 7.718637876086505978e-01 7.327663971101306961e-01 7.658554007256193064e-01 7.412826995015434628e-01 7.351296218886563816e-01 7.527770167449684413e-01 7.477416920420626445e-01 7.731172283815838098e-01 7.598586750175896354e-01 7.688705334401942926e-01 7.747376272593400337e-01 7.631952933914818438e-01 7.613879873882234417e-01 7.659205939509354799e-01 7.532604001019893580e-01 7.557096909787512917e-01 7.663225550490740945e-01 7.342282863915234881e-01 7.305690800549444752e-01 7.170005248998083669e-01 7.453724643107929593e-01 7.478366976516638287e-01 7.077955780895442972e-01 7.070910964339784943e-01 7.642614449088845907e-01 7.532397168526118181e-01 7.500835941130501450e-01 7.366938267873770485e-01 7.576197162021217624e-01 7.522408269146099169e-01 7.414953404863680042e-01 7.592392557410647669e-01 7.593312431557600606e-01 7.459987282312688928e-01 7.749357332734992942e-01 7.571121550529991140e-01 7.579272676960245869e-01 7.814291068160881260e-01 7.742564066372455978e-01 7.602620438913184620e-01 7.660393283274722354e-01 7.802006493393797149e-01 7.749538838387736162e-01 7.796634386487860668e-01 7.792982720623653492e-01 7.747474657840225376e-01 7.919018727759883358e-01 7.762486947078360844e-01 7.842523757911783466e-01 7.838583887714837273e-01 7.829015456539738516e-01 7.862162528929657057e-01 7.822862653339605066e-01 7.887342946698395751e-01 7.802034808037751068e-01 7.711580168704104121e-01 7.812405819392521655e-01 7.670873464957421728e-01 7.685909621216800991e-01 7.811867546362821768e-01 7.830800756935991647e-01 7.783998980372595078e-01 7.805428715529885153e-01 7.843529940099565056e-01 7.699036421662545093e-01 7.700717087832980035e-01
1.055979460470995307e-01 1.809184003481389136e-01 3.245802781769255851e-01 3.998734309518567343e-01 3.875320245815155329e-01 5.510822600008370431e-01 6.600997454191994684e-01 6.658260972176057724e-01 1.000000000000000000e+00 7.248660218402839250e-01 7.715478674614201227e-01 7.657638204866386022e-01 7.305812235468855942e-01 7.004849675249150698e-01 7.980751364090891142e-01 7.998422896808540239e-01 7.946540795147801761e-01 6.480221003423440873e-01 7.277850332426922808e-01 5.740441445858338598e-01 5.676458440832321539e-01 6.970684007094811729e-01 7.051876932620024796e-01 6.657056729700140396e-01 7.075619065903819838e-01 8.256403647377159594e-01 8.175672087559352486e-01 8.287344775301500599e-01 7.797054683769658601e-01 8.269425743306192400e-01 8.541396088363680805e-01 8.356273463357561937e-01 8.213163544031998331e-01 7.909543151922573401e-01 8.253599684078978260e-01 8.069639328417066437e-01 8.432837386099584220e-01 8.423022479224110404e-01 8.494776722485063436e-01 8.020813649901016307e-01 8.488848914567971304e-01 8.475723602148258484e-01 8.347984143642801502e-01 8.523810809045089254e-01 8.442758880881823247e-01 8.615339853191181785e-01 8.643458527032014116e-01 8.741434608357554481e-01 8.692815893003812411e-01 8.356997395157867992e-01 8.612020602312188133e-01 7.980446818665379860e-01 8.385499428382949816e-01 8.753999453590923796e-01 8.599654554636179116e-01 8.548652684223773113e-01 8.633323688906542337e-01 8.624120379671520453e-01 8.654163680747826159e-01 8.778191812358359103e-01 8.685420584798984045e-01 8.700373518035372511e-01 8.664738884744472847e-01 8.701397567009250267e-01 8.687479587210423793e-01 8.696147191182687086e-01 8.715927795561424496e-01 8.616182756357114725e-01 8.624874565156265271e-01 8.297761161465238011e-01 8.397537972618503987e-01 8.673644176864272470e-01 8.426717505977576739e-01 8.496209341957891015e-01 8.678201708327691888e-01 8.684573243819760924e-01 8.676871353256683239e-01 8.638251901931705001e-01 8.652609073047416999e-01 8.703343475907920901e-01 8.679874452776645821e-01 8.727315191306203035e-01 8.649626676500661304e-01 8.678263650495176007e-01 8.569465319637519229e-01 8.579380283903657034e-01 8.607971462489274472e-01 8.640606519798047502e-01 8.688227025773245238e-01 8.641085273043890291e-01 8.617390863077288854e-01 8.657448566419183589e-01 8.611697254273982249e-01 8.659430499731151087e-01 8.662789496528360278e-01 8.725984809832260103e-01 8.459255195980424080e-01 8.572133658005752777e-01 8.640786728377286563e-01 8.617688934346218188e-01 8.578313882793369149e-01 8.682859275776968477e-01 8.542584479125466812e-01 8.608839142011305290e-01 8.601054215482457632e-01 8.681033231003044692e-01 8.713318094180986240e-01 8.733541094957220086e-01 8.729797111950681199e-01 8.705948716053373282e-01 8.670089944726330211e-01 8.737235259985561830e-01 8.689573877498889543e-01 8.702134288689384878e-01 8.728662928236586849e-01 8.738289897973664511e-01
7.220039799611069342e-02 2.048593768867986720e-01 2.834321189008575104e-01 3.766729417143776515e-01 3.702753460692216336e-01 4.994425268099144666e-01 6.413121524656015815e-01 6.319026605596925750e-01 7.248660218402839250e-01 1.000000000000000000e+00 7.081901122887515054e-01 7.115211243073950032e-01 6.769563834344420883e-01 6.585663035138047405e-01 7.544418172046909454e-01 7.546520041652112765e-01 6.955301272188366690e-01 5.586419623298908288e-01 6.344478972966158814e-01 4.962965179421870987e-01 5.011543254210686360e-01 6.213206728154138103e-01 6.286192958344976045e-01 5.798579627936479852e-01 6.205441073350559389e-01 7.431387224120798995e-01 7.283565731502061880e-01 7.486634836785353020e-01 6.805807677953424895e-01 7.322813394948015642e-01 7.754100659247552541e-01 7.467785377880624686e-01 7.445607684947564975e-01 7.271092132526421059e-01 7.532204639901199927e-01 7.374716419110449728e-01 7.616681722933468235e-01 7.767249084157469285e-01 7.865420638305349321e-01 7.470613229961845514e-01 7.833849677552672253e-01 7.837726555595260214e-01 7.772573597816615498e-01 7.912265070217637808e-01 7.819488050122678224e-01 7.875096220257808977e-01 7.970478911843428271e-01 8.061086419875760356e-01 7.893192954531554895e-01 7.596676906743151658e-01 7.852843117179447718e-01 7.319844038335697745e-01 7.777047135897420249e-01 7.951768823587443968e-01 7.796394158816425390e-01 7.827158851496140990e-01 7.800503334650393805e-01 7.966173506291525097e-01 7.888503695785311631e-01 7.993239203997943854e-01 7.970243119904122375e-01 7.951785478931274742e-01 7.876877817031989748e-01 7.936170384786728205e-01 7.880372462391069810e-01 7.920723894052462688e-01 8.010319876532850936e-01 7.887188727034757374e-01 7.850163367233854439e-01 7.555188925412755774e-01 7.759094605132937916e-01 7.946076865432933900e-01 7.698783265158520850e-01 7.762714706533420106e-01 7.970524233521548707e-01 7.936981290505833453e-01 7.901853430616969653e-01 7.836746652377608591e-01 7.935056464303639201e-01 7.964756902557303953e-01 7.961903904269111987e-01 8.022079324141009327e-01 7.969113221991206419e-01 7.946180412762693379e-01 7.896181079572744954e-01 7.912229056925172976e-01 7.976843787684950726e-01 7.986696438990161795e-01 8.010130863794528988e-01 7.974381780918986529e-01 7.974591327706562760e-01 8.001833562204551109e-01 7.992809116800385638e-01 8.012923154917939161e-01 8.023154100021244739e-01 8.059004018304130046e-01 7.809372347614278453e-01 7.831117047561518829e-01 7.997220236761448664e-01 7.952818386986479915e-01 7.968982982881056554e-01 7.989824802351408461e-01 7.903570505240917754e-01 7.981763217076420780e-01 7.961735675341959917e-01 7.941379520519475932e-01 7.995250773668608479e-01 8.036164118526566424e-01 8.006135436781292025e-01 8.000833673246851019e-01 8.001350343855332392e-01 8.044141181757894499e-01 8.013395592614681595e-01 8.004485421879754536e-01 8.014581584437678874e-01 8.011997645333260865e-01
6.876077270605662761e-02 1.475716671031084282e-01 4.073564685153390763e-01 5.280445871755312659e-01 4.249671861370825643e-01 5.520016566277260450e-01 7.070762354207671407e-01 6.894573939807798757e-01 7.715478674614201227e-01 7.081901122887515054e-01 1.000000000000000000e+00 8.344687008719380295e-01 7.678152235379562818e-01 7.128013998889747294e-01 8.252994681502162644e-01 8.277734922973974951e-01 7.797174688592526381e-01 6.720936845937326432e-01 7.620996118830862809e-01 6.490130908011185751e-01 6.589911914952192307e-01 7.748309657942974438e-01 7.503261975898914971e-01 6.988790849711252751e-01 7.444839396941246301e-01 8.533801307602170150e-01 8.462392810930700060e-01 8.385743963474086016e-01 7.628946037735471197e-01 8.045003820992364663e-01 8.720108740184591145e-01 8.420347185389429612e-01 8.166900803104927276e-01 8.357208157041150498e-01 8.303178388014883504e-01 8.486047906848309674e-01 8.577175997945615249e-01 8.451850301225460882e-01 8.630835857759689977e-01 8.459523837704758797e-01 8.751411864172978783e-01 8.668025486866571816e-01 8.577583109406115014e-01 8.769217467470987737e-01 8.805485655329087225e-01 8.666306786792683514e-01 8.673930624683019452e-01 8.732631969235109537e-01 8.710556670213166486e-01 8.592191844755632246e-01 8.675245777933506819e-01 8.491813188840023896e-01 8.670389352172537256e-01 8.725409535648579462e-01 8.695597062999796956e-01 8.819008594108677102e-01 8.653441791252972637e-01 8.706772820433742455e-01 8.645458870405201557e-01 8.757654541622663658e-01 8.754645269321003065e-01 8.681175967956105133e-01 8.642524850247165213e-01 8.655286085374854776e-01 8.753730335697444964e-01 8.806778033954844043e-01 8.774684474611701424e-01 8.757679297731622015e-01 8.735394597554404506e-01 8.699872989929626765e-01 8.850924382263579693e-01 8.884107375658916173e-01 8.644499266094897161e-01 8.724770419777571062e-01 8.847116313548539779e-01 8.843855743345834242e-01 8.715510830635291306e-01 8.605797294600718850e-01 8.726558690384065287e-01 8.706012495072987800e-01 8.719567555461792407e-01 8.794900777053881180e-01 8.832013946655489223e-01 8.766901385093736065e-01 8.731491541382722099e-01 8.787872853176476040e-01 8.788142471990965099e-01 8.738141081429791068e-01 8.749237646403599244e-01 8.844301370012885855e-01 8.812354220224742907e-01 8.778187683560432220e-01 8.813727138546284534e-01 8.773317700837636179e-01 8.724084910355509592e-01 8.761768462572140370e-01 8.711005012095545119e-01 8.717532584255573980e-01 8.736279981931301952e-01 8.734173751061992119e-01 8.748216795537118173e-01 8.781768075678682006e-01 8.729454848468860551e-01 8.756843503799748296e-01 8.845704066233817109e-01 8.763713805018569225e-01 8.781865384605748170e-01 8.775091764602437339e-01 8.795713711658899037e-01 8.763276562928590252e-01 8.746231892200188041e-01 8.762559802216631777e-01 8.744826442024403734e-01 8.728014406892680155e-01 8.809430481503711663e-01 8.802578115277459592e-01
2.061747571317072703e-02 1.144202288166765030e-01 4.261464368781214818e-01 6.604845313483566072e-01 4.713407990892627963e-01 5.591853058142070010e-01 7.733852996588234108e-01 7.560182531187069621e-01 7.657638204866386022e-01 7.115211243073950032e-01 8.344687008719380295e-01 1.000000000000000000e+00 8.175339305767022058e-01 7.424729610514064770e-01 8.821403726518418642e-01 8.707406194757737472e-01 7.725751316077220654e-01 5.666047328180491283e-01 6.979121528041853928e-01 6.303411346050551423e-01 6.378900192789958012e-01 7.682751970838975764e-01 6.964161840106869450e-01 6.138684412889536812e-01 6.640362699877525587e-01 8.375540911886308892e-01 8.263153026387820566e-01 8.072001967806630152e-01 6.884979837036310224e-01 7.539743579765701975e-01 8.368747075399431967e-01 8.214214541075853804e-01 7.888158644183194124e-01 8.314231921718651108e-01 8.042877234386854868e-01 8.488964473673591415e-01 8.282489671188696390e-01 8.505858157448302759e-01 8.732710084976629261e-01 8.775033837364509814e-01 8.896481669075514409e-01 8.847144623750734516e-01 8.818718084749351815e-01 9.031994646335138599e-01 8.963444359845230691e-01 8.662189180244850295e-01 8.854258607415278481e-01 8.832340981823733062e-01 8.858660461957916787e-01 8.888380962019500897e-01 8.802464266302295615e-01 9.037292691653572296e-01 9.018718754168150165e-01 8.631253603717851108e-01 8.560978116913241509e-01 8.895156783577107262e-01 8.741504738412529951e-01 8.830198624997526169e-01 8.613597589697489232e-01 8.940291589896360858e-01 8.936949762189831947e-01 8.731093771451925445e-01 8.702151873098266099e-01 8.807035912427306767e-01 8.891331620273562608e-01 8.959326537850751393e-01 8.841149265846902638e-01 8.590172557942925557e-01 8.583385945718754462e-01 8.676911447570654357e-01 8.979924416042237567e-01 8.848479551704269142e-01 8.461226182463680301e-01 8.496633601590024565e-01 8.914911970103117644e-01 8.778142202734477983e-01 8.619007337007589253e-01 8.372257444193206277e-01 8.700528382211220046e-01 8.617632081981642100e-01 8.590084358277647603e-01 8.793759134570523495e-01 8.902292610326218991e-01 8.641229036745110559e-01 8.882516803060015453e-01 8.864618511134507717e-01 8.809429039032058428e-01 8.872958604596897780e-01 8.822194080546892359e-01 8.846601048750869500e-01 8.838549836073407162e-01 8.955845804602843296e-01 9.004027736573960716e-01 8.934823849630255665e-01 8.898637877771001792e-01 8.875035967679538729e-01 9.048012111237379029e-01 8.981318926026505833e-01 8.930968361123394761e-01 8.936524821609641567e-01 8.929284490055473533e-01 8.958841648250730483e-01 9.057195756012982324e-01 9.045931186603207719e-01 9.142665422778203377e-01 8.901459839635867954e-01 8.962032927577815444e-01 8.819676959762434709e-01 8.786103881755753520e-01 8.905540095592537897e-01 8.856192283152091171e-01 8.951214705588043108e-01 8.889895514700771884e-01 8.956636043939195657e-01 8.958315572284066830e-01 8.935318570768879809e-01
3.331020963523808470e-02 1.475018691299649354e-01 3.528229830961179259e-01 5.328193313752573879e-01 4.712176251651338243e-01 5.361989359081185125e-01 7.110998914413612093e-01 7.150051413277620505e-01 7.305812235468855942e-01 6.769563834344420883e-01 7.678152235379562818e-01 8.175339305767022058e-01 1.000000000000000000e+00 7.047022496028673144e-01 8.246834125103660318e-01 8.229224089603405234e-01 7.190510231524829265e-01 5.730274922590237185e-01 6.730174720578788738e-01 5.829181354406016702e-01 5.804984837872130266e-01 6.881062827840935814e-01 6.613247480172140813e-01 6.112393396544327784e-01 6.457456963478355183e-01 7.861155783835976907e-01 7.673601925597794970e-01 7.740161192763724829e-01 6.755772860179285466e-01 7.350907858245312454e-01 7.935046320571925715e-01 7.871020854014649792e-01 7.600493693862937494e-01 7.837588278664804342e-01 7.630470585938393668e-01 7.970711283734204233e-01 7.961311626152712817e-01 8.121025160168905410e-01 8.266312577936714145e-01 8.153592978560404436e-01 8.382558064445364554e-01 8.326211773916665226e-01 8.350546383478069101e-01 8.443539213165198731e-01 8.377884432570323892e-01 8.192264128126863776e-01 8.391535954979112422e-01 8.359722756066290117e-01 8.335165002661679701e-01 8.323927675246455271e-01 8.315172216314676845e-01 8.265674279037142913e-01 8.390847790638918946e-01 8.202809842746033864e-01 8.137147467648773169e-01 8.343134425143746702e-01 8.170811309435953573e-01 8.311440677879400329e-01 8.180049782970212346e-01 8.395886795814537784e-01 8.440863949309647118e-01 8.221602574254682771e-01 8.177356836157464448e-01 8.297601200713758951e-01 8.307700927838891358e-01 8.349982882016862007e-01 8.395097286728007147e-01 8.232346204393604649e-01 8.229537153786832260e-01 8.154367056081189835e-01 8.360203544087645433e-01 8.355587102868065053e-01 8.101684556825821115e-01 8.131002028594475073e-01 8.432819280728326428e-01 8.333906736525727998e-01 8.233427200009713065e-01 8.036698918384124202e-01 8.297903576047288565e-01 8.254576869956867791e-01 8.232421179293692992e-01 8.336606534895676379e-01 8.402385409973733843e-01 8.245894327333469498e-01 8.443881316841871376e-01 8.398000226173115701e-01 8.360407021908118352e-01 8.418616203757185446e-01 8.411240639863888369e-01 8.383913428902866061e-01 8.372873490938462782e-01 8.471026061990726275e-01 8.465665422372256055e-01 8.455711561055646586e-01 8.454922961533132275e-01 8.408828772789171957e-01 8.497094637182623922e-01 8.425079958951041670e-01 8.463551056976091891e-01 8.469099121324528134e-01 8.477064116251685766e-01 8.448049519978185762e-01 8.475339848794721798e-01 8.510323694100242475e-01 8.556956028821036675e-01 8.382685713850999143e-01 8.448526816051867838e-01 8.398788389003092325e-01 8.381263923637791713e-01 8.425855895442195820e-01 8.398782228963703744e-01 8.434761047380646692e-01 8.393526959892380068e-01 8.433873252517731789e-01 8.420332326041127802e-01 8.408396716334752830e-01
