1.000000000000000000e+00 7.876608991561798168e-02 1.412187903056145999e-01 6.986388316366039242e-02 -1.063630932810642618e-03 1.957304455859035577e-02 2.353832857102054407e-02 3.051187556101327136e-02 9.894433879462595505e-02 4.692456478175077716e-02 4.760916238573412174e-02 1.980639672696182102e-02 1.376128566051414669e-02 2.582165586852495573e-02 6.487821570925203334e-03 1.638531771555784555e-02 8.153424718892429701e-02 1.035943789150950284e-01 6.821827129639036758e-02 8.476390794979307697e-02 4.934661751768130988e-02 7.026447054594263386e-02 9.830596667402781430e-02 7.766200983253887524e-02 8.488551589520954010e-02 6.585305086578809031e-02 5.736607799977453542e-02 6.770995656870089363e-02 9.697247455941773731e-02 8.074202245965661495e-02 8.031979008712353263e-02 6.547630440583836198e-02 3.882919048996950895e-02 5.137070054736257718e-02 6.193462862060810509e-02 7.270354489006057574e-02 7.000572310711804247e-02 1.399961284878317377e-02 4.094558139308685646e-02 2.886886711210946005e-02 2.438005526233728154e-02 2.049519782439905569e-02 2.690041332687077499e-02 1.920182118144478020e-02 5.027360076961777391e-02 2.034438060661298078e-02 5.204377879803253303e-03 1.769178972048175008e-02 4.886524793065752381e-02 4.235723942013491783e-02 3.457414021118311587e-02 4.106414793085499948e-02 1.992846810556717779e-02 2.909580525286450600e-02 2.911343633406668352e-02 4.141193462749105658e-02 5.891670337804070373e-02 1.389472599576409458e-03 6.730196157821071237e-03 1.739912721129593595e-02 1.779465008072518908e-02 1.252360169462049186e-02 2.187671004608059827e-02 4.995982467640827651e-02 4.916633047537151413e-02 2.646749382811435999e-02 2.438619239485125337e-02 1.658865745912432507e-02 3.732409905986490417e-02 2.576091910255264017e-02 9.565961229881634123e-03 2.544202327512708889e-02 2.952381773817137553e-02 2.586314750493505857e-02 2.891249650836783328e-02 1.496624139585797826e-02 2.840000826613758161e-02 4.175265767758850471e-02 2.606732394547903175e-02 3.298049753430578462e-02 3.461258646352963209e-02 3.511549544991230537e-02 4.828173892258908612e-02 1.378690916992115177e-02 1.224466764829048974e-02 2.017852379617964681e-02 2.719906884736182640e-02 1.508979951185876987e-02 1.529901302290398966e-02 2.959449446071943726e-02 1.619483240368271848e-02 1.112151988762962763e-02 1.671041318565337497e-02 1.397510256409484342e-02 5.105320914557453203e-03 1.177392194745689562e-02 3.894494308905558505e-02 4.958851298418770481e-02 2.121397090362853524e-02 2.177875976671687572e-02 1.999418115969210999e-02 2.668234952313808944e-02 1.342352458657138786e-02 1.087374743405727408e-02 2.712554546507485106e-02 3.549426739840619988e-02 3.260409488640204217e-02 1.275973172875083730e-02 2.362418479533393706e-02 6.131121707014558671e-03 7.537355010555792274e-03 1.230236713573371228e-02 1.348012577804580739e-02 2.911872928845715344e-02 2.583721602823104910e-02 1.859036252076621057e-02
7.876608991561798168e-02 1.000000000000000000e+00 1.093130102922150182e-01 5.971529972106307677e-02 8.043818594456604576e-02 3.803423285432262074e-02 1.320521442107647769e-01 9.883885247493214010e-02 1.702437658315302527e-01 1.739414898242853946e-01 1.595415703301719668e-01 1.240489002925003886e-01 1.123678195906842037e-01 1.057742888105736717e-01 1.461964981805313479e-01 1.308347146360731295e-01 1.552138085704411752e-01 1.335549474780985957e-01 1.696749585642692015e-01 8.839885024585225626e-02 6.529505240713488756e-02 1.483197539847274649e-01 1.887910966186987782e-01 1.508939395782778470e-01 1.639237328767500779e-01 1.888710726923648886e-01 1.811272817034054738e-01 1.883718200852401714e-01 1.917134142962776677e-01 1.861025680774882896e-01 1.952880467582064627e-01 1.861564629135244453e-01 1.725327778960831782e-01 1.715529145797262123e-01 1.619706070579061963e-01 1.763222848004114274e-01 1.814556130499157538e-01 1.638963821912469698e-01 1.769405049419887910e-01 1.747145911498355075e-01 1.667527256121143220e-01 1.644315237760580473e-01 1.488252004212121671e-01 1.577872110905429170e-01 1.799536656253472588e-01 1.691583179512112234e-01 1.532114974106062733e-01 1.596015477248712011e-01 1.481277145897514913e-01 1.294117878129755483e-01 1.535546328294775942e-01 1.216300433155907829e-01 1.408213002233681954e-01 1.619962777414872823e-01 1.583490115130429254e-01 1.818304448270891271e-01 1.392758220894760035e-01 1.521029905089172074e-01 1.404231469130562959e-01 1.414567911002274914e-01 1.389489651539967952e-01 1.380234398860829548e-01 1.342221919120425988e-01 1.499244405143084213e-01 1.538458524576473141e-01 1.457017875922675676e-01 1.658996683305471176e-01 1.542218063363401670e-01 1.722395091531907507e-01 1.377737140557958040e-01 1.434746269639341487e-01 1.607077545912275474e-01 1.570002847824002179e-01 1.598429945862333001e-01 1.689039458854695863e-01 1.628112252105436975e-01 1.745785140741040187e-01 1.758035332105836734e-01 1.667627539132140735e-01 1.715873519926373880e-01 1.766496562112929158e-01 1.746938273660990637e-01 1.776791040827041535e-01 1.639547083882104683e-01 1.591723502997947903e-01 1.616891389438125659e-01 1.679845237022548898e-01 1.584984292553186236e-01 1.630634798071782243e-01 1.729633796945239110e-01 1.692301326234383896e-01 1.593009831911015306e-01 1.656737291811375967e-01 1.607442837252209544e-01 1.533775627726502166e-01 1.585199290824307883e-01 1.396588311804746740e-01 1.419520901564228221e-01 1.445672088773751751e-01 1.509554630093564997e-01 1.506409870013188379e-01 1.440141533581920097e-01 1.444964618161915237e-01 1.497033136254790620e-01 1.529516272569418356e-01 1.487091645635986448e-01 1.488573853825033988e-01 1.646548716602702633e-01 1.640412006805387346e-01 1.511707101682603915e-01 1.494778481821422422e-01 1.481466168827866303e-01 1.463465295832094282e-01 1.507078409728876689e-01 1.551760647985993002e-01 1.515779024688678200e-01
1.412187903056145999e-01 1.093130102922150182e-01 1.000000000000000000e+00 3.762643770797154397e-01 1.606064486160651283e-01 1.453869519389827669e-01 3.410991203148515671e-01 2.945194148276560342e-01 3.808734834296880756e-01 3.458583055428361419e-01 4.082482048495024718e-01 3.890494742999953681e-01 3.006109289704594900e-01 2.792208872765739591e-01 3.524164917030811472e-01 3.643552782307531435e-01 3.918218143315118640e-01 4.173742716352226712e-01 4.227308988595159245e-01 3.396248780634626430e-01 3.639661741055120747e-01 4.283847877196891862e-01 4.594291488810993696e-01 4.278313106785068820e-01 4.600763886851261253e-01 4.489615721685113470e-01 4.293344999151774144e-01 4.510425629531500946e-01 4.372692733154989742e-01 4.607719417285477403e-01 4.529976503851991798e-01 4.505625716817293069e-01 4.392885986077683103e-01 4.540506460679835654e-01 4.329864410045491940e-01 4.428956771012720339e-01 4.403128180117516499e-01 4.152581159127645694e-01 4.328441000115003101e-01 4.464230178396627058e-01 4.107932439695345384e-01 4.079304821259083225e-01 4.248733729460552611e-01 4.045671771462359678e-01 4.401207897553071624e-01 4.036872287850469809e-01 3.726029502911070157e-01 3.790827861244758790e-01 3.932439280371082257e-01 4.111079440792419493e-01 4.096070797512420536e-01 3.994573802162381115e-01 3.821590791878508031e-01 3.891233804491605053e-01 3.974050839566974913e-01 4.300603435210879066e-01 4.029240801460520216e-01 3.875106759161326409e-01 3.789967122281606149e-01 3.751005703702942062e-01 3.918779021897484949e-01 3.749734465885181112e-01 3.865379977039155590e-01 3.947453822636620147e-01 3.923702943632871865e-01 3.814848405832599321e-01 3.846672402753614217e-01 3.979322189232902818e-01 4.170298153612980729e-01 3.887066304511525017e-01 3.922415420586501944e-01 4.084096490852545114e-01 4.118196914555827259e-01 4.241325066326454563e-01 4.094149693110613608e-01 3.971622715562675432e-01 4.107544069512575335e-01 4.163118304804796499e-01 4.114157551073319152e-01 4.165590808661508992e-01 4.104355862262202836e-01 4.170762631746252613e-01 4.131062791152244618e-01 3.958919360242553198e-01 4.044300704862406892e-01 4.116423501783766370e-01 4.113978268171065711e-01 3.962469712916569797e-01 3.991622334294794849e-01 4.098835483237624477e-01 4.109446317761345502e-01 3.873892311119880860e-01 3.983445726359936545e-01 3.980456953092302852e-01 3.778933791169467593e-01 3.806950790735588175e-01 3.990735738358725526e-01 3.801776228550662884e-01 3.843537973106784245e-01 3.935801614210526211e-01 4.005927964711401557e-01 3.877795969457885628e-01 3.805130132142570121e-01 3.855247562288128815e-01 3.934933207880729200e-01 3.901438770723662519e-01 3.764864143178942024e-01 3.817993590707103868e-01 3.950099223747726707e-01 3.750552419918803948e-01 3.808988077466132771e-01 3.772641465383433923e-01 3.826558693911753517e-01 3.859797658341148074e-01 3.846933770773727779e-01 3.759685973493683275e-01
6.986388316366039242e-02 5.971529972106307677e-02 3.762643770797154397e-01 1.000000000000000000e+00 2.968851830775208755e-01 2.363836054853520052e-01 5.583840005977179777e-01 5.211962773089373613e-01 5.495264403232987815e-01 5.071763663966989411e-01 5.775853576072205176e-01 6.200374288036581971e-01 5.361720986565974290e-01 4.426508946240048092e-01 6.037570675859632585e-01 6.048942994142558760e-01 5.717646479253304381e-01 5.332234348838790217e-01 5.588594230290508946e-01 4.754257456400500237e-01 5.528570217360875283e-01 5.887524040748334242e-01 5.502921399240807698e-01 5.228034248072608303e-01 5.716393812907464289e-01 5.768985788125114977e-01 5.861841475737535889e-01 5.893292687657462059e-01 5.343723114609826297e-01 5.780026258288252228e-01 5.806517198398961632e-01 6.140966578155709898e-01 5.690889622266026571e-01 6.146059690322807079e-01 5.854808591300567633e-01 6.089456850305160485e-01 5.831944007917311268e-01 6.119947716977069962e-01 6.169055058615692255e-01 6.014951379897890416e-01 6.056423034291724683e-01 6.151354041811625262e-01 6.304360493057689085e-01 6.199562682045564044e-01 6.114701782921718731e-01 6.008382709254577181e-01 6.033148811069637407e-01 6.050600279238460555e-01 6.131016249603079560e-01 6.198473732313789508e-01 6.226199740712028419e-01 6.187541137065489805e-01 6.074264340506403403e-01 6.072079929725409109e-01 6.034677129286702968e-01 6.102410891282712413e-01 6.208507402619646287e-01 6.114918339587305240e-01 6.096202234560604838e-01 6.102369840200502216e-01 6.225255981261815785e-01 6.034942993634452302e-01 6.174444030751441437e-01 6.251460467133848065e-01 6.133806331764269926e-01 6.136814246379150850e-01 6.093360674891613593e-01 6.096483459322480369e-01 6.132543983928545606e-01 6.085212754051044781e-01 6.178781977252361113e-01 6.166664387957337956e-01 6.017546801517041910e-01 6.094239118296030933e-01 6.149912348845516519e-01 6.074116308820458610e-01 6.114889785689101576e-01 6.009519597935049084e-01 6.119541937922000630e-01 6.032475063000590776e-01 6.028922518875180492e-01 6.036474466534214045e-01 6.167866464712591368e-01 6.026264001810427429e-01 6.150205673145445751e-01 6.193697798167790980e-01 6.119676149652173436e-01 6.184642519508356528e-01 6.153531877156286356e-01 6.116564917955835678e-01 6.143844581824456919e-01 6.105435082725104712e-01 6.088330885079824562e-01 6.147488499920614746e-01 6.065092036575476797e-01 6.076240849672829292e-01 6.274720721768052289e-01 6.171072445902748838e-01 6.180186818205639643e-01 6.210321000713718842e-01 6.277435908408330878e-01 6.243346592087650748e-01 6.097898320019228269e-01 6.172818033853971764e-01 6.205530748690012421e-01 6.176883897319653816e-01 6.151111558575838023e-01 6.036648285074390774e-01 6.098676009628961614e-01 6.066005673756773575e-01 6.103425467222527434e-01 6.111604548449842689e-01 6.120798168961844032e-01 6.203886968982149641e-01 6.095443047043109797e-01 6.085655709210139319e-01
-1.063630932810642618e-03 8.043818594456604576e-02 1.606064486160651283e-01 2.968851830775208755e-01 1.000000000000000000e+00 1.675477213473942351e-01 4.019017994761772683e-01 4.028214887257431376e-01 3.977874219121916854e-01 3.638480427977875964e-01 3.902092533250682838e-01 4.470243243059021099e-01 4.759802837411467591e-01 3.302480725651418259e-01 4.637769635444684568e-01 4.651823317537608360e-01 4.139583576454408664e-01 3.099278694884202712e-01 3.840791555118534539e-01 2.829587869519445964e-01 3.704264239063659869e-01 3.954938382555504561e-01 3.271977500175936582e-01 3.058298154399093916e-01 3.528282037890856926e-01 4.000802627363277963e-01 4.109269129238516949e-01 3.870648445249929015e-01 3.333676475241713622e-01 3.781654803769817774e-01 3.759632403365897879e-01 4.002482604196921923e-01 3.675252142984522519e-01 4.017880721484768380e-01 3.873945352787482310e-01 3.891880647558031980e-01 3.850720820640631814e-01 4.263188429764790399e-01 4.272162483340574135e-01 4.041463175419760523e-01 4.558841631587712273e-01 4.565018676296917488e-01 4.362600211343965473e-01 4.597449001267929214e-01 4.248491514013401638e-01 4.443596110205693117e-01 4.667990140848735092e-01 4.706089549138502415e-01 4.577798336041097316e-01 4.375650271472313890e-01 4.505893948768163737e-01 4.517786259681326744e-01 4.603664294583289518e-01 4.639863583803248703e-01 4.535537949748214559e-01 4.368324196790157044e-01 4.530043022067231084e-01 4.624861608335328333e-01 4.655233491718120398e-01 4.793518203178580572e-01 4.717038822606837711e-01 4.657891318127638791e-01 4.547190044803675057e-01 4.555330173422527107e-01 4.585431111357854417e-01 4.754937703794464565e-01 4.689832050570579836e-01 4.572638190341951625e-01 4.444880659680648383e-01 4.485312124755171936e-01 4.661146675103894910e-01 4.604596151757918698e-01 4.327583415065576755e-01 4.384295767983860670e-01 4.598165133237187563e-01 4.637768934386432562e-01 4.561163840420999205e-01 4.380166155878991718e-01 4.550598808855849664e-01 4.468376882887767909e-01 4.500709945245185417e-01 4.453946681246321315e-01 4.491986181348036067e-01 4.521421022392146938e-01 4.578068019632637320e-01 4.530404068119043837e-01 4.525729175967678208e-01 4.653784313692553298e-01 4.618140726625602488e-01 4.534288907934809765e-01 4.515184177465319526e-01 4.711666114404094996e-01 4.641963416256732478e-01 4.664202245019434256e-01 4.736177213271321462e-01 4.729279135180735616e-01 4.577118103286368922e-01 4.668290312447339607e-01 4.724095931068909016e-01 4.711474155108525963e-01 4.648713602420474489e-01 4.690720559409363721e-01 4.720141115646155350e-01 4.746373649047189724e-01 4.672705956024758578e-01 4.653464911515223790e-01 4.721583940648249045e-01 4.705948355573951747e-01 4.637895922445732788e-01 4.764399001780829646e-01 4.747940520661012576e-01 4.786057584763986350e-01 4.718120715132333998e-01 4.695281640961388447e-01 4.684003022799190230e-01 4.752549058277185656e-01
1.957304455859035577e-02 3.803423285432262074e-02 1.453869519389827669e-01 2.363836054853520052e-01 1.675477213473942351e-01 1.000000000000000000e+00 3.635211017458582772e-01 2.783370240435958931e-01 3.047524199798710143e-01 2.816938098708778315e-01 3.151557716372595519e-01 3.391809363698171653e-01 2.948731158130044605e-01 2.259523229400505762e-01 3.455674964440630381e-01 3.511085399575625821e-01 3.244252392891144865e-01 2.866191265464482774e-01 3.131464082274542648e-01 2.582582417724835766e-01 3.026402949257497865e-01 3.418260415334267166e-01 2.991927953914963467e-01 2.841325916071523183e-01 3.007961141633456736e-01 3.242814482740287718e-01 3.108614711765993466e-01 3.149595650189038754e-01 3.107363459538695638e-01 3.212108440099759599e-01 3.376067240259534308e-01 3.412556552936958365e-01 2.984172835156850279e-01 3.277083146205657660e-01 3.208022938947455716e-01 3.231771478881655946e-01 3.198453476647875604e-01 3.407531075489403927e-01 3.449871400643827468e-01 3.137492598132406441e-01 3.478961355133028954e-01 3.411594799221839280e-01 3.393683868475652621e-01 3.526466432017431596e-01 3.339046543204931550e-01 3.469037017096195941e-01 3.504666203386264667e-01 3.509476521932198834e-01 3.470663397123308069e-01 3.378243164681288824e-01 3.465895141665706891e-01 3.278896335379989924e-01 3.395154663825721286e-01 3.518155441105895176e-01 3.473312327929228283e-01 3.393651416669475340e-01 3.481092166686112210e-01 3.483350883822844968e-01 3.489809477239966262e-01 3.509596259601234225e-01 3.519064629634063857e-01 3.510866910151002607e-01 3.541957318895991302e-01 3.569827944973614775e-01 3.483164137460620369e-01 3.455695974079834865e-01 3.512006088030738549e-01 3.467093667860797757e-01 3.507381685017769146e-01 3.468684479527576192e-01 3.489291182690165138e-01 3.494037097195202279e-01 3.459441818620614950e-01 3.386331447977556919e-01 3.502221072715065442e-01 3.472309389446184835e-01 3.471371804698320518e-01 3.479887518462521090e-01 3.435488334218728679e-01 3.505483918706446822e-01 3.479545674951355361e-01 3.487287726277182309e-01 3.474820435012614950e-01 3.523024182821259953e-01 3.459795470507636139e-01 3.483772456739689383e-01 3.473722236825992904e-01 3.513982813135920202e-01 3.510033424821073500e-01 3.464464248532268531e-01 3.437591831606859327e-01 3.481729466820907559e-01 3.463830705274721367e-01 3.505407921316710529e-01 3.464804090384151491e-01 3.498674185205091769e-01 3.405611229814549668e-01 3.457459437390942303e-01 3.492068828108328971e-01 3.479307817536809178e-01 3.502569207297372422e-01 3.537080123520120467e-01 3.455207285140646789e-01 3.514699989509605382e-01 3.455776004865388495e-01 3.527964612030883296e-01 3.488379206419044420e-01 3.490481139180197090e-01 3.500301208597647040e-01 3.465468605736674590e-01 3.482106945997602288e-01 3.508222364199622412e-01 3.533211601296922799e-01 3.526120832463292554e-01 3.484423040904145452e-01 3.514099739531394984e-01
2.353832857102054407e-02 1.320521442107647769e-01 3.410991203148515671e-01 5.583840005977179777e-01 4.019017994761772683e-01 3.635211017458582772e-01 1.000000000000000000e+00 6.664795162721154353e-01 7.021900967881806732e-01 6.358233334891455479e-01 7.105792076565872195e-01 7.759840636058190633e-01 7.145510929000913336e-01 5.549705935312143623e-01 8.075368742595003813e-01 7.823590146344356899e-01 7.278544396605601818e-01 6.595499954459336234e-01 7.164545734581128089e-01 5.791186987371716999e-01 6.855795922976849477e-01 7.445050253726887002e-01 6.619312262996086549e-01 6.454945148299250368e-01 6.827040812192238795e-01 7.204904537897430794e-01 7.324306202099202245e-01 7.196321998785663032e-01 6.699457423015262592e-01 7.225104030443677550e-01 7.278672103671048887e-01 7.818399517423098022e-01 7.239987508751745127e-01 7.755618993954083162e-01 7.369601090719730685e-01 7.519239007321940615e-01 7.184775540859800191e-01 7.956437489070712354e-01 7.961919256236096309e-01 7.607975057895215443e-01 7.852600002374665600e-01 7.957600845697678782e-01 7.976691640531784477e-01 8.030943599019658707e-01 7.728297092612816943e-01 7.958668323006328205e-01 7.969924362705308463e-01 7.996831155516485046e-01 7.910298716631224414e-01 7.796793090720530728e-01 8.018982892732932077e-01 7.652886509002189142e-01 7.828831117301309206e-01 7.848363580354578151e-01 7.814940954819464825e-01 7.830394795722360746e-01 7.788102739391403739e-01 7.917963347236675054e-01 7.962568758032232408e-01 7.928858805302030355e-01 8.044447167532340348e-01 7.847267030858640080e-01 7.880609004718148736e-01 7.952743139152690377e-01 7.903318968883022988e-01 7.944448364849915345e-01 8.011677199776650049e-01 7.975913468944804130e-01 7.990189939005089004e-01 7.962736594687617186e-01 8.004571513683992334e-01 7.966530106165561342e-01 7.869043544524826350e-01 7.773300784262456853e-01 7.968061795889829213e-01 7.933171377067731456e-01 7.935315680208459010e-01 7.823208543561835926e-01 7.916614352336515115e-01 7.900023357267588198e-01 7.867465248551074319e-01 7.870217254800453421e-01 7.972828541288599080e-01 7.968416853035904523e-01 8.104335550599452986e-01 8.113656175323901154e-01 7.944104652448125137e-01 8.116741899513661984e-01 8.078042436693780859e-01 7.955231163701563801e-01 8.003045569481249677e-01 8.036020149871730966e-01 7.982454576631295984e-01 8.050166013433186496e-01 8.009347048731411123e-01 8.018858718674933828e-01 7.994008654129558522e-01 7.905012094233849762e-01 8.044383710154026090e-01 8.100870421749609696e-01 8.100851147432209798e-01 8.060454691165563901e-01 8.004269703441826422e-01 8.051776196979162359e-01 7.999512746280885711e-01 7.970140177870889131e-01 8.018855035224727867e-01 7.998153854806753227e-01 8.000318628235130181e-01 8.024421108044966777e-01 8.027085788630564656e-01 8.017879818042837892e-01 8.003484402423690636e-01 8.054322465553814814e-01 7.964769678679058940e-01 7.966119783974953128e-01
3.051187556101327136e-02 9.883885247493214010e-02 2.945194148276560342e-01 5.211962773089373613e-01 4.028214887257431376e-01 2.783370240435958931e-01 6.664795162721154353e-01 1.000000000000000000e+00 6.697538344807658639e-01 5.945430798941556683e-01 6.734885544577882133e-01 7.375428380325703692e-01 6.812721764151621340e-01 5.312534565772727424e-01 7.578913167945059426e-01 7.716089314148744105e-01 6.951902122920561311e-01 6.293087797912327863e-01 6.790335927487278767e-01 5.524539132632606542e-01 6.512717803913087300e-01 7.070813259003246865e-01 6.029931674212039017e-01 5.939035088670480134e-01 6.367195998685106773e-01 6.741355805220095032e-01 6.871821264145924202e-01 6.621990185963133602e-01 6.232228680319624736e-01 6.669197117467365876e-01 6.636292296091089726e-01 7.189710346426850807e-01 6.503212287905278943e-01 7.073821485019220479e-01 6.793830484540722692e-01 6.939093932555923105e-01 6.602495757686880351e-01 7.418179794413802819e-01 7.375459581795574815e-01 7.071839564547729440e-01 7.400466967991780054e-01 7.529141090849231777e-01 7.501755155065583658e-01 7.663403627749086899e-01 7.199720786603350797e-01 7.457793635536028587e-01 7.561116456072171088e-01 7.605625361861696465e-01 7.586066467906454891e-01 7.423720544782103081e-01 7.573634827049223750e-01 7.396138896686202946e-01 7.563682630865055101e-01 7.550946479454527793e-01 7.464759751383758246e-01 7.377427898280426444e-01 7.572664637770808449e-01 7.610084548334388188e-01 7.645694572583132675e-01 7.625322814306259023e-01 7.671592635984068043e-01 7.602502420920056458e-01 7.657915290148354925e-01 7.589049974144915778e-01 7.543061233372591046e-01 7.619118255788248639e-01 7.628417139233419908e-01 7.582156768135168701e-01 7.497967229337947348e-01 7.554397512333925757e-01 7.627859269754642124e-01 7.579244581580431017e-01 7.426041716344015109e-01 7.342853377692306616e-01 7.530305452252390452e-01 7.536074649891320032e-01 7.473382010435580813e-01 7.348552610247104377e-01 7.508174094315825942e-01 7.421309355460307122e-01 7.409927230186978964e-01 7.380672468326052726e-01 7.511422004571191025e-01 7.465986345785740053e-01 7.588645345326213709e-01 7.589038875694602559e-01 7.470400027890213845e-01 7.658109475189661675e-01 7.594719693670658467e-01 7.513371541809533705e-01 7.491257259756595177e-01 7.618169217972877716e-01 7.556819510633983050e-01 7.610430336092828263e-01 7.620959498501718166e-01 7.619124290082969209e-01 7.602906607880900447e-01 7.598848732627873082e-01 7.689609135446086041e-01 7.652264870415587117e-01 7.700553012743577286e-01 7.720028810061918545e-01 7.636367380869125698e-01 7.674340556942201852e-01 7.618311698377512320e-01 7.678023842599515092e-01 7.668554584003450802e-01 7.606718101353958650e-01 7.615963693048434235e-01 7.643709857675620167e-01 7.669682938533207706e-01 7.664069671360951297e-01 7.669978248690858535e-01 7.694155720892478234e-01 7.581417991905035070e-01 7.624818925527523383e-01
9.894433879462595505e-02 1.702437658315302527e-01 3.808734834296880756e-01 5.495264403232987815e-01 3.977874219121916854e-01 3.047524199798710143e-01 7.021900967881806732e-01 6.697538344807658639e-01 1.000000000000000000e+00 7.194581838351373770e-01 8.046137126320385136e-01 8.299358816125093075e-01 7.469509553920952172e-01 6.011881857345953151e-01 8.164541728086023298e-01 8.124460565016337066e-01 8.363946823129442265e-01 7.539437215103600431e-01 8.078332951690431196e-01 6.364330373417046438e-01 7.220085119864133594e-01 8.381359636642721211e-01 7.871268145744495515e-01 7.389003076012540250e-01 8.033204472063115720e-01 8.394221916864051947e-01 8.421548792054093235e-01 8.234205687835192133e-01 7.875898231838305286e-01 8.464785740947237125e-01 8.502919458740523240e-01 8.591799753090199054e-01 7.818414123847903241e-01 8.436020327260161933e-01 8.211581251915143209e-01 8.291089551167619698e-01 8.392533018369714437e-01 8.407557507372208638e-01 8.615335800764694074e-01 8.284640325224909008e-01 8.702556250851007924e-01 8.612452974639108749e-01 8.371535273862171778e-01 8.697434987891878855e-01 8.728505736495861811e-01 8.597585894910981796e-01 8.649932642416104933e-01 8.752134681879580880e-01 8.705670366750847267e-01 8.461844225460184443e-01 8.597996372612710658e-01 8.400804590306135688e-01 8.573273474543546824e-01 8.732883654632319637e-01 8.663010414678283810e-01 8.694084157785694211e-01 8.676440683998037917e-01 8.641333446363191895e-01 8.636853318507980992e-01 8.688701479419761453e-01 8.708346541574740751e-01 8.558000492393119663e-01 8.559759143577141405e-01 8.668118309806245314e-01 8.755113445650783977e-01 8.722831009994208573e-01 8.758493728006883083e-01 8.730032223100966382e-01 8.763220990804557742e-01 8.565068384713451222e-01 8.666627117611055420e-01 8.792399585533247075e-01 8.619790564859216575e-01 8.666866004850523053e-01 8.804208323541746761e-01 8.741349043842419064e-01 8.728287939885680524e-01 8.712063079773677554e-01 8.737115874491702128e-01 8.796832287977540688e-01 8.767722008415856916e-01 8.799316766079551266e-01 8.823173390933920501e-01 8.650188399866429734e-01 8.622151890963030141e-01 8.739851633778921158e-01 8.787260630400089978e-01 8.711009466273913482e-01 8.726943904041630784e-01 8.753409379978490668e-01 8.667866810011953804e-01 8.732585017985400322e-01 8.760014167318396217e-01 8.729882819186133291e-01 8.688346382343783425e-01 8.736949562336588926e-01 8.589299329480700740e-01 8.645786733177880379e-01 8.705882992026758860e-01 8.679739126381075254e-01 8.697721215309339726e-01 8.715783569126993591e-01 8.714589758245415707e-01 8.724494084360437940e-01 8.740005408561183353e-01 8.739939651800138209e-01 8.718980928193431623e-01 8.721391945855465622e-01 8.754466744251071519e-01 8.700439966257350610e-01 8.710771148936903296e-01 8.724579918141818213e-01 8.695737839554081861e-01 8.738862943743442857e-01 8.749065948253618163e-01 8.729865422590067370e-01
4.692456478175077716e-02 1.739414898242853946e-01 3.458583055428361419e-01 5.071763663966989411e-01 3.638480427977875964e-01 2.816938098708778315e-01 6.358233334891455479e-01 5.945430798941556683e-01 7.194581838351373770e-01 1.000000000000000000e+00 7.146752998359868769e-01 7.387438818147685771e-01 6.565747090152328491e-01 5.421108841334524309e-01 7.434812917049961056e-01 7.303205294349417454e-01 7.200546352732487554e-01 6.561174786037690110e-01 7.210443308353975400e-01 5.403870732618649697e-01 6.239182935627007875e-01 7.332994295627823789e-01 7.053910408475936311e-01 6.537809887401335729e-01 7.078470266764976815e-01 7.544856754998223725e-01 7.488421698921726710e-01 7.432762987693920520e-01 7.129746158984469062e-01 7.516972280611063928e-01 7.564084756280705646e-01 7.699013425217408058e-01 7.177748372346459682e-01 7.544507072533293002e-01 7.388979326470233033e-01 7.406567070834549904e-01 7.329702699461834170e-01 7.661064239047510327e-01 7.753078333061714789e-01 7.498992540225156711e-01 7.805032825836673016e-01 7.784356310527582590e-01 7.482232726496160780e-01 7.770707948293587020e-01 7.763472115171343724e-01 7.710148389856027462e-01 7.742015036655821580e-01 7.834428995467270784e-01 7.617085566394901086e-01 7.344836562312534456e-01 7.664047667379044748e-01 7.298565594999987249e-01 7.560711100002229790e-01 7.804496057113077256e-01 7.741223023169468975e-01 7.822430083985608684e-01 7.576759193719723173e-01 7.763020826929584173e-01 7.723286964209536976e-01 7.715111957112453789e-01 7.725961048649546692e-01 7.631469179157789329e-01 7.649779516594881201e-01 7.624728136522749278e-01 7.738408296292257349e-01 7.719871317888294948e-01 7.830588746997190208e-01 7.807930956534826494e-01 7.869125093140902916e-01 7.576492061019617363e-01 7.722314717934175565e-01 7.843793609443738823e-01 7.720825360396988968e-01 7.758548579736386230e-01 7.892011714394190358e-01 7.858398366677836755e-01 7.869144418285548559e-01 7.843779702014371802e-01 7.827595732309170495e-01 7.891041127052923487e-01 7.849984487095328367e-01 7.865108446327775393e-01 7.887993424375053797e-01 7.835405072110364078e-01 7.764381414612919752e-01 7.858693561604050970e-01 7.876567999073316173e-01 7.851013283858029324e-01 7.859250711663422484e-01 7.890986293611758073e-01 7.814261318930099121e-01 7.832086769264609005e-01 7.857841883377028047e-01 7.851411785212809580e-01 7.798527983790944917e-01 7.826527574170494272e-01 7.575992119211700793e-01 7.559339777846567632e-01 7.748823705820792052e-01 7.744056847560176760e-01 7.763445954217282896e-01 7.750048439802920131e-01 7.749440466279122752e-01 7.780342352310648524e-01 7.747586546022101617e-01 7.751200495146861602e-01 7.720897859825953669e-01 7.843986950073331688e-01 7.870483421450834571e-01 7.783133719590311639e-01 7.787493872743900258e-01 7.776884060883544336e-01 7.766868229327522632e-01 7.768280887150375014e-01 7.774617688110075919e-01 7.774200331144518472e-01
4.760916238573412174e-02 1.595415703301719668e-01 4.082482048495024718e-01 5.775853576072205176e-01 3.902092533250682838e-01 3.151557716372595519e-01 7.105792076565872195e-01 6.734885544577882133e-01 8.046137126320385136e-01 7.146752998359868769e-01 1.000000000000000000e+00 8.502900597202001087e-01 7.432176574462464602e-01 6.228687066882142576e-01 8.323471984152632785e-01 8.293500536805963330e-01 8.074623637459094061e-01 7.650759457922869933e-01 8.298512163358501281e-01 6.443993876378126817e-01 7.218207047693072642e-01 8.490459985359076756e-01 8.146539824638570071e-01 7.603068920370358308e-01 8.208930644522145492e-01 8.630185495467094237e-01 8.672186049641000816e-01 8.563405892735556080e-01 8.169189311158332467e-01 8.691760723835495472e-01 8.791804792150412773e-01 8.746297942728749053e-01 8.210477504436215490e-01 8.624968317040087040e-01 8.489776050316644174e-01 8.378592103574427075e-01 8.653022740382517730e-01 8.683352285202980969e-01 8.806225577134162430e-01 8.613225841192800880e-01 8.852701633945311288e-01 8.828721240170815943e-01 8.640648212547941132e-01 8.882320231446165781e-01 8.913125954975082976e-01 8.833799369026573700e-01 8.764212766204740879e-01 8.841771280426972135e-01 8.786694894571644987e-01 8.544029976930994641e-01 8.695221374433732553e-01 8.480692583709836807e-01 8.744746596986231468e-01 8.874060400018021211e-01 8.847219767454556072e-01 8.903625112570332512e-01 8.777562704810084604e-01 8.812841679801182160e-01 8.796977998698817247e-01 8.779540482972895132e-01 8.850379040716361834e-01 8.738983840433692807e-01 8.786101044121498171e-01 8.715659357049798661e-01 8.762099028503834708e-01 8.842961188819491447e-01 8.832137233089945028e-01 8.908385915264193100e-01 8.959370903215793103e-01 8.726162292855548230e-01 8.814387168042407961e-01 8.919369248434771968e-01 8.813079387178409663e-01 8.868961153118505303e-01 8.976581626059028096e-01 8.920861455543765972e-01 8.929460112030548347e-01 8.901506883497549705e-01 8.933762383866705736e-01 8.966731276910360204e-01 8.995511862043237272e-01 8.993836767365399609e-01 8.935926770051113577e-01 8.841093724989044222e-01 8.824205001288613071e-01 8.907379504176421436e-01 8.977979198203719369e-01 8.870786721671697350e-01 8.906894651920769235e-01 8.922256102575354397e-01 8.894323616041909242e-01 8.865382289454657450e-01 8.909487012539870632e-01 8.916691104325602524e-01 8.823342957582713808e-01 8.856838300409352049e-01 8.711702019770073413e-01 8.667797785664489441e-01 8.826904846980365704e-01 8.794898438752816183e-01 8.865728253643310186e-01 8.833562707314481788e-01 8.805386697088696257e-01 8.843814629112076720e-01 8.842647993601420175e-01 8.831641898148450132e-01 8.794649958813588464e-01 8.847913292831642851e-01 8.916944214247179978e-01 8.824027479154410436e-01 8.834398395167463169e-01 8.832322653647928234e-01 8.847435194774031508e-01 8.814394304834035632e-01 8.793183253022571755e-01 8.813180493253967018e-01
1.980639672696182102e-02 1.240489002925003886e-01 3.890494742999953681e-01 6.200374288036581971e-01 4.470243243059021099e-01 3.391809363698171653e-01 7.759840636058190633e-01 7.375428380325703692e-01 8.299358816125093075e-01 7.387438818147685771e-01 8.502900597202001087e-01 1.000000000000000000e+00 8.019255714951989411e-01 6.454928261032094605e-01 8.966588209581239921e-01 8.906608751160175474e-01 8.471511831059665987e-01 7.577383383494450397e-01 8.332815896493341867e-01 6.537092453263465552e-01 7.766980431821456365e-01 8.679889735731308731e-01 7.794301721835276142e-01 7.440873285533322612e-01 8.096343739907306825e-01 8.540114502058249180e-01 8.676121243818809559e-01 8.429579106765588969e-01 7.912483090573992905e-01 8.564421515387298234e-01 8.633179732111648796e-01 8.871787390046469435e-01 8.156403834957404175e-01 8.749720829102657360e-01 8.513971113538635338e-01 8.576665412341863970e-01 8.524991593567091686e-01 9.061231233763372694e-01 9.051521925662320278e-01 8.710634296640009655e-01 9.174601667555520867e-01 9.195784188999004405e-01 8.937401221571782406e-01 9.266834901377123401e-01 9.056680401341707931e-01 9.118503992146248516e-01 9.267089943433859389e-01 9.322015059943299375e-01 9.226367776469179827e-01 8.966372045571376903e-01 9.183090570963977628e-01 8.904252545650230832e-01 9.192876746570104451e-01 9.271742785956363919e-01 9.224236456657647354e-01 9.115137293492168169e-01 9.200534658511581032e-01 9.287892103089893103e-01 9.327824395484762832e-01 9.321105968268280639e-01 9.337504074595843750e-01 9.247533688202339563e-01 9.285412049922185940e-01 9.238453325285203022e-01 9.216397358798398276e-01 9.324106824358751044e-01 9.314117138956847786e-01 9.284775716965478765e-01 9.231059069995635191e-01 9.154955502564033898e-01 9.302107568619574218e-01 9.324589094648110255e-01 9.092456091872103130e-01 9.111078147062361410e-01 9.312806336227443804e-01 9.314201455634167903e-01 9.224858346844977408e-01 9.149276788629362445e-01 9.247915611855600515e-01 9.254727853704991514e-01 9.232277972072431282e-01 9.259177592104633758e-01 9.258458682053298805e-01 9.235717777220676661e-01 9.235222502809148359e-01 9.287283573334947917e-01 9.267679919549481893e-01 9.326456446883387708e-01 9.314837331883695226e-01 9.227586056032021089e-01 9.204608735216947002e-01 9.330025375554619194e-01 9.303128150802500995e-01 9.319336122007032541e-01 9.338184213844564763e-01 9.345774157922109859e-01 9.189297448220640208e-01 9.192819410249445378e-01 9.338181449947630108e-01 9.308491676477071985e-01 9.317774392463162858e-01 9.353546342228941102e-01 9.325226031091669032e-01 9.354625633122817252e-01 9.293071376163032360e-01 9.295614758885801798e-01 9.304547125939475194e-01 9.322466256251663586e-01 9.322491735651898814e-01 9.346097053672102195e-01 9.353598199733186291e-01 9.353645952051302670e-01 9.354951965490917454e-01 9.339532520480119393e-01 9.293411317879967104e-01 9.329101158662467252e-01
1.376128566051414669e-02 1.123678195906842037e-01 3.006109289704594900e-01 5.361720986565974290e-01 4.759802837411467591e-01 2.948731158130044605e-01 7.145510929000913336e-01 6.812721764151621340e-01 7.469509553920952172e-01 6.565747090152328491e-01 7.432176574462464602e-01 8.019255714951989411e-01 1.000000000000000000e+00 5.906600631394802736e-01 8.316837748600435232e-01 8.187135590644987193e-01 7.594634198442700157e-01 6.403890449506913773e-01 7.293686125250635754e-01 5.456979088645063092e-01 6.766309434868477135e-01 7.605409024838198917e-01 6.612716507228051377e-01 6.130699399168554331e-01 6.851011117655215754e-01 7.570411186046294150e-01 7.679372551774885647e-01 7.378868407127294748e-01 6.895299643198670170e-01 7.463779455850306777e-01 7.509600005865765260e-01 7.831684761145804030e-01 7.175762215632061070e-01 7.677410305412900593e-01 7.490538703362795703e-01 7.611388390084231625e-01 7.392586844530930623e-01 8.075605820946187841e-01 8.142116258648046667e-01 7.691749262242800755e-01 8.278742094555749942e-01 8.293369711943606726e-01 8.062718857364645775e-01 8.404731036134267530e-01 8.044579941349757624e-01 8.197327952058920397e-01 8.498669033424413044e-01 8.497790120022267191e-01 8.420391583113935319e-01 8.130340361669646798e-01 8.299021423588616164e-01 8.134189232192914343e-01 8.384386607988402185e-01 8.432984950162940585e-01 8.323343576565623847e-01 8.147567580506804852e-01 8.355552064375884047e-01 8.441279799289984620e-01 8.459953012527097194e-01 8.526612795823352853e-01 8.517223882968811832e-01 8.394225853106064283e-01 8.367710161163751659e-01 8.395883146438312128e-01 8.420369644930679742e-01 8.532404477640537221e-01 8.503407836595526792e-01 8.369836285032538070e-01 8.283632238063833864e-01 8.242352678632838270e-01 8.405283683748394630e-01 8.404180016342835957e-01 8.057216564031303152e-01 8.098132627535529204e-01 8.427792839156292848e-01 8.451050149895854569e-01 8.350950930070873968e-01 8.253776139298607539e-01 8.323962062646999005e-01 8.339158684488801043e-01 8.336568496850992327e-01 8.334803832217434483e-01 8.392439655869222692e-01 8.377589323435906676e-01 8.409936776943321979e-01 8.389394520714658077e-01 8.353383525581210556e-01 8.492172160676763060e-01 8.479994637199762542e-01 8.358799827029285145e-01 8.323487879614589469e-01 8.528630621952737467e-01 8.461919648659675941e-01 8.486686087036773296e-01 8.555122939630800394e-01 8.546737985278280991e-01 8.391594628738316963e-01 8.486898295305354001e-01 8.558370268098575151e-01 8.513559754979355132e-01 8.505383508806836357e-01 8.548314060949679938e-01 8.548502767671761760e-01 8.565855482482712668e-01 8.512171902419140013e-01 8.498380191392499450e-01 8.556351035299286645e-01 8.525756597911987589e-01 8.495133464885581409e-01 8.548350547711577319e-01 8.535067616612287411e-01 8.557466981210777313e-01 8.532388317661896426e-01 8.548422890162927779e-01 8.500992658287128689e-01 8.568797300415544882e-01
