1.000000000000000000e+00 1.489985275176502477e-01 1.792082769073210513e-01 2.477367274283340803e-01 1.794796953112480498e-01 1.071617964029036342e-02 1.117458315452219686e-01 1.836998688556487624e-01 7.908693176279700532e-02 1.442371976173011973e-02 8.215493488545233536e-02 7.026479474946109582e-02 7.738659587206586643e-02 -1.429414294745171531e-02 -2.501848904404101182e-02 4.302621898490440605e-02 6.134596974667573532e-02 4.933110762974195901e-02 2.023889610480758897e-02 1.867073524376113292e-01 1.370117366288417793e-01 8.320447119138581205e-02 1.865992827139912325e-01 1.215799853781332207e-01 6.566176748278922115e-02 1.816959190737003210e-02 1.247066840314120864e-02 -2.387765846144184259e-02 3.821049880737977661e-02 1.203117435334700031e-01 9.111613293936318692e-02 9.956661570085378887e-02 1.187265766882640711e-01 9.992183091822058605e-02 1.366514674988228983e-01 7.223323690892037574e-02 3.885118489240469569e-02 -3.891661588402665212e-02 6.579744884267801908e-02 4.711489820006364154e-02 -4.871660295140819996e-02 -7.277561568018973970e-02 -3.812912202246244303e-02 7.108051446527069439e-02 4.185258921457194609e-02 5.009489072676967525e-02 3.246077350618099822e-02 1.766776195753287648e-02 4.686385785126731367e-03 9.073756163825710819e-02 -3.239157675418899429e-02 2.772956552288473320e-02 6.719319279649541010e-02 -9.609440036195482718e-03 2.197223358729579953e-02 8.411111264678658439e-02 1.306437101665396672e-01 -1.902067541589656449e-02 -1.932251503825110558e-02 7.788956365671664828e-02 1.385501777041349934e-02 8.224825379702208061e-02 2.477798859780353316e-02 4.718451874087912362e-02 5.020322466779603143e-02 7.516993845815383990e-02 5.102981396560533206e-02 3.263612704910426321e-02 5.141375356288548082e-02 6.281240890717827707e-02 4.522898222811044117e-02 4.296425164876523789e-02 5.113294381056148613e-02 3.259418652939465033e-02 6.007793713214559100e-02 3.824962697843788118e-02 4.020006840675580118e-02 6.320287820291135839e-02 4.695553010979841568e-02 5.529459233610565377e-02 3.480425862609073245e-02 3.768729550625034980e-02 6.454606724898241665e-02 7.290093437324636494e-02 5.276170740149213612e-02 4.387628015034551049e-02 1.579933529412711271e-02 4.704508225168634733e-02 2.901309476098656165e-02 5.495700506530995511e-02 2.296919611182922719e-02 2.167951072903820386e-02 1.986035207426516819e-02 8.175615982077017591e-03 2.475905163967748179e-02 2.381767216532151843e-02 4.829228037535277657e-02 6.651580009188023945e-02 4.689996748552496819e-02 5.152478863937904469e-02 2.745754263434752040e-02 5.307276690920923606e-02 2.160110908562598575e-02 2.338795947358232596e-02 2.787041866105857690e-02 7.248254210848549539e-02 2.690726032093924622e-02 2.906993380842604405e-02 3.861524759620046932e-02 5.123176617493530038e-02 3.353233628797977484e-02 4.801244214084995909e-02 4.974507000970861126e-02 5.023558052995397150e-02 4.467653245219905395e-02 3.823069404743958954e-02
1.489985275176502477e-01 1.000000000000000000e+00 1.295097583588464552e-01 1.522454622479304243e-01 1.235911352337592112e-01 1.023314073289567500e-01 1.656180286718187122e-01 1.523600907909443969e-01 1.946118139261758806e-01 2.137117829269122027e-01 1.629871806634698161e-01 1.991464360150940749e-01 1.786641607460358605e-01 1.269199463554226415e-01 1.869941760857143087e-01 1.813771104701870640e-01 2.024700091364277088e-01 1.958392612470702954e-01 1.831783766756029386e-01 1.665709692138035714e-01 1.884815668202993177e-01 1.640646134602409545e-01 2.140709357355521925e-01 1.933361404274014650e-01 1.678965034970295866e-01 2.320555702661077913e-01 1.983740148743883547e-01 2.182492738118365916e-01 1.985315199845804068e-01 1.706583360832637786e-01 1.800044592786282649e-01 2.474363832152101372e-01 2.384951347678198053e-01 2.076716506105673876e-01 1.934449923734692656e-01 1.736103667546271268e-01 1.621262250138990613e-01 2.320912103544498228e-01 1.855556921286434513e-01 2.306444716379439930e-01 2.100868201201236685e-01 2.002760307335094137e-01 1.823632094086784228e-01 1.903993850428349344e-01 1.783699092065842429e-01 1.662584008647767231e-01 1.760514329295667091e-01 1.834219299656813240e-01 1.855717279854805779e-01 1.988873647286914237e-01 2.089671496369293613e-01 1.353751348895289308e-01 1.795899916583179046e-01 2.006010225000396663e-01 1.912028774947244214e-01 2.105078364823801396e-01 1.920734197471523907e-01 1.911060541630342224e-01 2.153499864158466559e-01 1.870776905271289703e-01 1.937887167032678326e-01 1.859298892476997367e-01 1.926557129500765519e-01 1.804943671901726443e-01 1.682473728917480149e-01 1.702877210145650744e-01 1.703229365589241096e-01 1.696899440797410841e-01 1.894754877676389504e-01 1.755738168003887212e-01 1.702158205443964067e-01 1.696460515968167548e-01 1.903863620985355443e-01 1.726067141189518150e-01 1.831460256621473548e-01 1.672046565916811001e-01 1.766200433686930527e-01 1.686596580842986970e-01 1.765423072543060301e-01 1.750397304662416331e-01 1.680351938605043061e-01 1.686424104349285025e-01 1.917258812188055161e-01 1.921646234293387379e-01 1.934679699563214006e-01 1.792735890856383407e-01 1.686945669913753887e-01 1.912737400787892506e-01 1.807897593657519508e-01 1.854814126895288073e-01 1.877872821970897055e-01 1.710791404812322114e-01 1.638780167859376913e-01 1.692494555714023630e-01 1.678944322206277207e-01 1.666841971515442833e-01 1.790245086920079498e-01 1.709513958433800385e-01 1.658394305531777357e-01 1.831541863267223125e-01 1.551765471503274429e-01 1.733618692234956404e-01 1.548562657338399817e-01 1.650694884615451774e-01 1.593049630848186460e-01 1.692266107453757329e-01 1.687210616419462794e-01 1.702303739733770915e-01 1.766870308138701606e-01 1.723382444709866679e-01 1.737916885080528773e-01 1.670324467385226330e-01 1.643810961015026717e-01 1.708418752325479850e-01 1.643078544243277983e-01 1.647444560775555011e-01
1.792082769073210513e-01 1.295097583588464552e-01 1.000000000000000000e+00 4.380612168569693599e-01 2.752282515801508511e-01 2.761447773034951814e-01 4.449223208030381183e-01 4.467963941245714499e-01 3.840577624800083911e-01 3.139169107287607674e-01 4.208632685852003452e-01 4.340638192370741000e-01 3.588195607797456388e-01 3.081113604679955320e-01 3.921777487177249832e-01 4.232679073530500879e-01 3.788831350731001746e-01 4.516937741812815377e-01 4.408519335932849503e-01 4.388182532656308421e-01 4.891676173552392259e-01 4.475463686763853088e-01 4.914098715566208031e-01 4.962832705092070085e-01 4.584972233121192287e-01 4.072208004321695163e-01 4.079867196631642434e-01 3.983293471535472863e-01 4.016129715547122059e-01 4.454999878890822940e-01 4.356257416251871351e-01 4.783443575662232883e-01 4.728614526725765654e-01 4.797851951736190057e-01 4.512045506336980205e-01 4.342303594425195867e-01 3.987356384080955052e-01 4.050284267538801775e-01 4.407991197958627261e-01 4.677123434476815333e-01 3.835964407461918690e-01 3.831440788208877457e-01 4.009056255636906929e-01 4.389583975159999651e-01 4.250071485968723306e-01 4.322841830504155491e-01 3.870127931786981335e-01 3.870417403546573820e-01 3.789570989603949780e-01 4.442797053844574351e-01 3.915823934180190369e-01 4.044056316915849436e-01 4.056543884095143437e-01 3.763741255177634470e-01 3.954930110607588478e-01 4.424450835240348878e-01 4.177214579192496946e-01 3.968052459806584165e-01 3.898380152146756483e-01 4.017340121184648782e-01 4.129166494734100579e-01 4.119005107980405755e-01 4.087510622288999529e-01 3.938802323506277459e-01 3.795564684016191626e-01 4.006491523214009143e-01 3.852097596201801144e-01 4.112046706686504072e-01 4.325877711688230209e-01 4.341710745513773784e-01 4.221413907426465606e-01 4.077563481975359783e-01 4.468926756415518842e-01 4.252429523333040029e-01 4.195913842063592192e-01 4.054885144320166113e-01 4.245598139280331029e-01 4.200758771291595584e-01 4.238517075373347542e-01 4.113272431429618736e-01 4.108643533781482504e-01 3.963521088423084260e-01 4.125499588206796853e-01 4.364717565376755037e-01 4.346870664511607862e-01 4.247034308708078076e-01 3.969368561951087671e-01 4.270349648316194013e-01 4.141862631863513777e-01 4.140076501074957394e-01 4.277167869736825390e-01 4.088847355493818725e-01 3.948116125293679723e-01 3.956082944167401694e-01 3.782051159164344645e-01 3.776791837433788879e-01 4.276449721603031162e-01 4.023976534820732920e-01 4.033032631944295510e-01 4.115122668321271049e-01 4.162588251946622298e-01 4.095013830629836704e-01 3.814044780222446973e-01 3.920196242086983474e-01 3.982435369259720304e-01 4.018362331476562632e-01 3.825786524595699567e-01 3.861816162848160094e-01 3.971325819237493948e-01 3.971635981421424710e-01 4.016357530695990330e-01 3.850674663154894373e-01 3.939770461000720037e-01 3.935578291914265670e-01 3.798935550554434215e-01 3.813305522119208590e-01
2.477367274283340803e-01 1.522454622479304243e-01 4.380612168569693599e-01 1.000000000000000000e+00 4.479199355504915325e-01 3.728202856897908091e-01 6.291095092418317325e-01 6.193888985044226914e-01 5.181859220259426024e-01 4.669799217240956368e-01 5.963578390069080859e-01 6.294638714756983777e-01 5.714473228239171920e-01 4.531351264142536306e-01 5.510082525939117293e-01 6.087626490962014802e-01 5.042878585897635491e-01 5.873936420121022017e-01 5.658498972676764271e-01 6.057119590459951741e-01 6.406655264637822755e-01 6.262867940450025372e-01 6.618709122971617731e-01 6.125558577067805599e-01 6.010679015162098127e-01 5.369208353297739711e-01 5.637066544518204436e-01 5.181971855887251843e-01 5.655833125759358593e-01 6.494015982616878624e-01 6.263378107972495945e-01 6.335415572753181346e-01 6.295257489527402717e-01 6.292553231034143657e-01 6.387461097113432684e-01 6.090129643175286045e-01 5.817295051062074673e-01 5.183944999172431789e-01 6.257393282863858985e-01 6.098996417008644144e-01 5.213544794324576070e-01 5.160264186618481741e-01 5.619896372487264147e-01 6.299681102020111556e-01 6.070355651603493996e-01 6.093818631123890661e-01 5.740206734776469588e-01 5.741999852463809395e-01 5.594197768996255204e-01 6.022916422914464940e-01 5.239038836592915249e-01 5.941647939175818127e-01 6.088532486855056103e-01 5.515019692332563395e-01 5.713360585789232227e-01 6.239529146188146358e-01 6.306186036940610862e-01 5.569907365536537203e-01 5.410742089460114368e-01 6.091665255396365719e-01 5.877916828423710438e-01 6.111399716247574165e-01 5.839596896832797146e-01 5.992569025624924217e-01 5.833219259732016493e-01 6.087349122435293802e-01 5.807734981779459904e-01 5.934930145763623877e-01 6.098984466023937845e-01 6.178997025898017581e-01 6.059803942714022673e-01 5.930663893397055686e-01 6.141533148919441354e-01 5.993758506229278638e-01 6.030500021688580681e-01 6.009261724185724907e-01 6.084807077112260876e-01 6.250330422649429396e-01 6.079336224163494062e-01 6.028777275416875581e-01 5.887749592103067586e-01 5.872573665422134992e-01 6.053739106722052510e-01 6.197949629685094441e-01 5.950048548958968286e-01 6.029937050717171232e-01 5.772114855946097745e-01 6.053423862758944285e-01 5.926970228759244064e-01 6.036501849276169063e-01 5.999660859681311686e-01 5.902621201723099453e-01 5.839770914708031224e-01 5.805157386640101835e-01 5.622137570233244341e-01 5.679754492963444701e-01 6.080629979914649041e-01 5.924399986257877782e-01 6.013639106358116271e-01 5.909072556030785517e-01 6.073796726821623082e-01 6.003198483841450939e-01 5.784914495225240705e-01 5.843619490138622918e-01 5.910955643932366277e-01 6.065630736616102192e-01 5.720752618422547675e-01 5.743362376728105012e-01 5.851504318505119651e-01 5.906820690298322241e-01 5.887376223533372643e-01 5.868057556981010059e-01 5.934781848463780429e-01 5.963363405907147197e-01 5.833951519643352235e-01 5.831458091609893479e-01
1.794796953112480498e-01 1.235911352337592112e-01 2.752282515801508511e-01 4.479199355504915325e-01 1.000000000000000000e+00 3.208256295243414602e-01 4.648757312131376329e-01 4.803068901279673453e-01 3.535125206350564486e-01 3.427397972931693348e-01 4.442214339671258228e-01 4.387694551271357213e-01 4.419343502869997886e-01 3.545939336785284834e-01 3.842473780094926017e-01 4.316345770178475760e-01 3.150179881614365018e-01 4.221824493355069152e-01 4.001191125429075512e-01 4.324139526171399406e-01 4.924733364268740754e-01 4.762853583641529220e-01 5.134098046025155071e-01 4.683300956027048878e-01 4.728990347552115558e-01 3.806022011945393024e-01 3.830340920703804164e-01 3.542648201351999426e-01 3.889883398160317585e-01 4.857657883567450541e-01 4.896455541646542176e-01 4.736068288276438221e-01 4.912776518477993681e-01 4.948475433662218315e-01 4.838932379579948817e-01 4.718278236815589000e-01 4.656034540003883282e-01 3.564830178134119620e-01 4.871105534116363933e-01 4.673415220860456243e-01 3.591816687364981497e-01 3.507623189946221243e-01 3.824557744149916783e-01 4.886104017459125815e-01 4.586458682991743641e-01 4.905824842479619141e-01 4.402421914808221648e-01 4.234053417016384602e-01 4.198446075692220392e-01 4.745469808424211400e-01 3.509707268756587784e-01 4.418230507757199277e-01 4.621990823682695093e-01 3.736130218997998353e-01 4.047858906572937565e-01 4.782366263964944464e-01 4.539115471531516843e-01 4.026655227793604075e-01 3.688999584885235272e-01 4.538826851404622054e-01 4.116132396325150045e-01 4.505595788462866680e-01 4.060828201690914740e-01 4.363912862965919071e-01 4.372146830444556542e-01 4.519382913551251990e-01 4.460790715584342370e-01 4.563651064677936575e-01 4.683582114585400635e-01 4.731844533948046938e-01 4.686071705634328732e-01 4.578827922948996432e-01 4.699694055496549949e-01 4.655437861305033453e-01 4.772310812545803582e-01 4.653517172598443108e-01 4.736587211480643433e-01 4.692867781996798437e-01 4.696146281807777600e-01 4.669134445822150647e-01 4.576581695580974607e-01 4.541493215243102011e-01 4.521853361693213280e-01 4.728917286705886514e-01 4.649557974809174210e-01 4.665729357898268370e-01 4.484384923333022410e-01 4.604061325648463598e-01 4.581862855506141363e-01 4.550114922100353954e-01 4.647980689706449620e-01 4.577228437594738630e-01 4.457109891222857945e-01 4.443550147990006360e-01 4.361864950437774890e-01 4.344750410428445675e-01 4.541191847445550378e-01 4.479020692833551309e-01 4.564555706222260811e-01 4.597565202488855252e-01 4.664186086869988590e-01 4.493425540941831109e-01 4.431188516806917610e-01 4.510364935887690718e-01 4.482570198936150496e-01 4.373153635350369162e-01 4.387020533195422622e-01 4.369168378188115209e-01 4.460065231612717063e-01 4.541602654787762483e-01 4.420563182051914786e-01 4.464239045223903912e-01 4.457538555175990513e-01 4.506371493760019109e-01 4.419274286949482766e-01 4.355774123886950733e-01
1.071617964029036342e-02 1.023314073289567500e-01 2.761447773034951814e-01 3.728202856897908091e-01 3.208256295243414602e-01 1.000000000000000000e+00 4.908861316307242539e-01 4.056350425078200095e-01 4.463998377913219739e-01 4.616941930385658477e-01 5.307518449971007080e-01 5.395409754677585878e-01 5.128272262789644875e-01 4.863528749223486880e-01 5.203659157610310837e-01 5.229014814871048022e-01 4.386677676907019263e-01 5.154788553956592967e-01 4.984999790280948972e-01 4.082234725123641828e-01 5.293689805469115051e-01 5.679871941329817098e-01 5.097410381076911134e-01 5.068079294160530157e-01 5.589660576832105043e-01 4.726989062729678448e-01 4.978632858494986824e-01 4.765391526871236016e-01 4.709061707742227543e-01 5.768898098451854528e-01 5.956114071321590986e-01 5.627994798009702260e-01 5.377554408841085376e-01 5.771636952913363761e-01 5.652581259595130803e-01 5.754699280798548644e-01 5.908546695607406196e-01 4.950204669632070620e-01 6.058415152206958476e-01 5.607627877374972147e-01 5.129922881084159059e-01 5.183686496419334100e-01 5.097968627828567412e-01 5.999734586245897283e-01 6.026861433992707351e-01 6.003303522839107398e-01 5.939061223867596606e-01 5.733943151765430457e-01 5.876560045232636087e-01 5.721593260499499012e-01 5.041403308259692073e-01 5.654258379712190363e-01 5.813926640095025133e-01 5.304854599548517458e-01 5.373881199071285364e-01 5.844955935312886597e-01 5.453267791983752444e-01 5.594018899423914837e-01 5.244154411434516216e-01 5.735150934038885095e-01 5.503768542609260850e-01 5.619685418143858247e-01 5.444821887244607472e-01 5.667624719466417549e-01 5.759323042729082021e-01 5.775455179137456430e-01 5.917204902669715993e-01 6.035874849798383845e-01 5.987964936953953377e-01 5.913908094828261852e-01 6.051328604913527309e-01 6.014610744570741963e-01 5.976550448815858285e-01 6.064850839927335979e-01 6.020579217422163953e-01 6.031922618176931428e-01 6.053863021179316517e-01 5.900910571928505988e-01 6.024079270033754208e-01 6.039009899645086943e-01 6.052772553027192526e-01 6.021395024934554918e-01 5.920863269257903294e-01 5.982375116452457453e-01 6.004901198642473847e-01 6.072865547234743699e-01 6.029538861246261927e-01 6.006986212570296635e-01 6.111000269502409044e-01 5.928022713086303908e-01 6.033073157402287778e-01 6.068206829187142715e-01 6.006434938871130225e-01 6.040097286732227788e-01 5.957863599018320411e-01 5.941870912109199487e-01 5.873719545792287500e-01 5.777581298589079539e-01 5.884501009897133983e-01 5.932684532780665432e-01 6.007782444667455479e-01 5.814127289934799547e-01 5.946299466550858392e-01 5.968856488972262841e-01 5.999384034048282910e-01 5.621945930996901097e-01 5.944078591714216930e-01 5.938190810564737410e-01 5.940841007339999758e-01 5.922247499010572236e-01 5.866349870096381203e-01 5.895577957878784803e-01 5.821404651831161292e-01 5.894766732861589364e-01 5.918981483079864825e-01 5.824294761594948078e-01
1.117458315452219686e-01 1.656180286718187122e-01 4.449223208030381183e-01 6.291095092418317325e-01 4.648757312131376329e-01 4.908861316307242539e-01 1.000000000000000000e+00 7.416087370443390503e-01 7.110957086613798328e-01 6.352231767983141930e-01 7.311582082633859558e-01 7.858286053275895799e-01 7.082038694880714580e-01 6.250359504170085456e-01 8.038704999788428562e-01 7.971361742386915417e-01 6.999033373678543724e-01 7.513943526534787587e-01 7.616300499068506813e-01 6.730116191666444259e-01 7.534047381986624936e-01 7.638557251799453773e-01 7.332728449648848734e-01 7.156404946017257407e-01 7.479269388562393983e-01 7.659278336201847948e-01 7.704895541526649572e-01 7.531704972324788638e-01 7.627162871234586250e-01 7.776845907834480931e-01 7.804751203239098656e-01 7.803778146137548832e-01 7.404027611955378285e-01 7.366974573347050415e-01 7.496277275919630556e-01 7.015868404507444867e-01 7.085200530911924810e-01 7.588887433401353411e-01 7.691353180676681056e-01 7.573185713471572988e-01 7.609523643906928037e-01 7.628919551369913732e-01 7.632167638422960865e-01 7.791571605619936891e-01 7.605922631136091683e-01 7.814626622591973604e-01 7.416462129312356710e-01 7.541747522297538309e-01 7.385722971779025148e-01 7.446662560389004648e-01 7.603996181703447377e-01 7.338935356087515904e-01 7.578813228315656181e-01 7.663194570539454409e-01 7.756169601588783769e-01 7.776108351175526900e-01 7.532418744851426817e-01 7.778951034304862899e-01 7.710705008546477890e-01 7.635349701513222120e-01 7.898927329666873831e-01 7.754703862527041469e-01 7.819935373228817932e-01 7.650585877452126260e-01 7.260231962671991335e-01 7.559808595158056255e-01 7.331494576768332605e-01 7.580363746219591636e-01 7.631827987753975195e-01 7.767605503564862790e-01 7.616778199604887778e-01 7.504253213771086006e-01 7.693803063522056673e-01 7.582028859069100957e-01 7.618477235743122966e-01 7.666304425243575249e-01 7.802445746159831774e-01 7.821557854739265014e-01 7.740255371850748300e-01 7.599879668855206161e-01 7.509548247661549381e-01 7.427294744068018151e-01 7.459923247616305764e-01 7.694943171505234103e-01 7.522778230677813482e-01 7.548277982988551571e-01 7.228987303835842093e-01 7.722713079274777792e-01 7.557158072638163748e-01 7.517460733874417045e-01 7.623802590421968617e-01 7.640658340627048961e-01 7.447558283528464829e-01 7.586440878614768568e-01 7.265168427821823149e-01 7.336021399612172589e-01 7.573060528003622283e-01 7.390661312306586739e-01 7.559253728176023035e-01 7.540369442976365688e-01 7.556896831591889407e-01 7.463941925683547085e-01 7.345626462477063967e-01 7.491660794117843691e-01 7.410104541794414468e-01 7.442813913574455320e-01 7.324573341705148399e-01 7.414043368895855135e-01 7.500610792267398130e-01 7.511812508630486551e-01 7.582593121448468754e-01 7.388813468974587684e-01 7.447604081823643307e-01 7.449596549469101880e-01 7.236790745666135116e-01 7.314435935388572396e-01
1.836998688556487624e-01 1.523600907909443969e-01 4.467963941245714499e-01 6.193888985044226914e-01 4.803068901279673453e-01 4.056350425078200095e-01 7.416087370443390503e-01 1.000000000000000000e+00 6.801787456058543402e-01 5.715449738606555030e-01 6.989016435727558596e-01 7.497276556655493307e-01 6.857197568495772000e-01 5.849381757410796467e-01 7.178789349923084817e-01 7.520786333985137739e-01 6.606187829055102378e-01 6.988442421034147811e-01 7.006506200921691629e-01 6.549400519257732034e-01 7.292543420459949299e-01 7.276485130920569144e-01 7.080666486440735374e-01 6.692469765696297257e-01 6.955097529886951069e-01 6.930592951042500172e-01 7.054238590101261641e-01 6.695904687865621430e-01 6.953617424216036458e-01 7.420025181298310901e-01 7.332101098149373941e-01 7.445045549892633785e-01 7.076264582427962413e-01 7.052596873226796292e-01 7.206962054577406018e-01 6.812408788545646354e-01 6.665195684809070986e-01 6.914785173528086304e-01 7.232612887542654301e-01 6.966555263395253217e-01 6.860586055566875174e-01 6.800763123009886391e-01 7.061047834355150821e-01 7.353215076946760798e-01 7.077329556060441007e-01 7.253302925963496239e-01 6.980243133795410726e-01 7.015522546544719074e-01 6.798171882244090636e-01 7.197854197424748968e-01 6.951998450507477223e-01 7.045993593513170117e-01 7.164374608289115764e-01 6.997133534965963575e-01 7.266298049052680730e-01 7.337834268150891237e-01 7.266132790586546930e-01 7.129310693555159784e-01 7.023282968753599143e-01 7.276308899192470703e-01 7.359969254479298284e-01 7.330704185513927662e-01 7.333221464780262933e-01 7.253536032145784240e-01 6.925823795186044629e-01 7.157754423136920563e-01 6.925308267925091021e-01 7.046709618183693014e-01 7.138234452156595466e-01 7.247334495509639707e-01 7.117394722273272523e-01 7.012340703307453627e-01 7.102310608048041374e-01 7.034147974598679021e-01 7.128462770032744089e-01 7.096463989598307265e-01 7.174562945529910918e-01 7.238370160904747941e-01 7.149539009670563550e-01 7.101499715206119889e-01 7.007251834214930364e-01 6.911132933158338210e-01 7.069010373140837133e-01 7.177094360958733432e-01 7.122340341370781980e-01 7.102602790498527829e-01 6.737747664404476478e-01 7.217762242891523350e-01 7.024920115843289459e-01 7.059205205284517781e-01 7.045141618718034904e-01 7.062281247874390155e-01 6.917468131251512942e-01 6.972481622405979351e-01 6.766648182049199711e-01 6.831234661272216346e-01 7.238926766758512210e-01 7.127984278748527025e-01 7.208896822545535210e-01 7.183224192659204421e-01 7.184716961568693439e-01 7.140720375848391699e-01 6.886188496664820136e-01 7.049187451352573186e-01 6.994104994850970369e-01 7.133413650002452533e-01 6.837681616816562169e-01 6.919410683619026114e-01 7.019013110843526082e-01 7.113049949858853971e-01 7.082102889625603304e-01 6.983167730523087702e-01 7.051793120647240620e-01 7.078193740959199953e-01 6.837438682875452978e-01 6.879563346223402931e-01
7.908693176279700532e-02 1.946118139261758806e-01 3.840577624800083911e-01 5.181859220259426024e-01 3.535125206350564486e-01 4.463998377913219739e-01 7.110957086613798328e-01 6.801787456058543402e-01 1.000000000000000000e+00 7.333739135152163025e-01 7.677687873969759602e-01 8.228122247336797646e-01 7.467586855101899790e-01 6.578700854490204808e-01 8.484656385556222924e-01 8.383707361519658896e-01 8.520138570129568434e-01 7.740494435192499800e-01 8.073571614877560476e-01 5.946998107021108648e-01 7.047956172665040819e-01 7.812360136994069837e-01 6.828674956448942401e-01 6.546501536996502946e-01 7.403116721481962648e-01 8.235532988736894433e-01 8.334605003052399930e-01 8.206597580369027201e-01 8.142458126119060946e-01 7.950799128534588034e-01 7.889084931125369682e-01 8.097442556602437724e-01 7.313545456945962364e-01 7.275305233876923072e-01 7.683871009067236857e-01 7.149515266373693834e-01 7.392211184098964605e-01 8.399305450132636963e-01 7.873779328007335376e-01 7.393779474851513989e-01 8.673387785173664044e-01 8.555246849644596585e-01 8.392786983216327101e-01 8.041969703766030930e-01 7.952342990820179258e-01 7.845941489715700934e-01 8.021703623727630683e-01 8.359346836419255800e-01 8.085764429620093674e-01 7.430777023542421977e-01 8.508451554904897796e-01 7.896933766137733679e-01 8.052345754888359242e-01 8.786685992693523684e-01 8.611152296735749001e-01 8.072291329209168032e-01 7.997494279172837617e-01 8.612873581600971606e-01 8.627573306284189725e-01 8.387942774500224408e-01 8.583365524717013750e-01 8.274397126179985351e-01 8.505281739656574969e-01 8.429644354611176560e-01 8.166938309758414727e-01 8.184582422402929547e-01 7.991759762861548877e-01 8.044736404384225104e-01 8.032497010835131235e-01 7.961459392885658071e-01 8.002751134471226546e-01 8.048684838494297722e-01 7.883669241796255056e-01 7.942732735757677132e-01 7.935833128144222925e-01 7.998283077573824507e-01 7.977515709636470165e-01 8.047005508362439219e-01 7.985889830669038458e-01 8.013230473054123726e-01 7.957780768124835813e-01 7.911201310430272526e-01 8.119834817735377408e-01 8.014069335037425912e-01 7.818990292199774483e-01 7.976102234771537125e-01 7.807287146515005105e-01 8.057327935126517016e-01 8.020343393359221640e-01 8.033589295611801573e-01 7.895913622085264372e-01 8.024076129812743874e-01 7.987054119446356237e-01 8.100899622444386328e-01 7.877513369045737734e-01 7.984722429585320302e-01 7.901518743491375840e-01 8.038543441255908695e-01 7.942908535688588678e-01 7.928206965473995060e-01 7.865256034485437198e-01 7.981275233865356977e-01 8.038593892248943051e-01 8.011199479693732473e-01 8.017422664728983683e-01 8.083599757438438838e-01 7.939074859053864008e-01 8.071955863876650872e-01 8.068031404820675823e-01 7.991911899742127900e-01 8.065104830205793718e-01 8.059647098301084833e-01 7.980985701086201756e-01 8.083958348670252647e-01 7.981798288254717821e-01 8.083331372229041190e-01
1.442371976173011973e-02 2.137117829269122027e-01 3.139169107287607674e-01 4.669799217240956368e-01 3.427397972931693348e-01 4.616941930385658477e-01 6.352231767983141930e-01 5.715449738606555030e-01 7.333739135152163025e-01 1.000000000000000000e+00 7.336617082529226508e-01 7.688736527077681959e-01 7.121787351779858000e-01 6.519113097542530433e-01 7.720748995813401239e-01 7.628891500140643211e-01 7.230266618619792807e-01 7.001655247641417334e-01 7.074699451890049673e-01 5.577574870934067786e-01 6.394674534683026934e-01 7.275168423388441719e-01 6.475707050890892047e-01 6.061471576790715687e-01 6.885993928908815676e-01 7.114350188545616183e-01 7.362919208617422218e-01 7.205210850073420215e-01 7.299539016465592667e-01 7.579729530224841305e-01 7.718701610478861941e-01 7.735269973847862524e-01 6.950500291978535250e-01 7.130230695342627545e-01 7.466359480046922403e-01 7.119886307295693051e-01 7.346307278631462045e-01 7.579071201095509691e-01 7.790586041844111964e-01 7.132851247734361966e-01 7.885721995059975509e-01 7.769198660754169650e-01 7.622253880658044212e-01 7.875424991225001836e-01 7.813943527526460153e-01 7.753308798624732878e-01 8.060114042756024721e-01 8.245429969869187969e-01 8.155954926598072419e-01 7.359759132640081303e-01 7.781814341328932016e-01 7.543680436988786653e-01 7.880478981597218713e-01 8.219273964186742942e-01 8.128324988369798332e-01 7.942213065471034339e-01 7.810228871477131740e-01 8.221923001236691730e-01 8.092643726940088600e-01 8.140088894313115553e-01 8.099654754550467128e-01 8.064478817285607448e-01 8.082407880265340960e-01 8.136174245507838965e-01 8.021471337856675987e-01 8.020896390356008210e-01 8.032622472324565388e-01 8.014192370838356672e-01 7.977501296944011777e-01 7.878612615926492424e-01 7.926573774643506098e-01 8.015573602489797223e-01 7.791022981952359094e-01 7.856827015674465731e-01 7.865251109197612944e-01 7.930826287628742755e-01 7.831147340642862220e-01 7.878784491094448228e-01 7.934462902426220321e-01 8.016886340409260514e-01 7.954486033798635614e-01 8.006931558120945480e-01 8.052615998176307910e-01 7.905005969424934165e-01 7.783311869489645263e-01 7.939587853056975231e-01 7.917275680873119281e-01 7.997545704166880709e-01 8.033670699349219069e-01 8.026258685417477778e-01 7.822422398990157566e-01 8.004701572700592127e-01 8.035223343727843082e-01 8.100033069026401078e-01 8.022926513851705854e-01 8.071912293342022870e-01 7.802838330648049769e-01 7.883864778111532301e-01 7.916806109816062476e-01 7.903620058099343204e-01 7.839278228197126275e-01 7.941267582673627867e-01 8.005272729002983478e-01 8.030882993265593406e-01 7.978129874421361345e-01 7.926774168855109659e-01 8.049545033742309119e-01 8.099158085129034568e-01 8.087704249271210344e-01 8.005880098942379508e-01 8.084216997920551373e-01 8.064068782311585304e-01 8.012859362207654934e-01 8.036156391911568608e-01 7.995278240904888367e-01 8.072676599737722558e-01
8.215493488545233536e-02 1.629871806634698161e-01 4.208632685852003452e-01 5.963578390069080859e-01 4.442214339671258228e-01 5.307518449971007080e-01 7.311582082633859558e-01 6.989016435727558596e-01 7.677687873969759602e-01 7.336617082529226508e-01 1.000000000000000000e+00 8.678230749002761035e-01 8.035661788853665222e-01 7.264236242071797633e-01 8.211453125648748852e-01 8.409314588618391761e-01 7.671079782629944832e-01 7.978404572450109589e-01 7.908930580920326969e-01 6.604268481939377100e-01 7.848767652618489077e-01 8.473258820262489222e-01 7.843544727836220254e-01 7.343455729472631033e-01 8.096502225396388086e-01 7.648506786215499842e-01 8.034255380552155490e-01 7.638276383472695219e-01 7.804290959181222620e-01 8.810468822316002147e-01 9.003219806227045208e-01 8.788799807639642303e-01 8.195811017944322208e-01 8.501439801768813087e-01 8.667500699592843860e-01 8.444312821269741587e-01 8.667270243788223194e-01 7.857603756043580745e-01 8.883807172527266038e-01 8.293245026740697634e-01 8.179694275389950420e-01 8.101479105700720718e-01 8.068455298713874679e-01 8.929320870949344346e-01 8.939010572354156858e-01 8.834545345704833963e-01 8.939858243426794804e-01 8.945030330630147075e-01 8.855392632688166010e-01 8.609160067110053216e-01 8.075103255610641684e-01 8.641152275451979836e-01 8.810898809394424047e-01 8.573601995056612246e-01 8.707701573994807154e-01 8.906478867873139915e-01 8.782663159409175302e-01 8.765634497851061413e-01 8.433851993307925898e-01 8.953616778543321830e-01 8.702411322751096856e-01 8.955742027527997529e-01 8.816219907217087703e-01 8.883233983577314419e-01 8.876956422225670273e-01 8.959110357139521419e-01 8.967794087928605551e-01 9.002770658906923407e-01 9.033123257833576281e-01 8.916937036425579555e-01 8.975367885601125417e-01 8.977500271171541257e-01 8.866283029180073161e-01 8.888205520442903351e-01 8.996441913788177924e-01 9.011915635551341897e-01 8.983926228881691234e-01 8.989768248864664635e-01 8.974953734316579723e-01 9.009818573927645957e-01 9.012683019869371925e-01 8.994374629093211393e-01 9.007265351989279800e-01 9.020083942257358656e-01 8.933277782320044880e-01 9.019203846284625792e-01 8.911440920130446752e-01 9.021333949758367776e-01 8.983102612749893634e-01 8.996839043604264452e-01 8.942237108822035374e-01 9.002594767521092667e-01 8.969615122800728146e-01 8.978691366799610440e-01 8.922312099679100550e-01 8.957772568451378703e-01 8.928666758375856105e-01 8.902902952752168586e-01 8.963191776398407029e-01 8.937022573222640487e-01 8.951517412716746280e-01 8.949359544780377540e-01 8.912628331715886087e-01 8.974066465488709232e-01 8.950218078331868554e-01 8.903738518713801842e-01 8.942249904663935878e-01 8.987798467401652003e-01 9.010082369186626083e-01 9.005469960354950398e-01 8.997293668712474934e-01 8.960922664822080774e-01 8.978203835741080940e-01 8.954946663600995560e-01 8.888525082316145465e-01 8.924143179780472668e-01
7.026479474946109582e-02 1.991464360150940749e-01 4.340638192370741000e-01 6.294638714756983777e-01 4.387694551271357213e-01 5.395409754677585878e-01 7.858286053275895799e-01 7.497276556655493307e-01 8.228122247336797646e-01 7.688736527077681959e-01 8.678230749002761035e-01 1.000000000000000000e+00 8.395495205192489152e-01 7.581662738770246213e-01 8.942511783403078729e-01 9.029510073629408717e-01 8.194311265999281169e-01 8.393146323940573472e-01 8.415684012111060985e-01 6.952423558083729027e-01 8.120181961362274992e-01 8.793973582454965854e-01 7.965534557355492540e-01 7.580597506368609295e-01 8.408963451280614398e-01 8.450952972160399312e-01 8.765768073090247636e-01 8.503053099223069067e-01 8.592263071804607799e-01 9.024997922163510156e-01 9.151943078852474711e-01 9.067761951880403126e-01 8.492341379275547553e-01 8.587857300589424314e-01 8.823020609964694616e-01 8.474712866625763175e-01 8.689302166764056867e-01 8.687719180946816833e-01 9.107465822777598419e-01 8.607252397216007545e-01 8.906513464609062680e-01 8.853643515721886237e-01 8.838639662466694080e-01 9.215574975344107411e-01 9.115708099772281692e-01 9.106214666395010537e-01 9.106047004721108395e-01 9.221233610415980886e-01 9.078141226079865511e-01 8.764992933356138272e-01 8.853080429120046002e-01 8.868315774662683948e-01 9.071874595336819613e-01 9.150620194109038152e-01 9.185222155754801943e-01 9.161448547132805542e-01 8.955526436758465270e-01 9.234187825311594988e-01 9.060439338736719916e-01 9.216562290792325030e-01 9.252417682638631735e-01 9.196594117423777526e-01 9.242464472027510647e-01 9.257893908904493152e-01 9.049856748328936051e-01 9.143579314132510572e-01 9.051489889812819323e-01 9.142721615609079588e-01 9.168791679602195099e-01 9.117923165208047243e-01 9.148429030834898112e-01 9.151694998759016819e-01 9.013150066572155339e-01 9.058281702188112350e-01 9.145594065770165093e-01 9.174812659177007390e-01 9.216255665473335190e-01 9.238207955210462341e-01 9.179313378742267604e-01 9.158192729221340533e-01 9.130295983318162945e-01 9.083545062414246640e-01 9.132842530896547739e-01 9.186518819881467346e-01 9.054259599536529368e-01 9.134192092126117712e-01 8.970622416723476045e-01 9.219872150801656785e-01 9.152458752510024276e-01 9.130056570011712003e-01 9.129140000815056943e-01 9.195660187626091275e-01 9.111517151489961774e-01 9.197274799694229452e-01 8.984647868826476369e-01 9.061822839232496207e-01 9.076303506060540149e-01 9.052063559781178270e-01 9.115656861334163752e-01 9.112383666065968502e-01 9.090970806270387561e-01 9.091725197698758976e-01 9.079313969288701491e-01 9.149024580022027120e-01 9.104020859395443033e-01 9.036662644590109927e-01 9.041983091206761136e-01 9.115552846285340793e-01 9.151431517223886924e-01 9.119797249276514473e-01 9.146495408351899004e-01 9.093210769978011809e-01 9.072614672958222437e-01 9.135700332634179022e-01 9.037829051916231871e-01 9.067576270419683837e-01
7.738659587206586643e-02 1.786641607460358605e-01 3.588195607797456388e-01 5.714473228239171920e-01 4.419343502869997886e-01 5.128272262789644875e-01 7.082038694880714580e-01 6.857197568495772000e-01 7.467586855101899790e-01 7.121787351779858000e-01 8.035661788853665222e-01 8.395495205192489152e-01 1.000000000000000000e+00 6.934057192504727851e-01 8.086036058802774651e-01 8.322899353814798840e-01 7.350218487797417488e-01 7.580703483808803878e-01 7.621222669612910394e-01 6.363971765901821342e-01 7.358227836048608639e-01 8.069095053991137689e-01 7.390648945905240463e-01 6.892785555412693776e-01 7.691403476260640915e-01 7.523758965989887360e-01 7.876380863549726774e-01 7.523761507073932764e-01 7.756851870076756361e-01 8.405023677626860534e-01 8.473418586848803224e-01 8.311779937111787309e-01 7.763036052552272359e-01 7.878969614527269183e-01 8.211832518762977040e-01 7.876759320680006837e-01 8.146601968657837256e-01 7.723060626397830752e-01 8.429920886480664066e-01 7.833937592508652958e-01 8.071117633875410924e-01 7.966684459907124038e-01 8.015821848671267347e-01 8.603975609381658840e-01 8.495371668459970049e-01 8.472769015591690156e-01 8.601927349657774169e-01 8.668075664910915856e-01 8.543117165517269962e-01 8.100733337739052242e-01 7.995210794493279316e-01 8.280072352862847263e-01 8.568534481531674407e-01 8.473403749186835254e-01 8.532190112333476462e-01 8.571497437482109572e-01 8.485374846280390182e-01 8.513125875864315795e-01 8.315719211988313875e-01 8.721509798945024095e-01 8.551367028350937982e-01 8.647825910415521955e-01 8.540898191721163490e-01 8.695297876690610828e-01 8.573424468715830082e-01 8.665303861205567726e-01 8.569227004522759206e-01 8.577718630513873066e-01 8.575770144675242124e-01 8.529406704261746075e-01 8.590307307724204255e-01 8.610712484149173340e-01 8.405013712168273310e-01 8.488667663370963457e-01 8.545113369409550463e-01 8.595595180598266660e-01 8.551151073456966234e-01 8.603878919424154947e-01 8.560048234157829894e-01 8.644657329391430833e-01 8.550414428739704364e-01 8.579398835810961854e-01 8.613012325388811341e-01 8.587292965684213408e-01 8.424749048576000154e-01 8.539122305673200186e-01 8.460077684594545788e-01 8.599716960840017022e-01 8.576570429468560741e-01 8.602811712790597864e-01 8.471615839627514299e-01 8.607577129520711523e-01 8.577358540642278095e-01 8.627501743444416782e-01 8.512082566879893841e-01 8.567485517106091519e-01 8.452099686728340444e-01 8.539331287072398080e-01 8.568399595221041221e-01 8.523163058136872250e-01 8.512204747979092989e-01 8.550558435914231703e-01 8.588763721297275611e-01 8.632677896684783914e-01 8.567961991369138497e-01 8.531905454280854784e-01 8.560282916429485800e-01 8.611437372049750572e-01 8.623756434642957380e-01 8.602964979723773942e-01 8.598336622987071687e-01 8.626922535864338659e-01 8.573273469107876021e-01 8.636793481923427107e-01 8.569078855318221777e-01 8.617733441832785557e-01
