1.000000000000000000e+00 1.646929273977577046e-01 1.447063376407936308e-01 1.046393712947235599e-01 7.284829845518460412e-02 4.479129273287601326e-02 5.849457104057737694e-02 5.886831626554640123e-02 1.298930405243057806e-01 5.061880916635475708e-02 8.319387351968395017e-02 5.811558351657309524e-02 7.248489856766966721e-02 -3.281816943632466337e-03 1.413297706307335699e-02 5.105674051903628247e-02 1.183852067389407625e-01 2.753471342375438113e-01 2.127696087072800946e-01 1.172728256250333695e-01 2.317454505771596729e-01 2.232534679322538129e-01 2.336994015325655760e-01 2.034774896361980778e-01 2.031377598630432491e-01 1.317284557934731426e-01 1.532350445481585888e-01 9.976648083604527928e-02 1.087183404955436028e-01 1.436733334017373798e-01 1.287836762042026129e-01 1.235930697607010992e-01 1.023064480157338252e-01 1.327215517801564604e-01 1.370488799311137540e-01 9.018291380945463176e-02 1.387134835202001593e-01 4.911350086049198066e-02 6.257642668875146308e-02 1.565469892917965150e-02 5.729327961509402684e-02 3.940139526804306569e-02 4.234694742139943208e-02 4.219813743975894815e-02 4.485530763435502388e-02 4.315416302620464495e-02 5.555572931844657801e-03 2.494492739851663851e-02 1.272332487566379088e-02 2.607551770451253109e-02 3.878650233868446984e-02 4.472816315271074122e-02 1.523240487014283252e-02 6.008880421415702111e-02 7.953398360939184508e-02 9.006990151121857524e-02 6.710265748123699081e-02 3.646873240148549439e-02 2.838678591960054620e-02 3.378085352814450687e-02 2.054241536728293460e-02 4.833474818064299738e-02 4.372798578919564333e-02 4.713901489668848727e-02 7.734087515094219267e-02 6.736828331312880169e-02 2.313809882300050039e-02 7.230161022941723747e-02 6.952067993882640740e-02 8.588419539620255339e-02 6.465572465814745096e-02 5.961132001396965419e-02 7.832891826960866610e-02 6.845365611151210672e-02 3.706743925190714856e-02 4.968130216766655782e-02 2.726537447508019241e-02 3.805965590278359567e-02 3.875098811218840450e-02 4.876298442229527047e-02 6.532544535748753545e-02 4.185438187991701031e-02 7.454074948200629935e-02 6.096197167755740276e-02 2.749883522808473438e-02 5.565617613410830250e-02 5.517857309225546181e-02 1.525399960550239374e-02 2.781691492732224491e-02 5.364705340769761188e-02 1.983107902025780037e-02 1.976489644072704915e-02 1.934000721737692136e-02 2.192338128387660151e-02 2.255460439056923127e-03 1.125365391350202811e-02 -6.781385387364564921e-03 1.847061987655072499e-02 1.187640481315677295e-02 1.595926768854174019e-02 7.228557488541385335e-03 7.059191073968803555e-03 7.046273477977058573e-03 9.913985339564085342e-03 2.578238122858768702e-02 4.841596618332864865e-02 1.086037864339170836e-02 2.449119614589191640e-02 4.323806468405589493e-02 1.905052536681661399e-02 1.953288894745560875e-02 1.511875024476084378e-02 1.856851727809418970e-02 1.516014626932180205e-02 3.597449133820258826e-02 3.375977533342978260e-02
1.646929273977577046e-01 1.000000000000000000e+00 1.444587400549653400e-01 1.154084145117603710e-01 7.084189478151582675e-02 1.413416182543180410e-01 1.442284421248062054e-01 1.236056375261734008e-01 1.942634339852075953e-01 1.426925700878506620e-01 1.881438949143399431e-01 1.546732818349377814e-01 1.430026361974237603e-01 1.094374396123109078e-01 1.414849051231523158e-01 1.695767247066074512e-01 2.115053908610001476e-01 2.769157844076106101e-01 2.707286368634067020e-01 1.470353887769294265e-01 2.532989714809751880e-01 2.669436376350356466e-01 2.757758898819741011e-01 2.438441856088761628e-01 2.639253132597692564e-01 2.331195355810636305e-01 2.436893394887636177e-01 2.132548782082410721e-01 2.036425690669204924e-01 2.274990023448638099e-01 2.186112087776697910e-01 2.156234267162849549e-01 2.137470824897045596e-01 1.994449897336791067e-01 2.130663747120723206e-01 1.873970727113861146e-01 2.261135089946267052e-01 1.671508053721433018e-01 1.787196140957136858e-01 1.713302842180265961e-01 1.714240637822632973e-01 1.758081541818357907e-01 1.726830091772019460e-01 1.612799151475335091e-01 1.771971072015043058e-01 1.619488982349699679e-01 1.343398225595654749e-01 1.501500119527060806e-01 1.415486378064943485e-01 1.204959095195350799e-01 1.496570200387325744e-01 1.503170810061052187e-01 1.411890834595985744e-01 1.686295676504162566e-01 1.810480125995874989e-01 1.994908981686761840e-01 1.660098050200225495e-01 1.512649859508937433e-01 1.528541828568299454e-01 1.515555225399079775e-01 1.349639266021271933e-01 1.625905462084492326e-01 1.507052281432094409e-01 1.569840111650945835e-01 1.796161266403939472e-01 1.701336754039321497e-01 1.518295592936807215e-01 1.817540279405987780e-01 1.789727096477981283e-01 1.793747740373776989e-01 1.815244471852037744e-01 1.764896364279727181e-01 1.890873502619750401e-01 1.833285845715677820e-01 1.669827129128575172e-01 1.766765422735082636e-01 1.664218135792011888e-01 1.662115355668518923e-01 1.729037582407201845e-01 1.742674358697852144e-01 1.787312750467894562e-01 1.654762386890583359e-01 1.832448133209745866e-01 1.760938830200667604e-01 1.474117884413811141e-01 1.634316924514755964e-01 1.757164088570670468e-01 1.506257791709244565e-01 1.567046645860596665e-01 1.754650761490949840e-01 1.576408015772894911e-01 1.531370665720325208e-01 1.544041389722733693e-01 1.533710291459652320e-01 1.403305220701906719e-01 1.468893588132723638e-01 1.264096128068341596e-01 1.355701176748290715e-01 1.404510795071983453e-01 1.427110702624459493e-01 1.435672651808807820e-01 1.334700719316611328e-01 1.386191796183035563e-01 1.403189540156257187e-01 1.494257745025385498e-01 1.624794821523245225e-01 1.413988035728624137e-01 1.551274691376378079e-01 1.652763611046408621e-01 1.465764710301678819e-01 1.573243547995345215e-01 1.456030102545312621e-01 1.494747281468998823e-01 1.437541625858530236e-01 1.606671482028823039e-01 1.548161985780235617e-01
1.447063376407936308e-01 1.444587400549653400e-01 1.000000000000000000e+00 3.668497170288523290e-01 2.013259730877372811e-01 2.523977762547678916e-01 3.560554613207418395e-01 3.291522250351487378e-01 3.641625371187265370e-01 2.848077590791129321e-01 3.982667124353304611e-01 4.150448300542879387e-01 3.362858900812795704e-01 3.061872000595486365e-01 3.761492742632637221e-01 3.833446830084770718e-01 3.946455668551505092e-01 4.596612094580809771e-01 4.541137101035022661e-01 4.192893859243773669e-01 4.779042683474424291e-01 4.692436890943532113e-01 4.356734522195098713e-01 4.382975967870544887e-01 4.471596902165733689e-01 4.204960188101193874e-01 4.452442333737409719e-01 4.107587744540959762e-01 3.931819158260085878e-01 4.108508643070188371e-01 4.182105605509839896e-01 4.155019726603803587e-01 3.957978661907432527e-01 4.267171102325219567e-01 4.076055306183967719e-01 3.991236505489267894e-01 4.118704815873309166e-01 3.781259495927161152e-01 3.924324426491396234e-01 3.779975434024871461e-01 3.942717062473609646e-01 3.796702894210677859e-01 3.968043172984800360e-01 3.868924065785293021e-01 3.887985928513000289e-01 3.724733705480295365e-01 3.596644427678922229e-01 3.694030750200180679e-01 3.649524938629970516e-01 3.661578748759763968e-01 3.816873762642020718e-01 3.859537550591943811e-01 3.690757086842201273e-01 3.802593992859734651e-01 3.841123637278008318e-01 4.027717587231142704e-01 3.837541928276333447e-01 3.793767783952284312e-01 3.707950580271451302e-01 3.783833730056070377e-01 3.710551825044834939e-01 3.819948551592259878e-01 3.738272129191767545e-01 3.777762745238456565e-01 3.924835387781438478e-01 3.861400684892992152e-01 3.747851823401919802e-01 4.065787277944221123e-01 3.945608514533225919e-01 4.386270491854922238e-01 4.237544463688318608e-01 3.994179855213960129e-01 4.140311094776047418e-01 4.073689414847883605e-01 3.837239944095466870e-01 3.927531114088899100e-01 3.736260807142868789e-01 3.794983560559752611e-01 3.849532010461307330e-01 3.849168973829476537e-01 3.905848087446991412e-01 3.782673211822611403e-01 3.991653008149989024e-01 3.874656091306906136e-01 3.765838934791533865e-01 3.908172479861021231e-01 3.879515036414741269e-01 3.679014689330356025e-01 3.773870387430897089e-01 3.867280176288686588e-01 3.735511876551687593e-01 3.707936293269364358e-01 3.762988866960857992e-01 3.723027681691707391e-01 3.615936723559504129e-01 3.635146058337379582e-01 3.655343765851488680e-01 3.673645974808759096e-01 3.707756480105020014e-01 3.747478806496751247e-01 3.702171443195235168e-01 3.620439953593594939e-01 3.677175248326146062e-01 3.704905989559861834e-01 3.803613559599426930e-01 3.821448064022188729e-01 3.633962419472049343e-01 3.638513328056584006e-01 3.745411036183793896e-01 3.691183731202609120e-01 3.683897382251457575e-01 3.671435672905688508e-01 3.704624069872441972e-01 3.660843653869294001e-01 3.796249247440998120e-01 3.743525575264251004e-01
1.046393712947235599e-01 1.154084145117603710e-01 3.668497170288523290e-01 1.000000000000000000e+00 3.521652691773906607e-01 3.572805099397151629e-01 5.741729502705806842e-01 5.479677504970830171e-01 5.411483609006201290e-01 4.063602000487432364e-01 5.835860696525043689e-01 6.377925576312021283e-01 5.298248744214677508e-01 4.611009501850227843e-01 5.751015996920301188e-01 5.775381619913468878e-01 5.553186558929283922e-01 5.153487615683636225e-01 5.424734960592890731e-01 6.455765070045008658e-01 5.983903337011895474e-01 6.076912599242280111e-01 5.009201661838208475e-01 5.092888527754082517e-01 5.336391288988560078e-01 5.543046794945867273e-01 5.867004349610399627e-01 5.428100526702512862e-01 4.781615981482119637e-01 4.908581659719091217e-01 5.352895905403216581e-01 5.771544733224309720e-01 5.455758890870469058e-01 5.817161956753513774e-01 5.253186631686652674e-01 5.966854708796014428e-01 5.217370889727115379e-01 5.724172589418735635e-01 5.625421073624441437e-01 5.747998137023365706e-01 5.731445714602073638e-01 5.618094798571934279e-01 5.927543485305530879e-01 5.761306630136703300e-01 5.625688675627360524e-01 5.502588773997165728e-01 5.645638676173533321e-01 5.506735287209559848e-01 5.660780501482873817e-01 5.974492570130239821e-01 5.878565893461178415e-01 6.090380603145812977e-01 5.723143421057125257e-01 5.413320405093484666e-01 5.459946415151010202e-01 5.562956431473853325e-01 5.804212422285187634e-01 5.533372298829054570e-01 5.714793210767669107e-01 5.603991855971361957e-01 5.860009160820426333e-01 5.594817291335656417e-01 5.694415419825483715e-01 5.740839875679103477e-01 5.831022279589987978e-01 5.691334740766255118e-01 5.549895778240198085e-01 5.599205604802793834e-01 5.497980070773655914e-01 6.383998907866028638e-01 5.988386291479604884e-01 5.704861003622733184e-01 5.660778351220063787e-01 5.626953583370215561e-01 5.615324443323435055e-01 5.629555685773823814e-01 5.477600634383921197e-01 5.308207387093721863e-01 5.449964075287345722e-01 5.300096387859840608e-01 5.412199992655662983e-01 5.410105939632291472e-01 5.659146568561782553e-01 5.397165795791430964e-01 5.694276064005727722e-01 5.640582640791003133e-01 5.503815743941004035e-01 5.608526562407393223e-01 5.569203332160880260e-01 5.519807399150497007e-01 5.543687722456044353e-01 5.586873405759119615e-01 5.608518659839673015e-01 5.530987527014498140e-01 5.531989696236886411e-01 5.464366058935381520e-01 5.875424455870126295e-01 5.893264099085122609e-01 5.786634180101671854e-01 5.794426264153911266e-01 5.737529474636606786e-01 5.733568566085578411e-01 5.660859054464013607e-01 5.662768773295997482e-01 5.792848631029129391e-01 5.731050843134246620e-01 5.561722862883778928e-01 5.400159125022535589e-01 5.421268617221159936e-01 5.606501715763114735e-01 5.533950133240901348e-01 5.545112982313000760e-01 5.544092751019816800e-01 5.620499370700621222e-01 5.606263545275191884e-01 5.610634277468233844e-01
7.284829845518460412e-02 7.084189478151582675e-02 2.013259730877372811e-01 3.521652691773906607e-01 1.000000000000000000e+00 3.117697237143010058e-01 4.639705574535070709e-01 4.726240858847058912e-01 4.621248017571533140e-01 4.163924726729333337e-01 4.674966937411048629e-01 4.889556166838981976e-01 4.768862929760162017e-01 4.310064411134685858e-01 4.964747467630266087e-01 5.006474346737023184e-01 4.579582698039745825e-01 3.846145210353146826e-01 4.262269751227906189e-01 4.159054081274472514e-01 4.218252368516494655e-01 4.339546258863786199e-01 4.055113902020908156e-01 3.989858809218760904e-01 4.275665746694027325e-01 4.702935892448943389e-01 4.648598727263289487e-01 4.728688564367589109e-01 4.208998431695865072e-01 4.485927160726216889e-01 4.701684997505881092e-01 4.926619058132593598e-01 4.629237531661723470e-01 4.779942653501994543e-01 4.627843131403202026e-01 4.940868210619289158e-01 4.740722801358154270e-01 4.884559632125634043e-01 4.959233911849592058e-01 4.802707782188808117e-01 4.984094736192005159e-01 5.024708133044774039e-01 4.947763321834266481e-01 5.066671824809763081e-01 4.900876645930259401e-01 4.942719101917023572e-01 5.027557524619047369e-01 4.961276927909734069e-01 5.031433139540214539e-01 4.995087306846354713e-01 5.001651646679659002e-01 5.076639052158847809e-01 5.001475818335047174e-01 4.936536851348698463e-01 4.925781097274040676e-01 4.863589620656275647e-01 5.012160024762745136e-01 4.997668308930747760e-01 5.016689045352913379e-01 5.025197767013812600e-01 5.113094848605562737e-01 5.001877355117025914e-01 4.984239340799729856e-01 5.043035521694018142e-01 5.048999136674821031e-01 5.013220879047758372e-01 4.973524485089271807e-01 4.934467201602056874e-01 4.925345277197309968e-01 5.082490776070370808e-01 5.027831320323148390e-01 4.986152226505357610e-01 4.946610249792650071e-01 4.988376327103964392e-01 4.974409248625588642e-01 4.954171686796489116e-01 4.957841925471913602e-01 4.792684811513895915e-01 4.856618489047090370e-01 4.818482805589553997e-01 4.906829392762026010e-01 4.899700345093840892e-01 4.949486584536103018e-01 4.920390740272926333e-01 5.015512088232616517e-01 5.010476054017239944e-01 4.950683143810278852e-01 4.994103710205969326e-01 4.987460557257640814e-01 4.916396527477778222e-01 4.938554383701992401e-01 5.002857281173460624e-01 4.951695603475622653e-01 4.974230971442283322e-01 4.995335036111952509e-01 4.972591135184875055e-01 5.004150143155664532e-01 5.047884271091834796e-01 5.078899261320939384e-01 5.035269717534197609e-01 5.039317440864258257e-01 5.015423393327824719e-01 4.976274621215995286e-01 5.031397369303582945e-01 5.056027119401776959e-01 4.967491805944247441e-01 5.000972162943874144e-01 4.936690702306296141e-01 4.927154904365043664e-01 5.028407807612234048e-01 4.969400876551812174e-01 5.006479563803909461e-01 4.961577010081363870e-01 4.999082694303242924e-01 5.003218721612089359e-01 4.990981324793424267e-01
4.479129273287601326e-02 1.413416182543180410e-01 2.523977762547678916e-01 3.572805099397151629e-01 3.117697237143010058e-01 1.000000000000000000e+00 4.959889943315832772e-01 4.558415139815557016e-01 5.282155399147662189e-01 4.588118261387120755e-01 5.399640493859387824e-01 5.419354398438027687e-01 4.954735115985960392e-01 4.835790577495788778e-01 5.514365523242379385e-01 5.438053401540773324e-01 4.960672943021145476e-01 4.304460645550174935e-01 4.871379082808134919e-01 4.236980539003663004e-01 4.496622598735728338e-01 4.996843943538675781e-01 4.793213606543739180e-01 4.621286235841336465e-01 4.915960830491408196e-01 5.419746711915318649e-01 5.336202111206068688e-01 5.458010842726257472e-01 5.029656868964776928e-01 5.325135060837333789e-01 5.473850015680645775e-01 5.666497181801201100e-01 5.487136837841878334e-01 5.583084863126012154e-01 5.356522916280459512e-01 5.663221550886993194e-01 5.479539724525884781e-01 5.570677053900754405e-01 5.648187651408433929e-01 5.665228726029182260e-01 5.675514669649308619e-01 5.707967911211523360e-01 5.766024873333976952e-01 5.705842283058552011e-01 5.722307318203327942e-01 5.581150915541944757e-01 5.666907563414683713e-01 5.653074334715445515e-01 5.633448223224817308e-01 5.576249077332201542e-01 5.677264741354014488e-01 5.652697283316819865e-01 5.598705043285470140e-01 5.599162519216609457e-01 5.536885029611193776e-01 5.699679746641476141e-01 5.569011623207666961e-01 5.609260903971273748e-01 5.599314027432477081e-01 5.632626185025709775e-01 5.643275415783113313e-01 5.570952246262418361e-01 5.529468217750691528e-01 5.651531502388812411e-01 5.618016414652557966e-01 5.608026635535955373e-01 5.649280242523363471e-01 5.657944402235851600e-01 5.680990043480590446e-01 5.666731591249137834e-01 5.707620944303808397e-01 5.719159319868355462e-01 5.700926451692031049e-01 5.702149645309608772e-01 5.699132424718814649e-01 5.712391457618164470e-01 5.692573290936998598e-01 5.593956603342428169e-01 5.656289686226054769e-01 5.655728303615334962e-01 5.681647199000459114e-01 5.671707538309227470e-01 5.706685779778825074e-01 5.641194964303201109e-01 5.739999938539230850e-01 5.741186351374963914e-01 5.716501071356669961e-01 5.705288118287895616e-01 5.681225621222367739e-01 5.687554089695268100e-01 5.756431568025304202e-01 5.712801553132109689e-01 5.714080583982620309e-01 5.714073495317113505e-01 5.655113665410457235e-01 5.662825693885427114e-01 5.666772739439394080e-01 5.577471961046697180e-01 5.671568954274877061e-01 5.695723373575419801e-01 5.716364590222147157e-01 5.648139302478073498e-01 5.637556833081784902e-01 5.707105433128271121e-01 5.717303277256522431e-01 5.610446202946240968e-01 5.658973143494662184e-01 5.628393602697131515e-01 5.628735519296321765e-01 5.684126514246833350e-01 5.652563115361574075e-01 5.642642775328595706e-01 5.632660713467725344e-01 5.633282244260618965e-01 5.658353744966583276e-01 5.620569921230280652e-01
5.849457104057737694e-02 1.442284421248062054e-01 3.560554613207418395e-01 5.741729502705806842e-01 4.639705574535070709e-01 4.959889943315832772e-01 1.000000000000000000e+00 7.259290982954162974e-01 7.381984508449725979e-01 6.421823538305847512e-01 7.652266564148089145e-01 7.985883747285323908e-01 7.268454055678548187e-01 6.846262812321912694e-01 8.343132037455707195e-01 8.071459232457978139e-01 7.301267576211076804e-01 6.040041752904662387e-01 6.746295928519654428e-01 6.641027363541168738e-01 6.523987119765849441e-01 6.987597907152611754e-01 6.634415171720157156e-01 6.329229620192159400e-01 6.698744752773707622e-01 7.659593431956246423e-01 7.586077928987375874e-01 7.851634659513092585e-01 7.195541577943307399e-01 7.481246765428954948e-01 7.748084979993798971e-01 7.978908945630996952e-01 7.698994649760699804e-01 7.789906471136562871e-01 7.509943554464180160e-01 8.015979201083052175e-01 7.627421479995616371e-01 8.026284377353024579e-01 8.088581454300929341e-01 8.025085375347664751e-01 8.141896361684481942e-01 8.129220679806901106e-01 8.166684803417934013e-01 8.178030262971023312e-01 8.062466390193109289e-01 8.050843549011732492e-01 8.164528993018635994e-01 8.091522714353215351e-01 8.144578438377086949e-01 8.044499485280275364e-01 8.146658958283931051e-01 8.177575868239722601e-01 8.094726332991337703e-01 8.069046237689257994e-01 7.986412605696289191e-01 8.010383910597144164e-01 8.135542633153602932e-01 8.090648041401697910e-01 8.100482635524205444e-01 8.178176963742311845e-01 8.213262264468943474e-01 8.113720741369727651e-01 8.071840112072480311e-01 8.203801791383386055e-01 8.183251072577872876e-01 8.145483347733637469e-01 8.151150972339601397e-01 8.121625948907321701e-01 8.116151201341611499e-01 8.264938029796253804e-01 8.150469435074341185e-01 8.157293192967755013e-01 8.042656108324487407e-01 8.057255749126113198e-01 8.156562272511181932e-01 8.131843073160314184e-01 8.111415911094698172e-01 7.957393596749942066e-01 8.111324564144528626e-01 7.989029008442813939e-01 8.065895450307933867e-01 8.107205748344902263e-01 8.152657208002292988e-01 8.052428346320403829e-01 8.181890482069490433e-01 8.160065006917017749e-01 8.099968703614581766e-01 8.183371645069300593e-01 8.170674287924540868e-01 8.104462216556973519e-01 8.147358257915522373e-01 8.190413542704629846e-01 8.168240817046820146e-01 8.172885162803252834e-01 8.138133009932728701e-01 8.119994396460994412e-01 8.240701081632472169e-01 8.202872158788316881e-01 8.287165545499798336e-01 8.238249337331173816e-01 8.261310186615459239e-01 8.198531019601068559e-01 8.187700490915131857e-01 8.218944246314424662e-01 8.230853012158975135e-01 8.175935793268325202e-01 8.169539148471810508e-01 8.093739422425312302e-01 8.103602843969983649e-01 8.186127716408017063e-01 8.122893083394856495e-01 8.164086030787898185e-01 8.154726365160246404e-01 8.180480157635744431e-01 8.164482469902119011e-01 8.149766717094147905e-01
5.886831626554640123e-02 1.236056375261734008e-01 3.291522250351487378e-01 5.479677504970830171e-01 4.726240858847058912e-01 4.558415139815557016e-01 7.259290982954162974e-01 1.000000000000000000e+00 7.046578442716912027e-01 6.179836918082262098e-01 7.304420220368347261e-01 7.753388458648209358e-01 6.929773481525779433e-01 6.538336798668736849e-01 7.803873805277203868e-01 7.944544539492262025e-01 6.977697181291320216e-01 5.719586771540166037e-01 6.274133460714580446e-01 6.400908592888872040e-01 6.387867591406650725e-01 6.721612882110918896e-01 6.149267090324946894e-01 5.838219019767628692e-01 6.214952071686956625e-01 7.259273337935120418e-01 7.202685024223558496e-01 7.383826312215135967e-01 6.808230416047520439e-01 7.069637974797486901e-01 7.287084309345266409e-01 7.602291748594939280e-01 7.390740362408041442e-01 7.345596631213288097e-01 7.223012036496396782e-01 7.671275840847624483e-01 7.209670517345782015e-01 7.771477867218337110e-01 7.773629978718369360e-01 7.618598847106283767e-01 7.773084762654683955e-01 7.751998143018746790e-01 7.819954061983106497e-01 7.867747300404083211e-01 7.681709167084503909e-01 7.718254544091238678e-01 7.883561686624757092e-01 7.792863283341885383e-01 7.866052724729204471e-01 7.898335046248853297e-01 7.962260368483642381e-01 7.850753356023213447e-01 7.824085070792020646e-01 7.739105615766386226e-01 7.691949533042098386e-01 7.653388666940703633e-01 7.918480984093926311e-01 7.812035896671698509e-01 7.923373612271833455e-01 7.833766206694859902e-01 8.000067337579079840e-01 7.859237100042022472e-01 7.942946024504402569e-01 7.940581032954133756e-01 7.785980475378885268e-01 7.844695484377316452e-01 7.763997750396608444e-01 7.738438706826272773e-01 7.705888530889571930e-01 7.937902156455440839e-01 7.811962006537452874e-01 7.783978377759919187e-01 7.607829327444424194e-01 7.630431731624082170e-01 7.786156415307475820e-01 7.760823269901885313e-01 7.719379378097053213e-01 7.568546448666256810e-01 7.667936374506411079e-01 7.584910266511841748e-01 7.643897211858825536e-01 7.708167479866517846e-01 7.765874824571086243e-01 7.636503032663948254e-01 7.840514483103688814e-01 7.771132612306386189e-01 7.684874034498520023e-01 7.830197541889514223e-01 7.817087206983824865e-01 7.706386999468153309e-01 7.711287848833532355e-01 7.816682492888038514e-01 7.777244207968707634e-01 7.785701214511648871e-01 7.818199358215852657e-01 7.775514752332974844e-01 7.938378632954410374e-01 7.974515373996476919e-01 7.964820073566496461e-01 7.931176205463319473e-01 7.910255541539356061e-01 7.920262120344938594e-01 7.839053999537082262e-01 7.876850438709690483e-01 7.890282496856533268e-01 7.882876529626597906e-01 7.857203786490478681e-01 7.723016026788992461e-01 7.737235389100577398e-01 7.841322812377146123e-01 7.803217542316028821e-01 7.814838195416913269e-01 7.837413486238362648e-01 7.877120297171144037e-01 7.793644320066311915e-01 7.818861065689172163e-01
1.298930405243057806e-01 1.942634339852075953e-01 3.641625371187265370e-01 5.411483609006201290e-01 4.621248017571533140e-01 5.282155399147662189e-01 7.381984508449725979e-01 7.046578442716912027e-01 1.000000000000000000e+00 7.323127267052249589e-01 8.246203474784520315e-01 8.311269426956167106e-01 7.734513930918759383e-01 7.361445945184242889e-01 8.435056693585807341e-01 8.390080012334473203e-01 8.124704468194654527e-01 6.886584688145074296e-01 7.603279292581577309e-01 6.278709854516767441e-01 7.211818184442237989e-01 7.852852505949455830e-01 7.573230405858495384e-01 7.045920745439516741e-01 7.619314371605244718e-01 8.589024650544120343e-01 8.486990195230279532e-01 8.509619234677373578e-01 8.004261543710379234e-01 8.430083039624858277e-01 8.643703339084898296e-01 8.751910702863595626e-01 8.368863885572001005e-01 8.444111686498294578e-01 8.387812051776080136e-01 8.650918896333589236e-01 8.540575076040971547e-01 8.591529337734450378e-01 8.670977508890057583e-01 8.449842881508468073e-01 8.787635679422718393e-01 8.718648376464576133e-01 8.566083320362924969e-01 8.751387181123160275e-01 8.703508268871060771e-01 8.644293941743919074e-01 8.687556680928906205e-01 8.773546455267510202e-01 8.693437011712247253e-01 8.414633737995340645e-01 8.636244051988515302e-01 8.578942068896178164e-01 8.540637499473590077e-01 8.805339129920733976e-01 8.777108562326751962e-01 8.807757757218107608e-01 8.738518660440731667e-01 8.727808906213112561e-01 8.674191102977052426e-01 8.768913630330743558e-01 8.675597317541369202e-01 8.741726067825602575e-01 8.670694357576620437e-01 8.701977101623710187e-01 8.856738901080996040e-01 8.792277859652761762e-01 8.772091718862240484e-01 8.779142902321898090e-01 8.808317608623360551e-01 8.667762724375009942e-01 8.785214193144286199e-01 8.837261562330792630e-01 8.685883811037742319e-01 8.770207140675333468e-01 8.804563670683871468e-01 8.836054974830771513e-01 8.749649790845118735e-01 8.638591930679746511e-01 8.717428186038582716e-01 8.727678057435088732e-01 8.787479321790082620e-01 8.776502142929789585e-01 8.843002910318885634e-01 8.775569893416420575e-01 8.693602853122321950e-01 8.798097863053367940e-01 8.810615409560589306e-01 8.734224636325487179e-01 8.767285116868478445e-01 8.759218585811533453e-01 8.686621932825967507e-01 8.774107164031231809e-01 8.767051918024437729e-01 8.763286220038906116e-01 8.708888765506405116e-01 8.733990649734453271e-01 8.567770303631823126e-01 8.604692601074905856e-01 8.700898699141828008e-01 8.743180190306224508e-01 8.702959370481806456e-01 8.654125590110284261e-01 8.655304050321589449e-01 8.753562988828013092e-01 8.769587011064411408e-01 8.742918058328427167e-01 8.734111331993567040e-01 8.766274426557445487e-01 8.779843936332519805e-01 8.770900208824484734e-01 8.773152499060569154e-01 8.734141638151571296e-01 8.726074874367838463e-01 8.717825619161662098e-01 8.804159673400400177e-01 8.767901801761773806e-01
5.061880916635475708e-02 1.426925700878506620e-01 2.848077590791129321e-01 4.063602000487432364e-01 4.163924726729333337e-01 4.588118261387120755e-01 6.421823538305847512e-01 6.179836918082262098e-01 7.323127267052249589e-01 1.000000000000000000e+00 7.300890410455705970e-01 7.229394993639064460e-01 6.913448559910546631e-01 6.824189649780892930e-01 7.729658937388618201e-01 7.547347273995890227e-01 7.025234937676265723e-01 5.476765020598286515e-01 6.365551790750536565e-01 4.840032423803424799e-01 5.609720777492058774e-01 6.263846886068841213e-01 6.363600553801621595e-01 5.794830952221510234e-01 6.422347803846333303e-01 7.562737240266990124e-01 7.214359898545991134e-01 7.623816245375392153e-01 7.156912595484108408e-01 7.475556540291329322e-01 7.700049002890647643e-01 7.661869097393757544e-01 7.408434960905349032e-01 7.278526228362252048e-01 7.354425924994107966e-01 7.670228978274787890e-01 7.583311637916048120e-01 7.757552120178626831e-01 7.893109211961774063e-01 7.655187479072328438e-01 7.926767241479024673e-01 8.002927505554889853e-01 7.713514580473462834e-01 7.990012880758263769e-01 7.961459494493112743e-01 7.952283497490677533e-01 8.009608840551520892e-01 8.098365485848704193e-01 7.997389962211052250e-01 7.543686873121430159e-01 7.776439998797985975e-01 7.646117778164132073e-01 7.815760677003079637e-01 8.045750373907512021e-01 7.922379315293209823e-01 7.983475236140954445e-01 7.820120560355663386e-01 8.003461469532934247e-01 7.900819016439414311e-01 8.036125432455187845e-01 7.889239537442398476e-01 7.967310418695869867e-01 7.866130628612927334e-01 7.980505299461650992e-01 7.953571862244698254e-01 7.952421879481733624e-01 8.100136246251072869e-01 8.002265470310290230e-01 8.052775675605190475e-01 7.598710432927381353e-01 7.857719717767180923e-01 8.034938369486972487e-01 7.863556212921680721e-01 7.983942618662072110e-01 8.082566980387463351e-01 8.041437023162093523e-01 8.080039748120030341e-01 7.966140824404686072e-01 8.015393547449289890e-01 8.038659696851192527e-01 8.014729889501622795e-01 8.091701146199735684e-01 8.046426462346519815e-01 8.019836981958150535e-01 7.993421128043199930e-01 8.012203135063271642e-01 8.091606992504406515e-01 8.101169183423608811e-01 8.084517237717625537e-01 8.080216888414715193e-01 8.064378619735358411e-01 8.122253373754422245e-01 8.094394381371220470e-01 8.110404160775533944e-01 8.112098943125948258e-01 8.118899294597308192e-01 7.902888619594405917e-01 7.845733517688655567e-01 8.038407455262854828e-01 8.025294781630574192e-01 8.052627205562286061e-01 7.993555648556229798e-01 7.982791694335797938e-01 8.079563072422584202e-01 8.037363013976581705e-01 7.947603464492852821e-01 8.085471948550357890e-01 8.135482237208890854e-01 8.116709902988520353e-01 8.104808170955580815e-01 8.104944948319583453e-01 8.101741656188986562e-01 8.067540350018910233e-01 8.059187688008707662e-01 8.075795206737610421e-01 8.045950830781488650e-01
8.319387351968395017e-02 1.881438949143399431e-01 3.982667124353304611e-01 5.835860696525043689e-01 4.674966937411048629e-01 5.399640493859387824e-01 7.652266564148089145e-01 7.304420220368347261e-01 8.246203474784520315e-01 7.300890410455705970e-01 1.000000000000000000e+00 8.664818167903163282e-01 7.750191336174194756e-01 7.431495802673903084e-01 8.628870289958566753e-01 8.548023044531852799e-01 8.056787296419365418e-01 7.019881626658420748e-01 7.791935975436221629e-01 6.814008841317122922e-01 7.515902683291865172e-01 8.066780276165468333e-01 7.630265152204546153e-01 7.164762490093342651e-01 7.758249646930951426e-01 8.691859019973626754e-01 8.675851361674719042e-01 8.672023062100269186e-01 8.156476049191485611e-01 8.511592573848950627e-01 8.733687558394364059e-01 8.785738121156607683e-01 8.553219368747685403e-01 8.557819872259914140e-01 8.499730069298837565e-01 8.783062833678472181e-01 8.593493826521263479e-01 8.752547364076855851e-01 8.832813420601760557e-01 8.715260932869198784e-01 8.921549894300641048e-01 8.864341709577091555e-01 8.828150737401555537e-01 8.901235838015932877e-01 8.852915747745596642e-01 8.794036675431011751e-01 8.812743952986291651e-01 8.830867839068154979e-01 8.811329225788729902e-01 8.645253648312686279e-01 8.827608487646813051e-01 8.771689128694488691e-01 8.735186763851480185e-01 8.855372610008006573e-01 8.850793680795292495e-01 8.926406075173839438e-01 8.848541469468627074e-01 8.834557731025712846e-01 8.849044487226209732e-01 8.842558272994702762e-01 8.854634227969234717e-01 8.851483228859443608e-01 8.821109441966090703e-01 8.874969508563174125e-01 8.892640257726928121e-01 8.867180770709580662e-01 8.858812552456036826e-01 8.913908461912078973e-01 8.899360251908922104e-01 8.950554935813916924e-01 8.995699874101414917e-01 8.973780534799163933e-01 8.816213088032484047e-01 8.891939201105737434e-01 8.932202245929034001e-01 8.946975384422222177e-01 8.851067200679911817e-01 8.792318144002360114e-01 8.849997552777355558e-01 8.814041530963212523e-01 8.880253235304600423e-01 8.900875415557903958e-01 8.922195628391889066e-01 8.861982727612709443e-01 8.858584459495695285e-01 8.922403046320638298e-01 8.905019042994920531e-01 8.866940179559688051e-01 8.882673815944501783e-01 8.869693905709051807e-01 8.842753597626237250e-01 8.887220309617877012e-01 8.889055543452548669e-01 8.889257828215387791e-01 8.828795764434574922e-01 8.837997905765866413e-01 8.784004879662303811e-01 8.779258605834919793e-01 8.882630562232938232e-01 8.886310468066312973e-01 8.875762436574262670e-01 8.813595794526876137e-01 8.821744677665761536e-01 8.881461872548840342e-01 8.894749466685742956e-01 8.866008280538153485e-01 8.835879911771346018e-01 8.843084875096491881e-01 8.865799980121306101e-01 8.885290580447162689e-01 8.870488429352337834e-01 8.828760373859324551e-01 8.841418279340240716e-01 8.833165082419784930e-01 8.884115417275694204e-01 8.853622061030202994e-01
5.811558351657309524e-02 1.546732818349377814e-01 4.150448300542879387e-01 6.377925576312021283e-01 4.889556166838981976e-01 5.419354398438027687e-01 7.985883747285323908e-01 7.753388458648209358e-01 8.311269426956167106e-01 7.229394993639064460e-01 8.664818167903163282e-01 1.000000000000000000e+00 8.107592369866946092e-01 7.681020105106696194e-01 8.998997585610951644e-01 8.907608242487460304e-01 8.174552592584389821e-01 6.938407539669820823e-01 7.733747834826842915e-01 7.413361153118037672e-01 7.648280667242152164e-01 8.164410322701494138e-01 7.612711856806091415e-01 7.214632801610061374e-01 7.730373175261571195e-01 8.698212928446037440e-01 8.678231688904293195e-01 8.765610682019019384e-01 8.165190563520288158e-01 8.479321184775853171e-01 8.773747794284553203e-01 8.962404606256633155e-01 8.681073164401031939e-01 8.748658323455997810e-01 8.572240958995915872e-01 9.038239633885041258e-01 8.618264683420079342e-01 9.026490980243091489e-01 9.038867089151756407e-01 8.963925779375242486e-01 9.159025933094898653e-01 9.077569326430677821e-01 9.139727102974158912e-01 9.203616049136803534e-01 9.064375864341127631e-01 9.063078241214304054e-01 9.163646221325997265e-01 9.142797347934090713e-01 9.196060749225538622e-01 9.090817175222409841e-01 9.204162877822965605e-01 9.143078303362391912e-01 9.121365658229423357e-01 9.096181919386751025e-01 9.061809066147985536e-01 9.072595317214395827e-01 9.179360773125647688e-01 9.106420875589670283e-01 9.208298188909569415e-01 9.185299050423684220e-01 9.260292952055170224e-01 9.175805775859269264e-01 9.159293601674909358e-01 9.188859662065895773e-01 9.167046936697265114e-01 9.160384845611163618e-01 9.127394991943263980e-01 9.145662381502941418e-01 9.113625914382250670e-01 9.362594055283438577e-01 9.299137710486158337e-01 9.207475818856001304e-01 9.046021683375485845e-01 9.103836788303860672e-01 9.185011851540272332e-01 9.199858456355314296e-01 9.092925914566925005e-01 9.001055584126884668e-01 9.092002988813614461e-01 9.033984912995012273e-01 9.087886570387132545e-01 9.134195040163739510e-01 9.161381339426837300e-01 9.062117787891753595e-01 9.172327352197161554e-01 9.179175785521301867e-01 9.125760843944034084e-01 9.170321004996301317e-01 9.178670706637592769e-01 9.099989445457571380e-01 9.123790669738351955e-01 9.188910208816638558e-01 9.178135832377957160e-01 9.164240983220717229e-01 9.157570051833182623e-01 9.135566305594645664e-01 9.200585202786361050e-01 9.188426481140256064e-01 9.240656519037430128e-01 9.236905366386184424e-01 9.216683106928563740e-01 9.184797645777849073e-01 9.190726753677080918e-01 9.218961884836364140e-01 9.228028435291427689e-01 9.181064600829461630e-01 9.167058787111320717e-01 9.098352292165347022e-01 9.109357999064993106e-01 9.195596248477744261e-01 9.146170265114506037e-01 9.162448700648565536e-01 9.159569170305652541e-01 9.172144276672689056e-01 9.157554533758830440e-01 9.167886454487951253e-01
7.248489856766966721e-02 1.430026361974237603e-01 3.362858900812795704e-01 5.298248744214677508e-01 4.768862929760162017e-01 4.954735115985960392e-01 7.268454055678548187e-01 6.929773481525779433e-01 7.734513930918759383e-01 6.913448559910546631e-01 7.750191336174194756e-01 8.107592369866946092e-01 1.000000000000000000e+00 7.281588322277181557e-01 8.314705179588945949e-01 8.317099480992480309e-01 7.494658046015909569e-01 5.856323252912484234e-01 6.691740706116779958e-01 6.096192965952864640e-01 6.430939079320052709e-01 6.971402357731281141e-01 6.717936530892212321e-01 6.123512637337150677e-01 6.712901489228707552e-01 7.876556785521535708e-01 7.791675777757969268e-01 7.957944278184243547e-01 7.477200232471636898e-01 7.750250256285192707e-01 8.063157678017623953e-01 8.165249103012385268e-01 7.909940005467301916e-01 7.890031886010619999e-01 7.855786311852209769e-01 8.244958951512757483e-01 7.962243749114863434e-01 8.322611521828708891e-01 8.373986359347238562e-01 8.142091511188275232e-01 8.438055024151817074e-01 8.404611826681210873e-01 8.328598585655125897e-01 8.531044020173650377e-01 8.355703208822854444e-01 8.468631755663115213e-01 8.533492615929075820e-01 8.541865119865735823e-01 8.555567563102892681e-01 8.358779749791267477e-01 8.460920810479576337e-01 8.423463302534459629e-01 8.392723050164917487e-01 8.494279996569550351e-01 8.430956791707456821e-01 8.378670556007121739e-01 8.486399242699637080e-01 8.485273997639990462e-01 8.489851804493621090e-01 8.554433623710751000e-01 8.547516682870605065e-01 8.552667726697641415e-01 8.500072216783571832e-01 8.525064160093934751e-01 8.490620290019809113e-01 8.538523782740126133e-01 8.508357875034922024e-01 8.423924410943954832e-01 8.461141713678015375e-01 8.387710416083070664e-01 8.426647401394254944e-01 8.495317203566588038e-01 8.235338877213703723e-01 8.330973838737329995e-01 8.494879750425476939e-01 8.493743076023748673e-01 8.442944808742278706e-01 8.352168856683382936e-01 8.415654634025560021e-01 8.402452951674375115e-01 8.422522256517046557e-01 8.485715935163657964e-01 8.499231348297432431e-01 8.441835737330920519e-01 8.505358237852670422e-01 8.497036138518047066e-01 8.485238978765448081e-01 8.537827266032534945e-01 8.541535059535529939e-01 8.474507525123886609e-01 8.453875694701566967e-01 8.540201129940472313e-01 8.524563415357468976e-01 8.511701786388715663e-01 8.551914249088723441e-01 8.542718213164537389e-01 8.489371308052466869e-01 8.515224446591899143e-01 8.569116550585316183e-01 8.546789330018189634e-01 8.556480474746182008e-01 8.542415460924892567e-01 8.537636567017677924e-01 8.573576720681500563e-01 8.564632073758218223e-01 8.536914451569223017e-01 8.566963871198098879e-01 8.512211602594660365e-01 8.510718276740404376e-01 8.562358510088341479e-01 8.528966123708646707e-01 8.561231953152785845e-01 8.561616322032414850e-01 8.560404272743994403e-01 8.539021393966800266e-01 8.565809331673718274e-01
