1.000000000000000000e+00 1.143576419954099588e-01 1.673180851334119812e-01 4.044554317485809375e-02 3.012522551845208535e-02 2.326440597774159444e-02 1.712975079159892097e-02 7.351356482058366004e-02 1.874041054075449020e-01 1.005368508838681701e-01 7.425405571327937937e-02 5.924623215530807480e-02 7.564678869486836377e-02 4.230756220031519493e-02 -1.103254567824782373e-02 7.659671623275196573e-02 9.948283727222521911e-02 2.306719453414883825e-01 2.316562819788360039e-01 5.112997173755881586e-02 2.443962469542260707e-01 2.200595022901408737e-01 1.372859009050105550e-01 2.141097416846608481e-01 2.427495004538886558e-01 1.608208000763688417e-01 1.930618556336535785e-01 1.598222786592829181e-01 2.328060480139905464e-01 1.614427874548372832e-01 1.652544041259693952e-01 1.168673563823450640e-01 1.161537792858717416e-01 1.242092645989013033e-01 1.292551146401913487e-01 1.252117016965078322e-01 1.223466918576791018e-01 6.208944928717628764e-02 8.351130877892846971e-02 6.340076468864196124e-02 7.682254628509303795e-02 4.160638983116887735e-02 5.371435096254528752e-02 6.994666913621676307e-02 9.217024560413787648e-02 6.670462277234133486e-02 2.318778808408629086e-02 3.716856246433351829e-02 7.889887549214120999e-02 7.357699475900487951e-02 4.716662161952481225e-02 4.306277730302814771e-02 6.088731438899821352e-02 5.944100935642993716e-02 7.753013077065235015e-02 6.187449532499665616e-02 8.244453008645369341e-02 3.813464751917934603e-02 4.357165656008676891e-02 3.891213064291156043e-02 2.041055113067980972e-02 5.410324839760086851e-02 4.228013717336202154e-02 6.021854142317655673e-02 7.644009778197569105e-02 6.696894378329180941e-02 2.830991528369360827e-02 7.256265180634849377e-02 6.941992569529931156e-02 5.008737664422067276e-02 9.462269380787248496e-02 8.631380964024637503e-02 9.195857254682138215e-02 1.105253682314493863e-01 6.117005392984675716e-02 8.317248616915007275e-02 8.655600169620630835e-02 1.116087083549665154e-01 5.987624050359909716e-02 6.551490154585427883e-02 7.129163298083360245e-02 7.078166276728933837e-02 5.705486415512199538e-02 5.830714600073964166e-02 4.294150220330152784e-02 5.681188519619234656e-02 5.621088509452832477e-02 2.529448301469126859e-02 2.921406180534131050e-02 5.007841917805783832e-02 3.531032637139464719e-02 3.304487711861273797e-02 4.446063600335970617e-02 2.107145566246427376e-02 7.713717558493552763e-03 1.879894836787750906e-02 2.188626518330815535e-02 4.675676616113835088e-02 -3.156002393323796042e-03 1.064220759469836249e-02 4.602129186951497627e-03 1.758147845504123494e-02 2.569357369415205955e-02 1.116242290400719372e-02 2.919142937478364994e-02 4.626545967685603833e-02 3.552754176432734029e-02 2.319416999175724289e-02 2.744764050947099202e-02 1.988136659000193721e-02 2.172828954446342359e-02 1.411061577597503940e-02 1.644016149784914907e-02 2.655685725554596949e-02 3.997027096869372464e-02 3.689577749222671538e-02
1.143576419954099588e-01 1.000000000000000000e+00 6.012613234037643417e-02 -3.288988154959764793e-02 3.734027280390676135e-02 8.690769174117141116e-02 7.118179315087462544e-02 5.438709693496144443e-02 1.869377595802228786e-01 2.196053175428738236e-01 1.750510612150607270e-01 9.786258146799302338e-02 1.356633599710194149e-01 1.567471619160444585e-01 1.173426335386428127e-01 1.444285307488276937e-01 1.503604620040201179e-01 1.261751675556646024e-01 1.560581322890285672e-01 -3.389622112915861157e-02 1.048004899525689232e-01 1.542568885026746328e-01 1.537094810198164352e-01 1.621066031472985780e-01 1.924360823093956840e-01 1.802288002022587876e-01 2.280387159982605882e-01 2.289207162237190951e-01 2.782041317816921766e-01 2.391325898445295639e-01 2.406186604707683807e-01 1.741682504022414035e-01 2.270104789963062197e-01 1.915263642852661763e-01 2.191899495956121935e-01 1.848379685624157165e-01 2.333656898011394754e-01 2.027001073027737132e-01 2.035568126390787380e-01 1.719835613804363006e-01 1.765251941380795164e-01 1.783824799420695162e-01 1.762990616241031927e-01 1.778389119313110167e-01 1.872154441484814302e-01 2.122233651396919496e-01 1.713949892985319190e-01 1.806067763630914702e-01 1.658543775014505728e-01 1.611764391575916666e-01 1.695294640688533028e-01 1.101751479920205223e-01 1.546267608181900732e-01 1.868794873465399742e-01 1.846163413916609153e-01 1.758827236574488639e-01 1.610057199449812793e-01 1.806076541219867049e-01 1.774681955298041403e-01 1.751613745078490214e-01 1.616653137365826332e-01 1.799968626661762605e-01 1.510802113420717518e-01 1.737802159727809825e-01 1.668286717782204998e-01 1.675335860959051015e-01 1.748561579849470526e-01 1.792099072155896311e-01 1.706664416709038345e-01 1.185160981353376997e-01 1.743340788505228500e-01 1.934822240192760889e-01 1.718680604499479292e-01 1.908015255880381456e-01 1.833832061230195321e-01 1.967098372054482125e-01 2.016096456968816120e-01 2.145815053488247803e-01 1.963422955809402959e-01 1.992518158330768840e-01 2.040845635408514436e-01 2.050344534228224769e-01 1.817856939404076111e-01 2.030494434066465737e-01 1.742328898650053193e-01 1.842107774439536994e-01 1.947583796066417461e-01 1.796018863737690319e-01 1.846357560100095330e-01 1.870060541594192605e-01 1.748380207317923873e-01 1.733419577060953676e-01 1.787943861762235076e-01 1.823639235252710322e-01 1.707381420143278539e-01 1.755933173545048964e-01 1.543891166252796543e-01 1.571357346628123319e-01 1.619427057841985318e-01 1.575118494312989226e-01 1.640295262935221876e-01 1.524860041432047619e-01 1.629539706311512737e-01 1.600379791424649534e-01 1.591010696150000070e-01 1.686652090546487959e-01 1.673189537588461728e-01 1.777361325304867845e-01 1.808327144922705354e-01 1.671417486334470237e-01 1.744378796781222429e-01 1.695351462016956023e-01 1.702496338548415422e-01 1.674338732534722818e-01 1.740950023889883957e-01 1.644286850882698270e-01
1.673180851334119812e-01 6.012613234037643417e-02 1.000000000000000000e+00 3.666603621768314003e-01 2.289707842147911121e-01 2.673275793319377369e-01 3.464852837138041597e-01 3.671855886539320823e-01 4.131998295093994300e-01 3.246332992340376089e-01 4.156738373168057388e-01 4.380087210759767702e-01 4.000790487375026627e-01 3.557286117822635596e-01 3.681204591503599022e-01 4.104430147241907578e-01 3.808258534687276042e-01 4.602696569301687468e-01 4.797936927475035529e-01 3.418924854042798556e-01 4.599221844054586783e-01 4.864418038371894903e-01 4.245536797437688414e-01 4.558337371378775038e-01 4.772140618500405607e-01 4.479294056382078781e-01 4.417768948221728054e-01 4.114252691133320483e-01 3.880706014320564612e-01 4.027260278844398966e-01 4.150502939235803379e-01 4.252394076232558495e-01 3.726592929070145499e-01 4.346699262350886550e-01 3.779566545199636862e-01 4.296501602187260405e-01 3.999507860983414487e-01 3.789600821607034820e-01 4.006270535923976972e-01 4.036665004142106494e-01 4.174756065316207465e-01 3.980465567332727717e-01 4.013897388121734910e-01 4.158812666442227024e-01 4.296738962323962130e-01 3.808571174396869763e-01 3.854388753352396280e-01 3.929172214409827890e-01 4.036393354231735953e-01 4.192340596024516364e-01 3.864592131862918389e-01 4.126199007506546335e-01 4.161804193364531113e-01 3.834227615763127761e-01 3.967514710141448186e-01 4.042588153441283305e-01 3.843576932224562759e-01 3.911567786630662513e-01 3.779746596519507618e-01 3.852535541076243519e-01 3.895792435595533676e-01 3.755294093221571705e-01 3.716201330435693895e-01 3.872326031630877741e-01 3.979471031167505224e-01 3.943561979718902544e-01 3.860080763397401582e-01 4.215525318476354699e-01 4.223609974405391765e-01 4.304743931054339501e-01 4.443292334209748007e-01 4.294005598724660033e-01 4.344681011755573974e-01 4.467973398308842659e-01 4.073954776528189714e-01 4.159903839571467143e-01 4.107229538934741297e-01 4.097434611852345254e-01 3.981273423110938126e-01 3.942101045081724542e-01 3.933205501760003719e-01 3.978407471087611058e-01 4.054698657441264120e-01 3.877773451748899314e-01 4.043090149470756067e-01 4.114294530832188213e-01 4.007201125636391525e-01 3.879170850238378709e-01 3.898188074672570558e-01 3.985681589492143240e-01 4.018304007359529972e-01 3.948772103248192611e-01 4.012281807559574531e-01 3.836298353676197426e-01 3.745969590549839134e-01 3.800415908640155105e-01 3.965415151376322500e-01 3.969154693873697681e-01 3.765814094637741083e-01 3.879014864166386301e-01 3.837839799222737547e-01 3.863276060947682944e-01 3.902570566742089575e-01 3.900780226459593658e-01 4.001780413067002606e-01 3.859144041867640929e-01 3.889286324601253231e-01 3.793113385731713416e-01 3.813412134020729982e-01 3.842449680674365209e-01 3.792460914099348712e-01 3.784281286021007329e-01 3.741759938634094951e-01 3.843749111904826710e-01 3.886564549980673910e-01 3.919743012336327492e-01
4.044554317485809375e-02 -3.288988154959764793e-02 3.666603621768314003e-01 1.000000000000000000e+00 3.650553322028401992e-01 3.491384098794219626e-01 5.514872418399308085e-01 5.808450527494989357e-01 4.579434351567368555e-01 2.967336795482689582e-01 5.255280135330148150e-01 6.753678996545841029e-01 5.344123699542188133e-01 4.541386829227395672e-01 5.186399799213666784e-01 5.503721369820101517e-01 4.614735084073048887e-01 4.820570797861010170e-01 4.992923556854703682e-01 5.877096797174324871e-01 5.616663886648713966e-01 5.845613240154899914e-01 4.456816116888981938e-01 4.429122354915004389e-01 4.822633026348220331e-01 5.695071122862447321e-01 4.652269996458845980e-01 4.066910240276521149e-01 2.792521989606113197e-01 3.709295417416693663e-01 3.829343968069413573e-01 4.698012039520809147e-01 3.107804249405619612e-01 4.289237287481820760e-01 3.040499833032651034e-01 4.920686622014460720e-01 3.682245388363690752e-01 3.973950656431431416e-01 4.205070535368048978e-01 5.016146082521319993e-01 5.217410948264151749e-01 4.811933171721329283e-01 4.937138659463933821e-01 5.161403934513072445e-01 5.113740687539922725e-01 4.015756530569479787e-01 4.767541457216706857e-01 4.742495711004883208e-01 5.151609323549773967e-01 5.291446871832129473e-01 4.822962582793072772e-01 5.966296256359635564e-01 5.543555972798235310e-01 4.530827673574588377e-01 4.803096385708628957e-01 5.056554043468458604e-01 5.067597982842954041e-01 4.805020079396440935e-01 4.628911951177702155e-01 4.843422847882093984e-01 5.022703334491376292e-01 4.655668376433637623e-01 4.881364310253861749e-01 4.946116547742602787e-01 5.002925441541400398e-01 5.113192155313422971e-01 4.763629521746882700e-01 4.945349210193883405e-01 5.069860130408556653e-01 5.918841739993666584e-01 5.368664860629253077e-01 4.921064541998161346e-01 4.971311639333653720e-01 5.008133732665279725e-01 5.099526486984095053e-01 4.797474965568402361e-01 4.682090043394428469e-01 4.376982911966552092e-01 4.566666077217609310e-01 4.397284284400192478e-01 4.378944758224702638e-01 4.475905481303666944e-01 4.903230543184783907e-01 4.199507513591598240e-01 4.805520351119491607e-01 4.695447898491247329e-01 4.570170534637724158e-01 4.668932046486231058e-01 4.594454968593343347e-01 4.841060978689090133e-01 4.994647397378171316e-01 4.957451124373777884e-01 4.959057277134624186e-01 4.680173128059601506e-01 4.688602176293503176e-01 4.762334881114527185e-01 5.314718589306439700e-01 5.272319217302643413e-01 4.868006817841331046e-01 5.094433567449124789e-01 4.973575241954615866e-01 5.137181085747033471e-01 5.099686009120512065e-01 5.109598565582976759e-01 5.185593628293887480e-01 4.972958096736921907e-01 5.001752515732870163e-01 4.687810260820899355e-01 4.696466166627323302e-01 4.877618659265881562e-01 4.727232080568334882e-01 4.836575215733270316e-01 4.771821619119167579e-01 4.897844295944543402e-01 4.848880547414234354e-01 5.055347193321605426e-01
3.012522551845208535e-02 3.734027280390676135e-02 2.289707842147911121e-01 3.650553322028401992e-01 1.000000000000000000e+00 3.191374201017311285e-01 5.070677965786895003e-01 5.007052687762564291e-01 4.304091902769043854e-01 3.684447274448558463e-01 4.274448381355261395e-01 5.040720273381023020e-01 4.840806563237802229e-01 4.392592342006378381e-01 5.094335222944890162e-01 5.172815061620493760e-01 4.187353785719463151e-01 3.884328764270256751e-01 4.022736045751101330e-01 4.175744714652645517e-01 4.015482867647327536e-01 4.270549940173912762e-01 4.277791566808771262e-01 3.872468961744851557e-01 3.933026789715852178e-01 4.570540839293675273e-01 4.385082567330837455e-01 4.275489394040753455e-01 3.583287500966449435e-01 4.329243343021790813e-01 4.230187910889518510e-01 4.610852161611418976e-01 3.870444875352236913e-01 4.210517347313261216e-01 4.120154749026566643e-01 4.496708682537999269e-01 4.069109394529713541e-01 4.363582852596153416e-01 4.412321014425406585e-01 4.587588969744004763e-01 4.982107504303044387e-01 4.811855326956054890e-01 4.742802976681793070e-01 4.861458374870598065e-01 4.804701538451194853e-01 4.393283030441185177e-01 4.787900805475023280e-01 4.762347468069191847e-01 4.806844644014222623e-01 4.589557122050419991e-01 4.653636219388678219e-01 4.831314196059258714e-01 4.947647362983041419e-01 4.717956818440086630e-01 4.720261060211498050e-01 4.890918654501068552e-01 4.666657150229846507e-01 4.704320381755174307e-01 4.591809647257343308e-01 4.779368588142579033e-01 4.866926702906336777e-01 4.684995723494384534e-01 4.672946297657350478e-01 4.727846932629308219e-01 4.749110360336941117e-01 4.804292510008144057e-01 4.730364806869295502e-01 4.723766059233847625e-01 4.780392380163098198e-01 5.156340685332857499e-01 4.841397403626053197e-01 4.692317249298933457e-01 4.679334738690298923e-01 4.623697583159768199e-01 4.783834061672743165e-01 4.742029035012455540e-01 4.703242064359619556e-01 4.580012182149536537e-01 4.679774378213176766e-01 4.658906568710809992e-01 4.623221553091119151e-01 4.642816863962400675e-01 4.733162346347303817e-01 4.580015879569836468e-01 4.638840682421767059e-01 4.618819770763610832e-01 4.604959337022213606e-01 4.721727441606644038e-01 4.696442203109340574e-01 4.711921227595012307e-01 4.782021283273613643e-01 4.838427797804846775e-01 4.832612816721896243e-01 4.672510693565810613e-01 4.692646588484853387e-01 4.744547110495417885e-01 4.779302316881033907e-01 4.633486619282602970e-01 4.748596285660581784e-01 4.812651785470209442e-01 4.816923833675507138e-01 4.739684010753340559e-01 4.812398268316473438e-01 4.854988978309258685e-01 4.827499011694029729e-01 4.635847318998103650e-01 4.761150428079030106e-01 4.762940882488957972e-01 4.676133137345548363e-01 4.786784433340310341e-01 4.736325215719361381e-01 4.760950720859908336e-01 4.705670137550835852e-01 4.759842951029932823e-01 4.698998579502882134e-01 4.766201741811740833e-01
2.326440597774159444e-02 8.690769174117141116e-02 2.673275793319377369e-01 3.491384098794219626e-01 3.191374201017311285e-01 1.000000000000000000e+00 5.246573312023378177e-01 4.837391894455640440e-01 5.522866713572868180e-01 4.719358862900439044e-01 5.539399821436856719e-01 5.770147825702456323e-01 5.411014357289937182e-01 5.490291029902251152e-01 5.950273424264819200e-01 5.833636416485988851e-01 5.305570590236260431e-01 4.786115627028776354e-01 5.097249007141249066e-01 4.168749816154145860e-01 4.660725308956082391e-01 5.305477382226235772e-01 5.469405584677825560e-01 5.134770751712467440e-01 5.225030398102711304e-01 5.710239860017223279e-01 5.575970019232898700e-01 5.518787682306141029e-01 4.852102628411405494e-01 5.624783646290124617e-01 5.677008005702702809e-01 5.960696854147031765e-01 5.413356401741302726e-01 5.732407696148411613e-01 5.472411254777503897e-01 5.830799951543518267e-01 5.609548510973453306e-01 5.825167479256346814e-01 5.954965821529044634e-01 5.821131281464928531e-01 6.116530972622301610e-01 6.111533062738955246e-01 6.063496354916029230e-01 6.100181897628461636e-01 6.056909522811858571e-01 5.876050323340572534e-01 6.012493059208574575e-01 6.041420229001807085e-01 5.944719659034102266e-01 5.860419256636884011e-01 5.873974828102914714e-01 5.847399048087429385e-01 5.993033854573444064e-01 5.986985574662008203e-01 5.913411733744214915e-01 6.030002157512522887e-01 5.789628759386338253e-01 5.958206283637984546e-01 5.929813214691128653e-01 5.994464431192364495e-01 6.102820796126658953e-01 5.895824540822179882e-01 5.854603771450478389e-01 5.915797899281449723e-01 5.975004913121888528e-01 5.960602808538711939e-01 6.054170724257548208e-01 6.096544514588807528e-01 6.114587444634674851e-01 6.087504462510476833e-01 6.122492549820480745e-01 6.056567234744034689e-01 6.081685250999604442e-01 6.043468810415868475e-01 6.066305182462577994e-01 6.056531345132890598e-01 6.034352000533583782e-01 5.889706486981631794e-01 6.047571500191760707e-01 5.987329029100176836e-01 6.013207045803830031e-01 6.015250212752536463e-01 6.061531376289838180e-01 6.007621634094107987e-01 6.096177245377427667e-01 6.061818381348000884e-01 6.041452038830275040e-01 6.084821172793654087e-01 6.094636520460802176e-01 6.025817197774498979e-01 6.120547550873812748e-01 6.113086496389468216e-01 6.100976406322132783e-01 6.085743904331288867e-01 6.040029723272175577e-01 6.050516266043578506e-01 6.032060430516738014e-01 5.908910541750745926e-01 6.044844865776802800e-01 6.076223562746700946e-01 6.136804265599381525e-01 6.027847861163213583e-01 6.065164796008923886e-01 6.117370062961480226e-01 6.095770926123622591e-01 5.929520035308963877e-01 6.026314871563307474e-01 6.040811284615812404e-01 6.001023793059144795e-01 6.073686681335752624e-01 6.050908113811714895e-01 6.031232627878926333e-01 5.997271661538273735e-01 6.040297251018084124e-01 6.043142017420167766e-01 6.022365737931674179e-01
1.712975079159892097e-02 7.118179315087462544e-02 3.464852837138041597e-01 5.514872418399308085e-01 5.070677965786895003e-01 5.246573312023378177e-01 1.000000000000000000e+00 7.556401254120418409e-01 6.841659684657517282e-01 6.110896686920321841e-01 7.024670830899689689e-01 7.927573201940542047e-01 7.341332685754535792e-01 6.887922667977058877e-01 8.493218491317298113e-01 7.935891159905892334e-01 6.700533112023620008e-01 5.572213540999214620e-01 5.998358407049566576e-01 5.815462309393337748e-01 5.406256944532210618e-01 6.356429666422476199e-01 6.569987611841029418e-01 5.963566469516911051e-01 5.967384641240849330e-01 7.545537965145939774e-01 6.966370272842746791e-01 6.761384104450760546e-01 5.693495228443340439e-01 6.810105272047796143e-01 6.807001846351914409e-01 7.324571586630097553e-01 6.249571819569816888e-01 7.011705158657433046e-01 6.434584542156023268e-01 7.143416306750306477e-01 6.745016095297493575e-01 7.145322271177293461e-01 7.155427291520252142e-01 7.526757535346151329e-01 7.765117245555345216e-01 7.676416643394331496e-01 7.699337353986392962e-01 7.778617700670908963e-01 7.696991216871137409e-01 7.265466835164248183e-01 7.669468453319018275e-01 7.670120958535071587e-01 7.735945092795186717e-01 7.571464729971263408e-01 7.524210949127354553e-01 7.789058921144809133e-01 7.874855636425457384e-01 7.584336639500618427e-01 7.671239186692619949e-01 7.797645568173615649e-01 7.563052572818200758e-01 7.641958226538022592e-01 7.569658645171434275e-01 7.684345143564894620e-01 7.824753019573702506e-01 7.521688833309571054e-01 7.543143611171539975e-01 7.571543299292756712e-01 7.543275473692004907e-01 7.682436338976401657e-01 7.655363572248162773e-01 7.565593462407365077e-01 7.755040577844677374e-01 7.905784745306222439e-01 7.545844094033083982e-01 7.496054638006423021e-01 7.528869410256672223e-01 7.336474776626832339e-01 7.819765825790286895e-01 7.581578503514797562e-01 7.575772945420603532e-01 7.351616646948052614e-01 7.586793720591498147e-01 7.503997351677890171e-01 7.469417770861273009e-01 7.509079745143819595e-01 7.695132672771688442e-01 7.418689493689839543e-01 7.689840229308375630e-01 7.607555466192650329e-01 7.531225062274515825e-01 7.687329478884408207e-01 7.603516133149630374e-01 7.730355497813774512e-01 7.754999282524260851e-01 7.824752722046595110e-01 7.776489282214703591e-01 7.669049031014603113e-01 7.670255102388787716e-01 7.715096475223119921e-01 7.902043020485919333e-01 7.733858732140622694e-01 7.765440772258899171e-01 7.830882395321498990e-01 7.813791707150786747e-01 7.807698829510735239e-01 7.841559737110607164e-01 7.878066604838265263e-01 7.840807063683167266e-01 7.684990514566834019e-01 7.776451186307891117e-01 7.719107531119671073e-01 7.694449328964544366e-01 7.787013073345977476e-01 7.737931363419465747e-01 7.726902359793592634e-01 7.691730468552270272e-01 7.711958581008385716e-01 7.629062109784233714e-01 7.769635700842650872e-01
7.351356482058366004e-02 5.438709693496144443e-02 3.671855886539320823e-01 5.808450527494989357e-01 5.007052687762564291e-01 4.837391894455640440e-01 7.556401254120418409e-01 1.000000000000000000e+00 6.878499411005399855e-01 5.582993724680729297e-01 6.889066619495757271e-01 7.796013469405016494e-01 7.184472433224370347e-01 6.752924312928690886e-01 7.721383080762962425e-01 7.957886067511824590e-01 6.755951432730004091e-01 6.074466527557307316e-01 6.493728003121854719e-01 6.236484622104372377e-01 6.182956679806516087e-01 6.853166256148357505e-01 6.672704612130970769e-01 6.234591546317660438e-01 6.357774662607506011e-01 7.414041504349414557e-01 6.990625712278975001e-01 6.747233419179963221e-01 5.704962603235671503e-01 6.682727883549636205e-01 6.639912346520298048e-01 7.307268284748005271e-01 6.247837691566187068e-01 6.983903118031496993e-01 6.319462871748147137e-01 7.130423534575712763e-01 6.591993681281110851e-01 6.973851539643756148e-01 6.972662178816625422e-01 7.411106701293727061e-01 7.659828263174823793e-01 7.483438884748521147e-01 7.431634065482164431e-01 7.587362854556243263e-01 7.517087786953379203e-01 6.919093523354082897e-01 7.366612286569371726e-01 7.384008532582021500e-01 7.573384215489881166e-01 7.478762440752979579e-01 7.387491235992301730e-01 7.557065101478315228e-01 7.630572411113532016e-01 7.296712746051939869e-01 7.437289499082124777e-01 7.576654215052744945e-01 7.398858665392586964e-01 7.391284905405725025e-01 7.320608902231547921e-01 7.353552087424735095e-01 7.497609822433920490e-01 7.274776519527011986e-01 7.413662477499739500e-01 7.354487723553344569e-01 7.367227582599586988e-01 7.478023526333742454e-01 7.360488581416703147e-01 7.413303072014688633e-01 7.543813930010161428e-01 7.846849174637261504e-01 7.547177667819927604e-01 7.401055437003858373e-01 7.369874025201658130e-01 7.305340029895498466e-01 7.543210009358873869e-01 7.407638886928616939e-01 7.359386754785706142e-01 7.183651955349653617e-01 7.290566363771880942e-01 7.210949207721097931e-01 7.209225390842740611e-01 7.231060141905522043e-01 7.476090556181471669e-01 7.134464985836990181e-01 7.423194613875919723e-01 7.369427467838345347e-01 7.281577894277501128e-01 7.395720185585157314e-01 7.317372963301689293e-01 7.418083302376954347e-01 7.527804080117374008e-01 7.546688948639911354e-01 7.515201746666312355e-01 7.322495500326322571e-01 7.318525922710020781e-01 7.391741278912496993e-01 7.625216512531133306e-01 7.517088858153714304e-01 7.430360152517333505e-01 7.582338832983969157e-01 7.497228012260670482e-01 7.559371163391240822e-01 7.531648869789461243e-01 7.545597704345917700e-01 7.560554463872000142e-01 7.410336024641651642e-01 7.494486623316845009e-01 7.366994138395129843e-01 7.342528360671723986e-01 7.460448498163276820e-01 7.422876804438770515e-01 7.369782570319142190e-01 7.378866247575707193e-01 7.450852314580150848e-01 7.352989376347492945e-01 7.462793331157004939e-01
1.874041054075449020e-01 1.869377595802228786e-01 4.131998295093994300e-01 4.579434351567368555e-01 4.304091902769043854e-01 5.522866713572868180e-01 6.841659684657517282e-01 6.878499411005399855e-01 1.000000000000000000e+00 7.420429653684641469e-01 8.112746519848265114e-01 7.991183962591859036e-01 7.826762663236022100e-01 7.766167950374104345e-01 8.036985436969632524e-01 8.411537699226008247e-01 7.972168728365368606e-01 7.087189112018907888e-01 7.765454045910767933e-01 5.175187816006278085e-01 7.014340509244602062e-01 7.899834534726207780e-01 7.768497513963051881e-01 7.519241287746230018e-01 7.870868028150724838e-01 8.546965255948536511e-01 8.619833546873140184e-01 8.352251158288186428e-01 7.994228646721428522e-01 8.516205423789912077e-01 8.623820646129546352e-01 8.544596482982924623e-01 7.828369392392739989e-01 8.334794309001578583e-01 8.210862670734792035e-01 8.544133607278981968e-01 8.530358897080929648e-01 8.382499821791666861e-01 8.560282877822790182e-01 8.168571983190879848e-01 8.750274495112985162e-01 8.512755026413918458e-01 8.469646679705441494e-01 8.773225574461288589e-01 8.768395086283473638e-01 8.536772141049492335e-01 8.606006391306374459e-01 8.737891480070336669e-01 8.805765100585803973e-01 8.479359358870296459e-01 8.583728325141590787e-01 8.117496424853298809e-01 8.659503881534518221e-01 8.784949558928605295e-01 8.755132995953794905e-01 8.675978950334150008e-01 8.729845767456160255e-01 8.608762249931158905e-01 8.614857230625380113e-01 8.718364786126177046e-01 8.594556923911675916e-01 8.742363626628039119e-01 8.602413432139582872e-01 8.755642236509089127e-01 8.800124163509577269e-01 8.778764456745108413e-01 8.653436292533842611e-01 8.811864870410766049e-01 8.770996239222254021e-01 8.467131886257943663e-01 8.823708688373030906e-01 8.828671241585427376e-01 8.687745051975229726e-01 8.742954415833754656e-01 8.783924251883761247e-01 8.853115676493906738e-01 8.819073649555251304e-01 8.844550019311719913e-01 8.743817675981216953e-01 8.753557990856568605e-01 8.764416839062261211e-01 8.790667253037736106e-01 8.776950313354058286e-01 8.671243575962539474e-01 8.653557294051602566e-01 8.691110975672675654e-01 8.724306796103227235e-01 8.607227790395496347e-01 8.667131093457780544e-01 8.725054036776285216e-01 8.615390617599599787e-01 8.667534455755556699e-01 8.755102354752523075e-01 8.605637954785616550e-01 8.572525557983958766e-01 8.642381964368590630e-01 8.526883094446439104e-01 8.625345343202881487e-01 8.512293482344742701e-01 8.546646765375520705e-01 8.494576043867497761e-01 8.579504628322290882e-01 8.657021875612729289e-01 8.576961503828067768e-01 8.639017900190973931e-01 8.677482100386844088e-01 8.705027084977128293e-01 8.650205117732188143e-01 8.663597341806886787e-01 8.636136921204430328e-01 8.607349381917129838e-01 8.610324348061143551e-01 8.604406699254839586e-01 8.679247822708909821e-01 8.713856581248904387e-01 8.700076594058169244e-01
1.005368508838681701e-01 2.196053175428738236e-01 3.246332992340376089e-01 2.967336795482689582e-01 3.684447274448558463e-01 4.719358862900439044e-01 6.110896686920321841e-01 5.582993724680729297e-01 7.420429653684641469e-01 1.000000000000000000e+00 7.256015421112759212e-01 6.893439645165524432e-01 6.788348164255832984e-01 7.090566495232574207e-01 7.490138205779898195e-01 7.390972841247893665e-01 6.873932478989908113e-01 5.351199305936362727e-01 6.248959904802872112e-01 3.467285562696847956e-01 4.978877643955599841e-01 6.261897644014301489e-01 6.621429880725371309e-01 6.164568152804179579e-01 6.473038012154740395e-01 7.264316523765526057e-01 7.531809241441405067e-01 7.458358710901037414e-01 7.204221320223959113e-01 7.780194335186159105e-01 7.922719084832010594e-01 7.444299185026794774e-01 7.225353366636171337e-01 7.344871601203417644e-01 7.491431200427444148e-01 7.426590101200939431e-01 7.853352453089881280e-01 7.741508241453154415e-01 7.852451874036702195e-01 7.389996653811954364e-01 7.857382912395138863e-01 7.811632680181629373e-01 7.731510551365876616e-01 7.918251681489369975e-01 7.875593844701779256e-01 8.014260840263701668e-01 7.992342853089520194e-01 8.079459741344813262e-01 7.789437198677742202e-01 7.405575081870557907e-01 7.744761968505747829e-01 7.025747721609606478e-01 7.658293795088462197e-01 8.007081349464423292e-01 7.875022842210217533e-01 7.826981641701751258e-01 7.597113855749613176e-01 7.949105642775076142e-01 7.877002290233264814e-01 8.020787223274945532e-01 7.918604601328637083e-01 7.936011374626034121e-01 7.640050754642762065e-01 7.871332440070005765e-01 7.849729545112151818e-01 7.800208070675369587e-01 8.003568368850182413e-01 7.959480370862764831e-01 7.856153623483054238e-01 7.293116254164546675e-01 7.753568933225902793e-01 7.962728103200861218e-01 7.725355694499576042e-01 7.802350180710829752e-01 7.982938142757631805e-01 8.057691885707856105e-01 8.046636822007711132e-01 8.028372465613817788e-01 8.095618118829206455e-01 8.117899181640193529e-01 8.096833641878670162e-01 8.158289798139133353e-01 7.987096133315116919e-01 8.060817241889030038e-01 7.891712548371631053e-01 7.922850471064961653e-01 8.061669294423305931e-01 7.982839211892395204e-01 8.029435446922174036e-01 8.004565574631222757e-01 7.908805294275179643e-01 7.971293998579166429e-01 8.013804496533804000e-01 8.048592977298959505e-01 7.996394053576569849e-01 8.015243926134801855e-01 7.749417987294887622e-01 7.702617804371177934e-01 7.915315831646844158e-01 7.830200053255467196e-01 7.845970906681720702e-01 7.788076791583248282e-01 7.907409813861309145e-01 7.902637271803204522e-01 7.873260196586034931e-01 7.855043494705429286e-01 7.934207700010293962e-01 8.015229536017891565e-01 8.031867567492749771e-01 7.976297444728694952e-01 7.971842808579681083e-01 7.992632467181270961e-01 7.946892772529010607e-01 7.944886323050807109e-01 7.987065411004128368e-01 7.917298803013290698e-01
7.425405571327937937e-02 1.750510612150607270e-01 4.156738373168057388e-01 5.255280135330148150e-01 4.274448381355261395e-01 5.539399821436856719e-01 7.024670830899689689e-01 6.889066619495757271e-01 8.112746519848265114e-01 7.256015421112759212e-01 1.000000000000000000e+00 8.454518747998079897e-01 8.055919043578211314e-01 8.016617783907405981e-01 8.437941393886888575e-01 8.515954999295093364e-01 7.937888849889286336e-01 6.774025882819619815e-01 7.589618425562436599e-01 5.330151345160359933e-01 6.721239870462643040e-01 7.887563593157241870e-01 7.682375059810011564e-01 7.303139152486246566e-01 7.756843685967174107e-01 8.625922879980765234e-01 8.471797120393177449e-01 8.234338261869785791e-01 7.567286271238145012e-01 8.330948144720392579e-01 8.543781176841729330e-01 8.525844654109647758e-01 7.805661014510679729e-01 8.344216328387934478e-01 7.947171422122075723e-01 8.564245016676864664e-01 8.503256763548862063e-01 8.503144073255997082e-01 8.717637813406629022e-01 8.503163548080737710e-01 8.939680866970380890e-01 8.825179750997074191e-01 8.751586251481855427e-01 8.999134123741516778e-01 8.937782704082753993e-01 8.719847467242394234e-01 8.923630063252964151e-01 8.949436672315823627e-01 8.907645172833539293e-01 8.708052534958026225e-01 8.779277793141537778e-01 8.540712513906699721e-01 8.872930659043088975e-01 8.878272274027894095e-01 8.856862384690996626e-01 8.854901582212991729e-01 8.732425453507075552e-01 8.930488856132006159e-01 8.842303588593735109e-01 8.946929040698554658e-01 8.938680861844748859e-01 8.829434492039489601e-01 8.765366501598708115e-01 8.845080432894898426e-01 8.923263066934004062e-01 8.901338395887179455e-01 8.944214846722124967e-01 9.032522314605165858e-01 8.968794534923952844e-01 8.754338987143606143e-01 9.022028501085621599e-01 9.036050151138844688e-01 8.849948842054468079e-01 8.933585126669946197e-01 9.061934094450997401e-01 9.013681630826186897e-01 8.969180551033905102e-01 8.875809064890869404e-01 8.957401872944142918e-01 8.936400077965486188e-01 8.923126865484808379e-01 8.984957165946479973e-01 8.983260675333836209e-01 8.852305572082416196e-01 8.921217813978896682e-01 8.933648525140186480e-01 8.970763401273785798e-01 8.917777786306743115e-01 8.936871426397696716e-01 8.975891593595070050e-01 8.970507764110038362e-01 8.984487062182212602e-01 9.021346736620318163e-01 8.975981129244186008e-01 8.926880356061722699e-01 8.952139749253660295e-01 8.909422166420880584e-01 8.897009462595786289e-01 8.918256456560188505e-01 8.910915073342331461e-01 8.891877535089984796e-01 8.914667960259512469e-01 8.964790265223203658e-01 8.966049354167053842e-01 8.983249879346745237e-01 8.905768955358528416e-01 8.977418225535385155e-01 8.934590558237417435e-01 8.964577507546097612e-01 8.948001442782544945e-01 8.925364183309437704e-01 8.946859184105631080e-01 8.914814307099514501e-01 8.943378883877279861e-01 8.972750660260676581e-01 8.979717571178743585e-01
5.924623215530807480e-02 9.786258146799302338e-02 4.380087210759767702e-01 6.753678996545841029e-01 5.040720273381023020e-01 5.770147825702456323e-01 7.927573201940542047e-01 7.796013469405016494e-01 7.991183962591859036e-01 6.893439645165524432e-01 8.454518747998079897e-01 1.000000000000000000e+00 8.274000680780928541e-01 8.043419806404649153e-01 8.788337608652472266e-01 8.824106852566940828e-01 7.959229928879236748e-01 6.885665811958515681e-01 7.560952225052197662e-01 6.334404727265716684e-01 7.133302504499102747e-01 8.105830130129201283e-01 7.605692405881799845e-01 7.176771348548929286e-01 7.602131566236641769e-01 8.671128447784651749e-01 8.166217942776938798e-01 7.770293475440327446e-01 6.670668045956206216e-01 7.842837548777529255e-01 7.932683788862332497e-01 8.402822352765032532e-01 7.189264315313467213e-01 8.039964829833089466e-01 7.387838945036945271e-01 8.455311782740360105e-01 7.907478383764644514e-01 8.160980666465389444e-01 8.335136206229444289e-01 8.493298328518654738e-01 8.928485800860842536e-01 8.722670655488324876e-01 8.698386128275282791e-01 8.981185586757552963e-01 8.889821498298389191e-01 8.331072880012577730e-01 8.861422648189436480e-01 8.851791268482347430e-01 8.960204583684147073e-01 8.756407903433238715e-01 8.709842778745677805e-01 8.912836355810644928e-01 9.080829771246295978e-01 8.711197316598778828e-01 8.772398331153293816e-01 8.866321040167818301e-01 8.801721924457925894e-01 8.801455835766868185e-01 8.715798536995991164e-01 8.882549395507596257e-01 8.941784904300628112e-01 8.744630012719633028e-01 8.770841692655444444e-01 8.845425398488230284e-01 8.873607830426779586e-01 8.947061061840063667e-01 8.842286527447805744e-01 8.892302487482885986e-01 8.899315621119003872e-01 9.106625573518009054e-01 9.022871894043883456e-01 8.866901109244494927e-01 8.750793185343549441e-01 8.782834398921893770e-01 8.992593713207295281e-01 8.816813990288830949e-01 8.756793882357457592e-01 8.519204183793854801e-01 8.719742649888304609e-01 8.652012160692598153e-01 8.626380465120742080e-01 8.681923997741705090e-01 8.867309502515160480e-01 8.523752947119291878e-01 8.764474693261200544e-01 8.716850139503863337e-01 8.715059774513790325e-01 8.765312481398221944e-01 8.762469579974845324e-01 8.850354454088799061e-01 8.888854117749931394e-01 8.934583108654797767e-01 8.957430688944504338e-01 8.788822063823579223e-01 8.807975876430134132e-01 8.857591409064999866e-01 8.990021271526584812e-01 8.916569763177430996e-01 8.845563062033082735e-01 8.939266172872676330e-01 8.865901254144386012e-01 8.936468981444847248e-01 8.990316158150334358e-01 8.991423297258324121e-01 9.003368062601033728e-01 8.857797216427559794e-01 8.935245185749383090e-01 8.821713394516185192e-01 8.812023509717705760e-01 8.898322009545619471e-01 8.814660032104026932e-01 8.888406049928732067e-01 8.826342283237569308e-01 8.887090010180175303e-01 8.881231359937659109e-01 8.967845497316134784e-01
7.564678869486836377e-02 1.356633599710194149e-01 4.000790487375026627e-01 5.344123699542188133e-01 4.840806563237802229e-01 5.411014357289937182e-01 7.341332685754535792e-01 7.184472433224370347e-01 7.826762663236022100e-01 6.788348164255832984e-01 8.055919043578211314e-01 8.274000680780928541e-01 1.000000000000000000e+00 7.663411966333817382e-01 8.326752336045897263e-01 8.577599826406895334e-01 7.590130124059520922e-01 6.427560867401056477e-01 7.150423694816673281e-01 5.466824936269992774e-01 6.522013574575654671e-01 7.514385460372994263e-01 7.307711924878996790e-01 6.877704774610542415e-01 7.245904236288127631e-01 8.242488130252163536e-01 8.012706814626554541e-01 7.760227142479846352e-01 6.975161530616104111e-01 7.877825949776240400e-01 8.004336213062742678e-01 8.137350806126243397e-01 7.296884739851066115e-01 7.891402502319776469e-01 7.540059965252210450e-01 8.249190156854105949e-01 7.970062254166422333e-01 8.015907489613542936e-01 8.199384585893394473e-01 8.092783067144352360e-01 8.591683699389157658e-01 8.424618437180583230e-01 8.401587653831109614e-01 8.641449535340078869e-01 8.581392566116937681e-01 8.226174427045845894e-01 8.524391442013472542e-01 8.585684099626875732e-01 8.628280556927838685e-01 8.399906648259816144e-01 8.440669771972393320e-01 8.350883133952951010e-01 8.634659962049792137e-01 8.499587873947447303e-01 8.503726148711218125e-01 8.542906622854169463e-01 8.493333674598246841e-01 8.508730118337231030e-01 8.433496203130459445e-01 8.589536955859111700e-01 8.595338502345445386e-01 8.503096000131488141e-01 8.447978399123438065e-01 8.552435355396490468e-01 8.575166323973048010e-01 8.629764366614822713e-01 8.547368592754659433e-01 8.561475993759518621e-01 8.580903950710991879e-01 8.514968793849155837e-01 8.597445438020672182e-01 8.557253537753883865e-01 8.408021936705550869e-01 8.411703437649942217e-01 8.666065448560117401e-01 8.585144436083241848e-01 8.530576197645336478e-01 8.418608134616064609e-01 8.485230832571596382e-01 8.487525252464437342e-01 8.477015258434964506e-01 8.524392876860372725e-01 8.602162854542568793e-01 8.399766356971266612e-01 8.493621445328637387e-01 8.498163048040575651e-01 8.516786176850769108e-01 8.491004729489136649e-01 8.501610630062935714e-01 8.579058400138783735e-01 8.551087717589432868e-01 8.613054864634026586e-01 8.628466611866063563e-01 8.510518150519968961e-01 8.519196447144047335e-01 8.565820255010584416e-01 8.569930412781746609e-01 8.587012687767839880e-01 8.527851256397659396e-01 8.556524315929990854e-01 8.532694849255211267e-01 8.576799624371729269e-01 8.613061785665336867e-01 8.610345208189009725e-01 8.638279054430305637e-01 8.585946844356807661e-01 8.609756574322933176e-01 8.564621292000905717e-01 8.550990637978311826e-01 8.583365448388835528e-01 8.527002682101080255e-01 8.567269543264969256e-01 8.541707911302306444e-01 8.587233423114382092e-01 8.590496586279645630e-01 8.636569424689345409e-01
