1.000000000000000000e+00 8.669660281966848348e-02 5.776868767618868056e-02 7.343798316587796249e-02 5.812568885230940535e-02 3.704346576693538090e-02 1.023001576897250922e-02 4.309825366900806032e-02 1.058447142024415560e-01 1.572230227540671529e-02 2.347529984672384190e-02 3.437735850722768022e-02 2.411597562442966206e-02 -2.214002487567466940e-02 7.503925410522770990e-03 1.171095563469403550e-02 8.912246353012963362e-02 3.917350231446625058e-02 3.283510360808219314e-02 7.083821310831191209e-02 7.227001274939219566e-02 3.076795884529791650e-02 1.385816438064084097e-02 6.083086920102490427e-03 6.125178226001494648e-03 5.193211155993168564e-03 1.244003369467612356e-03 -1.715528632726009278e-02 -1.468448824418730481e-02 3.166965614250352723e-02 1.870923857060077453e-02 3.190215095223197794e-02 9.821349232734095935e-03 3.127526093585627359e-02 3.093837587621562149e-02 3.607182465528596671e-02 1.289223161825036115e-02 -1.571282743728418668e-02 1.421516487122415247e-02 -3.347167491113153814e-02 2.500443872936575218e-03 -2.490868683413820922e-02 -5.873663043885495386e-03 8.258990068869338091e-03 8.565079891042283108e-03 -1.390900802874256784e-02 3.368407773299031058e-03 8.729805131624000097e-03 7.743810896586483285e-03 5.850678763040363314e-03 1.055160710428300688e-02 6.022392873089063570e-02 2.865910563498975244e-02 2.484651909811020493e-02 -4.186931614872467684e-03 -1.136517450833549395e-02 3.861175003386000532e-02 2.073713047621752927e-03 -9.206268843095225668e-03 3.227150688604522866e-02 5.597938305621767696e-03 1.702581017523424611e-02 7.470869599186730388e-03 3.054474082545216226e-02 6.323808702941459414e-02 4.637175641439110485e-02 2.391800953035371283e-02 9.989699070530825425e-03 1.295071372706040926e-02 3.416255582584387662e-02 1.733941063176535832e-02 9.686466322548235863e-03 1.545276426923833206e-02 9.511401319515131424e-04 1.598658142890325854e-03 7.339148068137872280e-04 -6.146874356816681324e-03 -3.640186825200249828e-03 -2.112276358534152625e-03 1.155132441828357441e-02 8.443768770516288727e-03 1.180797137025079747e-02 2.254102385545266388e-02 9.743216704198720893e-03 5.715180464287529689e-03 1.543788033851154450e-02 1.031472824896163820e-02 -7.582508001772738596e-04 6.174142213955246400e-03 4.985973816778144566e-03 -8.761809641842800006e-03 -4.948142014810853924e-03 1.571491902798494112e-03 -1.648152641099064194e-03 2.913429131074612901e-03 3.356800266364098808e-03 -9.521868731441755426e-03 2.143483101932901549e-02 -7.521320206752344154e-03 1.990452199997998391e-03 -6.142920357669601466e-04 7.552331876708582269e-03 1.272459264674563086e-02 7.098735514845028703e-03 2.184473834333294090e-02 1.857857483115800401e-02 8.456951170262475004e-03 6.253428686709793308e-03 -5.306691343806097839e-03 4.327568266152359653e-04 -7.413025643881320393e-04 1.295734524516348705e-02 1.236842593371608422e-02 2.016639577676352518e-02 4.175635746761766076e-02 3.186823578581931410e-02
8.669660281966848348e-02 1.000000000000000000e+00 5.453686810086650488e-02 1.451889990243051820e-01 8.702434185596401306e-02 1.208137583096428741e-01 1.413505478681000571e-01 1.186426227198134065e-01 1.566261418014410212e-01 1.347534066008695408e-01 1.508408888776562318e-01 1.466082977622945316e-01 1.397529397752226843e-01 1.105773025784382024e-01 1.475994922023593503e-01 1.365371085725615441e-01 1.573047756496832039e-01 1.396022912641714242e-01 1.777334771945192071e-01 1.793336429689176559e-01 1.145841756992867499e-01 1.676672319225088470e-01 1.727070250921678984e-01 1.558869515809472861e-01 1.425455275926449938e-01 1.438976887473487620e-01 1.554482923557601037e-01 1.432323547149478848e-01 1.152876621934131179e-01 1.645461099249941328e-01 1.650287562089963467e-01 1.764010097071078143e-01 1.534512889590518570e-01 1.466540979679066548e-01 1.557572814343304302e-01 1.430443849481070340e-01 1.572314447469257692e-01 1.679675632879041314e-01 1.507712852850000285e-01 1.698953621245800627e-01 1.536223643490517432e-01 1.536506889223960837e-01 1.526535296930053298e-01 1.500025536417558258e-01 1.611084594784775170e-01 1.603116961530704487e-01 1.509406264817959864e-01 1.552872953257721789e-01 1.461948241261138426e-01 1.331026066859884172e-01 1.584380370399584570e-01 1.266545274350358852e-01 1.358555698419851299e-01 1.589972594724394783e-01 1.574171457141067265e-01 1.641139553720009914e-01 1.465109552789192748e-01 1.601374501162398378e-01 1.645433243171290638e-01 1.536802038015956939e-01 1.438435404940483220e-01 1.579974739281414242e-01 1.425673595641138991e-01 1.532023742116525589e-01 1.540409670287491983e-01 1.485317150817952736e-01 1.580634727244492888e-01 1.543396540236702530e-01 1.643936136243691892e-01 1.570744089386122977e-01 1.520827374926178588e-01 1.527202331918460498e-01 1.620827649364376677e-01 1.550511522725994407e-01 1.582276072714934312e-01 1.531776684888038476e-01 1.472185303278699675e-01 1.478335198894038804e-01 1.602579501757229741e-01 1.557739493251116547e-01 1.524191910846512121e-01 1.584932338960819143e-01 1.491951145551057845e-01 1.547780267336330284e-01 1.464459636240131313e-01 1.484728921103880828e-01 1.525403236503224680e-01 1.571983478362759257e-01 1.528104174513769953e-01 1.582560691021031030e-01 1.585497621539661284e-01 1.524737100329040251e-01 1.480810237601625501e-01 1.528805575444466824e-01 1.524466688582520602e-01 1.543431992252543294e-01 1.322005974828016628e-01 1.250162217457560510e-01 1.428883229873131877e-01 1.455963904924925112e-01 1.470476486147202222e-01 1.366028329020214094e-01 1.423921724710501269e-01 1.459442204752315897e-01 1.358848920120385995e-01 1.360796741630793394e-01 1.432103248951206720e-01 1.568958453797766051e-01 1.528759900044674991e-01 1.518378009804341455e-01 1.544586302500047248e-01 1.507604643998871341e-01 1.435093906572076361e-01 1.403695320913183608e-01 1.527482743390986553e-01 1.440563113465987977e-01
5.776868767618868056e-02 5.453686810086650488e-02 1.000000000000000000e+00 3.375977343311093448e-01 2.090627443152102694e-01 2.109728479346694718e-01 3.308452855903682988e-01 3.243824317141063007e-01 3.760717106441386903e-01 3.022598111069524363e-01 3.533366766406760284e-01 3.728899695136528303e-01 3.526387893439386079e-01 3.081430232890856602e-01 3.701715730585743436e-01 3.764510635510302516e-01 3.522393475065107582e-01 3.351184958281375192e-01 3.755734459149033810e-01 2.957568505264554504e-01 3.704020340702269820e-01 3.826210485170115638e-01 3.327562830278679162e-01 3.627800097562315362e-01 3.846685106085921402e-01 3.668789139054964288e-01 3.671597752161302464e-01 3.410455422567986727e-01 3.228145276562351951e-01 3.872587563569783176e-01 3.856926862404335132e-01 3.734859417891706612e-01 3.497733209228103268e-01 3.688412850871902182e-01 3.695448853303658354e-01 3.756590494504350453e-01 3.768060317618954214e-01 3.604565980900501510e-01 3.869104889762027266e-01 3.694284321743975807e-01 3.779227637564352982e-01 3.711769734205536686e-01 3.838196029169444468e-01 3.873335001956457746e-01 3.871351751925170559e-01 3.797449407776979924e-01 3.755095335567301684e-01 3.753362582778834722e-01 3.795812800949570631e-01 3.814096520887767516e-01 3.777123074190408825e-01 4.002231273627633312e-01 3.858992910179042113e-01 3.727920757922347783e-01 3.737863995819856733e-01 3.756129205345074551e-01 3.856418646467763556e-01 3.760235358907890180e-01 3.659737920151679980e-01 3.791823876358506595e-01 3.805344345682415419e-01 3.766248711057078591e-01 3.869251953307606406e-01 3.826614760394093095e-01 3.772413981652884551e-01 3.832349124479481617e-01 3.800328365483108817e-01 3.809721739881262725e-01 3.791545645595906788e-01 3.896575791899870023e-01 3.959036545850728173e-01 3.872495559934459042e-01 3.809096263708027785e-01 3.920812360965692522e-01 3.811819556162290290e-01 3.831440305145203395e-01 3.742857710201509258e-01 3.690428223951981446e-01 3.815662380496103179e-01 3.823016846170649297e-01 3.782715023989531855e-01 3.825162284946208024e-01 3.901891375312843135e-01 3.665470066302776164e-01 3.808204697420708440e-01 3.834541983739013782e-01 3.821373599927478382e-01 3.823060674207357512e-01 3.816111333299725961e-01 3.884346089153045134e-01 3.785951233500901569e-01 3.789825135982185511e-01 3.820398439121844292e-01 3.825983721875430010e-01 3.767020131964470830e-01 3.733301748459214586e-01 3.913192748727338799e-01 3.907927096304172343e-01 3.795334407611483662e-01 3.812719999170000595e-01 3.844855350237957325e-01 3.906988212486448564e-01 3.838947395501512982e-01 3.859500225634131532e-01 3.924526998909159126e-01 3.845534112656325831e-01 3.849779392471855965e-01 3.803273369453212815e-01 3.818173765014234999e-01 3.779709558429567018e-01 3.800623774810322764e-01 3.790890307453172459e-01 3.818548707282825583e-01 3.841843963927701333e-01 3.831673724968289174e-01 3.847661553710227667e-01
7.343798316587796249e-02 1.451889990243051820e-01 3.375977343311093448e-01 1.000000000000000000e+00 3.519375557882931105e-01 3.283351012293566074e-01 5.798212593858492747e-01 5.510129477835249423e-01 5.783713795735363483e-01 5.139046442765363709e-01 5.965956459502620435e-01 6.418706031010519286e-01 5.621209322866859148e-01 5.151720094892587865e-01 6.272068825793911673e-01 6.278598460295299333e-01 5.584669997469294822e-01 5.656610165661928313e-01 5.943739759172128601e-01 5.524310218403051254e-01 5.732685852429417750e-01 6.142904321447608673e-01 5.800044930698208256e-01 5.947242717735765627e-01 5.912110694851701043e-01 6.242544639834576303e-01 6.264514493165986853e-01 5.970160018106752675e-01 5.672446378320969984e-01 6.439046960302602374e-01 6.415342069763424471e-01 6.109831627458783831e-01 5.757082179708631342e-01 5.960763144916940703e-01 6.173536740513769772e-01 6.044135541930205635e-01 6.162801540169101644e-01 6.068720350204411806e-01 6.356592227590812660e-01 6.031298100464449474e-01 6.345300072357304977e-01 6.310085916099973380e-01 6.247477524347080369e-01 6.426467451350986737e-01 6.310463158138996942e-01 6.350986161221325865e-01 6.296454322575553153e-01 6.337296971822693470e-01 6.239327758503032673e-01 6.128038315671370251e-01 6.307348868634905514e-01 6.314473443368759931e-01 6.421133482589207464e-01 6.286581531406633117e-01 6.292873255859976478e-01 6.355519079003796312e-01 6.373182510518309307e-01 6.356874859885730533e-01 6.226789731105113468e-01 6.392658689380518178e-01 6.447337064345038948e-01 6.391299446550798846e-01 6.428256305524968628e-01 6.467590013715346364e-01 6.372418861937837464e-01 6.461671978807853600e-01 6.335387803794041428e-01 6.390858782410153704e-01 6.417411693775162407e-01 6.480012152935997749e-01 6.442482818753920704e-01 6.429059757713880829e-01 6.382264968955320139e-01 6.375882574623440435e-01 6.389281709307815804e-01 6.345230224134300601e-01 6.337688635256866210e-01 6.323340641914408922e-01 6.412425450709117181e-01 6.418386357281987697e-01 6.368661678054072794e-01 6.391642772133000472e-01 6.469289196335655800e-01 6.364107487887538106e-01 6.384784432844703428e-01 6.391196293162132447e-01 6.342612383958867728e-01 6.466803024649462328e-01 6.380285910471371613e-01 6.418900813504998526e-01 6.367664077428292213e-01 6.376107930337996388e-01 6.366648193005796097e-01 6.404036267642631008e-01 6.293069558325684598e-01 6.326634944743174671e-01 6.450941628236008807e-01 6.406408260415500378e-01 6.379336736471910019e-01 6.387214935049637665e-01 6.437869925035040186e-01 6.491899843013125837e-01 6.393250173762647925e-01 6.434681978161883587e-01 6.477342323820654002e-01 6.388390193581590104e-01 6.413353239618257984e-01 6.383218778607384625e-01 6.404586409929067248e-01 6.336642173044330084e-01 6.409020522961544897e-01 6.371457923347355612e-01 6.430175450165432904e-01 6.451909495949971207e-01 6.401464046717179057e-01 6.462508564505825559e-01
5.812568885230940535e-02 8.702434185596401306e-02 2.090627443152102694e-01 3.519375557882931105e-01 1.000000000000000000e+00 2.673009482055807018e-01 4.525738455070024147e-01 4.086173293981537613e-01 4.410721059686099621e-01 4.059407928877496463e-01 4.472856880688511616e-01 4.960601060179007926e-01 4.765327233718524846e-01 4.205955038493573994e-01 4.860582037824124346e-01 4.663311758325076051e-01 4.010886225343477385e-01 3.993525209964272626e-01 4.530407523345205689e-01 4.131682432415483275e-01 4.090725532191512581e-01 4.630787390326819297e-01 4.654518734428929605e-01 4.593431080998696125e-01 4.494590969265064295e-01 4.648040235550156551e-01 4.665081077652630248e-01 4.723397033249581711e-01 4.460778475290912981e-01 4.954228531398970348e-01 4.918562694437763061e-01 4.602563133769981274e-01 4.545776940280885081e-01 4.476483813457154404e-01 4.718129129706452596e-01 4.638836708428625832e-01 4.828125447051510033e-01 4.492675984433224246e-01 4.879253031209504488e-01 4.660665809058879283e-01 4.925333519527767545e-01 4.926769067338275243e-01 4.951983632158560855e-01 5.028268250914678106e-01 4.937500233289460749e-01 4.936705473725677140e-01 4.800894007783891859e-01 4.856661859430349004e-01 4.686817454704451102e-01 4.402827054833647891e-01 4.687917010937970863e-01 4.599166303642103215e-01 4.921429909095547672e-01 4.733499727915362332e-01 4.631733146075547869e-01 4.759747700042969987e-01 4.630029405100207218e-01 4.887174196710709073e-01 4.621899967563040112e-01 4.929069398879967201e-01 4.839029755756998341e-01 4.785776292025499812e-01 4.696452889919826568e-01 4.830652651770352968e-01 4.837890286497471548e-01 4.813802849987643961e-01 4.871533709415314939e-01 4.889390588002277549e-01 4.928368129368358996e-01 4.912920325964474921e-01 4.899340960146397195e-01 4.956432378551125506e-01 4.916348129952891610e-01 4.927167057120593330e-01 4.941784330691028071e-01 4.952807232102576229e-01 4.970577063228474035e-01 4.944297903902856728e-01 4.985133917276377558e-01 4.957683900697015256e-01 4.950750742750097966e-01 4.933681302385322653e-01 4.820612441046489560e-01 4.896030384427429993e-01 4.756097785574046055e-01 4.823179506495803293e-01 4.925796961227950632e-01 4.891566147698675482e-01 4.918350237909948075e-01 4.858160787076172826e-01 4.977991284717291909e-01 4.957952747666882765e-01 4.936723126293225405e-01 4.967589511812828817e-01 4.876244248993251706e-01 4.916666178752459593e-01 4.742941365444104385e-01 4.593220144389946191e-01 4.817477796933380407e-01 4.781771804623957123e-01 4.970990041052573138e-01 4.748253592441353255e-01 4.913231881210844421e-01 4.948710754298971115e-01 4.834739401900665090e-01 4.682129449516210795e-01 4.799434360409259859e-01 4.905175434271070167e-01 4.853972495087549577e-01 4.885311616868411866e-01 4.823978521424245880e-01 4.913687805382248586e-01 4.837804133421270691e-01 4.824712177308762562e-01 4.862644190798874333e-01 4.835193177545182852e-01
3.704346576693538090e-02 1.208137583096428741e-01 2.109728479346694718e-01 3.283351012293566074e-01 2.673009482055807018e-01 1.000000000000000000e+00 4.604296801908061010e-01 3.942101489989712770e-01 4.653827958945792598e-01 4.308796367857096188e-01 4.765048049400509855e-01 5.052439736880647292e-01 4.307624946988089509e-01 4.131384320050501269e-01 5.051118815640306403e-01 5.037109637544140428e-01 4.678768686382853148e-01 4.462366603993049297e-01 4.562566265330752491e-01 4.562184824869527922e-01 4.401373945570286605e-01 4.630907239146075383e-01 4.305196904631533594e-01 4.499832334046774407e-01 4.381138694103469677e-01 4.634400851762634499e-01 4.834154172902243585e-01 4.600094141400902226e-01 4.481063205951816841e-01 5.109997516864882572e-01 5.175617895342341512e-01 4.962795742078985328e-01 4.706482461474135182e-01 4.783046480127358113e-01 5.035325077787513592e-01 4.574688539009227339e-01 5.003538465422676662e-01 4.835358141175003510e-01 5.039505929191058220e-01 4.538667880609305039e-01 5.085865011310106709e-01 4.958256977519398534e-01 4.701937661483120423e-01 5.110550393833938054e-01 5.003247683500519072e-01 5.035382343324236176e-01 5.157420961533535353e-01 5.202585432132796894e-01 5.153521581450254407e-01 4.858084087967350917e-01 5.072382782315212335e-01 4.840209161289462103e-01 5.101189521939913929e-01 5.150438784757220834e-01 5.106417310493396311e-01 4.922057962409575604e-01 5.069794311864220804e-01 5.077913733974176447e-01 5.149811385381987128e-01 5.142720653996905034e-01 5.169609467212591403e-01 5.219870743844118310e-01 5.097843182592851630e-01 5.132844631760694609e-01 5.172541753779138496e-01 5.169966657262263787e-01 5.190602348764364882e-01 5.172655058869657374e-01 5.187095950646352094e-01 5.205263046131297644e-01 5.084354933337100757e-01 5.131528859560204880e-01 5.122881287437629494e-01 5.071549284898457799e-01 5.140043666852021076e-01 5.184618896717745340e-01 5.094331529033278017e-01 5.127891685849815806e-01 5.174037734663140542e-01 5.202708179648309894e-01 5.178594946131487298e-01 5.230545007777578359e-01 5.071268433650448770e-01 5.161908874621370380e-01 5.070340762382372635e-01 5.116970539984508903e-01 5.130528778035234883e-01 5.169129349330013889e-01 5.178842649907071660e-01 5.086987572036691940e-01 5.067398196444879988e-01 5.151406770210782415e-01 5.130323466509083552e-01 5.183531767485498598e-01 5.179595282794839939e-01 5.188261449233345646e-01 4.925845645508453163e-01 5.013436551728721602e-01 5.074930357857598828e-01 5.137293132358248249e-01 5.108682051357473775e-01 5.121302441122526083e-01 5.134155797085460105e-01 5.156539070223870036e-01 5.097110144833422174e-01 5.041384804329027691e-01 5.122588749471741476e-01 5.179966613467507086e-01 5.160022867080999998e-01 5.164469490612801916e-01 5.163282217933778950e-01 5.156652327306913142e-01 5.179653720609459500e-01 5.170063310606588525e-01 5.170499358489941688e-01 5.138891029816657907e-01
1.023001576897250922e-02 1.413505478681000571e-01 3.308452855903682988e-01 5.798212593858492747e-01 4.525738455070024147e-01 4.604296801908061010e-01 1.000000000000000000e+00 6.530510337548435240e-01 7.299739181031561497e-01 6.876422100435262141e-01 7.454641811688068609e-01 8.077432047114245783e-01 7.173868118252945125e-01 6.740258545290495062e-01 8.304328437021908371e-01 7.893811754065924724e-01 7.089247631374722136e-01 6.871866454366051258e-01 7.419813713162315416e-01 6.767320727891361631e-01 6.799296152077557442e-01 7.786562614347323219e-01 7.455922417438369809e-01 7.561845723469748926e-01 7.448116593906920491e-01 7.939501971069140573e-01 8.029964663546148573e-01 7.988302489043241916e-01 7.629374040171632565e-01 8.255414698766138093e-01 8.268107885820522585e-01 7.807395175691099753e-01 7.608754070634790034e-01 7.503014458434397183e-01 7.940955345137912236e-01 7.536443993486514614e-01 8.050160478854283541e-01 7.763958272446924713e-01 8.138969658659594986e-01 7.916248585400429416e-01 8.286133736344362122e-01 8.349816921300154959e-01 8.080032746357390661e-01 8.341187453659084650e-01 8.230460149358870270e-01 8.421296459096919707e-01 8.234740132092681630e-01 8.292235397771954286e-01 8.048237900265029499e-01 7.585162227489264941e-01 7.948387419990354807e-01 7.743630299322303845e-01 8.137853122784032278e-01 8.135590666990409892e-01 8.141679551423880445e-01 8.175620301561654646e-01 7.886794233367354634e-01 8.279779849944591819e-01 8.092825978908052553e-01 8.233525733061911600e-01 8.217119929428948755e-01 8.171139457544466245e-01 8.005286841260129682e-01 8.133164487772963636e-01 8.107686805337598335e-01 8.161456429596253281e-01 8.259388964746735562e-01 8.302736545695511561e-01 8.330442514804475840e-01 8.239296522072664386e-01 8.256533192248403097e-01 8.340966573380832472e-01 8.252427806540783006e-01 8.320494909731903643e-01 8.383736743340908237e-01 8.377536519689622319e-01 8.452313651680053441e-01 8.426235799444876662e-01 8.423022644926062563e-01 8.351798605279313614e-01 8.377607912905413734e-01 8.368578750250728060e-01 8.196801195650963434e-01 8.314792648784806728e-01 8.172890234131228171e-01 8.224815463106184277e-01 8.333040821225872197e-01 8.372847311180540153e-01 8.319263212389128581e-01 8.318166605131296354e-01 8.415684395166149745e-01 8.402676115290435011e-01 8.350483690503952561e-01 8.425914317029252754e-01 8.300195436532620263e-01 8.322263312329457596e-01 8.119124488490840896e-01 8.018927590481330636e-01 8.256331207445202214e-01 8.226005320849452129e-01 8.354066746102246643e-01 8.207036727906807938e-01 8.270401254751923448e-01 8.341890424927332903e-01 8.240103895909394183e-01 8.096407284833653240e-01 8.211108442048353773e-01 8.332288493812748387e-01 8.358258824533931763e-01 8.318423874943828844e-01 8.321954587130988568e-01 8.305968122315739999e-01 8.282295700475379441e-01 8.238907268257008587e-01 8.209379920967319055e-01 8.223589108068907194e-01
4.309825366900806032e-02 1.186426227198134065e-01 3.243824317141063007e-01 5.510129477835249423e-01 4.086173293981537613e-01 3.942101489989712770e-01 6.530510337548435240e-01 1.000000000000000000e+00 6.536634195452039053e-01 6.096666822194967139e-01 6.695036128105368300e-01 7.249673533103904166e-01 6.451798598527213047e-01 6.057375264003024284e-01 7.252401333970645014e-01 7.553909672595445768e-01 6.345024789633848528e-01 6.188929851568382157e-01 6.596835057373504618e-01 5.901177525642172794e-01 6.400049510313218226e-01 6.795371811853192501e-01 6.220477579173780969e-01 6.505722244817618849e-01 6.436050307947466242e-01 6.933082626081062960e-01 7.013986739013211569e-01 6.668285992887693636e-01 6.563358211198384584e-01 7.243418072671626851e-01 7.356588561503247803e-01 6.771668304032392172e-01 6.441661622862614456e-01 6.677766585498560170e-01 7.011922134719238420e-01 6.625066314469845175e-01 7.061428718379096914e-01 6.871077001919013716e-01 7.179978984588439861e-01 6.673572642814559197e-01 7.250908648538928469e-01 7.184551400374091790e-01 6.979815723863248556e-01 7.383967771289470239e-01 7.155773048744925591e-01 7.307603778730568100e-01 7.310189714803931871e-01 7.340238378613995751e-01 7.277048147380077436e-01 7.001780362336860186e-01 7.209151092357595214e-01 6.925348796468022705e-01 7.339701057737425538e-01 7.296755837994725047e-01 7.353564507905225867e-01 7.184224090003278329e-01 7.384503404687691175e-01 7.413959750157538275e-01 7.358607010880368060e-01 7.428345637162815374e-01 7.441621074227254828e-01 7.466692786172269836e-01 7.495073815025999897e-01 7.455416875003451072e-01 7.245613162916801908e-01 7.446564765808001418e-01 7.346042942612985849e-01 7.375400884007392577e-01 7.384661219443068303e-01 7.397165871784885383e-01 7.366117907797904429e-01 7.412386969582694940e-01 7.293158498765947018e-01 7.283062270266071891e-01 7.375514361352376591e-01 7.389674770722975961e-01 7.349138835044989326e-01 7.365927622280575848e-01 7.399901066234295666e-01 7.429628463134252403e-01 7.413865358703102260e-01 7.428635476493544720e-01 7.327647665521804798e-01 7.350131484263527915e-01 7.311785344004170240e-01 7.328736477399619975e-01 7.336160586007510753e-01 7.463424898750833369e-01 7.412489390711162196e-01 7.409658106549885659e-01 7.313187873624303892e-01 7.386959485363714384e-01 7.404662477059615888e-01 7.430273822333955946e-01 7.366185781986778203e-01 7.388296415085550128e-01 7.417398488637324538e-01 7.357888617346306503e-01 7.430320690166378750e-01 7.398502517924741007e-01 7.443724396622368733e-01 7.511288760899520467e-01 7.432212828556288287e-01 7.467086146623863607e-01 7.390476076732922506e-01 7.411776047005238510e-01 7.453334104560961348e-01 7.400409441989348469e-01 7.452175974822332627e-01 7.418065591208307108e-01 7.458242299761711491e-01 7.424459978930451065e-01 7.476543577902892146e-01 7.450944033098284569e-01 7.337440434227253672e-01 7.442303869179869302e-01
1.058447142024415560e-01 1.566261418014410212e-01 3.760717106441386903e-01 5.783713795735363483e-01 4.410721059686099621e-01 4.653827958945792598e-01 7.299739181031561497e-01 6.536634195452039053e-01 1.000000000000000000e+00 7.400913348659330371e-01 7.940463127641427254e-01 8.429821776492195662e-01 7.568983209688975311e-01 7.118562585190103542e-01 8.401752244731671704e-01 8.279487465244552702e-01 8.073955138072047566e-01 7.097580902222770938e-01 7.683065914689490850e-01 6.951734801714718470e-01 7.091106778143414502e-01 7.847538025180340604e-01 7.422467823903592388e-01 7.543493810797027299e-01 7.355006210288689283e-01 7.915348873468971425e-01 8.144746197818821809e-01 7.462250210677665585e-01 7.033675955216607267e-01 8.472556794208500053e-01 8.613945291244209379e-01 8.240838726725978614e-01 7.748268743361885758e-01 8.097791664879379070e-01 8.407376498804178810e-01 8.123472994049897311e-01 8.379385764057366570e-01 7.928960768201122056e-01 8.599524072190894985e-01 7.622922543232869552e-01 8.586142117794692830e-01 8.375159670902053710e-01 8.119789890745933159e-01 8.614256960240072036e-01 8.533623514741447424e-01 8.407400963449034315e-01 8.709284612715724183e-01 8.785716773891549813e-01 8.602573494001984900e-01 8.101080110245050259e-01 8.384574741560888445e-01 8.316567662820769646e-01 8.674678609912537253e-01 8.661825820163332468e-01 8.407581816641057637e-01 8.268086192788772770e-01 8.549820322514730675e-01 8.641061271640969599e-01 8.419914509306695161e-01 8.793550637064320163e-01 8.655157563188178305e-01 8.703608098296236051e-01 8.512002992105043297e-01 8.709019930710015789e-01 8.811885253236279025e-01 8.781575617909481712e-01 8.804967544681919778e-01 8.727209491309212419e-01 8.738713071196566595e-01 8.695486075227805145e-01 8.612153050153112943e-01 8.735774101701722083e-01 8.648214718617935892e-01 8.518650262402531759e-01 8.673333850297662018e-01 8.694749116151002655e-01 8.531566836821751210e-01 8.451234338256794487e-01 8.637344271189388856e-01 8.757249588458742018e-01 8.698860437498525666e-01 8.763933370993587380e-01 8.729956144099654258e-01 8.699168098047016517e-01 8.649426788370639940e-01 8.726807977947751427e-01 8.721208180431416768e-01 8.678251426128860135e-01 8.767470762778026838e-01 8.628414977535994179e-01 8.568124195655151265e-01 8.668464797840860214e-01 8.735823901061582353e-01 8.709080076633112233e-01 8.758828659374537917e-01 8.762285260703429612e-01 8.495400154435288620e-01 8.587192268650968296e-01 8.622594307676662018e-01 8.643428670018369342e-01 8.671708150201228316e-01 8.641503952695163138e-01 8.748205659214484120e-01 8.753269125897426006e-01 8.736234662756406921e-01 8.560387189547248310e-01 8.722383223494493132e-01 8.735862690664648600e-01 8.678368933701008370e-01 8.730182962816204206e-01 8.654953745587535829e-01 8.776270185719491357e-01 8.730810156484469786e-01 8.772087597804705261e-01 8.843988941876468335e-01 8.753772346102447477e-01
1.572230227540671529e-02 1.347534066008695408e-01 3.022598111069524363e-01 5.139046442765363709e-01 4.059407928877496463e-01 4.308796367857096188e-01 6.876422100435262141e-01 6.096666822194967139e-01 7.400913348659330371e-01 1.000000000000000000e+00 7.367177565554189345e-01 7.821491965480690256e-01 6.969624411934995933e-01 6.559344278204084500e-01 7.954431506732173585e-01 7.679472087281278281e-01 7.063316409264932538e-01 6.436831873623980460e-01 7.125213122859614945e-01 6.216490675062847915e-01 6.329249569972752454e-01 7.365345907886369226e-01 7.029887866249930894e-01 7.099044703192316508e-01 6.943358140335760265e-01 7.398300980183956099e-01 7.683556495033306843e-01 7.223546995799919879e-01 6.705302271190124452e-01 7.890934686116495289e-01 8.015903403117334847e-01 7.581883584843146506e-01 7.234388420453702340e-01 7.392901962612214994e-01 7.855272082928647093e-01 7.362978292942712333e-01 7.935213490920364210e-01 7.469314493700199842e-01 7.998177441126964604e-01 7.493501818931290748e-01 8.068732651221133256e-01 7.995723267914950361e-01 7.745921837367689688e-01 8.079560654036286316e-01 8.037720542807343937e-01 7.985118221482484513e-01 8.197804966736607080e-01 8.266707659062733082e-01 7.988393502568591487e-01 7.374940669337378685e-01 7.764274904881233175e-01 7.462589764393764424e-01 8.033487632560489811e-01 8.186112460311306682e-01 8.014045898643396004e-01 7.928129249305111426e-01 7.853154037042754387e-01 8.157022619062668234e-01 7.993438687618471539e-01 8.205991182508548532e-01 8.128555359291165239e-01 8.120983151885033946e-01 7.834495020825473777e-01 8.023143376595243126e-01 8.016874265755389306e-01 8.091020455098649755e-01 8.219866054643335529e-01 8.191996566787523859e-01 8.192096614326049853e-01 8.067279086678971201e-01 8.077384166859624681e-01 8.214782500133780418e-01 8.112181057723721889e-01 8.068985124308515333e-01 8.165226215722700687e-01 8.196756027034830527e-01 8.100626182645267459e-01 7.962086664458816188e-01 8.181140086292335578e-01 8.223490651858810230e-01 8.192906658615987103e-01 8.232718886377913270e-01 8.101457553904584108e-01 8.163573924027671680e-01 8.046483882830284262e-01 8.115851276436585326e-01 8.192377874437548613e-01 8.174779370887291785e-01 8.215068132336016404e-01 8.159876711279804296e-01 8.171886096177264358e-01 8.226363751407508307e-01 8.199510109020899939e-01 8.230523888529639454e-01 8.254641026605393783e-01 8.265814427459051705e-01 7.997539709964076593e-01 7.913473145681391152e-01 8.161159613137124458e-01 8.109472249688424172e-01 8.169597073440086898e-01 8.076714086174255902e-01 8.186077880194932987e-01 8.207865096780331271e-01 8.091682785163364366e-01 7.980383960001875554e-01 8.181339816569818124e-01 8.252915856891909208e-01 8.212045506493701463e-01 8.250562315202110142e-01 8.211400806730829727e-01 8.257726164696316262e-01 8.191122300899840170e-01 8.143804380240242669e-01 8.141002729175110808e-01 8.140676934001706000e-01
2.347529984672384190e-02 1.508408888776562318e-01 3.533366766406760284e-01 5.965956459502620435e-01 4.472856880688511616e-01 4.765048049400509855e-01 7.454641811688068609e-01 6.695036128105368300e-01 7.940463127641427254e-01 7.367177565554189345e-01 1.000000000000000000e+00 8.554486368988070133e-01 7.514684341051784955e-01 7.268284816811667604e-01 8.551659793587009784e-01 8.359558078267143033e-01 7.658895358952816368e-01 7.408293032718189508e-01 7.895214188505513819e-01 7.172639554507239668e-01 7.245986032075534267e-01 8.161247825686122059e-01 7.666416537835364364e-01 7.831092559912178341e-01 7.742492088173428266e-01 8.229853025159077351e-01 8.402009755130978030e-01 7.927139952038410042e-01 7.547059813882472934e-01 8.636532012265093483e-01 8.782127402798757254e-01 8.377482679844368008e-01 8.018666636820487303e-01 8.190508106665834731e-01 8.507532182389746511e-01 8.128634663004739025e-01 8.543656848537164450e-01 8.333406469882059797e-01 8.728970548475586400e-01 8.134410075071519808e-01 8.736738408079628426e-01 8.710772879818217129e-01 8.415706971831021788e-01 8.792574345616073206e-01 8.681363718328066748e-01 8.699879824241915083e-01 8.836033652783297221e-01 8.857615254222416246e-01 8.716285297067642990e-01 8.348672463660148368e-01 8.624759571306250816e-01 8.370575500023853532e-01 8.744324302638278867e-01 8.722519710612913757e-01 8.632786183175451544e-01 8.629202146060471756e-01 8.532003993163835842e-01 8.784355454213629288e-01 8.627127781184574795e-01 8.797110631112172729e-01 8.804108892324465918e-01 8.767116893990714033e-01 8.636895626411209559e-01 8.717193368340372395e-01 8.741109480763926687e-01 8.765945353305386600e-01 8.871034565461806132e-01 8.873361264307777496e-01 8.865310833416703007e-01 8.830012398901749826e-01 8.810638403299345667e-01 8.882793565020310478e-01 8.794956787233060291e-01 8.771128432849263357e-01 8.872025478917429098e-01 8.852395018710220720e-01 8.800004837715711403e-01 8.725147940564683680e-01 8.860590791730925675e-01 8.901393528591500237e-01 8.845063764675634710e-01 8.894099915957943692e-01 8.792599218552802354e-01 8.865199957693886690e-01 8.812425544897283247e-01 8.830530330320643939e-01 8.835025721601722504e-01 8.904691972499945152e-01 8.902032885690759345e-01 8.819346333464244125e-01 8.831847257972827991e-01 8.898297414979838837e-01 8.875022815305174673e-01 8.899804197433125452e-01 8.868429320409557670e-01 8.885104187370236328e-01 8.708300522855880743e-01 8.687208209686694271e-01 8.816040215338705188e-01 8.852595668446405774e-01 8.843514714873498272e-01 8.802685571233991313e-01 8.860492140533795524e-01 8.898042104762904358e-01 8.832760219626466514e-01 8.643096614971431668e-01 8.827115559109210974e-01 8.880630227875234706e-01 8.863634667422555236e-01 8.882278558562050064e-01 8.867617124348027291e-01 8.865083251274639142e-01 8.834537261370970507e-01 8.828335650952876534e-01 8.840791518634595336e-01 8.802899178689964632e-01
3.437735850722768022e-02 1.466082977622945316e-01 3.728899695136528303e-01 6.418706031010519286e-01 4.960601060179007926e-01 5.052439736880647292e-01 8.077432047114245783e-01 7.249673533103904166e-01 8.429821776492195662e-01 7.821491965480690256e-01 8.554486368988070133e-01 1.000000000000000000e+00 8.055427946458280086e-01 7.708489829610303268e-01 9.162912040142546788e-01 8.931094721250580903e-01 8.215778508856246276e-01 7.726937778189906236e-01 8.314618690209381047e-01 7.469510755258462753e-01 7.721672467631095493e-01 8.593165928108127405e-01 8.183132914256088242e-01 8.270169911652515138e-01 8.150586717508561119e-01 8.708789898251942940e-01 8.936620939312909240e-01 8.519869388466576599e-01 7.986194992658585123e-01 9.266075332106396001e-01 9.330366441707864666e-01 8.852329445227433702e-01 8.481237775661469858e-01 8.624008934684281868e-01 9.040188834646388782e-01 8.678351721445694000e-01 9.126007903716524261e-01 8.782773292036607504e-01 9.292046228995791690e-01 8.648691896304382398e-01 9.318674398885302690e-01 9.240367284770463208e-01 8.981113554346495942e-01 9.368646677108390941e-01 9.275317555617113019e-01 9.288510859655705332e-01 9.370365171193707488e-01 9.415663880563626131e-01 9.242479712224143107e-01 8.781884588678047221e-01 9.133737206439230816e-01 8.858766189037308170e-01 9.275689271035070238e-01 9.260991965377011192e-01 9.139989048127934446e-01 9.133895357983017327e-01 9.089791211556104145e-01 9.355604680908037318e-01 9.147422917577374690e-01 9.390363460638468940e-01 9.354961106559377404e-01 9.352789869250267563e-01 9.190613045526075942e-01 9.338410332983694273e-01 9.316560121027115393e-01 9.345230253831455780e-01 9.430200981505499902e-01 9.401447140169657546e-01 9.419737566041045396e-01 9.350494789252653538e-01 9.325782240526243605e-01 9.429357289497227734e-01 9.321399711377669206e-01 9.291134556555770141e-01 9.429306143294238218e-01 9.431808015417422197e-01 9.370392099777367090e-01 9.262939311499360784e-01 9.439417443977490274e-01 9.460042331116009784e-01 9.436741368334810032e-01 9.482715376320054457e-01 9.383269590894774970e-01 9.385127717464053498e-01 9.327137393166369250e-01 9.370637051860637445e-01 9.439798709600616400e-01 9.445011490779277041e-01 9.467860147574095331e-01 9.374215152903354609e-01 9.400074619476760374e-01 9.449691719564062842e-01 9.445373447049981719e-01 9.469301288358359381e-01 9.427278004118168075e-01 9.441969107201478861e-01 9.235384385897842385e-01 9.220187273509017345e-01 9.359178369603758929e-01 9.381429114410582137e-01 9.417890450285641979e-01 9.344729083251451796e-01 9.416972727231556206e-01 9.459222526476995796e-01 9.390120369814090040e-01 9.211044687046844315e-01 9.386250841497579822e-01 9.448333470809070489e-01 9.419100722321932517e-01 9.436251949006252415e-01 9.410787691817954492e-01 9.443070695422263183e-01 9.408659081664371149e-01 9.420212970498305083e-01 9.413907264908923933e-01 9.393766580967941593e-01
2.411597562442966206e-02 1.397529397752226843e-01 3.526387893439386079e-01 5.621209322866859148e-01 4.765327233718524846e-01 4.307624946988089509e-01 7.173868118252945125e-01 6.451798598527213047e-01 7.568983209688975311e-01 6.969624411934995933e-01 7.514684341051784955e-01 8.055427946458280086e-01 1.000000000000000000e+00 6.942804401812436854e-01 8.191122303050814013e-01 8.096436418110459776e-01 7.390728522005279855e-01 6.753908882946603187e-01 7.366492174332036624e-01 6.307252084891487032e-01 6.777673462397088011e-01 7.648284845354597072e-01 7.219958857865401702e-01 7.373341825823022111e-01 7.260471215571059345e-01 7.800860312982522693e-01 7.912679511646053543e-01 7.453072798426443324e-01 7.078587601582609912e-01 8.206191920503378423e-01 8.265610932762110785e-01 7.682505402034492947e-01 7.499441409972141814e-01 7.670494431232138810e-01 8.053269517368009112e-01 7.805997777919611025e-01 8.147147314495811754e-01 7.538035398122628905e-01 8.276698175108584410e-01 7.454313711216181693e-01 8.299141510982884773e-01 8.156017202378403885e-01 8.002903055018190104e-01 8.405528131905711797e-01 8.238685181451635975e-01 8.206275266804231583e-01 8.336218410201102769e-01 8.366353704467293095e-01 8.100319791321204388e-01 7.635727986835169068e-01 7.878047044209086636e-01 7.924823550853188348e-01 8.313954071355676989e-01 8.234594007789618475e-01 8.038774371487626969e-01 7.994942158540185861e-01 8.031419771927937878e-01 8.322741952537403565e-01 7.901400524665991298e-01 8.453421106096459248e-01 8.303430705868358741e-01 8.236478958728485900e-01 8.062508322838646269e-01 8.312553520458133560e-01 8.330910013986801976e-01 8.324659977328932037e-01 8.411333106456098108e-01 8.398729361232460944e-01 8.387173172335180560e-01 8.284465454022974518e-01 8.335047830767630117e-01 8.425058063783392726e-01 8.327528586941235211e-01 8.302758141187307483e-01 8.407117224754170337e-01 8.409252436335040715e-01 8.331632067123099228e-01 8.252884263032167489e-01 8.378814855649374671e-01 8.451488066912564712e-01 8.432055816992862773e-01 8.426451138819983644e-01 8.381317572307732666e-01 8.417440357082223157e-01 8.313938924794490593e-01 8.370647031218713119e-01 8.454887115688402011e-01 8.400975617105141957e-01 8.447041854434151897e-01 8.359820776388320329e-01 8.355053963962825181e-01 8.401265257227390482e-01 8.455714897550001830e-01 8.445363886850112412e-01 8.415148216138234050e-01 8.417738851538543177e-01 8.287380935546567740e-01 8.248322375504708592e-01 8.360014714990084972e-01 8.328124744228745380e-01 8.448931356178753793e-01 8.360512116376874747e-01 8.464208561107605666e-01 8.487369843697079030e-01 8.464784628802997091e-01 8.275075352921967831e-01 8.391688150927110179e-01 8.439219992821888061e-01 8.391603059071269799e-01 8.410773141838040479e-01 8.351782890667803771e-01 8.467889466763373063e-01 8.413264329425521604e-01 8.457396483903706352e-01 8.443889161392188480e-01 8.435693108371278282e-01
