1.000000000000000000e+00 1.427029632929775471e-01 1.274705216784626505e-01 1.549037265125136342e-01 7.958640269485500740e-02 1.036107603297733472e-02 9.348460460380461634e-02 1.087336646372807220e-01 1.550526047574461996e-01 5.076141578194025283e-02 8.624229547532959173e-02 7.562849613287463135e-02 1.093907416442141227e-02 -4.640031990717318616e-02 6.263241908540316538e-02 5.121348771980754194e-02 1.133271821435456461e-01 9.898451030931187944e-02 9.638332623629129736e-02 1.264396117096909522e-01 1.230889846811270977e-01 1.493695159426962349e-01 1.570327920149063861e-01 9.198231854662775042e-02 1.171652966327268314e-01 1.352947806346908866e-01 8.762591319154311442e-02 8.582955183118823328e-02 1.171152720138222553e-01 1.261643647022896997e-01 9.121906593676110120e-02 6.835540582067120563e-02 8.289567751867960022e-02 6.749207083873100255e-02 1.006245921386643427e-01 8.064470031284898255e-02 8.146381033019294005e-02 2.759451332194434031e-02 5.161032338788830442e-02 3.396802669688755993e-02 3.353291177441999893e-02 1.448607904773395634e-02 5.090566083624825655e-02 3.462272546308884508e-02 4.835733943470593710e-02 4.336716464962107886e-02 1.520696609795988861e-03 2.922961944487957597e-02 1.642117110484555761e-02 1.045352017021692129e-02 3.103443354022157943e-02 7.312408158397962210e-02 4.570531302829218545e-02 6.111350095745127914e-02 5.297375203866913629e-02 5.147107391354567574e-02 8.107745532007784584e-02 2.638726682164416540e-02 1.943692924448432724e-02 6.487935720433726794e-02 1.303686735226648914e-02 5.843754125090539625e-02 3.224839890880913662e-02 5.275308290817051077e-02 9.087695629305185541e-02 9.823656392431250051e-02 3.193562929502045261e-02 4.409891539490528450e-02 5.140531338903522179e-02 5.357062407867153875e-02 5.257488786833170585e-02 5.226436576727794270e-02 5.850767627627576767e-02 5.336785009792285178e-02 4.539177212010842011e-02 3.603946307903291291e-02 3.075405637105751641e-02 4.618426528954944210e-02 3.920432852371961985e-02 5.535842626243956538e-02 4.368740719776136039e-02 3.756781206262150424e-02 6.430635697633624304e-02 3.789710184119810671e-02 1.877261070478520449e-02 3.640745644912574824e-02 3.675807789844579704e-02 1.396551614376236733e-02 1.801715111975968689e-02 3.901088510224892669e-02 2.128588840897652906e-02 1.161935579781939870e-02 3.018278599263755912e-02 2.059032579701808308e-02 6.757305960028455079e-03 1.807658506481378199e-02 1.841903929149381336e-02 3.418875480579976894e-02 5.065443401955619165e-03 4.204789335256221665e-03 1.596281491863679389e-02 1.755387494281950012e-02 3.043895237195807721e-02 1.019265992691095572e-02 4.226607661192663401e-02 5.367870065754534042e-02 2.568686978044503258e-02 2.141738213520612277e-02 2.976838738804801765e-02 1.119047914956330762e-02 9.875387357158319640e-03 3.982063556203626481e-02 2.902892380318656054e-02 2.379155965041577711e-02 5.666210441868969189e-02 5.708654300082542654e-02
1.427029632929775471e-01 1.000000000000000000e+00 1.037029016664392095e-01 1.237302068885009210e-01 8.505520539186131601e-02 1.200417686399587597e-01 1.526162746336123810e-01 1.363953995878026959e-01 2.229503972909055720e-01 2.040347698636053864e-01 1.685940252075138479e-01 1.735667055063510322e-01 1.487181720717516420e-01 1.261184453156193597e-01 1.718196027236539858e-01 1.624731732567153419e-01 1.835084375351105079e-01 1.556251492648955681e-01 1.712089476041371849e-01 1.778224832037489933e-01 1.396461852964069605e-01 1.710167959425234196e-01 1.949778083520647687e-01 1.588722239013300452e-01 1.575929204119843607e-01 1.791207983610580701e-01 1.914099548741516610e-01 1.872037438249751218e-01 2.179465236863376842e-01 1.952454619553051773e-01 1.939812356258674986e-01 1.798057329479688660e-01 1.834108633977115654e-01 1.880555552169420885e-01 1.857860985221035099e-01 1.801873168382050749e-01 1.728242522316218721e-01 1.812157715869656682e-01 1.801702117439632489e-01 1.689742467456289143e-01 1.795999022266930312e-01 1.681940803744854940e-01 1.543103426150380653e-01 1.678195801813192056e-01 1.629688332646791749e-01 1.753754799762860250e-01 1.718654417464999529e-01 1.835752558786745148e-01 1.763344355504802841e-01 1.617396766862528312e-01 1.745372044870090456e-01 1.500753527133920351e-01 1.632504197695327230e-01 1.849698048497751268e-01 1.814424019390971921e-01 1.804633179636510598e-01 1.693276940464272240e-01 1.785529930839645785e-01 1.813766961158620461e-01 1.826175552419727344e-01 1.543631459038779241e-01 1.777947528052770121e-01 1.588731400491605050e-01 1.701567569115878809e-01 1.816733691529409667e-01 1.785239038427730018e-01 1.779121328333875263e-01 1.676747347578413372e-01 1.801657201104745476e-01 1.731349146853655152e-01 1.628284392805588177e-01 1.773806953904599748e-01 1.761328609084987507e-01 1.753814982836528757e-01 1.772775856116643733e-01 1.799465820988835896e-01 1.779895814208966864e-01 1.927337934810638420e-01 1.826583713217878602e-01 1.817407107205100125e-01 1.817282862987018854e-01 1.804196234959956346e-01 1.883621385788463443e-01 1.772909071860447605e-01 1.661452962704766112e-01 1.787440128442151499e-01 1.763507346117764996e-01 1.720885335475148548e-01 1.712309409786229031e-01 1.759099699583646093e-01 1.717404804772446059e-01 1.698747273657518486e-01 1.728945289860741308e-01 1.696177364006481447e-01 1.690561511382801807e-01 1.735560529277314634e-01 1.520688227797235559e-01 1.531824749805958119e-01 1.570698823695022006e-01 1.616341846809021265e-01 1.576070365336813550e-01 1.566999667348691894e-01 1.606214173217253294e-01 1.636205895183921732e-01 1.680168177104408300e-01 1.625879134630891787e-01 1.736867079819059967e-01 1.765541013095264788e-01 1.734863307763410689e-01 1.726463389988674435e-01 1.671156140625840447e-01 1.760652746849498962e-01 1.677786260997451984e-01 1.680448304318943875e-01 1.773159277440458925e-01 1.691801315759908497e-01
1.274705216784626505e-01 1.037029016664392095e-01 1.000000000000000000e+00 3.822601809636380077e-01 2.413704053213091283e-01 3.049380004728271532e-01 3.754876028631438656e-01 3.328384932049409661e-01 3.834335889874365688e-01 3.214400950511822619e-01 4.070471728953058421e-01 4.022160438959792028e-01 3.325044297161398044e-01 2.764634992452317253e-01 3.929382215139028967e-01 3.789647837366937888e-01 3.420507798980322312e-01 4.013853027518042293e-01 4.118699353551810161e-01 3.431911392659031668e-01 3.247208523318299567e-01 3.772531419202287406e-01 4.060596804021170958e-01 3.946646993819465377e-01 4.026431839375024246e-01 4.246056550965678356e-01 4.172543807790988768e-01 4.180324036266091503e-01 3.724210012847133378e-01 4.387494898190147374e-01 4.165335608087345487e-01 4.186716082364568825e-01 4.127263156022862312e-01 4.258855897255157119e-01 4.365970610992790379e-01 3.844333243643552334e-01 4.319046195606081606e-01 4.054176615215742685e-01 4.156391451656564762e-01 4.155813012591268452e-01 4.041815573152413577e-01 4.031977638479231074e-01 4.040073000431377848e-01 3.922551853970021596e-01 4.108281498222702277e-01 3.945188539479289602e-01 3.788617581320926631e-01 3.820087932998856850e-01 3.903609144684916932e-01 4.071203207024745030e-01 4.013768839273862410e-01 4.045410791804139872e-01 3.954778154036569515e-01 3.771597310246566082e-01 3.681057403939151373e-01 4.021517364768157909e-01 3.735672530986922646e-01 3.689169241233474228e-01 3.738847941178609635e-01 3.725368250864957154e-01 3.926362150195619738e-01 3.660846040423219039e-01 3.659158325037692450e-01 3.850955919917788961e-01 3.721521084193912254e-01 3.776317109422525076e-01 3.828921973231865228e-01 3.989067893232675077e-01 4.059885074845852038e-01 3.941036599520763017e-01 3.826800658942982603e-01 3.908173435890780478e-01 4.052070245921203795e-01 4.059904571881577384e-01 4.029181861655862784e-01 3.971653398892412423e-01 3.945161119245587655e-01 3.881480292224629980e-01 4.016953338831807940e-01 4.047901996239351430e-01 4.129198356447047469e-01 4.000009396665831773e-01 3.953173116315871760e-01 4.030684901555202648e-01 4.080376861131239652e-01 4.031368084623093706e-01 4.043431767943142519e-01 3.929100856136195086e-01 3.916763459352549104e-01 3.897490132023561649e-01 4.104281229357656380e-01 3.921728343872357692e-01 3.978383097344316832e-01 3.914373064650742418e-01 3.751359899467312520e-01 3.771786172203597243e-01 3.993216470678142560e-01 3.814759610877871965e-01 3.810981945887012556e-01 3.999037021704797135e-01 3.879811442023811119e-01 3.755796426568160928e-01 3.939598854029984221e-01 3.854307257490300342e-01 3.957727759276053470e-01 3.687343298388802704e-01 3.876986696421427792e-01 3.799667073749399826e-01 3.852674423554706684e-01 3.770576713458593798e-01 3.787858862684966854e-01 3.743204862746632444e-01 3.736303754699222268e-01 3.784614138794722971e-01 3.723486154407202320e-01 3.746184294979265084e-01
1.549037265125136342e-01 1.237302068885009210e-01 3.822601809636380077e-01 1.000000000000000000e+00 3.507395230638435391e-01 4.250455577052903999e-01 6.184894601006125647e-01 5.891814287133391170e-01 5.945654989399142831e-01 5.242999231974825314e-01 6.282826291497907167e-01 6.679091058998807284e-01 5.458318370962444988e-01 4.561708665668033347e-01 6.556625807084308644e-01 6.502205753141490074e-01 5.875967725666936259e-01 6.219634652213634762e-01 6.421847781901547370e-01 5.417651957392511930e-01 6.129364509697974306e-01 6.561376488894554715e-01 6.142166509598211421e-01 5.853756558220233330e-01 6.281105479985311657e-01 6.461763482944037351e-01 6.577205387029071426e-01 6.521511482868216358e-01 6.283232356698229548e-01 6.683902180738092724e-01 6.721934974919259176e-01 6.599976733862259470e-01 6.096010613113194143e-01 6.450978518742334078e-01 6.593365208822239421e-01 6.531945420111600065e-01 6.703977498299238391e-01 6.444276529054490110e-01 6.713855175567510214e-01 6.468797290873499195e-01 6.330653581396172846e-01 6.396413666339902937e-01 6.683654253618751540e-01 6.531354478413140541e-01 6.560397130097238572e-01 6.596871474014328607e-01 6.129041731732919329e-01 6.203684564311681138e-01 6.252168432968607803e-01 6.281062825557280904e-01 6.380167386701534049e-01 6.330930235297013153e-01 6.394781485014678912e-01 6.271380523310552402e-01 6.254684827798911995e-01 6.530444833251571879e-01 6.362094972130458714e-01 6.180516638035342680e-01 6.181166952789840519e-01 6.190004623186027288e-01 6.404284279009057057e-01 6.221629476273866644e-01 6.273246683289115389e-01 6.430268201524718119e-01 6.349868520832949725e-01 6.344161033936330796e-01 6.315714861172179173e-01 6.462163723639192670e-01 6.498923388215656072e-01 6.554930829319567387e-01 6.589142626399033809e-01 6.464999955102872509e-01 6.405497402962745390e-01 6.538402316828557659e-01 6.462259971486853383e-01 6.465074318626288230e-01 6.366339306316675106e-01 6.427629674212600452e-01 6.437102424881493423e-01 6.522228317962563970e-01 6.553439305832429174e-01 6.481877230213476393e-01 6.576672234631214531e-01 6.431169553992254206e-01 6.477261914444548685e-01 6.496475007328773588e-01 6.558973223006445696e-01 6.407562188499003053e-01 6.410449353869337452e-01 6.476282057129115755e-01 6.451066232739837147e-01 6.340464277140273053e-01 6.457613704808335964e-01 6.429846838618600291e-01 6.195488248450021773e-01 6.254598543373560693e-01 6.501446640874856131e-01 6.418290751065574007e-01 6.325688270294724802e-01 6.359980424137355870e-01 6.451159453225829843e-01 6.373490266943776517e-01 6.411176702538332606e-01 6.371833368783710316e-01 6.544936143571702392e-01 6.337014654921175882e-01 6.376676604102848867e-01 6.270697379075695910e-01 6.403870022546098717e-01 6.243230577345029175e-01 6.316774311625962257e-01 6.264715151016906347e-01 6.316771819865740767e-01 6.369072688666554960e-01 6.349331410546835697e-01 6.326868009304603691e-01
7.958640269485500740e-02 8.505520539186131601e-02 2.413704053213091283e-01 3.507395230638435391e-01 1.000000000000000000e+00 3.169492984470026475e-01 4.445526389775519838e-01 4.348735216052840857e-01 4.427438515040684752e-01 4.150179368735619212e-01 4.587456133757546461e-01 4.796641548658168719e-01 4.813137015232121785e-01 3.687775427635273107e-01 4.909327691490049106e-01 4.876087518565730416e-01 4.588647778828976453e-01 4.517791766160301759e-01 4.478572980013789673e-01 4.206533195759926680e-01 4.308653970430949554e-01 4.503110232312844685e-01 4.376430825377709000e-01 4.104684218129608930e-01 4.304873696928286364e-01 4.927084940969432281e-01 4.766747612826675029e-01 4.740631859713817509e-01 4.258380726537807082e-01 4.566516746929005222e-01 4.653803468825943312e-01 4.821661807944548350e-01 4.410365202417738661e-01 4.487178985709048828e-01 4.725122866081892803e-01 4.507110157194516575e-01 4.856548482151534230e-01 4.617040207445218258e-01 4.829454468717785942e-01 4.639459400664503463e-01 4.896372889919114457e-01 4.884850708553280518e-01 4.886574682703681560e-01 4.938338267214560373e-01 4.889684741197620754e-01 4.822427213599619900e-01 4.782920407753001868e-01 4.870302329154223564e-01 4.663361879547037181e-01 4.368501273399916229e-01 4.694290466692814801e-01 4.874815960917947555e-01 4.977103738604897742e-01 4.877108402094716411e-01 4.678101688746258979e-01 4.822804661750501598e-01 4.667711887127359294e-01 4.898722171537523429e-01 4.534499920218337810e-01 5.003481230112620803e-01 4.850381960317551866e-01 4.813463527487719662e-01 4.616144581738414465e-01 4.849955429660285366e-01 4.962260436850460255e-01 5.009403121008894066e-01 4.902499544045844093e-01 4.905154039296630852e-01 4.992426169848488415e-01 5.099655655727287629e-01 4.887637969862566045e-01 4.890465382084090429e-01 4.848623959256134208e-01 4.806426580594589937e-01 4.975866755918824103e-01 4.915345324051906273e-01 4.943854503205655782e-01 4.784215639267284659e-01 4.888902945868155436e-01 4.888680594074272800e-01 4.888176181670898512e-01 4.841200419792022758e-01 4.845876735637202337e-01 4.903936829936039743e-01 4.781208736039178619e-01 4.833690216781015292e-01 4.878003753357602057e-01 4.877438014357852181e-01 4.885782705374381862e-01 4.846433022522972367e-01 4.921374075454095776e-01 4.935548193595044597e-01 4.949656258320670466e-01 4.937931318133843561e-01 4.870877108596735061e-01 4.897098302821411564e-01 4.670376965025465066e-01 4.773475828153694311e-01 4.848736820812987736e-01 4.882485161373804061e-01 4.946956976119424865e-01 4.793760728362666534e-01 5.006729746890916655e-01 4.978628781622151389e-01 4.904865552825365960e-01 4.861262400313778320e-01 4.838924526548691318e-01 4.912303782232507743e-01 4.914257199714221480e-01 4.878100663792621083e-01 4.812225451710069879e-01 5.004846612678838236e-01 4.887211146464638389e-01 4.884719383354156341e-01 4.930974293195187763e-01 5.012767889736073901e-01
1.036107603297733472e-02 1.200417686399587597e-01 3.049380004728271532e-01 4.250455577052903999e-01 3.169492984470026475e-01 1.000000000000000000e+00 5.599537802133867093e-01 5.046949410713269524e-01 5.398363422522000077e-01 5.194029438209429861e-01 5.537842515137311183e-01 5.939154146052475491e-01 5.649027942679402114e-01 4.575623099536438865e-01 5.919228420677140612e-01 5.877862241483051697e-01 5.432895239540852517e-01 5.619258719234025978e-01 5.716686573747702393e-01 4.471175070598849555e-01 5.124727841055092270e-01 5.576566462640577537e-01 5.199978700165422962e-01 5.183089752889309398e-01 5.516923520144075832e-01 5.892321300433195352e-01 5.985746195520335045e-01 5.924545294229359715e-01 5.486912065852170839e-01 5.706461817940479131e-01 5.906506261760534615e-01 6.097515553424269763e-01 5.538747680352352765e-01 5.785857263520509663e-01 5.833291676984347918e-01 5.726631240060006123e-01 5.986594656366263090e-01 5.980268151155172518e-01 6.061928692907441185e-01 6.025221466815517957e-01 6.181150961488428575e-01 6.180599214117452611e-01 6.172309407507239332e-01 6.123771558289948791e-01 6.071939605547179708e-01 6.093197594382181448e-01 6.152034400166277450e-01 6.151653884497635394e-01 6.122479798680905416e-01 5.863613768298517881e-01 6.001410440119462342e-01 5.941369296232419384e-01 6.144450144808609737e-01 6.067158979755807868e-01 6.054347355263360875e-01 6.186226576264031163e-01 6.013467388210793629e-01 6.102750367849603119e-01 5.999646308864595712e-01 6.072805394207954066e-01 6.187132504237681241e-01 6.059187963342091976e-01 6.038444836564859086e-01 6.092718326287288599e-01 5.997390305101185648e-01 6.032546598804946480e-01 6.149342551561308712e-01 6.221100270249851905e-01 6.182085887427815063e-01 6.172022694678204191e-01 6.125773938386536166e-01 6.162274299701522295e-01 6.084712668122457258e-01 6.163087801379537600e-01 6.183362200044053569e-01 6.184019887443977792e-01 6.177652190922153785e-01 6.080139150978075557e-01 6.150761810359789417e-01 6.143515746654332199e-01 6.205482950067163772e-01 6.144446925349839050e-01 6.129835700105493723e-01 6.136091005281619770e-01 6.125542968537744937e-01 6.155107567571064253e-01 6.172627736666569387e-01 6.216727505338285331e-01 6.170807895145616895e-01 6.158088295673944668e-01 6.224732972068246495e-01 6.231364207253998755e-01 6.194837272493103342e-01 6.205395691790842605e-01 6.160912907826057161e-01 6.165218884455718751e-01 6.177977852965846894e-01 6.107407479336068867e-01 6.182346822750020010e-01 6.185994722427539116e-01 6.185324908882865458e-01 6.142366592508089473e-01 6.219288620111306232e-01 6.238498244614055777e-01 6.213837335705192366e-01 6.086830500623602314e-01 6.186989343042217371e-01 6.172388200899115995e-01 6.206618123567771983e-01 6.186228833428462082e-01 6.180227841566406921e-01 6.152608209470359357e-01 6.161558724193512138e-01 6.163197678205215579e-01 6.101493274185819660e-01 6.120004552228169858e-01
9.348460460380461634e-02 1.526162746336123810e-01 3.754876028631438656e-01 6.184894601006125647e-01 4.445526389775519838e-01 5.599537802133867093e-01 1.000000000000000000e+00 7.291211021802430636e-01 6.940305317986099620e-01 6.460156501609438662e-01 7.412528443034128722e-01 7.878172401317405926e-01 6.672592306080872282e-01 5.692597248834803114e-01 8.377941842456061439e-01 7.847228219882945721e-01 6.929122029407225325e-01 7.534653498706357366e-01 7.415377773847007248e-01 6.594031862512271802e-01 6.866725361498778879e-01 7.367272898695714778e-01 7.312012432351501223e-01 7.007280080043725157e-01 7.359998150847661957e-01 7.660070696080981678e-01 7.811286707200104651e-01 7.998391486520431970e-01 7.382364785467945278e-01 7.954283340374224132e-01 7.995010979759600289e-01 7.902765098593200754e-01 7.185983895824905598e-01 7.513451561177418858e-01 7.858348377004820140e-01 7.334146928877032234e-01 8.035128836026164123e-01 7.734552746662806122e-01 7.972106534732752436e-01 7.758560315336173741e-01 7.628810869381372761e-01 7.768810338350206068e-01 7.943927839030807680e-01 7.801801274203276071e-01 7.807163336192437519e-01 8.038167144757490945e-01 7.461665086941124958e-01 7.595951232114253049e-01 7.592516105940150251e-01 7.373632050249627756e-01 7.681145498155873552e-01 7.328001974471852753e-01 7.661607673544243990e-01 7.600617652334659136e-01 7.700536789445281416e-01 7.881446809875665149e-01 7.553481657512253200e-01 7.527803152032587208e-01 7.551426684561723945e-01 7.492502531482230221e-01 7.644044170958622653e-01 7.608247871485651626e-01 7.531385522962902312e-01 7.538876154513904915e-01 7.496909403299830688e-01 7.584835674392181870e-01 7.634006805487500991e-01 7.776921167864750961e-01 7.866854839900410123e-01 7.909213141047034545e-01 7.728376740026717817e-01 7.701719550021126626e-01 7.741801490689065313e-01 7.799361163116922402e-01 7.749282551897740401e-01 7.778758707320527765e-01 7.713912825111549632e-01 7.666686517945707768e-01 7.807648431134621703e-01 7.837374675331348906e-01 7.910830822169909737e-01 7.781111137016827328e-01 7.727699691057037246e-01 7.749487930883943720e-01 7.663493207050678935e-01 7.715073824264278013e-01 7.799087708874641311e-01 7.709408453354502644e-01 7.684365098353127532e-01 7.694062932285818945e-01 7.809122004440942622e-01 7.664453408253197875e-01 7.741624878035933133e-01 7.819403863547118583e-01 7.520064628037822496e-01 7.556968833028383514e-01 7.615810249769309204e-01 7.546433103610549198e-01 7.559068463234035473e-01 7.609598562394853660e-01 7.655370176911673319e-01 7.545039627577545538e-01 7.701120191272142756e-01 7.649591740639102300e-01 7.687695344839817757e-01 7.482367237523847026e-01 7.680264259955512651e-01 7.611511855692202344e-01 7.698432435726839662e-01 7.563300897703980619e-01 7.607562564134441319e-01 7.576868168976075291e-01 7.577990877562574834e-01 7.569990717504784250e-01 7.562737410658056936e-01 7.582002551740506524e-01
1.087336646372807220e-01 1.363953995878026959e-01 3.328384932049409661e-01 5.891814287133391170e-01 4.348735216052840857e-01 5.046949410713269524e-01 7.291211021802430636e-01 1.000000000000000000e+00 6.597457028660841383e-01 6.213556353120459619e-01 7.101028476202266848e-01 7.596498704168564986e-01 6.273024140206965305e-01 5.440097917790782667e-01 7.627067575898186513e-01 7.978843335612718635e-01 6.666089495103194595e-01 6.857688093246242511e-01 7.120165867199482745e-01 6.121950462960156214e-01 7.116696267225178785e-01 7.348465237167361996e-01 6.609842618640713319e-01 6.474857099327135934e-01 6.818723339028778252e-01 7.223455316127589398e-01 7.159423544345974166e-01 7.044620172911320033e-01 6.987564464609435921e-01 7.134617102062866811e-01 7.183027948689106879e-01 7.552543719634707831e-01 6.773994226763681015e-01 7.227506479077215884e-01 7.311727805267307367e-01 7.241252146918517596e-01 7.211678974732818048e-01 7.496152513901020997e-01 7.581382603738171522e-01 7.208135288669202945e-01 7.214396442500536910e-01 7.329914748723354023e-01 7.710321482444427721e-01 7.470550414364909297e-01 7.340507374305256239e-01 7.437079935476357262e-01 7.149803871045606884e-01 7.309110337097491916e-01 7.353932687739116458e-01 7.292500286753998973e-01 7.594449821237144738e-01 7.038248170033558626e-01 7.441151362513112044e-01 7.441872143429721920e-01 7.617824431689794729e-01 7.584748999449878459e-01 7.638926416476827796e-01 7.434090023306895167e-01 7.555487533045538440e-01 7.241126902283705480e-01 7.557158441262999959e-01 7.597921024479910024e-01 7.640316360075817270e-01 7.466399271343077126e-01 7.151586302371961690e-01 7.436555055395153158e-01 7.325168377855348911e-01 7.484975373126840914e-01 7.542503063959449250e-01 7.637909699666037833e-01 7.542300013877289988e-01 7.376874757146323347e-01 7.387975496554907151e-01 7.342646205704395079e-01 7.375286427578909842e-01 7.332893115344450985e-01 7.262121915949594220e-01 7.303846672191766087e-01 7.270497832189183329e-01 7.427332440821414750e-01 7.327504176976976646e-01 7.281647627918395038e-01 7.487543980228057450e-01 7.353583859571742876e-01 7.441326375761648793e-01 7.415825995026025241e-01 7.350835000198172597e-01 7.413793569388495985e-01 7.314402197468574673e-01 7.501321179273026107e-01 7.311676756746957606e-01 7.309861436332930618e-01 7.356674266960342434e-01 7.367530748178693356e-01 7.241700800781826208e-01 7.299594258997925689e-01 7.487207099832298152e-01 7.512922112365889582e-01 7.395877071406095071e-01 7.354144583130219903e-01 7.442960077243619965e-01 7.499227402942039156e-01 7.410830197553396337e-01 7.395233380820164237e-01 7.452686026218519055e-01 7.467041490597697839e-01 7.501229924856069875e-01 7.349595048986432566e-01 7.467011050295209174e-01 7.332670219846688653e-01 7.484121432738826130e-01 7.349924782074802598e-01 7.459107429893669927e-01 7.397571410164363037e-01 7.288754451657957212e-01 7.381245135526460777e-01
1.550526047574461996e-01 2.229503972909055720e-01 3.834335889874365688e-01 5.945654989399142831e-01 4.427438515040684752e-01 5.398363422522000077e-01 6.940305317986099620e-01 6.597457028660841383e-01 1.000000000000000000e+00 7.584444627226823998e-01 8.126006487167382053e-01 8.406592636149156084e-01 7.428864544007283133e-01 6.081948722723024003e-01 8.275479835203092271e-01 8.256195831740582580e-01 8.250181219838987889e-01 7.822821646278987906e-01 7.994361433590091437e-01 6.720049881126411995e-01 7.355688688002910425e-01 8.123550895728526289e-01 7.653772218329204513e-01 7.233525121911084099e-01 7.593652668052476296e-01 8.282101865028278498e-01 8.320281403663809527e-01 8.101452530573383104e-01 8.000366615242612278e-01 8.198582615318495970e-01 8.411687538495208338e-01 8.592943909009511660e-01 7.752497521225039101e-01 8.077998116285188823e-01 8.336375176428515443e-01 7.980832991998036974e-01 8.219114422004754061e-01 8.405604292646778886e-01 8.514996074320902997e-01 8.127614303305543686e-01 8.621184650330229182e-01 8.506589638454854496e-01 8.247457560455824233e-01 8.618613425164092234e-01 8.449624727219974263e-01 8.501712639099301416e-01 8.690506893598863858e-01 8.815403413618515538e-01 8.676406454305374272e-01 8.180280598486053822e-01 8.544677056839113938e-01 8.245454013913536828e-01 8.677669440201605244e-01 8.766766368802481058e-01 8.654326660460655019e-01 8.679609065050434280e-01 8.678380445152613643e-01 8.664561466375508836e-01 8.589698997762343913e-01 8.830027788858068050e-01 8.655055678419718568e-01 8.723761676473489324e-01 8.578464902527008773e-01 8.680332635957128673e-01 8.783292833106847164e-01 8.885816111093802760e-01 8.768040380921383603e-01 8.732475101464122202e-01 8.791941432095351505e-01 8.727349445745310463e-01 8.633904434860282251e-01 8.781672406855999258e-01 8.617951978585292050e-01 8.601897060621728208e-01 8.750765373557313209e-01 8.746467678460796424e-01 8.697609641659612700e-01 8.708944490255298154e-01 8.676311025636676000e-01 8.797747395683097604e-01 8.744367681193218056e-01 8.721730178348362506e-01 8.787514356128264259e-01 8.713808958970186147e-01 8.550289295516774191e-01 8.662611737969727610e-01 8.613013369690233345e-01 8.689123650401812116e-01 8.667844707670110393e-01 8.713091561217825021e-01 8.583513725077815959e-01 8.696884580220761718e-01 8.710020884985333334e-01 8.683199075612070272e-01 8.715978673656319398e-01 8.755307573360789908e-01 8.511639660164090904e-01 8.658560509302882791e-01 8.654997758279721065e-01 8.638128967288813964e-01 8.599783145910139259e-01 8.656227840876123958e-01 8.759259903240497191e-01 8.704134344565181980e-01 8.754101196113656114e-01 8.720580419339895029e-01 8.789657737377341018e-01 8.758207088006736418e-01 8.762062609281665582e-01 8.746245568954241767e-01 8.679839648703290278e-01 8.824901573773934471e-01 8.733681092821757863e-01 8.730297185028024209e-01 8.819978272268563790e-01 8.838054437774884864e-01
5.076141578194025283e-02 2.040347698636053864e-01 3.214400950511822619e-01 5.242999231974825314e-01 4.150179368735619212e-01 5.194029438209429861e-01 6.460156501609438662e-01 6.213556353120459619e-01 7.584444627226823998e-01 1.000000000000000000e+00 7.416182929445601646e-01 7.872691765204274938e-01 7.259703093607875468e-01 5.835714682677664022e-01 7.784615438247877162e-01 7.706343852691196483e-01 7.646686115535071826e-01 7.078250235563045001e-01 7.337670128358556587e-01 6.041266525352221306e-01 6.770353170642627871e-01 7.349715203925389906e-01 6.864467525272499593e-01 6.478480084901383496e-01 6.817043209000412940e-01 7.490227293694454724e-01 7.675893461945622054e-01 7.555063660032259598e-01 7.397391903690978543e-01 7.388439486240319098e-01 7.781530371566395266e-01 8.062321333985567051e-01 7.346331767140739100e-01 7.544672125870707236e-01 7.659456893320372162e-01 7.478480491374235317e-01 7.519250177655971701e-01 8.081364382795340751e-01 8.010539924899182651e-01 7.749656892909930761e-01 8.178296092762459280e-01 8.076863742280219194e-01 7.751081572692589683e-01 8.098112318663255316e-01 7.938768186458763365e-01 8.008871158660637590e-01 8.262597054459539514e-01 8.348269722728769437e-01 8.220493625004218208e-01 7.737223097644946312e-01 8.107667521857317983e-01 7.463386050666350746e-01 7.991330927479172175e-01 8.207018618480547145e-01 8.116372954573289888e-01 8.160179662752383711e-01 7.962534142573176599e-01 8.213078067328787313e-01 8.151751714639924318e-01 8.249832088955624254e-01 8.081956239492337213e-01 8.171582146380775846e-01 8.012898858555034254e-01 8.126103031150215816e-01 8.120128335204069847e-01 8.123250030683640821e-01 8.257594310057468912e-01 8.135544544817245871e-01 8.196351158595248654e-01 8.088959695629900359e-01 8.080717511002386555e-01 8.192740810634621118e-01 7.955675403336125440e-01 7.976870725676591389e-01 8.196152568099853708e-01 8.210651734343262786e-01 8.159742547520795197e-01 8.208582845463783251e-01 8.152086656634727202e-01 8.202521299783497311e-01 8.157005021231161779e-01 8.202971515078425480e-01 8.242267286153976968e-01 8.186095648902983468e-01 8.055116343810317936e-01 8.120711041994699286e-01 8.128824859022566462e-01 8.216227904262082271e-01 8.206234938837007054e-01 8.189110710546597671e-01 8.128940315130069871e-01 8.227307361068411096e-01 8.198851098307817775e-01 8.193348140965930337e-01 8.266597719445499814e-01 8.282651157584886015e-01 7.954405346129147514e-01 8.004204781136701197e-01 8.129539433023701411e-01 8.159926856381387594e-01 8.096203835571650353e-01 8.090146379248994712e-01 8.169074032349279424e-01 8.204639262004981282e-01 8.171102944238951560e-01 8.057030928743281750e-01 8.263779461245344127e-01 8.270550121865358761e-01 8.220726743948555404e-01 8.287942463417828920e-01 8.212372615818163135e-01 8.274793584631344734e-01 8.201975110826115190e-01 8.239167362235036984e-01 8.227634015949226720e-01 8.192853338983271394e-01
8.624229547532959173e-02 1.685940252075138479e-01 4.070471728953058421e-01 6.282826291497907167e-01 4.587456133757546461e-01 5.537842515137311183e-01 7.412528443034128722e-01 7.101028476202266848e-01 8.126006487167382053e-01 7.416182929445601646e-01 1.000000000000000000e+00 8.770776137960331065e-01 7.685010900025646130e-01 6.426988971439188125e-01 8.668940358237864352e-01 8.522569934956161219e-01 8.127850956295930018e-01 8.117449089086072878e-01 8.279668015739235498e-01 6.724021937865071186e-01 7.540880977534751839e-01 8.268418942953030815e-01 7.893435564711763774e-01 7.552330181112586471e-01 7.864820610251448407e-01 8.489974407562969061e-01 8.632552072865340431e-01 8.458539118955019642e-01 8.154491668393842874e-01 8.485494532933237632e-01 8.755468917438525844e-01 8.876676805671624981e-01 8.185735852835503978e-01 8.465162935964147817e-01 8.607382246133019610e-01 8.361551919409854206e-01 8.645687861792441531e-01 8.762695391292575353e-01 8.887977796552646303e-01 8.647853440939250458e-01 8.857051197646738094e-01 8.859893276245760507e-01 8.723379717334822647e-01 8.942619531667055366e-01 8.898433012416467891e-01 8.857938342564527501e-01 8.859338135410126380e-01 8.910265619390427272e-01 8.851647135739040273e-01 8.475568424790990152e-01 8.808183064744403712e-01 8.424745905735995244e-01 8.823499132677844470e-01 8.844165459942293639e-01 8.769212040411333842e-01 8.953998924944753801e-01 8.791213713325820578e-01 8.842693923862855465e-01 8.784128253789964536e-01 8.878967299342810371e-01 8.928012102980871223e-01 8.841955671341557021e-01 8.792100459740395113e-01 8.883590097882054781e-01 8.765933112309081121e-01 8.849033622787101372e-01 8.928314489537960696e-01 8.972481165621559729e-01 9.034136850544812747e-01 8.940328832718054120e-01 8.887610481276823071e-01 8.965603387928704482e-01 8.870378268740365391e-01 8.871732632756895720e-01 8.991288707531714941e-01 8.984271491867344972e-01 8.941441939916080495e-01 8.896608435543290616e-01 8.895354152521133262e-01 8.972611123782140430e-01 8.996308673088264651e-01 8.981271488545895521e-01 8.972934362680423659e-01 8.959805133379522557e-01 8.880037802983797857e-01 8.932441182300814297e-01 8.945507939534899089e-01 8.964013999644685482e-01 8.959171192679152851e-01 8.959358666420018658e-01 8.965292386356296106e-01 8.968116529441505502e-01 8.994264528101961753e-01 8.984287139544527845e-01 8.908854682252040913e-01 8.940197469526842688e-01 8.892854230682896155e-01 8.780582530057798873e-01 8.888750820995603430e-01 8.929975741996412086e-01 8.953190749303303608e-01 8.880437583358721243e-01 8.943092098543183877e-01 8.957491272653241854e-01 8.949666505015695384e-01 8.847069825554495504e-01 8.961380720876109818e-01 8.939801971676608616e-01 8.979972848721559098e-01 8.917846376677438514e-01 8.920031500967564586e-01 8.937418772168176373e-01 8.942819701495913209e-01 8.936872524867074397e-01 8.872769213366026309e-01 8.911986930435581433e-01
7.562849613287463135e-02 1.735667055063510322e-01 4.022160438959792028e-01 6.679091058998807284e-01 4.796641548658168719e-01 5.939154146052475491e-01 7.878172401317405926e-01 7.596498704168564986e-01 8.406592636149156084e-01 7.872691765204274938e-01 8.770776137960331065e-01 1.000000000000000000e+00 8.102601514724050435e-01 6.673689929093148399e-01 9.140035596077369373e-01 9.068451596810509496e-01 8.543564525196978288e-01 8.485478430831150387e-01 8.656707980729089202e-01 7.092046721660655306e-01 8.057327150509620006e-01 8.727275922378043838e-01 8.233403733275412861e-01 7.869970498539291537e-01 8.228359611129879569e-01 8.806943674693774593e-01 8.974810442139968814e-01 8.879151194121833734e-01 8.525481445661635682e-01 8.810254800950231280e-01 9.092694489121483370e-01 9.284615178905153421e-01 8.509142253421797530e-01 8.826360692114298967e-01 8.982065825932525893e-01 8.777780497178854224e-01 9.009661409466802606e-01 9.216381466537961753e-01 9.331873879871062094e-01 9.045152565367869935e-01 9.280183767329871491e-01 9.297985979319187688e-01 9.184597473954666524e-01 9.380384462155095804e-01 9.266773918648845143e-01 9.326211050771858746e-01 9.274054536009633809e-01 9.338327903941447961e-01 9.275413408397186199e-01 8.852528964716739335e-01 9.218451575495826278e-01 8.797031081753712289e-01 9.216418769869730854e-01 9.313836143106689613e-01 9.257931377889282443e-01 9.411554641131200105e-01 9.219724097157601106e-01 9.302135990632377505e-01 9.236806418806872143e-01 9.314378929257812745e-01 9.344523509168786157e-01 9.306214528877024827e-01 9.234819988536578927e-01 9.298535271657084600e-01 9.244117830328141272e-01 9.300180939791514723e-01 9.386372899242547696e-01 9.419524361223025055e-01 9.449467467506477147e-01 9.380629926047697742e-01 9.365181525013225317e-01 9.401588636942911359e-01 9.261375645933314082e-01 9.276004154536184876e-01 9.391242098157326357e-01 9.413346235144318674e-01 9.358092613609886312e-01 9.316939512336265272e-01 9.319676642058739580e-01 9.389979206718275240e-01 9.393614541742719704e-01 9.371697882324440121e-01 9.407424741873372520e-01 9.369047790284401600e-01 9.266969307612182849e-01 9.344715211070776517e-01 9.361660020632243118e-01 9.392682222779520362e-01 9.391920957477368770e-01 9.410582544323270460e-01 9.339273605888297469e-01 9.381760774368073097e-01 9.406918839526822174e-01 9.421136855913607722e-01 9.339013683100580998e-01 9.376819078930088702e-01 9.255712608319858203e-01 9.217775923536896121e-01 9.313997689654105461e-01 9.329209263014213160e-01 9.378829728180955172e-01 9.324581490654022531e-01 9.359813276051914821e-01 9.394970553966116578e-01 9.386738811735904076e-01 9.285589734917099047e-01 9.397083993810584346e-01 9.389400738847698547e-01 9.424375585894866347e-01 9.357614905140421158e-01 9.362735354906556173e-01 9.374892627941098233e-01 9.381453657109201094e-01 9.388586458896841513e-01 9.340149164176002605e-01 9.351001934357865419e-01
1.093907416442141227e-02 1.487181720717516420e-01 3.325044297161398044e-01 5.458318370962444988e-01 4.813137015232121785e-01 5.649027942679402114e-01 6.672592306080872282e-01 6.273024140206965305e-01 7.428864544007283133e-01 7.259703093607875468e-01 7.685010900025646130e-01 8.102601514724050435e-01 1.000000000000000000e+00 6.206356537659247774e-01 8.112645476602657890e-01 8.019978314450836310e-01 7.776772327868514134e-01 7.525299770306052016e-01 7.639321645398545746e-01 6.334545028024411994e-01 7.057492070834429088e-01 7.574150538207758965e-01 7.069965768708439402e-01 6.880704744768012526e-01 7.153070661827877208e-01 7.801972852178893358e-01 7.954593101650958564e-01 7.837007112323380875e-01 7.316717797887284380e-01 7.580439133283540798e-01 7.969254363191746737e-01 8.295024352981984483e-01 7.608060278573167690e-01 7.796312032277296078e-01 7.860388634672086372e-01 7.728883794713603539e-01 7.925804852627243990e-01 8.203137403004904238e-01 8.287398457095009885e-01 8.051811409935918373e-01 8.494330951899804472e-01 8.431450619992374440e-01 8.145832505793415557e-01 8.500766775707949696e-01 8.367215116662918284e-01 8.326397480940558316e-01 8.573591353689431482e-01 8.577390689874039298e-01 8.394649038752828307e-01 7.832850484754942944e-01 8.219232819377204624e-01 7.941173311742246721e-01 8.328186698575877900e-01 8.394715091517657157e-01 8.230357112809102427e-01 8.386454411646080409e-01 8.126952535801589272e-01 8.478194052015896043e-01 8.172646219583422633e-01 8.580539775069537800e-01 8.430848212227158855e-01 8.351771561130626464e-01 8.185818179667546657e-01 8.412336306844817591e-01 8.489786832532303373e-01 8.381619602435178562e-01 8.594596552866168304e-01 8.536296224428856494e-01 8.539585405260342599e-01 8.449451385944848347e-01 8.452600050926294406e-01 8.537280985424701152e-01 8.325358378025974337e-01 8.358641964045731010e-01 8.566030541319148428e-01 8.560733931782452677e-01 8.548845427839621980e-01 8.407110326634218422e-01 8.462680182792665651e-01 8.474020135071456128e-01 8.481615235638678696e-01 8.501969444635300022e-01 8.441362894047834686e-01 8.541571613695354559e-01 8.341356711913390232e-01 8.462253687605268970e-01 8.493779695553260733e-01 8.568783761375606822e-01 8.596993807423891631e-01 8.489399443320023719e-01 8.509061016699513980e-01 8.608956358170521961e-01 8.580938632151429157e-01 8.594079283476558917e-01 8.618175445070291874e-01 8.610683244727818098e-01 8.291102477888774303e-01 8.258472090134304500e-01 8.495536310365554566e-01 8.541885630316088385e-01 8.556024525874358355e-01 8.428891465337631228e-01 8.557949137674248918e-01 8.628133406662535920e-01 8.493387443930821012e-01 8.368933332026690097e-01 8.495992619592035444e-01 8.604973250247915928e-01 8.572441247794853059e-01 8.601178432233397286e-01 8.507245261419417171e-01 8.619885490466648870e-01 8.535349522009868517e-01 8.574269912054250931e-01 8.572351727450403525e-01 8.547384212877450205e-01
