1.000000000000000000e+00 3.881838928904869923e-01 3.429218993385284020e-01 5.141211990998172110e-02 5.353649370107737247e-03 9.341994274877633841e-02 1.011096828043790280e-01 1.705465338146341381e-01 3.583480679587618400e-01 1.615677537238353056e-01 1.436895977242301226e-01 5.217975342950311943e-03 -3.766131629201895808e-04 1.162342687644537659e-01 9.360494958530944654e-02 1.530706036920735924e-01 3.044093178907950614e-01 4.644739847831400037e-01 4.019005269219860232e-01 2.789816767735083247e-01 3.898838470794059319e-01 3.709140127386502672e-01 3.762609307045900464e-01 3.974290258588245583e-01 4.040061942835960762e-01 3.372490438059252416e-01 3.227774809811656542e-01 2.833503551834364309e-01 3.456798495781078229e-01 3.453879999452186267e-01 3.198326555587273634e-01 2.855265191407261316e-01 2.198864419268678483e-01 3.088539526523153556e-01 2.863022579854012650e-01 2.953311617984711868e-01 2.921057511867631851e-01 1.859141191035752760e-01 2.106852958463687753e-01 1.196091939108152730e-01 1.540234454106207129e-01 1.103089271171509289e-01 1.131248936784046422e-01 1.570285939179426882e-01 2.016090243329681786e-01 1.550622139380459230e-01 5.620050656637910758e-02 9.851800526836966554e-02 1.095566848293660078e-01 1.553655073458923286e-01 1.151839393220544794e-01 1.826199203579350894e-01 6.483979801403252918e-02 1.839768530068175700e-01 1.944236622333119779e-01 1.804146968628097536e-01 1.701530025129330548e-01 9.178613931469727094e-02 9.587844205264454966e-02 1.401967319002996870e-01 9.842755599687208479e-02 1.097483094430426326e-01 9.915437675772376114e-02 1.445527158321264771e-01 1.636260810815120259e-01 1.579142747484896248e-01 9.537356073886782415e-02 1.510515610378823925e-01 1.856426888751654125e-01 1.620106919640994236e-01 1.647733416547940977e-01 1.563558491777206072e-01 1.761776005744419837e-01 1.937827073807360800e-01 1.282283466022166030e-01 1.353083514983350888e-01 1.154906094210883111e-01 1.451206392262474332e-01 1.002339519532730733e-01 1.365817315138488364e-01 1.375145613601348460e-01 1.132730272241718461e-01 1.132327190464332972e-01 1.361632309526464857e-01 8.902696766320165878e-02 1.349512833903388498e-01 1.145690759796906266e-01 6.685797412470964596e-02 7.562845583482907807e-02 1.009805212885889342e-01 5.651121579795266581e-02 5.249138189543330058e-02 7.327245332632657815e-02 6.746795682132110394e-02 1.774835493949125653e-02 4.445130501501594333e-02 2.419289526646180993e-02 9.149820127685255600e-02 3.165507665747357979e-02 1.948225517899871209e-02 2.246560519832902295e-02 4.581625028975762348e-02 3.937014514597361042e-02 4.163763026973129472e-02 8.646419018665614520e-02 7.055222238949615532e-02 3.281684507259032685e-02 7.755134637615153370e-02 9.034658691118066520e-02 3.882442778472800643e-02 3.808002504303381608e-02 6.297402965014568810e-02 3.488888464939683687e-02 6.131367566539209363e-02 1.002925177464730755e-01 7.120901297539466990e-02
3.881838928904869923e-01 1.000000000000000000e+00 2.930885119223164414e-01 6.282967139588369054e-02 1.011011433847879282e-01 1.455256087780883445e-01 1.973870407702632557e-01 2.184773484184678594e-01 3.580163136646566935e-01 2.865005410107000494e-01 2.411488417016077468e-01 1.204048987787815911e-01 1.176958637934224922e-01 1.728414152395948422e-01 1.955901604384805981e-01 2.252725105196099475e-01 3.121137442071691970e-01 4.115262247643176607e-01 3.900340635179702087e-01 2.289698125699943798e-01 3.199292822526712543e-01 3.515986988094806365e-01 3.694278336662252249e-01 3.699566307088230088e-01 3.773339927160408447e-01 3.710676978403658621e-01 3.458595526336084025e-01 3.284744203007026186e-01 3.724109340989955053e-01 3.675661921607725757e-01 3.532812855983872846e-01 3.280612180398187472e-01 3.066674533988843487e-01 3.367368643807737705e-01 3.440106412314168360e-01 3.105385339670904687e-01 3.246238310915076641e-01 2.796849167627187827e-01 2.901457704594531672e-01 2.335690508393477582e-01 2.565518593740802600e-01 2.258250262138302988e-01 2.141344581811114034e-01 2.389105868622507234e-01 2.722046723258775835e-01 2.481173444129687877e-01 1.722232642816466930e-01 2.071572045828762310e-01 2.091811890389164430e-01 2.419541608351202799e-01 2.302625922221190058e-01 2.349158226324600529e-01 1.708982966807386927e-01 2.573140003526510067e-01 2.710471320800041939e-01 2.702865122008910048e-01 2.381292879563805254e-01 1.949455176776729304e-01 2.020739194321320154e-01 2.277364870852183476e-01 1.958137470852610584e-01 2.040006551737592877e-01 1.990695085395302877e-01 2.335412448392565343e-01 2.427829292480095935e-01 2.315088853686366743e-01 2.096835945242045418e-01 2.469168556538664239e-01 2.660180042721411175e-01 2.205719695953834714e-01 2.412687357844977287e-01 2.506131827597360973e-01 2.522355972265628021e-01 2.601677963838134877e-01 2.373080221692465408e-01 2.391718546455538219e-01 2.251869153563142989e-01 2.444541981532508956e-01 2.173221903872128713e-01 2.417334213656128772e-01 2.321065615459582954e-01 2.184677615737271317e-01 2.239476860122926183e-01 2.438320863458484644e-01 2.054126240665190839e-01 2.347566834001217073e-01 2.183524630366344421e-01 1.967314765548232036e-01 1.976531417533713697e-01 2.152005219937742631e-01 1.872140408294843961e-01 1.824178976018020759e-01 1.909022460944243826e-01 1.895874371500507749e-01 1.515917020879475885e-01 1.706061745135958596e-01 1.531476204510511530e-01 1.839916963068193856e-01 1.590930206043778272e-01 1.613586150621995896e-01 1.555365502515556331e-01 1.681463311428616214e-01 1.550397730729705659e-01 1.657901050658108222e-01 1.908662327869287134e-01 1.839900378802567793e-01 1.572893741203412188e-01 1.986721870684519664e-01 2.063615331579531920e-01 1.676612997085892565e-01 1.685537154061000076e-01 1.794562935288467886e-01 1.637039909492906675e-01 1.758407127502479295e-01 2.064185592741999975e-01 1.789547943397131191e-01
3.429218993385284020e-01 2.930885119223164414e-01 1.000000000000000000e+00 3.646618385372952797e-01 1.239683384402397448e-01 3.064148562268552145e-01 3.850171097257303887e-01 3.861310473357130735e-01 4.866952982875966116e-01 3.482354681303053145e-01 4.598134742149515564e-01 3.677973613264431396e-01 2.839536477647320312e-01 3.838685034317464440e-01 4.190396839099798654e-01 4.492865777910773906e-01 4.945312941277689722e-01 5.673900620103227155e-01 5.537825155128042187e-01 4.513027375934139940e-01 5.624366309187285307e-01 5.754700404659248703e-01 5.588807777174831237e-01 5.493541468157526753e-01 5.715972259629922281e-01 5.692442298215705243e-01 5.719208234680186465e-01 5.437305354722997697e-01 5.387431538231383099e-01 5.664696151584963646e-01 5.508975558085996704e-01 5.036536508779223542e-01 4.792767299911223633e-01 5.175195968373064170e-01 5.079323741947465720e-01 5.151754547222431313e-01 5.258064608902647263e-01 4.787063947422424692e-01 4.893911109084485567e-01 4.694943937349040364e-01 4.675839430925908258e-01 4.459252356939027440e-01 4.603842840531537361e-01 4.687769306709490547e-01 5.048367010227058360e-01 4.640216693878179699e-01 3.739852047558757664e-01 3.905263687558278574e-01 3.944555045567291751e-01 4.495771156745255182e-01 4.383027231284793435e-01 4.810010385179694370e-01 3.925547986006224233e-01 4.324383258538153640e-01 4.560632929105233879e-01 4.810621412464928803e-01 4.389115022192467408e-01 4.046074465550226762e-01 4.076422230164104543e-01 4.187881848471957102e-01 4.255539609290177605e-01 3.994840712825838414e-01 4.113437374394153800e-01 4.194471637296725008e-01 4.353337041516838757e-01 4.285562729604485699e-01 3.951282481821566939e-01 4.456367551782016712e-01 4.605542402437401983e-01 4.608262535369078705e-01 4.734684164439252330e-01 4.554759092503427031e-01 4.632252342241808263e-01 4.774734609248155737e-01 4.401978263418578341e-01 4.431828877840721659e-01 4.369917969830263149e-01 4.355924197544506771e-01 4.178159004404899957e-01 4.301957195355981534e-01 4.359664324611101649e-01 4.243226995104600330e-01 4.223783383341316866e-01 4.248029794125472436e-01 4.024147458320850301e-01 4.305425121356085127e-01 4.379598560653062966e-01 4.013523447440591196e-01 4.006622671853843354e-01 4.264888394496298973e-01 4.079549538483938642e-01 3.918438619898017561e-01 4.050354694770733621e-01 4.033582977908735656e-01 3.506700204609186633e-01 3.572630299292123279e-01 3.782079517743490715e-01 3.903895363338900637e-01 3.688854856034482488e-01 3.739870052122949984e-01 3.758043525791078254e-01 3.751677170938771400e-01 3.674735760108350791e-01 3.788656185811144494e-01 4.112831750485397841e-01 3.849608103301744855e-01 3.525405557577266924e-01 3.810425255292398949e-01 3.965021035298343932e-01 3.624785694203724873e-01 3.733472321946554873e-01 3.761146577500442678e-01 3.616955223228850991e-01 3.753627133615518030e-01 4.055781860943297179e-01 3.821543421566874210e-01
5.141211990998172110e-02 6.282967139588369054e-02 3.646618385372952797e-01 1.000000000000000000e+00 3.461093742827091591e-01 4.649610247181621969e-01 6.332104002510386964e-01 6.240883214778598642e-01 4.514682929223878260e-01 3.805830150914175092e-01 5.748923832446743987e-01 6.714359771126928722e-01 5.013091764079204982e-01 4.974928238961424665e-01 6.206940031263873392e-01 5.960317306900529966e-01 4.668602485504537158e-01 3.800871241060284622e-01 3.645079798542401606e-01 4.787586377087481582e-01 4.764602915872849231e-01 4.906472441435394405e-01 4.614732826144337663e-01 4.258001553871600398e-01 4.388814905787030707e-01 4.914862863824748240e-01 5.483814797698457477e-01 5.424525431422975164e-01 4.832572332265125947e-01 5.166619685454264532e-01 5.501831997312474076e-01 5.166133256857448064e-01 5.175378506783089305e-01 5.052046744989638904e-01 4.985546527018672180e-01 5.582150833341845697e-01 5.393857597930492576e-01 5.752680558939643474e-01 5.794502981506246542e-01 5.862595755307448142e-01 5.377426995596321646e-01 5.990274624106235457e-01 6.363188186790879053e-01 6.262354044492728367e-01 5.980600178391357602e-01 5.598259274955077469e-01 5.380009380205398317e-01 5.173550679246212702e-01 5.367343302320923826e-01 5.920058921482864722e-01 5.992546061940464686e-01 6.143658075703354315e-01 5.663765962928923869e-01 4.603294182840801940e-01 4.951989604345103935e-01 5.507362138649573025e-01 5.386918430073180941e-01 5.446090262385100411e-01 5.441560826137499252e-01 5.367824112801522496e-01 5.941417200991059300e-01 5.331308858593483135e-01 5.633008281622405855e-01 5.509469433280200779e-01 5.254138935380953113e-01 5.278985379407550305e-01 5.335150239360079150e-01 5.180951222020601099e-01 5.288473725990191499e-01 5.858668380845275525e-01 5.551092403459919611e-01 5.356735972172771421e-01 5.390225153416579040e-01 5.453086280107843908e-01 5.597093892351961975e-01 5.656374575346838629e-01 5.702916927405838887e-01 5.376816984468330007e-01 5.624321406379739763e-01 5.559723598847904347e-01 5.471361779056729269e-01 5.552189765304317293e-01 5.509877569147665355e-01 5.285783622881733423e-01 5.600262179317636591e-01 5.400486885321095221e-01 5.754767861542930962e-01 5.684863099634879235e-01 5.654402658947857985e-01 5.550110315479089840e-01 5.725506281563478295e-01 5.639337643416120205e-01 5.834483132669695538e-01 5.783923093399816473e-01 5.355054095989814078e-01 5.254854589617290461e-01 5.973053015972349389e-01 5.644989155947101045e-01 5.715029100499555703e-01 5.777584190847381285e-01 5.895923015260866595e-01 5.659620158481371011e-01 5.612546721227639202e-01 5.793380722448745468e-01 5.818357711098469665e-01 5.492029486679986805e-01 5.382483287147996620e-01 5.103381725778380895e-01 5.314313632527641884e-01 5.416070292716600454e-01 5.553028790013634364e-01 5.423425323038266743e-01 5.441817590007027583e-01 5.515090458647051719e-01 5.400113585407352312e-01 5.375886373414531239e-01
5.353649370107737247e-03 1.011011433847879282e-01 1.239683384402397448e-01 3.461093742827091591e-01 1.000000000000000000e+00 3.430573169471233808e-01 4.639757666505659461e-01 4.702845873565379420e-01 3.762796304961087412e-01 3.428251988536554773e-01 4.349517287872187166e-01 4.929701393907671148e-01 4.596553889448259933e-01 3.779333758742026150e-01 4.878842539945315582e-01 4.399927867236522183e-01 3.460332623467695656e-01 2.493259445288013576e-01 2.819477437867239922e-01 2.522839725111707954e-01 2.530606229115023864e-01 3.303954315912377981e-01 3.079245623446139057e-01 2.911365687142821179e-01 2.939584663491112693e-01 3.514183472432073629e-01 3.731803920166369970e-01 3.752053285881303268e-01 3.568070610446648083e-01 3.817147145313147250e-01 4.118261483845905291e-01 3.830683155139732454e-01 4.170599337712507793e-01 3.969043528981440749e-01 4.134136426248650742e-01 3.964229793623963993e-01 4.148023228208251867e-01 4.643034746544016378e-01 4.683641699568034666e-01 4.369513021197717340e-01 4.354407682156839487e-01 4.748535635713298508e-01 4.720084492634881723e-01 4.804731910241371029e-01 4.476809230772608172e-01 4.498859100070248251e-01 4.673713817805143500e-01 4.579500405547847208e-01 4.725558838896132263e-01 4.546097438491060738e-01 4.784560837829262003e-01 4.440610652149795112e-01 4.672103498060840021e-01 4.080121083860709930e-01 4.246157250938113470e-01 4.360234974391560825e-01 4.338904007331856882e-01 4.564314074728062498e-01 4.543517022957411777e-01 4.642262747924998378e-01 4.753596104915929210e-01 4.598293141425982000e-01 4.659887785937610882e-01 4.700927912260937092e-01 4.501428978547779014e-01 4.510352313991169426e-01 4.715033613723179640e-01 4.445739891022254531e-01 4.353808086786621900e-01 4.381115731007170777e-01 4.442764013047306726e-01 4.548749673316588304e-01 4.349867505095723619e-01 4.365780360342199629e-01 4.687009592301830119e-01 4.766797735562862126e-01 4.673372501212798569e-01 4.562089132807274350e-01 4.712232291259748074e-01 4.777738143748980759e-01 4.655492771853725897e-01 4.659476326712356231e-01 4.615046915146620576e-01 4.683507486937842912e-01 4.789202214711107408e-01 4.637465189916970543e-01 4.677295826101086074e-01 4.808316393479750150e-01 4.864950995420035951e-01 4.575652058523608789e-01 4.710985606637800860e-01 4.793700211933511479e-01 4.845465423164801444e-01 4.815374691163179510e-01 4.722620328763946218e-01 4.737631503240968822e-01 4.788298946906517917e-01 4.653415399333282187e-01 4.859987533980065777e-01 4.876558151486247161e-01 4.862823178403919422e-01 4.783721293297318877e-01 4.697570298203442851e-01 4.894999155614192521e-01 4.698421912108203813e-01 4.615629983656966973e-01 4.738648309977629425e-01 4.625092830315920556e-01 4.671451520053019335e-01 4.797387102095355682e-01 4.786519208161579830e-01 4.759062366651454212e-01 4.739317367106462564e-01 4.732471189313665061e-01 4.623242024636023961e-01 4.624327802253852537e-01
9.341994274877633841e-02 1.455256087780883445e-01 3.064148562268552145e-01 4.649610247181621969e-01 3.430573169471233808e-01 1.000000000000000000e+00 5.457903538811126332e-01 5.338761014296627971e-01 4.942192744931928616e-01 4.362672809253739237e-01 5.678925498966225227e-01 5.905751527823576152e-01 4.858461961167934162e-01 5.085270355593664027e-01 5.881427728643884301e-01 5.759588065790663958e-01 4.967469348943208685e-01 4.680079592723635495e-01 4.707887025315629081e-01 4.543115270532552818e-01 5.035882364067417738e-01 5.390349484633054633e-01 5.209510030162575189e-01 5.114049920778426239e-01 5.144938905203841895e-01 5.416345819391648053e-01 5.679542502300930495e-01 5.626243145860231332e-01 5.331603768696533407e-01 5.629449396384721416e-01 5.904709525709948004e-01 5.568222303470162782e-01 5.555623190590793792e-01 5.586942991921207691e-01 5.675226698175690476e-01 5.856223230699579840e-01 5.937871846594685588e-01 5.976336529207850745e-01 6.108137862556782816e-01 5.941161339461734636e-01 5.802970178880824115e-01 6.160303859355119593e-01 6.267560207397859795e-01 6.287406064699907482e-01 6.182512198772875944e-01 5.854312280943603231e-01 5.731433147007344298e-01 5.670697936847173271e-01 5.765322910531811562e-01 5.957536176837230357e-01 6.140027483901199234e-01 6.107729639826527945e-01 5.779784827429221838e-01 5.300283663638541976e-01 5.560782926901631784e-01 5.964709366054218309e-01 5.681095612985056498e-01 5.813871200776625781e-01 5.738977323765089844e-01 5.799468022100562337e-01 6.030272304002282091e-01 5.708043110205996973e-01 5.872764178700159432e-01 5.841300710726945455e-01 5.727879037611423030e-01 5.727932532595915172e-01 5.817084641240846121e-01 5.837373332149040639e-01 5.883227118939151623e-01 6.115487095144870322e-01 6.056474350227697423e-01 5.952775292514846939e-01 5.944074309696385505e-01 6.063938962197994442e-01 6.008604707440201587e-01 6.060990640519532402e-01 6.044530226759828873e-01 5.888960335528578005e-01 5.993452855530734258e-01 6.009854574179696041e-01 6.029162676665221765e-01 5.941264874396866569e-01 5.894495401920818445e-01 5.885148401124681294e-01 5.988985011850741502e-01 5.923598612122528140e-01 6.103772320397682360e-01 5.988073757186378465e-01 6.016289688833776905e-01 5.975462859500521029e-01 6.049677926545656836e-01 5.972733309575625205e-01 6.102019006630584608e-01 6.038939069474851262e-01 5.709954563938060002e-01 5.715721647580740417e-01 6.002100156927157038e-01 5.780087019603579179e-01 5.902393360343318740e-01 5.982681912229693699e-01 6.052643900169040192e-01 5.866450448368536463e-01 5.755045073465996364e-01 6.004970598745361654e-01 5.991889456497389022e-01 5.783389582225876291e-01 5.723578325184836002e-01 5.703380835574773933e-01 5.820125344045709026e-01 5.788046733567072666e-01 5.901365505663158650e-01 5.791094281527520149e-01 5.790097038500808813e-01 5.806547026208649376e-01 5.790308120530630598e-01 5.708261435493462432e-01
1.011096828043790280e-01 1.973870407702632557e-01 3.850171097257303887e-01 6.332104002510386964e-01 4.639757666505659461e-01 5.457903538811126332e-01 1.000000000000000000e+00 7.145915472350313769e-01 6.344775428582418719e-01 5.883331143362562354e-01 7.342636520664338473e-01 7.680622499280601589e-01 6.627369379885382772e-01 6.441505427497432601e-01 8.366746335326149531e-01 7.863115886675553501e-01 6.621257994298418437e-01 5.387747819044814701e-01 5.541023381046886742e-01 5.254104964428139013e-01 5.475799330444567348e-01 6.187082177309034536e-01 6.432738482615267817e-01 5.786313709631766278e-01 5.975492386697377478e-01 7.004469472056409352e-01 7.008110568801300122e-01 7.360244237633383202e-01 7.014594560304008297e-01 7.067513024086161666e-01 7.359125568708418941e-01 7.271511587882436567e-01 7.207804839983370515e-01 7.046424824852568491e-01 7.045007577991641012e-01 7.111263993212846302e-01 7.063744910205377314e-01 7.833935723505375259e-01 7.742028414184760621e-01 7.733171378537713192e-01 7.443079140210258071e-01 7.787226172388612699e-01 7.881603048417312740e-01 7.989469921492216020e-01 7.724148143037686820e-01 7.728685389012506235e-01 7.389169138761089162e-01 7.342389911441143946e-01 7.467381871044654895e-01 7.756626658983435396e-01 7.871533818475284772e-01 7.691103315594777223e-01 7.512483391782925901e-01 7.045089994350738349e-01 7.338796073943613107e-01 7.664803895727316796e-01 7.505927362542120784e-01 7.474797786937812383e-01 7.553023850877753631e-01 7.424564347551271259e-01 7.778008205439180811e-01 7.446210585926518188e-01 7.680300759545095612e-01 7.549395448692224342e-01 7.356818974735390704e-01 7.341927045022301757e-01 7.434312919132648467e-01 7.381875257544814328e-01 7.498997452729752045e-01 7.416019349875380140e-01 7.394470203152820886e-01 7.444236915192153914e-01 7.351849435146927680e-01 7.399955506154926033e-01 7.699982373919154188e-01 7.646055992209129792e-01 7.761862098521146169e-01 7.590795042719509222e-01 7.681118843329878265e-01 7.668160200330602638e-01 7.499095381013670680e-01 7.574454386076066026e-01 7.604037033132150514e-01 7.505519968176213030e-01 7.582147159198671105e-01 7.478370053761703717e-01 7.632189457632196916e-01 7.693040811017662906e-01 7.694235173967362007e-01 7.641976034584583299e-01 7.665372117808452179e-01 7.604431149320530769e-01 7.695156466848348531e-01 7.705581284974443168e-01 7.347788503428125395e-01 7.346831190627164387e-01 7.723308204954139056e-01 7.495839649625319900e-01 7.572964186541417675e-01 7.605800676550484862e-01 7.664548001361607410e-01 7.580108745188913755e-01 7.509030571744915727e-01 7.626113166392143317e-01 7.646946710886787235e-01 7.536767255927047104e-01 7.388667507605164442e-01 7.345793599298191534e-01 7.515555885206181008e-01 7.443889611209429935e-01 7.545150123046462376e-01 7.436533740581153795e-01 7.424810042213830785e-01 7.483823277680028419e-01 7.455325715015603816e-01 7.377528819130045878e-01
1.705465338146341381e-01 2.184773484184678594e-01 3.861310473357130735e-01 6.240883214778598642e-01 4.702845873565379420e-01 5.338761014296627971e-01 7.145915472350313769e-01 1.000000000000000000e+00 6.363317846788566490e-01 5.298831481684210809e-01 6.818519183411775320e-01 7.253709267215240342e-01 5.946546771753008498e-01 5.997405423875696862e-01 7.514540751427344345e-01 7.410389379174477931e-01 6.102033509869168038e-01 5.607980545605917300e-01 5.297412500101752464e-01 5.746393650041066170e-01 5.903210365270123994e-01 6.265564354989253681e-01 6.237336801469735015e-01 5.902987466722178223e-01 5.928812513226093817e-01 6.552474661017601010e-01 6.748759681101889063e-01 6.759892692825785199e-01 6.389635555155266378e-01 6.766653483430911109e-01 7.002135013858077350e-01 6.918419850242989444e-01 6.804986851959997640e-01 6.899228214023138683e-01 6.811825739867835017e-01 7.091783827803103124e-01 6.919420577179570264e-01 7.457322282857794526e-01 7.400732842753962037e-01 7.161224425396014448e-01 6.844216460158143445e-01 7.330805825722165325e-01 7.570849779068187235e-01 7.606054095573747675e-01 7.329741900020547707e-01 7.026707114865242687e-01 6.738273464019371994e-01 6.719272867033510011e-01 6.996037576284221959e-01 7.472219167025803133e-01 7.514292491234555449e-01 7.434833122702595443e-01 6.896063040587390169e-01 6.390813079247040784e-01 6.770874212987066931e-01 7.138732855602343275e-01 6.982170777089578007e-01 6.857353661337139972e-01 6.953060979406868736e-01 6.898565856796233797e-01 7.305276743766014880e-01 6.856395978655270840e-01 7.128559346057570245e-01 7.113561659318983210e-01 6.799087665578957829e-01 6.847352591247204412e-01 6.787071831195496951e-01 6.757060724747913083e-01 6.935322317588971108e-01 7.268680872530048909e-01 6.939510335330839608e-01 6.876463388362329399e-01 6.951405843283865460e-01 7.000959650033121706e-01 7.078707769303067554e-01 7.139460156012429337e-01 7.133619695580512010e-01 6.898415587506145918e-01 7.037386529971921822e-01 7.115680135577522325e-01 7.010156100303198690e-01 6.899324782663797118e-01 6.984746838503298472e-01 6.945068529911125887e-01 7.133894342543402045e-01 6.991623429783211385e-01 7.112612582793477189e-01 7.109552079011826065e-01 7.071124286225751732e-01 6.962763491887439260e-01 7.030510191535522813e-01 6.930814312951506517e-01 7.161662656095636459e-01 7.094406758980718042e-01 6.623197526032760241e-01 6.664930482836454173e-01 7.145333775485417371e-01 6.964793581071642148e-01 6.971278386463537480e-01 7.068418048549729438e-01 7.088673518628731962e-01 6.953482015506369240e-01 6.806060737845331943e-01 7.057648682932149420e-01 7.067870228216842632e-01 6.837811946391328943e-01 6.731941728326151786e-01 6.628056483579838343e-01 6.834285036079383868e-01 6.782297855239752815e-01 6.918902822812362796e-01 6.782061102975194267e-01 6.761252893829943211e-01 6.854844341894288373e-01 6.801993918734140498e-01 6.708976065573059033e-01
3.583480679587618400e-01 3.580163136646566935e-01 4.866952982875966116e-01 4.514682929223878260e-01 3.762796304961087412e-01 4.942192744931928616e-01 6.344775428582418719e-01 6.363317846788566490e-01 1.000000000000000000e+00 7.202694189877681952e-01 7.819160720791089592e-01 7.163086520205818042e-01 6.715407305988672082e-01 6.922456280698656705e-01 7.656061987712734496e-01 7.991089540312367179e-01 7.981983192699396712e-01 7.464195037053449333e-01 7.537389688141017396e-01 6.099149599015536438e-01 7.220315103705887694e-01 7.880803683916632885e-01 8.001347657864116281e-01 7.664058108017720583e-01 7.700192700673854640e-01 8.493230377019407307e-01 8.233607167678977934e-01 8.300571336779988263e-01 8.234526169000794260e-01 8.292380159871031164e-01 8.580490199766578341e-01 8.513356400901418430e-01 8.021228798024847562e-01 8.503817766269877731e-01 8.253152967159932407e-01 8.298287904952776906e-01 8.519138705355544516e-01 8.505613080372270707e-01 8.477724323127596717e-01 7.990787264242457111e-01 8.476140353214016709e-01 8.107575463727115794e-01 8.006146022311536603e-01 8.323632102746393313e-01 8.493419508639094007e-01 8.376033621591313372e-01 8.066362580342328892e-01 8.302338191512808052e-01 8.329611307955947508e-01 8.236455509348376003e-01 8.294482128647097108e-01 8.304828758687247126e-01 7.997743679386373206e-01 8.577974480558507864e-01 8.611254167708990437e-01 8.501791215475562602e-01 8.486184863693004843e-01 8.185786836904660468e-01 8.192334353065882091e-01 8.463529211339581027e-01 8.277137429227112708e-01 8.253950251718579212e-01 8.233720020472508061e-01 8.452230835518969032e-01 8.513932057076784021e-01 8.535974309319586117e-01 8.272107931216740040e-01 8.434816288728482769e-01 8.567470375007743000e-01 8.277859348332513578e-01 8.412952753060232158e-01 8.463011398427284782e-01 8.489577782466100064e-01 8.446475255076988375e-01 8.394900829268416853e-01 8.411451231550036711e-01 8.302900980599962066e-01 8.369485351734715639e-01 8.197176585287981876e-01 8.399537697226703292e-01 8.393109530291259501e-01 8.329874246593648168e-01 8.336414364849804581e-01 8.362029063731305500e-01 8.140480808368234511e-01 8.414808588624220764e-01 8.360750844400866022e-01 8.118186912085406659e-01 8.169558359128675784e-01 8.250991503148729089e-01 8.025547359183300422e-01 8.067775344488018474e-01 8.120057630789342396e-01 8.116632362784439447e-01 7.858760191431942710e-01 7.998507684483304736e-01 7.811692044795761625e-01 8.159586683151854869e-01 7.968323253189000255e-01 7.890638312043816160e-01 7.867799201638004947e-01 8.003660285321465562e-01 7.921401802889705968e-01 8.020135624144084652e-01 8.228585801190650972e-01 8.136741011870262108e-01 7.931339252667167772e-01 8.191418563061738656e-01 8.264582188040662247e-01 7.982985316753914429e-01 7.986526218338056982e-01 8.126996313426683161e-01 7.974197955823724149e-01 8.103602724215670516e-01 8.321427352430641466e-01 8.148289487096606054e-01
1.615677537238353056e-01 2.865005410107000494e-01 3.482354681303053145e-01 3.805830150914175092e-01 3.428251988536554773e-01 4.362672809253739237e-01 5.883331143362562354e-01 5.298831481684210809e-01 7.202694189877681952e-01 1.000000000000000000e+00 7.173182651073742866e-01 6.813876306374945235e-01 6.528342883352847847e-01 6.374503385403582634e-01 7.209020273684768609e-01 7.323139955154451819e-01 7.135780003157689011e-01 5.672400996253894601e-01 6.049841105316318135e-01 4.503574847851341545e-01 5.210217358052900982e-01 6.207969928075446342e-01 6.524283001964485962e-01 5.945608849091397197e-01 6.189711363564761593e-01 7.270570649003065267e-01 6.899927219428263481e-01 7.164228314690147537e-01 6.911777010812599764e-01 6.869053506975221213e-01 7.183182847107102420e-01 7.501627249115938589e-01 7.139811294397706565e-01 7.294525314696116425e-01 7.113362459725870446e-01 6.963038345472929436e-01 7.132396662955612365e-01 7.729580649306332374e-01 7.584317210069982940e-01 7.282999375231236083e-01 7.834178375204163824e-01 7.585613882313123613e-01 7.262887124582985132e-01 7.567692862152682887e-01 7.547788319256930611e-01 7.820374150191337081e-01 7.825959479570047117e-01 7.984671892123388348e-01 7.842825525907528572e-01 7.433992727454972194e-01 7.710193452947289305e-01 7.328795800351701750e-01 7.642518513570032423e-01 8.018327628453220113e-01 7.905152747557065984e-01 7.775327352987239093e-01 7.709166313101251111e-01 7.883641648944208491e-01 7.780965842667328936e-01 7.951583139120511623e-01 7.767896967910985495e-01 7.830996660767760575e-01 7.693155467778338696e-01 7.902204573776012708e-01 7.936524263400356327e-01 7.966279508130010845e-01 7.948783791394974374e-01 7.893389163560877719e-01 7.889525624497504275e-01 7.367200722130849977e-01 7.662759615531639090e-01 7.893053788932972159e-01 7.723560377143805500e-01 7.668341602340570384e-01 7.908479399132108956e-01 7.813265282935687450e-01 7.790230347203006556e-01 7.788268482506610635e-01 7.762688125223690117e-01 7.767069486303973536e-01 7.782190601201742775e-01 7.866315844368898524e-01 7.916792314269049946e-01 7.843012267117915881e-01 7.759723495196689802e-01 7.894135861752165084e-01 7.750022529703892715e-01 7.819903272205114275e-01 7.805602832334619379e-01 7.841883807187471911e-01 7.694463083317507612e-01 7.793165326244708702e-01 7.737884713727499753e-01 7.786209021187079360e-01 7.786772192216896427e-01 7.859404969322728585e-01 7.504884362692864075e-01 7.706077562019937321e-01 7.697671006666820803e-01 7.653113126181941839e-01 7.612118285137559059e-01 7.714981731004584287e-01 7.697073585172974353e-01 7.702332542563326001e-01 7.803258086420196138e-01 7.801631927239781605e-01 7.803833284079918498e-01 7.957533670079647292e-01 7.930431011108368677e-01 7.799976668262565971e-01 7.766946469704018030e-01 7.866797562682589229e-01 7.758595393374009275e-01 7.835469560996257687e-01 7.921640720030787008e-01 7.871815714023201460e-01
1.436895977242301226e-01 2.411488417016077468e-01 4.598134742149515564e-01 5.748923832446743987e-01 4.349517287872187166e-01 5.678925498966225227e-01 7.342636520664338473e-01 6.818519183411775320e-01 7.819160720791089592e-01 7.173182651073742866e-01 1.000000000000000000e+00 8.543789715744574131e-01 7.451166280236537487e-01 7.463537304879294121e-01 8.646340365044782317e-01 8.507578512350786326e-01 8.090375124097231030e-01 6.766496343257605295e-01 7.204798908963716553e-01 5.846432145342662645e-01 6.736771184614026575e-01 7.796470983314072178e-01 7.637180116913294681e-01 7.159864763713017499e-01 7.484762272258388416e-01 8.325239133275987857e-01 8.388554940162317175e-01 8.419437730183388924e-01 8.087538420282979201e-01 8.282737473859509425e-01 8.710088912682680817e-01 8.501006626408472711e-01 8.259681216855303543e-01 8.216847026317091185e-01 8.366518065050402297e-01 8.144847630628928581e-01 8.479302280918193935e-01 8.904530441964009224e-01 8.910540159771492830e-01 8.787178086292870560e-01 8.883602098262886049e-01 8.982720992795860671e-01 8.826961843631010440e-01 9.088555084250010685e-01 9.021035548202778198e-01 9.022154783002492850e-01 8.871908624321689363e-01 8.896942506899159220e-01 8.881095858626868456e-01 8.668073076759873485e-01 8.948367501605833940e-01 8.786541006647374807e-01 8.831642335271913113e-01 8.682133638738190884e-01 8.796244068783148906e-01 8.989289797736391696e-01 8.784924087148869853e-01 8.960856761161113404e-01 8.898209660287372813e-01 8.993386754248401393e-01 9.019667056787427084e-01 8.906488520511043339e-01 8.859454787785661090e-01 8.938262610318096213e-01 9.007471799767966525e-01 8.944628526552675929e-01 9.000634334642321210e-01 9.026877429056998636e-01 8.955065811121126762e-01 8.775969993841605810e-01 9.061327077794680829e-01 9.095707369423510213e-01 8.876263289671925127e-01 8.976707851099076096e-01 9.119892542974707972e-01 9.142300696960313777e-01 9.069275649359089808e-01 9.008079248061466870e-01 8.990018363343716956e-01 9.064303453192054105e-01 8.995168616763679070e-01 9.086016471715542275e-01 9.013377305006871065e-01 8.993896175555816663e-01 8.967452460279838888e-01 8.953743320783801307e-01 9.014928327490147053e-01 9.032440224798010675e-01 9.034439549687851567e-01 9.056921707071311500e-01 8.998635326133567203e-01 9.019651568900416416e-01 9.076995470358345530e-01 9.069793177275612406e-01 8.857988572593733512e-01 8.885358991843052001e-01 8.882925941858784702e-01 8.814378717529572915e-01 8.898906819676291047e-01 8.902349553863073695e-01 8.910978240896733071e-01 8.903641491876237435e-01 8.870916911526752768e-01 8.965582879090726598e-01 9.008163759614729038e-01 8.922848188493465171e-01 8.845412793384305195e-01 8.904660233922874202e-01 8.977327978023204036e-01 8.906989443673952733e-01 8.966479782377839713e-01 8.947485721472399067e-01 8.879217941509608414e-01 8.905095586773713601e-01 9.001229396490343371e-01 8.915944113968815588e-01
5.217975342950311943e-03 1.204048987787815911e-01 3.677973613264431396e-01 6.714359771126928722e-01 4.929701393907671148e-01 5.905751527823576152e-01 7.680622499280601589e-01 7.253709267215240342e-01 7.163086520205818042e-01 6.813876306374945235e-01 8.543789715744574131e-01 1.000000000000000000e+00 7.994571074214431583e-01 7.367836571062603701e-01 8.851805105882883939e-01 8.566072606822554558e-01 7.241946557859609834e-01 5.434149818490969786e-01 5.736321387694850449e-01 5.743548870699478615e-01 5.910676395238287917e-01 6.742993152380694077e-01 6.561272487060852976e-01 6.125494061454525019e-01 6.229688629992402582e-01 7.290674669929000373e-01 7.597285132341713432e-01 7.697081076535635669e-01 7.117793609402544019e-01 7.453833346870041288e-01 8.029695699373095019e-01 7.861072815099789945e-01 7.703392210748896130e-01 7.628822864963211714e-01 7.668110668629443127e-01 7.748646219542276725e-01 7.973145973195023828e-01 8.643130897976530891e-01 8.682228666513709392e-01 8.532764324831566549e-01 8.679111583509818706e-01 8.977234653037228229e-01 8.915197730771142748e-01 9.049046558627623638e-01 8.756779905419926902e-01 8.793604720800616281e-01 9.041236999599001622e-01 8.906119968501007289e-01 8.942325105028767762e-01 8.655234308046561020e-01 9.016105437904385900e-01 8.724180973397955841e-01 9.025724477049498207e-01 8.314161059341302895e-01 8.387866618518325934e-01 8.624619314433819017e-01 8.606352520400701867e-01 8.952914038734918201e-01 8.878311681507943254e-01 8.923150259457172107e-01 9.171535888384179103e-01 8.901426854180264359e-01 8.965633928134196795e-01 8.946766544989872560e-01 8.792671662817705958e-01 8.846182012493923885e-01 9.002049640973592837e-01 8.722535793007227811e-01 8.639187110911591416e-01 8.830188656614365028e-01 8.782298704291798819e-01 8.790733630232491214e-01 8.658981595155584854e-01 8.607813906040016061e-01 9.008082185432244593e-01 9.035156184616573993e-01 9.013737878043366347e-01 8.800939040135100644e-01 8.994279159638512988e-01 8.964389990131065300e-01 8.952726675035165282e-01 9.050363378511367962e-01 8.930342093743863785e-01 8.820167262469471581e-01 9.009884250071859002e-01 8.867038668589367623e-01 9.042708910194626748e-01 9.122608095551917318e-01 9.125232010073078825e-01 8.967106168095759777e-01 9.076588760697903435e-01 9.172155130758165020e-01 9.234257386586263161e-01 9.190239240871528326e-01 9.118837116662106279e-01 9.065520774010621396e-01 9.171334108416130393e-01 8.986372566543904261e-01 9.211774167491819654e-01 9.213707926096852407e-01 9.246170336305685744e-01 9.137540404707276132e-01 9.146604685761084985e-01 9.256115366864000604e-01 9.146167862942203852e-01 9.007870983296037970e-01 9.099923414827735257e-01 8.921565269471087856e-01 8.974182249588967819e-01 9.123724764095106909e-01 9.162105614117712626e-01 9.114892622384986876e-01 9.108721950481719620e-01 9.108466073825590703e-01 8.996045456472905322e-01 9.050206853258161432e-01
-3.766131629201895808e-04 1.176958637934224922e-01 2.839536477647320312e-01 5.013091764079204982e-01 4.596553889448259933e-01 4.858461961167934162e-01 6.627369379885382772e-01 5.946546771753008498e-01 6.715407305988672082e-01 6.528342883352847847e-01 7.451166280236537487e-01 7.994571074214431583e-01 1.000000000000000000e+00 6.788783842706568317e-01 7.883054772086638406e-01 7.714004549354961382e-01 6.461364702787647518e-01 4.531614533242326881e-01 5.061279567053953432e-01 4.439372759788514644e-01 4.630062226217075416e-01 5.584908770343006701e-01 5.677338364581467900e-01 5.148170169681939301e-01 5.226038082372685967e-01 6.585896829048607515e-01 6.426258909123595542e-01 6.765997392280217460e-01 6.363591661589871329e-01 6.407213898199255464e-01 6.962044823343539468e-01 7.013111320850434760e-01 6.889969593887781407e-01 6.795487171509012603e-01 6.766045956237880521e-01 6.685793931775280141e-01 6.989669449534734458e-01 7.748514643926749379e-01 7.664332436954489625e-01 7.532669057359023812e-01 7.983266979957620579e-01 7.999001355136965419e-01 7.752631596169031747e-01 7.927660937495119020e-01 7.662622931777641755e-01 8.039434647943560774e-01 8.421805059662607063e-01 8.320365096011524964e-01 8.214185980602498605e-01 7.655345379125574334e-01 8.039218466980203592e-01 7.677208166407357703e-01 8.267508262784397655e-01 7.966162796674591817e-01 7.847084848956554781e-01 7.793960312273632285e-01 7.876258637029922571e-01 8.260756737652938941e-01 8.141400997193368738e-01 8.293441432145465253e-01 8.278602136197353856e-01 8.223912476999394316e-01 8.180181026460497939e-01 8.177287319375085017e-01 8.080292869607329509e-01 8.188027687607429828e-01 8.329772973598833508e-01 8.020748504417416491e-01 7.922197773610579752e-01 7.746378051641474860e-01 7.854870872058306031e-01 8.039081072562541674e-01 7.847564423872089856e-01 7.686566806621407677e-01 8.203102129408642584e-01 8.177070292457028211e-01 8.155958383685992796e-01 8.027323166302415824e-01 8.221596813083846822e-01 8.144702076214032083e-01 8.125603091161438529e-01 8.272698134171477813e-01 8.188943642674740842e-01 8.082330072806691579e-01 8.184882679654158499e-01 8.133490164906209685e-01 8.184256451455841352e-01 8.333805629045550889e-01 8.322233494259112518e-01 8.190948135186435497e-01 8.250455128433720198e-01 8.411066294415077138e-01 8.309704874853066636e-01 8.353464544611344245e-01 8.463491774020188707e-01 8.433720857687174721e-01 8.271094445902611447e-01 8.239744036369359703e-01 8.471277418726298469e-01 8.412810196397787488e-01 8.392865487212777253e-01 8.395801399714321045e-01 8.436577282991850613e-01 8.468364304486014627e-01 8.322992917847379379e-01 8.314795209910468277e-01 8.432473221779754891e-01 8.374550033386766179e-01 8.354871769556490024e-01 8.457627852352913589e-01 8.431349077164349559e-01 8.451961265612727425e-01 8.456675074337334230e-01 8.416100619114029735e-01 8.330519186433967826e-01 8.405026107268295243e-01
