1.000000000000000000e+00 3.331600815003446514e-01 2.036779675812006307e-01 -1.196630232106650829e-02 1.319063692694855648e-02 2.665837580965990314e-02 1.280881861269367594e-01 1.611680601411592528e-01 2.567461200851429148e-01 9.433849968033380939e-02 2.032071456807528487e-01 -2.277630462970463981e-02 -9.299559875145312071e-02 5.672179285533389403e-02 8.492961282342821605e-02 5.041038034749005525e-02 2.957944340869851363e-01 4.546764003609674587e-01 3.877765607899740785e-01 2.029388233369546768e-01 2.740226806609551424e-01 2.757887973917879654e-01 4.026785701662890515e-01 3.962515930716153378e-01 3.868663356701062539e-01 2.582975529324342268e-01 2.342636230981620937e-01 2.497340341155075971e-01 3.314863859850492589e-01 3.053765629090525180e-01 2.047224604211594634e-01 2.628757301299471938e-01 2.298081949240055322e-01 2.504100738456926933e-01 2.405161155665846151e-01 1.481283936739292983e-01 1.731967227477177185e-01 1.311010596456009814e-01 1.116160232776037126e-01 8.079294831297599566e-02 1.177980511938360869e-01 1.052320299776545870e-01 6.705866669769269817e-02 4.441331188949490527e-02 1.376349832441764454e-01 9.665857994943884146e-02 5.068895161412046574e-02 7.386198582567810034e-02 5.373774648818858968e-02 9.699311247344262477e-02 8.294413181527365841e-02 6.817104057158758501e-02 4.650108808039775388e-02 1.025868348505705185e-01 1.175423303845554296e-01 1.252967113794548615e-01 5.345854319571816810e-02 6.313144584556751315e-02 5.337359644203334974e-02 7.047321660254585174e-02 4.180705466439248869e-02 2.947359986904228915e-02 1.236158154667331248e-02 6.893071288766124127e-02 1.433503544074609115e-01 8.654564863877353686e-02 1.087968671067967852e-01 1.576904330920323172e-01 1.612273097245248143e-01 1.194578087344508183e-01 8.137095577628646048e-02 1.505050292024398828e-01 1.902299080567661504e-01 1.648745521851880391e-01 1.069842222859346131e-01 1.020113132047436588e-01 1.063771472049250683e-01 1.750452221297710553e-01 1.372238571133198304e-01 1.505418479666827403e-01 1.449099284516199848e-01 8.556123580599717116e-02 1.554028980830365614e-01 1.466719108651867443e-01 1.092278444520390912e-01 1.138907198874925392e-01 8.094832082304138920e-02 7.679450512392758943e-02 7.114737278313033875e-02 1.041361430799797455e-01 9.012189105584143822e-02 4.296197002637767298e-02 6.603502115371301384e-02 4.513839868087570623e-02 2.385638244713456091e-02 2.579596252180222510e-02 2.299312612756889210e-02 7.602366739548255259e-02 3.327335815044247386e-02 4.303192403064887150e-02 5.032821810174552962e-02 2.435171886153219070e-02 2.351988776795931047e-02 3.670678827800205601e-02 7.097885766397088458e-02 5.326333417766614120e-02 3.530370166209191585e-02 5.931739250903980687e-02 7.592931695213310517e-02 2.593204278002530019e-02 2.138739047045616973e-02 3.777112172621727854e-02 2.255541685424757373e-02 3.678466532542084416e-02 8.511654790849511321e-02 4.883624100966247467e-02
3.331600815003446514e-01 1.000000000000000000e+00 1.210418797291578086e-01 -8.400133435498816428e-03 8.327808958812908668e-02 4.441413712224691335e-02 1.788314508037398276e-01 1.740598298430146573e-01 2.552530829268719326e-01 1.937108764201882771e-01 1.957307100545030432e-01 8.138777250482681636e-02 3.784895618541960632e-02 1.008429623081011778e-01 1.665002672269650652e-01 1.418491904704958506e-01 2.557926579839265857e-01 3.055586616991092241e-01 2.833896321230378046e-01 1.369710793326817944e-01 1.676167537907584382e-01 1.855882614803078257e-01 3.072061265883516690e-01 2.831765798519377819e-01 2.616829162028651568e-01 2.431739927074550722e-01 2.363917795180659198e-01 2.514943514785826228e-01 3.137315106378909535e-01 3.021033665430782889e-01 2.406534540762099161e-01 2.755711996149343701e-01 2.428749499613023777e-01 2.360201029511826698e-01 2.409245207936255573e-01 1.770366167945043034e-01 2.159919018223761533e-01 1.926121799479516283e-01 1.833823011325260155e-01 1.433042633297557378e-01 1.797856089657615952e-01 1.773265709437549520e-01 1.442972680015125742e-01 1.408304711917805208e-01 1.855031377733073195e-01 1.795401274596661045e-01 1.442038481293440033e-01 1.665230534502742943e-01 1.525930826243816762e-01 1.461799722391325107e-01 1.584111167633756589e-01 9.756023488374127028e-02 1.218659107505650485e-01 1.829920193090021907e-01 1.886935637516882758e-01 1.893472164202210095e-01 1.345379985756078312e-01 1.595263299494084908e-01 1.497245369982601881e-01 1.569086164822944551e-01 1.380197888712891285e-01 1.366402912805573799e-01 1.176838365470388725e-01 1.605210248788915828e-01 1.791802133539334430e-01 1.592397773419541585e-01 1.834197872871202728e-01 2.030788484984746012e-01 2.135710356072722804e-01 1.639067073244448447e-01 1.390264449635744970e-01 1.953952543634290828e-01 2.152361631526556740e-01 1.984633331456902294e-01 1.792620273563575173e-01 1.776684430095791800e-01 1.856838402282801892e-01 2.312382474096781604e-01 1.995267407874715127e-01 2.175267669146845884e-01 2.068409276978291356e-01 1.815194538228445398e-01 2.140432302011769650e-01 2.062184519395201809e-01 1.773625413972875764e-01 1.837688256103323370e-01 1.704407262205712426e-01 1.729999602023022387e-01 1.707002132618327395e-01 1.857660030421506570e-01 1.720757333675852485e-01 1.488422983545438782e-01 1.593528227288864008e-01 1.519358228980891568e-01 1.344793539639774771e-01 1.415588883770768913e-01 1.157395138519630023e-01 1.559008033904217827e-01 1.354937955897285717e-01 1.427917778134125959e-01 1.445316175313317297e-01 1.311780992655058875e-01 1.244559641696779684e-01 1.387777750803107502e-01 1.450388819470989354e-01 1.467483668643420613e-01 1.438299033543887218e-01 1.595150010539727881e-01 1.657953017565648168e-01 1.379643125630392320e-01 1.338364464867500825e-01 1.438099799090355735e-01 1.350731789180003029e-01 1.445760309940908594e-01 1.639846189414391753e-01 1.421122570686887132e-01
2.036779675812006307e-01 1.210418797291578086e-01 1.000000000000000000e+00 2.708561870020644302e-01 1.421873372344238384e-01 1.490849941452152272e-01 2.599315073016839062e-01 2.632943378512094812e-01 3.058565205226506656e-01 2.216686058767463330e-01 2.998593660719762188e-01 2.544122219056276779e-01 1.963350687108394443e-01 1.920538022112295573e-01 2.939228564378879027e-01 2.695345750713307731e-01 3.103151908647798773e-01 3.345180485253130276e-01 3.390645485340542109e-01 2.796555515428057470e-01 3.292253234302449094e-01 3.361496128929256644e-01 3.326374507077463627e-01 3.294464103852034476e-01 3.439869900874812370e-01 3.341172921836961796e-01 3.266438120961654423e-01 3.211298624828298753e-01 3.157423315856358048e-01 3.452084012265024260e-01 3.227069057046933476e-01 3.115694163112241455e-01 2.948546104686691205e-01 3.260132696932160346e-01 3.166571322810035061e-01 3.112147410572067008e-01 3.126845066266652484e-01 3.005743822953477751e-01 3.027397651367894627e-01 3.039195157143818049e-01 3.008924378001232580e-01 2.985871275989976370e-01 2.908960666716031707e-01 2.923828952903270162e-01 3.122782459982142989e-01 2.968614295163816141e-01 2.882282363212128051e-01 2.896754900390394183e-01 2.871042908841205943e-01 3.056274587911820828e-01 2.967724882302018030e-01 2.964339542969724461e-01 2.884447145235932153e-01 2.903189025114707444e-01 2.944404019938904327e-01 3.076999242573633664e-01 2.879010675331536429e-01 2.852516189868095076e-01 2.834081770494520924e-01 2.910279449893894421e-01 2.874700763551741867e-01 2.760321884455752550e-01 2.768169146068630293e-01 2.916253919304743758e-01 3.172060220821655285e-01 2.958941926169799674e-01 2.923181385209365213e-01 3.094336298186089462e-01 3.051271423551009665e-01 3.075624113358833567e-01 3.019025816849340016e-01 3.174530585192503196e-01 3.150991477444870514e-01 3.200263915865139142e-01 3.047167114029308288e-01 3.004847316347785124e-01 2.962254341022284021e-01 3.112715482056171989e-01 3.038342554703012954e-01 3.036313609515374212e-01 3.110187066827932445e-01 3.036213760567509912e-01 3.080487590762999162e-01 2.987056480734413544e-01 2.927481126195339289e-01 2.990775094556262226e-01 2.944716193366149204e-01 2.844218522144332240e-01 2.857905155461502034e-01 3.008565434483435053e-01 2.931310822857370879e-01 2.835603731586889276e-01 2.951558238979969939e-01 2.828320347473077256e-01 2.776721400871228207e-01 2.751773759038001477e-01 2.824053306989970369e-01 2.936062753645493628e-01 2.824537800193774317e-01 2.839979225506448213e-01 2.869339747890605197e-01 2.811166568489952833e-01 2.793594484868584527e-01 2.837616472279950730e-01 2.972769078736614556e-01 2.904210517372129985e-01 2.782251591336254437e-01 2.816341926872377721e-01 2.908185129605855845e-01 2.748899631950048605e-01 2.726389472267377045e-01 2.822789002666258318e-01 2.769897944750343011e-01 2.796477245558677827e-01 2.967775110606760136e-01 2.872819480509048451e-01
-1.196630232106650829e-02 -8.400133435498816428e-03 2.708561870020644302e-01 1.000000000000000000e+00 2.324471008462256627e-01 2.474230400983700173e-01 3.839978378800012471e-01 3.895288521940241666e-01 3.775641330060350853e-01 3.468465151953835091e-01 4.185409789866404440e-01 5.233807832962756867e-01 4.484624511754513043e-01 3.312697301629791147e-01 4.517483136658088649e-01 4.844437312631026393e-01 3.695833522957742701e-01 3.548654314073150240e-01 3.879295393808017134e-01 4.574266010864034837e-01 4.681242107681253817e-01 4.790047252667484212e-01 3.683576116908194864e-01 3.806058657365507525e-01 4.140771504751521448e-01 4.553758664803106981e-01 4.457542878270628339e-01 4.244679229725664693e-01 3.707991610413366446e-01 4.173452940310530268e-01 4.528432315139444553e-01 3.894964025996769941e-01 3.895497854459387121e-01 4.480527807269685803e-01 4.144869078693126374e-01 4.733199312637564327e-01 4.431666190779348091e-01 4.579910384862491690e-01 4.763105735186132783e-01 4.905523436749367194e-01 4.799052976147069050e-01 4.633315755330345564e-01 4.943475899109209259e-01 4.970828483814533905e-01 4.867853657057624184e-01 4.821727215815480583e-01 4.900203059395788485e-01 4.727099255026340763e-01 4.768052676603117823e-01 4.777284281279595146e-01 4.844095733658993486e-01 5.366316037658599436e-01 5.054332446279963253e-01 4.599423356130931673e-01 4.527050973299631687e-01 4.817100825721210566e-01 4.876265206332265900e-01 4.752543148035467957e-01 4.811052382868002963e-01 4.977527312279649285e-01 4.926729232195204977e-01 4.863062756940096376e-01 5.006006792892180313e-01 4.783314375218841175e-01 4.924615080236099951e-01 4.940523771944723697e-01 4.641056842612504285e-01 4.680282819303652198e-01 4.485335092935665569e-01 5.007140898262013584e-01 5.100774937145765575e-01 4.817412248667655716e-01 4.616166531327595135e-01 4.765911196409493567e-01 4.836804281107167647e-01 4.734687608472741283e-01 4.666237314762836097e-01 4.428700726631793483e-01 4.678481060851617523e-01 4.463254552572214484e-01 4.591705370641528394e-01 4.765259371419584000e-01 4.591877305182596181e-01 4.410453042890962738e-01 4.619330356464804721e-01 4.755923823611761803e-01 4.724707150966315772e-01 4.647627860673443356e-01 4.644926285756011408e-01 4.741809317180656902e-01 4.719628038002681159e-01 4.802150959832487964e-01 4.888949305723705452e-01 4.777338264850431448e-01 4.803495810224998608e-01 4.751429284405067621e-01 4.922985624165807650e-01 4.794206987673874654e-01 4.854984111182087947e-01 4.842713278786797693e-01 4.860950404797683699e-01 4.881520581124291769e-01 5.010504021060333546e-01 4.891883026628457420e-01 4.974929371206733286e-01 4.845333465565216380e-01 4.730777221544487099e-01 4.722257989823614444e-01 4.753002372363922534e-01 4.786734622438159614e-01 4.798941167942235020e-01 4.845773649402054239e-01 4.851816391474109147e-01 4.794540550518806010e-01 4.864249249006853404e-01 4.928378993192438773e-01
1.319063692694855648e-02 8.327808958812908668e-02 1.421873372344238384e-01 2.324471008462256627e-01 1.000000000000000000e+00 2.298907944718346641e-01 3.578136744241325884e-01 3.701904162172963142e-01 3.615641572721062791e-01 3.241819957215725800e-01 3.743710870018293613e-01 3.947405243026889665e-01 3.573653930488009389e-01 2.894979719974273835e-01 4.140734827058393797e-01 4.135530482341994718e-01 3.380881364276606127e-01 3.144334460802557518e-01 3.417291706006047591e-01 3.450606389603166901e-01 3.779565220737374220e-01 3.950494240026509174e-01 3.300645995376483843e-01 3.342438804950824682e-01 3.422416305851475604e-01 4.246755005663717109e-01 4.075315330399772451e-01 3.987275901736806460e-01 3.852005286937333906e-01 3.937537886811345311e-01 4.217688226990056188e-01 3.743458897942837371e-01 3.711955121300929417e-01 4.005601643042447924e-01 3.842263648084504601e-01 4.095275867025488514e-01 4.103698902247595037e-01 4.103947398632485366e-01 4.194612986452009862e-01 4.223007580412479478e-01 4.244665950614382455e-01 4.220020414052637614e-01 4.271763434234582824e-01 4.282631696835018098e-01 4.288716516043590277e-01 4.241577768239324087e-01 4.209403898304449054e-01 4.193502426174751663e-01 4.130272566633406139e-01 4.124810313899850978e-01 4.185714815881670936e-01 4.317694688986408180e-01 4.322172257817830099e-01 4.115043334632589866e-01 4.114948775240319656e-01 4.204864890263132482e-01 4.131025833334559527e-01 4.238808927695902340e-01 4.166781005224682866e-01 4.241556599794793492e-01 4.210828666324926139e-01 4.160958721831905516e-01 4.155748983165543642e-01 4.157918449360160085e-01 4.230718945106833329e-01 4.220302964589834338e-01 4.146172676579391592e-01 4.136966220329044153e-01 4.012869937794300013e-01 4.289746510795219292e-01 4.337338815970418482e-01 4.215627621596232943e-01 4.089905204597432675e-01 4.096180545522210004e-01 4.282369452909607910e-01 4.216678877326557884e-01 4.175359264701495876e-01 4.135203905363332710e-01 4.254735341542830174e-01 4.037890204470975797e-01 4.116304906801914187e-01 4.211455132258667966e-01 4.085458805214323141e-01 3.988710160455506415e-01 4.131798604471197400e-01 4.165775368148978419e-01 4.184389517014153737e-01 4.123073889544210391e-01 4.147562415477663578e-01 4.159329411678853727e-01 4.176413653574032048e-01 4.191774669191694613e-01 4.295970908869662375e-01 4.199559645756436588e-01 4.175967593861240612e-01 4.149045934526542356e-01 4.219071230582922549e-01 4.153625308875489308e-01 4.208762254741185704e-01 4.205292277247849042e-01 4.251808280815489449e-01 4.193998747848706743e-01 4.237044411001049671e-01 4.264683189194711233e-01 4.286453169410206487e-01 4.158792446729037695e-01 4.127594409577485801e-01 4.136222772154817262e-01 4.179551150643556756e-01 4.167129081838427118e-01 4.158319744591792433e-01 4.216937004857130855e-01 4.188193372339036324e-01 4.143759541345898856e-01 4.243884675783332616e-01 4.223077969518134189e-01
2.665837580965990314e-02 4.441413712224691335e-02 1.490849941452152272e-01 2.474230400983700173e-01 2.298907944718346641e-01 1.000000000000000000e+00 4.134691880066889702e-01 3.588897710929759843e-01 3.832997908531821096e-01 3.457925141425667315e-01 4.234697383278011040e-01 4.386973499598229576e-01 3.772793784524181571e-01 3.325944743324855679e-01 4.489923523981906861e-01 4.297970683152894655e-01 3.892166913841801912e-01 3.414228536498244981e-01 3.938346801343720061e-01 3.739715760229626040e-01 3.900127453498727914e-01 4.241936199133791163e-01 3.630967197029527083e-01 3.709834138934510195e-01 3.861707560188018529e-01 4.351129590250927270e-01 4.503869748279992757e-01 4.274131208355326783e-01 4.192778572222734534e-01 4.340260760118367367e-01 4.565235337198307319e-01 4.405235862636661670e-01 4.138688594605176019e-01 4.436286462635063987e-01 4.355405681641948412e-01 4.493622472754391084e-01 4.430835119098317509e-01 4.602227528344230434e-01 4.533908706480629935e-01 4.469648564324796292e-01 4.670273776242789276e-01 4.763023756941325293e-01 4.692734458591615310e-01 4.800349515760092278e-01 4.625519599929896475e-01 4.669155613240794089e-01 4.741802977766376714e-01 4.666422259354031654e-01 4.665070768507179610e-01 4.608396422408524429e-01 4.688808721045834016e-01 4.752407225829383686e-01 4.729022551276060859e-01 4.675653092156519808e-01 4.711920570168138811e-01 4.668600735779187549e-01 4.649004115359819944e-01 4.688557950624556159e-01 4.707609405026627059e-01 4.725308794874417129e-01 4.749929248659021108e-01 4.706312932552848549e-01 4.658633231552197773e-01 4.717010205106321186e-01 4.715881524949661618e-01 4.730996558596918256e-01 4.742503040676215864e-01 4.755898439046627457e-01 4.640240851404122124e-01 4.822747825283760781e-01 4.819925729602418385e-01 4.762339233228552460e-01 4.679686759668228446e-01 4.710360610328662712e-01 4.751613526598780224e-01 4.728555446629695291e-01 4.727301133393682631e-01 4.653685632255032401e-01 4.695555653504883686e-01 4.685284464201557308e-01 4.705566513960363073e-01 4.734773448513566740e-01 4.616647037311422119e-01 4.684964332285229127e-01 4.727808014340361686e-01 4.716628314303723535e-01 4.707775059790799688e-01 4.739969981536377164e-01 4.772142512776516021e-01 4.709907852705570996e-01 4.716548524180154689e-01 4.749651365663881131e-01 4.780201484500452569e-01 4.753306505699965157e-01 4.749621279049124900e-01 4.754787168808683462e-01 4.789406514341638665e-01 4.705301423313295039e-01 4.789141786396501344e-01 4.757968774045723270e-01 4.807847132509903143e-01 4.750434942985556908e-01 4.799561108565723599e-01 4.810286302600841890e-01 4.849812124423070747e-01 4.702768002254507085e-01 4.719121707071123883e-01 4.747521015706595571e-01 4.718579896330785117e-01 4.751075723025469655e-01 4.740264774097900369e-01 4.779479397535299490e-01 4.750090041632473170e-01 4.755376283161887874e-01 4.767718710941449278e-01 4.762426322875928930e-01
1.280881861269367594e-01 1.788314508037398276e-01 2.599315073016839062e-01 3.839978378800012471e-01 3.578136744241325884e-01 4.134691880066889702e-01 1.000000000000000000e+00 5.884121801152745190e-01 6.508848144703232030e-01 5.729015413599808371e-01 6.486364075502903948e-01 6.532535226779417892e-01 5.784177847848512855e-01 4.997986284211202168e-01 7.438505442928516898e-01 6.852119756700317810e-01 6.229112819150325331e-01 5.746523080630432379e-01 6.242634231902900455e-01 5.633256027488108275e-01 5.927630564068476771e-01 6.452416410344049558e-01 6.209443060183472696e-01 5.968226414859268969e-01 6.141531147744131447e-01 7.304613372255134296e-01 7.212050910326083253e-01 7.232878197760205241e-01 6.901855395206674126e-01 7.167163142661499009e-01 7.417775911116045728e-01 7.154131713393336867e-01 6.921395026574062026e-01 7.010192274054348749e-01 7.215597650651255357e-01 7.161136460096878542e-01 7.290730507085569911e-01 7.328609345080371318e-01 7.496591517161299567e-01 7.364765707968090602e-01 7.454569817581971902e-01 7.442605413329962394e-01 7.424491006184972264e-01 7.390720124744979413e-01 7.456647239465169497e-01 7.456085467269197853e-01 7.393126804663645579e-01 7.425823811100167315e-01 7.333895168575746970e-01 7.226649611013760133e-01 7.362243145235460862e-01 7.085914685925706058e-01 7.258129975350516849e-01 7.436408155887177518e-01 7.426714956746064411e-01 7.472638623356656629e-01 7.242987892991280541e-01 7.422064580649654353e-01 7.354119641125769213e-01 7.414945717467087416e-01 7.318343175008004131e-01 7.325819083790863218e-01 7.215393434531146566e-01 7.414134901768359986e-01 7.426391114399817361e-01 7.380440271566343080e-01 7.445424565928197014e-01 7.421907667806313391e-01 7.392985822138082863e-01 7.396777583224746211e-01 7.291269254435110980e-01 7.451041952686869863e-01 7.308098793133349647e-01 7.276776918270746464e-01 7.570620483162571190e-01 7.486941289095075946e-01 7.498782932033193349e-01 7.464017050644099482e-01 7.506421797116854533e-01 7.460118356002959361e-01 7.458403491687699560e-01 7.494684823569508492e-01 7.466394509744901375e-01 7.423486277295130442e-01 7.428354442213467301e-01 7.392735927432204646e-01 7.447148574428363865e-01 7.445444048816735050e-01 7.513235462377242380e-01 7.470366530476834077e-01 7.503658665918532256e-01 7.431798741327720892e-01 7.490439700090641972e-01 7.450581856060292107e-01 7.350061730346868494e-01 7.350656623791176347e-01 7.285243539704504556e-01 7.390624999979840126e-01 7.369399788832053932e-01 7.408704064665883049e-01 7.447712213600640174e-01 7.360600025851392614e-01 7.321762242891103334e-01 7.430313749923163069e-01 7.447832726520146052e-01 7.360483085362415911e-01 7.335527676152648890e-01 7.426985794897349447e-01 7.424745851365950333e-01 7.354838645051759993e-01 7.364347779676622130e-01 7.396010920974026570e-01 7.337237175026044556e-01 7.378676540366265746e-01 7.451417576529727471e-01 7.366115191213385982e-01
1.611680601411592528e-01 1.740598298430146573e-01 2.632943378512094812e-01 3.895288521940241666e-01 3.701904162172963142e-01 3.588897710929759843e-01 5.884121801152745190e-01 1.000000000000000000e+00 6.393076793815214431e-01 5.367245851234461185e-01 6.363220654517213193e-01 6.304745725646548893e-01 5.520259940965961398e-01 4.945408194676069180e-01 7.001840138448643946e-01 6.731920390472182492e-01 6.252409512935324098e-01 5.839427437159792067e-01 6.385736721160220064e-01 5.711407929752994050e-01 6.331495658426938844e-01 6.648670795086381036e-01 6.224698154663373950e-01 6.083630215403237340e-01 6.317980033405340423e-01 7.139593999744369146e-01 7.007460765062025754e-01 6.891780569011458635e-01 6.737970455084321131e-01 7.018303369541478709e-01 7.102918037216886527e-01 6.910299864304747519e-01 6.472004736854102269e-01 6.996961598369216828e-01 6.875510486542159017e-01 6.906504121033033572e-01 6.952145164103785691e-01 7.014093355547215136e-01 7.066754604373265414e-01 6.901647787832685399e-01 7.130063726887173603e-01 7.094102853410534371e-01 7.091384328705281348e-01 7.079746356455722811e-01 7.171555280290038414e-01 7.086302552774067509e-01 7.051624397699871594e-01 7.034804221489384668e-01 7.033389374174058295e-01 7.001563104890847766e-01 7.142124031193980427e-01 7.036813921853624088e-01 6.960238220757078986e-01 7.083046695835951700e-01 7.172545067575345490e-01 7.139473392832973442e-01 7.005778922422841726e-01 7.057228228197353070e-01 7.066881916048602941e-01 7.119884638694149448e-01 7.099046906086653452e-01 7.014853710456487867e-01 6.925576999013967061e-01 7.099762632896361447e-01 7.217709655097934718e-01 7.152784707963741884e-01 7.110748050210349280e-01 7.166952865557724150e-01 7.065298341475623189e-01 7.177680102410429752e-01 7.158619224902176281e-01 7.254014499394311200e-01 7.102903314573077997e-01 7.097990430183774846e-01 7.201505959743470520e-01 7.133580390619161937e-01 7.087199670489757741e-01 7.168510781041875779e-01 7.160499429179090214e-01 7.085819208160886173e-01 7.130589620189711209e-01 7.086019079022741751e-01 7.106275553916656662e-01 7.036412839539607500e-01 7.083145138589821421e-01 7.108975631082296021e-01 7.084278698337057589e-01 7.035081165050276475e-01 7.031688300575508199e-01 7.091959807387137049e-01 7.027467776542910549e-01 7.003926506269158025e-01 7.122086001488070472e-01 7.062372342505545131e-01 6.968699589625605428e-01 6.954431098603508499e-01 6.947026500245505609e-01 7.112321438890566450e-01 7.022174745009407415e-01 7.043664870113662824e-01 7.087141085727483025e-01 7.005139207424574410e-01 7.013799803536157063e-01 7.093527236362262567e-01 7.192154596406292733e-01 7.005405890344162945e-01 6.951136987798911537e-01 7.020330651125752386e-01 7.058890107669872904e-01 6.956894923511358630e-01 6.959195997344969076e-01 7.046538869306592234e-01 6.985696955237304939e-01 7.016751626707212752e-01 7.174166856833336103e-01 7.074615825795390611e-01
2.567461200851429148e-01 2.552530829268719326e-01 3.058565205226506656e-01 3.775641330060350853e-01 3.615641572721062791e-01 3.832997908531821096e-01 6.508848144703232030e-01 6.393076793815214431e-01 1.000000000000000000e+00 6.928891464997810612e-01 7.404143960950987369e-01 7.055944571827775791e-01 5.944714941940218988e-01 5.477030794977029160e-01 7.926972579800192209e-01 7.584397231591618604e-01 7.708784432571149647e-01 7.338465738428846530e-01 7.644076592650321800e-01 6.548864884222747040e-01 7.066625880376044000e-01 7.462020433190440505e-01 7.697720802860978928e-01 7.535831129991745758e-01 7.527244052256336637e-01 8.347235641338915935e-01 8.239846897032466755e-01 8.298136388676183861e-01 8.259518423417525623e-01 8.503012828917287935e-01 8.449882893467118850e-01 8.466465893939201237e-01 8.061019602119986471e-01 8.224400467377259716e-01 8.275953004318206130e-01 7.960273962235820955e-01 8.318308986987393849e-01 8.274902440235197831e-01 8.318245224932619974e-01 7.949917353236430895e-01 8.351061705430125048e-01 8.257018302323776426e-01 8.061317126494071950e-01 8.107533908225981190e-01 8.306970464719611869e-01 8.229215606975788244e-01 8.215960413704128662e-01 8.358692843456604349e-01 8.237871010150076279e-01 8.101271898774397018e-01 8.228667746437318131e-01 7.633317635677628887e-01 7.863310733160695509e-01 8.403366720450391458e-01 8.370551491626813112e-01 8.380550266971408258e-01 8.134357210130582772e-01 8.193176896667890841e-01 8.202523758302174839e-01 8.273420008569672968e-01 8.168859914895751917e-01 8.130556392936331145e-01 7.994419442558327038e-01 8.266042665895986241e-01 8.409834379339160559e-01 8.261552266984456550e-01 8.389553571023157241e-01 8.482590053024521293e-01 8.499644678505395845e-01 8.301712583086985342e-01 8.175815360484414152e-01 8.486246233785202930e-01 8.454993104176374841e-01 8.413077104877085821e-01 8.436719179640187471e-01 8.408882532612867999e-01 8.368634763128908194e-01 8.528280660279358161e-01 8.448883907536518523e-01 8.498049673654588521e-01 8.487997757682907984e-01 8.345688238649021651e-01 8.508748220769586368e-01 8.463733484477813374e-01 8.336833459924689604e-01 8.393785121758687851e-01 8.314869711929523399e-01 8.272034426340846291e-01 8.295128567263809760e-01 8.409403943867008735e-01 8.315032226893532830e-01 8.193866189038012671e-01 8.286277649107715026e-01 8.201574818098967823e-01 8.121909043980354292e-01 8.124691667985838306e-01 7.996568321336587903e-01 8.292570352556517532e-01 8.165404662686714943e-01 8.179147273551349295e-01 8.199696752228156083e-01 8.106227240405503576e-01 8.055867328819626971e-01 8.154821195532765410e-01 8.241328448137937857e-01 8.193702431321221447e-01 8.170336464115005581e-01 8.255264549582972400e-01 8.307960284539939178e-01 8.122761472377180159e-01 8.078161117035415062e-01 8.195765860810880765e-01 8.105279478075604338e-01 8.180292552560340935e-01 8.344375898436670047e-01 8.183124940614739939e-01
9.433849968033380939e-02 1.937108764201882771e-01 2.216686058767463330e-01 3.468465151953835091e-01 3.241819957215725800e-01 3.457925141425667315e-01 5.729015413599808371e-01 5.367245851234461185e-01 6.928891464997810612e-01 1.000000000000000000e+00 6.320141339961816707e-01 6.769591813535893454e-01 5.972478861089810520e-01 5.007090448754816236e-01 7.257626374067709385e-01 7.144346446140451556e-01 6.390095444611805231e-01 5.618995652225333703e-01 6.167182844541776454e-01 5.305422486718718300e-01 5.496688656542747520e-01 6.159456090244574966e-01 6.333823826812254865e-01 6.131449451628189218e-01 6.128419724893886533e-01 7.102952913058306894e-01 7.099982900354482318e-01 7.233834644548579051e-01 6.883302330829774718e-01 7.273522788259537686e-01 7.520618239158131102e-01 7.491073810422506085e-01 7.245075828452884892e-01 7.189241891607499602e-01 7.315113800353456597e-01 7.299212193698294548e-01 7.488123585394653725e-01 7.659204557157478499e-01 7.731606574395241127e-01 7.397104998205783488e-01 7.638886003140437087e-01 7.570068189584426843e-01 7.523053534043370183e-01 7.591264932692943779e-01 7.532983424369652514e-01 7.615823728728268183e-01 7.698175041295355348e-01 7.839759481236348027e-01 7.664563854358288353e-01 7.390740945024465436e-01 7.633272701973931040e-01 6.821543983907932818e-01 7.280047440956299853e-01 7.741055911032765913e-01 7.616149333901297558e-01 7.747341398591927053e-01 7.490610100140824290e-01 7.676799895739948587e-01 7.655850806572910283e-01 7.667025570598156037e-01 7.697457249322526840e-01 7.654282556290598061e-01 7.587392457878934238e-01 7.726858743805696816e-01 7.568495178317090621e-01 7.584746189307203235e-01 7.785217050965375085e-01 7.710022871362058883e-01 7.787527358838011171e-01 7.472613439700956928e-01 7.473330429365645511e-01 7.668508844325918616e-01 7.581966311633565603e-01 7.626565884781847382e-01 7.774966908686170575e-01 7.768161147649067511e-01 7.767606785703975447e-01 7.673183249644782711e-01 7.735487281203760057e-01 7.809474688289285149e-01 7.797077792054339929e-01 7.839268715583891378e-01 7.822758110273440035e-01 7.784338625971197745e-01 7.753767269110058979e-01 7.770485111357342545e-01 7.796649203168035669e-01 7.843126255393173540e-01 7.845188676699724750e-01 7.819978276763046576e-01 7.824039191345268929e-01 7.796086129464488979e-01 7.728033671839424912e-01 7.763876814295334050e-01 7.731606519187806947e-01 7.761271423271974834e-01 7.557327992646792891e-01 7.639292534262230872e-01 7.694491202571585031e-01 7.736511052017627232e-01 7.729045938595630050e-01 7.693722195021337473e-01 7.578892616366854629e-01 7.694478247102931601e-01 7.593037044035130245e-01 7.652791615374596734e-01 7.754166172103047483e-01 7.798491855134770390e-01 7.799466143793898354e-01 7.731001535624514309e-01 7.729557665538069333e-01 7.733781008810619584e-01 7.705444181337512966e-01 7.761132351541980556e-01 7.703526201120194372e-01 7.628803128897281294e-01
2.032071456807528487e-01 1.957307100545030432e-01 2.998593660719762188e-01 4.185409789866404440e-01 3.743710870018293613e-01 4.234697383278011040e-01 6.486364075502903948e-01 6.363220654517213193e-01 7.404143960950987369e-01 6.320141339961816707e-01 1.000000000000000000e+00 7.271712920728764518e-01 5.916077833900232896e-01 5.529128841073356337e-01 7.775288344433322063e-01 7.379224853600444556e-01 7.400500014945533556e-01 7.045290543535618344e-01 7.547374679232753403e-01 6.793489723111216794e-01 7.159058633061560206e-01 7.677958818847961942e-01 7.373118080894948134e-01 7.262627412478146471e-01 7.482072863787447847e-01 8.226941573645181194e-01 8.154052854888867996e-01 8.034994601161917771e-01 7.904447262015809050e-01 8.124066595085497333e-01 8.342777373381622397e-01 8.151752092938161498e-01 7.766952188101249321e-01 8.159552389280000373e-01 8.095155621826984893e-01 8.018655497882035688e-01 8.081911307496952857e-01 8.071230222118150888e-01 8.111527656825976429e-01 7.925363174239741237e-01 8.207743342344770987e-01 8.147212673357644430e-01 8.037798878963495763e-01 8.045066128196083355e-01 8.291017160519930096e-01 8.098706448765308208e-01 8.071177731302106029e-01 8.075490795424554724e-01 8.013985933154463837e-01 8.059444269471887079e-01 8.082563082695495282e-01 7.999548562046364664e-01 7.967079630664423151e-01 8.108117123794822412e-01 8.153109643070302059e-01 8.259618397001019519e-01 7.997539101326446298e-01 8.052149713894801719e-01 8.017919344243917834e-01 8.124451113762390930e-01 8.029412042766247426e-01 7.940047497711674174e-01 7.851112138880602664e-01 8.091124600403952760e-01 8.291342565871356873e-01 8.171549694647158857e-01 8.195241038247864651e-01 8.334462455423057303e-01 8.230127581795187997e-01 8.288838259394983865e-01 8.185195988460298722e-01 8.360394225956577774e-01 8.267887860190390459e-01 8.294108424516318800e-01 8.285027131547627599e-01 8.242635153989267272e-01 8.170396170654341539e-01 8.263016624216504846e-01 8.260727180490342603e-01 8.250699362215315746e-01 8.245135038561796081e-01 8.160696965864823182e-01 8.267187813344613057e-01 8.255910200139743305e-01 8.222303215112204411e-01 8.211672902580910982e-01 8.153558569669899780e-01 8.124741020613238662e-01 8.113195911180368647e-01 8.208936818401960656e-01 8.195608407120954508e-01 8.045792324467341272e-01 8.195957733768024500e-01 8.069172179973509440e-01 7.992812012347210171e-01 7.968792680664864569e-01 8.004563337913002119e-01 8.122462622682289357e-01 8.028287919729877320e-01 8.072843834249109340e-01 8.120941491635881304e-01 8.011108930125722116e-01 8.034600892031178443e-01 8.090523051255220643e-01 8.242650042636862073e-01 8.066553045473067174e-01 7.987857689201375289e-01 8.073700264928926895e-01 8.134192253350001067e-01 7.987040047387004016e-01 7.968012418709631284e-01 8.053439151630830128e-01 7.986854115571045964e-01 8.026778233028688536e-01 8.196194563719143567e-01 8.129381684223361271e-01
-2.277630462970463981e-02 8.138777250482681636e-02 2.544122219056276779e-01 5.233807832962756867e-01 3.947405243026889665e-01 4.386973499598229576e-01 6.532535226779417892e-01 6.304745725646548893e-01 7.055944571827775791e-01 6.769591813535893454e-01 7.271712920728764518e-01 1.000000000000000000e+00 7.430743190737623127e-01 5.893962602319268163e-01 8.233958752355566846e-01 8.363957439230115254e-01 6.570835090331899053e-01 5.656724802082715442e-01 6.343999210074425799e-01 6.430369559906387034e-01 6.567586725583992591e-01 7.046809146594145146e-01 6.401371579854117089e-01 6.277124705941661276e-01 6.468973252720333633e-01 7.749755866043368524e-01 7.722808322879289866e-01 7.728667221357344852e-01 7.135432115135506015e-01 7.536377371485134535e-01 8.219201066314353321e-01 7.719871886624120050e-01 7.502670378320877020e-01 7.763110986363908061e-01 7.781311498076408650e-01 8.136120580227678145e-01 8.097879525537116097e-01 8.425034452828468190e-01 8.562318150382677295e-01 8.461704126040608953e-01 8.577767592019683862e-01 8.505839005681102849e-01 8.695475326506986180e-01 8.803738237580248649e-01 8.525395175868089037e-01 8.653928152365827353e-01 8.891704553097978803e-01 8.784999564514945902e-01 8.760285150151916334e-01 8.389498104058346062e-01 8.672127122822483880e-01 8.436098029200237436e-01 8.659825351805687799e-01 8.681587450267110873e-01 8.577640403064745733e-01 8.664617846466209361e-01 8.745233696097729492e-01 8.787030803271390633e-01 8.806020473569219353e-01 8.862336461230960749e-01 8.895238979645189170e-01 8.881220153756802516e-01 8.887476946178913817e-01 8.762948041741321914e-01 8.587793364289030285e-01 8.759245975587267585e-01 8.694079182532243877e-01 8.567721836776390765e-01 8.504096530493491235e-01 8.659452751987767316e-01 8.783014408784093341e-01 8.579127133720640952e-01 8.386581872776797120e-01 8.519480223654288809e-01 8.770953747809827616e-01 8.719302884371469275e-01 8.701370930934794190e-01 8.406178457770094870e-01 8.625720951463385910e-01 8.531114579646460472e-01 8.585405948918808372e-01 8.739663712290148823e-01 8.560160782274838231e-01 8.488804430787640909e-01 8.629524268969863687e-01 8.693371834935601505e-01 8.714713648163758819e-01 8.786859449485495688e-01 8.775281491650037680e-01 8.731169224971333520e-01 8.724353090506703490e-01 8.889670354887209136e-01 8.847959936975501316e-01 8.856935675726611557e-01 8.898634385926477153e-01 8.885472819955402279e-01 8.801528801798089718e-01 8.717190701247304885e-01 8.863644446953351519e-01 8.870153100332898166e-01 8.847511973225101745e-01 8.895582872346461389e-01 8.881151000751996705e-01 8.907915367672286644e-01 8.805990442702936738e-01 8.797071181484711344e-01 8.857476558921291154e-01 8.841950777507651127e-01 8.826530566601117345e-01 8.901311594923952963e-01 8.912196866191340883e-01 8.899835777726368136e-01 8.924666613514794511e-01 8.882993712348720150e-01 8.779951646634384099e-01 8.850476302598194733e-01
-9.299559875145312071e-02 3.784895618541960632e-02 1.963350687108394443e-01 4.484624511754513043e-01 3.573653930488009389e-01 3.772793784524181571e-01 5.784177847848512855e-01 5.520259940965961398e-01 5.944714941940218988e-01 5.972478861089810520e-01 5.916077833900232896e-01 7.430743190737623127e-01 1.000000000000000000e+00 5.120020646485159421e-01 7.344978858950014233e-01 7.491344976466876027e-01 5.350954244845537167e-01 4.299624032058688705e-01 4.940068584523910622e-01 5.220232512875201403e-01 5.340649498837712894e-01 5.718204917507226925e-01 5.089806300984203169e-01 4.993274194265420740e-01 5.031333872455274747e-01 6.513827144273320879e-01 6.423758143416011812e-01 6.574090515220167852e-01 5.895782383712232511e-01 6.216302651396947709e-01 6.856742100072267254e-01 6.545031352903197819e-01 6.386581474694783545e-01 6.535746841995010437e-01 6.483349695496007925e-01 6.920409382426078171e-01 6.852354501225250694e-01 7.331890359961329429e-01 7.438834192781446086e-01 7.373217189795000515e-01 7.467093513049751774e-01 7.449148554838236347e-01 7.608983819120991310e-01 7.685919585287036560e-01 7.291624907556558677e-01 7.451879220629537004e-01 7.783143877221796458e-01 7.696425373325962438e-01 7.696336156583037935e-01 7.307642034943186982e-01 7.570718788554782197e-01 7.271108061476891926e-01 7.542583902338920732e-01 7.563593757703260811e-01 7.430628922193727171e-01 7.518277357076748046e-01 7.625190638972312307e-01 7.706936231927312697e-01 7.696641344501996551e-01 7.739527489180459963e-01 7.792710025883291536e-01 7.800475338914824031e-01 7.852356221010305948e-01 7.636354371550907461e-01 7.336104177901702217e-01 7.582503631892634210e-01 7.585761554525535244e-01 7.355854478502806826e-01 7.332931047370957467e-01 7.401216781964724545e-01 7.570158516249764213e-01 7.352105001446522792e-01 7.121879908332937603e-01 7.224013662855857110e-01 7.630213924959238225e-01 7.566481506916801214e-01 7.578128253709481843e-01 7.208643140630891510e-01 7.445713204835929799e-01 7.313154730795113911e-01 7.373507445209479538e-01 7.612212038283293625e-01 7.406950467587434250e-01 7.313721495339868817e-01 7.551835502258300581e-01 7.559065281129009328e-01 7.605475376111155983e-01 7.703295672392975746e-01 7.673510731500257087e-01 7.599325358667322616e-01 7.622555152189246508e-01 7.821725964824345345e-01 7.716150572574145272e-01 7.778018028970588027e-01 7.857355721944525584e-01 7.832248407717835592e-01 7.789718114066507271e-01 7.656990352521662047e-01 7.823752281170047729e-01 7.819249752489874083e-01 7.774792520079500946e-01 7.868239165481820674e-01 7.802311807956674450e-01 7.824459022299783406e-01 7.689067369789361894e-01 7.750670151727392376e-01 7.799390225294281498e-01 7.728178486637253819e-01 7.727711526714636792e-01 7.842004612784664319e-01 7.857487133017487801e-01 7.814004997047827583e-01 7.862770059548893631e-01 7.815710200258438878e-01 7.632250108124367660e-01 7.743826141043297362e-01
