1.000000000000000000e+00 1.375434707178972982e-01 9.078734323576266585e-02 7.412434452798524753e-02 6.208632573485792228e-02 -4.848725304426453747e-02 8.309131795713503577e-02 8.804590081995095074e-02 1.650156349581377302e-01 9.222577545471680183e-02 5.901802008368237096e-02 3.903649059796245047e-02 6.144528345891461102e-02 -1.101848549859316476e-02 2.897345182786817408e-02 5.198475681161145862e-02 1.217074692697860117e-01 1.214242339365732143e-01 9.709561988384753095e-02 1.053652948173134513e-01 1.088044320078978555e-01 1.335909476534994367e-01 1.331907593192485362e-01 1.365704287961205243e-01 1.337607915955186244e-01 1.003003350760352935e-01 7.993938794119431757e-02 6.641295080818314378e-02 1.308059152670318637e-01 5.837871745828311643e-02 5.151889142923041232e-02 8.446326062490475128e-02 4.530568034526224336e-02 6.135619191069126288e-02 4.456037502386180071e-02 4.434920398148208681e-02 2.533193536738556628e-02 4.346633393300684128e-02 1.872268327855114087e-02 2.954036719727230059e-02 3.830044490677875918e-02 1.483731951293244117e-02 1.997378028712732886e-02 4.258117363501746910e-02 2.467345629970486842e-02 2.208666336070259917e-02 1.998072302037546058e-02 3.186417241325353866e-02 4.340598539802922873e-02 5.362698042880182508e-02 3.796458474505171737e-02 3.953591356235439808e-02 2.543375110335183847e-02 4.129240249093944770e-02 5.014243240129144519e-02 4.228108390903385916e-02 7.851565532488420651e-02 3.484049449494110162e-02 3.976296631633797346e-02 4.189682780909687737e-02 3.034595067540002064e-02 5.824665425020976450e-02 4.988302255182779088e-02 6.109235353318803741e-02 5.613724485338915382e-02 5.123361454309221380e-02 2.846051331834755643e-02 3.311575955379060521e-02 5.589473555371301389e-02 5.535848775476293754e-02 3.156484293440400130e-02 3.906579349349371261e-02 5.836498558932563113e-02 5.718136005600646388e-02 4.021926767899267757e-02 3.477173085398717334e-02 3.376405307080155432e-02 6.247802643170908415e-02 4.467577088412492264e-02 3.506956018825757582e-02 1.648398472170805110e-02 1.984923278860001652e-02 4.392550058447595301e-02 2.897791849370180348e-02 2.059896365531797488e-02 2.823500076705243514e-02 7.180339790530352109e-03 1.424195065746010000e-02 1.532034860088232406e-02 2.517438265767990915e-02 1.090755053096597975e-02 1.989950970811664790e-02 1.237614542222877784e-02 1.468982700086407175e-02 9.712258209317254157e-03 1.983387623909846353e-02 7.252355760397666100e-03 3.807616632893499192e-02 2.075195132166274617e-02 1.531607800587562671e-02 8.046148790367834910e-03 1.744584341644120351e-02 1.341104776200190488e-02 1.620862786321905502e-02 1.088399568277484061e-02 3.628729757273894962e-02 2.603232076721347446e-02 2.567020855876148144e-02 2.397028567399614105e-02 2.259796074247397146e-02 1.193311812492252148e-02 2.481990666237759990e-02 2.366357555606858273e-02 2.359745888293345029e-02 2.438060972196526982e-02 2.370805941856993573e-02
1.375434707178972982e-01 1.000000000000000000e+00 7.422566201910653361e-02 1.275579390368705712e-01 1.224240871418758730e-01 1.194948388031171344e-01 1.779361985963087422e-01 1.785080501214427739e-01 1.924789361970821455e-01 1.839421537936398454e-01 1.515206536699126583e-01 1.523866534991771826e-01 1.497542434778071085e-01 1.279972083324152632e-01 1.521958418703912019e-01 1.592609684067824993e-01 1.708930838307309574e-01 1.863327015253735675e-01 1.696856084039221058e-01 1.153442508363659719e-01 1.477121363604721738e-01 1.783313380538422421e-01 1.933278383234376674e-01 1.852123229295685458e-01 1.711647111111603003e-01 1.868474213097856829e-01 1.731300923200520536e-01 1.788155654300230268e-01 2.064743865318156846e-01 1.734772677296314014e-01 1.742569528474237628e-01 1.825370944539818074e-01 1.589758657531792352e-01 1.669868173955052770e-01 1.626983939350760966e-01 1.354885002279666018e-01 1.616125931277143102e-01 1.649021433107661083e-01 1.487324948076279851e-01 1.558531062815857460e-01 1.721636491736555918e-01 1.601314085266610232e-01 1.286746499493400253e-01 1.653574528985453373e-01 1.583488872204815434e-01 1.567843869771121112e-01 1.583027618775275092e-01 1.737834309517262421e-01 1.646180378136916367e-01 1.481376103275783840e-01 1.507740872313708125e-01 1.410162726864542526e-01 1.537791994063120171e-01 1.702970621310322952e-01 1.685479473580983323e-01 1.763232070813420538e-01 1.628548634399480111e-01 1.740221881569480600e-01 1.640001735819850981e-01 1.625792567748671202e-01 1.476544673039361655e-01 1.600606311549953864e-01 1.610670693623751371e-01 1.610817876162940754e-01 1.614035113275043287e-01 1.644414052713986107e-01 1.677177686524591316e-01 1.676038898943166267e-01 1.718893400400876015e-01 1.540022040179421792e-01 1.651488266452157683e-01 1.690845057605996071e-01 1.732298768428159053e-01 1.724958750008813435e-01 1.721935332778344041e-01 1.664611542303875424e-01 1.693286886877974351e-01 1.860802380933541944e-01 1.768292407783972064e-01 1.705945701045930851e-01 1.642598637403897277e-01 1.630636757359409106e-01 1.764314358907491109e-01 1.636962360006649353e-01 1.577655975677841882e-01 1.645664940189592584e-01 1.563863114220515604e-01 1.664096354852181991e-01 1.632774848500385123e-01 1.717610555994765198e-01 1.591834362308641726e-01 1.666107207241629140e-01 1.572086250369442717e-01 1.637225961076352321e-01 1.629152753213091998e-01 1.688920910250185370e-01 1.565069815973147982e-01 1.605129175363757266e-01 1.682037990076609979e-01 1.598340825602468929e-01 1.547180028508309824e-01 1.635203504967099875e-01 1.582112727927037499e-01 1.595905016734212589e-01 1.536494813827359862e-01 1.716750899917314221e-01 1.654741704401618274e-01 1.718754658756595777e-01 1.666230350884758682e-01 1.698039016554901137e-01 1.667387902175409831e-01 1.664338529663221544e-01 1.683761239876017946e-01 1.612904646134227793e-01 1.587993764605219738e-01 1.630063775288483896e-01
9.078734323576266585e-02 7.422566201910653361e-02 1.000000000000000000e+00 2.794184144930246250e-01 1.959536736167056536e-01 1.997399053634271726e-01 3.215851078568502386e-01 3.023573761888587730e-01 3.448063097470673299e-01 2.964400595025463714e-01 3.370330266745827918e-01 3.335415854810654390e-01 3.397873075641403839e-01 3.016977361021362936e-01 3.533653215666303082e-01 3.436075675933386586e-01 3.253043218376509005e-01 3.657630813956839755e-01 3.670839724008028160e-01 2.576902691350065888e-01 3.277492757638712506e-01 3.630854839147804602e-01 3.672946763931853043e-01 3.589520626375193313e-01 3.524437539015110588e-01 3.683746033430885802e-01 3.489925210986581372e-01 3.508885828826577846e-01 3.513965542842249490e-01 3.412017626981067586e-01 3.577223487221237175e-01 3.702591033974458323e-01 3.410198813844273480e-01 3.639344851021186766e-01 3.492235677841435404e-01 3.430175519539615525e-01 3.415960347539048758e-01 3.591750105500185475e-01 3.498308726347879594e-01 3.541187390208413444e-01 3.537510537653168474e-01 3.476092240647227771e-01 3.368610261454155763e-01 3.466738094544060123e-01 3.520728527162243493e-01 3.390441478525870744e-01 3.443954204533216101e-01 3.438317170958624658e-01 3.446027082570186639e-01 3.514935542342212949e-01 3.512796857621204860e-01 3.487296872697445149e-01 3.415568403776847450e-01 3.472941441969067400e-01 3.521542284969889636e-01 3.646723127267393338e-01 3.525985220439611378e-01 3.463428308152874391e-01 3.458300016026613077e-01 3.433699278228664609e-01 3.451279423836138283e-01 3.437925637950126068e-01 3.436904329643963862e-01 3.459334293053329956e-01 3.430547335050726510e-01 3.452255595758585982e-01 3.408125616476604947e-01 3.566064310166467410e-01 3.589944672166486828e-01 3.490247924654496514e-01 3.493174315357883142e-01 3.480718516321950062e-01 3.612696222762147857e-01 3.576245771414103825e-01 3.539814895988122045e-01 3.452803218235293015e-01 3.482975490587061351e-01 3.542240364338922753e-01 3.528010132007255439e-01 3.498890917220857655e-01 3.445222442083791803e-01 3.457089979490501896e-01 3.561539679604123765e-01 3.484528365933057259e-01 3.469423783744297052e-01 3.504649040215762068e-01 3.437349420773762598e-01 3.466342368072298785e-01 3.448068960559972362e-01 3.497311625474303631e-01 3.485345865367262541e-01 3.469482338742595484e-01 3.427706966222255347e-01 3.461046250362870835e-01 3.373469815149561790e-01 3.399282866154305083e-01 3.417865114521018155e-01 3.368748035116519990e-01 3.401217257150595530e-01 3.428440606170089500e-01 3.423248273090353511e-01 3.404365645602080992e-01 3.413534910281172396e-01 3.398389377824811985e-01 3.411820131196469652e-01 3.426704630580477695e-01 3.389851714666134996e-01 3.423746618069954950e-01 3.443444176114783262e-01 3.429167758547612688e-01 3.427346427200635981e-01 3.375366385048135243e-01 3.402928426139244511e-01 3.399830348206567820e-01 3.402979826818486875e-01 3.399883498701288254e-01
7.412434452798524753e-02 1.275579390368705712e-01 2.794184144930246250e-01 1.000000000000000000e+00 4.016443233552255410e-01 3.682562598063293113e-01 6.428376211973058085e-01 6.106193196987359517e-01 5.073658620298664435e-01 4.774270140116613215e-01 5.882485695837104123e-01 6.259776707846029797e-01 5.711535268955927336e-01 5.310047006972077321e-01 6.514224822139166315e-01 6.311307338629539299e-01 5.366106883468140243e-01 5.788594302946162840e-01 5.824316295362570450e-01 5.517921200244555457e-01 6.257100792108550857e-01 6.304196881292376542e-01 5.693215627830613412e-01 5.234849340447079724e-01 5.525599799774071341e-01 6.426027838993114694e-01 6.245104021770178093e-01 6.477813705918141762e-01 5.913210196646674355e-01 5.858497645721928437e-01 6.079953647037957820e-01 6.244827862947333053e-01 6.547445074974878043e-01 6.199656877344136285e-01 6.337424489456938703e-01 6.356436264655236368e-01 6.354994816056523943e-01 6.331844428391271151e-01 6.465675079931624269e-01 6.571866970996015356e-01 6.094678001186573102e-01 6.297927725439022018e-01 6.514725322307395317e-01 6.279578260741437434e-01 6.279219077950397576e-01 6.255634047051487068e-01 5.934551618874678303e-01 5.741349605694401337e-01 5.803568298104626599e-01 6.166521652009474552e-01 6.296989541883514230e-01 6.387865093457609778e-01 6.027610912788827768e-01 5.858467916275378329e-01 5.928672849543674683e-01 6.117058917086691805e-01 5.939058947194141291e-01 5.951397050522277965e-01 5.779460093131426612e-01 5.795117718903305404e-01 5.984500073213365745e-01 5.816280593877454219e-01 5.925374733449524367e-01 5.919842512552785374e-01 5.982635181143550751e-01 5.972385186596678164e-01 5.797729276866290249e-01 5.986381678506341730e-01 6.056880292188129289e-01 6.269328219878365083e-01 6.196636582958282569e-01 5.992219504668495622e-01 5.916895547864045035e-01 5.980204299301544735e-01 6.127179039592037801e-01 6.104053506252009598e-01 6.104141885618313834e-01 5.967804557096872964e-01 5.943409492178663989e-01 6.013487946726230327e-01 6.087740184646170949e-01 5.983814696105970166e-01 6.085514080659442104e-01 6.214246746000496868e-01 6.306364947205123084e-01 6.047959209779807388e-01 6.249094291515113753e-01 6.137030005841516145e-01 6.238287490967641125e-01 6.075165751112132639e-01 6.266943342576039022e-01 6.120772847255597782e-01 6.080277441928892967e-01 6.115040723053571936e-01 5.847842950858151978e-01 5.792510600546355581e-01 6.289913101318673760e-01 6.097752088924294211e-01 5.989176846680775990e-01 6.170119163855075639e-01 6.276415947221410940e-01 6.065391601883383110e-01 5.961094143125093003e-01 5.994562747450854490e-01 6.192838789633925423e-01 5.967755334362236930e-01 5.905015751071425179e-01 5.804236060379587281e-01 5.903278664565202449e-01 5.835195518009078652e-01 5.864606330970243420e-01 5.827721734579744961e-01 5.889167579809263531e-01 6.009362917511020807e-01 5.907177251935187279e-01 5.924023804530016424e-01
6.208632573485792228e-02 1.224240871418758730e-01 1.959536736167056536e-01 4.016443233552255410e-01 1.000000000000000000e+00 3.107347815694091464e-01 5.090577407385015185e-01 5.263511088116066272e-01 4.553026255776971287e-01 4.452894986162427848e-01 4.879097960074151308e-01 5.190461826952957880e-01 5.120734062653163887e-01 4.585984994555282745e-01 5.478271089958762774e-01 5.247520269216932043e-01 4.422813811121237282e-01 4.435292764278941369e-01 4.743103021437409805e-01 4.248948050242664087e-01 4.825752956791211634e-01 5.035160012169525023e-01 4.819357454566554622e-01 4.170289558137001418e-01 4.570124727008330612e-01 5.244508774325288281e-01 5.128527087750949232e-01 5.266766375830018720e-01 4.802044498163741681e-01 5.251256602316314304e-01 5.265963712973348310e-01 5.168620288745116031e-01 5.106031746644870140e-01 5.004501699422022609e-01 5.139266646260857163e-01 4.848217087692062721e-01 5.228907096026488288e-01 5.253669236072932014e-01 5.318783691702660965e-01 5.172022726730512998e-01 5.218796673080183801e-01 5.298215355387541070e-01 5.172035715268862299e-01 5.274704829325033151e-01 5.207351490871450217e-01 5.323480546461328844e-01 5.186803112706058760e-01 5.104556343285991948e-01 4.990331519051474651e-01 4.931433473161178638e-01 5.189481857941666831e-01 4.910126766966785850e-01 5.156280821551137983e-01 5.143074942217135126e-01 5.079026499809580208e-01 5.229406406363344972e-01 4.889130230393075038e-01 5.140302756760147807e-01 5.024542807416689794e-01 5.148323771597083098e-01 5.190805233240655125e-01 5.046878720720108236e-01 5.000372588031942733e-01 5.019425940830987143e-01 5.158338309106345054e-01 5.125629744798928522e-01 5.137234515754730557e-01 5.151183545685357190e-01 5.218479920528318328e-01 5.260387396635358703e-01 5.291064716422032577e-01 5.221865834240675408e-01 5.071699302585762625e-01 5.090645853210370442e-01 5.295393477965717466e-01 5.240882672289732813e-01 5.243455879687940469e-01 5.133426818004516168e-01 5.177189798346110150e-01 5.238746301634129576e-01 5.294536015556718933e-01 5.227837318540388134e-01 5.245614747035568515e-01 5.332078976103709067e-01 5.278798635179691168e-01 5.184919522002759962e-01 5.271002897306062973e-01 5.285128300336447982e-01 5.309064279555342214e-01 5.254667059563401521e-01 5.351136525843889213e-01 5.287157648635268936e-01 5.221245819913711284e-01 5.261985277277880790e-01 5.144121840710624838e-01 5.162853958284204792e-01 5.204817688259891773e-01 5.098347176660762425e-01 5.140683234226409715e-01 5.267679535344187425e-01 5.273047221044662169e-01 5.185308623919446802e-01 5.194099850279698671e-01 5.201902495977052121e-01 5.214657793949402098e-01 5.091181245606498651e-01 5.160575499159123503e-01 5.189290751511566047e-01 5.216778847872668434e-01 5.152534696948181114e-01 5.174672824734414256e-01 5.168292885819265603e-01 5.166422222294682065e-01 5.193793931789526530e-01 5.154219702384296165e-01 5.166159344280721877e-01
-4.848725304426453747e-02 1.194948388031171344e-01 1.997399053634271726e-01 3.682562598063293113e-01 3.107347815694091464e-01 1.000000000000000000e+00 4.757013854817378484e-01 5.016621769341450543e-01 5.062577257851591517e-01 4.883121510884745886e-01 5.412641706675478392e-01 5.818583098804763765e-01 5.082497360859637991e-01 5.392234758389919946e-01 5.888715067606417053e-01 5.777279246321050943e-01 5.153555624577302874e-01 4.658661687662780104e-01 5.343778799502487686e-01 3.518288811633878965e-01 4.897031619291693505e-01 5.302750899069473833e-01 5.207335932303317483e-01 4.605679180018037444e-01 4.906933127516661663e-01 5.558335153481905877e-01 5.499071469002689838e-01 5.774900510759644057e-01 5.472039540397894974e-01 5.533635256099124211e-01 5.954856205527554458e-01 5.662028329705782737e-01 5.497709407940409854e-01 5.607466764128098413e-01 5.603576194890600437e-01 5.515254495894067466e-01 5.882436510827552256e-01 5.838163897898787091e-01 5.982196461301380053e-01 5.783724237100102972e-01 6.052556992487444498e-01 6.068823469666765336e-01 5.775063334970716999e-01 6.068161842203473322e-01 6.033151282880599986e-01 6.124032100539597012e-01 6.053318716875384364e-01 6.092616518932501002e-01 5.892680622214695463e-01 5.574753815392832212e-01 5.815537060573490180e-01 5.533253854614172962e-01 6.010596856972165725e-01 5.947451491128578072e-01 5.843249010971068858e-01 5.955615579469375476e-01 5.644746606458695970e-01 5.999078027326122386e-01 5.831503205571834103e-01 6.016770771272751395e-01 5.934782337598352164e-01 5.885939142225489196e-01 5.790648509171436586e-01 5.882689707251945732e-01 5.937310691897133008e-01 5.936910295935475812e-01 6.129037122773357549e-01 6.057921126484564489e-01 5.895824641264902910e-01 5.742252887495693514e-01 6.054556922350275983e-01 6.059497441819930996e-01 5.800405204589530461e-01 5.905667265890713891e-01 6.090062591072481490e-01 6.120290317459236018e-01 6.171931778152724979e-01 6.017088328611511772e-01 6.033056809800524389e-01 6.053739908670831005e-01 6.157366332532334674e-01 6.174902072481148751e-01 6.040033867908616294e-01 6.116638734209227657e-01 6.027304524151066989e-01 6.014638942242146458e-01 6.170513833759119215e-01 6.137813327804372276e-01 6.178153163015449589e-01 6.039997709452327168e-01 6.148241747322829021e-01 6.187506183696634965e-01 6.178077019720880081e-01 6.193366800037249931e-01 6.129848775798637517e-01 6.126818358442596146e-01 6.020824575306512605e-01 5.888904348864837379e-01 6.049391984769701969e-01 6.109749453932838970e-01 6.120948733733008185e-01 6.061092237557473839e-01 6.099886306431845373e-01 6.132227686376926501e-01 6.081568691130323501e-01 5.942170172056464583e-01 6.072590676652540598e-01 6.090220466031545099e-01 6.102677602403145940e-01 6.100293019662624827e-01 6.106265497375910067e-01 6.103069748190010912e-01 6.064046535788650827e-01 6.069560132012321585e-01 6.099618835734026412e-01 6.057578237776677366e-01
8.309131795713503577e-02 1.779361985963087422e-01 3.215851078568502386e-01 6.428376211973058085e-01 5.090577407385015185e-01 4.757013854817378484e-01 1.000000000000000000e+00 7.839932710143093786e-01 6.820562680238818620e-01 6.495806141967030989e-01 7.149485791851001304e-01 7.715068906511364233e-01 7.306643410008325512e-01 6.764113331061555323e-01 8.309214256918052710e-01 7.867458954323931497e-01 6.849479124911428407e-01 7.216644038358882574e-01 7.275997578028434720e-01 6.420564841837217429e-01 7.435990001586260112e-01 7.769688837282706650e-01 7.411877868582870121e-01 6.708535813187688213e-01 7.027513915661884880e-01 8.036182272464973408e-01 7.770943372424501394e-01 8.285792739702482201e-01 7.467633945824165842e-01 7.622510321932109978e-01 7.758854152699151685e-01 7.911046662783991490e-01 8.154186172639136254e-01 7.840025775285894838e-01 8.062379863338617891e-01 7.711778590809811318e-01 7.981413076412682273e-01 7.993900875082208257e-01 8.108787990335155627e-01 8.117554524499895896e-01 7.736992695023255928e-01 7.991960118663724577e-01 8.020243969781144511e-01 7.920741039183579746e-01 7.906889294025296611e-01 7.966264392111523929e-01 7.499780512964890899e-01 7.404117303390120863e-01 7.387630941039465826e-01 7.652662096409162951e-01 7.842215415018027880e-01 7.798854110099446846e-01 7.559235110480220232e-01 7.496654212817837060e-01 7.498418378962690145e-01 7.791250018496909124e-01 7.381231666938355973e-01 7.546315270746423165e-01 7.339366893824129656e-01 7.464598235697809114e-01 7.531802356878086746e-01 7.353997255200832583e-01 7.420638932742559257e-01 7.457529213526529199e-01 7.601194741647825381e-01 7.505574651932782615e-01 7.457060470553495968e-01 7.648214224107531267e-01 7.775904133883699831e-01 7.777800051253055402e-01 7.805248489323246552e-01 7.647532951870426032e-01 7.593127560078464233e-01 7.609739829212448514e-01 7.794946014659517308e-01 7.775293110021981313e-01 7.861547030145895620e-01 7.660569596421574756e-01 7.703507760814575223e-01 7.782757933989532528e-01 7.815681473739225504e-01 7.597667359441374613e-01 7.799652190492439852e-01 8.003087693088410948e-01 7.916291894760415504e-01 7.711668272238700883e-01 7.891492989789113954e-01 7.811435633037444592e-01 7.921173652317020641e-01 7.763850402778075255e-01 8.014889111684337930e-01 7.817000523568040649e-01 7.717854425550982889e-01 7.835327306853000495e-01 7.450260722998386376e-01 7.444967578234759076e-01 7.772727342101315440e-01 7.547270763519496883e-01 7.519153100055935290e-01 7.752546543344173147e-01 7.853265765959231981e-01 7.576225470263028283e-01 7.556780893666916743e-01 7.593971786467541563e-01 7.714466385402715121e-01 7.468701839925430130e-01 7.494465033652631947e-01 7.479875585116699810e-01 7.575141786562122892e-01 7.440513961524762854e-01 7.476883174618543793e-01 7.466025953649957358e-01 7.447472673150158373e-01 7.565308203210378002e-01 7.526233750080917329e-01 7.500527917328798644e-01
8.804590081995095074e-02 1.785080501214427739e-01 3.023573761888587730e-01 6.106193196987359517e-01 5.263511088116066272e-01 5.016621769341450543e-01 7.839932710143093786e-01 1.000000000000000000e+00 7.013247649493472569e-01 6.625045542328633630e-01 7.347016338599854368e-01 7.852800148065910424e-01 7.416619266617315853e-01 7.124638065933588393e-01 8.321412849247665777e-01 8.124827147962760954e-01 7.045496505973547485e-01 7.184320672802284591e-01 7.407538795954563549e-01 6.416676261071280196e-01 7.443537766584906734e-01 7.915470127813781787e-01 7.484103652242677374e-01 6.720115309349623534e-01 7.046664213326496728e-01 8.098260444080634946e-01 7.908742953966944045e-01 8.026814264202783988e-01 7.542112906018414442e-01 7.717890762326944376e-01 7.972334313206482781e-01 8.034600985235423876e-01 7.809191679204955383e-01 7.889116465078397367e-01 7.873409081242780383e-01 7.777509366987099826e-01 7.953939070376621068e-01 8.191734043564598000e-01 8.223465331322701299e-01 8.091139720065705365e-01 7.978013007213843322e-01 8.131645528365262221e-01 8.184029288889996812e-01 8.205758998022313344e-01 8.038850648570673441e-01 8.088018782025411246e-01 7.899564561188509026e-01 7.779366732961418007e-01 7.770377402049218896e-01 7.950956475503956344e-01 8.158207837367309478e-01 7.948625563202106337e-01 7.911847116814219039e-01 7.867601965226959093e-01 7.943564370267878205e-01 8.054849829266477190e-01 7.880987990894274819e-01 7.937728271081687659e-01 7.809342492314694795e-01 7.899011100158427334e-01 7.967794059522637085e-01 7.866920097855882865e-01 7.918361195100158678e-01 7.923787260872326987e-01 7.912783675571145592e-01 7.913507699450597066e-01 7.832260559321618798e-01 7.943822674326301847e-01 8.026085853821632865e-01 8.024245915523728900e-01 8.081517249705341133e-01 7.953140906834605950e-01 7.823177116050029634e-01 7.844700687852548260e-01 8.059996680429514226e-01 8.016581999175628193e-01 8.004445392389508696e-01 7.925890298092553854e-01 7.896521237128968362e-01 7.959244987111734337e-01 7.990896652949195378e-01 7.911935228885794702e-01 8.022975696536309709e-01 8.095077253301871112e-01 8.144168017014223881e-01 7.991277103230362000e-01 8.064192155781758631e-01 8.059410576686412142e-01 8.118463119245208359e-01 7.981199798257964106e-01 8.073714163715888237e-01 8.040979306352370459e-01 7.973875714428610983e-01 8.068466163661881518e-01 7.837384681502574946e-01 7.826135730577533645e-01 8.068632260127600597e-01 8.006049146012061968e-01 7.935289819011899226e-01 8.062451389480101982e-01 8.119936423746387799e-01 7.996640204987016665e-01 7.909410801144015624e-01 7.971169815700169803e-01 8.035982780416954796e-01 7.890350835602240043e-01 7.889767360502071281e-01 7.851075964804298257e-01 7.920664877080378918e-01 7.863436970574230189e-01 7.867088287125844071e-01 7.857700960263548362e-01 7.882915301745042624e-01 7.974086513550111555e-01 7.894784968906124467e-01 7.889289863800692526e-01
1.650156349581377302e-01 1.924789361970821455e-01 3.448063097470673299e-01 5.073658620298664435e-01 4.553026255776971287e-01 5.062577257851591517e-01 6.820562680238818620e-01 7.013247649493472569e-01 1.000000000000000000e+00 7.548345453438469743e-01 7.841889857891277682e-01 8.127057582362270383e-01 7.668750820501702981e-01 7.677353174091079424e-01 8.239503677793527103e-01 8.282556286229553200e-01 8.104062037469168533e-01 7.462462597345074222e-01 7.980799388872535927e-01 6.133958005718027628e-01 7.233046471424944279e-01 8.117204131721230675e-01 8.278505380436703698e-01 7.538165206545320851e-01 7.649745233792774046e-01 8.423949339048290019e-01 8.333244560852973715e-01 8.035476291409620053e-01 7.998511464537731985e-01 8.313327320415090371e-01 8.523527103144961092e-01 8.525098230278345124e-01 7.419278244805043165e-01 8.181278991111473609e-01 7.849826249814237933e-01 7.680675935737034665e-01 8.050130684868590514e-01 8.409865457274708911e-01 8.212610023613509114e-01 8.035702979125659562e-01 8.538487781604390259e-01 8.328289142490455932e-01 7.904696325823407088e-01 8.527272237925157539e-01 8.342770218156944084e-01 8.343756943575119100e-01 8.566117398183290543e-01 8.697193413801110884e-01 8.661398389683183652e-01 8.243596524709988493e-01 8.432098360119056890e-01 7.921203233773954633e-01 8.461354333060349120e-01 8.656462844080821117e-01 8.589133587743251752e-01 8.612293132936308382e-01 8.621322617617942496e-01 8.604807157088322223e-01 8.580692027090616181e-01 8.732665789258350353e-01 8.519365009073662787e-01 8.627004187001074964e-01 8.526885817366494091e-01 8.698691149083662699e-01 8.713549268927025526e-01 8.692113218824435439e-01 8.673296041915211640e-01 8.597867976229219833e-01 8.653479157658598986e-01 8.437785296341360208e-01 8.586450652472689127e-01 8.649619359935866170e-01 8.536281946075694460e-01 8.517993476025236266e-01 8.663266783361481815e-01 8.589079265138551689e-01 8.522124599239162546e-01 8.583167991639886196e-01 8.625007003930066363e-01 8.598796609321073259e-01 8.515299450360412914e-01 8.617902375036829987e-01 8.680387755158711638e-01 8.449440437206030552e-01 8.405980898938217871e-01 8.585128219032454044e-01 8.399476877645950523e-01 8.519391741661340722e-01 8.491654448048521209e-01 8.577801453120362796e-01 8.356178236546478733e-01 8.556905860256895924e-01 8.531750377034367228e-01 8.534738037639559849e-01 8.565851295833416534e-01 8.642136316530178997e-01 8.258320879055789376e-01 8.490740273405671390e-01 8.507380187686024442e-01 8.467481104480311105e-01 8.360273686588234332e-01 8.541432516173982359e-01 8.563805051253313705e-01 8.572608099666040316e-01 8.470926799591931289e-01 8.566184884868507377e-01 8.619636364118399285e-01 8.681096837606593342e-01 8.627568978017138290e-01 8.631160586683540581e-01 8.557220186873383261e-01 8.669948304834638186e-01 8.599669094772598443e-01 8.618338345169983539e-01 8.659161637516765708e-01 8.623407054096520197e-01
9.222577545471680183e-02 1.839421537936398454e-01 2.964400595025463714e-01 4.774270140116613215e-01 4.452894986162427848e-01 4.883121510884745886e-01 6.495806141967030989e-01 6.625045542328633630e-01 7.548345453438469743e-01 1.000000000000000000e+00 7.299078933544318470e-01 7.737646101963541190e-01 7.405688090132237500e-01 7.110332907686407466e-01 7.805508329483011876e-01 7.812930660785573078e-01 7.439265895465240197e-01 6.804199216804597272e-01 7.338820491282272984e-01 5.462279520217983020e-01 6.551924419195294114e-01 7.366697984438198565e-01 7.554681268471916677e-01 6.784482028866083425e-01 6.929529147636728226e-01 7.842489711874078839e-01 7.741275670394910380e-01 7.540357627549785224e-01 7.450291091264099608e-01 7.799254028785136406e-01 7.941319721494493056e-01 7.983601697703580635e-01 7.152432111353873578e-01 7.615698375933862563e-01 7.357176708142783017e-01 7.204547507840112219e-01 7.603075094585484139e-01 7.968834849580153090e-01 7.747984629080635344e-01 7.704364012488404967e-01 8.053517462594786958e-01 7.923312137892195572e-01 7.432573769713300971e-01 7.970774063438277324e-01 7.829892459442583386e-01 7.864021627960965377e-01 8.060557284092628727e-01 8.228494949847013906e-01 8.138335551773088206e-01 7.633724451989958304e-01 7.928174366587126265e-01 7.434623812581971913e-01 7.926091310027546522e-01 8.164267785270236111e-01 8.080782120643416055e-01 8.140163822555508411e-01 8.004161525935494792e-01 8.094438394851981577e-01 8.090429748102118124e-01 8.126264590816862921e-01 7.997605480522973487e-01 8.077668678700749005e-01 8.027617015763148789e-01 8.031156134410049052e-01 8.062549289235267924e-01 8.085222989822398176e-01 8.124213464094051096e-01 8.059666486492799153e-01 8.095432125658249545e-01 7.807883834578499549e-01 8.042307183769308310e-01 8.089264603288204292e-01 7.942393178204704141e-01 7.904470340603375611e-01 8.130274172263870502e-01 8.041503748271680019e-01 7.987890148870022688e-01 8.020630863360350693e-01 8.021730718931121551e-01 8.103722007109824821e-01 8.029083297415952059e-01 8.102272820560151301e-01 8.176099696725173116e-01 7.967030374065755538e-01 7.918241215202197480e-01 8.043542737607339843e-01 7.953081018496959143e-01 8.068547603836392357e-01 8.039421939717689147e-01 8.154269596108489893e-01 7.924403069391113830e-01 8.068760781871517906e-01 8.036971691111888250e-01 8.056465923653456374e-01 8.082347143473256335e-01 8.164892656317729314e-01 7.836077970312608221e-01 7.885739998642923299e-01 7.994651205700252783e-01 7.989393088576101087e-01 7.901257307436894139e-01 8.061017008598194700e-01 8.036383591071739607e-01 8.064241872959789781e-01 8.003857021263010019e-01 8.090009198825004466e-01 8.085624036079855914e-01 8.205859862305404651e-01 8.175513933393553367e-01 8.119689410270850560e-01 8.148470517572310445e-01 8.126386820779117892e-01 8.130807824825068142e-01 8.049378334188790340e-01 8.115558286119138875e-01 8.102637976526154695e-01
5.901802008368237096e-02 1.515206536699126583e-01 3.370330266745827918e-01 5.882485695837104123e-01 4.879097960074151308e-01 5.412641706675478392e-01 7.149485791851001304e-01 7.347016338599854368e-01 7.841889857891277682e-01 7.299078933544318470e-01 1.000000000000000000e+00 8.542831084279437492e-01 7.892465762083741287e-01 7.982401309180021665e-01 8.596406001379119921e-01 8.540825097631820073e-01 7.895645421140641274e-01 7.648159398562520694e-01 8.222295905741651145e-01 6.422916282140499478e-01 7.595878081729737774e-01 8.345240526790239644e-01 8.255691580539827878e-01 7.591733747347296779e-01 7.874137236294930231e-01 8.637171669555571141e-01 8.516609472959826288e-01 8.347695375379025062e-01 8.052681738738436401e-01 8.536437549583884010e-01 8.837463065185963140e-01 8.663544490608122706e-01 7.967110718317144125e-01 8.504506403794324099e-01 8.297114529286208073e-01 8.201908826767418947e-01 8.551420390229386159e-01 8.767763472122069857e-01 8.692988055886721188e-01 8.557049034454311531e-01 8.764384326474394804e-01 8.728284550298993638e-01 8.498372833090651612e-01 8.855770029709130187e-01 8.748209732501441849e-01 8.760188196724735255e-01 8.823686621326165547e-01 8.813387053456825937e-01 8.771236780444457981e-01 8.572546908895376516e-01 8.783839240459738740e-01 8.408961239468397686e-01 8.775228881479764098e-01 8.809766253069054587e-01 8.785716390737606796e-01 8.863092800029581664e-01 8.742757526342895824e-01 8.791298450734815750e-01 8.748931557949075621e-01 8.842208987083394200e-01 8.811689148947150496e-01 8.772349064474422864e-01 8.751037560517341829e-01 8.801364820328503313e-01 8.789334793866927509e-01 8.807245849623496214e-01 8.804352803938877425e-01 8.858660775359872286e-01 8.866262976034879895e-01 8.775183375797381835e-01 8.890790555675373019e-01 8.895727985683649086e-01 8.758826283080481945e-01 8.793550028943346586e-01 8.905141028401575287e-01 8.873421935138016137e-01 8.831705558695905900e-01 8.767848871625132379e-01 8.832965864949302581e-01 8.832314805525329771e-01 8.838208437806156503e-01 8.880739816045174484e-01 8.856616281263050006e-01 8.791376987022501144e-01 8.785298326038079031e-01 8.867799647403248331e-01 8.816036692095614580e-01 8.869353920074551922e-01 8.854435237174960172e-01 8.860709249727375392e-01 8.793142787268887206e-01 8.878932311341717343e-01 8.869503884252541992e-01 8.870005859821724625e-01 8.819600828690782324e-01 8.832994511587789477e-01 8.719065465443764928e-01 8.689078062257148405e-01 8.814804084968718145e-01 8.838811114290845428e-01 8.832355702504165462e-01 8.794299964775690315e-01 8.838909151781787488e-01 8.858807120981663230e-01 8.827965078040158620e-01 8.755979169357175351e-01 8.824156070012675324e-01 8.836513640896530575e-01 8.856447549014332399e-01 8.827176453929698186e-01 8.807148654919307873e-01 8.835063444792210507e-01 8.821557962321487922e-01 8.833158990361353879e-01 8.841890836421316680e-01 8.823444560199378284e-01
3.903649059796245047e-02 1.523866534991771826e-01 3.335415854810654390e-01 6.259776707846029797e-01 5.190461826952957880e-01 5.818583098804763765e-01 7.715068906511364233e-01 7.852800148065910424e-01 8.127057582362270383e-01 7.737646101963541190e-01 8.542831084279437492e-01 1.000000000000000000e+00 8.418054601258370129e-01 8.396838130140708012e-01 9.185293163361518687e-01 9.098441123664908758e-01 8.201828165733011655e-01 7.903764369618859753e-01 8.546663097018398769e-01 6.615189566784885900e-01 7.971436573164496497e-01 8.685677246528649142e-01 8.510327215971716930e-01 7.715488251520422613e-01 8.104470439555625516e-01 9.038782971256920096e-01 9.002809763387161768e-01 8.900987672336800882e-01 8.466674780721431537e-01 8.910570277292008123e-01 9.263945460037672497e-01 9.078738846714030641e-01 8.529705419115767295e-01 8.909706399401620125e-01 8.787251164452370977e-01 8.670665393197843906e-01 9.017659176421571887e-01 9.269870310937922131e-01 9.241775642406417912e-01 9.099566193588163321e-01 9.264595457220473618e-01 9.310937373916648996e-01 9.022509940828195019e-01 9.350686879930724116e-01 9.256855146779913168e-01 9.292477825997602636e-01 9.314182496657480437e-01 9.284134740947482811e-01 9.212575522027662833e-01 9.005597167911458811e-01 9.280578945909503386e-01 8.933651026024135300e-01 9.258754527618665575e-01 9.307692400033145130e-01 9.267694866166673595e-01 9.355695739579141801e-01 9.191805145671543276e-01 9.307529504227384232e-01 9.225673719769731385e-01 9.295440174599775007e-01 9.341960742274389995e-01 9.261586937465025038e-01 9.259131550987524939e-01 9.253275344533878899e-01 9.265242189183686694e-01 9.301841257847691669e-01 9.312089404348978805e-01 9.339667781894831489e-01 9.315049117476986718e-01 9.191666813377351586e-01 9.372398620886220888e-01 9.361130941294020236e-01 9.155786780215539045e-01 9.184882970633103660e-01 9.407538791420518853e-01 9.373284721209439452e-01 9.327404612715367582e-01 9.237820685131743481e-01 9.266487256000155437e-01 9.301093587494946302e-01 9.332456418370183027e-01 9.356870913216808194e-01 9.345885812079681720e-01 9.319554905248854659e-01 9.322097005207516940e-01 9.326051342983981973e-01 9.339850196452851305e-01 9.388415861911729721e-01 9.383376738946674900e-01 9.367666323661726357e-01 9.351827956572532630e-01 9.403133379293691085e-01 9.374228759419126478e-01 9.388867327611443159e-01 9.326595426040934500e-01 9.330290439185504603e-01 9.263206175767807471e-01 9.228513475485785600e-01 9.308108276154162253e-01 9.372611213510365635e-01 9.368761362023509953e-01 9.352116308175433268e-01 9.345355648764737122e-01 9.383152081701329195e-01 9.362666563340782400e-01 9.299298201914276696e-01 9.326850212783662775e-01 9.323551296089622742e-01 9.364100628326209597e-01 9.318407074922137046e-01 9.319528037614963623e-01 9.326468190785972556e-01 9.330227531058897794e-01 9.353217439130315780e-01 9.342198311857605741e-01 9.329204498141469015e-01
6.144528345891461102e-02 1.497542434778071085e-01 3.397873075641403839e-01 5.711535268955927336e-01 5.120734062653163887e-01 5.082497360859637991e-01 7.306643410008325512e-01 7.416619266617315853e-01 7.668750820501702981e-01 7.405688090132237500e-01 7.892465762083741287e-01 8.418054601258370129e-01 1.000000000000000000e+00 7.736486651469554054e-01 8.618345159336127104e-01 8.574641664084965420e-01 7.652140343929657584e-01 7.460557124689272124e-01 7.961365777474057603e-01 6.401366251468738611e-01 7.321067209218631300e-01 8.185404505430987632e-01 8.045690653204856657e-01 7.349861302153071207e-01 7.618583413733693854e-01 8.522930120155137734e-01 8.364045733343811184e-01 8.351387677309811686e-01 8.026957113049281167e-01 8.407011654622303931e-01 8.605531357121624092e-01 8.527581537464251626e-01 7.841790185162842430e-01 8.295733613235679593e-01 8.088586787543062817e-01 7.948663332540549797e-01 8.344295212490062674e-01 8.614540476807373004e-01 8.547202957587345384e-01 8.427353266123884801e-01 8.629718855693342405e-01 8.648795903269781427e-01 8.372620891838870039e-01 8.680322912779361300e-01 8.573354212208118552e-01 8.572049459744999211e-01 8.675762387923844354e-01 8.644253133643331477e-01 8.578880746547745684e-01 8.361452024460896970e-01 8.575663349858733131e-01 8.253138427095195739e-01 8.609460474908294803e-01 8.669182956779685201e-01 8.628349911021063745e-01 8.715464334831051207e-01 8.511584772660111264e-01 8.655054464817070192e-01 8.571558502641655197e-01 8.682853138238666446e-01 8.665475074174195935e-01 8.608050771198665352e-01 8.594943639713755745e-01 8.598951922195970932e-01 8.635773819943161067e-01 8.646239202154224479e-01 8.648743886476578657e-01 8.689273834334225732e-01 8.727697311380611112e-01 8.577547014739218545e-01 8.734118323064199441e-01 8.729258678098557045e-01 8.570811796443781327e-01 8.577188925890059101e-01 8.753728728410000715e-01 8.704390016451036827e-01 8.655180811306903976e-01 8.645549688494276186e-01 8.700172678367258383e-01 8.647953874392624307e-01 8.665429482407226436e-01 8.702483449193695320e-01 8.723235002880106448e-01 8.625148194246534672e-01 8.680906065834429475e-01 8.683038405539118543e-01 8.632745644046250222e-01 8.718696866357957820e-01 8.700899061248733579e-01 8.717456277499374684e-01 8.661563207452875890e-01 8.729863139054701016e-01 8.707136740570752265e-01 8.721539809368455964e-01 8.642039716645388836e-01 8.662127206776395472e-01 8.615991374524392121e-01 8.574819538752788128e-01 8.633055076586633181e-01 8.693112985904343226e-01 8.668626369488584560e-01 8.682101165646337604e-01 8.667322636140968317e-01 8.719289092938553587e-01 8.678962763417598092e-01 8.632336512533428374e-01 8.668817965167159301e-01 8.682288885427159597e-01 8.719230370021873178e-01 8.665263163816740999e-01 8.676096239702981716e-01 8.679037302289838163e-01 8.672586823696735170e-01 8.684325532096031086e-01 8.677065862998150081e-01 8.656555325761572384e-01
