1.000000000000000000e+00 1.411381549418821990e-01 1.604671244852169387e-01 1.204649050987491171e-01 -2.135220226984597958e-02 5.064164883672059303e-02 -4.459791198579659416e-02 -5.893745816782833269e-02 1.041236765376750695e-01 3.837979715980031903e-02 7.480412291766914967e-02 1.620998915291911938e-02 -4.072921177164306322e-02 -9.689031931264800376e-03 -3.786708181942487206e-02 -9.924206702792573789e-03 1.007204285815280209e-01 2.466950464673809407e-01 2.025490328138861984e-01 2.054808400813994129e-01 2.694950608579664286e-01 2.341929760620283518e-01 1.865492412400444056e-01 2.102964230912689192e-01 2.142355119782408945e-01 1.481585577106111218e-01 1.700740549224808162e-01 1.625387705669701643e-01 2.097477328265985042e-01 2.230095009657171723e-01 1.818173126308238186e-01 8.044185972110649840e-02 1.351004379351527784e-01 1.016102577609346719e-01 1.456167344519698204e-01 9.649497186193528586e-02 1.517329181464155685e-01 3.633147363188823920e-02 6.129937606137950828e-02 1.935745163990683013e-02 5.209474968098896930e-02 1.454554540390702588e-02 3.201507767803852406e-02 2.868654605842724248e-02 8.948172418867730848e-02 6.416175017029729366e-02 3.720267655125181292e-03 1.616222233118048968e-02 -7.933693212315243853e-03 -3.747425910291147990e-03 -7.048835795106880332e-03 2.542615879487717181e-02 2.153687055560985289e-02 4.990319570247960662e-02 4.904064382549882389e-02 6.257023563914115849e-02 3.820008299615158809e-02 2.114513518729043209e-02 6.143688825930736577e-03 3.046389537837438516e-02 1.135198274943854078e-02 2.632263326420343497e-02 3.581953143143433438e-02 1.047236219238060866e-02 5.086723641492561093e-02 4.796214054667176374e-02 2.816445833299638032e-02 7.530054820457124376e-02 6.612172106618137424e-02 1.223748514814866489e-01 1.202432169609541912e-01 8.142412812159710578e-02 8.712790388036294187e-02 9.679019648982159496e-02 6.062286721485132118e-02 7.061371000813582155e-02 7.003464755318541957e-02 9.233439651174805973e-02 7.596042978466525930e-02 9.841339792762340832e-02 8.883504279598797293e-02 8.810384149794332764e-02 4.023924168300636178e-02 8.829090573615835935e-02 4.295693689051684194e-02 5.127829378635487961e-02 6.527085339017538179e-02 1.382963974303273204e-02 3.635987940307448818e-02 4.735077516900210864e-02 2.414786738161806348e-02 1.139142688063474705e-02 3.946487628648868290e-02 2.771952707745448108e-02 9.958266032403085763e-03 1.406292934800241513e-02 2.244594661558893100e-03 2.159542372508700334e-02 1.712253892287594545e-02 7.633524549677639381e-03 1.034652851123069863e-03 1.754813116358313121e-02 9.696357999005885894e-03 6.818649099908510695e-03 2.443183009175042136e-02 2.325692829788036237e-02 1.243074962146121197e-02 2.728695266526228250e-02 3.077394200777161873e-02 1.447062155984840757e-03 6.216206437180842904e-04 1.227152790324377400e-02 4.193510647099689924e-03 2.012572000486244697e-02 3.945956052815526721e-02 2.784082590637678573e-02
1.411381549418821990e-01 1.000000000000000000e+00 1.032989099130892374e-01 9.245241963479078340e-02 1.143245311098846223e-01 1.209741221276386253e-01 1.470630691308974780e-01 1.482337960328688475e-01 1.951593550191297877e-01 1.957012157261747154e-01 1.654459473980176842e-01 1.409720756836230493e-01 1.289099418052282175e-01 1.484873726142794392e-01 1.481659398439817421e-01 1.782561076378731124e-01 1.780567994186741665e-01 2.288744259614343135e-01 2.228062570332427217e-01 1.816821551249649391e-01 2.069070350658198387e-01 2.346001766917949483e-01 2.493242173748637103e-01 2.099026796517666771e-01 2.266297377819888603e-01 2.543584087260459814e-01 2.602454392978650333e-01 2.352987333767531941e-01 2.678995235665817543e-01 2.548094160573564082e-01 2.463306561295539598e-01 2.033421202134660100e-01 2.212833987065478680e-01 1.952388388656279283e-01 2.198134191096990653e-01 1.847876905840786510e-01 2.176218177658574560e-01 1.837344082462672168e-01 1.964885623763859002e-01 1.887572220881791052e-01 1.898854870994730326e-01 1.888448120284479670e-01 1.890758515628186975e-01 1.789135714987143688e-01 2.113902919437588290e-01 2.060493456932985523e-01 1.633467935675351757e-01 1.757083387554559395e-01 1.597936460503694422e-01 1.547669485566099956e-01 1.600891630400900767e-01 1.664849543492049333e-01 1.713929728982416800e-01 1.992241744792690172e-01 2.011352176429054839e-01 2.095203190071831256e-01 1.888697524771873193e-01 1.856464536370331375e-01 1.748602631481902536e-01 1.864712379077343163e-01 1.742926417247179782e-01 1.841493269888742068e-01 1.928267855821674537e-01 1.688055785669210496e-01 1.792280724661427238e-01 1.889936530157295402e-01 1.829341007587616807e-01 2.021332545885570764e-01 2.066994859451102839e-01 2.052622935836233842e-01 2.073588700902304349e-01 1.997157276375597923e-01 1.979041922377494378e-01 1.983481384496628142e-01 2.061967676380678793e-01 2.117696355168840194e-01 2.113760128591758714e-01 2.250150149560232737e-01 2.200762071831813271e-01 2.210468411439155956e-01 2.124811256782461744e-01 2.164684499944462548e-01 1.962729947321620871e-01 2.092014288662461530e-01 1.839149392946892447e-01 1.864797304794982846e-01 1.918075080097012830e-01 1.837073471197083196e-01 1.906847399796545162e-01 2.015207679149447761e-01 1.861974747826900256e-01 1.814656498187291744e-01 1.880585078178979297e-01 1.840138212675208607e-01 1.709966613903319554e-01 1.775311184691335253e-01 1.680208329219592678e-01 1.732239223804170059e-01 1.794859893822565167e-01 1.744929646846101745e-01 1.730039964625787463e-01 1.803410932492715835e-01 1.667044491675457318e-01 1.713335032696141069e-01 1.765456228031379027e-01 1.817655991634501145e-01 1.762103464261817187e-01 1.824241575069315557e-01 1.886800668484976962e-01 1.731153155943711552e-01 1.710657356644352256e-01 1.751886859918542760e-01 1.718996561252847388e-01 1.795115755380738698e-01 1.827989752989931660e-01 1.792448130941352580e-01
1.604671244852169387e-01 1.032989099130892374e-01 1.000000000000000000e+00 3.568701458179523445e-01 8.697536092856583689e-02 2.289995648753484214e-01 2.127535169657753800e-01 1.658692653780416693e-01 3.157842873576508502e-01 2.722227978513362956e-01 3.504745533999648610e-01 3.349353831123130232e-01 2.156990060694412847e-01 2.738978973462556366e-01 2.471953362665696430e-01 2.514286300082098635e-01 3.287304790401603949e-01 4.242045524168887027e-01 4.207943689039752022e-01 3.453152678370284834e-01 4.232448319507174372e-01 4.341413949829726060e-01 4.011356333537970387e-01 4.230783423786138031e-01 4.170179288190971612e-01 4.133518148445413654e-01 4.405379254260443078e-01 4.348797763251032178e-01 4.219021334356369834e-01 4.679617748558762003e-01 4.629479109856879382e-01 3.661929376516058765e-01 3.979311901144613750e-01 3.731489593795022097e-01 4.123172582700053157e-01 3.764605408272850839e-01 4.275473331227397922e-01 3.351980343497496517e-01 3.640598493569010552e-01 3.288967075644460003e-01 3.483861949907149924e-01 3.147528492965556146e-01 3.350417777192624125e-01 3.322787504283465365e-01 3.866168469920672202e-01 3.602537950612806350e-01 3.070456602468545348e-01 3.047308622499819153e-01 2.916113846420201883e-01 2.906924707323549906e-01 2.931272423774806679e-01 3.022838971846474321e-01 3.172453290776061641e-01 3.294046400594357604e-01 3.317141877718547960e-01 3.483824727910071473e-01 3.081089779370701498e-01 3.093269434789724381e-01 2.978162145823412543e-01 3.117966427134228891e-01 3.038104501602554297e-01 3.156181775100503906e-01 3.229227192622824982e-01 3.053231508382359682e-01 3.248525785749488692e-01 3.203693574868347049e-01 3.169989465319659749e-01 3.666994829601757933e-01 3.580746056764606555e-01 3.854786076570735909e-01 3.942247759840979970e-01 3.672538417505634145e-01 3.756555981926950616e-01 3.807800887761182973e-01 3.546938177348887833e-01 3.648645488082701283e-01 3.596420445583168313e-01 3.673911630227265634e-01 3.715809457540923955e-01 3.910975337176813005e-01 3.820107500504862363e-01 3.870191322927974964e-01 3.315292846771454860e-01 3.729714327417287811e-01 3.352951417210935370e-01 3.443671652195354205e-01 3.678708020754606900e-01 3.125022442555277502e-01 3.321098323886176318e-01 3.354819601952422903e-01 3.302985381713349211e-01 3.131153556367902713e-01 3.500738895930162742e-01 3.322972812818987820e-01 3.077566208391489533e-01 3.095044483167788685e-01 3.016258723348355653e-01 3.011131524939633097e-01 3.081007981421202691e-01 3.051602232379770352e-01 3.032660728670104056e-01 3.082178571174473691e-01 3.041212437314970152e-01 3.083013918158644118e-01 3.185182439401237908e-01 3.082231730115851942e-01 3.093026868312536704e-01 3.188641549202529402e-01 3.229984858168544193e-01 3.011750729497090773e-01 2.981983877237696645e-01 3.045591801264166398e-01 3.014111120563793267e-01 3.120119611987857144e-01 3.227896409964920998e-01 3.149459316243962137e-01
1.204649050987491171e-01 9.245241963479078340e-02 3.568701458179523445e-01 1.000000000000000000e+00 2.441110401506339511e-01 3.644254168417225825e-01 4.621303574011002557e-01 3.905871100532712359e-01 5.331240736813883663e-01 4.699014993804120910e-01 5.934165041817754949e-01 6.232572660294876110e-01 4.436095915574329585e-01 5.127253384806289560e-01 5.190103014975251394e-01 5.091034718114891833e-01 5.483458336043115500e-01 5.542519613253507060e-01 5.402278977062773269e-01 5.308343718386232535e-01 5.463419585639490705e-01 5.764691913683935853e-01 5.480983439433315674e-01 5.827638867969666681e-01 5.667192099188341770e-01 5.982830314715857911e-01 6.154522713610010021e-01 6.182987149412596528e-01 5.723240964991357371e-01 6.055646982223016339e-01 6.272850567427138424e-01 6.034530413316158137e-01 5.848271861018691231e-01 6.068149498448884849e-01 5.906846807255350384e-01 6.169379190150532377e-01 6.259193219891135973e-01 5.870377900746429622e-01 6.053010771545336288e-01 5.778835104680192236e-01 6.018400471438438704e-01 5.694034086916204274e-01 5.886778616984832402e-01 5.945043081396801377e-01 6.273183809135797206e-01 5.986559255998611384e-01 5.683575380001327781e-01 5.616458059833917549e-01 5.665789019141223015e-01 5.697232246073773432e-01 5.711614773540478751e-01 5.629852166416229320e-01 5.840845666307179496e-01 5.624779928869073631e-01 5.680499611286081718e-01 5.834939082141878952e-01 5.557041160544506919e-01 5.620134961236525895e-01 5.517382038197714555e-01 5.678385125447502624e-01 5.692153039766161271e-01 5.673226940211986147e-01 5.649990084292554338e-01 5.744341213898642717e-01 5.743214018458834280e-01 5.680252585545154664e-01 5.720812208024592671e-01 5.972564060421181598e-01 5.980813811682309522e-01 6.255045930576695890e-01 6.136638022441683882e-01 5.994370079491503356e-01 6.088293130975780398e-01 6.085324138090019153e-01 6.006378588021653586e-01 6.006880916910667390e-01 5.994205715026237336e-01 5.979755322450022170e-01 6.035238586242731573e-01 6.129164322850048086e-01 6.135758945290280542e-01 6.171028698005350810e-01 5.822739461634837133e-01 6.020755572753100360e-01 5.946645837138488933e-01 5.990565348187838479e-01 6.113974633525514069e-01 5.786030021214217944e-01 5.855787435874759694e-01 5.764008549714497720e-01 5.900441990186982011e-01 5.767356215257252172e-01 6.017279627049617607e-01 5.914713736411233436e-01 5.695887550464674431e-01 5.666964716504337973e-01 5.783749608665583741e-01 5.693939501311814366e-01 5.703778591841391910e-01 5.754126955662570708e-01 5.731992198355735368e-01 5.729293422970364036e-01 5.714657220065144649e-01 5.770794698946328793e-01 5.809435497526367342e-01 5.619721142992433194e-01 5.704724797862098518e-01 5.736414745032973883e-01 5.736979906388854911e-01 5.639457076894224263e-01 5.636991749078218428e-01 5.627585234262286740e-01 5.662739931483358191e-01 5.728639816549282449e-01 5.783976277357726348e-01 5.681692481022662111e-01
-2.135220226984597958e-02 1.143245311098846223e-01 8.697536092856583689e-02 2.441110401506339511e-01 1.000000000000000000e+00 2.799953559043960594e-01 4.639546458168120613e-01 4.862628434893804252e-01 4.380267017628502457e-01 4.016526828458151233e-01 3.888664637372172272e-01 4.538542721714229899e-01 4.793021441343800482e-01 4.330708669598442029e-01 5.227715358119569000e-01 5.219256486277281670e-01 4.289450825124448419e-01 2.682761641985859091e-01 3.182375826825270537e-01 2.279110257008113705e-01 2.107113619770721868e-01 3.095077029759375487e-01 3.163433198700674742e-01 2.858250574608581229e-01 3.113605674663597056e-01 3.998621399777085306e-01 3.709722056254803890e-01 3.781490364881965327e-01 3.638130949813128678e-01 3.342264456363535086e-01 3.765095967155915879e-01 4.473352746831110172e-01 3.766611291212852430e-01 4.196739283741875437e-01 3.993041259079841421e-01 4.279225450165671796e-01 3.976492213446038426e-01 4.671232535948703357e-01 4.625225641606534044e-01 4.547099442563878879e-01 4.649887794072082858e-01 4.776218841838781870e-01 4.711367440261443607e-01 4.867752718842441317e-01 4.404449061530067988e-01 4.669978848964679297e-01 4.916888365823076090e-01 5.004028425216431319e-01 4.998515597385588261e-01 4.742731390457211038e-01 4.848980007711915508e-01 4.665002920561139299e-01 4.849054040190056147e-01 4.894005799873154539e-01 4.864185869933750905e-01 4.715844517199404562e-01 4.858098447164362899e-01 4.942124995361726336e-01 4.947854839859364140e-01 4.997174648676421804e-01 4.983971684448546546e-01 4.992724803990804539e-01 4.889263187461792004e-01 4.954274847680858462e-01 4.816968456558090583e-01 4.881278586716301104e-01 4.947121356078220678e-01 4.621876742422663664e-01 4.702519739146193700e-01 4.219323565801686438e-01 4.267325949930366180e-01 4.614492259860094037e-01 4.499385468956976775e-01 4.418803224632242288e-01 4.747251784610728165e-01 4.677929819044882032e-01 4.656528638014786337e-01 4.682458562020407888e-01 4.639339311436952440e-01 4.553557652688989821e-01 4.572389088750669073e-01 4.618705569888408857e-01 4.788950921883599054e-01 4.564782563859138276e-01 4.712532926789126386e-01 4.745026739120589698e-01 4.642277735860408927e-01 4.901697996530787749e-01 4.851111235177688608e-01 4.785903670860489068e-01 4.782119967760483092e-01 4.946739117835258770e-01 4.772448545375266860e-01 4.865334549967723077e-01 4.974653380588683338e-01 4.976380699409665431e-01 4.887950776001703801e-01 4.899981629381878201e-01 4.980285654827505959e-01 4.903840815194558389e-01 4.957913353811423396e-01 4.916632289364245567e-01 4.963244950598357796e-01 4.972344247096585068e-01 4.887422089109297874e-01 4.914211003224386309e-01 4.964026129844935631e-01 4.916303996682795385e-01 4.903862115552466983e-01 4.962923833536149187e-01 4.959546041328545818e-01 4.994861534126933122e-01 5.000443501411689917e-01 4.983960096336149670e-01 4.847164850249854329e-01 4.917125065373326165e-01
5.064164883672059303e-02 1.209741221276386253e-01 2.289995648753484214e-01 3.644254168417225825e-01 2.799953559043960594e-01 1.000000000000000000e+00 4.643767709921228781e-01 4.247653065774986136e-01 5.138527299657714709e-01 4.642312476475500826e-01 5.002120740995882331e-01 5.447668750907334045e-01 4.768326691367555936e-01 5.106181592200751407e-01 5.427876632826689196e-01 5.369021196673509078e-01 5.201398399138930095e-01 4.177775074275930645e-01 4.572092802733356276e-01 3.379879910378606467e-01 3.707867955759351353e-01 4.606414783042142025e-01 4.604920734291459983e-01 4.434805970149644505e-01 4.588832901942125897e-01 5.275617063594558731e-01 5.133011433302473447e-01 5.239007310767819225e-01 4.919732966807776608e-01 4.924987238989173566e-01 5.239669398919112320e-01 5.552508359050531972e-01 5.050366752700161666e-01 5.315325864588875682e-01 5.207877272428202975e-01 5.390659810854933065e-01 5.357077052764855907e-01 5.627484135529228215e-01 5.675506584417170375e-01 5.666279866762636841e-01 5.670405125630870735e-01 5.702897047082634563e-01 5.671851416889308606e-01 5.755061682286374269e-01 5.688100624990904963e-01 5.683954939018750485e-01 5.773474548949003582e-01 5.748075954898603790e-01 5.617902200560301873e-01 5.381913573261835060e-01 5.624241801366622884e-01 5.422698422191865042e-01 5.617967679494263455e-01 5.691233091153481416e-01 5.630274818303099282e-01 5.723244786458527855e-01 5.424984959156327058e-01 5.649324985611665628e-01 5.636999023244799734e-01 5.705917461334902852e-01 5.667381257479042755e-01 5.700925402396820330e-01 5.620759972439357544e-01 5.638947639152056546e-01 5.647530034642778141e-01 5.598859840665267873e-01 5.781969351701565785e-01 5.688718978057396569e-01 5.754690562807609489e-01 5.425057351232266400e-01 5.559123615586339939e-01 5.726740459099947111e-01 5.646581080006736197e-01 5.637754824356883132e-01 5.768878902260939912e-01 5.728589569984197105e-01 5.736859183501270554e-01 5.682689950276368362e-01 5.703413781458680498e-01 5.668905721708721313e-01 5.717043895066947767e-01 5.744484363141719729e-01 5.755537539281366799e-01 5.678433047572146730e-01 5.701003922968181925e-01 5.747491499859677111e-01 5.820796826628671372e-01 5.755638824928961395e-01 5.780606742509953877e-01 5.765289151096485432e-01 5.724205801437949326e-01 5.775436542797700579e-01 5.812238662776361142e-01 5.810666996255344774e-01 5.780567706000968586e-01 5.766387466122608885e-01 5.635503444807812290e-01 5.558621162113691616e-01 5.681895975321210601e-01 5.706072810075374369e-01 5.775416170829889007e-01 5.687914648795638906e-01 5.711127217048110882e-01 5.766420540057601851e-01 5.711693509037242267e-01 5.589028590913989181e-01 5.728683054070566882e-01 5.770067986740745614e-01 5.755149239055870058e-01 5.736420980874895603e-01 5.754305944111801630e-01 5.759670606490291389e-01 5.744782541208989235e-01 5.727804314730799984e-01 5.721124931715128037e-01 5.693225898668515805e-01
-4.459791198579659416e-02 1.470630691308974780e-01 2.127535169657753800e-01 4.621303574011002557e-01 4.639546458168120613e-01 4.643767709921228781e-01 1.000000000000000000e+00 7.352062544688214851e-01 6.648923986657232499e-01 6.447003210950815744e-01 6.469119861713862329e-01 7.356033223593790860e-01 7.142802458002118771e-01 6.942801790165342712e-01 8.414118685961411437e-01 7.956661051731004353e-01 6.780126375277729656e-01 4.578030854520466209e-01 5.255844164473764124e-01 4.126182637792179531e-01 3.899309527490070759e-01 5.055491426180367398e-01 5.396931490425924682e-01 4.956633664467730571e-01 4.942625876532076856e-01 6.528211983748408720e-01 6.008791116747717043e-01 6.403478549187991975e-01 5.812631460552578622e-01 5.559514561073978234e-01 6.193464691542207579e-01 7.362069919227837156e-01 6.398779177731166445e-01 7.032422607053618879e-01 6.545529906927914920e-01 7.085231471085260413e-01 6.510071450260906945e-01 7.719094208976461369e-01 7.559621433766032794e-01 7.544699895705848647e-01 7.560460333573607583e-01 7.782592470548718167e-01 7.768824343928463216e-01 7.835902687196509842e-01 7.264271716473225116e-01 7.598312178672177453e-01 7.776439860465821363e-01 7.755009964511696552e-01 7.909454276788274729e-01 7.820765652055362560e-01 7.908055311821872158e-01 7.631281405414616081e-01 7.792322070174222404e-01 7.646606799800950149e-01 7.673099400255151137e-01 7.538048089878657265e-01 7.731107036176497749e-01 7.839041609581427483e-01 7.850237307563767697e-01 7.860510071171535884e-01 7.914955356386756957e-01 7.838894374490215089e-01 7.806377700959541421e-01 7.916512025565869415e-01 7.612262508872353894e-01 7.701097908671926673e-01 7.796027815168008468e-01 7.440186349734713156e-01 7.604510228942049643e-01 6.958112949517492041e-01 6.897431792150011676e-01 7.358188868112520709e-01 7.280236348878222907e-01 7.045466377903737420e-01 7.603366499140190582e-01 7.526953835587806285e-01 7.562923729507146087e-01 7.426849615538405613e-01 7.428906300125880380e-01 7.231227312380998917e-01 7.329645352500103739e-01 7.343472827336171571e-01 7.714864277560492534e-01 7.409719015866446101e-01 7.686884253355151797e-01 7.655934705494626957e-01 7.509733485231467887e-01 7.892629706989375826e-01 7.780797124027817313e-01 7.634831611532207907e-01 7.796659624204604899e-01 7.882991441513877984e-01 7.697448116382624717e-01 7.783590654800403019e-01 7.889169182131026137e-01 7.842450631381829851e-01 7.920395478398244427e-01 7.843532685291928486e-01 7.895719485431411666e-01 7.909316207434298196e-01 7.943634709650529979e-01 7.885550546537839489e-01 7.829727244936408592e-01 7.902349143983294910e-01 7.826698620286925978e-01 7.826486328291639705e-01 7.876560739082417717e-01 7.790505239664353709e-01 7.793234270414427511e-01 7.907812509111897814e-01 7.893835443933513440e-01 7.880461940382564867e-01 7.902793757813768583e-01 7.891782701270103617e-01 7.699508578603995179e-01 7.782458876672614378e-01
-5.893745816782833269e-02 1.482337960328688475e-01 1.658692653780416693e-01 3.905871100532712359e-01 4.862628434893804252e-01 4.247653065774986136e-01 7.352062544688214851e-01 1.000000000000000000e+00 6.188634191917465888e-01 6.222330086321280485e-01 5.935367490370929699e-01 7.019086178570170809e-01 7.065243877545647200e-01 6.660602899352225936e-01 7.879984828515593787e-01 7.926676517299110492e-01 6.396375359962137574e-01 3.865959873491163767e-01 4.561012096956076900e-01 3.535339583777296624e-01 3.120847735241576437e-01 4.487452367305052592e-01 4.749095414573600293e-01 4.080178322532952429e-01 4.366769146470350083e-01 5.892213115068406504e-01 5.458354401569166514e-01 5.581253440654933007e-01 5.348567567340510864e-01 4.912603044808493413e-01 5.534004705637205479e-01 6.738935353933170891e-01 5.651551377932720888e-01 6.229014436739410687e-01 5.944309023299880756e-01 6.360157159093203783e-01 5.858665293906517579e-01 7.144207483773706846e-01 7.013445233494716158e-01 7.007086114426249734e-01 7.024628552469107667e-01 7.351015717075172207e-01 7.211684305253195371e-01 7.315840763672286640e-01 6.663209260274524093e-01 7.023743532269856038e-01 7.419704757923287763e-01 7.464635488488582382e-01 7.557193436373246254e-01 7.295916592126721056e-01 7.440319634297541951e-01 7.211015558595164077e-01 7.387552211623807930e-01 7.345722191732509954e-01 7.321153329214584726e-01 7.095125660129549816e-01 7.439697430146212653e-01 7.482244171902375784e-01 7.542848738294827271e-01 7.526412906474081455e-01 7.573378499359125771e-01 7.579302454379168719e-01 7.523415900988529303e-01 7.533751480919583798e-01 7.198702307063198358e-01 7.403104171679664169e-01 7.410572562394814877e-01 6.928322840240167535e-01 7.084135133557108999e-01 6.385450479104890498e-01 6.399410928813393795e-01 6.873041472568129917e-01 6.667084688872595422e-01 6.550270379515514829e-01 7.155893040798368965e-01 7.058534922618021623e-01 7.070111224432716890e-01 7.013309845681163779e-01 6.982027445426159940e-01 6.824225195314301828e-01 6.857030889641871907e-01 6.907085084232935657e-01 7.235073129389471003e-01 6.879113222666791705e-01 7.168884849000817239e-01 7.156115081859735216e-01 7.014434561623148490e-01 7.457745984113662852e-01 7.377004887300355751e-01 7.233529324990061182e-01 7.241198327987361516e-01 7.486980709740209683e-01 7.223515982256498713e-01 7.335810134730682552e-01 7.516508664331355005e-01 7.521686037006235503e-01 7.477927524328645825e-01 7.485972036629592319e-01 7.530927483730011085e-01 7.449078590478317441e-01 7.541795645699240769e-01 7.528855728359696853e-01 7.464788266036419540e-01 7.518442028775008668e-01 7.424711166052697653e-01 7.539103579840189528e-01 7.537177588434675890e-01 7.421782303821572446e-01 7.431756281689763100e-01 7.560305750706920458e-01 7.564830559417115019e-01 7.563079449317141600e-01 7.603723169201931364e-01 7.551701493920862651e-01 7.321108744259197110e-01 7.453904216979692077e-01
1.041236765376750695e-01 1.951593550191297877e-01 3.157842873576508502e-01 5.331240736813883663e-01 4.380267017628502457e-01 5.138527299657714709e-01 6.648923986657232499e-01 6.188634191917465888e-01 1.000000000000000000e+00 7.339436244536571285e-01 7.754535626419681860e-01 8.126728008619925614e-01 7.335307225531777497e-01 7.724095264949331074e-01 8.145373715981858442e-01 8.130745485320005628e-01 8.154505018998363663e-01 6.967733428906154325e-01 7.498290619515171063e-01 6.110241835897461948e-01 6.389290069068500610e-01 7.530495688071422444e-01 7.313224415472714401e-01 7.123258457589576320e-01 7.246795728210287946e-01 8.324824647171881198e-01 8.181481906675759364e-01 8.191180321221167571e-01 7.794219145363262546e-01 7.733544096600574180e-01 8.218958516698894323e-01 8.657201984891071955e-01 7.916733069188356398e-01 8.416927091944548245e-01 8.208005031685160491e-01 8.289462026716104548e-01 8.409506763190359724e-01 8.568662678080278816e-01 8.639135719472932351e-01 8.486697661268759463e-01 8.767605789551183859e-01 8.602686992925423493e-01 8.511292549652339501e-01 8.693660098649631518e-01 8.688424038355686552e-01 8.693394850348543645e-01 8.688387733540154922e-01 8.823738651427853741e-01 8.644422451096129834e-01 8.387451272160021398e-01 8.597531292901674504e-01 8.462576171612964382e-01 8.628463286867728010e-01 8.840227471313738539e-01 8.766159560711804799e-01 8.760459974159902075e-01 8.600531993370993389e-01 8.751682804273371863e-01 8.710616410308307245e-01 8.793941877052792178e-01 8.730892501861354793e-01 8.745496116602473613e-01 8.664373218107034313e-01 8.674477024070025299e-01 8.794466208710688404e-01 8.760646051707119408e-01 8.835470316709038707e-01 8.832164231961450174e-01 8.827560551326057992e-01 8.646345216018535007e-01 8.712500724610025005e-01 8.831890006691192063e-01 8.706980029219602013e-01 8.676485289129952649e-01 8.865374469232174537e-01 8.866597869664899489e-01 8.834291948604233724e-01 8.800257468855336995e-01 8.793420153601385625e-01 8.809004556856163681e-01 8.852685549277911070e-01 8.850595467047726039e-01 8.786398056753030872e-01 8.811719582359333058e-01 8.761829167861481249e-01 8.848996849312672497e-01 8.838425043106843404e-01 8.749215287619505066e-01 8.812431500725004252e-01 8.800244786853842482e-01 8.718678807302315814e-01 8.776144800499975362e-01 8.830353561079937741e-01 8.797045271957264490e-01 8.780213068112396879e-01 8.815209129964020063e-01 8.631839793787785542e-01 8.716371015826409607e-01 8.781806942392197390e-01 8.746640095695283890e-01 8.693765019517291082e-01 8.756342930104549227e-01 8.746533484920228085e-01 8.769501612871889451e-01 8.785237682953425109e-01 8.680625533346273404e-01 8.799701707965615904e-01 8.819983091686722787e-01 8.806190912619979994e-01 8.747694041291198541e-01 8.741807519383361091e-01 8.790416380979810818e-01 8.755351660073014131e-01 8.804595755145296909e-01 8.850114755737521488e-01 8.817288098791230544e-01
3.837979715980031903e-02 1.957012157261747154e-01 2.722227978513362956e-01 4.699014993804120910e-01 4.016526828458151233e-01 4.642312476475500826e-01 6.447003210950815744e-01 6.222330086321280485e-01 7.339436244536571285e-01 1.000000000000000000e+00 7.039228464833195975e-01 7.498952158316131156e-01 7.045912310156720038e-01 7.085234653221640366e-01 7.779114706279086633e-01 7.701446223281629422e-01 7.358769222052338188e-01 5.887657211206905883e-01 6.429653068815773809e-01 4.506525279171951226e-01 5.146781747952730024e-01 6.352080892321957384e-01 6.484170941769714647e-01 6.089678509999444378e-01 6.264040844966859423e-01 7.521855145265068376e-01 7.153310483072775616e-01 7.230928188478332741e-01 6.905373074945965195e-01 6.785014458287847994e-01 7.300884919650880711e-01 7.873336156123439400e-01 7.058665354555517801e-01 7.513068473178853290e-01 7.330763835671764150e-01 7.458922410203321363e-01 7.380550033869238691e-01 7.948112599885250873e-01 7.965580150970478224e-01 7.791717667504164391e-01 8.053498061185254686e-01 8.037184162860814274e-01 7.910549501226475932e-01 8.041621834083145792e-01 7.902147369881826755e-01 8.032609399886886381e-01 8.170250520670906402e-01 8.152064408921517735e-01 8.056078248648961271e-01 7.741459385122306802e-01 8.007348305230402863e-01 7.640639142261034245e-01 7.894748126396829990e-01 8.114257610508200935e-01 8.039414704407756851e-01 8.071781063407538204e-01 7.785744692856533256e-01 8.060810980881695231e-01 8.045116256120227183e-01 8.088616077148157446e-01 8.066008264303187181e-01 8.073750020780002812e-01 7.956541176575925300e-01 8.028085922928130946e-01 7.947545201695730421e-01 7.971709419684313014e-01 8.175473812514112426e-01 8.054692086719569266e-01 8.112386848957802155e-01 7.595658859044116529e-01 7.771694520614632617e-01 8.021560230875731667e-01 7.895380810365925095e-01 7.850715139174995194e-01 8.149300808870864055e-01 8.110004477574787041e-01 8.063639282863660496e-01 8.061869491914941399e-01 8.028804830213606136e-01 7.971996242550128953e-01 7.990260995380709108e-01 8.061905985049240275e-01 8.103967465734178699e-01 7.977140383735645823e-01 8.038118312455723169e-01 8.087265835601291641e-01 8.063905715916722672e-01 8.121479818454718780e-01 8.160165265731826878e-01 8.143889403999861054e-01 8.068216413594455627e-01 8.144846961761601500e-01 8.111150149632431194e-01 8.153133879451314181e-01 8.160235610375183857e-01 8.178539804951425740e-01 7.962233448823035076e-01 7.942011215120692302e-01 8.069700788338700637e-01 8.093424772442964210e-01 8.101739034516457494e-01 8.057032818732742241e-01 8.067347907896575965e-01 8.128355828929730853e-01 8.064077018143338549e-01 7.975399687915085689e-01 8.122989273498356644e-01 8.160911504953936024e-01 8.145999388080308323e-01 8.119954363872787795e-01 8.075877569577528670e-01 8.156766870547237369e-01 8.130666214473533104e-01 8.116862819030326026e-01 8.086964008238283208e-01 8.093388406115806788e-01
7.480412291766914967e-02 1.654459473980176842e-01 3.504745533999648610e-01 5.934165041817754949e-01 3.888664637372172272e-01 5.002120740995882331e-01 6.469119861713862329e-01 5.935367490370929699e-01 7.754535626419681860e-01 7.039228464833195975e-01 1.000000000000000000e+00 8.303734935504948345e-01 6.981892625635514049e-01 7.508604782160899216e-01 7.826706294963640120e-01 7.750509700130610025e-01 7.824398367084454131e-01 7.119781333079692187e-01 7.505421638681089025e-01 6.137884290971464818e-01 6.606463262453943219e-01 7.620189735124629493e-01 7.370045729621216291e-01 7.358021085418617879e-01 7.461822451224028319e-01 8.251771022310542270e-01 8.191826907438373162e-01 8.196057354404004958e-01 7.678201744666028894e-01 7.844315975764061255e-01 8.230817826318256314e-01 8.499382800822787853e-01 7.975380579357377320e-01 8.412784028398245795e-01 8.213745402412414576e-01 8.226879285170101141e-01 8.318944175243553341e-01 8.447356099237164351e-01 8.513906789497835970e-01 8.332311336637023835e-01 8.593574313234599860e-01 8.417312555818852182e-01 8.354120796270987359e-01 8.502034584568818332e-01 8.700761466051100124e-01 8.511594315155288637e-01 8.425485350671757523e-01 8.470136708400241021e-01 8.369921041480590240e-01 8.280497374784995257e-01 8.377119635728089708e-01 8.232283322373027401e-01 8.422646818339817321e-01 8.474431215545005225e-01 8.468030560893962111e-01 8.525844335922557748e-01 8.253586394660479275e-01 8.433606530007139446e-01 8.374771905810013406e-01 8.440554454861215472e-01 8.446854479786504166e-01 8.421853398950118752e-01 8.377121322176739326e-01 8.430670444108241401e-01 8.451186339608878217e-01 8.417318997362172039e-01 8.536113534045549622e-01 8.674179584943940702e-01 8.637975290965820285e-01 8.507148401572031116e-01 8.640352866952893951e-01 8.664770733094334654e-01 8.629104873205946102e-01 8.618745323486222132e-01 8.691793533468715749e-01 8.678063400264142135e-01 8.663654021783457893e-01 8.585285218980959199e-01 8.670828869137680028e-01 8.682568690988405891e-01 8.727716052757452658e-01 8.707545096665700868e-01 8.562100836239684432e-01 8.649995573330971910e-01 8.625209640075489625e-01 8.685751530489985717e-01 8.687878198902170279e-01 8.558597186536615053e-01 8.609489085501957906e-01 8.552508180475817401e-01 8.583570904110507938e-01 8.549896994034448250e-01 8.682737696416157336e-01 8.610455989332871374e-01 8.518838268209137921e-01 8.513357257329329242e-01 8.475743772163697454e-01 8.422325094563215542e-01 8.509063338098110663e-01 8.536923219109140426e-01 8.474487392518033069e-01 8.508595404405816520e-01 8.492790055127653615e-01 8.539502901207879360e-01 8.544274846380720545e-01 8.379980168823075726e-01 8.518459362648179711e-01 8.542239810982573678e-01 8.548746363366634959e-01 8.452656854707915057e-01 8.453593347667943680e-01 8.466953190330034351e-01 8.477675406921373336e-01 8.515015152667048115e-01 8.554329539327906184e-01 8.487316651329011030e-01
1.620998915291911938e-02 1.409720756836230493e-01 3.349353831123130232e-01 6.232572660294876110e-01 4.538542721714229899e-01 5.447668750907334045e-01 7.356033223593790860e-01 7.019086178570170809e-01 8.126728008619925614e-01 7.498952158316131156e-01 8.303734935504948345e-01 1.000000000000000000e+00 7.772535564265963259e-01 8.257760276118353282e-01 8.768595626968853640e-01 8.619238745323171136e-01 8.251310259413352499e-01 6.685167511020654318e-01 7.171928550104748057e-01 6.122916265068298891e-01 6.110925031436122978e-01 7.319270019444040765e-01 7.238490980513561102e-01 7.019186032716389079e-01 7.098632514752755140e-01 8.325786570318364221e-01 8.227006593280130620e-01 8.282130814787379558e-01 7.622534968866898630e-01 7.615092601618775880e-01 8.267526332208909867e-01 8.942567798121087153e-01 8.119850166258686386e-01 8.662942187718248865e-01 8.321236448536404318e-01 8.573855639926279970e-01 8.505966423367876672e-01 9.068764617321769528e-01 9.050121466838971784e-01 8.924371267216347769e-01 9.140966420896576849e-01 9.092486325878600395e-01 8.984835433977340635e-01 9.192214775014989625e-01 9.022161547408277249e-01 9.016461791319271279e-01 9.202568572043028361e-01 9.183889955357401602e-01 9.148733402663020708e-01 8.993395978184203221e-01 9.144866213096883856e-01 8.935437610746107540e-01 9.162987880820506748e-01 9.077297913437613053e-01 9.065011907453334183e-01 9.007866194034538365e-01 8.944474659918175696e-01 9.148111190168718432e-01 9.129166659338510126e-01 9.154808773622339357e-01 9.202246043185758895e-01 9.152922456067603685e-01 9.067491551997315380e-01 9.171349247651681136e-01 9.074927492184096112e-01 9.084200246194578110e-01 9.224151919898253560e-01 9.100678435946865097e-01 9.164026315150440860e-01 8.854476436037305165e-01 8.876883482823105798e-01 9.085314501925761954e-01 8.998359691956950845e-01 8.929717470260667422e-01 9.222855683688304662e-01 9.175658671016588830e-01 9.159055384800698363e-01 9.036695013538817989e-01 9.128296101968419451e-01 9.079998294869767728e-01 9.154055201167555778e-01 9.142796574149520961e-01 9.145598351350198163e-01 9.096166766631011980e-01 9.237240594825507634e-01 9.249204200844490797e-01 9.238377059882172393e-01 9.257230070526553112e-01 9.263355844835493569e-01 9.088648302724843253e-01 9.236969388148504878e-01 9.275384379878722774e-01 9.306382404642806749e-01 9.285879186787280304e-01 9.245313990717617392e-01 9.241539823654663088e-01 9.214231265144330330e-01 9.157178543050782382e-01 9.249624702230767603e-01 9.253468396334709745e-01 9.237192815870681750e-01 9.235694517028083528e-01 9.241646553953269949e-01 9.275872069057495839e-01 9.245421996217101368e-01 9.096070188344201890e-01 9.258076706370867992e-01 9.224225518183459815e-01 9.207179595642562830e-01 9.231356118201393679e-01 9.219131810602573252e-01 9.219685092247049685e-01 9.237334372687526773e-01 9.237688215108592615e-01 9.215820719485303680e-01 9.192639039111401011e-01
-4.072921177164306322e-02 1.289099418052282175e-01 2.156990060694412847e-01 4.436095915574329585e-01 4.793021441343800482e-01 4.768326691367555936e-01 7.142802458002118771e-01 7.065243877545647200e-01 7.335307225531777497e-01 7.045912310156720038e-01 6.981892625635514049e-01 7.772535564265963259e-01 1.000000000000000000e+00 7.461912497647524845e-01 8.412976772195894792e-01 8.384191416557672527e-01 7.409593065960419223e-01 5.084996945188983153e-01 5.880893854156448164e-01 4.217102265854597576e-01 4.273342140187150751e-01 5.789423348735164288e-01 5.797577691693232005e-01 5.385954910156938169e-01 5.615471200048051115e-01 7.094156659595737269e-01 6.727052669289402820e-01 6.813300676968498948e-01 6.465335370503337842e-01 6.127931363944429943e-01 6.780484034039767627e-01 7.770113529876897518e-01 6.664604455827785046e-01 7.339398109193389086e-01 7.020795783407918211e-01 7.319057610012840165e-01 7.003771474116663454e-01 8.075229266294423613e-01 7.994982499046621172e-01 7.883104774294498185e-01 8.133197906376268271e-01 8.265201286257874980e-01 7.997189375228829222e-01 8.256424453622551729e-01 7.794721475726358317e-01 8.058753892185174239e-01 8.449897166205415644e-01 8.461978580117127668e-01 8.422332581723915856e-01 8.098136411611627228e-01 8.293041985919484826e-01 8.047774377478306151e-01 8.249263553110166569e-01 8.320785237993264527e-01 8.236393215927636513e-01 8.095737445112142217e-01 8.192091484472088236e-01 8.413450831990236800e-01 8.421506453504054024e-01 8.447806113447305920e-01 8.445781585420374382e-01 8.414720174415564191e-01 8.269524577382958430e-01 8.377505823607070967e-01 8.216016823141155667e-01 8.304933306325807951e-01 8.431773176913954781e-01 8.075619182076557712e-01 8.176482304517203037e-01 7.482993487790055021e-01 7.614235001324044516e-01 8.043616426280346676e-01 7.857675224895451782e-01 7.766878325868095123e-01 8.233082537195005601e-01 8.170141692908626796e-01 8.133895736181646630e-01 8.084991403562031831e-01 8.087075318870451390e-01 7.965576653235073579e-01 8.020508984228330585e-01 8.058984493249415904e-01 8.267661283118676874e-01 7.989096153311009418e-01 8.219518472441289525e-01 8.242731777673371063e-01 8.113769807054161953e-01 8.422302575174596129e-01 8.373151979248735222e-01 8.275508390702532857e-01 8.258093586124054530e-01 8.454689297516061464e-01 8.290188502624968869e-01 8.363251944043287311e-01 8.491463168506998560e-01 8.497453670757544320e-01 8.348319263223329401e-01 8.351846205348080199e-01 8.442871061368107943e-01 8.416172715261557302e-01 8.424533756868203271e-01 8.421397407143186298e-01 8.437856784699829804e-01 8.456426498632182431e-01 8.377200470352502704e-01 8.374611714469876178e-01 8.479355547751887823e-01 8.429595290609408487e-01 8.393278385219821169e-01 8.497700815134408003e-01 8.468964879171655413e-01 8.519436684069289223e-01 8.508985076628391431e-01 8.469792566311495907e-01 8.323578586605911989e-01 8.440767635642721922e-01
