1.000000000000000000e+00 1.930718742564083157e-01 1.883381645828644535e-01 4.407219601355988857e-03 9.192337145356649364e-02 2.611808493044329854e-02 6.100161993898180202e-02 1.008966016627603629e-01 2.067281606024477247e-01 1.041810793140152264e-01 1.045985145560096863e-01 2.708507711582224323e-02 1.749188350178113027e-02 2.619559092242564405e-02 3.254872373505347805e-02 3.568041940510650878e-02 1.434545371020307936e-01 2.612475456677907926e-01 2.149947392789204881e-01 1.815432772656290494e-01 1.555641238474164134e-01 1.838923108944035822e-01 2.034531215650668412e-01 2.066207696106991121e-01 2.136213296611986778e-01 1.709927626611498497e-01 1.688311630988079126e-01 2.133460049599971153e-01 2.257130028743228600e-01 1.745720916102747877e-01 1.286671133163309333e-01 1.102853497809566374e-01 1.906086350447148414e-01 1.334320644146774759e-01 1.774809616565493353e-01 7.638656762357415309e-02 1.353000911586698107e-01 8.982586136459197457e-02 7.864270879103500700e-02 7.636934415144136512e-02 8.444146734596880144e-02 5.763299809419254044e-02 2.751831481795988590e-02 7.499692712683915519e-02 6.517385806332476328e-02 7.158539719254447542e-02 1.935069490536220696e-02 3.885651732329313546e-02 1.787352096285245093e-02 3.346419666599015352e-02 2.992408568769712451e-02 3.619835942993292199e-02 3.543544687279108485e-02 7.935730844550316354e-02 9.383255508981935833e-02 9.786123704154336966e-02 5.584671827817988543e-02 3.955253938077328557e-02 4.183761357918444612e-02 4.385045007802722966e-02 1.955833927422859567e-02 4.710170087420746665e-02 1.433048269997990419e-02 4.236338939841315099e-02 6.870632734379630846e-02 7.271419444930965481e-02 4.474361751582655450e-02 8.389205535190281948e-02 7.778040532501004356e-02 8.292518124943899782e-02 6.229635153485709592e-02 7.728531905016210179e-02 1.035562427751055559e-01 9.756056652211698987e-02 7.352564807390804535e-02 7.887842746452131126e-02 9.667602354630815131e-02 1.105781252237975493e-01 8.082068314553457478e-02 7.135042136189138906e-02 6.501005397469426794e-02 5.122614577985401541e-02 5.190083947957851301e-02 8.576319555479261503e-02 4.237679595641499763e-02 5.807184825891051339e-02 4.938256003859251703e-02 3.559174916436168290e-02 3.310467051073103656e-02 4.085755168027332268e-02 4.127897978643352284e-02 2.335717549669566809e-02 3.962885683783996110e-02 4.460139994551508974e-02 8.980217881309529235e-03 1.226454131846150923e-02 -2.186256898006260635e-02 1.660027137397082977e-02 -8.521576496571771006e-04 9.452557455718617677e-03 -2.367094626845756163e-04 -1.267417236448237900e-04 1.035625056706974099e-02 1.489277094326272449e-02 3.040362847720987083e-02 1.531660985918096608e-02 -1.619534899489150645e-03 2.268707976910401894e-02 3.268113877429063008e-02 1.646463346865645674e-02 2.744872113018214776e-03 1.697332753791087195e-02 8.971416740279125612e-03 1.112270396114755332e-02 4.071305627569230673e-02 2.923883228757673605e-02
1.930718742564083157e-01 1.000000000000000000e+00 7.191722775480544061e-02 -4.671096109201216401e-02 2.664935117734466841e-02 3.654120622989721207e-02 1.123001284782978587e-01 6.117559191972649774e-02 2.172853464530432877e-01 2.726006325702834410e-01 1.175517093348813352e-01 5.566508610612445895e-02 8.648734113213256414e-02 7.478615786396632104e-02 1.162404349116489821e-01 1.248525839869616960e-01 1.311661892883232983e-01 1.655855136781328174e-01 1.289438057317423836e-01 7.072759823620909658e-02 6.699330739163550374e-02 9.136679307340067613e-02 1.521367209882471816e-01 8.285914495854752870e-02 1.096716954249132292e-01 1.706457669341647498e-01 1.279300308809361297e-01 1.754504513463516491e-01 2.325382114139276923e-01 1.902679490530570228e-01 1.651206877227348879e-01 1.505760624272520498e-01 1.936578084917502662e-01 1.195887000369988823e-01 1.755824133765821193e-01 1.124490865593007621e-01 1.540039649718215886e-01 1.695184047873260769e-01 1.414601133665401855e-01 1.250860561723105280e-01 1.325596924701636925e-01 1.302890448188414318e-01 9.118270727102993634e-02 1.152768567747315953e-01 1.028589336981608204e-01 1.490510926375002709e-01 1.398745716536046180e-01 1.561910896994527509e-01 1.248674694575229172e-01 1.068174142105259711e-01 1.360706465983975710e-01 5.102943046902047586e-02 9.114730425195570473e-02 1.775654263710951808e-01 1.824881200024590922e-01 1.816788506193866559e-01 1.230249835181250195e-01 1.438080653130677511e-01 1.495224843886965860e-01 1.455596850255915231e-01 1.262069930228476300e-01 1.522066275520888856e-01 1.244335271874508070e-01 1.334904035177316706e-01 1.337537775140539287e-01 1.490295845148986442e-01 1.411798463372048451e-01 1.499075799506553452e-01 1.554391683516586631e-01 1.238438604609743560e-01 1.067425462516817802e-01 1.289534476521737028e-01 1.210801152086390109e-01 1.315458637973158373e-01 1.456403064763147903e-01 1.540422394022032682e-01 1.533100201768327620e-01 1.836586737978956052e-01 1.549963187803775899e-01 1.618827725772128689e-01 1.561338071542968664e-01 1.408288132892583366e-01 1.453892333825369532e-01 1.667993245758312981e-01 1.311047958426372340e-01 1.337637445303541950e-01 1.407058214371080807e-01 1.456333468353820104e-01 1.378936529024977486e-01 1.560269538486381280e-01 1.353569157693670921e-01 1.324102093825764992e-01 1.219602994864634748e-01 1.300340566460347347e-01 1.298158288415864337e-01 1.421507168858387182e-01 8.902556184650342597e-02 1.125640598064023834e-01 1.214772688951318985e-01 1.310306437480743547e-01 1.152349549149773028e-01 1.147133550702725963e-01 1.075258052757188110e-01 1.161118018492809240e-01 1.171951325545424888e-01 1.255301278142157140e-01 1.253567633979029150e-01 1.504427955553768737e-01 1.604104062497356820e-01 1.324412224214784051e-01 1.285439604652485746e-01 1.355601829762158594e-01 1.336925542104353826e-01 1.257929342077936941e-01 1.264415839383053186e-01 1.302659958654222849e-01
1.883381645828644535e-01 7.191722775480544061e-02 1.000000000000000000e+00 2.672539481699000574e-01 1.811454941473551183e-01 1.517955229268510287e-01 2.499012561281991340e-01 2.822593728985474670e-01 3.347743925974290824e-01 2.487694074714948411e-01 3.321982244244290894e-01 2.813180552974470783e-01 2.138019545143663713e-01 2.312649453167130997e-01 2.876148744729382090e-01 2.805237359396561825e-01 3.330382253857812613e-01 4.094442448144941515e-01 4.112403897178646406e-01 3.056977749421631585e-01 4.017855070290377029e-01 4.189505837446547698e-01 3.901898526222921104e-01 3.960246256030979239e-01 4.124490293221123594e-01 3.853473141943514757e-01 3.885572910287964921e-01 3.986627346809805128e-01 3.993305002735448306e-01 3.941687522684355072e-01 3.736046885141395824e-01 3.380157057704170076e-01 3.838576818652613132e-01 3.797785245747716254e-01 3.841815541637857434e-01 3.411979777556969351e-01 3.697518579751163381e-01 3.236511033787289882e-01 3.387583452264951722e-01 3.045062530798007816e-01 3.308654666357337959e-01 3.050721454480085915e-01 3.070102411010863230e-01 3.383772532421855939e-01 3.314995588701871720e-01 3.309744951663784462e-01 2.821330478294286626e-01 2.901025104871978177e-01 2.800130072241557300e-01 3.039064001556026073e-01 2.944381176697520863e-01 3.008118679983704524e-01 2.989046142812219475e-01 3.031740046926830190e-01 3.241663011829072349e-01 3.133962916560319445e-01 3.066414937605023150e-01 2.977924150930640335e-01 2.974399924571955456e-01 2.952685181583030727e-01 2.852127000363199327e-01 2.990692192949762629e-01 2.890285166303692699e-01 2.987169923873034261e-01 3.202765743399359488e-01 3.241489237854753847e-01 2.968029328141065792e-01 3.462552350528196321e-01 3.296377556805179521e-01 3.486775003532750494e-01 3.548654035126267980e-01 3.494727213673908817e-01 3.609863876652716908e-01 3.641332995896918723e-01 3.281380642658021096e-01 3.334040541837919869e-01 3.422685145705830490e-01 3.408267902844285269e-01 3.430410866394623115e-01 3.295241266872432351e-01 3.169353721645729594e-01 3.106295584105182028e-01 3.027922201127857260e-01 3.380575958019636507e-01 3.128347433589984683e-01 3.265517260709796532e-01 3.121182422007496848e-01 2.949988178332296762e-01 3.003973481279906821e-01 2.882151922430756241e-01 3.021435845346542859e-01 2.874673778065917618e-01 3.066325004151771449e-01 3.106409415566017684e-01 2.770175336868182514e-01 2.746386882586006606e-01 2.524006496689166212e-01 2.896246588942398281e-01 2.730510421139178412e-01 2.775677442454212440e-01 2.778161880666054073e-01 2.711738551985903856e-01 2.774264853629110905e-01 2.857595853045021284e-01 2.994288469416652720e-01 2.779729825202238991e-01 2.632578235267744038e-01 2.781649054575404123e-01 2.855435003803695193e-01 2.818801600323976309e-01 2.702689891797379063e-01 2.793829456293339675e-01 2.741189755594191646e-01 2.805419745876285287e-01 3.016415919542311252e-01 2.916209537481112557e-01
4.407219601355988857e-03 -4.671096109201216401e-02 2.672539481699000574e-01 1.000000000000000000e+00 2.645307084470087666e-01 2.651568286836896715e-01 4.546565034908846559e-01 4.851461409387834434e-01 3.730792264633130406e-01 3.234305801332710284e-01 4.264723026574242515e-01 5.119163793160325104e-01 4.074286793005189034e-01 3.401365184844041267e-01 4.957894421739255097e-01 4.701113946708997404e-01 4.035949713390807880e-01 2.833482343070694021e-01 3.506736694894267981e-01 3.412158775568268076e-01 3.964542339677020744e-01 4.091746066444083563e-01 3.534643557596324204e-01 3.368020639583104159e-01 3.692189504235918740e-01 4.853370642553477277e-01 4.990264407469479080e-01 4.503967430570605113e-01 4.087593260126415884e-01 4.319467924116504598e-01 4.765408075285579859e-01 4.378518161011036858e-01 3.862655511005392284e-01 4.207640201951693415e-01 3.833060012957354989e-01 4.516889997516997379e-01 4.254982606697114700e-01 4.442007673777901844e-01 4.626098560207618227e-01 4.832902624147379367e-01 4.803363702199739960e-01 4.800651492582856950e-01 4.961549275817729865e-01 5.059323061274036970e-01 4.996521650586124297e-01 4.722486078572065704e-01 4.418864399042745639e-01 4.379827673151345246e-01 4.535009204354711332e-01 4.836458516585154799e-01 4.648197266505446068e-01 5.138513512500108016e-01 4.963827020966098402e-01 4.013500486578036597e-01 4.051227977845683337e-01 4.251423051919575591e-01 4.639030072337022581e-01 4.593070253918560830e-01 4.377761467537694129e-01 4.463417427867653609e-01 4.504842396594540554e-01 4.393223917374267096e-01 4.615518293385698634e-01 4.536753168537331904e-01 4.591485179139560002e-01 4.572435493672000195e-01 4.475859233134403259e-01 4.336775818950570627e-01 4.346933252242866086e-01 4.606686607748538553e-01 4.726660886976268849e-01 4.556099034082733423e-01 4.474255431300374619e-01 4.396398697820370627e-01 4.790691002630280693e-01 4.691835959440077142e-01 4.699085791388080691e-01 4.433646226805559309e-01 4.784714150574211344e-01 4.433235357686864386e-01 4.300229386803027243e-01 4.660606008022222246e-01 4.482491406524588551e-01 4.222760499963491565e-01 4.522345286302121847e-01 4.383438954358642170e-01 4.432063845408847902e-01 4.513830023125527391e-01 4.533608989755354979e-01 4.440846648890259263e-01 4.599369632430962973e-01 4.638341683001396265e-01 4.753839049383841719e-01 4.717669901279434308e-01 4.499597784234843356e-01 4.382542159863927478e-01 4.762696151364669839e-01 4.752120400741596251e-01 4.570427619335279967e-01 4.567227117012210291e-01 4.646577333946331767e-01 4.625634105464823120e-01 4.749787031834591389e-01 4.772237214931226434e-01 4.757475276734715042e-01 4.522969079533515346e-01 4.449408864575439826e-01 4.308752303663466177e-01 4.237756331879960481e-01 4.517615871194802790e-01 4.563514399262749155e-01 4.492639738105179137e-01 4.443473202297053004e-01 4.551472476832463254e-01 4.608834210662330344e-01 4.590264632016094470e-01
9.192337145356649364e-02 2.664935117734466841e-02 1.811454941473551183e-01 2.645307084470087666e-01 1.000000000000000000e+00 2.765235565802237061e-01 4.136134878094553380e-01 4.443849957089147096e-01 3.698134531897707689e-01 3.074150069626216952e-01 3.653040119362557236e-01 4.258666449651256625e-01 3.800873348705875454e-01 2.929567863464245803e-01 4.128432686039276156e-01 4.319170863642673996e-01 3.731035651959263011e-01 2.929333776059911409e-01 3.553692777481177179e-01 3.044542706353037809e-01 3.293560858053702356e-01 3.787459632640309826e-01 3.212501917051241995e-01 3.718977473274399093e-01 3.854708230871350949e-01 4.242809896115587454e-01 4.282217395934816428e-01 4.006621512244494809e-01 3.601899658888261802e-01 3.748082398533341131e-01 4.113237161547510512e-01 3.920397149699919592e-01 3.610508039646607159e-01 3.999811177871300250e-01 3.623083407930480226e-01 4.103499396431938284e-01 4.046018231267316523e-01 3.774800286346853828e-01 3.950456947499887406e-01 4.052708145147489449e-01 4.297308488901850354e-01 4.140217959403377779e-01 4.042128540926513969e-01 4.410205360492622240e-01 4.349814353136235989e-01 4.116525601473922658e-01 3.904046372224118655e-01 3.887190523526991015e-01 3.945917614577448274e-01 4.021794259375648384e-01 3.816559820901476163e-01 4.278672937174552993e-01 4.185742764250446335e-01 3.721934615282891934e-01 3.689150536555192983e-01 3.832749916161307668e-01 3.911459448731055555e-01 3.967816041987366482e-01 3.739389126785052087e-01 3.976166625482231431e-01 3.843516873207117879e-01 3.800950742995530818e-01 3.846481559127628014e-01 3.912499543354606146e-01 4.154405823538390163e-01 4.062442620180377051e-01 3.973596404773853674e-01 3.875649351914985941e-01 3.896793104116222928e-01 3.969950073441771976e-01 4.131309979029577639e-01 4.113787559339375788e-01 4.219552287710802707e-01 4.173516681693479891e-01 4.210564660181252417e-01 4.083559810120740985e-01 4.195429188392967856e-01 3.922359481931118053e-01 4.137083366811165064e-01 3.860727483921801984e-01 3.789389270446393287e-01 4.012484080707064416e-01 3.956402043170040295e-01 3.780226706797195080e-01 3.934971669784097514e-01 4.015551407654134874e-01 3.958088638690702155e-01 3.887678116183610477e-01 3.877835228691657310e-01 3.893512566496343807e-01 3.991398555811769278e-01 3.987377337852581194e-01 4.141873766940259438e-01 4.067940346543269525e-01 3.896531889605673871e-01 3.825186058893811358e-01 3.868310874495875518e-01 3.980884370479557677e-01 3.882329219797430730e-01 3.870522234473139367e-01 3.928970877151208851e-01 3.867512122971142885e-01 4.016332721188882737e-01 4.092527314819223161e-01 4.117541303461861868e-01 3.848380140371656100e-01 3.799470875296903083e-01 3.821423062379418756e-01 3.759821281339251198e-01 3.882768001320975326e-01 3.878604782292623954e-01 3.916800990907530200e-01 3.801003968164481939e-01 3.857480203783806294e-01 4.032524771818794540e-01 4.016049142311698961e-01
2.611808493044329854e-02 3.654120622989721207e-02 1.517955229268510287e-01 2.651568286836896715e-01 2.765235565802237061e-01 1.000000000000000000e+00 3.976873652753413757e-01 3.868305905224643237e-01 3.648923288671547804e-01 3.200271639249412936e-01 3.963364212193125624e-01 4.212122615303053319e-01 3.861743354894912605e-01 3.125079676658435446e-01 4.358511018608046683e-01 4.473359956777426261e-01 3.937657408898583289e-01 2.822962901426439575e-01 3.536072388540418832e-01 3.029202283117030658e-01 3.214721494864160589e-01 3.727652994576349244e-01 3.365200226915968096e-01 3.498262528263569315e-01 3.835957810148386549e-01 4.497957737491184438e-01 4.407583036051613834e-01 4.181134630124894169e-01 3.889657683257216059e-01 3.963971434723763121e-01 4.480536100952496881e-01 4.203789394198912954e-01 3.688476164506719335e-01 4.145914083597597166e-01 3.676802300814610569e-01 4.458875099365363082e-01 4.244024436272537115e-01 4.145255076815299033e-01 4.346842703289426901e-01 4.432124002540842045e-01 4.578481441421248799e-01 4.459084061786409703e-01 4.503379753368517147e-01 4.681041012727785167e-01 4.768203468509903953e-01 4.510934654159863277e-01 4.333150476729332734e-01 4.414814203364538781e-01 4.371347713096072063e-01 4.434062431811331417e-01 4.315718135711976711e-01 4.572671744710642971e-01 4.566844939674495341e-01 4.162565804937488068e-01 4.137420849130933331e-01 4.311613476060691119e-01 4.363946267624768671e-01 4.342072287339105996e-01 4.210590960158931972e-01 4.403830690826469052e-01 4.291269159678801626e-01 4.289871468168023338e-01 4.367686373864955729e-01 4.351602381254225937e-01 4.408183815617526258e-01 4.509101503484707063e-01 4.420901983011619185e-01 4.232603068948400660e-01 4.279725379075333125e-01 4.306693147375900699e-01 4.404196182227669842e-01 4.477076928461287686e-01 4.393174322281738764e-01 4.387242465380098433e-01 4.623530306813449231e-01 4.507183167144536151e-01 4.572234492344157686e-01 4.305457548477373275e-01 4.561301865052896365e-01 4.257744965607735410e-01 4.181236471493035012e-01 4.444155829161931526e-01 4.461804316743534504e-01 4.144054966233721160e-01 4.376459872546634711e-01 4.353707552751137633e-01 4.362097461552296718e-01 4.378710227024095181e-01 4.352359609455191403e-01 4.423380283076078223e-01 4.440397829690342357e-01 4.485631165682530952e-01 4.536956301781727152e-01 4.510247431522105277e-01 4.352675932461629871e-01 4.345349046951448302e-01 4.395066281549604437e-01 4.432475913116175059e-01 4.383248084022411950e-01 4.367836013230559922e-01 4.430894951017271266e-01 4.384961432795799197e-01 4.465779884568621960e-01 4.533694863126530583e-01 4.542452939026428993e-01 4.396967597112226844e-01 4.301107436324041466e-01 4.335976947841416740e-01 4.330169851258777181e-01 4.372059512315179530e-01 4.384964389672046381e-01 4.391722127257955410e-01 4.328143683546807896e-01 4.405651982368638531e-01 4.458448626174350560e-01 4.478656397664927402e-01
6.100161993898180202e-02 1.123001284782978587e-01 2.499012561281991340e-01 4.546565034908846559e-01 4.136134878094553380e-01 3.976873652753413757e-01 1.000000000000000000e+00 5.874692737449824786e-01 5.704760274794594688e-01 5.614798013895717643e-01 5.993935648822208417e-01 6.837802941348886110e-01 5.994196992978756411e-01 5.092606991909325309e-01 7.494993046571202244e-01 6.912011758583904708e-01 5.939438761514495013e-01 3.615300233258814111e-01 4.566003901677461729e-01 4.106875969879043575e-01 4.077514603651828939e-01 4.976754672324120721e-01 4.852345142940048817e-01 4.378137510209316186e-01 4.906518356047046558e-01 6.938289237043570035e-01 6.700005814298269913e-01 6.390266944809723793e-01 5.987757497959445008e-01 5.961807095934824607e-01 6.760600833918617436e-01 6.487044436888973475e-01 5.571456525651162783e-01 5.958595517937356201e-01 5.479402417450867091e-01 6.547933514449663095e-01 6.196154110112311875e-01 6.702953509608071681e-01 6.711586029183004287e-01 7.219162310429635410e-01 7.017502357566752780e-01 7.110831636836245639e-01 6.956089883293334886e-01 7.134557132240025856e-01 7.096353446492977834e-01 6.929804041670230008e-01 6.811010786735974820e-01 6.812015304490921519e-01 6.949901195793463105e-01 6.933403202626143846e-01 6.908511972169828486e-01 7.056657094749726467e-01 7.066080026609772302e-01 6.516081846068066952e-01 6.398475926744084941e-01 6.708998568745820901e-01 6.838361363339453547e-01 6.944877847084701683e-01 6.804263715788509970e-01 6.837754255291085270e-01 6.796208444764259005e-01 6.728232119436817760e-01 6.869078203294272100e-01 6.823731855012034053e-01 6.830120605784942844e-01 6.801322643267725399e-01 6.794277613333576937e-01 6.431475472882371980e-01 6.544833702577542711e-01 6.418132315884120809e-01 6.538351908074796492e-01 6.619947708057328795e-01 6.384017087665053714e-01 6.390116626510733422e-01 7.106822000123362848e-01 6.903899545371063873e-01 6.995460720054733628e-01 6.712457075439238752e-01 7.021912847223363840e-01 6.644220050494247243e-01 6.520078989006099501e-01 6.912680136018261035e-01 6.834795912857170030e-01 6.338689013214490187e-01 6.757638597175602557e-01 6.562144193405332615e-01 6.699907229720644120e-01 6.905929133340914516e-01 6.800876323268298940e-01 6.891053301074828719e-01 6.976744740485739671e-01 7.003026704950285897e-01 7.048883486453967340e-01 6.976167507053020467e-01 6.878413623766371776e-01 6.798923539146404238e-01 7.091402822549495166e-01 6.969592470465657552e-01 6.906182305680460543e-01 6.946387788296847221e-01 6.972205831088097439e-01 6.969660655752082379e-01 7.016562555554290981e-01 7.059731277323022525e-01 7.038531810826059720e-01 6.838592868185993101e-01 6.838714234630338673e-01 6.755236829302683210e-01 6.681355983123062892e-01 6.910605348865912489e-01 6.983334403491000542e-01 6.868578862266445650e-01 6.815150732614319029e-01 6.873256493526570532e-01 6.900517885925598893e-01 6.892947228874131138e-01
1.008966016627603629e-01 6.117559191972649774e-02 2.822593728985474670e-01 4.851461409387834434e-01 4.443849957089147096e-01 3.868305905224643237e-01 5.874692737449824786e-01 1.000000000000000000e+00 5.784145778490915601e-01 4.937109652173641283e-01 6.081054741074450876e-01 6.777931551462346160e-01 5.937807609378893403e-01 4.869520693872037009e-01 6.820447899558078619e-01 6.789200398418395732e-01 6.088081820573434388e-01 4.791611743186559025e-01 5.734547298651633263e-01 4.680802842803337138e-01 5.511568287470897110e-01 6.143456510317255592e-01 5.442876428661944654e-01 5.532922039826068117e-01 5.971814011002208877e-01 6.900539646270085203e-01 7.011321987597441963e-01 6.707934981486417536e-01 6.322856768252417270e-01 6.432098969174042669e-01 6.868728821930620843e-01 6.542074330160930762e-01 6.115709711313618291e-01 6.450283334484119280e-01 6.090572480348591666e-01 6.690768456656754903e-01 6.489430686309936025e-01 6.594430616450333016e-01 6.628996522674808212e-01 6.827423128529734875e-01 6.901666050024113375e-01 6.844342751791245849e-01 6.810316551871395951e-01 7.164030097269150632e-01 7.037287677837829047e-01 6.870021764231590833e-01 6.412106596197225672e-01 6.471588106678496377e-01 6.549986834853934736e-01 6.808654160961170598e-01 6.599569541779827242e-01 6.856861240996452445e-01 6.777189677760278030e-01 6.233576944654090068e-01 6.314596612820952970e-01 6.510026460111031366e-01 6.684937487902039566e-01 6.637829977065315967e-01 6.444329096269361123e-01 6.532119075287590171e-01 6.524113435765754865e-01 6.454938808135823880e-01 6.565280084339034650e-01 6.496241817779235816e-01 6.665366908007869240e-01 6.665331494559800785e-01 6.492616870648949545e-01 6.460710591738589859e-01 6.477817125587590485e-01 6.527512978493268392e-01 6.817374858163696150e-01 6.709046992580715019e-01 6.708366094353920284e-01 6.649977413180493402e-01 6.891549022747734954e-01 6.765831724579748352e-01 6.881167952712303748e-01 6.616290950902435908e-01 6.892853310190762972e-01 6.465694672521534736e-01 6.359796150298004935e-01 6.686807595918915492e-01 6.580160949358537792e-01 6.341059991978538202e-01 6.593744923368514144e-01 6.575565906487270684e-01 6.542504361289230852e-01 6.521138213039665565e-01 6.525027006419520381e-01 6.527816217997413073e-01 6.638022818321349661e-01 6.633312936042687902e-01 6.765643669409787675e-01 6.758516583278082468e-01 6.454215921529701250e-01 6.375078513587196793e-01 6.544938362301692125e-01 6.653936714123900309e-01 6.465328832827560435e-01 6.506285129609080675e-01 6.530520983197087848e-01 6.461636708496033554e-01 6.588221856687804801e-01 6.717172154041733956e-01 6.736031575777612357e-01 6.481011614407342636e-01 6.353628797632377978e-01 6.353075361165212431e-01 6.341576450340409288e-01 6.467257294346995256e-01 6.475524657741992263e-01 6.447843314131228576e-01 6.371237586632453320e-01 6.432942355203868923e-01 6.602354202496644175e-01 6.571090201379625739e-01
2.067281606024477247e-01 2.172853464530432877e-01 3.347743925974290824e-01 3.730792264633130406e-01 3.698134531897707689e-01 3.648923288671547804e-01 5.704760274794594688e-01 5.784145778490915601e-01 1.000000000000000000e+00 6.927021618839884765e-01 7.313672439617583398e-01 7.078634701387841455e-01 6.371146289145059871e-01 5.729922947601666650e-01 7.440915711684369382e-01 7.416271565670551347e-01 7.665655338383845496e-01 6.212270800742146770e-01 7.016390722558019100e-01 5.026582880148842136e-01 5.840474595181345263e-01 6.931599636574738987e-01 7.189721445971628544e-01 6.639594972209468260e-01 7.049335682550204041e-01 7.884314160229549673e-01 7.758743725138754765e-01 8.036604446763163656e-01 7.916227486163853744e-01 8.214552105540521287e-01 8.317877812089320422e-01 7.951752454078947485e-01 8.002209639636543859e-01 7.929817537047313403e-01 8.059017462815950550e-01 7.901595749732016616e-01 8.317970242410757109e-01 8.100413124860968983e-01 8.220085449730504257e-01 7.742450828298784726e-01 8.112772158710604975e-01 8.083652829542998797e-01 7.828491793505384377e-01 8.141101608331852146e-01 8.022535295519557241e-01 8.264075168880407052e-01 8.073450401830679635e-01 8.183971627598826126e-01 7.973618546600639290e-01 7.867035610358611430e-01 8.014705645609861984e-01 7.454577616850420752e-01 7.790364939468981120e-01 8.247105915323602598e-01 8.255310226396842532e-01 8.241801289447652223e-01 8.015650142665039501e-01 8.097933070218419349e-01 8.083869667297804984e-01 8.217391142582424202e-01 8.011957191972109982e-01 8.220817382535623441e-01 7.974779021484059705e-01 8.137848438052831535e-01 8.200394071820978903e-01 8.263727775139828591e-01 8.174396793005287432e-01 8.287093707879308324e-01 8.227212237485802548e-01 7.877455235600540062e-01 8.082082653122193427e-01 8.266051041971991253e-01 8.115196421466982502e-01 8.268932942558220311e-01 8.258294483586405832e-01 8.326583647358235529e-01 8.366076352027306262e-01 8.354988891019320407e-01 8.308200452853957696e-01 8.348380825481339640e-01 8.280398812764141470e-01 8.234462559694982753e-01 8.184469571266729249e-01 8.354975232713659494e-01 8.114690185265063249e-01 8.230861386743349994e-01 8.254675343204359583e-01 8.138051956718246327e-01 8.145690057525082350e-01 8.153475044362437085e-01 8.151762896153487148e-01 8.082990600583964680e-01 8.164892679026127809e-01 8.192166109445284672e-01 8.024962633029677495e-01 8.051357688949950520e-01 7.628646657855854274e-01 7.950265708133374964e-01 7.945335734557137375e-01 7.968306759089991420e-01 7.922716687855880791e-01 7.877603139955532408e-01 7.884507838203916874e-01 8.025007820297724859e-01 8.056778605002614668e-01 7.914879362155169407e-01 7.919776826462718855e-01 8.091812310999922930e-01 8.146598194758306599e-01 8.054045757318107901e-01 7.944237883185160110e-01 8.075888930147597788e-01 8.018519849661251975e-01 8.017531784559869257e-01 8.132569141439187632e-01 8.112830462854484503e-01
1.041810793140152264e-01 2.726006325702834410e-01 2.487694074714948411e-01 3.234305801332710284e-01 3.074150069626216952e-01 3.200271639249412936e-01 5.614798013895717643e-01 4.937109652173641283e-01 6.927021618839884765e-01 1.000000000000000000e+00 6.216870231271749425e-01 6.475389709242099778e-01 5.855137415115958532e-01 5.200007477084001017e-01 6.957088778977449373e-01 6.839096312898840235e-01 6.262011906779431092e-01 4.404801740992962955e-01 5.049992168231839385e-01 3.822356775600806444e-01 4.289360810282032976e-01 5.114941240434870418e-01 5.679604773921050898e-01 4.754013204585979535e-01 5.166982631171109785e-01 6.968711179409400325e-01 6.654645485183220410e-01 6.782564036810233565e-01 6.888270567581376014e-01 6.943935429588518060e-01 7.315899849169280600e-01 6.961323802770803537e-01 6.663991757148659545e-01 6.464556673675637688e-01 6.620534170475113056e-01 6.856745338015515223e-01 7.065182635114396481e-01 7.351804899961171813e-01 7.229915886166031758e-01 7.069669337851063329e-01 7.323284340742809428e-01 7.402416259704212020e-01 7.072237361004098943e-01 7.232222434017585577e-01 7.088421966613116521e-01 7.426937108265816434e-01 7.456737332387791684e-01 7.568695606728320646e-01 7.353106256052572842e-01 7.089401021322475627e-01 7.375151959022159254e-01 6.505023674524544886e-01 7.055495857539990645e-01 7.525318763175963266e-01 7.433146688702515492e-01 7.440585280281583058e-01 7.182309286128012449e-01 7.470933688336518497e-01 7.453146681445519395e-01 7.513871297195956478e-01 7.343052241189071960e-01 7.513881662885160129e-01 7.313283943232641304e-01 7.388528878211866324e-01 7.267695060005511243e-01 7.405049450984194648e-01 7.424898077350485792e-01 7.241646585450614015e-01 7.324490080368254441e-01 6.865639152289154667e-01 6.998994619367545633e-01 7.181645969045898914e-01 6.851317189419228182e-01 7.053842156280777376e-01 7.497750979445940711e-01 7.486242725544289822e-01 7.479224482701085641e-01 7.535570913214862943e-01 7.495218135926193792e-01 7.487597355105904962e-01 7.409603313403232416e-01 7.521573143693306429e-01 7.395666929548075919e-01 7.342893051898676804e-01 7.278151451794135918e-01 7.266861285163515038e-01 7.431013092230999151e-01 7.485837724607736776e-01 7.421655663059318897e-01 7.518789843723701072e-01 7.418424059930454062e-01 7.491834991052107595e-01 7.390336890874753539e-01 7.465530474550724493e-01 7.452351210495545830e-01 7.502586106054230930e-01 7.136533667812879900e-01 7.288212682895380823e-01 7.383306165160666845e-01 7.421624823200092536e-01 7.334315329583884768e-01 7.326664394888005027e-01 7.314006847860465843e-01 7.382441326493880407e-01 7.323109291383191888e-01 7.310277208530497894e-01 7.397911454478885984e-01 7.523000091845357673e-01 7.548099342196108452e-01 7.479883076777744666e-01 7.454205235876283364e-01 7.477986283510892340e-01 7.454108137760436792e-01 7.397655081062672888e-01 7.369266091274622177e-01 7.410226676549174218e-01
1.045985145560096863e-01 1.175517093348813352e-01 3.321982244244290894e-01 4.264723026574242515e-01 3.653040119362557236e-01 3.963364212193125624e-01 5.993935648822208417e-01 6.081054741074450876e-01 7.313672439617583398e-01 6.216870231271749425e-01 1.000000000000000000e+00 7.695872254731688233e-01 6.624474449402782961e-01 5.772651801575355845e-01 7.652049301433427875e-01 7.553506430917527048e-01 7.302375749440929154e-01 6.132283790789720967e-01 6.925807056979047527e-01 5.442037457460071614e-01 6.254334749124236259e-01 7.085730502450311441e-01 7.076195547786376938e-01 6.615732636217683815e-01 7.076047864349916949e-01 7.932806175289579542e-01 7.980732137926530578e-01 7.866714789500949268e-01 7.498889529990261371e-01 8.008316536101934835e-01 8.332810135056456513e-01 8.105033992969469248e-01 7.665991112365913018e-01 7.880394003743996789e-01 7.756545758709172400e-01 8.136701958722182271e-01 8.160551914873755974e-01 8.055459712533682426e-01 8.226624431649892655e-01 7.845150862524412627e-01 8.311658504949430704e-01 8.210026736919939783e-01 8.204805725458133026e-01 8.374342880602004824e-01 8.311674200120483524e-01 8.305797367675460396e-01 8.182449464933095884e-01 8.241559930672512913e-01 8.168771577698591413e-01 8.122271801942237968e-01 8.191352188466800577e-01 7.962122195543475112e-01 8.098454284651843693e-01 8.089828842874938752e-01 8.089756388928731612e-01 8.154112650564008247e-01 8.103703538588031829e-01 8.236738122290420128e-01 8.166561061353958539e-01 8.238031507146362786e-01 8.232271007585404421e-01 8.210240781035111901e-01 8.113087451752475365e-01 8.234641696017703794e-01 8.308124732263558743e-01 8.340657967477722590e-01 8.264792199165886810e-01 8.369339009598358858e-01 8.306756718089954861e-01 8.198237452150187732e-01 8.352086391790636277e-01 8.391161574848881033e-01 8.274153015762036878e-01 8.332816459166439982e-01 8.403037054054713906e-01 8.431595702395083824e-01 8.408938917363957266e-01 8.239974931732728658e-01 8.391922642159576062e-01 8.319894960662060912e-01 8.272420814600330852e-01 8.361888688761024424e-01 8.303665380300433441e-01 8.252076820343983155e-01 8.276624875638617373e-01 8.302677993593368111e-01 8.292723017294910681e-01 8.244883246748678784e-01 8.270656003409582180e-01 8.225494044138808025e-01 8.281293039399436617e-01 8.250713066111731164e-01 8.346039833252220097e-01 8.363754934327880530e-01 8.184740075490906097e-01 8.160290392334335063e-01 7.971107232391549946e-01 8.153063897812936611e-01 8.168232283306836594e-01 8.175488163084360105e-01 8.192012816209985893e-01 8.128957654371216091e-01 8.158203145801243839e-01 8.263216986264295683e-01 8.313173817481145367e-01 8.093254518330081915e-01 8.085996660625550669e-01 8.137955978143841529e-01 8.149155973741716297e-01 8.212548868430695759e-01 8.133154096383868881e-01 8.199992882207240985e-01 8.154033285591442137e-01 8.181524775624052781e-01 8.287464196562436269e-01 8.267744195114996586e-01
2.708507711582224323e-02 5.566508610612445895e-02 2.813180552974470783e-01 5.119163793160325104e-01 4.258666449651256625e-01 4.212122615303053319e-01 6.837802941348886110e-01 6.777931551462346160e-01 7.078634701387841455e-01 6.475389709242099778e-01 7.695872254731688233e-01 1.000000000000000000e+00 7.227282690238165941e-01 6.176809544814847452e-01 8.357119448986973786e-01 8.252982086106686044e-01 7.482760090919788887e-01 5.173643813266612934e-01 6.244965412103966607e-01 5.344598742259618618e-01 5.737829463007126929e-01 6.521103857445997853e-01 6.504848678257248995e-01 6.060524064936038124e-01 6.436839615583667129e-01 8.030722935467463630e-01 8.020266377860609808e-01 7.628538256859667133e-01 7.121126452609848334e-01 7.658230227299575033e-01 8.348505277577297212e-01 8.211194985416295777e-01 7.371054853929578377e-01 7.794841673237339341e-01 7.477161194426732438e-01 8.268279120493614576e-01 8.024390924874947872e-01 8.268077599162541036e-01 8.412664380548096066e-01 8.412941894699615952e-01 8.624162815822199457e-01 8.679257984183674779e-01 8.667172037916259786e-01 8.744475611803312898e-01 8.657829863296854223e-01 8.595346011448325996e-01 8.580425623516052536e-01 8.586612946804997870e-01 8.629737053967825311e-01 8.619002798794923592e-01 8.609025363346588522e-01 8.600596777440463470e-01 8.650091752006832113e-01 8.277040049456674264e-01 8.140099613248081845e-01 8.336439025408513004e-01 8.535929014146740323e-01 8.637659876623389188e-01 8.464533165104541901e-01 8.606690713306586193e-01 8.637651739767858716e-01 8.519706042490838849e-01 8.588813208050017911e-01 8.602182351051715914e-01 8.585534607996627710e-01 8.598902190215848007e-01 8.616682681192916471e-01 8.367748950165684318e-01 8.456316877686057554e-01 8.321886916115345256e-01 8.490308549002911764e-01 8.489071054686470053e-01 8.299782881940144241e-01 8.304040249972693966e-01 8.719762734577017893e-01 8.649887614600472174e-01 8.620136609164256170e-01 8.339975131788069929e-01 8.641603055490655327e-01 8.470460558259550465e-01 8.446426329456744320e-01 8.688927069013924198e-01 8.617607035209177146e-01 8.307679863772509110e-01 8.595348376071670904e-01 8.495126196733755464e-01 8.549357095879172030e-01 8.627522832053275970e-01 8.630620943894006247e-01 8.589167459324281717e-01 8.693311462260689959e-01 8.712307046722318482e-01 8.757071563424789762e-01 8.729913396496230549e-01 8.667809502366046193e-01 8.599713012570698867e-01 8.680464692024335571e-01 8.678699254976819377e-01 8.684792762706274871e-01 8.674744377030342291e-01 8.715706982526610913e-01 8.665556176584722214e-01 8.721708713038640592e-01 8.794401419795094821e-01 8.773174788239450628e-01 8.567107350187170844e-01 8.605486868867351369e-01 8.526859977598247875e-01 8.460766891888121810e-01 8.640629525992787885e-01 8.654126777608031063e-01 8.641410827701762054e-01 8.605843726846391650e-01 8.654758717717330185e-01 8.676593109128308834e-01 8.686492827281618867e-01
1.749188350178113027e-02 8.648734113213256414e-02 2.138019545143663713e-01 4.074286793005189034e-01 3.800873348705875454e-01 3.861743354894912605e-01 5.994196992978756411e-01 5.937807609378893403e-01 6.371146289145059871e-01 5.855137415115958532e-01 6.624474449402782961e-01 7.227282690238165941e-01 1.000000000000000000e+00 5.569150038613784881e-01 7.454079152550795451e-01 7.498451437808262288e-01 6.590988387633415213e-01 4.732384000095992138e-01 5.729248754569089552e-01 4.487094869605959824e-01 5.058571738500042825e-01 5.953551767942040218e-01 5.957624383383876010e-01 5.618580569550581938e-01 5.990021090461195019e-01 7.155507925016479920e-01 7.181699517876406480e-01 6.924120236388157101e-01 6.459024086903261130e-01 6.925243316413877137e-01 7.500707706123166396e-01 7.346308257872047331e-01 6.617039709533536485e-01 7.109604330099620340e-01 6.652718990414052680e-01 7.445657958255738063e-01 7.288495996223945950e-01 7.424254303639534758e-01 7.538191455056175716e-01 7.453050490250693327e-01 7.753863086503466340e-01 7.797336484969352721e-01 7.669814827777616806e-01 7.838442525377222747e-01 7.759634221243506547e-01 7.764988235842207320e-01 7.712587398209408418e-01 7.743082226788505773e-01 7.719062814278110363e-01 7.637390781600663647e-01 7.670520111019485388e-01 7.554438039557693774e-01 7.656064620811329213e-01 7.505822131268822250e-01 7.353804586058262371e-01 7.582444862859130108e-01 7.579648018007263399e-01 7.719918327722802287e-01 7.597420665839026421e-01 7.729322335378594477e-01 7.698826536149410149e-01 7.636460792460373348e-01 7.716317512228167974e-01 7.695179871892657841e-01 7.709519711545128606e-01 7.746221174635747886e-01 7.777031995376024742e-01 7.601480278328428541e-01 7.638118974644391157e-01 7.368276491658377614e-01 7.614622616196397020e-01 7.696006754693159868e-01 7.523901768882206298e-01 7.547636965954608312e-01 7.808325790550211254e-01 7.753310202046926891e-01 7.775546332532849991e-01 7.533313473987077735e-01 7.767657196390042040e-01 7.645630604247356521e-01 7.599773873584959594e-01 7.789561184928771587e-01 7.761172157102571578e-01 7.490173602986711643e-01 7.696403397594224760e-01 7.698752070446690521e-01 7.702371776395541270e-01 7.744135345768947687e-01 7.739946393826344639e-01 7.744836725690762425e-01 7.787991083277330251e-01 7.817089149745404253e-01 7.835197617200558851e-01 7.838195763858176734e-01 7.771079600030446066e-01 7.744335750789999029e-01 7.707885921305887011e-01 7.711540964177182600e-01 7.762896251881282739e-01 7.771999601796182322e-01 7.752085257396497120e-01 7.732872828459573800e-01 7.774899962716873558e-01 7.869792257926025991e-01 7.851191849617578100e-01 7.644114395179173460e-01 7.704361322569919235e-01 7.712381998282219486e-01 7.665780692605399516e-01 7.755481608840614216e-01 7.757550339635110870e-01 7.772235075208627775e-01 7.716035820243778431e-01 7.747732389908517092e-01 7.799143653902355089e-01 7.808051759303961115e-01
