1.000000000000000000e+00 1.421676249979896278e-01 9.378688594090063557e-02 3.681068149942936119e-03 3.092122573813530645e-02 -1.269062580241279992e-03 4.903803959526401024e-03 2.827357059062848496e-02 1.645638726692651155e-01 6.598480416513813340e-02 1.499175629613888443e-02 1.966516283688002006e-02 5.421518701426497611e-02 4.655034176076648655e-02 -1.414846886581280425e-02 2.099319126169876815e-02 1.297260143138779798e-01 5.118872679254228564e-02 5.507087791010346900e-02 6.248923440183262040e-02 7.191106873225668050e-02 6.241867538261357262e-02 7.543813092518175667e-02 5.431625903133660560e-02 6.122467040191293536e-02 3.368697886863827873e-02 3.682556919552872066e-02 -2.577289498200599493e-02 1.403788153060633523e-02 4.644927369765799313e-02 3.727399476963741409e-02 2.827131244287420589e-02 -1.842873094909418946e-02 2.343346626667754118e-02 1.493147321119388628e-05 5.110156841727026000e-02 2.091953723518037017e-02 -2.304907904557410361e-02 1.027746239666969472e-02 -2.749521445540758363e-02 5.631366237253077056e-03 -2.276554435678804222e-02 -9.677135759247463415e-03 9.869321153964603563e-03 5.683458486437061377e-03 -1.192430851415932948e-02 3.079347854787062386e-03 1.835475940191545752e-02 1.375293704872732059e-02 -7.196053260463386100e-03 -5.684285043067185961e-03 2.307645591347650890e-02 2.226780509388825643e-02 3.402402966848140642e-02 1.383386821880523525e-02 8.532225806205480031e-03 4.435671138133537306e-02 3.938241175074259220e-03 -5.100493356566033858e-03 3.906878573403913674e-02 8.264833739073785754e-03 1.557090358361303169e-02 1.677242282766272866e-03 2.967743268353561018e-02 6.253402222650839004e-02 5.003154102497527761e-02 3.593280270565359091e-02 1.605249665350472893e-02 2.328472171788617193e-02 2.631213969643728459e-02 1.137785825340668737e-02 2.209846308932433487e-02 2.113291371074992736e-02 1.637324204087235724e-02 1.626240012219836925e-02 7.307896887061881772e-03 -1.131974723512173438e-02 1.242859378913019862e-02 1.338244624589945628e-02 2.812439676585855308e-02 1.398174983322008486e-02 1.820572974140766825e-02 4.320594966581500079e-02 6.383041575028966172e-03 -5.621370187083352815e-03 1.759240045871895280e-02 1.218163534397339806e-02 -8.246789033986349354e-03 7.603465164119297369e-03 5.345067995364662441e-03 -1.879424724578722394e-02 -4.481912815743199774e-03 9.748726565380652978e-03 1.050454629427170333e-04 4.187036721740680124e-03 1.356627431833553818e-02 -1.267588260341456254e-02 3.704237656219033087e-02 7.340994146516704143e-03 2.800771024329784764e-05 -5.205087609661562288e-04 8.932352798748250874e-03 1.484429057825666781e-02 7.107866059713727029e-03 2.483586625421418601e-02 2.867719479215241965e-02 2.115709529435812544e-02 1.435320737192871676e-02 7.521258459009207663e-03 1.016547264626086432e-02 -4.687055679744675345e-03 2.228030027576870589e-02 8.414922546583072233e-03 2.513892748052739406e-02 3.746744713044747321e-02 3.343718295275514840e-02
1.421676249979896278e-01 1.000000000000000000e+00 5.870989542200265310e-02 4.556132446935200891e-02 3.635526098654970339e-02 5.407361847524830983e-02 4.361388254782060103e-02 7.782349587114201217e-02 1.766794203505100691e-01 1.862099701295181764e-01 1.059629259355439751e-01 1.004933341392037771e-01 1.043670340692204601e-01 1.091454184957664775e-01 8.673902745057061880e-02 1.211462808963282428e-01 1.627573775516334975e-01 1.188826450576164762e-01 1.111720218802840082e-01 1.042124427684306270e-01 5.608580780121507486e-02 1.248450903416104540e-01 1.447153555779375489e-01 1.175200829541325487e-01 1.209169431954011248e-01 1.212408568487865906e-01 1.267250378725203463e-01 4.745713796337418938e-02 7.589687622747108564e-02 1.550310709649718177e-01 1.687282374591671241e-01 1.373310649414755946e-01 8.072299909533238449e-02 1.120776924517682266e-01 1.187470066305894301e-01 1.147415163983630665e-01 1.176952194207436103e-01 9.284580516694346253e-02 1.191357996251504181e-01 7.724065663509671609e-02 1.102230603529590347e-01 8.436543500215051838e-02 7.881373596456225927e-02 1.020711542544865402e-01 1.280532682013901802e-01 1.091191759799569894e-01 1.333163438201057094e-01 1.508067481583072467e-01 1.322743584225749003e-01 8.079603169780298633e-02 1.014215896611207202e-01 5.511505599273094219e-02 1.197305113581600133e-01 1.617529896038110704e-01 1.407471646393718689e-01 1.334276452915532929e-01 1.332648936508864235e-01 1.240163936322950938e-01 1.404669950542203893e-01 1.481034129340980110e-01 1.204519463175892785e-01 1.479954027185256815e-01 1.245577999978637329e-01 1.329443204670242018e-01 1.363423490088020718e-01 1.315685861301515713e-01 1.456426083476969335e-01 1.415644665443089034e-01 1.492622021757858131e-01 1.339214466786727287e-01 1.210116261314256175e-01 1.400037007392023469e-01 1.431431373594059808e-01 1.424198207517224923e-01 1.365476751710784642e-01 1.317150021027875539e-01 1.031294879184578295e-01 1.158238790484557162e-01 1.374047877698317821e-01 1.599243637471586821e-01 1.429609590105908601e-01 1.545211102161423433e-01 1.421439898394584178e-01 1.309110633636979548e-01 1.043541700518910847e-01 1.273650607989557371e-01 1.359722513369466812e-01 1.188239793422964236e-01 1.326053930666927505e-01 1.306079301403482995e-01 1.024694796056902640e-01 1.195403394985314893e-01 1.335018339015434097e-01 1.240697103391499023e-01 1.344574589859335312e-01 1.445640038487576162e-01 8.955311772915017232e-02 1.090460547005870778e-01 1.244397447430549836e-01 1.143963220909018225e-01 1.158520205199524145e-01 1.182108817286271485e-01 1.222834211576331459e-01 1.201175596730551937e-01 1.156116840724708134e-01 1.351364988233095255e-01 1.368731073481594118e-01 1.389067304480130216e-01 1.375549338365856800e-01 1.330366387982165333e-01 1.326553571597655912e-01 1.444116272479100682e-01 1.406915440843356790e-01 1.317517309527999059e-01 1.398471746218990508e-01 1.367921242775922142e-01
9.378688594090063557e-02 5.870989542200265310e-02 1.000000000000000000e+00 2.735348924346153732e-01 1.483141651659113658e-01 1.461717744896916804e-01 2.577801742580744238e-01 2.630878596681512360e-01 2.987845342833180262e-01 2.627512509878204283e-01 2.845921579503243870e-01 3.024247591574834582e-01 2.698247700490168377e-01 2.356149158327979498e-01 3.010404955917673764e-01 3.065898998114400253e-01 3.157776098295740352e-01 2.654083999436369079e-01 2.735172703778480652e-01 2.649486195548720890e-01 2.868942670691532193e-01 3.004601931579569674e-01 3.056998954812411573e-01 2.502652990803095889e-01 2.782163715079462585e-01 3.131621930476432558e-01 3.065764069894807431e-01 2.828274825057305319e-01 3.082761598341074993e-01 3.146943962185774768e-01 3.227513956108200022e-01 3.222442608289416421e-01 3.083952068542009650e-01 3.166989042381364583e-01 3.143017141161226768e-01 3.287295474232300174e-01 3.219484712143039773e-01 3.169913849283679808e-01 3.171648546752281472e-01 3.111589796822329390e-01 3.079884863212241086e-01 3.048664917338680946e-01 3.057176225916788948e-01 3.190089728717070416e-01 3.149874369753069558e-01 3.101543345605864421e-01 3.019748195363322063e-01 3.073730306255293976e-01 3.115910860887807776e-01 3.177970636554941497e-01 3.151587820208234247e-01 2.872775427974774143e-01 3.039007295063335667e-01 3.094165526548000034e-01 3.123926942062923429e-01 3.165854390117361916e-01 3.185179313075940377e-01 3.056204348341917676e-01 3.105017690041345646e-01 3.081702346822565164e-01 3.094594420653475897e-01 3.085014638633030160e-01 3.030311913354552522e-01 3.081081519693084081e-01 3.100605605073973314e-01 3.107681686375282637e-01 3.104086169534259754e-01 3.035577218326130366e-01 3.151319667197764463e-01 3.157892752034599515e-01 3.011397076801289874e-01 3.072736446030767676e-01 2.991875510469703681e-01 2.923824141384278041e-01 3.164291586977057147e-01 3.100981311401135865e-01 3.043898662140707700e-01 3.178184792124603697e-01 3.106907399498505806e-01 3.108232325975255894e-01 3.137992521559391790e-01 3.100589180382467558e-01 3.205814089439432690e-01 3.122711523261321731e-01 3.144012727864572421e-01 3.117705448616113206e-01 3.158600680397522509e-01 3.100786275509263556e-01 3.108232621665288353e-01 3.145842011632420387e-01 3.093538414019941230e-01 3.078104834436996562e-01 3.121964454588336824e-01 3.092002746197114460e-01 3.046147419078171770e-01 3.049147454220773046e-01 3.046589913863545496e-01 3.128794694424358869e-01 3.059490394089149912e-01 3.095995469219716134e-01 3.097564207247902046e-01 3.078979277817130433e-01 3.034285023762891553e-01 3.056854560540883670e-01 3.095701363483535640e-01 3.097500330660743484e-01 3.096982464969339488e-01 3.044517483867349994e-01 3.102101621617614491e-01 3.055294718588977276e-01 3.089687684598975692e-01 3.048709026257693244e-01 3.046952746745884566e-01 3.115997887982700498e-01 3.104139686726348768e-01 3.063645432283090275e-01
3.681068149942936119e-03 4.556132446935200891e-02 2.735348924346153732e-01 1.000000000000000000e+00 2.589635343417022728e-01 2.851953202089608230e-01 4.544764555754557955e-01 4.469204534372899773e-01 4.468183595775377381e-01 3.851777004436809926e-01 4.831217599429706300e-01 5.150591707004691377e-01 4.429070895864247737e-01 3.837092050266489029e-01 5.268928752097843393e-01 5.070389526872940422e-01 4.604798451540210169e-01 4.332377988498793964e-01 4.232847586526474193e-01 4.446887970441443794e-01 4.858392027834360083e-01 4.860785902427390281e-01 4.758718594085992182e-01 3.866322809198029509e-01 4.283495401361638311e-01 5.015305634714896099e-01 4.903248323540806974e-01 5.056891195280931450e-01 4.980596341447954822e-01 4.949646791610440300e-01 5.052764918050983711e-01 5.090860703944736221e-01 4.996941132786364426e-01 4.893443791350166605e-01 4.945971458186996239e-01 5.213689679645875374e-01 5.046774720502468226e-01 5.252576357215075209e-01 5.147669304409809854e-01 5.284449172417130525e-01 5.181549076194107428e-01 5.311928536272475521e-01 5.402355008265092851e-01 5.356400990118806993e-01 5.181724909172104043e-01 5.236036110855930570e-01 5.109915302312247887e-01 5.045149032779830955e-01 5.162928599198808310e-01 5.385862470718233430e-01 5.353511616189150502e-01 5.134945369409705807e-01 5.146160035415850986e-01 4.925330114648753810e-01 5.101187971039221614e-01 5.169776929521900932e-01 5.192096649698654254e-01 5.149139147678002404e-01 5.074295999852914685e-01 5.021192299167385187e-01 5.270427054650353993e-01 5.095136375015429930e-01 5.222175751912185859e-01 5.202209413629552692e-01 5.056634038743551551e-01 5.161759046145590890e-01 5.051422455601617401e-01 4.992636537572435196e-01 5.098171035803057416e-01 5.244687301648417455e-01 5.079470828865320087e-01 5.019313771497799781e-01 4.930237617838596487e-01 4.904446679841727996e-01 5.134073590685086508e-01 5.115864032946344508e-01 5.130429824113653670e-01 5.230334785969101841e-01 5.102873142577415422e-01 5.054865733919725601e-01 5.100988823359547952e-01 5.035745164565011978e-01 5.175120169422957606e-01 5.122265188467446384e-01 5.249852413854270150e-01 5.115519751234723911e-01 5.140022860122164250e-01 5.187988953076898557e-01 5.165406393510998395e-01 5.227267006807180261e-01 5.232621465264567506e-01 5.217793221341646692e-01 5.164696175422178737e-01 5.178974601576135095e-01 5.099816871587122824e-01 5.070791550023057148e-01 5.362746518575656207e-01 5.313892984304489087e-01 5.243424633884425923e-01 5.243279960152279484e-01 5.265232668125670035e-01 5.273761933284497605e-01 5.172900307960572874e-01 5.188982156348810326e-01 5.225489466825319340e-01 5.276697104196120813e-01 5.152664873395776945e-01 5.073725340610062418e-01 5.151877750025216640e-01 5.183630572286913596e-01 5.182013312073393552e-01 5.065239869780442383e-01 5.131040773813787537e-01 5.192417789978227560e-01 5.075041083361829797e-01 5.115891933091402111e-01
3.092122573813530645e-02 3.635526098654970339e-02 1.483141651659113658e-01 2.589635343417022728e-01 1.000000000000000000e+00 2.356960832763064506e-01 3.590240930450298573e-01 3.849798609945123684e-01 3.680311142712499040e-01 3.214059011455646098e-01 3.609071924302434953e-01 3.940122501034549196e-01 3.504774728746405388e-01 3.032477684959521413e-01 4.143928789665514145e-01 4.146385500345286523e-01 3.835981007688605282e-01 3.288021554530545787e-01 3.245560922748976784e-01 3.543357330278768536e-01 3.814944548853230755e-01 3.792052138578282383e-01 3.553032675086571501e-01 2.882764353810211011e-01 3.307136882623081253e-01 4.037320278612403501e-01 3.827772433424238008e-01 3.877177328923712696e-01 3.693354342214363872e-01 3.675600075243131148e-01 3.967817728109616637e-01 4.103412735286528501e-01 3.784795241531445087e-01 3.678085752695398059e-01 3.848199493543840721e-01 4.034616403024942066e-01 3.929584335868773759e-01 4.110999280639939801e-01 4.088495150010483803e-01 4.030437573881106572e-01 4.170951591700420291e-01 4.221260985375911434e-01 4.309707332468495911e-01 4.207394007101710742e-01 3.962075695632734096e-01 4.168577537996470683e-01 4.100738322029355287e-01 4.088583745046655560e-01 4.233370455898791129e-01 4.210023594070937403e-01 4.229224350257010934e-01 3.994677412623925949e-01 3.945603866761779877e-01 4.062844546131907375e-01 4.087612510039115854e-01 3.992356004309207118e-01 4.111717501640346217e-01 4.168597440227438389e-01 4.001145456224304842e-01 4.143156444874021016e-01 4.248969846016937280e-01 4.033823682386842302e-01 4.098356776329862283e-01 4.224536278237177589e-01 4.162803019931303194e-01 4.099275492289036760e-01 4.105464544837514329e-01 4.016033596412783013e-01 4.077289682985601460e-01 4.219656902551857658e-01 4.073860927461929737e-01 4.010217372960964144e-01 3.884163624107801471e-01 3.897111872280215605e-01 4.130763796226513684e-01 4.102814888287480422e-01 4.127720924127383229e-01 3.990238967730922459e-01 3.975373205440892455e-01 3.954672566984757665e-01 4.002743063011822144e-01 4.066271373956891755e-01 4.075392125916393327e-01 3.988850876820851377e-01 4.186172327910239188e-01 4.044457618597944726e-01 4.115801076811713699e-01 4.085553032461163303e-01 4.086172024026679117e-01 4.040031051801690753e-01 4.089302555116629545e-01 4.173029927417645224e-01 4.136416777482258000e-01 4.153158113108443295e-01 4.126260869211606508e-01 4.106202541853432031e-01 4.239278390586851408e-01 4.306361191765480378e-01 4.234741961968625512e-01 4.235004169287028275e-01 4.228137787215971444e-01 4.191029839780549549e-01 4.230516450721310551e-01 4.242691004723401216e-01 4.209441790862266108e-01 4.022437599145109455e-01 4.156163597292327205e-01 4.084551323980604720e-01 4.087350156666830769e-01 4.158033422195305806e-01 4.040906041157314998e-01 4.116129532818461612e-01 4.036243676603766817e-01 4.235720287898778746e-01 4.123880127169309850e-01 4.092592694717780422e-01
-1.269062580241279992e-03 5.407361847524830983e-02 1.461717744896916804e-01 2.851953202089608230e-01 2.356960832763064506e-01 1.000000000000000000e+00 4.365806106069218262e-01 3.990425386043562339e-01 4.073351371774953100e-01 3.923262671170354987e-01 4.301054324068027124e-01 4.702351170938381952e-01 4.394834520051030813e-01 3.546197615129880742e-01 5.071668602244124857e-01 4.783391665706444029e-01 4.495993664636849241e-01 4.117136350753165530e-01 4.321395982500517152e-01 3.630131508469527368e-01 4.367773893920107731e-01 4.656935053019826132e-01 4.370956744927904092e-01 3.839569051805352129e-01 4.151903912536593078e-01 4.854590477220822042e-01 4.749431770932077690e-01 4.748344229463073995e-01 4.771792788232984694e-01 4.745750477185850524e-01 4.944535893108629176e-01 4.860547098225557194e-01 4.637219085942798635e-01 4.643593173794906548e-01 4.697396071286886743e-01 4.759339610540194165e-01 4.745250300652470998e-01 4.974057798122284435e-01 5.033953832834494602e-01 4.932620319024266231e-01 5.050344865582596654e-01 5.045686850322483874e-01 4.972204005322288234e-01 5.090270566350175718e-01 5.036244917112789876e-01 5.132923744598678617e-01 5.120654049046541312e-01 5.054787067450430271e-01 4.971475686041954001e-01 4.929014635317737203e-01 4.999473743751244870e-01 4.937523269345386878e-01 4.943936536253331071e-01 4.984086323961498532e-01 5.019311992779084131e-01 5.037725639969538038e-01 4.935425404541605165e-01 5.114911989056132313e-01 4.947934950628045669e-01 5.094253774142212254e-01 5.166265636876767875e-01 5.056377792488968570e-01 4.998797604009427298e-01 5.054899092987239495e-01 5.023691365767720685e-01 5.026786053115850361e-01 5.101546569651688179e-01 5.069095087322472715e-01 5.051586587454047761e-01 5.128506248917941157e-01 5.102599404044791953e-01 5.102415908044214410e-01 4.969118793918194110e-01 4.963296318390095219e-01 5.173273617960152393e-01 5.128230088129215325e-01 5.127708383009389470e-01 5.146392964301623740e-01 5.145514773206723014e-01 5.085671058245575527e-01 5.106239594351056343e-01 5.102912444333358444e-01 5.130756920644059527e-01 5.058005570130821305e-01 5.084949201735110558e-01 5.055903489374095061e-01 5.128177999383892738e-01 5.118297142069342387e-01 5.141382275936584589e-01 5.148480211657033845e-01 5.132577888647796849e-01 5.158817262442642049e-01 5.172192358570680826e-01 5.144604291884418146e-01 5.110883944356928721e-01 5.126465363581718115e-01 5.097231357933681428e-01 5.003645619060569372e-01 5.115331438990082802e-01 5.116005102212322075e-01 5.147883366738281730e-01 5.080933816674901848e-01 5.099673565266480413e-01 5.176438982773376996e-01 5.171322152305098951e-01 5.039831774340771675e-01 5.069461943826742978e-01 5.135689315147620171e-01 5.149923522066187642e-01 5.127340776307128811e-01 5.112866894022251030e-01 5.135984231929571209e-01 5.121858045547300620e-01 5.108643354129984715e-01 5.126681583058252389e-01 5.101383384113130637e-01
4.903803959526401024e-03 4.361388254782060103e-02 2.577801742580744238e-01 4.544764555754557955e-01 3.590240930450298573e-01 4.365806106069218262e-01 1.000000000000000000e+00 6.350441296589036666e-01 6.055146626579337443e-01 5.818147361132945949e-01 6.634284282690005030e-01 7.077680429115782434e-01 6.328728325804482413e-01 5.500281500308411564e-01 7.798856602587272979e-01 7.151744983586567628e-01 6.526850776611442528e-01 6.286430092702487427e-01 6.502464348378530490e-01 5.304350762052789658e-01 6.745949498825596358e-01 7.066694039288182738e-01 6.813613938677069992e-01 5.915852630415255886e-01 6.371773702083883828e-01 7.128796661749292607e-01 7.063303604700962302e-01 7.464776268785652258e-01 7.204039614047212936e-01 7.232820696479880240e-01 7.280232550507579337e-01 7.357365560737020305e-01 7.152619672887969848e-01 7.027139960078251368e-01 7.179698287674965984e-01 7.061675181405516755e-01 7.235224485197460087e-01 7.542122116521975395e-01 7.480664552270595014e-01 7.513103082831567026e-01 7.452146507047291424e-01 7.621909940508789782e-01 7.600423659611106331e-01 7.656088313625191155e-01 7.510293267629396530e-01 7.686316189505789653e-01 7.405796606480660182e-01 7.388607726514032636e-01 7.393305940613784655e-01 7.416785896194038052e-01 7.565401732439829274e-01 6.972035716257485305e-01 7.173893509979312189e-01 7.268085746022261429e-01 7.246004966302231898e-01 7.415919807184047086e-01 7.164850315219828403e-01 7.415523474095487844e-01 7.326441808529082778e-01 7.360123586294918807e-01 7.523993580062061648e-01 7.319100841285994807e-01 7.336571754505054610e-01 7.353760947955918503e-01 7.218453886481338566e-01 7.199024197348293796e-01 7.379797806300454344e-01 7.385065209065209135e-01 7.433749543204973831e-01 7.416372443478541632e-01 7.491184523048565191e-01 7.421162035832588044e-01 7.290729251473602179e-01 7.299194742954621118e-01 7.448512124336092999e-01 7.480200840901694015e-01 7.654386522473723975e-01 7.583382160849860831e-01 7.534373800794581522e-01 7.368504046579441580e-01 7.464909287235246271e-01 7.402537622857626731e-01 7.444253241202249960e-01 7.475684196312979424e-01 7.496925944520834717e-01 7.423873849135101954e-01 7.482357095712546258e-01 7.566214956412637971e-01 7.547294610937281822e-01 7.467358605988235754e-01 7.629400266426348276e-01 7.605735086237088716e-01 7.539747864873976857e-01 7.620912338552218168e-01 7.439056698215035235e-01 7.424114849394212179e-01 7.460272795642398647e-01 7.370873980405359127e-01 7.480318134687377052e-01 7.527153002096057532e-01 7.542245827632959587e-01 7.430144892152614755e-01 7.410597362002474542e-01 7.527671339824483221e-01 7.419359487036942813e-01 7.300785494447689095e-01 7.423808584185964676e-01 7.404045265638239393e-01 7.432071994742961429e-01 7.444360777007398289e-01 7.466281405691801432e-01 7.417096048997307012e-01 7.400540745728808600e-01 7.423279825060866699e-01 7.380026498900504883e-01 7.332468794574455995e-01
2.827357059062848496e-02 7.782349587114201217e-02 2.630878596681512360e-01 4.469204534372899773e-01 3.849798609945123684e-01 3.990425386043562339e-01 6.350441296589036666e-01 1.000000000000000000e+00 6.279659256580996107e-01 5.674190550363996666e-01 6.466330343191190044e-01 7.034415482453305613e-01 6.285661696889945915e-01 5.639524135360993728e-01 7.264301152518346516e-01 7.338454947355586011e-01 6.635506499997416707e-01 6.173762893696433940e-01 6.282680960440564233e-01 5.544184417639055340e-01 6.594516064753905837e-01 6.984679468730577989e-01 6.774727825954136584e-01 5.664753113635841997e-01 6.272057069142130681e-01 7.101294713458448093e-01 7.013648081177153992e-01 7.047956861115670657e-01 6.692270776063531379e-01 7.043257574425251244e-01 7.117973887777626629e-01 7.352162105149593341e-01 7.033565961563564839e-01 6.956672594505475260e-01 7.104205228714072229e-01 7.199946199160486282e-01 7.114993985652642294e-01 7.440340192122418816e-01 7.388801859586815457e-01 7.346056863514069946e-01 7.382436352618588771e-01 7.485449528998152635e-01 7.480731523312400544e-01 7.515692459786885715e-01 7.314703454094867441e-01 7.436769754989135395e-01 7.285684614622079946e-01 7.269297106114208651e-01 7.366527437193832739e-01 7.474040585579088125e-01 7.513381514716692688e-01 6.978611164600339034e-01 7.114064198087849400e-01 7.192057424550825084e-01 7.257852152555942515e-01 7.335575049561550154e-01 7.283397618302114296e-01 7.452643341483358164e-01 7.213952903817216766e-01 7.261879600958088821e-01 7.448620471882086980e-01 7.232024618989703058e-01 7.322884020490383339e-01 7.363887437439398109e-01 7.277792970939676032e-01 7.243066400338113997e-01 7.311829143295611733e-01 7.243425044215293651e-01 7.314298652855070193e-01 7.373386992596958622e-01 7.342383366781307652e-01 7.292344924121384464e-01 7.110349671283254791e-01 7.103510060420341610e-01 7.330313970336290730e-01 7.313481375970093401e-01 7.349502001351344571e-01 7.239381432967983976e-01 7.251349013962415935e-01 7.199586099480154155e-01 7.245078065028801584e-01 7.254578720280921988e-01 7.394013616695870317e-01 7.322084543563922576e-01 7.482595996185242848e-01 7.296682223281139024e-01 7.359263245996626734e-01 7.454807204601041626e-01 7.403441594655484348e-01 7.408596107119487240e-01 7.421632094873895635e-01 7.437756738657901323e-01 7.399203842304633572e-01 7.425198876707593820e-01 7.318041381402611290e-01 7.317526274447218038e-01 7.491492393348048173e-01 7.488148530892414501e-01 7.442294782930964914e-01 7.480475219024931288e-01 7.483635761647494666e-01 7.448450294166221175e-01 7.391557913335256025e-01 7.468660093769743380e-01 7.423188122924705423e-01 7.327627789857510399e-01 7.373603323946021915e-01 7.311724902318493813e-01 7.350402173775459902e-01 7.411247712589594805e-01 7.389422563580180237e-01 7.323061020414902700e-01 7.330911922298448680e-01 7.437679848679866756e-01 7.322287001085445723e-01 7.306159913498099234e-01
1.645638726692651155e-01 1.766794203505100691e-01 2.987845342833180262e-01 4.468183595775377381e-01 3.680311142712499040e-01 4.073351371774953100e-01 6.055146626579337443e-01 6.279659256580996107e-01 1.000000000000000000e+00 7.143788351965311145e-01 6.990072061765889577e-01 7.654509788513154112e-01 7.028287010241875965e-01 5.984866012559821868e-01 7.663857944504736119e-01 7.687529647856250481e-01 8.072968477704123291e-01 7.155273379433453318e-01 7.082299921222827699e-01 6.289721756664021779e-01 7.418809259918982546e-01 7.748648050307371804e-01 7.538674040789224984e-01 6.563431451662369298e-01 7.117743411630584882e-01 7.915759699294961926e-01 7.843481616835223935e-01 7.306491142988658094e-01 7.310906886501919999e-01 8.034922385202218909e-01 8.275333873346150115e-01 8.141212906454897702e-01 7.174397055879262464e-01 7.587948145536644873e-01 7.710572491488596469e-01 7.861312641500263210e-01 7.971207083672252613e-01 7.836985434490014724e-01 7.993326076196535235e-01 7.677353744703013794e-01 8.080969189504454420e-01 7.893722118886570271e-01 7.825844639803424263e-01 8.168703075624520471e-01 8.086685513678303350e-01 8.026420522558850301e-01 8.212351375543118781e-01 8.368291722392419141e-01 8.310050320191623152e-01 7.870394335549374398e-01 8.052344848406932654e-01 7.636026899981800398e-01 8.188493364279312292e-01 8.401615211589740229e-01 8.307217133695202760e-01 8.192932556054257631e-01 8.374550790366480646e-01 8.183958266555049210e-01 8.163502600236478557e-01 8.414299925885176945e-01 8.250686636074696656e-01 8.309028676304072158e-01 8.183542082149919406e-01 8.313094278633129663e-01 8.431717771160373021e-01 8.403714357255905876e-01 8.330801201597435313e-01 8.192852474317893208e-01 8.310985242947266372e-01 8.265057324644690118e-01 8.172486884046642475e-01 8.240486794712497121e-01 8.086018791320089827e-01 8.082442555973615717e-01 8.273221682879270400e-01 8.226920365568437532e-01 8.072882621931938285e-01 8.091961064841151074e-01 8.179495517782674474e-01 8.295050653865916335e-01 8.236347522468557836e-01 8.299830125381584267e-01 8.380874033356089381e-01 8.159058538621907219e-01 8.078068543264209644e-01 8.171341018971040038e-01 8.218706174219033711e-01 8.154619698349439005e-01 8.206660866870761906e-01 8.199548152100298859e-01 8.050203604137897706e-01 8.194593410295697433e-01 8.243487911578007976e-01 8.212673648406718652e-01 8.260841205797010423e-01 8.309778356380574937e-01 8.038461270939327719e-01 8.292721869878335594e-01 8.257057211015871312e-01 8.230456183399942338e-01 8.144629898590529660e-01 8.240282469680744182e-01 8.264049353649661755e-01 8.240831689505128121e-01 8.291328239910502607e-01 8.306351407779022367e-01 8.341263318448688402e-01 8.308716290247341041e-01 8.273912609343530011e-01 8.279785519508637837e-01 8.209160316225877496e-01 8.343559920107300742e-01 8.263155981114078674e-01 8.337001703587465506e-01 8.357910583101312296e-01 8.369142227206064488e-01
6.598480416513813340e-02 1.862099701295181764e-01 2.627512509878204283e-01 3.851777004436809926e-01 3.214059011455646098e-01 3.923262671170354987e-01 5.818147361132945949e-01 5.674190550363996666e-01 7.143788351965311145e-01 1.000000000000000000e+00 6.665183221243126122e-01 7.086323200925138677e-01 6.392699398945255185e-01 5.522455174164986325e-01 7.228841934070387998e-01 7.262819167797097686e-01 7.109396901814841740e-01 6.798828713825680881e-01 6.802052743891325859e-01 5.842623807566926786e-01 6.773193601319819068e-01 7.334764500947726917e-01 7.268625194183494509e-01 6.531377687147549294e-01 6.945804156163482013e-01 7.528750849976205695e-01 7.433716073897880250e-01 6.975820242013208716e-01 6.855469040993154017e-01 7.644374932143711554e-01 7.897540594466656572e-01 7.717085870584596830e-01 6.971555551023218555e-01 7.236528896979164127e-01 7.316184449663143408e-01 7.201883811538628555e-01 7.477736303140157803e-01 7.510313422449883536e-01 7.611223414433569978e-01 7.385528009821725748e-01 7.671737898714061643e-01 7.575244621069260331e-01 7.331259408338826056e-01 7.692927877107543777e-01 7.668878139200832056e-01 7.700254942718637308e-01 7.810385342570502765e-01 7.969981342497133303e-01 7.795449498687493373e-01 7.309201143577690463e-01 7.593778079362889510e-01 6.850280911484205593e-01 7.570014062024520429e-01 7.975712411578790295e-01 7.829689734141404012e-01 7.842527338462390585e-01 7.684964632225380621e-01 7.758383729662009509e-01 7.770328529726336919e-01 7.928820358863931661e-01 7.767215529579170052e-01 7.895831743423257221e-01 7.702823439010991757e-01 7.788886985473353342e-01 7.734767599024965357e-01 7.776470568676581152e-01 7.912828905514472932e-01 7.878991671068786840e-01 7.938905970179774840e-01 7.847594941146304182e-01 7.790015582595447574e-01 7.874638228216495062e-01 7.813403974353934078e-01 7.843619946706263946e-01 7.886655113143179463e-01 7.831517546611058700e-01 7.741332054825914577e-01 7.662723643373102744e-01 7.884309189508795779e-01 7.958897051322355587e-01 7.905262503863751400e-01 7.947369848756944410e-01 7.890812505767863527e-01 7.817374702634805050e-01 7.673001827326489943e-01 7.773628416444987588e-01 7.856663998263984094e-01 7.826441936582525516e-01 7.868091387897311328e-01 7.860390478640105760e-01 7.734412713140791373e-01 7.857524711286143493e-01 7.871748959304332161e-01 7.870770201212025086e-01 7.886925176943596627e-01 7.916560254534990015e-01 7.539713315452019060e-01 7.594372930430517421e-01 7.785756368693329543e-01 7.778572361784797939e-01 7.722240101212852759e-01 7.710130457158751449e-01 7.757603982066049175e-01 7.811626351504170618e-01 7.726734032221167503e-01 7.758468680435091080e-01 7.860686676478956247e-01 7.921100039547389615e-01 7.886764597892425011e-01 7.867304095386400409e-01 7.848997235135760642e-01 7.923792326927562302e-01 7.863011248206784876e-01 7.828495107596596947e-01 7.843223249261908059e-01 7.844943101271599772e-01
1.499175629613888443e-02 1.059629259355439751e-01 2.845921579503243870e-01 4.831217599429706300e-01 3.609071924302434953e-01 4.301054324068027124e-01 6.634284282690005030e-01 6.466330343191190044e-01 6.990072061765889577e-01 6.665183221243126122e-01 1.000000000000000000e+00 7.893552239723862218e-01 6.914396743594534156e-01 5.811140066387218139e-01 7.915401730702099625e-01 7.779966522795670469e-01 7.304264713939063736e-01 7.071042247125669533e-01 7.135202787730376972e-01 6.029420144408726978e-01 7.333249551338738570e-01 7.691369616777101736e-01 7.500096085999256035e-01 6.667049074205151360e-01 7.070671275044835280e-01 7.904654969884574722e-01 7.863006375391533576e-01 7.750895602444958232e-01 7.475028218276958958e-01 7.996432825506424313e-01 8.193422328151581668e-01 8.223143359135425268e-01 7.757056706781874089e-01 7.872883360409818065e-01 7.995648139956020861e-01 7.882458755067313083e-01 8.082820464533746474e-01 8.200815370713989694e-01 8.238488339355154455e-01 8.064927889047595055e-01 8.243188551864946145e-01 8.206352365102878021e-01 8.115753030449156524e-01 8.286357812131823763e-01 8.201450072176957873e-01 8.268253657524770039e-01 8.208005842570459398e-01 8.281870065939969106e-01 8.271067437021871749e-01 8.149393088959097087e-01 8.294339523283325022e-01 7.646660193403181927e-01 8.020535093948776284e-01 8.167691425393025506e-01 8.199395978990519085e-01 8.204061742972663662e-01 8.116979730893989498e-01 8.220943009833621140e-01 8.178385081091029685e-01 8.196827980199877794e-01 8.308995147254847335e-01 8.213232309184089752e-01 8.220879691186223637e-01 8.193445077615684191e-01 8.119896026360247099e-01 8.130740940737665179e-01 8.256226651417986062e-01 8.228641241805340067e-01 8.284692622228323478e-01 8.244691355716708969e-01 8.249164276179342670e-01 8.238697600185498349e-01 8.137645879104756785e-01 8.116605768301887736e-01 8.279981911821254759e-01 8.266165014546260625e-01 8.266959907897514226e-01 8.196063646644401457e-01 8.239011397654897317e-01 8.215841671324027873e-01 8.291234586494471426e-01 8.263949872713732825e-01 8.282386234415702875e-01 8.326669560308993523e-01 8.321489127756670490e-01 8.270853380528210286e-01 8.308936234664527909e-01 8.338790000298047511e-01 8.333216016746478605e-01 8.289423300718654630e-01 8.304688592773986633e-01 8.331674861915010499e-01 8.306475879501720172e-01 8.336125180127610390e-01 8.296160206443566887e-01 8.284448468142603383e-01 8.261198471013040390e-01 8.220297175608670681e-01 8.302150863861981200e-01 8.339769019297689212e-01 8.304725189000355945e-01 8.293993888489299415e-01 8.215916214799471318e-01 8.328758754504497208e-01 8.258195095354086135e-01 8.224314791369450317e-01 8.279698530726113948e-01 8.278456007752036383e-01 8.295416763368008706e-01 8.314576353048007684e-01 8.304236807666396381e-01 8.260956531055757557e-01 8.262078200944718009e-01 8.281666008963458614e-01 8.222977357890828287e-01 8.213442249639443249e-01
1.966516283688002006e-02 1.004933341392037771e-01 3.024247591574834582e-01 5.150591707004691377e-01 3.940122501034549196e-01 4.702351170938381952e-01 7.077680429115782434e-01 7.034415482453305613e-01 7.654509788513154112e-01 7.086323200925138677e-01 7.893552239723862218e-01 1.000000000000000000e+00 7.470481891991159751e-01 6.522588196845873210e-01 8.695679101559399271e-01 8.554069314275112301e-01 7.967090114234820497e-01 7.328708390231154501e-01 7.462274362811224249e-01 6.434670600278663555e-01 7.717856374067495473e-01 8.189824084756304190e-01 7.866100721634451398e-01 6.766311191274809733e-01 7.382553647150257303e-01 8.499718371074844736e-01 8.497573169032175411e-01 8.350777394029162970e-01 8.109934457179939216e-01 8.546999479688728307e-01 8.788598000915974762e-01 8.835409857637129827e-01 8.355626234116909634e-01 8.338614550972270889e-01 8.490678043453511181e-01 8.523844603170156464e-01 8.628918958150926244e-01 8.898249588244074859e-01 8.851518614705068400e-01 8.737273103476207448e-01 8.948317659524593903e-01 8.970265543076750836e-01 8.780361943261467683e-01 9.024266155777150855e-01 8.901533434426645019e-01 8.961234725406214130e-01 9.021162152921943234e-01 9.027156274943524128e-01 9.053495067314634159e-01 8.920726807658605484e-01 9.019755036160448380e-01 8.400311744989473750e-01 8.811030990583154088e-01 8.945343169885768830e-01 8.993936968039720758e-01 8.964662153801061795e-01 8.967665627339050927e-01 9.026402976895545605e-01 9.002831441191163631e-01 8.997060562222108926e-01 9.077887966523059404e-01 9.017470161406528906e-01 9.041188141852183335e-01 9.027489538829230886e-01 8.876698939404059630e-01 8.941544987460049443e-01 9.001199423164013558e-01 8.912125613324045625e-01 8.978309782970119723e-01 8.959273865695183137e-01 8.922411579304390106e-01 8.930065439220759016e-01 8.743970373540337349e-01 8.702119937539609662e-01 9.007551808611634625e-01 9.030282821287930473e-01 8.985364572727407850e-01 8.887425589322284214e-01 8.916352841927036588e-01 8.924038077687906911e-01 8.978492452572501836e-01 8.989383998863661462e-01 9.009954557720619706e-01 8.964533447759345242e-01 8.987339385838187811e-01 8.934695418343505668e-01 9.018457802864873196e-01 9.048601580103808883e-01 9.022328999175620590e-01 9.000115915679621770e-01 9.026948746320077044e-01 9.080397950645329175e-01 9.048360800368089318e-01 9.078815345347656107e-01 9.053522816071101209e-01 9.043875005644559373e-01 8.962567116386797039e-01 8.984186519854184816e-01 9.067969943372846675e-01 9.085247049747144921e-01 9.030729271146844539e-01 9.048031686060380441e-01 8.995160697212263301e-01 9.073839545971457143e-01 9.010401626713744339e-01 8.971846060238672926e-01 9.052055488270329686e-01 9.029054906292115490e-01 9.037594229386557432e-01 9.069359256884345077e-01 9.049719371162682213e-01 9.037803464419595922e-01 9.031271413922088431e-01 9.055286367481075738e-01 8.997624193750791699e-01 8.990972040937198484e-01
5.421518701426497611e-02 1.043670340692204601e-01 2.698247700490168377e-01 4.429070895864247737e-01 3.504774728746405388e-01 4.394834520051030813e-01 6.328728325804482413e-01 6.285661696889945915e-01 7.028287010241875965e-01 6.392699398945255185e-01 6.914396743594534156e-01 7.470481891991159751e-01 1.000000000000000000e+00 5.762946305037991435e-01 7.603683546607573618e-01 7.622138833451080897e-01 7.358805532099819136e-01 6.835565502013249972e-01 6.850989118369124053e-01 5.995504837511371754e-01 7.223243340065406137e-01 7.395646028000761873e-01 7.191097829628042559e-01 6.307330172125030776e-01 6.839557728187986019e-01 7.644458673199088228e-01 7.625095589516429628e-01 7.288299332856336132e-01 7.259126657876833200e-01 7.632545094805599506e-01 7.848864930458023803e-01 7.827206430396094206e-01 7.203620660182358248e-01 7.381757318335356866e-01 7.396740497123320823e-01 7.547915654406176511e-01 7.570924579327885651e-01 7.706617999003656516e-01 7.817208257087661094e-01 7.587128878182480829e-01 7.818776584175657351e-01 7.811781023456711992e-01 7.798759139783201233e-01 7.994257823124968354e-01 7.857149054046952408e-01 7.917579403888679312e-01 7.937415957803480859e-01 7.988833986777490459e-01 7.941595026641298238e-01 7.728487298504348457e-01 7.847600242801003878e-01 7.518116498461299146e-01 7.863385131778778403e-01 7.921965097233846231e-01 7.887258612173075889e-01 7.900256455874025141e-01 7.866280744065266006e-01 7.922256542084535891e-01 7.774861700024917610e-01 8.024777920906569495e-01 8.018566995984892642e-01 7.941948378992185198e-01 7.859542161739033750e-01 7.989139198516489460e-01 7.978571349807085378e-01 7.988079262859920648e-01 7.975867785833451462e-01 7.901304120280548959e-01 7.982811201919862709e-01 7.991701226792866652e-01 7.933351108023226628e-01 7.946483296707008703e-01 7.833616579697246785e-01 7.826910430066854607e-01 8.006291678942489831e-01 7.990923907162132966e-01 7.921008650453553734e-01 7.942384550726803161e-01 7.937313223990889455e-01 7.939340224277924296e-01 7.973709510916050514e-01 7.972757382817211580e-01 8.027711701134150335e-01 7.929680607771627532e-01 7.935739004415974795e-01 7.955410959908474355e-01 7.978729660515951894e-01 7.974600687503972107e-01 7.988071098945365156e-01 7.976613859059974443e-01 7.933814517016226642e-01 8.006675390834722128e-01 7.985826106561728643e-01 8.001941146829461005e-01 7.977953675253695032e-01 7.997230059552802306e-01 7.945822068187057274e-01 8.018162971095030844e-01 8.024763506518619582e-01 8.028296415541926745e-01 8.010341004204093451e-01 7.999113031381673844e-01 8.000576297407843152e-01 8.040983586137377959e-01 8.056688279807650011e-01 7.982527414935863819e-01 8.030261119083905719e-01 8.000038231140862433e-01 8.001556970927750090e-01 7.990190474667039355e-01 7.952516887295507653e-01 8.035230050308830307e-01 7.972810317635441457e-01 8.043605584722701707e-01 7.992799564684474056e-01 8.022469197713677502e-01
