1.000000000000000000e+00 1.377788002267735512e-01 3.738074969545273490e-02 8.519958600289243011e-02 7.484790607716851341e-02 2.716385278782443985e-02 1.956248441323996112e-02 -2.218335720033751124e-02 1.194377511714494050e-01 -1.117644214737017333e-02 1.841961838935287851e-02 3.763300332234759821e-02 1.868440435752527148e-02 5.590102638602933126e-03 1.168796853185172409e-02 7.118901123460659626e-03 4.620149771384381848e-02 7.196476581830515452e-03 -1.284178890239068976e-02 5.372691158388818305e-02 2.171910592544166498e-03 7.502091782707893085e-03 4.210898407383365655e-02 1.223791165782788654e-02 -3.405411577769871558e-03 3.010340295973746097e-02 4.171173272931399945e-02 2.332981217674695226e-02 2.575041759598247632e-02 4.037587540117425905e-02 2.285319521711609916e-02 2.480983420007488310e-02 -9.013940999334999968e-03 -2.054911068774703628e-04 -5.603160108550614069e-03 2.973489384526921322e-03 7.131257570680990532e-03 -1.605760447658617987e-02 -7.745883224157592076e-03 -3.378801393958418258e-03 3.323173450368572743e-03 -1.466240028313975461e-03 -7.699630901452521846e-03 1.629214333368854363e-03 1.269286480437577941e-02 6.584288464149958909e-04 8.100484927870037558e-03 1.044451382633134265e-02 3.265825880752513261e-02 2.902962210108521457e-02 -2.597536039739681279e-03 7.740252867056873765e-02 5.074998597272992185e-02 3.080202251149866122e-02 2.252734372175738478e-02 1.153220801533289507e-02 6.634172466288745795e-02 1.039211039669996062e-02 1.320359608735336733e-02 4.258317242398075575e-02 1.269200880792064126e-02 3.705027887863042435e-02 3.614803904003811158e-02 3.942895855391183313e-02 5.570586993644601609e-02 6.821379949624394035e-02 1.332507184363966764e-02 5.560956765151135739e-03 1.462749508855765677e-02 1.928384460296972761e-02 -3.019927144672314000e-03 8.192091660665456673e-03 1.137155018499126646e-02 -1.343540997196357445e-03 1.063558635606795706e-02 1.033501767095208572e-02 7.605891395449093650e-03 5.728282182404269111e-03 8.217133288639088054e-03 7.502940619072887181e-03 1.781259136351068598e-02 8.404261267631028126e-03 1.489139662306937680e-02 -3.768904429451089820e-04 -2.526890943701677735e-04 1.252423423751649126e-03 -9.053409574611781876e-04 -3.169166188382028029e-03 -9.875861286887378104e-03 8.979068478328867606e-03 -2.596186831622091830e-04 -3.595132982638589002e-03 8.225229760829975978e-03 7.664610788222931672e-04 -2.018957191000152153e-04 9.904290743483826209e-03 9.298810850197297348e-03 4.323757904742279307e-02 7.522561434459951180e-03 -8.236658287131684098e-04 4.997766482302391441e-03 1.614896861665620145e-02 2.821164221342955733e-02 3.972663713246316584e-03 3.337013238637772522e-02 3.907385569742858472e-02 1.151142963805295086e-02 6.610352777594617063e-03 8.037103634621714857e-03 1.256300854385284174e-02 8.002795504473074039e-04 1.950477419547274119e-02 1.832509072121689050e-02 1.403621838677130730e-02 2.850391149023682319e-02 4.187856930241924680e-02
1.377788002267735512e-01 1.000000000000000000e+00 6.469128997072200182e-02 1.078236014536470555e-01 6.755817725994173184e-02 7.944608430721576686e-02 1.125616816376292934e-01 7.382069105458743952e-02 1.675928137365737258e-01 1.522447633073365503e-01 1.300977195797648756e-01 1.340210118492903835e-01 8.900370283538010241e-02 8.480840010975733423e-02 1.328761443134652553e-01 1.313228227567021789e-01 1.542606935141766777e-01 1.503167347603671378e-01 1.121372576771293150e-01 1.508820519022320839e-01 1.220962948909339596e-01 1.267988080314405019e-01 1.491177191851647543e-01 1.374822561776204988e-01 1.316575643150254549e-01 1.417284368868993172e-01 1.384666346534368375e-01 1.474876736688981449e-01 1.399280153597637077e-01 1.611520587807363514e-01 1.552404229520601697e-01 1.423870662232611939e-01 1.139422933176549857e-01 1.108751779412884414e-01 1.202875855111045084e-01 1.074162803340008299e-01 1.325804550951671379e-01 1.094095958521049822e-01 1.201756101764427653e-01 1.331199277728404018e-01 1.404126013201805467e-01 1.314827912001676202e-01 1.177972978089966566e-01 1.227905324190763647e-01 1.496366486980356958e-01 1.362912408373863349e-01 1.387353997558853913e-01 1.408019991980324348e-01 1.434662487925800756e-01 1.152704319091739371e-01 1.147797665840204206e-01 1.433681541121993308e-01 1.417037272572458928e-01 1.563004567406993672e-01 1.533914738862670601e-01 1.478146786334647855e-01 1.535748722639130592e-01 1.413344914158373711e-01 1.450309950421237726e-01 1.483221534008502263e-01 1.278711642083607547e-01 1.495454864763404168e-01 1.380507579078752711e-01 1.349943142165622167e-01 1.486997332762600432e-01 1.565859107682329165e-01 1.340717788578869307e-01 1.376107389831569272e-01 1.361180624765868374e-01 1.343307077246118086e-01 1.308026443508804315e-01 1.407589012163484310e-01 1.356167606390708547e-01 1.347519514062197055e-01 1.366989038305890525e-01 1.396631061317728240e-01 1.409221060861931274e-01 1.347126865265744489e-01 1.440019356717474608e-01 1.392955032567040896e-01 1.403426715143794301e-01 1.406634082430421595e-01 1.403858682269967795e-01 1.347135422877977218e-01 1.239046320334572238e-01 1.261891686208833352e-01 1.329518534289448051e-01 1.326487091812095231e-01 1.271642476686820900e-01 1.463428038258046959e-01 1.371693757759413768e-01 1.336292074267151075e-01 1.413933400418787012e-01 1.387954185339781155e-01 1.353818010559777463e-01 1.412910181014287170e-01 1.251239750339820100e-01 1.392693370419442467e-01 1.311986912355056212e-01 1.306603093234623703e-01 1.324596799481529974e-01 1.306933894318214606e-01 1.385331682792185770e-01 1.285286478091020035e-01 1.399772476316372416e-01 1.465653883138500202e-01 1.368334998762230359e-01 1.409763196945378882e-01 1.403897233700667213e-01 1.407274933182088017e-01 1.402627146105934752e-01 1.414183059615683746e-01 1.440371135304398809e-01 1.319324385898953123e-01 1.436430484178683742e-01 1.503530210263418765e-01
3.738074969545273490e-02 6.469128997072200182e-02 1.000000000000000000e+00 2.595202495556076516e-01 1.336796003978715786e-01 1.595013658657456479e-01 2.478739103869462834e-01 2.069156873557352894e-01 2.366958044439294029e-01 2.199545412643602038e-01 2.764004659363423211e-01 2.604359481781846064e-01 2.436611863419573532e-01 1.985359491835987922e-01 2.736566165085718705e-01 2.547436222622399549e-01 2.642050526256495280e-01 2.434756698119019402e-01 2.699267517256042082e-01 2.169268281400800469e-01 2.486338944642877968e-01 2.776880273921371600e-01 2.660896644395528976e-01 2.649101551114609876e-01 2.681263154596167930e-01 2.799847856463016926e-01 2.707881764597175334e-01 2.679216720675999253e-01 2.603060908946462360e-01 2.771369761471912940e-01 2.767173143611930675e-01 2.874517823344390766e-01 2.827268458188342826e-01 2.941140057062774926e-01 2.803758540963797730e-01 2.820437365305719646e-01 2.795148050910322146e-01 2.662974826422456198e-01 2.822165599168900418e-01 2.778848554220587075e-01 2.750832731476874904e-01 2.697591725338046587e-01 2.659155168025207350e-01 2.715028645048246925e-01 2.738931570708537100e-01 2.764958125326484883e-01 2.781127304677104561e-01 2.798865785309887499e-01 2.788366537382631072e-01 2.840505809853621222e-01 2.748303167695457794e-01 2.908199282665082652e-01 2.880999112820443187e-01 2.784823151161766597e-01 2.804853247865578547e-01 2.836638484136033145e-01 2.846984370281664400e-01 2.790927585108444742e-01 2.732838569954938457e-01 2.736489756604397749e-01 2.797057284190529458e-01 2.783160896172819365e-01 2.731367298601301008e-01 2.741799741717035332e-01 2.810910086475101322e-01 2.761326541636406895e-01 2.873901800943710061e-01 2.822717594225024884e-01 2.861942077220263614e-01 2.867053529263682288e-01 2.835717806059201984e-01 2.863554206458340246e-01 2.803056121218832075e-01 2.835722584589570605e-01 2.759422138840156857e-01 2.742034604571669809e-01 2.813955693597260943e-01 2.774882607534092660e-01 2.812196490538008131e-01 2.753885909205651683e-01 2.780353448532383309e-01 2.861376464088559723e-01 2.897664694250693396e-01 2.836255672297621766e-01 2.869786529994259316e-01 2.882421097105097307e-01 2.854698354332395049e-01 2.897984611445488801e-01 2.855822498370187423e-01 2.887733016773375017e-01 2.882639254049906286e-01 2.824692693347731764e-01 2.814585441100135310e-01 2.813409257810592923e-01 2.805679757983674527e-01 2.802636820648740090e-01 2.900255696342681211e-01 2.844379911632777813e-01 2.856831952229743066e-01 2.858903120109312357e-01 2.852690499761469378e-01 2.873302304914310268e-01 2.834704276755871666e-01 2.801727050238180805e-01 2.875733707680915852e-01 2.859290699689051585e-01 2.852315500115352176e-01 2.822549647560782526e-01 2.821074420916608871e-01 2.803980536060182160e-01 2.805183499303958161e-01 2.799728166071158153e-01 2.821297240946704088e-01 2.853733217152985557e-01 2.826818808088060742e-01 2.818323359148195983e-01
8.519958600289243011e-02 1.078236014536470555e-01 2.595202495556076516e-01 1.000000000000000000e+00 2.705666908079400468e-01 2.986923470538692671e-01 4.465214837589179253e-01 3.982662798689411421e-01 4.642108688828460172e-01 3.967687713767206747e-01 4.605487688951525049e-01 5.085294032651760388e-01 4.225055341127185171e-01 3.354365461258433934e-01 4.980321840937692035e-01 4.907722909946928280e-01 4.747531349656552990e-01 4.306539299709485902e-01 4.667292342694902563e-01 4.221609657613253352e-01 4.356008742271427203e-01 5.008199797518546603e-01 4.860948034861600764e-01 4.577255906083753101e-01 4.922784449406528151e-01 5.216235974662817299e-01 5.086470847201464140e-01 5.109204830479474602e-01 5.034664496466605410e-01 5.294800189879769192e-01 5.211038475460624264e-01 5.233504946422146142e-01 4.835258233189407839e-01 5.129044032394630692e-01 5.123183079492206193e-01 5.124656625261000409e-01 5.108190669213127366e-01 5.073213929993726223e-01 5.272034691416314089e-01 5.088712346345780624e-01 5.124879250797004238e-01 5.171752136222633744e-01 5.082337475218866585e-01 5.297852428777010125e-01 5.182597436628049170e-01 5.193695035575676133e-01 5.252795575892352797e-01 5.197625564611786375e-01 5.256523546256700596e-01 5.252592411626899604e-01 5.252099076278192724e-01 5.336126629963674484e-01 5.302142988304515692e-01 5.240718051239694475e-01 5.152491193407042758e-01 5.246575873067439444e-01 5.262056147496193548e-01 5.201761080883640087e-01 5.167786939128892199e-01 5.287699918917143638e-01 5.299157527584476002e-01 5.265268872041150017e-01 5.232310377612673369e-01 5.281443253714717123e-01 5.335822014256531576e-01 5.332524612156114285e-01 5.207064899113154066e-01 5.203456680487549280e-01 5.279101522279346925e-01 5.254172613019169047e-01 5.193590041275426561e-01 5.238015001057029219e-01 5.182192697778904567e-01 5.213685113200553500e-01 5.282870287640200058e-01 5.271673301458793537e-01 5.265552988685695546e-01 5.230215342902699849e-01 5.270834243254979290e-01 5.285686927459015694e-01 5.235671293535760773e-01 5.343909719812129921e-01 5.263355623329951660e-01 5.249119173518532744e-01 5.250708851997523130e-01 5.273466524093686214e-01 5.240308026299083100e-01 5.255273923818351012e-01 5.239341882829123831e-01 5.226496404091053316e-01 5.233084902719659093e-01 5.231204946600702677e-01 5.278304037291774442e-01 5.256130536870500247e-01 5.236380104417333037e-01 5.217660920020086301e-01 5.201761718062750672e-01 5.294112428469829323e-01 5.270907960244525237e-01 5.256397654227491500e-01 5.256521589290894525e-01 5.280686403127878847e-01 5.297021745486166777e-01 5.280483936196155303e-01 5.331670924451537008e-01 5.199719109054644628e-01 5.249946681396352455e-01 5.230626944253363719e-01 5.216180083233160625e-01 5.242489544211241803e-01 5.210316411366706646e-01 5.265584931895723741e-01 5.241439086790294910e-01 5.293654653776249663e-01 5.284613039476335761e-01 5.286679329049790432e-01
7.484790607716851341e-02 6.755817725994173184e-02 1.336796003978715786e-01 2.705666908079400468e-01 1.000000000000000000e+00 2.335321186419090089e-01 4.051402581545310855e-01 3.794047396571921804e-01 3.715512818036489917e-01 3.390496117815802180e-01 3.642633314311381487e-01 4.162201673006236669e-01 3.844778878787800669e-01 2.673880936071902914e-01 4.215551527191154779e-01 4.251375500924919892e-01 3.753550437914165427e-01 3.535471355552220474e-01 3.839458174983595984e-01 3.349330317133028534e-01 3.563422456785472758e-01 3.922696965643650557e-01 3.852322869237139180e-01 3.702897478946174381e-01 3.951612351792155309e-01 4.319141708831936155e-01 4.217011638003879681e-01 4.152085240891784101e-01 4.172734160084757837e-01 4.275563797027647217e-01 4.239531178290738000e-01 4.237583172812007248e-01 3.920567307874993079e-01 4.109318737208745853e-01 3.994989620882101744e-01 4.202381164480509246e-01 4.158160795960414990e-01 4.031237991596543502e-01 4.277219310237417860e-01 4.119121059946612151e-01 4.245253431170449843e-01 4.272976625963528230e-01 4.270803256531341408e-01 4.378433268234322995e-01 4.393918631662840912e-01 4.254356305101312241e-01 4.323386782129024497e-01 4.255040595318852481e-01 4.368134074954605484e-01 4.304502189241333765e-01 4.325684907129533352e-01 4.463410814562489559e-01 4.452892176247744693e-01 4.280010546945471894e-01 4.276659999211328000e-01 4.314902685258457660e-01 4.468589880420175131e-01 4.278706483778378922e-01 4.257050972432586122e-01 4.434416172662789535e-01 4.428336173127134234e-01 4.343371201988542318e-01 4.380050234601817749e-01 4.435148306264509732e-01 4.346708105069069794e-01 4.396087906935650658e-01 4.232603824168928996e-01 4.260055081163236501e-01 4.305836214468203860e-01 4.309715979045435907e-01 4.262632732476782649e-01 4.320541510416265329e-01 4.226335150199024837e-01 4.235186531558816636e-01 4.338109250028276409e-01 4.270279803422343812e-01 4.279228135425280910e-01 4.260328931620907533e-01 4.298097060032386452e-01 4.278345492467048872e-01 4.272343560794469308e-01 4.295749722929991798e-01 4.341634607409128876e-01 4.263641449640617198e-01 4.292173519862459985e-01 4.340597487348962780e-01 4.312892627670006362e-01 4.303493881486563644e-01 4.293313953321660770e-01 4.313386459700569997e-01 4.303432288750119739e-01 4.302296771138325315e-01 4.320272996527892428e-01 4.332399256453568492e-01 4.286864789200189318e-01 4.264137575652957035e-01 4.355401972868124250e-01 4.428844646828029030e-01 4.382274460653823311e-01 4.317501823671639483e-01 4.367967186013098635e-01 4.388207195331760846e-01 4.401169540932365898e-01 4.366565391878602931e-01 4.427464388569665732e-01 4.360071922507293696e-01 4.343170462394095876e-01 4.321864578248060251e-01 4.317502741027411384e-01 4.332574690406019169e-01 4.291601505349245671e-01 4.331803431678479255e-01 4.313282492316863892e-01 4.383812590415647192e-01 4.332733513390217839e-01 4.377999760214206226e-01
2.716385278782443985e-02 7.944608430721576686e-02 1.595013658657456479e-01 2.986923470538692671e-01 2.335321186419090089e-01 1.000000000000000000e+00 4.507564001841989354e-01 3.635949382682858722e-01 4.118605829736199930e-01 3.776514006048193317e-01 4.245630842783865710e-01 4.756056598309056915e-01 3.982716914193429880e-01 3.346479099961981452e-01 4.899063138061482969e-01 4.725172761842613145e-01 4.335007480648532807e-01 4.180743630682853262e-01 4.578052941514934582e-01 3.876368600667758346e-01 4.104866697252934626e-01 4.649582926080100265e-01 4.498510365617149342e-01 4.445398194987255081e-01 4.681245317944905393e-01 4.760205903148473916e-01 4.793082700903032456e-01 4.712698819580662390e-01 4.874003815144570817e-01 4.890928969679658178e-01 5.012821406883625208e-01 4.923095373310046319e-01 4.502529175890837565e-01 4.792562801199269917e-01 4.685070932845227798e-01 4.733556470085214518e-01 4.949584521325057218e-01 4.795269596225990028e-01 4.905544806964786120e-01 4.650735720487471636e-01 5.018963365325851411e-01 4.924466498338180287e-01 4.852665236184275921e-01 5.012824550684731317e-01 4.948855733700264770e-01 4.953679091636037368e-01 5.061587534450233683e-01 5.061026024580307370e-01 5.012997066120655765e-01 4.834115919292013563e-01 4.894227078828103927e-01 4.814225558284360718e-01 4.973163065300320596e-01 5.028742012204869827e-01 4.991565104178204981e-01 5.000464731480345204e-01 4.958596315932192189e-01 5.029864860871858800e-01 5.004849954957020230e-01 5.046486343132301489e-01 5.055465338131724939e-01 5.052379380004305975e-01 5.030149352393320505e-01 5.003826679103949848e-01 4.956702586029017032e-01 5.005858507015626957e-01 5.063325467935252400e-01 5.087629549178475097e-01 5.077106821123620328e-01 5.031469338557696958e-01 5.072179128432696693e-01 5.046649753846228492e-01 5.038229817220578610e-01 5.044033782739901772e-01 5.057410455115727288e-01 5.060179163861290297e-01 5.086936023188612932e-01 5.041418941584607794e-01 5.062825251260534287e-01 5.083543925313456224e-01 5.040727002466914852e-01 5.096711677987539879e-01 5.036558845044476485e-01 5.027603459502651972e-01 5.030129473998357081e-01 5.068541141458479116e-01 5.072075834352899326e-01 5.035470763955786078e-01 5.092843794124829460e-01 5.005092822337529057e-01 5.003810752394548533e-01 5.095612157750354365e-01 5.085894857831505522e-01 5.089438406366890710e-01 5.086949841609116341e-01 5.092200334420440289e-01 5.069386048795612165e-01 5.064059604908501822e-01 5.085331401271099283e-01 5.025873101040404523e-01 5.063476607645046590e-01 5.082546903146423212e-01 5.038818742728452538e-01 5.117835706632636317e-01 5.080572693272203955e-01 5.055975795400857731e-01 5.099025256194126277e-01 5.087341513832622786e-01 5.086547960081162501e-01 5.113260301876200176e-01 5.042964593507524018e-01 5.081607654300387411e-01 5.079437120021671470e-01 5.097472170521403223e-01 5.065616375775900959e-01 5.076530146307338676e-01
1.956248441323996112e-02 1.125616816376292934e-01 2.478739103869462834e-01 4.465214837589179253e-01 4.051402581545310855e-01 4.507564001841989354e-01 1.000000000000000000e+00 6.166654571244176708e-01 6.328078674634320944e-01 5.881660732728231089e-01 6.542150295389008718e-01 7.217824426415985206e-01 6.439957745996049976e-01 5.392171700791643651e-01 7.627225271174105092e-01 7.289058690199210488e-01 6.660372340745579489e-01 6.678946446049950358e-01 7.130519236481214218e-01 5.981009878888511322e-01 6.564825164392372736e-01 7.283066399937075941e-01 6.945218982373201344e-01 6.942442927879245440e-01 7.384428545788384035e-01 7.471896549385539377e-01 7.306727868494058420e-01 7.445290221138539666e-01 7.376335448923627691e-01 7.521634964418636438e-01 7.632361968838562438e-01 7.607735658394184641e-01 7.089265442115271210e-01 7.500160585201348651e-01 7.351376925800876538e-01 7.213387530658669222e-01 7.535066477966543275e-01 7.604159861214515592e-01 7.674974744413999295e-01 7.331889097013478684e-01 7.596723780880340060e-01 7.629895578990074645e-01 7.470114514014618567e-01 7.746396852075465578e-01 7.701561278485351547e-01 7.644133042075010875e-01 7.793949822136151395e-01 7.693505594934190173e-01 7.699340026192162956e-01 7.602485953673142616e-01 7.668395726018936154e-01 7.455608049611274213e-01 7.625255673543022139e-01 7.603663905762098052e-01 7.614456550010125779e-01 7.677768586755366886e-01 7.516990382979098495e-01 7.716681751942678913e-01 7.641835576767290750e-01 7.694829854737251784e-01 7.786734550164903235e-01 7.638257013250541183e-01 7.569840369203182373e-01 7.645314289414919529e-01 7.531052788603561643e-01 7.551107391502598354e-01 7.744324867299062776e-01 7.758757739701654943e-01 7.773778768977948062e-01 7.748392964672904393e-01 7.806808333131269872e-01 7.797986027359959937e-01 7.718487519001675512e-01 7.796556509157754888e-01 7.775280532017906365e-01 7.718733236818312582e-01 7.779291047063434661e-01 7.703740522288529124e-01 7.772911726279370104e-01 7.772491690927582075e-01 7.718895240211337549e-01 7.780630551882063983e-01 7.694488833994773680e-01 7.776998804532535559e-01 7.782257781243386852e-01 7.787321733209729979e-01 7.733155922950485373e-01 7.790093812370606496e-01 7.805892621409832310e-01 7.665339822522941882e-01 7.708111016548262473e-01 7.797232998704322071e-01 7.763009775581488636e-01 7.790988428536420596e-01 7.775698506802487531e-01 7.750970130679307735e-01 7.670710984867095128e-01 7.692225582887459723e-01 7.804553877631780212e-01 7.799586980699937389e-01 7.740802634680760130e-01 7.742149268329148182e-01 7.756889881521342733e-01 7.806874862226645950e-01 7.733513880820600539e-01 7.574586430739340681e-01 7.790915152367849927e-01 7.742141533573121404e-01 7.759227205871096489e-01 7.750966572375351804e-01 7.737348507358565719e-01 7.734340719288314014e-01 7.685405670881825246e-01 7.764065602223734208e-01 7.704224225155348327e-01 7.694500022575566645e-01
-2.218335720033751124e-02 7.382069105458743952e-02 2.069156873557352894e-01 3.982662798689411421e-01 3.794047396571921804e-01 3.635949382682858722e-01 6.166654571244176708e-01 1.000000000000000000e+00 5.893869050844130486e-01 5.460114845601811151e-01 5.933019049490262375e-01 6.685804180575734001e-01 6.188933939821559260e-01 4.741577247221207547e-01 6.886429098744514254e-01 6.963232331922832863e-01 6.181204129243557110e-01 6.108105444922447003e-01 6.568222007522050987e-01 5.442745265024542256e-01 6.090598082658579271e-01 6.715169377582900223e-01 6.410434574766796789e-01 6.369222753636885059e-01 6.672925732452101855e-01 6.931211280476949899e-01 6.736753347716377682e-01 6.868990531062807436e-01 6.955844601510701164e-01 7.059851529813155890e-01 7.077491185926754191e-01 6.990464955427122540e-01 6.513528958712518913e-01 6.836721604389845997e-01 6.898288020368972262e-01 6.597667672909383052e-01 6.958763150437233813e-01 7.014943162992648418e-01 7.084386951757508655e-01 6.776039689461931248e-01 7.071940158808455168e-01 7.057134455199919332e-01 6.946496581438239559e-01 7.181691145872448612e-01 7.096150211357019622e-01 7.102670727190704136e-01 7.201152139992365031e-01 7.111656585900975047e-01 7.113618524503639851e-01 7.085172150113008271e-01 7.161071329346039294e-01 6.877888082332439534e-01 7.035254970955127085e-01 7.116287929609257379e-01 7.171201504208836175e-01 7.095868087574099814e-01 7.096017286212797925e-01 7.181537481342524787e-01 7.185302615041259111e-01 7.081800216387525992e-01 7.213765020340013878e-01 7.173066896478287324e-01 7.136725247561587215e-01 7.087749291923036710e-01 6.957233636913602304e-01 7.027273132877195350e-01 7.113326547442336834e-01 7.158366700274898520e-01 7.139018533071176398e-01 7.093680575812738587e-01 7.159103441961731651e-01 7.177275152437310179e-01 7.109173800906742891e-01 7.127153832329464755e-01 7.158297308446538443e-01 7.109794847179373711e-01 7.093296289294737100e-01 7.174557618334438391e-01 7.150818007695002310e-01 7.153599105248547030e-01 7.136391349325226230e-01 7.136515671166607788e-01 7.058936008097767001e-01 7.166400835974916506e-01 7.196791406393509005e-01 7.172411713566082536e-01 7.126179081065592280e-01 7.201364260003021434e-01 7.148256554138470165e-01 7.088042597889245844e-01 7.044643921389660557e-01 7.166067477698039312e-01 7.138314540772440209e-01 7.182551100858853843e-01 7.168362029801901292e-01 7.155042719521248484e-01 7.151915411661825539e-01 7.163785346256974496e-01 7.207954659750769322e-01 7.180363718978169940e-01 7.126382198370283527e-01 7.203646266762923078e-01 7.185480544695261873e-01 7.221318687329081332e-01 7.165135340390127450e-01 7.062013194200842392e-01 7.185098881359611722e-01 7.163004736100282432e-01 7.185665077393196265e-01 7.205357230130490231e-01 7.206284722395598363e-01 7.168664467900672799e-01 7.148362471847509170e-01 7.147055004944141698e-01 7.098099289567320058e-01 7.123833152741927410e-01
1.194377511714494050e-01 1.675928137365737258e-01 2.366958044439294029e-01 4.642108688828460172e-01 3.715512818036489917e-01 4.118605829736199930e-01 6.328078674634320944e-01 5.893869050844130486e-01 1.000000000000000000e+00 6.628340331988624712e-01 7.011200545642880533e-01 7.627018580101668777e-01 6.669746914800461779e-01 5.275775158731641490e-01 7.758774747280271500e-01 7.616763532341374043e-01 7.421729555356257890e-01 6.958768493214233519e-01 7.456007692240780305e-01 6.544947258523466926e-01 6.734979513644379079e-01 7.751361125262750118e-01 7.496854114392967894e-01 7.190420542307374152e-01 7.656991034475839619e-01 7.978002176355009079e-01 7.866748260576321705e-01 7.849762527900775444e-01 7.938418864939287278e-01 8.107384001594267753e-01 8.158058354578563431e-01 8.001791347355751149e-01 7.206365372731737828e-01 7.631944523405542746e-01 7.629463207196429675e-01 7.765532838414072048e-01 7.999222492678315088e-01 7.655829242700752379e-01 7.970611207824781497e-01 7.676875436151568977e-01 8.067000732295132037e-01 7.999795348285435592e-01 7.810827393529482521e-01 8.053466115597590624e-01 8.129763519847716946e-01 7.965815887212169821e-01 8.202092987057993945e-01 8.238619295054452341e-01 8.255066231573702229e-01 7.915842899095411056e-01 7.945784808928293419e-01 8.171134226442720028e-01 8.237988555787953970e-01 8.317191693582909329e-01 8.223849584673329494e-01 8.178395465737079428e-01 8.348131574311152825e-01 8.177122818868014509e-01 8.108341724259584549e-01 8.377128449220083706e-01 8.163131911769511140e-01 8.281645100430548023e-01 8.235114474857099243e-01 8.328892795401652283e-01 8.408238251943854769e-01 8.418329946652053364e-01 8.226964998229540083e-01 8.206099660497134796e-01 8.170157220812354071e-01 8.183853839182686496e-01 8.158229445113990286e-01 8.237768861750129901e-01 8.067500407794012673e-01 8.168010088965138582e-01 8.237422839821803011e-01 8.227073816654478788e-01 8.186294900308915823e-01 8.166118313761566716e-01 8.229384652855114002e-01 8.239921053422095687e-01 8.208062539087174203e-01 8.225422805319797526e-01 8.243104866174861822e-01 8.071259068661321701e-01 8.056384498488592394e-01 8.152489834339252672e-01 8.157204082365245856e-01 8.093355726800317562e-01 8.137872655937082866e-01 8.186591953760467000e-01 8.037155448482714570e-01 8.141483639239436298e-01 8.217494592627979655e-01 8.186320130239835846e-01 8.224448908116452905e-01 8.260742936151242999e-01 8.105953573027195880e-01 8.278777019142253835e-01 8.193456293744053598e-01 8.144282515777491183e-01 8.182878058079591232e-01 8.224075394612331280e-01 8.289341433706657325e-01 8.211999912122387446e-01 8.333336051547348688e-01 8.239224693634092933e-01 8.246153473866586481e-01 8.244124672530013243e-01 8.205514236042236176e-01 8.257327083572063575e-01 8.164170025815598031e-01 8.318105241475934886e-01 8.245934446547769081e-01 8.279620722178042680e-01 8.352281529945821958e-01 8.360685984233976464e-01
-1.117644214737017333e-02 1.522447633073365503e-01 2.199545412643602038e-01 3.967687713767206747e-01 3.390496117815802180e-01 3.776514006048193317e-01 5.881660732728231089e-01 5.460114845601811151e-01 6.628340331988624712e-01 1.000000000000000000e+00 6.451302183088435394e-01 7.032544766179958939e-01 6.082872240900772942e-01 5.194931671238947057e-01 7.213286536712854025e-01 7.031219374433276270e-01 6.604981282044473101e-01 6.523549957262261279e-01 6.940677754679885902e-01 5.768135867083650226e-01 6.110907936181677602e-01 7.073541854822289476e-01 6.995876757206384022e-01 6.759457582991261759e-01 7.191928724431794206e-01 7.407345318249910493e-01 7.280257955974428485e-01 7.381888239270165686e-01 7.428938956686855777e-01 7.521816126062834673e-01 7.681067610814827917e-01 7.425161255341001798e-01 7.013707373489332930e-01 7.121623459652079990e-01 7.208617213570679416e-01 7.018213525664593888e-01 7.517243406671338946e-01 7.345182615971010964e-01 7.497483416921647548e-01 7.374429908781806597e-01 7.587103019636567414e-01 7.559037318069500300e-01 7.312108509003929502e-01 7.524354377981700148e-01 7.623817275895369283e-01 7.594120707715550367e-01 7.651430181146826603e-01 7.779215370978996846e-01 7.561601004203627463e-01 7.109103567683086045e-01 7.409104690123654580e-01 7.098014110225688844e-01 7.377330425457443441e-01 7.710164870889438804e-01 7.623244138030382810e-01 7.669427723617324721e-01 7.448598088963851449e-01 7.640901497846528390e-01 7.628283911126175765e-01 7.668255824847571844e-01 7.511515646721796946e-01 7.649187832055834857e-01 7.546397138453473374e-01 7.492164672445278395e-01 7.506160533351795561e-01 7.515202667374231149e-01 7.704200374636499538e-01 7.673420079011070705e-01 7.680639690117185836e-01 7.596918402857338881e-01 7.658623263104925583e-01 7.710563057235733098e-01 7.605872759967901020e-01 7.693441649307588559e-01 7.720029064219501302e-01 7.697129205821384712e-01 7.721582544835329243e-01 7.677135273431346940e-01 7.697254373861546206e-01 7.708103433098717483e-01 7.692689622962340934e-01 7.742816014331069807e-01 7.646232761007258905e-01 7.674924391900604936e-01 7.551794449359957584e-01 7.602115131443203389e-01 7.659661073346214488e-01 7.649717285126638178e-01 7.667390152404118808e-01 7.644704240778742443e-01 7.636367905125281963e-01 7.696053947207908141e-01 7.697688516020375626e-01 7.725890535929879066e-01 7.718285451956978793e-01 7.756046549943350632e-01 7.543493992892412736e-01 7.483597464863204207e-01 7.610333329769646271e-01 7.625896559215760151e-01 7.657806299875250522e-01 7.618945466601196870e-01 7.618370166978136737e-01 7.686750728750734174e-01 7.620008807374226700e-01 7.563356518658956862e-01 7.690665749618116331e-01 7.741512787320226074e-01 7.729963676379624227e-01 7.727514648102524752e-01 7.712197541989168625e-01 7.727323093856675040e-01 7.732959061211132079e-01 7.660045301566379417e-01 7.656678394431906121e-01 7.679676251441048818e-01
1.841961838935287851e-02 1.300977195797648756e-01 2.764004659363423211e-01 4.605487688951525049e-01 3.642633314311381487e-01 4.245630842783865710e-01 6.542150295389008718e-01 5.933019049490262375e-01 7.011200545642880533e-01 6.451302183088435394e-01 1.000000000000000000e+00 7.791695631427248969e-01 6.694599426123790664e-01 5.658276626526536068e-01 7.883599388147395359e-01 7.509310067852130732e-01 7.035914362430290003e-01 7.165151014369797178e-01 7.547338917691421845e-01 6.323975013610196871e-01 6.804433273370229518e-01 7.716352913302574335e-01 7.533357791415029592e-01 7.367818074339002044e-01 7.783933026183841308e-01 8.009699120964519636e-01 7.815365278086702228e-01 7.936443139700816163e-01 7.922733791405589532e-01 8.082944321477215643e-01 8.283815932447944341e-01 8.035131724008480747e-01 7.548586553282456979e-01 7.712139241375630672e-01 7.777384866153174148e-01 7.689825801642015124e-01 8.174250527268265287e-01 7.885558277888412571e-01 8.100212131556593365e-01 7.932800604467094008e-01 8.169974643070757603e-01 8.117034355127542566e-01 7.904055278854417166e-01 8.166952792470609790e-01 8.220570205494976967e-01 8.190342476580303455e-01 8.238321307431492047e-01 8.267489407228938436e-01 8.168977544283343439e-01 7.820742546705707898e-01 8.012747799900635792e-01 7.851332762508334007e-01 8.022652812525610244e-01 8.248295100980223005e-01 8.185524252363077791e-01 8.235621250052695963e-01 8.090484149878366393e-01 8.194661153192135394e-01 8.174442817130067596e-01 8.213066548476871676e-01 8.163792939597309672e-01 8.221483052063366381e-01 8.122902499955262368e-01 8.107440118373074878e-01 8.067300404028381333e-01 8.122897659896537448e-01 8.251517162878672096e-01 8.302375279161162691e-01 8.255629182223381823e-01 8.211390673049590028e-01 8.278083775994935500e-01 8.302835986357071096e-01 8.197249004123677851e-01 8.301245847293416968e-01 8.299856453434916181e-01 8.266179151135635284e-01 8.307843996542415566e-01 8.243369471436490237e-01 8.284270210182932415e-01 8.284106591891557958e-01 8.252140504691749534e-01 8.292517423504274232e-01 8.253172938364810030e-01 8.237804612830058604e-01 8.172573267515380602e-01 8.211355638983043326e-01 8.265113265882637616e-01 8.278002881170288818e-01 8.268469032206422487e-01 8.289732188590654971e-01 8.271334331350986835e-01 8.283962657589704071e-01 8.283446254343413973e-01 8.326175792498844430e-01 8.290773225779077826e-01 8.312719940170627542e-01 8.250514124156531626e-01 8.169777853697449688e-01 8.255766743669482599e-01 8.234060888058017946e-01 8.263878225660523658e-01 8.257317243778404814e-01 8.268011956654010008e-01 8.277616549722636163e-01 8.244068286458853256e-01 8.199155031860484444e-01 8.294000022397366445e-01 8.305782538988172314e-01 8.306964723907220849e-01 8.299689298583972086e-01 8.291326903313812613e-01 8.295800747304429290e-01 8.290995107552275867e-01 8.269350605839312918e-01 8.235859300632866198e-01 8.257605371891105772e-01
3.763300332234759821e-02 1.340210118492903835e-01 2.604359481781846064e-01 5.085294032651760388e-01 4.162201673006236669e-01 4.756056598309056915e-01 7.217824426415985206e-01 6.685804180575734001e-01 7.627018580101668777e-01 7.032544766179958939e-01 7.791695631427248969e-01 1.000000000000000000e+00 7.401266312583084650e-01 6.011183928843429891e-01 8.559612137864941461e-01 8.467529015592936137e-01 7.719059910711755235e-01 7.720332420916462546e-01 8.192048991859173235e-01 7.025911959088705361e-01 7.471724547002293049e-01 8.414924635486740190e-01 8.204717510416966730e-01 7.982357080404860472e-01 8.428234019497738982e-01 8.730963318432594100e-01 8.568244121384845924e-01 8.669227234532267401e-01 8.744359570649841151e-01 8.856325403015549158e-01 9.085172797389995392e-01 8.813912528859813023e-01 8.266667211008464911e-01 8.540479756654307808e-01 8.586406080846421540e-01 8.441609617802994237e-01 8.837834447680144034e-01 8.737932045379959156e-01 8.885386125360115184e-01 8.617460649495268799e-01 8.918330655239273819e-01 8.915020637255709479e-01 8.765608368367455716e-01 8.980413892317284930e-01 8.961020128858794287e-01 8.953934244558972022e-01 9.026969070351064106e-01 9.049932219516961807e-01 8.976925593118841862e-01 8.739523478577713167e-01 8.896278752718957961e-01 8.685583477563423305e-01 8.878539379709944335e-01 9.021799656400429912e-01 8.990051862388510617e-01 8.998880676428513414e-01 8.925564172527419293e-01 9.010968351421723144e-01 8.986662628430983624e-01 9.026901639683386769e-01 9.045214416103499744e-01 9.031421911306720673e-01 9.015138556027976202e-01 8.962300054519254378e-01 8.890821114809921433e-01 8.922629076515673496e-01 9.005129151394978271e-01 9.049171141272680519e-01 9.033914125332958012e-01 9.016372730154236237e-01 9.024775233307472666e-01 9.063215180868198217e-01 8.952524177881824308e-01 9.027920520650429825e-01 9.076164660801717687e-01 9.040952043831950169e-01 9.035896413508016645e-01 9.005454057779554988e-01 9.038616111323685143e-01 9.060018486324868947e-01 9.043930194168070535e-01 9.079579299165499995e-01 8.999045028601772023e-01 9.033393311567029516e-01 8.965930732144157256e-01 9.009622449571401681e-01 9.047199227654370013e-01 9.030887677864436469e-01 9.047528214570955685e-01 9.017343299055434747e-01 8.985896308902037166e-01 9.073885967468462432e-01 9.073718053033194009e-01 9.073672793474610865e-01 9.069467096622264579e-01 9.080830753265689559e-01 8.998835492979841977e-01 8.980343046442345045e-01 9.082233112633444350e-01 9.011851484061107476e-01 9.064034569951445741e-01 9.066892661970431533e-01 9.053306469462791828e-01 9.083121809690696269e-01 9.054499205049525434e-01 8.970502376951849932e-01 9.077117229757662997e-01 9.081079572614487727e-01 9.086691708223366692e-01 9.077935323576266091e-01 9.059935865387896969e-01 9.085627541927129291e-01 9.069328305731595430e-01 9.074467859717255669e-01 9.032667176245878782e-01 9.044846670846713454e-01
1.868440435752527148e-02 8.900370283538010241e-02 2.436611863419573532e-01 4.225055341127185171e-01 3.844778878787800669e-01 3.982716914193429880e-01 6.439957745996049976e-01 6.188933939821559260e-01 6.669746914800461779e-01 6.082872240900772942e-01 6.694599426123790664e-01 7.401266312583084650e-01 1.000000000000000000e+00 5.342569527471379143e-01 7.603820112936199305e-01 7.522385322984626033e-01 6.770366484248291350e-01 6.586877253368501606e-01 7.182102954749155499e-01 5.725206538862622763e-01 6.215163400730239207e-01 7.303315726481562908e-01 7.201689049142254717e-01 6.828871213344751556e-01 7.287762329529016148e-01 7.646984138332530989e-01 7.452734755517329557e-01 7.512808049567953894e-01 7.559251933346864405e-01 7.737018440108934803e-01 7.831803709359792531e-01 7.603894243125099983e-01 7.136846005010054617e-01 7.363301246469832195e-01 7.481206260652963902e-01 7.360921425061460743e-01 7.776427798333717112e-01 7.421143084882558805e-01 7.744652897282525705e-01 7.477684337367953571e-01 7.875828881203524867e-01 7.778155050575018548e-01 7.573181207734767106e-01 7.866189922600612672e-01 7.835358909949214912e-01 7.790823579709490465e-01 7.940499442188820867e-01 7.942978788386624300e-01 7.822592276588783422e-01 7.515590717895596073e-01 7.673662361171941226e-01 7.676689092921246127e-01 7.821314420808577195e-01 7.872465095350935638e-01 7.750465296256996428e-01 7.823948432648208939e-01 7.728551520712418910e-01 7.884648961354356889e-01 7.698991187984529638e-01 8.032741898944227854e-01 7.873663315320720280e-01 7.851430688470276698e-01 7.734961545738220368e-01 7.877113092114004234e-01 7.813981442192883264e-01 7.813393710233936806e-01 7.939850235562262437e-01 7.948057122920691997e-01 7.923383843647454627e-01 7.876369446765525417e-01 7.887886161048455191e-01 7.945496731757443198e-01 7.818267267519559693e-01 7.922708484501509441e-01 7.980389203269691034e-01 7.915665204383350861e-01 7.938458232396760073e-01 7.914491398917549159e-01 7.929365162609259832e-01 7.976210307060822569e-01 7.962454386580513077e-01 7.956576666432074729e-01 7.939171632639663301e-01 7.917465448216559620e-01 7.840985421293364954e-01 7.899408071623957861e-01 7.967932566330537814e-01 7.861092348092953985e-01 7.946883265367937765e-01 7.932864746338277318e-01 7.887879244107023347e-01 7.984955938315057011e-01 7.988106214792670690e-01 7.958516865272758922e-01 7.985364093209160741e-01 7.980561524325586742e-01 7.837046895758098541e-01 7.838054489339639774e-01 7.923123988890329317e-01 7.887452804165403508e-01 7.956353672316818226e-01 7.929513815772344376e-01 7.984691772994731984e-01 8.001666700617439121e-01 7.971588585401349070e-01 7.838383535955978365e-01 7.953578470340357809e-01 7.975898738868313353e-01 7.936453447971075770e-01 7.968868238008578464e-01 7.902658117288419160e-01 8.023761805847483553e-01 7.942582411158966016e-01 7.986380080662069947e-01 7.972808184001199949e-01 7.975813596696127439e-01
