1.000000000000000000e+00 1.190146630605922740e-01 1.335323821116181642e-01 -1.637394216832756526e-03 -3.567516275709948365e-02 2.506560558584593201e-02 -1.492895314154385998e-02 -8.108883466620241467e-03 1.274662109505493024e-01 7.019923716154101434e-02 4.005182760724218527e-02 -2.686288725008658534e-02 -1.892280984414086416e-05 -1.425067810896324741e-02 -1.554129064813990907e-02 -3.278804581082452735e-03 1.097308709988091130e-01 9.480104627779319115e-02 9.692300406771547916e-02 4.490873420189963813e-03 -3.019078013841823213e-02 6.505392953410110701e-02 1.724670577293643259e-01 1.292460318504639050e-01 9.278115718416539426e-02 1.361576763867836937e-01 5.633959297097079766e-02 7.882417374156718004e-02 1.389339741549208973e-01 1.072145927211425459e-01 6.300333052153553326e-02 5.518018551529123294e-02 4.786089929625678141e-02 6.522136454069257794e-02 7.930139474534905752e-02 3.184697838453307006e-02 4.639815750491059487e-02 1.399822841266476145e-02 1.952275173055408389e-02 -2.632392079482949801e-02 2.543520536676573129e-02 3.870165033627250787e-03 -2.331373695514183178e-02 5.492688508813996923e-03 2.491384021659269477e-02 1.258009844169130816e-02 6.511845343854016054e-03 2.793131268142571080e-02 4.782384172687116110e-03 3.588812347194267945e-03 -4.767046752525771341e-03 2.206317613001127637e-02 2.065363164456805734e-02 6.049407480661860709e-02 5.070317481578105745e-02 6.408684804394983170e-02 4.778450403196946722e-02 8.117437071302279969e-03 2.866606765619198263e-02 2.738661845157559435e-02 2.049354317744357494e-03 3.160376983275434842e-02 2.638660265386234827e-02 2.519445711764617055e-02 6.690255528261827844e-02 4.719492245638844813e-02 1.828816263077279874e-02 2.853518560531124668e-02 3.382389593925448634e-02 1.503621151710156497e-03 4.666771976567269872e-03 2.539507867851038478e-02 3.679436936962552501e-02 3.002490559706208484e-02 5.080961134619692982e-02 3.462342226045124483e-02 3.751056761501969650e-02 5.185474469046782303e-02 3.070304389465397174e-02 5.614670229899351717e-02 4.690210117994676742e-02 2.674823113062516425e-02 3.766666477643051264e-02 2.912490838216316019e-02 -8.312440686744301116e-03 2.083053007695770051e-02 1.467036464043704712e-02 6.864340973817520571e-04 5.185288432805735398e-03 3.786999333765586617e-02 -2.734052147776503110e-03 7.758585479163119039e-03 9.228283657995208986e-03 5.478406796387180928e-03 5.372206516937267327e-03 1.149998518667163031e-02 -1.824400221247883536e-02 3.296508228910191574e-02 1.366100054643908449e-02 -7.784088917367421381e-03 -5.853673308853000676e-03 6.954673912817103780e-03 6.024759963516439568e-03 2.474220580076267901e-03 1.996791379574553230e-02 3.203092052665704875e-02 1.476961713567470982e-02 2.668413503750169044e-02 3.652332361056404020e-02 1.605501017730957131e-02 1.755438691628350215e-02 2.375758069089746460e-02 2.136880227484803246e-02 2.303791232551429674e-02 2.874364894269964762e-02 3.272608617962809857e-02
1.190146630605922740e-01 1.000000000000000000e+00 1.544437507304203538e-01 1.073964089767064228e-01 4.375442203362901045e-02 9.214258729889346355e-02 1.453554299452619325e-01 1.105719459176881109e-01 1.873168044279309441e-01 1.866182424661352868e-01 1.596861158092144906e-01 1.375767015184931608e-01 1.357318374518034221e-01 1.396644574467805211e-01 1.572149348903573440e-01 1.442352083730085166e-01 2.044564988919819470e-01 1.916375063421516811e-01 2.154951409841422416e-01 8.589369598789008131e-02 8.357324941227434190e-02 1.743930863348026605e-01 2.490473515608346011e-01 2.309283062715862256e-01 2.262382593621999616e-01 2.582825565970928161e-01 2.158552997874212120e-01 2.441214308429992541e-01 2.577042749301514668e-01 2.430192056612800466e-01 2.163030573804069212e-01 1.977516065252064581e-01 2.098480974102132357e-01 1.969737018450176402e-01 2.099846712078358157e-01 1.599484616701771222e-01 1.921169434291149225e-01 1.857582823487513857e-01 1.803791269203326997e-01 1.773573114846531407e-01 1.932565975624586374e-01 1.752699081685865079e-01 1.582741551533898283e-01 1.685595150524477892e-01 1.879430537712034333e-01 1.936698742639957060e-01 1.693004547585608977e-01 1.892644874418272227e-01 1.714873095591104568e-01 1.521347114989256288e-01 1.663670770353732897e-01 1.442539964235314554e-01 1.621304825472925648e-01 2.032649776765714233e-01 2.078419396791634233e-01 2.195474571093003480e-01 1.857658125726828480e-01 1.727657777209194168e-01 1.900206021413065605e-01 1.716054055733232109e-01 1.554729886841851039e-01 1.796906359876120352e-01 1.831679695429411225e-01 1.691032484114889101e-01 1.786944975412244618e-01 1.824283266040137574e-01 1.748983122594415240e-01 1.807236290042488758e-01 1.890273643792837466e-01 1.547716194327823092e-01 1.632594842793850809e-01 1.862329358582779371e-01 1.899891951744284435e-01 1.939010686900633218e-01 2.073273834939327875e-01 1.940991570533200927e-01 1.973285086671257293e-01 2.052475689476380150e-01 2.064161923718876857e-01 2.100212759278944075e-01 1.991454728235982907e-01 1.923791404420744922e-01 1.793427078142565967e-01 1.884227583898496206e-01 1.710219584789873515e-01 1.829238170721673162e-01 1.794927298043662578e-01 1.796891077667116532e-01 1.718500155162064613e-01 1.997601216334524143e-01 1.828084604269633040e-01 1.771578212325472246e-01 1.785725304073907671e-01 1.798020044469097745e-01 1.726160589309779780e-01 1.770216026226142381e-01 1.634345319689109455e-01 1.717989338149666090e-01 1.685248459231071527e-01 1.652716690193618831e-01 1.624012606614104182e-01 1.690593768911897721e-01 1.649664583930178230e-01 1.689821929765751019e-01 1.715557472405477568e-01 1.851805457282094114e-01 1.757169251325597370e-01 1.857030550352808673e-01 1.955923646118762349e-01 1.784020654973923203e-01 1.779181019903075256e-01 1.739613548155063971e-01 1.784456187054382359e-01 1.721366782507074977e-01 1.712887067010023523e-01 1.777936676613228462e-01
1.335323821116181642e-01 1.544437507304203538e-01 1.000000000000000000e+00 2.961573460551825132e-01 1.709352543873562669e-01 2.346846893779429288e-01 3.453601580427761997e-01 2.910191933980915135e-01 4.213389888830994523e-01 3.827129632973869100e-01 4.123645930289864259e-01 3.778638656582811173e-01 3.174559348331972841e-01 3.290202136760595475e-01 3.831638787339886054e-01 3.647124663787890131e-01 4.133940695740137006e-01 4.283479213720137735e-01 4.439958540703039525e-01 2.678744637934440953e-01 3.000763666880151281e-01 4.143650979500886344e-01 4.733705235064603611e-01 4.653838829978131364e-01 4.519143454586374564e-01 4.647419484630158082e-01 4.288151472668116360e-01 4.591543627952072715e-01 4.694401218268237641e-01 4.514730938773313662e-01 4.452448139637594227e-01 4.513435844684193232e-01 4.673934298246643082e-01 4.527251345808252503e-01 4.495423370932276064e-01 4.305444153133782814e-01 4.403856664260559217e-01 4.363522773049965942e-01 4.405915772863892022e-01 4.325583879773720608e-01 4.167466098325384172e-01 4.142896625179838255e-01 4.168905874447326187e-01 4.117258317202062146e-01 4.307346143325445076e-01 4.289863293500910113e-01 3.957719271945910333e-01 4.099107345033120020e-01 4.052711031892436977e-01 4.162298443071779652e-01 4.218461032425742663e-01 4.183134418855115055e-01 3.982481555736100964e-01 4.170181946261034001e-01 4.282824901237532456e-01 4.406890740337108814e-01 4.211536585894336548e-01 4.098531789361085087e-01 4.152444569461842261e-01 3.994811319802602512e-01 3.979457053756684792e-01 4.026223462070969705e-01 4.174004282044905256e-01 4.050276211687611760e-01 4.211068557298756621e-01 4.111036621163562943e-01 4.066968334629027515e-01 4.187530102892962902e-01 4.273762095846035391e-01 3.803816021790094037e-01 3.950572875384497640e-01 4.189059624825415273e-01 4.286422560742935151e-01 4.244594346619612324e-01 4.258827672783594975e-01 4.173000445017376880e-01 4.274941872888969319e-01 4.275097460368924018e-01 4.240688728363611326e-01 4.199921592434391893e-01 4.322228311737624229e-01 4.183899134895368022e-01 4.292922500938575747e-01 4.213390455197043583e-01 4.137037322236379877e-01 4.238623887228178400e-01 4.180466638919485001e-01 4.118079691913471008e-01 4.088431411971526486e-01 4.245074217372796777e-01 4.231967432749689784e-01 4.102323776831206525e-01 4.115753882844639389e-01 4.107314138723269226e-01 3.946721143440271584e-01 3.992423750420011630e-01 3.976702551979903744e-01 4.032613524832331375e-01 3.961200409423680791e-01 4.064312274628720245e-01 3.965183024674640011e-01 3.954462353273502373e-01 3.921445000220798449e-01 3.998628203654038260e-01 4.112549185490053105e-01 3.970594483503039340e-01 3.977123083871717535e-01 4.090849173830515273e-01 4.142324277984161252e-01 3.998160096274454567e-01 4.011568314269646773e-01 3.986468780286180902e-01 3.942663106109407511e-01 4.012646745161868589e-01 4.051443252979230469e-01 4.024102671380388463e-01
-1.637394216832756526e-03 1.073964089767064228e-01 2.961573460551825132e-01 1.000000000000000000e+00 3.910940924085355985e-01 4.134692930512406939e-01 6.153497993009904299e-01 5.851900144907878909e-01 5.646805976260587112e-01 5.427014437539751102e-01 5.943620660686514956e-01 6.741873230056473210e-01 5.936051129426130890e-01 5.652740854243077928e-01 6.561232291928565941e-01 6.544760927651913640e-01 5.489199650056189039e-01 5.754732531612024582e-01 5.755547653154530208e-01 6.188640211140181702e-01 6.674985373998434390e-01 6.226444628598906128e-01 5.138321156482454910e-01 5.478840066018131338e-01 5.702204015666865189e-01 5.664133357800585911e-01 5.939816610615884507e-01 5.679671863407563803e-01 5.375942564562123938e-01 5.698064475673985108e-01 6.107591721672881446e-01 6.214783128522383127e-01 5.613334701669645543e-01 6.101975995351756055e-01 5.956330644905417637e-01 6.162754909712542251e-01 6.200450614424705131e-01 6.147433965319157867e-01 6.427285759646754748e-01 6.105312615442564095e-01 6.313327918462554589e-01 6.299604212920385526e-01 6.320159031810178574e-01 6.460452105180882754e-01 6.267712010275020562e-01 6.290794679290561131e-01 6.446056530699048048e-01 6.352302158265186183e-01 6.391824461086940135e-01 6.175880902999190125e-01 6.340967398288768209e-01 6.249511220421698487e-01 6.399819062551628246e-01 6.196924483960368768e-01 6.042241074176760707e-01 6.105593898186572055e-01 6.072990400873902184e-01 6.331664533753952329e-01 6.099871971366241930e-01 6.439841410426582202e-01 6.499329994928340071e-01 6.252664227895795568e-01 6.174052682120791946e-01 6.449493591156957306e-01 6.415118209756462964e-01 6.310057165726692396e-01 6.496281831074972590e-01 6.393695883503160982e-01 6.391328381556540261e-01 6.771788723859381021e-01 6.592315779725350655e-01 6.354993978281754385e-01 6.378639626867695922e-01 6.270890465435815520e-01 6.341461289051530947e-01 6.305270169025601890e-01 6.290206919427835386e-01 6.209031413676011635e-01 6.271953576273481268e-01 6.230115267657100331e-01 6.267212335540834900e-01 6.421665853005954494e-01 6.386504183578862737e-01 6.330784143452712343e-01 6.491224994885295141e-01 6.417722070945330870e-01 6.387411166771709281e-01 6.448533823663712417e-01 6.483311163654291720e-01 6.286312356873197116e-01 6.380480970551480890e-01 6.455612819309993755e-01 6.450169883167338192e-01 6.445287610283618740e-01 6.448453819847107527e-01 6.420375679574740202e-01 6.430237557326723419e-01 6.347462118849626078e-01 6.491149518435647137e-01 6.466611043926773217e-01 6.534203683389716577e-01 6.445889686890999837e-01 6.476291047233522225e-01 6.503555367826465705e-01 6.500409779729861004e-01 6.233203327254910331e-01 6.432654685847577491e-01 6.384423072082247019e-01 6.297312130574231892e-01 6.411095571648535163e-01 6.356467149644020598e-01 6.480796533201967913e-01 6.399842156766458734e-01 6.463582289244951262e-01 6.472132189896143695e-01 6.435831558195063140e-01
-3.567516275709948365e-02 4.375442203362901045e-02 1.709352543873562669e-01 3.910940924085355985e-01 1.000000000000000000e+00 2.970469280165945469e-01 4.941829631198738082e-01 4.720254320995919128e-01 4.023534851163968473e-01 4.240284899775760286e-01 4.390775045921104791e-01 5.004000678184110651e-01 4.700185638946224875e-01 4.117009432981701411e-01 4.938569062525783315e-01 4.885770025600618682e-01 4.011453498747716284e-01 4.592847470746476701e-01 4.202906805615025387e-01 5.201614696771635904e-01 5.407699453451975113e-01 4.606734280594347863e-01 3.859274746358275499e-01 4.185104424873103968e-01 4.096019186588470418e-01 3.776256804431204483e-01 4.232529271749612132e-01 3.946206551652099437e-01 3.500968854475348113e-01 3.881095689307427765e-01 4.356998739742699023e-01 4.563263866243325029e-01 4.098381968588979962e-01 4.469770967913755388e-01 4.142625251888586435e-01 4.625830911325936601e-01 4.504144437349706931e-01 4.450315251314366227e-01 4.803877049204016703e-01 4.485014762098665786e-01 4.592367354482458364e-01 4.636134272351141172e-01 4.877960152331351495e-01 4.905114449303646929e-01 4.640161288891510583e-01 4.622718194100337574e-01 4.751775355083482921e-01 4.698673538330334076e-01 4.693785893364564865e-01 4.583883590332699098e-01 4.721268436557110593e-01 4.616978268972799504e-01 4.850105060267675405e-01 4.512376827041205685e-01 4.296844436674568946e-01 4.447472043480409365e-01 4.370817055973595933e-01 4.646187006313227674e-01 4.382723497039663907e-01 4.804085044525931991e-01 4.865001009638857399e-01 4.612692187106183228e-01 4.532436593694590399e-01 4.713295701044649122e-01 4.635088779877500897e-01 4.630786076520984063e-01 4.801499648964404621e-01 4.806075482186723535e-01 4.783704398718469641e-01 5.238148777780879950e-01 4.952314937082210045e-01 4.682266299919889407e-01 4.809861571087768461e-01 4.649564192772344118e-01 4.560332530120062011e-01 4.602399557926953877e-01 4.564341046333101892e-01 4.417817971240726171e-01 4.537324062182102047e-01 4.459403429485804815e-01 4.600353679146390040e-01 4.658286375398141832e-01 4.691767025704848271e-01 4.666512839156404802e-01 4.821868836010930193e-01 4.759181464668941208e-01 4.759582321565631324e-01 4.764448295632697783e-01 4.830183129068845727e-01 4.595097629599129152e-01 4.728513451148245728e-01 4.788628580734403672e-01 4.778997719987061465e-01 4.786249344713371379e-01 4.781014548739688785e-01 4.775767744126565573e-01 4.761131188435537287e-01 4.630333975918917711e-01 4.798811048511105182e-01 4.838722783336648625e-01 4.968043498815961634e-01 4.780023903258402984e-01 4.864509828264826363e-01 4.884766429111048747e-01 4.784719052280160256e-01 4.561926057756149344e-01 4.755999668703195238e-01 4.691944159089084243e-01 4.591822234730494889e-01 4.731829510200892264e-01 4.672997404236629015e-01 4.815818655516054814e-01 4.742946513601236647e-01 4.770058831985450887e-01 4.701409615078460114e-01 4.742729992444874587e-01
2.506560558584593201e-02 9.214258729889346355e-02 2.346846893779429288e-01 4.134692930512406939e-01 2.970469280165945469e-01 1.000000000000000000e+00 5.226039778626215826e-01 4.796168653705907836e-01 5.452797742967363526e-01 4.986081188385266816e-01 5.574455893557528352e-01 5.773525543765086754e-01 5.157135943964566982e-01 5.191222163988903349e-01 5.792607059417808069e-01 5.705812951584015025e-01 5.353490948241267366e-01 5.319420381313706425e-01 5.522037383025549806e-01 4.592355221005112176e-01 5.187960893916239158e-01 5.789086397032204845e-01 4.930591231000661101e-01 5.182623019705505651e-01 5.462470122068102674e-01 5.294438923045952095e-01 5.646037992187386001e-01 5.285165857923650456e-01 5.133585340316580981e-01 5.534013780604155608e-01 5.815887800015281384e-01 5.766071416895304225e-01 5.374548996803811818e-01 5.721064725874258627e-01 5.609560304928944419e-01 5.728930819821935749e-01 5.801699110656117764e-01 5.748499489540399576e-01 5.879711840039180126e-01 5.618775450603180621e-01 5.930356892776232902e-01 5.881189189663319494e-01 5.862746928887474507e-01 6.021251038475038397e-01 5.931345955160338690e-01 5.868160649700066012e-01 6.029038939076627468e-01 6.011423194974095940e-01 6.015886784913206942e-01 5.740692041100381449e-01 5.930656325459169320e-01 5.768414971356160548e-01 5.951659629444686628e-01 5.952308338430810641e-01 5.802500381017068332e-01 5.842136957050064749e-01 5.856495830633369204e-01 5.987776001727020958e-01 5.852961275591452850e-01 6.063129334362300504e-01 5.996072615715710707e-01 5.992968902168935852e-01 5.919266875539511696e-01 6.020467157738176311e-01 6.005397333957639416e-01 5.968541715282303928e-01 6.012512575498079048e-01 6.036566755055492450e-01 5.986242814257878297e-01 5.925247812288044758e-01 6.048087580315355538e-01 6.015759573269430227e-01 5.944030349443177874e-01 5.997535849307765732e-01 5.983329181239133154e-01 6.009122619899763817e-01 6.012866166385216760e-01 5.957525682653607157e-01 5.971311846927583877e-01 5.971069439278176016e-01 5.978440646387571666e-01 6.015124040953910844e-01 6.025863899680204971e-01 5.999235193034994085e-01 6.015089597883186423e-01 6.017102219178672717e-01 6.027256227607187267e-01 6.032579803760602655e-01 6.065460831202663661e-01 6.006024838585247716e-01 5.969985333600634769e-01 6.068293180834283262e-01 6.053011737921952795e-01 6.076086167090415380e-01 6.075506134412023140e-01 6.083902724161529552e-01 6.007647610192828891e-01 5.986403622981603112e-01 6.065485565668047307e-01 6.044222693490192144e-01 6.072076634071149615e-01 6.027164210587938609e-01 6.057048475508797214e-01 6.092718106622355689e-01 6.090505123162787138e-01 5.989239293905596062e-01 6.054016280409661999e-01 6.066715287063965123e-01 6.041264436266438054e-01 6.095770329727381309e-01 6.058630257240340544e-01 6.087925750472142905e-01 6.058592224420900063e-01 6.080017695145910617e-01 6.034209383808113447e-01 6.013248708446158330e-01
-1.492895314154385998e-02 1.453554299452619325e-01 3.453601580427761997e-01 6.153497993009904299e-01 4.941829631198738082e-01 5.226039778626215826e-01 1.000000000000000000e+00 7.106520549874925097e-01 7.336532386137639694e-01 7.096035343359025083e-01 7.713987546015637076e-01 8.279908800946310654e-01 7.401601782632277748e-01 7.226384274274543218e-01 8.490489832481492583e-01 8.261409652654700952e-01 7.141927581595272079e-01 7.666016713976816499e-01 7.637497142407863038e-01 7.245905424282125251e-01 7.926334754718981079e-01 8.001116164695136757e-01 7.044061962111272113e-01 7.478866493495820444e-01 7.618635625232716979e-01 7.528396836363920874e-01 7.908112155492241779e-01 7.692644155246960436e-01 7.276382322845458273e-01 7.582894431269666669e-01 8.048147255807870382e-01 8.231935260249757524e-01 7.752440218762530755e-01 8.039694062456449464e-01 7.802285377462250260e-01 7.839566055168817327e-01 8.120506739892455750e-01 8.215197569587577853e-01 8.328910541609356732e-01 8.167249728546609466e-01 8.311304517621372900e-01 8.329295738422898276e-01 8.243729818487280925e-01 8.375081901659056083e-01 8.295322670150802047e-01 8.314273772149882724e-01 8.361959047880354046e-01 8.305555428903893533e-01 8.358121518228078806e-01 8.063726662760670738e-01 8.322670680905832619e-01 7.895706136605485925e-01 8.321662760735556441e-01 8.191135306075261191e-01 8.075029958554622578e-01 8.162988509884836485e-01 8.062327324783632454e-01 8.311230326348653108e-01 8.180407128535487349e-01 8.318274723637992807e-01 8.308051295180651774e-01 8.245511646593864929e-01 8.199065313860480764e-01 8.252953787652147488e-01 8.155949298003530856e-01 8.173989197296996911e-01 8.370413478113719608e-01 8.362404543816299718e-01 8.391881474415856523e-01 8.549008037873465637e-01 8.440468066449846596e-01 8.288205915428192849e-01 8.399993774781738809e-01 8.282707099886672530e-01 8.283277123677876830e-01 8.259394032021558640e-01 8.284771109314577053e-01 8.177174500783901401e-01 8.284906536944544042e-01 8.147352671841143756e-01 8.247631188469500829e-01 8.296045983671005430e-01 8.350469979578311053e-01 8.316465017819537620e-01 8.443154999740424271e-01 8.381229790093464027e-01 8.328767464130051312e-01 8.464480682997082006e-01 8.431582520862037633e-01 8.288102985781721221e-01 8.444252594320695859e-01 8.417308788253555774e-01 8.409650270680459894e-01 8.423398929434424698e-01 8.351754549927944415e-01 8.358789371786246036e-01 8.444296954175364300e-01 8.238469176603619992e-01 8.368284726388788286e-01 8.447204454843953991e-01 8.428950784008208963e-01 8.387874478505731313e-01 8.371747919633700796e-01 8.421395404310724198e-01 8.343186918242022632e-01 8.171029684135140414e-01 8.371042745759720294e-01 8.321208567515507859e-01 8.282527496001105272e-01 8.363504761774539498e-01 8.372393885326484542e-01 8.344510805337849169e-01 8.321164406606988972e-01 8.337931598621511897e-01 8.277607072307675562e-01 8.266545031165709601e-01
-8.108883466620241467e-03 1.105719459176881109e-01 2.910191933980915135e-01 5.851900144907878909e-01 4.720254320995919128e-01 4.796168653705907836e-01 7.106520549874925097e-01 1.000000000000000000e+00 6.826885498703768596e-01 6.603822323153972773e-01 7.071143229545009401e-01 7.824209154807418853e-01 7.116141043753408946e-01 6.935534756837081760e-01 7.866781385666986592e-01 7.998201096291535084e-01 6.598839141028010058e-01 7.068341775339459510e-01 6.975925982757041899e-01 7.008224366087300039e-01 7.691830923044707946e-01 7.552708760194704052e-01 6.198491266671878330e-01 6.496572186932492166e-01 6.815472196224593437e-01 6.663551036336136102e-01 7.235152043083046269e-01 6.655560462512059017e-01 6.383910393267867578e-01 6.864659498463130394e-01 7.336095717707487029e-01 7.375452561238396987e-01 6.662815777350308277e-01 7.208786640189351891e-01 7.063945169776580935e-01 7.391671679257113547e-01 7.438243581760880518e-01 7.395814489667541514e-01 7.650254246093413091e-01 7.219894578258296836e-01 7.644362835973061987e-01 7.740768960431795298e-01 7.612434798169405159e-01 7.849432791798436337e-01 7.640453717950659307e-01 7.591703544373620272e-01 7.880215027874362121e-01 7.778338865050358208e-01 7.839247052362272594e-01 7.486077756588435106e-01 7.715119565242374300e-01 7.468873584697380830e-01 7.887916995871212533e-01 7.691359989409095599e-01 7.495997633894551093e-01 7.443097739982628136e-01 7.695695001015628867e-01 7.790113879737093905e-01 7.633629729881570292e-01 7.944688143696735372e-01 7.910186494941636726e-01 7.911343660718067605e-01 7.749563220186792556e-01 7.903082586362711881e-01 7.752716844812649333e-01 7.839267967383145574e-01 7.880575699386146438e-01 7.819530880676648366e-01 7.754865816788978350e-01 8.106982995590105157e-01 8.003825777727378021e-01 7.749162049402682495e-01 7.692406091612882246e-01 7.661272876788739472e-01 7.702041053987872532e-01 7.691446515047292154e-01 7.679094273348439081e-01 7.595367853329495489e-01 7.551963975650902716e-01 7.636957244705985248e-01 7.683706973579846888e-01 7.748989819527433154e-01 7.784208178279494739e-01 7.720358224484729082e-01 7.773922575349935249e-01 7.718206229639030802e-01 7.794178288630897455e-01 7.849067788642184462e-01 7.873398226036577574e-01 7.684442876722864524e-01 7.698073124047029037e-01 7.882031103244507841e-01 7.859742620104652744e-01 7.872565201986012617e-01 7.919921344865428203e-01 7.899149654930792686e-01 7.900941503246924347e-01 7.931484350357019819e-01 7.991902782601061350e-01 7.879987252898937866e-01 7.972865690565479335e-01 7.993392111459403093e-01 7.977362575970350367e-01 7.974314070175453351e-01 7.912856448120831887e-01 7.844180363277830637e-01 7.942814326777490885e-01 7.832689466701566738e-01 7.765994100269125733e-01 7.898021760061315621e-01 7.895592561721034297e-01 7.952570260740424724e-01 7.947051094731922838e-01 7.972196396016333342e-01 7.819584064291302816e-01 7.910451345991185157e-01
1.274662109505493024e-01 1.873168044279309441e-01 4.213389888830994523e-01 5.646805976260587112e-01 4.023534851163968473e-01 5.452797742967363526e-01 7.336532386137639694e-01 6.826885498703768596e-01 1.000000000000000000e+00 7.586236714492788913e-01 8.189242952857657132e-01 8.197357277085295379e-01 7.455983359831971358e-01 7.524258834233382709e-01 8.400303349324652613e-01 8.278367685883326610e-01 8.185657257003743359e-01 8.283783508597578615e-01 8.585929102113221134e-01 6.450893714705598914e-01 7.306016324734575518e-01 8.602609839834859384e-01 8.207932122734206137e-01 8.180591099251238729e-01 8.517288784898824350e-01 8.544118466971933890e-01 8.549181416849557236e-01 8.277190144009325401e-01 8.279161378216565170e-01 8.608889852938289566e-01 8.786782896315893376e-01 8.757750809072938347e-01 8.192734224983709845e-01 8.742603629558938216e-01 8.637472276473597832e-01 8.390912818142290952e-01 8.742019945700522099e-01 8.582683112458187047e-01 8.729346236212273125e-01 8.158331368192881516e-01 8.751432312413272019e-01 8.688113603117074701e-01 8.253048526706758814e-01 8.714873027762380930e-01 8.759647135778018123e-01 8.672708505746971053e-01 8.716075287639071245e-01 8.846120594961646155e-01 8.713667209053654883e-01 8.446577671711396063e-01 8.643506274695160752e-01 8.394894549333939970e-01 8.634626624973643638e-01 8.887900682301136390e-01 8.823811291824201763e-01 8.881848995438897942e-01 8.767240447677251414e-01 8.762994638007866044e-01 8.745964586812997599e-01 8.804185770747368078e-01 8.677419159785038083e-01 8.785134887590341224e-01 8.756948722876010116e-01 8.753324330295904065e-01 8.843644740924699876e-01 8.843859677817762499e-01 8.815215499277487821e-01 8.869135336681882587e-01 8.861101478403315967e-01 8.559423165142916456e-01 8.733034746090418965e-01 8.855310777447645831e-01 8.797605248403836953e-01 8.860023778527333915e-01 8.917470958593756158e-01 8.859440451756588342e-01 8.846527960208897534e-01 8.863273592777627385e-01 8.803903186666597325e-01 8.898547827354132966e-01 8.903605823701566946e-01 8.834605906230421635e-01 8.878661328382411178e-01 8.850698627072505209e-01 8.704019372706941482e-01 8.829599525147154848e-01 8.800054878835762429e-01 8.783418532020882408e-01 8.778295387899028857e-01 8.872836877332632710e-01 8.682489681047053098e-01 8.803215093790260903e-01 8.797693601323263168e-01 8.777997151386826014e-01 8.775063522037420682e-01 8.802282476506205766e-01 8.600841083725043745e-01 8.786997125029478717e-01 8.762790151404370453e-01 8.702133432451025774e-01 8.683955696343818031e-01 8.707698691519911716e-01 8.726242367021914692e-01 8.766568127632705654e-01 8.814340559211536474e-01 8.721361223461018275e-01 8.783053068903812211e-01 8.855345197277200153e-01 8.863369281875272954e-01 8.810169835080386980e-01 8.783337724283944992e-01 8.816395356772629421e-01 8.779522585442824933e-01 8.813781009734198424e-01 8.829771211695367494e-01 8.806805811507825155e-01
7.019923716154101434e-02 1.866182424661352868e-01 3.827129632973869100e-01 5.427014437539751102e-01 4.240284899775760286e-01 4.986081188385266816e-01 7.096035343359025083e-01 6.603822323153972773e-01 7.586236714492788913e-01 1.000000000000000000e+00 7.539433124097703054e-01 7.790564116850748899e-01 7.091624148137279926e-01 7.077414184983304990e-01 8.033966419106506329e-01 7.814428717477628350e-01 7.209253448758650151e-01 7.625593389635698660e-01 7.844817098071759087e-01 6.311250546249899118e-01 7.065710665689675096e-01 7.994100768232258458e-01 7.512091713719870611e-01 7.535294759897925854e-01 7.921126981036380466e-01 7.893535529277299068e-01 7.941475579617927050e-01 7.750997717455196945e-01 7.628460243702539501e-01 7.998802972398653122e-01 8.167080431579869515e-01 8.158375504837970249e-01 7.605882167518001058e-01 8.001903072098128789e-01 7.974708401127538204e-01 7.580956038806389019e-01 8.089192286586021075e-01 8.009648361633356917e-01 8.114681248067637798e-01 7.671865050454939050e-01 8.200278997444799822e-01 8.112514523473745021e-01 7.736956288300771423e-01 8.149664153182526460e-01 8.162497893120741477e-01 8.142155463527477322e-01 8.173156885459991194e-01 8.314304366034549476e-01 8.150870475940796833e-01 7.795438429351538856e-01 8.030013128991437821e-01 7.615729599730909349e-01 8.069183588394603923e-01 8.287469558035457373e-01 8.205156447476982251e-01 8.276373540910171300e-01 8.068596246854040643e-01 8.232934701414668099e-01 8.173835874386207179e-01 8.226356637719578480e-01 8.055199656444484990e-01 8.209288404935453087e-01 8.151792953744397829e-01 8.122291731189672515e-01 8.127395901360724428e-01 8.209850343293016994e-01 8.236401176833504367e-01 8.269013892938636978e-01 8.306728726214437364e-01 8.147846176068958002e-01 8.210647764501736168e-01 8.276567987985264940e-01 8.240247712756002541e-01 8.257733711086051587e-01 8.319543695983258047e-01 8.266685871203773850e-01 8.273680804823011492e-01 8.257913618284785651e-01 8.252033708059374195e-01 8.292212889687300414e-01 8.283207967760031210e-01 8.267123290277095249e-01 8.219567532813490951e-01 8.267869108197184458e-01 8.155944939219348377e-01 8.227612245180406791e-01 8.230346965933317271e-01 8.248603669660624638e-01 8.217906434050208375e-01 8.291121364626984347e-01 8.156559126404233639e-01 8.270424154121690519e-01 8.225760262374263165e-01 8.258344784900497615e-01 8.247311701470239065e-01 8.249444910450682844e-01 8.059627423572299776e-01 8.113536079587080341e-01 8.178549946457330799e-01 8.158196774469581580e-01 8.155280308328116678e-01 8.151657666782724521e-01 8.182649112909817779e-01 8.229556291878532548e-01 8.187277631922958987e-01 8.145555456435364938e-01 8.238196756654092567e-01 8.309214434766798441e-01 8.300106600198378093e-01 8.254087118141356649e-01 8.252584169961116878e-01 8.256619575127382982e-01 8.240948943801414961e-01 8.220509689065602643e-01 8.192226909948348013e-01 8.241784904760144359e-01
4.005182760724218527e-02 1.596861158092144906e-01 4.123645930289864259e-01 5.943620660686514956e-01 4.390775045921104791e-01 5.574455893557528352e-01 7.713987546015637076e-01 7.071143229545009401e-01 8.189242952857657132e-01 7.539433124097703054e-01 1.000000000000000000e+00 8.612088037673732988e-01 7.693061235351162930e-01 7.776121591020375146e-01 8.752766520564346786e-01 8.555168139073219269e-01 8.005435703786012436e-01 8.286948582036980371e-01 8.548885265798845667e-01 6.796548632855590188e-01 7.694420236621852816e-01 8.733335113673895700e-01 7.949398692335321037e-01 8.214837298778943087e-01 8.586353271112338037e-01 8.444478305953702080e-01 8.712972806638928924e-01 8.435018486156674600e-01 8.253881725306114747e-01 8.618831238557056462e-01 8.987923829452081348e-01 8.859841955136009695e-01 8.424533577133278550e-01 8.769430049106917702e-01 8.612208436471616713e-01 8.642005282672713395e-01 8.908022115167005817e-01 8.805017560905818996e-01 8.959635313258303979e-01 8.639597050623925023e-01 8.935951637416114091e-01 8.951523140275159385e-01 8.719098755895013930e-01 9.006636538076318033e-01 8.981047319067552159e-01 8.953395797514935861e-01 8.964633898247069688e-01 9.010384271841674897e-01 8.996146537850261415e-01 8.717549318962909410e-01 8.930721734592331762e-01 8.640934090637772957e-01 8.919254179234997748e-01 8.964415251363863080e-01 8.918162291413346265e-01 8.959145199488341982e-01 8.902149818880179533e-01 8.973219362135463895e-01 8.887488232308818903e-01 8.978621869581453474e-01 8.968999248599311969e-01 8.945665973299908869e-01 8.941735853139980428e-01 8.954292933682579392e-01 8.938574634021192455e-01 8.992752617717038044e-01 9.035117133681910273e-01 9.052525126260480004e-01 9.040835223225707207e-01 8.861293573446350491e-01 8.991115217504653812e-01 9.042057570943627942e-01 9.006302773389256444e-01 9.043993636821953119e-01 9.041502341601765913e-01 9.028787993770565068e-01 9.017818503840732136e-01 9.004050358346017413e-01 8.995418992554704563e-01 8.991136390585366955e-01 9.050254249951723562e-01 9.051211328658474997e-01 9.047351429708618831e-01 9.026992775194612184e-01 8.999191291171894092e-01 9.028985754011134013e-01 9.050441500751924551e-01 9.034716654374359557e-01 9.046242606912490158e-01 9.039341595380272487e-01 9.028475685057041344e-01 9.054017856429460442e-01 9.048852900993082926e-01 9.047287805559802720e-01 9.010604248524283211e-01 9.026032706811786266e-01 8.962937695868012922e-01 8.950523535530918728e-01 9.004823282149472252e-01 9.014264259005969615e-01 9.007423785581298858e-01 8.988477409032779031e-01 9.011362606779622642e-01 9.032138244266079141e-01 9.059348183641834362e-01 8.910878037961605935e-01 8.999007991010732344e-01 9.037138516371674424e-01 9.018012099779444402e-01 9.024639822716553628e-01 8.996993286146355295e-01 9.017139142489760673e-01 8.983241426009364039e-01 9.014513217484666496e-01 9.007342506649795855e-01 8.989195494273530818e-01
-2.686288725008658534e-02 1.375767015184931608e-01 3.778638656582811173e-01 6.741873230056473210e-01 5.004000678184110651e-01 5.773525543765086754e-01 8.279908800946310654e-01 7.824209154807418853e-01 8.197357277085295379e-01 7.790564116850748899e-01 8.612088037673732988e-01 1.000000000000000000e+00 8.298109752907575354e-01 8.179016670499935637e-01 9.272439079830744335e-01 9.143042715132053688e-01 8.030373017333376495e-01 8.386031089796419646e-01 8.546260789136054248e-01 7.744314850631790481e-01 8.710766222324105579e-01 9.008416274209721797e-01 7.767641352175900238e-01 8.127207607863503602e-01 8.525640165474147603e-01 8.260863323729065177e-01 8.776735693471928723e-01 8.336499600399012166e-01 7.976083220804554008e-01 8.496261311435416852e-01 9.025270285062970688e-01 9.085978431918722009e-01 8.439052015851848942e-01 8.956313120675316597e-01 8.707113457254320732e-01 8.848169557179488276e-01 9.099470924261827687e-01 9.043935590237075495e-01 9.255305867791706609e-01 8.852112708734303226e-01 9.240518537749187189e-01 9.288052725866873249e-01 9.075218184453262005e-01 9.384787101279774557e-01 9.234979644182234049e-01 9.194520728937020104e-01 9.367603690102086489e-01 9.333394405749833034e-01 9.361835801150263370e-01 9.042678034843705248e-01 9.279629577363315285e-01 8.930643183353196290e-01 9.259186568291570829e-01 9.180394085773415647e-01 9.038774697789484502e-01 9.069204592854924751e-01 9.067750392257847292e-01 9.313150050115990286e-01 9.146241958986636167e-01 9.386424160778636949e-01 9.372601881588539241e-01 9.273689734218811820e-01 9.190676113099810474e-01 9.321812013981776168e-01 9.229570821482698806e-01 9.261836727034631345e-01 9.409341327083584616e-01 9.364364778238276621e-01 9.352000805092075542e-01 9.483275630722930449e-01 9.476790938516636009e-01 9.336556806734385150e-01 9.301068452223654193e-01 9.290525814920276293e-01 9.267904750576191342e-01 9.273873122653067957e-01 9.246219941921951513e-01 9.160702143091697947e-01 9.197685102162079795e-01 9.180625442455276897e-01 9.243870475198874281e-01 9.337407642089164961e-01 9.324636429582456865e-01 9.310846531955354610e-01 9.387093588702788427e-01 9.355771217280509644e-01 9.370294355941569675e-01 9.402877978858800168e-01 9.425281735032161601e-01 9.261744696615813455e-01 9.322984120776314221e-01 9.407503674539522409e-01 9.395121754016518834e-01 9.412257502325591663e-01 9.416413998939275887e-01 9.399863942341032397e-01 9.354222689336788576e-01 9.270633895250741663e-01 9.395697142033052618e-01 9.413197228203542544e-01 9.432741686627178490e-01 9.373858136228568894e-01 9.406649167093454889e-01 9.455540330245791880e-01 9.398367988189503253e-01 9.202433555245769226e-01 9.385163476478890487e-01 9.357516567766944737e-01 9.297289268876727242e-01 9.386520519716569089e-01 9.349377246676029429e-01 9.411290946185701944e-01 9.363044476183921550e-01 9.393292724002626493e-01 9.359617730096142507e-01 9.343295565293022742e-01
-1.892280984414086416e-05 1.357318374518034221e-01 3.174559348331972841e-01 5.936051129426130890e-01 4.700185638946224875e-01 5.157135943964566982e-01 7.401601782632277748e-01 7.116141043753408946e-01 7.455983359831971358e-01 7.091624148137279926e-01 7.693061235351162930e-01 8.298109752907575354e-01 1.000000000000000000e+00 7.396476891170910006e-01 8.444311523137627562e-01 8.332728168085434817e-01 7.384359926641568261e-01 7.623716566197329403e-01 7.697529285947902755e-01 7.063638407999190960e-01 7.856910804627370570e-01 8.189715520558267237e-01 7.027396155667999800e-01 7.319267380818149649e-01 7.746225614131430071e-01 7.529040456238411672e-01 7.958883622069077290e-01 7.498517562277071669e-01 7.246020146936539286e-01 7.778958149561845392e-01 8.124036570814296976e-01 8.116068679601595726e-01 7.511660556666335253e-01 8.014892626259597641e-01 7.865384968900772655e-01 8.009971558860182750e-01 8.169887929675351268e-01 8.082427282899233845e-01 8.352462560018796278e-01 7.879078375150612157e-01 8.379904323135091149e-01 8.372182259710788665e-01 8.195297964833072601e-01 8.519206541265138544e-01 8.320679607611950468e-01 8.269872930537938149e-01 8.505279661253145607e-01 8.490901794167333705e-01 8.472101467285864107e-01 8.141811854841232154e-01 8.343460381246917690e-01 8.082310768378012655e-01 8.426133648719603686e-01 8.379860885205072663e-01 8.205088386538272882e-01 8.266204284171241312e-01 8.170058156349433443e-01 8.442296726896386660e-01 8.178528521729522271e-01 8.556906945872780890e-01 8.522975369694071324e-01 8.384559358074327173e-01 8.277086947405299933e-01 8.458428764593358684e-01 8.437850976305567574e-01 8.432676492119857148e-01 8.546585134404458550e-01 8.501158469168050846e-01 8.453276916583869482e-01 8.596909461955719589e-01 8.615266979922351354e-01 8.505853215984635618e-01 8.446959163504627055e-01 8.472201858497545590e-01 8.466746256613746358e-01 8.448796283763662096e-01 8.402061925729943370e-01 8.358255381762236258e-01 8.374095392214531142e-01 8.388774468500495018e-01 8.423008413605113098e-01 8.505259253212327231e-01 8.452347487554320304e-01 8.433208035873763775e-01 8.475776834801072024e-01 8.481864675754977601e-01 8.505204733749747170e-01 8.515781368254703443e-01 8.542660229067733368e-01 8.469125157884468402e-01 8.408735733195986661e-01 8.559765499439974112e-01 8.545655581998415906e-01 8.560992726977311174e-01 8.581123247223151340e-01 8.565932943650553799e-01 8.451109294406370376e-01 8.418903680026668113e-01 8.549428914700201165e-01 8.515467205979111442e-01 8.591114936191840412e-01 8.490789879448386035e-01 8.571229040017412926e-01 8.606861759263370049e-01 8.561313653341108276e-01 8.389509183910272005e-01 8.522196985777539258e-01 8.547348725321648466e-01 8.477119776670121176e-01 8.555224035341906230e-01 8.487991927234702638e-01 8.586837275103978984e-01 8.533238128395586042e-01 8.547527075161925891e-01 8.543910627944812930e-01 8.536359162338313933e-01
