1.000000000000000000e+00 7.505590202569739980e-03 4.848172594030952104e-02 8.504463843596698006e-03 6.608329250201856742e-02 -3.096991951307626750e-02 -8.719282451592171718e-03 9.183227874050859871e-03 1.426344000346708440e-01 8.022305097047176259e-03 2.635702362272452845e-02 1.888980639064623615e-02 1.806331129845762523e-02 -1.473561891507000655e-02 -2.948371095314602326e-04 2.518860240994217140e-02 6.347487422357055153e-02 9.167605149130192421e-02 4.401599204491835060e-02 2.545582767471061061e-02 8.214384014514737598e-02 7.184611456561570964e-02 9.468398908274304471e-02 5.338097985420452163e-02 5.622811019795254800e-02 4.769586473801590287e-02 3.996122829056304726e-02 3.468820735653912329e-02 4.840062904340390604e-02 7.587764384067610668e-02 4.225539145444698330e-02 9.830858623320557974e-03 2.679372094958326275e-02 1.706355897952813172e-02 5.009076841916525885e-02 -1.910293753964020791e-02 1.037427934174506121e-02 -4.198577381683539153e-03 5.190621774200431492e-03 -6.774708440404983434e-02 -3.686694076184803600e-03 -8.617315397513973518e-03 -2.403886604352530390e-02 4.930621416248517040e-03 -1.358005793086183507e-02 7.952804562087335827e-03 1.267391245314061603e-02 2.069065014040057798e-02 1.433423734959248311e-02 1.619192389810149291e-02 8.654817611845567679e-03 2.258795459046798390e-02 7.166070958535415182e-03 4.038121218046580169e-02 2.561202836049530918e-02 1.430114352427082174e-02 5.792326972870409652e-02 1.049979900433909742e-02 9.298406129706717968e-03 4.640591897997282250e-02 7.058395768320048502e-03 3.189274516049341035e-02 3.333248484763259856e-02 2.500349145518908356e-02 5.984011163600447963e-02 6.748814557037242923e-02 1.515476882252811061e-02 8.485438492934401292e-03 1.378119726649446909e-02 1.547374680121833650e-02 1.649980136818294391e-02 1.273068779400699999e-02 1.600832070639265220e-02 2.038580041721066785e-02 1.230079021759762636e-02 1.474280109057729722e-02 1.149253244170669701e-02 2.035706437647216357e-02 1.773125899204757924e-02 2.668108611644454120e-02 8.492974833076811017e-03 1.683431258080558476e-02 2.074302781047616950e-02 1.796189416969822678e-02 -8.216476011656068806e-03 4.898726649579887224e-03 -1.136241698585712008e-02 -9.146372091631324976e-04 1.130585114577627691e-03 1.478040150195524677e-02 -2.276077839462310043e-02 -3.837858532230763349e-03 -4.926901807721387194e-03 1.688984671312786104e-03 -9.128509618686565449e-04 3.770135558060910396e-03 -3.209925350628620860e-02 2.658133219840184622e-02 -1.150286075251431492e-02 -2.381353184337552716e-03 -1.980906745658726070e-02 5.820443383690849723e-03 3.489701709266812384e-03 -5.907424524215970424e-04 2.557268083920233737e-03 2.163721846704664414e-02 7.993671146252287127e-03 9.353232571597430364e-03 7.506445512477723930e-03 1.069968747451056391e-02 -3.325696907041367743e-03 2.108836239626237993e-02 9.364842981018068821e-03 7.327967820124638675e-03 2.342812752086340447e-02 2.555277877376282980e-02
7.505590202569739980e-03 1.000000000000000000e+00 6.709922521247839444e-02 8.841268397080580266e-02 6.359937977465468517e-02 9.473398345334757553e-02 1.448392988008901372e-01 1.638611664823479419e-01 1.289215022976901437e-01 1.682888762662465287e-01 1.307542878033581268e-01 1.288060276701016027e-01 1.308403702989394957e-01 1.352962209554242345e-01 1.545827418630353611e-01 1.330258545743693843e-01 1.245122703828028532e-01 1.102814683264496942e-01 1.321722132790086879e-01 1.032223728265305729e-01 1.003747334003025765e-01 1.151052868695461723e-01 1.095286645005285886e-01 1.178386211370787140e-01 1.105122077567923383e-01 1.441283572475392238e-01 1.314374508629571892e-01 1.251896837256706030e-01 9.202792884592569944e-02 1.347401273631463059e-01 1.319095130650558834e-01 1.600402687825885628e-01 1.275895366747079041e-01 1.584418436134591712e-01 1.381551822510321825e-01 1.314396889545394465e-01 1.312495447461125286e-01 1.412680458343080758e-01 1.423251884936448108e-01 1.543350692223197651e-01 1.540820767586271178e-01 1.457465285629048202e-01 1.303810815665778500e-01 1.355340643545978607e-01 1.493393491290377073e-01 1.413759324946108897e-01 1.469800369058339717e-01 1.544333053335039396e-01 1.445952537826609430e-01 1.306560734825213954e-01 1.405478015833207250e-01 9.590318789756036022e-02 1.321206546967365059e-01 1.442933724820575081e-01 1.487615634307700996e-01 1.585303032446870042e-01 1.316686088604454852e-01 1.396435385888308012e-01 1.420858464670325394e-01 1.400351100850769082e-01 1.364618661266432942e-01 1.405460379196898923e-01 1.287449269915953709e-01 1.350288225390504082e-01 1.311128124909489989e-01 1.300996209909956458e-01 1.448699414574370070e-01 1.471298128702080155e-01 1.472579128125013348e-01 1.446568435538284902e-01 1.391594600770511836e-01 1.431280341527150501e-01 1.509248897190898775e-01 1.416523804501919059e-01 1.501108921232186533e-01 1.452782322943636795e-01 1.399329814470936517e-01 1.264937675670736450e-01 1.405143426664612061e-01 1.408451872919555259e-01 1.390202685156849416e-01 1.415042812435373110e-01 1.538907961232703347e-01 1.450099287994062180e-01 1.563880896739719417e-01 1.532049822390942340e-01 1.490625366597091161e-01 1.517708141486613371e-01 1.510406729186652974e-01 1.576617762055574079e-01 1.529653269526685400e-01 1.504352118841570107e-01 1.480824511684657174e-01 1.466270038462348102e-01 1.501644667046290738e-01 1.509199672246151480e-01 1.465557516447436315e-01 1.367059884733112796e-01 1.481592798111217857e-01 1.493539658097263190e-01 1.489548710518919794e-01 1.463435468979997489e-01 1.348926876370611094e-01 1.444354971284693145e-01 1.365834400409600691e-01 1.391779335449832011e-01 1.487076654409049126e-01 1.509812746466928091e-01 1.532750199069748964e-01 1.488045506881477686e-01 1.500122985019184396e-01 1.405172238853979461e-01 1.462732810983674858e-01 1.444089086209892348e-01 1.448472976669926415e-01 1.370595674370033434e-01
4.848172594030952104e-02 6.709922521247839444e-02 1.000000000000000000e+00 3.093033229394643868e-01 2.198398950010732045e-01 2.379971458724773892e-01 3.336384393931589587e-01 3.422751922650816292e-01 3.565376588175161454e-01 3.083043301710161610e-01 3.644997452898526835e-01 3.806492346386912695e-01 3.494054884201113764e-01 3.047220979991432932e-01 3.802749799787460416e-01 3.699853999094780410e-01 3.616116599880400684e-01 3.372545153349877922e-01 3.644788567131975743e-01 3.113398926855007187e-01 3.747836859419493849e-01 3.939881378288432323e-01 3.557217420216116088e-01 3.470705468378404435e-01 3.723920785057222016e-01 3.879562529330359832e-01 3.877820465683554096e-01 3.903868447139252074e-01 3.654083533369784087e-01 3.762356691621477900e-01 3.974122721409956149e-01 4.033411786340473371e-01 3.799056327529921617e-01 3.966055638270981065e-01 3.708192560181836073e-01 3.883918892846223714e-01 3.983622563705742081e-01 3.932409585850888400e-01 3.936126594922554900e-01 3.883227309819164974e-01 3.962061588948648794e-01 3.927610669336203397e-01 3.899774826687461005e-01 3.946769563155518301e-01 4.017265510294740771e-01 3.884964071918679540e-01 3.912351753407368182e-01 3.876451517444506334e-01 3.956265648965255899e-01 3.943347539731407170e-01 3.929146289079987198e-01 3.929458463495500986e-01 3.821386212124561754e-01 3.805490780255353367e-01 3.793021347469255899e-01 3.859056292100384034e-01 3.876601160985930772e-01 3.918771926197640032e-01 3.910021847005055173e-01 3.846805787478519423e-01 3.886528884443175014e-01 3.847287015950945910e-01 3.915925908606604500e-01 3.834688916819255500e-01 3.834077227305550672e-01 3.841109730511167442e-01 3.855755795801499297e-01 3.870897962756094102e-01 3.899409559723429064e-01 3.892791752219211254e-01 3.988956522572392749e-01 3.959183488841858112e-01 3.888880553458291534e-01 3.959227537686779153e-01 4.019257175860334041e-01 3.913347720711833899e-01 3.962646248383921432e-01 3.917060592364856597e-01 3.937907739456085743e-01 3.887737378433928637e-01 3.894224754257967769e-01 4.006664242921718633e-01 3.939905363772880920e-01 3.844096222287526898e-01 3.966186777016137976e-01 3.941806771101594720e-01 3.939761305732871755e-01 3.963480690902312920e-01 3.888122289058950076e-01 3.900287388450840997e-01 3.954575622564841519e-01 3.927192640998051765e-01 3.907787799231134951e-01 3.909817555988774895e-01 3.915999657065934447e-01 3.883920310316772428e-01 4.019805190147603957e-01 4.025643792013451350e-01 3.950315757588181431e-01 3.947972841764986196e-01 3.905102999507490957e-01 3.973669245009802120e-01 3.936266950952604371e-01 3.932160333329420276e-01 4.004915122314988141e-01 3.928290183357155962e-01 3.970414393922917506e-01 3.830819251555972471e-01 3.903144025430894670e-01 3.905453283331679071e-01 3.914171278528108533e-01 3.896016178232160065e-01 3.901681186211846675e-01 3.942746539484118795e-01 3.925422610740167406e-01 3.921897741256510916e-01
8.504463843596698006e-03 8.841268397080580266e-02 3.093033229394643868e-01 1.000000000000000000e+00 3.395917728843234062e-01 4.094040474227760296e-01 5.454608243488485719e-01 5.493374864187298146e-01 5.627070212924437653e-01 4.974430798377751373e-01 6.020251614526123118e-01 6.363614693433460312e-01 5.533982932030525603e-01 5.458851484312424729e-01 6.187660607160233583e-01 6.181678852237105781e-01 5.783615418899102911e-01 5.221628272088904010e-01 5.933260130389713671e-01 4.823494016742294610e-01 5.666006023898153554e-01 6.161374431705409771e-01 5.375892667819482940e-01 5.226823350648702737e-01 5.749819590225173638e-01 6.221014888320618441e-01 6.370791299618608905e-01 6.201858486861869801e-01 5.837508388701032613e-01 6.082086156899305651e-01 6.368899635748357380e-01 6.379490800268632356e-01 6.303127534056390813e-01 6.244734215672079758e-01 6.109965112501013484e-01 6.222063577676799628e-01 6.283661210483696413e-01 6.346345880409560714e-01 6.352654119867776616e-01 6.238059640309783216e-01 6.368824948910645212e-01 6.370876047007743015e-01 6.395751399057587605e-01 6.444450654198895512e-01 6.412728481727294483e-01 6.337010586084005359e-01 6.349395563491639916e-01 6.286325928875365898e-01 6.358929546851063153e-01 6.362014777874026583e-01 6.431440885909901484e-01 6.403401350555211202e-01 6.298870427372410541e-01 6.104691361565803831e-01 6.169389105505679316e-01 6.247595484506661689e-01 6.119089647475668414e-01 6.314673612936335667e-01 6.239204462821187347e-01 6.228412974144367231e-01 6.324508752917575860e-01 6.224120575143547995e-01 6.303214944748426474e-01 6.305762240247051453e-01 6.232911720322800164e-01 6.131057914108724027e-01 6.339277141876527022e-01 6.301445153600515603e-01 6.306932235388386099e-01 6.333875042673567934e-01 6.434613672317837096e-01 6.376898577740115481e-01 6.200745984127595811e-01 6.274466822640499819e-01 6.446379860729166689e-01 6.395153668894142385e-01 6.463133426592698738e-01 6.368548019915316605e-01 6.384115100930174425e-01 6.324129187657636653e-01 6.333069801348567562e-01 6.402549136735825597e-01 6.328919754896792371e-01 6.312052265635852422e-01 6.496133219146380533e-01 6.393701347752431818e-01 6.363830177442787450e-01 6.444486167424914314e-01 6.366310285657837964e-01 6.306059135022585860e-01 6.398814147335726288e-01 6.402513329992621793e-01 6.377538857709308395e-01 6.397478622873926657e-01 6.386602765475142274e-01 6.324258956180196511e-01 6.636614679770226344e-01 6.555318929282152318e-01 6.492995777768065802e-01 6.494958639859831351e-01 6.425400432567529574e-01 6.487167824696962182e-01 6.446784919074936004e-01 6.430569435607903506e-01 6.515160163400177673e-01 6.368393371087994748e-01 6.432544172811992533e-01 6.259314463601520773e-01 6.359102704243307924e-01 6.396814520372320345e-01 6.395644184502375929e-01 6.348038543288819779e-01 6.337098792294977301e-01 6.410579414561611289e-01 6.357428584981092978e-01 6.372631962705189723e-01
6.608329250201856742e-02 6.359937977465468517e-02 2.198398950010732045e-01 3.395917728843234062e-01 1.000000000000000000e+00 2.747549386305569996e-01 4.284440056909931682e-01 4.160920231888561305e-01 4.407969128146940196e-01 3.981607593634310382e-01 4.432249768567427806e-01 4.650084412246586751e-01 4.449995836022289653e-01 4.059604908437172699e-01 4.765872603610295521e-01 4.626486721894622622e-01 4.238212724367608208e-01 3.848599687478692077e-01 4.411168515933894807e-01 3.552926552517884917e-01 4.208469187695963454e-01 4.440675551589393089e-01 3.814658133773194959e-01 3.783680991818029193e-01 4.223903928025043442e-01 4.616720149909866455e-01 4.498931316762224131e-01 4.574383327520992193e-01 4.192036565566720774e-01 4.425456097143937173e-01 4.743654042140012517e-01 4.732200028082398369e-01 4.463556367559109450e-01 4.554269866268128575e-01 4.635275123524593699e-01 4.543886331051455452e-01 4.689064312949129398e-01 4.678002140906320494e-01 4.745197187494946123e-01 4.474782957153126683e-01 4.854742252057751006e-01 4.800527972180458347e-01 4.706117508774523284e-01 4.817034171203904980e-01 4.761500351478605841e-01 4.777274218726467181e-01 4.802782170303452891e-01 4.766845035398383224e-01 4.759640966169909615e-01 4.487818911676397238e-01 4.765479617629860276e-01 4.741245472947862027e-01 4.750349857211049742e-01 4.612006717156553748e-01 4.630512830360824506e-01 4.742090768833551739e-01 4.460713960320480953e-01 4.769452180237115924e-01 4.581425396072815182e-01 4.809790498936842851e-01 4.771210497244157689e-01 4.644279235898129410e-01 4.680775777195815279e-01 4.750359503230655034e-01 4.753041344754761477e-01 4.678945545016620633e-01 4.756190160361117858e-01 4.710556415028798183e-01 4.687170726790245712e-01 4.761459874190390185e-01 4.769263698318462752e-01 4.789236892233052489e-01 4.618685433800367446e-01 4.624653973415848163e-01 4.848483138366871392e-01 4.781300366585347073e-01 4.809388086476776292e-01 4.677127172947918576e-01 4.724832007326735805e-01 4.714792286985890479e-01 4.744071686948351241e-01 4.802704172902248492e-01 4.723407368380247440e-01 4.719529153184077730e-01 4.777230383217591636e-01 4.739478414643058524e-01 4.762625537108995943e-01 4.808649800452953205e-01 4.804501000110712461e-01 4.799674860260271236e-01 4.770051806671379291e-01 4.830417574853786977e-01 4.787310513513064469e-01 4.777337446876646632e-01 4.817657179161512482e-01 4.756418124575775286e-01 4.752493935026239069e-01 4.692513916601104840e-01 4.790503553048731655e-01 4.801935204220067477e-01 4.781400973515040342e-01 4.768968175683456767e-01 4.827771761213472401e-01 4.845344772937561495e-01 4.857633610158123005e-01 4.672633815823979408e-01 4.773666112644779913e-01 4.754195715138926914e-01 4.756382506686810951e-01 4.795349826038758367e-01 4.745672962154830476e-01 4.809347866508640879e-01 4.755481187084490413e-01 4.799617161232517804e-01 4.766767321910130306e-01 4.765736834397041877e-01
-3.096991951307626750e-02 9.473398345334757553e-02 2.379971458724773892e-01 4.094040474227760296e-01 2.747549386305569996e-01 1.000000000000000000e+00 5.341445138261043946e-01 4.929273423931200271e-01 4.793927698499165779e-01 4.404862708442640051e-01 5.283883668255850985e-01 5.571484082169586571e-01 5.072212348168799734e-01 5.216037532658314158e-01 5.583630767497000935e-01 5.592888819802234179e-01 5.084567010963819689e-01 4.601235004293431907e-01 5.295996968358029910e-01 4.214243571520238096e-01 4.981950675415335317e-01 5.361721161567136740e-01 4.686199774829161169e-01 4.728538742060179323e-01 5.109349198100155975e-01 5.475169378409392440e-01 5.557643623746818529e-01 5.455104548506862772e-01 5.332904090862544688e-01 5.458282002967729252e-01 5.775672553230434270e-01 5.741001501124687323e-01 5.466144866368758404e-01 5.650309569613906069e-01 5.428137587295109867e-01 5.587839283582168859e-01 5.776508698064981573e-01 5.638953291211162844e-01 5.801394372743468031e-01 5.627295597881997180e-01 5.838950293679716630e-01 5.829761755864069084e-01 5.850701263916295858e-01 5.915399209250099544e-01 5.916430969686193864e-01 5.843159432605335990e-01 5.864122992795023359e-01 5.829974445123989879e-01 5.766409901447561159e-01 5.453247546654893529e-01 5.789988853883367703e-01 5.603274647401775832e-01 5.726230412033206374e-01 5.627937589150658892e-01 5.723428462420716567e-01 5.803488682500157481e-01 5.458455247016290590e-01 5.807870016139548008e-01 5.705736941695486175e-01 5.760719669746682259e-01 5.797702802057299598e-01 5.718941058739326344e-01 5.641739669905672105e-01 5.741428057814695896e-01 5.629443803279180480e-01 5.603043237751870187e-01 5.836312545550523811e-01 5.812213615041436077e-01 5.821116529130624384e-01 5.784975337752026325e-01 5.843180051975274125e-01 5.867805729701585093e-01 5.744390136907008282e-01 5.733272951620919100e-01 5.932269694469688437e-01 5.861675975119123860e-01 5.918880113885645056e-01 5.841559093074453202e-01 5.882102252281381505e-01 5.840969727492557606e-01 5.847965062121103230e-01 5.900223456473211447e-01 5.818657481837865575e-01 5.846544241794133789e-01 5.938223025746951489e-01 5.897970401576553279e-01 5.928747305324649775e-01 5.935226494914083162e-01 5.960586777015604021e-01 5.857088990964832709e-01 5.938929203860227046e-01 5.943240934589093527e-01 5.911689645811579741e-01 5.908553179127385979e-01 5.913219819966607504e-01 5.878157166834003799e-01 5.923685053279504897e-01 5.712484239743816916e-01 5.912338983342441123e-01 5.925344685724311944e-01 5.947627294672337417e-01 5.888998723948084546e-01 5.862682920845093681e-01 5.920915386908676137e-01 5.921777660396904119e-01 5.756204748810178629e-01 5.853775997362340444e-01 5.853914859642792567e-01 5.883361223374214966e-01 5.876910608759243759e-01 5.906396435750624896e-01 5.850450731981404751e-01 5.854732024807581814e-01 5.863872535119289964e-01 5.826054510411862175e-01 5.808378066913677529e-01
-8.719282451592171718e-03 1.448392988008901372e-01 3.336384393931589587e-01 5.454608243488485719e-01 4.284440056909931682e-01 5.341445138261043946e-01 1.000000000000000000e+00 6.863503035163156518e-01 6.799091258145607553e-01 6.567321234411900299e-01 7.439247606553263115e-01 7.765889640159087115e-01 7.176143939426483653e-01 7.012724720182388349e-01 8.290207589332309057e-01 7.866531910250963433e-01 7.244870820603699357e-01 6.167957071692240500e-01 7.413178100851505192e-01 6.072262208691673324e-01 6.629886182507440662e-01 7.332946116314750240e-01 6.561194393459899299e-01 6.437453987526068344e-01 6.929832017524791832e-01 7.530003364603474747e-01 7.629894566952756252e-01 7.483899980030304100e-01 6.842931385807818900e-01 7.582929355165211049e-01 8.000214048108339471e-01 8.026321703549534892e-01 7.668429034433357216e-01 7.938853752551969789e-01 7.696240271629805063e-01 7.712408025882657725e-01 7.908295502154247814e-01 8.069386943066296780e-01 8.140864758141426183e-01 7.884102194504439831e-01 8.122708365971911260e-01 8.150904171265687115e-01 8.061042010851615647e-01 8.181343029862286897e-01 8.107895962440320181e-01 8.123263042857034044e-01 8.162112301268414916e-01 8.086923565895107746e-01 8.085731688691953911e-01 7.616740509788370028e-01 8.098277908233828537e-01 7.612758177630201128e-01 7.929655956674342976e-01 7.824671084471058746e-01 7.881078779567489700e-01 7.998598871026926238e-01 7.540725564034654882e-01 8.090596513490692088e-01 7.972956161537348985e-01 8.053592160188947080e-01 8.056154517181937091e-01 7.990887772261789923e-01 7.918316422149881406e-01 8.022477797812185285e-01 7.895139840952438703e-01 7.771110086707222475e-01 8.132001351468108874e-01 8.108776861294136884e-01 8.072633243138387371e-01 8.125489009749282676e-01 8.093922772979025293e-01 8.103432096219954639e-01 7.945683225505362213e-01 7.926433918809092649e-01 8.219445237807555538e-01 8.176620497053616043e-01 8.128633248621209839e-01 7.880195764694298832e-01 8.082630779928958731e-01 8.099192836036743781e-01 8.127562402854536794e-01 8.158640106770346234e-01 8.120509957863112360e-01 8.141678982803310927e-01 8.183334260555732431e-01 8.172647827855347158e-01 8.193587994239787120e-01 8.259885937351260088e-01 8.266701236777409534e-01 8.133165233664623184e-01 8.213763753189314842e-01 8.271046172385871920e-01 8.211015346971541895e-01 8.214907895230282309e-01 8.240578093141196492e-01 8.179024051957680674e-01 8.124186712886117823e-01 7.857610509263918130e-01 8.180635818059812658e-01 8.241923473718818505e-01 8.244513833218152232e-01 8.144972232113008026e-01 8.123632144131197608e-01 8.228444869628873670e-01 8.145398203985237950e-01 7.911596414015198420e-01 8.137614897675495840e-01 8.146561848283969676e-01 8.157820127895358819e-01 8.195588293343282205e-01 8.166010249693336220e-01 8.132763282285127016e-01 8.128568624663607967e-01 8.171146104842437197e-01 8.112155130821105953e-01 8.040484281563959890e-01
9.183227874050859871e-03 1.638611664823479419e-01 3.422751922650816292e-01 5.493374864187298146e-01 4.160920231888561305e-01 4.929273423931200271e-01 6.863503035163156518e-01 1.000000000000000000e+00 7.039749514079544079e-01 6.576458259280422158e-01 7.416648043037842308e-01 7.682185455257668494e-01 7.208403933861257107e-01 7.032893755306497408e-01 8.002079571061163632e-01 7.920145915479039900e-01 7.362927099189462421e-01 6.397977135329259157e-01 7.440523948571193813e-01 5.752397802400386340e-01 6.750504935430718945e-01 7.392095117895396417e-01 6.634047582275849342e-01 6.481891511703939956e-01 7.029729221732781141e-01 7.437929341972097097e-01 7.574028226389220020e-01 7.208989448960049229e-01 6.645294251458779833e-01 7.599303645475323776e-01 7.847287972402641198e-01 7.914840639452543902e-01 7.469196514982967550e-01 7.861903630331662507e-01 7.630441479454558307e-01 7.730828147828824326e-01 7.733540447531400686e-01 7.994147373381877975e-01 7.956009517110058660e-01 7.612388469158327675e-01 7.976888225048202052e-01 7.954554495129074754e-01 7.964752146044460357e-01 8.081425309105513266e-01 7.917031283752061777e-01 7.956137152824978021e-01 8.111750648891555837e-01 8.089310181663994515e-01 8.090232866526994027e-01 7.801101645446085753e-01 8.100518992340591806e-01 7.824442382610934388e-01 7.977937059498866335e-01 7.978597811319401156e-01 8.041357069055329321e-01 8.023201505877760598e-01 7.913560768724000605e-01 8.059241437562139065e-01 8.072730981709625997e-01 7.985643293012438804e-01 8.101047259543230350e-01 8.039197750737844261e-01 8.045128313597843528e-01 8.049163860597342568e-01 7.919341284954156679e-01 7.889024145591004844e-01 8.050617372394158755e-01 8.008494733541324795e-01 8.018225816318677035e-01 7.947187326990456935e-01 8.026523915733990711e-01 8.064692853921455740e-01 7.874401442255977157e-01 7.883127199513685346e-01 8.096034590658710561e-01 8.039485686455142277e-01 7.963873329417737734e-01 7.726048233306811452e-01 7.957380742204412938e-01 8.007958298276975917e-01 8.021191576815724922e-01 8.050224950672209001e-01 8.081192234174023881e-01 8.021760749722185446e-01 8.057783436584584624e-01 8.075658577664942550e-01 8.024726986719314947e-01 8.128957174223901960e-01 8.089732483097632487e-01 8.093786593071695679e-01 7.993259183071687035e-01 8.093198564033182718e-01 8.087183978315040100e-01 8.070390432704903638e-01 8.133302078433288784e-01 8.098879254272030037e-01 8.144157783097778491e-01 8.101454828800087604e-01 8.173877944514027494e-01 8.122800963989377232e-01 8.110484206881789504e-01 8.185959836141916135e-01 8.091183828471265604e-01 8.138019636622806363e-01 8.168530777209789262e-01 8.092502959459650924e-01 8.134766784794296157e-01 8.062234353300955503e-01 8.122172554325246541e-01 8.116580481356728827e-01 8.130630291401202969e-01 8.091053197818305343e-01 8.113825798470836181e-01 8.124665065054214041e-01 8.092041854381054611e-01 8.077764977258957702e-01
1.426344000346708440e-01 1.289215022976901437e-01 3.565376588175161454e-01 5.627070212924437653e-01 4.407969128146940196e-01 4.793927698499165779e-01 6.799091258145607553e-01 7.039749514079544079e-01 1.000000000000000000e+00 6.973915882038542735e-01 7.774557100989063496e-01 8.034072251792329089e-01 7.519967994601449712e-01 7.163331920744580028e-01 8.117737203517927380e-01 8.074830625926544547e-01 7.945896189671987075e-01 7.607373567619244437e-01 8.108602939576939894e-01 6.235966342333922885e-01 7.562248771477880771e-01 8.022958597287507265e-01 7.819764235661076368e-01 7.424797482784482039e-01 7.911747694110753404e-01 7.840046876676467491e-01 7.960165661207122545e-01 7.552987083803635038e-01 7.201037321944361302e-01 8.433268865381324808e-01 8.439161839817770350e-01 8.309964098372762953e-01 7.793879091581920049e-01 8.244811061718335665e-01 8.268666324263135303e-01 7.849831334778426539e-01 8.037353049712965269e-01 8.179511420774052688e-01 8.331427512553127857e-01 7.326627347810822366e-01 8.212161728495178670e-01 8.133305002429837005e-01 8.122026262762671589e-01 8.382459150763760247e-01 8.152678720882895469e-01 8.347769620049781958e-01 8.444361607785776380e-01 8.536804711753233077e-01 8.462846953722049648e-01 8.023332612802196451e-01 8.360391759826836244e-01 8.262080761477909041e-01 8.334991898641652686e-01 8.525118828964884932e-01 8.383089701485028078e-01 8.353077796512253794e-01 8.406238033184862957e-01 8.361749339809178005e-01 8.295104385223811549e-01 8.603620555754323274e-01 8.429910235487827475e-01 8.510872257351534964e-01 8.496378922418634794e-01 8.476932377035142352e-01 8.634186001335560912e-01 8.632893182942139587e-01 8.486861372271222725e-01 8.490389397349926703e-01 8.544728932610596850e-01 8.375637080688848046e-01 8.508232476482731066e-01 8.514660422702453602e-01 8.488190293028791134e-01 8.490184735353732970e-01 8.431774705093280087e-01 8.440640422679804855e-01 8.335634999555009417e-01 8.183059550512008506e-01 8.427292912196683305e-01 8.580812214899942170e-01 8.486775249252455078e-01 8.504858159386036176e-01 8.517024016862507763e-01 8.495375622186328579e-01 8.319422443577855208e-01 8.465410988379206136e-01 8.294580051559070633e-01 8.399174585655115877e-01 8.443925542409457252e-01 8.456496125299148847e-01 8.137861921986292435e-01 8.362650838318144153e-01 8.355851437392286529e-01 8.423178732873716212e-01 8.415918089239248223e-01 8.444529124568792566e-01 8.097705235686185610e-01 8.422994103477264849e-01 8.359531317196734479e-01 8.394267524184867435e-01 8.307737457858896946e-01 8.455873050131895718e-01 8.425605123218036230e-01 8.430514773885214863e-01 8.430979279436044971e-01 8.448573659699072369e-01 8.483445138446839007e-01 8.458056143645275027e-01 8.474128242109912890e-01 8.452996377252135485e-01 8.360096574376673084e-01 8.550413636239903026e-01 8.445908843198526306e-01 8.481689351586542136e-01 8.550890994555734315e-01 8.560314528053472038e-01
8.022305097047176259e-03 1.682888762662465287e-01 3.083043301710161610e-01 4.974430798377751373e-01 3.981607593634310382e-01 4.404862708442640051e-01 6.567321234411900299e-01 6.576458259280422158e-01 6.973915882038542735e-01 1.000000000000000000e+00 7.234171550917855020e-01 7.288313158120586222e-01 6.755351579901797132e-01 6.753382223737908197e-01 7.676581824277539656e-01 7.535196579739321665e-01 7.120765604257611736e-01 6.223970360314893258e-01 7.181819348170276340e-01 5.203378685245227953e-01 6.112767285958584651e-01 6.819147119081336861e-01 6.500252013657212835e-01 6.207473798197458148e-01 6.569249193220384475e-01 7.091243813626643133e-01 7.198076514052764718e-01 6.867321661858648563e-01 6.272469609832492798e-01 7.337137086358396232e-01 7.554912927993040483e-01 7.640901811305024216e-01 7.055680231963925575e-01 7.443449748237934704e-01 7.444362523800672760e-01 7.232127367683948149e-01 7.458434822628254857e-01 7.627455430435013950e-01 7.650089935622943482e-01 7.155819492118287162e-01 7.806296659001554783e-01 7.656076488760190646e-01 7.507748496758919199e-01 7.704221512150800644e-01 7.569782572088042949e-01 7.710527123773704972e-01 7.888911267252889381e-01 7.924636668915678861e-01 7.870934313184083653e-01 7.201309664056619875e-01 7.716014321452328018e-01 7.241824467974931068e-01 7.626314336750930067e-01 7.841020102656123258e-01 7.794618972642206600e-01 7.796344523450599029e-01 7.636079583821018257e-01 7.851625280593077516e-01 7.837550116136129397e-01 7.856991399836142920e-01 7.804718525635441218e-01 7.861433235228757477e-01 7.756920229415218415e-01 7.811218803820598744e-01 7.737451641429150540e-01 7.748745333582897077e-01 7.862615535556228830e-01 7.864994208123941011e-01 7.783897620891886415e-01 7.620957402685316628e-01 7.741663524207011982e-01 7.821601560034536771e-01 7.711453673207416815e-01 7.626894165991937591e-01 7.838527580760618063e-01 7.816176122345894761e-01 7.722501848559473192e-01 7.440038436416085421e-01 7.694657280293043522e-01 7.784366883718673025e-01 7.762869542235487641e-01 7.832875495813106381e-01 7.856161730303468094e-01 7.800243659050208889e-01 7.660969889777227149e-01 7.809560193656760463e-01 7.762450663759524749e-01 7.855860605355931003e-01 7.838768380859092444e-01 7.878963179091180713e-01 7.694405452322284900e-01 7.853597237902700812e-01 7.842817306362181995e-01 7.848159626236499431e-01 7.889276067669463988e-01 7.910793030618747945e-01 7.629720638216815898e-01 7.669880903301820041e-01 7.829210460685336326e-01 7.803809581888596636e-01 7.782136043373653056e-01 7.860925394948466982e-01 7.836518909888000595e-01 7.844347979968233631e-01 7.782481866392850778e-01 7.823842460858279058e-01 7.892159193681786977e-01 7.916864798041683970e-01 7.922764349343935919e-01 7.897442947379971212e-01 7.863433647938402604e-01 7.877542140718492014e-01 7.904494763043500294e-01 7.866348389630027915e-01 7.856276316397849957e-01 7.842727068457173711e-01
2.635702362272452845e-02 1.307542878033581268e-01 3.644997452898526835e-01 6.020251614526123118e-01 4.432249768567427806e-01 5.283883668255850985e-01 7.439247606553263115e-01 7.416648043037842308e-01 7.774557100989063496e-01 7.234171550917855020e-01 1.000000000000000000e+00 8.645550978610124782e-01 7.808109179138161826e-01 7.689990529712231737e-01 8.709647947340410923e-01 8.579180451384071926e-01 8.097644510183594768e-01 7.165922405641280690e-01 8.147932088198629463e-01 6.336926791647586876e-01 7.414810522421506622e-01 8.180296127515662707e-01 7.452123381916864187e-01 7.193637027368855463e-01 7.775793344792855111e-01 8.196785515747536666e-01 8.422020301130197506e-01 8.053055601325714852e-01 7.696056144540340815e-01 8.481808595107194204e-01 8.890320411729962791e-01 8.738892108439466622e-01 8.256482317832208873e-01 8.641899386404390260e-01 8.470744994667488426e-01 8.524640007645086781e-01 8.665875122320566559e-01 8.797312986773380139e-01 8.851411644599280759e-01 8.302666933684061945e-01 8.846421345468079567e-01 8.816856226410774156e-01 8.771709476567539632e-01 8.924933311578031603e-01 8.786001451076800306e-01 8.853896213344243371e-01 8.981400419332047358e-01 8.977818239728311278e-01 8.975509211231590401e-01 8.457881567179886817e-01 8.904771943968530223e-01 8.554468636263478087e-01 8.817704348532634517e-01 8.817298652463853026e-01 8.820151388152144278e-01 8.855225037191231108e-01 8.635660443187495039e-01 8.904172193960963044e-01 8.873624876580146204e-01 8.904944550848138407e-01 8.924120297820246073e-01 8.909982032577615785e-01 8.889678300520881260e-01 8.927609934724056728e-01 8.807083510525759440e-01 8.793271853102166968e-01 8.984104538084120017e-01 8.935728198399838229e-01 8.912766159005275357e-01 8.822479990590778032e-01 8.950340385978201585e-01 8.979670209936796432e-01 8.804720870534920030e-01 8.797044420809116971e-01 8.980040267639809448e-01 8.983458636162433564e-01 8.914420680995487345e-01 8.776293337546509088e-01 8.896676220950490155e-01 8.933579553004533658e-01 8.946511008865611903e-01 9.004032244467909951e-01 8.956861495131481776e-01 8.927785249084461139e-01 8.868395639985733325e-01 8.966343602026872750e-01 8.933866537332785240e-01 9.008388711244905700e-01 8.990897589336905860e-01 8.953536402398969418e-01 8.870593153306817191e-01 8.997714072417513087e-01 8.980843302457194310e-01 8.996267858840555354e-01 9.010751478010476934e-01 8.998686344573942897e-01 8.833876564895551953e-01 8.804164319200082911e-01 8.965974542303444261e-01 8.977439284850434742e-01 8.961081725435280365e-01 8.984577677929023176e-01 8.984787384174370839e-01 9.009680108462310155e-01 8.979478408065385553e-01 8.868377136254447235e-01 9.005816199265754829e-01 8.976706144893000783e-01 8.986705171532505254e-01 9.010790813376271524e-01 8.982676186499045645e-01 8.999351541600175697e-01 8.988614461797762578e-01 8.998212703754588926e-01 8.981433240226033288e-01 8.969078996448670571e-01
1.888980639064623615e-02 1.288060276701016027e-01 3.806492346386912695e-01 6.363614693433460312e-01 4.650084412246586751e-01 5.571484082169586571e-01 7.765889640159087115e-01 7.682185455257668494e-01 8.034072251792329089e-01 7.288313158120586222e-01 8.645550978610124782e-01 1.000000000000000000e+00 8.132199846346362948e-01 8.092958385158014467e-01 9.039133508284925567e-01 8.911039197396957157e-01 8.399042995593726246e-01 7.579119167039631844e-01 8.562341600503396988e-01 6.735802864525448630e-01 7.931617293011131720e-01 8.634090198267764249e-01 7.786716541740816844e-01 7.603245483494236456e-01 8.238021175683917230e-01 8.578642859953893307e-01 8.844488243785337822e-01 8.491762117512677843e-01 8.098835294179828059e-01 8.879197864642804916e-01 9.254931402097874571e-01 9.113516664754319763e-01 8.656437513473103085e-01 8.984910421189051810e-01 8.830976215273614871e-01 8.904005878204768187e-01 9.080658605647233816e-01 9.177321094307634430e-01 9.264184983303318521e-01 8.697760029032701734e-01 9.188950579977198663e-01 9.196738993486179847e-01 9.236639360880778415e-01 9.353440876796488279e-01 9.218954483436060388e-01 9.289692395852667817e-01 9.327199977835914924e-01 9.306023690727782682e-01 9.313749050215784919e-01 8.823843199387996217e-01 9.272842663324079027e-01 8.955436378326769864e-01 9.142670377736750176e-01 9.149454965534888906e-01 9.173107577143635449e-01 9.219236834592332563e-01 8.953095398552600725e-01 9.243461903542505853e-01 9.213203286669578995e-01 9.277249240708912437e-01 9.308068773645735705e-01 9.261736818564862972e-01 9.257718195915940473e-01 9.290629799277179135e-01 9.164672510712983389e-01 9.119578774071014360e-01 9.336140404704909024e-01 9.310789811931706739e-01 9.291737841194850356e-01 9.246705759742268604e-01 9.356676434294199929e-01 9.364092741341347725e-01 9.172519638357499172e-01 9.197950116567970014e-01 9.361797194791756649e-01 9.370472882991393027e-01 9.311893308386409718e-01 9.171420025256199482e-01 9.297708079579495299e-01 9.304954891155394758e-01 9.338203851138853206e-01 9.381425298919118250e-01 9.316900034789099561e-01 9.296411403052482481e-01 9.268089235150013261e-01 9.333070357225490277e-01 9.311092177359440170e-01 9.376615630520425126e-01 9.366806260643673054e-01 9.317885188023011800e-01 9.248708961091578473e-01 9.367308095504592869e-01 9.347915033888977154e-01 9.381451064790613525e-01 9.361931263390225189e-01 9.359229738265680831e-01 9.228225967309632294e-01 9.148769571821299129e-01 9.321716907154460330e-01 9.351245071578315748e-01 9.354736243824597342e-01 9.357490179397475183e-01 9.339772479627210799e-01 9.384325302074323361e-01 9.358335138691776800e-01 9.222626962276444518e-01 9.349624774340797861e-01 9.332453007676493328e-01 9.348515796453300553e-01 9.356459535649342962e-01 9.339016156865582730e-01 9.361792299373360438e-01 9.343643428162231590e-01 9.360011813375260781e-01 9.344374757564573031e-01 9.319817073501680538e-01
1.806331129845762523e-02 1.308403702989394957e-01 3.494054884201113764e-01 5.533982932030525603e-01 4.449995836022289653e-01 5.072212348168799734e-01 7.176143939426483653e-01 7.208403933861257107e-01 7.519967994601449712e-01 6.755351579901797132e-01 7.808109179138161826e-01 8.132199846346362948e-01 1.000000000000000000e+00 7.348797826789630339e-01 8.421644092257928316e-01 8.315284742063105972e-01 7.702844449438474017e-01 6.941942983950186719e-01 7.901463929550895937e-01 6.115833736394858944e-01 7.065203208850409089e-01 7.801954523040557365e-01 7.233440216427760028e-01 6.975418605832779395e-01 7.502872719152640091e-01 7.714985125606325100e-01 8.009623291424623481e-01 7.616481113159555560e-01 7.263477260611083119e-01 8.265012458113064620e-01 8.409557225893612431e-01 8.365874617511556144e-01 7.813945833716909872e-01 8.304360345159773615e-01 8.255631237480149931e-01 8.107183956068053643e-01 8.252747216072011671e-01 8.297836068283228617e-01 8.452445187655448500e-01 7.767110186874128797e-01 8.405614749385822426e-01 8.363422513424201288e-01 8.380630192462316108e-01 8.520451889338713780e-01 8.400819596349039520e-01 8.471101252815578242e-01 8.579530038664368030e-01 8.558762864903409762e-01 8.556414741157734039e-01 8.012411240253879408e-01 8.457883082392084750e-01 8.254895982179504266e-01 8.483891169109759600e-01 8.438676027785305678e-01 8.391246811901871272e-01 8.374182736705584329e-01 8.219661419137976877e-01 8.488319615284822817e-01 8.406824599453575075e-01 8.579940888820621891e-01 8.576787662534303136e-01 8.535582850503793395e-01 8.471175638958960974e-01 8.529072111727891148e-01 8.460243972799098566e-01 8.448102150917552455e-01 8.560176076013807922e-01 8.564728795874508860e-01 8.573640808077035436e-01 8.487293759142712224e-01 8.551255944786858576e-01 8.597121283066908592e-01 8.445215876701475111e-01 8.437699712659191276e-01 8.528889122881700979e-01 8.543087499497873383e-01 8.483273934042349085e-01 8.325582133045129618e-01 8.495964247763387878e-01 8.585084470254791267e-01 8.554356333251887934e-01 8.593073112057996177e-01 8.562751412077985735e-01 8.580876585306506099e-01 8.482942185876412022e-01 8.568541314099415995e-01 8.503631582116619736e-01 8.558460247526372688e-01 8.593718728218833203e-01 8.521585222425605011e-01 8.403592218267224023e-01 8.572034800411674205e-01 8.555073859191250074e-01 8.567494308368097666e-01 8.605536678889549318e-01 8.597709331192412430e-01 8.426452675731938013e-01 8.408565520138294724e-01 8.565023941661330520e-01 8.563499571648139908e-01 8.577271354444160334e-01 8.585361221090751505e-01 8.584280854076048461e-01 8.616106616945777841e-01 8.596646997213555075e-01 8.488931164515245431e-01 8.598490982474307209e-01 8.574789742404542725e-01 8.594815765196032187e-01 8.586090283642906495e-01 8.535178640949739881e-01 8.620812885774010725e-01 8.577606510032496079e-01 8.606435246215056178e-01 8.584989946391771154e-01 8.588520185157614284e-01
