1.000000000000000000e+00 1.295260120969911055e-01 1.067230453237567461e-01 -4.492202069270700981e-02 -4.061370292594332354e-02 6.577002396660429524e-03 -5.795848031556136842e-02 -1.571063160189183072e-02 1.392128418874697127e-01 9.562902901455032356e-02 5.530355310436883137e-02 -8.405419646173806214e-03 1.629115915089048711e-02 -1.624162505847017877e-03 -1.952015204613107707e-02 -3.388648307604645062e-03 1.510285073140522072e-01 2.710463291008394782e-01 1.814820668759242750e-01 2.380325452251841334e-01 2.171379338664544689e-01 1.172802024565430534e-01 2.484092750159680174e-01 2.174342142282922052e-01 1.731513354325706910e-01 1.455798472563677726e-01 1.726723503607293098e-01 1.699478433326437332e-01 2.307490225683155316e-01 1.740301457486149173e-01 1.397933559337761200e-01 1.453517160969469146e-01 1.701040272822015031e-01 1.202700942662322248e-01 1.469461754190705960e-01 6.690178769525058355e-02 9.762119447901011771e-02 7.172141171233135937e-02 7.661253857771761766e-02 3.930330994627927871e-02 5.214533037131372645e-02 5.534709665439217080e-02 2.861624083944233621e-02 3.947918065267543020e-02 6.597030651797843037e-02 5.043081689399150219e-02 7.904181427966209053e-03 3.350534761595347355e-02 5.425415584115871048e-02 4.620167329707056125e-02 6.712240524556917221e-02 2.516881152938381383e-02 4.023833543114931077e-02 9.329235723015222304e-02 1.104383776896072922e-01 1.048053929481239654e-01 1.138690211172994071e-01 3.623522255669398007e-02 5.326029025250803711e-02 5.224340202481768392e-02 3.547782591883185538e-02 5.717372150546801146e-02 5.540342037686691451e-02 6.220535500589788325e-02 8.786422202047905472e-02 9.888468322195111126e-02 3.859212118391221885e-02 8.711654072388140546e-02 9.710230174216820387e-02 1.199253249522196918e-01 5.996120877323073139e-02 5.843763488264540340e-02 9.589951397164098168e-02 9.310123920291432653e-02 4.454566530127322677e-02 5.364038613672199307e-02 5.186137418108529434e-02 1.002945532381279842e-01 5.120503535877012069e-02 8.124202589764932536e-02 6.079355077539287666e-02 5.153966583367174115e-02 5.209922628033791109e-02 7.887101467493848328e-02 4.571838363466901312e-02 5.183144601974286336e-02 4.828953900557805129e-02 2.087351273735429252e-02 3.020082398726427197e-02 4.490040703393442106e-02 1.948199274945500506e-02 1.484007725871378143e-02 2.271422636325982208e-02 2.114894008549139323e-02 6.072935798161187108e-03 1.124126690843715165e-02 -5.032329948682148779e-03 4.890315834348876040e-02 1.452380259022746124e-02 7.119454125782494550e-03 4.855007720362337215e-03 1.493899661992154418e-02 1.354547680504738713e-02 5.800805419511055258e-03 2.149591561624024372e-02 5.407131992390727671e-02 2.979139087302068098e-02 3.129257448798630076e-02 3.437682289042016254e-02 1.354202826432106786e-02 4.797584007578965803e-03 2.841052675388514026e-02 2.256714903971324473e-02 2.385018045574966578e-02 4.382642919015963118e-02 4.366562261691269570e-02
1.295260120969911055e-01 1.000000000000000000e+00 2.984901003684256246e-02 7.717864159765441172e-04 5.067168585253259416e-02 1.093303226586108678e-01 8.713427135085111130e-02 8.710658519976828551e-02 1.823177459965104330e-01 2.082414479418231990e-01 1.549211792726125081e-01 1.209512255870091035e-01 1.461405078003686353e-01 1.149063496872818058e-01 1.324802731548255230e-01 1.313248192306191720e-01 1.652912854862321756e-01 2.013669576067727840e-01 1.393730363558530472e-01 1.316814291236161616e-01 1.662148151443519628e-01 1.032795228491946715e-01 2.071789101757025298e-01 1.782437080405616103e-01 1.226092689395646002e-01 1.773946468497922258e-01 1.588722993288291807e-01 1.656905107537112731e-01 1.942154987914416764e-01 2.097112126359550188e-01 1.747006236727338402e-01 1.968288292444960452e-01 1.913397554128280220e-01 1.714020347765544128e-01 1.878175815149192018e-01 1.251561915238068867e-01 1.499649913305270421e-01 1.694080739226874466e-01 1.632542352145102127e-01 1.280214356767905293e-01 1.551266265796580057e-01 1.502186557208800288e-01 1.152745561778894812e-01 1.371060082697010130e-01 1.390115890262267340e-01 1.498046632960502722e-01 1.590766938818027332e-01 1.652663993160865541e-01 1.589016915977551347e-01 1.051209291864632356e-01 1.525049565591665435e-01 7.336758697370350524e-02 1.271194436724342458e-01 1.961109821493137728e-01 1.809140750980902101e-01 1.797764163779076441e-01 1.778463786970417293e-01 1.573857012151106960e-01 1.688441239735730404e-01 1.630771253666321585e-01 1.523089273510387920e-01 1.780359627840698844e-01 1.534611382046582040e-01 1.714396703209947193e-01 1.639962790333742704e-01 1.754807524373369898e-01 1.614235029028562030e-01 1.681475172639576576e-01 1.925828938541629676e-01 1.588707125532617115e-01 1.359901794026772137e-01 1.514105740682249734e-01 1.749406113757824843e-01 1.617903609288807443e-01 1.563606965429001905e-01 1.626085099010786961e-01 1.587078509507753310e-01 1.854505476575719625e-01 1.590418269874235568e-01 1.831059428849220461e-01 1.720968771380935736e-01 1.629217655048913471e-01 1.673322725642909237e-01 1.867128597786498201e-01 1.507480152531597284e-01 1.644197822287823407e-01 1.586946014915764924e-01 1.546853771227572893e-01 1.596428562836052500e-01 1.640676093564383264e-01 1.448886608427585876e-01 1.505501911974825024e-01 1.463368644337367241e-01 1.499607866218449492e-01 1.537822761364939506e-01 1.563720048892775216e-01 1.134407885355097068e-01 1.320559934790933587e-01 1.426343702801383673e-01 1.424786894281132033e-01 1.400987304036905579e-01 1.365249623065209195e-01 1.403897827940686627e-01 1.356823544529892622e-01 1.292020249915689922e-01 1.565458151048025881e-01 1.555928245314627534e-01 1.669301261467175390e-01 1.639232208537056701e-01 1.552002639352037250e-01 1.480825454929330653e-01 1.568464303469555843e-01 1.509861176755517287e-01 1.507161666852865622e-01 1.527230128678604415e-01 1.566639749464998899e-01
1.067230453237567461e-01 2.984901003684256246e-02 1.000000000000000000e+00 2.892785722775843560e-01 1.683949046269212491e-01 2.423228776930800021e-01 2.771964522932183206e-01 2.929388099603867923e-01 3.470677744537662424e-01 3.250273484778333222e-01 3.789610989334493696e-01 3.606746934249639436e-01 3.183940165053977811e-01 2.778382257750093842e-01 3.464846587397639732e-01 3.463000532417983002e-01 3.525498547551879081e-01 3.387229763749004530e-01 3.545415588372680116e-01 2.921531751170519109e-01 3.498656086974819002e-01 3.649397639818687811e-01 3.532698969747354867e-01 3.287622174542795817e-01 3.477462905162864715e-01 3.868690622312190297e-01 3.984070915045270778e-01 3.932839018302355938e-01 3.686443690972561193e-01 3.838267726372585620e-01 3.993782965220208925e-01 3.795546935597632898e-01 3.630785257978187963e-01 3.699214427048047038e-01 3.747205278868084855e-01 3.771974485030893387e-01 3.807376802637995050e-01 3.806275695950158133e-01 3.851706246630424713e-01 3.642515036430908903e-01 3.723707750597151089e-01 3.842311838878764152e-01 3.790779550119345309e-01 3.858191147372493912e-01 3.893397624644485133e-01 3.867016460248340337e-01 3.552363123386652610e-01 3.665250732867829653e-01 3.671109417321780088e-01 3.668122952807330583e-01 3.818868126758785952e-01 3.544968378763361794e-01 3.682074514314095381e-01 3.687328838238166373e-01 3.729672047608112440e-01 3.807631262996661325e-01 3.624293283609003602e-01 3.735523574678691894e-01 3.741389069299892456e-01 3.736210685306704526e-01 3.684713908366107349e-01 3.680088216048337801e-01 3.658503724226280229e-01 3.730403536054008873e-01 3.849680012394965933e-01 3.760603050219271104e-01 3.732845353805331334e-01 3.860765358810733794e-01 3.811144579482212413e-01 3.893914743821646485e-01 3.891780233347182927e-01 3.896762717586799152e-01 3.783418788362393759e-01 3.864385665064974940e-01 3.798967591637286700e-01 3.842482838158645664e-01 3.802423326003201987e-01 3.847664309721347542e-01 3.809920512457035113e-01 3.817539542383122098e-01 3.821323882846610065e-01 3.823597951382274318e-01 3.743736457316155786e-01 3.790940815433072042e-01 3.809642626001638055e-01 3.771938882250411851e-01 3.854305694213371880e-01 3.753502839854339634e-01 3.762148683703100960e-01 3.804968802322306609e-01 3.748911430155907887e-01 3.706479210258496471e-01 3.777583154211901495e-01 3.748438448369231235e-01 3.658805884355211258e-01 3.660312206447700611e-01 3.585514912719616198e-01 3.613447871932787825e-01 3.685151002580083768e-01 3.716028453700765399e-01 3.706039559204870049e-01 3.693556128774974079e-01 3.706679069832748419e-01 3.707543674698078329e-01 3.742159802025344373e-01 3.630889741285038275e-01 3.675744632763131015e-01 3.717242620696141198e-01 3.735190949021636730e-01 3.685573280127419915e-01 3.674331373461139361e-01 3.675168369802110924e-01 3.689847070189013478e-01 3.691445296386253183e-01 3.762864908973885814e-01 3.707145929518042005e-01
-4.492202069270700981e-02 7.717864159765441172e-04 2.892785722775843560e-01 1.000000000000000000e+00 3.528788269903498365e-01 3.266628285849640934e-01 5.254984630108232579e-01 5.650232352149776593e-01 4.990681120915659297e-01 4.222143009837430183e-01 5.546163038828115788e-01 6.275562093404477571e-01 5.055703656316009598e-01 3.959990942379396084e-01 5.867895526609167023e-01 5.864152440597977245e-01 4.813606664334210694e-01 2.900726296334018017e-01 4.360569295834589854e-01 2.273106010546966649e-01 3.562613035542211981e-01 5.061804036177551813e-01 3.770400503597487463e-01 3.582615718526758752e-01 4.432357021586937895e-01 4.912701490961537409e-01 5.111107522181916885e-01 5.066541922667761044e-01 3.963905051385188116e-01 4.849550232596380184e-01 5.379487006234586755e-01 5.041352300930377339e-01 4.606957491995472553e-01 5.159671438054036496e-01 4.833721088806429145e-01 5.888627407312773121e-01 5.511448930778236610e-01 5.588681881949586483e-01 5.801421237487658367e-01 6.108369281234619086e-01 5.678234875119270164e-01 5.938535393837586218e-01 6.275290262558961274e-01 5.963721727794466521e-01 5.927109242368645559e-01 5.747180095301611669e-01 5.614551034726571466e-01 5.540863367522252947e-01 5.569996077938458301e-01 6.121994293845285373e-01 5.814891033198649195e-01 6.377540293803158900e-01 5.946495809988087133e-01 4.927121009814867669e-01 5.035700027221735597e-01 5.250962999347424942e-01 5.291976876734512114e-01 5.655230585606955129e-01 5.446111011643354205e-01 5.567005562134150765e-01 5.775540109038044267e-01 5.386588970758302564e-01 5.594812175733158144e-01 5.556247990839935369e-01 5.626579068404692352e-01 5.453263095315917797e-01 5.598315159070555991e-01 5.421146930520902574e-01 5.209856724500975256e-01 4.979821975441718895e-01 5.798633036900852078e-01 5.703966315641956220e-01 5.307356588665937958e-01 5.557484975108865077e-01 5.671093368981978688e-01 5.638505287843909031e-01 5.599049213912006273e-01 5.203975183167847129e-01 5.641751865000135258e-01 5.323264222532605450e-01 5.467154530004973978e-01 5.631511873548089575e-01 5.737822969717234489e-01 5.316278625119738033e-01 5.796430070832955250e-01 5.646664340553702033e-01 5.752902173553477994e-01 5.821620857552526340e-01 5.739158102403135731e-01 5.705363570646547755e-01 5.977035974778673877e-01 5.820778035385909543e-01 5.892132673462981973e-01 5.863355584122558195e-01 5.721117502644487152e-01 5.653843110497022151e-01 6.061026751157992942e-01 5.787961375759228533e-01 5.813867128737271184e-01 5.905769500044126818e-01 5.961480592177049731e-01 5.877984168235772522e-01 5.884509252400501600e-01 5.923150034686484044e-01 6.124248868282420322e-01 5.521791295495074303e-01 5.655900581916665226e-01 5.509570075189371696e-01 5.576554775176737477e-01 5.723519931518967763e-01 5.759551293025465535e-01 5.653839611539293042e-01 5.719864951289375110e-01 5.773331206080803968e-01 5.741285325259746219e-01 5.670912995771061338e-01
-4.061370292594332354e-02 5.067168585253259416e-02 1.683949046269212491e-01 3.528788269903498365e-01 1.000000000000000000e+00 2.745094524277171821e-01 4.680842788827438983e-01 4.418981469966459796e-01 3.859882606461558230e-01 3.792736022052360934e-01 4.108269551128256314e-01 4.554867244307244101e-01 4.362745879805807192e-01 3.253163548119339943e-01 4.914986733910267080e-01 4.800589037738023923e-01 3.566648070706893714e-01 1.987895160877589940e-01 2.825187775460075712e-01 2.088742708963977623e-01 2.625751365048535346e-01 3.448913214584141684e-01 2.699197743742394184e-01 2.468679259762872891e-01 2.791257954664913554e-01 3.729303483593155444e-01 3.725240651478592957e-01 3.532747269699775816e-01 2.851840031428292677e-01 3.729110168907513456e-01 4.008717063340053732e-01 3.741603041537675534e-01 3.318448256987891476e-01 3.840627806525089838e-01 3.511814647171724868e-01 4.077018524319213633e-01 4.009737269654165548e-01 4.249556926873414575e-01 4.319801519126237888e-01 4.222655665397080926e-01 4.458457711204369955e-01 4.413010995218942800e-01 4.473160492523898801e-01 4.579562708377697411e-01 4.423339326963687812e-01 4.488785896215255478e-01 4.673089399735377292e-01 4.585118207133968005e-01 4.396220580614002005e-01 4.234223417229197040e-01 4.285612350100846402e-01 4.565477294397895514e-01 4.598944771489830718e-01 4.221067040690787420e-01 4.042443834692404092e-01 4.137227961933761522e-01 4.057602797331919531e-01 4.551963299262404283e-01 4.331841178534139858e-01 4.573822941553393751e-01 4.593117420007478691e-01 4.419632644234830487e-01 4.288171047945705805e-01 4.416378552374708444e-01 4.436074213446715153e-01 4.371810685339533875e-01 4.575682826124369273e-01 4.262748460333283806e-01 4.214878238554154999e-01 4.153642821829606757e-01 4.470346055826210363e-01 4.444041145487539479e-01 4.193432502633614445e-01 4.249528292800234253e-01 4.521372741804386974e-01 4.504800837120523926e-01 4.425695222461332179e-01 4.200752649979421771e-01 4.517404534877577094e-01 4.412007602217390967e-01 4.439030333311580478e-01 4.511020284215072063e-01 4.494310941217354305e-01 4.309613197888620406e-01 4.547731704892506999e-01 4.532711810963965804e-01 4.514281175872982832e-01 4.657546578521739034e-01 4.607992685882338346e-01 4.529974258635769968e-01 4.600522838012855997e-01 4.661772427043476275e-01 4.658174715115225850e-01 4.647989890133184532e-01 4.694863498977345784e-01 4.670694407741559639e-01 4.611805981862646120e-01 4.493303310450879051e-01 4.633446235415272230e-01 4.686798037563734698e-01 4.733037234199625742e-01 4.608208311511326483e-01 4.721888849869406157e-01 4.699211997450116196e-01 4.722224266320352859e-01 4.423142915145808485e-01 4.578141802943309635e-01 4.605525150871176421e-01 4.555235365466852593e-01 4.660594553261296902e-01 4.647497956627038573e-01 4.656330240726194170e-01 4.640460737741336494e-01 4.644519030240908952e-01 4.622689406153671632e-01 4.622109006230564754e-01
6.577002396660429524e-03 1.093303226586108678e-01 2.423228776930800021e-01 3.266628285849640934e-01 2.745094524277171821e-01 1.000000000000000000e+00 4.908166766554054039e-01 4.897160412780396932e-01 5.534217439224254909e-01 4.942394739754280564e-01 5.383664728743663419e-01 5.693620629706693803e-01 5.261708756018318445e-01 4.452805068554019918e-01 5.767586009683227655e-01 5.771978667734856128e-01 5.144015168674991312e-01 4.092617785987122114e-01 4.681106092172626076e-01 3.593609079517536831e-01 4.257590586479279571e-01 4.922993461443966878e-01 4.530910315739115068e-01 4.083315435098431312e-01 4.366421813119483741e-01 5.609111984781905980e-01 5.609119844058982896e-01 5.487193539437225098e-01 4.843659635439358513e-01 5.518783817067332009e-01 5.816866672271195915e-01 5.476631389180313114e-01 5.202289261740873361e-01 5.327379879893122672e-01 5.362205011910365915e-01 5.680086570726118333e-01 5.743660922232757260e-01 5.829004399608758158e-01 5.876462249263447735e-01 5.669486479227734410e-01 6.063976010884087886e-01 6.008221685465673367e-01 5.932155602332797040e-01 6.090428822816299492e-01 5.976925063067216604e-01 6.027748377673981528e-01 5.984285516620810874e-01 6.019169365235529368e-01 5.908286414220969007e-01 5.608657444024998107e-01 5.872709547382271023e-01 5.639140351999811784e-01 5.904037197692412198e-01 5.861609601130771674e-01 5.780182403251111767e-01 5.836021585243191812e-01 5.697936617066483578e-01 6.021406186580975373e-01 5.929492679876281480e-01 6.022492371343622919e-01 6.015416017570605067e-01 5.927125635518839530e-01 5.814792402350867917e-01 5.929950215656891732e-01 5.978626446311472442e-01 5.923352603190135124e-01 6.060703606105308783e-01 5.925951023460541700e-01 5.865597799863973005e-01 5.770562828140839429e-01 5.842888804877208742e-01 6.000343868312167928e-01 5.732901694163136108e-01 5.792008666435988218e-01 6.072737587457579522e-01 6.058303891366558780e-01 6.035045150310299755e-01 5.928940638667763441e-01 5.987023436142092647e-01 5.952817183775580556e-01 6.005095662128738798e-01 6.085663831730934170e-01 5.966672292051261595e-01 5.969693676302605390e-01 5.928006683304360980e-01 5.937245393200967225e-01 6.031215241698865137e-01 6.043968515385234053e-01 6.042093496717066969e-01 6.021526463151207764e-01 5.994780880103317555e-01 6.058647900659134278e-01 6.072986600591561146e-01 6.113898917540971922e-01 6.043502738490496018e-01 6.038463338574584505e-01 5.839990220075218508e-01 5.796744410825594995e-01 5.972376059281613303e-01 6.006332005254112483e-01 6.040344015479989226e-01 5.932241093358211481e-01 6.011201288612223470e-01 6.042106588470242956e-01 6.012378348093064817e-01 5.856630079043215753e-01 5.950677406890558796e-01 6.047141400477333839e-01 6.020667410092671590e-01 6.029003255506627523e-01 6.027820607796041674e-01 6.002241011865505627e-01 5.991720220045704259e-01 6.007094540111396208e-01 6.031476546039430398e-01 6.011766433858983794e-01
-5.795848031556136842e-02 8.713427135085111130e-02 2.771964522932183206e-01 5.254984630108232579e-01 4.680842788827438983e-01 4.908166766554054039e-01 1.000000000000000000e+00 7.163968807477057998e-01 6.672742489590887116e-01 6.136280374187362829e-01 7.090105940809607876e-01 7.646099895376730071e-01 7.038349709472515592e-01 5.934260522761066747e-01 8.194216907495402991e-01 7.878091421105355430e-01 6.201893788357532022e-01 3.809627857702854725e-01 5.284115897587861044e-01 3.266745529935001779e-01 4.525323883289219529e-01 6.186380160682173335e-01 4.731681797489105112e-01 4.295870981550203305e-01 4.954433742412669983e-01 6.768427964464208690e-01 6.744552390785399920e-01 6.597585433122892251e-01 5.457970407987995376e-01 6.635124984252385172e-01 7.171768058274038404e-01 6.359755637260872119e-01 5.746708502449449085e-01 6.391495459412247504e-01 6.204152941260373533e-01 6.952002713146331336e-01 7.068394864981782932e-01 7.158725670695736953e-01 7.370574297400963593e-01 7.099431873078946298e-01 7.669296234674572998e-01 7.583958500933088986e-01 7.628217105216794636e-01 7.813166268377192969e-01 7.612922576265107599e-01 7.700659847589416129e-01 7.820009615564454952e-01 7.746817498584582795e-01 7.550426508959510175e-01 7.245705821995245266e-01 7.357190250579527246e-01 7.456925312128931393e-01 7.762138966361782355e-01 7.382143690899383159e-01 7.215812342670253621e-01 7.253262051902152896e-01 7.194296417150626288e-01 7.771455984039781217e-01 7.552070689841082762e-01 7.713963314899773271e-01 7.806850008914085759e-01 7.613229018658056457e-01 7.511870896461037006e-01 7.579459368177610123e-01 7.592806815170707324e-01 7.528395790525413966e-01 7.778399058564954283e-01 7.328628302301561925e-01 7.135160117599255170e-01 6.887558002172562421e-01 7.568897952295794429e-01 7.683625457266092251e-01 7.071633666020517017e-01 7.203866980468883741e-01 7.747843004493102370e-01 7.737788616009314557e-01 7.723794270002044549e-01 7.359647999293512655e-01 7.732992748829075058e-01 7.448011091939497064e-01 7.545261997169149248e-01 7.806359675083625049e-01 7.571840309126288693e-01 7.341383104906267221e-01 7.570741798784570431e-01 7.517852002233753606e-01 7.649801513554300714e-01 7.802042228216070630e-01 7.765708218872721114e-01 7.661442572542346285e-01 7.745857307576515804e-01 7.879615314981486263e-01 7.876434572955942626e-01 7.916119437513643442e-01 7.917275313068778964e-01 7.889870672825677334e-01 7.776498976647134853e-01 7.646872253305424527e-01 7.834682691725580739e-01 7.873567960147122013e-01 7.926295997859278408e-01 7.824817343770908984e-01 7.989914035010059479e-01 7.933503636331858955e-01 7.921055377347231419e-01 7.653212136258716880e-01 7.795987705290953196e-01 7.799343830098504071e-01 7.745747252122954229e-01 7.871957433093454970e-01 7.873286430241199785e-01 7.864029569420168952e-01 7.865507092024687230e-01 7.845041823677519899e-01 7.841255892941692007e-01 7.858222404506080006e-01
-1.571063160189183072e-02 8.710658519976828551e-02 2.929388099603867923e-01 5.650232352149776593e-01 4.418981469966459796e-01 4.897160412780396932e-01 7.163968807477057998e-01 1.000000000000000000e+00 6.937250244198418514e-01 6.336705248355233300e-01 7.125452455884790925e-01 7.721295191804581348e-01 7.096346978337874090e-01 5.863309642863249183e-01 7.980723456296712204e-01 7.959212329365172867e-01 6.605806163897236516e-01 4.541243962586422600e-01 5.700552527571458583e-01 4.048575147510125039e-01 5.176045668787074838e-01 6.424857727179632549e-01 5.394911941330747807e-01 4.838628295595620021e-01 5.436185088902177887e-01 6.954884766493640846e-01 6.966999452001666482e-01 6.882959988327148615e-01 5.825521475271226990e-01 6.968467181991323534e-01 7.409601194511485911e-01 6.948018801603186301e-01 6.329981596809005628e-01 6.814259185692661536e-01 6.684445158441757462e-01 7.360340922654238227e-01 7.432835572040432659e-01 7.529266970256659475e-01 7.654887054308496808e-01 7.501830573561584226e-01 7.787670703737864519e-01 7.811532338231427230e-01 7.850246999111195612e-01 7.955244467441217049e-01 7.800225980964732297e-01 7.892476806483187390e-01 7.879893941467842611e-01 7.894868565810634342e-01 7.774335520596196147e-01 7.647238580381330308e-01 7.660241446163710277e-01 7.644847999317664344e-01 7.843944459546611236e-01 7.506473831818276654e-01 7.464294652263413488e-01 7.568665462216205286e-01 7.425672237231308870e-01 7.852109490959353622e-01 7.725082098942832598e-01 7.866565578880166942e-01 7.922446905902489345e-01 7.732227183009011684e-01 7.711794179921679371e-01 7.739481939926674547e-01 7.772574803236100838e-01 7.710511220839136870e-01 7.894064432037672940e-01 7.581306507693469365e-01 7.434225813607151512e-01 7.293605726513943122e-01 7.724492360559611637e-01 7.818214480484725337e-01 7.320406590988628448e-01 7.495523346259751474e-01 7.883567369061851293e-01 7.877085108006021130e-01 7.832680404124153783e-01 7.496368536836757190e-01 7.861771527239391766e-01 7.680380210493422677e-01 7.734218992292631878e-01 7.888275111887812496e-01 7.776610458311098428e-01 7.608382867599368105e-01 7.812403657999891227e-01 7.735231049522599545e-01 7.858910997466316273e-01 7.947565155976158424e-01 7.901874107004482894e-01 7.852463644369157558e-01 7.930615623855511442e-01 8.001300145575651612e-01 8.006363540747765128e-01 8.023513885000681523e-01 7.979857582119981307e-01 7.972150664450876612e-01 7.919773888317578336e-01 7.786969899832302255e-01 7.957651781816561520e-01 7.986198368869080744e-01 8.040333678271833762e-01 7.961020861473624421e-01 8.019964203862469665e-01 8.038213381903516197e-01 8.045802014468453889e-01 7.705412198473703400e-01 7.880945863369350768e-01 7.889844861394549325e-01 7.887041542503560043e-01 7.973096601481283185e-01 7.974201387209820524e-01 7.946046176719627763e-01 7.947925545682187343e-01 7.941345889106707912e-01 7.948821703776659531e-01 7.935881309930251648e-01
1.392128418874697127e-01 1.823177459965104330e-01 3.470677744537662424e-01 4.990681120915659297e-01 3.859882606461558230e-01 5.534217439224254909e-01 6.672742489590887116e-01 6.937250244198418514e-01 1.000000000000000000e+00 7.481151210537191343e-01 7.984785104412637224e-01 8.147556970157182610e-01 7.662691058666126764e-01 6.191246353536444813e-01 8.189514292288330166e-01 8.186945204634227258e-01 7.861855944075970548e-01 6.441413056954838900e-01 6.806789592944436640e-01 5.511227196978403242e-01 6.564960999413175236e-01 7.117130191659366556e-01 7.270103503236228226e-01 6.439048856634242979e-01 6.524611755910136868e-01 8.388860786451337592e-01 8.317135470006691289e-01 8.215074092984936405e-01 7.518705010191351068e-01 8.476289125875156039e-01 8.593010888019638749e-01 8.468337098097638016e-01 7.898694904926640836e-01 7.982631667324272540e-01 8.214164583296375000e-01 8.201465309268543002e-01 8.421145666127433094e-01 8.583628026534412259e-01 8.615030583800625807e-01 8.195226575423748550e-01 8.737329070612143145e-01 8.743708834340094826e-01 8.459480875343863282e-01 8.719558575199743977e-01 8.654455874680202498e-01 8.646069488696160876e-01 8.691571181994328654e-01 8.837118958074590136e-01 8.823896014956642553e-01 8.405967454127943883e-01 8.744218054755693581e-01 8.105208864569773963e-01 8.669288668283446908e-01 8.787051002386437881e-01 8.717891850071468607e-01 8.787706846780825032e-01 8.749570279883978063e-01 8.755398544007637618e-01 8.805142319086832758e-01 8.875308344077185163e-01 8.833148910043859825e-01 8.822937909766850328e-01 8.727997426069010745e-01 8.859399636463842764e-01 8.856149147896704710e-01 8.877974747506441888e-01 8.799718735766821620e-01 8.710266086176640110e-01 8.742055898539841108e-01 8.482892501438629163e-01 8.504301698957447142e-01 8.698652060914416895e-01 8.527940429483120699e-01 8.556863408384053349e-01 8.835948088819658430e-01 8.825460097085532363e-01 8.795703490068565999e-01 8.706096243057296347e-01 8.749869639782965614e-01 8.833189114530303199e-01 8.813188488564448475e-01 8.833068129027243920e-01 8.757686540132781916e-01 8.797180928566341596e-01 8.700945919619750279e-01 8.706303209786279140e-01 8.768321159223031458e-01 8.745003770866520698e-01 8.782147381800928798e-01 8.813525923265858042e-01 8.655217785434776712e-01 8.786688843188641407e-01 8.782896194476820240e-01 8.775473736325187790e-01 8.755764135593772091e-01 8.782674634057542340e-01 8.591334571346264104e-01 8.677993262708546540e-01 8.769463916813744486e-01 8.722601686224744633e-01 8.733541863708708108e-01 8.738057411315133249e-01 8.731040231391405948e-01 8.752518315813081484e-01 8.735764833421917341e-01 8.749654439952617713e-01 8.798022696359434347e-01 8.809272627139053125e-01 8.812046786944822685e-01 8.783179459073513495e-01 8.722589909859509438e-01 8.829081703373792278e-01 8.796698974865125864e-01 8.802505864913213740e-01 8.807499426530296383e-01 8.837281870886561919e-01
9.562902901455032356e-02 2.082414479418231990e-01 3.250273484778333222e-01 4.222143009837430183e-01 3.792736022052360934e-01 4.942394739754280564e-01 6.136280374187362829e-01 6.336705248355233300e-01 7.481151210537191343e-01 1.000000000000000000e+00 7.318270707160480226e-01 7.362858968285297401e-01 6.966883737225473272e-01 5.563541867232341120e-01 7.562272073909505066e-01 7.585044555969686630e-01 7.195496177134251825e-01 6.282138857529843134e-01 6.318346098237459518e-01 5.443546492228846789e-01 6.191649491053276000e-01 6.505916782153208233e-01 7.026232183512872709e-01 6.173958384388310572e-01 6.081889786839267398e-01 7.850191053808295294e-01 7.732520324241778376e-01 7.665244281341185850e-01 7.008772483751007920e-01 7.927481509170913876e-01 7.981433159101646302e-01 7.879611173672876889e-01 7.401053706091371698e-01 7.517649058346089763e-01 7.748314556918276530e-01 7.485100220550191530e-01 7.815667730704018989e-01 7.948315165945497585e-01 7.973386355460980734e-01 7.490203370395910332e-01 8.106135450066351833e-01 7.982522889891917606e-01 7.657456561858859700e-01 7.984899208140133764e-01 7.951889870298316509e-01 8.008271191730754746e-01 8.025524261542202886e-01 8.161269074639189158e-01 7.912933284492645880e-01 7.411782832153684941e-01 7.906812904097900718e-01 7.107091751310571359e-01 7.798338788148400091e-01 8.185899407059042954e-01 7.973791337908907595e-01 8.062350797502166877e-01 7.872446143643028194e-01 8.065177063300800198e-01 8.060140223856900876e-01 8.136804862275969219e-01 8.060246826971213530e-01 8.093625865872480230e-01 7.846702805355950661e-01 8.017243680411195728e-01 8.041990037611023157e-01 8.086371475189002567e-01 8.133903252456916588e-01 8.072694489067038237e-01 8.235874367773785565e-01 7.986196473623219383e-01 7.836715298850582823e-01 8.032184929705428189e-01 8.008396313027182911e-01 7.915304346577467509e-01 8.165637481141218013e-01 8.139944889310951615e-01 8.143810960563843127e-01 8.106897302431882446e-01 8.105927980071643280e-01 8.205507468724596576e-01 8.211656122885101494e-01 8.177976611419295327e-01 8.128713776121764267e-01 8.210794751622552123e-01 8.072036094180427002e-01 8.120135437296363001e-01 8.140152281298048687e-01 8.120568078625876041e-01 8.141298345467060660e-01 8.191229379023367008e-01 8.008965857696431767e-01 8.087244143606613367e-01 8.066141349077082801e-01 8.066718271167808707e-01 8.051412170859038042e-01 8.071544723779693342e-01 7.719751845805343793e-01 7.715950873144432620e-01 7.998864524012330168e-01 8.010689634993998220e-01 8.016098830837138367e-01 7.935585107329263810e-01 7.921754011526050965e-01 7.968021820257041865e-01 7.938164926751972716e-01 7.933180678171867228e-01 8.002122595386964576e-01 8.147350244237814287e-01 8.141746556672596613e-01 8.059789924504008329e-01 8.039685597225497693e-01 8.077388093061547147e-01 8.041614106357105607e-01 8.040011197127074905e-01 8.088306709727614008e-01 8.071229162758292164e-01
5.530355310436883137e-02 1.549211792726125081e-01 3.789610989334493696e-01 5.546163038828115788e-01 4.108269551128256314e-01 5.383664728743663419e-01 7.090105940809607876e-01 7.125452455884790925e-01 7.984785104412637224e-01 7.318270707160480226e-01 1.000000000000000000e+00 8.516493510690144042e-01 7.552661698796320211e-01 6.178906415588567569e-01 8.441733718872630465e-01 8.408587479623176320e-01 7.734340579710959895e-01 6.241449710666361339e-01 7.020373428826732765e-01 5.039796112055722199e-01 6.550960750014345191e-01 7.413147146065462989e-01 7.061453002453859096e-01 6.458116183103442820e-01 6.764473719285613029e-01 8.348551921770452910e-01 8.339272237170324287e-01 8.221490764909931137e-01 7.372278604588974327e-01 8.326599150400710858e-01 8.608696554821160252e-01 8.362377637488346283e-01 7.809255851108299895e-01 8.127164590868866112e-01 8.164888282534585873e-01 8.430949762484279963e-01 8.500290656846037907e-01 8.598606048935985013e-01 8.769909320980036060e-01 8.417587799609805854e-01 8.823145138724538539e-01 8.836336045627798397e-01 8.681262353779168883e-01 8.899137119878526292e-01 8.847842165273788195e-01 8.806966335971183613e-01 8.786524182295880614e-01 8.805953524876153349e-01 8.719674868651697830e-01 8.524827747893500840e-01 8.726499526012699848e-01 8.279882456820149006e-01 8.693663956060716513e-01 8.623844589433057317e-01 8.547944515817839095e-01 8.672074034453046698e-01 8.526416883714806882e-01 8.839031588707565446e-01 8.761898412640443112e-01 8.855338147744116206e-01 8.840508999568208459e-01 8.753122496373306749e-01 8.664133352049646630e-01 8.769323516999715240e-01 8.826709236590528640e-01 8.745049842667942386e-01 8.875760093118203464e-01 8.757204792543471505e-01 8.726705241817508396e-01 8.384680911370758771e-01 8.717103425647161341e-01 8.843434123965303595e-01 8.581860378736873018e-01 8.693512772542979494e-01 8.915124346404090794e-01 8.913075166491729595e-01 8.880476293087909978e-01 8.729149673952725230e-01 8.871113280972412474e-01 8.809000835118302453e-01 8.861205652016522771e-01 8.920573168686221077e-01 8.859212861046502629e-01 8.800849240653328964e-01 8.874396896286795844e-01 8.844765328336338106e-01 8.928878712636484360e-01 8.890192378886050406e-01 8.904352905723689204e-01 8.869169168924020408e-01 8.856347871744966183e-01 8.893916020718447557e-01 8.927470259871480573e-01 8.923634017855396339e-01 8.854172692447775939e-01 8.854231164167208901e-01 8.738007856074943014e-01 8.662052878725863270e-01 8.854170757172816764e-01 8.871732235549535384e-01 8.887890940996402422e-01 8.852340108858890444e-01 8.853390496084517780e-01 8.886294600110137276e-01 8.894701961792703671e-01 8.710332765083470541e-01 8.824192181865750939e-01 8.851742828334177027e-01 8.847581863427077531e-01 8.869106036711199570e-01 8.838124527176138834e-01 8.843082086934875852e-01 8.866473858517366358e-01 8.873807932986115254e-01 8.893141427123457676e-01 8.856292543855011079e-01
-8.405419646173806214e-03 1.209512255870091035e-01 3.606746934249639436e-01 6.275562093404477571e-01 4.554867244307244101e-01 5.693620629706693803e-01 7.646099895376730071e-01 7.721295191804581348e-01 8.147556970157182610e-01 7.362858968285297401e-01 8.516493510690144042e-01 1.000000000000000000e+00 8.013673562412961804e-01 6.642738896993819475e-01 8.897466921100797288e-01 8.889991494982651954e-01 7.828092573315191816e-01 5.668508108048515570e-01 6.714878753801654110e-01 4.757426709485331751e-01 6.295918027346100176e-01 7.377103437510212913e-01 6.629715200896235672e-01 5.966975738830182507e-01 6.475471747543852796e-01 8.267661488818868198e-01 8.278517100686033636e-01 8.019630664351284910e-01 6.906182205588953238e-01 8.260077619696925000e-01 8.599586932040289566e-01 8.309500490531077643e-01 7.636274578356221365e-01 8.059447065307295821e-01 8.074761399101718640e-01 8.622466911111862364e-01 8.614039411754007558e-01 8.787976553849019545e-01 8.942797424920648774e-01 8.715160049769785644e-01 9.091615790869286284e-01 9.087646016443818864e-01 9.028120562606375410e-01 9.229160613629311394e-01 9.092765168743259796e-01 9.082781331810073633e-01 9.167702430071037467e-01 9.152083132237375240e-01 9.030982308018783433e-01 8.829436527298478721e-01 9.001959931977823182e-01 8.751392021882641314e-01 9.105317059537763047e-01 8.768755651019922714e-01 8.676410546276400737e-01 8.799937102989384696e-01 8.724285378434193383e-01 9.172003532063843778e-01 9.038810978108712257e-01 9.187393848878065983e-01 9.218549478703285116e-01 9.053430258793295771e-01 8.988446844386067669e-01 9.094598564946906327e-01 9.092329368281730773e-01 9.003226131045184433e-01 9.175939321948212157e-01 8.903461211106215023e-01 8.815375137485242929e-01 8.515778062645875668e-01 8.961396638883297738e-01 9.076203551307358008e-01 8.672917397281958429e-01 8.804110475238163813e-01 9.198597792410209140e-01 9.170386881478126417e-01 9.102825979880323493e-01 8.770200427706452695e-01 9.093461312079128556e-01 8.962346944835218876e-01 9.058671657366864638e-01 9.184291710879137760e-01 9.126994109471920913e-01 8.943536010359943722e-01 9.130817789410951013e-01 9.074355278964751914e-01 9.191123656354803773e-01 9.236419652333763830e-01 9.212714717952982246e-01 9.162305960568861707e-01 9.206045045273829608e-01 9.265764428901945848e-01 9.290493379094141302e-01 9.280466243296979778e-01 9.255414122320548831e-01 9.238926925549597602e-01 9.179555772958111204e-01 9.055962246152456929e-01 9.242825480157693674e-01 9.259747580424132485e-01 9.289982445749331852e-01 9.227507337536885457e-01 9.270426240450717614e-01 9.302698499556470990e-01 9.292129212668891469e-01 9.052787705024338827e-01 9.192396533774185308e-01 9.167458388014333437e-01 9.160239045605466091e-01 9.246384651618633210e-01 9.234467343196034461e-01 9.225715750913743296e-01 9.233350248959047990e-01 9.246263676595545267e-01 9.222514082432939908e-01 9.208611323323889764e-01
1.629115915089048711e-02 1.461405078003686353e-01 3.183940165053977811e-01 5.055703656316009598e-01 4.362745879805807192e-01 5.261708756018318445e-01 7.038349709472515592e-01 7.096346978337874090e-01 7.662691058666126764e-01 6.966883737225473272e-01 7.552661698796320211e-01 8.013673562412961804e-01 1.000000000000000000e+00 6.112161625181038449e-01 8.313891621587872205e-01 8.191850694125166754e-01 7.199261817113986606e-01 5.322829377937858819e-01 6.026882221703511178e-01 4.668607174227845102e-01 5.714150409781947326e-01 6.520854022280543338e-01 6.164454901585701974e-01 5.548526523336656524e-01 5.806040394580875841e-01 7.574274066625061863e-01 7.403688696089687493e-01 7.244896744399533794e-01 6.355992329393236329e-01 7.567040424266485710e-01 7.871881223875043521e-01 7.620917921703584952e-01 6.931083820857903977e-01 7.382288495141356988e-01 7.378194967837811147e-01 7.695652059245990939e-01 7.773904972737304409e-01 8.009507120823405879e-01 8.117816009595385518e-01 7.721115048387048319e-01 8.290953533365770234e-01 8.227274185338976364e-01 8.118796304239569439e-01 8.385165285811878588e-01 8.185931264995391921e-01 8.279184579242586661e-01 8.472530223940536453e-01 8.479495545320910876e-01 8.348382138145372666e-01 7.931566919727207621e-01 8.197355649380103637e-01 7.896283906218573012e-01 8.302720607121727436e-01 8.232129706694920612e-01 8.064837560579920517e-01 8.168503062971397277e-01 8.075049544987745742e-01 8.391482186400973653e-01 8.327863835856545993e-01 8.478590109199992675e-01 8.510555231128172915e-01 8.374409329151473180e-01 8.266169416671140802e-01 8.368177677383754620e-01 8.374980367301622097e-01 8.314171126159362046e-01 8.461855732476989411e-01 8.195859104824526620e-01 8.173270325377866019e-01 7.952878914395659082e-01 8.170020736743556222e-01 8.294695947661440139e-01 8.032475509991510165e-01 8.074501359207330031e-01 8.425865559819192274e-01 8.378150555521112208e-01 8.338818234498105442e-01 8.125277977991570699e-01 8.333288497840606324e-01 8.329808383138440631e-01 8.373849773518332595e-01 8.428991925355205916e-01 8.370786466699389194e-01 8.266792176719828245e-01 8.331015866878350717e-01 8.338963125835140433e-01 8.369563890351073843e-01 8.466776518330485501e-01 8.469721034011647998e-01 8.441816748147729088e-01 8.329907311999937836e-01 8.495033735094166261e-01 8.496235417898849729e-01 8.488770738609203725e-01 8.530025152961973056e-01 8.532633210513981270e-01 8.373055357185704706e-01 8.320290272803267939e-01 8.505821057353143422e-01 8.476637586108372036e-01 8.521498498789010778e-01 8.462037579256703745e-01 8.538829387693388506e-01 8.532797572521878537e-01 8.484190983427569721e-01 8.364906070144723094e-01 8.475104259902197512e-01 8.513040181150610675e-01 8.484642473892367587e-01 8.520972536176691925e-01 8.494604003695788164e-01 8.531752628877888878e-01 8.533688625350043244e-01 8.509568325920112697e-01 8.480743528728756919e-01 8.481665990920287390e-01
