1.000000000000000000e+00 3.821962805684134268e-01 3.044963253845193174e-01 -1.052064583156278876e-01 1.297431308600047184e-01 4.982356825345727810e-03 3.995628614435872694e-02 1.611708427726217252e-01 4.004500836570565325e-01 1.424485793976169312e-01 1.075047435736228713e-01 -1.572770079294830712e-03 4.844516353632070949e-02 2.652602140837167360e-02 4.397691586974671746e-02 6.592478484898470215e-02 3.462823235513421416e-01 5.573742203447468180e-01 5.139592861396827805e-01 4.227608593451518959e-01 5.534769580089358154e-01 5.432816870536216758e-01 4.473958684173268696e-01 4.501749851072184838e-01 5.042126484719067214e-01 4.239068555844488495e-01 3.538037146976492631e-01 3.711103344797452297e-01 4.421672326296087197e-01 4.841888002548445646e-01 3.810167407256506711e-01 2.941465186008196397e-01 4.319163646566086534e-01 3.550249542202135178e-01 4.065832939490571230e-01 2.337482679861189461e-01 3.497686933515982144e-01 2.114478671934977849e-01 2.928641558301092185e-01 2.405790352031017820e-01 1.033663315479009664e-01 1.032650060447723034e-01 1.452948023779987718e-01 1.183437970042655329e-01 2.059311048645452724e-01 2.030114792198050022e-01 5.754309958800659514e-02 8.000737359873816290e-02 9.193114730401595602e-02 2.429588219229694146e-01 2.013683566035432970e-01 1.584209782658645149e-01 8.415305082989642249e-02 1.623212286856894060e-01 2.122804563066631178e-01 2.100112317239337945e-01 2.036432168712284108e-01 9.269171500017789334e-02 1.573048343136433935e-01 1.088619572227011584e-01 1.467295449285258846e-01 1.217029720463159298e-01 1.696047747548156681e-01 1.198610941023055959e-01 1.969328471101096933e-01 1.450331361206950997e-01 8.676863153086605829e-02 2.009291405936143859e-01 1.570809689074687265e-01 1.907388212589316567e-01 2.407563492256516724e-01 2.034719093959246050e-01 1.932764185799121792e-01 1.946728667593733419e-01 1.438268197925019753e-01 1.520643817940901255e-01 1.449445373220421829e-01 2.121294685037170280e-01 1.883971488694610175e-01 2.063690850111667974e-01 1.927960727633855620e-01 1.557236850348871493e-01 1.540787573080017459e-01 2.059459568521486428e-01 1.260812232293594681e-01 1.596565679330041732e-01 1.365969766151088616e-01 1.015233488631206438e-01 1.302907516456110470e-01 1.341413334541445568e-01 8.461569563050758136e-02 3.567384735952541797e-02 8.766461369394147607e-02 6.430079444812281109e-02 2.554969463014412911e-02 3.261448687811435015e-02 6.061469165066753900e-02 1.142103423450454430e-01 8.138998216387925699e-02 7.938328338581590593e-02 3.195959055342802169e-02 9.441812938788796128e-02 3.249670128217799908e-02 2.745443879657593830e-02 6.705115736122775616e-02 1.080334443723148102e-01 7.026464368065039878e-02 6.061151126159936703e-02 1.046440358194171555e-01 5.804822893361459568e-02 5.206603835024246202e-02 4.988936168778997093e-02 5.936031865955533615e-02 7.097317251113474668e-02 1.070000403601374106e-01 4.991348277933066457e-02
3.821962805684134268e-01 1.000000000000000000e+00 1.812624401918354056e-01 -2.670650844697214366e-02 1.548705679794604440e-01 7.051612111953051154e-02 1.169488606663305758e-01 1.930473314584338351e-01 3.359345784574909732e-01 2.222589925058080229e-01 1.679843148576224687e-01 1.068580716202004594e-01 1.249472323221374470e-01 1.222492865606022300e-01 1.508401135110471747e-01 1.543790475538654727e-01 3.043754708438789480e-01 3.895995083671240367e-01 3.743434601073784007e-01 3.192071764732807293e-01 3.760737716765480965e-01 3.948149442212935956e-01 3.781241979611896231e-01 3.202148271762557674e-01 3.594029979567657240e-01 3.594340343377482316e-01 3.061123060874896828e-01 3.376057952752635205e-01 3.600117912837487166e-01 3.623019398506514555e-01 3.233061035860820276e-01 2.946678869034281001e-01 3.564377629700982708e-01 2.923676638703903152e-01 3.300384171656533527e-01 2.155051538324481430e-01 2.885869658945739991e-01 2.734167137376375956e-01 2.951826965673208236e-01 2.703268648075528580e-01 1.926492489980345668e-01 2.028341669552919668e-01 2.068447195098383762e-01 1.960501289773286804e-01 2.265203619661514955e-01 2.526320319997751862e-01 1.651401786357355739e-01 1.839012891005721850e-01 1.794240167748625270e-01 2.415541758970386754e-01 2.442910775386240574e-01 1.896857872847516613e-01 1.686896050119982282e-01 2.317561820174557918e-01 2.591030283001037882e-01 2.608269298663027369e-01 2.367036988473874004e-01 1.916792830708404505e-01 2.313240998831731510e-01 1.943265771689854926e-01 2.051005987576697553e-01 2.094073434539464873e-01 2.230125471115736169e-01 1.961779859530804748e-01 2.329879132821909560e-01 2.075374169685683945e-01 1.800582224581800117e-01 2.442254848044839166e-01 2.243819174261374449e-01 2.334762634961438654e-01 2.531341201084860715e-01 2.430703103123972031e-01 2.301944434019908003e-01 2.235642353517355019e-01 2.129545481835077303e-01 2.173661376464716688e-01 2.186409737167867851e-01 2.483645494214667682e-01 2.392647105281208164e-01 2.342781661442306929e-01 2.255986291837855928e-01 2.139438310056736292e-01 2.257189152408415889e-01 2.416070832157161397e-01 1.998470800467858632e-01 2.089562658826909780e-01 1.936290844287378021e-01 2.024466651042741705e-01 2.096234039399887950e-01 2.217210558998594927e-01 1.858320716055916200e-01 1.522601466087099564e-01 1.736223228831088039e-01 1.705291765954007333e-01 1.440034851445381181e-01 1.526054531724225505e-01 1.598001977591289313e-01 1.796774475936141480e-01 1.748074100303932676e-01 1.793232991864141812e-01 1.519424079958252294e-01 1.906086566351995193e-01 1.420324817248082294e-01 1.453024460607821589e-01 1.580984778907404964e-01 1.877700478589979516e-01 1.683023830824685874e-01 1.717307541155961570e-01 1.983264370259328613e-01 1.687359174419601482e-01 1.706255961473968907e-01 1.635811711259309853e-01 1.691743361982419314e-01 1.695542259589115086e-01 1.880447485601565716e-01 1.549378122927919099e-01
3.044963253845193174e-01 1.812624401918354056e-01 1.000000000000000000e+00 3.512492063798545172e-01 2.792130617776157897e-01 2.552929904077915757e-01 3.548139619686540569e-01 3.712122487010026117e-01 4.160851570535457067e-01 3.498739123984019317e-01 4.023487141461522532e-01 4.141949019364559725e-01 3.320616588845231032e-01 3.200494984743721960e-01 3.725167542615153704e-01 3.706978159431085218e-01 4.265128659300713720e-01 4.630372094233664582e-01 4.656357899631982100e-01 4.851775884344114997e-01 5.418497155780477303e-01 5.228021657667039079e-01 4.453669465749303669e-01 5.373140663462057098e-01 5.242626968737625903e-01 4.908571770261294653e-01 4.948955286794185504e-01 4.711893182880796394e-01 4.459877044655453648e-01 5.198183655061242581e-01 5.229256943072303487e-01 4.721590655950679838e-01 4.907073436372730857e-01 5.123240865544606004e-01 4.732069597974291053e-01 5.159682721562717234e-01 5.246537268521750397e-01 3.878548872818068372e-01 4.790201263515427854e-01 4.757398589205681372e-01 3.961749233396142378e-01 3.835570879528532040e-01 4.371633961960756931e-01 4.322980244527058757e-01 4.966815927133825803e-01 4.448813275848315651e-01 3.739000137327104789e-01 3.753001429751339213e-01 3.897586967010263082e-01 4.645930657005248876e-01 4.228742439436278810e-01 4.686796063147380953e-01 4.076632172536506227e-01 3.755739242676708334e-01 3.958172661369703804e-01 4.208037760488148593e-01 4.289364210127150634e-01 3.675508696088147786e-01 3.899985316228213872e-01 4.017844789999467925e-01 4.255795059492314958e-01 3.808031788001958184e-01 4.124841005109893821e-01 3.966404879758572699e-01 4.344600714530196806e-01 4.223927952271833153e-01 3.850371541052077795e-01 4.350009496423044575e-01 4.322505023181230088e-01 4.592261771275762960e-01 4.783472601227404808e-01 4.441965635392524647e-01 4.596537193164403345e-01 4.723950673670384015e-01 4.158767845027877552e-01 4.273187083576951983e-01 4.070695130605533896e-01 4.181030549451009160e-01 4.363041825436785315e-01 4.404307130659049219e-01 4.381598728364040074e-01 4.370191418489619006e-01 4.261324678488226381e-01 4.363888132407607312e-01 4.207642653148260803e-01 4.492206619821257907e-01 4.510866043494713429e-01 3.903202659484680259e-01 4.204625864361933307e-01 4.045831267025560840e-01 4.110625198661245205e-01 3.693635901394581866e-01 4.169575115771318452e-01 3.921097113470879969e-01 3.620166330792822240e-01 3.609429451621412044e-01 4.057820601424917961e-01 4.141541954957966287e-01 3.948606741882096927e-01 3.919566720502588586e-01 3.816353001060086014e-01 3.942734904312384381e-01 3.799603724339295496e-01 3.796301458456388667e-01 4.148058950186795379e-01 3.936467970355934098e-01 3.836786843383490631e-01 3.629775423400482537e-01 3.767497210500307947e-01 3.775473397897023964e-01 3.660418043143413014e-01 3.701728203345920343e-01 3.761020633109043998e-01 3.867896977300159245e-01 4.026422617381723024e-01 3.882597320351041659e-01
-1.052064583156278876e-01 -2.670650844697214366e-02 3.512492063798545172e-01 1.000000000000000000e+00 3.480021569285716709e-01 4.099279416096240913e-01 5.397819204358078604e-01 4.256954949555699086e-01 2.814000571364018710e-01 3.120857170443433470e-01 5.151021254375700575e-01 6.703771267434873726e-01 4.704450435503320094e-01 4.226375183174415073e-01 5.134743672837169814e-01 4.845683710268183231e-01 3.011492957898506129e-01 6.587337962449535400e-02 1.419514132564361208e-01 2.490038356837041833e-01 2.244261875378429361e-01 2.100853661657713922e-01 1.637046580156865383e-01 3.045032004315781915e-01 2.394985488412540164e-01 2.693189675359011215e-01 3.609367782484932952e-01 3.046007166303118519e-01 1.903220398365540189e-01 2.668832941128745362e-01 3.670411519890559027e-01 3.738490490783499265e-01 2.568980668638187193e-01 3.582253658112847239e-01 2.468910803319294134e-01 5.061385092143561026e-01 4.052276690017033167e-01 2.829984584460761288e-01 3.789604442289464248e-01 4.275326802739915499e-01 4.297884578378799447e-01 4.097775785771654578e-01 4.594509069158776438e-01 4.947765733417440748e-01 5.055581941916683641e-01 4.452833229100256474e-01 4.438882338449829379e-01 4.250181137999889946e-01 4.515167163957441443e-01 3.994561223262771965e-01 3.712891542107479848e-01 5.060936652061959196e-01 4.948791027175575286e-01 3.620728236955412238e-01 3.491406529404196823e-01 3.688003862362750906e-01 4.138845807519623277e-01 3.948864370792141143e-01 3.768285910749509249e-01 4.460625967980142992e-01 4.520243030659287231e-01 4.017866258019439085e-01 4.081962511723006282e-01 4.336861859781487305e-01 4.161074795114088620e-01 4.498367936792141975e-01 4.429541337896401587e-01 3.790876195841588747e-01 4.350135811537409469e-01 4.294784769292013804e-01 3.968030791059949935e-01 3.961974096261931533e-01 4.272746814073052901e-01 4.354743043964504623e-01 4.209662306554767253e-01 4.239725841499850101e-01 4.005464951586975020e-01 3.563690372130085549e-01 4.129491039643947148e-01 3.812648906842964203e-01 3.878945890927607554e-01 4.391553925707489814e-01 4.183783752940882228e-01 3.794307610320287738e-01 4.258274581666996461e-01 4.461967346882637075e-01 4.793352670138168459e-01 3.890207687748293841e-01 4.403063495717426390e-01 4.066775333242535484e-01 4.558014552902209804e-01 4.505961794384661379e-01 4.810939244201425935e-01 4.695914712023486759e-01 4.540723013828220633e-01 4.444195734817967258e-01 4.844447150143786907e-01 4.442143764469801970e-01 4.468918289485313555e-01 4.316252520882711274e-01 4.703892317192700512e-01 4.161313011052676369e-01 4.947513729754508538e-01 4.784131948576671456e-01 4.983950888273638302e-01 4.196790273713134067e-01 4.381474854015384723e-01 4.236902167088713034e-01 3.950372753631330447e-01 4.421394971006363250e-01 4.206697195022940372e-01 4.455365074057547892e-01 4.401321271192198403e-01 4.446151345583191916e-01 4.406862201347088170e-01 4.778919635450967207e-01
1.297431308600047184e-01 1.548705679794604440e-01 2.792130617776157897e-01 3.480021569285716709e-01 1.000000000000000000e+00 3.017606283715058568e-01 4.538576752960287730e-01 4.459023335342664485e-01 4.391294686501042710e-01 3.834966947586926356e-01 4.760577388516346042e-01 4.847861212483904336e-01 4.523504785721536581e-01 4.083008928135244964e-01 4.865832303143889925e-01 4.792053310163156832e-01 4.356424888587834277e-01 3.229963838728165948e-01 3.800563557244533985e-01 3.302624486988932628e-01 3.644562387139506088e-01 4.024358587162035206e-01 3.807805553452510150e-01 4.064421234612303202e-01 4.097585220172341725e-01 4.610690779973313780e-01 4.818353980473062403e-01 4.656623197002060510e-01 4.066823074707020536e-01 4.270531906037481340e-01 4.752763006257970102e-01 4.721145614323622453e-01 4.426406583520529625e-01 4.450769424521104911e-01 4.358753486018482892e-01 4.750911078145028110e-01 4.698866562360831667e-01 4.309840953997821078e-01 4.863013537320913238e-01 4.842195275724907044e-01 4.807808654178178931e-01 4.748628425865571434e-01 4.920842045091139982e-01 5.046350354135565874e-01 5.107056470584537822e-01 4.995924381123957314e-01 4.797792013263579292e-01 4.757777611389079064e-01 4.796930503877692153e-01 4.692063515443157251e-01 4.700917810069396574e-01 5.063068133491502865e-01 4.901815249035760269e-01 4.727254380227937092e-01 4.729102980294599412e-01 4.719237919191289210e-01 4.849486896748385067e-01 4.732946052487163602e-01 4.744844021365252074e-01 4.922669029695065368e-01 4.913801327516749140e-01 4.785051035368210748e-01 4.842840035020617440e-01 4.838966855271979450e-01 4.968487468311770794e-01 4.916628899420171783e-01 4.835978336783841591e-01 4.818285928461210621e-01 4.901433678665003124e-01 4.735484121077640496e-01 4.802805202039862609e-01 4.893362967492917437e-01 4.860609860246806746e-01 4.894500871133413700e-01 4.931204963917116268e-01 4.926161007535642677e-01 4.870624108916467576e-01 4.749775899875417484e-01 4.871027282732099950e-01 4.791897374849499736e-01 4.765557855169078594e-01 4.915028930038470301e-01 4.775774311904610880e-01 4.850963976822633694e-01 4.750991761502630917e-01 4.876083490566552325e-01 4.935926225762535813e-01 4.687710611994480026e-01 4.897569439812609615e-01 4.740531293334634411e-01 4.858851886810446330e-01 4.781424110206778377e-01 4.903640796822420489e-01 4.874727687573880419e-01 4.748152810297599502e-01 4.733747851361608250e-01 4.810218697800689447e-01 4.776316069279247789e-01 4.813229391042783134e-01 4.767195942800241393e-01 4.816056631710519120e-01 4.746523379101671436e-01 4.877470026377450640e-01 4.854739070365061138e-01 4.910707877436682467e-01 4.729527641209902433e-01 4.753424788302239024e-01 4.738657350930414180e-01 4.751837455733195492e-01 4.794847897538177528e-01 4.722385363009573567e-01 4.808811283682052351e-01 4.775136770553906063e-01 4.778514511940442633e-01 4.841181574019913780e-01 4.852536041488058061e-01
4.982356825345727810e-03 7.051612111953051154e-02 2.552929904077915757e-01 4.099279416096240913e-01 3.017606283715058568e-01 1.000000000000000000e+00 5.205222905996331750e-01 4.365788594789533628e-01 4.330714480426104407e-01 4.408067535383799473e-01 5.442430759601831758e-01 5.768011500845811046e-01 5.300997653710878277e-01 4.977561199626333588e-01 5.733269349590267572e-01 5.466117141917825606e-01 4.695932778802198726e-01 2.659501067676491304e-01 3.167380033048021737e-01 3.058525754582440137e-01 3.123666727965513923e-01 3.493890231765470200e-01 3.467682635209577979e-01 3.739178232777018995e-01 3.640585208776050963e-01 4.387549740562882161e-01 4.862011005242324879e-01 4.648620960656240642e-01 3.799748401653745833e-01 4.088152718618370263e-01 4.787654018331498063e-01 5.118153302595344067e-01 4.186197264898362524e-01 4.621981580876148299e-01 4.242511741739216635e-01 5.148724150133687782e-01 4.879108902500409739e-01 4.770039964727298409e-01 5.061477174505495391e-01 5.273547640276924353e-01 5.652034431452419572e-01 5.447174587121956790e-01 5.533149323815708120e-01 5.757320355048928251e-01 5.561711765104273564e-01 5.520217438817986988e-01 5.642793641267146443e-01 5.588512629723841885e-01 5.725763932519545296e-01 5.244364535815057016e-01 5.263511248444376900e-01 5.491810821867710857e-01 5.739518236418995611e-01 5.388453572447586826e-01 5.224316554321295492e-01 5.273281083445714446e-01 5.472435875118916160e-01 5.411042871473373816e-01 5.364047410032973806e-01 5.659912661241839338e-01 5.627100360595436168e-01 5.479884330747472054e-01 5.394640616187728055e-01 5.582344509166474733e-01 5.430385211537337442e-01 5.586834975534128445e-01 5.667625916957229615e-01 5.362958857506837651e-01 5.593661283817754626e-01 5.326472606644389041e-01 5.242251049050431488e-01 5.436867001154112033e-01 5.427149344290210786e-01 5.428740642199104682e-01 5.585796234773973135e-01 5.547902264848906251e-01 5.487847125369187395e-01 5.216349161762336983e-01 5.486065526073804488e-01 5.306693438852316813e-01 5.371286904358806291e-01 5.604489664205463129e-01 5.564614501904696642e-01 5.376894785441652669e-01 5.553042151831238948e-01 5.560987259015289785e-01 5.691183147458268587e-01 5.405777821144867046e-01 5.607164786937653966e-01 5.483954229433111172e-01 5.685776192502840498e-01 5.729117795020050030e-01 5.764304441888191688e-01 5.742564770432433408e-01 5.721285118339157760e-01 5.728142496689281327e-01 5.725070035511224953e-01 5.593686977865146570e-01 5.676758089770921334e-01 5.610505606846939441e-01 5.723454293018284122e-01 5.529156034504768558e-01 5.811144605306070021e-01 5.769614069777220244e-01 5.813308223679122255e-01 5.572065689871009697e-01 5.666223468515295680e-01 5.641918920537823956e-01 5.521918166684290918e-01 5.683131380465300531e-01 5.578811427748276985e-01 5.709649940645652455e-01 5.657411554082497629e-01 5.677332725900098298e-01 5.647431048140577614e-01 5.764060388700444904e-01
3.995628614435872694e-02 1.169488606663305758e-01 3.548139619686540569e-01 5.397819204358078604e-01 4.538576752960287730e-01 5.205222905996331750e-01 1.000000000000000000e+00 7.070159617526045048e-01 5.827023567449056696e-01 6.082618478263528417e-01 7.356163731848629483e-01 7.784793891477244099e-01 6.835034928665516540e-01 6.735650476527966779e-01 8.327878048074373041e-01 7.894083566699062748e-01 6.037548150791640644e-01 3.769378522825822531e-01 4.510957057156331773e-01 4.133025982680663679e-01 4.108272697434915965e-01 4.814489658793433269e-01 4.868486268058346278e-01 5.065810461640213314e-01 5.011197809720818741e-01 6.521378045159924586e-01 6.809051062204202198e-01 6.781006981226553876e-01 5.919162963037339908e-01 5.953697578878167640e-01 6.914291248237207643e-01 6.927419192293918782e-01 6.024670739486646109e-01 6.477280608940969575e-01 6.042174575878284104e-01 6.947776248457873116e-01 6.769802032136240655e-01 6.974466434495792955e-01 7.195186832801380161e-01 7.498307965949967402e-01 7.680568808732345376e-01 7.562391032505634270e-01 7.741213834482761902e-01 7.972197570974141057e-01 7.726367885484944908e-01 7.675903414311037176e-01 7.686512711130275566e-01 7.648166208944667810e-01 7.693522091567178700e-01 7.296110003508478048e-01 7.423090358447109738e-01 7.477956736362949552e-01 7.711705638664131390e-01 7.358038696409689994e-01 7.244290351423616769e-01 7.121461731921853167e-01 7.322828320883887354e-01 7.563420703143715063e-01 7.498165273965723410e-01 7.726196961882598746e-01 7.668900982542039557e-01 7.562424486542120849e-01 7.524495739957419715e-01 7.573240267413294813e-01 7.429553569371465382e-01 7.548730466758053481e-01 7.614781257446535667e-01 7.334838608939220350e-01 7.519304550644824170e-01 7.203948563732304189e-01 7.095006423568873677e-01 7.347935657861439651e-01 7.396234940934725000e-01 7.322091043807810173e-01 7.740643393207536915e-01 7.721906334551641438e-01 7.653661130382000133e-01 7.409739478488363007e-01 7.696042382726248077e-01 7.410235648699936561e-01 7.424450563697996275e-01 7.762879223867350520e-01 7.488839071262993752e-01 7.324940090796884240e-01 7.627976144105234058e-01 7.615980401176143388e-01 7.695946320602207180e-01 7.582526790835002473e-01 7.722543904683759619e-01 7.436033348841848412e-01 7.785411979914168557e-01 7.785621720828300729e-01 7.873105116114236246e-01 7.920883082831638999e-01 7.776491462431980306e-01 7.681408576099979513e-01 7.762364160245182054e-01 7.565823682945111983e-01 7.752678420294717432e-01 7.746999325096971534e-01 7.832453583631980853e-01 7.606603713646248321e-01 7.859499160961656017e-01 7.849840142291474310e-01 7.790578434012597198e-01 7.462635331444135156e-01 7.682931712591555273e-01 7.637672378152277064e-01 7.581853773827125220e-01 7.761330751923399829e-01 7.653960965489546853e-01 7.717226455739281121e-01 7.692167232883382333e-01 7.692390731324042497e-01 7.654522120630870008e-01 7.741517395303286753e-01
1.611708427726217252e-01 1.930473314584338351e-01 3.712122487010026117e-01 4.256954949555699086e-01 4.459023335342664485e-01 4.365788594789533628e-01 7.070159617526045048e-01 1.000000000000000000e+00 6.174212840342893083e-01 5.937543121652278932e-01 6.915340801619033195e-01 7.060926311506807718e-01 6.627919753337669917e-01 6.223507400486296692e-01 7.521603557207264812e-01 7.529187612918254446e-01 6.345167644835046916e-01 4.907593768214278396e-01 5.339325782131982834e-01 4.811426304680900268e-01 5.142935533366659318e-01 5.698158453701639425e-01 5.658430560566437562e-01 5.614157606164452696e-01 5.644414228931565747e-01 6.893665036843650284e-01 6.891741541843492413e-01 6.971370433523184085e-01 6.351941498106598027e-01 6.380887043004058734e-01 7.053975214165738583e-01 7.025527206806380098e-01 6.579827755014782120e-01 6.652498384256437802e-01 6.555776012495591054e-01 6.721133952382580823e-01 6.842221655957106963e-01 7.089314634492400735e-01 7.340000346430546330e-01 7.488547483065530752e-01 7.308974242790687859e-01 7.300436163773597054e-01 7.573683404795953367e-01 7.660565557318651519e-01 7.488905633795739369e-01 7.538978134311373758e-01 7.324401354320997370e-01 7.333305238304856921e-01 7.366430422858358806e-01 7.318739135148714103e-01 7.478806348975154394e-01 7.376534389297837446e-01 7.436715109076922348e-01 7.236503021970853711e-01 7.288527214660937004e-01 7.188571002389886333e-01 7.339122452507388372e-01 7.377557303553522461e-01 7.429331896395753310e-01 7.483967053674133174e-01 7.500736003789608697e-01 7.462134018395281121e-01 7.485945307627626111e-01 7.471585059388283767e-01 7.417459708954793340e-01 7.377195833408296544e-01 7.289341752548204045e-01 7.312055545518268973e-01 7.361186348100042798e-01 7.226838487374404041e-01 7.178422807120045102e-01 7.329362313924943084e-01 7.316196271688982788e-01 7.204655869352304398e-01 7.541449468761477481e-01 7.498472252188773668e-01 7.465474191588038488e-01 7.311943050513740605e-01 7.546576945028650174e-01 7.351053449257682892e-01 7.310937828851516995e-01 7.508272695019319043e-01 7.348796692089631932e-01 7.331749282375097376e-01 7.443279270267202374e-01 7.399330010913041100e-01 7.388197082368709312e-01 7.407345829126935621e-01 7.505365423714887019e-01 7.293149125192184279e-01 7.508417340908074555e-01 7.357750711974199165e-01 7.500970498688983579e-01 7.516923576944289920e-01 7.334056311046620591e-01 7.277897482757137437e-01 7.425154233778840096e-01 7.400895434992991184e-01 7.445635079915943200e-01 7.470103605716774675e-01 7.447975428383497576e-01 7.429767946166527803e-01 7.411098712578504388e-01 7.410233077045553785e-01 7.402505925756830418e-01 7.319405079043270757e-01 7.370486886077624034e-01 7.312648122654382687e-01 7.376291667143877184e-01 7.385744766547674978e-01 7.340205385150924133e-01 7.348390205688611898e-01 7.387670195020846764e-01 7.402319616008269376e-01 7.385018272189677324e-01 7.359386657411235433e-01
4.004500836570565325e-01 3.359345784574909732e-01 4.160851570535457067e-01 2.814000571364018710e-01 4.391294686501042710e-01 4.330714480426104407e-01 5.827023567449056696e-01 6.174212840342893083e-01 1.000000000000000000e+00 6.952689278325460132e-01 7.388524416840220876e-01 6.668831528844126888e-01 6.754464258866355042e-01 6.398131240300115596e-01 7.479635339143362316e-01 7.407045150296630576e-01 8.212474910197239408e-01 7.394201898142289675e-01 7.710552891450425106e-01 6.360553460179947383e-01 7.166930453486480834e-01 7.892896729551718282e-01 7.651287241504666214e-01 7.230243821830086848e-01 7.652892737335563744e-01 8.455447685886520182e-01 8.309535068352158493e-01 8.527555859210442790e-01 8.129203038198914433e-01 8.213880514930773646e-01 8.259749343271710620e-01 8.492370064003391672e-01 8.468876877363366029e-01 7.984881632192135648e-01 8.409218194794583212e-01 7.232819417175977428e-01 8.016571927376812123e-01 8.278063332273727370e-01 8.576865848616102017e-01 8.316392093269638908e-01 8.076451769262140701e-01 8.028686015004065091e-01 8.059557183933752089e-01 8.032099637077407817e-01 8.012206246760139594e-01 8.361293287148476860e-01 7.936677214916444401e-01 8.095706462185108254e-01 8.038040484691388876e-01 8.263119080307961273e-01 8.435705277016749548e-01 7.841311936492801893e-01 7.802428678585838773e-01 8.381415459887483488e-01 8.479139778296498342e-01 8.389688654959395198e-01 8.418476957859939436e-01 8.018135265987536009e-01 8.327396131497727394e-01 8.153367942355438380e-01 8.214658279013424824e-01 8.219457891278117989e-01 8.332077605277660171e-01 8.189585244398401853e-01 8.417588303587182352e-01 8.161787741534840546e-01 8.084388168032060618e-01 8.451406021688763204e-01 8.297917795693253717e-01 8.169246173642106257e-01 8.371785769612932748e-01 8.450922094472480550e-01 8.177757608130621358e-01 8.154022046615707620e-01 8.273255546970491592e-01 8.271633195654566340e-01 8.286286145011747539e-01 8.433979041363008911e-01 8.331555810673040297e-01 8.385608064078272639e-01 8.332498676864593667e-01 8.196313983122309743e-01 8.254846719325279469e-01 8.433641545896181091e-01 8.063802868821025038e-01 8.126400021685912245e-01 8.016504343593620074e-01 8.084252644703121549e-01 8.211940332008211829e-01 8.165767662242627845e-01 7.990278074100769512e-01 7.813029874202706004e-01 7.936844678240554396e-01 7.897360854352993842e-01 7.765086699973743345e-01 7.835295206637701293e-01 7.806277707167798008e-01 8.032251746628298328e-01 7.992073346380532683e-01 7.994619447281920976e-01 7.725771407428886350e-01 8.066065611709084537e-01 7.706189554691333932e-01 7.753401653831929474e-01 7.819669970335700881e-01 8.124397681682683503e-01 7.979673347354910851e-01 7.963551172093769059e-01 8.140155667355071234e-01 7.949122511069763863e-01 7.917907932516364822e-01 7.927853245376316194e-01 7.960450722905094700e-01 7.967872862058600347e-01 8.151059459015056463e-01 7.821575018112154609e-01
1.424485793976169312e-01 2.222589925058080229e-01 3.498739123984019317e-01 3.120857170443433470e-01 3.834966947586926356e-01 4.408067535383799473e-01 6.082618478263528417e-01 5.937543121652278932e-01 6.952689278325460132e-01 1.000000000000000000e+00 7.159874177364701220e-01 6.839125632022772239e-01 6.755599601518034181e-01 6.512681935290732804e-01 7.503654020221761645e-01 7.333001030666791431e-01 7.034140432354100136e-01 5.597465714374920687e-01 6.103715951526857975e-01 5.057227005160529476e-01 5.274743051662197368e-01 6.053703519983769654e-01 6.475921504409227758e-01 5.741576191845985111e-01 6.045925954910792433e-01 7.166297671984159789e-01 7.246489311459952676e-01 7.453609731724402110e-01 6.858990145170259511e-01 6.786149474274164595e-01 7.228467907284025218e-01 7.579752212506807307e-01 7.059043774633692037e-01 6.907973026485171308e-01 7.109081863700933424e-01 6.605661043798022325e-01 7.007539088551307804e-01 7.645785888513016992e-01 7.712866755129199614e-01 7.637460902958655984e-01 7.872463992861595816e-01 7.780792097196944646e-01 7.716024813981889885e-01 7.782037521922224865e-01 7.533634358928615882e-01 7.737228043119421805e-01 7.842109359757560849e-01 7.931173788625771603e-01 7.827568576086589847e-01 7.438796722018822249e-01 7.847974800089090319e-01 7.367848818705661218e-01 7.668140987194803637e-01 7.905593767819932838e-01 7.774452721551907697e-01 7.869224670625581952e-01 7.693596741676456130e-01 7.853491439998370183e-01 7.901307459218011031e-01 7.886030018475692627e-01 7.822146087377102042e-01 7.913337556671470319e-01 7.769677200209395007e-01 7.849837450385539483e-01 7.806421076720257979e-01 7.782349415977545259e-01 7.901590019510575935e-01 7.906970468200857916e-01 7.877473754560567754e-01 7.641236003153231149e-01 7.649175561169831994e-01 7.899443655478552984e-01 7.627994115297987987e-01 7.621321019902858040e-01 7.946101104263094683e-01 7.960109197766244149e-01 7.950858314256700199e-01 7.913728680819323014e-01 7.863825244487043786e-01 7.874631026460293670e-01 7.850814647902092380e-01 7.881498576584415883e-01 7.893066449131035389e-01 7.866700917401773241e-01 7.732138045223231337e-01 7.700136395004036904e-01 7.729420348980108324e-01 7.879966867593978241e-01 7.913099950582426212e-01 7.928052148849010772e-01 7.874201592130949390e-01 7.857192488646477235e-01 7.825629583243193244e-01 7.870552320995826134e-01 7.834610186196893089e-01 7.867552621471529672e-01 7.669330080155090101e-01 7.676911874337770669e-01 7.863813772053174223e-01 7.864755080363760031e-01 7.787593561148863364e-01 7.886796912030396012e-01 7.732368882268559895e-01 7.801022238610194615e-01 7.720047918818550015e-01 7.853914142448483737e-01 7.855280632266020691e-01 7.869414321492451680e-01 7.923438558178504953e-01 7.884346787995262229e-01 7.862991708264399637e-01 7.886462569668162281e-01 7.881465151917009804e-01 7.863173823771547610e-01 7.885530386092799437e-01 7.776795937879928955e-01
1.075047435736228713e-01 1.679843148576224687e-01 4.023487141461522532e-01 5.151021254375700575e-01 4.760577388516346042e-01 5.442430759601831758e-01 7.356163731848629483e-01 6.915340801619033195e-01 7.388524416840220876e-01 7.159874177364701220e-01 1.000000000000000000e+00 8.464564148150482970e-01 7.699287518392895491e-01 7.503313063196853649e-01 8.730714973313965510e-01 8.481304604173099948e-01 7.421821366917012996e-01 5.408500221136450792e-01 6.158050276925119970e-01 5.222442522131610643e-01 5.637237902012743884e-01 6.420623973792287664e-01 6.248839194462368907e-01 6.347484194196079121e-01 6.471670681366432643e-01 7.616745977279884006e-01 8.126612436248906723e-01 8.002674237313532890e-01 7.042899113436958958e-01 7.238515745564515491e-01 8.069180897077072867e-01 8.227541685255931325e-01 7.482773396178897807e-01 7.571443516345482960e-01 7.503665266986222493e-01 7.780757912666499410e-01 7.943566489773112860e-01 8.080261750233129758e-01 8.454121973820530878e-01 8.553183429478150579e-01 8.826552126730622394e-01 8.706829470902087698e-01 8.768891673386978169e-01 8.955469972490347486e-01 8.732660803489240564e-01 8.741127199491444122e-01 8.845227664210170149e-01 8.849203113749124494e-01 8.826577941582524067e-01 8.385221013734007744e-01 8.624189700201916331e-01 8.632957895584331132e-01 8.855339257353923577e-01 8.591516013554660880e-01 8.446830836600377479e-01 8.459239125180874064e-01 8.562039169518038673e-01 8.720733738495020093e-01 8.671310851139456544e-01 8.883913051869393174e-01 8.839640301904583275e-01 8.756288759590658000e-01 8.679187157413047471e-01 8.800024812735567359e-01 8.715847785828221284e-01 8.722869104934807272e-01 8.882956711941825123e-01 8.720604721424197736e-01 8.802035400504290008e-01 8.540166588600809350e-01 8.551420283086883511e-01 8.771930726427277225e-01 8.644188270619045378e-01 8.640317101697343460e-01 8.897610827535443745e-01 8.919939704283434967e-01 8.840073433135681169e-01 8.618293814130116859e-01 8.845356008584615015e-01 8.728916277301175253e-01 8.745079670003963468e-01 8.923024797967236132e-01 8.754021462363954509e-01 8.701137803900134138e-01 8.762403927521478231e-01 8.762951996384004127e-01 8.845084508581022575e-01 8.753343174184430309e-01 8.945451610929868735e-01 8.685915180074064157e-01 8.937930999394835263e-01 8.920563832646175584e-01 8.997447576738725195e-01 8.973752444442294474e-01 8.897844984673242141e-01 8.878316733372074721e-01 8.862075177409641791e-01 8.758010683289829679e-01 8.899815274290224787e-01 8.884166236652067949e-01 8.920034180785263445e-01 8.800481548678429355e-01 8.941767643778366637e-01 8.942163385615313764e-01 8.918356305967278796e-01 8.768116555979464932e-01 8.854631129820427216e-01 8.820420762577215745e-01 8.755345018138466218e-01 8.899682509911603923e-01 8.835071519647392790e-01 8.894620074873108573e-01 8.876648295167477443e-01 8.878598330175797582e-01 8.913558703986971254e-01 8.872002435873700410e-01
-1.572770079294830712e-03 1.068580716202004594e-01 4.141949019364559725e-01 6.703771267434873726e-01 4.847861212483904336e-01 5.768011500845811046e-01 7.784793891477244099e-01 7.060926311506807718e-01 6.668831528844126888e-01 6.839125632022772239e-01 8.464564148150482970e-01 1.000000000000000000e+00 7.917219259740594373e-01 7.587868821068630698e-01 8.828903138070351986e-01 8.622523405276023567e-01 6.821104696744483276e-01 4.229035865467277722e-01 5.010487967313285163e-01 5.176391656989770551e-01 5.036788125918854053e-01 5.526696743862642425e-01 5.464806601926052165e-01 6.007839309555527141e-01 5.720299381545683737e-01 6.847606885354824424e-01 7.421252896879796390e-01 7.213505273212612590e-01 5.959399205486166640e-01 6.527086042269432120e-01 7.529930818994365893e-01 7.834859913444758295e-01 6.688650861896655586e-01 7.306339844858595889e-01 6.769285524689853117e-01 8.225139701718251484e-01 7.761197944094757606e-01 7.485708848236208857e-01 8.000815249998868284e-01 8.299683056653288649e-01 8.600532232089322937e-01 8.414029596777561348e-01 8.660788853529177711e-01 8.923707288347736410e-01 8.792501222808885020e-01 8.544002700045094656e-01 8.729644470124870992e-01 8.650382543288848147e-01 8.760035692474115177e-01 8.163683145548471520e-01 8.215897414149180289e-01 8.728841173062251713e-01 8.911148862004591997e-01 8.228304732456607207e-01 7.980717807177915013e-01 8.115874318866237447e-01 8.400104557861277632e-01 8.419101910988875392e-01 8.296046755966524078e-01 8.767882609188725196e-01 8.760879615033591028e-01 8.489888607932306597e-01 8.456720574775725696e-01 8.661192653497493676e-01 8.449581581037095557e-01 8.719678200933951295e-01 8.710702731344506233e-01 8.274790331070377425e-01 8.600209177079680689e-01 8.420403757022615343e-01 8.224599372954375376e-01 8.366093679743659139e-01 8.415173233986560364e-01 8.478671516258534657e-01 8.587785544553709904e-01 8.585409019296692534e-01 8.440079460822917934e-01 8.016797488103742930e-01 8.439817650748261402e-01 8.306460893755827080e-01 8.364660527867969764e-01 8.686424388735637381e-01 8.517710639289689523e-01 8.296475997095863475e-01 8.545820481150047110e-01 8.643387859062118261e-01 8.877900762408045265e-01 8.425752025801944711e-01 8.714830043393586578e-01 8.458279207370602570e-01 8.796643260631700212e-01 8.784394120042138265e-01 8.953603291386669216e-01 8.899619872046466984e-01 8.822829995634493550e-01 8.766988103769536300e-01 8.897882100601106625e-01 8.692071351826201608e-01 8.795646582314671225e-01 8.680425483505732620e-01 8.886271263922752572e-01 8.626836816701607402e-01 9.004453861210965915e-01 8.944077465260868998e-01 9.030434601019143859e-01 8.594662411873383867e-01 8.757930728343045201e-01 8.658506991350770621e-01 8.478103406010978338e-01 8.758261962326149286e-01 8.621512168853513458e-01 8.785916320065431107e-01 8.755402483282357373e-01 8.799135126212268565e-01 8.728781647979269032e-01 8.954595619567009557e-01
4.844516353632070949e-02 1.249472323221374470e-01 3.320616588845231032e-01 4.704450435503320094e-01 4.523504785721536581e-01 5.300997653710878277e-01 6.835034928665516540e-01 6.627919753337669917e-01 6.754464258866355042e-01 6.755599601518034181e-01 7.699287518392895491e-01 7.917219259740594373e-01 1.000000000000000000e+00 7.002983913621206868e-01 8.254136486217618085e-01 8.303935942231953637e-01 6.729482244047744199e-01 4.655657800348853570e-01 5.359176463024155623e-01 4.627940668327667484e-01 4.741149456248727745e-01 5.485910697300745431e-01 5.738686863228718016e-01 5.599865578298085511e-01 5.611544972529595166e-01 6.765720688657925752e-01 7.159855947869567805e-01 7.140497650685583286e-01 6.161355550623252020e-01 6.416483055782704614e-01 7.159269308807029164e-01 7.570235130375215782e-01 6.722307031725849313e-01 6.966291725565343373e-01 6.873980674905828536e-01 7.224198314170814372e-01 7.177885517718943786e-01 7.474486814605294516e-01 7.721454176625346388e-01 7.778575263300064879e-01 8.296346622823770334e-01 8.118718301945261340e-01 8.219036671022319496e-01 8.385604679689893093e-01 8.045520855870162968e-01 8.066196895347483853e-01 8.417782516080403177e-01 8.377803857558727696e-01 8.378239572919098377e-01 7.793688343235307681e-01 8.019163904864001768e-01 8.034143373252401465e-01 8.374239570289511159e-01 8.149590322259253616e-01 7.927690338708909268e-01 7.942824502578286205e-01 8.086850689936081471e-01 8.195021141889032856e-01 8.135026512076136695e-01 8.405817718415498074e-01 8.376693261210034214e-01 8.278970978594093477e-01 8.168169605526420796e-01 8.295454273630314956e-01 8.131251621553171605e-01 8.310236482588697626e-01 8.405926516269761617e-01 8.110990940670117499e-01 8.264599238601368913e-01 7.938359935954225621e-01 7.881672385106172074e-01 8.141348227055057452e-01 8.048098783476893558e-01 8.027874385490191278e-01 8.310381937391511098e-01 8.293355245112047358e-01 8.224732218105769155e-01 7.987024373683225820e-01 8.141804567999525455e-01 8.104379384051415558e-01 8.125436155094756252e-01 8.294761109896229279e-01 8.199410142794315570e-01 8.129312636847946250e-01 8.194204853526405596e-01 8.198766678097195726e-01 8.269126028612212576e-01 8.178887098569113112e-01 8.354039455160369165e-01 8.203257080019270564e-01 8.358616498347681834e-01 8.448160431783655611e-01 8.442133065338490727e-01 8.450175713959398038e-01 8.468764103323188630e-01 8.467983103316738536e-01 8.341615652111304957e-01 8.237953590612594468e-01 8.422349376627953355e-01 8.334664057867575693e-01 8.452901227256572891e-01 8.326508204747938846e-01 8.506368936716596219e-01 8.492501002095725893e-01 8.444553992071068826e-01 8.324564323625998075e-01 8.406440464784592503e-01 8.394842085171327906e-01 8.297024679842185391e-01 8.423145254176714891e-01 8.350161809489536902e-01 8.457924382713225553e-01 8.422375655504955594e-01 8.431244472901097131e-01 8.391653744928548875e-01 8.467030750468348410e-01
