1.000000000000000000e+00 1.408945111827636099e-01 1.564571534923945850e-01 -1.590234897973533401e-01 6.983641993773635932e-03 -2.556030974655046709e-02 -3.704094960877994148e-03 1.961341644092810116e-02 1.828376369209809837e-01 9.268098990312453878e-02 5.636318020956630065e-02 -1.145982767373441083e-02 1.941406442407577967e-02 -4.436412359637841724e-02 9.690986126011833304e-03 3.316732139760417142e-02 1.012018553438789326e-01 2.884776502528328401e-01 1.500189934777283463e-01 3.352214936947013890e-01 1.942349136831834355e-01 9.185355305798864611e-02 2.235889072204944872e-01 1.970242505008072131e-01 1.511174024956377093e-01 1.965979164491235831e-01 1.722488319445397154e-01 1.223827563036833932e-01 1.737176058308721738e-01 2.150610354086005538e-01 1.490874341855237817e-01 1.184852564212962450e-01 1.094053031175193785e-01 1.316703995022175944e-01 1.500265453832274054e-01 1.238574451909773833e-01 1.340206406030237940e-01 6.980533721002675496e-02 7.181644084363215941e-02 -3.465257348339785635e-03 2.544556684870630595e-02 4.932034398303626263e-03 -4.639152671994193483e-04 9.537954543822519966e-04 3.911194622117423331e-02 1.841864020622945020e-02 3.464496210505622984e-03 2.891794243412967869e-02 4.657136737765826817e-02 7.324034995925790548e-02 4.707431988123746136e-02 4.213118746589884084e-02 3.179321069751177287e-02 5.648168228426656695e-02 6.621037948625517477e-02 1.016361619500080749e-01 7.799600413842096291e-02 -2.918362523789496451e-03 3.833610975475042204e-02 2.020784638335872130e-02 2.994870257081412232e-02 1.463096726692839772e-02 4.346882855249015881e-02 3.683007427905785752e-02 5.837362122883252985e-02 7.279916440851418036e-02 4.602474422218999495e-02 5.906516667993783748e-02 8.721781023713047476e-02 1.475056751375837805e-01 3.961131028552530159e-02 4.662133094892188107e-02 9.720622166586546931e-02 7.776719968084647161e-02 4.957686288026121740e-02 4.003842285598367690e-02 2.337329139301537115e-02 8.439528878393071087e-02 3.848066420878471644e-02 6.506441830403031368e-02 6.214085875177813995e-02 6.858521046192102288e-02 7.104819713209904741e-02 6.288906325858494017e-02 4.015429900651926870e-02 5.445181249375592725e-02 5.406356056224480289e-02 1.116250008985010707e-02 2.143440215235676086e-02 5.146897541958043304e-02 -4.931947619179152288e-04 4.200347896764624689e-04 1.314718381230856048e-02 9.705999961026124875e-03 3.247915811208413901e-03 1.560998296248787033e-02 6.474241987795003282e-03 5.412859638996518619e-02 2.273530344704222800e-02 1.220428772536633587e-02 -4.502405518845905598e-03 2.660256109754705403e-02 8.724261392901111467e-03 -4.243809897358640816e-03 3.722328846343064129e-02 3.918011545086075992e-02 3.478744279927328820e-02 3.824088397514444071e-02 3.157944917184962036e-02 7.242288834691167250e-03 1.591625119785799666e-02 1.540615367189256471e-02 1.525940789378994571e-02 2.766434471879147122e-02 4.702040275255858076e-02 4.041863218281847164e-02
1.408945111827636099e-01 1.000000000000000000e+00 4.073362811800463473e-02 -3.285807375356773058e-02 5.225349816250664248e-02 9.124562599033768373e-02 1.277124537530086312e-01 1.026437519303246698e-01 2.004035046947149901e-01 2.012679604284402790e-01 1.214718277871416618e-01 1.084513317050992270e-01 1.050678344328647151e-01 7.558561040654090957e-02 1.399787962235075900e-01 1.294519464604970138e-01 1.626351965887714024e-01 1.935107337965719654e-01 1.447780016663469671e-01 2.144724249469641963e-01 1.339038269690110972e-01 1.221139287276649249e-01 1.839261272593130103e-01 1.541687043289872161e-01 1.725907679957500440e-01 2.117247104042876416e-01 1.973834260234467730e-01 2.056775541570167454e-01 2.228105678748783791e-01 2.195392253775667324e-01 2.016135435688445887e-01 1.811001315482982099e-01 1.858632913414580978e-01 1.689648084716388610e-01 2.008605853079665493e-01 1.634208535818269248e-01 2.005096252144235591e-01 1.803466376095079760e-01 1.872365552260684962e-01 1.488992221205055477e-01 1.590998100058661768e-01 1.568168241600884638e-01 1.478653013931096050e-01 1.436715188600209414e-01 1.634255782586157557e-01 1.698832382637787686e-01 1.510199337353886895e-01 1.595353031100840979e-01 1.576269242637640677e-01 1.320430481827488955e-01 1.558939286613851838e-01 1.288995985003189571e-01 1.473161392382256463e-01 1.707984856621822811e-01 1.647648403116314941e-01 1.778126440914183926e-01 1.548873490460672409e-01 1.468227971990409553e-01 1.607426318904485452e-01 1.492997993571608395e-01 1.435335366492423437e-01 1.555264382443986015e-01 1.551571122193743657e-01 1.511841738328823237e-01 1.566112978606852002e-01 1.563735402642318917e-01 1.588903236517532069e-01 1.660796038244494455e-01 1.758651249374619530e-01 1.868102037867261367e-01 1.380743368883187161e-01 1.565625676898782237e-01 1.648262478221084459e-01 1.671127136212521291e-01 1.683405937857138934e-01 1.631090915796676588e-01 1.682082116109120951e-01 1.879632687018954751e-01 1.719374314131643933e-01 1.770996991176617408e-01 1.801006376992813074e-01 1.743634139267106475e-01 1.719029404785578918e-01 1.723489715055395444e-01 1.535545759015685408e-01 1.576286255821829074e-01 1.732443996069237546e-01 1.613835657581069449e-01 1.671073543120194516e-01 1.721928961896556920e-01 1.579768492521845535e-01 1.513254947404836237e-01 1.562208091292270618e-01 1.617114071546866538e-01 1.489253361610823057e-01 1.551740204582469640e-01 1.358944607464405707e-01 1.374868678364159214e-01 1.437470762140443115e-01 1.464136565178094929e-01 1.448908968250361140e-01 1.444633638318886526e-01 1.401519797303622805e-01 1.366114747995819390e-01 1.449773164851290153e-01 1.537138706621831719e-01 1.518995954576133900e-01 1.681764561864712293e-01 1.632996856489203896e-01 1.512559024528620788e-01 1.568276304800191312e-01 1.477301564725408134e-01 1.553475578864227102e-01 1.483947779305578862e-01 1.552877493029428679e-01 1.472508038531641084e-01
1.564571534923945850e-01 4.073362811800463473e-02 1.000000000000000000e+00 3.105103495134979297e-01 2.496428351262670320e-01 2.354631319109386500e-01 3.603116258058020605e-01 3.428797738733235234e-01 3.524397472283335442e-01 2.951561733912785312e-01 3.872660587691139633e-01 3.919111077981567992e-01 3.494723608268402448e-01 2.860435045607798155e-01 3.795853262218275570e-01 3.832405086807704198e-01 3.504669071228118105e-01 3.659098586970783162e-01 3.939510642222152637e-01 3.616441261592887590e-01 4.254977375438672715e-01 4.156348691838580578e-01 4.139350783849136683e-01 3.918182931959323656e-01 3.798378865504891122e-01 3.941164991738685397e-01 3.812333851975807653e-01 3.781943899811888721e-01 3.475335209447522611e-01 3.881174841220149108e-01 3.859394774681347284e-01 3.949269127760664522e-01 4.026902976614909480e-01 4.144849791872127209e-01 3.956049985135303149e-01 4.218249266740300429e-01 3.913897397267884770e-01 3.598802280731843717e-01 3.780625494068843295e-01 3.953721665023606779e-01 3.749722217975945404e-01 3.658405836964305213e-01 3.797561802427410482e-01 3.678955203114652184e-01 3.835652319412325428e-01 3.555115442497557288e-01 3.560618785475136994e-01 3.650066838250561330e-01 3.745515476295141477e-01 3.854317408359487773e-01 3.781872962946011274e-01 3.883658176940084639e-01 3.904798337817925180e-01 3.674545007631391247e-01 3.726129467113769023e-01 3.887787966738445178e-01 3.806199950948114807e-01 3.573109331429125679e-01 3.554259691842392987e-01 3.647036676407793276e-01 3.847069922873296854e-01 3.544873183553783336e-01 3.646013879926613410e-01 3.642897057463790889e-01 3.815259803418198925e-01 3.878418085211080557e-01 3.780046313705761607e-01 3.811116472064876581e-01 3.923423830910969801e-01 4.046754762961803364e-01 4.096993381460913297e-01 3.903065549010690805e-01 3.919225537863949560e-01 3.983333324452770219e-01 3.774999052435712987e-01 3.688813433196059255e-01 3.631355543496886940e-01 3.651592134048268767e-01 3.706093029082708767e-01 3.753584524728967309e-01 3.750933931118604625e-01 3.858388306404261225e-01 3.965896956534034068e-01 3.841865484916576201e-01 3.946022195929021481e-01 3.956185319327943373e-01 3.905577772262582847e-01 3.715924085870795923e-01 3.733459122246278739e-01 3.823469753353088141e-01 3.834642317997465355e-01 3.725746698967373205e-01 3.774003472853494356e-01 3.724120363603855566e-01 3.673724144353770482e-01 3.693204454149887628e-01 3.941432227386695852e-01 3.964966252027541938e-01 3.843881489641283733e-01 3.819665258150640730e-01 3.832309776049913630e-01 3.852817791039664375e-01 3.777115204015209504e-01 3.752986383225636602e-01 3.973114649559257860e-01 3.814222566639535739e-01 3.840131560630027363e-01 3.735365638485655393e-01 3.727015244340949329e-01 3.656172399320487543e-01 3.706846030153629346e-01 3.692405441313325598e-01 3.718572908450459846e-01 3.781291228684224848e-01 3.805717320274996096e-01 3.883744278695966390e-01
-1.590234897973533401e-01 -3.285807375356773058e-02 3.105103495134979297e-01 1.000000000000000000e+00 3.845693579561372810e-01 3.795461345507138429e-01 5.304879990772776166e-01 5.374847076834621262e-01 4.363762288258760669e-01 3.991432961134377955e-01 5.624832222756813715e-01 6.366153853332601198e-01 5.651975010476409933e-01 5.050649507765103685e-01 5.816980375036295836e-01 5.881397842748800064e-01 5.156208158970223554e-01 3.309772544987192866e-01 4.479181499693037360e-01 2.839312914425611845e-01 5.153140131545067559e-01 5.627710551302337327e-01 4.003564741423928375e-01 3.971676761388076016e-01 4.249060152802751067e-01 4.620959411241464254e-01 4.503765888682170204e-01 4.600369171288619663e-01 3.827218007528893629e-01 4.161668848454149194e-01 4.969822206593743630e-01 5.302264483281516894e-01 5.079434204940143083e-01 5.281235408295198441e-01 4.753797451054679324e-01 5.373235121383610480e-01 4.780726247500776127e-01 5.068391501244450259e-01 5.316140910319392399e-01 5.651772252518389994e-01 5.758617086462028967e-01 5.748170682278050947e-01 5.918023636111331420e-01 5.898845665757996848e-01 5.758273546323747771e-01 5.414299479797628489e-01 5.794079036965397167e-01 5.681589230894319442e-01 5.667846154503162204e-01 5.768928721856091402e-01 5.671480403113959845e-01 5.778408704422505204e-01 5.777897355325744000e-01 5.288419734616630619e-01 5.231518611481393854e-01 5.164468536741559923e-01 5.378610258159955970e-01 5.709355234782269584e-01 5.454228686181623598e-01 5.821851302700020714e-01 5.775949636805444154e-01 5.603083948373874801e-01 5.482987913039567562e-01 5.622359016353911665e-01 5.767282328076802633e-01 5.558922817136010552e-01 5.696355012458115263e-01 5.481392295668988668e-01 5.416238577772400919e-01 5.142346021084037710e-01 6.136805174035494526e-01 5.695605188258900942e-01 5.250183974082024418e-01 5.465657159276219312e-01 5.668185808221126720e-01 5.636111710057066793e-01 5.611162038326334978e-01 5.100189494708662341e-01 5.457781303408801854e-01 5.453479340794955554e-01 5.446027860521914787e-01 5.594975377715386555e-01 5.602588523706590884e-01 5.483076243538494987e-01 5.867518451761173370e-01 5.751970517571141084e-01 5.613942835511791518e-01 5.767330091313116469e-01 5.709051380055675251e-01 5.572755041546406662e-01 5.885167686778614016e-01 5.894671948689332863e-01 5.850983427673038806e-01 5.772145571546847265e-01 5.880459550087124843e-01 5.776362898634174181e-01 6.107560520134266424e-01 5.971732564302187907e-01 5.953482912358570855e-01 6.008917485011450177e-01 5.995328038559224471e-01 5.940780962467798743e-01 5.976796111665169109e-01 6.062893755323481848e-01 5.958413611582076275e-01 5.740711404384832850e-01 5.875821094828941327e-01 5.638814237917079142e-01 5.672449173077552809e-01 5.866491015764671024e-01 5.761879297530017041e-01 5.876942667932014697e-01 5.784341898136425852e-01 5.921643247722266912e-01 5.800860067272131104e-01 5.848411909588773216e-01
6.983641993773635932e-03 5.225349816250664248e-02 2.496428351262670320e-01 3.845693579561372810e-01 1.000000000000000000e+00 3.175364975010099844e-01 4.996315495512945737e-01 4.603726387630053818e-01 4.368093172289697068e-01 4.042407770085942320e-01 4.816329237634431326e-01 5.079378201554137773e-01 5.162375914281839284e-01 4.040900768849305380e-01 5.087875919830061600e-01 5.207267418415651994e-01 4.510353917799520551e-01 4.106172508505540053e-01 4.605473424478920275e-01 3.718591531958294061e-01 4.499358769251349255e-01 4.942440427757868182e-01 4.589153393385473345e-01 4.474860825091028227e-01 4.675841976566169067e-01 4.848207789518937383e-01 4.714398931560266348e-01 4.875547004399854445e-01 4.296491125765025676e-01 4.684956005444684268e-01 4.893526479242549798e-01 4.984815097949564233e-01 4.910210115934031117e-01 4.992515542371749326e-01 4.801589266640168274e-01 4.973335672392708573e-01 4.939126700700136596e-01 4.708049268066770154e-01 4.930266364322564709e-01 5.066402852733797868e-01 5.166318828147348219e-01 5.078315850340011650e-01 5.200333233312148806e-01 5.142142566901151124e-01 5.135978039422146590e-01 4.940632153276065530e-01 5.100497277204136815e-01 5.071554190712194155e-01 5.011174636939821347e-01 4.861287510867122186e-01 4.994185003919558441e-01 5.165250381087653775e-01 5.144527108551046890e-01 4.937110341108254530e-01 4.855667951533387261e-01 4.967149014012933739e-01 4.776759347641073017e-01 5.042071538825059207e-01 4.866631504748520354e-01 5.071070259592069807e-01 5.098309228274446880e-01 4.903159246955540174e-01 4.822999291289902790e-01 4.842917223747147948e-01 5.016671588333153631e-01 4.999385526073014674e-01 5.075966006921144302e-01 5.083743382289249713e-01 5.127025227193729995e-01 5.081975960128063408e-01 5.274563547309147893e-01 5.201166636810515831e-01 5.109155257240615144e-01 5.160520787282227850e-01 5.129613752174516650e-01 5.092021079552684348e-01 5.100758004887827601e-01 4.886034111651058054e-01 5.101543477746247612e-01 5.022815049080948668e-01 5.034790543686126219e-01 5.078364525789921258e-01 5.146296897153088690e-01 5.113749788899942805e-01 5.191721773158756159e-01 5.203329692579297117e-01 5.142141341794317366e-01 5.132027067790250197e-01 5.070330292749554157e-01 5.143098772896022020e-01 5.275433868349505007e-01 5.214548891680845788e-01 5.197646263974088354e-01 5.172418892127452761e-01 5.119853138617214139e-01 5.086052271492382815e-01 5.156682172984038415e-01 5.040945190991537039e-01 5.107304777859034139e-01 5.204519389181586630e-01 5.212093105305014573e-01 5.057879933352602553e-01 5.187606641006543562e-01 5.185062508547187976e-01 5.245107658486684032e-01 4.991837437564528024e-01 5.087489982916922893e-01 5.081275240653739811e-01 5.093900979688791297e-01 5.101851398814803984e-01 5.058030710943389741e-01 5.101927998665037878e-01 5.064993179343209029e-01 5.079513754614783938e-01 5.032212216190189435e-01 5.109343231397861507e-01
-2.556030974655046709e-02 9.124562599033768373e-02 2.354631319109386500e-01 3.795461345507138429e-01 3.175364975010099844e-01 1.000000000000000000e+00 5.481598547248419662e-01 4.887356491134278169e-01 4.985780278312472169e-01 4.578242478778154489e-01 5.471313822063599286e-01 5.719489790871409296e-01 5.277400023860248091e-01 4.787015457283204101e-01 5.790556970858171670e-01 5.782375026608534974e-01 5.146694729231904297e-01 4.365517647998659045e-01 5.135857372016691125e-01 3.842696947163866672e-01 4.706616791166523539e-01 5.302799261980792878e-01 5.003863933957110044e-01 4.788299977020953335e-01 4.999652031387185058e-01 5.416807754298060829e-01 5.381770962933186686e-01 5.583430975128165219e-01 5.184980945033326183e-01 5.246374666591199221e-01 5.625481477195014568e-01 5.633089061214914262e-01 5.470067393411974788e-01 5.447181274261325701e-01 5.427723113911315789e-01 5.500823626137416600e-01 5.565338508110168059e-01 5.657996730706974509e-01 5.744388408733690499e-01 5.913191442850186386e-01 6.024811148405263550e-01 5.899291874220510268e-01 5.961205467002999026e-01 5.990748242849643912e-01 5.974256169050528031e-01 5.932585156837129059e-01 5.990491249140150742e-01 5.931128293532877960e-01 5.840354618294263389e-01 5.578259054168281939e-01 5.806706625555767554e-01 5.713122491722242291e-01 5.874082347895741574e-01 5.850670871743715029e-01 5.804177088077507873e-01 5.729318821872958489e-01 5.623905718826416322e-01 5.844312874762112031e-01 5.795658017748577251e-01 5.909568426035554101e-01 5.860815092308488961e-01 5.827571279835597196e-01 5.729285417778641198e-01 5.782278048415190330e-01 5.853824691135225411e-01 5.785820781653273626e-01 5.926339347949001191e-01 5.878926919476195057e-01 5.878666031458443797e-01 5.708654758272919683e-01 5.933730847312366219e-01 5.974184529676705990e-01 5.737572080567086008e-01 5.885872614933616020e-01 5.976968984803507912e-01 5.979720589790066265e-01 6.007827150332610833e-01 5.831367488092973339e-01 5.990649164696038032e-01 5.895264994590720953e-01 5.901942596363736193e-01 5.899074386709516338e-01 5.949135287154806440e-01 5.897249849239966091e-01 5.941426342313803621e-01 5.880422472696936742e-01 5.981510950616122368e-01 6.000687985267995073e-01 5.999714147287489308e-01 5.933620668494992145e-01 6.097206266531576269e-01 6.053526626842441472e-01 6.023213374670185472e-01 6.058528823884572478e-01 5.998326620899221417e-01 5.968620673343854044e-01 5.995293321417813903e-01 5.868222989953347790e-01 5.960467912596911777e-01 6.011656349272835875e-01 6.051781243452857284e-01 5.935477224238320249e-01 6.005219948708855338e-01 6.020119300382335004e-01 5.986390176430314014e-01 5.883033966129701531e-01 5.989839053910001043e-01 5.946535934333314621e-01 5.967249270461952859e-01 5.965286086639255414e-01 5.970289883934972730e-01 5.965679674458618242e-01 5.959677734805672866e-01 5.965135726630396151e-01 5.907756364211066424e-01 5.934000191388536516e-01
-3.704094960877994148e-03 1.277124537530086312e-01 3.603116258058020605e-01 5.304879990772776166e-01 4.996315495512945737e-01 5.481598547248419662e-01 1.000000000000000000e+00 7.012188772419656324e-01 6.951557915389732223e-01 6.403930969220530400e-01 7.563301801219055598e-01 7.950636454295771927e-01 7.437064075223093207e-01 6.356194988093759601e-01 8.307087917880313643e-01 8.024819235719428123e-01 7.155999852507448633e-01 6.535283442115449315e-01 7.367474112301869438e-01 5.881784664126665785e-01 7.031678867251782705e-01 7.846718213261147934e-01 7.185998276906255811e-01 7.094696879385612442e-01 7.518058213908863641e-01 7.677908072054098199e-01 7.734709736951868031e-01 8.068923061902640859e-01 7.239892586062817159e-01 7.514466594654454212e-01 7.915229923099069698e-01 7.937816234537306004e-01 7.861022612318930847e-01 7.773841164615628019e-01 7.582191750403969310e-01 7.734764650524514895e-01 7.950718549850651629e-01 7.868144378620828272e-01 8.093179559131796763e-01 8.318309250953495049e-01 8.318000602222863638e-01 8.256717228170309397e-01 8.257878846511250703e-01 8.268371463396361198e-01 8.311481597101600949e-01 8.170854954300901252e-01 8.087531331494609566e-01 8.096997039151224707e-01 7.925487533398626327e-01 7.593975671145061224e-01 7.980309245993494338e-01 7.896580774353521015e-01 8.092612515679510343e-01 7.991293373200841765e-01 7.866988123395980415e-01 7.903752616881584148e-01 7.588016191432352953e-01 8.079960106741388426e-01 7.903148148498904124e-01 8.041735723723277829e-01 8.007510157660904238e-01 7.910737474539262237e-01 7.778708141937941134e-01 7.802671535595060437e-01 7.945161939367871851e-01 7.891198175647233803e-01 8.141789214618041504e-01 8.227838027119576125e-01 8.207790370752992004e-01 8.076618026078545842e-01 8.350081883955962070e-01 8.307553647022426491e-01 8.156051126449899158e-01 8.291457749953600187e-01 8.226018407288028245e-01 8.254688615721698097e-01 8.336295088946865661e-01 8.023476906447762902e-01 8.250969705582178459e-01 8.142238507374367495e-01 8.204134768553446033e-01 8.147800694330075144e-01 8.250178097989570025e-01 8.192493338679441850e-01 8.317024772122935117e-01 8.215795908891670996e-01 8.290132261258305046e-01 8.303870979560272758e-01 8.238623519014783847e-01 8.201633140677417888e-01 8.479475856898049946e-01 8.337006759647060949e-01 8.323716496298030343e-01 8.356472755020788457e-01 8.167899808304910358e-01 8.154596765171040484e-01 8.141460654315071377e-01 7.939428474554869331e-01 8.114711050017091587e-01 8.257964543545724956e-01 8.326823936695486594e-01 8.098319216190442704e-01 8.212682543582215944e-01 8.217718658480686056e-01 8.240495364871652795e-01 7.985256146240813369e-01 8.128502930785248548e-01 8.168770528129754016e-01 8.162415225460515344e-01 8.130062689908265083e-01 8.189228120364573371e-01 8.127109899835796014e-01 8.152762006865165167e-01 8.118660449650466626e-01 8.059702930655934239e-01 8.139297216719365569e-01
1.961341644092810116e-02 1.026437519303246698e-01 3.428797738733235234e-01 5.374847076834621262e-01 4.603726387630053818e-01 4.887356491134278169e-01 7.012188772419656324e-01 1.000000000000000000e+00 6.841489661524050581e-01 6.351564055753511351e-01 7.394576037119743317e-01 7.667242879415410162e-01 7.113538643134824646e-01 6.209513109817348386e-01 7.816906921020814192e-01 7.898685910534347654e-01 7.018165244962648597e-01 6.309454003085803730e-01 6.836590497838949121e-01 5.701169820054288184e-01 6.879039843731427073e-01 7.281515263088194079e-01 6.710081887358037012e-01 6.574345473766075587e-01 6.872620208373089179e-01 7.429281973540390327e-01 7.282014074648718305e-01 7.344406482587654272e-01 6.860392481473237547e-01 7.292818777192807689e-01 7.614156407200788346e-01 7.659849312024482604e-01 7.480112906408165063e-01 7.552353066241386248e-01 7.304775792323873196e-01 7.564910370568295184e-01 7.457782305445315174e-01 7.650476285544723920e-01 7.768024175126589936e-01 7.663815818746542163e-01 7.839025075897303463e-01 7.830257720451174741e-01 7.885648328375032268e-01 7.852921094638203314e-01 7.865365072986525430e-01 7.749476447559454639e-01 7.770559494106633602e-01 7.769002394141369949e-01 7.731258060764591988e-01 7.626213187398729332e-01 7.797855427594012623e-01 7.590233970628177396e-01 7.765152388498006708e-01 7.713430517537803732e-01 7.702022257311498254e-01 7.680050085230036849e-01 7.566112915872206246e-01 7.798696464204381007e-01 7.738931737610194039e-01 7.803676977657078018e-01 7.813714351756213539e-01 7.709905137185325552e-01 7.692800694893540125e-01 7.685918609641159138e-01 7.776755997723254765e-01 7.737681701386153188e-01 7.838217866773372622e-01 7.784572964224971692e-01 7.837943532390436729e-01 7.700376676420325195e-01 7.935422427409977164e-01 7.858412012275468594e-01 7.699708817191799337e-01 7.763845818516829089e-01 7.850398252838090007e-01 7.819417312409795429e-01 7.815145536756595845e-01 7.631655024831242029e-01 7.797198970458376621e-01 7.786951945459285040e-01 7.780842074615862414e-01 7.820215412788820153e-01 7.885368788412202568e-01 7.807709049245926680e-01 7.938765651795178790e-01 7.893995247170489948e-01 7.851477823508862253e-01 7.897845679089965376e-01 7.873308078187286618e-01 7.838185701020423668e-01 7.900731077274033565e-01 7.898888198886676593e-01 7.907576336850242749e-01 7.907649292264607999e-01 7.829956425283642885e-01 7.827192073355677682e-01 7.892086709805427036e-01 7.832435864480762344e-01 7.895882804229581442e-01 7.946867028172835967e-01 7.921565537781427579e-01 7.885028292414496542e-01 7.869122910848176389e-01 7.908463605381373940e-01 7.944378869162973533e-01 7.776005505490827252e-01 7.875234325744105979e-01 7.827008789620326645e-01 7.837458489326208921e-01 7.835932264883275211e-01 7.872374647369587697e-01 7.843180945354876199e-01 7.839211417012598160e-01 7.864892521750186383e-01 7.820568172785552497e-01 7.879963924509826301e-01
1.828376369209809837e-01 2.004035046947149901e-01 3.524397472283335442e-01 4.363762288258760669e-01 4.368093172289697068e-01 4.985780278312472169e-01 6.951557915389732223e-01 6.841489661524050581e-01 1.000000000000000000e+00 7.086503377262012293e-01 7.912244107985707542e-01 7.993841961291746623e-01 7.403528354693079683e-01 6.422920004953553974e-01 8.257828552122116195e-01 8.161418519372091174e-01 8.135372097947930481e-01 7.402981509037790397e-01 7.446897315721543453e-01 6.862175926145394067e-01 7.312207783855912968e-01 7.413028946457004276e-01 7.702735586464529716e-01 7.243080383838459424e-01 7.412034514010066300e-01 8.468665570517126540e-01 8.322353438362787292e-01 8.183466170418729480e-01 8.107064628409700324e-01 8.516386474891084468e-01 8.770320019989625848e-01 8.576488982150591855e-01 8.190685044092519407e-01 8.253618705905445552e-01 8.441856624271663057e-01 8.272569270962210064e-01 8.479447555000728665e-01 8.459908419943708013e-01 8.569015276857738783e-01 7.877857604057341145e-01 8.481142328005369935e-01 8.408661994445257859e-01 8.270531010542161443e-01 8.465820982876661738e-01 8.552423156565517326e-01 8.445068667227016990e-01 8.557258967973100372e-01 8.674574658807008287e-01 8.636893447543086966e-01 8.327968485636713103e-01 8.620818885822282285e-01 8.094777546724453154e-01 8.458256479571563125e-01 8.660323122939305174e-01 8.598672514309964043e-01 8.686536805418023643e-01 8.514038106727881416e-01 8.481042153184632504e-01 8.599624622324879564e-01 8.634833478111155758e-01 8.560216521208602325e-01 8.575990552106153020e-01 8.528169540801664450e-01 8.578748180133074497e-01 8.651459708969149176e-01 8.697444792375192968e-01 8.690351522442419929e-01 8.623066549105176115e-01 8.716559613569102583e-01 8.694760489278384741e-01 8.485876706847097495e-01 8.599275190897007759e-01 8.524414972116315381e-01 8.520222995136067512e-01 8.714927323926995317e-01 8.642193455503727195e-01 8.584616254342677388e-01 8.666720443245123917e-01 8.595722736221166338e-01 8.758687063982137921e-01 8.708420382814845428e-01 8.778023319154528714e-01 8.688236609991139003e-01 8.698416858524954387e-01 8.453569115294831127e-01 8.540158712207199798e-01 8.654971248252461002e-01 8.551170746368923492e-01 8.600226655826385125e-01 8.695377637903242141e-01 8.391800136471468941e-01 8.541983230616267964e-01 8.576808746144460871e-01 8.571428500907877224e-01 8.580351880644020435e-01 8.628458405150208899e-01 8.307698285288788176e-01 8.482715838270585840e-01 8.569389936187193912e-01 8.546235790476039984e-01 8.435223530925657354e-01 8.557850014543775252e-01 8.532563358997229397e-01 8.522084379669322418e-01 8.578981024616771922e-01 8.562906935151847199e-01 8.624505537654816312e-01 8.688610530655701547e-01 8.654654332313796994e-01 8.604510891586131249e-01 8.602643940219271146e-01 8.627236953547474663e-01 8.605522925958533076e-01 8.624027698376308670e-01 8.690651292509927739e-01 8.654799838647108112e-01
9.268098990312453878e-02 2.012679604284402790e-01 2.951561733912785312e-01 3.991432961134377955e-01 4.042407770085942320e-01 4.578242478778154489e-01 6.403930969220530400e-01 6.351564055753511351e-01 7.086503377262012293e-01 1.000000000000000000e+00 6.984102097917017637e-01 7.127182420255261386e-01 6.554631546707708756e-01 5.627952782148580857e-01 7.403228339103273825e-01 7.276777828695587536e-01 7.027558711578349993e-01 6.320594256152832768e-01 6.671251085935243630e-01 5.653866577837108887e-01 6.206185200159611837e-01 6.589592806964544858e-01 6.787294584775157569e-01 6.307146248669786015e-01 6.639491325322705029e-01 7.533510623628241198e-01 7.363109825452307522e-01 7.376294619467715918e-01 7.236013617755788774e-01 7.433963167617758661e-01 7.728573212399488801e-01 7.599705355909009974e-01 7.380902250679552967e-01 7.330386658637246811e-01 7.427116924045624735e-01 7.228250909532236701e-01 7.519198702172504856e-01 7.668943688127722869e-01 7.687590212747678065e-01 7.269975275143905069e-01 7.659210978166193229e-01 7.605177298900540617e-01 7.473437305457673041e-01 7.634673433715549740e-01 7.611473905608240331e-01 7.669148070427147523e-01 7.663304681755469527e-01 7.736165194453605842e-01 7.636873891668507497e-01 7.300351783177204679e-01 7.656259295031954126e-01 7.057977009899244480e-01 7.445451852356179678e-01 7.745358423520076752e-01 7.698368738327860950e-01 7.733150042961184356e-01 7.462271057399014751e-01 7.642626815218627190e-01 7.691066364872577443e-01 7.663130744327633082e-01 7.633213534569219805e-01 7.659140518581672996e-01 7.605735663132505708e-01 7.573775402640736676e-01 7.587473023345051582e-01 7.596072045860702282e-01 7.731126575801205991e-01 7.701192662972824454e-01 7.756021120442401218e-01 7.555620379939208542e-01 7.529579671090528281e-01 7.637659954803378559e-01 7.561650573475569015e-01 7.600101738972003806e-01 7.778468032040106728e-01 7.735508687498483527e-01 7.702120906716709570e-01 7.728214867763324447e-01 7.736053386806848176e-01 7.798095450931644690e-01 7.763585268731286737e-01 7.795480141092746562e-01 7.761420070837052876e-01 7.757310221626222413e-01 7.642040146231959818e-01 7.653561272313103014e-01 7.737225716187683400e-01 7.694251163096242907e-01 7.730523804954986256e-01 7.754474051466736517e-01 7.617030333406116238e-01 7.683746221086734662e-01 7.693983963864490239e-01 7.726718044558512632e-01 7.691691651393725015e-01 7.719094078346123711e-01 7.442857658706434343e-01 7.439285477593088336e-01 7.631770864869920068e-01 7.655415789156601036e-01 7.607584594095400110e-01 7.637844649362058869e-01 7.588193813038894842e-01 7.630840702658518993e-01 7.595177861335137282e-01 7.573544808287275831e-01 7.652795608126390370e-01 7.764683583588193327e-01 7.746880763881831555e-01 7.685884554980622063e-01 7.704961538121273268e-01 7.669036881927600025e-01 7.697483434227138099e-01 7.657562512783425701e-01 7.666662155199334139e-01 7.655125285346602304e-01
5.636318020956630065e-02 1.214718277871416618e-01 3.872660587691139633e-01 5.624832222756813715e-01 4.816329237634431326e-01 5.471313822063599286e-01 7.563301801219055598e-01 7.394576037119743317e-01 7.912244107985707542e-01 6.984102097917017637e-01 1.000000000000000000e+00 8.671343176739856329e-01 7.846689670679598549e-01 6.871524612079639160e-01 8.727160647300200580e-01 8.687440731778224290e-01 8.048300208130759748e-01 7.199715885380457703e-01 7.807435644421272247e-01 6.466008930212127082e-01 7.754917570259556303e-01 8.169464943279626246e-01 7.808587805938995707e-01 7.503581198111088923e-01 7.738731752406620146e-01 8.489073983164689974e-01 8.349444488484151217e-01 8.318809414146058900e-01 7.953979537259168175e-01 8.398781041716971707e-01 8.832187570141499799e-01 8.792954357623368189e-01 8.535409034532543959e-01 8.658969731426992000e-01 8.528650537145451294e-01 8.573127512988235610e-01 8.570850802732097318e-01 8.733876652796012108e-01 8.814717277763116643e-01 8.599189996678903158e-01 8.874341020734117791e-01 8.807171261073987178e-01 8.800233435017430494e-01 8.850081800211213601e-01 8.913277519212962074e-01 8.718811327718951620e-01 8.903494753829410691e-01 8.917978200655343191e-01 8.943627925010316781e-01 8.785672390840344459e-01 8.939855689556389651e-01 8.569222701116077090e-01 8.806339728550829360e-01 8.907728348294107201e-01 8.860328346613877137e-01 8.889229645112759481e-01 8.795435864230288781e-01 8.859017404123951112e-01 8.913524339945408936e-01 8.892590149824400880e-01 8.977312683504107271e-01 8.888758187944769684e-01 8.877800735375801500e-01 8.859272792188230827e-01 8.865934981338936538e-01 8.909894708909077421e-01 8.971049461768154654e-01 8.928147360553918555e-01 8.967511351911442441e-01 8.802102557111642911e-01 9.039765848236743784e-01 8.972941618540276609e-01 8.811841438658450931e-01 8.864206626235404674e-01 8.972596099042799977e-01 8.950145172051069409e-01 8.879820413640326926e-01 8.756413649084648920e-01 8.848205421978836416e-01 8.941212517478048794e-01 8.925575789765031187e-01 8.975963381629610272e-01 9.014277198148878956e-01 8.949593235356787524e-01 8.987979131486251161e-01 9.006496091399990300e-01 8.970524433747966153e-01 8.941104909317617588e-01 8.958575220751928692e-01 8.967013833755672625e-01 8.919914177817932499e-01 8.936428109443083079e-01 8.969719171601433505e-01 8.925642160359559263e-01 8.961273342690869725e-01 8.951998659711484230e-01 8.926754105438924336e-01 8.917207307260757165e-01 8.989996033364139327e-01 8.986802266430168329e-01 8.942289892582035993e-01 8.990358193916656582e-01 8.939644690622693401e-01 8.966896349694586377e-01 9.025337569402770432e-01 8.927958335658771061e-01 8.998732412677666881e-01 8.969056344144452630e-01 8.964204575921635998e-01 8.939180191858847602e-01 8.962883761196105414e-01 8.962382334031526732e-01 8.968442028511005581e-01 8.993950713857680190e-01 8.975210662555380692e-01 8.987565538996719061e-01
-1.145982767373441083e-02 1.084513317050992270e-01 3.919111077981567992e-01 6.366153853332601198e-01 5.079378201554137773e-01 5.719489790871409296e-01 7.950636454295771927e-01 7.667242879415410162e-01 7.993841961291746623e-01 7.127182420255261386e-01 8.671343176739856329e-01 1.000000000000000000e+00 8.282606853015740400e-01 7.310643594147959723e-01 9.109819759375877846e-01 9.068557955068288212e-01 8.289551380908234401e-01 6.959219916622446656e-01 7.736578071984346883e-01 6.199076514421175688e-01 7.872537000650208228e-01 8.252068850079723461e-01 7.616600807188967925e-01 7.310425596169694007e-01 7.586267688625966121e-01 8.501736686421504929e-01 8.322991034991260584e-01 8.370085328313189299e-01 7.837999472351643293e-01 8.315509470147112170e-01 8.935434909003405757e-01 8.974086401194658613e-01 8.602369805110873235e-01 8.733619115781358078e-01 8.573614198560219890e-01 8.701268407481610456e-01 8.671128530087989228e-01 8.903596231902289881e-01 9.070633311771486573e-01 8.876177783683045774e-01 9.239432104260434375e-01 9.201543401703132785e-01 9.202970938162883252e-01 9.323301208342735791e-01 9.236211433394762027e-01 9.067521579334802961e-01 9.331095935683206832e-01 9.297695846012805632e-01 9.277536380111149894e-01 9.030270881726097931e-01 9.255663141347728606e-01 8.831163139840999543e-01 9.194527725218614167e-01 9.151840717042601936e-01 9.060805354756079621e-01 9.053193165240799312e-01 9.047333036506701731e-01 9.257026736376111620e-01 9.219450228108979628e-01 9.352534690444258558e-01 9.321613527852145031e-01 9.278707331048788864e-01 9.171186127654703535e-01 9.250496990729112357e-01 9.244050117861687399e-01 9.223197065535216899e-01 9.325384973564513347e-01 9.196017116812003067e-01 9.198558082357584098e-01 8.941748072967963257e-01 9.384148093721059736e-01 9.262345661182043166e-01 8.986475763975954045e-01 9.037288777935303941e-01 9.334118409902829594e-01 9.279886595837218977e-01 9.221911403086047176e-01 8.968547352446445409e-01 9.161889325570180542e-01 9.248437227913318681e-01 9.204457095904726716e-01 9.269485496232340305e-01 9.282384659115853198e-01 9.232706806889107165e-01 9.259193324160498451e-01 9.264695381840128974e-01 9.265837135846687334e-01 9.325317113568646343e-01 9.316130575198101615e-01 9.284332430541890613e-01 9.296169969735231797e-01 9.363669287276521480e-01 9.351040375700307994e-01 9.321754244052563587e-01 9.379858034329142669e-01 9.361302253822776365e-01 9.293838006457073586e-01 9.244817710932260457e-01 9.373891792587557559e-01 9.402980022230699175e-01 9.355231809468858017e-01 9.366694944382957244e-01 9.368005462137058981e-01 9.417369571808570372e-01 9.356584990112598588e-01 9.264267511529392651e-01 9.378679125880758916e-01 9.328424967413541102e-01 9.328834046615811504e-01 9.379405242136170662e-01 9.355305963973197247e-01 9.389207385670356176e-01 9.367111644862254893e-01 9.393044654834344920e-01 9.322302722631569116e-01 9.355210911730569290e-01
1.941406442407577967e-02 1.050678344328647151e-01 3.494723608268402448e-01 5.651975010476409933e-01 5.162375914281839284e-01 5.277400023860248091e-01 7.437064075223093207e-01 7.113538643134824646e-01 7.403528354693079683e-01 6.554631546707708756e-01 7.846689670679598549e-01 8.282606853015740400e-01 1.000000000000000000e+00 6.650371559404595345e-01 8.463029271512656493e-01 8.366483098076334946e-01 7.543062272301421789e-01 6.627055192305267850e-01 7.381125023591514900e-01 5.901555382915426584e-01 7.158382606425125472e-01 7.726455307950339524e-01 7.227578684967749245e-01 7.067441878283622358e-01 7.392437528269434344e-01 7.949442717572374750e-01 7.842035340821745804e-01 7.942963546745518411e-01 7.468891951652565364e-01 7.788274423966623505e-01 8.193227923947304925e-01 8.198758976880310412e-01 7.960068703804116241e-01 8.006611494600219814e-01 7.940900782756492582e-01 7.958985932182834899e-01 8.068056415583307883e-01 8.115670395859461150e-01 8.293865367861307236e-01 8.206360982453659858e-01 8.567352058397952330e-01 8.495157011920487777e-01 8.502684548741779036e-01 8.595572693589293989e-01 8.537749103598818445e-01 8.349733985442518991e-01 8.570477346716979250e-01 8.535871869413087509e-01 8.415390566768010672e-01 8.083383831483961224e-01 8.395959554061251939e-01 8.259351095488542960e-01 8.466694665610342563e-01 8.382359975153503839e-01 8.303376376618363253e-01 8.297913877946694328e-01 8.147477429059415410e-01 8.480901349817319135e-01 8.330406213144531113e-01 8.567244640452165161e-01 8.494479609065099801e-01 8.402731505510407928e-01 8.253078645050395679e-01 8.317614521273868355e-01 8.422511957707240482e-01 8.411097303260650637e-01 8.564843587769744859e-01 8.505371866277031678e-01 8.504188874025881972e-01 8.347437990597220692e-01 8.608544740906802772e-01 8.570649059739415820e-01 8.394490368550930892e-01 8.494672416579320817e-01 8.599615265494612304e-01 8.552566794596688782e-01 8.574061776991509509e-01 8.331452101607300653e-01 8.504277980973261597e-01 8.505070789742779080e-01 8.492873391071784628e-01 8.531435680153979240e-01 8.535937700705606979e-01 8.517835768508429384e-01 8.504563475015536334e-01 8.520562682703933799e-01 8.551806504913941342e-01 8.570132852122848144e-01 8.528513801226721425e-01 8.537323551316468029e-01 8.603425163315545632e-01 8.632178789195089630e-01 8.619806054770308146e-01 8.599580052237776329e-01 8.589946311404168533e-01 8.565712135733545285e-01 8.468937627377557398e-01 8.392411542059834417e-01 8.564276520884905874e-01 8.617261492337997542e-01 8.614947027083225128e-01 8.502718897993648550e-01 8.606249378491651614e-01 8.624760690733244139e-01 8.606086856100741977e-01 8.393409509025299142e-01 8.556620247934719758e-01 8.553395042627778277e-01 8.555459974276078405e-01 8.578688586019317386e-01 8.534087352663858317e-01 8.592696529901245883e-01 8.536399216657050149e-01 8.544335945704443214e-01 8.513423420843310163e-01 8.575899588635422788e-01
