1.000000000000000000e+00 3.658841906507871999e-01 2.989913949164670348e-01 -7.239440165561369933e-02 1.186063649645267282e-01 6.371686140237466101e-02 -4.746530897232699442e-02 5.818893204864629062e-03 3.464977874515190459e-01 2.122035434108484331e-01 1.313407468792732458e-01 -8.367372701463410278e-02 4.333819018596894029e-02 -1.611648504963943476e-02 -1.756834494801319882e-02 1.311265060532422651e-02 3.393809811206039972e-01 5.528932369166316141e-01 4.519793175189544820e-01 5.215936052851199989e-01 4.303609644185458771e-01 4.408534716746668192e-01 4.820775085468840260e-01 4.203936485823977498e-01 4.199355573958113985e-01 3.395792073190873617e-01 3.465378344634058583e-01 3.375865902837519306e-01 3.470556224314531035e-01 3.654415393804401058e-01 3.176504354564629873e-01 2.770434772778930799e-01 2.653628313571846919e-01 3.177712476551022847e-01 2.999260104588388209e-01 2.764394424248733384e-01 2.896407850550456464e-01 1.891030328095698598e-01 1.944572999239709832e-01 1.794276685969921903e-01 1.031766707426590712e-01 1.534504895625668219e-01 1.121853463468499151e-01 1.264218524337319682e-01 2.169754018813438157e-01 1.597769693299354310e-01 5.052737903503146805e-02 6.727916722932689164e-02 6.815181898158080565e-02 1.678860906305676415e-01 1.442160236820090036e-01 1.183834023943561992e-01 3.905489951627046791e-02 1.271581600723588334e-01 1.490008034801678372e-01 1.800914929556799160e-01 1.650695477285448742e-01 7.267946651280868253e-02 8.535743223274834535e-02 7.716385754501253746e-02 7.632553254290520839e-02 8.828591681533061453e-02 1.214670126545108753e-01 1.217284073647750264e-01 1.596754324727134022e-01 1.389025502910433418e-01 1.137120649038348141e-01 1.982445797327914427e-01 2.032741926560573120e-01 2.447334734934934475e-01 1.852477221229650306e-01 1.854857032408187556e-01 2.270959821532260448e-01 1.963422486659176236e-01 1.196776888620931650e-01 1.584682618845130453e-01 1.490266122985892117e-01 1.847209718903086995e-01 1.593317355854883544e-01 1.634951355844359577e-01 1.647034602497509104e-01 1.433060683787271972e-01 1.820562823455412482e-01 1.871275185598293977e-01 1.266087755897541411e-01 1.488744449019360760e-01 1.288179866395235962e-01 8.994694287495083596e-02 1.178782779769124572e-01 1.392071370915170248e-01 1.018094770293324486e-01 7.077506169603169084e-02 8.823566603250763973e-02 6.981732489506013717e-02 3.319325876987035823e-02 4.133157564245813764e-02 4.997007758469339950e-02 9.218568508626989733e-02 4.590723143103370846e-02 6.457275813324572789e-02 4.130336522023073803e-02 7.712014897056067297e-02 2.460173648705399688e-02 3.644201109870345845e-02 7.957405041638801468e-02 9.041191475968403390e-02 5.371964091449229345e-02 7.702423349998353819e-02 8.851329946402514137e-02 5.677216417451138447e-02 4.310654968900357042e-02 5.231600505609910329e-02 5.844498280813322649e-02 6.966308422063430261e-02 9.656941008635708257e-02 7.545213743018573671e-02
3.658841906507871999e-01 1.000000000000000000e+00 1.499247771240297400e-01 -2.081691474283134738e-02 7.298500858762262122e-02 1.158676894988430184e-01 1.006089500798953984e-01 1.026888022552834845e-01 2.730012891754735049e-01 2.647867640979387760e-01 1.775835365821956946e-01 5.326608647707639643e-02 1.237445846024772811e-01 7.553072248909360742e-02 1.328382106494838955e-01 1.213116795582933199e-01 2.759617793971041455e-01 3.160902925542762310e-01 2.862255725084419944e-01 2.948380837544281041e-01 2.531860795764671046e-01 2.767184173368406053e-01 3.219063630521797892e-01 2.583836394894789557e-01 2.669034024162709184e-01 2.800725193850586714e-01 2.811114280362793094e-01 2.875957037586190368e-01 2.901008969556764239e-01 3.034804741165854081e-01 2.788602128257794410e-01 2.462022363100805911e-01 2.533050040389748236e-01 2.362570688005881103e-01 2.677695768160793244e-01 2.109022226780690179e-01 2.547589604106929029e-01 2.340085791231788503e-01 2.059764224439772362e-01 1.940626167282603065e-01 1.705791202491043768e-01 2.132203705302633256e-01 1.465079288950359437e-01 1.779779533063974850e-01 2.113476633242757086e-01 2.149835866319425581e-01 1.587573269563530842e-01 1.821853404644748486e-01 1.630782767855806781e-01 1.703652695260765570e-01 1.885714592654373079e-01 1.430840752921344605e-01 1.377763241772930192e-01 2.145002556487199119e-01 2.062065202983177359e-01 2.253878172887738007e-01 2.142381518944093122e-01 1.779709158115491408e-01 1.928181446554423362e-01 1.852724636431056227e-01 1.614045851075787408e-01 1.955164529567129938e-01 2.051217977558851269e-01 1.849407642226523485e-01 2.100343394305828892e-01 2.035211705598334864e-01 1.944651540359425279e-01 2.125243455414956295e-01 2.250148817371606935e-01 2.280029660339684128e-01 2.042924453092770376e-01 2.131913207616905614e-01 2.206376053111150926e-01 2.125778248725782305e-01 1.887965140817791931e-01 2.057404430983395816e-01 2.112384784767451784e-01 2.311342697472046070e-01 2.105801440004266556e-01 2.231020936849223146e-01 2.201160889485203331e-01 2.095561440184571800e-01 2.109514354875348108e-01 2.244616457078869032e-01 1.733661642744031839e-01 1.835628473270801142e-01 1.903119532952070592e-01 1.796680152313354095e-01 1.914838513084989868e-01 2.040615795370326890e-01 1.781641221542032416e-01 1.670198561531452131e-01 1.720502819035653608e-01 1.696454663834703891e-01 1.561921792288460120e-01 1.645511885948613973e-01 1.280995849548056398e-01 1.499792851496483392e-01 1.498502252278877955e-01 1.551490694231015544e-01 1.388240724096142242e-01 1.596255532691749635e-01 1.363627508746731165e-01 1.447918946353780878e-01 1.547506442563329754e-01 1.755554517565552086e-01 1.596847123668420354e-01 1.825376327366965701e-01 1.829489014815916248e-01 1.678515827048861209e-01 1.590383468183612092e-01 1.677868051916624470e-01 1.740513263855344717e-01 1.678974709945286470e-01 1.804589979791892673e-01 1.736570239108124192e-01
2.989913949164670348e-01 1.499247771240297400e-01 1.000000000000000000e+00 2.345139246220898643e-01 2.071524705277949518e-01 2.165945919106382900e-01 2.517275337612991937e-01 2.469468015985483156e-01 4.446777332615205469e-01 3.710042614294269403e-01 4.150723443290186832e-01 3.103261992331431407e-01 3.216052361744093924e-01 3.110646785946928339e-01 3.294778744146645844e-01 3.303871766647534791e-01 4.348614401441359689e-01 4.969413604348077440e-01 5.164164674324306370e-01 4.536460281292433727e-01 4.765014790084078355e-01 5.145477368337578739e-01 4.726154113538234003e-01 4.876363142947844898e-01 4.996685655447018481e-01 4.812815523139017948e-01 4.990189734638899033e-01 4.822364861666622593e-01 4.781425904384695169e-01 4.828978929911493245e-01 4.756058449212256511e-01 4.541101684157601293e-01 4.462097983556226333e-01 4.678772265149477860e-01 4.488174955945101741e-01 4.282948396793415102e-01 4.532551199116829355e-01 4.131504676271543497e-01 4.171311348584822998e-01 4.300172632576731990e-01 4.024939002855945080e-01 4.161032580881430798e-01 3.966064684023621889e-01 4.038899426003753623e-01 4.445058589198757071e-01 4.061331759907350625e-01 3.719537800105001124e-01 3.740317072710065971e-01 3.727551685440621543e-01 4.136505531473286812e-01 4.013349108719022618e-01 3.587825632321319236e-01 3.421482663946506797e-01 3.959676728875348162e-01 3.981496151592491817e-01 4.203940959402079347e-01 3.968439794807526733e-01 3.780863099999455246e-01 3.850137903728478861e-01 3.804632425012923758e-01 3.741321825501514597e-01 3.756934421292622006e-01 3.772386572254355919e-01 3.785302618201431546e-01 4.038362014181018367e-01 3.925559406775184779e-01 3.900260909108475560e-01 4.432016007023331650e-01 4.322737874113516399e-01 4.488219250043744002e-01 4.442741331076766054e-01 4.364770774617078297e-01 4.457320616590963458e-01 4.409040642778105923e-01 4.111617376284402714e-01 4.298603899759108615e-01 4.199610903620002444e-01 4.346712807541254220e-01 4.256003392104001359e-01 4.262691357547072624e-01 4.220463710377961308e-01 4.154201503121049410e-01 4.258527853139553176e-01 4.262281401224340405e-01 4.060031580191861833e-01 4.097211013374298938e-01 4.048870192889255093e-01 3.882746851394791032e-01 3.972346593812202675e-01 4.113840623973631372e-01 4.036659483000276105e-01 3.821299262307344402e-01 3.909555704603919213e-01 3.818671089247801520e-01 3.563834414712652721e-01 3.617457184808891002e-01 3.639394266114925336e-01 3.633322417884299327e-01 3.565218606239585197e-01 3.748549459693120700e-01 3.619941986458593552e-01 3.679958810705678540e-01 3.526807204096947812e-01 3.586467137761883417e-01 3.689661892627709161e-01 3.695569278485397735e-01 3.640111772853599215e-01 3.737777696031341912e-01 3.866780891668246123e-01 3.686481607429827889e-01 3.638028774915429420e-01 3.647802159191179672e-01 3.593911908653975584e-01 3.602894870537426963e-01 3.816858531430611379e-01 3.653499448016651052e-01
-7.239440165561369933e-02 -2.081691474283134738e-02 2.345139246220898643e-01 1.000000000000000000e+00 3.719910667245896474e-01 3.315892387973228828e-01 5.712612809183568174e-01 5.395159511468023972e-01 3.504476000526997592e-01 2.825735889725843331e-01 4.953811151592895090e-01 6.548553507785819239e-01 5.341469457869579829e-01 4.752554959251841793e-01 5.724455838493868187e-01 5.620524945209517398e-01 3.749132784322518619e-01 1.870483026387469994e-01 3.034823738202090393e-01 2.452078952565450165e-01 3.676029471126517900e-01 3.155112876243036379e-01 2.923444007308124148e-01 3.802548807432224454e-01 3.671110669296726026e-01 3.816901762542166954e-01 3.670454338128142369e-01 3.523815899116777284e-01 3.220600476073791629e-01 3.502258839767157794e-01 3.927167403501022336e-01 4.137374388103807754e-01 3.397716345162484775e-01 4.034478204708205618e-01 3.413054519084054994e-01 4.648749505884042788e-01 4.129831501594455334e-01 3.415499172180306853e-01 4.334963811314749282e-01 4.408323738946534620e-01 4.834894740582916794e-01 4.348064566000987563e-01 5.233994182366508152e-01 4.920384474324706603e-01 4.928802575687745713e-01 4.257492589702951413e-01 4.962362799204438346e-01 4.899018210749777613e-01 4.786916653148134970e-01 4.695467793104451393e-01 4.445245309825554547e-01 5.812498275916319068e-01 5.296967770408557152e-01 4.549050497141072791e-01 4.407029092226514289e-01 4.276904786843701012e-01 4.571562937917885705e-01 4.649656560637607794e-01 4.356055960614075850e-01 4.976674324478115863e-01 5.211048378045971541e-01 4.575183946160658599e-01 4.374787077595119200e-01 4.821884554100674403e-01 4.698736372563169783e-01 5.024557632947186381e-01 4.764043126278508788e-01 4.535036016337691267e-01 4.380142966881789279e-01 4.657053950936814735e-01 4.856387295440265928e-01 4.649961822887047069e-01 4.806555214628254191e-01 4.816819791993132704e-01 4.794851411732348190e-01 4.702142363833368144e-01 4.596336976425040022e-01 4.408062465858110790e-01 4.832530165897913066e-01 4.522090620084753820e-01 4.453676249420602806e-01 4.691839038837348763e-01 4.811011554452000460e-01 4.362411748188118055e-01 4.770258122661351075e-01 4.940300110023299052e-01 4.913528316489803593e-01 4.610188915351035033e-01 4.722744979793557785e-01 4.905395231352127627e-01 4.812822064076845430e-01 4.929698474431860045e-01 5.117330041913081828e-01 4.820168582654293377e-01 4.994374061053316605e-01 4.957303960879047566e-01 5.451425695221489010e-01 5.289356788143044774e-01 5.220422550611700796e-01 5.003325323948832892e-01 5.323482444324250107e-01 5.129027071450259490e-01 5.362219829847295616e-01 5.194417504867336888e-01 5.524592133876624622e-01 5.172049528667381768e-01 5.046927435746599855e-01 4.844150486721402471e-01 4.870202297821168425e-01 4.909844427970619374e-01 4.968896197978037166e-01 5.085765799368451301e-01 4.968687240813592920e-01 5.068243033210109161e-01 4.871120033225168622e-01 5.156037583819230719e-01
1.186063649645267282e-01 7.298500858762262122e-02 2.071524705277949518e-01 3.719910667245896474e-01 1.000000000000000000e+00 2.635004085906088589e-01 4.375371339673653770e-01 5.009923785277771158e-01 4.031776538878509286e-01 3.520776867213889494e-01 4.093036582238205323e-01 4.590892350180039161e-01 4.949557199385113959e-01 4.187644461687818342e-01 4.700274878738335826e-01 5.133400987974897633e-01 4.054401378421386148e-01 2.935253165250075180e-01 3.757543149878472821e-01 3.366083338434125438e-01 3.625206973442664515e-01 3.718048693151524975e-01 3.974544341039206174e-01 4.155063546136370523e-01 4.155087575340778994e-01 4.508850428233446284e-01 4.085569442725931477e-01 4.201094100762553518e-01 4.055609250197713123e-01 4.093508124129646708e-01 4.335004579565582827e-01 4.517239166801179651e-01 4.073450774846278377e-01 4.394931655573462437e-01 3.961185120599997056e-01 5.027222109152670315e-01 4.486158827078745581e-01 3.957752627555058411e-01 4.589963556427854585e-01 4.563693760746727057e-01 4.655776533483951263e-01 4.543932876467987603e-01 5.064600747076741794e-01 4.797690694871565853e-01 4.891790703323379286e-01 4.382609662360080205e-01 4.591049764910597464e-01 4.466839928108422009e-01 4.544669303910734981e-01 4.651310137014222357e-01 4.551820806897008964e-01 5.105048080475470540e-01 4.690943727608303804e-01 4.343041723242964114e-01 4.308314273219265300e-01 4.468111380999004734e-01 4.486516766165314363e-01 4.402196280489603653e-01 4.215785020048368192e-01 4.626610230310035377e-01 4.775654038989322614e-01 4.388296349309672717e-01 4.304780983607819911e-01 4.783785951421293814e-01 4.594357385041630271e-01 4.771152024228756394e-01 4.525330335218260003e-01 4.470098006373817157e-01 4.546541413670605603e-01 4.661324860962816063e-01 4.563685728771314509e-01 4.570157133611264522e-01 4.696083259573392010e-01 4.735603546594533420e-01 4.639325416782590916e-01 4.580022789222207846e-01 4.547805553688391011e-01 4.500053649628861230e-01 4.605105659354082892e-01 4.430246169394488898e-01 4.444383469871010517e-01 4.510529158595386057e-01 4.735015415261298322e-01 4.465281314905114596e-01 4.530853421308101980e-01 4.709832710350414509e-01 4.713185208867219367e-01 4.477120575203915043e-01 4.567824266256431121e-01 4.721753863732155443e-01 4.638541881714355886e-01 4.666195837179564210e-01 4.710655173434118992e-01 4.533877082560824889e-01 4.534267053386103474e-01 4.515195204161741027e-01 4.799300284149057849e-01 4.759518825113131513e-01 4.681825367793731596e-01 4.620822286795647216e-01 4.883058573406134362e-01 4.657685816714378646e-01 4.704741618177161744e-01 4.667133436224813470e-01 4.964868234832377492e-01 4.595699754998699427e-01 4.573916827226284787e-01 4.546226845391621585e-01 4.593633944767491761e-01 4.519659228495618852e-01 4.518717414474968663e-01 4.622458620141264851e-01 4.500671501375745343e-01 4.633472101335335824e-01 4.560584387106463855e-01 4.646533882656309622e-01
6.371686140237466101e-02 1.158676894988430184e-01 2.165945919106382900e-01 3.315892387973228828e-01 2.635004085906088589e-01 1.000000000000000000e+00 4.549121157623275402e-01 3.960813626592458725e-01 4.827452277809159975e-01 4.606508451493833145e-01 5.048657943307680585e-01 5.105129855195337241e-01 4.695159478936213326e-01 4.864334765194853749e-01 5.343685578973004224e-01 5.194465246995105812e-01 4.574061544184278016e-01 3.348630458945903721e-01 4.087159747136904220e-01 3.415179917955708522e-01 3.806155771027996959e-01 4.259235281691737263e-01 4.078126848382688796e-01 4.121965774473275723e-01 4.128428161125891060e-01 4.964877149196101347e-01 4.826561194871260008e-01 4.888200936927224460e-01 4.674230655817417923e-01 4.786954339761526622e-01 5.297998651815428728e-01 5.105400096647587649e-01 4.769984081583362179e-01 5.014528171440977289e-01 4.710474400379903170e-01 5.070706084961417170e-01 5.139208692625497621e-01 4.953233363031623315e-01 5.267334157275076478e-01 5.222850427715414190e-01 5.467839032739588712e-01 5.324711951201193116e-01 5.296667938336032666e-01 5.462632316534721255e-01 5.438789425851829895e-01 5.304459015497375862e-01 5.536765903860607629e-01 5.504602899322740273e-01 5.433637389108709748e-01 5.314235271708169783e-01 5.384782572864774686e-01 5.280778906755299040e-01 5.448470340442580495e-01 5.356623105142198638e-01 5.312668612377219324e-01 5.332419007479087814e-01 5.273501109525149388e-01 5.428554941542368395e-01 5.323490460723702133e-01 5.534807399053873755e-01 5.522374619315558730e-01 5.355003448605566430e-01 5.336261955125880529e-01 5.404593463179558910e-01 5.398977139007573589e-01 5.465675424231203339e-01 5.528213189906326930e-01 5.397261241355048034e-01 5.379364867722068455e-01 5.336860548438446816e-01 5.437941140178467192e-01 5.450578569543523821e-01 5.372553185096501371e-01 5.347466175588210247e-01 5.545837916568718828e-01 5.499517007570965399e-01 5.463470108466290664e-01 5.423335282000022461e-01 5.478690854678560651e-01 5.501810715807160523e-01 5.466978211638612306e-01 5.570491907066547066e-01 5.507451818633484208e-01 5.326767509947027968e-01 5.503478988790772020e-01 5.497127288505614384e-01 5.546895886720270008e-01 5.485858985183570402e-01 5.497881535651460982e-01 5.505399441960637796e-01 5.511208538281199276e-01 5.546490632800458176e-01 5.573533436482016601e-01 5.549431105149220667e-01 5.528906450341668499e-01 5.522455346001230447e-01 5.498463166413747327e-01 5.425033480256208351e-01 5.542860884710382186e-01 5.507823164443524933e-01 5.524969578980895024e-01 5.554086635893203949e-01 5.523642385878497763e-01 5.554671424287185300e-01 5.573321730362718052e-01 5.523368768008131147e-01 5.516711099222713077e-01 5.546497011796504006e-01 5.532012045030344494e-01 5.534820899054637700e-01 5.558007936927482628e-01 5.552947440963243997e-01 5.520909641271680712e-01 5.524242929856817419e-01 5.502751946666091243e-01 5.536473757235893522e-01
-4.746530897232699442e-02 1.006089500798953984e-01 2.517275337612991937e-01 5.712612809183568174e-01 4.375371339673653770e-01 4.549121157623275402e-01 1.000000000000000000e+00 7.069085635052729799e-01 5.670279962701091359e-01 5.594007995487618734e-01 6.687042911334493134e-01 7.604867286324824560e-01 6.807750300123969200e-01 6.617356512898955323e-01 8.229953198521930968e-01 7.720933719352873759e-01 5.700661360449474913e-01 3.188177623782659786e-01 4.690170708409961975e-01 3.361045280670834634e-01 4.471323666352151061e-01 4.694945694359362043e-01 4.632453636898591354e-01 4.945700387412905741e-01 4.889342179794268772e-01 6.156774105021657340e-01 5.716992213768188336e-01 5.876561601414734826e-01 5.292323159648800734e-01 5.540170412702860592e-01 6.128278945616504325e-01 6.490389297700021043e-01 5.894511809147947590e-01 6.228622015105093057e-01 5.757360415165234668e-01 6.478926649190239750e-01 6.290075524647485983e-01 6.331697018901905061e-01 6.883930119130857728e-01 6.730070843111192191e-01 7.253737463088364423e-01 6.862563855065351159e-01 7.250677980112641974e-01 7.220486512709387572e-01 6.926769024131319563e-01 6.802253609288612113e-01 7.460125478470311933e-01 7.392586931783848847e-01 7.305850988554750680e-01 6.977965060268672692e-01 7.004714670164241541e-01 7.378985765474580516e-01 7.460099702428942825e-01 7.162021381577037271e-01 6.978200823874521896e-01 6.906753827869920315e-01 6.999493559714322632e-01 7.250440138394913525e-01 7.060973796925680279e-01 7.401044898770519076e-01 7.556074910804700950e-01 7.215628913985467907e-01 7.065396767524874111e-01 7.263777824512608339e-01 7.154975360247161076e-01 7.340689593529600154e-01 7.293010003270223862e-01 6.889707718889532817e-01 6.875158768326322667e-01 6.739338300045768504e-01 7.038097769640878631e-01 6.991546932790640989e-01 6.977982737265265856e-01 6.993372697490412015e-01 7.264412157686027660e-01 7.040932946877440646e-01 7.111464431762440919e-01 6.790343002788366000e-01 7.115446423078258809e-01 6.926221033359171164e-01 6.979550355937359507e-01 7.142796965746405213e-01 7.160778444171957968e-01 6.908980424399798759e-01 7.256874114235868367e-01 7.334514300608472315e-01 7.324941336536359149e-01 7.295715352531076947e-01 7.333603927397780442e-01 7.323927703667769684e-01 7.302668241497841661e-01 7.432164017577197468e-01 7.440947019305413912e-01 7.383058709887302395e-01 7.538584204755799378e-01 7.506369856067557356e-01 7.572669123506629019e-01 7.445633306776576754e-01 7.612227319703839257e-01 7.487324053497239618e-01 7.678594074788525070e-01 7.500653100441304622e-01 7.589879324638268976e-01 7.593242768781119922e-01 7.657696048089215335e-01 7.457304092485704805e-01 7.516767645003922249e-01 7.455736470492254631e-01 7.437920372385472545e-01 7.474096898957144353e-01 7.507805821099822197e-01 7.550227222550642825e-01 7.531406067856782904e-01 7.516529610472125755e-01 7.336450157485394641e-01 7.501800904952170557e-01
5.818893204864629062e-03 1.026888022552834845e-01 2.469468015985483156e-01 5.395159511468023972e-01 5.009923785277771158e-01 3.960813626592458725e-01 7.069085635052729799e-01 1.000000000000000000e+00 5.778294957374369156e-01 5.482219315261309678e-01 6.544197855474550574e-01 7.294765382600276737e-01 6.758230969776997110e-01 6.380234924301895205e-01 7.582159026405670410e-01 7.917913839601457004e-01 5.790524469259097362e-01 3.466827277712610234e-01 5.080034080353621473e-01 3.555315003232771831e-01 4.604319454278396062e-01 5.151421464511662940e-01 4.838457217040749159e-01 5.028373217393220518e-01 5.158203983811202598e-01 6.282346525282233030e-01 5.917047778918456125e-01 6.008232706233103126e-01 5.612241120817450524e-01 5.568565724491321145e-01 6.059596508222430122e-01 6.404170545742519094e-01 5.916702650217524617e-01 6.196560788794582830e-01 5.621706785736944045e-01 6.478287819143884185e-01 6.106842532343387253e-01 6.377031195195258517e-01 6.805536687720523670e-01 6.813131238384148025e-01 7.105504358041524471e-01 6.945719586114108557e-01 7.313571687352974360e-01 7.189830848715015321e-01 6.909057870474791807e-01 6.804287924209607707e-01 7.278146634729344422e-01 7.125682878234155249e-01 7.200713326774377254e-01 7.000372017333997832e-01 6.988229586047713937e-01 7.272478893273318645e-01 7.248192326077114167e-01 6.858695848979472487e-01 6.813007201083876030e-01 6.781315717773844787e-01 6.980878244761098417e-01 7.105588191311497104e-01 6.942470991604406949e-01 7.236479497679646489e-01 7.392056849142845110e-01 7.016292567783304346e-01 6.922293572443477538e-01 7.219747369163757034e-01 6.987120125848029772e-01 7.163122312067988773e-01 7.082766414269681121e-01 6.803565816533498900e-01 6.783136739731150389e-01 6.669082217900924592e-01 6.920381362946518289e-01 6.956904089732248719e-01 6.846979944961352205e-01 6.831589057888135530e-01 7.133114895954780765e-01 6.966112606925082273e-01 7.008947255323075831e-01 6.793763298325532496e-01 6.977881466783577569e-01 6.731487441048239484e-01 6.722881707697623277e-01 6.916818786376198736e-01 7.091644910700023452e-01 6.719740109451552978e-01 7.028843921597086597e-01 7.081274387221163646e-01 7.091073951559606625e-01 7.096293395959040184e-01 7.093271771618951949e-01 7.203116650360421591e-01 7.112401296477274260e-01 7.246557435777279954e-01 7.247790148490470541e-01 7.157320302054287486e-01 7.244441436687920621e-01 7.218428781532599814e-01 7.455333920943918447e-01 7.314410799864071722e-01 7.408900288452436866e-01 7.314126642490355046e-01 7.479782583157651432e-01 7.372081330121157405e-01 7.388714685312501862e-01 7.402402116465103266e-01 7.449788373879372427e-01 7.285154616850535447e-01 7.318879852553317189e-01 7.151797917060550569e-01 7.188607147105495754e-01 7.222043879438334590e-01 7.242724890111735814e-01 7.303267561878296066e-01 7.252333835574891197e-01 7.321752663785298099e-01 7.123416109102562732e-01 7.253396547347731316e-01
3.464977874515190459e-01 2.730012891754735049e-01 4.446777332615205469e-01 3.504476000526997592e-01 4.031776538878509286e-01 4.827452277809159975e-01 5.670279962701091359e-01 5.778294957374369156e-01 1.000000000000000000e+00 7.571309134998148727e-01 7.754209893040334700e-01 6.850622921023791223e-01 6.738624788885757555e-01 6.894643842961123426e-01 7.426654226653501834e-01 7.423775259411984351e-01 8.201952183040533972e-01 7.101618055794103324e-01 7.934532612979929844e-01 6.682809011773885866e-01 6.968159459094597219e-01 8.041402232179116760e-01 7.690228077346502600e-01 7.371749988532078079e-01 7.513384453695808318e-01 8.660799873910558500e-01 8.531871346624969599e-01 8.534396810588544824e-01 8.146071420178393474e-01 8.375324874412359843e-01 8.620320368597583771e-01 8.408192750682716987e-01 8.066529877178821861e-01 8.303371279152134132e-01 8.107357201943855562e-01 8.029884189480404055e-01 8.377594409982616064e-01 8.291763260041422612e-01 8.415264270503407529e-01 8.196036197057354755e-01 8.346522359187907858e-01 8.434848651424914356e-01 8.030074364830794842e-01 8.365306318969776278e-01 8.493525590044419538e-01 8.408764707354533519e-01 8.207625768310615744e-01 8.324293659137017576e-01 8.221818480586173816e-01 8.271029943232135473e-01 8.345861050868773612e-01 7.755747411486757503e-01 7.863046459069366056e-01 8.426255488323824983e-01 8.454166227326561645e-01 8.547292640030100808e-01 8.444221994851741631e-01 8.261202478794956727e-01 8.294437701791625983e-01 8.353883369531838188e-01 8.243698209177474645e-01 8.322353719227488789e-01 8.393652087649852156e-01 8.315332679191683729e-01 8.602435771922561925e-01 8.442442570130102020e-01 8.498101269943960645e-01 8.697961827219358177e-01 8.625032460084207653e-01 8.556936484530073272e-01 8.595375928221040684e-01 8.682873459364631730e-01 8.565171665731795558e-01 8.444342890580938121e-01 8.538061466831622370e-01 8.601321932627358224e-01 8.550739127540041284e-01 8.540568523269982393e-01 8.505484640756300063e-01 8.558120708609748828e-01 8.577855250853702040e-01 8.569952625910898236e-01 8.605690027678867260e-01 8.565479690327033602e-01 8.403729349728968900e-01 8.418374740059182404e-01 8.453860547830036598e-01 8.360265431141825632e-01 8.449562684341979102e-01 8.508491092284652391e-01 8.334314438289854854e-01 8.308629037143008267e-01 8.350856667166155489e-01 8.313927914263846697e-01 8.176617350372865634e-01 8.225088761661886183e-01 7.966816776074169271e-01 8.139444450358459537e-01 8.156693056153648813e-01 8.210227352453337568e-01 8.061537779872878229e-01 8.251216884814144281e-01 8.028762090801246920e-01 8.135001199901432667e-01 8.196584934128489097e-01 8.250690857168476722e-01 8.239857403910316735e-01 8.368595387161853472e-01 8.407328127727485834e-01 8.289718237557062164e-01 8.195590602105927713e-01 8.259450170018156623e-01 8.252888546087281396e-01 8.260243617690564699e-01 8.448224969020313724e-01 8.287693036240935118e-01
2.122035434108484331e-01 2.647867640979387760e-01 3.710042614294269403e-01 2.825735889725843331e-01 3.520776867213889494e-01 4.606508451493833145e-01 5.594007995487618734e-01 5.482219315261309678e-01 7.571309134998148727e-01 1.000000000000000000e+00 7.265142392191762388e-01 6.642697247371539548e-01 6.548781640153117367e-01 6.781511915710772831e-01 7.312564147344230436e-01 7.136662357089744724e-01 7.337058903813344912e-01 5.868356696440123477e-01 6.782320409846791520e-01 5.516607297290073708e-01 5.721607411371323337e-01 6.874921553977285660e-01 6.812483488743320548e-01 6.352253949108109810e-01 6.543116355482460067e-01 7.943892602080391274e-01 7.636153237645264547e-01 7.812160287842658812e-01 7.433904365405746839e-01 7.637663269013148515e-01 7.977288282899390737e-01 7.863571704983858268e-01 7.580837387352916679e-01 7.609091715567595227e-01 7.498532650165863345e-01 7.349093882092267993e-01 7.705040274556979041e-01 7.987226845919089824e-01 7.950359650520323340e-01 7.768805584104402362e-01 8.013760342262645775e-01 8.041656182984813217e-01 7.626719633817803379e-01 7.953048194661779258e-01 7.942717588491557956e-01 8.045451497331695956e-01 7.936440555704578070e-01 8.069928964806523108e-01 7.938535203926487815e-01 7.691551031181343978e-01 7.981097795099915126e-01 7.066472774261313150e-01 7.579892309394781202e-01 8.093907140117745369e-01 8.047286425167774482e-01 8.211619757298811439e-01 7.941168419822202118e-01 7.996978282951531236e-01 8.084957761522688635e-01 8.029237975012909478e-01 7.896629435519033624e-01 8.069604206394396240e-01 8.100400914400819330e-01 7.923299530204123142e-01 8.053076648106096691e-01 7.993382270104774090e-01 8.142894132700344567e-01 8.110224031393127309e-01 8.168896039926858421e-01 7.871107644045628460e-01 7.970048653222613355e-01 8.125391884692197975e-01 7.965408008716827748e-01 7.886449622772331303e-01 8.154038683722240055e-01 8.153906026999880874e-01 8.148195521924604945e-01 8.083632323238882922e-01 8.062760674420612617e-01 8.143797397564858098e-01 8.176357598330167287e-01 8.193130617229169577e-01 8.160868070318608725e-01 8.110897644335951506e-01 8.032391529637812333e-01 7.980692679002963086e-01 8.085169223345534117e-01 8.120401617662961202e-01 8.135630330551948397e-01 8.153884854424284789e-01 8.036218757346851316e-01 8.048333569826264799e-01 8.020465275856456522e-01 8.061181748646831791e-01 7.957124720423263131e-01 8.016446690896851246e-01 7.619866109578539159e-01 7.668836939640868433e-01 7.868026395277819551e-01 7.927828321247563093e-01 7.798257347037934606e-01 7.911331141751664076e-01 7.730658897748563518e-01 7.864007639636866331e-01 7.781173180572762416e-01 7.889061065029139286e-01 7.940970942890853701e-01 8.109560720136129719e-01 8.114901265757265003e-01 8.015656995320294964e-01 7.981843073792449506e-01 7.996935327299180551e-01 8.017631788231021073e-01 7.964866611749661374e-01 8.070133549375797521e-01 7.937557700769002356e-01
1.313407468792732458e-01 1.775835365821956946e-01 4.150723443290186832e-01 4.953811151592895090e-01 4.093036582238205323e-01 5.048657943307680585e-01 6.687042911334493134e-01 6.544197855474550574e-01 7.754209893040334700e-01 7.265142392191762388e-01 1.000000000000000000e+00 8.189756066277246171e-01 7.429356679443761546e-01 7.709244132779440317e-01 8.456814868726684198e-01 8.219731629239942494e-01 7.774855007243913763e-01 5.883590325271463861e-01 7.178305664430562061e-01 5.568384456721539033e-01 6.319700634906368908e-01 7.435550008221194496e-01 6.801116557080515435e-01 6.807982646737926746e-01 7.058036134424134911e-01 8.358723718381291246e-01 8.245659418088390202e-01 8.279640752246564261e-01 7.837457584663826138e-01 8.012951311642191321e-01 8.460031516427698461e-01 8.337640575196701986e-01 7.907242445520736851e-01 8.113923954920246873e-01 7.820993771166849795e-01 7.898024795811943166e-01 8.227687600356231590e-01 8.398880365053019714e-01 8.562254552885624204e-01 8.530187238485630319e-01 8.825910079127431418e-01 8.754946157970402432e-01 8.597557950044131259e-01 8.873429273731007205e-01 8.723433278287580084e-01 8.726788983114321940e-01 8.895362589431682343e-01 8.930106900204045628e-01 8.828637057615520423e-01 8.573570031339503572e-01 8.708228607515554609e-01 8.352224519679816161e-01 8.725573525204737280e-01 8.863835460965937552e-01 8.774574066191634936e-01 8.764251159363185550e-01 8.697078935821912493e-01 8.863439217693607208e-01 8.823268845612314282e-01 8.941046664389995513e-01 8.875251493264330049e-01 8.807221132310443235e-01 8.740739417188371219e-01 8.725732053160851764e-01 8.877746945322858574e-01 8.808658015357251347e-01 8.929625024653436993e-01 8.893915894564144997e-01 8.774364507660926682e-01 8.586036314378403533e-01 8.890707272416640272e-01 8.960743240811377408e-01 8.713398664459972576e-01 8.724709144277645878e-01 8.979300289542477831e-01 8.961783005893674270e-01 8.925566976884582449e-01 8.834063940798368986e-01 8.913340105675687797e-01 8.881093938988944281e-01 8.883040758492751765e-01 8.992412390464293859e-01 8.865156578613831995e-01 8.743678885952836932e-01 8.820004062423220104e-01 8.800338063971447911e-01 8.883570989454361300e-01 8.855102505695441328e-01 8.904494409808688671e-01 8.903010424640731557e-01 8.853295779891271478e-01 8.935805467385057321e-01 8.976512255007854657e-01 8.943480192363361114e-01 8.913060798745388036e-01 8.912880386580462888e-01 8.708333395347173100e-01 8.677376769319975480e-01 8.866824890627127420e-01 8.849086581005373153e-01 8.834298803035458558e-01 8.850469701949199575e-01 8.828078015030802472e-01 8.909188125044609219e-01 8.850479667176573972e-01 8.792702235966405322e-01 8.888352976441289410e-01 8.934021368159640319e-01 8.939922199629777300e-01 8.916076171767666203e-01 8.892165627710401088e-01 8.936136808887328309e-01 8.877862963887260817e-01 8.877005040234267064e-01 8.914778637135827299e-01 8.880190601007066364e-01
-8.367372701463410278e-02 5.326608647707639643e-02 3.103261992331431407e-01 6.548553507785819239e-01 4.590892350180039161e-01 5.105129855195337241e-01 7.604867286324824560e-01 7.294765382600276737e-01 6.850622921023791223e-01 6.642697247371539548e-01 8.189756066277246171e-01 1.000000000000000000e+00 7.844301320553875856e-01 8.103886191090790003e-01 8.988597544657153104e-01 8.762152562057746730e-01 7.005163603363179226e-01 4.018490152539764271e-01 5.801747205418941178e-01 4.213667110500354807e-01 5.351628329946236384e-01 6.010597241163370130e-01 5.497883617012450097e-01 5.929462713601680868e-01 5.979749297851612022e-01 7.363817728670745133e-01 7.071696526375950143e-01 7.115819895656634309e-01 6.685983036405737101e-01 6.822870504123068613e-01 7.480232092385291631e-01 7.691855539487850724e-01 7.033994415983023663e-01 7.379275842014353382e-01 6.871348509860832898e-01 7.589192687490257105e-01 7.522693588013518173e-01 7.712007414988004683e-01 8.133836095002517919e-01 8.042625005593326826e-01 8.730278507084706652e-01 8.340450478756290531e-01 8.639868513192590083e-01 8.709756819637581859e-01 8.384698576459806985e-01 8.299616435006450521e-01 8.985048515385016810e-01 8.913993538177936715e-01 8.855022659717830535e-01 8.374408578356690169e-01 8.426736452059955251e-01 8.705930510751122009e-01 8.943471593306089318e-01 8.594101300530710974e-01 8.410082558456164481e-01 8.277842143048758095e-01 8.468674562462314981e-01 8.759462218502741537e-01 8.629794372556571780e-01 8.957521119813395272e-01 8.987756407181998197e-01 8.723041806302949119e-01 8.533922873104925477e-01 8.714542087824937999e-01 8.612448052334658044e-01 8.791240878951872562e-01 8.789558608526397698e-01 8.413987705003243001e-01 8.302949055748182206e-01 8.158445544419982154e-01 8.535933749239813517e-01 8.534300472365442536e-01 8.330150275903595025e-01 8.362889465311766912e-01 8.793778259999009972e-01 8.622388852450060259e-01 8.580654350692592525e-01 8.334989188475324662e-01 8.614170929738831362e-01 8.466074341166760497e-01 8.423066238896020907e-01 8.663861002608107542e-01 8.603602407659362017e-01 8.299995672979514350e-01 8.642572527179031017e-01 8.672040187661217425e-01 8.758503476771507534e-01 8.698089625397151803e-01 8.697497051904927723e-01 8.713449247659836860e-01 8.704422999101771863e-01 8.912106519509256364e-01 8.954457984263746173e-01 8.868606321226756295e-01 9.024624503786798924e-01 9.010304666625030823e-01 8.901584553738263184e-01 8.859363392749636246e-01 9.033467107759969306e-01 8.879833870478588409e-01 9.035067178324609483e-01 8.937075484410382797e-01 9.141419105211231466e-01 9.059342437516045843e-01 9.083408439531858170e-01 8.862228556162078386e-01 8.993486003375196214e-01 8.874657927282261216e-01 8.855431492368549540e-01 8.956579921396899957e-01 8.938829598427699974e-01 9.041467928193512860e-01 8.943731014290646764e-01 8.961395501036806266e-01 8.890515040150328563e-01 9.002056262448214774e-01
4.333819018596894029e-02 1.237445846024772811e-01 3.216052361744093924e-01 5.341469457869579829e-01 4.949557199385113959e-01 4.695159478936213326e-01 6.807750300123969200e-01 6.758230969776997110e-01 6.738624788885757555e-01 6.548781640153117367e-01 7.429356679443761546e-01 7.844301320553875856e-01 1.000000000000000000e+00 7.229992047238246178e-01 8.172350904142436923e-01 8.243135190756335495e-01 6.781268110699941731e-01 4.497796704958825775e-01 5.985316518093011240e-01 4.686179735386198919e-01 5.369973959807514685e-01 6.076168574207803097e-01 6.058266266174260339e-01 6.220845787498742174e-01 6.259688360424182640e-01 7.274025405838205893e-01 6.929029235113262075e-01 7.086725148346474379e-01 6.805125578806708875e-01 6.908225051287097962e-01 7.381700598736808949e-01 7.577404346448718409e-01 7.054497402064938694e-01 7.358287734537508618e-01 6.969182872374718452e-01 7.642350996830076237e-01 7.531186609366231632e-01 7.262816647281237215e-01 7.896247752011802401e-01 7.685270786529829756e-01 8.162841962952570585e-01 7.903064244710180652e-01 8.244731002705577572e-01 8.164606742341221635e-01 8.043978246480688599e-01 7.835259815883959256e-01 8.250398943636443327e-01 8.168636939894512450e-01 8.096634217661349275e-01 7.830181900423675012e-01 7.897297589499564507e-01 8.012430371405241392e-01 8.124426044952489656e-01 7.930961652454499022e-01 7.816800789458976384e-01 7.878075612329499267e-01 7.782717725696818301e-01 8.059622529625505294e-01 7.843770760986353840e-01 8.196425024066786857e-01 8.347659476403886947e-01 8.003454492214649996e-01 7.843217808621072429e-01 8.145617005688086110e-01 8.017512520197307424e-01 8.139223588487489724e-01 8.136787895584722818e-01 7.905808265889282538e-01 7.932892860933487000e-01 7.806181321868448375e-01 7.988965728827436275e-01 8.049492483409560473e-01 7.965327279329578181e-01 8.035889632081126832e-01 8.170711673540249631e-01 8.088227662249874994e-01 8.086821855964441141e-01 7.945273727717959700e-01 8.103641211411178880e-01 7.956361030703936743e-01 7.979985747232559712e-01 8.109658063845567311e-01 8.142801259590983776e-01 7.924373604815388994e-01 8.112072014714586388e-01 8.189074653837002948e-01 8.249205780784045761e-01 8.083272654744497743e-01 8.185682644753885517e-01 8.211534709866912252e-01 8.153290417592471417e-01 8.258361183225437774e-01 8.297404577945068915e-01 8.211184744754280729e-01 8.252185465002886966e-01 8.265054800193027962e-01 8.255727173421611997e-01 8.118984207932564701e-01 8.309284846155353677e-01 8.221942506117377869e-01 8.386135609336895502e-01 8.213684140891535090e-01 8.299327581978136470e-01 8.316658406577831508e-01 8.414075295594419801e-01 8.151897875844659191e-01 8.244793681112185801e-01 8.225769397576051523e-01 8.227669057951593201e-01 8.219608507712218293e-01 8.194231167927309434e-01 8.280235063316212507e-01 8.193558858530461952e-01 8.252693256152541235e-01 8.135477386343263895e-01 8.232375395988508204e-01
