1.000000000000000000e+00 1.330837945719318405e-01 1.216366569591172259e-01 2.591120787508117626e-02 1.777120082147398694e-02 1.654316398053089915e-02 9.512112075486671425e-02 5.972430938376308701e-02 1.393341047442047120e-01 1.104373464732591598e-01 7.290863967128381751e-02 -2.700506430739763389e-02 1.436814079444504594e-02 2.931461740880148253e-03 2.427480916386711221e-02 2.040432332210271454e-02 1.375783466554612866e-01 2.190628841932121817e-01 1.487669643382405205e-01 1.654371699479309787e-01 1.016883582417273529e-01 1.021461007380500829e-01 2.240356157401783288e-01 1.785178355605151757e-01 1.051787843058686472e-01 1.427322264673263064e-01 8.712316333118326483e-02 1.006779329597147221e-01 1.696611743387636817e-01 1.364841702540307844e-01 9.135565976512163844e-02 1.160900858609779374e-01 9.025349578934904748e-02 9.274158782233681009e-02 1.094713150634484544e-01 5.106803617487250258e-02 7.336762478095067153e-02 7.106531042869446146e-02 6.515527908805766877e-02 1.136954795517939286e-02 4.407008970894202987e-02 4.268147079148264939e-02 -1.283954771095131148e-02 5.573054669672015959e-02 4.867504571928819856e-02 5.924808419030626327e-02 1.641793104698173120e-02 3.339262161906349224e-02 2.189084195975878402e-02 2.561145695159268779e-02 2.810352712147553764e-02 -1.247292095277494073e-02 1.551353882789137471e-03 6.042627971621596095e-02 5.440889181883480641e-02 6.494563320901974857e-02 4.968612046635482310e-02 2.827925332020892260e-02 2.854341474149325528e-02 4.797953556924558494e-02 -1.521724058242170281e-02 4.110270115801721580e-02 1.180053399752510092e-02 4.369350048878552217e-02 8.256900252825959130e-02 6.050889918187166844e-02 6.140474465008461530e-02 5.849516510380629170e-02 7.442451095724748888e-02 4.718607407728673403e-02 4.377528921561937847e-02 5.296425324039380489e-02 7.387734632049614003e-02 5.331854134185390337e-02 5.631103424427486015e-02 3.374184731426144168e-02 3.896600041368757095e-02 7.106615402127305914e-02 4.653928426814614439e-02 5.496985827085847792e-02 5.497695082999961430e-02 4.799863709709091542e-02 7.392528701124194412e-02 5.564825517206379440e-02 4.547987351336710282e-02 5.455994015173663836e-02 3.100854833353818354e-02 4.314316919407570200e-02 3.408343868433967583e-02 5.635503949909875798e-02 1.925291116104246858e-02 2.194216353422092855e-02 2.938594717791345040e-02 3.097212245090987318e-02 5.245480475624812386e-03 1.642100095117728087e-02 9.855510480390832634e-03 3.704583608323123306e-02 -1.142030560195394237e-03 3.104953789051785595e-02 1.128588419423120354e-02 1.415891134337070312e-02 4.009683937775398999e-03 1.962296938283225947e-02 2.228510515804653369e-02 3.530550531470619952e-02 1.439715611901200981e-02 2.504275111239774587e-02 3.440455412833178656e-02 1.845263225889905850e-02 1.806137573825165529e-02 3.022567886369466675e-02 2.381914666599449157e-02 2.695881694768649875e-02 5.739468216889106328e-02 2.902902557722292914e-02
1.330837945719318405e-01 1.000000000000000000e+00 9.924379626037263535e-02 9.106073158651654953e-02 4.266428943163701887e-02 9.960744874950874794e-02 1.556837435145474735e-01 9.996446069777396859e-02 1.869476071156619956e-01 1.898561375385106886e-01 1.528755370374410005e-01 1.282765785130999814e-01 1.559602531705257256e-01 1.181870930002536790e-01 1.463691261141967515e-01 1.370789020900929911e-01 2.073098689215994717e-01 1.602134245626599673e-01 1.705058694532633479e-01 1.034515007511137702e-01 5.510911094797466686e-02 1.328973056828328669e-01 1.856802915075194405e-01 1.598882305296058792e-01 1.418998206805196227e-01 1.799741026186740256e-01 1.646353667531447462e-01 1.694470720025275934e-01 1.876165997108125427e-01 1.942871693073163764e-01 1.741791093422947190e-01 1.950059654104563112e-01 1.864432859800110032e-01 1.866808419046689094e-01 1.849419403677951268e-01 1.694231380856610347e-01 1.724190563731088643e-01 1.867997517492018811e-01 1.765965696143169394e-01 1.479147788468710978e-01 1.650657806060869537e-01 1.570691867129216379e-01 1.184996572166997497e-01 1.640496342462055279e-01 1.732551561346057367e-01 1.725834467198593125e-01 1.595043903216773196e-01 1.688147549705369121e-01 1.619954634842310781e-01 1.456903131385887673e-01 1.605607799764171006e-01 1.074461329402190413e-01 1.361731466715296324e-01 1.709512893701612690e-01 1.592773291129562230e-01 1.738412571510449811e-01 1.627558327172291819e-01 1.523882861358908936e-01 1.635766081168817943e-01 1.665013268073813058e-01 1.284404145806626873e-01 1.659736005477256970e-01 1.465346126660122816e-01 1.700212474386525729e-01 1.828099164288634060e-01 1.677666904333260656e-01 1.764888503201646475e-01 1.677892793643304403e-01 1.826776053387944299e-01 1.409815772482468921e-01 1.440831522334526105e-01 1.686065846258527900e-01 1.740537678887676409e-01 1.569403490816767277e-01 1.698939711398595176e-01 1.652749887502918402e-01 1.668091899235628894e-01 1.791536971383382026e-01 1.675677448529525049e-01 1.743056674501630710e-01 1.710057685141572470e-01 1.724517824067620664e-01 1.851551756140704386e-01 1.733129740552408760e-01 1.647487946605921127e-01 1.770249431507235072e-01 1.653756601269040782e-01 1.693320272805055593e-01 1.721001862924082526e-01 1.698674113798017693e-01 1.613090702771896867e-01 1.616287619842763645e-01 1.650080056943314111e-01 1.647316314442324459e-01 1.566234353465501827e-01 1.634890785757392162e-01 1.334325874593541572e-01 1.533969178388757681e-01 1.464740005828712999e-01 1.603227476040203492e-01 1.486415432169189976e-01 1.482021388864879219e-01 1.510419612688359281e-01 1.492890451214108349e-01 1.516746695944090617e-01 1.554663844701094366e-01 1.578883554923750654e-01 1.649463925036471768e-01 1.609161573993428407e-01 1.596112785190143546e-01 1.540809794394946142e-01 1.655104209317226349e-01 1.588835428101569580e-01 1.630883964464118763e-01 1.782056094754743969e-01 1.575723109332846650e-01
1.216366569591172259e-01 9.924379626037263535e-02 1.000000000000000000e+00 3.144526659778709710e-01 2.103946080585648026e-01 2.375896680361185564e-01 3.509638378445099072e-01 3.421545810698973233e-01 3.788676705119861099e-01 3.479632019347424499e-01 3.898538218436261027e-01 3.671300621052941415e-01 3.308153494630346469e-01 3.099594477440348328e-01 3.820321621274763157e-01 3.880308413593735462e-01 3.940680281663628826e-01 3.906513327843868510e-01 3.888392036769817706e-01 3.487629601295458293e-01 3.540130673109126991e-01 3.986542449632058949e-01 3.903934035861609253e-01 3.784926688383491999e-01 3.652478036589522636e-01 4.310766087557668103e-01 4.099989505145428814e-01 4.170053382289923283e-01 4.203549427807902195e-01 4.242113106894524477e-01 4.190360873222098159e-01 4.166384544788696576e-01 4.064336228927371564e-01 3.995024879339834634e-01 4.092195189328413640e-01 3.831222291989084261e-01 4.073652644248577648e-01 4.098816714908965486e-01 4.010425045292053681e-01 3.810052458106890083e-01 3.987443802620089794e-01 4.050567183288805717e-01 3.639750415544993345e-01 4.008685932782818373e-01 4.006192242992484553e-01 4.046403280024135074e-01 3.938960128436649333e-01 3.983135040127615545e-01 3.882778659133788168e-01 3.792555322925680872e-01 3.945511457494114693e-01 3.693201680827144506e-01 3.860390234594364700e-01 4.077584461006125705e-01 4.041405179741460185e-01 4.116262275571589968e-01 3.926578698928813727e-01 3.960915846257388462e-01 3.947993353786795057e-01 3.984096323972147191e-01 3.779332239459398113e-01 3.934146257586524364e-01 3.836403734614739491e-01 3.936522431271650135e-01 4.085063786865735791e-01 4.035115129752167018e-01 4.028526014290585988e-01 4.035339895356467310e-01 4.086640190578839094e-01 3.989748660481977627e-01 4.023993254906516603e-01 3.983787117658532106e-01 4.025375517192611441e-01 3.887943892968469539e-01 4.136660800803198534e-01 3.991799766591610510e-01 3.972434155321792337e-01 4.080795559966832742e-01 3.993564710775484028e-01 4.028339444725861918e-01 4.049768717538481111e-01 4.066393763107011283e-01 4.053423180359312927e-01 4.053470250194438629e-01 3.983009883597900536e-01 4.010977257654008143e-01 3.946575875552598700e-01 4.024192905862316594e-01 3.940835023852622965e-01 4.055719221831611265e-01 3.916929735968274762e-01 3.946476534655809498e-01 3.945404994003255394e-01 3.969163220499425382e-01 3.832334234179856081e-01 3.883529959377335361e-01 3.847730438631984939e-01 3.925650251483771003e-01 3.865924403204132886e-01 3.948349350472099561e-01 3.862500558225701042e-01 3.886887161292887360e-01 3.864232145089158688e-01 3.937505315824452179e-01 3.953931269587777075e-01 3.924710089575038641e-01 3.891149884508563472e-01 3.925057789804251018e-01 4.001947743285796943e-01 3.940571714163049744e-01 3.956174788215899851e-01 3.936944381826161798e-01 3.917084163859168577e-01 3.902723868835207832e-01 4.033091892328880546e-01 3.954808895045932027e-01
2.591120787508117626e-02 9.106073158651654953e-02 3.144526659778709710e-01 1.000000000000000000e+00 3.995040508168661297e-01 3.988922948092459286e-01 6.024108152567075880e-01 5.939066920895365032e-01 5.669877811200052520e-01 5.318999128532440057e-01 6.019415971645364349e-01 6.564272755095473810e-01 5.899346410337338309e-01 5.068162802510693954e-01 6.456248330319470652e-01 6.434481545662037449e-01 5.544725593009196540e-01 4.685974035755673950e-01 5.370720453439924436e-01 4.859250617057666588e-01 5.678358260722872197e-01 6.115233577305877466e-01 4.734305036432140956e-01 5.169877970153533564e-01 5.582943432982656606e-01 5.881658462844081559e-01 6.057243555698536008e-01 5.966705167168160351e-01 5.623523761392458242e-01 5.872394856231240023e-01 6.297334551354106802e-01 5.982810853007388685e-01 5.875248312994327815e-01 6.071675601800701205e-01 5.928396275549973060e-01 6.252514624605857163e-01 6.198342609655232982e-01 6.246651420805392485e-01 6.345342874646048292e-01 6.384433978869151760e-01 6.383981094036066395e-01 6.499079316973497278e-01 6.462527795399825026e-01 6.537841853179622298e-01 6.346004696508469323e-01 6.345392478387691382e-01 6.369154692568018694e-01 6.291452280982660072e-01 6.321311518927020812e-01 6.382132521283071513e-01 6.426019647859942951e-01 6.465400561450055372e-01 6.505364300599750793e-01 6.197948337945655695e-01 6.214091521400401108e-01 6.236963241552057058e-01 6.154819055884765966e-01 6.402112692932732108e-01 6.328334739489225313e-01 6.387331347720770491e-01 6.477203941984565061e-01 6.259542533734532288e-01 6.280463875910048399e-01 6.324677333777878330e-01 6.211377668474802327e-01 6.286295520574411988e-01 6.267005408402473998e-01 6.217949643508845492e-01 6.143305815269350934e-01 6.445265218033595644e-01 6.563892146133730732e-01 6.325528848554028416e-01 6.098790815461754278e-01 6.175333442770094550e-01 6.364810071959776661e-01 6.354735781225173685e-01 6.324004022901033029e-01 6.201972585156901863e-01 6.375051142928173098e-01 6.234803848815648752e-01 6.286501019313047722e-01 6.398744453447403613e-01 6.275914529702867339e-01 6.254832751315250183e-01 6.492917788019039183e-01 6.320809362361523576e-01 6.362547212697414745e-01 6.427050233319511197e-01 6.386421189586296565e-01 6.234897794806286697e-01 6.407759327444343400e-01 6.440008441151252594e-01 6.397409365786677071e-01 6.392793959624690769e-01 6.344828818484349320e-01 6.327128875662182406e-01 6.557421845400385196e-01 6.399143816483203739e-01 6.449999422653740488e-01 6.512664638136715922e-01 6.483032504470759294e-01 6.456359538319503821e-01 6.455884751505234220e-01 6.503196821920498305e-01 6.474527343492834097e-01 6.280787375002543360e-01 6.387368094310660327e-01 6.312584993099755737e-01 6.307100954988525965e-01 6.409368237822774539e-01 6.433420765983940415e-01 6.355045308254201331e-01 6.369791496301875355e-01 6.371715583250441295e-01 6.336870379594983227e-01 6.354990048841583361e-01
1.777120082147398694e-02 4.266428943163701887e-02 2.103946080585648026e-01 3.995040508168661297e-01 1.000000000000000000e+00 3.281049973941126963e-01 4.639979225451927869e-01 4.843486173854984478e-01 4.670074901057663652e-01 4.247951377724089039e-01 4.700222591930454108e-01 5.196827199832029232e-01 5.080374224903196900e-01 4.003046224655275043e-01 5.273964932949879447e-01 5.192265604889286790e-01 4.586197660367981044e-01 3.763181378245358255e-01 4.314413744257862837e-01 3.891870521443374642e-01 4.259895297212959453e-01 4.789910465728115518e-01 3.738721534998718510e-01 4.101609273622109364e-01 4.430880048640831181e-01 4.568998279586426459e-01 4.721034705260570563e-01 4.577429110582010852e-01 4.370852473520187575e-01 4.717479175747714693e-01 4.931208172466033934e-01 4.921914971765672941e-01 4.457020684572371994e-01 4.927970707072950596e-01 4.732735911048090993e-01 5.011231444820523073e-01 4.933611803656469119e-01 4.863297981818948124e-01 5.116463435295630635e-01 4.975269514209789135e-01 5.105497221532716567e-01 5.165588892814571009e-01 5.269484250336685660e-01 5.265187406216299548e-01 5.074937772231965516e-01 5.090605650577119112e-01 5.166410351788042199e-01 5.147004564223844891e-01 5.205099290273066392e-01 5.154752019635666649e-01 5.193836193688914360e-01 5.346325278266760295e-01 5.253651408561682556e-01 5.069723121273203015e-01 5.108188959364308168e-01 5.009372865702799160e-01 5.085011501952876323e-01 5.214122436877602906e-01 5.126062758239410266e-01 5.215781097459851745e-01 5.311414111223780044e-01 5.136443146618253630e-01 5.119963299780441179e-01 5.178130012964322626e-01 5.052991507378554736e-01 5.156052033410011282e-01 5.167054329525982981e-01 5.040484852185072029e-01 5.064227454782230797e-01 5.246048327584968973e-01 5.272268691243358063e-01 5.116737606968594365e-01 4.978428115373725871e-01 5.057590960340804243e-01 5.123790287828147161e-01 5.134929338734230964e-01 5.090945612369820461e-01 5.002636565257563284e-01 5.133775986538021696e-01 5.056647158063118930e-01 5.088383549022513774e-01 5.127419440519727090e-01 5.071701187030289715e-01 5.053490231464518034e-01 5.170762142045259857e-01 5.168494106638023000e-01 5.177429294150851513e-01 5.172874228425785592e-01 5.172899107283519538e-01 5.116361482161354557e-01 5.080199656179082979e-01 5.234223701101684556e-01 5.195031078736376262e-01 5.190182521209725230e-01 5.218380772006616652e-01 5.204322896053427128e-01 5.297442395091790379e-01 5.230310460238108972e-01 5.258334773096579040e-01 5.243163008748620291e-01 5.297971608769665997e-01 5.247610621181648671e-01 5.265322527822908771e-01 5.311019621610331143e-01 5.298129700984681723e-01 5.168900473445028343e-01 5.229379851659964329e-01 5.202648807361623939e-01 5.168268140092813212e-01 5.219844791948552443e-01 5.226798144039255245e-01 5.218295584363570327e-01 5.215102027832313469e-01 5.199355210067820865e-01 5.124800805482878641e-01 5.221028694046399021e-01
1.654316398053089915e-02 9.960744874950874794e-02 2.375896680361185564e-01 3.988922948092459286e-01 3.281049973941126963e-01 1.000000000000000000e+00 5.351314400651402403e-01 4.889347100314249128e-01 5.081522069475009618e-01 5.138602192786972944e-01 5.524726470343606088e-01 5.683983553719792470e-01 5.290601917427090184e-01 4.664756138651917072e-01 5.834309567687057108e-01 5.729080835559932083e-01 5.166801512864263035e-01 4.638376922695827687e-01 5.201542254299725832e-01 4.405289213703030282e-01 4.255433700286286314e-01 5.366711701423324543e-01 4.811850223796045323e-01 5.133027068023769957e-01 5.285495295284231565e-01 5.357936523276893848e-01 5.532868049462197346e-01 5.352398184239187673e-01 5.252464219139779678e-01 5.625697630315151798e-01 5.859721890031237557e-01 5.734666666591627937e-01 5.371519051714838122e-01 5.658736588200447004e-01 5.636220719995279627e-01 5.747791540470886806e-01 5.815303865895637969e-01 5.573017704856491061e-01 5.847373904616325335e-01 5.634679437918337364e-01 5.927595900721388533e-01 5.864166203831600033e-01 5.723723115511262227e-01 5.954910709449052764e-01 5.945104882847325189e-01 5.886088931002901870e-01 5.903667736268993771e-01 5.903441635874137061e-01 5.919522956278123749e-01 5.646780528097988805e-01 5.648507311902509764e-01 5.809980826659554287e-01 5.911085142494533207e-01 5.827415360892097551e-01 5.718248067300828463e-01 5.770733599421277171e-01 5.650867078023725787e-01 5.882087390401673499e-01 5.741382030201823694e-01 5.915070099932772107e-01 5.878218518902859069e-01 5.807699113157764881e-01 5.659860826336196027e-01 5.784404078267524341e-01 5.832205939565576758e-01 5.810278132904802550e-01 5.924714611598177472e-01 5.884950869837045628e-01 5.914163032223442862e-01 5.915074016481911556e-01 5.949592438962137964e-01 5.968207277465166216e-01 5.901591025523248435e-01 5.932322394323279457e-01 5.922715284152995086e-01 5.944636090246002702e-01 5.924226392751974490e-01 5.846975029604342122e-01 5.933944383318056071e-01 5.896867184976781751e-01 5.915406457546518171e-01 5.960309077404861711e-01 5.963379625576974430e-01 5.917750725450486859e-01 5.961756454151997398e-01 5.969429638349956768e-01 5.969241799951021665e-01 5.983163916808484917e-01 6.000441366811720689e-01 5.914663765272656359e-01 5.969806712706009488e-01 5.997058377209115720e-01 6.000543754714453559e-01 5.990199777919048563e-01 5.963932741462319997e-01 5.946360830229324712e-01 5.876643345716332512e-01 5.819086792812360187e-01 5.925318198576935425e-01 5.966254882056000186e-01 5.965656271597379323e-01 5.888532412166876950e-01 5.957422600117554534e-01 5.972461825480435138e-01 5.980127011016971306e-01 5.773836565433214663e-01 5.921145122747665246e-01 5.926654070649841621e-01 5.898691854847346594e-01 5.950306354534891096e-01 5.936379532872072540e-01 5.942511791198359372e-01 5.913444494295746479e-01 5.935879877258345427e-01 5.932462204741829614e-01 5.923170799335470971e-01
9.512112075486671425e-02 1.556837435145474735e-01 3.509638378445099072e-01 6.024108152567075880e-01 4.639979225451927869e-01 5.351314400651402403e-01 1.000000000000000000e+00 7.542219561290848251e-01 7.266813414650993286e-01 6.919688993375164854e-01 7.625697484186152453e-01 7.871486132142986314e-01 7.227893597907872891e-01 6.209143392840397180e-01 8.350129844159327464e-01 8.072147815435710694e-01 7.471292690439604867e-01 6.706742816050156319e-01 7.390439196589764226e-01 6.463692968939842576e-01 6.809394993031316901e-01 7.998070413528113320e-01 7.093732068009802605e-01 7.058979714397131122e-01 7.266696151507666679e-01 7.961207017285110155e-01 8.038835636611417756e-01 8.180379249062579294e-01 7.765820979542393809e-01 7.926431020071185163e-01 8.166610850803610600e-01 8.170806225041267190e-01 8.055440204087165323e-01 8.067221985871472212e-01 7.965006132074271550e-01 8.215783428425450508e-01 8.160607585281703935e-01 8.117899823538264892e-01 8.269481581422759575e-01 8.393663710104891651e-01 8.301889308258656452e-01 8.412203049510824648e-01 8.189807601324812225e-01 8.371519408210824631e-01 8.308134579426060817e-01 8.272390060772265574e-01 8.107538771803771693e-01 8.048189307847883889e-01 8.094887815714837398e-01 7.950346119903012321e-01 8.015634214451042849e-01 7.960885697517536830e-01 8.128351630457488763e-01 8.010791312021282584e-01 8.010428050597016014e-01 8.237337011417300570e-01 7.903907718621534517e-01 8.199808411475933978e-01 8.065360894906532518e-01 8.103439526339141219e-01 8.052073485320119239e-01 8.035448979135083603e-01 7.857401493913286350e-01 7.984002781117588432e-01 8.013287606168268962e-01 8.038654544434287175e-01 8.135662891028793142e-01 8.136337668272433099e-01 8.202960627919512193e-01 8.219606372734552524e-01 8.290406732582169536e-01 8.172835791731091204e-01 8.058392986175302308e-01 7.999528390358811025e-01 8.275028843538224654e-01 8.210451445451085739e-01 8.343185576675520299e-01 8.141420101307758062e-01 8.260225426452071362e-01 8.087662368679641167e-01 8.217791935840548234e-01 8.188609235063195602e-01 8.314160111660109376e-01 8.247962065480797245e-01 8.362174955712500246e-01 8.234916906375570056e-01 8.251227542601099474e-01 8.353465630062646419e-01 8.282255657702833895e-01 8.263033175485433590e-01 8.406660048893135340e-01 8.275458459316281656e-01 8.204995331763988986e-01 8.280236657411310652e-01 8.059449708044642557e-01 8.089233044879922119e-01 8.233356417193201660e-01 8.034509164182394025e-01 8.131806811910206045e-01 8.309242452201249796e-01 8.272930730412115796e-01 8.123468751546857325e-01 8.188781677713388163e-01 8.232800515413163378e-01 8.192723904906218380e-01 7.996185715384047654e-01 8.076083598825739562e-01 8.084683300445334453e-01 8.153104879950671124e-01 8.159129647650041894e-01 8.193912888782876047e-01 8.103681754620448707e-01 8.114641676424276806e-01 8.102558365623508951e-01 8.118848641738661831e-01 8.071351746350375889e-01
5.972430938376308701e-02 9.996446069777396859e-02 3.421545810698973233e-01 5.939066920895365032e-01 4.843486173854984478e-01 4.889347100314249128e-01 7.542219561290848251e-01 1.000000000000000000e+00 7.062667385207689330e-01 6.764494334943749188e-01 7.414476383018556715e-01 7.744663133727486271e-01 7.195588619432644606e-01 6.149311653974270930e-01 8.062774540443218285e-01 8.033991794117281149e-01 7.050423660510275470e-01 6.213074982440497385e-01 6.927532836766132629e-01 6.077584938921704039e-01 6.795312553054583260e-01 7.629916040345827710e-01 6.410673042009422673e-01 6.485864261070400927e-01 6.976121815223360612e-01 7.510145026123126177e-01 7.635123072994454141e-01 7.653951093695318120e-01 7.416128908871086889e-01 7.638028482939399622e-01 7.931756399493766763e-01 7.874447750345212604e-01 7.544472366889327652e-01 7.774292445552168918e-01 7.663405891673540360e-01 7.881020713262104627e-01 7.733485770986336938e-01 7.929786192173259307e-01 7.957472002456922322e-01 7.983881634291956075e-01 7.988361322364869732e-01 8.129342630339144726e-01 8.006502111922378928e-01 8.145086794402552899e-01 7.904465463803062031e-01 7.999347378096393069e-01 7.951691540960271753e-01 7.877346402696389083e-01 8.001045829586963531e-01 8.060474774307349044e-01 8.114599874155306036e-01 7.880775448585037868e-01 8.014528385159015444e-01 7.888726877070405541e-01 8.024989085344022000e-01 7.982000957854861189e-01 7.995107804159996556e-01 8.031831920539334035e-01 8.101584883630554845e-01 7.954946005374569085e-01 8.093521341005552872e-01 7.988345360172515175e-01 7.991903230092551880e-01 7.975944538538700668e-01 7.821552316430221419e-01 7.906842523416227619e-01 7.913629831892544653e-01 7.855122211706823121e-01 7.863892364989550909e-01 7.975020677039453831e-01 8.093726156158250751e-01 7.927639605321092908e-01 7.705443743249423827e-01 7.752072732842276714e-01 8.019624131853865245e-01 7.980415297030855060e-01 7.949756833617155349e-01 7.918629135630216309e-01 7.955965273611521615e-01 7.944371060131500961e-01 7.981381960461939595e-01 7.977689695565471917e-01 7.939962884021319889e-01 7.977678490319216609e-01 8.123398147306937211e-01 8.007261228596629365e-01 7.982951161755733605e-01 8.055783296315386366e-01 8.038936252103228153e-01 7.947270632765394138e-01 7.969147582749880332e-01 8.011821545184355520e-01 7.965056066629265796e-01 7.989468570867165331e-01 7.932624158199601538e-01 7.941292421847644389e-01 8.142912489784325247e-01 8.049110612113773433e-01 8.082788714927933160e-01 8.128251969257426213e-01 8.089423352669317113e-01 8.073586362949320971e-01 8.022682819935110787e-01 8.103524227393656965e-01 8.048877086595278563e-01 7.987424932789195520e-01 7.988354708238762925e-01 7.926831014199672287e-01 8.009256677421316972e-01 8.010133436789071970e-01 8.068923496459988742e-01 7.944727722664871594e-01 7.997888050218519007e-01 7.990603398452759132e-01 7.914247772514599877e-01 7.953265521781534009e-01
1.393341047442047120e-01 1.869476071156619956e-01 3.788676705119861099e-01 5.669877811200052520e-01 4.670074901057663652e-01 5.081522069475009618e-01 7.266813414650993286e-01 7.062667385207689330e-01 1.000000000000000000e+00 7.762065178818760014e-01 8.073509145021894318e-01 8.215081102934596036e-01 7.699293678381068373e-01 6.811043919329962115e-01 8.471626728835407460e-01 8.355264590782430778e-01 8.296419957150443780e-01 7.013819186266464500e-01 7.783757284773477059e-01 6.103725978078512471e-01 6.085367063870539273e-01 7.811280457741791583e-01 7.307501692456951359e-01 7.363348977296868547e-01 7.674538765805103413e-01 8.306763279848130566e-01 8.379434434828192391e-01 8.116784498408106119e-01 8.233474817168797699e-01 8.619987339440123852e-01 8.731402134570158680e-01 8.576753277249326013e-01 8.157135632726845165e-01 8.429014263393730388e-01 8.519344498037302316e-01 8.404153785338288607e-01 8.538208456136522351e-01 8.361876079838888032e-01 8.674339182481511923e-01 8.099607314895326260e-01 8.682286711094107101e-01 8.656972113571451688e-01 8.211693352548032898e-01 8.778737030558507737e-01 8.669781878790583374e-01 8.691095853140570204e-01 8.748586770497049914e-01 8.852760697119694822e-01 8.760914977291187622e-01 8.254153623359841152e-01 8.554543997437796810e-01 8.305323197382490363e-01 8.534801507366706064e-01 8.839374547712706143e-01 8.718068182445738445e-01 8.741877893860515725e-01 8.670530801425099243e-01 8.750437936308420595e-01 8.663164254965571853e-01 8.889834114953431010e-01 8.579195129876295844e-01 8.793616105941171046e-01 8.576882118696382840e-01 8.780188105514333818e-01 8.901746002371446753e-01 8.844790987326710541e-01 8.893379948489187337e-01 8.771192304902865056e-01 8.789937832334840939e-01 8.484305127440960881e-01 8.615362464376978835e-01 8.819131265670825393e-01 8.631769269225908481e-01 8.621914804049002345e-01 8.830586621508698109e-01 8.790203907905741465e-01 8.705277593170525074e-01 8.812370086350300724e-01 8.771597089169965722e-01 8.850975298340584274e-01 8.812146769446328465e-01 8.862128086145396599e-01 8.832815508065944288e-01 8.817322788994054195e-01 8.637380557215166288e-01 8.762967538881696328e-01 8.761315339172124350e-01 8.769770088479130754e-01 8.791589056864934637e-01 8.762940369385259221e-01 8.612987937446252573e-01 8.781573997972327295e-01 8.776241431750763100e-01 8.782830181069407605e-01 8.751555235096647456e-01 8.815259416306180373e-01 8.497014177388817480e-01 8.657536318576285472e-01 8.670572260546844934e-01 8.729819356937924546e-01 8.732617783851359672e-01 8.710543504557841654e-01 8.722850318303077000e-01 8.774360229812433465e-01 8.762676747869196925e-01 8.739376373051090940e-01 8.763270106576627194e-01 8.828274240005203888e-01 8.809426344628088490e-01 8.793395120162933454e-01 8.760157054294090972e-01 8.852995369475356036e-01 8.803365315299714888e-01 8.803795960773129758e-01 8.893243235549940229e-01 8.810836533900965328e-01
1.104373464732591598e-01 1.898561375385106886e-01 3.479632019347424499e-01 5.318999128532440057e-01 4.247951377724089039e-01 5.138602192786972944e-01 6.919688993375164854e-01 6.764494334943749188e-01 7.762065178818760014e-01 1.000000000000000000e+00 7.648703294341210324e-01 7.815418993781962920e-01 7.303248735486012055e-01 6.511854752895623877e-01 8.011537950450718926e-01 7.936799380557686412e-01 7.647580213397644489e-01 6.688226245138810810e-01 7.416859205877220917e-01 5.674269909921927368e-01 5.585800257485225018e-01 7.379828069318342676e-01 7.113093076744789744e-01 6.987864480621965857e-01 7.346274426189903783e-01 7.972012226959813708e-01 7.991907036362045913e-01 7.870282926482558006e-01 7.915584009181244607e-01 8.249372732892064075e-01 8.353894136624998579e-01 8.208368747450782710e-01 7.921902258663036100e-01 7.990814620240540567e-01 8.175346262369007633e-01 8.009042156866507112e-01 8.200051180664065242e-01 7.994825052710838875e-01 8.258418894305907809e-01 7.862205786586935474e-01 8.285754738900047434e-01 8.259131897723912541e-01 7.828700188483596056e-01 8.328344771662735679e-01 8.268913956868819692e-01 8.333287005922491719e-01 8.312237861733331457e-01 8.392012272056562638e-01 8.330108124893724764e-01 7.758099627956502875e-01 8.074401435726891174e-01 7.804848523949990957e-01 8.087548247642717403e-01 8.395825655509875363e-01 8.297982568442721085e-01 8.330911727438555792e-01 8.216278826078501352e-01 8.307299582454934495e-01 8.206525126161454686e-01 8.390665263151865227e-01 8.113391563951046770e-01 8.360361810071018640e-01 8.149233478810173903e-01 8.287157235173415737e-01 8.331126627408964591e-01 8.381731498247120271e-01 8.419833152448928937e-01 8.345063763787926581e-01 8.371824798686408053e-01 7.983710191978350412e-01 8.125058062178136531e-01 8.371690516859972009e-01 8.203961951352869431e-01 8.164701515649750441e-01 8.397458371632984253e-01 8.350229038573890872e-01 8.316760930537979712e-01 8.397951356054789152e-01 8.352444506574799865e-01 8.385418025289077537e-01 8.396911698661864154e-01 8.420207841602267429e-01 8.379005864813514615e-01 8.417481959837431749e-01 8.226811148281324426e-01 8.310294527689578992e-01 8.349805484549533974e-01 8.342930077090945362e-01 8.381800024582360953e-01 8.338453476080889271e-01 8.275524367832248762e-01 8.327625819959901809e-01 8.341354761093290326e-01 8.355617340790859604e-01 8.299211001068518279e-01 8.353998003837675990e-01 8.053414666606728556e-01 8.143024973848651538e-01 8.230348526772032214e-01 8.264272939542997021e-01 8.262351602105697523e-01 8.227728509074784258e-01 8.264856121716606108e-01 8.288973855120281842e-01 8.267553174073060118e-01 8.260663581665208532e-01 8.294246936184002106e-01 8.369133185999925173e-01 8.348499270039467790e-01 8.319111716503329035e-01 8.297802701380988522e-01 8.356217777073667863e-01 8.350055790115705756e-01 8.326188629991743140e-01 8.383043972728172477e-01 8.327167698865666212e-01
7.290863967128381751e-02 1.528755370374410005e-01 3.898538218436261027e-01 6.019415971645364349e-01 4.700222591930454108e-01 5.524726470343606088e-01 7.625697484186152453e-01 7.414476383018556715e-01 8.073509145021894318e-01 7.648703294341210324e-01 1.000000000000000000e+00 8.527338037144993610e-01 7.724073333883396675e-01 6.967236143385261427e-01 8.675797441184017744e-01 8.527266276009580759e-01 8.090476093952573278e-01 7.307693458002318954e-01 8.014677580926370393e-01 6.487623274193992096e-01 6.448111127285933719e-01 8.181557084374203592e-01 7.618836448679233708e-01 7.684395200931214420e-01 7.963824409678347260e-01 8.436458582206395329e-01 8.595810558892691411e-01 8.431673842499070037e-01 8.346741291615843439e-01 8.700837649774568749e-01 8.947204864191368179e-01 8.761853625456339500e-01 8.360457182446339175e-01 8.625032536310958120e-01 8.601339494628633675e-01 8.637358943961285229e-01 8.834683251354765732e-01 8.581029434664261268e-01 8.840620987488154725e-01 8.580629603450039555e-01 8.894110762889363420e-01 8.896711314048539876e-01 8.602826151145868128e-01 8.930609545503528368e-01 8.946074256211886677e-01 8.917951633135532408e-01 8.902975348739494699e-01 8.946564332021182953e-01 8.894211791779116361e-01 8.454649841189666448e-01 8.701870660421016090e-01 8.563275133515322324e-01 8.773025207918963009e-01 8.910569825557246304e-01 8.860636948097231347e-01 8.918318808488678862e-01 8.743643997832670767e-01 8.888498880577411221e-01 8.806697638792088112e-01 8.906169821771766637e-01 8.814539150782745303e-01 8.887253211174827028e-01 8.729653233192121720e-01 8.828393167353532078e-01 8.851831152959032112e-01 8.913018645381237670e-01 8.971350290978856723e-01 8.981202896203174246e-01 8.997952314103434546e-01 8.771532775822458161e-01 8.879585790459136874e-01 8.990366927371338246e-01 8.892762344529805407e-01 8.845336469237481403e-01 9.002482391783895865e-01 8.981728819200434089e-01 8.958283023313911020e-01 8.938694950719925369e-01 8.988422824162904945e-01 8.945555598111953888e-01 8.980144599954742457e-01 9.000104294500530511e-01 9.007681543464702845e-01 8.998505906922765751e-01 8.931092131693945113e-01 8.970708188726040921e-01 8.990789689105860294e-01 9.014331501882294484e-01 9.006895797024616623e-01 8.975404048900788023e-01 8.972439030415592098e-01 8.990868674848140341e-01 8.985446128498685292e-01 9.000430926926603625e-01 8.930647731155176849e-01 8.954103085403969375e-01 8.844360513506948074e-01 8.800028461571897109e-01 8.908886342494690691e-01 8.971617292784030973e-01 8.956473687702201092e-01 8.915058144485840108e-01 8.933000163234569024e-01 8.970696719621320536e-01 8.948713312351419535e-01 8.872386986225860861e-01 8.917473867404958066e-01 8.936531428525031906e-01 8.977376211396534966e-01 8.964833097760236402e-01 8.954253336081978709e-01 8.941151801715632175e-01 8.956063142194371496e-01 8.930680880249085574e-01 8.943161116337664529e-01 8.943064614160238790e-01
-2.700506430739763389e-02 1.282765785130999814e-01 3.671300621052941415e-01 6.564272755095473810e-01 5.196827199832029232e-01 5.683983553719792470e-01 7.871486132142986314e-01 7.744663133727486271e-01 8.215081102934596036e-01 7.815418993781962920e-01 8.527338037144993610e-01 1.000000000000000000e+00 8.388261152339411275e-01 7.222905824767847927e-01 9.184052161175964013e-01 9.120298388505649889e-01 8.210537113613965987e-01 6.667247657071937450e-01 7.759634002606007330e-01 6.412894825360004880e-01 6.782691251184383985e-01 8.244067342942880128e-01 6.948163815750931782e-01 7.290847023288582474e-01 7.916249139915917388e-01 8.322743222371759009e-01 8.725507377211544346e-01 8.346822948967669298e-01 8.119078097620090473e-01 8.665575255079395189e-01 9.139210274157287817e-01 8.797407803308899821e-01 8.339241167840590885e-01 8.743386468026130842e-01 8.622622417187183474e-01 8.914091798101414499e-01 8.957896181021358650e-01 8.751408136785102654e-01 9.059951704296203001e-01 8.833948742533388465e-01 9.206555547372426984e-01 9.190206967471289401e-01 9.034648400346150243e-01 9.286625144299021084e-01 9.160717576531594020e-01 9.152647134402653872e-01 9.369839480669479581e-01 9.351365491644191286e-01 9.355070065108713750e-01 8.978023793248234297e-01 9.145739202201538243e-01 9.154939718996575326e-01 9.316657891504490641e-01 9.225155870672168135e-01 9.171026146689533753e-01 9.113573350419308383e-01 9.160208393025423002e-01 9.332322428259077762e-01 9.250563275252517981e-01 9.359277454630579030e-01 9.413541804837606275e-01 9.304347101906099704e-01 9.205307687828693242e-01 9.263581679447241424e-01 9.196969213472737659e-01 9.298424755054671698e-01 9.300540355177409069e-01 9.180269420470118513e-01 9.171746542490613052e-01 9.185046554798863561e-01 9.261279221379480342e-01 9.269291150888032682e-01 8.998329045721260577e-01 9.073858410839421573e-01 9.292102148125755967e-01 9.322401622720959402e-01 9.253577350410263636e-01 9.189884651690268802e-01 9.260285566408769098e-01 9.276064870643929705e-01 9.269560081055493450e-01 9.345456858257065180e-01 9.223746118392790461e-01 9.242902313821086402e-01 9.266088985559696178e-01 9.262453420749440225e-01 9.344978541223284418e-01 9.319490227466507015e-01 9.351332041341507972e-01 9.196505927629909927e-01 9.258473801516492463e-01 9.393621192630459138e-01 9.363026514807812895e-01 9.336136959753722486e-01 9.425871625958310851e-01 9.410188349059964708e-01 9.303204788088726973e-01 9.303464117191346805e-01 9.430209778753149141e-01 9.384082916344261838e-01 9.401394994124039339e-01 9.401077852559120984e-01 9.420534085823009107e-01 9.444565214264496467e-01 9.409622379588713503e-01 9.309621967557019095e-01 9.422444987549711826e-01 9.381149381024549427e-01 9.338100701636254941e-01 9.410917230559694424e-01 9.404196823927424287e-01 9.405035323726935736e-01 9.404322353817736735e-01 9.404335423715901587e-01 9.318954127095709916e-01 9.395862451020424722e-01
1.436814079444504594e-02 1.559602531705257256e-01 3.308153494630346469e-01 5.899346410337338309e-01 5.080374224903196900e-01 5.290601917427090184e-01 7.227893597907872891e-01 7.195588619432644606e-01 7.699293678381068373e-01 7.303248735486012055e-01 7.724073333883396675e-01 8.388261152339411275e-01 1.000000000000000000e+00 6.764764549404157501e-01 8.571965452753909087e-01 8.448758411807085755e-01 7.610838967119275544e-01 6.178955950411483267e-01 7.249013640527582902e-01 5.729504521701439534e-01 6.071128254619267972e-01 7.485966618155026620e-01 6.425888693320681577e-01 6.811793909643266698e-01 7.364896235847867567e-01 7.692342895096009325e-01 8.049102504510564637e-01 7.606372280152680077e-01 7.491321233752968878e-01 8.040154025699082219e-01 8.382972903643685081e-01 8.062145213269236166e-01 7.597490261592816374e-01 7.995896852720810744e-01 7.952811409459928926e-01 8.158081758080416579e-01 8.246299123536414699e-01 7.962542380513545348e-01 8.335984389008948003e-01 7.965406469673819156e-01 8.442664596256518328e-01 8.466885550399066984e-01 8.259847889955514999e-01 8.569319371650533368e-01 8.447086578710304439e-01 8.459793980789700463e-01 8.680798717839451895e-01 8.690420051554850200e-01 8.673892363417375906e-01 8.139220604944511495e-01 8.366919341014625866e-01 8.490387568964304910e-01 8.609079369691835515e-01 8.583833045278329577e-01 8.467645747256943300e-01 8.378046707289085182e-01 8.425670749937986814e-01 8.641956009368982894e-01 8.490288037064492865e-01 8.718206970487837326e-01 8.671070032579391018e-01 8.622475554114619190e-01 8.447620439466796416e-01 8.585082025229625602e-01 8.569974371326872786e-01 8.660736990251232115e-01 8.654044656200285957e-01 8.509263674108655806e-01 8.512706320111198544e-01 8.456794472846972388e-01 8.566864623940614321e-01 8.606581652926843518e-01 8.371115567223729181e-01 8.472772465202885739e-01 8.597125399324161421e-01 8.632781281199717327e-01 8.588407012857819378e-01 8.536971643391175757e-01 8.617109293161837602e-01 8.622028757497940399e-01 8.598289891809990371e-01 8.675290160393556160e-01 8.546611968917251501e-01 8.583416844064611917e-01 8.509720057389592585e-01 8.550422484452299132e-01 8.638005672462487627e-01 8.611695655077942213e-01 8.660714843412641306e-01 8.512925757276246230e-01 8.526029382159001635e-01 8.696852965864038110e-01 8.680043664279094573e-01 8.669830130132749613e-01 8.747561276719881818e-01 8.747760130122782529e-01 8.530626668461132045e-01 8.603934582934844588e-01 8.699520442135203480e-01 8.653841661244666694e-01 8.691834346268717537e-01 8.676487595357210703e-01 8.716406732252117706e-01 8.736592658333978134e-01 8.727913528814670308e-01 8.612344016330647500e-01 8.744157920835449183e-01 8.716934308591631764e-01 8.676920769251635912e-01 8.723176114606340237e-01 8.692589481802311946e-01 8.750344585726211877e-01 8.725284408689996107e-01 8.714442309798283715e-01 8.653764621178842154e-01 8.744099865218544210e-01
