1.000000000000000000e+00 1.553844673358585338e-01 1.037839627728686515e-01 1.001265025765907535e-01 2.098652939408164608e-02 -3.914121187576136834e-02 -1.415495658795064282e-02 8.972015656778074832e-02 2.224504988995747723e-01 1.004417569008488054e-01 3.031737642340022118e-02 5.080207085269483613e-02 2.124006787968533982e-02 9.841460329180111780e-03 -1.176642454159400678e-02 6.951111758774948524e-02 1.352515020588088146e-01 9.737025111147047662e-02 6.210143514323690495e-02 2.816760600986556104e-02 1.093474508977622522e-01 9.909641779318778543e-02 1.044864356804575123e-01 9.107764757810769829e-02 6.846483157867268299e-02 9.280241332738498050e-02 9.328843539649581129e-02 1.184805950447251344e-02 1.109939837392624890e-01 1.489861727333978980e-01 9.944988243868298217e-02 4.875858795002247642e-02 3.920435460712343861e-02 8.239176901440378731e-02 1.173106890838108984e-01 3.107718725070731519e-03 8.725752645307983946e-02 -1.998989214300928366e-02 2.644850596297882925e-02 -9.061463951589754373e-02 6.694215704309654756e-03 -1.242480805701680520e-02 -5.315538486744125768e-02 2.316684022877040297e-02 6.428635757222220075e-03 -3.296685837303807930e-04 1.216154832332208557e-02 1.989234872386164490e-02 4.379954898079352343e-02 4.386696155520732054e-02 -2.327552182993446878e-03 3.306076504812062444e-02 3.356800626401617443e-02 6.168005006867524620e-02 6.881812697020964209e-02 -4.703820015275601146e-03 1.041981010043463440e-01 -3.911465265192130662e-03 1.171988185209562466e-02 8.220974534814476375e-02 1.900681993031037853e-02 5.669662558566332389e-02 6.094405370056821952e-02 8.521935641189939958e-02 1.053339477075154879e-01 9.762815010350696376e-02 2.882857120629537737e-02 2.709420705649510236e-02 4.573604049846693304e-02 2.706795854733970441e-02 5.371759395900450873e-02 3.511530114659121293e-02 4.318977044508586632e-02 2.895539152811456643e-02 3.232753922055776191e-02 2.856109423374887310e-02 1.263379332157861870e-02 5.941698404597170469e-02 2.281827274819570733e-02 5.142147500958064305e-02 4.764663642113874109e-02 3.485933075526703034e-02 4.276977296971834486e-02 4.505041597262266634e-02 1.484341679054151930e-02 3.553330788569958321e-02 1.184349355261154341e-02 8.216973445068276316e-03 1.253862642143730236e-02 1.562549041062610139e-02 -2.203648059401532022e-02 -2.587866555851090281e-03 2.088831384452979629e-03 6.833354577701968545e-03 9.754642508057858805e-03 1.547888821647228942e-02 9.444496609968947021e-03 7.731277015754814408e-02 1.090839155593473220e-02 -3.051943892527848607e-03 -1.448450133425201874e-02 4.510592336146256043e-02 2.766421769648815324e-02 1.752282334983596215e-02 2.345060419126252307e-02 6.796012227492281843e-02 3.799398898759499821e-02 2.178298624481650111e-02 3.731795692058878511e-02 1.490205851352201585e-02 1.503483621966519856e-02 4.628995498644793150e-02 2.540960320583173990e-02 5.664592594374023155e-02 4.425121412823082578e-02 7.079645290541990155e-02
1.553844673358585338e-01 1.000000000000000000e+00 6.567983132924852530e-02 3.820410687985639764e-02 6.450619780043898022e-02 8.268522749027783225e-02 1.146795317800042430e-01 1.366254965796729060e-01 1.837776103133273164e-01 1.912423097221029600e-01 1.356194450050776934e-01 1.438899474143676138e-01 1.168699364899253579e-01 1.020134565939735255e-01 1.295995458597525296e-01 1.511038258717020133e-01 1.348010487244421240e-01 1.716974829503405409e-01 1.420914369771950070e-01 9.186954571193482744e-02 1.090988316435015787e-01 1.239087526673935541e-01 1.763148491009933760e-01 1.627656214529012435e-01 1.271205811886645942e-01 1.541987468425360941e-01 1.692300007051933397e-01 1.471140018945346073e-01 1.844379830209596227e-01 2.129178434095597150e-01 1.867189810907885217e-01 1.645843178376734106e-01 1.669344571905806984e-01 1.696437648399141407e-01 1.953865222105642119e-01 1.102104870872088332e-01 1.677195989626285300e-01 1.489609225730027520e-01 1.591800938567583812e-01 1.014548828106707906e-01 1.422764678313598874e-01 1.350056524822922377e-01 1.117405599526964805e-01 1.399319696414626779e-01 1.395875430599400613e-01 1.484700358334896664e-01 1.494230885323379610e-01 1.548691749357384295e-01 1.572235443454498838e-01 1.382723446590540251e-01 1.345466146963230081e-01 8.214116955318803703e-02 1.273210754335933337e-01 1.616322909524332274e-01 1.681148035151299736e-01 1.424333163688839277e-01 1.556046711222346390e-01 1.257196708923951356e-01 1.544677605393822706e-01 1.597605062576011037e-01 1.347918194569594219e-01 1.581978064625548241e-01 1.582828648864514076e-01 1.505284030276025642e-01 1.508058936427031926e-01 1.514100903172102275e-01 1.504682498035688487e-01 1.554666594192148088e-01 1.666453986678470833e-01 1.429457416367218014e-01 1.492858741300143455e-01 1.520489965167412250e-01 1.690652290893703003e-01 1.553509166022444543e-01 1.519047513402906890e-01 1.573225151916421150e-01 1.569391736659583869e-01 1.699521983985802231e-01 1.633974243016462213e-01 1.764407494911355012e-01 1.666856248228363035e-01 1.615872694033328727e-01 1.633873992497495153e-01 1.698453579194471874e-01 1.491225213807565730e-01 1.669584732069847310e-01 1.454815738047026685e-01 1.576793571441772179e-01 1.512615679172743255e-01 1.577818709482890491e-01 1.414851861025376023e-01 1.454496893053552620e-01 1.420664562795034003e-01 1.530427678911819578e-01 1.543432745319326949e-01 1.544847877661127966e-01 1.394654044455013175e-01 1.566229350747916915e-01 1.442258732467981974e-01 1.448326186524946935e-01 1.349909826666589596e-01 1.526579308496055776e-01 1.373487118796086204e-01 1.437917402024456170e-01 1.314870129172942548e-01 1.617327859552868952e-01 1.589876837720428371e-01 1.603531038944100429e-01 1.666874356742246710e-01 1.522498674786196826e-01 1.557503937265986849e-01 1.568802107933851830e-01 1.542323185893707815e-01 1.542938684810221117e-01 1.473854175096273311e-01 1.601967391471501023e-01
1.037839627728686515e-01 6.567983132924852530e-02 1.000000000000000000e+00 3.117131712606784899e-01 1.669544321616887039e-01 1.494199128025601175e-01 2.603871171424743669e-01 2.949501236242055846e-01 2.630435863402153518e-01 2.359519570499085672e-01 2.954310983786879730e-01 2.980573405744464943e-01 2.401582466791192527e-01 2.434446883366714331e-01 2.893658057408263207e-01 3.124155482434405329e-01 2.706453154683010065e-01 2.879584901659012486e-01 3.035590390032179564e-01 2.497314533140381487e-01 3.184341844654346998e-01 3.095769925646424392e-01 3.217617902330728863e-01 3.221760233545547525e-01 3.127342007623969411e-01 3.103004201482431612e-01 3.084934191277680648e-01 3.024801846064288369e-01 2.751032158797256377e-01 2.993353563328938760e-01 3.240832327425744452e-01 3.186487142327337763e-01 3.035232321177039894e-01 3.274313898151334223e-01 3.039711021791668411e-01 2.976397835675044234e-01 3.127149652614114594e-01 2.916571133944261263e-01 3.052523289464526557e-01 2.899462238642848688e-01 3.066038647447710819e-01 2.889172644137699697e-01 2.845276318281527717e-01 3.062595047505515256e-01 3.086254743504204812e-01 2.927460912383213487e-01 2.847117720186447820e-01 2.813516977991868950e-01 2.868549845805752341e-01 3.020798622498350738e-01 2.952058073155783835e-01 2.994110606222240012e-01 2.899586580095068200e-01 2.902999320695841545e-01 2.996742527147672752e-01 3.021722407578514846e-01 2.919299981867275462e-01 2.838334626544256056e-01 2.857481501214768072e-01 2.892548622709001371e-01 2.904434823598964210e-01 2.844133060284195214e-01 2.961042989639665612e-01 2.882865012733263899e-01 2.904931998244964508e-01 2.997575777020914933e-01 2.843014348944541969e-01 2.985529518457180065e-01 3.097776086950492225e-01 3.025084256031836394e-01 3.136646269659829622e-01 3.025555798325311740e-01 3.132571074899512253e-01 3.146527396608646554e-01 2.982698661578188637e-01 2.924947581329269686e-01 2.939194938609117624e-01 2.882594999877532427e-01 2.893085384571447705e-01 2.888853714560104535e-01 2.916633691544043838e-01 2.894736745974076930e-01 3.007383651009678527e-01 2.972563391626338869e-01 3.088048521474541230e-01 3.029791051638745514e-01 2.950212433814426993e-01 2.988500598768422112e-01 2.892129756551848896e-01 2.954322480751260249e-01 2.955046002800258975e-01 2.916143637261104371e-01 2.950050169568134151e-01 2.909698066523239701e-01 2.824083634031353540e-01 2.851372536997591189e-01 2.985431734883105537e-01 3.008964798479479286e-01 2.867039079833688109e-01 2.939580153148169117e-01 2.919746813284192499e-01 2.944816686093483238e-01 2.941870681266288701e-01 2.951037947473799106e-01 3.020904956599059776e-01 2.954214972491721602e-01 2.909604955135363658e-01 2.823694613043024604e-01 2.922728163921423095e-01 2.863924118161512156e-01 2.855652334807137760e-01 2.863389418766942862e-01 2.863356183267768418e-01 2.875430150263758033e-01 2.892848867013578240e-01 2.946461172176441101e-01
1.001265025765907535e-01 3.820410687985639764e-02 3.117131712606784899e-01 1.000000000000000000e+00 2.755312015182546648e-01 2.669438122624715470e-01 4.644519583454136957e-01 4.891552118377197056e-01 4.284900446629070769e-01 3.866234739559012423e-01 4.631990688859241034e-01 5.492425811722174700e-01 4.244878052168054028e-01 4.328228505674251436e-01 5.097690744553067255e-01 5.330976003869573043e-01 4.702587428726627272e-01 4.636097906592766549e-01 4.663793164461876306e-01 5.006922024618406519e-01 5.842971882442405951e-01 5.038411609141260072e-01 4.992722426727050911e-01 4.847054734063978021e-01 5.013335973371690901e-01 5.161789373449596763e-01 5.070267602394270545e-01 4.990986900093604128e-01 4.738855174112771018e-01 4.513278997599137199e-01 5.099237320837686216e-01 5.144769061352922890e-01 5.115535312156263004e-01 5.198492316473499741e-01 4.684995749905444540e-01 5.138370700702654670e-01 5.037181811897128991e-01 5.027487987458567620e-01 5.010485797413772868e-01 4.951315785320011820e-01 5.093368148344731283e-01 5.092707023655214105e-01 5.157050316099281995e-01 5.308317352368646658e-01 5.233922829285775347e-01 4.922455714763704915e-01 4.813106023270776190e-01 4.737279587446938112e-01 4.907198607285327974e-01 5.234236351055492342e-01 5.137005771178279057e-01 5.375588881235907612e-01 5.174220588072001581e-01 4.789766117334748885e-01 4.949049085645887414e-01 4.996216914874264670e-01 5.037796123176363494e-01 4.920480058185016659e-01 4.805479707531957745e-01 4.890725291729483559e-01 5.119116966391538126e-01 4.825526809979205911e-01 5.038087868914230549e-01 5.038581919784668184e-01 4.995690757745958055e-01 5.137157989361694765e-01 4.752093913772177936e-01 4.947770360257536804e-01 5.009689583160467086e-01 5.269425155703456598e-01 5.391216252948359822e-01 5.046556301708112757e-01 5.026931527242467501e-01 5.131637731681395476e-01 5.012553205983752980e-01 4.949519482322664032e-01 4.950785208282802441e-01 4.875542524746424022e-01 4.840952602400135363e-01 4.716662731726700697e-01 4.924485684540058639e-01 4.878149204671164418e-01 4.972711122667983763e-01 4.908123514825122324e-01 5.135497307299796699e-01 4.979021631548978810e-01 5.021093392870291661e-01 4.978199103483116894e-01 4.864507763700864906e-01 4.860463935524049206e-01 4.992718436421477723e-01 4.941600802941111259e-01 5.043519145283611449e-01 4.908741237046118644e-01 4.734629226248424083e-01 4.782031459055053890e-01 5.137644461450929789e-01 5.105681306438073497e-01 4.950540120001212241e-01 5.009464364418502180e-01 5.074550392339570726e-01 5.027696956066911582e-01 5.046005360298887465e-01 5.129455992184897006e-01 5.234890755499207460e-01 4.953296686281023486e-01 4.876744592167789327e-01 4.727813729148152011e-01 4.785887693801357812e-01 4.864903758881641282e-01 4.824655735778476950e-01 4.840016079970176355e-01 4.825399620918759958e-01 4.970083124697143306e-01 4.990710852838964873e-01 4.955546371316010834e-01
2.098652939408164608e-02 6.450619780043898022e-02 1.669544321616887039e-01 2.755312015182546648e-01 1.000000000000000000e+00 2.104688807972090736e-01 3.877105921837656344e-01 3.890355423037248350e-01 3.715013765827007153e-01 3.470268533018068813e-01 3.967796394250624470e-01 4.477982609559826854e-01 4.133534272707851120e-01 3.695487688531371995e-01 4.530802515596465407e-01 4.339968786882972829e-01 3.900329810163783995e-01 3.422742596872717091e-01 3.644018344317837554e-01 4.124472259445164934e-01 3.997519859964029365e-01 3.666337588581483620e-01 3.956168520822623824e-01 3.747477997907086023e-01 3.796569465054907000e-01 4.476175140879167791e-01 4.193275837554875096e-01 4.175989662613246445e-01 3.766587329687118846e-01 3.871885123257958194e-01 4.411139644462254150e-01 4.414009886650373526e-01 4.073344408584843590e-01 4.375717601373499965e-01 4.130048700759130220e-01 4.359770956486204163e-01 4.360786424342283363e-01 4.464570714508087068e-01 4.358499828586719915e-01 4.378067396633132935e-01 4.573809588513744750e-01 4.506838525713181554e-01 4.510005369458279789e-01 4.552097467139764597e-01 4.627612219479773081e-01 4.454804703080985639e-01 4.487215955295370540e-01 4.442188127899694972e-01 4.409216582171113230e-01 4.310728893922343152e-01 4.466471190717056783e-01 4.648001402222791678e-01 4.593958487968427540e-01 4.397273801701953588e-01 4.337398177104353492e-01 4.582941106978140611e-01 4.228917982071271342e-01 4.476000784317229475e-01 4.298445906606825906e-01 4.462280616465377214e-01 4.571122111463393201e-01 4.322883510748073976e-01 4.294179915878307274e-01 4.354728844258035636e-01 4.443172781186014442e-01 4.551566807540047277e-01 4.473455414106016215e-01 4.453429521635228761e-01 4.484614569854842858e-01 4.644145523614256477e-01 4.500842518986574170e-01 4.424764591204035646e-01 4.428973872728399486e-01 4.425156605207001825e-01 4.596058414973980266e-01 4.468003805329717748e-01 4.421634939125112518e-01 4.370865647185812608e-01 4.377420977924278422e-01 4.370830428897667375e-01 4.398379990766606018e-01 4.462490355844382361e-01 4.442725956812997312e-01 4.381277299980299578e-01 4.563179762852192511e-01 4.510911720428548710e-01 4.528754626001256223e-01 4.486812074206370515e-01 4.456214899824652020e-01 4.509942138774762910e-01 4.495392324716290244e-01 4.577264895633935127e-01 4.588231219677692541e-01 4.493738521855861201e-01 4.484654210553081222e-01 4.463656543838108171e-01 4.453220995815764804e-01 4.430835211173153043e-01 4.508407344580914744e-01 4.533764713761437304e-01 4.570243573291199457e-01 4.408923042284026983e-01 4.584570633240364623e-01 4.609819086724822879e-01 4.636769272467807790e-01 4.389039686339594182e-01 4.441240455086127858e-01 4.470247832635897978e-01 4.413583332400676240e-01 4.499840231947049296e-01 4.406443446270417175e-01 4.507570692852256866e-01 4.376341100084497060e-01 4.495600469647092479e-01 4.536296172024293361e-01 4.504326715258717972e-01
-3.914121187576136834e-02 8.268522749027783225e-02 1.494199128025601175e-01 2.669438122624715470e-01 2.104688807972090736e-01 1.000000000000000000e+00 4.451898508702894497e-01 3.756422061569639204e-01 3.914623396116499454e-01 3.919784790113997608e-01 4.347470918867305523e-01 4.913953600740729177e-01 4.135679758970955966e-01 4.459169714862449285e-01 4.912846707804375268e-01 4.804500813379834478e-01 4.450384083519537404e-01 4.280358642129105107e-01 4.353907068085817733e-01 3.785522919586487567e-01 4.141962098028829642e-01 4.309506906369870993e-01 4.524695711775970075e-01 4.209730602052931259e-01 4.207177190760202357e-01 4.865724160969949752e-01 4.863477366709030858e-01 5.007873606268924416e-01 4.523438456018095133e-01 4.511477496747660632e-01 4.949102782872609185e-01 4.998232866636350691e-01 4.833310513773615980e-01 4.848078500268205859e-01 4.703649543770874186e-01 4.814983097121005584e-01 4.868783718209941935e-01 5.196793564302060187e-01 5.161731825109743266e-01 5.082937821996150740e-01 5.152217201804450974e-01 5.270208252747875521e-01 5.158674472102480202e-01 5.253625813898200603e-01 5.053463867070531190e-01 5.191238333447806275e-01 5.129477727660178843e-01 5.143791887906294935e-01 5.046941776364635146e-01 4.968825426165074943e-01 5.145031888280998666e-01 4.825328123000643399e-01 4.959550487736872348e-01 4.982730921508756183e-01 4.992761412902477769e-01 5.231205448120650470e-01 4.764170226485539561e-01 5.190317191305158229e-01 5.073915488055213974e-01 4.943847418113312409e-01 5.150627538201736355e-01 4.921505590537433861e-01 4.972107081450630184e-01 4.930050453961640211e-01 4.870322073461302859e-01 4.878588411859570151e-01 5.098906506636675662e-01 5.125957209945272153e-01 5.125852985116079452e-01 5.054651615877709947e-01 5.130271034074249670e-01 5.122195722024295295e-01 5.040135734315007721e-01 5.106861867608721850e-01 5.212321816755471904e-01 5.166145786281601815e-01 5.214950205976817132e-01 5.055100185934088275e-01 5.129339188586294895e-01 4.996410749104543414e-01 5.108997756355154740e-01 5.135927076625625975e-01 5.130607326082391451e-01 5.118600920600229198e-01 5.204113502854212925e-01 5.123583408189675836e-01 5.181121362247294027e-01 5.211228138947727739e-01 5.163833312264544118e-01 5.164152561440329414e-01 5.279444922178111455e-01 5.272574804834807560e-01 5.221387430628097182e-01 5.244143840236478171e-01 5.152136495290010609e-01 5.164848528235216341e-01 5.079704367417389177e-01 4.963901503931513193e-01 5.162769565920195536e-01 5.226730765685702051e-01 5.227862125522828585e-01 5.049060548473141008e-01 5.116400098194476831e-01 5.213915385475778042e-01 5.139084852258146707e-01 4.976696095701677036e-01 5.074250478968185263e-01 5.140652136057298760e-01 5.112960764650092971e-01 5.175097628929986593e-01 5.142000344591470817e-01 5.075565801144988898e-01 5.103657406006075758e-01 5.018822576670761704e-01 5.072917702812996810e-01 5.001904287718356157e-01
-1.415495658795064282e-02 1.146795317800042430e-01 2.603871171424743669e-01 4.644519583454136957e-01 3.877105921837656344e-01 4.451898508702894497e-01 1.000000000000000000e+00 6.301006500852579517e-01 6.026210120425025130e-01 6.026694519622459723e-01 6.643986977151687956e-01 7.279006574629944826e-01 6.457541953356188413e-01 6.262692366775508557e-01 7.801472674724319045e-01 7.371343213225108881e-01 6.394205982742788841e-01 6.165995654393806591e-01 6.427474373186665701e-01 6.152451637510386595e-01 6.549309303366023238e-01 6.369615492047788763e-01 6.919621655018813877e-01 6.502017675522628881e-01 6.415807022653140512e-01 7.285011271408233791e-01 7.255656882286266596e-01 7.573210607587691490e-01 6.971520526422019248e-01 6.814840872076619593e-01 7.495572277848900899e-01 7.466717674229281787e-01 7.259016101507133056e-01 7.324612768050273726e-01 6.981939871507311102e-01 7.129642836237496395e-01 7.367671015157631897e-01 7.656232609598826455e-01 7.547146851085344554e-01 7.574290122788971402e-01 7.674156882091125453e-01 7.615237690377602009e-01 7.643815188765076263e-01 7.696710673106620382e-01 7.616717094002823929e-01 7.665958213454433512e-01 7.463157952105050619e-01 7.421119268328679741e-01 7.436427213627700983e-01 7.279135784803956177e-01 7.594944578729465601e-01 7.089319054579387158e-01 7.345416827307140739e-01 7.334015612018367491e-01 7.407451773474134082e-01 7.603864056279268091e-01 7.132403860656089112e-01 7.448251218910763027e-01 7.413034076942266459e-01 7.285537905180223817e-01 7.522524696417000056e-01 7.269485959139621034e-01 7.407696149081631765e-01 7.270118918703312172e-01 7.224087878723109979e-01 7.326097925107207809e-01 7.397276042831371079e-01 7.503234810174486125e-01 7.582352042017422855e-01 7.584200836127161782e-01 7.545315872139830571e-01 7.480330513737336595e-01 7.495672682664177300e-01 7.523332644557920723e-01 7.588505512108220108e-01 7.566238694714647606e-01 7.681410507084772687e-01 7.473702033128296618e-01 7.565341795096556243e-01 7.395420627749745845e-01 7.523907298601290039e-01 7.550503021481662635e-01 7.540372918361979426e-01 7.536414465717662381e-01 7.631534973144089573e-01 7.543282249349655411e-01 7.617925597392216641e-01 7.651509799391023048e-01 7.550656068172819646e-01 7.542813858842583041e-01 7.725448098539137165e-01 7.638219988826022711e-01 7.662065990956460348e-01 7.614434221955513893e-01 7.464890472739412752e-01 7.481157362861112770e-01 7.538184827725834536e-01 7.361931571883979508e-01 7.529666415040244809e-01 7.650349047771570765e-01 7.681697220114620528e-01 7.459058304442102161e-01 7.516025585345400550e-01 7.612815584308709749e-01 7.569635705991478725e-01 7.361476106548199283e-01 7.460854135514473073e-01 7.445607761890080667e-01 7.456846043581567551e-01 7.514523761967851767e-01 7.501807944722721500e-01 7.413999566137537967e-01 7.436192838757852419e-01 7.404856660656649048e-01 7.421464958682435498e-01 7.364175349068419196e-01
8.972015656778074832e-02 1.366254965796729060e-01 2.949501236242055846e-01 4.891552118377197056e-01 3.890355423037248350e-01 3.756422061569639204e-01 6.301006500852579517e-01 1.000000000000000000e+00 6.248533753701808191e-01 6.051922713192099401e-01 6.483409493616353325e-01 7.168998856478169257e-01 6.244370806124343032e-01 6.003318514090316693e-01 7.269097495673904064e-01 7.512689549798581279e-01 6.445571768491054065e-01 6.043802736346306492e-01 6.224359259795202437e-01 6.204225687718157856e-01 6.637328658861315622e-01 6.177029246857167477e-01 6.976792371175362106e-01 6.422574144474225699e-01 6.153942265563971947e-01 7.107330161421968606e-01 6.981596649727269677e-01 6.865022783515476457e-01 6.726481089345697217e-01 6.845922325100846084e-01 7.328440711734555135e-01 7.328377529400940116e-01 6.982836563003140817e-01 7.298873050160333831e-01 6.935599143156434554e-01 6.963102644831600241e-01 7.168781734147144924e-01 7.405424311194136466e-01 7.330218671150582344e-01 7.028979230566345660e-01 7.299378266456799658e-01 7.274430709812778062e-01 7.281266193943745080e-01 7.515880396682149689e-01 7.319652489943452300e-01 7.199092861475137051e-01 7.236138501924155308e-01 7.202962232986446223e-01 7.360969837484427902e-01 7.381798354935682482e-01 7.525020312449562931e-01 6.955694686719343656e-01 7.208138689851979475e-01 7.200603785511384691e-01 7.337214737370195694e-01 7.327801054606912778e-01 7.280521495692987566e-01 7.267301492403435148e-01 7.350961546254863865e-01 7.241780517002568418e-01 7.387040081017749449e-01 7.261073205440410350e-01 7.408902218720442301e-01 7.396281745408777031e-01 7.233853742439454448e-01 7.296512882322423454e-01 7.203533050730647203e-01 7.289050799224793264e-01 7.398634967381954031e-01 7.488626411516451364e-01 7.369093120522421936e-01 7.210702567163946863e-01 7.330943337365236623e-01 7.246944879638204107e-01 7.328153999958899600e-01 7.249071415731869195e-01 7.236290672865998141e-01 7.258576927069425588e-01 7.203462288011959203e-01 7.206772486427338587e-01 7.289705955467798981e-01 7.295131496302091900e-01 7.342725049783439539e-01 7.258713127554913269e-01 7.438329562087017122e-01 7.341826463643128520e-01 7.316486392836007990e-01 7.394155852361519177e-01 7.290252791559231893e-01 7.284612777051455712e-01 7.262082991099371165e-01 7.296093249422118676e-01 7.333439175484295358e-01 7.277930234916408780e-01 7.216054539054550521e-01 7.253737010048544320e-01 7.448828552160940975e-01 7.378134170149841520e-01 7.347413372818515365e-01 7.411834331888043081e-01 7.364643171239574349e-01 7.398660208898880652e-01 7.328799383814510460e-01 7.429732779632942652e-01 7.387125502863550741e-01 7.299915051285231771e-01 7.333016722009069177e-01 7.203582988038409463e-01 7.284117924580089110e-01 7.302755010826593729e-01 7.304873738529406024e-01 7.244872456880857570e-01 7.280046363775446450e-01 7.323639917539619404e-01 7.274844107975951824e-01 7.252746293963984181e-01
2.224504988995747723e-01 1.837776103133273164e-01 2.630435863402153518e-01 4.284900446629070769e-01 3.715013765827007153e-01 3.914623396116499454e-01 6.026210120425025130e-01 6.248533753701808191e-01 1.000000000000000000e+00 7.123139932769684268e-01 6.937987544182548927e-01 7.427816245001891415e-01 6.948318404373270418e-01 7.092829246519244402e-01 7.731586221844416462e-01 7.751912554692320656e-01 7.445133938260605211e-01 6.451665911286896815e-01 6.741220027412656579e-01 6.185607147283901375e-01 6.443171616407949998e-01 6.605320902592216603e-01 7.279781804712678328e-01 6.724690910805825039e-01 6.400264568528831743e-01 7.740364933687454707e-01 7.880379371879031591e-01 7.222201279117633765e-01 7.464025377476987133e-01 8.240174963561291976e-01 8.310059644335807683e-01 7.911813106540359630e-01 7.419736810840645846e-01 7.938565599593007116e-01 8.128129147855537306e-01 7.235996303914873362e-01 8.087341633915701156e-01 7.691999934095036240e-01 8.014104416754692650e-01 6.866343059617245892e-01 7.951234861160941803e-01 7.806735792247978534e-01 7.458491899774446487e-01 8.012220978092993162e-01 7.778059209538443763e-01 7.877709516339901352e-01 8.188972809792363083e-01 8.271424476412971849e-01 8.286114638200988702e-01 7.795493785362387351e-01 7.856913143590181781e-01 7.488628285223145609e-01 8.004026292328467740e-01 8.378907245694497963e-01 8.265605484850426787e-01 7.898153469388874415e-01 8.310592566672795334e-01 8.066229552613112253e-01 8.119497915379887409e-01 8.484402135466569961e-01 8.141426170189377531e-01 8.335606385252635198e-01 8.234201514315449000e-01 8.394448187928859051e-01 8.405051382240571467e-01 8.404324168612029577e-01 8.212010785275846159e-01 8.174192900894581282e-01 8.297686204271579324e-01 8.156497143662022609e-01 8.161770014818376939e-01 8.121134280258771598e-01 8.167787677796940482e-01 8.003071506057388707e-01 8.225491053470532776e-01 8.209381878566233137e-01 8.031232795346486819e-01 8.215857367979368941e-01 8.141390309817078119e-01 8.337279394032464097e-01 8.324883140262941961e-01 8.313009375442423909e-01 8.238758221093296363e-01 8.266657037017807186e-01 8.092056974129143709e-01 8.251210153262610314e-01 8.099997480854723708e-01 8.128742217343372101e-01 8.181725182711016009e-01 8.122390297544446192e-01 7.810249024318545175e-01 8.105108575496481338e-01 8.081864598111858644e-01 8.109781090912203672e-01 8.218735927867462099e-01 8.246905643600365154e-01 8.028749833369279720e-01 8.312492286286903287e-01 8.176312055685716063e-01 8.081141031118249662e-01 8.002354336843854332e-01 8.293995774898584861e-01 8.194417971831815528e-01 8.211609118670534224e-01 8.170012732242022402e-01 8.370772153547920702e-01 8.319773520013723500e-01 8.258212345642123031e-01 8.288464108927098284e-01 8.220685885800879111e-01 8.216681302832964384e-01 8.387594957975609278e-01 8.260813396997839231e-01 8.380836876552232306e-01 8.313575001538423548e-01 8.404839600880603667e-01
1.004417569008488054e-01 1.912423097221029600e-01 2.359519570499085672e-01 3.866234739559012423e-01 3.470268533018068813e-01 3.919784790113997608e-01 6.026694519622459723e-01 6.051922713192099401e-01 7.123139932769684268e-01 1.000000000000000000e+00 6.799916846540927651e-01 7.222974532378803048e-01 6.648656634421777900e-01 6.822756376335593620e-01 7.629076492496813522e-01 7.421577546041335793e-01 6.956219808453065756e-01 5.906190564717916924e-01 6.173876639563584678e-01 5.600328546606789804e-01 5.879750873422026070e-01 6.063447877831692479e-01 6.854218056717491514e-01 6.087701408557576466e-01 5.831250172496276196e-01 7.378570227913774371e-01 7.617355502100524589e-01 7.127692741995218517e-01 7.279980576011171323e-01 7.737037013798286900e-01 7.899725868820697272e-01 7.567223720961683275e-01 7.433983742654561855e-01 7.483030143297890735e-01 7.666964961069102635e-01 7.080897168421468324e-01 7.684570673781694339e-01 7.762566387759676223e-01 7.858325269926975665e-01 7.152301322258705074e-01 7.786529981569273451e-01 7.697183102701423696e-01 7.396172402291304460e-01 7.808560775343909022e-01 7.592887056934510825e-01 7.742485782011853113e-01 7.973082013104239030e-01 8.056384391232521702e-01 7.960378223139817910e-01 7.521410388143286996e-01 7.725667572168692931e-01 7.003716434785937084e-01 7.542526700585728827e-01 7.994531055994552604e-01 7.904332233301029076e-01 7.846466181414170071e-01 7.742700639946157315e-01 7.889748485034289160e-01 7.961091217903368822e-01 7.980421777838868636e-01 7.800698893133770628e-01 7.946178928155314125e-01 7.874024614071600814e-01 7.845959899759178402e-01 7.837349627786073247e-01 7.860502730707783492e-01 7.992160756531611066e-01 7.843365846635613758e-01 7.922687222835886889e-01 7.817588110769916332e-01 7.741545945032518583e-01 7.805556621397294892e-01 7.735353731383863840e-01 7.608384099795052480e-01 7.972592669801918941e-01 7.969237902953290043e-01 7.854120824608401552e-01 7.986484710717848268e-01 7.907892099750547521e-01 8.063412158637007776e-01 7.993583250932820849e-01 8.043122531381009521e-01 7.995357261812008343e-01 8.021788285228225179e-01 7.865592358940127760e-01 7.887470812042187696e-01 7.920664596102835464e-01 7.977919950385026215e-01 7.972099797614706773e-01 7.996106228068878830e-01 7.836073595547360382e-01 7.958042041007298284e-01 7.928629969293313762e-01 7.958642015978557582e-01 8.029033943676139318e-01 8.045833358627931808e-01 7.844925209030932933e-01 7.897660237267164485e-01 7.944952707095753741e-01 7.956399424618583183e-01 7.855109878510501131e-01 7.946604578550341413e-01 7.935632150217153402e-01 7.996321850486720617e-01 7.869027286225321882e-01 7.964340549317594498e-01 8.051569506436536683e-01 8.056041675906907562e-01 8.060220686626938802e-01 8.040901846080970028e-01 8.046103699229599782e-01 8.056067112061076063e-01 8.020672373277869527e-01 8.002905068027112989e-01 8.001027947101164717e-01 8.002333349670130991e-01
3.031737642340022118e-02 1.356194450050776934e-01 2.954310983786879730e-01 4.631990688859241034e-01 3.967796394250624470e-01 4.347470918867305523e-01 6.643986977151687956e-01 6.483409493616353325e-01 6.937987544182548927e-01 6.799916846540927651e-01 1.000000000000000000e+00 7.924230865501795673e-01 7.067011404256727802e-01 6.947174546091808844e-01 8.058937290866635683e-01 7.796570491341771048e-01 7.094446288408130519e-01 6.730057129004557437e-01 6.938881595632108157e-01 6.289860225328058885e-01 6.749738263696771767e-01 6.798495577604237727e-01 7.451876699206366750e-01 6.882310167773133536e-01 6.683971782273419038e-01 7.817594847641609057e-01 7.915942520684958739e-01 7.715803224583742681e-01 7.427195860747303202e-01 7.741602292261859919e-01 8.122250286069301328e-01 8.054491782284978196e-01 7.754085649102643307e-01 7.923982525984668568e-01 7.687178063665041083e-01 7.762583635113529112e-01 8.072176813499408743e-01 8.149707614794795552e-01 8.239159314519761690e-01 7.864711531408651313e-01 8.212676295405869631e-01 8.181458818446250003e-01 8.060638456288333753e-01 8.293932360796238967e-01 8.117413174664788178e-01 8.155337892325337235e-01 8.270604746536378560e-01 8.263228458932930787e-01 8.217236359660613498e-01 7.980736615497393549e-01 8.190097006023984161e-01 7.697328959926211800e-01 8.004374004063802284e-01 8.186457391214995161e-01 8.162607766300521428e-01 8.263940426495842706e-01 7.951072054152067414e-01 8.223975011512182354e-01 8.161188570498690842e-01 8.188721333238345723e-01 8.250730475178668089e-01 8.111032603719690037e-01 8.138704125833614578e-01 8.143117979082905578e-01 8.083952957796556316e-01 8.155156667705959483e-01 8.290211824131250573e-01 8.295272564872179233e-01 8.313093408153902075e-01 8.236859015613030577e-01 8.239639379920051798e-01 8.232464046529537338e-01 8.202967129523524026e-01 8.206935652725952934e-01 8.354094374648116661e-01 8.317402762742228672e-01 8.234267891686339880e-01 8.212669958381795254e-01 8.248412550632373552e-01 8.271126245172254476e-01 8.301522052949200647e-01 8.351875070203209628e-01 8.340662981630272421e-01 8.270287266838779461e-01 8.296452336938291428e-01 8.274956899171148628e-01 8.367417279183243517e-01 8.361297095879260954e-01 8.324196792556124436e-01 8.326626854999362726e-01 8.326922661857178998e-01 8.358240855577532269e-01 8.355228139271272392e-01 8.337819617921903292e-01 8.296699327310762540e-01 8.310837852452905850e-01 8.217919574636353142e-01 8.145072807791736702e-01 8.293015611450222924e-01 8.350452077438997867e-01 8.343921090486136061e-01 8.238054453509751074e-01 8.279858392780141685e-01 8.364431367997150479e-01 8.308364676099259105e-01 8.201879031128831432e-01 8.279256082042770748e-01 8.303080390982368053e-01 8.284042203247390379e-01 8.341856914800132028e-01 8.284947363143808641e-01 8.289620037540218478e-01 8.261576472090873535e-01 8.284602355789257855e-01 8.265499522062927928e-01 8.203054583553424095e-01
5.080207085269483613e-02 1.438899474143676138e-01 2.980573405744464943e-01 5.492425811722174700e-01 4.477982609559826854e-01 4.913953600740729177e-01 7.279006574629944826e-01 7.168998856478169257e-01 7.427816245001891415e-01 7.222974532378803048e-01 7.924230865501795673e-01 1.000000000000000000e+00 7.634254625076831724e-01 7.593896728484077485e-01 8.725299604146579124e-01 8.607787152109408479e-01 7.747963953084067157e-01 7.177660030252411838e-01 7.414936175742672386e-01 7.274023069109196715e-01 7.750953594584398809e-01 7.354659443762096016e-01 7.993797551810971624e-01 7.437282187196238015e-01 7.323929292428343896e-01 8.419644698992393428e-01 8.450842944182143102e-01 8.261137456148671676e-01 7.965733107169152838e-01 8.168914916536942350e-01 8.742229288715505087e-01 8.713264719549179693e-01 8.261795850735899061e-01 8.578507681566933663e-01 8.213601599841622303e-01 8.365552824804032284e-01 8.586936393948898516e-01 8.778873512363047915e-01 8.794788128269213079e-01 8.470683117230376480e-01 8.808452273586254710e-01 8.798292902451055886e-01 8.773559099772791914e-01 8.974316207700823167e-01 8.817214571333799045e-01 8.711527529705326289e-01 8.845909446525884734e-01 8.780549498756128335e-01 8.845482980744844292e-01 8.711999467651336815e-01 8.921159300712900864e-01 8.535416660714771897e-01 8.733668445767603927e-01 8.765640245053465396e-01 8.777659136167071940e-01 8.843552651706805268e-01 8.708453440442587290e-01 8.838797254044875595e-01 8.819395381622170405e-01 8.788950996252521408e-01 8.986536788711242396e-01 8.759121618091492145e-01 8.859680605738349257e-01 8.827038401992091110e-01 8.753861301442736886e-01 8.836504139825498427e-01 8.792247979081497800e-01 8.815521071195181468e-01 8.873452243211253920e-01 8.970328451205098474e-01 8.906998135259872607e-01 8.793310296884910837e-01 8.763268158400870922e-01 8.772429342855923018e-01 8.913898807083441289e-01 8.844502836318677286e-01 8.783365197746028086e-01 8.789390357381184904e-01 8.774802611378673678e-01 8.743460610765609875e-01 8.818979803698610009e-01 8.888053852336540439e-01 8.865941045474674542e-01 8.794169673477018057e-01 8.912032862727651272e-01 8.839746541803537028e-01 8.895255498968303032e-01 8.913906637329144234e-01 8.839476707926430255e-01 8.835778319887972465e-01 8.836675911183925480e-01 8.919209474543817739e-01 8.947888885851437157e-01 8.867589591498870050e-01 8.829019770640211817e-01 8.850114603343378628e-01 8.901537225806323006e-01 8.842907945345197529e-01 8.917101633719354270e-01 8.941858758090188708e-01 8.942457261058193163e-01 8.889623185557536944e-01 8.913269605855460576e-01 8.997463168438348813e-01 8.976255801718026062e-01 8.814336270999931777e-01 8.876106253249583800e-01 8.800195714131154867e-01 8.802798694932735257e-01 8.889978980267736475e-01 8.855373916735446160e-01 8.862079844043617705e-01 8.830905203743245613e-01 8.881299099327276680e-01 8.875861489213694444e-01 8.841968091541865249e-01
2.124006787968533982e-02 1.168699364899253579e-01 2.401582466791192527e-01 4.244878052168054028e-01 4.133534272707851120e-01 4.135679758970955966e-01 6.457541953356188413e-01 6.244370806124343032e-01 6.948318404373270418e-01 6.648656634421777900e-01 7.067011404256727802e-01 7.634254625076831724e-01 1.000000000000000000e+00 7.153717967278768741e-01 8.025563184417977558e-01 7.840138207260693992e-01 6.987850202618494100e-01 6.361504201510578271e-01 6.748721582776328054e-01 6.284491540716959923e-01 6.406781730871670133e-01 6.613394243399577377e-01 7.157284420543815751e-01 6.638424758963031858e-01 6.587473740568715597e-01 7.570612203737031587e-01 7.624582404057950180e-01 7.520907060951952383e-01 7.221854260410847104e-01 7.645673341600723871e-01 8.074596646719027770e-01 7.868798110700461201e-01 7.451197026126257228e-01 7.743210340614986587e-01 7.631170246813079316e-01 7.512716108968660045e-01 7.888062980422454462e-01 7.942094768908192215e-01 8.095595869418342749e-01 7.567374875346714047e-01 8.193517820891604853e-01 8.100542850720158228e-01 7.995125542511257732e-01 8.149535245146051210e-01 8.087704333472720553e-01 8.066236241051419897e-01 8.287171147260520288e-01 8.297131291301627076e-01 8.235913888729654575e-01 7.805263625963421159e-01 8.057890971941081837e-01 7.642115197504661950e-01 8.035876104153888422e-01 8.212298802443114276e-01 8.093137735353218565e-01 8.082573026248192072e-01 7.932847465399782694e-01 8.245577397999606095e-01 8.159653926504946142e-01 8.234528184131940654e-01 8.257410017206276986e-01 8.134105656137615714e-01 8.063894811462006817e-01 8.144712949562880056e-01 8.157950036769239244e-01 8.184850670802509276e-01 8.289247596576658772e-01 8.266350795106079952e-01 8.255903225391295619e-01 8.207995034247924648e-01 8.211124092019242982e-01 8.249012367307139160e-01 8.123489499972755823e-01 8.148612657187751518e-01 8.287725461421733275e-01 8.290793706161687648e-01 8.204478940095090156e-01 8.158241001520428748e-01 8.253979956966265297e-01 8.270042779408900424e-01 8.272328181077462927e-01 8.327084973107456989e-01 8.257016627864371960e-01 8.254715428618009110e-01 8.234909689383755893e-01 8.243221822846664715e-01 8.284233721511000681e-01 8.282068587285574823e-01 8.307259236793789192e-01 8.248491481515003443e-01 8.204846844964358565e-01 8.343604018913138853e-01 8.316380205953497473e-01 8.305454289332637741e-01 8.353798514902663896e-01 8.337911801996731320e-01 8.215676006272254472e-01 8.191729865913291997e-01 8.328091538176943809e-01 8.296306303729920062e-01 8.324480931992547239e-01 8.262261767148963987e-01 8.287774898044729666e-01 8.349861112905251348e-01 8.309873085465458997e-01 8.226367430893066768e-01 8.314973977589568133e-01 8.316036202713580350e-01 8.288832721798662373e-01 8.329500806210180519e-01 8.284578582203570019e-01 8.332338386366101579e-01 8.286598760290776466e-01 8.321885689308452516e-01 8.314465811481064339e-01 8.266882622036522132e-01
