1.000000000000000000e+00 2.069997060805263966e-01 9.956758768873549825e-02 1.394459974266589741e-01 3.094458400709817689e-02 3.406970890712377603e-02 8.011011378361379554e-02 4.848348840622190847e-02 1.124781966057643856e-01 1.071639281684451522e-01 3.940592787485304449e-02 3.684219762876594223e-02 3.010109561201577619e-02 9.684471205960148293e-03 3.606439170375374398e-02 2.490970217388701474e-02 9.831332721251083429e-02 1.081270488326265544e-01 1.186928580127451921e-01 9.064479582880116681e-02 3.906077364964679471e-02 7.451299833172539411e-02 1.633944998997743370e-01 1.221307349205562470e-01 1.195735004227956449e-01 1.121076079541317438e-01 8.644384395128125453e-02 8.694185059685576034e-02 1.142917572605657850e-01 1.152084855167664762e-01 7.313110258434994682e-02 7.635721025996082545e-02 4.687231858280564711e-02 7.534018175293343000e-02 7.458443438540121595e-02 4.767883525352295537e-02 5.385922594539729880e-02 4.885445027354271691e-02 5.171987140856527942e-02 3.574651429072264741e-02 3.635735544387265483e-02 3.752930497799589898e-02 3.281106026210289101e-02 5.438541357598115911e-02 3.622746284540308975e-02 3.092350546623161625e-02 7.923794528276888877e-03 2.745589398694257485e-02 2.331349337424878237e-02 6.745944326699557236e-02 3.912675455138373698e-02 3.328091417012103009e-02 1.616675166487745868e-02 2.848287149617839686e-02 3.781378973408108107e-02 5.819241171326038770e-02 3.899438138177121344e-02 2.405487124319064668e-02 2.668929839337054466e-02 2.797681575908278484e-02 1.336950314342211232e-02 2.365146963202493027e-02 1.958793696538874141e-02 3.716343032558244025e-02 5.436520750974217081e-02 4.075724545035486202e-02 3.551783133890994149e-02 4.093746308144078500e-02 5.849793494011681222e-02 4.208606139253925904e-02 3.161334082731082074e-02 3.188773263934751440e-02 5.823360292919381453e-02 5.633116348556479330e-02 4.245947876880339783e-02 4.594691709399223445e-02 3.606363985913485504e-02 5.581453175297033248e-02 4.270620432495272206e-02 5.001379827456899768e-02 3.028692864736809778e-02 2.271925216522041255e-02 5.597180121014322385e-02 4.448517601320241266e-02 4.282206150573920900e-02 4.223883172483899884e-02 2.422573693602134148e-02 2.948647715473133590e-02 1.613656877388018607e-02 3.606057278342551797e-02 1.851778112356008282e-02 1.873223062451609064e-02 1.525573528673630080e-02 1.801926459704789041e-02 4.915051967433086040e-03 1.244425628083884600e-02 2.090263096469431939e-02 4.305131297055733719e-02 1.599161672434182280e-02 2.090184709435069163e-02 1.513079279526313020e-02 1.821260934126729333e-02 7.635247413547381623e-03 1.336267095868943870e-02 2.936057110377920942e-02 2.184225683123590389e-02 2.296156816843081261e-02 1.631820726745749489e-02 2.378453685996366820e-02 8.853892222159757963e-03 1.298613027522331834e-02 1.357329524095803562e-02 1.448791122890093035e-02 2.553347632068114423e-02 2.273488706088853603e-02 2.084835067227750610e-02
2.069997060805263966e-01 1.000000000000000000e+00 1.126656697100795190e-01 1.673418155588622946e-01 6.863167274377011962e-02 5.405779834707109127e-02 1.657894075003382151e-01 1.046071538217360763e-01 1.926996573484064390e-01 2.016054882216049005e-01 1.410573438526810386e-01 1.538432499648332008e-01 1.458170597652069800e-01 1.200915938052242171e-01 1.555315686325325353e-01 1.418974306288825482e-01 1.706206602987029586e-01 1.680721509509739697e-01 1.651403840501885767e-01 1.515470281994298340e-01 1.205795700242920099e-01 1.609968595664987012e-01 2.389905017763772066e-01 1.788148721995341528e-01 1.828480268823993726e-01 1.978564250342564057e-01 1.771846718812110921e-01 1.838163115489389599e-01 2.067503078622560941e-01 2.013422159464449412e-01 1.754616127947326853e-01 1.893372047939932690e-01 1.627226373091824607e-01 1.751253468036787775e-01 1.732009185491852066e-01 1.357751363849016846e-01 1.621068748806938631e-01 1.742074287677639610e-01 1.611797869308010389e-01 1.403266490100842090e-01 1.604287056540488199e-01 1.568330816759710145e-01 1.438912608556436601e-01 1.664945773710173604e-01 1.445657978538970878e-01 1.564650093897904937e-01 1.409671193733436634e-01 1.555641469712456815e-01 1.545688069001003861e-01 1.556209828696275554e-01 1.516849276260230361e-01 1.050605241788288846e-01 1.202190394579639166e-01 1.554546779306499038e-01 1.580375817596696708e-01 1.763850299654569631e-01 1.355265783482472453e-01 1.542767054415641881e-01 1.503013614924320618e-01 1.512769001268851887e-01 1.356225063673420494e-01 1.435490682125545037e-01 1.345227132575834705e-01 1.563344155067037666e-01 1.460037420904044259e-01 1.482018197985328078e-01 1.549769531812517087e-01 1.610636093385606760e-01 1.770004345723872607e-01 1.575640387536695608e-01 1.535553879646396336e-01 1.584429634590414637e-01 1.678169024090478689e-01 1.720605651325473884e-01 1.676141575098054060e-01 1.681463152395973881e-01 1.617220594697345026e-01 1.718845197413426951e-01 1.710718850156565662e-01 1.729531243582334288e-01 1.668979811477276642e-01 1.536720723382025700e-01 1.719469804069055363e-01 1.696834501391492056e-01 1.596440591201435388e-01 1.631716467166049178e-01 1.517842931944578810e-01 1.583624850559030017e-01 1.470335888582399997e-01 1.639658914254353561e-01 1.526672042105217397e-01 1.484714374502076328e-01 1.443096321325894049e-01 1.521825575357008686e-01 1.417779216742329207e-01 1.468470570754794868e-01 1.347529088703171285e-01 1.461650188967874853e-01 1.433903213952426592e-01 1.454827328755105842e-01 1.389823698236991589e-01 1.347486063080314544e-01 1.345450646741845335e-01 1.422614975710235485e-01 1.407015493777438453e-01 1.391110656109608157e-01 1.454518247223306748e-01 1.496569363585181223e-01 1.532858891897272147e-01 1.444328392047839194e-01 1.447239051765361884e-01 1.435948470924043596e-01 1.443893719988744162e-01 1.476700535881101117e-01 1.443483817394343172e-01 1.408273705461920156e-01
9.956758768873549825e-02 1.126656697100795190e-01 1.000000000000000000e+00 2.624937465577701357e-01 1.217695700296256706e-01 1.198962289077619980e-01 2.101039471736108055e-01 1.922285728746795097e-01 2.426428923165805385e-01 2.094021710454208041e-01 2.442641975510550512e-01 2.551601509223122566e-01 2.265174016366189869e-01 2.232930212403291537e-01 2.405292987634792268e-01 2.332407147477855713e-01 2.605035725158680315e-01 2.660148151097646019e-01 2.739962698191527601e-01 2.592412362553908611e-01 2.284530224946680343e-01 2.626089626418672274e-01 2.828804977499215778e-01 2.652846006255579203e-01 2.613556256482669760e-01 2.733169440674302342e-01 2.393394309852975577e-01 2.684274424673234738e-01 2.594049050477636453e-01 2.797096392264716846e-01 2.734664326053905525e-01 2.787909933413147967e-01 2.518415376130863081e-01 2.692823210204514650e-01 2.589286243059611969e-01 2.516534352682571751e-01 2.672803588906315642e-01 2.485913859433864781e-01 2.512640517340222202e-01 2.368988564313678491e-01 2.517353353547307493e-01 2.464400952885636431e-01 2.323483804651891582e-01 2.453317645603289576e-01 2.568230698635858844e-01 2.361070518867618151e-01 2.409692478423465234e-01 2.495886269410194924e-01 2.451437593554309513e-01 2.495430600897251827e-01 2.449549224573436268e-01 2.366090607067404539e-01 2.409607202649991786e-01 2.439482072733132612e-01 2.371681982390530241e-01 2.575863207954971479e-01 2.275907624104141769e-01 2.319793265430475371e-01 2.359649160756127906e-01 2.451317584676802608e-01 2.396341055872408810e-01 2.377686349078075301e-01 2.168933288390657022e-01 2.472058264870415079e-01 2.510517778857764837e-01 2.493091541209440931e-01 2.555420618436758384e-01 2.683200021717151995e-01 2.763040481751691257e-01 2.707980490005126861e-01 2.657497573073858699e-01 2.667096547586128019e-01 2.774118328243960208e-01 2.768331604735864149e-01 2.606916897272519296e-01 2.655969984427462016e-01 2.607205557282513131e-01 2.610878091042781457e-01 2.601652120714331162e-01 2.745458970607447258e-01 2.649675025048192079e-01 2.633819772905198198e-01 2.691494296431111710e-01 2.650611224984949499e-01 2.635739091131018008e-01 2.682005895063895862e-01 2.618800401514028708e-01 2.575348544565833619e-01 2.523536956629897077e-01 2.532229448598539157e-01 2.580935789220178966e-01 2.538149606636094791e-01 2.548623413228202628e-01 2.512256411528436817e-01 2.468505124122563621e-01 2.471550860811909944e-01 2.445985176627770707e-01 2.500235750165204496e-01 2.431529224742490780e-01 2.525181384599790579e-01 2.484377023433970988e-01 2.405968895225140125e-01 2.404546280165757999e-01 2.434274548397604709e-01 2.533160595431069306e-01 2.385941338016686064e-01 2.526346049781579284e-01 2.460617378824612456e-01 2.485400961794683450e-01 2.416061365650221116e-01 2.424685216061023552e-01 2.443928860913807954e-01 2.425596294292027555e-01 2.490257841725725951e-01 2.481267012727630394e-01 2.457758845452606977e-01
1.394459974266589741e-01 1.673418155588622946e-01 2.624937465577701357e-01 1.000000000000000000e+00 2.301198576156792130e-01 2.687129348170877452e-01 4.415988719483741054e-01 3.919510033978477193e-01 4.373221217692503382e-01 4.080094675083907885e-01 4.155238947666755056e-01 4.952955412509654209e-01 4.233900475069059532e-01 4.019461356273801300e-01 4.865526813382984317e-01 4.597012967897426972e-01 4.563598230049835669e-01 4.662429204853757447e-01 4.941077436667770106e-01 4.497512749368346996e-01 4.825270337502391982e-01 5.195581496436683100e-01 4.996418893950920204e-01 4.449891530025743003e-01 5.031428664063419820e-01 5.146943341478367184e-01 5.058797596257753604e-01 5.085515897967263221e-01 4.788797747435388219e-01 5.057798362829687422e-01 5.161294495664123794e-01 4.990828210549649868e-01 4.761543489588803135e-01 5.002986141633348760e-01 4.668338018680530110e-01 4.932850898246018967e-01 5.005316338520259256e-01 4.947314151384772929e-01 4.996730138795926757e-01 5.053271308859204058e-01 4.882700594049355636e-01 4.920679592862720608e-01 4.869102329275981633e-01 5.001906233712150041e-01 5.094740389147514037e-01 4.845106195567888130e-01 4.547573955817907909e-01 4.665340909292742810e-01 4.778695622732000992e-01 5.120628525487314064e-01 4.905929507837100689e-01 5.048092025082016043e-01 4.840295297177786837e-01 4.622384206699201581e-01 4.718510667720943186e-01 4.967169950210607587e-01 4.647336416380492552e-01 4.622340173273560837e-01 4.657128484408500357e-01 4.678977635898822762e-01 4.703249731675682166e-01 4.554887430038569440e-01 4.614115881582596668e-01 4.752749291748237792e-01 4.866343082891574912e-01 4.745406341871974409e-01 4.761158345889199839e-01 4.843214819824560591e-01 4.844046397599797715e-01 4.942504174511913595e-01 5.032398102231648851e-01 4.987517047876440790e-01 4.877771684312823819e-01 4.974704841568520775e-01 4.880011616252037943e-01 4.880375358808293762e-01 4.844606230165404148e-01 4.781340732702241136e-01 4.895257203990406869e-01 4.803338443594672436e-01 4.795085578833143125e-01 4.804579805898545053e-01 4.966509104313414635e-01 4.771958570051679782e-01 4.966984928336123928e-01 4.898150340435892258e-01 4.824612358383386645e-01 4.854692610942194508e-01 4.757387956721849109e-01 4.830752994083205576e-01 4.880105009224659507e-01 4.762872911522167962e-01 4.824238762801978941e-01 4.805069611206392866e-01 4.604813840017973336e-01 4.583315367759569492e-01 4.867895111340801440e-01 4.956622807148796106e-01 4.689294366639928380e-01 4.862527991268807970e-01 4.830735115430827564e-01 4.765145406540694517e-01 4.773053511982632835e-01 4.764468636502692256e-01 4.957654153448861623e-01 4.732803590432216878e-01 4.716813301430977101e-01 4.600533881832148397e-01 4.694370191802127446e-01 4.614080345200013422e-01 4.682745076993923838e-01 4.633298045209999771e-01 4.675353253807575382e-01 4.773037078628085128e-01 4.770066171780010245e-01 4.723511253678284727e-01
3.094458400709817689e-02 6.863167274377011962e-02 1.217695700296256706e-01 2.301198576156792130e-01 1.000000000000000000e+00 2.004491309668579579e-01 3.288874715738344667e-01 3.317200822152679418e-01 3.420680787620843932e-01 3.081797963362760129e-01 3.064652318761961758e-01 3.536934394257862380e-01 3.616399229848629160e-01 3.262474294705328681e-01 3.881122728908522612e-01 3.708564380968829566e-01 3.095432414687889211e-01 3.179441219788335382e-01 3.180342733074124073e-01 3.023305130535851037e-01 3.324829580891384140e-01 3.418437916110889652e-01 3.191522754481246893e-01 2.976503813206330396e-01 3.395292784339482006e-01 3.872677389901910683e-01 3.702859049256023716e-01 3.775607990274348902e-01 3.756228946646242295e-01 3.493218546757685949e-01 3.958712274358734406e-01 3.721602563339337366e-01 3.523690593970183471e-01 3.524143531133022145e-01 3.524813514140806014e-01 3.502251513015263162e-01 3.733821860111585234e-01 3.746285920389196278e-01 3.823058751732468230e-01 3.833399409430355287e-01 3.814918154420214313e-01 3.883297933720070705e-01 3.980715600825214806e-01 3.955193676276019810e-01 3.908334309112059812e-01 3.954116875867940140e-01 3.747119944934976243e-01 3.786507111991381791e-01 3.827819017956526904e-01 3.748742220436783179e-01 3.801777012593000049e-01 3.811088235331342999e-01 3.869312076876044171e-01 3.759647319761796891e-01 3.792102594809423910e-01 3.862129396228534128e-01 3.453022664326488300e-01 3.760101740986239727e-01 3.699731083636838003e-01 3.806512918615080343e-01 3.850839362754355233e-01 3.592467481718812361e-01 3.598573856643206836e-01 3.706482564892808473e-01 3.726537033911780927e-01 3.633674409778774872e-01 3.812163067015867934e-01 3.833779919146794724e-01 3.774450143907295274e-01 3.818397855778024597e-01 3.911890804273381317e-01 3.899446190019489333e-01 3.742495839953910441e-01 3.814267714513283614e-01 3.895886247262600466e-01 3.845904846541577937e-01 3.886665024727158357e-01 3.904681528125839018e-01 3.886576956793055260e-01 3.831316232767799090e-01 3.870051496635683042e-01 3.896749327164071297e-01 3.777507721301478494e-01 3.815434561772835242e-01 3.858838653161595911e-01 3.829818915471408514e-01 3.885950670681164176e-01 3.874109515331071174e-01 3.881410001601576787e-01 3.894387934979768318e-01 3.892571313523626175e-01 3.930632063441028001e-01 3.925586360550781806e-01 3.949394396243632310e-01 3.852838575368779939e-01 3.835558324778791661e-01 3.968415400578511054e-01 3.877101217486615403e-01 3.905513877454432348e-01 3.953703723567148498e-01 4.003137367657614853e-01 3.892025539103045051e-01 3.895786712919360184e-01 3.948088826616323876e-01 3.965861395373073139e-01 3.819162690611022648e-01 3.844980771685037602e-01 3.846973732218317843e-01 3.875337083062889154e-01 3.843221680663571060e-01 3.879957738080680452e-01 3.828270020661991291e-01 3.844927900091555939e-01 3.853023088996538337e-01 3.792567214114730967e-01 3.834675064063129968e-01
3.406970890712377603e-02 5.405779834707109127e-02 1.198962289077619980e-01 2.687129348170877452e-01 2.004491309668579579e-01 1.000000000000000000e+00 4.049959095230035167e-01 3.584475205800963793e-01 4.351455788908211164e-01 3.812006124514349947e-01 4.076516268149934508e-01 4.457936382536570319e-01 4.154478441175288861e-01 4.202418045940342073e-01 4.753120529064879807e-01 4.694038495267086608e-01 4.442976812276744347e-01 3.711037380598976032e-01 3.717657520651421188e-01 3.571438412261048190e-01 3.814105824442415305e-01 4.147189389951509431e-01 3.910742582466052997e-01 3.384142504855341960e-01 3.756175608858570159e-01 4.737272790214835383e-01 4.701570695756236429e-01 4.745188338443608878e-01 4.593230487237482396e-01 4.522551440882179308e-01 4.961443840275316375e-01 4.686828399865151096e-01 4.443695822154607455e-01 4.326380896421992972e-01 4.359798435734089650e-01 4.391122560372421879e-01 4.751242959079978734e-01 4.764635134839564912e-01 4.863907074759493687e-01 4.740750860938203748e-01 4.910164601627802772e-01 4.817394518933868497e-01 4.792033156029962271e-01 4.869254247132445701e-01 4.784660121360446161e-01 4.910819397209414405e-01 4.938428757124004864e-01 4.958146827395721878e-01 4.967416866459296587e-01 4.693668003688916124e-01 4.887999682626724129e-01 4.672295692658512967e-01 4.857601402480418717e-01 4.967315074119157958e-01 4.917491071319690654e-01 4.856244435769283552e-01 4.774356500275347970e-01 4.904231379153721204e-01 4.961624813057705641e-01 4.974064634138171681e-01 4.972072763179782307e-01 4.934250990975984630e-01 4.836328059714872785e-01 4.905343489149454062e-01 4.878674102782191158e-01 4.919050406451637714e-01 4.953747178422325259e-01 4.864406025755190210e-01 4.861583543922990969e-01 4.877816268236618291e-01 4.815354047008705285e-01 4.888478121827463663e-01 4.669487007110403320e-01 4.728120912637798767e-01 4.970983047866314175e-01 4.997478562907730071e-01 4.964905045042103393e-01 4.987759425638116917e-01 4.970630106807570892e-01 4.906115032984315061e-01 4.964156687426355408e-01 4.997670720521869003e-01 4.938300146690135506e-01 4.900805063951170215e-01 4.853424191355461548e-01 4.829842603530455358e-01 4.943021508479240600e-01 4.954522834853979374e-01 4.973362311843914640e-01 4.933471398464339130e-01 4.930015860911548531e-01 4.963793266795670234e-01 4.970897874784393489e-01 4.996559973588023396e-01 4.980129460243970518e-01 4.997346695660402904e-01 4.850436522774467241e-01 4.877103174681182707e-01 4.952495465279333486e-01 4.936878900762290412e-01 4.913713824802055097e-01 4.942966279036744015e-01 4.977988261610334364e-01 4.970999804642178277e-01 4.950321870041147765e-01 4.934683638739830736e-01 4.974205681714765626e-01 4.983992609868310164e-01 5.004924405491878447e-01 4.998680814268546824e-01 4.968892937729653125e-01 4.996175281296619253e-01 4.980854445957557108e-01 4.950808533661089639e-01 4.959424325862138438e-01 4.994684003182366383e-01
8.011011378361379554e-02 1.657894075003382151e-01 2.101039471736108055e-01 4.415988719483741054e-01 3.288874715738344667e-01 4.049959095230035167e-01 1.000000000000000000e+00 5.889102954162411807e-01 6.523011591839285028e-01 5.786843421568762524e-01 6.043842102565512020e-01 6.969693683278073149e-01 6.445191898486211102e-01 6.163229086661987655e-01 7.571908154606581398e-01 7.075539662150724940e-01 6.541513442167067316e-01 6.039914403228103801e-01 6.202400668318976962e-01 5.848692918313337374e-01 6.110054287841967247e-01 6.474253954993426374e-01 6.438997367734879962e-01 5.576457057467031353e-01 6.077429588496054969e-01 7.235710908870730540e-01 7.086923878480297923e-01 7.105374255880383405e-01 7.103007280513513599e-01 6.962460365361956560e-01 7.518739489287021849e-01 7.323124683821423675e-01 7.001160621982558396e-01 7.159263885669121530e-01 6.815831075024038066e-01 7.051736931327889923e-01 7.229784053567500646e-01 7.389544429465285669e-01 7.498921881145742541e-01 7.406234541112883818e-01 7.272340274958917217e-01 7.372578215376307531e-01 7.358959403121748677e-01 7.495337229502020415e-01 7.416715965769489216e-01 7.349350059978010385e-01 7.280864961701609683e-01 7.284519802726235893e-01 7.358220924702524313e-01 7.469900883611166886e-01 7.555913513788207192e-01 7.150686440262133958e-01 7.226744408669826258e-01 7.200074017558870665e-01 7.231687403352270449e-01 7.426639160072097123e-01 7.056324981158696996e-01 7.266896006376813988e-01 7.343743687764500150e-01 7.227644594598229277e-01 7.340767877229119609e-01 7.168822560686963774e-01 7.127516964229729801e-01 7.280442038237248115e-01 7.274015312638346664e-01 7.133284345093064971e-01 7.364264441753162194e-01 7.314633792507274634e-01 7.346228409020899575e-01 7.351670347727902177e-01 7.377820679176695373e-01 7.376532960731799760e-01 7.126584541589144894e-01 7.235033819047580472e-01 7.427138868118045023e-01 7.386345804091545286e-01 7.385117716348539307e-01 7.356670054912756163e-01 7.427011443760549447e-01 7.367089657453571583e-01 7.412326608192365551e-01 7.453838251478596133e-01 7.488079727299441490e-01 7.401348642724939753e-01 7.549970995747188329e-01 7.459589928715859575e-01 7.470055043196585087e-01 7.507049466320373510e-01 7.473107209589744393e-01 7.435465462429323713e-01 7.454470195693784218e-01 7.425656408396675845e-01 7.488973199667878777e-01 7.463392325210944644e-01 7.346807486636867113e-01 7.321801470303055392e-01 7.519766188096141946e-01 7.439295400357118782e-01 7.394154287464363984e-01 7.544550881997621472e-01 7.475414325167955010e-01 7.467172544629667730e-01 7.405678341218685512e-01 7.455349721955315534e-01 7.496319375806822505e-01 7.328742506154407588e-01 7.399020651184554653e-01 7.315638718225225823e-01 7.348286269101337309e-01 7.338766619667096425e-01 7.415405995353475666e-01 7.342710326992099024e-01 7.383962092597191607e-01 7.423579041692971447e-01 7.395782323367227074e-01 7.299803327321175983e-01
4.848348840622190847e-02 1.046071538217360763e-01 1.922285728746795097e-01 3.919510033978477193e-01 3.317200822152679418e-01 3.584475205800963793e-01 5.889102954162411807e-01 1.000000000000000000e+00 5.885319445354958434e-01 5.363504967419907565e-01 5.643802891404051669e-01 6.518748321743926821e-01 6.065303856476468303e-01 5.978397149483276607e-01 6.971215961369257030e-01 6.791237616664217436e-01 6.206376362330022767e-01 5.581525968148445260e-01 5.674323891495508532e-01 5.520587166647261679e-01 5.928370549376155152e-01 6.239438626594243642e-01 5.829122687439223238e-01 4.991207617069746694e-01 5.640550054925329571e-01 6.751492391895002054e-01 6.563425105812288329e-01 6.615350777532330584e-01 6.411855844804867921e-01 6.424716380419488448e-01 6.939272492521605384e-01 6.633427958696308524e-01 6.407952912809219415e-01 6.444666344720529905e-01 6.361218922837572620e-01 6.510629666876244226e-01 6.677248164721202306e-01 7.025317870604401715e-01 6.946188313313352847e-01 6.957310430181368188e-01 6.774070206827543794e-01 6.916323837681956910e-01 6.986673403703995699e-01 7.075825107460381735e-01 6.915993270502310830e-01 6.866833081903140901e-01 6.732544143061655051e-01 6.784790919145318178e-01 6.924054597697686386e-01 7.062674042127760066e-01 7.087034453776024367e-01 7.012086712848963899e-01 6.887155409492036195e-01 6.774153877417598002e-01 6.947175598136752228e-01 6.924656502082876530e-01 6.820842039237285936e-01 6.861499194916774735e-01 6.915975788682332537e-01 6.801432465798875615e-01 6.966095773992733164e-01 6.797976414618976948e-01 6.929365364505856162e-01 6.854000562502832183e-01 6.901082671972016414e-01 6.770224103348709832e-01 6.758371086635032166e-01 6.709267357898667239e-01 6.640595108254047085e-01 6.800787202021135736e-01 6.861576611389453850e-01 6.856172352776518375e-01 6.518866636880306098e-01 6.630982683659235599e-01 6.851950773259490868e-01 6.834456971427794736e-01 6.808919674387439169e-01 6.750778541299677915e-01 6.795811994871414630e-01 6.723817674878836970e-01 6.798233883737986316e-01 6.824920229673885341e-01 6.813728242213046293e-01 6.744934653897463050e-01 6.867357680684373911e-01 6.766341748667412670e-01 6.812153325650521785e-01 6.875316239397974982e-01 6.825123902615153337e-01 6.852039928199746832e-01 6.833662496377852502e-01 6.845761405339045869e-01 6.860406961853063867e-01 6.881064247789725474e-01 6.788980179316419505e-01 6.773048032498781845e-01 7.004171404607656415e-01 6.956716914373757277e-01 6.870399608991585305e-01 6.935084517718936858e-01 6.930104787603368344e-01 6.987944597967311600e-01 6.935876807110290532e-01 6.926169601292525568e-01 6.984987366694495048e-01 6.909564045836039670e-01 6.826328233083773789e-01 6.761641355800969144e-01 6.829733746506415626e-01 6.800602645893146780e-01 6.856357688563147201e-01 6.816140133723332939e-01 6.883318755184445470e-01 6.876082902110280948e-01 6.838547882663282840e-01 6.854378723849571253e-01
1.124781966057643856e-01 1.926996573484064390e-01 2.426428923165805385e-01 4.373221217692503382e-01 3.420680787620843932e-01 4.351455788908211164e-01 6.523011591839285028e-01 5.885319445354958434e-01 1.000000000000000000e+00 7.030394366227721292e-01 6.985951461164284781e-01 7.825158459488390505e-01 6.978542018572384542e-01 7.244016555671322077e-01 8.131584671505759365e-01 7.842286690162535434e-01 7.681806865956202213e-01 6.470338747487229814e-01 6.601387820624233793e-01 6.327946522216059133e-01 6.298973894357460246e-01 6.956446395173028208e-01 7.217009561062369682e-01 6.057285619458234738e-01 6.576626993175356262e-01 8.191263066557135097e-01 8.018523220719404598e-01 8.070111214327952975e-01 8.086075325941536329e-01 7.840951740629775735e-01 8.416035399051504662e-01 8.224221439238661446e-01 7.625414007786488479e-01 7.717596395956962674e-01 7.753997381511592568e-01 7.571605342826092100e-01 8.144406747120881418e-01 8.231177446043105306e-01 8.313498480714383021e-01 7.999030130822503137e-01 8.365159224103539959e-01 8.278788033809456604e-01 8.183277008353946336e-01 8.377095378376717694e-01 8.206316872771963755e-01 8.386657785370323914e-01 8.431936200231389122e-01 8.559627972091577996e-01 8.448421805731662904e-01 8.165704046915001069e-01 8.336916570373260615e-01 7.952606585000014938e-01 8.229770175888985184e-01 8.522898708808608337e-01 8.410005702429996788e-01 8.424351734037118788e-01 8.254768233098399577e-01 8.443207827009135968e-01 8.425205920920255664e-01 8.535466140765117782e-01 8.426397539976184792e-01 8.435231637887200540e-01 8.242180389669518936e-01 8.489237024477446214e-01 8.476697622112493447e-01 8.484994718085058230e-01 8.519368772712585525e-01 8.344989503565758415e-01 8.474397144160390472e-01 8.356049259678782759e-01 8.231785527668639135e-01 8.371981610370053950e-01 8.115851768415875966e-01 8.209353380427825142e-01 8.530436312424480860e-01 8.505620305572708650e-01 8.458445683960307271e-01 8.523053856414484208e-01 8.492511756349242491e-01 8.518704443312754560e-01 8.456073473601046775e-01 8.499427486444469659e-01 8.530102528608035639e-01 8.494990412368192967e-01 8.360040907112248343e-01 8.355511271593307754e-01 8.427867543454893307e-01 8.469934562537281275e-01 8.463531127278901556e-01 8.485239801898570855e-01 8.410840601303709585e-01 8.481446014836437897e-01 8.444620744924182798e-01 8.474514843345626325e-01 8.466228473176599101e-01 8.500929485878865322e-01 8.317473832053121630e-01 8.389284594154693409e-01 8.464164612369999841e-01 8.436317214989266233e-01 8.411106477504952661e-01 8.428347741219780476e-01 8.401059576702885057e-01 8.459626390268689677e-01 8.442548179168992695e-01 8.450645336008058006e-01 8.514799884401131891e-01 8.502521924210459936e-01 8.518988715544424384e-01 8.483410531918614828e-01 8.483394259579151164e-01 8.523843088294694725e-01 8.490752750295615936e-01 8.524972416173302037e-01 8.521689712919912063e-01 8.509724292450306926e-01
1.071639281684451522e-01 2.016054882216049005e-01 2.094021710454208041e-01 4.080094675083907885e-01 3.081797963362760129e-01 3.812006124514349947e-01 5.786843421568762524e-01 5.363504967419907565e-01 7.030394366227721292e-01 1.000000000000000000e+00 6.279470051368308825e-01 7.104084753349665382e-01 6.061205548956718481e-01 6.531010324382098275e-01 7.258189462685480375e-01 6.921378171932183188e-01 6.772473817955301234e-01 5.736006881254493983e-01 5.753969328264767480e-01 5.612406912650026447e-01 5.479928554835172827e-01 6.253359397772226824e-01 6.545406197056972131e-01 5.409723258421410552e-01 6.079639286471392179e-01 7.397058864445058557e-01 7.243588528814672856e-01 7.375048923081998220e-01 7.422119702421318133e-01 7.201579493255123587e-01 7.529617554123801959e-01 7.402932156663750707e-01 6.969135795572938274e-01 6.889439898279023922e-01 7.038510594577068735e-01 6.801485392553227038e-01 7.184496946422977981e-01 7.437935304771254863e-01 7.502421159355753266e-01 7.184415654904210413e-01 7.531606349449422311e-01 7.404671356240777325e-01 7.167514664082544895e-01 7.509981490583552688e-01 7.267977261441451731e-01 7.525247962133340129e-01 7.521914324359271209e-01 7.628806852514612435e-01 7.591963032227947439e-01 7.339769292404019208e-01 7.430098278848933369e-01 7.071126635389211046e-01 7.304591401793775196e-01 7.687579666229644726e-01 7.655246330706289015e-01 7.663958354325548505e-01 7.454227072708977664e-01 7.568069974712799963e-01 7.560287448571892943e-01 7.597082533106923607e-01 7.537207166349453313e-01 7.578161737347244298e-01 7.386309322652480081e-01 7.574770592248900591e-01 7.510667913583159994e-01 7.591677698283233466e-01 7.553750722538021822e-01 7.413751715702425749e-01 7.599775402352226816e-01 7.419683974751971611e-01 7.312833793862292264e-01 7.459245904323946741e-01 7.194235491893783419e-01 7.330873129815923539e-01 7.643025198721881130e-01 7.618903931587432954e-01 7.608357905451448300e-01 7.657327068035897355e-01 7.637595935920853396e-01 7.639507163129034550e-01 7.602541120090635651e-01 7.548025027315178326e-01 7.626843581171464104e-01 7.636844031228697816e-01 7.430971848255757406e-01 7.426195855444134297e-01 7.500828761391162836e-01 7.545608671284167457e-01 7.524238083614509520e-01 7.592531774295397939e-01 7.507837118699288714e-01 7.566059728004902452e-01 7.463513156766851120e-01 7.541976733371418273e-01 7.500192143264127198e-01 7.558004783694747264e-01 7.351218158430040672e-01 7.467026185023316609e-01 7.538586512836916720e-01 7.483938180105080828e-01 7.430058883889221200e-01 7.476022884573153560e-01 7.439219786358057807e-01 7.509139525888750555e-01 7.489400532139242062e-01 7.540730422995347570e-01 7.570460780904711973e-01 7.560507620760198444e-01 7.625270180212624371e-01 7.535319043074650835e-01 7.546185259341525731e-01 7.572753161771274000e-01 7.562123545845382822e-01 7.565680859464726238e-01 7.564882751131408734e-01 7.562218528792035155e-01
3.940592787485304449e-02 1.410573438526810386e-01 2.442641975510550512e-01 4.155238947666755056e-01 3.064652318761961758e-01 4.076516268149934508e-01 6.043842102565512020e-01 5.643802891404051669e-01 6.985951461164284781e-01 6.279470051368308825e-01 1.000000000000000000e+00 7.522850126678823912e-01 6.614737555371564826e-01 6.749690310175852082e-01 7.498170328359272663e-01 7.327053371924141523e-01 7.010229342413022424e-01 6.276217391290787040e-01 6.373017602271914273e-01 6.020341469941999923e-01 5.973549482328665006e-01 6.718818326090183479e-01 6.713820897347725358e-01 5.857886851847101672e-01 6.311284283670637318e-01 7.594157653116886397e-01 7.407109956677927487e-01 7.458481858975019030e-01 7.255469903046730673e-01 7.335970234310369431e-01 7.996530932273381298e-01 7.743008260878732063e-01 7.212797748797086239e-01 7.340588111108783398e-01 7.260929659410574333e-01 7.175015668707841465e-01 7.613234315565655663e-01 7.662857841607165765e-01 7.792790458532116160e-01 7.519975108576711920e-01 7.876786294736618510e-01 7.789336339860648550e-01 7.619446327619444626e-01 7.855203560135521901e-01 7.818488774290439647e-01 7.835674090566359107e-01 7.923679166046104783e-01 7.993925068169244197e-01 7.936782283903403012e-01 7.621616103472471648e-01 7.809598969354653031e-01 7.382509496415147199e-01 7.685392427398894943e-01 7.932445697513722527e-01 7.811270878718200583e-01 7.890156150752996034e-01 7.612052644014628555e-01 7.894755829398367730e-01 7.903416330353326691e-01 7.927636740082455447e-01 7.910993387478277850e-01 7.851827873832001314e-01 7.673773086201464144e-01 7.903700209989383829e-01 7.843581070289218360e-01 7.798369378999877588e-01 7.999854966872743667e-01 7.929694908724880253e-01 7.965713404665678565e-01 7.901549236868016246e-01 7.878631616606835975e-01 7.966494117904333594e-01 7.712577411069145850e-01 7.788656423328410572e-01 8.017390148426190022e-01 7.988421039636343091e-01 7.964092895194553323e-01 7.909672065301441846e-01 7.934206649541818424e-01 7.994609665470553406e-01 7.990396798451575577e-01 8.038363542497214409e-01 7.986703733014962614e-01 7.966648113561829447e-01 7.895942061141892898e-01 7.918726956871554590e-01 8.004482502541606648e-01 7.975201778911759076e-01 7.990180666022793643e-01 7.988148771275069837e-01 7.960812741106347845e-01 8.015797806222720867e-01 7.988946915343028143e-01 7.993144777785494703e-01 8.003578154208982331e-01 8.013372694804150598e-01 7.834955143382283937e-01 7.816607869343819015e-01 7.972974999458418699e-01 7.984713217110317451e-01 7.946518741952891540e-01 7.919595766293905381e-01 7.896403840385022299e-01 7.972910176733978282e-01 7.936839446176910950e-01 7.874722959493706265e-01 8.006280593999297590e-01 8.008876390211259189e-01 8.001578206892253631e-01 7.992735153927685854e-01 7.986192111104184477e-01 8.001274184178458482e-01 7.996854590416803132e-01 7.990571944318092257e-01 7.986453384802019162e-01 7.925490881312998726e-01
3.684219762876594223e-02 1.538432499648332008e-01 2.551601509223122566e-01 4.952955412509654209e-01 3.536934394257862380e-01 4.457936382536570319e-01 6.969693683278073149e-01 6.518748321743926821e-01 7.825158459488390505e-01 7.104084753349665382e-01 7.522850126678823912e-01 1.000000000000000000e+00 7.484196387757032776e-01 7.603018666703862394e-01 8.589911454625593912e-01 8.402425835185480807e-01 7.933641948393366228e-01 7.038807475119035484e-01 7.160460883442715252e-01 6.713254916866012723e-01 7.156669942825196751e-01 7.805527072160698410e-01 7.504164794534486926e-01 6.508142592223320477e-01 7.148559968630970873e-01 8.560487492574569979e-01 8.390572539017328024e-01 8.380932991301333068e-01 8.266645220122451621e-01 8.187309444672289382e-01 8.930436623987675349e-01 8.672352364520713452e-01 8.151227158232557946e-01 8.305163520920755271e-01 8.131478674165880660e-01 8.243128966909657462e-01 8.548807984660298231e-01 8.778219729547549477e-01 8.830005311256141631e-01 8.639962539704434397e-01 8.832013767274494720e-01 8.807119392245637002e-01 8.721302158527058923e-01 8.937710950764835571e-01 8.815048474577346083e-01 8.880528570967016755e-01 8.917803504771000256e-01 8.970395867121615519e-01 9.000558873957555939e-01 8.817761884936833328e-01 8.936398923174905251e-01 8.634793438956324119e-01 8.798502238314848123e-01 8.916185491959797149e-01 8.881950664794188155e-01 8.898904111464169819e-01 8.774390703382203283e-01 8.924887369723458752e-01 8.939421692703535260e-01 8.966839545808056311e-01 8.970618012346647241e-01 8.906894535200460261e-01 8.801009579994610865e-01 8.955119587468575171e-01 8.912227182823379001e-01 8.900246127717954536e-01 8.981861306638574405e-01 8.874347236979182041e-01 8.870418593098214899e-01 8.874435287390276539e-01 8.911247663982605483e-01 8.983636424890910632e-01 8.599300718446020175e-01 8.733118009331345410e-01 8.981418607128974774e-01 8.956430588946464599e-01 8.929929811384978988e-01 8.879899604619537756e-01 8.911480183016742274e-01 8.899757045060259220e-01 8.897101300698641024e-01 8.993632272533924610e-01 8.982491220892212525e-01 8.900300157118715694e-01 8.878807284863845517e-01 8.885747250042728140e-01 8.944183528642880576e-01 8.965267819334880040e-01 8.963135312408754274e-01 8.961854505246575897e-01 8.941412854134993538e-01 8.983507817673008766e-01 8.975100346216355884e-01 8.983429605588110212e-01 8.968499947271475481e-01 8.973284937240448844e-01 8.944803036993875800e-01 8.947480850922246987e-01 8.982344686854140114e-01 8.987246407306076490e-01 8.962076334639955677e-01 8.991614958663666224e-01 8.972040098769162864e-01 9.011773685375039644e-01 9.023241151762758649e-01 8.971637113873434100e-01 9.008031504483240415e-01 8.950378855322593807e-01 8.971862189181870617e-01 8.968458551317356475e-01 8.983527217729375680e-01 8.991895931767553973e-01 8.995427192361215019e-01 9.015261215911177795e-01 9.010070938345323688e-01 8.988532016108591316e-01
3.010109561201577619e-02 1.458170597652069800e-01 2.265174016366189869e-01 4.233900475069059532e-01 3.616399229848629160e-01 4.154478441175288861e-01 6.445191898486211102e-01 6.065303856476468303e-01 6.978542018572384542e-01 6.061205548956718481e-01 6.614737555371564826e-01 7.484196387757032776e-01 1.000000000000000000e+00 6.845168847939844259e-01 7.832575865464498355e-01 7.701238557707728027e-01 7.041230251259888995e-01 6.517103859912504182e-01 6.628923477920353191e-01 5.917512511582803114e-01 6.299586134536137028e-01 7.048459469433718816e-01 6.805242900845488441e-01 6.139095145120642139e-01 6.683598664179289939e-01 7.749119123857151070e-01 7.662701198569367156e-01 7.663770368425940616e-01 7.467341306131731749e-01 7.367091307399086242e-01 8.048806833640685943e-01 7.763722142942357518e-01 7.273781065862018336e-01 7.447034361641790001e-01 7.261474459907092394e-01 7.219232009122346083e-01 7.745281997513290273e-01 7.761059588301696399e-01 7.916318357701275232e-01 7.771669949167567815e-01 8.034836257047188735e-01 8.011799033565332184e-01 7.919938909965952289e-01 8.119519106988952739e-01 8.039958415760709576e-01 8.019977534618413229e-01 7.995827073455507028e-01 8.063541633912091333e-01 8.027679009219024220e-01 7.734394905314359026e-01 7.955565496091122624e-01 7.783674825125325158e-01 7.955895166117458173e-01 7.978369473506875531e-01 7.918034697654308118e-01 8.028134856068341874e-01 7.598350099151652826e-01 7.991376184239555869e-01 7.939517290256522530e-01 8.042043132794334248e-01 8.048753658345872974e-01 7.830708495633792454e-01 7.711281391247950534e-01 7.878945336385891896e-01 7.943842402021317195e-01 7.866134552146674119e-01 8.075635246575775250e-01 8.070008462741001809e-01 8.047396352998046343e-01 7.976010415026215661e-01 8.071629274512188701e-01 8.147376048921748382e-01 7.863363725821189698e-01 8.010553887327359623e-01 8.132318431771460299e-01 8.093295561614025635e-01 8.124495837719021285e-01 8.063477948426637232e-01 8.123230156149314762e-01 8.098743346608650029e-01 8.121463934642576543e-01 8.159402052299872254e-01 8.079331418771523721e-01 8.025834358069238172e-01 8.075336246561791720e-01 8.067035965727777924e-01 8.097924553701001393e-01 8.129444519485398146e-01 8.135984939963789575e-01 8.128516606573588099e-01 8.128509989953887072e-01 8.153161448364345532e-01 8.166494390756392496e-01 8.172092322031145883e-01 8.125947287615041814e-01 8.098881150447752031e-01 8.075068490215038253e-01 7.999319349866192974e-01 8.095254987102366018e-01 8.164005853769779053e-01 8.150497819049388193e-01 8.099341038282005245e-01 8.108544060253464192e-01 8.171181523119646073e-01 8.150530196623692047e-01 8.010875411735488560e-01 8.098674017082641008e-01 8.106718087834910991e-01 8.115974546467226158e-01 8.094584202912242787e-01 8.114751581908000722e-01 8.106961378172400368e-01 8.085134669213220882e-01 8.091523772914116508e-01 8.079086952270551070e-01 8.072543703404729820e-01
