1.000000000000000000e+00 8.915742567874493374e-02 9.310449063695525052e-02 7.843903745271794958e-02 6.191669768899042692e-02 -1.836652724886118915e-02 3.833979654267874199e-03 3.445792542282494902e-02 1.860495398245111676e-01 6.815391658090003135e-02 1.066936989743760139e-02 1.752050122215435476e-02 4.958812198318192366e-02 -5.125790902877825315e-03 6.050273370725636063e-03 4.203302605396311287e-02 9.195493312533098429e-02 2.249654510076856337e-02 2.754854856151878889e-02 6.509164207464293583e-02 6.527585201244408275e-02 5.739562826417140586e-03 5.971000558829898941e-02 4.304846445923012251e-03 -2.868819897479220164e-03 3.076590232464746291e-02 1.734589109372655300e-02 -3.009523417022235553e-02 5.796435397562465369e-02 2.454340382583059324e-02 4.105948528504912987e-02 1.913715348223256688e-02 -4.515989704853189818e-02 1.671877392314120164e-02 3.539501529325117610e-03 -2.030140057208508486e-02 -9.686038860442702444e-03 -7.000507694465882801e-03 -1.503398776858480383e-02 -7.216113959580543191e-02 6.899454805214976470e-03 -3.997946398117172007e-02 -3.467991051433221006e-02 -2.770169574224451252e-03 -2.016215031873776643e-03 -3.518848394965109865e-03 2.048222235503767072e-02 3.064170523466007781e-02 2.598123771675994037e-02 -2.879019608060166130e-02 -1.867335147358829481e-02 1.752055280006159857e-02 5.635723682643430099e-02 5.796785572725423469e-02 3.314750011771594451e-02 -3.247830571936684806e-03 8.682452184170225129e-02 3.034879334564136166e-02 2.741038004356022295e-02 7.269494892975719713e-02 2.404014266672599778e-02 7.038187177413596229e-02 3.303760857704606674e-02 6.505483911951641385e-02 9.358143767548744718e-02 7.476393596723253376e-02 2.261674048710209800e-02 6.659560344382232065e-03 2.031941149207564315e-02 1.361237328849423597e-02 4.308823201788431745e-06 8.270999827320853551e-03 7.303278318525141879e-03 -1.161311702565392782e-02 1.498778268152752002e-02 8.587247915158907965e-03 -1.162767676769943873e-02 3.058810590996429227e-02 5.381248237955544092e-03 2.898165448969070718e-02 1.815001027332803496e-02 1.823372760460573866e-02 3.420192481160287679e-02 6.474263525938853299e-03 1.031561460805783354e-03 1.099176397141957834e-02 -1.963389441838095037e-03 -3.683507306827801375e-03 -4.299426651222819883e-03 1.935614407427991429e-02 -2.870953111735640578e-02 -1.295699970578391425e-02 -6.070927317966046989e-03 -1.261643300012096035e-02 6.600060617092495634e-03 1.813557018877555438e-02 -1.664848560617872980e-02 4.733568414496566040e-02 1.319097088314929306e-02 -6.562518654297358305e-03 -1.869807385668786903e-02 1.923265582044076175e-02 2.643284388914749275e-02 1.489101847236871208e-03 1.346649698224456314e-02 6.554142698545444012e-02 3.599908761702853149e-02 1.883141279007271435e-02 2.048988347288552628e-02 2.471086468219568441e-02 6.860828721781487248e-03 4.289420818182851369e-02 3.999866273106640613e-02 3.909723371891705990e-02 4.135614399185705281e-02 4.969513891563792640e-02
8.915742567874493374e-02 1.000000000000000000e+00 1.144376945282689767e-01 1.176986367059704164e-01 5.352284893494687473e-02 8.028384648532572998e-02 1.291502973039500013e-01 1.387501839550683014e-01 1.864473949516262663e-01 1.816446237334905789e-01 1.541693976937696109e-01 1.454291088263546805e-01 1.471449664340712948e-01 1.345016266647993397e-01 1.486951482133553881e-01 1.597696452387166455e-01 1.626322784546506417e-01 1.586596429695218413e-01 1.612466236330227509e-01 1.884331753569801482e-01 1.697555265951473380e-01 1.630143248315819304e-01 2.105579129695891727e-01 1.928394803672774382e-01 1.691771256526310718e-01 1.881436614757013848e-01 1.447927731034050480e-01 1.309435785610319203e-01 1.864640813632300609e-01 2.080050306020612139e-01 2.102905284557994858e-01 1.810698194509385572e-01 1.132505382340782130e-01 1.922434557702249192e-01 1.629335008689009046e-01 1.021272106037451194e-01 1.503731485141577284e-01 1.640419480590460666e-01 1.505466702594814576e-01 1.105966518106088758e-01 1.508394223233964215e-01 1.219689991800413931e-01 1.285177576863547333e-01 1.455526434363053345e-01 1.601290100816484263e-01 1.596836417222382565e-01 1.595454584320887548e-01 1.718862610840476701e-01 1.784635628891149683e-01 1.242968161942651917e-01 1.370000596544724836e-01 9.115682932244419112e-02 1.618319222042708949e-01 1.806066919079697686e-01 1.760858118786405302e-01 1.624800638938724284e-01 1.695524946835043345e-01 1.585722827660336898e-01 1.812680173900855229e-01 1.797082997217769873e-01 1.506027239815762031e-01 1.915739932647676502e-01 1.559745553768467352e-01 1.711514408118996189e-01 1.660264794758941620e-01 1.654690812236780106e-01 1.602968237188666656e-01 1.586174990756016312e-01 1.775494735376638433e-01 1.711221438179358068e-01 1.578396885188689258e-01 1.633272586371536106e-01 1.773261270627277397e-01 1.613575362331505225e-01 1.674618754475476201e-01 1.588275424417444071e-01 1.532032962986435431e-01 1.755318669202600435e-01 1.739510153118022651e-01 1.888093966576637472e-01 1.720961536282062387e-01 1.746662101317265070e-01 1.686674476585707239e-01 1.679021497583918221e-01 1.577983363871161560e-01 1.745315919784175551e-01 1.546234823294650451e-01 1.554132718222495935e-01 1.591629906028152464e-01 1.617832970447968255e-01 1.396948184043339536e-01 1.453003835609659455e-01 1.505461551426917344e-01 1.486428823386977405e-01 1.522979576727607198e-01 1.645010764978539763e-01 1.291144868015270675e-01 1.500622516253886096e-01 1.461984375605538955e-01 1.384180245003902576e-01 1.324978815962113143e-01 1.473175868091870233e-01 1.555009616672501094e-01 1.392853380938192387e-01 1.369110416588216195e-01 1.694518154511410191e-01 1.685812258585859813e-01 1.632504529747329236e-01 1.687888497573611368e-01 1.600858070601991479e-01 1.645573902304674485e-01 1.655691317386243644e-01 1.709901742025589366e-01 1.526790177577837249e-01 1.522908744243748613e-01 1.583487682198113367e-01
9.310449063695525052e-02 1.144376945282689767e-01 1.000000000000000000e+00 3.746597835215546013e-01 2.165478173033562881e-01 2.477354713215691173e-01 3.487147968637371864e-01 3.745764388329531069e-01 3.307886698273247439e-01 3.454158894012586689e-01 3.765153445642235863e-01 3.766840093736818496e-01 3.374437882127941934e-01 3.322693395813924311e-01 3.874365709996015483e-01 3.728457342962508414e-01 3.533937508009444284e-01 3.897139154402391448e-01 3.811152435464056354e-01 3.671303056358240502e-01 4.005331667259529049e-01 3.932326149049599762e-01 3.913081612252603536e-01 4.028854233419955078e-01 3.964766125077405778e-01 4.054594874581621822e-01 3.982879809291210438e-01 3.978390686330738890e-01 3.932653967842239529e-01 4.048249001122158353e-01 4.140631492266834690e-01 4.147496031925245186e-01 3.740825972472012206e-01 4.108308572453794327e-01 3.719504159496066498e-01 3.863402890012053170e-01 4.017661509266509112e-01 4.066513209704836762e-01 4.059987290249374436e-01 3.955189499233081052e-01 4.019385274710888800e-01 3.944206668968240348e-01 3.813266863894256842e-01 3.934012919243884965e-01 4.030646882859593716e-01 3.884217611847932128e-01 3.820563000219804328e-01 3.819766480544847798e-01 3.840038464885491831e-01 3.919791985158102010e-01 3.898936257361817481e-01 3.819304575060831208e-01 3.858165321420339300e-01 3.688611376254480323e-01 3.718907979541036801e-01 4.024643843111255781e-01 3.691760327046189616e-01 3.851694783117515231e-01 3.768659693798724897e-01 3.727068226392918904e-01 3.853254775921071684e-01 3.665300177014095273e-01 3.756947356135674765e-01 3.776366829606370712e-01 3.746400005043668546e-01 3.812949367663469036e-01 3.850663828500719976e-01 3.925196509124323496e-01 4.042711843601280997e-01 3.998698936532336656e-01 3.958046573267959833e-01 3.938501082185418833e-01 4.018373425279193056e-01 3.937236517264952051e-01 3.981669160543242492e-01 3.912254020507984764e-01 3.928632527354088411e-01 3.957247290226795777e-01 4.005420395798475197e-01 3.964006569590620144e-01 4.016878757645542253e-01 4.015206323472097494e-01 4.010718908370045632e-01 3.927414274311741837e-01 3.994985033675665376e-01 4.042848631710306839e-01 4.048670875036076700e-01 3.987183091390309464e-01 3.971954668961303336e-01 4.012293739079932364e-01 4.003626486112237259e-01 3.920820092827106973e-01 3.979224391057700205e-01 3.930552404493098950e-01 3.810640793203606824e-01 3.794038500093571686e-01 3.968031510760112179e-01 3.824590022960837055e-01 3.896274901220480036e-01 3.923797524124733593e-01 3.940458385574817091e-01 3.899169637047666392e-01 3.839025212105199314e-01 3.876753372707535394e-01 3.936189232986090358e-01 3.825894436169609003e-01 3.842072892970828102e-01 3.794738998788934059e-01 3.851622691322872383e-01 3.815082148251371930e-01 3.884519817649306761e-01 3.787519694574269513e-01 3.832191841655845921e-01 3.881269735320602154e-01 3.828941531308884261e-01 3.811291984756720597e-01
7.843903745271794958e-02 1.176986367059704164e-01 3.746597835215546013e-01 1.000000000000000000e+00 3.527450775323047738e-01 3.933349547614077291e-01 5.749914019304377399e-01 5.847545098794577623e-01 5.559222129406450330e-01 5.292863358057060541e-01 6.073342850513339108e-01 6.383137639750927628e-01 5.795312231798975811e-01 5.509768506675366551e-01 6.362794198360691711e-01 6.168371604427010935e-01 5.650470144100270264e-01 5.899332989519732173e-01 5.991325460352020515e-01 5.301827296449903582e-01 6.128414807300356371e-01 5.802250933580380687e-01 5.808572301702542573e-01 5.703766768865458081e-01 5.873124852200590773e-01 6.311017782559453781e-01 6.245808648894299875e-01 6.235876015312993292e-01 5.787052044458586009e-01 6.290097659741357150e-01 6.345223361026184339e-01 6.426976069216099319e-01 5.901134713822154820e-01 6.254257905578464172e-01 6.042671597361247704e-01 6.288100937924183675e-01 6.419826632296731228e-01 6.502188460731248565e-01 6.508759574847529095e-01 6.431575672484016737e-01 6.342316879119961337e-01 6.455707308771823083e-01 6.386914957605526189e-01 6.553309369091503411e-01 6.549420452964859196e-01 6.429345777540520501e-01 6.304221441371856693e-01 6.277648750728553884e-01 6.268603452764165418e-01 6.318744173779649032e-01 6.386622954834131338e-01 6.424172012224179662e-01 6.383285806408232066e-01 6.072956410347761791e-01 6.109226775783397345e-01 6.518214722920709914e-01 6.244610827950222154e-01 6.321797017784105410e-01 6.179658019417276771e-01 6.188650231755195019e-01 6.403334296059520758e-01 6.048324214169656932e-01 6.335784572636727896e-01 6.324329211076722412e-01 6.222723865511904373e-01 6.386862562722174230e-01 6.303377464521369156e-01 6.334549360736171364e-01 6.406062246881961686e-01 6.369116712226107202e-01 6.297278845350264831e-01 6.298388400844258106e-01 6.331769553877664158e-01 6.194180246157979797e-01 6.400210315922540971e-01 6.388200668326735610e-01 6.352488473832110794e-01 6.248006758358315427e-01 6.344656034598680217e-01 6.322572818620468826e-01 6.376993123402833197e-01 6.380834242022179748e-01 6.481879815982425352e-01 6.466433051457507464e-01 6.478805497998547658e-01 6.461865160822427567e-01 6.548860337754676131e-01 6.505779087728735810e-01 6.516933907746806920e-01 6.527945302753794810e-01 6.499954531184651829e-01 6.430095714458372580e-01 6.477200850333616478e-01 6.451869033666010056e-01 6.314608980413480843e-01 6.266716697625859256e-01 6.551651529391981921e-01 6.395759043879445382e-01 6.462962183362359614e-01 6.443118021148196428e-01 6.532824875340458304e-01 6.477256878067279011e-01 6.382268634500121163e-01 6.439082511215372673e-01 6.486866870993617251e-01 6.394156864052500389e-01 6.341875944562349598e-01 6.263873832955818566e-01 6.340702314193991107e-01 6.358479178096626550e-01 6.355686318041370297e-01 6.300059011866959713e-01 6.309575179757004326e-01 6.460612451761902353e-01 6.306419661603611670e-01 6.347914263194016637e-01
6.191669768899042692e-02 5.352284893494687473e-02 2.165478173033562881e-01 3.527450775323047738e-01 1.000000000000000000e+00 2.851696997103166376e-01 4.449861370419127549e-01 4.496220299939711063e-01 4.134143004722871662e-01 4.126192720790515800e-01 4.255463481687037919e-01 4.648537072271600734e-01 4.921617599074817884e-01 4.297342468433652529e-01 4.977745706766222855e-01 4.802599985268599103e-01 4.035319268511964874e-01 4.289881946920862665e-01 4.341953093310718659e-01 3.643564667671884694e-01 4.361392270245902369e-01 4.102930325951252843e-01 4.031811912216862193e-01 3.985452900316062697e-01 4.140147496836646956e-01 4.598443871071958289e-01 4.445420337517506093e-01 4.615409723021073329e-01 4.277493537981097438e-01 4.183836777597453316e-01 4.465946882733225487e-01 4.486059595478943951e-01 3.944271241931939787e-01 4.189138472848044636e-01 3.932254321596420632e-01 4.153998259739946075e-01 4.385807013806130028e-01 4.537879113588751401e-01 4.530527001706072809e-01 4.405180162352343998e-01 4.705023652224137320e-01 4.794729543254506732e-01 4.587779186868249925e-01 4.790373378781184743e-01 4.712374336186900270e-01 4.609055399043417989e-01 4.660740164851417400e-01 4.627683498433685094e-01 4.486867378806024820e-01 4.287231222798938979e-01 4.466174501103531980e-01 4.736980485722733225e-01 4.647890964723232488e-01 4.503213077610355164e-01 4.425167881207066056e-01 4.566849539119937074e-01 4.281329754631998941e-01 4.676501630785243613e-01 4.364289057132632599e-01 4.691613023815398575e-01 4.661094419988759396e-01 4.336336395209982597e-01 4.462834167627516280e-01 4.531611720897296136e-01 4.634760565137094335e-01 4.660903265585906730e-01 4.732544809496895821e-01 4.713930345878901695e-01 4.696037445647680553e-01 4.706579267699058100e-01 4.661530228325898029e-01 4.669775264776147017e-01 4.660627920564591742e-01 4.570483553231408647e-01 4.744029164926732434e-01 4.710580902526928515e-01 4.730016069825397351e-01 4.647186224112556108e-01 4.718585761642985488e-01 4.590490397245929888e-01 4.657086306138487619e-01 4.683987084840280368e-01 4.659419594170959300e-01 4.592366687232803391e-01 4.613468410815723120e-01 4.625187863951557565e-01 4.664926962925590170e-01 4.701386709089525051e-01 4.714723709320433609e-01 4.712102000935711188e-01 4.763735973108516042e-01 4.811497197024965922e-01 4.730628495692988933e-01 4.751360997510612472e-01 4.720469165284462698e-01 4.679386350478845769e-01 4.555926652762907758e-01 4.524757817931190917e-01 4.678781595315664732e-01 4.707170391777417695e-01 4.820678880981322245e-01 4.580724585173789332e-01 4.745301788467518600e-01 4.818641546032797485e-01 4.734032906686899689e-01 4.461806217553002107e-01 4.639134181922347500e-01 4.689478284449093981e-01 4.668339879971690198e-01 4.736784911399666842e-01 4.632408943948302937e-01 4.745123627451078852e-01 4.563094745968084287e-01 4.655861145017901048e-01 4.699191208753409899e-01 4.701590899149301062e-01
-1.836652724886118915e-02 8.028384648532572998e-02 2.477354713215691173e-01 3.933349547614077291e-01 2.851696997103166376e-01 1.000000000000000000e+00 5.127281445495305290e-01 4.660970122056764531e-01 4.878619978611404839e-01 4.609600196436915986e-01 5.376130685032742829e-01 5.590042842596960604e-01 5.210993957721684611e-01 5.174889545461099916e-01 5.779717166700159003e-01 5.486099060044593578e-01 5.027024115499628687e-01 5.275511821851637251e-01 5.508984486591118612e-01 4.340416811735949842e-01 5.277078009800179048e-01 5.472639563294174891e-01 4.924819104000970893e-01 5.106574412163535914e-01 5.428864835284580304e-01 5.522059457703097918e-01 5.631123757868838897e-01 5.705916688434996553e-01 5.277935988572803883e-01 5.536606274180445597e-01 5.669493050708958037e-01 5.542486814003407813e-01 5.267822726853990112e-01 5.214133398272117192e-01 5.353963589646860699e-01 5.273552890998729481e-01 5.689969128973881851e-01 5.644905815502471169e-01 5.808418621533530946e-01 5.664174916889204159e-01 5.841258568258480555e-01 5.855484560071178013e-01 5.757666622897352759e-01 5.922992551573236231e-01 5.887383437366899841e-01 5.899898895498451035e-01 5.830112470202203356e-01 5.854559265500554055e-01 5.735139029551309386e-01 5.355420509693367137e-01 5.573987807198318434e-01 5.551628825418561952e-01 5.697977991595757352e-01 5.730684770235591197e-01 5.693034289016616345e-01 5.779642509844580278e-01 5.435282654787220169e-01 5.771723884656997372e-01 5.654860745471128602e-01 5.707460306549835272e-01 5.768991499623973285e-01 5.550643065051882319e-01 5.699829463337601210e-01 5.652130996920242678e-01 5.609778187560965357e-01 5.680605854067191096e-01 5.876979246468184703e-01 5.907005779436264037e-01 5.811030423723032579e-01 5.881662763628793256e-01 5.944501891684010886e-01 5.921687011870531148e-01 5.837367108800761706e-01 5.918320009349171684e-01 5.873791195677117161e-01 5.864910283200197583e-01 5.932531638121075757e-01 5.810435584775354156e-01 5.902380428126816625e-01 5.805087058329344574e-01 5.837680064576238337e-01 5.882555026637897866e-01 5.792320127370498284e-01 5.825322713275926656e-01 5.762619743201320421e-01 5.790482917342492097e-01 5.892127778472017186e-01 5.911048468560742286e-01 5.923288191667789304e-01 5.872514631231565696e-01 5.908499562277518269e-01 5.937447824962616139e-01 5.929085016298909494e-01 5.975478168313542726e-01 5.864898496515382753e-01 5.873019100632245193e-01 5.806164219349350120e-01 5.646641196248108896e-01 5.787956775165645773e-01 5.836763038177026353e-01 5.918601076286345020e-01 5.816370760580069632e-01 5.834633780710061224e-01 5.908991083636165875e-01 5.867625976804614618e-01 5.641764175785248803e-01 5.794935184924748794e-01 5.888535839833655139e-01 5.875821671997566442e-01 5.844658802984725732e-01 5.886395116926892435e-01 5.830956110046755514e-01 5.792335221262667755e-01 5.811663873422451276e-01 5.816553381802122002e-01 5.798254010901772171e-01
3.833979654267874199e-03 1.291502973039500013e-01 3.487147968637371864e-01 5.749914019304377399e-01 4.449861370419127549e-01 5.127281445495305290e-01 1.000000000000000000e+00 7.023607177007034075e-01 6.488361373678455113e-01 6.385837011032202692e-01 7.283148021455708720e-01 7.669111776061048324e-01 7.115825551928726123e-01 7.115484591021163929e-01 8.423389156842541192e-01 7.685651583900449113e-01 6.655115951466815671e-01 7.124532549722186747e-01 7.400245202915440856e-01 5.927145989361536360e-01 7.318327830218880337e-01 7.323453706838081168e-01 6.768266989181187521e-01 6.775567675733945583e-01 7.299658823454413525e-01 7.584266631947773618e-01 7.674110485401202109e-01 8.000887224013041310e-01 7.229955077168835897e-01 7.542157978057156820e-01 7.753959178038999367e-01 7.629034340479663445e-01 7.448910346701491658e-01 7.190741507979904190e-01 7.236796357787342870e-01 7.419173763889239659e-01 7.857620298234826439e-01 7.838877038049376633e-01 7.982843861671007346e-01 7.826969713085910607e-01 7.868666554379994960e-01 8.167188507139473419e-01 7.911659642672315140e-01 8.088540835091467818e-01 7.873525911209573458e-01 8.052758971571741808e-01 7.768005625899636613e-01 7.759875643906979370e-01 7.607289883707665235e-01 7.578642516176656851e-01 7.788165688564065992e-01 7.658206246054235500e-01 7.627733555250526543e-01 7.492561876546114386e-01 7.403675659812790633e-01 7.770440491380349313e-01 7.235769404345293587e-01 7.733698194134991377e-01 7.497161677658450429e-01 7.516783020395890746e-01 7.731388285342950528e-01 7.248432721522156674e-01 7.553883968831374141e-01 7.577656266169927601e-01 7.516131443283375901e-01 7.541665227244371827e-01 7.797124452466017708e-01 7.852124730854270762e-01 7.760473154818499086e-01 7.863212125085766724e-01 7.919566101117354595e-01 7.862634231996652456e-01 7.760914217174973428e-01 7.831787056341454889e-01 7.894742194236290533e-01 7.893416487503019940e-01 8.069465218272532381e-01 7.786676366885655343e-01 7.948650340509825218e-01 7.720071279073310588e-01 7.877312592399489111e-01 7.872397326420761399e-01 7.823517740098517859e-01 7.930489615328003561e-01 7.780305968230577518e-01 7.793857045945787876e-01 8.000805697059660826e-01 7.945635272165391116e-01 7.987599669682167169e-01 7.898921663902008783e-01 8.127257906650768859e-01 8.050422420447627125e-01 7.992797983604570389e-01 8.081471376749227442e-01 7.807015641881647205e-01 7.766926099271930228e-01 7.862605045755609590e-01 7.613996362834015708e-01 7.765446063741708871e-01 7.924605384858087742e-01 8.061245312716953659e-01 7.789862600830641526e-01 7.807132238904458399e-01 7.919420797194897110e-01 7.871170573495119838e-01 7.484218614641660050e-01 7.677424454910699581e-01 7.786948890998639516e-01 7.772648675285015463e-01 7.764929792808611397e-01 7.793060171811065917e-01 7.721836473892578212e-01 7.623030555475115433e-01 7.794512649975248175e-01 7.722091064531694249e-01 7.690543954320260278e-01
3.445792542282494902e-02 1.387501839550683014e-01 3.745764388329531069e-01 5.847545098794577623e-01 4.496220299939711063e-01 4.660970122056764531e-01 7.023607177007034075e-01 1.000000000000000000e+00 6.731167091658391000e-01 6.324738043737870852e-01 7.151758152723695083e-01 7.764623169010776982e-01 7.096420998332562124e-01 6.919451454792617806e-01 7.875585752389019367e-01 8.007848195259917867e-01 6.810035521667163749e-01 6.751184741751302676e-01 7.117004790712991857e-01 5.708834520157660686e-01 6.992988478136302755e-01 6.867290630636251336e-01 6.620554901532164083e-01 6.393883117359954182e-01 6.751726740001573468e-01 7.247179813956291516e-01 7.332124785987911286e-01 7.215373623410595849e-01 6.859624934761070492e-01 7.204758367946670905e-01 7.498938951358138372e-01 7.522917035786247375e-01 6.955956474141941070e-01 7.109932825424865044e-01 7.181611821032516385e-01 7.203141550345760757e-01 7.429961751445518514e-01 7.780031128728773782e-01 7.741704102488039529e-01 7.436358665443053573e-01 7.667302820845136591e-01 7.708690324285701889e-01 7.617683261187535582e-01 7.905817247052929764e-01 7.687470718297280126e-01 7.757290097502846926e-01 7.706414521151939701e-01 7.718727930048208119e-01 7.706892365653557064e-01 7.576289255897854513e-01 7.709228191346251258e-01 7.495904323337144737e-01 7.677296295963181860e-01 7.637898765028017234e-01 7.625244081504420901e-01 7.721275919864541981e-01 7.707314854925341185e-01 7.821809910312819136e-01 7.671905195265569244e-01 7.574442701485956109e-01 7.852948717302271620e-01 7.578255603251501382e-01 7.815581951361558755e-01 7.800144471752029629e-01 7.631612480440286284e-01 7.713492082972623898e-01 7.711878869905074430e-01 7.726352914903393820e-01 7.672239566766777541e-01 7.688979261900963369e-01 7.652497728995371062e-01 7.657051059402789628e-01 7.599195392000456240e-01 7.478858949380108312e-01 7.715089864823643229e-01 7.716080745097497751e-01 7.685558049879466225e-01 7.608718675744420290e-01 7.637149296349459160e-01 7.646772291638065377e-01 7.702381555719718387e-01 7.726868246305138577e-01 7.769724804142446040e-01 7.737045800685881103e-01 7.744106144922673352e-01 7.683006069147941819e-01 7.788084815438234276e-01 7.854419927713680583e-01 7.806292619870869309e-01 7.856298304532381982e-01 7.777877808043873742e-01 7.813928698838936704e-01 7.765944950299594751e-01 7.792136888550310614e-01 7.752304790053604622e-01 7.712968444449675998e-01 7.878659956683095045e-01 7.869317898025880442e-01 7.897013506318801834e-01 7.829856819929701395e-01 7.861653015723258919e-01 7.937920315703540508e-01 7.760049912501277847e-01 7.861943296703401973e-01 7.809830123796066559e-01 7.832222708332868821e-01 7.810134489807457614e-01 7.713175184543388241e-01 7.767719108019278673e-01 7.794984077969120406e-01 7.784475072838150655e-01 7.723730714344624326e-01 7.770984365352330281e-01 7.907867912045837278e-01 7.715809720700160801e-01 7.739227827997096076e-01
1.860495398245111676e-01 1.864473949516262663e-01 3.307886698273247439e-01 5.559222129406450330e-01 4.134143004722871662e-01 4.878619978611404839e-01 6.488361373678455113e-01 6.731167091658391000e-01 1.000000000000000000e+00 7.188100588985664174e-01 7.769125855828025173e-01 8.095873356801257525e-01 7.583407375271217221e-01 7.288160893131793161e-01 8.035536450120218666e-01 8.141457153983904238e-01 7.994499099461365166e-01 7.269831909420287896e-01 7.714107595480429458e-01 6.332794235418708340e-01 7.431874380250693690e-01 7.408383347797793395e-01 7.326595380874126873e-01 6.918158443251645195e-01 7.208000317496061626e-01 8.011878647837991085e-01 7.816127253307095790e-01 7.401271294138509482e-01 7.526536340450474816e-01 7.850835571970798954e-01 8.197062391012182037e-01 8.081713349947207137e-01 6.902575840317158873e-01 7.555550174002433339e-01 7.493645525747886227e-01 7.174765215024109244e-01 7.809697621291825653e-01 7.898046403987100117e-01 7.887285876277889685e-01 7.258385142220660224e-01 8.214346631221147721e-01 7.774980120446974841e-01 7.593718942151727047e-01 8.208359077437402673e-01 8.170544401508318400e-01 8.050083407606318797e-01 8.505534166668937690e-01 8.564404198945489988e-01 8.495282054401178673e-01 7.488679416066785777e-01 7.871285635473099784e-01 7.820155241691614245e-01 8.497915682381111946e-01 8.598910521463621892e-01 8.364845828263323124e-01 8.148354438829454871e-01 8.570977435744203676e-01 8.453726747659480178e-01 8.355943499147979736e-01 8.741657578972709119e-01 8.443921950863495507e-01 8.583368351540587859e-01 8.437783438036520200e-01 8.628433849017514978e-01 8.728704552162677155e-01 8.665045433202759328e-01 8.534601903802745415e-01 8.401766785082672717e-01 8.376371348186696375e-01 8.313327515525092970e-01 8.296011021385878426e-01 8.393372709927050535e-01 8.255972402022720980e-01 8.125841765910546410e-01 8.441565974622717849e-01 8.401016049248455353e-01 8.175293329555821664e-01 8.342915042413515669e-01 8.270043913600342300e-01 8.496057444854621110e-01 8.424109204141154716e-01 8.470058516182690234e-01 8.502509465907948094e-01 8.271839089277593926e-01 8.189470006578654093e-01 8.275391506974801858e-01 8.258464979083079971e-01 8.294345893169835504e-01 8.299749387102641762e-01 8.428798066776105324e-01 8.062963594403484979e-01 8.288320794567690664e-01 8.312458783545499941e-01 8.283793812660164013e-01 8.477185203618465836e-01 8.539098619715654870e-01 8.034343097191092298e-01 8.396294500977097286e-01 8.348210764710537468e-01 8.218881928892495248e-01 8.162104278905346622e-01 8.410960455830239768e-01 8.507701042579010053e-01 8.372844612641501261e-01 8.373998666845642314e-01 8.589747751785140606e-01 8.609794934390965215e-01 8.536082842447666463e-01 8.534869006287231219e-01 8.544468645725734612e-01 8.439595633452724455e-01 8.661417180430875939e-01 8.596168133102127795e-01 8.527733962598308404e-01 8.612475198851724523e-01 8.641869235926020743e-01
6.815391658090003135e-02 1.816446237334905789e-01 3.454158894012586689e-01 5.292863358057060541e-01 4.126192720790515800e-01 4.609600196436915986e-01 6.385837011032202692e-01 6.324738043737870852e-01 7.188100588985664174e-01 1.000000000000000000e+00 7.226872833684757635e-01 7.537960066471612874e-01 7.027224125365494345e-01 6.948269171886147788e-01 7.677981246545764193e-01 7.520643104024496983e-01 7.197972299872260615e-01 7.044760913986700679e-01 7.389081406709321342e-01 6.006572681234451094e-01 7.019430237281794049e-01 7.082956106634150650e-01 6.993135291586555224e-01 6.744443427182653661e-01 6.990612181732052122e-01 7.516434859524093737e-01 7.415562319808776115e-01 7.247426091284128180e-01 7.155718215318168651e-01 7.383257492967835178e-01 7.730176674287612126e-01 7.768697721722422900e-01 6.770747335221811714e-01 7.377890414749176395e-01 7.035823202018766098e-01 7.045419589872146116e-01 7.433176236817211624e-01 7.695670713636002525e-01 7.617555262531983118e-01 7.251562426022605257e-01 7.754036263910888405e-01 7.552535444978972778e-01 7.302360465016953794e-01 7.742466672059178379e-01 7.757418840493942591e-01 7.758246724123623039e-01 7.868989612629798680e-01 7.961742600712796714e-01 7.886493855524163710e-01 7.258925670105120798e-01 7.485119556255465101e-01 7.234316142701775476e-01 7.782110313176797689e-01 7.845868210323465597e-01 7.733134307838562815e-01 7.747454940272763269e-01 7.645779809820107964e-01 7.836022789332647287e-01 7.767771785136332596e-01 7.854834971913465802e-01 7.812893694297841085e-01 7.759546536986052789e-01 7.756524948207262904e-01 7.842697801805086355e-01 7.830336717355881326e-01 7.839569109073087905e-01 7.942697581302757825e-01 7.903347569904428660e-01 7.942327943944804680e-01 7.860886576044878726e-01 7.830975462824208977e-01 7.894498403168727085e-01 7.890999285661269846e-01 7.730241392816864510e-01 7.908864204547855214e-01 7.911394257265330632e-01 7.830263917596032019e-01 7.855902228833813172e-01 7.879064172664776988e-01 7.934952779162298686e-01 7.927295441414404786e-01 7.951260728567548508e-01 7.959158422073935313e-01 7.834315946577407042e-01 7.810881282896721123e-01 7.921750108740072127e-01 7.867157883819230202e-01 7.887852471832830226e-01 7.903014165591480955e-01 7.924736994615885211e-01 7.796208463806491018e-01 7.871761255096516585e-01 7.868401174010377641e-01 7.874013685081212577e-01 7.922411940084478355e-01 7.935735889055905989e-01 7.611483299405642500e-01 7.687928534646409906e-01 7.813519932162140691e-01 7.747849659183767557e-01 7.741226322108256674e-01 7.830121938446543695e-01 7.853313980197409450e-01 7.822621402519515099e-01 7.835805797854054067e-01 7.802571422714221772e-01 7.933357546054721210e-01 7.928676839659044573e-01 7.940133680452005072e-01 7.907760661868397101e-01 7.880606251623325509e-01 7.947478778406042998e-01 7.904025292525489466e-01 7.873572478527919305e-01 7.914525442485812468e-01 7.897398342592416576e-01
1.066936989743760139e-02 1.541693976937696109e-01 3.765153445642235863e-01 6.073342850513339108e-01 4.255463481687037919e-01 5.376130685032742829e-01 7.283148021455708720e-01 7.151758152723695083e-01 7.769125855828025173e-01 7.226872833684757635e-01 1.000000000000000000e+00 8.705338411341660976e-01 7.890578459372424858e-01 7.914290955606824163e-01 8.680717390570835690e-01 8.506655564442725526e-01 7.942381593322884736e-01 7.940910711123808641e-01 8.336218396305401512e-01 6.907152085879821879e-01 7.942324006414887005e-01 8.108040521464789929e-01 7.881610666210052685e-01 7.719868375971230545e-01 8.086168552824413158e-01 8.593495903237897693e-01 8.580359036040966503e-01 8.342441817834773676e-01 7.947403927010244784e-01 8.412168366754045890e-01 8.868518157233410415e-01 8.779515183736713579e-01 7.948806671025260284e-01 8.330510487020116317e-01 8.158968144823312008e-01 8.145098496619952444e-01 8.656165917689784273e-01 8.782989376992860198e-01 8.805363752624441043e-01 8.529597494482868969e-01 8.918342331530203504e-01 8.786449128833193623e-01 8.600515654543041677e-01 8.923276727460204283e-01 8.928010690583987330e-01 8.832497963063631330e-01 8.989451495566278538e-01 9.018442740746183128e-01 8.900959654252048603e-01 8.456240646129361549e-01 8.697130831801516138e-01 8.532521560326279397e-01 8.864905385399544091e-01 8.834150908898378285e-01 8.776724507669821929e-01 8.931819027329299665e-01 8.634597389879444806e-01 8.931428382570613111e-01 8.810164457638467450e-01 8.853708026916506935e-01 8.955378238572208049e-01 8.711667609998156037e-01 8.878947130380426822e-01 8.845340383988758992e-01 8.805777241751623352e-01 8.898647416031030266e-01 9.042147922839481877e-01 9.042919138414973190e-01 8.999813869270397726e-01 9.023534409297272463e-01 8.987524088772913533e-01 9.017929730611512484e-01 8.958572667197647332e-01 8.919365545491734215e-01 9.031389459154036681e-01 9.030419605317193676e-01 8.933584162982528554e-01 8.853194556030498097e-01 8.982974746643782593e-01 9.018665765304472171e-01 9.049752190972772947e-01 9.072446661574478100e-01 9.045475283283976875e-01 8.969777040422477477e-01 8.973198793900534209e-01 9.007920793801408310e-01 9.049230147120560508e-01 9.060988855907299300e-01 9.075418671814871052e-01 9.059163263224078166e-01 8.986114279584452857e-01 9.056244599806836382e-01 9.068598952456585760e-01 9.051065759212688633e-01 9.050841470761199492e-01 9.053157727184920622e-01 8.897926872769584827e-01 8.819107357355332466e-01 8.970155172637519492e-01 8.986727695085269252e-01 8.996082892716966706e-01 9.002937787209233100e-01 9.013065325183834409e-01 9.022061718669619479e-01 9.033769014575763201e-01 8.856916551848070807e-01 9.003002258674261959e-01 9.041448260546849358e-01 9.054157393124653286e-01 9.038900392891218161e-01 9.036954062592457149e-01 9.014279937551471500e-01 8.988752632776981777e-01 9.000717209760528137e-01 8.987452818033285773e-01 9.000594811030010467e-01
1.752050122215435476e-02 1.454291088263546805e-01 3.766840093736818496e-01 6.383137639750927628e-01 4.648537072271600734e-01 5.590042842596960604e-01 7.669111776061048324e-01 7.764623169010776982e-01 8.095873356801257525e-01 7.537960066471612874e-01 8.705338411341660976e-01 1.000000000000000000e+00 8.281049831609794687e-01 8.340131183085125466e-01 9.109608756927527473e-01 9.021817298068937063e-01 8.334492485345903479e-01 8.055957207234087925e-01 8.566756790198097882e-01 6.902857655774948809e-01 8.264956484209738941e-01 8.331579842256160440e-01 7.907639338033110032e-01 7.682617480880399308e-01 8.224675770119554974e-01 8.793796206960109441e-01 8.865281904128460289e-01 8.689247909442828766e-01 8.116576985061383365e-01 8.664620434739919164e-01 9.037706726083192255e-01 9.073785424699659652e-01 8.321440991213661098e-01 8.474938024097370404e-01 8.507639226904837315e-01 8.512048153215492352e-01 8.969935918543235909e-01 9.147201801396631637e-01 9.136152253684839408e-01 8.902118214255276829e-01 9.258245008797821862e-01 9.130376540093820825e-01 8.969138527120328330e-01 9.345458393327389368e-01 9.234322616237358172e-01 9.193636946899419460e-01 9.359402198720646604e-01 9.366053701001887388e-01 9.277736880608443704e-01 8.881321658106969830e-01 9.160695007553375513e-01 8.971233874086551596e-01 9.249805178970831321e-01 9.215593366624093008e-01 9.135706467716707690e-01 9.244196373673453371e-01 9.085881925920957780e-01 9.354312949641491182e-01 9.213145399368491972e-01 9.247350258981654747e-01 9.373893459230450143e-01 9.102733863255814128e-01 9.309156162086129616e-01 9.287169696970574151e-01 9.215531921131523418e-01 9.295758396855551275e-01 9.394103202980794709e-01 9.362315794706369543e-01 9.278209649342058496e-01 9.287522915652960398e-01 9.303757989402029471e-01 9.325161339768903712e-01 9.182726744211615610e-01 9.156110738779881242e-01 9.351435129452423389e-01 9.364663953118878004e-01 9.262220509410026281e-01 9.138065288492737137e-01 9.231998867795270236e-01 9.286861049832618731e-01 9.351344979578743999e-01 9.370076660391785106e-01 9.371305100227603768e-01 9.305351828493791944e-01 9.277180734668240003e-01 9.252106146072747173e-01 9.372602656037380964e-01 9.398213007334801361e-01 9.384427466488372005e-01 9.413127704705140930e-01 9.333246291080401491e-01 9.417856576148191383e-01 9.413207671339562932e-01 9.391826873521271768e-01 9.415210568942627978e-01 9.402523119994243839e-01 9.288565060540232565e-01 9.241119720621997491e-01 9.383311966964069661e-01 9.368144199607506550e-01 9.386128643768710811e-01 9.410492656803605138e-01 9.389263357622846806e-01 9.426163205116524502e-01 9.405928363003921433e-01 9.277627527255591922e-01 9.380918765170592755e-01 9.391226678508877157e-01 9.401107440945364324e-01 9.424434420976461890e-01 9.398604067085148950e-01 9.390653325773126170e-01 9.372670389716989403e-01 9.408482244610415490e-01 9.367683614485055044e-01 9.379181473266240410e-01
4.958812198318192366e-02 1.471449664340712948e-01 3.374437882127941934e-01 5.795312231798975811e-01 4.921617599074817884e-01 5.210993957721684611e-01 7.115825551928726123e-01 7.096420998332562124e-01 7.583407375271217221e-01 7.027224125365494345e-01 7.890578459372424858e-01 8.281049831609794687e-01 1.000000000000000000e+00 7.630551607762249278e-01 8.411074257767255924e-01 8.386143252216343713e-01 7.590374866769679096e-01 7.607059129090185667e-01 7.925806623024653774e-01 6.473470442243642875e-01 7.542861826660233193e-01 7.688248178769819807e-01 7.485438253960301491e-01 7.274338740142484161e-01 7.672882799228427642e-01 8.174263966160788542e-01 8.125933128390000482e-01 7.999604278506468047e-01 7.616662529861135678e-01 7.873977288779052675e-01 8.235455795282243807e-01 8.265186581284708067e-01 7.464408989326075661e-01 7.762557517042660837e-01 7.707757466540321456e-01 7.585524105572228892e-01 8.133732260617384524e-01 8.198741750525592176e-01 8.261156000955011125e-01 7.865659320129344545e-01 8.484663390208181388e-01 8.323682897955064774e-01 8.193697272600316550e-01 8.519196526181058715e-01 8.418201490076827609e-01 8.407688030545500402e-01 8.567026418587576631e-01 8.575552638082339918e-01 8.417054895315916330e-01 7.833197271636181958e-01 8.143486274698807925e-01 8.226297090667700207e-01 8.516737400075983233e-01 8.429224866701664487e-01 8.279315317210892422e-01 8.329330518493072155e-01 8.189584913641284603e-01 8.552727546744736120e-01 8.255846365994460312e-01 8.590697378808962448e-01 8.562503216186737598e-01 8.288717479351467299e-01 8.387722474738705802e-01 8.457727917761126424e-01 8.518969296122047563e-01 8.515572686728268836e-01 8.614756671944426847e-01 8.613985180328437297e-01 8.544223583051324677e-01 8.543938621970534886e-01 8.550960987358441345e-01 8.584815968920113116e-01 8.493616519290436706e-01 8.429315435764636044e-01 8.600262869063943771e-01 8.570792582357953382e-01 8.523560362642632615e-01 8.455897901001513395e-01 8.529290126596806854e-01 8.541168072340270534e-01 8.554535156245154370e-01 8.577661127524306428e-01 8.572572290531633721e-01 8.478371596330437354e-01 8.447019912299529310e-01 8.498296170791452830e-01 8.536593282600255517e-01 8.553662338213554595e-01 8.588659762767878458e-01 8.562273366715553724e-01 8.495695245052600209e-01 8.619833965749530424e-01 8.595205622920663036e-01 8.606135638982911340e-01 8.621668448191333045e-01 8.607459733890592268e-01 8.345818038490361301e-01 8.373288111581932425e-01 8.514655547516096767e-01 8.491487998969851070e-01 8.592847602924567063e-01 8.524874430484958854e-01 8.629924034097085084e-01 8.642767112799357720e-01 8.591752524919863410e-01 8.417530429538656600e-01 8.568919318299524912e-01 8.610900161888113136e-01 8.604397648457213776e-01 8.619976283816962459e-01 8.526850963284616780e-01 8.654153108291131602e-01 8.535813590917450400e-01 8.578164320789349873e-01 8.610444911747376917e-01 8.626795188285226734e-01
