1.000000000000000000e+00 6.193707952122192578e-02 3.071521166188474761e-02 3.903727338294465943e-02 2.458140233331785468e-02 7.526864789658005428e-02 2.936115545422027934e-02 3.588090354866800558e-02 1.372095889421609261e-01 1.804158458592943978e-02 2.070789029681262272e-02 2.344057538633484428e-02 1.662759236025753221e-02 5.380438052020315547e-03 3.401116815007151212e-02 2.384200585269878256e-02 6.851020207840176346e-02 1.312579955683385383e-02 -1.935030378749156134e-04 7.674799754231387272e-02 3.941541598617469971e-02 4.938058560786444395e-02 3.409714037555563321e-02 4.023820776851926018e-02 3.292914727531233432e-02 6.012802777399649939e-02 3.438202684728221270e-02 2.388766607766109121e-02 3.468380505558969762e-02 5.296786135377920535e-02 4.340640270591383104e-02 3.951133414002514638e-02 1.247456631538010688e-02 4.723358351599423605e-02 1.466513861182961592e-02 1.436734073377811394e-02 2.351185985697751973e-02 1.965932698101879351e-03 8.634642103991899825e-03 -4.844193592802639031e-02 1.981918286392263251e-02 -7.133317122670940376e-03 -2.230686892935472912e-02 -3.795163802624092891e-03 2.260650693104036303e-03 -1.875285985937627173e-02 1.078722218356602258e-02 1.735158844927910463e-02 4.217073325369810610e-02 4.443282499245872208e-02 3.024431894485976949e-02 4.491652235839872082e-02 3.506888309889946015e-02 2.174669556349893493e-02 1.774648653191385553e-02 1.320745615581205880e-02 4.976270258880542002e-02 2.029112541432877715e-03 1.632826528074236491e-02 3.730430692123843511e-02 3.538664806809720988e-03 3.229873691434738403e-02 3.490971308932745015e-02 4.755843515900791407e-02 4.936104948066374204e-02 2.976999851653062620e-02 2.671625740718870309e-02 3.688675826609035327e-03 5.305247914151761147e-03 1.931391129212259306e-02 1.581113628017839431e-02 1.228474766576442487e-02 1.628137926143254739e-03 6.892555330873529826e-03 1.651911651808641093e-02 9.191254832016319820e-03 9.807064466073624892e-03 1.450812118729170527e-02 1.292522864862522686e-02 1.678384738909350499e-02 5.806842943292185241e-03 1.486190251638852544e-02 2.554857780668937442e-02 5.490202936045939126e-03 1.682436514374164443e-02 1.554699725328417131e-02 3.524256967961344241e-04 6.759347359849678452e-03 3.125945679009611324e-03 3.012465515531965836e-03 -7.125558722872874992e-03 -3.071084950245033776e-04 -1.490862729687400696e-03 -8.251594195590570766e-03 5.680654067129697025e-03 7.347211252634128220e-03 7.771340936396730834e-03 4.842877316917337110e-02 1.310394596568376265e-02 1.509531158596523308e-02 -1.216299853123498607e-02 2.342987806466697784e-02 1.286870616160732533e-02 4.215677685883736231e-03 2.186789277790297109e-02 2.247215680299584004e-02 2.514940798484116211e-02 4.372847408025920903e-04 7.056191624962823532e-03 1.517210079722820619e-02 -5.152681729956953491e-03 2.504631358786607240e-02 1.325021776616579217e-02 2.680056011533001048e-02 2.951351313017561498e-02 2.211532847368345711e-02
6.193707952122192578e-02 1.000000000000000000e+00 -7.438901462696344063e-04 4.633427198720658363e-02 1.038657038397219901e-01 7.549783107853384745e-02 1.408476952873527754e-01 1.046129773457405571e-01 9.311582650631751445e-02 1.942743098564678750e-01 1.247429985229659422e-01 1.335284330505304429e-01 1.461434376147249248e-01 1.151384862034103285e-01 1.530036478816059198e-01 1.058973684614202271e-01 1.228736822001288836e-01 1.373844329396255448e-01 1.430990361807741584e-01 1.064250196403779825e-01 1.404102328333303729e-01 1.411704955689120633e-01 1.608783012038741689e-01 1.573466573519563816e-01 1.409248997853653484e-01 1.371521281688654059e-01 1.361437236916092919e-01 1.480768654732654843e-01 1.530448914235002789e-01 1.451333036022283973e-01 1.498226458698765085e-01 1.481945978288785604e-01 1.384559614974041342e-01 1.327625777528419759e-01 1.357676721625102056e-01 1.274867985875174081e-01 1.494820926575140818e-01 1.449778783620440659e-01 1.385409295073623259e-01 1.400276491388035283e-01 1.390514722143657844e-01 1.449682793826970184e-01 1.402646668510294792e-01 1.415647183758944327e-01 1.394770901713934808e-01 1.531690995132488908e-01 1.388539768414335240e-01 1.434779217343692126e-01 1.274646814209511869e-01 9.706220009637334112e-02 1.322696824439036078e-01 1.080284072121395628e-01 1.276302422480365684e-01 1.415720421988184985e-01 1.326650210739372393e-01 1.432584424285848756e-01 1.181673112062419650e-01 1.383881274643858905e-01 1.379874405190052999e-01 1.429419919781654003e-01 1.259545707049986585e-01 1.375317838946013560e-01 1.156926151810929865e-01 1.206046081733193887e-01 1.285551231098097935e-01 1.361227304780972813e-01 1.396380114666855299e-01 1.402319247097572330e-01 1.531510472966790548e-01 1.385422111089779085e-01 1.394315135767596192e-01 1.358451296787173135e-01 1.511399472433652968e-01 1.498698094157704663e-01 1.433738426997788196e-01 1.376548215081049853e-01 1.449663954934158339e-01 1.405236090227561241e-01 1.464965674905974458e-01 1.422030519239928514e-01 1.464593716598432960e-01 1.453393360178263372e-01 1.462307509798577987e-01 1.436304619506607039e-01 1.285784696340714350e-01 1.459132030700231453e-01 1.482443529522929626e-01 1.436941007823947514e-01 1.441265926647085083e-01 1.495367493848112350e-01 1.487947134211558553e-01 1.378743005701395796e-01 1.404357808914766526e-01 1.486299797965153213e-01 1.381599096068024113e-01 1.397103187254492840e-01 1.170354123905215510e-01 1.215572645374760480e-01 1.286604880476426849e-01 1.366246408978604165e-01 1.393811836922330682e-01 1.194286567134503346e-01 1.313776715076006851e-01 1.305984901708432400e-01 1.272626413745713558e-01 1.295902232730214432e-01 1.358505149024916148e-01 1.420379935088270096e-01 1.418068793429439756e-01 1.373975843418039910e-01 1.435976493663875531e-01 1.416359466644917797e-01 1.360289632288874395e-01 1.286634703380854505e-01 1.351007032017462473e-01 1.367618214566927448e-01
3.071521166188474761e-02 -7.438901462696344063e-04 1.000000000000000000e+00 2.214356416177537257e-01 1.371070498693166551e-01 1.633092721055169061e-01 2.387032827577263150e-01 1.811969285388675133e-01 2.461425594994510746e-01 1.930347225204859241e-01 2.742971986439187160e-01 2.696819041757619329e-01 2.572243453049144479e-01 2.254259927590680224e-01 2.852010582251209847e-01 2.615596523458054712e-01 2.588214914867423277e-01 2.642885533506025841e-01 2.677306711055241761e-01 2.660562559153686335e-01 2.771303779143952095e-01 2.807597043992453578e-01 2.785096021556645596e-01 2.911105575419412617e-01 2.979759716041119888e-01 2.917163212544552908e-01 2.980222876107019303e-01 2.956719024845861910e-01 2.732032325509358150e-01 2.880731201815222020e-01 2.906396012650970806e-01 2.992790114006563806e-01 2.878897344364760302e-01 2.939044734507791912e-01 2.802323841862888743e-01 2.905739939391492888e-01 2.968931566711713876e-01 2.960494333022506974e-01 2.930491831824015847e-01 3.114471349221562546e-01 2.983381455169513141e-01 2.901183635261506688e-01 2.937862446107736836e-01 3.054807912870169950e-01 3.049307685729966133e-01 2.917980866773410842e-01 2.870470680884940062e-01 2.952916916544218173e-01 2.883626898460814880e-01 2.808644966384157837e-01 2.971947520657527431e-01 2.800200167461533440e-01 2.863212881803853804e-01 2.835489837872829932e-01 2.834582900102396441e-01 2.952168889196355450e-01 2.708011383828821672e-01 2.915130682040945609e-01 2.844549478811858045e-01 2.815906715754695755e-01 2.893811352903985501e-01 2.720738064641635701e-01 2.757059949980453228e-01 2.740254295933398643e-01 2.880042345554146843e-01 2.765002041222682783e-01 2.924388438880798358e-01 2.895177119132910093e-01 3.016653453469865798e-01 3.077385871140289608e-01 2.937963980252455976e-01 2.979236649785871882e-01 2.979419066090301937e-01 2.994133255206568034e-01 2.952342338363334595e-01 2.928063077558837879e-01 2.994051237797639153e-01 2.946448150558656498e-01 2.925154355343242973e-01 2.948511615937942087e-01 2.971258532183961854e-01 3.032195400770320015e-01 2.969221970234225960e-01 3.016834986084626635e-01 2.962444811062373562e-01 2.977190085253336727e-01 3.040211007472053417e-01 2.986390321020787608e-01 2.990204000555142239e-01 2.936059516903058442e-01 3.000857787765824902e-01 2.973683002062045833e-01 2.992267486024441370e-01 3.008549316173362853e-01 2.920203130104422340e-01 2.921521506853484440e-01 2.876784801593337271e-01 2.777968079906334431e-01 2.910983316121950604e-01 2.977713933849320260e-01 2.968540163296182754e-01 2.866682036984387616e-01 2.858007462027195023e-01 2.995939817469249200e-01 2.939597305104853509e-01 2.774937159471823067e-01 2.879342418368180945e-01 2.932228934181003166e-01 2.953465998067295595e-01 2.929558849363282369e-01 2.943751305654495609e-01 2.870246738612961535e-01 2.852019079971087612e-01 2.845160072738222024e-01 2.921335378376851422e-01 2.860644380899526884e-01
3.903727338294465943e-02 4.633427198720658363e-02 2.214356416177537257e-01 1.000000000000000000e+00 2.764466908725696781e-01 2.682412817874836874e-01 4.009519201676209343e-01 4.017880498690728497e-01 4.309385729548790289e-01 3.802307086689376558e-01 4.580690647050885689e-01 4.825144717633635949e-01 4.255950376742814178e-01 3.996470561705298685e-01 4.823487172205004336e-01 4.868457745873555620e-01 4.545973251417968486e-01 4.562170305722267893e-01 4.537674068117475423e-01 3.584572169278203435e-01 4.796226220925570716e-01 4.965107824314686780e-01 4.480954074869831771e-01 4.432804300107176521e-01 4.656468938602996155e-01 4.911295937556798274e-01 4.743808769725820218e-01 4.771125927505383002e-01 4.673025595321664283e-01 4.671841420696071223e-01 4.799919866865086093e-01 4.907612954600302224e-01 4.728036443507202535e-01 4.876871211294557251e-01 4.646889146321384612e-01 4.854805568006114180e-01 4.780403526744352316e-01 4.923938546037192610e-01 5.004367090621952840e-01 4.738426374774670768e-01 4.975457780372817829e-01 4.976243467509548490e-01 4.725604318014646754e-01 5.007643293725080325e-01 4.963575400015035055e-01 4.969238979640810405e-01 4.947045749449152097e-01 5.027366580171527266e-01 5.049986498676778401e-01 4.908061297873335116e-01 5.071126802077904339e-01 4.914751853031558149e-01 4.923438658303241899e-01 5.051578248767542023e-01 4.976744249427123012e-01 5.027415154415316723e-01 5.035750897019577454e-01 5.054064483177952427e-01 4.996335911339657154e-01 4.996651055897736726e-01 5.034145736406051563e-01 4.995858172823845478e-01 5.032741692366948794e-01 4.968211897246111453e-01 5.022153256045409631e-01 5.018092469836176184e-01 5.023674358718307476e-01 5.039110455998248028e-01 4.972893620268408199e-01 5.045283985951193317e-01 5.095912012857494178e-01 5.073071902696298929e-01 4.983499589894505588e-01 4.975202068916951270e-01 5.060539407825427327e-01 4.980736767991347791e-01 4.991792508933828865e-01 4.994463190882615367e-01 4.990141463507788977e-01 4.964027087702575503e-01 4.999380028879535365e-01 4.994095644801904710e-01 5.057401592636584509e-01 4.953128807851086002e-01 5.027871695401038288e-01 4.980566100324697598e-01 4.979090675981118763e-01 5.024404957481235501e-01 4.998069908595310085e-01 4.982234293300958350e-01 4.986813286577211901e-01 5.023952329543160955e-01 5.057450478939592431e-01 5.016899386063626842e-01 5.044852490700719727e-01 5.034740614383274027e-01 5.038963941546742431e-01 5.044063044056438239e-01 5.065705345206534815e-01 5.053355976885872680e-01 5.001230941979656341e-01 5.072736630005322267e-01 5.034760254718492201e-01 5.090297449501358651e-01 5.074495416312769791e-01 5.034903091156575083e-01 5.078077673892686938e-01 5.017192574531262883e-01 5.048384932153923144e-01 5.053170302346284837e-01 4.984424353909437944e-01 5.050015406020436082e-01 5.054293189056190405e-01 5.077240236690345743e-01 5.113187301250592398e-01 5.028686975622888022e-01
2.458140233331785468e-02 1.038657038397219901e-01 1.371070498693166551e-01 2.764466908725696781e-01 1.000000000000000000e+00 2.333853990475976969e-01 4.013556588353812682e-01 3.445418968945745952e-01 3.420610278515038849e-01 3.281611585648567253e-01 3.428440050993163402e-01 3.862754079863703338e-01 4.043339527544559386e-01 3.274870826375007593e-01 4.238615205127416741e-01 4.249326038598015831e-01 3.654796974797119291e-01 3.942222389690329676e-01 3.778555403088697529e-01 2.925812799775820428e-01 4.076866849944564275e-01 4.089150144054791158e-01 3.859073342505023319e-01 3.685233991792514763e-01 3.803524336879284262e-01 4.116988608766549151e-01 3.929700947661060040e-01 4.051346841509268493e-01 3.922998372483070817e-01 3.874770150080921183e-01 4.039882998401606584e-01 4.198937252399885800e-01 4.025022165544215325e-01 4.116152497652712516e-01 3.939180073668931414e-01 4.195544842801866570e-01 4.011517725070884444e-01 4.216684336911328823e-01 4.210195252700955626e-01 3.945376793369502755e-01 4.136101789283456731e-01 4.065881329758453400e-01 4.226272713582426843e-01 4.230535098316303144e-01 4.014187490469263153e-01 4.191347807391831437e-01 4.123436002894159125e-01 4.163056074686364294e-01 4.112149084557099044e-01 4.023728887360422113e-01 4.096987323113820967e-01 4.146973871637302245e-01 4.076507623270494984e-01 4.106739719782693254e-01 4.122845752461976043e-01 4.156123035452475301e-01 4.099922190644658682e-01 4.212327326571907449e-01 4.067367139233081241e-01 4.267870429982775216e-01 4.223243414138001528e-01 4.098248123126493336e-01 4.047201472685538204e-01 4.226704828216532039e-01 4.263505354259600755e-01 4.251244489605494614e-01 4.179221948626788419e-01 4.165309363562714196e-01 4.140321874877223585e-01 4.107567088142853873e-01 4.216592427103338370e-01 4.189904004941342186e-01 4.082488718438146980e-01 4.156306630291389803e-01 4.216174504544853985e-01 4.199403705548078181e-01 4.212744662540252039e-01 4.177848859782467561e-01 4.156762872997284419e-01 4.165734309880280706e-01 4.193967716749050778e-01 4.186086118927864197e-01 4.225139519911736974e-01 4.219194828157526445e-01 4.234186525951785240e-01 4.204863586792059738e-01 4.198623259559310372e-01 4.226836187725899197e-01 4.238958858083534675e-01 4.190210654125932077e-01 4.162589097195239507e-01 4.215139483309432444e-01 4.162100503078565716e-01 4.216936725297228961e-01 4.180315810719131275e-01 4.176940144143921896e-01 4.186166760368956186e-01 4.180113195797752756e-01 4.230311096179709685e-01 4.187992266197700930e-01 4.291503643348199559e-01 4.190499004357415291e-01 4.191857776179639394e-01 4.273701187422622727e-01 4.257765327230373931e-01 4.209523863517156128e-01 4.212584030954946157e-01 4.172670272064025743e-01 4.211784235132323695e-01 4.208252118509171469e-01 4.136981153295196667e-01 4.227863540058496850e-01 4.204792327200296276e-01 4.266886096763373160e-01 4.242677004801586049e-01 4.245081800319477350e-01
7.526864789658005428e-02 7.549783107853384745e-02 1.633092721055169061e-01 2.682412817874836874e-01 2.333853990475976969e-01 1.000000000000000000e+00 4.598297131561867590e-01 3.997307011103128915e-01 4.442247473976589367e-01 3.598740482174740407e-01 4.215282601510429994e-01 4.496654768000741820e-01 4.345576694781377314e-01 3.828871701259143334e-01 4.950827469566854155e-01 4.614777880033221202e-01 4.515779666426432137e-01 4.444049942191085623e-01 4.556628002873720495e-01 3.528928036747979724e-01 4.484279724116234656e-01 4.613418847748796958e-01 4.622541910799253806e-01 4.618450849523238477e-01 4.580102933160147827e-01 4.663185479986347581e-01 4.669050455486239426e-01 4.688467306814031454e-01 4.664770101445629424e-01 4.764199108397912386e-01 4.857754725793909101e-01 4.911124767481921394e-01 4.594901492967845003e-01 4.869142983838324890e-01 4.658490236656667172e-01 4.672471735845478147e-01 4.777834062487062439e-01 4.826032882296091842e-01 4.962852342201028999e-01 4.535064791379735949e-01 4.868331321010900825e-01 4.864517610617754562e-01 4.759839962178572526e-01 4.889338651270585534e-01 4.850859599452360671e-01 4.910106026655647327e-01 4.898531101425294687e-01 4.926613641258064114e-01 4.838285029599154186e-01 4.627361373721411431e-01 4.813755067274912425e-01 4.681891348792649454e-01 4.702648223196855826e-01 4.841953094638913879e-01 4.819713870291478242e-01 4.875872258205652399e-01 4.697348860586911257e-01 4.875380042190834429e-01 4.786529863356862036e-01 4.852530080197129392e-01 4.863184859006938199e-01 4.746416474652223605e-01 4.740958294224720815e-01 4.760216953277455199e-01 4.862890758035697258e-01 4.838511225508269065e-01 4.932874574736992868e-01 4.897093497691884512e-01 4.941787831238941830e-01 4.828709366873588094e-01 4.928289785436004156e-01 4.919381519252341017e-01 4.908223905699461986e-01 4.900958670335764378e-01 4.883321075252719523e-01 4.904313832887403635e-01 4.911165394154424213e-01 4.851644000258888423e-01 4.945647310053070123e-01 4.929608029893615684e-01 4.937764377975821239e-01 4.959320897859205712e-01 4.994917029623607285e-01 4.943063576060712783e-01 4.933552587659326694e-01 4.989853962019259459e-01 4.940019458059497492e-01 4.976000586092535483e-01 4.991292548475794733e-01 4.860058257300796658e-01 4.853967957894476104e-01 4.929260914474020705e-01 4.905507103154278514e-01 4.971603642449998750e-01 4.885801629260181356e-01 4.913003169375815826e-01 4.856976022030836115e-01 4.836524715486172354e-01 4.921172689777839615e-01 4.922736309557186885e-01 4.941942604062730671e-01 4.868356771739595357e-01 4.862625342410434870e-01 4.960667730571336476e-01 4.947855471557220941e-01 4.905306300624653337e-01 4.914553315386616661e-01 4.918567750195455002e-01 4.904320078764815571e-01 4.919477137301586089e-01 4.914787320185571851e-01 4.931787423368672041e-01 4.917659880068209199e-01 4.981023849930492631e-01 4.916346294156312413e-01 4.923496935965486765e-01
2.936115545422027934e-02 1.408476952873527754e-01 2.387032827577263150e-01 4.009519201676209343e-01 4.013556588353812682e-01 4.598297131561867590e-01 1.000000000000000000e+00 5.754288165990866233e-01 6.151781187524092420e-01 5.333208902046954192e-01 6.370170778572199488e-01 6.784934174018946162e-01 6.470939932504909953e-01 5.783858906810792622e-01 7.628119613573566271e-01 6.960036803499570768e-01 6.406290095106998983e-01 6.761536216187121751e-01 6.704331632065183566e-01 5.154760370304337647e-01 6.596730959325932675e-01 6.957794445820627560e-01 6.730411495919716991e-01 6.629856266437390566e-01 6.715547998829861642e-01 7.043612088413218064e-01 6.929029435541927961e-01 7.033755060794245617e-01 6.874792754503294967e-01 6.879290515915086335e-01 7.107547263097778734e-01 7.241368255972236989e-01 6.734380072462520239e-01 7.034866635959623471e-01 7.000061716935699341e-01 6.893322115196505173e-01 7.035149843675763126e-01 7.224356268729034136e-01 7.308531296699255497e-01 6.973245079446053207e-01 7.264331779839480197e-01 7.282042876943322085e-01 7.166122411225387401e-01 7.382162810477872483e-01 7.219753587210174794e-01 7.438562647373747616e-01 7.341887317581139438e-01 7.371488052878988340e-01 7.185379927572597136e-01 6.901709752183068369e-01 7.228347672484790598e-01 7.021348601776208342e-01 7.066831449524946240e-01 7.299068291854957646e-01 7.295348288794695213e-01 7.344476308301749468e-01 6.990785628313683775e-01 7.391625815950140233e-01 7.254510417552278989e-01 7.293777220664112715e-01 7.339997509485031157e-01 7.056099905121619997e-01 7.065386324445838140e-01 7.074812096061815492e-01 7.288012739177284205e-01 7.231097066099714255e-01 7.387521570643257318e-01 7.394216167251639327e-01 7.378233890856298327e-01 7.257226582636630008e-01 7.329447954153267553e-01 7.355061031980044683e-01 7.304484412615515065e-01 7.277057426473292345e-01 7.371915432638505017e-01 7.397931268027081453e-01 7.358565024823499057e-01 7.295668643295583067e-01 7.411338625092124266e-01 7.367041197206795067e-01 7.333214715590889998e-01 7.383790112696054786e-01 7.386821632030077245e-01 7.375036178165050860e-01 7.374410045020954874e-01 7.378035923445949162e-01 7.362141252964332638e-01 7.466122142371934833e-01 7.474707118209279466e-01 7.378389150682947983e-01 7.422210611683972559e-01 7.441200970054313579e-01 7.380009382593349931e-01 7.479686253381151451e-01 7.385829131297257932e-01 7.402743626175258829e-01 7.316974374996525476e-01 7.208164892463825302e-01 7.414087971092032658e-01 7.383700764950698048e-01 7.453478204206602786e-01 7.298988498417838811e-01 7.316082288178592519e-01 7.433209098146135174e-01 7.385485050912468097e-01 7.280993453462368814e-01 7.370097972347902093e-01 7.418700511833451472e-01 7.426344095789730870e-01 7.419549405582496204e-01 7.394573521454987919e-01 7.375538113477737578e-01 7.351232615618066291e-01 7.343241105632096755e-01 7.374766945386491690e-01 7.334588484398850694e-01
3.588090354866800558e-02 1.046129773457405571e-01 1.811969285388675133e-01 4.017880498690728497e-01 3.445418968945745952e-01 3.997307011103128915e-01 5.754288165990866233e-01 1.000000000000000000e+00 5.880999912909915528e-01 4.978089336978980817e-01 6.046844014653030008e-01 6.489633006132689008e-01 6.080553307479691361e-01 5.371018927851388680e-01 6.812253320446477467e-01 6.961289864965446439e-01 6.041504054015817138e-01 5.994214024653409245e-01 6.170838337055624123e-01 4.565464697068501998e-01 6.379781470268038879e-01 6.530271097585224060e-01 6.068878611131780509e-01 6.111759419157359874e-01 6.363710396047582707e-01 6.470850399566593358e-01 6.298847692847018287e-01 6.348212826443559997e-01 6.376182386861292128e-01 6.260292229056950708e-01 6.605794890561472732e-01 6.678653015097119061e-01 6.198488109672439794e-01 6.587249202692148087e-01 6.288269384927457351e-01 6.589664435756069638e-01 6.545896037863946360e-01 6.819298672916501713e-01 6.823815896604112918e-01 6.470670760708276958e-01 6.761160169802689079e-01 6.840030152352654103e-01 6.591362136439921082e-01 6.960310638926185955e-01 6.823432278155442399e-01 6.852324227495998343e-01 6.897891641565622178e-01 6.880786406528567323e-01 6.899262676332189592e-01 6.757478554104540125e-01 6.989010236381146823e-01 6.756877869320389030e-01 6.777727403409886664e-01 6.840080317186146841e-01 6.862267545131726099e-01 6.877257550003946784e-01 6.839287056441812895e-01 6.919485443696843374e-01 6.928215297701322273e-01 6.864748652038783483e-01 6.904973460908105931e-01 6.812340911538761201e-01 6.936921799342232742e-01 6.916603790950720532e-01 6.920926527396141781e-01 6.880555354005662982e-01 6.891364273698725729e-01 6.831494630463365025e-01 6.796654026493720302e-01 6.828514779687718805e-01 6.958316752606177324e-01 6.923186905248743805e-01 6.785278366387099691e-01 6.842293551528240148e-01 6.887020634380012218e-01 6.804140907217783862e-01 6.858362691861813465e-01 6.828105073863266483e-01 6.857583238847252405e-01 6.807268686168568284e-01 6.859561758861745240e-01 6.833372123291464595e-01 6.943038855218257588e-01 6.796809368264958851e-01 6.859107786009617236e-01 6.877393174103819673e-01 6.833818919443539475e-01 6.971713074296046475e-01 6.938306196298449358e-01 6.889680406705539495e-01 6.847773963207361980e-01 6.952437724342087622e-01 6.925252831621637739e-01 6.914797774319351165e-01 6.910959696516290052e-01 6.924081294516404306e-01 6.932685695268036019e-01 6.941327592549300096e-01 6.982104823297713425e-01 6.949954970589282688e-01 6.963936692422296737e-01 7.015045529267891489e-01 6.931817367029766697e-01 7.018381491689898999e-01 6.985885772470991073e-01 6.979039373569005944e-01 6.968122558661424826e-01 6.920429043756960441e-01 6.950432146383080934e-01 6.970173340803765827e-01 6.946272870067233818e-01 6.936313600320737072e-01 6.982153469757474973e-01 7.011521212252642687e-01 6.963566111451506835e-01 6.944172378274354740e-01
1.372095889421609261e-01 9.311582650631751445e-02 2.461425594994510746e-01 4.309385729548790289e-01 3.420610278515038849e-01 4.442247473976589367e-01 6.151781187524092420e-01 5.880999912909915528e-01 1.000000000000000000e+00 6.380442417732588023e-01 7.091300186242376347e-01 7.528104304213441011e-01 6.860465549247739547e-01 6.188380097588729312e-01 7.826070534731258688e-01 7.440644831853542307e-01 7.819858876869747455e-01 7.301785851857496290e-01 7.456269652250669955e-01 6.063047469092456287e-01 7.423447953557529289e-01 7.936457513143275744e-01 7.488553452486841344e-01 7.364948978084614462e-01 7.559987474732541290e-01 7.914058536481429762e-01 7.803216233536698354e-01 7.569895100516957909e-01 7.638832392803999172e-01 7.721030723974628973e-01 7.936383707243209740e-01 8.158867874666001496e-01 7.562994148490902457e-01 7.957579427291644469e-01 7.806722292703313082e-01 7.537483331737440118e-01 7.766677156204184751e-01 7.945415696622177837e-01 8.034174978571693160e-01 7.449111499625405974e-01 8.148780770179512301e-01 7.926517659615155420e-01 7.607696883078085559e-01 7.954429063127936850e-01 7.992185009861291212e-01 7.823438297075995251e-01 8.302208810279975149e-01 8.367781835023333503e-01 8.344347666004243713e-01 7.949132440482076234e-01 8.250363625428298597e-01 7.941623404541054976e-01 8.089570874872247241e-01 8.326223399185298524e-01 8.234314961028038615e-01 8.192488023352286763e-01 8.272489598351391304e-01 8.217414700752524448e-01 8.223063591926677018e-01 8.370234943777937753e-01 8.251555300880598631e-01 8.181280061497659961e-01 8.188989150919323556e-01 8.271958410075361812e-01 8.361434430742139545e-01 8.272087106116037258e-01 8.347274230167689435e-01 8.274427888645249363e-01 8.237436655186091139e-01 8.208274059091918984e-01 8.260291974325278952e-01 8.318010975482450498e-01 8.162940430887946075e-01 8.145097781178789464e-01 8.326434720904458686e-01 8.284663826562433941e-01 8.202408043459076259e-01 8.236811047924149642e-01 8.202207450119910481e-01 8.274177156666423505e-01 8.229723390538009609e-01 8.258548016314689599e-01 8.322220152234760526e-01 8.234542115441337851e-01 8.223639268627580545e-01 8.286271512908172099e-01 8.135274470325983831e-01 8.264758277109250928e-01 8.220960527281867547e-01 8.210039285205623649e-01 8.125156130273220034e-01 8.260567951320529900e-01 8.249499123310191084e-01 8.168483124980714383e-01 8.322731274473281760e-01 8.330498307103093580e-01 8.201119813539227144e-01 8.294023183651356712e-01 8.321935619120546246e-01 8.317217475451175179e-01 8.128163189523822663e-01 8.284952569549761670e-01 8.244018430095989558e-01 8.261401322867696351e-01 8.299140166074036040e-01 8.267082299346683039e-01 8.372715860934319965e-01 8.294743457893493099e-01 8.297642211344284924e-01 8.361535328307130310e-01 8.190914533242455997e-01 8.368703078876633672e-01 8.295415547859699146e-01 8.329103069188849018e-01 8.372704047298386021e-01 8.308222518740315810e-01
1.804158458592943978e-02 1.942743098564678750e-01 1.930347225204859241e-01 3.802307086689376558e-01 3.281611585648567253e-01 3.598740482174740407e-01 5.333208902046954192e-01 4.978089336978980817e-01 6.380442417732588023e-01 1.000000000000000000e+00 6.301968793539168834e-01 6.811481725646270080e-01 6.211284194036682527e-01 5.773997863252301466e-01 6.979675982396572609e-01 6.454998510214714491e-01 6.519722834410881518e-01 6.323159854005847569e-01 6.454054869935729188e-01 4.996045593959319020e-01 6.376265812445641723e-01 6.772084834664108266e-01 6.730832052823633171e-01 6.521605998643176250e-01 6.473818022351043311e-01 6.868044150202198272e-01 6.901067695035166816e-01 6.813392354345063628e-01 6.831525889484858505e-01 6.890821207749424637e-01 7.200586021339454579e-01 7.168268825560341062e-01 6.761854076606428343e-01 6.871937810416861581e-01 6.916494433608554315e-01 6.705482518995803387e-01 6.988480717231491113e-01 7.123092851106014312e-01 7.164508346572421305e-01 6.801009995458682234e-01 7.220260182076986277e-01 7.179182484829831346e-01 6.848159810300898931e-01 7.103157103023444163e-01 7.187344910263200326e-01 7.164101489909667775e-01 7.337095483665457829e-01 7.427574923831596898e-01 7.252375660978129801e-01 6.697044260211459932e-01 7.195040102271935689e-01 6.770470964470928221e-01 7.029012353230756904e-01 7.310070700531068333e-01 7.203685160398000109e-01 7.285370286287007335e-01 7.042957873610521391e-01 7.264681551790174163e-01 7.224880549715990696e-01 7.337818389695875965e-01 7.227834928269329939e-01 7.165744932234310305e-01 7.037179725015325626e-01 7.108397947944387063e-01 7.212540559343698643e-01 7.265194650908610718e-01 7.418641513732220361e-01 7.325537382415843179e-01 7.375220313315183907e-01 7.240770836718466441e-01 7.316625848951112676e-01 7.325261284680416596e-01 7.326516510324097009e-01 7.269186636298344828e-01 7.366966893427806529e-01 7.343269745779384960e-01 7.381050489552932747e-01 7.349118136587844408e-01 7.365216971505101906e-01 7.352838881529841775e-01 7.344746043885841402e-01 7.407900100002178245e-01 7.382643622138350681e-01 7.341851563455489282e-01 7.182936642221952050e-01 7.356288603035159301e-01 7.322253692233744449e-01 7.380763922147879352e-01 7.368476656639911804e-01 7.390886108892079642e-01 7.293580439540801041e-01 7.378340238317522282e-01 7.336879725192401169e-01 7.370003999748232504e-01 7.409907218415422436e-01 7.409887510285327883e-01 7.119105818969685417e-01 7.150316375004581726e-01 7.288412144201897869e-01 7.335310676306401323e-01 7.275708983781654648e-01 7.180321766387274263e-01 7.288878605023519919e-01 7.301875758547574646e-01 7.254435546331596818e-01 7.261143822287315919e-01 7.354887436026316117e-01 7.406441767419528199e-01 7.368066167646583065e-01 7.397964074944863855e-01 7.345471640915397504e-01 7.406046994833661579e-01 7.346572119015746249e-01 7.281908509478015601e-01 7.345930067925193763e-01 7.346000259876974692e-01
2.070789029681262272e-02 1.247429985229659422e-01 2.742971986439187160e-01 4.580690647050885689e-01 3.428440050993163402e-01 4.215282601510429994e-01 6.370170778572199488e-01 6.046844014653030008e-01 7.091300186242376347e-01 6.301968793539168834e-01 1.000000000000000000e+00 7.951061287093970087e-01 7.037497379130958075e-01 6.458127940335568473e-01 7.885021496391357854e-01 7.569071609764344011e-01 7.382361839656120805e-01 7.610923723920572925e-01 7.706205380767466862e-01 5.781688561032388707e-01 7.483828398741906307e-01 7.879895017094585841e-01 7.785356321261369672e-01 7.663841554999968331e-01 7.821583179319034906e-01 8.122772631661684395e-01 7.880723706562152708e-01 7.888094503564013760e-01 7.944138038157885218e-01 8.032929925526012260e-01 8.287820825804911307e-01 8.173977226664245199e-01 7.814125087415750848e-01 8.010891262397307200e-01 8.007027469778941198e-01 7.949836382302135629e-01 8.192313681163030381e-01 8.157032523949989677e-01 8.289252252178912483e-01 7.995619161518926488e-01 8.320848279811118298e-01 8.270490002003906271e-01 7.973805418329631411e-01 8.275863309542172974e-01 8.310524666536102112e-01 8.212512791354091846e-01 8.366062994660986574e-01 8.392348665003834807e-01 8.283007029610544025e-01 7.851915096397098504e-01 8.284897435188774972e-01 7.976439597522069214e-01 8.127553201874256894e-01 8.316844623422263716e-01 8.221710144819900368e-01 8.340917489837196275e-01 8.093906569968365439e-01 8.372534238119320182e-01 8.275421085469006899e-01 8.319331696211751392e-01 8.365669661207676411e-01 8.154505492303119052e-01 8.126412870306983782e-01 8.153947556879356240e-01 8.256055526450500892e-01 8.228186317832960617e-01 8.375166169374081981e-01 8.400389240081395092e-01 8.430338160108228340e-01 8.293535222791682537e-01 8.387993785986150863e-01 8.417471182300088062e-01 8.407308328843894341e-01 8.410868497724111048e-01 8.459685002974123291e-01 8.395382176131529484e-01 8.431614423606850206e-01 8.437291124788766083e-01 8.379805974761438403e-01 8.403035441620279045e-01 8.454064539910708387e-01 8.442277621904582530e-01 8.413215204422406224e-01 8.417590592572405939e-01 8.344345229783507456e-01 8.406869119984611283e-01 8.432361686695577507e-01 8.424711547352455865e-01 8.423266661513918452e-01 8.409856212888852101e-01 8.423255455331090102e-01 8.413771942973814477e-01 8.448458692883551446e-01 8.425788672127548784e-01 8.408887103508875249e-01 8.413495504141363934e-01 8.302874034344368548e-01 8.169137284162468760e-01 8.379136046906221491e-01 8.379943028445994146e-01 8.378735543234361316e-01 8.283991226160011268e-01 8.351791105066931342e-01 8.411489742586339968e-01 8.372121943138760569e-01 8.283819269229141247e-01 8.367036284504756338e-01 8.426848526767268810e-01 8.429725516105648353e-01 8.388091612834227551e-01 8.396310386002044934e-01 8.385969610003819463e-01 8.355070710232473941e-01 8.332542290387126016e-01 8.384750489394940942e-01 8.346358245255032227e-01
2.344057538633484428e-02 1.335284330505304429e-01 2.696819041757619329e-01 4.825144717633635949e-01 3.862754079863703338e-01 4.496654768000741820e-01 6.784934174018946162e-01 6.489633006132689008e-01 7.528104304213441011e-01 6.811481725646270080e-01 7.951061287093970087e-01 1.000000000000000000e+00 7.493598096927299723e-01 7.035912153495929022e-01 8.500031859883279139e-01 8.221313180218581262e-01 7.941159905864901836e-01 7.914301997262138677e-01 8.075745601151449460e-01 6.279124019535972101e-01 8.125837121497457849e-01 8.459468933677242175e-01 8.143090700150529271e-01 7.986720976658151505e-01 8.191890663754778368e-01 8.473445255825070577e-01 8.270226602956205486e-01 8.263753979582143527e-01 8.230147805665700700e-01 8.323880825418311646e-01 8.692702185837618556e-01 8.653655821751041755e-01 8.167085085751282225e-01 8.461617228460405205e-01 8.271732577707096024e-01 8.397269536119181810e-01 8.596549450566469686e-01 8.657729202268422686e-01 8.735658360512827958e-01 8.405175499379715642e-01 8.728649190584274464e-01 8.716937465337959434e-01 8.480171261173856667e-01 8.789696539476643533e-01 8.736452726387665679e-01 8.763247305501989937e-01 8.897209736372155842e-01 8.941825395305793567e-01 8.848177004471261542e-01 8.428455362670742579e-01 8.844309199143720601e-01 8.510486992204565615e-01 8.641915179861163754e-01 8.898752100453068969e-01 8.825230108199497714e-01 8.860378899555662047e-01 8.753139917954049221e-01 8.861142509646513510e-01 8.864257962342824149e-01 8.892956842027550657e-01 8.883242037746437170e-01 8.783427536307065742e-01 8.767761084956366968e-01 8.790711417377905512e-01 8.838116460543238295e-01 8.871698634721437715e-01 8.915872657906614984e-01 8.908169175789135696e-01 8.888884378498080885e-01 8.875853543523180011e-01 8.993202787736551684e-01 8.961218761834001123e-01 8.869469117266012281e-01 8.907790912497377533e-01 8.950135674310555345e-01 8.868987337693521322e-01 8.902767674823373056e-01 8.875387598160907610e-01 8.835653191683222607e-01 8.890702971279698108e-01 8.934561509616976149e-01 8.934215975477476368e-01 8.952538042787971939e-01 8.859491876854510561e-01 8.818829336060235446e-01 8.904949625379559031e-01 8.935456810716425613e-01 8.923130369891623115e-01 8.919447821591177661e-01 8.914266858455209830e-01 8.897716645294151405e-01 8.926204805729872627e-01 8.950735853980592571e-01 8.931349671936269496e-01 8.960674705711676458e-01 8.965002875749507050e-01 8.815754366878818526e-01 8.773809494861344316e-01 8.920330442349222455e-01 8.914244593835825015e-01 8.893307747497339877e-01 8.869590822786698192e-01 8.874961531735613418e-01 8.928549202865663226e-01 8.917684252709042747e-01 8.907841619516710940e-01 8.929694629312882048e-01 8.963208231414667715e-01 8.964684274514970186e-01 8.939311419195565822e-01 8.934271216601729071e-01 8.957159816583374345e-01 8.945837421961480018e-01 8.910713536389472944e-01 8.949699342329555662e-01 8.946126005764923894e-01
1.662759236025753221e-02 1.461434376147249248e-01 2.572243453049144479e-01 4.255950376742814178e-01 4.043339527544559386e-01 4.345576694781377314e-01 6.470939932504909953e-01 6.080553307479691361e-01 6.860465549247739547e-01 6.211284194036682527e-01 7.037497379130958075e-01 7.493598096927299723e-01 1.000000000000000000e+00 6.299068113485634113e-01 7.966469899438515245e-01 7.613149579848331738e-01 7.175404554022229986e-01 7.296749244186213623e-01 7.370153878386959123e-01 5.783459045095518114e-01 7.364199446335232269e-01 7.756366121027328253e-01 7.713451657451910748e-01 7.516412714443224674e-01 7.539671584252697345e-01 7.759069010188207605e-01 7.683165199007070401e-01 7.723114252685748804e-01 7.691263392373604013e-01 7.764193488081051475e-01 8.019117562029787205e-01 8.148415688052493833e-01 7.606818850652110608e-01 7.933377318715059134e-01 7.809932638163450402e-01 7.904329746619004338e-01 7.997744874715491115e-01 7.909213636129717173e-01 8.157892877659113084e-01 7.801101305229706240e-01 8.119159118848008339e-01 8.051137191806824189e-01 7.999069009246728701e-01 8.169949732666640374e-01 8.130370570399979568e-01 8.130285148883229507e-01 8.210645567875820561e-01 8.244246011417959430e-01 8.117977398538478440e-01 7.631824920287165748e-01 8.079259331393737753e-01 7.785459391996817358e-01 7.988098967931143157e-01 8.160031827418861017e-01 8.069751442535937347e-01 8.202879455498141015e-01 7.915290865783545238e-01 8.193859745885833101e-01 8.026287795181941132e-01 8.243920050636410757e-01 8.257475083857772624e-01 7.972777777597018778e-01 7.880358429577947188e-01 8.067022127105203388e-01 8.181192401241742518e-01 8.182030662289512257e-01 8.268577851941313339e-01 8.228598053303823878e-01 8.308985280262372042e-01 8.153705829193719223e-01 8.263883157375899735e-01 8.274197776948774008e-01 8.239397165978423754e-01 8.252159482710857974e-01 8.256294681299417570e-01 8.252570057592968356e-01 8.268978609504317179e-01 8.233776097171168207e-01 8.197961714291472912e-01 8.246837526087422710e-01 8.278500219197932886e-01 8.289098486213254402e-01 8.323141753974149237e-01 8.295558247760390636e-01 8.225012566893913357e-01 8.309425282512823419e-01 8.303737283133653113e-01 8.296727116849941241e-01 8.345905846829435593e-01 8.270394910110970832e-01 8.256977728633507763e-01 8.303350907913319423e-01 8.298002123892397330e-01 8.317164726752819259e-01 8.279970231945713577e-01 8.293014246120763433e-01 8.140521788885551890e-01 8.064750424994626687e-01 8.259203498012245293e-01 8.261907480651201618e-01 8.304186161578499537e-01 8.142454648781686233e-01 8.223843905125006737e-01 8.303309261459907997e-01 8.264310477253019593e-01 8.172272743401964856e-01 8.257407676751520320e-01 8.279021681554586953e-01 8.273015403972534543e-01 8.295662302408177702e-01 8.233779128976852490e-01 8.314964700875160375e-01 8.236840961527116534e-01 8.258643535088484589e-01 8.276432855988598014e-01 8.267617969180751647e-01
