1.000000000000000000e+00 1.627569555246610178e-01 1.013304605594190361e-01 -2.788193738576437777e-02 5.136925179908818397e-03 -2.990263449867814824e-02 8.286942749863110413e-02 2.103033214577448504e-02 1.688668671101981600e-01 4.421226479881910920e-02 3.230080349465470901e-02 -3.537843296975858032e-02 -2.979115107650682701e-03 2.439342204835938041e-02 1.448511483047558446e-02 -8.143706410206638310e-03 1.685091452006854673e-01 3.026644617211308730e-01 2.525343589158409729e-01 2.063775791605987064e-01 2.082598019683498669e-01 1.975797920111070638e-01 2.477420815237166840e-01 2.518678232721340837e-01 2.121867086837320449e-01 2.552419467097696848e-01 2.278548415582445086e-01 2.125083798461317730e-01 2.094618757506866435e-01 2.128905629424195090e-01 1.854974726903126370e-01 1.364671623603093131e-01 2.080496383541380057e-01 1.694110650332496526e-01 2.067321777509143199e-01 1.178436421073924961e-01 1.658921926904118327e-01 1.373327811838921386e-01 1.299032949622832278e-01 1.081799741573314932e-01 9.055518451750824149e-02 8.233151191576100481e-02 7.637071229438564812e-02 8.297980657906671442e-02 1.136121343991082777e-01 1.120740962861482976e-01 1.639022512627823225e-02 4.642325361482994156e-02 4.417657308145540168e-02 9.266647721612857047e-02 7.991419918817678492e-02 5.186330214230588931e-02 3.069883644869973380e-02 6.581172463359384606e-02 1.013208022903212130e-01 1.314796194724918710e-01 6.698819322448755498e-02 4.315188466498529746e-02 6.202217001155119896e-02 2.860490317087065887e-02 2.391344356487208611e-02 5.106385654532460960e-02 5.505826449419944785e-02 5.383919058742020480e-02 7.596898995282387601e-02 5.676491465850107970e-02 5.239869243803323140e-02 1.172978109586470113e-01 1.017039938977991609e-01 1.128568339117263924e-01 9.947807799777440285e-02 8.728651290833934484e-02 1.113706128287781927e-01 9.687959674399530818e-02 9.233886169712481051e-02 8.878267994488971138e-02 7.549767222929167076e-02 1.036433717101156449e-01 8.917527313878081952e-02 9.445917147123682189e-02 9.166676652144629955e-02 7.892615758595104836e-02 7.359286453656700699e-02 1.067317672965508446e-01 6.717086977733052744e-02 8.769876751516331170e-02 6.323028419011543499e-02 5.984958372471957389e-02 4.530533024286764743e-02 7.554656418511902782e-02 5.966872123559707058e-02 3.703760526984004042e-02 4.621370653545446572e-02 4.677457103168895791e-02 7.631882276946480061e-03 2.155277882241271939e-02 3.392847498705648529e-02 6.172549226822866830e-02 2.064508374321176454e-02 3.142726277495978132e-02 2.656584619341860118e-02 4.309800166781333625e-02 2.175917319328392677e-02 2.896583038758329329e-02 4.544208466698122784e-02 5.109209135933696216e-02 4.323131255282456481e-02 4.625199501683794484e-02 6.684592544649280155e-02 2.909606875817432811e-02 3.461874426746015809e-02 1.777956627696651928e-02 3.265869294256763811e-02 3.729433529459680319e-02 5.494887044254131298e-02 3.773542157195365621e-02
1.627569555246610178e-01 1.000000000000000000e+00 8.580976519988851858e-02 4.430724902593165260e-02 3.713078079412514276e-02 9.678916150468246105e-02 1.390964453933131451e-01 1.174135304941595903e-01 1.874123517000900463e-01 1.809704861771761208e-01 1.153548121759663120e-01 1.023903315542080000e-01 1.245808266197882819e-01 1.091742130627072621e-01 1.267562787945410718e-01 1.215048226550522054e-01 1.642325909181542032e-01 1.757280199271127608e-01 1.464074545723159648e-01 1.578232714757296373e-01 1.215638640626198891e-01 1.172692662452749918e-01 1.714389126288914933e-01 1.474763831114714319e-01 1.172589224881242509e-01 2.094113104896579980e-01 1.818567252888576014e-01 1.869340240289835697e-01 1.725927932139668664e-01 1.752572580390496515e-01 1.812904717277436795e-01 1.737512452144478470e-01 1.680511369312994718e-01 1.592144088483921360e-01 1.664570213681162980e-01 1.460539275077642196e-01 1.663552799679972327e-01 1.843425743602926659e-01 1.715113830069469880e-01 1.694450145217412107e-01 1.654648394851939708e-01 1.656633844653949694e-01 1.554747419447209955e-01 1.572090687284398436e-01 1.569029403286809066e-01 1.716002266958965294e-01 1.417613615676200645e-01 1.600424644741741953e-01 1.442039286368178574e-01 1.353373298252472934e-01 1.542132851122429704e-01 9.684283472560946404e-02 1.281174925666487552e-01 1.670982936868779523e-01 1.702505731888477869e-01 1.914173223810800850e-01 1.440045532505110359e-01 1.494009085549054816e-01 1.581207631014927006e-01 1.476318935849175451e-01 1.289168378549893634e-01 1.563196834490461207e-01 1.480609359374746581e-01 1.399498550771229588e-01 1.342172184546516489e-01 1.551184683768757344e-01 1.482049732152575516e-01 1.656742034183399104e-01 1.666630410946942642e-01 1.625980015065085771e-01 1.422504080401142956e-01 1.421581001964211666e-01 1.530746375899766920e-01 1.437350507221486773e-01 1.645935287145322279e-01 1.588308807607310691e-01 1.584400070324316623e-01 1.646391760908067770e-01 1.569895484132483032e-01 1.562147425222771002e-01 1.562907939097624432e-01 1.574671796888269526e-01 1.581531964906142396e-01 1.615192165650310707e-01 1.469089965908496054e-01 1.542811533776936583e-01 1.511211722411055502e-01 1.588045221771914040e-01 1.470157215352310975e-01 1.710258872154216125e-01 1.531095394405353471e-01 1.463645568405005093e-01 1.483312969643137968e-01 1.478611299512010702e-01 1.357644382331697486e-01 1.460831461005658027e-01 1.255324325011450970e-01 1.345608151185645474e-01 1.340843957365490668e-01 1.402496055604952330e-01 1.348093596225522772e-01 1.423537743242684894e-01 1.259366965578825326e-01 1.380109629699604046e-01 1.352360085536165046e-01 1.460319859856367697e-01 1.456522143662317414e-01 1.496817743636346953e-01 1.575871771242257635e-01 1.430919706462633056e-01 1.465497106409847095e-01 1.405363535659389929e-01 1.483665356331639873e-01 1.427415500231982437e-01 1.425158596066533889e-01 1.463738040571953836e-01
1.013304605594190361e-01 8.580976519988851858e-02 1.000000000000000000e+00 3.765138027838474954e-01 2.158210617671413589e-01 2.269841197422487189e-01 3.704950414553159765e-01 3.324963701407615546e-01 3.443758771807622909e-01 2.812897637957024743e-01 3.800537202851297924e-01 4.044131281979326809e-01 3.249257838696587575e-01 3.417255738043948332e-01 3.813778415287016887e-01 3.746423690476232693e-01 3.727665832336146678e-01 3.878031347454590216e-01 3.963974998651103032e-01 3.576065128207446819e-01 4.041754122583693376e-01 4.279137492089025163e-01 3.919694288663398418e-01 4.318600647543727189e-01 4.121702989304368847e-01 4.126634468098566155e-01 4.423436404590972426e-01 4.126953814364908713e-01 3.529232339234522620e-01 4.288789865695566417e-01 4.309678712886099161e-01 3.748853106868409446e-01 3.740814566081234194e-01 4.086350400868354882e-01 3.804420166463926556e-01 4.243777138666773308e-01 4.296460399731936164e-01 3.913134751171338799e-01 4.191088205236302433e-01 4.060099016488700752e-01 4.006194062873553730e-01 4.023447212960210018e-01 4.097586252703469545e-01 4.050253558453661418e-01 4.419367634132407296e-01 4.050062577133242692e-01 3.741733072437220531e-01 3.598300107222206501e-01 3.646868552539130337e-01 3.759611929014317622e-01 3.863409309895524668e-01 4.156723901584737924e-01 3.904050965739526702e-01 3.494506007534771141e-01 3.435965435455609063e-01 3.811799590650185032e-01 3.675508116432175676e-01 3.672112607413197671e-01 3.688010500730825036e-01 3.737885504105986079e-01 3.809533786767694830e-01 3.648371275434152960e-01 3.596854913015339883e-01 3.907874143246743981e-01 4.010047887189474580e-01 3.821987924336502362e-01 3.814120341050396545e-01 4.064825109883264953e-01 3.981643270642379329e-01 4.187330199856029722e-01 4.209206733134605583e-01 4.196357113392926164e-01 4.262283029512102250e-01 4.256315930843482809e-01 4.044631862294429392e-01 4.053993030148919097e-01 3.946511553181311083e-01 3.816275842748406144e-01 4.071845739662381947e-01 4.063162317923551536e-01 4.196270687590555881e-01 4.112314068419282709e-01 4.050574066272652485e-01 3.893062036111176738e-01 3.861501143577562578e-01 4.066064215300590479e-01 4.160037600397438196e-01 3.862135429630584871e-01 3.943654082503801894e-01 3.885900925884970825e-01 3.982611513340170162e-01 3.871815038593492964e-01 4.064772254975500543e-01 3.954373637365189431e-01 3.652693912413182975e-01 3.678260269470191579e-01 3.867896462030461779e-01 3.795174372647721062e-01 3.710584744688660286e-01 3.848300610531137922e-01 3.895235019313409430e-01 3.837939163800549447e-01 3.781454560165397050e-01 3.820182536863943601e-01 4.025025029308072488e-01 3.676637651260960538e-01 3.732644806922618130e-01 3.667559056026917785e-01 3.655487217154151924e-01 3.719848643245010078e-01 3.727067657044886850e-01 3.714908570810334654e-01 3.686693318694704846e-01 3.835390469506750333e-01 3.935359501819420402e-01 3.776305864457185080e-01
-2.788193738576437777e-02 4.430724902593165260e-02 3.765138027838474954e-01 1.000000000000000000e+00 3.111050074480263827e-01 3.442082451646898966e-01 5.189091863395445259e-01 4.927808660577844835e-01 4.570800405263626964e-01 3.849357948466402002e-01 5.622431284123697859e-01 6.550519976870707861e-01 4.987459946769338126e-01 4.953463190223351686e-01 5.648515788605291688e-01 5.573597429794587832e-01 4.828832641374688484e-01 4.035305082886416206e-01 4.327189881950974093e-01 4.528044758342696929e-01 4.967859294049108421e-01 4.934472822822612570e-01 4.419331516952906269e-01 4.805556218945478686e-01 4.608032542935742160e-01 4.810576208419795052e-01 5.111747073299143240e-01 4.662465478494458582e-01 3.971726431538679103e-01 4.893549004321999796e-01 5.069855288131125404e-01 5.053804636794916316e-01 4.365930746453852707e-01 5.441985572744736377e-01 4.507428712569668261e-01 5.783202298808456376e-01 5.291874795368746165e-01 5.192136905130912972e-01 5.520886498083599214e-01 5.334919850881303383e-01 5.406397326846391627e-01 5.472854611482343978e-01 5.576644425785296511e-01 5.642187732723800142e-01 5.878782187018555261e-01 5.330445108576998825e-01 5.440093288099462354e-01 5.254056166328923139e-01 5.396065780982746141e-01 5.303422788793030751e-01 5.301307376130709459e-01 5.978676624042288390e-01 5.782873646444474103e-01 5.045586329224291955e-01 4.719627665216002410e-01 4.941555743246546784e-01 5.393023063706604558e-01 5.327709553504804685e-01 5.233451984775842059e-01 5.495318641565040130e-01 5.576474928167938216e-01 5.379233109766068388e-01 5.270830331123829149e-01 5.560650326540974575e-01 5.589570089671469511e-01 5.587954041442110276e-01 5.356791272184177055e-01 5.351703426597588242e-01 5.472864841661387869e-01 5.686867128360177936e-01 5.701184675674735303e-01 5.636379357828330550e-01 5.687031385299449182e-01 5.646468512577389465e-01 5.481641486333620472e-01 5.511814544616361333e-01 5.305761044699012219e-01 5.113412808271334820e-01 5.491092347828429032e-01 5.423427816573419546e-01 5.510901991186959448e-01 5.547279882879937452e-01 5.624562954156987482e-01 5.227212022991362117e-01 5.562077651457233429e-01 5.669452446744375207e-01 5.787605433916261921e-01 5.457644814621311902e-01 5.569593754351466197e-01 5.290798490647984353e-01 5.579262831811073742e-01 5.538859962115199043e-01 5.693603181057468321e-01 5.529264084798350964e-01 5.439915587076439296e-01 5.399497565214635975e-01 5.786105568333435034e-01 5.532666714282713505e-01 5.513802007683867856e-01 5.587616220561381075e-01 5.663161990992245931e-01 5.559247789325200140e-01 5.626736547693989010e-01 5.574301721971459678e-01 5.763728510708756581e-01 5.470277595785849600e-01 5.513137353365574755e-01 5.268970256925332718e-01 5.168567990085407571e-01 5.448902948813040270e-01 5.394020485659353215e-01 5.485343316562748539e-01 5.458218981413666127e-01 5.576914204396102859e-01 5.553524066453470187e-01 5.549323632059884881e-01
5.136925179908818397e-03 3.713078079412514276e-02 2.158210617671413589e-01 3.111050074480263827e-01 1.000000000000000000e+00 3.082782855073181727e-01 4.136934708202609778e-01 4.242799325859007986e-01 3.712978218185058465e-01 3.113788567636394666e-01 4.360359528955166653e-01 4.577113842645569308e-01 4.241657502264641888e-01 3.905223190424012558e-01 4.542485859724343933e-01 4.755283988521892824e-01 3.952151946492206136e-01 3.199295034596888465e-01 3.477955866372980931e-01 3.177915343774209145e-01 3.510403455854616550e-01 3.802311549009697034e-01 3.415432426788016507e-01 3.617012232151872730e-01 3.713757929308434957e-01 3.830498039650069297e-01 3.994571478582757962e-01 3.902426343547290011e-01 3.505884730910856506e-01 3.810963380069390949e-01 4.058169728244638841e-01 4.308923617008202367e-01 4.019166505478540818e-01 4.384278884453557401e-01 3.936036741546984907e-01 4.456901329126630729e-01 4.303921869303374281e-01 4.218165111271401368e-01 4.458980889016500027e-01 4.275158851685440520e-01 4.420423796496831259e-01 4.547302281252472711e-01 4.577407784988324346e-01 4.671385137741352889e-01 4.608948479795922926e-01 4.475736129299880406e-01 4.662317303986071582e-01 4.415305078464035748e-01 4.459898492230894296e-01 4.393371050784072862e-01 4.423392368684749831e-01 4.688040715572800443e-01 4.633586798994571709e-01 4.399330698705638532e-01 4.215756538801677666e-01 4.207485628455394089e-01 4.576298325217202367e-01 4.459833298539969126e-01 4.362811459975804440e-01 4.549648529677199904e-01 4.720320382065605891e-01 4.525128245220791379e-01 4.484617543968595910e-01 4.634929223166491252e-01 4.558448721422748151e-01 4.588542379587321474e-01 4.521490496149220828e-01 4.499773816245729585e-01 4.625401809704451916e-01 4.552024272330620347e-01 4.604039082080663703e-01 4.657348131141381686e-01 4.556273224211775941e-01 4.601318604366749776e-01 4.548816334340378686e-01 4.562453366479597983e-01 4.569857883296676304e-01 4.328360758334719449e-01 4.547629626569454908e-01 4.558448173919600332e-01 4.644295792844845838e-01 4.569189651385843209e-01 4.636310666710989348e-01 4.534515364412503025e-01 4.627775079896240817e-01 4.642531893154466238e-01 4.719046768657851887e-01 4.557698090221918852e-01 4.662944247048005364e-01 4.475930911540615953e-01 4.658167476878528057e-01 4.612584780484880187e-01 4.636224977935918257e-01 4.632395334118078467e-01 4.586203794432249792e-01 4.544946893201410321e-01 4.655411285915362907e-01 4.594351896106534938e-01 4.604772570875435567e-01 4.580916744322031109e-01 4.658638151384804638e-01 4.568240350818281725e-01 4.602991156669828943e-01 4.629082581615513448e-01 4.708947476271616583e-01 4.570438696403727463e-01 4.566625190721755323e-01 4.529173394448849366e-01 4.484383928081425164e-01 4.567073926934557271e-01 4.480603849988694654e-01 4.603737098215450740e-01 4.570932125208391206e-01 4.628238668303437664e-01 4.615475860420452103e-01 4.614842911157825966e-01
-2.990263449867814824e-02 9.678916150468246105e-02 2.269841197422487189e-01 3.442082451646898966e-01 3.082782855073181727e-01 1.000000000000000000e+00 5.006319609175897689e-01 4.548567030596473715e-01 5.150444664917177562e-01 4.510219727909579590e-01 5.401918407581981496e-01 5.517945462948509183e-01 5.352198775603539405e-01 5.136645364929468549e-01 5.745998113891700454e-01 5.645469799578882730e-01 4.970871194445388164e-01 3.652924233551247402e-01 4.205784728948476769e-01 3.676857098089639231e-01 4.017277224122492996e-01 4.278436163441902695e-01 4.195432290610916493e-01 4.169479354068467147e-01 4.357579616043253390e-01 4.912543828006272206e-01 4.894665677410628413e-01 5.013759547626801538e-01 4.726679891284872870e-01 4.806230416435696706e-01 5.130500527351525841e-01 5.543496533125423786e-01 5.003844629096890761e-01 5.308834858835483894e-01 4.925369499735277046e-01 5.415177354244555818e-01 5.382002988448126857e-01 5.647768726511407378e-01 5.651089046087771628e-01 5.620792150609025262e-01 5.790728970238058215e-01 5.792000022579152363e-01 5.705688645901529910e-01 5.943654107127525066e-01 5.779075092930578972e-01 5.736049520704504801e-01 6.031174797197402793e-01 5.982218790918532036e-01 5.948708451344828507e-01 5.720294914874138881e-01 5.900841211403448083e-01 5.631060840621732178e-01 5.909362291704173265e-01 5.868898402887350318e-01 5.684080646468673281e-01 5.703220344323024493e-01 5.803378946664935478e-01 5.832723185765155138e-01 5.893893921284909521e-01 5.984403684687665814e-01 6.018855093263879574e-01 5.942332817265167932e-01 5.872095382656057350e-01 5.899025585662744930e-01 5.843579456378232839e-01 5.937229768217119341e-01 5.968399420573309300e-01 5.755312612460952160e-01 5.910345883482007734e-01 5.709299344321030478e-01 5.803386729399467869e-01 5.856865081569586629e-01 5.714725860154155068e-01 5.800851077313494697e-01 5.965510732371901437e-01 5.893558518988009087e-01 5.925219693511400987e-01 5.796487707570485703e-01 5.911363756079308640e-01 5.814732902780490598e-01 5.893810332568493182e-01 5.924618357659056089e-01 6.022545231064979632e-01 5.813998066626120398e-01 5.931435935073804400e-01 5.935924464844225534e-01 6.007809354987588835e-01 6.010485034447183850e-01 5.991937252922641122e-01 5.927987730597684690e-01 5.989664206533683588e-01 5.995087963085529159e-01 6.000596696843784050e-01 6.012267280072755016e-01 6.041568477588096231e-01 6.043453027175044179e-01 5.971085331337656621e-01 5.972389537652482705e-01 6.038800587712995771e-01 6.049303740943298147e-01 5.993694618234601812e-01 6.020008279776387639e-01 6.005027470154546965e-01 6.016003536647528405e-01 6.044814756419821800e-01 5.918223248184532048e-01 6.033520232014304430e-01 6.009320289781499014e-01 5.932000683359064386e-01 6.032454652635540482e-01 6.009344253350253906e-01 6.009388301358932205e-01 6.023856608596712681e-01 6.013890136038545497e-01 6.001205254344974538e-01 6.023078758038150626e-01
8.286942749863110413e-02 1.390964453933131451e-01 3.704950414553159765e-01 5.189091863395445259e-01 4.136934708202609778e-01 5.006319609175897689e-01 1.000000000000000000e+00 6.846469885773872610e-01 6.832110607606985964e-01 5.610858940077712020e-01 7.253643082861191971e-01 7.438185897545591674e-01 6.823820068889782098e-01 6.867717585537527203e-01 8.165389655403560987e-01 7.697634876092236400e-01 6.705775387422343581e-01 5.601028895853233935e-01 6.050437771243155627e-01 5.561022636677471764e-01 5.810002591314692433e-01 6.329045245974577183e-01 6.283127001992548921e-01 6.147880946148452930e-01 6.144092543012040775e-01 7.215612068007981605e-01 7.213521724932020485e-01 7.219804198527569605e-01 6.634637622168144677e-01 7.117742330173482124e-01 7.340277634738603396e-01 7.510442144597463399e-01 7.026091134908193370e-01 7.385703292459058211e-01 7.021940337233156804e-01 7.429192105115002276e-01 7.466558779759752129e-01 7.647730665707316300e-01 7.762243798050202370e-01 7.703200019136658971e-01 7.789725509873939302e-01 7.812224758386618895e-01 7.908067812748561520e-01 7.930815482253569249e-01 7.865843365242216612e-01 7.863375824379124079e-01 7.732697149376153156e-01 7.737133095088952750e-01 7.736554574453080591e-01 7.590455781525752288e-01 7.724351002521214760e-01 7.579803231867097146e-01 7.859382839007894583e-01 7.736627843753756117e-01 7.628168414685198018e-01 7.622684124724117272e-01 7.864946657500681004e-01 7.713740527621714138e-01 7.831835949220508075e-01 7.758597609856300314e-01 7.839179064016986720e-01 7.913888877066973526e-01 7.860782260488122786e-01 7.783061292121986607e-01 7.734544115567797418e-01 7.860869504148512155e-01 7.784933948284256111e-01 7.737992563038222915e-01 7.907734550413018093e-01 7.715154831676537261e-01 7.740719679568408562e-01 7.746604682582399759e-01 7.657211198049383993e-01 7.676229709023363323e-01 7.950567185122510150e-01 7.874893155631771391e-01 7.866562042429894319e-01 7.725268761040074983e-01 7.900655395652709245e-01 7.787325839331830091e-01 7.871640474870665871e-01 7.905565478619809294e-01 7.952956234998579399e-01 7.793026239763131136e-01 7.856637740939660386e-01 7.889406705166041034e-01 7.907495141217817380e-01 7.897563507960050355e-01 7.850729466075593299e-01 7.793720796504164383e-01 7.981223466164077962e-01 7.871143732665110138e-01 7.920735557873251897e-01 7.888612566822731376e-01 7.749692443115873131e-01 7.792233914278817730e-01 7.887588872585897803e-01 7.752476308153767315e-01 7.802750323415017508e-01 7.846487889967211915e-01 7.871157991419190925e-01 7.886046884862779605e-01 7.825229369674682189e-01 7.823213000992940147e-01 7.856117264609484563e-01 7.856382688343619414e-01 7.857298367451927001e-01 7.815749497322919126e-01 7.830753670943976230e-01 7.808268991686135863e-01 7.860750194600484297e-01 7.752219850465394968e-01 7.867910612508802748e-01 7.798805178055739917e-01 7.824346204521694936e-01 7.829633907446177377e-01
2.103033214577448504e-02 1.174135304941595903e-01 3.324963701407615546e-01 4.927808660577844835e-01 4.242799325859007986e-01 4.548567030596473715e-01 6.846469885773872610e-01 1.000000000000000000e+00 6.574392423247241712e-01 5.482140497678724689e-01 6.932681632135152539e-01 7.346238443086843262e-01 6.926697089732231083e-01 6.768016088241928241e-01 7.714987388716891825e-01 7.737905050667788220e-01 6.209153009852775851e-01 5.097824864977424930e-01 5.452464410103661230e-01 5.015279185358259006e-01 5.252067068241145220e-01 5.719065341675499958e-01 5.360876193311506777e-01 5.517021774865921158e-01 5.581232327790742742e-01 6.546768965312851352e-01 6.411055646681113052e-01 6.524054713312074094e-01 5.874587563030151394e-01 6.045022515266662566e-01 6.558031822141807687e-01 7.134763088591870028e-01 6.563800569459444789e-01 6.862549582333562492e-01 6.271888735023076755e-01 6.765393073661045698e-01 6.636804293651911157e-01 7.325878226921577197e-01 7.210441730003082084e-01 7.258983262268565717e-01 7.443742946030322827e-01 7.544557873566852813e-01 7.403939095773610646e-01 7.621767950943928449e-01 7.363615026831215049e-01 7.446142117350404988e-01 7.584944109728505302e-01 7.519839942022578105e-01 7.565995597684732621e-01 7.385637756538615539e-01 7.571226941113519127e-01 7.393504671275363815e-01 7.510555169053758640e-01 7.425891338075408799e-01 7.245385352172120097e-01 7.217299068323683731e-01 7.464114918806278309e-01 7.551929594275632596e-01 7.606472132394863639e-01 7.558825524954403408e-01 7.670073958255314572e-01 7.553818943161165755e-01 7.548909936788149588e-01 7.530688965841711990e-01 7.444406540133735595e-01 7.497841820284897318e-01 7.594309579645189823e-01 7.460641113231880617e-01 7.580600160860980763e-01 7.425282599432102559e-01 7.422224873985800997e-01 7.488590687863232453e-01 7.349287148357096511e-01 7.358371480504621864e-01 7.609048168215323260e-01 7.504548761144510527e-01 7.553534680097554466e-01 7.247880067984687757e-01 7.516744417586304072e-01 7.416880548665349959e-01 7.491534053421660122e-01 7.518835913368998591e-01 7.598684624914870955e-01 7.431935828724223203e-01 7.680503961010783920e-01 7.595470895643583464e-01 7.595114863630947344e-01 7.673556888851291724e-01 7.640491982770553081e-01 7.519769894228383045e-01 7.693918242098412019e-01 7.656937782030537321e-01 7.662081239243988540e-01 7.651442939938972732e-01 7.639522116146589825e-01 7.635882546065508869e-01 7.704721478450822225e-01 7.539351543140421219e-01 7.708532086339306977e-01 7.693335479523171205e-01 7.663308858507961174e-01 7.665211058911692854e-01 7.651603899115190233e-01 7.683107006853271415e-01 7.652854074914142712e-01 7.524872314179902322e-01 7.668532087335764302e-01 7.604383715080883510e-01 7.565360147963922088e-01 7.670073973392004252e-01 7.642227627330113737e-01 7.618095769841609632e-01 7.626062501660799686e-01 7.633647661812936747e-01 7.596605481821419037e-01 7.580771936034506053e-01
1.688668671101981600e-01 1.874123517000900463e-01 3.443758771807622909e-01 4.570800405263626964e-01 3.712978218185058465e-01 5.150444664917177562e-01 6.832110607606985964e-01 6.574392423247241712e-01 1.000000000000000000e+00 6.372375007520189039e-01 7.499364387300425649e-01 7.484178578583343677e-01 7.251998106000998590e-01 7.189628114479640342e-01 8.066688685590512886e-01 7.793839351297382478e-01 7.541799335844339147e-01 5.957362348304430233e-01 6.692639012768809570e-01 5.772307646606058551e-01 5.912742665041782475e-01 6.604353676986369770e-01 6.525815406454669176e-01 6.450283610302681714e-01 6.612224693960905286e-01 7.785022236755710923e-01 7.737597051827934669e-01 7.807814025593460272e-01 7.254776839101287900e-01 7.416293950285737235e-01 7.786272809536859407e-01 8.074816379279239342e-01 7.767501898675127636e-01 7.669313727297842886e-01 7.676964348528844129e-01 7.595590790349083798e-01 7.755985371186460142e-01 8.305349256827491145e-01 8.199099128283624527e-01 8.136227312739434669e-01 8.502722112148676237e-01 8.392313355688982845e-01 8.284448715195172896e-01 8.468539435164638141e-01 8.347563404410527355e-01 8.358412226342621931e-01 8.396918942192195257e-01 8.548038979249376057e-01 8.343782066332526837e-01 8.099350181818700811e-01 8.366806238749110447e-01 7.848637236322855149e-01 8.271962571432699418e-01 8.410079079517532863e-01 8.245174189225666916e-01 8.360175065289536800e-01 8.235099653149021703e-01 8.422906297786720842e-01 8.386268656750421879e-01 8.451036620616190209e-01 8.350098889973374128e-01 8.442656035122985125e-01 8.307321024502891671e-01 8.301623901142803907e-01 8.393225842443292617e-01 8.440791606636590672e-01 8.503448243780492577e-01 8.370932664061859763e-01 8.403547804829504253e-01 8.197121251300630851e-01 8.275036721121249439e-01 8.328472046849855204e-01 8.224943214088693555e-01 8.226338739179042125e-01 8.551125490300617304e-01 8.531346778057824487e-01 8.499412518528897120e-01 8.353245587949451600e-01 8.512635187891871569e-01 8.392353214595172917e-01 8.417339021100481711e-01 8.470856664655745938e-01 8.481695125150625625e-01 8.475518626189758598e-01 8.434786098197889492e-01 8.408656790058040009e-01 8.389455647705922336e-01 8.482322905164962901e-01 8.438416382068251176e-01 8.417677682695345887e-01 8.457045737925933393e-01 8.479174813446836989e-01 8.487059916030439410e-01 8.483797645101867069e-01 8.407742373713683603e-01 8.455356832927055644e-01 8.307811784219024664e-01 8.358737951047706671e-01 8.425160121173854710e-01 8.403837850382521735e-01 8.410126136108467820e-01 8.446166009491721249e-01 8.412330850244831293e-01 8.456128000344801388e-01 8.437095930971258984e-01 8.384365065864591848e-01 8.462758630996642939e-01 8.484021414323884569e-01 8.461687046616678254e-01 8.455966080813117625e-01 8.454850026386467876e-01 8.430508802603653429e-01 8.461490874590041900e-01 8.464570087315869129e-01 8.494748450493009306e-01 8.488222649075304327e-01
4.421226479881910920e-02 1.809704861771761208e-01 2.812897637957024743e-01 3.849357948466402002e-01 3.113788567636394666e-01 4.510219727909579590e-01 5.610858940077712020e-01 5.482140497678724689e-01 6.372375007520189039e-01 1.000000000000000000e+00 6.320518357113872332e-01 6.382562674530782854e-01 6.263578171358518132e-01 6.125594832723344485e-01 6.811965234096775124e-01 6.605628348812446760e-01 5.910670187996673874e-01 4.595865926387160405e-01 4.972875466245618714e-01 4.356236360893714354e-01 4.415879693988482568e-01 4.907678045572531622e-01 4.957649116146206070e-01 4.793609359897570421e-01 4.984753897719438331e-01 6.086779366550549852e-01 5.912959257548772163e-01 6.148103808971780992e-01 5.870752160922272367e-01 5.758132664780739596e-01 6.012601887129302991e-01 6.774040150534104132e-01 6.178837504695521288e-01 6.130096992753333307e-01 6.023235757035522164e-01 6.031272081228080673e-01 6.061320275243339273e-01 6.804957295356024449e-01 6.662404941742355868e-01 6.733670106916058717e-01 7.052950598212581745e-01 6.933976980478468999e-01 6.814654826338740756e-01 6.978852429897827170e-01 6.748669398117334017e-01 6.878216804009171792e-01 7.168411203554631017e-01 7.246574554249107791e-01 7.084203474827795999e-01 6.639748007251253803e-01 7.029609400178133960e-01 6.342702903598588238e-01 6.889312631819304311e-01 7.215118715403481264e-01 6.951168338578241901e-01 6.996384562710760147e-01 6.928857120194923391e-01 7.110779170108505465e-01 7.116287978701326677e-01 7.164496982169304973e-01 7.100272410626926600e-01 7.145826049068231267e-01 7.055737212197952246e-01 6.899402917794885681e-01 6.907519893809057621e-01 7.067783427892532222e-01 7.158695192409618713e-01 6.962130328438009830e-01 7.046491706600377380e-01 6.733885448129542928e-01 6.800848305353180967e-01 6.877506780722526525e-01 6.728875547474680863e-01 6.752856620153101508e-01 7.119586980102832197e-01 7.070715875531602412e-01 7.117204611110138357e-01 7.010859058595485527e-01 7.052026688706881652e-01 6.919708079441192483e-01 6.937329232898996612e-01 6.983401687279777725e-01 7.124969595343163542e-01 6.978052087551882554e-01 7.042020236426062008e-01 6.995147893768196568e-01 6.977127531652913550e-01 7.175474392632290588e-01 7.098342216335751242e-01 7.171134224034368954e-01 7.117614371208262902e-01 7.173732924983696746e-01 7.110759296400540608e-01 7.133478172026681552e-01 7.188327127952740536e-01 7.229095325063092936e-01 6.996830762615404709e-01 6.985255112022700219e-01 7.161922051151261570e-01 7.144437330321420365e-01 7.100100900028601947e-01 7.154251469667742835e-01 7.117669633892121928e-01 7.153650000430199496e-01 7.047252217751871495e-01 7.103382279629880669e-01 7.193690267209652545e-01 7.209931453847763239e-01 7.186380744694468303e-01 7.196018894564447654e-01 7.197202200814255546e-01 7.188210231177173393e-01 7.214548790485397767e-01 7.165419150645363500e-01 7.118515896367680895e-01 7.180598284540651299e-01
3.230080349465470901e-02 1.153548121759663120e-01 3.800537202851297924e-01 5.622431284123697859e-01 4.360359528955166653e-01 5.401918407581981496e-01 7.253643082861191971e-01 6.932681632135152539e-01 7.499364387300425649e-01 6.320518357113872332e-01 1.000000000000000000e+00 8.415452838407069258e-01 7.414436969319863069e-01 7.679470390678284630e-01 8.514603657360825251e-01 8.287430347156251598e-01 7.438299739893584617e-01 5.935516072757898165e-01 6.676542174011541597e-01 5.688281060407145429e-01 6.074396267272746952e-01 6.812927795887585569e-01 6.463934903278762967e-01 6.549201832783175803e-01 6.754959930789530276e-01 7.517280335743101727e-01 7.713530461300174279e-01 7.669990708094360787e-01 6.923743366251151610e-01 7.500768170428372406e-01 7.752839608435467822e-01 8.165011012912635202e-01 7.588491879434374754e-01 7.818242912658085464e-01 7.584474136454364412e-01 7.804603781217639424e-01 7.882039179508664173e-01 8.295987395665261888e-01 8.350968798740758814e-01 8.265422317293298349e-01 8.616674869229853373e-01 8.596236296746928573e-01 8.578239399173011037e-01 8.732635382867020013e-01 8.624851915329558860e-01 8.525717658365129514e-01 8.698402928139359336e-01 8.660876116741698105e-01 8.558208723180208422e-01 8.239483458316917419e-01 8.571940004284626102e-01 8.336887227657066024e-01 8.650743807266084717e-01 8.495476529916456965e-01 8.221093362894794643e-01 8.279824410983768201e-01 8.446148198818365094e-01 8.652265498776243735e-01 8.586178553210810360e-01 8.723839673167738118e-01 8.745926047395505831e-01 8.651522824435585735e-01 8.521797923836922362e-01 8.592794262574474651e-01 8.612526870504763066e-01 8.661392378445432749e-01 8.738266305118397304e-01 8.594939763909137387e-01 8.628271683512739321e-01 8.457915979764838443e-01 8.625343836461094593e-01 8.674081736211657345e-01 8.497827562416374603e-01 8.575042285096209360e-01 8.739062555782096675e-01 8.740540664094514911e-01 8.672599965573468683e-01 8.435509783081663882e-01 8.689253090418553871e-01 8.648655919116897683e-01 8.688230735146150741e-01 8.687219924889278966e-01 8.739217983311531324e-01 8.613183204501921875e-01 8.679447407638066769e-01 8.658775090899881732e-01 8.747475412791306804e-01 8.712056919364719043e-01 8.774993419028521702e-01 8.622951559482455730e-01 8.763059563637229932e-01 8.784295982936023428e-01 8.838939756685331162e-01 8.785644157383170061e-01 8.736803327602420399e-01 8.748976649925946925e-01 8.708561653017021786e-01 8.596469437351766940e-01 8.757587063298886143e-01 8.745008867355175131e-01 8.804173296658698300e-01 8.750537477307225309e-01 8.769806124539458736e-01 8.788891667383585959e-01 8.786167320129422142e-01 8.633077102721299356e-01 8.736882745100152947e-01 8.711296494205582608e-01 8.623296355678006231e-01 8.751127124720018413e-01 8.718716151865726349e-01 8.761558066051498006e-01 8.728737592580961824e-01 8.769080117604491909e-01 8.758536466354066574e-01 8.737850644890826635e-01
-3.537843296975858032e-02 1.023903315542080000e-01 4.044131281979326809e-01 6.550519976870707861e-01 4.577113842645569308e-01 5.517945462948509183e-01 7.438185897545591674e-01 7.346238443086843262e-01 7.484178578583343677e-01 6.382562674530782854e-01 8.415452838407069258e-01 1.000000000000000000e+00 7.913846918756358706e-01 7.930183228200367029e-01 8.854821173358815578e-01 8.700899966653894424e-01 7.448079926477620960e-01 5.553495729492553545e-01 6.250261793038104363e-01 5.812086109180109039e-01 6.129156065402889819e-01 6.718542152269769696e-01 6.182222451010456199e-01 6.395076889518293006e-01 6.513849869245563751e-01 7.392754816991147226e-01 7.499379076209825579e-01 7.417660492762155888e-01 6.645120953207057646e-01 7.171964156534237356e-01 7.686255287308736417e-01 8.195813796336056667e-01 7.375986363293846049e-01 7.953604894106743872e-01 7.332009092325816324e-01 8.149281186870218630e-01 7.865486838288463511e-01 8.449100791659024390e-01 8.526245820353397509e-01 8.434062966290563068e-01 8.802000742448380377e-01 8.774663823542974139e-01 8.836744507605491794e-01 8.959346947096376024e-01 8.823108066208832367e-01 8.631752997550555806e-01 9.036592600093960037e-01 8.912401890668267823e-01 8.870022583848858888e-01 8.516665954220343782e-01 8.807007502448122027e-01 8.751575851289543628e-01 9.042263855714730569e-01 8.673291104582745437e-01 8.290361263554685278e-01 8.340557658115362871e-01 8.702685109596348667e-01 8.875293059987774402e-01 8.803112689883433317e-01 9.061652542407152566e-01 9.082349535132620000e-01 8.890838245533780881e-01 8.755283605306661832e-01 8.923411806883155828e-01 8.867190272343449253e-01 8.974530430087557242e-01 8.979595333868805040e-01 8.662335572094405078e-01 8.792493065128069718e-01 8.682960150027451141e-01 8.783100158419995251e-01 8.847212779295628993e-01 8.695127196330670882e-01 8.707763178594576381e-01 8.918183350436168499e-01 8.885703641611261139e-01 8.845621446788852760e-01 8.488815592298005752e-01 8.864516138448340632e-01 8.764020548658503218e-01 8.828029678681030834e-01 8.894493875233110414e-01 8.966733030435173335e-01 8.683859840280188092e-01 8.974810191237218016e-01 8.922600344225993796e-01 9.043910891342302749e-01 8.992888927586444314e-01 9.067636523354759559e-01 8.801032733380128592e-01 9.020582512741149861e-01 9.087307042375997179e-01 9.117671434695797661e-01 9.047167818242608517e-01 9.080151534749136832e-01 9.046483291991865849e-01 9.141619789714177102e-01 8.897231496656586858e-01 9.092647079167064383e-01 9.092470364919272852e-01 9.155870302568035468e-01 9.054939349104320634e-01 9.126913377790267790e-01 9.133006424035678972e-01 9.126256237009268135e-01 8.904579434142247951e-01 9.053417821880168637e-01 8.937095478246935842e-01 8.800839204060593168e-01 9.042128403021397753e-01 8.996965278512997211e-01 9.095972746793409280e-01 9.032437651368744325e-01 9.105086089395203475e-01 9.047040866412494609e-01 9.049273037855001256e-01
-2.979115107650682701e-03 1.245808266197882819e-01 3.249257838696587575e-01 4.987459946769338126e-01 4.241657502264641888e-01 5.352198775603539405e-01 6.823820068889782098e-01 6.926697089732231083e-01 7.251998106000998590e-01 6.263578171358518132e-01 7.414436969319863069e-01 7.913846918756358706e-01 1.000000000000000000e+00 7.491503609558649579e-01 8.239981399150569930e-01 8.255402535549284382e-01 6.824336360140333957e-01 5.210402770915401049e-01 5.779229346138732293e-01 5.122159370078377405e-01 5.425241366657286290e-01 5.975258377359645712e-01 5.809335608147706553e-01 5.784068560633657263e-01 5.992637647767991016e-01 6.913812129748255764e-01 6.854941480299592271e-01 6.892787045085925213e-01 6.489632810519440076e-01 6.697712552275142395e-01 7.100646411148116011e-01 7.842120221120156831e-01 7.076349916373266824e-01 7.314693735013660936e-01 6.941145705828510870e-01 7.404175142234838969e-01 7.247630994262538318e-01 7.813845790548569203e-01 7.821704734553133198e-01 7.762928003121359888e-01 8.168320467993926970e-01 8.087936058604445755e-01 8.149840375441884666e-01 8.317393496744853731e-01 8.102668530484949949e-01 8.040628204294376635e-01 8.525397329604996743e-01 8.457007368958548987e-01 8.361996403946575507e-01 8.027664155205933572e-01 8.248698107910180655e-01 7.918000822116654236e-01 8.331633153514125256e-01 8.297845437904078914e-01 8.003809119585959531e-01 8.044917287678901019e-01 8.221040568597005604e-01 8.304349782785238610e-01 8.236298145927294367e-01 8.497082561923051669e-01 8.524867667563741369e-01 8.398881059593310550e-01 8.279970881507016101e-01 8.276566528331354977e-01 8.237019305238856282e-01 8.380963634719950095e-01 8.476420058172825511e-01 8.172676607830937634e-01 8.337976954108585748e-01 8.006603479702170123e-01 8.127812747591086628e-01 8.236292774153713969e-01 8.033076662082891950e-01 8.105511328964287721e-01 8.373605968163447821e-01 8.311522479195642132e-01 8.323371700242057081e-01 8.093094668137773562e-01 8.307603714456686106e-01 8.242384745824374859e-01 8.286805325131590960e-01 8.320182573984155061e-01 8.419594694489571651e-01 8.214877253343726426e-01 8.408304384594466052e-01 8.322583538586623142e-01 8.403421753651409976e-01 8.429228598131442984e-01 8.428164169531164873e-01 8.388315916456623444e-01 8.432212209613716425e-01 8.487417041284367469e-01 8.486122415717892720e-01 8.468452289239382091e-01 8.574137530421375164e-01 8.549858134261019149e-01 8.457634904631630146e-01 8.395029362387815830e-01 8.536870911154933461e-01 8.493291660654669339e-01 8.509782605888478457e-01 8.495552503616800033e-01 8.523616658374839616e-01 8.536192624333819312e-01 8.494552628285262363e-01 8.414647781139128480e-01 8.529858879793578152e-01 8.484500641265406706e-01 8.405438161767461169e-01 8.519027273682863166e-01 8.456312899692606244e-01 8.536825546374916529e-01 8.510559792252804234e-01 8.519310832905390152e-01 8.468354233176401680e-01 8.507782212280119438e-01
