1.000000000000000000e+00 1.279795186066260693e-01 6.080220797169540170e-02 1.710336267098342966e-01 1.224162070416029841e-01 4.942953438359459772e-02 4.608554382213374961e-02 8.554476036642107151e-02 1.388390416328918187e-01 2.039993587263445526e-02 3.946203645024472934e-02 5.947870988691743299e-02 3.941245573106265387e-02 3.639853736842278004e-02 2.105853446835077511e-02 4.691885317987579129e-02 7.307271194268717684e-02 7.371837381066614903e-02 6.412685189602508606e-02 8.822532031301090483e-02 7.754273030803962574e-02 9.551491606267110968e-02 3.572160335115362462e-02 7.633592971916393355e-02 6.290827219461832265e-02 6.436784067915178598e-02 4.066937507684966618e-02 2.728838695432684452e-02 8.157891108471740371e-02 5.006809204975909422e-02 3.223655867622979981e-02 1.981988650486408293e-02 -1.280167421405386564e-02 2.637316060214695695e-02 1.744074395270429553e-02 3.142201549896021101e-02 3.104648621499190783e-02 9.727566441802707256e-03 8.231474982193481837e-03 -1.340108318112213232e-02 2.118653234128635085e-02 -6.529718308903516809e-03 1.469158459344935448e-02 2.451245887294318734e-02 2.925525656062605978e-02 1.269950240126158959e-02 7.326184594304529542e-03 2.383672505742964395e-02 9.904931093618686219e-03 2.174843319746015691e-02 1.059912662390143957e-02 3.927753818779469025e-02 1.187792542092703033e-02 2.750268338601129930e-02 2.547097574880557644e-02 2.016857533102517364e-02 3.955023364516863787e-02 9.506153034818479522e-03 1.581533418014220357e-02 4.897186667453359843e-02 8.369210000685817913e-03 3.709079738332394377e-02 2.178950937948859537e-02 4.105104006003067185e-02 5.773615517795430835e-02 4.709528897099065498e-02 2.224602625755861887e-02 2.011027080007436046e-02 1.442143620139406564e-02 3.339845006746871431e-02 3.285334107239717971e-02 2.395385108001095442e-02 3.559472468505705395e-02 2.640827159264726165e-02 2.368466469542340747e-02 2.180032967671150651e-02 1.358197497008786260e-02 3.005904537972041435e-02 1.737151511256671693e-02 2.079416103805904401e-02 4.181463753290815683e-02 1.565585931225098315e-02 2.190978169754837640e-02 5.769929678918287938e-03 1.311787803991872059e-02 1.188356977873268779e-02 1.177344354406775415e-02 1.302196993300587524e-02 8.259480989601051745e-03 3.040175162778806575e-02 -6.421542583528307840e-03 4.726308053663201732e-03 1.388002381364981594e-02 3.082788026671209446e-03 3.252255067591455773e-03 1.420439057332392729e-02 1.530298516805071382e-02 4.398475933542705940e-02 8.575154392009154067e-03 1.656233702442058350e-02 2.442630999685559915e-03 1.907191972978193942e-02 2.202948204632233439e-02 1.813874913733446934e-02 2.613658041976927790e-02 3.415573491395909600e-02 2.653957666710465846e-02 1.561912723735310593e-02 1.916070459344131754e-02 1.942177571423678306e-02 1.682453216938690349e-02 3.068227095488649733e-02 2.026312829466674417e-02 2.919136304487673916e-02 3.770245105784630901e-02 3.445465819710728100e-02
1.279795186066260693e-01 1.000000000000000000e+00 9.195890209259544035e-02 1.298250789873890698e-01 9.787301809629694871e-02 1.374258041601705838e-01 1.580436270722105074e-01 1.379049922449530341e-01 2.018841764827967455e-01 2.105770710416652314e-01 1.723819294654108936e-01 1.495623415951070623e-01 1.577668023288930355e-01 1.226133549938001055e-01 1.549280003489859892e-01 1.678334275627694772e-01 1.848345200332029425e-01 1.588970512337142815e-01 1.582042959034525298e-01 1.028405143101835811e-01 1.566325383362145718e-01 1.645729180796495772e-01 1.633838425697616559e-01 1.526956096726911905e-01 1.495999442311247707e-01 2.004490267576264639e-01 1.667378849714941935e-01 1.820611745314366647e-01 2.014437880821991211e-01 1.868498210398465698e-01 1.846140366775473052e-01 1.753860262850010510e-01 1.552753416184767254e-01 1.498989265073013832e-01 1.597542140357748053e-01 1.518494326535502204e-01 1.587157519959043472e-01 1.611236549815442676e-01 1.590791519970205792e-01 1.434026455948322620e-01 1.734229264992862840e-01 1.557003898616687587e-01 1.473713710467412785e-01 1.596890754835433024e-01 1.601503513140762891e-01 1.618748209577948738e-01 1.593665975301550020e-01 1.684545025365035420e-01 1.566701088113443552e-01 1.382680301606420692e-01 1.549325949104632949e-01 1.044676423012893124e-01 1.388983094489822934e-01 1.606563728264785162e-01 1.517163458345346938e-01 1.572813728953574575e-01 1.521101422138218806e-01 1.523443681625401558e-01 1.541902270102745720e-01 1.758697500518875967e-01 1.457324470114203241e-01 1.584823790198246762e-01 1.475191785948433698e-01 1.658969658909388023e-01 1.687183167291948227e-01 1.617530899474161621e-01 1.693928569881094082e-01 1.704258304708897165e-01 1.795407929711451689e-01 1.550976655429993356e-01 1.653365342569801943e-01 1.666781447453489495e-01 1.633066967401162750e-01 1.615207156578942205e-01 1.778038265683071772e-01 1.717383236502849353e-01 1.752479425822516257e-01 1.828452894207327484e-01 1.835868168804375977e-01 1.749354522653371879e-01 1.715537473452521666e-01 1.753414963356650091e-01 1.644711854274708840e-01 1.676057165061748955e-01 1.517504978036361141e-01 1.608801385501716086e-01 1.640342962138323923e-01 1.659063699554696736e-01 1.620926701349347521e-01 1.715219922272523401e-01 1.602255142281503453e-01 1.627433328590317529e-01 1.630585493314606338e-01 1.659914836491765966e-01 1.610102814403857885e-01 1.671191341619991388e-01 1.439594090571824914e-01 1.537189840654282769e-01 1.528527575030479702e-01 1.552792215107825224e-01 1.527202541127484492e-01 1.540011342765342794e-01 1.592796832073266611e-01 1.592330883655261597e-01 1.521939709317157718e-01 1.547577670979654041e-01 1.607819124661136467e-01 1.688996103871099053e-01 1.667468708948390832e-01 1.650678987188921032e-01 1.601655215204592919e-01 1.677976585312584146e-01 1.603298575830859329e-01 1.656394507536457783e-01 1.678992799347621134e-01 1.656774081689662559e-01
6.080220797169540170e-02 9.195890209259544035e-02 1.000000000000000000e+00 3.498463124277333969e-01 2.120296393990264150e-01 2.553026216684108896e-01 3.409334784152796560e-01 3.497005076602537899e-01 3.565018351343717806e-01 2.832588193187489112e-01 3.714780014849338730e-01 3.797498850656084723e-01 3.251302118592174217e-01 2.645222879463060561e-01 3.790535390346953526e-01 3.674647802084269332e-01 3.587891532318618348e-01 3.598940561492213752e-01 3.922229629512439253e-01 3.027818953040325445e-01 3.576477189298531423e-01 3.859782288380271265e-01 3.845961841547758109e-01 3.896714805806707482e-01 3.671625824266283034e-01 3.750629540874743095e-01 3.726388842082048458e-01 3.822246818601312546e-01 3.889937562625799816e-01 3.939842157236034814e-01 3.872540690245409034e-01 3.996897225875962745e-01 3.722014809950844327e-01 4.030180028375686674e-01 3.707046043180994288e-01 3.849299680884954999e-01 3.913901141841876763e-01 3.896611871640676683e-01 3.875958844239207335e-01 3.725658600683277588e-01 3.826583415780341335e-01 3.627037278523337904e-01 3.775827702380729067e-01 3.749637871140730216e-01 3.857104558500437652e-01 3.776558015505772081e-01 3.716976977198380161e-01 3.691473308085014282e-01 3.734730748214284413e-01 3.860546708122703508e-01 3.883553945351788661e-01 3.707724091802202526e-01 3.671894986430788710e-01 3.658866136300276128e-01 3.704505975362815673e-01 3.823958560351987113e-01 3.817105483893490914e-01 3.600146663328728236e-01 3.710756425548810689e-01 3.694403777904750052e-01 3.734547099518784052e-01 3.690254293054166523e-01 3.733504524080243914e-01 3.800807791962261262e-01 3.765401282002611705e-01 3.818160866649882301e-01 3.756700215467145831e-01 3.887290106153517555e-01 3.928581871572313089e-01 3.887508328448910921e-01 3.970432212989279952e-01 3.825963126079259813e-01 3.975780210666420844e-01 3.931438147841787578e-01 3.790399718297810527e-01 3.813629911349489254e-01 3.810558436999879062e-01 3.903949757859558334e-01 3.864488489939832960e-01 3.819288030774720122e-01 3.890538606852700365e-01 3.822763894657605355e-01 3.907055871128690683e-01 3.774878499425647349e-01 3.860610515497664985e-01 3.896706688883891934e-01 3.852237461272859931e-01 3.788428766515321566e-01 3.793800982880314310e-01 3.814483004090505891e-01 3.780502429680748233e-01 3.738955202367328923e-01 3.821166210602113811e-01 3.736458866707759174e-01 3.637913901596763755e-01 3.673921295406200604e-01 3.703899107509250332e-01 3.763959342696506782e-01 3.719733281970779570e-01 3.810730083332757867e-01 3.740344708397635443e-01 3.771681963110209423e-01 3.726411342811530303e-01 3.706211872742780633e-01 3.812235978372562339e-01 3.688313679399496947e-01 3.760261043034993644e-01 3.681623602887879598e-01 3.742701474165254782e-01 3.687402146115716928e-01 3.685562610679428142e-01 3.705463394431478541e-01 3.701388778992523720e-01 3.746154214406433036e-01 3.753448659715024061e-01 3.753600436959830811e-01
1.710336267098342966e-01 1.298250789873890698e-01 3.498463124277333969e-01 1.000000000000000000e+00 3.662411456904143270e-01 4.182857508226716092e-01 5.703776311532898768e-01 6.000208229620209721e-01 5.785586872085072274e-01 4.371103560453801773e-01 5.715105344636878248e-01 6.315397317849356096e-01 5.262048535411960604e-01 4.394416528293541568e-01 6.014093630080312725e-01 6.270246264911238931e-01 5.796667532481717400e-01 5.661692805468976353e-01 5.896425352000185249e-01 5.429259964576778064e-01 5.621574926091086333e-01 6.327461685590649587e-01 5.655883724922825539e-01 5.597609407368244749e-01 5.694554716371136305e-01 5.727791925049469102e-01 5.719012252498858473e-01 5.657063713258778659e-01 5.572016008412901122e-01 5.926196649912474079e-01 5.906431627613198954e-01 5.962959143437991383e-01 5.439733916963787053e-01 6.102762408792372639e-01 5.758749437336733168e-01 6.035702768987070144e-01 5.979072366376431136e-01 6.039822606906339875e-01 6.051326877134602933e-01 5.659521258215787221e-01 5.867252546661325674e-01 5.777510329470565420e-01 6.026974129303617200e-01 6.011604114314073044e-01 6.063834249114228303e-01 5.905445519347986005e-01 5.729562392196861920e-01 5.924755652934170502e-01 5.967813524685215976e-01 6.070926610740117191e-01 6.119207246513512777e-01 6.108606681592357868e-01 5.943139919692359552e-01 5.952447776311479144e-01 5.883706153040887399e-01 6.050438001546772915e-01 6.329573985385699153e-01 5.813067997802159326e-01 5.983306083069532821e-01 6.068550975995939956e-01 5.973933265543580617e-01 6.108270619525365541e-01 6.097596482379942229e-01 6.216311024529947993e-01 6.226805605893452888e-01 6.253033841356747669e-01 5.930974736777087086e-01 5.956740257111629022e-01 5.911161329184102531e-01 6.192516937307234182e-01 6.202535332210377117e-01 6.003759885859114576e-01 5.971058352856759566e-01 6.070985077756224646e-01 5.888180914166457613e-01 5.831195711427343831e-01 5.810773733904672778e-01 5.831101176611525050e-01 5.840063393223763333e-01 5.894184464681243574e-01 5.939381677823099004e-01 5.865826959911157878e-01 6.151648411374824876e-01 5.853173683648469350e-01 6.050588569990188459e-01 6.003622988752440603e-01 5.938507737410096965e-01 6.006153000626955896e-01 5.943134865722229376e-01 6.118720681033227304e-01 5.805754313545138379e-01 5.830963524741082926e-01 5.982832119917185221e-01 5.821737252518625061e-01 5.792080453279198071e-01 5.849324334697388883e-01 6.049520085147521709e-01 6.206326820356106166e-01 5.969410679734989955e-01 6.036976888052667523e-01 5.945775732109682687e-01 6.131653293086403167e-01 5.935112302298568565e-01 5.958427930011951368e-01 6.130386609260857211e-01 6.112706075836059627e-01 6.027885057914104117e-01 5.855410795950583003e-01 5.960835817370652157e-01 5.905000213688462729e-01 5.954305824919186030e-01 5.982928563618502560e-01 6.009163955198056906e-01 6.071357265079614374e-01 6.086696049030044797e-01 6.078845259973880699e-01
1.224162070416029841e-01 9.787301809629694871e-02 2.120296393990264150e-01 3.662411456904143270e-01 1.000000000000000000e+00 3.062521748725855475e-01 4.469680791922942542e-01 4.702243201958777874e-01 4.703747618990242185e-01 3.664101447084073815e-01 4.329516730434839755e-01 4.873400529369669165e-01 4.661168929327806354e-01 3.510276450628322387e-01 4.786267557366105097e-01 5.055949388669680467e-01 4.349210054428904182e-01 4.305149546868100030e-01 4.437925636845163058e-01 4.025658869044317356e-01 4.390193993583023091e-01 4.674356980059479194e-01 4.216249133344667221e-01 4.271658842811718593e-01 4.284944537511433671e-01 4.445675381763717349e-01 4.540671816469119548e-01 4.561567504216869073e-01 4.697200430584305142e-01 4.859918268487566917e-01 4.792082088329721046e-01 4.613870350949562660e-01 4.124053420714333673e-01 4.637575967386756148e-01 4.552452518770738199e-01 4.732431772349962040e-01 4.622116493452070873e-01 4.552053432829487600e-01 4.721716301985518505e-01 4.340736242238100728e-01 4.739724172170523553e-01 4.686689869295208588e-01 4.863239957603749386e-01 4.822804807978093300e-01 4.775871013518208641e-01 4.737782507104338348e-01 4.695329339161140036e-01 4.791475950115643423e-01 4.711295009320077276e-01 4.460502973348373090e-01 4.625097830462683302e-01 4.558385861258791860e-01 4.665482319124225064e-01 4.788563665006977388e-01 4.640111281800662346e-01 4.719883065442949110e-01 4.823371819559603146e-01 4.772323641680030204e-01 4.645367794236918702e-01 4.969214343979129200e-01 4.820925342281362491e-01 4.882359569241220276e-01 4.817140936020539166e-01 4.760694635048082213e-01 4.912970910691364934e-01 4.898756241536649236e-01 4.762035830067487541e-01 4.794222556257234924e-01 4.782135683492889644e-01 4.888433249811858228e-01 4.874866829853236050e-01 4.779761453407765925e-01 4.744663320880787571e-01 4.770574176725715376e-01 4.756324647977430709e-01 4.756107352776861030e-01 4.711640861812945169e-01 4.882670988586574334e-01 4.729778887260699394e-01 4.848858232220985554e-01 4.795021985749422511e-01 4.796974047384782169e-01 4.732536353858344813e-01 4.692082208662949894e-01 4.725733229211062647e-01 4.771199567645888484e-01 4.775384360295800157e-01 4.760020715474387876e-01 4.747945081009942725e-01 4.832905241265859630e-01 4.600135482073974269e-01 4.749359017255488924e-01 4.800714029611178324e-01 4.747076145064046959e-01 4.706267706660179906e-01 4.777345685711548717e-01 4.712806633193561412e-01 4.773418415581194840e-01 4.780600339097406670e-01 4.732080225271346752e-01 4.816034708626639183e-01 4.784878332898199194e-01 4.774561619437325821e-01 4.857532284390276844e-01 4.853411262527874692e-01 4.846362784895636988e-01 4.748608131987829828e-01 4.765124332569015686e-01 4.835690178145592988e-01 4.808737113972342270e-01 4.781086886393141611e-01 4.875535650476011673e-01 4.821151205419689778e-01 4.860245031020955508e-01 4.875766524113221423e-01 4.854759883889252503e-01
4.942953438359459772e-02 1.374258041601705838e-01 2.553026216684108896e-01 4.182857508226716092e-01 3.062521748725855475e-01 1.000000000000000000e+00 5.312169411378834250e-01 4.494092342262704376e-01 5.210923864909832171e-01 4.715257033618426297e-01 5.440498294825795167e-01 5.793157800604255003e-01 5.114670321469015901e-01 4.345987406556829358e-01 5.813696237518151122e-01 5.556008147867438351e-01 5.460277164470257460e-01 5.135058286360464352e-01 5.458950940210365310e-01 4.188054142508775279e-01 4.793375138927961632e-01 5.494607401372498812e-01 5.177848472443939976e-01 4.943236590686942988e-01 5.207573846690828345e-01 5.617552712335129872e-01 5.616589333105372894e-01 5.709455575313088227e-01 5.268686785819335361e-01 5.762078328048471088e-01 5.865033947728848229e-01 5.658485397847148324e-01 5.345560237435544870e-01 5.636137581933283736e-01 5.544955290289105276e-01 5.585071048673553307e-01 5.770950133721798325e-01 5.832053205892797632e-01 5.904928892292841125e-01 5.684763573966278294e-01 5.920884117658901102e-01 5.939150773473844680e-01 5.811078222291889972e-01 5.965063618180194149e-01 5.928963025440266987e-01 5.964629802870670128e-01 5.929751180885903805e-01 5.958297793472066006e-01 5.957915382330700726e-01 5.709467871855979926e-01 5.895208517372546586e-01 5.727860023325215266e-01 5.886234332278516002e-01 5.884434903829980357e-01 5.776195144982209095e-01 5.826276245180147528e-01 5.816206141026332155e-01 5.872145768360622631e-01 5.844925474069309068e-01 5.953487407172108892e-01 5.955828896143147144e-01 5.832130225062638340e-01 5.810007704036297405e-01 5.935741032826215013e-01 5.893955285881682382e-01 5.917128886951402711e-01 5.974012961646100184e-01 5.953496112164766707e-01 5.939559062898126518e-01 5.819962708780674898e-01 6.013838702386815616e-01 6.018165057088348258e-01 5.816494741171746030e-01 5.991736268613876426e-01 5.996372125719247048e-01 5.966503838133213611e-01 5.972496925560782932e-01 5.832738155368001332e-01 5.973812839706418298e-01 5.963487721598916824e-01 5.943545383427896178e-01 5.972914558536103202e-01 5.958530829580405141e-01 5.925741469275588313e-01 5.944775023089433619e-01 5.980773202464246818e-01 5.989409968581068666e-01 6.019410124397622797e-01 5.983313056977975775e-01 5.977276011628218644e-01 5.969502061446075869e-01 6.011385667451230042e-01 6.038096471946731159e-01 6.004318918243348735e-01 5.973247856979729820e-01 5.981880788512173863e-01 5.929585714105057859e-01 5.916017132293247549e-01 5.979086107120953342e-01 6.005745057050991820e-01 6.015725379007894613e-01 5.962094206738569602e-01 6.012189421125619937e-01 5.996011228955645533e-01 5.990775641211146807e-01 5.902174479391278927e-01 5.987821369642776226e-01 5.987108544339533323e-01 5.971393392869880357e-01 5.974127291938636786e-01 5.952674423338438769e-01 6.005973904339683145e-01 5.952618766447436149e-01 6.002152741684021464e-01 5.954883608213402679e-01 5.963012469157515927e-01
4.608554382213374961e-02 1.580436270722105074e-01 3.409334784152796560e-01 5.703776311532898768e-01 4.469680791922942542e-01 5.312169411378834250e-01 1.000000000000000000e+00 6.904218036625608956e-01 7.200796856074791474e-01 6.430570054867280616e-01 7.359409601180518790e-01 7.814770934264865243e-01 7.093278088367300782e-01 5.937420179432197909e-01 8.365942584026339057e-01 7.813099712087083759e-01 7.022521764007693124e-01 6.798118739720925285e-01 7.141024204994035340e-01 6.096923854545552857e-01 6.380305133505003168e-01 7.327170417184757367e-01 6.960510393370462623e-01 6.686225345135629050e-01 6.921821730568794573e-01 7.308128920736663980e-01 7.552148366224608056e-01 7.620529376992986048e-01 7.120622603810758955e-01 7.885925422244212113e-01 7.887371603153794375e-01 7.722202624984826347e-01 7.169255997210395304e-01 7.680943309505483541e-01 7.568857877665756684e-01 7.376941938826180323e-01 7.604786293564156363e-01 7.903040826518424877e-01 7.963738507765862895e-01 7.579313469137332060e-01 7.853521600806693259e-01 7.987722540066632959e-01 8.012528399139471347e-01 8.100447539832270616e-01 7.917111311467611712e-01 8.073235548137607243e-01 7.856983831814630115e-01 7.958916428104939600e-01 7.972054007600958281e-01 7.718124600830097437e-01 7.971859753746389776e-01 7.639731644439564651e-01 7.869508865064432923e-01 7.869101913046256946e-01 7.766851200087060425e-01 7.804527694979380703e-01 7.842459657442966137e-01 7.898443319444909960e-01 7.898974122213778815e-01 7.962980758209602383e-01 8.015425597176214501e-01 7.953634259001000073e-01 7.842515005112830062e-01 7.909399284337149671e-01 7.841639600793264275e-01 7.934458778879011076e-01 7.945297767953777290e-01 7.965126650729659197e-01 7.987745930088396840e-01 7.992543648562833170e-01 7.988090973734595091e-01 7.991032802613938779e-01 7.853284232537508514e-01 7.941530456512069236e-01 7.933699252662785861e-01 7.936669813971793941e-01 7.972353152105861041e-01 7.848116931462562063e-01 8.025097550333492036e-01 8.016141073033407061e-01 7.969994702850012880e-01 7.970676604605128057e-01 7.974978145901825410e-01 7.954969426641995689e-01 8.015790018918255155e-01 8.013129060543436877e-01 7.940769753210816795e-01 8.096053865512380376e-01 8.026870448084350018e-01 8.011380591943192409e-01 7.964501709036577726e-01 8.013338211539469125e-01 8.006116354537639035e-01 8.037227556128659911e-01 7.927642590381840382e-01 7.949178996392592955e-01 7.899635465331433792e-01 7.825367751183169851e-01 7.937125744273648698e-01 8.035636131967323070e-01 8.066343305963281640e-01 7.927702545047853322e-01 7.944614334447017701e-01 8.016605599145755212e-01 7.971940870398447343e-01 7.845574271165427493e-01 7.924736955513774772e-01 7.947752659245600482e-01 7.953525507493965918e-01 7.973952766994842900e-01 7.942621599137057453e-01 7.977206328729828932e-01 7.950993050882716462e-01 7.962019605459033089e-01 7.886273527336296052e-01 7.937122688325534137e-01
8.554476036642107151e-02 1.379049922449530341e-01 3.497005076602537899e-01 6.000208229620209721e-01 4.702243201958777874e-01 4.494092342262704376e-01 6.904218036625608956e-01 1.000000000000000000e+00 6.712675761339828018e-01 5.574748434997556235e-01 6.732631055047494373e-01 7.517536345584313606e-01 6.585205247591772171e-01 5.344862716693543625e-01 7.367304659504451125e-01 7.999064129857652583e-01 6.684278505644269952e-01 6.991424363266292019e-01 7.003905438702524577e-01 6.788085293556160860e-01 7.097738352390039474e-01 7.419181506364003198e-01 6.366519611851109151e-01 6.731928499259806076e-01 6.593077066500585559e-01 6.594453865086399302e-01 6.754597246526474752e-01 6.645369127716336255e-01 6.650475910199555862e-01 7.155238834156338879e-01 7.014142055396849207e-01 7.110717915238488063e-01 6.463209734756184544e-01 7.160252287398568560e-01 6.976113393531003792e-01 6.932395856543962509e-01 6.894301069409953797e-01 7.349915672073504824e-01 7.253266366304951251e-01 6.702704749966397202e-01 7.045911885359951166e-01 7.103744197626228329e-01 7.340981055796089727e-01 7.342673221998482491e-01 7.110662784912715750e-01 7.272392349404570577e-01 7.041833853726759962e-01 7.248835586130875086e-01 7.332854136518002219e-01 7.357157147132292740e-01 7.446619655510271496e-01 7.130104748289241012e-01 7.069632381770249996e-01 7.339170434595037040e-01 7.441160398697734824e-01 7.444631500415606062e-01 7.718189744926570173e-01 7.245100424100661130e-01 7.464248403166181545e-01 7.299551034917556303e-01 7.417380296383114802e-01 7.595021365571840155e-01 7.640128982533304081e-01 7.516846315018462787e-01 7.330591673148414422e-01 7.520157120271863116e-01 7.161203008856387164e-01 7.282852133632669034e-01 7.183993505142591829e-01 7.619389340390411158e-01 7.508864123474208174e-01 7.208819639821449909e-01 7.231669762365815490e-01 7.266305004006671231e-01 7.050850410039184446e-01 7.036418803315767079e-01 6.974870660148830837e-01 7.095101791225941756e-01 7.014581848037581002e-01 7.178007190098220081e-01 7.173892542852526866e-01 7.105432922373333682e-01 7.238208031056336811e-01 7.075400030302032572e-01 7.249920344920124382e-01 7.218369438768474922e-01 7.083238551682881079e-01 7.265761473997141007e-01 7.165120704660313811e-01 7.362857618524435432e-01 6.912946693137844711e-01 7.100357931860513672e-01 7.146989447288667474e-01 7.102556161632045395e-01 7.084513457507003453e-01 7.138663397834661417e-01 7.294889549751542024e-01 7.406611453196686456e-01 7.300569165821151341e-01 7.280914014027285441e-01 7.211246410513461047e-01 7.435230382985715814e-01 7.129665815703112308e-01 7.267461330243506490e-01 7.280672369959757528e-01 7.377923225931857232e-01 7.299526923157406699e-01 7.140953692629743443e-01 7.263850493998134095e-01 7.238296429113191266e-01 7.313071994812976317e-01 7.208035508401311464e-01 7.357545387215504995e-01 7.322476163028814877e-01 7.242599493525957444e-01 7.306896441002986853e-01
1.388390416328918187e-01 2.018841764827967455e-01 3.565018351343717806e-01 5.785586872085072274e-01 4.703747618990242185e-01 5.210923864909832171e-01 7.200796856074791474e-01 6.712675761339828018e-01 1.000000000000000000e+00 7.283138996498369488e-01 8.047062495878031241e-01 8.338355376300021771e-01 7.657399949167850162e-01 6.250671397065082902e-01 8.307233841786385575e-01 8.151069576385618909e-01 8.019933394956264561e-01 7.382312798045639335e-01 7.707665011727014015e-01 6.066678750972555045e-01 7.039370383641349038e-01 7.942028417194364476e-01 7.143867074090286540e-01 6.992584089972743167e-01 7.131087497920106655e-01 8.058705534452549335e-01 8.193882767567348679e-01 8.092327461816066769e-01 7.835037350641055331e-01 8.365656702139431244e-01 8.545547163576303618e-01 8.123913529743116424e-01 7.445234441408108417e-01 7.905793492243832210e-01 8.037083600976773212e-01 7.862728114139175828e-01 8.095013123470277128e-01 8.262450668626177830e-01 8.314437888082059080e-01 7.752431484201798284e-01 8.560896570558039764e-01 8.468306591653674831e-01 8.146131689244375806e-01 8.553231487217564100e-01 8.388019430695586864e-01 8.473489028430118974e-01 8.651572990988010137e-01 8.715617735879256367e-01 8.593587388765979718e-01 8.067219523296346173e-01 8.347054263693796106e-01 7.992094553442740112e-01 8.451731402089877054e-01 8.724002179495399245e-01 8.511812001271384931e-01 8.422099230519010105e-01 8.539019525411777334e-01 8.624429829883256682e-01 8.573933101476800545e-01 8.786527692690572211e-01 8.613217136161771537e-01 8.680765203589762002e-01 8.587728917416046492e-01 8.566429287962297190e-01 8.619267694929781953e-01 8.663744972370217567e-01 8.684697704537531759e-01 8.642777150651659301e-01 8.513485324070265703e-01 8.480149661583514797e-01 8.630214046377840953e-01 8.649239672793757050e-01 8.403516848347871715e-01 8.469345014024299845e-01 8.637874401076449660e-01 8.658838878924832727e-01 8.581967988769230171e-01 8.611451999632055987e-01 8.544435307362221454e-01 8.678653276242731529e-01 8.613966955990336460e-01 8.678412147997677240e-01 8.454444465933675934e-01 8.504698145020035405e-01 8.493577213387920599e-01 8.515564964809532178e-01 8.540582835450302168e-01 8.629427040408721439e-01 8.606774124865415043e-01 8.702272569718823014e-01 8.401600705464130625e-01 8.635075233751550172e-01 8.626094661116368023e-01 8.631552187870509263e-01 8.657611910852401893e-01 8.710944713765804703e-01 8.477739424092730625e-01 8.607014959395143938e-01 8.625316609763168385e-01 8.576030632400323261e-01 8.530960877284712307e-01 8.656785550152019670e-01 8.647606494412070077e-01 8.706621748254377291e-01 8.637615980280678452e-01 8.672746518830335427e-01 8.682441175293280633e-01 8.697672349534369962e-01 8.694710729930682502e-01 8.716912929805702426e-01 8.703192096185001780e-01 8.761576310985764726e-01 8.712597083827129385e-01 8.709507383570118666e-01 8.684291304080088425e-01 8.721975108483042138e-01
2.039993587263445526e-02 2.105770710416652314e-01 2.832588193187489112e-01 4.371103560453801773e-01 3.664101447084073815e-01 4.715257033618426297e-01 6.430570054867280616e-01 5.574748434997556235e-01 7.283138996498369488e-01 1.000000000000000000e+00 7.318831808655579252e-01 7.481170698218446713e-01 7.011339263140489164e-01 5.823004191160132681e-01 7.609086311199458885e-01 7.299654621556896927e-01 7.313743762391592407e-01 6.461745738937390016e-01 6.741114200892097674e-01 4.993971655452085767e-01 6.128465865805263757e-01 6.772623814883046434e-01 6.473076446997795275e-01 6.097964645382280002e-01 6.074814637326952926e-01 7.338068548719223205e-01 7.485106739689180166e-01 7.441717165912151710e-01 7.006872496134082251e-01 7.599569799218143240e-01 7.911740298534997162e-01 7.652042994728469605e-01 7.108397718053516279e-01 7.303415744641720275e-01 7.434453097567952362e-01 7.185613710105992480e-01 7.331922630084175552e-01 7.699429903328708358e-01 7.713715316599563110e-01 7.177507348821572375e-01 7.965082482986270973e-01 7.898145689393346602e-01 7.326077812747756601e-01 7.804896453697750536e-01 7.651452955794443289e-01 7.816803361755284563e-01 8.074825343818702317e-01 8.141750214594807300e-01 8.015943715237290323e-01 7.442360981020961219e-01 7.732282049502851029e-01 7.071765850261736430e-01 7.783432604703184321e-01 8.020253631590357202e-01 7.835897590535157997e-01 7.730005880572854426e-01 7.687537683672897026e-01 8.038041845659238405e-01 7.907195529709931670e-01 8.063479679141465351e-01 7.929683252889725420e-01 7.887615161015414378e-01 7.811575459913585595e-01 7.784218190450292729e-01 7.843221668319524387e-01 7.894144847220293526e-01 8.107777698995599636e-01 7.995847177919855886e-01 7.980562697681087281e-01 7.667567559072580030e-01 7.841108173834774320e-01 7.973460310848401456e-01 7.704742617586874953e-01 7.712693239739093487e-01 8.063456693450408164e-01 8.063011504416883746e-01 8.020038645117838483e-01 7.964473138369655425e-01 7.968803549767157213e-01 8.072784374399192275e-01 7.994216378306291393e-01 8.138517718992380745e-01 7.850565943385960921e-01 7.979008268547905791e-01 7.926864373739059833e-01 7.954358937134196061e-01 7.958567003153547148e-01 8.074560500329935886e-01 8.029533648266422574e-01 8.040198369310269655e-01 7.923476608986070868e-01 8.090200333418992029e-01 7.999289881866519236e-01 8.067093924576309583e-01 8.159562275487141081e-01 8.151346681233564428e-01 7.794917496267707024e-01 7.853842433736285544e-01 7.991940626985662988e-01 7.975751140960807284e-01 7.896544038086910078e-01 7.972691558465186956e-01 8.018111679299991801e-01 8.056174343829537454e-01 7.928616111980969494e-01 7.933901811221137912e-01 8.067114983676649809e-01 8.144767650482604981e-01 8.079632186070134781e-01 8.144921926211694529e-01 8.081125388453097580e-01 8.108482119224427187e-01 8.058037533430809640e-01 8.039054785271785297e-01 8.002851061228618557e-01 8.090070010028661551e-01
3.946203645024472934e-02 1.723819294654108936e-01 3.714780014849338730e-01 5.715105344636878248e-01 4.329516730434839755e-01 5.440498294825795167e-01 7.359409601180518790e-01 6.732631055047494373e-01 8.047062495878031241e-01 7.318831808655579252e-01 1.000000000000000000e+00 8.622841616283994925e-01 7.843871021552952794e-01 6.439791616734449331e-01 8.612798999181798809e-01 8.309077446601388361e-01 8.008500578616154497e-01 7.531698652331993982e-01 7.992076338152658277e-01 6.124998358482905969e-01 7.120205217732452629e-01 8.030375771862191536e-01 7.682153469133523593e-01 7.276025203882451331e-01 7.438234673251282736e-01 8.310487095357440568e-01 8.519410777811767810e-01 8.459602116999762611e-01 8.037182644699364387e-01 8.631607228897384410e-01 8.923853183937795475e-01 8.559014496456227583e-01 8.010330734443885659e-01 8.371691173482154191e-01 8.423821050404106670e-01 8.218477408588638067e-01 8.468490274055310296e-01 8.673208158748787477e-01 8.756819837621757641e-01 8.250514835551245874e-01 8.824951473078235242e-01 8.829646334069282121e-01 8.487702983391568479e-01 8.818120734485159762e-01 8.756667852789574713e-01 8.835541340955014311e-01 8.890525646988651776e-01 8.938689827467078963e-01 8.880258164826085876e-01 8.417184994413359211e-01 8.706602733827265572e-01 8.283866058537622257e-01 8.784325062074738177e-01 8.863256247205429927e-01 8.682838184172307905e-01 8.691675825402619404e-01 8.699250678113852331e-01 8.813354109911278877e-01 8.778791806640348083e-01 8.878056151078987934e-01 8.883273443088597343e-01 8.820612712025243107e-01 8.765442756657899626e-01 8.753693828824526957e-01 8.770578199751132287e-01 8.854110004473018103e-01 8.956271003082316717e-01 8.943179747289757842e-01 8.903821490673961003e-01 8.728583602481794212e-01 8.905992548877964543e-01 8.950815028517894456e-01 8.710932509840910720e-01 8.798730771210796497e-01 8.957631623188201386e-01 8.945220653557236501e-01 8.917656736444250498e-01 8.874634877699965063e-01 8.896625814984558955e-01 8.946059958515519828e-01 8.916095005089007541e-01 8.975035264133507384e-01 8.846317137939995190e-01 8.886401818503020245e-01 8.882562571099990034e-01 8.903827794329279843e-01 8.913927979742963803e-01 8.960951920174763385e-01 8.972524241015099600e-01 8.919917670925812114e-01 8.855401111267883207e-01 8.960255790925910624e-01 8.964151450211200745e-01 8.957702590914297103e-01 8.947238195881500600e-01 8.963854551809954385e-01 8.789951508703748306e-01 8.775478565513222806e-01 8.900755937060240708e-01 8.904465546884081650e-01 8.882479729056372841e-01 8.900741592714233041e-01 8.913717813052618455e-01 8.938209957138989470e-01 8.906030611963561272e-01 8.849351941279780531e-01 8.913090509475434242e-01 8.957597580227395495e-01 8.957890303066163851e-01 8.946330200766470231e-01 8.938333613135385214e-01 8.966296758500211794e-01 8.937017597617646913e-01 8.936893592095060956e-01 8.904363205365156686e-01 8.942281638134919053e-01
5.947870988691743299e-02 1.495623415951070623e-01 3.797498850656084723e-01 6.315397317849356096e-01 4.873400529369669165e-01 5.793157800604255003e-01 7.814770934264865243e-01 7.517536345584313606e-01 8.338355376300021771e-01 7.481170698218446713e-01 8.622841616283994925e-01 1.000000000000000000e+00 8.185587412235533211e-01 6.703321344541293136e-01 9.008231800056849536e-01 8.971815679928261122e-01 8.394325807955282936e-01 8.029512784114575252e-01 8.321817715340021904e-01 6.893740475348631991e-01 7.699802088208667072e-01 8.537268349470451545e-01 8.087528651871667140e-01 7.746049914429526950e-01 7.887902519658147593e-01 8.567003019190002622e-01 8.769524101017961426e-01 8.708654765670409414e-01 8.265910771842049920e-01 8.986008441319602857e-01 9.134691452500696141e-01 9.001456084315282435e-01 8.422909409311210016e-01 8.914285764023378578e-01 8.797468918771975677e-01 8.758087349548865364e-01 8.865685098644996431e-01 9.137121062989481679e-01 9.200309550702162609e-01 8.621528587490038253e-01 9.179704145304101726e-01 9.196818204162394705e-01 9.021589960167253341e-01 9.271746539674260434e-01 9.176246959996319230e-01 9.208763328575582108e-01 9.243012895839046728e-01 9.324863072029005995e-01 9.282176116902632890e-01 8.983012738798940022e-01 9.229952237388393543e-01 8.891313180143736172e-01 9.158617008054015241e-01 9.238695896503027472e-01 9.066403128236856235e-01 9.134315560843491166e-01 9.219810642726848915e-01 9.243468852722859230e-01 9.208134630260115250e-01 9.327025975877009101e-01 9.337897818513140047e-01 9.269489997817282889e-01 9.230939517099482350e-01 9.227695991807903786e-01 9.282126655256796033e-01 9.330868755793293445e-01 9.322713750198605709e-01 9.276586943458260404e-01 9.242624814328039839e-01 9.253237292030654926e-01 9.356378451254873108e-01 9.314290589908685858e-01 9.101579124785548203e-01 9.213457175575061608e-01 9.257629123224226930e-01 9.237214876822485987e-01 9.213854318192392645e-01 9.162521294493517487e-01 9.202409239909890015e-01 9.303494259416982270e-01 9.274648355829180346e-01 9.297830925270381686e-01 9.257426286660482839e-01 9.234160455532915979e-01 9.280465529833238358e-01 9.312747843499371569e-01 9.292257356385857925e-01 9.340398175497810485e-01 9.337418865534867773e-01 9.291371740922095279e-01 9.178397020564880160e-01 9.296779610838654673e-01 9.329541428571482831e-01 9.311557403746449912e-01 9.283183787403973541e-01 9.312062411521773164e-01 9.129793191698076793e-01 9.205317814369758933e-01 9.278563424279088201e-01 9.306474905755062199e-01 9.281934966515422714e-01 9.301454298116297315e-01 9.299970479387419386e-01 9.338538036803367692e-01 9.352210637466492615e-01 9.217442453998647700e-01 9.281565857234638228e-01 9.296218938692646372e-01 9.308850144370632851e-01 9.313377867592860238e-01 9.289503015033101496e-01 9.348748963551003488e-01 9.319926202555084416e-01 9.342200315431330448e-01 9.326351683698659301e-01 9.353261786502143904e-01
3.941245573106265387e-02 1.577668023288930355e-01 3.251302118592174217e-01 5.262048535411960604e-01 4.661168929327806354e-01 5.114670321469015901e-01 7.093278088367300782e-01 6.585205247591772171e-01 7.657399949167850162e-01 7.011339263140489164e-01 7.843871021552952794e-01 8.185587412235533211e-01 1.000000000000000000e+00 6.190572026249229198e-01 8.254534385387366502e-01 8.149969403496614140e-01 7.641448033190195721e-01 7.021849779017379500e-01 7.359350732286195074e-01 5.904677157681960109e-01 6.716138241305483758e-01 7.562647333593549570e-01 6.942066709602373598e-01 6.693059223721185003e-01 6.801927029686785087e-01 7.712152458156509294e-01 8.055699082125465926e-01 7.893597049236902308e-01 7.520793478906899754e-01 8.181844626223069294e-01 8.383857938988591441e-01 7.964662386238435809e-01 7.291309300576361840e-01 7.738009161352008558e-01 7.832179302881286942e-01 7.776727563245664498e-01 7.890781988830792848e-01 8.078192021332915029e-01 8.223796668451612835e-01 7.584062782577623008e-01 8.398086386554769467e-01 8.418228505975627884e-01 8.132706174912688324e-01 8.452419605999696994e-01 8.295962072615952199e-01 8.386959543468959222e-01 8.524474170838357567e-01 8.598295969939255823e-01 8.481039563656086466e-01 7.887599911034900435e-01 8.206036906741038806e-01 7.912294597915062733e-01 8.370754495138704732e-01 8.508222677308390214e-01 8.252750729572950750e-01 8.196629418047560733e-01 8.302050624906797127e-01 8.513458140287375464e-01 8.341499341027649450e-01 8.649986260824885642e-01 8.548701289257105707e-01 8.484346779995785015e-01 8.360363074760195357e-01 8.394753558819733064e-01 8.469456349826588459e-01 8.534356293892558787e-01 8.604856270862534240e-01 8.491617978088800145e-01 8.466747655789950144e-01 8.385276728947568259e-01 8.489177474545378521e-01 8.525562863922980794e-01 8.289626823918875287e-01 8.337982475425795847e-01 8.557841575562022962e-01 8.534117847647924027e-01 8.481497842216324523e-01 8.461354116631367717e-01 8.428779180655622261e-01 8.558647843923280485e-01 8.498435675662054933e-01 8.612125008396825931e-01 8.386941430787029361e-01 8.438781308216075638e-01 8.415102798192873879e-01 8.452167851776617447e-01 8.498950107487185379e-01 8.525740486111189620e-01 8.532352520120459749e-01 8.537315843257389236e-01 8.362787035460279572e-01 8.565870443185690242e-01 8.563662092086252731e-01 8.567582676100874428e-01 8.584704826683785539e-01 8.616575759274789359e-01 8.394114488770084703e-01 8.441676493256864422e-01 8.550724041663912978e-01 8.497950110025329629e-01 8.551750085680600577e-01 8.509493810545565307e-01 8.586669962942194978e-01 8.626572019444606054e-01 8.569221841148754182e-01 8.521194916989983659e-01 8.567438449989159821e-01 8.605847923129483767e-01 8.595230086564038530e-01 8.616195198281338952e-01 8.551828961306229271e-01 8.654624812073508089e-01 8.584407770798316850e-01 8.624685744404371190e-01 8.594396760236672206e-01 8.634966171936997448e-01
