1.000000000000000000e+00 2.128842133962116911e-01 1.859328506384949342e-01 1.046169450853036975e-01 -2.303830978436895160e-02 7.781825279077275725e-02 -9.179852117874731307e-03 5.593833144660392137e-02 2.556402012112653499e-01 1.016497473703180665e-01 1.275066985336443526e-01 6.960318759835276703e-02 5.435489872414842050e-02 5.018064072746044463e-02 1.070498459271169121e-02 3.614595848047963411e-02 1.776492031670281191e-01 2.602395854664562580e-01 2.463789180972162374e-01 -1.873546259585523108e-02 1.002789491382889003e-01 2.099231983643009558e-01 3.134949379698021565e-01 2.716108762252724684e-01 2.389557684936852722e-01 1.982888856797407895e-01 1.929986601700028614e-01 2.149703131151436408e-01 2.287198021202691833e-01 1.916642485329565493e-01 1.672848252286824322e-01 1.485738297635523508e-01 1.851212440842744944e-01 1.611533964131391661e-01 1.442398771072283814e-01 1.577623859819300700e-01 1.671091062210245670e-01 7.638930442242723717e-02 8.735058233052911403e-02 1.200498790004734251e-01 1.035424301785289741e-01 5.433544588980050716e-02 3.714387829265245605e-02 4.892489127031968837e-02 9.002353648021627075e-02 7.195959784254980784e-02 2.955306228284255293e-02 5.259192377626516895e-02 2.874626694750397407e-02 6.464673818160032726e-02 6.589948556608279939e-02 2.611313951383292462e-02 2.904571162740881771e-02 9.201685211685081689e-02 9.729824480725099423e-02 1.276116137060559208e-01 9.855331399113320678e-02 4.918996654525018691e-02 6.124432557587126957e-02 5.749232075580245488e-02 5.099114084915020578e-02 5.846768709692006655e-02 3.186981424927546463e-02 3.386052231421353420e-02 8.507825571498349448e-02 8.044896219435070106e-02 3.859202030302193165e-02 8.961786825120166000e-02 1.081759657379450651e-01 1.763677509433956431e-02 4.901086962217652415e-02 8.787154311712865040e-02 1.135537900811422057e-01 1.157023037591856096e-01 6.529967681531814727e-02 6.953726108430283159e-02 8.115627488029560077e-02 1.132628623377384403e-01 7.527090487860069179e-02 7.209986301972777512e-02 7.514252123312424592e-02 6.746804653853660794e-02 1.003958937619088138e-01 8.087494421874562300e-02 4.783874336104389918e-02 7.192176501313560233e-02 8.345704590960166536e-02 3.784207760272468440e-02 4.815035167485216122e-02 7.972159651152815885e-02 5.058050545914692664e-02 2.813011950161602159e-02 4.159390037305631810e-02 3.537725950177660061e-02 1.511467748988836943e-02 2.699536619579979632e-02 4.479633603349930139e-03 4.014665424124723436e-02 2.297385934862829562e-02 2.061713931322070245e-02 8.634103575889782653e-03 2.104507566800528987e-02 1.507137664040095236e-03 1.338611978928214152e-02 3.718900726971900716e-02 5.055545988010244629e-02 2.924281153152659754e-02 3.508971305627619358e-02 4.781162633469268619e-02 2.257268435510579804e-02 3.560306866013686344e-02 2.896441363335355151e-02 2.679373109424093222e-02 2.640910192529805772e-02 4.385452503135919139e-02 4.296860984560076091e-02
2.128842133962116911e-01 1.000000000000000000e+00 1.501987190945571760e-01 1.582346453046678258e-01 1.121254708166784658e-01 1.404117566242724380e-01 1.374011662473637874e-01 1.514408502334933238e-01 2.699890045644097181e-01 2.129008670013569915e-01 1.924837188541147215e-01 1.840070422820287710e-01 1.273881126341672165e-01 1.505095247727810392e-01 1.575986528764732053e-01 1.725460386198544582e-01 2.118958684533077397e-01 2.379233632483093996e-01 2.383492876612824107e-01 1.242676089655901650e-01 1.540074167536198690e-01 2.184459016423609679e-01 2.819302274777656936e-01 2.438972816893297813e-01 2.259052096058217218e-01 2.424728726184379179e-01 2.377252579008378719e-01 2.513377256916913827e-01 2.390479482201767758e-01 2.185563946281774972e-01 2.156541881255519544e-01 2.126789965865379661e-01 2.190918593426234295e-01 1.993778473883175695e-01 1.995050996494812379e-01 2.028058024358626310e-01 2.046924622191151344e-01 1.941717069423980757e-01 1.840461485070526704e-01 2.203237517811564850e-01 2.082485398008214472e-01 1.833080805904371280e-01 1.632810037605983422e-01 1.764133071026559862e-01 1.898802111613754062e-01 1.865550820451059300e-01 1.598384144589276024e-01 1.770289872413211840e-01 1.581661705036511711e-01 1.670333002916308540e-01 1.720529284945722936e-01 1.531054461442739323e-01 1.719135785863245280e-01 1.985156803400555947e-01 1.899040023867445415e-01 2.174322040749919749e-01 1.851828243329990409e-01 1.804333815631068427e-01 1.790884810184261988e-01 1.776295576817529531e-01 1.633052204766993476e-01 1.750244178422767360e-01 1.533536116740798205e-01 1.640827636674357104e-01 1.831327659472395952e-01 1.849885033426005854e-01 1.671545259745751966e-01 1.949197875773840127e-01 2.027199452444304884e-01 1.629503297081211499e-01 1.714063292664912141e-01 1.875874059612397116e-01 1.951970160899807738e-01 2.005568288370408736e-01 1.840716635624179975e-01 1.825815041067967437e-01 1.878177531419118473e-01 1.996656568386833697e-01 1.855547918973519950e-01 1.821735478231299166e-01 1.800514155784370685e-01 1.779082277368929099e-01 2.004137192139687496e-01 1.797605231033745088e-01 1.649977197332660461e-01 1.745580074645465274e-01 1.827511099773690972e-01 1.729268228357326020e-01 1.736681225660132166e-01 1.942150589387995063e-01 1.750905550326342930e-01 1.668005357496768759e-01 1.722142701651651897e-01 1.697372943750208585e-01 1.593299686633546930e-01 1.644725002136061542e-01 1.475358093472644017e-01 1.613820573643827416e-01 1.596472793302405602e-01 1.586129021824725649e-01 1.522482678895858144e-01 1.565112237709093135e-01 1.508547612965111528e-01 1.569884685983108374e-01 1.629144061436038904e-01 1.713708307732380587e-01 1.603381520203422395e-01 1.712342046744672885e-01 1.761550955594256007e-01 1.606150125175365428e-01 1.683987928751738139e-01 1.655880253110081635e-01 1.648218791250614379e-01 1.620826927700470821e-01 1.674278222773500358e-01 1.688941548970679940e-01
1.859328506384949342e-01 1.501987190945571760e-01 1.000000000000000000e+00 3.875687513639015647e-01 1.600385391414316238e-01 2.481423937058638562e-01 3.241946635140647848e-01 3.089052751712763611e-01 4.175504159845480623e-01 3.405358388538010650e-01 4.112375876330861546e-01 4.200484404160945706e-01 3.431287498920008727e-01 3.376350892571001738e-01 3.542287058178772985e-01 3.520510144833086108e-01 3.846493650384490981e-01 4.275243503483891483e-01 4.130612720059454457e-01 2.584653913300268835e-01 4.011509096376586481e-01 4.327319380657855818e-01 4.248578609964203667e-01 4.469954488435524675e-01 4.167762026306908174e-01 4.419313379010513243e-01 4.594520570864372155e-01 4.512140404642208669e-01 4.166650427603062479e-01 4.410192271536442776e-01 4.495419751668909836e-01 4.142519070137812842e-01 4.183278886084365045e-01 4.205711903959859499e-01 4.035813602266635769e-01 4.213635193005581536e-01 4.249031697430120103e-01 3.858647778587561694e-01 4.006998981235005419e-01 4.180342810036684065e-01 4.105703839335945182e-01 3.850074808984630392e-01 3.864815253748600243e-01 3.820199073063914597e-01 3.978265188278419795e-01 3.895926342696344191e-01 3.622113060030208720e-01 3.726075465924034713e-01 3.610553963905798192e-01 3.962059694472250815e-01 3.889062771764305038e-01 3.747498071810766440e-01 3.642902871130018760e-01 3.793223570043838810e-01 3.747589575268069906e-01 4.037235478865540683e-01 3.909481515058709777e-01 3.668130003582956156e-01 3.693061225368520217e-01 3.685014655194980837e-01 3.740960315113042722e-01 3.686467241862124156e-01 3.567549902830559616e-01 3.639734281146579931e-01 3.883393669241878010e-01 3.800789370106197329e-01 3.576631058825562870e-01 3.969846330208395280e-01 3.930822385821647891e-01 3.566094270631913199e-01 3.882077635103580171e-01 3.872336994427492129e-01 4.017048135135347087e-01 4.121529168607576121e-01 3.862495095869626915e-01 3.905534513015113673e-01 3.928457235876455789e-01 3.986565219683727568e-01 3.886405934002541973e-01 3.959045884812411598e-01 3.898387847951192420e-01 3.928932753404718037e-01 3.893351625613685196e-01 3.875350928159168595e-01 3.738814169577251434e-01 3.820596653282327670e-01 3.883735538261548492e-01 3.688371191589939757e-01 3.737119735392619435e-01 3.764999281690835087e-01 3.800741086542663294e-01 3.683629022152638544e-01 3.750465588916749859e-01 3.723806615062758008e-01 3.517828967994579004e-01 3.566135047547802639e-01 3.624900027961223126e-01 3.650532252462908578e-01 3.609476073136048679e-01 3.669360895728185912e-01 3.582629238863401233e-01 3.592813330588959797e-01 3.484146606664836332e-01 3.585761407547431445e-01 3.724347398244579055e-01 3.714871608614683796e-01 3.580685377118437707e-01 3.579316604546601277e-01 3.673678521900326510e-01 3.631576391700726547e-01 3.626028417929246794e-01 3.553467428671513995e-01 3.574139779265832484e-01 3.601208868158298770e-01 3.618182853878185168e-01 3.613751180265969420e-01
1.046169450853036975e-01 1.582346453046678258e-01 3.875687513639015647e-01 1.000000000000000000e+00 2.871758800756451513e-01 3.784124481981164245e-01 5.418985542083499807e-01 4.876692124490927260e-01 5.221150672799973469e-01 4.761465686799989383e-01 5.707063199635449280e-01 6.462185653318148759e-01 5.152160693951625126e-01 5.070694248371886426e-01 5.809786694579205379e-01 5.473517151681530635e-01 5.386481983556360431e-01 5.508790877961142751e-01 5.240811462561940637e-01 5.352558020001904060e-01 6.028149501802692045e-01 5.665668614191785579e-01 4.978809197344743476e-01 5.231562715961231014e-01 4.969497000059836522e-01 5.809754715329031871e-01 6.036872790374208098e-01 5.925820655239758539e-01 5.274630557432319344e-01 5.760456001048507302e-01 5.993512083415672986e-01 5.716085933885411974e-01 5.397422983262833984e-01 5.517933570107538266e-01 5.424747799389040281e-01 5.511209063550215337e-01 5.511612726204336843e-01 5.736847299792866561e-01 5.746737062327224033e-01 5.910294166233688307e-01 5.954061771256051738e-01 5.882425685998118325e-01 5.832589888546997337e-01 5.933801829536325956e-01 5.918398093476081590e-01 5.810178492384573401e-01 5.631262250013734372e-01 5.680075404333412292e-01 5.635344480254028676e-01 5.745823042028790351e-01 5.795869722844658734e-01 5.817699439387953309e-01 5.811943949577291768e-01 5.639847876119074011e-01 5.425303082188167592e-01 5.645325864520077674e-01 5.730767141323094283e-01 5.593285616270905480e-01 5.629830882529324176e-01 5.729581666045172605e-01 5.738721072909176435e-01 5.692215367325773601e-01 5.614535974269747598e-01 5.712147844681888520e-01 5.796124249378704629e-01 5.785026408745972404e-01 5.627931234464857990e-01 5.837888506963477830e-01 5.745078943336086041e-01 6.203293030202386982e-01 5.919813567937182164e-01 5.705084227415703202e-01 5.761143605580762994e-01 5.733192589983382437e-01 5.859242487087825690e-01 5.843544465920703646e-01 5.770744601251232009e-01 5.659567893390412552e-01 5.842867794054292796e-01 5.768796247157249590e-01 5.689335152879850810e-01 5.813052628498891483e-01 5.765066162775688285e-01 5.656001338832260528e-01 5.703550772552692383e-01 5.624169290826172007e-01 5.661387185545155853e-01 5.765592166088117088e-01 5.710758751729195781e-01 5.686695550593643400e-01 5.755573492803232050e-01 5.763184977932388486e-01 5.744297427893633179e-01 5.805974522051222664e-01 5.604177033471562375e-01 5.643784531013225081e-01 5.848219230001791002e-01 5.722842845534096279e-01 5.711647067813850898e-01 5.741939864733752730e-01 5.731387552888439485e-01 5.732281556843213943e-01 5.701557857554885311e-01 5.724293777500494285e-01 5.748632979131154119e-01 5.815018306244251756e-01 5.670364448279704428e-01 5.615737546855109619e-01 5.676400358674315028e-01 5.681310887010669886e-01 5.711817400183286653e-01 5.662337754019077796e-01 5.670610214611697675e-01 5.717785066289227114e-01 5.635466262907627977e-01 5.688032975361425603e-01
-2.303830978436895160e-02 1.121254708166784658e-01 1.600385391414316238e-01 2.871758800756451513e-01 1.000000000000000000e+00 2.579335784739683612e-01 4.126439310338415045e-01 4.288574108603762647e-01 3.806501519457267113e-01 3.835454702715107023e-01 4.152892880310078416e-01 4.364157106682137188e-01 4.441982884137065657e-01 4.019415297233486228e-01 4.701657381038114591e-01 4.627896681329916051e-01 3.961521972883669807e-01 3.632695336105608575e-01 3.840464709641011609e-01 3.388108331323520517e-01 3.814825445863836428e-01 4.091404796565424329e-01 3.510392887188770183e-01 3.625307825260679073e-01 3.696434838540260115e-01 4.188134128588978933e-01 4.232040995469785183e-01 4.226907655637365258e-01 3.809446306594754250e-01 4.355219127045026339e-01 4.330386485099882443e-01 4.432350331717835323e-01 4.133856769093705030e-01 4.234486592236962887e-01 4.266430742532526521e-01 4.271169245800822134e-01 4.194187033910198315e-01 4.617483647504895261e-01 4.572867578960251866e-01 4.505030330027621766e-01 4.631461988725238399e-01 4.696363878048825380e-01 4.684968050323207178e-01 4.684372411004584791e-01 4.577758540259929676e-01 4.543971350028779277e-01 4.632669773343209840e-01 4.632234815583680110e-01 4.621998836919669618e-01 4.645780926839845337e-01 4.582565600178727383e-01 4.644166065951810807e-01 4.632127355423548143e-01 4.546937327416752384e-01 4.409629288451420992e-01 4.472400287647840811e-01 4.513050848783340396e-01 4.634599236807766531e-01 4.485253263247717115e-01 4.678056683287180606e-01 4.636966143290580655e-01 4.581687244333539355e-01 4.574737986943954726e-01 4.668766255785644081e-01 4.554115986565624441e-01 4.605518279953350058e-01 4.638430683177502400e-01 4.603997662498892085e-01 4.561955787451171251e-01 4.587560189327740123e-01 4.710440762946948579e-01 4.608104245291703149e-01 4.493549913797548756e-01 4.544894220278422048e-01 4.683436036886980403e-01 4.664408338386431541e-01 4.631006804469897098e-01 4.460290646875170739e-01 4.620501902652041637e-01 4.571709455491720919e-01 4.557317289274548933e-01 4.599443145576063707e-01 4.616938552645113436e-01 4.555198211085639826e-01 4.652197842810401052e-01 4.572158825616927658e-01 4.562541837642350440e-01 4.687078722515850004e-01 4.634966925895791512e-01 4.623763088151508494e-01 4.717707702251635604e-01 4.699316864461935972e-01 4.693038162563906157e-01 4.718862155067708453e-01 4.685368592363826634e-01 4.686697785453249887e-01 4.719061451052629641e-01 4.609789776707839404e-01 4.672007476773580859e-01 4.706251625596264421e-01 4.702425201778864250e-01 4.670771938303270310e-01 4.709776995494507346e-01 4.712821757490833208e-01 4.697476795443217279e-01 4.676057300781649717e-01 4.687004959992098763e-01 4.661772749265665206e-01 4.655786125492971106e-01 4.707279741898597880e-01 4.657946695716863039e-01 4.689973934821590196e-01 4.664979522144105384e-01 4.676000108521661813e-01 4.655661960571504387e-01 4.654306360019218602e-01
7.781825279077275725e-02 1.404117566242724380e-01 2.481423937058638562e-01 3.784124481981164245e-01 2.579335784739683612e-01 1.000000000000000000e+00 4.735790008015647312e-01 4.643740194604983329e-01 4.981551692511688723e-01 4.797196939506142566e-01 5.312389518535592936e-01 5.615233710306778425e-01 5.069568613757663433e-01 5.226284051918983486e-01 5.660206128013927085e-01 5.531891794972247922e-01 5.180561329608530663e-01 5.006492036448678684e-01 5.152942054433947705e-01 4.078185099965412341e-01 4.734821434042162935e-01 5.125611473859985612e-01 4.802243117441613030e-01 4.954891353272435905e-01 4.937949282977516230e-01 5.321421941485471319e-01 5.681404845150900274e-01 5.537501492190318730e-01 5.297304038511723157e-01 5.557472024333166560e-01 5.791178005001362816e-01 5.706661716068479606e-01 5.450685963975008264e-01 5.614122731606395744e-01 5.648804506910788392e-01 5.558102813896373950e-01 5.641086017548544440e-01 5.746246618138126649e-01 5.865032636633840113e-01 5.802406600337368658e-01 5.887114265827060322e-01 5.857157459490844875e-01 5.770528197934871040e-01 5.918008478712581955e-01 5.871618686772784868e-01 5.830746117315285248e-01 5.871418842526394677e-01 5.886929396842042195e-01 5.859425111407418063e-01 5.785409302913524510e-01 5.816638467363169918e-01 5.780746640231302358e-01 5.834273426040880173e-01 5.803406131816906122e-01 5.709179337780888597e-01 5.721937735328836983e-01 5.792891211533287565e-01 5.839297848109701317e-01 5.785529078988997931e-01 5.872863532330324654e-01 5.863994053714778332e-01 5.880007311152497529e-01 5.796217521610597112e-01 5.882036948550215527e-01 5.840511141645311488e-01 5.864272174972260387e-01 5.902987892434909956e-01 5.924899195958223119e-01 5.886666167344235534e-01 5.741559125261158636e-01 5.910137235334710359e-01 5.936325530922736959e-01 5.813947178774907520e-01 5.845724078941593183e-01 5.871716566771899570e-01 5.918340633187040289e-01 5.916646383422324851e-01 5.844619798923291754e-01 5.942609664725896357e-01 5.941377802209971692e-01 5.945055482210979125e-01 5.972530462531263629e-01 5.859518995446751921e-01 5.889819717182123160e-01 5.931861171680206102e-01 5.865587659909706764e-01 5.931130601703437089e-01 5.924270766900151530e-01 5.951873494244848128e-01 5.863608498329251351e-01 5.911643431355956269e-01 5.945387300926102681e-01 5.934931920553139229e-01 5.961867615726764713e-01 5.922510771476783287e-01 5.925623963068135103e-01 5.840874349410114519e-01 5.864052836061329765e-01 5.905700338904628088e-01 5.917987461686420314e-01 5.912547154039249353e-01 5.893747279681009754e-01 5.902184020395390140e-01 5.897045334312377429e-01 5.932556082988208468e-01 5.864846014930024110e-01 5.882390684783290746e-01 5.887621661628160696e-01 5.904137008464226399e-01 5.891879488605755721e-01 5.874471871287105795e-01 5.890781198070785818e-01 5.919895259534710963e-01 5.898572992534228954e-01 5.908313857625214771e-01 5.906972424087191254e-01
-9.179852117874731307e-03 1.374011662473637874e-01 3.241946635140647848e-01 5.418985542083499807e-01 4.126439310338415045e-01 4.735790008015647312e-01 1.000000000000000000e+00 6.921375553881832232e-01 6.343585563517640802e-01 6.413694663303886045e-01 6.871924449140109914e-01 7.614239346187053892e-01 6.942544534112825572e-01 6.704098144880304977e-01 8.177728182629202536e-01 7.640164266841442675e-01 6.844215676737857024e-01 6.432470938128314053e-01 6.111605638815433839e-01 6.145784444861727147e-01 6.717801082610409535e-01 6.280575810197550624e-01 5.536665123034965053e-01 6.038428607261222547e-01 5.700365263629512125e-01 7.055013948291536385e-01 7.083930697646511065e-01 7.212895431181922667e-01 6.542275891558306800e-01 6.985678741294939487e-01 7.263276340470120607e-01 7.332964111626820713e-01 7.093873055451377363e-01 7.085253713828053579e-01 7.154294511763106268e-01 7.089727666005968265e-01 7.039862219448661529e-01 7.668300260720098960e-01 7.570210382641571201e-01 7.537334355290615795e-01 7.631747246349107616e-01 7.748875427448103093e-01 7.741196419367494252e-01 7.698758725646376311e-01 7.547582214553716362e-01 7.668677431485619866e-01 7.640890384971921190e-01 7.613030411930383767e-01 7.646720939129189043e-01 7.636514719581093402e-01 7.630923763271513227e-01 7.580636604773783871e-01 7.572451959207809891e-01 7.465813178649691739e-01 7.381125282102277696e-01 7.341234678884474008e-01 7.583699871039362161e-01 7.583065156622252889e-01 7.579088846316002215e-01 7.608811495638546640e-01 7.614704610360534254e-01 7.661065885124640484e-01 7.630480436383230147e-01 7.659789117264783620e-01 7.533912227781008886e-01 7.534244910487069014e-01 7.625227029835414116e-01 7.575112007700219863e-01 7.472311033324637863e-01 7.734130462947670370e-01 7.555493085645220708e-01 7.428970163998371845e-01 7.441418095954459577e-01 7.305618776892821575e-01 7.710622855747865101e-01 7.653012090797213229e-01 7.655229116364168362e-01 7.461720199819973365e-01 7.645247542681244957e-01 7.554792515649815243e-01 7.508487417503494354e-01 7.598938215697528253e-01 7.543292183297513054e-01 7.578288326199053015e-01 7.635138012858323497e-01 7.550542492805468742e-01 7.493045900832118189e-01 7.733517977684642997e-01 7.671122556191953823e-01 7.503269415144063759e-01 7.715818544383277189e-01 7.727543823957770952e-01 7.667850205735191604e-01 7.736570077056864614e-01 7.634664924506984196e-01 7.631439856580296555e-01 7.778124001468454951e-01 7.630295690584096846e-01 7.667183742566323623e-01 7.742970917778682072e-01 7.753004116381371214e-01 7.693028150680282229e-01 7.665767752078589403e-01 7.700126642059093030e-01 7.663508054488058496e-01 7.663193051081087503e-01 7.655009171946297597e-01 7.607868622273055159e-01 7.651838686672358669e-01 7.694658869210752039e-01 7.686720117338661229e-01 7.651550391316539468e-01 7.663517821430262389e-01 7.703661516165347667e-01 7.597187758449819306e-01 7.579716049769181785e-01
5.593833144660392137e-02 1.514408502334933238e-01 3.089052751712763611e-01 4.876692124490927260e-01 4.288574108603762647e-01 4.643740194604983329e-01 6.921375553881832232e-01 1.000000000000000000e+00 6.787004213504380656e-01 6.594030880148987750e-01 7.040298285003667722e-01 7.668385859415948191e-01 7.002386645254692343e-01 6.730037032323499258e-01 7.894987023338290166e-01 7.814923708746378539e-01 7.123453182169946496e-01 6.709937677468045258e-01 6.596646439157005659e-01 5.638088077762276606e-01 6.413717290515467129e-01 6.610696613540157918e-01 6.126740751022973219e-01 6.510645142370721228e-01 6.158375265203158699e-01 7.255405508173172757e-01 7.330387808271556782e-01 7.394816423784407178e-01 6.916780182021217138e-01 7.256620888555490589e-01 7.444318223886808861e-01 7.685293305039957446e-01 7.321137311380248036e-01 7.472636265733266780e-01 7.362038678528393110e-01 7.288596806099157943e-01 7.291571333081396933e-01 7.897562163673899072e-01 7.800532277198797271e-01 7.688144375572931732e-01 7.864043824906575830e-01 7.907844313096449307e-01 7.816040384263015506e-01 7.897554941611797386e-01 7.783116358798982670e-01 7.855580662645123002e-01 7.876271465890781753e-01 7.883191628584490518e-01 7.901174532339275691e-01 7.919800041443365579e-01 7.929598000138141645e-01 7.677032315322661615e-01 7.801097403361820781e-01 7.853868180472657334e-01 7.773518865207464934e-01 7.714622088247060638e-01 7.907591971566182432e-01 7.841963159617071355e-01 7.892496214440226643e-01 7.859723517947044824e-01 7.907584117275006097e-01 7.923041289748764537e-01 7.868158636023296904e-01 7.863036183078135899e-01 7.776351538120429563e-01 7.847581914193935138e-01 7.877960129288367197e-01 7.878223536871875599e-01 7.805261604451781965e-01 7.704616528374649276e-01 7.774120069861443216e-01 7.763090571496769066e-01 7.769566111663471775e-01 7.640112104483827160e-01 7.926946964231865733e-01 7.866748663383485995e-01 7.884845508961276783e-01 7.799109979129578152e-01 7.858093154341051489e-01 7.741772488372314909e-01 7.759490593169150463e-01 7.839039593403434036e-01 7.844936820446909431e-01 7.827597636991269203e-01 7.921576796039531132e-01 7.842427771499103084e-01 7.761770580873321723e-01 7.933989826742112728e-01 7.899371382725280943e-01 7.829899238388474680e-01 7.910243799940323006e-01 7.920873267304633369e-01 7.892213346573572208e-01 7.923065155719749564e-01 7.868905699894620520e-01 7.897972133344143275e-01 7.934337357853087358e-01 7.920231866271690846e-01 7.904858323271988230e-01 7.936468808844920897e-01 7.900228679660193931e-01 7.944656645791114968e-01 7.829480922156792921e-01 7.914299312318321400e-01 7.879326195872836669e-01 7.935055463303717360e-01 7.932423373091623819e-01 7.895283725023363175e-01 7.937611005491892469e-01 7.929578667302418227e-01 7.966063075274976146e-01 7.888043499392803914e-01 7.918275081771561918e-01 7.923671090755691759e-01 7.842003909140676798e-01 7.874661408578990107e-01
2.556402012112653499e-01 2.699890045644097181e-01 4.175504159845480623e-01 5.221150672799973469e-01 3.806501519457267113e-01 4.981551692511688723e-01 6.343585563517640802e-01 6.787004213504380656e-01 1.000000000000000000e+00 7.421036177346115315e-01 7.794616345471253593e-01 7.876179977834357748e-01 7.094147044073922936e-01 7.332178204286191603e-01 7.770521493120151613e-01 7.992888314249858572e-01 8.232211514181280165e-01 8.241906558824076967e-01 8.125949570197278371e-01 5.429680331522388492e-01 6.775630345961580758e-01 7.818065426532477824e-01 8.222507509177768847e-01 8.313706870364688806e-01 7.683143456864541809e-01 8.573240789483810298e-01 8.440076443331666622e-01 8.602189832876859787e-01 8.214287466635263879e-01 8.499854270834433789e-01 8.574889056033412338e-01 8.693878514863062623e-01 8.409305914156907091e-01 8.587112960286851226e-01 8.472164904631895865e-01 8.424185217002900794e-01 8.538150258338986776e-01 8.333070267457273195e-01 8.443401725775332434e-01 8.407290877159349085e-01 8.531260889282954452e-01 8.289499625509521019e-01 8.124478279123521496e-01 8.309846835025357370e-01 8.407076704533515965e-01 8.367515642179674806e-01 8.262254355806216699e-01 8.419114218077302647e-01 8.277435483487530776e-01 8.396869807040245881e-01 8.385379395281268300e-01 7.909619686901969704e-01 8.061620962219960829e-01 8.541102388952551694e-01 8.498528732368928473e-01 8.673606474307529179e-01 8.566049392994720124e-01 8.299711003967032985e-01 8.350613434674349911e-01 8.423216687842531858e-01 8.376688850475219050e-01 8.410437952994670452e-01 8.204495257604189629e-01 8.264978188512676072e-01 8.429585914514698963e-01 8.508353423870750332e-01 8.252810258546128264e-01 8.597103354794464192e-01 8.668332872653904397e-01 7.869186448234875009e-01 8.178890194402138603e-01 8.445119630561234159e-01 8.665919571995922555e-01 8.513309531505343086e-01 8.476468894277746635e-01 8.467452812687654706e-01 8.504031218833963957e-01 8.521715194456723763e-01 8.443979329231916520e-01 8.402231112410661895e-01 8.437937922498276455e-01 8.408688285651476635e-01 8.610237557627964389e-01 8.498306819425763825e-01 8.381249494974538639e-01 8.543940892184790359e-01 8.473312103844485854e-01 8.331537963900754740e-01 8.357792600131461747e-01 8.493930241114785451e-01 8.389550051768799310e-01 8.249453759768630157e-01 8.280355296698523881e-01 8.282741243386274599e-01 8.175965104176857734e-01 8.244415153218631609e-01 8.024661162050780172e-01 8.299093766670909700e-01 8.231320004201611029e-01 8.216949644864779412e-01 8.100129350652403026e-01 8.184153513435422633e-01 8.033584937420745753e-01 8.172537403946540380e-01 8.278455834167449678e-01 8.323609940030748389e-01 8.268954445135802134e-01 8.300390064658625944e-01 8.386738065502319373e-01 8.252030073060833137e-01 8.288417080615071431e-01 8.262587621606048982e-01 8.241219208995632650e-01 8.254123356812016477e-01 8.270326229895546000e-01 8.303795261253661408e-01
1.016497473703180665e-01 2.129008670013569915e-01 3.405358388538010650e-01 4.761465686799989383e-01 3.835454702715107023e-01 4.797196939506142566e-01 6.413694663303886045e-01 6.594030880148987750e-01 7.421036177346115315e-01 1.000000000000000000e+00 7.320582651822291620e-01 7.631146274245198535e-01 7.040183939747117758e-01 7.002143464084666924e-01 7.795647929052718084e-01 7.818255141791319307e-01 7.454048124031623646e-01 7.034673523432574127e-01 7.069418085557238607e-01 5.124739671008115005e-01 6.056328031027758962e-01 6.980706408965240417e-01 6.936193007532572841e-01 7.059716379812372988e-01 6.790008980311382780e-01 7.693766780561540619e-01 7.835241512892552329e-01 7.887697110974278836e-01 7.590957494076376877e-01 7.853549480949079120e-01 8.044477860070238240e-01 7.981613357974991496e-01 7.751738240834605831e-01 7.839311771904976522e-01 7.883354249633287569e-01 7.789698061223221393e-01 7.890358443185057080e-01 8.050135703495133743e-01 8.098939774860481888e-01 7.955522910937539161e-01 8.178540606060723528e-01 8.066777698460405599e-01 7.947253352326257847e-01 8.085707883828026077e-01 8.071025307034962459e-01 8.146839016365192698e-01 8.090392237291872402e-01 8.187542547558568362e-01 8.116088983906866172e-01 8.044249939268814931e-01 8.096927532574655917e-01 7.740385210163651664e-01 7.926536701709206989e-01 8.153997810055517714e-01 8.093411730713644392e-01 8.161181209945007620e-01 8.167174526212100938e-01 8.113683403911605696e-01 8.109847970179814292e-01 8.168837872571838021e-01 8.098608819351051924e-01 8.183967246883858682e-01 8.049209998462009130e-01 8.121985576990047306e-01 8.127235793859218793e-01 8.172953742505224550e-01 8.096625873544300855e-01 8.181585520597521866e-01 8.167441867346267870e-01 7.645101980106182582e-01 7.920526095962090452e-01 8.116595561234188905e-01 8.114210301688331572e-01 8.019611797989367741e-01 8.172536208523057955e-01 8.202584815602460555e-01 8.205675890548003171e-01 8.188770029215741708e-01 8.207165046033414457e-01 8.142464756849878693e-01 8.188198954528858042e-01 8.195778078517395038e-01 8.206224034717496396e-01 8.195575555551433133e-01 8.122591040178084310e-01 8.164318664441081452e-01 8.185251083480106216e-01 8.152640136818084526e-01 8.167638147837984475e-01 8.191071471796238512e-01 8.169694381537770944e-01 8.145369152581944938e-01 8.135755394177645039e-01 8.150889263892220349e-01 8.096470841025478205e-01 8.131637100512446592e-01 7.965951834038509372e-01 8.087690871183297325e-01 8.098812070614923586e-01 8.087386272056618086e-01 8.060626224907337933e-01 8.090000129100884951e-01 7.985909008367686468e-01 8.078645431092803531e-01 8.097476516839969829e-01 8.123927954445508970e-01 8.127451365041823417e-01 8.136903241517325913e-01 8.189881427918482837e-01 8.136071344847640718e-01 8.153130347759737218e-01 8.123483267521701690e-01 8.135037170919889871e-01 8.134512287762184490e-01 8.114716872868071862e-01 8.138788434208757971e-01
1.275066985336443526e-01 1.924837188541147215e-01 4.112375876330861546e-01 5.707063199635449280e-01 4.152892880310078416e-01 5.312389518535592936e-01 6.871924449140109914e-01 7.040298285003667722e-01 7.794616345471253593e-01 7.320582651822291620e-01 1.000000000000000000e+00 8.442556322301542071e-01 7.557754397807461277e-01 7.682874498466752966e-01 8.302690186046044474e-01 8.263427613671434635e-01 7.989187495781900905e-01 7.727560843454009953e-01 7.749508022191056167e-01 5.749361153744056985e-01 6.984860367376879431e-01 7.748697513278333115e-01 7.534784396171436693e-01 7.748377464868476672e-01 7.445331020103500563e-01 8.340561832334394410e-01 8.486735739427982983e-01 8.523921921429389315e-01 8.004426401877897668e-01 8.479235796417458060e-01 8.692819480292558465e-01 8.633727037931984150e-01 8.345591770923999064e-01 8.488317572597801064e-01 8.493568486561783315e-01 8.377833924677084987e-01 8.533184676574373517e-01 8.604122928638050505e-01 8.700249028524876804e-01 8.668007596399636139e-01 8.746033011826841452e-01 8.646439327403410147e-01 8.532381251258225330e-01 8.670804420844306915e-01 8.688445842747937187e-01 8.699030722709930608e-01 8.618126933971197445e-01 8.677536064398854165e-01 8.625373847568305052e-01 8.646029828851893306e-01 8.694923349785164124e-01 8.402278998502977769e-01 8.537879710181820458e-01 8.690538261578976131e-01 8.630222789003885175e-01 8.702044305512379729e-01 8.717702148279091734e-01 8.599528369602105204e-01 8.614169226800885149e-01 8.691085853645688086e-01 8.689321015770967715e-01 8.683678633435412131e-01 8.571076907626160590e-01 8.608856632376357121e-01 8.666630125770343751e-01 8.726753712633216198e-01 8.614290066942479340e-01 8.776724810534232146e-01 8.769107932869780742e-01 8.297295577045021853e-01 8.590084680074633328e-01 8.714057548157825295e-01 8.704460021322500962e-01 8.671789881316902537e-01 8.749135976117334845e-01 8.742715380479768594e-01 8.769318665986152173e-01 8.678820426997621018e-01 8.754069556374234340e-01 8.736395407392612000e-01 8.725314750754398219e-01 8.750064136712958351e-01 8.751012384058757254e-01 8.724816471971782450e-01 8.683801419476357975e-01 8.726503501092729431e-01 8.728988452020393085e-01 8.698301273506436893e-01 8.703919583525925319e-01 8.684731257826695527e-01 8.749335035221889045e-01 8.671865545705104150e-01 8.697385274391831178e-01 8.696307017563349451e-01 8.600717407797185965e-01 8.630152158840637133e-01 8.576891266694253169e-01 8.632735765232660841e-01 8.627443538278909418e-01 8.639192383910010431e-01 8.595748964824130312e-01 8.626747424994295477e-01 8.537025565748737055e-01 8.619328685507009480e-01 8.668823812763487568e-01 8.683272524605992748e-01 8.640834588853767428e-01 8.652875758796285677e-01 8.698672076381502860e-01 8.648999949445950186e-01 8.674245664554061097e-01 8.634298768439161442e-01 8.644771803352477857e-01 8.647376900447616421e-01 8.618535745189326303e-01 8.646596458493038817e-01
6.960318759835276703e-02 1.840070422820287710e-01 4.200484404160945706e-01 6.462185653318148759e-01 4.364157106682137188e-01 5.615233710306778425e-01 7.614239346187053892e-01 7.668385859415948191e-01 7.876179977834357748e-01 7.631146274245198535e-01 8.442556322301542071e-01 1.000000000000000000e+00 8.066419714622079518e-01 7.897699409350682487e-01 8.969226779534799077e-01 8.800280270237181846e-01 8.257931335862255251e-01 7.909302692224655651e-01 7.834874425888106453e-01 6.778443245994494326e-01 7.774933560264937205e-01 8.011980858069970290e-01 7.370603671728633843e-01 7.805017284136600564e-01 7.480786087086013225e-01 8.527832963542055777e-01 8.794992911311958483e-01 8.709724993990167752e-01 8.052108805255298041e-01 8.627017999813987315e-01 8.901806474621147824e-01 8.931388096347236960e-01 8.553151267563717797e-01 8.752763128486200639e-01 8.662722073628715824e-01 8.655053721799804700e-01 8.666983537598326182e-01 9.074854582411830961e-01 9.107199719317669029e-01 9.031753454160803551e-01 9.170221567333107782e-01 9.223220682205368615e-01 9.135072105321421221e-01 9.218126017986741916e-01 9.139907235979664035e-01 9.143271252920552872e-01 9.124035230088284321e-01 9.145420364539020852e-01 9.146538630246353607e-01 9.151106538176165817e-01 9.176940273392469871e-01 8.994448908515513263e-01 9.090067636505186899e-01 9.055605038536618245e-01 8.914701403620085562e-01 8.951563354837518416e-01 9.098127106524627195e-01 9.075818730598427253e-01 9.087217693499286542e-01 9.155882498638950873e-01 9.173537411539575137e-01 9.145520769349241297e-01 9.105960728358767353e-01 9.140394204977061454e-01 9.088599046911856050e-01 9.138670415084650944e-01 9.110395355624164582e-01 9.180950135083910668e-01 9.082067301835792250e-01 9.078546940210280303e-01 9.157986305100738189e-01 9.083312106093404115e-01 9.081128570911886078e-01 9.005337046245227572e-01 9.220486732692720899e-01 9.219556972112620263e-01 9.184804877604749729e-01 9.028996585094282157e-01 9.193960859763126159e-01 9.122371005271960875e-01 9.093012394837484136e-01 9.177052825957253690e-01 9.134651807937368417e-01 9.126623262053973340e-01 9.171075460480274666e-01 9.127904570438615250e-01 9.084730888658666403e-01 9.216758451506374961e-01 9.182324534964088070e-01 9.073844679739238028e-01 9.204794521013276443e-01 9.217242908238585386e-01 9.188945430988717522e-01 9.235721797240723507e-01 9.128482689227074287e-01 9.149882270206012302e-01 9.213672602918031584e-01 9.147350217323712007e-01 9.172276885311321237e-01 9.211816197049589316e-01 9.184614924615474019e-01 9.188619718278918658e-01 9.135618196166648275e-01 9.186273009708776360e-01 9.181439057390905489e-01 9.192739818849630096e-01 9.163146294732040786e-01 9.133895240101949087e-01 9.172751122449135375e-01 9.178791346110917182e-01 9.189494761378390608e-01 9.150714376353960011e-01 9.164494853250811923e-01 9.179666940439726863e-01 9.107808522218658887e-01 9.134335998209047736e-01
5.435489872414842050e-02 1.273881126341672165e-01 3.431287498920008727e-01 5.152160693951625126e-01 4.441982884137065657e-01 5.069568613757663433e-01 6.942544534112825572e-01 7.002386645254692343e-01 7.094147044073922936e-01 7.040183939747117758e-01 7.557754397807461277e-01 8.066419714622079518e-01 1.000000000000000000e+00 7.405162245977380264e-01 8.339164367751679130e-01 8.310675858544631645e-01 7.565134668731929857e-01 6.985871392606298746e-01 7.098250957815379625e-01 5.733119594537607888e-01 6.729743520481661356e-01 7.179228940106680001e-01 6.640739649240098297e-01 6.882845443230236615e-01 6.795791457510981237e-01 7.679357476566999186e-01 7.844393176648302157e-01 7.879516328924947022e-01 7.389669650885821728e-01 7.811818881485357302e-01 8.078719814792792997e-01 8.111443681047862952e-01 7.836057271529169865e-01 7.900497244106183814e-01 7.932363686523615787e-01 7.940200739046076039e-01 7.940228313760724355e-01 8.367685241874627255e-01 8.403285507707879409e-01 8.174505024020300992e-01 8.393824624924924871e-01 8.449429786786609720e-01 8.410491070500355493e-01 8.477079740573861821e-01 8.401497662603131245e-01 8.420809844372055819e-01 8.450646559145784664e-01 8.446026177779175637e-01 8.449737411969889811e-01 8.348472066388383794e-01 8.400974179921848473e-01 8.247750048683496482e-01 8.345069611975424184e-01 8.357698201146468442e-01 8.239262870778898407e-01 8.230336418784522934e-01 8.404767152970473720e-01 8.420797018988278593e-01 8.345871799114559231e-01 8.506288565988441297e-01 8.454628896279803296e-01 8.473980654639928778e-01 8.417497397539142057e-01 8.494243426284470155e-01 8.414138944606671666e-01 8.434231832459772038e-01 8.473748365751233580e-01 8.439724101671811640e-01 8.370425596781043698e-01 8.189922020458665353e-01 8.401229990753584786e-01 8.415246920252400509e-01 8.282422705479204339e-01 8.280392920199265427e-01 8.485352953948011034e-01 8.504182221118800067e-01 8.464718484037779822e-01 8.340385717192141390e-01 8.434608286951917888e-01 8.382457294805757408e-01 8.402375629369375210e-01 8.460922612580417113e-01 8.448949136535037763e-01 8.406800766824529259e-01 8.433850626708193632e-01 8.396921324279168486e-01 8.417774172037664204e-01 8.499962749164848841e-01 8.486253719266482198e-01 8.418732175204678425e-01 8.493113850951278243e-01 8.519186824457808394e-01 8.473518071559165143e-01 8.529438039688220785e-01 8.468775117581524015e-01 8.484125180357648954e-01 8.423399103125475129e-01 8.416823510321380652e-01 8.472539281590322213e-01 8.475961660102467876e-01 8.479026160605319662e-01 8.483838508845843451e-01 8.448419384224080675e-01 8.494395460293296951e-01 8.502044208696177829e-01 8.472000519416538200e-01 8.485743618545609213e-01 8.472329271737962797e-01 8.482059265474557463e-01 8.504479696527141863e-01 8.476466555969737193e-01 8.496312906099120488e-01 8.494615945632856269e-01 8.514027675439521659e-01 8.479047355655390250e-01 8.481438570546390165e-01
