1.000000000000000000e+00 2.077666088485564111e-01 6.732912804313943844e-02 -2.232788163292472039e-01 3.089084394650240626e-03 4.911154094744656605e-03 -1.222691134879042192e-02 -6.385400120880112274e-02 2.506257893166547457e-01 1.162746417600207666e-01 4.981164839600345923e-02 -7.446824867203793996e-02 1.366159726709512134e-02 -1.582379670888956662e-03 -3.880738234394191452e-04 -5.749360706278748567e-02 1.781389060619090747e-01 2.136529193571817253e-01 1.489881251655418848e-01 3.125310058771874760e-02 3.323192240001675291e-02 1.535793859704080722e-01 2.442224740063759503e-01 1.187983949845816262e-01 9.390469927295232166e-02 1.865342403413138006e-01 1.819132467140295584e-01 2.021544608920121389e-01 2.386649738521741393e-01 2.214798977171391903e-01 1.914704854658552946e-01 1.067803784494086028e-01 1.697009795629459139e-01 1.075135124839415035e-01 1.560038736593756803e-01 2.370259432751971665e-02 1.094586845353141824e-01 3.926974351213557979e-02 7.180295791406607342e-02 4.725938020542943402e-02 4.796353013934119558e-02 3.985690687441176272e-02 -1.183944917551348064e-02 3.155548704530849319e-02 4.822961969219635714e-02 6.983554376427117405e-02 2.660398716712635003e-02 3.721000924784426123e-02 2.871309893698122118e-02 5.793473722559450145e-03 3.412249377017264468e-02 -7.334551355747362042e-03 2.548006376319029986e-02 8.651963063930255549e-02 8.365173388409802291e-02 8.600272101206016262e-02 8.296081540206472205e-02 4.643804771466090303e-02 5.303761919693776583e-02 5.230587460637245445e-02 2.327985559992878581e-02 4.046421410418464537e-02 2.837485428837693141e-02 5.343318564085742378e-02 8.573606945360436049e-02 5.466914800658490697e-02 5.654238554873051992e-02 8.473969385290029688e-02 9.143135031215848807e-02 1.725039122271955147e-02 2.357878496820864367e-02 6.299941629070220095e-02 5.357504986840290473e-02 2.998120962457502883e-02 7.775522132026410627e-02 8.763786205328101542e-02 9.153948623531504847e-02 1.183568097103113864e-01 8.820351422766223304e-02 1.028408957480461128e-01 8.934508901615310916e-02 7.805734041033231263e-02 7.518880955057635762e-02 8.986477115137127269e-02 2.931824487870578547e-02 4.608522580430834265e-02 2.854481157267057395e-02 3.048969260266507983e-02 4.497922065450708773e-02 4.354399286362083121e-02 5.131658000784747320e-02 2.041903493349529405e-02 1.840622590863043653e-02 2.839895625790284442e-02 9.455591892623875158e-03 2.033103793587256666e-02 -2.424690571994281979e-02 4.924597775005640221e-02 4.744497511991331573e-03 1.953893534400014467e-02 -6.191964757339352143e-03 1.862723975034812421e-02 5.996452446425509612e-03 4.615343061994594404e-03 5.718412905269959663e-03 5.544977109154324013e-02 4.026336627216421660e-02 4.138916148769471864e-02 4.289375641195726507e-02 3.009030410160829991e-02 2.950376595200138174e-02 2.858569633993517101e-02 3.251725468251643464e-02 4.401568624080860054e-02 4.400945419823149712e-02 3.444764637370373306e-02
2.077666088485564111e-01 1.000000000000000000e+00 -1.020546138075905307e-03 -1.061311769681041184e-01 2.025956909010181994e-02 9.383720282058732876e-02 1.055515780985319951e-01 9.056673385790676989e-02 2.005689183726352687e-01 2.130283959490135437e-01 1.235789208049462573e-01 6.357680635163594218e-02 1.208399929973294762e-01 7.259516676074738439e-02 1.415389690107883014e-01 1.025915317893318773e-01 1.585988780442233737e-01 9.695240937455930352e-02 9.216214119108132041e-02 -6.096664259905919606e-03 -2.740968488119033958e-02 6.039424564998395473e-02 1.737944088432960277e-01 7.991651440937828921e-02 4.677560583972958236e-02 1.651448915201609857e-01 1.533734449178818793e-01 1.687413954460524335e-01 1.979734594126964786e-01 1.753908352734673548e-01 1.863583225672055532e-01 1.709029312529749545e-01 1.891820356690897265e-01 1.405751113046724288e-01 1.591499260342047473e-01 8.224638974764818256e-02 1.380017108919681379e-01 1.734810929960257375e-01 1.699668771037406156e-01 1.366736186074086479e-01 1.592051145351735808e-01 1.669416386749215664e-01 1.127483196125899922e-01 1.427273431251982194e-01 1.428057541999138147e-01 1.683567344821696732e-01 1.649509349825870885e-01 1.609896799365495290e-01 1.461762138567213321e-01 1.131031532320981303e-01 1.490807679667181251e-01 7.129373679065911795e-02 1.249700967123557466e-01 1.654235331258431529e-01 1.567990577509671135e-01 1.677965064315286026e-01 1.459945426055667961e-01 1.668695347394044404e-01 1.685144339580067763e-01 1.581247071814995964e-01 1.357437701913364603e-01 1.611999365899069170e-01 1.478292736066672552e-01 1.541611249544651563e-01 1.456932764500565303e-01 1.440856895621906442e-01 1.664102321006035168e-01 1.494686932885170294e-01 1.790881899396700727e-01 9.817087355075680699e-02 9.212608514924830461e-02 1.339455959825622267e-01 1.271726705832546267e-01 1.103043839745302818e-01 1.654384242424824791e-01 1.665741012239063679e-01 1.803422457884221175e-01 1.964531998758495546e-01 1.744283440316057587e-01 1.722900429631916419e-01 1.583663292138104695e-01 1.648608038104454332e-01 1.641502027055699864e-01 1.823057736602698431e-01 1.411193458099461451e-01 1.475257274231577265e-01 1.344786099527548184e-01 1.702986925407790064e-01 1.655108261657569080e-01 1.560649949943828108e-01 1.667213566936891767e-01 1.593315022972534856e-01 1.419439966923463081e-01 1.555150652255554156e-01 1.506257650284612559e-01 1.580778361164000556e-01 1.179817710255512825e-01 1.320209072269037109e-01 1.396021936246418238e-01 1.562077592576487650e-01 1.363374539257936890e-01 1.436647464703153243e-01 1.351288854363376923e-01 1.398492760086172126e-01 1.178726440991400837e-01 1.477316295665118129e-01 1.554883143604284812e-01 1.664720922574869366e-01 1.643109936036319108e-01 1.640590163439344940e-01 1.658621742166553059e-01 1.523446347062052397e-01 1.619973268373280928e-01 1.539506323068554061e-01 1.416860308188232498e-01 1.458768720868506008e-01
6.732912804313943844e-02 -1.020546138075905307e-03 1.000000000000000000e+00 4.741550224063311725e-01 1.789811746604313136e-01 2.966362779250782955e-01 3.505015884491091693e-01 3.220304670020802673e-01 3.117057108906365892e-01 2.612339746954078779e-01 3.769428512077744875e-01 3.898737937150321686e-01 2.981467054031402553e-01 2.677070096392504817e-01 3.199371501534543083e-01 3.275982025780604934e-01 3.160729136357601776e-01 3.680394959291020673e-01 3.756163147572557093e-01 3.400705685606446038e-01 3.986809742734138684e-01 4.207571936732454332e-01 3.326503823541442917e-01 3.278524854719274684e-01 3.871072800827446980e-01 4.048316982929611174e-01 4.022348338099061005e-01 3.883257056612163249e-01 3.541734751691456018e-01 3.621714909946044947e-01 3.556214544235319353e-01 3.428133265180339784e-01 3.598739352294469396e-01 3.441412520729019708e-01 3.206644958487125940e-01 3.511586930732934486e-01 3.343670623797749819e-01 3.257151131587007753e-01 3.442508226339314192e-01 3.664283550528011912e-01 3.499404191602129566e-01 3.444786938977653645e-01 3.769648098104166900e-01 3.829631861913149748e-01 3.672935328752940376e-01 3.445220780888138545e-01 3.124583567074941115e-01 3.045645629802448129e-01 3.230219254891568137e-01 3.380483799211477791e-01 3.331423331366131224e-01 3.906423752732802734e-01 3.672488751112081840e-01 3.021318363656274597e-01 3.180076863525473363e-01 3.404134586988773470e-01 3.320780990444423542e-01 3.181785792936221990e-01 3.068594216059719604e-01 3.220138617131938497e-01 3.264489278612225931e-01 2.994996057380057697e-01 3.196187242538823248e-01 3.222642371813545514e-01 3.340825462601691997e-01 3.192984634255892629e-01 3.049808261327912606e-01 3.448500538709010632e-01 3.269360081620820702e-01 3.532123310598023758e-01 3.847071430336983511e-01 3.557586983780954282e-01 3.301654169637319169e-01 3.615548992476746437e-01 3.525660742536789738e-01 3.516270680573715945e-01 3.406671645395843995e-01 3.303035789279624712e-01 3.487815043623505029e-01 3.350968421541105635e-01 3.296933331843945880e-01 3.346924802034220159e-01 3.364246625155511983e-01 3.317866094137261745e-01 3.364081485423940920e-01 3.270974162688072284e-01 3.339207836482214198e-01 3.240664308250886805e-01 3.268717849225975525e-01 3.463011308875290073e-01 3.470963390903418766e-01 3.273844174266448692e-01 3.415405557903182232e-01 3.393185557434557076e-01 3.031728204558244988e-01 3.017040829991277096e-01 3.434146859019834297e-01 3.388679867780919897e-01 3.084211078976815679e-01 3.288408770516906832e-01 3.414632601088709585e-01 3.318345105628026093e-01 3.321521862318360663e-01 3.362249095749705319e-01 3.470391830164269997e-01 3.405413808849319657e-01 3.114226573291963840e-01 2.999371145024134488e-01 3.208290496080734022e-01 3.141073724894716257e-01 3.143407061602112584e-01 3.151534936469559955e-01 3.156089576784242845e-01 3.215992942533684174e-01 3.306524439384928571e-01 3.191206627172453736e-01
-2.232788163292472039e-01 -1.061311769681041184e-01 4.741550224063311725e-01 1.000000000000000000e+00 2.521859400181129529e-01 3.546647560669318744e-01 4.417483888036835560e-01 4.927345368967024353e-01 2.595516018657263446e-01 2.769191506429662941e-01 4.237792044667478830e-01 6.043481966348331902e-01 4.111825829231270935e-01 3.485626426318534921e-01 4.324621943047418093e-01 4.974717334453644391e-01 2.835021510507496068e-01 2.139366019869904101e-01 2.700662947697194394e-01 4.219132461142545143e-01 4.339023605236917991e-01 3.334465398675989789e-01 2.500066088450611512e-01 2.711876096418298077e-01 3.450805181182793890e-01 3.257797295911149527e-01 3.313819392490683913e-01 2.852409730152724032e-01 2.145856808293395424e-01 2.670669953020386456e-01 2.877290478307405475e-01 3.689121175316436019e-01 3.230247129413008067e-01 3.538237235666836789e-01 2.992800365644437410e-01 4.380719718926450179e-01 3.392843591118732127e-01 3.995361726291959403e-01 3.884302195211637443e-01 4.244689244530068795e-01 4.025119276182064776e-01 3.944930115046937358e-01 4.822774453538216100e-01 4.575132414036167106e-01 4.191915902428468566e-01 3.836789804117214375e-01 4.050362930329542976e-01 3.849368850530755504e-01 4.235505517941111631e-01 4.529941257453196091e-01 4.142077160524265667e-01 5.176689732953474454e-01 4.670170572054251346e-01 3.539700121273592903e-01 3.615723218738187139e-01 3.745265640500562432e-01 3.896760602317315692e-01 3.768720641676883698e-01 3.717247871008496074e-01 4.026687344935793722e-01 4.187518454207310725e-01 3.860307432721116760e-01 4.035126446632704700e-01 4.071847135058090927e-01 3.806903299746687286e-01 4.060038123167685753e-01 3.696433756930331271e-01 3.480676157111320945e-01 3.566012460114407756e-01 4.450482560650595443e-01 4.462833092096494259e-01 3.904316471142960099e-01 3.739994088707623843e-01 4.156856728281371205e-01 3.921775489569618300e-01 3.715035446290081422e-01 3.567223221060467631e-01 3.204735392844353381e-01 3.621999070578593716e-01 3.505920181025481974e-01 3.620277915582287287e-01 3.711593380599184089e-01 3.947073442656558462e-01 3.563363061269693155e-01 4.308385135916975583e-01 3.936994305609458622e-01 4.155582901225525205e-01 4.059869644884404050e-01 3.988637874479037393e-01 4.248515465787577328e-01 4.008212584372398135e-01 4.142774617696690087e-01 4.270200469593402048e-01 4.165768188077099698e-01 4.043457382857228444e-01 3.985348916752202153e-01 4.819089557649309796e-01 4.343245005998452868e-01 4.215545177978838876e-01 4.232747473746578670e-01 4.475030934586757825e-01 4.326700957309043138e-01 4.418057603976376368e-01 4.420497268521316747e-01 4.658500001709057758e-01 4.242328047960512438e-01 4.024757815036065778e-01 3.804353120835641255e-01 3.998901793516226322e-01 4.022994436980587563e-01 4.030701523970264266e-01 4.095712953789990007e-01 4.081992673751451139e-01 4.113208728235424050e-01 4.088329660500831242e-01 4.168750570080779760e-01
3.089084394650240626e-03 2.025956909010181994e-02 1.789811746604313136e-01 2.521859400181129529e-01 1.000000000000000000e+00 3.020678272698364419e-01 4.538717296437755344e-01 4.995054368948871337e-01 4.292992155425037759e-01 3.980947981594014640e-01 4.405948968118902909e-01 4.663986104872308025e-01 4.842585554008284054e-01 3.794077544333738228e-01 4.838283443890779578e-01 5.102315720748201722e-01 3.995068733808521122e-01 3.377209495606107170e-01 3.813318513287333178e-01 3.160138209071419735e-01 3.281161454199615357e-01 3.729508550119042254e-01 3.381666527163467717e-01 3.639164008981957132e-01 3.632436300058142775e-01 4.231072417412615749e-01 4.105980849384137654e-01 4.070414725437656589e-01 3.649547551594401473e-01 3.959340554386887034e-01 4.237864506396432640e-01 4.393575255687942049e-01 4.027216983713148846e-01 4.389761663920368484e-01 4.189371875442729487e-01 4.270063799700601903e-01 4.341971755499359209e-01 4.551491821659606196e-01 4.746510336534349728e-01 4.551508981400528842e-01 4.792527667710552164e-01 4.740547867036546403e-01 4.730979388950748987e-01 4.903269371284523226e-01 4.733905263473621727e-01 4.787209887614413129e-01 4.815686273780571680e-01 4.788974387703869295e-01 4.642429615748883132e-01 4.332299054490613699e-01 4.550278727189032146e-01 4.596059252612927915e-01 4.721853365495886079e-01 4.670772166568658568e-01 4.541397203611627353e-01 4.560684950444671149e-01 4.467059078991115761e-01 4.777207134899375540e-01 4.617266381580481527e-01 4.947548448818742117e-01 4.758666440389507923e-01 4.757335620892302885e-01 4.644427668661839648e-01 4.745650358768659371e-01 4.742674010596032996e-01 4.664464694899977393e-01 4.771235591989965164e-01 4.753481145748766346e-01 4.719971676857679932e-01 4.683904845804746642e-01 4.659321609627031235e-01 4.758876474354621910e-01 4.665005262434524513e-01 4.652999173559875801e-01 4.815081310748802190e-01 4.729640550083504813e-01 4.703877018528295761e-01 4.537034800661072231e-01 4.729773020233059011e-01 4.635521658042795479e-01 4.663963672605944133e-01 4.701663128240687328e-01 4.755478715703541082e-01 4.651968216300559344e-01 4.711986783514620081e-01 4.788680129861025425e-01 4.759651868402451913e-01 4.804646837158749184e-01 4.872279013617097365e-01 4.767773788175289074e-01 4.823823308310634661e-01 4.884315835057961297e-01 4.858953954215451954e-01 4.871516012777599158e-01 4.821080717672375782e-01 4.835245140082556903e-01 4.665654458831270945e-01 4.561962189025449144e-01 4.698785983898038920e-01 4.801765206813182751e-01 4.862609456256418716e-01 4.702002057139795244e-01 4.833611491879641342e-01 4.900669748189163677e-01 4.758479905700291890e-01 4.670484642132459729e-01 4.735667528120923730e-01 4.816332313779360663e-01 4.812797300589942706e-01 4.817094925581143494e-01 4.770220855872996379e-01 4.879114097928036187e-01 4.762889026132071657e-01 4.750103879639520632e-01 4.814221474335619311e-01 4.782202263930665498e-01
4.911154094744656605e-03 9.383720282058732876e-02 2.966362779250782955e-01 3.546647560669318744e-01 3.020678272698364419e-01 1.000000000000000000e+00 5.397333316036629913e-01 5.137022490155180865e-01 5.043283024874434251e-01 4.780000336510176751e-01 5.573267813146941529e-01 5.734046093526827814e-01 5.195382956644838401e-01 4.697590461991737465e-01 5.755684614097722474e-01 5.660266900932805489e-01 5.269024801573242156e-01 4.479628230436987213e-01 4.854695972316110941e-01 4.589306888590527489e-01 4.844459177828649432e-01 5.071358912293073562e-01 4.729797158035449756e-01 4.694307959327939650e-01 5.003277956307002894e-01 5.676560981141809403e-01 5.635359829829559297e-01 5.629411772357880706e-01 5.067051676962986972e-01 5.313199534306398686e-01 5.511251101759715443e-01 5.712571829684266467e-01 5.523251396575722394e-01 5.553630864625500596e-01 5.385560893849459241e-01 5.565983101110154596e-01 5.625582790259915367e-01 5.797672168334166987e-01 5.825783109410767047e-01 5.973798110087379376e-01 6.033238824172396653e-01 5.967845486418945633e-01 6.070409713514429706e-01 6.062620874173889618e-01 6.034054272083582138e-01 5.955491597787920810e-01 5.874209056203060220e-01 5.928932559945417902e-01 5.978892759141952729e-01 5.721600973976342930e-01 5.792041355357465671e-01 5.833496489203876534e-01 5.982325389655903658e-01 5.772092145606612101e-01 5.780240395943521126e-01 5.952302914123031030e-01 5.783995883751574807e-01 5.870342038534644979e-01 5.849484682638741440e-01 5.916888791169621076e-01 5.884614363296385431e-01 5.900332680652592421e-01 5.819859373011783132e-01 5.846809768316985068e-01 5.825121146920847481e-01 5.890335153205046304e-01 5.881805044330193910e-01 5.853618487411939020e-01 5.847985455352916473e-01 6.034268362799332097e-01 5.970236694915244113e-01 5.990572252374598561e-01 5.812089648512108742e-01 5.890893169519652028e-01 6.069325829773687397e-01 5.988076838685510994e-01 5.962203340518830164e-01 5.789047515465836069e-01 5.983319838815370773e-01 5.791803854151960085e-01 5.864654158154820607e-01 5.914307279939415851e-01 5.981432266167582279e-01 5.839176538762378410e-01 5.917870374135233424e-01 5.916086187305735766e-01 6.003338167728120567e-01 6.004213988274560432e-01 5.937939499698744461e-01 6.084865777738808212e-01 6.053823240963103203e-01 6.037436637409457907e-01 6.060291192009131800e-01 6.069714041822893424e-01 5.921874911994866597e-01 5.936264934436695784e-01 5.955712875537007012e-01 5.869994264937605788e-01 5.877811522750363560e-01 5.955301290414123372e-01 6.024600706174890741e-01 5.983074747247704162e-01 5.967268195690410559e-01 6.040130051831090752e-01 6.001875472111676268e-01 5.950549301595596807e-01 5.919000913742914483e-01 5.919079748531385077e-01 6.005784998688653564e-01 5.971998329593732890e-01 5.996787822500433407e-01 5.946270040834932269e-01 5.973269235708985603e-01 5.905861426015763804e-01 5.946484735126800203e-01 5.927583555878449539e-01
-1.222691134879042192e-02 1.055515780985319951e-01 3.505015884491091693e-01 4.417483888036835560e-01 4.538717296437755344e-01 5.397333316036629913e-01 1.000000000000000000e+00 7.190764484841067894e-01 6.424888993476610688e-01 6.386995854933875671e-01 7.246322712308905789e-01 7.635565358110438794e-01 7.141667506482468619e-01 6.132474221410036952e-01 8.211583797432318033e-01 7.865444818546890593e-01 6.504386696711419447e-01 5.420169975485609193e-01 6.157318305381029866e-01 5.202673601098036782e-01 5.363253336082186573e-01 6.330615113702089403e-01 6.023831864182943585e-01 5.693990218161439909e-01 6.116340545968471654e-01 7.312162005947446808e-01 7.144662415068638861e-01 7.270119568198797344e-01 6.568215541368018773e-01 6.589545664270953784e-01 7.270583212624566194e-01 7.373854990317437741e-01 7.173679991074239926e-01 7.076295779558084975e-01 6.749303511887416729e-01 7.269398513666410766e-01 7.241008626683309579e-01 7.801724610337481547e-01 7.762685109041589371e-01 7.931284332604520149e-01 7.831134232266625528e-01 7.918354409364187774e-01 7.896312587957525775e-01 7.983205384198672760e-01 7.842738476163865213e-01 7.959924861493685722e-01 7.737173479377267293e-01 7.688480418345474687e-01 7.654031232748019775e-01 7.412255409858793387e-01 7.670511961385276800e-01 7.336347370180613670e-01 7.597517598133871619e-01 7.466353232956191022e-01 7.397112116734830822e-01 7.704215024105387499e-01 7.242474863269041663e-01 7.637073450448077505e-01 7.517815843866253456e-01 7.692383194437240057e-01 7.666701499657184726e-01 7.547306268781470706e-01 7.529172283203154903e-01 7.603168317906124907e-01 7.527772805448903481e-01 7.398755370657352781e-01 7.662778696044331150e-01 7.539585020451691211e-01 7.592511158888793910e-01 7.456612932999258092e-01 7.584576048679076976e-01 7.737920347598320481e-01 7.332495422858478218e-01 7.498650304411923484e-01 7.851744130026266921e-01 7.759495686079292964e-01 7.802151905711605107e-01 7.583899148947954583e-01 7.832992955794007006e-01 7.559851154638814741e-01 7.626663171929143337e-01 7.755632587194810634e-01 7.745866495788987782e-01 7.629467563633967053e-01 7.780942027867340238e-01 7.625995269942202892e-01 7.771558248827385995e-01 7.858586431811450668e-01 7.848535385355859262e-01 7.826637862197217688e-01 7.940903205179267177e-01 7.905337513438736030e-01 7.895094543230545270e-01 7.964225018307906634e-01 7.739740070839445929e-01 7.749765128148944360e-01 7.782021975129095326e-01 7.451592322264324331e-01 7.681103087887470870e-01 7.838964902433532833e-01 7.947632537051596557e-01 7.740257147923120806e-01 7.732320319311681844e-01 7.894680908470508296e-01 7.720058671894779456e-01 7.556771998567983761e-01 7.621758416145930637e-01 7.744462116317546441e-01 7.811574020700396970e-01 7.767429377433070492e-01 7.711327444402009679e-01 7.727471230408402558e-01 7.698230066427531604e-01 7.684598638204965804e-01 7.675043679354894843e-01 7.608145193733713008e-01
-6.385400120880112274e-02 9.056673385790676989e-02 3.220304670020802673e-01 4.927345368967024353e-01 4.995054368948871337e-01 5.137022490155180865e-01 7.190764484841067894e-01 1.000000000000000000e+00 6.189841857417029969e-01 6.235390340241094842e-01 6.925119672168121854e-01 7.592421607886066237e-01 7.266125565647125750e-01 6.115610180440456123e-01 7.754926759903797429e-01 8.140913510561305078e-01 6.156095531826738521e-01 4.698341545004984798e-01 5.436522642643916159e-01 4.886853513182749520e-01 5.031384039074976444e-01 5.515184657722063122e-01 5.377550955578579428e-01 5.288858943341192553e-01 5.401365180128316901e-01 6.476720348793228998e-01 6.339708883128664096e-01 6.274490155777759925e-01 5.428255739325396068e-01 5.923887738800515113e-01 6.413666963566734269e-01 7.019104508580606971e-01 6.616868267213201760e-01 6.746499564604082622e-01 6.419455592473815031e-01 6.737138138183810243e-01 6.573925207043198604e-01 7.401644301450062136e-01 7.339308982096742762e-01 7.329513857147459399e-01 7.458163523891174762e-01 7.515092767557707276e-01 7.593483301941897912e-01 7.659154620394117430e-01 7.315860880157972757e-01 7.419143907046868991e-01 7.596548106944250867e-01 7.509971821970413686e-01 7.473153306810356167e-01 7.281480593508451449e-01 7.440115314469976093e-01 7.259874246488000615e-01 7.468055065431037365e-01 7.232741903970387742e-01 7.157888049765656069e-01 7.303461815635731158e-01 7.086396784022116480e-01 7.448671079702178233e-01 7.338738634979407038e-01 7.541490885263673061e-01 7.499582016242593019e-01 7.415694709006271923e-01 7.412408572683466534e-01 7.386311455318684827e-01 7.287168950684204116e-01 7.270018075235999966e-01 7.442919615435437120e-01 7.181936525288196149e-01 7.313156847854251907e-01 7.251479065107854227e-01 7.268113413921848398e-01 7.326816681447654300e-01 7.115629172863604524e-01 7.210907394031682571e-01 7.487145099119464353e-01 7.333565294813834123e-01 7.324965508076468623e-01 6.964819909546609011e-01 7.295672187360053851e-01 7.132501777463068349e-01 7.205046064574323061e-01 7.292398339349742686e-01 7.462373062142807489e-01 7.275257907971367510e-01 7.543672523206207403e-01 7.435893245293563325e-01 7.441786075193685956e-01 7.642290659143333720e-01 7.567994127762877055e-01 7.603260823320403539e-01 7.551333830492997778e-01 7.653290673380229725e-01 7.598828379432838176e-01 7.648716997567346354e-01 7.594084366996229907e-01 7.611926276423748305e-01 7.634512979936165511e-01 7.361915534203448130e-01 7.544663478926976197e-01 7.670799769439328175e-01 7.738672022666036598e-01 7.602818211180237817e-01 7.612738568124480798e-01 7.738581384556867393e-01 7.605722983757243760e-01 7.408079029500035384e-01 7.493990256352069945e-01 7.555677546567531877e-01 7.590126092493120202e-01 7.611887013552881553e-01 7.575544972356332840e-01 7.624901239922620144e-01 7.582286522201142631e-01 7.504812820678925522e-01 7.487938960128244226e-01 7.503536685351013258e-01
2.506257893166547457e-01 2.005689183726352687e-01 3.117057108906365892e-01 2.595516018657263446e-01 4.292992155425037759e-01 5.043283024874434251e-01 6.424888993476610688e-01 6.189841857417029969e-01 1.000000000000000000e+00 7.550050219457092870e-01 7.691395999574678344e-01 7.179255031115689967e-01 7.365653706799314415e-01 6.526760242270562840e-01 7.884684679536656526e-01 7.546518273895150841e-01 7.864232076690378381e-01 6.713490835531588097e-01 7.057994712869447573e-01 5.531344395314196083e-01 5.998475970727702444e-01 7.089856168197853359e-01 7.109839175688370538e-01 6.680891395003830668e-01 6.669363092442487373e-01 8.136235590330088696e-01 8.086576603944809483e-01 7.992883740793248482e-01 7.577023910768971859e-01 8.065149472007903109e-01 8.301860136126406609e-01 8.157671565848162443e-01 8.008613265745507803e-01 7.839037262188510713e-01 8.098826902802905847e-01 7.358760331712349556e-01 8.074524640115410268e-01 7.992833016981796268e-01 8.245571977929887497e-01 8.073279289201333864e-01 8.391795482296348085e-01 8.209311257576499266e-01 7.935099694885203725e-01 8.217895583674018622e-01 8.276505659165134254e-01 8.337148933601264966e-01 8.397390878500338163e-01 8.428649094289174526e-01 8.329437488350002194e-01 7.800257453611350034e-01 8.118347318448148053e-01 7.726452472622676870e-01 8.244042332799056405e-01 8.513710141405169685e-01 8.397557680668868985e-01 8.390270262791836853e-01 8.393994307564015545e-01 8.395755188147128178e-01 8.403040364785849814e-01 8.519849730584572178e-01 8.346089132966445501e-01 8.402991485057595966e-01 8.280112972246792546e-01 8.414399307699529373e-01 8.532186805659439655e-01 8.388685342600636918e-01 8.459591146312582799e-01 8.447967518951838839e-01 8.453839392273653219e-01 8.096529773251506246e-01 8.128119217129532448e-01 8.409402232532756649e-01 8.126267813153663644e-01 8.103895394351035009e-01 8.574805740186756120e-01 8.569875175183110372e-01 8.525123525457686258e-01 8.440103928456692550e-01 8.483596201958312211e-01 8.481175312491004981e-01 8.478794887556292403e-01 8.497506087222275184e-01 8.471628956464076765e-01 8.521488103797080216e-01 8.178952303754211117e-01 8.314304660374587375e-01 8.286415584762315545e-01 8.357125045786527595e-01 8.423016564050016530e-01 8.368117238259854540e-01 8.419140455574309900e-01 8.385776122893348061e-01 8.346097509200994802e-01 8.380248372455298966e-01 8.323292443591141510e-01 8.385904091552249806e-01 7.953462564428984694e-01 8.307777703986898299e-01 8.223300392283113824e-01 8.294735997136101213e-01 8.179971373629172371e-01 8.287925231148793870e-01 8.297033196043591685e-01 8.282051683072952919e-01 8.204096433903507180e-01 8.397938575943433293e-01 8.432487582491392519e-01 8.441161114335847815e-01 8.473950231048663628e-01 8.414112117924587020e-01 8.389195025435640662e-01 8.453359707937184719e-01 8.416748881428819384e-01 8.411227723540558587e-01 8.450790530031027092e-01 8.398740488972509244e-01
1.162746417600207666e-01 2.130283959490135437e-01 2.612339746954078779e-01 2.769191506429662941e-01 3.980947981594014640e-01 4.780000336510176751e-01 6.386995854933875671e-01 6.235390340241094842e-01 7.550050219457092870e-01 1.000000000000000000e+00 7.385770244266404161e-01 7.232203676327486619e-01 7.178330188750196017e-01 6.395145666406767404e-01 7.943932467949776921e-01 7.596769440625749104e-01 7.272681730359188412e-01 6.144220553191049872e-01 6.435793833766104699e-01 5.300184481603176234e-01 5.535919242986804267e-01 6.410326337830934973e-01 6.497341078438337858e-01 6.201368867357212045e-01 6.151628693029002060e-01 7.464516473631566118e-01 7.484499985775695530e-01 7.395248976887940362e-01 6.888826575869572144e-01 7.305322563375014067e-01 7.785947964542978550e-01 7.847727370363274391e-01 7.521167771342256447e-01 7.458485799451378684e-01 7.670924303860945370e-01 7.072298295022122483e-01 7.710647691026996098e-01 7.917052278692138234e-01 8.057262016790078807e-01 7.851359423532238146e-01 8.138412441214998294e-01 8.037225005565602487e-01 7.712032683041206704e-01 7.997633742379944843e-01 7.962315192269912023e-01 8.101104283949740470e-01 8.236854413926865126e-01 8.311060983466842522e-01 8.103649726976649426e-01 7.618680318649678762e-01 7.913686273798283821e-01 7.378491816252286117e-01 7.937314588135201410e-01 8.254924175658058250e-01 8.137355847383861418e-01 8.113188859483786430e-01 7.998032490968649544e-01 8.160949499068358426e-01 8.186016648628428038e-01 8.270779746635902319e-01 8.132182236863303437e-01 8.189909930100881530e-01 8.079064113952545423e-01 8.157906076384061622e-01 8.142524322228585909e-01 8.099549105706520535e-01 8.293670620755391187e-01 8.176275207750708374e-01 8.202904948178125766e-01 7.869683277872369098e-01 7.925011199100757686e-01 8.158330706809897581e-01 7.906562023630725466e-01 7.893963441280902327e-01 8.256120182682648023e-01 8.281915114088350682e-01 8.233764124453206712e-01 8.113197184617209068e-01 8.177031312881852809e-01 8.202407035719978534e-01 8.237191499031483177e-01 8.273238570636619604e-01 8.179995302706711824e-01 8.272367572717972406e-01 8.064642020258799837e-01 8.144454754594437906e-01 8.122516314937727744e-01 8.247445673796481858e-01 8.289312560937206475e-01 8.135238997972900066e-01 8.185216555353046486e-01 8.257375908127347897e-01 8.202433117623678660e-01 8.243013728640129489e-01 8.275913896411629667e-01 8.310648333787158393e-01 7.871245277593853507e-01 8.052716050360189115e-01 8.196094069570772911e-01 8.203703681353752275e-01 8.114130588388520637e-01 8.186074356646924066e-01 8.181045470180606793e-01 8.198467954617856268e-01 8.062094837130132641e-01 8.127645048613701961e-01 8.275764765173631021e-01 8.339048078896765803e-01 8.293776862020423302e-01 8.298059199524249197e-01 8.263031368768147811e-01 8.309456351320968492e-01 8.281729323461674008e-01 8.265703599232606669e-01 8.237816744702612937e-01 8.234171927182606376e-01
4.981164839600345923e-02 1.235789208049462573e-01 3.769428512077744875e-01 4.237792044667478830e-01 4.405948968118902909e-01 5.573267813146941529e-01 7.246322712308905789e-01 6.925119672168121854e-01 7.691395999574678344e-01 7.385770244266404161e-01 1.000000000000000000e+00 8.336899899200201913e-01 7.796788427128834575e-01 6.836005286059632091e-01 8.573890935791719237e-01 8.301210362022162226e-01 7.684193648364529006e-01 6.569281934887026830e-01 7.201565018955305986e-01 6.081158761052158912e-01 6.471212482129197197e-01 7.331900000976852017e-01 6.748991182409755929e-01 6.774474015703458862e-01 7.041687355723073027e-01 8.174168380683568547e-01 8.251540648355355501e-01 8.128006961078771964e-01 7.407847565362428721e-01 7.917247834137527418e-01 8.392536503557148642e-01 8.462413271004449733e-01 8.135868769747315321e-01 8.163721507539348776e-01 8.089671809479034303e-01 8.094715845293786183e-01 8.305895061022903203e-01 8.641667301442822469e-01 8.729344291692817670e-01 8.760907957802255286e-01 8.850732296567380697e-01 8.807490465461438323e-01 8.722670279939592763e-01 8.868194741228710987e-01 8.816888871228835134e-01 8.759943371494773867e-01 8.866135494133997597e-01 8.859616885601165892e-01 8.817479391263161048e-01 8.574972007377056338e-01 8.762691475001489483e-01 8.475394429500581195e-01 8.810531483394231644e-01 8.701792781390778053e-01 8.693538223951581267e-01 8.723328726110786135e-01 8.694895120609241745e-01 8.823271221197579450e-01 8.823189863184176529e-01 8.867570550072716440e-01 8.893930710336570566e-01 8.803641287741553745e-01 8.786146294707315452e-01 8.806513343491679802e-01 8.796237400379551818e-01 8.706560260089493131e-01 8.852934175568304420e-01 8.768850836706396645e-01 8.713637142338640507e-01 8.622182631266011033e-01 8.772668608560021397e-01 8.889818276933060259e-01 8.495184293137323372e-01 8.657271969993884930e-01 8.962835708963955428e-01 8.937563872730317494e-01 8.858736789314972659e-01 8.649903774462913697e-01 8.835573231093430957e-01 8.772405060292488566e-01 8.799271042147043254e-01 8.909309230495059406e-01 8.799587104800324910e-01 8.828772083748968047e-01 8.845333780884333530e-01 8.788252684645150303e-01 8.857178987222391608e-01 8.917752480266697424e-01 8.927651130153105852e-01 8.882720826034944395e-01 8.939595670728903709e-01 8.951583562753131496e-01 8.966176196567567924e-01 8.964381402926416831e-01 8.894614384071533042e-01 8.890694962041211236e-01 8.825348922803056828e-01 8.810829629709718835e-01 8.871945390423251476e-01 8.921626272400369206e-01 8.924817455197873173e-01 8.919384289534489918e-01 8.902281964468482522e-01 8.953136775021779403e-01 8.873770575161001872e-01 8.855255118485357846e-01 8.890432866082651486e-01 8.849896221016501086e-01 8.913880741306302591e-01 8.913687569447084069e-01 8.896974769940466654e-01 8.901559630493295350e-01 8.913525372609052422e-01 8.905945958292373899e-01 8.905796124630349642e-01 8.832991959318622355e-01
-7.446824867203793996e-02 6.357680635163594218e-02 3.898737937150321686e-01 6.043481966348331902e-01 4.663986104872308025e-01 5.734046093526827814e-01 7.635565358110438794e-01 7.592421607886066237e-01 7.179255031115689967e-01 7.232203676327486619e-01 8.336899899200201913e-01 1.000000000000000000e+00 8.031147576309811686e-01 6.937207633578388322e-01 8.785113628256741025e-01 8.904037142833550744e-01 7.376450159382518246e-01 5.930899843081309797e-01 6.516137138357227521e-01 6.570137680477872166e-01 6.553795371546828896e-01 6.760194031329241904e-01 6.439701561809703101e-01 6.319527317491621110e-01 6.685022086812197895e-01 7.688546748683392495e-01 7.761970712177581611e-01 7.486456825354005362e-01 6.660569357460908169e-01 7.321423144093430757e-01 7.803160840498561956e-01 8.368427124947741547e-01 7.795848428675443698e-01 7.985430829553674670e-01 7.791134328284818888e-01 8.295571672052248768e-01 8.086867286368329966e-01 8.651112793320494543e-01 8.659722337406041692e-01 8.731272087064143594e-01 8.818741207709209773e-01 8.686011884252582416e-01 9.005921474311974206e-01 8.988646849509344117e-01 8.760105734553413903e-01 8.693885040782350915e-01 8.963383243829254887e-01 8.910393761313775141e-01 9.009553200336051226e-01 8.841189897404650999e-01 8.842963490484818667e-01 8.976918203121696527e-01 9.057115747715455134e-01 8.715051412117957863e-01 8.693439025008360410e-01 8.646643826424970092e-01 8.782358874250842939e-01 8.775726720510315104e-01 8.802777840404177878e-01 8.971275249106925864e-01 9.041314221958955955e-01 8.911408064999829515e-01 8.940399313763389699e-01 8.979702943663684378e-01 8.753173445624722326e-01 8.884399796457869147e-01 8.832111314249040390e-01 8.504808436645364678e-01 8.618663743992354132e-01 8.843169634351728536e-01 8.779447234978126069e-01 8.749531688620046932e-01 8.412092408837410495e-01 8.638363702494654683e-01 8.836716299016225129e-01 8.733155758881930852e-01 8.620610542518005737e-01 8.335434174837034194e-01 8.571266451146652976e-01 8.578413652836227588e-01 8.648989090872071239e-01 8.785308588336719904e-01 8.839450821163132854e-01 8.663880403423060983e-01 8.958097628109723543e-01 8.804008097584102854e-01 8.921234719162968174e-01 8.933670497987418191e-01 8.933940028521328847e-01 8.957140638110773212e-01 8.837920649365588188e-01 9.004041436783789543e-01 9.017077879726955736e-01 9.001234572748242346e-01 9.024746363290044870e-01 9.007585135080046213e-01 9.123340441940979151e-01 8.970104718948952449e-01 9.063166587714811540e-01 9.004753146489204996e-01 9.110683612028043221e-01 9.058746006149117624e-01 9.118231656773746474e-01 9.119225601152749494e-01 9.172432732774629116e-01 8.969923092091505179e-01 8.994051735512215151e-01 8.909017990480935234e-01 8.960120747183121237e-01 8.982831489677898240e-01 8.954929416637116280e-01 9.036415898562379923e-01 9.014088975584860775e-01 9.030731490461397781e-01 8.977859610743713636e-01 9.021397979020245872e-01
1.366159726709512134e-02 1.208399929973294762e-01 2.981467054031402553e-01 4.111825829231270935e-01 4.842585554008284054e-01 5.195382956644838401e-01 7.141667506482468619e-01 7.266125565647125750e-01 7.365653706799314415e-01 7.178330188750196017e-01 7.796788427128834575e-01 8.031147576309811686e-01 1.000000000000000000e+00 6.698050956842456216e-01 8.352681809914980215e-01 8.417188262167337731e-01 7.191749376375284886e-01 6.020068854469640129e-01 6.601478521752045525e-01 5.567972252049893100e-01 6.058029416150201296e-01 6.621929031472602034e-01 6.337918970555896925e-01 6.388335098019098934e-01 6.485523487252958796e-01 7.530454099855153904e-01 7.563089853730988743e-01 7.492998444559717530e-01 6.689426045061404036e-01 7.284522292565985824e-01 7.775430361650635946e-01 7.978645449173573656e-01 7.710525751621096768e-01 7.653169113191635731e-01 7.626740373197969936e-01 7.612849777590285916e-01 7.878910231653304397e-01 8.190415376382239598e-01 8.286517440936326251e-01 8.251098497324007575e-01 8.449869308127171408e-01 8.347835344342622310e-01 8.294914118838573325e-01 8.439869591090692902e-01 8.356352234964190551e-01 8.377677176877612597e-01 8.541824962881304772e-01 8.540146360158974437e-01 8.460409614375216103e-01 8.042594468323639445e-01 8.285128951741670411e-01 8.126429427679995321e-01 8.402863072234036945e-01 8.368274105591901879e-01 8.237217372780859526e-01 8.299849696411466526e-01 8.199014279770374669e-01 8.413947007885224094e-01 8.342409612848555867e-01 8.566221148782366956e-01 8.517085299449155267e-01 8.439613199541308175e-01 8.346836583064439763e-01 8.446010304317635997e-01 8.429093348934455499e-01 8.382196852725989356e-01 8.491136433261794458e-01 8.358441880023749215e-01 8.357583311562156725e-01 8.266721592771368865e-01 8.323709207501565066e-01 8.450375392367240890e-01 8.188576189800645944e-01 8.281200427861541424e-01 8.526646061768214935e-01 8.473535541482012379e-01 8.447674477630697787e-01 8.148357371942810401e-01 8.345769161873837216e-01 8.320024658551178343e-01 8.382659807439659660e-01 8.475048913966355402e-01 8.483500313592007291e-01 8.385637685345199710e-01 8.430096435091681828e-01 8.417406894520618188e-01 8.477975484505532178e-01 8.556049863754791041e-01 8.563019439962382684e-01 8.493229747159499743e-01 8.546352530219912813e-01 8.586524025589029607e-01 8.576217876022722564e-01 8.599957887294996661e-01 8.587522747041009819e-01 8.603976830706501211e-01 8.406307959911195615e-01 8.408356117319758516e-01 8.509781012908465003e-01 8.540772709748885028e-01 8.573540936175890748e-01 8.519340631849152690e-01 8.590054634474868500e-01 8.612128283525448680e-01 8.554445901556751997e-01 8.457020975195382873e-01 8.536847676905551241e-01 8.549830550515586935e-01 8.554264508813644863e-01 8.567095491007400421e-01 8.538138025909608464e-01 8.647203927010034263e-01 8.555467051920013777e-01 8.549297622633742488e-01 8.567955337118347003e-01 8.550860528534759419e-01
