1.000000000000000000e+00 1.404581402761606312e-01 1.925644701208003018e-01 6.640364037066279201e-02 -5.902625934872270629e-03 8.906147692192941528e-03 5.056612668019985074e-02 2.947287348172038246e-02 1.746181622756871055e-01 1.208010019516000538e-01 5.595245815429345654e-02 8.664907785962424822e-03 4.347375082902750487e-02 -1.476416700701082933e-02 -9.303342339299315242e-03 1.399817836048034524e-02 1.984279891404060470e-01 2.221897897925875498e-01 2.108873769857554092e-01 8.269958694678841704e-02 1.053144113654011504e-01 1.319747296745308607e-01 2.138215864121043863e-01 2.040844819996649184e-01 2.129642128674882062e-01 1.705884858075843169e-01 1.211550370700887613e-01 1.389537818432522720e-01 1.651805490982325431e-01 1.469424270018225565e-01 1.124890297979513620e-01 1.275686908267635866e-01 1.217774967477451981e-01 1.302857471702222047e-01 1.547582947186648406e-01 9.421795326431246786e-02 8.806010205549012759e-02 5.972527000990091733e-02 5.552140160296580029e-02 3.990301225229390958e-02 4.770250994598617539e-02 4.461475261628372602e-02 2.449731129784831971e-02 3.285444917247712371e-02 7.374377694296153918e-02 3.880091308215149332e-02 1.151244555111220931e-02 3.795296849386822075e-02 4.975696630278613614e-02 7.677290358683735993e-02 4.845661891117163111e-02 4.218952666448719246e-02 3.973258851118697393e-02 6.493749194413460379e-02 7.099796168625938098e-02 7.400316173221076210e-02 5.147652893407045349e-02 6.806056139650698555e-03 3.151125020868591337e-02 4.390668678705159089e-02 3.636007150897212908e-02 4.041174915221985853e-02 3.395502773256397350e-02 3.222087483731030794e-02 4.411335221735926404e-02 7.944517892692054550e-02 4.910427800582251034e-02 9.753380969892254393e-02 1.029213536971620574e-01 4.562645162527028536e-02 6.857056988874116188e-02 6.549920887329439834e-02 1.084531450329497132e-01 1.174442891241331138e-01 4.896008229054199523e-02 6.282985783112975120e-02 6.578355874738120446e-02 8.424921284942883670e-02 6.931947170557900550e-02 7.798133413345725851e-02 7.267330237730920683e-02 5.092628051361860336e-02 8.045219839080913760e-02 8.365113548582844838e-02 7.408947533633723770e-02 7.447828043462451086e-02 4.471689222715084094e-02 4.912302743916359404e-02 3.852685121672818486e-02 6.260119341449972563e-02 5.177434615060905881e-02 2.481744297821703721e-02 4.409250063934739422e-02 2.312784974199387153e-02 1.195071622850067163e-02 2.229517363764152785e-02 4.314455399267876773e-02 6.749840537592344258e-02 3.629643949570039718e-02 2.568079177746285940e-02 2.042153775276605784e-02 3.064525167427408978e-02 2.510196513843775470e-02 1.036627996296491869e-02 4.691807659520120383e-02 4.741867939828237760e-02 4.629999737839077256e-02 3.901404946378584510e-02 4.753972808473688055e-02 2.664729337332032849e-02 1.940001834802114120e-02 2.628950746049759160e-02 2.609186618377317551e-02 3.224052059085778105e-02 3.124146766968586078e-02 4.170177682062248953e-02
1.404581402761606312e-01 1.000000000000000000e+00 1.139197603323018615e-01 3.008680535480558887e-02 3.718745315135739415e-02 -1.310103621650005566e-02 3.902964330493884776e-02 5.284091694769711689e-02 2.439516887929776001e-01 2.263325394628230014e-01 1.706576514293456082e-01 1.150861186680512682e-01 1.489308839565685327e-01 1.149068498337557503e-01 1.287793464174006863e-01 1.183944965170188046e-01 1.950666127261802274e-01 1.948698933498884678e-01 2.171685027537127444e-01 6.385413519576904617e-02 4.117845344980534256e-02 1.183724619083977581e-01 2.469136115667884268e-01 2.157773266039644255e-01 2.106461965882045206e-01 1.940884704471241284e-01 1.854802893384400186e-01 2.219761502117193197e-01 2.661349609177186548e-01 2.276126400104446224e-01 2.064491078826262149e-01 2.098124636930146503e-01 1.990559406633593542e-01 1.965356180444209622e-01 2.111838024094851440e-01 1.578557485966226026e-01 1.834298782293179442e-01 1.751111239980571721e-01 1.816613643047668702e-01 1.440203227327444546e-01 1.787003172908547266e-01 1.675779482231374296e-01 1.364871705259369794e-01 1.523137947724549079e-01 1.684170143822537602e-01 1.705157757540197716e-01 1.449346628587554475e-01 1.772503098938302546e-01 1.494048072443883435e-01 1.383567877542343227e-01 1.529821691389492977e-01 8.379997452905919852e-02 1.097929511191844815e-01 1.868873473817970476e-01 1.794811918098834225e-01 1.816505518688635024e-01 1.460835175601760960e-01 1.476991814620975396e-01 1.648818662812689406e-01 1.582649830868236018e-01 1.421285236600495494e-01 1.702301747222025319e-01 1.615272790324271956e-01 1.498975535291716954e-01 1.439688505374314142e-01 1.561992801130015485e-01 1.665682710929521915e-01 1.906096935476707943e-01 2.117262215176750617e-01 1.410201722810531522e-01 1.497710536527660230e-01 1.595762462188420883e-01 1.975395308009150752e-01 1.954111947438974817e-01 1.625460048806833535e-01 1.772728597090744151e-01 1.830582961416940824e-01 2.103578295865832226e-01 1.809247487963697998e-01 1.947709855028078862e-01 1.914857750695409810e-01 1.841921589364070300e-01 1.910216713369675690e-01 2.004241371910517877e-01 1.704353189904083965e-01 1.866885746177958938e-01 1.730865652724774550e-01 1.659610862015323818e-01 1.593041290076302741e-01 1.785017379942976379e-01 1.693597985594648414e-01 1.592531127169662941e-01 1.636093721862451611e-01 1.526716427601945425e-01 1.521396132306175042e-01 1.611345346936327305e-01 1.353305232631693555e-01 1.310337350509113430e-01 1.454280042071725010e-01 1.392211266279553272e-01 1.360821560305691957e-01 1.446202601848619596e-01 1.278580685270003792e-01 1.383071431708184640e-01 1.433723420325568598e-01 1.483433196997770431e-01 1.599541230015575077e-01 1.697674383757466210e-01 1.711117360328079928e-01 1.541785723529027485e-01 1.638620060197527317e-01 1.538839004765446550e-01 1.543901498264597105e-01 1.438657641724009062e-01 1.470174824053170626e-01 1.485378947971055241e-01
1.925644701208003018e-01 1.139197603323018615e-01 1.000000000000000000e+00 3.346042141972159212e-01 1.768167340190304193e-01 1.743980898652501277e-01 3.710382008059379122e-01 3.264943940609026929e-01 3.636804858594250289e-01 3.504426379508107647e-01 3.737852026920756021e-01 3.706684783428095264e-01 3.310506168060780019e-01 2.146425877222091216e-01 3.334401032344892490e-01 3.463591815560410625e-01 4.127035599919373632e-01 4.395081186464480094e-01 4.694327360275212246e-01 3.242497088653664150e-01 4.137739286773791103e-01 4.416926448426194973e-01 4.339578946917050373e-01 4.724817004042115576e-01 4.826950451374374396e-01 4.603979526715945014e-01 4.294537032561720480e-01 4.407233953828733619e-01 4.257771306571053738e-01 4.481856169727682082e-01 4.267641823258995770e-01 4.508953482132050383e-01 4.529148900874019334e-01 4.624552519187412059e-01 4.771914824739919014e-01 4.585985578274596186e-01 4.406035768394468977e-01 4.101954203005187538e-01 4.124340837247569835e-01 4.196217702324673837e-01 3.797006389990150721e-01 3.872492986975753504e-01 4.006805550184114884e-01 3.859043455526894317e-01 4.328700641908191926e-01 3.973277769497556289e-01 3.461086044626836000e-01 3.611514993005890406e-01 3.710343782650545874e-01 4.002571886392118916e-01 3.957640906798697844e-01 3.650624814135041696e-01 3.755302523310017349e-01 3.727413414467828368e-01 3.927676538109516891e-01 4.068428431972007653e-01 3.809824570940772981e-01 3.508749548039168942e-01 3.721721403492341818e-01 3.522153719739765099e-01 3.699503457603300904e-01 3.693993814831090239e-01 3.711481676644105554e-01 3.632346857882164937e-01 3.571554289831224138e-01 3.794469144600532973e-01 3.659228711804453082e-01 4.193524452182504914e-01 4.223579815439374441e-01 3.964270446773791035e-01 4.169833987115754703e-01 4.041672769788098307e-01 4.420752261399891747e-01 4.466196270447205241e-01 3.902172107150829183e-01 3.956895759219544173e-01 3.992616644715779595e-01 4.003194547800014158e-01 4.144065725294143188e-01 3.980774392212022561e-01 4.143971117710807950e-01 3.864397759599751958e-01 4.102750399344265442e-01 4.057448707660586407e-01 4.174682838964111076e-01 4.215577708743369900e-01 4.058299131966165985e-01 3.904883094926783205e-01 3.901005579071166740e-01 3.962525756500406282e-01 4.087827216756831916e-01 3.742457401888517610e-01 3.964670492639393862e-01 3.810128582964438793e-01 3.470378441472333209e-01 3.586202771745181650e-01 3.951531542800842400e-01 3.745693176047255046e-01 3.672703129429557012e-01 3.700228387382543671e-01 3.791227009008897864e-01 3.725731992564563222e-01 3.607012850213872635e-01 3.527867579977188583e-01 3.795825315208491979e-01 3.753007175280290708e-01 3.697630195249083096e-01 3.689668938706262558e-01 3.828683103310036029e-01 3.546026092096947191e-01 3.667005790034563728e-01 3.507129958834168670e-01 3.651592079650107237e-01 3.573596642220984720e-01 3.511333235831375355e-01 3.591278053795545211e-01
6.640364037066279201e-02 3.008680535480558887e-02 3.346042141972159212e-01 1.000000000000000000e+00 3.590564378587225436e-01 2.845587512114847728e-01 6.032078230800550500e-01 6.070774050035179226e-01 5.124037445317085604e-01 4.614378755446232883e-01 5.423130745471802516e-01 6.335315615732235450e-01 5.543223245711107472e-01 4.251500830674089237e-01 6.046206247780999687e-01 6.222013090469067365e-01 5.201483372153250517e-01 3.713905780562928860e-01 4.146658028419606401e-01 5.279866435078541809e-01 5.399676238010786555e-01 5.252301960005893999e-01 4.082650873037929617e-01 4.137256161139115096e-01 4.270282816792610459e-01 5.728444924206427258e-01 5.436160044093495403e-01 5.167469303472687070e-01 4.948124507452755783e-01 5.156551753086860979e-01 5.360142833472419932e-01 5.602818556383062365e-01 5.475032620747029011e-01 5.696497209628317293e-01 5.391574366481349800e-01 5.921836531582722607e-01 5.469893499831609551e-01 5.942832100620316638e-01 6.015323866314385981e-01 5.826679121300718522e-01 5.810868645910503005e-01 5.937219630351970867e-01 6.187331993246651951e-01 6.095542606322310597e-01 6.036157071210105363e-01 5.878612195384613770e-01 5.763317843685646924e-01 5.795584216644703579e-01 5.829758730037428727e-01 5.978356323025371122e-01 6.119098786817884772e-01 6.461979394621590878e-01 6.283344638877683686e-01 5.643915134114801946e-01 5.526224039799163545e-01 5.735837417666083127e-01 5.799526755455097771e-01 5.770435865353442662e-01 5.665160103131362535e-01 5.861937494496158862e-01 5.900805908184422188e-01 5.694576668740237713e-01 5.794573815254230320e-01 5.850783846632018337e-01 5.840864449620101206e-01 5.900885346899332751e-01 5.749676542476814811e-01 5.458288322732599562e-01 5.483518293911624486e-01 6.116510576488778383e-01 5.768714914103973967e-01 5.783050861065256454e-01 5.456714543991478816e-01 5.466468146027287922e-01 5.908987793014638390e-01 5.712391963783020055e-01 5.739362120602776729e-01 5.645567503801244280e-01 5.838689676326305200e-01 5.539210987923568474e-01 5.611018300623679123e-01 5.748647415946187555e-01 5.781226632871691029e-01 5.554975785138470679e-01 5.985479233832659007e-01 5.907993487557019474e-01 5.828921486335379987e-01 5.938531735890724139e-01 5.975870346546622303e-01 5.818061055824528260e-01 5.925405920659297943e-01 5.896063601952414857e-01 5.910249944232432995e-01 5.961615068716467070e-01 5.804496676779336006e-01 5.797668789154253322e-01 6.015978645960229354e-01 5.920424162499290377e-01 5.895600542855327086e-01 5.983061742944927319e-01 6.090498181739331107e-01 5.994774807661902294e-01 6.116734103670440348e-01 5.930108725415916826e-01 6.133882234121074140e-01 5.894777189511111182e-01 5.814048423470705718e-01 5.764254498843721652e-01 5.809587713376022089e-01 5.858307475668811382e-01 5.863740138300561622e-01 5.906589705203273422e-01 5.861278518214607658e-01 5.919927831613981395e-01 5.824340918430562786e-01 5.943931899949232989e-01
-5.902625934872270629e-03 3.718745315135739415e-02 1.768167340190304193e-01 3.590564378587225436e-01 1.000000000000000000e+00 2.466297772351366824e-01 4.363074896219529264e-01 4.685831046321089488e-01 4.135517638709101940e-01 3.693620134573310509e-01 4.449902127915459915e-01 4.781348824776627260e-01 4.629241445238910235e-01 3.631038239143781765e-01 4.910694908972764172e-01 5.016708209511476779e-01 3.814691812555806028e-01 2.827158173320597490e-01 3.145074756796703008e-01 3.984838326082849602e-01 4.144629306119692602e-01 4.013563884439464990e-01 3.368915048642706633e-01 3.335547319419134848e-01 3.374499941888358112e-01 4.234308652426677644e-01 4.203741351440454244e-01 3.921176380755161950e-01 3.627677408430040606e-01 4.035877490702451387e-01 4.206324059135507221e-01 4.470774654939474457e-01 4.175625893866143357e-01 4.285497181396441535e-01 4.051255411436539000e-01 4.488778983089359853e-01 4.396548136429613285e-01 4.551983787531387327e-01 4.752457890344131131e-01 4.453084023374657696e-01 4.850065406772354759e-01 4.818921648765503996e-01 4.928352987626447579e-01 4.925182736959607954e-01 4.717532783146236586e-01 4.766419309836616436e-01 4.813130352821584079e-01 4.809012881459132083e-01 4.602977371569330067e-01 4.520635855880452136e-01 4.736822815468266779e-01 4.823467828459557238e-01 4.802181382320789282e-01 4.637858891051867549e-01 4.499992617961838803e-01 4.654446637004315823e-01 4.505610815484968890e-01 4.731248121846683419e-01 4.575967120488979578e-01 4.765156998273987199e-01 4.627760194285214235e-01 4.603462647909496441e-01 4.726876055091437379e-01 4.697484331315935346e-01 4.744222128636368385e-01 4.617148708231817444e-01 4.754183587428298940e-01 4.484444716146640530e-01 4.563392822354163103e-01 5.017841073803041008e-01 4.691706545686798457e-01 4.732646857393677520e-01 4.431798991358788520e-01 4.417368845710321068e-01 4.788485785099562131e-01 4.644827042914680404e-01 4.655734730959643630e-01 4.493209876097077338e-01 4.687759699886395182e-01 4.543161196693316639e-01 4.593525149797060836e-01 4.672059558933703838e-01 4.697333148569928785e-01 4.564808108359925676e-01 4.786152739042552340e-01 4.750890237706219543e-01 4.804426918952027226e-01 4.795439316628515303e-01 4.871247335392541178e-01 4.710864079178551656e-01 4.773291415418754458e-01 4.875460783209225601e-01 4.808659962703595303e-01 4.868500774211105830e-01 4.876558826914098033e-01 4.830569573710071785e-01 4.771765193997996590e-01 4.682469811992219233e-01 4.803389475839610068e-01 4.875845045075028472e-01 4.946767112889889351e-01 4.834169517298388397e-01 4.920192124199518902e-01 4.921578805048412164e-01 4.915093878724934306e-01 4.720547967241361387e-01 4.756216344358563108e-01 4.801262768573018591e-01 4.764149214228712848e-01 4.809787982445614674e-01 4.833567632080364995e-01 4.867870030171536633e-01 4.800843692285384767e-01 4.851427313632703520e-01 4.868816619272042234e-01 4.831534895844157851e-01
8.906147692192941528e-03 -1.310103621650005566e-02 1.743980898652501277e-01 2.845587512114847728e-01 2.466297772351366824e-01 1.000000000000000000e+00 4.405571151379882311e-01 3.692757460191848917e-01 3.713728784266685512e-01 3.593864846345929398e-01 4.081587182169858496e-01 4.518480631391071367e-01 4.202389345648748775e-01 3.237541626002924389e-01 4.496534917996813374e-01 4.330436536709216244e-01 3.820750316029519200e-01 3.138648950240123248e-01 3.282501616556591229e-01 3.734276709039128783e-01 3.956740996371889141e-01 3.874481755631148938e-01 3.322364360356246382e-01 3.409333770449970435e-01 3.297801319480439530e-01 4.278978356764469027e-01 4.223667700112692103e-01 3.960156783026605454e-01 3.552695449815008732e-01 3.781847043248767748e-01 4.151251547463046809e-01 4.258370070460388845e-01 4.049590729773598352e-01 4.230221765161891190e-01 4.036947959635144856e-01 4.168550776057943219e-01 4.247881876772522936e-01 4.517205747844052488e-01 4.509997277447777009e-01 4.598568545545495545e-01 4.594506311685264688e-01 4.629113799283811059e-01 4.607462236153961888e-01 4.601652132761517300e-01 4.579819938300735416e-01 4.603087350137336498e-01 4.620572722569666335e-01 4.622619707709346160e-01 4.580067069485416198e-01 4.438676665734552218e-01 4.599275267799768363e-01 4.500883324616050118e-01 4.724802663365191835e-01 4.477273028017887957e-01 4.448781593461715866e-01 4.580785405594013926e-01 4.463049729054772152e-01 4.632004960115770897e-01 4.577456933382364479e-01 4.532999130871689930e-01 4.603656294373103530e-01 4.448841632448218841e-01 4.552053250988917221e-01 4.505441549540158408e-01 4.516179380864675519e-01 4.424884035891833434e-01 4.604069760191127902e-01 4.425472229748695363e-01 4.322964399982823225e-01 4.669639903763433408e-01 4.583615317405513867e-01 4.623704178370600659e-01 4.363356238029654222e-01 4.344124917256010909e-01 4.665999058588480297e-01 4.561910748057000364e-01 4.565305062929543856e-01 4.357566789101346982e-01 4.566615388236687223e-01 4.391762316002054689e-01 4.466631271890249000e-01 4.514815927230188541e-01 4.473528091179522215e-01 4.412797234823694903e-01 4.580951972747572820e-01 4.501450342094402979e-01 4.553154145101218075e-01 4.644522829665659325e-01 4.680592991333311637e-01 4.542904994760119664e-01 4.635514181014135371e-01 4.705827551415125987e-01 4.643965793826380084e-01 4.724458766076001792e-01 4.657317051052726753e-01 4.668452474766527360e-01 4.655038698266100727e-01 4.489187393137258342e-01 4.600267222485167617e-01 4.712551686224384362e-01 4.750840976616145794e-01 4.635560123124797816e-01 4.741527908800562963e-01 4.717641378109341810e-01 4.670666033962546648e-01 4.540147166860409311e-01 4.588280852912894336e-01 4.614961426609220374e-01 4.614384586054051107e-01 4.629169435215846340e-01 4.651281588711169701e-01 4.612565903114063115e-01 4.624036187315189173e-01 4.631944405899707795e-01 4.604187588336322023e-01 4.555833852039563592e-01
5.056612668019985074e-02 3.902964330493884776e-02 3.710382008059379122e-01 6.032078230800550500e-01 4.363074896219529264e-01 4.405571151379882311e-01 1.000000000000000000e+00 7.120008475625326794e-01 6.488508677229464228e-01 5.984549011828359522e-01 6.908507375198671419e-01 7.816744660593404337e-01 6.828737461342474502e-01 5.213082281488483627e-01 7.992440563931376696e-01 7.707115228102016102e-01 6.924686885008325410e-01 5.732729968803734755e-01 6.129218093787467403e-01 6.281598671101852327e-01 6.968388756119452410e-01 6.776881338881732830e-01 5.912199522892759296e-01 5.975003849028366343e-01 5.982484397227361139e-01 7.495449600986067162e-01 7.451092033587450869e-01 7.080286017842216673e-01 6.511160617586055910e-01 6.846130874479838813e-01 7.382799451557150450e-01 7.411060191095607541e-01 7.140383252546242954e-01 7.303382563494340562e-01 7.123701183258259739e-01 7.442262968091989395e-01 7.362954012736253606e-01 7.828644697872877423e-01 7.756125404329816675e-01 7.823482323614030509e-01 7.689330914329662869e-01 7.836768757152680065e-01 7.989346287014226222e-01 7.940018582543385550e-01 7.861730374575608415e-01 7.820388064876525602e-01 7.680625002641657817e-01 7.651839139325863348e-01 7.847479516541420175e-01 7.827874835183343816e-01 7.979366248937784789e-01 7.830857019163339761e-01 8.018868880177326686e-01 7.568299093320998150e-01 7.578802588319983879e-01 7.742253795171147868e-01 7.766443583377609094e-01 7.674421964787180306e-01 7.705928778028521275e-01 7.620677730597709143e-01 7.876347933842577920e-01 7.600657917793419704e-01 7.718856062503808291e-01 7.777411057621441692e-01 7.622440633379886643e-01 7.647002576137719165e-01 7.694066018296562559e-01 7.573978841704079867e-01 7.444262040302265238e-01 7.877857216005204055e-01 7.738910637750842092e-01 7.752593928721749350e-01 7.435597745317333862e-01 7.452682486609255585e-01 7.910779997924781703e-01 7.755322941474079856e-01 7.741204785518421838e-01 7.528283235931475526e-01 7.796521336944383096e-01 7.520350301373009971e-01 7.632863388326472931e-01 7.685757346388327749e-01 7.679504840496194085e-01 7.548682390128134134e-01 7.882146919318094858e-01 7.723671482176939218e-01 7.732856774225619345e-01 7.903312912178532823e-01 7.912777945246276534e-01 7.759748324934463426e-01 7.912962033446937493e-01 7.871137068655560398e-01 7.884226943600055604e-01 7.936993331888237968e-01 7.707704729771588381e-01 7.720912086459787993e-01 8.074480888627726394e-01 7.834347584778261764e-01 7.861279658126002490e-01 7.986562430731036777e-01 8.047669724265585911e-01 7.920888958785242684e-01 7.948361290965656467e-01 7.834950595010171659e-01 7.900957302323216025e-01 7.823529165856777379e-01 7.787735165139891835e-01 7.717729502566591515e-01 7.807610844943605466e-01 7.742036393434778008e-01 7.792390271338330843e-01 7.696949641521438901e-01 7.817536176411535864e-01 7.821037397028423044e-01 7.657939865000432667e-01 7.712440745986223201e-01
2.947287348172038246e-02 5.284091694769711689e-02 3.264943940609026929e-01 6.070774050035179226e-01 4.685831046321089488e-01 3.692757460191848917e-01 7.120008475625326794e-01 1.000000000000000000e+00 6.598744883278206963e-01 5.994760896388522387e-01 6.868264677749896796e-01 7.742142019533873043e-01 6.899893689001539432e-01 5.549760981124677306e-01 7.765754141679118705e-01 7.949564078765414266e-01 6.677997969089901620e-01 5.133703850877326946e-01 5.773882420297006268e-01 5.991697077296707086e-01 6.524212518240728453e-01 6.624904967761779950e-01 5.578274622858264697e-01 5.597663212151668954e-01 5.678101053179125390e-01 7.235879869883217186e-01 7.002450097185909383e-01 6.608076281093778759e-01 6.331792812089065414e-01 6.631412347652886341e-01 6.844219627777460291e-01 7.202352025686283854e-01 6.749198664377953349e-01 7.083164472803405998e-01 6.780427376022182262e-01 7.170401579049839880e-01 6.945197887577004847e-01 7.677413139095015104e-01 7.561732903183913113e-01 7.302120281548737379e-01 7.590913541070186676e-01 7.726716772895277918e-01 7.849328503770011123e-01 7.877897847169278434e-01 7.535437788029240025e-01 7.618343914934563310e-01 7.686718668931177278e-01 7.669465059015404540e-01 7.775266288039556217e-01 7.789538002502923719e-01 7.897972169295027767e-01 7.770782240556878273e-01 7.907753009313380765e-01 7.525507140573773901e-01 7.463701075303267318e-01 7.543222504723603450e-01 7.664204011031263697e-01 7.733183510527879001e-01 7.622232942805167166e-01 7.711669452687589521e-01 7.848930723163379808e-01 7.608091387439431807e-01 7.708200585967056595e-01 7.816199800574646916e-01 7.661116048259909439e-01 7.636569904181580437e-01 7.667065668308397086e-01 7.432537901842291017e-01 7.345718263737959219e-01 7.812924388757779282e-01 7.680443599592906567e-01 7.723926889099635984e-01 7.297881228170394197e-01 7.298154631708966278e-01 7.775336825276693009e-01 7.599510442987181813e-01 7.570863217776995224e-01 7.446035021396957276e-01 7.663555946650739692e-01 7.476427167560788511e-01 7.483718960173728618e-01 7.564122435917846055e-01 7.576732800559153880e-01 7.473128892517877375e-01 7.861918057574205365e-01 7.696532783210592310e-01 7.516236020389598371e-01 7.829776411458487795e-01 7.792984043012459727e-01 7.636222177758004159e-01 7.679202840154401022e-01 7.821212431566875178e-01 7.736549532324559220e-01 7.794828111453974140e-01 7.749173535495582632e-01 7.724353294425444494e-01 7.938867352994877225e-01 7.845539031946038300e-01 7.865081861221711046e-01 7.928960335418306915e-01 7.922255202381142114e-01 7.902590292595437216e-01 7.932099996678871889e-01 7.863601799684201143e-01 7.921614095173227232e-01 7.801599335436011362e-01 7.771718208740864275e-01 7.669966543874753295e-01 7.703152505966115449e-01 7.800061100226841626e-01 7.780500820032842935e-01 7.766949960477858017e-01 7.806324808674738325e-01 7.867396876600458722e-01 7.731894842277491353e-01 7.779780813806678186e-01
1.746181622756871055e-01 2.439516887929776001e-01 3.636804858594250289e-01 5.124037445317085604e-01 4.135517638709101940e-01 3.713728784266685512e-01 6.488508677229464228e-01 6.598744883278206963e-01 1.000000000000000000e+00 7.527989642501434764e-01 7.704962465848733677e-01 7.868726660878904156e-01 7.446668439706406462e-01 5.886968915499143362e-01 7.983257623124188074e-01 7.968583284641580500e-01 7.904762227823012299e-01 6.678109324595554730e-01 7.056557396977813923e-01 5.768243619389404886e-01 6.393206088018643651e-01 6.948861767797562816e-01 7.680905394316791535e-01 7.153785878868843540e-01 7.079620209090039529e-01 8.238129265363790532e-01 8.112034285828003677e-01 7.970522233167893766e-01 7.971499254687551828e-01 8.170914243338986971e-01 8.284629269517342909e-01 8.365871524670370762e-01 7.755243845414487858e-01 8.001595101384668673e-01 7.962447906591015867e-01 7.701868960445849011e-01 7.965604035562492413e-01 8.375232156092855540e-01 8.331877894707520049e-01 7.684425765241814643e-01 8.428962220224657242e-01 8.381949841743170371e-01 8.039161490008672750e-01 8.426556343483355693e-01 8.226356461035947421e-01 8.399658109780664406e-01 8.434656696420322897e-01 8.614726266556125278e-01 8.482859577767052350e-01 8.149137493974341062e-01 8.435612704628674408e-01 7.684580257886063359e-01 8.094168189494803656e-01 8.699128304782688392e-01 8.525294016850785139e-01 8.537679580138123336e-01 8.428929651845500359e-01 8.362029997947256765e-01 8.492169090393205666e-01 8.565140671482831536e-01 8.385824085031632347e-01 8.530791455048645222e-01 8.495347787908316128e-01 8.432185593328354045e-01 8.461155623566805062e-01 8.629119715612515451e-01 8.591886904518121204e-01 8.553835680788912654e-01 8.690006859287364716e-01 8.358266117748555102e-01 8.335538487799958318e-01 8.482541546785223874e-01 8.504488656860966778e-01 8.446140804086557097e-01 8.524487818478109213e-01 8.576038779573371684e-01 8.554314383997834170e-01 8.630551742257468462e-01 8.593720195880988344e-01 8.663579509446037719e-01 8.576421721273967957e-01 8.602481874787222260e-01 8.697094873729483977e-01 8.621829679629989807e-01 8.515393816932106397e-01 8.632477713222496130e-01 8.400722819180377332e-01 8.551264910632808691e-01 8.493849122448001721e-01 8.576284885020348803e-01 8.444902995054099915e-01 8.471399745945645821e-01 8.485340064310180619e-01 8.442772910047608992e-01 8.471791945453418515e-01 8.524731673180929725e-01 8.220479095729045227e-01 8.355205529335560932e-01 8.435436769200029827e-01 8.342416470228247727e-01 8.332280957652909992e-01 8.463901389911480111e-01 8.320925354907615645e-01 8.362029395983902047e-01 8.496713964611428693e-01 8.472946166437995696e-01 8.565647475455941962e-01 8.594561497820282225e-01 8.583008717250275588e-01 8.518528561022835621e-01 8.494170154731210953e-01 8.532861590309440691e-01 8.484779874871479777e-01 8.466849237295878128e-01 8.491029271563358405e-01 8.569989608143016024e-01
1.208010019516000538e-01 2.263325394628230014e-01 3.504426379508107647e-01 4.614378755446232883e-01 3.693620134573310509e-01 3.593864846345929398e-01 5.984549011828359522e-01 5.994760896388522387e-01 7.527989642501434764e-01 1.000000000000000000e+00 7.071526006981015966e-01 7.262612897361852005e-01 6.909350589659221109e-01 5.442750549278045913e-01 7.300613044105993543e-01 7.282825650327222622e-01 7.264398286941621263e-01 6.318723543762879702e-01 6.710620418808044274e-01 5.182997984281035864e-01 5.607849224153480527e-01 6.383879145589261839e-01 7.277512431255566128e-01 6.801065327396838001e-01 6.700553081505937758e-01 7.796615592629266844e-01 7.721259878172224145e-01 7.683984869336708545e-01 7.696218400535582704e-01 7.733981167491077446e-01 7.787248134052032755e-01 7.863801209162740724e-01 7.509735677076589955e-01 7.557385189906777878e-01 7.609518852839834979e-01 7.171206215274563700e-01 7.552906096668515756e-01 7.904150357060857335e-01 7.808655383743021705e-01 7.444944180242684117e-01 7.899172887454719572e-01 7.819050152605692139e-01 7.541557581582741809e-01 7.806244727956199725e-01 7.777048814605544980e-01 7.826085302434048208e-01 7.764326435418089645e-01 7.976886220355878798e-01 7.775452743639273967e-01 7.468998888068628661e-01 7.801636013036332695e-01 6.892858808554900296e-01 7.450665208269112716e-01 8.044119872930504123e-01 7.984342868536263849e-01 8.011793884347964134e-01 7.683970289614886484e-01 7.813136508270683844e-01 7.906552213824120656e-01 7.840810489765086544e-01 7.715133037442313269e-01 7.871496503449431081e-01 7.816806559199626081e-01 7.681467693718917467e-01 7.667730287223802899e-01 7.813163172180956906e-01 7.941156906098706392e-01 7.980091566970396455e-01 8.100281420639680041e-01 7.730107882384965601e-01 7.692179297968815277e-01 7.857408080618701884e-01 7.905259318020680936e-01 7.898728984435021694e-01 7.915833479908710446e-01 8.016557669278708831e-01 8.040972527238813283e-01 8.115883894781329433e-01 8.015103843507420667e-01 8.090753181502812197e-01 8.054863129497870089e-01 8.021270177474161267e-01 8.057062317167367205e-01 8.081052958224738125e-01 7.921189876050146461e-01 7.984880428074532244e-01 7.894802434732518526e-01 7.956045654712026183e-01 7.887120855055561597e-01 7.989120146472906692e-01 7.922350331164617065e-01 7.880904467812731573e-01 7.922164571698147029e-01 7.837567994228532564e-01 7.814747583878554060e-01 7.895017926389272800e-01 7.615188637281306017e-01 7.536433057615892217e-01 7.729823556057806577e-01 7.727228121164237962e-01 7.743475154544203765e-01 7.803131528694579044e-01 7.655361562990119495e-01 7.699937517401191922e-01 7.773117022917938046e-01 7.775729980063235125e-01 7.846901062313491604e-01 7.968936491232355701e-01 7.970165307819294664e-01 7.825700459526937491e-01 7.889768398319142451e-01 7.850321988196400369e-01 7.857921643012324431e-01 7.743802332767867336e-01 7.757280568844983071e-01 7.815586240933859452e-01
5.595245815429345654e-02 1.706576514293456082e-01 3.737852026920756021e-01 5.423130745471802516e-01 4.449902127915459915e-01 4.081587182169858496e-01 6.908507375198671419e-01 6.868264677749896796e-01 7.704962465848733677e-01 7.071526006981015966e-01 1.000000000000000000e+00 8.293483226518862939e-01 7.603784315704483765e-01 6.128610547004365028e-01 8.324206331797646685e-01 8.174829699403283190e-01 7.593366869607420799e-01 6.466608520386840642e-01 6.897088447765159502e-01 5.787610687559920919e-01 6.784681188789438711e-01 7.156613589470175452e-01 7.221114445362566414e-01 6.960039444593913993e-01 6.968668856744325568e-01 8.167472422652878317e-01 8.137458346853887470e-01 8.077515650031015237e-01 7.655456006413605685e-01 8.108444808600901998e-01 8.372494055638933785e-01 8.279859685217194620e-01 7.954501933291693305e-01 8.082078852359945165e-01 8.087579894268547287e-01 8.017660672623995177e-01 8.327091052894456391e-01 8.467395136589718208e-01 8.565094731238912518e-01 8.165670610182000910e-01 8.664273003475596591e-01 8.649102376195427766e-01 8.452578057614410501e-01 8.687461766427251320e-01 8.602833572707410115e-01 8.628348753279051486e-01 8.625576202193261377e-01 8.703522751880073960e-01 8.559562828585718375e-01 8.276358037733493322e-01 8.553435750428767248e-01 7.991717759377764407e-01 8.452730839241391347e-01 8.649785098493323332e-01 8.530057278834137779e-01 8.579622057538467406e-01 8.421990545720647869e-01 8.560581256570500841e-01 8.562179705274561847e-01 8.596745145804534083e-01 8.577485560286116639e-01 8.577607747363760193e-01 8.602674497928372022e-01 8.557311227521449126e-01 8.557177068916788087e-01 8.504380844011941720e-01 8.674157209448578598e-01 8.584949563683295093e-01 8.631737761596407488e-01 8.587211080161363252e-01 8.580896679245113567e-01 8.684393176392707359e-01 8.509513771371808311e-01 8.494835616691694957e-01 8.738774133748781203e-01 8.733209457526095454e-01 8.728843581877288038e-01 8.624170038118386117e-01 8.716731418460584857e-01 8.680082807221172203e-01 8.710037008909063960e-01 8.758468987878785805e-01 8.717593765206481660e-01 8.686200132139385577e-01 8.685053928772249465e-01 8.734593176969390749e-01 8.709670059134126952e-01 8.706851279988616632e-01 8.748658831036241201e-01 8.690720541265134491e-01 8.726190320684136248e-01 8.734211915845174756e-01 8.754225730699459751e-01 8.755868343042305657e-01 8.684781341907483743e-01 8.703673977298572728e-01 8.551050082701134869e-01 8.425530445112203726e-01 8.626315142060824170e-01 8.663270061602366123e-01 8.674203438103976760e-01 8.638485641850224273e-01 8.615910097847734317e-01 8.671036489597199193e-01 8.689845305876745529e-01 8.600124912323092730e-01 8.672967923836405468e-01 8.711506129473969295e-01 8.703445542026694293e-01 8.674820931579381167e-01 8.675923785620811568e-01 8.669608992322859198e-01 8.655710050789497956e-01 8.641489317039198204e-01 8.679735757549770225e-01 8.634637812530783219e-01
8.664907785962424822e-03 1.150861186680512682e-01 3.706684783428095264e-01 6.335315615732235450e-01 4.781348824776627260e-01 4.518480631391071367e-01 7.816744660593404337e-01 7.742142019533873043e-01 7.868726660878904156e-01 7.262612897361852005e-01 8.293483226518862939e-01 1.000000000000000000e+00 8.146881405256911624e-01 6.515969872655501538e-01 9.027267628272267475e-01 8.983846205375787264e-01 7.933024506510477636e-01 6.269604360423416400e-01 6.793958941048430233e-01 6.531615279008486930e-01 7.300846796610755973e-01 7.443111406389907314e-01 7.022899119807477497e-01 6.707944996144401539e-01 6.718963168969009914e-01 8.572038558953517517e-01 8.492307024290264295e-01 8.192210562774860927e-01 7.675332632357284579e-01 8.142852454733674472e-01 8.533602842900426255e-01 8.596642135612774238e-01 8.233915802046142263e-01 8.386207796811804283e-01 8.190977868267180773e-01 8.493953509840471705e-01 8.535520350772060061e-01 9.040075234984037422e-01 9.048297016744635268e-01 8.755086308967091613e-01 9.144417172866897703e-01 9.197871842729185010e-01 9.176843487029260338e-01 9.309183138485243036e-01 9.064277792225047259e-01 9.173881536590345886e-01 9.260278544143715207e-01 9.262398158723783581e-01 9.215212460629179647e-01 8.923919684404864050e-01 9.248467289907170708e-01 8.871857630095193459e-01 9.249302391937539447e-01 9.162269328558284576e-01 9.056037368603483406e-01 9.118033682307347121e-01 9.175407883526838226e-01 9.266558891633582817e-01 9.203294821879243193e-01 9.269216856744934008e-01 9.268268096650247312e-01 9.206125262234653439e-01 9.236962481000655645e-01 9.219413077196038087e-01 9.185007770487892964e-01 9.174763180216571890e-01 9.237799668011117404e-01 8.917690746877239283e-01 8.913307969062472802e-01 9.199018238732229458e-01 9.009964897140326778e-01 9.167496853505392451e-01 8.774658479304915382e-01 8.738647781234063494e-01 9.305450254084250972e-01 9.202331239120755679e-01 9.176762454855369455e-01 8.996738796610713740e-01 9.173915791993821900e-01 9.055256674863990662e-01 9.070268718824832099e-01 9.180585339043073612e-01 9.161571545889273249e-01 9.039213751782406714e-01 9.193639167470518681e-01 9.160947801945148461e-01 9.172489769000649051e-01 9.281950141407694366e-01 9.324606698086188583e-01 9.221297198868283473e-01 9.251724075980254369e-01 9.321648250261526103e-01 9.289009499864663288e-01 9.335849069076285200e-01 9.291049905255946983e-01 9.293602708847461535e-01 9.229082520153166769e-01 9.093788560782870567e-01 9.260896315750218877e-01 9.304935392751934042e-01 9.372653116806436424e-01 9.337960178053006377e-01 9.346800079407545647e-01 9.328853088682985684e-01 9.351526629213983144e-01 9.257809923225404081e-01 9.263145942584838366e-01 9.261972641392643979e-01 9.276029806875475403e-01 9.300648617054190215e-01 9.304704009653019803e-01 9.309825452838883519e-01 9.318165855305766687e-01 9.308679498417733456e-01 9.264185264454420921e-01 9.288850005691496881e-01
4.347375082902750487e-02 1.489308839565685327e-01 3.310506168060780019e-01 5.543223245711107472e-01 4.629241445238910235e-01 4.202389345648748775e-01 6.828737461342474502e-01 6.899893689001539432e-01 7.446668439706406462e-01 6.909350589659221109e-01 7.603784315704483765e-01 8.146881405256911624e-01 1.000000000000000000e+00 6.205935367617708698e-01 8.298007760388389498e-01 8.225722332151148564e-01 7.378480038797246010e-01 6.078226148907170945e-01 6.491735937800113820e-01 5.924216673650346543e-01 6.574229990258204648e-01 6.923892043636148408e-01 6.864011565838167295e-01 6.632340931860282174e-01 6.503394001506739297e-01 7.936283605247969053e-01 7.839075052146554645e-01 7.608847689447134632e-01 7.268977083439469578e-01 7.707898674501999503e-01 7.916747695432472254e-01 8.083597562840836304e-01 7.646434969579901653e-01 7.815228650894803231e-01 7.683537203425820916e-01 7.732739292395851560e-01 7.928758986842608936e-01 8.232459181863148734e-01 8.362707407656456704e-01 7.931464705968184203e-01 8.438230848328267530e-01 8.420969766544472712e-01 8.327003667693323452e-01 8.496721404419749213e-01 8.344752661104624103e-01 8.403392002760294854e-01 8.509997537178394245e-01 8.564745027209967887e-01 8.362622106640102970e-01 8.043968189596055751e-01 8.379340961399165399e-01 7.943746196749534860e-01 8.384370783692894902e-01 8.454588600534607146e-01 8.333693607962250338e-01 8.406894404437466051e-01 8.225401873097973882e-01 8.488570902336326496e-01 8.368172926114983978e-01 8.526974028002045625e-01 8.404347511310554797e-01 8.406714637773243792e-01 8.449086560976629690e-01 8.420033096437132825e-01 8.379211432194140219e-01 8.367633253831401330e-01 8.528867748779077607e-01 8.364778416505119774e-01 8.384042515198558698e-01 8.497296583105879986e-01 8.353348426371456359e-01 8.506092700316717492e-01 8.242037805687654206e-01 8.211759471941679767e-01 8.532853623694199863e-01 8.462924899327902706e-01 8.463289696783032889e-01 8.348625624270530343e-01 8.467513865346191215e-01 8.417589103203451106e-01 8.450268915219824040e-01 8.486487900659346328e-01 8.469410746778301968e-01 8.422193954590401210e-01 8.507461403758154184e-01 8.511726246158666243e-01 8.458072524729500774e-01 8.552810321707723373e-01 8.580711511529692803e-01 8.474836592713456129e-01 8.495956518347739239e-01 8.559574749743833477e-01 8.562602275842345900e-01 8.550823747410865039e-01 8.560400889373666056e-01 8.575289706379841670e-01 8.369844275243052412e-01 8.275262098996319926e-01 8.492175357048523665e-01 8.524459521599165868e-01 8.559593440736698033e-01 8.531060261502351194e-01 8.537332799341598166e-01 8.571124164492793795e-01 8.565253453737921019e-01 8.444063961789264328e-01 8.501475305295278506e-01 8.549636651234175933e-01 8.522381721890411876e-01 8.539312061622744698e-01 8.549607764321344172e-01 8.590840147274455552e-01 8.543057657670096727e-01 8.539250014409757172e-01 8.528732237416914996e-01 8.532380900100131615e-01
