1.000000000000000000e+00 1.138649237664648567e-01 1.671979445909628770e-01 1.305522745675516058e-02 -3.106171391305059012e-06 2.294761433917929735e-02 -4.258955442497810995e-02 -3.243815524847942777e-02 6.826821012327805027e-02 7.578593356277722737e-02 2.949695144452427545e-02 -2.413906410918166686e-04 2.861306968431197306e-02 -9.317372839275268187e-03 -1.840884525061342938e-02 -1.090763193018862327e-02 7.658705551526290289e-02 1.760388768595425590e-01 8.509013567807992284e-02 5.468182247289235520e-02 4.346320784571431478e-02 6.373477398364792157e-02 1.695323639258050630e-01 1.457677571943557793e-01 1.193536373243967164e-01 1.035890892108625172e-01 1.053691917084168261e-01 8.755036645833272346e-02 8.605619312427066625e-02 9.998729997121919011e-02 9.719842658946671599e-02 8.248449704652661973e-02 7.240721749984815880e-02 7.376119654982808693e-02 7.343237366076994788e-02 4.088467113316601037e-02 8.220185241783883878e-02 2.547687574137470073e-02 1.878381884291738593e-02 2.688278605044441480e-02 3.648448190965569715e-02 2.689851762702174902e-03 -7.618954830719741958e-03 1.665980009651417751e-02 3.917460157875562315e-02 9.608960784136403102e-03 7.129727118836009375e-03 3.186726244845598799e-02 3.188717195282443628e-02 3.084845433467716877e-02 2.008900657185489283e-02 -1.823615398250096400e-02 1.639923242765398484e-02 4.560577486772929984e-02 5.713481416843896321e-02 4.931045429051525431e-02 5.895799851919043821e-02 1.952450608559701956e-02 4.083604378822299624e-02 3.469736045150106918e-02 1.092286754246550931e-02 2.697923203200084524e-02 1.937374874382201059e-02 1.467145749960397857e-02 3.859383896704664946e-02 3.542867116123680354e-02 3.270817408682370059e-02 5.616024949085503259e-02 5.776156365300085666e-02 2.560065513942727175e-02 1.708932247745730340e-02 4.015634450334385624e-02 6.871488672916166440e-02 5.345062064939155866e-02 4.523370385842667013e-02 3.955793582031165434e-02 5.155513916423602738e-02 5.570474851271989963e-02 3.825232625491450239e-02 4.604550367669280747e-02 6.109356206876440792e-02 3.901850743868583854e-02 4.532869559127587072e-02 6.054315108477542617e-02 2.463069783587640282e-02 3.436850177577656373e-02 3.306229880770546886e-02 2.214347491170210944e-02 1.538760650509900935e-02 4.183701584410304264e-02 2.163414935792091348e-02 1.110057427673011472e-02 1.551111407016533827e-02 7.083457169468085866e-03 5.804031495675223410e-05 1.290090539059711265e-02 9.340894521656446098e-03 2.901347447135910543e-02 1.971413523254978827e-03 9.431424537369611366e-03 -5.838660447167323859e-03 8.264324552561310919e-03 7.829396618318826663e-04 4.401877989642519954e-04 9.592019608170066630e-03 2.612714242666880002e-02 1.916252553557529908e-02 2.328843822702090366e-02 2.546688593747290646e-02 1.024559829662978309e-02 1.334769991609495443e-02 1.213091155008939881e-02 1.546534974615896250e-02 1.031875777023126377e-02 3.441641055454817272e-02 2.015992168452401118e-02
1.138649237664648567e-01 1.000000000000000000e+00 5.529198311057686305e-02 8.407181864283135020e-02 9.835901946653263783e-02 9.662472624746583361e-02 1.441102334889698966e-01 1.212499424616604315e-01 1.719564404944134706e-01 1.807576782314399833e-01 1.639108895858631676e-01 1.550823571272960666e-01 1.663632884139079615e-01 1.280295335107732024e-01 1.484856920376509959e-01 1.578950310063020890e-01 1.600177346152280022e-01 1.073082777854409975e-01 1.247060011841363975e-01 1.129972435302676881e-01 8.274965983506266110e-02 1.241342737802344220e-01 1.220602762244041711e-01 8.721661446203028689e-02 1.207709195614131426e-01 1.729813893776160905e-01 1.870579244111588157e-01 1.862335949691109882e-01 1.963463553167143494e-01 1.949428971479046924e-01 1.874099913777088344e-01 1.557555036015703664e-01 1.602208838227233700e-01 1.233806103233977963e-01 1.693888614969638606e-01 1.460862479768902100e-01 1.600051753790752151e-01 1.589695083079223636e-01 1.584548237619603506e-01 1.540434865896819217e-01 1.522712052361086810e-01 1.583761713950101457e-01 1.394437162056306745e-01 1.634445955914514970e-01 1.591352694573815174e-01 1.609646578882974188e-01 1.662715355976353837e-01 1.643494897621013695e-01 1.710265539494498221e-01 1.557971862105043404e-01 1.602425883839738718e-01 1.176092736138404649e-01 1.583549997901667339e-01 1.750520216633972004e-01 1.678438624964568859e-01 1.696918712391611017e-01 1.730910402654459168e-01 1.607084398932837055e-01 1.740638032834584958e-01 1.732494699676115635e-01 1.602057980818255012e-01 1.721519263981283465e-01 1.700392237727590961e-01 1.723565338251916434e-01 1.629823623060117632e-01 1.695733106370815868e-01 1.690603587744783642e-01 1.602340726378772007e-01 1.606577963206116400e-01 1.522595461707203779e-01 1.521887991806473994e-01 1.611079024855623099e-01 1.373958603034762804e-01 1.498947221471351177e-01 1.717995141146317906e-01 1.710414744254872277e-01 1.827546728755954919e-01 1.871656179370278783e-01 1.756374721296518615e-01 1.799041426587049131e-01 1.663095120209526212e-01 1.755922648819784881e-01 1.678315306989799083e-01 1.712973709965480706e-01 1.535425629841313810e-01 1.483510974189066745e-01 1.620331058642860700e-01 1.653511140525151801e-01 1.624254013635842986e-01 1.676667293296572325e-01 1.579470705649079765e-01 1.631149684337385719e-01 1.602688579187113160e-01 1.623224691847242884e-01 1.643667428107601636e-01 1.678826424955823793e-01 1.564693574528686626e-01 1.658179769008931992e-01 1.564850034838196347e-01 1.556417231733639994e-01 1.551906711293401242e-01 1.601185052939581022e-01 1.561236687142559532e-01 1.600000927017840024e-01 1.525178888467340899e-01 1.689682898340991168e-01 1.719690620059575181e-01 1.682531363331749852e-01 1.700122141387883645e-01 1.667067321887638620e-01 1.662974866121140483e-01 1.686678957587569305e-01 1.676307488146233371e-01 1.660171681626346762e-01 1.661495391633400209e-01 1.700870343994440870e-01
1.671979445909628770e-01 5.529198311057686305e-02 1.000000000000000000e+00 3.870522888353932767e-01 1.743538915091058794e-01 2.139137072041964738e-01 2.342092179355909076e-01 2.777389856552464620e-01 3.574333327095275403e-01 3.330452678218625562e-01 3.506962007522257951e-01 3.375405314641630183e-01 3.002514518080789951e-01 2.689459399403485440e-01 2.910237846270512518e-01 2.979372464120477737e-01 3.796705610108451756e-01 4.932144351565339035e-01 4.224296460852770552e-01 3.158910349085710667e-01 4.051683933828384432e-01 4.627256505859333457e-01 5.046135903989648064e-01 4.507771620294974690e-01 4.801399975830492051e-01 4.559274594304221218e-01 4.310679696711165465e-01 4.223750877655287894e-01 4.011711773080356425e-01 4.095632949685668600e-01 4.333993122960802524e-01 4.355064078265412086e-01 4.329429561844028718e-01 4.389285477625526344e-01 4.156102776807173993e-01 3.914394813156123476e-01 4.244492620047584652e-01 3.795033330548518991e-01 3.645011596573308754e-01 4.196893185445516039e-01 3.754038291621332180e-01 3.519719345454178083e-01 3.560582260671609767e-01 3.597938241482950827e-01 3.929160265698578014e-01 3.416412660012706493e-01 3.138056080233304068e-01 3.379371035140977808e-01 3.370182530265552479e-01 3.615662489304682925e-01 3.669209081257449601e-01 3.225164638639430592e-01 3.378270522016058042e-01 3.500915438425045156e-01 3.766402762327081821e-01 4.034397919981079772e-01 3.638705172743322280e-01 3.505875970525970664e-01 3.556401924728628261e-01 3.347324061802390283e-01 3.457977959745432983e-01 3.223986568932565855e-01 3.322249045884683727e-01 3.178407809718789556e-01 3.549668997294624928e-01 3.422931657935379124e-01 3.353311362509655558e-01 3.888157816243609233e-01 3.881506444169120496e-01 3.361081858092953567e-01 3.607440110109173537e-01 3.726909507048704606e-01 3.988658800324829667e-01 3.945454915623706205e-01 3.720059749341857458e-01 3.600662852284566284e-01 3.761761726092062164e-01 3.615355914817998118e-01 3.730889480173513739e-01 3.645297859874209179e-01 3.888527183903051077e-01 3.629457668117522795e-01 3.633469356421512586e-01 3.877068645687525295e-01 3.583799537846044103e-01 3.656648745385024935e-01 3.608954341309734692e-01 3.540925462574673332e-01 3.437667523587226714e-01 3.855451518353109064e-01 3.658491916961155721e-01 3.333295757774413226e-01 3.412727045801851600e-01 3.278342706980435506e-01 3.018183821546456258e-01 3.129207013331043452e-01 3.360039747268744881e-01 3.331920893805292994e-01 3.231816964135701409e-01 3.388301202837475379e-01 3.210030464431303243e-01 3.252922526681559789e-01 3.122494532034336689e-01 3.155332908420011573e-01 3.320838445014379636e-01 3.342298978640781404e-01 3.176220730211729015e-01 3.265786389343818819e-01 3.386833356714896159e-01 3.131699861403756668e-01 3.291431294178902012e-01 3.067775388512137269e-01 3.166475149184369009e-01 3.155795952151882466e-01 3.434145355294572211e-01 3.193286306576235134e-01
1.305522745675516058e-02 8.407181864283135020e-02 3.870522888353932767e-01 1.000000000000000000e+00 3.506577909139018123e-01 3.769117715464065377e-01 5.283810583960472096e-01 5.187988681749851061e-01 5.192088292239148695e-01 4.723834751704634738e-01 5.652225372724365426e-01 6.218804171974050554e-01 5.137613423566976811e-01 5.039060476338987904e-01 5.823988707690633815e-01 5.666313191066219002e-01 5.383757808643335752e-01 5.209469747516244365e-01 5.738971927234576276e-01 6.067966865832182810e-01 5.889687196409456593e-01 6.304845682723371203e-01 5.632916425620468903e-01 5.351260737841113668e-01 5.785222697677014914e-01 5.933357849924962846e-01 5.818868435795910843e-01 5.432549770635187736e-01 5.161281874909469103e-01 5.467874564589936259e-01 5.860080541913448293e-01 6.053357855913835683e-01 5.499727976788041373e-01 5.826812113696713258e-01 5.477422184504155966e-01 5.933980654432490232e-01 5.858243093161682458e-01 5.851067072572726513e-01 5.828852456719867403e-01 6.096550883450670977e-01 6.001878736392551872e-01 5.882807213743761476e-01 6.138903780723529158e-01 6.028466126703730943e-01 6.149768696918154198e-01 5.753544158505708994e-01 5.631586008851120484e-01 5.736232971802129876e-01 5.702052683160763191e-01 5.813069820079722616e-01 5.855837209757904782e-01 5.976188288890690314e-01 5.853021051136783059e-01 5.686383816901207089e-01 5.732955453515113931e-01 5.937581501347815038e-01 5.715855827157866331e-01 5.741534442670667149e-01 5.666382643554893628e-01 5.746309076208263589e-01 5.873292673009057330e-01 5.663242949753554134e-01 5.768614625024648390e-01 5.664612488389364486e-01 5.708252563695009885e-01 5.737190490459851411e-01 5.693908191430457899e-01 5.915544351940995593e-01 5.904212332485431203e-01 6.056660259011352743e-01 6.032328336623702381e-01 5.905901375994508928e-01 5.991159406844041024e-01 6.011425228714420976e-01 5.907989338681313152e-01 5.783741580939135707e-01 5.765229493470326316e-01 5.523933585288370862e-01 5.879659949198942082e-01 5.654049486375259947e-01 5.787761620601256096e-01 5.821185544581420901e-01 5.814962681632511732e-01 5.739347418647890997e-01 5.868389429620465281e-01 5.903925104709291105e-01 5.897538258588530535e-01 5.823248543102630403e-01 5.757130912109821308e-01 5.971612636386141038e-01 5.927170306600393346e-01 5.775649012407406691e-01 5.846244398017000909e-01 5.737282891452614164e-01 5.572426690266405469e-01 5.636620219340665594e-01 5.868359386234918151e-01 5.785211856751649728e-01 5.811671974276095831e-01 5.873156210268186683e-01 5.838433375407054982e-01 5.837963647942415735e-01 5.720476937387990457e-01 5.729488977376859804e-01 5.858116135567296157e-01 5.778099108236693926e-01 5.656595794358404428e-01 5.655759958650017349e-01 5.711785410156549059e-01 5.622693223104967553e-01 5.755133326469584754e-01 5.582618253805562425e-01 5.648822452565405161e-01 5.647487111119759984e-01 5.705544665817570138e-01 5.661194524562991326e-01
-3.106171391305059012e-06 9.835901946653263783e-02 1.743538915091058794e-01 3.506577909139018123e-01 1.000000000000000000e+00 2.897326668886592294e-01 4.471874770214884220e-01 4.492556295128494193e-01 4.037555097028588946e-01 3.909982556509268847e-01 4.321878510149288477e-01 4.621795837663000839e-01 4.403584725875816508e-01 3.806970888838183131e-01 4.669595482250870622e-01 4.691297219095885707e-01 4.066360752635849729e-01 3.437814720657464962e-01 4.111975202386754513e-01 4.451832398615109820e-01 4.028111433127847252e-01 4.523027768564084061e-01 3.866642034733213107e-01 3.809791709009815452e-01 3.998638507080424787e-01 4.504993426829181358e-01 4.341030370645527214e-01 4.222761228109511711e-01 3.985909391471499919e-01 4.224413265788984906e-01 4.372702245148930023e-01 4.459332127941845192e-01 4.060766800109390506e-01 4.232047468031710502e-01 4.164544795749070549e-01 4.416400142987735866e-01 4.364593454246136761e-01 4.485394378186565167e-01 4.554462775022121157e-01 4.492836249897365075e-01 4.628588915213919242e-01 4.650499287211748989e-01 4.631767379269962071e-01 4.657762204623147606e-01 4.576062837063958333e-01 4.570886342088867904e-01 4.574630966791954356e-01 4.537473887105234471e-01 4.450474970668348296e-01 4.286961641621984120e-01 4.414332640258818441e-01 4.384256287465366775e-01 4.517980438490110662e-01 4.555587622577679796e-01 4.429206058992791739e-01 4.567761876244570973e-01 4.294929092149877281e-01 4.522804066253842126e-01 4.422728536286670287e-01 4.585867007458523936e-01 4.570854440650917172e-01 4.546695338403203279e-01 4.540416763709539949e-01 4.481021992393109943e-01 4.417173005687092258e-01 4.520540751441274874e-01 4.522625857446090913e-01 4.535863429966554006e-01 4.603929391575953822e-01 4.776968979938289728e-01 4.623258415200201532e-01 4.571604912680429234e-01 4.545669010943080846e-01 4.554826224843124827e-01 4.653822761539428976e-01 4.565938122535713739e-01 4.526635942893312836e-01 4.335296957926121353e-01 4.608281463860304239e-01 4.507229028792706926e-01 4.509786429864127699e-01 4.549399664657300946e-01 4.536018882675664776e-01 4.456128021783493098e-01 4.572931343638717006e-01 4.592201199560537739e-01 4.570131501621099157e-01 4.558677008897835115e-01 4.584999849408183947e-01 4.627251890850107019e-01 4.548962287516071235e-01 4.618043992287575450e-01 4.589715179292040426e-01 4.575926094591444282e-01 4.549186777588262731e-01 4.561881367556973599e-01 4.541573156132361344e-01 4.457193904419688435e-01 4.590769435186605740e-01 4.558175677164486017e-01 4.625699487944318067e-01 4.550723399816701820e-01 4.593381369268706993e-01 4.602854039719694312e-01 4.565558201560950824e-01 4.487360181572592754e-01 4.520556832370155043e-01 4.565468278292720283e-01 4.556948416673053393e-01 4.541385723090909377e-01 4.530493287679610570e-01 4.564855896438760330e-01 4.521367993468567437e-01 4.545127491018592925e-01 4.482164918338500947e-01 4.504863161907903812e-01
2.294761433917929735e-02 9.662472624746583361e-02 2.139137072041964738e-01 3.769117715464065377e-01 2.897326668886592294e-01 1.000000000000000000e+00 5.109835181836048790e-01 5.028789470942159889e-01 5.208008043231886486e-01 4.916907250468987023e-01 5.406791097337200203e-01 5.827173392512029482e-01 5.247783372419680958e-01 5.273856394207777631e-01 5.904277126686617860e-01 5.868396819405444775e-01 5.244972409597902230e-01 4.552984652909702334e-01 5.470759537526967975e-01 4.841241592332355959e-01 5.107125998203286832e-01 5.445637287504150326e-01 4.722329525548807916e-01 4.723646034889010248e-01 4.993202470852123320e-01 5.462919716157988992e-01 5.443196708196564870e-01 5.361724729438628323e-01 4.972747805917644981e-01 5.376483733044663538e-01 5.538955637397777743e-01 5.640582509198400762e-01 5.281599287732481329e-01 5.318833094632722247e-01 5.437577547207491646e-01 5.591915833473726227e-01 5.728830518134178096e-01 5.819427031811150730e-01 5.858947639766033388e-01 5.684765282644307360e-01 5.932697651303291408e-01 5.959371857285487017e-01 5.836272203918818624e-01 5.943133612738600302e-01 5.852121854846783489e-01 5.868093151426563292e-01 5.962708451935141429e-01 5.983457960150833088e-01 5.800377221505746972e-01 5.671643312724780062e-01 5.779051630576486076e-01 5.762578236289950251e-01 5.849754395110451366e-01 5.830906821064942847e-01 5.699999040467385036e-01 5.749057261244272521e-01 5.553505308565868104e-01 5.909834697427800432e-01 5.737834641195016516e-01 5.929993883082215200e-01 5.878402319263739129e-01 5.866055500147190349e-01 5.773639213831820438e-01 5.883821406092949458e-01 5.856289330687601824e-01 5.808054226858118119e-01 5.951572156035814798e-01 5.935448484059165919e-01 5.883712628373074516e-01 5.962802246740466217e-01 5.968081936852172031e-01 5.970902093634690155e-01 5.804085683550542774e-01 5.931242327778402101e-01 5.958441655855621910e-01 5.950344294107019483e-01 5.877876988173484918e-01 5.661310031031997481e-01 5.892461686264123255e-01 5.841924346137293833e-01 5.918455882818752789e-01 5.929037415599709426e-01 5.837467457055410813e-01 5.843546504589578472e-01 5.929374319460180010e-01 5.943321587619319057e-01 6.006818847903190317e-01 5.949278816573232431e-01 5.932674456207807090e-01 5.948887619667863058e-01 6.005142343364993085e-01 6.014973948438868678e-01 6.001802752190164014e-01 5.991475110496424783e-01 5.960042477940843408e-01 5.966521712654575538e-01 5.896325229697620962e-01 5.797157020063412602e-01 5.921596418841871268e-01 5.962826271377965615e-01 6.001861172090116048e-01 5.891442105477280311e-01 5.957082405675291348e-01 5.997498968113755824e-01 5.961572643925314718e-01 5.793818055110263598e-01 5.910562350097297024e-01 5.979659754022071949e-01 5.933091538639631013e-01 5.940938122158846424e-01 5.894406509811983552e-01 5.950683498980532393e-01 5.920399740129588251e-01 5.920383402520155158e-01 5.897478536392080084e-01 5.903810339790094286e-01
-4.258955442497810995e-02 1.441102334889698966e-01 2.342092179355909076e-01 5.283810583960472096e-01 4.471874770214884220e-01 5.109835181836048790e-01 1.000000000000000000e+00 7.127231100949030784e-01 6.834523061851881520e-01 6.551559200488151768e-01 7.111474925121507029e-01 7.815288396905027968e-01 7.183020322444690908e-01 7.112131530194597540e-01 8.331299367703370873e-01 7.830778787735228619e-01 6.992239658505816635e-01 5.216579474545171013e-01 6.836211601091232160e-01 6.985067193569152177e-01 6.448745685747525602e-01 6.945852603497907340e-01 5.828940659232453303e-01 5.607448350024233363e-01 5.970378383576151471e-01 7.198210065926535783e-01 7.089301880197026451e-01 6.834461969486756994e-01 6.379778252326182564e-01 6.902907255201715664e-01 7.248522863658221072e-01 7.433974509184655410e-01 6.677452683368824138e-01 7.119161726644541721e-01 7.049979996946657002e-01 7.488519971662103147e-01 7.211125034695676783e-01 7.764565530422732342e-01 7.867334234995888576e-01 7.530568309553405948e-01 7.892924051479838221e-01 7.961541540509340376e-01 7.904873942127463859e-01 8.009216516597923441e-01 7.776750023932373912e-01 7.913576110346155490e-01 7.988560253032762626e-01 7.963119426087125197e-01 7.894430958797145070e-01 7.707067113463061947e-01 7.834337732893550399e-01 7.712182136737162352e-01 7.923058286522389748e-01 7.800819239243090841e-01 7.648295041944611627e-01 7.689916429002615628e-01 7.679104248218157069e-01 7.890695966377958559e-01 7.776233897429755126e-01 7.938069011094082139e-01 7.986210530944248820e-01 7.945629855285385457e-01 7.943484679986618779e-01 8.028482684505924283e-01 7.784266459129889348e-01 7.842352419660001406e-01 7.967957449734180964e-01 7.735102377790114003e-01 7.774500641300921000e-01 8.084299171869223644e-01 7.946161923894708989e-01 7.866254561657423094e-01 7.559450911691191211e-01 7.618272132454845247e-01 7.922554418390825859e-01 7.844256923515159352e-01 7.686624185276984544e-01 7.411003485268459201e-01 7.823733627669414714e-01 7.658454037058045616e-01 7.650965046881200715e-01 7.851136430377673170e-01 7.862061342431728717e-01 7.582308325061262178e-01 7.942422991787921882e-01 7.909922804393666462e-01 7.907620469107615735e-01 7.991293365238161250e-01 7.952765920883740902e-01 7.896984705037874974e-01 7.901659002537219090e-01 8.068596846936864075e-01 7.997696159675408145e-01 8.029217349574858664e-01 8.041570704832352590e-01 8.022514493674752778e-01 8.052852713902740600e-01 7.927312279224469904e-01 8.089801753909018345e-01 8.075948443425732259e-01 8.128112186785289017e-01 8.070195617739788219e-01 8.065660394381983789e-01 8.085490676688591449e-01 7.999445802388062132e-01 7.961110413657974672e-01 8.014362573382532995e-01 7.975085445273677465e-01 7.953044923291231472e-01 8.029919869979160740e-01 8.052689041029503780e-01 7.997290804885747173e-01 8.027649397767959716e-01 8.036666917632397933e-01 7.885985991856000465e-01 7.954508501166085432e-01
-3.243815524847942777e-02 1.212499424616604315e-01 2.777389856552464620e-01 5.187988681749851061e-01 4.492556295128494193e-01 5.028789470942159889e-01 7.127231100949030784e-01 1.000000000000000000e+00 6.889289236626772173e-01 6.602477043933249190e-01 7.146222076735443407e-01 7.714086147456633569e-01 7.052213084562483081e-01 6.989681493648167709e-01 7.921156617032386604e-01 7.862612025984979658e-01 7.064378286448335098e-01 5.620023156709607060e-01 6.972222126939487952e-01 6.641222577942343941e-01 6.640570478380757313e-01 7.054104782276267027e-01 6.211228046026161520e-01 5.938947153847309313e-01 6.325387070514243426e-01 7.245861169989126216e-01 7.187080575402594596e-01 6.968303798997423915e-01 6.510396126196379418e-01 7.043363536766829025e-01 7.331463531468520589e-01 7.487454517821182653e-01 6.866380187767519017e-01 7.243156887340999051e-01 7.235873876883270883e-01 7.600735832111663592e-01 7.405279434522016313e-01 7.747434372690955584e-01 7.867374899576745628e-01 7.548829114641107951e-01 7.849698807543719070e-01 7.927896540824415084e-01 7.911597383343422774e-01 7.960429844135259447e-01 7.778355195374657693e-01 7.868716214563035161e-01 7.931146108846114373e-01 7.896520347004848395e-01 7.838410565412698983e-01 7.667220175874162047e-01 7.812169266554461755e-01 7.732293567682868574e-01 7.863347732450146621e-01 7.835133820335734578e-01 7.706522860850210099e-01 7.764815820637104293e-01 7.638095549826692254e-01 7.900913569657461721e-01 7.761393054695833182e-01 7.861723097416873918e-01 7.967093195760570623e-01 7.875875657834786603e-01 7.905930654498659615e-01 7.912386043676294944e-01 7.754835049350708998e-01 7.840144678854134019e-01 7.899801134189085028e-01 7.791819010924749822e-01 7.790787734322841551e-01 7.923900457384068785e-01 7.925684985031149488e-01 7.845938695319998324e-01 7.608879512263603262e-01 7.710058986260360792e-01 7.854509658497496050e-01 7.815689465694792837e-01 7.682146058186795079e-01 7.473505836278074854e-01 7.802480624508061346e-01 7.702313874840283070e-01 7.748803862283466515e-01 7.825452261719112457e-01 7.833814275228825341e-01 7.686636983461226924e-01 7.919695498220178376e-01 7.927502655220662886e-01 7.896553105816445095e-01 7.924680980015164078e-01 7.932190085583302741e-01 7.874322261243217325e-01 7.876318463138579640e-01 7.980061939650305858e-01 7.946536355555658959e-01 7.960576652300659362e-01 7.931777681614708975e-01 7.940089811578866508e-01 7.976336336394210802e-01 7.844485258581235243e-01 8.004065216317033382e-01 7.991301022793005915e-01 8.014170390731533145e-01 7.975731694769538915e-01 7.943674141512770959e-01 7.980856179555546603e-01 7.945877404756234164e-01 7.900445487675944456e-01 7.915692071857998169e-01 7.905118576376689576e-01 7.908954505227581144e-01 7.939844629140824228e-01 7.963313505154770988e-01 7.919975486018361321e-01 7.941857375317243894e-01 7.934407050802240180e-01 7.848262599705038145e-01 7.890932191575321664e-01
6.826821012327805027e-02 1.719564404944134706e-01 3.574333327095275403e-01 5.192088292239148695e-01 4.037555097028588946e-01 5.208008043231886486e-01 6.834523061851881520e-01 6.889289236626772173e-01 1.000000000000000000e+00 7.536606911302676792e-01 8.035054502706359125e-01 8.222188130599755729e-01 7.706776900578684586e-01 7.537862373205478361e-01 8.374066527202895793e-01 8.207818705283349558e-01 8.040548004140857241e-01 7.036250301871177504e-01 8.140375917299014219e-01 6.730293728553115029e-01 7.318727240108405807e-01 7.972343487407241858e-01 7.508286675601014704e-01 7.139287901157408411e-01 7.483430893445627285e-01 8.298872199722691079e-01 8.407072081836365340e-01 8.271358243161941459e-01 8.118206545590914702e-01 8.577860420554703769e-01 8.639967808923920689e-01 8.614165055768749912e-01 8.137574897429179499e-01 8.275640614387539395e-01 8.579861324810128531e-01 8.449571677214000598e-01 8.537707862923653579e-01 8.664469561356188398e-01 8.710676374839857461e-01 8.357529674168112654e-01 8.671060502827642180e-01 8.682158236361020576e-01 8.453790846259828795e-01 8.688350301289836652e-01 8.647074134450061234e-01 8.655310543910432752e-01 8.710423895880154976e-01 8.771925974351695299e-01 8.683181408469680118e-01 8.556733588495560872e-01 8.643726766066816003e-01 8.197943568918343304e-01 8.561839956917906003e-01 8.755317008091145770e-01 8.698270347870030728e-01 8.743170030458974340e-01 8.597161811605417148e-01 8.748933988537362927e-01 8.716980353310149754e-01 8.735683500158279990e-01 8.689177464704012088e-01 8.724776935193273575e-01 8.659752478655855512e-01 8.660328437159842130e-01 8.679404949284001969e-01 8.704538040683938993e-01 8.764696760955442700e-01 8.785536788458337965e-01 8.839830186247740196e-01 8.603014555130150676e-01 8.666016158997127405e-01 8.744937656931562886e-01 8.598815088305725718e-01 8.702057354607800610e-01 8.740230899718337554e-01 8.784769353182609875e-01 8.762428104671875495e-01 8.678912957368866143e-01 8.753269377692838304e-01 8.798802036610290367e-01 8.790667353140532159e-01 8.792337091459750953e-01 8.778051419889763007e-01 8.782623281274305471e-01 8.742630185895613470e-01 8.750193761694144978e-01 8.726225010031966045e-01 8.735103611851436911e-01 8.747497794762781886e-01 8.768505396691248510e-01 8.663075630415807415e-01 8.730634818355281768e-01 8.724603746533546866e-01 8.709078912920061866e-01 8.664346195453063171e-01 8.727481762291805500e-01 8.638809793413768645e-01 8.621915198741672004e-01 8.655621932546851971e-01 8.672413227246680290e-01 8.650364359486284460e-01 8.656175178779073054e-01 8.667782235122654111e-01 8.689035335873486199e-01 8.651930503380296233e-01 8.679438310990982286e-01 8.723035427490103411e-01 8.765931090918051005e-01 8.787121066306829986e-01 8.722780980075499624e-01 8.703684724191155242e-01 8.719284758522617418e-01 8.720049147498460940e-01 8.693115936004338629e-01 8.719136912863795219e-01 8.692442080639746216e-01
7.578593356277722737e-02 1.807576782314399833e-01 3.330452678218625562e-01 4.723834751704634738e-01 3.909982556509268847e-01 4.916907250468987023e-01 6.551559200488151768e-01 6.602477043933249190e-01 7.536606911302676792e-01 1.000000000000000000e+00 7.603360726641054113e-01 7.817971028207700845e-01 7.418130440172543416e-01 7.211593796861798245e-01 7.919030159313075190e-01 7.853966666175377087e-01 7.596058311315335709e-01 6.422701656243728907e-01 7.564421566190442370e-01 6.330856461940034263e-01 6.690488881758978046e-01 7.400842443375282853e-01 6.900166364181067324e-01 6.361916117354359246e-01 6.802810017877956028e-01 7.894538435335208826e-01 8.030448384460919797e-01 7.838240174120648662e-01 7.619636540582914730e-01 7.982022840553856247e-01 8.173106464718951081e-01 8.119438590350342988e-01 7.726539196597704828e-01 7.726351473713626294e-01 8.031326641597190674e-01 7.905085478143519806e-01 8.044439919657910831e-01 8.220135459170070380e-01 8.266484863444760744e-01 7.936872195029677224e-01 8.242984946587428308e-01 8.237914789993120435e-01 8.024902924517821612e-01 8.307353152674102903e-01 8.191639808842967607e-01 8.227382090941536275e-01 8.323067040398184346e-01 8.338927792814497808e-01 8.285548862688947303e-01 8.100685730635308612e-01 8.269700443760772401e-01 7.764195583666865241e-01 8.192549019797304988e-01 8.363233775896813382e-01 8.309793502152079681e-01 8.299480737383633233e-01 8.199882722977085425e-01 8.342896913988649965e-01 8.348995490319246482e-01 8.357284835532058365e-01 8.325727007373121547e-01 8.339611603626718717e-01 8.272857194739424713e-01 8.285089960518351448e-01 8.256179434378214665e-01 8.339944186767139778e-01 8.378930813160537783e-01 8.324384437923799673e-01 8.329347262143850239e-01 8.141917313073462337e-01 8.272221014070828549e-01 8.343731127378174461e-01 7.998420468009450612e-01 8.167047662514634876e-01 8.360982102243763592e-01 8.374602212030859416e-01 8.350449144877529761e-01 8.294774138914051687e-01 8.358098738007769812e-01 8.356154385186245204e-01 8.360273043107543378e-01 8.395022308406824285e-01 8.352869993092445489e-01 8.369256536836612304e-01 8.316030447212319210e-01 8.289913263934743926e-01 8.341223600603649979e-01 8.384760648693940777e-01 8.361713590973210986e-01 8.359062322750312468e-01 8.283789889799938466e-01 8.324433202066046089e-01 8.346338375864249537e-01 8.334123999076107348e-01 8.304358538506235732e-01 8.356789683568395244e-01 8.250425298067918245e-01 8.249009663357689259e-01 8.276148307223881728e-01 8.305593371203051634e-01 8.228802991877783857e-01 8.294555155615971342e-01 8.270313461372271746e-01 8.302318732395174150e-01 8.270655727797915358e-01 8.283964993164052437e-01 8.344730558872859305e-01 8.372970712662206605e-01 8.389526404121545600e-01 8.335925716467744717e-01 8.344627125603825135e-01 8.335209525349559501e-01 8.333494784189096061e-01 8.322617645454805091e-01 8.363769614532741148e-01 8.329256433769014478e-01
2.949695144452427545e-02 1.639108895858631676e-01 3.506962007522257951e-01 5.652225372724365426e-01 4.321878510149288477e-01 5.406791097337200203e-01 7.111474925121507029e-01 7.146222076735443407e-01 8.035054502706359125e-01 7.603360726641054113e-01 1.000000000000000000e+00 8.580461573557129906e-01 7.907362709841397885e-01 7.697446214348498961e-01 8.628381578512421823e-01 8.402353786882553743e-01 8.068008968100304212e-01 6.943135429276323656e-01 8.180635380552699898e-01 6.993790110110206237e-01 7.537485650229468481e-01 8.161849173982598238e-01 7.414997421667408606e-01 7.044871373286886174e-01 7.554523310029200855e-01 8.314225042443093017e-01 8.480183553753973813e-01 8.324255517691770967e-01 8.106866736140668772e-01 8.560122832814183180e-01 8.750416440714640087e-01 8.678743769206042069e-01 8.219614226778738653e-01 8.337193200122685610e-01 8.547627360182367129e-01 8.577978332242606196e-01 8.684042884975587961e-01 8.784318467422208565e-01 8.884354071142419595e-01 8.504706232089015439e-01 8.844866644369212549e-01 8.874002141604449001e-01 8.736667380398622784e-01 8.895667162806907280e-01 8.896145865195103086e-01 8.838972866214416246e-01 8.896603344785736223e-01 8.890495309405712643e-01 8.805257079082222660e-01 8.653574499069666137e-01 8.812023534744367614e-01 8.489809766896574406e-01 8.794607206911306818e-01 8.861384772327490777e-01 8.759014573965866468e-01 8.827349445973895481e-01 8.684424391294964796e-01 8.922506328178360091e-01 8.783832635177187820e-01 8.909849510093952318e-01 8.921907367331666228e-01 8.873721122879352219e-01 8.802905089340238298e-01 8.829237465995889433e-01 8.857125984495141102e-01 8.878206814673921254e-01 8.913689377913185385e-01 8.919647767161607010e-01 8.917876896368369666e-01 8.801319115515580105e-01 8.915144308243765359e-01 8.948126400458852325e-01 8.660506006064601081e-01 8.847786045406922373e-01 8.917932411663129777e-01 8.943373270864848346e-01 8.893551214169971297e-01 8.790358719512384456e-01 8.924606869644674534e-01 8.913443932936679914e-01 8.941706944331690998e-01 8.969720653519382969e-01 8.918995860499092654e-01 8.897071074197523410e-01 8.925976451410342349e-01 8.912020743590626237e-01 8.951425583477343739e-01 8.941750504609532468e-01 8.961773334824839621e-01 8.945226457431854072e-01 8.897051138937881465e-01 8.926979895547588750e-01 8.947890060645802279e-01 8.931260742056852386e-01 8.888667714257637575e-01 8.920290478625653163e-01 8.854019756846337463e-01 8.808183981668873397e-01 8.896082759460260947e-01 8.899948167108345798e-01 8.884674057081746179e-01 8.886294712822234709e-01 8.885192736478634279e-01 8.909935955112047168e-01 8.889103264945409366e-01 8.862955184130386632e-01 8.899274851204268533e-01 8.925572199676292673e-01 8.945311701673323013e-01 8.907966405724143666e-01 8.911786373797109251e-01 8.895574020765960599e-01 8.907710767690031339e-01 8.896307418711164594e-01 8.901381257627836163e-01 8.884905768620056099e-01
-2.413906410918166686e-04 1.550823571272960666e-01 3.375405314641630183e-01 6.218804171974050554e-01 4.621795837663000839e-01 5.827173392512029482e-01 7.815288396905027968e-01 7.714086147456633569e-01 8.222188130599755729e-01 7.817971028207700845e-01 8.580461573557129906e-01 1.000000000000000000e+00 8.205376396026649033e-01 8.165238795736710076e-01 9.165957947049421239e-01 8.924279594736617138e-01 8.308560194871527083e-01 6.970674602476721882e-01 8.470549132208076148e-01 7.659449651510142898e-01 7.930901466144237855e-01 8.521201100304350851e-01 7.513651183007088452e-01 7.139061945734159753e-01 7.745139229666753167e-01 8.666216073756675131e-01 8.719987304587480947e-01 8.414329316292761263e-01 8.127001798857418358e-01 8.620996060544813266e-01 8.942545562144897930e-01 8.937407904474817810e-01 8.308903131806314457e-01 8.558770700759308347e-01 8.713388932232494222e-01 8.975481831680529599e-01 8.916968511717930923e-01 9.099300294799044231e-01 9.233092057434933997e-01 8.871848547799990881e-01 9.278313925636026971e-01 9.295632875253219130e-01 9.213861514450976120e-01 9.360432821260343816e-01 9.273126489277743190e-01 9.239733528640101667e-01 9.317351828239126554e-01 9.337843026776424527e-01 9.212711473957445607e-01 9.040141468418969595e-01 9.202362616543945384e-01 9.029118520382395374e-01 9.233731087709783347e-01 9.230320085004249941e-01 9.102092950088339629e-01 9.165919788860097395e-01 9.053352419320273015e-01 9.310726597885609079e-01 9.153271686845325661e-01 9.332285649799726412e-01 9.354054448955014811e-01 9.288797215212812874e-01 9.211837977221901674e-01 9.293408056965686281e-01 9.237004303574883890e-01 9.273299337510676477e-01 9.333847513205668633e-01 9.270123226395339255e-01 9.239949880667476245e-01 9.318370559000810349e-01 9.391449162502079062e-01 9.356009556056484877e-01 9.041354723546651817e-01 9.212676194245925654e-01 9.339383948771575739e-01 9.313921781930184496e-01 9.213547124200924809e-01 9.056154913648198912e-01 9.289123934291546592e-01 9.209029994701607436e-01 9.239525350380051183e-01 9.337704964966317966e-01 9.299410129586614948e-01 9.193440440176956496e-01 9.311646341863235588e-01 9.303679314374970755e-01 9.370350745580029450e-01 9.335667198982552373e-01 9.337074722046683206e-01 9.328976127686317010e-01 9.307635588415227312e-01 9.370532212642485037e-01 9.377642803217051126e-01 9.366259502464011621e-01 9.329372622774538826e-01 9.343982096398458781e-01 9.307567478514179315e-01 9.255311922788707069e-01 9.350987150363427869e-01 9.353872446156680232e-01 9.370423092104401830e-01 9.355606600068545609e-01 9.320186085227887274e-01 9.369130324937271492e-01 9.364758453028461105e-01 9.291432267487962360e-01 9.329723812641859126e-01 9.335821400024748584e-01 9.337445009171908561e-01 9.333464971886625827e-01 9.332443855579616310e-01 9.328179216396202955e-01 9.338554523916914318e-01 9.337023023605497407e-01 9.306608181569928639e-01 9.322343666407787444e-01
2.861306968431197306e-02 1.663632884139079615e-01 3.002514518080789951e-01 5.137613423566976811e-01 4.403584725875816508e-01 5.247783372419680958e-01 7.183020322444690908e-01 7.052213084562483081e-01 7.706776900578684586e-01 7.418130440172543416e-01 7.907362709841397885e-01 8.205376396026649033e-01 1.000000000000000000e+00 7.513778645349646901e-01 8.454521856251615564e-01 8.358257469188845601e-01 7.789165805190492176e-01 6.231652928239198586e-01 7.688848531926022467e-01 6.743056030494084530e-01 6.992104404505943283e-01 7.686862800171647692e-01 6.743664868203108620e-01 6.402317026373168796e-01 6.878516162940033762e-01 8.083714342386995044e-01 8.099321826931007440e-01 7.832425925861123961e-01 7.592820835140873248e-01 7.984107263886061068e-01 8.243364343242308712e-01 8.192522282195363603e-01 7.678283235137132179e-01 7.810803907500692977e-01 8.034665914424345967e-01 8.200272586311282419e-01 8.128891649010633325e-01 8.423204395781861420e-01 8.512190919709687886e-01 8.091849156858187397e-01 8.546500028729330234e-01 8.562019923570354241e-01 8.389842831657072786e-01 8.625346554124010412e-01 8.509293787367986361e-01 8.531700946176685729e-01 8.662922126216427987e-01 8.672161741940053181e-01 8.553278388115824749e-01 8.302241106416903271e-01 8.474735765246617092e-01 8.280444218549315449e-01 8.537888543113112405e-01 8.643211559015074874e-01 8.505385308680039058e-01 8.458353146764505670e-01 8.457654795468705355e-01 8.655892529028118565e-01 8.519421662526559524e-01 8.715874745899456766e-01 8.647908072971278726e-01 8.680141627243860292e-01 8.576743928099802572e-01 8.616018179398299282e-01 8.615377586845057722e-01 8.653485079958233017e-01 8.692833930511877361e-01 8.553402625040057439e-01 8.538397073498801282e-01 8.510545387848864607e-01 8.630493942724126732e-01 8.637945793620779300e-01 8.237460869188089063e-01 8.436081650017104305e-01 8.669106376279256398e-01 8.642551142234333739e-01 8.522160391366425669e-01 8.436815917676847576e-01 8.590625559892143270e-01 8.536590098623946243e-01 8.523862620202741214e-01 8.645467248802944926e-01 8.617327878087054360e-01 8.492660959358729889e-01 8.590776637670171079e-01 8.563575496314465019e-01 8.621708186772173432e-01 8.638201248088273054e-01 8.653562859896957171e-01 8.611088398988893111e-01 8.542329414226853546e-01 8.681084005641434009e-01 8.677687550825184948e-01 8.688840300364947256e-01 8.696776414675357891e-01 8.696511429514216518e-01 8.562906733202715337e-01 8.558184012117755479e-01 8.642753182023571457e-01 8.614911016358983709e-01 8.630965244191796115e-01 8.638177756778016025e-01 8.698842210230942618e-01 8.686072645593617692e-01 8.648699464335286580e-01 8.597748485732673585e-01 8.684454592785141314e-01 8.696682229581000900e-01 8.675740871102246565e-01 8.707487939479665595e-01 8.656260314770826136e-01 8.706386427859311716e-01 8.693238212483598293e-01 8.679701243742703465e-01 8.662310881863822809e-01 8.688400726398770590e-01
