1.000000000000000000e+00 7.574894842433065045e-02 9.727099120644933095e-02 1.190473879438718463e-01 1.299577881499983448e-02 -5.308307345859902306e-03 8.520100832542558400e-02 7.911550672433660669e-02 9.372421167622306537e-02 4.436936774884798346e-02 7.736112881259901708e-02 5.242404303433810531e-02 3.268283853516814469e-02 -1.556464421660611617e-03 2.152246971303271861e-02 2.864735072927587778e-02 6.527767119499204573e-02 7.147389097247486278e-02 5.005091575987138247e-02 1.176602304294145501e-01 4.995418439650183701e-02 6.919210671348081931e-02 7.878546470663526369e-02 6.139062999811638333e-02 6.395025415868534069e-02 7.414658313087478525e-02 6.245429949985570328e-02 5.119112854193885731e-02 8.704959613510267202e-02 8.490461918245215123e-02 4.664211009522583468e-02 4.645749433653329624e-02 3.337753898231749644e-02 4.965620171002645133e-02 5.350843089504405542e-02 2.359902693264501888e-02 3.745473477515304239e-02 1.212458193856032033e-02 1.651842540378173005e-02 -1.539686878411782901e-02 1.676484543267456329e-02 -1.018489887390011499e-02 -1.808027491813920390e-02 1.045788124740761223e-02 -2.807868365919893058e-04 1.365043316589003783e-02 8.706873249185795652e-03 5.550951024810137600e-03 2.574621439942184620e-02 3.120582238690231686e-02 1.287620765275247596e-02 8.872407426968816763e-03 1.761958683595687275e-02 2.931180421380977577e-02 2.679887541854096555e-02 1.604527902153750005e-02 5.711351873071675994e-02 7.932831445099449916e-03 2.008315992477663348e-02 2.815315543234532536e-02 1.586388793807542302e-02 2.502657590960353368e-02 2.441531451084629281e-02 2.549038486275889345e-02 3.962005375249481182e-02 5.366600392065893482e-02 1.998598269032192051e-02 1.745226776979461741e-02 3.153819003942288923e-02 2.865680041836453362e-02 9.801405736184432005e-03 2.853564947276014327e-02 2.389554469477713633e-02 2.341125852572735130e-02 2.419315224768116279e-02 1.773743603114865536e-02 2.596221231298724563e-02 3.632511367806828123e-02 2.498353989212223278e-02 2.905974747072519182e-02 2.447791789825004560e-02 1.857560377548889835e-02 3.214336511253536310e-02 2.109397918568383171e-02 9.087112026502967843e-03 1.637143718118970123e-02 9.984310860474359881e-03 4.936701839622379372e-03 3.115379297135176424e-03 1.987612033880177889e-02 7.971005332720968589e-03 -3.043723098874917174e-04 1.455781344056068273e-02 5.873315812934237767e-03 8.540518513405231937e-03 8.307936249213887514e-03 7.623136504952533754e-03 4.825963155357677892e-02 1.748260543894956942e-02 9.032287938347732803e-03 -6.052840838869385717e-03 1.806870830391397315e-02 2.007002082442503957e-02 6.183055225654050802e-03 1.926112705504417003e-02 2.971309311298671665e-02 2.694188392935734089e-02 1.128169366108057459e-02 1.626124574153581942e-02 1.299113884592874996e-02 1.076534238829034845e-02 1.514967527177441160e-02 1.196481985848240823e-02 1.829018702254755352e-02 3.865278927403048570e-02 3.282519592536933817e-02
7.574894842433065045e-02 1.000000000000000000e+00 6.574759584784282962e-02 9.722582310070800038e-02 8.135574606630727179e-02 3.914959462674300061e-02 1.189592332818853460e-01 1.046196264573123064e-01 1.282964097711876972e-01 1.517401507443330855e-01 1.332171969556177615e-01 1.279746320434335671e-01 1.286795726619183455e-01 1.308634449493183138e-01 1.466041502336214164e-01 1.247323545003474893e-01 1.346250719395886697e-01 8.608983939278572195e-02 1.021335458077621411e-01 1.115485870060025364e-01 7.389015938011625484e-02 1.096699941100535980e-01 1.436185154903572014e-01 9.479468641955564323e-02 1.012430706718371182e-01 1.330946440279293652e-01 1.319928180685467634e-01 1.443181363296420217e-01 1.528134843058232273e-01 1.425567249660156244e-01 1.296167609454756675e-01 1.388336865344692583e-01 1.432078991596043294e-01 1.355270113637097595e-01 1.386846132268271248e-01 1.312724461459317538e-01 1.409563549782347214e-01 1.407141811386355412e-01 1.412505498036885354e-01 1.372306448076829610e-01 1.336432307617730075e-01 1.337846422883097186e-01 1.249656431828936598e-01 1.334692572917111353e-01 1.275350609446189443e-01 1.326177591268411504e-01 1.403528754714092330e-01 1.378103245468220439e-01 1.384946560625869849e-01 1.274076016975245473e-01 1.352837494537215135e-01 9.582705291711952900e-02 1.312922988329341956e-01 1.356251404832024554e-01 1.320772204471007405e-01 1.397683696551400845e-01 1.422582906464106844e-01 1.360277090662830035e-01 1.404958739733268014e-01 1.397523079629989229e-01 1.324422652219840457e-01 1.382198561883057897e-01 1.367246885524994182e-01 1.399109449559207963e-01 1.357338834442236020e-01 1.365879751759774829e-01 1.385727625176753075e-01 1.299868065055191091e-01 1.393130044333270035e-01 1.407089958234280236e-01 1.239996772152533594e-01 1.356327257378470430e-01 1.253919934910653622e-01 1.252629983307252670e-01 1.379911813794530429e-01 1.387052151450280379e-01 1.388924876872744130e-01 1.507037324292479774e-01 1.390080394636138972e-01 1.432448818151064451e-01 1.379647434528688821e-01 1.335657926526394312e-01 1.446099202787047566e-01 1.382419874162912066e-01 1.293625131776949544e-01 1.342014930212538371e-01 1.393907391496680970e-01 1.354836960894290343e-01 1.367493359165080080e-01 1.438937755876079916e-01 1.388691684396880788e-01 1.344474554331157590e-01 1.355962333037117606e-01 1.357836175081989227e-01 1.383084237343716882e-01 1.382277282409718755e-01 1.331601298072427053e-01 1.362831442886770772e-01 1.360698163617167500e-01 1.337590259373436508e-01 1.305629507689369528e-01 1.361045975893161453e-01 1.330087188240931806e-01 1.337167531172366308e-01 1.302878278229696318e-01 1.379962305199634309e-01 1.391281497821055813e-01 1.373377776883412671e-01 1.382307141177953613e-01 1.387010901272218155e-01 1.358196066773895150e-01 1.388691704663524706e-01 1.393484544374917200e-01 1.374239168220957874e-01 1.330676630578542241e-01 1.384939855418654553e-01
9.727099120644933095e-02 6.574759584784282962e-02 1.000000000000000000e+00 2.350562655619318209e-01 9.384030141692406568e-02 1.325945137582907052e-01 2.217964977534353510e-01 2.059141956291102860e-01 2.133058125358168744e-01 1.864237555476340180e-01 1.934031602233150515e-01 2.392069184195571296e-01 1.827510214751674189e-01 1.943963592961464870e-01 2.328292688898815077e-01 2.200977420116082828e-01 2.246728988954324602e-01 2.042982244834442018e-01 2.123245065940904952e-01 2.474800296639152464e-01 2.198326534601409421e-01 2.361726300460093575e-01 2.212966813865050175e-01 2.145675475579995328e-01 2.197496790346152584e-01 2.313696450971781393e-01 2.504352947415873221e-01 2.365351055833562754e-01 2.393970586676806844e-01 2.463413077130646167e-01 2.447436623958879343e-01 2.320397698426555910e-01 2.121720738663704364e-01 2.280701703638021161e-01 2.359906644006686538e-01 2.048200924104518761e-01 2.285780307884337781e-01 2.141322065884342374e-01 2.253050811840265899e-01 2.034765752987733600e-01 2.366380030891181430e-01 2.193953268579936500e-01 2.169654529426720546e-01 2.309497785043411189e-01 2.244020481479466200e-01 2.315615574194704596e-01 2.310080850424135190e-01 2.373383280243461235e-01 2.406813181917932809e-01 2.245848755352672088e-01 2.260663463405569729e-01 2.279750558567718022e-01 2.403846469425172105e-01 2.490350970702379929e-01 2.558314671403803531e-01 2.316504568147083609e-01 2.527027032410825713e-01 2.369471227296053861e-01 2.407283302950223025e-01 2.431622483169375293e-01 2.412608455270811025e-01 2.456892806371705207e-01 2.499456791809522849e-01 2.414524756259652238e-01 2.381946733287095275e-01 2.546678979704705692e-01 2.417217631023964308e-01 2.384560235584886057e-01 2.395285484174598523e-01 2.437980475128927182e-01 2.398996470521558566e-01 2.443782250882930163e-01 2.372604995289291918e-01 2.369936884757676276e-01 2.408167620819745836e-01 2.389536307820612770e-01 2.457394934556491051e-01 2.432866394507091634e-01 2.449455521980500317e-01 2.396642100229797456e-01 2.485575926915304934e-01 2.393668743835170032e-01 2.355528221253516685e-01 2.444914640650370785e-01 2.314291503313678500e-01 2.356135512158056000e-01 2.382792171683779103e-01 2.330374088712095781e-01 2.355749005562577658e-01 2.391718994987787339e-01 2.331948074503662760e-01 2.351411938151271031e-01 2.406296511514856018e-01 2.363914021345182026e-01 2.394516182598395715e-01 2.393900688793760279e-01 2.359550711422599700e-01 2.440555298787481231e-01 2.420149447058164149e-01 2.321915502906587714e-01 2.350738636882480082e-01 2.439863719225185135e-01 2.428057055159108246e-01 2.410955135408827665e-01 2.420106021629529758e-01 2.450949062219722752e-01 2.408218168674571280e-01 2.396963789816325408e-01 2.453160029217301419e-01 2.410901766538423585e-01 2.405790044240527781e-01 2.417656051817700935e-01 2.415530618870308510e-01 2.397376211046904348e-01 2.415776707791860156e-01 2.469251355937733816e-01
1.190473879438718463e-01 9.722582310070800038e-02 2.350562655619318209e-01 1.000000000000000000e+00 2.327132178146517627e-01 2.596034240751339262e-01 4.252415907597359435e-01 4.186939086458568160e-01 4.199884580219112595e-01 3.970570601756222562e-01 3.939295511884620682e-01 4.954802140543332345e-01 4.092100453485282285e-01 4.178699808591114784e-01 4.834866826778280724e-01 4.775710751709875690e-01 4.512903103892768053e-01 4.143280223875104307e-01 4.414442197169442528e-01 4.292092293433696359e-01 4.597335776094603199e-01 4.854154513540014926e-01 4.630878156563968950e-01 4.317223527700067010e-01 4.299176364404053152e-01 4.989419346749479622e-01 4.967201467277602700e-01 4.993258647478440171e-01 4.851144564832094441e-01 4.662440758114216877e-01 4.860579724248910716e-01 4.874306508245650482e-01 4.751008728717208141e-01 4.829723042416968481e-01 4.919344718165257202e-01 4.759636735463336765e-01 4.697578180627153821e-01 4.804795143007180025e-01 4.854595713746150953e-01 4.674589774412779009e-01 4.891898818739419674e-01 4.711081587203252430e-01 4.810203678088798562e-01 4.947567301325532241e-01 4.686224111262964342e-01 4.922865035023507030e-01 4.779061577804408212e-01 4.793861799230623166e-01 4.938400756934027691e-01 4.898124479876230231e-01 4.829822391767853440e-01 4.703817677628183702e-01 4.917941351697700525e-01 4.915782966903747830e-01 4.873706868803901471e-01 4.810351880431410487e-01 5.098459020848705725e-01 4.998334048529399776e-01 4.909837699616617090e-01 4.897877668832870124e-01 4.861108434042132886e-01 5.001276898438050678e-01 5.016899033803063901e-01 4.880726582229171773e-01 4.819951256286572616e-01 4.997248099573458058e-01 4.838662920370537246e-01 4.834746088226388738e-01 4.870643554283363152e-01 4.803085798965385234e-01 4.841147150387135611e-01 4.835051249721095679e-01 4.812572375988077855e-01 4.747130031188741550e-01 4.923725248918461861e-01 4.862956308317978316e-01 4.985244462908949847e-01 4.829995252402180528e-01 4.926568389575420870e-01 4.729860972678793241e-01 4.804149545475203120e-01 4.934677293424334366e-01 4.936944627573919830e-01 4.830171608695630892e-01 4.809520699501987906e-01 4.807442005709298138e-01 4.837350867788449138e-01 4.811249269460377564e-01 4.819611027831195993e-01 4.897732317280885095e-01 4.845370896501909885e-01 4.830938058179169436e-01 4.871394929653869443e-01 4.864444445059008526e-01 4.819255893036556992e-01 4.847226698769632747e-01 4.927564576390700557e-01 4.995333207271406284e-01 4.924890763490070711e-01 4.841218356400137646e-01 4.817390899334291210e-01 4.972598169330014195e-01 4.949835446259676641e-01 4.957117259005941468e-01 4.943957752381705206e-01 4.999285504491425836e-01 4.950648378594921795e-01 4.850147993562098914e-01 4.909879440655465221e-01 4.910499191578198697e-01 4.935621295227653471e-01 4.889469024637579930e-01 4.928398699504827896e-01 4.885132722232096159e-01 4.945508041519954268e-01 4.959522614769472648e-01
1.299577881499983448e-02 8.135574606630727179e-02 9.384030141692406568e-02 2.327132178146517627e-01 1.000000000000000000e+00 2.319018367519031787e-01 3.522588171146793234e-01 3.308872817609027073e-01 3.521067264922220219e-01 3.312161867275573712e-01 3.161414308650398186e-01 3.694286087945316543e-01 3.786601093387762518e-01 3.799010519649022033e-01 4.171527993202169826e-01 4.027549820327869234e-01 3.601362181065534962e-01 2.814456729033830706e-01 3.292954180248260920e-01 2.758023185292041157e-01 2.955076728434192779e-01 3.591915027414339656e-01 3.505362691436248457e-01 3.149259741653648303e-01 3.221414993223263301e-01 3.988230182102197596e-01 3.719657309067702644e-01 3.836091821383263989e-01 3.534528361669670993e-01 3.693685261823618782e-01 3.738622557302629934e-01 3.937872652077095692e-01 3.643332034457813506e-01 3.728320436471280752e-01 3.779971065658489504e-01 3.715997195093546646e-01 3.900142966889670326e-01 4.120067604746354695e-01 4.084630828468671648e-01 3.952316792406934121e-01 4.061369184194136284e-01 4.162507070825784417e-01 4.039008276436532041e-01 4.123928142706260180e-01 4.041645783553309279e-01 4.116619325080376202e-01 4.157629890157403252e-01 4.151248909407111443e-01 3.996386381644840835e-01 3.955772505713285869e-01 4.092430268006109761e-01 3.790154990194380402e-01 4.049932051953609724e-01 4.060149181111128991e-01 3.989516406438818330e-01 4.098082862641864721e-01 3.758641044654352781e-01 4.088508281167154146e-01 4.016204005035819424e-01 4.141473470284259828e-01 4.043370420670241439e-01 4.015285858287047094e-01 3.978251672635918501e-01 4.044948156235809722e-01 3.990787940318240579e-01 3.942977588090742502e-01 4.132574019055810788e-01 4.040770120778698904e-01 4.077382820263747987e-01 3.994838264923247229e-01 3.985279031479647682e-01 4.053705820038224217e-01 3.957999915818049552e-01 3.928672529031664862e-01 4.117065730093538156e-01 4.113530380304928347e-01 4.103290697943143828e-01 3.953439136919034147e-01 4.062395450917042350e-01 4.024300661716306293e-01 4.041161182310075151e-01 4.079739127746029870e-01 4.098978531935016378e-01 4.043036855668388219e-01 4.165090953926331441e-01 4.087093895933301413e-01 4.106524670374167574e-01 4.199005444637521345e-01 4.159793535286680499e-01 4.109573625657653162e-01 4.143719832396174918e-01 4.173415324134113202e-01 4.131079726852471268e-01 4.165931927197424334e-01 4.145907206323142247e-01 4.156007980857195916e-01 4.028725923998464076e-01 4.027867988871224325e-01 4.102720162911521751e-01 4.153059898093995894e-01 4.146577594590477589e-01 4.090585740990400621e-01 4.117118706669689598e-01 4.175732059936621554e-01 4.102276388622939640e-01 3.998320568210772530e-01 4.089188444722537952e-01 4.164285387649484527e-01 4.089119979046409448e-01 4.165856987789234300e-01 4.081064790111949003e-01 4.174097414334171918e-01 4.087519504788064140e-01 4.141146034772557605e-01 4.070622670355114603e-01 4.101726344499491139e-01
-5.308307345859902306e-03 3.914959462674300061e-02 1.325945137582907052e-01 2.596034240751339262e-01 2.319018367519031787e-01 1.000000000000000000e+00 4.085732625455057443e-01 3.528194250558533973e-01 4.181006960157747088e-01 4.089249822639658971e-01 4.010841104785499711e-01 4.574046346268856311e-01 4.112027505293560092e-01 4.323295030763092406e-01 4.781721881471400204e-01 4.471134018773276209e-01 4.410576155176881841e-01 4.147179060678277129e-01 4.301552552299655607e-01 3.539832575930803027e-01 4.323987352623417380e-01 4.617214586263573839e-01 4.275703555415081847e-01 4.167560927913089297e-01 4.469316670152023163e-01 4.821199581093729147e-01 4.784479378657323645e-01 4.923501777370083987e-01 4.767100024605657738e-01 4.754184875783238340e-01 4.947162407296306630e-01 4.867774293102858363e-01 4.508165282704185706e-01 4.566664721453097542e-01 4.699143577096457358e-01 4.639213900985351691e-01 4.910569038153409505e-01 4.848272447034721599e-01 4.891297515477325830e-01 4.695186919823585714e-01 4.970393709506695235e-01 4.987637054581408602e-01 4.923040623384118408e-01 5.036721292802982530e-01 4.947656798554432855e-01 5.025329475900791598e-01 5.019667592953632740e-01 5.035979274158984831e-01 4.907942057766304100e-01 4.763201756750992666e-01 4.886754935970981650e-01 4.582651694179345481e-01 4.845291097917765466e-01 4.978062346574607666e-01 4.989908508024694656e-01 4.955191725070021147e-01 4.733068023247312683e-01 5.015066647603045880e-01 4.995580512172333454e-01 5.028817492955581780e-01 4.995744576028453565e-01 4.969142990392256265e-01 4.947194304559676681e-01 4.928332163833676893e-01 4.893786510044978444e-01 4.875534693661895957e-01 5.021350529728110246e-01 5.054412150925403635e-01 4.947608088705412466e-01 4.913790755629048324e-01 5.106319211267398295e-01 5.021006695634708805e-01 4.944891959555924865e-01 5.004066942990806899e-01 5.075135354940616406e-01 5.093324101868013098e-01 5.045100580496484355e-01 4.995545118483587510e-01 5.026504990515796578e-01 4.937367742847788565e-01 5.010439432164979223e-01 5.087278895353922747e-01 4.963599109154102629e-01 4.983431528485819939e-01 5.006664532536313494e-01 5.028370729219604485e-01 5.044978278762105584e-01 5.024453443405487718e-01 5.066672254375681472e-01 4.994775923688102859e-01 5.007367651367100603e-01 5.109372001687552123e-01 5.042596266689250983e-01 5.122511411827895822e-01 5.079872666250537794e-01 5.058639663465999137e-01 4.973896823938073752e-01 4.959486890377609591e-01 5.052504136107784927e-01 5.044782515336393436e-01 5.048883901563646637e-01 5.035267319638927486e-01 4.994798692608711232e-01 5.077316904319161273e-01 5.000598678695280519e-01 4.961549085574124551e-01 5.040907846333595455e-01 5.073300259385352673e-01 5.073634447539994152e-01 5.055670526715735358e-01 5.064040380489369664e-01 5.050435175779546260e-01 5.052917976078241669e-01 5.020542483923030597e-01 5.025545636150438034e-01 4.980248656922326433e-01
8.520100832542558400e-02 1.189592332818853460e-01 2.217964977534353510e-01 4.252415907597359435e-01 3.522588171146793234e-01 4.085732625455057443e-01 1.000000000000000000e+00 6.060054724021688433e-01 6.419570800125616872e-01 6.154679865291825536e-01 5.903866867801615959e-01 7.007823190792477064e-01 6.289046454547188025e-01 6.445446999626001094e-01 7.592705400977947106e-01 7.136907111822340388e-01 6.757282887289861595e-01 6.098285737959245889e-01 6.417616347399947019e-01 6.049388360944051302e-01 6.073988675333005238e-01 6.687462137882933533e-01 6.738536241890870082e-01 6.175861283995124351e-01 6.321077785110034153e-01 7.298255051525932569e-01 7.039103102548366353e-01 7.234163813159126821e-01 7.069959654132377258e-01 7.259362884802105231e-01 7.325153632573571105e-01 7.369154558519815934e-01 7.027656288419134034e-01 7.134832750547167590e-01 7.254644947691842871e-01 6.947101570600593412e-01 7.255913510136148270e-01 7.307019565305782338e-01 7.375494373680571147e-01 6.910503766426546735e-01 7.357633792605906553e-01 7.242676188427467077e-01 7.232201041627178695e-01 7.419857270807294070e-01 7.220334930738867563e-01 7.438854575706933536e-01 7.434910534548757610e-01 7.413652514780921798e-01 7.474045640852254868e-01 7.270835154691109858e-01 7.409309099692874545e-01 6.707358012324546870e-01 7.218781986180343724e-01 7.501529398093877976e-01 7.468427295689380463e-01 7.344858252583600366e-01 7.401747383471961594e-01 7.507139142475323101e-01 7.531737627540037172e-01 7.510015592456562583e-01 7.540646430548781920e-01 7.575805475221829566e-01 7.550390185189858050e-01 7.484300811225532701e-01 7.326887434526460074e-01 7.442935337260938589e-01 7.482412297481791930e-01 7.384812010299857121e-01 7.502583470903028129e-01 7.432567472439181033e-01 7.339995148734492769e-01 7.435444599643383778e-01 7.318333425539502723e-01 7.277941571665785814e-01 7.500743174124652191e-01 7.443382388897727964e-01 7.475883533941095616e-01 7.389085552627751019e-01 7.468067526151621616e-01 7.385372212085449251e-01 7.441180683509005522e-01 7.484238897519015499e-01 7.434289133908366098e-01 7.481911535747987063e-01 7.444551982811381530e-01 7.421208238168255367e-01 7.420188543796403247e-01 7.496532257419674661e-01 7.452664430374988935e-01 7.448778469326061691e-01 7.382732228353918735e-01 7.461925760290401000e-01 7.474762122967202327e-01 7.508335728638388940e-01 7.485697655411428508e-01 7.508611063480020720e-01 7.401895423223624482e-01 7.561524856842772868e-01 7.571183377805172920e-01 7.488838008390403811e-01 7.413684887656089018e-01 7.557953379842946573e-01 7.457046346820078719e-01 7.527124620070798633e-01 7.429129962910635543e-01 7.493426071628422891e-01 7.563246914640180396e-01 7.502241804729513630e-01 7.544466097335534860e-01 7.506925382023565962e-01 7.561309529518834838e-01 7.504660449634583674e-01 7.557219630688243317e-01 7.504041962776600849e-01 7.479667502858622363e-01 7.499717003894050826e-01
7.911550672433660669e-02 1.046196264573123064e-01 2.059141956291102860e-01 4.186939086458568160e-01 3.308872817609027073e-01 3.528194250558533973e-01 6.060054724021688433e-01 1.000000000000000000e+00 5.990007601185911579e-01 5.612555431018779739e-01 5.755823913375834877e-01 6.643152703736113773e-01 5.880420855631471877e-01 6.056171252883050249e-01 7.062798379951920058e-01 6.754400550964416716e-01 6.377037640866679569e-01 5.531960586612112429e-01 5.835789987892260333e-01 5.641002627721608542e-01 5.757547091027311881e-01 6.181875850494035207e-01 6.166453315769596655e-01 5.629203830060927061e-01 5.601185121466163430e-01 6.847895226190425788e-01 6.536128512331039753e-01 6.589791588524617216e-01 6.532559151311849721e-01 6.573575550673546042e-01 6.707098625760010702e-01 6.876615382726001258e-01 6.531133465296298235e-01 6.638009338943506865e-01 6.749957928394068052e-01 6.660112604187321539e-01 6.598973772444612917e-01 6.859926861718838031e-01 6.971349916058783291e-01 6.500106851104920924e-01 6.902871872536565645e-01 6.796346620045965459e-01 6.759159662607691077e-01 6.971158074072149047e-01 6.712662798927740981e-01 6.922149539532085338e-01 6.967062511485843102e-01 6.969615427501436589e-01 7.032712283926138008e-01 6.869709438565519966e-01 6.960641753922558461e-01 6.392277330002891222e-01 6.851094748741449747e-01 7.092454475615390663e-01 7.004344385961818187e-01 6.896608738022809160e-01 7.122490026897758675e-01 7.071368883783825110e-01 7.052105267561582513e-01 7.050496134468327014e-01 7.054718409971135751e-01 7.137052297759387542e-01 7.116583713336197548e-01 7.131187473860384207e-01 6.870060792374154124e-01 7.094398552110001699e-01 6.996852827161674782e-01 6.883571866032441866e-01 6.964614921332691333e-01 6.943708269548135581e-01 6.839813212118098784e-01 6.867878886411250550e-01 6.801315464214940931e-01 6.699814700764646913e-01 6.960384111760056225e-01 6.937558707186407547e-01 6.906498436951025166e-01 6.843990734593030645e-01 6.916286846076834527e-01 6.882671081095215193e-01 6.901524397673234335e-01 6.900472999402526009e-01 7.016025047560482397e-01 6.941856490301195892e-01 6.945755830452383650e-01 6.942634367520608141e-01 6.907019634493188898e-01 6.995920308738774462e-01 6.988784928699336430e-01 6.982660986368480760e-01 6.866212869369238136e-01 6.954961951414520005e-01 6.948884537178048326e-01 6.986500466957346056e-01 6.990932346091642824e-01 7.022221386729562420e-01 6.988558454033289014e-01 7.164119395326647988e-01 7.099456283222774777e-01 7.038302731682831714e-01 6.969399950347306971e-01 7.141374593513107882e-01 6.988975468839616623e-01 7.056008317108570793e-01 7.003415571621497415e-01 7.119409896830625195e-01 7.125186724347076783e-01 7.026047501927759065e-01 7.059807104680514422e-01 7.066035808663569950e-01 7.096318887580467250e-01 7.060474527072548856e-01 7.096739172655589512e-01 7.098769232072519308e-01 7.042130052770534387e-01 7.092133490976637589e-01
9.372421167622306537e-02 1.282964097711876972e-01 2.133058125358168744e-01 4.199884580219112595e-01 3.521067264922220219e-01 4.181006960157747088e-01 6.419570800125616872e-01 5.990007601185911579e-01 1.000000000000000000e+00 7.016019560962322155e-01 6.697399794632354908e-01 7.564055872725216068e-01 6.872604270844137053e-01 6.815185246386012974e-01 7.850373696371237831e-01 7.691298870243805652e-01 8.191343772240635701e-01 6.895480263797433285e-01 7.327229101444773240e-01 6.378531061759318277e-01 6.579738750305751394e-01 7.463225642550441741e-01 7.504345401873957488e-01 6.934586536646286659e-01 7.169702893739479110e-01 7.930997896572344885e-01 7.722758355517217455e-01 7.839258905199466554e-01 7.711386441323898611e-01 8.020577717488625025e-01 7.943022853484418278e-01 8.153287461134717251e-01 7.748076415600789746e-01 7.928857774061975894e-01 8.004603454017125141e-01 7.743749673570811121e-01 7.965594329405065732e-01 7.988743969992858629e-01 8.068604905219132206e-01 7.532703293954482460e-01 8.047318592010808125e-01 7.949994955014971776e-01 7.811115454578886341e-01 8.093243021976108675e-01 7.965705682186143832e-01 8.002860037815312522e-01 8.227070466177979213e-01 8.247059120272892674e-01 8.182435610185164743e-01 7.979067614288509747e-01 8.143222425375393758e-01 7.582403367230019509e-01 7.962109199484982414e-01 8.219929093322049241e-01 8.132568887430993154e-01 8.116344162868843748e-01 8.061694325687093210e-01 8.104514141424200568e-01 8.149395729878523564e-01 8.300361112405943986e-01 8.239447729413582611e-01 8.151914872274647061e-01 8.070190529045129235e-01 8.253644428966646629e-01 8.285270103902158123e-01 8.235559249345141275e-01 8.273694555078328072e-01 8.178834663959367868e-01 8.241688356461569498e-01 8.194324716809849862e-01 8.128733669610321844e-01 8.280920287088294751e-01 8.128088537530208102e-01 8.093970302558938235e-01 8.239192433044321140e-01 8.177709939894727276e-01 8.178990560213501571e-01 8.172418118626659789e-01 8.168615647434530613e-01 8.252581522463299235e-01 8.223913448068663756e-01 8.218412794795334486e-01 8.287278984699615325e-01 8.256229700791023474e-01 8.193710851039963661e-01 8.233797417552654041e-01 8.209259320271918847e-01 8.194718999464546405e-01 8.240548561329368304e-01 8.189156632322374119e-01 8.125271844005366173e-01 8.179967224927767733e-01 8.214866128116411481e-01 8.171047000907668556e-01 8.249768099742426086e-01 8.242852047137722016e-01 8.020200892032223194e-01 8.264963553502827631e-01 8.234936111086222921e-01 8.219452594500650244e-01 8.127974161680574516e-01 8.214481231512370529e-01 8.161840203515671188e-01 8.196291807134493679e-01 8.230840091194817632e-01 8.160001479990389717e-01 8.265898598907898132e-01 8.236821614817785298e-01 8.224867699776015062e-01 8.237230084426707677e-01 8.168028970479570550e-01 8.264043496346559214e-01 8.171518829259357686e-01 8.275562307885709901e-01 8.348714970707251659e-01 8.290653068096672795e-01
4.436936774884798346e-02 1.517401507443330855e-01 1.864237555476340180e-01 3.970570601756222562e-01 3.312161867275573712e-01 4.089249822639658971e-01 6.154679865291825536e-01 5.612555431018779739e-01 7.016019560962322155e-01 1.000000000000000000e+00 6.217572106901885221e-01 7.155085419174064265e-01 6.394609057086054760e-01 6.543386877255129574e-01 7.493256068595279817e-01 7.165481108934264043e-01 7.096065272524545442e-01 6.350560723647800110e-01 6.797230417970717697e-01 5.859348262075616542e-01 6.170627917833971798e-01 6.880272438824044379e-01 7.012349017472171431e-01 6.424155570407779070e-01 6.615804883508644707e-01 7.442018864116929366e-01 7.353613071945568347e-01 7.551352752698855531e-01 7.300945257990635318e-01 7.559833116070118209e-01 7.562456431822195402e-01 7.639371780797604705e-01 7.340702251222479546e-01 7.309030896384041132e-01 7.472557088142186554e-01 7.314088030797636364e-01 7.576399317410628109e-01 7.651226517802725002e-01 7.666199273886549204e-01 7.304569820509546618e-01 7.695128812932067186e-01 7.620739606420952050e-01 7.459966327480187509e-01 7.699575981240562861e-01 7.571561287442568622e-01 7.652653757985865557e-01 7.802294869120183218e-01 7.855749931794046015e-01 7.768688399625059970e-01 7.481188147603731187e-01 7.697615244473555718e-01 6.950959733193682322e-01 7.460526622645441419e-01 7.824504767463656973e-01 7.739232006656021623e-01 7.739472067426333979e-01 7.572882201788774248e-01 7.728289728626160926e-01 7.821604044406395007e-01 7.840896676594019121e-01 7.778841100126502317e-01 7.785950366030800485e-01 7.720386029917825077e-01 7.736810405819861680e-01 7.660147343824340593e-01 7.701288570529857269e-01 7.824976579917931607e-01 7.772976296622386982e-01 7.780299753984231126e-01 7.762022717522903958e-01 7.681826128679394294e-01 7.806471885790636778e-01 7.629163287529213688e-01 7.680466017458507100e-01 7.812733103743193519e-01 7.824958727038144879e-01 7.794057712189077503e-01 7.757511862974570960e-01 7.766865827178830450e-01 7.838628914507757006e-01 7.798351410497720293e-01 7.842839663698054631e-01 7.780539276708924312e-01 7.810810054113468404e-01 7.709982160351559477e-01 7.743887077014880438e-01 7.779836875299261933e-01 7.805921349146506261e-01 7.799312118596964938e-01 7.830879394724545861e-01 7.724630525618556565e-01 7.809249457112300563e-01 7.814271996037265300e-01 7.819577398868107210e-01 7.855302540000647094e-01 7.856066065308501267e-01 7.646924115143883816e-01 7.788331332019899911e-01 7.829371379258279751e-01 7.801300686918110072e-01 7.702280106136192295e-01 7.815715697764099579e-01 7.732370072857299714e-01 7.810804781519402606e-01 7.733617671002704919e-01 7.734978199832613921e-01 7.850896804591002143e-01 7.848223890971007810e-01 7.840354015235571072e-01 7.835867221302064145e-01 7.814274511446308580e-01 7.825922431925733669e-01 7.836177009741593924e-01 7.812590490174096125e-01 7.784528683873431776e-01 7.812551488435778291e-01
7.736112881259901708e-02 1.332171969556177615e-01 1.934031602233150515e-01 3.939295511884620682e-01 3.161414308650398186e-01 4.010841104785499711e-01 5.903866867801615959e-01 5.755823913375834877e-01 6.697399794632354908e-01 6.217572106901885221e-01 1.000000000000000000e+00 7.389360139988058185e-01 6.320565505043334031e-01 6.510941173625843792e-01 7.276699103069731445e-01 7.182192819098552894e-01 7.035910776763328878e-01 6.585770901451060144e-01 6.910859136226547017e-01 6.011030464882531898e-01 6.441366701759482227e-01 7.070234528583583256e-01 7.046923882904498893e-01 6.622326106699665260e-01 6.685883822207274729e-01 7.466215577594060848e-01 7.309176682520204249e-01 7.425928003954143097e-01 7.235900290933731105e-01 7.455630740161547365e-01 7.570789373320698790e-01 7.623080462412580305e-01 7.235543990911522672e-01 7.410617330650554058e-01 7.456402701753659379e-01 7.350268841488674099e-01 7.412365730898541338e-01 7.541443481478630195e-01 7.609852589212249274e-01 7.217290171632422258e-01 7.617016740616715520e-01 7.536171554038987308e-01 7.374956974135982168e-01 7.593890443012798475e-01 7.607582686316759490e-01 7.572830694586516476e-01 7.652539027315526932e-01 7.636831600903002393e-01 7.647290792583860686e-01 7.491879215643496570e-01 7.630416215337253449e-01 7.105409605981970467e-01 7.397734605072447955e-01 7.604879594290484546e-01 7.594213043816169240e-01 7.585943965721646531e-01 7.475289015828930905e-01 7.591949840858789322e-01 7.616381420668868474e-01 7.664812320036905602e-01 7.650782493089232084e-01 7.611177682779237674e-01 7.560278825004669301e-01 7.648148926874310805e-01 7.641852776582007678e-01 7.601221773718224162e-01 7.693312618028411709e-01 7.690330162670211411e-01 7.685620583080833290e-01 7.637672235851820091e-01 7.656961367069381463e-01 7.689714670136615915e-01 7.625928087641961062e-01 7.610434334237177190e-01 7.714640365584458648e-01 7.696100999004701348e-01 7.660960803414026410e-01 7.629698576946065680e-01 7.689332798760178944e-01 7.674943284250471676e-01 7.676139759388321826e-01 7.664077229521265577e-01 7.724321628316281885e-01 7.705235574407384158e-01 7.666249358423283811e-01 7.709732909441667781e-01 7.660003491704679979e-01 7.657787012402503812e-01 7.681664747744959554e-01 7.631396661476265164e-01 7.629904196594612387e-01 7.652388656095967523e-01 7.669735126061892894e-01 7.690262118436881345e-01 7.681191329031904491e-01 7.684951400935022825e-01 7.474619169411413910e-01 7.656559971718214230e-01 7.662216207672172263e-01 7.651815562600997600e-01 7.595337941738596887e-01 7.644565245416594657e-01 7.600678022862398242e-01 7.672110202949385949e-01 7.647068033958173139e-01 7.562499256320096563e-01 7.686578984397068881e-01 7.672747269472725007e-01 7.662124326111988681e-01 7.674947364971905772e-01 7.646841043570222762e-01 7.688421398513799465e-01 7.623446345560943582e-01 7.688193113502209686e-01 7.727094162149137357e-01 7.672847785411542887e-01
5.242404303433810531e-02 1.279746320434335671e-01 2.392069184195571296e-01 4.954802140543332345e-01 3.694286087945316543e-01 4.574046346268856311e-01 7.007823190792477064e-01 6.643152703736113773e-01 7.564055872725216068e-01 7.155085419174064265e-01 7.389360139988058185e-01 1.000000000000000000e+00 7.272030134642565313e-01 7.567568615827006129e-01 8.644368862766793615e-01 8.321753410573864418e-01 8.145918435633174859e-01 7.580083212833780282e-01 7.889812150595933993e-01 7.057861572854585708e-01 7.540934707108626345e-01 8.172783984363514165e-01 8.165109727673030005e-01 7.614299859645805579e-01 7.719384633364860804e-01 8.646186138410149047e-01 8.596870065460194832e-01 8.706455109480008003e-01 8.411939136349159130e-01 8.576021838927596619e-01 8.915393933539101923e-01 8.828902769668800499e-01 8.404972594872294200e-01 8.562323207184916463e-01 8.699556935872057029e-01 8.551889215481144335e-01 8.717899143929633832e-01 8.779262692846013794e-01 8.842788772784007101e-01 8.431471542336592684e-01 8.850161899123107911e-01 8.801568433706834504e-01 8.693028147564152430e-01 8.970364316990585563e-01 8.815636128989225995e-01 8.869860671700781074e-01 8.931452861192272774e-01 8.922963039854981959e-01 8.886128392243174412e-01 8.729231323554466071e-01 8.834730906332809441e-01 8.318982036447754025e-01 8.662668929392858264e-01 8.886273838170003492e-01 8.830815588917428904e-01 8.850012889408603867e-01 8.741675155352301996e-01 8.925338113056127121e-01 8.889345590729780255e-01 8.967104753624765001e-01 8.930563173884676909e-01 8.913143783971061440e-01 8.887913589096727573e-01 8.934581809620675275e-01 8.837673745143875825e-01 8.861255253028831325e-01 8.985807165555361742e-01 8.956815470114043443e-01 8.952764089047572371e-01 8.922953432628334403e-01 8.966065726766510036e-01 8.968674795429565361e-01 8.860818235528959974e-01 8.851183125457167122e-01 9.011894171852328217e-01 8.980344685409460403e-01 9.022801676854920183e-01 8.906482548745898731e-01 8.981863304315378382e-01 8.924943140723958779e-01 8.945086090578714400e-01 8.982239770288763525e-01 8.978134334889779078e-01 8.971647028634786025e-01 8.944272364396798070e-01 8.973906220991767491e-01 8.983384459199356131e-01 8.970826208359460319e-01 9.006232247839404126e-01 8.950285197789580316e-01 8.988834955194950904e-01 8.980126137342414605e-01 8.993930280187637516e-01 9.017492166208677107e-01 8.977804337682330216e-01 8.986796397547628379e-01 8.860611400682255612e-01 8.940462986082328145e-01 8.991076744198858162e-01 8.961982568857320697e-01 8.911046514339892033e-01 8.965895095527879333e-01 8.949788229766850733e-01 8.993923629811805265e-01 8.973109348280572384e-01 8.892156699004997167e-01 8.996177545507856310e-01 8.976363094193559045e-01 8.986599234342902420e-01 9.006356492970958305e-01 8.992075208979626311e-01 8.982988919104141212e-01 8.962649747466223671e-01 8.983325328750273453e-01 9.013263558728188407e-01 8.966824983506909152e-01
3.268283853516814469e-02 1.286795726619183455e-01 1.827510214751674189e-01 4.092100453485282285e-01 3.786601093387762518e-01 4.112027505293560092e-01 6.289046454547188025e-01 5.880420855631471877e-01 6.872604270844137053e-01 6.394609057086054760e-01 6.320565505043334031e-01 7.272030134642565313e-01 1.000000000000000000e+00 6.797428610843717633e-01 7.679337271178008351e-01 7.642279118149701844e-01 7.203603213514184755e-01 6.636769701591380688e-01 7.059584145858566195e-01 6.211377179599607556e-01 6.436663463611890235e-01 7.123097316895858899e-01 7.343349938701883017e-01 6.858017218587817432e-01 6.986025324266067482e-01 7.653950888092951876e-01 7.476125912596288670e-01 7.645393853112947280e-01 7.425673268683872230e-01 7.694230155001431370e-01 7.698666770578703744e-01 7.963952347399689824e-01 7.534719821627444691e-01 7.698085593633295920e-01 7.731637406770336396e-01 7.614792753872368092e-01 7.754513361468764465e-01 7.918207713836109551e-01 7.984183003036907644e-01 7.693121071381018306e-01 7.902757717014098349e-01 7.925245877857118870e-01 7.933115285339493727e-01 8.014318230368886464e-01 7.936420750917427824e-01 7.999699954504211341e-01 8.068907287762160374e-01 8.052687891097753958e-01 8.034027133836324497e-01 7.805787770545755677e-01 8.021347779440427539e-01 7.571664690456089142e-01 7.831764674574294149e-01 7.990620992614889673e-01 7.918900376236682748e-01 8.034973817454530431e-01 7.743699452146977080e-01 8.022272774148662133e-01 7.993323509591601095e-01 8.076241142052201782e-01 8.069403251140081501e-01 7.943630968087300737e-01 7.884820904924462193e-01 8.017944301448634015e-01 7.904214859118232628e-01 7.902632851226014665e-01 8.077777385359328211e-01 8.040891033700428014e-01 8.066420986604354582e-01 8.026909624502088780e-01 7.973827453524240383e-01 8.044721130508301066e-01 7.959833166641637758e-01 7.953759368650221706e-01 8.048876110271292461e-01 8.055449555297041764e-01 8.004513440269374058e-01 7.963880546520594184e-01 8.030795500054430658e-01 8.058418233236738226e-01 8.061063241052500716e-01 8.042972258851186496e-01 8.084046377545530682e-01 8.088453515504141489e-01 8.093267823447404252e-01 8.095658420303831759e-01 8.068259982478787062e-01 8.087186920171013371e-01 8.091506962784904555e-01 8.061712159002988320e-01 8.044889165419553123e-01 8.090749536919239482e-01 8.087037881954837193e-01 8.069000982448486514e-01 8.084975664158490227e-01 8.086014856760556091e-01 7.945888771347034973e-01 7.963550540466147742e-01 8.053739500133031415e-01 8.081739725248169304e-01 8.091799443123748325e-01 8.031366388205696261e-01 8.053902783062462101e-01 8.090023807947980261e-01 8.080504332780829024e-01 7.960316543685084234e-01 8.062631554535008016e-01 8.096186239743253799e-01 8.053607049285629316e-01 8.067286429445639229e-01 8.023717611482532597e-01 8.087904791913186342e-01 8.028471930439106119e-01 8.099216060181233523e-01 8.042399121488997826e-01 8.056343928181176617e-01
