1.000000000000000000e+00 7.793241937567643718e-02 1.123307492781140393e-01 2.018040890405270738e-01 9.682750401398303175e-02 1.415890920708926248e-01 1.717786085602811819e-01 1.636303684038633022e-01 2.261124022046924753e-01 7.180160842328940640e-02 1.148875279902301511e-01 1.277010724466292324e-01 9.519761985403338289e-02 -1.728396972631692299e-02 5.551803146507113679e-02 5.948445591906573876e-02 1.474552519438952769e-01 2.776060426184799312e-01 2.086636301601782484e-01 1.619862271496408379e-01 2.726916702995240138e-01 2.334205850229699730e-01 2.534294350576991040e-01 2.867691268667293958e-01 2.370745750849050926e-01 1.549901310188668835e-01 1.558837420648466199e-01 1.315968754746693059e-01 1.693521339298940664e-01 1.507098230988090648e-01 1.516755490297730657e-01 1.605612244435801750e-01 1.439943541822409634e-01 1.821715249440694351e-01 1.841035396390409140e-01 1.694594904617987841e-01 1.370825856714835977e-01 9.143002456949575474e-02 9.627075065129042653e-02 9.674750833476573886e-02 7.961193130881455415e-02 6.727730805413111026e-02 7.136475459468874516e-02 9.046961372044709515e-02 1.241574593512311114e-01 9.372131477400254262e-02 3.119186504181517897e-02 3.659130204266865249e-02 4.650997652313858949e-02 1.005846381866711825e-01 8.319053553357225184e-02 1.112728856885699530e-01 8.623444405555943937e-02 5.453226764002522958e-02 7.583132379511400845e-02 8.409972561019352089e-02 8.609593089334589833e-02 4.299626892571200426e-02 5.622656745416022145e-02 6.547949137679622000e-02 6.436402838382213054e-02 4.836402287988676024e-02 6.517669612757998054e-02 6.450661431018257785e-02 1.061681195622729973e-01 9.665820382080543560e-02 5.503329331102307237e-02 1.015866562759821373e-01 8.706661704216921149e-02 8.772819809704771044e-02 9.616334861619493801e-02 9.582294040139403835e-02 1.171299072139396352e-01 1.129882050149263878e-01 7.383694401316903688e-02 7.842064439057574998e-02 7.032648278462638736e-02 7.623594439357748997e-02 8.881777007650140665e-02 7.100138038782102812e-02 7.717959686011255371e-02 6.013450797406884318e-02 8.426684843155796134e-02 6.690191430377602499e-02 6.536841846445577697e-02 7.354784241251013932e-02 5.630269447993747206e-02 5.864895880312256254e-02 4.650144612427665330e-02 7.086606735468814477e-02 6.962061775647226947e-02 4.455419709054196653e-02 5.118710602452035408e-02 5.450271977516593647e-02 1.857907273021048439e-02 1.853848675562473972e-02 5.318218253163653486e-02 6.752544623289562231e-02 3.213838673996312345e-02 4.985294477425050719e-02 3.587752134232534418e-02 4.486704794886813008e-02 3.689440441514348773e-02 3.778698543542628741e-02 6.918662122231966638e-02 5.702051238101467356e-02 2.745057406847089057e-02 3.064211501843822419e-02 3.936451526282059438e-02 3.013477382221108059e-02 3.455825199244184215e-02 3.148236481195196279e-02 2.752560444094894962e-02 3.647627894404899956e-02 6.270226282088911529e-02 6.173711367572270320e-02
7.793241937567643718e-02 1.000000000000000000e+00 3.640702061964886521e-02 -2.443111423810934157e-02 4.325243030284364049e-02 5.474182649511560167e-02 8.901362648171816383e-02 1.232315627844272343e-01 1.291746951710931735e-01 1.894853741501870692e-01 1.086211375143809194e-01 8.084706982769371275e-02 9.518553438968918590e-02 8.641353260493393751e-02 1.334344326474088682e-01 1.278677145073329746e-01 1.113530455510206851e-01 1.673783310153491299e-01 1.593418398610236542e-01 3.570068345412023836e-02 9.423596298018650785e-02 1.047265586668775506e-01 1.653790560309730540e-01 1.528620576745940707e-01 1.777384170764254590e-01 1.892113043290803709e-01 1.620606473012585202e-01 1.766515023335014922e-01 1.926109155376972415e-01 1.920304839747314918e-01 1.510276168303295863e-01 1.587321782657173663e-01 1.698394604137558606e-01 1.293228429206773056e-01 1.776007831701211515e-01 1.191464781512237975e-01 1.531235103470544867e-01 1.578531530136615679e-01 1.455376656899366183e-01 1.293881477946185465e-01 1.340308139243386876e-01 1.513939047444725072e-01 1.363307227756996864e-01 1.235272628596794237e-01 1.198944490811647834e-01 1.429531446812553341e-01 1.315821992895458425e-01 1.435984908565063611e-01 1.391596218436189081e-01 1.044709146641599334e-01 1.418268481830271821e-01 8.594102987888010969e-02 9.805966015831003857e-02 1.503037685178847394e-01 1.531991777627138007e-01 1.587418132930845938e-01 1.178153212947435358e-01 1.476924088362947252e-01 1.441151466866538722e-01 1.350785720239236765e-01 1.321239610355735838e-01 1.369961958363792309e-01 1.331577353203758363e-01 1.471136605053421920e-01 1.337572660909590039e-01 1.190390426608498725e-01 1.422815581357419201e-01 1.440259900000017412e-01 1.488495568892727605e-01 1.244561933923768043e-01 1.276499311046082885e-01 1.477874441045218257e-01 1.529988499054110163e-01 1.490491311587987533e-01 1.538373868824048085e-01 1.485616728232191930e-01 1.567599709995581847e-01 1.633966336072751047e-01 1.487295837004514454e-01 1.597277661299331131e-01 1.521879076118183849e-01 1.491338425825423364e-01 1.370222390005760571e-01 1.601509408087768982e-01 1.176973967671849086e-01 1.311684752995158909e-01 1.427623481327735255e-01 1.385456536912972603e-01 1.433530763684652265e-01 1.411387933015922913e-01 1.317201802005600053e-01 1.386999719806557840e-01 1.358504219312818007e-01 1.380126260191672782e-01 1.340308447395147928e-01 1.428289840874844563e-01 1.037017100265298225e-01 9.916717014230615190e-02 1.282059237648036087e-01 1.287418509620596452e-01 1.315759150099111985e-01 1.231606508864197397e-01 1.182676828470315550e-01 1.275509348911872953e-01 1.142112922232285666e-01 1.214566350253450111e-01 1.314905617655363346e-01 1.473549274340901494e-01 1.464984229971413865e-01 1.379929201842432229e-01 1.325337778152567147e-01 1.363193729362142115e-01 1.322124935613146757e-01 1.315857507202034538e-01 1.386173866824989553e-01 1.228332862116895546e-01
1.123307492781140393e-01 3.640702061964886521e-02 1.000000000000000000e+00 3.468782165960541675e-01 1.417706547294649011e-01 1.827684994125060580e-01 2.699580059372858609e-01 2.648809442639130096e-01 2.819507874733944153e-01 2.408683975936999067e-01 2.978632122898057233e-01 3.433994679605624767e-01 2.339719836467359371e-01 2.259492983195674765e-01 3.079798209153047917e-01 2.947904615708041853e-01 2.961598914843308061e-01 2.430211487635724199e-01 3.009789202863301649e-01 2.479994776197176065e-01 2.737832376102471987e-01 3.120807035161690668e-01 2.901265348914798259e-01 2.538152490764602476e-01 2.603885298611836596e-01 3.007729146507235329e-01 3.079147886268177037e-01 2.858412790062176412e-01 2.771869063132629818e-01 2.798131466166929870e-01 3.093302330362032171e-01 3.182214024808576180e-01 3.034045495483596588e-01 3.116441728063542582e-01 3.014274942298621474e-01 3.091834979606883360e-01 3.235879042310450537e-01 3.061408090863854681e-01 3.047129306495554024e-01 3.256713853888743571e-01 3.031686218298689228e-01 3.001859996013753751e-01 3.077632038003936810e-01 2.957164147194827897e-01 3.089224297855803214e-01 2.952842060228742516e-01 2.821743351098048302e-01 2.872274312763650750e-01 2.965566516289945831e-01 3.084678865268469794e-01 3.053674432076631806e-01 2.880878040003871376e-01 2.970664673426804403e-01 2.905667263600903438e-01 2.816695872944845469e-01 2.937104151398962082e-01 2.927983927628483585e-01 2.854555993094100574e-01 2.875277839457149320e-01 2.893441724028337214e-01 2.893839346833943504e-01 2.895379097602877594e-01 2.874228351088117250e-01 2.960282248415528339e-01 2.916923744782585759e-01 2.899522547376048309e-01 2.925468496040540267e-01 2.996734168295797085e-01 2.930599026639561511e-01 2.975958122221639690e-01 3.024744408604873036e-01 3.036448669433706726e-01 2.965915837677816080e-01 2.973785703203556396e-01 2.877935094476680167e-01 2.966839843094996043e-01 2.939518951713371298e-01 2.859374074006229560e-01 2.906428335298193444e-01 2.833306799425783784e-01 2.945187375194789903e-01 2.998424425183726649e-01 3.065915278466265215e-01 2.974427304516134574e-01 3.074258837409227785e-01 3.011571359548131932e-01 3.043845285788056021e-01 3.014508351523906837e-01 2.945584992796153601e-01 2.913837741567212314e-01 3.038841976510904264e-01 2.927774989169185660e-01 2.980244109716360668e-01 2.983940375744377760e-01 2.862994274925116378e-01 2.825619776457305998e-01 2.989411234513794646e-01 2.942524426471266885e-01 2.897596577497617565e-01 2.986287697484176218e-01 2.968803058668274542e-01 2.938180802232448485e-01 2.896301432227093575e-01 2.894025671054711313e-01 3.003926880650707454e-01 2.897731763467659150e-01 2.925843070202240326e-01 2.835709196686205802e-01 2.874313825552464730e-01 2.829274625031504842e-01 2.893578683388666195e-01 2.818709996624694236e-01 2.893055495026968238e-01 2.914895880017057683e-01 2.923557510486335387e-01 2.947129284950897876e-01
2.018040890405270738e-01 -2.443111423810934157e-02 3.468782165960541675e-01 1.000000000000000000e+00 3.112952735127397785e-01 3.130937131221472880e-01 4.707310762415576888e-01 4.638455723714981493e-01 4.656373120514137876e-01 3.370359403600029502e-01 4.775582309502631739e-01 6.018879843660217555e-01 4.294616644059341404e-01 3.280567410487333357e-01 4.687475661037727170e-01 4.672576973604815609e-01 3.938205858119411262e-01 3.715903885658163874e-01 3.886843481923088484e-01 5.908110903391520230e-01 4.978484036155120807e-01 4.715957410023906560e-01 4.282043547393338256e-01 3.970832196075527731e-01 3.258527238357344369e-01 3.729868676475074363e-01 3.967757767798531510e-01 3.753061934020365253e-01 3.678010713338400461e-01 3.760392628807486259e-01 4.466335128516870645e-01 4.831073818340165804e-01 4.191548493848712975e-01 4.991642015987748371e-01 4.397399928866916330e-01 5.028468692504424187e-01 4.563607181348311448e-01 4.489247389683762024e-01 4.589646279600445578e-01 4.980458829660114328e-01 4.453562120979199790e-01 4.347782775827939150e-01 4.827956454176737244e-01 4.734144212906492011e-01 4.909218304229210350e-01 4.514168378109974511e-01 4.214699011449150046e-01 4.033628858382969917e-01 4.459532729456848754e-01 5.048956575029924787e-01 4.669301590611107944e-01 5.155184469920167656e-01 5.085656101396986983e-01 4.149291544648698871e-01 4.248720747630433392e-01 4.238711708702340153e-01 4.897079600208797401e-01 4.184908335203225693e-01 4.399432278997791879e-01 4.320614411588514781e-01 4.663656337194838630e-01 4.466203032780653448e-01 4.610187886736981655e-01 4.433568379833562334e-01 4.311870981805717706e-01 4.711240730942116706e-01 4.036497497218747843e-01 4.347777688587838307e-01 4.309159112306658601e-01 5.049540928443895238e-01 4.659607807889088460e-01 4.391746329121075099e-01 4.442623403138357130e-01 4.242641368931395762e-01 4.052356236153225599e-01 4.010430423845783299e-01 3.990543129021042468e-01 3.862699204745348447e-01 4.293061299642091377e-01 4.002652788448169963e-01 4.176160943108720991e-01 4.213658732268981688e-01 4.503472626681327973e-01 4.044800837758977252e-01 4.657284398102154999e-01 4.499550041642306208e-01 4.224182703022430485e-01 4.440326017766755284e-01 4.248692605877276152e-01 4.168621719397694880e-01 4.530188827753854897e-01 4.243008856768660797e-01 4.317671346537383381e-01 4.402759443258283389e-01 4.123472598093647079e-01 3.946027453074493208e-01 4.942057515340466112e-01 4.864446973427767884e-01 4.406462110621419681e-01 4.488310471486616771e-01 4.513385169042325451e-01 4.553253241369841220e-01 4.504196205534626296e-01 4.414493061284951447e-01 4.763061133835094219e-01 4.510768276027851686e-01 4.253939710444126776e-01 3.956801748572785771e-01 4.107401671982943703e-01 4.097069034572293766e-01 4.299029066246463637e-01 4.167400376306296117e-01 4.345569498987746360e-01 4.311231949968918342e-01 4.174535124964003363e-01 4.496103503413306779e-01
9.682750401398303175e-02 4.325243030284364049e-02 1.417706547294649011e-01 3.112952735127397785e-01 1.000000000000000000e+00 2.127478680306366388e-01 3.744746540147688707e-01 3.937858298833105120e-01 4.022052629944962154e-01 3.036651421366355907e-01 3.747104788188939661e-01 4.422555572882416186e-01 4.007713992499873368e-01 3.160718874373137366e-01 4.193303259222281310e-01 3.964831447410112064e-01 3.425449501457054624e-01 3.063652739728464636e-01 3.388305719832994112e-01 3.816105830827766776e-01 3.511092275905282611e-01 3.681280687163061560e-01 3.495416977102713818e-01 3.140861268386644367e-01 3.137956077923495513e-01 3.800627394281504423e-01 3.672661616583079991e-01 3.650773007840505402e-01 3.361402503811167231e-01 3.564916919198951040e-01 3.914159973222552935e-01 3.980414886293394128e-01 3.563199502720236778e-01 3.816800456866735747e-01 3.734518321679752284e-01 3.792721633347836963e-01 3.940652721698689187e-01 3.997394817498949871e-01 4.048452924632128802e-01 4.177892025654490471e-01 4.112250400071007506e-01 4.127352523242755478e-01 4.211662500335153769e-01 4.306184969557852460e-01 4.209757254777514168e-01 4.090887637965261447e-01 4.040116240176460649e-01 3.999471040921520615e-01 4.090424675657675091e-01 4.207615507643360786e-01 4.148970859451145965e-01 4.537462689549793815e-01 4.379397665418666152e-01 4.069940992684744629e-01 4.084414338421684665e-01 4.115123243558054256e-01 4.220799006167356704e-01 4.115884596290359521e-01 4.069154359514839392e-01 4.162531821277266064e-01 4.237513031792758955e-01 4.130144712605746116e-01 4.101338994854744069e-01 4.052833396415397305e-01 4.087706564221440519e-01 4.234170067493217560e-01 3.948305339206205078e-01 4.019705518253657295e-01 4.003496068767736227e-01 4.224794893719819311e-01 4.121520626351263261e-01 4.058358345041641058e-01 4.034790950485879213e-01 3.959390588000439304e-01 4.003760062717751644e-01 3.885967758998762900e-01 3.915854871159450412e-01 3.736587723209841561e-01 4.000299071242569560e-01 3.886582986059888278e-01 3.957799671123716778e-01 3.978524131628283222e-01 4.041659114628531335e-01 3.898798683161642242e-01 4.088610643225181751e-01 4.034310526983566625e-01 3.932474742911957755e-01 4.120772103710678702e-01 4.024922771181402292e-01 4.073439677236057599e-01 4.083765691333761105e-01 4.060794182151270526e-01 4.092842215994974553e-01 4.116514947710342986e-01 4.010775836249679260e-01 3.940844758753846433e-01 4.255541830557200145e-01 4.313760812244771259e-01 4.130992280954787765e-01 4.125771719824741224e-01 4.134762054257155039e-01 4.149874391383466810e-01 4.204956096377467367e-01 4.175240125404625635e-01 4.256636803264484126e-01 4.120927753936778903e-01 4.033146892492384672e-01 3.972777762196204598e-01 4.023028524210983670e-01 4.020716176794086327e-01 4.060210066562752185e-01 4.098605469194677720e-01 4.089652417600520007e-01 4.059189161739500951e-01 4.043229253274807089e-01 4.192501764810045439e-01
1.415890920708926248e-01 5.474182649511560167e-02 1.827684994125060580e-01 3.130937131221472880e-01 2.127478680306366388e-01 1.000000000000000000e+00 4.601015326713118192e-01 3.003812358456752207e-01 4.410542917731226642e-01 3.528483225053236083e-01 4.362997176502996233e-01 4.653393098740354339e-01 3.994446192829907982e-01 3.472374146020116847e-01 4.456027242057437054e-01 4.159455987694763990e-01 4.344924480476555773e-01 3.167835652569478411e-01 3.954272242669064630e-01 3.351027259149862991e-01 3.798876049672944566e-01 4.277563371321779218e-01 3.997109514255125506e-01 3.376564600041934705e-01 3.708059274066153321e-01 4.226229223395767121e-01 4.027148933504183792e-01 4.249829561108372511e-01 3.870233823822243346e-01 3.974754628198302608e-01 4.701599206667437247e-01 4.249451608535557701e-01 4.075863377966637002e-01 4.129273313854189831e-01 4.274439091417036041e-01 4.034732031308999600e-01 4.431922386568405425e-01 4.297994356060190757e-01 4.507222242746169449e-01 4.385820519864825906e-01 4.493382540932788771e-01 4.393608699780292559e-01 4.388379601278150077e-01 4.664217118500137982e-01 4.667277829154893309e-01 4.679458830987855977e-01 4.487480302941049826e-01 4.468230565177017111e-01 4.443345974179417901e-01 4.498148904738218379e-01 4.375680657177420940e-01 4.406500145565845350e-01 4.500678983364471142e-01 4.444951988784341390e-01 4.380585103585182272e-01 4.486806149480310202e-01 4.419265799440826870e-01 4.423193072309969942e-01 4.360616258921070632e-01 4.572556130777118422e-01 4.452651207708289705e-01 4.502501208297003954e-01 4.403869171815592565e-01 4.398586823723228956e-01 4.624680970207861175e-01 4.537749045237193246e-01 4.535284514506864872e-01 4.483772329823910718e-01 4.479180733189883079e-01 4.343056710408035870e-01 4.559152830761987185e-01 4.590354099457967241e-01 4.361023693988310690e-01 4.483302879240667616e-01 4.508906693259065457e-01 4.559114542036936113e-01 4.535709859014195322e-01 4.346154703538163688e-01 4.597095381673939607e-01 4.445899958484619274e-01 4.477982369486929737e-01 4.566147399524416173e-01 4.512871517126044174e-01 4.434191836735507097e-01 4.562635407193703641e-01 4.490543061503331490e-01 4.396176420375653149e-01 4.622670994640850073e-01 4.541744258921499022e-01 4.578771351782999210e-01 4.550432756229660369e-01 4.622232573565773217e-01 4.520038828393141417e-01 4.571452128489557620e-01 4.510934519329211634e-01 4.488787057363745614e-01 4.582990391080121739e-01 4.506692217114626198e-01 4.489958966422147313e-01 4.574336174212380590e-01 4.498907216951738008e-01 4.499840354801172837e-01 4.512543692159670661e-01 4.541033183475424728e-01 4.554781008854300595e-01 4.541300638004192036e-01 4.486903123072900623e-01 4.476690586767048119e-01 4.495221270877160502e-01 4.538891754639029497e-01 4.586341310655059345e-01 4.514820434041318387e-01 4.502531769337443368e-01 4.497222318754728887e-01 4.584682557949090187e-01 4.521056155152153311e-01
1.717786085602811819e-01 8.901362648171816383e-02 2.699580059372858609e-01 4.707310762415576888e-01 3.744746540147688707e-01 4.601015326713118192e-01 1.000000000000000000e+00 6.003672880066983630e-01 6.509958713909065331e-01 5.733402133884221152e-01 6.347954876897177190e-01 7.083205213473112716e-01 6.370854016731388736e-01 5.351527607846999768e-01 7.371612310139216140e-01 7.018730038757584611e-01 6.188840338731235180e-01 5.249299133681598617e-01 6.078540920820519888e-01 6.134865877450252913e-01 5.946626940286138252e-01 6.508505107083570884e-01 6.506574515641607714e-01 5.630731102049959524e-01 5.817455550694218269e-01 6.602595895940772674e-01 6.469063846276890128e-01 6.672965038265908921e-01 6.263926371099262091e-01 6.536720326095832867e-01 7.230789316382862930e-01 7.016525656834922131e-01 6.856032626206437497e-01 7.000292397316223436e-01 7.041858805024826529e-01 6.890394783447542082e-01 7.121556680273235518e-01 7.221750019813063526e-01 7.353548306176962424e-01 7.199951749595647765e-01 7.212184029830757126e-01 7.183520490418116022e-01 7.348195583502478145e-01 7.385926645397812296e-01 7.343297990412609444e-01 7.456414353523675986e-01 7.128816730930012113e-01 7.039011198233063871e-01 7.218761236165986972e-01 7.338742403725779795e-01 7.307286495724912845e-01 7.057347209707720559e-01 7.247090587850341104e-01 7.105820947037457813e-01 7.153448263297512710e-01 7.192874714879556874e-01 7.250603698301784084e-01 7.099189754957966336e-01 7.228190020233425939e-01 7.185518094461903482e-01 7.323340168944096895e-01 7.276376073341358497e-01 7.260946521800084597e-01 7.166690517613534261e-01 7.089953476022082812e-01 7.216596735274052321e-01 7.069873823460981477e-01 7.126731902948150177e-01 7.165356774511671967e-01 7.274064946144660482e-01 7.214974807624739972e-01 7.216447277991474563e-01 7.085412258281780229e-01 7.107603524423607988e-01 7.106239266511957808e-01 7.080250576060904688e-01 7.115015577165794136e-01 6.960612731916725471e-01 7.275330969261640801e-01 7.113746977434658447e-01 7.161747523599986121e-01 7.160630236515862501e-01 7.279312587377270161e-01 7.109907783004598691e-01 7.256946427265289490e-01 7.209057224350652326e-01 7.087347269986461473e-01 7.317411872670627204e-01 7.218315492498230679e-01 7.198203089087457096e-01 7.299366362518927565e-01 7.212862681773057894e-01 7.142008826687546996e-01 7.268454547690323952e-01 7.088910307878837358e-01 7.003750450302502761e-01 7.310027463849515517e-01 7.201806507390327017e-01 7.213466589209442947e-01 7.304860126099270712e-01 7.262069803902420073e-01 7.243973742903183632e-01 7.127097864004299232e-01 7.235882449840899122e-01 7.232309473030690272e-01 7.210449826734913747e-01 7.117423811827882085e-01 7.053202744272639713e-01 7.131140118788863447e-01 7.096977857455012417e-01 7.222538254076741326e-01 7.117319265685811969e-01 7.169812259393355536e-01 7.168490675789159772e-01 7.083352512187747196e-01 7.180751406190929442e-01
1.636303684038633022e-01 1.232315627844272343e-01 2.648809442639130096e-01 4.638455723714981493e-01 3.937858298833105120e-01 3.003812358456752207e-01 6.003672880066983630e-01 1.000000000000000000e+00 6.051684420315299739e-01 5.308520649459674834e-01 5.820214997605196450e-01 6.683226225762247674e-01 5.873302318846557180e-01 5.002690326225059936e-01 6.590089461527330883e-01 6.734275770741442457e-01 5.640932683231750788e-01 5.773966710581605044e-01 6.064133963001968608e-01 6.198603563620023182e-01 6.170861769362542271e-01 6.252933861095214541e-01 6.360875124089000465e-01 5.855295314424950881e-01 5.763211075790130034e-01 6.398896436998409154e-01 6.361041529881996670e-01 6.278536888376593517e-01 6.089928548814182996e-01 6.242845938809954420e-01 6.562256035323353887e-01 6.894279302374501928e-01 6.448576772222184283e-01 6.809568381389348168e-01 6.749645442827438835e-01 6.719921792775543912e-01 6.639422491562902984e-01 6.897661255767709720e-01 6.822378603120722307e-01 6.990934497130807390e-01 6.771823833211799704e-01 6.734352373856067331e-01 6.998455538462932113e-01 6.932643858653874114e-01 6.896087832920777538e-01 6.789091227141580420e-01 6.640566486701305893e-01 6.531244048383282319e-01 6.815041383855052759e-01 6.989965308762805529e-01 6.997565621318463380e-01 6.909671323447926783e-01 6.881783348935283096e-01 6.677704800238689620e-01 6.828914602222496688e-01 6.852480459052979755e-01 6.991132394456707200e-01 6.666130971426194041e-01 6.900921335235465914e-01 6.708426075092973617e-01 6.929227841188018155e-01 6.826366417761062788e-01 6.930586726621933424e-01 6.791691068291306754e-01 6.708782524293467331e-01 6.876219354658017480e-01 6.557250374342609156e-01 6.786984230672149510e-01 6.759152250203271928e-01 7.022259873202819636e-01 6.877172946954648314e-01 6.817427154961734903e-01 6.825581331457712952e-01 6.720814459535138230e-01 6.626774852279068151e-01 6.516911926530430943e-01 6.536199077746092101e-01 6.489950535645682139e-01 6.708741423805292259e-01 6.573398519703931298e-01 6.618649136407678268e-01 6.609422765638023334e-01 6.839416118101973030e-01 6.602746400366954482e-01 6.803312158232730500e-01 6.747099937827308880e-01 6.620645491934856741e-01 6.801431780233307967e-01 6.687874986485418116e-01 6.717459031639303468e-01 6.785393801050585427e-01 6.672710865079140019e-01 6.711584334154837572e-01 6.768427216374190980e-01 6.565356207020137669e-01 6.470364498078331472e-01 6.920851687973517130e-01 6.866472895267807797e-01 6.728434203379786149e-01 6.785578666655180946e-01 6.789777127824578873e-01 6.815035608267149270e-01 6.733994967740885018e-01 6.781438165659791073e-01 6.874077253537341781e-01 6.777245582721515005e-01 6.619440201197918094e-01 6.534234048677355355e-01 6.657565777381139194e-01 6.609294866095900556e-01 6.699752607331812548e-01 6.635904443773116279e-01 6.697073471864853911e-01 6.702010095434023373e-01 6.645165982301176610e-01 6.781053913212740092e-01
2.261124022046924753e-01 1.291746951710931735e-01 2.819507874733944153e-01 4.656373120514137876e-01 4.022052629944962154e-01 4.410542917731226642e-01 6.509958713909065331e-01 6.051684420315299739e-01 1.000000000000000000e+00 6.805009560429366999e-01 7.211932501360134307e-01 7.704180637316030422e-01 6.768914408575098518e-01 5.999299740378589707e-01 7.741260455649093819e-01 7.422455292340847111e-01 7.613551229675289411e-01 6.750702912670579758e-01 7.517075410560901672e-01 6.415064757075714663e-01 7.000181320574832000e-01 7.535185315916527182e-01 7.637839663275323154e-01 7.017739696446217978e-01 7.182188834999692073e-01 7.881037381065610914e-01 7.818647829828657692e-01 7.787190323199203457e-01 7.681584923213071736e-01 7.977119789442815856e-01 8.347479562150353916e-01 8.170993724982360540e-01 7.562947346016770656e-01 7.889576561031977908e-01 7.992317551146965737e-01 7.706458235029464143e-01 8.170761343309658198e-01 8.021318490356696973e-01 8.066792451877010661e-01 7.798568963537503285e-01 8.185849880547749757e-01 8.025652863412846560e-01 7.982188233342493167e-01 8.190348658901515089e-01 8.203333037693874008e-01 8.133830011500093882e-01 8.027018078332053275e-01 8.074318072349757625e-01 8.092601502285230453e-01 8.066828699478927334e-01 8.146971827634690300e-01 7.933383951479597851e-01 8.049019660151717215e-01 8.161331627477093065e-01 8.121240575047125043e-01 8.189529633706341682e-01 8.094795708419293412e-01 8.048785847404553717e-01 8.086940880512214491e-01 8.177746169719242175e-01 8.172094654205446229e-01 8.104077873782511432e-01 8.101893876197380218e-01 8.128833898714759032e-01 8.289287633945935374e-01 8.264969571299303208e-01 8.072601712042122291e-01 8.203835208502868737e-01 8.183613620780219033e-01 8.095569027945643814e-01 8.171872660107333264e-01 8.247264067885488048e-01 8.184579763091285320e-01 8.210762740432805407e-01 8.160482701733813293e-01 8.146119327279625066e-01 8.093025094346398829e-01 8.037197174379986375e-01 8.212450208321875333e-01 8.163751238722610770e-01 8.167330383130462224e-01 8.205050524859157646e-01 8.164316634951945817e-01 8.101302043781067885e-01 8.094707959509662709e-01 8.122824327749119666e-01 8.052613583888982296e-01 8.140848617902989304e-01 8.074717990016609948e-01 8.117700144058102030e-01 8.084323357532909871e-01 8.076866926751735676e-01 8.129858901760708134e-01 8.146258361686459226e-01 7.973264939453259537e-01 7.943044506487223488e-01 7.994855622270786721e-01 8.078228573344838903e-01 8.035753639286286054e-01 8.107541450015799400e-01 8.010951042378761100e-01 8.090635555067838824e-01 8.056556134005296022e-01 8.074778133607750652e-01 8.179459102776033275e-01 8.052629408365745700e-01 8.015398158274150697e-01 8.013357320274265838e-01 8.064977483504663924e-01 8.014120999261461487e-01 7.995792023774711543e-01 8.046039855192391732e-01 7.997156281011276180e-01 8.043021386821304075e-01 8.166511053185563362e-01 8.171878262717433561e-01
7.180160842328940640e-02 1.894853741501870692e-01 2.408683975936999067e-01 3.370359403600029502e-01 3.036651421366355907e-01 3.528483225053236083e-01 5.733402133884221152e-01 5.308520649459674834e-01 6.805009560429366999e-01 1.000000000000000000e+00 6.452823335186195219e-01 6.767045511953747594e-01 6.250640336016669574e-01 5.718961653636229769e-01 7.389316851288630916e-01 6.993317420278246654e-01 6.652665396604390269e-01 5.736736245891839170e-01 6.622316425332466228e-01 5.162779720596925026e-01 5.424743484696685769e-01 6.144827846826673712e-01 6.758364457379397727e-01 5.840233704760741107e-01 6.376689764251908255e-01 7.447993982102069088e-01 7.161296704861538354e-01 7.386143461391128096e-01 7.205356095262248628e-01 7.498173931125596825e-01 7.675622417653468199e-01 7.442773284117143451e-01 7.129176836803460260e-01 6.992564967669292475e-01 7.317053306089490450e-01 6.813057843729786178e-01 7.486849982776889734e-01 7.598838093302746621e-01 7.609864346704685589e-01 7.315706670948914914e-01 7.712381868635209692e-01 7.683689368186625845e-01 7.506825672071185673e-01 7.567937631030188239e-01 7.499832253132761029e-01 7.630534532693564742e-01 7.719126812647368885e-01 7.827387797100883171e-01 7.674395812283767437e-01 7.320013795298415671e-01 7.678260563026217955e-01 6.986920732259354061e-01 7.255493314851646502e-01 7.798803936625902100e-01 7.726431803977198420e-01 7.805433958044170062e-01 7.434348661892595800e-01 7.741724711645385781e-01 7.737474496407124036e-01 7.672215579435793797e-01 7.655496113096859068e-01 7.697950768189614212e-01 7.646055472731250191e-01 7.654522462922914716e-01 7.573693982727502938e-01 7.499339041961696761e-01 7.741951074364684660e-01 7.652957760750254135e-01 7.733431999205788721e-01 7.514773696161264338e-01 7.463964161265462804e-01 7.687251191763777580e-01 7.577253294465103872e-01 7.614988527362924753e-01 7.831040499978449976e-01 7.781775240812821570e-01 7.769269852706190971e-01 7.759378778954635347e-01 7.800057598307182927e-01 7.859997393132818200e-01 7.797759869600159321e-01 7.850269368230526901e-01 7.708532172098050417e-01 7.785115260287641670e-01 7.584947107002549815e-01 7.676464498060872055e-01 7.723356228652189515e-01 7.766772126297006862e-01 7.781226727190230230e-01 7.756537425151974752e-01 7.685768837801236764e-01 7.749166024707601075e-01 7.755780152129184701e-01 7.764833299138782507e-01 7.719067537009927094e-01 7.736245536229784392e-01 7.485439037345676949e-01 7.480802454449173577e-01 7.695736661839983617e-01 7.713950891915072328e-01 7.695145271939857201e-01 7.703046418017219787e-01 7.604743771021951204e-01 7.701145795053129239e-01 7.602793858397536297e-01 7.611229816369806667e-01 7.712134140879627342e-01 7.786299950851192087e-01 7.796099328159911135e-01 7.739763425167102140e-01 7.732986782229931411e-01 7.716355454191463625e-01 7.720964163947369174e-01 7.704464961564821968e-01 7.716066345248198122e-01 7.643843055453702906e-01
1.148875279902301511e-01 1.086211375143809194e-01 2.978632122898057233e-01 4.775582309502631739e-01 3.747104788188939661e-01 4.362997176502996233e-01 6.347954876897177190e-01 5.820214997605196450e-01 7.211932501360134307e-01 6.452823335186195219e-01 1.000000000000000000e+00 8.049649361177523277e-01 6.902434822597212083e-01 6.435135974074750465e-01 7.804041461639066313e-01 7.668316231797321914e-01 7.505883416712532119e-01 5.899984903933030989e-01 7.063786515625479767e-01 6.072110817520992576e-01 6.363075918925872321e-01 7.025907502161869989e-01 7.114655273310867001e-01 6.240254888373423237e-01 6.506459595981558541e-01 7.418853532559164243e-01 7.402687090488097033e-01 7.458485296401677900e-01 7.042875779203100484e-01 7.329986466111091392e-01 7.969672474723001887e-01 7.854755530111957595e-01 7.440991917177454118e-01 7.646306923755310514e-01 7.555389137744515926e-01 7.485550347215702560e-01 7.900830309929617323e-01 7.984503594592720077e-01 8.130769272418659765e-01 7.851690384562042269e-01 8.169414360583668877e-01 8.034720063165721182e-01 8.010000471623384133e-01 8.236255847239417616e-01 8.155789307050487214e-01 8.134841029874548823e-01 8.218379018268330283e-01 8.245956664812308379e-01 8.208525593333911852e-01 8.137816863297989700e-01 8.121663717304574703e-01 7.932696989457296288e-01 8.036758381894516523e-01 8.166532458282869111e-01 8.066610208442726027e-01 8.101917324637333273e-01 8.052683671979200541e-01 8.137859276950210052e-01 8.061148367067380027e-01 8.196811987526488874e-01 8.198580648661902837e-01 8.164977155095138883e-01 8.153865261863283420e-01 8.144936593847008632e-01 8.210066312169953529e-01 8.238519482009043493e-01 8.248645394890752325e-01 8.254057282406728202e-01 8.236369030502630473e-01 8.177333119286618324e-01 8.230701501759535299e-01 8.257385951355143971e-01 8.134113178791271270e-01 8.139389300094767021e-01 8.222645935509526050e-01 8.174384230085663949e-01 8.147975613005625783e-01 8.022202666386920589e-01 8.172401786983127803e-01 8.136434731963818612e-01 8.194860482596318940e-01 8.234729753910181582e-01 8.244885462940573229e-01 8.172809194643754216e-01 8.306225070239506847e-01 8.295554902799034958e-01 8.196097467877295761e-01 8.345559501159648397e-01 8.227927033817601377e-01 8.225387405027010379e-01 8.221506650034952068e-01 8.288517133963935191e-01 8.262459326745997812e-01 8.296563817269927421e-01 8.251573538536907115e-01 8.220866149663407230e-01 8.244306474168590082e-01 8.251866844070565588e-01 8.281540784040521963e-01 8.329885630307158895e-01 8.262559676638738804e-01 8.290231547395606748e-01 8.268496239321452279e-01 8.292055874094145240e-01 8.347177813607017383e-01 8.221338207994285385e-01 8.259337689084786938e-01 8.221814793918355013e-01 8.246509043890988266e-01 8.244056797657358659e-01 8.279675817808478389e-01 8.260849969317369812e-01 8.260287442470989339e-01 8.287399545208085083e-01 8.285592134266271946e-01 8.289961241914238776e-01
1.277010724466292324e-01 8.084706982769371275e-02 3.433994679605624767e-01 6.018879843660217555e-01 4.422555572882416186e-01 4.653393098740354339e-01 7.083205213473112716e-01 6.683226225762247674e-01 7.704180637316030422e-01 6.767045511953747594e-01 8.049649361177523277e-01 1.000000000000000000e+00 7.417281591262280260e-01 6.671199660227072892e-01 8.424452485005898827e-01 8.277704264304578397e-01 7.550118270028592926e-01 6.239123006852401732e-01 7.213845604383853916e-01 7.359547088953426464e-01 7.067845985004286291e-01 7.525865055900313738e-01 7.375162415268338156e-01 6.531315848386446410e-01 6.548063285447136561e-01 7.569874792434444499e-01 7.671869448968874350e-01 7.661399367175448782e-01 7.264534980614538728e-01 7.589256158723056700e-01 8.326111927974245708e-01 8.390818186559867442e-01 7.796816872673262289e-01 8.250319991403396447e-01 7.996346372377551859e-01 8.221617067813546953e-01 8.361440159773496639e-01 8.489429862998761900e-01 8.594407051927459573e-01 8.467904779894355194e-01 8.579929296555079965e-01 8.427508594497595817e-01 8.680095049989399181e-01 8.758075221704407776e-01 8.712659383244697464e-01 8.596985898865321385e-01 8.625404248918784322e-01 8.554388730027978616e-01 8.735268900827566352e-01 8.800817820922708368e-01 8.714297070108368848e-01 8.673812430279262964e-01 8.778010672863058028e-01 8.528380507174505576e-01 8.504958008514397205e-01 8.479677610235053509e-01 8.786603428649268910e-01 8.532746564374765752e-01 8.621489132725085325e-01 8.638664122610596463e-01 8.815125596721252732e-01 8.722053270832186289e-01 8.743514824451632528e-01 8.675150745922524109e-01 8.544807959313656109e-01 8.761436808224765116e-01 8.540986125402743045e-01 8.594801716329376617e-01 8.595202222819587901e-01 8.853950706529570835e-01 8.683484440848826535e-01 8.605605342749750308e-01 8.502321758821509423e-01 8.422772146041702657e-01 8.467986406919553177e-01 8.416144946507528868e-01 8.406669575278614692e-01 8.275279066403576911e-01 8.531824679731100369e-01 8.428312466200008624e-01 8.517399008948409733e-01 8.581618932707709702e-01 8.703164149485569379e-01 8.469951459305784525e-01 8.773772345194006395e-01 8.712133352343939263e-01 8.569571149816740396e-01 8.712712701460655351e-01 8.645986742751731180e-01 8.546500925709820118e-01 8.655123932543737908e-01 8.628060427903027074e-01 8.645125524453188826e-01 8.691650733012721286e-01 8.594930334865741317e-01 8.503425415334772142e-01 8.854603479802077848e-01 8.856186384295114955e-01 8.733983660158879392e-01 8.756928930254213039e-01 8.760022294023398493e-01 8.791019641219108838e-01 8.752845450740258659e-01 8.709867230724994691e-01 8.861806302659541723e-01 8.730950662769771942e-01 8.659654199734555524e-01 8.491315861238551976e-01 8.571887113046342543e-01 8.578573405040224031e-01 8.667739344643132782e-01 8.625343094092574603e-01 8.700568908021454329e-01 8.694934671608257615e-01 8.606104906235002572e-01 8.746224368903012802e-01
9.519761985403338289e-02 9.518553438968918590e-02 2.339719836467359371e-01 4.294616644059341404e-01 4.007713992499873368e-01 3.994446192829907982e-01 6.370854016731388736e-01 5.873302318846557180e-01 6.768914408575098518e-01 6.250640336016669574e-01 6.902434822597212083e-01 7.417281591262280260e-01 1.000000000000000000e+00 5.963034341806583427e-01 7.651814360394687542e-01 7.556641677133164592e-01 6.754032187538178134e-01 5.356272054128758953e-01 6.305764203701834658e-01 6.273743794362589554e-01 5.799518769332999701e-01 6.477767208499453089e-01 6.417315923898900820e-01 5.663993479689091171e-01 5.929837625213333352e-01 6.820814666668107984e-01 6.741695403207014214e-01 6.917078304661830046e-01 6.497226212119528999e-01 6.996162128915646150e-01 7.537173965373162865e-01 7.364963527232328833e-01 6.695079474866535429e-01 7.167833776090417608e-01 7.119832762490243550e-01 6.907204003308433649e-01 7.414001920331901863e-01 7.533855739796420092e-01 7.658870177979616445e-01 7.199735399120150703e-01 7.706315348993419967e-01 7.592072680484828195e-01 7.715624954349600273e-01 7.834984522356562842e-01 7.681203978148989364e-01 7.728846903002621893e-01 7.930941101194058929e-01 7.860835708949094336e-01 7.911686149357468611e-01 7.795199920899102963e-01 7.800104498895477079e-01 7.699832201945937538e-01 7.864722748731423074e-01 7.896263979317084125e-01 7.817761116908643615e-01 7.707126987316138544e-01 7.899747642411314441e-01 7.879216128712657197e-01 7.890202578433285208e-01 7.998818859075992327e-01 8.004903796769573532e-01 7.998915070254053461e-01 7.895056227542319727e-01 7.857248806633788663e-01 7.773135028888661369e-01 7.992359864765883337e-01 7.836899416811625718e-01 7.734058829492947984e-01 7.784026547718809752e-01 7.910971801560343630e-01 7.782589173605750643e-01 7.795986352825922117e-01 7.653884979901874885e-01 7.687519031867855457e-01 7.734247065104528085e-01 7.684553303819285919e-01 7.666819462769398630e-01 7.582158937921740227e-01 7.759937421204520236e-01 7.804270429241298990e-01 7.793578799672269408e-01 7.859579778663878802e-01 7.743866278730360264e-01 7.737012836882167788e-01 7.854388887149192922e-01 7.865026859535643178e-01 7.701328723378862984e-01 7.886051679915881962e-01 7.862856046280519706e-01 7.800892034533539743e-01 7.666373071395958805e-01 7.829563868514932690e-01 7.828688279906558245e-01 7.853397878211846317e-01 7.892997077655641291e-01 7.853277032536912783e-01 7.846443604751610623e-01 7.935625782550728147e-01 7.958143591863080513e-01 7.921831316439367221e-01 7.873076862454834179e-01 7.976903132091770487e-01 7.920845293351368444e-01 7.902553723067645697e-01 7.963264351916061745e-01 7.952888686421452080e-01 7.906253548468832326e-01 7.845560552803603205e-01 7.870301268881541024e-01 7.878760044930190887e-01 7.903657511310724360e-01 7.974583943555878518e-01 7.955468972685966200e-01 7.918344638940447711e-01 7.881502666885472630e-01 7.989271367509526156e-01
