1.000000000000000000e+00 1.931683460765303284e-01 1.004060586954685086e-01 -1.705977750487517111e-02 -3.012857413892492536e-02 4.778997158558109803e-02 -1.475215598491884297e-03 -6.313772898971295455e-03 1.285775300514791775e-01 5.070824234665288754e-02 5.074437757646819980e-02 -2.870558558352086231e-02 -4.267621023588308998e-02 -9.946402115664238625e-03 1.058486700189009396e-03 -1.563638631544111285e-02 1.229548227957297929e-01 1.289310296104564380e-01 1.057056492664979197e-01 2.065583652308774706e-02 3.298986338444946653e-02 6.262184917687031727e-02 1.066526112409874882e-01 9.173712498439677565e-02 7.125102282342653248e-02 1.122979014844087270e-01 7.036719806072572192e-02 7.695035137886094279e-02 1.363372828780523571e-01 1.330131584377672593e-01 1.044198844317872493e-01 7.264641924199838341e-02 6.480868338232009807e-02 7.888140677275198853e-02 1.047196522915469080e-01 1.882611008406544217e-02 8.023296041491713437e-02 3.029524134451828943e-02 3.950731537456361742e-02 1.039239740587209922e-02 3.597914485507625743e-02 1.156502350615495021e-02 -6.502009874758402433e-03 2.278868032746243430e-02 3.355298854785550289e-02 1.860293742840012782e-02 1.161921010471454220e-02 2.855890203162998395e-02 3.139657989131224708e-02 4.278345629262754468e-02 2.829010851231583690e-02 1.745040925644382110e-02 -1.883435926572492314e-02 5.751476271720004640e-02 5.797202426232907907e-02 5.289169162917257971e-02 7.059299135656145474e-02 9.966487473342333647e-03 2.453625451587529427e-02 2.867672718379321237e-02 7.207106001296318537e-03 3.095073683856078978e-02 2.649158005278759789e-02 4.262229764151558020e-02 4.734090539376525214e-02 2.288700076224050098e-02 3.706354770593564552e-02 4.777065437752871929e-02 3.743501513025314364e-02 1.538317904111856371e-02 1.862372127279009193e-02 3.791539147578578545e-02 3.992825184271210637e-02 2.109405907350227552e-02 3.427245733533322569e-02 2.575401860842471691e-02 2.852859748259914743e-02 5.747422864327532410e-02 4.470058095989436209e-02 5.646884650039735859e-02 5.161857803930111621e-02 4.608242121449179080e-02 5.005393492144341594e-02 4.421991949606556699e-02 1.890242479656295202e-02 2.346471491941943058e-02 3.717627937419974021e-02 9.254477479411528373e-03 1.697381972532686911e-02 3.023603937949161449e-02 1.475092100024167144e-02 9.358163063394615150e-03 1.218976694284376432e-02 5.894631004164523763e-03 6.074372094218571938e-03 1.765866868899591130e-02 1.070684661822364145e-02 2.679124113357908565e-02 1.533605837955710413e-02 2.119702778070526195e-03 -9.085598802081902917e-03 1.820633631587403184e-02 -3.713862788066718285e-03 8.525805165157700899e-03 1.784622249134286062e-02 3.508888003620301566e-02 2.966031406766351380e-02 2.527782903937379755e-02 2.519925467495830185e-02 1.791039457961588963e-02 7.948162415246415313e-03 1.517657801620312351e-02 1.791363921813197632e-02 2.213301015653628898e-02 3.150141033112194289e-02 2.079716644115583643e-02
1.931683460765303284e-01 1.000000000000000000e+00 7.960565861710110214e-02 2.753400188908191812e-02 6.305693616046326166e-02 1.150800401581196647e-01 1.220330318050776158e-01 1.483026527263757999e-01 1.823364604571665049e-01 1.427013457851263045e-01 9.779290581565361351e-02 1.090137292634569127e-01 1.249897345463018700e-01 1.020449017661133329e-01 1.336319704630956340e-01 1.304122701094660719e-01 1.697974057272806092e-01 1.144951154189062792e-01 1.556329180748217689e-01 4.638254004851819629e-02 7.996080892373622073e-02 1.345565771623658813e-01 1.678848304590880025e-01 1.320318756525503678e-01 1.119433262886151553e-01 1.864357417079956503e-01 1.480767439948269537e-01 1.857299224762450907e-01 2.209531819167409594e-01 1.896262451661849813e-01 1.784003178062692485e-01 1.669929600350720245e-01 1.936184024495762324e-01 1.663405086497497798e-01 1.816282741446594295e-01 9.978362941307206135e-02 1.440176379890054370e-01 1.833511376590432895e-01 1.623310554534690975e-01 1.561641890608681527e-01 1.521205043888572139e-01 1.453395751828878146e-01 1.259621553275991623e-01 1.246164590166802255e-01 1.334671293816084015e-01 1.567543533799727606e-01 1.255111993304283136e-01 1.353059809300650174e-01 1.276963477183304108e-01 1.295763631901016566e-01 1.435708205308421637e-01 9.603621190609812341e-02 1.001074263248680346e-01 1.445966642229788990e-01 1.509949843633744682e-01 1.643962555516806090e-01 1.268178542134606179e-01 1.339202558940597865e-01 1.407845667795788736e-01 1.263363406479377782e-01 1.156558648406746242e-01 1.266636941213494516e-01 1.180092893036912421e-01 1.324213798458924451e-01 1.298433021822412714e-01 1.044868345910106161e-01 1.304540311847114387e-01 1.412832742808234898e-01 1.342160522792624211e-01 1.199872364197737962e-01 1.233245271925945408e-01 1.367011733635717929e-01 1.412499535570020948e-01 1.167984723533380537e-01 1.461631466143341884e-01 1.381196811779399902e-01 1.450013456808555146e-01 1.572986264444105609e-01 1.468995791721392219e-01 1.520331382862346592e-01 1.474217232401571209e-01 1.543651738587356326e-01 1.457808508163306871e-01 1.541649337110189977e-01 1.452591242053519749e-01 1.332766865023281011e-01 1.441818021796542060e-01 1.482063570048887113e-01 1.416973302954725455e-01 1.460865377845188828e-01 1.472662243146103944e-01 1.304359652843595785e-01 1.331110537632034796e-01 1.361534582177842678e-01 1.195314594753588283e-01 1.305785592767124692e-01 1.234683514888886419e-01 1.240255719865555745e-01 1.233812548623205579e-01 1.193083060982302879e-01 1.211873769698158382e-01 1.256356131291287703e-01 1.018026509946237945e-01 1.248115178146336074e-01 1.182076129127729996e-01 1.263608928514047547e-01 1.299822241144302226e-01 1.362738230450725174e-01 1.343948551790268009e-01 1.311014895495688226e-01 1.289083996685642108e-01 1.263261050404595187e-01 1.280746537855765033e-01 1.272549679439088366e-01 1.219156436710702868e-01 1.091190576469423384e-01
1.004060586954685086e-01 7.960565861710110214e-02 1.000000000000000000e+00 2.626057840626443429e-01 9.830102162126747034e-02 1.526781550161819545e-01 2.363976271704001098e-01 2.332078732679614963e-01 2.419230994502319099e-01 1.747125356145038944e-01 2.542107241076326796e-01 2.524292180295154009e-01 1.951374349111235917e-01 2.092250850860655209e-01 2.793834697221743713e-01 2.520972928436115423e-01 2.759397617376910250e-01 3.182914803948564408e-01 3.348447498507648445e-01 2.604537564017402884e-01 3.309843270640261959e-01 3.313312711900991414e-01 2.981931256514509521e-01 3.167501536816276220e-01 3.201858363116115158e-01 2.921470736447606131e-01 3.070983938082810227e-01 3.002481975861823194e-01 2.873449740970522859e-01 2.857764173502717608e-01 2.853982853352685645e-01 2.940863096043101477e-01 3.014933169296834525e-01 3.178584639648389110e-01 2.933909992510718157e-01 2.983689430789213115e-01 3.010738147367771345e-01 2.896236632605787564e-01 2.976976530903948648e-01 2.994606217908302170e-01 2.871713897789275882e-01 2.914814654103544123e-01 2.830888974985305007e-01 2.948536291113533214e-01 3.020731248565685645e-01 2.783868575413959157e-01 2.743875938270416426e-01 2.763010947123762939e-01 2.860600921037279587e-01 3.068583633706241653e-01 2.930945807651268442e-01 2.976337097383424668e-01 2.865875655926197196e-01 2.782789435811279244e-01 2.801099968883282165e-01 2.910421209070249704e-01 2.948645058674443931e-01 2.780968822599478862e-01 2.918984790729649559e-01 2.820007806546073748e-01 2.803199794618834173e-01 2.826884734156140389e-01 2.860335668704256928e-01 2.833050946787804003e-01 2.952001581844133082e-01 2.826524824250081780e-01 2.830082554735282030e-01 3.006021386612529045e-01 2.827911097076188374e-01 2.993151933452835589e-01 3.142742650731308873e-01 3.044565203188927538e-01 2.967700544670628937e-01 3.017335656008443001e-01 2.887066380375021835e-01 2.884450951162034760e-01 2.834918768917927823e-01 2.860626233709140931e-01 2.838934275715325750e-01 2.844831302274740681e-01 2.877125165507540272e-01 2.896872156924034103e-01 2.893922084034237785e-01 2.866160558294993943e-01 2.843884387972321903e-01 2.889693668301336338e-01 2.955339474786778942e-01 2.818958813877612823e-01 2.829658172615265310e-01 2.825822349718957183e-01 2.879583278083688858e-01 2.797363312259262824e-01 2.865757439687231511e-01 2.776208272484485540e-01 2.703612174807653035e-01 2.768692542303416992e-01 2.899979382844168341e-01 2.869033326131888439e-01 2.754169898282155526e-01 2.827019030043831371e-01 2.734720241570435251e-01 2.806463225009912521e-01 2.744392924234652642e-01 2.801705099865194337e-01 2.884243398666580527e-01 2.852116771507381965e-01 2.839935838536367108e-01 2.743249092549386869e-01 2.765024850825621994e-01 2.751418367919806207e-01 2.752587826332832943e-01 2.702471530223538032e-01 2.737406652836741339e-01 2.767755420798425070e-01 2.824362392758634765e-01 2.791730982642376957e-01
-1.705977750487517111e-02 2.753400188908191812e-02 2.626057840626443429e-01 1.000000000000000000e+00 2.608788334035351819e-01 2.456488706753094386e-01 4.288917679617737511e-01 4.304064757565883026e-01 3.727171265965797953e-01 3.011362126399583228e-01 4.368213732446194486e-01 5.123826852141012411e-01 3.932275629458423793e-01 4.032312197900787543e-01 4.918553824403342767e-01 4.550352891657484800e-01 3.795305242899220111e-01 3.799280267037012382e-01 4.495798775187222485e-01 4.428722163661095168e-01 4.955168334820412301e-01 5.073819245384096899e-01 4.270091445688567466e-01 4.262726168685877504e-01 4.772985504480837804e-01 4.273850869167613586e-01 4.755766577862227673e-01 4.421644531419665625e-01 3.748500765675291113e-01 3.739597222303255308e-01 4.199158543683990663e-01 4.194661422308318399e-01 4.096780597393466228e-01 4.517249781697663114e-01 3.944753057833684240e-01 5.007307080041150105e-01 4.511754765621085461e-01 4.533167926324904173e-01 4.624566286185475272e-01 4.764350689167703989e-01 4.702944114314159818e-01 4.809835055226828193e-01 4.941564413081402374e-01 4.981661944877169290e-01 4.995653881793819528e-01 4.461273622123141380e-01 4.627508676481379979e-01 4.558834472603570664e-01 4.588387156002287082e-01 4.784416889825025554e-01 4.737368345272509607e-01 5.186457825340213823e-01 5.094593750982282510e-01 4.381491730719088706e-01 4.302179642141121807e-01 4.496349147439517857e-01 4.494527825443293545e-01 4.663203316068299520e-01 4.535436430938309949e-01 4.687831991073846405e-01 4.817258012459106342e-01 4.616996001233313884e-01 4.552533087601659534e-01 4.656677464349500695e-01 4.712317421219048841e-01 4.836573752622388978e-01 4.600278667935145949e-01 4.577444697164361753e-01 4.498164185476218879e-01 4.860779451981384613e-01 5.006532426867341679e-01 4.792723074799480898e-01 4.640532614873404404e-01 4.910664394764510665e-01 4.647781804170998399e-01 4.663296531406700418e-01 4.618343237373319643e-01 4.430565889253333389e-01 4.523766156099186531e-01 4.399933800369050796e-01 4.540923662799212224e-01 4.498903281736914561e-01 4.582753037338605506e-01 4.435314773616813588e-01 4.575090500186862474e-01 4.699431803613028924e-01 4.714449275603667111e-01 4.645018319112256822e-01 4.617785579706079613e-01 4.577974030245086645e-01 4.676897838346227854e-01 4.692421813337080416e-01 4.858029979878447646e-01 4.681800061982099859e-01 4.616965431444278178e-01 4.583441766944808538e-01 4.866586403920240000e-01 4.720885237333630191e-01 4.619743635580216279e-01 4.766317921841855543e-01 4.763295054362048919e-01 4.690713191145279848e-01 4.994208878608802360e-01 4.804219927091206155e-01 4.898155691016777280e-01 4.619752470588721627e-01 4.626274875493289751e-01 4.502879136505737456e-01 4.513862460792330555e-01 4.617700895366892988e-01 4.617778218667837331e-01 4.613891633962421412e-01 4.625507788783944640e-01 4.662028898071216010e-01 4.680766263111209580e-01 4.785559148177362943e-01
-3.012857413892492536e-02 6.305693616046326166e-02 9.830102162126747034e-02 2.608788334035351819e-01 1.000000000000000000e+00 2.011318282762204757e-01 3.709586337429315317e-01 3.457767643707341798e-01 3.202953040730180945e-01 2.855937576131115652e-01 3.224222176585967992e-01 3.987178090764282867e-01 3.426236836865775848e-01 3.437533591958941703e-01 4.069288192220331668e-01 3.998127968383028974e-01 2.933680430870898581e-01 2.647126337275703123e-01 2.903700359262345598e-01 3.347308599525004036e-01 3.210855966723461519e-01 3.478648131599483273e-01 3.036482345844859210e-01 2.929697540354586627e-01 3.074180704197338465e-01 3.498457638216732613e-01 3.659152807973443666e-01 3.471093690053806968e-01 3.146902600353945756e-01 3.177193615409483751e-01 3.460904623240223521e-01 3.527306543173557296e-01 3.449515348789161662e-01 3.468425181811100044e-01 3.302654640226712623e-01 3.757329149483911723e-01 3.405506276006196043e-01 3.875092773853146544e-01 3.848109120065535960e-01 3.891645203910443773e-01 3.925609288621538240e-01 4.017309767477770799e-01 3.999183513461961326e-01 4.028871821206698178e-01 3.878389362903153503e-01 3.859328364066128558e-01 4.030912237698398015e-01 3.902900996178794712e-01 3.809380840780675626e-01 3.800083560682896988e-01 3.953906035556368215e-01 3.880035233417645224e-01 4.057240773426469826e-01 3.704387862390607911e-01 3.680708564305364416e-01 3.765436544863910995e-01 3.558683230802221487e-01 3.944844105468535700e-01 3.897901368548029599e-01 3.943570377478014533e-01 4.006542775936386969e-01 3.904107738589375765e-01 3.847107320003343434e-01 3.822886464856958821e-01 3.810930192173854203e-01 3.898571342250959915e-01 3.857386789173487540e-01 3.747238191547784814e-01 3.861103960518365574e-01 4.007697762305185707e-01 3.899255313780158883e-01 3.832570713075797997e-01 3.800890182197167455e-01 3.908850499833804171e-01 3.901170163035314054e-01 3.932732577137844632e-01 3.909691020070522050e-01 3.797149845741359941e-01 3.846577559012185343e-01 3.792635485468983103e-01 3.804227851577470787e-01 3.837985427698880625e-01 3.831347801627564831e-01 3.803074814396310566e-01 3.943454313188516358e-01 3.907053445915176226e-01 3.879617597509744109e-01 4.008385463317746811e-01 3.961918273905676857e-01 3.910075054465936839e-01 3.989957903809907558e-01 4.046768072782997439e-01 4.012059599678795552e-01 3.982999505485012026e-01 4.001202163414107060e-01 3.941514629131375180e-01 3.999496043910549248e-01 3.906480077738705425e-01 3.969776782390199155e-01 4.042491039562655653e-01 4.081790168582546396e-01 3.968214719920425404e-01 4.100731172013534209e-01 4.030253189795009461e-01 3.972845949655871567e-01 3.822442523691073069e-01 3.915509394207395411e-01 3.923766494788995529e-01 3.896083668708631431e-01 3.981958946012228440e-01 3.998408857910662473e-01 3.976584694891398541e-01 3.947303995492419948e-01 3.918689045104945534e-01 3.892260557014650124e-01 3.930679829390752444e-01
4.778997158558109803e-02 1.150800401581196647e-01 1.526781550161819545e-01 2.456488706753094386e-01 2.011318282762204757e-01 1.000000000000000000e+00 3.943779064453165617e-01 3.590860838947262379e-01 3.900686821501901380e-01 3.646873020768955920e-01 4.250973823297571896e-01 4.300910251157454289e-01 3.772621565398061594e-01 3.812755494424727720e-01 4.504548997443100777e-01 4.498204526399586789e-01 4.088461813357806007e-01 3.999181536803282921e-01 4.299322278835432387e-01 3.640228120462674632e-01 3.964076572519472652e-01 4.354646180192970339e-01 4.168337909841250966e-01 4.270690334381735398e-01 4.170213440142004346e-01 4.696615540074949857e-01 4.534218390777294272e-01 4.574747545401329774e-01 4.464088282715858447e-01 4.355899005530793899e-01 4.618103007132163262e-01 4.641428684281383998e-01 4.444798440466386502e-01 4.620248698918164587e-01 4.451664952882372628e-01 4.396986705849443844e-01 4.571607913352765395e-01 4.684123793250652978e-01 4.738616928153210894e-01 4.707820236372701750e-01 4.730857059662172404e-01 4.775247759198778530e-01 4.626538838472138981e-01 4.738805725267308810e-01 4.625710940586607034e-01 4.752377577339391146e-01 4.725075334938332317e-01 4.768456274869107281e-01 4.698323394013741994e-01 4.648201278398712555e-01 4.767077582233434918e-01 4.372689341044060374e-01 4.443119046680980566e-01 4.715180082047749077e-01 4.721336904922502353e-01 4.758503189346613982e-01 4.585046488919435337e-01 4.689444420422830273e-01 4.712625459317776877e-01 4.662513819871879073e-01 4.694392389755845385e-01 4.673405800199821880e-01 4.747468104026525415e-01 4.615583001103896743e-01 4.686235922375580065e-01 4.615119315241746900e-01 4.769186782138790104e-01 4.851328012181610472e-01 4.770192324580551091e-01 4.710302874099840942e-01 4.750444289410586385e-01 4.799166064189547831e-01 4.765203103360870496e-01 4.743594120144961068e-01 4.801467498067977235e-01 4.803630220259615946e-01 4.774930107626279563e-01 4.749391431657016271e-01 4.741277061657184766e-01 4.771599210417122316e-01 4.747671388495696698e-01 4.752842613829298957e-01 4.776610396808851910e-01 4.766679047651037893e-01 4.792410335401384724e-01 4.753861212861471564e-01 4.722980041498626713e-01 4.796390093951600209e-01 4.719334463430098214e-01 4.792922580226189333e-01 4.781192043712576001e-01 4.812422387044028027e-01 4.757700808500255341e-01 4.767834846519242165e-01 4.739057833042717438e-01 4.762030365890870254e-01 4.764332369708400572e-01 4.690514337371430864e-01 4.740147033767933560e-01 4.779725433320368699e-01 4.734400946481704953e-01 4.759285273128437410e-01 4.637370399781972075e-01 4.761819735372088691e-01 4.691854682331532134e-01 4.697861058817672242e-01 4.754849699756030224e-01 4.759858776583288376e-01 4.778788489026801756e-01 4.759684999862254240e-01 4.789104833642663928e-01 4.707624139905735028e-01 4.713294915277592145e-01 4.709120498160945245e-01 4.714092295339738503e-01 4.688157983352702063e-01
-1.475215598491884297e-03 1.220330318050776158e-01 2.363976271704001098e-01 4.288917679617737511e-01 3.709586337429315317e-01 3.943779064453165617e-01 1.000000000000000000e+00 6.035737957976634593e-01 6.002665357729516371e-01 5.217570954011678808e-01 5.938958349271873383e-01 6.833070260667702955e-01 5.771999863664472041e-01 5.993280772497945330e-01 7.472382069080629741e-01 7.035226274458377116e-01 5.906795264332183049e-01 5.990732975318744380e-01 6.328828480946212531e-01 6.457527364593979025e-01 6.408321517694790526e-01 6.707597120379781286e-01 6.445164339922676566e-01 6.252147185930980733e-01 6.270386782528011294e-01 6.967907071235801553e-01 6.996111724745581739e-01 6.942240143445125300e-01 6.375107152753404227e-01 6.430392704522556180e-01 6.784082578343580971e-01 6.992246546907249227e-01 6.788926327344165790e-01 7.007114404271477248e-01 6.562711138470812555e-01 7.024279777869107955e-01 6.902824711383003242e-01 7.223623322457461970e-01 7.194251660864913189e-01 7.328791599406752066e-01 7.206873258611795618e-01 7.185576498059804695e-01 7.281699770395317906e-01 7.320501973687851827e-01 7.290803842729203232e-01 7.126895003208892909e-01 7.200129663804413216e-01 7.192264040265468061e-01 7.099963608373031088e-01 7.181316605504635131e-01 7.260394788529193066e-01 7.066472355397234173e-01 7.153453556185999096e-01 7.020188350301749258e-01 7.038547838373919729e-01 7.223862039445430039e-01 6.907413530129292711e-01 7.191265257380660136e-01 7.202081198640972737e-01 7.169966923996131669e-01 7.207618122822574414e-01 7.139580043126544373e-01 7.121121517961180869e-01 7.068288797303408089e-01 7.127663212735000364e-01 7.137597512355750018e-01 7.176512158551264786e-01 7.214923901982376320e-01 7.241597925924916357e-01 7.430485116438584337e-01 7.310917669291066012e-01 7.237229205448681979e-01 7.219427175562336263e-01 7.226906847957873525e-01 7.300856772119265203e-01 7.248831088179646942e-01 7.237257905396529134e-01 7.072336160704972841e-01 7.130733069054818740e-01 7.058152213502245642e-01 7.149563367206888120e-01 7.144637749461966170e-01 7.204135529924657888e-01 7.178168102082268520e-01 7.277445589775226598e-01 7.287699298590462060e-01 7.247897930848011816e-01 7.322414209752814429e-01 7.237321869300525901e-01 7.271155632602893659e-01 7.347282167622206650e-01 7.278445292855363347e-01 7.346050686384638650e-01 7.278734045427307509e-01 7.198204906511387335e-01 7.232085077296185327e-01 7.342671846808406233e-01 7.183848400551301472e-01 7.194056479868438103e-01 7.348508916339767660e-01 7.291272140497965237e-01 7.243994604825025885e-01 7.245750590217586717e-01 7.304601452331522804e-01 7.259334150187675139e-01 7.105428833642336572e-01 7.231313694090459876e-01 7.167405606217864822e-01 7.201264414423839133e-01 7.219947210541829419e-01 7.264629020641221180e-01 7.160864575076402172e-01 7.180325629799780840e-01 7.149083201483805716e-01 7.135584464849420439e-01 7.158069703771774428e-01
-6.313772898971295455e-03 1.483026527263757999e-01 2.332078732679614963e-01 4.304064757565883026e-01 3.457767643707341798e-01 3.590860838947262379e-01 6.035737957976634593e-01 1.000000000000000000e+00 5.844411016261595870e-01 5.068982496411638117e-01 5.820654004162716388e-01 6.874310264756517963e-01 6.010702734067825403e-01 5.987769920242329569e-01 7.219051235806240863e-01 7.179735446642181440e-01 5.926729798431491503e-01 5.217201905131747530e-01 5.896555517878425690e-01 5.876978449423783113e-01 5.942222939342778343e-01 6.596456614574460753e-01 6.045228993513566129e-01 5.716095248909683901e-01 5.956244992183735709e-01 6.710478134344683987e-01 6.737285886852455441e-01 6.790968359369304874e-01 6.242514456817528368e-01 6.153046144695912822e-01 6.597617538019275862e-01 6.634746831232567477e-01 6.535434310369425681e-01 6.649580963334781325e-01 6.374699910468852870e-01 6.718862901334409221e-01 6.588784070201458842e-01 7.092612912015843207e-01 6.973271895162290734e-01 7.094339316198717826e-01 7.062018963656985227e-01 7.142528401481510469e-01 7.165751264734159243e-01 7.189154367773028520e-01 7.091986050529465180e-01 7.082813324960199886e-01 7.024596889810567069e-01 7.031814881803862827e-01 6.960664453131286677e-01 6.960736266428738661e-01 7.122458260017865417e-01 6.936590843049763588e-01 7.135282643913534173e-01 6.887011276465467846e-01 6.888019342934957878e-01 7.014126661357287240e-01 6.803225509262428305e-01 7.111102654863938888e-01 7.069020310641487281e-01 7.100862245339403245e-01 7.169841919351122028e-01 7.094192206539439161e-01 7.027415538636299086e-01 7.055043378791671094e-01 7.010947938837673865e-01 7.074250536292749914e-01 7.016878497026014516e-01 6.968404709351658788e-01 6.991043014212323659e-01 7.149582328538441889e-01 7.139150903436520812e-01 7.091806398321719440e-01 6.987207301266675774e-01 6.960914680124697940e-01 7.163724914600748672e-01 7.093288903568842896e-01 7.107326518586646324e-01 6.945428580541560537e-01 7.038021116379487019e-01 6.984627026182194109e-01 7.003104296257500749e-01 7.025804796079960779e-01 7.035366624440277938e-01 7.054478551461493829e-01 7.119775320024844811e-01 7.053408022134708411e-01 7.063568652652950641e-01 7.195425415720418938e-01 7.150234482414304926e-01 7.080099356640591202e-01 7.187871527177609465e-01 7.158381287212539634e-01 7.223278893788351862e-01 7.180094473632256946e-01 7.091109367624948145e-01 7.097857290339835146e-01 7.223674662558144943e-01 7.113294425864741255e-01 7.126854759460932165e-01 7.191661701371832027e-01 7.214397086251017610e-01 7.154361699843292399e-01 7.201605958421376519e-01 7.206468702763749734e-01 7.127127831814275005e-01 7.044294156802672902e-01 7.125928825107060716e-01 7.065359166585120088e-01 7.052868891079805413e-01 7.107973764435726594e-01 7.131016551737038300e-01 7.114976026098340789e-01 7.128259343947466187e-01 7.103578124283781436e-01 7.060644891423473180e-01 7.111975212984541495e-01
1.285775300514791775e-01 1.823364604571665049e-01 2.419230994502319099e-01 3.727171265965797953e-01 3.202953040730180945e-01 3.900686821501901380e-01 6.002665357729516371e-01 5.844411016261595870e-01 1.000000000000000000e+00 6.455942543703452330e-01 6.645131024007863152e-01 7.214665611675069590e-01 6.260589815010402237e-01 6.485963552024588408e-01 7.581940412922312245e-01 7.460932491312506354e-01 7.705868720323699739e-01 6.567599868747860947e-01 7.184977329796641277e-01 6.376868418377885650e-01 6.457674773117532130e-01 7.504623961550411781e-01 7.340750628040731973e-01 6.924748473229270784e-01 7.080620718905251687e-01 7.998670964488954205e-01 7.711620740288666065e-01 7.973586953590340309e-01 7.947069203777649138e-01 8.038429460378901936e-01 8.125999245423285444e-01 8.060387204912161652e-01 7.765614280460796381e-01 7.936262340831288231e-01 7.984818326333817939e-01 7.566666687346457199e-01 7.871412171279311698e-01 7.939515674632899866e-01 7.997667162773124394e-01 7.782361207190356955e-01 8.043765040189859716e-01 7.877725644687140205e-01 7.731644342584206298e-01 7.971619239134085655e-01 7.968301807665703063e-01 7.970235582784475081e-01 7.985389982839899981e-01 8.195550583171550274e-01 8.091507095720653631e-01 7.989925359394265403e-01 7.997973604598990205e-01 7.721365468617762406e-01 7.696497761411964511e-01 8.214855395778348779e-01 8.178863861683397518e-01 8.162466094027029939e-01 8.106701991705617116e-01 8.000885604866121437e-01 8.061987666320098445e-01 8.128479812671981497e-01 8.015787126669243756e-01 8.085985522300747075e-01 7.968518880986804609e-01 8.125749475765554619e-01 8.217655402446838453e-01 8.061826650052289489e-01 8.141299399324420927e-01 8.128517942963211507e-01 8.118096154811985654e-01 7.951940664301037076e-01 7.998635877714209697e-01 8.168158513611831761e-01 8.078844537454941133e-01 7.917843708548957249e-01 8.180530352532114913e-01 8.114343907263878997e-01 8.113953234235476986e-01 8.189454552449652036e-01 8.172033089643543358e-01 8.240047760818659528e-01 8.167473194614401910e-01 8.220599115344956465e-01 8.238786341452787321e-01 8.210808710095071072e-01 8.082447591410898413e-01 8.107235605571581072e-01 8.149027411034299728e-01 8.081796941533074818e-01 8.118760469455408302e-01 8.100751004490800433e-01 8.058860789986540540e-01 8.014588921980831948e-01 8.111641643122913248e-01 8.054531136887029819e-01 8.036950163435129246e-01 8.119703431610681976e-01 8.014533380326468448e-01 8.110879934150135862e-01 8.095952810370171671e-01 7.968207042384746197e-01 7.964860003733796878e-01 8.122864293518482492e-01 7.933213660234954556e-01 8.055172842362479102e-01 8.100733570078143542e-01 8.146190707264058251e-01 8.162161958949458729e-01 8.133787324106991345e-01 8.142467442995289240e-01 8.097125337255249855e-01 8.063786787691852309e-01 8.109197647479251536e-01 8.121712137649573782e-01 8.130652683933886626e-01 8.168203501634991870e-01 8.114294840163802647e-01
5.070824234665288754e-02 1.427013457851263045e-01 1.747125356145038944e-01 3.011362126399583228e-01 2.855937576131115652e-01 3.646873020768955920e-01 5.217570954011678808e-01 5.068982496411638117e-01 6.455942543703452330e-01 1.000000000000000000e+00 5.870183466061564825e-01 6.532596852152083855e-01 5.989418146898440876e-01 6.051496205109838655e-01 6.864013177862422488e-01 6.841618737068543288e-01 6.270785015793113315e-01 5.080450494254753480e-01 5.531099862010191437e-01 5.036433974797622781e-01 5.018245828397334130e-01 6.063092601623624178e-01 6.002981458299301298e-01 5.646630641958317876e-01 5.667007579647886928e-01 6.980717934138733760e-01 6.597073141428344556e-01 6.893280869069372541e-01 6.716631273740700792e-01 7.025632679405453551e-01 7.133368648527822486e-01 7.145697038625606901e-01 6.846717631370173862e-01 6.747701733770369303e-01 7.032890156433121431e-01 6.519983756933492858e-01 6.894197633252054924e-01 7.206758677682305603e-01 7.203458021350541696e-01 6.975212550797973421e-01 7.293979774106564840e-01 7.243165327364334827e-01 7.093902544081754913e-01 7.229690980348969509e-01 7.036898606925433564e-01 7.345496122735943878e-01 7.471581715286427228e-01 7.567555870630907622e-01 7.399853189203500214e-01 7.102768749439605234e-01 7.271508080887524317e-01 6.768331847338575624e-01 6.902126789128074646e-01 7.483274938496461415e-01 7.390439154190406867e-01 7.419270818366722198e-01 7.181628059896978389e-01 7.399678519638862584e-01 7.366850240942809380e-01 7.484071024528359262e-01 7.417775642941072389e-01 7.376511908185939825e-01 7.272626604451326582e-01 7.357213733942347123e-01 7.345182253936870520e-01 7.279059888956116442e-01 7.499293096498529376e-01 7.314232735417957043e-01 7.408125524993109945e-01 7.104090107632785589e-01 7.127348360171107400e-01 7.335903666874359352e-01 7.244715735991642536e-01 7.165429309265376467e-01 7.482233013866692595e-01 7.447231486972847314e-01 7.460214836737467659e-01 7.456651745979296919e-01 7.459404922618853018e-01 7.532117144913655915e-01 7.448592253669005236e-01 7.527568636028614257e-01 7.502389200849324258e-01 7.483948666190647359e-01 7.398387972330889850e-01 7.394579546872233067e-01 7.419694666597855814e-01 7.471325679054025004e-01 7.490855598555544725e-01 7.474130327193101442e-01 7.411953251682990018e-01 7.497411831760335543e-01 7.417210382892946985e-01 7.477680871430297804e-01 7.525876981386838693e-01 7.549589111797184726e-01 7.326260047638053496e-01 7.358010545104032296e-01 7.489963134942984047e-01 7.451989018608913273e-01 7.450379356590400848e-01 7.454314813087229430e-01 7.281205832410819756e-01 7.469270682589357335e-01 7.382154333117795231e-01 7.443982943440677902e-01 7.508097240826727692e-01 7.583441194093543114e-01 7.569736436299306925e-01 7.546596708318797919e-01 7.514163619682233675e-01 7.549707344670492093e-01 7.526514748700674495e-01 7.512284223129490623e-01 7.476982472997825147e-01 7.413912159972999572e-01
5.074437757646819980e-02 9.779290581565361351e-02 2.542107241076326796e-01 4.368213732446194486e-01 3.224222176585967992e-01 4.250973823297571896e-01 5.938958349271873383e-01 5.820654004162716388e-01 6.645131024007863152e-01 5.870183466061564825e-01 1.000000000000000000e+00 7.597554637321191073e-01 6.047795935500980269e-01 6.530135226659300463e-01 7.656404697506072887e-01 7.341316657510511545e-01 6.906777521490220506e-01 6.764739418414011940e-01 7.155542966703355434e-01 6.697219433892003249e-01 6.947343637040965802e-01 7.340148090526753544e-01 7.240378316307094497e-01 7.265049160886325463e-01 7.264697026802899860e-01 7.691978507027880108e-01 7.711004673342214399e-01 7.677187810489825015e-01 7.343755173720081242e-01 7.525092779717091895e-01 7.912853706398432774e-01 7.845300613168117998e-01 7.475702898932848894e-01 7.872889090110133381e-01 7.608079083500083328e-01 7.929134266286534949e-01 7.957241091284984469e-01 7.764986705306832215e-01 7.937082969998972004e-01 7.902291590914248820e-01 7.937970952645746481e-01 7.859760124140365845e-01 7.839162146024051259e-01 8.108309115539708012e-01 8.106205626522077212e-01 7.832536575190837125e-01 7.998347961784405546e-01 8.023686445741677886e-01 7.950308527614116105e-01 7.979071656708063287e-01 8.006036110671579387e-01 7.891710524579033104e-01 7.734615999741271120e-01 7.961582191708893586e-01 7.879135683925888589e-01 8.000996673925908631e-01 7.906393848474801977e-01 7.928029748010964051e-01 7.950089148669782224e-01 7.989746799720667259e-01 7.980579976641224427e-01 7.975371527401252658e-01 7.935192833597571882e-01 7.982559069033473564e-01 8.058981418561834698e-01 8.048263557075013841e-01 8.026410464094577701e-01 8.081512634524095073e-01 8.059114579930770628e-01 8.059077940510881444e-01 8.051440371061818757e-01 8.082572313209240855e-01 8.069549015602451858e-01 8.105752568193903551e-01 8.035034905901911051e-01 8.022042242864416695e-01 7.997132619129424524e-01 7.973126554613596539e-01 7.967727494839116353e-01 8.000783278548223576e-01 8.068066137779335012e-01 8.019644465017234936e-01 8.069461589531066181e-01 8.012727222182522979e-01 8.009113076414947630e-01 8.091931977521501507e-01 8.120733088891148865e-01 7.980552251648324047e-01 7.995310528965804409e-01 8.012294039565820425e-01 8.013953408882501517e-01 7.993876673203516026e-01 8.072201770925514497e-01 8.003269610660835864e-01 7.971104141899777451e-01 8.005757385143768001e-01 8.011940673130188983e-01 7.974806557920369743e-01 7.981810365307370203e-01 8.021556944434476977e-01 7.965298613225482161e-01 8.006089309423181088e-01 8.015990714797570638e-01 8.017609367975366830e-01 8.093132647136955793e-01 7.982754020417748286e-01 8.039680956126117328e-01 7.970911987750102234e-01 8.006340247988978920e-01 7.989625767598869110e-01 7.968775627730084743e-01 7.954410702952341428e-01 7.987404819771515285e-01 8.002029184654310123e-01 8.054247556666253027e-01 8.018190123766305577e-01
-2.870558558352086231e-02 1.090137292634569127e-01 2.524292180295154009e-01 5.123826852141012411e-01 3.987178090764282867e-01 4.300910251157454289e-01 6.833070260667702955e-01 6.874310264756517963e-01 7.214665611675069590e-01 6.532596852152083855e-01 7.597554637321191073e-01 1.000000000000000000e+00 7.223369521569720231e-01 7.498470090753354134e-01 8.518811142141691217e-01 8.501812088457303407e-01 7.246456256929136863e-01 6.336117573987499751e-01 7.094964547088769002e-01 6.939205809158260907e-01 7.005960845173427876e-01 7.867278332718676825e-01 7.290281040395496515e-01 7.015838787320114456e-01 7.317034940223332562e-01 8.109722592743403569e-01 8.234658625951880584e-01 8.178125082898705100e-01 7.621876877812129303e-01 7.789187561038729557e-01 8.264635357622088785e-01 8.258612923650412441e-01 8.008092228406405999e-01 8.169307091401353249e-01 7.924325564110580311e-01 8.372347317135022671e-01 8.181313031834660521e-01 8.648916615181104772e-01 8.644016437425120492e-01 8.609664447734036719e-01 8.774507532873810911e-01 8.833671909987270698e-01 8.811424840126863556e-01 8.881128742317425662e-01 8.703060932321501353e-01 8.754012791942045180e-01 8.905294971418031835e-01 8.869247784071500051e-01 8.839733785949314138e-01 8.653142908176991721e-01 8.838742887365614864e-01 8.630911394589385610e-01 8.726998099747471649e-01 8.676265079705063332e-01 8.588654844058267734e-01 8.674364144737498616e-01 8.534270399085410741e-01 8.884434978114645887e-01 8.793049705855640052e-01 8.914894043020735737e-01 8.984893737446973949e-01 8.832671438205679237e-01 8.767318045949863414e-01 8.796193422916425142e-01 8.778180324192287332e-01 8.867548479310065623e-01 8.856195693921996570e-01 8.721770508111017506e-01 8.764743481320627083e-01 8.846267633644134820e-01 8.830348115855334301e-01 8.832017088753485456e-01 8.705022586374421278e-01 8.733764477231290568e-01 8.906056662996985063e-01 8.859608031436974063e-01 8.874988433073628391e-01 8.703723520843166250e-01 8.765136848865752173e-01 8.770150192724662785e-01 8.797764650001546061e-01 8.812615643573459279e-01 8.820432264567655833e-01 8.777787292992458301e-01 8.861086714358886729e-01 8.873973114233451032e-01 8.861627890964238752e-01 8.957581022454493835e-01 8.937780239888987177e-01 8.834276977034828393e-01 8.924197141199722294e-01 8.969616589060649403e-01 8.998276768521420443e-01 8.972175318563663238e-01 8.979639839319151218e-01 8.941890770669683741e-01 8.956703673160599788e-01 8.887315367123462817e-01 8.946620673617784458e-01 8.986525754649901110e-01 9.024135871322301883e-01 8.938095292682051163e-01 8.986989380945723527e-01 9.016658466645401937e-01 8.954650076418652072e-01 8.839045591545697800e-01 8.922202977410692570e-01 8.890995638122711764e-01 8.870042167460143734e-01 8.947894947434128499e-01 8.930283658212910813e-01 8.966875345114844187e-01 8.950574380211919756e-01 8.946618289123272616e-01 8.884346490178410827e-01 8.927530262840118747e-01
-4.267621023588308998e-02 1.249897345463018700e-01 1.951374349111235917e-01 3.932275629458423793e-01 3.426236836865775848e-01 3.772621565398061594e-01 5.771999863664472041e-01 6.010702734067825403e-01 6.260589815010402237e-01 5.989418146898440876e-01 6.047795935500980269e-01 7.223369521569720231e-01 1.000000000000000000e+00 6.611874239418683574e-01 7.439624694384195935e-01 7.616669706998254741e-01 6.051128261626448346e-01 4.840213992608426441e-01 5.605282870534864514e-01 5.279684375471931368e-01 5.294808255711539458e-01 6.350924197410436900e-01 5.820470907414864170e-01 5.549895321149800331e-01 5.758226373832857625e-01 6.879144651007520483e-01 6.818335338485874697e-01 6.997647513762721427e-01 6.417909003097328480e-01 6.619234673834379912e-01 7.016672489993884820e-01 7.034833256858352701e-01 6.870333770964803799e-01 6.817761687959953409e-01 6.854124249005629776e-01 6.838201074095779930e-01 6.871222035963241437e-01 7.534564513000708841e-01 7.473857285524139193e-01 7.393694473827110425e-01 7.548130170330844546e-01 7.667834461348580488e-01 7.709196863187854909e-01 7.594090416437712099e-01 7.321349436084647611e-01 7.745187218732927370e-01 7.778343533875764493e-01 7.727457154087123969e-01 7.639840608583544634e-01 7.309443042215493236e-01 7.586057654428197683e-01 7.153732812797488627e-01 7.412354750393390646e-01 7.497769554061634034e-01 7.418294969984509102e-01 7.518323064885027440e-01 7.166631070651899860e-01 7.718760271913016613e-01 7.628081251770673088e-01 7.768566414132251907e-01 7.824316973756711979e-01 7.656208143345701878e-01 7.528109617171785395e-01 7.564909789506196747e-01 7.473527807561088920e-01 7.568428378182416871e-01 7.736410456295446103e-01 7.497492916433855514e-01 7.585287357744436854e-01 7.489094504067448366e-01 7.514759132506416694e-01 7.570329840617416872e-01 7.476256955151221462e-01 7.441987212373634142e-01 7.746855046727433303e-01 7.742565947066356591e-01 7.759020208943738783e-01 7.604785647033002194e-01 7.642110404825611658e-01 7.638492528780619351e-01 7.629576977901550983e-01 7.690637037713298207e-01 7.631192579526978603e-01 7.663686401190951125e-01 7.733467127883422165e-01 7.666939853467124033e-01 7.658707082137584665e-01 7.865937202153570063e-01 7.855487987345458611e-01 7.734658081637451055e-01 7.825709266789977470e-01 7.890013858797726432e-01 7.786723784371067936e-01 7.893181829110100800e-01 7.904322076564553878e-01 7.828076448747145477e-01 7.739233402299361408e-01 7.628413765739771035e-01 7.805409690706486270e-01 7.824657303908505446e-01 7.920797335564839781e-01 7.753351875688343497e-01 7.712303038819753320e-01 7.860307238504369298e-01 7.691877655304334427e-01 7.650142356260130061e-01 7.732725005033971311e-01 7.821596373351171749e-01 7.776176579881204365e-01 7.868681205216203622e-01 7.855512866616278789e-01 7.879177938989959662e-01 7.823946944894593081e-01 7.809158467312250496e-01 7.726048673965243418e-01 7.706542298521543710e-01
