1.000000000000000000e+00 2.374768415400028976e-01 1.025898197629489250e-01 9.072460112025418355e-02 7.086560592388500834e-02 7.953689822397592979e-02 2.699151720110690503e-02 9.223995938661806726e-02 1.805527843253086351e-01 1.053687783774452935e-01 4.558266060662143765e-02 4.023587452248931357e-02 2.745768070609746342e-02 1.412198041632968526e-02 2.228903568025624587e-02 2.613242897621147892e-02 1.587508816814908741e-01 1.883849535199673686e-01 1.278259759446671584e-01 -6.501441796079476809e-02 8.877823469354309549e-02 1.658638311660204090e-01 2.251262648735017635e-01 2.283613162385169926e-01 1.935196823415757661e-01 1.681018855769847997e-01 1.568210958163283320e-01 1.636138918961294042e-01 2.072279954282077730e-01 1.566529245919346114e-01 1.391730443529325123e-01 8.966007320062628627e-02 1.650387908722936448e-01 1.144266076773135660e-01 1.104620876352884890e-01 1.532802758090014983e-01 1.492212645843266072e-01 4.865668779965019730e-02 7.938268613487051151e-02 5.522835064140287076e-02 5.462529438211142369e-02 2.598391894605182537e-02 -7.234701245963747265e-03 2.731504407783688290e-02 6.683773213303209615e-02 6.025527679314511553e-02 1.781660541095931444e-02 3.992253778354996202e-02 2.011473002261405033e-02 3.694130048235690772e-02 5.000243949156762263e-02 2.810686077714522058e-02 4.231587704495200220e-02 6.800114579838990869e-02 6.464513647808163566e-02 8.926095009533531466e-02 6.009621166157901040e-02 3.067894212098965998e-02 3.280114438451502135e-02 4.643607095857334860e-02 2.866507266444537003e-02 3.189476378158254827e-02 1.323788143845743871e-02 4.379171226640438119e-02 7.489993348527453076e-02 6.896620861577384964e-02 4.065655589851658452e-02 6.166686387805207781e-02 6.578065599881834091e-02 -1.712664238710410319e-02 4.805549398914602671e-02 6.301652641148210166e-02 6.926367320557844098e-02 9.236114776068907184e-02 4.848188463665736164e-02 6.401292165417547808e-02 6.336054305393223895e-02 7.426845585939291505e-02 6.057849164603714559e-02 7.875253739851084678e-02 6.692538795309364852e-02 5.970335464714589258e-02 7.223272800132904403e-02 5.432121992104478603e-02 3.349300387728127576e-02 3.984613912440148481e-02 8.053649470665744103e-02 2.247319437909023679e-02 3.647609909036822473e-02 4.686340271519109923e-02 3.530917782839022856e-02 1.667932655762795202e-02 3.393783868468202430e-02 1.902875566588469944e-02 8.957530462094718399e-03 1.937317189808914278e-02 9.799697824725839279e-04 4.316010162183216148e-02 2.111677832930311874e-02 1.858714541285994004e-02 2.201325555598510411e-03 1.428218098880522542e-02 2.266821330522193409e-02 1.789939986419775012e-03 3.862487360160857947e-02 2.887055213820059751e-02 2.124504015797452211e-02 2.873844125900720109e-02 1.989468462353357475e-02 1.805018570676543768e-02 9.445049562872879015e-03 3.496792360896550100e-02 1.189924620616146164e-02 2.217361441905349798e-02 5.706187944604402401e-02 4.550377520566457890e-02
2.374768415400028976e-01 1.000000000000000000e+00 1.015296532588000761e-01 1.895795777495077050e-01 1.414787730226238216e-01 1.254067205796932372e-01 1.856818030523864071e-01 2.000652475964128929e-01 2.125270284649165842e-01 2.218229308237219533e-01 1.826723034245771315e-01 1.901930128705728862e-01 1.369713093483149735e-01 1.382749322971950912e-01 1.826834821566856726e-01 1.597989005047809052e-01 2.188484253200049523e-01 2.331982623125852805e-01 2.056470458352265551e-01 1.435204238395727527e-01 1.640480965406385105e-01 2.309859871133886078e-01 2.779173067577988543e-01 2.744856485461131257e-01 2.490545091989720128e-01 2.415370257870561588e-01 2.402393903950853782e-01 2.461999913199263423e-01 2.635686222537005907e-01 2.323998356254725339e-01 2.363968589106582863e-01 2.155885341964799973e-01 2.395121556549675845e-01 2.289160620942738422e-01 2.070884057876714868e-01 2.381862754033350627e-01 2.285004660282343170e-01 1.949704839272447254e-01 2.005559142599832867e-01 2.063923398487075844e-01 1.908359067017256772e-01 1.802631935877688496e-01 1.618895789868111112e-01 1.745091254237202960e-01 1.941641662399277435e-01 1.922852693710025984e-01 1.660714210825575410e-01 1.827895051127212678e-01 1.652791524478973151e-01 1.874025119311084897e-01 1.897165926688715865e-01 1.795511038282197602e-01 1.809895338102478490e-01 1.953334392461257008e-01 1.990074610996706295e-01 2.099561093962075686e-01 1.869411481916229412e-01 1.732196390242507211e-01 1.884489306789842722e-01 1.727363494421076118e-01 1.739981518722474585e-01 1.657904581871888772e-01 1.668779413006539480e-01 1.724264538215245224e-01 1.841166730716583266e-01 1.863833148021642461e-01 1.757922410115368983e-01 1.908211905439932132e-01 2.006616275230416746e-01 1.611466897253513997e-01 1.769445117676367307e-01 1.914715540980096720e-01 1.991645365875773510e-01 1.988766981928791200e-01 1.877518325896905260e-01 1.934269083168902448e-01 1.974692139862709028e-01 1.979838129170538308e-01 1.903602258792436996e-01 1.918234445623090145e-01 1.885234722311966427e-01 1.892850938296033736e-01 2.006119305356424132e-01 1.827097683508148163e-01 1.798080137075073748e-01 1.814946378238253000e-01 1.996616296448573691e-01 1.747470050270450714e-01 1.752066984410192985e-01 1.822556070107170245e-01 1.774916943066558173e-01 1.704881047653611370e-01 1.786453916112431817e-01 1.677814279619205817e-01 1.589395464316739337e-01 1.676044508329763982e-01 1.588784427296393020e-01 1.734544842324719227e-01 1.664959360970030833e-01 1.700773340912224707e-01 1.601941282201288508e-01 1.640445528331789249e-01 1.644923021716289124e-01 1.585595310924703405e-01 1.800983603576878089e-01 1.676935485550270222e-01 1.643387993746303621e-01 1.744717259445855151e-01 1.727060541168347063e-01 1.649633022321542741e-01 1.654712476242708175e-01 1.685343817676303868e-01 1.589806728809942393e-01 1.618109022304648481e-01 1.770034854157331028e-01 1.763866425310798847e-01
1.025898197629489250e-01 1.015296532588000761e-01 1.000000000000000000e+00 2.947228982400833530e-01 1.864816949367922583e-01 2.529204513245266739e-01 3.183446345949088596e-01 2.933432905830369308e-01 3.463360621594354094e-01 3.180780127261548240e-01 3.533967429003241345e-01 3.402358286489499672e-01 3.292025890901892349e-01 3.194072251585567956e-01 3.608676713793523283e-01 3.654003524807324377e-01 3.640696104615619988e-01 3.579212708762753992e-01 3.914710480446897400e-01 2.081807931108800580e-01 3.325759127297085449e-01 3.802244306397282725e-01 3.579621721475559348e-01 3.787839751066026661e-01 3.734860392713442723e-01 3.947519656105211716e-01 3.939480197281496343e-01 3.895725446131435010e-01 3.810043031204691233e-01 4.004401862364011522e-01 4.056256969163408166e-01 3.757906378985982343e-01 3.844193482853984767e-01 3.717370239663192466e-01 3.911208011333990875e-01 3.789826027398278119e-01 3.869658952419990361e-01 3.726446500148367647e-01 3.878370108681309936e-01 3.701677877767297065e-01 3.787938549152500278e-01 3.685027691836667008e-01 3.561060409990624009e-01 3.736878509397598691e-01 3.899925143274952100e-01 3.837633153165502797e-01 3.748614129724855415e-01 3.798747051176870615e-01 3.736976272867372217e-01 3.704382857185665734e-01 3.772193960178998884e-01 3.462128951083392470e-01 3.708019957979646342e-01 3.769007790497558297e-01 3.762554342650222816e-01 3.826114659243798344e-01 3.710137898625339714e-01 3.713054073203360672e-01 3.725797353346675944e-01 3.736072000151265948e-01 3.682021196616694358e-01 3.760142997181170621e-01 3.658964142882619175e-01 3.812812902677447102e-01 3.870911367710093698e-01 3.808513662420168755e-01 3.804692739260545076e-01 3.889767551507437582e-01 3.790850140223841480e-01 3.493249563834008309e-01 3.800863220499261508e-01 3.876822713331817827e-01 3.817972834905984381e-01 3.938557822976146983e-01 3.857664241856164078e-01 3.893867943227513617e-01 3.864029335590160597e-01 3.879680333324712072e-01 3.879222384486900599e-01 3.930798134146407663e-01 3.931036796920059362e-01 3.933855786643644104e-01 3.850254893280147805e-01 3.839353797489470921e-01 3.762978497293238411e-01 3.780564039970737977e-01 3.931185927559228133e-01 3.774777440730347489e-01 3.843964013600146279e-01 3.815330689788575258e-01 3.778126489758821815e-01 3.787543335911013886e-01 3.825512941506599707e-01 3.753956190181223507e-01 3.744980782892242122e-01 3.782090880030522517e-01 3.677562926309405067e-01 3.773582282904450746e-01 3.767021785464675365e-01 3.736676237153165325e-01 3.695445377993105129e-01 3.729842718526480971e-01 3.743090926783524952e-01 3.739658687664997316e-01 3.760010090887687673e-01 3.736131079433562263e-01 3.776116514531098201e-01 3.802885927099093344e-01 3.777917807217726631e-01 3.757516901409359011e-01 3.760375524234402800e-01 3.800017996144767762e-01 3.748671415515143490e-01 3.790917954924419297e-01 3.854828116483966505e-01 3.803677382159323384e-01
9.072460112025418355e-02 1.895795777495077050e-01 2.947228982400833530e-01 1.000000000000000000e+00 3.438391130243772520e-01 3.962248522414741903e-01 5.431827677842732127e-01 5.322848429577790030e-01 5.745125860800562867e-01 5.358462573171377530e-01 5.610879475074057599e-01 6.161225862655554941e-01 5.517418015368028561e-01 5.234823894248302745e-01 6.029285981890262214e-01 5.934520890825129014e-01 5.655106552654244334e-01 5.582323512092568496e-01 5.818099763658476364e-01 4.739765017549565917e-01 5.718835855526486212e-01 5.985095199299147462e-01 5.642899110868760948e-01 5.843571156607108019e-01 5.745161905910953770e-01 6.194839263187189582e-01 6.062479604014930912e-01 5.974756331344348581e-01 5.582666541245744352e-01 5.994349098767283168e-01 6.192651442524916838e-01 6.020773546037224699e-01 5.893188313358777020e-01 6.015684019234446289e-01 5.838557348087549670e-01 6.058801746411899281e-01 6.069382885320390164e-01 6.069812136021242033e-01 6.178537545511094686e-01 6.164045700054338051e-01 6.151848784020886862e-01 6.144974756147288941e-01 6.036826325687505435e-01 6.141947538155433373e-01 6.182913638820380919e-01 6.108741830225389302e-01 6.070186308472678149e-01 6.110650310626876136e-01 6.111501524502688243e-01 6.178833515602855098e-01 6.155615273393355569e-01 6.088859671183437516e-01 6.098648920119127403e-01 6.021199035582256442e-01 6.057471663610335399e-01 6.133447010112704767e-01 6.109496155742699663e-01 6.072478282967854746e-01 6.125268691729124360e-01 6.084982245977864634e-01 6.142936482088442451e-01 6.060610663609048432e-01 6.070528833144006597e-01 6.153523981421264999e-01 6.133228697231360993e-01 6.172389071172498243e-01 6.112422340335100790e-01 6.176485233198558689e-01 6.088762043749421649e-01 6.078791612026849256e-01 6.186350682694174985e-01 6.140379119390605434e-01 6.135999173376254223e-01 6.198305155266391475e-01 6.213048569983563585e-01 6.173093927594871522e-01 6.120508777665204514e-01 5.985510169357174393e-01 6.139263164871444634e-01 6.129559843761461790e-01 6.152854574643074059e-01 6.179930591361206815e-01 6.190129888173925288e-01 6.031115450454461735e-01 6.121347162153928378e-01 6.070958353272073449e-01 6.152062981037716982e-01 6.122310572300596609e-01 6.131327170727770559e-01 6.126676875637673270e-01 6.147950707607976462e-01 6.137377783104573936e-01 6.171886028301055704e-01 6.128908091238848277e-01 6.074194512302394378e-01 6.080165843730638287e-01 6.185369235191698900e-01 6.170099458439146645e-01 6.141992044086682645e-01 6.152676232246624410e-01 6.090688703568376550e-01 6.133608921826615434e-01 6.128948465052915795e-01 6.113671425795222936e-01 6.195625447247344875e-01 6.120564083893278440e-01 6.117012200012367229e-01 6.083801379907186613e-01 6.109344493752266736e-01 6.109985629969496568e-01 6.112265364849459592e-01 6.108371310996835168e-01 6.076961333379815589e-01 6.122108000711662390e-01 6.133315154426423055e-01 6.130484440256526169e-01
7.086560592388500834e-02 1.414787730226238216e-01 1.864816949367922583e-01 3.438391130243772520e-01 1.000000000000000000e+00 2.770999985929081255e-01 4.711645378639329196e-01 4.542767941690936118e-01 4.565543588088052385e-01 4.347407625051563085e-01 4.386187899338023222e-01 4.796171667214771395e-01 4.465476375652835395e-01 4.300100958643116034e-01 5.001362030669554981e-01 4.924894063830074775e-01 4.536708651971853024e-01 4.448971707890009841e-01 4.353491390421987961e-01 4.156237963276517844e-01 4.183044002057771382e-01 4.512286390480253484e-01 4.601470928947493655e-01 4.554726732212174833e-01 4.361609408128804821e-01 4.819621447922583513e-01 4.731465665199044435e-01 4.906109291646706394e-01 4.624378201379901743e-01 4.759581609093844756e-01 4.901455366933511471e-01 4.948645926030310616e-01 4.855729809307017253e-01 4.870296042061098563e-01 4.733996753465479213e-01 4.838633108802430360e-01 4.864219233407980902e-01 4.948614339010834473e-01 4.977368714026424446e-01 5.053883431230917767e-01 4.936695144134813362e-01 5.020434135600764236e-01 4.926239915608131570e-01 4.887538313316718286e-01 4.907877894493654636e-01 4.922457790998435723e-01 4.860330604193393023e-01 4.954792284669981561e-01 4.911059375571454888e-01 4.968421415923119921e-01 4.944589831493163001e-01 4.967150369030313706e-01 5.029487730210804308e-01 4.996202921162470889e-01 4.983499110501384277e-01 5.071429175438151304e-01 5.073192778372742628e-01 4.975726175999745649e-01 4.975877559301151720e-01 4.986406500607599712e-01 5.032104777309266419e-01 4.920792841643398252e-01 4.953501816911551336e-01 4.965143731493412149e-01 4.965060220692720794e-01 5.026713647767663273e-01 4.891141665497192870e-01 4.918100253962850443e-01 5.003044379021700516e-01 4.935702786710121082e-01 4.859633716286874128e-01 4.905805491618388525e-01 4.935242002714564369e-01 4.880933306174081721e-01 4.977952710859053220e-01 4.951615980957647101e-01 4.937178509419444250e-01 4.915892600976918270e-01 4.924364121256458171e-01 4.884763298161169387e-01 4.930195651658546008e-01 4.919187230665448829e-01 5.005059429534506332e-01 4.910502342478771931e-01 4.956513474737236913e-01 4.917541850031474926e-01 4.952251082536290316e-01 4.960568567700903708e-01 4.912798740542854148e-01 4.988460538138411171e-01 4.988734732883730039e-01 4.966557997916559719e-01 4.979852626186768161e-01 4.961601360300441632e-01 4.911958044757429032e-01 4.931485524258693021e-01 4.954803155373914691e-01 4.968681513689362506e-01 4.951168176049666192e-01 4.951018355333618448e-01 4.953696807696156279e-01 4.942890651852671069e-01 4.948042377348392806e-01 4.924977517625276358e-01 4.986054855559776677e-01 4.985154543787277959e-01 4.932190859587027854e-01 4.951238657835951851e-01 4.952617941281479697e-01 4.918959730642188388e-01 4.950709925710211623e-01 4.945080937771529905e-01 4.934595434089892874e-01 4.907544178766329313e-01 4.892634698037338081e-01 4.976255091211990722e-01
7.953689822397592979e-02 1.254067205796932372e-01 2.529204513245266739e-01 3.962248522414741903e-01 2.770999985929081255e-01 1.000000000000000000e+00 4.852254462275217284e-01 4.496722909775907606e-01 5.344737269964796589e-01 5.115905584470371581e-01 5.358882564670411908e-01 5.638741632934604064e-01 5.156185616540276406e-01 5.039920278950783539e-01 5.690152600207774025e-01 5.542818607195739711e-01 5.516499584170224679e-01 5.373553225195629723e-01 5.749389039477776908e-01 3.725542369380018815e-01 5.101295956861340297e-01 5.736172866450806040e-01 5.304577924737072792e-01 5.521565325851580663e-01 5.689192067474762027e-01 5.839928119449775412e-01 5.802473780951610260e-01 5.855617112402290436e-01 5.824234299991840613e-01 6.016458042959508257e-01 6.008564735770879350e-01 5.829306906215926398e-01 5.755974845935276640e-01 5.716330234334578986e-01 5.903426006142994398e-01 5.764201995684663515e-01 5.909962718698428263e-01 5.834028319726752843e-01 6.039128562205583473e-01 5.794771149783052300e-01 5.940413312247644351e-01 5.822972212993487995e-01 5.698164623115472560e-01 5.881752277314327149e-01 5.979341063624190600e-01 5.964321123477850373e-01 5.923372408959941549e-01 5.968055178679922967e-01 5.885646422318966398e-01 5.827800644986094181e-01 5.893629975394830689e-01 5.655813807500102985e-01 5.829623527050702414e-01 5.896594431617567800e-01 5.912416422266413285e-01 5.917447400985595962e-01 5.828580058400577579e-01 5.882276908565174933e-01 5.864377042954254105e-01 5.884483400607988246e-01 5.864590792829150745e-01 5.881933672710383254e-01 5.817767944677362246e-01 5.895706708557340026e-01 5.930159963726076011e-01 5.888639897970131543e-01 5.974243744349219121e-01 5.995263095814734600e-01 5.908939207310567321e-01 5.617721800227830631e-01 5.960463568458141959e-01 6.040234737173993951e-01 5.913053831946802896e-01 6.051393102023725490e-01 5.987169321875553951e-01 6.014463402465118902e-01 6.050326334221228786e-01 6.024914713829211399e-01 6.020380437329834189e-01 6.031085051072490044e-01 5.979208470815439158e-01 6.023174410070631923e-01 5.985771654021343480e-01 5.961664676337478097e-01 5.923426841686387778e-01 5.918808994380182487e-01 6.017034382631910594e-01 5.948369355199132347e-01 6.006187271594058963e-01 5.977682776790257391e-01 5.903962933925940293e-01 5.937251229582058976e-01 5.969798036981717182e-01 5.965737845131562356e-01 5.929760191312793971e-01 5.930027377565811886e-01 5.840757699819316695e-01 5.921628442516578827e-01 5.928212716682933481e-01 5.905346668654916087e-01 5.880881049536633709e-01 5.913871567405359908e-01 5.928627180657656259e-01 5.915284183315245858e-01 5.945481853710354869e-01 5.854465045044906502e-01 5.925620578594144039e-01 5.963577001382256437e-01 5.940467648196228190e-01 5.907316517619766172e-01 5.904495531683606746e-01 5.939575129882118665e-01 5.897737370544736679e-01 5.955105931874199454e-01 6.047870965603046045e-01 5.928547808909085948e-01
2.699151720110690503e-02 1.856818030523864071e-01 3.183446345949088596e-01 5.431827677842732127e-01 4.711645378639329196e-01 4.852254462275217284e-01 1.000000000000000000e+00 7.140429823335524562e-01 6.941190338213241162e-01 6.810251911531968183e-01 7.142012060066051937e-01 7.901305536018854436e-01 7.126931698973012486e-01 6.994848092238884485e-01 8.329777763980497074e-01 7.964002142599715395e-01 7.183571970053201916e-01 7.182325950104563317e-01 7.085001789818753393e-01 6.673444351737278790e-01 6.901447504777575848e-01 7.112497174067118344e-01 7.202902951091567640e-01 7.175509835925590885e-01 6.823953192964974379e-01 7.708932653889801756e-01 7.526575972109134094e-01 7.624495590606121809e-01 7.056971836351741967e-01 7.515536446660305847e-01 7.842518207754616277e-01 8.067151869589231916e-01 7.664502755323805427e-01 7.900083981341341488e-01 7.637095601901583430e-01 7.592025649273105303e-01 7.761426382133502777e-01 8.049998264754112398e-01 8.000700681682937354e-01 8.130171022815240178e-01 8.074234183354741523e-01 8.125586816680693270e-01 8.117325992203372476e-01 8.105346378028409626e-01 7.993782189270760563e-01 7.996311197810569427e-01 8.040735439170797472e-01 8.047694091953911943e-01 8.080724165750654553e-01 8.143013078137804062e-01 8.086691735919114832e-01 8.007438959224483233e-01 8.117704700745367319e-01 8.001966103923496831e-01 8.006661625330683263e-01 8.078148563002953697e-01 8.095332787245662631e-01 8.062350855139734929e-01 8.112516429376798177e-01 8.046951162601788665e-01 8.160078322805429663e-01 8.014832245451142256e-01 8.053298497999273886e-01 8.075305901472407122e-01 7.922156598461165267e-01 8.052982966782222807e-01 8.020087110273339537e-01 8.047878428062849032e-01 8.102638957650707408e-01 8.096757677993403624e-01 7.922219171649984570e-01 7.958812633329528374e-01 8.053859435341286233e-01 7.816819340981935316e-01 8.097887785876992650e-01 8.050676637880009867e-01 8.027139597275309013e-01 7.885165263511136891e-01 8.061560560086441507e-01 7.960847618705910733e-01 7.983958621110138765e-01 8.024928414802481313e-01 8.117088617776526682e-01 8.024007575746395782e-01 8.145116683181881090e-01 8.082158274236987960e-01 8.003482486354103198e-01 8.183618099789343736e-01 8.122795638455239109e-01 8.088161077779175701e-01 8.175849844414098122e-01 8.150785137103633282e-01 8.119143296886817129e-01 8.140082566710168388e-01 8.074376867484351905e-01 8.076869930491669125e-01 8.211414069355699175e-01 8.058027350541269174e-01 8.147645630984874376e-01 8.185119146646003818e-01 8.169032094592271198e-01 8.128157888098126449e-01 8.101273346768347317e-01 8.108277431586187189e-01 8.094493263889115386e-01 8.076774679746341334e-01 8.094665385477133324e-01 8.087516917543896566e-01 8.098207546058994177e-01 8.111522136555950890e-01 8.119510663666499317e-01 8.066583595366388915e-01 8.091837773395408329e-01 8.079516263051539360e-01 7.962826895980121833e-01 8.069342058614877855e-01
9.223995938661806726e-02 2.000652475964128929e-01 2.933432905830369308e-01 5.322848429577790030e-01 4.542767941690936118e-01 4.496722909775907606e-01 7.140429823335524562e-01 1.000000000000000000e+00 7.195053402795663633e-01 6.650336077853948868e-01 7.170584729460830475e-01 7.699025170960513975e-01 7.059339029892740536e-01 6.889931984337100968e-01 7.897450429954813167e-01 7.770982274063816808e-01 7.114949191392788697e-01 7.071544082512866147e-01 7.179698119942379275e-01 6.158146069295742375e-01 6.819175153601767514e-01 7.197644616134881712e-01 7.128012888039400030e-01 7.141982024737995038e-01 7.029097606091168071e-01 7.684353255010389905e-01 7.641744405183643618e-01 7.652021931356854934e-01 7.303437694423886573e-01 7.517172834610410526e-01 7.778889024906150418e-01 7.893856079751198074e-01 7.728584926738689687e-01 7.781632529411127708e-01 7.554951045449543878e-01 7.617348374058051652e-01 7.757640351355756803e-01 7.954981805025911346e-01 7.909460561107102272e-01 7.912585265619476171e-01 7.880235851883601317e-01 7.909403512397689129e-01 7.835390510104754958e-01 7.918584682025155974e-01 7.849520248997788885e-01 7.856123157641443644e-01 7.879087260377459767e-01 7.920062227908665209e-01 7.901543999174415189e-01 7.991719191335919792e-01 7.987545346527289425e-01 7.717521815262707863e-01 7.885822687486668814e-01 7.893644544924739437e-01 7.903526689789367454e-01 7.954659850260209497e-01 7.949408230878105552e-01 7.899579797866230768e-01 7.998713787174217549e-01 7.887903228479451467e-01 7.989075616356940968e-01 7.866423052340064670e-01 7.890749441255279217e-01 7.915154664643651028e-01 7.810060562421876629e-01 7.914038241939472806e-01 7.885428033649831692e-01 7.910599242117178909e-01 7.925108172565278331e-01 7.806497027478482842e-01 7.843477333831879728e-01 7.870433708568165265e-01 7.844690348970919658e-01 7.792081189297068722e-01 7.952737442728926576e-01 7.936003127565670612e-01 7.948881062762777061e-01 7.852901870314326072e-01 7.910354915373742912e-01 7.852262590591614355e-01 7.860403870815809713e-01 7.896081877475108479e-01 7.975061086124553000e-01 7.868109401756420151e-01 7.932595390888521614e-01 7.865586494876848356e-01 7.907790937962091427e-01 7.969346112763384671e-01 7.906974938884061554e-01 7.941372873826160195e-01 7.941952389014819147e-01 7.930481548522781976e-01 7.928051584950619457e-01 7.934352049653374817e-01 7.867068745172239863e-01 7.898079308618634053e-01 7.941174309872063297e-01 7.930432452345149708e-01 7.938261719481782830e-01 7.972268536580568998e-01 7.904895280155789239e-01 7.937347391789851825e-01 7.885256795102825178e-01 7.896859016176617230e-01 7.917569642687209974e-01 7.896021223969118541e-01 7.912439742341541571e-01 7.909761109644117827e-01 7.935081769240033278e-01 7.915071849203378918e-01 7.930289352479562570e-01 7.889216208956995047e-01 7.877883578881988980e-01 7.893444607921917822e-01 7.835034552456411339e-01 7.904719120077036143e-01
1.805527843253086351e-01 2.125270284649165842e-01 3.463360621594354094e-01 5.745125860800562867e-01 4.565543588088052385e-01 5.344737269964796589e-01 6.941190338213241162e-01 7.195053402795663633e-01 1.000000000000000000e+00 7.508005355573250661e-01 7.833256662445942098e-01 8.156402588098372597e-01 7.543404963744357872e-01 7.494380233161794802e-01 8.350195625106050512e-01 8.246731951098388302e-01 8.074395628088471000e-01 8.019256278215188827e-01 8.192569907206943558e-01 6.036589907316028958e-01 7.640950278857913114e-01 8.282444857210851108e-01 7.998257089347834414e-01 8.148015583640122461e-01 8.035644099059999768e-01 8.622317568712669633e-01 8.463178260235304506e-01 8.590481661348116083e-01 8.473498564816270839e-01 8.657616610733283036e-01 8.742257696438002768e-01 8.537761483141265151e-01 8.540600755757375984e-01 8.450743498836716938e-01 8.524497157410533266e-01 8.378382204816107182e-01 8.685331548098921273e-01 8.523402501033972012e-01 8.688865760598711852e-01 8.394407333647198044e-01 8.629121668717839588e-01 8.553834316553170503e-01 8.294683548074199830e-01 8.577694219610868531e-01 8.610255957616995692e-01 8.614315807470396269e-01 8.627312518852751078e-01 8.719812128988583266e-01 8.614302881705887538e-01 8.473995054320112574e-01 8.591182840192146397e-01 8.284751625213712112e-01 8.619802870820323371e-01 8.767046517046744869e-01 8.696150505237196793e-01 8.710772615309672062e-01 8.706506213829540153e-01 8.653440110284742470e-01 8.641324749575588493e-01 8.767362700408619647e-01 8.656929498100548459e-01 8.709112156451768172e-01 8.576339982060972034e-01 8.711391775876882182e-01 8.707021364007956343e-01 8.795251010138003256e-01 8.695986956311702043e-01 8.733640167719298741e-01 8.699292586495723789e-01 8.351896895057452364e-01 8.667499733642899384e-01 8.737636486569843042e-01 8.654630670561577199e-01 8.740485437736212893e-01 8.728435791019096834e-01 8.766111986305666903e-01 8.722015133965236311e-01 8.726394734006016618e-01 8.692771259079372648e-01 8.782443029806780155e-01 8.761661255005510629e-01 8.768317883724837669e-01 8.752055762460533295e-01 8.701476271488500780e-01 8.606165613706155959e-01 8.610895340177062707e-01 8.773836100020208084e-01 8.632866933227513195e-01 8.672971373736384493e-01 8.688284634938323592e-01 8.635436112574479406e-01 8.617025443036236965e-01 8.696545901346313112e-01 8.632043739084628298e-01 8.630254421006521293e-01 8.665058706599251259e-01 8.450095470021407040e-01 8.658520072498191444e-01 8.634543934162099976e-01 8.595871780390370587e-01 8.546382135281449521e-01 8.601377835831433005e-01 8.648724428785369289e-01 8.598524109804310811e-01 8.665215985220510175e-01 8.659026641804150604e-01 8.669557357126572716e-01 8.687990022105795962e-01 8.653571430947140097e-01 8.643888955004616070e-01 8.608569424337180198e-01 8.715384209197369891e-01 8.643213441963116805e-01 8.659507076760178945e-01 8.737054519711366929e-01 8.736698387326432558e-01
1.053687783774452935e-01 2.218229308237219533e-01 3.180780127261548240e-01 5.358462573171377530e-01 4.347407625051563085e-01 5.115905584470371581e-01 6.810251911531968183e-01 6.650336077853948868e-01 7.508005355573250661e-01 1.000000000000000000e+00 7.361844452091790281e-01 7.837125972975036436e-01 7.103343977084061178e-01 7.207176176245997379e-01 8.017300212085974875e-01 7.813340465050491179e-01 7.388302354073871259e-01 7.320287348143752482e-01 7.474940093408817265e-01 5.672445822034481999e-01 6.860100768230324997e-01 7.479001254241257612e-01 7.485720650618882255e-01 7.404944772554488130e-01 7.269329909460584549e-01 7.990668947140135980e-01 7.884190391426704192e-01 8.034156410450511432e-01 7.824005392065971343e-01 7.985447827860883141e-01 8.169689462741633879e-01 8.142344702937109879e-01 8.059784862234917746e-01 7.969824722512998116e-01 7.962178698031763258e-01 7.861976193534651047e-01 8.126724351648476619e-01 8.156483346486571584e-01 8.206750078571490858e-01 8.133600206129504295e-01 8.162836330436139542e-01 8.165387877803527150e-01 7.887985706331825941e-01 8.118149915357629753e-01 8.132930084707862273e-01 8.127199575597300329e-01 8.173554408276744176e-01 8.268331745346421124e-01 8.162546560389344341e-01 8.057518620740519166e-01 8.146514106809433775e-01 7.843425688393399486e-01 8.091654793439441162e-01 8.228893880911541947e-01 8.166526566503163886e-01 8.279845488700696698e-01 8.150252590835195265e-01 8.157148461640936210e-01 8.207670641224640296e-01 8.183716091310345719e-01 8.153273362543838054e-01 8.146488164590928172e-01 8.094226556910667503e-01 8.169067184810374638e-01 8.112475762978023086e-01 8.205021738349902449e-01 8.196489187122627529e-01 8.245864745589612799e-01 8.229876292844165997e-01 7.869641290590168037e-01 8.096115330335595939e-01 8.216051134347781559e-01 8.146680770040702901e-01 8.121859774339291738e-01 8.238402328031301236e-01 8.247939595182294248e-01 8.262240295582277128e-01 8.238527073156628466e-01 8.222010950041387378e-01 8.212575819442706759e-01 8.244640965373585262e-01 8.248642803126589040e-01 8.283669972987139918e-01 8.240117831720735753e-01 8.181100435574446550e-01 8.203663477917628732e-01 8.251091898997374718e-01 8.234399950580010286e-01 8.229054473409329606e-01 8.241838761140536374e-01 8.252055115936837160e-01 8.207535724276733280e-01 8.225559986667269063e-01 8.206176615476881153e-01 8.197307069069007524e-01 8.224094733158581194e-01 8.066506019872728972e-01 8.140237360105616604e-01 8.209063396087724618e-01 8.177638702252746361e-01 8.144012050815587767e-01 8.167837872902470320e-01 8.166588947198814008e-01 8.146208362006209791e-01 8.196133366304347856e-01 8.171108266116576813e-01 8.204421044054934775e-01 8.231371847511342876e-01 8.220749284117976341e-01 8.192381354856597131e-01 8.210462223342915866e-01 8.222362064248971425e-01 8.181207270293638922e-01 8.180465183807340557e-01 8.191817416753380821e-01 8.222366168056677305e-01
4.558266060662143765e-02 1.826723034245771315e-01 3.533967429003241345e-01 5.610879475074057599e-01 4.386187899338023222e-01 5.358882564670411908e-01 7.142012060066051937e-01 7.170584729460830475e-01 7.833256662445942098e-01 7.361844452091790281e-01 1.000000000000000000e+00 8.428660334739523918e-01 7.676520205150815235e-01 7.716279305257754961e-01 8.637741954301431102e-01 8.362859081192306476e-01 7.949111898920107055e-01 7.870681392158609402e-01 8.097355974229397679e-01 6.339369076565327665e-01 7.629300872753335128e-01 8.076820739962721207e-01 7.698293485776173117e-01 7.838107802560534410e-01 7.727201027915920895e-01 8.356319016947686418e-01 8.439714254959275186e-01 8.412358983059466944e-01 8.228479659916638767e-01 8.465824427375823191e-01 8.650933559904232517e-01 8.645864257004065578e-01 8.340727785488000201e-01 8.484351014817071990e-01 8.486723198210135433e-01 8.303771328987017419e-01 8.629349095563496608e-01 8.709694343609518663e-01 8.741721560019721782e-01 8.602113268591771167e-01 8.747839157499347484e-01 8.723962866237957581e-01 8.518599800655999310e-01 8.793021072201818722e-01 8.747823586315252031e-01 8.744381701288047593e-01 8.855307700156477280e-01 8.881562464515299071e-01 8.849306955004400121e-01 8.703556070147273616e-01 8.748223744153259540e-01 8.459308662017539504e-01 8.698963232301809567e-01 8.784316910827829616e-01 8.738162113672491849e-01 8.753870271580133089e-01 8.748218861906237320e-01 8.765765741350767248e-01 8.795980007663309896e-01 8.819460819239722804e-01 8.794733213996055454e-01 8.815194378927951879e-01 8.772432214764718239e-01 8.810316897923616830e-01 8.756371156792521759e-01 8.826936649867994644e-01 8.885319306805057327e-01 8.881924088936768991e-01 8.798898052909478462e-01 8.653147500533520109e-01 8.822849346861199038e-01 8.840289366231013357e-01 8.779266398764850043e-01 8.751688486472923856e-01 8.867337803741860425e-01 8.882217520162597468e-01 8.866372369212421889e-01 8.862452006708049224e-01 8.853267539217899440e-01 8.872681472759769150e-01 8.871957314046954313e-01 8.899433878946917398e-01 8.878706045530165847e-01 8.863125476380534495e-01 8.857829871352056461e-01 8.836991425459437277e-01 8.861523012383196729e-01 8.862776276769817052e-01 8.878930331930912079e-01 8.861012007930566536e-01 8.853443265870295509e-01 8.862945746593211549e-01 8.889418929758141630e-01 8.866234355635398412e-01 8.877945456195808216e-01 8.894307116724301521e-01 8.789825644686306561e-01 8.863706054590811956e-01 8.896455327990027140e-01 8.861554659306564163e-01 8.841651374026827659e-01 8.892522509047136037e-01 8.857398211941435173e-01 8.862804471351558577e-01 8.884765642211532866e-01 8.858636514575422005e-01 8.912067406493148214e-01 8.889484548733259661e-01 8.879075738481719826e-01 8.873905599217639661e-01 8.881393662880001649e-01 8.889559497244334807e-01 8.878979635133360526e-01 8.898452243530329264e-01 8.868571171533035091e-01 8.887771949822241835e-01
4.023587452248931357e-02 1.901930128705728862e-01 3.402358286489499672e-01 6.161225862655554941e-01 4.796171667214771395e-01 5.638741632934604064e-01 7.901305536018854436e-01 7.699025170960513975e-01 8.156402588098372597e-01 7.837125972975036436e-01 8.428660334739523918e-01 1.000000000000000000e+00 8.128694586923779219e-01 8.099835066672848027e-01 9.175003136933470582e-01 8.899070128982755623e-01 8.284170211802149852e-01 8.139106469150190204e-01 8.464687602857233761e-01 6.993609512098797332e-01 8.034802625569409384e-01 8.443394724755404201e-01 7.956336874414207117e-01 8.158165829624031140e-01 8.115130692603099716e-01 8.861197841809471676e-01 8.793880853615861914e-01 8.824709886131664183e-01 8.374485622698137899e-01 8.805735154880752757e-01 9.102247662236789827e-01 9.062272480529295349e-01 8.759118248121301464e-01 8.895289474492342752e-01 8.808106810493404604e-01 8.804734672230060122e-01 8.966123532273426733e-01 9.222712226340423758e-01 9.245853682633693449e-01 9.186743778218010581e-01 9.228195150524222123e-01 9.293184884610017349e-01 9.191560506318396939e-01 9.325488446949149468e-01 9.247608822566801834e-01 9.254422802795696512e-01 9.289975296890123913e-01 9.301856070738830917e-01 9.326792098289545807e-01 9.247958588590915463e-01 9.261002336755822517e-01 9.030481252774710255e-01 9.251430263417435018e-01 9.210523874322887883e-01 9.212739991099865300e-01 9.228437048317913449e-01 9.237906941515792170e-01 9.270807184251682598e-01 9.309366710832905900e-01 9.279580397236245615e-01 9.323458005047912112e-01 9.288240881394067561e-01 9.259540986471146429e-01 9.310608977265413255e-01 9.197427522863493854e-01 9.256869029587557751e-01 9.303254763775561376e-01 9.289868670506767900e-01 9.211349753631558057e-01 9.170184517849233607e-01 9.263020489632997068e-01 9.271045372407541452e-01 9.193455912783136119e-01 9.192902195036638524e-01 9.342207748395283673e-01 9.313204973517078544e-01 9.287713649428718243e-01 9.202631283597076939e-01 9.284209966723896423e-01 9.269775334370724540e-01 9.285425086680206830e-01 9.314460761076800432e-01 9.302258513939692941e-01 9.263620973657961111e-01 9.293187307915736772e-01 9.248086328683564616e-01 9.278038468733857957e-01 9.350781941389703089e-01 9.348129297504687019e-01 9.299304636706696714e-01 9.336853609994187897e-01 9.359353212210370643e-01 9.356195986090831695e-01 9.361401666975001090e-01 9.328139667466561757e-01 9.335832020594879710e-01 9.311911170353012190e-01 9.283299711011830935e-01 9.352283207900331519e-01 9.347715702814195504e-01 9.341945845255115177e-01 9.343677256205810133e-01 9.320560363642691470e-01 9.342822517198950960e-01 9.337762376897665861e-01 9.294611440095169597e-01 9.335848903891710293e-01 9.330141750829176184e-01 9.334775216006299114e-01 9.356943026351544068e-01 9.343306649308176226e-01 9.330734784801997250e-01 9.325778838327036802e-01 9.337585251020422694e-01 9.282829724716151754e-01 9.319543601875298622e-01
2.745768070609746342e-02 1.369713093483149735e-01 3.292025890901892349e-01 5.517418015368028561e-01 4.465476375652835395e-01 5.156185616540276406e-01 7.126931698973012486e-01 7.059339029892740536e-01 7.543404963744357872e-01 7.103343977084061178e-01 7.676520205150815235e-01 8.128694586923779219e-01 1.000000000000000000e+00 7.499479293681005077e-01 8.384184100210625434e-01 8.377158861843612137e-01 7.492201795243134121e-01 7.314814182167981294e-01 7.679533045456006235e-01 6.212924662510868057e-01 7.197649717113661083e-01 7.706066310222219329e-01 7.225884072855516260e-01 7.339917376347158129e-01 7.327916366141654647e-01 8.060876306593067753e-01 7.965171936911145112e-01 7.976793599530975776e-01 7.643204028358059343e-01 8.003930894803644724e-01 8.243912547566289994e-01 8.253027188892061439e-01 7.931442020366703538e-01 8.109151923650704807e-01 8.115125126967752678e-01 7.888060755233120558e-01 8.163592113380113702e-01 8.373176078929274180e-01 8.445962195311912390e-01 8.315387513147636245e-01 8.485430774357107797e-01 8.443185846087659652e-01 8.368946602025088000e-01 8.543456186698913379e-01 8.428663607663476887e-01 8.462688388964184627e-01 8.587880248447352649e-01 8.584462382466505614e-01 8.569084155144448545e-01 8.346290910979200506e-01 8.360681740153210750e-01 8.268887660959854946e-01 8.518258293250430269e-01 8.522836840732774810e-01 8.464017869874361777e-01 8.434869829883370196e-01 8.506003211328092561e-01 8.539146543537226020e-01 8.480571692434836217e-01 8.623626997861930654e-01 8.548801955794554930e-01 8.604051743791290008e-01 8.548818056590644643e-01 8.546998281931277308e-01 8.459647282390259093e-01 8.566605894126265719e-01 8.563267818948521182e-01 8.521150825923384797e-01 8.473288824861842095e-01 8.377870446196712395e-01 8.489955273480652709e-01 8.522562297310524171e-01 8.454335776322462470e-01 8.421601241248121150e-01 8.573660382458107021e-01 8.520671844033851361e-01 8.502984192337305069e-01 8.427611550609210855e-01 8.514776426295702638e-01 8.472289400953944005e-01 8.500508555062376015e-01 8.545100229374824607e-01 8.531191472992702973e-01 8.523381187428020755e-01 8.522680429849718298e-01 8.529195218116938371e-01 8.514401735196127641e-01 8.579557408926756779e-01 8.595482558966319742e-01 8.550884770443571981e-01 8.554874116489902258e-01 8.602302286125654840e-01 8.597063815596804881e-01 8.607615398329140355e-01 8.605157559355093300e-01 8.611742819904060209e-01 8.493557800020470339e-01 8.499698496662293490e-01 8.590834377865668170e-01 8.542207680357040145e-01 8.581243850814637142e-01 8.562255353303761529e-01 8.609091555844787802e-01 8.604968976959730398e-01 8.577250101378768310e-01 8.568251139300079311e-01 8.605563315426046911e-01 8.593694575507865308e-01 8.588724715577843449e-01 8.597578881039292797e-01 8.574127812337655197e-01 8.637645417359153255e-01 8.625913437143238882e-01 8.599393046343752900e-01 8.559764511571863466e-01 8.596377146797206104e-01
