1.000000000000000000e+00 1.332359443111111041e-01 4.189732112571218497e-02 -6.999191816728013438e-02 3.585814743737349153e-02 -1.548037940607472707e-03 -2.180026917177436963e-02 -1.737774472099865714e-02 1.540396420200452754e-01 4.504144626500349025e-02 1.463345209554121201e-02 -3.823041686793442889e-02 1.852208927960239185e-02 -1.657548447280785334e-02 -2.040321188549727369e-02 -1.240985551683245619e-02 7.767844598478623741e-02 6.483185643849651014e-02 7.796444029623934846e-02 -1.500211923254601669e-02 -3.623461932342394304e-02 6.536288015902259885e-02 5.026016888137791599e-02 7.468178094764629793e-02 8.948411733356330389e-02 1.085320304158362559e-01 5.947585338873855737e-02 4.894523299333370520e-02 9.378737131614733880e-02 1.334545777997442895e-01 5.887044589683121387e-02 1.113509870823003274e-03 -1.599306297176798439e-02 -9.839190011978627554e-03 2.950033042102947686e-02 -3.398521091942321645e-03 1.882390832746209247e-02 -6.096787760038462067e-02 -8.936070733815496545e-05 -8.007971256665280535e-02 7.295077361908727451e-03 -3.100113888237607945e-02 -3.534697750117341691e-02 -1.560250623876655376e-02 5.531624759145362634e-03 1.834994108123967843e-03 -2.031857443841848798e-02 1.611323132034576597e-02 -1.882430208981544090e-02 -5.021172550451553918e-02 -5.514900739586786615e-02 -3.304662323597902518e-02 -1.649847702404075300e-02 2.940316584356134424e-02 1.162845667174749152e-02 1.825404206345765650e-03 5.284810274426156307e-03 2.878852452231471125e-04 -2.914059935591539058e-02 2.018628386726728161e-02 -1.515433513479389274e-02 3.090637946555710360e-03 -2.809463375904397778e-02 1.538814167927455255e-02 5.260173139127839043e-02 3.256027810598509376e-02 2.830492018946413613e-02 3.490357973460308377e-02 5.117091031257971212e-02 -3.751594925013002849e-03 7.661752893924900221e-03 3.589007240052371345e-02 3.820394852541402625e-02 2.947249781130666796e-02 3.564538571403086387e-02 2.875497864926297373e-02 2.254122025487917402e-02 4.831481456860928225e-02 3.649764061700187107e-02 5.575200594454173680e-02 3.464135262957033362e-02 2.504024713792075973e-02 2.141938388730322065e-02 2.260242208429701083e-02 -1.401855840972664191e-02 6.488282418508006626e-03 1.170648586114689423e-02 -2.585103486366990139e-03 5.902331297204836506e-03 3.418537175907798015e-02 -2.403862943746912575e-02 -1.227125935884274942e-03 1.652043018122016866e-03 -2.289082751002187964e-03 -1.378667577935945281e-04 1.395595222209778351e-02 -3.876734427483708584e-02 1.653385918335886079e-02 -3.458547395456063912e-03 -1.951076899425277511e-02 -1.390777674707179522e-02 -8.136069758001639868e-03 4.824193484541283022e-03 -4.429954668179363238e-03 1.183857611051256781e-02 2.200624768971784148e-02 5.344520561595086580e-03 2.721969837118168659e-02 2.932944608510697562e-02 1.162993287813623294e-02 -7.235653634923241463e-04 1.751504543527306404e-02 1.131607349120460244e-02 1.989389754997338000e-02 3.564460989713119643e-02 2.753116687272182464e-02
1.332359443111111041e-01 1.000000000000000000e+00 9.083132571009405395e-03 -6.753835742122248076e-02 7.243592726850077435e-02 9.256503100327961864e-02 1.165514117924914272e-01 5.717928399017461333e-02 1.604221919940805874e-01 1.695609875381023646e-01 1.350901254867251933e-01 7.927394443979046690e-02 1.092767470570142618e-01 9.897996614650164671e-02 1.237360786221064907e-01 1.051962570497083915e-01 1.284279447309450151e-01 1.007111410833510939e-01 1.604151996751863596e-01 2.614317477704019774e-02 -2.043216667193661212e-02 1.166580315919606287e-01 1.852180180860037439e-01 1.511457202773858477e-01 1.754317483389881138e-01 2.064914687554322281e-01 1.643119574939300720e-01 1.995438847800083404e-01 2.328655378845146118e-01 2.490382882713601531e-01 1.992020224899856973e-01 1.409601776710383558e-01 1.427299994143240436e-01 1.323198780243176331e-01 1.673442131368248487e-01 1.092063126436363940e-01 1.779806902516859468e-01 1.263376760518511721e-01 1.539810091220790156e-01 1.054716876936144104e-01 1.539467725866787151e-01 1.402262755155493923e-01 1.212364038109532277e-01 1.253073060178835907e-01 1.420449629323734253e-01 1.668894803652990200e-01 1.429575626297912017e-01 1.578246491417097386e-01 1.277281829564770321e-01 8.028679857908049833e-02 1.100539538609051071e-01 4.716863337571803455e-02 1.029818977384324569e-01 1.667905003982621259e-01 1.546844827001414846e-01 1.692463468556753559e-01 1.033429498684394904e-01 1.387221512774125531e-01 1.320482741603898058e-01 1.419119912065312794e-01 1.295688205575080132e-01 1.368015561464409890e-01 1.210858773513009551e-01 1.281223847442565789e-01 1.181740026592280612e-01 1.336504187282049894e-01 1.546280548882408012e-01 1.636278669377327910e-01 1.818236310532742039e-01 1.147184003165633293e-01 1.361547528028851373e-01 1.626173495031248695e-01 1.685360287690456094e-01 1.711843298183179374e-01 1.794314815137088015e-01 1.709720950579937671e-01 1.814193794893289580e-01 2.045286602572521373e-01 1.958213396077259638e-01 2.010388247989328414e-01 1.879771039869956306e-01 1.792863999758399496e-01 1.498137134062326459e-01 1.762006510528887904e-01 1.396744338614705205e-01 1.522203666281177481e-01 1.613979165707756791e-01 1.592669512282872402e-01 1.679548099470191125e-01 1.832561566194639002e-01 1.546514993699105722e-01 1.534594770272811326e-01 1.512982699088427918e-01 1.594524587286894335e-01 1.500552556719732256e-01 1.600576219646883402e-01 1.062146963307299963e-01 1.126977969340134667e-01 1.400784462034481981e-01 1.357898250855547606e-01 1.376917299267017003e-01 1.282534678743657008e-01 1.300921940130628784e-01 1.363068363552979168e-01 1.232498862286847824e-01 1.289507294058876430e-01 1.376066917040957016e-01 1.726333075023242791e-01 1.702564062471288442e-01 1.473608389166729815e-01 1.494432484010184969e-01 1.494693401687340883e-01 1.461552695862722018e-01 1.414539381087479564e-01 1.393630360262635981e-01 1.469821906518682664e-01
4.189732112571218497e-02 9.083132571009405395e-03 1.000000000000000000e+00 3.194861926498926974e-01 1.788639875787311484e-01 2.747015810066529284e-01 3.468351495808137397e-01 3.311146849088440480e-01 3.175186501472261336e-01 3.117636282495363509e-01 3.820953658669893338e-01 3.666480713025565552e-01 2.863389757818426973e-01 3.219210516049838544e-01 3.690444671445682334e-01 3.639418319679769698e-01 3.311867048239511835e-01 3.648416117246066626e-01 3.707661117232426418e-01 3.342837714416907469e-01 3.757307140777044752e-01 3.887490157892223297e-01 3.481239661488003123e-01 3.327415160020114615e-01 3.324938862952983576e-01 3.634532474690313486e-01 3.868547130427903991e-01 3.847085736854085614e-01 3.395541050596636579e-01 3.405573612128827699e-01 3.819612538507630717e-01 4.025378453648510990e-01 3.842580492878091003e-01 3.963965980152816537e-01 3.921817863028299045e-01 3.940941976435072824e-01 3.812773212493708042e-01 3.849905562360338984e-01 3.879667884279326961e-01 3.755458841655763824e-01 3.793752716546831549e-01 3.781389011916231335e-01 3.762499667930533365e-01 3.843128723454987683e-01 3.897612031218539719e-01 3.689656853451882546e-01 3.613700153063187370e-01 3.583461904846841906e-01 3.784777546772989387e-01 3.936929445338219757e-01 3.851375407895052949e-01 3.647851851445739757e-01 3.722283336482647420e-01 3.489692377569930115e-01 3.479669527049873978e-01 3.577648189487278585e-01 3.634279197057386224e-01 3.559513801637558816e-01 3.585002728898694091e-01 3.515708626696479322e-01 3.702307369942437476e-01 3.549706069417468690e-01 3.604273452716680315e-01 3.620429615122106592e-01 3.605448411531625430e-01 3.544587908994560888e-01 3.632593796100043737e-01 3.786842942970330972e-01 3.717365237669759681e-01 3.825239970674649825e-01 3.880621290230050757e-01 3.764709789960458686e-01 3.683197906045413972e-01 3.698087277143682905e-01 3.675018197882232718e-01 3.758309919307857294e-01 3.753106515751056804e-01 3.553707216925700574e-01 3.683533523566768220e-01 3.701017567577220002e-01 3.769089508045501691e-01 3.707548763695416305e-01 3.726610211495629543e-01 3.737593273771143698e-01 3.833844438609120275e-01 3.752644344722328440e-01 3.743214639835588664e-01 3.684472495382838386e-01 3.651353142508946825e-01 3.574345892675447334e-01 3.721408218595952389e-01 3.748392480682604666e-01 3.719624099150222185e-01 3.647792265065450401e-01 3.582656382574327392e-01 3.577645631850651098e-01 3.766301159128704334e-01 3.670150240908378048e-01 3.652323993570852356e-01 3.775799105205984163e-01 3.711869212420524922e-01 3.636679857755949485e-01 3.655968739701455084e-01 3.713329594864084315e-01 3.719548217385584832e-01 3.522494026499812247e-01 3.667636847160988256e-01 3.522622274964525291e-01 3.556127691591383644e-01 3.637509547322475001e-01 3.571237441992989869e-01 3.552813845823604710e-01 3.568335589550791220e-01 3.580180707748286117e-01 3.572038675415253328e-01 3.542868509580429648e-01
-6.999191816728013438e-02 -6.753835742122248076e-02 3.194861926498926974e-01 1.000000000000000000e+00 3.395482355967401333e-01 3.655792838714903015e-01 5.544569187813314093e-01 5.734667277850514777e-01 4.134532122120357367e-01 4.310086526012865682e-01 5.150395775177991631e-01 6.239792998010973424e-01 4.701825738832157153e-01 4.717399136594592202e-01 5.658678417681526351e-01 5.774793787315317672e-01 4.485528256789766410e-01 4.583502185731378464e-01 3.873287886791171863e-01 5.742531396164017865e-01 6.433096322010799506e-01 4.581608459521673837e-01 3.424191753190374832e-01 3.397768747947133572e-01 2.938345771545335383e-01 4.076486820557507773e-01 4.680257531965460460e-01 4.081758595945160217e-01 3.046667731236363807e-01 2.867759768732956460e-01 4.357485767398615595e-01 4.895535293183786441e-01 4.591766160091801385e-01 5.036812400240944232e-01 4.277049600611916857e-01 5.469845228307587126e-01 4.381776868376113243e-01 5.233299946018127313e-01 5.035111734956788654e-01 5.290142548884573248e-01 5.081974862218716638e-01 5.260881567123371072e-01 5.493235787780944568e-01 5.649141905823316101e-01 5.265083465003446150e-01 5.051015946372048315e-01 5.294708204013431896e-01 5.105738162950725911e-01 5.415526437142644811e-01 5.861175447752620116e-01 5.669775495320844572e-01 6.267421706640156076e-01 5.811358199811277325e-01 4.797371547976421180e-01 4.718591636447809212e-01 4.453812851097297409e-01 5.643820047618186564e-01 5.282936331137700892e-01 5.341619250611017167e-01 5.410426239749284161e-01 5.598378108328302405e-01 5.441843146157908651e-01 5.494217816351085748e-01 5.595557687871128838e-01 5.485832331026657682e-01 5.495990818173637216e-01 5.120329784858136390e-01 4.855740012992832977e-01 4.525483275244626125e-01 5.826162078683306822e-01 5.353067252323759906e-01 4.868898369172706686e-01 4.556042530878394170e-01 4.571401080397832772e-01 4.802416662706242567e-01 4.886090156378093963e-01 4.677560839990583252e-01 4.238889265133103934e-01 4.503334020183250019e-01 4.389434424910227950e-01 4.646792034263758642e-01 4.799124192560834112e-01 5.066301654049273351e-01 4.660093598591920072e-01 5.278767710423560855e-01 5.026511581095589598e-01 4.967353849410515165e-01 5.093672577853602945e-01 4.916908526824035341e-01 4.602394484134023078e-01 5.034925588684880937e-01 5.218371600267912580e-01 5.258600226614595918e-01 5.071563553579986339e-01 5.196546589637676128e-01 5.094072790197941014e-01 5.654215029303720774e-01 5.747417019736689170e-01 5.428301149357285249e-01 5.359502144805373680e-01 5.401746674873800780e-01 5.541410425237132120e-01 5.487195081443143607e-01 5.492713063025990161e-01 5.604041422398503558e-01 5.452789696737768699e-01 5.400238206643176442e-01 4.864273522229730640e-01 4.841579653146753093e-01 5.298713397444377859e-01 5.230622103912131449e-01 5.317141817708341822e-01 5.356231076569218930e-01 5.417297176759937605e-01 5.364628916707141482e-01 5.368702873237997109e-01
3.585814743737349153e-02 7.243592726850077435e-02 1.788639875787311484e-01 3.395482355967401333e-01 1.000000000000000000e+00 3.144047200600119107e-01 4.368938834852411079e-01 4.539681315644752413e-01 4.443001362742762805e-01 4.123777829780693183e-01 4.351464381069054532e-01 4.791303767809807490e-01 4.861672490570203009e-01 4.386631597912741265e-01 4.982947713302029458e-01 4.897578266910574962e-01 4.441137301828572692e-01 4.098529034737472543e-01 4.048199468109555665e-01 3.635183920906858157e-01 3.932413326963390965e-01 4.050958199306439744e-01 3.840017355979862268e-01 3.646153147287717333e-01 3.616266308348454195e-01 4.544567335078654735e-01 4.482554340283325667e-01 4.203758838459235037e-01 3.889946015984583338e-01 3.954029540878984395e-01 4.509441872220041891e-01 4.411939002481242156e-01 4.279093354489599821e-01 4.440914023428205182e-01 4.119458385099770692e-01 4.452991521249349827e-01 4.242045718062453785e-01 4.592801306784843329e-01 4.670105994605533439e-01 4.463850589502684207e-01 4.796853586308395534e-01 4.764395770830349708e-01 4.746935606597253443e-01 4.958076243828546947e-01 4.817616711937519614e-01 4.759691180341517613e-01 4.882699865014183405e-01 4.880107978648835498e-01 4.779154057343084627e-01 4.688323312935339660e-01 4.696632550202603507e-01 4.897823756627097680e-01 4.954177487854771189e-01 4.769143380017633604e-01 4.624476758449150848e-01 4.652670868805247606e-01 4.766164686198950950e-01 4.926681472729267930e-01 4.724537585925189798e-01 4.989895917404643111e-01 4.866672638082309432e-01 4.869613751971614835e-01 4.788508660821501062e-01 4.936280861572370782e-01 4.941522148027268080e-01 4.949879068485229516e-01 4.880871633663083631e-01 4.773325833147235575e-01 4.632237293938656353e-01 4.853645867293009397e-01 4.812436791176939455e-01 4.859535202489869143e-01 4.547458580336717904e-01 4.645297406338249058e-01 4.832890137847740686e-01 4.793972897579084069e-01 4.666039762736013397e-01 4.530557797235923445e-01 4.669291759294437738e-01 4.656361971848009818e-01 4.685624580597144706e-01 4.831596060782007984e-01 4.808820918628524121e-01 4.629821800150223932e-01 4.848859711561476771e-01 4.777973386422165736e-01 4.804763189647480726e-01 4.860009740018637614e-01 4.824706242335016770e-01 4.736558333141872024e-01 4.732883309451599296e-01 4.901396654740786119e-01 4.924803989812320815e-01 4.881274929901526227e-01 4.921920052609897178e-01 4.926973682503067997e-01 4.983399446974079439e-01 4.979526358273575481e-01 4.971514144299032378e-01 4.918523563896656237e-01 4.977043952823459461e-01 4.994323617203373922e-01 4.998376967142350025e-01 5.030556747546426344e-01 5.022643448129382460e-01 4.967379702795682306e-01 4.986176508673390018e-01 4.883758490009053044e-01 4.867934825495841000e-01 5.003568793640034151e-01 4.941001284652569159e-01 5.003811149569962202e-01 4.982290060662865616e-01 5.004985395809298243e-01 4.973478405161298466e-01 4.989132822389752420e-01
-1.548037940607472707e-03 9.256503100327961864e-02 2.747015810066529284e-01 3.655792838714903015e-01 3.144047200600119107e-01 1.000000000000000000e+00 5.550890147113068940e-01 4.914345441664110248e-01 5.254528750219821243e-01 5.228489313684798745e-01 5.825174908147482400e-01 5.934175121051973312e-01 5.308545483686961663e-01 5.514396176585324438e-01 6.096074227856103089e-01 5.947604102430434914e-01 5.296462028040616055e-01 5.241845398546718382e-01 5.480751534986392226e-01 4.522631572662629829e-01 4.894452385573103692e-01 5.444458851576476910e-01 5.336227071380472697e-01 4.924204316060405984e-01 5.060863785850848728e-01 5.830051946232486237e-01 5.910651195626510646e-01 5.759946913372191446e-01 5.379811124350503126e-01 5.535426727914298795e-01 6.051660534415387316e-01 5.839771683274259662e-01 5.652552829855761463e-01 5.858686656864920961e-01 5.651278034822280194e-01 5.867023837510684237e-01 5.971493252673900631e-01 5.919337272635861735e-01 6.064696591614351373e-01 5.868813815013176338e-01 6.139618270145620338e-01 6.096338403850799503e-01 6.070063245305578059e-01 6.180617636642899981e-01 6.175624524955107830e-01 6.175842296232533224e-01 6.126920230454133698e-01 6.149398844738714898e-01 6.082135866427309523e-01 5.882466929893543917e-01 5.989125253752339839e-01 5.902121023101123409e-01 6.054764131369184677e-01 6.082220673971145963e-01 5.989368056299041454e-01 6.051221358064793332e-01 6.046214400658522781e-01 6.153622613318373569e-01 6.077314745457580436e-01 6.184608280740901964e-01 6.169018677502197123e-01 6.136126756761141054e-01 6.069262228679420668e-01 6.129804120111229659e-01 6.055301891503180878e-01 6.128486791032259351e-01 6.176112186035425111e-01 6.160762783483758609e-01 6.032906843986147738e-01 6.151014079641005106e-01 6.171509190766661934e-01 6.188284518933013789e-01 5.959754357700274285e-01 6.069428718642809750e-01 6.182403684184422099e-01 6.196462113387046777e-01 6.132850920018423357e-01 6.028749392132829454e-01 6.084573810707236685e-01 6.098719184399167270e-01 6.145170492037176357e-01 6.201408400999967041e-01 6.182417506513907535e-01 6.104309352459085236e-01 6.125564838897942233e-01 6.152837623458597971e-01 6.196274527072342941e-01 6.158059663702063480e-01 6.198460527281874910e-01 6.132217809857071211e-01 6.183093310354825789e-01 6.231749765006459052e-01 6.249843989376695497e-01 6.199068315874293189e-01 6.180470659335811634e-01 6.207630471032611341e-01 6.084966207034943064e-01 6.093096424285098234e-01 6.133984292396349458e-01 6.120200168467120339e-01 6.229228680794554052e-01 6.129040653981679965e-01 6.196198499156650996e-01 6.230427022574547280e-01 6.199446293578351197e-01 6.140099319500105235e-01 6.159149122738435400e-01 6.138269770467366104e-01 6.152877164478671723e-01 6.207586136962667256e-01 6.175141480548557160e-01 6.201477066457669052e-01 6.182397214955035469e-01 6.180668239050303159e-01 6.165506479439789578e-01 6.185174872118907041e-01
-2.180026917177436963e-02 1.165514117924914272e-01 3.468351495808137397e-01 5.544569187813314093e-01 4.368938834852411079e-01 5.550890147113068940e-01 1.000000000000000000e+00 7.088716555582917911e-01 6.813697325610619249e-01 6.923309108763394670e-01 7.579830122805237824e-01 8.034966324318773001e-01 7.023863620363539617e-01 7.354646886687926655e-01 8.529343697633295918e-01 8.221168872307776931e-01 7.052092707893685697e-01 6.646979936821911794e-01 6.851610182594967124e-01 6.336975359185672563e-01 6.662158167195534331e-01 6.809523073017398342e-01 6.624019005661722082e-01 6.080690786656465230e-01 6.074217983925146447e-01 7.376571526599722262e-01 7.493283780134517569e-01 7.345550229347899140e-01 6.648762772041274527e-01 6.567119122337310433e-01 7.779641264922233512e-01 7.830521577441976744e-01 7.404615729757491049e-01 7.875641220302129764e-01 7.222166448078478629e-01 7.813566417816592002e-01 7.513157415797333538e-01 8.099156804217699790e-01 8.083910995090048957e-01 7.857911382582251081e-01 8.043181078784841231e-01 8.158033286878092483e-01 8.197050529410401243e-01 8.342214497332930412e-01 8.135651723148565884e-01 8.152603932080523252e-01 8.225200709452340497e-01 8.147009410711975042e-01 8.215493414034027442e-01 8.155268683657979079e-01 8.250993525400730499e-01 8.076173893869740272e-01 8.221031581787164866e-01 7.899563076377156268e-01 7.765895200777030993e-01 7.766775657933508992e-01 8.007782230732252149e-01 8.153690554770647303e-01 8.140354747223016441e-01 8.195841765923941313e-01 8.242015037065356653e-01 8.152633238485870182e-01 8.054981282752988747e-01 8.173233336065082177e-01 8.014658757465087380e-01 8.104642274949193093e-01 8.174755504603794520e-01 8.007460053387697174e-01 7.883025968157971741e-01 8.180076237908963099e-01 8.093139154380293299e-01 8.028443503536336623e-01 7.758765641855188688e-01 7.797781506101704174e-01 8.042320334638568546e-01 8.044445330723012377e-01 7.948934734132664381e-01 7.691955282287553652e-01 7.941783591789836061e-01 7.816911367064189875e-01 7.900578342826516387e-01 8.053566263777223178e-01 8.103772225813116181e-01 7.909591526927910454e-01 8.170640996769679143e-01 8.129523984268790526e-01 8.115671266766829595e-01 8.207300198793622270e-01 8.145674122305176512e-01 7.932154303568001996e-01 8.127129527217648031e-01 8.259010535521235097e-01 8.246999129977337084e-01 8.223190341849007101e-01 8.216017624275758768e-01 8.168380757992824703e-01 8.211707074631997560e-01 8.163398944713550209e-01 8.212079273455810124e-01 8.251616831949825093e-01 8.309409805637300028e-01 8.206638350574166907e-01 8.253602624915414854e-01 8.323182361357486236e-01 8.250422250829415605e-01 7.996721805418678386e-01 8.220676088710113794e-01 8.054827113892195634e-01 8.010302264629781677e-01 8.226851367620680033e-01 8.161648889345167746e-01 8.205712962513211917e-01 8.180208310799480520e-01 8.172148118058261135e-01 8.158863195147189051e-01 8.175354511224022236e-01
-1.737774472099865714e-02 5.717928399017461333e-02 3.311146849088440480e-01 5.734667277850514777e-01 4.539681315644752413e-01 4.914345441664110248e-01 7.088716555582917911e-01 1.000000000000000000e+00 6.272294907328430646e-01 6.135003452032752325e-01 6.773557276958953599e-01 7.496129367550496969e-01 6.560551404977432721e-01 6.530074994269012834e-01 7.614623797262793925e-01 7.714148300903314048e-01 6.448816696173187424e-01 5.958363845957445060e-01 5.836150745724542066e-01 6.055934684177047833e-01 6.390248523085280130e-01 5.910651447998798158e-01 5.649105916649607151e-01 5.229287352323676030e-01 5.016763880879444581e-01 6.470979697339864778e-01 6.643592582322969120e-01 6.336018857739477150e-01 5.628782513784249542e-01 5.545069780520160974e-01 6.750269490370636172e-01 6.967569344376280949e-01 6.604255870758023450e-01 6.990331308268247223e-01 6.311228609037894399e-01 7.013303806253454731e-01 6.559101992099903855e-01 7.300782254716373654e-01 7.199486489680295698e-01 6.932178700576997477e-01 7.157776028128948198e-01 7.290157032757547118e-01 7.416599852437077978e-01 7.529974913952642845e-01 7.240253579757962576e-01 7.222419226624392508e-01 7.426392423258956210e-01 7.307023393455182037e-01 7.487353930017415227e-01 7.511366925848216303e-01 7.539847565475152891e-01 7.502160978791140300e-01 7.549014154710059765e-01 7.089778836695103115e-01 7.028684380326436498e-01 6.829725228370638890e-01 7.439934524604495669e-01 7.352338972179125465e-01 7.414344396367261725e-01 7.445658215794217494e-01 7.564071354843563411e-01 7.433960078757333445e-01 7.428568131160060428e-01 7.556132264748566252e-01 7.373122568240670915e-01 7.454966935201942091e-01 7.302286079192343848e-01 7.091580545963515059e-01 6.924861471773411381e-01 7.469033176587329681e-01 7.218052380800256129e-01 7.122340938542659483e-01 6.824553274165944261e-01 6.784797349648872267e-01 7.147041251883361479e-01 7.127793692161834560e-01 6.982744563041047847e-01 6.720620376552048914e-01 6.923042987157275174e-01 6.836126552283132707e-01 6.986271409420211631e-01 7.154006336778904185e-01 7.233816880399889238e-01 7.026868859429568070e-01 7.398635576579111195e-01 7.248152016615834192e-01 7.182437224727464820e-01 7.357389866225223507e-01 7.228112826436577931e-01 7.041725824693402247e-01 7.212600370128121607e-01 7.375828894868097230e-01 7.371897229493209469e-01 7.315532519191016991e-01 7.376369039489610868e-01 7.337353203807144286e-01 7.538768663636028489e-01 7.583934457347278890e-01 7.479315554519736509e-01 7.444956592780590521e-01 7.503052471523008471e-01 7.559971300914702930e-01 7.508848164700051564e-01 7.539236771486679256e-01 7.524799965544075597e-01 7.422131503616377080e-01 7.470280555565539382e-01 7.208233352065752664e-01 7.186997437240962849e-01 7.449877783198839420e-01 7.365622427132035854e-01 7.438148521885479258e-01 7.462737484085377737e-01 7.478970812381982025e-01 7.390212957254798098e-01 7.431742471753831625e-01
1.540396420200452754e-01 1.604221919940805874e-01 3.175186501472261336e-01 4.134532122120357367e-01 4.443001362742762805e-01 5.254528750219821243e-01 6.813697325610619249e-01 6.272294907328430646e-01 1.000000000000000000e+00 7.202901819636577940e-01 7.827623908537580943e-01 7.754442912740658889e-01 7.288134285102505494e-01 7.511167127792290898e-01 8.112566792809497995e-01 7.957881852480922502e-01 7.767182239837410185e-01 6.861887339703851563e-01 7.306219081482910882e-01 5.695920497713947706e-01 6.054917981833329854e-01 7.130611553059834629e-01 7.068438697991362707e-01 6.469412687186163469e-01 6.660580644482966273e-01 8.282991648646010896e-01 8.021153669080027804e-01 7.906104728104460522e-01 7.775268405259062598e-01 7.943177427517849054e-01 8.402214100609018965e-01 7.971966604133058354e-01 7.646454297711682280e-01 7.905014181396267103e-01 7.801005267778464702e-01 7.639830672546109591e-01 8.004343523669442684e-01 7.951655223962804664e-01 8.226642996529697216e-01 7.463913009111851071e-01 8.360854114035481954e-01 8.111906071518835137e-01 7.966893764420929225e-01 8.323056767732166517e-01 8.274415094364442336e-01 8.393214411441268785e-01 8.413735299931972555e-01 8.605256331265045411e-01 8.366938708765871979e-01 7.953745711362213422e-01 8.081594212894208651e-01 7.871063219610039408e-01 8.222469070402846913e-01 8.586673418274509695e-01 8.393442792799025165e-01 8.253863290225634808e-01 8.312731781206735837e-01 8.491428270244167908e-01 8.334152044932646719e-01 8.592829840971860644e-01 8.405266301321207001e-01 8.471128673742902571e-01 8.273102483863905565e-01 8.493892806913976301e-01 8.557481130777800926e-01 8.534016678103253373e-01 8.600939134583128753e-01 8.485402522896301480e-01 8.496631820704927396e-01 8.246579154843871606e-01 8.319087976286053676e-01 8.534818145948108725e-01 8.217144969579781577e-01 8.233296720889227149e-01 8.587852061865620668e-01 8.539731917303499120e-01 8.461962275764409736e-01 8.490589105750326882e-01 8.474146614966854285e-01 8.541646487392117182e-01 8.496043013069591865e-01 8.588981522976689709e-01 8.460519408082810555e-01 8.488645946698993860e-01 8.391155669401318962e-01 8.470880420882306305e-01 8.471573834194318087e-01 8.488651842765853051e-01 8.512489810242800381e-01 8.533302961424595878e-01 8.282013971730627366e-01 8.485895084416829048e-01 8.483973269748026347e-01 8.491530072796071860e-01 8.539156620622003757e-01 8.598841527713415589e-01 8.172595582684576421e-01 8.437324387221167843e-01 8.434442208793605511e-01 8.392728799267065165e-01 8.403213174492260018e-01 8.463247300008758245e-01 8.508206302636736051e-01 8.510850672890073465e-01 8.526338369008397144e-01 8.491731143934854176e-01 8.540835673455885457e-01 8.624583091959272529e-01 8.625440273521617351e-01 8.573861898477462828e-01 8.500746100770040226e-01 8.606108727412010717e-01 8.574003426571176201e-01 8.594280153067536121e-01 8.631809351591447355e-01 8.630102330303039970e-01
4.504144626500349025e-02 1.695609875381023646e-01 3.117636282495363509e-01 4.310086526012865682e-01 4.123777829780693183e-01 5.228489313684798745e-01 6.923309108763394670e-01 6.135003452032752325e-01 7.202901819636577940e-01 1.000000000000000000e+00 7.321950065080059522e-01 7.426430562213049980e-01 6.837606817805903514e-01 7.117269329414357415e-01 7.881762685862764295e-01 7.617025649063146053e-01 6.992665840048161163e-01 6.283603368383934296e-01 6.686327317570309736e-01 5.716270517747693569e-01 5.635426089722817000e-01 6.458998681104216599e-01 6.627573692180431797e-01 5.915879138141486582e-01 6.062749375883202951e-01 7.488232885603990363e-01 7.374584091733329405e-01 7.386565748991197333e-01 7.014050939676929053e-01 7.083137927776149700e-01 7.837545306588880045e-01 7.644844349139274797e-01 7.316417499119191037e-01 7.589320036435159844e-01 7.217953803917119826e-01 7.382582689625127870e-01 7.522140153974807841e-01 7.757617603559223696e-01 7.864196399453110553e-01 7.456865825807647008e-01 7.927672166717283364e-01 7.838481844558216061e-01 7.777429525134349486e-01 7.943478707879663148e-01 7.851390148267695102e-01 7.969854005964089882e-01 8.010157867857748970e-01 8.093659902669114725e-01 7.915671746667564124e-01 7.589129353067605166e-01 7.802645456946512015e-01 7.438334077095222208e-01 7.790302335533199063e-01 7.936507908772897357e-01 7.769119648583595605e-01 7.845706219095036626e-01 7.755987925974118236e-01 8.015103269441531397e-01 7.913993757385879846e-01 8.037348224845565214e-01 7.953636000637274162e-01 7.969632613819400691e-01 7.811582674154328165e-01 7.964037034240620816e-01 7.787472293464496875e-01 7.928319603292030004e-01 8.041400898454322821e-01 7.887414235061641632e-01 7.921471115910758698e-01 7.852094505209786801e-01 7.805889454386266690e-01 7.921917704868952637e-01 7.642764463418307841e-01 7.678826784562708951e-01 8.019446332332472727e-01 7.997715446160337249e-01 7.931685980493479171e-01 7.839807412382141516e-01 7.937216370080136807e-01 7.916980963045671116e-01 7.940810951827904640e-01 8.042331428976716712e-01 7.963819963727502005e-01 7.938159868090676197e-01 7.958946844700965917e-01 8.011353190207008979e-01 7.993955447786056379e-01 8.067355373347286918e-01 8.033988821437121342e-01 7.993152096093469883e-01 7.993554437323429074e-01 8.067826458716056415e-01 8.049701973266691901e-01 8.063772470574682716e-01 8.084399971707399990e-01 8.088411897051793753e-01 7.825932184441312112e-01 7.850463820270335846e-01 7.977500894793777553e-01 7.999065402970697569e-01 8.024890620664755225e-01 7.959599208223475664e-01 8.001599966355347204e-01 8.050189616138450077e-01 7.996469265505851132e-01 7.876623169239924671e-01 8.014188115573872562e-01 8.079263461563718218e-01 8.030656252882928392e-01 8.073001751682917781e-01 8.039417848279876155e-01 8.076102672617924139e-01 8.047790195903360422e-01 8.015350630598206960e-01 7.957553201969053136e-01 8.047337329936409267e-01
1.463345209554121201e-02 1.350901254867251933e-01 3.820953658669893338e-01 5.150395775177991631e-01 4.351464381069054532e-01 5.825174908147482400e-01 7.579830122805237824e-01 6.773557276958953599e-01 7.827623908537580943e-01 7.321950065080059522e-01 1.000000000000000000e+00 8.406450773088641748e-01 7.506885295633159982e-01 7.954351678690532168e-01 8.741562295227136570e-01 8.457217795275756567e-01 7.870549657704563051e-01 7.637885129437484988e-01 7.768722650419233045e-01 6.573225269296476547e-01 7.134539993128155011e-01 7.630846976348411026e-01 7.760542551777855902e-01 7.206123023641681780e-01 7.150546780003051994e-01 8.408315991797323807e-01 8.421727273626609112e-01 8.354962983983205138e-01 7.782856095756662818e-01 7.918016720272084141e-01 8.812019264387982442e-01 8.675480297164711585e-01 8.322503476790233945e-01 8.609331025343092136e-01 8.324924782554894431e-01 8.361604635891457526e-01 8.614945499534234497e-01 8.660959692971956780e-01 8.828397784108106272e-01 8.461697760106527966e-01 8.858785570893781269e-01 8.831286031880907217e-01 8.703644126006115922e-01 8.885610453716855650e-01 8.853965285747878999e-01 8.834568012659819169e-01 8.887902747977338702e-01 8.926020707188255798e-01 8.861277265986760021e-01 8.635937838113377785e-01 8.779591063014831054e-01 8.539009948758687907e-01 8.766914916017051196e-01 8.768112673267079993e-01 8.681579286050827848e-01 8.743022076829146672e-01 8.674469690678254796e-01 8.846430458895961912e-01 8.784191133189271916e-01 8.864042634685240785e-01 8.884720051979777544e-01 8.799316578804222688e-01 8.757726216639176720e-01 8.820320319599709302e-01 8.698774199842349564e-01 8.748825303302421030e-01 8.951181700901814642e-01 8.934616667168592263e-01 8.880059261810313576e-01 8.873531111643110370e-01 8.916866445470720270e-01 8.930858888904600335e-01 8.760158778196472928e-01 8.762539996595778424e-01 8.938406519210997381e-01 8.938675588049082021e-01 8.898137760654040163e-01 8.723143490549143397e-01 8.845679979861038600e-01 8.831353729402005026e-01 8.883221747724945327e-01 8.955709697534985914e-01 8.968622633879339556e-01 8.877711019922351898e-01 8.964236439842756532e-01 8.996209149115924619e-01 8.972848086980418358e-01 8.974327400777238894e-01 8.960030768942600643e-01 8.888814711787410561e-01 8.960097705252680900e-01 8.999380824165298387e-01 8.998081833940612118e-01 8.972049267062544020e-01 8.958599916479154102e-01 8.958161797038106666e-01 8.851780103923856391e-01 8.812938246941424136e-01 8.913368782323469741e-01 8.970052211697888689e-01 8.982895879238079750e-01 8.911846029109193879e-01 8.937671962677780080e-01 8.974572565066053498e-01 8.961591662190168117e-01 8.767028252745321382e-01 8.948995962130831261e-01 8.917465007131278876e-01 8.922901973794956643e-01 8.951620358107097442e-01 8.915130464974775348e-01 8.933118485837056033e-01 8.895347432367560758e-01 8.906048069349034035e-01 8.894197267383332495e-01 8.895511445943729001e-01
-3.823041686793442889e-02 7.927394443979046690e-02 3.666480713025565552e-01 6.239792998010973424e-01 4.791303767809807490e-01 5.934175121051973312e-01 8.034966324318773001e-01 7.496129367550496969e-01 7.754442912740658889e-01 7.426430562213049980e-01 8.406450773088641748e-01 1.000000000000000000e+00 7.811109573317122079e-01 8.199357136605817109e-01 9.069587724050216515e-01 8.934901230865315291e-01 7.912648991992563552e-01 7.328431561451331788e-01 7.414451498541528851e-01 7.068836094437832562e-01 7.602953496687511192e-01 7.411437195906460662e-01 7.199969916724201502e-01 6.569719401341834741e-01 6.473868804553977174e-01 8.197882159686281645e-01 8.338622782762191710e-01 8.079717155016127306e-01 7.381233565916881512e-01 7.302136736235993464e-01 8.590458130505881362e-01 8.513017522136451243e-01 8.148085881147533183e-01 8.524650117368837154e-01 7.986768650202468178e-01 8.530085293771731969e-01 8.356136583351732039e-01 8.843058552401068528e-01 8.847602350851619946e-01 8.644350119113404229e-01 8.987262762795145132e-01 8.984942523541513681e-01 8.984603756244842199e-01 9.200371741274052662e-01 8.991153489143103306e-01 8.982306882695226813e-01 9.186682868799177504e-01 9.125225276990479584e-01 9.132885173763933828e-01 9.028341916029669623e-01 9.122741572815189492e-01 9.131409003282854320e-01 9.209180619861548900e-01 8.928869382809927480e-01 8.780211430444576637e-01 8.670465632278728796e-01 9.121366022479461266e-01 9.131120520876574442e-01 9.114522186770123158e-01 9.221839512398247729e-01 9.275887261697788322e-01 9.205105451859744159e-01 9.155888525025942526e-01 9.220766651310813300e-01 9.058651976179492582e-01 9.165414157356576164e-01 9.089038630771960614e-01 8.905776977207994216e-01 8.719817039397467218e-01 9.182795787216873062e-01 9.042046337376903331e-01 8.936003665002262286e-01 8.559141802337174587e-01 8.614866913586243236e-01 8.980037180227901095e-01 8.972186264027126601e-01 8.848866390559914086e-01 8.615498642787616790e-01 8.759174790627707319e-01 8.712724953666305394e-01 8.835443171803075701e-01 8.984943115182781881e-01 8.991131000929876160e-01 8.836321144173506781e-01 9.080765446972055566e-01 9.016632851487750289e-01 9.016153970194149547e-01 9.113766500531176318e-01 9.038629662778711049e-01 8.859090118589194596e-01 9.004787077582555588e-01 9.176757499812290275e-01 9.175106610344585523e-01 9.128880520903041029e-01 9.193202632375815364e-01 9.155074024638613084e-01 9.170622619546986432e-01 9.214818065538959990e-01 9.205144383080640091e-01 9.178749313320605507e-01 9.223400319882426590e-01 9.247141214363402417e-01 9.247485931218984989e-01 9.281248273124428350e-01 9.272897450255913609e-01 9.144922801195427553e-01 9.225509171469997716e-01 9.042893046062444595e-01 9.025645717696955117e-01 9.210519280112803298e-01 9.159139611361457600e-01 9.218762745382328427e-01 9.225069756845543090e-01 9.228090385329015266e-01 9.167242033358946607e-01 9.207863576973860376e-01
1.852208927960239185e-02 1.092767470570142618e-01 2.863389757818426973e-01 4.701825738832157153e-01 4.861672490570203009e-01 5.308545483686961663e-01 7.023863620363539617e-01 6.560551404977432721e-01 7.288134285102505494e-01 6.837606817805903514e-01 7.506885295633159982e-01 7.811109573317122079e-01 1.000000000000000000e+00 7.439645687920418693e-01 8.121829448380393224e-01 8.014115918185500398e-01 7.179865760277091002e-01 6.660428993144759113e-01 6.837315538968007367e-01 5.942432499831783455e-01 6.219289181593662397e-01 6.592469336749721132e-01 6.706940518479894697e-01 6.226033391363922087e-01 6.169636469288277691e-01 7.622606532452170791e-01 7.490572024242074800e-01 7.391765370549164826e-01 6.983345011252224399e-01 7.055579353644108043e-01 7.861768991583637511e-01 7.743571206780003324e-01 7.349926326417809408e-01 7.629266730714548972e-01 7.238899662193770679e-01 7.508809677470567046e-01 7.648424985140253041e-01 7.843733736295510628e-01 7.996528014368202708e-01 7.611873032911180559e-01 8.114601123614794131e-01 8.012247645607012414e-01 8.007829833895490079e-01 8.179997680907312718e-01 8.031035981147905956e-01 8.157115270979390376e-01 8.259029010360021683e-01 8.297624120803941405e-01 8.141298392381060012e-01 7.833012739293498949e-01 8.001055743663876285e-01 7.846531703784183076e-01 8.096499747820101733e-01 8.164651872896215856e-01 7.986607663805517232e-01 7.949500916425975561e-01 8.034077816799053418e-01 8.251590115610446530e-01 8.139050901888890133e-01 8.309665384793876175e-01 8.245897090082883185e-01 8.225783489310167784e-01 8.110262310589915202e-01 8.241029796773535754e-01 8.125094582485737904e-01 8.230509245965248466e-01 8.284489051012225991e-01 8.131983763846877267e-01 8.064001998093086598e-01 8.153610900267503903e-01 8.119822584040112812e-01 8.164675386302970850e-01 7.889204430283149883e-01 7.950393579827588209e-01 8.221134327273931230e-01 8.184085526023825441e-01 8.091059417957586763e-01 7.972227288957703939e-01 8.035707726976317744e-01 8.064502855487007960e-01 8.134464904088439807e-01 8.242372873268117850e-01 8.174929487924801341e-01 8.079172495712390045e-01 8.184159541009691230e-01 8.207663835439558131e-01 8.204052219533953805e-01 8.280707839273301341e-01 8.253375126503335046e-01 8.150071965022019915e-01 8.146547823603264016e-01 8.295827631721836015e-01 8.288359791454811276e-01 8.295036317691013572e-01 8.339010502963504212e-01 8.327967923694905572e-01 8.180537611002312026e-01 8.205232851964135987e-01 8.284242363032484624e-01 8.263403852637574154e-01 8.317534919692811668e-01 8.270653335324206212e-01 8.312771134544358898e-01 8.351343803646092967e-01 8.316269220175944721e-01 8.235357121843156492e-01 8.329161471820628604e-01 8.299497084825626647e-01 8.279941356159028487e-01 8.334480664359033009e-01 8.310321375278435507e-01 8.368568201580270927e-01 8.346754562508451603e-01 8.345153958220842272e-01 8.284412936363148017e-01 8.349267165915892353e-01
