1.000000000000000000e+00 3.543664946549514305e-02 1.079887248069252847e-01 1.203668256978364937e-01 2.239043654317017518e-02 2.937134506921342328e-02 -6.092927653394357435e-03 4.100170863795996740e-02 1.207323733167859764e-01 6.204571845633375521e-02 2.887720902750144647e-02 4.296489564934332511e-02 2.994058512845933218e-03 -1.793816445592130021e-02 -8.298455259701371239e-03 2.861297441917505166e-02 4.404417903042724680e-02 2.659297509862630290e-02 1.005212455689655400e-02 1.402808138625927757e-02 9.123748120360153369e-03 4.004932304006007110e-02 1.489505771837320441e-02 2.908627663298221297e-02 4.714211271275407095e-02 4.805020014645152576e-02 5.881193082799120869e-02 6.924209638675750400e-02 5.804770488136129503e-02 8.788798063709243880e-02 5.842119350882835765e-02 -9.660172604802419807e-04 -1.260157086692078026e-03 -2.511377663161582993e-02 1.904923870441050174e-02 -2.897966983640440364e-02 3.214669808063297385e-02 -1.488934360654994155e-02 -2.017208059341165163e-02 -3.944000354247816087e-02 1.374892396792851482e-02 2.369533663123973323e-03 -2.715383994046099286e-02 1.672691196301986927e-02 1.404106998803082013e-02 1.613743034539566121e-02 5.405963297876859204e-03 2.528639832276081967e-02 1.448015496453666090e-02 -1.214246956971834837e-02 -1.993872351643816154e-02 3.457498300958247034e-02 4.357555201668336653e-02 3.769839137866818485e-02 2.074102815588829002e-02 1.008589026514996982e-02 4.157579403010005364e-02 1.598726716232725525e-02 9.676325616669272447e-03 5.672293111463577731e-02 1.637090754533949977e-02 1.574254712449750515e-02 1.210956963598958970e-02 2.024179869974485069e-02 4.111417353388836793e-02 4.336196774308274937e-02 1.208241919863293524e-02 1.020826813438555948e-02 6.517075466247427597e-03 3.707975713899141264e-03 1.389258626744360563e-02 1.443301799324478094e-02 3.605415374275310666e-03 1.298212939199672351e-02 1.659223797072824358e-02 2.603547293922250927e-02 2.316840745444623609e-02 3.346166511527446513e-02 2.343635458445331859e-02 2.824094342902448360e-02 2.230506008803657958e-02 2.169350484922737479e-02 4.671767870468752047e-03 1.457276490885252296e-02 -1.274287510690810636e-02 -1.074263438905576420e-02 -4.375118168578257145e-03 -4.551367610044338569e-03 -5.538820445401264336e-03 2.280730214691533992e-03 2.261216932689386473e-04 -2.992833659476689919e-04 -1.638126879024997054e-03 8.445080401102717654e-03 6.686615236779593248e-03 9.248361271361383099e-03 -1.022870850744370466e-02 2.756407609506947298e-02 1.364464632231566533e-02 -1.451604780592777311e-02 -1.531306651365708232e-02 8.565382706672706320e-03 1.752852655104080934e-02 5.073955577627361525e-03 7.437081504731239343e-03 3.699792106586084761e-02 1.628236332594817232e-02 1.244931550675681606e-02 1.264198966082015312e-02 1.405211216448568404e-02 -3.864260739197067276e-03 3.147724463855107457e-02 1.583216486928363739e-02 7.615957908966144996e-03 2.369042100581400176e-02 3.131573979489111342e-02
3.543664946549514305e-02 1.000000000000000000e+00 1.572168629721222566e-02 6.937211646635352280e-02 8.639531316367891900e-02 9.222821665416117143e-02 1.536547607564218432e-01 1.091459329293238134e-01 1.612978635893172752e-01 1.696153422786572940e-01 1.271657998592839178e-01 1.348225976298689510e-01 1.315410116406924845e-01 1.320904651473038538e-01 1.466532990159810645e-01 1.351101880840691605e-01 1.353319452595207195e-01 1.660789312281769625e-01 1.601326623110689296e-01 1.426154260816244468e-01 1.131565817756125109e-01 1.377968325286478279e-01 1.618821710470278175e-01 1.782373819997883913e-01 1.534801892754337482e-01 1.911014063158074650e-01 1.569463746441957241e-01 1.612336177885030919e-01 1.454620899579961990e-01 1.785992175956608030e-01 1.905781389649692514e-01 1.575118797227491318e-01 1.570987385713253359e-01 1.608132289337925458e-01 1.632674980331735859e-01 1.392415161802264267e-01 1.646709736531465629e-01 1.488451856623418945e-01 1.549199871352824887e-01 1.316184122153125913e-01 1.604525276372818499e-01 1.465947894408868579e-01 1.308191849920562477e-01 1.502035389139821375e-01 1.581177068111259132e-01 1.602502779193777371e-01 1.489478268622714263e-01 1.561550769887700141e-01 1.498912509378207691e-01 1.057183644936742911e-01 1.304195359899982254e-01 9.341768600746526430e-02 1.266413313659395801e-01 1.683108202845687296e-01 1.577248660470711161e-01 1.540319270339965962e-01 1.317319001189650174e-01 1.463647431680172029e-01 1.466542984673691041e-01 1.653263586627248816e-01 1.384221923388036513e-01 1.540835739817670857e-01 1.382600819192328079e-01 1.497531977165846573e-01 1.473895604119249414e-01 1.478814241226784343e-01 1.544238981764296526e-01 1.589456809065040999e-01 1.702476794707465380e-01 1.546403209769666165e-01 1.500868873953442595e-01 1.595770496818103013e-01 1.672189591845339440e-01 1.562847743981631843e-01 1.667526485809754100e-01 1.591110737522089535e-01 1.641056749808997572e-01 1.565997356050461142e-01 1.713255905692586678e-01 1.800597171313552958e-01 1.723282028742004757e-01 1.745133701552293304e-01 1.536392965920494458e-01 1.686723681834726429e-01 1.377381026887957993e-01 1.559806651466585647e-01 1.580316352989271644e-01 1.485910902952150558e-01 1.633810013225860946e-01 1.564548816084970762e-01 1.577008868662401475e-01 1.507003162308494237e-01 1.508857153729494527e-01 1.606713260745850080e-01 1.505280759273116553e-01 1.585440579031417441e-01 1.152262831263048959e-01 1.148603479944581701e-01 1.348172437464580375e-01 1.276894062748688274e-01 1.409822627161038955e-01 1.304204875195668079e-01 1.424498304378433999e-01 1.405373952729078446e-01 1.320338382355455975e-01 1.429084291762217906e-01 1.505426187787884951e-01 1.632579942059148304e-01 1.579699896167546802e-01 1.449987597748025603e-01 1.479196924393405832e-01 1.551455507137850520e-01 1.490727660444864378e-01 1.430410181837573347e-01 1.525920924683712987e-01 1.493556900633520035e-01
1.079887248069252847e-01 1.572168629721222566e-02 1.000000000000000000e+00 3.754879371076903505e-01 2.017451643109444692e-01 2.206294522219275911e-01 3.425244923719286128e-01 3.365107872519576548e-01 3.478006230157211220e-01 3.075492867075161341e-01 3.503117682720889858e-01 3.781608583077490926e-01 3.077686971734312493e-01 3.017868066844937025e-01 3.550131475876380227e-01 3.666280677778041008e-01 3.410061764312316557e-01 3.306041181989349820e-01 3.280178214367150957e-01 3.348132227580909448e-01 3.437310501801059681e-01 3.467185612791695570e-01 3.315143818084717586e-01 3.146197012045017227e-01 3.210780734044599849e-01 3.601088108851528968e-01 3.630464969430277078e-01 3.684609196231281025e-01 3.580079902088054156e-01 3.262655400503751135e-01 3.660860438436037700e-01 3.554044375723937610e-01 3.192487520649868737e-01 3.376082294906314618e-01 3.325460534909163712e-01 3.346871715815572523e-01 3.335850825533165365e-01 3.543694198598386080e-01 3.439843463410865998e-01 3.552369647775920347e-01 3.581921632628943253e-01 3.572594042482651888e-01 3.491684219506223652e-01 3.605997764540544992e-01 3.574276661374199970e-01 3.563679560850854799e-01 3.595254037828449767e-01 3.652634826342749386e-01 3.667217377587511096e-01 3.660547058316012681e-01 3.609745130530563895e-01 3.818981778240944092e-01 3.767775156679143977e-01 3.610785656775755692e-01 3.619108090005628831e-01 3.678553638109773871e-01 3.877801821790420322e-01 3.650966184615222487e-01 3.668579222393963390e-01 3.589284078779808596e-01 3.724246438211668009e-01 3.605828162389230762e-01 3.705554920930509422e-01 3.656470590427477463e-01 3.677781721828529138e-01 3.756104491810414170e-01 3.608360495911909216e-01 3.622730585853944918e-01 3.631004183932343143e-01 3.633927846398165573e-01 3.590411724697610274e-01 3.580827391005934057e-01 3.600549016499809407e-01 3.538454962522772362e-01 3.636201527619035700e-01 3.652288998058791925e-01 3.670939720831339903e-01 3.745485255537504554e-01 3.710451569531976745e-01 3.519756878116428456e-01 3.539211162900914864e-01 3.665952613151553519e-01 3.663796121564456554e-01 3.560475485926525296e-01 3.556962458332191268e-01 3.560589150674294268e-01 3.549485869032755758e-01 3.621075499389357910e-01 3.561679680842555484e-01 3.632204897636104879e-01 3.604441023419400758e-01 3.611894905306748949e-01 3.652317381715518008e-01 3.617140441445139687e-01 3.624344824861680525e-01 3.576660011080873836e-01 3.693804891883539776e-01 3.782204621585112392e-01 3.722699768672905196e-01 3.603771660345521100e-01 3.578241797308756578e-01 3.772432055454298938e-01 3.698240064421234319e-01 3.617824468053111309e-01 3.737296506420657582e-01 3.800324426872500050e-01 3.645758945215013536e-01 3.572817030500308189e-01 3.643225534136910193e-01 3.687395444110048159e-01 3.630383389014512074e-01 3.649991772192854866e-01 3.679914169794583634e-01 3.647920050897833222e-01 3.639303697410696814e-01 3.719233173300995343e-01
1.203668256978364937e-01 6.937211646635352280e-02 3.754879371076903505e-01 1.000000000000000000e+00 3.331739234575176734e-01 4.048961095436600099e-01 5.789826141842203677e-01 5.775538212336238653e-01 5.907918328161801957e-01 5.305640889289785500e-01 5.983213466123772362e-01 6.572061695914761525e-01 5.368180112370565249e-01 5.618197496122473433e-01 6.318155069499863385e-01 6.334388689477408185e-01 5.906974190206584208e-01 5.869226164648371213e-01 5.742906041120319216e-01 5.722904503226644568e-01 5.959319549029665763e-01 6.018869185645234765e-01 5.618934075767099134e-01 5.397245997560777830e-01 5.699914820765944468e-01 6.190265995467189031e-01 6.322913076030158841e-01 6.348391791418770413e-01 5.852899997776819241e-01 5.982150609960612542e-01 6.200477437988402007e-01 6.313952620427656370e-01 5.790992751645095415e-01 5.991383839796105004e-01 6.031387132256597061e-01 5.931220748379912866e-01 6.058023271030483770e-01 6.309472012886950809e-01 6.194901924125254533e-01 6.131929869630594609e-01 6.363236741118015738e-01 6.399346211227309178e-01 6.265913234897041439e-01 6.450132991006176653e-01 6.351074120156192659e-01 6.433394943324352022e-01 6.305443868786426709e-01 6.366246523784201417e-01 6.411817169943857531e-01 6.362274499887580204e-01 6.363052448415330575e-01 6.335049187373515966e-01 6.489237451963461023e-01 6.322009639407747406e-01 6.289049749179109750e-01 6.397471481949933425e-01 6.473440917130609540e-01 6.413910145884280656e-01 6.331270865869695896e-01 6.299526539109072676e-01 6.416614498367773090e-01 6.319545101338014392e-01 6.397694552158647019e-01 6.309836428109617534e-01 6.392612910543565841e-01 6.447895176136100304e-01 6.327987293720757078e-01 6.342808683920403423e-01 6.341694230808405663e-01 6.435733299047839973e-01 6.366222978125045673e-01 6.325632334187791805e-01 6.202899734352790295e-01 6.205096237174387852e-01 6.328842487094754610e-01 6.453501822432073931e-01 6.370358022346533922e-01 6.334324748341561007e-01 6.380765993290519189e-01 6.241561612688584226e-01 6.261995506305018111e-01 6.368826663474738137e-01 6.390329874858871051e-01 6.307095432943399249e-01 6.317901321020177319e-01 6.279692972355821468e-01 6.247051210963276979e-01 6.427956123051553616e-01 6.298097540740955624e-01 6.376391125376271729e-01 6.323651224582022001e-01 6.375925118625663801e-01 6.339883932475218753e-01 6.395962362858278460e-01 6.349400075989310999e-01 6.299229818846775464e-01 6.458193692593166002e-01 6.550197192831201942e-01 6.489592615496484473e-01 6.399355054173210267e-01 6.351120867822838134e-01 6.547884591650778852e-01 6.416577325126135989e-01 6.406083310483706716e-01 6.489315688902869139e-01 6.530024854051030836e-01 6.414761581370541643e-01 6.293282312737565887e-01 6.405378156930781053e-01 6.435393841348864274e-01 6.374103134768067669e-01 6.385270518822051544e-01 6.425657021805333269e-01 6.420842517155566087e-01 6.356790155053974045e-01 6.435954218984450970e-01
2.239043654317017518e-02 8.639531316367891900e-02 2.017451643109444692e-01 3.331739234575176734e-01 1.000000000000000000e+00 3.092440958337857593e-01 4.516410569073393000e-01 4.847067391189567309e-01 4.466168502065025470e-01 3.970173968051886604e-01 4.519299928771255415e-01 4.902216396525246322e-01 4.785221668701574727e-01 4.482206633626113490e-01 4.932896942218801817e-01 5.206831008040531117e-01 4.339708741746440279e-01 4.365471951114070492e-01 4.303828394614659936e-01 4.388436609439106961e-01 4.474516211627110329e-01 4.453901213842951790e-01 3.774375082904755652e-01 3.821634848722942901e-01 4.013856243790679401e-01 4.508785110923234640e-01 4.386421631146370514e-01 4.258803061958468805e-01 3.857426077661057495e-01 3.860171809453609715e-01 4.404474272552540426e-01 4.720576028508936539e-01 3.813004098720260693e-01 4.344977215258899461e-01 4.213433727997553668e-01 4.260685072896341352e-01 4.239948030240974219e-01 4.621020835291189122e-01 4.533137196431963889e-01 4.489597039181366100e-01 4.765673838887887204e-01 4.864540917299192135e-01 4.949344443112126402e-01 4.964823173083670049e-01 4.818991914822448597e-01 4.827432367380987688e-01 4.985775856597983169e-01 4.945408087485849702e-01 4.941162067845480399e-01 4.723798817971155972e-01 4.808283554600083498e-01 4.797494700871524076e-01 4.956919527141633863e-01 4.935165542407518591e-01 4.953569307917262132e-01 4.798666308124844293e-01 4.881021313857004107e-01 5.037682672591509148e-01 4.913195059619269167e-01 5.103286109146545346e-01 5.049342537782302021e-01 5.050650162306267177e-01 4.919596530627313724e-01 4.862392402539750802e-01 4.940380397070112117e-01 4.995107331251925076e-01 4.950555051036069076e-01 4.948160115359614419e-01 4.908389002813076107e-01 5.057693557285728447e-01 4.936734850473743497e-01 4.853312898158755329e-01 4.759937832167949745e-01 4.748746133407394376e-01 4.895394732303832708e-01 4.885533741094593707e-01 4.861451630865705753e-01 4.707223986515592928e-01 4.830324227206740928e-01 4.712023148069091061e-01 4.802627971611246327e-01 4.827570176644365718e-01 4.833753021064458588e-01 4.695707353814423946e-01 4.847351043737275211e-01 4.787535067728680982e-01 4.708906826360284570e-01 4.961935909473250139e-01 4.864754318717684489e-01 4.942432185601559058e-01 4.807595907660044965e-01 4.994156487712818060e-01 4.907011287182996284e-01 4.933267645302618631e-01 5.017787843126253478e-01 5.004543174957810647e-01 4.980220249182876757e-01 5.050734721271454841e-01 5.115420611743615176e-01 5.024651103208398473e-01 5.068442053722210794e-01 5.071891678502763456e-01 5.043390641038368871e-01 5.090794105905078748e-01 4.953315505640033534e-01 4.986415565571206687e-01 5.012748554372130627e-01 4.978558648975935919e-01 5.028014184597090486e-01 5.092237411004630898e-01 5.032353763824015669e-01 5.061015109866000561e-01 5.054266649935216238e-01 5.004167769832844614e-01 4.965066330491912372e-01 5.023582509734266788e-01
2.937134506921342328e-02 9.222821665416117143e-02 2.206294522219275911e-01 4.048961095436600099e-01 3.092440958337857593e-01 1.000000000000000000e+00 5.239859061070352153e-01 5.197694850960348223e-01 5.341680260618308917e-01 4.894540173528191818e-01 5.478972835657667240e-01 5.900884188541904996e-01 5.273915955522533450e-01 5.423823073439969500e-01 5.866063136900927510e-01 5.883670482072534957e-01 5.468344242830313062e-01 5.561004696021608629e-01 5.559512000861784875e-01 5.043631041287813810e-01 5.413794748654140454e-01 5.685816039973163871e-01 5.289724519601695096e-01 5.206409205856561417e-01 5.344675096595983277e-01 5.673262953942062037e-01 5.739465387845176236e-01 5.654321337846527351e-01 5.269691991914724483e-01 5.464993966826650063e-01 5.718257653587524025e-01 5.945608638246584476e-01 5.454364218084812865e-01 5.817095184084968285e-01 5.740457936110757720e-01 5.806202826057395017e-01 5.825055892591460838e-01 5.893278118805400645e-01 5.944921524734710916e-01 5.736902610860240559e-01 6.009119094647272785e-01 6.034958197073847508e-01 5.993922275885413820e-01 6.080193569865396386e-01 6.008266408393185820e-01 6.004893724861742887e-01 6.077743393479614342e-01 6.078459505811314445e-01 6.025887365161465281e-01 5.905788909464135816e-01 5.972873174854947953e-01 5.815363476139790988e-01 5.965170236644687929e-01 5.977967477201564517e-01 5.900820848355020631e-01 6.028135049883144303e-01 5.851326845065112359e-01 6.042636647655367232e-01 5.956657349930856160e-01 5.946691823034814250e-01 6.041259936854247448e-01 5.989569067611092423e-01 5.905324092072515851e-01 5.908212068235277892e-01 6.053449242934064722e-01 6.016507609667405276e-01 6.082021853737611394e-01 6.081991863125010278e-01 6.070008404805889990e-01 6.042917272430559095e-01 6.065417317061785329e-01 6.066965549649904199e-01 6.036853290187281784e-01 5.977898523223450500e-01 6.056192265242638095e-01 6.088243797679383507e-01 6.107891928573317974e-01 5.987922055876196969e-01 6.036780373536038136e-01 6.003073473958433492e-01 6.079144176992042903e-01 6.026306081659591474e-01 6.092846348861630235e-01 6.106302221196261426e-01 6.091854928608501085e-01 6.128881930238511133e-01 6.107167367277428482e-01 6.106343996200376267e-01 6.094688094433571290e-01 6.069888857566598794e-01 6.124597988406714766e-01 6.107118044469366236e-01 6.116647412898349456e-01 6.109616677868034973e-01 6.088231660918914656e-01 6.080999057338835057e-01 6.014877883636645661e-01 5.966528737134115801e-01 6.063419158975195122e-01 6.096909631103748506e-01 6.102786669507083150e-01 6.043060615277862091e-01 6.084909609988774504e-01 6.112461499505581486e-01 6.078578514816591616e-01 5.952131798098589943e-01 6.070406069765091894e-01 6.059664453651762983e-01 6.070889748078817094e-01 6.111435062937417007e-01 6.048485031891722707e-01 6.034343817078079431e-01 6.042761739281187205e-01 6.071357288698435717e-01 6.085659413117553429e-01 6.032496072119677422e-01
-6.092927653394357435e-03 1.536547607564218432e-01 3.425244923719286128e-01 5.789826141842203677e-01 4.516410569073393000e-01 5.239859061070352153e-01 1.000000000000000000e+00 7.127767503377302472e-01 6.918339120555524469e-01 6.560927601732042813e-01 7.271933887275099373e-01 7.943913695201025860e-01 7.107580260945833839e-01 7.240191908591381287e-01 8.382956746377226986e-01 7.957562206980126618e-01 7.222039122905078434e-01 7.477902278090521326e-01 7.410677106845227069e-01 7.209048367403367852e-01 7.408204866749217299e-01 7.475858814001026253e-01 7.328861147271681364e-01 6.948292568851978102e-01 7.152497780199454924e-01 7.768287216270386430e-01 7.690400544242160796e-01 7.789290742441637994e-01 7.248106671412043456e-01 7.147322490943399664e-01 7.728126801986375805e-01 8.097095574707189325e-01 7.397656130953459419e-01 7.850790184104051717e-01 7.634668521004351893e-01 7.707216242885021051e-01 7.670625301175076904e-01 8.065051743382003480e-01 8.043995662469425323e-01 8.055346316211662305e-01 8.089413743577132943e-01 8.207079278226681041e-01 8.184370639075820852e-01 8.186940171867195248e-01 8.122072560061619484e-01 8.240954746672062292e-01 8.150854658413133613e-01 8.101383599597441476e-01 8.112828242193881323e-01 7.896335245146577364e-01 8.108600538242921596e-01 7.663052699609967933e-01 7.965792790562351566e-01 8.010177537274686399e-01 7.988491466219660442e-01 8.170233562105549963e-01 7.869419478194596973e-01 8.079141380747828505e-01 8.042365822177258705e-01 7.888917586296853024e-01 8.100160520571554335e-01 8.038535295289039873e-01 8.029840343157426119e-01 7.935112636171032241e-01 7.943575896392650604e-01 7.982410990577472054e-01 8.100071957698231628e-01 8.116816729670444097e-01 8.183970358146422930e-01 8.256049079062611762e-01 8.100213799317377283e-01 8.086734779826877384e-01 8.047629599803712841e-01 7.958897365760915221e-01 8.135973107942700011e-01 8.167617898469243798e-01 8.216174251697966335e-01 8.077117118120360484e-01 8.200958963427631421e-01 7.989254608211781017e-01 8.052570810033712334e-01 8.070169886882012644e-01 8.177440697065259112e-01 8.142955571905921008e-01 8.168924426746372314e-01 8.155360661249436705e-01 8.113542207372319570e-01 8.301612433139734515e-01 8.217238397624363477e-01 8.213218011995825352e-01 8.245359071925677519e-01 8.240617496405282516e-01 8.186725806301407005e-01 8.253161699931751416e-01 8.155095491588820744e-01 8.139911133450369318e-01 8.133085285391562502e-01 7.999604935542461437e-01 8.193146550733387823e-01 8.212704154727300532e-01 8.252681542450208685e-01 8.198742294346741399e-01 8.131553916520473102e-01 8.200339479530084352e-01 8.163358050090150364e-01 8.024910353543895924e-01 8.134686884656886496e-01 8.126616364658132419e-01 8.174576789527799869e-01 8.146886066726197750e-01 8.188256911959033157e-01 8.067777336471830818e-01 8.151506269949514438e-01 8.162490182245780712e-01 8.059739246587840356e-01 8.068911457296975565e-01
4.100170863795996740e-02 1.091459329293238134e-01 3.365107872519576548e-01 5.775538212336238653e-01 4.847067391189567309e-01 5.197694850960348223e-01 7.127767503377302472e-01 1.000000000000000000e+00 6.831013763669883110e-01 6.414353065015058197e-01 7.128667838861224570e-01 7.847201087849365875e-01 7.096858494277571427e-01 6.930770405013333413e-01 7.875086776762144636e-01 8.094679822212494935e-01 7.039449759493735526e-01 7.211544321276941449e-01 7.239136288325395130e-01 6.933968484509837049e-01 7.404940538192896771e-01 7.413320425762708332e-01 6.965851698281725346e-01 6.759931090273312293e-01 6.934815046518274517e-01 7.342691334275737169e-01 7.238123146536687980e-01 7.134174597952606112e-01 6.543580154584245356e-01 6.771651194192068735e-01 7.269809550725752079e-01 7.890571576949015897e-01 7.131826560175535956e-01 7.635373581147630873e-01 7.373952930720429899e-01 7.517385715265204604e-01 7.273334367542353407e-01 7.970154959448286780e-01 7.776851676530657231e-01 7.740443181366072345e-01 7.753032902532751569e-01 7.890314121275769921e-01 8.011425667448068832e-01 7.998374179617949720e-01 7.808580350896255906e-01 7.807184369378393773e-01 7.904456616850019657e-01 7.853077254591260825e-01 7.965910430424221200e-01 7.970456693247368607e-01 8.082764694770049330e-01 7.575505374100792721e-01 7.838889419774809353e-01 7.739116474947755897e-01 7.827307015914952704e-01 7.948477587725925053e-01 7.902962518603600106e-01 7.987407756013504834e-01 7.939252820880920991e-01 7.743631859554417352e-01 8.018082290823328462e-01 7.880085330633769258e-01 7.976586001140708593e-01 7.878587993738321860e-01 7.802271413960853996e-01 7.826125488696453747e-01 7.873512924597843021e-01 7.888578554963919798e-01 7.919765453497152885e-01 7.989903029710041515e-01 7.903620936942744590e-01 7.814569823449550867e-01 7.766814762087388413e-01 7.682148084312482306e-01 7.813850975879530480e-01 7.834285273931381743e-01 7.778390489676968444e-01 7.595689507010653374e-01 7.721664625561165396e-01 7.653992554584019281e-01 7.677563382562559990e-01 7.665292094302738057e-01 7.977881158653379323e-01 7.807338142282834736e-01 7.979353177544409315e-01 7.877891641783901777e-01 7.749513675612557106e-01 8.059500129852181782e-01 7.897464190868684897e-01 7.973070148035293903e-01 7.896597728755504475e-01 7.934327958946740811e-01 7.856794873772182664e-01 7.930328719290860029e-01 7.908498905649075095e-01 7.855436541442439857e-01 8.046206490010711088e-01 7.973675002103176590e-01 8.035464990691589815e-01 8.058122609972093731e-01 8.004600015307268279e-01 8.103059241617908137e-01 7.877435605990332768e-01 8.001877485844723914e-01 7.975466663660892852e-01 7.944734112735571951e-01 7.917870508782914873e-01 7.839989787264056709e-01 7.935420066632205005e-01 7.988576869571281103e-01 8.017786881945581090e-01 7.848253744721771508e-01 7.970151457724211630e-01 7.979588667106540800e-01 7.835436938067301682e-01 7.873622570853431313e-01
1.207323733167859764e-01 1.612978635893172752e-01 3.478006230157211220e-01 5.907918328161801957e-01 4.466168502065025470e-01 5.341680260618308917e-01 6.918339120555524469e-01 6.831013763669883110e-01 1.000000000000000000e+00 7.390871296688574787e-01 7.891460770216075504e-01 8.375941561496833554e-01 7.540526779065923613e-01 7.740529574964541970e-01 8.281120564212326451e-01 8.290354806790826148e-01 8.119923814951729435e-01 8.032553594791632667e-01 8.009805251648082214e-01 6.929723387640446264e-01 7.592874921737625682e-01 8.008482757029242727e-01 7.260980925462529045e-01 7.282555843836383547e-01 7.667966233361390715e-01 8.385407364985388856e-01 8.201090621465814134e-01 7.992044047014520425e-01 7.486441116625158765e-01 7.919670208074169881e-01 8.423185474605892065e-01 8.483518571293611199e-01 7.439053778635484893e-01 8.009888808988224751e-01 8.061349341739888485e-01 7.834690192354004656e-01 8.210200494310938568e-01 8.222934553593452822e-01 8.263109865631894646e-01 7.878002452187109483e-01 8.606332194381837164e-01 8.436436360467525208e-01 8.155123247361449890e-01 8.564108170235835704e-01 8.560015364850961372e-01 8.409982414383843086e-01 8.682953976786306205e-01 8.762408734247126851e-01 8.688905334303138606e-01 8.223801489036960399e-01 8.413893039467390533e-01 8.326602017443381909e-01 8.639062268293832281e-01 8.740990013035452311e-01 8.624000235408175730e-01 8.522368151063864916e-01 8.593250275682761119e-01 8.639192394541888032e-01 8.554910436176479394e-01 8.745265154567649635e-01 8.692163085888239271e-01 8.629698918329543611e-01 8.555460622065385046e-01 8.573346949180387089e-01 8.759587791343435015e-01 8.791551359826501599e-01 8.731690757481608278e-01 8.717641376782804263e-01 8.676220380207464444e-01 8.590384645007956843e-01 8.650787656791992797e-01 8.686967867720803982e-01 8.490687994266492566e-01 8.566152927138723783e-01 8.727455432373363298e-01 8.724633029362334202e-01 8.647733485512727469e-01 8.525993960841004027e-01 8.616890829055009471e-01 8.684062689596157014e-01 8.681055954425692667e-01 8.708218943342367346e-01 8.634204530271745170e-01 8.567854794153628717e-01 8.471648422836012271e-01 8.532667684394344976e-01 8.559751312246246524e-01 8.563583774007081928e-01 8.611932241437749713e-01 8.629829356086309300e-01 8.519515833341971822e-01 8.642573850308069572e-01 8.640870729320540011e-01 8.658308792820005317e-01 8.723060230356448619e-01 8.730913806076726624e-01 8.424513218429346972e-01 8.613100532015939281e-01 8.673798387420424971e-01 8.521264999756891223e-01 8.520093842006305485e-01 8.623270050672279252e-01 8.724767603562300078e-01 8.677000900577900300e-01 8.650106201980622966e-01 8.695068293218132238e-01 8.750781099693251130e-01 8.739739708743776703e-01 8.715153988597287293e-01 8.743205113545295948e-01 8.589148137507611747e-01 8.788767765538334498e-01 8.689513317096159151e-01 8.689615656193412363e-01 8.776747349290633382e-01 8.789127828840662682e-01
6.204571845633375521e-02 1.696153422786572940e-01 3.075492867075161341e-01 5.305640889289785500e-01 3.970173968051886604e-01 4.894540173528191818e-01 6.560927601732042813e-01 6.414353065015058197e-01 7.390871296688574787e-01 1.000000000000000000e+00 7.218417512854210516e-01 7.709516482813667526e-01 6.897892036974985208e-01 7.036946932692990098e-01 7.776443655309646097e-01 7.621255487951201779e-01 7.254763212503726466e-01 7.490074119504717132e-01 7.419150985258713416e-01 6.586170422655465151e-01 6.930448662427982631e-01 7.290902649824616555e-01 6.850453121327692019e-01 6.855874504126278079e-01 7.094692134492449620e-01 7.883160034722148657e-01 7.709694358246773627e-01 7.423149927197256748e-01 6.995085663580900004e-01 7.412708494507262991e-01 7.999194186717115684e-01 7.844743096709384522e-01 6.850145527436306558e-01 7.464191092532380667e-01 7.437599421408764844e-01 7.260253721433648222e-01 7.602521950946531382e-01 7.635047413912160463e-01 7.684748810405627184e-01 7.377313373076384018e-01 7.976913713204920597e-01 7.870071341187875325e-01 7.614229660204255845e-01 7.947561564410273727e-01 7.975494987426138271e-01 7.894399621081088503e-01 8.065225682661666395e-01 8.137523634301575548e-01 8.026472978727804408e-01 7.442130417553023403e-01 7.745472510245746678e-01 7.441688920646872818e-01 7.878777692673353261e-01 8.100416382066822907e-01 8.045276654041968456e-01 7.965313247292916676e-01 7.869786125671127675e-01 8.001896913542801970e-01 7.982495289981816899e-01 8.080369148187103168e-01 8.008964389128789829e-01 8.039349701974740636e-01 7.949557111802539877e-01 7.920475382182360358e-01 8.033067781176648214e-01 8.032165296752818984e-01 8.095257289297151937e-01 8.067529132592300423e-01 8.077676320323617931e-01 8.027713783923068336e-01 7.985852124415065978e-01 8.074748647071668950e-01 7.932556460133299847e-01 7.926228034668197919e-01 8.117458443298113391e-01 8.102532327809119916e-01 8.042539037399937252e-01 7.958499543833491563e-01 8.034183319030884229e-01 8.126247144839862102e-01 8.086458305268987568e-01 8.158827593518610533e-01 8.008696862332703725e-01 7.972115901233531865e-01 7.826800929392505601e-01 7.920113608409301564e-01 7.968672410291629538e-01 7.965174270898974784e-01 7.998371678176801058e-01 8.042350958787706228e-01 7.954272799998073351e-01 8.030311169185234688e-01 8.044774588184888664e-01 8.069704042579290970e-01 8.089305625180357451e-01 8.113157116248277401e-01 7.748624972669704292e-01 7.788311137929976313e-01 7.970979366666485211e-01 7.849472300869625441e-01 7.880345362433797129e-01 7.932049381886683292e-01 8.003291251047209842e-01 8.022474488185584729e-01 7.930745804318901637e-01 7.991763247379279900e-01 8.086763467270055017e-01 8.122952264791399868e-01 8.107478807224239858e-01 8.073987474454230595e-01 8.036421043214516668e-01 8.092486894085262339e-01 8.061819396080985856e-01 8.011046177545502189e-01 8.056784129463069322e-01 8.069281563341966779e-01
2.887720902750144647e-02 1.271657998592839178e-01 3.503117682720889858e-01 5.983213466123772362e-01 4.519299928771255415e-01 5.478972835657667240e-01 7.271933887275099373e-01 7.128667838861224570e-01 7.891460770216075504e-01 7.218417512854210516e-01 1.000000000000000000e+00 8.593877268546639137e-01 7.551984423615294428e-01 7.815615839503061713e-01 8.524117477465318338e-01 8.380267002349720551e-01 7.951618358384945351e-01 7.941663513508667727e-01 7.958856061163732676e-01 6.980397805926563670e-01 7.520214429010390056e-01 7.916273405745448688e-01 7.206994457538884458e-01 7.115514635342258254e-01 7.617125012360613789e-01 8.324278513701908189e-01 8.249596833228592940e-01 8.085846645811443079e-01 7.513259843859070308e-01 7.804530750449977239e-01 8.494666573093293538e-01 8.522453272451214756e-01 7.489544897523218170e-01 8.021293019609905262e-01 8.051657143641806069e-01 7.950197421543605536e-01 8.122563714625495868e-01 8.435067487034650924e-01 8.431773331213251454e-01 8.186063032277726137e-01 8.664548389594023403e-01 8.622655178861436953e-01 8.456890904346278104e-01 8.721133264126634810e-01 8.738646206585102272e-01 8.610323436116978923e-01 8.814359356354795061e-01 8.815284714991814541e-01 8.763430144919418519e-01 8.363909333672329138e-01 8.587068021603235790e-01 8.284283225511166471e-01 8.654462073932501776e-01 8.782245698283568380e-01 8.754334014512866746e-01 8.671651603960658372e-01 8.674160124904479741e-01 8.806284580129770667e-01 8.738347335143638039e-01 8.751530539590772761e-01 8.804673782948679861e-01 8.816475973729116511e-01 8.748817687976245816e-01 8.656795650274791143e-01 8.720093055184874320e-01 8.771712214959361820e-01 8.805166771731337549e-01 8.791683486207148013e-01 8.734471068399165539e-01 8.692707117907880754e-01 8.716805377005458766e-01 8.749948716135969029e-01 8.547579365756488023e-01 8.602222348362745796e-01 8.824131975909808023e-01 8.816513153877483244e-01 8.748343564532418126e-01 8.600998469797435098e-01 8.708360587585178836e-01 8.713023472917462708e-01 8.729574085128402050e-01 8.772469096148071133e-01 8.706625007667757599e-01 8.633858720788308849e-01 8.612611978712738647e-01 8.612558897415382164e-01 8.627060793684460105e-01 8.754608856266342665e-01 8.718499888192420277e-01 8.777348107246248921e-01 8.659896332815492093e-01 8.810807287148842981e-01 8.759164098611615934e-01 8.801636075776310131e-01 8.843811566043838779e-01 8.828857240617936641e-01 8.678323862578365411e-01 8.705884708775649683e-01 8.823150238492333264e-01 8.711122520897136567e-01 8.716059154085628036e-01 8.827698364055097668e-01 8.792839722485972231e-01 8.845041364570326303e-01 8.740846485687047140e-01 8.807164571069301395e-01 8.836633324970571968e-01 8.828044619312818142e-01 8.856718997946728678e-01 8.863676755953747710e-01 8.832818568574027918e-01 8.827270044624757617e-01 8.859249898834441472e-01 8.827106613963775494e-01 8.803802077587343788e-01 8.828672230361461759e-01
4.296489564934332511e-02 1.348225976298689510e-01 3.781608583077490926e-01 6.572061695914761525e-01 4.902216396525246322e-01 5.900884188541904996e-01 7.943913695201025860e-01 7.847201087849365875e-01 8.375941561496833554e-01 7.709516482813667526e-01 8.593877268546639137e-01 1.000000000000000000e+00 8.096248553311257146e-01 8.354558776633373984e-01 9.192762976851717172e-01 9.064396294118199915e-01 8.611224091454690033e-01 8.534938313841748947e-01 8.552087686199760785e-01 7.689053935104984694e-01 8.290861257158661513e-01 8.580695808134796154e-01 7.987423726806762714e-01 7.730893908161304839e-01 8.124473829402554248e-01 8.906954770851107650e-01 8.845673571253547252e-01 8.678130067156332172e-01 7.991636470573234563e-01 8.439272221961762188e-01 9.027970197126758967e-01 9.217538877177428036e-01 8.264205960126529416e-01 8.796943390817127950e-01 8.774557229299283501e-01 8.743818788021945343e-01 8.869829725978193302e-01 9.156400941682368844e-01 9.174346597237215128e-01 8.863623715131556668e-01 9.297432295616043785e-01 9.288377677757730932e-01 9.152086973691180294e-01 9.398252486328277922e-01 9.320607737709915019e-01 9.274067440173456855e-01 9.429623028910043558e-01 9.438040644271411539e-01 9.419501710713228393e-01 9.087973379597776846e-01 9.312047307379116567e-01 8.926049640275239838e-01 9.320476538710427139e-01 9.360083837321783173e-01 9.300060393194893305e-01 9.327059479280762622e-01 9.305983156339608930e-01 9.396115674766500891e-01 9.329924792845886161e-01 9.344632256339598930e-01 9.430727034098003170e-01 9.390328755253453119e-01 9.365553918738691586e-01 9.343572741986303498e-01 9.382427487221061124e-01 9.418921767264477607e-01 9.451478949020949427e-01 9.408128441706500311e-01 9.375368002843506021e-01 9.370354114406117541e-01 9.369868172566609976e-01 9.363141481001764355e-01 9.171196089801805229e-01 9.184664444676027273e-01 9.412224987627118011e-01 9.438886952223238813e-01 9.358321743424972139e-01 9.171550055054715767e-01 9.306517997556864596e-01 9.297698504407216902e-01 9.334005456889185037e-01 9.350321638555707526e-01 9.414079994477984048e-01 9.312390654282987068e-01 9.312276207531120509e-01 9.305786133482001343e-01 9.320876249285843240e-01 9.410538920824284004e-01 9.390483343490677592e-01 9.392380203861206978e-01 9.331896876175304056e-01 9.425051046199369731e-01 9.405446274402955442e-01 9.435609164870050192e-01 9.462578045872747090e-01 9.444612231426846582e-01 9.303700681907663972e-01 9.341156221524445913e-01 9.444225306345293003e-01 9.359127201907541105e-01 9.372848918102855142e-01 9.447451519407202847e-01 9.431117511828597255e-01 9.467458753272707250e-01 9.422227105925569113e-01 9.404426020921589080e-01 9.468367313077105107e-01 9.424667807119565532e-01 9.451223686140043379e-01 9.471843816657085080e-01 9.418003752098662584e-01 9.453451168696407336e-01 9.463930836089398113e-01 9.463184461071461051e-01 9.435833952960372972e-01 9.452605781181321332e-01
2.994058512845933218e-03 1.315410116406924845e-01 3.077686971734312493e-01 5.368180112370565249e-01 4.785221668701574727e-01 5.273915955522533450e-01 7.107580260945833839e-01 7.096858494277571427e-01 7.540526779065923613e-01 6.897892036974985208e-01 7.551984423615294428e-01 8.096248553311257146e-01 1.000000000000000000e+00 7.422590172630670891e-01 8.258896131145128106e-01 8.202381305606429862e-01 7.601121832242108134e-01 7.643063615125699206e-01 7.663510523824602627e-01 6.848103619723440172e-01 7.541303017690260679e-01 7.697042293682532232e-01 6.823455459939180567e-01 6.841774239709164096e-01 7.224483487286934569e-01 7.991527438746228729e-01 7.744569768110259878e-01 7.535639110872137669e-01 7.053360256799080519e-01 7.219595527010742586e-01 7.881563159740425650e-01 8.178577689142958462e-01 7.048131028472075510e-01 7.754216139464642499e-01 7.631274855561325232e-01 7.621052082052605092e-01 7.749744186147160541e-01 8.010097658850849900e-01 8.083179984362408588e-01 7.694287063938399784e-01 8.286969129169875492e-01 8.295379444994576135e-01 8.189329006091873309e-01 8.388462032026657855e-01 8.256755744534358676e-01 8.234813133785466865e-01 8.477755422559176690e-01 8.468942717393900255e-01 8.393416822583628090e-01 8.072560626696138053e-01 8.202288814455376276e-01 8.066810582968616528e-01 8.346429397730225075e-01 8.378289290771221420e-01 8.288915776011750447e-01 8.208047929291848455e-01 8.130642149631169824e-01 8.406273322272287407e-01 8.200125464667389341e-01 8.402896388934725236e-01 8.397599540401353702e-01 8.336061448731728607e-01 8.199140526046601041e-01 8.277935824107921503e-01 8.409129645452495527e-01 8.416613474287284458e-01 8.482227129020831757e-01 8.468989591211724122e-01 8.444246344235363244e-01 8.421455651324957214e-01 8.444510120915432738e-01 8.409959974956718876e-01 8.224078445086140388e-01 8.255482228123389721e-01 8.439572506732463397e-01 8.432835898121517904e-01 8.360657564034282840e-01 8.231423897215504049e-01 8.286007883864842105e-01 8.311526468698988701e-01 8.367617229316430816e-01 8.379221876881575160e-01 8.385916894118475851e-01 8.245154895960501440e-01 8.353972315631562617e-01 8.332666051655231998e-01 8.307371561532566062e-01 8.428324738115184900e-01 8.426676994964055201e-01 8.418091211000879870e-01 8.286903598013086736e-01 8.485938867824179832e-01 8.436290708006057848e-01 8.451253725708757214e-01 8.534708369378204429e-01 8.529482445747202934e-01 8.332250574308250890e-01 8.417684782032122115e-01 8.509984818720705002e-01 8.461187413101196597e-01 8.488619049346526335e-01 8.464604172416798633e-01 8.543917006259201807e-01 8.550450000048739341e-01 8.482344817378323354e-01 8.377190008363509799e-01 8.513959708939163873e-01 8.509963423233060098e-01 8.494886512637925824e-01 8.543077494132422789e-01 8.443128221071632966e-01 8.540745895722109404e-01 8.489028257546920031e-01 8.515215354357281718e-01 8.493056467503167228e-01 8.523631379071440195e-01
