1.000000000000000000e+00 1.134293250619911875e-01 1.206689190268136758e-01 1.145673505177391693e-01 1.121476715437938615e-01 2.573523529866124024e-02 9.170175034785285617e-02 1.064203949353174639e-01 1.689545926853575908e-01 7.525506933762274309e-02 8.016207802516828185e-02 5.292281211314188438e-02 8.953218121080165626e-02 2.256382726366028962e-02 5.759498024352034673e-02 6.297513345226665726e-02 1.311122654860727987e-01 1.204939171453910662e-01 4.898067427727854223e-02 7.647951215742712638e-02 1.796300984666620304e-01 5.583702274689721773e-02 2.259732903968277029e-02 3.011873249839654501e-02 2.302772802151561993e-02 1.228766526396214559e-01 1.094634739293987441e-01 6.613429967501517626e-02 7.765541345634348336e-02 9.168428737168989040e-02 8.795786245116557489e-02 5.407986621614080391e-02 3.095407051435317136e-02 4.883704806300732254e-02 7.618644434725703463e-02 4.860680827838777252e-02 5.338460027450550593e-02 1.733029573417613212e-02 3.410548790525898266e-02 8.486933215351056756e-03 3.048862003009139218e-02 1.487601347432255389e-02 2.115222276338018723e-02 3.225641326392179875e-02 3.785965713497592422e-02 2.174515657209934172e-02 1.183116958974120281e-02 3.109474404967292605e-02 6.940380085080743999e-02 6.835831436146370954e-02 2.801771512727548041e-02 1.020784093863201653e-01 6.745182607131804120e-02 6.816610448766809160e-02 5.211995597870052593e-02 4.168749871650370004e-02 9.961662576671979907e-02 1.964085475491000876e-02 1.221676260036257296e-02 4.791271331778589743e-02 3.481222438750398301e-02 5.018101600554572550e-02 3.491177420755461891e-02 6.582694203317096537e-02 8.398857105719163829e-02 9.419766588592845546e-02 3.132902849910747245e-02 2.697459593311908252e-02 4.084318084825987183e-02 4.245329509514696176e-02 3.195561895324018631e-02 1.491957829782600796e-02 1.576426061522159805e-02 1.246848184614204012e-02 4.280436511131868738e-02 3.364951418503318165e-02 2.169765896223672247e-02 2.268239960138915615e-02 1.998857070564233340e-02 3.255379089212695476e-02 3.279106667535321151e-02 3.452321765015763794e-02 4.708126161629270362e-02 3.541082545216542310e-02 3.479884843307863573e-02 2.516282716389271062e-02 2.006895610695125926e-02 1.993674943388133725e-02 1.575838192337445168e-02 2.959713562719616317e-02 1.190222943103472382e-02 9.766659860540630525e-03 1.979821002558297682e-02 9.418671176015021990e-03 7.208724780812936564e-03 1.948816140168416200e-02 3.988648621646632975e-02 8.501081024138755493e-02 1.937783561021443751e-02 2.490731746800287083e-02 4.346761526545209545e-03 3.349612006458442537e-02 4.002891274752314738e-02 2.147434356931983424e-02 4.808975818404820357e-02 5.568589735237642474e-02 5.239197438873808427e-02 1.543280557221980362e-02 1.572902886877185213e-02 2.231184717608935414e-02 3.943888340407119587e-03 2.709435628482939618e-02 3.465920507853553767e-02 4.568475198988600217e-02 4.508379787266943162e-02 5.375863516131786091e-02
1.134293250619911875e-01 1.000000000000000000e+00 1.089763801853419478e-01 1.572506169382974217e-01 1.015679658207013919e-01 1.323193076623788988e-01 2.211201156360234621e-01 1.610409320264538091e-01 2.007257482294815820e-01 2.358569399942893885e-01 2.072001045389360308e-01 1.769018870194384863e-01 1.783082743675821757e-01 1.426089068752608990e-01 1.980645474062300015e-01 1.718843760393168607e-01 1.840344416867380206e-01 1.928014843631461195e-01 1.809127302743125665e-01 1.438010903564864162e-01 1.413102893867070886e-01 1.667051165049691641e-01 1.891442483354187631e-01 1.510953048264070120e-01 1.488036974777491306e-01 2.117445282236339876e-01 1.982448200435174279e-01 2.167939936615753960e-01 1.965270515188658751e-01 2.013518297498996801e-01 2.039993697385719396e-01 2.031516888186543912e-01 1.903236718837811314e-01 1.576871607761662353e-01 1.766797176597570407e-01 1.495520531117812135e-01 1.721035346735524663e-01 1.969117104469092217e-01 1.728670770883344865e-01 2.037040661035098288e-01 1.816268409950652918e-01 1.770670022961341183e-01 1.673041685378769405e-01 1.656235057133880195e-01 1.821685085632766266e-01 1.767898800978865703e-01 1.606464976119618970e-01 1.820983282221823041e-01 1.949762576755691978e-01 1.549290558187590428e-01 1.794135841777546037e-01 1.358027712187892255e-01 1.704266851083289513e-01 2.107842923461847595e-01 2.158977754053340026e-01 2.128161739695529908e-01 1.949091857799572503e-01 1.641971150784672095e-01 1.870213417159417024e-01 1.728206110769437698e-01 1.629419756452271661e-01 1.832636817675169782e-01 1.787084952112114877e-01 1.700241607976273606e-01 1.710657670728140123e-01 1.958282929533564087e-01 1.727528310233439057e-01 1.754968207241469347e-01 1.905562975480592780e-01 1.731180902207037908e-01 1.599105486172373025e-01 1.692915073343567445e-01 1.689291199550017886e-01 1.692522870970374349e-01 1.806945177592819973e-01 1.790088853390351675e-01 1.846692388873203694e-01 1.713954676164541058e-01 1.837203816168518633e-01 1.706509477042996714e-01 1.780927370185829695e-01 1.799891444629558024e-01 1.830481418020918349e-01 1.796048926940393975e-01 1.773956111268994162e-01 1.667273015843423467e-01 1.704972987497614112e-01 1.806886148294599148e-01 1.708360938438780730e-01 1.934341285710109437e-01 1.893616076063705245e-01 1.721304543275360699e-01 1.671639870826692187e-01 1.733127160967639913e-01 1.639674007799366284e-01 1.774502427797437498e-01 1.658160261456501361e-01 1.704379245515560415e-01 1.665749955855078679e-01 1.663686226873229146e-01 1.648629903504058858e-01 1.612894418869826596e-01 1.628019798619655401e-01 1.603418277493814104e-01 1.590074203997308977e-01 1.769895616863737808e-01 1.850739291132926512e-01 1.704576666894473402e-01 1.793930241240455636e-01 1.697229466984329638e-01 1.734358887079796296e-01 1.685623465877358618e-01 1.715706572997768575e-01 1.641445599255759169e-01 1.614147353893509163e-01 1.783350834105203730e-01
1.206689190268136758e-01 1.089763801853419478e-01 1.000000000000000000e+00 3.852428233514151312e-01 2.225321912656484658e-01 1.978633531022594705e-01 3.733082979233303678e-01 3.513564523213714708e-01 3.770273433061706037e-01 3.321979908217853605e-01 4.014500527730490154e-01 4.161613082203849956e-01 3.394427273047267990e-01 2.761345449423576737e-01 4.107539749160785125e-01 3.893910359628930951e-01 3.991857848119685914e-01 3.786545988751345293e-01 3.805000302262268042e-01 3.483847345080255398e-01 4.105171693375980757e-01 3.874469627492691526e-01 3.934097719914511071e-01 3.693622811316943366e-01 3.561994043456285230e-01 4.187622613169096897e-01 4.303963945000522928e-01 4.118592394526502387e-01 3.921896892330945517e-01 4.062233883566882531e-01 4.224461305394416333e-01 4.261270845546015762e-01 4.145476819147262959e-01 4.251622010988049261e-01 4.023233694451196496e-01 4.152345988014552458e-01 4.201119383066442281e-01 4.129455602258145230e-01 4.229764051047335549e-01 4.085699259053494625e-01 4.068538332248651246e-01 4.175519988044266162e-01 4.072330699836106405e-01 4.100953387953488738e-01 4.234969790568732795e-01 4.001033533159875089e-01 3.778825661630212940e-01 3.896187375885309390e-01 3.904908914554119370e-01 4.038139982223529212e-01 4.102427128943456625e-01 4.007495811827311849e-01 3.928622162236218851e-01 3.948601041927016220e-01 3.833531504564144377e-01 4.090779740478512894e-01 4.022076708144899926e-01 3.910084317496043682e-01 3.836160770580859802e-01 3.967054410117662466e-01 3.952052605120506823e-01 3.908053515273797740e-01 3.860948578530876696e-01 4.019866151528556641e-01 3.968495099634499201e-01 4.064201299156627867e-01 3.903262567120893145e-01 3.953395994653088885e-01 4.038666366544421127e-01 3.979704547297520101e-01 4.067500993552568556e-01 3.997832831904900575e-01 4.004155657393398404e-01 3.959226857198460126e-01 4.094055999549768288e-01 4.037251457645318342e-01 3.992930344348120664e-01 3.902465517851211874e-01 4.038584166965865641e-01 3.950821227902259758e-01 4.049857635967496483e-01 4.145001961890774633e-01 4.129478964798494189e-01 4.034355163082029017e-01 4.163189436522222175e-01 4.095564189765537599e-01 4.069608722916790433e-01 4.067933259538950574e-01 4.043617252337694534e-01 4.040928277009683822e-01 4.097465462695009109e-01 3.976210660627458315e-01 4.005854925245923570e-01 3.975570585481856267e-01 3.841519873869613244e-01 3.869277805898370670e-01 4.050605505291685615e-01 4.018063219207763659e-01 3.902974299600297514e-01 4.030224204589570314e-01 3.983423837314638005e-01 3.988275699619543424e-01 3.916616800532836673e-01 3.973213468715134367e-01 4.045508563188062179e-01 3.943725159709085548e-01 3.953940791183678805e-01 3.849812318705135294e-01 3.942064344444704549e-01 3.914731850008262848e-01 3.885800419743065115e-01 3.874797088655902999e-01 3.920254712307310596e-01 3.985397141719363434e-01 3.918802999660269126e-01 3.976166824127449484e-01
1.145673505177391693e-01 1.572506169382974217e-01 3.852428233514151312e-01 1.000000000000000000e+00 3.568949094636381658e-01 3.879663412833627700e-01 5.798185030560084607e-01 5.392602886404420648e-01 5.626155762212678990e-01 5.174535655905483367e-01 6.100677706780213150e-01 6.373109237991491094e-01 5.418488838541043462e-01 4.262224091209433352e-01 6.233040401204087422e-01 5.870724433313806445e-01 5.893146912764134493e-01 5.512182436850894263e-01 5.495198653058246396e-01 4.600973487763320713e-01 5.829944493118159876e-01 5.876919935967828135e-01 5.456189497134713573e-01 4.903139426567846848e-01 5.240931187062026764e-01 6.285053940941478512e-01 6.397918970630785962e-01 6.172824742376221696e-01 5.975210341590807550e-01 5.929771509342203206e-01 6.321576537079228730e-01 6.112892747739915311e-01 5.937436584794316685e-01 6.062222429807727631e-01 6.024607034984156284e-01 6.288136401690754829e-01 6.351328554778771229e-01 6.116497642107160404e-01 6.399093843024880046e-01 6.096079173341809598e-01 6.043668695341914976e-01 6.149111816137609043e-01 6.242247135658376411e-01 6.222094768628866346e-01 6.326282554547087988e-01 6.210332613456914785e-01 5.819158287510284300e-01 5.996279565502568021e-01 5.956792191644814105e-01 5.905813817036640323e-01 6.057846524686618661e-01 6.130281297414403863e-01 6.038110097582618518e-01 6.177748256438128083e-01 6.044592976893409242e-01 6.270437466099814117e-01 6.299186309342500456e-01 6.012318139782218962e-01 5.869736954853485011e-01 6.098688023039715578e-01 6.022266873280089916e-01 6.071068736803750809e-01 5.973437029580739299e-01 6.209682853594230556e-01 6.104165750135372992e-01 6.325360008747916707e-01 5.967048858285047830e-01 5.921290833957262301e-01 6.036397408402300879e-01 6.011736336291241267e-01 6.123013452720745819e-01 6.041323348055697151e-01 5.867758865396487389e-01 5.902614469182027035e-01 6.219285666899774245e-01 6.183922540424029446e-01 6.170001632336208353e-01 5.947851852597070277e-01 6.098600474759430234e-01 5.930842676618466314e-01 6.104225452874174618e-01 6.194083115784752014e-01 6.241739582394029151e-01 6.084679120148897002e-01 6.184970193928573945e-01 6.158004555128705482e-01 6.221441451533540334e-01 6.148481099116777093e-01 6.177694789430755451e-01 6.187507442063715501e-01 6.219292472725254095e-01 6.075423521930810589e-01 6.091235562294501360e-01 6.090087257965556278e-01 5.866295019179481596e-01 5.951270643331781907e-01 6.182329055390559658e-01 6.176724972981769701e-01 6.007779582967844867e-01 6.109593946957913024e-01 6.166000302097727204e-01 6.128681577611575504e-01 6.037480676391980827e-01 6.091101825593313590e-01 6.211374768576842786e-01 6.155529769455555522e-01 6.066613855810034650e-01 5.922863211384538085e-01 6.071566667942299711e-01 5.968625974051640082e-01 5.958707163318713862e-01 5.988706115417926634e-01 6.048122188259933418e-01 6.111165959958899663e-01 6.006360677168265383e-01 6.132318437884616280e-01
1.121476715437938615e-01 1.015679658207013919e-01 2.225321912656484658e-01 3.568949094636381658e-01 1.000000000000000000e+00 3.289103450086027780e-01 4.766208297691835738e-01 4.454528551382266333e-01 4.700965089057267399e-01 4.589355052151409819e-01 4.617062620414623120e-01 4.983903229290118642e-01 5.213662085928876255e-01 3.410985150140437017e-01 4.998067702482368313e-01 4.999923776162068512e-01 4.481645238863399272e-01 4.226900912242922415e-01 4.402805571867474677e-01 3.603964206312312291e-01 4.430766763414213938e-01 4.510186486157184427e-01 3.972219359872241062e-01 3.974346597532917857e-01 4.186690174749694848e-01 5.086014363222166601e-01 4.848194204041090805e-01 4.666417844143972427e-01 4.719196821720871293e-01 4.906809159257345954e-01 5.016717008133252387e-01 4.617801477346553662e-01 4.428577986614545270e-01 4.536562587046686912e-01 4.811103843322804829e-01 4.693380331353299018e-01 4.800807993476897129e-01 4.886356131467719521e-01 4.977534225584884231e-01 4.740818777112811300e-01 5.042877683552929868e-01 5.050294682860222428e-01 4.990715090674051058e-01 5.094117768756625253e-01 4.981436647421112474e-01 5.052033278427520147e-01 4.955571226398679530e-01 5.043912862950967746e-01 4.947942834860597494e-01 4.624531521373203558e-01 4.928438286291603743e-01 4.868816885787271009e-01 5.063114572865795582e-01 5.095238562716154496e-01 4.986937881152086471e-01 4.963675053684780680e-01 4.995478365973777257e-01 5.098510293148621475e-01 4.952624484161293750e-01 5.185070130454794146e-01 5.107408578262230270e-01 5.126542459340163171e-01 4.995706134873070803e-01 4.994626614911696905e-01 5.069293982441136492e-01 5.112732574413041409e-01 4.943958318919600137e-01 4.913079497221872205e-01 4.872049627685896556e-01 4.997421330913426885e-01 4.988637186515388344e-01 5.007288884426355224e-01 4.869731905767436531e-01 4.937633788613899344e-01 5.096606970053549901e-01 5.043156478373914675e-01 5.000004677025853272e-01 4.969951034674366386e-01 5.079763875431679843e-01 5.042581673655440744e-01 4.974953077654271638e-01 5.022962506880379596e-01 4.820451501022481877e-01 4.976620841955697316e-01 4.843260403879567910e-01 4.859889831975480190e-01 4.898893965250992744e-01 4.969558390810759896e-01 4.967501427310383466e-01 4.859206019972938106e-01 4.918880438672310618e-01 4.996916063533853314e-01 5.021158020152493018e-01 5.017353130218102919e-01 4.955114124516732943e-01 4.962443940283551291e-01 4.784840392331429770e-01 4.919342380532469861e-01 4.960581036892874884e-01 4.901366965445291823e-01 4.966225419413564102e-01 4.923468853705928461e-01 5.024147087978674264e-01 5.045807697009524473e-01 5.004092899387592164e-01 4.905152330159172069e-01 4.935219633266570982e-01 4.995141588677011746e-01 4.984689549356454141e-01 4.999237236875698209e-01 4.911149652379927510e-01 5.033836940741457378e-01 5.027148949959975299e-01 5.000942149070547460e-01 4.982428197849296803e-01 5.038542995877380859e-01
2.573523529866124024e-02 1.323193076623788988e-01 1.978633531022594705e-01 3.879663412833627700e-01 3.289103450086027780e-01 1.000000000000000000e+00 5.149463116314225708e-01 4.347951688862374264e-01 5.114560879856049347e-01 4.712914936560017032e-01 5.331020299532926998e-01 5.552236627810890335e-01 5.122461642769772228e-01 4.103805460714817221e-01 5.680831371025727439e-01 5.454107064291681128e-01 5.179231298238291537e-01 4.563645379593584961e-01 4.974287710502173221e-01 4.044592211966678286e-01 4.767131295646571676e-01 4.990359937247562661e-01 4.621178046870675904e-01 4.468420371587327189e-01 4.692346530093453039e-01 5.579491519614125927e-01 5.575287751067321551e-01 5.326995119129002143e-01 5.302576576411333065e-01 5.280377765736858908e-01 5.710045138200475767e-01 5.389972367524671348e-01 5.298574527646853216e-01 5.404853565263059156e-01 5.293176219863667820e-01 5.526361754891594424e-01 5.582327927334567175e-01 5.553600920620256343e-01 5.743725785183056987e-01 5.406804920508689882e-01 5.745109695828869434e-01 5.731780772158697745e-01 5.651471752240992963e-01 5.805774064518384181e-01 5.776042305987959535e-01 5.766823526382390819e-01 5.761304485850994306e-01 5.831238321564573557e-01 5.592338008451515075e-01 5.385858736883981646e-01 5.663612617379376601e-01 5.486901795547801663e-01 5.815693509875259348e-01 5.684051725318824966e-01 5.565209285056186284e-01 5.548565519419695891e-01 5.653585833856898946e-01 5.769942285986174868e-01 5.667322945529742473e-01 5.839211786930645909e-01 5.839659785056288133e-01 5.794571392298392132e-01 5.601156081080155280e-01 5.736700468297273314e-01 5.700582858354263927e-01 5.726593909885201450e-01 5.872880205801451758e-01 5.809835613802043497e-01 5.747232383470108896e-01 5.791912314946693341e-01 5.814761253434356236e-01 5.848166617118556454e-01 5.682269686673476761e-01 5.745083759880970087e-01 5.887597482003863458e-01 5.895119816411188429e-01 5.858448045417038452e-01 5.819373554667904846e-01 5.817571449377560988e-01 5.821142561882912680e-01 5.849987472928608323e-01 5.892197031978454458e-01 5.769426769078053185e-01 5.790623544558586300e-01 5.764534136932575326e-01 5.806548534683976248e-01 5.865088592256959554e-01 5.837455785641222361e-01 5.846629933593767703e-01 5.816477605528248551e-01 5.844485179430201072e-01 5.868366483977704995e-01 5.890503217550203674e-01 5.868476931205318659e-01 5.867144833237027957e-01 5.876236749063474818e-01 5.758310776681386800e-01 5.724485380651291866e-01 5.868263901308941044e-01 5.862921819604631768e-01 5.893836690708538217e-01 5.857584251732735892e-01 5.832053851333784955e-01 5.878243968511601691e-01 5.859934408930026484e-01 5.817212162601983483e-01 5.800510352023403593e-01 5.868338370275703042e-01 5.896254456064823346e-01 5.834292992606845418e-01 5.860855038765834246e-01 5.858810597770882644e-01 5.887370579931988646e-01 5.865282175164134859e-01 5.814415430395192264e-01 5.828931381773437836e-01
9.170175034785285617e-02 2.211201156360234621e-01 3.733082979233303678e-01 5.798185030560084607e-01 4.766208297691835738e-01 5.149463116314225708e-01 1.000000000000000000e+00 6.876140168751408988e-01 7.146854676926333028e-01 6.999201457306704066e-01 7.667971901950695335e-01 7.849482797278508617e-01 7.174085899704385483e-01 5.677259006823034415e-01 8.386762019114423206e-01 7.837659839883361901e-01 7.305110159463855668e-01 7.038304683190265143e-01 7.252136626202669856e-01 5.862845180858615723e-01 6.901915949683413709e-01 7.213702593228858984e-01 6.984963444348458728e-01 6.583277502804417702e-01 6.853507629278255964e-01 8.105515139260688340e-01 8.032791748159288092e-01 7.959509272339229113e-01 7.743716028559946007e-01 7.780984998135411779e-01 8.138383444819186074e-01 7.796530111541812857e-01 7.580324996942654492e-01 7.709083074528255697e-01 7.681656641730244539e-01 7.686846685008676960e-01 7.856037467950239828e-01 7.993931854803201231e-01 8.091260525475649779e-01 7.773557363579520763e-01 7.990600313532556509e-01 8.018284727221812735e-01 7.921993500681913103e-01 8.092007473590401290e-01 8.056387666061120001e-01 8.112440966847912494e-01 7.795640657242164373e-01 7.951203993587153684e-01 7.926118011536972263e-01 7.571442994666461868e-01 7.863513055808710739e-01 7.548496164185171109e-01 7.893794028941818475e-01 8.121736281998510609e-01 8.079603702895521433e-01 8.042927963399936209e-01 8.059858119778513519e-01 7.912446889096893532e-01 7.905988065858839953e-01 8.010901292538313845e-01 7.995335138257840812e-01 8.030014705359143079e-01 7.953923701561059767e-01 7.981323583803650035e-01 7.877806656445902611e-01 8.062593335069293543e-01 7.884144135196815562e-01 8.005307817850521035e-01 8.018223899111445174e-01 7.894911905719105283e-01 7.921219373034855682e-01 7.961355663108705683e-01 7.920889030921258733e-01 7.930691191953807007e-01 8.141824996627708977e-01 8.086874417360494505e-01 8.153657346644241910e-01 7.981796705995144459e-01 8.131373563548844885e-01 7.961158036195948862e-01 8.050624436739517442e-01 8.083360865811052287e-01 7.962078300129523667e-01 8.034147622504876907e-01 8.024442476770687893e-01 8.000222266079053401e-01 7.993863168869320690e-01 8.074941576283224398e-01 8.009851322021549480e-01 8.056565995515378997e-01 8.061699141112642630e-01 7.999146027169714568e-01 8.004375482293569766e-01 8.024962487246724008e-01 7.873167704552237467e-01 7.940238386483099431e-01 7.936850736037677212e-01 7.958421228823880922e-01 7.968351411541669815e-01 7.933954188057722456e-01 7.994150279744913767e-01 7.992774726300698740e-01 7.923215777170038443e-01 7.963216081052892914e-01 7.961489932115002333e-01 7.999035519095134550e-01 8.021024348141987392e-01 7.930543155391853727e-01 8.057134514696134842e-01 7.930094393860809276e-01 7.954726111723862125e-01 7.926197261988416898e-01 7.993520342006237289e-01 7.966721943723286126e-01 7.863586650149807511e-01 7.982184895612527420e-01
1.064203949353174639e-01 1.610409320264538091e-01 3.513564523213714708e-01 5.392602886404420648e-01 4.454528551382266333e-01 4.347951688862374264e-01 6.876140168751408988e-01 1.000000000000000000e+00 6.592186622212555802e-01 6.163421074739329208e-01 6.915491538603862898e-01 7.237577024815005089e-01 6.768223115093497944e-01 5.159170459502230299e-01 7.347339503690880624e-01 7.383721349673899592e-01 6.792014673589138463e-01 6.283263472381110937e-01 6.484738586501185287e-01 5.331500791294720987e-01 6.575853552949474379e-01 6.481799390505523784e-01 5.905500652967199393e-01 5.750789213499430952e-01 6.057496719778349137e-01 7.223084159911495883e-01 7.041205983637190968e-01 6.812037948216013161e-01 6.963250096055577654e-01 6.924105055959106636e-01 7.132277246187713748e-01 6.951018628968382851e-01 6.611194237738787782e-01 7.020604862817787506e-01 6.908703084456778720e-01 7.105279662060636214e-01 6.897396741981354218e-01 7.228543560589016925e-01 7.313869374789435662e-01 6.908168451476425220e-01 7.226333916669611668e-01 7.217969900130081218e-01 7.157913668399645823e-01 7.338841118611663106e-01 7.225143449016627750e-01 7.222370002124219868e-01 7.242364941030422498e-01 7.337582186347938462e-01 7.424617434815766748e-01 7.127344951157763564e-01 7.293187795801111539e-01 6.989367157030696998e-01 7.267670215288802860e-01 7.545497791749510297e-01 7.439691800664220978e-01 7.426333292094682292e-01 7.598478946703023373e-01 7.345192950061715242e-01 7.430382757949043349e-01 7.397583937427739675e-01 7.448728185683355374e-01 7.502071953327545950e-01 7.436793796195863004e-01 7.490687422713797616e-01 7.300441791705475358e-01 7.503276747438893945e-01 7.292027608274803674e-01 7.310357227887498421e-01 7.309372048463771421e-01 7.197725191995745231e-01 7.292734049564892906e-01 7.282140009180936291e-01 7.165894223990788570e-01 7.186083366885189783e-01 7.412551344077196180e-01 7.363915673535565976e-01 7.340074787070569595e-01 7.285401933021701248e-01 7.329147652002460100e-01 7.312297395601915495e-01 7.301557177878690297e-01 7.335918269909375011e-01 7.434077206909625035e-01 7.315259020813664748e-01 7.376678374541560945e-01 7.363107816953013973e-01 7.322091213881540828e-01 7.395420464643344127e-01 7.338875905486516027e-01 7.468447244582642197e-01 7.276168505684037502e-01 7.279092795318552467e-01 7.307338837028303224e-01 7.284044332038834835e-01 7.260285472821086383e-01 7.337610422504686758e-01 7.471124449829484870e-01 7.538544764366282847e-01 7.428955840971432911e-01 7.357392590051231585e-01 7.338947435610000403e-01 7.480041145617252196e-01 7.273920098337912643e-01 7.362529460590817587e-01 7.388234064257420686e-01 7.518367576603842695e-01 7.530654798887131962e-01 7.291200671346438345e-01 7.416713640017519316e-01 7.352904769771936300e-01 7.377456805548101570e-01 7.338507566079441879e-01 7.419467269517044938e-01 7.437036078926899663e-01 7.243670279446531302e-01 7.430243122593659377e-01
1.689545926853575908e-01 2.007257482294815820e-01 3.770273433061706037e-01 5.626155762212678990e-01 4.700965089057267399e-01 5.114560879856049347e-01 7.146854676926333028e-01 6.592186622212555802e-01 1.000000000000000000e+00 7.463680131279490926e-01 8.008528312673042215e-01 8.350376289334435764e-01 7.683777243729662532e-01 6.125083366386177008e-01 8.363840239042288349e-01 8.080686364944170696e-01 7.969848449120106038e-01 6.926164924030465686e-01 7.201282136108958509e-01 6.036143452342089821e-01 7.430597270032605062e-01 7.127854805406456107e-01 6.705352770386469041e-01 6.311565390528899311e-01 6.644983843558383008e-01 8.337135357675549141e-01 8.184251448920079053e-01 7.811547850664122272e-01 7.786917838941719294e-01 8.087566956554281816e-01 8.413546081914752284e-01 8.075837425553066273e-01 7.716167550099244377e-01 7.916519727136310802e-01 8.074618813540178630e-01 7.881952650448348363e-01 8.157275256650727835e-01 8.274365695720060643e-01 8.372625911931108611e-01 7.885476038172389845e-01 8.537516183718242280e-01 8.365580744540502822e-01 8.105217598119549560e-01 8.580214066984569454e-01 8.462272499237157852e-01 8.396320340524524584e-01 8.605986984522516758e-01 8.754259755255032749e-01 8.615325136780274118e-01 8.115723485669652515e-01 8.408012301736994543e-01 8.156053985004912965e-01 8.661345772356856543e-01 8.779232597981974084e-01 8.593547223167229410e-01 8.438242893437147840e-01 8.653436644970995406e-01 8.640183087696516884e-01 8.591508532520969466e-01 8.788327056416831429e-01 8.637436484687157634e-01 8.735889704466306416e-01 8.498711145792424704e-01 8.567611314734242534e-01 8.671171575293330491e-01 8.796209776824402971e-01 8.649639612029466074e-01 8.590252477242983353e-01 8.552316322378905600e-01 8.579116017807772998e-01 8.532768720009838992e-01 8.563449257793144254e-01 8.332265397409920338e-01 8.368578182543774391e-01 8.721708710549342936e-01 8.677009844646870196e-01 8.582259129053059210e-01 8.506921361633896783e-01 8.487545357277823665e-01 8.622161370580545547e-01 8.609504955669698978e-01 8.687527233737371013e-01 8.525839220599140678e-01 8.623445888554112093e-01 8.497260019591257318e-01 8.498985813534403189e-01 8.544141537752051319e-01 8.576581780515187825e-01 8.576403573607535025e-01 8.564683663212984133e-01 8.512819053598355001e-01 8.584051896172222307e-01 8.639383133316155261e-01 8.598747970125198981e-01 8.623170039673246912e-01 8.674493058754374486e-01 8.404343438878918437e-01 8.538854681902721122e-01 8.584904606942886929e-01 8.548783139018916177e-01 8.476728525336614251e-01 8.565594494858934649e-01 8.671321132595407599e-01 8.632860991867317146e-01 8.619264752371823546e-01 8.573507043324226640e-01 8.653959969482293291e-01 8.650007624482188850e-01 8.635607187162229748e-01 8.668502937930250285e-01 8.556850139111810138e-01 8.699849687430566414e-01 8.691709508303023801e-01 8.623240360353277012e-01 8.665776309655341958e-01 8.751361102124673996e-01
7.525506933762274309e-02 2.358569399942893885e-01 3.321979908217853605e-01 5.174535655905483367e-01 4.589355052151409819e-01 4.712914936560017032e-01 6.999201457306704066e-01 6.163421074739329208e-01 7.463680131279490926e-01 1.000000000000000000e+00 7.384901765004369123e-01 7.750105869635173228e-01 7.147769554892401400e-01 5.788138001542638689e-01 7.924625584545240686e-01 7.715747082202565332e-01 7.232723061578589796e-01 6.313807596812608391e-01 6.738529577286888061e-01 5.570908986993990952e-01 6.398280155495538191e-01 6.614250887013941593e-01 6.439757112395163574e-01 5.915522235943772023e-01 6.137992564458772948e-01 7.732902664393911385e-01 7.544785479821022323e-01 7.380144701548623232e-01 7.291634301488104652e-01 7.460658985683510380e-01 7.778309249596638830e-01 7.701751251138718724e-01 7.353323682870304134e-01 7.368656887377492692e-01 7.405773394697606760e-01 7.284028771565101978e-01 7.592077418024092417e-01 7.940047791531910093e-01 7.829769344504452500e-01 7.691504470558508944e-01 8.113479968445604928e-01 7.960132899598593159e-01 7.686086383674836098e-01 8.027663899195489616e-01 7.932456343015965583e-01 7.896891560084848827e-01 8.075004210014817829e-01 8.236980013519653587e-01 8.055828693754630843e-01 7.498204130066707940e-01 8.049329846443726844e-01 7.157918168302255246e-01 7.970211046197455129e-01 8.194308284033026135e-01 8.042802111490306993e-01 7.998911483604961292e-01 7.925515656569993572e-01 8.051492179460022491e-01 8.133576944533944530e-01 8.158046305347840255e-01 7.983565133423623505e-01 8.122017493263884447e-01 7.946276410873185370e-01 7.894342691101846610e-01 7.904937937372061851e-01 8.055890328483269469e-01 8.075200964705934181e-01 8.005398373091179298e-01 7.972841699985639963e-01 7.967913526644038180e-01 7.879843771291943355e-01 7.983684453922593738e-01 7.774364941485943925e-01 7.800689327506332704e-01 8.155696218634701511e-01 8.117205687227159183e-01 8.089643817158062022e-01 7.999923452056417750e-01 8.033365686122644345e-01 8.048222715439055097e-01 8.026936136303496339e-01 8.109980991964227393e-01 7.924301317699607994e-01 8.017145294062837380e-01 7.946688810461829400e-01 7.874116580532871668e-01 7.993064602153648890e-01 8.093362699736803556e-01 8.029349403368517546e-01 8.010235067164290790e-01 8.091415981559857418e-01 8.105294849380565436e-01 8.090662857674847386e-01 8.077857744891944192e-01 8.098829895611838747e-01 8.131438743131510494e-01 7.768282453033672486e-01 7.765262412557354388e-01 8.018441593107282772e-01 8.031145329199944616e-01 7.966160471204609683e-01 7.910633691495835285e-01 8.033024027533838263e-01 8.056849445956785205e-01 7.885084635843321310e-01 7.877833393141503437e-01 8.057915922388575458e-01 8.112253653434111644e-01 8.110921532319140814e-01 8.107232537179591692e-01 8.064307717707686063e-01 8.113639331116420106e-01 8.091729619252581163e-01 7.961252187175045236e-01 7.993310758493786805e-01 8.073423897455397347e-01
8.016207802516828185e-02 2.072001045389360308e-01 4.014500527730490154e-01 6.100677706780213150e-01 4.617062620414623120e-01 5.331020299532926998e-01 7.667971901950695335e-01 6.915491538603862898e-01 8.008528312673042215e-01 7.384901765004369123e-01 1.000000000000000000e+00 8.650042741329184715e-01 7.770380002994680124e-01 6.275242291863617483e-01 8.663712144297919249e-01 8.301860759167709602e-01 8.137396526897829885e-01 7.533671735730173014e-01 7.971213775280845404e-01 6.406018829091227884e-01 7.596134407926964371e-01 7.902473066599661200e-01 7.740304873240629879e-01 7.225822847504655977e-01 7.547438103999013492e-01 8.687441375705561297e-01 8.580238517508022023e-01 8.536798550242448158e-01 8.199572999161426345e-01 8.492082964138608636e-01 8.823959184391115818e-01 8.737256616286132038e-01 8.359330706964763769e-01 8.595309146723547622e-01 8.483163307896735006e-01 8.504706317631632873e-01 8.607109870621386660e-01 8.861568192713074055e-01 8.949790052909133431e-01 8.643042858722425059e-01 8.907533910256071330e-01 8.883862328892344618e-01 8.808857699512353534e-01 8.952895128874415187e-01 8.933027319619722961e-01 8.951095210939613578e-01 8.825836946195022570e-01 8.881278814754457462e-01 8.806246396704758839e-01 8.500772074065187089e-01 8.826872096460890438e-01 8.453144613728833523e-01 8.846333952400514677e-01 8.881467904311535211e-01 8.820228102007536819e-01 8.898601622581093773e-01 8.807846259951646051e-01 8.794809273940101813e-01 8.866948486991997891e-01 8.890730168675898826e-01 8.910603825517771082e-01 8.918552831839251516e-01 8.824884051432434484e-01 8.834147967316094974e-01 8.737616513771523374e-01 8.874769201428284182e-01 8.856660757658257888e-01 8.905366878851919132e-01 8.948496742999246800e-01 8.820356235135553558e-01 8.871635536733428751e-01 8.922616909701078791e-01 8.796144215792905952e-01 8.833308871670700890e-01 9.009749450020184680e-01 8.980754873927224713e-01 8.948535127783893151e-01 8.783756067278684077e-01 8.952477764277990691e-01 8.863456052763311055e-01 8.982510763161538625e-01 8.971612795021934872e-01 8.935385549645964431e-01 8.966446599877972989e-01 8.993375223672562813e-01 8.953073004797702517e-01 8.937518729329936296e-01 9.003719429124092954e-01 8.975191906937806108e-01 9.002193385216339383e-01 9.033116782527296218e-01 8.930245194904400385e-01 8.965323671038166742e-01 8.968354178477747629e-01 8.846376748907609500e-01 8.906690595263443422e-01 8.875155176941460500e-01 8.732118130093963204e-01 8.878920526837773552e-01 8.906769929900458793e-01 8.947255239639360092e-01 8.884527814805946999e-01 8.863903550957250577e-01 8.898391439197363972e-01 8.912300089244532542e-01 8.859007783331984687e-01 8.886544598080828861e-01 8.880685625601457689e-01 8.977635319090646604e-01 8.892123230207334972e-01 8.914056912825111256e-01 8.882414574029168230e-01 8.909285677932092806e-01 8.860021969381836060e-01 8.803429803546859445e-01 8.904839956136895163e-01
5.292281211314188438e-02 1.769018870194384863e-01 4.161613082203849956e-01 6.373109237991491094e-01 4.983903229290118642e-01 5.552236627810890335e-01 7.849482797278508617e-01 7.237577024815005089e-01 8.350376289334435764e-01 7.750105869635173228e-01 8.650042741329184715e-01 1.000000000000000000e+00 8.167845003737704834e-01 6.617951696823412000e-01 9.048418604166529322e-01 8.772456471353873297e-01 8.282876581095246493e-01 7.392555914222180835e-01 7.880940738194887052e-01 6.524651266134225969e-01 7.737259941674780039e-01 7.942135988243024247e-01 7.643730890437473446e-01 7.071932189318799189e-01 7.466429272596442068e-01 8.907760872602914493e-01 8.866577848501340231e-01 8.653797976493149413e-01 8.478866817078944962e-01 8.690985943473710229e-01 9.136772980463054861e-01 8.898529989779019322e-01 8.609160692899996414e-01 8.754869973566289376e-01 8.726641756961639462e-01 8.771259656704414320e-01 8.988572527268962054e-01 9.144240645373806764e-01 9.296631735211557945e-01 8.872429407447425254e-01 9.273105851956231493e-01 9.246037212118578541e-01 9.106324548319263412e-01 9.370923659579265541e-01 9.263730286759462862e-01 9.283624341217396880e-01 9.279637616509633924e-01 9.327053136329822580e-01 9.166963320001824123e-01 8.830193591850503676e-01 9.238446022966796400e-01 8.765394861299101725e-01 9.232747560892130556e-01 9.229924050950033543e-01 9.116080955439238576e-01 9.144602742956728925e-01 9.150093704894575186e-01 9.257773871418570888e-01 9.261467564262840790e-01 9.351036932161941317e-01 9.346875015083421223e-01 9.320983700975474795e-01 9.160359461681450988e-01 9.243302338943341079e-01 9.180098631413112775e-01 9.275638788409155122e-01 9.295601586273308792e-01 9.228682308627199626e-01 9.217817238781192968e-01 9.205496047860561859e-01 9.213624379406777365e-01 9.294949605451651165e-01 9.040721468304155906e-01 9.095463772902440125e-01 9.418222989411100254e-01 9.411563927455462997e-01 9.355670037213293933e-01 9.216087847042734316e-01 9.305918817605594029e-01 9.273660864885795441e-01 9.352154451288630099e-01 9.403593424735399164e-01 9.253345596478359525e-01 9.313562272521673790e-01 9.278598282149043142e-01 9.262361689561212641e-01 9.359082011707835491e-01 9.373203592494904202e-01 9.385722087106672662e-01 9.296562788081620399e-01 9.361959878945105284e-01 9.374472651289691427e-01 9.374554249548761042e-01 9.386502199589692452e-01 9.317560947892390422e-01 9.333381427142298792e-01 9.219279472289391153e-01 9.139085419273279554e-01 9.329406969225760848e-01 9.334094075830546844e-01 9.344184979931479118e-01 9.310026557525354907e-01 9.311685805591960463e-01 9.381464166657608184e-01 9.319666376155811838e-01 9.208701490137157775e-01 9.279680244508319298e-01 9.317491406079652094e-01 9.361876993940663194e-01 9.346869082634634562e-01 9.320127654721990229e-01 9.337450606031508782e-01 9.337399007632261050e-01 9.307238874415187935e-01 9.281003701219020519e-01 9.333335312302307729e-01
8.953218121080165626e-02 1.783082743675821757e-01 3.394427273047267990e-01 5.418488838541043462e-01 5.213662085928876255e-01 5.122461642769772228e-01 7.174085899704385483e-01 6.768223115093497944e-01 7.683777243729662532e-01 7.147769554892401400e-01 7.770380002994680124e-01 8.167845003737704834e-01 1.000000000000000000e+00 6.080193441169258195e-01 8.249106588214734082e-01 8.149965592190124841e-01 7.503626494998310026e-01 6.742319043864063444e-01 7.104311292807002909e-01 5.930081447338715339e-01 7.120222957958511900e-01 7.030639646485706828e-01 6.556364654070261366e-01 6.281811250399860214e-01 6.595707204541830793e-01 8.059362710259818652e-01 7.896075116287905038e-01 7.550048802801635484e-01 7.673215235969176318e-01 7.801227737706897258e-01 8.143253909464100992e-01 7.857145524778625933e-01 7.529748049169746604e-01 7.807653989300230579e-01 7.781648142439507865e-01 7.795803181847753560e-01 7.881687478141702341e-01 8.147052791048818854e-01 8.238541448188267946e-01 7.746919821760026581e-01 8.388073946921842383e-01 8.285894187864123461e-01 8.073557111461228120e-01 8.452093611452407007e-01 8.239013806204226187e-01 8.330176480805437933e-01 8.463040985837242403e-01 8.497564845110027187e-01 8.431622714093435222e-01 8.039224687395454261e-01 8.306049630630211178e-01 7.956408913947028427e-01 8.471551842589308823e-01 8.460346613208902244e-01 8.326372985830987616e-01 8.200627942339510090e-01 8.365440914813618845e-01 8.448994402597745923e-01 8.433270982674028193e-01 8.572896437296757544e-01 8.523003792839733972e-01 8.552389312916645059e-01 8.384526358361031884e-01 8.412712279331460152e-01 8.371896508597133080e-01 8.489635586185082516e-01 8.427788186427042083e-01 8.391766735243781916e-01 8.362393078470172769e-01 8.395599486945412027e-01 8.321013327827988526e-01 8.400457645498573545e-01 8.210914840657096425e-01 8.220047492608159034e-01 8.508394007897812639e-01 8.494712409612844572e-01 8.428856218712422743e-01 8.389089282163653127e-01 8.386582494324020809e-01 8.478034410860556536e-01 8.418853338430666300e-01 8.466700316737220122e-01 8.278124836233260453e-01 8.447099037489902429e-01 8.343200711830350835e-01 8.351734579714990003e-01 8.375255419056918393e-01 8.423724572471656957e-01 8.423518454397348476e-01 8.351944124664734126e-01 8.326686663045075321e-01 8.445511289027135549e-01 8.452650816175337756e-01 8.434088196500405532e-01 8.454662087530318004e-01 8.479292667658859806e-01 8.279792783003235845e-01 8.312021088969834270e-01 8.453590869285203535e-01 8.398920435108809812e-01 8.382179129019262653e-01 8.422478202778955758e-01 8.468343475217200433e-01 8.475302095491293874e-01 8.424306448357770094e-01 8.373330919562392838e-01 8.456584616653153308e-01 8.463894143244831136e-01 8.456573383710707104e-01 8.490446675447496094e-01 8.425230254326823154e-01 8.514195930782219035e-01 8.502012212755959419e-01 8.446585552697518651e-01 8.409521774167639796e-01 8.495560920469287236e-01
