1.000000000000000000e+00 1.519773245747385038e-01 1.259667515512384039e-01 1.222737430164219513e-01 4.310163263334774314e-02 6.774769966835201239e-03 6.454346687304012009e-02 2.858585526299707233e-02 1.196052955178305427e-01 1.066218261786691934e-01 7.779505297776978523e-02 5.663473865114001388e-02 3.357389345183002527e-02 8.020405641957925602e-03 1.900848988646187260e-02 3.227532620557144877e-02 1.203271945417741795e-01 2.173516630410038675e-01 2.031978969806495228e-01 7.572422815928420148e-02 1.902057705853107683e-01 1.654370467017645951e-01 1.789724208930874305e-01 1.962919791545151282e-01 1.664420558353560398e-01 1.240611323049299886e-01 1.176318820919882019e-01 9.152799295541520774e-02 1.432353871006216139e-01 1.678266807084611567e-01 1.269005752293985989e-01 8.867396435551842815e-02 8.836124555063358532e-02 1.042523408207959440e-01 1.299677129862074620e-01 9.906571761681536026e-02 1.375713196181266307e-01 1.321292923600495342e-02 6.404656695169642922e-02 -6.991261673618807786e-03 3.419942116284325345e-02 1.057501962814882436e-02 2.433151098048136687e-02 3.189869039323704747e-02 6.333438064018312441e-02 4.685754444758971626e-02 1.600553113880679931e-02 1.843363084222712778e-02 1.098271950482647766e-02 1.442800604296929148e-02 1.343715139992947803e-02 3.259534288514715633e-02 2.557988274785908539e-02 4.874192725639668600e-02 4.105206900851116059e-02 3.171164294813139800e-02 3.993471834258583569e-02 1.349444794305676605e-02 1.118629388572840895e-02 3.608056953962544833e-02 2.432433789123218323e-02 2.415721188433265706e-02 9.446052440489646415e-03 2.685256307913949300e-02 7.428830379039054466e-02 5.975273772425308133e-02 3.259816078369928705e-02 8.330012936023571679e-02 7.717539652293450847e-02 6.371779768401236721e-02 8.815104106857023225e-02 6.646854760705687981e-02 8.282889432698560539e-02 8.577445781277238945e-02 4.912779328534721407e-02 4.947394164978440728e-02 4.083927657337078215e-02 6.356610741587524760e-02 5.078200249083165974e-02 7.073422167144181871e-02 6.106401477073740425e-02 4.350268179483265246e-02 5.914514892324254647e-02 5.785531005277404215e-02 2.591318262561560434e-02 5.223633931488815690e-02 5.439780152379505851e-02 1.167577988131215244e-03 3.381838915728475892e-02 3.140764125746092067e-02 7.884158043781243005e-03 7.251970514625108964e-03 1.985895621280193285e-02 1.645241402223833124e-02 6.123944738804166371e-03 6.570780663227166786e-03 -1.524661175831381124e-02 3.762490031774329974e-02 3.632047167934989926e-03 5.172353499231173088e-03 1.997315303345188851e-06 -1.716139150102712800e-03 1.193578843634691099e-02 2.879513977482835770e-04 2.823963998312647994e-02 2.297157549698950266e-02 1.148153853757746812e-02 1.982004692405549967e-02 1.612602864483569584e-02 1.063952465459090668e-02 -8.763548686933752684e-05 1.883658455578995569e-02 5.927412916124717712e-03 2.175273587973989078e-02 4.454030788544054847e-02 2.787953117632818723e-02
1.519773245747385038e-01 1.000000000000000000e+00 3.606101907841732096e-02 -2.761888641824947199e-02 7.774426638876814899e-02 8.893290774143433608e-02 1.096736252343515489e-01 1.232980248414789065e-01 1.978661107723465318e-01 2.293866821848421778e-01 9.879704629092678214e-02 7.788522579517137556e-02 1.291196994849168611e-01 9.845402947408128658e-02 1.399519178825417154e-01 1.451629893610517086e-01 1.579388027194905952e-01 1.270152926019201545e-01 1.246543404123254262e-01 8.824440787133408168e-03 3.378427042156093713e-02 9.200377075078446099e-02 1.638186989403254967e-01 1.348356988065364526e-01 1.456825448030672765e-01 1.542682648138105073e-01 1.365791645135948640e-01 1.569472674490628716e-01 1.492852544944767990e-01 1.622674414276290555e-01 1.298698427892739649e-01 1.372833830203432359e-01 1.791858499057772669e-01 1.526224383291967246e-01 1.615736697777694908e-01 1.227373341199126389e-01 1.579311341230845156e-01 1.535336322526343611e-01 1.613004461978307102e-01 1.248104941593002754e-01 1.411969466051866129e-01 1.491566309920233646e-01 1.165819293688491326e-01 1.392610491692769792e-01 1.303383135409023896e-01 1.439944586382362890e-01 1.557561272660187013e-01 1.670295485083314879e-01 1.378126651160769267e-01 1.061773977176353606e-01 1.492592952367586823e-01 1.042788026288825609e-01 1.079116180046470475e-01 1.721597854819152396e-01 1.466022513449304066e-01 1.478225215686012062e-01 1.160536927630903409e-01 1.519816462245520972e-01 1.527026726558027847e-01 1.506371984942186937e-01 1.441916572025081222e-01 1.482693761372115560e-01 1.251558011686369765e-01 1.350103207724348831e-01 1.637805267089496031e-01 1.438491781844381534e-01 1.566970625268322703e-01 1.661053117183859118e-01 1.555780914876867815e-01 1.178565061060274227e-01 1.449708127926888912e-01 1.531577538518920922e-01 1.641196431138109424e-01 1.520934082720907243e-01 1.555973232339266654e-01 1.501750360615748958e-01 1.621018013303735794e-01 1.596200083751729837e-01 1.535077878520863526e-01 1.663947356985018278e-01 1.632506898888039792e-01 1.532437106431366880e-01 1.595346443633541833e-01 1.701576595797177349e-01 1.532867795390015497e-01 1.618590303090514937e-01 1.550448589019936818e-01 1.584065287438509162e-01 1.610143217395134108e-01 1.487115810623582113e-01 1.593491239761986589e-01 1.531534441328542551e-01 1.470444719031679670e-01 1.549754921507580929e-01 1.536400279208342268e-01 1.592410428233109188e-01 1.176898147587554649e-01 1.334531166636233612e-01 1.446802821815037499e-01 1.546343989620022064e-01 1.409533038882015143e-01 1.393802692037326707e-01 1.398699275492086280e-01 1.460570890943787281e-01 1.384524526012163859e-01 1.370906055104722521e-01 1.477747248404250036e-01 1.639858095018975059e-01 1.525194948787313987e-01 1.580366451173596531e-01 1.520531583598352665e-01 1.572633179653717128e-01 1.477862491978557957e-01 1.529528613963447026e-01 1.584561587316713205e-01 1.461359800557703037e-01
1.259667515512384039e-01 3.606101907841732096e-02 1.000000000000000000e+00 3.727459436345173516e-01 1.644969754123652705e-01 2.259433372025108910e-01 3.393758676447430900e-01 2.901444054117147120e-01 3.150473028043008772e-01 3.113201825941869227e-01 3.434019247978720157e-01 3.764949999388575441e-01 2.979891555799519809e-01 2.848506841032803494e-01 3.360553627725180736e-01 3.269458354409504608e-01 3.425380494917928398e-01 3.731908633975432599e-01 3.969159934537458967e-01 3.354195040113854831e-01 3.881437505748219219e-01 3.933905920590054506e-01 3.627487563084973998e-01 3.880252479309257430e-01 3.806073400871627932e-01 3.948577843463225712e-01 4.020055874315380251e-01 3.776675769211743083e-01 3.897380450465098289e-01 3.924310909047322715e-01 4.164423285959119037e-01 3.974600220637987680e-01 3.576821021756226848e-01 3.941473582702185174e-01 3.873757619416781650e-01 3.989216077405193794e-01 3.961415761525989843e-01 3.505047960140769692e-01 3.746155886400866497e-01 3.568319867007797574e-01 3.594495210260358897e-01 3.453138095743307212e-01 3.715786928402955436e-01 3.587845456725928805e-01 3.902593363817952188e-01 3.625767959683223740e-01 3.431069850111284625e-01 3.264325036587836237e-01 3.396594849226297619e-01 3.779302180370394115e-01 3.536241561873064154e-01 3.577852760265055609e-01 3.585682821666514308e-01 3.394147574194233408e-01 3.480572208620951735e-01 3.600670720774782896e-01 3.626142719865785291e-01 3.352756230604838072e-01 3.418383317055290749e-01 3.503565022253580241e-01 3.494290256542025852e-01 3.402272336379051354e-01 3.533896592275037607e-01 3.519242746155312740e-01 3.547015747076120440e-01 3.568637747129262405e-01 3.410356113669641975e-01 3.772243793685990942e-01 3.816125626387463776e-01 3.853181670629484135e-01 3.950863097782628119e-01 3.747893679963338331e-01 3.738529360689274439e-01 3.902497796642149241e-01 3.647877638637773146e-01 3.639328873419087063e-01 3.547610047567518188e-01 3.658911112300102242e-01 3.702110043220263047e-01 3.718880286458068340e-01 3.612916109396045461e-01 3.676817473749453558e-01 3.591544277786760109e-01 3.626992077840229811e-01 3.584771441683702320e-01 3.684306428486366358e-01 3.740932204764231828e-01 3.378194033116743711e-01 3.547394024780347044e-01 3.554615863289783961e-01 3.425913216783459392e-01 3.416033587418630391e-01 3.522100587972345487e-01 3.476096542848597371e-01 3.336006036112810214e-01 3.302330054622360511e-01 3.451843053522108407e-01 3.584265940380905180e-01 3.428832669421676416e-01 3.430346311996463893e-01 3.449643979355103696e-01 3.405832130745233832e-01 3.418488258744802888e-01 3.349314996609042971e-01 3.607255656592309734e-01 3.452139390725429413e-01 3.400333025481797056e-01 3.339180974400584589e-01 3.418651448702551554e-01 3.372454768613467602e-01 3.325215809434073355e-01 3.358326316671036982e-01 3.356548627415283925e-01 3.444438206819046000e-01 3.522508870599475039e-01 3.463086034429183613e-01
1.222737430164219513e-01 -2.761888641824947199e-02 3.727459436345173516e-01 1.000000000000000000e+00 2.925807911821947105e-01 3.871500185682845707e-01 5.919459449063612100e-01 4.633617635329950746e-01 4.651185947698348588e-01 4.424386737706048622e-01 5.602337848842419143e-01 6.636118189016356750e-01 4.867967447931494385e-01 4.877476122359264976e-01 5.696316678800835698e-01 5.375925534390315619e-01 5.611040631638100074e-01 5.366107712479257774e-01 5.868983563509855284e-01 5.812052524661954767e-01 6.175850549118897526e-01 6.311532459680443408e-01 5.583163059114187865e-01 5.675613905958725169e-01 5.532283998425746585e-01 6.098450321329430546e-01 6.494763729252458484e-01 6.241235778758619235e-01 5.930333524049017369e-01 6.029172506145390464e-01 6.529123980061860566e-01 6.118449031888254508e-01 5.639012608138712634e-01 5.866992337622225495e-01 5.864075219834629094e-01 6.355643385710882942e-01 6.273348770837817723e-01 5.476368930245490985e-01 5.945498380726772503e-01 6.065253938510316578e-01 5.906804915983721038e-01 5.756523471949479553e-01 6.134840077040708550e-01 5.925373701094953649e-01 6.281164050511333086e-01 5.915543201532046380e-01 5.454457678458066727e-01 5.248903166440777035e-01 5.562797363050846489e-01 5.857635008910578867e-01 5.505793536665638532e-01 6.156868915705312473e-01 6.116816008563300544e-01 5.313768105318290580e-01 5.418804099672563934e-01 5.729162670036909155e-01 5.971783901787698357e-01 5.448570821607492398e-01 5.440568707928410408e-01 5.710393817423725649e-01 5.650708090540216277e-01 5.512666822511522735e-01 5.695598943547757198e-01 5.646073137981775236e-01 5.569536927738127918e-01 5.832573626504715669e-01 5.446236924454994632e-01 5.830369942763176105e-01 5.959129705763585028e-01 6.269857392956369457e-01 6.179524980606175832e-01 5.855682149643897105e-01 5.790463743890054138e-01 5.970161494297803184e-01 5.810696146097482639e-01 5.903722250523841808e-01 5.646471331004806471e-01 5.711410903379776638e-01 5.929906776719395811e-01 5.727893747085086584e-01 5.682530694419555273e-01 5.832121198330469936e-01 5.737735911196553129e-01 5.600996457792124517e-01 5.596100600042546169e-01 5.657269664531340281e-01 5.911215011709017864e-01 5.380027426935097834e-01 5.614386695208495315e-01 5.697901045438592549e-01 5.541595825442928724e-01 5.536767393132203674e-01 5.688550928875732993e-01 5.594443815172768231e-01 5.366002437094316013e-01 5.265010749519112299e-01 5.632892869894927657e-01 5.714942931531555859e-01 5.487463867093210768e-01 5.421763154325449641e-01 5.585493736958615507e-01 5.470829690760637964e-01 5.658172429933248093e-01 5.444559541091829047e-01 5.845563522923727939e-01 5.602955091058682280e-01 5.453865771433487053e-01 5.274243294196931942e-01 5.425026734364526426e-01 5.420208354948103935e-01 5.397192480775178103e-01 5.416986186347293453e-01 5.443749161311844942e-01 5.482568988783977915e-01 5.597360469406185146e-01 5.665437782536381084e-01
4.310163263334774314e-02 7.774426638876814899e-02 1.644969754123652705e-01 2.925807911821947105e-01 1.000000000000000000e+00 2.875519227431443392e-01 4.484347705175936172e-01 3.999762294244276761e-01 4.026683278413471512e-01 3.733735283268518335e-01 3.984271088389751969e-01 4.406976132972512117e-01 4.313561890061118897e-01 4.066925219995024543e-01 4.562935598632053558e-01 4.307366691941582060e-01 4.185372454697415256e-01 3.134466074553286519e-01 3.480385457638358604e-01 3.126657840245781195e-01 2.888633310806154042e-01 3.702020672087387165e-01 3.652007297062934144e-01 3.367464013345147222e-01 3.490423214991507650e-01 4.417716030000386485e-01 4.364330275510772128e-01 4.563406810187058960e-01 4.128818743476161957e-01 4.061451964112222646e-01 4.330716374903860189e-01 4.226797303030713215e-01 4.191152413280310740e-01 4.226361736908127442e-01 3.995577842486519038e-01 4.257992974262521102e-01 4.151082531489224126e-01 4.517562322925450791e-01 4.561803245865389544e-01 4.510457022531852433e-01 4.651040737398823288e-01 4.674811467350240002e-01 4.641435766770762861e-01 4.685919521321771919e-01 4.556980418600559135e-01 4.601055489603319004e-01 4.572461023449161943e-01 4.580111843461344701e-01 4.519132809199659095e-01 4.341557606269233482e-01 4.535692060204377096e-01 4.557075011350862348e-01 4.648040543043023831e-01 4.423525194142992056e-01 4.334707552940374464e-01 4.457962586561297624e-01 4.372076401199962992e-01 4.567975775588863918e-01 4.503804853268609243e-01 4.649266988164386105e-01 4.584811509173596922e-01 4.520713639786985705e-01 4.421036201793889231e-01 4.544840541980789683e-01 4.576361451403452296e-01 4.480834010312141902e-01 4.609565347460868878e-01 4.547300574364201986e-01 4.544123647524913046e-01 4.499944298818420174e-01 4.430747663578557538e-01 4.553344206913880754e-01 4.519665269422187825e-01 4.372477656909387611e-01 4.648971808654721039e-01 4.613849543132425013e-01 4.640186686280883821e-01 4.578201440134017641e-01 4.629834486121683912e-01 4.538614543390064315e-01 4.503099449407610977e-01 4.614238701055874414e-01 4.601834651204633753e-01 4.533270803353160461e-01 4.545389561563930036e-01 4.514130830538584105e-01 4.516159028586441693e-01 4.592109817655611326e-01 4.591540081390592110e-01 4.566337987770766604e-01 4.629749972983027706e-01 4.631082226291691195e-01 4.648121536671116494e-01 4.621786572702629714e-01 4.572406301029968700e-01 4.583231686384422465e-01 4.479993408787905640e-01 4.494320618766334818e-01 4.547499459486809559e-01 4.589730511246474243e-01 4.615461362932555822e-01 4.525224375433632429e-01 4.643400016251657547e-01 4.588915856468489540e-01 4.630306055123647457e-01 4.416779312870069973e-01 4.543976417829933556e-01 4.539997224761431749e-01 4.552213264114690072e-01 4.596452473123419646e-01 4.587880108318416750e-01 4.593687384045985200e-01 4.537183164497269883e-01 4.583907875196355231e-01 4.627625924873011720e-01 4.572415709022735197e-01
6.774769966835201239e-03 8.893290774143433608e-02 2.259433372025108910e-01 3.871500185682845707e-01 2.875519227431443392e-01 1.000000000000000000e+00 4.854162846920950236e-01 4.245090226137639977e-01 4.929456339686663635e-01 4.660251136941933603e-01 5.006013463537880570e-01 5.448820732986582316e-01 4.796588999635793549e-01 5.040282034525654931e-01 5.576080041085752503e-01 5.225336544137501038e-01 5.243909220549042294e-01 3.943174870228631224e-01 4.761364521694756435e-01 3.722873984087035626e-01 3.976945256205126622e-01 5.006192578791188730e-01 4.844339057724935671e-01 4.642167416989521067e-01 4.751757546958293443e-01 5.489243967423050874e-01 5.427602975016866393e-01 5.474537363250675526e-01 5.204912109080808147e-01 5.312925179737970627e-01 5.388956045610867607e-01 5.497690875514321673e-01 5.415207614974346662e-01 5.383969678454331165e-01 5.554826912749176726e-01 5.402535352178690076e-01 5.439359177210082441e-01 5.553750216534404371e-01 5.666396503708730492e-01 5.535227011084713489e-01 5.751187569200115757e-01 5.677070542085398408e-01 5.716640358728821703e-01 5.732861922943506272e-01 5.772932725615866900e-01 5.685571272981188029e-01 5.731573981323958566e-01 5.693364718858541229e-01 5.772341533172505867e-01 5.549199661720863874e-01 5.664567600417395044e-01 5.555927572646534029e-01 5.740694483516591839e-01 5.700351199083075748e-01 5.702636638872892183e-01 5.796487256786762021e-01 5.749376671001141803e-01 5.671653625193183723e-01 5.713919254895384325e-01 5.820420032863619086e-01 5.790326503214945353e-01 5.748060932171293880e-01 5.753551530635736544e-01 5.737569987885889899e-01 5.708683688827070890e-01 5.734113534461936501e-01 5.750484282299450634e-01 5.732375201449287916e-01 5.771665178698778265e-01 5.587939355302763422e-01 5.705704169097104428e-01 5.815390475634362177e-01 5.685385348360533220e-01 5.662511085058129501e-01 5.780075907614483643e-01 5.796844020566678246e-01 5.729674948988122685e-01 5.662837335268784411e-01 5.757191647274849666e-01 5.726257783970470916e-01 5.743365750543730774e-01 5.751301548771363681e-01 5.746126514431300070e-01 5.774474682855368357e-01 5.699803674613826976e-01 5.742916907313703190e-01 5.777674905840289865e-01 5.717417218507473420e-01 5.773518307873108935e-01 5.774785793356483898e-01 5.686533322844903315e-01 5.762782482385605531e-01 5.773889712453020850e-01 5.742575400417549991e-01 5.748458230340645070e-01 5.715150446491117364e-01 5.715559553611427868e-01 5.652113649035561682e-01 5.758728299782623905e-01 5.723786643631928461e-01 5.800007057580708336e-01 5.753751329167082762e-01 5.761000723263194345e-01 5.764758039852357907e-01 5.786909048202918404e-01 5.709153792094020519e-01 5.760649879451845701e-01 5.742807552413553562e-01 5.763087977952588981e-01 5.727009724618448150e-01 5.752989401308692408e-01 5.740615083973199528e-01 5.749565953806158314e-01 5.753558586987040924e-01 5.757884332416660644e-01 5.765974913319686923e-01
6.454346687304012009e-02 1.096736252343515489e-01 3.393758676447430900e-01 5.919459449063612100e-01 4.484347705175936172e-01 4.854162846920950236e-01 1.000000000000000000e+00 6.701886361563546002e-01 7.039732276886783158e-01 6.658396417032935721e-01 7.122335481032751048e-01 7.942920743239142434e-01 6.726423658021630780e-01 7.173887781578248690e-01 8.224344299132283487e-01 7.564329662501150242e-01 7.412608542701518699e-01 5.788878171712652509e-01 6.770910491248433027e-01 5.875625894780700520e-01 5.944630958003395138e-01 7.184853854064136014e-01 6.785548228319842057e-01 6.564418029073493255e-01 6.748848962555581421e-01 7.816123960609725474e-01 7.803459819825113719e-01 8.023894683833467933e-01 7.271344589210320120e-01 7.375431715976936697e-01 7.834585174171522226e-01 7.817645307637244301e-01 7.579991145692106524e-01 7.759691442624440105e-01 7.576580505646245411e-01 7.766772021477158505e-01 7.727220706886913648e-01 7.974126275785131668e-01 8.193627788072741502e-01 8.013365864129881055e-01 8.197971394185177285e-01 8.227373813352819587e-01 8.191136853794639405e-01 8.291235037314035328e-01 8.144527004002737325e-01 8.158814334152376668e-01 8.026418412825566673e-01 7.946029303259076748e-01 8.011112838996569119e-01 7.874752424611386470e-01 8.023770811649282297e-01 8.033394910393051314e-01 8.184028350049920020e-01 7.880069526782664813e-01 7.792125243209361285e-01 7.975599189798717736e-01 8.012294883889082842e-01 8.049516693073827112e-01 8.012048499465883600e-01 8.108807432655894543e-01 8.128926883912441781e-01 8.055537127336783731e-01 8.047088606080853301e-01 8.028939467551132747e-01 7.972172388719928060e-01 8.092401770488568680e-01 8.016337614111583854e-01 8.074957417730650455e-01 8.077594833343448855e-01 8.016651459840739014e-01 8.088829460532779292e-01 8.134479324625605301e-01 8.008013692078015389e-01 7.997211856528887441e-01 8.195704301736242980e-01 8.187063031836806504e-01 8.118755519695696199e-01 7.950746037265418176e-01 8.171839656315947886e-01 8.037112357761846404e-01 8.050228979361815362e-01 8.150074810401424230e-01 8.110553066194698957e-01 8.072868197866470696e-01 8.085563992234189312e-01 8.091547879128087040e-01 8.141368591197121196e-01 8.083590940994406226e-01 8.143667621521943900e-01 8.092858131846039083e-01 8.149553352246833304e-01 8.137451363198590082e-01 8.163697795528281898e-01 8.161860559897566869e-01 7.999764028201175048e-01 7.964089064785386807e-01 8.021188102884407867e-01 8.035439985472119240e-01 8.046241499169241029e-01 8.046536972279503264e-01 8.126247775441970411e-01 8.021350257257852112e-01 8.090882103719676532e-01 8.076777259281067156e-01 8.164370367237029358e-01 8.032490783075586505e-01 8.038375319600052915e-01 7.975762436174015368e-01 8.022999639323618037e-01 8.041554249051803271e-01 8.058115663878295809e-01 8.047838802776490219e-01 8.056117443951728019e-01 8.066796222987335785e-01 8.078207981082096145e-01 8.108214156322606225e-01
2.858585526299707233e-02 1.232980248414789065e-01 2.901444054117147120e-01 4.633617635329950746e-01 3.999762294244276761e-01 4.245090226137639977e-01 6.701886361563546002e-01 1.000000000000000000e+00 6.724207476321251153e-01 6.294329348684677417e-01 6.355776757788992315e-01 7.100657151140800094e-01 6.390404216574911977e-01 6.697586762375252745e-01 7.637359896804185588e-01 7.304148274386550455e-01 6.691341756611868252e-01 4.694926589254617144e-01 5.498880723286460048e-01 4.827884480604394124e-01 4.544194236693215871e-01 5.846783803335496854e-01 5.558177179938850188e-01 5.306342366678755695e-01 5.608280123884000767e-01 7.046523634309690420e-01 6.861974024141642703e-01 7.134650006483301832e-01 6.477600850695055534e-01 6.344113296588193007e-01 6.917385692543265296e-01 6.822078738040030510e-01 6.893418416686925010e-01 6.884149937788297535e-01 6.612461093864160366e-01 6.812501302545042048e-01 6.746196217898134950e-01 7.439570341633523487e-01 7.485814498617957558e-01 7.250910934758061366e-01 7.545774725758604973e-01 7.669422056251732345e-01 7.456350663137589763e-01 7.671380847447633045e-01 7.389168274168342876e-01 7.561088828279137752e-01 7.615579725881279627e-01 7.594566013854173736e-01 7.503883689071783047e-01 7.243758201076935244e-01 7.546861735314375208e-01 7.347046280410443053e-01 7.505690200822837665e-01 7.391087013868925526e-01 7.268867784964415657e-01 7.295445750810869434e-01 7.289015506218452511e-01 7.624514515238584034e-01 7.519181296574988238e-01 7.593942724013261758e-01 7.655224062259342599e-01 7.552657503058223254e-01 7.493892623643533257e-01 7.565008151541630088e-01 7.504410364524602972e-01 7.452990701329881285e-01 7.608098422359607094e-01 7.413552219064830640e-01 7.337855299393472031e-01 7.246069479907374378e-01 7.303642644209309420e-01 7.475850666271433020e-01 7.321607136028839280e-01 7.194097538402276504e-01 7.633555257685923356e-01 7.608208996809884272e-01 7.611812788890774950e-01 7.415603025738217724e-01 7.559675563052974390e-01 7.468047456965578590e-01 7.480312103538119262e-01 7.625724333301067137e-01 7.492792888642841875e-01 7.497912166617011209e-01 7.602291348150035377e-01 7.507634181619148306e-01 7.493226900335860918e-01 7.704377646675699687e-01 7.646696709776833467e-01 7.500456381058147048e-01 7.671665583362073937e-01 7.710081047243155794e-01 7.681029469220072015e-01 7.714730722988816236e-01 7.631489759517898763e-01 7.642976905108644914e-01 7.567305640824527613e-01 7.536377429140045381e-01 7.664829151259520135e-01 7.673518904025795617e-01 7.694601409499622902e-01 7.645589182171783627e-01 7.652161112501975060e-01 7.702234930516055345e-01 7.630823354053962726e-01 7.508375904701773962e-01 7.625018170660639028e-01 7.595841323086290897e-01 7.593312289106526336e-01 7.657897600222892676e-01 7.642577156215595302e-01 7.657239121413408345e-01 7.640438433375056348e-01 7.661341065952618212e-01 7.637060051599295907e-01 7.633250453689668369e-01
1.196052955178305427e-01 1.978661107723465318e-01 3.150473028043008772e-01 4.651185947698348588e-01 4.026683278413471512e-01 4.929456339686663635e-01 7.039732276886783158e-01 6.724207476321251153e-01 1.000000000000000000e+00 7.550890499368899667e-01 7.290641757734740436e-01 7.829610789801154658e-01 7.216184199087091189e-01 7.710218488625102395e-01 8.347259112673114378e-01 7.974661188922286259e-01 7.957208642096236240e-01 5.692420086444035521e-01 6.666460784550016783e-01 5.094086648072913004e-01 5.196706508698142324e-01 7.001401910576422472e-01 6.874935038468230619e-01 6.485558949968396325e-01 6.880443902288783109e-01 8.052085036154640330e-01 7.772257992386383263e-01 8.002557374013677949e-01 7.687491593086177577e-01 7.718505020609973677e-01 7.833316139063409844e-01 7.896698210005885787e-01 7.901033316994741096e-01 7.921367086143091818e-01 7.902527764108425723e-01 7.688354737566069907e-01 7.995283191274363821e-01 8.288119331243491983e-01 8.431998514083799412e-01 7.806484861098597072e-01 8.532896192075098973e-01 8.408271900096412343e-01 8.122631863051311685e-01 8.531036194110077631e-01 8.337146656169259762e-01 8.526844906698571869e-01 8.676629383099673243e-01 8.751303858287070581e-01 8.549069098416268719e-01 8.077261518651710492e-01 8.424257090742759413e-01 8.103810554538792843e-01 8.347141417714517564e-01 8.706308220972162060e-01 8.436874770050508676e-01 8.449102772127824457e-01 8.398931104854093777e-01 8.603575241551686403e-01 8.537416316170771680e-01 8.717501108600820281e-01 8.676830577753961160e-01 8.631738973183332719e-01 8.455157923104253959e-01 8.569034507793866773e-01 8.742003763067398570e-01 8.645402031367914741e-01 8.743823923644894469e-01 8.590907610136940820e-01 8.529633471780494469e-01 8.212910636119876706e-01 8.389264888801484243e-01 8.626197135664649407e-01 8.522391404496907352e-01 8.364867842497732964e-01 8.664090624289740861e-01 8.615662281875160478e-01 8.677426462313565514e-01 8.552434116656225660e-01 8.556502408925513725e-01 8.619361588310463507e-01 8.656487037647420113e-01 8.595875086164489476e-01 8.698922514885618629e-01 8.716023006213683422e-01 8.602187401075406248e-01 8.645617021043989769e-01 8.589211526919904305e-01 8.647052413518435676e-01 8.712619346047543178e-01 8.610058885012707997e-01 8.573780661856598151e-01 8.655695748750761309e-01 8.647939640277046980e-01 8.669775156227494950e-01 8.710841847411978645e-01 8.727204965623223121e-01 8.352800323809801419e-01 8.578955719560655835e-01 8.661759462465343784e-01 8.658652478853985368e-01 8.594380371948799890e-01 8.625599107869913462e-01 8.616093550115810906e-01 8.673575525537907671e-01 8.628429516519063869e-01 8.582759110674109682e-01 8.691093583522130350e-01 8.738963861533173283e-01 8.647555674123569291e-01 8.712501337844705818e-01 8.639225926705023095e-01 8.757177142402767789e-01 8.657081285497457701e-01 8.731043227230227410e-01 8.762885098113151194e-01 8.721344094419182236e-01
1.066218261786691934e-01 2.293866821848421778e-01 3.113201825941869227e-01 4.424386737706048622e-01 3.733735283268518335e-01 4.660251136941933603e-01 6.658396417032935721e-01 6.294329348684677417e-01 7.550890499368899667e-01 1.000000000000000000e+00 6.974852642827931160e-01 7.482065808628790560e-01 6.808862520732460455e-01 7.140334362700916371e-01 7.885720551515098542e-01 7.470502923637524217e-01 7.390981783640495628e-01 5.382062261686723081e-01 6.407960657150633121e-01 4.552386532792124241e-01 4.791232304117002405e-01 6.642097800437273269e-01 6.567827849574524590e-01 6.242898808933324828e-01 6.685317211526272674e-01 7.770041824918342277e-01 7.452723035951426267e-01 7.726623634617296732e-01 7.407536345763494623e-01 7.489296156114810810e-01 7.602610174532999920e-01 7.483940665488505450e-01 7.550440481175344498e-01 7.523594776607207546e-01 7.465990530361784616e-01 7.425765118499614292e-01 7.668489952429419221e-01 7.918922591044126325e-01 8.011251534994449086e-01 7.657126795415289955e-01 8.034541971381390368e-01 8.007943645854200820e-01 7.750075333701795799e-01 8.047945610171918229e-01 7.981364802116860391e-01 8.105971496292608824e-01 8.154403218388091013e-01 8.190398868545729627e-01 8.060563592438598768e-01 7.628149757935382969e-01 7.993740165262953612e-01 7.646057430957871048e-01 7.839402074603970538e-01 8.154750405393600410e-01 7.986619926938494096e-01 8.055150151358471122e-01 7.876304379294647440e-01 8.110416674854897812e-01 8.120075677677609516e-01 8.188067098910755126e-01 8.117520221351348653e-01 8.074014871217137790e-01 7.924074595304885227e-01 8.009433026099325170e-01 8.122723876584586611e-01 8.021890909279741910e-01 8.181271151900800787e-01 8.055483092368371789e-01 8.057272658476569704e-01 7.612554475263280107e-01 7.893493086389707925e-01 8.128397399570533866e-01 8.025618560450925587e-01 7.954616726073490129e-01 8.201608588810389566e-01 8.169269680046727933e-01 8.205852374557776052e-01 8.111233849360337533e-01 8.182421047663658298e-01 8.208961531933509637e-01 8.215591404046476143e-01 8.155581836921184102e-01 8.195270591161089024e-01 8.204598396220795786e-01 8.058988210649640216e-01 8.119086044193485341e-01 8.147909440061366082e-01 8.138364604268674141e-01 8.212587952879472075e-01 8.153206380977614520e-01 8.110785461577788569e-01 8.163327176879588976e-01 8.149714886508664380e-01 8.171850302996607196e-01 8.160318027922887074e-01 8.171575347398793987e-01 7.873139694808166666e-01 7.963715884512578835e-01 8.117457629024057431e-01 8.130900706860384464e-01 8.089155968441646971e-01 8.070676053095368063e-01 8.045823240422119715e-01 8.088296889806453338e-01 8.105513721530189786e-01 8.046285403796027413e-01 8.137074331301379360e-01 8.208670236281983001e-01 8.178846124673504470e-01 8.191712688760712791e-01 8.152940294855105519e-01 8.188019039083948014e-01 8.137880852735264181e-01 8.152449851937736414e-01 8.186121921710766136e-01 8.118924841383311497e-01
7.779505297776978523e-02 9.879704629092678214e-02 3.434019247978720157e-01 5.602337848842419143e-01 3.984271088389751969e-01 5.006013463537880570e-01 7.122335481032751048e-01 6.355776757788992315e-01 7.290641757734740436e-01 6.974852642827931160e-01 1.000000000000000000e+00 8.155757886729337880e-01 6.989186123562399766e-01 7.326748943045867657e-01 8.081889683749372555e-01 7.629186783082599899e-01 7.650945727918393446e-01 5.969901872135959797e-01 6.901668805627819703e-01 5.644519121902948910e-01 5.949296829728731861e-01 7.395990860663915756e-01 6.842978884983714760e-01 6.749471258199971624e-01 7.039371353074620474e-01 8.075174415763926028e-01 8.000687253327194437e-01 8.040347181842247837e-01 7.816674398488810960e-01 7.770569465338692527e-01 8.169933783500828994e-01 7.926997071510031301e-01 7.668687722291329667e-01 7.809534166702307711e-01 7.687754236069672675e-01 7.920693814278834122e-01 8.000468168613664721e-01 8.034661109064409334e-01 8.187598190232707740e-01 7.939461907343695612e-01 8.317680077843319086e-01 8.153629784709421902e-01 8.149955448013925796e-01 8.353844188625123568e-01 8.369788655189566162e-01 8.353241336618751900e-01 8.294063728638153554e-01 8.233875058564484872e-01 8.286429296388159171e-01 8.092088877454955975e-01 8.168830118227766723e-01 8.169972054551919438e-01 8.320907161597878021e-01 8.227906172712723398e-01 8.179163367661463901e-01 8.294400506963789388e-01 8.283563007361671726e-01 8.234798831985667977e-01 8.251672153949017874e-01 8.402774604902243372e-01 8.331911770246164251e-01 8.280027086398389358e-01 8.242808033875224094e-01 8.234734713026572450e-01 8.261608967399896031e-01 8.359534859363511039e-01 8.283922849616471851e-01 8.294130602390402673e-01 8.347107842477927697e-01 8.169724321570408510e-01 8.330785456542104672e-01 8.409035520515040218e-01 8.238388138886643119e-01 8.260822421532402204e-01 8.419363293625858891e-01 8.435518673727184780e-01 8.353942387888786403e-01 8.337794690530553332e-01 8.410817600965043717e-01 8.313325403322775475e-01 8.333930422117626913e-01 8.407730360432326133e-01 8.344628648890828337e-01 8.305248802018887488e-01 8.227469556477552404e-01 8.263160490861425345e-01 8.369376311395434476e-01 8.237086051886325366e-01 8.335338363700498521e-01 8.363960790833513403e-01 8.217962988034137606e-01 8.309749106582995370e-01 8.359794297190353829e-01 8.336330045404002353e-01 8.263616652944549834e-01 8.248561039287869434e-01 8.170385395899558700e-01 8.246857443528360365e-01 8.281337416126670625e-01 8.247904807014592166e-01 8.287376964640046362e-01 8.238942218634393022e-01 8.305641992397975182e-01 8.248635010676451662e-01 8.382648562718022500e-01 8.282012526966624488e-01 8.282191255969006960e-01 8.265941475373400626e-01 8.299834569887292179e-01 8.293211028648166394e-01 8.269035615455934130e-01 8.295937225490864764e-01 8.289623534809331673e-01 8.303834678213440901e-01 8.332163579190662306e-01 8.343685838447959524e-01
5.663473865114001388e-02 7.788522579517137556e-02 3.764949999388575441e-01 6.636118189016356750e-01 4.406976132972512117e-01 5.448820732986582316e-01 7.942920743239142434e-01 7.100657151140800094e-01 7.829610789801154658e-01 7.482065808628790560e-01 8.155757886729337880e-01 1.000000000000000000e+00 7.661649311950613495e-01 8.088505826338051596e-01 8.925804614228075584e-01 8.405861275979508163e-01 8.320223361539131890e-01 6.253108401484368528e-01 7.341540095650671560e-01 6.377702202774844231e-01 6.508951262502072899e-01 7.977369024348032189e-01 7.339494633023933012e-01 7.086196186490119064e-01 7.413176360470594695e-01 8.803525490817133425e-01 8.749143349311258033e-01 8.844784067192041910e-01 8.459476827448704217e-01 8.299963812889168402e-01 8.878628993656417778e-01 8.620639416019870716e-01 8.351173442066819330e-01 8.418283260658153688e-01 8.333342202656622844e-01 8.633305300445376362e-01 8.650441084745644771e-01 8.820441467114900069e-01 8.965411870890142021e-01 8.893518651011441678e-01 9.140508892536957086e-01 9.061502103949573561e-01 9.059093505535639190e-01 9.199569797668015747e-01 9.160552350551662837e-01 9.183680335648145565e-01 9.050259088053045353e-01 8.949589690759401917e-01 9.078621061565299577e-01 8.896634797065031686e-01 8.934341150960196654e-01 9.046853728875469125e-01 9.202953224751188044e-01 8.900581262078357536e-01 8.875179488598364808e-01 9.047698431885672354e-01 9.109485815196500802e-01 9.029861839297051995e-01 9.019126445838626660e-01 9.180275587117966429e-01 9.137939849678352600e-01 9.038844796781275726e-01 9.071955040151106209e-01 9.045363778426348533e-01 8.970576848046150076e-01 9.126732267601078696e-01 9.033711276635139065e-01 8.959524229274759000e-01 9.051721126272641582e-01 8.956020606589486510e-01 9.019749835796440074e-01 9.102120688295777251e-01 8.901266098279827510e-01 8.919787312886389152e-01 9.192528671839916843e-01 9.229068798187713973e-01 9.115534460990352139e-01 9.054873300294955518e-01 9.184675935331613195e-01 9.017665633696854144e-01 9.026280605609728891e-01 9.182199152824378485e-01 9.105445816558117578e-01 8.998595252039890413e-01 8.995028588461593255e-01 8.964471501331113812e-01 9.102778870428808178e-01 9.006216116310165054e-01 9.081815762325015084e-01 9.130163450371105993e-01 9.026905993719449572e-01 9.107033593905572433e-01 9.137369511148312196e-01 9.126661105794864337e-01 9.030168304266189550e-01 8.993674469741942401e-01 9.021236424198361137e-01 9.064078875486236697e-01 9.063330341738078388e-01 9.005932933362095216e-01 9.110936191479418467e-01 9.043243535470146810e-01 9.111979250944521880e-01 9.054546860422434396e-01 9.190673471055796906e-01 9.082030505644628215e-01 9.050851570806528468e-01 9.002320138908971314e-01 9.066564271148598309e-01 9.060734820240730070e-01 9.048994206358986769e-01 9.058997920090797740e-01 9.055658107491361131e-01 9.064735127953508220e-01 9.083779351611422914e-01 9.136410416029746573e-01
3.357389345183002527e-02 1.291196994849168611e-01 2.979891555799519809e-01 4.867967447931494385e-01 4.313561890061118897e-01 4.796588999635793549e-01 6.726423658021630780e-01 6.390404216574911977e-01 7.216184199087091189e-01 6.808862520732460455e-01 6.989186123562399766e-01 7.661649311950613495e-01 1.000000000000000000e+00 7.233669579853245768e-01 7.893748404052643997e-01 7.515924068033603689e-01 7.376202249531770283e-01 5.496403769982778353e-01 6.389395103306095836e-01 5.139300936336119729e-01 5.276300670662832371e-01 6.818752485614152370e-01 6.505180448235230450e-01 6.219541737044964602e-01 6.459118441238717034e-01 7.731238965662605711e-01 7.525348490671236457e-01 7.758239670167317303e-01 7.385839478115863166e-01 7.296254479451471653e-01 7.574599846648460977e-01 7.546707973383309787e-01 7.399010769526384035e-01 7.520623755529778354e-01 7.369081373475155905e-01 7.545176770792245691e-01 7.550369945315427156e-01 7.817283794499664262e-01 7.987342167066789900e-01 7.774936277037763910e-01 8.070999006571075718e-01 7.990170131920520946e-01 7.923402590993219308e-01 8.082295561762773417e-01 8.005487867065954610e-01 8.062685281857406849e-01 8.020397634804999898e-01 8.021540225787739953e-01 8.017416887427297745e-01 7.793125962758759018e-01 7.955425923151603351e-01 7.858245540025573517e-01 7.987000824108499986e-01 7.948916255948224041e-01 7.872435143488962783e-01 7.988462548865263857e-01 7.915742956773403893e-01 8.016563977107901140e-01 7.985303340568216113e-01 8.124816620358258357e-01 8.113913760521110907e-01 7.997340327644488767e-01 7.925917184792210524e-01 7.994032293516832866e-01 8.029554163030593328e-01 8.003627358195377628e-01 8.100584696754019598e-01 7.988939589829051613e-01 8.007527318039263653e-01 7.763141482718453057e-01 7.907963364147730934e-01 8.060889638680346359e-01 7.955847152444331938e-01 7.867973101532365066e-01 8.126805510702310720e-01 8.128290568822205131e-01 8.115235889560156179e-01 8.040559215071919619e-01 8.088471122309074390e-01 8.055326836439750116e-01 8.060520168357833137e-01 8.073226108903895915e-01 8.081682645814705079e-01 8.076982812244140053e-01 8.005315613960354293e-01 8.037363639326273734e-01 8.076907927480247995e-01 8.054701743992466190e-01 8.120709206695247984e-01 8.089701817661496541e-01 8.059006304733737913e-01 8.106024106218916447e-01 8.105679124700108096e-01 8.120742284614598239e-01 8.071510258060676790e-01 8.060782623348624609e-01 7.924651677124859850e-01 7.971394384337732175e-01 8.069144304685770264e-01 8.039868178711747637e-01 8.101611038988338898e-01 8.030655795376093753e-01 8.063923541794459915e-01 8.068883583733407194e-01 8.122724002566630297e-01 7.967028026339061375e-01 8.054033115140510901e-01 8.076346343802550676e-01 8.084766903012741146e-01 8.078924283994274314e-01 8.069940115542317827e-01 8.085294284613070426e-01 8.038231724084263785e-01 8.082470117964172251e-01 8.104237147264043983e-01 8.069247470777314302e-01
