1.000000000000000000e+00 1.784884649919234734e-01 1.839206845238847976e-01 1.770349960329668237e-01 7.998943106784053847e-02 8.408489685217589160e-02 1.190055776935112219e-01 9.184595600413789085e-02 1.330952118763399916e-01 8.188527362981497248e-02 1.100036168931548125e-01 8.559890373316195178e-02 2.570056869423310505e-02 5.538362094773405936e-02 4.885389458310684246e-02 6.536263827376785629e-02 1.116237205309866254e-01 1.897785321378422374e-01 1.675649156291056929e-01 8.877823893051696447e-02 1.674450508210945099e-01 2.057395760824248243e-01 2.411834902564725658e-01 2.175047705828045685e-01 2.248797492753076555e-01 1.300874297262276658e-01 1.478746985403120162e-01 1.242988943542617242e-01 1.740987074006700164e-01 2.032876521003040837e-01 1.592425182284938345e-01 1.319386900936961315e-01 1.462489732507157858e-01 1.354050541590116896e-01 1.312097701392763993e-01 9.594538947316900990e-02 1.091695469150945202e-01 8.561809040525228398e-02 1.071111692137725335e-01 1.620706141511334825e-02 5.116835235424035955e-02 4.787864749425997657e-02 4.781118757545487624e-02 6.946875383884240640e-02 8.642013623728181382e-02 7.511711345109120530e-02 1.214747438366153495e-02 2.870586141709464967e-02 3.104398727906512029e-02 4.964540911084514008e-02 5.212901062876425240e-02 5.129274292740168550e-02 4.395573200919506568e-02 2.618519764745797646e-02 3.957115423853610481e-02 3.700023126143082985e-02 4.005764619586632547e-02 3.533016915792843576e-02 3.266987439020607731e-02 3.988802540575229344e-02 2.422822035727706727e-02 1.754794356586980228e-02 1.721661964437896236e-02 3.771637763101360480e-02 6.759453829965206273e-02 5.057000098487889755e-02 4.574817296519916726e-02 6.422152014698638556e-02 8.071531280518558227e-02 4.832102526795876984e-02 7.213307056757173319e-02 7.416824069147935627e-02 8.664188920863678811e-02 8.530910023109396223e-02 5.059996317306789809e-02 5.975773321665741461e-02 5.592997803182545025e-02 8.620676130094162559e-02 7.696285992496493256e-02 9.103814141504465440e-02 5.987626996721317346e-02 7.155589417901599136e-02 5.588049952983056845e-02 7.136523735267781554e-02 4.489888003079098994e-02 6.479123402652023356e-02 5.233867517918665974e-02 3.792238635800165153e-02 5.017015369085245369e-02 3.473381374987706549e-02 4.078314799391166007e-02 2.724255945700274420e-02 3.711553410691052768e-02 4.088482701757339965e-02 1.166972454644984829e-02 1.950574245985825517e-02 3.320546453905198064e-02 5.677716709594551187e-02 2.552928959803796999e-02 3.619331532025988479e-02 3.153867029096767138e-02 3.352446889754424897e-02 2.623658096918158808e-02 2.574642786600662633e-02 3.595458482230152325e-02 3.922778014562219168e-02 3.617791071413702098e-02 2.437813858353888100e-02 3.190371535894608035e-02 2.363228608134818401e-02 2.179080258683298646e-02 2.609988368388100471e-02 2.213070659618191632e-02 3.647680631208632257e-02 4.836455573736903046e-02 3.369612718032560794e-02
1.784884649919234734e-01 1.000000000000000000e+00 1.457395319284785495e-01 1.576995643854313955e-01 9.160365270514456149e-02 1.119712575580260050e-01 1.971343807491661992e-01 1.853649908637571286e-01 2.030961062581773113e-01 1.874408608380192520e-01 1.856515033039435603e-01 1.846267543520354326e-01 1.564643702266306780e-01 1.190757032598730586e-01 1.823564225541096651e-01 1.721527877874873547e-01 1.958128272484908894e-01 2.315466853560741167e-01 2.277516247061207311e-01 1.318890281701485534e-01 1.197136305593365646e-01 2.179927297689467081e-01 2.654755537475775862e-01 2.666748553143831746e-01 2.507336343131683631e-01 2.331480144760517681e-01 2.119207750889907371e-01 2.161828784878369047e-01 2.421067363495441604e-01 2.675950552679348671e-01 2.360817722442799249e-01 2.279240863962463670e-01 2.212285505083569914e-01 2.221990634890772809e-01 2.210709687100549659e-01 1.828078439010681344e-01 1.969762393805447598e-01 1.915673972523584678e-01 2.040702179839981312e-01 1.448402545777004169e-01 1.768250125396068906e-01 1.782120466180588114e-01 1.625798647203043346e-01 1.794669749473465359e-01 1.908270322644056161e-01 1.975407537278791592e-01 1.644954570753179302e-01 1.724092433118524781e-01 1.655652103730218538e-01 1.609897413521014509e-01 1.742161717168881352e-01 1.394683514427237370e-01 1.575514486327428409e-01 1.697875327717852934e-01 1.752229749290014627e-01 1.811363180760668101e-01 1.486617807258675539e-01 1.686693098809849689e-01 1.645738775860160485e-01 1.636334637323010044e-01 1.616511398194909188e-01 1.493771835229257550e-01 1.477064829443296146e-01 1.601950905218448573e-01 1.698776298096679460e-01 1.536923962473535910e-01 1.801775405507203276e-01 1.868942456029492882e-01 2.013462070289354089e-01 1.647492486473224882e-01 1.734414492507148908e-01 1.972002049073588170e-01 2.007570265259907005e-01 2.041462659462633944e-01 1.903934180449356750e-01 1.888149504091211628e-01 1.872014177090137177e-01 2.033832336243124039e-01 2.078365303786418039e-01 2.172383210588035851e-01 1.932339126396614981e-01 2.009093476394235578e-01 1.814447749736946558e-01 1.989506780244198747e-01 1.817705810377251430e-01 1.927729558556332545e-01 1.801168707826005799e-01 1.778599074616383502e-01 1.839712411911102741e-01 1.786882388647937081e-01 1.768302294452564760e-01 1.705434096087063978e-01 1.736664585842362107e-01 1.804579551785985836e-01 1.657488110230961043e-01 1.690505525902550321e-01 1.670400456993453020e-01 1.723895879106521756e-01 1.705806335746806457e-01 1.740102988231933823e-01 1.741523751022304722e-01 1.706176093226978718e-01 1.580463011355345004e-01 1.701988978272184483e-01 1.671708769627664459e-01 1.695354845607849326e-01 1.744134971525584665e-01 1.783750919470695473e-01 1.819467596266526599e-01 1.657399714000175606e-01 1.692395868297511263e-01 1.681559824099944644e-01 1.683807441425478058e-01 1.716373524266610329e-01 1.705089627039527711e-01 1.635394781621032356e-01
1.839206845238847976e-01 1.457395319284785495e-01 1.000000000000000000e+00 4.060609638197963389e-01 1.803026712357042594e-01 2.611968554559338518e-01 3.445796820622999412e-01 3.639253553516325623e-01 3.643369002747913199e-01 3.288312734204284493e-01 4.125658539155645510e-01 3.886790472549331854e-01 3.032437900323907143e-01 2.961547957877743165e-01 3.679001616089703774e-01 3.742256943369907662e-01 3.644297698460133850e-01 4.364902495130395521e-01 4.393119940070062124e-01 3.006557617206389588e-01 3.750534849373766688e-01 4.496117629010602523e-01 4.596840646399482089e-01 4.500770646757610294e-01 4.536974686451817340e-01 4.274801191668091138e-01 4.377939928324764973e-01 4.337616830715078642e-01 4.347289623852781948e-01 4.715199979270778274e-01 4.450757335112550117e-01 4.199365827585674893e-01 4.337547907191672270e-01 4.280221198668758831e-01 4.344738129222334710e-01 3.937574246232162789e-01 4.146974422788155534e-01 3.998014809862752150e-01 4.114232490862856917e-01 3.511770990913457569e-01 3.840796417040613364e-01 3.897397559358322106e-01 3.712155529536837473e-01 3.925848550066642906e-01 4.141884500313353645e-01 4.003916622925873803e-01 3.551377608209601577e-01 3.660973435718602453e-01 3.643587949553517280e-01 3.665508182496970413e-01 3.829548405198801020e-01 3.482420349851202412e-01 3.648622181837746226e-01 3.633826294896883025e-01 3.700430028508671643e-01 3.843461739961138712e-01 3.538176100151068648e-01 3.733166939574654175e-01 3.669571955413191700e-01 3.630980182755950691e-01 3.615788296758707943e-01 3.472970824359782327e-01 3.422490977513135690e-01 3.606073387499582061e-01 3.779157819435076671e-01 3.655904518704327089e-01 3.728783238526919841e-01 3.979980779802653745e-01 4.060766282778349723e-01 3.796877298143480628e-01 4.030211888591350156e-01 4.128173462652598436e-01 4.129713929487491830e-01 4.119418075864475504e-01 3.901771176650291606e-01 3.974684928588608224e-01 3.928568011703129637e-01 4.080440857944853672e-01 4.060695331885716408e-01 4.138298463906834868e-01 4.027920845637756320e-01 3.979929973185974967e-01 3.861259277814851343e-01 3.991983874786285136e-01 3.847126110506091101e-01 3.955111440365326470e-01 3.870409737461250055e-01 3.838398248699050885e-01 3.886887203969393578e-01 3.743062901928002617e-01 3.924494109448177226e-01 3.739928121972991848e-01 3.822407141099546379e-01 3.844674624095604232e-01 3.598968629790418872e-01 3.635304810610411330e-01 3.753317078557232289e-01 3.781129264279286528e-01 3.708398548049611221e-01 3.776173991943547192e-01 3.764976126600999562e-01 3.731882303259502764e-01 3.657005575900817429e-01 3.694423846575410897e-01 3.725687950262510650e-01 3.645755911866855326e-01 3.744691812008370535e-01 3.689815770557751118e-01 3.709266973192762440e-01 3.656502605055743649e-01 3.701311242060385531e-01 3.636660072595988002e-01 3.637010497245907192e-01 3.696599654502126797e-01 3.718923117735990491e-01 3.622143823855486500e-01
1.770349960329668237e-01 1.576995643854313955e-01 4.060609638197963389e-01 1.000000000000000000e+00 3.587958254056996532e-01 3.701877540092969321e-01 5.830017854965202639e-01 5.797488893107868302e-01 5.307726724427767051e-01 4.971916546873205167e-01 5.783224695461806064e-01 6.464353582981077206e-01 4.900168966118667035e-01 4.341960062529448550e-01 5.829558801230179110e-01 6.024467207599356611e-01 5.233809810432041854e-01 6.365300036410166395e-01 6.029164385585576991e-01 5.728621207564298379e-01 7.034475627480386573e-01 6.521880739256538106e-01 6.011851359648302529e-01 5.998286804313190945e-01 6.013855682505877542e-01 5.898054882520353814e-01 6.117056133046375743e-01 6.035491622556317104e-01 5.768225111889127010e-01 5.757011935962685900e-01 5.913764636442161438e-01 5.822123078133021323e-01 5.738142808177630894e-01 5.891011829578123304e-01 5.561220164662680210e-01 5.776314235874804304e-01 5.867937050058723569e-01 6.123286511296631707e-01 6.007413477625979104e-01 5.834499407299077456e-01 5.903280018595638001e-01 5.973023509709064482e-01 6.013453999059827915e-01 6.084639217741585338e-01 6.069270541957931808e-01 5.929980363996646409e-01 5.532832637999108849e-01 5.528139833294745120e-01 5.650494785269846165e-01 5.848127935172569014e-01 6.006641237507431841e-01 6.022605113930228349e-01 5.967478267726558094e-01 5.491549145242504704e-01 5.708584242304389766e-01 5.751821450699347027e-01 5.880120514860378567e-01 5.810589874619765949e-01 5.818616407631745924e-01 5.756021962682886794e-01 5.843128887282909023e-01 5.655670189557850946e-01 5.738979694516609387e-01 5.754586338452339911e-01 5.660655735868512783e-01 5.879432448147535739e-01 5.576324829018798335e-01 5.861997345687071093e-01 5.805226584859410899e-01 6.293327286554205591e-01 6.245144538558027314e-01 5.888840880338940265e-01 5.968495516917842192e-01 5.958358883206864576e-01 5.755853904236297724e-01 5.815717543342626694e-01 5.767286017022479339e-01 5.885813772736104843e-01 5.807298900142535691e-01 5.698635892709279505e-01 5.720341913335844630e-01 5.706799182024218098e-01 5.750722542099002688e-01 5.616590594748157583e-01 5.633732770512702714e-01 5.670010469548223409e-01 5.735370821797263208e-01 5.718726753319479661e-01 5.700362455012353280e-01 5.588068038538540616e-01 5.780829988502694805e-01 5.712766438988263751e-01 5.741605852842106561e-01 5.718648995233163168e-01 5.485666001447474516e-01 5.482509535972985848e-01 5.859319230262650668e-01 5.805738480387970801e-01 5.676166814599914456e-01 5.730593668482754088e-01 5.747833008062026572e-01 5.735197366048789824e-01 5.773358456292022600e-01 5.666049044830705483e-01 5.755493183208124641e-01 5.635357624340646687e-01 5.643268368744047692e-01 5.473245130991145624e-01 5.531936732283113667e-01 5.579490680788260493e-01 5.587070843585922875e-01 5.534006342583743798e-01 5.518247135933556091e-01 5.642707408856655338e-01 5.657730134998386617e-01 5.617676452585929070e-01
7.998943106784053847e-02 9.160365270514456149e-02 1.803026712357042594e-01 3.587958254056996532e-01 1.000000000000000000e+00 3.207959478515797769e-01 4.792423193370919932e-01 4.696560610517468426e-01 4.664809584556339761e-01 4.384225819143242053e-01 4.598289009748005030e-01 4.946956797891999824e-01 4.594781051703673569e-01 3.871390987478326440e-01 5.022742023402501088e-01 5.009462920497222971e-01 4.470200913008105514e-01 4.560311645095413424e-01 4.505411096289413386e-01 3.783117947619345500e-01 4.839000991830934018e-01 4.627375175853825073e-01 4.272789249274893675e-01 4.343901325942061131e-01 4.351149133713895223e-01 4.722399991710267697e-01 4.703969767716112416e-01 4.514060920451451464e-01 4.187976329686479149e-01 4.212324173805787608e-01 4.676319109397479856e-01 4.799983619263541446e-01 4.273673867447581043e-01 4.824003457124918515e-01 4.290399796292682644e-01 4.763308925146055861e-01 4.633515550631297497e-01 4.983903357021586822e-01 4.930615756846335462e-01 4.640024111773743409e-01 4.952192887851334380e-01 4.867052065467871169e-01 4.811960088360081600e-01 5.009528974609944729e-01 4.779923284566582331e-01 4.809389846005280300e-01 4.943497086868471890e-01 4.972961989906624081e-01 4.956003286509239047e-01 4.925716207671347879e-01 5.032450574504788721e-01 4.930681197826265461e-01 5.017637027968272490e-01 4.922572361166289157e-01 5.006613172108476117e-01 4.918107777930615376e-01 4.984429099308385069e-01 5.056070044489208160e-01 5.074674345281580123e-01 5.112995642029755095e-01 5.015581711563884548e-01 5.039732329258586052e-01 4.997283454433609218e-01 5.059897562320261333e-01 5.005739987291341064e-01 5.088286411948640398e-01 4.960637652288759081e-01 4.964427650385436763e-01 4.951092370846085222e-01 5.038207020249567680e-01 5.058629258041348331e-01 4.991849512276403944e-01 4.957792301667063306e-01 4.925142629868380362e-01 4.975232050438314624e-01 4.933462871696068786e-01 4.891986574823097844e-01 4.845828080068547150e-01 4.906172208250004219e-01 4.836197912310324920e-01 4.835778758415349432e-01 4.903478235631902327e-01 5.018201439459599733e-01 4.823096215379480967e-01 4.914349131466212439e-01 4.941745240888685831e-01 4.886609920631589388e-01 4.983321686609944456e-01 4.933206805521133109e-01 4.980957422085034447e-01 4.890265138471595607e-01 4.946615915838036281e-01 4.929341904157367171e-01 4.942698309001687940e-01 4.950677466721026265e-01 4.960003389794327977e-01 4.964358914574625858e-01 5.013200489966295192e-01 4.973452099291639783e-01 4.998427730467241425e-01 4.985509505643356265e-01 5.001296625798001827e-01 5.022048479299940915e-01 5.009768667786493879e-01 4.988249672664894496e-01 5.009219555771975418e-01 4.977382497138407857e-01 4.969298837495660370e-01 4.992533071833274994e-01 4.990801816287491754e-01 4.980314545184677533e-01 4.988253508691735116e-01 4.971899209869999892e-01 5.004578189404610411e-01 4.976694131853829917e-01 5.003561871196031685e-01
8.408489685217589160e-02 1.119712575580260050e-01 2.611968554559338518e-01 3.701877540092969321e-01 3.207959478515797769e-01 1.000000000000000000e+00 5.351602407865971855e-01 5.017141330481049710e-01 5.306390070608878462e-01 4.919147133835274355e-01 5.441799675064951103e-01 5.764080231140454869e-01 5.017348517237286698e-01 4.341278270661214633e-01 5.779215826873513873e-01 5.735867329490021982e-01 5.413943887855876547e-01 4.992495944984544631e-01 5.426955508584020427e-01 3.862919024806479862e-01 5.048058450178320999e-01 5.506798207773059284e-01 5.166842789729060303e-01 4.973858899547553558e-01 5.289082344619353560e-01 5.752282461912382461e-01 5.855117351589713692e-01 5.803299198286647753e-01 5.588111015765196976e-01 5.544740988387029113e-01 5.782221605778171680e-01 5.719025956452086223e-01 5.668713747924655211e-01 5.747571654126546470e-01 5.554750687218178440e-01 5.892320519014909719e-01 5.857827436000593302e-01 5.901170538973476987e-01 5.982277793230174057e-01 5.683005257750307626e-01 5.986528087363807149e-01 5.958925184555655674e-01 5.857008917523006675e-01 6.043460598757012248e-01 5.993007859736297904e-01 5.945683245294486330e-01 5.836396920457379567e-01 5.843331676851102330e-01 5.754955917317291503e-01 5.807311740938230216e-01 5.911501291334249064e-01 5.697077753075857620e-01 5.847650434364654037e-01 5.706010463641207897e-01 5.682611470801649522e-01 5.900172432620814922e-01 5.677393946133431069e-01 5.918629230083819470e-01 5.814269727274122834e-01 5.827347242124252258e-01 5.833688018549130216e-01 5.760255266265849050e-01 5.645788215685686451e-01 5.872225896882803386e-01 5.813988934390101893e-01 5.810332176978313390e-01 5.913702974043486549e-01 5.899756512746180404e-01 5.900812064813645286e-01 5.771401817423823521e-01 5.979309049946297527e-01 6.000967348361693210e-01 5.825868912693578094e-01 5.913324963435963033e-01 6.027988742247236686e-01 6.034972847285601238e-01 6.010645775569229965e-01 5.999100212143012589e-01 5.959774032679353573e-01 5.893708853536010484e-01 5.955776049738751299e-01 5.961832481704326669e-01 5.902396740233082362e-01 5.905646002021390784e-01 5.925528158700859027e-01 5.879803631133390107e-01 5.979590291529455204e-01 5.952975249218492859e-01 5.966801497022701239e-01 5.876859105134228933e-01 6.007957557878410570e-01 5.988948257112763907e-01 5.953564055260788246e-01 5.984627649411188299e-01 5.847570082549614634e-01 5.861580162318128506e-01 5.880106647210296966e-01 5.860784196603291418e-01 5.881444093269596607e-01 5.935854741217149178e-01 5.964013896720786745e-01 5.871368168069114324e-01 5.888198540133423586e-01 5.941548586373629481e-01 5.915330921943935394e-01 5.782178923611231980e-01 5.879282550421409681e-01 5.870132718978926523e-01 5.820729282896434098e-01 5.873861613772981549e-01 5.859594143990173309e-01 5.865464406103393369e-01 5.822034984778140521e-01 5.897880305156971703e-01 5.887254349935993059e-01 5.821635626984004164e-01
1.190055776935112219e-01 1.971343807491661992e-01 3.445796820622999412e-01 5.830017854965202639e-01 4.792423193370919932e-01 5.351602407865971855e-01 1.000000000000000000e+00 7.466292194392052384e-01 7.313671624652975378e-01 6.859449388552547600e-01 7.497146637358002019e-01 7.993435031803930446e-01 7.188825913671131884e-01 6.212639094119454253e-01 8.425946622562122679e-01 8.152009348304435354e-01 7.380270414434469961e-01 7.267997198465262487e-01 7.446394734173380492e-01 5.925638097073071542e-01 7.491541037335386344e-01 7.746882809880580867e-01 7.268825235222421410e-01 7.155240991160142228e-01 7.400442072734328969e-01 7.832674997344482026e-01 7.933123559006102221e-01 7.926338449992381685e-01 7.385849679895287734e-01 7.416397418519443674e-01 7.941906354168566384e-01 7.841333543856411348e-01 7.560793836430925730e-01 7.927458267091055388e-01 7.463608607546956542e-01 7.949149333292300224e-01 7.919402908846320255e-01 8.182644596720889396e-01 8.163822325206825381e-01 7.870750025856875220e-01 8.166114740661133409e-01 8.162544348792656335e-01 8.065872351586950151e-01 8.266311923108190518e-01 8.066612939894818313e-01 8.200204571248786989e-01 7.948368147210514989e-01 7.952237041635307202e-01 7.900146109192641708e-01 7.932340138783423589e-01 8.108924301386609690e-01 7.790243087791481891e-01 7.998628459877338281e-01 7.821282139194708494e-01 7.909541634699732704e-01 8.091142782047560100e-01 7.901826613496210072e-01 8.094118273797263896e-01 8.051707957630087620e-01 8.085806277908657025e-01 8.059349950164036436e-01 7.976495967008102594e-01 7.944282933182055251e-01 8.022299155497354395e-01 7.979476230495753386e-01 7.991605965363024477e-01 8.020639432249410117e-01 8.049399467923727958e-01 8.091724468864537334e-01 8.141746730416898892e-01 8.226457452894183620e-01 8.140900669901599551e-01 8.039939460055121057e-01 8.088917420628646271e-01 8.138924578392622289e-01 8.160128687345616916e-01 8.125369066008237828e-01 8.090466862330052411e-01 8.154270891902025697e-01 7.955181509756843461e-01 8.026178877474710038e-01 8.118144295008596911e-01 8.084413742863768571e-01 7.974144059512529026e-01 8.038724554161330582e-01 8.016108528147658507e-01 8.053334831366586455e-01 8.124812554691385191e-01 8.086679973213017902e-01 8.043340559710595583e-01 8.151648994749208788e-01 8.144491321083447977e-01 8.087708881990046672e-01 8.148470798075045929e-01 7.951290166900414347e-01 7.956679594917279719e-01 8.043855277534683879e-01 8.029654058571951136e-01 8.042979200371024318e-01 8.109452001888345363e-01 8.117198771971165794e-01 8.053952615385402414e-01 8.029777883449085163e-01 8.077974813294952483e-01 8.064685882311137810e-01 7.942379348744939005e-01 7.984448013208349515e-01 7.981038049939741530e-01 7.981457507870794998e-01 7.998945521965027394e-01 8.013256258316407976e-01 7.985355419852537828e-01 7.938873634324462580e-01 8.024960819543119905e-01 8.040329162051039757e-01 7.965437959256643774e-01
9.184595600413789085e-02 1.853649908637571286e-01 3.639253553516325623e-01 5.797488893107868302e-01 4.696560610517468426e-01 5.017141330481049710e-01 7.466292194392052384e-01 1.000000000000000000e+00 7.278974246545186766e-01 6.995789017066129656e-01 7.470127512875893716e-01 7.973632301470002792e-01 7.187049046253715101e-01 6.132033443525288785e-01 8.083020646572937062e-01 8.190541582012783595e-01 7.347752053229185121e-01 7.381856918666024336e-01 7.558241187662162464e-01 5.750070310431428799e-01 7.470276531807671372e-01 7.601956232819528925e-01 7.288329628754395273e-01 7.290150523025217266e-01 7.281420173531240048e-01 7.771470894674386010e-01 7.701471228099089350e-01 7.567372304035971942e-01 7.012063879841721192e-01 7.246219951814333315e-01 7.609044441233839828e-01 7.840899268400866040e-01 7.332547270057268030e-01 7.808929996301300358e-01 7.370732495966222375e-01 7.682784192777283305e-01 7.659699203926877420e-01 8.101274447728096240e-01 8.032208783442745803e-01 7.706020412966456679e-01 8.084637451115224138e-01 7.990721583129596350e-01 7.941713385317050733e-01 8.114718165410422790e-01 7.984004024732711535e-01 7.937060462673778405e-01 7.944262993956220376e-01 7.996967503942010724e-01 8.028945320371806416e-01 7.909855798632803303e-01 8.114333908489185232e-01 7.688848571782990193e-01 7.945040135917859070e-01 7.970395611817949755e-01 8.079134155024031427e-01 8.072780571270794514e-01 8.001582899980713703e-01 8.073772414376428896e-01 8.164391272611015715e-01 8.094194620914763050e-01 8.081237400985298303e-01 8.042314917645176919e-01 8.040648188987228329e-01 8.083083718248775806e-01 7.953525451842207161e-01 7.999232506327846881e-01 8.001328222983590255e-01 8.104985993007913780e-01 8.061831719243701677e-01 8.056129017203002007e-01 8.192795485113525400e-01 8.084813965234088906e-01 8.073192738710138761e-01 8.074674466712857823e-01 8.075880902477137191e-01 8.041019531989546110e-01 7.997303544062008829e-01 7.914262911520263399e-01 7.989390216352625362e-01 7.899227943377254979e-01 7.948908690331009108e-01 7.982251206333859095e-01 8.100424005273887396e-01 7.881912722598389820e-01 7.972639028276968798e-01 7.969546763438978276e-01 7.956120072761876383e-01 8.117499226994188133e-01 8.042277981178500568e-01 8.081042549498360650e-01 8.021974557839988140e-01 8.053336977759286697e-01 8.036463078299856955e-01 8.060246475947329126e-01 7.981665148669937482e-01 7.997629350283600447e-01 8.149920048010135254e-01 8.058264153236355254e-01 8.093214698678155017e-01 8.121599686209126645e-01 8.128514366778165634e-01 8.150442893850826653e-01 8.043928469688921279e-01 8.099118272734779911e-01 8.014303630920186494e-01 8.055863770267220891e-01 8.057239174332647691e-01 8.027348631302693160e-01 8.078404720317822196e-01 8.037451754382111124e-01 8.080390028890249710e-01 8.019532005230592953e-01 8.064282574489815003e-01 8.054510306972556544e-01 7.989328135771122108e-01 7.991742758027451377e-01
1.330952118763399916e-01 2.030961062581773113e-01 3.643369002747913199e-01 5.307726724427767051e-01 4.664809584556339761e-01 5.306390070608878462e-01 7.313671624652975378e-01 7.278974246545186766e-01 1.000000000000000000e+00 7.532486190750246058e-01 8.081473945088577526e-01 8.295435299414385399e-01 7.569345252393604451e-01 6.589244361894525115e-01 8.441330840617670139e-01 8.411512268695111594e-01 8.289850250203089077e-01 7.543307457284861295e-01 8.058897302762363379e-01 5.469216640373895100e-01 7.009577834720058798e-01 7.952869138966365270e-01 7.771292391980088032e-01 7.718654038590188060e-01 7.751413753461208200e-01 8.467952708301603737e-01 8.346636921620440575e-01 8.318569009565028871e-01 7.745554160179978220e-01 8.147207439572644594e-01 8.503869984546147398e-01 8.504798318128394818e-01 8.131962428719723412e-01 8.541782325422301314e-01 8.251754066763663520e-01 8.423482434798628127e-01 8.431599278681345400e-01 8.586298191430855598e-01 8.759817665057080260e-01 8.137960132352908271e-01 8.744296519621639341e-01 8.641066205921924537e-01 8.423661680450195144e-01 8.753949832955638666e-01 8.703435408684915275e-01 8.605303861919755271e-01 8.760162201849499564e-01 8.883521893295714955e-01 8.729116605075698532e-01 8.515523370396840264e-01 8.708689556160968959e-01 8.239028794395834021e-01 8.620036098217095377e-01 8.793068032329480754e-01 8.669939954310569297e-01 8.697574113276853591e-01 8.570832692818840526e-01 8.739891693410781759e-01 8.685547954221035649e-01 8.808616440870301600e-01 8.754429777573060623e-01 8.722217531195964879e-01 8.568277935092983855e-01 8.779145222553624839e-01 8.837986187880779720e-01 8.716845637472322439e-01 8.868431663814138055e-01 8.852737924950870863e-01 8.827244262700730815e-01 8.524163537653249856e-01 8.785541688216417233e-01 8.895230104445021047e-01 8.803877220514283453e-01 8.836835430142840897e-01 8.876371702605428959e-01 8.861121373608655816e-01 8.838541012773302175e-01 8.719837537273862349e-01 8.847678355173715925e-01 8.899999694214374424e-01 8.867273531139007181e-01 8.892244554658035316e-01 8.829941753849400721e-01 8.830392462831688771e-01 8.768771736351612667e-01 8.837334523899411654e-01 8.819814806715852162e-01 8.819460844601657579e-01 8.871925547245218535e-01 8.779990670124319108e-01 8.739222333114536889e-01 8.818697586195177740e-01 8.850323147048126948e-01 8.851684592708426447e-01 8.803452114494395575e-01 8.843722481528183410e-01 8.680187537917478657e-01 8.770075927619440659e-01 8.826273906073264230e-01 8.776317032039959720e-01 8.821719775215899340e-01 8.800158731095926168e-01 8.782226059926196982e-01 8.831807829911243468e-01 8.812147164491735962e-01 8.761478656346964877e-01 8.824274382066831235e-01 8.839757471150856416e-01 8.777899094553751613e-01 8.831880387136941124e-01 8.770121035923107433e-01 8.845651071370450591e-01 8.801351950446866246e-01 8.858010838846324120e-01 8.865582092653749857e-01 8.821913085688195544e-01
8.188527362981497248e-02 1.874408608380192520e-01 3.288312734204284493e-01 4.971916546873205167e-01 4.384225819143242053e-01 4.919147133835274355e-01 6.859449388552547600e-01 6.995789017066129656e-01 7.532486190750246058e-01 1.000000000000000000e+00 7.428367781428922845e-01 7.769271199702324493e-01 7.195542969980207593e-01 6.180190266004459421e-01 8.004679229251066008e-01 7.998302941181358872e-01 7.445775381122724523e-01 6.998700480104298460e-01 7.250662650747354832e-01 5.263621672790678163e-01 6.636551376496530041e-01 7.073107587674375418e-01 7.056470604123837864e-01 6.999333840759215386e-01 6.874646220340492331e-01 7.647917485511396274e-01 7.474187701273937723e-01 7.528388843889227688e-01 6.984400736598375126e-01 7.267140833523885179e-01 7.616127663485906529e-01 7.856457974770051367e-01 7.400384729856483990e-01 7.827200891078647249e-01 7.511886166636247975e-01 7.580010091237646686e-01 7.642444617910377769e-01 8.025126212649238422e-01 7.974105350630990019e-01 7.608743733902694206e-01 8.126442034660776859e-01 7.926557101799169835e-01 7.743712889725117288e-01 8.065696310880708930e-01 7.978241454866955573e-01 7.879508863657587181e-01 8.135572405834267107e-01 8.242478166471932655e-01 8.202459227396073915e-01 7.878683684105115548e-01 8.093447070022021794e-01 7.559965384060981508e-01 7.988674052680106996e-01 8.246474235656436891e-01 8.220390656580741640e-01 8.122553170171354919e-01 8.053008085722086484e-01 8.167112257539990150e-01 8.247003234996681531e-01 8.237078035898675044e-01 8.144511586269523873e-01 8.204858111101249740e-01 8.100006858024936252e-01 8.158857504258293369e-01 8.128117328125490371e-01 8.124652415315967158e-01 8.172510583768652914e-01 8.195184437691347412e-01 8.169142763569109400e-01 7.963479299469079509e-01 8.098258122743391407e-01 8.116808296522556310e-01 8.121470173819275162e-01 8.076337354326581508e-01 8.161829124804707014e-01 8.150011634116922643e-01 8.146438507010507202e-01 8.002062017471728295e-01 8.109808338874185951e-01 8.104185269234607247e-01 8.090353934374557854e-01 8.148868182592092779e-01 8.164085281939109651e-01 8.115167852342720645e-01 8.058684791817463111e-01 8.115966141723015559e-01 8.050721221140233475e-01 8.212698968061339366e-01 8.153321331807280581e-01 8.213282529686440903e-01 8.096400010382890367e-01 8.168291212281536540e-01 8.160131293429834232e-01 8.171494568105267531e-01 8.176361943785447339e-01 8.226506681646574837e-01 8.127449702577339563e-01 8.102591402553700473e-01 8.203301164793328493e-01 8.191923720910282425e-01 8.151609963095834965e-01 8.233318254983540418e-01 8.186532602598266539e-01 8.205311103488287516e-01 8.109571628957230605e-01 8.202523444914661122e-01 8.198075560275257523e-01 8.231644981787589188e-01 8.257723589814617293e-01 8.232889503268570053e-01 8.251639147907816607e-01 8.231971115029625974e-01 8.250166887759827761e-01 8.208975016283052151e-01 8.163797645242455436e-01 8.214613130835971555e-01
1.100036168931548125e-01 1.856515033039435603e-01 4.125658539155645510e-01 5.783224695461806064e-01 4.598289009748005030e-01 5.441799675064951103e-01 7.497146637358002019e-01 7.470127512875893716e-01 8.081473945088577526e-01 7.428367781428922845e-01 1.000000000000000000e+00 8.609047606889022042e-01 7.577540254684268506e-01 6.643534259290818644e-01 8.574626398284530548e-01 8.572274954508252165e-01 8.114508969253038106e-01 7.934564098023786372e-01 8.313587411804700400e-01 6.045147661520310356e-01 7.383652978196615368e-01 8.289004530835281104e-01 8.067365766477886391e-01 8.032098326778434050e-01 8.068050257877598108e-01 8.598333451135802274e-01 8.624847925295773265e-01 8.653853448356435552e-01 8.114417109933845795e-01 8.490059942414952543e-01 8.739712022497879707e-01 8.688389373557959816e-01 8.469505388422599035e-01 8.748471411406090192e-01 8.494881098744995196e-01 8.547258452013587471e-01 8.651694524307040890e-01 8.745378622348140008e-01 8.916506913362557407e-01 8.372596201520211556e-01 8.836864001602893204e-01 8.820678643243210493e-01 8.614646647406393187e-01 8.898531651454111291e-01 8.893597091744681604e-01 8.844232218885129670e-01 8.774582450923154031e-01 8.830265231681326821e-01 8.729397218475044573e-01 8.567902679692686041e-01 8.783154872880937214e-01 8.319475157687906686e-01 8.699622832920688165e-01 8.756721075779798635e-01 8.716627037612177942e-01 8.834133380663534707e-01 8.582648480745919128e-01 8.797962199139967021e-01 8.787422600586324295e-01 8.802160517153632124e-01 8.782381098472564762e-01 8.690132143852229429e-01 8.586757429966127564e-01 8.749110239968140856e-01 8.760881007856371472e-01 8.693383640265793799e-01 8.865797559037105202e-01 8.965874576017563991e-01 8.954868887603862904e-01 8.761783031389023257e-01 8.959247561519056990e-01 9.002892301271046005e-01 8.959462736379245618e-01 8.969306758274840918e-01 8.938138000010023010e-01 8.950290959778586242e-01 8.950166692895182852e-01 8.896668483881864375e-01 8.979019774919435593e-01 8.987958568751175381e-01 8.984209547935771978e-01 8.992367254691305822e-01 8.883452638263823475e-01 8.919983411263341377e-01 8.852262061139953842e-01 8.911577475714120844e-01 8.928504988164437384e-01 8.914590587746460404e-01 8.938876614630124617e-01 8.851846157425593553e-01 8.923558747111577372e-01 8.888340294227456972e-01 8.924811513624736348e-01 8.935479288381205087e-01 8.819449453007099926e-01 8.835338811020521099e-01 8.821937004646563940e-01 8.795624925214172718e-01 8.872826021586621703e-01 8.870748112489406090e-01 8.910601000261758609e-01 8.851516772771782504e-01 8.805607270942074072e-01 8.868025117218065745e-01 8.844996261424528106e-01 8.760835918579240600e-01 8.847913423163650259e-01 8.839749623474735252e-01 8.834572439804455612e-01 8.836154476379159961e-01 8.824280843423395471e-01 8.825027904497596554e-01 8.813724808100600328e-01 8.851031196374689047e-01 8.828315216625992612e-01 8.779701047794192803e-01
8.559890373316195178e-02 1.846267543520354326e-01 3.886790472549331854e-01 6.464353582981077206e-01 4.946956797891999824e-01 5.764080231140454869e-01 7.993435031803930446e-01 7.973632301470002792e-01 8.295435299414385399e-01 7.769271199702324493e-01 8.609047606889022042e-01 1.000000000000000000e+00 8.007455787299967431e-01 6.911534771904966901e-01 9.062024258187719727e-01 9.022639310551262559e-01 8.376431777379710342e-01 8.093764498443261068e-01 8.327056458421074892e-01 6.501575862279428408e-01 8.168682099627355697e-01 8.429000161413752190e-01 7.991215874458837964e-01 8.013490881656039067e-01 8.047588271527745807e-01 8.729890378107965088e-01 8.767151259404654118e-01 8.741120593411252360e-01 7.964479831213141514e-01 8.227534914787221210e-01 8.729839888058169572e-01 8.763064870881817070e-01 8.435650104053139531e-01 8.850289896776256660e-01 8.444711467678747141e-01 8.905988607350238118e-01 8.884990623381310293e-01 9.129103525685754450e-01 9.170122149184155580e-01 8.971361825171552118e-01 9.263592095744020982e-01 9.214095072085418670e-01 9.066186123909092398e-01 9.324898446835043764e-01 9.193923314635970012e-01 9.132433411566929227e-01 9.233927187684153326e-01 9.204568996877573461e-01 9.143505676569818608e-01 9.051549878144433681e-01 9.241845123003573637e-01 8.990309375345311160e-01 9.244097046787463912e-01 9.102916696703774457e-01 9.090862526463361348e-01 9.229796520200320709e-01 9.148824073259154144e-01 9.249816043092684570e-01 9.244775367750986961e-01 9.308968911392486723e-01 9.296273287869699642e-01 9.224696553215784300e-01 9.169253145924756154e-01 9.237205595267552471e-01 9.158407532539569740e-01 9.245785555787269239e-01 9.227072754512991581e-01 9.244895214935586747e-01 9.179559146508240453e-01 9.267280579756984604e-01 9.361202571494033897e-01 9.251426457427679440e-01 9.217658568970619193e-01 9.243364778094349532e-01 9.266580859971985662e-01 9.290367889429510528e-01 9.251800866329973339e-01 9.089762834143739756e-01 9.176343866208765965e-01 9.095637910599375653e-01 9.203827974787225363e-01 9.225657337812135372e-01 9.233058189869305377e-01 9.087977352213317817e-01 9.148067175954840424e-01 9.146884077372383626e-01 9.223316002701880123e-01 9.258729798094695873e-01 9.237554858330995211e-01 9.214686722935105934e-01 9.260498376707734236e-01 9.308892425976953433e-01 9.290285304568502989e-01 9.281266353975199390e-01 9.232640174841137970e-01 9.228755706438653839e-01 9.228396835550508603e-01 9.195268019107758484e-01 9.255913948005319858e-01 9.245899228271804438e-01 9.276309728198948168e-01 9.241477295002269443e-01 9.309636437634942752e-01 9.284881854041525662e-01 9.299994359328038751e-01 9.159016537035792327e-01 9.214471583592547255e-01 9.199730927178357831e-01 9.127718065485426191e-01 9.245375936470375811e-01 9.196441493111922050e-01 9.234969309493493705e-01 9.190307064063418796e-01 9.245450292715861051e-01 9.228868957734394085e-01 9.232061985372292945e-01
2.570056869423310505e-02 1.564643702266306780e-01 3.032437900323907143e-01 4.900168966118667035e-01 4.594781051703673569e-01 5.017348517237286698e-01 7.188825913671131884e-01 7.187049046253715101e-01 7.569345252393604451e-01 7.195542969980207593e-01 7.577540254684268506e-01 8.007455787299967431e-01 1.000000000000000000e+00 6.390072135198082703e-01 8.358641594122935281e-01 8.366998908266704005e-01 7.700200324889238113e-01 6.892802485045388394e-01 7.312290346062968460e-01 5.199516610790592130e-01 6.841528958727214338e-01 7.200385321134159522e-01 6.863880636755252951e-01 6.917758320962947849e-01 6.973982807934036021e-01 7.769966138607846684e-01 7.616354936966277522e-01 7.629143772584021654e-01 6.879693168971001693e-01 7.204984003521138769e-01 7.756700476177391668e-01 7.877827586128833826e-01 7.397168375857919864e-01 7.995494033295015290e-01 7.518223151581742147e-01 7.996286412031495816e-01 7.900999245872207810e-01 8.182192801917809177e-01 8.267136936006320713e-01 7.956715007966456144e-01 8.425792024788393286e-01 8.283382720801832910e-01 8.134835555984928357e-01 8.399395672294343029e-01 8.229104920337162454e-01 8.202961996293666180e-01 8.507467570387985401e-01 8.508324267270650498e-01 8.422922157132138876e-01 8.227077314253029572e-01 8.368789421436981790e-01 7.952860372379025877e-01 8.307048481461426492e-01 8.436205874962811047e-01 8.368903540539008867e-01 8.378661228338285527e-01 8.303062396058983330e-01 8.483518843481242522e-01 8.466884794316990037e-01 8.548123120372270733e-01 8.479850444994511127e-01 8.498664438049489123e-01 8.399404278843058957e-01 8.461682160439362166e-01 8.413081164991516037e-01 8.395483198522857293e-01 8.492575408864116993e-01 8.427880302845053295e-01 8.363188776293136728e-01 8.207688499682688210e-01 8.404068349925803982e-01 8.394966682941583658e-01 8.316997157359550252e-01 8.330002100686605404e-01 8.454204057588026178e-01 8.394078888155479534e-01 8.398378382463860259e-01 8.174539715624319358e-01 8.339526746610476104e-01 8.273346058400355973e-01 8.341805329928811963e-01 8.383969236508201917e-01 8.472832587521675896e-01 8.291334026519127098e-01 8.403321884857180013e-01 8.406876314608852097e-01 8.396941345828947689e-01 8.485861259525216971e-01 8.463447764643783344e-01 8.506957495544529291e-01 8.399070291633186081e-01 8.501412270145111139e-01 8.477073691564036562e-01 8.484799632553056137e-01 8.517710520758849935e-01 8.534886594966347717e-01 8.419637133330879486e-01 8.428358229716228500e-01 8.509404438707520724e-01 8.486037211531223257e-01 8.489567388291859862e-01 8.506536231351314870e-01 8.502087085124881982e-01 8.541588196582229342e-01 8.484446988533806966e-01 8.478904605740555933e-01 8.489622030719967682e-01 8.522950570953589100e-01 8.489802890366675570e-01 8.537319357617170201e-01 8.520871291288818483e-01 8.548413545076576359e-01 8.513489566044232237e-01 8.521862426008993685e-01 8.488290027351419464e-01 8.511317188283744617e-01
