1.000000000000000000e+00 1.251663541763328447e-01 1.106937993257951364e-01 7.575110536486810708e-02 2.316428642080465769e-02 1.041979246614994740e-02 4.159113575972344518e-02 2.679197127220809757e-02 1.142459308948051283e-01 1.912547260867299148e-02 3.860630140625316564e-02 2.609646965084449002e-02 1.538299173900324092e-02 2.434121262061091084e-02 3.229226680400055366e-02 3.168169189363091026e-02 7.968257859888484840e-02 8.755718698594174010e-02 6.407499249327962276e-02 9.256076009142279182e-02 4.559199555967597545e-02 5.082203538967802747e-02 7.788885702977918490e-02 7.994139580183474980e-02 3.668046008313899375e-02 3.255196789754569858e-02 1.103440569684937742e-02 2.318904900220441351e-02 5.674067872093957465e-03 5.613561116165270704e-02 2.967014217041731919e-02 8.340635266940123194e-02 4.966197110105702306e-02 6.362064033026487708e-02 5.723492242127242030e-02 2.725482162032880767e-02 2.338910666939524388e-02 3.161952621817641640e-02 3.232762830063440340e-02 9.774152644142821908e-03 1.768122132270185179e-02 1.091850161083343131e-02 8.420176522220391632e-03 1.542111102220399509e-02 2.403769966265315028e-02 1.239325768938997173e-02 5.254290318420455803e-03 1.461360793969048409e-02 3.858660170876852813e-02 4.697600776505300724e-02 2.456589069779089446e-02 3.058680109232926950e-02 2.952486785251401055e-02 3.198641321978849816e-02 2.105828068483386190e-02 2.279964628269907576e-02 3.863090239173917750e-02 1.076683367174878156e-02 2.727080939174620147e-02 1.732829896092675029e-02 1.956575700173619758e-02 2.429000554771003698e-02 2.033143446214450908e-02 2.834557713958244310e-02 3.251601794888103053e-02 3.928358186071496949e-02 2.473651720056879028e-02 2.244895829174900145e-02 3.471109983070267552e-02 3.112046357813322284e-02 2.248836777525559799e-02 1.718289437684220738e-02 3.628239564417964913e-02 1.826077939910331072e-02 1.507323434762542630e-02 9.133792514968970197e-03 7.026996571940260540e-03 1.007792457384331861e-02 1.882705399610924354e-02 2.457236459821545912e-02 1.403929320296519283e-02 1.432690785158564212e-02 2.413215207793251854e-02 2.723104779020034394e-02 3.573778825873791948e-02 2.545831201329686391e-02 8.260201077507117046e-03 1.706480041509927242e-02 1.443669411560130969e-02 1.923875188339604914e-02 7.066654202048735720e-03 4.427451673373838242e-03 7.208635874857966148e-03 3.958739333974964185e-03 7.032785783403720098e-03 1.221441187271078699e-02 2.409277470345221397e-02 3.603179258633382870e-02 1.898189167349311271e-02 1.860251170260957682e-02 9.430169957196145661e-03 2.056035909577311541e-02 1.042959821244296426e-02 6.126324831330612689e-03 1.785293761199443358e-02 3.342456622233710289e-02 3.173891661627245564e-02 9.819551668418829982e-03 1.006193137201292186e-02 1.515332831253735774e-02 6.819602216686604552e-03 1.171592396941244750e-02 1.406412889626195740e-02 1.578600540286046947e-02 1.823752263819812536e-02 2.218816963140455428e-02
1.251663541763328447e-01 1.000000000000000000e+00 1.528243868188042254e-01 1.991020932240888941e-01 7.883313684000255173e-02 1.236682826782365130e-01 1.602782100410404809e-01 1.658569635062596970e-01 2.075609558814419386e-01 2.196996056731435609e-01 1.686051019149817365e-01 1.495001202041778554e-01 1.486578651722854361e-01 1.541064117744861406e-01 1.716726152304114961e-01 1.507103115919463943e-01 1.798138822071969345e-01 1.826998052699789488e-01 1.753368773184073859e-01 1.732567101012469912e-01 1.691854565043216796e-01 1.840524971330532167e-01 1.908854137318877209e-01 1.680558273084000742e-01 1.765935038955239733e-01 1.934681796184364033e-01 1.744143730828505712e-01 1.922694881675318379e-01 1.939406817874152478e-01 2.081787967898927616e-01 1.798209401193889556e-01 1.943489951740755561e-01 1.907020396108363991e-01 1.802907988565969066e-01 1.884208340067188847e-01 1.759847967383062484e-01 1.782303631075787265e-01 1.848495542902072464e-01 1.781485639714783797e-01 1.743045294676697776e-01 1.820729450949369888e-01 1.733931906551897384e-01 1.701449916138997598e-01 1.647089315337268156e-01 1.741029482817087193e-01 1.791920274646018052e-01 1.667750437909180372e-01 1.781809176505309289e-01 1.775790204680765261e-01 1.722543076365681547e-01 1.759313853054137455e-01 1.601835002433033839e-01 1.581757258867442784e-01 1.843269772402963136e-01 1.768237736843191188e-01 1.840389414159038228e-01 1.787692900265922535e-01 1.675381845096541311e-01 1.766708068145903254e-01 1.730947492823870504e-01 1.736153418888982114e-01 1.786698614233594440e-01 1.649715878410080994e-01 1.864185283410199068e-01 1.737606903456921648e-01 1.807305802799140382e-01 1.753331433864069033e-01 1.731269267442737958e-01 1.728218311292103460e-01 1.719631644989703945e-01 1.742611521902662775e-01 1.709475858822390171e-01 1.716849511616920787e-01 1.707128192821171786e-01 1.683143673633195614e-01 1.691040140623769339e-01 1.630750633125638005e-01 1.784458837634739503e-01 1.770768763780051491e-01 1.773007488020080513e-01 1.764824098286149612e-01 1.749311610678392637e-01 1.736415610351584593e-01 1.748998089139899292e-01 1.704147208085488030e-01 1.714271396997898433e-01 1.690413069906630816e-01 1.708991327703320573e-01 1.696110764186485320e-01 1.670398347936345729e-01 1.687164370552121373e-01 1.680016874221019196e-01 1.691382824161341558e-01 1.679765680466242250e-01 1.647691202322234816e-01 1.717381560402719831e-01 1.617406560324201603e-01 1.712844645308786717e-01 1.622260483037678280e-01 1.673426653323093205e-01 1.656027744258275203e-01 1.630694554233685367e-01 1.554363795030998252e-01 1.667372587197329115e-01 1.686935316702400656e-01 1.730061326257832377e-01 1.736778236463568381e-01 1.748599901914864030e-01 1.673285045502390100e-01 1.724537472410857253e-01 1.666918870701660504e-01 1.705803219883388344e-01 1.706931165684977547e-01 1.692230423687060281e-01 1.712201325659435114e-01 1.691965469453745041e-01
1.106937993257951364e-01 1.528243868188042254e-01 1.000000000000000000e+00 4.030160663993676562e-01 2.291454878642278647e-01 2.368989667398033461e-01 3.778213890222905658e-01 3.550445246763186957e-01 4.051695220705380240e-01 3.111377678807965563e-01 3.836231411430665039e-01 3.554036799933096291e-01 3.363811816699386337e-01 3.767103564734815002e-01 3.867130553312347341e-01 3.977517874310929069e-01 4.013348095374306701e-01 4.360855231818182021e-01 4.382949218713447781e-01 4.414697506325872545e-01 4.058517287892586256e-01 4.189474614161300403e-01 4.317696742427871159e-01 4.429954533284240492e-01 4.310868846313605784e-01 4.056435758897424804e-01 3.730860631381087700e-01 4.053742076550381213e-01 4.062595174083292737e-01 4.293926793843847456e-01 4.122377041622342642e-01 4.442235697626404911e-01 4.200585234739871998e-01 4.414367728374014588e-01 4.111888946451922600e-01 4.052208711379742812e-01 4.129285492904696264e-01 4.159353153697518124e-01 4.090113670380622901e-01 3.998176804555457764e-01 4.047811880112944238e-01 4.076736304571252356e-01 4.032252961887563547e-01 3.997082386068503412e-01 4.026600181733192563e-01 3.980724831597726721e-01 3.921917607863392163e-01 3.946179231338411419e-01 4.092491340691774004e-01 4.162471600092241819e-01 4.082966915217807746e-01 3.917318385549587445e-01 3.869749503853004979e-01 4.019435092155788647e-01 3.981267008338225111e-01 3.994794102061225982e-01 3.891693831205598197e-01 3.883834129602439234e-01 4.035963965079371052e-01 3.857176966711186594e-01 3.972963727046022187e-01 3.903589955946474288e-01 3.968969888138932367e-01 3.984032997931565845e-01 3.894030039679732269e-01 3.844947425465802815e-01 4.007417066578011777e-01 4.119905273153677272e-01 4.184447008861847395e-01 4.178549635443956634e-01 4.112181584107442167e-01 4.093054517716159246e-01 4.263683370828135200e-01 4.163146029825969818e-01 3.913130891080391915e-01 3.915202053461445675e-01 3.880945095618805185e-01 4.032039925130715963e-01 4.142684026140238118e-01 4.066429535925632499e-01 4.083340980833473077e-01 3.934088255619747065e-01 4.097849440648579367e-01 4.067403237110611136e-01 4.224715229708660424e-01 4.144396682023975265e-01 3.992385519125933313e-01 4.069784962649083404e-01 4.041891500143487415e-01 3.934044783913023813e-01 4.045840591423313648e-01 3.960872774151786291e-01 4.001704873287550424e-01 3.999050617159756738e-01 3.932460795594603375e-01 3.961833189257020771e-01 4.061326207785391218e-01 4.018578693432922067e-01 4.013317837542648703e-01 4.091121413413191243e-01 4.023815329921170414e-01 4.019935637128270178e-01 3.818600368038935766e-01 3.963048585447087047e-01 4.022536236951637645e-01 3.934663284806981243e-01 4.009145284380999930e-01 3.932759840491097392e-01 3.917733619278200297e-01 3.962753597428356200e-01 3.941664936691875454e-01 3.899701795852407726e-01 3.948184022810325988e-01 3.963283158670942163e-01 3.966937207304757629e-01 3.882886454134766296e-01
7.575110536486810708e-02 1.991020932240888941e-01 4.030160663993676562e-01 1.000000000000000000e+00 3.433240182987156164e-01 4.012808596746129663e-01 6.024581039645614533e-01 5.834351115852141056e-01 6.202052856910762468e-01 5.479729104888523272e-01 6.229379112609445546e-01 6.047188862645295204e-01 5.661623982972967539e-01 6.020883313031759609e-01 6.438559639079493024e-01 6.397569909524405407e-01 6.177926841124041779e-01 6.766392037603511378e-01 6.624090872209653647e-01 6.504064567325062995e-01 6.551543531248791297e-01 6.744106597183172624e-01 6.520348680753033088e-01 6.623588842531713539e-01 6.690640327962859013e-01 6.467230088384312570e-01 6.235965976757708029e-01 6.489233926034798650e-01 6.495530173846409960e-01 6.722185457029209443e-01 6.721835096991063407e-01 6.711695745457443296e-01 6.397045047666939377e-01 6.652701282813233696e-01 6.423897213859007804e-01 6.528830151970362872e-01 6.632516547932434392e-01 6.541097278038807694e-01 6.610305016809283618e-01 6.364330636714753409e-01 6.564338964411959854e-01 6.542046794524446485e-01 6.639653359489418039e-01 6.518958894464044196e-01 6.591550343253027577e-01 6.571568941377315953e-01 6.477790609562443791e-01 6.502059227439530575e-01 6.530161987994405060e-01 6.524296268032351298e-01 6.544514760990067792e-01 6.520171797667202451e-01 6.402494648202531335e-01 6.588563125216111427e-01 6.563696541915081673e-01 6.582544387757316429e-01 6.505417662851948890e-01 6.524414538841137867e-01 6.490469889546039983e-01 6.467757469049114638e-01 6.586703352335875339e-01 6.491171050137263254e-01 6.520091401307515078e-01 6.555479901945358012e-01 6.540889203987918510e-01 6.470956899247765071e-01 6.580314413017677166e-01 6.649350683041275190e-01 6.671904269782072960e-01 6.678255064888612980e-01 6.709800643850846180e-01 6.681469483679914889e-01 6.723008079406622706e-01 6.721307946018023616e-01 6.506228970275488299e-01 6.481863567808470172e-01 6.455761462544762352e-01 6.652081150220480188e-01 6.735420742289702778e-01 6.606463252566200373e-01 6.700530576054881671e-01 6.582321229966252574e-01 6.650384164514955287e-01 6.609386863137634016e-01 6.667509702928459125e-01 6.660741656397543009e-01 6.585271307990449019e-01 6.618308641911476720e-01 6.628564685992464067e-01 6.554122070820778134e-01 6.595011258528871156e-01 6.544381069841794796e-01 6.582231583387762042e-01 6.586683802501912544e-01 6.518508466555636982e-01 6.553723251311711628e-01 6.585953792733875156e-01 6.627610122586757857e-01 6.577511698321450995e-01 6.607310502265587582e-01 6.624194850178695138e-01 6.584799875672122660e-01 6.395394261845191997e-01 6.548846815827070733e-01 6.638739931778705472e-01 6.582041628818449119e-01 6.565803584656957348e-01 6.527615450243630102e-01 6.521541935904395793e-01 6.549252425872099659e-01 6.548475973719466436e-01 6.520757992063281883e-01 6.547266575080950002e-01 6.580851844615158708e-01 6.561791860122695441e-01 6.516970924954381683e-01
2.316428642080465769e-02 7.883313684000255173e-02 2.291454878642278647e-01 3.433240182987156164e-01 1.000000000000000000e+00 3.251988792608819789e-01 4.703475246444537849e-01 4.429197502382577478e-01 4.497382714742858556e-01 3.972201581721780395e-01 4.525272831849367905e-01 4.849479099921469860e-01 4.913663627901070918e-01 4.448628107356131789e-01 5.036409547887855664e-01 5.065141613243054897e-01 4.454546251488586961e-01 4.642646838357895600e-01 4.666625546875836084e-01 4.377519944928707774e-01 4.693045454785615966e-01 4.677335538213650001e-01 4.190927565088837237e-01 4.295756700416072937e-01 4.562915399187272292e-01 4.827695229894140017e-01 4.791325039209574088e-01 4.663799847587639658e-01 4.619481865433804346e-01 4.753886458313847374e-01 4.950566271464859613e-01 4.672943461462673032e-01 4.536301861751944609e-01 4.539872717689955040e-01 4.741601689269717701e-01 4.545541072085372281e-01 4.846705619571796686e-01 4.737598062924048836e-01 4.897894730190061607e-01 4.480238588362394081e-01 4.809763179409086709e-01 4.907650816490662926e-01 4.787057365258093333e-01 4.985035338071410194e-01 4.914508011963198419e-01 4.936514548240026334e-01 5.030621338394271058e-01 4.971625328707454106e-01 4.814525839658614914e-01 4.654126066113815074e-01 4.814360587916724499e-01 4.760707494795341499e-01 4.847809803637718185e-01 4.995567377377767015e-01 4.968757164102699520e-01 4.838631621421827789e-01 4.929442130352708062e-01 5.075884586735130988e-01 4.945179835257208500e-01 5.100303571738227237e-01 5.002149757327416513e-01 5.058482097080864159e-01 4.915083606518003689e-01 4.950306199946761798e-01 5.048921304179633252e-01 5.058840374713330368e-01 5.019834576288078054e-01 5.000202246557448049e-01 5.016203893511533840e-01 5.014714967695957926e-01 5.043059178639131002e-01 5.031312468963591300e-01 4.911259242832616834e-01 4.970644123603757958e-01 5.014503655687015948e-01 5.010699613192698409e-01 4.933449806925623848e-01 4.944404611593659626e-01 4.977064372436818540e-01 5.040449640944613119e-01 5.036847627562056617e-01 5.023987090906699704e-01 4.915191093138238099e-01 5.015050531841293013e-01 4.901833059664117420e-01 4.933170950208404792e-01 4.976027029066125151e-01 4.974700225247198904e-01 4.999220619030650403e-01 4.913244735883001701e-01 4.929460865927676183e-01 5.004040053605668392e-01 5.002316671341491272e-01 5.008703027540275521e-01 5.032977899106350073e-01 5.037480174512904973e-01 4.822122582058612772e-01 4.941232546254272218e-01 4.947288750117831424e-01 4.954219093088659820e-01 4.955893184784945227e-01 4.975313331520860860e-01 4.987717771997726701e-01 5.025239665887202278e-01 4.997336216442951340e-01 4.976543826472061838e-01 4.950689476412492573e-01 5.038775750634467698e-01 4.983291908297706740e-01 5.071737259534383480e-01 4.977665784921563308e-01 5.086654075991332569e-01 5.018050454662964510e-01 5.029321346593252917e-01 5.010546051726089134e-01 5.075699836940891219e-01
1.041979246614994740e-02 1.236682826782365130e-01 2.368989667398033461e-01 4.012808596746129663e-01 3.251988792608819789e-01 1.000000000000000000e+00 5.501677258440291762e-01 5.253137772007853146e-01 5.582505306300200587e-01 5.131597677736118301e-01 5.569951014631158159e-01 5.524140416172882428e-01 5.262261762035238544e-01 5.310179074547816125e-01 5.907668793834595089e-01 5.749431045122865847e-01 5.502819466206051446e-01 5.598099780988307073e-01 5.729316103161864460e-01 5.393845364666541853e-01 5.523075825089882596e-01 5.677459871642476230e-01 5.402067333925743009e-01 5.433734700045874666e-01 5.792190400798459260e-01 5.969621043790334092e-01 5.877202180124113662e-01 5.919347798866442245e-01 5.783636777286144115e-01 5.938392769573179741e-01 6.036305842004534572e-01 5.862904128337060872e-01 5.661155591603559412e-01 5.762740767800553776e-01 5.736129808058142432e-01 5.770337334402237950e-01 5.962534577794998958e-01 5.958137432409428280e-01 5.984812903136595974e-01 5.794874902457463062e-01 6.049022935107645216e-01 6.062611681875982317e-01 5.951608650563815495e-01 5.908717502207010419e-01 5.979742340530157518e-01 6.005665371962984889e-01 6.011979244665551780e-01 6.060505358362311412e-01 6.033382322255663732e-01 5.893793444631978407e-01 5.993406395792449937e-01 5.799066776353414276e-01 5.755546542087581763e-01 6.014371254925939825e-01 6.018996632709749939e-01 5.980466973965145039e-01 5.907028038423906002e-01 5.948720366914461710e-01 6.034330215581381607e-01 6.020865695948521834e-01 6.015386933787801871e-01 5.986616882912445536e-01 5.967811701796504886e-01 5.980542663722285823e-01 5.933009819080532488e-01 5.868870798204189887e-01 6.068251224432053004e-01 6.074839860911480649e-01 6.010855703407194106e-01 6.043095250190030354e-01 6.049034592249039610e-01 6.042580356052066337e-01 5.962076862862617510e-01 6.084717685547309518e-01 6.003751790092508589e-01 6.033924326414282779e-01 5.943677719322708608e-01 6.020523712903960156e-01 5.991590120607112047e-01 6.044779537015024795e-01 6.067296861499440475e-01 6.085808852869919461e-01 6.022982193613074520e-01 5.996622861441537333e-01 5.994585192757088121e-01 6.006402529167546023e-01 6.048655879388062928e-01 6.030500716099899128e-01 6.049676857711073774e-01 5.958642441994000949e-01 6.017231218729888198e-01 6.047967718682674132e-01 6.050657574863623767e-01 6.062408042157317878e-01 6.033444506652813066e-01 6.059741398133985379e-01 6.014987155708825250e-01 6.025200155308545469e-01 6.017677135340409045e-01 6.034040189236211660e-01 6.017005823458507763e-01 6.036558640722223812e-01 5.945125586676638374e-01 6.071487800331178963e-01 6.034598286733212635e-01 5.933995838818949542e-01 6.019786049974175102e-01 6.044430263392449598e-01 6.001614262806118649e-01 6.060711813117614088e-01 6.013916604064153404e-01 6.029920468598498617e-01 6.021807297300113548e-01 6.029544486702365091e-01 6.020974332986782640e-01 5.948150495294201034e-01
4.159113575972344518e-02 1.602782100410404809e-01 3.778213890222905658e-01 6.024581039645614533e-01 4.703475246444537849e-01 5.501677258440291762e-01 1.000000000000000000e+00 7.424747840417001976e-01 7.709327686736787699e-01 7.203500415887269526e-01 7.815949539300497406e-01 7.928134137342172094e-01 7.365637586573241524e-01 7.524310870912849225e-01 8.635456941575518908e-01 8.209602791427522694e-01 7.617939053293323326e-01 8.046719259138014335e-01 8.056586247579565763e-01 7.642440084761238372e-01 7.894823432604152202e-01 7.991634908791623859e-01 7.744867719366099745e-01 7.759099485956666431e-01 8.075371869237486511e-01 8.270514623211484562e-01 8.108631059806949981e-01 8.108439189948659642e-01 8.105599258816218455e-01 8.219089150730902738e-01 8.437727587451305800e-01 8.317166665343348475e-01 7.849565962336565450e-01 8.183380564704269000e-01 8.043454537280959604e-01 8.140897189306719461e-01 8.245908163792571299e-01 8.388839138463403122e-01 8.374367892147492887e-01 8.162277503828839764e-01 8.393413294654289425e-01 8.433419778310399240e-01 8.346109519212756567e-01 8.388469038608321604e-01 8.325205064010505751e-01 8.422733349727643537e-01 8.404076700642276743e-01 8.407292704445887832e-01 8.340436698963356044e-01 8.267267205946767783e-01 8.359451939534676690e-01 8.149217081266715290e-01 8.197267946322418508e-01 8.338001043950165059e-01 8.362257697274727564e-01 8.363254068729352175e-01 8.155868593434366653e-01 8.355444093512705006e-01 8.379401021582412179e-01 8.297076150129357730e-01 8.368918234596098848e-01 8.301686147222397949e-01 8.341902865557165869e-01 8.264698606043716644e-01 8.270477722333139381e-01 8.217178781115349606e-01 8.459143174220242756e-01 8.476797842329116817e-01 8.457696483179634184e-01 8.452142198717841337e-01 8.478501625465352243e-01 8.463219278264537682e-01 8.434839029554782597e-01 8.479219073213890567e-01 8.467679373775607310e-01 8.426437459702441624e-01 8.410071340394689177e-01 8.462289065692319978e-01 8.485435178191927941e-01 8.412797051773079904e-01 8.431797174794787297e-01 8.431697563750198965e-01 8.449894046847166162e-01 8.402545709926495521e-01 8.467510448780208865e-01 8.458259141051168717e-01 8.403417079034497528e-01 8.503386089998955510e-01 8.453639849322007738e-01 8.427812906193441478e-01 8.466500502041749421e-01 8.475778859665390463e-01 8.441670839532839921e-01 8.470338120151710282e-01 8.419649533827835430e-01 8.444132397882444518e-01 8.430248505557800254e-01 8.347352362916519164e-01 8.398247168366689275e-01 8.480736835047715250e-01 8.451875773952439719e-01 8.414310094730435008e-01 8.354438922846899596e-01 8.437745167926440359e-01 8.435192561981850190e-01 8.285424570864856619e-01 8.404222670922790739e-01 8.428003840257801693e-01 8.439330396762231290e-01 8.434401771940065462e-01 8.454217963073480391e-01 8.387427432502722047e-01 8.398173350090817335e-01 8.392336346761609667e-01 8.384631204861779930e-01 8.337457524871126902e-01
2.679197127220809757e-02 1.658569635062596970e-01 3.550445246763186957e-01 5.834351115852141056e-01 4.429197502382577478e-01 5.253137772007853146e-01 7.424747840417001976e-01 1.000000000000000000e+00 7.608034383262222144e-01 6.879732667556026637e-01 7.685781057767815394e-01 7.893506702862006508e-01 7.412188121183210798e-01 7.318328130576550183e-01 8.202275030063317374e-01 8.168600695131688072e-01 7.486031839209367211e-01 7.761934753400219211e-01 7.706004673632808055e-01 7.543897377049301189e-01 7.730161721619215331e-01 7.757132312968726406e-01 7.395764244623642680e-01 7.419998686014922518e-01 7.740570087069258420e-01 7.902848622310745252e-01 7.845798752292533207e-01 7.774762737756171216e-01 7.666090009326913535e-01 7.999372921282729143e-01 8.254012948613105305e-01 8.060610103606552501e-01 7.707331490071390734e-01 7.992712166649065253e-01 7.895118293462022319e-01 7.987088227126798445e-01 8.110807347167092729e-01 8.221157319777322448e-01 8.214876729120766941e-01 7.828717569522092301e-01 8.176733643768032689e-01 8.234861968357719553e-01 8.193419448882349743e-01 8.265566511191581034e-01 8.188169736358077433e-01 8.216531598470454556e-01 8.271846978578548670e-01 8.248158430866915358e-01 8.240956759327864312e-01 8.161935606501681262e-01 8.249268610641278254e-01 8.050159384385993100e-01 8.075166528657795606e-01 8.242005060575954278e-01 8.252491118747318222e-01 8.215061585098532015e-01 8.188255508937642979e-01 8.272875903216166948e-01 8.294318705420726801e-01 8.211609792440612843e-01 8.269645594815495659e-01 8.272913770847081238e-01 8.261874038235049733e-01 8.229511247124003948e-01 8.178315877790699462e-01 8.196211411034518557e-01 8.292875970393547291e-01 8.284311016878193046e-01 8.280747429325449049e-01 8.323802178721579903e-01 8.326439110052297199e-01 8.272591532558812855e-01 8.217930804645329212e-01 8.263669562984639061e-01 8.287387567103227104e-01 8.247674265723788922e-01 8.211974909406620782e-01 8.218806236096087847e-01 8.288222018829008997e-01 8.279875151099080899e-01 8.265844973436452525e-01 8.310285309357761108e-01 8.314844996623441675e-01 8.264598693292182219e-01 8.287396825437218784e-01 8.315380543349024656e-01 8.294015648280819164e-01 8.313184453635187321e-01 8.309840121396000479e-01 8.255913969037655953e-01 8.240663063117059650e-01 8.292545674775698705e-01 8.284053836634777124e-01 8.313709830625514163e-01 8.297634580372796886e-01 8.305616822332071436e-01 8.243987705480598782e-01 8.247325947318825401e-01 8.260214888538268685e-01 8.308072692829969741e-01 8.297084359898010408e-01 8.294694569390040906e-01 8.231479818066075316e-01 8.307529235630678466e-01 8.295518071617076217e-01 8.237827620228743708e-01 8.289149827736509435e-01 8.294678981538631257e-01 8.297682924385948455e-01 8.317755673887273771e-01 8.324948201286974658e-01 8.306109980616391830e-01 8.314869663177963943e-01 8.297088485723290718e-01 8.267079557856122918e-01 8.268902334627136197e-01
1.142459308948051283e-01 2.075609558814419386e-01 4.051695220705380240e-01 6.202052856910762468e-01 4.497382714742858556e-01 5.582505306300200587e-01 7.709327686736787699e-01 7.608034383262222144e-01 1.000000000000000000e+00 7.533454306108495757e-01 8.199456944973685379e-01 8.365693996173814151e-01 7.688546211484071913e-01 7.884383200719697893e-01 8.604156139969978412e-01 8.553940247388723828e-01 8.337826855082691724e-01 8.266788987202250416e-01 8.321699333643823859e-01 8.044729775133139249e-01 8.154682692234183072e-01 8.358586727533778848e-01 8.042696540360015911e-01 8.075291241074532556e-01 8.328653371826538754e-01 8.684091706561390955e-01 8.486603121657227966e-01 8.501935027442806270e-01 8.281497718483457060e-01 8.741137375445303670e-01 8.863038261664164530e-01 8.679214086298847608e-01 8.248974258574364171e-01 8.534853195712295282e-01 8.503610108904376963e-01 8.478083993130617335e-01 8.696003241713033960e-01 8.693775941279946462e-01 8.797168909314315721e-01 8.265266501260859489e-01 8.811468417995202973e-01 8.763945152406285022e-01 8.630339449181990696e-01 8.794540266927799443e-01 8.727975673103137710e-01 8.773649081712274755e-01 8.828589366989662013e-01 8.906824559229730154e-01 8.839632079270847154e-01 8.679877726908049596e-01 8.790208057160706634e-01 8.610932085995650631e-01 8.636020694130501774e-01 8.919868499819116892e-01 8.815819067592409741e-01 8.786744905776118220e-01 8.810356659668109325e-01 8.806072488971331547e-01 8.845669903774453502e-01 8.869748434415279936e-01 8.880663241714178424e-01 8.821103233776209640e-01 8.799949916086989843e-01 8.867539809452460453e-01 8.873687947421491362e-01 8.838131208474091505e-01 8.900264645791989837e-01 8.892183098414989662e-01 8.864096197389277343e-01 8.891509303117348662e-01 8.862279450004174608e-01 8.850781631235328240e-01 8.801170488031305750e-01 8.857154261998513300e-01 8.858200816647174847e-01 8.806996968713213247e-01 8.756172224948141070e-01 8.789906170677167507e-01 8.841580329424172380e-01 8.915876168227704346e-01 8.903856937455989495e-01 8.896890554979722809e-01 8.857349203561512008e-01 8.849156077459318093e-01 8.851699410790913047e-01 8.862240863653942924e-01 8.842326202530845780e-01 8.841370441519273982e-01 8.875165445553454546e-01 8.782404311378257944e-01 8.759209378076642238e-01 8.826901011911194583e-01 8.866691617592220576e-01 8.858244816140602440e-01 8.848204209589286551e-01 8.879239996167426208e-01 8.759828142811085794e-01 8.887555160590788761e-01 8.830104300255193772e-01 8.836287287080577535e-01 8.826001559403545693e-01 8.863063556938634013e-01 8.784422204035167159e-01 8.857147505552033229e-01 8.877426276332108790e-01 8.819433682501177652e-01 8.883629655843863215e-01 8.882895558122907431e-01 8.822508422901068625e-01 8.882602306437136219e-01 8.805936484024615707e-01 8.882449352589547598e-01 8.857061836071419281e-01 8.889547960630151957e-01 8.893345930679767974e-01 8.848646351214892736e-01
1.912547260867299148e-02 2.196996056731435609e-01 3.111377678807965563e-01 5.479729104888523272e-01 3.972201581721780395e-01 5.131597677736118301e-01 7.203500415887269526e-01 6.879732667556026637e-01 7.533454306108495757e-01 1.000000000000000000e+00 7.475984664361927656e-01 7.595250864557411274e-01 6.893026426019207564e-01 7.138145101304235185e-01 7.870559721048697721e-01 7.698302701568705553e-01 7.365881344752165383e-01 7.318670456755187459e-01 7.418631612947552689e-01 7.022073129638616296e-01 7.295660905123082518e-01 7.382392509127376767e-01 7.233883517979238231e-01 7.178412300087830822e-01 7.549711713812985447e-01 7.905888641371415781e-01 7.762187162696123632e-01 7.730862860173893791e-01 7.576736681722259226e-01 7.831027316057598275e-01 8.096917551613631581e-01 7.857705053727354061e-01 7.507184640224449090e-01 7.769389406239478602e-01 7.644865962977187568e-01 7.790607403920493113e-01 7.930762568392767387e-01 7.998144141513522376e-01 8.048160021396270070e-01 7.746862121058368800e-01 8.095591320960093817e-01 8.074466139921984142e-01 7.968992476101999234e-01 8.025176885512098623e-01 7.995931238448984457e-01 8.109332830205627785e-01 8.087396811813242214e-01 8.153658887758039597e-01 8.045759152551908988e-01 7.960089705847143149e-01 8.083689019488237149e-01 7.751460557549220143e-01 7.847782627006765210e-01 8.052121949195927275e-01 8.047453543408124021e-01 8.069959104752094659e-01 7.964165905564459802e-01 8.010465328853718647e-01 8.062190979133487811e-01 8.060479033075703681e-01 8.077363690377570293e-01 8.005203873172823670e-01 8.036012717616999312e-01 8.045762621052673369e-01 8.015566754137632977e-01 7.935290704965037856e-01 8.126150999166581457e-01 8.090945747172625380e-01 8.039178822478791897e-01 8.032542495157654061e-01 8.057058319646548394e-01 8.060284273372333441e-01 7.957535995411160190e-01 8.072572896661504016e-01 8.115066869464178101e-01 8.046666997984472935e-01 8.030723140737517918e-01 8.019113095307716099e-01 8.025251892958071842e-01 8.103780241697466913e-01 8.083953518232612767e-01 8.130311385843927985e-01 8.093013033061029482e-01 8.018136866489756764e-01 8.043664371432126536e-01 8.089524421806353338e-01 8.091423713592438283e-01 8.104660165468176025e-01 8.103272359650603995e-01 8.069924879461241041e-01 8.036256924714902938e-01 8.115026657032226032e-01 8.104622451531496852e-01 8.118445052007917662e-01 8.112137404700278109e-01 8.126106732804564414e-01 8.028129694752389467e-01 8.023282024312157201e-01 8.043244256880819343e-01 8.083683963586176802e-01 8.080977211066543431e-01 8.078095516585936942e-01 8.045675279445689831e-01 8.110487484864751240e-01 8.088428697363229114e-01 7.968142100199150368e-01 8.089222186170010875e-01 8.136362946541646490e-01 8.099372411330687527e-01 8.106464766482677220e-01 8.082686224148948329e-01 8.094183548284641372e-01 8.083159990268805606e-01 8.086044785462581652e-01 8.068377225445806378e-01 8.041758220848458372e-01
3.860630140625316564e-02 1.686051019149817365e-01 3.836231411430665039e-01 6.229379112609445546e-01 4.525272831849367905e-01 5.569951014631158159e-01 7.815949539300497406e-01 7.685781057767815394e-01 8.199456944973685379e-01 7.475984664361927656e-01 1.000000000000000000e+00 8.797917327936034537e-01 7.897019564092656596e-01 8.046304065320072363e-01 8.886683876192836840e-01 8.848558017106930018e-01 8.311118117056764953e-01 8.328376529237430104e-01 8.442827881936449952e-01 8.002286357346968249e-01 8.385191527415559731e-01 8.482009575671818347e-01 7.994059727059231735e-01 7.992056756963836772e-01 8.445238308906464209e-01 8.684909437247909647e-01 8.706302753951080664e-01 8.605011025677470338e-01 8.419118481861166403e-01 8.793710166809632911e-01 9.041313991379702486e-01 8.802813201237503771e-01 8.467489653682294115e-01 8.646986364294076965e-01 8.697751334124226297e-01 8.825017900775317115e-01 8.969103110525326050e-01 8.947172535458788323e-01 9.049091673013586190e-01 8.658027022591727739e-01 9.005758796691823997e-01 9.045854183810952964e-01 8.980379739602967204e-01 9.104294635093537202e-01 9.014537508421470724e-01 9.059494806572864212e-01 9.119035783248047311e-01 9.132880615708715011e-01 9.080120622432363842e-01 8.959474252427034324e-01 9.013965522326264912e-01 8.863932827639184886e-01 9.052000180666689433e-01 9.077929563680663394e-01 9.064924404067293828e-01 9.060977678438860705e-01 9.014177470524427083e-01 9.042417574223874377e-01 9.084106862871471622e-01 9.053501949198032861e-01 9.111724649743561111e-01 9.055386799374964824e-01 9.060855452746210403e-01 9.062396924122363417e-01 9.029972027836306037e-01 9.028620517013528080e-01 9.143723343002164716e-01 9.125900653830693043e-01 9.083991836279711185e-01 9.081968605893409041e-01 9.129490110548990067e-01 9.136154475682036757e-01 8.981206633468017397e-01 9.065873988819725948e-01 9.164534362948888457e-01 9.147764141348553313e-01 9.131536558504096401e-01 9.072352643233448921e-01 9.086106472098030018e-01 9.144791907339576698e-01 9.132013118131322438e-01 9.160651901043654899e-01 9.137826780753608436e-01 9.120723035975704107e-01 9.086086379355112763e-01 9.117131703878221805e-01 9.137940023696443648e-01 9.162318588824197585e-01 9.158534365411071798e-01 9.165198876719066190e-01 9.127924412356690498e-01 9.156541513854353775e-01 9.145995711966570241e-01 9.160715081722970998e-01 9.161207719949273631e-01 9.166714878896883301e-01 9.108171784692680184e-01 9.098679665498062841e-01 9.133616677179433596e-01 9.141632419447329738e-01 9.149772386225787368e-01 9.154800694811591200e-01 9.124159848651581806e-01 9.151972515945204778e-01 9.168661263616305623e-01 9.101661375677456700e-01 9.162291724590772013e-01 9.150481394723610773e-01 9.185692327079005848e-01 9.160014289597032677e-01 9.173782362951744540e-01 9.141705276185494444e-01 9.162964707661225283e-01 9.162419782442642324e-01 9.138695813444983607e-01 9.148656695892053436e-01
2.609646965084449002e-02 1.495001202041778554e-01 3.554036799933096291e-01 6.047188862645295204e-01 4.849479099921469860e-01 5.524140416172882428e-01 7.928134137342172094e-01 7.893506702862006508e-01 8.365693996173814151e-01 7.595250864557411274e-01 8.797917327936034537e-01 1.000000000000000000e+00 8.087981977059228722e-01 8.220054185983926009e-01 9.128429489013518694e-01 9.104461936152705714e-01 8.442197252081194980e-01 8.366009792104804887e-01 8.445038348458653310e-01 8.165130917098795127e-01 8.584293746294273664e-01 8.531579647467585348e-01 7.994636423247855062e-01 7.984895121610415814e-01 8.417627410260718479e-01 8.776693836319738873e-01 8.930021810349519917e-01 8.704712112462825724e-01 8.495082791039209047e-01 8.874219173689110729e-01 9.199279448975458129e-01 8.873159024907600889e-01 8.586230832391221757e-01 8.743448821349865119e-01 8.877028798496128248e-01 8.896843931644654591e-01 9.075136510840491333e-01 9.070404908432467828e-01 9.189332942312775643e-01 8.659137355306264494e-01 9.203669548091070185e-01 9.208053330350753907e-01 9.117017667627806965e-01 9.331489997777210332e-01 9.238199613078741379e-01 9.233323016528207638e-01 9.375989542096175855e-01 9.371863685383553522e-01 9.241595857696548455e-01 9.083982094759653902e-01 9.163856636453596716e-01 9.042335654647556398e-01 9.298640663393438199e-01 9.320064323572466725e-01 9.301220909599978715e-01 9.248921348068666060e-01 9.263372550537694039e-01 9.322678948368351426e-01 9.308801823150869570e-01 9.367925988325304099e-01 9.353909738824861542e-01 9.354132039725154835e-01 9.279612171222983985e-01 9.274693360578827317e-01 9.299039235725811148e-01 9.370274172040100602e-01 9.367303473712264017e-01 9.334838745097440160e-01 9.302195433751198062e-01 9.308227497665114702e-01 9.323479902622153759e-01 9.307732703972428911e-01 9.177536110299647776e-01 9.221950632802955461e-01 9.433697767724837924e-01 9.405336638910349878e-01 9.433386236416332338e-01 9.245107979715747604e-01 9.264936341615331861e-01 9.359900813195312086e-01 9.308582829668343717e-01 9.380958230463680714e-01 9.336918412378888421e-01 9.354052679762586697e-01 9.265593332547175098e-01 9.325942295072798816e-01 9.346810996667908045e-01 9.364801281310041192e-01 9.355410757197057947e-01 9.400410717190854637e-01 9.321451757653530512e-01 9.393869802845569161e-01 9.348731237688330253e-01 9.371714900944883020e-01 9.403404439238562951e-01 9.397742489863010196e-01 9.232695140740919681e-01 9.271336503449051358e-01 9.322742232017412478e-01 9.287922385798438318e-01 9.333691485651550712e-01 9.342660708776053813e-01 9.416440818863275330e-01 9.366362745050949012e-01 9.355227215210898395e-01 9.318277999741909623e-01 9.368569950573928384e-01 9.402038646922312726e-01 9.436842264993265950e-01 9.403716311790638605e-01 9.401464237721018913e-01 9.405601202704142461e-01 9.404159421487151560e-01 9.381797781661338487e-01 9.373051560454331854e-01 9.431775559870673176e-01
1.538299173900324092e-02 1.486578651722854361e-01 3.363811816699386337e-01 5.661623982972967539e-01 4.913663627901070918e-01 5.262261762035238544e-01 7.365637586573241524e-01 7.412188121183210798e-01 7.688546211484071913e-01 6.893026426019207564e-01 7.897019564092656596e-01 8.087981977059228722e-01 1.000000000000000000e+00 7.450376362020504351e-01 8.389550195357903251e-01 8.360729003621283351e-01 7.703969622045274690e-01 7.730470265301171429e-01 7.737917801682219210e-01 7.416720101563736289e-01 7.830917346937279477e-01 7.809403278376706448e-01 7.299196886018088914e-01 7.285627221385925223e-01 7.743175020977821621e-01 8.083684794576025956e-01 8.206102178271975633e-01 7.985423819701947812e-01 7.749110771471366954e-01 8.153844451136386118e-01 8.424689110273579917e-01 7.992891611188700507e-01 7.762161511509487744e-01 7.878399054559067638e-01 8.092199437983462751e-01 7.991856480103667337e-01 8.300731640036848047e-01 8.215396550507797491e-01 8.372027468141234330e-01 7.850319355749506567e-01 8.382524162958316927e-01 8.438420417705565502e-01 8.262670373720016892e-01 8.494719970005717435e-01 8.375336576739288441e-01 8.388157313004337423e-01 8.569746231896431254e-01 8.580523784113106567e-01 8.379255648679313495e-01 8.165920334148369930e-01 8.350416980628838637e-01 8.238942158611448630e-01 8.386522774384421730e-01 8.574382528444373097e-01 8.503368987631658715e-01 8.385748974236806319e-01 8.474272061229429776e-01 8.549261200816878903e-01 8.510398444126746620e-01 8.643803768385117658e-01 8.563807079689641499e-01 8.604422209906742447e-01 8.504659283713242868e-01 8.545331358118481990e-01 8.495156549828276615e-01 8.524172556737508177e-01 8.562438246432476641e-01 8.525874845553648163e-01 8.466337149050652267e-01 8.512297121486245288e-01 8.530052548586436467e-01 8.526652234245011286e-01 8.320877901285879119e-01 8.451551656582391159e-01 8.532725960903548845e-01 8.541517169789987207e-01 8.446307352224848852e-01 8.412185453684694059e-01 8.457224803259895118e-01 8.559729028057255773e-01 8.543564425754059943e-01 8.578053899609072719e-01 8.483138678023459667e-01 8.537553454377431184e-01 8.393937424741078068e-01 8.459858316133594958e-01 8.539099166521069151e-01 8.512688057666497610e-01 8.543814908662333840e-01 8.459206066053688300e-01 8.451376828488402770e-01 8.572278598528498827e-01 8.549233270960432396e-01 8.566777858333151086e-01 8.591084974317888534e-01 8.606848612044396551e-01 8.405935993122519712e-01 8.497830399827456249e-01 8.502269326410976102e-01 8.468815466633172750e-01 8.528661930880767628e-01 8.531334122225270322e-01 8.530629347226678094e-01 8.591305378387013025e-01 8.536465576270120259e-01 8.531765978396312899e-01 8.522547184037895240e-01 8.599274942476927697e-01 8.570384083718153301e-01 8.615797696172621256e-01 8.564424890564009685e-01 8.635847249905574952e-01 8.595069523939129486e-01 8.590903606413170523e-01 8.560866202875007103e-01 8.588005848516149232e-01
