1.000000000000000000e+00 1.932268105662357516e-01 2.299183071744393680e-01 7.985611784235167876e-02 -7.744955704758446462e-03 -6.523202818208947984e-02 1.008584116052902713e-01 7.143644625210726629e-02 1.812740712630732109e-01 2.036155628408936880e-01 1.160992601413831232e-01 1.048297177602295627e-01 3.515010052967863785e-02 4.857049248703440569e-02 6.431518285646949107e-02 5.288342602763418387e-02 2.107077016733587549e-01 2.579420438837162211e-01 2.996499640043907009e-01 1.099579159897699498e-01 2.421257281085073820e-01 2.925723565970680395e-01 3.248138926791447889e-01 3.021712781308436568e-01 2.825434882772311918e-01 2.664799431375138306e-01 2.161603550191304457e-01 2.194133508758518425e-01 2.921705441311360785e-01 2.408050430561314570e-01 1.651968927045109892e-01 2.117369597104654944e-01 2.373370679024533747e-01 2.282746049348916839e-01 2.335461197026871549e-01 1.615620411826382274e-01 1.741182105516687340e-01 1.102320256010598243e-01 1.311442132052184351e-01 8.134303501392393942e-02 9.158986736921555238e-02 7.566837148949213943e-02 8.140363375169322457e-02 7.779940793529072085e-02 1.120861493920241869e-01 8.958938790637793748e-02 1.421633050232243463e-02 7.211523343239160944e-02 5.149333004734753944e-02 7.320157389228505729e-02 7.905196288233784507e-02 4.318450385314237527e-02 2.169087534780149082e-02 1.120893625387091030e-01 1.429062637785879497e-01 1.383089928718001793e-01 1.118750772007591349e-01 7.310871987862339882e-02 8.221562641555917039e-02 5.913065524182684052e-02 5.328290153232180526e-02 5.776585358611006915e-02 7.584871034826196068e-02 5.374401007366998856e-02 1.089526365620712006e-01 9.693629535851928936e-02 6.267696212060627770e-02 1.071258347702721270e-01 1.224505570974816909e-01 7.470923811299434725e-02 1.212692752263729301e-01 1.162152400004446695e-01 1.476218012458866968e-01 1.411536008424281452e-01 1.027401328190633428e-01 9.611138708619371140e-02 8.619508371062466201e-02 1.241521091041027230e-01 1.060528099004403729e-01 1.004126067155442781e-01 1.044864231400346039e-01 8.103312014336029601e-02 1.140308480049954942e-01 1.193422504709199250e-01 8.493197698404379714e-02 1.064280803757744198e-01 8.152720956996364898e-02 4.705596949158592779e-02 5.589630755979555637e-02 7.043102458905635410e-02 6.906892113291100699e-02 4.298717043736467736e-02 6.114390267655168271e-02 4.766652492750324266e-02 1.242476735649562097e-02 2.866052796954622964e-02 1.493407688608763828e-02 5.932111861659976337e-02 2.591849842623860853e-02 3.482251813359955178e-02 2.922223354015817190e-02 1.513088691864648665e-02 1.572280847866554948e-02 1.406044043375829188e-02 5.140940698045234902e-02 5.166377143414250389e-02 3.935954386173061426e-02 4.955687132099549641e-02 6.443561890279325688e-02 2.137545432622676642e-02 2.986954781004581144e-02 2.780834054920298601e-02 1.243512451368512794e-02 2.297219699236829893e-02 4.768901068765114826e-02 4.753138231331636293e-02
1.932268105662357516e-01 1.000000000000000000e+00 2.060214542119629122e-01 7.650742773768222371e-02 3.994182149872495258e-02 4.183545705203444570e-02 1.186789108224915179e-01 1.253261863425404465e-01 2.374525506013201448e-01 3.000733843207585294e-01 2.212702179643110389e-01 1.257209042835330248e-01 1.399772737731416472e-01 1.050718939255149698e-01 1.559910010373957989e-01 1.412408102498527995e-01 2.393940195758742229e-01 2.258135554773240683e-01 2.765775981753563206e-01 1.219794051177029368e-02 1.731563223889315828e-01 2.638213190478869152e-01 2.992342443547558739e-01 2.729894660778469095e-01 2.994343215156752835e-01 2.705038776192892347e-01 2.381020345936754046e-01 2.416117538213358173e-01 2.772517879758541470e-01 3.247031338038091075e-01 2.928736911310212410e-01 2.428956277908752848e-01 2.842825054165896148e-01 2.734588727874204261e-01 3.099807682705631451e-01 2.112910515135203171e-01 2.829013981998356742e-01 2.168814647710408938e-01 2.272927102390798759e-01 1.724844840127362222e-01 1.841532508379869759e-01 1.737293861211552937e-01 1.469200573404476906e-01 1.758400361877806573e-01 2.115913162728425279e-01 1.982615212103810975e-01 1.713123505236613942e-01 1.908680147847360842e-01 1.774432776756575125e-01 1.491432717832820165e-01 1.709915298936848238e-01 6.461463462343666753e-02 1.077517327124596913e-01 2.104609096739777918e-01 2.126966187744188663e-01 2.245166022543744200e-01 1.679134638568320625e-01 1.717871716941168914e-01 1.827399070249391966e-01 1.760560021964938382e-01 1.527149721671918203e-01 1.784669400781458692e-01 1.650207124833867889e-01 1.583725692996141854e-01 1.916321679666838085e-01 1.772291002677806315e-01 1.838533736849671529e-01 2.045287279863452490e-01 2.150216731979994189e-01 1.468019873193092684e-01 2.053742253663578265e-01 2.103848509786622467e-01 2.278211232252789487e-01 2.358883659974410907e-01 2.064447658547781117e-01 2.071616620422460087e-01 1.939891798119012800e-01 2.205722651097326570e-01 2.096658326241517545e-01 2.405506882634328436e-01 2.367160507669173464e-01 2.247493209088314570e-01 2.062985257701984987e-01 2.340945983362892058e-01 1.889408326596510035e-01 2.189596080924454957e-01 2.035890129378145341e-01 1.715255783420165103e-01 1.918263591164778847e-01 1.692918952242766784e-01 1.765476055699917446e-01 1.638545478941839662e-01 1.830191247583921599e-01 1.745168971083872478e-01 1.630144965419261793e-01 1.707178120217548167e-01 9.941373878221516913e-02 1.305214136479262710e-01 1.395037696089887203e-01 1.465946069911537308e-01 1.379803421576445699e-01 1.332302835697543042e-01 1.396742778795964091e-01 1.456307375359473522e-01 1.404569914076099768e-01 1.381271383650475859e-01 1.645278043702555204e-01 1.828362678586688828e-01 1.806633260251370166e-01 1.598268778108546950e-01 1.612397592746613040e-01 1.621919735744788427e-01 1.452370539158093221e-01 1.466022823899281735e-01 1.720815474070071516e-01 1.599342943948453832e-01
2.299183071744393680e-01 2.060214542119629122e-01 1.000000000000000000e+00 3.234732848719938936e-01 1.451645255719612726e-01 1.813722008764071802e-01 3.358841990426952862e-01 3.093843403828008265e-01 4.279033852155135764e-01 4.478414614445024866e-01 3.972391595875848780e-01 3.958328487266779550e-01 3.159115182918041942e-01 3.212855683679009533e-01 3.824384934843418349e-01 3.638842657729492447e-01 4.361859175198617433e-01 4.466524450712575645e-01 4.921241753455296020e-01 2.639413318904134664e-01 4.147888047941604150e-01 4.884739326946368476e-01 4.850054418155694824e-01 4.857765869293050875e-01 4.922984563538138070e-01 4.902524432934052823e-01 4.726746235124997253e-01 4.638031763650060091e-01 4.870930652694434593e-01 5.042623053720771686e-01 4.733152839430775360e-01 4.753195825395441498e-01 4.942416430255153759e-01 4.936411862094601810e-01 5.072329139959521616e-01 4.512730696124330199e-01 4.793453688359974874e-01 4.294388409350579083e-01 4.468841259182511627e-01 4.108603998641836008e-01 4.048799456520532636e-01 4.036505217216365682e-01 3.972418136092453200e-01 4.044922841959142645e-01 4.314427956841799250e-01 4.189307722479023721e-01 3.653553189202446427e-01 4.022994082623171930e-01 3.815923295162712559e-01 3.839555046462078125e-01 4.019968915225906603e-01 3.352178564292686569e-01 3.423512472964124198e-01 4.210693235982525540e-01 4.306787739773074164e-01 4.428569313597982560e-01 3.853563153220574411e-01 3.934942022283715035e-01 4.046818523670830947e-01 3.691774868326063719e-01 3.768715194416508707e-01 3.729757443778945469e-01 3.775749126975206371e-01 3.702573220990005298e-01 4.043851436588424830e-01 3.873728181467739340e-01 3.928518085828198170e-01 4.335252160403479382e-01 4.403491681456654372e-01 3.911649161871815772e-01 4.371257601882630461e-01 4.378401880796115586e-01 4.574858344258617704e-01 4.568501167982249034e-01 4.255712256315487552e-01 4.286627166964307456e-01 4.101518933462579564e-01 4.388289376875794678e-01 4.298995653445553122e-01 4.327460557116655226e-01 4.406530452888477445e-01 4.255850118031406781e-01 4.250886925199593991e-01 4.442525053077906461e-01 4.141507373481873033e-01 4.379655417579586540e-01 4.263450957353399629e-01 3.864506319894489561e-01 4.005661952451611829e-01 3.944389691459025404e-01 4.063817967007831711e-01 3.812920795502398597e-01 4.018709982580208617e-01 3.911574699477391448e-01 3.630281732383345838e-01 3.726762714370390195e-01 3.399270930360837051e-01 3.637146764849746861e-01 3.601243332294289390e-01 3.704535305804779743e-01 3.718148360496082994e-01 3.493467007546292025e-01 3.566231308100397679e-01 3.630762199096200793e-01 3.796667770490991800e-01 3.593258923938575933e-01 3.720685285169162415e-01 3.902283842790862378e-01 3.917904890670929063e-01 3.630971165461010508e-01 3.666790224812305765e-01 3.599119124394673519e-01 3.474308131898390939e-01 3.585039421342242072e-01 3.814496423728976904e-01 3.657620111091079984e-01
7.985611784235167876e-02 7.650742773768222371e-02 3.234732848719938936e-01 1.000000000000000000e+00 3.576760806797886771e-01 3.890247833677205058e-01 5.705473941807828187e-01 5.619273136155608084e-01 5.633524486946495102e-01 5.004362326980106301e-01 5.888159966779081822e-01 6.671181497139343497e-01 5.679657731132320420e-01 5.254787794283568569e-01 6.193537075628522404e-01 6.160336913148202198e-01 5.693885682859207709e-01 4.678112021107429519e-01 4.731539332359306904e-01 4.948889427488848969e-01 4.959201355302713665e-01 5.239512362937708279e-01 3.996110816096811180e-01 4.310953016440634000e-01 4.552352356823198831e-01 5.465460703375719653e-01 5.808050183397011068e-01 5.728920564093087364e-01 5.248191896326095396e-01 5.154218841335680423e-01 5.634824992537651456e-01 5.876677125113120015e-01 5.399628421892439523e-01 5.468920627113557087e-01 5.285079705750218571e-01 5.967912380674910144e-01 5.588781545664421868e-01 5.984645851757252055e-01 6.091948320234792380e-01 5.954765376553624590e-01 6.325851570702059057e-01 6.222141381099062230e-01 6.222110170237944438e-01 6.318588921558081495e-01 6.177041867837074207e-01 6.234687488518108056e-01 6.192421107103021072e-01 6.258050035593120120e-01 6.242962554418430843e-01 6.160703961723253963e-01 6.214300838996723586e-01 6.321527706247677125e-01 6.280558332528367593e-01 6.107828748993396895e-01 6.017691927782644612e-01 5.965912843019789413e-01 6.151879885054984953e-01 6.203746045325251313e-01 6.141848416044591863e-01 6.207164079630999032e-01 6.306845929538759110e-01 6.156340696987214756e-01 6.196142390057185478e-01 6.281438841281110630e-01 6.297164882085446447e-01 6.232732356782805239e-01 6.268593343653263705e-01 6.198638454529509234e-01 6.133728110080419738e-01 6.411059389610570536e-01 6.276735299067028873e-01 6.197428180148617516e-01 6.003768204666476427e-01 5.901819891773882887e-01 6.321142958663117373e-01 6.276341101624476337e-01 6.320495130689121055e-01 6.238081686089652633e-01 6.210452489597979575e-01 6.028407334079045610e-01 6.031318431144762071e-01 6.175126800691358442e-01 6.223411111739932666e-01 6.118413094362219473e-01 6.236610759093944578e-01 6.108136442117055864e-01 6.227430904531395806e-01 6.281699913944652769e-01 6.206050392958734063e-01 6.268808752973948906e-01 6.301136412825344424e-01 6.298164980664195944e-01 6.281152906773281863e-01 6.286272502205982882e-01 6.228489894296534990e-01 6.247768332600284191e-01 6.301161580865637379e-01 6.324832687890443728e-01 6.295660138001833994e-01 6.294408970911129497e-01 6.342798661738904276e-01 6.315347178501888870e-01 6.331202762754456481e-01 6.299897758973446171e-01 6.390946940577932889e-01 6.306196055486399388e-01 6.298885530582181147e-01 6.225499161324210551e-01 6.263222489198323473e-01 6.237811196386736645e-01 6.224113214852717846e-01 6.248809040005005588e-01 6.220722135155194454e-01 6.321798352698856371e-01 6.258511324758586625e-01 6.292271012583755541e-01
-7.744955704758446462e-03 3.994182149872495258e-02 1.451645255719612726e-01 3.576760806797886771e-01 1.000000000000000000e+00 3.296684477489646992e-01 4.930036848764862145e-01 4.881478507179148330e-01 4.279317116684747679e-01 3.624170437935305134e-01 4.282715471948463359e-01 5.011405437562135301e-01 5.173209686751190084e-01 4.237987158154680745e-01 5.204871690133369144e-01 5.270215750036586488e-01 4.218489163263947073e-01 3.027174663321827164e-01 2.987787732564638477e-01 3.809564581565220154e-01 3.186601206033071731e-01 3.355574685670718038e-01 2.474804220146558653e-01 2.611434591347930878e-01 2.876114579164753549e-01 3.728690619364292691e-01 4.145268579029241507e-01 4.075302347019572613e-01 3.456240473040866346e-01 3.512522690939889891e-01 4.136868367403100932e-01 4.276463207419589074e-01 3.667672236331269153e-01 3.845939664082128617e-01 3.491038918746339759e-01 4.281702016929957999e-01 4.066913857145464384e-01 4.659558007312951111e-01 4.690179092805367156e-01 4.557857042372391865e-01 5.049264996918128023e-01 5.055197385976110125e-01 4.934609801344896907e-01 5.073097303487434928e-01 4.833736779467401878e-01 4.961102086655099219e-01 5.218028616040273349e-01 5.117276682637770246e-01 5.114615899179387748e-01 4.810945643790149884e-01 4.972493668313762161e-01 5.106570745849818849e-01 5.289963251941356415e-01 4.913211340774963909e-01 4.790184144480360007e-01 4.718682475841847190e-01 4.907047236616081665e-01 5.174144989061550959e-01 5.020182807790797286e-01 5.245362527306274281e-01 5.206156733011982896e-01 5.083111928512947797e-01 5.064581881686617271e-01 5.123472299289982823e-01 4.997927826748065350e-01 5.043826661706626302e-01 5.128493967590377345e-01 4.893246341325571125e-01 4.774144659978915572e-01 5.167649310082834679e-01 4.801271373048156543e-01 4.809994321459515887e-01 4.561836281261420489e-01 4.506669221682667037e-01 4.991033782753900860e-01 4.943378734022126353e-01 5.009687748985041100e-01 4.833944268949278977e-01 4.897422448017336172e-01 4.770586173744353897e-01 4.765339723946666606e-01 4.895921752307575980e-01 4.934445024598792529e-01 4.770810733173345142e-01 4.913814067524417961e-01 4.806415002622775878e-01 4.936853662684000943e-01 5.168672505865781197e-01 5.083277946337596553e-01 5.117627784942528901e-01 5.043671369210054323e-01 5.214090429943315508e-01 5.070079459577059300e-01 5.174134333491539062e-01 5.242335594117034647e-01 5.212444151119456359e-01 5.219234026281744931e-01 5.207252115827450956e-01 5.311772331159592131e-01 5.237923572517525495e-01 5.254965437830505515e-01 5.322809912264452326e-01 5.298964900255228594e-01 5.299116874918614606e-01 5.242312089316669699e-01 5.257952421585422309e-01 5.217807586996413560e-01 5.131530420747170140e-01 5.163856835051819916e-01 5.276232350768147450e-01 5.232401275887211822e-01 5.304555846431121546e-01 5.284208933349519022e-01 5.288972567124640145e-01 5.191294967413326855e-01 5.243840067185611131e-01
-6.523202818208947984e-02 4.183545705203444570e-02 1.813722008764071802e-01 3.890247833677205058e-01 3.296684477489646992e-01 1.000000000000000000e+00 5.246054824733573652e-01 4.933202974698673859e-01 4.650363543660539500e-01 4.297539544182865656e-01 4.716889083389180226e-01 5.335598460611775673e-01 5.247394985635785991e-01 4.737648622401614551e-01 5.602338062574444555e-01 5.534942848613975119e-01 4.394751782763983150e-01 2.703674766429264853e-01 3.070749673872241736e-01 3.019553940134374059e-01 2.661229936788161443e-01 3.474141933451156405e-01 2.488221508784048686e-01 2.476235233636619737e-01 3.014781899502813056e-01 4.050338391448560782e-01 4.686396382090842749e-01 4.407728850488179528e-01 3.790037655834996300e-01 3.961585115805739132e-01 4.776407623086082466e-01 4.509446211485080847e-01 4.058143806393881281e-01 4.155551607550676541e-01 4.001432719571416108e-01 4.779835948261492162e-01 4.632609954941229735e-01 5.212371898157692751e-01 5.162040295773611120e-01 5.165644133141124028e-01 5.552952678239925222e-01 5.621416099613081307e-01 5.422911015682158054e-01 5.638328886713922516e-01 5.338970980803863231e-01 5.569339244840209036e-01 5.841378975072795132e-01 5.662573552219486439e-01 5.656146304201387087e-01 5.386220201899226678e-01 5.437686593836518201e-01 5.635299382664286094e-01 5.707052161476570129e-01 5.457777083249523153e-01 5.223518107200284533e-01 5.263585519533564572e-01 5.295690850823145945e-01 5.658448866145913136e-01 5.559599814507023563e-01 5.690822040168890261e-01 5.699800032125640348e-01 5.615137365685375359e-01 5.544837115907313985e-01 5.638243573526150465e-01 5.527902337495381735e-01 5.427739274553494697e-01 5.777409924130835206e-01 5.398159370719569639e-01 5.339674039117233706e-01 5.360971002591030654e-01 5.255940096372297976e-01 5.360844283466668081e-01 4.924200597444736149e-01 5.006655230489718278e-01 5.521390618773158732e-01 5.533577223033097070e-01 5.599648786817453816e-01 5.402069620139424710e-01 5.480709207723254428e-01 5.426487854054575788e-01 5.422816099382197219e-01 5.596417578297760986e-01 5.450224244261095974e-01 5.341958375878439469e-01 5.542080033276840512e-01 5.382685232416865029e-01 5.581724016688300871e-01 5.769101217465362197e-01 5.753073029609041544e-01 5.614970503045398909e-01 5.613470449946911245e-01 5.820932871399618902e-01 5.693405203444630303e-01 5.830353074539499358e-01 5.870533082782474210e-01 5.845377024695675994e-01 5.788712092997386760e-01 5.703307624496682937e-01 5.855304205548335084e-01 5.807026794463004959e-01 5.848359544020498291e-01 5.863935312390019527e-01 5.853391448814637688e-01 5.911486958872095299e-01 5.842651004019578931e-01 5.711197732017569972e-01 5.796781424379044978e-01 5.774346079301726498e-01 5.697265802071969087e-01 5.855814628008156886e-01 5.795729852559118322e-01 5.837850614546307160e-01 5.891188588480755772e-01 5.861684931683316391e-01 5.794052742317558069e-01 5.745650223939767764e-01
1.008584116052902713e-01 1.186789108224915179e-01 3.358841990426952862e-01 5.705473941807828187e-01 4.930036848764862145e-01 5.246054824733573652e-01 1.000000000000000000e+00 7.482100657830360602e-01 7.287153041117014896e-01 6.586708660305204965e-01 7.131854585326106166e-01 8.080017502824925479e-01 7.427726060431082411e-01 6.762214863103602758e-01 8.520281118102233098e-01 8.225251669282297451e-01 6.955335669662390252e-01 5.372246732412212511e-01 5.819022105795877975e-01 5.344965001024986062e-01 5.382502577944175970e-01 6.265049748905965332e-01 5.134719973724694020e-01 5.229083229634277075e-01 5.587290140801502991e-01 6.840754210392185897e-01 7.373592333899312568e-01 7.228739740333338659e-01 6.581595005707132628e-01 6.517423375163766686e-01 7.225640652935088060e-01 7.490308634403606280e-01 6.906003753472101936e-01 7.025583255599668897e-01 6.644380560957083848e-01 7.355525455662417222e-01 7.150787918091842110e-01 7.899212881115853513e-01 7.829133321687046232e-01 7.630798932856194261e-01 8.078691125260322181e-01 8.161943312907595782e-01 7.905184586050235662e-01 8.173462608939306984e-01 7.874583357998368172e-01 8.092650284944310490e-01 8.055944477778371748e-01 8.173861992478631544e-01 8.112206589319633787e-01 7.795209278989323476e-01 8.006723331030665136e-01 7.674326119798262624e-01 7.924770321876487555e-01 8.045642507385972753e-01 7.910212196164564391e-01 7.920535106567008210e-01 7.849835449875078863e-01 8.143956339265839839e-01 8.199451351600797189e-01 8.103171336912324829e-01 8.054031313172055340e-01 8.084745361645594430e-01 8.052408421926978699e-01 8.046527888789294369e-01 7.968252349775732934e-01 7.905513973540847505e-01 8.161993578038642116e-01 7.980032753545219792e-01 8.022174896600388072e-01 8.045073415975934061e-01 7.883274275493545868e-01 7.926641084659292735e-01 7.709145283331294563e-01 7.562678581622616081e-01 8.084836769653502841e-01 8.034700423376275324e-01 8.117566636497386412e-01 7.959353350619017275e-01 8.060254919402897178e-01 7.850806307038223908e-01 7.842467765944348690e-01 7.971857068073849861e-01 8.051268821934965958e-01 7.985856050698088016e-01 8.070169788893798435e-01 8.003687466442316323e-01 8.033543345019733550e-01 8.179838402800212460e-01 8.135993378912836915e-01 8.099592636876874474e-01 8.150550392965204560e-01 8.206087347973998192e-01 8.124629989983752631e-01 8.209284698348816578e-01 8.133670077058893222e-01 8.154187809544737320e-01 7.968038419499526848e-01 7.970731971529885218e-01 8.128041298313152252e-01 8.146228358149030235e-01 8.159826257967772722e-01 8.082333988458199059e-01 8.076777629559456217e-01 8.181297202216937237e-01 8.140349657887870904e-01 8.049492750512178274e-01 8.151698142156198479e-01 8.111681253802386360e-01 8.139441769516907454e-01 8.153650813503302563e-01 8.133363374855960837e-01 8.127594626916775367e-01 8.135074009678103790e-01 8.104307599500201187e-01 8.082985386427480323e-01 8.056056474168351578e-01
7.143644625210726629e-02 1.253261863425404465e-01 3.093843403828008265e-01 5.619273136155608084e-01 4.881478507179148330e-01 4.933202974698673859e-01 7.482100657830360602e-01 1.000000000000000000e+00 7.366030876521924009e-01 6.545906318602552343e-01 7.267802010017222480e-01 7.979835143839757450e-01 7.635342418723776170e-01 6.600276596516222449e-01 8.284782704060733582e-01 8.295244705445923294e-01 7.234833727322224073e-01 5.745905687501489112e-01 6.110759648584069836e-01 5.371490711178404931e-01 5.843358343026069379e-01 6.499455008541004108e-01 5.370520169517292164e-01 5.451536690944787100e-01 5.946302140508781253e-01 7.053032812610038338e-01 7.396408735750048535e-01 7.344894464080619079e-01 6.630416343414158309e-01 6.677052472159391572e-01 7.343246796094202722e-01 7.545333788560576460e-01 6.979241966783227280e-01 7.113411419244184408e-01 6.846656683752913031e-01 7.526825171433429995e-01 7.370411989986315193e-01 7.956590104873885183e-01 8.015990014117260198e-01 7.767933130387514318e-01 8.212890859924615317e-01 8.225082929364281314e-01 8.089624785816919017e-01 8.292328475445265301e-01 8.057151403971514192e-01 8.155785855085820879e-01 8.193061091692837028e-01 8.247017331445675170e-01 8.213950791432447218e-01 7.998993234981970346e-01 8.142548280122274829e-01 7.984501607540723800e-01 8.190527268732177291e-01 8.151961874860480517e-01 8.088381471445181825e-01 8.010584643543176009e-01 8.094137048372508358e-01 8.288141416706421571e-01 8.207713924410632300e-01 8.261056875859009718e-01 8.297445485430251511e-01 8.211311859310285177e-01 8.250348487352270332e-01 8.255594420733304295e-01 8.219602866926940532e-01 8.195695272623126915e-01 8.246795863708007435e-01 8.103117755252217114e-01 8.039305273787675787e-01 8.109358104372816900e-01 8.080345406514680695e-01 8.083826994962239887e-01 7.789148322992259788e-01 7.769628217242212642e-01 8.211495532073869175e-01 8.145935153256593786e-01 8.226595202540765150e-01 8.070444823668175838e-01 8.153440064022793310e-01 7.973607983363889540e-01 7.967430053951988222e-01 8.049256579786070454e-01 8.161109955309919783e-01 8.045383149967841874e-01 8.166168742691630733e-01 8.053623093882753547e-01 8.136180256833001057e-01 8.287640714539623588e-01 8.220943290373901036e-01 8.246196802343177534e-01 8.230258943802081228e-01 8.294986737012217670e-01 8.237090392745479717e-01 8.285004286324791911e-01 8.243955037667345387e-01 8.266952559391791411e-01 8.206216989794377081e-01 8.204386224133577432e-01 8.299531275175549005e-01 8.278401854908741253e-01 8.318595756522030316e-01 8.307219022746228365e-01 8.278337761526551875e-01 8.321235927348298311e-01 8.312709126893054190e-01 8.279999879811146268e-01 8.285054422382077677e-01 8.253663475325243581e-01 8.301342971764081868e-01 8.280440138530809069e-01 8.301886508992615266e-01 8.292796714936704339e-01 8.251528669993618559e-01 8.303848874773115396e-01 8.265675629039999084e-01 8.269769012065749658e-01
1.812740712630732109e-01 2.374525506013201448e-01 4.279033852155135764e-01 5.633524486946495102e-01 4.279317116684747679e-01 4.650363543660539500e-01 7.287153041117014896e-01 7.366030876521924009e-01 1.000000000000000000e+00 7.943986994344026664e-01 8.275193245384497853e-01 8.246858400337909734e-01 7.748041606114152158e-01 7.032493001206823191e-01 8.540853088712123675e-01 8.405953899681934960e-01 8.349680471990569286e-01 7.194790772129880940e-01 7.819171061048212357e-01 5.243846280534831816e-01 6.618813154536115073e-01 7.977353079378141087e-01 7.388650762424945340e-01 7.311515556903650515e-01 7.784604298719761672e-01 8.509367809557784046e-01 8.594552739605765268e-01 8.426583794702479091e-01 8.048288343817755486e-01 8.376868101690696511e-01 8.781973867109269527e-01 8.761458402660643463e-01 8.269198972810215542e-01 8.531359753314490257e-01 8.425834746875233705e-01 8.472572099286515002e-01 8.700069620054242669e-01 8.661682191412531928e-01 8.887425452716327667e-01 8.361196132627058963e-01 8.873165432352931870e-01 8.753768853459830135e-01 8.474722806654437779e-01 8.815298849553000471e-01 8.906187475702237455e-01 8.833959336938752571e-01 8.719054668504095940e-01 8.938160738824133533e-01 8.811030274663144146e-01 8.452488886308614502e-01 8.661784179907829895e-01 8.069025315517522889e-01 8.451842067557548965e-01 8.991972902846409044e-01 8.948978731259502606e-01 9.001476611693769447e-01 8.696240705535500659e-01 8.835784735540412882e-01 8.830293400210026400e-01 8.805493218803064348e-01 8.769638921687388233e-01 8.740245540591742301e-01 8.734770724744852499e-01 8.693203210972769712e-01 8.930437528223830190e-01 8.824011338683410699e-01 8.890955534838832497e-01 9.005198506339047171e-01 9.065004959356960379e-01 8.581985870877733014e-01 8.912414950572460359e-01 9.011313030463469209e-01 8.962425626768076858e-01 8.955781331081182906e-01 9.010729419036671572e-01 8.985871724044284248e-01 8.892466650263824990e-01 8.963238325072568902e-01 9.007449024519543768e-01 8.998735619285688214e-01 9.004891192534477673e-01 8.961446760076305917e-01 9.039898995965945927e-01 9.026025052041940500e-01 8.880901304181100242e-01 9.015045527570090256e-01 8.927006379587336671e-01 8.811026431425538208e-01 8.887929460048302754e-01 8.826418160435581806e-01 8.828482465255559353e-01 8.788151485242597927e-01 8.884624464657934206e-01 8.832601167361759931e-01 8.708511863055961033e-01 8.777898746112086092e-01 8.352956555097088565e-01 8.622821667939752910e-01 8.675883881387890240e-01 8.704694199681544120e-01 8.643082956699815744e-01 8.608437117599052613e-01 8.641325167622035952e-01 8.664563782873779818e-01 8.745063754114467125e-01 8.657328350854402998e-01 8.792806576182805589e-01 8.881905823403140054e-01 8.903146990750140377e-01 8.727448338418254403e-01 8.740165928936910467e-01 8.730436266671072199e-01 8.595268389652120922e-01 8.681495654464043144e-01 8.815929632041894504e-01 8.762772977162121002e-01
2.036155628408936880e-01 3.000733843207585294e-01 4.478414614445024866e-01 5.004362326980106301e-01 3.624170437935305134e-01 4.297539544182865656e-01 6.586708660305204965e-01 6.545906318602552343e-01 7.943986994344026664e-01 1.000000000000000000e+00 7.664963995373635930e-01 7.478344978869535531e-01 6.913760449839244648e-01 6.323538685696280526e-01 7.750740901787840365e-01 7.520389296346345898e-01 7.807468166327666825e-01 6.891342352517505487e-01 7.586341227187971548e-01 4.572065678105999842e-01 6.278647399366292792e-01 7.749196346993728612e-01 7.171361790929657865e-01 7.123823313829249493e-01 7.610796123550729320e-01 8.232724945593956623e-01 8.237580530604338147e-01 8.039535622354524458e-01 7.908243464858423222e-01 8.275708147381563018e-01 8.510445980557090895e-01 8.260769653127316703e-01 8.022817048154824437e-01 8.167994986826329074e-01 8.252777412629159759e-01 7.866190646396364894e-01 8.279778357387036491e-01 8.086768646582340736e-01 8.262724008255737385e-01 7.689891412363146772e-01 8.115818352644007527e-01 8.006145664002407569e-01 7.624094837950115000e-01 8.035508429220763471e-01 8.275746157561310046e-01 8.102710045218464163e-01 7.877809956125779722e-01 8.185115890335608047e-01 7.990986052191916267e-01 7.671965803982634391e-01 7.944245248648922342e-01 7.030829198518075973e-01 7.487731501760143127e-01 8.306801531198578781e-01 8.290267503617738676e-01 8.379883768060948368e-01 7.895625009738898026e-01 8.047960747314637509e-01 8.118716662563315589e-01 7.946392911933739533e-01 7.877666484321712570e-01 7.958279588464126642e-01 7.923117782214295080e-01 7.865631164517897789e-01 8.166481950527099132e-01 8.011439749583477710e-01 8.129478274425598894e-01 8.328498657591866250e-01 8.391582361789179378e-01 7.765079587232708302e-01 8.273648915186941899e-01 8.363951847227860670e-01 8.360671989524628422e-01 8.365573066233533694e-01 8.334051359761619482e-01 8.326971859480367666e-01 8.204340614490488459e-01 8.394312334316168522e-01 8.364638638103648605e-01 8.437399600601690475e-01 8.423713272080408654e-01 8.353641007439129851e-01 8.313941214145869063e-01 8.438790340074824314e-01 8.157655165204140690e-01 8.366209593917941501e-01 8.259597088210629545e-01 8.015386953048641017e-01 8.138829636479244511e-01 8.000572291387747503e-01 8.074685250826295624e-01 7.984426914691771238e-01 8.118948001611066001e-01 8.059444065360932274e-01 7.863784694353946891e-01 7.960931604893092262e-01 7.369978624366099185e-01 7.684400906984028001e-01 7.742126565436875385e-01 7.830198060816108141e-01 7.749187453716896989e-01 7.659398710485879613e-01 7.718704278404342478e-01 7.790010933982683961e-01 7.862059859794654493e-01 7.728541312613294023e-01 7.941369118610444033e-01 8.081936719904000421e-01 8.104494466099120276e-01 7.858359849325788904e-01 7.885495719013057014e-01 7.851055913699290789e-01 7.715794586161589530e-01 7.778167981590780045e-01 8.001926010111346521e-01 7.876635048395340677e-01
1.160992601413831232e-01 2.212702179643110389e-01 3.972391595875848780e-01 5.888159966779081822e-01 4.282715471948463359e-01 4.716889083389180226e-01 7.131854585326106166e-01 7.267802010017222480e-01 8.275193245384497853e-01 7.664963995373635930e-01 1.000000000000000000e+00 8.267899041686243011e-01 7.731146739491147057e-01 6.918308022829845472e-01 8.467188158779136442e-01 8.287080021442401190e-01 8.220414935574764659e-01 7.319605020706747567e-01 7.722263710253326474e-01 5.569322923745638754e-01 6.937695723708312556e-01 8.015242925387655593e-01 7.091803467511001990e-01 7.228008353210076953e-01 7.751081555651091470e-01 8.450264961715796552e-01 8.538837045504829026e-01 8.405061537265805516e-01 7.891262404653541784e-01 8.358349626866956594e-01 8.820213578050155601e-01 8.668958111755523666e-01 8.199510395420653852e-01 8.445244340535387195e-01 8.391810458166875097e-01 8.500189392662337307e-01 8.706881956935121902e-01 8.659528610817324168e-01 8.858168617320226756e-01 8.502799118204634743e-01 8.860911087583080992e-01 8.704541302034775052e-01 8.566281558164025034e-01 8.790915279496034351e-01 8.922494258205301287e-01 8.788044447430664041e-01 8.727977133856389402e-01 8.867371481810345513e-01 8.783558389124841437e-01 8.495602222903754219e-01 8.714987104379704475e-01 8.110044699147094249e-01 8.494148215754380171e-01 8.842192463738642871e-01 8.797721529275013275e-01 8.878566923313110371e-01 8.593725100724542987e-01 8.755347004493473362e-01 8.742428977043759097e-01 8.729174089828451999e-01 8.757498782316824881e-01 8.669568948151901155e-01 8.669730763159922970e-01 8.718492225772276338e-01 8.862724723809468630e-01 8.763267430913481704e-01 8.818404924581353388e-01 8.986179968866112588e-01 8.967024476662291965e-01 8.702737550465918792e-01 8.974056004813911747e-01 9.007901898087692372e-01 8.928086345087230535e-01 8.930025313944174314e-01 8.983500626412822543e-01 8.954823975404671010e-01 8.887490105155941844e-01 8.910035926905309767e-01 8.945798720132110970e-01 8.974800118577114239e-01 8.982786650328831168e-01 8.942686711142420197e-01 8.933555570813044300e-01 8.973680454213773805e-01 8.847823784384845069e-01 8.946061478825945157e-01 8.902915466303665815e-01 8.789938464092013071e-01 8.858143062131775824e-01 8.810572057641578025e-01 8.861320072873343223e-01 8.774209252448235130e-01 8.885789297005786125e-01 8.800191586984815739e-01 8.709030382761228095e-01 8.758767838101487735e-01 8.406524394355537888e-01 8.531258757020950823e-01 8.650257900945619305e-01 8.703401034502290523e-01 8.698887519262844537e-01 8.583785677149949889e-01 8.652996199912984521e-01 8.679137663481653053e-01 8.712396085170037718e-01 8.605818939667878587e-01 8.750578091722436280e-01 8.837323957218073955e-01 8.865888733464974969e-01 8.703047768712990351e-01 8.719056940308415049e-01 8.701927094122093864e-01 8.541294770328345942e-01 8.667597139179405996e-01 8.773271712435535274e-01 8.705930487661073247e-01
1.048297177602295627e-01 1.257209042835330248e-01 3.958328487266779550e-01 6.671181497139343497e-01 5.011405437562135301e-01 5.335598460611775673e-01 8.080017502824925479e-01 7.979835143839757450e-01 8.246858400337909734e-01 7.478344978869535531e-01 8.267899041686243011e-01 1.000000000000000000e+00 8.254404491309627057e-01 7.593095275054660975e-01 9.083926807468419851e-01 9.076431187773081888e-01 8.310223819196820294e-01 6.878465738413136465e-01 7.158678884999417624e-01 6.556485847373980658e-01 7.033917385707374459e-01 7.705866388651175791e-01 6.262845339342992812e-01 6.556418279610253252e-01 6.941446269204351038e-01 8.090398855778340170e-01 8.573079183344995968e-01 8.344370802333705983e-01 7.756473566922578167e-01 7.739232753088662875e-01 8.424328670183860446e-01 8.608684802581765272e-01 7.983830855686878669e-01 8.148178330688455873e-01 7.881773544567485246e-01 8.532518408605398452e-01 8.327678859124371114e-01 8.751410128860962478e-01 8.911476834390340551e-01 8.577614416430764388e-01 9.169327643020320773e-01 9.090604753408241256e-01 8.908070179399539823e-01 9.175370130697776405e-01 9.003835830315101152e-01 9.035591374467282222e-01 9.090789049187235626e-01 9.218607029103785822e-01 9.204589251661964289e-01 8.834255003038303800e-01 9.035092045520117798e-01 8.882330179050852426e-01 9.085959121979720887e-01 9.138635389016452892e-01 9.073672999620182589e-01 8.928794852865168385e-01 9.116936867348818252e-01 9.198014714557116722e-01 9.161516780219035594e-01 9.177095135412820515e-01 9.218667049518565193e-01 9.153833874252066405e-01 9.174686024906882897e-01 9.173189899707039352e-01 9.197190631145368833e-01 9.194656665373031057e-01 9.186011211264372145e-01 9.152294443667572388e-01 9.090488492179553681e-01 9.230084123515160943e-01 9.173198845493927278e-01 9.153897609753940401e-01 8.888148786591872907e-01 8.809087956736270097e-01 9.209192478560512818e-01 9.174717316028770941e-01 9.198398095297213306e-01 9.135657922879973913e-01 9.138184573149594758e-01 8.956071653413187894e-01 8.967243612839844724e-01 9.038866763119499659e-01 9.132246058771573693e-01 9.080829133738562708e-01 9.074211217319201328e-01 9.042754738899836386e-01 9.107659890474942843e-01 9.138857447157147096e-01 9.115373193891446180e-01 9.115286789001796341e-01 9.151209398727908617e-01 9.194602872002849425e-01 9.166965677649264732e-01 9.183573800145483634e-01 9.118823883376598882e-01 9.162222306341720746e-01 8.967685978409835057e-01 9.090168194542677105e-01 9.175567216003962523e-01 9.147239676550228404e-01 9.154077500960445812e-01 9.130405545374924436e-01 9.132458921753384695e-01 9.177943047109310415e-01 9.246961608809021183e-01 9.200087680835452586e-01 9.186344211653677538e-01 9.154367178723639142e-01 9.202658259989439093e-01 9.142343017578246078e-01 9.111303807344992567e-01 9.169033362223153460e-01 9.124971671307180454e-01 9.172657452440529102e-01 9.182220148040999286e-01 9.202702418896947512e-01
3.515010052967863785e-02 1.399772737731416472e-01 3.159115182918041942e-01 5.679657731132320420e-01 5.173209686751190084e-01 5.247394985635785991e-01 7.427726060431082411e-01 7.635342418723776170e-01 7.748041606114152158e-01 6.913760449839244648e-01 7.731146739491147057e-01 8.254404491309627057e-01 1.000000000000000000e+00 6.926334184256186521e-01 8.611677573393722307e-01 8.628284595503146193e-01 7.468358315049711260e-01 5.795794917988273953e-01 6.112717150050591686e-01 5.365913819194628731e-01 5.680724963657796112e-01 6.579982859212604174e-01 5.390536855234095981e-01 5.495550968839435502e-01 6.058882995292631524e-01 7.179566584902068449e-01 7.596501880559430875e-01 7.420917731800690254e-01 6.653128828329791800e-01 7.009349919541811857e-01 7.845269499790651357e-01 7.711229958196251788e-01 6.992063929398254496e-01 7.259250861672628119e-01 7.062055733158920656e-01 7.740815374539347093e-01 7.709924165756587566e-01 8.160691178209262819e-01 8.290242307837027980e-01 7.962443801650099795e-01 8.637604858197314162e-01 8.578077106913576388e-01 8.353712282083063378e-01 8.654260560326298979e-01 8.432463684168191032e-01 8.575587665213850741e-01 8.809765375760409967e-01 8.745546825639052280e-01 8.739728497352152736e-01 8.241264907322733979e-01 8.459949321368445130e-01 8.243320400161400219e-01 8.647499063915609074e-01 8.562927691689470322e-01 8.397325402066798672e-01 8.320888261754686432e-01 8.414058957560406338e-01 8.748215938132316571e-01 8.618554214779357014e-01 8.825632534405277729e-01 8.778384458762985565e-01 8.727899068318649700e-01 8.670642841016890090e-01 8.692515858835726528e-01 8.630300859953825565e-01 8.623261448045443922e-01 8.768653869304433579e-01 8.566444760361415778e-01 8.494410585421131588e-01 8.522978063054788000e-01 8.458890579357070116e-01 8.512592498968514221e-01 8.198459890856403254e-01 8.182797896390535675e-01 8.656499161210645665e-01 8.625912228853073183e-01 8.658193642228046993e-01 8.478824381306435676e-01 8.583670610220693886e-01 8.517830557309428174e-01 8.487845431292260212e-01 8.625908914272097938e-01 8.601161795017077116e-01 8.485015126046933087e-01 8.561943778189903265e-01 8.511508265444082122e-01 8.584685173141982650e-01 8.756755542482853594e-01 8.735968728296308328e-01 8.680985506054859080e-01 8.641438571742302566e-01 8.807337483190378347e-01 8.724577578159017355e-01 8.781148730318771856e-01 8.832249329465563514e-01 8.834684680148047198e-01 8.599040772099409979e-01 8.657700621310178146e-01 8.822390352155669024e-01 8.760575206757744704e-01 8.750161956803113039e-01 8.816412205472836661e-01 8.828474710145994830e-01 8.846898634895644653e-01 8.771666917734193269e-01 8.751483260835105638e-01 8.826979415943040364e-01 8.791751763849708912e-01 8.778553197416155696e-01 8.846487985748138216e-01 8.802099841186543649e-01 8.885395373580222689e-01 8.816811596563207676e-01 8.833643051966886262e-01 8.795765098213335076e-01 8.809497163728646774e-01
