1.000000000000000000e+00 1.612920170719444879e-01 7.267063838160549467e-03 -8.014488523839684297e-02 4.051183244584006388e-02 3.292860144674926003e-03 -1.676649642914281382e-02 -1.687058289653799517e-02 1.208114061454713395e-01 7.221981201434986286e-02 2.069617548020093525e-02 -2.032985165123265062e-02 -1.831214909570411803e-02 -8.248519682075933224e-03 2.449114704661680200e-03 -2.296049056585143077e-04 7.314599845505158349e-02 9.402025463453400622e-02 1.173448778544195215e-01 -4.399926871716612620e-02 4.003260455834355136e-02 7.009752098506043250e-02 6.302862691715233057e-02 5.336331047867139132e-02 9.929119872754707532e-02 1.107036068905401793e-01 6.564490986235640979e-02 7.407811490383216235e-02 1.424656094526840500e-01 1.314047928504454565e-01 1.111443106096983158e-01 6.080760036135808263e-04 5.890279086014158644e-02 9.494149110747527806e-03 9.376486408642285830e-02 7.237733823382266896e-02 1.020021268395465142e-01 1.759977468623339161e-02 2.095223649594603332e-02 1.698674801987501773e-02 2.846981268233096662e-02 1.439938727046000469e-02 7.483548057488795431e-03 2.167280634671834086e-02 4.461868312769996792e-02 1.882438382274184349e-02 3.924863938412678083e-03 1.865821495086764786e-02 9.488998060076263633e-03 -2.676846417499525056e-03 1.712117092679736260e-02 2.576354362984933921e-02 2.246294322357961920e-02 4.495335608423502161e-02 4.898824508840517872e-02 5.096542872023105547e-02 5.917653304527544650e-02 2.398002852121765630e-02 2.492767610610461398e-02 2.414796448015701230e-02 2.108971114264673180e-02 4.014377733028218209e-02 2.758967675948643949e-02 3.220766783399033051e-02 5.978529184217406395e-02 5.416324450144871516e-02 2.966245731604575525e-02 4.178558367243376259e-02 4.735198981385414785e-02 1.232812976758445277e-02 2.625873577330392269e-02 4.411307041276994051e-02 2.917497639512432045e-02 4.656594332321636193e-02 4.666016922828963853e-02 3.523552348050873473e-02 3.949664814819058706e-02 6.821173362342149160e-02 3.764966911746239070e-02 5.125670049677057832e-02 5.013600155592251584e-02 4.599793562053817314e-02 3.591743212385444667e-02 5.517276551020733333e-02 -1.573164949718093824e-03 1.207463029519794014e-02 4.096404205020038464e-02 9.310409725336810105e-03 1.574032689575397340e-02 4.079056354021652619e-02 1.380578995365100599e-02 7.014796955854273562e-03 1.891243171710725590e-02 1.241846407516833395e-02 3.925742700252423181e-03 1.640967880999097753e-02 -3.855960800870818737e-03 2.461797959741723885e-02 3.589231796018319421e-03 -3.045946529550590991e-04 -6.278872843828891756e-03 1.212019502451487131e-02 9.710011174906385545e-03 8.498030887306036105e-03 2.371441301214245387e-02 3.608002223383750817e-02 1.750232478324245666e-02 2.689171961647716241e-02 3.922524548228523145e-02 1.240019047896324944e-02 1.278474862461145486e-02 1.585515185688869677e-02 1.430066792466713407e-02 1.641322488976625429e-02 3.691121963989318217e-02 3.068018244734586897e-02
1.612920170719444879e-01 1.000000000000000000e+00 3.543443567826857002e-03 -1.369532235855826750e-03 5.000639447147153110e-02 5.832475593260957186e-02 1.258260475308464466e-01 1.006507019883403770e-01 1.839710245289229440e-01 1.716291303292882819e-01 1.239257321847580529e-01 1.099517428907654665e-01 9.466003970367670162e-02 1.324133153415540110e-01 1.318888358832464025e-01 1.364479046391463557e-01 1.411976041402309423e-01 1.711298767383126751e-01 1.835332118819327230e-01 4.411416317987503638e-02 7.152388891916525160e-02 1.272784559032913154e-01 1.963936746483102014e-01 1.592733489820612747e-01 1.667393132768465458e-01 1.946215311386801650e-01 1.481421492869236800e-01 1.808766076711209869e-01 2.183298265494985901e-01 1.920009692815814462e-01 2.088110674813408452e-01 1.802146419060582649e-01 1.785642096264624390e-01 1.833521282853775580e-01 1.739220463103945125e-01 1.838236423250439178e-01 2.010819911188194697e-01 1.781480253513147705e-01 1.783761811492936000e-01 1.825209522269981566e-01 1.626163017190898619e-01 1.600484847376185127e-01 1.418807245278800033e-01 1.509061449506819974e-01 1.783862814367269400e-01 1.575709576850724269e-01 1.487061442555447088e-01 1.583878821366365985e-01 1.369654644180390290e-01 1.414093447269700599e-01 1.651173691275896471e-01 1.146217752215617502e-01 1.306770873618151863e-01 1.650306598904355271e-01 1.749930646279559132e-01 1.928296233162984097e-01 1.542944267534429037e-01 1.515443706998546025e-01 1.679718391965693003e-01 1.343569516067625591e-01 1.453678868880880493e-01 1.572670138627595970e-01 1.559510396565017276e-01 1.507436526774341423e-01 1.417032585092222186e-01 1.470350252470186969e-01 1.605513003934098404e-01 1.694146612981151934e-01 1.914492116520331855e-01 1.347640814388211261e-01 1.371997034564082230e-01 1.611650669727987817e-01 1.638681859108487293e-01 1.658480573808773229e-01 1.658931145408385766e-01 1.541739709995973151e-01 1.684503316409904083e-01 1.814429076431038901e-01 1.736186320735240152e-01 1.767125772116425186e-01 1.781967742671717592e-01 1.737912085001888929e-01 1.776666468591022452e-01 1.777446630531608618e-01 1.560566514517659487e-01 1.696404121471401794e-01 1.762251770469568379e-01 1.631514252869769033e-01 1.636079757069180129e-01 1.720886711362627775e-01 1.671187666216221168e-01 1.504255190322492108e-01 1.549614753708264958e-01 1.564636496104815089e-01 1.442473231478214601e-01 1.525230313042251762e-01 1.219593872956364206e-01 1.225881041445250896e-01 1.274693524817126777e-01 1.464069165701587794e-01 1.380494842158885294e-01 1.441606891148693448e-01 1.262007318894472485e-01 1.407569695722401815e-01 1.399858409853241004e-01 1.291754099072749407e-01 1.392672821607306433e-01 1.563760263663219741e-01 1.636071757233622248e-01 1.459574646865543501e-01 1.517586938455038337e-01 1.382288606683833021e-01 1.409674230301423137e-01 1.320377805749217703e-01 1.462521498594896718e-01 1.346685109525908031e-01
7.267063838160549467e-03 3.543443567826857002e-03 1.000000000000000000e+00 3.283085858754952735e-01 1.714885124518606418e-01 2.186099282007945843e-01 3.358769818922491823e-01 3.158775963393287700e-01 3.216599978423825834e-01 2.920264314666887739e-01 3.710772912952235991e-01 3.823048509996380129e-01 3.219661888173321329e-01 3.292956995995282576e-01 3.770114405473500852e-01 3.351378521618950668e-01 3.353337072059693891e-01 3.447606638713018312e-01 3.287594471016220821e-01 3.447707667485747640e-01 3.625360751325651387e-01 3.847606719659861230e-01 3.017545355765888782e-01 3.271779480197432033e-01 3.386488431260584742e-01 3.458536456191492192e-01 3.817655786292656339e-01 3.413737691523379136e-01 3.055959356246396585e-01 3.199761409243627175e-01 3.403957218088126124e-01 3.585257762730600373e-01 3.145310224516102982e-01 3.425230320644004345e-01 3.210978730076559651e-01 3.372280669003809295e-01 3.305169727333805985e-01 3.538213149708234195e-01 3.495384063323180857e-01 3.505199938744474886e-01 3.727402286792179664e-01 3.747438711005448009e-01 3.773287848104310283e-01 3.752843193083437723e-01 3.640027389576417916e-01 3.532566290825742139e-01 3.635724553406366466e-01 3.698644820872992178e-01 3.708082134739116853e-01 3.589957383689068582e-01 3.719801640393923803e-01 3.756670739027581085e-01 3.743817873831609133e-01 3.639775963076406495e-01 3.629777784796204276e-01 3.598675981077260055e-01 3.702862528739711001e-01 3.808207122937446454e-01 3.708946962075491682e-01 3.764018504974239732e-01 3.755601374904629641e-01 3.770872591808205332e-01 3.793017668725762737e-01 3.740276393925545118e-01 3.606032233668631792e-01 3.715878092725346526e-01 3.680311856994860631e-01 3.794694774135035087e-01 3.674348504390328451e-01 4.055862660876252135e-01 3.974449621843720859e-01 3.769479834033379606e-01 3.790497061897041275e-01 3.779123547756303436e-01 3.762488372030049488e-01 3.757954117041711894e-01 3.615858902053190049e-01 3.542121501999104805e-01 3.603354492986218238e-01 3.554804853202484516e-01 3.568062635274376060e-01 3.567719889535105326e-01 3.630288581266167824e-01 3.616954693193872306e-01 3.718290942910751351e-01 3.702521655235737619e-01 3.639237988772170973e-01 3.723805763774823419e-01 3.653944096267452424e-01 3.676700480407782412e-01 3.682463379706345519e-01 3.762725377877321198e-01 3.777439255515284700e-01 3.682511398000206659e-01 3.687971711744533199e-01 3.735145697268174581e-01 3.842082946670014043e-01 3.714972400604426017e-01 3.806003679783042104e-01 3.786577695281464484e-01 3.771419927824797291e-01 3.791409619524370722e-01 3.755341392456207905e-01 3.796579229729981075e-01 3.764291288229932309e-01 3.785027921110455940e-01 3.786725135425993982e-01 3.690678186461157084e-01 3.698639178664284155e-01 3.784985822990054039e-01 3.757592809925288657e-01 3.752438490851163211e-01 3.800555969197580986e-01 3.732765754589997820e-01 3.680129989402733393e-01 3.743697416222740992e-01
-8.014488523839684297e-02 -1.369532235855826750e-03 3.283085858754952735e-01 1.000000000000000000e+00 2.996145427731020661e-01 3.568346590288556941e-01 5.243745299041725483e-01 5.069257066852764781e-01 4.593950402917977294e-01 4.332181125133142130e-01 5.536786997064261362e-01 6.129143916704672401e-01 5.067643204725005290e-01 4.827644279920094150e-01 5.611003087843303705e-01 5.333023859853068815e-01 4.964441892134741630e-01 4.800526463975178237e-01 4.547589840830824626e-01 5.073157577234400639e-01 5.626668191988112300e-01 5.659756630888833628e-01 3.969844721433278267e-01 4.341158687370569869e-01 4.446883514718708019e-01 4.629446620620395469e-01 5.284233908905944244e-01 4.869714021261232206e-01 3.814230718806365661e-01 4.208463185727414624e-01 4.634657094387088505e-01 5.266482458954805379e-01 4.562724444656767187e-01 4.937821510389256985e-01 4.542864944582493680e-01 5.029812676018182716e-01 4.873817020794440902e-01 5.204705360190317043e-01 5.267438282865575250e-01 5.349153915365214562e-01 5.670277102902179234e-01 5.625944208051717466e-01 5.788832718900963625e-01 5.672211268816852447e-01 5.442663841515478218e-01 5.266029013160409278e-01 5.605315559016681437e-01 5.578405741645445781e-01 5.597327628238358832e-01 5.525129393722372217e-01 5.592391655817948726e-01 5.878054967709273049e-01 5.817030183617266648e-01 5.359866284633385547e-01 5.188667179405439533e-01 5.126819518357773608e-01 5.413414031684845584e-01 5.678065779089130904e-01 5.441763172284664885e-01 5.695575781359607515e-01 5.710659680739392785e-01 5.526843322559855665e-01 5.486212788002921004e-01 5.578827796610168477e-01 5.459129933626507558e-01 5.506914252259882403e-01 5.518970760965538069e-01 5.473613450168341998e-01 5.271195786455908916e-01 5.952894000240888106e-01 5.988450284037448723e-01 5.509601044708233308e-01 5.403134162184991540e-01 5.478057750180336249e-01 5.472529718944670885e-01 5.609129780088000228e-01 5.341752102863210894e-01 5.002477296326823808e-01 5.301150329755924817e-01 5.120621738780786192e-01 5.253447969254686489e-01 5.255905630645019144e-01 5.471108277865462943e-01 5.225059075136404552e-01 5.612417336752475450e-01 5.445694310804890526e-01 5.455161567753821217e-01 5.597222818449570925e-01 5.503525679561849238e-01 5.438588774485834110e-01 5.576552381602558617e-01 5.697424338419319056e-01 5.653553561326497556e-01 5.626681049356259123e-01 5.663636993115190865e-01 5.618479342290274570e-01 5.964455059657779445e-01 5.680900390644326725e-01 5.837162610110983030e-01 5.793204345093121432e-01 5.821986325525461137e-01 5.771158337595380106e-01 5.766285091138626528e-01 5.797741320677473054e-01 5.769994693294028254e-01 5.666444188479961008e-01 5.731707697269903257e-01 5.542532984862100776e-01 5.438072548783456917e-01 5.720978271547219052e-01 5.732202380341326897e-01 5.682228567057427959e-01 5.724683402510133412e-01 5.703693134701274259e-01 5.548507736119606681e-01 5.670307181332806534e-01
4.051183244584006388e-02 5.000639447147153110e-02 1.714885124518606418e-01 2.996145427731020661e-01 1.000000000000000000e+00 2.896421177590235430e-01 4.214557587737827182e-01 4.110438236704735404e-01 3.863888660573047695e-01 3.664900246949431839e-01 4.322310594810841455e-01 4.474071915690717161e-01 4.194137549596062553e-01 3.839569540011877891e-01 4.746938087341143198e-01 4.586163765306076057e-01 3.912250972014568173e-01 3.611069991014095870e-01 4.071112186297375923e-01 3.221040459301168779e-01 3.447284434089267213e-01 4.084989856266991182e-01 3.823013557302698540e-01 3.688644412200627332e-01 4.026358884230783475e-01 4.295351114775091128e-01 4.412395643624954511e-01 4.337578528694854274e-01 3.990170546406331953e-01 4.091651356048322530e-01 4.408723434218762005e-01 4.187379643977242050e-01 4.097886848511930191e-01 3.881440615707579811e-01 4.078275451742515711e-01 3.880563254560377984e-01 4.429344562071569902e-01 4.335474145839070537e-01 4.401689962696939129e-01 4.355655293403670747e-01 4.621680780639107478e-01 4.734440976397499834e-01 4.783412881855212406e-01 4.803024726514188991e-01 4.541190681806525076e-01 4.585624782804121335e-01 4.606498995096962590e-01 4.622843398264024350e-01 4.485266123397719240e-01 3.944313338857873830e-01 4.397635362682011939e-01 4.474939521334900805e-01 4.615117307594028273e-01 4.589954737200847568e-01 4.594651461299447126e-01 4.512462548283165398e-01 4.200200112515344864e-01 4.677069956000519113e-01 4.407741330534738489e-01 4.730952517278684266e-01 4.665543585608670774e-01 4.534803468430709250e-01 4.387570545283033252e-01 4.402640697404431314e-01 4.578075273514201071e-01 4.575820932006661734e-01 4.603651129110179485e-01 4.618047332416710948e-01 4.577649560449241761e-01 4.598132736152085731e-01 4.665102386610535667e-01 4.636235056962778045e-01 4.490357357943203787e-01 4.607225818260303751e-01 4.680024968598117119e-01 4.708560417783381191e-01 4.671597731637157636e-01 4.571403191725215143e-01 4.632831136112988135e-01 4.515002691503755550e-01 4.630759030466085058e-01 4.638720990228392682e-01 4.472373863843762121e-01 4.568433784163060118e-01 4.403903323976585682e-01 4.473230761424198954e-01 4.648594768233740293e-01 4.601597031998007625e-01 4.631658804677034613e-01 4.633951404345604264e-01 4.646474407234845172e-01 4.725244712341182818e-01 4.674133745446133470e-01 4.713824478085216207e-01 4.679414330013130785e-01 4.648766543397159223e-01 4.546001203279194103e-01 4.378515397032310963e-01 4.683611421986995649e-01 4.528194344451675901e-01 4.709199369462199747e-01 4.600672558284738534e-01 4.672190987267614837e-01 4.731617211496055853e-01 4.608108191272011767e-01 4.518805795447115581e-01 4.592040667283143196e-01 4.693546478203275973e-01 4.695360938253567706e-01 4.659908226307082901e-01 4.623893149555574622e-01 4.728890939312007102e-01 4.665972022000813291e-01 4.632929969557744720e-01 4.603535447213560894e-01 4.655629592496939861e-01
3.292860144674926003e-03 5.832475593260957186e-02 2.186099282007945843e-01 3.568346590288556941e-01 2.896421177590235430e-01 1.000000000000000000e+00 5.024639240454402689e-01 4.582243898965063789e-01 4.836608332956643386e-01 4.530121403894470378e-01 5.112686283156945288e-01 5.402323732156202318e-01 4.757265943317330326e-01 4.542718185775426187e-01 5.527236812043173630e-01 5.342755362878227610e-01 4.753279911064158259e-01 4.224329772855114351e-01 4.601343103594666140e-01 3.828165543762164780e-01 4.003593061404470133e-01 4.954598643122893331e-01 4.622418797196535256e-01 4.137279168827294740e-01 4.694724540230463261e-01 5.126788473826004999e-01 5.134560718288978531e-01 5.195897924473614760e-01 4.760183118127620516e-01 4.911556709568807855e-01 5.086619185598286741e-01 5.209802483480100443e-01 4.973870984068044510e-01 4.978558979562465181e-01 5.049576633509192947e-01 4.933710587793359026e-01 5.196028017553102618e-01 5.308571170365743441e-01 5.336861894710155374e-01 5.300173584397821491e-01 5.479919378624180659e-01 5.595488300150796013e-01 5.554572951861430630e-01 5.598248191808481433e-01 5.444566947653477484e-01 5.455639235974114598e-01 5.478272034583917538e-01 5.491910045648789040e-01 5.443685903753301414e-01 5.135240874370221587e-01 5.453100408502412622e-01 5.322324696149741685e-01 5.480273837603086839e-01 5.395236423492377753e-01 5.362486541751295688e-01 5.356828336475438768e-01 5.164195791233239241e-01 5.505717382814616645e-01 5.348522050824843221e-01 5.525474880233075536e-01 5.547023811723826858e-01 5.406747397803264299e-01 5.327975068678991732e-01 5.369720867014702304e-01 5.280964532458761740e-01 5.396417842087946060e-01 5.509329171791433888e-01 5.461152716151056463e-01 5.475783267246115971e-01 5.441567510792474360e-01 5.545348858950265303e-01 5.514799737606655983e-01 5.347068313994539634e-01 5.437527111385753731e-01 5.549804839828013092e-01 5.553189085133102276e-01 5.526123003928250510e-01 5.398371388686360461e-01 5.466637261333125997e-01 5.434758827456146468e-01 5.499449146648824893e-01 5.469353436882830044e-01 5.458623054959200749e-01 5.474627889382950308e-01 5.472406429380762827e-01 5.437435052390160450e-01 5.520436987446482036e-01 5.543556526818264052e-01 5.531319851578162528e-01 5.517560352928601031e-01 5.601007491403101612e-01 5.611099245640102096e-01 5.602189314167557166e-01 5.594769388288248768e-01 5.555591505114770845e-01 5.548201954478160225e-01 5.548412467374835844e-01 5.338335597719489067e-01 5.598191155850977818e-01 5.531338821339510936e-01 5.623537422335893599e-01 5.534158971549193451e-01 5.512775918539856157e-01 5.594551889886710816e-01 5.522420856282239665e-01 5.445664894842743298e-01 5.526327188459851936e-01 5.571808265843405383e-01 5.552803692089488541e-01 5.576534259840728591e-01 5.554277095106020523e-01 5.551276469072541353e-01 5.538334138151985719e-01 5.523534083583973020e-01 5.439181200428702123e-01 5.499048183386515687e-01
-1.676649642914281382e-02 1.258260475308464466e-01 3.358769818922491823e-01 5.243745299041725483e-01 4.214557587737827182e-01 5.024639240454402689e-01 1.000000000000000000e+00 6.857668244565857663e-01 6.698030654013018559e-01 6.382940498400536677e-01 7.612484238822172511e-01 7.973800544693518955e-01 7.070995799564638862e-01 6.963361691554905697e-01 8.306290527431404724e-01 7.796242321832119737e-01 7.089811235850886906e-01 6.868473489265746190e-01 7.108250980342011305e-01 6.322179450648897081e-01 6.364916205130043414e-01 7.544092312580129578e-01 7.009847748633453168e-01 6.919131395123799821e-01 7.234677871645182057e-01 7.579777249627318580e-01 7.721440524221444557e-01 7.849380852369417516e-01 6.827208387771658282e-01 7.170848823393786153e-01 7.527424110135743085e-01 7.968952806774889375e-01 7.510462248407970831e-01 7.599013839942220239e-01 7.221854915388481455e-01 7.566312518370809093e-01 7.739639354897611678e-01 8.007028682531042163e-01 8.020205161502632629e-01 8.164120873751962160e-01 8.145864171595892378e-01 8.299051718761388807e-01 8.385217087380478773e-01 8.264640314360202078e-01 8.147880437458099312e-01 8.078631102623357041e-01 8.044772656611033357e-01 8.059698079171656593e-01 8.009103574615004106e-01 7.615164567623871061e-01 7.998785372044843189e-01 7.890728118460291762e-01 8.010649121714225052e-01 7.911928587018384196e-01 7.887413749468070723e-01 7.959857784329800179e-01 7.612572744385457391e-01 8.150708846992347212e-01 7.968083415256043134e-01 7.983614285784582654e-01 8.076108891851804250e-01 7.962001332983728030e-01 7.884244816348136009e-01 7.841664939288739422e-01 7.772116841777962915e-01 7.811674267740370547e-01 8.055973492057860730e-01 8.137401266359099994e-01 8.093729879054973875e-01 8.248830632351360492e-01 8.231080088869332512e-01 8.103562270935326106e-01 8.114016129001684341e-01 8.173013852140597058e-01 8.116846177821080976e-01 8.183026248267115665e-01 8.127572400508561445e-01 7.782084013758298058e-01 8.113844244370829184e-01 7.859794675451193813e-01 8.036579246948672983e-01 8.013403934956943031e-01 8.101065789857251342e-01 7.984147317169090208e-01 8.105735809964266236e-01 8.120198826478693954e-01 8.177024871669713590e-01 8.223520079576456254e-01 8.196450675879213277e-01 8.071072090463418114e-01 8.328564019923937467e-01 8.288906906328574742e-01 8.228565296188208311e-01 8.262252200216313458e-01 8.111740679515793140e-01 8.120806123608551585e-01 8.164263740744915898e-01 7.702405165717445268e-01 8.124436399801723274e-01 8.203477303991982827e-01 8.319251874686562909e-01 8.124581195348935525e-01 8.079097022799606176e-01 8.209736609837042787e-01 8.109832344755895095e-01 7.822624812945878636e-01 8.026292721322026980e-01 8.069272264051335908e-01 8.065029483515021580e-01 8.132299720826600131e-01 8.165753544429480426e-01 8.055001042841978265e-01 8.096204281494827626e-01 8.014687342164780182e-01 7.927774785124416246e-01 7.945670857119665476e-01
-1.687058289653799517e-02 1.006507019883403770e-01 3.158775963393287700e-01 5.069257066852764781e-01 4.110438236704735404e-01 4.582243898965063789e-01 6.857668244565857663e-01 1.000000000000000000e+00 6.584553948023779135e-01 6.252522841833191292e-01 7.144559313524156963e-01 7.566692894820908899e-01 6.847913495945162632e-01 6.563019700157680658e-01 7.759733137238021827e-01 7.536652515958823795e-01 6.922656853035333846e-01 6.142806354863957763e-01 6.541359592837776571e-01 5.548175641911486933e-01 6.107438606445076967e-01 6.996943147691648823e-01 6.215102978048527849e-01 5.959309956459565294e-01 6.345869012375472407e-01 7.066748873817011445e-01 7.285104940177868915e-01 7.117897016387371156e-01 6.513203446519418849e-01 6.631599201679473365e-01 7.162966804131365439e-01 7.349105428854869615e-01 6.902851573270927243e-01 6.959039381473411945e-01 6.756998700755256770e-01 7.079810456246986572e-01 7.095492690394581414e-01 7.534034876138991921e-01 7.494701935140559712e-01 7.487387892551435886e-01 7.714766732381531655e-01 7.779614943529499227e-01 7.813042707303331502e-01 7.827182311702177708e-01 7.555556537961806152e-01 7.629260178450344432e-01 7.729366358924655289e-01 7.779178599902700775e-01 7.747871179557039856e-01 7.392837213735798940e-01 7.743438243506753915e-01 7.538033697948830492e-01 7.742540680034175615e-01 7.734164052178315041e-01 7.648953363253396809e-01 7.624508162110054110e-01 7.620226547537981565e-01 7.861779934574698592e-01 7.734827020745402848e-01 7.791294679907825316e-01 7.853389307429442523e-01 7.790967125027604689e-01 7.723211579166513463e-01 7.698312163006948428e-01 7.596747915508038629e-01 7.707362695425459265e-01 7.715730584065288999e-01 7.695179842094450606e-01 7.610879044913192448e-01 7.761526382776594568e-01 7.852129421173968948e-01 7.697003719878356964e-01 7.512785977821775374e-01 7.569388418703228982e-01 7.701861666438427623e-01 7.756077410405963768e-01 7.670844616722599651e-01 7.484454978555525884e-01 7.613672476061885686e-01 7.501611092232394196e-01 7.616265475625696446e-01 7.652417162754171498e-01 7.716272124187064652e-01 7.566362327645285157e-01 7.661878760701703595e-01 7.633544886405881913e-01 7.674244446442298750e-01 7.801869161413049758e-01 7.713433917389797001e-01 7.727334210070121445e-01 7.738152956087155365e-01 7.844792775553586228e-01 7.795103228216857527e-01 7.802280137567523255e-01 7.818901461405515230e-01 7.814971045462202337e-01 7.884240490896925468e-01 7.663056746254088836e-01 7.876375894146369072e-01 7.826737535362677800e-01 7.905714953321151262e-01 7.883138778813802983e-01 7.765015909684216400e-01 7.905844342785219858e-01 7.823434088431931999e-01 7.805199792549248894e-01 7.826387196688435743e-01 7.763982689778721191e-01 7.778784705252280718e-01 7.861040138098240870e-01 7.879356172971798689e-01 7.826230479101147219e-01 7.876324418870327415e-01 7.833043212701028546e-01 7.721268331993624834e-01 7.789170097692043049e-01
1.208114061454713395e-01 1.839710245289229440e-01 3.216599978423825834e-01 4.593950402917977294e-01 3.863888660573047695e-01 4.836608332956643386e-01 6.698030654013018559e-01 6.584553948023779135e-01 1.000000000000000000e+00 7.257851762246593230e-01 7.633942474012856971e-01 7.813096937838173162e-01 7.273549681534532407e-01 7.101194842836192622e-01 8.214791725506040976e-01 7.952031072231944275e-01 7.954434442037910946e-01 6.291112182709562850e-01 7.386988494972358543e-01 4.961706809272326546e-01 5.734707820682066748e-01 7.436861825588331198e-01 6.878069059704703392e-01 6.087228148005860984e-01 6.999583449567053917e-01 8.146700717175761053e-01 7.932756736730572911e-01 7.780849554624902353e-01 7.834416561265221679e-01 7.960596458763138372e-01 8.281466477594439102e-01 8.002205235516435256e-01 7.730364127621236481e-01 7.593693340488938404e-01 7.895673641861847836e-01 7.823532637469152728e-01 8.060000403935553281e-01 8.234898885563544102e-01 8.319611537227075138e-01 7.707504313094780679e-01 8.409759593958691104e-01 8.249659955014212454e-01 8.005832906143736105e-01 8.423621859965169101e-01 8.318627843969176316e-01 8.320120421961484380e-01 8.519055480866968288e-01 8.622221217046274200e-01 8.487951811266454261e-01 7.992863114121593338e-01 8.411108536495977006e-01 7.947224509871013698e-01 8.356152380800683233e-01 8.647366239581905090e-01 8.535852875750300495e-01 8.466856865591058101e-01 8.480958602865912299e-01 8.493224940299011205e-01 8.437937785918285805e-01 8.608372073973336036e-01 8.580424006070425103e-01 8.517923563630163120e-01 8.423901677811711508e-01 8.574586269273943850e-01 8.620530581501369971e-01 8.657644154310103479e-01 8.622934004991095192e-01 8.476391817651913740e-01 8.396447836752355398e-01 8.149719742846804893e-01 8.350176951763266242e-01 8.561065772912056504e-01 8.096123220870956594e-01 8.198371361609391172e-01 8.560997727934325230e-01 8.507251138667892842e-01 8.444210905747858709e-01 8.524293895320804726e-01 8.403713407942245972e-01 8.598200534676379014e-01 8.550379171485682495e-01 8.612076828100545534e-01 8.468753625390679218e-01 8.540618995041330264e-01 8.280473436328869008e-01 8.325484300750615185e-01 8.493514061454600084e-01 8.479696739277905460e-01 8.496207603542414999e-01 8.568333154686464948e-01 8.328952142296903727e-01 8.456947854403337184e-01 8.532807228568730640e-01 8.509495633591568353e-01 8.559372377207470350e-01 8.622003170403705896e-01 8.236182878805261565e-01 8.406250279715551388e-01 8.426292989400665512e-01 8.399885187531257458e-01 8.374411319126507935e-01 8.483441352780363154e-01 8.509057635022114763e-01 8.530344375388111411e-01 8.504092735503618883e-01 8.510333657029056642e-01 8.564340046623356573e-01 8.646575019133111439e-01 8.632668982852135242e-01 8.576746763769124149e-01 8.492974080203354870e-01 8.622358163119180352e-01 8.571006885524691254e-01 8.576763296295295547e-01 8.647248643706062499e-01 8.626307409492333100e-01
7.221981201434986286e-02 1.716291303292882819e-01 2.920264314666887739e-01 4.332181125133142130e-01 3.664900246949431839e-01 4.530121403894470378e-01 6.382940498400536677e-01 6.252522841833191292e-01 7.257851762246593230e-01 1.000000000000000000e+00 7.181522109418625455e-01 7.368616966213977770e-01 6.760170255579681653e-01 6.667819040832302369e-01 7.672109207364262717e-01 7.422042783023632406e-01 7.149363354172902918e-01 5.936471468083273084e-01 6.875712357747467696e-01 4.567427106377039414e-01 5.095325383843345435e-01 6.767159013595338557e-01 6.696991962525834508e-01 5.877035293263745963e-01 6.678335246611051268e-01 7.668671825680715148e-01 7.435470997497295453e-01 7.477913845913749524e-01 7.423681306078039333e-01 7.336318828859207386e-01 7.823948154957092171e-01 7.740568108154569638e-01 7.359633416139157447e-01 7.331172687643232599e-01 7.279989206151190606e-01 7.424361836379277380e-01 7.598900914666099071e-01 7.822520151914541531e-01 7.871392005482171772e-01 7.566190259726282008e-01 7.956806605801810539e-01 7.875126557012233075e-01 7.629125109434294894e-01 7.916746432773928976e-01 7.884065979283061409e-01 7.823500097026611089e-01 7.977184770614036413e-01 8.031975953894293641e-01 7.951447129580355710e-01 7.572073276661535068e-01 7.947067515977104257e-01 7.434313677715361779e-01 7.810491046078137378e-01 7.981281909902456784e-01 7.960545080425286413e-01 8.018563553127949772e-01 7.734437318692340968e-01 7.967287601885351123e-01 7.910287637630060154e-01 7.943334614453196885e-01 7.991001283063747795e-01 7.875346154086959594e-01 7.810205235337102092e-01 7.893280472884149912e-01 7.854366506725720676e-01 7.952691626075860665e-01 8.054034447237145011e-01 7.925024322800620080e-01 7.931407943557552409e-01 7.525294322247962908e-01 7.746482430827152932e-01 8.010055648756635449e-01 7.611526079844036508e-01 7.761311876939464005e-01 8.022393634198070611e-01 7.956743585339891567e-01 7.991141131489930549e-01 8.010846611298069186e-01 7.962462411125992290e-01 7.998520688439851867e-01 8.045416100737733389e-01 8.074850745092821969e-01 7.997724471474967345e-01 7.966201073978333991e-01 7.845342871309669563e-01 7.894148151898812138e-01 8.001579513636076779e-01 7.994678252177338518e-01 8.020168957452954439e-01 8.046838641048634777e-01 7.929520056622001434e-01 7.996699731071884587e-01 8.011980093925540336e-01 8.020381835656090752e-01 8.017969114202390113e-01 8.050627677860352494e-01 7.773501702620889686e-01 7.743725583879952357e-01 7.886264842187410418e-01 7.960848259645552094e-01 7.930987370986919416e-01 7.954800933606034352e-01 7.913292307608186249e-01 7.974996486003748108e-01 7.946234541391072881e-01 7.842449680133110057e-01 7.957852936966114399e-01 8.046150218676072496e-01 8.051908742085212012e-01 8.017637301509767944e-01 7.976964198243334803e-01 7.989055967325264795e-01 7.980786334452414366e-01 7.941490643530693117e-01 7.997984207028706605e-01 7.944353426934649409e-01
2.069617548020093525e-02 1.239257321847580529e-01 3.710772912952235991e-01 5.536786997064261362e-01 4.322310594810841455e-01 5.112686283156945288e-01 7.612484238822172511e-01 7.144559313524156963e-01 7.633942474012856971e-01 7.181522109418625455e-01 1.000000000000000000e+00 8.632223260628701933e-01 7.650070519842692152e-01 7.439911118400992507e-01 8.676441046492323617e-01 8.370146333913850434e-01 8.064580671751164775e-01 7.050621124944150830e-01 7.765740594028620603e-01 5.981930241135966497e-01 6.577574539317246893e-01 8.121203653415445256e-01 7.574436512344551176e-01 7.043020097641009558e-01 7.755423297770611679e-01 8.368616180770395152e-01 8.470109456387786562e-01 8.327364257477863907e-01 7.899481042914378026e-01 8.075712133121863978e-01 8.511263354134260828e-01 8.614646310117834993e-01 8.125329230615472298e-01 8.241242882197099551e-01 8.069625481537936462e-01 8.187968285065175822e-01 8.403589056940411472e-01 8.748559550058222500e-01 8.702312115047023955e-01 8.418495310295481815e-01 8.826762794054809902e-01 8.829469579256986611e-01 8.699686628798367627e-01 8.888877577439849853e-01 8.772154926851026824e-01 8.714278257724797916e-01 8.850215837427548582e-01 8.893329045836680935e-01 8.846777295000424202e-01 8.475333302648569989e-01 8.815144000770496202e-01 8.554835402372007458e-01 8.706555599960099645e-01 8.854274672607166385e-01 8.771376239078380044e-01 8.790577250501037110e-01 8.635603981013734165e-01 8.873858270332206644e-01 8.783908190207510014e-01 8.872939888094923955e-01 8.883621468650524378e-01 8.800861451103820787e-01 8.798731999521295366e-01 8.822313954983916906e-01 8.789526921612853538e-01 8.827494404851571330e-01 8.916022747318237407e-01 8.908231502323535889e-01 8.819399840657773382e-01 8.764562727785938367e-01 8.929034032536212750e-01 8.949422990199310535e-01 8.702705065146089103e-01 8.811041027409844961e-01 8.934686735299482985e-01 8.953688713263260324e-01 8.819181715988166914e-01 8.762965856628720518e-01 8.834336711328082403e-01 8.802341739034265089e-01 8.873718651467807916e-01 8.912028277036266877e-01 8.853330629271173313e-01 8.818024132511498303e-01 8.821208090883769781e-01 8.858954567619826692e-01 8.899410410957727668e-01 8.918099471367376685e-01 8.906519742202775314e-01 8.877662425383096023e-01 8.875002891830994223e-01 8.940423065381017942e-01 8.955522631649089904e-01 8.924930426563367769e-01 8.929648027129367671e-01 8.937453093591116726e-01 8.806016541298880007e-01 8.713695813608882679e-01 8.868051159197708477e-01 8.897659018528717434e-01 8.905554010190102066e-01 8.907808612648920876e-01 8.889325638547913577e-01 8.951853699818905774e-01 8.928056323029835983e-01 8.781291110607055694e-01 8.916609786103703028e-01 8.929217279011991693e-01 8.934348573017516504e-01 8.949772777293630854e-01 8.901771668305815677e-01 8.908259224178569635e-01 8.914179112947366868e-01 8.921742861376021905e-01 8.882371671411140035e-01 8.886088478397038415e-01
-2.032985165123265062e-02 1.099517428907654665e-01 3.823048509996380129e-01 6.129143916704672401e-01 4.474071915690717161e-01 5.402323732156202318e-01 7.973800544693518955e-01 7.566692894820908899e-01 7.813096937838173162e-01 7.368616966213977770e-01 8.632223260628701933e-01 1.000000000000000000e+00 8.075189425556350553e-01 7.750189211622194874e-01 9.102908202416600814e-01 8.808631907543371664e-01 8.231793056271589082e-01 7.256855355788041084e-01 7.782669075124525326e-01 6.594495218620824994e-01 7.160130071462600387e-01 8.439684224388253053e-01 7.499246208774220657e-01 7.112640253814206392e-01 7.684327246929589794e-01 8.373065331626916574e-01 8.684080594597319847e-01 8.474739564801272440e-01 7.753231715076601693e-01 8.112983128375589326e-01 8.539194057969319296e-01 8.790066217227582301e-01 8.220787638172577516e-01 8.341105929984200529e-01 8.137578166372757549e-01 8.329826264251206647e-01 8.507828578821540200e-01 8.918728128019630663e-01 8.942036246966428292e-01 8.743453403200341922e-01 9.115861418580030184e-01 9.121318556954283174e-01 9.108087017941361996e-01 9.231705200901730857e-01 9.029752516604110379e-01 9.001927086690976187e-01 9.200525358857815084e-01 9.211745053154363205e-01 9.170249048418925852e-01 8.751383645655859134e-01 9.106041545472243204e-01 8.975398143470161294e-01 9.150130929992534856e-01 9.093935267261241684e-01 8.993551321106481033e-01 8.979278127544855215e-01 8.926199025884087312e-01 9.221386672394263906e-01 9.100542169929155545e-01 9.221127751719185861e-01 9.244715209849774240e-01 9.131035699619347579e-01 9.079771945359019769e-01 9.092166691784255850e-01 9.039092184009079878e-01 9.125677933627617255e-01 9.180242331408585699e-01 9.150381371724387591e-01 8.994890849593739635e-01 9.188555980665860101e-01 9.317764361796416761e-01 9.185210047325071958e-01 8.927756774548450958e-01 9.042695597519374573e-01 9.166988208436156471e-01 9.240289029508869101e-01 9.076717512848427871e-01 8.880928079127461405e-01 9.047897490647544005e-01 8.969017517132095163e-01 9.058102894678837780e-01 9.102101032923242130e-01 9.121527758470709957e-01 8.995973893600418547e-01 9.082130381783487527e-01 9.081733291811598940e-01 9.144288334872462398e-01 9.210971281294817459e-01 9.172281777163496796e-01 9.131116295638196378e-01 9.169524515646731988e-01 9.275508974009473162e-01 9.264610942609852184e-01 9.248459157014948806e-01 9.279739835201050724e-01 9.259728598822217771e-01 9.205242295567002131e-01 9.028615731343035966e-01 9.256009797005628759e-01 9.247784761107967766e-01 9.283508829264371931e-01 9.258092256179532020e-01 9.258669563497254895e-01 9.305570457014800123e-01 9.267898975541736251e-01 9.104667597736757489e-01 9.240492398306123789e-01 9.226894506686703634e-01 9.183548409283637248e-01 9.294342313033637781e-01 9.287114294143853366e-01 9.269060009811229683e-01 9.280416877762975858e-01 9.232023451464933528e-01 9.178830346117992089e-01 9.225978934436774859e-01
-1.831214909570411803e-02 9.466003970367670162e-02 3.219661888173321329e-01 5.067643204725005290e-01 4.194137549596062553e-01 4.757265943317330326e-01 7.070995799564638862e-01 6.847913495945162632e-01 7.273549681534532407e-01 6.760170255579681653e-01 7.650070519842692152e-01 8.075189425556350553e-01 1.000000000000000000e+00 7.045923168308811935e-01 8.316736432671762991e-01 8.114215579411586665e-01 7.364773991870956493e-01 6.093800455876732247e-01 6.878828121633796533e-01 5.482385631754839173e-01 5.819133825515938607e-01 7.347446784790355734e-01 6.790760922832737023e-01 6.195400140394614619e-01 6.863373058455997100e-01 7.686131777734543924e-01 7.875575657518592010e-01 7.602324064633383394e-01 7.174749505928240678e-01 7.403739123097041741e-01 7.790360437145352757e-01 7.941790303524653982e-01 7.469336592313922107e-01 7.442674331463048354e-01 7.335070063243934735e-01 7.447256001587694296e-01 7.637732329393298603e-01 8.054769723038867069e-01 8.168288861189646477e-01 7.767549920786116502e-01 8.275969479418715524e-01 8.258219918815614680e-01 8.209354466669036565e-01 8.417679903179331458e-01 8.151215547239307746e-01 8.306355950741569627e-01 8.436313369665140449e-01 8.454740259740057828e-01 8.391253712311367297e-01 7.842903425226258607e-01 8.229419528680294027e-01 7.971611244041176825e-01 8.267704784050503575e-01 8.337004516835544443e-01 8.252756354841027653e-01 8.190146831814555384e-01 8.023731464003890368e-01 8.401490785623889623e-01 8.203416236615630464e-01 8.473798612215931447e-01 8.433796202304844059e-01 8.251599238114830648e-01 8.196044425755630858e-01 8.254264368852325395e-01 8.256008169595656643e-01 8.308671251369562638e-01 8.410932495020033706e-01 8.288361087045454934e-01 8.161438293466802829e-01 8.161538041895386453e-01 8.299627339232690248e-01 8.336288598400414251e-01 8.013737474438700215e-01 8.096862287710917538e-01 8.376595888808999746e-01 8.392785548571427556e-01 8.281813701466804734e-01 8.190032221942179502e-01 8.294233641487075426e-01 8.252940359097965528e-01 8.263732717087874935e-01 8.357265599113278265e-01 8.266143927775698730e-01 8.199397426152408297e-01 8.221492048285968801e-01 8.242750464791338549e-01 8.296958082376260091e-01 8.377764278171200285e-01 8.382892105092780710e-01 8.340680525220984798e-01 8.295833690245447700e-01 8.472243057353925355e-01 8.447176577081189075e-01 8.459493162840292513e-01 8.493750471913464883e-01 8.481917496527739964e-01 8.316596092616128644e-01 8.213526415725882490e-01 8.439453312577583910e-01 8.389660730932098076e-01 8.457447131354238756e-01 8.371593153926586428e-01 8.464674442594967152e-01 8.498889251942355338e-01 8.397560766977896218e-01 8.272872824884158760e-01 8.419981945132641865e-01 8.456520733487240538e-01 8.413142477997377355e-01 8.467323984313339658e-01 8.401679869328539940e-01 8.504199616644468884e-01 8.454845172977859535e-01 8.448200033087289729e-01 8.399336972685710334e-01 8.409217770302345185e-01
