1.000000000000000000e+00 1.505892722823573837e-01 1.292392449566783230e-01 1.203222080917329233e-02 -1.319039964849977624e-03 1.349075454566917368e-02 5.916272399138737016e-03 -4.570938101733884422e-03 1.573076850537355742e-01 1.010433148421230193e-01 3.110231585938149149e-02 1.067306494716759036e-02 2.605613793289802971e-02 -1.842594960741954658e-03 -2.330234446515874660e-03 2.630551642636242554e-02 2.072320264225175623e-01 1.068265686662927816e-01 1.228796847913087575e-01 4.363871115433998193e-02 6.787472111547579456e-02 9.156403206983053378e-02 1.062150881431281613e-01 1.265778763767770876e-01 1.238933776013063925e-01 7.802834250926804494e-02 5.235095278519592138e-02 2.793021577998382535e-02 9.416405063655020058e-02 1.046408575398748986e-01 9.300843367923790350e-02 9.015323514810409666e-02 4.616173491054666872e-02 7.147527810672393844e-02 3.514620059713417788e-02 4.374361451289634356e-02 6.078099184684938178e-02 -4.259121868798165615e-03 6.829684255377985180e-03 -4.982062126999752677e-02 1.221427732744086170e-02 -2.142799711740963481e-02 1.829841406630426832e-03 -5.855562913975506309e-03 1.686250390065562044e-02 7.946291222271939861e-03 1.521328474016056705e-02 3.743478233373071645e-02 6.663399647906870227e-02 3.175308813971214339e-02 2.612620945713180556e-02 4.430714654910269251e-02 1.926301118524846590e-02 8.459582346070396164e-02 8.397170530790284970e-02 3.464673749074915349e-02 1.174520393812354957e-01 2.870783203084881913e-02 5.020069237117152916e-02 6.466028169340629073e-02 4.792786788906077539e-02 6.680710301523319627e-02 5.651463870070311257e-02 6.124688036359133420e-02 7.726775554700644755e-02 8.438780921796298906e-02 4.240572843278784393e-02 4.237200190080274431e-02 5.340686809418577347e-02 2.743742592638581668e-02 1.606958393594857051e-02 3.853334446723214596e-02 4.867132058902846198e-02 4.739370095011969514e-02 2.778640374896552620e-02 2.552512687922256496e-02 1.848973608146013692e-02 4.374662262478680452e-02 2.909864097040425895e-02 5.194419283518373481e-02 5.102358278530004509e-02 3.443878429016944409e-02 3.699179155172974826e-02 2.943240505033123053e-02 1.192740920423132275e-02 3.411430714612258969e-02 1.291222792105161006e-02 4.322918480240963562e-03 7.140912895302150253e-03 3.150599356931008815e-02 -9.973120882008116098e-03 -6.626019571798519477e-03 7.477663960549635336e-03 -1.506635927750596708e-03 1.014216567849859051e-02 2.649181031996648492e-02 -1.181735724927370466e-02 5.677709962407453265e-02 1.527055960225789759e-02 5.001478181941867995e-03 -9.713208528770986283e-03 1.572913934121106597e-02 2.385011212653563237e-02 -3.255361825892418709e-04 2.077529623437228065e-02 5.775537128409128501e-02 4.508385563801842189e-02 3.322549524189442882e-02 4.258854666753044554e-02 2.038923679403483250e-02 1.393193141107909594e-02 3.537728365556443155e-02 2.965293912925750022e-02 2.622826018818810376e-02 4.529248731546375861e-02 6.392292814657089817e-02
1.505892722823573837e-01 1.000000000000000000e+00 4.982853394325210267e-02 3.155583309834213840e-02 4.939272031294779375e-02 9.625000939561934032e-02 9.436914030762998118e-02 1.294934788800356229e-01 1.941242727459933093e-01 2.328788019046485747e-01 1.463867002795649352e-01 1.224824489392397353e-01 1.327261356378329205e-01 1.202748467799754917e-01 1.346630798120714567e-01 1.676112360459743045e-01 1.728226104442727451e-01 1.273065532301036196e-01 1.580995794298848955e-01 1.411812443467808653e-01 8.263424042077960330e-02 1.253166706105516559e-01 1.520179958272981635e-01 1.531300899518212300e-01 1.431879503232075246e-01 1.761768887797280081e-01 1.614162649312156916e-01 1.535673008517033089e-01 2.093213945043845281e-01 2.112942770507434953e-01 2.091258645877962785e-01 1.740109335251304457e-01 1.566216178273785453e-01 1.606784588823452764e-01 1.471745192686684522e-01 1.381039006446323769e-01 1.787263613027940679e-01 1.577919630762237846e-01 1.533625028509137678e-01 1.055947192164158471e-01 1.398577475697054817e-01 1.303841630436318455e-01 1.443823286605845357e-01 1.353245360739180336e-01 1.392198059280375377e-01 1.630485373628946799e-01 1.430721969148236739e-01 1.586636416642992486e-01 1.754736488062687005e-01 1.408836562161920325e-01 1.589774389025780665e-01 1.062104745355948177e-01 1.320963450969959707e-01 1.800365953729639035e-01 1.886575020931691160e-01 1.507344752591830706e-01 1.792316420702821933e-01 1.514173231675127185e-01 1.803470482141146802e-01 1.699829570112538213e-01 1.657786135705152653e-01 1.850305413337909877e-01 1.812464155351518891e-01 1.718417833266437100e-01 1.588611783131292643e-01 1.732069121495022068e-01 1.523994377102478315e-01 1.483916618899282225e-01 1.673762909329473414e-01 1.534987525734940461e-01 1.306863932400421924e-01 1.537290681035499706e-01 1.561689930261448422e-01 1.508107166776012920e-01 1.589183043544186158e-01 1.569082980724288423e-01 1.528377060456782566e-01 1.780166357858515569e-01 1.668716021527713311e-01 1.795349956416636694e-01 1.685293290411964684e-01 1.724457630081522030e-01 1.505640502345778342e-01 1.631503622228560602e-01 1.422872890000594082e-01 1.522455431631953016e-01 1.486330003071969497e-01 1.493971465748227256e-01 1.504807856290619472e-01 1.554849789387850456e-01 1.328656136846563529e-01 1.379126592536749074e-01 1.416989705686265699e-01 1.457031818926453892e-01 1.495954676938911765e-01 1.545504867974220597e-01 1.176299638330062375e-01 1.455975562476271579e-01 1.451228408603464637e-01 1.406483047360410632e-01 1.344743787058022000e-01 1.481533799653150518e-01 1.397884682337550977e-01 1.369822117304005382e-01 1.350452864647617990e-01 1.591189468992508793e-01 1.542545006573654842e-01 1.589247904209073747e-01 1.655248130578511057e-01 1.524294078940340857e-01 1.487574294461696256e-01 1.575546620020812638e-01 1.580458652441178447e-01 1.522689429634915270e-01 1.497006781547712551e-01 1.654741617507614337e-01
1.292392449566783230e-01 4.982853394325210267e-02 1.000000000000000000e+00 4.024578634920629727e-01 2.571850011778264999e-01 2.622371211908954836e-01 3.605935360563243819e-01 3.369218619141320925e-01 3.434388943133886429e-01 3.024647564802545596e-01 3.910518563549988946e-01 4.109150931418509844e-01 3.472671938915393719e-01 3.034181493238736205e-01 3.827606953768559195e-01 3.771612441763930179e-01 3.721123120085807479e-01 3.668598643035444473e-01 3.891715707979815919e-01 3.922254814132065670e-01 4.532813941808568337e-01 4.398524087972869312e-01 3.742730582688096885e-01 3.327555948586647383e-01 3.645128300993752957e-01 3.984051054514627377e-01 3.980895895045307720e-01 3.698270489899197488e-01 3.382369893072835754e-01 3.539543596877254839e-01 3.870742194929067681e-01 3.909542350064164062e-01 3.800302119408006107e-01 3.933688253486713471e-01 3.617999417785007221e-01 3.878302865085632156e-01 3.666700623301686335e-01 3.668611945248156370e-01 3.718648342300652776e-01 3.811751180216298440e-01 3.918659252434205098e-01 3.808979327866761078e-01 3.854334681366484161e-01 3.878506121533601969e-01 3.959484326166078927e-01 3.605957177232268496e-01 3.699875208490316369e-01 3.737637197654747334e-01 3.812321198233034614e-01 4.042603059301279611e-01 3.862242610750762917e-01 4.037855996923513935e-01 3.694007563044349740e-01 3.730158674861162038e-01 3.751917569958684862e-01 3.975808465166362216e-01 3.790277088775881320e-01 3.731872228581526452e-01 3.608314426321668766e-01 3.747995285248315600e-01 3.844573657118438015e-01 3.677475500490759441e-01 3.647920736356199956e-01 3.659869295936896694e-01 3.796348447203732879e-01 3.803593038124791215e-01 3.762357107385237986e-01 3.778576233790521544e-01 3.832593656979549901e-01 4.192863528130896800e-01 4.115299899110959059e-01 3.827234394253836158e-01 3.855790834898041863e-01 3.790347154496467863e-01 3.804510993064348368e-01 3.788519214022962878e-01 3.700887673785756005e-01 3.681696703122638303e-01 3.667720801434622424e-01 3.689877776439673407e-01 3.774144035231607464e-01 3.734295678157992238e-01 3.852591766954803765e-01 3.758110598310207551e-01 3.936022167407838834e-01 3.882951511136664147e-01 3.768404761337453279e-01 3.750074832315595241e-01 3.735271356910123131e-01 3.814263682703976088e-01 3.779691838110141311e-01 3.730503724576531011e-01 3.797577424204079954e-01 3.737178656477299632e-01 3.687535614151556396e-01 3.705758299190126670e-01 3.993502250650109997e-01 3.910193476173532412e-01 3.768198698746330622e-01 3.855878752843248658e-01 3.786829907009024443e-01 3.745642778718051846e-01 3.832655579499863463e-01 3.780361240737716289e-01 3.879863262449312344e-01 3.775298697777252355e-01 3.795288264185601168e-01 3.677765863400714319e-01 3.729949108801705604e-01 3.740098248561661842e-01 3.688525525175856412e-01 3.711145502722635325e-01 3.720500743781597341e-01 3.755943606456200734e-01 3.743682008940003580e-01 3.711149423941306758e-01
1.203222080917329233e-02 3.155583309834213840e-02 4.024578634920629727e-01 1.000000000000000000e+00 4.020656168928861685e-01 4.019485620770428258e-01 5.478862263922943399e-01 5.829865270193727023e-01 4.440941957319438638e-01 4.084685741582507190e-01 5.333334436130858780e-01 6.404329403651608521e-01 5.133266701296512746e-01 4.629065057553473084e-01 5.756914611064585241e-01 5.524467529472436578e-01 4.897999712328495181e-01 3.961712997419125637e-01 4.510273932470984515e-01 5.664686231364844948e-01 6.511399109586488709e-01 5.946376082603692659e-01 4.353664797692817778e-01 3.380875839532171967e-01 4.113744865667837702e-01 5.083588709484206936e-01 5.276640025803854828e-01 4.749173764660297725e-01 3.893928180958770024e-01 4.333013838081180569e-01 5.028567923112994276e-01 5.054756741515405993e-01 4.781174240073053361e-01 5.142665816388328759e-01 4.756374601836483307e-01 5.275187111039472132e-01 4.817206825907805468e-01 5.245376583836085516e-01 5.307104544120283540e-01 5.499590033342220963e-01 5.508966357639113465e-01 5.531039250943571295e-01 5.540636242530779798e-01 5.776509791961824680e-01 5.631427652792727612e-01 5.123091948921206784e-01 5.378314393512103608e-01 5.309628764856287875e-01 5.359625776216853099e-01 5.803861722624952257e-01 5.575154976911990135e-01 5.984401680710895732e-01 5.622607048604131297e-01 5.040479726466839949e-01 5.049533960657932585e-01 5.504135538238157377e-01 5.225208910399996576e-01 5.389939191366839299e-01 5.157570732661396207e-01 5.368413539357590469e-01 5.436821050570094238e-01 5.193724783206319362e-01 5.182029780573808031e-01 5.340723097132323849e-01 5.322213606241129602e-01 5.366432016732655130e-01 5.334060325498171107e-01 5.083537108887865585e-01 5.165493561612927165e-01 6.086545650202084268e-01 5.958384485471123204e-01 5.303913628991976381e-01 5.075753168346794908e-01 4.991886653212009306e-01 5.314007714211282929e-01 5.254937132206991546e-01 5.077571233975185505e-01 4.926099921113111235e-01 4.998857405299731993e-01 4.955919530247677729e-01 5.098056995122982604e-01 5.147874311740049391e-01 5.408083192899197922e-01 5.141164226627662481e-01 5.541765658541876194e-01 5.345356529712368410e-01 5.266779702231892957e-01 5.401932800027913206e-01 5.320188792474723760e-01 5.289064834743592014e-01 5.390295922260477379e-01 5.394900016081793925e-01 5.487823576237282897e-01 5.372820976827407113e-01 5.333970053168489711e-01 5.308814458650489287e-01 5.960084449784053273e-01 5.635684748822271661e-01 5.507617324949748427e-01 5.602370057829690886e-01 5.574093891411630031e-01 5.523261125409525407e-01 5.598397796201246557e-01 5.594068944856962489e-01 5.674431624293709842e-01 5.424493792705712414e-01 5.466337554986009373e-01 5.204958684356454368e-01 5.230104731015499109e-01 5.420835763244770122e-01 5.343153251395155179e-01 5.388121769962428420e-01 5.374041450786264384e-01 5.482353895714133785e-01 5.377688413829232461e-01 5.289329505050196500e-01
-1.319039964849977624e-03 4.939272031294779375e-02 2.571850011778264999e-01 4.020656168928861685e-01 1.000000000000000000e+00 3.050636916213390615e-01 4.832566984553822165e-01 4.955975978689892147e-01 3.914169084368452900e-01 3.838727796184011054e-01 4.476362964441469861e-01 5.012019027706925423e-01 4.700929984050898347e-01 3.932301628713101294e-01 4.983148156531890804e-01 4.910221964189605548e-01 3.967294103832725294e-01 3.733913988615956692e-01 4.050401833354710379e-01 4.538043362003848502e-01 4.801399225438480189e-01 4.698488647561445686e-01 3.887255201784027836e-01 3.407272445179967413e-01 3.803282861499053258e-01 4.583169195562133424e-01 4.691317604906643512e-01 4.346282723643250523e-01 3.812458168194549080e-01 4.225481178766515300e-01 4.560580503940382946e-01 4.364512477904555765e-01 4.186538230757825829e-01 4.302395809071791755e-01 4.280470870529342609e-01 4.492483386069577311e-01 4.371914946784728473e-01 4.585072877423543858e-01 4.638864698798886854e-01 4.599342715565801765e-01 4.766249132076864625e-01 4.801447022246511098e-01 4.869248625274729125e-01 4.959738127695546006e-01 4.840307269210678554e-01 4.659499919481959740e-01 4.740684568559800360e-01 4.665239532189896510e-01 4.624260438665847017e-01 4.689445972686315245e-01 4.678346246960644605e-01 4.768463040540761311e-01 4.803599078053103488e-01 4.544136336285057864e-01 4.509513861714167238e-01 4.760588424486509873e-01 4.523441318732968619e-01 4.806381117427459548e-01 4.596603668547497579e-01 4.750789162268674315e-01 4.759725030925101574e-01 4.636316306133785869e-01 4.596467398912363889e-01 4.637566847262151182e-01 4.617680456903516806e-01 4.655914214518713790e-01 4.692912082647994754e-01 4.592401717285553020e-01 4.576100319988229415e-01 5.167104460227749385e-01 5.023726938013088894e-01 4.693019999319458790e-01 4.604189729011551879e-01 4.522990124822460767e-01 4.737934969684674535e-01 4.703389780763991279e-01 4.602067119448753352e-01 4.523634165853425149e-01 4.550370802161495254e-01 4.538819965556715186e-01 4.611865084906739964e-01 4.657067347154481562e-01 4.697701754028933419e-01 4.647926490885522788e-01 4.717258038037453471e-01 4.669492236895598225e-01 4.658082402694914137e-01 4.749546003087167234e-01 4.702359764617468074e-01 4.710752285067228429e-01 4.757574949493329486e-01 4.778372063409210835e-01 4.806147962425754150e-01 4.777227101650998176e-01 4.742530191136767881e-01 4.722739551280721315e-01 4.961996634775624471e-01 4.727668154030677528e-01 4.788615062565442781e-01 4.813698014432543082e-01 4.888586883225727320e-01 4.788436790565395729e-01 4.856484379966360398e-01 4.862115390902122525e-01 4.843732392332303349e-01 4.748156314335345574e-01 4.737493820523719923e-01 4.700877876411394540e-01 4.699806995847155000e-01 4.789123332338415806e-01 4.746600992006419495e-01 4.779100265807063042e-01 4.735116369833206051e-01 4.757899691153789079e-01 4.687029986952147564e-01 4.678523466841137401e-01
1.349075454566917368e-02 9.625000939561934032e-02 2.622371211908954836e-01 4.019485620770428258e-01 3.050636916213390615e-01 1.000000000000000000e+00 5.543424245258016247e-01 5.159027607897007650e-01 5.310737852832329020e-01 5.128890688672228526e-01 5.447123336185905051e-01 5.891938590656916608e-01 5.474561248373112088e-01 4.983029437818239926e-01 6.060146686720628839e-01 5.936174440814740993e-01 5.089292772379480079e-01 4.648668989425974174e-01 5.081920201446807894e-01 4.517391539796475342e-01 4.807407819955819561e-01 5.403644478273910146e-01 5.200854965965830967e-01 4.585430328305714620e-01 4.995616320835412627e-01 5.670741769784966024e-01 5.712530995880416018e-01 5.696595952425923537e-01 5.409182174949807020e-01 5.587094582141205468e-01 5.907918107161238552e-01 5.836917148562004165e-01 5.613132955871453778e-01 5.740799782256179595e-01 5.618959904083890011e-01 5.685178342578337540e-01 5.800859920221086430e-01 5.997413971851094372e-01 5.970616131666719451e-01 5.854167099127788321e-01 5.986036760067993123e-01 6.035553264418999087e-01 5.967801565838143363e-01 6.108851978843711228e-01 6.053146077982126672e-01 6.029963411016304731e-01 6.126547034896556720e-01 6.137084125469396412e-01 6.091492012073035367e-01 5.986383256612173298e-01 6.090610898947982355e-01 5.758453492288369002e-01 6.123346593563352425e-01 6.015869639383066847e-01 6.004216991008214377e-01 6.145473631471037868e-01 5.921525523164612448e-01 6.104970654352634973e-01 6.070586432708995339e-01 6.094939262138184821e-01 6.137350970359027880e-01 6.065032977702355943e-01 6.017712683257760986e-01 5.997696879544064386e-01 5.991011067044911265e-01 6.051593140010679273e-01 6.118135709530455602e-01 5.998380164032182105e-01 6.021857375198481632e-01 6.059209059444000678e-01 6.112475390734012359e-01 6.090674514831146968e-01 5.939461025656089799e-01 5.917022633716128022e-01 6.100257840744527371e-01 6.102719087333701165e-01 6.037387787985384335e-01 6.038272725607822800e-01 6.011164792942241819e-01 6.021619001441139707e-01 6.058685396629652775e-01 6.099085936953418940e-01 6.076344653217476965e-01 6.065617710182450439e-01 6.067504643950782928e-01 6.055097028823067662e-01 6.091817134986292626e-01 6.104611353617418468e-01 6.143175157612906778e-01 6.091398013010539403e-01 6.100023148967838038e-01 6.122305821056376329e-01 6.123260385235813619e-01 6.153311784094366299e-01 6.135875660740111037e-01 6.141303501127195474e-01 6.066762260536433526e-01 6.016069821569096643e-01 6.106435277933360828e-01 6.116714016956180666e-01 6.128204522949582955e-01 6.086748841565631229e-01 6.125239719746948808e-01 6.164880235637366646e-01 6.123497574789155129e-01 6.041963749604870593e-01 6.101692337849412562e-01 6.110596901646718759e-01 6.130185425075488359e-01 6.142661498239238016e-01 6.132949263027729359e-01 6.135188877274959651e-01 6.137465660031726777e-01 6.101184334092000228e-01 6.042315258745057927e-01 6.108083463212176101e-01
5.916272399138737016e-03 9.436914030762998118e-02 3.605935360563243819e-01 5.478862263922943399e-01 4.832566984553822165e-01 5.543424245258016247e-01 1.000000000000000000e+00 7.183668347071314741e-01 6.795484479823091784e-01 6.227017399694735333e-01 7.252822978481359151e-01 7.804765261818941147e-01 7.171038784639001129e-01 6.552498049974943006e-01 8.467078341100493510e-01 7.796689904734209753e-01 6.368670012742205788e-01 6.252374988980045067e-01 6.572594962834130694e-01 6.491925529716640053e-01 6.389909796569616107e-01 6.909370483844690103e-01 6.925907106190827278e-01 6.167386315131416774e-01 6.485749582150404091e-01 7.474050411199802957e-01 7.638606523364938061e-01 7.646695076162185467e-01 7.100317430236158245e-01 7.362596808520925906e-01 7.784918234748995358e-01 7.746597601737634786e-01 7.529475455156705577e-01 7.719982287466794491e-01 7.405892701196878924e-01 7.493375251967826500e-01 7.625427088418528232e-01 8.023192526449078876e-01 8.044499035719626656e-01 7.750273753332280746e-01 7.919747393200077257e-01 8.061041233164381037e-01 8.010280488659871079e-01 8.097781654607484336e-01 7.996223634788418577e-01 7.988628770151737779e-01 7.992727338169696161e-01 7.896237417430406191e-01 7.818324265120414340e-01 7.871783557315364943e-01 7.950067099204823906e-01 7.497085038322637285e-01 7.765611497117619333e-01 7.675931631600853011e-01 7.622458262949800556e-01 7.932935086342700615e-01 7.398340264545228973e-01 7.910425436130626986e-01 7.803530115098534781e-01 7.811636650605993104e-01 7.921451630660144572e-01 7.739030505429941309e-01 7.716074761558003869e-01 7.763852859773487936e-01 7.634765884073956288e-01 7.680121851533343591e-01 7.952950162284970759e-01 7.883351194036689602e-01 8.018736721789442301e-01 8.097116505798889197e-01 8.004017931458901058e-01 7.903529355780727350e-01 7.908223271829931678e-01 7.743294224428762806e-01 8.002807794019454191e-01 7.968083235071106163e-01 8.023142790752590958e-01 7.933334138942484959e-01 7.932106506511238386e-01 7.911522379090742962e-01 7.931198382268128677e-01 7.971964605252479519e-01 8.025386815219955894e-01 8.015793726208187975e-01 8.086768844893715835e-01 8.040271809104585499e-01 8.011635120295358403e-01 8.136448815129657675e-01 8.128356427574842114e-01 7.985392973395709637e-01 8.104571389935416592e-01 8.070677512099231343e-01 8.066998367460262997e-01 8.101610146306694737e-01 7.992275808554941685e-01 7.977147268887072595e-01 8.121257530338628072e-01 7.804968479201335185e-01 7.990931579047505506e-01 8.099845190542707130e-01 8.133017900096967123e-01 7.996853363418071625e-01 7.977037283061443329e-01 8.058801202548916409e-01 8.026713839243710957e-01 7.782822474310012728e-01 7.910835180158205526e-01 7.938462298283692764e-01 7.957374358434334827e-01 7.995711730006197504e-01 8.010116243043456929e-01 7.943714773925034667e-01 7.938368480599189425e-01 7.993984760480092877e-01 7.815122353480773443e-01 7.778044459379516162e-01
-4.570938101733884422e-03 1.294934788800356229e-01 3.369218619141320925e-01 5.829865270193727023e-01 4.955975978689892147e-01 5.159027607897007650e-01 7.183668347071314741e-01 1.000000000000000000e+00 6.477380923752098507e-01 6.103562471014463142e-01 7.115556042437122253e-01 7.795427937552390496e-01 7.210221425049540001e-01 6.463285842686855576e-01 7.893161581973674457e-01 8.048801806016334659e-01 6.517580259521282837e-01 5.491903620934822650e-01 6.164590756068207833e-01 6.273106211198500315e-01 6.606294792829980889e-01 6.996394646814759755e-01 6.151113691634565450e-01 5.211917373238350581e-01 5.849971015336234981e-01 7.201697820061427890e-01 7.236695691785508533e-01 6.912088217733447504e-01 6.457646666728295015e-01 6.798169142739455273e-01 7.435820414942553302e-01 7.353634750439536072e-01 6.914008189616696054e-01 7.193350068765428373e-01 7.024330400022416043e-01 7.101666335518855844e-01 7.148560421490613992e-01 7.680699569394334736e-01 7.617484527646997128e-01 7.310653184450999209e-01 7.641452982125391813e-01 7.678798814904405079e-01 7.663509870014506564e-01 7.933872705157757332e-01 7.692411781904916479e-01 7.584297147408575190e-01 7.805413914954189014e-01 7.724284674364079173e-01 7.843648652731152193e-01 7.881608657265251061e-01 7.913460297394658838e-01 7.486543114704595769e-01 7.718666792704526047e-01 7.566415146090053057e-01 7.633560619169591499e-01 7.711709560607374891e-01 7.597621015778230902e-01 7.812696564336402139e-01 7.833121171347239287e-01 7.698940503641044097e-01 7.883077164081027099e-01 7.806994683995507334e-01 7.758482585074437665e-01 7.777454520876755373e-01 7.565174499975324540e-01 7.657804022098737562e-01 7.729832432980908719e-01 7.436198988017368450e-01 7.509575556207995772e-01 7.909267737628278283e-01 7.838295039669084252e-01 7.620357594284570268e-01 7.336077032416092880e-01 7.306406314511995070e-01 7.670925666079017047e-01 7.656292957581202208e-01 7.539458345208494006e-01 7.522758805149407646e-01 7.479766165920901377e-01 7.560775865045588073e-01 7.565318921987915779e-01 7.716877906469868931e-01 7.706923449201648069e-01 7.591166366825469192e-01 7.737852217599756610e-01 7.617478996283706394e-01 7.639056185290913348e-01 7.777430089715202666e-01 7.715115530105678410e-01 7.661737742578397237e-01 7.638499880416124155e-01 7.745479511992072741e-01 7.781236695194899688e-01 7.765854272433934113e-01 7.785975352193347243e-01 7.800135901444198439e-01 7.950691012681091463e-01 7.880718337294717601e-01 7.920785626975062055e-01 7.890852878469178933e-01 7.823098955052972814e-01 7.907114984273910796e-01 7.832306201141189250e-01 7.903441468436761541e-01 7.813065796685126907e-01 7.816924033731306176e-01 7.864484823679778192e-01 7.686280972519757837e-01 7.770516244210764478e-01 7.848938999742021139e-01 7.846672404487777808e-01 7.803243987904259216e-01 7.870523131579981735e-01 7.860920290339280525e-01 7.657222263607076362e-01 7.717727207345860263e-01
1.573076850537355742e-01 1.941242727459933093e-01 3.434388943133886429e-01 4.440941957319438638e-01 3.914169084368452900e-01 5.310737852832329020e-01 6.795484479823091784e-01 6.477380923752098507e-01 1.000000000000000000e+00 7.273022720236906880e-01 7.728053478846805824e-01 7.763769070702699615e-01 7.452323924529093979e-01 6.890632157937619517e-01 8.016294184072330076e-01 8.110202947519681294e-01 7.685613116640993558e-01 6.677313737767285318e-01 7.487450438326311852e-01 5.642492028120186243e-01 6.228109884899855064e-01 7.509665105270889596e-01 7.396981361165614333e-01 6.885306264225878881e-01 7.417762239187118967e-01 8.093824496071276853e-01 8.097529500174941441e-01 8.031991597564085428e-01 7.765450134759436240e-01 8.041267759602741538e-01 8.436347290733248183e-01 8.285036400965618553e-01 7.909888585170413711e-01 8.006969135778537749e-01 7.947766173597090589e-01 7.791467504132090216e-01 8.236857448112857583e-01 8.259802865483555356e-01 8.273464681322559855e-01 7.665374460322147421e-01 8.396079386398911382e-01 8.240753234146234174e-01 8.167961335208987483e-01 8.360494150479114150e-01 8.323464136713445427e-01 8.339748702500957567e-01 8.575789006331312470e-01 8.687374490699464324e-01 8.632687539595843562e-01 8.304349227161322844e-01 8.443094161322765023e-01 8.032819720850025158e-01 8.417680412161028247e-01 8.733057621272128923e-01 8.624141927592317014e-01 8.520881867528291576e-01 8.538637411954982381e-01 8.560449493371758978e-01 8.561614944490958390e-01 8.674415478113081113e-01 8.616714759768043796e-01 8.589194191573099602e-01 8.561430807070306015e-01 8.622200585906896197e-01 8.659457080581044464e-01 8.693209951382082634e-01 8.653390866026628991e-01 8.532854420813039686e-01 8.550813575991828008e-01 8.217695450331166107e-01 8.377531156798473377e-01 8.637302271237282669e-01 8.402788786812444011e-01 8.470410067972458101e-01 8.586540933043196322e-01 8.584595906225280793e-01 8.533668106930649699e-01 8.554886436841004915e-01 8.539358767733529199e-01 8.630515253425928845e-01 8.618534742353542999e-01 8.647996693958163172e-01 8.585490742956779497e-01 8.546448015255480035e-01 8.415023885985636332e-01 8.526040616341631351e-01 8.506302298304022624e-01 8.487422528911041653e-01 8.532977593542531158e-01 8.572038421829432098e-01 8.370431709175001345e-01 8.512750127145733980e-01 8.521557417990694994e-01 8.518944039249394251e-01 8.595226075006694444e-01 8.652512032003657483e-01 8.302513232446043778e-01 8.562005883045556986e-01 8.573622676405898702e-01 8.517321619777274977e-01 8.447290109938473401e-01 8.566067717896439504e-01 8.571254659944939069e-01 8.543318376723210150e-01 8.563905141560727019e-01 8.620038570050786442e-01 8.657082765561116000e-01 8.673769732880063366e-01 8.683097771430444700e-01 8.622325049087374849e-01 8.577972830321213271e-01 8.669400229143101599e-01 8.619523111436810936e-01 8.620203777066153261e-01 8.657691968323822929e-01 8.704455199741519822e-01
1.010433148421230193e-01 2.328788019046485747e-01 3.024647564802545596e-01 4.084685741582507190e-01 3.838727796184011054e-01 5.128890688672228526e-01 6.227017399694735333e-01 6.103562471014463142e-01 7.273022720236906880e-01 1.000000000000000000e+00 6.978787138355301289e-01 7.162353003963697340e-01 6.835447815059649823e-01 6.257422409914776829e-01 7.471156506233839201e-01 7.507423182805206263e-01 6.907070486798553288e-01 6.069554411449175069e-01 6.785654270076221239e-01 5.390448156127638502e-01 5.672397070884180881e-01 6.760495628884389818e-01 6.887181876576714545e-01 6.358529743404264245e-01 6.709538469673546057e-01 7.551018270026605972e-01 7.433558674826636903e-01 7.299582990311266339e-01 7.212789864472916035e-01 7.492169341389864901e-01 7.854280722457022135e-01 7.670954099872706600e-01 7.300126350434569256e-01 7.458007990896023953e-01 7.334384029381630921e-01 7.174509324411562083e-01 7.513767222254136291e-01 7.708611167999640523e-01 7.650420743910787413e-01 7.080495851411817698e-01 7.690561747438426909e-01 7.591149086990743866e-01 7.549846549392288386e-01 7.680717184935128561e-01 7.627154591990706889e-01 7.719212417912354463e-01 7.836214896970798982e-01 7.949017569396118477e-01 7.924431333822031798e-01 7.583055417015158728e-01 7.833633419502035178e-01 7.156824419591794051e-01 7.552554358204556229e-01 7.972959244238748688e-01 7.880094289272538965e-01 7.782225603812521486e-01 7.706289591149607654e-01 7.815720335395450746e-01 7.907228428817481003e-01 7.878158285812326689e-01 7.879724187397983970e-01 7.872661340822810772e-01 7.869672547441087795e-01 7.864805478733142285e-01 7.788739935818475013e-01 7.817008895565624726e-01 7.872176320797483751e-01 7.759091342755385368e-01 7.834291327105922242e-01 7.565860183674727457e-01 7.635783604879711195e-01 7.851346613994156787e-01 7.698098595103544106e-01 7.699986029685004230e-01 7.867043924206285066e-01 7.860511179289589867e-01 7.787746007967721873e-01 7.824212831263492873e-01 7.847889299391874740e-01 7.963298611199385313e-01 7.930340865557782282e-01 7.948281778059232972e-01 7.862235322337052246e-01 7.861468470744256143e-01 7.715193971457523503e-01 7.797599436843188903e-01 7.792421652819176980e-01 7.779410110626225894e-01 7.837999281302124865e-01 7.865585370248631136e-01 7.689251582656357886e-01 7.765106539051832568e-01 7.782038358100004105e-01 7.810752724742020536e-01 7.857179517211053676e-01 7.905014825289555791e-01 7.568216924802572132e-01 7.743471909915194962e-01 7.849990745565551542e-01 7.794994275924618243e-01 7.751971839438669409e-01 7.842692120016597768e-01 7.758091028395537325e-01 7.787409887380498663e-01 7.764529241962411232e-01 7.832379864066633113e-01 7.891210869199801747e-01 7.911433286363600548e-01 7.959023178082137440e-01 7.861962727977446219e-01 7.854026071859048219e-01 7.905156324467327300e-01 7.892700281666399365e-01 7.861738498333451508e-01 7.826026607568117299e-01 7.919515398000949169e-01
3.110231585938149149e-02 1.463867002795649352e-01 3.910518563549988946e-01 5.333334436130858780e-01 4.476362964441469861e-01 5.447123336185905051e-01 7.252822978481359151e-01 7.115556042437122253e-01 7.728053478846805824e-01 6.978787138355301289e-01 1.000000000000000000e+00 8.478935722814507914e-01 7.776747598167607078e-01 7.210806224194949987e-01 8.512591064775638650e-01 8.502882333360913814e-01 7.419090035263181671e-01 6.693715715576967762e-01 7.460093559756280079e-01 6.216539423322879898e-01 7.017097407872151527e-01 7.933091169997731340e-01 7.399766826561163802e-01 6.697230569211604090e-01 7.373430035239471048e-01 8.353786887824278251e-01 8.456495173470427451e-01 8.255104684445772056e-01 7.746066156729962682e-01 8.019521448159419030e-01 8.491567282560992247e-01 8.255991893268438409e-01 8.106042086210600850e-01 8.179672342865308421e-01 8.211918819684220772e-01 8.234585120260431435e-01 8.290334958168813495e-01 8.634716934507941088e-01 8.655454520341614444e-01 8.313882435135842019e-01 8.725786353456016498e-01 8.698468499868179382e-01 8.616506724417924978e-01 8.853724816278831788e-01 8.728281314657332368e-01 8.650952279310611948e-01 8.839670463330905337e-01 8.839845388231885037e-01 8.713386377250328385e-01 8.637610372402778625e-01 8.769512334767219919e-01 8.397489724324967986e-01 8.665003670243526246e-01 8.755321953043940786e-01 8.668057974352347816e-01 8.771146477356930315e-01 8.524455971746704996e-01 8.803595380994896358e-01 8.724579971967495462e-01 8.847945911510769479e-01 8.843114146923938268e-01 8.738661465336368117e-01 8.745946377512032743e-01 8.787474352404920364e-01 8.742617802320687970e-01 8.770064060672898565e-01 8.853102547813350709e-01 8.704090926844174625e-01 8.685907607559389954e-01 8.684373003698687699e-01 8.862150624616562666e-01 8.875336150258800183e-01 8.569754486321048415e-01 8.628965865014228687e-01 8.875517939895823938e-01 8.879567286134407711e-01 8.784206359632799055e-01 8.704691046668853183e-01 8.718501216261550502e-01 8.760007742126284525e-01 8.804166216330471251e-01 8.850883449345636755e-01 8.827490990842152829e-01 8.797460379811286035e-01 8.752918085141656590e-01 8.747664544702502543e-01 8.808017058347645811e-01 8.832624289070212242e-01 8.835448237875875854e-01 8.851523497059321510e-01 8.785363453170591530e-01 8.874478612817334744e-01 8.879185925528918499e-01 8.873837932740622492e-01 8.898148921100949016e-01 8.898748641486249333e-01 8.780118086266095467e-01 8.736511432139486555e-01 8.875510024128909770e-01 8.869360378545364521e-01 8.855000354137070318e-01 8.874406640264393964e-01 8.849979488140954365e-01 8.895644566513991602e-01 8.872942708247385513e-01 8.817941810304619210e-01 8.859414781634635805e-01 8.876280196178071291e-01 8.867240415922198471e-01 8.907788236748188648e-01 8.886139149325130715e-01 8.897446106990158921e-01 8.881963893502352603e-01 8.872644029559370038e-01 8.854871775193935424e-01 8.818403680466505579e-01
1.067306494716759036e-02 1.224824489392397353e-01 4.109150931418509844e-01 6.404329403651608521e-01 5.012019027706925423e-01 5.891938590656916608e-01 7.804765261818941147e-01 7.795427937552390496e-01 7.763769070702699615e-01 7.162353003963697340e-01 8.478935722814507914e-01 1.000000000000000000e+00 8.216469395118530805e-01 7.480615403096769755e-01 8.932718024715331495e-01 8.875459485616146171e-01 7.624450825576041257e-01 6.630478844675298244e-01 7.536376270756529605e-01 6.832042583072722719e-01 7.812129068682132083e-01 8.454363751695871398e-01 7.441587715613720011e-01 6.496236582380569002e-01 7.309978807685291180e-01 8.411720056914735455e-01 8.655651101535587477e-01 8.325349343739140151e-01 7.575240427060659920e-01 8.011451814715466746e-01 8.617520510709085757e-01 8.378887944305590807e-01 8.149805882604586049e-01 8.365010248254739489e-01 8.320021509081190203e-01 8.538589268406326926e-01 8.444211925401261531e-01 8.834604318792615985e-01 8.919144963899308109e-01 8.671802582365299994e-01 8.996735361902447048e-01 8.986250736418409657e-01 8.930303826972497694e-01 9.229596285092848129e-01 9.097235688098812556e-01 8.872360932291906144e-01 9.106044611608478112e-01 9.062100341544717663e-01 8.981845396829658545e-01 9.014198879640475948e-01 9.087962843344142838e-01 8.970271820155759634e-01 9.103102831476522772e-01 8.863974999548995815e-01 8.772798079483977718e-01 8.996369383742749415e-01 8.757220096211139060e-01 9.040173690387669492e-01 8.925089064656992477e-01 9.095385953187724581e-01 9.113813752789335920e-01 8.955628090163049171e-01 8.941576623461596762e-01 9.032130588087006196e-01 8.969607486886793657e-01 9.017793816726322742e-01 9.065116963822233975e-01 8.845156972718499766e-01 8.841626418847891022e-01 9.161466249162918407e-01 9.272805378965239820e-01 9.053888869644844961e-01 8.701394180922008559e-01 8.737091135524274188e-01 9.047465358832987858e-01 9.064922516528050034e-01 8.923256419099626635e-01 8.798539780353455964e-01 8.825727316877850503e-01 8.865236414217441130e-01 8.946710131109326669e-01 9.039216087787141918e-01 9.050887616946003966e-01 8.952290191860856616e-01 9.000430772453366091e-01 8.961273738038637582e-01 9.018325039621147843e-01 9.042891754291167983e-01 9.061254353986534227e-01 8.994936339838394135e-01 9.033793541197930876e-01 9.116113477625069628e-01 9.153085835832686090e-01 9.115601091198096695e-01 9.117289848686133125e-01 9.112548095671864079e-01 9.157829752679587099e-01 9.049312767327759577e-01 9.154977539425466215e-01 9.150643803514917352e-01 9.143532325600762789e-01 9.133154973891968176e-01 9.169325265049129703e-01 9.199515243058166147e-01 9.204592259425830036e-01 9.061044478158496451e-01 9.101286530155330290e-01 9.047034589759531675e-01 9.023542377841700102e-01 9.137782486501078161e-01 9.077637576742816350e-01 9.135341397854396250e-01 9.103141444835346485e-01 9.140448064141796225e-01 9.083382679987723751e-01 9.046900742177013122e-01
2.605613793289802971e-02 1.327261356378329205e-01 3.472671938915393719e-01 5.133266701296512746e-01 4.700929984050898347e-01 5.474561248373112088e-01 7.171038784639001129e-01 7.210221425049540001e-01 7.452323924529093979e-01 6.835447815059649823e-01 7.776747598167607078e-01 8.216469395118530805e-01 1.000000000000000000e+00 6.983264389627864555e-01 8.355468668135038746e-01 8.367598884382310143e-01 7.103202594388948743e-01 6.574441877689849445e-01 7.222618978888535324e-01 6.240866738973549488e-01 6.767811823925193870e-01 7.567620079115847664e-01 7.211492142017696949e-01 6.581406152227478046e-01 7.128046246218794346e-01 7.964420761265587068e-01 8.054634688752994043e-01 7.840166831198308595e-01 7.378691025119217262e-01 7.656906060852675111e-01 8.251939308484249613e-01 8.017677254783721619e-01 7.648646903702172040e-01 7.867455714989467497e-01 7.809940269807261748e-01 7.865381779081487279e-01 7.975670390064797388e-01 8.338688072552392638e-01 8.352171015816117761e-01 7.943846671750016686e-01 8.442779315439014054e-01 8.416843980200463537e-01 8.430457065046222942e-01 8.599044895767052887e-01 8.449616256859490138e-01 8.365069063152168471e-01 8.609583404210862101e-01 8.597594921179823046e-01 8.445800454405764102e-01 8.278733011765174732e-01 8.456065498480797027e-01 8.191073573216895998e-01 8.466156384658065637e-01 8.444480587325553511e-01 8.307701686022704868e-01 8.453693440156587746e-01 8.227290342354481867e-01 8.570064094921794329e-01 8.432010197491383030e-01 8.612953488670639368e-01 8.591529894383962418e-01 8.458688461360522881e-01 8.469380038275009515e-01 8.510908569585307060e-01 8.462963087487617164e-01 8.511287311642010689e-01 8.582105034272929922e-01 8.496619038649478872e-01 8.464627908460117256e-01 8.504669051111417577e-01 8.605349529990430346e-01 8.593052561593645944e-01 8.403626710599708671e-01 8.422903528916655391e-01 8.553060407748775962e-01 8.581784967184478141e-01 8.481366748133839506e-01 8.418627373451338380e-01 8.469491391809090830e-01 8.485568734377566535e-01 8.515283020876193154e-01 8.604531972909461590e-01 8.563246475470558394e-01 8.500040473155036080e-01 8.483590202543264125e-01 8.496469344157099313e-01 8.504948517246961881e-01 8.569510876042647496e-01 8.589547687813713361e-01 8.548447955234970141e-01 8.504063884814130336e-01 8.624531962015788977e-01 8.615736463990180116e-01 8.622110541337625333e-01 8.635461893586042770e-01 8.641275633696321457e-01 8.521533680946088429e-01 8.452405790054509094e-01 8.622039996927283179e-01 8.597177968055131903e-01 8.612209939186108443e-01 8.599555766753523844e-01 8.624762021344432039e-01 8.655825662986659230e-01 8.638855941204223177e-01 8.525223044354165447e-01 8.573285227165950984e-01 8.598341805531812820e-01 8.575595748346085401e-01 8.629018139297940371e-01 8.593587892995381283e-01 8.653202911339330505e-01 8.591964447939116623e-01 8.608916104892366805e-01 8.587709884255552151e-01 8.561555778022826857e-01
