1.000000000000000000e+00 2.589657371552980814e-01 6.943021295283717531e-02 -7.996453573050170405e-02 9.433222207113474422e-02 7.475789028214947785e-03 2.372889121325993250e-02 -2.014617120223463620e-02 1.552543717257078015e-01 1.054350279737156643e-01 6.086789067321782265e-03 -4.423568684535368611e-02 3.151362385940980476e-02 1.786956026818480384e-02 -2.975754724522750114e-04 -1.327555201740986818e-02 5.851281090996239553e-02 1.824672721385159624e-01 9.041567280051593380e-02 4.661709895944597670e-02 4.252645732735828299e-02 9.501996630755245310e-02 1.584437350422410185e-01 1.407808251186320470e-01 1.241675296404637363e-01 1.183495951681311359e-01 9.540414177611493407e-02 1.518804033363435058e-01 2.083983984750384655e-01 1.344675344581171550e-01 1.060531273792831852e-01 6.151868624936235319e-02 8.493042607215427198e-02 5.508325391541441657e-02 9.306652057762020147e-02 4.125421299776858841e-02 9.480192959331841529e-02 2.913671306064817210e-02 2.879551368301509415e-02 1.328938744509891925e-02 5.474775554899345698e-02 3.866640549761261869e-02 1.388074462957366965e-02 2.740504679579152184e-02 6.628884136947101047e-02 1.731566900499104111e-02 9.674612903079114062e-03 2.385553195759458275e-02 -7.336109289938549244e-04 7.953486653863419201e-03 1.569680681055955762e-02 -3.320056224652763455e-02 5.293238815330185768e-03 4.682119854345766913e-02 5.061782991503020745e-02 6.560335436505713991e-02 2.627958338081121809e-02 9.387573108848612166e-03 2.239789164671192757e-03 1.932141329929102855e-02 6.021331834773245746e-03 1.391177663081899496e-02 3.361367507063483303e-03 2.152137770002814088e-02 4.836523142742582548e-02 3.046964420647722827e-02 2.142304060334749086e-02 5.543426269555868507e-02 5.618861931600557802e-02 3.685043206980397057e-02 2.756451811953745945e-02 4.444924293281105748e-02 6.962754653918348802e-02 5.494314992249570151e-02 3.684509385048986146e-02 4.158628415811397444e-02 4.604163519260660864e-02 8.381774113472441334e-02 5.471983689500081738e-02 5.952482696799966250e-02 6.029448587653508940e-02 5.269520995979615902e-02 2.611918433710177373e-02 4.881480718669747865e-02 1.745680625625281937e-02 4.029355717563937872e-02 5.047165237728908765e-02 1.303536327789568509e-02 2.415934288345312694e-02 4.250653792837597034e-02 2.492611356864460684e-02 1.858236061655022323e-02 3.275804637705299893e-02 2.546324210259872170e-02 -1.587500214824633061e-03 9.376521082589850398e-03 -3.490131910435697801e-03 1.351641088632645447e-02 1.642908480011025935e-03 1.405025092406702366e-03 4.124836470741256519e-03 4.849092739625148613e-03 -1.693291157995040859e-03 1.049729214122484857e-04 1.181251395068772967e-03 1.965096586637355217e-02 7.834729628609491195e-03 1.574112971136457442e-02 2.726510913283402768e-02 4.257243079743697721e-03 3.411807715369279213e-03 1.498769354236874352e-02 3.509985358576688929e-03 1.166105674098065655e-02 3.006699199143723217e-02 1.978281645568616062e-02
2.589657371552980814e-01 1.000000000000000000e+00 8.228719228565435639e-02 -2.869536750024754418e-02 1.272482211742885783e-01 1.075103843018473948e-01 1.321628097503754484e-01 7.454869561792278054e-02 2.488880495073083621e-01 2.554586483416418363e-01 1.307025659976713550e-01 6.946954118852785576e-02 1.478802794007473831e-01 1.332482463257866345e-01 1.327897480131435548e-01 1.074970418853444382e-01 1.701714874528596766e-01 2.627993226882637257e-01 2.121197135487862262e-01 7.724338644730867343e-02 8.897111342781439947e-02 1.884392065437917596e-01 2.859724942766784794e-01 2.473761331899512472e-01 2.360556094418818363e-01 2.299572905045764726e-01 2.298296574392043601e-01 2.777535771533564124e-01 3.195442120069526548e-01 2.847735752163778056e-01 2.568257728339743973e-01 2.148199833657025715e-01 2.236877406733754070e-01 1.972731368484392789e-01 2.419973788261131076e-01 1.714820892203599567e-01 2.331109561757691295e-01 1.797275027672643188e-01 1.881975688272455038e-01 1.399296106197155387e-01 1.854805990900480761e-01 1.765083686160247023e-01 1.498976890861872524e-01 1.561196924799254648e-01 2.018930977584479647e-01 1.590140046991232459e-01 1.527576572695057699e-01 1.638435199211084603e-01 1.364808872429295605e-01 1.427338511296400714e-01 1.565704519883043266e-01 7.877814794481290128e-02 1.234538442170678429e-01 1.836966167369005754e-01 1.816561060621421086e-01 2.086915200557192263e-01 1.517575582182903449e-01 1.433117034432035974e-01 1.436454294081472294e-01 1.558092029552265445e-01 1.417600155568330966e-01 1.553427920470870360e-01 1.416959374676739492e-01 1.632837629094375520e-01 1.698340284110197163e-01 1.600443770095059948e-01 1.623430342073852450e-01 1.922343166719876761e-01 2.023712309477732896e-01 1.462603669022324027e-01 1.509757422054296694e-01 1.854890979249326222e-01 2.095966074373158683e-01 1.886047395851939146e-01 1.804175585065241338e-01 1.825006805077031002e-01 1.944451341648769371e-01 2.264672131528978893e-01 2.009696013677562676e-01 2.085714306620871650e-01 2.099765021597989889e-01 1.987994873383057137e-01 1.756055297909548951e-01 2.021782816328694943e-01 1.632335534298289814e-01 1.860337241865227531e-01 1.908715997396117081e-01 1.626535095456486113e-01 1.730093100949663121e-01 1.900341316068919484e-01 1.720910948823268227e-01 1.609518157971579488e-01 1.729141087803524601e-01 1.677034404281569635e-01 1.458944055215312952e-01 1.550180962118604677e-01 1.287606969270141677e-01 1.434067020328997077e-01 1.426382942766568074e-01 1.425020603628686100e-01 1.489563539046039331e-01 1.522921410720088076e-01 1.310991786235458090e-01 1.412316829702510990e-01 1.397612020729926130e-01 1.593452649349151595e-01 1.498825441624904997e-01 1.615854864275954039e-01 1.699233221558677509e-01 1.446675386976312427e-01 1.465610805702380615e-01 1.565093783440028585e-01 1.487017987139188369e-01 1.567457248020719951e-01 1.644297121816552798e-01 1.564986197543871693e-01
6.943021295283717531e-02 8.228719228565435639e-02 1.000000000000000000e+00 3.592979787528799984e-01 2.346356811329599890e-01 2.247660570087180454e-01 3.334591887928457510e-01 3.415089339969670235e-01 3.182739765589301939e-01 2.986714303955786964e-01 3.350073847406743743e-01 3.679814108978691767e-01 3.067814086534639273e-01 2.897166333779513381e-01 3.426697714173666531e-01 3.523259462103648376e-01 3.326879263056785052e-01 3.614054513158329596e-01 3.444266487485947992e-01 3.727527816644430336e-01 3.917726846239042438e-01 3.689942330951850868e-01 3.129409429998848413e-01 3.372909025339064781e-01 3.375119191494870829e-01 3.768611935468900720e-01 3.668315113609189049e-01 3.691766987969647418e-01 3.532519183599076573e-01 3.367810730722117230e-01 3.484440554411732394e-01 3.591945898080742827e-01 3.310576513430348311e-01 3.491937054130582196e-01 3.191042768770945837e-01 3.594271192534252424e-01 3.459120759396278055e-01 3.412422098702991846e-01 3.231978013888617829e-01 3.760501437905213185e-01 3.703013459797056539e-01 3.545944014999767302e-01 3.647106080778367287e-01 3.553298027425272343e-01 3.740831220274828950e-01 3.372047131827530797e-01 3.428429852958568835e-01 3.355892864040654899e-01 3.259888699920788224e-01 3.548311306347823324e-01 3.555444141321280060e-01 3.733455741644163828e-01 3.604867037422156417e-01 3.379039384480335695e-01 3.501056262713153622e-01 3.509017323612194095e-01 3.438576885898363411e-01 3.526074594528972317e-01 3.369668840136622046e-01 3.429539076236248207e-01 3.470485371745809511e-01 3.332618826832424719e-01 3.385028575514477112e-01 3.360023717750243999e-01 3.617032790022805533e-01 3.508897959794381460e-01 3.439193263067821804e-01 3.618051133923322338e-01 3.503662630832335978e-01 3.865519946990337297e-01 3.834075580200898004e-01 3.688627554814056797e-01 3.581487353427724729e-01 3.672388502445481095e-01 3.548159521879457046e-01 3.509192745272640135e-01 3.466325979797944545e-01 3.535970491922088565e-01 3.535425632754128911e-01 3.466371786415251011e-01 3.548015877428965514e-01 3.586848775881647522e-01 3.381859652322277143e-01 3.424540931501260932e-01 3.500077810591715188e-01 3.542449298227980381e-01 3.630262310715926533e-01 3.418897179938941155e-01 3.423911377357370389e-01 3.511367083228209007e-01 3.558099137763869879e-01 3.506749608687618758e-01 3.598862888101494462e-01 3.527513662361660418e-01 3.382156840506827522e-01 3.330558191251149491e-01 3.542118757880878821e-01 3.454491396748362586e-01 3.441153973464242122e-01 3.483700939611759639e-01 3.470350212290933545e-01 3.468348478646383626e-01 3.479022043118839003e-01 3.471811964170186116e-01 3.567444802109805413e-01 3.406498202537247555e-01 3.388139604041559561e-01 3.344121952548146925e-01 3.412701870193609044e-01 3.443758320150590579e-01 3.391076167685526666e-01 3.421262839650421328e-01 3.366006661528443966e-01 3.332876929623056483e-01 3.583065336828344938e-01 3.465574885683940232e-01
-7.996453573050170405e-02 -2.869536750024754418e-02 3.592979787528799984e-01 1.000000000000000000e+00 3.660562139322655062e-01 3.774338771786717728e-01 5.443513858892301549e-01 5.931600439864002094e-01 4.212587073537257254e-01 3.883080023212426291e-01 5.302075267546587645e-01 6.733492726675995854e-01 5.122171958081479515e-01 4.814920687603462812e-01 5.474344330952192195e-01 5.836073166403528134e-01 4.744281324046109027e-01 4.453682974264500660e-01 4.741281743724716224e-01 5.994043933138737401e-01 6.177280923739009166e-01 5.279922709765565436e-01 3.617131120066113259e-01 4.853176186946381310e-01 4.822625044653467974e-01 5.102001730404699398e-01 5.022520140173167835e-01 4.604771644611999615e-01 4.060786428423694416e-01 4.531924625792865813e-01 4.891578457282286241e-01 5.088562933532972954e-01 4.550007477528859590e-01 5.182656383906735220e-01 4.471694268050709908e-01 5.614526567940422153e-01 5.196807502532740930e-01 5.176460775379341239e-01 4.889971388493235538e-01 5.799419341273702733e-01 5.455676401184371693e-01 5.463391659430228975e-01 5.953580854920415000e-01 5.603842554975017043e-01 5.478144481129756382e-01 5.321948427520742930e-01 5.434615486701755982e-01 5.185852525010897773e-01 5.222144945128383009e-01 5.804046368793179811e-01 5.599542964233197306e-01 6.461812709027435764e-01 6.040056627117741384e-01 5.084494215799623129e-01 5.199820040522581399e-01 5.026514393900632927e-01 5.387554061828327967e-01 5.508052235162672616e-01 5.384749758417795018e-01 5.389161302732792258e-01 5.701517745825962491e-01 5.255248702197844457e-01 5.468977034690895023e-01 5.295827327819284669e-01 5.413913681075041007e-01 5.475511592719243259e-01 5.332041327519367879e-01 5.385133165278076506e-01 5.173321586905437197e-01 6.140688155832619843e-01 5.922719434961190021e-01 5.492455565928846539e-01 5.248539140201408104e-01 5.623059281833113765e-01 5.392332289798498213e-01 5.320770048439978916e-01 5.266103873219513121e-01 5.046576998350509324e-01 5.268895620816761438e-01 5.093917972042788511e-01 5.214576648142476012e-01 5.277407455147858917e-01 5.104654103766059769e-01 5.084781913209227566e-01 5.470817943412169537e-01 5.392234971530237564e-01 5.515608216958722831e-01 5.361146673771978177e-01 5.298678236406011433e-01 5.281476891581504685e-01 5.487370050455399051e-01 5.511032978171944707e-01 5.541148731384735182e-01 5.476590010557080834e-01 5.447663944686512716e-01 5.274804750957170496e-01 5.872279758004350647e-01 5.638500864098061616e-01 5.581240683639460132e-01 5.573592369298786542e-01 5.575495705916284628e-01 5.531028791980013848e-01 5.725888216402801323e-01 5.574280999644377621e-01 5.789256500732464783e-01 5.370710828020006655e-01 5.375564864417439193e-01 5.203803085296982989e-01 5.254750398809379108e-01 5.536293633521962576e-01 5.353613410525569494e-01 5.406239859576271733e-01 5.351555630396007679e-01 5.286127618841706122e-01 5.430867624299428043e-01 5.473343145379873098e-01
9.433222207113474422e-02 1.272482211742885783e-01 2.346356811329599890e-01 3.660562139322655062e-01 1.000000000000000000e+00 3.049512307887048967e-01 4.401104389086671342e-01 4.499322091292796699e-01 4.436370290180746689e-01 3.930368473597359857e-01 4.345764852576954329e-01 4.612194833590058662e-01 4.587526708627078231e-01 3.936846129030246444e-01 4.630064491333147347e-01 4.744918211912271810e-01 4.197207664570848928e-01 4.498105967327629129e-01 4.423430402555634244e-01 4.097322376350286954e-01 4.443796842273657344e-01 4.520062770299628774e-01 4.229576919901814058e-01 4.564111220818990455e-01 4.404057715368806525e-01 4.835110684757591981e-01 4.768026808572718989e-01 4.633403189681178924e-01 4.583470261529309364e-01 4.629255098453354811e-01 4.795875082857405380e-01 4.746012814878292629e-01 4.360202387867181395e-01 4.675681252768315588e-01 4.472846199399790890e-01 4.749628422096361935e-01 4.711380505463587109e-01 4.612015488853711265e-01 4.576875748490125684e-01 4.666357736673684697e-01 4.832570215788001278e-01 4.779126621413310461e-01 4.916626408566877604e-01 4.667082481055019882e-01 4.856270182386627776e-01 4.622662674353017476e-01 4.640881678522085219e-01 4.548834189419074803e-01 4.480976539681255089e-01 4.718591184591628962e-01 4.741906200033930707e-01 4.782072073005463886e-01 4.906865096088335321e-01 4.662091012413756008e-01 4.757172211411111462e-01 4.712555972226017409e-01 4.668018171011741324e-01 4.729575143039398966e-01 4.605234384545839887e-01 4.699492861358164908e-01 4.782687648954488946e-01 4.605275251090795163e-01 4.634362489974517274e-01 4.605098993244553518e-01 4.769837107362712714e-01 4.789963245198785025e-01 4.629603824453289995e-01 4.815218104487785089e-01 4.756433483331029555e-01 4.939668471552036699e-01 4.861376382729394319e-01 4.744287908533487697e-01 4.765085116435059387e-01 4.809114556890975445e-01 4.766595103271926703e-01 4.760859032854011796e-01 4.677033659827048440e-01 4.743602979413412690e-01 4.722544693291456652e-01 4.685322993090608734e-01 4.737402770985649214e-01 4.724724041945209119e-01 4.593558533791138321e-01 4.664373405445784715e-01 4.739668726452009873e-01 4.741648282847996665e-01 4.780990738487511660e-01 4.642505270766420500e-01 4.620394560763841918e-01 4.736926660160591940e-01 4.690995497466674546e-01 4.701984952649757021e-01 4.765301867019602344e-01 4.668389763264768622e-01 4.630764849190933674e-01 4.577687183238324797e-01 4.758321992943904677e-01 4.751269977019295654e-01 4.697275461959035114e-01 4.675272899677116456e-01 4.699003699982821636e-01 4.723087587213248284e-01 4.673046134377819016e-01 4.674350058480766235e-01 4.791312274653142245e-01 4.729029994862899988e-01 4.602138909036112557e-01 4.585204921889803886e-01 4.683686959939057926e-01 4.689121011926349336e-01 4.608722708281373648e-01 4.686316909839696732e-01 4.621102513626060282e-01 4.583708716854445475e-01 4.674667450796907708e-01 4.710652442945701401e-01
7.475789028214947785e-03 1.075103843018473948e-01 2.247660570087180454e-01 3.774338771786717728e-01 3.049512307887048967e-01 1.000000000000000000e+00 5.214997474551369416e-01 4.744331673214586820e-01 5.145683611478136799e-01 5.024681769782912699e-01 5.292572309082930193e-01 5.715026268453227143e-01 5.100744085104506054e-01 5.258085086034219868e-01 5.852314850277138270e-01 5.728099408800357839e-01 5.583879495950315741e-01 4.770192433897273432e-01 5.264480566586631216e-01 4.304677165850364084e-01 4.529758080121916164e-01 5.024416735281439506e-01 4.918596320601190119e-01 4.942580109651800169e-01 4.973691450599090902e-01 5.733540875367556522e-01 5.623313722589801111e-01 5.572344467736075613e-01 5.075441613508707706e-01 5.542757540517796455e-01 5.782748739643956970e-01 5.830337915006603700e-01 5.567453754115573306e-01 5.767049554671809242e-01 5.619256202653938326e-01 5.801942079179071010e-01 5.754138554943322159e-01 5.803699142031372160e-01 5.793642759908385065e-01 5.802096796359885733e-01 5.973016486867727126e-01 5.962573467933665050e-01 5.943618441720844858e-01 5.992540379889378377e-01 5.903810989648593521e-01 5.855260330406828473e-01 6.002873772674600650e-01 5.962309045785241235e-01 5.912646041362092930e-01 5.889926749725761246e-01 5.957861068656012948e-01 5.799688451216308271e-01 5.874535141104126890e-01 5.935874327594411470e-01 5.898687826260855527e-01 5.934045993079861692e-01 5.890631071962459941e-01 5.936701081733567475e-01 5.920840635011438424e-01 6.014274022435326383e-01 5.996245821844937707e-01 5.919138129547011351e-01 5.942883849619261527e-01 5.881385810180278506e-01 5.950016203056636144e-01 5.981975718980040435e-01 5.967303453584920092e-01 6.001018238965357687e-01 5.998069890592641062e-01 5.966099091669568866e-01 5.921118897627036803e-01 5.990878644115110729e-01 5.916999877122047780e-01 5.934622754624635510e-01 5.998294043046198398e-01 6.003350787522607757e-01 5.976018490090124757e-01 5.891727669618084251e-01 5.964649929431131703e-01 5.962244772417567562e-01 5.985276098673933953e-01 5.999842440516438558e-01 5.941314431418226460e-01 5.959738354758706835e-01 5.977146302190420313e-01 5.985780998768486239e-01 6.037730286101602450e-01 5.985892440150583083e-01 6.003017244463911828e-01 6.003115605273311450e-01 6.022196723563706389e-01 6.052728127074797904e-01 6.026618749599562674e-01 6.034022881042444553e-01 6.009520999799883301e-01 5.989576501353948146e-01 5.953688942144892415e-01 5.923649077989978640e-01 5.998726453956583216e-01 6.015386268286672111e-01 6.021442552422047179e-01 5.981546878361522213e-01 5.974540139169665087e-01 6.007557196265718158e-01 6.022413454769116603e-01 5.960376565402685234e-01 5.987029820178082495e-01 5.973009828420897671e-01 5.993358265837906984e-01 6.004938543547493346e-01 6.009797451467816520e-01 6.002651873361489754e-01 5.972926588957405691e-01 5.927148929559047374e-01 6.002773859224771469e-01 5.985909860089995149e-01
2.372889121325993250e-02 1.321628097503754484e-01 3.334591887928457510e-01 5.443513858892301549e-01 4.401104389086671342e-01 5.214997474551369416e-01 1.000000000000000000e+00 7.138349544257347468e-01 6.930347044965456949e-01 6.718317756261176221e-01 7.402526371112100323e-01 7.912926851954104057e-01 7.246708190195337851e-01 6.994405104506776771e-01 8.449478595524100299e-01 8.064888937782960232e-01 7.271726135431374471e-01 6.209115592240951331e-01 6.804263480714554113e-01 6.042898522005194506e-01 5.914371172857256775e-01 6.259297540822537087e-01 6.344498993507606821e-01 6.372122784719624899e-01 6.170573457320306376e-01 7.681456554763400613e-01 7.392080502793484387e-01 7.447610960365921295e-01 6.841964752422494689e-01 7.332855630746520914e-01 7.617503998274596233e-01 7.780902919903224246e-01 7.545446231829546768e-01 7.678717676067102760e-01 7.431698052743493932e-01 7.763385236991642291e-01 7.593680738213138826e-01 8.097324919644921515e-01 7.988613456251161260e-01 8.012080515266825076e-01 8.112930061863466991e-01 8.128338043593889006e-01 8.262129371938243816e-01 8.162532169588960773e-01 7.925088246764574462e-01 8.152020160662130088e-01 8.123909405287220720e-01 8.041270949543396496e-01 8.031305457083062205e-01 8.107332934140586422e-01 8.231518877410846091e-01 7.925637758919602538e-01 8.036066367373639885e-01 7.865019110099901178e-01 7.878400890592609507e-01 7.898773863039368903e-01 7.909692683406094327e-01 8.052784539921041818e-01 8.066931150506257975e-01 8.050758374201740786e-01 8.178930020923022015e-01 8.070558804666083663e-01 8.018676324485336515e-01 8.091825127180978239e-01 7.909435025280316944e-01 7.980892429940543709e-01 8.097256544856342719e-01 8.019486092525687226e-01 7.983863466884095761e-01 8.096393606247311858e-01 7.858724473438517544e-01 7.940114335134178525e-01 7.849111768615312235e-01 7.855791827055483845e-01 8.100977883179780736e-01 8.007361556397573077e-01 8.047863969714666998e-01 7.945029634984975830e-01 8.044777294530945921e-01 7.985220248281028610e-01 7.997690626256207524e-01 8.012920333241145832e-01 7.995773235292381598e-01 8.006846459709562325e-01 8.138035200065412145e-01 8.073029284873098899e-01 8.027617156890095584e-01 8.176236740826074989e-01 8.166232045725818622e-01 8.016157186477677055e-01 8.160030223684361372e-01 8.161921397361227015e-01 8.125891290163399505e-01 8.197389540150972209e-01 8.117918270851494089e-01 8.079763560471187045e-01 8.144231361342559872e-01 8.046985390474749034e-01 8.133688746829772498e-01 8.177331165930731283e-01 8.208797981326688697e-01 8.101149144511444744e-01 8.091313653803914319e-01 8.147753715239435257e-01 8.163587437245295453e-01 7.968463385701586299e-01 8.089452090681307217e-01 8.034548964909665747e-01 8.036598058703139369e-01 8.139554902800372194e-01 8.084023971589384683e-01 8.085494404491669895e-01 8.097110525887858401e-01 8.100903287942713416e-01 8.072803659176340796e-01 8.055014338434371979e-01
-2.014617120223463620e-02 7.454869561792278054e-02 3.415089339969670235e-01 5.931600439864002094e-01 4.499322091292796699e-01 4.744331673214586820e-01 7.138349544257347468e-01 1.000000000000000000e+00 6.551780411235896828e-01 6.113483171198761390e-01 7.173374525297079307e-01 7.937917173273703053e-01 6.972184078053650369e-01 6.803651676806719006e-01 7.804094658998894651e-01 7.889279316808794906e-01 6.953641422881957634e-01 6.138325084129072629e-01 6.790405733282175449e-01 6.213305967068497582e-01 6.488473548231681320e-01 6.581811829550400228e-01 5.997797272444108652e-01 6.427370770750139295e-01 6.289697063821425571e-01 7.390599942248395893e-01 7.133078678488409263e-01 6.812295421012313223e-01 6.250658414711230959e-01 6.918085629688365268e-01 7.258051305754367188e-01 7.442233371028401656e-01 6.888978661585002383e-01 7.399282405064534496e-01 7.030399772968529692e-01 7.547694675679083032e-01 7.315275701164613009e-01 7.590590164605610646e-01 7.476929049925632453e-01 7.710037305804637864e-01 7.757187882832707881e-01 7.741668019073504325e-01 7.938085177255532754e-01 7.850775336034268026e-01 7.671246580214379218e-01 7.665995390031919987e-01 7.800221005371683614e-01 7.691279259800150037e-01 7.688296048942274696e-01 7.819307535552522115e-01 7.871291482975246723e-01 7.956292865747212062e-01 7.938061271989113044e-01 7.612479156307243588e-01 7.669098563316486539e-01 7.551146198304994339e-01 7.703085535035719689e-01 7.838532737662466943e-01 7.804354151850702026e-01 7.794285573779281551e-01 7.944511540564417329e-01 7.725605753750616200e-01 7.794832558613775664e-01 7.687280413152383085e-01 7.726094407679360287e-01 7.794335714262017323e-01 7.763507871348560574e-01 7.741813493594047468e-01 7.635991292437456224e-01 7.952278578342528714e-01 7.848335077914476710e-01 7.768033389055695181e-01 7.579587421992574070e-01 7.715085089335050883e-01 7.778568459979655625e-01 7.699247530970458886e-01 7.636356641286716762e-01 7.489238566188796131e-01 7.657666862298287969e-01 7.589595442187953012e-01 7.623138917155342087e-01 7.664717878063393997e-01 7.649099632119319425e-01 7.607109212771209217e-01 7.837205028037336207e-01 7.766367834480606414e-01 7.749418136414422120e-01 7.780455708468195786e-01 7.737931811467981813e-01 7.726508930149604826e-01 7.781916397856221135e-01 7.861602600455068757e-01 7.837435498566462933e-01 7.807345324101668815e-01 7.832967318258152734e-01 7.745582736760029396e-01 7.994462166072149323e-01 7.886513924807664333e-01 7.917888680171990545e-01 7.910052338592785670e-01 7.883765321973662532e-01 7.894316136307655274e-01 7.915605479032498115e-01 7.893430439313110503e-01 7.985374485111027543e-01 7.809023245819339820e-01 7.800980264360964922e-01 7.721547179128412930e-01 7.733426447983452467e-01 7.888737002934508302e-01 7.813507960119359108e-01 7.823557061646397859e-01 7.793315772637117167e-01 7.761047719481509732e-01 7.806989458750461797e-01 7.843956656889949919e-01
1.552543717257078015e-01 2.488880495073083621e-01 3.182739765589301939e-01 4.212587073537257254e-01 4.436370290180746689e-01 5.145683611478136799e-01 6.930347044965456949e-01 6.551780411235896828e-01 1.000000000000000000e+00 7.714946681605696632e-01 7.669747693332904515e-01 7.484553871119937751e-01 7.309917079839026721e-01 7.600947563444619970e-01 8.198091177426715115e-01 8.012683473524715438e-01 7.955757354827407424e-01 7.432332177698041109e-01 7.903574206037876637e-01 5.877571596714159519e-01 5.996000321498570207e-01 7.239606803194539308e-01 7.583668557069342953e-01 7.491473760736542253e-01 7.387393595794150558e-01 8.538895930978023241e-01 8.448177153166943620e-01 8.471846763788070112e-01 8.262540367373061301e-01 8.714797412744598182e-01 8.825475120678711871e-01 8.552448081812464853e-01 8.272623034577168966e-01 8.427537143138901232e-01 8.629439580003100962e-01 8.293579815624191331e-01 8.669826873293577929e-01 8.435062172762354260e-01 8.602736664818766421e-01 8.075330801506981349e-01 8.673282231437823286e-01 8.595486268115224426e-01 8.430405346167553216e-01 8.605983586266625629e-01 8.651830187503439795e-01 8.563415187068135204e-01 8.562666390714364084e-01 8.683850914914434949e-01 8.497388744712748299e-01 8.322534388271561889e-01 8.527926616886133404e-01 7.779213354478851095e-01 8.260507461060003775e-01 8.757513821072493432e-01 8.675433849869411684e-01 8.716692129717861226e-01 8.472012327712262758e-01 8.539534027145830875e-01 8.508196312826155072e-01 8.642594403183730956e-01 8.520370463190241050e-01 8.567491182215936085e-01 8.444706090585436531e-01 8.610126231421872944e-01 8.703300950970023209e-01 8.632734545145966942e-01 8.670402001408883397e-01 8.747873958646260606e-01 8.791989926456414972e-01 8.442423263559571955e-01 8.376360480560505195e-01 8.704016124896961637e-01 8.644447998364612751e-01 8.592907577914666861e-01 8.760223466954784044e-01 8.785450433913264412e-01 8.761264712264916765e-01 8.863603796908070542e-01 8.775041427158094542e-01 8.820608502280785634e-01 8.815876844627069664e-01 8.814262380813626674e-01 8.641305337292020106e-01 8.787701268088868867e-01 8.626206400840762401e-01 8.680988759435516178e-01 8.735616103650724051e-01 8.645799044524913324e-01 8.678047744484040926e-01 8.762721470077204922e-01 8.636203343625192819e-01 8.667675618959785888e-01 8.708172199796129220e-01 8.674873476650357684e-01 8.604071346267406772e-01 8.639574217883986273e-01 8.432953339033408824e-01 8.543932739918350672e-01 8.569346275034894767e-01 8.562639465553788520e-01 8.590417829918727266e-01 8.587906407816531251e-01 8.498542240772505307e-01 8.569623967364533579e-01 8.553945076558947536e-01 8.627288573740452549e-01 8.634312699466986096e-01 8.683014109010818160e-01 8.743970735595011368e-01 8.583287039047847733e-01 8.567764796927064275e-01 8.675740642753532184e-01 8.580143450025755625e-01 8.637985533398977456e-01 8.698013233847223802e-01 8.669710539134555249e-01
1.054350279737156643e-01 2.554586483416418363e-01 2.986714303955786964e-01 3.883080023212426291e-01 3.930368473597359857e-01 5.024681769782912699e-01 6.718317756261176221e-01 6.113483171198761390e-01 7.714946681605696632e-01 1.000000000000000000e+00 7.161825412502861310e-01 6.956989971133542561e-01 6.775231745490479796e-01 7.083683949428564164e-01 7.752185023531430463e-01 7.430478665279627304e-01 7.378970318981016296e-01 6.812894389868631162e-01 7.277531128635721380e-01 5.111784447313716395e-01 5.312706758271364960e-01 6.595308922906629734e-01 7.238334760321853967e-01 6.883482268044095465e-01 6.773149027973985881e-01 7.942670444485132597e-01 7.729704122483735951e-01 7.995099418444443495e-01 7.687307834512322469e-01 8.128831748526114120e-01 8.206688171210215765e-01 8.058789067862379696e-01 7.979561786765388964e-01 7.942845877426971679e-01 8.036980047843640396e-01 7.786118851282145537e-01 7.990534982364333461e-01 8.075538790286510560e-01 8.204343757947696325e-01 7.712632987700748233e-01 8.120799333095904959e-01 8.058338778338717256e-01 7.852900200977801504e-01 8.002805781613325786e-01 8.090923259324264150e-01 8.042042081862788017e-01 8.043627086507564306e-01 8.119991000981097162e-01 7.967826462694604928e-01 7.857119511769031783e-01 8.030541163483527756e-01 7.288935147732527042e-01 7.651334877471471785e-01 8.166922122970211584e-01 8.081828266837359775e-01 8.208984736133927429e-01 7.937817474444361920e-01 7.974612529663626104e-01 7.994739058822643019e-01 8.056723419365365846e-01 7.972175967610239944e-01 8.071269633919377906e-01 7.970873563039633236e-01 8.106175337886341037e-01 8.040282893427502797e-01 8.037726088005918701e-01 8.128849618352746997e-01 8.176029755032238056e-01 8.236622153892427800e-01 7.760455922231623838e-01 7.745989644958547471e-01 8.100015574441584709e-01 8.110329611912605596e-01 7.983725647891005694e-01 8.196360253566353782e-01 8.188752242791826896e-01 8.211539808108441196e-01 8.289521458287701927e-01 8.222489742364662568e-01 8.302461143740911265e-01 8.258164430955253765e-01 8.268118206937213888e-01 8.197235611547295520e-01 8.253917458156743159e-01 8.086143623035030314e-01 8.160954442995185243e-01 8.200107568399396252e-01 8.165706808097434877e-01 8.191670908273488427e-01 8.223598696612905989e-01 8.169058022699307031e-01 8.125067317941317979e-01 8.162578630747778785e-01 8.159723432897737494e-01 8.067142972882955787e-01 8.109602198460759137e-01 7.835784182090692607e-01 7.937797675664746144e-01 8.016351856182152291e-01 8.026747508625688976e-01 8.055190662539468693e-01 8.053339476792247265e-01 7.902453871420845877e-01 8.015207992819518568e-01 7.996808422560197638e-01 8.061984984044465730e-01 8.092231208161688727e-01 8.129383549242970020e-01 8.170977609995553337e-01 8.031580404337799184e-01 8.044941344520487592e-01 8.096005909986678795e-01 8.066769439243023365e-01 8.113130367386327535e-01 8.120776742019755190e-01 8.062721735744720064e-01
6.086789067321782265e-03 1.307025659976713550e-01 3.350073847406743743e-01 5.302075267546587645e-01 4.345764852576954329e-01 5.292572309082930193e-01 7.402526371112100323e-01 7.173374525297079307e-01 7.669747693332904515e-01 7.161825412502861310e-01 1.000000000000000000e+00 8.390577695800108815e-01 7.479111739819378490e-01 7.690174403900084110e-01 8.550276744842447707e-01 8.479234753497327803e-01 7.841348379530787005e-01 6.675559905809823613e-01 7.454855286833891315e-01 6.253874191027692930e-01 6.415457543200488999e-01 7.030049212457297747e-01 6.636076300554836216e-01 6.856789143885181348e-01 6.860742214518377180e-01 8.240041465441569901e-01 8.059913518693050394e-01 7.811915294750055860e-01 7.166368948881618461e-01 7.975142264336236853e-01 8.395044518720258253e-01 8.328569945067390012e-01 7.896519970696729285e-01 8.240280383877699455e-01 8.073078744231816373e-01 8.340476687910656217e-01 8.256310624204107329e-01 8.415433537393043339e-01 8.465919108999877540e-01 8.373049836897358267e-01 8.672597509178239239e-01 8.654509629868120113e-01 8.659791393746693045e-01 8.732147742085755171e-01 8.584206054803955599e-01 8.622064673983849126e-01 8.745208753419519976e-01 8.729654138085479742e-01 8.705099474369965007e-01 8.607583418266528952e-01 8.675854675866800925e-01 8.481101498400863692e-01 8.629793998433489266e-01 8.656153895989664449e-01 8.616023830665591188e-01 8.506440734553912808e-01 8.633873790313539853e-01 8.755083473730252974e-01 8.707428893203591480e-01 8.756769476857700907e-01 8.767292462953023557e-01 8.741494919976872113e-01 8.678491195008478654e-01 8.697610959685783127e-01 8.650990724913847352e-01 8.750294849476336623e-01 8.765619034479822380e-01 8.674748411490921240e-01 8.629379120132104619e-01 8.665716411800569174e-01 8.571016534742984527e-01 8.672294931672828167e-01 8.431728930692116153e-01 8.532406386822403155e-01 8.746461315727211971e-01 8.712755182443255864e-01 8.669744393246134884e-01 8.533686815472278919e-01 8.638707066038024962e-01 8.669186635828864951e-01 8.657134961948541596e-01 8.711958128312605742e-01 8.632257315834549471e-01 8.644852478374662752e-01 8.713372066031734864e-01 8.672274982391801057e-01 8.701864972403731135e-01 8.740164268300789630e-01 8.726893927414814955e-01 8.689450674897999383e-01 8.742286097563179981e-01 8.795490610173445356e-01 8.775016197436389387e-01 8.778035400928173582e-01 8.785251586622635500e-01 8.768440343093946154e-01 8.735438670866687572e-01 8.731678683797803320e-01 8.786751002249465481e-01 8.750698530067252401e-01 8.780277552482723680e-01 8.774930989840680207e-01 8.796825017316108886e-01 8.797353811930892498e-01 8.820838434276432327e-01 8.739761615397829697e-01 8.778388589772048167e-01 8.747851177305329129e-01 8.749584282160873805e-01 8.784705517882405168e-01 8.768008371223139363e-01 8.794019264448068585e-01 8.782054868489990174e-01 8.743418773527746879e-01 8.762132080597784256e-01 8.784619307380540087e-01
-4.423568684535368611e-02 6.946954118852785576e-02 3.679814108978691767e-01 6.733492726675995854e-01 4.612194833590058662e-01 5.715026268453227143e-01 7.912926851954104057e-01 7.937917173273703053e-01 7.484553871119937751e-01 6.956989971133542561e-01 8.390577695800108815e-01 1.000000000000000000e+00 7.908910929575337923e-01 7.932832485694970570e-01 8.909375220433589648e-01 8.942026519334759227e-01 7.970877204417686768e-01 6.734497351171329083e-01 7.541357054536306226e-01 7.057862239721977016e-01 7.311817677645583435e-01 7.370140466481086561e-01 6.496471508377181792e-01 7.057765173440498918e-01 7.030871540885054172e-01 8.405963180118973810e-01 8.196144393792563765e-01 7.773660580209921234e-01 6.981901023550004526e-01 7.876748270218847381e-01 8.367514641219834237e-01 8.479795038790234329e-01 7.971270364442382128e-01 8.431917144645920681e-01 8.007685678921283579e-01 8.708899756504219214e-01 8.435479339654080588e-01 8.660461301499008391e-01 8.604492779364839583e-01 8.856255366736029977e-01 8.932914481518591243e-01 8.929956352926178287e-01 9.119951661327309056e-01 9.078508392345763234e-01 8.822434251304670516e-01 8.907943802425735136e-01 9.075544623328299920e-01 8.953937582956775776e-01 8.981626935250301980e-01 9.075498464075586469e-01 9.056627454301520164e-01 9.262087973704073995e-01 9.190106552372446780e-01 8.809225139889843570e-01 8.813682023553134348e-01 8.635929528058211568e-01 8.928352293073791301e-01 9.080130557605768926e-01 9.024492509683591512e-01 9.031810548822483131e-01 9.171267441747074090e-01 8.994206103200967917e-01 9.024191151871062688e-01 8.947058527765016089e-01 8.908903402204834121e-01 9.028656548726906594e-01 9.025634936616635517e-01 8.915944840047943520e-01 8.785159547978342864e-01 9.165075111394475060e-01 9.021947273051504901e-01 8.936055308329731162e-01 8.636990022702006886e-01 8.857048733923722494e-01 8.991510978029608747e-01 8.907618097066438700e-01 8.873425440860109870e-01 8.638352762343848301e-01 8.839123935845499824e-01 8.795707041351140676e-01 8.827674169141211946e-01 8.882025567627618301e-01 8.822937178580487760e-01 8.796126296416937329e-01 9.030101850017492326e-01 8.931001068505088902e-01 8.971053085258047233e-01 9.017632501241507059e-01 8.976644993194166089e-01 8.885002099251296803e-01 9.018086876885211822e-01 9.101222710028010754e-01 9.069867607625548001e-01 9.061078068808650077e-01 9.102821515337234937e-01 9.021819114422012786e-01 9.220049348608204687e-01 9.121191309407113978e-01 9.156276011144975913e-01 9.144886427986099742e-01 9.143352482355282529e-01 9.128897977219755377e-01 9.211720140415586844e-01 9.171733190473746467e-01 9.227922937402125436e-01 9.002110628285195926e-01 9.065769021460576838e-01 8.968037491747559153e-01 8.956135047440495489e-01 9.143918867608005208e-01 9.062067641061359868e-01 9.073426746397089682e-01 9.072609006034126899e-01 9.021132519410829387e-01 9.047872265766125910e-01 9.085274702958433535e-01
3.151362385940980476e-02 1.478802794007473831e-01 3.067814086534639273e-01 5.122171958081479515e-01 4.587526708627078231e-01 5.100744085104506054e-01 7.246708190195337851e-01 6.972184078053650369e-01 7.309917079839026721e-01 6.775231745490479796e-01 7.479111739819378490e-01 7.908910929575337923e-01 1.000000000000000000e+00 7.273420583690352048e-01 8.222759385100084639e-01 8.186791367271919473e-01 7.468365589390550952e-01 6.578514703935918195e-01 7.280227198035870151e-01 6.007395228852618896e-01 6.166973495055995125e-01 6.870078582160596969e-01 6.629295868333296982e-01 6.798554722637540904e-01 6.718476554320991223e-01 7.946501237464241862e-01 7.766269945387604956e-01 7.605064326543277131e-01 7.033797342517403850e-01 7.778687863671163161e-01 8.028921487812209490e-01 8.017447629007666832e-01 7.598091742557450123e-01 7.870849399087455067e-01 7.745217080843765922e-01 8.005440667047116765e-01 8.005795518354943408e-01 8.013978345686993965e-01 8.096640062489987022e-01 8.009985196191723444e-01 8.302790643241413360e-01 8.272019661110985300e-01 8.319236932363904824e-01 8.350252791298227173e-01 8.238554034347089772e-01 8.261514299687954255e-01 8.357948339514549296e-01 8.281210653683029888e-01 8.232433344097601635e-01 8.155933910338144521e-01 8.259503705716491062e-01 8.144940908598125029e-01 8.268772438444476069e-01 8.252376461799939555e-01 8.240637579375339472e-01 8.188881975741705288e-01 8.155643990436972635e-01 8.320189638284191114e-01 8.210590057106005313e-01 8.367800647422569682e-01 8.371112532075913881e-01 8.280529169723339633e-01 8.179360053943282027e-01 8.265827815973402215e-01 8.301036057888062647e-01 8.331950719197847022e-01 8.343030021469423074e-01 8.347971231490719513e-01 8.284791252547430984e-01 8.328796333045673794e-01 8.220246966336298700e-01 8.332125048051203242e-01 8.136545752281034716e-01 8.255468762667322880e-01 8.380362493693478410e-01 8.329358477279252826e-01 8.308079861508619324e-01 8.227461883743037996e-01 8.283009468052023871e-01 8.285589156380998022e-01 8.309969036769409012e-01 8.350505024892412864e-01 8.215256444878861197e-01 8.248665823660479290e-01 8.302947616559681610e-01 8.293380595331955041e-01 8.356939862951516806e-01 8.349140276686873863e-01 8.343563749997631174e-01 8.319377553764186750e-01 8.314856904021090678e-01 8.404346047190306424e-01 8.397503534590506913e-01 8.405996836824825014e-01 8.363763151923282457e-01 8.337421196223189224e-01 8.317015712816937523e-01 8.316846853243641258e-01 8.354635645202418415e-01 8.341994156922575288e-01 8.388441952830433257e-01 8.348886229889984634e-01 8.394961335325709095e-01 8.399997071806146742e-01 8.405366096852052715e-01 8.262925614000653507e-01 8.348341633380191862e-01 8.332662134057230441e-01 8.343542899564136972e-01 8.377530671464550327e-01 8.311622401571111540e-01 8.381986891784076743e-01 8.330580227517833114e-01 8.338034894514271267e-01 8.375146882512718438e-01 8.401063530610490826e-01
