1.000000000000000000e+00 3.781142083752798977e-02 1.200344772764855156e-01 -1.574792384189128980e-02 -6.882955206718406604e-02 1.387162469932115387e-02 9.385501299372905892e-03 6.893260558597783492e-03 1.031063739102254240e-01 4.309980367606121299e-02 4.038093686980026575e-02 4.081689228517796156e-03 -1.140324824141912378e-02 1.646421495397757187e-02 -2.145363165224532451e-02 1.330157132182140448e-03 1.140442673669610357e-01 1.947660402018296655e-01 1.749287719955104348e-01 -1.175403992331261888e-01 9.018440752181695885e-02 1.483329168751822136e-01 1.196015110616682892e-01 1.709578633947423931e-01 1.662469788233293388e-01 1.029897648587436848e-01 9.657714539316493429e-02 1.360445948225352808e-01 1.869420799357932039e-01 1.634263020018146828e-01 1.060379262706363235e-01 8.864014924400107076e-02 1.574202886675170054e-01 1.039916732338683758e-01 1.365621920464314687e-01 7.923993680507930570e-02 9.278216031028121979e-02 7.208868141574226174e-02 7.154216869676496837e-02 4.000254814756555588e-02 3.892990500089352213e-02 3.242025502967353645e-02 6.501366483116342680e-03 2.823009502969661341e-02 3.573007099513305501e-02 6.814424751090433774e-02 1.153220129085124647e-02 3.107176620161100286e-02 2.705819002562800599e-02 4.618219298775698423e-02 2.659956880556721068e-02 -1.398401891702532457e-02 1.046190985137554312e-02 4.790549699600164801e-02 2.854782760294702348e-02 4.394744594271537269e-02 4.904284369781390651e-02 1.443684732665240396e-02 2.560264564999287923e-02 3.049923988994142701e-02 6.033248241168570093e-03 2.928282269496608123e-02 1.633279023044525644e-02 3.511789427502490235e-02 7.056999699675907400e-02 4.970494142259038878e-02 3.007701772638058518e-02 7.077049759079732938e-02 5.144282248908535471e-02 1.874176513754604581e-03 4.566147227663349545e-02 5.686492035971084380e-02 7.543628344664583818e-02 5.796986283608546175e-02 4.381561709800476517e-02 4.249524098567180469e-02 4.707364955321659966e-02 7.334068824297206024e-02 7.012478239084274367e-02 7.391719379077242580e-02 6.910604941651497801e-02 5.058873387299334112e-02 4.417057501096307431e-02 6.672397329725245074e-02 4.290880627775238432e-02 5.636719367643763801e-02 3.938426134172487436e-02 2.648406821699578889e-02 3.894810862843684635e-02 3.775195275777638859e-02 2.997754339819657526e-02 1.641842918850174027e-02 1.612940101831214501e-02 2.933331898699403917e-02 4.032700959851077266e-03 1.870970422818002757e-02 -1.056675812329620039e-02 2.877213655782887361e-02 -6.031734933677793467e-03 9.968550798961381063e-03 -3.237846800066553326e-03 -4.740663003486328408e-03 1.385524994525045607e-03 -3.547230064179293565e-03 4.060596973578706886e-03 2.229437662568002979e-02 1.125035457109058168e-02 1.964680169705936355e-02 1.746985874359543306e-02 5.568172153563779453e-03 -3.273989708043907512e-03 6.160691292557446408e-03 3.189015861346633247e-03 1.894880243042903686e-02 3.664445774494611702e-02 9.155423037017216756e-03
3.781142083752798977e-02 1.000000000000000000e+00 6.577393422595123607e-02 4.863546502279343653e-02 5.329358343963894878e-02 6.573558189481104597e-02 9.879509632873269276e-02 6.698114639942377713e-02 1.582449951408480548e-01 1.867724807765431261e-01 1.501338377400358581e-01 1.325727668739121456e-01 1.198437464597067875e-01 1.280314215277338352e-01 1.318805458392732222e-01 1.163206757135274438e-01 1.306749584715930224e-01 9.311546735479657444e-02 8.367764795080213924e-02 1.605269827665688209e-02 1.441457563293486316e-02 6.404454221294063332e-02 8.597386868489462208e-02 8.002709427984074086e-02 8.545953173462202124e-02 1.458543713111673246e-01 1.450278847242156000e-01 1.878192181675202854e-01 1.831316809984935290e-01 1.738259223308326884e-01 1.725830047619947849e-01 1.363201433219228542e-01 1.921610533859300363e-01 1.349607598148149790e-01 1.792875262701399408e-01 1.010290475857378439e-01 1.330684237579042861e-01 1.558852722387487066e-01 1.569273373139135896e-01 1.421037326648527943e-01 1.514993325613537001e-01 1.449234370797515548e-01 1.082236842482787037e-01 1.327144861343035609e-01 1.394110296925459014e-01 1.523862081105743227e-01 1.609052081034807735e-01 1.536385151258756188e-01 1.466775929965586367e-01 1.112513024498370945e-01 1.254311225341612768e-01 9.488563196593140237e-02 1.393687167060420895e-01 1.646763478604368891e-01 1.652724733364031862e-01 1.621673129897397425e-01 1.609535926512289661e-01 1.578014262153012159e-01 1.563417544169370399e-01 1.557331764700449483e-01 1.348010319129974433e-01 1.612354981453360536e-01 1.537454628398936540e-01 1.605638483740913225e-01 1.672894826109154187e-01 1.662718324896876043e-01 1.580743891650963351e-01 1.495627278345191269e-01 1.515939040084743894e-01 1.248842650034757418e-01 1.270370382168178047e-01 1.514005241133452584e-01 1.454830048425352629e-01 1.336413031515679695e-01 1.567413480542324822e-01 1.583723159534821123e-01 1.715077579931169605e-01 1.811530527312497363e-01 1.617912846796153992e-01 1.765654519017135493e-01 1.740035552248868356e-01 1.731261737955367697e-01 1.533660839257500186e-01 1.793646165270486037e-01 1.456479305193302265e-01 1.482832274038265175e-01 1.385059693630211197e-01 1.637224403380487248e-01 1.597451272892219110e-01 1.555516438849254279e-01 1.580756783240140073e-01 1.510157256585483720e-01 1.620428738085121501e-01 1.556473353756761824e-01 1.609303349668181615e-01 1.586619394090406920e-01 1.256392112752945378e-01 1.340929096171093182e-01 1.459942111068524562e-01 1.394808147542634102e-01 1.400314216981805027e-01 1.455699145215788581e-01 1.559928708727167657e-01 1.435676107359079579e-01 1.295884486303336969e-01 1.602250885634413091e-01 1.538705353176728075e-01 1.636789725049684618e-01 1.609970172465083893e-01 1.528044545030734502e-01 1.531313275039827004e-01 1.570342680216966491e-01 1.566738278818998187e-01 1.579414907744522978e-01 1.599933528721308451e-01 1.596411357222692617e-01
1.200344772764855156e-01 6.577393422595123607e-02 1.000000000000000000e+00 2.833867392884711345e-01 1.442854526495855327e-01 2.213726204138337650e-01 2.865754916030553989e-01 3.036124581041210191e-01 3.632188408301501581e-01 3.189995045284947373e-01 3.768588598202847750e-01 3.656236257683726509e-01 3.000477924824511700e-01 2.734706927400443743e-01 3.312909580397870868e-01 3.370668526396543019e-01 3.801490562864475731e-01 3.824061859344730641e-01 4.109316085830314047e-01 1.515861817566415415e-01 3.218050146364844766e-01 3.929515496192207413e-01 3.753951614474310694e-01 3.701490215174720322e-01 3.882896960527504882e-01 4.088330954756774771e-01 4.008896927430744550e-01 4.155114345847097934e-01 4.066493450376550411e-01 4.106291978692861999e-01 4.113949117562336055e-01 3.943322049976980548e-01 3.987408553429457325e-01 3.882743288825671324e-01 3.991606103621124779e-01 3.539342309539454390e-01 3.764704235068213611e-01 3.911750887279124567e-01 3.879368744493699728e-01 3.777300902162990526e-01 3.836849568454134274e-01 3.844575225263037743e-01 3.443383555702258514e-01 3.773566606527066214e-01 3.787656389010249369e-01 3.894023647832228763e-01 3.607923975472353550e-01 3.733028613431150222e-01 3.644248264165406148e-01 3.592328144489337904e-01 3.733581138206265582e-01 3.284114511501050604e-01 3.568854494126795229e-01 3.737414713493996676e-01 3.653426064662428363e-01 3.793489420708905935e-01 3.505561017486302222e-01 3.706464996993708572e-01 3.701288627025273170e-01 3.659759566490122795e-01 3.501909678239324974e-01 3.667869277512978421e-01 3.598303298015044227e-01 3.640769145732883350e-01 3.803569421148497165e-01 3.662061539721372383e-01 3.741617221459829223e-01 4.033009033957741796e-01 3.911928803394085774e-01 3.515926688086854490e-01 3.892943828776181947e-01 3.945096310052427224e-01 4.022408653084645902e-01 3.921338407245307245e-01 3.883386096111938190e-01 3.913251088792763510e-01 3.862795818860767505e-01 3.961236890848837677e-01 4.062194619437694554e-01 3.989530391079229021e-01 3.931193909226988192e-01 3.914419004042772876e-01 3.830821861732819911e-01 3.916567755548158170e-01 3.795843221658926625e-01 3.890002306750664496e-01 3.733230365522611227e-01 3.788010443758530466e-01 3.820095832959730098e-01 3.825798863577752895e-01 3.833003869300343758e-01 3.763343547468461225e-01 3.785256386823061536e-01 3.823812723820322335e-01 3.639906756589267878e-01 3.726684087669318579e-01 3.504889789588588322e-01 3.504051498335378767e-01 3.517873270261616114e-01 3.672620257096335106e-01 3.580866922519457818e-01 3.570506489872407041e-01 3.589774461677275874e-01 3.617719386899485579e-01 3.545929503957530593e-01 3.592178096562027023e-01 3.625314085134833109e-01 3.716796898108563063e-01 3.708363518193287245e-01 3.664292168844139330e-01 3.642946717703729465e-01 3.616658513253456775e-01 3.590550474854015683e-01 3.651078985814867894e-01 3.726974712069849316e-01 3.579290864351444834e-01
-1.574792384189128980e-02 4.863546502279343653e-02 2.833867392884711345e-01 1.000000000000000000e+00 3.460508078484224592e-01 4.083080245514252860e-01 5.409352146063793887e-01 5.362463288524166316e-01 5.160612921743047421e-01 4.533188400160325093e-01 5.524635889273101785e-01 6.316453830861040730e-01 5.253239404477154650e-01 4.335800168996271631e-01 5.872937979208860959e-01 5.880364219700070505e-01 4.816549223182461370e-01 3.416977670513988152e-01 4.146813485174690173e-01 4.789229287196237750e-01 4.422635474778428000e-01 4.739335001238642042e-01 4.904327657062224621e-01 3.731023561470280803e-01 4.215608391734663174e-01 5.623827146848952019e-01 5.754667504334487482e-01 5.181038494313563447e-01 4.787627764441100831e-01 4.788461041109835503e-01 5.455588987448090066e-01 5.395210308416371614e-01 4.228013692146354585e-01 4.867180939132337292e-01 4.493901997771368451e-01 5.025006937619828085e-01 5.208860630413577608e-01 5.263219842435000739e-01 5.295857396321171917e-01 5.629815694190516417e-01 5.854082533328357485e-01 5.795076391208124900e-01 5.711216193268622288e-01 5.916436472427315518e-01 5.828663779388750799e-01 5.621972690840438824e-01 5.852497934340525898e-01 5.793262912457842750e-01 5.785967406058070139e-01 5.586774274219741265e-01 5.881736617708550607e-01 6.232871229111054401e-01 6.074811563121320646e-01 5.729223487101103851e-01 5.697405089511907716e-01 5.735930639048031354e-01 5.775952315828916106e-01 5.985298362953691553e-01 5.896465195317255326e-01 5.933904243718374216e-01 5.857220413557441274e-01 5.826795244903060222e-01 5.960913607370765810e-01 5.732123473558731197e-01 5.673557713504973066e-01 5.856085000523005846e-01 5.780511635973714091e-01 5.595826012750608758e-01 5.755731577949628752e-01 5.948439144629774633e-01 5.811075528051230510e-01 5.728523819329904843e-01 5.508506430925477204e-01 5.645690470682310780e-01 5.928183891332790001e-01 5.954586555555627658e-01 5.798609761692979925e-01 5.715481041345887858e-01 5.774181990868312297e-01 5.605754130810165492e-01 5.569103373220526398e-01 5.818244942721906288e-01 5.791723841746621027e-01 5.445158067153335057e-01 5.691512985936334479e-01 5.586933784404904957e-01 5.727820514708802380e-01 5.817205199257571291e-01 5.703393197251713786e-01 5.899538911164564636e-01 5.854946173139722321e-01 5.978315159163092307e-01 5.863481638437012533e-01 5.889310988261307056e-01 5.927699211289353398e-01 5.915814214565180418e-01 6.014533736523850482e-01 5.871614473042541249e-01 5.970057031017838023e-01 5.980214158729241225e-01 5.942967512682016951e-01 6.050141934474064787e-01 5.982340000841055438e-01 6.019060008072977253e-01 6.099387707568929562e-01 5.975475269527438238e-01 5.924279842732264045e-01 5.862645572240260394e-01 5.869556596334020160e-01 6.041484231500788837e-01 6.014406349531598028e-01 5.977241530457431118e-01 5.994906621657198897e-01 5.869613303357533729e-01 5.770055860448357610e-01 5.974679741021456936e-01
-6.882955206718406604e-02 5.329358343963894878e-02 1.442854526495855327e-01 3.460508078484224592e-01 1.000000000000000000e+00 3.195811664669438446e-01 4.778031963434201113e-01 4.499529780391718359e-01 4.085011094851297431e-01 3.685983288661290880e-01 4.216194676801010011e-01 4.807913766529299249e-01 4.960421778617015165e-01 3.416655180748126575e-01 4.891731726858656870e-01 4.884417729061172886e-01 3.582032689898555500e-01 2.143012712985432333e-01 2.614285531609693569e-01 4.271606979082937516e-01 3.272662816397360896e-01 3.113411879930167436e-01 3.565505537723273055e-01 2.816770373070785483e-01 2.884516380424349546e-01 4.335635992776140091e-01 4.201783765790790826e-01 3.828915138184857403e-01 3.363958543775200094e-01 3.525066746521285932e-01 4.085075566982759865e-01 4.339457610197095527e-01 3.380803151046491428e-01 3.939140978412997707e-01 3.592350823274063076e-01 3.911046999335576202e-01 4.331885646306070092e-01 4.156592602512875212e-01 4.383249537037210986e-01 4.509480569134025618e-01 4.685707348489647206e-01 4.578534978902010222e-01 4.793698800554721529e-01 4.794606184643724345e-01 4.654114003155560009e-01 4.418417036513666574e-01 4.849352927529523294e-01 4.679456426760697507e-01 4.805504696679813170e-01 4.599058032850509292e-01 4.640568222799194564e-01 4.763191819067559840e-01 4.890870536229842136e-01 4.683412508138560248e-01 4.678178521541433432e-01 4.615440513184781990e-01 4.670349106236118542e-01 4.822116395071360251e-01 4.713341266275206665e-01 4.835321062457159091e-01 4.952534788030760193e-01 4.793530784450926729e-01 4.851642139507314488e-01 4.732028213122781990e-01 4.315085369144925909e-01 4.681650472128781604e-01 4.740513998987248012e-01 4.391297115833009967e-01 4.653402061016710389e-01 4.912654120197340601e-01 4.557442886427470197e-01 4.471206709104757482e-01 4.352817479367186437e-01 4.540737831258143675e-01 4.703863290305939637e-01 4.656421819325639033e-01 4.626237409311941828e-01 4.439974369878144644e-01 4.434100663770314532e-01 4.509399607814788546e-01 4.559868026209039638e-01 4.641003776662199765e-01 4.500396541076778778e-01 4.493045702228786742e-01 4.622647304851086880e-01 4.524482237987816902e-01 4.699232033510122308e-01 4.680403205330573302e-01 4.668942903375091213e-01 4.665324405156274779e-01 4.653478422202478315e-01 4.821032112360158495e-01 4.749988212499152707e-01 4.722924047674369463e-01 4.919051393926380245e-01 4.830427586004520379e-01 4.991012638203695118e-01 4.779793272801382553e-01 5.007039131551158651e-01 4.825800746994093338e-01 4.942060723636714226e-01 4.953568901706246197e-01 4.928627327006270264e-01 4.964226765017001886e-01 4.896181929731660554e-01 4.812028449435784005e-01 4.908022926781225315e-01 4.770826580717065224e-01 4.799363925797739960e-01 4.934822727497175654e-01 4.921051435383357320e-01 4.900123118748228035e-01 4.937993922685506853e-01 4.816121557889202487e-01 4.571981116549850843e-01 4.907668454105065248e-01
1.387162469932115387e-02 6.573558189481104597e-02 2.213726204138337650e-01 4.083080245514252860e-01 3.195811664669438446e-01 1.000000000000000000e+00 5.740051634449917506e-01 5.125115079423759878e-01 5.637807129257529359e-01 5.171136457849010437e-01 5.763976754691793047e-01 6.047350623702674177e-01 5.647950964913421856e-01 4.805705326321677573e-01 6.162809336037200492e-01 6.144637367893523994e-01 5.375046215854228926e-01 3.806543684143770534e-01 4.589484744279608841e-01 4.126895752238478043e-01 4.561329587274565167e-01 4.855253289756596424e-01 5.054338552911814553e-01 4.323949818434345560e-01 4.650835131552503166e-01 5.801024790692105304e-01 5.863260048187081130e-01 5.473430453650016680e-01 5.107955685653319255e-01 5.105305104855877296e-01 5.679461901855937800e-01 5.920696206936998385e-01 4.970859368352383290e-01 5.632688619791280660e-01 5.211346118359826418e-01 5.589809731001268434e-01 5.754981842494470978e-01 5.994465901596758295e-01 5.946171298317903808e-01 6.003500044434858518e-01 6.107261305567417420e-01 6.230503231705873946e-01 6.119612808960315231e-01 6.249227323973232107e-01 6.168293070429855529e-01 6.077986378098529929e-01 6.216530202704294572e-01 6.226842443224513968e-01 6.236272008425040037e-01 5.996762786502546350e-01 6.214780626420458587e-01 6.041179272586765236e-01 6.145886362182442220e-01 6.166373679458119206e-01 6.099657828802321768e-01 6.146025841530766698e-01 6.066400607066310124e-01 6.246896151556937671e-01 6.227407003493247162e-01 6.242212211672594213e-01 6.265811936743141963e-01 6.220718651913033082e-01 6.233921664139201457e-01 6.197813164687254739e-01 6.062470585627895980e-01 6.190107727141419547e-01 6.252579403496763000e-01 6.065100080919130221e-01 6.169515259001694396e-01 6.096730134907741849e-01 6.127628155033372215e-01 6.104901246656631031e-01 5.974247287971127252e-01 6.065185089648750250e-01 6.193351851562755028e-01 6.205090214786851410e-01 6.196518600129329313e-01 6.026726962607517057e-01 6.116753575027931156e-01 6.011952799100138689e-01 6.048776104602585635e-01 6.131349978367589548e-01 6.212885326002149933e-01 5.981374515308215400e-01 6.177504238240206780e-01 6.145844525079539045e-01 6.183222548111748651e-01 6.260588605649475280e-01 6.210540837357881871e-01 6.230985573284405499e-01 6.216110373520395971e-01 6.308347190722446429e-01 6.261667334433149712e-01 6.293954277143140041e-01 6.309234495585551716e-01 6.284694553673131345e-01 6.278522861132190824e-01 6.127997086662164694e-01 6.305853844105138162e-01 6.293696262046449830e-01 6.317297083474895381e-01 6.313965566640123983e-01 6.275380789149471727e-01 6.326461378095946664e-01 6.267691645068487194e-01 6.211603090678559091e-01 6.297928408793190824e-01 6.266546911498463990e-01 6.266246027912188987e-01 6.299030206952767053e-01 6.277865094035500748e-01 6.303766000589759999e-01 6.300496580706802519e-01 6.289863069684010766e-01 6.193704542709895788e-01 6.263329622074342851e-01
9.385501299372905892e-03 9.879509632873269276e-02 2.865754916030553989e-01 5.409352146063793887e-01 4.778031963434201113e-01 5.740051634449917506e-01 1.000000000000000000e+00 7.222146756633769371e-01 7.284405950794549112e-01 6.658640317255696273e-01 7.294470869053791828e-01 8.020828210717533269e-01 7.618258333115277559e-01 5.962613390428584959e-01 8.470362628804544158e-01 8.271122682089083744e-01 7.107613570065461905e-01 4.628732007523512215e-01 5.674735416765012141e-01 6.166608761801096739e-01 5.812562143387218772e-01 6.155372720253848851e-01 6.661212479361313665e-01 5.320071351286030925e-01 5.718290996768091716e-01 7.653848753551110162e-01 7.494063776702986068e-01 7.108224098850154382e-01 6.396107809915163589e-01 6.501691467172884265e-01 7.304592296827280284e-01 7.767557808881334624e-01 6.532792780239375929e-01 7.418958325667667220e-01 6.813185611538347120e-01 7.395956864192314573e-01 7.537346563197461213e-01 7.875761623873061001e-01 7.812578778580938632e-01 7.961748558137461407e-01 8.037018255784084131e-01 8.127288428730987668e-01 8.199478355937369622e-01 8.159270570265865219e-01 8.097609689532849764e-01 7.931133084135093547e-01 8.177208820006288681e-01 8.165781696952100210e-01 8.191817820188729282e-01 7.897241743930869529e-01 8.189529149802478036e-01 8.005727124771159220e-01 8.201225490532184637e-01 8.164161561603939798e-01 8.149201925830558135e-01 8.163778419923807261e-01 8.061975292967870077e-01 8.209044154012873351e-01 8.158852044952076277e-01 8.207110203237347745e-01 8.314526066928359382e-01 8.237944547189843814e-01 8.233811182444942256e-01 8.174969495533397357e-01 7.922098242580380978e-01 8.118725671240614172e-01 8.208107216907680748e-01 7.805571062153103812e-01 8.076709170215884415e-01 8.137052940981639448e-01 7.924628465683073442e-01 7.920317432070512753e-01 7.738307169556306597e-01 7.816857884332982787e-01 8.130734593543332833e-01 8.087801926756269522e-01 8.091457933580826767e-01 7.810213459261312607e-01 7.907336443596407749e-01 7.763432244792441983e-01 7.853912974879350140e-01 7.955199447514051947e-01 8.124964335927674641e-01 7.855471956416241186e-01 8.113173745408482906e-01 8.045425584756749071e-01 8.141969500022344652e-01 8.220766305485401881e-01 8.117277555370232545e-01 8.193488843721703496e-01 8.169626485965064688e-01 8.284347218576685323e-01 8.175475466128978574e-01 8.219293673836777225e-01 8.285278191890801391e-01 8.276855008694986582e-01 8.327841601496607238e-01 8.118928036378687541e-01 8.339276573052296637e-01 8.310745582347232041e-01 8.370613298698379445e-01 8.342704939824723276e-01 8.278289410146717486e-01 8.315357821155672235e-01 8.300716705474389112e-01 8.219149827537464148e-01 8.276436400858873110e-01 8.232278819329956754e-01 8.246021103210888770e-01 8.308230128309174178e-01 8.311593880875677298e-01 8.289153839711272953e-01 8.315514326344328744e-01 8.286491150678443329e-01 8.092452801439008470e-01 8.256186726804503051e-01
6.893260558597783492e-03 6.698114639942377713e-02 3.036124581041210191e-01 5.362463288524166316e-01 4.499529780391718359e-01 5.125115079423759878e-01 7.222146756633769371e-01 1.000000000000000000e+00 7.011687373452190064e-01 6.291637196407987576e-01 7.057719791887594463e-01 7.680285168637037696e-01 7.253841809118838357e-01 5.802946990852511089e-01 7.916500309541424363e-01 8.049708067464961259e-01 6.994453677217458143e-01 5.147405784787825178e-01 6.209486374323355262e-01 5.787417529663861915e-01 6.132670585203626734e-01 6.597038488054161043e-01 6.691318948480631246e-01 5.623909912605271622e-01 6.102508816181827500e-01 7.541682764217841894e-01 7.317656604574526158e-01 6.894362802494032882e-01 6.297133344377595643e-01 6.506326677544188586e-01 7.221874658277397385e-01 7.673257584998874892e-01 6.540293673482747705e-01 7.356888184358241212e-01 6.743252006448039459e-01 7.281216189814661011e-01 7.453184899521991813e-01 7.624896265090268521e-01 7.552887992524456306e-01 7.706081974194759487e-01 7.779882978165953977e-01 7.831644244830180401e-01 7.945261645017926977e-01 7.935061938528309433e-01 7.772730815652570957e-01 7.729047113350432374e-01 7.822932748259335822e-01 7.872140930397157899e-01 7.922124660064632229e-01 7.889431469247791817e-01 8.018329217118556063e-01 7.688496357609742038e-01 7.812799728116149867e-01 7.809232017916184487e-01 7.852237705878150065e-01 7.790818075925083352e-01 7.731553736482863481e-01 7.885088714833502488e-01 7.937445729785554960e-01 7.859184897006947779e-01 7.993816592042028990e-01 7.866696808393838225e-01 7.944709596892020054e-01 7.791207390257742782e-01 7.634840443639925311e-01 7.742671427828570208e-01 7.824556136148473895e-01 7.649486631856821095e-01 7.762037462136105459e-01 7.773231433424345749e-01 7.766306991414589911e-01 7.747058658581515989e-01 7.539333189029484572e-01 7.640533640037736607e-01 7.848692080399691795e-01 7.775325249839917241e-01 7.700881858649556433e-01 7.498121228941208027e-01 7.654005724664181276e-01 7.485931264810380403e-01 7.594518167250360330e-01 7.677906832543537341e-01 7.748362292071290236e-01 7.550227184918035794e-01 7.892690708222457330e-01 7.769260813179275083e-01 7.874959135749576289e-01 7.881514606940959178e-01 7.809856313173930698e-01 7.871134101390971916e-01 7.843372430761279546e-01 7.924976183940053431e-01 7.846115679971976675e-01 7.871220773424278949e-01 7.862342836573659177e-01 7.894110767883064650e-01 8.065349755948231225e-01 7.936868742528002674e-01 8.030461891197957502e-01 8.021516565144714006e-01 8.018609192496579663e-01 8.048082147567497957e-01 7.870687180130961913e-01 7.976204817504350952e-01 7.971781946742566571e-01 7.853645562747858522e-01 7.934347811301081244e-01 7.849345355216768017e-01 7.900670434116313645e-01 7.949286140655618116e-01 8.001254630807762558e-01 7.898428337484025841e-01 7.955115589262745646e-01 7.906487138314481911e-01 7.789288434807977168e-01 7.845375135159060598e-01
1.031063739102254240e-01 1.582449951408480548e-01 3.632188408301501581e-01 5.160612921743047421e-01 4.085011094851297431e-01 5.637807129257529359e-01 7.284405950794549112e-01 7.011687373452190064e-01 1.000000000000000000e+00 7.515126086841925623e-01 8.044830529161749455e-01 8.351186019262126781e-01 7.734644494867054521e-01 6.389695944035171937e-01 8.399911306480007944e-01 8.405519647379070536e-01 8.171185939323015734e-01 6.370039082609161296e-01 7.163822796985258590e-01 5.570457706292232247e-01 6.635075213408454520e-01 7.344829268948872558e-01 7.691294038363052366e-01 6.789008957581103010e-01 7.240523212269734943e-01 8.521076530755479217e-01 8.419018939159393922e-01 8.209468923853329159e-01 7.780779533661392744e-01 7.938214346938631261e-01 8.506724016779860786e-01 8.644743090739467339e-01 7.934759466487261159e-01 8.431030998775241869e-01 7.983498886632977021e-01 8.276151297369929161e-01 8.562555343729070234e-01 8.610958769335106400e-01 8.737812819385628593e-01 8.523181420801956287e-01 8.706854284804855793e-01 8.701074428096817748e-01 8.462283903239000704e-01 8.719887854768715307e-01 8.715061755753130690e-01 8.748082869249990123e-01 8.805577416475361963e-01 8.879597461222192845e-01 8.839807831675261518e-01 8.567742029387044322e-01 8.718435357022262799e-01 8.312835944395706722e-01 8.667776645609303054e-01 8.904897163663129112e-01 8.818075703887821026e-01 8.813530338481863069e-01 8.815127907098510018e-01 8.765350817986021781e-01 8.813019852986507807e-01 8.876694261223404547e-01 8.758868980907786872e-01 8.869912885187982710e-01 8.764304714334812951e-01 8.867179922915746637e-01 8.891265514682523685e-01 8.890334129880193004e-01 8.867323601571420744e-01 8.760635684501442144e-01 8.815535868768853422e-01 8.600678086514180753e-01 8.695917046154908459e-01 8.795179224862059719e-01 8.645245441697283484e-01 8.686569444234576443e-01 8.853598915231699618e-01 8.818428453048031690e-01 8.801060339858186587e-01 8.692492705644750961e-01 8.754351698333966425e-01 8.767772019924243709e-01 8.821707740794477726e-01 8.849479401883729723e-01 8.862020840382773823e-01 8.736093259295999447e-01 8.776040563232955227e-01 8.798706359281329714e-01 8.838020045701545646e-01 8.804249799659027431e-01 8.863023494097126420e-01 8.858577175728444830e-01 8.804521136294699568e-01 8.816559191634281145e-01 8.814724129265788521e-01 8.822205561780344096e-01 8.814453353353106646e-01 8.865108790875224631e-01 8.631806232461957107e-01 8.707459088393806335e-01 8.758802176528432959e-01 8.777439777416568001e-01 8.745577828287790512e-01 8.759309003101211077e-01 8.782615212323162668e-01 8.751351469831536445e-01 8.727609715272691693e-01 8.812853439652590382e-01 8.840446711436449334e-01 8.847816917986784935e-01 8.845912912719096077e-01 8.811361428089037329e-01 8.757735205614292084e-01 8.836324953974322716e-01 8.814276576660291518e-01 8.864733672616440519e-01 8.889149447372806101e-01 8.826777372580312253e-01
4.309980367606121299e-02 1.867724807765431261e-01 3.189995045284947373e-01 4.533188400160325093e-01 3.685983288661290880e-01 5.171136457849010437e-01 6.658640317255696273e-01 6.291637196407987576e-01 7.515126086841925623e-01 1.000000000000000000e+00 7.474713828001299243e-01 7.618498317343529447e-01 7.024009041177041723e-01 6.081519144311304803e-01 7.802344627581684344e-01 7.680493087776952832e-01 7.332965682101386662e-01 5.646520905021752412e-01 6.227115958538037566e-01 4.982178142128854681e-01 5.664024304562271794e-01 6.343694926347953622e-01 6.763741850783893117e-01 5.917199212072162817e-01 6.359002065163698036e-01 7.792030841924585394e-01 7.663542405735815910e-01 7.693345607491814953e-01 7.217065951641765675e-01 7.380178622678483791e-01 7.876502611120048680e-01 7.833476065209166173e-01 7.371873068072621882e-01 7.644013740750934538e-01 7.434765294875592678e-01 7.352087432999991901e-01 7.802577372009283918e-01 7.975282446923199764e-01 8.070118028248177700e-01 7.809813380902009827e-01 8.019272237756684962e-01 8.052209816647200036e-01 7.776920239108425781e-01 7.963290234461269934e-01 8.008895360379504336e-01 8.043487164656007993e-01 8.141286611031576248e-01 8.162821494733117911e-01 8.113357107768043308e-01 7.597200093795695164e-01 7.948582457567187065e-01 7.370259690263771812e-01 7.904143471426224865e-01 8.175191408726281139e-01 8.022743902846878328e-01 8.073222693805783834e-01 7.900526342582950834e-01 8.064316653352978648e-01 8.062677868120414759e-01 8.102870731600860799e-01 8.004198224682591567e-01 8.121074962607311987e-01 7.967378021884929939e-01 8.135555658127735512e-01 8.082948123820988817e-01 8.048220702280799443e-01 8.161646943490414863e-01 8.009509316885468078e-01 8.107909802544700506e-01 7.841157538311211983e-01 7.892881177852922869e-01 8.074516691853512729e-01 7.906549308254871011e-01 7.880763418470303483e-01 8.150725615793842360e-01 8.137470688601272650e-01 8.176858457783209300e-01 8.115825801161239417e-01 8.125524065041482835e-01 8.145661742991886500e-01 8.170718193432902066e-01 8.191909841475103482e-01 8.138576245876624204e-01 8.152309013160089490e-01 8.058936162238877765e-01 8.070407271823242246e-01 8.059146697040220353e-01 8.178255741352612462e-01 8.194420367498729263e-01 8.143194777550977204e-01 8.146744073351063209e-01 8.146322620464283570e-01 8.150205432863627530e-01 8.166441220267268708e-01 8.159007870479014768e-01 8.165084930335801960e-01 7.863383751132493327e-01 7.837479030672457325e-01 8.063031255621733173e-01 8.064376549210352518e-01 8.061345025024317934e-01 8.038284612266906048e-01 8.086514596425774526e-01 8.074428924871682733e-01 7.939883312554802952e-01 8.046533626264903427e-01 8.128748919067884104e-01 8.185734004513306461e-01 8.161449561703144617e-01 8.117640044818464906e-01 8.094135197192643405e-01 8.143353055593129941e-01 8.111464057669053318e-01 8.152648469170566958e-01 8.148018420855309696e-01 8.097117872920320814e-01
4.038093686980026575e-02 1.501338377400358581e-01 3.768588598202847750e-01 5.524635889273101785e-01 4.216194676801010011e-01 5.763976754691793047e-01 7.294470869053791828e-01 7.057719791887594463e-01 8.044830529161749455e-01 7.474713828001299243e-01 1.000000000000000000e+00 8.680396358855972938e-01 7.854984893756511433e-01 6.557344580505787279e-01 8.538776174666971031e-01 8.431343574925291851e-01 7.904785551318426196e-01 6.538037781018376515e-01 7.294109686118204205e-01 5.410924754897491473e-01 6.672751671004484297e-01 7.425871862259338929e-01 7.625671952368182627e-01 6.815122990151452065e-01 7.375573002843358594e-01 8.661680412310188704e-01 8.627569094766485147e-01 8.459903181505004088e-01 7.967603935047963271e-01 8.167358090359105871e-01 8.750200515587753802e-01 8.688085823912883310e-01 8.005900480142589259e-01 8.399030024857792043e-01 8.100774891414703749e-01 8.051270163853575523e-01 8.551498131494141841e-01 8.754314358888728442e-01 8.775952808038905983e-01 8.670329897861469570e-01 8.934204733755659600e-01 8.922614291313569757e-01 8.585399675422534793e-01 8.906756876894804664e-01 8.881186417051007975e-01 8.887982637855219581e-01 8.937804374882046821e-01 8.985641857787471931e-01 8.885308010490061692e-01 8.512507050779085649e-01 8.812779646528365873e-01 8.354405655642999085e-01 8.756406820280649983e-01 8.927104535151427767e-01 8.802224568880280264e-01 8.884257388122041021e-01 8.613928860358358586e-01 8.936782983456641460e-01 8.905790953007790556e-01 8.898966153647106525e-01 8.806942534118000765e-01 8.905699371454692814e-01 8.787048447610746882e-01 8.833977008550646381e-01 8.837992528622496957e-01 8.817837337352393279e-01 8.976959661273095081e-01 8.941306621671014643e-01 8.937534952150391065e-01 8.673081482197276815e-01 8.868742815029908577e-01 8.970957716813303673e-01 8.818506820300693327e-01 8.844088175659642337e-01 9.038807077766153331e-01 9.042903891677070982e-01 9.022651275505485513e-01 8.951412290134737049e-01 8.995680091792032096e-01 8.958077229091603311e-01 8.946660136027366761e-01 9.031836180518965085e-01 8.917715815269932067e-01 8.883020914431649651e-01 8.897900606826304459e-01 8.894339382929964399e-01 8.880382111991652616e-01 9.015218129183534268e-01 8.998418651234902921e-01 8.961803120363024400e-01 9.019534609323751617e-01 9.011557509649162911e-01 9.002997788647740807e-01 9.032753836294956651e-01 8.976620216846835643e-01 9.002832319180574805e-01 8.791707633728153004e-01 8.651259805476229081e-01 8.886901419373538502e-01 8.939037169710870590e-01 8.925927049403985514e-01 8.908462793705097527e-01 8.916532326060638836e-01 8.959128692694146023e-01 8.820218033904109189e-01 8.832742269863664841e-01 8.949491978837851303e-01 8.999183482965403824e-01 8.996618042050540387e-01 8.960863145889712555e-01 8.963792355323921823e-01 8.953356825714090528e-01 8.929064829667074932e-01 8.937460824097973600e-01 8.950612878728925192e-01 8.909995120279721181e-01
4.081689228517796156e-03 1.325727668739121456e-01 3.656236257683726509e-01 6.316453830861040730e-01 4.807913766529299249e-01 6.047350623702674177e-01 8.020828210717533269e-01 7.680285168637037696e-01 8.351186019262126781e-01 7.618498317343529447e-01 8.680396358855972938e-01 1.000000000000000000e+00 8.253417424430486982e-01 6.725775778327277576e-01 9.126253363042290401e-01 9.032770937461648275e-01 8.036089499990238805e-01 5.999777122592460099e-01 7.021921522127387849e-01 6.315017503234090501e-01 6.904450284874733557e-01 7.446147950373741553e-01 7.746881431272240048e-01 6.564891433486342853e-01 7.138205418804001168e-01 8.833418239407998529e-01 8.760337109580029757e-01 8.346943913241231527e-01 7.700335764722279208e-01 7.886672315002418721e-01 8.724997608845886932e-01 8.835912469799015456e-01 7.719231114802448390e-01 8.418736508747006742e-01 7.882338695891962788e-01 8.304042248936700510e-01 8.671166152151728035e-01 8.887501656494046776e-01 8.922689300283237479e-01 8.979413605685536703e-01 9.242511104909917341e-01 9.226616335750644771e-01 9.015692802475225864e-01 9.319321165903999837e-01 9.247633071197548515e-01 9.104124240527091683e-01 9.357090548577254863e-01 9.321861557980056778e-01 9.299149979605532135e-01 8.955792305894597627e-01 9.244616996047110291e-01 9.043439809201867519e-01 9.267101458302101635e-01 9.264544598076247528e-01 9.180483771088917555e-01 9.208953487697070228e-01 9.099382953399887120e-01 9.355216153262509993e-01 9.314163951733365199e-01 9.332448985518457807e-01 9.307406193959608665e-01 9.322194172740378981e-01 9.309160565732131909e-01 9.250393401177177122e-01 9.131130925522615849e-01 9.225318650210969640e-01 9.335764569524304113e-01 9.094460255785359326e-01 9.229100863863627380e-01 9.170758782749143245e-01 9.185900791231044193e-01 9.202770423345612016e-01 8.957473114427375593e-01 9.097662707003684179e-01 9.333994548447499540e-01 9.347148388764325855e-01 9.287857429046029178e-01 9.099033745234051951e-01 9.170121429729072293e-01 9.088362794263500355e-01 9.106359082447047504e-01 9.253502310159695821e-01 9.263630761362428023e-01 9.012278585284581034e-01 9.200069793883327574e-01 9.142112584659957131e-01 9.228330668413130544e-01 9.328775470614554255e-01 9.284178428719498388e-01 9.309096689464536611e-01 9.313997769119553016e-01 9.413088186232385635e-01 9.362149725504393949e-01 9.384727912529458038e-01 9.417012092837158121e-01 9.408332341157421563e-01 9.316132931622032043e-01 9.181083487235671692e-01 9.385570609943925113e-01 9.378857307379152575e-01 9.385259356448296675e-01 9.414359131666542035e-01 9.400568854242109529e-01 9.447253923099935280e-01 9.362563581168236171e-01 9.309116246023877439e-01 9.393769288108210214e-01 9.379606032483530642e-01 9.375600742969871781e-01 9.427771994439240189e-01 9.406528964392654180e-01 9.410472664467881554e-01 9.410782725106432434e-01 9.370288663733123968e-01 9.312701955953779365e-01 9.390392781496553765e-01
-1.140324824141912378e-02 1.198437464597067875e-01 3.000477924824511700e-01 5.253239404477154650e-01 4.960421778617015165e-01 5.647950964913421856e-01 7.618258333115277559e-01 7.253841809118838357e-01 7.734644494867054521e-01 7.024009041177041723e-01 7.854984893756511433e-01 8.253417424430486982e-01 1.000000000000000000e+00 6.402485715347203676e-01 8.603613641378962118e-01 8.534318948505390523e-01 7.494533733817042576e-01 5.561854716463074944e-01 6.479983652281340323e-01 6.274412589341605839e-01 6.504157125473563061e-01 6.852629484175177810e-01 7.176037813533107101e-01 6.269656062489705750e-01 6.698208611360340070e-01 8.220098908289795725e-01 7.993361478836682465e-01 7.628567982838141415e-01 6.980764497467202290e-01 7.296094410230858918e-01 8.083641585505352278e-01 8.313189659586514013e-01 7.156826015544323072e-01 8.016445756089285446e-01 7.381717552519185821e-01 7.961353775231058139e-01 8.244349850490982901e-01 8.233978833486214066e-01 8.425676907747786659e-01 8.406268476184193261e-01 8.586153009477359710e-01 8.564474380703486212e-01 8.577675730315745817e-01 8.676570111094294990e-01 8.641835692691547388e-01 8.506964640386418530e-01 8.747337442835741994e-01 8.702580259365666482e-01 8.728865420954539101e-01 8.439009450327283890e-01 8.622896765914805917e-01 8.508200475093502524e-01 8.688691871716905935e-01 8.639097258937787904e-01 8.622966103372246005e-01 8.598372885137637311e-01 8.542522412441164725e-01 8.715958823576483994e-01 8.655291717084064862e-01 8.750203329871729663e-01 8.824611541969815676e-01 8.721827383930887967e-01 8.702673756038051822e-01 8.676454563979646428e-01 8.435144227920446935e-01 8.633476380857586507e-01 8.721647926538347306e-01 8.458079252814111326e-01 8.603574770070224753e-01 8.674009195883963796e-01 8.549822627955482313e-01 8.552858555351749992e-01 8.352343308373104680e-01 8.520853790280420448e-01 8.692013354839217554e-01 8.611541757867900992e-01 8.582528275012809571e-01 8.382692312157783432e-01 8.468051443506757758e-01 8.449089208697095899e-01 8.518780839495133650e-01 8.618182580882224331e-01 8.585623820613101920e-01 8.411173350854120878e-01 8.606567701174839824e-01 8.579140258405812958e-01 8.707187823478985678e-01 8.675939750926449090e-01 8.677684188918234343e-01 8.691634176533729050e-01 8.635673782880268767e-01 8.754050203222007998e-01 8.736841324827568922e-01 8.705735778085338383e-01 8.783145076625411551e-01 8.769545388847986844e-01 8.764205313571029610e-01 8.647547883652356715e-01 8.826409687252403380e-01 8.772928528513802560e-01 8.804214955115288177e-01 8.819797004141698427e-01 8.770506880027880703e-01 8.806752135364610545e-01 8.798575653123597018e-01 8.704023584313270723e-01 8.798200476632410671e-01 8.742423269058020585e-01 8.757514492086447833e-01 8.806723782445295967e-01 8.790551072560683910e-01 8.796902373967039335e-01 8.814412463131217068e-01 8.753392197876486147e-01 8.650501986436354152e-01 8.792368574858185903e-01
