1.000000000000000000e+00 6.940201285219720073e-02 5.913572533147534033e-02 2.738332539467622229e-02 3.903657792186318587e-02 -3.780694698521150018e-03 2.825739488740270158e-02 1.409746127898712890e-02 7.159929338431207657e-02 5.114604042231336162e-02 1.335621284420418151e-02 -6.123899878521602176e-03 3.606984037325299680e-02 -8.816862724901010709e-03 6.013173479436192265e-03 -1.057176580500082197e-03 3.790912752658628232e-02 4.439974373724491635e-02 4.328036397421689691e-02 -3.934493332798204290e-02 1.241625140311203822e-02 2.209482974542445119e-02 4.858028866598830542e-02 3.136707382734835181e-02 4.462513491654465647e-02 4.062743684365831276e-02 2.898503973819207755e-02 1.986357687070667774e-02 2.338660637785179228e-02 2.884151550597143301e-02 1.490568366403284377e-02 1.783568813082170301e-02 -1.338398305532701978e-03 3.216461549716209678e-02 2.521711163885178089e-02 2.366642250788171184e-02 2.648506310709985295e-02 -1.780884691246836099e-02 3.076988577629688991e-03 -2.035909287693275088e-02 8.732752745935880648e-03 -1.210881092913355418e-03 -7.441497126682872568e-03 5.896925188679388863e-03 1.155512428144052361e-02 -1.224818649116326402e-02 1.471102256631443873e-02 1.875992512202461979e-02 1.376376701922003842e-02 1.949319580765530857e-02 -5.969937090405487597e-03 2.056111179595397978e-02 7.733772526279929227e-03 1.912214231663605588e-02 1.181936559140039401e-02 1.701416832566859938e-02 3.751619860647040228e-02 2.655049520231134250e-03 1.801772435323535128e-03 2.751381545747666468e-02 7.959707232223332471e-03 3.851181513154712695e-03 5.590828692699316253e-03 1.362060182723621657e-02 3.371826047086777522e-02 3.481357218905065803e-02 1.307031589001605640e-02 9.795924532880983387e-03 1.168920635259210021e-02 -1.574987665440131948e-03 5.624280620170604705e-03 1.152254782321972433e-02 6.655103426446257533e-03 1.330559218188346639e-02 1.644536665826028254e-02 1.417112758109776924e-02 1.439052598384469445e-02 9.687820249241679144e-03 2.407586523077280029e-03 6.272448665791923242e-03 1.346586682753142354e-02 4.866861434920717600e-03 3.376790445009095892e-02 1.030788140107450658e-02 9.357714263138102936e-03 1.291899138764042096e-02 1.053405973221624783e-02 -5.527518854414565502e-03 4.323188907437564704e-03 1.715663217754945583e-02 -2.280507372042556678e-03 7.749505356716858591e-03 5.925811907643695892e-03 -4.447117392705568148e-03 1.092487883233814704e-02 9.901420537628647517e-03 1.831218957118198624e-03 4.513387211369954133e-02 2.128626370321802866e-02 2.208850919022258517e-03 -3.933909972382543599e-03 1.306886657173407171e-02 4.630717015215946898e-03 3.500174475576817504e-03 2.210414027685777411e-02 2.876133351104450189e-02 1.627575243587463250e-02 1.145067351505385349e-02 1.066092435964912169e-02 1.678630138247608899e-02 4.297060640364884498e-03 2.485213708565390395e-02 1.136018164967960743e-02 1.606255784412530252e-02 1.917562459045233508e-02 2.300112368287634754e-02
6.940201285219720073e-02 1.000000000000000000e+00 5.606504693555693780e-02 1.244820314331683692e-01 1.366074790526092264e-01 1.300358970210310494e-01 1.940864828368445705e-01 1.540125330584330710e-01 1.864315849795550040e-01 1.626692912216105569e-01 1.462606239906626138e-01 1.604404184988161008e-01 1.404317809785773641e-01 9.537726938087996709e-02 1.770352331112698407e-01 1.602498490219535221e-01 1.701997378518567694e-01 1.618825228648993753e-01 1.478909244076511142e-01 8.687571813129454923e-02 1.424574751475530254e-01 1.527840959894704309e-01 1.800479676155852804e-01 1.667668233093917152e-01 1.637080418484285482e-01 1.672807139269801846e-01 1.545307045703220583e-01 1.550021465203367255e-01 1.581125178011167642e-01 1.700763103178318525e-01 1.598328886431525653e-01 1.846615175484328797e-01 1.824669824844250277e-01 1.786961381336790999e-01 1.760144067910439647e-01 1.723302209643711447e-01 1.696383662645420676e-01 1.670608708618362137e-01 1.669994999115504419e-01 1.615994101521405490e-01 1.681678991371722554e-01 1.631996159958834791e-01 1.638493094626681246e-01 1.702491766285648966e-01 1.733767180865220525e-01 1.565929208439463816e-01 1.822213125158062552e-01 1.720023548453175899e-01 1.650320874897908408e-01 1.569710960383800535e-01 1.629387639445432912e-01 1.621610098136993250e-01 1.592346661203752622e-01 1.684632490735779031e-01 1.603889879579565303e-01 1.699969853661024710e-01 1.633733103587648727e-01 1.603308143583232204e-01 1.675250390873073425e-01 1.901321803676227773e-01 1.709347783461545311e-01 1.616615167284829735e-01 1.579997335205643449e-01 1.572453771917755594e-01 1.762141696298909488e-01 1.661403184046253978e-01 1.703479786876163360e-01 1.658226531950358906e-01 1.662104361392712781e-01 1.570940437930709588e-01 1.601442551749183707e-01 1.631488072078393081e-01 1.699150717977408465e-01 1.656091039890011385e-01 1.660496201048191622e-01 1.641300144878885259e-01 1.663247260755907897e-01 1.622097424744552152e-01 1.603471904475710086e-01 1.597840607326195539e-01 1.655043153020902269e-01 1.622602786302040079e-01 1.754325118820726781e-01 1.671280788692190433e-01 1.676441627036706350e-01 1.687391558053930873e-01 1.691209212818664542e-01 1.664705169304838694e-01 1.651188817372117035e-01 1.756463278619724844e-01 1.698846016309982221e-01 1.744070035356312387e-01 1.663645502014212962e-01 1.652472333649027680e-01 1.829721901146468266e-01 1.726288643459471250e-01 1.609581013705179975e-01 1.566836632888703174e-01 1.852640921015616671e-01 1.696539487960539438e-01 1.678213510785281359e-01 1.623742092092749778e-01 1.613381792059640496e-01 1.650854953355696542e-01 1.682040373425409685e-01 1.625122482010125657e-01 1.634236658421661381e-01 1.709255836015099450e-01 1.680751249897607102e-01 1.832412129408748647e-01 1.698966880161840998e-01 1.849006880821853493e-01 1.674885143467800264e-01 1.620443511970268979e-01 1.690538048358052048e-01 1.680457123612046910e-01
5.913572533147534033e-02 5.606504693555693780e-02 1.000000000000000000e+00 3.608048650343018693e-01 2.093089111727887697e-01 2.381847847973367349e-01 3.710671744190179866e-01 3.572345087149659815e-01 3.853644724558610846e-01 3.407724523182260601e-01 4.046124595987575789e-01 3.969676896914349773e-01 3.706096010615241299e-01 2.842974268153563022e-01 3.940903134822315579e-01 4.039700261017171168e-01 3.957704033400818999e-01 4.125581534168123454e-01 4.071134191172940953e-01 3.167157693620994974e-01 4.111079584637994944e-01 4.225471908515698871e-01 3.966584889919853030e-01 4.067256756716284283e-01 4.310528915174036135e-01 4.119008946792082071e-01 3.962648527720508129e-01 4.048171630995665016e-01 4.026343443233729724e-01 4.044838713468985048e-01 4.121760097634160069e-01 4.109853049644089928e-01 4.134188844889544190e-01 4.113020576886033397e-01 4.160592279358895085e-01 4.180014032315784167e-01 4.311127257499126064e-01 3.977991059284657349e-01 4.173789527650244024e-01 4.040365437357087974e-01 4.089958386922895039e-01 4.109269667223489630e-01 4.088621451396863837e-01 4.064387074055487159e-01 4.143710164382212180e-01 4.006118040820093040e-01 4.084927912523400040e-01 4.087576672148480195e-01 4.055129926741616875e-01 4.034748192893410912e-01 4.025111435877206101e-01 4.287779377574828521e-01 4.100217980154665653e-01 4.031956533795834630e-01 4.019093265634540169e-01 4.085946296167925484e-01 3.961544317511103697e-01 4.112812149114445370e-01 3.977112207292863855e-01 4.082070351015841259e-01 4.144617214438928721e-01 3.989962413105050398e-01 3.995678942529619637e-01 4.047824609942237695e-01 4.088116350363573681e-01 4.100166585553955967e-01 4.124287698663597901e-01 4.159649086921903272e-01 4.177988401466364299e-01 4.161281790780582135e-01 4.219476216146468284e-01 4.189403279910716149e-01 4.184326889306706487e-01 4.238476482001608536e-01 4.148695880084221632e-01 4.114968938641420659e-01 4.127506383157861225e-01 4.095885868552413545e-01 4.125391725781747954e-01 4.053571687088811104e-01 4.056311880518669311e-01 4.061913129956929991e-01 4.114102222884648552e-01 4.127275637268044139e-01 4.154317539121573089e-01 4.176000113879639319e-01 4.151739174059258519e-01 4.150857310237515141e-01 4.118433797228141513e-01 4.138470677303019984e-01 4.127251852900362117e-01 4.146820850536390157e-01 4.148923220065052209e-01 4.107388486605851319e-01 4.096058984812813719e-01 4.075278004010269295e-01 4.120912631854402042e-01 4.081612878925969801e-01 4.161886605396397654e-01 4.117971597638047654e-01 4.180515286118087759e-01 4.126435683429440782e-01 4.108194060353512200e-01 4.110185092083506464e-01 4.191155046287634023e-01 4.096681670900376160e-01 4.057360120508579082e-01 4.092556231684582602e-01 4.142833838187439111e-01 4.109863962076155675e-01 4.112601576425315431e-01 4.102706109333589812e-01 4.105809560396604385e-01 4.089821971604786777e-01 4.118699276621659022e-01 4.124747401070026354e-01
2.738332539467622229e-02 1.244820314331683692e-01 3.608048650343018693e-01 1.000000000000000000e+00 3.143439288290793554e-01 3.934818836483789939e-01 5.846027031643745708e-01 5.869707922520870369e-01 5.992123332837088201e-01 5.307280287860332013e-01 6.100056672518172629e-01 6.519987674929356158e-01 5.726317818539120585e-01 4.556602738373993766e-01 6.550953225836588789e-01 6.449947527923829416e-01 6.051994185115594505e-01 6.152018410700473838e-01 6.220760512501869455e-01 5.154267462058419458e-01 6.157845140321942523e-01 6.333774526608311195e-01 6.195487718680379174e-01 6.065226109384023179e-01 6.449204727925640368e-01 6.394981734711129295e-01 6.337026741093672033e-01 6.417040966988699635e-01 6.149319531251277171e-01 6.398435364320467222e-01 6.461429190207943485e-01 6.607792260889588931e-01 6.340023765017637203e-01 6.514627141129074595e-01 6.331987344325836764e-01 6.685119950456688276e-01 6.473703143074033273e-01 6.544119374087036256e-01 6.583619024955973398e-01 6.555131300614411849e-01 6.464362624958545078e-01 6.513292746744763217e-01 6.687149373218373993e-01 6.576579369044965873e-01 6.582012571926953992e-01 6.418274566843710227e-01 6.497144359593991503e-01 6.513180259936102168e-01 6.512443999501722480e-01 6.578110453390229040e-01 6.587078190343089723e-01 6.834579015753546871e-01 6.533256272376475327e-01 6.434820183718037434e-01 6.558793732753096517e-01 6.613463438306314002e-01 6.520817605205081469e-01 6.584599146884841936e-01 6.507775600038807617e-01 6.494045536097128313e-01 6.608971359814709290e-01 6.490519956385337741e-01 6.545418662791181452e-01 6.537189306435388092e-01 6.543979161307363901e-01 6.637694537673050066e-01 6.496201560584650148e-01 6.586224465084846713e-01 6.582236915742502026e-01 6.626030806830163211e-01 6.596691804679012394e-01 6.529366124110882463e-01 6.525848114235021091e-01 6.572298359454493699e-01 6.569219832287103156e-01 6.530133527045607345e-01 6.520494236402255561e-01 6.410990719715815578e-01 6.481761869323348080e-01 6.431767053326737926e-01 6.440809062227911275e-01 6.456600705807140628e-01 6.572253379624322100e-01 6.523091211198633887e-01 6.608330977712375542e-01 6.618745031773985987e-01 6.581895383187618132e-01 6.583446053460901837e-01 6.504284020033355151e-01 6.620254301485192228e-01 6.577224774187884204e-01 6.541636505614703001e-01 6.536745792368524599e-01 6.533113925243332343e-01 6.464255225803136051e-01 6.462229119295278545e-01 6.661697533366545132e-01 6.548617366041603605e-01 6.573134198475125700e-01 6.566816888280683218e-01 6.665956176689773471e-01 6.586460321302984866e-01 6.518034024519622216e-01 6.570110256519032799e-01 6.651962668290711811e-01 6.591341042555974861e-01 6.508824927168673780e-01 6.494479289439467617e-01 6.579129294184716814e-01 6.486383487283362559e-01 6.576316723708016676e-01 6.488275969737422599e-01 6.558481296776500491e-01 6.556641184786097254e-01 6.523513901472944854e-01 6.573550811959250062e-01
3.903657792186318587e-02 1.366074790526092264e-01 2.093089111727887697e-01 3.143439288290793554e-01 1.000000000000000000e+00 3.662789713922415258e-01 4.714638071005565201e-01 4.288975781701045986e-01 4.357455107503452330e-01 4.024483132162421373e-01 4.396747691908501343e-01 4.525319591546785869e-01 4.617893954462236605e-01 3.559574925098045184e-01 4.669914744933270079e-01 4.549682296580021545e-01 4.463533148410472329e-01 4.003072687390936690e-01 4.255971724408152967e-01 3.163844323018905613e-01 3.851608380936277776e-01 4.281383465307679326e-01 4.220938609346684967e-01 3.912300212107666098e-01 4.348737729954391118e-01 4.213042015777603289e-01 4.274356079598849445e-01 4.410003270084756899e-01 4.228912798570122478e-01 4.520166565095643518e-01 4.542550818001641066e-01 4.562329662646369410e-01 4.351279189147794213e-01 4.438390879913681752e-01 4.513548085875526694e-01 4.567662014950434890e-01 4.546218678749334163e-01 4.608676006688482429e-01 4.556233194468434222e-01 4.507868218204668098e-01 4.628772356908023577e-01 4.714775271116704025e-01 4.763608819316420551e-01 4.747802230630993048e-01 4.647594075440709682e-01 4.540952341533128767e-01 4.952199064332488687e-01 4.745945529544971508e-01 4.711644033151534128e-01 4.546396842058361698e-01 4.757392177231646868e-01 4.635379936169441439e-01 4.710739113169526981e-01 4.672832415085389490e-01 4.579904605361668768e-01 4.556098037089378883e-01 4.451797369997096965e-01 4.740799615305850701e-01 4.681228798228035948e-01 5.068827466933333303e-01 4.843581056043719246e-01 4.653404931606384687e-01 4.628407416923083773e-01 4.586707742518874031e-01 4.756050277502137380e-01 4.633206142347257583e-01 4.794841030209775479e-01 4.682700652375524908e-01 4.660792124519672064e-01 4.640885281473657309e-01 4.697105433472021918e-01 4.685646070675381636e-01 4.618986753121901434e-01 4.672884868592906971e-01 4.680709598935242632e-01 4.666892236235334335e-01 4.681572387415407488e-01 4.561272819061961692e-01 4.604636807878864091e-01 4.642538902917169308e-01 4.671982780754835307e-01 4.666647950601385264e-01 4.711314660334889326e-01 4.673069002279381934e-01 4.652525229885932645e-01 4.681843567649823235e-01 4.720402671704271858e-01 4.659350935034511920e-01 4.696178091682908784e-01 4.724189864678211004e-01 4.713399452878314078e-01 4.872609996111143538e-01 4.736514905221995142e-01 4.728739990819064154e-01 4.972376220150312442e-01 4.805832604769227911e-01 4.659025353126070024e-01 4.565196930820057397e-01 4.995982099926796205e-01 4.778966658497419973e-01 4.823343191205404779e-01 4.631939906626008630e-01 4.698643980052635283e-01 4.788341883917733854e-01 4.730691716663117385e-01 4.597944924909517228e-01 4.699726229751213236e-01 4.764461282511411322e-01 4.687350271651386513e-01 4.989347730596255803e-01 4.721983974984777510e-01 5.026511056572469105e-01 4.690229896596909143e-01 4.696394883465911385e-01 4.770111061336977376e-01 4.724501030281360592e-01
-3.780694698521150018e-03 1.300358970210310494e-01 2.381847847973367349e-01 3.934818836483789939e-01 3.662789713922415258e-01 1.000000000000000000e+00 5.578493445587475730e-01 4.864781645107803532e-01 5.027537764054006431e-01 4.698150768205704986e-01 5.349333177068249512e-01 5.623628322643918764e-01 5.282552549639624173e-01 4.004009794548306633e-01 5.742551024493829370e-01 5.622655069870723388e-01 5.173793015369851922e-01 5.090935287058262482e-01 5.316008443007965711e-01 4.188374643003994202e-01 4.858672898600139844e-01 5.380729126851911959e-01 5.074768515576685290e-01 5.023330163662497183e-01 5.375940350780333832e-01 5.384242871150705101e-01 5.333601125766340711e-01 5.528522306619603199e-01 5.375912511559347573e-01 5.587435698802575290e-01 5.606077453901886498e-01 5.648303803043088767e-01 5.563686008293226015e-01 5.519711027573380724e-01 5.481193975388659601e-01 5.669459558200814486e-01 5.624961979929301581e-01 5.749760970407322702e-01 5.698185088273984844e-01 5.758529245652096451e-01 5.811826482015516326e-01 5.794921317834317298e-01 5.813930785885188524e-01 5.852669044700802292e-01 5.742431344283338568e-01 5.757076488564824013e-01 5.921287140061585186e-01 5.788226289865326946e-01 5.730946344591637542e-01 5.555115733027866654e-01 5.786762701671595011e-01 5.711956190828291202e-01 5.753814101774084033e-01 5.724737552499250537e-01 5.694035418402968451e-01 5.717684861731079371e-01 5.500515339180455099e-01 5.811568451788234890e-01 5.750536252072460108e-01 5.961367829846250244e-01 5.837179701605018645e-01 5.733160940860753119e-01 5.722828431144780792e-01 5.656060450667570461e-01 5.738059739750421828e-01 5.672768848966781574e-01 5.853486678276678123e-01 5.761306534396477552e-01 5.724894665718383013e-01 5.754677841432074281e-01 5.799828017616133202e-01 5.772763378965627412e-01 5.716863892951259407e-01 5.741614873021594345e-01 5.771409866661295629e-01 5.760672125730976756e-01 5.755367816023296834e-01 5.653484448628276482e-01 5.743278141478932453e-01 5.685447570121276994e-01 5.748897777469201831e-01 5.732760210564379344e-01 5.711373435083423322e-01 5.758897154758139125e-01 5.722012224638953759e-01 5.757953268782864953e-01 5.776362412793674128e-01 5.801391508859264912e-01 5.800484345800314134e-01 5.816708473099043708e-01 5.819968753389109795e-01 5.930799671502517967e-01 5.807317553154019985e-01 5.836988313047493104e-01 5.944848047306150463e-01 5.851368434111214878e-01 5.743529446943821393e-01 5.536026742378397092e-01 5.937491283782759810e-01 5.839425471424316560e-01 5.903054153599289755e-01 5.736304531091873660e-01 5.753673283873262934e-01 5.837348402272631853e-01 5.805273423510109998e-01 5.653269165651649830e-01 5.739565700150619509e-01 5.815493022758135844e-01 5.791454423840129984e-01 5.950328038117692619e-01 5.840782186935499221e-01 5.944152070365813501e-01 5.775146666515382776e-01 5.746156381259808210e-01 5.793562210011030666e-01 5.744380187697082363e-01
2.825739488740270158e-02 1.940864828368445705e-01 3.710671744190179866e-01 5.846027031643745708e-01 4.714638071005565201e-01 5.578493445587475730e-01 1.000000000000000000e+00 7.158764163141965176e-01 7.195046883279992977e-01 6.981470589486351574e-01 7.567417834964850210e-01 7.897518201109348102e-01 7.363601521542129102e-01 5.651586966757554675e-01 8.319983901827572303e-01 7.917259437100609976e-01 7.266078220476366312e-01 7.434084402168903427e-01 7.532314219344808937e-01 6.305959386067829797e-01 7.225218651125946412e-01 7.694564928526705927e-01 7.530301814371163083e-01 7.394875311681665675e-01 7.728192536686194769e-01 7.614551920730604495e-01 7.657533992426623914e-01 7.930444140469156133e-01 7.694451204028862623e-01 7.929952858495689094e-01 7.982225538700963297e-01 8.113701518091150922e-01 7.886532295051963404e-01 8.027681835727591420e-01 7.914389989374489565e-01 8.050305895649483290e-01 8.013527761559532392e-01 8.166105414023195896e-01 8.166703335033732580e-01 8.040270526095067982e-01 7.989818312711289838e-01 8.156917471993132551e-01 8.322345426021063863e-01 8.232512410760174371e-01 8.085805363208163898e-01 8.106586814141404362e-01 8.235815138366259225e-01 8.100975840937622019e-01 8.032871051598585721e-01 7.916799770156358607e-01 8.177088089878544741e-01 8.097320432212090635e-01 7.961655449331490608e-01 7.967213375197860215e-01 8.003445628323686556e-01 8.045776958616017716e-01 7.714137795047039114e-01 8.151839826263886923e-01 8.021292971685911599e-01 8.265800423442190015e-01 8.173533467715496936e-01 7.952060146093408166e-01 8.006355222411096761e-01 7.902398612782758347e-01 8.020868606747406648e-01 7.951352055029636823e-01 8.086850378995200650e-01 8.119081698728816132e-01 8.095419601395932307e-01 8.131939166190831347e-01 8.136885885601958801e-01 8.071615612676994456e-01 8.134720594916649006e-01 8.088751305623481658e-01 8.066109321076847527e-01 8.061461781583033614e-01 8.092934353815255388e-01 7.959660177978792328e-01 8.076010743395496405e-01 7.980759212925639945e-01 8.034249095072719671e-01 8.035166740066030933e-01 8.029334547827885471e-01 8.108054937150280805e-01 8.130992046991607491e-01 8.164895680447354920e-01 8.127459621528458911e-01 8.155814780866683655e-01 8.080593272511846781e-01 8.140854860097193058e-01 8.155927739502276674e-01 8.236607006554518273e-01 8.112130426994653698e-01 8.151159004645527340e-01 8.206748570663089382e-01 8.096431594818069843e-01 8.036261332677835378e-01 7.762160964726000367e-01 8.252395555490767975e-01 8.159548582405320438e-01 8.275389825328224314e-01 7.993460385313612138e-01 8.058166659354452088e-01 8.137130415064697253e-01 8.110812310101566114e-01 7.865359875872038886e-01 7.995748616707768486e-01 8.102579667127894902e-01 8.074100780785506970e-01 8.221702766385357020e-01 8.120517374001218203e-01 8.226703553392100687e-01 8.029519516211471863e-01 8.007228499836961388e-01 8.061459721201092998e-01 8.028707428434982418e-01
1.409746127898712890e-02 1.540125330584330710e-01 3.572345087149659815e-01 5.869707922520870369e-01 4.288975781701045986e-01 4.864781645107803532e-01 7.158764163141965176e-01 1.000000000000000000e+00 7.162579285883677871e-01 6.393537729938241210e-01 7.341552215782467528e-01 7.711794266420607391e-01 7.076226774549218002e-01 5.519931452862434362e-01 7.861679486616671708e-01 7.816071772221261371e-01 7.147051325625924934e-01 7.141525126899043174e-01 7.286318669199939313e-01 6.121686040355629466e-01 6.998094048892865571e-01 7.404602485544863333e-01 7.223330271121976009e-01 6.968552776085710221e-01 7.374349889950974068e-01 7.608962248765224201e-01 7.593824227975402019e-01 7.660039428674056960e-01 7.501995789438965501e-01 7.701701154638376234e-01 7.782482691151064724e-01 7.857583332221184103e-01 7.653044516995828328e-01 7.670114967172506626e-01 7.650491740010830766e-01 7.830378259725191414e-01 7.709964420517492201e-01 7.923061391166387191e-01 7.886165491550197748e-01 7.826104077672124681e-01 7.801496981684115095e-01 7.910374055733695453e-01 8.049712536414201924e-01 8.005818494057161949e-01 7.866763612076710377e-01 7.856879066528009714e-01 7.925327461701858756e-01 7.894980839284733154e-01 7.876697178612142025e-01 7.868515331409543512e-01 8.009344320769645753e-01 7.942615395831172931e-01 7.825595600533622465e-01 7.751187130885782706e-01 7.854795557952923835e-01 7.872393736966676325e-01 7.669231842614637751e-01 7.971717732808366597e-01 7.892280344759841082e-01 7.928118311523810746e-01 7.970041043532826164e-01 7.831376985385536393e-01 7.846355042331132346e-01 7.847697432847912102e-01 7.864432710352015077e-01 7.833084753861505600e-01 7.880146383659895060e-01 7.901623909661720235e-01 7.889104006189584517e-01 7.952869986115446155e-01 7.889924908818810589e-01 7.860497072061427559e-01 7.837980719711487021e-01 7.847954989963573658e-01 7.894080071014747402e-01 7.895482814822157858e-01 7.898583214120400431e-01 7.785552877992603094e-01 7.864204471395688234e-01 7.835640274551166629e-01 7.833776463968207260e-01 7.875015576424032604e-01 7.858595781103661082e-01 7.908752605636576449e-01 7.948294232414978566e-01 7.934823933906802740e-01 7.919375140623168274e-01 7.957202173350292895e-01 7.887890722456946113e-01 7.944228195777081059e-01 7.944446472725502639e-01 7.975690404232416153e-01 7.910764052198022700e-01 7.932952776582137266e-01 7.887402567333786640e-01 7.875617855774535991e-01 7.986903335774374613e-01 7.727020409291041059e-01 7.957280074108848966e-01 7.969489674629733900e-01 8.035256641860040183e-01 7.897923578614988172e-01 7.902926480213058325e-01 7.969118743341284672e-01 7.959714296350267615e-01 7.811091997758539129e-01 7.847178351648070871e-01 7.903003534564034815e-01 7.912844013534019449e-01 7.918658284310511331e-01 7.928953038299930700e-01 7.909573993259111369e-01 7.908223731669541401e-01 7.892620656660200851e-01 7.894904383917147328e-01 7.886445736281131325e-01
7.159929338431207657e-02 1.864315849795550040e-01 3.853644724558610846e-01 5.992123332837088201e-01 4.357455107503452330e-01 5.027537764054006431e-01 7.195046883279992977e-01 7.162579285883677871e-01 1.000000000000000000e+00 7.463386261194211446e-01 8.166419740908622549e-01 8.518404855610955950e-01 7.718839673091119069e-01 6.295694696866453999e-01 8.564691318611440396e-01 8.424234104523650180e-01 8.220071181917408820e-01 7.898002414014795303e-01 8.104302546324854140e-01 5.848566306647842161e-01 7.440129520660518914e-01 8.150642824112366291e-01 8.077464540096670476e-01 7.379852748732134149e-01 8.162234489307199636e-01 8.687425303423490508e-01 8.583316801662463913e-01 8.546487172034180624e-01 8.529386828116629626e-01 8.769600062650386718e-01 8.830838445452295904e-01 8.623377371540839054e-01 8.267853280507856395e-01 8.327076556892527570e-01 8.603750710169100202e-01 8.480812384006861659e-01 8.621225798652938366e-01 8.544832224968103018e-01 8.704571938985091739e-01 8.346701662505788821e-01 8.809443140176782538e-01 8.690556119499498466e-01 8.486403242924247525e-01 8.786931180797962204e-01 8.771244179823808329e-01 8.674694934892963616e-01 8.897128479397341527e-01 8.957364128170414164e-01 8.927751194817394875e-01 8.724041405460124521e-01 8.807349447690263622e-01 8.690158394137432740e-01 8.764775973116878394e-01 8.951634190863702045e-01 8.905671106105849111e-01 8.886311618187346939e-01 8.924566091154417791e-01 8.878971253238345795e-01 8.886270624503902482e-01 8.923750983958740335e-01 8.927223581226446658e-01 8.912059007699397739e-01 8.882767339969315223e-01 8.921252925287100899e-01 8.972186140542158794e-01 8.988160606614811199e-01 8.936684714256630802e-01 8.887165462709157859e-01 8.884271849564043810e-01 8.778494369787428475e-01 8.839198677815791605e-01 8.907716092659606621e-01 8.705258183670570027e-01 8.802081949721842768e-01 8.923514487335969525e-01 8.938007403342347335e-01 8.884745560570013190e-01 8.885102019342944191e-01 8.867386270320040120e-01 8.934203073414065388e-01 8.909670922909599389e-01 8.935283587837533625e-01 8.967860968049655712e-01 8.902983750989802436e-01 8.818729400903595472e-01 8.827768197800952565e-01 8.888226814606104975e-01 8.867095017765311837e-01 8.887619015203888084e-01 8.909559193648833864e-01 8.823724258679149779e-01 8.905895079265234715e-01 8.900675490149727587e-01 8.877340144231528063e-01 8.906585308146196533e-01 8.945596968263890281e-01 8.868374433092448550e-01 8.902014162089039173e-01 8.908984071401845339e-01 8.905267975990062146e-01 8.857724149061054764e-01 8.949967732294247247e-01 8.908329127987563156e-01 8.920040370165147614e-01 8.953467509097688959e-01 8.968126205167489262e-01 8.970791304245830933e-01 8.954850275658350345e-01 8.950222389813176083e-01 8.929828563148712872e-01 8.922551660605297918e-01 8.952614894011144964e-01 8.965884789273391720e-01 8.975201189946814262e-01 8.972448049463167541e-01 8.995532897743994116e-01
5.114604042231336162e-02 1.626692912216105569e-01 3.407724523182260601e-01 5.307280287860332013e-01 4.024483132162421373e-01 4.698150768205704986e-01 6.981470589486351574e-01 6.393537729938241210e-01 7.463386261194211446e-01 1.000000000000000000e+00 7.536171623200119685e-01 7.844622198414470393e-01 7.052945702558084395e-01 5.513780220260021681e-01 7.891645332158477855e-01 7.613685459501218222e-01 7.479558435999186239e-01 7.120923202993033607e-01 7.476638505785537792e-01 5.406421439383575223e-01 6.678666290990438181e-01 7.405370914459913356e-01 7.313650614545667006e-01 6.877900616583525473e-01 7.530997152770330105e-01 7.850217198080706726e-01 7.708479140789746831e-01 7.871666344205976440e-01 7.774181683764516126e-01 8.024425465806693802e-01 8.066425990935521817e-01 7.964009279187336254e-01 7.643097625868459088e-01 7.761111993395606312e-01 7.868713106561499027e-01 7.799408283718566315e-01 7.883216635876989509e-01 7.966321115340361247e-01 8.015942083253456696e-01 7.771019529289845407e-01 8.043908141855664606e-01 8.017536357808496827e-01 7.881108749665746149e-01 8.109456914357983104e-01 8.085706001376455898e-01 8.008768093460804094e-01 8.199978875935381994e-01 8.232306025021415286e-01 8.204281613106206850e-01 7.957335911122631611e-01 8.107953363603566110e-01 7.883234876071749664e-01 8.030670209801310522e-01 8.184922486824353083e-01 8.130451674969133569e-01 8.174016764630041010e-01 8.050770580083830286e-01 8.131671045372170781e-01 8.178699353063938471e-01 8.199698960444621321e-01 8.177180817894238452e-01 8.143013650815241755e-01 8.129675428092849598e-01 8.095398716714161669e-01 8.156017431983632049e-01 8.152603884700172499e-01 8.195116299710866192e-01 8.126836111581924316e-01 8.114646351425842674e-01 8.038482423328606741e-01 8.097416437024670399e-01 8.149319935520019653e-01 8.022452850313478434e-01 8.061595718627945217e-01 8.159167480713425125e-01 8.144779540415307828e-01 8.150164028988258202e-01 8.105801804984141823e-01 8.109733254120465862e-01 8.121157716943736560e-01 8.154780038977356149e-01 8.157549496001328393e-01 8.188732783210754818e-01 8.158835266871431458e-01 8.111638162065822888e-01 8.123598615569058712e-01 8.141385217930587892e-01 8.153279831826747426e-01 8.164271245608789584e-01 8.198896329131702965e-01 8.125849288679823923e-01 8.201037497095482465e-01 8.162434449110685941e-01 8.167993887330498026e-01 8.217090946431832021e-01 8.219142441196529703e-01 8.076730242965924900e-01 8.000560607668475432e-01 8.177538143021109152e-01 8.172491187680469560e-01 8.123045899332396180e-01 8.132529472953200500e-01 8.126825448198967683e-01 8.164669077051464052e-01 8.152460718591518773e-01 8.108746391510848195e-01 8.190547349057843984e-01 8.206226876757164446e-01 8.182516310662109049e-01 8.229341523181803453e-01 8.180475707285050913e-01 8.227164347107674969e-01 8.182607230129811393e-01 8.149611196645050182e-01 8.189664437522814477e-01 8.175306422317221156e-01
1.335621284420418151e-02 1.462606239906626138e-01 4.046124595987575789e-01 6.100056672518172629e-01 4.396747691908501343e-01 5.349333177068249512e-01 7.567417834964850210e-01 7.341552215782467528e-01 8.166419740908622549e-01 7.536171623200119685e-01 1.000000000000000000e+00 8.749821283237853020e-01 7.830277354612400487e-01 6.386163265314659387e-01 8.797326255502760928e-01 8.597072966536769556e-01 8.208529346989777986e-01 8.111220058550978607e-01 8.422186018512095584e-01 6.240552493669875300e-01 7.818188996922470491e-01 8.446391768361638519e-01 8.227777082318176172e-01 7.869556217476759707e-01 8.501150881631874823e-01 8.744912122374585151e-01 8.692890278611701271e-01 8.763079179742228053e-01 8.642639765187976053e-01 8.925148540880373238e-01 9.033605714043814183e-01 8.869275992050121848e-01 8.617651635615199979e-01 8.683643855409967083e-01 8.765921244363189535e-01 8.721446352659649737e-01 8.887797507123885721e-01 8.858414765874164098e-01 8.932367163243497554e-01 8.760242150281678519e-01 8.985288194842347975e-01 8.930234676300892183e-01 8.798127319842070637e-01 8.984929697847984231e-01 9.019496484436205774e-01 8.910969431858906109e-01 9.039996908841133605e-01 9.050394453866489330e-01 9.024705530386497587e-01 8.866420718297222114e-01 9.006411197583744643e-01 8.845506289427879087e-01 8.933344845081258034e-01 9.007100417429878547e-01 8.969761295681489832e-01 9.026735151325506745e-01 8.843695862151456089e-01 9.038857838113654175e-01 9.013957926511285690e-01 9.001408386070282042e-01 9.047211784084665531e-01 9.002572254732597035e-01 8.969161621619177183e-01 8.980167852347832325e-01 9.000117821622528602e-01 9.014028982982196236e-01 9.078780973502206253e-01 9.101091622935706393e-01 9.066382473733093361e-01 9.024288425400764924e-01 9.093042342583794735e-01 9.100551987583573865e-01 9.002337166634930554e-01 9.050703470690767416e-01 9.083180245076398762e-01 9.069954953505021678e-01 9.083489685650597556e-01 9.024740421389728651e-01 9.056358066805952900e-01 9.057094294524864475e-01 9.062638327098183622e-01 9.088016566118152229e-01 9.050754532005850228e-01 9.103739663387786507e-01 9.054916835974105016e-01 9.078822290123697014e-01 9.110033828615167195e-01 9.114492913313426703e-01 9.101391682505025615e-01 9.092966395952687408e-01 9.093000421712245096e-01 9.122771034679995061e-01 9.133360596886203053e-01 9.104605191911998574e-01 9.073194610215938871e-01 9.093201120934715220e-01 9.040418094506499358e-01 8.860286698544367345e-01 9.052171774200770127e-01 9.109713343321730328e-01 9.097610734836643065e-01 9.071241660895412728e-01 9.064093207329535495e-01 9.096288375819728822e-01 9.071217339663281143e-01 8.981489868854980463e-01 9.063603353498075332e-01 9.090047515322311478e-01 9.097231693328687863e-01 9.068580912938972727e-01 9.101058499994632012e-01 9.052965918823009384e-01 9.086945074894126062e-01 9.058639049306645985e-01 9.072417041531413151e-01 9.062587178708264579e-01
-6.123899878521602176e-03 1.604404184988161008e-01 3.969676896914349773e-01 6.519987674929356158e-01 4.525319591546785869e-01 5.623628322643918764e-01 7.897518201109348102e-01 7.711794266420607391e-01 8.518404855610955950e-01 7.844622198414470393e-01 8.749821283237853020e-01 1.000000000000000000e+00 8.215037505419187092e-01 6.657088754481106374e-01 9.199146296500129161e-01 9.059217743931156086e-01 8.565101210740230231e-01 8.362146060574573436e-01 8.722689443318593083e-01 6.597808519727047516e-01 8.059527294127392105e-01 8.787670287344777620e-01 8.511450379669003308e-01 8.106927819641465138e-01 8.764891367917586606e-01 9.119622810402532309e-01 9.038452657520156253e-01 9.103178191058959312e-01 8.995327472770132671e-01 9.292990481971322714e-01 9.405878709477888400e-01 9.250335934128705029e-01 8.861140225948279658e-01 9.019754672382673810e-01 9.108661254304826205e-01 9.134461749492163163e-01 9.181956748584580996e-01 9.267606238957574183e-01 9.339746227583414218e-01 9.092690738893034474e-01 9.375290967470024661e-01 9.349140995341704841e-01 9.254348791814219766e-01 9.454263954056716379e-01 9.394024343995781567e-01 9.354955065053646157e-01 9.420086701326213507e-01 9.476694411616571889e-01 9.433961662523283609e-01 9.274372366014419500e-01 9.438488718568481817e-01 9.292196423190112187e-01 9.325685500313504184e-01 9.429794477097728223e-01 9.433965398221048071e-01 9.428924341849364010e-01 9.286690717817273066e-01 9.468124396867899639e-01 9.437174065397631040e-01 9.430009644908925459e-01 9.478380420048232446e-01 9.456492855842650869e-01 9.431049783172328338e-01 9.412629973188908483e-01 9.420219200177950558e-01 9.432792808608123636e-01 9.475471009665120681e-01 9.468807764538712535e-01 9.457563433703972677e-01 9.423004120076353685e-01 9.480624922229280438e-01 9.480770162557223824e-01 9.367829485673420109e-01 9.402399406146174643e-01 9.481498376230164116e-01 9.457193645674276672e-01 9.441882663430786193e-01 9.389795687864823659e-01 9.447449486488598280e-01 9.458768223463513980e-01 9.449080938316365419e-01 9.468494687784159147e-01 9.463714178626708717e-01 9.454170674089352744e-01 9.454717778005248263e-01 9.460689738943354188e-01 9.473492190293155701e-01 9.482914473342120010e-01 9.476458086370789236e-01 9.491374090178724687e-01 9.458213421592684966e-01 9.501133295165631321e-01 9.492711903532220497e-01 9.488839917661443524e-01 9.462242533858209459e-01 9.487067026775481970e-01 9.444761005261527176e-01 9.284440196572218973e-01 9.428064118826505746e-01 9.493381915399540238e-01 9.493824334806685306e-01 9.457295596899704115e-01 9.475898716834202373e-01 9.509646676229065454e-01 9.507311560326221489e-01 9.395572165320478231e-01 9.467460030484314837e-01 9.499417081106603655e-01 9.497092765057529862e-01 9.461091026927184178e-01 9.498187561425898151e-01 9.451920455767238716e-01 9.486003036003319844e-01 9.471525076448971125e-01 9.471662503254604237e-01 9.475088010557286555e-01
3.606984037325299680e-02 1.404317809785773641e-01 3.706096010615241299e-01 5.726317818539120585e-01 4.617893954462236605e-01 5.282552549639624173e-01 7.363601521542129102e-01 7.076226774549218002e-01 7.718839673091119069e-01 7.052945702558084395e-01 7.830277354612400487e-01 8.215037505419187092e-01 1.000000000000000000e+00 5.933835342398374735e-01 8.375607897144490277e-01 8.158091629253584331e-01 7.665658985652515911e-01 7.491281634929217725e-01 7.815565223903326864e-01 5.774963179694843074e-01 7.181902226273790824e-01 7.866083090340112438e-01 7.651016609097079924e-01 7.316241824776255065e-01 7.877340740840577116e-01 8.133088417639435797e-01 8.078823217121303690e-01 8.133821038263585601e-01 8.020226182448665364e-01 8.311867964042388701e-01 8.382504966886833442e-01 8.306967124370406852e-01 7.920202763837608240e-01 8.098522834639818591e-01 8.201446905626141870e-01 8.270387621615258311e-01 8.283174871532236194e-01 8.262790110196429616e-01 8.355922187640766330e-01 8.148454929813452319e-01 8.391604033666618667e-01 8.406788479378609624e-01 8.401024629704789692e-01 8.514347206635980436e-01 8.436842999996680970e-01 8.362999898856566805e-01 8.544148669087190395e-01 8.506208566473133503e-01 8.433503170254925685e-01 8.263157753481521484e-01 8.445320037213156494e-01 8.403545546222507268e-01 8.431226095451658242e-01 8.427461278866317240e-01 8.404911835204312842e-01 8.438203868663434193e-01 8.256286992306068884e-01 8.494547854574627799e-01 8.450014437335284789e-01 8.603621070417705186e-01 8.543202449857141278e-01 8.443383584487833549e-01 8.435612554496326743e-01 8.392889318004195243e-01 8.483144003069872374e-01 8.435053249621448090e-01 8.498451987563174770e-01 8.487949418137659130e-01 8.476291361214896014e-01 8.397502339716326203e-01 8.478500242449852342e-01 8.485951436691006045e-01 8.412064153604985606e-01 8.451038839899788213e-01 8.499014877087667230e-01 8.476751549325417523e-01 8.475939072602463042e-01 8.396855039642745488e-01 8.442360507107112833e-01 8.461778502472125929e-01 8.463765623713213060e-01 8.478062249311709708e-01 8.475822740552988455e-01 8.477807733246942590e-01 8.448950445148875055e-01 8.482262113012180027e-01 8.490739467682613117e-01 8.464889057101048220e-01 8.482327419467320384e-01 8.520366705009313479e-01 8.469168572064468270e-01 8.559231506003169843e-01 8.493527799132750689e-01 8.515627926774471668e-01 8.533752143431453385e-01 8.511197065404692008e-01 8.447072994205304663e-01 8.286198457558064945e-01 8.533482964091096967e-01 8.516358702202129205e-01 8.550414221866428077e-01 8.447816946852063635e-01 8.498073062474151840e-01 8.544235174532224253e-01 8.534424417944576069e-01 8.405036081853888286e-01 8.462123801746220808e-01 8.526395478052481991e-01 8.515441770255713916e-01 8.553928637381160716e-01 8.492978267565207684e-01 8.580570156991249586e-01 8.494900734037335033e-01 8.479385954806100134e-01 8.519862299852102305e-01 8.504346361525677578e-01
