1.000000000000000000e+00 1.209586489618695859e-01 1.681820776486563918e-01 1.869186028482175410e-01 1.195478808789340458e-01 8.738152920604677631e-02 1.081063881581788844e-01 5.635722010286164235e-02 1.951314954677607627e-01 1.060628300857436729e-01 6.904370115180000211e-02 5.602621793865511513e-02 2.663676624876301982e-02 3.059398242787057885e-03 3.594207067903509856e-02 6.245935228998870936e-02 1.236417589070683692e-01 1.298054439778145996e-01 9.280776103521902465e-02 1.218499004688603504e-01 1.415522477223770392e-01 1.231001985618361549e-01 1.127118235414824310e-01 1.149139459057294949e-01 8.459965126048889228e-02 1.033378189865507418e-01 5.222554751951418578e-02 6.935255381864716129e-02 1.283646542287693870e-01 1.232919073848006142e-01 4.744392318975280270e-02 7.601288630452686379e-02 2.635670108807723969e-02 6.869320914050651428e-02 3.139110728893963753e-02 5.347027199674818376e-02 1.994792670591551131e-02 3.763674364654868293e-02 4.995023882794102921e-02 3.778050218841234875e-03 3.680213901330769283e-02 2.754348009591897975e-02 6.064331480306417443e-02 5.887055638793526474e-02 2.569618376096436188e-02 3.465462230208179312e-02 8.176153194550669218e-03 3.460833121749280067e-02 7.098640051726559652e-02 9.997531487968079611e-02 6.247310796333644528e-02 1.193187548425342498e-01 6.868392068932431538e-02 6.853324275767561091e-02 7.622815331173460329e-02 3.730914109371837040e-02 1.149560944420800618e-01 4.389293587711003142e-02 3.710409443125570889e-02 5.728802220581811350e-02 4.662883248889625187e-02 4.687973719476604822e-02 6.102653166360683112e-02 8.050290053140973789e-02 9.100790500566886820e-02 7.984613151966241107e-02 3.835858661450059631e-02 3.060453785520445349e-02 4.431443557977346459e-02 4.247985424085189143e-02 3.699506267764290229e-02 3.492539489732517100e-02 4.291896285242079861e-02 3.049887815221481377e-02 3.729302772650616715e-02 3.866606464130126902e-02 3.337369011296969362e-02 4.819243003348051835e-02 5.267068903908637273e-02 5.520166940473053563e-02 2.834019548742676767e-02 2.336293371195347773e-02 4.800557186587892100e-02 2.018926281191537817e-02 2.786295881500204172e-02 3.416235472936260398e-02 -4.263500040519451438e-03 2.183878006252219089e-02 1.398487433544696491e-02 2.582858738723552844e-02 7.191995186990751514e-03 1.484171020783499155e-02 1.878142083076272603e-02 1.590734534077674692e-02 7.919731694503748948e-03 2.066020728067967036e-02 4.311119276741393058e-02 8.707750176105276407e-02 3.157651803920527578e-02 1.615097887897645398e-02 2.347519521837415635e-02 4.659515101947956511e-02 3.524422995538951248e-02 2.701442785963994661e-02 5.570708756880170948e-02 5.872874006460636342e-02 5.139734135080999133e-02 2.302915649230072651e-02 2.616738549586634932e-02 2.425676029414635185e-02 1.797123219070810921e-02 2.840519861680414898e-02 2.648444905073549932e-02 4.277329956835619618e-02 3.855633405734609082e-02 5.010360836737469403e-02
1.209586489618695859e-01 1.000000000000000000e+00 1.191904247748132722e-01 1.478522210644069579e-01 8.596483722011422079e-02 9.912811321109499252e-02 1.717793790963425271e-01 1.425742488334934555e-01 1.830740478972465723e-01 1.752746693192367144e-01 1.489543457974291663e-01 1.786344842899359187e-01 1.256414779031428397e-01 1.271399303511251133e-01 1.725523517892804948e-01 1.744485436008483825e-01 1.974119374577391617e-01 1.622118972465181885e-01 1.705338943897778681e-01 1.167295433875607802e-01 1.542714343883998807e-01 1.687999509417292543e-01 1.740340983026073263e-01 1.592315017042435499e-01 1.531893062293786245e-01 1.823035498955537237e-01 1.693273556485147824e-01 1.743505568545245243e-01 2.023719384988237890e-01 1.915346303075868284e-01 1.852106524548046140e-01 1.899252987881617227e-01 1.720179068017745616e-01 1.841679920591804687e-01 1.741097534689853565e-01 1.621412566815996770e-01 1.650997821437218960e-01 1.839696560989191321e-01 1.793131168745241422e-01 1.577324318797581337e-01 1.726200429905920541e-01 1.749817800670410428e-01 1.678307548768592505e-01 1.755760652051215898e-01 1.761424813314706461e-01 1.841535544161370108e-01 1.752865260317035823e-01 1.833564323945016949e-01 1.846579304431130442e-01 1.699820420877523330e-01 1.788872893448834045e-01 1.532068456911716003e-01 1.781732922342182113e-01 1.892042718059543660e-01 1.914741729858946973e-01 1.783103204967460553e-01 1.917653373038887277e-01 1.804249302453308779e-01 1.840823776897016484e-01 1.854324832513941090e-01 1.767993893674867367e-01 1.883023131348885160e-01 1.828997874727425477e-01 1.880232101164451552e-01 1.915338422015181452e-01 1.825415784913763106e-01 1.826404921132692150e-01 1.767310914014323386e-01 1.815641278470153663e-01 1.651215170440118174e-01 1.713790208214077682e-01 1.759389869257023120e-01 1.709447852362858122e-01 1.699922141278424892e-01 1.831683322423432736e-01 1.745377366556999377e-01 1.727534009543096327e-01 1.840489849186525972e-01 1.828017494721954350e-01 1.818577295817117578e-01 1.771078769032010947e-01 1.791711936030038754e-01 1.839414499704013217e-01 1.778143388019557403e-01 1.695542110360135080e-01 1.783528704790210972e-01 1.700169727907641093e-01 1.759526793663781508e-01 1.739621836796666210e-01 1.741828310760946130e-01 1.674504105192380632e-01 1.708489718711636851e-01 1.764873021902248207e-01 1.746815653143697633e-01 1.750889838354998396e-01 1.817620545236195706e-01 1.679481831615920462e-01 1.818888530395645908e-01 1.761978920723377418e-01 1.703975853181511624e-01 1.661228513889869696e-01 1.762664846220078907e-01 1.760410444853336975e-01 1.746403954815483328e-01 1.765395260852594961e-01 1.826075570057308917e-01 1.870244612843655618e-01 1.830731477777022831e-01 1.768673749894942027e-01 1.772259357039355221e-01 1.739243803118883935e-01 1.788964346375569725e-01 1.802503577215694430e-01 1.815949148711398786e-01 1.844593337702961355e-01 1.841266085934143704e-01
1.681820776486563918e-01 1.191904247748132722e-01 1.000000000000000000e+00 3.544234501275235205e-01 2.072603566775258199e-01 2.324444936097524728e-01 3.388910058091110789e-01 3.045907182797310542e-01 3.581654943045995410e-01 3.346739013114836125e-01 3.423951364759892368e-01 3.616382385550762635e-01 3.048042393037451725e-01 2.470710138987072813e-01 3.514123510190800825e-01 3.589608230168086500e-01 3.592932974529129408e-01 3.714665971686305079e-01 3.578745559954959465e-01 2.850960343270355080e-01 3.712312835995321136e-01 3.793468841995637497e-01 3.564523866788230078e-01 3.468498283737366794e-01 3.526310631890720582e-01 3.750400521086993399e-01 3.564048055570582241e-01 3.671313609529552879e-01 3.747454778495321603e-01 3.841613740844047609e-01 3.720075599200364236e-01 3.766897038349855675e-01 3.584071334056254110e-01 3.728430038790570000e-01 3.657317402007476126e-01 3.468500440930503692e-01 3.672897230028427384e-01 3.669310876979041125e-01 3.690700292061906973e-01 3.493415425172147204e-01 3.608835958838953473e-01 3.625342913627930264e-01 3.731764318136843728e-01 3.729410389437085582e-01 3.659261672303777413e-01 3.702158422364035806e-01 3.421248851600096619e-01 3.604246893438556310e-01 3.633888150913338611e-01 3.690829004066357721e-01 3.675373112349608062e-01 3.537149064756362482e-01 3.536955009259956095e-01 3.701578385266331428e-01 3.719321060122643963e-01 3.604432656764682275e-01 3.738493408539308449e-01 3.534340300939980417e-01 3.601433532056094733e-01 3.579878899478022847e-01 3.605730450499753936e-01 3.596778690240222676e-01 3.632754051376834159e-01 3.678274223713389190e-01 3.644652320773136278e-01 3.651378306014018693e-01 3.610034962560952354e-01 3.641912182731174563e-01 3.696960953971398789e-01 3.589488407383459867e-01 3.649665723990287436e-01 3.636274282033279404e-01 3.634790618121546135e-01 3.614495624778924499e-01 3.624602085960551001e-01 3.605234992773841962e-01 3.605998307097358357e-01 3.642852692289958449e-01 3.711622889118280644e-01 3.687759310356861775e-01 3.652302345289104024e-01 3.644370848173837940e-01 3.705745937923258793e-01 3.668420423344392889e-01 3.665055089890845164e-01 3.674926556936329303e-01 3.583248955313417250e-01 3.643258421648081224e-01 3.593951592805321171e-01 3.620740772813115793e-01 3.545950434111520555e-01 3.571958576638396554e-01 3.573305047305341264e-01 3.591263664869165928e-01 3.532340492261959453e-01 3.551082868061126718e-01 3.638224604270000051e-01 3.734626403513213733e-01 3.608919240676304319e-01 3.589942753314811497e-01 3.584688321447600523e-01 3.686646315371087668e-01 3.530308242529692775e-01 3.564481503042948307e-01 3.653696437027308952e-01 3.698033172913415823e-01 3.672286133144578857e-01 3.562158984472330592e-01 3.593304491429170633e-01 3.563924012433916655e-01 3.572745969940785971e-01 3.546508220139115708e-01 3.578801722378846528e-01 3.646609082837217741e-01 3.569483177523463668e-01 3.601282941225414924e-01
1.869186028482175410e-01 1.478522210644069579e-01 3.544234501275235205e-01 1.000000000000000000e+00 3.683095227359524659e-01 4.168851469003025390e-01 5.744506557511915856e-01 5.524997211380301421e-01 6.016257966535256685e-01 5.517080362777618818e-01 5.765532640140185183e-01 6.358333612541336999e-01 5.458962087169660915e-01 4.344277516682791829e-01 6.331170643830613676e-01 6.217348673959288696e-01 5.936176571468703145e-01 5.691873329341634591e-01 5.990081610383816146e-01 4.599732744996212763e-01 6.291258221982038989e-01 6.387777547795365773e-01 5.889594462861713620e-01 5.385420214291914975e-01 5.561236131515220338e-01 6.445831707559089852e-01 6.285708639531002451e-01 6.277080875233564949e-01 6.388989722190094867e-01 6.558159303998134515e-01 6.382625820827272367e-01 6.277446860410770269e-01 5.923490584271273729e-01 6.065341158634113272e-01 6.052617663844375162e-01 6.178082238080870869e-01 6.179016321161500125e-01 6.268506413653242015e-01 6.427335316373027352e-01 6.051896224193415996e-01 6.254006108907720352e-01 6.404918766383378426e-01 6.450030316579973277e-01 6.495664435526901093e-01 6.324148565491958252e-01 6.305152373319258263e-01 6.097650758147268313e-01 6.212775908212737619e-01 6.235753988915241353e-01 6.332510875128939398e-01 6.387609121070219054e-01 6.225492282452562698e-01 6.294301421156484055e-01 6.312670029288839357e-01 6.292784839405510811e-01 6.219914413504856743e-01 6.414846888280900661e-01 6.298329652643473997e-01 6.205447831307796536e-01 6.300485428476459981e-01 6.367282134519234305e-01 6.244139005194838665e-01 6.220210034111768316e-01 6.418374087392330063e-01 6.440755645457706402e-01 6.369475487910102318e-01 6.228634705674975791e-01 6.216946150454687459e-01 6.297202866074068650e-01 6.058253723098052657e-01 6.327771770922819838e-01 6.297761749124750619e-01 6.034832596022647877e-01 6.159310709967170672e-01 6.355084442529326250e-01 6.354755695940826898e-01 6.322856742404421304e-01 6.358176790856187033e-01 6.409026768222030324e-01 6.465306146512979080e-01 6.298508914414376880e-01 6.348272071854004217e-01 6.406415360428034944e-01 6.295077645326717652e-01 6.331464755433077185e-01 6.265368823704144940e-01 6.174951823434757792e-01 6.347204023967892850e-01 6.267937146495746736e-01 6.322977848890090069e-01 6.268429886935605877e-01 6.300148761852970569e-01 6.303701162925648971e-01 6.290779735981683052e-01 6.182797653725405906e-01 6.180324901839858720e-01 6.394921292477636632e-01 6.507539803639306175e-01 6.359326486684898638e-01 6.308146536278775862e-01 6.342653518423846393e-01 6.443106018343375263e-01 6.288738554585540097e-01 6.324987780061861464e-01 6.415265557909175520e-01 6.416137434863075084e-01 6.360690653154735807e-01 6.192863743698528989e-01 6.229217893490351932e-01 6.236522932113183204e-01 6.248474150167203645e-01 6.262219668907351711e-01 6.261147390248053002e-01 6.399296310576442215e-01 6.300409249549393520e-01 6.325079956897713407e-01
1.195478808789340458e-01 8.596483722011422079e-02 2.072603566775258199e-01 3.683095227359524659e-01 1.000000000000000000e+00 3.038116264970878722e-01 4.733834065592956719e-01 4.609882954347318540e-01 4.845662860570556507e-01 4.476716180055335670e-01 4.536815490331186917e-01 4.743036543000543892e-01 4.911254342792241712e-01 3.587643021435692470e-01 4.974603023213615693e-01 5.002451637552276509e-01 4.450004726466580962e-01 4.641347634492727914e-01 4.645101058845536035e-01 4.085057040661707051e-01 4.979823574587922130e-01 5.015442173810658044e-01 4.736935368502140364e-01 4.733902368785671833e-01 4.632596586175816711e-01 4.905463893157910871e-01 4.917719586369075913e-01 4.893213032858548805e-01 4.941794518694762606e-01 5.139866647063504601e-01 5.023726002033181981e-01 4.952723174265265538e-01 4.736598267104220605e-01 5.017615258909107201e-01 4.821793308860379823e-01 4.751949434697368413e-01 4.906990556034061535e-01 4.828232001694804376e-01 5.074622999604393447e-01 4.717376899533222145e-01 4.932982338241682641e-01 5.056505501300525562e-01 5.058269589418308287e-01 5.109989838381977512e-01 4.930668067968850266e-01 4.957178473461680834e-01 4.857736535936746369e-01 4.832682067543212501e-01 4.677659236588971869e-01 4.712579566837665768e-01 4.832774881900997466e-01 5.062065256519358014e-01 4.996370862063921336e-01 4.849476766877700018e-01 4.847090724577058363e-01 4.956680215261903832e-01 4.668163335760443511e-01 4.974264570178952294e-01 4.708721746308496270e-01 4.994867420679511283e-01 4.942634523899274157e-01 4.780670474993857222e-01 4.746090759001722059e-01 4.866789936809631234e-01 4.882134926038377287e-01 4.999002771394616129e-01 4.877048499173087803e-01 5.004540212250184750e-01 5.004765121848373521e-01 5.061492372160631970e-01 5.020414944214922626e-01 5.002151451636164259e-01 5.068127751406196202e-01 5.005794271669855577e-01 4.929166423520277562e-01 4.979261517255147429e-01 5.024966557021057767e-01 4.947070451999644458e-01 4.996747656013789118e-01 4.990697754101835470e-01 4.924804068264082568e-01 4.965492865049673243e-01 4.969988077521012015e-01 4.959226847784140024e-01 4.907230022986823759e-01 5.026780777166769409e-01 4.949080028136645382e-01 4.972487574257635212e-01 4.991728419069677014e-01 5.020522480169984370e-01 4.963650935618333926e-01 4.964730275369253487e-01 5.003463703252990502e-01 4.957792299293648508e-01 4.858872186979452668e-01 4.877985879769162758e-01 4.814252801214968236e-01 4.795698992098688662e-01 4.801441117879709508e-01 4.898474278362134338e-01 4.942638167792570147e-01 4.825793608551453007e-01 4.926574510315900324e-01 4.974196783604431515e-01 4.967776861605628924e-01 4.781327957003120299e-01 4.798853055530041267e-01 4.919501319475422241e-01 4.919200029378495986e-01 4.885251455187187286e-01 4.872362542798341911e-01 4.958553702029470100e-01 4.865710037104314378e-01 4.891625605229029117e-01 4.883163833046431646e-01 4.908187943486544413e-01
8.738152920604677631e-02 9.912811321109499252e-02 2.324444936097524728e-01 4.168851469003025390e-01 3.038116264970878722e-01 1.000000000000000000e+00 5.095320648452195123e-01 4.584660576205079607e-01 5.144648340789765850e-01 4.995942713032641147e-01 5.263002607330705684e-01 5.371156193932239420e-01 4.797338937662598557e-01 4.281822063314496551e-01 5.485934791152581314e-01 5.448019129947307970e-01 5.011067731911426071e-01 5.022809389000741920e-01 5.325398733182004074e-01 4.174681054227620813e-01 5.322143579493537890e-01 5.555668000569191634e-01 5.333488059326459974e-01 5.142574285913806831e-01 5.236321018001627303e-01 5.608156185592491072e-01 5.592391068157690492e-01 5.695555272205627961e-01 5.780869366831682399e-01 5.846395162901526499e-01 5.687986794388857348e-01 5.622889378950299832e-01 5.243864890184538607e-01 5.477341152488522935e-01 5.417495861205809948e-01 5.284282688186670018e-01 5.614263720424419457e-01 5.629391017718871071e-01 5.705965054458729258e-01 5.438343127556326539e-01 5.652357479535251583e-01 5.705066976387436206e-01 5.630222323057344491e-01 5.698293483218521693e-01 5.688522632047902094e-01 5.703873087586195378e-01 5.583429768802236071e-01 5.674140129880945738e-01 5.610176472131123138e-01 5.509434181523235052e-01 5.581175906300607226e-01 5.486956897901124064e-01 5.653880735830520976e-01 5.656327992403635818e-01 5.719258146815909827e-01 5.732565856693209172e-01 5.579838566300425740e-01 5.632096257529263239e-01 5.612894304283874147e-01 5.634461595754559626e-01 5.646390283715356784e-01 5.634810822632483340e-01 5.623125659280816535e-01 5.599662687863296018e-01 5.599810772625175570e-01 5.694776448529339508e-01 5.681254727253698400e-01 5.745110792749130724e-01 5.755335958625431569e-01 5.709227642954911586e-01 5.754509582870656059e-01 5.724167193017597466e-01 5.745024717275802884e-01 5.743365091615285634e-01 5.737900778571634053e-01 5.774985321428972584e-01 5.817236787974586765e-01 5.843852979763821676e-01 5.836664748408760817e-01 5.835054020070893355e-01 5.794754261087501357e-01 5.715962122864768347e-01 5.724072650514434590e-01 5.710559460011358501e-01 5.604357153320567164e-01 5.707457139362369647e-01 5.678929312234490823e-01 5.726887295465644678e-01 5.745818372343609592e-01 5.749206639075599146e-01 5.697634688203760955e-01 5.718132037792791333e-01 5.729675776881764104e-01 5.748203161708790310e-01 5.642075256602399058e-01 5.672015478582410619e-01 5.618700098661396636e-01 5.649901620319300877e-01 5.647510890293120367e-01 5.627487685268546258e-01 5.688855483506348731e-01 5.694769312000558248e-01 5.659902272014875058e-01 5.686457631307584304e-01 5.689659145667845808e-01 5.672588568209617765e-01 5.662585579105042788e-01 5.681761839532902814e-01 5.708826331208889382e-01 5.677342269730030200e-01 5.681916448640075279e-01 5.674341175169430596e-01 5.669592071769038455e-01 5.665761190921201340e-01 5.659435591867318927e-01 5.676084417268814075e-01
1.081063881581788844e-01 1.717793790963425271e-01 3.388910058091110789e-01 5.744506557511915856e-01 4.733834065592956719e-01 5.095320648452195123e-01 1.000000000000000000e+00 6.814463075028213135e-01 6.921625687516080871e-01 6.798972534500192788e-01 7.250082926971599395e-01 7.651130398662683296e-01 6.749764324927228776e-01 5.709300811840695156e-01 8.156416893083731079e-01 7.676705312366157719e-01 6.879423969934093108e-01 7.151165713750564645e-01 7.623719554888859218e-01 5.322834851356107455e-01 7.347022384717586396e-01 7.854454819168861235e-01 7.515408185970303689e-01 7.038976311450706458e-01 7.560904460303230490e-01 7.887138932088613164e-01 7.769362597292870376e-01 7.994626896442742492e-01 8.007547257740513791e-01 8.214848751550184458e-01 7.972540596592759821e-01 7.868121741541316272e-01 7.616145370707705364e-01 7.664843904673575015e-01 7.675972488393482118e-01 7.465155665455852629e-01 7.858961829272348432e-01 7.992202926690034070e-01 7.970771011532967742e-01 7.815088220025790955e-01 7.818966459987576334e-01 8.032778085559282299e-01 7.921307428029285003e-01 8.012846155367908674e-01 7.938218529602667495e-01 8.023203551893316465e-01 7.653580573395386555e-01 7.734302569267795802e-01 7.684649277665954736e-01 7.689596243008927079e-01 7.821251106396991393e-01 7.558712420928378473e-01 7.672578620865248000e-01 7.683735445718363755e-01 7.813186950597525993e-01 7.940487540528280430e-01 7.516787978387358127e-01 7.732063285570652811e-01 7.768231677887185160e-01 7.662267824965316443e-01 7.787612032819657415e-01 7.688367863832019644e-01 7.626830531769587251e-01 7.683009469701591598e-01 7.627658542979312006e-01 7.701608555478826057e-01 7.756222031476929235e-01 7.883235570556776928e-01 7.915341394791642893e-01 7.674742646794918688e-01 7.949632422303465340e-01 7.930652161815594514e-01 7.790723712031994985e-01 7.944463461173680852e-01 7.921117327525660778e-01 7.939402838352932479e-01 8.052139801332415248e-01 7.996981137651282268e-01 8.081856279149530753e-01 8.043433689654979624e-01 7.926544777943289599e-01 7.880691403468669254e-01 7.883519224222655941e-01 7.939222437233367513e-01 7.880158068997873411e-01 7.901416657521084241e-01 7.850544699299886187e-01 7.950465830551700641e-01 7.924379067243697561e-01 7.978129733409865532e-01 8.013977199628048442e-01 7.925219535090003431e-01 7.922667926041075948e-01 7.927281482784765965e-01 7.759707469385450640e-01 7.733059236276925708e-01 7.798375393138631262e-01 7.680614099275456796e-01 7.789209744352553200e-01 7.866366251710008584e-01 7.852415004671773335e-01 7.784007416229196119e-01 7.778666849472793965e-01 7.831208869581437471e-01 7.792557638450690050e-01 7.688675451553774742e-01 7.755889044376617081e-01 7.777646495174402874e-01 7.823046482381220690e-01 7.769316820062897033e-01 7.757500974630444635e-01 7.724567730924706277e-01 7.710116065057136536e-01 7.740186477435223589e-01 7.713353317613662607e-01 7.693707151410237310e-01
5.635722010286164235e-02 1.425742488334934555e-01 3.045907182797310542e-01 5.524997211380301421e-01 4.609882954347318540e-01 4.584660576205079607e-01 6.814463075028213135e-01 1.000000000000000000e+00 6.949379472726180396e-01 6.518069884136425962e-01 7.083391833655163783e-01 7.597190423885711308e-01 6.952996163473248448e-01 5.613639461327697422e-01 7.748738057660395917e-01 7.787639267291612821e-01 6.605936438489938833e-01 6.709537477584821552e-01 6.918520797654765797e-01 5.660348600311506662e-01 7.137615588218985119e-01 7.266338326642614032e-01 6.675261328181356646e-01 6.366151583577674966e-01 6.500498825084529697e-01 7.382074651120082986e-01 7.500660666103962093e-01 7.197478276135192976e-01 7.355681312597381893e-01 7.572389737594179548e-01 7.708156270605333038e-01 7.518144384928955315e-01 7.147926988903049450e-01 7.278349383992198662e-01 7.370399782722593107e-01 7.088040876872718776e-01 7.347218177636716252e-01 7.673989774306021472e-01 7.672762168963455087e-01 7.335436016642589152e-01 7.684049594459090304e-01 7.743243098799595936e-01 7.754740343632390287e-01 7.851088913212146414e-01 7.566629972535190429e-01 7.804391498774142510e-01 7.723071557208741611e-01 7.739710425437137387e-01 7.643071972404357206e-01 7.469545567093659466e-01 7.684459406833897832e-01 7.309375294142121948e-01 7.707803551225076433e-01 7.780939978492903419e-01 7.742305433640283008e-01 7.706379172052820747e-01 7.610645189343497874e-01 7.862264210023324207e-01 7.776594683684071585e-01 7.811691677662080391e-01 7.837070246703109477e-01 7.806629312648530883e-01 7.750275729937791125e-01 7.719250468940538346e-01 7.615668493278376916e-01 7.740265091132852993e-01 7.702967802168776412e-01 7.732309058604912577e-01 7.755954368315964853e-01 7.680244303046804832e-01 7.792283347802063664e-01 7.757719542696832615e-01 7.549532315311938691e-01 7.604628806384373663e-01 7.733454888310273834e-01 7.742423998909423455e-01 7.685483346142224503e-01 7.755743203876507286e-01 7.694103501007407697e-01 7.787289238854958606e-01 7.684170686447306942e-01 7.799377013841042316e-01 7.677844177033990025e-01 7.726693702994947843e-01 7.677023319127230794e-01 7.713532450897793158e-01 7.631019549184427930e-01 7.823565714655750236e-01 7.768994761413227090e-01 7.691200904180354181e-01 7.608380403993539876e-01 7.788654875929011956e-01 7.739724775054255268e-01 7.818766607444631589e-01 7.771156053119542273e-01 7.767109743210148798e-01 7.683910003906274655e-01 7.644864877077611753e-01 7.734622546204453775e-01 7.730136767018976895e-01 7.757115956816068580e-01 7.790001564924816657e-01 7.746463903186633360e-01 7.834893340307004239e-01 7.711564946904446716e-01 7.732783467066198790e-01 7.728228217395168853e-01 7.779432716502624467e-01 7.808934928628500360e-01 7.804349664662413311e-01 7.847270169131650430e-01 7.806854564217520220e-01 7.823685529996191601e-01 7.783277815279054934e-01 7.687819270941951277e-01 7.760282126527169311e-01
1.951314954677607627e-01 1.830740478972465723e-01 3.581654943045995410e-01 6.016257966535256685e-01 4.845662860570556507e-01 5.144648340789765850e-01 6.921625687516080871e-01 6.949379472726180396e-01 1.000000000000000000e+00 7.535550278590031903e-01 7.928374241057730698e-01 8.255991462540301917e-01 7.604911097679238896e-01 6.108141231112950154e-01 8.204817735449111415e-01 8.225222228132568203e-01 7.937560493727805477e-01 7.685126341527183103e-01 7.814472819616961052e-01 6.326864423041468344e-01 8.011028783785848484e-01 8.131447785033049103e-01 7.738583040271778124e-01 7.261317788427297248e-01 7.338809165893680486e-01 8.417203347938361224e-01 8.278388689834078606e-01 8.072293312682730093e-01 8.320211016094213319e-01 8.490183427359508928e-01 8.578980832775207066e-01 8.432055185201290382e-01 7.799293209662773174e-01 8.132785765612348117e-01 8.099221558293422385e-01 8.049962161980594999e-01 8.149455880904440397e-01 8.388402390713908252e-01 8.557193771831330675e-01 7.956771651429298542e-01 8.573892303293066952e-01 8.498208331298147122e-01 8.471697911649934687e-01 8.633420492620746955e-01 8.420463301602050255e-01 8.497900635330217778e-01 8.597368749043868830e-01 8.684634802966909595e-01 8.628827558292078148e-01 8.444248528500473139e-01 8.595006749662555956e-01 8.469275044798294516e-01 8.695862300207227724e-01 8.703640593011174875e-01 8.695161623294576092e-01 8.586348744671004063e-01 8.692268261649288563e-01 8.657212453831326648e-01 8.549384494088196895e-01 8.751364457551215059e-01 8.707938319234329594e-01 8.652616880077481643e-01 8.617418374884568966e-01 8.721173221474333159e-01 8.700989435644050918e-01 8.791421424798180340e-01 8.673760474451820413e-01 8.635721518797307983e-01 8.646409525890201841e-01 8.589065942877356363e-01 8.635723410465649952e-01 8.645877957737176933e-01 8.468892283887881067e-01 8.478334435659857782e-01 8.676014300026951842e-01 8.674829303259559143e-01 8.571696775766520782e-01 8.640165175385843277e-01 8.606571038762467207e-01 8.691542031242969202e-01 8.592020121185419690e-01 8.654328990594273296e-01 8.644002542477545736e-01 8.554273126956752904e-01 8.487876667129957697e-01 8.587986786191869060e-01 8.483987807506750967e-01 8.618486357266279541e-01 8.599747287230666837e-01 8.584896037891103227e-01 8.390148250096369775e-01 8.595509270741720220e-01 8.598777438023983422e-01 8.603888090335087835e-01 8.619343699228320110e-01 8.676202579489371569e-01 8.559711125684650312e-01 8.698720949171673267e-01 8.614001851291415157e-01 8.554183865435802669e-01 8.588088155635661414e-01 8.660896148437785547e-01 8.690328136172134066e-01 8.676510185714467749e-01 8.716236047220679017e-01 8.669554267066486020e-01 8.701944214450587634e-01 8.668300424291887074e-01 8.680558234200740353e-01 8.667469457457304127e-01 8.631960624564476436e-01 8.709191132276509206e-01 8.681712325035664257e-01 8.710796107649149134e-01 8.691024040593801070e-01 8.753082236861290388e-01
1.060628300857436729e-01 1.752746693192367144e-01 3.346739013114836125e-01 5.517080362777618818e-01 4.476716180055335670e-01 4.995942713032641147e-01 6.798972534500192788e-01 6.518069884136425962e-01 7.535550278590031903e-01 1.000000000000000000e+00 7.478232401137843155e-01 7.818250444297282220e-01 7.170364575141098262e-01 5.914086300944728647e-01 7.948514677771469916e-01 7.860385998664998208e-01 7.332524805615758812e-01 7.250752445393947587e-01 7.541508060200887709e-01 5.746188470599429277e-01 7.481231606802568601e-01 7.772885104896154473e-01 7.587388387853621907e-01 7.103094505396363445e-01 7.247464204226709006e-01 8.008583244698268544e-01 7.884546109054986207e-01 7.853809096849077021e-01 8.007640658575332360e-01 8.199562224367357155e-01 8.206974136213872617e-01 8.146940045385612228e-01 7.704488209184114922e-01 7.937444508782129926e-01 7.914786412611765076e-01 7.665602691375589250e-01 7.945468849265702183e-01 8.076804688769847473e-01 8.212005967971450771e-01 7.737342812075943543e-01 8.202434685959897331e-01 8.110561340048256795e-01 8.081228180175152875e-01 8.242388566885641144e-01 8.107645636976070769e-01 8.204760751591880785e-01 8.153182255661995947e-01 8.304272046820335706e-01 8.092022027161106523e-01 7.854621151641769661e-01 8.112237611855031005e-01 7.791730549777157178e-01 8.073350479077320285e-01 8.317126969823722682e-01 8.249563319810795381e-01 8.199458618108240726e-01 8.064846350710721534e-01 8.217643252474027271e-01 8.175905709129874799e-01 8.265095342947177404e-01 8.202995603990009821e-01 8.259865884203213549e-01 8.153876788372873552e-01 8.168630618754459949e-01 8.126475663343849520e-01 8.234067424219343456e-01 8.272984732775832128e-01 8.239233874643303590e-01 8.310327135828230460e-01 8.129649345411920081e-01 8.227579177141514100e-01 8.243488022882055066e-01 8.174877945223822939e-01 8.182493922278180065e-01 8.257896701005031925e-01 8.274583740454257708e-01 8.220178066506504955e-01 8.267732506877806253e-01 8.252384664795278102e-01 8.282070538246658620e-01 8.234933890209255036e-01 8.261016201086569533e-01 8.237030388205670572e-01 8.230799729606600446e-01 8.098176452318057716e-01 8.234597343198817310e-01 8.173962787960410425e-01 8.266020456723288667e-01 8.228710850726488335e-01 8.222608752480382588e-01 8.096171131883078687e-01 8.216692032318708705e-01 8.227741429650611282e-01 8.253601798517279375e-01 8.203902173957771105e-01 8.261670934965896773e-01 8.028324444594766574e-01 8.085644625844689015e-01 8.137236716161792005e-01 8.153123565323514566e-01 8.139978247495102126e-01 8.163056617312346441e-01 8.194953422484873018e-01 8.207931444657189379e-01 8.192894009141056255e-01 8.163710409211208940e-01 8.197631134693595945e-01 8.279349113042459019e-01 8.254008569600075340e-01 8.217879351260736209e-01 8.222144666697414062e-01 8.257205290420387422e-01 8.255260680496560033e-01 8.221242257452053837e-01 8.216999052543707549e-01 8.238097709238336730e-01
6.904370115180000211e-02 1.489543457974291663e-01 3.423951364759892368e-01 5.765532640140185183e-01 4.536815490331186917e-01 5.263002607330705684e-01 7.250082926971599395e-01 7.083391833655163783e-01 7.928374241057730698e-01 7.478232401137843155e-01 1.000000000000000000e+00 8.559068371371946204e-01 7.645427152650811076e-01 6.501516147382372379e-01 8.542704057104195670e-01 8.428193450388207220e-01 7.868069086874356355e-01 7.631700299417758515e-01 8.060355558843833590e-01 6.111854749606242532e-01 8.141033902787631060e-01 8.333659362201940590e-01 7.804613767614921871e-01 7.335800849649165567e-01 7.675341150407859470e-01 8.523516753860230777e-01 8.488257958825590199e-01 8.291850621878968930e-01 8.362843852877679396e-01 8.576596266947498215e-01 8.919287537126059373e-01 8.639490696241136636e-01 8.149884284186905692e-01 8.340092229476772090e-01 8.388840618670662108e-01 8.324000198070056200e-01 8.554289364837910359e-01 8.739238222519229993e-01 8.827177411607020074e-01 8.391515778433049633e-01 8.821627975133274902e-01 8.799457737072035046e-01 8.700035748978471872e-01 8.857243992338945660e-01 8.806326689915621175e-01 8.831859849535961260e-01 8.895553205131946362e-01 8.882532406011303117e-01 8.863574778097056406e-01 8.608950699088645520e-01 8.850137681809906454e-01 8.467315813396560920e-01 8.759695539024064947e-01 8.806584278680438249e-01 8.806869609556126077e-01 8.851815569972076858e-01 8.724832915793113708e-01 8.849830122927803133e-01 8.826046260658064746e-01 8.851924814166934885e-01 8.919258913653409504e-01 8.827864853499214348e-01 8.765549082772170486e-01 8.843714169912277878e-01 8.803472855578772238e-01 8.877597490496619281e-01 8.890605849174767483e-01 8.903118217006601443e-01 8.867582215034409687e-01 8.778192189449954830e-01 8.918978257638228158e-01 8.930002373768066715e-01 8.699674565254316150e-01 8.823522614900055627e-01 8.944439327726380062e-01 8.920878319049793115e-01 8.881878944493372119e-01 8.888274245326882594e-01 8.876045582058379457e-01 8.925086911217415819e-01 8.879855571742544251e-01 8.936554082626615436e-01 8.890687796580341029e-01 8.876584374056823989e-01 8.824932992807960064e-01 8.853261077061459483e-01 8.856915174568122939e-01 8.951927549310988441e-01 8.932404889953198257e-01 8.902530593100494993e-01 8.817377311206558987e-01 8.929413743237402112e-01 8.922156649705037523e-01 8.928729475931725945e-01 8.934906471666285155e-01 8.930505364116549938e-01 8.875105583825780853e-01 8.834365622036104426e-01 8.928984914359893166e-01 8.925151831192387197e-01 8.905950918715741516e-01 8.913321149359294537e-01 8.927021008783255773e-01 8.949651812607302137e-01 8.915550190985622736e-01 8.877720789797508560e-01 8.932321656167989676e-01 8.928205939492722676e-01 8.928106357578200480e-01 8.944074452915163898e-01 8.915916721198855477e-01 8.925479719090843034e-01 8.921920053081195956e-01 8.930053862976909951e-01 8.908617058066166106e-01 8.920078782245270954e-01
5.602621793865511513e-02 1.786344842899359187e-01 3.616382385550762635e-01 6.358333612541336999e-01 4.743036543000543892e-01 5.371156193932239420e-01 7.651130398662683296e-01 7.597190423885711308e-01 8.255991462540301917e-01 7.818250444297282220e-01 8.559068371371946204e-01 1.000000000000000000e+00 8.132140527342754943e-01 6.754890064537252270e-01 9.099713064829144660e-01 8.988451186803224635e-01 8.348794878254262031e-01 7.948997107185639122e-01 8.384448758544551517e-01 6.292822051985215159e-01 8.389774923100326021e-01 8.707222439110658962e-01 8.076463791069725673e-01 7.573159829212593452e-01 7.870146863528457715e-01 8.908872349175183114e-01 8.981709090783033256e-01 8.759797915714481187e-01 8.775049972550017507e-01 9.068578335294115167e-01 9.334718361560874200e-01 9.059174679296571053e-01 8.679346906752333224e-01 8.781134576292598526e-01 8.835338894580359037e-01 8.744102573051186766e-01 8.907773407432030277e-01 9.205787975426392711e-01 9.299711341652737717e-01 8.813661850816316701e-01 9.280186925161130196e-01 9.285902085176190868e-01 9.201950861025779416e-01 9.382910003894220363e-01 9.219167189850800970e-01 9.284014064724557258e-01 9.350371393380820795e-01 9.374226417808012579e-01 9.238278279290018657e-01 9.052823222430829153e-01 9.306477927242479131e-01 8.872292981361558084e-01 9.233916121868510629e-01 9.298198150549680241e-01 9.250639917344769536e-01 9.281790743603113292e-01 9.177890963880803721e-01 9.365732809332647513e-01 9.294261770651782717e-01 9.367981998772290098e-01 9.403322259064520461e-01 9.339622942650297466e-01 9.264584582828992998e-01 9.332959490700407645e-01 9.289166283089961285e-01 9.349762975618717276e-01 9.381213091640268065e-01 9.351984874072595266e-01 9.330057637947832827e-01 9.161819653447897949e-01 9.367887366149572070e-01 9.378766147286645705e-01 9.096445313712959724e-01 9.211548918115335383e-01 9.397211867169650290e-01 9.402712431280011440e-01 9.329934744165441218e-01 9.352259405251157620e-01 9.343589824934825927e-01 9.389383081364680583e-01 9.349341970087510223e-01 9.427868734224934544e-01 9.339707084100518086e-01 9.364139290773115798e-01 9.282555621298597126e-01 9.318883036961506106e-01 9.312464648182392501e-01 9.419017236781676017e-01 9.390520494029929166e-01 9.342647375482522332e-01 9.253748273652873113e-01 9.415926592368638604e-01 9.388167358962866693e-01 9.410833113891591273e-01 9.401700167392553764e-01 9.408862376440981778e-01 9.278565224693252622e-01 9.264677416485217476e-01 9.379517948028431862e-01 9.371206671786576070e-01 9.362788651368384452e-01 9.384522140369971899e-01 9.382197989420792972e-01 9.433735038219430713e-01 9.378306533252614985e-01 9.325775985869804163e-01 9.363501185113289882e-01 9.396568043873828602e-01 9.388917037005878319e-01 9.414395564012469908e-01 9.384625639197604619e-01 9.418520834281474130e-01 9.408003274830932794e-01 9.412180918376048533e-01 9.390861228284489437e-01 9.389268513041492126e-01
2.663676624876301982e-02 1.256414779031428397e-01 3.048042393037451725e-01 5.458962087169660915e-01 4.911254342792241712e-01 4.797338937662598557e-01 6.749764324927228776e-01 6.952996163473248448e-01 7.604911097679238896e-01 7.170364575141098262e-01 7.645427152650811076e-01 8.132140527342754943e-01 1.000000000000000000e+00 5.970280953972276761e-01 8.159077413321010885e-01 8.171406794370975613e-01 7.367547162255437820e-01 7.006021965225462944e-01 7.489692896582355042e-01 5.981534248064628301e-01 7.629844267703119742e-01 7.714410454232835113e-01 7.345607594801204510e-01 6.818800966030794664e-01 7.057128393462819282e-01 8.007318667232505849e-01 8.017632185825436242e-01 7.776443900218273919e-01 7.805760869820872472e-01 8.063708706548693428e-01 8.388192855304679174e-01 8.160825060120698859e-01 7.786730008930136115e-01 7.959339511665031175e-01 8.007818111743972844e-01 7.929941167875796948e-01 8.014685603397180280e-01 8.257532124158677433e-01 8.378741344148942227e-01 7.920075717836365659e-01 8.349832807642476595e-01 8.355061556212578511e-01 8.293658280980017450e-01 8.441043267612998724e-01 8.266157069781965294e-01 8.384417203587984924e-01 8.479417936606575834e-01 8.456711544520457702e-01 8.268288835233987832e-01 8.079719335969018923e-01 8.338612243274662328e-01 8.124625499758373337e-01 8.403484229105899761e-01 8.366287217257567521e-01 8.313072588138968877e-01 8.396134668627026620e-01 8.180616847494018851e-01 8.434574815017867877e-01 8.307634791525281281e-01 8.533646561081491555e-01 8.509880115884060903e-01 8.396473026594939437e-01 8.266305208505851931e-01 8.381031603186391843e-01 8.330652298909430042e-01 8.486596516782914934e-01 8.474835035833795382e-01 8.438145016207597715e-01 8.448855121887665076e-01 8.420199877262303234e-01 8.471595858030378512e-01 8.457704113734532125e-01 8.271080811868087856e-01 8.307543415385428842e-01 8.454392447715043390e-01 8.444696058220447776e-01 8.372526236377720865e-01 8.377387037269609094e-01 8.348133232001947457e-01 8.423937325470688409e-01 8.390028091666685839e-01 8.508376518557524415e-01 8.429300667740662334e-01 8.431149002538212978e-01 8.341018773193649150e-01 8.418309993657968615e-01 8.432831133928256895e-01 8.490705700127400002e-01 8.501896209623985845e-01 8.431362986152525218e-01 8.285256110142353858e-01 8.464336780602167432e-01 8.475620572910078643e-01 8.496506174470743744e-01 8.489516164533105202e-01 8.498004777251393360e-01 8.297802241903871057e-01 8.305876012532388275e-01 8.388295197596137287e-01 8.420278315481820597e-01 8.449960655535956322e-01 8.394431436695489746e-01 8.473737930054696665e-01 8.512289687189147358e-01 8.470516836811246009e-01 8.360242943546604133e-01 8.393418943796625564e-01 8.500252050644790947e-01 8.499778616617383875e-01 8.486518589961713488e-01 8.468097558133260705e-01 8.545098852858009630e-01 8.488611614569187003e-01 8.483316918709228327e-01 8.467328111208679564e-01 8.506830543814731804e-01
