1.000000000000000000e+00 8.940916832610464049e-02 8.993312163528558584e-03 4.018581715781750774e-02 -2.457806976846480321e-02 -8.278242506248199503e-03 -5.420971829566728628e-02 7.880451261019046777e-03 1.422011496850933976e-01 3.761253979966279470e-02 -8.220494187979399472e-04 1.906705547568427611e-02 1.762434641254530601e-02 3.774141621498412042e-04 -2.827759340178629538e-02 -6.367963207507907480e-03 1.121576219208274272e-01 -1.721056327406641009e-02 -4.308450302833456702e-02 -1.411500048163105182e-02 -4.735884379610323311e-03 -9.392655667888105686e-03 1.338292554486021982e-02 -6.476631520036074674e-02 -9.398576343955014623e-02 1.030896722667583830e-02 -1.338601641975208263e-02 -5.983818814602242381e-02 1.458420065125312897e-03 1.885499301143261919e-02 -7.316662764652731576e-03 1.437474150227108227e-02 -1.304674838646591346e-02 -3.494382992289775825e-03 4.735557458908382783e-02 -3.671699215039201519e-02 -2.071467773157805239e-02 -3.797858120168258467e-02 -4.750022480535822517e-03 -1.183843330356691426e-01 -2.711762115622357375e-02 -5.694525802498336120e-02 -5.746178705192123148e-02 -1.260341078517716353e-02 -2.371162446334184118e-02 -3.949391015869652827e-02 1.609675435870005708e-02 2.055650834366150662e-02 4.471803306012217538e-02 1.592915828831905842e-02 -2.143504047570641766e-02 6.083642442037883943e-03 1.275163514551283690e-02 5.247404645760282704e-02 3.038044721086606212e-02 -1.867076635275862363e-03 9.092692744669168825e-02 -2.667526712773331601e-03 3.668590133353935318e-03 5.251688741607044020e-02 1.514826932203265468e-02 3.739482383515642383e-02 2.560183864379736093e-02 3.916361857587002254e-02 8.118378194528964864e-02 8.490147699969573247e-02 2.729844692208538426e-02 -7.187021976828525003e-04 1.335084879785996929e-02 9.821048733832306310e-03 -1.121552072532058103e-02 -5.317668098869162210e-03 -2.890251486976876463e-02 -3.753402638998861590e-02 -9.210233012724030124e-03 -1.449412950855010450e-02 -2.093385499977219039e-02 -5.581213328356766055e-03 -2.924557513074872717e-02 2.722263880025669464e-03 -6.873069396218157122e-03 -2.342081005994417400e-03 1.752152721751472700e-02 4.065887044094357305e-03 9.510355785597774834e-04 8.888597054559528587e-04 -9.738594809748882253e-03 -8.268403967209275035e-03 -1.491417634427258734e-02 1.166983672370268225e-02 -4.565651285139625537e-02 -2.657246787617744549e-02 -2.399793671771800058e-02 -2.129369879892977976e-02 6.877941230759999046e-03 7.744157026366876341e-03 -2.707731641456161738e-03 8.566219726805766876e-02 2.271740091634405836e-02 4.288591046031380765e-04 -3.303405142496813884e-02 2.515080230066062475e-02 1.974178231999643499e-02 7.539308623587349933e-03 1.598703718286595410e-02 5.875385823221785514e-02 4.787571331746939829e-02 9.737071781162259798e-03 6.679622834581231891e-03 1.327734539753408667e-02 -4.166487992101251814e-03 3.496814183109121094e-02 2.548638164694495140e-02 3.393069234296971354e-02 4.736512389138324008e-02 6.234041189651485376e-02
8.940916832610464049e-02 1.000000000000000000e+00 5.409460531300404329e-02 1.046956038336416123e-01 5.928209134842673395e-02 8.104734657313603097e-02 1.262494105401017197e-01 1.073751060415562980e-01 1.524983238648870698e-01 1.945274183588531491e-01 1.425136714374434510e-01 1.482283194060972364e-01 1.426502370277602239e-01 1.221979966818185076e-01 1.420561763902990771e-01 1.483748503145388142e-01 1.406332083550418388e-01 1.168513811429347238e-01 1.232768875643711487e-01 1.156801899753804735e-01 1.106194894213864549e-01 1.172750267756099141e-01 1.218818959682262948e-01 1.149783311476814951e-01 9.237480325573275974e-02 1.472181193699431401e-01 1.450655986448545487e-01 1.349757208414779641e-01 1.246933073973504197e-01 1.595555717183816113e-01 1.557200154185178764e-01 1.594082765199582585e-01 1.713338095976438269e-01 1.634724578441862364e-01 1.665862720046341616e-01 1.445776461937202106e-01 1.489827622941691243e-01 1.638620967691583052e-01 1.585712929378210179e-01 1.435371881908712177e-01 1.489913479302315824e-01 1.458335254091081279e-01 1.464395281918569602e-01 1.538422282273053943e-01 1.506378982954805490e-01 1.558767799426518941e-01 1.654784314551739077e-01 1.638140966499682383e-01 1.586214464329402662e-01 1.377377591345408103e-01 1.520735262229753193e-01 1.227471485264442358e-01 1.406826111326957562e-01 1.583699644672695861e-01 1.547957825263631682e-01 1.558189748341330116e-01 1.458262098388698469e-01 1.572044100524368493e-01 1.538602380610986642e-01 1.556113666438324050e-01 1.433956936422139394e-01 1.561222766163136710e-01 1.500285023744356294e-01 1.490850052982373442e-01 1.521028327329896901e-01 1.480937667402658919e-01 1.610057253070515948e-01 1.499670726774324780e-01 1.543236422939786856e-01 1.482663647203604218e-01 1.469976165504396914e-01 1.474445872727519757e-01 1.453893533109823777e-01 1.408862207089597030e-01 1.572247862879287972e-01 1.553130720210630644e-01 1.505697335481395449e-01 1.410937542978062120e-01 1.479629352917982976e-01 1.562531586950220708e-01 1.504893844744981946e-01 1.567141225514833702e-01 1.644882727419225699e-01 1.607295555546687238e-01 1.579766981013842608e-01 1.585811795001873248e-01 1.564827892647475405e-01 1.585869806877568122e-01 1.563062216770546575e-01 1.578360659913719266e-01 1.559871404316763577e-01 1.547612515549859902e-01 1.527731598501405053e-01 1.523547819309037099e-01 1.596803554696134830e-01 1.596586072235059994e-01 1.442926113038390523e-01 1.495996574627429243e-01 1.472014534605264879e-01 1.535561407875080941e-01 1.491860569126534086e-01 1.502205822567951321e-01 1.469730557488908851e-01 1.498396989381444722e-01 1.488841369072153864e-01 1.495887558092780234e-01 1.557736246731526442e-01 1.595430099837023274e-01 1.549790642882611369e-01 1.588155619850411815e-01 1.535707065697520801e-01 1.560615015818626883e-01 1.577418747007711120e-01 1.549017895716843507e-01 1.535799130159781478e-01 1.529181505112134631e-01
8.993312163528558584e-03 5.409460531300404329e-02 1.000000000000000000e+00 2.878023863048175812e-01 1.711308778151806043e-01 2.387050009992754129e-01 2.968784986871366716e-01 2.939243552794760794e-01 3.149180188872719999e-01 2.825999560243891984e-01 3.401832360215336637e-01 3.462785982155168196e-01 3.088999147871116513e-01 3.064836270688606201e-01 3.516347830374527139e-01 3.389393708122174220e-01 3.211270851975999152e-01 3.355046400999261436e-01 3.349559096945545211e-01 2.634667981859413199e-01 3.256758832731245779e-01 3.432592473893510410e-01 3.155156722819829063e-01 3.157255652351355635e-01 3.209926954254221365e-01 3.411612515942957224e-01 3.310662999765868753e-01 3.376715267612235838e-01 3.380099975298411219e-01 3.345404913149626069e-01 3.545804335500330473e-01 3.586542101850545006e-01 3.367996527223706682e-01 3.584845039690095492e-01 3.445703340905780232e-01 3.426447427166480209e-01 3.440640654750285465e-01 3.574205003725955399e-01 3.584760452167342071e-01 3.292238533023290059e-01 3.473992899725015238e-01 3.539354010155968400e-01 3.524038781353282523e-01 3.524536530391367828e-01 3.523427207210101941e-01 3.488564009067256499e-01 3.513405249833735922e-01 3.529063878216134320e-01 3.610599848366992659e-01 3.656025731236821064e-01 3.569951139502712811e-01 3.552406406525002169e-01 3.521030405963072041e-01 3.476702958143967903e-01 3.549601211748820151e-01 3.518245617390500790e-01 3.501865058877188241e-01 3.513837476258438453e-01 3.501542174413783126e-01 3.448836978200818804e-01 3.530628469080620002e-01 3.542346425516209596e-01 3.552412847721053146e-01 3.554778780755557532e-01 3.544120877687433335e-01 3.528880664726983807e-01 3.557794919624968633e-01 3.544829948564173772e-01 3.567764171844250987e-01 3.527717676691884408e-01 3.614214661452579969e-01 3.568661146633058112e-01 3.521032641016664799e-01 3.576848033064181642e-01 3.509765865674991381e-01 3.515969995584943830e-01 3.539523157553042809e-01 3.513424593107959404e-01 3.577592225527104763e-01 3.517373314605696799e-01 3.567026624640372012e-01 3.581371005874745550e-01 3.577612230246848823e-01 3.516478809188878230e-01 3.662987635595638114e-01 3.592701901645989349e-01 3.594985250966316048e-01 3.597285157831263125e-01 3.561980418040487373e-01 3.623929605782796326e-01 3.537321842015297424e-01 3.556706995096574064e-01 3.517999352630375443e-01 3.549668923201479975e-01 3.533395953526324296e-01 3.551511912782999159e-01 3.674750526592875932e-01 3.640766879307483772e-01 3.584377260775238327e-01 3.585814089651181980e-01 3.562417392183496179e-01 3.617036394877748973e-01 3.581603147610403215e-01 3.585506698254844471e-01 3.607700382424360308e-01 3.597466872003813876e-01 3.620294262841048383e-01 3.540281608711586259e-01 3.575955953343846194e-01 3.555853369952014509e-01 3.543168100520580621e-01 3.509804871121253167e-01 3.550710929921723213e-01 3.583144746687627058e-01 3.561627144782058552e-01 3.547119310523494939e-01
4.018581715781750774e-02 1.046956038336416123e-01 2.878023863048175812e-01 1.000000000000000000e+00 3.380663896131151369e-01 3.611303798303922563e-01 5.454661798688464902e-01 5.464185016574910625e-01 5.455707604768912367e-01 4.911533881547723857e-01 5.667471587762854535e-01 6.265140394099866228e-01 5.312247659117932397e-01 4.904315797271293631e-01 6.119027746396007439e-01 6.132380777762616031e-01 5.619671873043856625e-01 5.441790943714376327e-01 5.619064387469933086e-01 4.984215719204692641e-01 5.726149091228641685e-01 5.913692681750055691e-01 5.239128989796207891e-01 4.998438864095252065e-01 5.121900868358275627e-01 5.946118631297123702e-01 5.980872834833775853e-01 5.969824914697919871e-01 5.849533254963807938e-01 5.887076676421357790e-01 6.138902228050604482e-01 6.027842653857510280e-01 5.828291514894893277e-01 6.096505065439132842e-01 5.733418780965786610e-01 6.215729050485392371e-01 6.028620855402092582e-01 6.203752789908367760e-01 6.253558317943668232e-01 5.869318579927450541e-01 6.038419150747988962e-01 6.175715709107528761e-01 6.249834065881111345e-01 6.319249876102527308e-01 6.262932124804375666e-01 6.129584331371954464e-01 6.185980182932123705e-01 6.185035882646036098e-01 6.282125380238384738e-01 6.423762899679781313e-01 6.295580863873952993e-01 6.481606195916559399e-01 6.283699773615420980e-01 6.171506424426871362e-01 6.252578453396068214e-01 6.306014947666814807e-01 6.296873572261620922e-01 6.223683841214984191e-01 6.183574797157348479e-01 6.163605048849501999e-01 6.332404307561352308e-01 6.218700933774835571e-01 6.295543808377200845e-01 6.374504116367529782e-01 6.343240080225480693e-01 6.329071270892533407e-01 6.205812213137898992e-01 6.157648158033789398e-01 6.047814355198137815e-01 6.165968140388898844e-01 6.247859148167506094e-01 6.248504649350028473e-01 5.964424177409733963e-01 6.115882796322058557e-01 6.152468295172094370e-01 6.100685876623044290e-01 6.110817709104091611e-01 6.114372446316073129e-01 6.108803046338738829e-01 6.089990189695075884e-01 6.109563805944576709e-01 6.254802302299380390e-01 6.404216684151119443e-01 6.068168229355644927e-01 6.290171394789247916e-01 6.209190427410409274e-01 6.244704902092389487e-01 6.243473272314560285e-01 6.218266553334507174e-01 6.391905931250153605e-01 6.105871516827039436e-01 6.233320085496329988e-01 6.259863144324349093e-01 6.211328253955066270e-01 6.214133512736925713e-01 6.227109651920639255e-01 6.458917264265604530e-01 6.488498398194605388e-01 6.414170982595185366e-01 6.353490594214640241e-01 6.306921324690875075e-01 6.376702104403350058e-01 6.345123012259866746e-01 6.344960469890716936e-01 6.486572916569155467e-01 6.423415818456955639e-01 6.411549801715876740e-01 6.229975437575765440e-01 6.276441439450671789e-01 6.291090746111058785e-01 6.306551928192631884e-01 6.246392922478483101e-01 6.275993755873104929e-01 6.355134030905156273e-01 6.340580167804721334e-01 6.322416915172418550e-01
-2.457806976846480321e-02 5.928209134842673395e-02 1.711308778151806043e-01 3.380663896131151369e-01 1.000000000000000000e+00 3.057649846902354418e-01 4.489842732542762005e-01 4.712284447500192930e-01 4.343271805970186916e-01 4.003979643084600859e-01 4.439228677527456979e-01 4.865597350513184427e-01 4.789025513269903889e-01 4.145577107603551359e-01 5.021308933688447551e-01 5.026353667115395218e-01 4.015489555090692164e-01 4.250105266934938730e-01 4.509705047860994021e-01 3.951460937911077664e-01 4.342560185734452016e-01 4.637065101404639345e-01 4.074905112594522927e-01 4.193633330696812656e-01 4.336046048983797641e-01 5.083654495795125738e-01 4.820073553237567698e-01 4.847616094931611053e-01 4.803914596638423906e-01 4.890368015395505363e-01 5.044976643263131555e-01 4.609673359372636892e-01 4.471206144654693015e-01 4.648597681035979701e-01 4.571752943197421870e-01 4.603194790661312430e-01 4.899852487257446154e-01 4.667575744200880838e-01 4.907372784416323963e-01 4.547801829429319320e-01 4.965185003920900009e-01 5.006470060674027556e-01 4.974605450450853006e-01 5.012427622476719469e-01 5.025763224963630815e-01 5.013506873126983843e-01 4.932539866509527693e-01 4.958844351155793917e-01 4.787984650010611021e-01 4.597120213898754360e-01 4.768507833167148768e-01 4.808553167285502528e-01 5.047348678560200641e-01 4.835862763263200637e-01 4.780461573180269652e-01 4.775172277100933615e-01 4.450392126092815315e-01 4.892562800476439322e-01 4.625665328589840253e-01 4.954885565392245228e-01 4.913878676288860325e-01 4.755606082046995864e-01 4.783879377441686009e-01 4.815797694787615768e-01 4.859802482134261692e-01 4.798058943373707530e-01 4.947812628940707058e-01 4.957516172880364613e-01 4.936746511014666883e-01 4.985790101879740699e-01 5.029142970119583333e-01 5.059626878682311757e-01 4.853485934321207784e-01 4.972227919287346976e-01 5.090587473344995173e-01 5.022772214371015176e-01 4.947955156151104816e-01 5.013858118665490693e-01 5.011800327964417434e-01 4.995023240042413826e-01 4.965984373968236887e-01 5.064566629727411673e-01 4.838143242355494311e-01 4.931712209470247021e-01 4.890943611755388942e-01 4.911352828395462722e-01 4.970650860730447262e-01 5.000846358818993309e-01 4.958332574231011369e-01 4.980462775570798639e-01 4.968173033385401838e-01 5.051407339983110534e-01 5.042377323207494211e-01 5.028316578919030944e-01 5.025239080361784128e-01 4.997164906920269489e-01 4.925753025915208805e-01 4.854464956572062673e-01 5.058065414865564602e-01 4.990347943488011029e-01 5.061432935448274550e-01 4.966288663529263014e-01 5.101764599529321487e-01 5.099496038331563508e-01 5.033599038901332978e-01 4.876364967554682739e-01 4.971413746836556014e-01 5.016237319014774654e-01 4.996274491593084566e-01 4.997151392834965344e-01 4.912388224230107570e-01 5.047988168908210671e-01 4.935592899010081136e-01 4.991429183033715966e-01 4.941602129147491529e-01 4.966289098552502668e-01
-8.278242506248199503e-03 8.104734657313603097e-02 2.387050009992754129e-01 3.611303798303922563e-01 3.057649846902354418e-01 1.000000000000000000e+00 5.344839607374063384e-01 4.724445191781344033e-01 5.020407255735369612e-01 4.967997915570737666e-01 5.291602427938545405e-01 5.701982997059165115e-01 5.157673701113948406e-01 5.030091637326855603e-01 5.882100301271405707e-01 5.673604288968255860e-01 5.094910318684142680e-01 5.038756199287264259e-01 5.331585213454553829e-01 4.741527305068286569e-01 5.190096491366322784e-01 5.398463845963396013e-01 4.979681899155065095e-01 4.974183224490001942e-01 5.036625207772705837e-01 5.822773054045506935e-01 5.849286354693399304e-01 5.863152129734235940e-01 5.644901435011426827e-01 5.839678545606120652e-01 6.014062536062247943e-01 5.642807744465084818e-01 5.499656640986153588e-01 5.755115973303812638e-01 5.459443399339215519e-01 5.612426306765045947e-01 5.979441744988128749e-01 5.737711383672100540e-01 5.969849905650765898e-01 5.608048183580267576e-01 5.934730546324435974e-01 5.958260981267228251e-01 5.981808911503095905e-01 6.053146264199700255e-01 6.017671275810256848e-01 6.004456550674350801e-01 5.922802888851300684e-01 5.942983954779683664e-01 5.796096625574689298e-01 5.480792119895342429e-01 5.764208284691282325e-01 5.637798073261927057e-01 5.801108011610838222e-01 5.826478489642107350e-01 5.731471533562614296e-01 5.807519643625337347e-01 5.461078377422254881e-01 5.921452619427391983e-01 5.645317095249678951e-01 5.897780726788844907e-01 5.877032189071981216e-01 5.824079632479539637e-01 5.765439909347316316e-01 5.856268085996393369e-01 5.788469313762030222e-01 5.706609928659066577e-01 6.013648460473449697e-01 6.021188143287021788e-01 5.968371377796262145e-01 5.996710768355334453e-01 6.022390665638327478e-01 6.033662100219749913e-01 5.930905929775790453e-01 5.991653396220892880e-01 6.067139477789246227e-01 6.048498513469523497e-01 6.033964240931166678e-01 5.956955673383280692e-01 5.995717711978619802e-01 6.075664597065484340e-01 6.053640103605920642e-01 6.066688691557405866e-01 5.959557963449890750e-01 5.977650188963270494e-01 5.977152866323748315e-01 6.009629311388743345e-01 6.029495290254054396e-01 6.035759377996893216e-01 6.033000042182642408e-01 5.965033850079122235e-01 6.021300319381929222e-01 6.031132892654302857e-01 6.048537885616206422e-01 6.065212407033341302e-01 6.032882243825753443e-01 6.023007947596907830e-01 5.879820762312718552e-01 5.739308236253339857e-01 5.984914168007809954e-01 5.998556041417816287e-01 6.045558627907104965e-01 5.951853427836049093e-01 6.005916692144965818e-01 6.029563007518896622e-01 5.992732321576088594e-01 5.806312967430200533e-01 5.931969279039777110e-01 6.022810198324639597e-01 5.995579084244071488e-01 5.993458224421777114e-01 5.967720191822362130e-01 6.003670415695215867e-01 5.975304408151369540e-01 5.989746394951586117e-01 5.976244308180634901e-01 5.903275833142721529e-01
-5.420971829566728628e-02 1.262494105401017197e-01 2.968784986871366716e-01 5.454661798688464902e-01 4.489842732542762005e-01 5.344839607374063384e-01 1.000000000000000000e+00 7.092313590711006865e-01 6.690556640581547532e-01 6.550540042306230992e-01 7.335038571083034586e-01 7.817172426839219535e-01 7.128704085478400065e-01 6.604011447017266168e-01 8.400217615161087448e-01 7.840180329149402105e-01 6.602699708330386219e-01 7.092122493023419461e-01 7.359639753129062489e-01 6.446906171954732701e-01 7.102925500965786565e-01 7.404051823559081313e-01 6.915303420931399048e-01 6.892898752086319414e-01 7.013796990787288799e-01 7.982417192408060025e-01 7.838512179390030310e-01 8.075432750640194612e-01 8.035701768441280146e-01 7.968787470571014886e-01 8.257781972758941880e-01 7.772171391340040314e-01 7.556405469445656164e-01 7.813208237599320594e-01 7.452131445395931975e-01 7.705700908250665560e-01 7.989064484940124888e-01 7.959088420437236966e-01 8.070684586465631805e-01 7.796294298773224218e-01 8.062431976887881602e-01 8.137962578017108317e-01 8.214440495607561177e-01 8.261599332961661046e-01 8.186612339303608321e-01 8.264642538526093540e-01 8.041914559070169055e-01 8.062028961701670493e-01 7.939078782818640434e-01 7.665649514402279596e-01 7.971080457930029839e-01 7.719993026397715674e-01 7.986175610687952231e-01 7.897714160565412200e-01 7.905441608344290216e-01 8.027938062935697783e-01 7.552337376057103313e-01 8.027411850351420242e-01 7.843824898528864997e-01 7.966783102749500634e-01 8.066463563581400820e-01 7.915164993468062349e-01 7.899590374766327638e-01 7.960924573215786282e-01 7.808781413720886633e-01 7.820641671076691281e-01 8.077193123641150940e-01 8.145846942641343791e-01 8.111224851505135502e-01 8.094550466544100376e-01 8.170886126424562468e-01 8.134726243693956027e-01 7.999543362865515483e-01 8.116427828258888644e-01 8.204042709969099345e-01 8.169741516719815078e-01 8.237926140648479389e-01 8.242482113435313229e-01 8.248618004640591028e-01 8.154695375077372077e-01 8.135330071220457926e-01 8.223575609626677663e-01 8.060295939480227601e-01 8.058615033444099796e-01 8.066443711705458819e-01 8.082955235527443660e-01 8.176359670724874240e-01 8.192774499447129655e-01 8.179503714352068799e-01 8.176212668094975378e-01 8.169401007578086515e-01 8.235998178228033373e-01 8.238791592552809906e-01 8.265316391809094387e-01 8.133803521415269300e-01 8.146208492249548128e-01 8.064494747710460043e-01 7.868887705467363380e-01 8.159913306370472075e-01 8.135024789034305259e-01 8.253952254612979544e-01 8.080591437592009596e-01 8.122771738471189495e-01 8.188798921682338694e-01 8.146063168631147988e-01 7.952521364750765320e-01 8.074121330962478194e-01 8.126460367175399879e-01 8.171862899100078570e-01 8.126866038649983581e-01 8.120365295913815062e-01 8.085298208282646337e-01 8.077890402666515479e-01 8.079292266885371721e-01 8.026617605096852959e-01 7.990575728128540556e-01
7.880451261019046777e-03 1.073751060415562980e-01 2.939243552794760794e-01 5.464185016574910625e-01 4.712284447500192930e-01 4.724445191781344033e-01 7.092313590711006865e-01 1.000000000000000000e+00 6.838846954427951763e-01 6.424875418338455990e-01 7.353531767955594489e-01 7.744939990175221389e-01 6.924452881025767725e-01 6.594509290915495647e-01 7.934547152133045733e-01 7.871102758279205913e-01 6.821715624397173272e-01 7.004063391628467805e-01 7.249283129343572218e-01 6.452879560511514123e-01 7.144980097251221185e-01 7.400013285103197447e-01 6.901083415308284508e-01 6.743878232366692371e-01 6.721412531518874411e-01 7.683861481147417072e-01 7.622210815032066655e-01 7.592405220219462514e-01 7.690396404038337685e-01 7.754679907331535338e-01 8.000257350679254031e-01 7.820052814302136390e-01 7.441107019174131310e-01 7.781117924011321518e-01 7.395376389943997264e-01 7.620453360279051402e-01 7.758422019346069565e-01 7.804266163124735645e-01 8.001870310853994583e-01 7.394451890643977121e-01 7.818880591312749040e-01 7.900014674697808381e-01 7.898728096562731560e-01 8.052022202520103811e-01 7.976079735160771511e-01 7.886458622639711535e-01 7.958082255589526977e-01 7.976356798870001263e-01 7.958069294925674830e-01 7.741735435517219654e-01 7.907732310896796735e-01 7.631607940182487670e-01 7.898515623102861927e-01 7.854024206536250885e-01 7.895242214989646179e-01 7.895101000412876324e-01 7.722010980501906596e-01 7.887654669920737271e-01 7.816365291478284405e-01 7.957499063393097538e-01 8.009776737666016722e-01 7.917319194958323259e-01 7.910430107485760809e-01 8.008610338028774311e-01 7.861659945144320316e-01 7.857916185354306693e-01 7.990140137785868291e-01 7.998299888946759362e-01 8.003571544808034677e-01 8.046469207050519490e-01 8.048127333589994992e-01 8.011529237333813169e-01 7.852519662563546277e-01 7.926700119503422570e-01 7.994158383066483076e-01 7.934407170893331696e-01 7.959880716073526319e-01 8.029921843072888032e-01 7.959281186692072074e-01 7.967120693679814458e-01 7.917718421283046482e-01 8.027548776215540638e-01 8.035719351367222041e-01 7.910180404111060160e-01 8.006636151339697749e-01 8.023990990158328396e-01 7.994279522567618868e-01 8.048888568453332892e-01 8.000430098144740709e-01 8.062519562722525457e-01 7.897132494716755380e-01 8.017535983246816267e-01 8.013905086170903802e-01 8.017588552023432458e-01 7.999571670296432568e-01 8.007001576664800613e-01 8.048730670447646895e-01 7.970783089830816293e-01 8.098305367908895658e-01 8.064072735243905665e-01 8.053480652512776672e-01 8.080943703621786822e-01 8.002559887218301249e-01 8.104190255936589704e-01 8.058687462184110917e-01 7.992188897475839271e-01 8.071222976966305751e-01 7.986704485772594397e-01 8.048243138467702229e-01 8.045151625324373779e-01 8.030435210578197314e-01 8.020195562117322652e-01 8.035080464402623024e-01 8.057755505232729876e-01 7.972838125686346755e-01 7.945308818258978167e-01
1.422011496850933976e-01 1.524983238648870698e-01 3.149180188872719999e-01 5.455707604768912367e-01 4.343271805970186916e-01 5.020407255735369612e-01 6.690556640581547532e-01 6.838846954427951763e-01 1.000000000000000000e+00 7.172900186067917572e-01 7.705806920649455050e-01 8.150775182508527283e-01 7.331762374186130415e-01 6.818225847143078999e-01 8.063993678489022043e-01 8.064316956041177598e-01 7.631508875040957651e-01 7.079055269550131868e-01 7.364246591508195605e-01 6.074945912370081080e-01 6.955027032457584690e-01 7.432363611738311837e-01 7.037952637740780837e-01 6.627772151172603987e-01 6.604778939607979238e-01 8.077004502788708296e-01 7.954174025681943760e-01 7.649907077169177949e-01 7.762695572524677123e-01 8.143280577493429151e-01 8.297653841085369519e-01 8.093033531252387114e-01 7.576809894775561327e-01 8.037724449654758407e-01 7.843409542565668024e-01 7.715586158247823567e-01 8.119220903585884219e-01 8.039149600735305823e-01 8.315537996570677715e-01 7.245548018793035450e-01 8.200336044081867337e-01 8.020937330260226039e-01 8.008041455992498392e-01 8.355595848498086342e-01 8.291542521461737758e-01 8.126354247772987760e-01 8.530178669023621429e-01 8.592744384562668314e-01 8.551069274223815908e-01 8.067450635560644567e-01 8.153614858698272627e-01 8.042760819031583575e-01 8.355143128087204607e-01 8.621803662400804313e-01 8.445122038099656114e-01 8.292824519174171183e-01 8.460104589832377897e-01 8.388121221280734341e-01 8.295426200157436369e-01 8.688953953562785770e-01 8.506780755261305060e-01 8.579537555104396196e-01 8.457120807732382284e-01 8.580167553706805617e-01 8.682676244849767411e-01 8.663125624570431338e-01 8.611203255206585361e-01 8.461062638630290067e-01 8.408840874486245287e-01 8.366047334101988087e-01 8.375769070533206628e-01 8.406060049767656306e-01 8.143177784745242453e-01 8.184114943414657617e-01 8.441853058287194234e-01 8.402222033525892364e-01 8.279143229544023708e-01 8.316904116546248726e-01 8.269436618542002071e-01 8.497161048841039843e-01 8.432826734795918489e-01 8.499919737250741791e-01 8.461593914186426035e-01 8.416859506205450758e-01 8.372908162248098307e-01 8.397338414514380345e-01 8.381808182292620479e-01 8.406291642969799804e-01 8.404331304300146632e-01 8.485002210481743523e-01 8.174246725078274656e-01 8.364879931359285870e-01 8.394003633067183001e-01 8.385828555215744107e-01 8.542009611929397561e-01 8.567520494253585417e-01 8.233563238693962782e-01 8.581003883375410979e-01 8.526708711329755719e-01 8.407801286528685525e-01 8.327049865438086451e-01 8.532795159314080502e-01 8.558416468043860137e-01 8.525026313922340337e-01 8.529389051180769066e-01 8.572229501311167121e-01 8.626131592071849541e-01 8.567031193693958047e-01 8.526138476554837586e-01 8.561498048516663628e-01 8.446944628693697776e-01 8.657843928882188456e-01 8.601753749625381529e-01 8.621739479565168063e-01 8.672256790263125348e-01 8.696436962220731592e-01
3.761253979966279470e-02 1.945274183588531491e-01 2.825999560243891984e-01 4.911533881547723857e-01 4.003979643084600859e-01 4.967997915570737666e-01 6.550540042306230992e-01 6.424875418338455990e-01 7.172900186067917572e-01 1.000000000000000000e+00 7.118412619714598044e-01 7.560604939399500068e-01 6.835341773676897326e-01 6.371153318203895966e-01 7.689512323040728070e-01 7.547790000273016942e-01 6.887479750564317049e-01 6.781811359880605128e-01 7.050138704726884864e-01 5.849783722238267591e-01 6.573256081309037935e-01 6.953847592175393943e-01 6.900817780921307820e-01 6.548904458486947133e-01 6.331066504124147620e-01 7.649997743538999861e-01 7.621392555291739423e-01 7.545344015922859082e-01 7.492814324427163886e-01 7.689711168133300800e-01 7.847836386304966050e-01 7.820653496593771292e-01 7.447081981086293156e-01 7.722759826232685754e-01 7.351115634157876499e-01 7.386556473292026359e-01 7.617343354038050851e-01 7.863566775803300102e-01 7.892935716645093081e-01 7.355502662485312593e-01 7.884314247627607353e-01 7.781178798011575415e-01 7.687534760589181948e-01 7.905512958695185555e-01 7.859133598892734662e-01 7.786975613187073764e-01 7.974884253511610455e-01 8.018946716341058822e-01 7.903018047875154384e-01 7.476242567832390717e-01 7.763091236427865915e-01 7.242109414113800936e-01 7.695715364355483201e-01 7.921031542368942580e-01 7.845391432066128878e-01 7.951039469817335892e-01 7.612051341456657072e-01 7.934611345821973583e-01 7.839134236858030791e-01 7.979796416810857052e-01 7.864265843485767071e-01 7.916694654399453190e-01 7.853993676579015260e-01 7.860409234213279195e-01 7.795241990765920947e-01 7.795056082146742948e-01 7.967195184316406831e-01 7.907451316900078186e-01 7.927027336703322824e-01 7.790381415247787933e-01 7.860124946778618282e-01 7.869144222902916264e-01 7.789963015544464353e-01 7.752919046617109400e-01 7.962643304699709157e-01 7.950864569949814831e-01 7.900487455272015014e-01 7.887830697832106663e-01 7.873084613541350141e-01 7.949191111299509505e-01 7.934185185863562584e-01 7.981609007329845129e-01 7.926902136100336671e-01 7.928970068264343807e-01 7.871045122197437571e-01 7.929005898284897658e-01 7.932465752823257832e-01 7.945034267115532733e-01 7.921187600993518929e-01 7.932926723914445200e-01 7.878841620046275196e-01 7.941374256307432988e-01 7.944767733379319852e-01 7.943882664413041139e-01 7.972731776454358155e-01 8.001802642083277739e-01 7.681316434993554765e-01 7.619919612943547582e-01 7.821200524116510566e-01 7.846474343829050735e-01 7.875940633578822903e-01 7.848397004054181725e-01 7.887912136317463130e-01 7.916797738108555249e-01 7.846278395081877077e-01 7.794534148116105676e-01 7.873849483630674939e-01 7.996187222304412812e-01 7.962559378384800324e-01 7.983313647687306780e-01 7.937067653024276748e-01 7.963350182751893769e-01 7.964259691751965908e-01 7.909535138239270902e-01 7.909705216362306057e-01 7.863376445477153753e-01
-8.220494187979399472e-04 1.425136714374434510e-01 3.401832360215336637e-01 5.667471587762854535e-01 4.439228677527456979e-01 5.291602427938545405e-01 7.335038571083034586e-01 7.353531767955594489e-01 7.705806920649455050e-01 7.118412619714598044e-01 1.000000000000000000e+00 8.529773271739702345e-01 7.421676553377490881e-01 6.883688661344807835e-01 8.529808834274926754e-01 8.398146536380591831e-01 7.483339739894103726e-01 7.626983057272777033e-01 7.871932469684015388e-01 6.680099993762038668e-01 7.464645872087144474e-01 7.866916789024557266e-01 7.532165785404585368e-01 7.273818146138414376e-01 7.257480494733156151e-01 8.245566430909491151e-01 8.341593514651780561e-01 8.265582811906480032e-01 8.158112253515051870e-01 8.387673702663167585e-01 8.730378585288595117e-01 8.505763480275581045e-01 8.138631027834803966e-01 8.548820745443603819e-01 8.092513218744374903e-01 8.317167957141070600e-01 8.612364015652115290e-01 8.631458000251902574e-01 8.713014019605413996e-01 8.211711514428895464e-01 8.627704339527934030e-01 8.629748548745135306e-01 8.637749847069238207e-01 8.750433684130370926e-01 8.719041474822307736e-01 8.613206834939548528e-01 8.783397927956322349e-01 8.797920756588544222e-01 8.733623857234491528e-01 8.487048370374791206e-01 8.676324809674170746e-01 8.366862537607174799e-01 8.637936103420951195e-01 8.688017264546814555e-01 8.703127486296865500e-01 8.740777888121753492e-01 8.484960413409882163e-01 8.732465789233172515e-01 8.682132299326358327e-01 8.735511241771163338e-01 8.807313649441340653e-01 8.782363574509443049e-01 8.740649112104201812e-01 8.750504168948397554e-01 8.623361586997944084e-01 8.628841066477063171e-01 8.772502070426276832e-01 8.774166417725860478e-01 8.722016557838946360e-01 8.704693129812143271e-01 8.744764668069153757e-01 8.744021040525082888e-01 8.608682972392218691e-01 8.650043015859875117e-01 8.764521165850955864e-01 8.756347158899937533e-01 8.707015325384203086e-01 8.701770653146227996e-01 8.696412429245787834e-01 8.757987303468685036e-01 8.749579651418304405e-01 8.818755327744697281e-01 8.761983826884811588e-01 8.710756291729644385e-01 8.763235657962102909e-01 8.766686969345037772e-01 8.788859142399083613e-01 8.798585800259686174e-01 8.805997687603882573e-01 8.805505081897356812e-01 8.717949699690462628e-01 8.797987034164556075e-01 8.792818921740120919e-01 8.796491651512183818e-01 8.811086480547914990e-01 8.823985783024200780e-01 8.700661780904616061e-01 8.600676443600472343e-01 8.773942587521653680e-01 8.812721148917853631e-01 8.808940456067932967e-01 8.802532899004477107e-01 8.786448745548918193e-01 8.825587441149700396e-01 8.801405427532615899e-01 8.713526327142635530e-01 8.758601373923897704e-01 8.802978468192855788e-01 8.819419509112874644e-01 8.830415110046689886e-01 8.836605174748904945e-01 8.793159693257383003e-01 8.819704798956128355e-01 8.805951278074399813e-01 8.742472727680695721e-01 8.708291585031419091e-01
1.906705547568427611e-02 1.482283194060972364e-01 3.462785982155168196e-01 6.265140394099866228e-01 4.865597350513184427e-01 5.701982997059165115e-01 7.817172426839219535e-01 7.744939990175221389e-01 8.150775182508527283e-01 7.560604939399500068e-01 8.529773271739702345e-01 1.000000000000000000e+00 8.021788647421892460e-01 7.540871924291563388e-01 9.138363739684971510e-01 9.010596405062186731e-01 8.051780291073562523e-01 8.030206895025981950e-01 8.349829480784772828e-01 7.043898839632455333e-01 7.984511941415736169e-01 8.462317618771620920e-01 7.953788082429620321e-01 7.623077267126705525e-01 7.688565664678416178e-01 8.927529735660313381e-01 8.953038375557643702e-01 8.903452038723392858e-01 8.832545359991343936e-01 9.019858167678380667e-01 9.304703563774782138e-01 9.049573651345317327e-01 8.752151724025584167e-01 9.032121351903907858e-01 8.667839779113430954e-01 8.854505534464760519e-01 9.102397403040883850e-01 9.206517684938239077e-01 9.335850860629771875e-01 8.694871249682192271e-01 9.216158747701429510e-01 9.200571448680983089e-01 9.231514379496951195e-01 9.411689071770779069e-01 9.325098718523835428e-01 9.231141340078559132e-01 9.402327041627641657e-01 9.424898185855776767e-01 9.363857795211253388e-01 9.082920209483895668e-01 9.267177891630526965e-01 8.990709239114393903e-01 9.273454311272830708e-01 9.351265798040629962e-01 9.342008491117357316e-01 9.337414904084143652e-01 9.143953402223842231e-01 9.347058295149277551e-01 9.267848544067579519e-01 9.396465184701189299e-01 9.439260798987006984e-01 9.395744740408403795e-01 9.351307040852383512e-01 9.405000990184733123e-01 9.297900123809555994e-01 9.310088212383594852e-01 9.416451428221110920e-01 9.368080866809515017e-01 9.317686847217959700e-01 9.289917593612132540e-01 9.381976605748365561e-01 9.381265047988605055e-01 9.141801106295490698e-01 9.224144749754766837e-01 9.395153448191340129e-01 9.389418258515768168e-01 9.357873724244661906e-01 9.360036575104486722e-01 9.319758317711346329e-01 9.380904152610204383e-01 9.353543164863359349e-01 9.440953221269072770e-01 9.374725979729864322e-01 9.348326554484586159e-01 9.354654716951044113e-01 9.351749293033021493e-01 9.398996669860903985e-01 9.410195041830347051e-01 9.414538493437515365e-01 9.441575376816100373e-01 9.313206988459302726e-01 9.407996276175393247e-01 9.422395939881991200e-01 9.408449935246883111e-01 9.432119281637596497e-01 9.449620178840291151e-01 9.286467217840971289e-01 9.265048212450486265e-01 9.419243030089810009e-01 9.411255603644375078e-01 9.407235483281215505e-01 9.434117856165051830e-01 9.438058555080895973e-01 9.468793453435244700e-01 9.442572337504052671e-01 9.372959572959764785e-01 9.416923841707853793e-01 9.443878511933228026e-01 9.459833136206085014e-01 9.452964875448038873e-01 9.431332498755818916e-01 9.442063133168488998e-01 9.455319844426296472e-01 9.453179819232989667e-01 9.415809506125198958e-01 9.398700464343631156e-01
1.762434641254530601e-02 1.426502370277602239e-01 3.088999147871116513e-01 5.312247659117932397e-01 4.789025513269903889e-01 5.157673701113948406e-01 7.128704085478400065e-01 6.924452881025767725e-01 7.331762374186130415e-01 6.835341773676897326e-01 7.421676553377490881e-01 8.021788647421892460e-01 1.000000000000000000e+00 6.800671341869287678e-01 8.170009237501680843e-01 8.079473788405675538e-01 6.936859738526820474e-01 7.057466623023115337e-01 7.455091255040645626e-01 6.389340257048325977e-01 7.081208417399735833e-01 7.546727193602765782e-01 6.935517027774795729e-01 6.808621189290260389e-01 6.931550293609448632e-01 8.087741173033466957e-01 7.985856943853111289e-01 7.880744894651231514e-01 7.892854643303923723e-01 8.104952081438429046e-01 8.306952647347846108e-01 7.884208126622835877e-01 7.598161820574570458e-01 7.912635730510620968e-01 7.802832486843847004e-01 7.590123884917577834e-01 8.079384751546896393e-01 7.976616187642675548e-01 8.243849631045319093e-01 7.468422804225238743e-01 8.222205296318573220e-01 8.140085929123674902e-01 8.162271514721688437e-01 8.340822230952387173e-01 8.257333207269177411e-01 8.228011695957007099e-01 8.345739200906454602e-01 8.354304505686473981e-01 8.179220147548692532e-01 7.713457124222506955e-01 7.992502782536369255e-01 7.804471402832544591e-01 8.215011970812465814e-01 8.330469855066259255e-01 8.250294996654968793e-01 8.169371502094842086e-01 7.931777090601641600e-01 8.280277145850231113e-01 8.057731061288949670e-01 8.394665937573958514e-01 8.338939932612439154e-01 8.285714943296577095e-01 8.197215392369753273e-01 8.252614531243949170e-01 8.234694090814894674e-01 8.246845108808418257e-01 8.394967476438851550e-01 8.381837326309137248e-01 8.338696740736580848e-01 8.370754801107797016e-01 8.380146729904793812e-01 8.374735547652313317e-01 8.176074907229947675e-01 8.251801536946852256e-01 8.413771089460009289e-01 8.372646259544168634e-01 8.318583911178765167e-01 8.347096576918159316e-01 8.339359283737530770e-01 8.397879898506789287e-01 8.365523810969389684e-01 8.438608433558286714e-01 8.235424980205222623e-01 8.328034026604603790e-01 8.254385780192293742e-01 8.305193433372068945e-01 8.337243222558994304e-01 8.375644257136413140e-01 8.365397449222491399e-01 8.355432434945976317e-01 8.272644982820088755e-01 8.380760436208332109e-01 8.392961355835766302e-01 8.388258193852706768e-01 8.423966502748081453e-01 8.422020583575863251e-01 8.146062565592803173e-01 8.158692696570046810e-01 8.391270973161985003e-01 8.302652516451607401e-01 8.369431979867260063e-01 8.365645764599086709e-01 8.412332667194405422e-01 8.441082524597036674e-01 8.339660031148099506e-01 8.291771527282570942e-01 8.361917070463846802e-01 8.432424917525432884e-01 8.437593297235459477e-01 8.404403499438944936e-01 8.347260982278580377e-01 8.459447208773502869e-01 8.413150844709090803e-01 8.413452132234023884e-01 8.364063003896995419e-01 8.389722921774483977e-01
