1.000000000000000000e+00 4.951402586903873582e-01 3.414243072670283263e-01 -1.567882378740175549e-03 2.586686035057812472e-01 8.203573538276663635e-02 1.862811792121763788e-01 2.767767446176378279e-02 5.282872439415742249e-01 2.562780851234758295e-01 2.074377383807444464e-01 7.817397987126393014e-03 1.367307951346557748e-01 5.941194735527895177e-02 1.319229681939304288e-01 6.477575079522669699e-02 3.519562435892369390e-01 4.540618896198821974e-01 3.374896709140212669e-01 3.829127684051929492e-01 4.293083167713294124e-01 3.425871821490750757e-01 5.167694712553474456e-01 4.151379673142499560e-01 3.436200822878230365e-01 4.273684558899077945e-01 3.485946226355426947e-01 3.767132412985316203e-01 3.710372558884296179e-01 4.369126527726967524e-01 3.711085831157895920e-01 3.216918597494789478e-01 3.760538740998199403e-01 3.636995569563523656e-01 4.086187516828881372e-01 2.936457328008505452e-01 3.349634663744722740e-01 2.038249435547537236e-01 2.565975141947587912e-01 2.784730800478416590e-01 1.991888043122738428e-01 1.465862645813107712e-01 1.274494648673002439e-01 1.414539065938072437e-01 2.366301955155378223e-01 1.677760915456281143e-01 7.429322390221862471e-02 1.111969750964475201e-01 1.246120975419081761e-01 2.142761534416172398e-01 1.405851043595002514e-01 1.610229315419656748e-01 9.609199729727961603e-02 1.961107761836118901e-01 2.645079240355648897e-01 3.192900088284104099e-01 2.887701305172264421e-01 1.332219905462266041e-01 1.643882849080519348e-01 1.241891486843498121e-01 9.692857124598848462e-02 1.486255016840801191e-01 1.424837820838303626e-01 1.376981973031992101e-01 1.624614806116090882e-01 1.724633544923776796e-01 1.354678466023299666e-01 1.693537718478325127e-01 2.042192278065035616e-01 2.055189397475099544e-01 1.604697254851743804e-01 1.507555819028240096e-01 2.189368650734111188e-01 1.857968254346690495e-01 1.659031554155720734e-01 1.354797664862297801e-01 1.216644221132476000e-01 1.770994980783521799e-01 1.411140692582749656e-01 1.983765509387849235e-01 1.838651327864343765e-01 1.562603955074616802e-01 2.011867644023180857e-01 2.062705583886167982e-01 1.542931272869586812e-01 2.126956459271927558e-01 1.532484122128221493e-01 8.126898507051988352e-02 1.097593091573477453e-01 1.986222112593280520e-01 1.075162827365997997e-01 7.905555526628545160e-02 9.240091131236814748e-02 7.410384718102286383e-02 3.956461601339548301e-02 7.852000415694587732e-02 1.251219867921607443e-01 1.596860330358718938e-01 6.546920674797951367e-02 6.511260564108684035e-02 4.528132270306901852e-02 7.758558889852509854e-02 7.281052487903771908e-02 4.099413190030514603e-02 9.902684154870422528e-02 1.711563382104272224e-01 1.006842839004540718e-01 1.049705898780941143e-01 1.361264354581813718e-01 8.298493842884459293e-02 8.420171066637793800e-02 7.012198215487142061e-02 7.368322473597470335e-02 7.809885297443963648e-02 9.818589125475546409e-02 8.679658165328993369e-02
4.951402586903873582e-01 1.000000000000000000e+00 2.254930573200603916e-01 -2.715273283319021014e-02 2.186140808540709135e-01 1.018327781937891918e-01 2.384677692989894959e-01 1.360427163982244891e-01 4.298975135617716936e-01 3.486923802848086451e-01 2.345545329111261568e-01 9.648843697188333457e-02 1.818698289901255483e-01 1.484036657955193628e-01 2.250083221513571596e-01 1.794364373082921738e-01 3.263061943247089203e-01 2.960880677531242955e-01 2.452609590324674460e-01 2.237346814735531042e-01 2.685485216125367280e-01 2.408727204170059977e-01 3.832294687066687966e-01 2.400417208873209252e-01 2.243859832515240349e-01 3.834382600812812902e-01 3.126984633644476208e-01 3.699158216006352973e-01 3.606140400836565507e-01 3.750745600877555819e-01 3.529091173599449016e-01 3.241251329141517368e-01 3.783813801734944304e-01 2.838657920892864728e-01 3.443165264212934007e-01 2.384133253179111234e-01 2.786815078855338079e-01 3.087031709578507699e-01 2.947149327827690568e-01 3.384645186372262637e-01 2.655182010790363423e-01 2.470174786966207736e-01 1.991721710541126122e-01 2.188559264123247361e-01 2.708510049541507092e-01 2.594750145562570443e-01 1.910483159782943030e-01 2.039129273791107366e-01 2.075957630460594783e-01 2.450075702846858661e-01 2.216715275814357400e-01 1.802121964358094908e-01 1.776221894650188982e-01 2.582939472274720094e-01 2.931420538223458161e-01 3.476543091970237809e-01 2.946786436709333823e-01 2.225436444342772380e-01 2.533139660190493747e-01 2.012427324146528196e-01 1.899452474558617765e-01 2.320538207157555044e-01 2.182499501169948286e-01 2.157944337395578116e-01 2.273296933410028919e-01 2.185181774773892749e-01 2.145482509740783417e-01 2.190919593267585674e-01 2.495784161850921890e-01 2.151387287520970804e-01 1.952755873019202115e-01 2.009520786159063321e-01 2.179862990349565322e-01 1.919914356396736632e-01 2.383868214377993233e-01 2.195595725936565212e-01 2.239216527140649449e-01 2.514226981515177983e-01 2.321304571790602234e-01 2.631258479961534058e-01 2.295527189860838979e-01 2.436693303882795647e-01 2.546068852144108274e-01 2.532170034386519442e-01 2.217984803520252346e-01 2.468166471460771783e-01 2.070777904142786785e-01 2.072871383283860225e-01 2.137878852974433863e-01 2.592786149508280458e-01 2.187228773156213169e-01 1.946838708756988279e-01 1.870809571452380360e-01 1.944567670003074233e-01 1.602271189823294972e-01 1.903520179087404285e-01 2.053870368276446423e-01 2.215433176083231870e-01 1.674534446178993774e-01 1.730961319532804410e-01 1.578889893467438632e-01 1.862928807188138358e-01 1.666528362668890373e-01 1.548121405718735355e-01 1.750581506524775677e-01 2.316460259356541151e-01 1.893888334112874272e-01 2.089250256274669260e-01 2.269660201723142368e-01 1.945200452706038474e-01 1.982496786148575108e-01 1.778733017808538930e-01 1.875086383183853789e-01 1.818593985215512798e-01 1.919965757968236653e-01 1.771142407243006811e-01
3.414243072670283263e-01 2.254930573200603916e-01 1.000000000000000000e+00 3.483053655934342241e-01 3.464413969139221172e-01 2.631060026377288752e-01 4.007456064675455343e-01 3.544829571514421795e-01 4.892702933239206353e-01 3.781721120003632697e-01 4.727276645427689883e-01 3.787372962629351192e-01 3.955199113460005078e-01 3.153464933556802130e-01 4.084055316926483714e-01 4.010154832696694593e-01 4.579710928266881864e-01 4.760067732626855341e-01 5.134216304366805428e-01 3.996163960146087990e-01 4.921923903698672831e-01 5.408772668689012519e-01 4.736449062339349592e-01 4.251536574974366656e-01 4.879940791210476414e-01 5.261370960166990018e-01 5.203029419225058128e-01 4.907234999693412814e-01 4.586258892065204207e-01 5.039414988171794230e-01 4.978110838113832814e-01 4.728220651579962963e-01 4.922288227809541450e-01 4.512033659631921600e-01 5.038653543608599961e-01 4.242353677879765472e-01 4.623264828090690726e-01 4.150145900466223892e-01 4.624712252327554118e-01 4.674129051487901365e-01 4.436853801579155321e-01 4.140294938498430555e-01 4.284414256587115721e-01 4.422060661465507247e-01 4.747925261394404517e-01 4.158686165581209071e-01 3.794768085479681696e-01 3.819666396477618409e-01 3.910821442606927101e-01 4.344494897627891317e-01 4.188094758672166740e-01 4.377023350860000939e-01 3.899529761699388475e-01 3.998881823534889413e-01 4.310515891242616138e-01 4.626418511151121349e-01 4.363048789492973145e-01 4.008270821345579216e-01 3.957940605297274872e-01 4.040568280272084922e-01 4.046857405719228029e-01 3.951944840022841299e-01 3.955996642307451072e-01 3.977738397130372583e-01 4.243329897171089216e-01 3.988556762928524013e-01 4.011048751027816994e-01 4.384111892280707079e-01 4.307757859296431624e-01 4.310687567743412552e-01 4.630368631841125793e-01 4.523119574651358055e-01 4.258195071339263005e-01 4.252449771836500081e-01 4.481607189427061488e-01 4.349779305803530560e-01 4.094823679534276284e-01 4.235066981115072626e-01 4.254114835315708776e-01 4.320784832692722288e-01 4.314008542204939567e-01 4.223301447982762413e-01 4.286878689364414519e-01 4.432891329720131113e-01 4.205450313456180478e-01 4.315686908997206639e-01 4.154339741024791754e-01 3.901406220692510418e-01 4.045254899534356241e-01 4.383771632264996665e-01 4.223704522141473738e-01 3.929170286265895595e-01 4.119746145565978956e-01 3.928029293000622757e-01 3.654570482237583517e-01 3.769239636996550291e-01 4.124482224272046360e-01 4.007666097535008132e-01 3.838762621718008194e-01 3.933987510279535194e-01 3.897832780791457008e-01 3.895349502939502440e-01 3.907064809305246800e-01 3.835441957212644692e-01 3.955300552179530915e-01 4.140512603305772088e-01 3.817296486930643051e-01 3.810882755639609654e-01 4.071706768274369059e-01 3.857916771817702095e-01 3.895001683400464709e-01 3.817872278866893399e-01 3.707389789797979618e-01 3.842921770328059372e-01 4.016354563672251410e-01 3.784679335996020688e-01
-1.567882378740175549e-03 -2.715273283319021014e-02 3.483053655934342241e-01 1.000000000000000000e+00 3.753778211435317425e-01 3.308806989751933991e-01 4.873983044666569397e-01 5.180393227903531406e-01 3.998154208866228077e-01 3.982843024238202911e-01 5.667022011404857507e-01 6.562023784893383782e-01 5.211208947295283833e-01 4.009343765637969348e-01 5.442326169959544879e-01 5.767531666370889765e-01 4.395834561637155247e-01 3.436598669490665836e-01 4.894383620435291404e-01 3.391362680988575518e-01 4.085325884423617882e-01 5.077625983215150463e-01 3.203414356737795399e-01 4.083326570519477672e-01 5.150135728700424576e-01 4.558551634100084793e-01 4.991308775382919949e-01 4.600679365592058034e-01 4.079577968277680600e-01 4.186686390829547078e-01 4.784061194458699151e-01 4.491095929089978234e-01 4.074537955094157948e-01 4.631507807700645518e-01 4.271599204925230486e-01 5.029247323737329189e-01 4.976631376574426335e-01 4.624189409332206679e-01 5.133000778055718527e-01 4.795712412295615734e-01 5.452098611124380767e-01 5.240649342177224890e-01 5.470560289190359304e-01 5.765760281535907694e-01 5.521089697922721973e-01 5.258227168034036447e-01 5.371323613547992482e-01 5.297007499675641107e-01 5.275292224902953242e-01 5.310903699423812352e-01 5.295963123792510885e-01 5.905893636421973847e-01 5.675565571125392728e-01 4.799013541975046815e-01 4.671571324367769229e-01 4.645149849347527393e-01 4.871857211927999032e-01 5.241200713344804640e-01 4.874854037165593512e-01 5.440038802647660932e-01 5.426114567576860725e-01 5.102649236815500755e-01 5.252721371252000448e-01 5.288407507976321531e-01 5.294288033057700238e-01 5.287071233609875742e-01 5.264406612799436003e-01 5.348160162570592124e-01 5.185954954254141658e-01 5.333808475291396123e-01 5.779686237794680048e-01 5.684579424864202313e-01 5.415566130964820646e-01 5.748792454436966182e-01 5.625224515060630592e-01 5.591031555237080397e-01 5.402287623961825602e-01 5.264143191424126567e-01 5.493387637298344783e-01 5.122156626849985184e-01 5.370180075397033015e-01 5.317385982287172741e-01 5.319202494065796705e-01 5.219641851779952546e-01 5.503643489559421065e-01 5.251881531958378924e-01 5.590575036910806483e-01 5.362891740379772676e-01 5.453465014226458463e-01 5.364822198532129827e-01 5.603794963707887655e-01 5.562526784499700616e-01 5.682773264454306084e-01 5.583864217246397033e-01 5.482453207496246206e-01 5.368594123215438829e-01 5.712852186883474737e-01 5.416223333487141245e-01 5.646293251007740155e-01 5.662107464982069072e-01 5.798510250384916187e-01 5.592699848152921094e-01 5.695719761365229949e-01 5.665242112089122761e-01 5.746831039599453739e-01 5.369054930011342153e-01 5.425388244221932554e-01 5.205369208937105086e-01 5.330295110856735352e-01 5.389896960813223004e-01 5.380102596863747255e-01 5.475561848962093858e-01 5.289503097999569414e-01 5.528569533776357403e-01 5.481745599978566919e-01 5.501477253425747227e-01
2.586686035057812472e-01 2.186140808540709135e-01 3.464413969139221172e-01 3.753778211435317425e-01 1.000000000000000000e+00 2.813606462666055630e-01 5.096136279382322831e-01 4.812027763161298433e-01 5.173825009202880354e-01 4.225808493532391963e-01 5.304537689486238383e-01 4.753486137391438882e-01 5.256692427930539369e-01 3.775955746199468055e-01 5.085590508253524655e-01 5.209078982121341239e-01 5.034686406850078511e-01 4.527441290263852780e-01 5.016806724277547147e-01 4.540826898478174667e-01 4.969515894643798393e-01 5.015490252129649607e-01 5.051547040521445764e-01 4.859665205458472692e-01 5.171185174948108587e-01 5.217864167383404750e-01 4.977397981629290702e-01 4.939698435122263365e-01 4.455234324120713185e-01 5.045913622091213746e-01 5.153093721940441574e-01 5.041812479648433154e-01 4.832503760380937874e-01 5.306100618987197315e-01 4.999674228347299465e-01 5.340334824236461220e-01 5.131277526211173168e-01 4.724713245275452556e-01 5.209218754776252513e-01 4.972961746275459394e-01 5.186273776224910037e-01 4.803154179639719246e-01 5.063160575945595543e-01 5.100683554964615674e-01 5.256864582302659405e-01 4.808070327041406578e-01 4.782603007632245662e-01 4.752587479932054437e-01 4.857360626359989442e-01 5.362025524586210290e-01 4.964182043403833067e-01 5.469394366568939292e-01 5.010396560676850797e-01 4.758511047385707848e-01 4.947632896804041724e-01 5.212990603227641850e-01 5.241675588386168760e-01 4.755616557279486178e-01 4.671156485073368336e-01 4.844216208088126252e-01 4.956821034137410265e-01 4.809443804472079420e-01 4.972633206420051244e-01 4.926680372996056767e-01 4.983281976015914161e-01 5.043979365016072469e-01 4.821609001820231222e-01 5.007669105458741887e-01 5.140993039774913731e-01 5.280986353501777586e-01 5.160956874574385012e-01 5.031036598515071789e-01 5.246351960435547968e-01 5.253805787176254460e-01 5.161301960248523280e-01 4.945292029861143024e-01 4.787067868988959529e-01 4.789062377130994252e-01 4.913362702516437808e-01 4.942591688255701388e-01 5.033138440489995924e-01 4.830798727852351759e-01 5.211528041680932866e-01 5.067764756214420130e-01 5.168586916302326806e-01 5.150691071784885278e-01 5.074719814276833496e-01 4.696295804632971138e-01 4.884490547431087903e-01 5.177355284712834571e-01 4.924760805483253123e-01 4.841384286076411136e-01 4.880481026883622953e-01 4.778363673515185761e-01 4.573493511561764202e-01 4.693619540571766779e-01 5.150771342269827580e-01 5.144970161832934652e-01 4.893150214439492829e-01 4.827325321956151272e-01 4.889194689112039138e-01 4.887060959192333076e-01 4.891081181910593711e-01 4.718681116028937139e-01 5.097357210528750127e-01 5.110130035945598115e-01 4.776687383918078456e-01 4.713648268662186669e-01 4.928856901655733203e-01 4.729386469371678614e-01 4.719201620416954568e-01 4.694134138603691109e-01 4.601097992341662279e-01 4.824042785260702626e-01 4.827050377097381606e-01 4.830323582241095037e-01
8.203573538276663635e-02 1.018327781937891918e-01 2.631060026377288752e-01 3.308806989751933991e-01 2.813606462666055630e-01 1.000000000000000000e+00 4.665445008355065259e-01 4.250378878297997320e-01 4.091188863056287039e-01 4.355156967793739065e-01 4.659840173901939608e-01 4.748629184283388871e-01 4.602975023639222507e-01 3.913650673605654773e-01 5.120938498625823287e-01 4.975922511729699016e-01 4.283636363092567789e-01 3.149419871532999626e-01 3.935855985081264663e-01 2.609742129833096391e-01 2.952339095421830373e-01 3.842824068807553783e-01 3.145141706136520554e-01 2.780901225922686182e-01 3.500358802872667319e-01 4.733173497297823440e-01 4.850822608065333275e-01 4.661729274544197388e-01 4.370239289028783336e-01 4.199178418451259831e-01 4.580599527177826591e-01 4.503066877413473001e-01 4.247443945681375066e-01 3.687713569402980562e-01 4.084098362579056674e-01 3.602250245070719448e-01 3.978385645908166790e-01 4.706811619047824857e-01 4.767608930658091548e-01 4.642046544100202898e-01 4.981166546932271899e-01 5.085650538232147078e-01 4.828245083610214206e-01 5.194174761968251008e-01 4.883948145414654385e-01 5.054299646327091722e-01 5.013759929593606390e-01 4.932215830102038012e-01 4.855571150260552526e-01 4.419042365467112377e-01 4.986135010043636906e-01 4.590253209580916760e-01 4.953646586171952526e-01 4.891772417370539583e-01 4.704804337390157687e-01 4.707625244280644883e-01 4.568491065301935605e-01 5.119091156003721110e-01 4.973960630804313277e-01 5.067658903823940575e-01 5.006876439798235712e-01 4.978142143692023680e-01 4.774303832230212818e-01 4.882878409281670162e-01 5.010068996501078065e-01 4.738746415434449410e-01 4.996620162139051025e-01 4.940153245968615381e-01 4.789489396866166704e-01 4.572791565702586936e-01 4.837798251144961870e-01 5.007981872202534879e-01 4.461886403715327187e-01 4.517996640779762263e-01 5.181623806998083559e-01 5.175654463429218977e-01 5.155379730696951768e-01 5.033942661084533921e-01 5.183163652457188908e-01 4.897975359568038090e-01 4.722383047804978862e-01 5.085723752258276553e-01 4.718634169078264606e-01 4.847658666620325851e-01 4.711113272897854420e-01 4.690161270803832605e-01 4.693556255211110417e-01 5.048156706700552832e-01 5.042142344414343169e-01 4.950037920453502216e-01 5.077666847651461923e-01 5.096376617901174910e-01 5.121236105813991024e-01 5.128145347156511935e-01 5.019264140683530329e-01 4.975131798301062891e-01 4.828694976049093812e-01 4.752870988288185883e-01 4.994052774810912587e-01 5.075366607929598928e-01 4.987623925527148727e-01 5.002571044961435787e-01 5.101580234620330945e-01 5.108005011056077072e-01 4.840629370276327004e-01 4.849701552019332063e-01 4.938253799922529552e-01 5.008881743283645216e-01 5.013479871548318645e-01 5.089463905494039375e-01 5.084773283911177000e-01 5.071318696919715485e-01 5.030554401367162143e-01 4.979125047697458006e-01 5.039301070574377928e-01 4.946345848362255215e-01
1.862811792121763788e-01 2.384677692989894959e-01 4.007456064675455343e-01 4.873983044666569397e-01 5.096136279382322831e-01 4.665445008355065259e-01 1.000000000000000000e+00 6.858939875225116278e-01 6.504984021635888958e-01 6.410834365455212458e-01 7.231062887364493319e-01 6.844387349261288334e-01 6.806631744381471671e-01 5.807330301809240369e-01 8.289895396435135178e-01 7.598257292173618005e-01 6.648133706537218135e-01 4.685405287396343099e-01 6.030744252719929532e-01 4.268297354167190361e-01 4.710656654201272886e-01 5.864234479209859963e-01 4.839585900729396206e-01 4.421466573465128169e-01 5.516557583215693228e-01 7.138398801345183786e-01 7.228189990084430416e-01 7.266306051586295389e-01 6.614476633167276631e-01 6.120829702188714805e-01 6.809023409001319083e-01 6.489303552004659359e-01 6.499407569760559111e-01 5.956435224992060462e-01 6.111895667511662023e-01 5.938028940808685041e-01 6.011750304517207155e-01 7.380495648554863397e-01 7.164820772621288691e-01 7.041922321456925982e-01 7.586015368948179072e-01 7.746531925738372459e-01 7.129119554939188363e-01 7.675387773873137975e-01 7.164457484193474945e-01 7.521869196877717378e-01 7.308816798274870852e-01 7.166795359292355005e-01 7.053240975779218047e-01 6.925360654051561093e-01 7.333063108741767477e-01 7.084832158214637854e-01 7.178615257300841046e-01 7.200334623058638472e-01 7.080304214019128572e-01 7.077380204473858738e-01 6.897358866982601366e-01 7.461567781762136198e-01 7.285102437339842085e-01 7.358284359645607120e-01 7.230183472163179692e-01 7.228276413082690421e-01 7.121477239120508340e-01 7.092218343814261639e-01 7.248047184909943708e-01 6.990954221995018258e-01 7.246574516299836288e-01 7.139330549214352173e-01 6.929387318221983394e-01 6.973594321395366613e-01 7.045268389110510565e-01 7.171810315981300699e-01 6.683698906121241512e-01 6.796333889874587308e-01 7.648936324139485876e-01 7.585695491895334541e-01 7.629501176953319419e-01 7.346137187549968139e-01 7.461096574960615069e-01 7.011764421871355957e-01 6.898183352522210265e-01 7.274377520768049443e-01 7.065600551197198653e-01 7.074174934808231674e-01 7.133693312799146424e-01 6.994712211464350071e-01 6.877086838447326045e-01 7.424689398991896061e-01 7.317795503588421235e-01 7.281517176778357081e-01 7.450040970663310835e-01 7.516915893904403401e-01 7.340878035621641873e-01 7.497358519256752674e-01 7.191994562139751856e-01 7.224755065032441026e-01 7.209809969102578542e-01 7.133001758699326622e-01 7.195246731582289890e-01 7.340622944510508674e-01 7.283877703145323901e-01 7.298699800957210160e-01 7.287168126400367374e-01 7.354783622595787440e-01 7.184765047488901324e-01 7.190892160990247639e-01 7.137513723783219799e-01 7.335909780930957025e-01 7.402183266913259230e-01 7.399458696603609109e-01 7.402611319586791527e-01 7.293603279570879394e-01 7.195377964003289994e-01 7.245844432153430992e-01 7.253904233996881779e-01 7.143524821936161340e-01
2.767767446176378279e-02 1.360427163982244891e-01 3.544829571514421795e-01 5.180393227903531406e-01 4.812027763161298433e-01 4.250378878297997320e-01 6.858939875225116278e-01 1.000000000000000000e+00 5.952742434352341627e-01 6.399698926464960635e-01 7.085377672599539878e-01 7.490998340099146446e-01 7.062508435464235346e-01 5.755048579210459980e-01 7.744428298426796475e-01 8.063746873172544793e-01 6.404046373563770933e-01 4.350131085169366418e-01 5.617835416201206744e-01 3.991872876415497040e-01 4.326097207594248872e-01 5.357688587610165420e-01 4.588423498591276961e-01 4.346662932550926506e-01 5.154010083196463032e-01 6.427991956861752731e-01 6.560606246536067054e-01 6.429309421891217236e-01 5.731264529304497257e-01 5.747236619626602261e-01 6.453750014452759309e-01 6.570798818296786914e-01 6.041348197657780972e-01 5.948281241977204647e-01 5.871930651355653508e-01 6.041080082705766463e-01 6.072744656832342880e-01 7.167254759938995745e-01 7.207510005190589375e-01 6.863748620255448740e-01 7.604042820500607203e-01 7.622924115034901416e-01 7.416170707432461207e-01 7.769672044747958362e-01 7.344192738456668534e-01 7.500204174085974840e-01 7.713058471850118281e-01 7.611369657695514768e-01 7.534450552151206182e-01 7.158637508780429926e-01 7.588487878783428675e-01 7.382085475829285315e-01 7.627773179270266324e-01 7.373500875741664240e-01 7.136044501045204491e-01 7.076369565914758519e-01 7.047957919632886759e-01 7.649183622673718652e-01 7.450035337753970754e-01 7.688112032376437366e-01 7.669066088614232557e-01 7.573397579385423573e-01 7.524765189615615357e-01 7.548237791633284344e-01 7.559026669108054319e-01 7.420962457244800747e-01 7.609758080269505287e-01 7.444022187216339237e-01 7.279487331629242997e-01 7.112937680542984475e-01 7.279947190898801157e-01 7.472952683216816938e-01 6.994937396957340292e-01 7.084434940962048843e-01 7.754687305941180275e-01 7.682154254331615695e-01 7.676480396812525031e-01 7.340803251948387897e-01 7.634207590249780795e-01 7.312102175609064281e-01 7.264380792782790808e-01 7.521544120768848263e-01 7.419776301740946822e-01 7.327409230351354941e-01 7.507201313631823858e-01 7.280475377261181880e-01 7.328904966644500529e-01 7.796113243635957035e-01 7.696119726194726729e-01 7.559485232826990142e-01 7.744411906502121079e-01 7.836552786215046362e-01 7.765675828318223672e-01 7.849623576332126484e-01 7.750566207776087291e-01 7.717764240927248443e-01 7.663558116566200340e-01 7.547537447925051213e-01 7.765279696678495380e-01 7.837401751188880494e-01 7.816439606666861772e-01 7.806954442235817249e-01 7.793081248097331049e-01 7.851613516592991227e-01 7.703762446469508696e-01 7.563566142259180447e-01 7.664488116582299781e-01 7.694491797642550868e-01 7.705956920777919938e-01 7.789396887975937878e-01 7.774300988937780099e-01 7.761279074519242815e-01 7.698112715064284739e-01 7.780878481906137178e-01 7.733606867651785510e-01 7.705504110755420077e-01
5.282872439415742249e-01 4.298975135617716936e-01 4.892702933239206353e-01 3.998154208866228077e-01 5.173825009202880354e-01 4.091188863056287039e-01 6.504984021635888958e-01 5.952742434352341627e-01 1.000000000000000000e+00 7.676073434232733028e-01 7.744443170903968499e-01 6.730392718729977242e-01 7.116648146357783533e-01 5.666282526547792298e-01 7.632960332367788592e-01 7.361934944888416377e-01 8.272153427747604981e-01 7.234118913049261135e-01 7.556202090705531615e-01 6.291760445330376594e-01 6.978647249630438587e-01 7.318038994771715045e-01 7.755015961906290833e-01 6.889269310049347395e-01 7.125168958407556152e-01 8.508085717718837371e-01 8.168682884491399454e-01 8.307450418138321302e-01 7.825336026386402466e-01 8.481646673462489572e-01 8.557064932937705759e-01 8.356792497678607878e-01 8.022320266126111710e-01 7.992731869078495421e-01 8.205739292372570270e-01 7.522688097819372199e-01 7.977597131933276131e-01 7.831942910100727628e-01 8.344245270590260333e-01 7.950571352222567389e-01 8.286249521012274410e-01 7.841355193623937847e-01 7.631602165613504685e-01 7.926909331556682980e-01 8.332535593182094358e-01 7.982244687244598458e-01 7.660014019370942062e-01 7.883317616848901643e-01 7.913704108755655886e-01 7.923888941966652499e-01 7.907199864830984914e-01 7.677058834294391287e-01 7.672990604018131711e-01 8.264832024257040555e-01 8.494938465402659400e-01 8.664928902013758760e-01 8.520861168734664703e-01 7.939960398669710928e-01 8.074851645802259004e-01 7.946337679086761252e-01 7.759831133051579011e-01 8.082863573576932747e-01 7.942019719573319980e-01 7.964071727571583326e-01 8.089930263717117764e-01 8.096259956479547881e-01 8.017361737598367455e-01 8.120935000553231031e-01 8.233889050234097784e-01 8.009529183266045349e-01 7.888398110667511620e-01 7.994488547876148488e-01 8.021281036409089182e-01 7.812216556297304493e-01 8.160837265818140507e-01 7.988265388722302074e-01 7.874597183928215838e-01 8.013481415579118972e-01 7.962172999995849043e-01 8.219058500549119017e-01 8.082287800980773040e-01 8.091798692390078651e-01 8.227931828123321578e-01 8.202647745210253083e-01 7.953848235956469948e-01 8.240937033017560198e-01 7.872618703049155675e-01 7.666616432673140080e-01 7.852013031777390628e-01 8.272165204779247105e-01 7.759557486544403915e-01 7.719771587134082180e-01 7.778078299361294023e-01 7.691162568008772515e-01 7.486429398166414284e-01 7.724840234862877519e-01 7.776856367102009671e-01 8.019824104382681229e-01 7.605359690462313305e-01 7.607883008955197424e-01 7.430994422197538807e-01 7.675825332635493048e-01 7.663485312349099798e-01 7.478365520232377328e-01 7.721318668360643844e-01 8.127348407872059255e-01 7.813051265638173426e-01 7.848041991487191282e-01 8.029742663815764292e-01 7.752598880581665908e-01 7.737769835335348567e-01 7.681367688622769974e-01 7.667442081854396463e-01 7.686213314132560592e-01 7.794913980403470610e-01 7.710927291940097295e-01
2.562780851234758295e-01 3.486923802848086451e-01 3.781721120003632697e-01 3.982843024238202911e-01 4.225808493532391963e-01 4.355156967793739065e-01 6.410834365455212458e-01 6.399698926464960635e-01 7.676073434232733028e-01 1.000000000000000000e+00 7.437458749759211507e-01 7.248958763997164212e-01 7.069150216911042062e-01 6.135734063976776564e-01 7.920197097952197396e-01 7.746238775517901853e-01 7.569882952071186333e-01 5.632734735994744391e-01 6.476429007098104540e-01 4.632986232766174162e-01 5.200333300669524039e-01 6.029632081417566347e-01 6.108217102154820388e-01 5.150652179443417911e-01 5.718475034137999735e-01 7.807560257342774923e-01 7.714308897627725203e-01 7.897365737365408256e-01 7.448690224996371567e-01 7.568347712012010176e-01 7.966673943321239681e-01 7.993914894267545312e-01 7.697647624417627288e-01 6.952518012346521337e-01 7.487623516670215418e-01 6.583931839149069765e-01 7.219473113916823337e-01 8.172173915307611169e-01 8.186045284772748287e-01 7.958689849359822377e-01 8.323392010093416671e-01 8.264253428159656911e-01 7.860489765435689780e-01 8.183803679587016155e-01 8.176786448609290048e-01 8.343878599523703032e-01 8.152067508456994904e-01 8.264366191140073425e-01 8.144807408554340933e-01 7.673286176360344379e-01 8.183815407555097288e-01 7.432929161461527823e-01 7.981800293435786786e-01 8.356640644239846649e-01 8.304959661618387390e-01 8.360981816166926928e-01 8.097081974216949751e-01 8.325557374705634395e-01 8.374555515468440348e-01 8.246583764574316744e-01 8.114085278713673022e-01 8.342285417304796669e-01 8.098182415575163606e-01 8.192820501920524690e-01 8.176382604215018945e-01 8.088439416592653197e-01 8.299487626418641240e-01 8.133288317657900723e-01 8.128034145497134988e-01 7.620498441396064138e-01 7.711564985716296006e-01 8.019071269913947697e-01 7.598103922278871547e-01 7.469798759794606946e-01 8.325029047624725731e-01 8.286968663071841990e-01 8.323666605786862460e-01 8.260060898293389853e-01 8.331508502901188162e-01 8.331076344086537633e-01 8.055049412057856406e-01 8.398487014980088317e-01 8.119625493067010868e-01 8.234046582325784680e-01 8.023462399039654747e-01 8.069096663335267872e-01 7.935374476856899006e-01 8.272726215966498264e-01 8.282108430409906852e-01 8.264376790175175236e-01 8.243669413546692581e-01 8.203405775641996467e-01 8.188594080225137795e-01 8.239968449576010601e-01 8.119348890623027115e-01 8.212224221701848181e-01 7.961967659249100659e-01 8.023757167781778721e-01 8.044028357730563794e-01 8.112317951628056356e-01 7.965928468389664729e-01 8.123406325441175913e-01 8.091446641033661624e-01 8.073841931544081252e-01 7.942575305458682289e-01 8.131409708716219598e-01 8.169651999964856470e-01 8.274239325129086886e-01 8.314523945796949977e-01 8.246694852920987140e-01 8.224311149363972007e-01 8.178006240785994363e-01 8.215206954365668057e-01 8.143704416944183011e-01 8.183215797130636293e-01 8.115753230018483144e-01
2.074377383807444464e-01 2.345545329111261568e-01 4.727276645427689883e-01 5.667022011404857507e-01 5.304537689486238383e-01 4.659840173901939608e-01 7.231062887364493319e-01 7.085377672599539878e-01 7.744443170903968499e-01 7.437458749759211507e-01 1.000000000000000000e+00 8.360319115099719145e-01 7.897073057097344639e-01 6.557290285748319514e-01 8.557909024572348811e-01 8.510933347887621458e-01 8.030072687951101962e-01 6.513859564594776108e-01 7.776396675108104839e-01 5.842869973294914088e-01 6.669838222730206656e-01 7.632092362332155711e-01 6.669129169600843676e-01 6.427988205799468613e-01 7.394385393942976004e-01 7.989287107469980054e-01 8.214018413212702541e-01 8.103017081738047578e-01 7.422865190267023960e-01 7.829294486757588656e-01 8.410416203329466045e-01 8.292330303213835130e-01 7.816153614113129366e-01 7.903876007350914001e-01 7.873937455148576348e-01 7.797832430345565946e-01 8.063907184715604082e-01 8.290197499509001089e-01 8.671425050683860825e-01 8.275002698805700163e-01 8.897124903080025904e-01 8.582274095788750001e-01 8.567224205874138798e-01 8.821979542156469511e-01 8.815218756816582957e-01 8.598000746125429306e-01 8.701112593494867431e-01 8.713437796319956075e-01 8.707499933677844695e-01 8.513626475039889341e-01 8.718358826093950409e-01 8.552486634458752457e-01 8.616405334967434104e-01 8.655885433484949987e-01 8.628763790091399377e-01 8.657244925275865421e-01 8.590750609953088368e-01 8.676532748358660729e-01 8.609590730381510015e-01 8.774693718845195667e-01 8.750280773178986671e-01 8.711733449248557637e-01 8.709496147742216143e-01 8.687360841745638274e-01 8.800769837125318462e-01 8.702821629122871050e-01 8.787028768500229070e-01 8.861254696404705644e-01 8.744998825920972108e-01 8.645207311094396108e-01 8.881498307420543359e-01 8.918427267704874817e-01 8.572346686151616213e-01 8.615262848887988989e-01 8.946880807786475875e-01 8.908255491315525409e-01 8.749951502545608717e-01 8.616609677205975260e-01 8.800601765014818278e-01 8.697173298332114832e-01 8.751100778960307913e-01 8.780868191622411834e-01 8.836228704537286704e-01 8.802311744474586863e-01 8.789880356831855091e-01 8.759725495190938682e-01 8.748723473392541194e-01 8.676191483043115271e-01 8.796965311058076997e-01 8.883890717486121469e-01 8.833065691005537179e-01 8.805183979285167162e-01 8.838374505072659204e-01 8.757035220784660234e-01 8.664992068183964280e-01 8.729349018830329099e-01 8.759630298425288286e-01 8.726617857872818185e-01 8.735554658860893440e-01 8.763809702297277182e-01 8.722488268917869547e-01 8.745964921903166545e-01 8.729158148444087217e-01 8.702385619167384290e-01 8.765940977285834323e-01 8.800032809172663173e-01 8.710691677251680698e-01 8.734497437877581927e-01 8.852993647181972570e-01 8.757777889123619097e-01 8.759162517105592016e-01 8.744480442123762076e-01 8.638685929095523131e-01 8.732693252836721820e-01 8.800267249940659786e-01 8.700679348814155389e-01
7.817397987126393014e-03 9.648843697188333457e-02 3.787372962629351192e-01 6.562023784893383782e-01 4.753486137391438882e-01 4.748629184283388871e-01 6.844387349261288334e-01 7.490998340099146446e-01 6.730392718729977242e-01 7.248958763997164212e-01 8.360319115099719145e-01 1.000000000000000000e+00 8.128372756300437096e-01 6.784912446358011273e-01 8.690969951139299043e-01 8.868160194498405646e-01 7.393850276174597225e-01 5.431146030493007038e-01 7.045081554281293901e-01 5.277689488578599653e-01 5.738354760767431229e-01 6.757661070928538960e-01 5.592694130002159314e-01 5.871582023042045684e-01 6.876632030679143970e-01 7.235958180851206345e-01 7.594663670220584972e-01 7.333219724547266338e-01 6.725951665073962582e-01 7.096999561706741622e-01 7.880768637130569632e-01 7.871344651583516150e-01 7.058360640992867863e-01 7.525831177329734833e-01 7.253517314801872784e-01 7.671004059251527174e-01 7.875978118602453559e-01 8.062064104808288612e-01 8.508808830624791097e-01 7.882325305905938384e-01 8.886196853689609654e-01 8.643396810332931723e-01 8.835624465639861924e-01 9.001553708076364124e-01 8.735546826659595920e-01 8.705180110847812180e-01 9.071499129150122354e-01 9.088865758438608999e-01 9.025758796069042189e-01 8.521994099483856111e-01 8.890953661322440471e-01 8.863888806270276977e-01 9.096708229254182321e-01 8.681549876009828637e-01 8.464131041113149845e-01 8.278268140889895044e-01 8.458190373556268016e-01 8.890150193226491471e-01 8.706071047768328963e-01 9.120272859886101591e-01 9.112132744798485673e-01 8.945768414300112603e-01 8.958502141822984877e-01 9.023104997171205177e-01 8.929302176649638323e-01 8.972719939693597491e-01 9.049546787775466505e-01 8.912761153090564825e-01 8.793460126588072967e-01 8.705432374849666477e-01 8.930755957285392288e-01 9.049310021513755631e-01 8.670029666723003681e-01 8.862829740210189655e-01 9.058629669324540501e-01 9.066149359012473097e-01 8.923665428868526872e-01 8.722205031769227901e-01 9.002293640281904263e-01 8.813933817092526324e-01 8.937882027347040514e-01 8.982104408190273448e-01 8.911513839920823798e-01 8.852841292167963338e-01 8.986154251532910697e-01 8.821127373715041964e-01 9.052209053277375794e-01 9.012762973393745325e-01 9.114737894231980109e-01 8.940872186935424626e-01 9.075900742853652003e-01 9.150605397722902934e-01 9.197660451378621982e-01 9.148407843269938944e-01 9.215422879897289254e-01 9.149608358135510322e-01 9.058500479316443643e-01 8.968804067575348871e-01 9.239522422273108715e-01 9.220187361779197399e-01 9.249684429651174877e-01 9.176681329826733569e-01 9.240611523187352017e-01 9.231483956368609078e-01 9.224484614802935800e-01 8.984141652133289524e-01 9.162475524850397512e-01 9.046678097815905595e-01 9.063788499515575969e-01 9.105645334647325395e-01 9.057402026734737710e-01 9.187011356423687714e-01 9.113507492670201993e-01 9.198901932325755926e-01 9.130587072538589588e-01 9.200008514956156125e-01
1.367307951346557748e-01 1.818698289901255483e-01 3.955199113460005078e-01 5.211208947295283833e-01 5.256692427930539369e-01 4.602975023639222507e-01 6.806631744381471671e-01 7.062508435464235346e-01 7.116648146357783533e-01 7.069150216911042062e-01 7.897073057097344639e-01 8.128372756300437096e-01 1.000000000000000000e+00 6.251838698985704434e-01 8.255602709851066479e-01 8.316583542896683889e-01 7.449108321771454877e-01 5.910998771364424087e-01 7.016686581320821237e-01 5.695446481831949459e-01 6.063275386151296686e-01 6.718256949485630347e-01 6.164142304137721906e-01 6.067280485257035005e-01 6.772263025581101159e-01 7.485073874342118572e-01 7.572740892881494323e-01 7.312249851319384542e-01 6.762418792965357861e-01 7.354835216100376050e-01 7.830782219991835325e-01 7.805432418279861784e-01 7.003785394772573669e-01 7.503701281026429193e-01 7.300080713034979851e-01 7.467228884963652558e-01 7.689368174334133554e-01 7.710476218991603181e-01 8.284445619233613556e-01 7.589793610836962356e-01 8.486244026135995044e-01 8.148708757293489091e-01 8.402523519385119988e-01 8.476522167077691350e-01 8.411667972479549560e-01 8.220814913293617021e-01 8.437998031895518336e-01 8.496531290156924543e-01 8.490308900067717879e-01 8.119439785229920492e-01 8.429959871712461306e-01 8.407983710250680476e-01 8.527258769689231022e-01 8.346288697710485538e-01 8.292608497163171943e-01 8.182771737921210597e-01 8.298451921471428072e-01 8.367649444937810266e-01 8.291093653304376643e-01 8.581814475910845008e-01 8.615741262983032112e-01 8.500230217606775662e-01 8.499453278037315540e-01 8.532718134781371866e-01 8.514495433233395527e-01 8.542898962526760398e-01 8.533683870069693755e-01 8.486057528322118459e-01 8.404844958838250113e-01 8.395979899483875242e-01 8.452875743611573123e-01 8.523938271653368481e-01 8.286812465734468836e-01 8.361056384951234266e-01 8.599592666805878638e-01 8.489956991202133318e-01 8.323548958670353715e-01 8.221373444647330775e-01 8.509888837312141741e-01 8.450298004730938395e-01 8.456574859373686692e-01 8.459118332795055872e-01 8.484033144502466373e-01 8.436552689283101092e-01 8.447414690310811602e-01 8.464413118448839146e-01 8.465951727823524120e-01 8.382672306154117514e-01 8.535251419465406109e-01 8.545278945244610957e-01 8.394494211103579184e-01 8.499584189886540964e-01 8.536160701576502863e-01 8.474053974327871996e-01 8.484762233801721454e-01 8.508050916275404774e-01 8.491782620180214902e-01 8.534160896674511942e-01 8.591575194706432272e-01 8.517722395550203496e-01 8.552114870234447386e-01 8.563059163002827434e-01 8.586330244523930899e-01 8.517592410206207276e-01 8.629535668569667806e-01 8.586498319951317848e-01 8.557322237587562386e-01 8.462941299285848817e-01 8.551781959491886465e-01 8.493540766764130501e-01 8.441164600885229241e-01 8.537630247137693029e-01 8.481330845724790457e-01 8.583201343732680400e-01 8.561153410034527678e-01 8.587597268588389454e-01
