1.000000000000000000e+00 2.894651582566349912e-01 7.711182519089904153e-02 -1.769229155592980107e-01 6.815401006471662193e-02 -3.357502304751215638e-02 1.943943435336304218e-02 -2.725650491944243622e-02 2.579348128617471869e-01 1.488242276956202315e-01 -1.587615576237327852e-02 -1.195113590413895421e-01 1.876621464833405899e-03 -1.043437389112385379e-02 -2.699680051442105225e-02 7.221723234989134259e-03 2.323385924112703893e-01 3.018615019530089816e-01 2.611189906207881939e-01 6.461983949144355088e-02 1.490770843647205302e-01 2.098261826876537117e-01 2.398728883219106989e-01 2.477005430728008439e-01 2.352225167866678623e-01 1.544001532555839551e-01 1.529767519905397555e-01 1.798562800347277835e-01 2.098182355641148855e-01 2.121284978705453572e-01 1.737700142059541430e-01 1.673017069580576555e-01 1.428495595645577210e-01 1.559626552575824610e-01 2.040478326997109404e-01 7.873861684075200706e-02 1.410798523478734301e-01 6.825768876983838440e-02 9.042598828046657933e-02 3.873314168287744774e-02 4.406868168362408633e-02 2.989121674352286998e-02 -9.203955422611755912e-04 6.797717909280538012e-03 7.857853932226473159e-02 5.602928314490614875e-02 2.061429124156612461e-02 4.820450101946605753e-02 6.661293808585835863e-03 1.764295806749809764e-02 3.521094658996623550e-02 2.538421699279543465e-03 -3.791858303174452938e-03 6.237534396721060304e-02 5.093349206755259234e-02 5.219159356781218756e-02 1.979615456877143603e-02 1.665454078743600769e-02 2.181027162515649515e-02 2.965519958958581781e-02 -6.836462867750167476e-03 2.041608298214172765e-02 3.074143486799688768e-03 3.893019648444253494e-02 9.265464481363827609e-02 4.383634238748393419e-02 6.018342988148665113e-02 1.207336272234133256e-01 1.118597380143319941e-01 6.082742064259036990e-02 9.460637662741250287e-02 9.823231879030963620e-02 1.318754189156896572e-01 1.119308478901358817e-01 6.978519758994249089e-02 7.240174214297456778e-02 8.593700543909472966e-02 1.092394273923708026e-01 5.916679051746426277e-02 1.000870953798650986e-01 9.998685357736943058e-02 7.536865605520494393e-02 8.148660777238178610e-02 9.929353552907606295e-02 4.865972022692136023e-02 7.642325273520446383e-02 5.868766786875322800e-02 3.307530850149287271e-02 5.859564621885197944e-02 4.296846804476183584e-02 3.765387826509017377e-02 1.551966762009907193e-02 3.489005739280619939e-02 1.714375460024778614e-02 5.887835096607530252e-03 1.666028424213966685e-02 -4.112443516107602143e-02 -8.352214335835012743e-03 1.145952448867317008e-02 2.231882185543031250e-02 -4.895647409889641475e-04 -9.232583238297408651e-03 3.273635853159814768e-05 -1.241703867883235494e-02 1.359126255671836564e-02 9.152461536859538352e-03 2.293288447733249011e-03 4.029386909942801048e-02 3.735982939077842763e-02 1.839636041927626350e-02 6.981220060047775566e-03 2.158202489657036829e-02 -1.687992803552426993e-03 1.907677865164618056e-02 5.938273706753916664e-02 1.878553276688060131e-02
2.894651582566349912e-01 1.000000000000000000e+00 1.393365229784468140e-01 -1.809539245727774803e-01 1.020999696907450155e-01 3.509420883401472707e-02 1.961880294893187660e-01 4.573718009021879305e-02 3.204780686334063877e-01 3.429544714657135618e-01 1.239784298499203713e-01 -3.204081593120166466e-02 6.170019922592254180e-02 8.338697205205421181e-02 1.187114391925524898e-01 1.066009704736291946e-01 2.815218299113146361e-01 3.895435647889282649e-01 3.460365497023908388e-01 5.032294378748553010e-02 1.005974443958907449e-01 2.687239394512391799e-01 3.690901388571661834e-01 2.962201576913319756e-01 2.977204254796841365e-01 3.110754258568224628e-01 3.223847543622051504e-01 3.978665971698256421e-01 4.007364515703085717e-01 3.552735550346849402e-01 3.448615759404577985e-01 3.199925849232394537e-01 3.390068244009792897e-01 2.797738430407590293e-01 3.395166058460711844e-01 1.744870981228084372e-01 2.622754281426717404e-01 2.517727202661921848e-01 2.319299137251944476e-01 2.405081787835287865e-01 1.850125831799535048e-01 1.826010439046369671e-01 1.242778465084692641e-01 1.338154720089381744e-01 2.047463443634884583e-01 2.092078486965751327e-01 1.358836861178107369e-01 1.687318992010529428e-01 1.345132425735034998e-01 1.577099420602171287e-01 1.783844625497040814e-01 7.978430769411432033e-02 9.814143314755181813e-02 1.723115280121370052e-01 1.909206670540342377e-01 2.231678025590955461e-01 1.018883638938733599e-01 1.326777779004165436e-01 1.569619181919489348e-01 1.127574259005095364e-01 9.729122277585657008e-02 1.306536372726366524e-01 1.211842477644456822e-01 1.371615052085398967e-01 1.674441709561085567e-01 1.046997197761752735e-01 1.713296576701586471e-01 2.479891238198930203e-01 2.494590742648754023e-01 1.442519534336118014e-01 1.963241457825550818e-01 2.241559455417675151e-01 2.578084548308960389e-01 2.060198081440008933e-01 2.159925975372936624e-01 2.145769019214569528e-01 2.467325260219354055e-01 2.795132423680095624e-01 2.083530997572226318e-01 2.277354207237608785e-01 2.351137537588277593e-01 2.222500120621596353e-01 2.018792802486147064e-01 2.458487181219805306e-01 1.988171986071891606e-01 2.112228750513029385e-01 1.980708594184824034e-01 1.919521653063566424e-01 2.085754813928500095e-01 1.737795142895109390e-01 1.996467569025186239e-01 1.538716159867511701e-01 1.710080618197915570e-01 1.606763732121305188e-01 1.271505137268349184e-01 1.397456024511846140e-01 8.284713520664904740e-02 8.121263344315822474e-02 1.229842832927496854e-01 1.595415286523120812e-01 1.285172332115095684e-01 1.093757086766128095e-01 1.055983931177749413e-01 1.072845950329448517e-01 1.182777181399058825e-01 1.074161926428670449e-01 1.198743345465762555e-01 1.662772773352614031e-01 1.683681281656688178e-01 1.378967269092490622e-01 1.367485058819646604e-01 1.172178913819689333e-01 1.125088938812166400e-01 1.312591525934392322e-01 1.613958537668107873e-01 1.084401168336139171e-01
7.711182519089904153e-02 1.393365229784468140e-01 1.000000000000000000e+00 2.346744110123625826e-01 2.631501220287923992e-01 1.835557628510408323e-01 3.466015873772483324e-01 3.277067076902484555e-01 3.899769201882603564e-01 2.888840510746000789e-01 3.895305565556244076e-01 3.071335124819238871e-01 2.503211195385664500e-01 3.061365616507192300e-01 3.226324218724648807e-01 3.586601202693336932e-01 4.183566681490876737e-01 4.475040491354156380e-01 4.739564790078141243e-01 3.593392593667713020e-01 4.791243298976300968e-01 5.055693502710131293e-01 4.346244237226107310e-01 4.422964743025851742e-01 4.643726274552195665e-01 4.844141791153235288e-01 4.766893581113242906e-01 3.985896742126198711e-01 4.329941422448281285e-01 4.246325161211668142e-01 4.617527126964187101e-01 4.403084475390998676e-01 4.103330433350808049e-01 4.570172937231533616e-01 4.121438422117693623e-01 4.499684860493191052e-01 4.444120001626312710e-01 3.684348820222254073e-01 4.040725000027733382e-01 4.157197492022113305e-01 3.951749768446794486e-01 3.960197307514353171e-01 3.948110271551262818e-01 4.104244853532798554e-01 4.591597610695974940e-01 3.952542851055884654e-01 3.567566657725250723e-01 3.578044319322683520e-01 3.633204308789844128e-01 3.871972950181746809e-01 4.017393074153423616e-01 3.870794288882153933e-01 3.511947708519307931e-01 3.678610773150920998e-01 3.940759098345544831e-01 4.112054744104865489e-01 3.763854121599009561e-01 3.778942171060116206e-01 3.735735171906586771e-01 3.665422082519414482e-01 3.633457840490384450e-01 3.595515297778714148e-01 3.528116440824175526e-01 3.715908422102167097e-01 4.043312894435408533e-01 3.670778280563557483e-01 3.643951874806660718e-01 4.226451239137352101e-01 4.069289436534065385e-01 4.073775876855016964e-01 4.472592988316302365e-01 4.239152653657561332e-01 4.303183384879940010e-01 4.237678016567684169e-01 4.092592525571449036e-01 4.082256510549495676e-01 3.916710774990828092e-01 3.919040107265524542e-01 4.021056119838037346e-01 3.935472583600388985e-01 4.034031193480281940e-01 4.039363422984648677e-01 4.157524289779208071e-01 3.992215756400969151e-01 4.040174978712851583e-01 4.092908280988657999e-01 4.065055827069478100e-01 3.704728947882759416e-01 3.795281999453501420e-01 4.112726815948540282e-01 3.844731012121759828e-01 3.618407735375495093e-01 3.993733924321447581e-01 3.715118552348515291e-01 3.430122924160952103e-01 3.426106699039316306e-01 3.697584848195348273e-01 3.486190684515595994e-01 3.578631929154833524e-01 3.786071701698517367e-01 3.660283318072130032e-01 3.523279464053145627e-01 3.514358472732588279e-01 3.586744436184846063e-01 3.859388936994982977e-01 3.600373847562964302e-01 3.405974956060205394e-01 3.668888533815459763e-01 3.842072260179986154e-01 3.594084209930078488e-01 3.640225491798794732e-01 3.572050020371908552e-01 3.477196290014245017e-01 3.565289009280143695e-01 3.701023756089590888e-01 3.511097272336843877e-01
-1.769229155592980107e-01 -1.809539245727774803e-01 2.346744110123625826e-01 1.000000000000000000e+00 3.517936475367936522e-01 3.277216583090357682e-01 4.426312866778275845e-01 5.359520047870134363e-01 2.423903970511208372e-01 2.420112892100257374e-01 5.078028875480271598e-01 6.819241349891482784e-01 4.987837191100631951e-01 4.566274583710350776e-01 5.009197375924884232e-01 5.545412845320285555e-01 2.019171690251686246e-01 3.354282899930995099e-02 9.171138226740048471e-02 5.462390936206389380e-01 3.360618131192092961e-01 2.000291296853070888e-01 1.160834526835342745e-01 1.721835363129545771e-01 1.578116003677647872e-01 2.823380742738050841e-01 2.371583735815990801e-01 1.575688417779229356e-01 1.480687781326950891e-01 2.166945234880855442e-01 2.804355486742089454e-01 2.504298348518574358e-01 2.025033275385980935e-01 2.977262621955276134e-01 2.066576660046807457e-01 4.174909673053177617e-01 3.086783657339086662e-01 3.577658649472671981e-01 3.909609291569154932e-01 3.486552494176451411e-01 4.322032029427773647e-01 4.362847917347441595e-01 5.057938135772918065e-01 5.030423869619431443e-01 4.350237527955508332e-01 4.354825219724629548e-01 4.850951923458453607e-01 4.416856806923531442e-01 4.735457790028212433e-01 4.414574155162861446e-01 4.319114204596958273e-01 5.201001649504205515e-01 5.157874431013711458e-01 4.080697301784038111e-01 3.776053911991288370e-01 3.722034497958708332e-01 4.657396077898579567e-01 4.559614992392544974e-01 4.334857648367860805e-01 4.880987743572409721e-01 4.963612712014148221e-01 4.604137325382978707e-01 4.690484742371590632e-01 4.766050295401810244e-01 4.353799909837615112e-01 4.803302346477309470e-01 4.338013706711741357e-01 3.600203777632702828e-01 3.684119504109273913e-01 5.193800381327186022e-01 4.027031433333402854e-01 3.806361881391713831e-01 3.551361888974833292e-01 3.955692210877882475e-01 4.110372251194090443e-01 4.029744099068129359e-01 3.686290022037592151e-01 3.302681154867760926e-01 4.273851121665562802e-01 3.963707349953942138e-01 3.692075786615831579e-01 4.195464205378233724e-01 4.028556805635325477e-01 3.603411901565613529e-01 4.242290379292372737e-01 4.151893781492646540e-01 4.189292997290481879e-01 4.389107928136712911e-01 4.166415051307574280e-01 4.462027027288328895e-01 4.120481235106920326e-01 4.652680947886537188e-01 4.627195531591130617e-01 4.709988686901980803e-01 4.827441211428522561e-01 4.723750767776603299e-01 5.272831795527532783e-01 5.167439733602565699e-01 4.944489707729065042e-01 4.726833615038891767e-01 5.020922691469762444e-01 5.020709282319910649e-01 5.090147386965115928e-01 5.122277473035772299e-01 4.988066488133520715e-01 4.790031252479771129e-01 4.858064451438596221e-01 4.408244037594974962e-01 4.372598727536807783e-01 4.758044472165644523e-01 4.755095435656286340e-01 4.837298638542258944e-01 4.911748467127989848e-01 4.774304674077740618e-01 4.465584725418723089e-01 4.925372982030257751e-01
6.815401006471662193e-02 1.020999696907450155e-01 2.631501220287923992e-01 3.517936475367936522e-01 1.000000000000000000e+00 2.052311103305138051e-01 4.501184130220184931e-01 4.874092523753195683e-01 4.400947455793469687e-01 3.710412632677628220e-01 4.258019984466696051e-01 4.510953130341239237e-01 4.810357705456463906e-01 4.225917016066532139e-01 4.543138433293267275e-01 4.999670568274896532e-01 4.100211156685227842e-01 3.019343922794253121e-01 3.266105946674213167e-01 4.500224396418407991e-01 3.736778722828928423e-01 3.719733506108585663e-01 3.041132527845747391e-01 3.536099433306971185e-01 3.516282539957618636e-01 4.217417490176442740e-01 3.789570931118168562e-01 3.426012587318047475e-01 3.578239017172542558e-01 3.900965737391670074e-01 4.330903892623267915e-01 4.101211452447767747e-01 3.497895857501807093e-01 4.334429092696192032e-01 3.853477184133334843e-01 4.624406563918189716e-01 4.348080734414825343e-01 4.168591410980334033e-01 4.723877774502375781e-01 3.792847685909341293e-01 4.553438709790416650e-01 4.455962582035343789e-01 4.744662900078716605e-01 4.761505763241747347e-01 4.787850444896002977e-01 4.622777577567723228e-01 4.694044700638840273e-01 4.585432674214401372e-01 4.599896019731672392e-01 4.437414165833339363e-01 4.491294342000564654e-01 4.649242729073118641e-01 4.532152595673801798e-01 4.480243583357592096e-01 4.208506165927248244e-01 4.113623892207069477e-01 4.691620884842790939e-01 4.563848022110738034e-01 4.333882367794936741e-01 4.814784055366713722e-01 4.720067309454277216e-01 4.605369239737993614e-01 4.658649327537645601e-01 4.946596565728234030e-01 4.776821458915401220e-01 4.913839054020850972e-01 4.522675688647372350e-01 4.471735625776424028e-01 4.454682891276317558e-01 4.924305089447253980e-01 4.468333671022904907e-01 4.425195655116598847e-01 4.479783957806590111e-01 4.480353720474849477e-01 4.596664194292641170e-01 4.515904290163055279e-01 4.418691997545683425e-01 4.285842731263493910e-01 4.490256123841636637e-01 4.470599329384969955e-01 4.402112190232225220e-01 4.608780671323963185e-01 4.453086112307895750e-01 4.288013515351792870e-01 4.430126709892951986e-01 4.589152735200900946e-01 4.502866377216181437e-01 4.466797930374833969e-01 4.538172431726419931e-01 4.544786152951215685e-01 4.395912981029776456e-01 4.538714710421428711e-01 4.589660118945141920e-01 4.572158561778927321e-01 4.546311720184683103e-01 4.544279521119818921e-01 4.415698686703183884e-01 4.477359607049514190e-01 4.652681644957589180e-01 4.564691750830124906e-01 4.674800703374193400e-01 4.462625006604003519e-01 4.605651081153487314e-01 4.641944054075688442e-01 4.649665668789330630e-01 4.545052526684295047e-01 4.489810773426207713e-01 4.571998884879808212e-01 4.556239036200708248e-01 4.621082066832376545e-01 4.490638571349510610e-01 4.698633445950092802e-01 4.533807403304301320e-01 4.617717301077739478e-01 4.676162182378191812e-01 4.649955877193698850e-01
-3.357502304751215638e-02 3.509420883401472707e-02 1.835557628510408323e-01 3.277216583090357682e-01 2.052311103305138051e-01 1.000000000000000000e+00 5.139015827376806067e-01 4.347309833499035103e-01 4.273855171829732402e-01 4.239741571265068232e-01 5.380928978842696164e-01 5.411746444874904194e-01 4.702002687378654122e-01 5.072860109385358696e-01 5.736262165034013982e-01 5.347313423362255458e-01 4.134462875385750413e-01 2.725874335290277006e-01 3.398927902813331237e-01 3.148150975295429532e-01 3.133339106260046303e-01 3.715407857509026024e-01 3.527140850211391565e-01 3.336778001517405334e-01 3.620466727570829102e-01 4.667363153784535035e-01 4.567581178990449131e-01 4.417301222208055433e-01 3.999313407368898510e-01 4.359667291778226983e-01 4.769171833708382713e-01 4.743657465615867541e-01 4.471246451593791638e-01 4.609937327611923208e-01 4.346771110499553226e-01 4.978537266022300400e-01 4.734557745930343398e-01 5.277665385357992456e-01 5.282150496071619239e-01 5.308603432287640755e-01 5.611221313359868734e-01 5.672759633516936129e-01 5.540247954324289958e-01 5.676381513354092911e-01 5.350749839828060628e-01 5.508132959943171647e-01 5.720746337040822915e-01 5.622406221629302481e-01 5.603348807616764793e-01 5.486314471715398877e-01 5.556365033312323787e-01 5.600263844516650824e-01 5.648609599211553700e-01 5.448792691193855564e-01 5.380602696056280276e-01 5.512591954320915644e-01 5.326267784998466315e-01 5.639233972375903292e-01 5.566261586831338093e-01 5.582823462399346681e-01 5.666580846440607555e-01 5.517897199224873761e-01 5.440794165508818780e-01 5.467324549769779773e-01 5.448694055764277122e-01 5.412804591459500214e-01 5.631081342257394651e-01 5.363732850840495781e-01 5.363065794000146935e-01 5.330253852825889149e-01 5.413967407456731218e-01 5.484815416919970321e-01 5.208553620156848307e-01 5.335644555003191680e-01 5.560869879677610150e-01 5.535285294477195750e-01 5.490561419926616171e-01 5.281519960993577012e-01 5.576945753732311939e-01 5.444586919855466389e-01 5.466648915677210230e-01 5.541090047176638889e-01 5.536409313338702676e-01 5.358077973466712773e-01 5.578599345255225161e-01 5.484768714185722649e-01 5.579965831284232625e-01 5.701027199438645221e-01 5.564970948671461581e-01 5.618756998207244946e-01 5.651272825672181144e-01 5.777312285204987408e-01 5.712653599421437800e-01 5.765325351109600316e-01 5.756790764578395558e-01 5.741031919877558343e-01 5.750347682816581152e-01 5.740431852929434031e-01 5.755556723062409397e-01 5.724115519092419779e-01 5.735842428256433534e-01 5.773511794738577230e-01 5.750922218763806493e-01 5.798216102373845438e-01 5.772749386489277601e-01 5.616432414407659390e-01 5.780960089668067958e-01 5.665778117898774280e-01 5.669949727190372046e-01 5.737682846508084245e-01 5.734130106906614177e-01 5.682269191027001787e-01 5.745126940811984273e-01 5.721942842467104828e-01 5.655292133401852439e-01 5.707329589964728056e-01
1.943943435336304218e-02 1.961880294893187660e-01 3.466015873772483324e-01 4.426312866778275845e-01 4.501184130220184931e-01 5.139015827376806067e-01 1.000000000000000000e+00 6.989251292665136228e-01 6.796260035399205313e-01 6.738385494930982933e-01 7.524242016075913808e-01 7.336796491277888244e-01 6.901611873546055209e-01 7.138687465604014459e-01 8.382387974183754809e-01 7.957143347308234249e-01 6.495570919521871378e-01 4.644445165304841860e-01 5.548536218582662549e-01 5.023566372080420228e-01 4.477302725881190937e-01 5.614566301519503533e-01 5.486985224840736919e-01 5.023235989627056197e-01 5.311228141723784990e-01 7.348811239326308309e-01 7.023254453589777846e-01 7.004728655622658451e-01 6.417316196674834883e-01 6.557560732942387949e-01 7.420089904467569442e-01 7.312774691568862950e-01 6.756026997398868472e-01 6.998262988245392835e-01 6.641306740223993366e-01 7.202677907305331528e-01 7.112920238691484709e-01 7.978467107030848826e-01 8.090020456579302133e-01 7.735346478098635847e-01 8.057390968536208842e-01 8.145064046940342362e-01 8.058450373011909473e-01 8.168277265329605408e-01 7.827555907454148976e-01 8.216359026547047639e-01 8.058198617240508455e-01 7.983731221907651721e-01 7.910452681201182168e-01 7.776358437680328528e-01 8.017712934022023230e-01 7.618882805535217573e-01 7.821015860760928140e-01 7.672391456962038836e-01 7.536967546958651676e-01 7.833049867018863077e-01 7.487553943910320031e-01 7.890687172326529275e-01 7.836080076503039171e-01 7.957230177848478858e-01 7.961812298092094675e-01 7.846454110533001014e-01 7.745278195898670504e-01 7.987099696555973738e-01 7.832028563801628485e-01 7.689644679196607768e-01 8.017784179468206984e-01 7.773073690892959853e-01 7.825546061384076602e-01 7.633840023789778551e-01 7.604096506109330189e-01 7.836157510862633568e-01 7.611631955841110520e-01 7.447770646042616294e-01 8.113455320879563448e-01 8.025647679183166572e-01 8.035369203167141983e-01 7.793953227938169581e-01 8.040168155281165463e-01 7.853949424333955820e-01 7.905372208889953622e-01 8.066433146689397926e-01 7.946250662369775952e-01 7.742073185140204705e-01 7.968027533150741082e-01 7.908821434381979598e-01 7.997909464591240747e-01 8.186527153115060740e-01 8.159491394618186844e-01 7.987676040401454625e-01 8.140605888313683369e-01 8.139543933476025561e-01 8.080534775993356567e-01 8.204172195080516872e-01 8.035392011534528978e-01 8.032945831902461586e-01 7.905631663791229391e-01 7.815440022214403815e-01 8.022763342932446307e-01 8.141190808319879180e-01 8.146974014369539052e-01 7.999259399471674303e-01 7.956275512099936220e-01 8.126897249596770623e-01 7.985857645412390848e-01 7.762469391627027093e-01 7.966798353041832925e-01 7.994525781318140289e-01 7.984389146336192677e-01 8.075939888708602021e-01 8.039234345246992763e-01 8.011186106776049254e-01 7.979867319104617662e-01 8.030131544251203346e-01 8.005461792078490957e-01 7.872413384268549530e-01
-2.725650491944243622e-02 4.573718009021879305e-02 3.277067076902484555e-01 5.359520047870134363e-01 4.874092523753195683e-01 4.347309833499035103e-01 6.989251292665136228e-01 1.000000000000000000e+00 6.067121840982901970e-01 5.617138210309534641e-01 7.220442952462681196e-01 7.548062169536893240e-01 6.870244474375031274e-01 6.753809642260086843e-01 7.602757566992682792e-01 8.008517974138738005e-01 5.873118309425117145e-01 4.154863414115511078e-01 4.870164943277110470e-01 6.312505770083771672e-01 5.415792363516648278e-01 5.490342258757540117e-01 4.798521197710391428e-01 4.996972759943997811e-01 5.086725263288430776e-01 6.589151188058294251e-01 6.168639047009143450e-01 5.593303786017528312e-01 5.396493320931994297e-01 5.818305891829667065e-01 6.563141778607153309e-01 6.565939854343528781e-01 5.812774841709039686e-01 6.618625563943496548e-01 5.827160825173564040e-01 7.019988305738397161e-01 6.407661981373693472e-01 7.055137626048837429e-01 7.349955478166589895e-01 6.847229736119623267e-01 7.438462992738885671e-01 7.495772805058303900e-01 7.759719174192122315e-01 7.872272344555240053e-01 7.464060760407111861e-01 7.437112508852941062e-01 7.641996391855337967e-01 7.446803751886693634e-01 7.652118360241967343e-01 7.471594464705106908e-01 7.580902859126814608e-01 7.561242351181021171e-01 7.613917450448220992e-01 7.325395136265020479e-01 7.241547691025186362e-01 7.196971074008278180e-01 7.587122053902345398e-01 7.593870058565063141e-01 7.494949763342296789e-01 7.710799035889490671e-01 7.757310691333753061e-01 7.587198033614801496e-01 7.588422369503552423e-01 7.696518116760043826e-01 7.438571786917728135e-01 7.580728462640283771e-01 7.417523897370212893e-01 7.105943892989728949e-01 7.133195864980740319e-01 7.688007826850428161e-01 7.254064165058597968e-01 7.229595602377899555e-01 7.030766297551301891e-01 7.122785660936968855e-01 7.410143582676853580e-01 7.298866843626594658e-01 7.103381384542798438e-01 6.832263718976392397e-01 7.338208566357760088e-01 7.140527498238992132e-01 7.069000312554915011e-01 7.361047740633367420e-01 7.297333542743785761e-01 6.964167919593805545e-01 7.396074220413537681e-01 7.362098369083550642e-01 7.313720374064032193e-01 7.460495800101768493e-01 7.365935062376337550e-01 7.533134728605814789e-01 7.238937396819429271e-01 7.524393427052898931e-01 7.530072422844233948e-01 7.580232221386036251e-01 7.535998934010562644e-01 7.502118034920455258e-01 7.720321190385459609e-01 7.629332704768808648e-01 7.732631077121866481e-01 7.674194835840131290e-01 7.762644420616013896e-01 7.687983465681377249e-01 7.648540546441947585e-01 7.748058858679537364e-01 7.658724078669040258e-01 7.551661469435444474e-01 7.550690786377930452e-01 7.445212813795704099e-01 7.507193962687759292e-01 7.597649201359431004e-01 7.594557834677375663e-01 7.621800194761774172e-01 7.623987880980668264e-01 7.596994207029127422e-01 7.461235457824137995e-01 7.577594743790497800e-01
2.579348128617471869e-01 3.204780686334063877e-01 3.899769201882603564e-01 2.423903970511208372e-01 4.400947455793469687e-01 4.273855171829732402e-01 6.796260035399205313e-01 6.067121840982901970e-01 1.000000000000000000e+00 7.362083448134894015e-01 7.300290251431450494e-01 6.202066766893292726e-01 6.539809073166000797e-01 6.919216101236993488e-01 7.521561841101679358e-01 7.480655968001982403e-01 8.085275419171751299e-01 7.058824137857357961e-01 7.562786773031374699e-01 5.331922846292530549e-01 6.072049414643094778e-01 7.457964107512529139e-01 7.372108887539267075e-01 7.219154175758261127e-01 7.449714577640170754e-01 8.195153883816206353e-01 8.059985117478619676e-01 7.947589843391594799e-01 7.783975274382297638e-01 8.317616001008748539e-01 8.513609978586887950e-01 8.428994864968764045e-01 7.791516334737275118e-01 8.232192101886656177e-01 8.265575542056665670e-01 7.851577036103686291e-01 8.213457043207368358e-01 7.992618739711241371e-01 8.415512630207898637e-01 7.704097766169230033e-01 8.257428442519677558e-01 8.048622705168797520e-01 7.726406300813224437e-01 8.032028671601196823e-01 8.346233888566335635e-01 8.228473358657641956e-01 8.121072124920419855e-01 8.348419900830000850e-01 7.959346372415250226e-01 7.821350036889090918e-01 8.040209200004319046e-01 7.662627899855541935e-01 7.769859251274152667e-01 8.345097370264402681e-01 8.163189477191781229e-01 8.235324177389911071e-01 7.870161697755880814e-01 8.130807541207073497e-01 8.012146981726282480e-01 8.197673599497771191e-01 7.859875921268995036e-01 8.096289770217679482e-01 7.862176244510866718e-01 8.168462988142488612e-01 8.501131660897890407e-01 8.110996777634641441e-01 8.382958542850158512e-01 8.683672515778652068e-01 8.599669405067853489e-01 8.096889522695557284e-01 8.478780293928280809e-01 8.630529741462095172e-01 8.630620021233720296e-01 8.484787841466856495e-01 8.495329083829944450e-01 8.484898236158419094e-01 8.484326982565471020e-01 8.442010476823719189e-01 8.332956809848739432e-01 8.522400548450519420e-01 8.556552704952783417e-01 8.525476025620475351e-01 8.468064976538937083e-01 8.492982068509500326e-01 8.252567676348517844e-01 8.458951799870286781e-01 8.360870265682573965e-01 8.197023077632790145e-01 8.375109951575686607e-01 8.227270071723692402e-01 8.200789054129157263e-01 8.128969659956825078e-01 8.285174480383763473e-01 8.138314395487987740e-01 8.056836215597730222e-01 8.125978621456270146e-01 7.493488210225022206e-01 7.692175910165494068e-01 8.047053710443683450e-01 8.136125483543835690e-01 7.963008357122874914e-01 7.870852386926896482e-01 7.949215234096121963e-01 7.922215725752704829e-01 8.077274858736351870e-01 7.933497026140385877e-01 8.002688338174722693e-01 8.301298760584889802e-01 8.280665842450660730e-01 8.160787225982186754e-01 8.029097127009889867e-01 8.163749871335099773e-01 7.977977917169576383e-01 8.127596785884629860e-01 8.375608015148423569e-01 8.041673549462796666e-01
1.488242276956202315e-01 3.429544714657135618e-01 2.888840510746000789e-01 2.420112892100257374e-01 3.710412632677628220e-01 4.239741571265068232e-01 6.738385494930982933e-01 5.617138210309534641e-01 7.362083448134894015e-01 1.000000000000000000e+00 7.026288570482158713e-01 6.129082124135889487e-01 6.306011388503167669e-01 6.664900694421821425e-01 7.482971979763450854e-01 7.074117013810801158e-01 6.930844390013244372e-01 5.368959430863380344e-01 5.966358164832501476e-01 4.058339185706140717e-01 4.039410487432378294e-01 5.739636669959234938e-01 6.030311302531797812e-01 5.443048279564103309e-01 5.757617907802031754e-01 7.368263649296530327e-01 7.176158907757135275e-01 7.515339741383273431e-01 7.030342289355517860e-01 7.300514240993568604e-01 7.763098916805698524e-01 7.472798809887294391e-01 7.201617198600268610e-01 7.062527481315501454e-01 7.260838971264607089e-01 6.828591314555363390e-01 7.300208506791651120e-01 7.761900121036114930e-01 7.915200337612179338e-01 7.484797292989061601e-01 7.856402228838266222e-01 7.726030148860787428e-01 7.237432727227014473e-01 7.538446160829126441e-01 7.602663245410288262e-01 7.886503108018831920e-01 7.745802933739018847e-01 7.933079167239024398e-01 7.546646230607634287e-01 7.292483144641888071e-01 7.523190384762070693e-01 7.051821280029142436e-01 7.319986605832774496e-01 7.758001341467918310e-01 7.561093003152301595e-01 7.780581099185064353e-01 7.125162727728303613e-01 7.702499477782155379e-01 7.612722403057895493e-01 7.622520178799518931e-01 7.394276183703153427e-01 7.599755574078929099e-01 7.465090275874717296e-01 7.575787961836448758e-01 7.706038493795891453e-01 7.404379870046220447e-01 7.935427318912351424e-01 7.878645406761922709e-01 7.919217160529803401e-01 7.258920383612376126e-01 7.469391747005792448e-01 7.863455803725918347e-01 7.752793232308350380e-01 7.485473187818141305e-01 8.020876064459325772e-01 7.986334936586815259e-01 8.096269066325396668e-01 8.068880598239469570e-01 7.959656848244875960e-01 7.955002235443332514e-01 7.980990728690606772e-01 8.051119316115324942e-01 7.842584794084269673e-01 7.888653210048344189e-01 7.792792298587500888e-01 7.824744278961559552e-01 7.853529572033685069e-01 8.008252107242369577e-01 8.038955133346339377e-01 7.768067055443312885e-01 7.990441064182032260e-01 7.891723121754161685e-01 7.827553492308000349e-01 7.887794886673651362e-01 7.794691997036601316e-01 7.856798246185743295e-01 7.273304041677308707e-01 7.312710512458663326e-01 7.693778286453099025e-01 7.809062456785010875e-01 7.656807144665269682e-01 7.605689573102842882e-01 7.602109363916311757e-01 7.643746387551273447e-01 7.603559758008795466e-01 7.521293324751204823e-01 7.710273062610765171e-01 7.934809390838888365e-01 7.904871356817119166e-01 7.862868524332906617e-01 7.804682820427646384e-01 7.738660317003335232e-01 7.701629573810421237e-01 7.739746549360707606e-01 7.861753939654522183e-01 7.605363382717210685e-01
-1.587615576237327852e-02 1.239784298499203713e-01 3.895305565556244076e-01 5.078028875480271598e-01 4.258019984466696051e-01 5.380928978842696164e-01 7.524242016075913808e-01 7.220442952462681196e-01 7.300290251431450494e-01 7.026288570482158713e-01 1.000000000000000000e+00 8.389151915619456057e-01 7.424280405641048297e-01 7.895670213322651954e-01 8.725524369911729083e-01 8.521037883271608271e-01 6.834427641603434411e-01 5.014199135245442918e-01 6.029145026784136219e-01 5.782668183004145979e-01 5.599124247596145576e-01 6.469565257742484476e-01 5.935624502158133309e-01 5.791351906481609912e-01 6.187568801513446681e-01 7.887364086905390703e-01 7.615071775609426608e-01 7.173036997725482644e-01 6.802691233158503215e-01 7.347844038498936303e-01 8.034139775181647902e-01 7.695973311716881593e-01 7.139524044910723344e-01 7.578287423667273703e-01 7.229493162255953287e-01 7.883064714769810744e-01 7.747124797621786074e-01 8.294364912462939277e-01 8.530335282620805648e-01 8.181675830147894235e-01 8.837879809219100213e-01 8.785444006699878461e-01 8.706799351234776330e-01 8.943890849659569264e-01 8.637902105260854002e-01 8.786975582942863072e-01 8.943080448076051736e-01 8.886255730503549444e-01 8.817836181365461545e-01 8.459916694525010383e-01 8.670809068254394791e-01 8.708102388061668142e-01 8.891034518109790508e-01 8.746295323432573543e-01 8.629608350976082365e-01 8.651700911742953304e-01 8.599637058475668727e-01 8.881943962211807930e-01 8.835546341835228690e-01 8.924845865644239762e-01 8.938152243203526526e-01 8.850320536072973088e-01 8.779163743893216854e-01 8.730324327133903717e-01 8.802467340242154936e-01 8.763466667599313364e-01 8.893460350519301061e-01 8.612867528282073248e-01 8.595290678401358297e-01 8.671981636330090559e-01 8.673469420009094488e-01 8.766716317502604161e-01 8.453552190433938351e-01 8.505953027509333131e-01 8.906298852191472104e-01 8.867060416698083758e-01 8.707560870553011645e-01 8.475064633799709313e-01 8.874837341559004278e-01 8.734842614369264790e-01 8.694275965896497427e-01 8.885201350274395393e-01 8.784822708074340181e-01 8.574631268606879297e-01 8.791341645504754387e-01 8.748279992821705875e-01 8.795729258375182269e-01 8.903797396004963227e-01 8.849972795312507357e-01 8.896488143671863469e-01 8.819247264961332933e-01 8.995492997522014367e-01 8.971901774346232594e-01 9.001239216173516633e-01 8.982194329219881368e-01 8.985825159716810395e-01 8.844364785068198342e-01 8.816718804605013782e-01 8.963676182567156259e-01 8.920373166455023428e-01 8.948925471323393444e-01 8.973720379935926639e-01 8.996899831907974043e-01 9.031762150372620868e-01 9.009425007687626996e-01 8.876472417341670917e-01 8.967477342332934587e-01 8.945281837714736950e-01 8.960086554761134137e-01 8.989945450983876096e-01 8.997528782660303426e-01 8.968331350775857747e-01 8.983889781117521123e-01 8.924178932144465337e-01 8.941860950534151753e-01 8.948576418915583641e-01
-1.195113590413895421e-01 -3.204081593120166466e-02 3.071335124819238871e-01 6.819241349891482784e-01 4.510953130341239237e-01 5.411746444874904194e-01 7.336796491277888244e-01 7.548062169536893240e-01 6.202066766893292726e-01 6.129082124135889487e-01 8.389151915619456057e-01 1.000000000000000000e+00 7.809332417760931344e-01 7.870727651056760310e-01 8.702909742861993925e-01 8.711342461064998099e-01 5.701205863180711653e-01 2.967000332245425254e-01 4.022928319452045987e-01 6.094999751326851678e-01 4.803761759359137518e-01 4.832388022848426723e-01 4.116590383392122465e-01 4.173920762348681812e-01 4.428292867701588142e-01 6.614352356643964370e-01 6.138740553159740543e-01 5.552112513941196426e-01 5.094268813868830792e-01 5.832439840733508740e-01 6.655532043484682081e-01 6.411566776211110597e-01 5.821290553930562606e-01 6.409010893305143730e-01 5.812507919538418832e-01 7.347698414044466775e-01 6.641285328021070411e-01 7.628492962435984293e-01 7.907368827680647527e-01 7.344354241447832443e-01 8.374903580309465134e-01 8.294889237181088948e-01 8.578089766127172666e-01 8.727927772043815313e-01 7.972334467705040062e-01 8.260842013115693439e-01 8.800460276284364225e-01 8.549129839791856922e-01 8.668816245189590042e-01 8.219796777486995110e-01 8.272863583974968682e-01 8.659772504020751827e-01 8.867163027956140864e-01 8.245785097179222367e-01 7.933398266246726172e-01 7.831353721905351950e-01 8.483962662196302684e-01 8.603608993524746174e-01 8.452576473245831945e-01 8.808662313722785964e-01 8.868284295246133819e-01 8.668928998269752606e-01 8.643713085956776787e-01 8.629558291428556238e-01 8.307267515297505067e-01 8.651744260758150729e-01 8.493013996556748602e-01 7.649841124289651351e-01 7.725340437835112040e-01 8.406253899302115196e-01 7.833686519746841936e-01 7.907015940228230289e-01 7.440666882420774453e-01 7.677934350307141775e-01 8.254073951955901434e-01 8.172101390884047856e-01 7.924161108854314017e-01 7.536319748246698147e-01 8.270057601066125308e-01 8.016476695962827526e-01 7.851990204140815166e-01 8.240752957628105779e-01 8.085147792754786567e-01 7.708227052675891144e-01 8.195679087135041563e-01 8.067125566715180884e-01 8.152588399230593641e-01 8.456371899779197010e-01 8.284962195476792690e-01 8.408747173865643854e-01 8.244464807247143812e-01 8.702934689503418753e-01 8.531232025674814201e-01 8.680886217603137611e-01 8.833012192063384171e-01 8.789267144895732686e-01 8.857743644232367597e-01 8.861738782928718638e-01 8.832679206195760413e-01 8.635842869922902842e-01 8.804168245592814968e-01 8.898367097518997682e-01 8.948735082599483803e-01 8.979064317017788621e-01 8.797830762881931888e-01 8.712758706727038449e-01 8.851975977776728177e-01 8.545900251168742079e-01 8.489178629466560544e-01 8.773670888439235593e-01 8.742161974265414415e-01 8.823188504350383266e-01 8.878799355587904119e-01 8.775154677530151437e-01 8.564771791285783475e-01 8.847620798996227443e-01
1.876621464833405899e-03 6.170019922592254180e-02 2.503211195385664500e-01 4.987837191100631951e-01 4.810357705456463906e-01 4.702002687378654122e-01 6.901611873546055209e-01 6.870244474375031274e-01 6.539809073166000797e-01 6.306011388503167669e-01 7.424280405641048297e-01 7.809332417760931344e-01 1.000000000000000000e+00 7.234182714178535312e-01 8.126833345876556258e-01 8.115552002892777450e-01 5.930217820335839107e-01 3.338214510797599122e-01 4.224073883324336864e-01 5.127911083941160131e-01 4.042135552681198063e-01 4.584629393073589854e-01 4.249282729589810015e-01 4.212408637068282835e-01 4.382561238684192784e-01 6.328618371561910427e-01 5.913162182295765845e-01 5.747948737906297678e-01 5.169270658715313660e-01 5.883802191531792847e-01 6.489082235275285271e-01 6.424835171916661869e-01 5.881780424775330252e-01 6.271485687904131412e-01 6.065600150698806647e-01 6.741855549408158899e-01 6.472173276048470703e-01 7.262876524345490692e-01 7.659985858814439830e-01 6.674940943797917914e-01 7.777925487145551653e-01 7.745558750172979456e-01 7.818775887524532786e-01 8.002022609466387104e-01 7.400972290191423220e-01 7.770246328188797902e-01 8.216166673087569317e-01 8.083252026644220933e-01 7.905495004866233133e-01 7.434605878773875576e-01 7.577965311410672644e-01 7.715816083520905533e-01 8.017381080755990874e-01 7.765115784383804787e-01 7.310078276795971552e-01 7.245866630519061102e-01 7.657765161504178630e-01 7.966171630052848451e-01 7.693640155535204084e-01 8.216027994682312263e-01 8.158059246531977893e-01 7.996137397822976611e-01 7.939353593403589704e-01 8.108763182147703530e-01 7.881787690038595251e-01 8.048537077238051562e-01 8.068147029599160858e-01 7.388843393266207871e-01 7.480517601036348330e-01 7.707584834752720937e-01 7.287911040433385779e-01 7.489256123010797905e-01 7.206922939734339284e-01 7.259598456525616639e-01 7.837901626575869418e-01 7.774907304309409684e-01 7.668926404964080401e-01 7.347027064070887903e-01 7.788012718419098368e-01 7.691185832886744400e-01 7.535340182958778499e-01 7.833498769129793038e-01 7.615024733137082391e-01 7.467757506681320656e-01 7.698359905245294454e-01 7.697460011359749110e-01 7.708313367786747694e-01 7.970216984235595215e-01 7.924947630034482327e-01 7.742344033526078473e-01 7.797044594376366655e-01 8.137207655412708185e-01 7.923309393702372416e-01 8.087878252986393512e-01 8.223268275683303097e-01 8.230903151208122104e-01 7.916457514532611039e-01 8.023169072261857604e-01 8.190514680240335021e-01 8.055335782876076323e-01 8.128808427279878845e-01 8.125293771330758252e-01 8.217047186842031392e-01 8.277536553758719773e-01 8.050465820706659281e-01 7.998983740094761652e-01 8.195028099351203688e-01 8.071998372288998747e-01 7.943216221801805421e-01 8.195363665109771656e-01 8.053802842846019550e-01 8.244286194224388353e-01 8.196875728176902243e-01 8.201296122254290166e-01 8.108745975229808556e-01 8.172515287655083283e-01
