1.000000000000000000e+00 2.205821990310006531e-01 2.379829194464979925e-01 2.008121886699796299e-01 1.169398187642636255e-01 1.715590967612294279e-02 1.833144309790984139e-01 1.866657503031252385e-01 2.195774888849006679e-01 1.237589585379896828e-01 1.379006099760078929e-01 7.802131154482924713e-02 8.322353738322704406e-03 3.567193507090612309e-02 1.232838133423397042e-01 1.032550782579205323e-01 1.863747127314480945e-01 2.890088975559044759e-01 2.117172622053242192e-01 2.650209521114282873e-01 2.341284983333311032e-01 2.384168649011831898e-01 3.048276027716454450e-01 2.736502547230215687e-01 2.169050271373335337e-01 2.521211019937175113e-01 2.435373973393532288e-01 2.527110981968876402e-01 2.518605525178275739e-01 2.411729235131064852e-01 2.213079787722071479e-01 2.219027393579305063e-01 2.521708444366231316e-01 2.364701162492439390e-01 2.242855439214394564e-01 1.885373912313064171e-01 1.943238225202390257e-01 2.015703967562070820e-01 1.793132935208392731e-01 1.554644026291165382e-01 1.228312788083885665e-01 1.236082196289234880e-01 9.714406515530686625e-02 1.224065143324004901e-01 1.409401952137323277e-01 1.179387398161844958e-01 4.633804434764249996e-02 6.282079961389408496e-02 1.132536437284234060e-01 1.792264643207352459e-01 1.476192583949483272e-01 1.095113096221301541e-01 5.423010480256156007e-02 8.923608037410880878e-02 9.097415293725663599e-02 1.078773988655480631e-01 1.321033395447654690e-01 6.519687478057767382e-02 8.506172761340455302e-02 5.249866196977519966e-02 5.167411622074059158e-02 6.963355835479245748e-02 6.499330040135288533e-02 8.649188441680359662e-02 9.429085013709562202e-02 5.504204068897516205e-02 5.954868924092394239e-02 8.839405462443163108e-02 1.204221807079274981e-01 8.979269851890001042e-02 9.945048800366104724e-02 8.323084120619919646e-02 1.176139041071753988e-01 1.102683789777518797e-01 9.824455575152264697e-02 9.026708501286266617e-02 1.092567252569312253e-01 1.269306185127564157e-01 1.119330209362159323e-01 1.124278404479243099e-01 1.196249000370464971e-01 9.889810662598114144e-02 1.120015883939730339e-01 1.310343423621418979e-01 1.286488610935549448e-01 1.152846037093805537e-01 1.020974473280236300e-01 7.871945629379370479e-02 9.300023418351957560e-02 7.198946469522851666e-02 9.214855113529459019e-02 5.000031329979909289e-02 7.234834045333396468e-02 6.897675166455748130e-02 2.823513175250545737e-02 3.297031600584468536e-02 9.676401544835358526e-02 1.270098674405563954e-01 6.336444430313410703e-02 8.214899727564424492e-02 5.383436779555410973e-02 5.522484324121179622e-02 4.971265225246289388e-02 4.796472479027293068e-02 7.537465944436329279e-02 8.116051639278792917e-02 7.448548586747945344e-02 3.875004322686839003e-02 5.355982911023928622e-02 4.486760973406719866e-02 3.473250244462176145e-02 3.306356471270079783e-02 4.492481555285773170e-02 4.871735571856663366e-02 4.839546037712021131e-02 3.535625379385606143e-02
2.205821990310006531e-01 1.000000000000000000e+00 1.593277824625450589e-01 1.774081753872563949e-01 1.382966924666134412e-01 1.220045806215271644e-01 2.159793326781596357e-01 1.611415694414169986e-01 2.288583915839975114e-01 2.072899830330050819e-01 2.008324582196017172e-01 1.945643882025934746e-01 1.485925867634736997e-01 1.072038546879013482e-01 1.895054373882521515e-01 1.721335772984505241e-01 2.411934431716273308e-01 2.267446713588648355e-01 1.751455668058481685e-01 2.212758124750614785e-01 1.927545749654802354e-01 1.660113161114521729e-01 2.318629391603276302e-01 1.972491420434242804e-01 1.590467138174130324e-01 2.516305479646688825e-01 2.203475882716495193e-01 2.375893052016452844e-01 2.136875975943759720e-01 2.346809581932126076e-01 2.418108380189491480e-01 2.435736019518230933e-01 2.529969251845370914e-01 2.298631253094161886e-01 2.335502713361789773e-01 2.061652541312788411e-01 2.305286271505643525e-01 2.178948183992364951e-01 2.297212429627007724e-01 2.079476172639190268e-01 2.042861837462080221e-01 1.909527650119998143e-01 1.657682675964361751e-01 1.965563785078522085e-01 2.194383019575065763e-01 1.985247463154838909e-01 1.896696410062168880e-01 1.982486479023788661e-01 2.137525364364941949e-01 2.030142236459183402e-01 2.046990568518045894e-01 1.339919530592271757e-01 1.755418223157273749e-01 1.989703748395296179e-01 1.756043747192244653e-01 1.840641471632080695e-01 1.948670942367065340e-01 1.794504827381856182e-01 1.860491707911449688e-01 1.967040430040793986e-01 1.768281198565895829e-01 1.939790235438563493e-01 1.637461190476596773e-01 2.011543149297438660e-01 1.941432782313062544e-01 1.752146000249722724e-01 1.941994745807692213e-01 1.915273994203218755e-01 2.107191677041354017e-01 1.981172078592099151e-01 1.765373583539027458e-01 1.803461216143778523e-01 1.957455694166751192e-01 1.779701396740855368e-01 2.086642268590097327e-01 1.965253608935287888e-01 2.048391780606161339e-01 2.065911003269446655e-01 2.049442574061279276e-01 2.034999240834293455e-01 2.132401746838110401e-01 2.065264961307244351e-01 2.137819541947817703e-01 2.153315304997408253e-01 2.022454960259424950e-01 1.997343720944639578e-01 2.051394421210251118e-01 1.941218498817163240e-01 2.008372057920414788e-01 1.841192143931480729e-01 2.026711746206198150e-01 1.859771428886206057e-01 1.935325286557674496e-01 1.928620250524215318e-01 1.817854993500764293e-01 1.880845251062318035e-01 1.795232572352531697e-01 1.931348544265757694e-01 1.860182787173200181e-01 1.944216056749079047e-01 1.713939366950251730e-01 1.730781780270516934e-01 1.837330926003934162e-01 1.804180079706367845e-01 1.679531712426544365e-01 1.802900532315962756e-01 1.978049867644981752e-01 1.856611052957206909e-01 1.808704718518327204e-01 1.887480002913833055e-01 1.703444856795512663e-01 1.848652729393571725e-01 1.865576635517391391e-01 1.884972093659299519e-01 1.844712635650424815e-01 1.729710815871415008e-01
2.379829194464979925e-01 1.593277824625450589e-01 1.000000000000000000e+00 4.296627970207489988e-01 2.955469617985357345e-01 2.391797632012524211e-01 4.157703046849794415e-01 4.430514267701893827e-01 4.117647446260339072e-01 3.773534187916144922e-01 4.473692087728566857e-01 4.021953860734325814e-01 3.464113741189258633e-01 3.025291103754307320e-01 4.400842916448988729e-01 4.096967507788780161e-01 4.497381404234045976e-01 5.425839451478082776e-01 4.991250589877399002e-01 4.673465595512504289e-01 5.166479966088867171e-01 5.072560200616623716e-01 5.208003133981945476e-01 5.247538477470730101e-01 4.838103567988531473e-01 5.048843638935266442e-01 4.897359901465626053e-01 4.829149320582744598e-01 4.753637561586165350e-01 4.870913167228832497e-01 4.818933193522657588e-01 4.868146115757559511e-01 4.654479278419120236e-01 4.862413266944003998e-01 4.831141384048663334e-01 4.763762741817599844e-01 4.748837616517280757e-01 4.784162736864367993e-01 4.669566055736402155e-01 4.443735305993452012e-01 4.363720144418025138e-01 4.451952584860116580e-01 4.403808929549528628e-01 4.468672242880094569e-01 4.603322558905361683e-01 4.512140262730981455e-01 3.815359884936375678e-01 3.955269880990813780e-01 4.072422807450540860e-01 4.446685292632054365e-01 4.485831047275484207e-01 4.093876798650774584e-01 3.745956838007387102e-01 4.108566142993299586e-01 4.230491523215738070e-01 4.175803669968014553e-01 4.197943786876147110e-01 4.115423620231798418e-01 4.124265364965998826e-01 3.915612885004357002e-01 3.934472139529840984e-01 4.035014087305487385e-01 4.001435960028679184e-01 3.995869737279280076e-01 4.077432533726014774e-01 3.861077256324236817e-01 4.008030376969871633e-01 4.368912705069685209e-01 4.465271908945184220e-01 4.281414323018903345e-01 4.526333008308112138e-01 4.332330294857925646e-01 4.538086742297522957e-01 4.464701498161956494e-01 4.207379449602375865e-01 4.181043691860128475e-01 4.270998321149942489e-01 4.356062318647070386e-01 4.328665707565457765e-01 4.264115856583698960e-01 4.295595559253236884e-01 4.236795821346734381e-01 4.292404757833361284e-01 4.374185555797106550e-01 4.459457554705733573e-01 4.395895693568195872e-01 4.320240815485204555e-01 4.174271098863553409e-01 4.261441449694360895e-01 4.126362439314456010e-01 4.186600170260004750e-01 3.952626514672348268e-01 4.079993568865902809e-01 4.134978143291396235e-01 3.751630749989853797e-01 3.772480570407624745e-01 4.148399127585875590e-01 4.095083327436648823e-01 3.946969897888370493e-01 4.069965468538705444e-01 4.029552039383949569e-01 3.901750352036265634e-01 3.821236287819703703e-01 3.928178435193095397e-01 4.085990530831805634e-01 4.003513881652541184e-01 3.913151123454797209e-01 3.838340824013264929e-01 3.976441737419568190e-01 3.836832291988810373e-01 3.876908915793010890e-01 3.778389127076914877e-01 3.873506888242997381e-01 3.866140075093870143e-01 3.879696864683759294e-01 3.748707297861695875e-01
2.008121886699796299e-01 1.774081753872563949e-01 4.296627970207489988e-01 1.000000000000000000e+00 3.948713445086595164e-01 3.913800488287385027e-01 6.344094120739940390e-01 6.154168990245815207e-01 5.945233261469227148e-01 5.499942297953748227e-01 6.204499251581478969e-01 6.704746332445620238e-01 5.512681574579295640e-01 4.824680720425859048e-01 6.528706300978793786e-01 6.430559248233045366e-01 5.972552828302281069e-01 5.641047519189117398e-01 5.714943919167517761e-01 6.192127415822127334e-01 6.132594450900302752e-01 5.871689261051982189e-01 5.511914371474729846e-01 5.387818601021134857e-01 5.489135162606305629e-01 6.359572179817432058e-01 6.267409246017039415e-01 6.137393309934343621e-01 5.894827419174895056e-01 6.056958446078779534e-01 6.528609219663695784e-01 5.989731955306899502e-01 5.445323440660887471e-01 5.727107993941192854e-01 5.625861437096155715e-01 6.301161730707200981e-01 6.166087774167277047e-01 6.306425420144855520e-01 6.286565849515776128e-01 6.345133571696411900e-01 6.345520074870620864e-01 6.457964139867325981e-01 6.370385772408562186e-01 6.531316576754043757e-01 6.489634265839836491e-01 6.443752620479871185e-01 6.160477162856713429e-01 6.166904972037855481e-01 6.365969429993266759e-01 6.337036741968861131e-01 6.398249225945583651e-01 6.314634324286491074e-01 6.196182236701299750e-01 6.220160561421415046e-01 6.266317066612171471e-01 6.243004113696497548e-01 6.495443803166528474e-01 6.256064522362294600e-01 6.258529995122187328e-01 6.211280805395821281e-01 6.272384667867108021e-01 6.281519739241477884e-01 6.238900156637126049e-01 6.254100326726083070e-01 6.281409183509469862e-01 6.241902864047200739e-01 6.159991958588639793e-01 6.134295648870473627e-01 6.113553217888156865e-01 6.398141509386744419e-01 6.304088174961072211e-01 6.213440497744386892e-01 6.111696806068600551e-01 6.135430763712532709e-01 6.365630803867361465e-01 6.233483254534958329e-01 6.296094829137395266e-01 6.290763899624001176e-01 6.379345431293431679e-01 6.170106435011624146e-01 6.242519526234054927e-01 6.394548376873167017e-01 6.359891033887745682e-01 6.097349907593015983e-01 6.402020001482946476e-01 6.178566774391627270e-01 6.230256051198660439e-01 6.305534210271939166e-01 6.256682594178065715e-01 6.305280812888311992e-01 6.361092923584888981e-01 6.233817712952594015e-01 6.281939158913940613e-01 6.314270055075833499e-01 6.080473181808969674e-01 6.082945447287143592e-01 6.455114891196191973e-01 6.406964748526849940e-01 6.314769275157930961e-01 6.328916802207117387e-01 6.322601076384162244e-01 6.290489532518707128e-01 6.228498700041058544e-01 6.265844304487584449e-01 6.355302694159138399e-01 6.336733802224515655e-01 6.286065304387313812e-01 6.095511471177184060e-01 6.218857366865384595e-01 6.198423482320407629e-01 6.195333926927772961e-01 6.136332515141144084e-01 6.205508386506537466e-01 6.226519353535189261e-01 6.209308496500841601e-01 6.144796597929113036e-01
1.169398187642636255e-01 1.382966924666134412e-01 2.955469617985357345e-01 3.948713445086595164e-01 1.000000000000000000e+00 2.758631761289755402e-01 5.013003651592979892e-01 5.171491547263149524e-01 4.827925763272881698e-01 4.753440694148882151e-01 5.356999295116035009e-01 5.077469900074702558e-01 5.467506137576132463e-01 3.894979728301598554e-01 5.361338709802734304e-01 5.459864527245416044e-01 5.270995770916828693e-01 4.941612129116998986e-01 5.040792913654004170e-01 4.921557275593660408e-01 5.096422163293002905e-01 5.068345449478400822e-01 5.184340638021994740e-01 5.073614458505025793e-01 5.146733688728065692e-01 5.534845669155089576e-01 5.409971069786768672e-01 5.225460501388544676e-01 4.893985770006351044e-01 5.322106502280876672e-01 5.430917318411854211e-01 5.536539469972151517e-01 5.104684713188435419e-01 5.235033207803188038e-01 5.279061479317994632e-01 5.270818421000514897e-01 5.369262226717025355e-01 5.360911229589196969e-01 5.373146788953280240e-01 5.286861365613707564e-01 5.462666904446864535e-01 5.423185473756395591e-01 5.489168833148233562e-01 5.482818769916460999e-01 5.532277217347298937e-01 5.483195365390386433e-01 5.184109854308686094e-01 5.247251239668115907e-01 5.301366419346741354e-01 5.327570052504145837e-01 5.430240588234207522e-01 5.433760460153983507e-01 5.109627169970450966e-01 5.425627866922039244e-01 5.346774179244110359e-01 5.218213017711824664e-01 5.317234165664979084e-01 5.396019494677800621e-01 5.272768984171990470e-01 5.334680222319105880e-01 5.259400293393463599e-01 5.322840603132568127e-01 5.165230169935146609e-01 5.255531452760946465e-01 5.213867531924011312e-01 5.435981726927404667e-01 5.275110155213703633e-01 5.331457789707133577e-01 5.474185985731949700e-01 5.391728730218444676e-01 5.379001213038413498e-01 5.381155194940352438e-01 5.408682998545302212e-01 5.402187934170498140e-01 5.339738214146568795e-01 5.339231324906786869e-01 5.307044275793409982e-01 5.305195726406094492e-01 5.343154384589121619e-01 5.334236873628043218e-01 5.345207375112915882e-01 5.375681334579961446e-01 5.313582553449887058e-01 5.387130743221658635e-01 5.428644470997492366e-01 5.408277876001311713e-01 5.359186953197039305e-01 5.285883358327390091e-01 5.317075058816789213e-01 5.308035686605551140e-01 5.254427155007206363e-01 5.225775690782776817e-01 5.273582206027203068e-01 5.326809403308280233e-01 5.134680715240397264e-01 5.137305880371836331e-01 5.223115246775745790e-01 5.226650213353218888e-01 5.192215297942046615e-01 5.284302185460788559e-01 5.192920696674233616e-01 5.178251733458911765e-01 5.129857779706995524e-01 5.278783577077269529e-01 5.372134930457167501e-01 5.227276889606271570e-01 5.169222259531959240e-01 5.187659781814304427e-01 5.184577214508665488e-01 5.194785906816700161e-01 5.158924202308453610e-01 5.197636220526992146e-01 5.222051261015225876e-01 5.186759020706679379e-01 5.212468046775760033e-01 5.298580151481518952e-01
1.715590967612294279e-02 1.220045806215271644e-01 2.391797632012524211e-01 3.913800488287385027e-01 2.758631761289755402e-01 1.000000000000000000e+00 5.367525875857044326e-01 4.321898946857706814e-01 5.301785381949344345e-01 5.114648103708983040e-01 5.271914490003297704e-01 5.948456459235300642e-01 5.126230014356293330e-01 4.608377256013445611e-01 5.697197977014385462e-01 5.743223729471634842e-01 4.752513323529909406e-01 3.876359381714416519e-01 4.580052804507011577e-01 3.710416342783370847e-01 4.402482712553699162e-01 4.762678668267368853e-01 4.142825520042907050e-01 4.108151083845172913e-01 4.574561080546598046e-01 5.085534050191458100e-01 5.083529052732608244e-01 4.910118796535015706e-01 4.643162870713049561e-01 4.628984997269078860e-01 5.086992699968047038e-01 5.055132572825113968e-01 4.491022919692301274e-01 4.537515964924597189e-01 4.565457971385438740e-01 5.241192084941030949e-01 5.125087100658054506e-01 5.221373047277653168e-01 5.470590376865032134e-01 5.474587272179631814e-01 5.846525139009997041e-01 5.777146214301425164e-01 5.795497650781438193e-01 5.891990022775903668e-01 5.681722027588175239e-01 5.696185105685381833e-01 6.021189933374936354e-01 5.933802244990519226e-01 5.699125891382202935e-01 5.207620408249775679e-01 5.644771989285412017e-01 5.603451728305076651e-01 5.971669526338370115e-01 5.679577129658572865e-01 5.578071100762400647e-01 5.557180975214512930e-01 5.620206339316072830e-01 5.824227034672024850e-01 5.743249629724808125e-01 5.961637042266326736e-01 6.016043146653654583e-01 5.929109674232344585e-01 5.818677252936552691e-01 5.857587896439677699e-01 5.968826684072569000e-01 5.736296817663504299e-01 5.915293693732709412e-01 5.821709916544411945e-01 5.713644368035750709e-01 5.749444452739904676e-01 5.816458560788587695e-01 5.872595178986635966e-01 5.570710183370793933e-01 5.773529437150106691e-01 5.986910363884404562e-01 5.927209977271984398e-01 5.877975642749888596e-01 5.706360090237913019e-01 5.833738540104994597e-01 5.662205790608626499e-01 5.743012014808792642e-01 5.817657991613636170e-01 5.764354065125877336e-01 5.529472272221379603e-01 5.623064479600953236e-01 5.625970625106212486e-01 5.786147282661164848e-01 5.867087002262101336e-01 5.845411014336712174e-01 5.873123145908988318e-01 5.895170637599074226e-01 5.991570065301855541e-01 6.000977326780488896e-01 5.986259020416746512e-01 6.053717551770709804e-01 6.036020836249796906e-01 5.696042978250737132e-01 5.623287246614373514e-01 5.908156572305461873e-01 5.881126529205022990e-01 5.956199284537616601e-01 5.888999855851693166e-01 6.052607487564349853e-01 5.999325743383028264e-01 5.925049921113114682e-01 5.766428194463314449e-01 5.877896899990384671e-01 5.997525773729411869e-01 5.954169686007927398e-01 5.997358578379735627e-01 5.948454074186014795e-01 6.010528203781927425e-01 5.966751520432088673e-01 5.961863177732250607e-01 5.951627967496292415e-01 5.889542802342988548e-01
1.833144309790984139e-01 2.159793326781596357e-01 4.157703046849794415e-01 6.344094120739940390e-01 5.013003651592979892e-01 5.367525875857044326e-01 1.000000000000000000e+00 7.427662599505855390e-01 7.503456186391834759e-01 7.253613940566043805e-01 7.716920540222902414e-01 7.964926639295003552e-01 7.105084721478355236e-01 6.188255310163995881e-01 8.583182698247379117e-01 8.220900957544131638e-01 7.290265957583528245e-01 6.622409124340921105e-01 7.189573767519789049e-01 6.469096206091083934e-01 6.791531476621107677e-01 7.201791032329653008e-01 7.007479436176887733e-01 6.716548529617207830e-01 7.021542374394852404e-01 8.128482307367198567e-01 7.855691065914435223e-01 7.921033384027145186e-01 7.241390558223410601e-01 7.268678471168780186e-01 7.835564196580923069e-01 7.844167373372146201e-01 7.279024939496736568e-01 7.243272022411521016e-01 7.286151995437054607e-01 7.794431155997405547e-01 7.750728661775569961e-01 8.055776812071283599e-01 8.018437463003182941e-01 8.281557774194736599e-01 8.251406123296138873e-01 8.458009161403107212e-01 8.321640295046786040e-01 8.468019000185496026e-01 8.255037587179456793e-01 8.286885159932591005e-01 8.082977483425748400e-01 8.072921581271588209e-01 8.124237264845873829e-01 7.956087764373828142e-01 8.227496016725737160e-01 7.914351520125300077e-01 8.097302629918795569e-01 8.069840491402459071e-01 8.080576319256583817e-01 8.103045531971203586e-01 8.109197076521567071e-01 8.245756609911324420e-01 8.113264286851973317e-01 8.095845631203459902e-01 8.151162182664523081e-01 8.118774491032652030e-01 8.014173618115963960e-01 8.010438704952558275e-01 8.084563056118188040e-01 7.928048562952825229e-01 8.049891090306001695e-01 8.046806918991427082e-01 8.129768082720240097e-01 8.080796771924821931e-01 8.052251230431013429e-01 8.093475521174511300e-01 7.935727616680822161e-01 8.037179004756141998e-01 8.329207803981070191e-01 8.198136403267020089e-01 8.319445617463486764e-01 8.119387986331868534e-01 8.305513272217199816e-01 8.038617845704385534e-01 8.121941692741730945e-01 8.146666361016027258e-01 8.194343492063228540e-01 8.081464112623490958e-01 8.229378527490980311e-01 8.033538512704464507e-01 8.089128121240699576e-01 8.254714584656508425e-01 8.185745501501173749e-01 8.267098645451056438e-01 8.354540933442216044e-01 8.224478777127468554e-01 8.211374782650834314e-01 8.280828833454884075e-01 8.042887263613812676e-01 8.040120001465109745e-01 8.223849479098944704e-01 8.034381600271951474e-01 8.079726138930333201e-01 8.204413303945420344e-01 8.186137146351719629e-01 8.063882988989584666e-01 8.122274780961340479e-01 8.174418352535671728e-01 8.164829033400780034e-01 8.052836066353981082e-01 8.110982168478609866e-01 8.086215286498994459e-01 8.214259375867081214e-01 8.074596072823665427e-01 8.119405370656986864e-01 8.052128873076772608e-01 8.073909272477904908e-01 8.060746006397714325e-01 8.043799131579529860e-01 7.973447399044731876e-01
1.866657503031252385e-01 1.611415694414169986e-01 4.430514267701893827e-01 6.154168990245815207e-01 5.171491547263149524e-01 4.321898946857706814e-01 7.427662599505855390e-01 1.000000000000000000e+00 6.807393139168469443e-01 6.668406883586260880e-01 7.260826073217669929e-01 7.251257701821656187e-01 6.623141267317851355e-01 5.560621184904266379e-01 7.835011689475460672e-01 7.848736206303258411e-01 6.892885017392793578e-01 6.854415348069144986e-01 7.198040828296180527e-01 6.416226010566082882e-01 6.838699260646453615e-01 7.094663942535339718e-01 6.910625982617935037e-01 6.810101232312909536e-01 6.859322796115694398e-01 7.611935380472972801e-01 7.413774178950889304e-01 7.207148024868603731e-01 6.908476201850700660e-01 7.040265201452525767e-01 7.334705863295239991e-01 7.521848576030883970e-01 6.855336679194263816e-01 6.973285580107789761e-01 6.946694436787395066e-01 7.312269042081176451e-01 7.120178725445871493e-01 7.736244310000887081e-01 7.398387956183054559e-01 7.585931959376045475e-01 7.544667877026017822e-01 7.743979518139399998e-01 7.691067460726862537e-01 7.747764125053495654e-01 7.548685018595383545e-01 7.669087654490084338e-01 7.293636979529491970e-01 7.314746549660918751e-01 7.525154836857075313e-01 7.581851106139632090e-01 7.741668055664736592e-01 7.283652213991375080e-01 7.183087053875998329e-01 7.498039549343998855e-01 7.706799479727833857e-01 7.704928956329492040e-01 7.664658409600313416e-01 7.648526571050342504e-01 7.605492437742584766e-01 7.297912105793165072e-01 7.427403714378211230e-01 7.450076469953234026e-01 7.530716562032769845e-01 7.278928781970932516e-01 7.235343350437658527e-01 7.305820050884156425e-01 7.291695859702918003e-01 7.471347859183402607e-01 7.507747667404398584e-01 7.388600695613203317e-01 7.506976233054378778e-01 7.438698217659823753e-01 7.427016187801115388e-01 7.441514333823984195e-01 7.460326132196108961e-01 7.416162104366155194e-01 7.401543026568540018e-01 7.413730821456050446e-01 7.519992889130557856e-01 7.370110528427815666e-01 7.391781664734401458e-01 7.409731127733628631e-01 7.466350856651320367e-01 7.426589502298628354e-01 7.682021208347905583e-01 7.425724982659828166e-01 7.339986411994439131e-01 7.560740324909203114e-01 7.425283377099797244e-01 7.602084730011929858e-01 7.442424750085886442e-01 7.352414930056795361e-01 7.384522747643761376e-01 7.456170734794405064e-01 7.184763486658710674e-01 7.200313924807506538e-01 7.727697954701775451e-01 7.481829088733358279e-01 7.356801127006898922e-01 7.502324469211917313e-01 7.477603403104758906e-01 7.426366303009037662e-01 7.262654093655336318e-01 7.413721486925913817e-01 7.479664048876962790e-01 7.501691440692623836e-01 7.385257312059014811e-01 7.275180552650666321e-01 7.461853294475634391e-01 7.301844857725294791e-01 7.467658039012736726e-01 7.220763822599632897e-01 7.326405016476644771e-01 7.301513267712838040e-01 7.217688709128803337e-01 7.219683271305757932e-01
2.195774888849006679e-01 2.288583915839975114e-01 4.117647446260339072e-01 5.945233261469227148e-01 4.827925763272881698e-01 5.301785381949344345e-01 7.503456186391834759e-01 6.807393139168469443e-01 1.000000000000000000e+00 7.918785298752895052e-01 8.185105150669050866e-01 8.298780324584378310e-01 7.482305252078167435e-01 6.622112644709045037e-01 8.519359001347279747e-01 8.354416110596550871e-01 8.162251766914458972e-01 7.347462852090181906e-01 7.567908757546752962e-01 6.777901705466232718e-01 7.255979330132723559e-01 7.692180376892415739e-01 7.557894696940909984e-01 7.408617665482010173e-01 7.458315426342412291e-01 8.489425812295368079e-01 8.348223120803326402e-01 8.145921803734187394e-01 7.628002998551056679e-01 8.119111137488500551e-01 8.346372739195828672e-01 8.446560265468612272e-01 7.789299205803510429e-01 8.057130225098030341e-01 8.006121500195634288e-01 8.402788209438860623e-01 8.461771643047347746e-01 8.436263891301568618e-01 8.679732727853438634e-01 8.344889969625675086e-01 8.831315177094483104e-01 8.691464645179109993e-01 8.429592685603203295e-01 8.759681289276330940e-01 8.750176152370637839e-01 8.567351868734005560e-01 8.763330406471274703e-01 8.810175497215859686e-01 8.755543840126218669e-01 8.425473116221455783e-01 8.714225474027091911e-01 8.477254137036905890e-01 8.677459689712020419e-01 8.743679039199270253e-01 8.501213119104661375e-01 8.388604223948644689e-01 8.693838987022285414e-01 8.710588352044463800e-01 8.641257381144465954e-01 8.726774572631219584e-01 8.739043233096257524e-01 8.700689756165322919e-01 8.504966619399892958e-01 8.750085726022869270e-01 8.885781602741313900e-01 8.647695862017907853e-01 8.810909846803851586e-01 8.786692811928147329e-01 8.811531478574659015e-01 8.707307535715181901e-01 8.659269290068919434e-01 8.761501553476634951e-01 8.690070364640746226e-01 8.682326269385559625e-01 8.890005777700391576e-01 8.829351789591700639e-01 8.802254926778423361e-01 8.696814051618041441e-01 8.813523085720688099e-01 8.799948108916028078e-01 8.851064356484711348e-01 8.776634367551484628e-01 8.815187692920345430e-01 8.736595517568598313e-01 8.784584431255166859e-01 8.792750226916395961e-01 8.797633738661767566e-01 8.770025909095845451e-01 8.815152940510547763e-01 8.663522055304189173e-01 8.756595255249673970e-01 8.736366253664541448e-01 8.807599145551768816e-01 8.762279665850083443e-01 8.712415520687984971e-01 8.709769979112260696e-01 8.619782726865012901e-01 8.740960439308823604e-01 8.748917656833392620e-01 8.775730125743844701e-01 8.684536402881418704e-01 8.692598701896409041e-01 8.763421337990006110e-01 8.750502694917576818e-01 8.805713822365458521e-01 8.702483104391569579e-01 8.764728788551042760e-01 8.713090667299603354e-01 8.704782816563384484e-01 8.751882940980227898e-01 8.607832159033410591e-01 8.732557565239357222e-01 8.722730265849305553e-01 8.751942547153280794e-01 8.752270137394517757e-01 8.713669615644353827e-01
1.237589585379896828e-01 2.072899830330050819e-01 3.773534187916144922e-01 5.499942297953748227e-01 4.753440694148882151e-01 5.114648103708983040e-01 7.253613940566043805e-01 6.668406883586260880e-01 7.918785298752895052e-01 1.000000000000000000e+00 7.810511700560491821e-01 8.016008962373343261e-01 7.513907207966653568e-01 6.162492254861626773e-01 8.243535099262082610e-01 8.094536919666170949e-01 7.612650960676109468e-01 6.635949411286230504e-01 7.052880898544854338e-01 5.898213952424440354e-01 6.538810925345441838e-01 7.085624932524631214e-01 7.007115954135525460e-01 6.717067889229715316e-01 6.868578425037237256e-01 7.986293307688865362e-01 7.862629663801875557e-01 7.755267665982853442e-01 7.477454022479264051e-01 7.604345413399766773e-01 7.892109302541159277e-01 7.982392493759645768e-01 7.408300582494291575e-01 7.466791705814443958e-01 7.579574244631485103e-01 7.815646523712366234e-01 8.005377099267682039e-01 8.011337558910627266e-01 8.247383620486108402e-01 7.989392071513885529e-01 8.491202168984398613e-01 8.379265309938501716e-01 8.148329783759118428e-01 8.384559958833436299e-01 8.365702350411213795e-01 8.308973569941516812e-01 8.534674940157128686e-01 8.602343241471399615e-01 8.437255029451252719e-01 7.897319460828783333e-01 8.336179863525446931e-01 7.827442542184018803e-01 8.324880505122146390e-01 8.543129819334009944e-01 8.353531860073203363e-01 8.222198914438242356e-01 8.343653861708010266e-01 8.487820253696339856e-01 8.446138647118902609e-01 8.502918156084641188e-01 8.494881492029552339e-01 8.470490825185605921e-01 8.349541006086010908e-01 8.432961362424931107e-01 8.432264438463309419e-01 8.392323177049857419e-01 8.547995172911035944e-01 8.441000551256668816e-01 8.459367714493918333e-01 8.270490166124503384e-01 8.296904200869110735e-01 8.461256226100732913e-01 8.266696407695673932e-01 8.290162282304015529e-01 8.574904310097539728e-01 8.566916908093551442e-01 8.494114267480979974e-01 8.517896595068302767e-01 8.523673693915049254e-01 8.460002812306856024e-01 8.495662848717582261e-01 8.512315228124741617e-01 8.452888747162045080e-01 8.427426804440164565e-01 8.399297455001183410e-01 8.404935842206240348e-01 8.483618417394576117e-01 8.517024414048077752e-01 8.503771579242935807e-01 8.445715038433027066e-01 8.443236738795690810e-01 8.513867733870217336e-01 8.539969698017126909e-01 8.512585236326944971e-01 8.500490154051093539e-01 8.501708228333566542e-01 8.297462433685525163e-01 8.348599012872980341e-01 8.465023839647115578e-01 8.464812997457251686e-01 8.416403718450133908e-01 8.420754387430913201e-01 8.474638853721813136e-01 8.490590025370252647e-01 8.417689318120420428e-01 8.440710370219749459e-01 8.506550572978115454e-01 8.521729956617400958e-01 8.498819334897369515e-01 8.530808365480462285e-01 8.446029475805091336e-01 8.506100733147674564e-01 8.498115327205524316e-01 8.518295997830165334e-01 8.480560376924856092e-01 8.478610122120417980e-01
1.379006099760078929e-01 2.008324582196017172e-01 4.473692087728566857e-01 6.204499251581478969e-01 5.356999295116035009e-01 5.271914490003297704e-01 7.716920540222902414e-01 7.260826073217669929e-01 8.185105150669050866e-01 7.810511700560491821e-01 1.000000000000000000e+00 8.679145847198725949e-01 7.904938705028983215e-01 6.699605543500686267e-01 8.778313097992493930e-01 8.727312780103557710e-01 8.411828580051475823e-01 7.822638387471496646e-01 8.082551649593192611e-01 6.986393841467110066e-01 7.762910798543293245e-01 8.111456338584505099e-01 7.930203499649647325e-01 7.727653652440346077e-01 7.883137791860806987e-01 8.781977901188021685e-01 8.641503316725295258e-01 8.360981241283086396e-01 7.852278384745269291e-01 8.403467000553896948e-01 8.790718185494131864e-01 8.760347883070307429e-01 7.969284375078158345e-01 8.287234683881141706e-01 8.319533602346904644e-01 8.729447827373376656e-01 8.775976767542776891e-01 8.818335497748607255e-01 8.908157014179896027e-01 8.675336786627007024e-01 8.991524981070502243e-01 8.970598631164330428e-01 8.797754946660661934e-01 9.053465583763209423e-01 9.061893842284927114e-01 8.983876777309900419e-01 8.918184964046876884e-01 8.949749037053008616e-01 8.939043583005783500e-01 8.693378092494954412e-01 8.983478350980068639e-01 8.478856961048947261e-01 8.736885125722800849e-01 8.993971985162320104e-01 8.957167993694095109e-01 8.838867227418291117e-01 8.937148006117825449e-01 9.019015119054369922e-01 8.960628031943855820e-01 8.923295300337572566e-01 8.929416153782560039e-01 8.969015702812266344e-01 8.869458314715080727e-01 8.914947353970756883e-01 8.872440244978270218e-01 8.888343722828107030e-01 9.006970763020122339e-01 9.073254121091924862e-01 9.023301671515263633e-01 8.888520548436824598e-01 9.023883278682184317e-01 9.071148869586741492e-01 8.925740502116303876e-01 8.939565969130144341e-01 9.053779526850056492e-01 9.043943935888294483e-01 8.950387935797203820e-01 8.909904060305279261e-01 9.038921054780699738e-01 9.044372270593654672e-01 9.048154355375732649e-01 9.110853873574863426e-01 9.060547457647013525e-01 8.939939143780183395e-01 9.061263666141078366e-01 9.014989118197490603e-01 9.077781535160232007e-01 9.047823468481760445e-01 9.065218090039597332e-01 9.007127163806697423e-01 8.969628505550628628e-01 8.961629279067516718e-01 9.041919953742184601e-01 9.032247617428045272e-01 8.886332869083436448e-01 8.888578072383518380e-01 8.927056649998417193e-01 8.898890298896754425e-01 8.906523581507185261e-01 8.984461398632416218e-01 8.950723335993994167e-01 8.906469706017891008e-01 8.890549858450694787e-01 8.976459525566240494e-01 8.992915943324594208e-01 8.946380591101863455e-01 8.953603865029183817e-01 8.925383934747460613e-01 8.950532753383693141e-01 8.931248755139780116e-01 8.924295147631305936e-01 8.901983186694241157e-01 8.942949325858977616e-01 8.944601501434198410e-01 8.923737858932431211e-01 8.901075687151945859e-01
7.802131154482924713e-02 1.945643882025934746e-01 4.021953860734325814e-01 6.704746332445620238e-01 5.077469900074702558e-01 5.948456459235300642e-01 7.964926639295003552e-01 7.251257701821656187e-01 8.298780324584378310e-01 8.016008962373343261e-01 8.679145847198725949e-01 1.000000000000000000e+00 8.237598949758735412e-01 7.119157738129765489e-01 9.000474681604323512e-01 9.029274268128013592e-01 8.026710983606486494e-01 6.924623768344204677e-01 7.442631163265737149e-01 6.852511822388194229e-01 7.390470090529428493e-01 7.581332058314217415e-01 7.036746754643721236e-01 6.914840282941155936e-01 7.246579069098220138e-01 8.454571873740210908e-01 8.281605302904557764e-01 8.081648227028095377e-01 7.519511381156747110e-01 8.000052930825453101e-01 8.575217594814897870e-01 8.343788729845438290e-01 7.501551018242802460e-01 7.807204655103482382e-01 7.854387501367299240e-01 8.533276673652463451e-01 8.591590230210379708e-01 8.648663845529547256e-01 8.890371843302918853e-01 8.720079588564567663e-01 9.186457801009061397e-01 9.129026554201461474e-01 9.091866776859773847e-01 9.277199319819824375e-01 9.087967121747311250e-01 9.163490529278477403e-01 9.382262822553500969e-01 9.345884843649024942e-01 9.176684702480281119e-01 8.657177775489441895e-01 9.112342195989936444e-01 8.820205988312104228e-01 9.295292991963693963e-01 9.218159731074240248e-01 9.126425474167529917e-01 8.987509549764847172e-01 9.129287756272619347e-01 9.293423794723653097e-01 9.240587761335899986e-01 9.364491238423983122e-01 9.420288958829818871e-01 9.388155719496558138e-01 9.238363887169469546e-01 9.287709175773956050e-01 9.272840337176688763e-01 9.257065526451360160e-01 9.349388122362674025e-01 9.201188583032813284e-01 9.098615146487641914e-01 9.258584383328355427e-01 9.119801206394921866e-01 9.220942885961007640e-01 8.965745064984999013e-01 8.996071844149449159e-01 9.370961449696364465e-01 9.314692948432220510e-01 9.197852945068089037e-01 9.075599258737282460e-01 9.246120213754757122e-01 9.177965352104829888e-01 9.176543006030118965e-01 9.331857146924898982e-01 9.204023182898566358e-01 8.999539897789323728e-01 9.162233962760419903e-01 9.096957354681642904e-01 9.219453215373690780e-01 9.335091156735607631e-01 9.284146816878287023e-01 9.285636278384584719e-01 9.255981620000435228e-01 9.386909166577280805e-01 9.363833391453930677e-01 9.381868270112015962e-01 9.398250258315010708e-01 9.396310440577991807e-01 9.185432674113421792e-01 9.112530413648417538e-01 9.347121195563170559e-01 9.310193722109144643e-01 9.351551100172343922e-01 9.336823254216159995e-01 9.405007066942685512e-01 9.408658108216370053e-01 9.336089740560973294e-01 9.257486703645527726e-01 9.329651610136430184e-01 9.383074137521004721e-01 9.375105575373977596e-01 9.395762083904209971e-01 9.360921768460029879e-01 9.398190160203674370e-01 9.408539541715505994e-01 9.391213624656457037e-01 9.361380113152729665e-01 9.337029408506748451e-01
8.322353738322704406e-03 1.485925867634736997e-01 3.464113741189258633e-01 5.512681574579295640e-01 5.467506137576132463e-01 5.126230014356293330e-01 7.105084721478355236e-01 6.623141267317851355e-01 7.482305252078167435e-01 7.513907207966653568e-01 7.904938705028983215e-01 8.237598949758735412e-01 1.000000000000000000e+00 6.514066821853666811e-01 8.180177202070431086e-01 8.368856847441352720e-01 7.577534314802382154e-01 6.295894306123035467e-01 6.785720886512380812e-01 6.010691831292411802e-01 6.373164037550288485e-01 6.698335665754211465e-01 6.544905307672188588e-01 6.519271752550513943e-01 6.666513996768956840e-01 7.736172076101699435e-01 7.582342080039377041e-01 7.240911942779645338e-01 6.807506318483590446e-01 7.382796181302870853e-01 7.662368523346109184e-01 7.841206306520205338e-01 6.964389630681403487e-01 7.345124953563294534e-01 7.401773115510279499e-01 7.742399810201956445e-01 7.843268615711159741e-01 7.720403213216174843e-01 8.102400982605565405e-01 7.779576713253234521e-01 8.429737803877177527e-01 8.311414747041203643e-01 8.341171164075937838e-01 8.434317537257282060e-01 8.318507019937769753e-01 8.252517610832096340e-01 8.615554621088148401e-01 8.636816304398733379e-01 8.333585500228667398e-01 7.738726086085226941e-01 8.213269411928867392e-01 8.054469149769446501e-01 8.501065076795559783e-01 8.544012073725145706e-01 8.304545096375658408e-01 8.010915318950949660e-01 8.188592894765740482e-01 8.618308284268136887e-01 8.362278339059783239e-01 8.713845603656192873e-01 8.629376645883762853e-01 8.619689575542700544e-01 8.311652039904889877e-01 8.496325882671235119e-01 8.469400122014024701e-01 8.600414262951751043e-01 8.620792261559468983e-01 8.521366225210881273e-01 8.479947316464953033e-01 8.479936326804273783e-01 8.323645801560601853e-01 8.494403843752408312e-01 8.388273979984079975e-01 8.280180244457460148e-01 8.580298338193523833e-01 8.574434168648441545e-01 8.400292168694079020e-01 8.317215811891696120e-01 8.417185775812068282e-01 8.436395994128683684e-01 8.429363696457529143e-01 8.512162217435627065e-01 8.413611810314124417e-01 8.346960773219940233e-01 8.348795082308395621e-01 8.445511616597807247e-01 8.484177163487996998e-01 8.517634701535483632e-01 8.509529989534403427e-01 8.471804112042484736e-01 8.428715267522235433e-01 8.622046489886997511e-01 8.577005682961716948e-01 8.587148288907232585e-01 8.651076514757786162e-01 8.653829836860904567e-01 8.213224394590077360e-01 8.155985980358685383e-01 8.501166316844809279e-01 8.462083839252252382e-01 8.524593953612363828e-01 8.460659917529489427e-01 8.581561103601177409e-01 8.653303739766190494e-01 8.536924198397664032e-01 8.403701298249129925e-01 8.481730330918078042e-01 8.638190021760915327e-01 8.533637232046366039e-01 8.651705448625727213e-01 8.536415128237963001e-01 8.685779127859302173e-01 8.644879354676350269e-01 8.603637706834579291e-01 8.605362406185153024e-01 8.646476720578244457e-01
