1.000000000000000000e+00 1.326875358848539077e-01 1.343421775483146507e-01 -2.829393135216197105e-02 -2.272938419632224843e-02 -4.911695214034474816e-02 9.625515543158619930e-03 -8.398502778484111253e-02 2.087824527037755451e-01 8.037157157336637103e-02 1.248734815595456821e-01 -5.005468097762901664e-02 4.210080154223470178e-02 -7.779548827620437739e-04 -8.722899888517324923e-03 -2.382900933574044061e-02 1.949156366685677044e-01 2.353648519850596865e-01 1.887746509000191308e-01 -5.181186148991189996e-03 1.019283249376568973e-01 1.487681093242532726e-01 1.866519228705095235e-01 2.032402491971511682e-01 2.197482490073729977e-01 1.269098509008745879e-01 7.494676683901882464e-02 1.054147529292593366e-01 1.710809298125803568e-01 1.886824303573485240e-01 1.084614667725665449e-01 1.241670171118795102e-01 9.535909524271815596e-02 1.571290051263343479e-01 1.554887356505330609e-01 6.748447176840079165e-02 1.289117697646548211e-01 1.333189451444890920e-02 3.272160304921468976e-02 -3.724954635978987294e-02 2.555562745665626925e-02 -6.790367022152409525e-03 -1.007814003003421402e-02 2.935789978895646246e-02 2.432673912414528086e-02 6.079776592247483971e-03 2.177417996696493635e-02 3.201862690411849677e-02 3.829257203981345503e-02 4.848252696582149024e-02 1.860573857457736152e-02 3.986355812485383246e-03 7.978050989422341352e-03 5.955501807055924718e-02 6.429838533223873609e-02 4.974875581245897377e-02 7.827993380644905630e-02 2.196657493368858391e-02 2.875649404997358827e-02 5.293029479940479509e-02 2.786026267161074987e-02 3.560286715658123047e-02 2.923731366368862924e-02 4.461115658571475351e-02 1.222740425235681050e-01 6.417960106309654467e-02 5.223697309248018228e-02 7.681543202536461612e-02 9.397601279816343578e-02 2.262128026679374390e-02 5.293034731420496325e-02 7.580645023942718386e-02 8.377765916490627351e-02 9.478640556893898339e-02 4.636854293436126762e-02 4.693264888471663371e-02 4.487285235482008083e-02 8.837178314326638029e-02 6.083611222781872691e-02 8.936251127437211395e-02 8.735691787306047729e-02 6.205695470461199126e-02 6.683986500987154633e-02 8.434068831516322584e-02 3.138652662812402988e-02 7.408846219670048305e-02 4.565114041996071875e-02 1.145327393735597749e-02 1.420266486925198836e-02 5.429765761039270777e-02 5.561821074977618511e-03 5.265624822195581582e-03 1.917897982461855624e-02 8.979724287426691515e-03 8.380755812597465160e-03 2.328158574127633940e-02 -1.618524457853384377e-02 4.652316941094267189e-02 1.408555414182793494e-02 9.339611614663423725e-03 -7.125997282722457441e-04 1.121316951847304080e-02 1.744865418385938916e-03 7.759772993612476001e-03 1.902325370261079632e-02 4.554112508626609324e-02 2.831782397680230809e-02 2.977816181070692611e-02 3.705217399826425673e-02 1.533277777620835683e-02 6.867145092903965617e-03 2.682845601883840705e-02 1.636290314600140350e-02 2.689090301201072994e-02 6.295142087839418477e-02 2.851499326123044589e-02
1.326875358848539077e-01 1.000000000000000000e+00 -4.272385218749947047e-03 -1.206378930985962765e-02 5.095086105822014405e-02 2.598296994647726621e-02 6.140137639180234808e-02 3.841109673636950578e-02 1.590962990695739265e-01 1.919076064622092792e-01 8.828387822869407375e-02 4.949483478313030510e-02 8.384300850620829415e-02 9.156005612545770056e-02 1.019353735650968679e-01 1.085306745514694055e-01 1.606366366469584861e-01 9.687256940832197905e-02 7.905545183394632747e-02 1.101418238501260076e-02 3.461937986402935027e-03 3.174796404497262636e-02 1.105461095406507360e-01 8.393682958558949803e-02 6.447916872094562601e-02 1.062194266652664448e-01 1.121373036658036004e-01 1.326205729854300630e-01 2.014467129538590473e-01 1.747518653466101080e-01 1.324375053381962875e-01 1.326223673249473656e-01 1.211872738973066160e-01 1.372232112386988223e-01 1.793623477186488124e-01 8.036796341191332349e-02 1.225365260396292649e-01 1.099269856022844216e-01 1.292516135228411744e-01 3.258367311810313888e-02 1.100212174231169904e-01 1.097379129073513954e-01 8.690212848948715429e-02 1.011692491256743487e-01 7.415974989741797030e-02 1.124906665167541980e-01 1.313692412208829763e-01 1.418654839415814106e-01 1.280114114317534857e-01 8.581648990503261409e-02 1.195694011708392929e-01 5.073529611797801542e-02 8.948605808733375855e-02 1.475172514270958746e-01 1.356728730524727200e-01 1.067985600153744802e-01 1.190630024160135580e-01 1.179179530235374002e-01 1.281978990824811648e-01 1.348374253965776703e-01 1.246985324230179271e-01 1.359478886777976403e-01 1.330927806098011201e-01 1.404947631377805317e-01 1.326831731315393226e-01 1.193595946483421433e-01 1.468140025071595633e-01 1.276735288586988704e-01 1.376840447183372562e-01 9.336877050578275272e-02 9.162462654933443973e-02 1.215015497267577932e-01 1.225226187299062741e-01 1.102516905281353543e-01 1.292525776954135397e-01 1.289522167280203468e-01 1.483409457873287873e-01 1.692057734773928790e-01 1.331544746433062087e-01 1.657768651391164361e-01 1.587545623354024715e-01 1.395733714020256089e-01 1.315628356860384096e-01 1.598016945970326397e-01 1.097012940042298573e-01 1.349117346427321507e-01 1.154373248655976986e-01 1.277216108955002705e-01 1.331526218836258657e-01 1.212154671139850509e-01 9.616410843121477037e-02 1.202641424125093783e-01 1.052968104305157387e-01 1.206081428404839895e-01 1.296635658273929126e-01 1.386752063888795627e-01 7.540329342951490599e-02 1.113773947110582030e-01 1.266751516830634250e-01 1.230720611819084154e-01 1.143729257001673133e-01 1.225311234605407362e-01 1.055848633240571710e-01 1.172967588272201267e-01 1.054466609451468334e-01 1.244701971049607114e-01 1.317645310048299045e-01 1.452125648664643331e-01 1.416796079655747997e-01 1.282113042802286995e-01 1.291945248489977660e-01 1.307610792771372876e-01 1.336046189137132245e-01 1.317429878105222940e-01 1.327939846087294040e-01 1.268160080012992186e-01
1.343421775483146507e-01 -4.272385218749947047e-03 1.000000000000000000e+00 2.636561659288652049e-01 6.186394058054763695e-02 1.754738263420539401e-01 2.663046157579545548e-01 2.001092153498547632e-01 2.506187890722708089e-01 1.994625324585316828e-01 2.807997233333046072e-01 2.877724008331484229e-01 2.293657006000922316e-01 2.176788154848454948e-01 2.672974499251367098e-01 2.666089904638513364e-01 2.608461597775257879e-01 3.072192310324177722e-01 3.137816670533563612e-01 2.133666413677486884e-01 3.208272380479926800e-01 3.207249678845753849e-01 3.208173520078339003e-01 2.969328923100211237e-01 3.101548428258280032e-01 3.293837410918498687e-01 2.970575801782193159e-01 3.048881546936555442e-01 2.881397608690308143e-01 2.813781862825742164e-01 3.025684677669313594e-01 2.984906639174876863e-01 2.924144545400398920e-01 2.917730567405554809e-01 2.482252624630945925e-01 2.985169222374918219e-01 2.752176300957890898e-01 2.986959367570458102e-01 2.748937285980779799e-01 3.109962593148652976e-01 2.838421163712656625e-01 2.780855980819056938e-01 2.919543396480646091e-01 2.961121489485943892e-01 3.008496895694539042e-01 2.863815139175050484e-01 2.671511500075577361e-01 2.654959432410815556e-01 2.746306002218038556e-01 2.925364975933236189e-01 2.887332108061714808e-01 2.790244172398475553e-01 2.687796266699653547e-01 2.560830257801338106e-01 2.674157740479207179e-01 3.171049299083628648e-01 2.735504576718544301e-01 2.811150399058636729e-01 2.780134014427486089e-01 2.672854928500761340e-01 2.679537819978963786e-01 2.685224372659715808e-01 2.709956960090381672e-01 2.680129485122337285e-01 2.754871168194450992e-01 2.695128053923655509e-01 2.707416784005092225e-01 2.997681340891300006e-01 2.890383945360612827e-01 2.832944632358512238e-01 3.064945652378423535e-01 2.971788416596659044e-01 3.005050333502428117e-01 3.009462321249474770e-01 2.876496017052236343e-01 2.804657322402699382e-01 2.740774040922491217e-01 2.749653185578937453e-01 2.868670504713182745e-01 2.746763329939967968e-01 2.738797005197657342e-01 2.749459723285379575e-01 2.859494736491092204e-01 2.720462685053613439e-01 2.923864610951023013e-01 2.914275291779904742e-01 2.833473093485930350e-01 2.841518737181574772e-01 2.704596574661897179e-01 2.936943130424526927e-01 2.985752017849566675e-01 2.772165100001574012e-01 2.899050230809601114e-01 2.767989489355130450e-01 2.623711365132321283e-01 2.643387579261654574e-01 2.875470650632476199e-01 2.730087102342705907e-01 2.670608125432901159e-01 2.821282395844219026e-01 2.727830347439835768e-01 2.759620254697805475e-01 2.680012247824777871e-01 2.730542409620458910e-01 2.837612967071324599e-01 2.673718482997543000e-01 2.680014240662496605e-01 2.609363880207282160e-01 2.684930910338991783e-01 2.681981196367669296e-01 2.723606529657330855e-01 2.657484012534197526e-01 2.630631690903564857e-01 2.668356929698187940e-01 2.733780556515150173e-01 2.587908361448758021e-01
-2.829393135216197105e-02 -1.206378930985962765e-02 2.636561659288652049e-01 1.000000000000000000e+00 2.161895025113873825e-01 2.699477873109014103e-01 5.103874336050019389e-01 4.827023609090489997e-01 3.312352435050659460e-01 3.122773696589405956e-01 4.388540486915071814e-01 5.607868658546094620e-01 4.512939490865198744e-01 4.130331725531695697e-01 4.985849348428891825e-01 5.222167869734944956e-01 3.481014639657424303e-01 3.338926409149201580e-01 4.021980476984776121e-01 5.253259130123986154e-01 4.436440125901765508e-01 4.385973141014390397e-01 3.709268313507213533e-01 3.396684910877791896e-01 3.213463659393009375e-01 4.700621087428218381e-01 4.350857299255177502e-01 4.268944142690103694e-01 3.490777193670936973e-01 4.214803203888410899e-01 4.543526902604124729e-01 4.359509830371511296e-01 4.482497438714987958e-01 4.180002221138495178e-01 4.054250855146834809e-01 4.835867689383732682e-01 4.474072019592280069e-01 4.805885104625045035e-01 4.610580455554484369e-01 5.363512525936419140e-01 4.724699261383834004e-01 4.683680688405514325e-01 5.189452446047004841e-01 4.885464390307422411e-01 5.039233268898998253e-01 4.809304822716666261e-01 4.539927565930654274e-01 4.443709071185943382e-01 4.690031456706491575e-01 4.958338968889913212e-01 4.824831712959783414e-01 5.092640147581793952e-01 4.975091162976051362e-01 4.184327892222403089e-01 4.285377339631511462e-01 4.724608759833677785e-01 4.635942365103726814e-01 4.669760108318002367e-01 4.613587439873655938e-01 4.506039853556171315e-01 4.829526411148323262e-01 4.549168107661152871e-01 4.748703506685493791e-01 4.595555890541191402e-01 4.150754679560585969e-01 4.591183314256494508e-01 4.391507204139659670e-01 4.463759076802298331e-01 4.385722358332079795e-01 5.167108252819161418e-01 4.758217608906351592e-01 4.407173913989913538e-01 4.380568076072115513e-01 4.320038495405509327e-01 4.569225926029552021e-01 4.483719203577133938e-01 4.305656802216476509e-01 4.127577146060438795e-01 4.427863534353199126e-01 4.252670838433635359e-01 4.311344402809226262e-01 4.457008138940156128e-01 4.589659177000948165e-01 4.289043380725121035e-01 4.739022473907648081e-01 4.507061589654314804e-01 4.653743791882336001e-01 4.648835120835392853e-01 4.616665724732636478e-01 4.531716980821629548e-01 4.845213096610677672e-01 4.619385977954412748e-01 4.737854370204086507e-01 4.639413825104456435e-01 4.488768474804695763e-01 4.458430540553484644e-01 5.174612337999091594e-01 4.717361113006376394e-01 4.626117181538358936e-01 4.725821575174515288e-01 4.849970944978179710e-01 4.758046956433097385e-01 4.737103030277749482e-01 4.698310481906328717e-01 4.864877491188281389e-01 4.527013619190679017e-01 4.627678314095117762e-01 4.354227955922938542e-01 4.390231966059294777e-01 4.580329941902145374e-01 4.563640459535563410e-01 4.544131473597005089e-01 4.540481826927612041e-01 4.666625959766039222e-01 4.341621382535994500e-01 4.478919582647413744e-01
-2.272938419632224843e-02 5.095086105822014405e-02 6.186394058054763695e-02 2.161895025113873825e-01 1.000000000000000000e+00 2.092647716345883979e-01 3.163732617067964714e-01 3.604653650698382839e-01 3.131362732997832188e-01 2.868803602824942511e-01 3.414164147391313686e-01 3.747707169496053425e-01 3.707271647915344470e-01 3.332520038235770032e-01 3.963153422015083249e-01 3.760847593928002830e-01 2.952291594347321024e-01 1.948077458842829013e-01 2.834205970605762626e-01 2.832656226149931622e-01 2.994898016793508533e-01 3.556868136867506469e-01 2.244304543843489153e-01 1.814172083786201872e-01 2.749671535899723129e-01 3.566260114060879061e-01 3.557051901098680080e-01 3.397073142759703401e-01 3.202076530226704576e-01 3.215657225351215565e-01 3.672022630577880808e-01 2.986806380829651886e-01 3.187607990098251798e-01 2.804893304845091917e-01 3.159243244702807929e-01 3.415307138999642000e-01 3.491555401836894390e-01 3.507577890869128523e-01 3.713074496584199968e-01 3.661533303802568806e-01 3.925925496612180932e-01 3.957918622846841594e-01 3.911871225759354642e-01 3.988762327595508639e-01 3.939729961162661276e-01 3.878996063070562772e-01 3.973461006088815917e-01 3.900007694930772151e-01 3.826124782656015744e-01 3.579270066040940446e-01 3.779524669285923011e-01 3.905566040830104613e-01 4.024638287376579027e-01 3.906265823549718852e-01 3.819808020585623853e-01 3.724639734383787815e-01 3.815415598835749100e-01 3.976397081854537996e-01 3.885111253679737753e-01 4.008896529364351924e-01 3.985835751554470119e-01 3.926525276538064269e-01 3.848055060180842757e-01 3.894204861256446160e-01 3.822929633336913935e-01 3.998470754640581215e-01 3.871497008936826689e-01 3.709691595455417157e-01 3.576236149575571788e-01 4.009371751000787576e-01 4.034332247516524417e-01 3.889214135693807028e-01 3.366664133358309718e-01 3.622445480666671158e-01 3.895549194072910337e-01 3.889521901347154365e-01 3.879541520098992446e-01 3.691248420501714311e-01 3.794422592449020470e-01 3.754793863002690579e-01 3.717741452578575134e-01 3.911850826726940289e-01 3.790646009309983633e-01 3.708231241381934606e-01 3.762657250501355022e-01 3.612512208669326763e-01 3.910735633301150593e-01 3.842035143746420078e-01 3.945609010202423828e-01 3.895493457894249612e-01 3.923849522338314633e-01 3.996662434622160753e-01 3.964070654418549999e-01 3.980463615238348796e-01 3.964697206622718184e-01 3.946322216767950697e-01 3.993606236523032926e-01 3.912277852634318265e-01 3.937372389249388926e-01 3.865653780029675302e-01 4.035544865945563942e-01 3.918357567773439465e-01 4.023834132376039596e-01 4.034681843378057353e-01 3.966491749989553006e-01 3.917977501389588446e-01 3.937949341294724181e-01 3.937351346194321033e-01 3.928666400936942082e-01 3.977135475014694221e-01 3.951800108755036400e-01 4.006094373714960133e-01 3.960094475981266737e-01 3.942480655695880798e-01 3.914682607559427652e-01 4.021342047696850330e-01
-4.911695214034474816e-02 2.598296994647726621e-02 1.754738263420539401e-01 2.699477873109014103e-01 2.092647716345883979e-01 1.000000000000000000e+00 4.122167240917409270e-01 3.808805151107067521e-01 3.866138767529077036e-01 3.581428484860258998e-01 4.077909153914253126e-01 4.733233964232639313e-01 3.927198507753500434e-01 4.302129538312376433e-01 4.842282665591217672e-01 4.708862128283939907e-01 3.929802049787881613e-01 3.104463693147492265e-01 3.836693047340182239e-01 3.329571674839411632e-01 3.700299102930890704e-01 4.140949260272092647e-01 3.627769693411675433e-01 3.235582618773230057e-01 3.684801607575400317e-01 4.778770198479940778e-01 4.741361920518940565e-01 4.618596278707594593e-01 4.207976554783360301e-01 4.288241928751241883e-01 4.858538249586807911e-01 4.276121472966205594e-01 4.366693814648437422e-01 4.132350259913653012e-01 4.055560515083447837e-01 4.496268603997134461e-01 4.504771330654648298e-01 4.915133634083035385e-01 4.907619211931478209e-01 5.063865808666958568e-01 5.066104347624230675e-01 5.039978402612138586e-01 5.118609190692691158e-01 5.126613844745989690e-01 5.090141304969156844e-01 5.050202040275134641e-01 4.983847923231305432e-01 4.914769617682937519e-01 4.860390105401711791e-01 4.725375856420510612e-01 4.952096792112882229e-01 4.661949695126143545e-01 4.907176679081429183e-01 4.795865045978457974e-01 4.802748064274995898e-01 4.976641501925519462e-01 4.775282315116800569e-01 4.998656602369639934e-01 4.965627040828861083e-01 4.949483436173816031e-01 4.986964591894800791e-01 4.952436084763404689e-01 4.909481543667545966e-01 4.847763299888941946e-01 4.682098764593004558e-01 4.848736108371847209e-01 4.874594934509883792e-01 4.859441077634005235e-01 4.754745790681235151e-01 4.901118055459114387e-01 4.958937169059597361e-01 4.944010829255324757e-01 4.665479891161977699e-01 4.757302041687888061e-01 5.064765681049305801e-01 5.068444894971300130e-01 4.987369167461323527e-01 4.787059829212758078e-01 4.948281676682387276e-01 4.790785383573223921e-01 4.811095703152615810e-01 4.971193164678619492e-01 4.888430764107715709e-01 4.773024619144472513e-01 4.999339768198554634e-01 4.809147803307297631e-01 4.989195327192358365e-01 5.057763919770971173e-01 5.041802817530182113e-01 5.039141288319283207e-01 5.164869396993480022e-01 5.107935301626489455e-01 5.128546846901607115e-01 5.125169439863422882e-01 4.989617441144751364e-01 4.967581921877068374e-01 5.118337221870233877e-01 4.904413461990587697e-01 4.991341158902860009e-01 5.086160827518712013e-01 5.100384861063593789e-01 5.038424993378065597e-01 4.993908242809421139e-01 5.107143264811845329e-01 5.013197141349391428e-01 4.913597385412137308e-01 4.974626798081469570e-01 4.947960686062387592e-01 4.989034295801715313e-01 5.012132221777143570e-01 5.062152883361556999e-01 4.953424706039352143e-01 4.998070465612869939e-01 4.969107171946506307e-01 4.877695351919215105e-01 4.898520357700127947e-01
9.625515543158619930e-03 6.140137639180234808e-02 2.663046157579545548e-01 5.103874336050019389e-01 3.163732617067964714e-01 4.122167240917409270e-01 1.000000000000000000e+00 6.349688392689238903e-01 5.609892773568493363e-01 5.273444606447880156e-01 6.052962747084681405e-01 7.072686324407628788e-01 6.356565401821062666e-01 6.034696081960153613e-01 7.562837756541956891e-01 7.350075866722107776e-01 5.837791785871745409e-01 5.011099707091254407e-01 5.871538618003993015e-01 6.105939429725024681e-01 6.116228564872213669e-01 6.193530128148215796e-01 5.431090200390967793e-01 5.060385241835645420e-01 5.158403405672807862e-01 6.906660336529006905e-01 6.577018656982126510e-01 6.611787063788459040e-01 5.943276076887972215e-01 6.443518691395314635e-01 6.893329684915650013e-01 6.381740651003441345e-01 6.264306981332975477e-01 6.167863323240072582e-01 6.175260798434401011e-01 6.611332081907241864e-01 6.592792744778158687e-01 6.912153422117501833e-01 6.920375027166264514e-01 7.072812135949938517e-01 7.099944590079573237e-01 7.021855148410031111e-01 7.230693984100424743e-01 7.224700684315671362e-01 7.113142121746059976e-01 7.161510252390911324e-01 7.082440883788294617e-01 6.995108262365814511e-01 7.026232625328534542e-01 6.965603664719930421e-01 7.137003438489822882e-01 7.035225674294176557e-01 7.107836277265595637e-01 6.821430586186839617e-01 6.919237754917972882e-01 7.094491242026101929e-01 7.069096991115920714e-01 7.107822352119436138e-01 7.113285297379896566e-01 7.053128791474615467e-01 7.187721287366746203e-01 7.048451081883385649e-01 7.162298005452552019e-01 7.060130130228252643e-01 6.881538590681739453e-01 7.081893797152269965e-01 6.970933714247304902e-01 6.974598136472814902e-01 6.904686632774537092e-01 7.444267674373662436e-01 7.161817956812343011e-01 6.910450862511370307e-01 6.804884435311128188e-01 6.702318088121120843e-01 7.128183294109251555e-01 7.014830109006142678e-01 6.899083793964415623e-01 6.713673310632138902e-01 6.933752444621252842e-01 6.813504232167246766e-01 6.883416054246185301e-01 7.009295326099911350e-01 7.041681356344885456e-01 6.799344588193597660e-01 7.029723378327019656e-01 6.926588770696698871e-01 7.037788954825918708e-01 7.097901975791066631e-01 7.075384921896697987e-01 7.081264908700968252e-01 7.161948826386006495e-01 7.099631964022685704e-01 7.138523326668627655e-01 7.113961495286603709e-01 7.017312151165606693e-01 7.029576060062145970e-01 7.188912447841941944e-01 7.037757396622114081e-01 7.055997825901713094e-01 7.134350492349171846e-01 7.154075792446525917e-01 7.110651707868932414e-01 7.092866644237034723e-01 7.140779740561354894e-01 7.158160300532985243e-01 6.980008542931129822e-01 7.079156903145759072e-01 6.964179012227267318e-01 7.008821963346395512e-01 7.059735452787001542e-01 7.052695501364253383e-01 7.055714465102089772e-01 7.008852142958910125e-01 7.090071722084219097e-01 6.971178423366179988e-01 6.993345688389096537e-01
-8.398502778484111253e-02 3.841109673636950578e-02 2.001092153498547632e-01 4.827023609090489997e-01 3.604653650698382839e-01 3.808805151107067521e-01 6.349688392689238903e-01 1.000000000000000000e+00 5.028531789464932844e-01 5.090680022287255024e-01 5.594019718732484714e-01 6.991587523397592152e-01 6.302648944539303022e-01 5.914654074162715158e-01 7.190384384966062026e-01 7.423641881702294221e-01 5.272005640263104365e-01 4.091387481505235346e-01 5.161642494367457701e-01 6.118675627212679657e-01 5.503932741647185045e-01 5.637283013376671592e-01 4.875411160202637872e-01 4.398150524120683635e-01 4.496673284482585187e-01 6.326945772308477656e-01 6.172205563400249284e-01 6.131751207370667034e-01 5.453998772238003445e-01 5.853222835247169353e-01 6.408290648292197522e-01 6.027689123534396565e-01 5.915625808039368660e-01 5.773833823542375843e-01 5.835762809476392476e-01 6.313891666960440574e-01 6.163362593188369543e-01 6.814411961006436869e-01 6.768515630470972599e-01 6.917342833159133564e-01 6.884788773269260309e-01 6.943957583157883695e-01 7.135627595720838157e-01 7.051792385442763322e-01 6.797499077499139508e-01 7.000883135795687995e-01 6.982646412523814128e-01 6.892911564272137248e-01 6.871187489937693460e-01 6.768498849232872372e-01 7.009924046633880801e-01 6.895719073849539971e-01 7.008643642190303114e-01 6.659652970454352783e-01 6.645313580896677896e-01 6.847137290896228023e-01 6.750313023961918013e-01 6.944894484502333043e-01 6.939780591138220434e-01 6.893623159924551214e-01 7.086472794022585786e-01 6.887339977985731387e-01 6.995603277584933055e-01 6.895773569851085805e-01 6.465337504451816875e-01 6.864812642550678357e-01 6.809575823548766893e-01 6.692656567131096690e-01 6.595355152672039978e-01 7.317577954134796281e-01 6.906851558400292079e-01 6.635330130751774247e-01 6.483030703721436305e-01 6.366642996576566960e-01 6.886487679785978644e-01 6.805144737082505779e-01 6.729873312093292981e-01 6.455654288827884502e-01 6.750446799535597675e-01 6.594372123766811811e-01 6.591831708163936598e-01 6.771316652060296315e-01 6.783290440230654861e-01 6.561016349229559230e-01 6.865345915690841405e-01 6.652443401366722187e-01 6.829907737196021511e-01 7.002048683558729225e-01 7.010562892022025316e-01 6.826320116817251593e-01 6.991134034797135133e-01 6.988156024912626219e-01 6.952093282141993402e-01 7.003971550238483612e-01 6.955209010157907823e-01 6.928928753227054926e-01 7.151134030052161972e-01 6.847593391728228340e-01 7.001200930913884513e-01 7.029055302631138646e-01 7.101269702430637043e-01 7.024773334157425886e-01 7.004295529111671526e-01 7.054378257884452719e-01 7.056411124326903428e-01 6.794394926369489163e-01 6.968417820353355330e-01 6.865649059833743850e-01 6.852718290924908473e-01 6.982243155356568920e-01 6.980311904784840538e-01 6.944820224978658363e-01 6.943160840112283516e-01 6.985785709668884680e-01 6.790428348885301224e-01 6.908645030482886140e-01
2.087824527037755451e-01 1.590962990695739265e-01 2.506187890722708089e-01 3.312352435050659460e-01 3.131362732997832188e-01 3.866138767529077036e-01 5.609892773568493363e-01 5.028531789464932844e-01 1.000000000000000000e+00 6.865899390299673444e-01 7.126833901922601244e-01 6.560290815140521481e-01 6.207811734901560463e-01 6.559570698556115298e-01 7.446846680879238844e-01 7.091381152416390554e-01 7.759465886385746858e-01 6.289011678077445211e-01 7.011863862803411340e-01 5.154775430819887871e-01 5.750398365783988552e-01 7.052985582057523795e-01 6.939657262838213603e-01 6.604351274692188412e-01 6.888460327684899909e-01 7.843549714969049180e-01 7.672052698971159046e-01 7.758174862362229307e-01 7.854608398150422222e-01 8.021724980121199833e-01 8.052309662850759553e-01 7.852020811402281586e-01 7.493991492542889654e-01 7.846355080065551268e-01 7.771329184867147299e-01 7.387580011491118315e-01 7.934435952163987338e-01 7.691167096833472216e-01 7.920682444416952128e-01 6.945960597162704753e-01 7.918646631575075867e-01 7.756908352472456913e-01 7.542942472715533642e-01 7.943149266191344982e-01 7.729221409654638553e-01 7.750117530381190889e-01 8.071332211208837037e-01 8.154453665587211297e-01 7.958767131157140629e-01 7.686735328702152259e-01 7.880648710383014732e-01 7.188721345730274548e-01 7.613383841193235302e-01 8.225744309280051958e-01 8.141023862948616463e-01 7.941241673473776741e-01 8.039410575255598879e-01 7.953672971176211082e-01 8.066986479054119030e-01 8.155407892138811787e-01 7.993613795298315505e-01 8.079649189628073103e-01 7.916208284327933553e-01 8.087116319910964135e-01 8.285178703258448962e-01 8.057662727534118385e-01 8.196887462099600175e-01 8.122811582633093774e-01 8.246141898129596415e-01 7.800895247868110394e-01 8.020298234329392706e-01 8.158249787913854911e-01 8.039243551114287900e-01 8.114216681730168634e-01 8.129573577410912355e-01 8.127238599641898320e-01 8.088361193633069046e-01 8.188609154995308836e-01 8.138232450755908953e-01 8.238604665533242333e-01 8.264161846221420582e-01 8.212475255382833961e-01 8.211536147349886017e-01 8.241550650824770452e-01 8.035940556057131756e-01 8.203871406656126908e-01 8.118501963098545549e-01 7.998838909844161460e-01 8.036120338802353880e-01 8.146544302845946106e-01 7.825034367919433409e-01 7.978179161539157294e-01 7.994833212766820907e-01 7.979209894239631673e-01 8.042209838494008833e-01 8.112114279082501822e-01 7.619184234227601715e-01 7.989166590683269842e-01 8.018821970704159696e-01 7.985614130719825843e-01 7.887984155317431245e-01 7.967769226300246421e-01 7.875150707268645522e-01 7.989890367344768540e-01 7.931403871953343065e-01 8.043066202348432281e-01 8.110780692230842304e-01 8.104654941579232386e-01 8.140757303945590495e-01 8.045953233044097486e-01 7.997168332563590054e-01 8.106047310670397854e-01 8.042047517396869738e-01 8.068634513930839081e-01 8.219593982877551053e-01 8.052466046888064888e-01
8.037157157336637103e-02 1.919076064622092792e-01 1.994625324585316828e-01 3.122773696589405956e-01 2.868803602824942511e-01 3.581428484860258998e-01 5.273444606447880156e-01 5.090680022287255024e-01 6.865899390299673444e-01 1.000000000000000000e+00 6.231747877220449316e-01 6.356235324541537057e-01 5.911429430661965245e-01 6.165808168035147308e-01 7.052908330952415428e-01 6.801582984587040137e-01 6.681657795030587765e-01 5.201984256787028915e-01 5.860114744859453717e-01 4.690633868064527645e-01 4.915379839966647069e-01 5.823176507876042240e-01 5.955607434476931639e-01 5.396051095392720987e-01 5.539723518795269808e-01 7.003833907368682832e-01 7.017973223707815178e-01 7.042205494109236019e-01 7.241037983127411870e-01 7.169469016240215264e-01 7.301784252427246935e-01 6.914911308240445642e-01 6.716322082291668050e-01 6.766141515126723460e-01 6.982923379883375636e-01 6.475120217477151607e-01 7.030157575925188862e-01 7.098863168972430193e-01 7.290884036766615006e-01 6.375994369711770471e-01 7.384966742857023148e-01 7.298569405216213113e-01 7.040795171959416399e-01 7.318380070398960990e-01 7.077222999092896982e-01 7.212977146320298516e-01 7.603255898576644078e-01 7.681859806361687193e-01 7.330352524682751669e-01 6.775532099366319283e-01 7.330762061402152918e-01 6.548144493364164154e-01 7.043272288438224837e-01 7.672465827745226230e-01 7.559707532858996881e-01 7.314795912458628147e-01 7.326788193216405842e-01 7.487390985520095965e-01 7.555401281816778170e-01 7.619989539094539355e-01 7.485987635958607500e-01 7.599153196030455915e-01 7.461693241134583765e-01 7.495407616458632516e-01 7.504430058092822486e-01 7.442443664788829238e-01 7.676811041625567489e-01 7.449995604112572556e-01 7.529943730112869105e-01 7.227926108219699941e-01 7.332632237452925139e-01 7.476922730106776438e-01 7.340355776839549984e-01 7.294598162246851425e-01 7.582118231956913590e-01 7.616617690545859354e-01 7.617187054516980638e-01 7.648936972392694766e-01 7.523969346072933995e-01 7.647068491264711332e-01 7.604259564996450615e-01 7.607541772619704767e-01 7.584838499569013237e-01 7.613722667076066042e-01 7.395730452904867303e-01 7.497665696286576198e-01 7.460475158891999303e-01 7.556575873226631934e-01 7.568157841232042715e-01 7.543255230334068306e-01 7.290238908255854966e-01 7.539185740143199421e-01 7.440835236323668500e-01 7.492820362729316619e-01 7.600913219381633112e-01 7.641774659612783349e-01 7.087865879004462411e-01 7.371812030949094208e-01 7.564619973477282322e-01 7.514455422546151286e-01 7.432560792208322553e-01 7.564751001917184858e-01 7.401134924214969324e-01 7.524883849824087756e-01 7.399682131573537269e-01 7.520200237000238541e-01 7.594666448680398307e-01 7.682543909686266881e-01 7.660546080269680091e-01 7.587006346596872897e-01 7.587394932431675842e-01 7.625405376799948565e-01 7.635849841070246891e-01 7.589939085914576555e-01 7.628015189915693384e-01 7.574214112831569867e-01
1.248734815595456821e-01 8.828387822869407375e-02 2.807997233333046072e-01 4.388540486915071814e-01 3.414164147391313686e-01 4.077909153914253126e-01 6.052962747084681405e-01 5.594019718732484714e-01 7.126833901922601244e-01 6.231747877220449316e-01 1.000000000000000000e+00 7.415050865932149016e-01 6.547930016873134695e-01 6.705815098844212230e-01 7.610488235201573470e-01 7.273559570171046484e-01 7.152228636607245171e-01 6.005109378927062647e-01 6.878247776442796280e-01 5.548144338442141388e-01 6.073843117871398078e-01 7.250359786040537768e-01 6.760273907313517627e-01 6.374271258093994197e-01 6.721147270905141191e-01 7.864268193349754910e-01 7.758552816341790503e-01 7.793066943913989908e-01 7.392288641643167679e-01 7.778820444535077261e-01 8.024748778997838894e-01 7.720770127143349315e-01 7.657312852159972039e-01 7.660966401357165445e-01 7.508210689608042498e-01 7.706501934223454198e-01 7.961078838838255844e-01 7.877648919734077104e-01 8.040968025934529528e-01 7.597499506559878268e-01 8.017234589498398734e-01 7.889386737973824726e-01 7.881108464229052979e-01 8.112463924822912453e-01 8.031707956508633561e-01 7.955854330519914752e-01 8.027005429862961172e-01 8.027651233147508059e-01 8.039975744709649819e-01 7.887414517043446205e-01 8.026971566284027970e-01 7.612992802714478868e-01 7.864345774051993976e-01 7.962160271860865279e-01 7.951230086069850378e-01 8.054636391267063766e-01 7.955375859380903192e-01 8.022878609198550448e-01 8.044841056315158445e-01 8.082154025706196343e-01 8.038477634729053189e-01 8.001836116288502110e-01 7.941610370505423067e-01 8.024271915383849318e-01 8.061833944554734899e-01 7.981207190047437949e-01 8.051548408587522188e-01 8.040858258322485241e-01 8.073004638975859182e-01 7.926047676446787982e-01 8.077410390055367317e-01 8.125075046162487657e-01 7.907153214286049003e-01 7.999985114720817858e-01 8.139999822699168774e-01 8.087165507793578900e-01 7.996279953739950930e-01 7.976683204756213064e-01 8.064679829134195899e-01 8.034009970241667853e-01 8.085873472216901225e-01 8.132256066750581658e-01 8.164434616093616537e-01 8.067135163101010198e-01 8.140832228246550617e-01 8.116204654412342290e-01 8.188261901984044133e-01 8.040160895482363346e-01 8.053270372138973121e-01 8.091560886224770099e-01 8.087025458552511425e-01 8.047555314758830791e-01 8.114771098470665578e-01 8.079274400652438626e-01 7.975105016389402168e-01 8.014982670017314348e-01 7.924665137201242215e-01 7.973558178942242725e-01 8.006606055318558068e-01 8.063505016083926114e-01 8.026765343735835501e-01 8.023698860895616125e-01 7.958087939006186495e-01 8.038427445119887826e-01 8.067686672132151626e-01 7.929178876021956146e-01 8.060836604363041946e-01 7.984278987472054334e-01 8.016016601863685809e-01 8.013300061559680554e-01 8.005589230150267355e-01 8.033540794417035613e-01 8.000732812134514482e-01 8.048748315830961397e-01 8.070207329339443847e-01 7.941739119910955491e-01
-5.005468097762901664e-02 4.949483478313030510e-02 2.877724008331484229e-01 5.607868658546094620e-01 3.747707169496053425e-01 4.733233964232639313e-01 7.072686324407628788e-01 6.991587523397592152e-01 6.560290815140521481e-01 6.356235324541537057e-01 7.415050865932149016e-01 1.000000000000000000e+00 7.293708864117049995e-01 7.430508080249835778e-01 8.603354875788353784e-01 8.473663789033354377e-01 6.837615720029529554e-01 5.475024804456779526e-01 6.634100147998991392e-01 6.539002025875871871e-01 6.393579948829815063e-01 7.172179674325986909e-01 6.548552545470859299e-01 5.893071952378826639e-01 6.130841992965905263e-01 8.207195897674591789e-01 8.161035556988448514e-01 7.981153137702465816e-01 7.288552126927311248e-01 7.637929531280679418e-01 8.414136000581821095e-01 7.707892789255784693e-01 7.731344953647077967e-01 7.509627088304960951e-01 7.438535049440948566e-01 7.903250796351057872e-01 8.000413389760583360e-01 8.533167276027712189e-01 8.524589562226007056e-01 8.578890236353621246e-01 8.748461082028241576e-01 8.688997270060899725e-01 8.794788724758526577e-01 8.825962830203930576e-01 8.697554263215414583e-01 8.757100895857382605e-01 8.723390720497372630e-01 8.653560106897995041e-01 8.580000376377499016e-01 8.400276466780363105e-01 8.704702562863266824e-01 8.478032585815041822e-01 8.704741016294607059e-01 8.450458117930517155e-01 8.476065353019530679e-01 8.612213375289649031e-01 8.520651919778483574e-01 8.747837446798644168e-01 8.739012961582617312e-01 8.662366260858704869e-01 8.788609703754283187e-01 8.706952347113247059e-01 8.711673825152562722e-01 8.586892939561605598e-01 8.280391982109569504e-01 8.622027595638742659e-01 8.584315939505181570e-01 8.446224177560179847e-01 8.386152736108211103e-01 8.732737928906595393e-01 8.637357417401104742e-01 8.492334282709654847e-01 8.241778028837218883e-01 8.290863101876355667e-01 8.737945528362287551e-01 8.669875100521625688e-01 8.560742491664842246e-01 8.316738181708126509e-01 8.521195417587626997e-01 8.384455211181512935e-01 8.418432588673968597e-01 8.631100033133952687e-01 8.615170093386385064e-01 8.408768048845449705e-01 8.692399736107252473e-01 8.478209236003680926e-01 8.685177042163908512e-01 8.762987964229652649e-01 8.747100687610626091e-01 8.639869614043058643e-01 8.826570981286934181e-01 8.793892156820638517e-01 8.813760523498246346e-01 8.784151770817498761e-01 8.717648837176567023e-01 8.705879056929836102e-01 8.869932436417581334e-01 8.609917443448829033e-01 8.755167020162948344e-01 8.795593616679749926e-01 8.849176756436401003e-01 8.808007027661525212e-01 8.801464338839133372e-01 8.820254224895046624e-01 8.794975455199740555e-01 8.600409064646195034e-01 8.732860654253669086e-01 8.635204624564912779e-01 8.633427895552842068e-01 8.760447573587564207e-01 8.760956298802390352e-01 8.736013913220748162e-01 8.740964409130977941e-01 8.745249826880771016e-01 8.580760849797659517e-01 8.659191655012612454e-01
4.210080154223470178e-02 8.384300850620829415e-02 2.293657006000922316e-01 4.512939490865198744e-01 3.707271647915344470e-01 3.927198507753500434e-01 6.356565401821062666e-01 6.302648944539303022e-01 6.207811734901560463e-01 5.911429430661965245e-01 6.547930016873134695e-01 7.293708864117049995e-01 1.000000000000000000e+00 6.618825283231931644e-01 7.642206250942209511e-01 7.753700515722630193e-01 6.338951181579669525e-01 5.207298417604476759e-01 6.227615370848527121e-01 5.602407525449135672e-01 5.715287324103142108e-01 6.577744754050650622e-01 6.030971171901327033e-01 5.440482257858690884e-01 5.808234788357283795e-01 7.261450253890623374e-01 7.220332532610245213e-01 7.202831714420669940e-01 6.899600571885081690e-01 7.160169755509850908e-01 7.495485354008414314e-01 6.877400539332827467e-01 6.863764966177471338e-01 6.715939828416874757e-01 6.919007898944969925e-01 7.044648438846384808e-01 7.167864816604517797e-01 7.456268577209852477e-01 7.557554596067067587e-01 7.374595008673439089e-01 7.706579012704596332e-01 7.685509847203674250e-01 7.790469224374386714e-01 7.818057258007856669e-01 7.661842694081621996e-01 7.778533890145181706e-01 7.829905275132372777e-01 7.758761037022247065e-01 7.641780733188722197e-01 7.344362651788955976e-01 7.692837257213883673e-01 7.425064037283597429e-01 7.666917068166259064e-01 7.624475040861898867e-01 7.556481289926303413e-01 7.638949568796760126e-01 7.611262441224309061e-01 7.806619861749961586e-01 7.758116024056016524e-01 7.829256115349609857e-01 7.888775436328592239e-01 7.777546091582469012e-01 7.735856836365605504e-01 7.724028319317232105e-01 7.539641929514140362e-01 7.731983555181631829e-01 7.747064707421190688e-01 7.662080183517784304e-01 7.622704756288449790e-01 7.776459082523057287e-01 7.740011225967083908e-01 7.694104724507349058e-01 7.418524024975328146e-01 7.503487791566377796e-01 7.795071982110521880e-01 7.752276858844516783e-01 7.676813255645248413e-01 7.599212655444163023e-01 7.681312063801092327e-01 7.646040574454302519e-01 7.664436157529993521e-01 7.774759529913061185e-01 7.728512362754867970e-01 7.641206101243043225e-01 7.668625461815592459e-01 7.600598617214106012e-01 7.733243263950471125e-01 7.788068320061954930e-01 7.797473477376786199e-01 7.757436314701922075e-01 7.736854741430538862e-01 7.818080676934150430e-01 7.815220357003702656e-01 7.803119246913063911e-01 7.787025629709601882e-01 7.806125302922212184e-01 7.761144066409736419e-01 7.649759037931750383e-01 7.801527462372349619e-01 7.801214784334791208e-01 7.862051312447096985e-01 7.800311025631802009e-01 7.780220045019933250e-01 7.848897939608102670e-01 7.818850485342754286e-01 7.674239745420623482e-01 7.769290046693400065e-01 7.762761083360932846e-01 7.766089532269643270e-01 7.830420827101662873e-01 7.809196205161288429e-01 7.829567783032496120e-01 7.785988219731294624e-01 7.797679512171379335e-01 7.744155977108607702e-01 7.763231379365985729e-01
