1.000000000000000000e+00 6.840845820292598689e-02 8.500130950398276930e-02 1.116733328164531101e-02 3.997963495719697447e-02 1.264594246500930219e-02 9.867908951213600829e-03 6.751729216125179969e-03 8.744770011483392336e-02 4.960445245947490284e-02 6.170701116574824237e-03 1.811081507962868098e-02 3.088552821066021387e-02 -8.913159102540292589e-03 -6.512673148185504739e-03 1.759820385936132145e-02 9.057847324231388386e-02 3.532506699588083138e-02 2.751008264053426619e-02 8.493809274277468527e-03 3.287882537551283652e-02 2.390567354987870041e-02 4.710511361361837540e-02 2.542571330271939031e-02 2.499656315429598166e-02 3.348365106969068694e-02 1.389945386170594703e-02 -1.970371798296201987e-02 2.681067350351882400e-02 2.137132767102185513e-02 1.010441205180623303e-02 -4.825929558910784477e-03 -3.657861408503927658e-02 1.059323128311506074e-02 7.623452515406683875e-04 1.502122776311857338e-02 8.195741551649027984e-03 -3.163369905164093582e-02 3.222540914607330276e-03 -5.612433341481506965e-02 1.591834643137304784e-03 -2.193742395028623962e-02 -2.305385937057605888e-02 -2.835886792672116883e-03 1.451718826402065288e-02 -2.202413823110579635e-02 4.887855092355279651e-03 1.135093798750403879e-02 3.607516113684143110e-03 -1.842427701562554185e-02 -1.381485075409975664e-02 3.480638692568815973e-02 8.105153772941631196e-03 2.269601655604350579e-02 -4.675530804452367357e-03 3.830599410425633219e-03 2.934216510563339084e-02 2.978897678536140351e-03 -1.483053817129321647e-02 3.269066694676938528e-02 -2.387469195432562630e-03 1.094214979783185958e-02 -6.609735941326085919e-03 2.872919165574428640e-02 5.289119603444479567e-02 4.045828409384821800e-02 2.259993547191713192e-02 8.716224424118658443e-03 7.411755191344597191e-03 1.706236866494809795e-03 1.148853982418996354e-02 1.070893710186795501e-02 1.202500311506926774e-02 1.054570709672321589e-02 5.888583338671741010e-03 2.828634500446975536e-03 -2.730438872999010717e-03 1.141627506794416769e-02 4.208081725005447730e-04 1.215094076536977173e-02 3.944569008258272738e-03 3.708834769808414325e-03 2.853742654349924329e-02 1.487595489616274367e-03 -4.793732196011375735e-03 7.269697040054349906e-03 1.280191732199758908e-03 -8.060500150996314367e-03 -5.050011098599366168e-04 9.006447551086248574e-03 -1.892781347267024836e-02 -1.994481190412811591e-03 4.240727104581739661e-03 -6.883057467527681217e-03 6.255144843772025148e-03 9.142860064282672117e-03 -3.964321555128418745e-03 2.636995048631562283e-02 3.738409952811631073e-03 -9.876021922230362841e-04 -4.231280650125407959e-03 2.193684183588249365e-04 1.211356523726452028e-02 3.722017839194549996e-03 2.112506381306914968e-02 2.564409680464200050e-02 1.538524035045716991e-02 1.403147772901090426e-02 8.020693676271006822e-03 9.164505347570324825e-03 -1.172450042989768305e-04 1.975809349064614612e-02 9.131609018880475909e-03 1.730685622752739170e-02 3.309605337961954441e-02 2.976646381894332283e-02
6.840845820292598689e-02 1.000000000000000000e+00 6.795449274266240902e-02 8.939033229665592495e-02 9.998626867727120060e-02 9.696684961298163152e-02 1.344428337842870635e-01 1.316763376340781000e-01 1.600074105254084278e-01 1.883274101312379656e-01 1.520519113952005508e-01 1.491712676220799672e-01 1.407840791571750017e-01 1.313219367339654442e-01 1.452401256143328045e-01 1.461671026757314640e-01 1.834584602855094115e-01 1.432750509657191307e-01 1.515297663868174494e-01 1.071502063979969943e-01 1.413073370821574248e-01 1.418994407888715392e-01 1.618900142231901040e-01 1.534614789119292388e-01 1.573677453868219389e-01 1.535518863892081087e-01 1.601138308407221433e-01 1.367307686593504379e-01 1.607917659141671063e-01 1.661207349574976844e-01 1.709025182844336188e-01 1.705842549089090221e-01 1.395190523420346829e-01 1.652720316434036774e-01 1.557860375785288243e-01 1.790035028254473581e-01 1.630230436775859659e-01 1.443315905496942442e-01 1.692739231332178740e-01 1.452161378017158000e-01 1.606125602993120904e-01 1.474156783658296110e-01 1.448796661883300363e-01 1.538792943073631903e-01 1.577152421256900194e-01 1.488275180372958806e-01 1.600982379585664528e-01 1.667627875308173302e-01 1.666480604075473992e-01 1.489394359856092143e-01 1.498772701072070557e-01 1.364018825733566143e-01 1.495290413851587952e-01 1.636784747304537158e-01 1.576260758846983190e-01 1.610772574450239636e-01 1.695311461830489030e-01 1.578526095351227565e-01 1.550446936096349093e-01 1.633647457494105115e-01 1.513131113419826090e-01 1.648679653666210165e-01 1.570486005931116813e-01 1.669456845276413581e-01 1.635264110793648307e-01 1.646367008301760360e-01 1.676177965448637786e-01 1.576070320797555435e-01 1.654036145468826269e-01 1.511831319093537296e-01 1.539788304579565170e-01 1.579803348427370191e-01 1.628895357018782519e-01 1.545320289345976927e-01 1.571232907704342707e-01 1.594416818746576259e-01 1.531239422377343173e-01 1.623147707199326384e-01 1.524668058899527889e-01 1.659244440600421144e-01 1.609635569551872425e-01 1.608585146213853956e-01 1.746779841766972763e-01 1.633687609766320270e-01 1.527680529706607060e-01 1.613281856763720545e-01 1.627419350005812893e-01 1.529841541656638548e-01 1.595498134943629798e-01 1.601054019999305078e-01 1.516687046129879257e-01 1.534605485023426419e-01 1.597161364146107154e-01 1.537838125938831568e-01 1.570259031326282362e-01 1.619491869942315532e-01 1.519526411066563776e-01 1.584681252098418536e-01 1.558639569457745955e-01 1.525293037245562255e-01 1.486545420439616128e-01 1.566961336174025887e-01 1.533536613998299214e-01 1.544932606328701663e-01 1.588392601398629922e-01 1.670115664595477056e-01 1.646243969809814134e-01 1.643125200885701687e-01 1.615189946357305228e-01 1.565166282156649213e-01 1.550840373604608913e-01 1.600079750463976325e-01 1.616099731640560644e-01 1.632009459072328306e-01 1.668457401755223946e-01 1.617763892455107710e-01
8.500130950398276930e-02 6.795449274266240902e-02 1.000000000000000000e+00 3.196053005745277398e-01 2.228476342756506579e-01 1.609743013892331320e-01 3.290909231455233508e-01 3.190018566449048798e-01 3.638633589376984445e-01 3.217992282922501612e-01 3.788640423070703256e-01 3.776455476013245161e-01 3.412918974719211240e-01 2.738548569576472191e-01 3.806401037863106351e-01 3.760456464215886641e-01 3.457857837269916468e-01 3.828802983141941230e-01 3.888923852122167513e-01 3.359015987906936451e-01 3.904740371419260780e-01 3.975334654493345443e-01 3.761440250748768754e-01 3.955143215516331301e-01 3.953718719012945249e-01 3.899953618431651892e-01 3.818564259018684681e-01 3.845545378348212973e-01 3.959299696474736785e-01 3.974113847313787695e-01 3.935655727789244551e-01 4.076875307146770044e-01 3.947921284821442334e-01 4.114610455917858678e-01 3.988014777246416398e-01 3.975527595024745953e-01 4.026512671033732893e-01 3.941239724106706532e-01 3.962362726692734705e-01 3.959637681300812173e-01 3.944517849539864174e-01 3.904969434352584257e-01 3.832373812667012047e-01 3.894962899411864021e-01 4.017981962910985305e-01 3.754970608858888559e-01 3.904569160736475752e-01 3.911415167315179242e-01 3.941178527536536857e-01 4.073812645785331865e-01 3.967020867337589518e-01 3.872962058498247151e-01 3.832470720752937376e-01 3.761706886402382266e-01 3.745487560920037762e-01 3.951367587204700493e-01 3.807265704273718465e-01 3.807687137670355271e-01 3.817153256009908069e-01 3.778813436770674383e-01 3.798703487847231441e-01 3.735778650493922215e-01 3.735581888787244953e-01 3.846134009864383141e-01 3.834672708171760203e-01 3.824146658726962356e-01 3.927962075127596209e-01 3.931812040655898177e-01 3.937114399543324983e-01 3.938848496346967210e-01 3.993808805073547630e-01 3.976728477337170276e-01 3.940655232832111499e-01 3.991997474591356676e-01 3.971761401100694089e-01 3.959422074361324539e-01 3.916845992114550423e-01 3.960256410949801187e-01 3.845869050890068364e-01 3.901314653230747997e-01 3.940906825626641630e-01 3.982497049557151558e-01 3.980177095468369619e-01 3.991381079724062309e-01 4.012350209930078404e-01 4.023174318325901666e-01 3.972928669814531077e-01 3.959883767463682203e-01 3.958154764442254891e-01 3.930527903649546628e-01 3.995409589002300033e-01 3.939245704202644083e-01 3.946364563851645357e-01 3.886521422831414330e-01 3.876252189865487807e-01 3.922934653247618364e-01 3.934929710426464666e-01 3.906148827284865455e-01 3.870704868709183288e-01 3.966562213203622123e-01 3.902849536645849882e-01 3.902918960763463452e-01 3.867403224917951854e-01 3.900967580962925729e-01 3.938273869061734156e-01 3.848854696923155183e-01 3.926701391415338693e-01 3.920255265713403214e-01 3.916052596098825722e-01 3.877133198334818398e-01 3.874497290463757015e-01 3.851581797104842164e-01 3.843258209713873441e-01 3.888120357397738536e-01 3.888130228845160796e-01 3.847898351706647846e-01
1.116733328164531101e-02 8.939033229665592495e-02 3.196053005745277398e-01 1.000000000000000000e+00 3.712861815507598195e-01 2.946306883957449108e-01 5.897445538465495574e-01 5.844800108117927939e-01 5.687122341662167457e-01 5.414647759869910537e-01 6.059649874231801681e-01 6.332158752576234617e-01 5.871975451962112569e-01 4.380531284773061529e-01 6.458786126399782557e-01 6.286137571580380223e-01 5.533638681202422971e-01 5.733020009778944104e-01 6.020955774192920940e-01 5.116671317840358890e-01 6.228968722046339668e-01 6.344917827783340680e-01 5.915921970126351015e-01 5.871121268450444353e-01 5.908989671938276178e-01 6.228928892481917501e-01 6.261226934398876898e-01 6.216724648236403583e-01 5.914235018035324254e-01 6.078663077744664855e-01 6.385685305107773324e-01 6.422468981419576783e-01 5.992487731261847417e-01 6.356968594416890772e-01 6.181003812037497713e-01 6.244875843730474108e-01 6.320897727254143339e-01 6.537356838688749283e-01 6.419482444610939975e-01 6.542492636442744924e-01 6.433395782353621417e-01 6.551347236945278540e-01 6.510800097301771006e-01 6.536701957116713979e-01 6.426141216853570315e-01 6.390781738851656346e-01 6.447756556830448460e-01 6.384639579852823266e-01 6.431415109937693719e-01 6.559201584464856571e-01 6.589402263062386078e-01 6.455616346806498651e-01 6.550123290907268192e-01 6.220079603851439431e-01 6.333182064975609871e-01 6.450494109595141801e-01 6.366619990545285823e-01 6.421126895068781648e-01 6.471912089476110630e-01 6.358634815147566899e-01 6.538576853771903563e-01 6.328114547832419667e-01 6.409992655558091057e-01 6.378676668823398677e-01 6.263638327078626666e-01 6.391229331221512933e-01 6.403486311099192418e-01 6.468884862948550696e-01 6.481730140844106369e-01 6.469380917159008870e-01 6.540008402238517426e-01 6.475005397407144203e-01 6.428242837633244555e-01 6.342376008990365799e-01 6.488302975869625344e-01 6.467933001485925981e-01 6.440314271869449492e-01 6.387563514290849342e-01 6.393598173023050668e-01 6.326555058437404178e-01 6.398357744057622254e-01 6.446063311266403417e-01 6.436545030674923895e-01 6.476458120845910438e-01 6.554683677749754134e-01 6.486495654556158064e-01 6.478028341447735761e-01 6.618373218395512403e-01 6.519201223687579594e-01 6.494338528988272685e-01 6.604844870491256570e-01 6.540424764663747004e-01 6.484243653476620128e-01 6.503130964274450587e-01 6.459320952680888128e-01 6.439497784656642576e-01 6.610715199455046154e-01 6.501626500319763746e-01 6.577189857070481205e-01 6.604482794030723802e-01 6.587775616183368932e-01 6.595415014763108541e-01 6.503787710662669586e-01 6.540125602903456015e-01 6.524454622093931455e-01 6.438231576888949759e-01 6.456552997535736083e-01 6.435227555327382998e-01 6.477736379281283652e-01 6.492219544858597313e-01 6.508949840223279271e-01 6.434942834523393884e-01 6.478598157168723448e-01 6.479057013546885013e-01 6.391848753380715564e-01 6.423260419656867670e-01
3.997963495719697447e-02 9.998626867727120060e-02 2.228476342756506579e-01 3.712861815507598195e-01 1.000000000000000000e+00 2.548857997111576568e-01 4.548651758482900598e-01 4.649438552798906832e-01 4.808796484121550807e-01 4.310360340082541875e-01 4.775416276083802036e-01 4.935817452998384480e-01 4.808942063835571212e-01 3.518886922149438989e-01 5.028054321695437645e-01 5.014154504903265419e-01 4.465642895411292002e-01 4.672171908954040886e-01 4.758009485440521935e-01 4.053181573153028516e-01 4.944428853217565090e-01 4.885103667993928589e-01 4.799810384006140684e-01 4.676796061406036098e-01 4.789206999955412103e-01 4.969859536399549027e-01 4.925100925203055868e-01 4.795292079466038082e-01 4.837362778693958254e-01 5.038291046021924346e-01 5.102656064015426152e-01 4.865028204721335015e-01 4.248455059466501038e-01 4.835463023057093856e-01 4.720491469480979640e-01 4.665380695409194201e-01 5.054917477478522159e-01 4.845951054772092426e-01 4.970005948281865926e-01 4.711362675300613256e-01 5.107413078233340453e-01 5.026398821831076225e-01 5.015343883197137531e-01 5.143164739494821003e-01 5.049220905009982330e-01 5.023380153341546750e-01 5.138719939407511150e-01 5.147717156603357491e-01 5.099663828919747122e-01 4.836603884699972600e-01 4.985498766560314543e-01 5.027165134066859942e-01 5.166338587249885705e-01 5.138220716417206679e-01 5.098305568715144620e-01 5.120244859561388084e-01 5.123191223630561009e-01 5.109691483687606173e-01 5.065125338904220564e-01 5.202626151496508866e-01 5.159399409295043482e-01 5.156935436966775255e-01 5.083661871440354751e-01 5.141963095750924362e-01 5.121139648662341726e-01 5.218476745198070699e-01 5.097244307696936483e-01 5.140045667052632883e-01 5.114252897833027056e-01 5.117857326004270346e-01 5.185697490839028534e-01 5.123491338837204978e-01 5.086303851126393605e-01 5.108575754475048747e-01 5.184252890127502011e-01 5.156893877287084260e-01 5.118933835917994779e-01 5.124085791795138789e-01 5.104141439230150956e-01 5.134167074186563040e-01 5.112106045281917810e-01 5.146573339111670808e-01 5.101062015887226631e-01 5.051598627080239323e-01 4.997207493354478003e-01 5.081148754743728402e-01 5.087562095947034679e-01 5.069576286340593541e-01 5.079450746873813705e-01 5.110163919903022434e-01 5.003462157065641236e-01 5.126887146547334240e-01 5.113763743523855876e-01 5.114758984120642005e-01 5.127042080504733423e-01 5.134247193409741117e-01 5.037191719498895770e-01 5.108114618560225528e-01 5.126486228118047883e-01 5.094960293127274165e-01 5.134943550559657455e-01 5.100669222895972688e-01 5.187690131342677091e-01 5.163686086862169233e-01 5.135075919254957766e-01 5.140741413852857322e-01 5.144347532562845160e-01 5.162732868869406300e-01 5.153914028740417264e-01 5.158131327109414244e-01 5.095550036187318499e-01 5.189567895392619423e-01 5.157481580395116838e-01 5.149289217867223378e-01 5.129112796514400108e-01 5.180030617135376048e-01
1.264594246500930219e-02 9.696684961298163152e-02 1.609743013892331320e-01 2.946306883957449108e-01 2.548857997111576568e-01 1.000000000000000000e+00 4.392256364792856416e-01 3.613822376605815290e-01 3.973139764505748128e-01 3.608424470676345752e-01 4.135115133345867444e-01 4.173949704529635873e-01 3.979335978533276030e-01 2.909300622612435161e-01 4.268105769572099195e-01 4.182355201622153240e-01 3.855177384557771925e-01 4.010877154450781523e-01 4.121620911942417420e-01 3.548461531911071831e-01 4.146507774049384976e-01 4.244270599742023808e-01 4.121136846970100964e-01 4.171151068168082454e-01 4.037249737085036871e-01 4.286082816900967374e-01 4.258100553901607577e-01 4.090711139470588065e-01 4.089009126776103620e-01 4.307832527263772970e-01 4.392132903926662668e-01 4.331051729630557845e-01 3.663021346780043763e-01 4.354469769837833182e-01 4.084703635502263674e-01 4.180856325209095781e-01 4.301578571674734564e-01 4.252882313541263004e-01 4.311108015922215375e-01 4.159849536939488335e-01 4.334836897620163998e-01 4.404842552094514474e-01 4.374797002979768923e-01 4.460611199313711528e-01 4.325999165043599715e-01 4.383052748426078393e-01 4.424553672639116031e-01 4.437843415919770496e-01 4.392319930415906626e-01 4.288674966637091579e-01 4.314314754382709838e-01 4.407098679909911554e-01 4.482411090067227044e-01 4.367691050225215310e-01 4.346950011406836012e-01 4.414094873093930560e-01 4.352529251375357178e-01 4.356028048809534869e-01 4.332298056444651158e-01 4.423791317384926924e-01 4.419522603936396066e-01 4.399125179088041460e-01 4.362221028403932555e-01 4.413826452927031574e-01 4.424652937363793836e-01 4.480197199850524115e-01 4.432841514893005042e-01 4.428730564548722937e-01 4.470176210993536681e-01 4.454766613550216747e-01 4.437373623969845249e-01 4.429936267375479964e-01 4.457646899974019306e-01 4.357701557522523084e-01 4.442265977183842418e-01 4.414692750377370856e-01 4.426074591706457562e-01 4.411653951193823531e-01 4.437664524463018068e-01 4.409519380964266322e-01 4.409844873016922628e-01 4.429964158969789123e-01 4.433334728404375591e-01 4.336779123266485403e-01 4.444052908504873001e-01 4.495236087627832444e-01 4.391739336500416480e-01 4.465606677110040001e-01 4.426651625680346758e-01 4.449395500002745196e-01 4.391376615883227363e-01 4.454543051979097945e-01 4.448596276414102935e-01 4.459349411087523696e-01 4.440391268720638163e-01 4.439765841135971947e-01 4.436982550655771407e-01 4.497022907208422793e-01 4.472001028752563001e-01 4.470133198449026679e-01 4.494277524975257010e-01 4.499765682956291535e-01 4.460915865137777270e-01 4.483855969564049526e-01 4.508029936511507851e-01 4.483879994343655806e-01 4.488393469217317189e-01 4.461737222191672902e-01 4.470538140657952519e-01 4.482730602719244839e-01 4.436002892640995010e-01 4.461615864217568506e-01 4.464451372222563164e-01 4.489777880836609558e-01 4.436060794726871537e-01 4.460373292182280847e-01
9.867908951213600829e-03 1.344428337842870635e-01 3.290909231455233508e-01 5.897445538465495574e-01 4.548651758482900598e-01 4.392256364792856416e-01 1.000000000000000000e+00 7.213702922306965970e-01 7.185420862837116340e-01 6.743577824190835068e-01 7.615879121375016547e-01 8.046456166609335936e-01 7.459319254863060467e-01 5.934948169029123921e-01 8.292490929464786387e-01 8.027966988591834774e-01 7.005791336302623629e-01 7.229393943039188475e-01 7.572437472947083359e-01 6.614197555446837962e-01 7.635953725017297078e-01 7.815326591871767370e-01 7.495115248552758347e-01 7.451867949702920546e-01 7.479717790824742529e-01 7.883496049490634761e-01 7.891596648340395426e-01 7.873812765079866161e-01 7.730195552579406382e-01 7.856783402209482903e-01 8.171669705553076257e-01 7.969643497000239440e-01 7.134369016494582771e-01 7.881585478040212811e-01 7.618323349806662703e-01 7.638602191225664084e-01 7.970669296600108034e-01 8.089995034548385089e-01 8.107911689646049025e-01 7.988237844732392068e-01 8.143986482691730755e-01 8.285513772618577910e-01 8.184770373992088510e-01 8.296589811206611653e-01 8.129819032470407825e-01 8.208558586175201954e-01 8.264754075110209985e-01 8.178898948797261870e-01 8.237497451134604409e-01 8.016811007828241742e-01 8.204817834834909895e-01 7.947903977525078156e-01 8.237010540738913811e-01 8.095546060641198860e-01 8.192842276588582218e-01 8.179451889700407596e-01 8.098322475911711171e-01 8.241796628476689701e-01 8.248555752744780589e-01 8.202424508193288943e-01 8.304019030786733424e-01 8.198920244364727994e-01 8.204950702035253007e-01 8.145233382841217118e-01 8.028782602097963572e-01 8.178640438477535746e-01 8.178926346577901629e-01 8.230539684656953403e-01 8.235220949333937890e-01 8.244499294165144043e-01 8.267857218017434784e-01 8.236942509418482272e-01 8.180517654557272200e-01 8.048724246955092365e-01 8.277651755077203299e-01 8.238171460949782476e-01 8.284570863996045809e-01 8.191799326853990149e-01 8.253439179257372471e-01 8.155337565971425562e-01 8.195607516077212384e-01 8.258660100519907843e-01 8.169220524869974520e-01 8.127678148549842829e-01 8.206225776658585547e-01 8.209965906225201726e-01 8.237061009017235813e-01 8.317488273470695637e-01 8.259360178695782650e-01 8.253298392010460782e-01 8.261797372458562494e-01 8.302281997505848166e-01 8.257877087123527415e-01 8.313951022860949225e-01 8.270189851079252641e-01 8.235739392696126426e-01 8.271153583656341013e-01 8.200702764973069048e-01 8.321719670804702540e-01 8.302251075253139767e-01 8.339345493185140734e-01 8.299800469410653081e-01 8.296981429041418998e-01 8.321271736837135835e-01 8.235519130597376281e-01 8.204242640757968275e-01 8.265422808668370092e-01 8.250213283631016026e-01 8.284063239553743907e-01 8.305016815575141376e-01 8.310563596676617815e-01 8.263774242905794765e-01 8.294663536471738041e-01 8.243931312785135468e-01 8.160861826094901739e-01 8.215098271380137929e-01
6.751729216125179969e-03 1.316763376340781000e-01 3.190018566449048798e-01 5.844800108117927939e-01 4.649438552798906832e-01 3.613822376605815290e-01 7.213702922306965970e-01 1.000000000000000000e+00 7.181434337774690313e-01 6.591955990795611564e-01 7.462751753674298216e-01 7.839459998145782427e-01 7.393422083808108836e-01 5.705745393073030636e-01 7.946091686805292209e-01 7.978200755780828768e-01 6.917389636132391662e-01 7.130204115689082744e-01 7.438251973927705318e-01 6.203953800353412262e-01 7.503489110917894722e-01 7.727494121153252182e-01 7.343459060692070217e-01 7.219796284684427690e-01 7.431730499774351628e-01 7.682052150309611749e-01 7.681666159181976816e-01 7.658086430499899677e-01 7.462020219229054119e-01 7.744234770213429542e-01 7.965577647375911008e-01 7.847007421057337062e-01 7.183656438511426545e-01 7.722374678210200960e-01 7.509769181169747565e-01 7.591896854327890853e-01 7.833043383626270284e-01 7.976751976213529716e-01 7.987496247322578569e-01 7.733462723427286800e-01 8.020582081112332951e-01 8.120564115076778222e-01 8.027655039756680377e-01 8.148002490181680546e-01 7.958530527313937286e-01 7.986509713847664838e-01 8.097672611208051041e-01 8.048116890306463711e-01 8.009033846858333305e-01 7.830590565372835821e-01 8.074347626251021648e-01 7.770384533780435588e-01 8.016446164674493335e-01 7.903748007507843676e-01 7.924834063285332020e-01 7.973508522767006612e-01 7.868413607483223382e-01 8.088690976099862651e-01 8.028559232798417877e-01 8.014266072951723441e-01 8.121939066321459677e-01 8.023041010876064139e-01 8.007133689529128961e-01 8.021413459240436250e-01 7.944836621453710279e-01 7.993303497810917424e-01 8.031235063935832086e-01 8.077419494134173705e-01 8.069994961395754451e-01 8.021143764003603183e-01 8.115436057298485162e-01 8.092581309772889364e-01 7.978446980931223065e-01 7.953162340068937741e-01 8.105423711558878974e-01 8.071313599593096244e-01 8.052176292707050598e-01 8.014762078841372039e-01 8.009326107010874551e-01 8.038495134122969343e-01 8.036215148046571555e-01 8.073646107009002648e-01 8.055103990354726129e-01 8.015554857959200641e-01 8.055779492695316346e-01 8.053275742252071767e-01 8.077200576116279063e-01 8.160815635253978462e-01 8.122801697081817318e-01 8.066474236012923793e-01 8.075825649916202886e-01 8.129598522260870208e-01 8.094242343253923444e-01 8.105852306871959012e-01 8.114187854934173938e-01 8.090999551037683091e-01 8.082509359065960242e-01 8.020877535329363761e-01 8.154646812424332092e-01 8.172523102737349054e-01 8.170706471877571264e-01 8.171004022718209026e-01 8.086844521773582928e-01 8.184197154035698363e-01 8.075589687900140978e-01 8.052456886553436277e-01 8.077565368728587547e-01 8.083131953191691199e-01 8.107789589973268818e-01 8.141986480946848959e-01 8.142305436445580469e-01 8.099728809960804465e-01 8.136414710979397169e-01 8.115361474985628432e-01 8.025767436483354222e-01 8.047359905690989468e-01
8.744770011483392336e-02 1.600074105254084278e-01 3.638633589376984445e-01 5.687122341662167457e-01 4.808796484121550807e-01 3.973139764505748128e-01 7.185420862837116340e-01 7.181434337774690313e-01 1.000000000000000000e+00 7.585859081438470763e-01 8.159017000758512772e-01 8.408736313584195265e-01 7.895189594969161950e-01 6.144594938796267281e-01 8.420708462844073150e-01 8.323609763722767951e-01 8.153431591237921827e-01 7.758040456762175241e-01 8.061761373594683588e-01 6.644622762622427459e-01 7.940647481329615731e-01 8.136709740298033733e-01 8.229154013368613629e-01 8.010248792079308622e-01 8.077653967744261587e-01 8.284321674628339904e-01 8.298749085473969833e-01 8.059176627789158553e-01 8.194280543983439857e-01 8.520318426922012245e-01 8.635766983031099020e-01 8.467003871329722431e-01 7.452476217862314956e-01 8.410509956945881882e-01 8.129285306415241497e-01 8.197489740698801208e-01 8.505682812365135126e-01 8.316090640760431807e-01 8.534350256686468184e-01 7.904849610774558055e-01 8.624197593456146560e-01 8.489347179399050480e-01 8.417997730365114339e-01 8.684213859721419126e-01 8.602146698743065034e-01 8.486295850605496405e-01 8.726318168721023394e-01 8.831230676884354036e-01 8.696101766126552723e-01 8.241920127513329142e-01 8.500410664477046074e-01 8.465329940212726889e-01 8.648552313839533712e-01 8.712029631970479304e-01 8.498545258849974360e-01 8.647839859705044319e-01 8.656656077840771957e-01 8.657439735931340419e-01 8.505380721991387949e-01 8.837909636358167731e-01 8.650985194629434716e-01 8.671585374567970517e-01 8.511367769182704990e-01 8.793209176586527231e-01 8.827843936372496980e-01 8.862278814433512952e-01 8.796565103260849394e-01 8.734922256421591147e-01 8.758542089745173786e-01 8.586770918816062359e-01 8.695903895788935634e-01 8.740737950396556544e-01 8.660269556081617859e-01 8.608759101323327778e-01 8.730946267696216845e-01 8.702374055310015954e-01 8.599442451394000431e-01 8.700122981081906959e-01 8.617567156856038579e-01 8.708981196024879745e-01 8.722655271648137587e-01 8.726793272025596959e-01 8.787608541495435244e-01 8.654105649965855296e-01 8.613617319549792262e-01 8.720805176604655706e-01 8.703902081010006508e-01 8.638295309864942872e-01 8.697788141922643268e-01 8.727228278305120268e-01 8.537150598989956540e-01 8.696345422081174226e-01 8.718712881025210137e-01 8.675230995358492736e-01 8.751694737420098180e-01 8.769967912658347409e-01 8.511522917037890323e-01 8.668984716816753311e-01 8.667932193645194738e-01 8.656152550877266316e-01 8.651536662696964752e-01 8.659193434343546159e-01 8.753065880940091859e-01 8.741277643944791453e-01 8.771385120726367113e-01 8.724266322537000962e-01 8.762486974237320148e-01 8.789770551882321037e-01 8.731307560329472084e-01 8.759147739099789609e-01 8.671089994471584683e-01 8.817193147255378838e-01 8.731715456428663646e-01 8.780096825943886074e-01 8.850936831906341951e-01 8.839827137743916374e-01
4.960445245947490284e-02 1.883274101312379656e-01 3.217992282922501612e-01 5.414647759869910537e-01 4.310360340082541875e-01 3.608424470676345752e-01 6.743577824190835068e-01 6.591955990795611564e-01 7.585859081438470763e-01 1.000000000000000000e+00 7.521453148129186861e-01 7.839291899768102700e-01 7.324366390818158878e-01 5.886855115578647490e-01 8.006508692505416303e-01 7.819102160342363828e-01 7.425496382484533253e-01 7.289763878946718956e-01 7.508248650510467304e-01 5.990040121505887383e-01 7.239184875449503620e-01 7.478212808173344550e-01 7.597297837642706941e-01 7.500685064540496549e-01 7.556864733899190112e-01 7.723209440528796543e-01 7.819413096279429487e-01 7.614658503045172999e-01 7.630175641679675103e-01 7.970258950891573324e-01 8.169469297742192326e-01 8.065288558634554628e-01 7.294026417026847620e-01 7.940429813237493972e-01 7.766318196170246546e-01 7.726949503050857260e-01 8.116070558364132381e-01 7.972100249634246349e-01 8.118225927855229340e-01 7.665648136084031172e-01 8.199258735062849857e-01 8.014945677437373961e-01 7.856561801642152343e-01 8.129330269966631439e-01 8.169413001289772547e-01 8.047744228945518108e-01 8.202398172425313660e-01 8.294800738326427725e-01 8.206692893470874939e-01 7.780193865647695439e-01 7.981916972167708568e-01 7.657616029627530851e-01 7.977003692096209519e-01 8.124980385051664422e-01 7.968047619178820762e-01 8.138623947074409282e-01 7.956233006363702120e-01 8.116971579305386486e-01 7.991912327833352592e-01 8.221601293543413513e-01 8.038420678252087281e-01 8.103146330903837624e-01 7.913362388293452288e-01 8.176079533678189959e-01 8.135889185874575213e-01 8.157266205363129519e-01 8.282074627766400354e-01 8.244840670099358171e-01 8.268599122143781566e-01 8.078807159316476749e-01 8.181832021734025684e-01 8.237558849423560758e-01 8.198473382276902921e-01 8.123659036766570640e-01 8.214262829912147845e-01 8.213009347582778119e-01 8.145745313137610077e-01 8.197495548800869392e-01 8.166209534167090389e-01 8.238397231715748337e-01 8.245752923383059541e-01 8.258921698277633672e-01 8.260322862431107582e-01 8.201753626291602428e-01 8.153362421692013084e-01 8.237421516816176847e-01 8.238299337403791611e-01 8.198954891977169313e-01 8.245967835283385394e-01 8.250271040701390168e-01 8.141427194523871425e-01 8.214612209743326066e-01 8.247219621600816453e-01 8.220327384510530688e-01 8.268991036618307255e-01 8.284344953464681804e-01 7.995881724261897361e-01 8.057998243254096415e-01 8.132054668051398316e-01 8.167929590327264178e-01 8.132624249680407980e-01 8.127895701403146100e-01 8.179930157213575193e-01 8.208969987108539756e-01 8.179128230465034788e-01 8.116983385685047070e-01 8.247082364177729108e-01 8.285476514291506556e-01 8.244658962820149428e-01 8.221149048066073162e-01 8.191103081335352476e-01 8.260812207277783425e-01 8.205645842066160434e-01 8.217343484270572818e-01 8.242519619401237341e-01 8.236093367373638063e-01
6.170701116574824237e-03 1.520519113952005508e-01 3.788640423070703256e-01 6.059649874231801681e-01 4.775416276083802036e-01 4.135115133345867444e-01 7.615879121375016547e-01 7.462751753674298216e-01 8.159017000758512772e-01 7.521453148129186861e-01 1.000000000000000000e+00 8.743991307347971365e-01 8.051950292916644214e-01 6.408666617060286841e-01 8.825047663555111166e-01 8.627109120028568778e-01 7.968248687719159395e-01 8.164566347144691649e-01 8.399464950800858976e-01 7.092711422740778371e-01 8.257684897130824764e-01 8.501367359432498993e-01 8.298614787070233145e-01 8.379138313343688083e-01 8.398793165571701858e-01 8.643170938821203020e-01 8.676366193996170040e-01 8.642175245098401293e-01 8.540596600376181291e-01 8.794453201396141839e-01 9.074671938853104969e-01 8.887202658221301510e-01 8.043394450875599455e-01 8.823553889977245879e-01 8.573987759133432363e-01 8.572590331734778468e-01 8.942809676857016443e-01 8.872517346650764525e-01 8.933597441884842949e-01 8.661037106887820025e-01 9.006793321441742828e-01 8.997738669182491211e-01 8.862260363539884445e-01 9.053391529826771977e-01 9.006426341053964668e-01 8.935884724276065283e-01 9.073331612589975448e-01 9.083591092433436209e-01 9.081362238702207490e-01 8.795190593403626744e-01 8.954149500683570295e-01 8.705853989913989732e-01 8.918904266626850319e-01 8.878969916035622800e-01 8.864752706352345690e-01 9.013212298369041031e-01 8.833555008147661036e-01 8.974969000355490500e-01 8.915067881826232998e-01 8.988239666166091268e-01 9.004597387842516731e-01 8.914110896620602853e-01 8.869881581632935719e-01 8.981331903836213826e-01 8.904416069718219529e-01 8.979496693852487832e-01 9.088045760461440636e-01 9.095560244439261366e-01 9.100653494423289747e-01 9.021648215496029799e-01 9.096182712182288022e-01 9.110129134880537993e-01 9.052166553004542537e-01 8.998184827859008195e-01 9.109304135312588091e-01 9.088919615898415350e-01 9.058642897645144965e-01 9.059813887126091370e-01 9.038420433849306823e-01 9.058581193478478788e-01 9.086914100561187535e-01 9.101721415912238378e-01 9.082086673236018370e-01 9.009358834690989193e-01 9.079054175355395495e-01 9.103836661278783549e-01 9.104581862507242773e-01 9.094477160196204890e-01 9.110643073216658783e-01 9.101670591836497071e-01 9.076338584561510769e-01 9.120515224488812134e-01 9.107443746127802386e-01 9.107637907799026600e-01 9.106515587696946135e-01 9.108406681761738177e-01 9.007908112762001984e-01 9.003821538006488989e-01 9.067699430565975272e-01 9.096772984204647416e-01 9.097350945674591571e-01 9.074596389240944250e-01 9.087547713764728696e-01 9.105748668240012389e-01 9.088537070764663994e-01 8.996590684149282646e-01 9.115835138734469378e-01 9.099574722535840321e-01 9.097258074816693130e-01 9.093268208825444621e-01 9.074230610589222312e-01 9.078162399567601959e-01 9.066278710611229696e-01 9.093106027129075342e-01 9.044680792391157631e-01 9.050876367209771400e-01
1.811081507962868098e-02 1.491712676220799672e-01 3.776455476013245161e-01 6.332158752576234617e-01 4.935817452998384480e-01 4.173949704529635873e-01 8.046456166609335936e-01 7.839459998145782427e-01 8.408736313584195265e-01 7.839291899768102700e-01 8.743991307347971365e-01 1.000000000000000000e+00 8.473909834987450873e-01 6.711014019304057943e-01 9.223696286380190790e-01 9.075134721895115053e-01 8.326552598206805600e-01 8.303454666008046603e-01 8.640455881185080678e-01 7.104213824929737076e-01 8.429684263017713786e-01 8.731120171567463562e-01 8.611105992220244865e-01 8.469377944453955198e-01 8.596259945264592695e-01 8.821745275258505714e-01 8.947747332976904167e-01 8.851711786025692197e-01 8.669253118232066457e-01 9.058233749178664640e-01 9.355088202061317970e-01 9.204301485816810402e-01 8.288236830468733718e-01 9.063863053527142499e-01 8.896722606584765991e-01 8.827627225808122313e-01 9.211661527155424745e-01 9.218821826184524504e-01 9.300082285501810597e-01 8.906922112609765296e-01 9.326129953916645343e-01 9.353734387324910138e-01 9.238161284426021913e-01 9.470775930593693381e-01 9.324813216699908702e-01 9.372896131650213514e-01 9.485120109743513384e-01 9.482338040938503854e-01 9.446752255359097683e-01 9.056514895446158286e-01 9.333440065664169172e-01 8.996362520799807694e-01 9.303840865138680583e-01 9.302882005733301707e-01 9.279108599373689925e-01 9.346917566242324282e-01 9.210340725441248377e-01 9.440336182610076232e-01 9.346065735400896912e-01 9.447663098826367678e-01 9.433364854380045239e-01 9.392329121059397323e-01 9.294230877775951916e-01 9.412640918436314674e-01 9.341391665977328840e-01 9.407729107477932340e-01 9.479280190409062890e-01 9.484750053179149543e-01 9.487018860135895126e-01 9.367523625653961794e-01 9.455129914712406825e-01 9.480566836029756805e-01 9.382453355528360683e-01 9.304941645183121279e-01 9.450648476632982353e-01 9.462467596032294592e-01 9.405473676175467590e-01 9.388005260601173241e-01 9.375271972626288974e-01 9.403696558350163048e-01 9.451054003608121423e-01 9.503466843006955767e-01 9.434998317710416860e-01 9.384017874030667894e-01 9.398599810034146129e-01 9.456292235132675028e-01 9.485915863614595711e-01 9.474831803318515266e-01 9.496951542233477150e-01 9.466232466643301757e-01 9.401623164981467440e-01 9.497763585305113443e-01 9.506462222117970651e-01 9.513156873188651774e-01 9.533484772379801075e-01 9.522406253761637185e-01 9.336094453899549395e-01 9.358579422806203585e-01 9.466262467664421365e-01 9.476406472518427160e-01 9.478107198046781257e-01 9.459319771372911578e-01 9.482036104017996792e-01 9.520790428786948256e-01 9.442122581182824659e-01 9.383747360993105469e-01 9.505462796435046879e-01 9.513488662159025333e-01 9.493103324376532814e-01 9.517730687197291095e-01 9.495218440459174403e-01 9.518891591579570211e-01 9.500264818922103949e-01 9.494802281212307848e-01 9.474838914545054003e-01 9.479946430102718091e-01
3.088552821066021387e-02 1.407840791571750017e-01 3.412918974719211240e-01 5.871975451962112569e-01 4.808942063835571212e-01 3.979335978533276030e-01 7.459319254863060467e-01 7.393422083808108836e-01 7.895189594969161950e-01 7.324366390818158878e-01 8.051950292916644214e-01 8.473909834987450873e-01 1.000000000000000000e+00 6.143246443988443772e-01 8.481871539460108522e-01 8.468099196092341296e-01 7.615964353240637363e-01 7.845914603306235469e-01 7.980412835576976560e-01 6.632178588022961119e-01 7.813526902175288447e-01 8.037822607592822743e-01 8.068977730410521465e-01 7.919698449671923601e-01 7.962159515016266065e-01 8.268347652988436991e-01 8.250743420255779448e-01 8.177914932347954968e-01 8.098083273689737904e-01 8.440234839342102280e-01 8.683434642831233674e-01 8.420834709643580940e-01 7.490544395433391678e-01 8.324919013695089021e-01 8.162929213078499169e-01 8.080725117359188747e-01 8.517099008274905403e-01 8.451324919527731794e-01 8.558269101382879329e-01 8.071463334588019345e-01 8.670789653375183814e-01 8.674027180479132459e-01 8.587413092878847243e-01 8.790422653884475412e-01 8.649444074075368638e-01 8.672530434352344608e-01 8.785736960784767957e-01 8.762491039368637269e-01 8.726900959960608439e-01 8.278975876821067503e-01 8.572002271073012603e-01 8.454448791783173434e-01 8.643320693057084947e-01 8.669876765641884031e-01 8.589083453436040516e-01 8.631728177687019166e-01 8.529117627621255471e-01 8.758924698055067237e-01 8.594628122874413689e-01 8.829693018773823177e-01 8.752458194721086659e-01 8.736861964708532158e-01 8.589041119331888297e-01 8.753142354260085023e-01 8.699242717628500321e-01 8.787303923587079790e-01 8.783915421472956453e-01 8.801739847735822186e-01 8.791561430750636230e-01 8.675333497087284185e-01 8.751175698910997891e-01 8.781517044999871402e-01 8.723805559642495711e-01 8.651371053019145663e-01 8.784088894937516212e-01 8.770179690920497650e-01 8.734534880126213485e-01 8.715013687055929159e-01 8.736635436465386428e-01 8.772296312628102832e-01 8.755990829753967919e-01 8.812019435391129640e-01 8.736479121368795342e-01 8.681333345592734396e-01 8.682642462627550017e-01 8.767035041033276466e-01 8.753154955184014874e-01 8.757970141177736645e-01 8.785463624696316920e-01 8.779137070942262255e-01 8.676961352568498542e-01 8.808430113547114360e-01 8.792207836444377866e-01 8.800144897875700201e-01 8.821692951505825109e-01 8.813761999339785325e-01 8.602772718396395346e-01 8.685266986122761601e-01 8.757718584180701482e-01 8.757912952361539549e-01 8.790567617775919551e-01 8.744377809116842259e-01 8.787409333593261263e-01 8.835711882848864551e-01 8.776249041947992158e-01 8.711751483549146080e-01 8.786329165039503675e-01 8.813916685788925065e-01 8.805390133471102665e-01 8.831126826949806663e-01 8.776681441463615174e-01 8.853727856441132582e-01 8.796873499073240010e-01 8.814908581552277633e-01 8.783922026452563037e-01 8.826184115218964621e-01
