1.000000000000000000e+00 1.464503466029845047e-01 1.093256388317475347e-01 -1.966227506384207388e-02 1.673753825375285526e-02 -3.117232175665985393e-03 2.680583020018323381e-02 1.774348592389251439e-02 1.025150764225536415e-01 7.380045749248730080e-02 3.421350155835246876e-02 7.720034695139630504e-03 2.859779996041422745e-02 -3.285875978567440181e-02 9.004202193976707305e-03 2.010860788909072175e-02 1.157984645000409568e-01 1.646742122901333205e-01 1.438062550715109855e-01 1.351025386951197338e-01 1.618362270415604209e-01 1.331963932852560095e-01 1.502423923163329067e-01 1.293577924725917705e-01 1.520070752203875053e-01 1.165119434822463329e-01 1.161875392618336167e-01 8.983782806372170304e-02 1.361677945091551989e-01 1.218168745831299804e-01 9.622827181887680381e-02 1.050174886486429232e-01 1.174383176034629189e-01 8.101016783743132665e-02 1.040452893164356130e-01 8.835399183204119267e-02 1.058534804980783561e-01 3.929785102935048208e-02 4.733834912638967135e-02 2.552173435198647547e-02 4.678530358819862900e-02 2.186688943583663461e-02 2.358220420529306971e-02 2.331562514230976768e-02 6.322850495253352909e-02 2.565531653122857594e-02 1.036798291274764784e-02 3.467093002052090700e-02 1.598073527300946511e-02 3.352880324919440408e-02 2.414276645814276631e-02 3.175483900536996834e-02 3.877682009426019344e-02 6.491932397789539066e-02 6.363509202399042497e-02 5.489498316984625648e-02 5.510420681388793207e-02 2.725462077497567068e-02 2.777872548961487012e-02 4.569289721756967376e-02 1.985783271859787105e-02 4.254056477838956407e-02 3.073866347433516083e-02 3.055286308797729514e-02 5.452960932538327560e-02 7.554329999035803989e-02 3.569081619573414438e-02 6.220282256907295332e-02 7.733405104188927071e-02 7.641418838528005186e-02 6.486944954774602479e-02 5.228807853616830592e-02 5.912746421689814291e-02 5.167000200873184818e-02 4.494303090709967502e-02 5.296246900354805581e-02 4.546719383604167636e-02 6.355006278439738476e-02 3.725771640017651321e-02 6.941074877102135221e-02 6.396807872330896594e-02 4.310844065502345696e-02 5.735437106744915164e-02 5.758867247713464477e-02 3.971953226425384287e-02 5.120593290095995509e-02 5.267711683617078144e-02 1.976089295826213496e-02 2.566798455593815448e-02 4.039929498106471784e-02 2.515268550043872620e-02 1.538719157052743751e-02 1.560983611286865212e-02 1.443935584096987974e-02 6.959900723538224761e-03 1.557772163829982716e-02 6.454285631204433049e-03 5.885193620942667098e-02 1.394544017724906430e-02 1.955208235761851654e-02 4.824844419693280137e-03 1.899889212893969559e-02 1.420594972842632517e-02 1.077160130315568849e-02 2.700758399441412563e-02 3.955405596722075257e-02 2.467015092706478091e-02 3.042478192691780436e-02 3.318182983625970334e-02 1.843202378427491114e-02 1.326170915322291179e-02 2.378889869743370036e-02 2.332913263772793538e-02 2.391133445273609798e-02 4.318047476728249789e-02 3.073653909558114738e-02
1.464503466029845047e-01 1.000000000000000000e+00 9.278321704139617931e-02 3.485013732770573386e-02 7.667561336910180825e-02 1.083426755453491264e-01 1.153896693953634922e-01 9.882304117979112679e-02 2.136604146202557286e-01 2.329982236625005032e-01 1.776715656101381935e-01 1.442753466643462990e-01 1.403024986827755005e-01 1.396594617651634174e-01 1.558681167543712054e-01 1.457031399684399209e-01 2.267558298521852034e-01 2.519826159546606492e-01 2.665522171079529601e-01 1.455547233608318058e-01 2.004761774464642321e-01 2.405980867726027761e-01 2.939313441164693730e-01 2.678872931080113484e-01 2.526889591037086991e-01 2.588425099630699000e-01 2.498216866373283440e-01 2.586880255510817794e-01 2.944265789194427385e-01 2.753537331388860587e-01 2.526122919091072783e-01 2.550720352125844248e-01 2.777076470560340682e-01 2.597344539534945373e-01 2.760606740310057039e-01 2.311426983391848544e-01 2.661288757097331481e-01 2.058828644227938820e-01 2.198084274902440682e-01 2.029740528103710084e-01 2.123085470027101795e-01 1.823120267303738884e-01 1.483476316239165926e-01 1.685411336267723936e-01 2.096602838072027797e-01 1.857002874737543607e-01 1.690359955381801338e-01 2.010658604556951612e-01 1.762723899051313603e-01 1.669758188328009652e-01 1.639989868657888705e-01 1.361308437781288405e-01 1.653456962446086254e-01 2.180206482280359348e-01 2.000678693644171169e-01 2.039741120116739526e-01 1.729757855050277349e-01 1.817741781272426138e-01 1.894592589140067507e-01 1.772540735305775383e-01 1.520701482945417127e-01 1.857376450873179652e-01 1.669716175351646514e-01 1.688094726655139655e-01 1.832906966482884537e-01 1.849778785602054776e-01 1.899519290407406802e-01 2.155698044945285885e-01 2.290838076740303875e-01 1.977705550799518097e-01 2.036436565279750310e-01 2.111896063848241467e-01 2.227630288515529966e-01 2.115687512498836131e-01 2.009978934764848346e-01 2.094316217403196789e-01 2.038718717459793439e-01 2.289708911870842190e-01 1.952837537924557165e-01 2.278961976438273473e-01 2.199311750513608110e-01 2.056106085441815889e-01 2.114462476730860074e-01 2.206107880779466512e-01 1.934814893442367845e-01 2.191619092710634376e-01 2.171889025617270985e-01 1.798812499936437437e-01 1.927980947005985268e-01 1.973060036954078222e-01 1.921579503866525651e-01 1.749899341158381860e-01 1.791860279680048684e-01 1.815144442443145101e-01 1.684073269204154344e-01 1.759670404599585347e-01 1.443999198170844156e-01 1.681693489638623196e-01 1.629797120948083822e-01 1.697239043039042716e-01 1.562936122494872071e-01 1.566568501934538504e-01 1.607464095644048074e-01 1.571292418877945352e-01 1.709311736362514045e-01 1.720484334919594183e-01 1.709108425624966954e-01 1.883674884633327051e-01 1.868877013495446326e-01 1.729292024529280880e-01 1.719028766601794211e-01 1.751315708811678751e-01 1.728065195277039001e-01 1.685044294864857239e-01 1.901304238621133180e-01 1.672595289316256839e-01
1.093256388317475347e-01 9.278321704139617931e-02 1.000000000000000000e+00 3.532323279394812277e-01 2.394790194014393414e-01 2.313053418141283180e-01 4.016255881697082253e-01 3.380861412396227728e-01 3.769832253733654825e-01 3.443034934282885873e-01 3.796779459230661957e-01 4.004533020455574022e-01 3.515989897053104496e-01 3.129897724851207208e-01 3.952337376781836498e-01 3.812333200317357118e-01 3.955100511822041143e-01 3.926149384228076467e-01 4.007247799770547458e-01 3.815398526355112674e-01 4.023284340876561727e-01 4.045933200007002517e-01 3.764547850938897433e-01 3.891832429545254990e-01 3.780735470900110085e-01 4.238542712468341134e-01 4.119630315748002980e-01 3.993591584241376613e-01 3.808818134298555536e-01 3.816578500393131290e-01 3.873425477611530110e-01 4.147137933694634016e-01 3.900898069229458143e-01 4.002132458915843571e-01 3.788041563915786059e-01 3.964234286720239586e-01 3.900006935698691057e-01 4.089898004425709943e-01 4.013624864462685404e-01 4.026478817853518244e-01 4.011019478190208098e-01 4.034113058978557875e-01 4.108317116199382002e-01 4.056712903373291823e-01 4.045866860998490466e-01 3.890712993830066080e-01 3.833412783724551853e-01 3.863452121511088411e-01 3.879881505976804368e-01 4.099957798184388214e-01 4.110629375184298162e-01 3.969545791774260479e-01 3.943108605190440707e-01 3.918440241365813148e-01 4.040875674545267859e-01 4.147494622984017609e-01 4.068759450935949817e-01 3.977157545554461660e-01 4.010152723229223892e-01 3.959629464715949676e-01 3.989274433222959049e-01 3.916748007437211299e-01 3.928960462981813118e-01 3.910656325391951293e-01 3.885205178569646756e-01 3.936057913546592291e-01 3.866530275397599969e-01 4.024727946853446370e-01 4.037235556160914673e-01 4.203297874262064138e-01 4.077611070489437495e-01 3.931552548789803980e-01 3.999264252900829320e-01 3.923985596688104316e-01 3.996436761021847084e-01 3.931889175466390385e-01 3.889585004694968706e-01 3.879122192056619900e-01 3.927934305214917377e-01 3.871810337572064720e-01 3.907066807363957506e-01 3.932510871973948219e-01 4.055198597492643553e-01 3.870845929323994961e-01 3.940828299825282488e-01 3.942347357355653892e-01 3.901518620685704986e-01 3.938627475361862196e-01 3.864749330654442261e-01 3.982942353274858127e-01 3.902411346520137658e-01 3.865675175871339242e-01 3.872214374915827761e-01 3.870690279827675440e-01 3.735861175244312715e-01 3.770686474243848951e-01 3.880708847222789637e-01 3.980138899555740739e-01 3.794784632333784713e-01 3.948579846801296700e-01 3.856178884836332088e-01 3.802587229197722518e-01 3.820139859063150234e-01 3.858596142662752415e-01 3.908011673239388251e-01 3.882112196802490756e-01 3.824025804772729353e-01 3.849612306377824256e-01 3.880518268408950644e-01 3.828273883262686694e-01 3.811247263130390084e-01 3.811985030199006030e-01 3.823157089386640672e-01 3.846564087527628573e-01 3.897844150580971889e-01 3.811997348004532715e-01
-1.966227506384207388e-02 3.485013732770573386e-02 3.532323279394812277e-01 1.000000000000000000e+00 3.880577716945647349e-01 3.726335730074641361e-01 6.308445458463449729e-01 5.982475952702624999e-01 5.298961204103661560e-01 4.553840206012201297e-01 5.680706411923382992e-01 6.463407161952438029e-01 5.419462136052533019e-01 5.057794489941010996e-01 6.139379166745551064e-01 6.143567554306897938e-01 5.009110900303048730e-01 3.733066671689490024e-01 3.931590250493369187e-01 4.953018982250773083e-01 4.384934227624688319e-01 4.237821023125530884e-01 3.921247385447421685e-01 4.068344814024159040e-01 3.843735107278680729e-01 5.071116215593081122e-01 4.919022652980169497e-01 4.981648412720296459e-01 3.927447987565360066e-01 4.290802739255241138e-01 4.698902084904656440e-01 5.200487705577323538e-01 4.333344834098402099e-01 4.718128272764572362e-01 4.335926272864608078e-01 5.103033374334179362e-01 4.494615634920897662e-01 5.684399951406114981e-01 5.562240673514017297e-01 5.742075084924903594e-01 5.718277387842973791e-01 5.965518384548029740e-01 6.164649311345183902e-01 6.055956797854797902e-01 5.536040294359209080e-01 5.709978893803038247e-01 5.823188115405866228e-01 5.615512793205066355e-01 5.942896831209305564e-01 6.056632709636589063e-01 6.242090804697931761e-01 6.089357581222023530e-01 5.863533967930123492e-01 5.408594664370901528e-01 5.511775837941075284e-01 5.613371067123370528e-01 5.976396074944629877e-01 5.750608660831265651e-01 5.724918621506144278e-01 5.953649248494304880e-01 6.098088010113904556e-01 5.721464411467391820e-01 5.837377526636288172e-01 6.025647249483773171e-01 5.708831186066462005e-01 5.715938845401458135e-01 5.614248056494542949e-01 5.336421826695593174e-01 5.249172810777494869e-01 5.753630522600972075e-01 5.294639758828838527e-01 5.278363406976483985e-01 5.294810457906499179e-01 5.300849396179965201e-01 5.654925895443200234e-01 5.448348652942723858e-01 5.538623314088889638e-01 5.147726844210870345e-01 5.692187836935798106e-01 5.094933283112090816e-01 5.204132113554010841e-01 5.429878763140139064e-01 5.641122571249667095e-01 5.184930156556578629e-01 5.536674670531936959e-01 5.271930684437854397e-01 5.296516829772940360e-01 5.856918324471548365e-01 5.621364424926249548e-01 5.631003896379918050e-01 5.791581596471923055e-01 5.831649940988999914e-01 5.727038418047073476e-01 5.822167975952969865e-01 5.697787494513120166e-01 5.679024549411072487e-01 6.084453224488616252e-01 5.933110489286349543e-01 5.915999339685182878e-01 5.947577306624733939e-01 6.042053302161747297e-01 5.938369236046188160e-01 5.888010814198231246e-01 5.953110129779818349e-01 5.796826861487411886e-01 5.922159588428531629e-01 5.773715777289403217e-01 5.572957237536164676e-01 5.623462057521865232e-01 5.823535109175393965e-01 5.706610157782223691e-01 5.790066636859547700e-01 5.824955802385898274e-01 5.885753288464939947e-01 5.590822178782439700e-01 5.789346914189759108e-01
1.673753825375285526e-02 7.667561336910180825e-02 2.394790194014393414e-01 3.880577716945647349e-01 1.000000000000000000e+00 3.333283748332720453e-01 5.152670175857831936e-01 5.071949086063923806e-01 4.852232069832075889e-01 4.306193565653246291e-01 4.615640615116666789e-01 5.191852301628289146e-01 5.170398397067622609e-01 4.513692979834155183e-01 5.311615714201582961e-01 5.375901105292932858e-01 4.543467999851015238e-01 3.568790295562718762e-01 3.961240458649364360e-01 3.783875593616211619e-01 3.976373944642010994e-01 4.233326118888307565e-01 3.708180946509164744e-01 3.992991987927059228e-01 3.862736589963107758e-01 4.712440268837891355e-01 4.604898747840768247e-01 4.616427859441288861e-01 4.081694583544842048e-01 4.267209041251321389e-01 4.603861710368028493e-01 4.677672782900312853e-01 4.296794724767173390e-01 4.584882737179749035e-01 4.361899459389327327e-01 4.790550835952202546e-01 4.483353927194781985e-01 5.015389052124085145e-01 5.043948571496715827e-01 5.026277066824612616e-01 5.018679450468284120e-01 5.159589945623599405e-01 5.299708153618566397e-01 5.320482405957099870e-01 5.070469448876425700e-01 5.094134535342795811e-01 5.178081518105502878e-01 5.079104267838752129e-01 5.158151179386800678e-01 5.066312399161145841e-01 5.176938689734577048e-01 5.194143323292121917e-01 5.185368985848288759e-01 4.968409658804406326e-01 4.888580796782114879e-01 4.978314965511260737e-01 5.002584002200670676e-01 5.165330134840819820e-01 4.969483889489869632e-01 5.300974406900355040e-01 5.240769233854637443e-01 5.044546451612028637e-01 5.061556905148415497e-01 5.188227046143912835e-01 5.198068166388229994e-01 5.105460258486544944e-01 5.081290040817939557e-01 4.976873095404088509e-01 4.865631715042742500e-01 5.085945405930085705e-01 4.965821978360377975e-01 4.999582167025924395e-01 4.904240876325339227e-01 4.945345540286880670e-01 5.097314737436570153e-01 4.998173589278853690e-01 5.009977801908211958e-01 4.871152476695005951e-01 5.134586525862169237e-01 4.947821652107914914e-01 4.922959164510157248e-01 5.044481426190590145e-01 5.017616705699549096e-01 4.931612535008740861e-01 5.066771921838493231e-01 4.957229874278738513e-01 4.983485185124140737e-01 5.160420269365431079e-01 5.139409966343804204e-01 5.080490993423703028e-01 5.101524979620112310e-01 5.172402517241178055e-01 5.160807562369865709e-01 5.168724376733223602e-01 5.137700971823175866e-01 5.121232024261910265e-01 5.177658697209535088e-01 5.032957426728289496e-01 5.194175065780606282e-01 5.171262459836531988e-01 5.268859643451366814e-01 5.145561266223184216e-01 5.167379521451122004e-01 5.254496949336338041e-01 5.178709590372708726e-01 5.125263741043314392e-01 5.118543117690326216e-01 5.079069935735137653e-01 5.080175987943866822e-01 5.167600640979049809e-01 5.103831827374708530e-01 5.203410571571065457e-01 5.163520412367696988e-01 5.196956523958187191e-01 5.109780149841152141e-01 5.164232451046258943e-01
-3.117232175665985393e-03 1.083426755453491264e-01 2.313053418141283180e-01 3.726335730074641361e-01 3.333283748332720453e-01 1.000000000000000000e+00 5.104626033736868740e-01 4.835247290365945472e-01 5.534449137885559811e-01 5.165753703731200686e-01 5.870091559245362856e-01 5.922718112626620401e-01 5.574258194523343812e-01 5.760618155994485790e-01 6.143283947005074852e-01 5.814037758607696338e-01 5.682347127902882544e-01 4.571952988190050582e-01 4.973801810246455957e-01 4.010837333394867699e-01 4.533025274046327824e-01 5.309048128633193642e-01 4.753096135367170794e-01 5.014387353487524956e-01 5.083515424730429277e-01 5.693673553777360841e-01 5.609349678590451749e-01 5.771311628989955755e-01 5.069840387239126223e-01 5.582415546804821993e-01 5.948599076505000083e-01 5.847660907230263216e-01 5.468246603129124361e-01 5.887823869828081591e-01 5.710477874675277121e-01 5.909071585991670927e-01 5.865267520557211345e-01 5.991971039918894126e-01 6.168490571090141650e-01 6.149373956704414779e-01 6.208650941917475130e-01 6.272537362037793329e-01 6.175904862814507457e-01 6.266267769083827543e-01 6.244959574921612466e-01 6.179857298029998169e-01 6.277602445350303206e-01 6.327078235638258219e-01 6.291123090300841936e-01 6.207128149191354360e-01 6.239945606836810876e-01 6.242408093735893893e-01 6.290355538705086902e-01 6.150916798127158414e-01 6.120488338672132045e-01 6.218459736615401523e-01 6.148110591431353855e-01 6.145550548650153821e-01 6.108078108498733449e-01 6.205381606948250361e-01 6.331626003149860571e-01 6.109994163070910922e-01 6.154933461539883188e-01 6.252120543219444881e-01 6.204295952764951050e-01 6.190261580851392775e-01 6.321242101099827648e-01 6.219236499676028540e-01 6.169718343381499492e-01 6.072202863667650607e-01 6.128343698208692514e-01 6.222972129910810946e-01 6.195937332478468340e-01 6.237840680555266637e-01 6.298683915702291136e-01 6.276204587637744803e-01 6.275808905729675091e-01 6.100826217511359228e-01 6.306368735418967919e-01 6.207853291047339406e-01 6.284503686508160492e-01 6.300233065781204456e-01 6.279325015962193834e-01 6.226769796248724509e-01 6.346734655851367091e-01 6.280992096608152275e-01 6.270592276277970889e-01 6.379994749626077821e-01 6.375991709487840442e-01 6.309093092774213929e-01 6.372260176774003915e-01 6.382576283102477932e-01 6.363536905978355307e-01 6.351927772633860769e-01 6.365468666084167504e-01 6.354985341473374794e-01 6.345217116358469189e-01 6.274059798516911091e-01 6.367759514111350772e-01 6.403776178901060545e-01 6.390782059960954387e-01 6.315445218661137616e-01 6.328537973380805592e-01 6.395279690508037795e-01 6.382572940160048391e-01 6.283958244521701264e-01 6.334123409356879897e-01 6.337947468338119839e-01 6.320372329846566384e-01 6.319559271518656596e-01 6.313486691918328564e-01 6.323018157786581828e-01 6.302461905732141823e-01 6.352002676225396716e-01 6.294790324268716430e-01 6.294617447344305061e-01
2.680583020018323381e-02 1.153896693953634922e-01 4.016255881697082253e-01 6.308445458463449729e-01 5.152670175857831936e-01 5.104626033736868740e-01 1.000000000000000000e+00 7.567089174356113057e-01 7.013535900268297318e-01 6.649174972175644349e-01 7.266377204471842211e-01 8.035307736765728848e-01 7.139787049375410088e-01 6.820088730219361350e-01 8.303494612848214551e-01 8.018532377772893405e-01 7.034192393710393398e-01 5.868066373623659349e-01 6.049831842337122234e-01 6.307382118416948735e-01 6.432118718855236450e-01 6.420546919369256589e-01 5.955400437301729966e-01 6.272313554250500411e-01 5.868210410860775772e-01 7.407278002877876188e-01 7.195520294808438466e-01 7.417823398082582509e-01 6.465036786814896130e-01 6.789282652917346672e-01 7.160252057537057624e-01 7.516023496986272701e-01 6.937886427642996345e-01 7.206106307708074477e-01 6.836021624448684886e-01 7.248881550753812908e-01 6.900203854331833364e-01 7.951428826650237536e-01 7.876744702150089150e-01 7.876762228963983814e-01 7.802686895657395816e-01 8.064283544692717465e-01 8.063370805560020615e-01 8.056958443422104210e-01 7.713971030832054154e-01 7.847083008719913932e-01 7.874100003380484214e-01 7.745598170818698280e-01 7.976192850094108167e-01 8.008925525201572304e-01 8.184829561083880600e-01 7.818558437981106835e-01 7.868108161751261598e-01 7.568729756645887763e-01 7.685743886500165933e-01 7.785533394634481796e-01 7.842215747220544486e-01 7.816614287098151426e-01 7.780252970522417710e-01 7.898550730546064491e-01 7.986936562637840797e-01 7.706069583432760828e-01 7.792174634867995442e-01 7.948665028134895838e-01 7.644049685954190654e-01 7.625394747859103317e-01 7.747129662419767193e-01 7.575184833172489141e-01 7.468996325162851058e-01 7.880827448348629582e-01 7.612532449492181996e-01 7.528725931666571114e-01 7.532043111485428044e-01 7.508393351019717610e-01 7.847114152236007723e-01 7.672502731116481733e-01 7.767940305284345426e-01 7.556185496424614456e-01 7.918265552296143150e-01 7.490408060303558324e-01 7.558064007859591760e-01 7.696488835966536213e-01 7.752451333887235840e-01 7.542915523008069112e-01 7.742861171976266332e-01 7.565165801650235444e-01 7.572102412405022909e-01 7.990667541074478741e-01 7.842677639086282904e-01 7.743482257995566442e-01 7.925293162837117045e-01 7.933491764295867998e-01 7.849771357966832674e-01 7.928205391386240475e-01 7.776000740511014309e-01 7.759067513163995233e-01 7.939499453297261811e-01 7.790628404684932784e-01 7.899912099197303750e-01 7.996557870231036924e-01 8.012153068762924990e-01 7.851861607114352104e-01 7.856602820567539780e-01 7.931035683925612423e-01 7.807211981997476125e-01 7.789025592523100006e-01 7.809860670675379257e-01 7.728630623463338400e-01 7.758552045904730798e-01 7.854536202618305207e-01 7.762725299858698191e-01 7.809374124287173924e-01 7.800271757540074846e-01 7.871299423819575480e-01 7.707741174852895671e-01 7.734250614199987828e-01
1.774348592389251439e-02 9.882304117979112679e-02 3.380861412396227728e-01 5.982475952702624999e-01 5.071949086063923806e-01 4.835247290365945472e-01 7.567089174356113057e-01 1.000000000000000000e+00 6.772577088033628900e-01 6.299786750364247956e-01 7.022954050511822643e-01 7.764593516531739237e-01 6.930133015522900175e-01 6.600526268472032276e-01 7.881082044109138929e-01 8.062432546834629177e-01 6.627914551906238794e-01 5.080880209893745558e-01 5.520012935827135481e-01 5.257674584577265442e-01 5.559274177506442483e-01 5.888328227112918922e-01 5.327518836791071966e-01 5.638074892103925873e-01 5.384407752589801532e-01 6.915348853453917588e-01 6.704150908558572652e-01 6.864569393870437741e-01 6.032727869361982354e-01 6.458822219453845825e-01 6.714431617605701730e-01 6.926480736035675045e-01 6.445417310815770850e-01 6.720409047659257062e-01 6.571393202082600471e-01 6.721468457698948074e-01 6.434168252769557617e-01 7.620200603800781902e-01 7.490287609098076338e-01 7.379887104276483534e-01 7.407648659400452029e-01 7.674118537701816178e-01 7.773407233461685495e-01 7.770969174113994127e-01 7.271845042573388262e-01 7.645510184301055334e-01 7.619062123533010267e-01 7.468734320254462045e-01 7.669251239227483641e-01 7.638966037895733585e-01 7.796735215335628411e-01 7.530859552750751584e-01 7.661181306538986657e-01 7.302998866543566336e-01 7.419678800566631427e-01 7.369477277003383398e-01 7.662781725372334041e-01 7.616464109046106046e-01 7.578341142101746586e-01 7.728836787221905480e-01 7.814027250637407551e-01 7.641473038565842479e-01 7.727953047888274085e-01 7.733341726756414181e-01 7.440116572327286626e-01 7.468980484806476694e-01 7.462182305446939390e-01 7.259253275881478729e-01 7.159266583871979339e-01 7.317354271800259324e-01 7.262607723398055715e-01 7.265156342808807288e-01 7.138582095623057233e-01 7.203278135145187999e-01 7.515862892648945692e-01 7.352757613884447485e-01 7.411780019595749502e-01 7.246408389999587918e-01 7.532455203880801253e-01 7.197464575315858371e-01 7.226361041719524536e-01 7.377605404304536929e-01 7.373950240665262390e-01 7.290968003646332019e-01 7.475082924695346520e-01 7.267027385178386201e-01 7.254319960814243906e-01 7.687538803986507796e-01 7.543958748109675927e-01 7.427076885068629730e-01 7.507394408044144596e-01 7.624022552567165656e-01 7.525378693816965336e-01 7.624641170693242653e-01 7.571665682294507205e-01 7.532673441586255070e-01 7.704974975336472687e-01 7.554785459337397535e-01 7.657919008680726947e-01 7.643870008784282577e-01 7.742294204502740973e-01 7.690956812243578966e-01 7.640712174871832074e-01 7.707760999639584609e-01 7.559747168216598423e-01 7.595616512942867660e-01 7.599933484797627425e-01 7.459068362121861195e-01 7.514897076667833575e-01 7.637482824475108067e-01 7.577453755758614129e-01 7.610718308919113273e-01 7.646216564046460773e-01 7.685483536595441034e-01 7.443031284341800058e-01 7.567107141224316269e-01
1.025150764225536415e-01 2.136604146202557286e-01 3.769832253733654825e-01 5.298961204103661560e-01 4.852232069832075889e-01 5.534449137885559811e-01 7.013535900268297318e-01 6.772577088033628900e-01 1.000000000000000000e+00 7.640508313551989117e-01 8.113055553452702684e-01 8.273217419855015686e-01 7.767556570912644842e-01 7.774592671084271656e-01 8.483048713810722452e-01 8.241289844274302112e-01 8.254183708683366927e-01 6.862658693858936232e-01 7.455586905132587372e-01 6.058373879663010442e-01 6.586007949757289870e-01 7.712817268953678917e-01 7.269864131013060726e-01 7.341900250448739618e-01 7.307449419433552640e-01 8.360815153356953022e-01 8.222562248773647164e-01 8.226252030984810837e-01 7.538052580307346151e-01 8.162976575804652413e-01 8.415847310391604275e-01 8.474429112035574141e-01 7.884781362024279039e-01 8.354951604484477379e-01 8.273912340683818867e-01 8.363597806087785802e-01 8.367405457056732443e-01 8.450274167467569653e-01 8.674343305131910764e-01 8.342728415535967113e-01 8.676122073477690044e-01 8.594466998217178411e-01 8.507175171669034697e-01 8.776034672337678089e-01 8.706430135415978988e-01 8.655067407357137643e-01 8.841657077415152610e-01 8.936246517412140822e-01 8.835988190034158585e-01 8.493424521641685931e-01 8.593076653281620514e-01 8.511447200683637249e-01 8.730419006230932810e-01 8.927320257108790624e-01 8.759682899109355603e-01 8.745850125055435464e-01 8.757990829779818132e-01 8.765206546009802757e-01 8.731184768109141459e-01 8.948139144487209373e-01 8.797931707662431933e-01 8.863055836481195104e-01 8.767231508085020497e-01 8.803984926519330401e-01 8.914051618750674644e-01 8.940476162620596412e-01 8.917066464881244769e-01 8.867390607616163489e-01 8.858513594293661031e-01 8.706746117783454864e-01 8.712952669188960275e-01 8.862420746454032772e-01 8.780147456154842045e-01 8.777986873143749369e-01 8.862595696925238409e-01 8.861142032924675949e-01 8.811113881130521186e-01 8.711268435109147390e-01 8.762499560797475384e-01 8.809563905112282045e-01 8.808506203661872203e-01 8.837864269207100776e-01 8.861266519309183298e-01 8.827014563392132640e-01 8.769285632880152725e-01 8.854851844072436640e-01 8.859187575202827070e-01 8.800821326158042579e-01 8.841061236168957782e-01 8.858896874839640168e-01 8.757060644812044714e-01 8.812858762140999280e-01 8.839139174188539450e-01 8.829635558383912564e-01 8.836605842364744223e-01 8.874084881150472448e-01 8.572377961607539065e-01 8.809519121293005739e-01 8.799604345798270888e-01 8.735958882373739964e-01 8.738198841292176278e-01 8.820273507711521299e-01 8.822042826176879071e-01 8.848857188026862941e-01 8.875060882076128976e-01 8.853757431475898221e-01 8.875207748720235212e-01 8.906053754344732676e-01 8.895519728356509059e-01 8.870698205148120907e-01 8.814604235772186547e-01 8.916690572545002968e-01 8.885115469807630673e-01 8.873875011813568969e-01 8.974729592816460544e-01 8.918532011892627009e-01
7.380045749248730080e-02 2.329982236625005032e-01 3.443034934282885873e-01 4.553840206012201297e-01 4.306193565653246291e-01 5.165753703731200686e-01 6.649174972175644349e-01 6.299786750364247956e-01 7.640508313551989117e-01 1.000000000000000000e+00 7.359944344299917951e-01 7.585902865932310224e-01 7.085359221187049750e-01 7.073626253162772493e-01 7.916173860639439397e-01 7.552809320750279998e-01 7.583693761050087634e-01 6.546683068691974139e-01 7.035906983448756424e-01 5.488128851530805763e-01 6.123757327397587602e-01 7.175982850636293264e-01 7.082012844066007951e-01 7.067568802432058206e-01 6.856423090793419828e-01 7.952099173706577151e-01 7.811555033079566890e-01 7.951928751853502009e-01 7.457950154166984591e-01 7.842461667677523840e-01 8.048255112212928664e-01 8.040100009185732199e-01 7.716274200032823272e-01 8.046669873756686631e-01 7.946900520729772710e-01 7.861400549371846402e-01 7.952312599206493582e-01 8.040528016438215353e-01 8.262362115379626726e-01 7.873954217484706586e-01 8.149690871036092688e-01 8.044179667082627105e-01 7.771259642367631670e-01 8.120897309308833245e-01 8.102277095036618526e-01 8.092961394441874345e-01 8.168048283551283539e-01 8.296394102443220842e-01 8.196690958085146583e-01 7.835263968004907431e-01 7.959209388588960321e-01 7.655421084285365385e-01 7.998924099581621316e-01 8.245223667024130787e-01 8.164295948380887458e-01 8.153414743533065057e-01 7.986050190773698043e-01 8.131064277053786649e-01 8.123616162681102093e-01 8.164595415074592522e-01 8.046005868732899469e-01 8.131926303243836029e-01 8.041554610315174711e-01 8.099068277865923982e-01 8.106222423979323466e-01 8.119930741305710908e-01 8.260827054313945039e-01 8.260483206572590831e-01 8.293449936409920120e-01 8.024066856695165617e-01 8.102669970518509013e-01 8.248100911446881733e-01 8.218881462056391030e-01 8.170489003937033701e-01 8.265436488976277696e-01 8.272341273243070114e-01 8.240243907538510326e-01 8.271714118740752797e-01 8.206533149478981715e-01 8.317741005191335857e-01 8.274534237841325579e-01 8.304921548078786353e-01 8.255331925883114819e-01 8.297099441948856402e-01 8.171574762687056070e-01 8.291589376782423360e-01 8.308568637399309509e-01 8.205971047505028482e-01 8.276849747871083407e-01 8.211658415732191463e-01 8.169155311105461559e-01 8.162335290643772945e-01 8.218493127264102638e-01 8.216685916972801262e-01 8.175681670862503525e-01 8.221336946714440375e-01 7.849260641153743556e-01 7.989652165094962566e-01 8.108889967230318296e-01 8.108677515053898111e-01 8.019358713543416339e-01 8.069727936608226404e-01 8.081219065028176773e-01 8.145212068229424895e-01 8.164962795198525969e-01 8.073831752407631956e-01 8.163553503889925400e-01 8.253344564170732589e-01 8.239922949988165435e-01 8.185320601228129878e-01 8.140467026313301657e-01 8.199875647377010690e-01 8.154254130900570052e-01 8.156490640835518668e-01 8.275423493763315319e-01 8.123313561338402211e-01
3.421350155835246876e-02 1.776715656101381935e-01 3.796779459230661957e-01 5.680706411923382992e-01 4.615640615116666789e-01 5.870091559245362856e-01 7.266377204471842211e-01 7.022954050511822643e-01 8.113055553452702684e-01 7.359944344299917951e-01 1.000000000000000000e+00 8.538821129322261561e-01 7.753234862456070964e-01 7.857770093753571050e-01 8.692603250328639897e-01 8.434656087398492152e-01 8.022764480695026013e-01 6.587750492913500011e-01 7.243778206554452037e-01 5.867963778502661709e-01 6.511552618773948087e-01 7.597832839754964374e-01 7.131669305248178325e-01 7.229397153607582949e-01 7.260521404232961329e-01 8.360971350086552345e-01 8.184713527111600051e-01 8.352649492594407254e-01 7.489627422856436345e-01 8.147638469975114761e-01 8.503022809073921273e-01 8.464701309709056209e-01 7.918584943326230086e-01 8.408307409694252277e-01 8.213584581094020010e-01 8.359709322933028819e-01 8.311337894192887266e-01 8.657209787664658096e-01 8.796572740276914493e-01 8.701730128017421961e-01 8.835435366094777088e-01 8.849182116063488701e-01 8.738709946594312994e-01 8.957092012937597492e-01 8.857672805214943379e-01 8.848684707859058030e-01 8.931697108759629744e-01 8.898529432244142168e-01 8.918073163389931279e-01 8.714991234178870450e-01 8.801679614911471772e-01 8.668472264444923026e-01 8.848050828727173078e-01 8.798614707385380429e-01 8.778860541335002932e-01 8.849416837025981808e-01 8.817167325111815446e-01 8.839768845643745099e-01 8.827666643045889439e-01 8.880741581224830261e-01 8.938940285048325718e-01 8.853041673854687987e-01 8.848675247584372183e-01 8.859058442940298539e-01 8.776236719353245341e-01 8.811237428439255837e-01 8.918338884243868225e-01 8.821203639032804134e-01 8.801104325837277864e-01 8.635849531964386872e-01 8.734598115641921678e-01 8.844167184208693300e-01 8.791936848269160665e-01 8.800465779989684600e-01 8.977312637969820930e-01 8.923549306408147253e-01 8.934499420551701432e-01 8.744404311885631831e-01 8.931029938324430706e-01 8.799343635013844311e-01 8.858662350793908846e-01 8.918820830897394858e-01 8.932151552917996229e-01 8.864372483722487983e-01 8.925895123089714334e-01 8.877099837108913816e-01 8.872477445760938997e-01 9.003277586638734897e-01 8.959070357289399267e-01 8.928040773142952302e-01 8.984040945837208358e-01 9.001597938708880697e-01 8.974570941925055223e-01 8.985128486409126314e-01 8.929139456742442027e-01 8.946589890380107768e-01 8.866096168951403955e-01 8.824440236583925845e-01 8.931465454699514250e-01 8.948205982024542982e-01 8.958026494945962037e-01 8.920819951403501369e-01 8.936127026160333164e-01 8.960263225097688800e-01 8.948055125069528382e-01 8.895860844564094094e-01 8.930451035568792717e-01 8.948560965364142916e-01 8.963242832214662892e-01 8.948062066293104300e-01 8.936517183746275350e-01 8.937072042689923057e-01 8.949041817303539093e-01 8.935633676092630262e-01 8.895555683829411420e-01 8.900134169774464032e-01
7.720034695139630504e-03 1.442753466643462990e-01 4.004533020455574022e-01 6.463407161952438029e-01 5.191852301628289146e-01 5.922718112626620401e-01 8.035307736765728848e-01 7.764593516531739237e-01 8.273217419855015686e-01 7.585902865932310224e-01 8.538821129322261561e-01 1.000000000000000000e+00 8.180250869507319500e-01 8.237667413307637743e-01 9.214319002231519118e-01 8.985289296575060813e-01 8.121076130361856160e-01 6.317307559172887776e-01 7.032008384314830662e-01 6.096840978162385571e-01 6.378367264859884367e-01 7.383310107397367261e-01 6.815440613065326669e-01 6.969137917667621585e-01 6.844731347088559570e-01 8.356766502322291457e-01 8.193961845903516839e-01 8.363180418889304413e-01 7.345351160069671925e-01 7.965608845042716490e-01 8.456120214130239399e-01 8.483239727834450683e-01 7.833894266670522466e-01 8.306593427646852268e-01 8.096715305001846996e-01 8.376677152884000055e-01 8.138726840043052357e-01 8.969893113474438628e-01 9.026799645145621165e-01 8.917497548334967217e-01 9.070131493070822115e-01 9.183187485892472246e-01 9.155842129232538706e-01 9.330945699655364134e-01 9.005962385671422155e-01 9.171345511263330197e-01 9.316009965544835847e-01 9.206941380012169107e-01 9.319723637241774661e-01 9.105720919670776681e-01 9.257143897222138706e-01 9.050057231096748644e-01 9.231325860199307565e-01 9.021200169912928502e-01 9.018029611603654017e-01 9.035106882605336009e-01 9.204058580843645920e-01 9.198314410277855790e-01 9.165191362568233524e-01 9.328079529829989003e-01 9.366133644599999863e-01 9.236561670435209370e-01 9.243085008437429417e-01 9.296733706363378147e-01 9.145852398021160345e-01 9.152182510775865865e-01 9.197292544335939901e-01 8.983846857608246417e-01 8.915317221837627537e-01 8.874951713665379938e-01 8.852168138231937267e-01 8.999135046638624402e-01 8.876731010649249187e-01 8.901422061246515582e-01 9.207147937020694339e-01 9.113107463678841169e-01 9.136290079955605714e-01 8.883525258055793294e-01 9.182023689930864929e-01 8.915189942126277023e-01 8.941061384346095098e-01 9.115323224247139366e-01 9.113396793930291784e-01 8.983970970979671122e-01 9.140872412773439759e-01 8.983994720885664087e-01 9.022336714178060824e-01 9.305341709912369197e-01 9.226330314502135810e-01 9.140541270943655094e-01 9.207010122136156660e-01 9.313430673632450141e-01 9.267913351677922185e-01 9.298775483695316257e-01 9.284759019849982975e-01 9.275238892076742570e-01 9.253437813116099919e-01 9.179676885976406631e-01 9.306348087636703292e-01 9.284772444439881589e-01 9.324124817337464677e-01 9.318081690253939842e-01 9.313927204892850087e-01 9.371749274412030095e-01 9.267858693486351607e-01 9.249467116097149777e-01 9.286199935592428512e-01 9.204098984075520518e-01 9.218429480916150442e-01 9.311527287912870765e-01 9.246265566956191062e-01 9.306704823134682725e-01 9.303397132735607977e-01 9.318251842441422905e-01 9.186818468209067001e-01 9.272632700710826681e-01
2.859779996041422745e-02 1.403024986827755005e-01 3.515989897053104496e-01 5.419462136052533019e-01 5.170398397067622609e-01 5.574258194523343812e-01 7.139787049375410088e-01 6.930133015522900175e-01 7.767556570912644842e-01 7.085359221187049750e-01 7.753234862456070964e-01 8.180250869507319500e-01 1.000000000000000000e+00 7.617890219041953959e-01 8.476531017289974379e-01 8.301106918383948097e-01 7.598989740048912589e-01 6.041138114519689628e-01 6.690159754412415838e-01 5.491360491293745261e-01 6.097589531771249183e-01 7.064132529433665431e-01 6.447930313104689448e-01 6.692669292315741592e-01 6.707126221351195072e-01 7.809190728050400265e-01 7.661079753748224475e-01 7.757900400932170593e-01 6.944602758081570570e-01 7.521932897170254817e-01 7.877063471149464702e-01 7.870524924412639622e-01 7.355696127524816719e-01 7.810389146231481172e-01 7.703485523308333249e-01 7.889310441482116909e-01 7.759681969703520199e-01 8.185264091560029431e-01 8.379005010415907506e-01 8.149016871480422308e-01 8.362099244189002967e-01 8.425753802805666659e-01 8.376966735995829971e-01 8.569877166129247215e-01 8.351691170368304995e-01 8.422092677197368094e-01 8.565230900694419391e-01 8.549774952515012405e-01 8.563672072031026650e-01 8.317822529571484713e-01 8.414240458632427089e-01 8.305912679317131175e-01 8.518654245341663600e-01 8.389293643109614340e-01 8.292642484836671990e-01 8.341234448342963459e-01 8.394796133941281324e-01 8.442661311020512871e-01 8.333833246676096707e-01 8.634932943137647587e-01 8.603043518601951600e-01 8.459002883695672104e-01 8.456664048089044261e-01 8.552004256507119706e-01 8.493820052520206776e-01 8.489181965998598978e-01 8.542762110709170020e-01 8.391238153679495548e-01 8.335151456301996831e-01 8.234941492148338815e-01 8.326320304012011508e-01 8.435854109356623054e-01 8.323490745469371843e-01 8.398826594034841664e-01 8.536410778963234858e-01 8.485014740983267689e-01 8.465157738562728573e-01 8.271667562346493030e-01 8.482411697451121002e-01 8.361567313545225089e-01 8.395541550025790167e-01 8.475999317581024428e-01 8.470250327831102544e-01 8.414802459671126833e-01 8.475403722503369597e-01 8.421047529895464567e-01 8.455447168985152917e-01 8.591195960891048200e-01 8.564492282156985770e-01 8.507725712996575540e-01 8.503021607210333732e-01 8.595482557152214209e-01 8.586226804324379458e-01 8.588144799831280984e-01 8.592476975768293945e-01 8.590538885923738599e-01 8.496637112482943177e-01 8.477233829727144343e-01 8.620143966722493278e-01 8.541269880441827445e-01 8.609887097653680099e-01 8.611215132151345264e-01 8.590525445197672028e-01 8.650188342457715285e-01 8.603708369537738099e-01 8.579716242519579428e-01 8.599893283664629129e-01 8.568507362927171300e-01 8.554280489525061260e-01 8.604652670380837920e-01 8.558815839639332124e-01 8.653963479296534755e-01 8.620756537916258733e-01 8.640344680638546437e-01 8.537402599672905268e-01 8.603455771662357199e-01
