1.000000000000000000e+00 1.455108739872756629e-01 2.905532311695082637e-01 1.623245103821164548e-01 1.461871346985718356e-01 7.606900584078869765e-02 1.593764326087577232e-01 8.072673727219528694e-02 2.448651889748558186e-01 6.328674587409677255e-02 1.082447435461573321e-01 6.913095514938208397e-02 6.017198402605479501e-02 4.637421546241707326e-02 9.533037407092669058e-02 6.541493093619078769e-02 2.075080133126000759e-01 3.745731873022594693e-01 2.963281249480395063e-01 3.537221757777402331e-01 3.533679544164262665e-01 3.160108852136288560e-01 3.160490841837988452e-01 3.536059213660978084e-01 3.099333236096878941e-01 2.560363914054812340e-01 2.761214124809330261e-01 2.715849369098263799e-01 3.147952858807503418e-01 3.231205884285947016e-01 3.194633062154081937e-01 2.542675620847978379e-01 2.213611389245334626e-01 2.761392676019546744e-01 2.097177312611045452e-01 2.855599619456744009e-01 2.625932002697677903e-01 1.484149352755138040e-01 2.178145092551287965e-01 1.507026780321967518e-01 1.071779349335119091e-01 9.357471978009909708e-02 1.547443339904868709e-01 1.259442083082206454e-01 1.845280782041098244e-01 1.539201643294868527e-01 2.918792728134549791e-02 4.783663548937119869e-02 7.766625711066309223e-02 1.411885797891313798e-01 1.200023865837929193e-01 1.242407906232925185e-01 6.136845742428657241e-02 8.960702117446964210e-02 1.089146953894092329e-01 1.487425328082403464e-01 1.242310644989888246e-01 4.148643077088135650e-02 5.428975301064375286e-02 5.216916568261428799e-02 8.284133098742878232e-02 7.434295178895757028e-02 8.505530799647717521e-02 9.744654931185245395e-02 1.259094167273712983e-01 1.058080002224534993e-01 6.778515399613214976e-02 1.392790708432306568e-01 1.363064722461787004e-01 1.732927084102779958e-01 1.518207437223877687e-01 1.251361885782684702e-01 1.478490584390016460e-01 1.475508552490786551e-01 8.752061739053715317e-02 1.107196347004978515e-01 9.797689045078157577e-02 1.380043936029212992e-01 1.158843989103128108e-01 1.687651369760005682e-01 1.414810274504540166e-01 1.502080445600271763e-01 1.223911256107440143e-01 1.218056996786228835e-01 1.112629601052036593e-01 1.299973685875414620e-01 1.440549533678329164e-01 7.088134169440897525e-02 9.388083646198806809e-02 9.513955418163830280e-02 7.124771331779983230e-02 3.938219950230925637e-02 7.404248671269329785e-02 7.894256413946841577e-02 1.835283603583377429e-02 3.093136617376684300e-02 4.437824745822456507e-02 7.065911340411414054e-02 3.810570591751054337e-02 5.102480813744077193e-02 4.616653798281902116e-02 6.069908636802775342e-02 3.985255999604898902e-02 3.602618803534572006e-02 7.818847620179375513e-02 5.300243684310210202e-02 5.400256860419171828e-02 4.544386796899679837e-02 4.769304547832101809e-02 1.664044806423609427e-02 1.905218649640063808e-02 2.460241135203409396e-02 3.953836524279783632e-02 5.153682577650665897e-02 7.038143822035872188e-02 6.144900311666989801e-02
1.455108739872756629e-01 1.000000000000000000e+00 9.789043659341448156e-02 3.731077091950394525e-02 8.443416393596038516e-02 1.092189114959705165e-01 1.659036883392279171e-01 1.012138057864347546e-01 2.089302022099542300e-01 2.350323527971432680e-01 1.466866101725304294e-01 1.191117975836733095e-01 1.248392159382320232e-01 1.210368861010808067e-01 1.517636705639139605e-01 1.365594329102605975e-01 1.547682650452547326e-01 1.807605725348734593e-01 1.381932941406205095e-01 1.463919270645190340e-01 1.409260663592322160e-01 1.249677133089765746e-01 2.507909578673201412e-01 1.718683803103212004e-01 1.299964623597660573e-01 1.969002007326506598e-01 1.685220840143999421e-01 1.957792331020626053e-01 2.051127276479075001e-01 2.053976493733921938e-01 2.128056641309298558e-01 2.303930828824563293e-01 2.013600443611357760e-01 1.840120879602444304e-01 1.782739581363797510e-01 1.677348395786437685e-01 1.884906905222833995e-01 2.003858151518103370e-01 2.058514809407797075e-01 1.738527531580058016e-01 1.806162875654409306e-01 1.719292694534321209e-01 1.196158565592663620e-01 1.517458165760512956e-01 1.626710816272520788e-01 1.881363744331217280e-01 1.460245938867247850e-01 1.775201005161309575e-01 1.558072084170867566e-01 1.409860226882554135e-01 1.485722364135041718e-01 6.559018049049750165e-02 1.041622118953254850e-01 1.868906607392892272e-01 1.665656260876472727e-01 1.761635891599671044e-01 1.352029719726384194e-01 1.625691757031762774e-01 1.687154014731902518e-01 1.457751181565941911e-01 1.361775020104672440e-01 1.619460754206066277e-01 1.439035762769570737e-01 1.389121103262351553e-01 1.418774686251075556e-01 1.422793517808191299e-01 1.696801618870552308e-01 1.792542968255840252e-01 2.106792418341144335e-01 1.593182838875147334e-01 1.440305441755654337e-01 1.475647020055307901e-01 1.731664573275921992e-01 1.444503127339017146e-01 1.617437797342467787e-01 1.588359654593645420e-01 1.709387355564601085e-01 1.832252262037443180e-01 1.741466925052225501e-01 1.780467225126192155e-01 1.668845999599050112e-01 1.819163157282421561e-01 1.877782025398796739e-01 1.692408575536107074e-01 1.698213454042957760e-01 1.669272260127414031e-01 1.718836349997259205e-01 1.745425771047287300e-01 1.721955481462603688e-01 1.859086542413295462e-01 1.544054310530870999e-01 1.557020764946747959e-01 1.493781918952971077e-01 1.643768606791480846e-01 1.501958631346504980e-01 1.648738563458048978e-01 1.208267789440935214e-01 1.095974035499877042e-01 1.349021377061112581e-01 1.490730615104416401e-01 1.309559008219318699e-01 1.357409333764024173e-01 1.272202242167280173e-01 1.368754945776665122e-01 1.317581360792774714e-01 1.375652891476158990e-01 1.477060648983370417e-01 1.715031591212351492e-01 1.687818784581080478e-01 1.446944583029265707e-01 1.610088270846822545e-01 1.449898925946337125e-01 1.627777983391247296e-01 1.412029144942329728e-01 1.493243792152316729e-01 1.446017315403707315e-01
2.905532311695082637e-01 9.789043659341448156e-02 1.000000000000000000e+00 4.206659709328277597e-01 3.092283004269140712e-01 2.830342034742267532e-01 4.130283756316834864e-01 3.538415424017816169e-01 4.025804495168059938e-01 2.798627340850770029e-01 3.975224865536074459e-01 4.068898448807178880e-01 3.327725522302237837e-01 3.097933270768833403e-01 3.902922785963088836e-01 3.710338157454144969e-01 3.899824598196924841e-01 3.944441169601367592e-01 3.973587144900451729e-01 4.408487444507471209e-01 3.997880870418716870e-01 4.491297777547291203e-01 4.017381733672973909e-01 4.139888043505950965e-01 4.249926059058447558e-01 4.299784190631373293e-01 4.604004222100260280e-01 4.293978261813832797e-01 3.874548070732943827e-01 4.252753177752114366e-01 4.720880700146503073e-01 4.134178443284421967e-01 3.779533076901966937e-01 4.250253979873424570e-01 3.680813702574867174e-01 4.678258734816956865e-01 4.531229109299929614e-01 3.556111471994246043e-01 4.225416100398143304e-01 4.129860820582117453e-01 3.799923799251812562e-01 3.859102626650418588e-01 4.198511075210580312e-01 4.061980714366836276e-01 4.443040321101840440e-01 3.944166353433505856e-01 3.380829322565143125e-01 3.269316426295220124e-01 3.629672390125940895e-01 3.787616312072454861e-01 3.709976457806242189e-01 4.071383470953363060e-01 3.627158369595575027e-01 3.357139969317245454e-01 3.449504826688005177e-01 3.734168065898054167e-01 3.730250417986145650e-01 3.329736679229437502e-01 3.172382182814218465e-01 3.494268805109793652e-01 3.634509063931041228e-01 3.422991459138812198e-01 3.545782981999610617e-01 3.720342839999244422e-01 3.827274012570175965e-01 3.797830782392138671e-01 3.466398618697827394e-01 3.805848909477296260e-01 3.792137795427073521e-01 4.252746126756087319e-01 3.984020221447818755e-01 3.895463150413608910e-01 3.774770119614336839e-01 3.900263999376268886e-01 3.735971895204393545e-01 3.811791224451921423e-01 3.676945214917979876e-01 3.682602874329719556e-01 3.746894770915732420e-01 4.040217538318581214e-01 4.019736138496853850e-01 4.102218195737893369e-01 3.680533524505512633e-01 3.647278750454800988e-01 3.711666286337305110e-01 3.798865557139140536e-01 4.114397079638992816e-01 3.507005922140206677e-01 3.734118636660114787e-01 3.667558761577452420e-01 3.689454113406467894e-01 3.483742386204130015e-01 3.781748642338273458e-01 3.657327535903731608e-01 3.273833488077821929e-01 3.290959445812992046e-01 3.562650365179736989e-01 3.552426347840336174e-01 3.386383971945144400e-01 3.494097286216827913e-01 3.660063113503049248e-01 3.562197765224147661e-01 3.496258005382175127e-01 3.518205179671569649e-01 3.753355938872003361e-01 3.422323705529027871e-01 3.451683308253521987e-01 3.311031847684766660e-01 3.325712295549274056e-01 3.329192522112098818e-01 3.207153095920626806e-01 3.342196559941737477e-01 3.306008696348222697e-01 3.465376641958099468e-01 3.532396888957018977e-01 3.521658918374943048e-01
1.623245103821164548e-01 3.731077091950394525e-02 4.206659709328277597e-01 1.000000000000000000e+00 3.880701387938511604e-01 4.019158371201000945e-01 5.938531585408181046e-01 5.510694238474277418e-01 4.460840386677266678e-01 3.613702814490134529e-01 5.340311369610706294e-01 6.557387633894327106e-01 4.913480294184351393e-01 4.523498312524167897e-01 5.507943647712175705e-01 5.430235135573404648e-01 4.360169461691599802e-01 2.618462940498521019e-01 3.603592584624684125e-01 4.382308241006068750e-01 3.557445496630045612e-01 4.908142668004723541e-01 3.362535716087457494e-01 3.437893000848193936e-01 4.448999440617998347e-01 4.855707816814140432e-01 5.072042023874384631e-01 4.346449954745718047e-01 3.531941529317187412e-01 3.967850745282995861e-01 4.929627606326530964e-01 3.757743295326194666e-01 3.646251358492266226e-01 3.988554414544469573e-01 3.503082088276240902e-01 4.819027450821958825e-01 4.506824609004660975e-01 3.955237437406226575e-01 4.568008680785914377e-01 5.314932038942172809e-01 4.884291406739484365e-01 5.023445169692822843e-01 5.292880619803624898e-01 5.386918660712955997e-01 5.512768264065466273e-01 4.925084200036588533e-01 4.711875094453129020e-01 4.305474163514318997e-01 4.689884128498322258e-01 4.595194793655703047e-01 4.598808194260186610e-01 5.677157214116962392e-01 5.266543679289619195e-01 4.056076076618934656e-01 4.144214397232230951e-01 4.500130163764510249e-01 4.703056533423327079e-01 4.547154863656311385e-01 4.156762608374027779e-01 4.850732716091826213e-01 4.810787262649103835e-01 4.481499477382684393e-01 4.637691911756671170e-01 4.870293457406176807e-01 4.829367347042068936e-01 4.944001597410487836e-01 4.540724197742197488e-01 4.395018054867577129e-01 4.319257989394627573e-01 5.311744446154814669e-01 4.967809860257334509e-01 5.015972091556305523e-01 4.406384195293609474e-01 4.863746416089395619e-01 4.970683329705280484e-01 4.881768560147396463e-01 4.696835256435322736e-01 4.467998475158590499e-01 4.864283361736900235e-01 4.776379860588754744e-01 4.769966431356932324e-01 5.005213340911354170e-01 4.507810783011938494e-01 4.317011524148224311e-01 4.572135681667325868e-01 4.538592909934002217e-01 5.013054929359298528e-01 4.624589641350239644e-01 4.809574555471345381e-01 4.711211005385891881e-01 5.018670898121923019e-01 4.894813758103736534e-01 5.164757997294291414e-01 4.920824434937285385e-01 4.694656436579743297e-01 4.556515073795571746e-01 5.183162312321054621e-01 4.978751660736436269e-01 4.772749851297355406e-01 4.778554459288844036e-01 5.212869847333861939e-01 4.877373605919039790e-01 5.091661967508787079e-01 5.084561427872914541e-01 5.209811646818983677e-01 4.795917145135463189e-01 4.735235849726297519e-01 4.442714784915658410e-01 4.456603820214591893e-01 4.789771766650415818e-01 4.532006555465324382e-01 4.797179696602482668e-01 4.609341157475301820e-01 4.805223303896847264e-01 4.741641630374437977e-01 4.889209111996225543e-01
1.461871346985718356e-01 8.443416393596038516e-02 3.092283004269140712e-01 3.880701387938511604e-01 1.000000000000000000e+00 3.519364606207084356e-01 4.959751294671822519e-01 4.764619273385330422e-01 4.515218765031595582e-01 3.695559229690242309e-01 4.755998667659677714e-01 4.993537888766131361e-01 4.746122081775651091e-01 3.945590965216893009e-01 5.099448032240107009e-01 4.923463115213276842e-01 4.507866529962800128e-01 3.402321518395762245e-01 3.933588665173473053e-01 3.916967293016201945e-01 3.859545723228318126e-01 4.702505549085071457e-01 3.898002961951895218e-01 4.055971460089508041e-01 4.627514397786220979e-01 4.826846324199974836e-01 5.043101476000064753e-01 4.697402101100070504e-01 4.230305263702004437e-01 4.577480576861879258e-01 4.938712647678772938e-01 4.359138577094440192e-01 4.231990751516425675e-01 4.588970848253988155e-01 4.308430337183644654e-01 4.919925321027790455e-01 4.868993356203620837e-01 4.535002577650444899e-01 4.839003217687772862e-01 4.916890016973507471e-01 4.757613769538954207e-01 4.885636140684589956e-01 4.997332248776176211e-01 5.016669757766488713e-01 5.141001335864396893e-01 4.951747799798126848e-01 4.647300171574907379e-01 4.502119788525941191e-01 4.727376236042728497e-01 4.786329929886118384e-01 4.755321603443538603e-01 5.146158439620797109e-01 4.817313493282149306e-01 4.497802718044577874e-01 4.511277362217453457e-01 4.657023941236482778e-01 4.770722454160296055e-01 4.568371566259979977e-01 4.423922359281433070e-01 4.692668722559780181e-01 4.795508970229928614e-01 4.574014742851661430e-01 4.648993471588228621e-01 4.802640449802877964e-01 4.824274343481442795e-01 4.835678943374473460e-01 4.593275872323675513e-01 4.614357064227391225e-01 4.579978713091615861e-01 4.925468819238534302e-01 4.864224811491498768e-01 4.946363050664233652e-01 4.600781292833839853e-01 4.895181492515885413e-01 4.849435698631403557e-01 4.807351101879184241e-01 4.728753671601465536e-01 4.645886080843353305e-01 4.825553892022294011e-01 4.818726283499250029e-01 4.887235098468575845e-01 4.945549221766346037e-01 4.659810670566620350e-01 4.615565437734354126e-01 4.699594161360761690e-01 4.741184889887296583e-01 4.997374788902808618e-01 4.645815294254753702e-01 4.789552454340825771e-01 4.692365056518073563e-01 4.814770969419092661e-01 4.715802846064688914e-01 4.876339914617399129e-01 4.807330694894060841e-01 4.583467533415157003e-01 4.565168092701669122e-01 4.780479958056708112e-01 4.831646381577532345e-01 4.681668062657183826e-01 4.676325835641203521e-01 4.875840510388964599e-01 4.755773816943896226e-01 4.809734707088516581e-01 4.780332643859081521e-01 4.918262045044808350e-01 4.652971242549627795e-01 4.686947779345100318e-01 4.584161780520458196e-01 4.576682024417041972e-01 4.603634786024225489e-01 4.509235609387525767e-01 4.623688699849990980e-01 4.540565968908695793e-01 4.692133854583719899e-01 4.743455077040927836e-01 4.729841549606678131e-01
7.606900584078869765e-02 1.092189114959705165e-01 2.830342034742267532e-01 4.019158371201000945e-01 3.519364606207084356e-01 1.000000000000000000e+00 5.494485578854902963e-01 5.113735213537637936e-01 5.365134659262784655e-01 4.708012867159664938e-01 5.700379088103817438e-01 6.044396643434457594e-01 5.464802622106623708e-01 5.351832653634486237e-01 6.055618543168508339e-01 5.940053135950968954e-01 5.336678885711096942e-01 3.598938277424045262e-01 4.424868071459459040e-01 3.971422929576889915e-01 3.784566880065977634e-01 4.969423689108199982e-01 4.370373079586171161e-01 4.389964338135002309e-01 4.839525025779275458e-01 5.574042746252509950e-01 5.713357619091251616e-01 5.519048744884326174e-01 4.938855672287380538e-01 5.268692189260043568e-01 5.653242229316206569e-01 5.263586604007394198e-01 5.071385873629993268e-01 5.287800703224313503e-01 5.263663127316651202e-01 5.508940503619970119e-01 5.598884028103001675e-01 5.629757437589443247e-01 5.855242414750665425e-01 5.900656073157780623e-01 6.095395061226841493e-01 6.028435057472887326e-01 5.722471995448769055e-01 6.144176305968721552e-01 6.107165850428349918e-01 6.081772788848816003e-01 6.064034256210888429e-01 5.928238228247040276e-01 6.032122702669400205e-01 5.757916130822384737e-01 5.834750139013663572e-01 5.818324024004319917e-01 6.006931244008529847e-01 5.855294888803551645e-01 5.781390587034755946e-01 5.855137357974341539e-01 5.929880689074776834e-01 5.944623224916487647e-01 5.860114397981219803e-01 6.072515323559992684e-01 6.021178803388186340e-01 5.968991317929210894e-01 6.001528814948331458e-01 6.034704631658928120e-01 6.015211533658928467e-01 6.065758338273125050e-01 6.023230471872232927e-01 5.874857241062173552e-01 5.812340484129578932e-01 5.903210276482864227e-01 5.896979176361207831e-01 6.042116575274051327e-01 5.762915626785870549e-01 5.911368178659820449e-01 6.138392058746282576e-01 6.101999315476762664e-01 6.042548634682325392e-01 5.944026963459053681e-01 6.150217312427364025e-01 6.016365217692860590e-01 6.052601246609349284e-01 6.143975069610285722e-01 5.949598000190572389e-01 5.885220413762751734e-01 5.970138193551766115e-01 5.965802057607108022e-01 6.108151768424932015e-01 6.091519738288471153e-01 6.115074133178872717e-01 6.052033854875943364e-01 6.154074447219376465e-01 6.124013132926001690e-01 6.194229367755669236e-01 6.195552267879106401e-01 6.074014658455536564e-01 6.056387072660498472e-01 6.102681717936750960e-01 6.035719403713105669e-01 6.061576038539939759e-01 6.040330787547406599e-01 6.119090222679200997e-01 6.090963557929524042e-01 6.124562576022871685e-01 6.151757589539740279e-01 6.153608443429525732e-01 6.060729718113223585e-01 6.087017349367939145e-01 6.036251714800122681e-01 5.992873051694465047e-01 6.069487180984839414e-01 6.015710214042319093e-01 6.081480893066244509e-01 6.047367163150134672e-01 6.087210035819828891e-01 6.094290234048301835e-01 6.090892170390007632e-01
1.593764326087577232e-01 1.659036883392279171e-01 4.130283756316834864e-01 5.938531585408181046e-01 4.959751294671822519e-01 5.494485578854902963e-01 1.000000000000000000e+00 7.284045063067212666e-01 6.879555081799195726e-01 6.092566026991166339e-01 7.344296513270481830e-01 7.768661447610304416e-01 7.068753637039147941e-01 6.568325241333416997e-01 8.254620681620610245e-01 7.764198822065043748e-01 6.817086747318208406e-01 4.780226826316211763e-01 5.773865135932151338e-01 5.477827599649307544e-01 5.087682465415601651e-01 6.669939358795382578e-01 5.690079960147401694e-01 5.677059176231331605e-01 6.385507544273038016e-01 7.071846988687219282e-01 7.330406189551291751e-01 7.029696918041271614e-01 6.352520538433059638e-01 6.483462945283322565e-01 7.351518362655831140e-01 6.641963971882063333e-01 6.276962159335578439e-01 6.579580706895956643e-01 6.319957214677756063e-01 7.073207680877846570e-01 7.053608116408462969e-01 6.938534715089464955e-01 7.236727353601274393e-01 7.529265915923800678e-01 7.593180802083056014e-01 7.604076411149013337e-01 7.326318162822499369e-01 7.808749699167080172e-01 7.827114155130533435e-01 7.678509578774190825e-01 7.461536523486654859e-01 7.284348047587821950e-01 7.417852537983538053e-01 7.075643882141978702e-01 7.210050299364907378e-01 7.485411695904841123e-01 7.522882443639349326e-01 7.021891761792410369e-01 6.940657378695925805e-01 7.199488713346717805e-01 7.291629123937360957e-01 7.312373226852956209e-01 7.124415887228373601e-01 7.506339460817221809e-01 7.468308948782274026e-01 7.315408125889613089e-01 7.352117783817939678e-01 7.501078956133351294e-01 7.568797794078953034e-01 7.527609681347288140e-01 7.396982455022721448e-01 7.309418085982715141e-01 7.256649370897717555e-01 7.578657133493268416e-01 7.474288433796527631e-01 7.655790752018921674e-01 7.203817900627628168e-01 7.428409862927332075e-01 7.641394301962196600e-01 7.585017982726006691e-01 7.531590614058837341e-01 7.377852175404460144e-01 7.617950723665826152e-01 7.528923863368354175e-01 7.527940577063186867e-01 7.728475995215907668e-01 7.390711899554475162e-01 7.183576041066834783e-01 7.312501136358542375e-01 7.345154468344247123e-01 7.677926948190161305e-01 7.448662834281660761e-01 7.584450620832650092e-01 7.478794727358608618e-01 7.594979463619332405e-01 7.577151058038460452e-01 7.714195404521977384e-01 7.659705973468055040e-01 7.423721176425469581e-01 7.378797789720616951e-01 7.544359248133394313e-01 7.452778407552593798e-01 7.431025946496290224e-01 7.431916753534867359e-01 7.656097939475283720e-01 7.504747460628223843e-01 7.571254676936570727e-01 7.621102657792103718e-01 7.706210053430870843e-01 7.445482518469342947e-01 7.441212943432317095e-01 7.342255526263464782e-01 7.298609171569961918e-01 7.445815380996498867e-01 7.351910953883812327e-01 7.470525510839693961e-01 7.397767080089101555e-01 7.490153660638887434e-01 7.532157269015885559e-01 7.510919150099713004e-01
8.072673727219528694e-02 1.012138057864347546e-01 3.538415424017816169e-01 5.510694238474277418e-01 4.764619273385330422e-01 5.113735213537637936e-01 7.284045063067212666e-01 1.000000000000000000e+00 6.794544357547860347e-01 5.951169314703687041e-01 7.099101785757758742e-01 7.734693194957636964e-01 7.163104858691499155e-01 6.623817507016174222e-01 7.965248490991793107e-01 8.102228418209845850e-01 6.627181666542697469e-01 4.672320637744769023e-01 5.623172596154542013e-01 5.421606693367420071e-01 5.212545831908595995e-01 6.476434289726700211e-01 5.476513839910474024e-01 5.600508238332929656e-01 6.302097799640844489e-01 6.873758305417170256e-01 7.034054493434875877e-01 6.717126510447021248e-01 5.908596280706887027e-01 6.194202892938935889e-01 6.831151374167494517e-01 6.499100770059325072e-01 6.124737660412932216e-01 6.595306093527382174e-01 6.218991448345196904e-01 6.889404368713017979e-01 6.789952681737225770e-01 7.054543724210751154e-01 7.135304917757167020e-01 7.436553814702031584e-01 7.497165735018431754e-01 7.697665299992649812e-01 7.617723471115924738e-01 7.838487353278393854e-01 7.617109718496594128e-01 7.538950767969878619e-01 7.622822372437501048e-01 7.373698783629262232e-01 7.618314053836735544e-01 7.464664695364724434e-01 7.593343801468664944e-01 7.809599812875820390e-01 7.756715744226464482e-01 7.126836083489894724e-01 7.156050257750866672e-01 7.325018745268957465e-01 7.509462574788839939e-01 7.549232225824400455e-01 7.336791058605812710e-01 7.677261876124119588e-01 7.745996326403944421e-01 7.477829502103449100e-01 7.582180813187939794e-01 7.715330703761127396e-01 7.615164669367825434e-01 7.671249449871815340e-01 7.471563219253477550e-01 7.306187071410282785e-01 7.209644951208707964e-01 7.640461333668657762e-01 7.569211611508848137e-01 7.665202409851533671e-01 7.245389173328704580e-01 7.499452041492533638e-01 7.679165536843265416e-01 7.588038198078249641e-01 7.479184953316204698e-01 7.299336192023124781e-01 7.594680600600703935e-01 7.420776068543161186e-01 7.513219880900696701e-01 7.573685459745473914e-01 7.384674471155239228e-01 7.189614226089392490e-01 7.424210986971773174e-01 7.413432293175147292e-01 7.594979136985731127e-01 7.532058451326664184e-01 7.567248869116035559e-01 7.503303807392971425e-01 7.620948213943098404e-01 7.654861468830070903e-01 7.730651697955980284e-01 7.680388205363677390e-01 7.578449037938524979e-01 7.502821197343331194e-01 7.754692410662661350e-01 7.726238079005163240e-01 7.668868817153124962e-01 7.646173560504759825e-01 7.861420482885566052e-01 7.708108008153666812e-01 7.794375935191466542e-01 7.806516603215436501e-01 7.831022992717521225e-01 7.609800592757191007e-01 7.632450573723330578e-01 7.452707108987268736e-01 7.447496853116200022e-01 7.650969420343758376e-01 7.530316384296656951e-01 7.646784296208158915e-01 7.536512733074182124e-01 7.682025148864134456e-01 7.628939100673038931e-01 7.656452251711403090e-01
2.448651889748558186e-01 2.089302022099542300e-01 4.025804495168059938e-01 4.460840386677266678e-01 4.515218765031595582e-01 5.365134659262784655e-01 6.879555081799195726e-01 6.794544357547860347e-01 1.000000000000000000e+00 7.163473161775590903e-01 7.838837358748839135e-01 7.813962878262641354e-01 7.490571489322257470e-01 7.368250796821560478e-01 8.358047569199480442e-01 8.188871105784525373e-01 8.197543894570217260e-01 6.604234271300069015e-01 7.162838954782209111e-01 6.457152455544064029e-01 6.488266588547081382e-01 7.488193964028634353e-01 7.353376581565570502e-01 7.390562046704622912e-01 7.403579759558308604e-01 8.284891531728169056e-01 8.375356516719377753e-01 8.320767346409855270e-01 7.857320332801656093e-01 7.926732606312032470e-01 8.375905237992489205e-01 8.404767245867850178e-01 7.810707588941513402e-01 8.206983270823013932e-01 7.905252511709313090e-01 8.296597119031363654e-01 8.407022910307718755e-01 8.297579269027001159e-01 8.529073046206746556e-01 8.302131420854946819e-01 8.714970909966566204e-01 8.467700140609409898e-01 8.096034673223977407e-01 8.600978068060848303e-01 8.638632563995328750e-01 8.603633054537735969e-01 8.481406203018173606e-01 8.591669980089756686e-01 8.634380855317755898e-01 8.323649969768541768e-01 8.441678303447004428e-01 8.077552049824274771e-01 8.366779438573339611e-01 8.616228078786783984e-01 8.471258971148483141e-01 8.599222803702180062e-01 8.593096738248268140e-01 8.491644115658355529e-01 8.466641626690069034e-01 8.600591545367884949e-01 8.608132314654114436e-01 8.565412539269241510e-01 8.528444628323844645e-01 8.606122990233366910e-01 8.729896410577563381e-01 8.686079235800887588e-01 8.657339978669387204e-01 8.744564682334184935e-01 8.671395282026581608e-01 8.624914239433367769e-01 8.604018577987924132e-01 8.712684183637955382e-01 8.626323162041982240e-01 8.586862290608872073e-01 8.702616881993753273e-01 8.719998098166350520e-01 8.654148191089124920e-01 8.718212092558682569e-01 8.683466535335988556e-01 8.710394480979911647e-01 8.726655053768697101e-01 8.805697983864479994e-01 8.704177778007921029e-01 8.567549707410430093e-01 8.613800659634276435e-01 8.714824374637076820e-01 8.796194699545587525e-01 8.593426034426382421e-01 8.683627917641784100e-01 8.665770388028474214e-01 8.514891262675502448e-01 8.540356350695620380e-01 8.636754462156029932e-01 8.671186459340677333e-01 8.484142287477522970e-01 8.552493904812196179e-01 8.399059663487727923e-01 8.486729429632466903e-01 8.512536446263738732e-01 8.498979820594476653e-01 8.481742503320025550e-01 8.571078552980355703e-01 8.525140328077875918e-01 8.501637055469539739e-01 8.654113475830289559e-01 8.548720053978119404e-01 8.609436884102998899e-01 8.587679853065913749e-01 8.565772537445561774e-01 8.453118230437614011e-01 8.439884789484214389e-01 8.515288990267879665e-01 8.541978945983469407e-01 8.596192709027300483e-01 8.670838349125650213e-01 8.636629186208775177e-01
6.328674587409677255e-02 2.350323527971432680e-01 2.798627340850770029e-01 3.613702814490134529e-01 3.695559229690242309e-01 4.708012867159664938e-01 6.092566026991166339e-01 5.951169314703687041e-01 7.163473161775590903e-01 1.000000000000000000e+00 6.920259282295139203e-01 7.040993023153949704e-01 6.820996170939873648e-01 6.688144365075372466e-01 7.481549856319593683e-01 7.376376941577000856e-01 6.779493418474081823e-01 4.988084346614737319e-01 5.540573375618496055e-01 4.792023985915117024e-01 4.717320892562139600e-01 5.643467500637114886e-01 6.106747225666562251e-01 5.764108646640669908e-01 5.651243647102988099e-01 7.017580164870068637e-01 6.931558109353332942e-01 7.058940518558703969e-01 6.309126187306272060e-01 6.473669615312744874e-01 6.865712127217449279e-01 7.264937408003876440e-01 6.784736739264035643e-01 6.864590775103855957e-01 6.809594557678818605e-01 6.732729793222377301e-01 7.012834198182024137e-01 7.451223352975285819e-01 7.382482232573752690e-01 7.365253883126070544e-01 7.810122597194892879e-01 7.688252275945738345e-01 6.904109287712550946e-01 7.597344838913194787e-01 7.454489556087001700e-01 7.605241046287548601e-01 7.785975531241949854e-01 7.949195543222482563e-01 7.760548220755206783e-01 7.275678109759987633e-01 7.449017386384803041e-01 6.803085760484189892e-01 7.378679174618226755e-01 7.846718455017981375e-01 7.603774341440310280e-01 7.661475178918957241e-01 7.514131710767677497e-01 7.851950170502920434e-01 7.796828442245643531e-01 7.796311267334931072e-01 7.635745569849708980e-01 7.775855915400008422e-01 7.627608764199306224e-01 7.638851116623694981e-01 7.636396288339578620e-01 7.679066324351304651e-01 7.880502126274030461e-01 7.733129691983230414e-01 7.813221851800150608e-01 7.403334810514323738e-01 7.403667505795803461e-01 7.598798929269847680e-01 7.629591126660473233e-01 7.430714654545438336e-01 7.813966424999836402e-01 7.782294161737624005e-01 7.810382675271163588e-01 7.672486947832591886e-01 7.784042865372742259e-01 7.653583355790926079e-01 7.689920390967550645e-01 7.752008258353083603e-01 7.804480345903651584e-01 7.666070586381743546e-01 7.750110263290455048e-01 7.723899106426025396e-01 7.722674009112703297e-01 7.902890696657346448e-01 7.863249332267658875e-01 7.844626809829626790e-01 7.761248947750711835e-01 7.858564803768652851e-01 7.794504322357197479e-01 7.854858744405114335e-01 7.842661048619590236e-01 7.917649716088646095e-01 7.568589591939415273e-01 7.529753733079955769e-01 7.748666155765224772e-01 7.756494085542829930e-01 7.653026414023057500e-01 7.743848240624429113e-01 7.678871890350450480e-01 7.746237867667195021e-01 7.697054042087336789e-01 7.748519339689509122e-01 7.805871547142622102e-01 7.908894168512824452e-01 7.850443882322371003e-01 7.797084418492031821e-01 7.861948151552777819e-01 7.836221308000091978e-01 7.887131683914896385e-01 7.781366701979548495e-01 7.784052371144380977e-01 7.812558737235328898e-01
1.082447435461573321e-01 1.466866101725304294e-01 3.975224865536074459e-01 5.340311369610706294e-01 4.755998667659677714e-01 5.700379088103817438e-01 7.344296513270481830e-01 7.099101785757758742e-01 7.838837358748839135e-01 6.920259282295139203e-01 1.000000000000000000e+00 8.530331828628981983e-01 7.787416480919208128e-01 7.591556622565270862e-01 8.611983938823477569e-01 8.454591983687502754e-01 7.836602854894317849e-01 5.393492095502032679e-01 6.407274211600565428e-01 5.819353821391999304e-01 5.585628852650914578e-01 7.044870304262708105e-01 6.510524646026316642e-01 6.512027733004245311e-01 6.841264819407416597e-01 7.946770372902868251e-01 8.201414501265964496e-01 8.001921562940473853e-01 7.092537413583108741e-01 7.416050465727176411e-01 8.088002304307233548e-01 7.829194553809878387e-01 7.442526525184366415e-01 7.790842382781627551e-01 7.539607055949800740e-01 7.995067489870317790e-01 8.077130167157468010e-01 8.140441554760492471e-01 8.346879625403894609e-01 8.486074952384095038e-01 8.740984130189324297e-01 8.673058664105958160e-01 8.259884639047371246e-01 8.780790961019321328e-01 8.796280460265040180e-01 8.674599206489890246e-01 8.752120501791981200e-01 8.610036449105775702e-01 8.733121883553653930e-01 8.331640584039674557e-01 8.468679601424686787e-01 8.358788315853895590e-01 8.689233499157542617e-01 8.401687945824423132e-01 8.239371370617305512e-01 8.380145451692762038e-01 8.470730643693875628e-01 8.627837186806665004e-01 8.469588895070980783e-01 8.787903875578574331e-01 8.686922636708958034e-01 8.547359952458223331e-01 8.522760036844989617e-01 8.691971885125273634e-01 8.706696229477256521e-01 8.721013784715021533e-01 8.730061429898975378e-01 8.572770200048251965e-01 8.531535892311601366e-01 8.587030829444245450e-01 8.516030287640720120e-01 8.735397228203530817e-01 8.497102070172379840e-01 8.521386469078279235e-01 8.829363187973878757e-01 8.825740183701387132e-01 8.757061806151097416e-01 8.590386350346448374e-01 8.787008293503938416e-01 8.618648263869032045e-01 8.730090099842324758e-01 8.837997473151888439e-01 8.660231571269455531e-01 8.515292932296166795e-01 8.712589155277591368e-01 8.701495943089726515e-01 8.827563294777961422e-01 8.783516013995226190e-01 8.849245355273417379e-01 8.722940573985279444e-01 8.865265909314193893e-01 8.853401627575545607e-01 8.922170668837124952e-01 8.877727150299492553e-01 8.761282197783952785e-01 8.731924672476231164e-01 8.779691169779425541e-01 8.697808922349008487e-01 8.750270767826364704e-01 8.789693081228654448e-01 8.843117965719746731e-01 8.798516620759359030e-01 8.811241557755155052e-01 8.846749425069868611e-01 8.865702063602484140e-01 8.714569151076763109e-01 8.777527573228592894e-01 8.685502503684441322e-01 8.644467502016168758e-01 8.768783948515614934e-01 8.679916384141485031e-01 8.791368763970370814e-01 8.711897001995749790e-01 8.795140108520826949e-01 8.794078902503347228e-01 8.786234861235762139e-01
6.913095514938208397e-02 1.191117975836733095e-01 4.068898448807178880e-01 6.557387633894327106e-01 4.993537888766131361e-01 6.044396643434457594e-01 7.768661447610304416e-01 7.734693194957636964e-01 7.813962878262641354e-01 7.040993023153949704e-01 8.530331828628981983e-01 1.000000000000000000e+00 8.135236618476878734e-01 7.817840312771870970e-01 8.907528945984547475e-01 8.808498980779490006e-01 7.673029040149214053e-01 4.757372742849724223e-01 6.014847818712021343e-01 5.653314144080870962e-01 5.219508352497970183e-01 6.929290562305019385e-01 6.107270993098558032e-01 5.976450895323667245e-01 6.609633620434763879e-01 7.840867461900508095e-01 8.040904807375099939e-01 7.691907054566586854e-01 6.648808576004073823e-01 6.916978502116855054e-01 7.797881889395801291e-01 7.400545822847648392e-01 7.071543112618862148e-01 7.399919370715881684e-01 7.105855885669639660e-01 7.803303220540015461e-01 7.818159421589647717e-01 7.969462465565255727e-01 8.185110661557440936e-01 8.650225739475877473e-01 8.833848686315014520e-01 8.812806893785056772e-01 8.437402440294088368e-01 8.983346436402802615e-01 8.846770112147794851e-01 8.685475147681839259e-01 8.905146305640861959e-01 8.671710051167087485e-01 8.776657327954497934e-01 8.324857195001278409e-01 8.454034106272324545e-01 8.687813396694914481e-01 8.966135170157965018e-01 8.333431894076765989e-01 8.223884162233391359e-01 8.370292883574729226e-01 8.544772615393317894e-01 8.741973328149907907e-01 8.470107290354540464e-01 8.956643474127182758e-01 8.815943782420524455e-01 8.633602089462535378e-01 8.653137871967978567e-01 8.787068502275230397e-01 8.764717426148750379e-01 8.870371925674355174e-01 8.792962433835447289e-01 8.459573042798398390e-01 8.412637444046662250e-01 8.673860832878458327e-01 8.559158549241279168e-01 8.789910058390627556e-01 8.349780880183342857e-01 8.530203104982262419e-01 8.927237185216254645e-01 8.868366724021800040e-01 8.755932304681238731e-01 8.484233182464200329e-01 8.795357205606971762e-01 8.557067883720097523e-01 8.686166047179639804e-01 8.816087127435935367e-01 8.623313707017111751e-01 8.389678700047427107e-01 8.645137074198115945e-01 8.610194826674631985e-01 8.851048612566457807e-01 8.805187846494150206e-01 8.885009718094691866e-01 8.782466902772914086e-01 8.968773983516176163e-01 9.010417900154404913e-01 9.091765461028563644e-01 8.987627455746156624e-01 8.932846546070650762e-01 8.854435393126841580e-01 9.017457427306132534e-01 8.864955055791051697e-01 8.928627452155416533e-01 8.861531102071704691e-01 9.077094883485707921e-01 8.939232736262996415e-01 9.061946227389853226e-01 9.083939605859439048e-01 9.079006428393966432e-01 8.883713090641972565e-01 8.901122521341945371e-01 8.767251943632473621e-01 8.711491633129415657e-01 8.954056463935337051e-01 8.811575497983852312e-01 8.973098912814589934e-01 8.844805970157949560e-01 8.938426099924777768e-01 8.896815471695954658e-01 8.975146326866799695e-01
6.017198402605479501e-02 1.248392159382320232e-01 3.327725522302237837e-01 4.913480294184351393e-01 4.746122081775651091e-01 5.464802622106623708e-01 7.068753637039147941e-01 7.163104858691499155e-01 7.490571489322257470e-01 6.820996170939873648e-01 7.787416480919208128e-01 8.135236618476878734e-01 1.000000000000000000e+00 7.342322760892713296e-01 8.430326928612434934e-01 8.310215403647873700e-01 7.465598822998205097e-01 4.910531076633835590e-01 6.020616181732750816e-01 5.286135792962211033e-01 5.210839048621506153e-01 6.685538067840308685e-01 6.181341821294696892e-01 6.008747606831084109e-01 6.528375052928250266e-01 7.540473061192094484e-01 7.715545980221495403e-01 7.486580380946442626e-01 6.583689300504755870e-01 6.913899466591104659e-01 7.492211904635687203e-01 7.352545417354501289e-01 6.970108370797802877e-01 7.260507471180576156e-01 7.152273874295399514e-01 7.477319970293117013e-01 7.623747209448892281e-01 7.804575607891873767e-01 7.914542070822965236e-01 8.098909788191429593e-01 8.434799543357379692e-01 8.384798292774134909e-01 8.001401399842622553e-01 8.488639178352662684e-01 8.402095099262036904e-01 8.354833349286104882e-01 8.546296269817554858e-01 8.434391228556950004e-01 8.468703591009629772e-01 8.005040784020329703e-01 8.166072789312395219e-01 8.119676576200570706e-01 8.451058168109230051e-01 8.170142008748222384e-01 8.009279633693627831e-01 8.140854637571148800e-01 8.202568300638186649e-01 8.440944303969974971e-01 8.263336229854203463e-01 8.566209053470762447e-01 8.465658110095392042e-01 8.323734661357878872e-01 8.298465365881262379e-01 8.411401299055391023e-01 8.461384315327501460e-01 8.466809338273457719e-01 8.518585570927911244e-01 8.274321958803382282e-01 8.235391459301270034e-01 8.237543873995262222e-01 8.239212345130387805e-01 8.475802351371536369e-01 8.165655922078360884e-01 8.248198263504595840e-01 8.573779731962286599e-01 8.513310983902337981e-01 8.447477756544506944e-01 8.234458058256056701e-01 8.497699846602232432e-01 8.292110533177183829e-01 8.412316754706073985e-01 8.474299838495853443e-01 8.405171527849844004e-01 8.222819623113717391e-01 8.368668588044289036e-01 8.355912055858374377e-01 8.504033472432011020e-01 8.499427165449585653e-01 8.557857897016548643e-01 8.505958216916045256e-01 8.575325496160404182e-01 8.616298229209137238e-01 8.646095321057987171e-01 8.616214331806837379e-01 8.587882906308098585e-01 8.539633855020698494e-01 8.515282595086549611e-01 8.453897346470957697e-01 8.567446629214607867e-01 8.510702368889829783e-01 8.609050741103824178e-01 8.550021337255298004e-01 8.614745827519313393e-01 8.636772597067324808e-01 8.641583353290621661e-01 8.482750074850263777e-01 8.538831072698090940e-01 8.518255042486941875e-01 8.453860219094971873e-01 8.578804104097310645e-01 8.504519002458041932e-01 8.595060742946147858e-01 8.510975635769369996e-01 8.566368366364210951e-01 8.591983457699480242e-01 8.570336744772428794e-01
