1.000000000000000000e+00 4.529751553796571018e-02 1.168442514149236333e-01 2.188311007666526170e-02 1.098954766047418111e-02 1.778066463317274845e-02 -4.847947424300914736e-03 -3.703901649317394018e-02 1.621500068173454823e-01 4.102150676249440714e-02 1.424597991785305807e-02 -1.812642591394343985e-02 -6.586545039402912430e-03 5.204809403462384073e-04 -2.586977763759097312e-02 -2.415421258520810896e-02 9.515553664542049372e-02 1.121018332805858997e-01 8.717887260980496100e-02 7.501782934278081356e-03 8.304060906638911777e-02 1.167197656590239080e-01 1.265310569325252821e-01 9.176402797133974276e-02 1.248028181389030100e-01 1.040595687478342579e-01 5.831096265143922291e-02 6.950089004224077605e-02 1.146302368664019328e-01 1.229439074646607594e-01 8.916014314090900394e-02 5.517906978406753038e-02 2.127173061077786489e-02 5.624556899940526267e-02 6.313963246392237383e-02 4.687136432546413350e-02 5.516602742296611295e-02 -1.254183487219723281e-02 3.285140870478641534e-02 -2.578626071717346480e-02 1.959394488749181470e-02 -1.399388562716663911e-02 -3.147170481372269651e-03 2.731535078634098057e-02 3.397770817797845372e-02 2.065545497939898223e-02 3.190060683592233805e-03 1.408139315383735192e-02 1.640578628642258433e-03 1.866532849721561430e-02 -8.872500377557658927e-03 7.494846256098565418e-02 2.504431782798041684e-02 3.343175945216945305e-02 2.161457978542047006e-02 4.253591148932319094e-04 4.834685477344723148e-02 6.702747309091515622e-03 -9.911745089867909572e-03 3.036827875647966218e-02 1.650700449506368669e-02 1.651583871199976267e-02 4.185325315191651581e-03 5.477034615484345503e-02 6.047398786052613634e-02 4.399667199752519547e-02 2.632949001645865095e-02 3.066734241666204883e-02 3.940654840210319754e-02 2.970399565169545147e-02 4.487265460871740774e-02 3.633224443070037085e-02 4.376546359197084485e-02 4.236736592354151815e-02 3.394082968466062555e-02 2.505788404161848545e-02 2.373476612070465203e-02 4.751920678419983834e-02 3.420139356551211290e-02 3.897983902355108693e-02 3.994607673871682085e-02 3.847634131846510569e-02 3.930438870119075390e-02 2.204627992862362440e-02 4.783576567803933099e-04 2.771586380717394951e-02 9.692942575980689757e-03 -1.130421483097743263e-02 1.272046069592977328e-02 3.125685136396490899e-02 -1.599735451490249746e-02 -2.868387335534728494e-03 3.293437346516944232e-03 7.267356977641906655e-03 9.444726218227192036e-04 7.898397970357448616e-03 -3.137523206396999886e-02 2.044095031530935094e-02 -1.700562382466450735e-03 -1.709893482958914357e-02 -8.083684097370386762e-03 -1.978463662076326238e-03 1.340660773938874215e-02 5.910686192977950525e-03 2.547293286379618757e-02 1.685884148888611503e-02 9.065551433782922594e-03 1.152471192135047333e-02 1.647535527371666447e-02 3.464914370884862246e-03 -5.227270470001548104e-03 1.738544353885003099e-02 3.944806101440640096e-03 1.804264146694620902e-02 3.929184992206673915e-02 2.980425900291926167e-02
4.529751553796571018e-02 1.000000000000000000e+00 1.081231477267301649e-01 4.742259214641136866e-02 8.327922432387437068e-02 1.303288110104851849e-01 1.593793746606950723e-01 1.192463730158818819e-01 1.181905543539105152e-01 1.706783087535123089e-01 1.339524864952329475e-01 1.305305792676346721e-01 1.277761348893754756e-01 8.245236758674585886e-02 1.624487746330776639e-01 1.419934303340785464e-01 1.229463272937399571e-01 9.176583098129600935e-02 1.284336487748630184e-01 4.201749956517063234e-02 5.077442411393359029e-02 1.081340996253612602e-01 1.299818444760301728e-01 1.103925332393771164e-01 1.275185057954597023e-01 1.282359069138209740e-01 1.294347692934569027e-01 1.401636549850207025e-01 1.484388829434304113e-01 1.390180455970776163e-01 1.562412233522596228e-01 1.554272343019382219e-01 1.587345503450183770e-01 1.527206163031265274e-01 1.524217777686362463e-01 1.440688030804977426e-01 1.430230275671284801e-01 1.684786860089788341e-01 1.720816735704124578e-01 1.539216932273277660e-01 1.450222811310912796e-01 1.626891877562899602e-01 1.575899328980548131e-01 1.520677886191748318e-01 1.579627232328470465e-01 1.690022189034357247e-01 1.520055947234226490e-01 1.543165890091950931e-01 1.467545296506276298e-01 1.419706045824299656e-01 1.614383226173728147e-01 1.084616418620792527e-01 1.405594779432016161e-01 1.454445976223863457e-01 1.371465322056662217e-01 1.670510065918115461e-01 1.214081205107761657e-01 1.492655986457101513e-01 1.375039438400390279e-01 1.420408996950604519e-01 1.493918754781433655e-01 1.417462119322508429e-01 1.333256960801417201e-01 1.466979466566070422e-01 1.394106189147401587e-01 1.374446866554933921e-01 1.511985925713796031e-01 1.485266530941356244e-01 1.527879043779842572e-01 1.298106213181765001e-01 1.309259552957472428e-01 1.550553507994832658e-01 1.487472657501985596e-01 1.404331583721880883e-01 1.561173288684839788e-01 1.522133348807153397e-01 1.614007833405532444e-01 1.614977214117900295e-01 1.642170052402203428e-01 1.596795724006002393e-01 1.567959421127651798e-01 1.592465690483040597e-01 1.624189349016552930e-01 1.605459372291655473e-01 1.653636362039446472e-01 1.575115632929687259e-01 1.538692153244678451e-01 1.622316960381612050e-01 1.660424167441833798e-01 1.683697745541379853e-01 1.708226483170805221e-01 1.593069662740860259e-01 1.539991418988973793e-01 1.610855664487002292e-01 1.545931351265184273e-01 1.562298946611584138e-01 1.384669474713122461e-01 1.330795004296924655e-01 1.457080401233932787e-01 1.525400202895676460e-01 1.542739863124396593e-01 1.438843361328016324e-01 1.408808393343455589e-01 1.514637764325492686e-01 1.407819732774029942e-01 1.386505809504336717e-01 1.479211956447855913e-01 1.569269857218257569e-01 1.558106196148723865e-01 1.530139850205866348e-01 1.507614265802403042e-01 1.484027624412195545e-01 1.480802401239325050e-01 1.493880693831411977e-01 1.508116996171600110e-01 1.416815981387333778e-01
1.168442514149236333e-01 1.081231477267301649e-01 1.000000000000000000e+00 3.043462920782648018e-01 2.097706816473149660e-01 2.503789612763049344e-01 3.338267542163513291e-01 2.988606126754104197e-01 3.643961203531588255e-01 2.997053089538573301e-01 3.499561691833911192e-01 3.466942192619566487e-01 2.877753523769520649e-01 2.829487908889559700e-01 3.502257212224857419e-01 3.444091500794171368e-01 3.560366987825570040e-01 3.701324562546309815e-01 3.889774740298236333e-01 2.224420077245709004e-01 3.436938816239586414e-01 3.955962465624753288e-01 3.687221549377770469e-01 3.709006162281413554e-01 4.014096975786620169e-01 3.635473351775543871e-01 3.826921519049286680e-01 3.964791510634272931e-01 3.866949456665600415e-01 3.893902355443212282e-01 3.911281055068470680e-01 3.787249327796662346e-01 3.915409820765376470e-01 3.834445638466205120e-01 3.883642152966641503e-01 3.909002343906127774e-01 3.838997093962093765e-01 3.767853700039293097e-01 3.951563450215651585e-01 3.681084621541878543e-01 3.726325840115387034e-01 3.838680916586688641e-01 3.805210116758361849e-01 3.895765753205686077e-01 3.914465874902293696e-01 3.859463596832092280e-01 3.655480614743652490e-01 3.660912782500951312e-01 3.565236342273659376e-01 3.787072108228414780e-01 3.721080668139739034e-01 3.721122252032981192e-01 3.672274091465117518e-01 3.552068199408752736e-01 3.526985996898477915e-01 3.660103698474482803e-01 3.511353852069715176e-01 3.686515811932802311e-01 3.490849730352567626e-01 3.675161358463713834e-01 3.702542932134155196e-01 3.525549028057002876e-01 3.495571343479788040e-01 3.703727187467946713e-01 3.807869372784406514e-01 3.663993939956020074e-01 3.749915612920906582e-01 3.793990434032202819e-01 3.830891207225691208e-01 3.666362060418961732e-01 3.886116674289700756e-01 3.858560648249669822e-01 3.759372854515851681e-01 3.877747897732190530e-01 3.851030560245723988e-01 3.864752920347084286e-01 3.884659424910539838e-01 3.846027946390205288e-01 3.911533915019589358e-01 3.826499619924786377e-01 3.915419341155622068e-01 3.843465925938246430e-01 3.921843237681956751e-01 3.858546683515472475e-01 3.837666953694067185e-01 3.833788608681986676e-01 3.824668005961454620e-01 3.776520157374947395e-01 3.816827058113213544e-01 3.822355275211801184e-01 3.874415478038442107e-01 3.758638080697243589e-01 3.783439649391186488e-01 3.795330779875952243e-01 3.641479165984972677e-01 3.678847398189187823e-01 3.700553466606804620e-01 3.716836240259173141e-01 3.697329716508312436e-01 3.668953159954517762e-01 3.770356605570385766e-01 3.670365269945078390e-01 3.721937017152173177e-01 3.732918670988432663e-01 3.789782574687952654e-01 3.605581220665731168e-01 3.700249427615878162e-01 3.662049305756047146e-01 3.718534006500073819e-01 3.701667428894553913e-01 3.637140083037803118e-01 3.681213044161409376e-01 3.630397868548003171e-01 3.733269110477638875e-01 3.752716704393737057e-01 3.685864152646016745e-01
2.188311007666526170e-02 4.742259214641136866e-02 3.043462920782648018e-01 1.000000000000000000e+00 3.532463128007596320e-01 4.062563718488413356e-01 5.623968985105061158e-01 5.361313455096593517e-01 5.525406382135817918e-01 4.608978706190230978e-01 5.534979468132120717e-01 6.202301034747642605e-01 5.207765251008902307e-01 4.669468961902131232e-01 5.836454650332202343e-01 6.078543081023076722e-01 5.418461957457174627e-01 5.447691995431644951e-01 5.451476496120968296e-01 4.875193765215029562e-01 6.244095862753492598e-01 5.771081081648756772e-01 4.619890734576544977e-01 4.889643323006301334e-01 4.990262240677045269e-01 5.745416468465179838e-01 5.898662109401806575e-01 5.785827103765173174e-01 5.209024697358544120e-01 5.032104817315780076e-01 5.377895737964203393e-01 5.620497336607537253e-01 5.292362374050407769e-01 5.398793199166740386e-01 5.434862140052252322e-01 5.900837530456218838e-01 5.836147657171958381e-01 5.638501603388563765e-01 5.672857884097336489e-01 5.903448361704696223e-01 5.904816886991361979e-01 5.817941337281439251e-01 5.978858777435414051e-01 5.958499083644271943e-01 5.935186267535179638e-01 5.648758219349686582e-01 5.736287029102162816e-01 5.816929194800432024e-01 5.865749694003795645e-01 5.869908601106004209e-01 5.824760753687269199e-01 6.055631518503049593e-01 5.985651127045090725e-01 5.792670074536647729e-01 5.748977173784028949e-01 5.733749716967186938e-01 5.892331045247436450e-01 5.876265350615600402e-01 5.844039820726055767e-01 5.936906565080447562e-01 5.949768767510397183e-01 5.796449384144259920e-01 5.887441129758698155e-01 5.843661822514742976e-01 5.847960119575765781e-01 5.886885297700820141e-01 5.810626013548717550e-01 5.815403738900415398e-01 5.774369640758184596e-01 6.022999324285882583e-01 6.060067167827846157e-01 5.776515784406459630e-01 5.558248551466942189e-01 5.800844364636681405e-01 5.934795383962508941e-01 5.929045536810856332e-01 5.870970444611883776e-01 5.652626604223023321e-01 5.714913666490022415e-01 5.638633316050959410e-01 5.743704401842788521e-01 5.662638013033826079e-01 5.783403980860543081e-01 5.667646177379213057e-01 5.708033514842285605e-01 5.777189646044155191e-01 5.958470854304538378e-01 5.810783277565308991e-01 5.718766390831533375e-01 5.704466470422052682e-01 5.804111044306013989e-01 5.858775035895525951e-01 5.910239396049741245e-01 5.833397938521159842e-01 5.786880606801866334e-01 5.806714196063927913e-01 6.103448124512864670e-01 6.038658113751739220e-01 5.948584292687162378e-01 5.924581193685442004e-01 5.974822886879200823e-01 5.952904950798342254e-01 5.984815595498765850e-01 5.903551473426820184e-01 6.027629739510876883e-01 5.866485142237848338e-01 5.920547425275377584e-01 5.775031062561105655e-01 5.831485034406515000e-01 5.894949422987585397e-01 5.867913509582066700e-01 5.867783080600241785e-01 5.876353704810571843e-01 5.905947143002813204e-01 5.814324936428277857e-01 5.896767358009118443e-01
1.098954766047418111e-02 8.327922432387437068e-02 2.097706816473149660e-01 3.532463128007596320e-01 1.000000000000000000e+00 3.119806796086599943e-01 4.476599108766088353e-01 4.516290035007557990e-01 4.395100401751242392e-01 3.906288370220721839e-01 4.558130685246049030e-01 4.884797274342270179e-01 4.617426298352863556e-01 4.037972891658478947e-01 4.969571542246998819e-01 5.021581952043591146e-01 4.465662242625127454e-01 4.292679575111415513e-01 4.408211709406837375e-01 3.755476004463991213e-01 4.253051831919129611e-01 4.566497821655899902e-01 4.019849357035331083e-01 4.174712218302239486e-01 4.316022845844553202e-01 4.591516631453443908e-01 4.647618980645473741e-01 4.660938472925991172e-01 4.188285191479496072e-01 4.232265285703138979e-01 4.580926607929982075e-01 4.796139183909379766e-01 4.466475879916416147e-01 4.709608189671450340e-01 4.484713579216365043e-01 4.880874767292807115e-01 4.788240716780556849e-01 4.824418539990762977e-01 4.843122785645278539e-01 4.867534356669755424e-01 5.014674850089716474e-01 4.935779215064323155e-01 5.011603692835862045e-01 4.938908044688775090e-01 4.946792638942309472e-01 4.721289081556688250e-01 4.949939714779503230e-01 4.942267666760269407e-01 4.906445495641847399e-01 4.880642264575079103e-01 4.938490910256729260e-01 4.815075540176744773e-01 4.890809283861307644e-01 4.758515230427172726e-01 4.706798176157623859e-01 4.896318716878352850e-01 4.716206437241435845e-01 4.962334590448172489e-01 4.789591698048210056e-01 4.978835851572985249e-01 4.968522483429336223e-01 4.777769566873718010e-01 4.736819570787808575e-01 4.934147946346849056e-01 4.847517608410237822e-01 4.873485151111370817e-01 4.954429996021418869e-01 4.956954076208037741e-01 4.895343551680401140e-01 4.967776287518403389e-01 4.985668660550529596e-01 4.941806817707747879e-01 4.785374999684335329e-01 4.903270221705205434e-01 4.913759227440495092e-01 4.917005742754715358e-01 4.893935430524053998e-01 4.790205517493413834e-01 4.896458251590422028e-01 4.785448366977816392e-01 4.916587022990610567e-01 4.883837607483679233e-01 4.964026076178748026e-01 4.771422438008268707e-01 4.939515085807773542e-01 4.950843102267629137e-01 5.002637936588157919e-01 4.978729805994340230e-01 4.943754998152131153e-01 4.874404935087984225e-01 4.937566481744391500e-01 4.978184423953666005e-01 5.004282806106296055e-01 4.937034273762292425e-01 4.972565235632206981e-01 4.958237439810415093e-01 5.071832805024796276e-01 4.924405358312291536e-01 4.993140261089530352e-01 5.065364056102314994e-01 5.029012454739014704e-01 4.985431860873509868e-01 5.005590549013432256e-01 5.022184385125655348e-01 5.019865489915686929e-01 4.814773506718210694e-01 4.983065970246967624e-01 4.939597277883913673e-01 4.934812788834811448e-01 5.012673815015999956e-01 4.938221379116645160e-01 4.982220205631731624e-01 4.933229551481049246e-01 4.990044451406761006e-01 4.936852450651381674e-01 4.934157540380447182e-01
1.778066463317274845e-02 1.303288110104851849e-01 2.503789612763049344e-01 4.062563718488413356e-01 3.119806796086599943e-01 1.000000000000000000e+00 5.427963238836508442e-01 4.884641795625963012e-01 5.198766830891898838e-01 4.956885887531635726e-01 5.647065017238618312e-01 5.527817391123932556e-01 5.193435326456220524e-01 4.908251926882089555e-01 5.851648692203944568e-01 5.803334729243733170e-01 5.117158346512319378e-01 5.135991211249435473e-01 5.520641787306314052e-01 4.056662581761824038e-01 5.035206669383792688e-01 5.462916024514441471e-01 5.198074201229948565e-01 5.077303304337870138e-01 5.277398224286141692e-01 5.331412551055015880e-01 5.688015247422014697e-01 5.782667050743706127e-01 5.582116925377936800e-01 5.333221655750881585e-01 5.705152066121393917e-01 5.851838535157427579e-01 5.744450093004580538e-01 5.740098735165884980e-01 5.847634435064910097e-01 5.752411742316893006e-01 5.741775854492847664e-01 5.980084865949888417e-01 6.009245926619740663e-01 5.869303426601389928e-01 5.940327853227203025e-01 5.966195991860347991e-01 6.034057376828382280e-01 5.998912265992565329e-01 5.934737899373740966e-01 5.982317451330856350e-01 5.925680051509401025e-01 5.953816061794182657e-01 5.811049075966033817e-01 5.819061702199639363e-01 5.900618425974085701e-01 5.648647806561072349e-01 5.817303321577238506e-01 5.887002237398627491e-01 5.814444759293151410e-01 5.924110728663387615e-01 5.695818700013534075e-01 5.974790945640019446e-01 5.869265281068203333e-01 5.940656769243677360e-01 5.906752173398081007e-01 5.871131894873293788e-01 5.900394362868078835e-01 5.859738125945518350e-01 5.846939890283469055e-01 5.816072405120875644e-01 5.930732351229204280e-01 5.956861902281985754e-01 5.958986345088463921e-01 5.857205237399003561e-01 5.907090075359019421e-01 5.931529205858366849e-01 5.820054771385934078e-01 5.887389358574286469e-01 5.989703501442675826e-01 6.041205448579048953e-01 6.018337817659807909e-01 5.942100731823309889e-01 6.027271949715156119e-01 5.922838038702543662e-01 5.968054402015116056e-01 5.924498185004057893e-01 5.976333445669550493e-01 5.997193475785227434e-01 5.951163726197291615e-01 5.955100170223157630e-01 6.000504216163807802e-01 6.006246158426075121e-01 5.991680059192933117e-01 5.930102301415399735e-01 6.004030636664312581e-01 6.016912589416537616e-01 5.979038134571591501e-01 6.052304435445072794e-01 5.922318509535086095e-01 5.948812255136752825e-01 5.766461423040420975e-01 5.719046523240982616e-01 5.877559258499951422e-01 5.938201225603747524e-01 6.023665020253833324e-01 5.898867074454112736e-01 5.875156496316614740e-01 5.962689400220644309e-01 5.914285980078809457e-01 5.772325432137483947e-01 5.872544495051048585e-01 5.957876286497536533e-01 5.934907999347486252e-01 5.951315186181375116e-01 5.959703909654471277e-01 5.926907762541077096e-01 5.915543223593557887e-01 5.880071139611316999e-01 5.920028065206827117e-01 5.866733239926330556e-01
-4.847947424300914736e-03 1.593793746606950723e-01 3.338267542163513291e-01 5.623968985105061158e-01 4.476599108766088353e-01 5.427963238836508442e-01 1.000000000000000000e+00 6.984398502656948837e-01 6.929644077795378276e-01 6.850762455853641741e-01 7.491246419401357270e-01 7.734116669965280799e-01 6.905051645801298932e-01 6.494962621397787350e-01 8.343042416035557629e-01 7.958790497692688204e-01 7.114370430914201959e-01 7.202254772131073679e-01 7.468578612095748692e-01 5.469317926342890379e-01 6.889107328322318091e-01 7.439961854449298473e-01 7.131839155080651471e-01 7.190198003000699556e-01 7.273249005949750101e-01 7.499031983244922595e-01 7.793493433559276484e-01 7.911338435262285085e-01 7.277572205275744111e-01 7.229141483602299356e-01 7.699151207342138648e-01 8.008082704902974580e-01 7.818796885968056776e-01 7.888487689013481408e-01 7.724001275068020922e-01 7.898762821549750734e-01 7.883644967475232912e-01 8.229743924336141436e-01 8.173933191314588509e-01 8.104030965587489810e-01 8.039715627422534538e-01 8.230831180324599261e-01 8.186909539774848144e-01 8.144368440462942393e-01 8.109862241614412826e-01 8.133527259433994683e-01 8.036321092192200144e-01 7.989613016301947424e-01 7.911723805768787754e-01 8.005211971024757123e-01 8.116541219557250608e-01 7.627856016200484923e-01 7.871150903136011623e-01 7.785204179097482413e-01 7.800186262998699549e-01 8.141790795256419466e-01 7.613105097442672831e-01 8.029921448874881573e-01 7.905005353885004027e-01 7.912992903001970779e-01 8.016906840791485633e-01 7.828201044330181935e-01 7.931321899831731415e-01 7.876669031629867090e-01 7.818638383160116945e-01 7.836655575533275631e-01 8.042379743034961948e-01 8.106888832445821036e-01 8.125458485105074846e-01 7.961931994647764022e-01 8.070185327211797377e-01 8.088753914352345697e-01 8.025593189969986163e-01 8.041135881793355367e-01 8.151938743745081872e-01 8.178202935447733690e-01 8.195595161034897602e-01 7.953259688694146456e-01 8.137849577330414919e-01 8.014034860090928358e-01 8.134989077747217801e-01 7.976002089868556855e-01 8.172999587074655237e-01 8.132347861834567926e-01 8.204002842780587779e-01 8.163956131808075556e-01 8.214006512787181968e-01 8.227401676359962224e-01 8.176543352216909533e-01 8.068193489227442061e-01 8.290978926409159344e-01 8.210052868678231475e-01 8.171159377216442588e-01 8.203350078913467236e-01 8.052765889817935507e-01 8.034028626992344435e-01 8.036090828006238196e-01 7.829871636332227380e-01 8.029361455118507740e-01 8.153118556158825969e-01 8.202719301111942585e-01 8.038399155823628961e-01 8.017391980397932105e-01 8.097210393282718854e-01 8.050134419110137607e-01 7.800839819268385877e-01 8.021301818895979485e-01 8.048987096094255556e-01 8.052893678285601986e-01 8.089578451779916302e-01 8.047570838396010950e-01 7.992758953309297976e-01 7.977719370528694176e-01 8.044369512541036382e-01 7.977949558470418534e-01 7.893763585514435022e-01
-3.703901649317394018e-02 1.192463730158818819e-01 2.988606126754104197e-01 5.361313455096593517e-01 4.516290035007557990e-01 4.884641795625963012e-01 6.984398502656948837e-01 1.000000000000000000e+00 6.572395398042246706e-01 6.271704405891163070e-01 7.157724702425357632e-01 7.539646278575918847e-01 6.851707829922658588e-01 6.429690347937973005e-01 7.724521830160042679e-01 7.813735444042558820e-01 6.747621166316046804e-01 6.673645813154751583e-01 6.915930504709818516e-01 5.825754106461430437e-01 6.464716964355129436e-01 6.798918756591633139e-01 6.508061901635905366e-01 6.560284705677578154e-01 6.561893309425135268e-01 6.927726633999161665e-01 7.207070071907772935e-01 7.160987379198106018e-01 6.551727541256283649e-01 6.472210167590215502e-01 7.092234933261003516e-01 7.564515800580708937e-01 7.040205444331550932e-01 7.465171943991195658e-01 7.083567833044323026e-01 7.434945522463503043e-01 7.352782560559409930e-01 7.766655717834483053e-01 7.634661509872009422e-01 7.710738839558840541e-01 7.664295146584024776e-01 7.760250000614505872e-01 7.768019745655347919e-01 7.719530076025836740e-01 7.676210243786945053e-01 7.512287342233043841e-01 7.696546746074354184e-01 7.654815668218223346e-01 7.690256946725065879e-01 7.747637211776886579e-01 7.824722011595761639e-01 7.405095084958495111e-01 7.617747299304852282e-01 7.454505076391809704e-01 7.435078118218151344e-01 7.699062602394814991e-01 7.381050665825651391e-01 7.734920550020231156e-01 7.635034285763485640e-01 7.646318407735330780e-01 7.714536117986272590e-01 7.517876910297310866e-01 7.613422494510330152e-01 7.581133293773040238e-01 7.446735537161672802e-01 7.493403683400771120e-01 7.684472282250438546e-01 7.669353815453848755e-01 7.697150700916562949e-01 7.738828733802036730e-01 7.631588300502458733e-01 7.664844112544437760e-01 7.541884087667805048e-01 7.578485895099460468e-01 7.702969523703466770e-01 7.691990819897812637e-01 7.667569886400061874e-01 7.466395359754679495e-01 7.655693277522956919e-01 7.481840382537758849e-01 7.632241999927636966e-01 7.576649541370504837e-01 7.702206011734148428e-01 7.596368254433630840e-01 7.814430436919145295e-01 7.751527207422499455e-01 7.761553612248499601e-01 7.868146118881391704e-01 7.732575832562540441e-01 7.627487350010687672e-01 7.812666642540564421e-01 7.827803704719613620e-01 7.786705167559690999e-01 7.771866951786288169e-01 7.735287769566758787e-01 7.729174175283910486e-01 7.888480239597441823e-01 7.623747840927254105e-01 7.764085747536116910e-01 7.895967489537367712e-01 7.875527660553800491e-01 7.784198687535779371e-01 7.741313151398822034e-01 7.806148294072811078e-01 7.750712584300067931e-01 7.565617823496019190e-01 7.750615004509155970e-01 7.702273135398950421e-01 7.680670648496129571e-01 7.788088481421890918e-01 7.742559634732060214e-01 7.701088337581527554e-01 7.706097819172429420e-01 7.745435864659060421e-01 7.634077674129655655e-01 7.631981436185140133e-01
1.621500068173454823e-01 1.181905543539105152e-01 3.643961203531588255e-01 5.525406382135817918e-01 4.395100401751242392e-01 5.198766830891898838e-01 6.929644077795378276e-01 6.572395398042246706e-01 1.000000000000000000e+00 7.353849652808573945e-01 7.952274471459734873e-01 8.056310487823433730e-01 7.493510297229767358e-01 6.436780841152885957e-01 8.033474876480922733e-01 8.064203708729916764e-01 7.866449031381075319e-01 7.717555210621465100e-01 8.170961171383608335e-01 6.155456094007049073e-01 7.667431522596814819e-01 8.185199964792702065e-01 7.580513626334035582e-01 7.552200416393058946e-01 7.966314070615392318e-01 8.243981041854226977e-01 8.314377525977516559e-01 8.242185051669999041e-01 8.088850029407552711e-01 8.347620640620125876e-01 8.596414058777703815e-01 8.377561577724240705e-01 7.750081600406845128e-01 8.094110923560899895e-01 8.230835532332472226e-01 8.155715748967665712e-01 8.474563732635982394e-01 8.143636959088857985e-01 8.370716320675307687e-01 7.941396107407785454e-01 8.561503118522744149e-01 8.358839277624061648e-01 8.199541451225861310e-01 8.618309712812456391e-01 8.595710878021005641e-01 8.421349234387714988e-01 8.599206990987066090e-01 8.682101099375038045e-01 8.545278686741312191e-01 8.285991324896091470e-01 8.291707324879384888e-01 8.574975641291401329e-01 8.596164229775039578e-01 8.728498022850270655e-01 8.636095971336679167e-01 8.469451119779907167e-01 8.630634653301638703e-01 8.627051203877358354e-01 8.463633214269903338e-01 8.731977775295117761e-01 8.657154599308459764e-01 8.665360073331669355e-01 8.498126947160191680e-01 8.712887673710795200e-01 8.766460194266098016e-01 8.782034300799212989e-01 8.695973635218091635e-01 8.705434018568937171e-01 8.675649214814388221e-01 8.659159133677906128e-01 8.706558194953042396e-01 8.714388604909688585e-01 8.529454839134457123e-01 8.636860763422665732e-01 8.707189252048060935e-01 8.693331040291514267e-01 8.619479369371835231e-01 8.633890336808407451e-01 8.633618007219125978e-01 8.674668810879626601e-01 8.696283692463776527e-01 8.743228094855151067e-01 8.696625212075461686e-01 8.538273687721483762e-01 8.427455910168332176e-01 8.611897711477870532e-01 8.606469699511651861e-01 8.484412756800773225e-01 8.576918140086975395e-01 8.686304977285010942e-01 8.376189682377533918e-01 8.591320035885752215e-01 8.617443535467764759e-01 8.608961231306836437e-01 8.641532207505303598e-01 8.672645783742960468e-01 8.313146182475317225e-01 8.582467335545936882e-01 8.593738840927991340e-01 8.508745930473680108e-01 8.553842566462734887e-01 8.605414611267163671e-01 8.669269474649793361e-01 8.645643970566628811e-01 8.732104393091074668e-01 8.662103350860417272e-01 8.643413677416900143e-01 8.667463328243668608e-01 8.691122324790959697e-01 8.646580542639971112e-01 8.628149586794288117e-01 8.714200051081191223e-01 8.662305726417616203e-01 8.667004280751279266e-01 8.730938641587467908e-01 8.745825696466967836e-01
4.102150676249440714e-02 1.706783087535123089e-01 2.997053089538573301e-01 4.608978706190230978e-01 3.906288370220721839e-01 4.956885887531635726e-01 6.850762455853641741e-01 6.271704405891163070e-01 7.353849652808573945e-01 1.000000000000000000e+00 7.505300546033026876e-01 7.647405086175123046e-01 7.011432309107535898e-01 6.404211252277433042e-01 7.766757512253361639e-01 7.672282116079116587e-01 7.275157322954519667e-01 6.765491740445285229e-01 7.409259316538723272e-01 5.388144694494514386e-01 6.395045459438370994e-01 7.219902970294526101e-01 6.949675154606503868e-01 6.864987775154437477e-01 7.168139316075389234e-01 7.606137175283459451e-01 7.663255373462709574e-01 7.681548357084330148e-01 7.433498452931577294e-01 7.597762865013516498e-01 7.968269788854125402e-01 7.814053792049986402e-01 7.423452974034905338e-01 7.665154504632776256e-01 7.702243536738788698e-01 7.531648789146480061e-01 7.821969769662339145e-01 7.988279350781207766e-01 8.013417501963683298e-01 7.675808903555111362e-01 8.136372054505558449e-01 8.011946188708536365e-01 7.794261986971782186e-01 8.116928580998368226e-01 8.041308314974050520e-01 8.073097761162887354e-01 8.237347038652721443e-01 8.255720569158987443e-01 8.158172713654335828e-01 7.795751747993433511e-01 7.980447783519823979e-01 7.718533992557005119e-01 8.073962501303002526e-01 8.277082971984569548e-01 8.218617464064180700e-01 8.144052775154563273e-01 7.993237794947942731e-01 8.168034362125973225e-01 8.139440131564915637e-01 8.198461844479305594e-01 8.175442182460946894e-01 8.229208974671223809e-01 8.110221004294332348e-01 8.175128918702851966e-01 8.092552170190082661e-01 8.161476347630747252e-01 8.273767260171351889e-01 8.218877624846739893e-01 8.159749182484195007e-01 8.037610168717643777e-01 8.053371630486994004e-01 8.247339785537730616e-01 8.083079469131930761e-01 8.095646976401146278e-01 8.268375574081551216e-01 8.185720097454624034e-01 8.209674777028630466e-01 8.147003064584363852e-01 8.216213025936834891e-01 8.173624753391389719e-01 8.175711955659794583e-01 8.271715542970351498e-01 8.236329089871544662e-01 8.115628121259853556e-01 8.122766253798962000e-01 8.199575899916962118e-01 8.163221948290561025e-01 8.212335365335191595e-01 8.245166075121301841e-01 8.287028604284716327e-01 8.129025677949667239e-01 8.234084414598642487e-01 8.234333813975521776e-01 8.240917680250524624e-01 8.266905262489832040e-01 8.286213999888941695e-01 7.926886384196987212e-01 8.028959972252354138e-01 8.182937567928206812e-01 8.185699155942167682e-01 8.177578043579998290e-01 8.206360994530420561e-01 8.174957422543703833e-01 8.222122641258137188e-01 8.186186389736168634e-01 8.141873330889234373e-01 8.221781490720431185e-01 8.295639160243910570e-01 8.293883517177317310e-01 8.250552508556533438e-01 8.260845642533446442e-01 8.259804962366047443e-01 8.261619228619691002e-01 8.217672671122353556e-01 8.233187669833930133e-01 8.206620218475872974e-01
1.424597991785305807e-02 1.339524864952329475e-01 3.499561691833911192e-01 5.534979468132120717e-01 4.558130685246049030e-01 5.647065017238618312e-01 7.491246419401357270e-01 7.157724702425357632e-01 7.952274471459734873e-01 7.505300546033026876e-01 1.000000000000000000e+00 8.535672051112356273e-01 7.592046490861531494e-01 7.054449499046839822e-01 8.616006067547213876e-01 8.502041993271437503e-01 7.986392606899297419e-01 7.762179905893570320e-01 8.202525484049716376e-01 6.224234572944256083e-01 7.570283175922224439e-01 8.170768553397322886e-01 7.725903894704871933e-01 7.652490296079120791e-01 7.932752620106731101e-01 8.243034921085354849e-01 8.521091632711116359e-01 8.515118826687952946e-01 8.193898459627598774e-01 8.202639634111958955e-01 8.638072357440593763e-01 8.656283682253698153e-01 8.239545127242309253e-01 8.464172394363222995e-01 8.434628662942420529e-01 8.551123965744267252e-01 8.653324043479762029e-01 8.733930150679148907e-01 8.829502920998890669e-01 8.553596316104030706e-01 8.870549387683863696e-01 8.864497874099604990e-01 8.720382753771935835e-01 8.919410757413626101e-01 8.875347482523102682e-01 8.821288847107530140e-01 8.979365900121319966e-01 8.980179893839607130e-01 8.880800318052193276e-01 8.712515744769990800e-01 8.798694480535009799e-01 8.634587987263101505e-01 8.843807234394566175e-01 8.845550138864332057e-01 8.808056254103139304e-01 8.825551071236827916e-01 8.705713423875568457e-01 8.911447459720206465e-01 8.820815455537606153e-01 8.938759064574597346e-01 8.953226654584958144e-01 8.870072148828850311e-01 8.819205611398660549e-01 8.885067193476920977e-01 8.860209800326299678e-01 8.894983467733598159e-01 8.988242763477369834e-01 8.981854660526370493e-01 8.948824949308994414e-01 8.896148532019898525e-01 8.930453225882788448e-01 8.971519325737057349e-01 8.812279721100675367e-01 8.902417043517759643e-01 8.998108675224295583e-01 9.014582192144706685e-01 8.992018950157678603e-01 8.884729020474874117e-01 8.959012053942981835e-01 8.902802758959185159e-01 8.982581645986855712e-01 8.962284735305527938e-01 8.981132442430340701e-01 8.903829648147699727e-01 8.903086711374049722e-01 8.959552307680159755e-01 8.994394613383362991e-01 8.966251203009593107e-01 8.990428702925941096e-01 8.926540688088192566e-01 8.931726962453023777e-01 9.015890832680132361e-01 9.016447240108209638e-01 9.020096188124587799e-01 8.991053228818997045e-01 9.001599495516036109e-01 8.785019414672212701e-01 8.835473037871436341e-01 8.949447767466255366e-01 8.963336924812520534e-01 8.998168217675587277e-01 8.952343232341425372e-01 8.970433322593670544e-01 8.992458283308204514e-01 8.998345080181511246e-01 8.848754835631268412e-01 8.973930977924766683e-01 8.990569690545301418e-01 8.987942710271970004e-01 9.001883331140358990e-01 8.974885260852535351e-01 8.984876158811534452e-01 8.958098519932603532e-01 8.987206299310989133e-01 8.981341277147881774e-01 8.948509735157572642e-01
-1.812642591394343985e-02 1.305305792676346721e-01 3.466942192619566487e-01 6.202301034747642605e-01 4.884797274342270179e-01 5.527817391123932556e-01 7.734116669965280799e-01 7.539646278575918847e-01 8.056310487823433730e-01 7.647405086175123046e-01 8.535672051112356273e-01 1.000000000000000000e+00 7.875400620230119664e-01 7.191251727228854529e-01 8.926425547601294364e-01 8.907843579143972512e-01 8.172625563944713178e-01 7.729319217357732974e-01 8.223059923048522402e-01 6.793499320732581115e-01 7.804746898531125243e-01 8.156069362085068830e-01 7.549097999276647153e-01 7.619062589117985285e-01 7.848684331968204253e-01 8.372459353638256330e-01 8.647984656492441191e-01 8.552842914417475573e-01 8.099289100988750212e-01 8.035963088420836620e-01 8.639648975676880172e-01 8.749748479596886064e-01 8.255187503233104573e-01 8.577851770755369198e-01 8.407319931369096055e-01 8.785390535774364462e-01 8.795111424552272128e-01 8.929035024224237782e-01 8.952829753845715777e-01 8.795409924800794421e-01 9.152728105590092200e-01 9.098440173016414390e-01 8.977158146621769808e-01 9.165869995003136372e-01 9.101547838252064260e-01 8.959950009696187045e-01 9.238914788510061982e-01 9.237067083601280260e-01 9.224091941035041931e-01 8.986477836170505551e-01 9.096341005714680961e-01 8.891764404008538625e-01 9.168102428818509786e-01 9.100417115508666610e-01 9.041097205467368836e-01 9.034078663035058909e-01 8.979242007920134050e-01 9.191177913711667813e-01 9.127469532355664272e-01 9.219564617679603113e-01 9.265309599173939814e-01 9.116534013159639516e-01 9.086139706049976006e-01 9.149610455661063568e-01 9.052779566330413363e-01 9.151108289990682598e-01 9.236477804023822680e-01 9.185552140087064332e-01 9.138799197686319209e-01 9.226802978697965507e-01 9.157599824267504962e-01 9.189355425373736397e-01 8.965461607232023677e-01 9.102893456458407417e-01 9.200537934943978646e-01 9.193166909755929872e-01 9.163790194643550713e-01 9.050779151777758047e-01 9.125963832523888986e-01 8.998347140824496382e-01 9.108232806427857264e-01 9.149149532575217014e-01 9.169871213403186783e-01 9.029463410052681605e-01 9.116871042414664839e-01 9.179950832954217876e-01 9.256873739672560886e-01 9.259484225328802331e-01 9.203161928393996938e-01 9.146281827171550693e-01 9.191067137087046701e-01 9.277224105481761685e-01 9.279190720258382319e-01 9.244844735073407538e-01 9.287056731987067826e-01 9.276950928925837836e-01 9.215132120443181307e-01 9.148683184358830101e-01 9.280283531480522097e-01 9.303191420083154473e-01 9.295599817615525229e-01 9.287132193448273121e-01 9.276771807423574989e-01 9.288246498785185379e-01 9.282313051355821631e-01 9.151789822482918613e-01 9.273252858506495500e-01 9.255603989885310412e-01 9.236216055625761090e-01 9.287250393928991876e-01 9.266517970878398458e-01 9.265171706377971494e-01 9.255963248995132675e-01 9.268112537300875475e-01 9.218279119336535432e-01 9.244885488489721359e-01
-6.586545039402912430e-03 1.277761348893754756e-01 2.877753523769520649e-01 5.207765251008902307e-01 4.617426298352863556e-01 5.193435326456220524e-01 6.905051645801298932e-01 6.851707829922658588e-01 7.493510297229767358e-01 7.011432309107535898e-01 7.592046490861531494e-01 7.875400620230119664e-01 1.000000000000000000e+00 6.570525523469917806e-01 8.054629744745177566e-01 8.117203197278592963e-01 7.369112049091420813e-01 7.097169189125657196e-01 7.528091652931374611e-01 6.050607756983517049e-01 7.056352797196043802e-01 7.487184412369805031e-01 6.897791215053289404e-01 6.945975585187164070e-01 7.154393782755466002e-01 7.595278683326290858e-01 7.845368790389293245e-01 7.787289129729405568e-01 7.317859417006413736e-01 7.438902462281915540e-01 7.882101119558196922e-01 7.941395670774915594e-01 7.502225451850806914e-01 7.754115623031798687e-01 7.723960835226647559e-01 7.807970622388527016e-01 7.964683701620194345e-01 7.995070765754571651e-01 8.100447973600225504e-01 7.885273300168056387e-01 8.253388558474583636e-01 8.215938590860208945e-01 8.133163081824801299e-01 8.339810141141072997e-01 8.224994643347713907e-01 8.125831932846921957e-01 8.377508670935455148e-01 8.392073117811235106e-01 8.245641585078276048e-01 7.963505746871826219e-01 8.072551172978406075e-01 7.929117777218649410e-01 8.235596360105660318e-01 8.320370044768099493e-01 8.227686408480200386e-01 8.201430737275748895e-01 8.069139794178584735e-01 8.344584233763970849e-01 8.180579470971489631e-01 8.380435712552312122e-01 8.325961953608345123e-01 8.281290663331614121e-01 8.197065772839058351e-01 8.286584053993959476e-01 8.236343422458830554e-01 8.321113833539612870e-01 8.387940347272794250e-01 8.360481848782042036e-01 8.300574630909784979e-01 8.331218372578443887e-01 8.307585076540385804e-01 8.362606992642258597e-01 8.149776572198433877e-01 8.246467947423447020e-01 8.353020528840403580e-01 8.355030057117429632e-01 8.298090860974277616e-01 8.191903279380818859e-01 8.305484620929900474e-01 8.217109352957767676e-01 8.288127865344672163e-01 8.339200683629128807e-01 8.305518324615835946e-01 8.212652809770849549e-01 8.234416913289865914e-01 8.303102436999479918e-01 8.359761543386968752e-01 8.334379510281382242e-01 8.345643541829066425e-01 8.327170719532435150e-01 8.262968957547722759e-01 8.400347683042854730e-01 8.396601838640156412e-01 8.384567790418809841e-01 8.413303582531294067e-01 8.413969523404410955e-01 8.193650268861575325e-01 8.212649504377875775e-01 8.343834074082109309e-01 8.373132736989581382e-01 8.404021244234533006e-01 8.369621039911258054e-01 8.395872832582218503e-01 8.434654734032666079e-01 8.390962689933620933e-01 8.305528005403325364e-01 8.374739551243971514e-01 8.415021020557280629e-01 8.376161204805272487e-01 8.412562441616924236e-01 8.402970147845956195e-01 8.420255609441158473e-01 8.409276568402405116e-01 8.370841320253328277e-01 8.355582488387125473e-01 8.380288778746979306e-01
