1.000000000000000000e+00 7.297043490368920748e-02 1.392319494529221380e-01 1.966145433948613547e-02 -7.607965474244790527e-03 2.495334189708011893e-02 8.948016275204963678e-04 -3.287065788898014401e-02 6.611095394445282158e-02 5.546507378393611409e-02 4.378104948880245928e-02 -2.269587300854343601e-03 -2.846613207108580554e-02 4.485964697767994003e-02 -2.191247638588079017e-03 -4.065821162852538591e-03 1.012097633500210481e-01 1.825661742964804768e-01 1.421110740821307228e-01 8.402469760762024120e-02 1.575471026337813829e-01 1.652380823059126924e-01 1.841662180559849593e-01 1.743586305729770414e-01 1.690408199844878334e-01 1.308410013450989895e-01 1.371718435210898257e-01 1.734932703979746860e-01 1.834887029466374109e-01 1.789276121769978467e-01 1.489883958279964449e-01 1.205332382175236944e-01 1.483377879464783944e-01 1.202227916404066121e-01 1.450832992658770415e-01 6.155558129354122415e-02 1.053492737875138668e-01 5.529618894209877011e-02 6.696672120183820576e-02 3.931964002144843623e-02 4.924716195882915953e-02 4.738014494587568931e-02 6.872895296239462173e-03 4.075017881566839195e-02 7.524018719003792988e-02 5.466559262590161422e-02 1.243609597454183556e-02 3.233250979778837242e-02 4.256694668408463750e-02 1.567687209563821057e-02 1.785310196256736578e-02 -3.625047577409442039e-03 2.165830900769490086e-02 4.988076898165407641e-02 6.947156718829436417e-02 7.250240218648076884e-02 4.355696804544677975e-02 2.540223325263469417e-02 4.882267794514954379e-02 2.934257529861719269e-02 3.617022547352743977e-03 3.615016097779855109e-02 2.041605633520457170e-03 2.811090583718310609e-02 4.733850231853579948e-02 2.591157006444593652e-02 3.175014935646569558e-02 5.265099501302611396e-02 7.137295702962466459e-02 4.222635885552041696e-02 6.369527931290068501e-02 7.776887520142365673e-02 5.843250903924868123e-02 6.501937940417253092e-02 4.359956699368370409e-02 5.564879767549137102e-02 5.941596683462342654e-02 7.939707803343697134e-02 6.448779063519477495e-02 8.455201813343286854e-02 8.260401202184168568e-02 6.858262705125922620e-02 6.486311342341734287e-02 7.775835912206885414e-02 3.275094460132996210e-02 5.073202872366746469e-02 6.048613453787915484e-02 2.463110390374708206e-02 3.893526784261847756e-02 4.520973898639082944e-02 4.035988617453839522e-02 1.926824011149825405e-02 3.775363142445131021e-02 3.478806066679117348e-02 5.738768325558744887e-03 1.594031138423956245e-02 1.187125785697517623e-02 1.281828232250774822e-02 -3.164303715179135243e-04 3.876216500019729217e-03 5.203946993768700235e-03 7.832294446288393455e-03 6.753198114887382780e-03 5.273416090727098098e-03 1.079180651635927753e-02 2.612332487292416336e-02 1.805372294787068593e-02 2.452041856226803984e-02 2.835308842879575783e-02 1.391658271009709770e-02 1.970794367592361082e-02 1.609280089142816131e-02 1.553501853031983779e-02 1.923758742789583032e-02 2.476560961909469658e-02 1.056492931208038825e-02
7.297043490368920748e-02 1.000000000000000000e+00 5.513510945295901217e-02 7.747490572515640384e-02 8.546382279095679491e-02 8.249828093257062511e-02 1.466575725271524466e-01 1.123890799279685659e-01 1.708521529878010980e-01 1.793289717135005679e-01 1.394025023804962293e-01 1.430078688578734214e-01 1.306426441049936826e-01 1.282783951997014948e-01 1.613856936131573827e-01 1.468007663165640242e-01 1.381131693434025642e-01 1.012201459059207803e-01 1.418648754601470052e-01 4.730931150473500352e-02 8.074610784967344024e-02 1.421144909135336476e-01 1.302109948632505232e-01 1.117975873833550460e-01 1.461334599918775456e-01 1.698278078741389530e-01 1.745674197510442560e-01 1.773789995409420228e-01 1.709223701737185019e-01 1.761110060673564681e-01 1.754485090010575177e-01 1.439417166136858217e-01 1.657770353143842301e-01 1.341325879508794561e-01 1.613362825742823969e-01 1.325267952880655742e-01 1.625802269782077591e-01 1.660541189059318579e-01 1.655758137140381780e-01 1.608599496112585459e-01 1.645163851857419923e-01 1.717967689752268046e-01 1.559714185038648948e-01 1.666040454621459665e-01 1.732699060266392199e-01 1.729694057689494524e-01 1.621315576119046198e-01 1.639164601854092573e-01 1.569500430151317960e-01 1.340136125680053136e-01 1.508576036786947183e-01 1.160955202377924322e-01 1.473594632768105983e-01 1.618029262864683626e-01 1.620460579672154400e-01 1.681431089000145485e-01 1.392800439496463538e-01 1.641499683975897184e-01 1.640924373286578031e-01 1.615598402759272634e-01 1.520953713216334768e-01 1.562323844670401030e-01 1.453918134649546112e-01 1.496287058520762159e-01 1.560310850865612997e-01 1.466015672353605248e-01 1.595163950901437311e-01 1.546459181534584615e-01 1.631917699999430871e-01 1.320168633633261035e-01 1.584898632537778962e-01 1.707079542259464233e-01 1.485259933428924872e-01 1.561970942490741310e-01 1.684967491047403287e-01 1.737568881632253204e-01 1.771325761740068783e-01 1.731006062881154106e-01 1.742249952277400149e-01 1.723508294008103126e-01 1.725357918835836446e-01 1.737705239006134272e-01 1.669133989395605033e-01 1.739115200449707632e-01 1.569574060194162679e-01 1.542700169214253902e-01 1.625466797791071394e-01 1.683227703839028644e-01 1.677809407234137906e-01 1.682390308103440257e-01 1.705314790087733290e-01 1.682412337497049271e-01 1.683720836955412137e-01 1.701963023898601379e-01 1.620581650622127667e-01 1.636462034934540177e-01 1.531349968336561673e-01 1.481740369969726245e-01 1.595897482520473032e-01 1.575980091025104279e-01 1.599880374578297459e-01 1.583716596933703591e-01 1.582771756258697926e-01 1.622092716089932329e-01 1.494087198565978158e-01 1.583667328985337019e-01 1.614156504631813482e-01 1.679190398108899307e-01 1.659861032224799193e-01 1.639077158683534818e-01 1.658285691768184578e-01 1.634165218464700975e-01 1.624013672063865654e-01 1.604601221999542027e-01 1.604657256488909722e-01 1.548130814841038316e-01
1.392319494529221380e-01 5.513510945295901217e-02 1.000000000000000000e+00 3.186986863300279582e-01 2.203270905898663257e-01 1.692918240257740015e-01 3.423754473041287216e-01 2.954090862849627630e-01 3.721156885078043541e-01 3.499618323054493052e-01 4.012493032881290778e-01 3.923673245315393299e-01 3.294654602746648342e-01 3.135226683211568277e-01 3.973167070406016244e-01 3.769023976153960120e-01 4.025145678120969905e-01 3.930406396126976953e-01 4.185930677597066163e-01 3.030800621340664081e-01 3.813460018433751375e-01 4.376057538909274847e-01 4.101095450286647570e-01 4.118226545713077336e-01 4.270831898623732026e-01 4.399114265253226130e-01 4.369207517373471794e-01 4.509650375359488539e-01 4.461775012204530211e-01 4.477593822178361771e-01 4.507102316971984823e-01 4.246900092131383753e-01 4.325428174051468844e-01 4.304755774655215084e-01 4.300996354130030008e-01 4.163052437382518955e-01 4.347621558079131088e-01 4.138157950585633071e-01 4.251217288316868625e-01 4.226877664633941212e-01 4.296519455185198733e-01 4.190412514681536860e-01 4.103642728178878984e-01 4.153409232192608047e-01 4.343119836694446789e-01 4.217912116187376714e-01 4.017325775232632457e-01 4.098088543378400894e-01 4.026141474736325554e-01 3.891505641086371869e-01 4.015147092425073172e-01 3.871036492666736772e-01 3.999740527888357433e-01 4.128701976762182424e-01 4.039604746013320535e-01 4.187502317050665335e-01 3.909452623300685437e-01 4.089127635944262429e-01 4.088073620885999127e-01 4.043806631651048478e-01 3.958760969601574087e-01 4.013441184486031821e-01 3.895573342484817125e-01 3.961672912329901042e-01 4.041746030794609035e-01 3.938900812775598115e-01 4.078208706344509937e-01 4.278296871006903590e-01 4.263561998412846998e-01 4.057104709945716370e-01 4.351033572750453993e-01 4.328230048143136832e-01 4.250710051524139166e-01 4.317661717222812667e-01 4.220659251536700851e-01 4.240637122808917914e-01 4.266344979544707816e-01 4.348624200707513765e-01 4.302881767560986503e-01 4.315372339699520277e-01 4.331472090222242555e-01 4.346917826697906939e-01 4.244562408439741530e-01 4.297682650685684114e-01 4.155078216016541703e-01 4.221782744924693631e-01 4.301596294847690460e-01 4.121212479646204629e-01 4.191862415422721311e-01 4.150411037830179506e-01 4.225764841939091965e-01 4.135646834805352112e-01 4.199683130425089783e-01 4.196739404185368949e-01 4.006584852565816535e-01 4.040346488392203561e-01 4.036595832870956135e-01 3.883349964933948684e-01 3.970039963927908810e-01 4.014722093918930423e-01 4.096225118063557269e-01 3.979271207326897652e-01 4.016225948783362365e-01 4.032392283772193164e-01 4.051161668784344916e-01 3.981070891084277363e-01 4.011319749473524765e-01 4.068095140736744941e-01 4.080205018920382010e-01 4.050303712965574454e-01 4.074248171376160799e-01 4.032236610538887378e-01 4.014483567076059245e-01 4.029385742353097100e-01 4.059642111974945400e-01 3.978079083925769033e-01
1.966145433948613547e-02 7.747490572515640384e-02 3.186986863300279582e-01 1.000000000000000000e+00 3.820898875938048556e-01 3.131901352189985221e-01 5.884590825135266323e-01 5.520814847249315704e-01 5.353859713358899430e-01 4.964148311665284030e-01 5.759567713415315593e-01 6.511513663693708764e-01 5.832881695709649650e-01 4.295632714285161913e-01 6.310325216771159873e-01 6.274850419112363298e-01 5.586580311861178982e-01 4.704852280278631893e-01 5.118888801862587767e-01 5.226403308222521416e-01 5.148838615932364027e-01 5.444680208791345954e-01 5.110387217073484312e-01 5.150425295306615414e-01 5.192293446261152523e-01 6.070455983069362738e-01 5.660542411158280274e-01 5.518468259972093559e-01 5.019916928323076011e-01 5.289520517040210423e-01 5.665509415097568224e-01 5.974370890347433516e-01 5.493708814941825613e-01 5.838313614171781740e-01 5.348917283090121044e-01 5.950276272165241354e-01 5.733578146335388537e-01 6.217098845435081733e-01 6.076372000182608257e-01 6.397114186985810580e-01 6.362217280964788113e-01 6.340012629641154085e-01 6.458110221790148708e-01 6.360355981358756239e-01 6.289720144440185123e-01 6.199639781769881175e-01 6.319335308531696116e-01 6.323256136540469363e-01 6.300874155105971042e-01 6.367128474816413641e-01 6.408994814730671896e-01 6.462370964566965803e-01 6.490037801721965094e-01 6.199658085976275101e-01 6.108279794123149253e-01 6.196201516655837072e-01 6.192372243099995011e-01 6.355726145679537753e-01 6.252000239899976330e-01 6.340716942056636718e-01 6.408264269568860749e-01 6.279440842797713307e-01 6.288160961333963961e-01 6.281242936706046276e-01 6.211958151225067670e-01 6.320809576183830103e-01 6.287766075814548161e-01 6.249754959613997851e-01 6.178982638534477045e-01 6.538843680652048906e-01 6.337633455633095991e-01 6.119551471440487500e-01 6.256899400177202697e-01 6.238581620109788783e-01 6.315948322678451854e-01 6.222412891935396040e-01 6.138288532266844566e-01 5.928505663839780393e-01 6.128818434136126259e-01 6.036309927426634081e-01 6.104981065832669751e-01 6.175339006081739246e-01 6.218374534695043643e-01 6.075352449537194666e-01 6.384367930682578463e-01 6.304241982008940148e-01 6.256999740120664510e-01 6.381035145089402061e-01 6.294354101696110204e-01 6.242850645917797925e-01 6.387428782463033805e-01 6.402118816497787135e-01 6.346051093690696643e-01 6.327983737077649273e-01 6.373460358175454532e-01 6.351882065956004908e-01 6.561268404959943457e-01 6.387980370925891993e-01 6.402049595206303900e-01 6.484593326394917367e-01 6.500422041530066197e-01 6.405336921045963194e-01 6.441372562152144488e-01 6.441487491630613071e-01 6.453602186304592259e-01 6.308956321016337965e-01 6.318867441482561853e-01 6.261316423069447357e-01 6.290967503720912291e-01 6.354226120681882861e-01 6.332458070149062923e-01 6.354855298463778501e-01 6.351134816516893489e-01 6.337959957181897863e-01 6.313636544885775637e-01 6.400088448162303267e-01
-7.607965474244790527e-03 8.546382279095679491e-02 2.203270905898663257e-01 3.820898875938048556e-01 1.000000000000000000e+00 2.162251912524955078e-01 4.658996049451185617e-01 4.351776459793511576e-01 4.790374645050873847e-01 4.309565214664083377e-01 4.748474668868917226e-01 5.110977122432641684e-01 4.728882843487570709e-01 3.660671957539089472e-01 5.192542070537927712e-01 5.065566214832415426e-01 4.750003372325464213e-01 3.910417190448671754e-01 4.306223046530175957e-01 3.871410633244220523e-01 3.932509532974177713e-01 4.428924689398426318e-01 4.227083186072758125e-01 4.286970567454457814e-01 4.328280881951646064e-01 4.961834406084409399e-01 4.699209538409521714e-01 4.555817261559538256e-01 4.262097847817685747e-01 4.492266940228962779e-01 4.726526373581426688e-01 4.956379570853647332e-01 4.563098415009446129e-01 4.908314494285935803e-01 4.654519751237025660e-01 4.871791056384492946e-01 4.836801331742441312e-01 5.094934625040654641e-01 5.043344198312619264e-01 5.196291775067234386e-01 5.172702956149928255e-01 5.178612201482318822e-01 5.257365161269508258e-01 5.225869105579200591e-01 5.112266773470014458e-01 5.165547519563485901e-01 5.203975271037531991e-01 5.160505742695461473e-01 5.072149605743330181e-01 5.025307110465930815e-01 5.201993906149751101e-01 5.096240250829364715e-01 5.130107952784136449e-01 5.061206035706210526e-01 4.981146558046426476e-01 5.154606123414663399e-01 4.886552936170037165e-01 5.126890967106048080e-01 5.088032151595401897e-01 5.193079072546072927e-01 5.265538801020733795e-01 5.073558427347761857e-01 5.014857692142669077e-01 5.045901419246576758e-01 5.086027736678297995e-01 5.058366453166849297e-01 5.173274392916616948e-01 5.166470064822290542e-01 5.139369505522772830e-01 5.179377576404132766e-01 5.167244680199857276e-01 5.061381437809937545e-01 5.155252998578976342e-01 5.128443971738523288e-01 5.218112343826888377e-01 5.154992373302713649e-01 5.112233492277120650e-01 4.942254596038390679e-01 5.096311805129605244e-01 5.043842037944141765e-01 5.027537203494848450e-01 5.089036793478105558e-01 5.133532516694858661e-01 5.095597124321447069e-01 5.208192147189284471e-01 5.237064729768882154e-01 5.151326645949259042e-01 5.235792831629463295e-01 5.214312556134156340e-01 5.189879235804643054e-01 5.248555711938228674e-01 5.255135927599364765e-01 5.209203939267764705e-01 5.184943032190976187e-01 5.232522166919623130e-01 5.202105132519428965e-01 5.236724952864759697e-01 5.085107964030373129e-01 5.255726262659923265e-01 5.278591577387476974e-01 5.318274150165657188e-01 5.186304133780830217e-01 5.204519769520079553e-01 5.246443212099867193e-01 5.223636967603350056e-01 5.073167838717236311e-01 5.161382041569806400e-01 5.196258004027728417e-01 5.176215100931489399e-01 5.237447991985133555e-01 5.180911957870141249e-01 5.197627787042967684e-01 5.165347489360051503e-01 5.172732193434774750e-01 5.178179800936125732e-01 5.187756123008293585e-01
2.495334189708011893e-02 8.249828093257062511e-02 1.692918240257740015e-01 3.131901352189985221e-01 2.162251912524955078e-01 1.000000000000000000e+00 4.264918903296559538e-01 3.602223766596386878e-01 3.726649860040499029e-01 3.184897930478187145e-01 3.848864099433332298e-01 4.191011533415802681e-01 3.764836970420204487e-01 2.992850125248623927e-01 4.318099858511821321e-01 4.193311371429094270e-01 3.747150580343159287e-01 3.029468341621979199e-01 3.414614577001849338e-01 2.744578072981269101e-01 3.023435715535622847e-01 3.607149987476218622e-01 3.290278591494097404e-01 3.125964739781124657e-01 3.286633572786056279e-01 3.961772397017359615e-01 3.857559112167019966e-01 3.764697204661636709e-01 3.528641652449289179e-01 3.628891874006112128e-01 3.829605482926993765e-01 3.808790790312334695e-01 3.673100738028303724e-01 3.756122197592501877e-01 3.725865061847967730e-01 3.968330154779378116e-01 3.939749384212700156e-01 4.065565536060652407e-01 4.094428439346439741e-01 4.180255553103987554e-01 4.222435818147279862e-01 4.268722163226952859e-01 4.297734462240881403e-01 4.335751330666349768e-01 4.158531745835569726e-01 4.200002867111002902e-01 4.203482491421205447e-01 4.248792199453360618e-01 4.241766483079499328e-01 4.151170033950854488e-01 4.214586737367137514e-01 4.162495488569054602e-01 4.220834016125015742e-01 4.144452394939470707e-01 4.153814450686016402e-01 4.096968817092447868e-01 4.186215390300032091e-01 4.259645518291383381e-01 4.231793114179333570e-01 4.288807837594884043e-01 4.272549639397927868e-01 4.283966105761385923e-01 4.221773863109697378e-01 4.242664059859968528e-01 4.224586096324222106e-01 4.238601584359110164e-01 4.201519101595274641e-01 4.152323053024851163e-01 4.074250862413217877e-01 4.116677168622216443e-01 4.162792124741055422e-01 4.138200300928504549e-01 4.085710072056225051e-01 4.030156883846039984e-01 4.213860780646889737e-01 4.238304728870180282e-01 4.216909257931067412e-01 4.120673763966197778e-01 4.140632653735584756e-01 4.095238733812290866e-01 4.129352568301417059e-01 4.158479617904176640e-01 4.148030293113189604e-01 4.100520168606361371e-01 4.213564699786345735e-01 4.095332211289238189e-01 4.192575542908067998e-01 4.242868449709961687e-01 4.216603737348463277e-01 4.187139585990777846e-01 4.255742618285682788e-01 4.313423848986855935e-01 4.217463525626885534e-01 4.261139428154586128e-01 4.296839325140051069e-01 4.257195940206999762e-01 4.308941833870208460e-01 4.268355046781169837e-01 4.303131546160771648e-01 4.315791560175021857e-01 4.313732337030161124e-01 4.300384611623743747e-01 4.292171415267705403e-01 4.326854065846208464e-01 4.294236649163371000e-01 4.270619015812598951e-01 4.281816285043996140e-01 4.253814558461315731e-01 4.240198299923176317e-01 4.274287733565960146e-01 4.269178064736938727e-01 4.277357095487553384e-01 4.280832118805424358e-01 4.273433718541093107e-01 4.273022065946253667e-01 4.297275669900335604e-01
8.948016275204963678e-04 1.466575725271524466e-01 3.423754473041287216e-01 5.884590825135266323e-01 4.658996049451185617e-01 4.264918903296559538e-01 1.000000000000000000e+00 6.878086540065811993e-01 7.179162755906712823e-01 6.722418315724374427e-01 7.425124696275819947e-01 8.123703426936010885e-01 7.281759182282293574e-01 5.730612893176578737e-01 8.369533791485954666e-01 8.060588209686816441e-01 7.075927869642304469e-01 5.827339688876931323e-01 6.614501310976106385e-01 5.616883356630926194e-01 5.932563026893370450e-01 6.763670263368394275e-01 6.271451112911584636e-01 6.169792454032145823e-01 6.361497337322875589e-01 7.705423712630496969e-01 7.525146402095953535e-01 7.351473464195790175e-01 6.899039698948310484e-01 7.011119208933529467e-01 7.457364115514338865e-01 7.616463663185446542e-01 7.254869851202608855e-01 7.411297998780269625e-01 7.239477565567681294e-01 7.605314672285425903e-01 7.570001039839496793e-01 8.034598509766408547e-01 8.007909004620124005e-01 8.173162471722067446e-01 8.159574021478713801e-01 8.244077110429710586e-01 8.239773069165617914e-01 8.262132075768080508e-01 8.052838746383887969e-01 8.136206693286599512e-01 8.205887207037613207e-01 8.172428857229212529e-01 8.140322872733007920e-01 7.968728617766257516e-01 8.177108966710670002e-01 7.871476578261915602e-01 8.162381244502574518e-01 8.075620366928343286e-01 7.929452678858258663e-01 8.019293818585678801e-01 7.881330508403684432e-01 8.141095510711831018e-01 8.159544256308054466e-01 8.202719442376542602e-01 8.184351282089914470e-01 8.137880622998719948e-01 8.035623270725494871e-01 8.161327692757425201e-01 8.108591516577146052e-01 8.053801937676360323e-01 8.161082480651923321e-01 8.042399039952230488e-01 8.006077679245010570e-01 8.046889101086451834e-01 8.024968550410584989e-01 7.986098998072457267e-01 7.970803916899020791e-01 7.866405272183406572e-01 8.183054177050634870e-01 8.181148813183750645e-01 8.175400912701240586e-01 7.911777456279762699e-01 8.099167735043889538e-01 7.910401941430666994e-01 7.962240281474015635e-01 8.059483990957498900e-01 8.092477195501603937e-01 8.017042200763970783e-01 8.244254400047017484e-01 8.092065250281067490e-01 8.110631059034055790e-01 8.300137836819307946e-01 8.215344356197961107e-01 8.147351804229965300e-01 8.293888521350738507e-01 8.315410466393676758e-01 8.219046357764265842e-01 8.268854406236808563e-01 8.260037116950095237e-01 8.235463708137452654e-01 8.298450457360728727e-01 8.097148334029632410e-01 8.258346089044068528e-01 8.304854873732744336e-01 8.359007318776472406e-01 8.239890820417038464e-01 8.249256350656305470e-01 8.318279974329423343e-01 8.216641488534129900e-01 8.125742212208876269e-01 8.213111632567976494e-01 8.194715917030105379e-01 8.197655377979170543e-01 8.232804302456379064e-01 8.245553070715311295e-01 8.240160946593977354e-01 8.240644618463209836e-01 8.231622023890470263e-01 8.211666909002474091e-01 8.187438677834828482e-01
-3.287065788898014401e-02 1.123890799279685659e-01 2.954090862849627630e-01 5.520814847249315704e-01 4.351776459793511576e-01 3.602223766596386878e-01 6.878086540065811993e-01 1.000000000000000000e+00 6.769868013213145019e-01 6.173515372458735495e-01 7.011267523434837612e-01 7.719603606872192936e-01 7.036215788314187369e-01 5.425698464163821733e-01 7.765148282634947163e-01 7.858446513703229996e-01 6.711243896466911885e-01 5.263138498644164276e-01 5.902249673049879686e-01 5.168804045406816261e-01 5.474750149145122258e-01 6.079934522570391575e-01 5.675300048225365712e-01 5.461664296655383000e-01 5.582935023140050967e-01 7.057838398577332972e-01 6.977494522144825906e-01 6.525531796564445486e-01 6.176751970602776254e-01 6.370127759478649843e-01 6.852177862290940169e-01 7.059020344401822911e-01 6.481508288857121824e-01 6.831832301106667282e-01 6.596731459116966789e-01 7.157873355592895281e-01 6.961908409872995529e-01 7.589195318465579154e-01 7.463582822963896746e-01 7.529634920542110921e-01 7.576114707811942850e-01 7.665410089228998913e-01 7.779188931556173525e-01 7.781244195965211219e-01 7.490219897343219912e-01 7.598310551301177274e-01 7.797827813141479103e-01 7.782659823905839769e-01 7.811747993976609905e-01 7.735199481093952834e-01 7.856464235979180311e-01 7.564543722681204008e-01 7.748501350128375043e-01 7.657533225951869138e-01 7.628997713294465299e-01 7.506760173806920067e-01 7.763512087618812396e-01 7.827026571162468693e-01 7.826525082606378136e-01 7.818075189479519738e-01 7.901027583741180305e-01 7.843387710330195217e-01 7.847521222789977102e-01 7.811961282286519204e-01 7.723221739858566748e-01 7.786491194924072268e-01 7.752225804721841751e-01 7.573960465280168419e-01 7.492181027774593716e-01 7.557816741264737903e-01 7.486008118518708843e-01 7.488918386683969253e-01 7.445786797963340753e-01 7.283288234102044401e-01 7.712763671033125989e-01 7.701049016322576435e-01 7.612158979393923719e-01 7.382259627576233108e-01 7.553674510713137558e-01 7.419274057221991736e-01 7.457663273154327976e-01 7.575633149389549015e-01 7.604512672499668113e-01 7.483700971172776439e-01 7.756910190729316978e-01 7.585384708803233345e-01 7.558632477182002374e-01 7.821560785901465751e-01 7.668210744821114533e-01 7.681974941984884842e-01 7.674222086367356033e-01 7.842860440883212547e-01 7.742745097921412967e-01 7.781749740248968816e-01 7.859005606318854031e-01 7.835022415577620469e-01 7.964847789835939329e-01 7.918430038574384433e-01 7.920128528813826785e-01 7.923817377721854571e-01 7.880334626474664317e-01 7.923667514978045556e-01 7.872144431881135107e-01 7.920978886029481636e-01 7.871095189687192795e-01 7.871141272712581793e-01 7.875362771574137000e-01 7.764853905371443821e-01 7.798323614121616121e-01 7.875282252215012324e-01 7.866919840393026275e-01 7.860306604731881475e-01 7.892614260420527383e-01 7.871434192850876865e-01 7.831696844171766037e-01 7.883829091292754443e-01
6.611095394445282158e-02 1.708521529878010980e-01 3.721156885078043541e-01 5.353859713358899430e-01 4.790374645050873847e-01 3.726649860040499029e-01 7.179162755906712823e-01 6.769868013213145019e-01 1.000000000000000000e+00 7.677226290292235023e-01 7.932048797122461803e-01 8.175856594926087517e-01 7.581279054052056932e-01 6.051073712619816636e-01 8.366016235483585417e-01 8.198401389704154107e-01 7.984003695035961634e-01 6.700722951265052352e-01 7.448337225789820604e-01 5.536694091752144553e-01 6.402208166872395134e-01 7.542065648319654647e-01 7.213612963381136334e-01 7.010258561736785188e-01 7.361976088325443701e-01 8.326750189096937538e-01 8.142485697010301005e-01 8.053855886898144689e-01 7.871856689022211917e-01 8.115975996387683189e-01 8.395350761463805656e-01 8.329422655107451279e-01 7.882415676134857385e-01 8.155834890264430648e-01 8.139986411771142905e-01 8.307349731376940660e-01 8.420979520655431649e-01 8.528986326645062732e-01 8.613665258255629453e-01 8.387653275315525292e-01 8.648824151064090637e-01 8.586411628891421621e-01 8.471931055870220995e-01 8.716356378852679887e-01 8.657760231580978738e-01 8.688316732767166206e-01 8.769775309142169295e-01 8.802242982396784043e-01 8.755268346779794264e-01 8.378427347445649431e-01 8.651152677413455061e-01 8.171972762164120274e-01 8.488370899599037012e-01 8.787144575295608995e-01 8.682512272520453989e-01 8.689178098353291801e-01 8.557577265756248774e-01 8.735055009444717689e-01 8.794755933524489588e-01 8.783131565107608063e-01 8.735371365624208240e-01 8.785242049148265231e-01 8.612340998650316326e-01 8.761223605555231719e-01 8.772153943724693148e-01 8.717645177606349050e-01 8.827372138830107406e-01 8.755905277164981459e-01 8.730844993465346482e-01 8.438422847388606929e-01 8.648662935392847917e-01 8.775591463050306240e-01 8.638705226365908096e-01 8.627438934647281288e-01 8.797587960754519321e-01 8.777434262383837504e-01 8.750606237531423082e-01 8.719174698930330925e-01 8.742236257914496322e-01 8.750541651086424233e-01 8.758788140107384157e-01 8.799376907801320646e-01 8.772585532722620982e-01 8.760143123451746838e-01 8.707067108107104936e-01 8.726170643537064509e-01 8.761094151164530164e-01 8.765284271342368427e-01 8.774188314403195132e-01 8.796765017731958958e-01 8.726143384783424661e-01 8.770887446379542762e-01 8.791671916339018900e-01 8.773757568053813793e-01 8.791471781934688812e-01 8.807726762133983867e-01 8.605119017535172166e-01 8.592171067971212661e-01 8.753293902519132530e-01 8.735505358302489975e-01 8.673724045654832571e-01 8.755477844412008492e-01 8.684930633358409757e-01 8.736003152065613397e-01 8.713754044199334414e-01 8.739457719755033827e-01 8.808750891900325453e-01 8.823252093883336977e-01 8.820887225570613888e-01 8.788854992285209944e-01 8.789728205541402772e-01 8.809691185576712380e-01 8.783759094683698532e-01 8.805059899716561889e-01 8.805685772984735982e-01 8.741727841354646200e-01
5.546507378393611409e-02 1.793289717135005679e-01 3.499618323054493052e-01 4.964148311665284030e-01 4.309565214664083377e-01 3.184897930478187145e-01 6.722418315724374427e-01 6.173515372458735495e-01 7.677226290292235023e-01 1.000000000000000000e+00 7.477036048459798634e-01 7.589237467943373838e-01 7.071738615678759832e-01 5.583687131764222267e-01 7.773218674535563588e-01 7.742115777976668056e-01 7.480976532170883209e-01 6.327585084781806035e-01 7.135672298439341699e-01 4.847994812673375176e-01 5.848857912881628707e-01 7.122277718163945170e-01 6.972583294271841314e-01 6.642785829489890048e-01 7.050352541540360063e-01 7.960055015772286025e-01 7.769286694479179411e-01 7.823175101254241648e-01 7.784900910099538107e-01 7.951835512420798446e-01 8.122544393879781444e-01 7.875505275583343234e-01 7.655234370442771663e-01 7.810092226787596070e-01 7.889177385958155986e-01 7.747590192222703065e-01 8.061582801657689590e-01 8.040541906030840291e-01 8.186879690435975299e-01 7.899846334474380782e-01 8.194911159915753140e-01 8.073969202138721046e-01 7.914710459762592798e-01 8.182530658226501163e-01 8.185066906397042708e-01 8.181901691264483745e-01 8.250976935918964417e-01 8.289419195285255837e-01 8.177123603352848269e-01 7.764553826877189646e-01 8.085657002750610278e-01 7.539123357461914310e-01 7.966275722294319239e-01 8.244825430860726057e-01 8.136687715478558847e-01 8.227984387998013016e-01 7.857631734954189096e-01 8.119391077639608323e-01 8.210988906666749632e-01 8.189622566144449944e-01 8.113278310838568652e-01 8.180280738499100535e-01 8.009557597325680511e-01 8.156784836139573391e-01 8.160861479800174401e-01 8.082375492418747420e-01 8.278085450223847674e-01 8.266712826489762689e-01 8.251899858096892748e-01 7.792893945731433902e-01 8.106554609021399127e-01 8.300500395843410928e-01 8.126053792483346472e-01 8.159018411126279791e-01 8.342840065376044834e-01 8.333176845811210987e-01 8.341518727501927577e-01 8.349364150283241637e-01 8.327951147474829119e-01 8.372517639362826447e-01 8.355120058962410834e-01 8.377125284717056308e-01 8.312423400809202390e-01 8.332282742001131393e-01 8.224803463689948080e-01 8.247807747397827294e-01 8.295573244502769672e-01 8.276837897848402514e-01 8.320064178063591998e-01 8.290515408819442156e-01 8.248113572733954957e-01 8.264425696706575453e-01 8.295501243690431847e-01 8.293992557499406670e-01 8.255281484057772623e-01 8.277559501434613720e-01 7.969039143972397321e-01 7.957952989585825865e-01 8.192877645651114316e-01 8.170773341432083781e-01 8.107205857418177120e-01 8.168503665022039950e-01 8.122330995324337222e-01 8.179525799076489134e-01 8.129974440402653046e-01 8.109314654549512058e-01 8.245838032377874605e-01 8.311435558021340597e-01 8.289644189693345933e-01 8.266296969158668517e-01 8.246411302541887256e-01 8.265187613134784561e-01 8.213652344485563583e-01 8.236660965106040733e-01 8.242549026384694555e-01 8.153590329926002633e-01
4.378104948880245928e-02 1.394025023804962293e-01 4.012493032881290778e-01 5.759567713415315593e-01 4.748474668868917226e-01 3.848864099433332298e-01 7.425124696275819947e-01 7.011267523434837612e-01 7.932048797122461803e-01 7.477036048459798634e-01 1.000000000000000000e+00 8.508631276683701339e-01 7.614167130514607473e-01 6.140067320518223237e-01 8.522369117242366565e-01 8.471666501674961491e-01 7.991091399920768890e-01 6.906198119076133457e-01 7.594715389520102500e-01 5.867238407566153224e-01 6.620389278486239482e-01 7.732586715210260087e-01 7.450716155806644814e-01 7.218126194580654076e-01 7.466173029655308602e-01 8.513654109836583661e-01 8.345797129705943007e-01 8.253952007398392965e-01 8.015282016461393599e-01 8.210401950920206415e-01 8.573934372860767539e-01 8.543499765237504429e-01 8.075358386696503965e-01 8.352285851509071435e-01 8.222846978410687235e-01 8.380583599308328857e-01 8.524197734154026485e-01 8.724981139646688089e-01 8.760660687549333137e-01 8.632778984168191228e-01 8.801164108398177310e-01 8.778600189357588235e-01 8.684005118162472225e-01 8.853864139727077864e-01 8.785148157199851315e-01 8.807253709212907733e-01 8.857515177007071472e-01 8.904742084577471628e-01 8.845133198274075514e-01 8.548718388772208465e-01 8.797221688496816849e-01 8.293129827862435466e-01 8.674583663465164074e-01 8.848096420899360659e-01 8.795896101381035503e-01 8.827059122174840677e-01 8.619520740750069576e-01 8.831034010102424281e-01 8.880676034592051016e-01 8.836691555366948947e-01 8.828273145410160394e-01 8.854862075491135576e-01 8.748530420033948651e-01 8.809956344997978972e-01 8.793262607847357470e-01 8.761266613564897554e-01 8.911171020012892408e-01 8.870041909654301504e-01 8.868386287865924755e-01 8.615956154205683948e-01 8.787138961617420030e-01 8.880206565533433904e-01 8.773345455303235285e-01 8.749327386746793556e-01 8.939612418416426065e-01 8.899667302151276216e-01 8.893472463303134790e-01 8.813192133131539929e-01 8.880329509475404226e-01 8.857609005249967860e-01 8.877883848132510636e-01 8.903407174227816467e-01 8.909069197567361931e-01 8.896206535090345202e-01 8.890737328490345703e-01 8.880070796492638419e-01 8.898724019986933298e-01 8.938577086076761047e-01 8.920524395620298419e-01 8.903314443858666438e-01 8.919584013872821071e-01 8.926245424073731005e-01 8.938176130614960968e-01 8.910733906142940253e-01 8.912854096734527110e-01 8.922317314207010019e-01 8.832217919472236112e-01 8.727100236207266937e-01 8.890516619673223264e-01 8.910086798266848573e-01 8.863119261053291620e-01 8.886084570358976364e-01 8.813907682758383988e-01 8.891791155794332990e-01 8.831593674605648925e-01 8.840887174503734292e-01 8.900497080878557732e-01 8.902891103607769585e-01 8.940864182602075161e-01 8.934926073074991315e-01 8.912104573443078159e-01 8.902872130623873392e-01 8.896412658581456245e-01 8.900574821177341667e-01 8.912015401219045563e-01 8.833275713771706616e-01
-2.269587300854343601e-03 1.430078688578734214e-01 3.923673245315393299e-01 6.511513663693708764e-01 5.110977122432641684e-01 4.191011533415802681e-01 8.123703426936010885e-01 7.719603606872192936e-01 8.175856594926087517e-01 7.589237467943373838e-01 8.508631276683701339e-01 1.000000000000000000e+00 8.328758340094749579e-01 6.461304557225885370e-01 9.173402068246678809e-01 9.137786366458784393e-01 8.170279946089229473e-01 6.540708669204933212e-01 7.406667067523075021e-01 6.136559033036220745e-01 6.599557223358719638e-01 7.621624636307507972e-01 7.174190527060574363e-01 7.000278908088015672e-01 7.229220887939713514e-01 8.683475079844653610e-01 8.533545260221011564e-01 8.190260425607941430e-01 7.859862456628436966e-01 8.074938561336904019e-01 8.524146750702300546e-01 8.616362433187031433e-01 8.117604615285419767e-01 8.414210053786868038e-01 8.208738170807298173e-01 8.646625386437470917e-01 8.630073698769142876e-01 9.100449281774113386e-01 9.078694452923677938e-01 9.105255576085568014e-01 9.278681279442846375e-01 9.222543569178313083e-01 9.227441582881621418e-01 9.352455011982960809e-01 9.126176878836977924e-01 9.180165643168179956e-01 9.374308527469282781e-01 9.355936379397851166e-01 9.357555019028266363e-01 9.139940870080586199e-01 9.328155979866838976e-01 9.059858419546823471e-01 9.311529024850283554e-01 9.253123193912782263e-01 9.120566109488819073e-01 9.116579628494895227e-01 9.168448878269827018e-01 9.341637353379879105e-01 9.310212971310108943e-01 9.390503267847803981e-01 9.397896059778010347e-01 9.348827690400678403e-01 9.275845541284778450e-01 9.348476710144284496e-01 9.261886119096335301e-01 9.306998928262790738e-01 9.370307758617693050e-01 9.200279508574993326e-01 9.136483161017140420e-01 9.107728839566160417e-01 9.150262695002415736e-01 9.141853538355462216e-01 9.063220335570985053e-01 9.029965364385507121e-01 9.341777201556412669e-01 9.309592027852923168e-01 9.240498753142671884e-01 9.047909485769017879e-01 9.189556984004702000e-01 9.089542248715808404e-01 9.133424994065054703e-01 9.217073988648757377e-01 9.208301245656511647e-01 9.139413218056409161e-01 9.355360199831557200e-01 9.220565208577883309e-01 9.244978044446923171e-01 9.381287024804495500e-01 9.315340212178899737e-01 9.279974063924757433e-01 9.336695696359145202e-01 9.433763313687293373e-01 9.353809554509803226e-01 9.392067869322511253e-01 9.434367828312396620e-01 9.419258193507149546e-01 9.443676028252552257e-01 9.338594785253847563e-01 9.442673459730067664e-01 9.450069732304822168e-01 9.437864126008723709e-01 9.445426685914166676e-01 9.423141050690969633e-01 9.470732189309399862e-01 9.415079363895305642e-01 9.359610727702902810e-01 9.421281658568392281e-01 9.365253218648323941e-01 9.364774582519131974e-01 9.422767232914111002e-01 9.392235116327241062e-01 9.429438611037961326e-01 9.423687045492787906e-01 9.430851115038425547e-01 9.393311850693800702e-01 9.417429694881044311e-01
-2.846613207108580554e-02 1.306426441049936826e-01 3.294654602746648342e-01 5.832881695709649650e-01 4.728882843487570709e-01 3.764836970420204487e-01 7.281759182282293574e-01 7.036215788314187369e-01 7.581279054052056932e-01 7.071738615678759832e-01 7.614167130514607473e-01 8.328758340094749579e-01 1.000000000000000000e+00 6.017902922889367678e-01 8.419227967024166537e-01 8.361681521465516020e-01 7.489131115621835422e-01 5.823954289735358003e-01 6.659072290410524841e-01 5.416596136858234933e-01 5.765559237837019069e-01 6.812070971902920435e-01 6.562743047609027602e-01 6.333605346011398352e-01 6.557999665930707156e-01 7.876384786345838052e-01 7.682803031170558627e-01 7.403371870076063122e-01 7.059361981157716848e-01 7.294664254196608910e-01 7.699827042376437003e-01 7.872270491288893002e-01 7.270459868889597166e-01 7.671205663592515211e-01 7.543875929298116123e-01 8.017933033505603158e-01 7.913991782813299958e-01 8.246096026200488982e-01 8.284962145846959114e-01 8.301873036241971260e-01 8.427148968349744695e-01 8.436326770812125897e-01 8.535931877094067310e-01 8.551861496691727238e-01 8.379948595795555510e-01 8.420415011977987474e-01 8.632054662407387946e-01 8.613504675517082987e-01 8.562050384661956670e-01 8.257656218872574394e-01 8.528590570668692639e-01 8.322766878045471106e-01 8.535424132803313135e-01 8.525698466100875006e-01 8.317682234621569526e-01 8.379741511419084299e-01 8.363223320912623882e-01 8.577259792869693644e-01 8.521555508326764672e-01 8.656954920431186862e-01 8.707809424351780070e-01 8.560998940646875610e-01 8.483212845598839813e-01 8.575886547387581160e-01 8.507811760604406803e-01 8.552310258183907221e-01 8.617916624340423715e-01 8.438822112955670640e-01 8.380482847694593618e-01 8.274324830304351508e-01 8.333822609495376010e-01 8.364199097147707596e-01 8.319377240601967261e-01 8.261283821043705622e-01 8.565736878770505713e-01 8.506840378148837756e-01 8.458424069281929025e-01 8.294689463550487529e-01 8.410704719433946819e-01 8.312070599439999041e-01 8.339284882634191431e-01 8.433742511484679794e-01 8.461725728313813644e-01 8.370731440458031303e-01 8.529313910925471198e-01 8.494492659460483042e-01 8.502854494659662921e-01 8.598082997697429342e-01 8.554228762512465778e-01 8.557514606171152671e-01 8.567209668561204250e-01 8.668567926195100970e-01 8.604221232174320555e-01 8.610619013619972284e-01 8.699358917803577951e-01 8.686992104800042025e-01 8.614143358581647369e-01 8.546254685502316928e-01 8.704739250401962725e-01 8.666728303511581633e-01 8.693355230159843794e-01 8.667187042025322752e-01 8.680665961353194460e-01 8.700019007440279450e-01 8.679042645912317111e-01 8.596482104771400179e-01 8.680088101039064030e-01 8.648259968553178023e-01 8.632784471372486612e-01 8.671771169036232019e-01 8.648076863300270256e-01 8.701991589668388594e-01 8.682632831426778663e-01 8.671990721414490899e-01 8.644128817893113048e-01 8.668102248093115803e-01
