1.000000000000000000e+00 7.878497795374557466e-02 7.138028621378156302e-02 7.415105393817825186e-02 2.007412680524528481e-02 1.250175396357454047e-02 4.288281761638496059e-02 2.761387057813625631e-02 8.515890230203097822e-02 5.610418924421520237e-02 4.948109117204751300e-02 9.830192685026288915e-03 -7.908906997630287677e-03 2.850250744911863796e-02 1.577623802471822198e-02 2.880064839380953173e-02 5.989696195755588037e-02 1.241021001487873782e-01 9.799401636791263415e-02 6.874749287414395893e-02 1.253567604491576670e-01 1.008379736471210347e-01 1.334974623855879061e-01 1.216152669801428138e-01 1.076120826753729776e-01 7.613818202576830285e-02 9.314497911726880852e-02 7.349838095538925586e-02 8.772243761739578760e-02 7.671530085231700880e-02 4.978009005941010090e-02 7.609032282642619327e-02 8.434552958471860928e-02 7.849030783146010437e-02 9.214109091964303722e-02 6.433283435704191533e-02 6.790638205317442444e-02 3.269236464735910536e-02 3.449680908032245336e-02 3.217193798094478835e-02 3.013038955596473306e-02 2.006914799316820985e-02 2.354951714708066694e-03 3.192111417468032619e-02 3.815451602631615702e-02 1.780895799805042382e-02 2.985929307098376690e-03 1.257092277057750805e-02 1.629809127830436286e-02 2.109994360244440634e-02 1.016282888079421756e-02 3.944084782726395288e-02 1.312878377378782005e-02 4.579012135385041038e-02 3.527973040551411754e-02 4.150578054633367181e-02 3.986746368352650505e-02 7.913469578602092686e-03 1.220024221691975129e-02 2.387159251851119282e-02 4.379266028856318091e-03 1.624301247609765547e-02 2.335541579234980125e-02 1.653899395304377767e-02 4.292534230820296143e-02 2.809994765322749652e-02 2.049642827810285034e-02 3.331797315223571782e-02 4.979187277418118535e-02 2.798624310460979397e-02 4.278962626527030993e-02 3.936551592565692287e-02 4.913663782817153519e-02 4.705266665135815485e-02 2.913939043651083208e-02 3.381235725134713183e-02 3.703247607261855867e-02 3.450025855929707980e-02 2.223646482296339974e-02 2.405022963135516889e-02 3.667587361343892238e-02 1.996969582148812664e-02 5.748514396669471976e-02 3.949873677648960829e-02 2.075533887811658804e-02 3.007072543389732733e-02 3.446615713891696547e-02 1.733978762190568554e-02 2.071654902949405727e-02 3.430511063858383836e-02 2.983358834213431510e-02 1.858515882461556079e-02 1.975801429218817032e-02 2.069872614279599440e-02 5.570527535946651239e-03 1.105126357333249820e-02 1.141819446582882126e-02 2.889426645343381658e-02 1.299070012606059164e-02 9.487318792055806152e-03 9.435211541802880977e-03 2.313019765241075554e-02 8.985028445472642220e-03 1.243460995607212176e-02 2.416908378869942267e-02 3.026584005489402554e-02 1.937955565949604428e-02 2.022784729645355981e-02 1.983781997366542219e-02 1.409431324265536870e-02 1.381528381060336159e-02 1.563952457480520877e-02 1.388082005237687225e-02 1.420266591354001073e-02 3.197758816915299840e-02 1.817269744895343500e-02
7.878497795374557466e-02 1.000000000000000000e+00 4.458398272432491372e-02 6.610945720022007310e-02 4.241228505976382679e-02 9.597989779233209728e-02 1.328033988198176751e-01 9.102396031814131983e-02 1.517143402584860967e-01 1.563811920401717015e-01 1.289221471102612315e-01 1.192734530836915136e-01 9.545546972738468139e-02 1.141044727908830519e-01 1.345061295439819726e-01 1.244262838864305110e-01 1.307278956533226566e-01 1.387638758960207108e-01 1.486455444630270517e-01 6.429469950945454482e-02 5.849761712841920064e-02 1.261936879110963361e-01 1.499807120446119690e-01 1.226152299177636906e-01 1.354587153132262023e-01 1.742764476282647468e-01 1.399872393037571716e-01 1.692151456123943687e-01 1.703243787311897184e-01 1.680091305060524287e-01 1.645930025225185167e-01 1.662520241447331681e-01 1.516251607530141321e-01 1.236052958381042427e-01 1.609328217500326785e-01 1.143054926876140437e-01 1.567898705633629097e-01 1.514531051654904870e-01 1.483363048900626646e-01 1.435244306431209260e-01 1.444359062061689181e-01 1.469568618220463141e-01 1.358571517233522485e-01 1.489179100363962061e-01 1.469662976750212569e-01 1.549810133486901609e-01 1.487410940194064390e-01 1.619886443770386930e-01 1.478455290201751426e-01 1.337221083741256533e-01 1.447092085129638439e-01 1.126170573184927803e-01 1.360766589850863906e-01 1.643033794411984660e-01 1.587170076686177933e-01 1.563503012806453374e-01 1.434545346591792059e-01 1.528346960190839210e-01 1.542853907663980229e-01 1.480418382431084867e-01 1.430630985034268554e-01 1.540743158414082381e-01 1.513767907201052365e-01 1.544498130968189609e-01 1.413226791296305351e-01 1.397929018066591256e-01 1.608740687505527955e-01 1.631826802449921343e-01 1.553944585401575706e-01 1.324130985104522706e-01 1.463745393511627912e-01 1.557516846575883462e-01 1.566747876336981316e-01 1.577505166074598397e-01 1.708494921168044467e-01 1.548952659962922196e-01 1.653335125827689323e-01 1.637511407392056861e-01 1.616182874368848887e-01 1.700291054312624284e-01 1.624211037027388782e-01 1.626324571685086873e-01 1.543266458482193404e-01 1.660179857419823157e-01 1.438652525583618835e-01 1.493741880613823070e-01 1.569368561989153976e-01 1.565015083450546352e-01 1.584651939941991716e-01 1.598121825537387464e-01 1.578803479415290811e-01 1.568271245521841439e-01 1.523561490090844239e-01 1.566422321655118188e-01 1.532767505947728037e-01 1.567090628910774996e-01 1.365342134389223028e-01 1.422850006390138644e-01 1.455009266339515606e-01 1.481436456670685020e-01 1.444655790356017822e-01 1.509746802856087866e-01 1.397294128655775514e-01 1.514159682839366916e-01 1.428091270480463526e-01 1.471951791097080020e-01 1.524961242745510592e-01 1.585302661899235799e-01 1.592527878002218400e-01 1.531098954727083128e-01 1.547915061320413177e-01 1.532389408562047639e-01 1.538080841526684728e-01 1.509280362186255220e-01 1.502590587748398876e-01 1.472983864888470495e-01
7.138028621378156302e-02 4.458398272432491372e-02 1.000000000000000000e+00 4.053634453847942964e-01 2.452372849363979590e-01 2.626804591812401668e-01 3.582274369724161578e-01 3.668261289698774852e-01 3.527554163028354117e-01 3.006019049329655690e-01 3.858092602539594518e-01 4.001881197291113357e-01 3.504621069513084719e-01 2.617185967716265660e-01 3.820509600941013884e-01 3.968413586295028161e-01 3.507666837603090615e-01 3.635339263995487902e-01 3.452552819077753798e-01 4.332079111468201682e-01 4.219559905284788748e-01 4.033271279602158588e-01 3.709636597737597241e-01 3.709119273375132697e-01 3.629211666898818356e-01 3.897615968986656299e-01 3.995100366944275283e-01 3.975395391443259374e-01 3.922974885564377012e-01 3.681238933209516340e-01 3.737219663347851051e-01 3.886523384585777174e-01 3.964086506117087128e-01 3.978935194853759905e-01 3.787016042846006458e-01 4.083889466720601047e-01 3.848014412237876769e-01 3.852902056538370368e-01 3.797453463731667589e-01 3.790070731672251503e-01 3.940197232880773837e-01 3.791455456984005323e-01 3.873346385642768563e-01 3.973782634227462918e-01 3.950014712607243239e-01 3.848955668397440744e-01 3.654459400172451744e-01 3.735523101112085409e-01 3.778213808614755420e-01 3.824208869765214902e-01 3.842051863963762415e-01 3.984531302058836877e-01 3.862250683989115752e-01 3.801876841343665436e-01 3.793518315238501581e-01 3.897341030256293304e-01 3.916867972683589771e-01 3.786628514920192257e-01 3.863052249462760601e-01 3.844322625044803154e-01 3.787885422193944529e-01 3.838307706069326586e-01 3.844959065506824425e-01 3.798209523732760662e-01 3.834957485367807561e-01 3.829288081227237850e-01 3.723279226034570399e-01 3.682133602613920087e-01 3.845136369213337790e-01 4.055838659881496056e-01 4.014012703298415752e-01 3.835430788064063123e-01 3.827814258310129891e-01 3.778818798263429701e-01 3.776230885317560793e-01 3.808623410392444897e-01 3.787232627473631763e-01 3.777627276304382220e-01 3.758348328811423888e-01 3.583738520238235470e-01 3.761239865168875540e-01 3.796212501728991051e-01 3.917787730200562590e-01 3.781524635045619975e-01 3.806577329776219543e-01 3.831331934801118777e-01 3.956946537920832951e-01 3.803302946265519902e-01 3.772705501102364134e-01 3.860611611617510985e-01 3.793011949854794285e-01 3.809210653127051427e-01 3.779201759543571737e-01 3.841269951964612628e-01 3.702866361860063793e-01 3.716910820185504449e-01 3.740201306405158133e-01 3.802211826526330496e-01 3.766827397785404985e-01 3.752203424937212706e-01 3.799450682427018555e-01 3.789858441701645653e-01 3.768588151097354011e-01 3.794047417451044679e-01 3.849769895516235718e-01 3.837024816639503233e-01 3.741037712307882512e-01 3.704613338855469173e-01 3.750842532421234110e-01 3.784305196666691851e-01 3.800424464783280221e-01 3.745892157718399007e-01 3.795814036351201071e-01 3.733480379027045437e-01 3.811625788040896579e-01 3.775090512572875090e-01
7.415105393817825186e-02 6.610945720022007310e-02 4.053634453847942964e-01 1.000000000000000000e+00 3.590851994385815260e-01 3.755966922143834652e-01 5.462502200790583240e-01 5.529789666928665026e-01 5.085051568225124052e-01 4.218903548708299867e-01 5.376463890338067930e-01 6.170894064122991463e-01 5.146313776450688326e-01 3.929968924846071188e-01 5.782158561675596609e-01 5.946315809249640427e-01 5.225899574178050067e-01 4.926530605842500687e-01 4.832556919045234434e-01 6.365032313745072612e-01 5.864966499857142690e-01 5.551062152511941905e-01 5.051518278014860419e-01 5.199512203993572612e-01 5.084580374883558296e-01 5.560336548293169923e-01 5.761237135755741257e-01 5.659004894991336299e-01 5.446633775838571889e-01 5.311184430995513628e-01 5.408412416083673291e-01 5.435924106239888864e-01 5.571514720892537520e-01 5.904534780223811286e-01 5.401530874481743627e-01 6.039815797853953505e-01 5.527310181088028740e-01 5.685587764361325069e-01 5.644774711916172860e-01 5.619586277663232154e-01 5.706826153143217395e-01 5.686077731462766405e-01 5.879062267203722936e-01 5.830994491630472343e-01 5.697061556144935590e-01 5.627384915866276982e-01 5.509733690387683680e-01 5.537617245748625017e-01 5.679122956386447596e-01 5.883480776607007412e-01 5.781816282945742014e-01 6.093519174806379946e-01 5.903947879594726444e-01 5.667030320424333301e-01 5.635775768973514399e-01 5.729953056522474331e-01 5.870327050402411873e-01 5.643998571843485967e-01 5.708891969358952378e-01 5.731370862237523678e-01 5.759153553070387455e-01 5.722888598731937781e-01 5.820433510321236792e-01 5.741671819430496093e-01 5.714242944865148832e-01 5.865788909618646629e-01 5.549235025545401490e-01 5.418919970358175853e-01 5.630741780665504681e-01 6.085857327226229518e-01 5.825935876440689887e-01 5.618134224175920233e-01 5.558951015639265192e-01 5.557618982102389138e-01 5.582982355351008286e-01 5.677797671918188849e-01 5.562968214718164717e-01 5.514066922809094384e-01 5.521565848915578334e-01 5.293687061097945845e-01 5.447865113762810907e-01 5.567234479871316921e-01 5.721508234155254780e-01 5.480242430115043195e-01 5.706627812205030681e-01 5.720367644206968416e-01 5.652369628978525240e-01 5.627597072043335480e-01 5.560029665565932033e-01 5.658883664386070711e-01 5.567371513233692060e-01 5.633264953726911939e-01 5.683188279641625540e-01 5.713117665911625620e-01 5.565337867967431462e-01 5.582715028543870917e-01 5.676286413939319875e-01 5.802903354632508170e-01 5.750859262159557783e-01 5.649247185920764913e-01 5.748234776072301822e-01 5.717524109044246350e-01 5.758940257954825448e-01 5.703863577213703628e-01 5.842104514669946846e-01 5.772124582972329998e-01 5.642821985050080480e-01 5.557765018026913362e-01 5.585009390595906398e-01 5.652839885405747111e-01 5.669325754186523847e-01 5.641450773228827709e-01 5.696886546668834539e-01 5.676038243392560467e-01 5.665948865219809782e-01 5.769854074166689273e-01
2.007412680524528481e-02 4.241228505976382679e-02 2.452372849363979590e-01 3.590851994385815260e-01 1.000000000000000000e+00 2.948896300605733933e-01 4.427267505893714428e-01 4.518904323859798677e-01 4.145743273893999215e-01 3.497849598834972262e-01 4.458364239436012899e-01 4.617112612316726650e-01 4.459291079454121287e-01 3.129397112418624838e-01 4.692836292278660393e-01 4.818913312033089591e-01 4.204091870298677924e-01 4.255353688101079501e-01 4.204764028852779334e-01 4.220659602560363766e-01 4.329855256538236441e-01 4.361882412989185331e-01 4.168469716483406695e-01 4.398131684121167062e-01 4.309824597094541465e-01 4.454752766802649311e-01 4.476849999980098138e-01 4.501214204021182774e-01 4.508235847167553767e-01 4.459097235448650220e-01 4.448035076409458943e-01 4.517585196113894641e-01 4.502174837379959160e-01 4.598091791963543895e-01 4.333347033970785800e-01 4.650171825843362750e-01 4.537889484104276616e-01 4.640222684781987739e-01 4.592412294455098243e-01 4.577181362793730779e-01 4.683626957537992963e-01 4.638232832564412322e-01 4.730560704363171443e-01 4.650724721642520154e-01 4.646453472926799222e-01 4.603244481334602956e-01 4.545210195696534061e-01 4.584611350070996738e-01 4.606950488194751503e-01 4.536305199617641781e-01 4.569871474108755383e-01 4.625132612639027974e-01 4.667026952023717867e-01 4.600133342934467628e-01 4.614883950737878604e-01 4.694306553572373808e-01 4.671563140692878702e-01 4.583911900498396363e-01 4.625638261143054097e-01 4.710126760261479362e-01 4.677194073011829989e-01 4.675004216420016179e-01 4.676267017014671401e-01 4.578106312659478982e-01 4.614924094871937221e-01 4.730266470862496964e-01 4.561175484368681921e-01 4.627290937637887902e-01 4.662378182869343357e-01 4.782911556776265338e-01 4.726611409225357496e-01 4.653283118878638325e-01 4.707132691297298832e-01 4.646297625425307443e-01 4.531625632671774095e-01 4.609741675173831821e-01 4.574705674864971705e-01 4.564555192653624860e-01 4.572815588447423640e-01 4.458211742519192500e-01 4.534152412138131027e-01 4.565399732939122157e-01 4.677255832830580773e-01 4.533465103078679337e-01 4.611685337605262447e-01 4.625132549316501862e-01 4.598117539759800643e-01 4.639490285059166275e-01 4.603873465838812518e-01 4.680861461694487136e-01 4.613651003677450291e-01 4.623532504905779605e-01 4.652127798641237377e-01 4.658041603713640177e-01 4.591773927393382193e-01 4.589544147739338387e-01 4.599398392849394779e-01 4.568402234386483851e-01 4.624902277193055911e-01 4.619810234485838829e-01 4.680426554307633435e-01 4.634726460328877917e-01 4.636058405063029908e-01 4.660317303181806814e-01 4.651818849430792713e-01 4.621826704239540562e-01 4.590516262026904659e-01 4.592407998307437289e-01 4.604694918900531508e-01 4.637782204560345622e-01 4.636275145301328449e-01 4.627535753808311170e-01 4.660025760579802334e-01 4.578990220243469023e-01 4.642508326442509325e-01 4.663401680353309042e-01
1.250175396357454047e-02 9.597989779233209728e-02 2.626804591812401668e-01 3.755966922143834652e-01 2.948896300605733933e-01 1.000000000000000000e+00 4.920986785577687317e-01 4.357141254408038455e-01 4.956509122231297915e-01 4.317199023990908602e-01 5.086497952046555859e-01 5.298464829792089992e-01 4.789560613143060142e-01 3.773056717370620317e-01 5.363949813607098438e-01 5.276906789305210177e-01 4.829176655614380032e-01 4.572415202184486605e-01 4.740850641805205434e-01 4.734691631127405653e-01 4.598130810841691285e-01 4.970126781412274042e-01 4.919372342621888827e-01 4.802045798451902714e-01 4.825699619062166490e-01 5.259089441744696503e-01 5.239307768127173803e-01 5.255501040862082807e-01 5.149713625522911453e-01 5.314978997178511078e-01 5.436802785380447922e-01 5.334989940489603955e-01 5.143049770026966172e-01 5.288485550898848198e-01 5.227776282804421637e-01 5.332496825060004664e-01 5.467264101667299592e-01 5.420364100142505137e-01 5.430990625372595915e-01 5.434773831338640671e-01 5.553971651736253623e-01 5.454725363154709905e-01 5.494193559096468560e-01 5.522453871703718598e-01 5.509528618245856935e-01 5.449620431840555002e-01 5.452857234310637402e-01 5.497641511150317406e-01 5.499085295849756028e-01 5.426501279140573120e-01 5.491743846856799172e-01 5.364054235140052196e-01 5.441671145332773740e-01 5.506550463142442231e-01 5.466314046282951811e-01 5.521756545238259983e-01 5.566086746772009874e-01 5.499729964726528531e-01 5.557682178520733096e-01 5.539666913747937071e-01 5.488530454220987842e-01 5.579433749745984494e-01 5.523445210565304242e-01 5.465891353485839987e-01 5.440355421725325824e-01 5.500007758799603241e-01 5.461582884082319955e-01 5.447417069712617854e-01 5.503567585658177830e-01 5.564461011196931706e-01 5.514129928888094057e-01 5.500168566876821874e-01 5.485391263172625376e-01 5.496919099732275882e-01 5.487736671798789656e-01 5.547984583558240868e-01 5.470911050711382284e-01 5.411645839772428745e-01 5.478331384238546153e-01 5.477366420455035412e-01 5.492747542820788365e-01 5.521437204914027008e-01 5.525475089683459240e-01 5.478775126441841614e-01 5.527831630742965352e-01 5.509285407480670749e-01 5.544617552312807174e-01 5.506924961805677032e-01 5.474782303497960356e-01 5.502473814256307882e-01 5.511026306914440509e-01 5.521362867182750822e-01 5.566612185622850095e-01 5.533545416608006695e-01 5.505284824773066799e-01 5.524854880768983456e-01 5.505003545964020084e-01 5.496765487994940136e-01 5.539214962709689827e-01 5.510525976682874028e-01 5.533154529751678208e-01 5.514501533656935850e-01 5.538503872306291820e-01 5.551167642931449375e-01 5.523492349534047108e-01 5.530526670740524287e-01 5.511561775145884523e-01 5.499671065730232788e-01 5.516724719300077906e-01 5.547431917477251284e-01 5.542275659158352186e-01 5.541694680302282627e-01 5.548817381893902390e-01 5.506751421070569252e-01 5.479773841849697735e-01 5.539975486176244024e-01
4.288281761638496059e-02 1.328033988198176751e-01 3.582274369724161578e-01 5.462502200790583240e-01 4.427267505893714428e-01 4.920986785577687317e-01 1.000000000000000000e+00 6.755302096339751428e-01 7.271525061802911472e-01 6.316244577100083024e-01 7.360932165246856229e-01 7.854022496487007565e-01 7.165252051355995855e-01 5.787245046393959536e-01 8.370249158625608921e-01 7.960201571675927790e-01 7.048405360880062309e-01 6.664198424449104818e-01 6.765846760980490648e-01 7.100192590204668086e-01 6.689319025106219563e-01 7.233820125412353530e-01 7.066056503413523648e-01 6.921093020296584797e-01 6.933183660995664299e-01 7.752882104106885164e-01 7.750960464610330281e-01 7.853843416319858939e-01 7.632497862344791439e-01 7.738853615133974850e-01 7.979472779885473654e-01 7.806073806150913841e-01 7.443107730146470979e-01 7.730148487406263147e-01 7.518935582312273880e-01 7.693863698406002705e-01 7.830272167052351184e-01 7.974735343109918828e-01 7.961656435682968880e-01 7.832925247841355798e-01 7.961383127328931497e-01 8.048381215312256920e-01 8.033606447739797263e-01 8.098908874494179511e-01 8.042024133833283184e-01 8.019083446805922444e-01 7.983567293253455155e-01 8.046053521132601194e-01 8.043790236298902219e-01 7.974055474938694932e-01 8.100017237710895879e-01 7.788769891636833087e-01 7.946000528568459842e-01 8.040009283137065088e-01 7.990902820394407691e-01 7.981325462862958187e-01 8.059555148978950756e-01 8.033365101081509918e-01 8.166143114983430706e-01 8.069509710168999428e-01 8.056455682395941009e-01 8.122258992998242499e-01 8.093315045079488845e-01 8.106799116534786354e-01 7.905570781736234176e-01 8.051828511005694189e-01 7.988140370149012792e-01 7.953301585571804777e-01 8.050241826937736267e-01 8.189183913691984174e-01 8.065636727888213509e-01 8.012503807594875127e-01 7.976930636374680583e-01 7.984707414833911443e-01 8.087959110209999025e-01 8.102516096257856848e-01 8.087939513582069750e-01 8.015749945741503790e-01 8.090076993247850012e-01 7.988862689323398270e-01 8.010707992937150523e-01 8.090883785602067668e-01 8.072745490054359374e-01 8.001482704948442715e-01 8.061851517973426251e-01 8.089768374686956420e-01 8.086301617495883498e-01 8.090675411178659404e-01 8.060862289265692260e-01 8.062247707110035133e-01 8.086331120435756858e-01 8.114516190001075380e-01 8.094414928436307610e-01 8.133624025436050342e-01 8.066110909405849183e-01 8.073745689269318238e-01 8.024097190764470922e-01 8.049143749891084498e-01 8.109665017896035000e-01 8.086010055772611116e-01 8.072213122084964665e-01 8.082388481674790404e-01 8.056488521001822223e-01 8.088921030170330706e-01 8.091064620786733164e-01 8.058552729342345344e-01 8.079600803990459879e-01 8.031399276384720842e-01 8.068647087562552667e-01 8.106851484863202284e-01 8.128047050974165355e-01 8.079171974993086813e-01 8.110711585831528181e-01 8.061508981538765273e-01 8.024792164789713578e-01 8.073629168288535274e-01
2.761387057813625631e-02 9.102396031814131983e-02 3.668261289698774852e-01 5.529789666928665026e-01 4.518904323859798677e-01 4.357141254408038455e-01 6.755302096339751428e-01 1.000000000000000000e+00 6.574759470843577480e-01 5.760815317898153598e-01 6.778201340552102439e-01 7.359509979244902578e-01 6.807955439994721747e-01 5.315382968348791870e-01 7.475451454231131221e-01 7.594770452024710572e-01 6.561844770585189002e-01 6.228805977075811962e-01 6.317806660934689456e-01 6.650713074985387108e-01 6.581975083453693864e-01 6.834241195606833852e-01 6.372300726143371730e-01 6.384681850894600164e-01 6.379854367842351381e-01 7.055649024026193761e-01 7.079406258726085310e-01 7.227060901951667393e-01 6.985845070706721005e-01 7.022492219752131115e-01 7.234113649749274177e-01 7.080623672390438106e-01 7.028090660504943132e-01 7.288233219935402740e-01 6.906145053302569226e-01 7.335025703560437149e-01 7.174801443408453938e-01 7.417955147038496344e-01 7.366183617289139285e-01 7.197620847391521526e-01 7.361712326983781418e-01 7.372704617708825126e-01 7.473046459573294831e-01 7.507792306800998849e-01 7.417489189814888695e-01 7.454394725035891067e-01 7.315227412365766790e-01 7.354224294200835121e-01 7.406897926336253324e-01 7.376461103132734287e-01 7.422174875951103035e-01 7.305456584887594085e-01 7.390206595203883122e-01 7.354349533039924447e-01 7.362544297634896484e-01 7.378803096197880107e-01 7.483472070039149937e-01 7.392462992472141892e-01 7.428060867438431858e-01 7.430041937529709983e-01 7.423584384267455372e-01 7.457145412756753799e-01 7.475439598982498435e-01 7.440383614636790766e-01 7.313309430144528944e-01 7.466827785877790946e-01 7.331849467251215779e-01 7.271406187400509813e-01 7.353229709269242242e-01 7.567124743082698224e-01 7.470080870133257722e-01 7.374774928972548382e-01 7.281982730117849689e-01 7.285638635102112959e-01 7.363984799326641628e-01 7.398241816914018498e-01 7.335903001870164308e-01 7.303008509774878698e-01 7.351838958744154606e-01 7.189679020420413069e-01 7.262819452212548876e-01 7.365300279926024762e-01 7.418148291378340309e-01 7.258181852900628117e-01 7.395144438395397923e-01 7.432790227989201082e-01 7.389473277475182567e-01 7.430566433926848458e-01 7.414504994629934620e-01 7.393148944143788093e-01 7.377205477064829875e-01 7.420023097775475529e-01 7.424845048207072695e-01 7.465981440432406524e-01 7.371335458938319540e-01 7.387543595320448242e-01 7.393644622392172572e-01 7.427626265647631065e-01 7.453589822442123758e-01 7.419741856256480972e-01 7.469726438467594321e-01 7.421316925608608672e-01 7.407718015190416505e-01 7.459077610580007178e-01 7.475061367950563973e-01 7.456904023653786462e-01 7.407679205506052522e-01 7.363313411023997279e-01 7.391998816994336252e-01 7.431748517339656912e-01 7.452763725447649756e-01 7.420720577687063280e-01 7.459154664972335036e-01 7.398554775344988732e-01 7.400195376703995187e-01 7.420292947267120853e-01
8.515890230203097822e-02 1.517143402584860967e-01 3.527554163028354117e-01 5.085051568225124052e-01 4.145743273893999215e-01 4.956509122231297915e-01 7.271525061802911472e-01 6.574759470843577480e-01 1.000000000000000000e+00 7.155196084920745214e-01 7.966035793075857407e-01 8.178423034754616072e-01 7.551409843782642684e-01 6.284510270900550699e-01 8.393348041972112927e-01 8.145217848750552214e-01 8.074976646567180172e-01 7.353396034618929766e-01 7.744113311348215234e-01 6.516347118275974681e-01 6.887007330934582505e-01 7.837126629564522551e-01 7.615409263285639607e-01 7.286687871452381948e-01 7.496116061045116075e-01 8.438366834763711966e-01 8.384281324506339672e-01 8.461340893363195059e-01 8.258091831633783686e-01 8.469815705730080468e-01 8.659454476299163206e-01 8.552589226777069786e-01 8.169577057512026341e-01 8.275961514758304327e-01 8.351458296971667750e-01 8.180263990993557055e-01 8.525364447809004043e-01 8.527326277850157954e-01 8.677563029079308210e-01 8.275250834457142934e-01 8.594846430361885448e-01 8.638800037016465261e-01 8.483714114098088732e-01 8.711434990701235614e-01 8.636914760394550639e-01 8.670180986637875398e-01 8.672978328759645139e-01 8.778526563602924160e-01 8.683329073881822513e-01 8.481380313954184347e-01 8.614479655411896308e-01 8.387402929017040432e-01 8.543284851883304887e-01 8.768986022169614758e-01 8.664143418203109626e-01 8.669924301501399366e-01 8.693558261427324352e-01 8.673512808759067383e-01 8.705003300247551312e-01 8.805101240772181814e-01 8.704750324161835140e-01 8.763330455712200484e-01 8.668493636392081703e-01 8.712323717510400689e-01 8.774428919636058088e-01 8.714929831528686055e-01 8.775113924084925188e-01 8.762013298781798909e-01 8.743526469402035373e-01 8.590759241751235731e-01 8.712079100001697274e-01 8.777940997252856592e-01 8.677174997906238474e-01 8.687009749643727075e-01 8.800374057274836792e-01 8.774256361121832715e-01 8.775428148919643956e-01 8.751619735903567454e-01 8.722209671323666313e-01 8.746182711313787994e-01 8.757369356021722506e-01 8.796032987562160121e-01 8.790068601731046982e-01 8.782791091822664820e-01 8.686881546045650548e-01 8.725953119930872637e-01 8.732460088694752320e-01 8.761598291173751107e-01 8.759530611232018149e-01 8.722250307110793743e-01 8.753204934688894046e-01 8.776731722646768930e-01 8.764409881173804706e-01 8.779087669029159713e-01 8.766494982329730012e-01 8.786655770264492071e-01 8.616308780028250069e-01 8.710568507424466533e-01 8.740901845621712463e-01 8.739837411158604130e-01 8.720207109229269893e-01 8.776480393272262370e-01 8.733589213744670232e-01 8.776050132139497917e-01 8.750728828242628765e-01 8.751843866917298209e-01 8.772336753460717729e-01 8.799985943559734958e-01 8.796326316966580627e-01 8.775735321683751922e-01 8.759122916733850239e-01 8.802247247226987481e-01 8.779307289441231621e-01 8.772321321304508146e-01 8.802354270483733201e-01 8.770677974249482256e-01
5.610418924421520237e-02 1.563811920401717015e-01 3.006019049329655690e-01 4.218903548708299867e-01 3.497849598834972262e-01 4.317199023990908602e-01 6.316244577100083024e-01 5.760815317898153598e-01 7.155196084920745214e-01 1.000000000000000000e+00 6.867638783260504587e-01 7.254373483406750811e-01 6.646595663782628449e-01 5.536461824163405598e-01 7.379765261972280888e-01 7.228566198486435779e-01 6.879758907048371119e-01 6.200660551811774113e-01 6.584820792844149340e-01 5.632167112482724391e-01 5.672329780134335309e-01 6.607379135319639829e-01 6.584616837357203378e-01 6.295349195732976577e-01 6.447570655556591479e-01 7.515330992512470054e-01 7.239765064734011712e-01 7.495547223907930157e-01 7.098332633040228545e-01 7.549678465411208128e-01 7.683989862795701509e-01 7.471766352456378213e-01 7.106380389227030525e-01 7.218629976435330109e-01 7.306361247759772803e-01 7.202919295902889818e-01 7.485273708447841567e-01 7.509556168914742758e-01 7.679118921434826550e-01 7.223611720202351982e-01 7.595136610836478175e-01 7.617616365787284183e-01 7.504983553347993608e-01 7.636414506087697562e-01 7.612309689976148874e-01 7.620798942823686639e-01 7.740702193112851681e-01 7.785568065701221618e-01 7.722966356928957499e-01 7.437434803596136845e-01 7.628649261836222273e-01 7.288252979331264481e-01 7.559766924941496713e-01 7.745347390370432850e-01 7.553248468562643314e-01 7.613462684541352221e-01 7.597181896100227982e-01 7.680525367461739084e-01 7.704344476151255838e-01 7.755902153847555880e-01 7.688080317636797334e-01 7.691081346575104893e-01 7.624947406147696283e-01 7.709654104475881509e-01 7.667660610070905491e-01 7.683422215692097268e-01 7.790424172560571625e-01 7.717538889355644027e-01 7.724744931920396462e-01 7.600026109295877630e-01 7.613567375761627343e-01 7.720823204195383926e-01 7.652611181765613946e-01 7.644724799683815242e-01 7.822566932009429319e-01 7.751616336587467959e-01 7.743892037793707050e-01 7.677874405773291722e-01 7.726035150701872078e-01 7.782901857498274456e-01 7.778971453190686169e-01 7.810929905861057065e-01 7.761597744239991936e-01 7.775772772606875938e-01 7.693695536023984483e-01 7.719721633172886843e-01 7.762509338806254933e-01 7.774998086151964083e-01 7.803225546461063367e-01 7.734575272320517447e-01 7.734436676792137977e-01 7.792181485266231888e-01 7.787805703694936632e-01 7.792332880423138430e-01 7.799785057515127296e-01 7.816103568814557478e-01 7.639452843836055385e-01 7.736839508963447853e-01 7.761817053981355796e-01 7.750059432681939420e-01 7.731131071870761540e-01 7.779045203289889354e-01 7.740875623643832526e-01 7.760431228313330321e-01 7.751091761745333431e-01 7.712447319707080862e-01 7.793144359288471934e-01 7.813794519381584980e-01 7.778525071843412908e-01 7.793535363278573103e-01 7.765682639221191952e-01 7.806436498864928186e-01 7.774238278982023020e-01 7.788529755539402855e-01 7.777107204724673650e-01 7.788699772577907243e-01
4.948109117204751300e-02 1.289221471102612315e-01 3.858092602539594518e-01 5.376463890338067930e-01 4.458364239436012899e-01 5.086497952046555859e-01 7.360932165246856229e-01 6.778201340552102439e-01 7.966035793075857407e-01 6.867638783260504587e-01 1.000000000000000000e+00 8.520824443648192803e-01 7.770285821122073777e-01 6.247739007890559249e-01 8.513421934504702415e-01 8.438198194101813598e-01 7.984663101920267403e-01 7.519113761638674953e-01 7.783009181407044563e-01 7.149779342282425176e-01 7.319825255104430717e-01 7.998748464244844758e-01 7.776490766913076724e-01 7.598182017941808031e-01 7.708206330666089734e-01 8.517651913271943043e-01 8.525791474902552070e-01 8.650834635965258812e-01 8.396961644430009919e-01 8.527985026030809879e-01 8.839862080522261634e-01 8.649642807596475969e-01 8.411671475216591087e-01 8.580947981468282082e-01 8.477041487732932534e-01 8.526354773419374533e-01 8.695881798435030063e-01 8.758205385247630481e-01 8.804660567780994151e-01 8.592430683778153888e-01 8.820739329238261872e-01 8.787900442896732223e-01 8.788997953788376671e-01 8.896388227795423154e-01 8.866868040386204353e-01 8.841973271273908530e-01 8.818780912457803156e-01 8.843372923085818238e-01 8.872980559129424183e-01 8.746358591564712404e-01 8.830905337677877887e-01 8.655075472816028403e-01 8.753322969320099789e-01 8.850550491669378905e-01 8.802306891879361217e-01 8.838929887244413308e-01 8.894141188384766528e-01 8.794843537473417960e-01 8.869734445889291274e-01 8.900473335446399403e-01 8.845825756788221472e-01 8.886242250460003600e-01 8.842595986370023198e-01 8.867377404195487811e-01 8.826009178886957685e-01 8.873025481861364083e-01 8.859272008407548249e-01 8.864591211881004407e-01 8.878974742142637933e-01 8.883053014832914540e-01 8.883094478840366515e-01 8.886445323317924139e-01 8.816677423761801746e-01 8.826978015979246583e-01 8.885205787541119449e-01 8.909191692483208191e-01 8.894102274475941261e-01 8.859308430549498459e-01 8.864261986878790855e-01 8.766178446547864267e-01 8.832421888302712798e-01 8.874969656047958511e-01 8.923711287319440189e-01 8.854024788776622135e-01 8.878130028028735632e-01 8.895109747774526676e-01 8.881911179891901487e-01 8.920075343766277198e-01 8.889936510700966465e-01 8.896847248716218681e-01 8.897697212650517162e-01 8.925573579246156575e-01 8.896554414999339189e-01 8.933416557737225983e-01 8.864451116789662244e-01 8.893153832409131931e-01 8.833021124625324294e-01 8.867504205525738037e-01 8.893633824396693921e-01 8.908942009871679835e-01 8.924970884720389019e-01 8.915798826201449812e-01 8.864809617475173376e-01 8.937124091880681576e-01 8.934117383947632884e-01 8.906256859754235755e-01 8.904307478388677755e-01 8.897207425638421485e-01 8.913941851062214816e-01 8.919306739977530540e-01 8.907783865334869544e-01 8.907849348150467250e-01 8.923558623683353064e-01 8.896574244051801417e-01 8.901524521098638232e-01 8.892225949422190023e-01
9.830192685026288915e-03 1.192734530836915136e-01 4.001881197291113357e-01 6.170894064122991463e-01 4.617112612316726650e-01 5.298464829792089992e-01 7.854022496487007565e-01 7.359509979244902578e-01 8.178423034754616072e-01 7.254373483406750811e-01 8.520824443648192803e-01 1.000000000000000000e+00 8.116338032211110054e-01 6.520489973015768381e-01 8.973204233969399590e-01 8.928601525287545027e-01 8.154963190984104715e-01 7.309627539785760186e-01 7.690596060810690471e-01 7.787449760483357020e-01 7.502120154810423269e-01 8.093825031765986555e-01 7.794558709025457555e-01 7.648939673113266391e-01 7.685452833237834680e-01 8.666531604469990269e-01 8.698020419745186027e-01 8.821586893698013521e-01 8.429488388409012156e-01 8.652936978929420819e-01 8.984339840203297012e-01 8.752497269817942627e-01 8.478445087678861958e-01 8.853958979466954871e-01 8.555295570428982366e-01 8.905435785461092157e-01 8.854997227861703957e-01 9.069591133616631273e-01 9.131941229432313234e-01 8.817418730436046292e-01 9.129843744821242169e-01 9.178634461855521565e-01 9.217914343112185716e-01 9.252026062393237105e-01 9.127550110214859291e-01 9.142600431071910005e-01 9.222139474573048945e-01 9.238105362816111388e-01 9.255628395193333802e-01 9.137884460155910604e-01 9.256630047975524800e-01 9.106031385153064983e-01 9.242935846653955734e-01 9.223603677879075313e-01 9.116619503869141106e-01 9.113988681653921731e-01 9.259211463610913517e-01 9.208459025765345363e-01 9.272382082044213769e-01 9.287836777044289338e-01 9.314861742889826157e-01 9.294772147726969580e-01 9.264503254162996804e-01 9.271280643561644608e-01 9.180008596497052364e-01 9.313197512776625331e-01 9.233975122907247535e-01 9.096425983294856854e-01 9.169351054125878253e-01 9.347316523995209403e-01 9.201536055241027467e-01 9.166460625715334709e-01 9.067967456970829065e-01 9.090252505690624707e-01 9.204193567036825785e-01 9.231802663880656068e-01 9.161080791505668008e-01 9.108158842550196921e-01 9.169503704188207704e-01 9.077001326897110589e-01 9.115165949790211553e-01 9.222724303828591097e-01 9.223668348056670574e-01 9.129367026711994182e-01 9.258170968499789266e-01 9.250725724408427331e-01 9.248645488776980894e-01 9.271601556978341652e-01 9.236161892093479597e-01 9.171630797836851645e-01 9.193984439881711657e-01 9.292362647726564173e-01 9.275357798577986701e-01 9.311674225551134221e-01 9.285511967268070821e-01 9.297649629330152488e-01 9.239344746750244308e-01 9.304868775456132113e-01 9.340559600143343300e-01 9.298729556834216536e-01 9.328788311317653958e-01 9.297454127686861636e-01 9.311204016851706289e-01 9.326724426145241997e-01 9.353540170983170032e-01 9.295308821826728796e-01 9.300528008573283323e-01 9.269166858086006489e-01 9.246402770752771838e-01 9.315650128631944860e-01 9.299746839974432078e-01 9.314314621688932760e-01 9.322716438848698273e-01 9.316605462854515851e-01 9.288681738647172059e-01 9.352539635199621504e-01
-7.908906997630287677e-03 9.545546972738468139e-02 3.504621069513084719e-01 5.146313776450688326e-01 4.459291079454121287e-01 4.789560613143060142e-01 7.165252051355995855e-01 6.807955439994721747e-01 7.551409843782642684e-01 6.646595663782628449e-01 7.770285821122073777e-01 8.116338032211110054e-01 1.000000000000000000e+00 6.130021523169576492e-01 8.261463648817682914e-01 8.220096364429909652e-01 7.585376116396480572e-01 6.841128611638901402e-01 7.232765588623061292e-01 6.782262593579617693e-01 6.783150675083879921e-01 7.350696106640240979e-01 7.094326009105098585e-01 7.045069345452213971e-01 7.063985979025880768e-01 7.913966137889102415e-01 7.901979353593377997e-01 8.065573797462572969e-01 7.795279795787700694e-01 8.034004561007994649e-01 8.360189896844694157e-01 8.054696194402456433e-01 7.837912937414548420e-01 8.072575572434839142e-01 7.822880110109226015e-01 8.096403355726699003e-01 8.169291415955707292e-01 8.319027962378093832e-01 8.442667291111660699e-01 8.038125289610787982e-01 8.422731750249222715e-01 8.397258358202087658e-01 8.457239508911988946e-01 8.477326926517340100e-01 8.397306171394592900e-01 8.470527994371747083e-01 8.512519135277487603e-01 8.523090854632858759e-01 8.546991399484445973e-01 8.354701615908951551e-01 8.490380055796541425e-01 8.269868504238001572e-01 8.399371128748029935e-01 8.480007236422135719e-01 8.406542681058154498e-01 8.390619320056047492e-01 8.457434082678202403e-01 8.495535183636589993e-01 8.530055354098716736e-01 8.581858284258490066e-01 8.584798296256525019e-01 8.551392260434611536e-01 8.500814019841312907e-01 8.522044044887097103e-01 8.466289720116024764e-01 8.541688716120746649e-01 8.526458209956843115e-01 8.455706087871377452e-01 8.431181923661456024e-01 8.541412845238224305e-01 8.471943766886474991e-01 8.483638664957915410e-01 8.395020950244110880e-01 8.398845016630390736e-01 8.494153096641253731e-01 8.482433816981201913e-01 8.456475882735082772e-01 8.462714383242804228e-01 8.463218474422048443e-01 8.439558028650814281e-01 8.448443817579130988e-01 8.544124293700164907e-01 8.483733565142697053e-01 8.420893438464752689e-01 8.504049938766818917e-01 8.507463499454943623e-01 8.482036867787396961e-01 8.546085269100124338e-01 8.540597455826023365e-01 8.484654343684396860e-01 8.481055850074976643e-01 8.555410610408981098e-01 8.549012616540723197e-01 8.564939843606347303e-01 8.570674056454725687e-01 8.573445454046961789e-01 8.474946938034714217e-01 8.499269294502908023e-01 8.580810124882972678e-01 8.571969903733871465e-01 8.568861650263422947e-01 8.564215789353122332e-01 8.547313205533301206e-01 8.598405925985932452e-01 8.562107439241688489e-01 8.521763596484894787e-01 8.562290975110754543e-01 8.555496517445552174e-01 8.555095356947647334e-01 8.577183737610685199e-01 8.567824186540985432e-01 8.589139176993655367e-01 8.586408068390343207e-01 8.562231213370999905e-01 8.562706343694017619e-01 8.563525077711888756e-01
