1.000000000000000000e+00 1.348841747618589326e-01 5.598683579559472767e-02 5.755131634744344721e-02 5.372698585807869631e-02 2.383001989473582452e-02 -4.653840742066674835e-03 -6.218376796475132660e-03 1.484386704692577386e-01 5.966167610775566926e-02 2.258138872993873530e-02 1.021682198069330354e-02 3.198224493384131673e-02 1.999590199375962662e-03 -1.089387281194327192e-02 2.754441096517160417e-03 8.461428650392829875e-02 9.077109249376626166e-02 5.164511663782391654e-02 2.508721612548184959e-02 8.378833714298913882e-02 4.552623450876918526e-02 7.436723272832718168e-02 5.032015157933187460e-02 4.869120464878048948e-02 7.552647286412413064e-02 4.968399862601868139e-02 2.387596175664779240e-03 1.077882195173797131e-01 8.691482873673536669e-02 6.387599839623646358e-02 1.187514275516774083e-02 -3.301714468465459518e-02 1.218296864450071210e-02 2.511625733927900367e-02 1.805085417885647289e-02 3.627207860723484500e-02 -2.996925528530208424e-02 1.132266381440639666e-02 -1.144092122899466879e-01 -1.201495187593642567e-03 -3.381807803526951789e-02 -1.481500766509556873e-02 8.555651022897637833e-03 9.727217545550172553e-03 4.600308059361563409e-03 -2.587625538365649885e-03 2.221056130961683237e-02 2.698225552313179409e-03 -4.135469787550367232e-02 -2.911074555725207472e-02 -8.752327770209606880e-04 1.473519038058651934e-02 5.774292768037143225e-02 2.416230679352500063e-02 -1.618097783874511073e-02 3.248169721526720372e-02 -2.056656616279427252e-03 -2.052091367746932890e-02 3.692560924919818105e-02 -5.528778720562790676e-03 3.470931331176312085e-02 -4.489342340088662425e-03 3.766987101464659704e-02 5.885184988179472526e-02 5.729666691869714223e-02 2.393978570630167502e-02 1.719853987953775046e-02 3.110342761857422256e-02 1.473074753968525719e-02 1.831189252154146949e-02 2.012743978022624863e-02 1.828222586458670001e-02 2.107946189448694704e-02 2.549711373243322698e-02 2.301229378628584857e-02 1.061622681073841855e-02 4.785522984001863711e-02 2.337520956505766828e-02 3.908886889043689666e-02 3.045195820732595274e-02 2.708590040629338391e-02 3.164225136719626963e-02 1.158581931737989908e-02 -6.766215248461426683e-03 1.166465963870088988e-02 6.582537466151962800e-03 -2.314854480992127941e-03 6.470340034967869518e-03 9.819261870224202729e-04 -3.010170679270474103e-02 -6.760439598750830198e-03 3.028542495076238638e-03 4.520411224056179809e-05 5.214935496132088941e-03 5.197129235174375618e-03 -3.007038551900400800e-02 1.393402945771396624e-02 -8.399949797501889484e-03 -8.910305698900340687e-03 -1.069701862915561040e-02 -6.106738143321440229e-03 9.737999707177169909e-03 1.659032328623112834e-03 1.968462082850988212e-02 2.045195977070776022e-02 1.551003100478698035e-02 2.312639388252828859e-02 1.421861257785278325e-02 2.301078694574223028e-03 -5.024061435555243586e-03 2.050885110111997159e-02 1.343466836487502980e-02 2.909442939406204492e-02 3.696288953632802243e-02 3.950020467483920938e-02
1.348841747618589326e-01 1.000000000000000000e+00 5.095219604944068587e-02 1.239887005328516034e-01 1.122047288998882925e-01 1.064061453404781254e-01 1.125820082965826724e-01 1.186490779307270149e-01 1.698837381794199020e-01 1.643199126173259805e-01 1.416663383587740410e-01 1.473926396954848284e-01 1.477495656894479703e-01 1.165832922859977583e-01 1.419787477269001674e-01 1.500844400370690557e-01 1.437762195711508595e-01 1.440037623762636110e-01 1.459109938110714211e-01 8.928570257841572655e-02 1.551770677487191719e-01 1.052248791123460980e-01 1.659205659948649048e-01 1.455263400692612119e-01 1.330041988008598131e-01 1.646549425978031667e-01 1.587919610477279142e-01 1.071739031219646615e-01 1.521602370308677843e-01 1.684616864468846675e-01 1.772361695615688737e-01 1.545283418074477333e-01 1.215742043656908300e-01 1.459001947240665953e-01 1.438407438323390242e-01 1.199946300597309334e-01 1.501675311426323434e-01 1.347739975740197271e-01 1.572853542619823408e-01 9.587534326919330829e-02 1.420437068589852359e-01 1.318801866119778954e-01 1.254566965506994369e-01 1.447140254837255002e-01 1.393853833266616715e-01 1.457679843460338853e-01 1.488490851186651531e-01 1.601884998459475462e-01 1.563706788912184176e-01 1.189199609349517184e-01 1.392834091543139197e-01 1.111337655536536045e-01 1.388591371993596058e-01 1.767882874730987708e-01 1.445653003781475487e-01 1.403541504170219834e-01 1.547043114829702026e-01 1.445008950888255761e-01 1.469706298901355124e-01 1.569895973525293198e-01 1.307892368563917107e-01 1.660214050839429745e-01 1.520885664699257733e-01 1.575612668775432657e-01 1.512558740451008799e-01 1.581953498596690710e-01 1.524371782913189755e-01 1.546256771993563539e-01 1.652331840219438686e-01 1.468369270206636434e-01 1.456047437018097301e-01 1.473511978832694469e-01 1.576795249538669175e-01 1.489612009608443643e-01 1.553593664076599601e-01 1.533004914033977983e-01 1.341902914240153122e-01 1.562651360430961367e-01 1.475900101098455708e-01 1.671020634933538251e-01 1.586544240424526409e-01 1.614653538634154284e-01 1.554319434886756168e-01 1.541097964083673610e-01 1.418594491929810741e-01 1.569483263270731177e-01 1.446493842820027187e-01 1.484703961271539863e-01 1.518512396591393254e-01 1.499157567922717593e-01 1.328940839804652607e-01 1.421345097116584466e-01 1.438954914381406491e-01 1.456767930496287167e-01 1.445856889332244044e-01 1.522125189288058289e-01 1.320046058674087530e-01 1.410937300437618835e-01 1.328538024444124166e-01 1.458834102641298480e-01 1.343367220494726677e-01 1.409551277066259101e-01 1.460179774267368891e-01 1.396051030225091139e-01 1.367854772599835234e-01 1.516029090585420125e-01 1.517203885183444900e-01 1.596085060752012452e-01 1.524537218574416320e-01 1.468874249295091527e-01 1.456578065272252642e-01 1.527773683890251422e-01 1.535480049886230047e-01 1.520168379872019748e-01 1.513508513038648307e-01 1.569902428611028855e-01
5.598683579559472767e-02 5.095219604944068587e-02 1.000000000000000000e+00 2.689092216419162185e-01 1.774733445742304738e-01 2.303711055458510237e-01 3.300674570373979266e-01 2.854992563279835083e-01 2.898397140563604424e-01 2.725350253957815050e-01 3.376684590280842890e-01 3.374084791602007805e-01 2.876472138930193378e-01 3.089329623295013483e-01 3.398487652248374236e-01 3.268424568629121341e-01 2.891245783671029246e-01 2.879942654352475317e-01 3.237180207928531672e-01 2.285837719327452333e-01 2.877376610616797503e-01 3.148675523480796157e-01 2.982218053961918081e-01 2.864252764366677639e-01 3.048772668115385387e-01 3.265681407045175066e-01 3.257416970011172141e-01 3.267405860450426913e-01 3.200117029896627496e-01 3.362834532481462357e-01 3.433211916449647183e-01 3.216466411927199620e-01 3.205401103788531048e-01 3.243960224341669862e-01 3.277595144539039995e-01 3.244791745329629329e-01 3.329543373512523496e-01 3.314016592770123726e-01 3.384996939256054160e-01 3.207469721375726390e-01 3.339850902378108111e-01 3.419342016883318291e-01 3.421063286732310416e-01 3.457069135146926264e-01 3.402071329604837158e-01 3.463079870044007968e-01 3.372657366247508448e-01 3.316215922556017826e-01 3.289039521647116326e-01 3.246587185668775577e-01 3.311695466178282143e-01 3.423579811429390829e-01 3.440838374313255343e-01 3.244461361341370864e-01 3.200269946472560911e-01 3.196615245777990610e-01 3.171750106943794223e-01 3.366266001323117152e-01 3.236183262020398965e-01 3.364375793293010730e-01 3.384465567810588382e-01 3.331021061185073795e-01 3.257028515541254277e-01 3.317769030110613304e-01 3.288274192744660707e-01 3.357807161500196425e-01 3.385495861041224464e-01 3.418071327942571735e-01 3.391916085916690804e-01 3.321886614790409142e-01 3.442499275190565311e-01 3.432792752709664663e-01 3.350153730208117464e-01 3.358821639805057990e-01 3.434977252807952519e-01 3.435731799141154008e-01 3.404040602690393547e-01 3.417454921528731981e-01 3.473413965433562178e-01 3.382221561745964999e-01 3.380709193130056467e-01 3.416932236756071162e-01 3.394534387632313632e-01 3.387029965460264802e-01 3.449764850345345968e-01 3.416204289486244883e-01 3.415064811622003926e-01 3.442981101597660243e-01 3.412528636695087991e-01 3.381585036826164625e-01 3.407388551556652656e-01 3.422783097163704658e-01 3.432063900476461926e-01 3.429438904162482316e-01 3.377380762512498524e-01 3.393382730895649901e-01 3.401245320142177730e-01 3.420732622726279093e-01 3.403264420959681291e-01 3.388906328060015682e-01 3.428148603725875154e-01 3.371565351174843905e-01 3.421462421896427353e-01 3.412710189897673052e-01 3.447227774316442006e-01 3.342277414413155623e-01 3.390499800119797236e-01 3.362580372346694602e-01 3.385392876521355898e-01 3.374993106408421539e-01 3.363520275820943706e-01 3.372980188026013515e-01 3.364153867923662666e-01 3.395129512557205076e-01 3.360383987662410310e-01 3.367800538098413288e-01
5.755131634744344721e-02 1.239887005328516034e-01 2.689092216419162185e-01 1.000000000000000000e+00 3.324016394167987332e-01 3.978212206418024199e-01 5.550848641457565291e-01 5.288590924530883752e-01 5.532179035023991887e-01 4.875833413101168246e-01 5.799792045766216653e-01 6.248784332527120844e-01 5.399624248763084111e-01 5.461995471656806433e-01 6.029708474873231028e-01 6.077690040303277419e-01 5.686824563793696496e-01 5.189773934017160029e-01 5.397402624132411342e-01 4.583972186390868897e-01 5.715266808979460045e-01 5.565422668055081123e-01 5.431452902398152816e-01 5.098025167486537335e-01 5.347386458435184897e-01 5.803834315878411143e-01 5.784094097465483086e-01 5.556967271534914987e-01 5.694362806496299223e-01 5.880241092553406546e-01 6.111527299616430486e-01 5.917024043450862525e-01 5.696634360098569161e-01 5.769114927933298720e-01 5.755656973938875209e-01 5.785808374106431451e-01 5.854370401135977620e-01 6.075913505125648539e-01 6.063641264512257267e-01 5.678500067908049953e-01 6.002227063156937437e-01 6.045277819228738192e-01 6.023519705316998651e-01 6.139700712327261778e-01 6.035190479926808571e-01 6.069617616340291510e-01 6.051765590065374401e-01 6.105646771347992274e-01 6.063401448901356572e-01 6.057925795022821580e-01 6.157347594133965041e-01 6.017938279937720125e-01 6.016849551706126009e-01 6.056977673892589564e-01 6.086786501663948856e-01 6.015957867675935100e-01 6.098366666688808113e-01 6.095661630260924557e-01 6.079203888388625687e-01 6.100296923491819179e-01 6.126763656912269651e-01 6.151349447656647706e-01 6.109405692572574820e-01 6.127686341963679562e-01 6.012693576732562883e-01 6.103196578123669669e-01 6.061553159383478162e-01 6.065266865469071123e-01 6.075889243501674253e-01 6.036818764373215185e-01 6.092883323308282417e-01 6.097412209317950582e-01 5.853117002442873584e-01 5.911732543543275487e-01 6.117959963781497423e-01 6.086412270291344795e-01 5.963163872559473777e-01 6.029124824455767140e-01 6.093166269910903488e-01 6.107470822847625991e-01 6.109072860642444924e-01 6.149789531446296920e-01 6.135459819975598306e-01 6.091309040478964931e-01 6.117909504922819375e-01 6.048432520611819463e-01 6.050243458108107708e-01 6.136358284312810607e-01 6.127574187463578070e-01 6.116880912586160068e-01 6.030693316344759580e-01 6.067192975549344780e-01 6.091607055181994523e-01 6.114448604121386355e-01 6.064445020153406141e-01 6.077142777319340938e-01 6.134678989254297443e-01 6.194809537075339767e-01 6.138505392234565594e-01 6.128316353569108754e-01 6.061767183580707430e-01 6.200102679017807095e-01 6.121846099289470766e-01 6.148720665739602076e-01 6.140959307534022971e-01 6.160587040831805306e-01 6.145340797290955726e-01 6.089440626637754317e-01 6.119866974637460100e-01 6.124991963287377272e-01 6.087701280949249227e-01 6.079375379673799262e-01 6.127130667414367737e-01 6.140855811104166673e-01 6.057764593793203423e-01 6.112918795986147513e-01
5.372698585807869631e-02 1.122047288998882925e-01 1.774733445742304738e-01 3.324016394167987332e-01 1.000000000000000000e+00 2.995147489543586450e-01 4.318983366839710958e-01 4.223606084207708888e-01 4.450952080422277413e-01 3.939205059584519053e-01 4.380609149468529528e-01 4.741625616328981052e-01 4.591770441161349692e-01 4.090384092247471015e-01 4.686266457728413548e-01 4.828276953863254728e-01 4.117470736454020841e-01 3.825328740390545046e-01 3.957675717650450675e-01 3.734405174164140417e-01 4.323127871250924126e-01 4.139054250961073378e-01 4.174630738697817089e-01 3.807298947169251435e-01 4.138910646340682176e-01 4.518582177460245264e-01 4.409270073463824602e-01 4.057280461514632952e-01 4.397788782114948614e-01 4.772586640643005085e-01 4.858310904084190418e-01 4.320878491151597944e-01 4.049096087798852994e-01 4.264625032829856277e-01 4.555976009747562117e-01 4.265352797584424094e-01 4.614307388592893133e-01 4.501332303770103627e-01 4.703867447891542652e-01 4.099271136084683964e-01 4.599404600468566806e-01 4.633648350331400767e-01 4.602432871390949587e-01 4.864010491846759154e-01 4.607374669026998992e-01 4.757898162199013514e-01 4.774753227466382866e-01 4.830354339744324932e-01 4.769942232310039887e-01 4.391857434482171474e-01 4.589832355260288765e-01 4.402122455523292954e-01 4.738776101084822834e-01 4.930031057215897294e-01 4.717115277287580732e-01 4.667686692255593184e-01 4.693481924426162744e-01 4.813245123384471413e-01 4.774802663195790720e-01 4.973890869057341901e-01 4.834801681527431394e-01 4.952818613388290658e-01 4.820425520134904440e-01 4.828939008691516821e-01 4.786864950924173967e-01 4.834619145109505522e-01 4.782626925059039746e-01 4.713295446082439999e-01 4.838891558330580822e-01 4.913007263751357212e-01 4.728492471538295328e-01 4.771956803796426061e-01 4.550177600561035041e-01 4.679720456812348495e-01 4.853524138070894889e-01 4.837667346458509599e-01 4.701921321929363740e-01 4.825550153150089394e-01 4.754078778534505667e-01 4.933952097235849710e-01 4.892841318581189203e-01 4.913064203853627077e-01 4.736770340040267202e-01 4.782590781259601354e-01 4.744849222177121018e-01 4.720618926273386085e-01 4.757620397399705547e-01 4.769941052099095358e-01 4.804984124501961995e-01 4.814122449428656081e-01 4.640655769084489624e-01 4.762404652812448624e-01 4.793131384919523952e-01 4.816017571078520243e-01 4.809323852074207095e-01 4.839973592713622819e-01 4.705501457720146496e-01 4.757077192434973067e-01 4.836853602142672237e-01 4.764702864126370008e-01 4.786774164471212512e-01 4.839054675840444575e-01 4.822341375771538319e-01 4.849525265971486587e-01 4.746394635550335028e-01 4.824266459967264664e-01 4.850037348799192127e-01 4.866225474485245117e-01 4.866263606034516576e-01 4.836728167833285741e-01 4.827883175013784056e-01 4.887638726126720123e-01 4.890671109694983976e-01 4.865711966872540706e-01 4.797810840541416044e-01 4.881332374587988854e-01
2.383001989473582452e-02 1.064061453404781254e-01 2.303711055458510237e-01 3.978212206418024199e-01 2.995147489543586450e-01 1.000000000000000000e+00 5.340911366437626207e-01 4.957165141003667119e-01 5.275557629160730899e-01 4.978172776583420500e-01 5.695764768441542447e-01 5.909649021970910798e-01 5.352854632006227575e-01 5.698582588002789606e-01 6.128776182888506785e-01 5.923712340437953250e-01 5.285789189154365131e-01 5.147880930592984017e-01 5.263125346114840841e-01 4.407790791419605725e-01 5.369804758453869953e-01 5.531287133630298225e-01 5.449689395461470021e-01 5.256445175151162053e-01 5.579914002169833465e-01 5.775867247971968599e-01 5.937600594060743475e-01 5.766913079469777603e-01 5.654487681630424589e-01 5.785401822063728217e-01 6.070435562359878245e-01 5.825910473706213955e-01 5.663176917690214696e-01 5.921385456004911729e-01 5.908073391468637858e-01 5.748917696443314185e-01 6.054240543285023257e-01 6.016354817857542114e-01 6.131311424669050325e-01 5.645521381420377516e-01 6.131450097190059845e-01 6.132504264950647821e-01 6.075440412520789479e-01 6.231136327012365417e-01 6.176935447349038988e-01 6.211703983481849933e-01 6.284546821622367663e-01 6.221384262194188386e-01 6.085922718222177563e-01 5.890114455764169366e-01 6.119151471552669586e-01 5.984770487918735782e-01 6.097923407120713346e-01 6.028448460740964965e-01 5.861681393102035065e-01 5.902179043661309743e-01 5.825127522688566817e-01 6.129389375191740541e-01 6.044551245760942937e-01 6.225476275216869082e-01 6.146382900345663813e-01 6.126882365641782568e-01 5.994566904730032064e-01 6.091415306920169304e-01 6.123378840546596091e-01 6.106589819814454145e-01 6.285090766344696434e-01 6.254814441328184760e-01 6.239561953830917718e-01 6.166242064115486921e-01 6.243873386823330929e-01 6.275772823713862136e-01 6.125393213534802150e-01 6.227779768070056399e-01 6.261497057137904720e-01 6.274524698597278016e-01 6.266152667038620283e-01 6.256399177169366110e-01 6.276290832571682632e-01 6.214248521859149221e-01 6.258850242138040976e-01 6.272237503604650710e-01 6.254629465577618008e-01 6.236696832925777700e-01 6.243262690905317935e-01 6.275997021066699322e-01 6.299595326297487974e-01 6.299670367709799823e-01 6.306433201607978267e-01 6.178165574426552897e-01 6.242078389965584062e-01 6.324871362384092421e-01 6.312203540727525652e-01 6.325967561569395547e-01 6.321603017856118889e-01 6.288037670660810985e-01 6.147327259100636709e-01 6.174991958224271826e-01 6.252450155947760768e-01 6.290056511114555660e-01 6.279529357252719990e-01 6.234056718988456591e-01 6.266176702970650547e-01 6.313588282975913790e-01 6.271342847162164613e-01 6.112403706373189527e-01 6.279233424796631935e-01 6.254353403930432709e-01 6.241600746957902679e-01 6.271629108679914744e-01 6.214860817651662872e-01 6.303358023472106497e-01 6.256391874350659688e-01 6.269610618962985216e-01 6.258086713917629940e-01 6.256786801481435401e-01
-4.653840742066674835e-03 1.125820082965826724e-01 3.300674570373979266e-01 5.550848641457565291e-01 4.318983366839710958e-01 5.340911366437626207e-01 1.000000000000000000e+00 7.036746839240898277e-01 6.972287590733354801e-01 6.754376669510980813e-01 7.669539915836894872e-01 8.037502355729894132e-01 7.308771576431247752e-01 7.517030465187111155e-01 8.464007419277311817e-01 8.062353820945596938e-01 7.171294320772229058e-01 7.012858618671096167e-01 7.324968430839692290e-01 6.035225472023496573e-01 7.553074455620110150e-01 7.497444856516819467e-01 7.537144611569309705e-01 7.171416953234062142e-01 7.475334650882293763e-01 7.732428569673219787e-01 7.741041664426876467e-01 7.794676084894338608e-01 7.695869422700731821e-01 7.882763031993894609e-01 8.242162849335330499e-01 8.030217509711011781e-01 7.726393711734694802e-01 8.002407710329281221e-01 7.953209476118013876e-01 7.839772440547153609e-01 8.134001069182680288e-01 8.160112016623372044e-01 8.308007404007089480e-01 7.899043648470688295e-01 8.222633327105050016e-01 8.308078597567011281e-01 8.228341692204850233e-01 8.358161660631440171e-01 8.280137563430630676e-01 8.380875432135485026e-01 8.292247296004309209e-01 8.292098824301109561e-01 8.210435402997271481e-01 7.975133747015353824e-01 8.240064758672868139e-01 7.948749154308312193e-01 8.153608376626635401e-01 8.147142816924316522e-01 7.933240294740602216e-01 8.168506697982885756e-01 7.898148039662180597e-01 8.285969197061656688e-01 8.199978364350398730e-01 8.254264775061463943e-01 8.269600889789749942e-01 8.208584973105136351e-01 8.113379139737876278e-01 8.147110342370358360e-01 8.081519793676242847e-01 8.113853342442792771e-01 8.320775168282878997e-01 8.307566070295021587e-01 8.382668760704266031e-01 8.302898634090337682e-01 8.334986653639434584e-01 8.357351901677789741e-01 8.177027860872164711e-01 8.270128016782866132e-01 8.381020668068366319e-01 8.343688709526458913e-01 8.312054409889587658e-01 8.304967000434940738e-01 8.368205150736330866e-01 8.246794558671306508e-01 8.317566194484964370e-01 8.354671199978964680e-01 8.363923801317569851e-01 8.389651081743706440e-01 8.385954900718742833e-01 8.368683762900268608e-01 8.384884027191502609e-01 8.422883663932700937e-01 8.389529535700154250e-01 8.363975068973675819e-01 8.400479434271457269e-01 8.397474433190456056e-01 8.393952213081550262e-01 8.401665243969510533e-01 8.348001864389165139e-01 8.344958579129401199e-01 8.330353529245578814e-01 8.242666385327465095e-01 8.321146010637585633e-01 8.414513388854598652e-01 8.383174284234430340e-01 8.319617789144871933e-01 8.331201178389976425e-01 8.373267085157161116e-01 8.296538095392993473e-01 8.205669471621601652e-01 8.348413348822640856e-01 8.340577057842615272e-01 8.346217144240704044e-01 8.349006481005581959e-01 8.359790065042960183e-01 8.320559634326114562e-01 8.311401716229613879e-01 8.301664286620534794e-01 8.242248465184620621e-01 8.265281149075177636e-01
-6.218376796475132660e-03 1.186490779307270149e-01 2.854992563279835083e-01 5.288590924530883752e-01 4.223606084207708888e-01 4.957165141003667119e-01 7.036746839240898277e-01 1.000000000000000000e+00 6.554140790930113036e-01 6.080171634031197314e-01 7.158289611088555215e-01 7.501013795319559918e-01 6.984912888065238912e-01 6.891642834297855291e-01 7.750880503119039755e-01 7.764536617162149934e-01 6.761573681547645709e-01 6.340360091051079339e-01 6.502195565373857233e-01 6.086400048896351000e-01 6.959116469990753728e-01 6.778208437106276740e-01 6.566933069046992921e-01 6.160150943408333468e-01 6.545191795494073039e-01 7.015214476109722375e-01 6.846841921322188718e-01 6.879573266683622901e-01 6.937047451183459001e-01 7.083004938961520169e-01 7.459456395680186258e-01 7.348887137547234216e-01 6.988364880714531546e-01 7.274008816765092922e-01 7.254558850503445289e-01 7.173615486976165911e-01 7.281255737818699281e-01 7.609406744521854948e-01 7.619951840508822904e-01 7.232555535807921876e-01 7.486650455603268695e-01 7.641681572630795172e-01 7.626329498741998281e-01 7.731511727782115484e-01 7.506350035051455594e-01 7.700741194625472241e-01 7.693718419469403047e-01 7.687447020901374550e-01 7.771952329154736550e-01 7.625982851066382961e-01 7.755240207031308675e-01 7.564682456452501702e-01 7.625842886168090473e-01 7.609659806707297358e-01 7.623530505670456092e-01 7.605935595194105447e-01 7.669252308110240390e-01 7.699988398136142775e-01 7.733429499391896167e-01 7.673703965131497551e-01 7.774940804237948644e-01 7.734208091394235707e-01 7.745770500339914655e-01 7.770703896301339730e-01 7.554920705834449191e-01 7.688418401440980654e-01 7.690004503841699757e-01 7.627756069985390797e-01 7.678536132560774830e-01 7.792071388977861446e-01 7.631650457019415468e-01 7.670154653856474658e-01 7.359343709582175652e-01 7.475193426331091517e-01 7.662232135765535412e-01 7.621527487580384008e-01 7.573989797067830487e-01 7.624527218867224176e-01 7.675691824453778622e-01 7.615906800580743985e-01 7.644729748060210550e-01 7.710005675929567648e-01 7.671353633526275528e-01 7.678357738783905262e-01 7.761420219117337593e-01 7.652546267171275174e-01 7.664803864344773565e-01 7.776202269812497736e-01 7.733215969118698574e-01 7.732873904010396648e-01 7.641992858858431825e-01 7.725083412164823748e-01 7.720674715280574363e-01 7.770613034788382834e-01 7.742281467548000062e-01 7.740559378169815652e-01 7.806589263871693829e-01 7.822396156984345872e-01 7.813534542373431480e-01 7.764553156342040019e-01 7.764358142511048611e-01 7.853992925472567110e-01 7.749349333384115690e-01 7.800046646670713013e-01 7.750701587387612834e-01 7.782150882375876710e-01 7.802362647526558392e-01 7.728181476425364238e-01 7.765809926086553183e-01 7.771186504761229408e-01 7.759633550312158290e-01 7.746222913640259389e-01 7.781858134709723762e-01 7.793376217332180778e-01 7.695812708178897399e-01 7.733216621850826922e-01
1.484386704692577386e-01 1.698837381794199020e-01 2.898397140563604424e-01 5.532179035023991887e-01 4.450952080422277413e-01 5.275557629160730899e-01 6.972287590733354801e-01 6.554140790930113036e-01 1.000000000000000000e+00 7.284275777716052724e-01 7.688571064458331605e-01 8.116513285761177698e-01 7.411682220901459894e-01 7.423133097090048871e-01 8.059315643003353014e-01 8.081833974804190079e-01 7.797584624049334057e-01 7.145980896894281731e-01 7.294395544418997845e-01 5.962102862935204639e-01 7.904362461284488717e-01 7.485418283598820333e-01 7.514589366065645981e-01 7.056444112634969734e-01 7.362148641234662616e-01 7.956226764145862829e-01 7.887266479993657597e-01 7.440635330866633979e-01 7.873564537320995038e-01 8.132537125821248658e-01 8.362678518415320728e-01 8.057519705164464252e-01 7.360533959370582080e-01 7.947914962872597577e-01 7.850044652902952169e-01 7.680458402601253454e-01 8.161109209658827801e-01 7.984485343558991310e-01 8.252858738892112633e-01 7.247406608052936461e-01 8.218865936849051312e-01 8.065365928295059605e-01 7.937312836941883276e-01 8.346147243521392367e-01 8.220945739750189496e-01 8.248174207140361869e-01 8.371271768877375230e-01 8.552172589844261319e-01 8.401169893701393443e-01 7.824491224554559476e-01 8.203586917194901629e-01 7.956916738721069304e-01 8.227726700468234178e-01 8.583273154710115982e-01 8.288511976953532034e-01 8.166566819506609898e-01 8.326638676572947206e-01 8.344568937532923503e-01 8.330698769231136280e-01 8.582745004943487244e-01 8.254662652898774322e-01 8.531009492965809793e-01 8.307198100268303742e-01 8.447664393698768315e-01 8.530982994985011336e-01 8.583503502151974551e-01 8.499342461064489651e-01 8.361417781974234131e-01 8.439458930840343376e-01 8.345202704605126920e-01 8.328048166583633671e-01 8.410780220011829789e-01 8.169563229949864391e-01 8.282911527638600058e-01 8.441171488845951032e-01 8.449945561446923215e-01 8.256826807536902235e-01 8.441698026371390329e-01 8.353342790418609720e-01 8.527397906226772406e-01 8.504999734029106140e-01 8.522378681253137689e-01 8.470575598724373600e-01 8.407638726665557227e-01 8.263195019783348139e-01 8.395154669271470693e-01 8.390775912336267961e-01 8.389468014108931726e-01 8.445986365135125240e-01 8.319697266926436852e-01 8.124469340367835857e-01 8.331936951505107825e-01 8.371878259853366977e-01 8.397779840499487447e-01 8.434851405558978499e-01 8.443816722452722745e-01 8.054977669383887040e-01 8.349717714470616947e-01 8.265989095762279470e-01 8.345918503984725012e-01 8.236457936479167907e-01 8.318439501994514540e-01 8.425194047090734939e-01 8.408484095824469984e-01 8.355459406842217218e-01 8.359339573507934551e-01 8.485101171301054901e-01 8.519713347621019617e-01 8.440509588019619036e-01 8.425112736089954701e-01 8.384967463924756226e-01 8.512774583279236751e-01 8.481775138496769895e-01 8.486709295109949869e-01 8.545846429655103993e-01 8.566589473435343161e-01
5.966167610775566926e-02 1.643199126173259805e-01 2.725350253957815050e-01 4.875833413101168246e-01 3.939205059584519053e-01 4.978172776583420500e-01 6.754376669510980813e-01 6.080171634031197314e-01 7.284275777716052724e-01 1.000000000000000000e+00 7.261126566559918949e-01 7.572430171011461653e-01 6.914138094311630400e-01 7.099139048983246214e-01 7.778296286838184415e-01 7.560069965217053323e-01 7.099866068836652166e-01 6.561578826043690249e-01 6.834006302557669166e-01 5.230883619156093678e-01 7.086335152237186463e-01 6.789185871100167358e-01 7.168916741648412305e-01 6.717147260305641465e-01 6.879598550304466542e-01 7.399009677071186619e-01 7.493319899726084143e-01 7.112303245808200280e-01 7.337866044496821338e-01 7.602528106460154644e-01 7.931206128175636305e-01 7.674432318463667579e-01 7.057780195922570554e-01 7.622768966316638695e-01 7.433619576386765182e-01 7.057385019601514209e-01 7.667150676638836426e-01 7.657893135528063278e-01 7.884993575807452970e-01 7.069405989061382511e-01 7.816429626635617023e-01 7.729521546326785231e-01 7.458910041937869551e-01 7.809403467074699234e-01 7.802419899694061911e-01 7.838473529472066437e-01 8.001962761631962184e-01 8.100817067934117377e-01 7.889581787963981796e-01 7.387028149445903358e-01 7.809639086431922061e-01 7.304235236812581800e-01 7.545480031307230107e-01 7.962171613408602910e-01 7.626837511211599363e-01 7.737207638471366167e-01 7.647347689426486905e-01 7.894668848616951395e-01 7.903054429356539679e-01 8.004979285536587552e-01 7.672567937883020273e-01 7.978327086900715015e-01 7.776793909808922267e-01 7.861455195791585693e-01 7.895814168426985580e-01 7.914848417019821891e-01 8.043767518358824198e-01 7.939938758934317331e-01 7.963724159632570299e-01 7.782372038598142083e-01 7.844412399001277070e-01 7.918953703062893146e-01 7.798072435537726221e-01 7.843800029462425494e-01 7.973317312141852131e-01 8.007940997957075924e-01 7.867610251891271611e-01 7.968537563848928640e-01 7.940984055012779708e-01 8.045176538112863707e-01 8.017709940996200491e-01 8.079025751556928592e-01 7.948158883505099803e-01 7.950216228247025674e-01 7.802170804287082984e-01 7.991747437893784722e-01 7.955668821721710859e-01 7.967051078001924358e-01 8.017451333871156161e-01 7.856207082644781625e-01 7.765756193816534259e-01 7.944781901966863069e-01 7.922373200412536898e-01 7.970091384192993234e-01 8.012407364395133236e-01 8.025065980420130751e-01 7.541967269195379853e-01 7.732057006917527620e-01 7.751575935336325607e-01 7.929556905060195504e-01 7.781645868458223481e-01 7.828654426290290180e-01 7.909988886152758969e-01 7.924330999064371772e-01 7.769535661687365646e-01 7.706196889676043549e-01 7.963962745594104220e-01 8.025486716001354326e-01 7.933314451594389860e-01 7.999478707903626695e-01 7.950326815477063436e-01 8.004555769046816094e-01 7.993165316402185416e-01 7.928644191982823219e-01 7.986822579662188337e-01 7.960015069955395095e-01
2.258138872993873530e-02 1.416663383587740410e-01 3.376684590280842890e-01 5.799792045766216653e-01 4.380609149468529528e-01 5.695764768441542447e-01 7.669539915836894872e-01 7.158289611088555215e-01 7.688571064458331605e-01 7.261126566559918949e-01 1.000000000000000000e+00 8.626779400587955005e-01 7.755546307200205103e-01 7.961430436403746924e-01 8.676794765155726452e-01 8.519316617515769741e-01 7.833797336303280900e-01 7.283948863918439098e-01 7.843507720936939709e-01 6.119806479320694104e-01 7.974623902679897069e-01 7.983403091747602875e-01 7.924937275907582013e-01 7.519922415468822674e-01 7.901730545490034396e-01 8.370112889659711009e-01 8.409835247203720776e-01 8.156749055554242123e-01 8.128394522824499147e-01 8.554652131109421465e-01 8.925019248240088077e-01 8.477376838731776054e-01 8.176261418753242305e-01 8.514539179965663340e-01 8.476788463879062485e-01 8.329782065898553300e-01 8.658613225321204476e-01 8.740610672180051388e-01 8.873934747674264711e-01 8.379705560502794803e-01 8.815112639514735005e-01 8.804613338329535521e-01 8.689360718120451299e-01 8.915101948675341337e-01 8.842952974891045148e-01 8.862315364274228058e-01 8.914214452726306748e-01 8.926012363004972583e-01 8.821453258045220958e-01 8.569623996244570829e-01 8.820626193120043590e-01 8.625473655644203541e-01 8.782246034868727014e-01 8.763956760951179259e-01 8.656120028169003167e-01 8.774737645498097427e-01 8.588625824601595626e-01 8.880674879069362371e-01 8.807987636731375858e-01 8.885450837757903342e-01 8.871477223099086817e-01 8.850872402980060061e-01 8.773059835826397812e-01 8.798160038426018348e-01 8.721143270487782262e-01 8.783860382496645469e-01 8.940027490671129673e-01 8.902847351208716953e-01 8.908650436377794080e-01 8.788878901575808422e-01 8.904751679310970447e-01 8.942640894765250259e-01 8.719412342858146037e-01 8.815398220774450788e-01 8.973183104488350326e-01 8.970124102030890834e-01 8.837651640192080160e-01 8.866289942479420594e-01 8.894914278648494710e-01 8.951128164115530472e-01 8.953446166023729669e-01 8.999313153183643443e-01 8.945967832452655921e-01 8.958601057495956255e-01 8.937919679104097126e-01 8.942778815467755660e-01 8.959211775293047797e-01 8.975162202985815796e-01 8.975677194698630235e-01 8.961228868699963046e-01 8.915294002245021110e-01 8.964652690937043866e-01 8.986644202670805992e-01 8.977653314949713970e-01 8.970322105873073104e-01 8.967227339439798328e-01 8.846317144800384114e-01 8.834118981991053721e-01 8.910913586696063149e-01 8.937207653562802001e-01 8.929208468282696654e-01 8.920751142418431590e-01 8.942220274281138526e-01 8.975719977814869965e-01 8.914957064891491090e-01 8.828638039877226840e-01 8.927266464255400047e-01 8.962233865278673717e-01 8.963212201896968434e-01 8.959550130092283071e-01 8.942712358705245945e-01 8.952871938032347376e-01 8.951653733548526892e-01 8.910759824691395492e-01 8.896972561680219771e-01 8.892117078047194756e-01
1.021682198069330354e-02 1.473926396954848284e-01 3.374084791602007805e-01 6.248784332527120844e-01 4.741625616328981052e-01 5.909649021970910798e-01 8.037502355729894132e-01 7.501013795319559918e-01 8.116513285761177698e-01 7.572430171011461653e-01 8.626779400587955005e-01 1.000000000000000000e+00 8.180513797191671932e-01 8.335363890372694540e-01 9.120947172025052341e-01 9.036098038848111580e-01 8.271548725437439797e-01 7.552544496166645471e-01 7.925704611784366582e-01 6.541990698992351527e-01 8.259444309652729244e-01 8.130925391171887062e-01 8.094591234064770768e-01 7.600759489225314969e-01 8.015217973331992818e-01 8.560079289914175327e-01 8.640873814798941677e-01 8.349692341142772589e-01 8.388970952784099433e-01 8.764341244343173409e-01 9.149649827440944350e-01 8.770026677101493418e-01 8.371935734390527628e-01 8.798646060811421421e-01 8.743375295534188130e-01 8.533093566442117028e-01 8.954406657531457370e-01 9.112152412525246215e-01 9.265334659064005107e-01 8.611414038929364745e-01 9.150361428112925299e-01 9.156872552524767395e-01 9.027149215222666223e-01 9.288219295222550631e-01 9.159185167452238430e-01 9.223399049182037235e-01 9.347671861759279111e-01 9.372638455334749708e-01 9.296821611356790305e-01 8.971126962552856687e-01 9.272914735802004760e-01 8.953122775130475386e-01 9.128308005781206047e-01 9.253465281969662781e-01 9.126039473413326553e-01 9.144087936910398895e-01 9.126438119955917472e-01 9.307464080620695412e-01 9.307272463766891324e-01 9.363073985498838736e-01 9.277552131219860554e-01 9.366900436004358399e-01 9.282049744228425547e-01 9.298245328621502770e-01 9.219985992250326889e-01 9.314768483036754976e-01 9.340035558465926702e-01 9.256190205429297713e-01 9.241992908409718543e-01 9.224236399741683190e-01 9.236402608870071251e-01 9.309916590011195758e-01 8.987946086837550475e-01 9.118655010346637946e-01 9.325108157098472850e-01 9.308902819428868103e-01 9.181939247058330533e-01 9.227793392926358917e-01 9.273216654943307047e-01 9.322097965332560854e-01 9.328953648452318337e-01 9.390232284096279303e-01 9.295255002674185363e-01 9.305706676060695459e-01 9.279487489006370549e-01 9.291477598017414685e-01 9.318986509128145412e-01 9.379786801265013185e-01 9.382752812751037341e-01 9.291232821303067047e-01 9.220393590702282705e-01 9.349484279886541849e-01 9.343660683154942914e-01 9.389378254768834253e-01 9.383089403513409366e-01 9.397617967290545771e-01 9.161778600876225864e-01 9.291083323199813560e-01 9.314652372098556343e-01 9.348217595346515196e-01 9.289002881756081020e-01 9.359572384815351143e-01 9.374905842243288490e-01 9.394941482321638171e-01 9.272312904208314110e-01 9.248872217995579570e-01 9.385213163860601782e-01 9.375131080503279479e-01 9.350171780636113983e-01 9.400074913565890089e-01 9.363624827113710136e-01 9.395892439988250411e-01 9.398804532006512780e-01 9.357897513478248275e-01 9.329987077958525887e-01 9.348628861851930871e-01
3.198224493384131673e-02 1.477495656894479703e-01 2.876472138930193378e-01 5.399624248763084111e-01 4.591770441161349692e-01 5.352854632006227575e-01 7.308771576431247752e-01 6.984912888065238912e-01 7.411682220901459894e-01 6.914138094311630400e-01 7.755546307200205103e-01 8.180513797191671932e-01 1.000000000000000000e+00 7.587133134819316060e-01 8.394734367575236167e-01 8.257377946638324584e-01 7.392461050518033261e-01 6.807482090118860407e-01 7.144539873927644447e-01 6.061602083034849375e-01 7.500237211073663701e-01 7.357157219542426185e-01 7.417114497500425507e-01 6.908324840797424038e-01 7.383581339588063397e-01 7.842966334661704009e-01 7.938646928539712100e-01 7.707225813843731066e-01 7.835609147484869919e-01 8.115415235958838291e-01 8.355394669918894124e-01 7.822884710538651198e-01 7.583610371030723440e-01 7.859039315286668881e-01 7.962463107921547989e-01 7.818435664587077838e-01 8.143287776352040597e-01 8.087905437853530888e-01 8.360409918031301846e-01 7.677854701547892624e-01 8.301331172834284233e-01 8.287611442473296064e-01 8.343869687160141435e-01 8.479055396655840182e-01 8.342051610401579609e-01 8.458225576316235061e-01 8.455452236172280589e-01 8.493956224731711302e-01 8.351566489592454623e-01 7.901217133550890726e-01 8.251555752421703138e-01 8.027372977196451931e-01 8.302727532409103217e-01 8.411335201998980660e-01 8.176657973111234323e-01 8.175477934427862747e-01 8.137670406514821986e-01 8.467022276067535103e-01 8.319150205309493451e-01 8.571388918845175287e-01 8.504810063491839989e-01 8.495031966673101120e-01 8.325777494463971751e-01 8.458313964239997373e-01 8.391145402352573335e-01 8.424980461808095900e-01 8.513328730610083550e-01 8.416468797739090624e-01 8.434440904209623557e-01 8.450344743560476157e-01 8.447163195244747902e-01 8.483158881948886787e-01 8.185056082791128951e-01 8.364404911512224317e-01 8.520687641869245654e-01 8.509685324688190944e-01 8.443802762753618296e-01 8.494270514714737930e-01 8.516264981438611548e-01 8.535241217465113772e-01 8.545205483566059579e-01 8.591486778125086987e-01 8.439431426567447492e-01 8.472441505022708652e-01 8.432468083566307948e-01 8.448494542692795983e-01 8.502370903684607351e-01 8.510915176137274774e-01 8.525108755855791420e-01 8.466156046860976447e-01 8.399166015107315530e-01 8.537487962888679061e-01 8.533832230809923480e-01 8.549239326114147497e-01 8.549374156211189124e-01 8.555825039024179679e-01 8.359878696927750541e-01 8.403402152225913913e-01 8.487317026247473972e-01 8.480228736376740351e-01 8.528043632180618561e-01 8.465447386227823445e-01 8.517402566702096944e-01 8.586284453327408528e-01 8.480637851126662241e-01 8.418276512049426286e-01 8.540328679858488758e-01 8.527313206497892928e-01 8.507030109554875041e-01 8.537509225070609720e-01 8.489274910724001755e-01 8.596410708148530810e-01 8.554557709056793691e-01 8.566385790421797708e-01 8.503353708383787346e-01 8.529359567534133824e-01
