1.000000000000000000e+00 1.243360456233477407e-01 2.198108769829746831e-02 9.279077912265060527e-03 6.594650253461624423e-02 1.019456459691286954e-02 -9.109313614423674224e-03 3.707425762025468030e-02 1.174083950394437664e-01 3.078654152548069428e-02 1.357755643961142816e-02 5.276257218892829552e-03 2.794745401242752780e-02 -1.971432329779850001e-02 -1.857014165996752949e-03 1.667090803290251222e-02 8.528930130738424098e-02 1.438989539118928629e-01 1.130086850549667232e-01 4.665321072146959291e-02 1.072674112779549299e-01 9.444359395397852741e-02 1.341170779060708584e-01 1.267876380084235755e-01 1.146292810732200684e-01 8.826940896338467124e-02 6.666842848665979759e-02 8.587409114919231090e-02 1.008342818988384459e-01 8.718666682413186986e-02 6.994844238394271052e-02 7.642867737753321344e-02 7.277135528737690984e-02 4.522708065795241067e-02 9.972731409849562578e-02 5.928904130171932380e-02 6.885684511139625319e-02 2.331116236440995346e-02 3.319514148521426899e-02 2.221902685037361810e-02 3.617429228999909097e-02 1.175648829972701821e-02 1.454335432513755716e-02 2.282405048390478280e-02 5.704899417461692379e-02 2.686155114040532713e-02 7.890028482148016276e-03 1.672918805794736466e-02 1.440674401728957860e-02 3.774624214146651141e-02 3.802222863326468194e-02 -2.375381354403672055e-02 6.571786286351916605e-03 4.059303260308206457e-02 3.703921610065615683e-02 5.160656951943976001e-02 4.605251011795154226e-02 9.152910575171197341e-03 1.925119267890228539e-02 2.177955480745272232e-02 1.885052734185504314e-02 1.307414354295533855e-02 4.151049416373760528e-03 3.357799366349846493e-02 3.655015744554591245e-02 3.906741254847884842e-02 2.258458702442911123e-02 4.345970325092256281e-02 5.606279690317921005e-02 2.156863210094116592e-02 3.879888779554246936e-02 3.540282276359078828e-02 5.076378573095062519e-02 4.342063551026111717e-02 2.963890996681668374e-02 3.654600584624836251e-02 2.977477018094414410e-02 5.096001661180379200e-02 3.542159697747795238e-02 4.146470560909109454e-02 3.732616073493544989e-02 3.114874020342790761e-02 4.036470724360217976e-02 4.757795294256384616e-02 2.840786185882483023e-02 2.077441134084994853e-02 2.729398205992693283e-02 1.851598802573746483e-02 1.434697021631156991e-02 3.467832783031848248e-02 2.366468679689830157e-02 1.194678707157098216e-02 1.885785504543083246e-02 1.207298069559067412e-02 3.746564666879666043e-03 8.252579089872534232e-03 7.193936994983243967e-03 2.454165656835397696e-02 4.318660367645332787e-03 1.436554489339730151e-02 5.236680964403473380e-03 1.527195260389261483e-02 3.768647957873199564e-03 7.542084313369290700e-03 1.015163058823826368e-02 2.937872079446372103e-02 2.064081676869105458e-02 2.105495635971389376e-02 2.766152528436615493e-02 1.059633127649669236e-02 1.746301313382994267e-03 9.199191191535669929e-03 5.318537286542696606e-03 1.425298215899151351e-02 2.797992730579469678e-02 1.902611019407011994e-02
1.243360456233477407e-01 1.000000000000000000e+00 6.233137445724452191e-02 4.268257181162894015e-02 1.100571483308075138e-01 6.027853645370575414e-02 1.183349932322489834e-01 1.162429620347048137e-01 1.778260364887057909e-01 1.260734870339588198e-01 1.316552635858226072e-01 1.135907551031723195e-01 1.365510983334249917e-01 9.640369138953652772e-02 1.218019591355039566e-01 1.313660782956238837e-01 1.460993114562666728e-01 1.685952910319820919e-01 1.630229142324453873e-01 1.031728944172964624e-01 1.216784969633744468e-01 1.466030622137451389e-01 1.899784095947442686e-01 1.705988833188563369e-01 1.602302124197611255e-01 1.776138586659590235e-01 1.558025896077598060e-01 1.693261798522048833e-01 1.624555506427485529e-01 1.898046230919755717e-01 1.696429996530240125e-01 1.716659656792859368e-01 1.719815949097539265e-01 1.577460079102862844e-01 1.903311883337222010e-01 1.527638569696233017e-01 1.634630192584555775e-01 1.468717358941224738e-01 1.467959470400497235e-01 1.455738070303957687e-01 1.389040764951277318e-01 1.375332778367843456e-01 1.249723852825983389e-01 1.403655094461999653e-01 1.581921767185543448e-01 1.383047468093469845e-01 1.371602970391251342e-01 1.471458604405224690e-01 1.406904014157553118e-01 1.459533654965273763e-01 1.464024636220605247e-01 1.022562836011732396e-01 1.329738276934138153e-01 1.595843166246044553e-01 1.592496022324707550e-01 1.616930562381464764e-01 1.564667110262233096e-01 1.411969375329811816e-01 1.427850578928924752e-01 1.441999912039525489e-01 1.410291451788260875e-01 1.419876805265311570e-01 1.421564059393304047e-01 1.492233336831548240e-01 1.477781892862261859e-01 1.512157805340424432e-01 1.457525771555021055e-01 1.512572525495932407e-01 1.611101587940027280e-01 1.336151179864281113e-01 1.399983339388962411e-01 1.449237066749334835e-01 1.538267047620111017e-01 1.501633725744487557e-01 1.476580651324084503e-01 1.483207628774383391e-01 1.420469165025984026e-01 1.548612839072384118e-01 1.499681256528553330e-01 1.594141653942165171e-01 1.580906013038408942e-01 1.536479452888159236e-01 1.505164566378869306e-01 1.633201437152753954e-01 1.431771829104078464e-01 1.469608187912986030e-01 1.510432113374910734e-01 1.431022805457173031e-01 1.408680384220456772e-01 1.539956688546795793e-01 1.436699145821034307e-01 1.370769662210686579e-01 1.387768299987548470e-01 1.394060472605565260e-01 1.360380450686743681e-01 1.400351812384040273e-01 1.286950587799966517e-01 1.334733328582108358e-01 1.345406452776611861e-01 1.385047963588937892e-01 1.340289200536272096e-01 1.347807892356860104e-01 1.326274046399132378e-01 1.340725049966703386e-01 1.321958036781198387e-01 1.410403066841904862e-01 1.430322983354311850e-01 1.487311388824124614e-01 1.500275206388703986e-01 1.408182837150420696e-01 1.322404674799130264e-01 1.377655281335353477e-01 1.336017822051238646e-01 1.350488890395619979e-01 1.439969264191171827e-01 1.392289443352878187e-01
2.198108769829746831e-02 6.233137445724452191e-02 1.000000000000000000e+00 2.897919507990376342e-01 2.112922052499779380e-01 2.178006322098208492e-01 3.221651548614501981e-01 2.928214435392295090e-01 3.286250894903963160e-01 2.834946797810068975e-01 3.749394425889521765e-01 3.757824800973986190e-01 3.318013359551009733e-01 2.638747944603214712e-01 3.708361714536602682e-01 3.757150537419897129e-01 3.310417611196922461e-01 3.602801094293260897e-01 3.513528079089392464e-01 3.039926709470046617e-01 3.342648587396510051e-01 3.670423878048426625e-01 3.701362501587944220e-01 3.544549212142326655e-01 3.654465558846805573e-01 3.779531987636896018e-01 3.701943391710516562e-01 3.767024877162190033e-01 3.507466779667022805e-01 3.709885446687074539e-01 3.755202919044232091e-01 3.871663943841323063e-01 3.796595889851160921e-01 3.822117024745414482e-01 3.749014500010985351e-01 3.858505158947481695e-01 3.761802281153768801e-01 3.909578728774465439e-01 3.880577090923640893e-01 3.893298838787665472e-01 3.802729739652168650e-01 3.829772502452566951e-01 3.830068479214464583e-01 3.845614413622890360e-01 3.805254327940347792e-01 3.869514669218885317e-01 3.783233111052606845e-01 3.776786466635796979e-01 3.805653231266504233e-01 3.865437216656446018e-01 3.878105384935574551e-01 3.639273641974446472e-01 3.787579335921100188e-01 3.792389407911583299e-01 3.784119043987984043e-01 3.854493637347853330e-01 3.767283448571001059e-01 3.823676751821687980e-01 3.844919394473386709e-01 3.796724171368021095e-01 3.793916987892773096e-01 3.793629986675508547e-01 3.778108569894595425e-01 3.793100250598969159e-01 3.785196254466551280e-01 3.737415443546175942e-01 3.799444214672652587e-01 3.828443331089378399e-01 3.862438273269994116e-01 3.836880261740305831e-01 3.880788721961687671e-01 3.841986477743207229e-01 3.815892503069969743e-01 3.799009941165442106e-01 3.811045856638369811e-01 3.774187278376169852e-01 3.763927541459612947e-01 3.692605263621592249e-01 3.785641768215091685e-01 3.822023468575599381e-01 3.796949773650323268e-01 3.861274853125321038e-01 3.884159413581561027e-01 3.784027290260927878e-01 3.868537925246725018e-01 3.844229446610495371e-01 3.840906847731991869e-01 3.842411511945195146e-01 3.856662208393930036e-01 3.839015820283078195e-01 3.873902166122147328e-01 3.836666946784335619e-01 3.854361285327240205e-01 3.831413464980050199e-01 3.756307300705403751e-01 3.756839985777730151e-01 3.863266681340454811e-01 3.856573974227515689e-01 3.813698863237355297e-01 3.871890829058242667e-01 3.831930504497967904e-01 3.841967513512133947e-01 3.785598757383861201e-01 3.826583864433180104e-01 3.823790249306091016e-01 3.731430345909909074e-01 3.823387839715974290e-01 3.765904380102490512e-01 3.803399479054029309e-01 3.832351784715971599e-01 3.804163601756418434e-01 3.784201754707927079e-01 3.785862761780153796e-01 3.824252898192926908e-01 3.805393258135625900e-01 3.768497128507640737e-01
9.279077912265060527e-03 4.268257181162894015e-02 2.897919507990376342e-01 1.000000000000000000e+00 3.664087314189959366e-01 3.695461967660595426e-01 5.583833675103507810e-01 5.272987725086240030e-01 5.207434475370031901e-01 4.867167818462905804e-01 5.788374112514342862e-01 6.373843434241062145e-01 5.322230247811994275e-01 4.482649297082432205e-01 6.113544199561419257e-01 6.095976049964006993e-01 5.233568041400346038e-01 5.532673835143865348e-01 5.336218202159292989e-01 5.460626285059884122e-01 5.763559175143980751e-01 5.902691970375293362e-01 5.523262411197897848e-01 5.397966438511480058e-01 5.597878078227244147e-01 5.819318023394650652e-01 5.873911764973701599e-01 5.908215239643780370e-01 5.501975629049709049e-01 5.622356712466518580e-01 5.798138842480883293e-01 5.977665572287258478e-01 5.758044298327534838e-01 5.967436427155149437e-01 5.638857382575781507e-01 6.189604422064697298e-01 5.930005852738041705e-01 6.087447990146153121e-01 6.153747838906596934e-01 6.136947372171077664e-01 6.114859886624118834e-01 6.123804828793653066e-01 6.159287854907691262e-01 6.248495839203266344e-01 6.167227080925655747e-01 6.207795509814436619e-01 6.147191964707580114e-01 6.055063657828210211e-01 6.150086224985333860e-01 6.249256302912009620e-01 6.203979941453892089e-01 6.240814775345460141e-01 6.260142759701208259e-01 6.027433830147672644e-01 5.991603123355284666e-01 6.073947873760436877e-01 6.181071477941313397e-01 6.177422567946212473e-01 6.204030612564536140e-01 6.166003176133155739e-01 6.185584722117685175e-01 6.153604626905951891e-01 6.106328674988487082e-01 6.171122968613240722e-01 6.170300269206759891e-01 6.127837681086724109e-01 6.075918661140825572e-01 6.061775682625798467e-01 6.077615612381912502e-01 6.399592187403191357e-01 6.278304197165164302e-01 6.124026530628701170e-01 6.080331351499133063e-01 6.100014698268182434e-01 6.152375389250632765e-01 6.059589617344366408e-01 6.094168656751921542e-01 5.945834474003274250e-01 6.075756904904731082e-01 5.951315802039143232e-01 5.994686033320337781e-01 6.057856356418254151e-01 6.192125561351513596e-01 5.971014703484761599e-01 6.142883793328930420e-01 6.118555849046936057e-01 6.166726811815879117e-01 6.151866470886147020e-01 6.183556392945300795e-01 6.159072659924563764e-01 6.200871938840484265e-01 6.178295244323668278e-01 6.222954361689949643e-01 6.191824687583097342e-01 6.156542017340812523e-01 6.111629980966620801e-01 6.371454555560452926e-01 6.358615343321171176e-01 6.283688464148418085e-01 6.244758921802169294e-01 6.224995683036301797e-01 6.267911435450217450e-01 6.270950833113316802e-01 6.239221463268782575e-01 6.279309162529531640e-01 6.203051987705267001e-01 6.195167257160725249e-01 6.061712805766404921e-01 6.122736536027592047e-01 6.224137134689844419e-01 6.242509226900390118e-01 6.189822629906814866e-01 6.203675516162676651e-01 6.238113009680608112e-01 6.150224699886824853e-01 6.181828972786577170e-01
6.594650253461624423e-02 1.100571483308075138e-01 2.112922052499779380e-01 3.664087314189959366e-01 1.000000000000000000e+00 2.807273319424048452e-01 4.413318351482232726e-01 4.341351025314841849e-01 4.470682942329715082e-01 3.910296525798366285e-01 4.523058641404533176e-01 4.722789442485174627e-01 4.541408875454068239e-01 3.405438917351621408e-01 4.808023862477620036e-01 4.730795668111231755e-01 4.403915917691897941e-01 4.811141300971250034e-01 4.855768611041577643e-01 4.076404250813878138e-01 4.480459193554098274e-01 4.979092665007494034e-01 4.913547050928409599e-01 4.807413479843644089e-01 4.886325245146759810e-01 5.052394695388822132e-01 4.859863443962377239e-01 5.029311138116996371e-01 4.841954748760387561e-01 4.787581201453421920e-01 4.883924115928250931e-01 5.029173628901973947e-01 4.924714494153440980e-01 4.888429536095481587e-01 4.964784194505773574e-01 4.842276811790362512e-01 4.907064441699385271e-01 4.864882338207253687e-01 4.915207948873966393e-01 4.939338273957159520e-01 4.827783859245039499e-01 4.807580044966894284e-01 4.844910460683197750e-01 4.911084294674065709e-01 4.938183483097761672e-01 4.877753949589612725e-01 4.744752217177182207e-01 4.788115729501000173e-01 4.769819078392016909e-01 4.741112942205619740e-01 4.858025088165716654e-01 4.613998124028841907e-01 4.758801426881751340e-01 4.875082641369692937e-01 4.822092881193902891e-01 4.976699692573048894e-01 4.747036595181834961e-01 4.777381237029089123e-01 4.780899760836170853e-01 4.823170267360612495e-01 4.778327804592588102e-01 4.764398019695371134e-01 4.649434293119811823e-01 4.755671458017449171e-01 4.832121071044213068e-01 4.785597304826030851e-01 4.821177796249125347e-01 4.990553155133241048e-01 5.036554368217834865e-01 4.941847089777577917e-01 4.969899905213767677e-01 4.907942155086950642e-01 4.976468854211750781e-01 4.946607172311422995e-01 4.904708094771460525e-01 4.879253729278936746e-01 4.918718884557372606e-01 4.917496950398875799e-01 4.904722589762442464e-01 4.816119463020742675e-01 4.878422511078958634e-01 4.831037421400974918e-01 4.985203318445607379e-01 4.917831028560394335e-01 4.904822789399406191e-01 4.902562868661400342e-01 4.885629723217717602e-01 4.870577641854152429e-01 4.857060774501197886e-01 4.954005158193112712e-01 4.947893538532914803e-01 4.830569191733274370e-01 4.879168806078231779e-01 4.889265339024176926e-01 4.753617830615057271e-01 4.759055341507456016e-01 4.871884974996705808e-01 4.832220012973457712e-01 4.800904995256071173e-01 4.863406610524598772e-01 4.846761644319267925e-01 4.800169774581014015e-01 4.768311156397397332e-01 4.814071532872330472e-01 4.843938123648546812e-01 4.809708510824621253e-01 4.821844155706364599e-01 4.821438432836965826e-01 4.878554853865852969e-01 4.837945590763418902e-01 4.792864458510846526e-01 4.804263361456991843e-01 4.796831660753402282e-01 4.820942457396724112e-01 4.820466313763163702e-01 4.808332829488267679e-01
1.019456459691286954e-02 6.027853645370575414e-02 2.178006322098208492e-01 3.695461967660595426e-01 2.807273319424048452e-01 1.000000000000000000e+00 4.941267999824752732e-01 4.526547607651000837e-01 4.840703977243220324e-01 4.644557711208606166e-01 5.097351416980342442e-01 5.224549184511734223e-01 4.670284553809255779e-01 3.985911702177398208e-01 5.491845066323767233e-01 5.382117744836011353e-01 4.868242438445076203e-01 4.729765767423518841e-01 5.058507718397700081e-01 3.984455740037968763e-01 4.326384050706350570e-01 5.113209623124974623e-01 5.008603475058039933e-01 4.932810687977053354e-01 5.057359262099749841e-01 5.365648485224654429e-01 5.278644645737676777e-01 5.467850648149908954e-01 5.184556406925587835e-01 5.237829958746034187e-01 5.346906569203057069e-01 5.568300677768519558e-01 5.402301572418582998e-01 5.439536328226947104e-01 5.300147186438898261e-01 5.441243378558217048e-01 5.433556345161996148e-01 5.635580069778893808e-01 5.646564205995958652e-01 5.565737287327426897e-01 5.597684639648139449e-01 5.633680610898704755e-01 5.605539142003268527e-01 5.663219642983409186e-01 5.608113836984930378e-01 5.682994560852004939e-01 5.624774357425440519e-01 5.619840721163658070e-01 5.618422585702280703e-01 5.488911375453917607e-01 5.620584815561662229e-01 5.352328710470624085e-01 5.548669505659439283e-01 5.611660010511320129e-01 5.588131710344987901e-01 5.580185214745689848e-01 5.498802230204744568e-01 5.632298638441634031e-01 5.603970884264030117e-01 5.596583478111588628e-01 5.573909484598336128e-01 5.616759679612601808e-01 5.563984264458263773e-01 5.574083474120381521e-01 5.547034249194289224e-01 5.569985541306947674e-01 5.630978182329243742e-01 5.626388654574484560e-01 5.644373513932265940e-01 5.536150509226680505e-01 5.608551816492882702e-01 5.622768044276740262e-01 5.589259321140587211e-01 5.595715498801356880e-01 5.647376609227807709e-01 5.632769503418587620e-01 5.661041112930292885e-01 5.507053610160730361e-01 5.591014781585156301e-01 5.526023227680173511e-01 5.569378512533283976e-01 5.570067813080896713e-01 5.648784408280972391e-01 5.593302996508505709e-01 5.694739530546298889e-01 5.628084486404517639e-01 5.625307493150391025e-01 5.662555173007370879e-01 5.695538539250086796e-01 5.659086374029065336e-01 5.677498648678821480e-01 5.667362325635824094e-01 5.616243087039612947e-01 5.671428889130661899e-01 5.617575526471882963e-01 5.627587176366800614e-01 5.660651885080687507e-01 5.606178626242462881e-01 5.633476975023282707e-01 5.671467642733373227e-01 5.670969097991135355e-01 5.636707971799849171e-01 5.577941475392048654e-01 5.635409144831715622e-01 5.611994598387061162e-01 5.599029664720509558e-01 5.653954031176534611e-01 5.614185464702080575e-01 5.643092688818752700e-01 5.632502425325693896e-01 5.643954378716076192e-01 5.623313503767973787e-01 5.629576757146812493e-01 5.636925766935542148e-01 5.616232517679897729e-01 5.580349105585510339e-01
-9.109313614423674224e-03 1.183349932322489834e-01 3.221651548614501981e-01 5.583833675103507810e-01 4.413318351482232726e-01 4.941267999824752732e-01 1.000000000000000000e+00 6.884232346309711037e-01 6.931480038718339509e-01 6.304821783120517775e-01 7.395341863586221143e-01 7.797831458456578879e-01 7.046618767643398895e-01 6.144646119587198196e-01 8.173210442398234354e-01 8.004659493892657407e-01 6.987848453259546400e-01 6.675397714572618435e-01 6.887952981059810575e-01 6.313183774300048512e-01 6.503447682184202439e-01 7.264552907488478484e-01 7.169801884133264469e-01 6.839484704698800543e-01 6.913591595703714177e-01 7.635614928532906687e-01 7.536616753677398695e-01 7.699562143466135433e-01 7.194512390721830020e-01 7.381740692961916706e-01 7.593836102070333771e-01 7.898080585919252661e-01 7.620448975835845129e-01 7.862899919139813010e-01 7.439397152839071214e-01 7.898483261681746859e-01 7.722932504428351441e-01 8.056614401747632659e-01 8.095422378445776834e-01 8.076096911429682113e-01 7.998166708223228838e-01 8.123884344494305410e-01 8.151301264552704984e-01 8.168005139615406307e-01 7.979294652234759644e-01 8.081681620311459424e-01 8.101140669555532137e-01 8.024009454936757990e-01 8.133599447489239243e-01 8.046589684648424168e-01 8.143891294157941108e-01 7.984751057085346382e-01 8.025412492334873527e-01 7.996512556026250662e-01 7.999727142534899249e-01 8.016270225397795768e-01 8.046059101664150282e-01 8.121105500219334417e-01 8.147398629623541222e-01 8.102719666680171517e-01 8.155576634173634654e-01 8.129022214521322010e-01 8.086856451777729715e-01 8.088271511997841001e-01 7.999012877796115584e-01 8.008730760876958676e-01 8.068376950186164631e-01 7.990511341891154418e-01 8.024614963674883139e-01 8.108219474011980621e-01 8.035749201913600093e-01 8.008720047185379221e-01 7.951964897322552073e-01 7.939599615429239199e-01 8.085761455179432122e-01 7.986396204363626072e-01 8.076705961170157488e-01 7.847262538435110235e-01 8.022055231640293771e-01 7.842378784633718958e-01 7.918984897418955837e-01 7.964011425902153274e-01 8.127531510332314246e-01 7.937995613765440606e-01 8.114923140075540609e-01 8.093224376927372621e-01 8.033987821709016597e-01 8.146838178837100264e-01 8.183618093475878430e-01 8.124508981995668400e-01 8.149743971105339879e-01 8.149454276153752508e-01 8.156207529516311672e-01 8.140074193553054061e-01 8.121186209780741905e-01 8.101951853570997786e-01 8.263907496918594386e-01 8.219446984480422991e-01 8.210631300005762911e-01 8.201277837507127133e-01 8.201078350828093777e-01 8.193313932009672618e-01 8.168500475012994144e-01 8.185684055236088774e-01 8.164388653493362957e-01 8.125829551342019785e-01 8.154164383259078219e-01 8.073400184191558138e-01 8.110927026465207801e-01 8.150310244351939293e-01 8.194213137665122826e-01 8.136935919839548559e-01 8.181623767665119340e-01 8.187378108093454898e-01 8.075941004765512243e-01 8.105976791644908808e-01
3.707425762025468030e-02 1.162429620347048137e-01 2.928214435392295090e-01 5.272987725086240030e-01 4.341351025314841849e-01 4.526547607651000837e-01 6.884232346309711037e-01 1.000000000000000000e+00 6.693293202142627241e-01 6.039814044278972727e-01 6.921512595197912843e-01 7.399944781856681031e-01 6.647527645533459761e-01 5.555333497648867747e-01 7.534855193040557175e-01 7.653966479193234917e-01 6.670312567160130435e-01 6.831549725941037376e-01 6.782273932692279850e-01 6.247878608642256637e-01 6.713635069992640592e-01 7.211480573651375403e-01 6.969523307205046647e-01 6.776500362816196832e-01 6.904517068183250172e-01 7.269784224611858248e-01 7.175492074946560050e-01 7.383784756940154903e-01 6.947363861830001541e-01 6.966147474187309729e-01 7.157558045670777691e-01 7.618777730122809899e-01 7.304265776877257865e-01 7.599178146982835669e-01 7.129074251619152980e-01 7.650751961796284917e-01 7.370551208567992507e-01 7.572934563714067702e-01 7.664479291772356984e-01 7.704260686255657298e-01 7.574650802080259426e-01 7.606663382857998812e-01 7.688488167728133593e-01 7.721723745319414300e-01 7.644798762034410444e-01 7.636868153036103779e-01 7.547645941632009636e-01 7.486245354866194468e-01 7.570498437905804900e-01 7.671612371188024637e-01 7.705148118824791670e-01 7.512395260613221604e-01 7.580366203142052672e-01 7.502903162256354674e-01 7.498334156873066592e-01 7.579946555738212854e-01 7.617803246585783672e-01 7.631947214157474013e-01 7.627854528211016616e-01 7.603182783823727586e-01 7.652821675252771128e-01 7.593339959632299241e-01 7.546689181670688251e-01 7.558268788614566080e-01 7.547261197645327435e-01 7.575998214774228856e-01 7.520935559963447536e-01 7.589558858007094955e-01 7.615971335417625054e-01 7.685565413386543643e-01 7.649928834450268056e-01 7.545332125387317346e-01 7.584320189206124052e-01 7.498542444576985488e-01 7.584988668927268307e-01 7.503052407305095262e-01 7.594571732303423417e-01 7.449600998969436727e-01 7.544529405245404829e-01 7.362728760823524787e-01 7.413414153458233180e-01 7.431613189399702835e-01 7.686575379381799245e-01 7.493409465758832377e-01 7.672955744120187882e-01 7.631401750296188391e-01 7.563325467745658504e-01 7.641512861161313674e-01 7.638290393986998383e-01 7.645964249805118351e-01 7.697286967793599555e-01 7.638099021839156455e-01 7.657290909276475155e-01 7.646417190140454290e-01 7.554431267636728675e-01 7.531589337485639080e-01 7.786631653749025439e-01 7.751026234367637269e-01 7.645300288659818699e-01 7.690853550609009215e-01 7.678624162717221369e-01 7.657602509845777838e-01 7.589056811454095719e-01 7.677815172102482322e-01 7.679668532723726848e-01 7.655860590445876523e-01 7.608116496752236335e-01 7.528627018620065448e-01 7.611878386769200810e-01 7.624554667458218749e-01 7.645417043344059360e-01 7.596775960133429484e-01 7.626286011683347521e-01 7.642359725752920774e-01 7.568054647790054545e-01 7.590364199146999447e-01
1.174083950394437664e-01 1.778260364887057909e-01 3.286250894903963160e-01 5.207434475370031901e-01 4.470682942329715082e-01 4.840703977243220324e-01 6.931480038718339509e-01 6.693293202142627241e-01 1.000000000000000000e+00 7.183892869290356975e-01 8.000315055487315918e-01 8.123842461404727766e-01 7.628931539271736062e-01 6.127501752314675754e-01 8.218921455053933567e-01 8.182442687055536679e-01 7.853565226419468859e-01 7.722898793628936165e-01 7.929203695046422862e-01 5.945697313920645932e-01 6.762369412281182823e-01 8.077903252800818779e-01 8.100908820485051010e-01 7.879141934916742418e-01 7.956507336556940535e-01 8.642783947352919993e-01 8.450197001337579339e-01 8.631701671770648510e-01 8.303306614536696273e-01 8.717279566694003945e-01 8.744142414678564013e-01 8.695844329120998584e-01 8.502368262025441492e-01 8.545585524460762583e-01 8.642424126130606732e-01 8.537345797588115071e-01 8.731555897458379567e-01 8.624373681547297110e-01 8.698937240105156787e-01 8.494940046477199580e-01 8.699428295005544598e-01 8.622095186346846463e-01 8.531548212090390715e-01 8.695852297664430353e-01 8.792337684725954894e-01 8.673031090155558509e-01 8.712778520218196210e-01 8.787127906540651567e-01 8.710507282871795542e-01 8.618372356819248292e-01 8.765088674138369340e-01 8.130001227610249570e-01 8.538258251456016801e-01 8.840102033610897081e-01 8.784736602146533402e-01 8.801422808219799832e-01 8.747125917167759557e-01 8.668204892550754881e-01 8.711075233768662551e-01 8.782304880803679659e-01 8.745474453874584331e-01 8.728494639512067721e-01 8.650250150074282329e-01 8.798528680431092486e-01 8.747342094719684491e-01 8.795380012405695780e-01 8.776501039162533102e-01 8.808180181120319752e-01 8.794067900323413456e-01 8.485020953522834919e-01 8.716001000411547350e-01 8.771935876591777648e-01 8.706248606317678052e-01 8.740801433202737281e-01 8.809864383477786776e-01 8.794789003834111440e-01 8.764342259166395532e-01 8.787141387555079675e-01 8.777000266457452016e-01 8.809364354864817059e-01 8.816512153618613068e-01 8.819129705531824071e-01 8.813424217497554114e-01 8.839239663230542554e-01 8.733368798102372210e-01 8.735110056230138698e-01 8.797627555991439641e-01 8.745360464145055523e-01 8.751556170534052770e-01 8.812219024764973430e-01 8.768303447962270125e-01 8.746069713014860136e-01 8.756135268023138574e-01 8.747866810220320533e-01 8.709112975255225431e-01 8.733824849089658615e-01 8.562676251005413297e-01 8.667513122274513870e-01 8.668168756986620593e-01 8.717852791188362982e-01 8.687044788996605149e-01 8.712742336034350332e-01 8.653845659035646065e-01 8.708841706311902797e-01 8.702411194469470423e-01 8.732048135757805030e-01 8.764627227861091496e-01 8.796951474967334983e-01 8.803271954040146063e-01 8.733461811954440490e-01 8.666467023574122575e-01 8.727555779077323939e-01 8.695770408132188489e-01 8.735566026570577014e-01 8.780554053029157036e-01 8.742491732522211789e-01
3.078654152548069428e-02 1.260734870339588198e-01 2.834946797810068975e-01 4.867167818462905804e-01 3.910296525798366285e-01 4.644557711208606166e-01 6.304821783120517775e-01 6.039814044278972727e-01 7.183892869290356975e-01 1.000000000000000000e+00 7.120035403760102133e-01 7.360167562747303993e-01 6.946827907258965595e-01 5.881162451547548020e-01 7.568839836475094174e-01 7.454940006460504254e-01 6.956797868430834031e-01 6.503889889134079061e-01 6.741243431026070487e-01 5.088147508241002148e-01 5.559755527833026845e-01 7.050265843400164156e-01 7.075194875198231870e-01 6.744734400065839353e-01 6.887216362735604225e-01 7.649572794181636048e-01 7.483639768814854820e-01 7.611745640472293850e-01 7.227319217508335614e-01 7.693512943533137305e-01 7.774077682063142980e-01 7.713387244156777456e-01 7.534902865818083884e-01 7.563769524513613840e-01 7.619587017578778321e-01 7.522648419314197366e-01 7.734205492480259458e-01 7.759606962766644189e-01 7.827779550627519400e-01 7.652216780289796683e-01 7.867195183900367317e-01 7.850229792404129769e-01 7.722954461766635692e-01 7.838526358330951682e-01 7.771090518690063620e-01 7.873960398376631531e-01 7.931419127557634008e-01 7.957087260010921037e-01 7.933032135202104929e-01 7.605092934682022854e-01 7.850242466085253223e-01 7.317693061029587609e-01 7.688921502295987809e-01 7.940170103470274299e-01 7.911615697925905577e-01 7.924447368331549724e-01 7.777733787712258762e-01 7.904107543806903058e-01 7.880877143108141469e-01 7.934377951227772341e-01 7.897044302814528738e-01 7.921444225783991211e-01 7.857703768561017377e-01 7.902467910342677593e-01 7.832921696232028053e-01 7.836370774493438551e-01 7.955498183500091525e-01 7.882112420135233277e-01 7.877951432314131974e-01 7.610942415713852771e-01 7.797356880408921054e-01 7.911946007588240848e-01 7.782587640921944105e-01 7.834611188323870046e-01 7.967628623153473200e-01 7.941042965981729429e-01 7.943572517820076673e-01 7.849512424058950888e-01 7.908460634748870621e-01 7.953532488480624663e-01 7.979624125282588354e-01 7.955490542976340063e-01 7.924587760674465242e-01 7.969139119556525319e-01 7.872975217778996893e-01 7.876048391328749343e-01 7.933956197386512477e-01 7.941168663117509352e-01 7.946126705562751580e-01 7.948624088878903926e-01 7.905333020056478643e-01 7.952801834320769592e-01 7.923426459502738162e-01 7.947483650705834402e-01 7.942314726072360331e-01 7.961582420679953476e-01 7.807685909344345143e-01 7.791755425633827281e-01 7.904587870121334570e-01 7.913256981686503932e-01 7.905913151957741913e-01 7.924719472413883636e-01 7.873939413574185808e-01 7.917069103312591727e-01 7.849046763186894315e-01 7.855998876569850742e-01 7.957615686846272185e-01 7.982938614464205607e-01 7.980682598259727367e-01 7.946537525817952696e-01 7.924622909191104680e-01 7.941893400705959394e-01 7.936035766677352887e-01 7.931425068245447907e-01 7.951332681900495913e-01 7.906453807757816143e-01
1.357755643961142816e-02 1.316552635858226072e-01 3.749394425889521765e-01 5.788374112514342862e-01 4.523058641404533176e-01 5.097351416980342442e-01 7.395341863586221143e-01 6.921512595197912843e-01 8.000315055487315918e-01 7.120035403760102133e-01 1.000000000000000000e+00 8.613054340748782511e-01 7.787950690394525033e-01 6.512029699893161494e-01 8.674156815756164374e-01 8.531607455234554438e-01 7.924794310882411486e-01 7.621430587013275915e-01 7.869283331276224480e-01 6.503670913826744560e-01 7.060373273444017217e-01 8.205790906775268789e-01 7.909086340617054178e-01 7.802262638850745446e-01 7.945540779739541648e-01 8.563892412574185542e-01 8.608933941797484168e-01 8.594926769136569389e-01 8.158059342582661966e-01 8.613494975606933446e-01 8.827667904877432026e-01 8.746993401090759068e-01 8.504857563399963460e-01 8.681010109056478408e-01 8.552612619853083853e-01 8.663593945299574717e-01 8.745272701559720918e-01 8.884626027793629532e-01 8.943826271276463791e-01 8.771212857758071690e-01 8.914006722706196983e-01 8.967328914093002368e-01 8.840569524242265498e-01 8.981390153856642078e-01 8.914522630567104367e-01 8.910489078210873659e-01 9.026685257084998693e-01 8.991689572665512165e-01 8.976103188240098785e-01 8.838917638236194474e-01 8.998582887327574165e-01 8.584365403974142383e-01 8.862334556120033957e-01 8.978263963214691001e-01 8.937707418746232424e-01 8.925479014214804385e-01 8.889511619831219624e-01 8.991481578038935663e-01 8.999796877810593010e-01 9.032363512946750550e-01 9.007801054856120482e-01 9.011372720441276352e-01 8.943333745267740831e-01 8.985732520709899251e-01 8.975097509809701890e-01 8.949179117679038065e-01 9.009995141764607363e-01 8.996383408413126670e-01 8.918619589786861424e-01 8.906080656129338191e-01 9.002440139733074442e-01 9.014880390110443509e-01 8.906543045839282469e-01 8.948707159349705842e-01 9.020935555379168136e-01 8.985293042060550350e-01 8.984326559783326616e-01 8.861844762409056830e-01 9.001348365747035007e-01 8.952264477661611153e-01 8.952863131841513056e-01 9.020797576613761581e-01 8.993239546924723937e-01 8.957934225122260452e-01 8.993798332879611168e-01 8.993796182212507873e-01 9.029130821989770350e-01 9.037156635560511520e-01 9.038454703435001569e-01 9.010712102810620738e-01 9.041583827394034101e-01 9.042514708043025706e-01 9.045431013236931994e-01 9.054731730488696506e-01 9.037636871098655433e-01 9.038872181070777279e-01 8.978775790007421653e-01 8.982557480900630331e-01 9.033799772148289886e-01 9.053288896314217737e-01 9.033528124531371439e-01 9.037487187099415564e-01 9.019773688350075647e-01 9.046085052181311870e-01 9.032441543894200731e-01 8.973091397000096947e-01 9.043040717733998868e-01 9.031215807270305262e-01 9.017341606957045563e-01 9.036859579969374057e-01 9.017383613960929800e-01 9.046604167523895068e-01 9.035765246018953034e-01 9.052657788266584848e-01 9.025956408208525295e-01 9.007521831376815724e-01
5.276257218892829552e-03 1.135907551031723195e-01 3.757824800973986190e-01 6.373843434241062145e-01 4.722789442485174627e-01 5.224549184511734223e-01 7.797831458456578879e-01 7.399944781856681031e-01 8.123842461404727766e-01 7.360167562747303993e-01 8.613054340748782511e-01 1.000000000000000000e+00 8.097001859321396600e-01 6.737710712587656747e-01 9.030497427077432970e-01 8.922695320361466731e-01 8.152032895800007672e-01 7.847402347825528368e-01 7.982762245722024863e-01 7.114899812767117027e-01 7.531752794650760086e-01 8.443356814056655057e-01 8.069432826320036556e-01 7.887229686638327353e-01 8.052973784788834966e-01 8.744723156803980713e-01 8.777321921496372692e-01 8.797160344407757293e-01 8.240711912758842406e-01 8.687468277785695969e-01 8.962666819802185270e-01 8.983830783324677771e-01 8.694827631003442248e-01 8.957969293701483204e-01 8.662289150904002311e-01 8.996324908196482451e-01 8.996804706825428655e-01 9.148395609966677444e-01 9.232352304320077252e-01 9.125451425339976552e-01 9.222450212717029361e-01 9.217365238042818376e-01 9.177573351476208119e-01 9.329918657866375087e-01 9.234534410265943238e-01 9.189483585875805050e-01 9.309289034785342976e-01 9.266567035016980425e-01 9.307018055344042917e-01 9.228430276908426988e-01 9.298529687868475335e-01 9.144626907610831079e-01 9.304558552251686043e-01 9.236707521280401734e-01 9.175853211736243464e-01 9.168540026638889451e-01 9.270973518156297999e-01 9.315172420650591478e-01 9.332956899176731991e-01 9.348936165678314314e-01 9.348383229750899526e-01 9.336053853845075468e-01 9.287444765679008229e-01 9.290236388966239822e-01 9.277810437962018542e-01 9.322874495743209700e-01 9.292850971949634387e-01 9.214676187891516213e-01 9.160903652935056263e-01 9.301871752193103804e-01 9.287697407939486949e-01 9.248230799068667407e-01 9.120994781042486288e-01 9.158244085654025923e-01 9.292809436497884157e-01 9.218307482089491689e-01 9.250243037105734256e-01 9.067516696665386400e-01 9.205265989876886268e-01 9.119058565775455261e-01 9.179431526794128438e-01 9.237120627590641453e-01 9.280516003721475116e-01 9.150735870261318405e-01 9.247253455600421557e-01 9.254932518428848898e-01 9.298440782252342940e-01 9.320778391135366991e-01 9.308361208582492941e-01 9.299892403987735090e-01 9.304667572303627621e-01 9.335383917294470812e-01 9.356693454671417554e-01 9.338551333071936078e-01 9.328759601024502190e-01 9.318426180229715250e-01 9.364981920143279348e-01 9.392235091485935383e-01 9.394805320042505237e-01 9.362227755440176713e-01 9.348819214003625255e-01 9.366043102462265901e-01 9.373697221715415751e-01 9.373116162229253590e-01 9.409529184422904535e-01 9.348247370510335275e-01 9.357378041115581579e-01 9.289736377207009621e-01 9.319051178764981014e-01 9.368318313212302684e-01 9.376243602989553505e-01 9.364851862963429197e-01 9.371420057111394808e-01 9.382989109122970017e-01 9.324326402239151435e-01 9.373861794633088218e-01
2.794745401242752780e-02 1.365510983334249917e-01 3.318013359551009733e-01 5.322230247811994275e-01 4.541408875454068239e-01 4.670284553809255779e-01 7.046618767643398895e-01 6.647527645533459761e-01 7.628931539271736062e-01 6.946827907258965595e-01 7.787950690394525033e-01 8.097001859321396600e-01 1.000000000000000000e+00 6.218538314751221874e-01 8.310600848291652687e-01 8.240364126876527084e-01 7.489878353861900706e-01 7.259891946423351339e-01 7.510431679585516385e-01 5.833245479385972265e-01 6.496340631372912178e-01 7.816704395791843618e-01 7.630048614927624762e-01 7.470719510833820909e-01 7.619062095801504286e-01 8.255323844268552813e-01 8.170120966809787388e-01 8.285207362028707001e-01 7.878586054167840969e-01 8.196205986702675972e-01 8.369236976184063481e-01 8.384607456026881289e-01 8.092299244186933471e-01 8.252376053018410929e-01 8.131606524473640185e-01 8.230069958270989083e-01 8.279873353029205685e-01 8.477121235861577730e-01 8.505922012976603330e-01 8.391034994819788206e-01 8.476095412418503949e-01 8.498378064766607398e-01 8.444165969631411972e-01 8.535022871886354112e-01 8.470872121925563381e-01 8.506424074487141107e-01 8.571294524694200723e-01 8.571364125086612384e-01 8.573487763516077775e-01 8.328729239525540784e-01 8.512900639904122935e-01 8.103726876416172953e-01 8.378309268127391851e-01 8.593446906973231103e-01 8.566909562610507400e-01 8.527953823995682026e-01 8.458674461193425032e-01 8.545894315782956996e-01 8.564571425916251979e-01 8.606659006461615524e-01 8.568408037184240822e-01 8.577198475381122567e-01 8.512587017936480427e-01 8.543062580575448983e-01 8.541829932549463988e-01 8.516241822759128555e-01 8.574686618974632912e-01 8.573907396645038537e-01 8.558867691923239818e-01 8.364132838212122723e-01 8.537175112197035176e-01 8.576516814755573703e-01 8.493721261048780002e-01 8.548430942640864449e-01 8.599652029558650934e-01 8.587993658418169307e-01 8.585063336658734778e-01 8.517358954754432609e-01 8.576513471201940852e-01 8.540915688891054236e-01 8.571906711367971443e-01 8.575370916804962995e-01 8.614089229936008341e-01 8.569481276184577334e-01 8.553885667073035659e-01 8.556901171192073940e-01 8.596416701632058066e-01 8.604729220716949012e-01 8.613590451950251525e-01 8.578053331383773683e-01 8.594218839141484212e-01 8.610186320326734810e-01 8.597542325419736953e-01 8.615401329258800533e-01 8.598458757145994724e-01 8.612245264415563373e-01 8.522668204658838675e-01 8.506473028102872203e-01 8.572692914064976577e-01 8.597880844196817973e-01 8.586205629991888744e-01 8.604301825049126551e-01 8.566897826708805841e-01 8.615541303219016456e-01 8.582780950560083832e-01 8.554913993312817100e-01 8.622719148213779938e-01 8.604008629168379274e-01 8.640640509617991682e-01 8.599866315388572380e-01 8.592050972822912192e-01 8.613769783825210302e-01 8.607632282886663599e-01 8.608809334304675653e-01 8.587702586065556476e-01 8.586473914990988554e-01
