1.000000000000000000e+00 1.437159233592681107e-01 8.243548066313211020e-02 1.018004159658869416e-02 9.335347065518351944e-03 3.189473622890343085e-02 -1.406651050762165213e-02 3.009936535113994730e-03 1.339141765817810081e-01 5.239443744699223693e-02 2.783725719012548547e-02 6.593605156830406946e-03 3.581219346485047667e-02 1.016717822940277002e-02 -1.609381341102257557e-02 1.893101675072229179e-02 1.223789556918556121e-01 2.029761696106146748e-02 1.708772846606032569e-02 1.100190027060101022e-01 3.939939036176463155e-02 2.975340724714362409e-02 4.433564985663655811e-02 3.022362647352588860e-02 1.402632699963818038e-03 6.504220461578105739e-02 4.087991755812506178e-02 -2.390188949083165565e-02 4.982810324241829930e-02 8.299260642481859351e-02 4.097730457973385726e-02 -1.761836853728425108e-03 -2.157690196839355187e-02 3.194455465522032939e-02 4.610065016343808941e-02 -1.434855651807352347e-02 2.180957774147986462e-03 -5.222628622465624870e-02 -4.362404757916856293e-03 -9.272592455007738765e-02 -6.150925984763896959e-03 -3.210650190446723284e-02 -6.972457422818864603e-02 -6.486742989823482061e-03 -1.574294924442947233e-02 -2.545243794758736758e-02 1.300473625542009244e-02 2.391237513387867164e-02 4.325865661601359553e-03 -1.478359050776285530e-02 -3.132956844978138783e-02 -4.109227840239010332e-03 2.216198857878295958e-02 4.401658558350246553e-02 3.054447525160195950e-02 -1.074282587482189993e-02 5.549657912075414007e-02 -8.340516319757912064e-03 -3.688115229133993086e-03 4.808038606487062550e-02 1.344355659722101283e-02 3.735004642577854916e-02 3.187609270861441191e-02 2.511856147206180737e-02 7.174267877148543526e-02 7.138074279084506701e-02 3.371153188032768172e-02 8.364889369308053241e-03 1.546815631990383980e-02 4.362348401458653047e-02 1.257889563318602931e-02 1.281929104646992168e-02 2.245423315904985020e-02 -8.916337207976096071e-04 2.345714290728020263e-02 1.097212821682209960e-02 -3.644639203566701121e-03 2.067632413972719796e-02 6.035823824814628112e-03 3.844941679444421195e-02 2.652867404390095787e-02 1.738339329588401913e-02 4.893961525994498449e-03 2.506600656145331618e-02 -6.146916872758093758e-03 1.594068897295370865e-02 -1.353652494414853786e-03 -6.635098385464686076e-03 -1.510156361099857067e-04 6.157961393887412260e-03 -4.088686413607497266e-02 -1.256555213004307246e-02 -8.709013823884668645e-03 -1.580145207856764253e-02 6.943856973479147973e-03 1.033432916162702574e-02 -2.473821433800815067e-02 4.744201570760801095e-02 1.247255848950134041e-02 -1.055050134389289886e-02 -1.387743256996486034e-02 1.171576771298232615e-02 1.612830904581769725e-02 7.024090012176525608e-03 1.456944885096508359e-02 4.966936688435154290e-02 2.486868373146087011e-02 2.303847657888986530e-02 5.432010739439370114e-03 7.725017382815444096e-03 6.210092149657057102e-03 3.245342379626226653e-02 1.680262861691169535e-02 2.569171899535708722e-02 3.738127379508008469e-02 3.843769070085888834e-02
1.437159233592681107e-01 1.000000000000000000e+00 1.052856037438093528e-01 6.191103954077339933e-02 4.703984288927778173e-02 9.950683981499089392e-02 1.382120740345719190e-01 1.136561030045358384e-01 1.903242722354308025e-01 1.996957543036006200e-01 1.591192432582748950e-01 1.565799967700423345e-01 1.417943961166384936e-01 1.155036895269190983e-01 1.658584214311620009e-01 1.618990423486101615e-01 1.882116996233055839e-01 1.610803309791279392e-01 1.886038499497447452e-01 1.166838237869702311e-01 1.447007984223483146e-01 1.634959240889877763e-01 1.920487757532635398e-01 1.524438366344649798e-01 1.562667249033767858e-01 2.092086779258646168e-01 2.017340619868516483e-01 1.817008887276354845e-01 2.046767199972491791e-01 2.232641838681314606e-01 2.021357273734384896e-01 1.903538200622038323e-01 1.980499965112054450e-01 1.878080615940004860e-01 2.088814332129283746e-01 1.755269829582338514e-01 1.924618942836977542e-01 1.755293056544063035e-01 1.847126557454748519e-01 1.623750577439311005e-01 1.704414601865726075e-01 1.647770784055795079e-01 1.450253087149396825e-01 1.751922198444507139e-01 1.677323149371788280e-01 1.653603944743154974e-01 1.774177214918158663e-01 1.835386671405400405e-01 1.798032358696803334e-01 1.676895905437662260e-01 1.718323882039088923e-01 1.331058175731322790e-01 1.621476650266102104e-01 1.785544203979371469e-01 1.776631826610538534e-01 1.773547495770311788e-01 1.704113237302400108e-01 1.713055968241457838e-01 1.740388859421205803e-01 1.751352834438582584e-01 1.673687098484446245e-01 1.712819920553313169e-01 1.617465243564674693e-01 1.778862980327002019e-01 1.780404963720887690e-01 1.774966275564804075e-01 1.803873542916863970e-01 1.766104198456007746e-01 1.881310532225710097e-01 1.719892256067481751e-01 1.739377183796050330e-01 1.801046010368254346e-01 1.680599424319584034e-01 1.673465539962180892e-01 1.884241225533213604e-01 1.876760660144334569e-01 1.857358795354437098e-01 1.922297115692676306e-01 1.822702297798513560e-01 1.965068259391679062e-01 1.979907463962245484e-01 1.848644138563764749e-01 1.836831764099653430e-01 1.992272534953905272e-01 1.808841441028223029e-01 1.816288920510999438e-01 1.825585444710492999e-01 1.842596836567257645e-01 1.826704658840038464e-01 1.773313606333062342e-01 1.706712805424604740e-01 1.736384875852114429e-01 1.732229776820348455e-01 1.748327732861501560e-01 1.774502566176318907e-01 1.806266746426226366e-01 1.637941659658043447e-01 1.767687837679875751e-01 1.710626306522294304e-01 1.788863306853381852e-01 1.674734006380889650e-01 1.698857589220488240e-01 1.749078811113996823e-01 1.703242362134244625e-01 1.675894170431155017e-01 1.720600104434464039e-01 1.790642662857408196e-01 1.815385713538002765e-01 1.780731684867798426e-01 1.777744294708000494e-01 1.762633213457426851e-01 1.785921123676835753e-01 1.730241512260784209e-01 1.749361664407645400e-01 1.750570949519823782e-01 1.773593609761892897e-01
8.243548066313211020e-02 1.052856037438093528e-01 1.000000000000000000e+00 3.665957177839342940e-01 2.168469221836701322e-01 2.946236573745504295e-01 4.008350733494840945e-01 3.545624419353993750e-01 3.319394983152097467e-01 3.232480675041819462e-01 3.825372029610024649e-01 3.858615305215830071e-01 3.550670366273651068e-01 2.430598236141329749e-01 3.860668907359500190e-01 3.872105109931759936e-01 3.823166948605593030e-01 3.396356577090359208e-01 3.604675777495166544e-01 3.880201310497529144e-01 3.552515475329834915e-01 3.858939423883203657e-01 2.994859018408123630e-01 3.490532925287420096e-01 3.557864344063502715e-01 3.870067690476753364e-01 3.671768118339377440e-01 3.779632233618856474e-01 3.690674926865215033e-01 3.711672946874032819e-01 3.863168152820539714e-01 3.799904274932909276e-01 3.639639660455769588e-01 3.821088813531424710e-01 3.564987795172366858e-01 3.695821544814240078e-01 3.650481929078274179e-01 3.713677177488159953e-01 3.752363154888683772e-01 3.821207718989807489e-01 3.810191963739558152e-01 3.926060274225320335e-01 3.770588493248198114e-01 3.938471365144757264e-01 3.888041475776217171e-01 3.742584879341338544e-01 3.809551369702460777e-01 3.845021618777773598e-01 3.853607698140389948e-01 3.918718960403907436e-01 3.892499691557815278e-01 3.995531587295999554e-01 3.867031742862618304e-01 3.820237406807460157e-01 3.735896062284688735e-01 3.854237189164536614e-01 3.899932779513367032e-01 3.878403519813254374e-01 3.746210611396351697e-01 3.772495862635893427e-01 3.947720707468836410e-01 3.684585894740204925e-01 3.769931203055159052e-01 3.891810346365193740e-01 3.801850805860514382e-01 3.849085385151352345e-01 3.807509823850077635e-01 3.792088760205154507e-01 3.871909224901073920e-01 4.044601465765215176e-01 3.934388768990529917e-01 3.878754427188078613e-01 3.942515571924542495e-01 3.882154308226184458e-01 3.902346615776519090e-01 3.847679022792912518e-01 3.899013335323824325e-01 3.885382685378643841e-01 3.957119837542858454e-01 3.844341419456395736e-01 3.768938488966784850e-01 3.889076410119957639e-01 3.998835316146380769e-01 3.764590512819825374e-01 3.865571488136469447e-01 3.895591967843766157e-01 3.825849774625783573e-01 4.025098965452830746e-01 3.854537127729983914e-01 3.986575319351300384e-01 3.971940725391534532e-01 3.856255299012075199e-01 3.857742879512884859e-01 3.822080350200327548e-01 3.848462499947359894e-01 3.811412881461051505e-01 4.023164195724203696e-01 3.956663706759775412e-01 3.920643282013395181e-01 3.918557871551638372e-01 3.953566602554017817e-01 3.968749394606152503e-01 3.858494710378303494e-01 3.888349969967805908e-01 3.930929548560973541e-01 3.944146316370408245e-01 3.884480797124229001e-01 3.805291350080201029e-01 3.865189115027031774e-01 3.863609236646106670e-01 3.875345240788863332e-01 3.832193371586214981e-01 3.854653880707126778e-01 3.885496461545142055e-01 3.825714338232892309e-01 3.853419232681649653e-01
1.018004159658869416e-02 6.191103954077339933e-02 3.665957177839342940e-01 1.000000000000000000e+00 3.453592027668756503e-01 4.158820043272891120e-01 6.009784005349186886e-01 5.685896601168349829e-01 5.137878524333800989e-01 5.045515793910830826e-01 5.881522645526935378e-01 6.186860606345121472e-01 5.505447425214832213e-01 4.336448423628374571e-01 6.066661216677869950e-01 6.056397157774560114e-01 5.459428320057663209e-01 5.268822857262421833e-01 5.415555001003241609e-01 5.162627405734220298e-01 5.282274049940639538e-01 5.870703663606319234e-01 4.640764403694158102e-01 5.350370125034485946e-01 5.544065052755732248e-01 5.731382771018668221e-01 5.754513129100380375e-01 5.720832506165681730e-01 5.488892574184187634e-01 5.648611713089838338e-01 5.895349236199829424e-01 5.973981730836606108e-01 5.631020626363354431e-01 5.770276713689163062e-01 5.349953930592314943e-01 5.716719865781668686e-01 5.695310203845002084e-01 5.777997904608913604e-01 5.914315316205822626e-01 5.913086436306530524e-01 6.004298068162734481e-01 6.122477850098487773e-01 5.978348270469620029e-01 6.154214554725784270e-01 6.060495097831311018e-01 5.961077352473339586e-01 5.992265324389552950e-01 6.044856907785025601e-01 6.035991963468604338e-01 5.865471869104645908e-01 5.965212637333286994e-01 6.096591935451892708e-01 6.095961606247563003e-01 5.955718077369362984e-01 5.751439389764394505e-01 5.895013373082874653e-01 5.918430830069482118e-01 6.143080328723630190e-01 5.918532613948401799e-01 5.972935830692119863e-01 6.047169793588160758e-01 5.878296429344183061e-01 5.820027212187275367e-01 5.880267568890495955e-01 5.924110204987357298e-01 5.920626431871414130e-01 5.944813150399709256e-01 5.960107835539695254e-01 6.014488754656028835e-01 6.162818833971872579e-01 6.146518324393290822e-01 6.021604210824357262e-01 6.122621977719776565e-01 6.104529379707901438e-01 6.000670527873384064e-01 5.964176611813667428e-01 6.078220240853272616e-01 5.999067601527527938e-01 6.149488580334376842e-01 5.894746117988475254e-01 5.881904971453388864e-01 6.026814100564553689e-01 6.172949993889512710e-01 5.836233870762678189e-01 6.048899870426291958e-01 6.059615515529446217e-01 5.998577564440000787e-01 6.224210695416045880e-01 6.049749688318341034e-01 6.135308668568301149e-01 6.200607308254293404e-01 6.072692410215320136e-01 6.085405039458962051e-01 6.088008065213095232e-01 6.054469988553599080e-01 6.017279453420798507e-01 6.257798550127610104e-01 6.049039188720548577e-01 6.119290946025783828e-01 6.114846355637522102e-01 6.152171631461056389e-01 6.194602828338521272e-01 6.067557994595614845e-01 6.118403685128763758e-01 6.102417942533485684e-01 6.125109550267253677e-01 6.089865059088930277e-01 5.978067190241920237e-01 6.031763442144373322e-01 6.100900767779486866e-01 6.152375525517300714e-01 6.052444348974971300e-01 6.122627452846203244e-01 6.069174018061983533e-01 5.981285623783131333e-01 6.050822527977487431e-01
9.335347065518351944e-03 4.703984288927778173e-02 2.168469221836701322e-01 3.453592027668756503e-01 1.000000000000000000e+00 3.293926202463889341e-01 4.572591281348551973e-01 4.630810346733488236e-01 4.659948602040309695e-01 4.201039477074789974e-01 4.590147549215338740e-01 4.942909347090128636e-01 5.090893837398724475e-01 3.306273286426192892e-01 5.034278806343760460e-01 5.099143283771371271e-01 4.430849082259387117e-01 4.503466664023618726e-01 4.535107992596420501e-01 3.931806673694231979e-01 4.483054120881849736e-01 4.909507923195094992e-01 4.433164976390552292e-01 4.598863913654115954e-01 4.711255938449308567e-01 4.855014012987613481e-01 4.761706473794027339e-01 4.813120810809082828e-01 4.605812420325743339e-01 4.890248387537418640e-01 4.978313387554370584e-01 5.001163651932101217e-01 4.709493591238146371e-01 4.739659031899761676e-01 4.806454967420293878e-01 4.692747220820980836e-01 4.891647143567440237e-01 4.754201603879864568e-01 4.949654361210463205e-01 4.668340065367308500e-01 5.053158475011829687e-01 5.019762688830811115e-01 4.812890506977415828e-01 5.090519886976642150e-01 4.976142590240660302e-01 4.982443152179266699e-01 5.050910665248794507e-01 5.000400934378873563e-01 4.888808600196389853e-01 4.759925164740986259e-01 4.819476830494224817e-01 5.074674508792955674e-01 5.101393321427359906e-01 4.976805855812899693e-01 4.823012535684655377e-01 4.752958756670963569e-01 4.777538490381925684e-01 4.975157045720903781e-01 4.745127734338046577e-01 5.147890555752727693e-01 4.990691854080083756e-01 5.007730490295537740e-01 4.852030185782676974e-01 4.930416424146277787e-01 4.989362370745682451e-01 4.999439733845368883e-01 5.001216327429441888e-01 5.044911530828321000e-01 5.068494305371704645e-01 5.092527750515558616e-01 5.051256643232883148e-01 5.021797456673287030e-01 5.071129867903341193e-01 5.080884861092176408e-01 4.982466676652212434e-01 5.000168422104970256e-01 5.004545779859750354e-01 5.005338825735716757e-01 5.015510848318079917e-01 4.995508195854165834e-01 5.042439261139862738e-01 5.020095316486169468e-01 4.983485906718362890e-01 4.989768007699671992e-01 5.005308973255269134e-01 5.006156984109964014e-01 5.051553347609594180e-01 5.011317561828235734e-01 5.022045529156982102e-01 4.872787916111300244e-01 5.000589883986976680e-01 5.038733675072271101e-01 5.037795188867351115e-01 5.014152848900136350e-01 5.058750623560703819e-01 5.017237009673165549e-01 4.906700428738668407e-01 4.912232605099379756e-01 5.058141214291224097e-01 4.990933752231510590e-01 5.043568842871708480e-01 4.978277591496059751e-01 5.041484328439586049e-01 5.100002537622257970e-01 5.060809304128481845e-01 4.955465278393571538e-01 5.005540759716811117e-01 5.004609560064328111e-01 4.969147810850171876e-01 5.046438112004074661e-01 5.013127657739905318e-01 5.100494013564639273e-01 5.052319605152689741e-01 5.027956902681198770e-01 4.979929001989718551e-01 5.033184677965700793e-01
3.189473622890343085e-02 9.950683981499089392e-02 2.946236573745504295e-01 4.158820043272891120e-01 3.293926202463889341e-01 1.000000000000000000e+00 5.195036109064867791e-01 4.730865916498076529e-01 5.217032296726277218e-01 4.784770199070091934e-01 5.251596607587513121e-01 5.451451756119484182e-01 5.175466054250386083e-01 4.140565494713198125e-01 5.586839051168041026e-01 5.537213961563353104e-01 5.167737798764983070e-01 4.564031588241715398e-01 4.939142144452829397e-01 4.417772825546644744e-01 4.540833551916622635e-01 5.231001088414839462e-01 4.626252805123177159e-01 4.516584166242407217e-01 4.948402457728306447e-01 5.433870400914651011e-01 5.486471128015013576e-01 5.389172493765561622e-01 5.154063013941713178e-01 5.426121583775375123e-01 5.577942780903221154e-01 5.386230199305910293e-01 5.144095920960199964e-01 5.196921239844742857e-01 5.335247763609568539e-01 5.295984411733568598e-01 5.332762668496393577e-01 5.346310163112051317e-01 5.498664620695374872e-01 5.395176400455136134e-01 5.702995755808968337e-01 5.737090386427023958e-01 5.418255676922597575e-01 5.756919375025001395e-01 5.663690820592933717e-01 5.598923451642916493e-01 5.853594739890837229e-01 5.774818453451920908e-01 5.678082436569261704e-01 5.488651202156705766e-01 5.559879411009316375e-01 5.542308386020878830e-01 5.764063723106469528e-01 5.802905042468866625e-01 5.656490144875536696e-01 5.640811932687329611e-01 5.653281337564519671e-01 5.778727347777730117e-01 5.590791134150345787e-01 5.775378077956204725e-01 5.814047429368613962e-01 5.729314569912579147e-01 5.667756388442228843e-01 5.709857972519328806e-01 5.727483313561200218e-01 5.765954336225977972e-01 5.756496374251393044e-01 5.741517260645261356e-01 5.718949473720341681e-01 5.817241260936204528e-01 5.785296302208665642e-01 5.779496261872076879e-01 5.680095888224332423e-01 5.731526405419261616e-01 5.793261298600068665e-01 5.746522028465002041e-01 5.762619260469485916e-01 5.702195015185442806e-01 5.739729193762759252e-01 5.719390276880624846e-01 5.679586241356836540e-01 5.792929132643465095e-01 5.744991933389895777e-01 5.658426302313410705e-01 5.659274950599080256e-01 5.662087712769423575e-01 5.678773679341522218e-01 5.784916890059802475e-01 5.752217486852730932e-01 5.812714607603370887e-01 5.697920351717052911e-01 5.830939136433446190e-01 5.808487385687781668e-01 5.814260811684283103e-01 5.828384317319605934e-01 5.839281908183104886e-01 5.800158440867090315e-01 5.752663453587517628e-01 5.861357474529298450e-01 5.740445980118749070e-01 5.838173483282498299e-01 5.836856259280021053e-01 5.840067236755288604e-01 5.860531783929432414e-01 5.827604467924840659e-01 5.836460194343568997e-01 5.861230855990858801e-01 5.821515649129422876e-01 5.808256316497482086e-01 5.833283982306378679e-01 5.802517643301365879e-01 5.847594761733286850e-01 5.865722541125468759e-01 5.818674123107927532e-01 5.747144385724072269e-01 5.834152319486706206e-01
-1.406651050762165213e-02 1.382120740345719190e-01 4.008350733494840945e-01 6.009784005349186886e-01 4.572591281348551973e-01 5.195036109064867791e-01 1.000000000000000000e+00 7.492465160581741612e-01 6.812280157683705539e-01 6.699840973635105001e-01 7.603135616830235533e-01 7.968228575763895982e-01 7.284442285626326896e-01 5.580983547427256219e-01 8.471714446225032669e-01 8.082540334965652162e-01 7.139318579103223206e-01 6.988989641605327652e-01 7.275084341979016767e-01 6.204935051223335885e-01 6.843534596222362598e-01 7.631680591382422607e-01 6.951957533623315255e-01 6.962606121385357394e-01 7.214155461891984533e-01 7.956947791708247619e-01 7.790045176168186591e-01 7.999736080013407635e-01 7.661247983331987976e-01 7.677987400547053864e-01 8.043609357624273981e-01 8.082884770411066233e-01 7.714727259135584214e-01 7.724706965249694690e-01 7.407686820606771416e-01 7.795023300651505727e-01 7.813263635760652193e-01 8.145020166655717597e-01 8.068523433380793142e-01 8.193976778741938194e-01 8.062885121995503335e-01 8.241399754809666245e-01 8.146107390109199597e-01 8.285766149950478665e-01 8.207353122707820026e-01 8.224889081536306268e-01 8.024431754941735440e-01 8.074701503104861899e-01 8.069981433714401575e-01 7.992957654325006933e-01 8.164421685273041129e-01 7.950434556371327455e-01 8.005413870927398090e-01 7.995410799730009455e-01 7.946589227490894469e-01 8.200403748583665609e-01 7.857647960293742129e-01 8.137063627571785585e-01 8.082184193940373795e-01 7.943669043695024135e-01 8.081138787902064635e-01 7.953484579500041951e-01 7.901570000939850402e-01 7.998304088965231262e-01 7.784604658364633334e-01 7.853661107680673936e-01 7.990736619106254546e-01 8.038273524602579378e-01 8.164591432010065430e-01 8.103458737892196284e-01 8.075953782465646880e-01 8.053640826320350721e-01 8.049100300092028037e-01 8.023497963571873948e-01 8.143810666653779062e-01 8.108160678333263816e-01 8.191449396456474963e-01 8.100990866381961863e-01 8.244735588750751187e-01 8.035166392587025364e-01 7.990358918051446713e-01 8.091204032455557860e-01 8.251943408689338399e-01 7.991806333691868769e-01 8.168926351203665837e-01 8.093540731933867027e-01 8.118415650830629327e-01 8.352231406776533529e-01 8.154002301545624221e-01 8.181309968231176288e-01 8.355264728447526767e-01 8.183787723805802106e-01 8.142275210164793275e-01 8.197660327476924413e-01 8.076741851772204495e-01 8.069027172868035169e-01 8.261321726091640505e-01 7.982376520838585510e-01 8.139299599602122237e-01 8.196263570351381977e-01 8.215187798204411918e-01 8.178199896959749138e-01 8.029904192039936106e-01 8.131622324263945156e-01 8.103175409643732507e-01 7.996366904614736759e-01 8.090088556974756040e-01 8.031737710011788156e-01 8.167414332221483164e-01 8.137871483262616445e-01 8.189293001570726593e-01 8.027443461376996270e-01 8.119168061904720179e-01 8.060382428057349946e-01 7.914660875228918258e-01 7.995649573161990320e-01
3.009936535113994730e-03 1.136561030045358384e-01 3.545624419353993750e-01 5.685896601168349829e-01 4.630810346733488236e-01 4.730865916498076529e-01 7.492465160581741612e-01 1.000000000000000000e+00 6.722326549231676385e-01 6.411825819561104423e-01 7.260549922648852350e-01 7.745307547098397860e-01 7.289877828370319168e-01 5.490623576699360520e-01 7.966976204091975600e-01 8.044163369885333204e-01 6.921401620986107339e-01 6.392150637945537284e-01 6.801463541947990743e-01 6.170334933945633704e-01 6.713218552343950263e-01 7.336284686948247868e-01 6.489127680593029801e-01 6.430969634289872561e-01 6.721082229931312213e-01 7.480109727918973217e-01 7.280997821485801769e-01 7.416982119001754858e-01 7.215182070950385551e-01 7.414571295118594918e-01 7.679058680659537339e-01 7.565578755194578564e-01 7.157830594480915076e-01 7.183404934203314607e-01 7.077720261032142135e-01 7.270768460172396530e-01 7.288227648047881368e-01 7.656299819673305640e-01 7.598403791019282538e-01 7.630315591239434925e-01 7.660196519103367185e-01 7.799880644159785659e-01 7.674063269609249227e-01 7.855089458994957141e-01 7.672047679977505030e-01 7.789396489736328810e-01 7.736471028661267013e-01 7.787091464021487219e-01 7.822579737699307811e-01 7.590387172425098194e-01 7.759718238308516147e-01 7.521611666316284639e-01 7.695110291368632005e-01 7.820966258667124693e-01 7.719116991097517699e-01 7.861326035297647730e-01 7.727141505911511166e-01 7.840156330592016332e-01 7.886299553546562979e-01 7.748693336117353780e-01 7.792485187760758159e-01 7.776570775396617341e-01 7.737276899542574471e-01 7.676547357347506262e-01 7.504035609016508346e-01 7.697476102863933800e-01 7.656486870545143875e-01 7.583088936703604732e-01 7.706744216262731983e-01 7.807872622298012155e-01 7.730813326185242973e-01 7.679364590360250320e-01 7.576799319014370093e-01 7.598740398283346797e-01 7.734934621020946865e-01 7.693209990025986489e-01 7.761065261929768200e-01 7.733831568866654793e-01 7.801227926253138101e-01 7.657787686977189923e-01 7.618279020200439122e-01 7.744195843815143698e-01 7.845976225027623263e-01 7.606202118858184091e-01 7.753476152421162615e-01 7.668940655217164615e-01 7.658951921397505469e-01 7.947322568724882741e-01 7.728755602560095639e-01 7.863896741614125885e-01 7.855652180227717940e-01 7.797828161806029668e-01 7.728822005429643038e-01 7.798007280550651732e-01 7.783463331498530202e-01 7.761292925457343728e-01 7.939152416936053891e-01 7.777985786956322922e-01 7.886357845932598920e-01 7.835459153096686613e-01 7.816924533696537614e-01 7.941903325219046295e-01 7.720714653204073796e-01 7.809853340314324432e-01 7.786443299439946841e-01 7.843019542370399666e-01 7.841357147930519966e-01 7.726214956244289445e-01 7.850251802699650394e-01 7.848481912766785973e-01 7.931324227496370227e-01 7.766879613286515882e-01 7.885753765521820169e-01 7.779373217691162301e-01 7.600699772250145703e-01 7.766750071805808009e-01
1.339141765817810081e-01 1.903242722354308025e-01 3.319394983152097467e-01 5.137878524333800989e-01 4.659948602040309695e-01 5.217032296726277218e-01 6.812280157683705539e-01 6.722326549231676385e-01 1.000000000000000000e+00 7.640672195510633813e-01 7.913435822027792277e-01 8.118940583090522578e-01 7.785326652088907506e-01 6.272114445503522706e-01 8.322593767925327013e-01 8.213540803636973919e-01 8.101274038059963489e-01 6.968231044632441362e-01 7.393344440203948320e-01 6.312280731276130874e-01 7.173209052243567641e-01 7.980347731550908597e-01 7.337249530560617794e-01 6.965536196150291515e-01 7.275050546942174456e-01 8.429106054026371808e-01 8.315520290560675098e-01 8.001222116199896428e-01 8.064343632468204959e-01 8.565717254089628696e-01 8.600787318964590034e-01 8.232416377480760161e-01 7.736726801711197865e-01 8.013517593840326914e-01 8.311202191766977609e-01 7.906767113513865075e-01 8.200866417792993524e-01 7.999612191993896726e-01 8.318994982676302108e-01 7.684507516643789282e-01 8.486289723277518071e-01 8.342272799612144851e-01 7.776172187232613942e-01 8.522106483243084840e-01 8.426865558675241674e-01 8.264200041021381171e-01 8.681041018271916654e-01 8.728581637049240838e-01 8.580784832436368914e-01 8.263498819361223546e-01 8.366922583247421441e-01 8.233173291738031807e-01 8.575378923299792344e-01 8.685275020159999304e-01 8.566137513957141625e-01 8.406057946075101706e-01 8.595323068566868008e-01 8.503201935746661499e-01 8.384245665499058253e-01 8.746840423795478880e-01 8.681298753541382140e-01 8.605181596772365493e-01 8.549505246651126766e-01 8.674971146012415701e-01 8.798917067852313201e-01 8.798873213857267839e-01 8.757472836635418201e-01 8.557052660449232517e-01 8.569149855570133978e-01 8.692618620346975744e-01 8.619261062145635588e-01 8.633139285262330098e-01 8.443521785633653076e-01 8.481499780407234512e-01 8.677329572642548117e-01 8.651394690790298325e-01 8.552186549756933820e-01 8.619028106829088598e-01 8.537277706607632188e-01 8.754962952757820993e-01 8.669597459232293302e-01 8.718838434983807728e-01 8.564134498072368817e-01 8.659981441558423088e-01 8.535009694107916767e-01 8.572841573088839651e-01 8.524421791728791220e-01 8.520109501990341672e-01 8.589067182145011525e-01 8.486495440473990071e-01 8.322945285034016871e-01 8.598393635685126490e-01 8.589874455047393775e-01 8.564482660360654975e-01 8.708682076280308548e-01 8.700023032219066366e-01 8.374372227774560251e-01 8.726096327935731756e-01 8.697768089358992594e-01 8.561203107967118031e-01 8.541362030597606791e-01 8.621595653698103101e-01 8.674100535548050495e-01 8.658708437029387639e-01 8.693141222686546765e-01 8.686213062211030067e-01 8.753544104109884927e-01 8.741493484697583360e-01 8.617678704868022566e-01 8.673873043870949928e-01 8.587182133819059038e-01 8.787052038090991113e-01 8.655241904516086660e-01 8.763457722245201476e-01 8.765750587564926644e-01 8.770739270041209013e-01
5.239443744699223693e-02 1.996957543036006200e-01 3.232480675041819462e-01 5.045515793910830826e-01 4.201039477074789974e-01 4.784770199070091934e-01 6.699840973635105001e-01 6.411825819561104423e-01 7.640672195510633813e-01 1.000000000000000000e+00 7.590281743987389307e-01 7.709198549408932122e-01 7.319007349627735248e-01 5.851076965053936263e-01 8.005364138847073097e-01 7.854955612905984985e-01 7.426509603637883039e-01 6.821611959949033244e-01 7.218095837813969240e-01 5.363208774132319778e-01 6.567439306907657537e-01 7.489435842781246855e-01 7.104942295670023666e-01 6.810422851402724298e-01 7.047765761012697583e-01 7.985138896708705580e-01 7.969609960057834064e-01 7.796806062267039872e-01 7.738307602624505677e-01 8.101858153610247415e-01 8.216610766439467195e-01 7.978345695776052349e-01 7.665650932338977652e-01 7.776136113456243448e-01 7.941666967437912561e-01 7.730582717795486669e-01 7.975040553580969860e-01 7.865957046578067047e-01 8.077756929704356104e-01 7.702101150980109612e-01 8.140187474388972388e-01 8.035204173700287722e-01 7.614840856214838416e-01 8.165287114619628195e-01 8.129316080900055308e-01 8.052639729777415489e-01 8.269215172329760222e-01 8.305151247770510281e-01 8.139505589973392574e-01 7.837595586907651901e-01 8.012042812753590315e-01 7.678829866771793577e-01 8.006055837016181620e-01 8.214097489025373733e-01 8.147347889702981627e-01 8.106959865354788075e-01 7.996651476687887117e-01 8.155904049223288155e-01 8.090042338547392964e-01 8.202321492347693921e-01 8.182486315207531113e-01 8.139596290045889582e-01 8.046723612700071859e-01 8.134157357491227369e-01 8.142000172851638906e-01 8.153722747975072904e-01 8.296493164669748177e-01 8.216490492103816212e-01 8.245997232321300441e-01 8.084746148529912135e-01 8.160318245899160772e-01 8.234518791316782771e-01 8.082027962480670125e-01 8.076812627048839399e-01 8.270723009630527311e-01 8.267192891471363270e-01 8.243796428398405540e-01 8.263964277044000273e-01 8.183441824974395651e-01 8.312962602128547429e-01 8.302418433686463706e-01 8.330765220957806472e-01 8.223684032529589016e-01 8.299384107130348687e-01 8.167647413114766941e-01 8.233751256739981761e-01 8.264047864201869986e-01 8.198367420046958065e-01 8.282266445099097929e-01 8.118071038785990012e-01 8.095222456707434899e-01 8.248591844305874776e-01 8.229442134781097540e-01 8.243260329616672877e-01 8.276093662937100692e-01 8.300329123531221542e-01 7.994701880624994761e-01 8.089465057559455108e-01 8.216232270609197252e-01 8.156768167923960089e-01 8.152192003028970735e-01 8.148076500651131315e-01 8.197785927714512644e-01 8.230730347601252772e-01 8.192395853655622950e-01 8.124106314081438462e-01 8.250579414520107235e-01 8.299459654326961644e-01 8.240063308411271770e-01 8.272208696909965076e-01 8.219494278666383824e-01 8.285874551045595560e-01 8.220775997576840188e-01 8.245683668927632493e-01 8.262278953038942886e-01 8.244341805823685032e-01
2.783725719012548547e-02 1.591192432582748950e-01 3.825372029610024649e-01 5.881522645526935378e-01 4.590147549215338740e-01 5.251596607587513121e-01 7.603135616830235533e-01 7.260549922648852350e-01 7.913435822027792277e-01 7.590281743987389307e-01 1.000000000000000000e+00 8.666034992408060411e-01 7.901203848973754607e-01 6.377816937837353928e-01 8.717251604586950808e-01 8.601122213129248628e-01 8.102534372689009778e-01 7.429216597118916132e-01 7.942607216048443997e-01 6.492488636081574782e-01 7.405147301931314097e-01 8.280714666124932011e-01 7.520873226626746400e-01 7.441514394116395259e-01 7.788802445302124289e-01 8.632786207462277428e-01 8.611537509332205520e-01 8.479479400606089179e-01 8.249893544374269361e-01 8.611133721633933424e-01 8.910005692106286457e-01 8.641539032893174044e-01 8.214763737282784195e-01 8.433850973761344294e-01 8.422497523715593015e-01 8.387728724017690096e-01 8.536678734725633433e-01 8.592432658981973281e-01 8.756678861958987481e-01 8.512544382413846922e-01 8.877081983700750856e-01 8.911991357163708827e-01 8.545095100140133182e-01 8.957643414202619558e-01 8.907660109057143893e-01 8.778232335814324383e-01 8.975948052334226102e-01 9.003549279409577277e-01 8.889747631481085266e-01 8.683241803193829655e-01 8.827231918216107420e-01 8.695461771416255203e-01 8.858769017051748573e-01 8.928102363304072364e-01 8.836029474096006586e-01 8.896809391911973952e-01 8.820146470306576836e-01 8.952207600219667105e-01 8.842780626848882886e-01 8.880384010755389967e-01 8.983243266453330156e-01 8.854170517602260038e-01 8.834765452005801656e-01 8.925269431965464628e-01 8.874451277028106988e-01 8.879375817074864896e-01 8.989111998669645498e-01 8.897426850943870313e-01 8.907096574169993675e-01 8.927677678183372212e-01 8.949754407795772471e-01 8.990372659778539388e-01 8.828372558246182500e-01 8.870439207813221039e-01 8.999596422116870054e-01 8.985224251328707279e-01 8.971072027022831685e-01 8.921109003105696100e-01 8.953517475121923752e-01 8.972278430816400530e-01 8.936161849908814681e-01 9.004375795519433678e-01 8.995420996540707259e-01 8.894763210720201263e-01 8.921821614360539998e-01 8.908648848246663032e-01 8.935341624388515314e-01 9.016032888643694676e-01 8.983458412779420366e-01 8.969475961488390103e-01 8.938957367691560130e-01 9.014830573346641618e-01 9.014569113903607711e-01 9.000358457752095642e-01 9.005424632313683286e-01 9.007969048960204894e-01 8.927845229854833864e-01 8.899195386244975747e-01 9.016492703776445294e-01 8.951467596834279394e-01 9.009908115973926934e-01 9.011772193614416837e-01 8.992881434004306174e-01 9.025548284229373275e-01 9.030564871535997629e-01 8.936812360603415550e-01 8.986752597227473105e-01 9.001354436774178236e-01 9.003785608442466115e-01 9.017252139863156657e-01 9.006304294778838537e-01 8.994137662805026245e-01 9.005977594143234066e-01 9.006913704499867057e-01 8.958495954366302305e-01 8.995650666467261969e-01
6.593605156830406946e-03 1.565799967700423345e-01 3.858615305215830071e-01 6.186860606345121472e-01 4.942909347090128636e-01 5.451451756119484182e-01 7.968228575763895982e-01 7.745307547098397860e-01 8.118940583090522578e-01 7.709198549408932122e-01 8.666034992408060411e-01 1.000000000000000000e+00 8.194151015505114488e-01 6.572756932836980592e-01 9.087076037995330813e-01 8.996439542812982859e-01 8.209139417323469967e-01 7.733350800394671598e-01 8.286573912407456666e-01 6.691876725574746887e-01 7.744842464180368147e-01 8.709785732639954148e-01 7.840208503117107597e-01 7.761278674035608782e-01 8.172532268384492538e-01 8.898593236423573138e-01 8.897647624233441244e-01 8.867801101520780271e-01 8.586858884110939449e-01 8.866066419580291846e-01 9.201378133789425151e-01 8.967433864226443951e-01 8.513349794733146014e-01 8.639056983780299959e-01 8.630949180369026363e-01 8.710145692356426883e-01 8.874900479652003682e-01 8.960156126570929525e-01 9.070512541976777365e-01 8.910046176634154325e-01 9.159725114109119604e-01 9.206034352808404320e-01 8.900912842396735414e-01 9.291496656328480652e-01 9.214068289388053223e-01 9.158909043934201355e-01 9.314581939411680223e-01 9.313526782250348690e-01 9.234509260472000269e-01 8.954642937837005157e-01 9.155863064132909734e-01 8.945444664627909548e-01 9.153938101924805615e-01 9.243730367455631480e-01 9.156630206494554836e-01 9.208505855197730572e-01 9.111463158089394554e-01 9.286783494830019858e-01 9.203423439234431624e-01 9.192148016847735414e-01 9.280091982146597696e-01 9.193930633006237585e-01 9.140680104887340951e-01 9.185006534227506680e-01 9.130350114189199617e-01 9.158699664789777817e-01 9.269961114130633728e-01 9.202191838183215733e-01 9.230012382136774107e-01 9.214844591237880689e-01 9.282072327069501583e-01 9.287797138013630383e-01 9.127000165221029748e-01 9.197912964857695162e-01 9.293606117835229163e-01 9.295123294594540564e-01 9.292105690299202747e-01 9.236386844785491324e-01 9.275399701813231701e-01 9.243994062606989415e-01 9.245513016381763371e-01 9.308082752764367251e-01 9.316549580899877725e-01 9.186099110849569316e-01 9.220925878079843097e-01 9.197781801969577842e-01 9.256104337822511630e-01 9.335068331603590952e-01 9.286895066539753163e-01 9.275332848503429206e-01 9.306399239308357219e-01 9.315255810366378508e-01 9.312969939991860846e-01 9.316691968532121448e-01 9.306263618204103638e-01 9.323964552179928589e-01 9.250932343994109353e-01 9.180418932306418922e-01 9.329771417110933607e-01 9.274664937334541337e-01 9.304139417198200590e-01 9.321241582479601329e-01 9.274581842776626894e-01 9.323145730405757448e-01 9.301068638603358085e-01 9.238761084542863600e-01 9.307958014064710017e-01 9.301139498058268451e-01 9.332827863819098679e-01 9.337036008584312929e-01 9.341033215782351684e-01 9.299902652441186524e-01 9.337167017625894738e-01 9.295896858229558690e-01 9.239792691512397349e-01 9.282896439097402252e-01
3.581219346485047667e-02 1.417943961166384936e-01 3.550670366273651068e-01 5.505447425214832213e-01 5.090893837398724475e-01 5.175466054250386083e-01 7.284442285626326896e-01 7.289877828370319168e-01 7.785326652088907506e-01 7.319007349627735248e-01 7.901203848973754607e-01 8.194151015505114488e-01 1.000000000000000000e+00 6.227579493363775143e-01 8.471316840175593388e-01 8.498594338521491265e-01 7.636796169885895491e-01 7.231059892992777183e-01 7.611321023813031328e-01 6.245585336682119015e-01 7.252597257484080240e-01 8.050052064955585118e-01 7.434820596585632879e-01 7.324151167504322490e-01 7.615305878533275008e-01 8.260810263565959710e-01 8.167994081893418246e-01 8.110225667714705544e-01 7.915336172214731958e-01 8.379626760996320423e-01 8.518620193429169429e-01 8.308869624227622763e-01 7.766838000141266241e-01 7.955023762919680719e-01 8.115174388006755057e-01 8.006370366009215589e-01 8.245526083982829268e-01 8.119251282161168426e-01 8.362194414014119115e-01 8.037892453101573853e-01 8.501991220922242576e-01 8.508906936202983440e-01 8.158710701698911327e-01 8.608247984636072658e-01 8.506310989674419343e-01 8.442052920377408620e-01 8.645394973021277574e-01 8.629457472458611500e-01 8.511296443968563441e-01 8.141269691099798367e-01 8.382939370941536739e-01 8.220139882859776037e-01 8.531627361308030677e-01 8.617992519137031016e-01 8.476401792868859530e-01 8.398479578480479990e-01 8.366974733313383705e-01 8.570108201980977114e-01 8.400088507135974325e-01 8.713058753812288337e-01 8.612490052718073663e-01 8.581462092037719369e-01 8.424678640261521467e-01 8.486693078693438030e-01 8.563289438432977185e-01 8.594499685693889335e-01 8.633690120921614364e-01 8.582968850993554222e-01 8.599340951116674070e-01 8.590033915164777545e-01 8.639893674082020913e-01 8.623590662222192504e-01 8.525261660797199825e-01 8.551463165845575309e-01 8.599926361579846024e-01 8.620285006391572580e-01 8.572348413339114792e-01 8.559189974687853031e-01 8.569129450632191336e-01 8.627073684662963649e-01 8.609729286379517177e-01 8.663971772387699666e-01 8.600206257895651740e-01 8.560394725302157282e-01 8.526130434572702921e-01 8.554867556137000228e-01 8.597081656751677237e-01 8.612423552145808126e-01 8.631759241285674733e-01 8.520934129995604289e-01 8.524295912627773975e-01 8.643025386152484169e-01 8.637966155555955039e-01 8.660271908078077674e-01 8.671269394965178678e-01 8.658809834366713032e-01 8.446033675370231419e-01 8.514060455922332071e-01 8.649210934828589492e-01 8.587422321803672709e-01 8.594016108484613392e-01 8.589773687335248153e-01 8.638283675315715504e-01 8.684686391075724377e-01 8.622817538474020216e-01 8.539821496173900517e-01 8.656432264084777950e-01 8.655979491621731414e-01 8.624881477584468437e-01 8.669289132123726427e-01 8.650834397245373841e-01 8.718786966253759818e-01 8.666766554117577570e-01 8.668743950465844783e-01 8.614229909996122814e-01 8.672058072485072655e-01
