1.000000000000000000e+00 1.447275652454577122e-01 2.469819446323318762e-02 7.320403669672817526e-02 7.413118569856408380e-02 2.236580849697430290e-02 4.651352831630805457e-02 6.365996405234981836e-02 9.547089760997616581e-02 3.922185146522472882e-02 2.975272861776807193e-02 5.019500987413463150e-02 2.317909670300929287e-02 -1.120692240459011946e-02 1.339877816883077236e-02 2.804701166352337877e-02 7.939695291906533059e-02 8.351530346248612485e-03 -1.610981393926087107e-02 5.939456971970588639e-02 5.578964188670177543e-02 3.025612180150398858e-02 -1.125130787779651809e-02 -2.402962829642272050e-02 1.203622450307899848e-02 6.516758096693164859e-02 3.356106781157527919e-02 -1.920435043360724583e-03 5.628463546017915820e-02 4.455671648095902576e-02 3.110379896546881448e-02 7.960110590170002554e-03 -3.947126354569008982e-02 -2.567457731461256221e-02 1.219569615854260332e-02 1.492084812064232990e-02 8.051786871731725012e-03 -2.880830418932675205e-02 -1.049524264427223810e-02 -4.841197051540240687e-02 1.513936494179046006e-03 -1.854839043118190756e-02 -1.804273075651712660e-02 -6.065415534205577993e-04 3.952742237203778729e-03 -1.592288038924388055e-02 7.532141658247473032e-03 1.783009737221887339e-02 6.968101984742119427e-03 1.156677226423426718e-03 1.410536822179831069e-02 3.166491987062435010e-02 3.434646472053691502e-02 3.789715041221518310e-02 3.911803343238801772e-02 -3.472109875160221768e-03 5.618339710136597415e-02 1.034277681896762259e-02 3.623374756884212289e-02 4.946094030856076212e-02 1.320862578452617654e-02 3.915054118398961225e-02 4.069684175522966796e-02 3.768178827646927881e-02 5.198628906011788786e-02 5.669056424746587997e-02 1.266885781009426115e-02 4.154469300397754458e-03 2.088525164852252330e-05 2.127610085307695201e-02 7.381494167847470027e-03 5.654217017785741206e-03 -7.029273296208414512e-03 -7.442392268452890057e-03 2.577931725721472125e-02 1.405940018098608343e-02 -1.819829006030466295e-03 2.305856629479690473e-02 1.532847942778376360e-03 2.914737918157283766e-02 1.984509138300587575e-02 1.611561398734341968e-02 1.510481322290314031e-02 7.535479024772334666e-03 -4.048593363004831559e-03 -2.235331688449149375e-03 9.536577585828087721e-04 -3.910390131309901020e-03 2.353656768231627216e-04 -9.924045435849864275e-03 -2.067434609319034056e-02 -2.008492503592456974e-03 4.802228875631380303e-03 -7.239414989001092399e-03 7.757917904106815046e-03 1.062441920442863674e-02 1.873624416096434167e-02 6.083364384207146786e-02 1.938436055043732745e-02 1.121925871508499400e-02 -3.530855826302042259e-03 2.534675339656847215e-02 1.254427846643309252e-02 8.777857395461484760e-03 2.070917752535779768e-02 4.185124936746875690e-02 2.731797230427326917e-02 1.348269988566180681e-02 1.100634301494181864e-02 1.696802174161091484e-02 8.884304018837826250e-03 2.747060786414120409e-02 2.429550878883526485e-02 2.780541434437215284e-02 3.028727584598195355e-02 3.832754897473478889e-02
1.447275652454577122e-01 1.000000000000000000e+00 6.895234433256920703e-02 1.239884495138214721e-01 1.259790225168689604e-01 1.199072730535122311e-01 2.010838732878635904e-01 2.042705053168448470e-01 1.852171751424947777e-01 1.636964210032566536e-01 1.675376896997522458e-01 1.955066651633734776e-01 1.618689980974512832e-01 1.314311565444488406e-01 1.910433784572088955e-01 1.695926472436450061e-01 1.906793690695905152e-01 1.875562499521659654e-01 1.680308158007427499e-01 2.014184894152724892e-01 2.098130633110220356e-01 1.776466429946089443e-01 1.729010797863947679e-01 1.731992529906821732e-01 1.623957327757908631e-01 2.174362200581935745e-01 1.919564456881555914e-01 1.834255780451458373e-01 2.069416211961695451e-01 1.803207466466286990e-01 1.721792022169503500e-01 1.966786797036723655e-01 1.560817854154781525e-01 1.754014318993508403e-01 1.723965951796620488e-01 1.832039091840284573e-01 1.687645035436620977e-01 1.775867881789028602e-01 1.712053373884860619e-01 1.580822487037648605e-01 1.692891072795113805e-01 1.641527522027828034e-01 1.581203690617692947e-01 1.701974005836859039e-01 1.675476517656337427e-01 1.568750352380500757e-01 1.601915842244589772e-01 1.705676356449680187e-01 1.638597999885183232e-01 1.663216896490108121e-01 1.887896228261450038e-01 1.720826813542425671e-01 1.755193382114481337e-01 1.771995978194009780e-01 1.824632222248075419e-01 1.764935852682470996e-01 1.846563007439616100e-01 1.721430221778782466e-01 1.812899212329155130e-01 1.840651835457604024e-01 1.745634769114178531e-01 1.861934607494773741e-01 1.841680357153727410e-01 1.859771678916751769e-01 1.826735911804197587e-01 1.813274057330434841e-01 1.637976946624004615e-01 1.791122183305205728e-01 1.783602869205936636e-01 1.927654465575511511e-01 1.765535063883262035e-01 1.683062940561035059e-01 1.808528054801388230e-01 1.644362155617148380e-01 1.860734648300313432e-01 1.738830585937979067e-01 1.636392816130680938e-01 1.807530021376274332e-01 1.674231753041436344e-01 1.757698958712153314e-01 1.650899005878900816e-01 1.651448675009670186e-01 1.814990128512349032e-01 1.663501769588658641e-01 1.669004097118850227e-01 1.735893855989851242e-01 1.625822490254321406e-01 1.694294517286063784e-01 1.681964785417210950e-01 1.743508388425252242e-01 1.621122531954812818e-01 1.644476860510937499e-01 1.667553143328678600e-01 1.645258998639358983e-01 1.634360206691701789e-01 1.669480066892026215e-01 1.716038949915766609e-01 1.799254472785432879e-01 1.674566271796031347e-01 1.723205566900889996e-01 1.657457768868141335e-01 1.775136350594578860e-01 1.652963506015893702e-01 1.638702944618103674e-01 1.700279661572213219e-01 1.795208943043093974e-01 1.715200270218736611e-01 1.730983308936171472e-01 1.775340302135453019e-01 1.702513718933887921e-01 1.676208195399518930e-01 1.718396611256420847e-01 1.734817908106248141e-01 1.736034262590137323e-01 1.693986453121029689e-01 1.771359433753764978e-01
2.469819446323318762e-02 6.895234433256920703e-02 1.000000000000000000e+00 3.558807600291378215e-01 2.075364945389679139e-01 2.476521971765782981e-01 3.328681485173332066e-01 3.049409317093706440e-01 3.262746984960332997e-01 2.968916343133272684e-01 3.395749954460161590e-01 3.551057773853863453e-01 3.328425870785753360e-01 3.002388382215204210e-01 3.611131732128655680e-01 3.488812811885795839e-01 3.220864995502241701e-01 3.595584359204235247e-01 3.547742841886494802e-01 2.921687517151037028e-01 3.535325120314291580e-01 3.676821149850620363e-01 3.596314073866607730e-01 3.507320814334204395e-01 3.633937530080364464e-01 3.822970345913851986e-01 3.751455779162249926e-01 3.634647801087280694e-01 3.516436778522505913e-01 3.601491816425332892e-01 3.588679552021426522e-01 3.649052102553142496e-01 3.369539058358477224e-01 3.577544809081327770e-01 3.595799560904440195e-01 3.417646045680854949e-01 3.523604837313659144e-01 3.647843805758898550e-01 3.614955081528733460e-01 3.609822645565938237e-01 3.615079964105109567e-01 3.661495816345367582e-01 3.609774432241920628e-01 3.677451114831071788e-01 3.644817040478118830e-01 3.584148498883080736e-01 3.569367237936136861e-01 3.562332651768344571e-01 3.556887777983612775e-01 3.621559737912713461e-01 3.643690486552607632e-01 3.601961150829828262e-01 3.530253548743156333e-01 3.520963472598498401e-01 3.558560104815716718e-01 3.680824019562726201e-01 3.509723217266166873e-01 3.630274179816370683e-01 3.532625182092942184e-01 3.566872606051677552e-01 3.625061408388555173e-01 3.533867978253755759e-01 3.464692233441084568e-01 3.564519343751476055e-01 3.563798648489356347e-01 3.504684509244481716e-01 3.609821978958857036e-01 3.726496000781945872e-01 3.704205589413032129e-01 3.638443597124631501e-01 3.752531108821480221e-01 3.770174556922891718e-01 3.672606854780099961e-01 3.709615808092834310e-01 3.701211526305305255e-01 3.622121095691488990e-01 3.633662730799685492e-01 3.625731782810905357e-01 3.679525140637058822e-01 3.604618653613486101e-01 3.638073009244087719e-01 3.638121043093938689e-01 3.697792625422728352e-01 3.589805138644787674e-01 3.669473679858729631e-01 3.666223195779452215e-01 3.641643587227919032e-01 3.685045444836523854e-01 3.617804148422811283e-01 3.687797702283773793e-01 3.663781508354829186e-01 3.663153470441632975e-01 3.664712380084289012e-01 3.631201358682844549e-01 3.579526050078727928e-01 3.580313415828317303e-01 3.668375989172740215e-01 3.542630468379651121e-01 3.609663677458221365e-01 3.671812443228704703e-01 3.636347588790188601e-01 3.608223565453213544e-01 3.643430602338040836e-01 3.646497322578838296e-01 3.664163267507941635e-01 3.567747333886222005e-01 3.573507594673639431e-01 3.606049460751631353e-01 3.650128553060236758e-01 3.544028430598191171e-01 3.601932218540784270e-01 3.545553849435962857e-01 3.595627709043478504e-01 3.613772780346937163e-01 3.624601295772395537e-01 3.607983069453561953e-01
7.320403669672817526e-02 1.239884495138214721e-01 3.558807600291378215e-01 1.000000000000000000e+00 3.821650384722261040e-01 4.219462231146633990e-01 5.959497931887512978e-01 5.641073290685262309e-01 5.600368901944718925e-01 5.288275562477473546e-01 5.744441178578385543e-01 6.318070160178484995e-01 5.584588445456625250e-01 5.036594724579067650e-01 6.294556098938605126e-01 6.126504506601943012e-01 5.650356156393561147e-01 6.012171480455819061e-01 5.992433361887755661e-01 4.971142691227454780e-01 6.057701279957962148e-01 6.239632103141415920e-01 6.167824901488074829e-01 5.912902637404080508e-01 6.123752106744404511e-01 6.437644881496350502e-01 6.292578584684267451e-01 6.287968739855721578e-01 6.239211697029819481e-01 6.214157086914644523e-01 6.162394468695082672e-01 6.193024361788969090e-01 5.823893083236710844e-01 6.119117376473593994e-01 6.015165938147679636e-01 5.975588532203821579e-01 6.127081803620663125e-01 6.241583052488857142e-01 6.186644244758803257e-01 6.232192730626227029e-01 6.298786882720069924e-01 6.302521497507512782e-01 6.113654715249674521e-01 6.289432850323025681e-01 6.229782920034099281e-01 6.206281856618723891e-01 6.102339656601122320e-01 6.123447696563312226e-01 6.108194186444753093e-01 6.155063657606366645e-01 6.329022147406612175e-01 6.306624154532129989e-01 6.175690743361044177e-01 6.046021132588017544e-01 6.161112824772669860e-01 6.343621358910761510e-01 6.055253925706579610e-01 6.234634451541903877e-01 6.104703982701155107e-01 6.142159454956968023e-01 6.205013852056148194e-01 6.073991434963321723e-01 6.035950301502822635e-01 6.050056758952855329e-01 6.165918780822627898e-01 6.071123643243799828e-01 6.172398632247619865e-01 6.365578260549403788e-01 6.328921172652073324e-01 6.259994420204276766e-01 6.374288603396919273e-01 6.306229506200351498e-01 6.256394582403749238e-01 6.333398582951478284e-01 6.335781804572042653e-01 6.253030240761043856e-01 6.345427149489862861e-01 6.286800766077025315e-01 6.365225476844232899e-01 6.187725200080805843e-01 6.231529108300029041e-01 6.200629636168440983e-01 6.408357927659099618e-01 6.191233610490456396e-01 6.243260087994276786e-01 6.285484958274401013e-01 6.226360285922861726e-01 6.315563629525248190e-01 6.217761318525035774e-01 6.379905019486742379e-01 6.339607605957161551e-01 6.289943100654188379e-01 6.294833426361252648e-01 6.255491422746671804e-01 6.137037882565085090e-01 6.126017363761350198e-01 6.261078433855818970e-01 6.171768021672895399e-01 6.202180409526716343e-01 6.331003469930366334e-01 6.289134319982471188e-01 6.250708019517270397e-01 6.213133794589587033e-01 6.248584833163028929e-01 6.301433441424586501e-01 6.164141559921222369e-01 6.149772538941430389e-01 6.209158476688471096e-01 6.297318538179114134e-01 6.179991285230311826e-01 6.216762080767337384e-01 6.138048653490685291e-01 6.211224581932115463e-01 6.215763769392002036e-01 6.236870367512885593e-01 6.197153859512931628e-01
7.413118569856408380e-02 1.259790225168689604e-01 2.075364945389679139e-01 3.821650384722261040e-01 1.000000000000000000e+00 3.177004815247626568e-01 4.941226410214449860e-01 4.868728763778979451e-01 4.729408662874126090e-01 4.175934545335087678e-01 4.588413034909347710e-01 4.989397936653466870e-01 4.625746541755878516e-01 3.949373500016903904e-01 5.035198249300856244e-01 5.019680902532434041e-01 4.567425423570911636e-01 4.243543388883748713e-01 4.289704147903276588e-01 3.748606517738365951e-01 4.703457214295842514e-01 4.805527125840178271e-01 4.573393286236689947e-01 4.238317955899930656e-01 4.596711502419087436e-01 5.169663004953704011e-01 4.883594585263946741e-01 4.927305573206826050e-01 4.966086982955421614e-01 4.912040161126788318e-01 4.934780485034233055e-01 4.751475379148346612e-01 4.374821817512084543e-01 4.457712718044447575e-01 4.754949511022412700e-01 4.631701166306075312e-01 4.805555513405835311e-01 4.858564964613911186e-01 4.804182067306393966e-01 4.606690015176094222e-01 4.904220666294279440e-01 4.859513869570284417e-01 4.874601077444256081e-01 4.970328667209721885e-01 4.845046052841227580e-01 4.890531245825653905e-01 4.867965286982548490e-01 4.887116423261682052e-01 4.883689426538607159e-01 4.667423214475170945e-01 5.002019323226959413e-01 4.811487832400191400e-01 4.995090567537966986e-01 4.960686703620671434e-01 5.072570085343104385e-01 5.005429155069254232e-01 5.034324734163388992e-01 4.993959743122368122e-01 5.036480572202617356e-01 5.055902233615205965e-01 4.955375912272613204e-01 5.065978501028336467e-01 5.039973897663759805e-01 5.006714472420169537e-01 4.969595484292836374e-01 5.047482253782120676e-01 4.867055024125351848e-01 4.902411362469699108e-01 4.855717691903309596e-01 4.895847288794720753e-01 5.002935026112710348e-01 4.932817011928747331e-01 4.741388736277450389e-01 4.841091483457757305e-01 5.034373655521205970e-01 5.005932836120643437e-01 4.928034799217179684e-01 4.982100408001512992e-01 4.885860038197614719e-01 4.948427525253535353e-01 4.892832653451406055e-01 4.929741759871493767e-01 4.952448461617878217e-01 4.905617019126846667e-01 4.758441044770723716e-01 4.798599534009480583e-01 4.875420905596490884e-01 4.880006636483357196e-01 4.880561613978653956e-01 4.895647395997492768e-01 4.839963595388029893e-01 4.910234395656922768e-01 4.928283772127231566e-01 4.925435973436325110e-01 4.885039562365307009e-01 4.906928187763738292e-01 4.894339141895261425e-01 4.908695440006082822e-01 4.948706483505938003e-01 4.918786958501664697e-01 4.943037488848610050e-01 4.996762748808141752e-01 4.927475465714862279e-01 4.952674219326665406e-01 4.932201881696417489e-01 5.003321122945700861e-01 4.922644847453933048e-01 4.956532738436564833e-01 4.997677433867466212e-01 4.980957141688526213e-01 4.916956101799996315e-01 4.970854356749515035e-01 4.999789225225442224e-01 4.951069607560573682e-01 4.947198262767070198e-01 4.996668070265960493e-01
2.236580849697430290e-02 1.199072730535122311e-01 2.476521971765782981e-01 4.219462231146633990e-01 3.177004815247626568e-01 1.000000000000000000e+00 5.104425719655238947e-01 5.086888774549267467e-01 5.477632932304988822e-01 5.082203330423354926e-01 5.352829803206116122e-01 5.700877839155733540e-01 5.452257333006020890e-01 5.195468651851671282e-01 5.975420669139396290e-01 5.854723529222586320e-01 5.384510823869146368e-01 5.225673957258321067e-01 5.373159830133675818e-01 4.535875954892494288e-01 5.252476912694609146e-01 5.681809782180436974e-01 5.397458530193709469e-01 5.284206244356439708e-01 5.434322540886756814e-01 5.878961990317012054e-01 5.843108946413599902e-01 5.611821284435053458e-01 5.642100770433369217e-01 5.856395923068952181e-01 6.006294721847319495e-01 5.717009055106390125e-01 5.206693909242183782e-01 5.444183075378092873e-01 5.552583226884316714e-01 5.584255095514026879e-01 5.765394502460962078e-01 5.815588429051301578e-01 5.847190653512631675e-01 5.637671504607495443e-01 5.973235095032088937e-01 5.937124991011689668e-01 5.867300695820438783e-01 6.023723193546181021e-01 5.942727669169645122e-01 5.926946520407230246e-01 6.004689652217077844e-01 6.004422106685761706e-01 6.015512287332730468e-01 5.566937353368138774e-01 5.963164504810304356e-01 5.657110299275375231e-01 5.880243107099889510e-01 6.009681060770387662e-01 6.026831677645178020e-01 6.030845278976763035e-01 5.925123004397068183e-01 6.079407595207939607e-01 6.014645642620627397e-01 6.038903550413284860e-01 6.049583571921463010e-01 6.030569897406869995e-01 6.006437268038575805e-01 5.971774336300973429e-01 5.989127752445310149e-01 5.965985328778996566e-01 6.042148914776672708e-01 6.007803286904351836e-01 5.981619730589551320e-01 5.972386840677379460e-01 6.060175707351528329e-01 6.077084508661955153e-01 5.945463110971098697e-01 5.959643097469466966e-01 6.094858625389132367e-01 6.038315254153944212e-01 5.933547217318596578e-01 5.967930429108941892e-01 6.032485143895951474e-01 6.026509712177930966e-01 6.009025500866974623e-01 6.071739137137664999e-01 6.037556663717290606e-01 5.982624159594935875e-01 5.868903350736650593e-01 5.962666166828227698e-01 6.028015444056625816e-01 6.042278887522845032e-01 6.040425448702609890e-01 6.042935766507664397e-01 5.929503277356152902e-01 6.039304628942407938e-01 6.039615619242053590e-01 6.053930145701529320e-01 6.038235105590712415e-01 6.052236729639814961e-01 5.948586073156875154e-01 5.905786780223571952e-01 6.031627116345812389e-01 6.009082586590082098e-01 6.036502778875614261e-01 6.078388652034725226e-01 6.023874618320329555e-01 6.057888331048515429e-01 6.025316737949892865e-01 6.014588623179739635e-01 6.052822950880460962e-01 6.034984418668755124e-01 6.091934815942680048e-01 6.052366163734547166e-01 6.080178428603012497e-01 6.048005337016990612e-01 6.087177533735994572e-01 6.053931566132557673e-01 6.040695190243785540e-01 6.063912868692397096e-01
4.651352831630805457e-02 2.010838732878635904e-01 3.328681485173332066e-01 5.959497931887512978e-01 4.941226410214449860e-01 5.104425719655238947e-01 1.000000000000000000e+00 7.321250839504314101e-01 7.323436517578809646e-01 6.794888188016889874e-01 7.269009188271190469e-01 8.034282206361874623e-01 7.174270568708766005e-01 6.773104056341382462e-01 8.459361629793000770e-01 7.935823670833113130e-01 7.169719175312349035e-01 7.506331348200436793e-01 7.425729623398613644e-01 6.397130616049770957e-01 7.856111745245900613e-01 7.882759657920346275e-01 7.825335266620503383e-01 7.394937837143580328e-01 7.533120306108908038e-01 7.996252395237379851e-01 7.903971647418397417e-01 8.077851504130786342e-01 8.013319417035491554e-01 7.840785468270228264e-01 7.939946314656503024e-01 7.961375468729019467e-01 7.511633950502550894e-01 7.776293287926815401e-01 7.623129388960467878e-01 7.679985725509903549e-01 7.801619818674979667e-01 8.104645430387841243e-01 8.046006111975914088e-01 7.761347970098688709e-01 7.927051794981662125e-01 8.078513698922534791e-01 7.988102028073602590e-01 8.118255285726176940e-01 7.888405503797610852e-01 8.137631878083693149e-01 7.878158967856097039e-01 7.836557426934898096e-01 7.865519967995280304e-01 7.814859764085166915e-01 8.173256194756641779e-01 7.654466244816890974e-01 7.914701854833247063e-01 7.862688479618047399e-01 8.015918460410328406e-01 8.156436610427733047e-01 7.930016447430008331e-01 7.967448578086759881e-01 7.977803872532326368e-01 7.981242167856631431e-01 8.046734059220989055e-01 7.972711516634126694e-01 7.995147957840199604e-01 8.006567878217706324e-01 7.848650197542432760e-01 7.911638688659022867e-01 7.900207534313897773e-01 8.148498120198849337e-01 8.114847799858750932e-01 8.116967908439260970e-01 8.160349205274247675e-01 8.048968161089433693e-01 8.076145288330995875e-01 7.934420707948185436e-01 8.082371912249562973e-01 8.071153863518039095e-01 8.102224975032714660e-01 8.070368840082388084e-01 8.103571520262840000e-01 7.921188918981290072e-01 7.961927551095179245e-01 7.957161283114733141e-01 8.109788732512623888e-01 8.017497173219045870e-01 7.957841970897708839e-01 8.040336758865332945e-01 7.942357414542208227e-01 8.096472221563176808e-01 8.053201798781716159e-01 8.157787701743282049e-01 8.069946483727648001e-01 8.040695381291750321e-01 8.050741633199193226e-01 8.097734399419622697e-01 7.898680645338280737e-01 7.893838686184778686e-01 7.926340978728206865e-01 7.844187824211114046e-01 7.969004976163136522e-01 8.007534698918687965e-01 8.069296381396892093e-01 8.030515495947053717e-01 7.914115481883573500e-01 8.015415879092389062e-01 7.931405722365565403e-01 7.923686180806175372e-01 7.909702038914453448e-01 7.972988858895211361e-01 8.057064596548204616e-01 7.958654089808776533e-01 7.947291411662793514e-01 7.917613735589184021e-01 7.959556125402721394e-01 7.952605537479523479e-01 7.912842794346751640e-01 7.927856346649078123e-01
6.365996405234981836e-02 2.042705053168448470e-01 3.049409317093706440e-01 5.641073290685262309e-01 4.868728763778979451e-01 5.086888774549267467e-01 7.321250839504314101e-01 1.000000000000000000e+00 7.260208499130242910e-01 6.503902547347473195e-01 7.094057071856111341e-01 7.823971531549858138e-01 7.062208940863866635e-01 6.622352443063794780e-01 7.998767361758076788e-01 7.948341568234109644e-01 7.083618188655280701e-01 6.875900984527643089e-01 6.949979071378621365e-01 5.965536793169913254e-01 7.503714281546460807e-01 7.480748537993351377e-01 7.298206065871253312e-01 6.737558684446018908e-01 7.118500432837109315e-01 7.742553457703709174e-01 7.597437698986730936e-01 7.629294604945231484e-01 7.748615982776577704e-01 7.579204347122113772e-01 7.734630113432096055e-01 7.647800388172264485e-01 7.088851110013182355e-01 7.225675968269201777e-01 7.398278784107152894e-01 7.365031299256739050e-01 7.498719099040818126e-01 7.729670033471132129e-01 7.730505636004508796e-01 7.404616166655806353e-01 7.803264646247028979e-01 7.761537831346910776e-01 7.744749207989944928e-01 7.914678886286906634e-01 7.663876369370570263e-01 7.802298435982483182e-01 7.731577486576066693e-01 7.748043441718341917e-01 7.796214924210990160e-01 7.629436057200175147e-01 7.969492202162127281e-01 7.527468422194121267e-01 7.791070202598481265e-01 7.826900621149616155e-01 7.999489983885753608e-01 7.892815658404205292e-01 7.969559484388375470e-01 7.868854207904004694e-01 8.007499468439261969e-01 7.892701317151543661e-01 7.936573525537942153e-01 7.981359423360741001e-01 8.032218157048320872e-01 7.908808774404750830e-01 7.773289633139399690e-01 7.924110687921407381e-01 7.760382910814578317e-01 7.814195986071140743e-01 7.792288970385014002e-01 7.788668870703995273e-01 7.882300577582429524e-01 7.802052619390821286e-01 7.629118139106936258e-01 7.644480299946847524e-01 7.902683057527152277e-01 7.855773070678303549e-01 7.807178202285914859e-01 7.860402953566894002e-01 7.792040601819889556e-01 7.773590040464591899e-01 7.748844154942575724e-01 7.784447202133187860e-01 7.880437925697847401e-01 7.797489298434115979e-01 7.756712507132709211e-01 7.724547887181264505e-01 7.737273867938131433e-01 7.859073287113016448e-01 7.823022061511540892e-01 7.857937739135606448e-01 7.727978399057321424e-01 7.808823949169163559e-01 7.823026473875692721e-01 7.830620882180472364e-01 7.785513988893135728e-01 7.795320786565026472e-01 7.885077433645191203e-01 7.934287162085815748e-01 7.883971214833290775e-01 7.887625958150742411e-01 7.878316193691624614e-01 7.994404188702530778e-01 7.767842353699099256e-01 7.900068722090717310e-01 7.813265623477215760e-01 7.965619726043355886e-01 7.849825526796769815e-01 7.832320282762907926e-01 7.922960450615861294e-01 7.902547201284793044e-01 7.873950032655621101e-01 7.842876505919359476e-01 7.933612546706316770e-01 7.888791611982624019e-01 7.795110254568039521e-01 7.864994550796388095e-01
9.547089760997616581e-02 1.852171751424947777e-01 3.262746984960332997e-01 5.600368901944718925e-01 4.729408662874126090e-01 5.477632932304988822e-01 7.323436517578809646e-01 7.260208499130242910e-01 1.000000000000000000e+00 7.576308139213692172e-01 8.136857256446715647e-01 8.555275980066106012e-01 7.997926686850709288e-01 7.533045995342335654e-01 8.606797770929602853e-01 8.529314483826510029e-01 8.052696812649531299e-01 7.326061343256952130e-01 7.698694248399625684e-01 6.548171505347794019e-01 7.665531843638608844e-01 8.206190752045271486e-01 7.851518089058676653e-01 7.395185692773548203e-01 7.912323572374155844e-01 8.434323522137058271e-01 8.447969809812402309e-01 8.155704423146192816e-01 8.384706217047007692e-01 8.644842411294481055e-01 8.804391621962670555e-01 8.397155636647097854e-01 7.512219081738806814e-01 7.914455561931826866e-01 8.303019802891492551e-01 8.341518667147136412e-01 8.492827832903937502e-01 8.352422989573055068e-01 8.588320803395789182e-01 7.968627194683447490e-01 8.716060682436922447e-01 8.533544607155536532e-01 8.487545002347322010e-01 8.738665151115996288e-01 8.622309828287647582e-01 8.600803510488790327e-01 8.825870362313307238e-01 8.885560923141202494e-01 8.838228812459766326e-01 8.329336912351039679e-01 8.688696497897506754e-01 8.363316109164932177e-01 8.799617812628088842e-01 8.954944578466085270e-01 8.895057560522026119e-01 8.710837934890772738e-01 8.888327026210005588e-01 8.789061555264983117e-01 8.856883297865862925e-01 8.976491109806370439e-01 8.862017809144198122e-01 8.934165478411945083e-01 8.842567924137559876e-01 8.906628375991646474e-01 8.882906441346507531e-01 8.947984458051186918e-01 8.847848160906779391e-01 8.730262852362581372e-01 8.726179264367524002e-01 8.753763876433354740e-01 8.784455226466332256e-01 8.810305654453283175e-01 8.554167940551667959e-01 8.597999120339930856e-01 8.857129274726106560e-01 8.874654870202638435e-01 8.719957686840351663e-01 8.835251004615085613e-01 8.749751815089672480e-01 8.891905264359333261e-01 8.850910237544066250e-01 8.889153773639989486e-01 8.802771979162211657e-01 8.803550344369558411e-01 8.605114912574450825e-01 8.698621424705447192e-01 8.761387583279532931e-01 8.742794758896714757e-01 8.809984751273473025e-01 8.691743308410616597e-01 8.562086309750387425e-01 8.794352855402371993e-01 8.815165267602818044e-01 8.799810166589011606e-01 8.868074481249703656e-01 8.896022569425053872e-01 8.707710889068289717e-01 8.844789954495911877e-01 8.863689263503775617e-01 8.790324294531901561e-01 8.779894931530106694e-01 8.889735273390562131e-01 8.849402889601203359e-01 8.856801905036637557e-01 8.847173390592067976e-01 8.904157734168980376e-01 8.917021430446719910e-01 8.873588163739484225e-01 8.847171840815565291e-01 8.916722554474142415e-01 8.840157252462965687e-01 8.941427095945398973e-01 8.913784615227668962e-01 8.907713193665734996e-01 8.894698042088936552e-01 8.946683710523480881e-01
3.922185146522472882e-02 1.636964210032566536e-01 2.968916343133272684e-01 5.288275562477473546e-01 4.175934545335087678e-01 5.082203330423354926e-01 6.794888188016889874e-01 6.503902547347473195e-01 7.576308139213692172e-01 1.000000000000000000e+00 7.598125405533830978e-01 7.867443175248252096e-01 7.531996903451855241e-01 6.957681420394196126e-01 7.979240150860604786e-01 7.923242073509879635e-01 7.402666346575659251e-01 6.944922910743374089e-01 7.298023382930920455e-01 5.875655100806379538e-01 6.818290474995031270e-01 7.581594286224295764e-01 7.406474375051708137e-01 7.049251601148824875e-01 7.409805827493785024e-01 7.732825377790413235e-01 7.908706416984707666e-01 7.683537367353504566e-01 7.784307496793385628e-01 8.047399646131868645e-01 8.141964526576856986e-01 7.923454602658576151e-01 7.233413436398834495e-01 7.550287752980041622e-01 7.755717678895599487e-01 7.863458010873598525e-01 7.969454757764928843e-01 7.884639965229044423e-01 8.022991720223886514e-01 7.685602504048369976e-01 8.173223843162975566e-01 8.113362758468712910e-01 7.984541489450383001e-01 8.144538999668700097e-01 8.186634775955391463e-01 8.019492834998414033e-01 8.254184122365956222e-01 8.302040727272166354e-01 8.249973187704298105e-01 7.781686614898427612e-01 8.091682440835169521e-01 7.757538782951070022e-01 8.125490322949903144e-01 8.252416802025520637e-01 8.195393238545508607e-01 8.209815612287230113e-01 8.069696401651275108e-01 8.195856738776726713e-01 8.125538464632554581e-01 8.201338264068293027e-01 8.199146436611460809e-01 8.166544238573810732e-01 8.037491418544217003e-01 8.132650245604621242e-01 8.197166610610588933e-01 8.148516037895396913e-01 8.272797929981887677e-01 8.197617636239586947e-01 8.154532707887930387e-01 8.102134011269623848e-01 8.173607908560226454e-01 8.249187355664128196e-01 8.030698076485663917e-01 8.102749954755109618e-01 8.237321299383801865e-01 8.260011905606743365e-01 8.219708647971318838e-01 8.269289520284326400e-01 8.203807968599000633e-01 8.278949697213234815e-01 8.255356214581147656e-01 8.285644763881360175e-01 8.271742466255173065e-01 8.212005291273675178e-01 8.072128438732625311e-01 8.194114722431790065e-01 8.273290258763724703e-01 8.219893438850160994e-01 8.250711827441777890e-01 8.199730052637007605e-01 8.162105158658826687e-01 8.276182653124046773e-01 8.293211124282180435e-01 8.269689538331839174e-01 8.277569818714393124e-01 8.309827534519815817e-01 8.079499412539901115e-01 8.064435929695575878e-01 8.225884503943825532e-01 8.211343318966857208e-01 8.233910539771411852e-01 8.216065609211710141e-01 8.247165094569761656e-01 8.239344792591575262e-01 8.267808562686091989e-01 8.171835610077698986e-01 8.272682612034105709e-01 8.304873862972098619e-01 8.280080634535499362e-01 8.271001428590138982e-01 8.270368023726978324e-01 8.269910185308992912e-01 8.262883493362219722e-01 8.239365280510966283e-01 8.297587342912752240e-01 8.248153659172207108e-01
2.975272861776807193e-02 1.675376896997522458e-01 3.395749954460161590e-01 5.744441178578385543e-01 4.588413034909347710e-01 5.352829803206116122e-01 7.269009188271190469e-01 7.094057071856111341e-01 8.136857256446715647e-01 7.598125405533830978e-01 1.000000000000000000e+00 8.665586023191188536e-01 7.943058242537509583e-01 7.582788044697871266e-01 8.636677765993963085e-01 8.533242163290321036e-01 7.858847327299018914e-01 7.561030836136829469e-01 7.919293461907487286e-01 6.602661255017434616e-01 7.403949842762823641e-01 8.175146348600927926e-01 8.076929200482005911e-01 7.688230657243239063e-01 8.099627632781548625e-01 8.510819485734044676e-01 8.574505804272998244e-01 8.342993447261661810e-01 8.403509999433323996e-01 8.752698809747538888e-01 8.906194672921563527e-01 8.567364222088124093e-01 7.925651361046024412e-01 8.246990729820681265e-01 8.457218752275645901e-01 8.497819552180200242e-01 8.709584331104578414e-01 8.648435156914170419e-01 8.782705283778144967e-01 8.434303009373304016e-01 8.899262484206162949e-01 8.802001477814361818e-01 8.668942862546162864e-01 8.885498045051209992e-01 8.877735055705551215e-01 8.741997557504443961e-01 8.916051102969778652e-01 8.942466039151084622e-01 8.940047963127609743e-01 8.565487114009819880e-01 8.818846157769120175e-01 8.502264959241142561e-01 8.836646323175256779e-01 8.859008973800294173e-01 8.847519775255920926e-01 8.924424190199627960e-01 8.747976885291149918e-01 8.877644686375136818e-01 8.792911192271055665e-01 8.850240988712845258e-01 8.907131897735487414e-01 8.810032735626273093e-01 8.702694799218819721e-01 8.794598392248514918e-01 8.864310576322033119e-01 8.801731960551386624e-01 8.957101719384896743e-01 8.888187780649053904e-01 8.872161909723705886e-01 8.825561161141377564e-01 8.868612452277407909e-01 8.947414756642333433e-01 8.717409934550248707e-01 8.808048553317939788e-01 8.996038741878811251e-01 8.978886249245149331e-01 8.915778769187853170e-01 8.943081671360904039e-01 8.946190910688854858e-01 8.962721166079151702e-01 8.953891748027223985e-01 8.994341483132104464e-01 8.960217759210271637e-01 8.909281659988486091e-01 8.847167095392496350e-01 8.900870060755635693e-01 8.950516477159333739e-01 8.969899366336389068e-01 8.969920276452081342e-01 8.936504582745414815e-01 8.920775392646193014e-01 8.992000614485688992e-01 8.988094320827914041e-01 8.980470006356299217e-01 8.988687187199085882e-01 8.991583407798164895e-01 8.898284292950809915e-01 8.792869801166562915e-01 8.940079243267929909e-01 8.982314962887987253e-01 8.950750297828630186e-01 8.947611223224107846e-01 8.939526750696040747e-01 8.958768743029499326e-01 8.972108416064226155e-01 8.876473113643571500e-01 8.958775360924009501e-01 9.006792943361602299e-01 9.001204280369099475e-01 8.957531456702533257e-01 8.976544572582556558e-01 8.934207245902208161e-01 8.962571695950076744e-01 8.952983396101473756e-01 8.941198133979478824e-01 8.925444510762602368e-01
5.019500987413463150e-02 1.955066651633734776e-01 3.551057773853863453e-01 6.318070160178484995e-01 4.989397936653466870e-01 5.700877839155733540e-01 8.034282206361874623e-01 7.823971531549858138e-01 8.555275980066106012e-01 7.867443175248252096e-01 8.665586023191188536e-01 1.000000000000000000e+00 8.394461791484677526e-01 7.998887600472452952e-01 9.243840252744254249e-01 9.083346514387905524e-01 8.316777983350036596e-01 8.025777910206746135e-01 8.330469941525477928e-01 6.920928858872221756e-01 8.292177111370653275e-01 8.852203590784044618e-01 8.620577233074324663e-01 8.090043486021996078e-01 8.537718865113717026e-01 9.006679875173509986e-01 9.038012063131772855e-01 8.897635251175941562e-01 8.940661299449069732e-01 9.150739650880286291e-01 9.251089835068653233e-01 9.068651394291055157e-01 8.423630757413519410e-01 8.736738108416758353e-01 8.900283239929130952e-01 8.873872611266926391e-01 9.042307054664089350e-01 9.161755412079526373e-01 9.254704838894068919e-01 8.872801597295051357e-01 9.266156404318101059e-01 9.262958011239156297e-01 9.163214661567428143e-01 9.357075653021231787e-01 9.226733582858834826e-01 9.271271105897134213e-01 9.334305486737807245e-01 9.312785454088815529e-01 9.360875115678074510e-01 9.102660959096233739e-01 9.366164832480926572e-01 8.998464987548343563e-01 9.292005911254914707e-01 9.295702274393434772e-01 9.362637012549912541e-01 9.373804584564375819e-01 9.330272240254328109e-01 9.318233059772290661e-01 9.322368759540693439e-01 9.336656357550057184e-01 9.414063366553137024e-01 9.349748029519805437e-01 9.303840342676493735e-01 9.344364320395823764e-01 9.286797508472416363e-01 9.321913063020403900e-01 9.337149868527805374e-01 9.327613562534445846e-01 9.326793317638114589e-01 9.258165598892367232e-01 9.365224756261043559e-01 9.376490961635212118e-01 9.147236992644920406e-01 9.202836197034079957e-01 9.402343507060034744e-01 9.397205905563587036e-01 9.356934669885917932e-01 9.368318705856653050e-01 9.352193975764347966e-01 9.360043251129205322e-01 9.345791427078242730e-01 9.358453756612145069e-01 9.398450528064486997e-01 9.338178914836042788e-01 9.276853192875816889e-01 9.322451012788063318e-01 9.329322595944111729e-01 9.379525075582422211e-01 9.388979086112421157e-01 9.355793451845224595e-01 9.311097414602289568e-01 9.381772363028091366e-01 9.397185154117658756e-01 9.394601421794137597e-01 9.358492818522687884e-01 9.356067903684143205e-01 9.323919054364266934e-01 9.274888596329079471e-01 9.372805543649318505e-01 9.381522753784905522e-01 9.385798012240695876e-01 9.404812412728748017e-01 9.367563091118256136e-01 9.396880429399953050e-01 9.368858753037451192e-01 9.347667472161163005e-01 9.358473391157335897e-01 9.372122525398589588e-01 9.397769346621781539e-01 9.384940044746520327e-01 9.358701961381630241e-01 9.357236549741618781e-01 9.381622606307882251e-01 9.386440109155029798e-01 9.351296830318127640e-01 9.363600719684140872e-01
2.317909670300929287e-02 1.618689980974512832e-01 3.328425870785753360e-01 5.584588445456625250e-01 4.625746541755878516e-01 5.452257333006020890e-01 7.174270568708766005e-01 7.062208940863866635e-01 7.997926686850709288e-01 7.531996903451855241e-01 7.943058242537509583e-01 8.394461791484677526e-01 1.000000000000000000e+00 7.461891152032041896e-01 8.571298723602011060e-01 8.549266532919337358e-01 7.664369622984198438e-01 7.154831696214040138e-01 7.660333835605894759e-01 6.285728444563222217e-01 7.285262116409914057e-01 7.995678441378859524e-01 7.767821424819226772e-01 7.289797121527901158e-01 7.834321091235424417e-01 8.321350418586371811e-01 8.333444665322632394e-01 8.116997976923497893e-01 8.151849295797984896e-01 8.557501027582455899e-01 8.686487192899294829e-01 8.229122176136157707e-01 7.632970570797384946e-01 7.871878469259955269e-01 8.268588742179581175e-01 8.223544178780604064e-01 8.439296798510932396e-01 8.313680858207805890e-01 8.572537704620765142e-01 8.068105943668487656e-01 8.732632429972495558e-01 8.616906475867848192e-01 8.518746110651297387e-01 8.703485480874982860e-01 8.592562646753489908e-01 8.585441527950634644e-01 8.805770563492396619e-01 8.828862464422164713e-01 8.800803396240423071e-01 8.191411287271337383e-01 8.580455178280518291e-01 8.288713426870463197e-01 8.676980751517809898e-01 8.809629847397777436e-01 8.757227000697207497e-01 8.709013902742284152e-01 8.636563940827103325e-01 8.756236483602006793e-01 8.706725124138479099e-01 8.818659213462948232e-01 8.772341821996637590e-01 8.745353528248621666e-01 8.657230707803089675e-01 8.698413825775321850e-01 8.737345018599604884e-01 8.722723282531839040e-01 8.816975738813149777e-01 8.657293535491691339e-01 8.623721927452726588e-01 8.649594174043929717e-01 8.707872349100329590e-01 8.781133139726372550e-01 8.484003900873741122e-01 8.585812974717523804e-01 8.818931075398881436e-01 8.802343711485163258e-01 8.750046252042509298e-01 8.768320540189374901e-01 8.752021577533276586e-01 8.835972134516951737e-01 8.791550090855247968e-01 8.852902563575716366e-01 8.735738291033637859e-01 8.777014740961022188e-01 8.561939771950892730e-01 8.656444593091869866e-01 8.772671883985780905e-01 8.714507412848527812e-01 8.795968931558787451e-01 8.712755657444006818e-01 8.655106251086488456e-01 8.817943431775221441e-01 8.823041106197907490e-01 8.805744796956829212e-01 8.844035748033383104e-01 8.868189744763016469e-01 8.628557924595139372e-01 8.618126881115104609e-01 8.794257598229457962e-01 8.754177117742778513e-01 8.800779854314386697e-01 8.777163773769709465e-01 8.815527133890973532e-01 8.814268693123812337e-01 8.786796391508786552e-01 8.751390814385633377e-01 8.825331295097957884e-01 8.856236493351991035e-01 8.827491209234121783e-01 8.846542166610774638e-01 8.827357532822336372e-01 8.854532792469235192e-01 8.830684503611334613e-01 8.815113722194334311e-01 8.831740783941409711e-01 8.823282791469863051e-01
