1.000000000000000000e+00 9.876069115796629050e-02 1.004273219266929584e-01 4.083163996105891591e-02 -1.147159183942433013e-02 2.172917147877167707e-02 1.627821993002634762e-02 7.259721195439564935e-03 9.391397113047027234e-02 6.402922945282986389e-02 6.032567165902397166e-02 1.321056272316142692e-02 1.771880479009373469e-02 4.570952043572462653e-02 -9.675897321363053499e-03 5.838208966574482892e-03 6.909253111463257990e-02 8.628538933344066797e-02 7.059512870814169117e-02 -3.654967999520644488e-03 6.781150901655220997e-02 8.579540549884302758e-02 9.772719299707298413e-02 7.384529116348566291e-02 9.976932819082130754e-02 7.378065562444699466e-02 5.489578660535636423e-02 7.774270540769477600e-02 1.037060266422958482e-01 8.993233064874509020e-02 6.015774269530792945e-02 4.536643596900550440e-02 5.864297607318065542e-02 6.535282876733398971e-02 7.802079818665401401e-02 3.052999906290071452e-02 6.852957301657232325e-02 2.266638796561017480e-02 2.514028205979178601e-02 -4.091650679774399592e-03 3.007137836327275493e-02 8.175182100028252630e-03 -1.242572546324065275e-02 3.228972567047903950e-03 3.454492064468423634e-02 2.101851739633894475e-02 7.167449537487186918e-03 1.924670341709028981e-02 1.192981852774105400e-02 1.590060758082032649e-02 1.106519831698350199e-02 1.213521533700991605e-02 -5.281788731981344395e-03 3.211958274790532170e-02 3.473929872590196533e-02 4.153739707617622179e-02 3.235221125456395203e-02 5.669384458385305810e-03 3.019838611774570622e-03 6.166486278090126984e-03 3.526022057243287551e-03 7.595037023421769527e-03 -6.421920175864028000e-04 2.408354411509219112e-02 5.281334713585982693e-02 4.107730650122894123e-02 2.632639754717576441e-02 3.179357205088619021e-02 2.629690147355009597e-02 1.834766056256986050e-02 4.008571486998889488e-02 3.383253762028943373e-02 2.887462570557093253e-02 3.798259144702847978e-02 2.797752022212740206e-02 2.702265048570342068e-02 3.144540943779286502e-02 4.554394382508614170e-02 2.432770964890597701e-02 2.996197143756231668e-02 4.206902408363259044e-02 2.515849805419252683e-02 3.583252395568198301e-02 3.823536755849563096e-02 1.332846832553718879e-02 2.567917772196422199e-02 2.212216494117642818e-02 1.044559138192588214e-02 1.304798231390111307e-02 2.260817141011976436e-02 9.264727628947391075e-03 8.555715428382498072e-03 8.502246970530676420e-03 6.113889848081255352e-03 9.381911113782292339e-04 1.080059714692866053e-02 -2.213699940568067057e-02 3.378590771883373516e-03 -1.383202621936316943e-03 -6.800996124868368374e-03 -4.644734278696694384e-03 3.525333847412987290e-03 -2.355492120813820148e-03 -3.443813233546399229e-03 1.274065703158589434e-02 1.793532083059914267e-02 1.156966636922363012e-02 2.161704054745208770e-02 2.109507199199137442e-02 -4.192320660578425053e-05 4.485625998488598255e-03 7.281374609478944923e-03 1.377831201497515872e-03 9.686732701137467511e-03 3.408443461682360981e-02 2.725580939768890154e-02
9.876069115796629050e-02 1.000000000000000000e+00 3.584351679222089193e-02 2.344922254460370115e-02 5.760288120412777879e-02 7.046209095342619022e-02 9.848318754155049870e-02 1.025165555103910164e-01 1.400725619979240888e-01 1.523435016791706287e-01 1.495253096438485252e-01 9.631061424831803552e-02 1.176535211073136689e-01 4.870388641021917986e-02 1.162289423054439774e-01 1.364773502837008379e-01 1.464700126022695226e-01 1.037718992471405866e-01 1.531883194180820584e-01 2.854180658644189534e-03 4.811091984338662642e-02 1.024047945255589231e-01 1.226960862790193452e-01 9.778775286977668679e-02 1.419331539539368525e-01 1.591416265146830822e-01 1.357513653898218264e-01 1.564999205279719030e-01 2.009072924577957608e-01 1.833346758772092799e-01 1.652053469515018524e-01 1.292954682966264424e-01 1.333118269780327048e-01 1.342165375671040273e-01 1.572467966015968222e-01 1.051464452279871203e-01 1.324387351669981949e-01 1.456113673082106152e-01 1.426838732714943159e-01 1.014174256838951405e-01 1.343370886701496514e-01 1.321180997071138008e-01 1.247657205555452731e-01 1.245862381978206368e-01 1.281954566972902942e-01 1.494125322714730808e-01 1.330881494255397868e-01 1.357912888879891089e-01 1.203804204978047993e-01 1.000743645925564473e-01 1.258665614181556369e-01 1.086010181190018714e-01 9.375446392922742733e-02 1.402517358718888274e-01 1.439862557160806744e-01 1.435464970529941597e-01 1.168323939084002089e-01 1.349553839125361698e-01 1.263886344654288341e-01 1.263141158804503561e-01 1.150135039624005096e-01 1.252506348592432317e-01 1.117940548581673604e-01 1.320152815423286108e-01 1.414534196227218432e-01 1.224313290722359587e-01 1.295920227199953423e-01 1.323161185718447208e-01 1.353521082147315091e-01 1.005197708565378351e-01 1.088046903537400606e-01 1.290345507711292694e-01 1.220332108919185005e-01 1.296210000566423715e-01 1.390752641595643102e-01 1.365098646951735384e-01 1.451537729840690627e-01 1.633474137215094046e-01 1.483592448918200635e-01 1.580110391585077823e-01 1.443755698160136547e-01 1.384275931107613877e-01 1.311857077034168928e-01 1.440457734345902685e-01 1.159028134737550286e-01 1.291461297592932655e-01 1.236125194500042185e-01 1.319976261670816609e-01 1.328099883592193386e-01 1.384349577510936846e-01 1.236494542340579733e-01 1.283425917525878868e-01 1.162219267195175876e-01 1.249867303326653439e-01 1.240171163667297544e-01 1.315343384888917333e-01 8.645175465920747204e-02 9.705171156518928310e-02 1.131388026835288135e-01 1.180792710471656737e-01 1.209756488860042889e-01 1.133033167267497449e-01 1.102530206250789124e-01 1.192746447127864540e-01 1.094814709847304612e-01 1.167461789956550366e-01 1.194881193867285418e-01 1.404940171167889662e-01 1.384617505354190647e-01 1.193269651085043376e-01 1.241189117655502466e-01 1.270397947466986310e-01 1.212389839876194808e-01 1.252903084039278248e-01 1.340277107395041745e-01 1.235616344829386509e-01
1.004273219266929584e-01 3.584351679222089193e-02 1.000000000000000000e+00 3.516151648025129806e-01 9.566780781051126281e-02 2.037714420315397124e-01 1.427236916737442962e-01 2.236594292181028065e-01 2.919237099928137513e-01 1.583653174808389852e-01 3.097318830147409718e-01 2.944864415497741028e-01 1.915590943707570215e-01 1.968477226139508096e-01 2.090244712122514281e-01 2.459197067430035910e-01 2.937336316883826792e-01 4.209384549916944107e-01 3.476066385803356917e-01 3.087875195004718964e-01 4.389586979747642226e-01 4.158761636577048559e-01 3.679670561648257787e-01 3.719406279649991598e-01 3.701123157218765836e-01 3.509789669989777927e-01 3.299706091387142881e-01 3.165538336776418382e-01 3.212861276336410055e-01 3.197902771463213001e-01 3.072026359427971198e-01 3.316241363119180052e-01 3.333103138710410418e-01 3.270282683955091918e-01 3.254667288958411064e-01 3.345520386051378803e-01 3.410801817643717149e-01 2.597397290573093542e-01 2.871540180860107649e-01 3.100600670745979892e-01 2.856666192754184763e-01 2.641691308760000245e-01 2.675358108527590706e-01 2.729430698962535540e-01 3.163803362045409240e-01 2.737033361466625903e-01 2.529752484737711749e-01 2.527517052602699099e-01 2.645966158242483712e-01 3.016111346715474872e-01 2.671536899827451350e-01 3.116068126509485281e-01 2.770741657017218862e-01 2.709619645153762413e-01 2.870498772697583911e-01 3.043513687152858971e-01 2.994398505150588363e-01 2.590813781123204040e-01 2.612368107487560986e-01 2.625542540264110825e-01 2.704842737100511818e-01 2.683625226965030142e-01 2.716963404189796649e-01 2.687294390064638439e-01 3.002092881018325055e-01 2.959711608054543808e-01 2.615957080424324843e-01 3.057935476126644181e-01 2.882976530843033292e-01 3.137334944984048191e-01 3.359450251950313326e-01 3.049355913684438368e-01 3.060667601534861615e-01 3.012016114083721496e-01 2.905205806701098847e-01 2.827520604803355209e-01 2.681636967476830335e-01 2.841668947902599718e-01 2.689546602358345861e-01 2.595870397397754825e-01 2.858817039463728560e-01 2.680925546311734853e-01 2.853126959546866681e-01 2.875521065166134482e-01 2.768370136512077195e-01 2.901386587579490306e-01 2.837207292405304337e-01 2.604678042116309600e-01 2.565719178789300225e-01 2.849230466527788441e-01 2.933474364207816487e-01 2.611384738108932790e-01 2.627872436014824786e-01 2.556129806310774577e-01 2.441679929930805626e-01 2.471163969241693403e-01 2.743412580344201102e-01 2.676188418868215013e-01 2.579633880947950209e-01 2.541013842208212914e-01 2.547179661428486397e-01 2.614210202080625711e-01 2.546519740641303153e-01 2.557168138726537143e-01 2.795979039124116827e-01 2.754891854983166910e-01 2.510447393713742259e-01 2.594964236030597449e-01 2.672874372295521161e-01 2.453128435617767389e-01 2.607041292922440134e-01 2.543716125904733061e-01 2.504461172302336891e-01 2.565189729894305493e-01 2.752960843611947928e-01 2.677486757089750369e-01
4.083163996105891591e-02 2.344922254460370115e-02 3.516151648025129806e-01 1.000000000000000000e+00 1.788798566940471291e-01 3.057966655518180032e-01 3.689790832639385787e-01 4.066424055557593120e-01 3.996940977929317462e-01 2.611118513649622330e-01 4.216697315531311441e-01 4.985939762209893322e-01 3.719315650417553965e-01 3.076161095093578601e-01 4.195317087916333176e-01 4.426928297543408219e-01 4.141736175525553842e-01 4.843171751696123128e-01 3.998152431200092116e-01 5.713890570648163525e-01 5.562987448356627729e-01 4.996818436919161499e-01 4.102884770902444633e-01 3.960129948822898593e-01 4.073101050325957373e-01 4.457282862211205399e-01 4.348980751152897173e-01 3.981940994448230353e-01 3.779701555614144448e-01 3.975820556228689684e-01 4.446165035295308043e-01 4.583234966396286247e-01 4.072089049837592234e-01 4.241467702094430248e-01 4.080304589731527098e-01 4.831249707707517271e-01 4.444652407324519161e-01 4.072809232477203611e-01 4.253141692755182390e-01 4.708212233179690509e-01 4.490376260435569034e-01 4.366093939991413930e-01 4.504180374405766241e-01 4.656136924167053048e-01 4.761498581389342344e-01 4.376972502784271524e-01 4.329186982045123977e-01 4.259287011296326586e-01 4.481930835733536900e-01 4.704106299062878471e-01 4.408799899937783651e-01 5.056807273891256171e-01 4.870883282704176476e-01 4.358737481189165486e-01 4.306569910221460518e-01 4.450747498295167803e-01 4.825055194697639438e-01 4.345278607975799900e-01 4.325112082358560373e-01 4.510721240323157799e-01 4.589858097251836577e-01 4.493708859811318956e-01 4.630574814181518950e-01 4.537193457626120807e-01 4.723453442858104312e-01 4.757175859503280924e-01 4.341088863572514778e-01 4.536353275768461035e-01 4.472000717659407321e-01 5.184569816087851724e-01 4.990583359152340193e-01 4.481834213190077909e-01 4.421147907215962625e-01 4.280241225306551378e-01 4.485812555800961499e-01 4.377662984136733715e-01 4.237448572011299763e-01 4.231421700008993203e-01 4.273381439707429896e-01 4.086782557873983035e-01 4.225076859851164546e-01 4.376502095933198500e-01 4.513875191149436805e-01 4.259741839806991948e-01 4.490066428497997975e-01 4.412840477043862286e-01 4.447089880269292639e-01 4.367824894836006000e-01 4.279582230751992067e-01 4.600521479740361519e-01 4.660164296103599391e-01 4.429076217282485461e-01 4.516800341653834927e-01 4.369459414801052377e-01 4.299897390487583126e-01 4.270685682183436027e-01 4.804212721681266896e-01 4.699093911436363347e-01 4.518815212718462204e-01 4.443854800233919544e-01 4.434425846455242737e-01 4.494101271462830893e-01 4.525908104130553777e-01 4.449241257635159763e-01 4.725622659689623917e-01 4.597695710217236664e-01 4.347594616267225209e-01 4.315662392659622149e-01 4.357741562293366289e-01 4.324794477492281408e-01 4.423486768749337883e-01 4.440068077243449207e-01 4.369756274767617188e-01 4.415925669373407247e-01 4.486600317595412779e-01 4.554512099601776276e-01
-1.147159183942433013e-02 5.760288120412777879e-02 9.566780781051126281e-02 1.788798566940471291e-01 1.000000000000000000e+00 1.624985455127711254e-01 2.819602111119192678e-01 3.329613325429833792e-01 3.315920170459166760e-01 2.974882664919830666e-01 3.263745597601837578e-01 3.435797222381244409e-01 3.849465038404071837e-01 2.835076467349631479e-01 3.888221425924901498e-01 3.898810476658331470e-01 3.166517257621226378e-01 2.480535111922162195e-01 3.094891187735488436e-01 2.195083453712182719e-01 2.227411705402586040e-01 2.750240911564790225e-01 2.978145669597355161e-01 2.689970529852909742e-01 2.966657278844080925e-01 3.555262478458262043e-01 3.551896604302545724e-01 3.632880957530041921e-01 3.481660448548574704e-01 3.614213942951468028e-01 3.918456269181443963e-01 3.660529466514242936e-01 3.411292633270202601e-01 3.456807964228365004e-01 3.491616445696554827e-01 3.426772629534118875e-01 3.585418238128330048e-01 3.767132899684413339e-01 3.909300334066707627e-01 3.613770116239334307e-01 3.905944415294616556e-01 3.982645151996671573e-01 4.092619564590586068e-01 4.069960835143521249e-01 3.800724549312605727e-01 3.977968630480856471e-01 4.009971180001618007e-01 4.015452737416720930e-01 3.974583691986046663e-01 3.718725015345589191e-01 3.878137892112143437e-01 3.806678943277577165e-01 3.977320522638497224e-01 3.942858790114452394e-01 3.769750725027685712e-01 3.837591445317234395e-01 3.807778969817973147e-01 3.970866722350264166e-01 3.871356526245187668e-01 4.076191753771901682e-01 4.010317239383714982e-01 4.018784939988379601e-01 3.963228002883762979e-01 3.997901922017361165e-01 3.848934335544416108e-01 3.925804589686108792e-01 3.999876292780308873e-01 3.882928976004357269e-01 3.947646100464898833e-01 3.759881067471767535e-01 3.758577524245741430e-01 3.916699855743711600e-01 3.786909121493450270e-01 3.834366827303325453e-01 3.993543350767658207e-01 3.953515584094927648e-01 4.008879374312652732e-01 3.963453423573850554e-01 4.026981674762727947e-01 4.004234872226251074e-01 3.973365987881315453e-01 4.068667066860829906e-01 3.929845102103424748e-01 3.937494002560433248e-01 3.954458243993519972e-01 3.901075406636192455e-01 4.008818539499396372e-01 4.018611605583781721e-01 4.042229846268271531e-01 3.983434686923675305e-01 4.013554490272097652e-01 4.083813323121402439e-01 4.050055454371996877e-01 4.103027048338201421e-01 4.061747968152790156e-01 4.084523135210966771e-01 3.877572852559282857e-01 3.917091302358373106e-01 4.044835731856872840e-01 4.038850512072103549e-01 4.109337153019974043e-01 3.969097337436230388e-01 4.074323018583727030e-01 4.075345789079840020e-01 3.957165683739914397e-01 3.919762484286217763e-01 4.015999658716654652e-01 4.040756213562036181e-01 4.015642890407268850e-01 4.081116013623106720e-01 4.027201705748862381e-01 4.115014760403072902e-01 4.045578462816547538e-01 4.032326686174687591e-01 3.974967153453449198e-01 3.996879872066984585e-01
2.172917147877167707e-02 7.046209095342619022e-02 2.037714420315397124e-01 3.057966655518180032e-01 1.624985455127711254e-01 1.000000000000000000e+00 3.715624352331416413e-01 3.761198581341645419e-01 4.019677931244134417e-01 3.388367256901413382e-01 4.488533777191282548e-01 4.459113230453369270e-01 3.841618246244366541e-01 2.967318095574537073e-01 4.497735160211163707e-01 4.714983307201382479e-01 4.403788711928208199e-01 4.461576003117500022e-01 4.413655887934450073e-01 3.913302179771617761e-01 4.441270617103641460e-01 4.615319186198375001e-01 4.157815133047580991e-01 4.127586000925641541e-01 4.325564238693219710e-01 4.757077441635587656e-01 4.619833026675648768e-01 4.578208422052283399e-01 4.418811512712541578e-01 4.526888991915747895e-01 4.792660354998678485e-01 4.925738189019358559e-01 4.645689406867770099e-01 4.796499244809975249e-01 4.612650768481083574e-01 4.823330527630292353e-01 4.766933673824721440e-01 4.684938302525247233e-01 4.823353451372406342e-01 4.921192457261676645e-01 4.940598503859341406e-01 4.829844856192801461e-01 4.765493818824530492e-01 4.941049995107399950e-01 4.985739678773036809e-01 4.797002776082299746e-01 4.804654298453891470e-01 4.831030777632301376e-01 4.844863318180381295e-01 4.914640480593875371e-01 4.853118985765895732e-01 4.997477363661128602e-01 4.816334047145687247e-01 4.787216148066598120e-01 4.685021290596600996e-01 4.834326191480098900e-01 4.835564552621942069e-01 4.792717383935760078e-01 4.734488083008897563e-01 4.839073660023614498e-01 4.861705467588766094e-01 4.807644668462630611e-01 4.802640734351236729e-01 4.804742566198466625e-01 4.847548009048626705e-01 4.839655080114299568e-01 4.864039662474293757e-01 4.925926325553710572e-01 4.892101240688979114e-01 5.000879380790268502e-01 5.013338197462090529e-01 4.939109566282099961e-01 4.816875356134461827e-01 4.792757223334602190e-01 4.890186279475045028e-01 4.859985492809543728e-01 4.819208373479752505e-01 4.785976668295592318e-01 4.816781740603469086e-01 4.792697950189483413e-01 4.804820191095648951e-01 4.820206772073237222e-01 4.887016352760152893e-01 4.835163761493667667e-01 4.923948502868201738e-01 4.892174373271205856e-01 4.868750898715361042e-01 4.855687631545962946e-01 4.877922984087706415e-01 4.986109902094368329e-01 5.005375499113597915e-01 4.893479567823632581e-01 4.867195300936543179e-01 4.828254804947260670e-01 4.807279493665598258e-01 4.806902001921596335e-01 4.945901227591840144e-01 4.878760238585672093e-01 4.880582002532668495e-01 4.879010747972766238e-01 4.847433737141499943e-01 4.843009995214969110e-01 4.839912453797415304e-01 4.840353580040097636e-01 4.918493520232763982e-01 4.846491072858236104e-01 4.802225528855190162e-01 4.824880752606747203e-01 4.843676704374502706e-01 4.800190362160710600e-01 4.833887886560178648e-01 4.827182590864260159e-01 4.793235872357186622e-01 4.803711731597881118e-01 4.848325916163905847e-01 4.815339906574375162e-01
1.627821993002634762e-02 9.848318754155049870e-02 1.427236916737442962e-01 3.689790832639385787e-01 2.819602111119192678e-01 3.715624352331416413e-01 1.000000000000000000e+00 5.715995417023435055e-01 5.715911481853477305e-01 5.168784684327458745e-01 5.429536572941314754e-01 6.471689636246290567e-01 5.867418543108940954e-01 4.797626436899937730e-01 7.297419947726582201e-01 6.858422079124747439e-01 5.952541710044351175e-01 4.561078097915834406e-01 4.990677608241413377e-01 5.219298868838352368e-01 4.530004127721619644e-01 4.841671490582407089e-01 4.693975054815212045e-01 4.326474261454524295e-01 4.691780740910295733e-01 5.918342848314169791e-01 5.895017852328113817e-01 6.013532040262392631e-01 5.627078484323855267e-01 5.892856416060854308e-01 6.461525775779520808e-01 6.494584155346748711e-01 6.042172583920251139e-01 6.142568786586775076e-01 5.980511239227970233e-01 6.476943960646945886e-01 6.248218253561632629e-01 6.851311404238308311e-01 6.794272496877180600e-01 6.797917349544171373e-01 6.816127589413386589e-01 6.929840721812575710e-01 7.053360972367211934e-01 6.945224061209320787e-01 6.730081937001829440e-01 6.898570863347354143e-01 7.047477220088307348e-01 7.048879209815811508e-01 7.096511832358594063e-01 6.894596262133790843e-01 7.034759175810599841e-01 6.841414493649088380e-01 6.996452846397060998e-01 7.053126737406586466e-01 6.950036939867901831e-01 6.840128045505996512e-01 7.100649675231891500e-01 7.116510847040821153e-01 7.140727121601352367e-01 7.105479113458412765e-01 7.118682348789281411e-01 7.239256734006142002e-01 7.199943411248452829e-01 7.109282438825372807e-01 6.784822240057618581e-01 6.978359874870408985e-01 7.035526252104984390e-01 6.733761975593929305e-01 6.868786117906054978e-01 7.022798444332288836e-01 6.583473759622686661e-01 6.652942444022237334e-01 6.533222868140999839e-01 6.344923903908211704e-01 6.885283945347808743e-01 6.778707629716242966e-01 6.876007423171628385e-01 6.699025680230997759e-01 6.891060357134429770e-01 6.859780921493899841e-01 6.860571062657881969e-01 6.965753713825616478e-01 6.925165818009048069e-01 6.813317701967989137e-01 7.021563599136738665e-01 6.866449784332947504e-01 6.985265471548309790e-01 7.128586660482512105e-01 7.090199690397868126e-01 7.067618025579796015e-01 6.963976991687452767e-01 7.077876510767887597e-01 7.049865467212961256e-01 7.091832520608142287e-01 7.132674355216238604e-01 7.127747830498024628e-01 7.238395437462287196e-01 7.169861124953105236e-01 7.204725718856717087e-01 7.192038256278074915e-01 7.170429559416028331e-01 7.181056855154920315e-01 7.132285713765034174e-01 7.137283024121794384e-01 7.061213400427571729e-01 7.190824587707700388e-01 7.149277195651636552e-01 7.097086167358963582e-01 7.082746786846286779e-01 7.147739921438928112e-01 7.194018157053296836e-01 7.154930233630237835e-01 7.210815827562166991e-01 7.137363793131651368e-01 6.966992257754515139e-01 7.081291600043407852e-01
7.259721195439564935e-03 1.025165555103910164e-01 2.236594292181028065e-01 4.066424055557593120e-01 3.329613325429833792e-01 3.761198581341645419e-01 5.715995417023435055e-01 1.000000000000000000e+00 5.775111662342005125e-01 4.982551557409763965e-01 5.780262771615914952e-01 6.564017669272660394e-01 5.900202811619054133e-01 4.607091237810543860e-01 6.847144131857455518e-01 7.021157051008062311e-01 6.060317873074401174e-01 5.214769767563428582e-01 5.471264530798354286e-01 5.350736040218535550e-01 5.253343132728960363e-01 5.470015055450790920e-01 5.109201094464782544e-01 4.838005103821584885e-01 5.269202367591191427e-01 6.329926341045085669e-01 6.243715603936862424e-01 6.185113128896975176e-01 6.002914663844756138e-01 6.084786012337588534e-01 6.627801118814699022e-01 6.553515482828565775e-01 6.064343621852951172e-01 6.219563940328338703e-01 6.141855271829907981e-01 6.424537611446047292e-01 6.336895368216665103e-01 6.770894646595636557e-01 6.738540184505393826e-01 6.633633020667704105e-01 6.748447004958901818e-01 6.842395422208498168e-01 7.002355550619903113e-01 6.915693365856812047e-01 6.706361663203791457e-01 6.839385550415042481e-01 6.871881219389188722e-01 6.872001492269980139e-01 6.963778643902784893e-01 6.834713603626264566e-01 6.944528925150070808e-01 6.792765598777505964e-01 6.861203206242628694e-01 6.876077183762551170e-01 6.781150311169483746e-01 6.712996256253952465e-01 6.915521566588422875e-01 6.870027093570827414e-01 6.910878477498015870e-01 6.973279520604340753e-01 6.933548701949486803e-01 7.001064404252346218e-01 7.031108915280634974e-01 6.955736021689897797e-01 6.803487881564318496e-01 6.828506034863889296e-01 6.866035142136375224e-01 6.717801440471249386e-01 6.745942800337301204e-01 6.950778749048595051e-01 6.672702830177381639e-01 6.653920903024470590e-01 6.518310183010683767e-01 6.389699634245941118e-01 6.810710416292687919e-01 6.735866914427682817e-01 6.756165989072721034e-01 6.706543752778852951e-01 6.746717763550197366e-01 6.767138681700284319e-01 6.687841891967373220e-01 6.820025937333287214e-01 6.749759744156517138e-01 6.692930455959265057e-01 6.848027832491803135e-01 6.778043761063676786e-01 6.804121643168153932e-01 6.913226030015502399e-01 6.874272440381801186e-01 6.889781903271187113e-01 6.859741051434535830e-01 6.942508163152262268e-01 6.854942758917125234e-01 6.884292891254555347e-01 6.868130852685574439e-01 6.867643399284837358e-01 6.956447667021896653e-01 6.886823133817983056e-01 6.963610903414904074e-01 6.970104202519202818e-01 6.953505815617044838e-01 6.923644153670314161e-01 6.899508146071462455e-01 6.963429427329752563e-01 6.875732117389214970e-01 6.884080569969737162e-01 6.855798494894830286e-01 6.895009703367324105e-01 6.879274937574670901e-01 6.899551851862689711e-01 6.938104869181755952e-01 6.957717677660198996e-01 6.917653145910007684e-01 6.908092520343593890e-01 6.825108895215531435e-01 6.858020697268579768e-01
9.391397113047027234e-02 1.400725619979240888e-01 2.919237099928137513e-01 3.996940977929317462e-01 3.315920170459166760e-01 4.019677931244134417e-01 5.715911481853477305e-01 5.775111662342005125e-01 1.000000000000000000e+00 6.552507320703466753e-01 7.106209696069908377e-01 7.261090265774887698e-01 6.680219450240635348e-01 5.600500277977139563e-01 7.540848595959692702e-01 7.552860870970370399e-01 7.576416524076250436e-01 7.018388822605018396e-01 7.539481904954624669e-01 5.319939842282347398e-01 6.560541557308692262e-01 7.304359297621171310e-01 7.374502648186610498e-01 7.016356533821165309e-01 7.511161940234540868e-01 8.126027556011837794e-01 8.083772036888805523e-01 8.161355785411469332e-01 8.013531439001057022e-01 8.060416269370811460e-01 8.328108258347310944e-01 8.275368013734862860e-01 7.959021308065560296e-01 8.142525560012444652e-01 8.013764163057623957e-01 7.886060518124434759e-01 8.209672056405586948e-01 8.071791748320987780e-01 8.281051420382194994e-01 7.855405487683667642e-01 8.283841109848505413e-01 8.263995893820131888e-01 8.071808526525351413e-01 8.226247288391541623e-01 8.302414385222895987e-01 8.268449840319885835e-01 8.303856699537427444e-01 8.350412754192708675e-01 8.292323762411137889e-01 8.164700428860875991e-01 8.223481760078048541e-01 8.093115221763778067e-01 7.985771017725080689e-01 8.425348966990482413e-01 8.283674666570661760e-01 8.408646012915599322e-01 8.326401806431354968e-01 8.229952771141350043e-01 8.231260135053889426e-01 8.334915591496996345e-01 8.309719674842424020e-01 8.279363268046830981e-01 8.168267679567109418e-01 8.325073986674108584e-01 8.462271730237966860e-01 8.393626747397012755e-01 8.373376013547012553e-01 8.433903658505704781e-01 8.404017178174101321e-01 8.204649783191377832e-01 8.357947241513067338e-01 8.431947683034910490e-01 8.274679242109505006e-01 8.314046578503418994e-01 8.449956070488677806e-01 8.407897790797230764e-01 8.350993322689050924e-01 8.414455115221501913e-01 8.367586897390915102e-01 8.336528605708513062e-01 8.387797667141113633e-01 8.370929371635614791e-01 8.436577765194510636e-01 8.397121073326712093e-01 8.292121571274883030e-01 8.384030313220501851e-01 8.355843080384944832e-01 8.294026484573969737e-01 8.304449770943592712e-01 8.358838021251582262e-01 8.337850497664567317e-01 8.331855202263913629e-01 8.265278803701424648e-01 8.290100590092874810e-01 8.273300218042558551e-01 8.315523722790378880e-01 8.018127184729872958e-01 8.226231552890627130e-01 8.244798422602055421e-01 8.225774415855522381e-01 8.250601527278621505e-01 8.264478702267047394e-01 8.207643809198269524e-01 8.264379592032178312e-01 8.336090267159104172e-01 8.307876156129130329e-01 8.319420838538703622e-01 8.390673467508035221e-01 8.398715252672047660e-01 8.258677977360285860e-01 8.257855630438347694e-01 8.324397949699688937e-01 8.256237383127218443e-01 8.334812446101929062e-01 8.457891262175534219e-01 8.382191351564670656e-01
6.402922945282986389e-02 1.523435016791706287e-01 1.583653174808389852e-01 2.611118513649622330e-01 2.974882664919830666e-01 3.388367256901413382e-01 5.168784684327458745e-01 4.982551557409763965e-01 6.552507320703466753e-01 1.000000000000000000e+00 6.071604583822222123e-01 6.296806803097368954e-01 6.056391074346370029e-01 4.844664311179874838e-01 6.834970443431973575e-01 6.686879294858082412e-01 6.347728106477732446e-01 5.112873461030988942e-01 6.041971363479985424e-01 3.656612044555375141e-01 4.361684201550535822e-01 5.432066002020548012e-01 5.736724656169822634e-01 5.386463612177890825e-01 5.872689880564385678e-01 6.788754796487214138e-01 6.819909885496154844e-01 7.080643159606460069e-01 6.933575771433878598e-01 6.897589507560970556e-01 7.214224888218255805e-01 7.024891407058387882e-01 6.859083517973942890e-01 6.913401435180591692e-01 6.800629686423181886e-01 6.669689374583338548e-01 6.915292129596070092e-01 7.229171935397178395e-01 7.306940398579807594e-01 6.903394422678803544e-01 7.296392759081729018e-01 7.389474234446136158e-01 7.176263148144313986e-01 7.219013130489909669e-01 7.127396167253473580e-01 7.357462520115547466e-01 7.454798909244261251e-01 7.532717039660242753e-01 7.340748797178393570e-01 7.068497840729874859e-01 7.353004652143179110e-01 6.858553055313095781e-01 6.949201841225208787e-01 7.450832321572771200e-01 7.246974356153976782e-01 7.316450164232305431e-01 7.129414032398370127e-01 7.429403878433118447e-01 7.363858410992379921e-01 7.353123371639365136e-01 7.356523540611756840e-01 7.348313597650764084e-01 7.237463603157486824e-01 7.364775757396796463e-01 7.147753351202749128e-01 7.239364125519717197e-01 7.492629294380276361e-01 7.293202072342301889e-01 7.318939882611811276e-01 6.895993581070887224e-01 6.987252024665878691e-01 7.307069835659377732e-01 7.091861084970109141e-01 7.178439903468316619e-01 7.424293045677603509e-01 7.457319796482231311e-01 7.498670084751875020e-01 7.465150037576152586e-01 7.450119413314696404e-01 7.563994237131761444e-01 7.476704462215877367e-01 7.519361927583867455e-01 7.373283418525117261e-01 7.446203872189420814e-01 7.344209155980289117e-01 7.367186901736126892e-01 7.403991552168922574e-01 7.467926403539159042e-01 7.484047642712328141e-01 7.391722461790179999e-01 7.286990041429531884e-01 7.461774442474069513e-01 7.369854751442480589e-01 7.468599984683126358e-01 7.459275267567179180e-01 7.524309371363182564e-01 7.086144175461270844e-01 7.248873360116177000e-01 7.373910478445658834e-01 7.378039359229976446e-01 7.405798871923876536e-01 7.370257649454119431e-01 7.310530622876857398e-01 7.429518298119679454e-01 7.287321154484183161e-01 7.315630932606593806e-01 7.453356545598349703e-01 7.501103885347788491e-01 7.493567520366835044e-01 7.446102008170750741e-01 7.425492513485111301e-01 7.444104165517598792e-01 7.428908923846602175e-01 7.460045921124802693e-01 7.395524301791118749e-01 7.412889653578688121e-01
6.032567165902397166e-02 1.495253096438485252e-01 3.097318830147409718e-01 4.216697315531311441e-01 3.263745597601837578e-01 4.488533777191282548e-01 5.429536572941314754e-01 5.780262771615914952e-01 7.106209696069908377e-01 6.071604583822222123e-01 1.000000000000000000e+00 7.302141561552167870e-01 6.410918232901754443e-01 5.104284842456584537e-01 7.244216991551517548e-01 7.398637975372971409e-01 7.161019660100264028e-01 6.791755412178080986e-01 7.299383853785728071e-01 5.239936017155184533e-01 6.544366621178540067e-01 7.218495549752962370e-01 6.869044157156208863e-01 6.756690565549230421e-01 7.156946399819736904e-01 7.878017685181133434e-01 7.781504654883191208e-01 7.812275999831762574e-01 7.556539315992091277e-01 7.681295118908733066e-01 8.171213014371840888e-01 7.995092730861260710e-01 7.703723635778677581e-01 7.823343955354802315e-01 7.704913355187258395e-01 7.696304379127082429e-01 7.945899192457271942e-01 7.806867376361045219e-01 8.001910997216161725e-01 7.819104854099676594e-01 7.976629548807911974e-01 7.968183936592534433e-01 7.853130329738425841e-01 8.004247558490240610e-01 8.124076166702625112e-01 8.004226596947173755e-01 7.975974963307816967e-01 7.987249811519140374e-01 8.001646061744425165e-01 7.916559940766014769e-01 8.002620869460410624e-01 7.901093502537516189e-01 7.736368407995017904e-01 7.996306068289040780e-01 7.890158599124599270e-01 8.026271131185833685e-01 7.881117920778214492e-01 7.917860914397540917e-01 7.895625942066762937e-01 7.977018208164234903e-01 7.984940490965685145e-01 7.944147638252481158e-01 7.885013984060965653e-01 7.982437341963017907e-01 8.047198170938780759e-01 8.013040788345132670e-01 8.016983296834294670e-01 8.099068850546230491e-01 8.050738053758689228e-01 7.975855249795519297e-01 8.112104922949725516e-01 8.148739755753054981e-01 7.973447889508074038e-01 7.999823947618803777e-01 8.158817155193677229e-01 8.140103438543708769e-01 8.054738270730281702e-01 8.072543078747488332e-01 8.033389812768809701e-01 8.032187451115176957e-01 8.051603285075056293e-01 8.054126126670873020e-01 8.071569055558700523e-01 8.083333680738413740e-01 8.050295190173021309e-01 8.105440076434965446e-01 8.080909146387679209e-01 8.043886479727742067e-01 8.027712870048040461e-01 8.099872062716153565e-01 8.176682191287231172e-01 8.071785193645172329e-01 8.013726595925381169e-01 7.993801970775530341e-01 7.967255122059141437e-01 7.985324010307189857e-01 7.884137245646527514e-01 7.943372998989036704e-01 7.986757588416479869e-01 7.976913250211119522e-01 7.973325759293524717e-01 7.967500969921107457e-01 7.953339907312287904e-01 8.003836859790025571e-01 8.038492933111320848e-01 7.972164848159963846e-01 7.976167736320479706e-01 8.026856522837202412e-01 8.078733426018904762e-01 7.968703430955583755e-01 7.975062466251069404e-01 8.008276450366104138e-01 7.950171312319953554e-01 7.989531465890068462e-01 8.088325272820063860e-01 8.001145877385925642e-01
1.321056272316142692e-02 9.631061424831803552e-02 2.944864415497741028e-01 4.985939762209893322e-01 3.435797222381244409e-01 4.459113230453369270e-01 6.471689636246290567e-01 6.564017669272660394e-01 7.261090265774887698e-01 6.296806803097368954e-01 7.302141561552167870e-01 1.000000000000000000e+00 6.973368208209863583e-01 5.891686466661147925e-01 8.159890226925059498e-01 8.306510004560776483e-01 7.325592732348751301e-01 6.785505766185740972e-01 6.969766637345424787e-01 6.896255237093477097e-01 6.946725135380656946e-01 7.197213463167354552e-01 6.812156994093017115e-01 6.515942422520446531e-01 6.741948961333530388e-01 7.920967973072646773e-01 7.867354384410726320e-01 7.897873913413672176e-01 7.472336388335208968e-01 7.704137592836709514e-01 8.418479218812888742e-01 8.359980449126619417e-01 7.797829357733236932e-01 7.985380818313225770e-01 7.827798884001638813e-01 8.255631812520547452e-01 8.172843491479082623e-01 8.346786799560257375e-01 8.449534319933461601e-01 8.510601416170127109e-01 8.542744285623724565e-01 8.557898297211415928e-01 8.597818251642185272e-01 8.657497983911687234e-01 8.552901403458013085e-01 8.525453935647155923e-01 8.606426378426597079e-01 8.592372546272013523e-01 8.673971199789662911e-01 8.585947784945906491e-01 8.636751643671907175e-01 8.518103676423537385e-01 8.642161753058991147e-01 8.587123537437770793e-01 8.425263492742109950e-01 8.511081929520055711e-01 8.701796190859494295e-01 8.618592922503516274e-01 8.620167963800023925e-01 8.680165424393381235e-01 8.728074943292313259e-01 8.706519877880599667e-01 8.694540898981707455e-01 8.692714045036242787e-01 8.523857287391184423e-01 8.671331038735814456e-01 8.630238338892436412e-01 8.493287346580150610e-01 8.553944133853281784e-01 8.818443919331946379e-01 8.613717537055962659e-01 8.508498281857185264e-01 8.332977445814423456e-01 8.198868856825831664e-01 8.597549592406658059e-01 8.542888739619778349e-01 8.527015337964231056e-01 8.386552274391472217e-01 8.530229014407200161e-01 8.441128571189187024e-01 8.485169982117478638e-01 8.590228429800125243e-01 8.625906906619688064e-01 8.479715202268166552e-01 8.650732872605765289e-01 8.548665892898880125e-01 8.639531002493247014e-01 8.683762984697229736e-01 8.622274198033411663e-01 8.716161473351432543e-01 8.701727415153930334e-01 8.691202490307290418e-01 8.697521716640409517e-01 8.681687262653807746e-01 8.648832725175416014e-01 8.639933658479919121e-01 8.761793727090537720e-01 8.752127294850963191e-01 8.730792382233222293e-01 8.711363529484221768e-01 8.710668947417167240e-01 8.734670021650999816e-01 8.704936336246106299e-01 8.729617474750576145e-01 8.738973892441324054e-01 8.719976481529742030e-01 8.668467017364251959e-01 8.623296604234809148e-01 8.639378112599910287e-01 8.658785849854337968e-01 8.730850376627787846e-01 8.704735270920810342e-01 8.690085826212642361e-01 8.688721820569388354e-01 8.639908252511532272e-01 8.705663959444281952e-01
1.771880479009373469e-02 1.176535211073136689e-01 1.915590943707570215e-01 3.719315650417553965e-01 3.849465038404071837e-01 3.841618246244366541e-01 5.867418543108940954e-01 5.900202811619054133e-01 6.680219450240635348e-01 6.056391074346370029e-01 6.410918232901754443e-01 6.973368208209863583e-01 1.000000000000000000e+00 5.421622476719983874e-01 7.539010917691154612e-01 7.588357812791962642e-01 6.579425461513874751e-01 5.556240413210248308e-01 6.276223676935031026e-01 4.863925437887989256e-01 5.251832392498752000e-01 6.080245775486807780e-01 6.022998857452288579e-01 5.772411816041685961e-01 6.191206972474334602e-01 7.189648967285926506e-01 7.179391410575611809e-01 7.316743254141102604e-01 7.029841034403080391e-01 7.254435569400932149e-01 7.675780940825482901e-01 7.497246372842242268e-01 7.193781565857052529e-01 7.192676218697828805e-01 7.289304401278854373e-01 7.147627729051428958e-01 7.356058738162308819e-01 7.648251695680428064e-01 7.768534889482827666e-01 7.450992811922085846e-01 7.837049628167843673e-01 7.893727042677067818e-01 7.856038889394861835e-01 7.922908871919467355e-01 7.655800937932067951e-01 7.835353314153230553e-01 7.969727314662360396e-01 7.960969351188029730e-01 7.903908450549944620e-01 7.649040654315206744e-01 7.848924728039680110e-01 7.545340241632659817e-01 7.700666130257401987e-01 7.898289621416705319e-01 7.696612336760991768e-01 7.684998527416734282e-01 7.733831322281926601e-01 7.899078324807194962e-01 7.861157669843271689e-01 8.006136828911323278e-01 7.937782050473386475e-01 7.945031898486667465e-01 7.885491106076677470e-01 7.900351954578223035e-01 7.747471778088825811e-01 7.799354843565532436e-01 7.917146497740376043e-01 7.770754222509960174e-01 7.864918421269039284e-01 7.658667025813762352e-01 7.645426192069418869e-01 7.811106087118659946e-01 7.623595097446944635e-01 7.597715951275951785e-01 7.912707164794389181e-01 7.894684132401575960e-01 7.926744851823179783e-01 7.836339201606996596e-01 7.895333583830133062e-01 7.950048170281941440e-01 7.891068146171199560e-01 7.992665698047352052e-01 7.856324131086683815e-01 7.865944939819335957e-01 7.874814445245877925e-01 7.836537405865284800e-01 7.915938034756666575e-01 7.947678728937235260e-01 7.977342908268338917e-01 7.877642870160174171e-01 7.865113918795597625e-01 7.996109839545781917e-01 7.942741267277864115e-01 7.995740300001880074e-01 7.996023854921805452e-01 8.004231496207889762e-01 7.770984294554094118e-01 7.833506895814388304e-01 7.945209749353372430e-01 7.956845923778816942e-01 7.995228887890892810e-01 7.928798190389783063e-01 7.937511763159337264e-01 8.011212431681048463e-01 7.876574577479575900e-01 7.862347142856442872e-01 7.959421309719402204e-01 7.966864320357786022e-01 7.950822419674633545e-01 7.969387544767405629e-01 7.954517599784963755e-01 8.009906760053281394e-01 7.979680213933346700e-01 7.979050222371079082e-01 7.917477674868856896e-01 7.936997876881821679e-01
