1.000000000000000000e+00 2.218439396364830785e-01 2.020859604448010105e-01 -1.015802086162088773e-02 7.379905500130090612e-02 7.244607275130927502e-04 1.070568680648817383e-01 9.805999520445241036e-02 2.470513823925715724e-01 8.745704155683595160e-02 1.346364907714077963e-01 2.561999629424269523e-02 4.912980929543622061e-02 1.288080615734604230e-02 4.183479101215422519e-02 6.724295902941117287e-02 1.287458162266618134e-01 2.707503394000602137e-01 2.226316344099673605e-01 5.653953018620284932e-02 1.872698810524609514e-01 2.046380818977512617e-01 2.260348340383716015e-01 2.411320726085914579e-01 2.519468196821342820e-01 1.851450551347521567e-01 1.591925835085451213e-01 1.526080142365186243e-01 1.268510651252156007e-01 1.579034494892267160e-01 1.335117393400595265e-01 1.270130742509595068e-01 1.323695665983772585e-01 1.138609898739700310e-01 1.653380425876576909e-01 8.079708138857741306e-02 9.119800198483449249e-02 5.465395326464269482e-02 9.027944856619984915e-02 2.682974759993934227e-02 4.931069573291092800e-02 4.896117149511095001e-02 3.406165067866040452e-02 3.425081559739017595e-02 7.084863951559387807e-02 5.344816682258019674e-02 1.575715369626559280e-03 2.982327979393199074e-02 3.830290198570214522e-02 5.166808435935124622e-02 4.622423480071814056e-02 3.946626131777124930e-02 4.745485420707995505e-02 1.034935765098334570e-01 1.072017380397437686e-01 1.063499894697237380e-01 1.067343251441453256e-01 4.267316364027023273e-02 5.473709832020311195e-02 5.208879249273527801e-02 2.210966200574242257e-02 4.413689384765853013e-02 4.883797066422387173e-02 3.559758273083016983e-02 7.330495008181052430e-02 6.248633642537829158e-02 3.386306263951130435e-02 8.386211870217902264e-02 8.057327894159575787e-02 3.824073949854543686e-02 7.387193569619129874e-02 8.477048476615503536e-02 9.382874915605413091e-02 1.161155736882464595e-01 7.007434638798976101e-02 7.050025415450714150e-02 4.683860720781944653e-02 5.047095247916542210e-02 3.983375395745412245e-02 7.225242852836549767e-02 7.885457071518399419e-02 4.904836348565967674e-02 8.082830561216482190e-02 7.865306403551527992e-02 3.601300479600810095e-02 6.253423057123892737e-02 4.716160222190703827e-02 3.236628112594228807e-02 3.201530868400530305e-02 8.164123415399594796e-02 3.748896484356502301e-02 2.485690975246955883e-02 3.048660714317937351e-02 2.142405951938931852e-02 7.135929401469480113e-03 2.161899600768275517e-02 1.770143375591966967e-02 5.832761830838192885e-02 2.292157734002248440e-02 1.776573501071811167e-02 1.951226813259327938e-02 4.264541047807524077e-02 8.080682940619582713e-03 2.515053801472879463e-02 3.587264018848423247e-02 6.294457947558593225e-02 4.137003966850327091e-02 4.362104367145012984e-02 5.852971407252082620e-02 1.688895625151240823e-02 3.923070526031854216e-02 3.951334649266667609e-02 3.351197196665696432e-02 3.505028814581716279e-02 5.695571582862715004e-02 4.028728406728169370e-02
2.218439396364830785e-01 1.000000000000000000e+00 8.855863501576217989e-02 1.815780973836050513e-02 7.581643059354579994e-02 6.285382785293536223e-02 1.730307358412147278e-01 1.436187985250129140e-01 2.167179424673076338e-01 1.790563076171371448e-01 1.902266011388705214e-01 1.219992474262747428e-01 1.201857694942968097e-01 1.375047783596292927e-01 1.656314873010504007e-01 1.519020930903958733e-01 1.740378486738107244e-01 2.238857994770842574e-01 2.133464811941199746e-01 9.173422884863428883e-02 1.378420895550766800e-01 1.888262293076902465e-01 2.005369098866829902e-01 1.994660987862195423e-01 2.305598773599172036e-01 2.114728131333545591e-01 1.891412538531170306e-01 2.015899305356611548e-01 1.741237318169103487e-01 2.295859041604427775e-01 1.984629303699177727e-01 1.941666856938546182e-01 1.966932751516348166e-01 1.931510910670430903e-01 2.023656105023892426e-01 1.594078773171221930e-01 1.755214777169935014e-01 1.911481954114453430e-01 1.880392495457000324e-01 1.417954970168509854e-01 1.669620744336170193e-01 1.658440563634490383e-01 1.466078140754247527e-01 1.517480133144026855e-01 1.665414719197156335e-01 1.703701919530271613e-01 1.388744005369444423e-01 1.608178480731792537e-01 1.575278972036251168e-01 1.517124363299330869e-01 1.611230570968182341e-01 1.191056648699122394e-01 1.464036667897320176e-01 1.865129854520841957e-01 1.879400106500452305e-01 1.745036729478270099e-01 1.678969902826293048e-01 1.585919860512476354e-01 1.695247280823737879e-01 1.586507334832723548e-01 1.428288304709456058e-01 1.615375751753855560e-01 1.619354595313917400e-01 1.552603965619093473e-01 1.672601410543970157e-01 1.526568013515635092e-01 1.566635463147512397e-01 1.780937622616474425e-01 1.818277404701212630e-01 1.392423084420015000e-01 1.658653332972205297e-01 1.787568550503471909e-01 1.767824311532920079e-01 1.887661987373541739e-01 1.774099239926989757e-01 1.727106942426021308e-01 1.660894386045528304e-01 1.629818348700813602e-01 1.714265672353274261e-01 1.862124884052892837e-01 1.791927091781934933e-01 1.659679513591019173e-01 1.724967305983864385e-01 1.823334558046393328e-01 1.616578110096918153e-01 1.733805035847647003e-01 1.621615315148740577e-01 1.675624685846473783e-01 1.660532029447132629e-01 1.731062357552825282e-01 1.642362173379358081e-01 1.550214982159889010e-01 1.555539285114893033e-01 1.598637011160573551e-01 1.470354337316842619e-01 1.571068348804826875e-01 1.387880408030059964e-01 1.479216308089663645e-01 1.520315306824665536e-01 1.533373225506938220e-01 1.481211192138550958e-01 1.561988030801167715e-01 1.446391993583439062e-01 1.468025261716480456e-01 1.494431811223265183e-01 1.559095606398521738e-01 1.639799804365202895e-01 1.682825932869872476e-01 1.702208597000323675e-01 1.477251131423599484e-01 1.644697891329044703e-01 1.562489297276793421e-01 1.579283534587504756e-01 1.524299864230166390e-01 1.616766558113441055e-01 1.518195598808761426e-01
2.020859604448010105e-01 8.855863501576217989e-02 1.000000000000000000e+00 4.121144944603736815e-01 2.563302203420263492e-01 2.286999765928043604e-01 4.034343111811495852e-01 3.988655416137142362e-01 3.876672379495578746e-01 2.761246559314698978e-01 4.329435152353826588e-01 4.318841907266675606e-01 3.675040116333490592e-01 3.259101992762600264e-01 3.841311134067313948e-01 4.095517357440700001e-01 3.427918674735936921e-01 4.249959829234578046e-01 4.158757289288156356e-01 3.990113367610822470e-01 4.672554574717017739e-01 4.370005959165781384e-01 4.280056360366261692e-01 4.422243592654885869e-01 4.107160155642088362e-01 4.244408011751185095e-01 4.391307244089889816e-01 4.523970077245963450e-01 3.876713812182474572e-01 3.988496638320395693e-01 4.266975263850311118e-01 4.219200234590411713e-01 4.214497733299635285e-01 4.121446120166439853e-01 4.178473876366585182e-01 3.898193515605788972e-01 4.141204678748052204e-01 3.645951584025711734e-01 3.966968177519239469e-01 4.151536781407080823e-01 3.787206650581382283e-01 3.928058326752619234e-01 3.915807437033787530e-01 3.799470879372728871e-01 3.927889618176317876e-01 3.776566508839833691e-01 3.283347241998939570e-01 3.345903252867946098e-01 3.598251998170503563e-01 3.738282305912421499e-01 3.605700176840321292e-01 3.962913522473761607e-01 3.819442013929771340e-01 3.702036392064014247e-01 3.856329528863613465e-01 3.912936386409435197e-01 3.908451973910379573e-01 3.670154066902164280e-01 3.598001213287003730e-01 3.625067108885858258e-01 3.563034743224922640e-01 3.577761369002571135e-01 3.526414767238033598e-01 3.492040627962527677e-01 3.596785730576844697e-01 3.766895578843689751e-01 3.431204243484267113e-01 3.837828670184934010e-01 3.870505851862017233e-01 4.069596132976651126e-01 3.968909382831330435e-01 3.738645792665580836e-01 4.057551759998895835e-01 4.058847523132791957e-01 3.865085935670796724e-01 3.897340571671656373e-01 3.781817708369932252e-01 3.745098123934378909e-01 3.595547080060393363e-01 3.610663698032419711e-01 3.916262393892033788e-01 3.799204951208354220e-01 3.784995056265192948e-01 3.761831831721691444e-01 3.596155938394037799e-01 3.682380112169809094e-01 3.738146144878194965e-01 3.566178131353646141e-01 3.581336841862357567e-01 3.587755269396467606e-01 3.816576328336983015e-01 3.640185507603693194e-01 3.653630086089247331e-01 3.612931233156034816e-01 3.312951449145629668e-01 3.375478894574387434e-01 3.675843464679180994e-01 3.667189415467583813e-01 3.511198603923961770e-01 3.569546918674710856e-01 3.630773918650209153e-01 3.535718277558398959e-01 3.531095479459944175e-01 3.604774684038804522e-01 3.663256233434828979e-01 3.574132291464998668e-01 3.489170052380768383e-01 3.436416767165922925e-01 3.559460602136094165e-01 3.449330035295619101e-01 3.485993263659688535e-01 3.494566407816381282e-01 3.484513971142973454e-01 3.484294750757338521e-01 3.554391142435298634e-01 3.587106665276081352e-01
-1.015802086162088773e-02 1.815780973836050513e-02 4.121144944603736815e-01 1.000000000000000000e+00 3.502777497967481390e-01 3.617051621004416240e-01 5.897064429656576623e-01 5.846772172481743413e-01 4.168705293665959100e-01 3.690617716943279669e-01 5.565030922035710814e-01 6.666907155223777970e-01 5.420853928462417981e-01 4.867565452886382094e-01 5.754165999819174093e-01 5.902980488463116515e-01 4.168282271840937359e-01 3.959768483148166651e-01 4.299495131574453954e-01 6.253250720845149324e-01 5.887240765675447740e-01 4.987921318056939279e-01 4.092549382880028008e-01 4.551056701425915119e-01 4.015463883456382721e-01 4.837607372594908695e-01 5.227605437621813955e-01 5.212872922288255273e-01 4.360835561527631188e-01 4.348737579431675715e-01 5.229420510182725135e-01 5.071834562398869206e-01 4.812779666497326581e-01 4.777942522401412706e-01 4.372616030547151755e-01 4.992966230703619335e-01 5.308729526501041462e-01 4.984242779526952827e-01 5.110903259571470958e-01 5.961476053385864615e-01 5.361858642428082300e-01 5.513975160306935352e-01 5.627737617350181409e-01 5.412038938741557947e-01 5.198413753452770791e-01 5.305630621826240567e-01 5.109028743619175028e-01 4.837795695246777106e-01 5.095678870120217141e-01 5.338016949568775704e-01 5.189846994454405671e-01 5.888565239884612224e-01 5.426594119788727966e-01 4.685704756962793538e-01 4.865684924099050734e-01 4.876450932039838593e-01 4.922886936673078195e-01 5.153767438966176950e-01 4.810069654779713932e-01 5.058609248462215824e-01 5.321873986504944698e-01 4.864984313932629312e-01 4.976966250564093808e-01 4.945936483127738592e-01 4.990674344492623815e-01 5.211045780282839157e-01 4.928290287478941378e-01 5.025464505307181140e-01 5.056179311447095426e-01 6.159526249677657050e-01 5.389928081401367255e-01 4.923967572582799157e-01 5.325152053886071934e-01 5.086740569258814126e-01 5.190536000363786817e-01 5.197969765547504339e-01 5.268076070556945156e-01 4.988896490687376173e-01 5.014874536607453193e-01 4.685247792245116893e-01 5.147689441180992587e-01 5.197707630654305744e-01 4.994395898290090452e-01 4.815818054957639038e-01 5.181026261204880745e-01 4.928913301063554964e-01 5.106837184062719137e-01 5.116897936928056501e-01 5.080913091598563414e-01 4.836609451170790219e-01 5.442626369764654859e-01 5.315638427615259065e-01 5.169177905853437061e-01 5.302235566287563095e-01 5.016342489052751930e-01 4.900349241418826551e-01 5.457925353327222062e-01 5.242019271682188952e-01 5.180452323167366036e-01 5.349533556259084000e-01 5.343504134426921848e-01 5.049135489849067016e-01 5.332142172952962778e-01 5.306105034053046898e-01 5.291466090799482602e-01 4.960689587475470841e-01 5.000589602546813284e-01 4.809796244823455469e-01 4.902256028978647651e-01 5.122428707802935133e-01 5.029005651717959324e-01 5.035258217566614958e-01 4.965293592935272060e-01 5.038432916104371717e-01 5.033002931543935077e-01 5.147898706044253814e-01
7.379905500130090612e-02 7.581643059354579994e-02 2.563302203420263492e-01 3.502777497967481390e-01 1.000000000000000000e+00 3.327909180434284186e-01 4.817606179943756395e-01 4.785247405136974774e-01 4.063755014259131104e-01 3.608831258780103579e-01 4.581760099721288171e-01 4.742760839362185621e-01 4.545400084004715402e-01 4.119244062698876885e-01 4.978723273974833829e-01 4.946764138758301677e-01 4.132442110825172432e-01 3.709900138008848103e-01 4.036287810549237243e-01 4.060506389449920484e-01 4.251736958159067492e-01 4.314063137757418454e-01 3.987864535093084140e-01 3.873591909288098822e-01 3.881633659028624339e-01 4.765997710142555466e-01 4.692667482338849227e-01 4.479207839454987239e-01 4.242973790963156522e-01 4.399530107106348065e-01 4.564334303510765301e-01 4.575750051121586504e-01 4.062059923380813009e-01 4.387468315972505306e-01 4.206482093442047154e-01 4.355454425609063263e-01 4.549734094771474835e-01 4.557999905446354361e-01 4.498348657732977318e-01 4.496612372021809856e-01 4.800966578425985842e-01 4.767398286624913717e-01 4.735949875107493545e-01 4.731555959356281149e-01 4.630412231910688847e-01 4.581334765044015045e-01 4.538388955798982605e-01 4.517077520107451449e-01 4.636654804467206792e-01 4.640397890187532570e-01 4.667212990259214100e-01 4.759215552391213300e-01 4.780573027947810916e-01 4.589345182555386593e-01 4.792942831903305168e-01 4.761145974701245231e-01 4.600225883172385788e-01 4.713699194738447673e-01 4.558826209094334891e-01 4.623210025480551377e-01 4.742730414185852839e-01 4.512477982423471756e-01 4.590898461777688233e-01 4.531139427941185960e-01 4.548383522691655245e-01 4.737911976232070943e-01 4.561375900270199790e-01 4.633702253231639645e-01 4.631726166933590738e-01 4.898514374709515007e-01 4.670831677409904015e-01 4.571278533148229739e-01 4.611078689489415683e-01 4.616893951949732067e-01 4.820730063944327348e-01 4.716661960691625466e-01 4.676296707716498524e-01 4.671768588318437332e-01 4.622978633901811962e-01 4.591955098631421150e-01 4.674376305982927415e-01 4.644963705099407481e-01 4.668288475894088463e-01 4.538549267625215933e-01 4.623042431330131041e-01 4.531386790780374541e-01 4.586071099490226510e-01 4.703937219139265324e-01 4.583161111224948736e-01 4.720755956000383669e-01 4.671191501790170619e-01 4.755979381021331887e-01 4.658737504022708031e-01 4.692013212114516385e-01 4.583948268580199659e-01 4.574796049820097910e-01 4.792918536949129504e-01 4.778612013240381984e-01 4.738274186883839612e-01 4.778511183278426611e-01 4.733045435209281560e-01 4.685380516700864972e-01 4.715365334079885118e-01 4.744204753673088582e-01 4.711536689654429177e-01 4.705424281568564293e-01 4.646122947478177889e-01 4.629628064733081194e-01 4.711646719083419921e-01 4.705084863018195729e-01 4.699237665526445618e-01 4.647718975837038524e-01 4.612488354947795188e-01 4.624789899589116238e-01 4.577492646705484947e-01 4.703186723462459695e-01
7.244607275130927502e-04 6.285382785293536223e-02 2.286999765928043604e-01 3.617051621004416240e-01 3.327909180434284186e-01 1.000000000000000000e+00 4.924712362744406713e-01 4.505652267073288475e-01 4.860013809410543839e-01 4.774027227324753597e-01 5.106939975838415968e-01 5.345973800402145093e-01 5.133284867366721960e-01 5.361769535684837162e-01 5.687570187502254404e-01 5.352318020945631138e-01 5.056157487111992976e-01 4.404873293845860127e-01 4.811572936106665033e-01 4.027860058004014143e-01 4.594765790614516732e-01 4.970922404875614542e-01 4.641849815378346067e-01 4.460781970392113105e-01 4.747790070102129723e-01 5.147951067264363578e-01 5.311511078810057240e-01 5.365279184033011628e-01 4.767009931774754405e-01 5.150225750309277428e-01 5.526099005930892316e-01 5.491560259784734610e-01 5.153863779704750403e-01 5.282111834020871699e-01 5.113474197151111067e-01 5.415406079268378914e-01 5.662641787710339658e-01 5.590292037808409775e-01 5.604966240232251984e-01 5.483128454472721014e-01 5.825285258781881526e-01 5.769406269728263315e-01 5.822727776822906876e-01 5.803141299683381993e-01 5.738358080536705152e-01 5.801048347868636990e-01 5.767233562207118025e-01 5.748559617869155591e-01 5.672488244633836496e-01 5.417408438761907030e-01 5.520520081910570420e-01 5.438189739100208753e-01 5.693195556226714471e-01 5.562414804395152679e-01 5.570051267635148795e-01 5.491035083376982762e-01 5.268781497440235828e-01 5.650759287809357101e-01 5.432491545145451406e-01 5.672005703523153031e-01 5.680468411539528750e-01 5.522989162830465038e-01 5.471802578451061549e-01 5.528716674053607560e-01 5.649858772734563939e-01 5.586846562660506832e-01 5.792618940149210083e-01 5.732420321078176562e-01 5.765997644115072873e-01 5.734420918727640704e-01 5.763258860802839001e-01 5.708621890584419933e-01 5.655111833785229081e-01 5.661315093176417790e-01 5.823832681265755928e-01 5.782932484966252229e-01 5.814796681542767631e-01 5.627583137916666312e-01 5.716548751247744198e-01 5.664437628760647936e-01 5.806948420075697115e-01 5.815918857564909006e-01 5.730112890466938502e-01 5.697669492972204930e-01 5.729254578470478476e-01 5.697618289790865598e-01 5.793884505607947988e-01 5.790965099806295591e-01 5.815552687554660372e-01 5.693513130139817857e-01 5.852116035545762429e-01 5.859367046011539903e-01 5.844822391878887746e-01 5.868679923476726179e-01 5.790169462157574998e-01 5.777287504329481349e-01 5.689633326336446251e-01 5.572265270011065308e-01 5.712699998957627701e-01 5.773024666766003454e-01 5.832748605450159829e-01 5.687946404243653387e-01 5.770441773660350826e-01 5.794419055421506926e-01 5.772901816267606012e-01 5.577711176419903882e-01 5.703727689429122227e-01 5.794313557073118570e-01 5.764837014129611248e-01 5.734749271562595840e-01 5.749023791466313371e-01 5.755368004968266504e-01 5.706876672454717081e-01 5.716602671161965521e-01 5.685927703763586916e-01 5.722398550040623810e-01
1.070568680648817383e-01 1.730307358412147278e-01 4.034343111811495852e-01 5.897064429656576623e-01 4.817606179943756395e-01 4.924712362744406713e-01 1.000000000000000000e+00 7.144548193183744011e-01 6.743086196823973033e-01 6.115014620462548844e-01 7.617993157675322369e-01 7.876047313123194504e-01 7.200733081425649829e-01 6.899931425046023081e-01 8.274646037365838147e-01 7.893461800273569029e-01 6.768619425409172496e-01 6.554016652759775408e-01 7.001951898257768869e-01 6.408112207899692159e-01 7.128306990699894152e-01 7.320441070882853785e-01 6.860743181765275311e-01 6.786727769166180924e-01 6.895771583164834739e-01 7.709714503966865751e-01 7.688703627912262251e-01 7.809778850277599993e-01 6.847080929236976088e-01 7.243045648321412289e-01 7.808885857984949608e-01 7.710215249437013529e-01 7.302080783044515577e-01 7.481959609310173676e-01 7.148944539208771376e-01 7.511890752413357131e-01 7.715378122483408374e-01 7.724681709435746724e-01 7.818826729001782105e-01 7.906737082749994983e-01 7.878429357972138725e-01 7.966325751813475575e-01 7.991967267147095377e-01 7.837826372139571340e-01 7.793937061673087419e-01 7.873645309616733590e-01 7.518876533371817716e-01 7.445986560739746851e-01 7.607211319075735112e-01 7.642745229171680199e-01 7.656186905992462544e-01 7.775914481273015211e-01 7.727862791456469038e-01 7.526658681515725480e-01 7.692254572129605394e-01 7.692086584945442285e-01 7.470885638375783788e-01 7.645925966289461861e-01 7.417747495618088882e-01 7.548451049658251311e-01 7.713298157619519202e-01 7.436675273078742210e-01 7.529389977162155301e-01 7.426844228553408644e-01 7.533388218095415922e-01 7.619943512592393109e-01 7.528114455426434537e-01 7.759363539639396734e-01 7.759204419356595661e-01 8.001149933018768534e-01 7.867736303130197228e-01 7.678047428240135641e-01 7.808977945195723080e-01 7.850245139052274279e-01 7.906793681807908758e-01 7.819503431960104223e-01 7.861406120150080667e-01 7.611137801591421059e-01 7.717671611890237759e-01 7.550444684582038324e-01 7.822158436206548826e-01 7.755430036879001898e-01 7.710874299166154966e-01 7.606887251760768853e-01 7.742328127856996645e-01 7.636601930321785803e-01 7.683252279568113519e-01 7.731619129039219995e-01 7.707072164568480321e-01 7.643607108998581312e-01 7.915609656200450761e-01 7.849493886523700725e-01 7.757807180337060737e-01 7.805862999398238689e-01 7.530803220926302055e-01 7.532671059291697890e-01 7.739397265092980982e-01 7.601248267521329982e-01 7.653409998722386920e-01 7.781966012059358118e-01 7.814001771527266937e-01 7.564893742427341028e-01 7.696626761195342059e-01 7.717009802032962495e-01 7.753291296684498013e-01 7.473308560491245256e-01 7.582838116141493723e-01 7.596189461913810392e-01 7.662387357038250579e-01 7.576184465458205564e-01 7.630669519754835761e-01 7.574779221918607197e-01 7.528583112717586179e-01 7.569880163015704211e-01 7.583872172770881326e-01 7.627999708261471445e-01
9.805999520445241036e-02 1.436187985250129140e-01 3.988655416137142362e-01 5.846772172481743413e-01 4.785247405136974774e-01 4.505652267073288475e-01 7.144548193183744011e-01 1.000000000000000000e+00 6.440691826171096590e-01 5.648949494360436807e-01 7.133063651789988135e-01 7.526275414365020122e-01 7.011107979475623697e-01 6.444832757111780275e-01 7.565048482571250510e-01 7.846082973997103860e-01 6.256929264565191939e-01 6.149628910616582456e-01 6.588365158394031695e-01 6.807150940096642344e-01 6.980427090734311335e-01 7.034444776242180231e-01 6.508686981168255725e-01 6.564701252951165023e-01 6.340196085432147077e-01 7.021580470388575357e-01 7.198944891501304344e-01 6.973042133847715540e-01 6.559866871003671163e-01 6.787502694705483952e-01 7.186084449755633097e-01 7.199484927582070481e-01 6.328829927471401051e-01 7.031661651259291101e-01 6.539639576253402087e-01 7.000953432707326396e-01 7.041527627876736917e-01 7.181973235056290372e-01 7.197276128837153397e-01 7.230108638711575386e-01 7.322092067473644494e-01 7.415687279416680600e-01 7.462417517647483844e-01 7.328093226640792768e-01 7.243908088710977466e-01 7.277874441423013430e-01 6.990811609103119162e-01 6.961301620810702584e-01 7.255368736169545141e-01 7.306586138786997919e-01 7.311554468857888178e-01 7.522049107255850409e-01 7.363044576946583541e-01 7.087538418615729752e-01 7.352298492348610104e-01 7.381159511319788091e-01 7.287871552411199216e-01 7.306711234243542519e-01 7.154871274759068145e-01 7.131704504792348853e-01 7.346800433628003502e-01 7.102019277753977011e-01 7.252046975165012954e-01 7.137060361384355289e-01 7.090115369147701463e-01 7.334936830700419241e-01 7.014349289033119383e-01 7.241624322620864307e-01 7.242977943429347309e-01 7.712030619317441493e-01 7.331785299718628357e-01 7.135627743937804635e-01 7.378899554340613287e-01 7.278485970026302709e-01 7.325244127666820093e-01 7.272615309634029579e-01 7.269184852566380473e-01 7.179416042960774513e-01 7.218083385556333109e-01 7.063911037294574591e-01 7.262838016560058119e-01 7.219983374812777299e-01 7.272441450841096167e-01 7.034118978994979843e-01 7.244093453748909894e-01 7.161019097361773778e-01 7.103302030026198421e-01 7.234702757189196420e-01 7.128257449228756482e-01 7.190783372060461920e-01 7.252853131647948315e-01 7.318069365720029085e-01 7.224661045233576884e-01 7.267599626432961202e-01 7.046480325051045490e-01 7.030451438210405524e-01 7.430825290398391791e-01 7.348921637887126934e-01 7.271316592824969005e-01 7.374035271023270388e-01 7.351053579635482560e-01 7.236090868662905518e-01 7.249453074639325978e-01 7.323013784739822452e-01 7.324725792568507199e-01 7.195225326328779092e-01 7.152495731076420338e-01 7.055491051196605135e-01 7.189002691390358191e-01 7.198069666068063199e-01 7.238457100854776005e-01 7.138806757034118489e-01 7.140766116579024825e-01 7.161241966418002702e-01 7.148383903421696717e-01 7.238485881891740803e-01
2.470513823925715724e-01 2.167179424673076338e-01 3.876672379495578746e-01 4.168705293665959100e-01 4.063755014259131104e-01 4.860013809410543839e-01 6.743086196823973033e-01 6.440691826171096590e-01 1.000000000000000000e+00 7.251000425712270658e-01 7.876001941640378146e-01 7.467783419700846359e-01 7.250319598652468223e-01 7.408337937954428964e-01 8.064444397090384520e-01 7.887496053884419656e-01 7.958923998354913154e-01 7.375144106507705022e-01 7.919441528459894020e-01 5.621860825944353657e-01 7.047931790686897680e-01 8.101818453084446148e-01 7.654784915346448670e-01 7.290717000656512514e-01 7.763967762643831927e-01 7.892674625407793965e-01 8.189063364247889387e-01 8.024732291995532174e-01 7.302255189753261710e-01 8.220269515230090862e-01 8.291929200839228686e-01 8.276355774965699075e-01 7.576086817786024108e-01 8.126960409166963384e-01 8.041804489685195900e-01 8.120119181560704336e-01 8.215482486367078341e-01 8.154885474571702542e-01 8.344681200520482900e-01 7.373308686625067443e-01 8.292352597525627367e-01 8.280982588263239297e-01 8.105041511785608943e-01 8.339814257128702613e-01 8.372753414000381200e-01 8.329111971583221807e-01 8.178513193470963172e-01 8.391869852189136614e-01 8.343267078942725457e-01 8.114942950563899249e-01 8.273876977910611386e-01 7.930575666386873168e-01 8.167714685026944421e-01 8.539386769061452220e-01 8.466228820358723262e-01 8.390396534511199711e-01 8.403631920014839052e-01 8.323225189710933281e-01 8.280585840856929947e-01 8.456549744132593194e-01 8.278504374397867016e-01 8.344684049302264484e-01 8.309450378111991053e-01 8.320178503197251940e-01 8.505432791188052288e-01 8.418030101589188963e-01 8.387168436571816876e-01 8.545773930671392016e-01 8.514333226292315482e-01 8.144569315825314071e-01 8.482541119973908694e-01 8.562156532862982283e-01 8.421501683500562940e-01 8.487634595943686078e-01 8.444799639177283934e-01 8.454098494180362078e-01 8.378383084207455811e-01 8.186146000767834385e-01 8.347267787831361696e-01 8.493506239198105323e-01 8.522471049234463525e-01 8.424836560720055934e-01 8.549836503523321474e-01 8.464176509002390159e-01 8.340353906345592261e-01 8.459190118976738226e-01 8.397094491327059540e-01 8.373047560725604965e-01 8.395085737283674021e-01 8.547139050649654735e-01 8.287337757576052066e-01 8.355652372123890670e-01 8.385380988289226067e-01 8.350246772876903645e-01 8.277479366608376798e-01 8.362138543083740272e-01 8.171599927335437830e-01 8.407837671818978453e-01 8.307290400518302365e-01 8.246528443883660575e-01 8.322423290263025741e-01 8.402769914265256768e-01 8.220970834057674814e-01 8.383669826239183998e-01 8.399809897123504676e-01 8.426173513577472907e-01 8.424332884436319668e-01 8.438568289789061261e-01 8.471028660768241680e-01 8.318560928605800431e-01 8.411954997713577686e-01 8.458256157935527542e-01 8.401072810714134143e-01 8.428720845195676326e-01 8.514395864690922355e-01 8.406671799495974984e-01
8.745704155683595160e-02 1.790563076171371448e-01 2.761246559314698978e-01 3.690617716943279669e-01 3.608831258780103579e-01 4.774027227324753597e-01 6.115014620462548844e-01 5.648949494360436807e-01 7.251000425712270658e-01 1.000000000000000000e+00 7.071816993666306672e-01 6.956659853637994217e-01 6.901135714365538298e-01 7.208735629680252943e-01 7.686138303071312627e-01 7.217353645452151412e-01 7.282859775438580430e-01 6.126972371917831506e-01 6.804173995396189945e-01 4.850118644095099962e-01 5.763155757298169535e-01 6.849402058921639780e-01 6.596872442260490743e-01 6.012044894485848445e-01 6.506691179901060718e-01 7.134440491477296309e-01 7.387980087266662332e-01 7.314652415108432448e-01 6.763005177413712321e-01 7.557444715898880006e-01 7.653948246736963501e-01 7.720221052699129949e-01 6.957446569550872484e-01 7.646489372382466732e-01 7.354478386923163358e-01 7.637562345230304306e-01 7.688710571932055871e-01 7.783648628008906778e-01 7.866422299767286130e-01 6.999504023575244815e-01 7.977303637676538273e-01 7.789772463445455708e-01 7.697815603412517804e-01 7.929286655403761097e-01 7.941143161254438088e-01 7.920789556598990533e-01 8.047154806829417417e-01 8.187395062244694488e-01 8.040018145907258384e-01 7.689184397388030279e-01 7.842490957695116283e-01 7.455092629975073049e-01 7.793365933277626167e-01 8.082460432416718188e-01 7.899779059401005332e-01 7.881242597693635110e-01 7.800750775848978025e-01 7.968746386738931875e-01 7.886537940485459641e-01 8.066542538620699032e-01 7.984463726906120273e-01 7.985500797264843964e-01 7.934475313405330299e-01 7.979930046268632893e-01 8.064556713925775666e-01 7.961585727594768791e-01 8.196069158915251229e-01 8.052040370734259156e-01 8.091500838419362074e-01 7.643949494643923481e-01 7.897086353658231417e-01 8.080769213817999841e-01 7.836644309583219448e-01 7.818345525506955607e-01 8.109126326913776994e-01 8.048992747859046171e-01 8.037030630685441102e-01 7.880052098630667690e-01 8.094721363084987908e-01 8.096088462400021779e-01 8.064946768934933008e-01 8.090583506334818598e-01 8.102597658252378432e-01 8.053779701907038957e-01 8.065772057638563863e-01 8.123087713297719725e-01 8.072975838555552786e-01 8.112785206955935857e-01 8.130974164405376792e-01 8.112201363897648676e-01 7.986378237222910847e-01 8.084393100670403953e-01 8.105528744562130461e-01 8.084928156788162568e-01 8.135493314758553973e-01 8.184945906218684675e-01 7.868577000893626217e-01 7.947221807990749731e-01 8.060268967417936192e-01 7.963404157919677928e-01 8.028350381167154159e-01 8.076584107714986915e-01 8.019207288457641525e-01 8.051743783680382904e-01 8.081050510764328232e-01 8.014520880981552686e-01 8.144303656995369733e-01 8.197185446569509315e-01 8.146780473495738306e-01 8.070838398461830376e-01 8.122223941872562802e-01 8.138851797113687558e-01 8.125536799563033430e-01 8.132300687102419490e-01 8.127453901821145577e-01 8.086985360804874734e-01
1.346364907714077963e-01 1.902266011388705214e-01 4.329435152353826588e-01 5.565030922035710814e-01 4.581760099721288171e-01 5.106939975838415968e-01 7.617993157675322369e-01 7.133063651789988135e-01 7.876001941640378146e-01 7.071816993666306672e-01 1.000000000000000000e+00 8.421270065650746650e-01 7.779557082204620055e-01 7.751053410559128887e-01 8.572997809244978784e-01 8.479222304610217753e-01 7.743465000225167039e-01 7.234402321327941809e-01 7.817887914555974316e-01 6.485677348296902123e-01 7.569428295348119562e-01 8.117954318015674353e-01 7.621459428583201579e-01 7.286918644887143692e-01 7.562912534609599335e-01 8.308804675237849713e-01 8.592410131190160172e-01 8.482866440103216110e-01 7.494258272051842473e-01 8.267786608094381817e-01 8.691871407426018381e-01 8.588657048817720518e-01 8.181099417321325840e-01 8.431029336567683607e-01 8.284020306257373623e-01 8.469767030766408578e-01 8.632982177849940486e-01 8.534463799622747926e-01 8.690269882834577020e-01 8.289358909239220585e-01 8.700805736947201385e-01 8.712810393904458772e-01 8.674437610728933379e-01 8.709028459700891567e-01 8.732153546133152311e-01 8.727018800949654098e-01 8.508842597997694490e-01 8.527979032262461567e-01 8.629396987271136243e-01 8.599492050444570435e-01 8.660351093715856763e-01 8.548937942108655319e-01 8.639605221492155929e-01 8.665045611235774325e-01 8.760532899279674934e-01 8.682226506929672238e-01 8.619001657324205645e-01 8.660429772626561107e-01 8.620195055502802850e-01 8.661062724478643116e-01 8.694361057820920724e-01 8.632602789617621619e-01 8.636115351602068335e-01 8.586099408215580597e-01 8.629791609609835934e-01 8.696035322765109932e-01 8.579734812189576676e-01 8.748448210853099205e-01 8.765471574776150243e-01 8.750368830528632014e-01 8.754978819199468187e-01 8.691610036356860469e-01 8.677080386653435173e-01 8.678997772222388773e-01 8.819289421581832933e-01 8.804414653641418065e-01 8.743386761543917585e-01 8.486269205545596828e-01 8.590097574163012561e-01 8.607789817152281531e-01 8.784088967630467870e-01 8.726394640769321587e-01 8.754353108688188723e-01 8.692074739788385740e-01 8.681737613336610870e-01 8.682164291800863465e-01 8.704394709615113079e-01 8.680522049373788906e-01 8.671104197248876710e-01 8.710899575547633722e-01 8.781075451617527117e-01 8.725182823571706603e-01 8.691017753589151962e-01 8.694530886625930766e-01 8.570495977007206445e-01 8.596037763072124083e-01 8.605000934779900579e-01 8.672178335756414169e-01 8.649091209528460000e-01 8.624583044730573800e-01 8.688632714633518495e-01 8.665866024328229278e-01 8.597120851276203179e-01 8.705450732314878870e-01 8.725823419195726238e-01 8.612850115398961170e-01 8.653410674029742289e-01 8.637399206688000097e-01 8.717606341565370398e-01 8.623062158698828750e-01 8.679765466833138099e-01 8.664342924007011337e-01 8.640667469331110295e-01 8.638973154775400065e-01 8.656974164420532247e-01 8.681303262147804789e-01
2.561999629424269523e-02 1.219992474262747428e-01 4.318841907266675606e-01 6.666907155223777970e-01 4.742760839362185621e-01 5.345973800402145093e-01 7.876047313123194504e-01 7.526275414365020122e-01 7.467783419700846359e-01 6.956659853637994217e-01 8.421270065650746650e-01 1.000000000000000000e+00 8.118341449880288607e-01 8.047677288565902032e-01 8.939513125656854964e-01 8.840123212921919826e-01 7.666825205094048856e-01 6.740692679216399030e-01 7.471218737900755524e-01 7.382085230135062570e-01 7.729318141663610309e-01 7.922375952495026574e-01 7.288834998722208969e-01 7.066487830165228967e-01 6.996173610547860022e-01 7.921923612925282354e-01 8.388591956625273127e-01 8.222307599169104142e-01 7.350824046323797267e-01 7.836270166277242710e-01 8.584898266170402081e-01 8.452142530077456639e-01 7.790852604374615131e-01 8.244164760729546515e-01 7.763104117361253609e-01 8.459827443443705963e-01 8.684739327309397572e-01 8.575932082588141325e-01 8.591661916224120343e-01 8.697851955573354665e-01 8.890907856304084422e-01 8.901240069068063754e-01 8.917714201661222084e-01 8.926964125532096395e-01 8.843835020718627815e-01 8.776041229249450515e-01 8.797414457912601238e-01 8.678906512075802437e-01 8.855297907924275513e-01 8.803423971955259830e-01 8.841166256076263830e-01 8.997338856944798735e-01 8.925505850876549463e-01 8.550970789104196390e-01 8.671442621144921370e-01 8.685755304950096845e-01 8.719366808423631987e-01 8.858968078233132593e-01 8.710491996829394790e-01 8.833904435364932084e-01 8.964983458796950133e-01 8.733389048325115311e-01 8.808701085272880871e-01 8.769576015234311628e-01 8.718546191448882654e-01 8.925395403213153278e-01 8.744156910372536951e-01 8.789277674518215511e-01 8.780976350447992074e-01 9.257377995955052841e-01 8.897516345487551659e-01 8.690919472150603342e-01 8.796776444737725020e-01 8.662913733158906782e-01 8.866244841236048391e-01 8.872266261076193761e-01 8.907182997205054242e-01 8.623375930357387587e-01 8.737301964096521045e-01 8.551027052321182875e-01 8.853390545295587444e-01 8.879404754604671712e-01 8.789604062219843472e-01 8.617687648857416116e-01 8.844747689504879329e-01 8.707061675596525774e-01 8.843094691050327194e-01 8.849439489180705998e-01 8.800615805308732442e-01 8.674268362042109048e-01 8.989103286687442074e-01 8.965099134482266141e-01 8.890305265936681023e-01 8.927275205968090432e-01 8.822505210098350314e-01 8.766779900588351770e-01 8.981309706961776440e-01 8.877444121616486772e-01 8.925034701597960307e-01 8.905800858910668527e-01 8.941522345923785808e-01 8.834303453193931288e-01 8.965959203720558213e-01 8.959813461471465290e-01 8.962884168148281816e-01 8.765127251192064151e-01 8.815866814118933359e-01 8.710121213880913649e-01 8.751204729592657605e-01 8.872808312232564054e-01 8.840207522718248612e-01 8.817079555020300718e-01 8.811855233477831062e-01 8.833283306718388017e-01 8.799503773839407739e-01 8.905649202738195047e-01
4.912980929543622061e-02 1.201857694942968097e-01 3.675040116333490592e-01 5.420853928462417981e-01 4.545400084004715402e-01 5.133284867366721960e-01 7.200733081425649829e-01 7.011107979475623697e-01 7.250319598652468223e-01 6.901135714365538298e-01 7.779557082204620055e-01 8.118341449880288607e-01 1.000000000000000000e+00 7.623762788637029608e-01 8.356610025554973564e-01 8.225133511417153098e-01 7.307345797053864667e-01 6.593937588942145878e-01 7.220337598055307504e-01 6.345139201339318191e-01 6.852199930403954919e-01 7.453699535174702628e-01 6.865347680400237795e-01 6.675101436573509517e-01 6.831205486200319088e-01 7.644702534766264490e-01 7.957542513615784019e-01 7.724784849475746507e-01 6.920410133771038863e-01 7.725790927675353359e-01 8.132952587527427779e-01 8.051432011109450615e-01 7.332140856002249407e-01 7.843825328310022327e-01 7.559777554255183718e-01 7.929809317964214843e-01 8.176955427868993764e-01 8.121223360358528209e-01 8.164542988103464793e-01 7.822468188103262055e-01 8.418201149697530639e-01 8.375800086697530178e-01 8.383178953458769733e-01 8.444377486105805186e-01 8.335797739138662843e-01 8.360376112409074745e-01 8.388833134278761428e-01 8.357578729947016116e-01 8.370081072057209415e-01 8.186386962200294937e-01 8.258587879255803177e-01 8.237769951155040626e-01 8.365727402301081916e-01 8.201419746710159053e-01 8.249402185280972910e-01 8.195999063889064518e-01 8.070897931937619507e-01 8.357163382929957418e-01 8.162209941941033220e-01 8.372698005176577585e-01 8.490876130887509143e-01 8.232201339298664822e-01 8.239621321140901955e-01 8.227272434043506610e-01 8.310806061694410163e-01 8.358927661433797063e-01 8.389893040389951873e-01 8.412865959089365075e-01 8.387935667917006954e-01 8.493391599284425553e-01 8.409388047621308981e-01 8.348116651462640370e-01 8.314183355991339175e-01 8.276573174560564183e-01 8.453464948380314814e-01 8.400504797454259043e-01 8.408193328354487406e-01 8.157689126982969885e-01 8.353372617689579505e-01 8.270254621675354745e-01 8.415214134364307208e-01 8.415785485859565984e-01 8.369665499357027416e-01 8.246088257627712803e-01 8.410861374521391154e-01 8.342474018816603554e-01 8.381469151785787552e-01 8.415273127794483665e-01 8.410140037529776347e-01 8.350360583994037578e-01 8.419412451149238530e-01 8.505750890172099066e-01 8.440840340539907949e-01 8.482025697260968666e-01 8.411463427249408209e-01 8.386376761720907291e-01 8.406346275400684576e-01 8.352859750757586355e-01 8.434928336175452346e-01 8.425358083185094937e-01 8.472842807337098714e-01 8.369044629448531003e-01 8.468018038215898713e-01 8.488805691968839273e-01 8.476508917635983131e-01 8.303003781415693174e-01 8.389103233624174427e-01 8.395043651414865193e-01 8.389538826514090220e-01 8.422977220120422270e-01 8.420867900329763733e-01 8.436865719912193251e-01 8.378650736172265079e-01 8.399684929382777998e-01 8.365859169836828979e-01 8.428343849637749408e-01
