1.000000000000000000e+00 1.298565114492667150e-01 3.173386622538377361e-02 9.063281405510237657e-03 -3.066839521022399553e-02 -1.045508585473714502e-02 -1.597529706903928282e-03 -9.957246669207969747e-03 6.580465413100783367e-02 7.425652043177507176e-03 1.880415814069833283e-02 5.786698762324404832e-03 -4.126020810687312627e-03 -5.579783613149687108e-04 2.525505236498451511e-04 1.260802545303699694e-02 5.536804840295357633e-02 -9.244718846519613814e-03 1.737756182528049989e-02 -7.602866935277424743e-03 1.414559304943788058e-02 1.353500520039965273e-02 2.427795860364752485e-03 -1.857775617990890110e-02 -2.387632495959325987e-02 5.630424760491411357e-03 1.790392939603361114e-02 5.420751371814767905e-03 3.395674900558998816e-02 2.504235554274696421e-02 2.510981968118129390e-02 7.552189847531922198e-03 9.213592921884797282e-03 1.129936651875430506e-02 3.904273744634129822e-02 5.929066315241714874e-03 2.269987010602553257e-02 -2.075018889835784225e-02 8.601622173072065100e-03 -3.804050381203429726e-02 -6.169167117976370567e-03 -2.271293101598976724e-02 -4.023714613761826542e-02 -5.236833010062862635e-03 -6.644740127120545535e-03 -7.049099276023520089e-04 -1.975342040343536828e-03 1.082315733505713820e-02 1.377395683509600663e-02 5.814238872477105538e-03 -1.045662773713984528e-02 -1.770551785514824783e-02 9.903726305116863915e-03 2.813395733689560627e-02 2.573419733391392114e-02 6.392034074660005172e-03 4.563032321277203651e-02 -7.390715476429107061e-03 1.504618343709769775e-02 2.281954596369697302e-02 8.731736386728241803e-03 2.156893444197549234e-02 1.518021244622310903e-02 2.699110265962128760e-02 2.303238728270052410e-02 3.477618925889852664e-02 1.621933938928531854e-02 1.919552160307510906e-03 7.636396867771011454e-03 -1.947220452252759542e-05 -1.951882344305018576e-03 5.675656862702451420e-03 1.222662116103973018e-03 -1.493837616949115175e-02 3.865791288401982783e-03 4.663173538618619815e-03 -2.720980483946607627e-03 1.173519224200013714e-02 -2.056169187397591854e-03 1.275541916688554059e-02 1.134367380992871814e-02 1.197210597562683998e-02 1.620229121743827633e-02 6.097168757966628730e-03 -1.607448272699789869e-03 2.468384997095098010e-03 4.350930504851593938e-03 -1.307435330108483451e-02 8.073565691566905679e-05 9.089315416129337306e-04 -1.213998425335227442e-02 -1.060251899033360333e-02 -2.747436545963093547e-03 -1.047330287230056195e-02 5.641687866109727605e-03 2.870602285252551924e-03 -1.984609663845037300e-02 1.501870282869872952e-02 -3.003262239419236639e-03 -1.715142974962887909e-02 -1.144523011173310609e-02 4.071708050799072685e-03 4.071594529179482780e-03 -5.988676051202124206e-03 -1.015791290866880758e-03 2.551546546242820790e-02 1.235012315635742805e-02 7.961335421229438422e-03 6.464359179741110267e-03 2.365227280641522736e-03 -8.060544840620879545e-03 1.252737822111121488e-02 9.823381590561322887e-03 1.130931553528186258e-02 1.420368364961895231e-02 1.656994732924303021e-02
1.298565114492667150e-01 1.000000000000000000e+00 -6.264628044408334382e-04 8.478488570549728987e-02 7.277431472547536695e-02 8.556780026937212125e-02 1.180661770465759597e-01 1.037969649766540409e-01 1.564223713014497030e-01 1.443375811233844896e-01 1.087920010644193858e-01 1.378890633172117630e-01 1.205989174158100669e-01 1.142551330408170529e-01 1.511132269626196956e-01 1.380893681183084365e-01 1.563134253773846849e-01 1.342162900064936826e-01 1.427825328840651997e-01 1.153328477153103826e-01 1.258528780379210843e-01 1.375535555671335008e-01 1.291865791143425313e-01 1.063923249338478150e-01 1.146843685443964256e-01 1.317878574001607184e-01 1.511512590663245392e-01 1.400903072654024195e-01 1.662011061719496363e-01 1.558645697816510300e-01 1.584670613591921962e-01 1.445077593489575152e-01 1.473043548893324950e-01 1.420334039444030028e-01 1.537111123519706302e-01 1.233896552455840540e-01 1.552694891190412874e-01 1.383592963555726196e-01 1.490748909536659950e-01 1.053674430699480247e-01 1.349105589647481840e-01 1.314938046738464983e-01 1.169108822923894953e-01 1.460784784150811755e-01 1.334899717694386645e-01 1.462632860878343710e-01 1.442117050583852644e-01 1.497488879703077203e-01 1.517876046074650709e-01 1.356085817169930818e-01 1.425920443657676673e-01 1.014152894550859330e-01 1.337951720211723039e-01 1.596725832216420449e-01 1.572843307808545754e-01 1.439359699831223860e-01 1.645166604916464825e-01 1.445376719399976417e-01 1.533920005597373681e-01 1.527744387315449759e-01 1.447502937838851533e-01 1.569563060434034374e-01 1.471018739285555321e-01 1.509334726029171458e-01 1.409297178909302284e-01 1.538032405117334134e-01 1.474284749308810150e-01 1.434074529807102816e-01 1.473579106617296242e-01 1.411073415475727344e-01 1.415881555027087568e-01 1.446419140594385200e-01 1.426375089677206220e-01 1.316319662987151529e-01 1.447353579564200354e-01 1.458964186421398135e-01 1.444944946203125247e-01 1.571007811013059863e-01 1.467325615465025768e-01 1.511632335080861644e-01 1.496716990480684295e-01 1.519789743623504719e-01 1.541759728659194140e-01 1.486196363330922199e-01 1.410238023782311445e-01 1.457178424820109175e-01 1.477137418892509324e-01 1.407959243489736445e-01 1.466261298952190040e-01 1.436321231575423685e-01 1.384650143893903507e-01 1.381322638259351865e-01 1.357443945214329428e-01 1.408082403113675163e-01 1.460112113826114999e-01 1.458108714913676218e-01 1.250054406568403553e-01 1.379936652921624207e-01 1.375061501431697475e-01 1.336837847969777338e-01 1.339624127728781255e-01 1.401466668978349484e-01 1.368128017700711574e-01 1.413333963550065242e-01 1.330849913547720864e-01 1.474784787527042562e-01 1.473883655504749091e-01 1.475121159570509655e-01 1.476465619601588508e-01 1.399524231384058348e-01 1.392962929378949721e-01 1.475811790391121370e-01 1.465223202532512925e-01 1.417248340548466212e-01 1.451828641508531581e-01 1.463102572711890981e-01
3.173386622538377361e-02 -6.264628044408334382e-04 1.000000000000000000e+00 2.173198760259039131e-01 1.210593522247607745e-01 1.614776231106198057e-01 2.376117220263141427e-01 2.284818331670385172e-01 2.604976714335649479e-01 2.397726413932846079e-01 2.393269277326450228e-01 2.720104374119297064e-01 2.158915924902852501e-01 1.993967565678944898e-01 2.693530294898458521e-01 2.795207181534185015e-01 2.907762967256263265e-01 2.720220700225217669e-01 2.725944519662540921e-01 2.331248173352831465e-01 2.755990431193210966e-01 2.691936638653290026e-01 2.761901814313645898e-01 2.790856637548560504e-01 2.608845332122400884e-01 2.848269540895895235e-01 2.859659130768644197e-01 2.775863528687611548e-01 2.735183372339775043e-01 2.883485229725839538e-01 2.915110640601997760e-01 2.955998090076895068e-01 2.757145151898581781e-01 2.935867600232224817e-01 2.759147686994787296e-01 2.828376687705062564e-01 2.807301308096350478e-01 2.929063119795848880e-01 2.907453486171109325e-01 2.806849659046174450e-01 2.835161545771788805e-01 2.810021079615657724e-01 2.738399228992285384e-01 2.878258298607674903e-01 2.884013840663954831e-01 2.878127752397949823e-01 2.934941866653550391e-01 2.860756836628496891e-01 2.884401059607951678e-01 2.827263523484841445e-01 2.870948178158004294e-01 2.590222935655293046e-01 2.768586155446052244e-01 2.822801846507077550e-01 2.678103090576110512e-01 2.784120911856601266e-01 2.710903126040137834e-01 2.788967812602847762e-01 2.845765529437387920e-01 2.813493199958952973e-01 2.776334800663753932e-01 2.720308817999830819e-01 2.703495181609437137e-01 2.857401318504069199e-01 2.948583126834781742e-01 2.735524027351914356e-01 2.949537457546029806e-01 2.942003386587975222e-01 2.913121396706372934e-01 2.842473828697036908e-01 2.928628970944417431e-01 2.934698091170886980e-01 2.917872901812188502e-01 2.925261546537644697e-01 2.896712435199366720e-01 2.889478456068712009e-01 2.874892712069940792e-01 2.862556998554658949e-01 2.845494797262194120e-01 2.875285183576487547e-01 2.888521777611697261e-01 2.938973390366091398e-01 2.932559426764735355e-01 2.878898696624392906e-01 2.913342288417785642e-01 2.951218047136471290e-01 2.922253334950860593e-01 2.866225209993136236e-01 2.904251640076608854e-01 2.850457477049664901e-01 2.885794874348920347e-01 2.863199259734351965e-01 2.920721110896087325e-01 2.878744342671777923e-01 2.904023617682380820e-01 2.884374977952284813e-01 2.794789373851224723e-01 2.759256069214521268e-01 2.823428884118320825e-01 2.852373025392888062e-01 2.798609354350806155e-01 2.819415458602172464e-01 2.857835493427259843e-01 2.889597847981020817e-01 2.841677027167946457e-01 2.752507908584644891e-01 2.891391530189699743e-01 2.883557779736944937e-01 2.817068123848573413e-01 2.863433952496377000e-01 2.812678133749730858e-01 2.859653756796293189e-01 2.816765899031509202e-01 2.875197165939192834e-01 2.934020162510693752e-01 2.794104104955071888e-01
9.063281405510237657e-03 8.478488570549728987e-02 2.173198760259039131e-01 1.000000000000000000e+00 2.479141942082077610e-01 2.708283689398079952e-01 4.445445447592831778e-01 4.075055771222442780e-01 4.675101183392867399e-01 4.163265794791394248e-01 4.492053947985946705e-01 4.790521099341438771e-01 4.520936919188138226e-01 3.949907056130922411e-01 5.112175260205947813e-01 5.074712666930224492e-01 4.867675852447647111e-01 4.670253794303446115e-01 4.848314404409181377e-01 4.634345720748947461e-01 4.795916961131569400e-01 4.835146753754937521e-01 5.007797194894032522e-01 4.774118028750871656e-01 4.685511724531271627e-01 4.933126739024354945e-01 5.124141798749759502e-01 4.936192928244097500e-01 4.717284426955211107e-01 4.925546724400949317e-01 5.177553637919147800e-01 5.218926243313646296e-01 5.013035223461898005e-01 5.160882066259113721e-01 4.992565308381239353e-01 5.074888741363698941e-01 5.137718178184491613e-01 5.037491189599487829e-01 5.267523125221333924e-01 4.829682766277959005e-01 5.213950840679681953e-01 5.211830967697220762e-01 5.120180201641827411e-01 5.295579940100061389e-01 5.257007949523598844e-01 5.233173591525730473e-01 5.248663334559263705e-01 5.287328551878510696e-01 5.224005627753818271e-01 5.066813921800175091e-01 5.170829747604511750e-01 5.048329126406398970e-01 5.140277700505839764e-01 5.168301593647337544e-01 5.038879709924639627e-01 5.142558231210833108e-01 5.087352272006995246e-01 5.232941485534973181e-01 5.137419661896184264e-01 5.214009586806036545e-01 5.269757448063734362e-01 5.163313093399589659e-01 5.075589843347918517e-01 5.257280046765177017e-01 5.282192644762218059e-01 5.171824190878117067e-01 5.313422878858585774e-01 5.264410901879684745e-01 5.270394476625469560e-01 5.214446478803332896e-01 5.263371692298746130e-01 5.289092851713790289e-01 5.236272716518304282e-01 5.249396343810869281e-01 5.253009686333858230e-01 5.234167234064424079e-01 5.299473321038991047e-01 5.208212308383586286e-01 5.278584005439990179e-01 5.268570214332496393e-01 5.296980114442174647e-01 5.328378533560429453e-01 5.367158119116799408e-01 5.303847753161649026e-01 5.353288197298901041e-01 5.324147775440509767e-01 5.341271011532070512e-01 5.290963576803464630e-01 5.332945797951811340e-01 5.289890377642327834e-01 5.284190181862983282e-01 5.325852984162097181e-01 5.366864678247115217e-01 5.339835760549761501e-01 5.285311610506192581e-01 5.296503471410144437e-01 5.243938389633802100e-01 5.275988777095194093e-01 5.327972258353829149e-01 5.319596166287134942e-01 5.332988928824097252e-01 5.300605833193507976e-01 5.314297028487435792e-01 5.335697251956715847e-01 5.352785935458063138e-01 5.299469696925805939e-01 5.316046140973499368e-01 5.288261999338426111e-01 5.282986373705121919e-01 5.316566465721442869e-01 5.301813659851483118e-01 5.310841145542698483e-01 5.305081561308192528e-01 5.340177084966490906e-01 5.369476300911624200e-01 5.289018111356857954e-01
-3.066839521022399553e-02 7.277431472547536695e-02 1.210593522247607745e-01 2.479141942082077610e-01 1.000000000000000000e+00 1.922213827191587010e-01 3.845249701179186963e-01 3.623633027940953433e-01 3.962832115881617101e-01 3.429496028530852891e-01 3.706782844524436626e-01 3.934440612758783873e-01 3.857317911296527235e-01 3.404615647747210594e-01 4.117818371067599181e-01 4.231180922192012694e-01 3.877728690764383757e-01 3.984027877214236235e-01 4.107752909714572631e-01 4.065157345815417766e-01 4.224881524941983546e-01 4.148742169418976333e-01 4.100437117814643706e-01 4.156942610802982774e-01 4.211449733861484246e-01 4.338778862962523464e-01 4.201882015580514773e-01 4.295833336592042029e-01 4.185922820239019737e-01 4.279779557404912449e-01 4.323485311602289771e-01 4.130972675343334566e-01 3.833275902365486099e-01 4.100258163429426617e-01 4.130386337252429652e-01 4.043014300421553520e-01 4.245053565998197498e-01 4.248286288519073639e-01 4.269304287606298098e-01 4.012250343356668636e-01 4.350292107722866231e-01 4.372397906695950076e-01 4.311450136131012578e-01 4.382537113886716962e-01 4.305485170027795738e-01 4.322416689222702280e-01 4.313433537341915813e-01 4.349505085447573083e-01 4.226041806961143288e-01 4.081409510461734835e-01 4.250450380179943699e-01 4.266884730442838114e-01 4.307416197907034117e-01 4.287323193202347005e-01 4.242820098449243682e-01 4.319115441709592274e-01 4.152468689601467866e-01 4.353441423477771854e-01 4.239369866845233981e-01 4.339328905248546753e-01 4.355638783807994630e-01 4.230126979041717861e-01 4.124924379903462390e-01 4.199745309851593555e-01 4.288302894154686351e-01 4.264896605732057533e-01 4.319053743421733538e-01 4.310362956516476385e-01 4.311073198936035689e-01 4.343511396018673310e-01 4.363773734421816930e-01 4.328144371829530934e-01 4.333223985053280547e-01 4.369045535536344449e-01 4.358554535597388147e-01 4.320615913427378607e-01 4.354340810135971518e-01 4.371366441225553179e-01 4.374805287515035612e-01 4.328634872107613440e-01 4.346129920505015787e-01 4.303708383194451148e-01 4.353031172302893048e-01 4.288331365498642689e-01 4.253294429846354863e-01 4.310839552283982634e-01 4.301939475231734700e-01 4.327535855303860646e-01 4.341723859393776253e-01 4.346718647895202459e-01 4.287963177949554172e-01 4.368526092931572236e-01 4.316292293750592091e-01 4.364138350928983834e-01 4.314052177237585051e-01 4.328269626187497554e-01 4.279778785578119416e-01 4.254704833035457545e-01 4.367431117086058578e-01 4.324504297040421830e-01 4.382409216621233616e-01 4.348832643493930616e-01 4.328345976326816724e-01 4.370345603732944118e-01 4.347256697646807999e-01 4.279692761966514825e-01 4.311573189339700796e-01 4.332369675285692168e-01 4.367586368832791499e-01 4.342623004918471641e-01 4.368815886592592457e-01 4.369722403938209321e-01 4.339788547199939228e-01 4.317763939107909232e-01 4.313045071945881825e-01 4.342960090063831546e-01
-1.045508585473714502e-02 8.556780026937212125e-02 1.614776231106198057e-01 2.708283689398079952e-01 1.922213827191587010e-01 1.000000000000000000e+00 4.620268835643255301e-01 4.017246028457345242e-01 4.250255024844129537e-01 3.972849670680275724e-01 4.317135764555110611e-01 4.659163246197297603e-01 4.002803485664196415e-01 3.550411510341001664e-01 4.804538181970064992e-01 4.767634568553576480e-01 4.546367207816847666e-01 4.589800494681181564e-01 4.677140246289458458e-01 4.205385437582012664e-01 4.667784115620151608e-01 4.698387030690335253e-01 4.815864357098756932e-01 4.526767961134199325e-01 4.602291641595436800e-01 4.853157182791467128e-01 4.823461238931128214e-01 4.888987210306868780e-01 4.819583853569112120e-01 4.872963076275802496e-01 4.944957446446350269e-01 4.983536094825552487e-01 4.762006128003987149e-01 4.933033418467369091e-01 4.842987292190359394e-01 4.765567767359714657e-01 4.956934898831137914e-01 4.932388044357597923e-01 4.992670542771156517e-01 4.706635525833115508e-01 5.051721189219285923e-01 4.956476476181657653e-01 4.872772895348443378e-01 5.027401099515999006e-01 4.996315079287179661e-01 4.994182930668406573e-01 5.049835470993938591e-01 5.034210407447184954e-01 4.979401050110762728e-01 4.832102879747252056e-01 4.988668361053769096e-01 4.635599708993716761e-01 4.847639919325215652e-01 4.944915872465771023e-01 4.885703644612041652e-01 4.990262050329702936e-01 4.752498710332724308e-01 4.952782770558031844e-01 4.962608725291941525e-01 4.967382768802176551e-01 4.974824548597470697e-01 4.923093008234366574e-01 4.787811135756814274e-01 4.996856107696499016e-01 4.989539658585404602e-01 4.883551570352507309e-01 5.058286507692830725e-01 5.086897243027882487e-01 5.077775216903908095e-01 4.964995584221782998e-01 5.064562049692583612e-01 5.099816281788330796e-01 5.030301792886042733e-01 5.057833813774449405e-01 5.071995430371124547e-01 5.092923035278094090e-01 5.037470782859985174e-01 5.046228662995939640e-01 5.037405359711831787e-01 5.069590261197713943e-01 5.059909039536013564e-01 5.061258226266388549e-01 5.044792261867329097e-01 5.037579915136278785e-01 5.052124065274080644e-01 5.066958055637653668e-01 5.084130974612162124e-01 5.060793287055027623e-01 5.096818016324423661e-01 5.034121655911255599e-01 5.081929331452098575e-01 5.065870686242008869e-01 5.075301704349146625e-01 5.052186989258049543e-01 5.043871507577807334e-01 5.075556074163298792e-01 4.947948413646424681e-01 4.850399743988650370e-01 5.008405102732705894e-01 5.050380774344819246e-01 4.998421695976065227e-01 4.976411630526515473e-01 4.996716965612753580e-01 5.034393928504913296e-01 4.988454510363837247e-01 4.893794603565837509e-01 5.039643898459591487e-01 5.040238278523155868e-01 5.030446931082817041e-01 5.052205113638867928e-01 5.052174324049200083e-01 5.020464307273441174e-01 5.004974565229924899e-01 5.063381426273569907e-01 4.998547237030456780e-01 4.968884295351051472e-01
-1.597529706903928282e-03 1.180661770465759597e-01 2.376117220263141427e-01 4.445445447592831778e-01 3.845249701179186963e-01 4.620268835643255301e-01 1.000000000000000000e+00 6.141749606245960891e-01 6.877449329247489196e-01 6.272405511779892695e-01 6.811042206511389585e-01 7.308848414541783134e-01 6.725680543621453955e-01 6.029316563039346377e-01 7.755218396848548856e-01 7.477940760036846379e-01 6.965505490063523819e-01 7.231262185725852998e-01 7.374631365945923944e-01 7.000542345710765169e-01 7.368641889362445019e-01 7.537877192913100544e-01 7.558470200045731557e-01 7.521738584201091982e-01 7.416096717493425583e-01 7.754700707948377625e-01 7.599159383975488957e-01 7.778063859595187868e-01 7.571744928547452513e-01 7.769867527403798713e-01 7.930009099294687003e-01 7.737214286330207358e-01 7.298267009745826872e-01 7.665667173762626962e-01 7.627601836554657178e-01 7.287630740024190201e-01 7.834282063265090024e-01 7.849498278004667373e-01 7.811760566990688659e-01 7.467367097997433811e-01 7.891193902662709814e-01 7.953441746945453250e-01 7.763430453740151060e-01 7.904944959199198262e-01 7.823676325366697437e-01 7.882485356276182076e-01 7.904263224840891722e-01 7.922920778924694707e-01 7.852909723378388440e-01 7.603138365110889696e-01 7.812536692452559661e-01 7.466821128490185311e-01 7.733716832398853658e-01 7.808185605386600558e-01 7.791284844896800843e-01 7.928648398195872193e-01 7.620005300192645992e-01 7.942134526327643274e-01 7.860542685850996358e-01 7.847346624836030182e-01 7.902639723664919291e-01 7.814367449490707829e-01 7.671311173653131421e-01 7.745701060512998337e-01 7.712574547159483096e-01 7.739920759865126509e-01 7.905159986290529739e-01 7.960003915275385422e-01 7.971096831056171395e-01 7.986086800337636182e-01 7.976257216353670465e-01 7.959799840587374886e-01 7.963288339739145183e-01 7.964268709240005517e-01 8.017941695494105181e-01 7.961983746620828750e-01 7.999235821327327356e-01 7.967876986571407194e-01 7.973798689406811357e-01 7.976092076113683316e-01 7.956739071068439362e-01 7.981555019396043837e-01 7.917713506638299759e-01 7.928778920193919610e-01 7.918940420223063992e-01 7.940305329366315057e-01 7.904841872929047053e-01 8.007969924438439469e-01 7.968531616564497044e-01 7.991719342784228131e-01 7.964321491253679719e-01 7.998204383802887119e-01 7.961214336506505784e-01 8.010844572492712423e-01 7.937465762433009164e-01 7.945946328683090032e-01 7.883259903152974868e-01 7.754908143007219756e-01 7.941424390330040772e-01 7.973164131032183244e-01 7.933862069577790610e-01 7.885718911297479039e-01 7.867368644078401863e-01 7.961916983289907268e-01 7.878810986809191563e-01 7.811161615040961292e-01 7.924938740123782521e-01 7.953578716745373089e-01 7.954606405127242486e-01 7.956063440088748662e-01 7.987665876021800004e-01 7.924912398324089891e-01 7.922593067019619850e-01 7.889736810237817366e-01 7.851405742964042700e-01 7.849275757274405407e-01
-9.957246669207969747e-03 1.037969649766540409e-01 2.284818331670385172e-01 4.075055771222442780e-01 3.623633027940953433e-01 4.017246028457345242e-01 6.141749606245960891e-01 1.000000000000000000e+00 6.368547511426210228e-01 5.940688196666171761e-01 6.207029640623824562e-01 6.828806638586115696e-01 6.222883429206809147e-01 5.658697860744158481e-01 7.131091307879932062e-01 6.946642456465409454e-01 6.510557947998094619e-01 6.790531166581771361e-01 6.756021432724409470e-01 6.472836322289686750e-01 6.988708439384221371e-01 6.932943769727827332e-01 6.866070869436526891e-01 6.858813393883057552e-01 6.771578586470327066e-01 7.151434627327243332e-01 7.241991966838534633e-01 7.128470917308598054e-01 7.008202958090681278e-01 7.158309990794508026e-01 7.235177792614643222e-01 7.163776091340177121e-01 6.627466566788342561e-01 7.073236800630419152e-01 7.001729867333758017e-01 6.734766535092746587e-01 7.188362559490372172e-01 7.304661605337745556e-01 7.249977749952998263e-01 6.725303538768827583e-01 7.283078586098877816e-01 7.334230702195392304e-01 7.122199545629744888e-01 7.380323562101227530e-01 7.218670728792234703e-01 7.292222179391881776e-01 7.319122512865485763e-01 7.346761813991502521e-01 7.337088475310445945e-01 7.207761333825155603e-01 7.317092030309333417e-01 6.950391844396762719e-01 7.126689971023864034e-01 7.247820538411356983e-01 7.238941901190991679e-01 7.304787288748205709e-01 7.161823740988793041e-01 7.363418339564482551e-01 7.356443372511355383e-01 7.274086685819122211e-01 7.362882106447528052e-01 7.256462720792217214e-01 7.297243580286485454e-01 7.286302126684595093e-01 7.257525569328255877e-01 7.200093889319474361e-01 7.328872344618002632e-01 7.341462583541797926e-01 7.358708046242914413e-01 7.379057929422789819e-01 7.373981728472264185e-01 7.369812196025975481e-01 7.312613099277637252e-01 7.326931464051000820e-01 7.391192903226168065e-01 7.369344437777417545e-01 7.329744660962428382e-01 7.344740655004169394e-01 7.332164453987306540e-01 7.355195933151905674e-01 7.336985026422149225e-01 7.342240885530545436e-01 7.338973059154877410e-01 7.277891529115316782e-01 7.329364249257556141e-01 7.318925058721322818e-01 7.273390154446074396e-01 7.382360820772954080e-01 7.337325293497108936e-01 7.360610799452740327e-01 7.276071624050711728e-01 7.378338265614188263e-01 7.356018407651961910e-01 7.363746985667626310e-01 7.360076777882491594e-01 7.353506942296148541e-01 7.317896596011256305e-01 7.325627937838931070e-01 7.396228151341823764e-01 7.373523858750943294e-01 7.321510251233009914e-01 7.382558946776397457e-01 7.317778811349663348e-01 7.389920837885508575e-01 7.314579054700848237e-01 7.300141859145933276e-01 7.377640208965748903e-01 7.363234660253913377e-01 7.362045310885696470e-01 7.374490159928213107e-01 7.406920927053670667e-01 7.344422483569978954e-01 7.345534406012568240e-01 7.348644946545911383e-01 7.311623238388239576e-01 7.286960698011756277e-01
6.580465413100783367e-02 1.564223713014497030e-01 2.604976714335649479e-01 4.675101183392867399e-01 3.962832115881617101e-01 4.250255024844129537e-01 6.877449329247489196e-01 6.368547511426210228e-01 1.000000000000000000e+00 7.139518364144457063e-01 7.159934681402974066e-01 7.722495353135760965e-01 7.084311699438173848e-01 6.458934005266853129e-01 8.107899612224549468e-01 7.911195847723098140e-01 7.725591240143379057e-01 7.609823065459923042e-01 7.918162058960552807e-01 7.063506169444989657e-01 7.879922681503536142e-01 8.004283371243450240e-01 7.985018990217130908e-01 7.759291582441355528e-01 7.705804341424528081e-01 8.114292658358810417e-01 8.200733321180161406e-01 8.115280995204060543e-01 8.052750770027871097e-01 8.287781319122617951e-01 8.480461526754116131e-01 8.299742746822530437e-01 7.754736009494018756e-01 8.161029340715036939e-01 8.145108958072887484e-01 7.824912955979482776e-01 8.397712043829562711e-01 8.210849988372435071e-01 8.317265286980182193e-01 7.478157573866031083e-01 8.371151566105990982e-01 8.212755572737944210e-01 7.894166923216816567e-01 8.399291672082823679e-01 8.324974970264725771e-01 8.309600386527897786e-01 8.468218476143296591e-01 8.578537499041354319e-01 8.506849408249429478e-01 8.123970345420840067e-01 8.244751679727666538e-01 7.957071789135750084e-01 8.298937077823256292e-01 8.601475707808409199e-01 8.490943003613278250e-01 8.443722021468296202e-01 8.531944731440906926e-01 8.384655059226137075e-01 8.472682710004246776e-01 8.539276985334062209e-01 8.495635977080842061e-01 8.507738514921892037e-01 8.331800657043505476e-01 8.476447255490106025e-01 8.515235158866135690e-01 8.567009219742124371e-01 8.536500918429161811e-01 8.507155871094324029e-01 8.503691813463619686e-01 8.452226247825628258e-01 8.488998232515265752e-01 8.499088234623823901e-01 8.463061253357556657e-01 8.386641429211590948e-01 8.489849952472821037e-01 8.453811665862798197e-01 8.427685771469881626e-01 8.493896981458495254e-01 8.458834827119823263e-01 8.510637526124318342e-01 8.531648422877214921e-01 8.546267042901626310e-01 8.543232581983536411e-01 8.450667186343847614e-01 8.430105712244913008e-01 8.476308623255921493e-01 8.421024428923745697e-01 8.421697901734739311e-01 8.486003996307751596e-01 8.465909763090340157e-01 8.345223709874204365e-01 8.430598294250071234e-01 8.435031107994983568e-01 8.446371444442629661e-01 8.514273895659023594e-01 8.523014040257664847e-01 8.280550662147032615e-01 8.449486223362741022e-01 8.478786018875829056e-01 8.365283527929726626e-01 8.335037772049939120e-01 8.473700965244767014e-01 8.438574764954338558e-01 8.460614813593505534e-01 8.435574112116167589e-01 8.531131431806162624e-01 8.570986162042466550e-01 8.544920108415765547e-01 8.522574313377682120e-01 8.499338947620318496e-01 8.460343973011946739e-01 8.555019302876198939e-01 8.514782439766628297e-01 8.518102357933494684e-01 8.536471151889395426e-01 8.546343011929261602e-01
7.425652043177507176e-03 1.443375811233844896e-01 2.397726413932846079e-01 4.163265794791394248e-01 3.429496028530852891e-01 3.972849670680275724e-01 6.272405511779892695e-01 5.940688196666171761e-01 7.139518364144457063e-01 1.000000000000000000e+00 6.499348550608944342e-01 7.220948784767003970e-01 6.563962573179944471e-01 5.955822406693751514e-01 7.471627637664277621e-01 7.247750827784378291e-01 7.082882457712998958e-01 7.164466494987924428e-01 7.377687271753822218e-01 6.467933457585024470e-01 7.356102408827882577e-01 7.329891207491433525e-01 7.347554734793605435e-01 7.306172549475609124e-01 7.344021922174979178e-01 7.493321995858933660e-01 7.585154028380084457e-01 7.627446678429362636e-01 7.425705328883472900e-01 7.668459374374868576e-01 7.766000484752890731e-01 7.759535586885982772e-01 7.357131947870936273e-01 7.633968369132987375e-01 7.519089486518627519e-01 7.351052690242121379e-01 7.680354425493152171e-01 7.732614401371062929e-01 7.782204038949108726e-01 7.326955562054913162e-01 7.783295499387228311e-01 7.745727101838043582e-01 7.572700034035042549e-01 7.796781144153334120e-01 7.768828742656908037e-01 7.803516191217270137e-01 7.870890544437838532e-01 7.899955964740710268e-01 7.809440605142803360e-01 7.583280761089072897e-01 7.730255782399925168e-01 7.386259443958275162e-01 7.638893378099667064e-01 7.815367720578111355e-01 7.692634016655195417e-01 7.799617200375619230e-01 7.604345989439796893e-01 7.753781460551195659e-01 7.775660921948259752e-01 7.776484373038635711e-01 7.779583395888871600e-01 7.738998124368478004e-01 7.581326227563616182e-01 7.749300915360831654e-01 7.749639736443100224e-01 7.709275791837008063e-01 7.868808536233016238e-01 7.867606181796016340e-01 7.884801697638550433e-01 7.831787223479713678e-01 7.894409638641366467e-01 7.889049399699965548e-01 7.869496060737956045e-01 7.868580152702886465e-01 7.886012312140308067e-01 7.868566376806562790e-01 7.872573682108575666e-01 7.846223023200864510e-01 7.872973036845730688e-01 7.874531058225066049e-01 7.876193006458334089e-01 7.880125115557575777e-01 7.897438039009643251e-01 7.838907266776972138e-01 7.830073952297548212e-01 7.884006768400375620e-01 7.845279521026671254e-01 7.871262445102938932e-01 7.875162649639332324e-01 7.851099850585120388e-01 7.850950488937367133e-01 7.852703817189704560e-01 7.898662229032573645e-01 7.868531120351349717e-01 7.863299275753227180e-01 7.886641960034507237e-01 7.710556849851618599e-01 7.649778999636355215e-01 7.798113059078058962e-01 7.828082693469460285e-01 7.783696780168390950e-01 7.773756110203333680e-01 7.785226163390590592e-01 7.846490623251072272e-01 7.808754537862028222e-01 7.719185154988581488e-01 7.863363613571869859e-01 7.875706496017151892e-01 7.849084476265779653e-01 7.858158276072341186e-01 7.825733097987902509e-01 7.849787138688919530e-01 7.829419148259957328e-01 7.830194803907398748e-01 7.839552674121867959e-01 7.791920671682434074e-01
1.880415814069833283e-02 1.087920010644193858e-01 2.393269277326450228e-01 4.492053947985946705e-01 3.706782844524436626e-01 4.317135764555110611e-01 6.811042206511389585e-01 6.207029640623824562e-01 7.159934681402974066e-01 6.499348550608944342e-01 1.000000000000000000e+00 7.822416301019664564e-01 6.911868239647225298e-01 6.173036869123098569e-01 7.825145653747909158e-01 7.703423091470363859e-01 7.294465720293000777e-01 7.503113769812066458e-01 7.628648797826361738e-01 6.888581071255527322e-01 7.648042078232144547e-01 7.714845532816059226e-01 7.667126788834794926e-01 7.522541667975163326e-01 7.617407747239250959e-01 7.900404541435775974e-01 7.908914425218159794e-01 7.944738848078035653e-01 7.659812012792177605e-01 7.970347093833302088e-01 8.264903552810842768e-01 8.071506831691367401e-01 7.695532456671334565e-01 7.969702753442079457e-01 7.899660698195952735e-01 7.782700482858762037e-01 8.076370905252140409e-01 8.094830130304984106e-01 8.168457285942817281e-01 7.704309037747060218e-01 8.202689675033310035e-01 8.177682210172150246e-01 8.072172606871644840e-01 8.223959644871099428e-01 8.147965809495326672e-01 8.139442961001175370e-01 8.208187641896775855e-01 8.204965849008791778e-01 8.205840697962261121e-01 8.027535240757617263e-01 8.132773485423480109e-01 7.928947496903797632e-01 8.089479589390421443e-01 8.127909254950879125e-01 8.049947296241070083e-01 8.221822353313236187e-01 8.022382249577766355e-01 8.142715348014598620e-01 8.100413296171196098e-01 8.163111777290834592e-01 8.228096434622892419e-01 8.095657370529943941e-01 8.006546685091646687e-01 8.168537498210409753e-01 8.099955880844722511e-01 8.123732438996681404e-01 8.220938020184540562e-01 8.219766597542028652e-01 8.212344837750894522e-01 8.192745341811619175e-01 8.231321042519467168e-01 8.240921639468227200e-01 8.143127113458736854e-01 8.185030032754047058e-01 8.272343724275381671e-01 8.234361970892212224e-01 8.228799805878000972e-01 8.172240257648543116e-01 8.222111887380731954e-01 8.237874404381986260e-01 8.235210854534918967e-01 8.263178276910950748e-01 8.250492657613419656e-01 8.216281862484259291e-01 8.226980235202201452e-01 8.217170719241805310e-01 8.276270499079938503e-01 8.261006133657984307e-01 8.261297235964444319e-01 8.266438427356763707e-01 8.265068990635212609e-01 8.255338377933675309e-01 8.265045389762570860e-01 8.264897937444279918e-01 8.245628371102426968e-01 8.250053258666790734e-01 8.171026255174587138e-01 8.139648198207062313e-01 8.222921952067488993e-01 8.234890602644837632e-01 8.239961018965998862e-01 8.210464043071918905e-01 8.212767288406668253e-01 8.261851184041139051e-01 8.268776567737941008e-01 8.179864312160327611e-01 8.263396452496146738e-01 8.257081035059878893e-01 8.240330996853618695e-01 8.250249605836077471e-01 8.242607760709077525e-01 8.243961801839670978e-01 8.228561759799929431e-01 8.246550151544776996e-01 8.203651003264438302e-01 8.224834990933600487e-01
5.786698762324404832e-03 1.378890633172117630e-01 2.720104374119297064e-01 4.790521099341438771e-01 3.934440612758783873e-01 4.659163246197297603e-01 7.308848414541783134e-01 6.828806638586115696e-01 7.722495353135760965e-01 7.220948784767003970e-01 7.822416301019664564e-01 1.000000000000000000e+00 7.379378726243884801e-01 6.907623900822273955e-01 8.566781452901419680e-01 8.448030947087278308e-01 7.905111599786587284e-01 8.178012357813990718e-01 8.298768192284954326e-01 7.708691124294677621e-01 8.344711436391119008e-01 8.386440628325561031e-01 8.329943982966199201e-01 8.221438175660864545e-01 8.220711272462619679e-01 8.586887258904499776e-01 8.687282563390398282e-01 8.645498573586372082e-01 8.429150700368901461e-01 8.676283180238872905e-01 8.909963666246204506e-01 8.745233908817346968e-01 8.327423533483093721e-01 8.628860963184595834e-01 8.558484277058506784e-01 8.395883104966537225e-01 8.748878364752831205e-01 8.794462634489196295e-01 8.885411005949673813e-01 8.257897684900389335e-01 8.922119284841801834e-01 8.870762729636008093e-01 8.651711819372747136e-01 8.951956537761827093e-01 8.855735733018176292e-01 8.873905414346507925e-01 8.971957986547238750e-01 8.986916673475031647e-01 8.945714731537979247e-01 8.657043934801763596e-01 8.825292455658345636e-01 8.589230814422426086e-01 8.832761069622936390e-01 8.910960136216103944e-01 8.818310583988391294e-01 8.931925090756603902e-01 8.754283391939777781e-01 8.907726237565802840e-01 8.887422716732272798e-01 8.932844320905364288e-01 8.958605945060604814e-01 8.884112890414064267e-01 8.761579279255230501e-01 8.909586678167710216e-01 8.867025486985528060e-01 8.884485584771613098e-01 8.979897535845741130e-01 8.982720712445906308e-01 8.962745951176556147e-01 8.973554395878539092e-01 8.989255447488984085e-01 8.982846370881293341e-01 8.923365909914388050e-01 8.926968132140867818e-01 9.008367753442561021e-01 9.003211416655251265e-01 8.958592785261956237e-01 8.930513234633524755e-01 8.953822372569075760e-01 9.004491341403150217e-01 8.981593180951137345e-01 8.994947894251773546e-01 8.986591650550231902e-01 8.970306694237564216e-01 8.947114980841637255e-01 8.974912741533451754e-01 8.978250817983868259e-01 8.994607611342129161e-01 9.010203489667232279e-01 8.973969954133165228e-01 8.958725132499213428e-01 9.004325144686793347e-01 8.986577374047427513e-01 9.008435029058416976e-01 9.005296180249870996e-01 9.022162502639942128e-01 8.870262768410283050e-01 8.837972068318136198e-01 8.980528803808128790e-01 8.962602873519905922e-01 8.939216323777391393e-01 8.949178674875563066e-01 8.954893932150473912e-01 9.017639581837351148e-01 8.973105658606214119e-01 8.914973954570698522e-01 9.010142117124191330e-01 9.012732858130085845e-01 8.997402442310883375e-01 9.010376582070908080e-01 8.990794570397666607e-01 9.013502056981106403e-01 8.986975748682201059e-01 8.997870029197103658e-01 8.963810517565999891e-01 8.971092876761572743e-01
-4.126020810687312627e-03 1.205989174158100669e-01 2.158915924902852501e-01 4.520936919188138226e-01 3.857317911296527235e-01 4.002803485664196415e-01 6.725680543621453955e-01 6.222883429206809147e-01 7.084311699438173848e-01 6.563962573179944471e-01 6.911868239647225298e-01 7.379378726243884801e-01 1.000000000000000000e+00 6.266482378266172715e-01 7.871164141221179689e-01 7.793330309972762437e-01 7.198816192854964324e-01 7.316695279608802505e-01 7.471299405789169068e-01 6.913802455132063152e-01 7.447560033764257792e-01 7.558208804236209444e-01 7.599510585483731928e-01 7.410378644039831153e-01 7.394588991129958933e-01 7.853947938073063684e-01 7.820906295663166974e-01 7.850172569758625540e-01 7.654684264471007804e-01 7.840036173155870980e-01 8.077131020720114130e-01 7.961414061899408923e-01 7.486229034282909645e-01 7.794400000428123310e-01 7.770420514747451435e-01 7.541285956633370091e-01 7.972868808967682464e-01 7.929718235337829269e-01 8.042148250125941145e-01 7.477947374540745429e-01 8.113704716338248080e-01 8.073988644241508750e-01 7.884284956443908809e-01 8.153955937839256762e-01 8.074674631353049303e-01 8.093406466143658884e-01 8.187249771420523903e-01 8.204578632304543317e-01 8.092669828155603096e-01 7.770067399848282763e-01 7.951946408332686289e-01 7.785130643591438027e-01 8.009957594112884216e-01 8.155175064898820825e-01 8.070831868794918762e-01 8.164783223049904004e-01 7.953308407493463461e-01 8.205116777164408459e-01 8.037180811973936301e-01 8.187262353710901275e-01 8.165832366697066691e-01 8.122838275012107534e-01 7.934932318960650210e-01 8.043426991092290645e-01 8.055474899732230076e-01 8.084066637719808934e-01 8.192158889100205066e-01 8.201569343536750933e-01 8.180892066696692222e-01 8.186106004971830385e-01 8.183658327148716216e-01 8.195328072670960973e-01 8.113709027502206128e-01 8.097241841969515797e-01 8.242503756815189320e-01 8.201624627451793437e-01 8.192015401898842253e-01 8.177679311396403028e-01 8.166492824299323994e-01 8.205610030615935191e-01 8.221033730755347158e-01 8.245388110146649741e-01 8.178302945062029261e-01 8.212105725105518506e-01 8.142350500370432176e-01 8.169639569348591257e-01 8.187851652730097074e-01 8.220074639809639150e-01 8.228260870938544080e-01 8.226150729629843061e-01 8.172812971555919459e-01 8.235763572276746380e-01 8.200944614458909321e-01 8.235679010151737423e-01 8.229872986690449643e-01 8.251101258683151141e-01 8.080099001661337210e-01 8.062468746282757115e-01 8.208977380976050231e-01 8.177640429661190424e-01 8.181986789770111512e-01 8.172474831326292932e-01 8.173268569343592471e-01 8.232599906242895615e-01 8.171339612572430244e-01 8.149346219858162321e-01 8.222975078010040795e-01 8.237454232537249066e-01 8.259707269981073630e-01 8.224396741615420670e-01 8.225109757909982999e-01 8.235656013274441634e-01 8.230104698051979861e-01 8.204678431217383716e-01 8.191799212704132804e-01 8.200678571773963865e-01
