1.000000000000000000e+00 1.639245468749721546e-01 9.679644143078076912e-02 -1.120459655390997344e-01 -1.028805817506659240e-02 -1.754267860907875046e-03 1.537219266922528263e-02 7.132174736165479293e-04 1.306093123808016454e-01 4.697607543523329293e-02 2.368087706951279778e-02 -5.521999237270829031e-02 1.948669995383909420e-02 -2.137306036128744022e-02 -6.113426986101544967e-03 -8.983396351106839395e-04 7.973608790186642592e-02 1.750321345361920133e-01 1.417920115120918090e-01 2.095949664121737194e-02 3.195273797989146153e-02 7.974729881141418009e-02 1.907980004350934011e-01 2.017203564970276031e-01 1.790961050518277975e-01 1.131995915219291549e-01 8.723395575084756659e-02 1.182351900760620494e-01 1.582608105896740336e-01 1.717745444225752538e-01 9.185273400229300444e-02 8.059377225255737187e-02 4.929482304231627005e-02 5.695125263666281357e-02 8.833919411547141998e-02 3.134157777082172136e-02 8.911106264800700005e-02 -1.011247830768883388e-02 3.327611848146723450e-02 -1.270359800937108027e-02 2.575287056249167192e-02 -1.028779488000698510e-03 7.824841483473018479e-04 -1.906236597736165532e-04 2.398868507507112904e-02 2.999600489929491604e-02 -5.385612922664401170e-03 2.129903919240225957e-02 -2.730672234656229304e-03 -3.212404375046860189e-02 -2.083155253825856243e-02 -3.770429961467175461e-02 -1.673390209461042208e-02 4.399752174735407917e-02 4.582967329800563538e-02 6.653730181756591089e-02 2.150303352665998511e-03 1.882786836699968172e-02 -2.454223015003661676e-03 9.073408972978945497e-03 -1.200277024548038370e-02 4.391976684135406872e-03 -1.586876946728276241e-02 4.916871553230977914e-04 2.771996959923121728e-02 1.862312040981855057e-02 3.177273203056403539e-02 6.450099780847662334e-02 7.565063249531864265e-02 2.573851100980246651e-02 1.787457376556788810e-02 4.662977450375162258e-02 8.110334393401713582e-02 7.851372651846580397e-02 4.125320880910007121e-02 4.027280038030296022e-02 5.483888475827429498e-02 7.536583099538136932e-02 5.455849419535685474e-02 6.605443702014540674e-02 5.056892555482246643e-02 3.408609960715502929e-02 4.119158654815866655e-02 4.624015417764832520e-02 1.300741825975751213e-02 2.405456425636888496e-02 3.401809414371775170e-02 1.262244160454909815e-02 1.962576096277633686e-02 5.913222163813740273e-02 1.819473540357400415e-02 9.981547671473810918e-03 1.312391380772949881e-02 1.251919781301532274e-02 5.970676408861350440e-03 1.637024996626503665e-02 -2.565460178171029282e-02 -3.636003049988044585e-03 7.917412984380351295e-04 -7.820662550645176084e-03 -1.939675016529549077e-03 -6.756894937782452655e-03 8.501235301600349945e-03 -2.862455869271373927e-03 4.542418456319002006e-03 1.254684186685139750e-02 5.992082263379181449e-03 3.147948422804612567e-02 3.791138244326869300e-02 9.970721712308535170e-03 9.944736362771417967e-03 7.725772156318125652e-03 4.632474930012397962e-03 5.512472411251868529e-03 1.901177741871930976e-02 1.385378794187480667e-02
1.639245468749721546e-01 1.000000000000000000e+00 4.295831111368241667e-02 -6.320004176983991099e-05 5.460147015391179914e-02 7.590290508437701200e-02 1.233692371921177866e-01 8.198760940121117835e-02 1.645324975586869853e-01 2.105160777393769445e-01 1.359011569150729570e-01 9.233137936083689323e-02 1.112422413463523552e-01 1.230567220476274232e-01 1.345828133126383552e-01 1.350552853868861036e-01 1.269248455924153196e-01 1.487328683284114550e-01 1.582640897848885952e-01 5.887385618628124956e-02 2.951826844923134685e-02 9.483379476364750538e-02 1.745105472071845631e-01 1.428116164986433789e-01 1.525915435992986902e-01 1.716865531153322355e-01 1.293776300859743600e-01 1.841479339362513956e-01 1.812845448549499361e-01 2.140682257296769031e-01 1.707099957139760760e-01 1.725500575745896881e-01 1.723272197929132943e-01 1.501382531518418162e-01 1.837018581311584409e-01 1.191796366088137965e-01 1.721962949354886863e-01 1.581307592351715863e-01 1.629215727164942951e-01 1.248675375506950597e-01 1.557180410432417728e-01 1.437929552319095750e-01 1.449838504049028032e-01 1.350965422675599048e-01 1.320525437909574051e-01 1.555660169545498295e-01 1.385704749783130962e-01 1.652763680613459352e-01 1.391318663390427868e-01 1.077911031461697838e-01 1.305433857064491610e-01 6.870409602281760120e-02 1.120610095092133274e-01 1.689869502347217389e-01 1.579691750385528448e-01 1.698135680038357909e-01 1.253643707510373739e-01 1.426785634550086501e-01 1.439448900694935696e-01 1.434301329387999702e-01 1.270060011781192766e-01 1.499799558151483636e-01 1.416353396447215807e-01 1.344201648713522212e-01 1.271929465277047977e-01 1.325608136504308754e-01 1.647038394087697033e-01 1.630796696820853708e-01 1.872099484073825870e-01 1.272029409304097913e-01 1.292497128237609094e-01 1.492403885209385439e-01 1.660783832988589892e-01 1.603566515369128920e-01 1.665939523135016032e-01 1.607810923606710629e-01 1.705928635278634864e-01 1.693936487375552191e-01 1.692266906785389602e-01 1.812985909221136172e-01 1.784576864480523217e-01 1.641697257956889477e-01 1.568759745093795677e-01 1.764454404953365307e-01 1.537535229958273408e-01 1.578134783469564428e-01 1.570230684756446227e-01 1.634966314125468612e-01 1.612957142461113325e-01 1.800070323665100558e-01 1.551410268442785789e-01 1.539723649280974327e-01 1.446248469201490139e-01 1.521407259931833178e-01 1.527028060075039662e-01 1.646556162685960667e-01 1.133041955361438757e-01 1.223300853291014040e-01 1.412974494843982631e-01 1.449015038442909853e-01 1.380394381251298652e-01 1.367291018063769015e-01 1.386577234773665179e-01 1.353749065536690166e-01 1.287737430265855354e-01 1.390112916900169415e-01 1.445338172330656312e-01 1.707751319658304401e-01 1.743049693321667148e-01 1.494525669319329564e-01 1.578702780760155300e-01 1.436667828567690930e-01 1.513538766453920992e-01 1.431486248608627998e-01 1.372055402861410145e-01 1.423602882681728188e-01
9.679644143078076912e-02 4.295831111368241667e-02 1.000000000000000000e+00 3.015981222130398320e-01 2.058712667743536617e-01 2.518652421717004208e-01 3.379722950379386304e-01 3.349876705000882082e-01 3.405231838228633401e-01 3.062389933651014640e-01 3.783379648812340568e-01 3.378541235562152467e-01 3.373164783091006647e-01 3.168275464500086014e-01 3.653280560551913081e-01 3.512174956525206393e-01 3.612355789686177432e-01 4.262853709984177897e-01 4.266476837071143668e-01 3.584349974608443401e-01 4.127703288018879646e-01 4.407841721155640879e-01 4.081482846069077186e-01 4.167602658800408921e-01 4.198210147654510838e-01 4.076589827201291816e-01 4.216655946543649836e-01 4.126129865857332546e-01 3.938547425854967421e-01 3.703831207208290177e-01 3.984723789304110420e-01 3.977108135443887527e-01 3.568151569046020266e-01 4.103921736914530327e-01 3.611356449865270601e-01 4.130891552624195162e-01 4.000368390876536950e-01 3.688350974532897397e-01 3.820689495455080742e-01 3.981539071699318755e-01 3.863785560227368521e-01 3.829761995302792266e-01 3.787735546011013477e-01 3.880225092074454096e-01 4.066908201100369880e-01 3.727618509901353683e-01 3.627165307496595936e-01 3.550054115626160578e-01 3.599404100715467014e-01 3.661795778728523243e-01 3.691012551183290857e-01 3.703083289678210099e-01 3.693391942425549579e-01 3.573857970243000670e-01 3.674663239708192974e-01 3.845588276055714183e-01 3.645574468615090935e-01 3.653460329671593954e-01 3.493209815064509671e-01 3.583102604899628951e-01 3.590415641415856118e-01 3.520507084390214758e-01 3.509270234189521553e-01 3.577244715798631458e-01 3.639047059211509283e-01 3.625010358131146582e-01 3.632917614928534156e-01 3.965667548089290562e-01 3.783664989932332690e-01 3.880180352786190001e-01 4.039486943560329779e-01 4.047033728055802748e-01 4.015994107911262101e-01 4.030808703438595320e-01 3.794169711180172544e-01 3.781612760416613872e-01 3.848615699007967850e-01 3.797347406185385688e-01 3.840114140122525277e-01 3.655204921876924473e-01 3.764256768188168345e-01 3.779018421861419230e-01 3.860368205738249903e-01 3.621083728850498229e-01 3.745382268220485145e-01 3.837868855916654054e-01 3.844107941024254016e-01 3.634999065819357611e-01 3.654831604561738501e-01 3.771482272440995764e-01 3.827170984627181749e-01 3.708715935456294854e-01 3.791478823015366206e-01 3.732469053853091356e-01 3.557713758294070439e-01 3.541907365010061870e-01 3.768586791180807971e-01 3.675847913746271844e-01 3.667184320197487413e-01 3.656609702598745404e-01 3.740621038419535971e-01 3.621807768877968181e-01 3.678000943012297852e-01 3.717832844656247526e-01 3.740714235562510592e-01 3.584647859845200291e-01 3.602082151296646106e-01 3.546888136789216328e-01 3.594059216355757203e-01 3.615715030869092184e-01 3.586347335950466064e-01 3.576667559429379528e-01 3.535068693851581290e-01 3.557765553910477996e-01 3.669166643316205123e-01 3.625200699552538208e-01
-1.120459655390997344e-01 -6.320004176983991099e-05 3.015981222130398320e-01 1.000000000000000000e+00 3.493411179546493939e-01 4.115392260362584764e-01 5.356090096690587776e-01 4.948347236033819874e-01 4.385947456798789945e-01 4.410772508646321199e-01 5.334043555390215463e-01 6.159160447327238774e-01 4.811543128915405920e-01 5.143979313840689738e-01 5.836072097119442414e-01 5.582532968423158382e-01 4.790795625114911416e-01 3.972004739891621394e-01 4.294362419166282141e-01 4.706024303064988423e-01 5.833102545514146087e-01 5.377992145865906348e-01 3.658180824481032101e-01 3.349755885271019085e-01 3.946503416755162696e-01 4.746991486282596817e-01 5.207844197324832392e-01 4.603641432489823382e-01 4.009565708320261823e-01 3.800832617441101680e-01 4.997521536055219982e-01 4.816090280758358877e-01 4.798255742531977730e-01 5.116149967770047269e-01 4.324752165809421789e-01 5.608476316797659234e-01 4.976650680362483814e-01 5.476712259181667486e-01 5.380314802665071561e-01 5.765652967847543220e-01 5.635660757198805992e-01 5.778041723577723721e-01 5.741186352072308319e-01 5.902685536874526795e-01 5.751358239576856990e-01 5.540727638300307900e-01 5.684571942199921901e-01 5.439745750155997595e-01 5.555368401276483681e-01 5.807852731730059892e-01 5.803201982022724303e-01 6.155593644175114676e-01 5.921687914872592051e-01 5.079376368146876208e-01 4.969665536499619507e-01 5.037979980221455323e-01 5.473481088072265077e-01 5.605396100438869711e-01 5.380401712069553533e-01 5.613861796925677661e-01 5.664610811563082216e-01 5.435169083169545390e-01 5.493215387630362434e-01 5.667359121729333982e-01 5.626940455439141120e-01 5.488464526513461283e-01 5.423132822974567890e-01 5.246249576922055180e-01 4.919792436510977973e-01 5.609427662108079637e-01 5.925313037788361159e-01 5.519818662138554766e-01 5.034283927009620685e-01 5.225917213093095315e-01 5.425760870543040459e-01 5.423717327200815452e-01 5.255885119282491802e-01 4.942497111105627616e-01 5.231683408291798454e-01 4.973950635987232638e-01 5.129955285004295096e-01 5.440661153949543083e-01 5.542379449573073824e-01 5.053057141945634934e-01 5.528880951593742044e-01 5.480241521513808944e-01 5.498897645963787273e-01 5.489281937907011244e-01 5.429860919197309066e-01 5.151355488786656389e-01 5.586379335358188092e-01 5.659615046889128198e-01 5.701884213462852236e-01 5.610975379847171762e-01 5.560722421116800485e-01 5.480825172028773729e-01 5.881811818843172279e-01 5.777140306560841765e-01 5.675447187483311229e-01 5.730100026457093376e-01 5.798888754552653513e-01 5.701009783714144907e-01 5.749694400755797075e-01 5.807881987738265916e-01 5.816222853138075521e-01 5.540488625641059039e-01 5.605180967901083333e-01 5.306920774184494816e-01 5.279022560015836918e-01 5.606204535036991565e-01 5.528027275846557620e-01 5.628280308948918620e-01 5.574840471621819171e-01 5.617111908739823578e-01 5.632649194812963112e-01 5.622287892853647939e-01
-1.028805817506659240e-02 5.460147015391179914e-02 2.058712667743536617e-01 3.493411179546493939e-01 1.000000000000000000e+00 3.326389491525271747e-01 4.833463472847448483e-01 4.787381862445940772e-01 4.585838518632283090e-01 4.274918970861387169e-01 4.579287064874749125e-01 4.876464317046240726e-01 4.719774490006657941e-01 4.301407017643938957e-01 5.098710925848871645e-01 5.158484370720489709e-01 4.634069394914797635e-01 4.009387716656585554e-01 4.323807527821583729e-01 3.936751274381128929e-01 4.354219943050875452e-01 4.388295653132814889e-01 3.911718218050895812e-01 3.604158215727077952e-01 3.967068393605101551e-01 4.839939072460822111e-01 4.722029246833894245e-01 4.404965121948920537e-01 4.064385142853736421e-01 4.202189687363932502e-01 4.748519483336506308e-01 4.694684386694119582e-01 4.344453326763338952e-01 4.656604899810291021e-01 4.362283280195557444e-01 4.762784567282714598e-01 4.580537518818897369e-01 4.903858658609012156e-01 4.872246119082929705e-01 4.733918578775395125e-01 4.996741274388029064e-01 4.959338009100187072e-01 4.934730635974896029e-01 5.126637392225483758e-01 4.949399199801636229e-01 4.925989514523431700e-01 5.011389169622694206e-01 4.908450083417472132e-01 4.943340207938924924e-01 4.969536016147585444e-01 5.019267435791164855e-01 5.030471827454490175e-01 4.999486516215272403e-01 4.804670824882352753e-01 4.697136758307317583e-01 4.727896561735111525e-01 4.801754047989623131e-01 4.954514056089580620e-01 4.837747049671501931e-01 5.022573527860958453e-01 4.960950426335742902e-01 4.898166273126336456e-01 4.773447777093558497e-01 5.018107475687261232e-01 5.050997407727939592e-01 5.053752188080201657e-01 4.968245107962484530e-01 4.943573920378178110e-01 4.846595664439600215e-01 5.026831808150690195e-01 5.013160916460046579e-01 4.987860987068015173e-01 4.803165918141859558e-01 4.825626606116052431e-01 5.021870360952845891e-01 4.959579336814481931e-01 4.875512756622349397e-01 4.777311622048117101e-01 4.876218627729286270e-01 4.771924320997650293e-01 4.868955548769089980e-01 4.947186620094759513e-01 4.961389746524551558e-01 4.838175519059804142e-01 4.971483247439125175e-01 4.965291478463300656e-01 4.951047462484523543e-01 4.987993227272599639e-01 4.962621120760010718e-01 4.905820095698812389e-01 4.976086051703678126e-01 5.045763752991718754e-01 5.044551171790271349e-01 4.972810079435032171e-01 4.995369455902726741e-01 4.963261510070270943e-01 5.013200911348804079e-01 5.093356944248292884e-01 4.983345079448033288e-01 5.017397670530621134e-01 5.042274958856499678e-01 4.974106472165240600e-01 5.061992627688124413e-01 5.077250778224263739e-01 5.062785853623459342e-01 4.921010764533601534e-01 5.018067961603847049e-01 4.938651899081761831e-01 4.932237920800694453e-01 5.028050904831156132e-01 4.923425391957195751e-01 5.031446718573471255e-01 4.961302720585452630e-01 5.032777553527567616e-01 5.034884362042546524e-01 5.034528484050024844e-01
-1.754267860907875046e-03 7.590290508437701200e-02 2.518652421717004208e-01 4.115392260362584764e-01 3.326389491525271747e-01 1.000000000000000000e+00 5.482204766220061254e-01 5.160183952879467961e-01 5.477116696324262346e-01 4.986057772988709558e-01 5.570122422861013556e-01 6.026420136244791115e-01 5.386213328387199351e-01 5.569771203482822841e-01 6.230652111929246839e-01 5.963952363367424070e-01 5.311965098181377076e-01 4.959575298377318364e-01 5.385887307284936698e-01 4.703466429655375758e-01 5.317622180441233803e-01 5.635737316687944309e-01 4.920383064766505887e-01 4.594449781905160513e-01 5.062601746089622212e-01 5.795591194468854290e-01 5.995924171294257921e-01 5.620801918083773163e-01 5.318306938565416919e-01 5.199702365903832169e-01 5.956326509130892566e-01 5.884984486038119522e-01 5.559069669910233769e-01 5.837165220855282666e-01 5.483955911431155350e-01 5.928828533460653860e-01 5.850234241439628002e-01 6.075579575177617597e-01 6.040278811067028020e-01 5.993764712677325246e-01 6.103095116275383258e-01 6.186151010034390829e-01 6.139018585918960547e-01 6.305737114981699865e-01 6.242555941030680788e-01 6.175948423844295210e-01 6.194173284481554465e-01 6.155832387873410028e-01 6.201372484922340611e-01 6.060964651253637481e-01 6.159077309778664411e-01 6.035262415362273591e-01 6.172535363046338652e-01 6.014399593693616763e-01 5.925017065233124658e-01 6.015307263559451778e-01 5.968468341286928824e-01 6.213678367907311539e-01 6.013408266513325939e-01 6.224653175093290969e-01 6.199807883575245704e-01 6.063088998893532144e-01 6.029998976298728275e-01 6.128051513607482015e-01 6.100236279324322552e-01 6.167530581686062607e-01 6.159453529741422129e-01 6.151992695773327302e-01 6.014044643260195722e-01 6.132647084170268492e-01 6.285967178495081020e-01 6.269384449193551312e-01 6.012076456027588556e-01 6.097136200054651400e-01 6.216712404313960993e-01 6.206346655627972275e-01 6.196542614814574135e-01 6.044023621634869725e-01 6.153391861231707338e-01 6.064579025971762460e-01 6.098254614556571918e-01 6.215195901164601855e-01 6.152656177752997557e-01 6.036176300853802745e-01 6.203321186367216633e-01 6.202583594984001358e-01 6.218937776975874687e-01 6.199165549501592931e-01 6.181179775713326885e-01 6.113790079388614629e-01 6.215430496752510914e-01 6.280022789836964270e-01 6.282685086333067437e-01 6.254940652781789678e-01 6.207054342946790593e-01 6.192663989359825649e-01 6.262496406432140894e-01 6.202195530149048341e-01 6.228159021580406129e-01 6.261781483564948791e-01 6.300493598964763686e-01 6.218922482892242920e-01 6.225768218176398472e-01 6.309979893903738812e-01 6.251581527474546762e-01 6.092980415969974084e-01 6.226471536460878031e-01 6.133571591355403418e-01 6.128143798522875940e-01 6.216638174898442282e-01 6.156946512153812501e-01 6.249819244509360328e-01 6.184273545054763677e-01 6.201233688643121855e-01 6.210967961503461865e-01 6.201049680548157417e-01
1.537219266922528263e-02 1.233692371921177866e-01 3.379722950379386304e-01 5.356090096690587776e-01 4.833463472847448483e-01 5.482204766220061254e-01 1.000000000000000000e+00 7.027050369191206736e-01 7.198550961064088538e-01 6.855795164961194788e-01 7.547079046637495958e-01 7.921427301350218997e-01 7.195422446162488272e-01 7.250831475513804802e-01 8.423667417884590503e-01 8.149456344671914820e-01 7.127745408266829008e-01 6.416337391492928921e-01 6.777739853327205966e-01 6.641063729975063001e-01 7.073516760375833101e-01 7.100557050615554644e-01 6.396493248986587776e-01 5.620593848486479249e-01 6.200096619590771407e-01 7.628197206290170396e-01 7.745904630657801659e-01 7.492072338948204679e-01 7.014462051352173821e-01 6.944129772288742952e-01 7.928981925229403593e-01 7.770912072495560485e-01 7.478867723552202751e-01 7.663249826144535870e-01 7.308470106790090348e-01 7.816616914437836128e-01 7.701291903859672772e-01 8.124920502885913942e-01 8.091668808018201986e-01 8.027600116616145920e-01 8.179339212248059043e-01 8.313985032781271434e-01 8.236133729276094995e-01 8.361978147775851467e-01 8.204899128464986369e-01 8.225103713146595386e-01 8.198198693868994358e-01 8.125604910165246109e-01 8.126542654289813372e-01 8.099964361216699382e-01 8.258628297849819333e-01 8.008293728390748489e-01 8.171346101733176770e-01 7.932590808659611969e-01 7.769638767848905392e-01 7.870822388999193508e-01 7.888107285250859357e-01 8.198623132925703105e-01 8.022095057526242856e-01 8.225563178858581459e-01 8.195036260517262194e-01 8.096749176274644633e-01 7.967277113767270436e-01 8.173394634667594527e-01 8.081959658168840210e-01 8.146482057999629989e-01 8.128707707372300195e-01 8.014657363779661425e-01 7.927992895240388860e-01 8.173408410250238010e-01 8.161611662554348889e-01 8.159231205650117058e-01 7.765120221157991720e-01 7.829814031259557661e-01 8.211963842558346327e-01 8.192033511397881496e-01 8.162717523623624905e-01 7.963023639758293193e-01 8.130094814018784533e-01 7.954479881360693172e-01 8.087914390624697525e-01 8.213922174837183787e-01 8.175445020528490092e-01 8.006369773630622744e-01 8.209327591039651262e-01 8.155646050789905344e-01 8.195147622016896172e-01 8.240793681604934307e-01 8.193333131948357106e-01 8.086683732813859660e-01 8.263299159185386600e-01 8.283639529260319323e-01 8.259596983110876200e-01 8.294482712661594981e-01 8.190668891255862283e-01 8.167064332089962742e-01 8.221022836374866083e-01 8.154704708073789998e-01 8.217905299698412547e-01 8.284672950301822381e-01 8.315904391988441224e-01 8.194372386325553537e-01 8.238254430135172335e-01 8.328821715509093782e-01 8.231970612289820632e-01 8.010893598395428805e-01 8.208873785388693944e-01 8.117049800361884060e-01 8.099785270203250231e-01 8.236159281720615288e-01 8.164070548733783905e-01 8.217930597738577481e-01 8.173713987988646679e-01 8.186194020082238065e-01 8.179640118331764631e-01 8.186362164957389220e-01
7.132174736165479293e-04 8.198760940121117835e-02 3.349876705000882082e-01 4.948347236033819874e-01 4.787381862445940772e-01 5.160183952879467961e-01 7.027050369191206736e-01 1.000000000000000000e+00 6.633291976476500817e-01 6.216351206288495135e-01 6.995432784476881549e-01 7.305763960171031135e-01 6.848933301798487694e-01 6.779695575313499090e-01 7.662816356046835420e-01 7.700122450296149612e-01 6.667728252522109322e-01 5.968263435827455554e-01 6.436293660389950100e-01 5.923631923312621117e-01 6.751101811791344609e-01 6.829071015329981620e-01 5.843222096067739457e-01 5.338846286350624748e-01 5.838045698881545453e-01 7.055575807149255807e-01 7.248676971353540388e-01 6.733332571251494647e-01 6.369763754705372039e-01 6.326619132224571285e-01 7.275079858535333788e-01 7.139622921881585427e-01 6.827378777191036585e-01 7.059170024384636699e-01 6.707580268938443391e-01 7.172821875141039971e-01 6.972322032762171551e-01 7.414198393748868687e-01 7.379528956750505131e-01 7.239336237843096988e-01 7.452900026875994843e-01 7.594916507238705927e-01 7.522354352759281770e-01 7.675146167121209562e-01 7.560655602590631297e-01 7.503364797896068250e-01 7.553865774297630065e-01 7.425828891009345067e-01 7.498110455026938403e-01 7.534070448106411355e-01 7.603940116831046092e-01 7.425819851451780362e-01 7.603538012888965136e-01 7.288606673223094745e-01 7.189512667774555776e-01 7.106191797246091957e-01 7.358741093926310928e-01 7.541765606086519025e-01 7.442315114677292565e-01 7.604526448608733835e-01 7.625350727041914078e-01 7.484472953246267268e-01 7.433894973884903612e-01 7.572259111781092233e-01 7.502098948402968759e-01 7.565512593060558233e-01 7.410842103079479104e-01 7.398527035708970523e-01 7.230184438506496170e-01 7.493432598171477776e-01 7.614766864338612384e-01 7.566570967293938521e-01 7.133817999684560762e-01 7.249645773604469490e-01 7.526071792793949111e-01 7.462643002973325945e-01 7.412186539320200218e-01 7.273226111156793072e-01 7.403692489820662415e-01 7.274679145827603888e-01 7.351615944854794638e-01 7.499582698276728854e-01 7.419518843821039100e-01 7.320559802964132778e-01 7.498786151620345786e-01 7.466805045980207112e-01 7.494416564312960105e-01 7.503876598237326778e-01 7.476362552319700816e-01 7.354498119744400375e-01 7.466506131653514178e-01 7.556423661974266404e-01 7.572789671166847425e-01 7.559726876999283141e-01 7.522223759016896105e-01 7.465751600082020101e-01 7.567305652595371912e-01 7.590079852915901926e-01 7.544904661244289379e-01 7.554766284100140616e-01 7.624038426790104017e-01 7.554047207253496987e-01 7.598460340530069912e-01 7.654270770614383101e-01 7.571425007924444950e-01 7.426562738998145896e-01 7.565781118531349492e-01 7.405663745323936009e-01 7.393528787077215947e-01 7.544123608692081540e-01 7.450945526908712147e-01 7.559323929394762276e-01 7.499286593849318061e-01 7.537186905193159481e-01 7.547797635929576199e-01 7.558065814399149707e-01
1.306093123808016454e-01 1.645324975586869853e-01 3.405231838228633401e-01 4.385947456798789945e-01 4.585838518632283090e-01 5.477116696324262346e-01 7.198550961064088538e-01 6.633291976476500817e-01 1.000000000000000000e+00 7.121591306359252860e-01 7.838554679099503097e-01 7.771727140199996553e-01 7.402677937011984399e-01 7.481072780572252112e-01 8.295838851876686793e-01 8.105472707612032535e-01 7.797969217178865042e-01 7.354918353572745815e-01 7.584840276899235123e-01 6.357379420419796423e-01 6.748938250946386885e-01 7.314869673328139310e-01 7.386928017600891128e-01 6.793139855839559482e-01 7.165893397290717948e-01 8.352872989056284725e-01 8.168630501934392996e-01 8.081340296658667821e-01 7.779781963233866060e-01 8.088937526300714609e-01 8.548570193520510507e-01 8.401586621142860256e-01 7.951513904898879215e-01 8.167307242308430304e-01 8.148278862041437032e-01 8.000809236972351579e-01 8.386004694191966369e-01 8.225637497863416137e-01 8.480501432618723356e-01 7.883006443057942736e-01 8.473736991990361567e-01 8.390469477992256175e-01 8.272405986932370725e-01 8.448724196426141697e-01 8.452027192975708481e-01 8.508603749518058867e-01 8.541616139880994218e-01 8.611297495525745971e-01 8.445443909355008216e-01 8.072402096338495703e-01 8.332421606084663424e-01 7.978187798460520952e-01 8.300832515965455016e-01 8.560682080073634959e-01 8.341251547414737511e-01 8.424938249615181451e-01 8.214548603715388086e-01 8.555360292746337914e-01 8.358269288068898017e-01 8.634637572149362894e-01 8.476932967280275122e-01 8.445753340531265696e-01 8.306915591428070123e-01 8.468912552540898142e-01 8.567954841089935325e-01 8.564001490678434525e-01 8.642956276445730168e-01 8.678608943183144797e-01 8.686246125286837261e-01 8.462967080335555004e-01 8.449788038041409211e-01 8.641839678413192338e-01 8.510216191386809070e-01 8.511636000799469581e-01 8.723811847649939333e-01 8.669471194142019943e-01 8.651507143995877946e-01 8.620393852331177387e-01 8.646970409671514979e-01 8.655746893871290037e-01 8.676376721337520914e-01 8.691910421833015654e-01 8.593126449882864115e-01 8.651557981722894919e-01 8.553605738938818703e-01 8.630298878688367203e-01 8.660713541400236748e-01 8.603589063909099499e-01 8.657471304191914907e-01 8.662902950945861047e-01 8.567987574574631449e-01 8.614191709176228784e-01 8.627307335864260462e-01 8.632387030658686955e-01 8.612896270112950781e-01 8.642808767529936986e-01 8.349787523964784519e-01 8.433488075953550211e-01 8.509504618689897049e-01 8.506219957527828557e-01 8.544583550030541153e-01 8.493491494052616275e-01 8.551244827789297176e-01 8.593620635689509513e-01 8.556056223890113888e-01 8.443165067352489395e-01 8.573509911224209690e-01 8.676786806144975994e-01 8.648074578247425537e-01 8.600807950587892048e-01 8.550310118359338851e-01 8.640603257782244473e-01 8.570389821742406822e-01 8.583472705447856566e-01 8.631345671823523746e-01 8.622846501435951216e-01
4.697607543523329293e-02 2.105160777393769445e-01 3.062389933651014640e-01 4.410772508646321199e-01 4.274918970861387169e-01 4.986057772988709558e-01 6.855795164961194788e-01 6.216351206288495135e-01 7.121591306359252860e-01 1.000000000000000000e+00 7.277199432599407158e-01 7.505397493956665889e-01 6.836460717622377947e-01 7.127474962218877108e-01 7.905169430156546717e-01 7.649725690859188187e-01 6.889296825152800841e-01 6.193702083902427047e-01 6.643704948869909588e-01 5.852016015023996376e-01 6.152124851102663827e-01 6.592772478118006374e-01 6.296437953867488613e-01 5.584645562867921464e-01 6.135246591634471169e-01 7.513458104501474777e-01 7.341525797767552985e-01 7.338510282217726166e-01 7.055962546948200131e-01 7.211705158681098737e-01 7.862804040431972119e-01 7.594476925915210064e-01 7.355612453063994360e-01 7.442569850754870986e-01 7.236396665836211106e-01 7.445353707574460245e-01 7.614247001230365353e-01 7.845018947055536485e-01 7.867698211300064859e-01 7.540548878053461301e-01 7.959393336493612026e-01 7.946492386652947992e-01 7.858423643001672954e-01 7.959136316608532713e-01 7.835956711754771264e-01 7.989342873315953275e-01 8.016466651687644829e-01 8.093309143493028213e-01 7.932556768972122141e-01 7.600885346456986991e-01 7.897630890441088569e-01 7.485885493502637544e-01 7.832919638765959425e-01 8.002609610949836805e-01 7.834671853062158409e-01 7.808551830793658555e-01 7.747494876691588539e-01 8.037604931590787150e-01 7.940880126617422263e-01 8.044166917906930836e-01 7.994336387375183817e-01 7.997194202242766670e-01 7.875171509185262542e-01 7.936570153589660448e-01 7.866771938993235569e-01 7.939429993182329781e-01 8.032354361258519093e-01 7.918806277183580988e-01 7.906542168481230926e-01 7.884165062744425967e-01 7.854070567575007766e-01 7.964137148854838477e-01 7.688036346551485600e-01 7.740373942593515855e-01 8.062000407459688489e-01 8.052624844748433874e-01 8.015593509098973835e-01 7.951249546653292866e-01 8.014050078901781005e-01 7.973711454568102042e-01 8.026046362882517382e-01 8.100898536813945228e-01 7.986093658673968365e-01 7.980375351107247273e-01 7.979400080673375584e-01 8.011318467894219530e-01 8.019490725091863448e-01 8.089786847303969131e-01 8.084618968616162915e-01 8.031243518274990834e-01 8.022226762332645977e-01 8.085645375399733714e-01 8.066089604905127830e-01 8.100407348432133725e-01 8.089616008003565062e-01 8.107097179245708052e-01 7.856643519380318574e-01 7.853351534494152908e-01 7.994331401227019462e-01 8.025988394244727431e-01 8.044758122360984309e-01 8.000319687050196915e-01 8.030005069965406861e-01 8.049415352622714126e-01 7.974548092154362111e-01 7.892144773400723290e-01 8.045926680516491958e-01 8.099126521410449087e-01 8.072575379933265571e-01 8.076403835678374055e-01 8.061297577830647265e-01 8.070450645556077607e-01 8.054969978824459975e-01 8.008529321475009732e-01 7.979898994580066907e-01 8.028744753127017297e-01
2.368087706951279778e-02 1.359011569150729570e-01 3.783379648812340568e-01 5.334043555390215463e-01 4.579287064874749125e-01 5.570122422861013556e-01 7.547079046637495958e-01 6.995432784476881549e-01 7.838554679099503097e-01 7.277199432599407158e-01 1.000000000000000000e+00 8.388164402401367958e-01 7.587208898756960807e-01 7.881522327411897288e-01 8.672646467285636263e-01 8.467362056447670371e-01 7.820265901790877106e-01 7.350010158298339036e-01 7.737984988242806450e-01 6.775253751028385008e-01 7.404679005159980898e-01 7.772131658234240348e-01 7.416982878811611002e-01 6.804672209142723638e-01 7.221342855499346403e-01 8.433369899708399453e-01 8.454269851800173541e-01 8.277701355182770504e-01 7.866169826962943201e-01 8.048341223875058459e-01 8.853101513335454031e-01 8.585369008619443409e-01 8.174270932453149285e-01 8.400519904854290010e-01 8.195119971145662374e-01 8.424699446123122826e-01 8.601621953975190360e-01 8.668793054644347018e-01 8.744913917971811612e-01 8.517285189696416348e-01 8.834888658447440646e-01 8.827965106555553110e-01 8.771269529193904679e-01 8.862986111879109785e-01 8.849373631376872273e-01 8.820160791092490626e-01 8.889510638111800533e-01 8.884464842287822517e-01 8.823032014017584412e-01 8.572589899790703516e-01 8.798207976423710885e-01 8.495081733479469266e-01 8.761844666264132497e-01 8.822208631067046669e-01 8.703277826498166947e-01 8.686282032646666096e-01 8.658086611524662413e-01 8.892931206366151420e-01 8.754975172527430516e-01 8.900626958242187081e-01 8.875363076671147766e-01 8.815229102111812320e-01 8.703316543916174153e-01 8.790886381719685838e-01 8.766485064899008917e-01 8.824942846284996589e-01 8.891148622067204244e-01 8.905257733931712938e-01 8.828235365242907973e-01 8.831132321565753340e-01 8.874203220067303777e-01 8.964391651275588346e-01 8.720887480832379968e-01 8.757745661461626696e-01 8.983730211373655017e-01 8.942788038719533539e-01 8.900367691757791189e-01 8.809724559955360856e-01 8.923257788033186477e-01 8.817063361153186785e-01 8.891397797308331352e-01 8.970061188938301955e-01 8.896118134797105226e-01 8.788269209194434772e-01 8.877632463864290058e-01 8.931227531728006541e-01 8.956946839974304631e-01 8.915684511446440030e-01 8.919308149760840632e-01 8.901448996122884871e-01 8.928762612949739941e-01 8.958846715255327497e-01 8.974234838971448802e-01 8.958898736394823592e-01 8.925088741425125649e-01 8.927010889420672335e-01 8.844711630386418166e-01 8.801069710786016964e-01 8.885319686729620248e-01 8.904892290249094566e-01 8.952276378686275793e-01 8.871476996251327352e-01 8.938506577490753502e-01 8.964803328017727502e-01 8.915804332703827217e-01 8.771754528422429642e-01 8.919730373712443372e-01 8.899009561780854005e-01 8.899102110129533116e-01 8.898401783325756709e-01 8.884333030193966030e-01 8.922227013797251471e-01 8.889553926318325416e-01 8.884853386480676685e-01 8.887792631542742461e-01 8.909420710263817877e-01
-5.521999237270829031e-02 9.233137936083689323e-02 3.378541235562152467e-01 6.159160447327238774e-01 4.876464317046240726e-01 6.026420136244791115e-01 7.921427301350218997e-01 7.305763960171031135e-01 7.771727140199996553e-01 7.505397493956665889e-01 8.388164402401367958e-01 1.000000000000000000e+00 7.836618434016550117e-01 8.166178400073811350e-01 9.053597723184845236e-01 8.794031249263150052e-01 7.912924669624359364e-01 6.682629932986132726e-01 7.265866748688495358e-01 6.782701333882461547e-01 7.525397699364184678e-01 7.645095307516003302e-01 6.701428306795840228e-01 5.958349848181070385e-01 6.612075182002007390e-01 8.151958000323955567e-01 8.301594816853423708e-01 7.917913967869253389e-01 7.343302109619056495e-01 7.426674234541127406e-01 8.573796923461297625e-01 8.437362599165267874e-01 8.186696737549624681e-01 8.370997675913401936e-01 7.970285408186139620e-01 8.574073192608383520e-01 8.393757969304131983e-01 8.931965059835746956e-01 8.875738249378726241e-01 8.706710174583158768e-01 9.006979018342725629e-01 9.069883417096069600e-01 9.013310280099674499e-01 9.173140743135231867e-01 8.988564756217034546e-01 8.999374772422554791e-01 9.200550718041718978e-01 9.113827165439450928e-01 9.122991365800706687e-01 9.017239137860912912e-01 9.186182928892805410e-01 9.079702806480268729e-01 9.195386006620487329e-01 8.855108874109651751e-01 8.646737825170787151e-01 8.633100056145084356e-01 8.928478635591335921e-01 9.126175929298521172e-01 9.020069589125768728e-01 9.198840120637279405e-01 9.193434533388402663e-01 9.084698388740736208e-01 9.020282656790166165e-01 9.187081882985509429e-01 9.079835417094650474e-01 9.105101500399158665e-01 9.082972246547380557e-01 8.858893772706313285e-01 8.723642556371742351e-01 8.985113606913163187e-01 9.096260889761873525e-01 9.018777878567820760e-01 8.544355103219368752e-01 8.674342499153245845e-01 9.047210437402875005e-01 9.042805790795910292e-01 8.929280547280883384e-01 8.726695445654367722e-01 8.898164463878075470e-01 8.762749363552669868e-01 8.889974111509029164e-01 9.068858547846923024e-01 9.037013604737453853e-01 8.834337964560888823e-01 9.084242901000261217e-01 9.053394137270039943e-01 9.055024372979775249e-01 9.135959739532594215e-01 9.097908604032775015e-01 8.886635877952070439e-01 9.069311787838836292e-01 9.220794999830491667e-01 9.188321215221850746e-01 9.180459600803239084e-01 9.207338460279469450e-01 9.162462678544257555e-01 9.163739557368996147e-01 9.148138918842807499e-01 9.179037952790229937e-01 9.220725510732448171e-01 9.242249535698136009e-01 9.197419779636956116e-01 9.249623483453359718e-01 9.272239121957199792e-01 9.248369896777112187e-01 9.051473497571163040e-01 9.201455583783686443e-01 9.065654622948556840e-01 9.021240447754395042e-01 9.195883363083710016e-01 9.134152741835217526e-01 9.222978554775972393e-01 9.190841469047092982e-01 9.202145140282507185e-01 9.188840853052953062e-01 9.200636864012119442e-01
1.948669995383909420e-02 1.112422413463523552e-01 3.373164783091006647e-01 4.811543128915405920e-01 4.719774490006657941e-01 5.386213328387199351e-01 7.195422446162488272e-01 6.848933301798487694e-01 7.402677937011984399e-01 6.836460717622377947e-01 7.587208898756960807e-01 7.836618434016550117e-01 1.000000000000000000e+00 7.371257543730768136e-01 8.241155548997082247e-01 8.046654585371323387e-01 7.235317199278616940e-01 6.491509948544034181e-01 6.954274764553571853e-01 6.056808057066666029e-01 6.644567753362083939e-01 6.996722317595019947e-01 6.479387315334899089e-01 5.867598758838133977e-01 6.420195899453958743e-01 7.814809223048082565e-01 7.707342900060449864e-01 7.406379836517802406e-01 7.044156341937649612e-01 7.235580958915706073e-01 8.004701936456892764e-01 7.806396375717112868e-01 7.479689261119758514e-01 7.705534083577426641e-01 7.428164378203567786e-01 7.787424004345201434e-01 7.818908276778112620e-01 8.043471271347059082e-01 8.088653407934174311e-01 7.762051083731815737e-01 8.167517687966192597e-01 8.154795356053230471e-01 8.117372009523030618e-01 8.272534960838723306e-01 8.162745101690362937e-01 8.195267963070680395e-01 8.296043002538715516e-01 8.313875278482228959e-01 8.265914024025236007e-01 8.007409324285380547e-01 8.217719244941749102e-01 8.030332522683415464e-01 8.185978086194709569e-01 8.267746944423450817e-01 8.112230392813272184e-01 8.033463061636996194e-01 8.150190807863179066e-01 8.301217040803018365e-01 8.195690182501087495e-01 8.392001642378383863e-01 8.331783972822293105e-01 8.307301808908499341e-01 8.175496135168254241e-01 8.314288034894167234e-01 8.286742143311490727e-01 8.362082043171924495e-01 8.310988951628647259e-01 8.205073795566197870e-01 8.093657358801961132e-01 8.168504960516863589e-01 8.195843637281213789e-01 8.292985127708619730e-01 7.960408579348566827e-01 8.045505632105870442e-01 8.349508606017387313e-01 8.300238836837278145e-01 8.207067741446222309e-01 8.107142916848966152e-01 8.211441170350878282e-01 8.112905601572001357e-01 8.226579320848866894e-01 8.322297193793816161e-01 8.250991585019875618e-01 8.150319007067643451e-01 8.237041742110865483e-01 8.278824974582383867e-01 8.301485016851343213e-01 8.322154118239737386e-01 8.326917689998780681e-01 8.263385129107500005e-01 8.250908268162140402e-01 8.364137186312534666e-01 8.358537685163781594e-01 8.345258092399781003e-01 8.366087235630600416e-01 8.358767250114285119e-01 8.241445952010396647e-01 8.301680117645441337e-01 8.331291363442013820e-01 8.305388382226492894e-01 8.361174668728871273e-01 8.316653119147008333e-01 8.372387914424304078e-01 8.396480698418894439e-01 8.365812487854743518e-01 8.297038590739020947e-01 8.362453171561354814e-01 8.323095975808685321e-01 8.316498227823964084e-01 8.374942109869779605e-01 8.336177229444574621e-01 8.408080854103497925e-01 8.366593974174284520e-01 8.370449314230034021e-01 8.360594143482513729e-01 8.408648070160288368e-01
