1.000000000000000000e+00 1.414380827854432865e-01 1.347009859613496063e-01 1.269071979685664278e-02 -1.275042803601864234e-02 1.816260792405440319e-02 9.157872348563859261e-03 3.693944824427432792e-03 1.219305932695409489e-01 5.973142718201381735e-02 4.361647399395288116e-02 3.489471561093332452e-02 1.499751072223477408e-02 -1.504760184689206415e-02 1.841545823462779896e-02 9.129954418693790813e-04 1.298210826681227281e-01 1.825401632871136437e-01 1.538537624698662898e-01 6.786635200895548004e-02 7.161356236634223993e-02 8.916984706654146331e-02 1.828086502349964559e-01 1.713426498617424687e-01 1.184019602491705875e-01 1.086755702533319656e-01 1.092924506250739086e-01 7.926005412334390099e-02 1.146976264955459901e-01 1.352366199724871765e-01 1.119272943390581809e-01 9.297188814792479994e-02 5.470955050319131763e-02 3.703007305422391371e-02 8.846618634534758607e-02 5.299216481113933064e-02 9.095350419081435489e-02 -2.638285825802025048e-03 4.060534253555105749e-02 -1.459600759294424691e-02 5.068818397101631373e-02 1.441013480387163571e-02 6.182204618664237199e-03 3.788444857649871794e-02 5.151375039897832658e-02 1.450347738961934273e-02 2.018191904129325569e-03 2.901575821542285230e-02 1.255684026869907828e-02 -2.834556897660667554e-02 2.487325447709535977e-03 3.388167907999616729e-02 3.590246977697519794e-03 6.041047109441886886e-02 6.216150761615388959e-02 5.919951793027877079e-02 7.317916210742657357e-02 2.716534693245269833e-02 2.538084637630340715e-02 4.656829710397335925e-02 2.509611222588710444e-02 4.619062171337317418e-02 3.590698311905232698e-02 1.996824539806434096e-02 7.381633014657315583e-02 7.818234577109554884e-02 3.218119437365770524e-02 6.368225431797351621e-02 6.344126589581648712e-02 4.506215049270925060e-02 4.185650442846816643e-02 4.466936002458539445e-02 7.047526354958283390e-02 6.750852569551546445e-02 4.284545459873113221e-02 3.627120898160735019e-02 2.539295070620244121e-02 5.503175139250537917e-02 3.128860207394427301e-02 4.702150417792155118e-02 5.322837612837013482e-02 4.066608575830887862e-02 4.913112797143821819e-02 4.919942642284452772e-02 -6.414282402008293291e-03 1.943767395019472405e-02 4.301299011582682824e-02 5.784165779010427746e-04 1.462121705949956732e-02 3.500433283359191683e-02 1.627974657322015959e-03 8.734118222756144176e-03 1.310683731751022436e-02 1.640566369088437143e-02 5.880349254874812220e-03 1.793033239929172490e-02 -1.391504277747141610e-02 2.824287818530551652e-05 1.684471346677461363e-03 -3.976688941248222517e-03 -1.084833842137301191e-02 9.783953727372288883e-03 -1.644491601844970657e-03 3.173528367327968936e-03 6.304494501447661069e-03 3.844638585637692035e-02 1.570255464048764607e-02 2.847796409243522411e-02 2.083030265605038955e-02 1.362806489419208719e-02 9.831405659023913224e-03 2.621077198963047208e-02 2.356102445539473567e-02 1.351313929571368658e-02 3.513954756285962711e-02 3.479281156207313097e-02
1.414380827854432865e-01 1.000000000000000000e+00 9.492906063749187440e-02 -2.268349047117571363e-02 4.068319184632693264e-02 8.865942888472617966e-02 1.313439514208753212e-01 9.566092431579502342e-02 1.659890588459270733e-01 1.689699540471873151e-01 1.506896684045862522e-01 1.150256898821304108e-01 1.057490808243641139e-01 1.190979298732479097e-01 1.393712042008676544e-01 1.310539398366317998e-01 1.432637082417268504e-01 1.710913498499025687e-01 1.402177758605457070e-01 2.389793223969275543e-02 5.197254136251006768e-02 1.063072425086680206e-01 1.966873453033307351e-01 1.748491156565822324e-01 1.555070004597260691e-01 1.778469731719608260e-01 1.630250283324707061e-01 1.473987853915637580e-01 1.671877404326990724e-01 2.108737307460260002e-01 2.094281681628111791e-01 1.742732874597955894e-01 1.442043425474343610e-01 1.363498997094106935e-01 1.610133223296654759e-01 1.438172584740810278e-01 1.800729169847572753e-01 9.576416338176749199e-02 1.566615026072091521e-01 1.261636678003567602e-01 1.422166752787993038e-01 1.248263765893321692e-01 1.023807813242288839e-01 1.333079715748193006e-01 1.523539953262390279e-01 1.486219160151857344e-01 1.417115616066506045e-01 1.551629474958338140e-01 1.402293240891015202e-01 1.153118579105013031e-01 1.046224993736755704e-01 9.079643200920549384e-02 1.300947927094890655e-01 1.580322418525196559e-01 1.688645778942917119e-01 1.786319581914576904e-01 1.515106151832758541e-01 1.394165502532567213e-01 1.376319556548208367e-01 1.535657752304008528e-01 1.397546692386289202e-01 1.550874356805531096e-01 1.374521164560664477e-01 1.374713140796319510e-01 1.470935946785673909e-01 1.432819097044659429e-01 1.624571499480906289e-01 1.694374963579071969e-01 1.787934722699770773e-01 1.282955594859345461e-01 1.320089969989955703e-01 1.528240717065220966e-01 1.717311610631948593e-01 1.627574583701032473e-01 1.721520716441106158e-01 1.644737848737743147e-01 1.622951826938386077e-01 1.723443415562254666e-01 1.693818048684888056e-01 1.713698046832770328e-01 1.652483152774965880e-01 1.749492554951861401e-01 1.663090407231481160e-01 1.672608819309779893e-01 1.408301092797897280e-01 1.531111964060009600e-01 1.559261046409683160e-01 1.441622031491549272e-01 1.509745023739551828e-01 1.656317121238434775e-01 1.471202636355625482e-01 1.508716674809805203e-01 1.479061515955567008e-01 1.524526948580429142e-01 1.492818304950027375e-01 1.553258957814235841e-01 1.334505028103565305e-01 1.232155485499858982e-01 1.458509442465070194e-01 1.390859123158751376e-01 1.364164025537656921e-01 1.459290370304082152e-01 1.307317621586591705e-01 1.408096127920677176e-01 1.326600120326373033e-01 1.464878401898737081e-01 1.469436396830879066e-01 1.634563170911606245e-01 1.611959967745543454e-01 1.490763890159792771e-01 1.514534027747219957e-01 1.521373241176630919e-01 1.517592932340156853e-01 1.434398938823991665e-01 1.455953500846101645e-01 1.422771049422006384e-01
1.347009859613496063e-01 9.492906063749187440e-02 1.000000000000000000e+00 3.145725717258053278e-01 1.788601255534709722e-01 2.406406759314670130e-01 3.111629007236666467e-01 3.121205874164680316e-01 3.520552990670356430e-01 3.126898353922363261e-01 3.531965773812302811e-01 3.826634661188965114e-01 2.989223253725893925e-01 3.078985745578123323e-01 3.544723843330019886e-01 3.447016413784993460e-01 3.420497971970727358e-01 3.761830878994879557e-01 3.797055530177331217e-01 2.662715795955050702e-01 3.336916598352194230e-01 3.781565132017594699e-01 4.041572124378936537e-01 3.591523437545715014e-01 3.661063587667869323e-01 3.876922613882109458e-01 4.053051690956757103e-01 3.969356439783475743e-01 4.010817031344519057e-01 3.963311804911917591e-01 4.059530415637656597e-01 3.879414977293013100e-01 3.924071882399670641e-01 3.606806105130749285e-01 3.933882953279908001e-01 3.803586131039560780e-01 4.062838710351978633e-01 3.481138974075483339e-01 3.813257576644755731e-01 3.672976190078341974e-01 3.760422969754835809e-01 3.659451773772225969e-01 3.603479590823163714e-01 3.816592024569421260e-01 3.859739205724835309e-01 3.685681906415666509e-01 3.517689419932663597e-01 3.631036704500842927e-01 3.503134396292280628e-01 3.414515293832395826e-01 3.555574748655612183e-01 3.528914992581789201e-01 3.501179254067958713e-01 3.657390956689965389e-01 3.652147440606886009e-01 3.863456954029078627e-01 3.545032099214057708e-01 3.625844282338050450e-01 3.525030170457109091e-01 3.533653993746018740e-01 3.579359245978333548e-01 3.599317353468683978e-01 3.588835038657138266e-01 3.503898030877513059e-01 3.651206249119894331e-01 3.666011037034619946e-01 3.605486401075047587e-01 3.838192912890062147e-01 3.823154618627670476e-01 3.711647518137831669e-01 3.848676907669122960e-01 3.818536115137882714e-01 3.746049429018385446e-01 3.847371701912698505e-01 3.748914692910582103e-01 3.756503708278696729e-01 3.763823951071361140e-01 3.861103664039022276e-01 3.716954890791626109e-01 3.885780163302336998e-01 3.842310984672866470e-01 3.724430474987047157e-01 3.783373548366214534e-01 3.888247512185277754e-01 3.543777029678673030e-01 3.643450881269961750e-01 3.854427461613327832e-01 3.621845261237331970e-01 3.691403231675681740e-01 3.737168470339314319e-01 3.680856671961114102e-01 3.664673211124411245e-01 3.665031399517442723e-01 3.699840034970456881e-01 3.558230183892620579e-01 3.605003585905571240e-01 3.485984249385855049e-01 3.428403150804835153e-01 3.558553378990750860e-01 3.574631524622474688e-01 3.550208353602046230e-01 3.560928161642599177e-01 3.521836074072257072e-01 3.588509550067741083e-01 3.608429716762574513e-01 3.562545882053694823e-01 3.558133250721721152e-01 3.607798123824970116e-01 3.627139238910335739e-01 3.579565835615003966e-01 3.566423098634443067e-01 3.571190269704375142e-01 3.576057124129654041e-01 3.560210710490334107e-01 3.642057264240468606e-01 3.607881715580238402e-01
1.269071979685664278e-02 -2.268349047117571363e-02 3.145725717258053278e-01 1.000000000000000000e+00 3.319218338320443218e-01 3.703397382092665224e-01 5.172679733622856935e-01 5.113369677550342329e-01 5.028421358496681925e-01 4.737902899824927294e-01 5.512229705241192823e-01 6.468130303229531197e-01 5.334844847207469432e-01 5.212828943279566030e-01 5.857898502021208209e-01 5.736279333251711465e-01 5.158931256315177905e-01 4.533113507104581386e-01 4.778546076253641361e-01 5.581864490806607293e-01 5.144111342660027120e-01 5.468996357172850598e-01 4.913491882056642557e-01 4.335916844329015807e-01 4.786199984975734179e-01 5.413459768923265525e-01 5.589336808431021320e-01 5.584148937070442242e-01 5.675542637880593988e-01 5.142577568282237221e-01 5.421919080615789088e-01 5.744040718561562731e-01 5.753950888502350480e-01 5.641738415129430306e-01 5.619388794495006056e-01 5.767204016589558835e-01 5.699406358779217641e-01 5.914452379717149988e-01 5.847114819278410591e-01 5.833464853876674239e-01 5.903743538693688730e-01 5.908843121652234132e-01 6.038185553350911006e-01 6.056190269590966402e-01 5.947440233734652137e-01 5.794471266137207754e-01 5.850605898941794170e-01 5.800646227738885941e-01 5.785516904917070713e-01 6.001923833993529911e-01 6.011551029308028760e-01 6.084360359022774611e-01 5.924944158353382395e-01 5.654723852773808623e-01 5.599979570911250981e-01 5.625014892027866420e-01 5.728197794430573975e-01 5.814530587462461986e-01 5.747470333598410086e-01 5.732400796924220776e-01 5.872162712812469820e-01 5.678962134715195287e-01 5.806022909180734715e-01 5.858694506671945357e-01 5.826237909607390186e-01 5.823271629926261017e-01 5.714901640020244589e-01 5.655614489034347381e-01 5.741441986559099320e-01 6.142526859871778599e-01 6.017759207377192388e-01 5.860649808566559260e-01 5.575511404696524842e-01 5.748103758733044133e-01 5.721307010565728213e-01 5.836903430206075161e-01 5.768132784916260025e-01 5.743340507689315144e-01 5.706641073913968354e-01 5.846007195614759677e-01 5.874702177613123633e-01 5.681606101054491598e-01 5.867838117057575520e-01 5.896800052198724051e-01 5.922415547850832240e-01 5.839370768376742626e-01 6.004224161290546702e-01 5.907665059551681086e-01 5.852646352055882462e-01 5.798811243325812104e-01 5.898032572617298852e-01 5.891124999856173217e-01 5.911173016242574629e-01 5.844935409888047939e-01 5.838118762980871734e-01 5.793759946902541369e-01 5.985588791828649891e-01 6.061654149676549697e-01 5.893055896591189446e-01 5.963153551728185287e-01 5.911111889979616674e-01 5.892422171939887265e-01 5.925254175932238576e-01 5.934060832590118961e-01 6.023401564437341760e-01 5.853868118129588183e-01 5.901154765149861925e-01 5.721605958853694940e-01 5.754109878974118519e-01 5.806854406560195692e-01 5.779118316160843927e-01 5.788233671173159678e-01 5.788125802905441653e-01 5.900923340180617149e-01 5.905376707535433534e-01 5.941244015847437776e-01
-1.275042803601864234e-02 4.068319184632693264e-02 1.788601255534709722e-01 3.319218338320443218e-01 1.000000000000000000e+00 3.213172359571498937e-01 4.495914440126315692e-01 4.326184719074029905e-01 4.263899385047240087e-01 4.119378054709579295e-01 4.436599923046442018e-01 4.790816638191114363e-01 4.329456667193439245e-01 4.348610793647370576e-01 4.884838953116146243e-01 4.895398630901623416e-01 4.328484661602745587e-01 3.468348361757701004e-01 3.831545375615756921e-01 3.443099441717426545e-01 3.832417871134444765e-01 4.143913530492771002e-01 3.831157139594966177e-01 3.685849753612444601e-01 4.161691300517127989e-01 4.486708881764331913e-01 4.335693633721809381e-01 4.377640302828135765e-01 4.344432766436674420e-01 4.296931826686344325e-01 4.474022587931773542e-01 4.666778141616322317e-01 4.132873395230461933e-01 4.528092653250455624e-01 4.297654135515643348e-01 4.389546997842201925e-01 4.348281011757607617e-01 4.561933629539600688e-01 4.812717072987609535e-01 4.759915796808367738e-01 4.704111999530989907e-01 4.680828071641210952e-01 4.789304672055955114e-01 4.944617435982397446e-01 4.798835769222642988e-01 4.835516658771690790e-01 4.952503695599251299e-01 4.918778455999480714e-01 4.920855745092585498e-01 4.905928621855958904e-01 4.734958486873181993e-01 4.894345506735829354e-01 5.006222181559130124e-01 4.756267931873785493e-01 4.826547920753737064e-01 4.769621488912614837e-01 4.794102254772715788e-01 4.854088094759453909e-01 4.823375540639266434e-01 4.978645290282126545e-01 4.953528363466931372e-01 4.866769906801801659e-01 4.813059237153479164e-01 4.964018246261810430e-01 4.935212658676160213e-01 4.851881695674595263e-01 4.885838450446073344e-01 4.843282827824431647e-01 4.816843837448573917e-01 4.855790880318900382e-01 4.879527271484362383e-01 4.874389811829856201e-01 4.797099874546867926e-01 4.821163709600644887e-01 4.891450775726773892e-01 4.845704279300076522e-01 4.875765759368532737e-01 4.855252676564567604e-01 4.888917652768061117e-01 4.781980069000461020e-01 4.822281787106175166e-01 4.876515584991295560e-01 4.914756980702993383e-01 4.730179982628482382e-01 4.918592154133657468e-01 4.922579494627845054e-01 4.834716856933448659e-01 4.971552368588263993e-01 4.970749428908843859e-01 4.937629300204410265e-01 4.895825604196702985e-01 4.977597150163180495e-01 4.975356929756964974e-01 4.945602901479058677e-01 5.005895082557447751e-01 4.976324745846867903e-01 5.021598139616044731e-01 5.033143466148286560e-01 5.015571686081992109e-01 5.004743909986463235e-01 5.065743622975881211e-01 4.989707036771452997e-01 5.042989161903038697e-01 5.042307903055827101e-01 5.053389807700902070e-01 4.952076891913602119e-01 5.016290610026835628e-01 4.967419315128316359e-01 4.960595762519725005e-01 4.976570581629593537e-01 4.987956504678905945e-01 4.988102642491638594e-01 4.964971338184981375e-01 5.024061402422806966e-01 5.009943369907210453e-01 5.001491485027100836e-01
1.816260792405440319e-02 8.865942888472617966e-02 2.406406759314670130e-01 3.703397382092665224e-01 3.213172359571498937e-01 1.000000000000000000e+00 5.386626632761480904e-01 5.094592266710290529e-01 5.311162969808441714e-01 4.930857540382749815e-01 5.401558488315804096e-01 5.587998253798998061e-01 5.203531646290217028e-01 5.259750359529937747e-01 5.854433953844229155e-01 5.858565823913444159e-01 5.121578872367008595e-01 4.318332847003255037e-01 4.729164359024164432e-01 3.831132199548208384e-01 4.488756142058477061e-01 5.129534648995067725e-01 4.848560562685283459e-01 4.320015386040189087e-01 5.023754729697161858e-01 5.533529487878086073e-01 5.439480425213263359e-01 5.469887140091979072e-01 5.470260226279288762e-01 5.503391658656130447e-01 5.682324501712884279e-01 5.614226653399827516e-01 5.528621947227528866e-01 5.445946442709888036e-01 5.578326955781041097e-01 5.486649983297670063e-01 5.690047387355828823e-01 5.507910140251970343e-01 5.865458050793587175e-01 5.819557723470195620e-01 5.860101945670619372e-01 5.732335257199872025e-01 5.752463569121138987e-01 5.959874303168937182e-01 5.870199668733786513e-01 6.021295453470498771e-01 6.055975165182641007e-01 6.025772453362351344e-01 5.912398649766408276e-01 5.755072655354470657e-01 5.722459554724046438e-01 5.596961634778711003e-01 5.894095558422729475e-01 5.895151977310028046e-01 5.883295806370543168e-01 5.869603752772059035e-01 5.751639337474432345e-01 6.000726050937129630e-01 5.883254508052100373e-01 6.008128499532200406e-01 5.966476989855153956e-01 5.957454995652705643e-01 5.831519687460166024e-01 5.857824924820455026e-01 5.814425855436861079e-01 5.896941549098017044e-01 6.006976920118127783e-01 5.916738252779049079e-01 5.940701125115404047e-01 5.875811210069216139e-01 5.940628052062615350e-01 6.032205612535695982e-01 5.791780156609430685e-01 5.854863607068022668e-01 6.035744162206149177e-01 6.060084464342931909e-01 6.047410930656972328e-01 6.017456566724784794e-01 6.014797409565670883e-01 6.017832555882464129e-01 6.017295095125022586e-01 6.053304197128424047e-01 6.018663240651138668e-01 6.044332474970132152e-01 5.995764471871516399e-01 5.989579659746891993e-01 6.041890223001428195e-01 6.069107856888831254e-01 6.058819762388918395e-01 6.080933310881627696e-01 6.059243534438187861e-01 6.084941081652122108e-01 6.068818372063808919e-01 6.091492399183530138e-01 6.087046238313256197e-01 6.085062364879770813e-01 5.953121567910659717e-01 5.962240929300617331e-01 6.077590303166070518e-01 6.065550493197647830e-01 6.079729139807761307e-01 6.058830925668867717e-01 6.050869224297197313e-01 6.092068894690066960e-01 6.050674139540600516e-01 5.989931104170803655e-01 6.034511967819252698e-01 6.063265284048204862e-01 6.078854722822658596e-01 6.068953762892754789e-01 6.075082974302145056e-01 6.072407848663331498e-01 6.064282580981219528e-01 6.075681710507754296e-01 6.023744524741808659e-01 6.033889960350964365e-01
9.157872348563859261e-03 1.313439514208753212e-01 3.111629007236666467e-01 5.172679733622856935e-01 4.495914440126315692e-01 5.386626632761480904e-01 1.000000000000000000e+00 7.059463509353876010e-01 7.291955563656999928e-01 7.091977549412121773e-01 7.537055596801540691e-01 7.959569068490601751e-01 7.186993018079260720e-01 7.430640803629170454e-01 8.300610183000474152e-01 8.110266948731473802e-01 7.055575000063863955e-01 6.216560063024547667e-01 6.820610150978384523e-01 5.612254316772331553e-01 6.339075704603261974e-01 7.231613670976229091e-01 7.005378630764071968e-01 6.337464794718045136e-01 7.088823101740314714e-01 7.755702985033726682e-01 7.695919463863580834e-01 7.730237144727643006e-01 7.641028952254165230e-01 7.805649352747237035e-01 8.040854322891292094e-01 7.987961476934333227e-01 7.766512280338058183e-01 7.817747737448894618e-01 7.928355482308644397e-01 7.786807709040648451e-01 8.072637442459174029e-01 7.774994288375022267e-01 8.311675285895040455e-01 8.209193152434340890e-01 8.161178247868177138e-01 8.050056801024928488e-01 8.053734461758981222e-01 8.380493007555028795e-01 8.341802736255503614e-01 8.413398222174770513e-01 8.382690961861400947e-01 8.358629585995205336e-01 8.249234714253769196e-01 8.146039217098680618e-01 7.966783741354790394e-01 7.857360186919641887e-01 8.254179111356579890e-01 8.134768614878702397e-01 8.184291253792637111e-01 8.297653692375167589e-01 7.999606314516308769e-01 8.230384451862350348e-01 8.154744478823613418e-01 8.267933878764761602e-01 8.252446500907524296e-01 8.244990085826309212e-01 8.141135609967177222e-01 8.176804374018546984e-01 8.121643999398048264e-01 8.138834728100146076e-01 8.335033272782201852e-01 8.264466938272894136e-01 8.299945013444359754e-01 8.223569914042374585e-01 8.309953010305128895e-01 8.365353009869355150e-01 8.127910571373476722e-01 8.257006919923860488e-01 8.430174786638039430e-01 8.433955485428865639e-01 8.465114548264136562e-01 8.398385132523386032e-01 8.435263395688811228e-01 8.434154771136289641e-01 8.424937318742222736e-01 8.417597221870902757e-01 8.401698865715658826e-01 8.419136483144824545e-01 8.355272747349595797e-01 8.374966433621531259e-01 8.427492969280437896e-01 8.466939258924827127e-01 8.449145996408772286e-01 8.454433658888514946e-01 8.480095645375734792e-01 8.502299873267558095e-01 8.437200934361301918e-01 8.501993076153525619e-01 8.436294791426360851e-01 8.419438801766694347e-01 8.322137466182550902e-01 8.278390380413501726e-01 8.403566552930522571e-01 8.417824513682429233e-01 8.457346467310210558e-01 8.416296191355073786e-01 8.397300145320750753e-01 8.441165523398104220e-01 8.394508516740878390e-01 8.265939679215760227e-01 8.382699855001252143e-01 8.417219686179288063e-01 8.437168562811078187e-01 8.416275755173797668e-01 8.446178819930113546e-01 8.381183007427499554e-01 8.388134692780599977e-01 8.395407961197546287e-01 8.334499489665557759e-01 8.335863474134618256e-01
3.693944824427432792e-03 9.566092431579502342e-02 3.121205874164680316e-01 5.113369677550342329e-01 4.326184719074029905e-01 5.094592266710290529e-01 7.059463509353876010e-01 1.000000000000000000e+00 6.909792771862290905e-01 6.451078444548946633e-01 7.067574089652336466e-01 7.584928453653950742e-01 6.934308478729124259e-01 6.960527641164309109e-01 7.782942066060001274e-01 7.797442050279385084e-01 6.708447122635331494e-01 5.924259267639330195e-01 6.243835104544147585e-01 5.657258472888873069e-01 6.248773580397887217e-01 6.612307110333102145e-01 6.322442621878504587e-01 5.777522829529788684e-01 6.268477136358096002e-01 7.168463176447196217e-01 7.092383268558056786e-01 7.040825074897142377e-01 7.055511836660445235e-01 6.938286570924644403e-01 7.289045447154545165e-01 7.570653684871601063e-01 7.095755227502463791e-01 7.347448307800718004e-01 7.301996418442111558e-01 7.279652296419065749e-01 7.267439612500689039e-01 7.378057152018155929e-01 7.731189390600216038e-01 7.578106609054332532e-01 7.583395894427367168e-01 7.490985809397932016e-01 7.561111396465453049e-01 7.868352871092387790e-01 7.681477859285624765e-01 7.743144068932711344e-01 7.897068953533776803e-01 7.863048306749376160e-01 7.806016904859842676e-01 7.791521894849730012e-01 7.584524707432499513e-01 7.504793926289742290e-01 7.736926101984661353e-01 7.658872555237349333e-01 7.727564813746963246e-01 7.681324531282393009e-01 7.725902826805776114e-01 7.829518521176327406e-01 7.694759370518642339e-01 7.807819087078483600e-01 7.868101343404541037e-01 7.790018609091506896e-01 7.730563468425031282e-01 7.787718948437707400e-01 7.701743526203960188e-01 7.724460733025455550e-01 7.847553434927104776e-01 7.742659998009286948e-01 7.748319120252821213e-01 7.798276542644031473e-01 7.785029487756226496e-01 7.796376157540904073e-01 7.577432550122252808e-01 7.571677390779856243e-01 7.811003546054676727e-01 7.855073089785605811e-01 7.800560216218332954e-01 7.827399683631490745e-01 7.740708905959893249e-01 7.773038413440435113e-01 7.778348464668600748e-01 7.796385760649012786e-01 7.861172626562060728e-01 7.796248939405979739e-01 7.922277344531489796e-01 7.866997612863459999e-01 7.830126296055734958e-01 7.965386692981072381e-01 7.908671174669165138e-01 7.827828567334481624e-01 7.830796425532787763e-01 7.911210988396170096e-01 7.882813258381623500e-01 7.904894546431530111e-01 7.918182494382208780e-01 7.894697308855747053e-01 7.901804933670276698e-01 7.970201401339366276e-01 7.991614860141391663e-01 7.961205865125208225e-01 7.929688110690565894e-01 7.975080632366636779e-01 7.888479639825194401e-01 7.967745208756321640e-01 7.953426231086685450e-01 7.883787347410061708e-01 7.950497384544136237e-01 7.882469894685014689e-01 7.907204020344721362e-01 7.938349765185230833e-01 7.898492116260111828e-01 7.892328157218729823e-01 7.904433343309674731e-01 7.971023404037735904e-01 7.881212765478983195e-01 7.908750402090388709e-01
1.219305932695409489e-01 1.659890588459270733e-01 3.520552990670356430e-01 5.028421358496681925e-01 4.263899385047240087e-01 5.311162969808441714e-01 7.291955563656999928e-01 6.909792771862290905e-01 1.000000000000000000e+00 7.679674606763977618e-01 8.044212994446333642e-01 8.195999565498882644e-01 7.404363347292580722e-01 7.613516104658268890e-01 8.560359780276924901e-01 8.349805571532571413e-01 8.106770435291280608e-01 6.980026203733264989e-01 7.276647884678457689e-01 5.690976247232506502e-01 6.563951208367536649e-01 7.326497570087400213e-01 7.568510584851689815e-01 6.929633506087977679e-01 7.321315048052123853e-01 8.587617909233972169e-01 8.240409471062476454e-01 8.352223439460259025e-01 8.240356099386971778e-01 8.216114548423782971e-01 8.375136495920261215e-01 8.463945786156592543e-01 7.803560207113099390e-01 7.834347387376088268e-01 8.142823183546171739e-01 7.711286320573592645e-01 8.138964134442274734e-01 8.378536238620690746e-01 8.494521595886694865e-01 8.158013514494055762e-01 8.658823878926281692e-01 8.540474970169754654e-01 8.434256425230112209e-01 8.617037748075383474e-01 8.538155378493633707e-01 8.478588835989530059e-01 8.657321961548892775e-01 8.794056435504936653e-01 8.661808068531192673e-01 8.155281027991212461e-01 8.521333435447034921e-01 8.123716590912042346e-01 8.479063917518854243e-01 8.900102807391703230e-01 8.793822798173198674e-01 8.653398833122588618e-01 8.684995157961753476e-01 8.748523422575870123e-01 8.791866914829142843e-01 8.794365786033561116e-01 8.745357436257007455e-01 8.814793139802944433e-01 8.784941146941871448e-01 8.710063957622785624e-01 8.762720982127807368e-01 8.794882566621102793e-01 8.749520480758816721e-01 8.724073240518895878e-01 8.711361805842080530e-01 8.548718188180450817e-01 8.538080806764198893e-01 8.663171284980405451e-01 8.605716862097905206e-01 8.537646686870348223e-01 8.742115338153358950e-01 8.699717615475205390e-01 8.631356005800605580e-01 8.704837653661883223e-01 8.655837628564480024e-01 8.679599630894749840e-01 8.699790024223940099e-01 8.717546978750893016e-01 8.745570330778247303e-01 8.612188943456359214e-01 8.420066429987463907e-01 8.576357831578608204e-01 8.610071731656399052e-01 8.626567056178601201e-01 8.667940972151307877e-01 8.674020737827686789e-01 8.546865942584701559e-01 8.657146450238614177e-01 8.678378075082623377e-01 8.674851722203431592e-01 8.695790425512934796e-01 8.748305001083507282e-01 8.451433099319524134e-01 8.504033639763788344e-01 8.632162623752386299e-01 8.591033485945183124e-01 8.566983736680361394e-01 8.689415991156227426e-01 8.652317129526000405e-01 8.681184360900766617e-01 8.606934545219053767e-01 8.727640122461187699e-01 8.708273187970508866e-01 8.769989850437398538e-01 8.734395163257806516e-01 8.728717468276058211e-01 8.692338418140369560e-01 8.781517247324887032e-01 8.750837385824402626e-01 8.731407004835649577e-01 8.765290319034918509e-01 8.784944035146616814e-01
5.973142718201381735e-02 1.689699540471873151e-01 3.126898353922363261e-01 4.737902899824927294e-01 4.119378054709579295e-01 4.930857540382749815e-01 7.091977549412121773e-01 6.451078444548946633e-01 7.679674606763977618e-01 1.000000000000000000e+00 7.564565152420882344e-01 7.688737687240382312e-01 7.076614884917564741e-01 7.201423345610162841e-01 8.053090557109268133e-01 7.906564813618732757e-01 7.327387288432907209e-01 6.385016679970525466e-01 6.689147245545070675e-01 5.133109243907285624e-01 5.990179246866145224e-01 6.859650219214846745e-01 6.990119545604870366e-01 6.387331462333608600e-01 6.911739664036063990e-01 7.977216847178268955e-01 7.717175765973239843e-01 7.772474564071365499e-01 7.645905297860358107e-01 7.767288831755175815e-01 7.918411651467187617e-01 7.925989871849311585e-01 7.370803120808696596e-01 7.428046159023422579e-01 7.664494415031056773e-01 7.325176229509317016e-01 7.722836566112489809e-01 7.901540116177475648e-01 8.059003951460570470e-01 7.775978788530680808e-01 8.121157142540144092e-01 8.039091533207691764e-01 7.945600473708149813e-01 8.099376806491039860e-01 8.039868775774356990e-01 8.082196854712846434e-01 8.203766264875695935e-01 8.298802560579243703e-01 8.172716305453164853e-01 7.753499710503966025e-01 8.032342528258333836e-01 7.552939227399990685e-01 8.060227509080536423e-01 8.332906475294882265e-01 8.265916838943128120e-01 8.177173777032062940e-01 8.105596032382402782e-01 8.218589375012311793e-01 8.265658357465378581e-01 8.239178000132031388e-01 8.230679217522198776e-01 8.283168038855817095e-01 8.243424662387113244e-01 8.196861263616118665e-01 8.119323812480014890e-01 8.175377393791875003e-01 8.277245638609675993e-01 8.198030677647016873e-01 8.211311686414827227e-01 8.006633784227048523e-01 8.039509004864121566e-01 8.171109728864244248e-01 8.094161366129380974e-01 8.061712861259111573e-01 8.293225492558959910e-01 8.210809726402392705e-01 8.201857993427655869e-01 8.237046282610160919e-01 8.235856453597060201e-01 8.229637481089911999e-01 8.237681378140007116e-01 8.277309606665956832e-01 8.225773826351413520e-01 8.135295895451473136e-01 8.035059281181636814e-01 8.145778022111360706e-01 8.154816882571217507e-01 8.197426757441370615e-01 8.226650255160912195e-01 8.229256833530834703e-01 8.156811154052021617e-01 8.232784469517387960e-01 8.232617686716269256e-01 8.250232139046675961e-01 8.257911331927826337e-01 8.280779078799475057e-01 8.045837908737688560e-01 8.049740885173042315e-01 8.195251820866519266e-01 8.183490930268508823e-01 8.151811923814384908e-01 8.232014528686802946e-01 8.191197254667299532e-01 8.233899544222698097e-01 8.152310384715881764e-01 8.187095976941487496e-01 8.228072452992998276e-01 8.298276264394046642e-01 8.268123571832968199e-01 8.251986136788385107e-01 8.253909190877819491e-01 8.269708250422153073e-01 8.271904667530179944e-01 8.243342689147304947e-01 8.247046830445403653e-01 8.249398827834276693e-01
4.361647399395288116e-02 1.506896684045862522e-01 3.531965773812302811e-01 5.512229705241192823e-01 4.436599923046442018e-01 5.401558488315804096e-01 7.537055596801540691e-01 7.067574089652336466e-01 8.044212994446333642e-01 7.564565152420882344e-01 1.000000000000000000e+00 8.520737857382194580e-01 7.685864926860124235e-01 7.938471065945561511e-01 8.747114317398791972e-01 8.555167773038068191e-01 7.762391992037254163e-01 7.132291264621992699e-01 7.482605268787703157e-01 5.864897340183258256e-01 6.904794960487520283e-01 7.653652219840008097e-01 7.744565857106900930e-01 7.106615099572962668e-01 7.611990045170543562e-01 8.658287959386913313e-01 8.480991357175027279e-01 8.576689667859350719e-01 8.436143870235464082e-01 8.455916693831494468e-01 8.587924409686537031e-01 8.722513505735148831e-01 8.282989511632448121e-01 8.282206325143579573e-01 8.435294823272315723e-01 8.115024516978794900e-01 8.512475539128179225e-01 8.644682947246798976e-01 8.840636424481757016e-01 8.665984954246919170e-01 8.894152954047271908e-01 8.800883005508661761e-01 8.749479705671453500e-01 8.900141296360971621e-01 8.814313404551281650e-01 8.859892481159421518e-01 8.920974688098894934e-01 8.967033664120617198e-01 8.868037223071283393e-01 8.574969330936358380e-01 8.778154884474443920e-01 8.324657213225190588e-01 8.726832163041235990e-01 8.929049440949173855e-01 8.864906066194404577e-01 8.903817854191782288e-01 8.647009879057584447e-01 8.914556226051487675e-01 8.935157076415516375e-01 8.848064507090245279e-01 8.896186740849962860e-01 8.868144529113954899e-01 8.894688110364268319e-01 8.842468817462334485e-01 8.732741557089835904e-01 8.762108420694980637e-01 8.928023904133226551e-01 8.924679364958735261e-01 8.945922202257826639e-01 8.775813530781013672e-01 8.857407877307723609e-01 8.938970345881407376e-01 8.813564914792656468e-01 8.822147523723300466e-01 8.991458603525585014e-01 8.962555942769375728e-01 8.957281396722525102e-01 8.957478538835397242e-01 8.939174024069470592e-01 8.965448869715760827e-01 8.975186463651169122e-01 8.981304251009590844e-01 8.945400613671716794e-01 8.897280868351845617e-01 8.805706138596088861e-01 8.888539772510523074e-01 8.930349859940264201e-01 8.950981028018257790e-01 8.976042135356435692e-01 8.958758612699708745e-01 8.951984864281661292e-01 8.981453186682453182e-01 8.968961743884175108e-01 8.980983659356555071e-01 8.961902654782795130e-01 8.967189944754192510e-01 8.781265468958862064e-01 8.712086377662177084e-01 8.905098254893055731e-01 8.914951317828265775e-01 8.928856489056691270e-01 8.931787707297549339e-01 8.899190624428447993e-01 8.957276812155586798e-01 8.887014151046015442e-01 8.813920610063807892e-01 8.904540492365555782e-01 8.974050413316944086e-01 8.965483432348645421e-01 8.947945129104075690e-01 8.974411245842304208e-01 8.935175571266972261e-01 8.941296162375169665e-01 8.921643908912824106e-01 8.918604577542540435e-01 8.907107630488481087e-01
3.489471561093332452e-02 1.150256898821304108e-01 3.826634661188965114e-01 6.468130303229531197e-01 4.790816638191114363e-01 5.587998253798998061e-01 7.959569068490601751e-01 7.584928453653950742e-01 8.195999565498882644e-01 7.688737687240382312e-01 8.520737857382194580e-01 1.000000000000000000e+00 7.983343927425472497e-01 8.180244821986016879e-01 9.086666302734105471e-01 8.860703849216590156e-01 8.147790306436315522e-01 7.376584876214012931e-01 7.730408453630227550e-01 6.870977352444186392e-01 7.546475652123750821e-01 8.158849531067824401e-01 7.903571903275669053e-01 7.219933282514969797e-01 7.793372872124536554e-01 8.663892868967922878e-01 8.671059561060351362e-01 8.693264884721176866e-01 8.626316491582869395e-01 8.464682136479954044e-01 8.711018676567210406e-01 9.013790356004831583e-01 8.587580704645487728e-01 8.599099302702100101e-01 8.707502757114840009e-01 8.536307423560752783e-01 8.775499573241281048e-01 8.943458336104999074e-01 9.102062437832144637e-01 8.955826018447710091e-01 9.107621564354972943e-01 9.028134743573422716e-01 9.037509229481194284e-01 9.247653934124577813e-01 9.142983184314368295e-01 9.065674979782669674e-01 9.186671113203381811e-01 9.190118480809783552e-01 9.176924972895421639e-01 8.993570357801955462e-01 9.095700447002994515e-01 8.832690367847777502e-01 9.076286861993942967e-01 9.078775426184874098e-01 9.088605572055358239e-01 9.113937473623913155e-01 9.028327896862765600e-01 9.160660405880213242e-01 9.151427321545857474e-01 9.103302996301486649e-01 9.181186681661266391e-01 9.123044057578798549e-01 9.170718797458551341e-01 9.163758593175944656e-01 9.099456006150125065e-01 9.109711256600887541e-01 9.141933313243908454e-01 9.125788084674730793e-01 9.156960185387800211e-01 9.250619194339565476e-01 9.236155911134957819e-01 9.200499894583969995e-01 8.998833203370414369e-01 9.079302717109392074e-01 9.149388443214151456e-01 9.192557268259428094e-01 9.162623167458784357e-01 9.153418853727786075e-01 9.112193879015910714e-01 9.170361431669548091e-01 9.213976144582456396e-01 9.163172487670914190e-01 9.230315408270484134e-01 9.155506875534454858e-01 9.096683647117584925e-01 9.124072074414802946e-01 9.219082227010877428e-01 9.242381759220447135e-01 9.202222123775789520e-01 9.181869030749305605e-01 9.200415552045934087e-01 9.238194762896552170e-01 9.227830737147580953e-01 9.230092014221600305e-01 9.208247300118186374e-01 9.198378530399388131e-01 9.126766417241688467e-01 9.107254772507615836e-01 9.187707164541185634e-01 9.222997066568642266e-01 9.184085700854656142e-01 9.222896326147052015e-01 9.195355451750215625e-01 9.240905689855468674e-01 9.226936098683571341e-01 9.129513817339225401e-01 9.207871057965388850e-01 9.174462781936471023e-01 9.176354874766999847e-01 9.195398344795712164e-01 9.188491358630247463e-01 9.174640508476846756e-01 9.176172066896278734e-01 9.213024928239520461e-01 9.218333437628106752e-01 9.220569915029103170e-01
1.499751072223477408e-02 1.057490808243641139e-01 2.989223253725893925e-01 5.334844847207469432e-01 4.329456667193439245e-01 5.203531646290217028e-01 7.186993018079260720e-01 6.934308478729124259e-01 7.404363347292580722e-01 7.076614884917564741e-01 7.685864926860124235e-01 7.983343927425472497e-01 1.000000000000000000e+00 7.472808340427536944e-01 8.307703683010659867e-01 8.162702762051002869e-01 7.294276867470097514e-01 6.218495333272422432e-01 6.606626890896790671e-01 5.765969251731373202e-01 6.364658901349614650e-01 6.991598233867297729e-01 6.793073534692586346e-01 6.251937797263678043e-01 6.837923733890328704e-01 7.838623113174311152e-01 7.695213739361346228e-01 7.730014567118084212e-01 7.560973443185527998e-01 7.509878331477805036e-01 7.822934729647268437e-01 8.006533145181466971e-01 7.504677316469292592e-01 7.628067588924521969e-01 7.732188692217303316e-01 7.567141875182806787e-01 7.743747212084545195e-01 8.012524192357987074e-01 8.183987903892198101e-01 8.115772492408693806e-01 8.280340983516781828e-01 8.159716801957488386e-01 8.152689748166860317e-01 8.371438484350803844e-01 8.230444341650274831e-01 8.291623343927057022e-01 8.489967064202320612e-01 8.446459979226685899e-01 8.411440505214102803e-01 8.187749076023428385e-01 8.203432257658843652e-01 8.014975838809142994e-01 8.319298718912139234e-01 8.347946978799276607e-01 8.304024221770214265e-01 8.251906982090355669e-01 8.218312593036277702e-01 8.398773499587010027e-01 8.363497771538660475e-01 8.407753080527643474e-01 8.453361687097383781e-01 8.392670546979990043e-01 8.337989295376933008e-01 8.383597852963712294e-01 8.326499314368750460e-01 8.328736621424754905e-01 8.436825245077740343e-01 8.269701713454903347e-01 8.289504001800492849e-01 8.310974988139475661e-01 8.280137868564789727e-01 8.326504541799242265e-01 8.161664672604621584e-01 8.165700186135459449e-01 8.402319659008233854e-01 8.387330844877639580e-01 8.368267885327654865e-01 8.332820892956944725e-01 8.378569386745103875e-01 8.321932872217987498e-01 8.358636247862266666e-01 8.370443231214175217e-01 8.420800634946904450e-01 8.279518652600803552e-01 8.333743989473048064e-01 8.346277587276388354e-01 8.350977197792089912e-01 8.462127341211489462e-01 8.433257824083028042e-01 8.436151337147054230e-01 8.414734984516049066e-01 8.464552987474317503e-01 8.488057159064984480e-01 8.461146182932841597e-01 8.494285674129706809e-01 8.488322167258548490e-01 8.403334340027420746e-01 8.413530152378539961e-01 8.471714578366961179e-01 8.465384615757528541e-01 8.469857418132449300e-01 8.494593225017670335e-01 8.499759137588770441e-01 8.506668141564609487e-01 8.471847643205725475e-01 8.406684925522569518e-01 8.495853495090623930e-01 8.474165533309677700e-01 8.468928300461935343e-01 8.491889936844249087e-01 8.475441974844560855e-01 8.490564000666297462e-01 8.472076180984053906e-01 8.503348158831467440e-01 8.474635783269952594e-01 8.494278289282778394e-01
