1.000000000000000000e+00 2.460769006732431985e-01 1.820278469813637612e-01 -1.394391092594433335e-01 9.954084360749059293e-03 5.317037593939138475e-03 1.875801775856618045e-02 1.611883708531440182e-02 2.866540258970273758e-01 1.376210628511309320e-01 7.532542625935080560e-02 -3.155827662977910703e-02 4.224077087082461768e-02 -9.172272847515821823e-04 1.390035828587854287e-02 2.355031663103229408e-02 1.925928043975028980e-01 2.474976528840280021e-01 2.062324276532331024e-01 7.343363764300991914e-02 1.620529825668486079e-01 2.097145090553231561e-01 2.563498614158993272e-01 1.354751753424733307e-01 1.763208813022910937e-01 1.752952833391350496e-01 1.686787309392343004e-01 1.677904898035101899e-01 2.185026211034275245e-01 2.167403352355479484e-01 1.699269874634176392e-01 1.674605487381794489e-01 1.895867164208187849e-01 1.423781494133176395e-01 1.953513363503162348e-01 1.527859774432888396e-01 1.702248766853490525e-01 9.380619926323592594e-02 1.394347404871858487e-01 2.176371266635754656e-02 2.909681946142781903e-02 2.677976073665512546e-02 1.952520383540260265e-02 5.111119880709175806e-02 5.090450968980241020e-02 7.884683293995294051e-02 1.967254395655625154e-02 4.612959270261390160e-02 4.001103096280432536e-02 6.148180531162742574e-02 4.428451819615238094e-02 -1.005163742787726182e-02 1.021103643562380585e-02 8.956654671287953007e-02 9.925820498804556469e-02 1.006902562101203713e-01 9.125001589263870283e-02 3.351157512850480580e-02 5.123178870914143340e-02 5.386999350127485292e-02 3.722502762974341795e-02 6.750311067522433983e-02 6.330770337819405236e-02 6.532037960924452769e-02 9.643547674711575035e-02 8.137742023180115358e-02 5.575176497942475884e-02 7.719609126635922081e-02 1.051368078143973261e-01 4.503898968172046630e-02 6.255274726820289621e-02 7.100247468434223164e-02 5.268006750219779433e-02 5.550770216298586690e-02 6.780025050184318447e-02 9.166146254125168147e-02 8.063807467701164522e-02 1.090887215192847121e-01 6.321074950689675731e-02 9.748936090414153655e-02 9.846466831138873943e-02 6.242212083826022967e-02 7.131704959829329726e-02 9.684841240811442598e-02 3.607933910373088693e-02 3.937677423339837335e-02 6.758275548376010966e-02 2.006797511777264412e-02 5.371000276228363179e-02 4.884417430189824660e-02 2.787584436160941981e-02 1.491152702256166862e-02 1.800838004710873103e-02 1.604796069334361863e-02 9.507754165913101171e-03 2.763908278715063171e-02 -4.449149454643024082e-02 2.245974280568832984e-02 1.450108637392862228e-02 -7.829371117958800613e-03 -1.344449001843681275e-02 2.769648032531787582e-02 3.614424689659218818e-03 -7.094174012032260787e-04 1.417522012979558800e-02 5.177173367381747437e-02 1.569068157536919819e-02 4.651880050787055715e-02 4.498583666121358515e-02 2.395681296259060886e-02 1.581025830347792399e-02 2.349625953969715006e-02 2.761191110786986869e-02 3.585050267235209698e-02 5.465681752766390900e-02 3.066612404366016176e-02
2.460769006732431985e-01 1.000000000000000000e+00 8.750907990901807265e-02 -1.027000255718513444e-01 4.631101044253246174e-02 7.060182480663623750e-02 1.423595701926857471e-01 1.110010609776385382e-01 2.682463163880643431e-01 2.684081235055536530e-01 1.652570055266606719e-01 7.352364220455449850e-02 1.392801123892244142e-01 1.287016650234090176e-01 1.580606178123805383e-01 1.559259223284619467e-01 2.289794405794414456e-01 2.557313890699048908e-01 2.020973655677657244e-01 8.418234319694781198e-02 6.327546153090402026e-02 1.490866917712758422e-01 2.829197626096275897e-01 1.787634675670519424e-01 1.539671789978301897e-01 2.570431265145509681e-01 2.008774219377799097e-01 2.619729647614622570e-01 2.598507577097830534e-01 2.553537075915854881e-01 2.410646108727625414e-01 2.436932065986500973e-01 2.721827427130202315e-01 2.054556573594301383e-01 2.719619042177060519e-01 1.933110669779430080e-01 2.328093383332730248e-01 2.369444837185107344e-01 2.365564677824829320e-01 1.756288842969983000e-01 1.713260356502308845e-01 1.714674969632735968e-01 1.456359991688778444e-01 1.662032928689813061e-01 1.481317834820070622e-01 2.144487110148663722e-01 1.614477231845841132e-01 1.831055633886565503e-01 1.649812179558337033e-01 1.418879781001840534e-01 1.779317903018716174e-01 6.459016944000139926e-02 1.080043432243712742e-01 2.134394312333681987e-01 2.202678655743742220e-01 2.175312616398084598e-01 1.733983297662391732e-01 1.663251612349444242e-01 1.817644717478082150e-01 1.658755548495759180e-01 1.560680439138068809e-01 1.871938934388298614e-01 1.733575875148360146e-01 1.701757497047855228e-01 1.690462129142462910e-01 1.649253237925958626e-01 1.844618501719499926e-01 1.929214419406667103e-01 2.198841163269157351e-01 1.318798000673338244e-01 1.432519812511833524e-01 1.624361654357378559e-01 1.769895332596601589e-01 1.525346185113304331e-01 1.903999574866103994e-01 1.954108995144092920e-01 1.996150992791075884e-01 2.113744653904744142e-01 1.922877278702412318e-01 2.108886679227821581e-01 2.048449225236021187e-01 1.894997126092845818e-01 1.926906031713347955e-01 2.185954847466542172e-01 1.708630834426897449e-01 1.665433538570131877e-01 1.825574744684272388e-01 1.754487273548797355e-01 1.907935965628765329e-01 1.892869828115870678e-01 1.782741927129919413e-01 1.588726358653455850e-01 1.543776283572906305e-01 1.630537592236305511e-01 1.577808509601568987e-01 1.733475815521877406e-01 1.083444460273790960e-01 1.245837420640897447e-01 1.523363491449179208e-01 1.458897637011725146e-01 1.374487874700924539e-01 1.526060098129727594e-01 1.323875296533942036e-01 1.354491262161796328e-01 1.362894594375911594e-01 1.729190885343605266e-01 1.537468209161247379e-01 1.884408206135216590e-01 1.889460243555630969e-01 1.633249340006245609e-01 1.753532960428181020e-01 1.546863802675014499e-01 1.704879153719140172e-01 1.636279727829429431e-01 1.619610707780498871e-01 1.546940116631152773e-01
1.820278469813637612e-01 8.750907990901807265e-02 1.000000000000000000e+00 2.634223430891080020e-01 1.650225848347738888e-01 2.519058536273654503e-01 3.120903214938071102e-01 2.756732287853089769e-01 3.571106518263110208e-01 3.044782885202181322e-01 3.956801244334842704e-01 3.488625387752534723e-01 3.010566292964915180e-01 3.175260326728948646e-01 3.575000998580557532e-01 3.230111754332666840e-01 3.709010344211840504e-01 3.722457212547278238e-01 3.878654553543445793e-01 3.323554794979857174e-01 3.701055188558007303e-01 4.012961793842269587e-01 4.006464866896874977e-01 4.087539035101160900e-01 4.086850003010357724e-01 4.007177271942750085e-01 4.111387602057606783e-01 3.981120205221455599e-01 4.016930397153402055e-01 4.018718967837400236e-01 3.875029154988269831e-01 4.026558656783102985e-01 3.472830774641186280e-01 3.953825651830529253e-01 3.637474420982120260e-01 3.930547796543264472e-01 3.888355537545826746e-01 3.690487200133248935e-01 3.826151852014288424e-01 3.963503196890371116e-01 3.724111872418486291e-01 3.783619141581717749e-01 3.737956813880786155e-01 3.767316628881337004e-01 3.996268108374670947e-01 3.702034997646181380e-01 3.544132313140154755e-01 3.652879947917395675e-01 3.636652388524710400e-01 3.572282385163565444e-01 3.560408241846537147e-01 3.350277298124632042e-01 3.538099109131564446e-01 3.653407484358105473e-01 3.762428456613938210e-01 3.934492540093971202e-01 3.714199631038310190e-01 3.630065345012959410e-01 3.657691774075492175e-01 3.522266418578796077e-01 3.544218100936680216e-01 3.589409993561115675e-01 3.569823012151780439e-01 3.449099622208900984e-01 3.616707011385614234e-01 3.662541849741418609e-01 3.675655326259246736e-01 3.892927441359065877e-01 3.963246441834650247e-01 3.896793153331606918e-01 3.904870251680921389e-01 3.859494179228591393e-01 3.987225533923006715e-01 4.046073533277425027e-01 3.832349121099474787e-01 3.853109996487511513e-01 3.884097931865047593e-01 3.912463661784908453e-01 3.902566067200690658e-01 3.771022205086621559e-01 3.764795373185481631e-01 3.731441110619310164e-01 3.926040022696080656e-01 3.664496841717818088e-01 3.697644943899892622e-01 3.829836429481210391e-01 3.895756719219455877e-01 3.730403175230754820e-01 3.741691885685333729e-01 3.882834617008245615e-01 3.849524803320560351e-01 3.723216156199626314e-01 3.758209750239027147e-01 3.669513779356242678e-01 3.570493581748484524e-01 3.624310873698062263e-01 3.623620881382209058e-01 3.567209925108935642e-01 3.572228793993511009e-01 3.632116378112517086e-01 3.667044657490761694e-01 3.627074135305979885e-01 3.524506454907887498e-01 3.619104913579240246e-01 3.667676109681038965e-01 3.679403294974869509e-01 3.646566210262794372e-01 3.584778236537018992e-01 3.708127872153465510e-01 3.613502534809401867e-01 3.650198687246791751e-01 3.599942040878049143e-01 3.616533165685940632e-01 3.594377955954576320e-01 3.622035033106222879e-01 3.599652279916980002e-01
-1.394391092594433335e-01 -1.027000255718513444e-01 2.634223430891080020e-01 1.000000000000000000e+00 3.589613185540410090e-01 3.733586004760313659e-01 5.212712421136898033e-01 4.878004933051394154e-01 3.878713843246539006e-01 3.778909175302329060e-01 5.175316918641710284e-01 6.458135289564622683e-01 5.140035923698891285e-01 5.101843672440954380e-01 5.685559872943086734e-01 5.521077695668382690e-01 4.057075588673669242e-01 2.158691970948781735e-01 3.233857923635318210e-01 3.894841276181711942e-01 4.032749562677787059e-01 4.229789745837018167e-01 2.820080509468140262e-01 3.404225504980064598e-01 3.798464216293219176e-01 4.364441339575338974e-01 4.700645090295056394e-01 4.303176289802999044e-01 3.780149593491465287e-01 3.803786700207004157e-01 4.434647879279067229e-01 4.082822193290682744e-01 3.123034976618809799e-01 4.174432954670143636e-01 3.403172893742598126e-01 4.873162595695018084e-01 4.195705667178160625e-01 4.429431305875817237e-01 4.539280797245349164e-01 5.045888172400143645e-01 5.431580796515665943e-01 5.428029464576175078e-01 5.704872117647348251e-01 5.594906434627407998e-01 5.633208898436075085e-01 4.839125521169597710e-01 5.577633689099503744e-01 5.347752518572564950e-01 5.566472277709554328e-01 5.460307740969850832e-01 5.404480529043841353e-01 6.274307848343892990e-01 6.124453162513334714e-01 4.966733785391647116e-01 4.691155288118247779e-01 4.849909053773744927e-01 5.490774371411890620e-01 5.479898095110837808e-01 5.290653106032234820e-01 5.638904416301172562e-01 5.696144953050316095e-01 5.297012697167060580e-01 5.372100500985825811e-01 5.576187243891413958e-01 5.500451100312059305e-01 5.594330452293680978e-01 5.321561339544681468e-01 5.042665812774482781e-01 4.846400269343851264e-01 5.749894716115326876e-01 5.477372219291950506e-01 5.406947752705526522e-01 5.154056963191392393e-01 5.346914110182958702e-01 5.398225304001507130e-01 5.247225688829434409e-01 5.324909724351906126e-01 5.098830411298598264e-01 5.316403643417374481e-01 5.073275184164047769e-01 5.047255977179159192e-01 5.362147095992590984e-01 5.350308016898511765e-01 4.817440127951213569e-01 5.310494452922581710e-01 5.417954175771558800e-01 5.354751665957185880e-01 5.499363705875810471e-01 5.273476564501506925e-01 5.345663530589473966e-01 5.464632407477958420e-01 5.651535704212495848e-01 5.692908536274511322e-01 5.591643777371368973e-01 5.639623509343304475e-01 5.491297974861287789e-01 6.091295452431487734e-01 6.004652874946513341e-01 5.755305835809403359e-01 5.862506284610005114e-01 5.960322334417780255e-01 5.799167619215713776e-01 5.926090801680263809e-01 5.893712698275507256e-01 5.943045806167180922e-01 5.592824719072112538e-01 5.731767966758379851e-01 5.288465914874673768e-01 5.303774200927343641e-01 5.670539502824024636e-01 5.508378647454356125e-01 5.754496892609946013e-01 5.573867739323189463e-01 5.735174259954123333e-01 5.645344159542067253e-01 5.763555350995399618e-01
9.954084360749059293e-03 4.631101044253246174e-02 1.650225848347738888e-01 3.589613185540410090e-01 1.000000000000000000e+00 2.980987155620759554e-01 4.777831375706935169e-01 4.649561395525758090e-01 4.443344596992218065e-01 3.996967239890402701e-01 4.509739220832633122e-01 4.950934617007566318e-01 5.003459281975031203e-01 4.440463031362044122e-01 5.052438176100854106e-01 5.039204481555911164e-01 4.235989622591560533e-01 3.160495898144601856e-01 3.764910841568498423e-01 3.532119511358331465e-01 3.459760523727108406e-01 4.092228888323517499e-01 3.660880361719094367e-01 3.645103697359002859e-01 3.820426694904002773e-01 4.549852355786881408e-01 4.459621948733132890e-01 4.484461841753349942e-01 4.062875642605737192e-01 4.268580873166050171e-01 4.624372035827385430e-01 4.216883746118207932e-01 3.820639646706737169e-01 4.200725925421178175e-01 4.101731224382371699e-01 4.499206943482761956e-01 4.496107239575140579e-01 4.489724561205061248e-01 4.672257144927418060e-01 4.293604313798762839e-01 4.953776764725962845e-01 4.969455424854842818e-01 5.030136746723454788e-01 5.118665642503532620e-01 4.846735943347592612e-01 4.810077643525381141e-01 5.073846045976027064e-01 5.026794770929278178e-01 4.910573609422602126e-01 4.662618651269692105e-01 4.834794606716862897e-01 5.101286473583471759e-01 5.221269437212832099e-01 4.971759449663831210e-01 4.795569203828368710e-01 4.647848243212044927e-01 5.015039837700697722e-01 5.056099268117952850e-01 4.921827863144112025e-01 5.297386092700626659e-01 5.192364231894386339e-01 5.101017323123895331e-01 5.064898718291380719e-01 5.132431017691980735e-01 5.099371544686377433e-01 5.223258143058638892e-01 5.019425313429738411e-01 4.905719485373136735e-01 4.780671921324695095e-01 5.113056164773905898e-01 4.933948393334934845e-01 5.050912391691514403e-01 4.837117004509735030e-01 4.886471344640180292e-01 5.044675336707241664e-01 4.988037133244335730e-01 4.977181247329636182e-01 4.852798628216571930e-01 4.978222806153352886e-01 4.967855329625132654e-01 4.962723442080217984e-01 5.048434096629595969e-01 4.763779613432352344e-01 4.843798767447867193e-01 4.832089230802420476e-01 4.914420107157051465e-01 4.965799266832262582e-01 4.919694601745395190e-01 4.965293781859784761e-01 4.834433342955234969e-01 4.920291069255269822e-01 5.069491912195825956e-01 5.046610188001410258e-01 5.045547707759523437e-01 5.107278094675062885e-01 5.061353111014635919e-01 4.945966079380922364e-01 5.164691249035893161e-01 5.067553638831845397e-01 5.046482985675336819e-01 5.159063837208941461e-01 5.090985960833884771e-01 5.188164813176248114e-01 5.174529230417661552e-01 5.171856412256867763e-01 5.060619420890882791e-01 5.013791789109953712e-01 5.032966907473017670e-01 4.975794393506968172e-01 5.114635263135359766e-01 4.977485916854513248e-01 5.221390409228388041e-01 5.107672887931611339e-01 5.137931115458774789e-01 5.119301851822345428e-01 5.200651283011519244e-01
5.317037593939138475e-03 7.060182480663623750e-02 2.519058536273654503e-01 3.733586004760313659e-01 2.980987155620759554e-01 1.000000000000000000e+00 5.353939669971793380e-01 4.883021914946968911e-01 5.013213681677388678e-01 4.972304457624296403e-01 5.581504795725795720e-01 5.854897941578171006e-01 5.239040937230196038e-01 5.401294086877467260e-01 5.901120747140227163e-01 5.620180403448403750e-01 5.197064340074022404e-01 3.845020182369408568e-01 4.796383018508620921e-01 3.848784056722357461e-01 4.213793831672700274e-01 5.009619883177589550e-01 4.660508679844012070e-01 4.634081442534735418e-01 4.900514330464039170e-01 5.503323645020307131e-01 5.560718858927761188e-01 5.593775445532601642e-01 5.283111325723087726e-01 5.380130239613682974e-01 5.624774990398375696e-01 5.390787299537884714e-01 5.047361686913709455e-01 5.338293354722898343e-01 5.266367671873096734e-01 5.552754676947294632e-01 5.526459514205689372e-01 5.636399805873083535e-01 5.701369726519269765e-01 5.597158580227363789e-01 5.980372770439854602e-01 5.919415227767985677e-01 5.889492993950637967e-01 6.007941194400701068e-01 5.951059836166960881e-01 5.766359274586112527e-01 5.965011672469999748e-01 5.931702905254839786e-01 5.879444217876074186e-01 5.596244752915641163e-01 5.800938771819681428e-01 5.616320809834319805e-01 5.883597785618048803e-01 5.769824024813231533e-01 5.662580732667539252e-01 5.739005574720956737e-01 5.672008179929256544e-01 5.895955155468398656e-01 5.776695776882754263e-01 5.904311803225994471e-01 5.881746345305226553e-01 5.782762889885955104e-01 5.756577328865812859e-01 5.745603487877483095e-01 5.896419097678218257e-01 5.813095632799877288e-01 5.957760238398464026e-01 5.877356375742036620e-01 5.803535791833145385e-01 5.788304955823412312e-01 5.958442759563467028e-01 5.986437837701827913e-01 5.813889655717652261e-01 5.880840532735682746e-01 6.039341187773772379e-01 5.953955901435316056e-01 6.006953000942302223e-01 5.941828487853412222e-01 6.006564117307221506e-01 5.893720891813029050e-01 5.893235164104022594e-01 5.975738657340192717e-01 5.933608086336208398e-01 5.844546632032443512e-01 5.920673503144221472e-01 5.980464906398830216e-01 5.986402600685493125e-01 5.993947203248032318e-01 5.979441352920124020e-01 5.955572517695384427e-01 5.982500782979571774e-01 6.047418433820876960e-01 6.029522968268546945e-01 6.044541374033089998e-01 6.007651004648312254e-01 5.978847035443671798e-01 5.914175958669954936e-01 5.850417008896030557e-01 5.864789519084766534e-01 5.973996156610862363e-01 6.031017036512993368e-01 5.962257229853157314e-01 5.971218488874063812e-01 6.032571741887720052e-01 6.025802069658077187e-01 5.857669677690471310e-01 5.944673572711633991e-01 5.938050269011028170e-01 5.977716026954522643e-01 5.965100620021424049e-01 5.944927759310619786e-01 5.981670650424232294e-01 5.935524797683785492e-01 5.952881036020252203e-01 5.963047101252457738e-01 5.966705217328677202e-01
1.875801775856618045e-02 1.423595701926857471e-01 3.120903214938071102e-01 5.212712421136898033e-01 4.777831375706935169e-01 5.353939669971793380e-01 1.000000000000000000e+00 7.171822298461794087e-01 7.024854046587880596e-01 7.025530634792874762e-01 7.541393219524951119e-01 7.898297091490997790e-01 7.410454782330219148e-01 7.349390858706364993e-01 8.525962406926277382e-01 8.085597853788815126e-01 6.994843412966820217e-01 5.429236251620614961e-01 6.327567426584577159e-01 5.392680398666123143e-01 5.441213785774865475e-01 6.535667207995050632e-01 6.356545189937864437e-01 6.124706661133877406e-01 6.295130490140571355e-01 7.608605338720881850e-01 7.516893996482257867e-01 7.654393528187820595e-01 7.064282566446270506e-01 7.228470194517356839e-01 7.709767841843893077e-01 7.436474250711531120e-01 6.778508978665723772e-01 7.326716640235942934e-01 7.046518902510543469e-01 7.695186933280202535e-01 7.553566018517399172e-01 7.913879552681676310e-01 7.919026439501676284e-01 7.874647682664507320e-01 8.234002969693029472e-01 8.335314713706689638e-01 8.199536398288644889e-01 8.295907976529151018e-01 8.118908069192086741e-01 8.187765603274954618e-01 8.262437680082598268e-01 8.237307816508577796e-01 8.140656103640990793e-01 7.828163197279272012e-01 8.138462707820526276e-01 7.658407433540179721e-01 7.979604824233533789e-01 8.033605121580081887e-01 7.924315359190937658e-01 8.087941110391645427e-01 7.982969011495459899e-01 8.256949606538128705e-01 8.164036664074352245e-01 8.164400166079582855e-01 8.182578542839981095e-01 8.129528458787432799e-01 8.069218052695430465e-01 8.057056679695973056e-01 8.017407179027908892e-01 8.055418644160272645e-01 8.239800250783592128e-01 8.065296696034313095e-01 8.037119289814047551e-01 8.031514737369753743e-01 8.045826037030289202e-01 8.165597625734957177e-01 7.975174034394786338e-01 8.005542201660688084e-01 8.290618992355006656e-01 8.214490373905076748e-01 8.303052691455593548e-01 8.124940788085012189e-01 8.258526782871964400e-01 8.175982362041819274e-01 8.165648547412315272e-01 8.258347958531027100e-01 8.242046807021724542e-01 8.104152749839838021e-01 8.210467242709528213e-01 8.265430691247337425e-01 8.284623952108968181e-01 8.396539089452902394e-01 8.302015595311580398e-01 8.282711255780728088e-01 8.368948986355020381e-01 8.413914119638022937e-01 8.335250593343481729e-01 8.385326984801710903e-01 8.326678096795806505e-01 8.319371294892291546e-01 8.290213282857173960e-01 8.136697782996933359e-01 8.247822203724750612e-01 8.398815101788620341e-01 8.398675127285439856e-01 8.297474415478393039e-01 8.247485133823220238e-01 8.356469349730014651e-01 8.342021182248750000e-01 8.211053847276038598e-01 8.289647127013428651e-01 8.272407155238535870e-01 8.289129399036209156e-01 8.328340615098023259e-01 8.356264369309974738e-01 8.327709114433987647e-01 8.307909256860617209e-01 8.302970144866651525e-01 8.237811686003428946e-01 8.258132051544675445e-01
1.611883708531440182e-02 1.110010609776385382e-01 2.756732287853089769e-01 4.878004933051394154e-01 4.649561395525758090e-01 4.883021914946968911e-01 7.171822298461794087e-01 1.000000000000000000e+00 6.698372785953522479e-01 6.654734749246673520e-01 7.093319662306715179e-01 7.577778535708342700e-01 7.340952077974129963e-01 6.943799067548631632e-01 7.889151184924823035e-01 7.993069055415124025e-01 6.611923513438587863e-01 5.005420521201359163e-01 5.856745541116069598e-01 5.015844522756873758e-01 5.429032104321167562e-01 6.397248813497136144e-01 5.836722060956094360e-01 5.580821591728046815e-01 5.813732163782900919e-01 7.124373659531874070e-01 7.075514325267063809e-01 7.073778289008654241e-01 6.584201257476706148e-01 6.794046124340372694e-01 7.288557275000676627e-01 6.987812166518035939e-01 6.419444970229158942e-01 6.798674688362484897e-01 6.646502343366810228e-01 7.198304081685973355e-01 7.049568763576991026e-01 7.491325915947593117e-01 7.506149553950559605e-01 7.216764550346348450e-01 7.731306274459586181e-01 7.839846538293147038e-01 7.764836291928066681e-01 7.913151756681444660e-01 7.586809552976595539e-01 7.604124633064012206e-01 7.916911219902488250e-01 7.841582411376488704e-01 7.787978198335336888e-01 7.542877621225466678e-01 7.828330833599619343e-01 7.317290850708162431e-01 7.713763599929115422e-01 7.708600247427982444e-01 7.606575867545565250e-01 7.544475475586549518e-01 7.769384067158660034e-01 7.942943242627511502e-01 7.864091976954261654e-01 7.904558860924992825e-01 7.891558378249686756e-01 7.877538290887412531e-01 7.834049178761425258e-01 7.802576257703119911e-01 7.722116110213622653e-01 7.781001165834773303e-01 7.846532174041556118e-01 7.610321639472714672e-01 7.552996527395373638e-01 7.708530570740739218e-01 7.729307558790701194e-01 7.767243889771893173e-01 7.503243743150365130e-01 7.509019491439187233e-01 7.835456459647734961e-01 7.768325736637247125e-01 7.761891915054972557e-01 7.662766809420541447e-01 7.761164755418543670e-01 7.675430054381124911e-01 7.699901435242455516e-01 7.847812367949498213e-01 7.723296674041619791e-01 7.579664469039619767e-01 7.757747083942004851e-01 7.746331977316353035e-01 7.768207315226803855e-01 7.886348952514494748e-01 7.824797729870107688e-01 7.690992886847898280e-01 7.784419724151104836e-01 7.945937483533527246e-01 7.874743387044791376e-01 7.890037823426234720e-01 7.949055666241866547e-01 7.898915180097718647e-01 7.897879361213191451e-01 7.922626644146382180e-01 7.943014122862404047e-01 7.976082907209471884e-01 7.978280017340724228e-01 8.014864515498728581e-01 7.897398607130714510e-01 8.006638726203854084e-01 7.929854701912197878e-01 7.915986828882632942e-01 7.926844939713478810e-01 7.842389523693941156e-01 7.828933845040432216e-01 7.997374089573040523e-01 7.905621391536733489e-01 7.980586247986964921e-01 7.954966342619772535e-01 7.995480675864832243e-01 7.901320595513247058e-01 7.936233520115836271e-01
2.866540258970273758e-01 2.682463163880643431e-01 3.571106518263110208e-01 3.878713843246539006e-01 4.443344596992218065e-01 5.013213681677388678e-01 7.024854046587880596e-01 6.698372785953522479e-01 1.000000000000000000e+00 7.803482041611260467e-01 7.772155387269582549e-01 7.512251149640790659e-01 7.530612311835066519e-01 7.294303268028315967e-01 8.058423628605926314e-01 8.047545642860893800e-01 7.998047806646205737e-01 6.648240294272124151e-01 7.399744361415244720e-01 5.256543029417424240e-01 6.007467921768068209e-01 7.532180293572459107e-01 7.485236913092646605e-01 6.699672865576972169e-01 7.110834197319746419e-01 8.289248807405126263e-01 8.227150552567327191e-01 8.321063444868962433e-01 8.143040318380165843e-01 8.335968225463528114e-01 8.503707939958394801e-01 8.282755906364041021e-01 7.815585949471508531e-01 7.920072969146747521e-01 8.262215268517673072e-01 8.120896029890979362e-01 8.417172229133818018e-01 8.264486615312158779e-01 8.555807975067233340e-01 7.338230584182611205e-01 8.274324958154780640e-01 8.190500924406051153e-01 7.919030635375228222e-01 8.454100653572048651e-01 8.024250535291155284e-01 8.302496337719925679e-01 8.385889946801395878e-01 8.552929655575999268e-01 8.333971958228332255e-01 8.034220405781177243e-01 8.314216264887146490e-01 7.526570110626981114e-01 8.094296153738719246e-01 8.643485741185359394e-01 8.538255160206255079e-01 8.379978972344592769e-01 8.427811274382813744e-01 8.385588422934394659e-01 8.428063987951757152e-01 8.520029632354952920e-01 8.379637694967615458e-01 8.547067455165442418e-01 8.460603252333461777e-01 8.464611796048416847e-01 8.657473929577356175e-01 8.567709491784870623e-01 8.564460634950857854e-01 8.514445882853688419e-01 8.546165574650030905e-01 8.114068167112103991e-01 8.361484918239796560e-01 8.507197009307662094e-01 8.216169611795798300e-01 8.243780962594391415e-01 8.586106081837240334e-01 8.639981970752299567e-01 8.555644877969209583e-01 8.622663888991606296e-01 8.508413973503765604e-01 8.672369455277553207e-01 8.682463665156481269e-01 8.592382696582402390e-01 8.331741575725170046e-01 8.635166935263051124e-01 8.305317867073703786e-01 8.344918258676868872e-01 8.490508167535782968e-01 8.292862619369368860e-01 8.505902330073259465e-01 8.293071839358554520e-01 8.254608480622803723e-01 8.336578257705401507e-01 8.351993971164713981e-01 8.344263841760450884e-01 8.364416336839727295e-01 8.464283499663652899e-01 7.718956910263001792e-01 8.156512437012590766e-01 8.229748864742821857e-01 8.121905245486513714e-01 8.116422149735609270e-01 8.354118060366061416e-01 8.264833267265586647e-01 8.263910441568730336e-01 8.249625220317238217e-01 8.375977494110908861e-01 8.292981606325583455e-01 8.545467134628638162e-01 8.477661056941273587e-01 8.423401886315641240e-01 8.289015373680134191e-01 8.404970838291091484e-01 8.387340896893844544e-01 8.424411307036703267e-01 8.543991148427255711e-01 8.430131139862799827e-01
1.376210628511309320e-01 2.684081235055536530e-01 3.044782885202181322e-01 3.778909175302329060e-01 3.996967239890402701e-01 4.972304457624296403e-01 7.025530634792874762e-01 6.654734749246673520e-01 7.803482041611260467e-01 1.000000000000000000e+00 7.511484864715650689e-01 7.243482654197109794e-01 7.211833805744716219e-01 7.182430519856671802e-01 8.054598090180354886e-01 7.874480371388659083e-01 7.480925405774470072e-01 6.257154902168307054e-01 6.815785450342753959e-01 4.884364207708882799e-01 5.105565621680491217e-01 6.589672017682206562e-01 6.932712085872795305e-01 6.408420865740476202e-01 6.444835907633041927e-01 7.922152695838557968e-01 7.650996954746706047e-01 8.000016371788093439e-01 7.741325487961060459e-01 7.774577901449915007e-01 8.133178549908168797e-01 8.000729862973083861e-01 7.585593010933083802e-01 7.610290340360309491e-01 7.784966295511948076e-01 7.689381294011703449e-01 7.853360703896972161e-01 8.298010554342692968e-01 8.255745539244883080e-01 7.533283329550849450e-01 8.183915750249027843e-01 8.199132435466565116e-01 7.815444363514905124e-01 8.216247712685454951e-01 7.783118205672515666e-01 8.303713373110609419e-01 8.297572466117434375e-01 8.431041694691954191e-01 8.248717879026679078e-01 7.807431395233515037e-01 8.245029974988494770e-01 7.165667833178741564e-01 7.746164747122636918e-01 8.480613925374714812e-01 8.398167262783000631e-01 8.261043695223645456e-01 8.181929739596088824e-01 8.265172964877008921e-01 8.346494230002539094e-01 8.204820656907032550e-01 8.206820704774119291e-01 8.373716748185690006e-01 8.265900628106870318e-01 8.192677957179700376e-01 8.127076055614782524e-01 8.177859574416450616e-01 8.405929719067615213e-01 8.298353714435540152e-01 8.366441736141621011e-01 7.782600951367202313e-01 7.969470545785759530e-01 8.182732950178734921e-01 8.048656081093841230e-01 8.002326237390529062e-01 8.343530997322378129e-01 8.347261130939344076e-01 8.361785720247354448e-01 8.376571174401672426e-01 8.354183361084708270e-01 8.424603424275616259e-01 8.395799016852958374e-01 8.402699254624838021e-01 8.213929886366446720e-01 8.425657200130531876e-01 8.220892463116841187e-01 8.218597293211690191e-01 8.256339111956693122e-01 8.308321297867894417e-01 8.398526614948961244e-01 8.240833816502397546e-01 8.205323000058108995e-01 8.287124646687780150e-01 8.222534856889972543e-01 8.295143119869908821e-01 8.293194400567236446e-01 8.374962045130185384e-01 7.848698455686864417e-01 7.958651711146839114e-01 8.184797438598883090e-01 8.144735898351251890e-01 8.103650623208574766e-01 8.211015824499677818e-01 8.101291221041041490e-01 8.157687178152678298e-01 8.108142903951186531e-01 8.267142096801489703e-01 8.259332753489301293e-01 8.428962743338713759e-01 8.398650774690512577e-01 8.307810222562179714e-01 8.307903382701269379e-01 8.260882805859957045e-01 8.329338220709385787e-01 8.278943715557308680e-01 8.263574595056103478e-01 8.240907739686840205e-01
7.532542625935080560e-02 1.652570055266606719e-01 3.956801244334842704e-01 5.175316918641710284e-01 4.509739220832633122e-01 5.581504795725795720e-01 7.541393219524951119e-01 7.093319662306715179e-01 7.772155387269582549e-01 7.511484864715650689e-01 1.000000000000000000e+00 8.399296969250398259e-01 7.729355910189124046e-01 7.860488348417260518e-01 8.631679301709836993e-01 8.358215969498160591e-01 7.746449812447486760e-01 6.564005319804725458e-01 7.420939051334269898e-01 5.861288335520820070e-01 6.293883706091233377e-01 7.558044165176509566e-01 7.357414320776493044e-01 7.252515485405758300e-01 7.353839843793763542e-01 8.397198600306398086e-01 8.415857849654587719e-01 8.434944601277902798e-01 8.049690217245339952e-01 8.224580333012259103e-01 8.614201914278815098e-01 8.409984271532624511e-01 7.705296633209642865e-01 8.213910834146329609e-01 7.987669372580138427e-01 8.468459848678512314e-01 8.480076843311059598e-01 8.572873547302464203e-01 8.683376068871553333e-01 8.397308438336330561e-01 8.827179004446629174e-01 8.836593927215915523e-01 8.610421557528461500e-01 8.863283411973631454e-01 8.788409182961622879e-01 8.713142310896476728e-01 8.851326474007433776e-01 8.904260733673664552e-01 8.809929250750788698e-01 8.488527528484913764e-01 8.732792652486408569e-01 8.192429729133654526e-01 8.566344331062625272e-01 8.772961864130287557e-01 8.703752455810945809e-01 8.783701230604561427e-01 8.671271826500680513e-01 8.812970826231857346e-01 8.785759030151929494e-01 8.745393303692494680e-01 8.786663169983547350e-01 8.775953393899811328e-01 8.695423952391485578e-01 8.637748840770691494e-01 8.719055359331332467e-01 8.733638016367429868e-01 8.900559321382184308e-01 8.887832244825413230e-01 8.836803589312342000e-01 8.682811896237201399e-01 8.823298250897981809e-01 8.892381307453229855e-01 8.790739819252285647e-01 8.802660009044727119e-01 8.968694265453253101e-01 8.954976495157964678e-01 8.951567566210578697e-01 8.896698234097483171e-01 8.931752646036804633e-01 8.863783014092884160e-01 8.857454376244010552e-01 8.950118074747955843e-01 8.898326984343171153e-01 8.795429659399018885e-01 8.848475623169061999e-01 8.927965161960642604e-01 8.954761939213393696e-01 8.916328652102982755e-01 8.925002784289552960e-01 8.892858926941208386e-01 8.924466433823494693e-01 8.944594403453054454e-01 8.953114476922988674e-01 8.930854739170902556e-01 8.885715569975262129e-01 8.914882440790079521e-01 8.714138742030486107e-01 8.703833204180552174e-01 8.796311673892738270e-01 8.860623411180655884e-01 8.871539902797281885e-01 8.859145718346405074e-01 8.822513528951471118e-01 8.867633346799449479e-01 8.906047600697166722e-01 8.809540503564246006e-01 8.863744658430102730e-01 8.878011707622852633e-01 8.914750516202112340e-01 8.894318208061042785e-01 8.872890077052322244e-01 8.866830689366803631e-01 8.861472058235657645e-01 8.869736168723135750e-01 8.886362799243807675e-01 8.865328168798974895e-01
-3.155827662977910703e-02 7.352364220455449850e-02 3.488625387752534723e-01 6.458135289564622683e-01 4.950934617007566318e-01 5.854897941578171006e-01 7.898297091490997790e-01 7.577778535708342700e-01 7.512251149640790659e-01 7.243482654197109794e-01 8.399296969250398259e-01 1.000000000000000000e+00 8.150581935050601468e-01 8.136182793665035495e-01 9.008062968676187054e-01 8.786226355254196374e-01 7.574202135879471998e-01 5.357543768376882287e-01 6.653251702131586232e-01 5.701959448164533040e-01 6.192193091883035905e-01 7.217188168894026479e-01 6.473461129366021582e-01 6.515230806507028571e-01 6.839511603659134131e-01 8.064813148772281837e-01 8.186712378143824465e-01 8.017460138470386966e-01 7.475461605817198540e-01 7.628413998913504690e-01 8.258681879065115083e-01 7.968340142845757867e-01 7.061489306056812909e-01 7.835780729747576778e-01 7.428150900373486909e-01 8.284511650286473516e-01 8.024817244893861501e-01 8.330502662566934280e-01 8.450752078320235006e-01 8.212281311669847872e-01 9.022214744959736743e-01 8.965843483365550926e-01 8.907947665353925792e-01 9.148184250044770760e-01 8.929502879628559153e-01 8.608161220763129728e-01 9.191332196890006356e-01 9.098456254378153307e-01 9.115036846399393600e-01 8.760373573460389363e-01 8.993279166703074257e-01 8.989557390020861405e-01 9.240975747455862921e-01 8.859448486383179056e-01 8.652485224044708101e-01 8.629033403990877815e-01 8.967447062605594654e-01 9.098601222753535112e-01 8.998247310330720339e-01 9.179266300005707313e-01 9.183842819510293909e-01 9.014980460990185129e-01 9.028354258531060550e-01 9.067045374338584818e-01 9.052956533841983733e-01 9.110881858632765562e-01 9.083480452044248032e-01 8.821013420225272128e-01 8.703140246538985103e-01 8.997973600681669071e-01 9.004521696239089490e-01 9.043663111630133589e-01 8.783815694132310892e-01 8.867926354867399219e-01 9.095852373372732558e-01 8.999575880034069719e-01 8.989007414004035468e-01 8.862707554765706375e-01 9.016054579783923106e-01 8.896671307711796484e-01 8.903598763585046649e-01 9.095960797598059422e-01 8.933854911182143033e-01 8.754081978087946414e-01 8.982828593294456265e-01 9.059359451122870333e-01 9.031653780328330328e-01 9.089864466863941672e-01 9.035976414233829468e-01 8.951868758160888007e-01 9.025327554291080467e-01 9.218488591215723282e-01 9.243101628625638444e-01 9.200521402684113115e-01 9.244865349651045783e-01 9.189563028556690938e-01 9.151364249301001674e-01 9.192112297707381030e-01 9.156274789553113802e-01 9.225037776039707316e-01 9.275144628646263545e-01 9.245994529816309315e-01 9.333086966268193674e-01 9.333999677352182722e-01 9.319896513517468284e-01 9.083254410592574990e-01 9.207990795261166150e-01 9.088360506896498991e-01 9.062169913885939065e-01 9.234039724984088870e-01 9.112872782383087955e-01 9.283185862479583772e-01 9.168688738502476232e-01 9.224950167001936263e-01 9.235323267227070199e-01 9.270480735024008156e-01
4.224077087082461768e-02 1.392801123892244142e-01 3.010566292964915180e-01 5.140035923698891285e-01 5.003459281975031203e-01 5.239040937230196038e-01 7.410454782330219148e-01 7.340952077974129963e-01 7.530612311835066519e-01 7.211833805744716219e-01 7.729355910189124046e-01 8.150581935050601468e-01 1.000000000000000000e+00 7.583721032073382773e-01 8.482081629193776173e-01 8.460557343243310102e-01 7.315740790934379678e-01 5.538946080608220246e-01 6.532509169761950840e-01 5.257303665985011421e-01 5.573204962051825362e-01 6.870818657816164521e-01 6.501432037344306858e-01 6.274689318243130698e-01 6.553181461895389859e-01 7.873520440008799914e-01 7.791746679518636309e-01 7.769875399161007001e-01 7.289154697734083754e-01 7.557946892945570649e-01 7.985056579229475870e-01 7.612635840435237888e-01 6.932117387136301767e-01 7.413003343144510815e-01 7.366981374564303131e-01 7.792241563677241301e-01 7.829239693537708433e-01 7.951845045844647686e-01 8.133401673641003082e-01 7.553658700503952383e-01 8.418275478705679049e-01 8.388144818930463043e-01 8.319063984151091606e-01 8.580017368162837776e-01 8.202050969909849831e-01 8.240735527457461185e-01 8.605585215376566621e-01 8.582315774398928676e-01 8.418964996157990432e-01 8.014571349632394481e-01 8.354205142238688708e-01 8.032756624135939383e-01 8.510536193146398531e-01 8.507986949331972637e-01 8.277063009193366128e-01 8.176038534397994662e-01 8.404273628746711244e-01 8.573947164198424398e-01 8.461826210609558752e-01 8.727482536403452507e-01 8.635277903596068061e-01 8.607223926038873874e-01 8.505689300951262410e-01 8.526022220330364831e-01 8.537140162666668752e-01 8.655407076142580536e-01 8.577539685438998474e-01 8.422525146866894907e-01 8.354980356033415712e-01 8.359264420916679983e-01 8.393759252434608298e-01 8.496477688619289426e-01 8.282349364451010443e-01 8.318730718691056403e-01 8.618973136091419018e-01 8.538505366119081286e-01 8.514729041311516200e-01 8.408670575766719057e-01 8.530238725994813143e-01 8.510169218842472683e-01 8.529837678678068302e-01 8.614180812037767199e-01 8.370185372793661482e-01 8.425302428194607618e-01 8.406568921600883204e-01 8.473671853869613191e-01 8.532234774666251909e-01 8.497094592700116245e-01 8.565284662507975932e-01 8.423491582006301659e-01 8.478796827692384186e-01 8.598464673384483836e-01 8.611384600150707724e-01 8.589085361125369245e-01 8.673803050333281917e-01 8.644324726989575103e-01 8.349168983593303617e-01 8.538916294706871968e-01 8.569996989867630921e-01 8.551633309570674246e-01 8.632781447582554835e-01 8.630587901128748962e-01 8.648884024756877675e-01 8.685043404142197554e-01 8.629267336631257779e-01 8.574759080577194492e-01 8.579290059436835980e-01 8.626594024577725062e-01 8.568234483799905821e-01 8.677408706746616573e-01 8.546702920713927787e-01 8.730955369235441355e-01 8.641012208980659581e-01 8.689937468602791926e-01 8.643382936922527904e-01 8.717243290143227297e-01
