1.000000000000000000e+00 1.026325875332459725e-01 1.051360600748666024e-01 6.392287186282825939e-02 3.724976786682612090e-02 2.435996131100087378e-02 2.909110729814152335e-02 2.782857460465952559e-02 1.020642944898663418e-01 7.829924733016813132e-02 2.172263370766997978e-02 2.474917395041308088e-02 4.019073817167013313e-02 2.749488401618244149e-02 3.406974735411961042e-03 3.843048740491684240e-02 7.188772993658854027e-02 5.887177694830998675e-02 1.755041312585524024e-02 3.582883798351732541e-02 5.038795473170408490e-02 3.644974317429844346e-02 5.130321856191953633e-02 2.940878336196862952e-02 2.430072849587278094e-02 3.848970269935078625e-02 4.511371855061611230e-02 7.744817683270207968e-03 3.348887792684902137e-02 4.113174428025439394e-02 2.632504736518616675e-02 1.971969809197974405e-02 -2.338616227513150292e-02 -2.105531646837886101e-02 1.237272347704301747e-03 -1.782689649176075544e-02 -5.828891772102485352e-03 -2.001433060072384251e-02 -1.306752376892806114e-02 -3.823542225176947140e-02 1.256682738534557406e-02 -1.918708384922604426e-02 -1.280860100056743778e-02 1.096633045232387610e-02 1.106893602280353481e-02 -6.090995480744485109e-03 1.018922316801611043e-02 2.837568049500103010e-02 2.514793447458205447e-02 -1.173191363468800708e-02 5.723153372026797310e-03 1.144066502100413857e-02 2.331256525857517553e-02 4.497465366125656672e-02 2.897747727804947035e-02 3.033130443865360640e-02 6.770764122046059319e-02 1.950980436195250134e-02 2.774675493127991624e-02 4.091378286939485742e-02 1.806996699206309467e-02 4.502564249541134850e-02 2.992129393288348385e-02 2.697022954700271230e-02 5.637491454198094443e-02 6.726467322813013683e-02 2.100996758614607704e-02 1.216732148292276779e-02 1.785003928930340919e-02 2.108928844837885605e-02 8.743039865388824161e-03 1.031023504410621093e-02 1.585763779410228821e-02 4.722639483440166201e-03 1.433190281874125588e-02 1.566952504353782277e-02 1.015282924724714327e-02 2.528568309212963355e-02 9.190431225701905724e-03 2.324673172029711327e-02 5.945258705832207925e-03 1.523931676667281306e-02 2.846811783704970497e-02 9.234712153358352882e-03 -8.492205171380501003e-03 -7.217181213972531130e-03 -3.008594044082876741e-04 -3.595934676125926471e-04 -2.883140450765097739e-03 2.233211599048931170e-02 -9.457744730196268601e-03 -2.924592988547984954e-03 1.657043570735847659e-03 -4.070705624299695256e-03 4.072199310254358967e-03 1.142563966034298127e-02 5.025926267145471764e-04 1.882952753327242143e-02 9.214005398853078541e-04 -7.047448458657871659e-03 -2.017503528867057271e-03 1.675639502574149259e-02 1.840857095128799192e-02 3.749517519158565484e-03 9.270508953120404003e-03 3.428011802576924616e-02 1.114775458062623563e-02 1.334210668554736308e-02 1.544761481598721370e-02 1.296613043565517619e-02 1.512293440737131830e-02 1.724386285409133801e-02 2.530355168485802844e-02 1.189595958943534884e-02 3.169192345048391091e-02 3.352989208971317303e-02
1.026325875332459725e-01 1.000000000000000000e+00 2.596194937676379530e-02 6.625633786363799294e-02 5.691892110528279369e-02 4.174582764912611321e-02 1.062793443723755726e-01 1.044140611443661187e-01 1.744458880830851988e-01 1.686057561174355846e-01 1.088704511446690060e-01 1.189968100635967890e-01 1.089433203485260654e-01 9.528876403350315660e-02 1.217208969694286991e-01 1.192280802496056974e-01 1.431191324652748842e-01 9.476963383323112888e-02 1.026851782476945890e-01 5.096894104637273576e-02 9.023328914973319237e-02 9.039605562365192470e-02 1.314232589931801087e-01 9.565256979002310922e-02 9.492062095527488419e-02 1.362959056369704436e-01 1.297632552081217638e-01 1.210047631471723034e-01 1.058708254915954605e-01 1.743969312041685205e-01 1.528583671723693360e-01 1.404637158200363889e-01 1.167073788233509851e-01 9.669442293556540502e-02 1.346876861296320838e-01 9.742837202548904063e-02 1.170593798474906105e-01 1.119046530788480320e-01 1.323313151254798536e-01 8.707509106605693106e-02 1.360216014338715973e-01 1.178547258484408666e-01 1.001371190766299629e-01 1.242951597545885328e-01 1.105306835834445195e-01 1.323896999228679483e-01 1.363969924527410338e-01 1.499366085077253330e-01 1.414299609061229479e-01 1.059305261335260623e-01 1.158673538290893451e-01 7.591369513181032980e-02 1.040591942327638436e-01 1.654505383437413768e-01 1.512829718888882014e-01 1.541974427091376554e-01 1.492504123048313258e-01 1.390464560088782442e-01 1.423883711391026596e-01 1.490552259252890810e-01 1.257823990695295935e-01 1.494049191638517349e-01 1.430430979333064123e-01 1.350460831181070076e-01 1.289816320315397558e-01 1.453507896308696978e-01 1.445132496301718417e-01 1.386760908408698478e-01 1.396790947905363067e-01 1.166510691033074004e-01 1.186817949978419690e-01 1.338461334214444132e-01 1.344711499298015533e-01 1.230769184614911027e-01 1.432019575858508864e-01 1.365519229766231080e-01 1.328585989074883289e-01 1.311343565233775710e-01 1.336739566810820901e-01 1.490197243329237087e-01 1.378446325825882501e-01 1.432831551200894615e-01 1.443547068227535590e-01 1.411961332408347425e-01 1.235071509810388712e-01 1.258929726791456483e-01 1.302533361181960891e-01 1.362551584790592518e-01 1.319208139188657314e-01 1.509881792044997784e-01 1.251684141819218166e-01 1.323581100669773691e-01 1.304262138212947675e-01 1.335592846270560463e-01 1.355754337365206730e-01 1.436082948044944130e-01 1.212037032639528694e-01 1.230582808001410983e-01 1.297931291776173723e-01 1.241085263909818825e-01 1.214833662696776229e-01 1.404045040011347723e-01 1.232376915494053787e-01 1.296981930520184623e-01 1.189645211003246134e-01 1.437125339397259671e-01 1.401957422255537544e-01 1.485025582850061365e-01 1.474751851045090212e-01 1.409186798901249371e-01 1.432635283829830908e-01 1.420886183533658087e-01 1.446638551997442013e-01 1.308721875021134351e-01 1.343345523268842656e-01 1.377747827500812872e-01
1.051360600748666024e-01 2.596194937676379530e-02 1.000000000000000000e+00 2.779970806977936082e-01 9.814797982459290415e-02 1.763436703218698443e-01 2.061999021640744667e-01 2.590160788752547405e-01 2.516177249731011978e-01 2.522380828940583575e-01 2.372726283955278737e-01 2.801671686028570640e-01 2.529039688589926338e-01 2.331248379251947001e-01 2.623525393691531482e-01 2.956983277440547453e-01 2.588733466034017772e-01 2.882489466966974834e-01 2.460381006496422662e-01 2.765626288929823318e-01 2.902079954673875140e-01 2.874232285943659759e-01 2.798082521881047890e-01 2.774502845874428636e-01 2.657109037464374657e-01 2.912375284797058539e-01 2.842062935693805970e-01 2.848603447790746812e-01 2.888298113174496695e-01 2.550487853477808042e-01 2.738208102077661077e-01 2.915210896374479943e-01 2.657070284882799838e-01 2.797608319553810952e-01 2.446022903670395099e-01 2.762415592043414025e-01 2.799683846278321897e-01 2.734926768055187529e-01 2.703368153819377673e-01 2.889207058945677531e-01 2.813783390760471459e-01 2.711661180126153647e-01 2.842597022094106585e-01 2.849246468469239790e-01 3.079079287908018658e-01 2.628889072989288866e-01 2.675986121920314043e-01 2.709434207144698070e-01 2.737107574026965140e-01 2.670067144046017193e-01 2.822041460380753097e-01 2.838185419343266513e-01 2.876333801858529937e-01 2.718211394134169567e-01 2.672187826097940921e-01 2.843120053309499129e-01 2.924093133207851802e-01 2.671244814029519743e-01 2.792623674079989793e-01 2.668036464254682771e-01 2.770764307770001711e-01 2.762369937280934051e-01 2.749538271167493164e-01 2.768502426887563539e-01 2.928816557220834116e-01 2.822091544456827306e-01 2.711946762922486931e-01 2.713855619332476987e-01 2.787259828945254370e-01 2.916479283544414769e-01 2.861234535384325484e-01 2.775287797587759897e-01 2.822572748989858882e-01 2.779330311570700207e-01 2.737567143689390026e-01 2.799141975341172262e-01 2.757556875152298304e-01 2.804731875208302250e-01 2.720576247458035279e-01 2.664265293898496201e-01 2.728057837857493784e-01 2.765935486126668841e-01 2.851826191431127699e-01 2.656653209031574758e-01 2.772077960594846457e-01 2.746891189043613735e-01 2.828370226686927613e-01 2.709166389099431083e-01 2.684716692919482672e-01 2.766938295742448761e-01 2.824770460672075822e-01 2.707819467959394766e-01 2.790756390375516149e-01 2.675144858343581622e-01 2.658002867582918149e-01 2.665468103153385004e-01 2.799216551496218619e-01 2.803270227661178726e-01 2.696003362925138425e-01 2.716254257700063679e-01 2.733545749389335588e-01 2.745346237160763425e-01 2.762008754283566958e-01 2.720957152221119002e-01 2.811995986848909723e-01 2.805843946549771983e-01 2.694249186962252574e-01 2.647315588530059771e-01 2.710284995791675255e-01 2.651448175393510409e-01 2.719969202561388633e-01 2.662474880522125442e-01 2.725120650352101381e-01 2.750019172816885460e-01 2.825132616141528552e-01 2.762816085295938806e-01
6.392287186282825939e-02 6.625633786363799294e-02 2.779970806977936082e-01 1.000000000000000000e+00 2.190268046419809045e-01 2.732965443180550569e-01 4.060305727402134801e-01 4.247342873661213436e-01 4.175087419535246647e-01 3.741935545656029372e-01 4.393341201810100904e-01 5.182622361676160194e-01 4.305697445831242476e-01 3.945526815612925842e-01 4.891535656779569252e-01 5.031719741062353757e-01 4.304700115646037384e-01 4.664962993993172491e-01 4.545192531349571130e-01 5.020316860573920126e-01 5.209359816195064941e-01 4.978468129594014191e-01 4.150516698706820384e-01 4.449180389777001587e-01 4.496104560300910324e-01 4.802256617021604113e-01 4.870346656111141370e-01 4.848214015722619452e-01 4.753395589678323652e-01 4.342880238365405821e-01 4.771782076828610109e-01 4.868091650582873631e-01 4.657503366168354031e-01 4.838092381786531782e-01 4.579611184608803343e-01 5.056725348423224409e-01 4.898001849909026650e-01 4.877545653564679395e-01 4.857970416952121506e-01 5.097248045257858351e-01 4.985087826862777405e-01 4.964089083193788388e-01 5.076898336674474654e-01 5.089065018337814994e-01 5.160676821138687753e-01 4.965934987415432378e-01 4.804551917325959876e-01 4.866893326885660676e-01 4.764424357020013989e-01 4.848001043305075197e-01 4.972882799078217619e-01 5.174162181252097703e-01 5.062374026634803847e-01 4.751226822036956343e-01 4.786915737840544693e-01 4.889805776005308746e-01 4.900185980162413690e-01 4.959684080337320444e-01 4.901958074373908847e-01 4.843275694168157619e-01 4.993836843864994934e-01 4.884966351494423598e-01 4.817381585390649867e-01 4.936497490155413725e-01 5.058072248993021880e-01 4.899834176307578115e-01 4.902012949697012734e-01 4.880236656730311262e-01 4.834713318365498891e-01 5.154522825226370841e-01 5.157801196483636774e-01 4.945846962523117729e-01 4.869804348444229380e-01 4.902888538646187344e-01 4.911069291002372883e-01 4.977571444805763967e-01 4.929837819296574164e-01 4.880067761086576139e-01 4.857387972149573296e-01 4.779125029977324690e-01 4.853226777760482613e-01 4.936081116303762673e-01 4.947778088075800440e-01 4.817742329857787054e-01 5.039787955357603044e-01 4.973289185223218611e-01 5.015657489296212468e-01 4.941703485136118568e-01 4.888940327544967768e-01 4.889524774117193218e-01 5.027871185278922628e-01 4.955848809005131139e-01 5.019814437568315135e-01 4.932187455076354476e-01 4.856562071714752848e-01 4.831172466348777617e-01 5.096529773730889001e-01 5.007083293991836381e-01 4.979846774516190622e-01 4.994562238911496310e-01 5.070412831667271414e-01 4.972633782161011151e-01 5.007561712578625368e-01 4.996147642697269520e-01 5.121307908501716577e-01 4.959238097156621894e-01 4.869237194897001464e-01 4.814399899666821914e-01 4.886723886822216256e-01 4.896344813565067233e-01 4.947616273262612774e-01 4.871153434873912724e-01 4.894632944028047272e-01 4.974114778166755513e-01 5.022321647017569113e-01 4.983465045470407695e-01
3.724976786682612090e-02 5.691892110528279369e-02 9.814797982459290415e-02 2.190268046419809045e-01 1.000000000000000000e+00 2.196254535417266618e-01 3.530856034491807738e-01 3.640868344942949641e-01 3.588081776677886081e-01 3.295302243249302876e-01 3.460245247999407803e-01 3.762579915994767044e-01 3.852024057275433289e-01 3.422484908758776090e-01 4.130315563947383195e-01 3.971701676126069280e-01 3.841997775379798474e-01 3.428584802700823109e-01 3.723775465310025234e-01 3.246734920747508801e-01 3.615219275942577193e-01 3.803765729724741251e-01 3.420514191291729733e-01 3.232454066998254882e-01 3.607840663940563575e-01 3.769275488687019449e-01 3.746249882125964326e-01 3.896905503843218765e-01 3.817278926431958430e-01 3.869782384599119718e-01 3.828173102633030123e-01 3.999960325204731659e-01 3.952699790863180018e-01 3.927337314776772059e-01 3.902368546262047211e-01 4.066813746778045746e-01 3.952718373367268279e-01 3.965376737941392338e-01 4.177809607296915084e-01 3.781824147506602229e-01 4.029150656159245503e-01 4.104221264983505257e-01 4.102995214979569538e-01 4.134669217837311783e-01 3.995661855826335151e-01 4.122048934278779719e-01 4.020906179852181128e-01 4.011068257516121061e-01 3.979425646468008892e-01 3.921621576066614545e-01 3.967155666581120843e-01 4.003416086270019103e-01 3.891944688769734539e-01 4.004175681834091227e-01 3.986244702159684183e-01 4.066230497361465468e-01 3.875384950615521906e-01 4.025117706772584070e-01 3.816139278245478383e-01 4.035506489010369235e-01 4.036005710490762621e-01 3.891781812586025402e-01 3.852486922147055903e-01 4.134171991414477554e-01 4.076290302467081017e-01 3.937958677533829888e-01 4.107283082770304961e-01 4.077044510441165670e-01 4.051740381328525764e-01 4.044262450614610760e-01 4.065862072260078008e-01 4.104480783141634670e-01 3.968783551910328167e-01 4.068896117934966972e-01 4.040165774352595385e-01 4.035342648227173146e-01 4.076718717924313617e-01 4.055821350876092080e-01 4.057570976284640696e-01 4.016764860820534189e-01 3.997109137567089743e-01 3.982034484345368663e-01 4.158842890640605527e-01 4.001383226528599790e-01 4.087184261616665926e-01 4.109678900007086022e-01 4.086196595140564880e-01 4.127497563860861862e-01 4.137178793329115423e-01 4.131966446205138643e-01 4.047795605910523564e-01 4.092545816926629332e-01 4.104592273715158002e-01 4.112278250687962933e-01 4.033300487035155202e-01 4.058681875020726526e-01 4.026664258256295037e-01 4.038269288569665272e-01 4.076252206340950646e-01 4.050244681645155942e-01 4.113402035398827095e-01 4.011166046665811669e-01 4.088779894930829606e-01 4.130871590683320438e-01 4.182673054832084514e-01 4.044955034441040098e-01 4.059830695304157966e-01 4.071133105333306079e-01 4.052227117641662435e-01 4.039459609048430822e-01 4.021664924034001332e-01 4.098646603437354208e-01 4.003440154575736987e-01 4.129639055361744582e-01 4.090690579473077459e-01 4.044234412451132576e-01
2.435996131100087378e-02 4.174582764912611321e-02 1.763436703218698443e-01 2.732965443180550569e-01 2.196254535417266618e-01 1.000000000000000000e+00 3.859173601583380520e-01 3.725535347283747689e-01 4.069102676516569983e-01 3.719207549826021864e-01 4.044767965384621355e-01 4.481543967879877410e-01 3.988086926615593275e-01 4.113243012309590885e-01 4.808140653928548169e-01 4.678137583803763100e-01 4.232996817008569113e-01 4.249328240776251708e-01 4.479646506293014085e-01 3.982129971792757739e-01 4.292205505095966211e-01 4.347897736921366718e-01 4.254689430315697907e-01 4.134739482146183032e-01 4.401011862865416568e-01 4.755585511063109005e-01 4.661195165685056430e-01 4.723456419163082898e-01 4.682619539909395612e-01 4.612671614821113319e-01 4.742294935382822541e-01 4.815098185710581236e-01 4.728969387161994775e-01 4.630691412131913154e-01 4.549013995468079163e-01 4.706408855641951439e-01 4.715332979352218623e-01 4.900330941518145078e-01 4.823108909953078838e-01 4.831948695947412276e-01 4.905485191844597415e-01 4.872870010686503051e-01 4.798778949385467119e-01 4.864701557369255358e-01 4.898773412173953457e-01 4.851916839371785972e-01 4.821517749626437199e-01 4.882114708398355152e-01 4.826342793594474156e-01 4.704720962632246151e-01 4.921210842820273323e-01 4.647346778550385804e-01 4.762401505630093901e-01 4.773295263861948023e-01 4.805716163250355333e-01 4.903225940296679353e-01 4.788904440762011272e-01 4.787985713013649391e-01 4.854722030314764236e-01 4.780893769902815893e-01 4.865126087334392668e-01 4.787606260864996632e-01 4.797976021206792341e-01 4.804358926501651750e-01 4.796888556370625389e-01 4.733833162571882691e-01 4.907381834595992975e-01 4.899487463726848180e-01 4.913033370198543470e-01 4.878570438674127985e-01 4.914895073910939272e-01 4.924256079798252084e-01 4.830672760342290539e-01 4.862420138987211815e-01 4.942919984349097295e-01 4.893075212150249653e-01 4.901726544751836556e-01 4.902039024786377652e-01 4.852342955802839142e-01 4.878682215364671393e-01 4.914046629293518098e-01 4.917520522602083499e-01 4.915251449648847526e-01 4.935720252175449518e-01 4.955581207961863854e-01 4.919226401984874708e-01 4.941316436831768577e-01 4.918034121843410378e-01 4.930202720150171913e-01 4.861155580886368233e-01 4.972389177923575709e-01 4.928232273210985670e-01 4.896487160328590327e-01 4.909784850854122529e-01 4.900349078206929776e-01 4.880128138493365908e-01 4.922548004130393728e-01 4.878115089545378980e-01 4.926022585362634931e-01 4.948276602012713909e-01 4.941664421390349338e-01 4.865860352047715054e-01 4.869762226558998486e-01 4.898256191418416394e-01 4.938831954409044767e-01 4.862082740081064003e-01 4.919390723122471498e-01 4.876890618038776104e-01 4.890485378565263552e-01 4.885387674910138256e-01 4.876474506084542693e-01 4.874052679051165682e-01 4.841708190599113837e-01 4.910981164553831491e-01 4.896182040717798056e-01 4.853555512594810994e-01
2.909110729814152335e-02 1.062793443723755726e-01 2.061999021640744667e-01 4.060305727402134801e-01 3.530856034491807738e-01 3.859173601583380520e-01 1.000000000000000000e+00 5.731875913643356135e-01 6.079389308943202730e-01 5.811860078190548284e-01 6.141160681868660376e-01 6.768224880281045186e-01 5.939448250979679766e-01 6.062080841968822131e-01 7.348368755501006877e-01 6.904836491759631656e-01 6.269103603913653844e-01 6.189409586425734799e-01 6.510600999618725293e-01 6.098680261035331895e-01 6.395073649450752074e-01 6.471254204623440032e-01 6.126667763977686754e-01 6.108238864235682186e-01 6.231245928765585251e-01 6.911146773675039823e-01 6.812325614206232727e-01 6.984569478372130158e-01 6.798672710595814461e-01 6.879634665909180047e-01 7.139436257626623483e-01 7.092884815138075227e-01 6.743092347081414140e-01 6.805766337951186795e-01 6.649176521874048396e-01 6.864934275868054270e-01 6.969744882755010140e-01 6.987367773848541797e-01 7.101615300645006679e-01 6.880380128541258022e-01 7.210402769079692353e-01 7.198368138758435286e-01 7.042220153416286488e-01 7.175383427776064194e-01 7.091938771711004952e-01 7.239598150805690580e-01 7.114714287214122246e-01 7.194373312461858072e-01 7.026363193394135065e-01 6.816439832054734804e-01 7.129888815756811882e-01 6.742619595596477389e-01 6.962273432035901433e-01 7.094647511291947151e-01 7.040385645958658900e-01 7.109274555362636860e-01 6.861202815781977105e-01 7.126381352687493065e-01 7.075645716086390591e-01 7.148000011401970388e-01 7.189453223293735817e-01 7.021123408506708685e-01 6.967202665349169211e-01 7.081456987973665518e-01 6.991913781749468093e-01 6.932927890398826731e-01 7.184720046499076807e-01 7.210663510426568168e-01 7.218559338430985406e-01 7.223558940630603331e-01 7.198781127142468428e-01 7.213054227294000142e-01 7.141185397696953041e-01 7.166530067605713095e-01 7.245614796949020331e-01 7.239427602717858345e-01 7.206276005691438780e-01 7.207448916007374029e-01 7.233023071518700498e-01 7.106562042049489047e-01 7.153077905770023337e-01 7.218547228529664794e-01 7.227308826173010070e-01 7.160260354911743841e-01 7.180954218506953035e-01 7.242505815302036076e-01 7.200574761258851098e-01 7.265310890901957031e-01 7.256871087931456854e-01 7.216719582401110999e-01 7.258401598968589052e-01 7.254826301339517558e-01 7.263645290586135950e-01 7.253522960642732054e-01 7.187328694180463717e-01 7.189126684832778391e-01 7.175307798293896200e-01 7.095653234641967622e-01 7.246172249146111133e-01 7.245294291715975721e-01 7.241246961738998511e-01 7.152826689303593000e-01 7.167762350917469272e-01 7.233469198420399149e-01 7.208824569790769354e-01 7.133444333577249052e-01 7.191124537189576005e-01 7.191794736584209424e-01 7.198431408367920170e-01 7.180774260639489759e-01 7.183286161107347301e-01 7.182982508809062638e-01 7.151889865824035963e-01 7.221631316276115875e-01 7.130904592733814384e-01 7.148442920191194760e-01
2.782857460465952559e-02 1.044140611443661187e-01 2.590160788752547405e-01 4.247342873661213436e-01 3.640868344942949641e-01 3.725535347283747689e-01 5.731875913643356135e-01 1.000000000000000000e+00 5.749507895118994849e-01 5.441319328505901387e-01 5.836553627976241998e-01 6.657630742595544993e-01 6.004214836993868598e-01 5.881856767014963516e-01 6.774608994820549013e-01 7.073040789578035614e-01 5.844595439024889982e-01 6.180756488094070189e-01 6.107259187729392469e-01 6.107591488908409305e-01 6.376750247211980804e-01 6.313202914582538572e-01 5.822405337079586962e-01 5.689154040271615642e-01 5.869253804329611635e-01 6.780257806067152559e-01 6.644461132999202047e-01 6.596362015570417237e-01 6.652963709099393164e-01 6.615519103982938631e-01 6.721934407058622885e-01 6.835801507300902635e-01 6.343421487003058079e-01 6.451675022272220783e-01 6.182961227633404500e-01 6.429931328332491036e-01 6.584043178949436914e-01 6.943238639620982200e-01 6.752388010313059574e-01 6.471976024763170798e-01 6.827649757337106440e-01 6.771656841793812776e-01 6.794000516651473864e-01 6.992198628372462421e-01 6.743217837848984875e-01 6.890246775777653099e-01 6.895813645826600613e-01 6.903934131779341232e-01 6.846061224604883533e-01 6.695450004498519903e-01 6.910066205477151113e-01 6.517048576053637854e-01 6.786049557091233808e-01 6.912085284247710959e-01 6.975435219293908418e-01 6.929861392406156950e-01 6.867618530005377142e-01 6.959129332197976359e-01 6.995909917204243822e-01 6.853462435272904552e-01 6.988475228966104513e-01 6.939222839632086526e-01 6.949441316619492381e-01 6.832521218583756939e-01 6.726357933419264690e-01 6.783713353214304576e-01 6.890396431950286393e-01 6.867969677101178894e-01 6.894545022506971543e-01 6.987394194169582740e-01 6.947060446399991873e-01 6.911485241276558167e-01 6.794980890240351901e-01 6.746314222507915348e-01 6.964525645063940340e-01 6.950787315853200754e-01 6.896896573152251353e-01 6.929865007431955659e-01 6.821599792129654505e-01 6.875295284085669589e-01 6.802877768522771484e-01 6.899022381272843507e-01 6.893353890822129237e-01 6.847384870772567078e-01 6.900646412871002111e-01 6.871837428610133580e-01 6.850922281286673243e-01 6.959582236388872634e-01 6.896044725588106328e-01 6.943167101788325635e-01 6.842538805032206684e-01 6.936712499340205174e-01 6.868721982411173377e-01 6.912504601989410968e-01 6.888410217250440226e-01 6.888939504071679432e-01 7.016847971641356763e-01 6.968881342360967457e-01 6.986722303783490240e-01 6.958724353450530531e-01 6.926252740924989659e-01 6.981464118671956154e-01 6.883922115612191028e-01 6.991895681915560878e-01 6.937298096791693069e-01 6.930753693810516314e-01 6.939185922348543034e-01 6.899679206406292842e-01 6.957818543168872161e-01 6.919312541054748467e-01 6.975394629157931625e-01 6.884179555751577251e-01 6.938025056021394077e-01 6.961495834957173168e-01 6.863065615870455050e-01 6.899658154035825941e-01
1.020642944898663418e-01 1.744458880830851988e-01 2.516177249731011978e-01 4.175087419535246647e-01 3.588081776677886081e-01 4.069102676516569983e-01 6.079389308943202730e-01 5.749507895118994849e-01 1.000000000000000000e+00 6.949317272839908854e-01 7.191147799762731552e-01 7.721885891369915100e-01 6.967796819550885479e-01 7.116410254482898878e-01 7.823731846293600078e-01 7.616193082586567575e-01 7.799800046640454898e-01 6.830329082041477484e-01 7.186717817907539718e-01 6.504002530387542613e-01 7.025383731327431436e-01 7.212298106129712005e-01 7.111858145138713061e-01 6.632605961958005780e-01 6.850867000181234401e-01 7.773484860474565439e-01 7.743275141089680513e-01 7.629779396820143278e-01 7.574212323380624667e-01 8.169641135882488303e-01 8.207062304170014144e-01 8.049305657699332706e-01 7.469559824806308868e-01 7.414520206204809893e-01 7.584145218945063105e-01 7.526788201542365941e-01 7.950473167359669580e-01 7.772426827816710793e-01 7.983317626467152373e-01 7.350327641892935304e-01 8.165877150294577058e-01 7.989822865935934937e-01 7.901839755114449249e-01 8.246015490537058623e-01 8.014680933294255905e-01 8.152564820816222690e-01 8.385456106650280850e-01 8.433950661665421400e-01 8.380865028600895661e-01 7.729467684625567214e-01 8.125501328414541646e-01 7.781469085403445174e-01 8.137834034881772372e-01 8.483354708462365057e-01 8.321131467756611721e-01 8.291493186069808230e-01 8.375819647139849389e-01 8.339068294304504692e-01 8.347937204307245285e-01 8.524778211405666939e-01 8.387134876311076459e-01 8.498098640407892868e-01 8.312692579143231564e-01 8.342332335967095336e-01 8.403776784834539049e-01 8.480589058204203168e-01 8.412307725315474327e-01 8.327557461749405254e-01 8.366469070678389519e-01 8.241736934377340562e-01 8.217209425102187659e-01 8.342375189838158178e-01 8.174666560228667223e-01 8.124155647838968708e-01 8.332750978250769158e-01 8.336731872275267019e-01 8.260521616215216190e-01 8.260469815242196256e-01 8.282653736014924384e-01 8.398549016701106762e-01 8.347386998997939900e-01 8.385800558483831324e-01 8.434029206937931900e-01 8.294397246512316135e-01 8.178484493721034365e-01 8.196788577886676697e-01 8.273283580460737419e-01 8.258172867683098994e-01 8.274103993475467878e-01 8.385034369065474946e-01 8.141693757730238401e-01 8.296209079725865854e-01 8.280033319582165152e-01 8.300898875107236563e-01 8.384391272264942740e-01 8.413215655620948086e-01 8.221726941622693463e-01 8.249832161658613439e-01 8.321778903263004068e-01 8.278323201906692130e-01 8.261941545337161408e-01 8.396230371728697905e-01 8.363951334316021002e-01 8.363407540906371285e-01 8.309229106115368912e-01 8.415197160269587418e-01 8.393260172715302225e-01 8.404463342560847261e-01 8.407637105568951386e-01 8.425580626155148023e-01 8.387767986020360222e-01 8.451998921994705594e-01 8.479702450129242841e-01 8.363000347046102290e-01 8.458451958998142173e-01 8.462893847369631350e-01
7.829924733016813132e-02 1.686057561174355846e-01 2.522380828940583575e-01 3.741935545656029372e-01 3.295302243249302876e-01 3.719207549826021864e-01 5.811860078190548284e-01 5.441319328505901387e-01 6.949317272839908854e-01 1.000000000000000000e+00 6.410899315316237468e-01 7.081082454917518865e-01 6.325631143984390414e-01 6.530879089395662529e-01 7.334061469855754911e-01 7.148632741553103687e-01 6.874263835166866121e-01 6.315922441663986975e-01 6.613467275525350964e-01 6.041893011039277672e-01 6.352715709951147760e-01 6.575673715972099043e-01 6.476504404635915479e-01 6.075702354801245653e-01 6.190766922472956679e-01 7.150638497367739488e-01 6.977079694419143774e-01 7.089953750463455773e-01 6.969148363076660413e-01 7.464287977831002285e-01 7.594883523245140600e-01 7.515470103959984716e-01 6.921980867318376918e-01 6.902428304815951821e-01 6.904193504851698915e-01 6.985263960361891566e-01 7.268261304536225431e-01 7.414271476645875047e-01 7.397973297681330607e-01 7.031792082693182344e-01 7.596316659940645089e-01 7.404864869755698464e-01 7.295327405924048048e-01 7.614353905559470004e-01 7.419533441011022523e-01 7.582800229784109058e-01 7.683277264253319805e-01 7.792934435850594754e-01 7.763843552583580276e-01 7.245626131497240330e-01 7.600412555239333123e-01 7.037202077624413743e-01 7.370922123115708491e-01 7.857871322005670622e-01 7.765326234993211729e-01 7.784039416200475570e-01 7.734597542970443884e-01 7.688719738086858824e-01 7.753296288878676057e-01 7.735836796920909642e-01 7.726894696259131168e-01 7.774948752659316398e-01 7.726435907956463733e-01 7.667747753451381598e-01 7.599313213130115541e-01 7.733114140199118802e-01 7.732391607947685097e-01 7.683149017207884235e-01 7.702359797788000950e-01 7.569331513212127494e-01 7.528866890640665277e-01 7.646483281250772146e-01 7.525008550855273315e-01 7.458038574767359430e-01 7.728964533785555036e-01 7.687104132649049681e-01 7.636257577460089374e-01 7.638141429274404315e-01 7.624613805591291538e-01 7.713251208121713054e-01 7.653761403839176580e-01 7.722201835547050086e-01 7.767579851797054014e-01 7.626168423245366368e-01 7.590601741276596925e-01 7.572254174501586999e-01 7.625737496203780497e-01 7.712446100508184577e-01 7.666450992823530264e-01 7.780137227398090660e-01 7.563301696623039305e-01 7.696429789814746014e-01 7.652803378578539872e-01 7.679384092454780708e-01 7.736117075412778377e-01 7.754969132745389571e-01 7.641274058585295625e-01 7.642973846539882210e-01 7.727721095850652588e-01 7.663369026050386168e-01 7.615561338872576247e-01 7.754298856739185730e-01 7.670475229341660039e-01 7.691593142234333103e-01 7.637123209379973465e-01 7.772047379349584784e-01 7.772927340711507371e-01 7.768661878870030124e-01 7.790660089281788991e-01 7.751120780956115563e-01 7.758325441999466276e-01 7.755635981028363712e-01 7.781309573368287991e-01 7.720216309602968563e-01 7.706391515362738254e-01 7.756379602793397332e-01
2.172263370766997978e-02 1.088704511446690060e-01 2.372726283955278737e-01 4.393341201810100904e-01 3.460245247999407803e-01 4.044767965384621355e-01 6.141160681868660376e-01 5.836553627976241998e-01 7.191147799762731552e-01 6.410899315316237468e-01 1.000000000000000000e+00 7.769242486457641483e-01 6.808631492569016119e-01 7.020413359015497123e-01 7.709333045873451029e-01 7.558548328162716379e-01 7.277268682530496635e-01 6.978783968224171463e-01 7.324646221754022024e-01 6.748877160427548816e-01 7.213542363262980261e-01 7.335912069736386654e-01 7.084723645312517304e-01 6.932444493736745761e-01 7.022834239764372821e-01 7.679333638347873858e-01 7.747123087297786981e-01 7.690351788033392699e-01 7.445139176968688099e-01 7.781794810139619489e-01 8.134089679720803989e-01 8.025921915101983384e-01 7.608357466855175666e-01 7.652874465582506502e-01 7.441488935773022950e-01 7.730457638247695273e-01 7.883490255048559714e-01 7.840170287206054134e-01 7.966366746778726915e-01 7.643060359912468016e-01 8.140674672552690172e-01 8.029040625606856940e-01 7.921971451520907204e-01 8.136117866339924731e-01 8.124211151310017920e-01 8.086663832249263439e-01 8.163623240453934393e-01 8.191020113904494693e-01 8.114105129580378994e-01 7.748855760144931493e-01 8.122402647457360736e-01 7.759287105481570412e-01 7.965125681197794405e-01 8.102501183482477831e-01 8.033906750326258450e-01 8.082917170922345740e-01 7.949124934161070355e-01 8.145905451531310071e-01 8.074023448370232225e-01 8.125335163409994621e-01 8.174369069250245756e-01 8.059867360659630497e-01 7.985299171126553075e-01 8.147290812294805118e-01 8.112864642109532953e-01 8.021314739573697228e-01 8.222915720180192789e-01 8.197548147208199021e-01 8.219221980046071963e-01 8.175300753407951371e-01 8.195898429077708158e-01 8.229034245351197763e-01 8.146395420498397932e-01 8.149653069500397695e-01 8.230682294367751561e-01 8.200564706488371325e-01 8.169940689366020914e-01 8.153557422644704955e-01 8.183880942363351840e-01 8.171343887007846973e-01 8.191325953529510207e-01 8.222625011233084535e-01 8.245103600736377603e-01 8.132394917265075573e-01 8.186309749299456318e-01 8.187476711435681676e-01 8.205296166019661053e-01 8.220122276565364761e-01 8.204194981149751653e-01 8.190490267184730167e-01 8.217911196350373704e-01 8.238434228408784143e-01 8.243701866805825951e-01 8.233209784316638524e-01 8.215142503895616066e-01 8.225089660972813022e-01 8.156937242314294956e-01 8.119819925954340212e-01 8.204506644902455070e-01 8.224194610038138009e-01 8.225746356894694244e-01 8.208549460442766676e-01 8.197862366574920623e-01 8.237255131982550438e-01 8.218658141620833746e-01 8.166429833955478612e-01 8.224654051030841906e-01 8.208625515351306579e-01 8.230127551248606066e-01 8.214569108131392072e-01 8.204611848102834060e-01 8.224865227634747811e-01 8.173132716906792439e-01 8.220802947412552131e-01 8.224028132211278486e-01 8.193164291184639181e-01
2.474917395041308088e-02 1.189968100635967890e-01 2.801671686028570640e-01 5.182622361676160194e-01 3.762579915994767044e-01 4.481543967879877410e-01 6.768224880281045186e-01 6.657630742595544993e-01 7.721885891369915100e-01 7.081082454917518865e-01 7.769242486457641483e-01 1.000000000000000000e+00 7.405372034274212423e-01 7.605676001354573224e-01 8.617354801263237274e-01 8.494786849748610091e-01 7.976753063720242176e-01 7.537252962798510758e-01 7.915370370566362501e-01 7.539304030759315101e-01 7.924458143498268603e-01 8.012540000977602661e-01 7.428406912912949300e-01 7.300401029460241720e-01 7.499893611071839494e-01 8.391972088613031122e-01 8.322763799311868604e-01 8.393034870059142838e-01 8.213748650158078091e-01 8.401571403139735938e-01 8.771816635932350170e-01 8.723580344323458302e-01 8.283567841176958657e-01 8.381561758238136317e-01 8.152847746211375757e-01 8.502744948500565725e-01 8.551214593565777955e-01 8.733399318984281789e-01 8.756273212189262800e-01 8.462883563811230969e-01 8.849959523620368751e-01 8.815203760074765693e-01 8.764288284043630917e-01 8.972569071735068125e-01 8.838855939763791136e-01 8.848155007526703475e-01 8.938754643927543375e-01 8.983274851103537628e-01 8.905189340555442756e-01 8.625817179266347390e-01 8.926752679777408828e-01 8.666995055862732888e-01 8.806453571953922754e-01 8.891467023844276119e-01 8.859342391688967977e-01 8.861763650730030140e-01 8.810715841118120784e-01 8.988232569500977931e-01 8.940646019828709656e-01 8.953439622380998664e-01 9.024450690473960757e-01 8.934040264851244029e-01 8.848743442137810833e-01 8.926564773842975420e-01 8.919978361543933199e-01 8.900231357827670386e-01 8.979232025285165397e-01 8.922826567783328500e-01 8.938485712204828904e-01 9.010512482752857100e-01 8.951327239606557962e-01 8.957103765004653662e-01 8.815337667094190754e-01 8.786029229961639375e-01 8.970066045829491186e-01 8.971673077945983010e-01 8.898715754541445255e-01 8.884680432919638271e-01 8.881540034573373044e-01 8.894249577767243675e-01 8.906895302281176985e-01 8.955179611813208762e-01 9.000397055563783555e-01 8.897839844041027790e-01 8.952235332026967640e-01 8.963525648878580832e-01 8.982997177725695614e-01 8.975770629141694990e-01 8.963585217810767780e-01 8.942406576116918027e-01 8.941187156478123121e-01 9.019482854776009750e-01 8.994515088774917011e-01 8.987993878444771045e-01 8.995536652355418106e-01 8.997967408653743115e-01 8.971547233215454442e-01 8.927901837548223307e-01 9.006909895979393621e-01 9.014513145213439715e-01 9.003468289526617152e-01 8.992428124952703827e-01 9.000423467830940272e-01 9.034710067039826153e-01 9.040889219754405515e-01 8.956525366228395013e-01 8.994447523248244591e-01 8.968273204323296000e-01 9.007192914388991722e-01 9.007702158099337719e-01 9.002991893628291553e-01 9.003741597345615855e-01 8.986179977103461169e-01 9.012107477160222757e-01 9.006163667097568659e-01 9.018963756646051211e-01
4.019073817167013313e-02 1.089433203485260654e-01 2.529039688589926338e-01 4.305697445831242476e-01 3.852024057275433289e-01 3.988086926615593275e-01 5.939448250979679766e-01 6.004214836993868598e-01 6.967796819550885479e-01 6.325631143984390414e-01 6.808631492569016119e-01 7.405372034274212423e-01 1.000000000000000000e+00 6.865412824994457930e-01 7.667593917835809902e-01 7.681961032013695512e-01 7.064633693499627887e-01 6.637815186228903652e-01 6.996577198814348808e-01 6.694828642909471661e-01 6.962226414230290317e-01 7.191238572858752454e-01 6.777754183071103000e-01 6.505171966471229306e-01 6.703953149364318964e-01 7.463221543891854770e-01 7.471485529604883213e-01 7.567420957948740590e-01 7.396240961578864903e-01 7.616909630535878550e-01 7.764669195080882158e-01 7.733221319095061608e-01 7.339512571282379438e-01 7.313544367910481681e-01 7.205792256594479861e-01 7.385549584783083210e-01 7.613989498091157104e-01 7.694306307830371949e-01 7.761781973558462555e-01 7.387897578485520533e-01 7.915443279424384526e-01 7.810077467870242263e-01 7.802142576539856655e-01 8.002850565288008866e-01 7.812117856633272739e-01 7.885145951926466612e-01 7.987213169864636475e-01 8.027676563974515123e-01 7.982675584003341429e-01 7.519330176889922335e-01 7.901476797632680515e-01 7.637181109617237063e-01 7.834977661451357767e-01 8.016241102914559713e-01 7.936311269489044751e-01 7.909697862491288367e-01 7.885380493639013721e-01 7.991224160977544733e-01 7.913789060884798277e-01 8.042057261936136348e-01 8.076918217548184620e-01 7.977810489671455230e-01 7.831064853226383793e-01 8.003880923825889004e-01 7.975972863403724133e-01 7.974747933930564914e-01 8.028781074194545342e-01 7.963196839332941090e-01 7.997014909123025816e-01 8.000087107998181679e-01 7.972486489898947815e-01 7.991735665965610247e-01 7.864376843834258723e-01 7.834473124422786094e-01 7.991086163027086853e-01 7.988238190129740568e-01 7.976613546719526493e-01 7.940991130659721398e-01 7.961192527832420263e-01 7.991207970619644829e-01 7.972237470860010777e-01 7.992872284769738656e-01 8.031205653056487925e-01 7.945206660101019613e-01 7.931442938862766079e-01 7.957232839093311139e-01 7.952702141274260450e-01 7.976408168932406229e-01 7.981609993945879555e-01 8.009828247562235104e-01 7.928312161441183337e-01 8.042536807084549322e-01 8.003575264048742310e-01 8.020309022672316157e-01 8.028099405850719350e-01 8.042433020503891861e-01 7.942516289923309269e-01 7.930015743709730724e-01 8.025684038068044979e-01 7.982108862763401813e-01 8.018282880412460623e-01 7.987612554336808168e-01 8.014721360245364856e-01 8.066374499305719592e-01 8.043133937191390137e-01 7.978459820663660329e-01 8.048650727073031197e-01 8.028181473527978840e-01 8.043973060535374309e-01 8.025240519529244221e-01 8.008158084266190357e-01 8.060337065896663322e-01 8.036478418305588178e-01 8.047505718338173741e-01 8.060297526462361084e-01 8.061186732973475433e-01
