1.000000000000000000e+00 1.459875551430852014e-01 3.582951379358326194e-02 8.316737046422282079e-03 3.901676149817583095e-02 2.287433492020424144e-03 2.079348109547459258e-02 3.547337984280810735e-02 1.182754180515447201e-01 3.345454657556622136e-02 1.613795665413201783e-02 1.282686614225141998e-02 7.868518328872692660e-03 1.407532930050060804e-02 -8.283081667324679320e-03 2.665266771774305044e-02 8.432973526241636930e-02 -5.850066260893280884e-02 -5.353459569843191379e-02 -6.629367702108389382e-02 1.520088549626083356e-02 -2.785765914227801218e-02 -2.908470411581020459e-02 -8.313455220478298269e-02 -6.257039878923842391e-02 2.982529833834141053e-02 2.312550051399625550e-02 -4.113253951768876954e-02 2.729816939211117746e-02 3.630462210252390770e-02 2.919528585442069876e-02 -2.330149003621803661e-02 -1.031800698258289808e-02 -4.748590877952157258e-02 -2.418409170839607922e-02 -6.334158865976206865e-02 -2.045471208843420083e-02 -3.177553942651565461e-02 2.861810630323231765e-03 -9.785573729237043161e-02 -2.411618612347469007e-02 -3.914427250260245350e-02 -7.477478031092756050e-02 -1.045558550575090631e-02 -2.512369248619005652e-02 -2.722655943740066170e-02 1.685302083263239686e-02 1.180856566075652939e-02 2.846775214279748112e-02 -2.293989890584303970e-02 -7.559133090907986866e-03 -4.918797192443608718e-02 -1.393051992348895776e-02 3.224769494423404548e-02 1.186376945648968430e-02 -6.293338292714904282e-03 4.226232139666865478e-02 4.839840017452716123e-03 1.796316754790820702e-02 5.328005454521923118e-02 1.827212237584493679e-02 2.695501509111924987e-02 1.705731147773370841e-03 6.123915479526389344e-02 6.275380040515425584e-02 2.869771925271770094e-02 2.629205654580712287e-02 -1.466231111072343989e-02 -1.309401961188084648e-02 -1.656390033352371505e-02 -9.777654712877696316e-03 -9.927921564888557079e-03 -4.210330196356337762e-02 -2.946576123605568892e-02 1.527415769185469507e-02 1.701268836862999262e-02 -8.403204432229258516e-03 1.779385212542933595e-02 -2.246185508710204365e-02 1.389413962860403667e-02 4.615198894037770942e-03 1.428833858206785337e-02 1.303786981487844911e-03 6.970963539499625689e-04 -3.802021611899790432e-02 -2.641766780447079091e-02 -1.670262054279622599e-02 -1.809510672217779989e-02 -6.135454249909078929e-03 -2.459851956714072946e-02 -3.428303828986277446e-02 -1.428825237768296084e-02 -9.799147426442023426e-03 -1.546152251956341150e-02 2.499883466391523545e-03 5.204647586050465714e-03 -3.187749369639551050e-02 3.421523592426061605e-02 8.782367660701425119e-03 -1.596300254590561282e-02 -2.813943061184107086e-02 3.994064489680075104e-04 -4.377293297222142714e-03 -4.795297732913685919e-03 -1.231068231613471377e-02 1.109993023041887759e-02 1.090475512224599493e-02 7.077751742050162817e-03 5.748598756323007423e-03 1.303915338272342364e-02 -4.138137069585922159e-03 3.048999762136469019e-02 5.802941931883139060e-03 1.948326883542992813e-02 3.182162887818799218e-02 1.821696327806938617e-02
1.459875551430852014e-01 1.000000000000000000e+00 4.545966007021736560e-02 7.289742612320236279e-03 5.312043701907432497e-02 6.577112663450253305e-02 1.120488125816706398e-01 6.669012726660730750e-02 1.697709518082141378e-01 1.552675846942780102e-01 1.200045958303969096e-01 8.981638346339641810e-02 1.107911566373202261e-01 9.655645675259486027e-02 1.263254155978087712e-01 1.182546033516788386e-01 1.182216343146469117e-01 1.273189418499777736e-01 1.229992347813713832e-01 6.346762374698114439e-02 9.223705531955128656e-02 1.134165861727280816e-01 1.465247378252067245e-01 1.342599919259057917e-01 1.341082693270539139e-01 1.576144690507384760e-01 1.286230528342779678e-01 1.221295578127699066e-01 1.564768205346463714e-01 1.839023460133809296e-01 1.640194288937345257e-01 1.290794928155047372e-01 1.311782181571784778e-01 1.273578951682177718e-01 1.289217811380907186e-01 1.114072570042484445e-01 1.368493826454904028e-01 1.202469032906090668e-01 1.338805366494064952e-01 1.134557869832082122e-01 1.273125590676325025e-01 1.188138627592483093e-01 1.217233590105747387e-01 1.229044984993606093e-01 1.253289974002756157e-01 1.367438375505987680e-01 1.296404668954470041e-01 1.442480844694394582e-01 1.401357816605072470e-01 9.209655907858270429e-02 1.149403762646128008e-01 9.765642630753645914e-02 1.080612142701696393e-01 1.557767179215293896e-01 1.427499009457952051e-01 1.418943585085600256e-01 1.361426295518394503e-01 1.378830693148638542e-01 1.326129874712325962e-01 1.427236500644648298e-01 1.253132704318399016e-01 1.375079352991778192e-01 1.298596414629347162e-01 1.402681445547760419e-01 1.394431663770674124e-01 1.400032055703474831e-01 1.415486428080852399e-01 1.429636194011672246e-01 1.430895964568527079e-01 1.156287196920510740e-01 1.363489457740660882e-01 1.411582893899117619e-01 1.378685513213546709e-01 1.426628337145833259e-01 1.453537781590649447e-01 1.520516938243453575e-01 1.394603932319843087e-01 1.490880382114965763e-01 1.391430922572316764e-01 1.571357863849002501e-01 1.475769697900320698e-01 1.487115515278196187e-01 1.401300433078753183e-01 1.466663012186612547e-01 1.175747980417850974e-01 1.313397093570492780e-01 1.343344632984966036e-01 1.312084463778385446e-01 1.372001662244402842e-01 1.406217748987552418e-01 1.307340644119468209e-01 1.341638590153196031e-01 1.325583420261081946e-01 1.328920227761821171e-01 1.357174389933545333e-01 1.449111170408299287e-01 1.035593119860950539e-01 1.213754331792306213e-01 1.318341295663368606e-01 1.194508674975868073e-01 1.284826063708287003e-01 1.226610810128008489e-01 1.187024340703824177e-01 1.283363552434459987e-01 1.248682478786584671e-01 1.271588110524946580e-01 1.343968852960374938e-01 1.454851875074462397e-01 1.430527163254859957e-01 1.375708287741145841e-01 1.312078625783290320e-01 1.403228355304683705e-01 1.375243071972098163e-01 1.323299915957820982e-01 1.391364639676224979e-01 1.348858328642251747e-01
3.582951379358326194e-02 4.545966007021736560e-02 1.000000000000000000e+00 2.990125239919604883e-01 1.725502919488612064e-01 1.454033645239865558e-01 2.441623980243780023e-01 2.199054038129195643e-01 2.320926133816829939e-01 2.205059355134040278e-01 2.622511278588302019e-01 2.946237753865735831e-01 2.472053660522996743e-01 2.069806735062910685e-01 2.704757030476341306e-01 2.679527334763891488e-01 2.218912551663991817e-01 2.573794572682187587e-01 2.460660303946660410e-01 2.734209067441230046e-01 3.139795234614497499e-01 2.788048899630082289e-01 2.485358593609705846e-01 2.453500328635676853e-01 2.679155898363954624e-01 2.692547581946547752e-01 2.409054162324872350e-01 2.634305655952857150e-01 2.457997716563860013e-01 2.392671629528785870e-01 2.671751031890763350e-01 2.873197320144095235e-01 2.622716605768599107e-01 2.820291006516805754e-01 2.596549419804699554e-01 2.858142245972219442e-01 2.758605900296034474e-01 3.047387470891148586e-01 2.770171072325442463e-01 2.879666143198323369e-01 2.756045497663045518e-01 2.890900000289637339e-01 2.958624724437372011e-01 2.937507335016758536e-01 2.878616379030314865e-01 2.698431028063748571e-01 2.757304557460776850e-01 2.659224675803197879e-01 2.893131052899389211e-01 3.184306135816744043e-01 3.000037214419530862e-01 3.019015632523415205e-01 2.847207470436927124e-01 2.559144599869955794e-01 2.683285457154429565e-01 2.701511641549728115e-01 2.852301094377707735e-01 2.740886809693612314e-01 2.845961503887081134e-01 2.621984977875599920e-01 2.856640190947274394e-01 2.725613378111524931e-01 2.857646116240001311e-01 2.713508763921936295e-01 2.699542581109804495e-01 2.677634314578086205e-01 2.669544768848441940e-01 2.672609759735694590e-01 2.738308747986925029e-01 2.904384054576804597e-01 2.885027720171540189e-01 2.805077445171083594e-01 2.670033633442605581e-01 2.717364698433345493e-01 2.690270252332718770e-01 2.676001211267972635e-01 2.676255502720765178e-01 2.580773176448485917e-01 2.664539588280994686e-01 2.572270993226274949e-01 2.599246210708060500e-01 2.647796285752709311e-01 2.739567445045520411e-01 2.676071288013096572e-01 2.814793515230841758e-01 2.717813126450704386e-01 2.783416178177262612e-01 2.763594593358162377e-01 2.726436522882600411e-01 2.699333436772013428e-01 2.769160734619457442e-01 2.744241445888805919e-01 2.814157199272264709e-01 2.737214840607739563e-01 2.702002385344799973e-01 2.676915576383651629e-01 2.985658248993133812e-01 2.847937493629758565e-01 2.770753450031658294e-01 2.858961701420165702e-01 2.827277703782368756e-01 2.802997194792902769e-01 2.803460176317386643e-01 2.821003854325312976e-01 2.787600666238136404e-01 2.805252370303948917e-01 2.790177699823691571e-01 2.610312426627019455e-01 2.693718232853790640e-01 2.683528287710597593e-01 2.787206478196831427e-01 2.646387345289780701e-01 2.709769561735276278e-01 2.733967726831704748e-01 2.659846648006396475e-01 2.679849794905777571e-01
8.316737046422282079e-03 7.289742612320236279e-03 2.990125239919604883e-01 1.000000000000000000e+00 2.167750067765491784e-01 2.257396086547669989e-01 4.195171817071566278e-01 4.209716409533916237e-01 3.695204047322888652e-01 3.333234309291391306e-01 4.260840255107681829e-01 5.252946182447548740e-01 3.904509040604865477e-01 3.290026691872894316e-01 4.483297554888517333e-01 4.646425378091432745e-01 3.568847951293099285e-01 3.652247475981503233e-01 3.213893676390530141e-01 4.807154375907550792e-01 5.213733121205349486e-01 3.805283953050828116e-01 3.112525820061090576e-01 3.372702421621998070e-01 3.404882769628806982e-01 3.754251803438973245e-01 3.701052806843879162e-01 3.923159723253030751e-01 3.419117235309269143e-01 3.272281825516407117e-01 3.918142369429613026e-01 4.355319718377869687e-01 3.943054330746976199e-01 4.438872081311298623e-01 4.038552217870119976e-01 4.638934356182994323e-01 4.082957896682760657e-01 4.727642587924920092e-01 4.421851391260382957e-01 4.346985466253293628e-01 4.363060982988161696e-01 4.623327658422300979e-01 4.624665962493447746e-01 4.767092588276355958e-01 4.672224317654093961e-01 4.406007472367108879e-01 4.574761564756196774e-01 4.305808194595477367e-01 4.630176880143792584e-01 4.979534354474766111e-01 4.849410017649695148e-01 4.822057848040885442e-01 5.007614825089861110e-01 4.215804171219997842e-01 4.176192864157260987e-01 4.119217217729496672e-01 4.733042009727406740e-01 4.509941339419596962e-01 4.652767298898232151e-01 4.553699212229597171e-01 4.688160753884305088e-01 4.608671944517382379e-01 4.688898999651128219e-01 4.632767301860434839e-01 4.504502706158525771e-01 4.647831027587342456e-01 4.354854549386877882e-01 4.223169713084983234e-01 4.309926071176547469e-01 5.012412514225282889e-01 4.569540895799700242e-01 4.317592835591350653e-01 4.266471859157336954e-01 4.173621640588918713e-01 4.280055495607384963e-01 4.259947345378612971e-01 4.370578348724555862e-01 4.109934257908746114e-01 4.144900913843173607e-01 4.020075514827209928e-01 4.259642171282045919e-01 4.281614815889224768e-01 4.459876302854226537e-01 4.271565041905248106e-01 4.633801335161573109e-01 4.466889485722558839e-01 4.457748192365579287e-01 4.549829630978079464e-01 4.482695311471441846e-01 4.329878876632012319e-01 4.478641043002238309e-01 4.495023178975430800e-01 4.555590213720968062e-01 4.553084475782949170e-01 4.521726670715385810e-01 4.446275185220209258e-01 4.869693987976924654e-01 4.827053664492309548e-01 4.609836011799314237e-01 4.799398318177572342e-01 4.687652869347964657e-01 4.721447916862624439e-01 4.763861396778595325e-01 4.701917894725056168e-01 4.682457337027607913e-01 4.750394362590337760e-01 4.586287333981621250e-01 4.334071737235529187e-01 4.329038622576540929e-01 4.548629548123913624e-01 4.588378512258816655e-01 4.541338439157438511e-01 4.581347031328775743e-01 4.631018294610801389e-01 4.519927823900093400e-01 4.628074939666208532e-01
3.901676149817583095e-02 5.312043701907432497e-02 1.725502919488612064e-01 2.167750067765491784e-01 1.000000000000000000e+00 2.061217105943228822e-01 3.604792893716592395e-01 3.438790626427591923e-01 3.762830191527988810e-01 3.372929397799245277e-01 3.576646112228542007e-01 3.929632016665081662e-01 3.614874927356964696e-01 2.718785951896538489e-01 4.026917400396953783e-01 4.105808133055812159e-01 3.653463390987446435e-01 3.263688572324584536e-01 3.204441791558262920e-01 3.103593916096894501e-01 3.547179402971086803e-01 3.388536949978134261e-01 3.333352980668830012e-01 3.179850705453567405e-01 3.247293731070988176e-01 3.920465079800046770e-01 3.726892353900724819e-01 3.954566644666338004e-01 3.769911133911419965e-01 3.744051646393677379e-01 4.054915662539286814e-01 3.883470961912237618e-01 3.592050602122375258e-01 3.874622345896595044e-01 3.681787440802292144e-01 4.003692758693327969e-01 3.945814069807577207e-01 3.947103352831402567e-01 4.054970534019866069e-01 3.879872887871501641e-01 4.033473128684830766e-01 4.134156292280637968e-01 4.087918827267659760e-01 4.168839139334554744e-01 4.080717038437674526e-01 4.126067961182587340e-01 4.085020625992115129e-01 4.099326677872179858e-01 4.017611298403340747e-01 3.956224692971887502e-01 4.116582366537369642e-01 4.168968482788347751e-01 4.115303724399047569e-01 4.003067460505201347e-01 3.897508039618116094e-01 4.002181661548946945e-01 4.042369795352511175e-01 4.049324220676123742e-01 3.976511897907184512e-01 4.194466423526967414e-01 4.171243288554457584e-01 4.043520280524669497e-01 3.982590899656279770e-01 4.146801610469033061e-01 4.102608126092496255e-01 4.192819917290687148e-01 4.108087215489323318e-01 4.045886351541558290e-01 4.045782399641913440e-01 4.156030888392106548e-01 4.048335923723067609e-01 4.042197648025552814e-01 4.023430971462307326e-01 4.002235808441985121e-01 4.153353813245788673e-01 4.100757731798875816e-01 4.138018484711303846e-01 4.091463090686177084e-01 4.103912323019148212e-01 4.063674030821884386e-01 4.109653724798255636e-01 4.104133584576016847e-01 4.128408186731812313e-01 4.051965083931889366e-01 4.070179211283871945e-01 4.065417624661492590e-01 4.131605755994756102e-01 4.132777340691676238e-01 4.167265410890915733e-01 4.102389528296290222e-01 4.125625963533854912e-01 4.159921394014769458e-01 4.150576448661742468e-01 4.166290418320018896e-01 4.140760120786551313e-01 4.123714737770094452e-01 4.011931307436480965e-01 4.165514887053743953e-01 4.104562521755015791e-01 4.119379180419279196e-01 4.200650285583077959e-01 4.108664209680479296e-01 4.197604939746295560e-01 4.204250147273971838e-01 4.192712529072706307e-01 4.140568882907010306e-01 4.139892630355381242e-01 4.137341932086949225e-01 4.121153031871818140e-01 4.153328618393214433e-01 4.080356377889124420e-01 4.198287748789646945e-01 4.122480418876614539e-01 4.177761932083902119e-01 4.160974860167032663e-01 4.161186306151883341e-01
2.287433492020424144e-03 6.577112663450253305e-02 1.454033645239865558e-01 2.257396086547669989e-01 2.061217105943228822e-01 1.000000000000000000e+00 4.455895114585607941e-01 3.585062274676534821e-01 4.327418248287157043e-01 4.115396966648479093e-01 4.272379351886231857e-01 4.597595692679996016e-01 4.105459660874976602e-01 3.481540034751317014e-01 4.675761242230604964e-01 4.695059217368952598e-01 4.008499327648938904e-01 4.167535784693151002e-01 4.164883447750706291e-01 3.460612814283679506e-01 4.440018019301923968e-01 4.255988811211510181e-01 4.145161887622957897e-01 4.117436079493307921e-01 4.251081341032506566e-01 4.719807964333851968e-01 4.644070779360387480e-01 4.718175944331725602e-01 4.630843881287474151e-01 4.655750467876578758e-01 4.872189317064575254e-01 4.737762361716197912e-01 4.455635722883974914e-01 4.678214535939904661e-01 4.504136985637467450e-01 4.685673423692219841e-01 4.768393167974263602e-01 4.798066297677519021e-01 4.882573742616109214e-01 4.663520660928052730e-01 4.872944688892165144e-01 4.918778991764999331e-01 4.768973013693061924e-01 4.947658319611301647e-01 4.915719444140848604e-01 4.948476281406318789e-01 4.964376091890457809e-01 4.942743907332977082e-01 4.927311851085083294e-01 4.738959054364997869e-01 4.878584993429775363e-01 4.778180094823450963e-01 4.867012615015144372e-01 4.852074353809467389e-01 4.898868876664822514e-01 4.877415650891380183e-01 4.843121154444828269e-01 4.920229222815825643e-01 4.917834734550027287e-01 4.868494844140656141e-01 4.911295984097869272e-01 4.898612619233749244e-01 4.868926012075085463e-01 4.819526052342581468e-01 4.727197230085754542e-01 4.897014276778599573e-01 4.920432697233268482e-01 4.906411058326370922e-01 4.883555284475596392e-01 4.873026612952044978e-01 4.979574010635274828e-01 4.947202719836754636e-01 4.829123698832371581e-01 4.899404166188048304e-01 4.954614844055135747e-01 4.926604136536973932e-01 4.974052274466857493e-01 4.925225455238096961e-01 4.959680811884996654e-01 4.941855071819368783e-01 4.994353592728950075e-01 4.973320022379888461e-01 4.921058493595987238e-01 4.905219666726157168e-01 4.919181846799559610e-01 4.939972074767046140e-01 4.965012892718951298e-01 4.937827908717222769e-01 4.981388852252961463e-01 4.914970975693435662e-01 4.978762892040473065e-01 4.985363194346669746e-01 4.990055294663029439e-01 4.979941562597148264e-01 4.971694652754359844e-01 4.965829041362219143e-01 4.919306884871426089e-01 4.894984183504666464e-01 4.947074159528593862e-01 4.977639638647522458e-01 4.970564800769411984e-01 4.969670150724260216e-01 4.949203597288781564e-01 4.991511103454343012e-01 4.945346779850688379e-01 4.931695299773584118e-01 4.974162228044523570e-01 4.952043352839439194e-01 4.956223325173111927e-01 4.977182043339833384e-01 4.965754252544432590e-01 4.935674371492101975e-01 4.987660074246442199e-01 4.956619655422181969e-01 4.917663724808926107e-01 4.957774574842567228e-01
2.079348109547459258e-02 1.120488125816706398e-01 2.441623980243780023e-01 4.195171817071566278e-01 3.604792893716592395e-01 4.455895114585607941e-01 1.000000000000000000e+00 5.767137056905393688e-01 6.812651803608161805e-01 6.170501694417952487e-01 6.687855478875464055e-01 7.121486046729823549e-01 6.578842704248042406e-01 5.489191495550601596e-01 7.605574309828815327e-01 7.339295759885684500e-01 6.578234828486100305e-01 6.559603260299888827e-01 6.336028716847963427e-01 5.623667221127494065e-01 6.875238139457106046e-01 6.507428574159640489e-01 6.683071083039558991e-01 6.404190892386567580e-01 6.432007337973567607e-01 7.364328803614433872e-01 7.134931786850899904e-01 7.329181759383688322e-01 7.076373771187139949e-01 7.274447018786318608e-01 7.650043417901729592e-01 7.591266265099311239e-01 7.016282694722618674e-01 7.482140640044008251e-01 7.245820540848352254e-01 7.380375561547359853e-01 7.468448514089695012e-01 7.574041803822468832e-01 7.691274127429056362e-01 7.368801992443375637e-01 7.767773518331095861e-01 7.711474805351992146e-01 7.616942210171371297e-01 7.718494175214918318e-01 7.676016885258393208e-01 7.752583389109872769e-01 7.811713161849616061e-01 7.799396429259610741e-01 7.784525777229112098e-01 7.489024472074302663e-01 7.704674723625218880e-01 7.472751848684998643e-01 7.654868738369344783e-01 7.740061320205010587e-01 7.705894932702842537e-01 7.700032873075103312e-01 7.728859109234038627e-01 7.794643715802799244e-01 7.745329377067707854e-01 7.775579013514335447e-01 7.770486998570073078e-01 7.756263628050362735e-01 7.737059557379258878e-01 7.712412107895298963e-01 7.684610177071061754e-01 7.824833285217808188e-01 7.806063451774902795e-01 7.722521671474926741e-01 7.753537792518645499e-01 7.743670851863717619e-01 7.742581117423392723e-01 7.733398225489593880e-01 7.622141395694260746e-01 7.654760410409661153e-01 7.798886015683333950e-01 7.743042635673206275e-01 7.772637549670771140e-01 7.710567359348641236e-01 7.719418417360839335e-01 7.718477155416008095e-01 7.753522061248575570e-01 7.815356552129718581e-01 7.858503400581897669e-01 7.702081946850022343e-01 7.800382873918653148e-01 7.791558417335341380e-01 7.778228532020359243e-01 7.859732754341497429e-01 7.840201092114515991e-01 7.815382230680576470e-01 7.802448591579790316e-01 7.862352549499241894e-01 7.839190036401931794e-01 7.870006917337762919e-01 7.843116757953346729e-01 7.842084999915106547e-01 7.769685222933262470e-01 7.813645085321442307e-01 7.832658890128632034e-01 7.858912389888974559e-01 7.872915170896633841e-01 7.857341272090848650e-01 7.822635761615288619e-01 7.880920596033633707e-01 7.850098883257411453e-01 7.847508130085322220e-01 7.868766479142015324e-01 7.814092407507191584e-01 7.822034305321122760e-01 7.861431358749607634e-01 7.857930962903869609e-01 7.835530393563577833e-01 7.873003102167929201e-01 7.864716870323024134e-01 7.805590843596603712e-01 7.856305801999777794e-01
3.547337984280810735e-02 6.669012726660730750e-02 2.199054038129195643e-01 4.209716409533916237e-01 3.438790626427591923e-01 3.585062274676534821e-01 5.767137056905393688e-01 1.000000000000000000e+00 5.949934210842435789e-01 5.539155192815888862e-01 6.067964556038352164e-01 6.789069174928336059e-01 5.916385156711380100e-01 5.046553501348224335e-01 6.822515259955940214e-01 6.834861787474184602e-01 5.905767156048710165e-01 5.538991665965229405e-01 5.229600457026268856e-01 5.147246716023189395e-01 6.335283524630155316e-01 5.523731082322909103e-01 5.523184155513068960e-01 5.266427074188237967e-01 5.281195349546702333e-01 6.487857051163566924e-01 6.238370689294893134e-01 6.217121544869269600e-01 6.023068738327849170e-01 6.201732131342866383e-01 6.697033693886732530e-01 6.648415279935467881e-01 6.044877173682587923e-01 6.579495779714293890e-01 6.207110451765586179e-01 6.546174931765778027e-01 6.433709059384432605e-01 6.936675638508390529e-01 6.914459958183454269e-01 6.388172091662409624e-01 6.770014353612411329e-01 6.913037423648730195e-01 6.683791626656327978e-01 7.052222052413879005e-01 6.847789806718443950e-01 6.831884861141908072e-01 7.134868055079135463e-01 6.985076935350865712e-01 7.140735129635575884e-01 7.028393477568110059e-01 7.087928906652539718e-01 6.699183425507371226e-01 6.870601114182920410e-01 6.882458364759216352e-01 6.871295261264588339e-01 6.760578848928107121e-01 7.045402548956256616e-01 7.054924407946177034e-01 7.135921093648586178e-01 7.066887335999658681e-01 7.149937058279953739e-01 7.110912222356057244e-01 7.112369537553235865e-01 7.099816978487523134e-01 6.937299355309727300e-01 7.047290209966745600e-01 7.032357458407180184e-01 6.838155511743292392e-01 6.889245428640244917e-01 7.053686903682485632e-01 6.884619042219359830e-01 6.803273845656186980e-01 6.670473497870891277e-01 6.716874926426313896e-01 6.968088681732691470e-01 6.883797713475348079e-01 6.882847571406504050e-01 6.810568284824422003e-01 6.804386742716392877e-01 6.843034307261053328e-01 6.860120564217272454e-01 6.996305128976876286e-01 7.001503843938567950e-01 6.816613732436269668e-01 7.001654201125339094e-01 6.946667572813933766e-01 6.936838307653575564e-01 7.098918088526011694e-01 7.015150811187440549e-01 6.879938198022865770e-01 6.900960809049571099e-01 7.049592145892917827e-01 7.046334105368380341e-01 7.060212739858774400e-01 7.101648083442350101e-01 7.068817400147021646e-01 7.122525311748245658e-01 7.211158362261761434e-01 7.165156335701403645e-01 7.194928943068292782e-01 7.072819215899383005e-01 7.176188837962970135e-01 7.114052222244644508e-01 7.130167830843930910e-01 7.081551652206955483e-01 7.114973727582534213e-01 7.147163883036830034e-01 7.027927278613180784e-01 7.010940627921194990e-01 7.131115796368846516e-01 7.147955576309676928e-01 7.108472579301325922e-01 7.127948505483562291e-01 7.180323108765710449e-01 7.062474488708756493e-01 7.071187952855195746e-01
1.182754180515447201e-01 1.697709518082141378e-01 2.320926133816829939e-01 3.695204047322888652e-01 3.762830191527988810e-01 4.327418248287157043e-01 6.812651803608161805e-01 5.949934210842435789e-01 1.000000000000000000e+00 7.186499404406729852e-01 7.221363815575327916e-01 7.483686014802817255e-01 6.940714092629215459e-01 5.990200541555791292e-01 7.996220562194352732e-01 7.824277798097329928e-01 7.739651178268884824e-01 7.048906501034858385e-01 6.939922758211699572e-01 5.393317592723144704e-01 7.094884899104102471e-01 7.042732925533745636e-01 7.318717059664691105e-01 6.871006687124229240e-01 6.912612468553800404e-01 8.188216158516962162e-01 7.898458438597274478e-01 7.742138388613392097e-01 7.929324621604849632e-01 8.129223391956376110e-01 8.322728305922857395e-01 8.137800767197820306e-01 7.662972018731414314e-01 7.926299837899726253e-01 7.839623093926108011e-01 7.586258385808363203e-01 7.977333231068362007e-01 7.867023215165845906e-01 8.303431524269113684e-01 7.638789536089328758e-01 8.219066474278402534e-01 8.018140918848944976e-01 7.799288869677430958e-01 8.145120095357460954e-01 8.133093172321027575e-01 8.104897047130441567e-01 8.416500582138762843e-01 8.459649977168133272e-01 8.429209300884742406e-01 7.839446536014461620e-01 8.129452829310016559e-01 7.740609757598734264e-01 8.010982067827754349e-01 8.526855826527108828e-01 8.382766801906258447e-01 8.319448268618140352e-01 8.404140141470459735e-01 8.311885245019681179e-01 8.310443246178571552e-01 8.511429740369710339e-01 8.337532501720922307e-01 8.395845143562155055e-01 8.259835600978164827e-01 8.480408865847025579e-01 8.497765564658653625e-01 8.458734047224609753e-01 8.486612328570861674e-01 8.321289733613664863e-01 8.340718355556827612e-01 8.153931339418982738e-01 8.276222064556499891e-01 8.325393244777600232e-01 8.145320930007630134e-01 8.209523832289846723e-01 8.479236115298102172e-01 8.415880612451502873e-01 8.351468762474429930e-01 8.433017737936771008e-01 8.292721385748923479e-01 8.447641333952599085e-01 8.433355354361931067e-01 8.474356107083943490e-01 8.437033671190262707e-01 8.371513138250858965e-01 8.217900490492495713e-01 8.318893712738464341e-01 8.337120168356542127e-01 8.321229099752610603e-01 8.402536912079290321e-01 8.310897671563464151e-01 8.258509804052063252e-01 8.348683245055290580e-01 8.363300418662094060e-01 8.358760863756878878e-01 8.423294816096930093e-01 8.454532628922343251e-01 8.084605456543343394e-01 8.379390667034332107e-01 8.402120125649806814e-01 8.280568487716998272e-01 8.270952586267313889e-01 8.380144405677900643e-01 8.307138323534181135e-01 8.381764366441596392e-01 8.348105532097152004e-01 8.391981490598553473e-01 8.445719385732675111e-01 8.437458141840998849e-01 8.427285885589788084e-01 8.470352837423137382e-01 8.372957579614214163e-01 8.529862005368847866e-01 8.442094313265851024e-01 8.465369362344614679e-01 8.496091133049096245e-01 8.491601325419564361e-01
3.345454657556622136e-02 1.552675846942780102e-01 2.205059355134040278e-01 3.333234309291391306e-01 3.372929397799245277e-01 4.115396966648479093e-01 6.170501694417952487e-01 5.539155192815888862e-01 7.186499404406729852e-01 1.000000000000000000e+00 6.561068146076161067e-01 6.934226952634158225e-01 6.511935852896104659e-01 5.621748135603602536e-01 7.481765400274382749e-01 7.306796840454093944e-01 6.807564958482156259e-01 6.799860075852249830e-01 6.737895048247021235e-01 5.229974673069593960e-01 6.446230623935428339e-01 6.617370056465737838e-01 7.083109281260924206e-01 6.634927788600425425e-01 6.701869564584164163e-01 7.764959720573190172e-01 7.457833290626921796e-01 7.489486100377208411e-01 7.568090797167869033e-01 7.724673797088839056e-01 7.873284525575070525e-01 7.691188343056654109e-01 7.104665595912276199e-01 7.471811752210396618e-01 7.375980782920955603e-01 7.221325617288419929e-01 7.560622488562004362e-01 7.531746763953419688e-01 7.791609950700276732e-01 7.286759474850159624e-01 7.817531322707650387e-01 7.631102705838538336e-01 7.531075459684964946e-01 7.681858755782358106e-01 7.600215943828244614e-01 7.745626964898825184e-01 7.841506389548056344e-01 7.959770556448552137e-01 7.799595278843514112e-01 7.292440084905148501e-01 7.663998211233959967e-01 7.181943121425879983e-01 7.454714717714626682e-01 7.931735430666807529e-01 7.893423477202290428e-01 7.903963907860654947e-01 7.660013369563907215e-01 7.838548836428190780e-01 7.809812251892406243e-01 7.789820485783416348e-01 7.785277312289186069e-01 7.803723594356635207e-01 7.709137755188733010e-01 7.730888144445089427e-01 7.685505455784769069e-01 7.740502688012241839e-01 7.892614226458551929e-01 7.875242617889179897e-01 7.885009509347800094e-01 7.672176081247702450e-01 7.765121681097081341e-01 7.853203599974603044e-01 7.733708840250378413e-01 7.785538160059566337e-01 7.952323454757800336e-01 7.911271998297145780e-01 7.893836604658426293e-01 7.931889760794311739e-01 7.888922110783818109e-01 7.979672707089976447e-01 7.933911593293777598e-01 7.959827557139425025e-01 7.900684328136365897e-01 7.877362295679553039e-01 7.727937019707933342e-01 7.844013178654564156e-01 7.897686093595887025e-01 7.867832932601821483e-01 7.920261455460912980e-01 7.898670947441762680e-01 7.824495352930094239e-01 7.908455954657673814e-01 7.864100162355385226e-01 7.877496222594405628e-01 7.910422020881078264e-01 7.945489328169184073e-01 7.574434458887669974e-01 7.673755955376486693e-01 7.870129777901148094e-01 7.775541781184828194e-01 7.815526480544050525e-01 7.818326871711043236e-01 7.751561865365407256e-01 7.851380788561325152e-01 7.787556827672689197e-01 7.779551232439551045e-01 7.877669498503321321e-01 7.939787635622291839e-01 7.967371658883602992e-01 7.900162065569110714e-01 7.881629335889100973e-01 7.882659735592832950e-01 7.903476975342259570e-01 7.844714147404658888e-01 7.850171841020543440e-01 7.855065172750597124e-01
1.613795665413201783e-02 1.200045958303969096e-01 2.622511278588302019e-01 4.260840255107681829e-01 3.576646112228542007e-01 4.272379351886231857e-01 6.687855478875464055e-01 6.067964556038352164e-01 7.221363815575327916e-01 6.561068146076161067e-01 1.000000000000000000e+00 7.773355749059018827e-01 6.890213661094443109e-01 6.043651544495697303e-01 7.951867076792183964e-01 7.767244565803543832e-01 7.014484462842217605e-01 7.001953065460851944e-01 7.020044138119471144e-01 5.934797850562725241e-01 7.283829268135143531e-01 7.112029766669657471e-01 7.037448384313754746e-01 6.882948541300143441e-01 6.988285163509770914e-01 7.891626884523277319e-01 7.690838118132673484e-01 7.702097647660096635e-01 7.525160890292899030e-01 7.730164702314914482e-01 8.010831918779828253e-01 8.071277567719238322e-01 7.520769358498914370e-01 8.031492391762885541e-01 7.737008756839375279e-01 7.828552164506660249e-01 7.930266413770046263e-01 8.108784008725283821e-01 8.185775869277882588e-01 7.826150834046621263e-01 8.128276974419559320e-01 8.098188231807090798e-01 8.014772894186747987e-01 8.233451221384651131e-01 8.150477686100700003e-01 8.090796686596457565e-01 8.250694044506864389e-01 8.240372667630421200e-01 8.274460457372478928e-01 8.139863207436668358e-01 8.216748379769598376e-01 7.912832766282383856e-01 8.063213883560853557e-01 8.148510266707326144e-01 8.188342908790303687e-01 8.130677610482209827e-01 8.186354987255054505e-01 8.256347463202790005e-01 8.238127612860052240e-01 8.172039039906153768e-01 8.237855609314067573e-01 8.213919643896154810e-01 8.197164766876676723e-01 8.173009580871011259e-01 8.130840030068208213e-01 8.243271138103970275e-01 8.251514202408194443e-01 8.205580025144053602e-01 8.215980334202905855e-01 8.204144026811178714e-01 8.275962448897425938e-01 8.240935299468256092e-01 8.062277708896142814e-01 8.160118054779746943e-01 8.272259695996110329e-01 8.224563552871650973e-01 8.236430137661781004e-01 8.160845744284654923e-01 8.142340077139320620e-01 8.191213060378196298e-01 8.224304772826005472e-01 8.264797716126178750e-01 8.265400249748309225e-01 8.200839103301137412e-01 8.283709647455225200e-01 8.259901532668028068e-01 8.258168691645333404e-01 8.292161985442457750e-01 8.303496030625019397e-01 8.203183190116833945e-01 8.252152394028140492e-01 8.269122843101226472e-01 8.276049256940267718e-01 8.287447129202061280e-01 8.280730660600014170e-01 8.276279546780094254e-01 8.255405994634068545e-01 8.245946216010101582e-01 8.279538627075755386e-01 8.305703161565113346e-01 8.300457084739244484e-01 8.328160161437636599e-01 8.276468102439191732e-01 8.312691526633586570e-01 8.303210947112102946e-01 8.267480397439018747e-01 8.308860832235479554e-01 8.250363064600001461e-01 8.278282343902924056e-01 8.279556867480012405e-01 8.317056773941162717e-01 8.269984918794208717e-01 8.301802475469481912e-01 8.295413422041207907e-01 8.239594765775155594e-01 8.287209298886143438e-01
1.282686614225141998e-02 8.981638346339641810e-02 2.946237753865735831e-01 5.252946182447548740e-01 3.929632016665081662e-01 4.597595692679996016e-01 7.121486046729823549e-01 6.789069174928336059e-01 7.483686014802817255e-01 6.934226952634158225e-01 7.773355749059018827e-01 1.000000000000000000e+00 7.246076116118086441e-01 6.387393212357507233e-01 8.466144415795330280e-01 8.376969672377666543e-01 7.359109449961120930e-01 7.203682020896058358e-01 6.951121609537309620e-01 6.720762581537005342e-01 7.972771433012394438e-01 7.188058000453790841e-01 7.157118152629610153e-01 7.014104833805259176e-01 6.980117280092043019e-01 8.075352622949442116e-01 7.883111413309623616e-01 8.054122717221481320e-01 7.646922797980570952e-01 7.747839428931144745e-01 8.321727159443219612e-01 8.490092602046269699e-01 7.830413284680197705e-01 8.376681408276804852e-01 8.050054631222782753e-01 8.379442261479991272e-01 8.236217147288763529e-01 8.542376307105558064e-01 8.632390637896949492e-01 8.226554031346409168e-01 8.580773669086351196e-01 8.635965242916596729e-01 8.537229185268347953e-01 8.751737604211426991e-01 8.652284377820022021e-01 8.562902632291791161e-01 8.778034660535695144e-01 8.723374292413632602e-01 8.815269514625984071e-01 8.687473904826928939e-01 8.796639555917707964e-01 8.532568425348779906e-01 8.719062264721756383e-01 8.598524112438917788e-01 8.559279422063048592e-01 8.496515755194413710e-01 8.767534255533488974e-01 8.711719350850366528e-01 8.780033371170987699e-01 8.757851550282120812e-01 8.823205234092275084e-01 8.753647810527104278e-01 8.754008478790586967e-01 8.781252915798986036e-01 8.607844625463790811e-01 8.816479687454855663e-01 8.726041788087784967e-01 8.592297730728750693e-01 8.655952437924981924e-01 8.852977174275761252e-01 8.689412244454388645e-01 8.584667420367524393e-01 8.497982705325203279e-01 8.487892561295461435e-01 8.670764923093453591e-01 8.622858985446547608e-01 8.637921010408323719e-01 8.536646667177174574e-01 8.537643713052009975e-01 8.548373297217096711e-01 8.620938374502943313e-01 8.705805461790158128e-01 8.752290099355048980e-01 8.638913242686085958e-01 8.781658290659644095e-01 8.732136082826780221e-01 8.713791633136702686e-01 8.780904283238577523e-01 8.778894947041337993e-01 8.630891936366367201e-01 8.698208164606772153e-01 8.777698980834583997e-01 8.799644426005485132e-01 8.811121840704784214e-01 8.815867452783638925e-01 8.781055165632437598e-01 8.785789133482480029e-01 8.864107691085574281e-01 8.814652747730664650e-01 8.874146965522400343e-01 8.834975980391115424e-01 8.860963832959519726e-01 8.852600352908636117e-01 8.870680988722207116e-01 8.865805470503684838e-01 8.831683149875724226e-01 8.837449570249630293e-01 8.739698765529023694e-01 8.716170192199165223e-01 8.802477274376875327e-01 8.814493077649371289e-01 8.816548069760021811e-01 8.826210470334312497e-01 8.856498738525513392e-01 8.768699280038931843e-01 8.825788195629851174e-01
7.868518328872692660e-03 1.107911566373202261e-01 2.472053660522996743e-01 3.904509040604865477e-01 3.614874927356964696e-01 4.105459660874976602e-01 6.578842704248042406e-01 5.916385156711380100e-01 6.940714092629215459e-01 6.511935852896104659e-01 6.890213661094443109e-01 7.246076116118086441e-01 1.000000000000000000e+00 5.901247720813170838e-01 7.746939577515684627e-01 7.677874381871150344e-01 6.805687598225244050e-01 6.789036008974096426e-01 6.594171206214560765e-01 5.670177837734347026e-01 6.845208276535694747e-01 6.682830032332399695e-01 7.040990586752395863e-01 6.650601107832686543e-01 6.685170017375507978e-01 7.714364039859242794e-01 7.441075321984039759e-01 7.588197649225003616e-01 7.432869593871324065e-01 7.581543965664492291e-01 7.877786005586104867e-01 7.841171191036053756e-01 7.369066423369257102e-01 7.736372630478466350e-01 7.575444284978664067e-01 7.666750881479802437e-01 7.795652625980546979e-01 7.747168437022768916e-01 8.022563917534034639e-01 7.625365338083432976e-01 7.940617193100965032e-01 7.955850768755853286e-01 7.827742274684459378e-01 8.011012834505081281e-01 7.983213709815408787e-01 7.908791515714019837e-01 8.089925294549402679e-01 8.110366834299560512e-01 7.995426556004984198e-01 7.740141695044975290e-01 7.952119029811325346e-01 7.721175831476175810e-01 7.907858437373793681e-01 7.993212473497953718e-01 7.968776574698362980e-01 8.024758309264556910e-01 7.915214934587795348e-01 8.021599138019932518e-01 7.951491239020089807e-01 8.087297282043306446e-01 8.090963986429718924e-01 7.977410057640559327e-01 7.866596285741004335e-01 8.021803908665582350e-01 8.020063149189603502e-01 8.097547314841214705e-01 8.132898046924043056e-01 8.038141561944577296e-01 8.085938685820610594e-01 8.043268325205286118e-01 8.023135757438081272e-01 8.033013957203674060e-01 7.960660920717012035e-01 7.991351463262743593e-01 8.147472368998522896e-01 8.067941978463137875e-01 8.103738607967917451e-01 8.071206156598980108e-01 8.043045120688065985e-01 8.082738771842877812e-01 8.122377582068199819e-01 8.155125132868749072e-01 8.149291946203556236e-01 8.051279041140427806e-01 8.066351534025557601e-01 8.102101055529226104e-01 8.129673858876558246e-01 8.136619821627307791e-01 8.182815459125166724e-01 8.106292391716288792e-01 8.090030502567643333e-01 8.145746865725013164e-01 8.151265283482909130e-01 8.158570377595375511e-01 8.151754341817664118e-01 8.163809388357627927e-01 7.939491840049273108e-01 8.019842853405688698e-01 8.077412952248055333e-01 8.086101232719130616e-01 8.149734043748196877e-01 8.104022022095157540e-01 8.151787349010434225e-01 8.156824884783228091e-01 8.149832269078615132e-01 8.061849171851640516e-01 8.108251841085857281e-01 8.162855788213727593e-01 8.126592180673891663e-01 8.119372627353217409e-01 8.084652388375550558e-01 8.163363151005784690e-01 8.130379423343395695e-01 8.169414990130247078e-01 8.134426537927000878e-01 8.141574482239442023e-01
