1.000000000000000000e+00 1.308768790401318993e-01 4.972458545197942781e-02 4.877534764484179469e-02 -1.457295836480093816e-02 1.382998947836117966e-02 2.026857521861601119e-02 4.154362331333373917e-03 1.062648626712981020e-01 4.762760733027353310e-02 1.738042154454441657e-02 6.393187807760105160e-03 8.669688558457497307e-03 -5.061258161124370693e-03 6.029305408594078271e-03 1.985430373419572875e-02 5.075220471690546076e-02 5.208808390551727258e-02 4.412720617907253673e-02 5.949839681196328334e-02 5.050186240154514589e-02 5.045967282917404595e-02 7.312575751164983318e-02 4.811969422572009297e-02 6.100641049297556018e-02 4.269391116738852771e-02 6.775200421706883969e-02 5.565210733358467998e-02 1.012277936432540715e-01 8.936098619403620713e-02 6.793070090819576523e-02 2.535777159116457333e-02 2.715328480421171434e-02 6.676228113471780780e-03 2.960513290570793501e-02 -2.729522635783976966e-03 1.293584347350770249e-02 -6.202699077834786029e-04 7.635111557085775928e-03 -2.114902457085416493e-02 1.395081305084755648e-02 1.170533205961993804e-02 -2.437067683412464172e-02 1.195188640600642650e-02 1.182599179659455865e-02 1.302097711538529462e-02 5.037963872546711436e-03 1.545975671052611349e-02 1.031021858271123810e-02 -6.061901084626287496e-03 -6.206324364426782196e-03 -1.927389663822933960e-03 1.264921642945327461e-02 2.785995660140355018e-02 2.101109413981678067e-02 1.168629582032142990e-02 2.719226280776777804e-02 1.492511523433535589e-02 2.234680990500203298e-03 3.110963016976136392e-02 -5.045628038981810753e-03 2.261771803034192882e-02 6.802162794742857947e-03 1.523686172940288269e-02 3.126026213263036202e-02 2.810971157939491649e-02 1.614022267690194343e-02 1.259864777582660883e-02 2.290919857292217018e-02 2.941868918559368759e-02 1.202936467776184216e-02 2.076090154620893399e-02 1.427956332799108601e-02 2.305336139592090508e-02 2.287859328821117630e-02 3.179035868346730132e-02 3.456812438220076278e-02 5.376273917390263224e-02 3.516478163197356288e-02 4.382136503600353450e-02 2.500074841605486389e-02 2.505983874424478827e-02 2.865326712953050747e-02 2.136050410248839862e-02 4.534624705034483172e-03 4.679609510030962281e-03 4.949943207178008307e-03 1.300328620151585193e-02 8.592363967216959733e-03 1.029855855183150343e-02 4.080364990774536585e-03 8.524373763224233833e-03 5.626334661478270792e-03 8.885661222963346997e-03 1.395329347512034614e-03 7.270201647754097329e-03 -1.441977629877368682e-03 1.645130363666711185e-02 4.504744931551995894e-03 3.840110901871945383e-04 -9.727436508186157113e-03 1.217269100516027089e-02 5.982700348216946247e-03 2.693871062761447541e-03 2.826052671826632424e-03 1.306563085297312785e-02 1.522986132351400977e-02 1.664441829281362167e-02 1.301260240340572014e-02 1.182921098084497961e-02 7.853556663698753326e-03 1.801902592089587099e-02 1.277495342946099489e-02 1.551962898086431744e-02 2.098729649211442116e-02 1.059214357791602931e-02
1.308768790401318993e-01 1.000000000000000000e+00 6.435426493304341466e-02 8.246431742119486596e-02 8.150077604762220873e-02 1.242931930796721263e-01 1.355264291193032378e-01 1.030996467942763006e-01 1.718905332126892671e-01 1.556930898851311695e-01 1.480281593999347167e-01 1.390541702524184797e-01 1.141625717935835227e-01 1.270162813479887298e-01 1.437970316466183895e-01 1.382317773277804418e-01 1.447957130363518030e-01 1.154962361611082122e-01 1.207586949927641484e-01 1.467162580308597197e-01 1.049752655746943181e-01 1.093048322965462504e-01 1.514751212642295730e-01 1.182463996338334183e-01 1.365090836220701209e-01 1.630663249540318660e-01 1.675658318382654277e-01 1.657382293238926496e-01 1.761742010853607210e-01 1.753743291268882176e-01 1.750873273146833220e-01 1.359604336585457096e-01 1.196160398009322307e-01 1.131861674850167254e-01 1.350809782510045132e-01 1.247424974397790126e-01 1.523775804941478740e-01 1.378443391536054996e-01 1.355858495963343513e-01 1.433593100148111976e-01 1.574236146242086187e-01 1.478598737949579356e-01 1.179522193836644584e-01 1.469211591180993592e-01 1.566362632810518463e-01 1.484523467000936625e-01 1.528777003607628693e-01 1.586523013560132978e-01 1.394713327559737315e-01 1.027489068249883425e-01 1.366333815057997891e-01 1.305287085001219094e-01 1.515595605770081733e-01 1.638602547523457797e-01 1.583257953460469325e-01 1.540094255223630471e-01 1.418173648882211368e-01 1.572200171812990765e-01 1.461219744102088269e-01 1.679040587821770403e-01 1.433659863783018074e-01 1.591522121210493246e-01 1.293571622597147197e-01 1.408240814694221299e-01 1.540292458654496099e-01 1.573166408518300030e-01 1.540179492939313943e-01 1.522198741000216349e-01 1.575004933689981013e-01 1.598223854012901513e-01 1.415216241823355481e-01 1.501800548644980082e-01 1.483118316818994586e-01 1.487771515420711621e-01 1.599030144135072939e-01 1.635381833495554438e-01 1.691809197293959732e-01 1.662127389870038108e-01 1.615042429491148068e-01 1.655338310985652317e-01 1.638078962262826677e-01 1.617396128631717611e-01 1.585599443910481188e-01 1.599587289046175420e-01 1.291333779091649314e-01 1.420033501886393268e-01 1.482259539722585173e-01 1.527155217805473419e-01 1.490332098147270357e-01 1.564802028189470617e-01 1.565694875989760704e-01 1.536205008710525566e-01 1.520277716411335966e-01 1.517124762185950992e-01 1.511905302098585646e-01 1.570338468976703317e-01 1.316631033068048628e-01 1.340739591951216891e-01 1.430152367919655665e-01 1.402029826020768366e-01 1.406765021927109116e-01 1.437090120328613774e-01 1.511750213008259125e-01 1.465991819030768584e-01 1.429756802849311559e-01 1.545780815927056406e-01 1.484030040400041162e-01 1.595301366818322464e-01 1.594440267464984629e-01 1.534377083039192291e-01 1.549159797355902646e-01 1.627266148326017292e-01 1.586503013400641093e-01 1.482370569106497837e-01 1.480136154417507899e-01 1.536623952982392183e-01
4.972458545197942781e-02 6.435426493304341466e-02 1.000000000000000000e+00 3.278281160908360636e-01 1.952589097338746915e-01 2.268061141475771758e-01 3.212569856092583054e-01 3.089037957509497279e-01 3.631577060798916734e-01 3.056850582291190666e-01 3.579926009823176103e-01 3.773459332201317129e-01 3.182967731828087454e-01 3.248362366825919834e-01 3.670636989107882164e-01 3.704023275069825427e-01 3.408518431014311290e-01 3.566584042958316214e-01 3.558420389878301227e-01 3.409853098925516024e-01 3.703477837953386143e-01 3.665700243231604372e-01 3.746155117195009709e-01 3.656916493691868553e-01 3.610390033383329422e-01 3.914242491877115149e-01 3.820905649300205820e-01 3.732071587599368745e-01 3.608204980618037183e-01 3.697927465581555273e-01 3.815397117473743882e-01 3.849759434103776634e-01 3.600384923565943529e-01 3.553765616221823964e-01 3.676475654256567416e-01 3.777986204998442510e-01 3.787232080516597099e-01 3.737552224667413103e-01 3.766415894815517973e-01 3.830667703171493632e-01 3.827737894505953697e-01 3.887138521484171938e-01 3.703210064050268535e-01 3.810103880049149350e-01 3.810472408833248115e-01 3.729613122468397046e-01 3.753247470887843273e-01 3.771969026026066318e-01 3.847263152961573063e-01 3.701625444632198336e-01 3.791736624501456099e-01 3.844485327777436567e-01 3.822914670262796411e-01 3.750439462075484953e-01 3.877252756785745658e-01 3.857711317102442972e-01 3.836812703331105578e-01 3.837604969875174077e-01 3.852525893229044596e-01 3.779469150451975623e-01 3.837317730954070139e-01 3.790266667573769510e-01 3.764874483163524466e-01 3.774801563816061467e-01 3.753591511899159183e-01 3.760033654960612814e-01 3.783477201055926997e-01 3.771749036183443260e-01 3.820646569083258060e-01 3.888546804901076293e-01 3.850069445371863686e-01 3.814296209867318876e-01 3.825831727794424819e-01 3.837588035130019004e-01 3.877796980524660930e-01 3.818417642302325832e-01 3.829011122423517377e-01 3.780488092653276344e-01 3.791617223969266925e-01 3.805643922461088291e-01 3.838066813658124188e-01 3.847057664671758581e-01 3.840996562188430108e-01 3.804621220759202282e-01 3.758245094552550292e-01 3.782808449300651965e-01 3.816033874109922008e-01 3.792430143277764620e-01 3.803022259449691522e-01 3.851427913096546751e-01 3.881464943320214189e-01 3.834379355856176175e-01 3.852323677735503549e-01 3.796544677653466704e-01 3.753471359803077223e-01 3.769697301423744484e-01 3.860285070839356014e-01 3.776685449495870150e-01 3.812861749947680789e-01 3.831247318824956283e-01 3.820749275683692492e-01 3.835802084189868788e-01 3.796383717296978322e-01 3.803766718111680212e-01 3.813531941995205177e-01 3.858908221110829428e-01 3.812426913173209142e-01 3.789777012248506383e-01 3.807861430007538628e-01 3.802440729195505353e-01 3.827691334739790063e-01 3.768604209139412853e-01 3.798864693599858233e-01 3.782985712701045222e-01 3.768418212384279653e-01 3.785109368619353765e-01
4.877534764484179469e-02 8.246431742119486596e-02 3.278281160908360636e-01 1.000000000000000000e+00 3.298363033352642026e-01 3.997161569008604864e-01 5.472194912205701200e-01 5.454432904452400921e-01 5.717130380981843008e-01 5.129580510575337815e-01 5.975421198186230409e-01 6.368763457929738081e-01 5.733025494887574736e-01 5.456825311988210414e-01 6.323985711953074018e-01 6.307868810300077955e-01 5.882694372170335084e-01 5.974604679866278856e-01 6.095424523870623945e-01 5.489079868101278681e-01 6.155540988363420452e-01 6.161685784623827100e-01 6.031033146392398292e-01 5.692635199783957489e-01 5.930497063165903748e-01 6.328822619071170497e-01 6.074340444752851509e-01 6.218099699836779903e-01 5.790207840177148402e-01 6.030498117636647892e-01 6.295674926366650048e-01 6.335759732063981353e-01 6.095895773013780827e-01 6.092680718512686333e-01 6.221386944865386903e-01 6.518177865893869383e-01 6.363660956174745920e-01 6.349968609974167011e-01 6.442240724752752445e-01 6.428111844768512606e-01 6.396091065389216679e-01 6.417259243375812439e-01 6.375109041142510424e-01 6.474904271031612923e-01 6.512755040190196798e-01 6.375706371360159164e-01 6.411186671810170656e-01 6.451325187519729720e-01 6.464689223910565774e-01 6.337387914363228347e-01 6.432905414467519067e-01 6.545834206395964028e-01 6.442162967771590809e-01 6.385237383370526709e-01 6.432035686261045049e-01 6.448324386240078532e-01 6.483381151645726259e-01 6.411297371492673536e-01 6.364449885004267449e-01 6.410906546744776779e-01 6.483431212253891740e-01 6.375867494906412025e-01 6.376033406319178143e-01 6.476839909459430888e-01 6.449592673449103808e-01 6.405552572796062716e-01 6.427751311311884486e-01 6.454350183618347003e-01 6.449810719661491776e-01 6.440934401373737961e-01 6.521274226149607056e-01 6.480037259119468818e-01 6.422788674286245003e-01 6.433942363331123238e-01 6.496414938417801599e-01 6.410452488327579301e-01 6.457852871096889658e-01 6.308896416970404264e-01 6.378062418574741432e-01 6.358004052635382042e-01 6.398010891872826233e-01 6.422740009896226177e-01 6.586684290736756209e-01 6.438402718552341808e-01 6.440672695124001201e-01 6.455906015513168672e-01 6.502265111021725552e-01 6.482172128853997961e-01 6.493988179914241821e-01 6.541357061829324859e-01 6.529534010414477230e-01 6.499594607229433052e-01 6.492314262503059430e-01 6.481802224317281258e-01 6.442066025231336646e-01 6.451895087569374798e-01 6.521592404457651204e-01 6.488482372797771403e-01 6.504941880818405631e-01 6.536394215106718919e-01 6.550192823559746191e-01 6.505811229634084203e-01 6.508531375281632059e-01 6.513546380560762961e-01 6.544093795066974195e-01 6.519355097353153328e-01 6.503223985266136653e-01 6.445236419555534502e-01 6.466546881775424582e-01 6.449650904502791660e-01 6.481667529209331757e-01 6.448522717576630203e-01 6.472140964628080306e-01 6.523282059805906030e-01 6.493533344418138675e-01 6.514675997386568662e-01
-1.457295836480093816e-02 8.150077604762220873e-02 1.952589097338746915e-01 3.298363033352642026e-01 1.000000000000000000e+00 3.025020706454523700e-01 4.259092102627641818e-01 4.182621322370803085e-01 4.283357327887423183e-01 3.783400997255226827e-01 4.444155345274138913e-01 4.632025574730215256e-01 4.173864088457241439e-01 3.972286077766458701e-01 4.708084418524915438e-01 4.685522407632983777e-01 4.216896837666060938e-01 4.349377616111834710e-01 4.473305054078542398e-01 4.081695635541370271e-01 4.465799880298529367e-01 4.454118022607486127e-01 4.369613989647977426e-01 4.317439059005807045e-01 4.447638769498649114e-01 4.668781669115844024e-01 4.528707385064311697e-01 4.661382873544734351e-01 4.400331965941332579e-01 4.576736967178662852e-01 4.633714094585241750e-01 4.612592101937663114e-01 4.589704801364550280e-01 4.575317253302446652e-01 4.703329194156390947e-01 4.760374310218353777e-01 4.679130465821610962e-01 4.740141684233590280e-01 4.783623672894385392e-01 4.587917259277899951e-01 4.711368204501268364e-01 4.779776967733945225e-01 4.755213348551001196e-01 4.823547562811910105e-01 4.737612900375424152e-01 4.781091533412420436e-01 4.693607424237898340e-01 4.700846575348356371e-01 4.700467797715476292e-01 4.649854459979588794e-01 4.701350980681178737e-01 4.749622360342767302e-01 4.690959431919834999e-01 4.683043410607745094e-01 4.670927273917784284e-01 4.699845323164843491e-01 4.653475096308041237e-01 4.625484881075482280e-01 4.611154444014727294e-01 4.732052854566313749e-01 4.791924559418321294e-01 4.690998104182791950e-01 4.632536826344050285e-01 4.771105829543376697e-01 4.733647706132823596e-01 4.684574381526115383e-01 4.714640992964146959e-01 4.729557496996249499e-01 4.708207406021037156e-01 4.743798542696078813e-01 4.769988811702183806e-01 4.749292614667966483e-01 4.715167015094129943e-01 4.731101509857668641e-01 4.752781445979133990e-01 4.712602383802531603e-01 4.726060021068767547e-01 4.666406441361354296e-01 4.704383054296332189e-01 4.709890906915619735e-01 4.741293891327713061e-01 4.735304152712628278e-01 4.714421280395187375e-01 4.744740275334207169e-01 4.711206432930314936e-01 4.743088603531237513e-01 4.731558971839293637e-01 4.735057541550491966e-01 4.786003066900181846e-01 4.723243350509175875e-01 4.717832322371809384e-01 4.775209795367493237e-01 4.761855710172461786e-01 4.758320425391779351e-01 4.723028731441024641e-01 4.718604247379288852e-01 4.705598954839212422e-01 4.643087847218868580e-01 4.731955009644074894e-01 4.740593251756593518e-01 4.810863064492582053e-01 4.695465870986368362e-01 4.712884727254324502e-01 4.779906076748384192e-01 4.771733074312566880e-01 4.663491183484311797e-01 4.709484124533674931e-01 4.726723602706386917e-01 4.731457870167699586e-01 4.715625271842137090e-01 4.667353370254409550e-01 4.733892800304585480e-01 4.683022563774491553e-01 4.717486375573197166e-01 4.719668613525484502e-01 4.716438450451977404e-01
1.382998947836117966e-02 1.242931930796721263e-01 2.268061141475771758e-01 3.997161569008604864e-01 3.025020706454523700e-01 1.000000000000000000e+00 5.097826046215205853e-01 4.964105917337908735e-01 5.431156811274927554e-01 5.021011585896074658e-01 5.372280951600053589e-01 5.741953533500595563e-01 5.279243743299357750e-01 5.014366264775365067e-01 5.751535863911242386e-01 5.808001934751289008e-01 5.384878658264369289e-01 5.488067808768245515e-01 5.527983033020378301e-01 4.870927937485120540e-01 5.483515975047968949e-01 5.585342987355258471e-01 5.528747922661053638e-01 5.385723977500217474e-01 5.490292425848033453e-01 5.785936539901684883e-01 5.585680135877304497e-01 5.747607289654581564e-01 5.501832027102121492e-01 5.637154423308203821e-01 5.819212702150370342e-01 5.803504790062946617e-01 5.722801438666491602e-01 5.631020132271550294e-01 5.736212089124940183e-01 5.806691764059218608e-01 5.837512264296459419e-01 5.914488631490275594e-01 5.943529883520509705e-01 5.777947177023481373e-01 5.880325632917868806e-01 5.967541143573784623e-01 5.843511080986579787e-01 5.961705331451327972e-01 5.973735122527789043e-01 5.925652837044932397e-01 5.958369001582496383e-01 5.952793471312934903e-01 5.961986361035487292e-01 5.797460086497580045e-01 5.965257440721549731e-01 5.952509815701393370e-01 5.922682629428491774e-01 5.968400081345787145e-01 6.003775098088622864e-01 5.915028334236988039e-01 5.928116040160846811e-01 5.996319580398786764e-01 5.987974460194452897e-01 5.948336857399352251e-01 5.990687576622866217e-01 5.995885953393922385e-01 5.891568542983696144e-01 5.941479921372484485e-01 5.953377970978447342e-01 5.949736377755913130e-01 5.970287125764752734e-01 5.992315900252058736e-01 5.986117167642973635e-01 5.966050790744076293e-01 6.009555684224481276e-01 6.017276820919329472e-01 6.010378275292601602e-01 5.978913988076843822e-01 5.989218069763659891e-01 5.966904357609926768e-01 5.981909189410303807e-01 5.912630341206599471e-01 5.945617727646945738e-01 5.942801684207755786e-01 5.962218209180069062e-01 5.988878623599506179e-01 5.985654021899707855e-01 5.982179218133915066e-01 5.933318539901158983e-01 5.993818404269274369e-01 5.988910478593382214e-01 6.020601794945837915e-01 6.022743431909018952e-01 6.010851366365407289e-01 5.994238594021761291e-01 6.035157070681267388e-01 6.012864165077941303e-01 6.004612999971055132e-01 6.017956936934186762e-01 6.011180794842859720e-01 5.975101098538239119e-01 5.906168384167942431e-01 6.009951913306401661e-01 6.006587262622526957e-01 6.011596966725064606e-01 5.977240979118092490e-01 6.021827325051173352e-01 6.044196496202484115e-01 6.030165373891688274e-01 5.976606227196744614e-01 6.001253303171051323e-01 6.002702870059067886e-01 6.033769549449248260e-01 6.031891028794333920e-01 6.027114691315181849e-01 6.002623016453513261e-01 6.018878649782519741e-01 5.996439707399803254e-01 5.986205263270916177e-01 6.020323571319431410e-01
2.026857521861601119e-02 1.355264291193032378e-01 3.212569856092583054e-01 5.472194912205701200e-01 4.259092102627641818e-01 5.097826046215205853e-01 1.000000000000000000e+00 7.111656161327338799e-01 7.032012266503179232e-01 6.468108119800417555e-01 7.346762630617418299e-01 7.791406560543943094e-01 7.057049945860141005e-01 6.900271815287603028e-01 8.291087495435598420e-01 7.940190498330635949e-01 7.173658991457387835e-01 7.287278842347646446e-01 7.343765683354657181e-01 6.710711868771388477e-01 7.333835578501968211e-01 7.287097513971799723e-01 7.229457598788272543e-01 7.098886508140320739e-01 7.148247419763877897e-01 7.777034731626539799e-01 7.488332840548062030e-01 7.738075871916375581e-01 7.346931516883206115e-01 7.475509564584852384e-01 7.715033730646539967e-01 7.998950252314953602e-01 7.785068652295678016e-01 7.825663119473289520e-01 7.842386947539231601e-01 7.998101737112587317e-01 7.835991881391429770e-01 8.083025403665166086e-01 8.071167557699336914e-01 7.902184727937157094e-01 7.932053898895365940e-01 8.000085420905709288e-01 8.143627399057781213e-01 8.061048779064516889e-01 7.958258155696509295e-01 8.078685169092426621e-01 7.966072593466150265e-01 8.003524920706812651e-01 8.004771021456139612e-01 7.954000817925593880e-01 8.033258050952142293e-01 8.071376580380481558e-01 7.966455742779162685e-01 7.945765929401549243e-01 7.923233757995914450e-01 8.016229641870034062e-01 7.965560134535881742e-01 7.913469992671849917e-01 7.937016816460930047e-01 7.932764024323881724e-01 8.070603245900602740e-01 7.951396153761640662e-01 7.960912991402518957e-01 8.105338209620163159e-01 7.924066835032698153e-01 7.956823353377886487e-01 8.021133453406709135e-01 8.012216744299766047e-01 8.086409347014609228e-01 8.026861013058201877e-01 7.975556632077881458e-01 7.982552504739038879e-01 8.018749035264886027e-01 7.873434118904300005e-01 8.033461246470436912e-01 7.946863561640472584e-01 8.027754682030903144e-01 7.878621980884737974e-01 7.983066261521275520e-01 7.903507845722873570e-01 7.997175449501495725e-01 7.988065572415008475e-01 8.071106895569866158e-01 8.068033190926701126e-01 8.114431389644682913e-01 8.102907083609396377e-01 8.069146825944403245e-01 8.110502725246848676e-01 8.117271498606176694e-01 8.101582842697194753e-01 8.102633785774444597e-01 8.083609720668866183e-01 8.046518836948203246e-01 8.080236920823324898e-01 8.025181414273763192e-01 8.016800726847519432e-01 8.114670432387832699e-01 8.037122843099957503e-01 8.094771065875543403e-01 8.124363134063069536e-01 8.170507909519962864e-01 8.077172335181261875e-01 8.033598775248178558e-01 8.090898803156755248e-01 8.108266565646213841e-01 8.033077109890277567e-01 8.065320479189387326e-01 8.014199173990308456e-01 8.026783161120479848e-01 8.025806536249877610e-01 8.046661773828359676e-01 7.986468608741922326e-01 8.010186804415071471e-01 8.095002662585206732e-01 8.000500657421082407e-01 8.024869622446756390e-01
4.154362331333373917e-03 1.030996467942763006e-01 3.089037957509497279e-01 5.454432904452400921e-01 4.182621322370803085e-01 4.964105917337908735e-01 7.111656161327338799e-01 1.000000000000000000e+00 6.850712126948921288e-01 6.286494928113482983e-01 7.246980626740596731e-01 7.665646267461857510e-01 6.741978861473589824e-01 6.750919001451594070e-01 7.833647991024396129e-01 7.920692016770252142e-01 6.953409136294179671e-01 7.125753502386045213e-01 7.220463548930305953e-01 6.866119917446724674e-01 7.320997258785990613e-01 7.346641518552123884e-01 6.830564631250094498e-01 6.959813276027162487e-01 7.090168419810984890e-01 7.476263461540877397e-01 7.140255124495191730e-01 7.417058745108767726e-01 7.005148587547546102e-01 7.189450705167161892e-01 7.376121396213896064e-01 7.791531819802177683e-01 7.522338186283109573e-01 7.467197551847077897e-01 7.511605437477520963e-01 7.804790044336366028e-01 7.526704817517442248e-01 7.936780524277059490e-01 7.770851349349580106e-01 7.746134153002270928e-01 7.701668845338789371e-01 7.862696947406430104e-01 7.821709875591607020e-01 7.851823184811157486e-01 7.765059764756276905e-01 7.750022802561165047e-01 7.771061809688307731e-01 7.819332384615328424e-01 7.921324846137886011e-01 7.917555040381079046e-01 7.985561393812146136e-01 7.914248527205541839e-01 7.746051404994761524e-01 7.728263351821788030e-01 7.829179103099352943e-01 7.803295481081596874e-01 7.933816732175780206e-01 7.855428379566036234e-01 7.950673579423918058e-01 7.707642987317787631e-01 7.974378708372800162e-01 7.835462696652214509e-01 7.968992853452787628e-01 7.926610943603842330e-01 7.722959165503762158e-01 7.723281902873235794e-01 7.802482623309245913e-01 7.830520324166407864e-01 7.835587714262163272e-01 7.924671782069795389e-01 7.869174389517661350e-01 7.786119727867161222e-01 7.811422088972119759e-01 7.725690597052745634e-01 7.789606245218393399e-01 7.683034569278259784e-01 7.769068690914278097e-01 7.617508062399850344e-01 7.703362121897819881e-01 7.623229508569496771e-01 7.711184864689752949e-01 7.748492032788428796e-01 7.800886120593455431e-01 7.785519518787337168e-01 7.918337044343156661e-01 7.842060623816183851e-01 7.815873787521223637e-01 7.885656373763804128e-01 7.855336818792693077e-01 7.862874095434392308e-01 7.856779725802034431e-01 7.888453764209154562e-01 7.817894990056806215e-01 7.858713567827907420e-01 7.841298224192504440e-01 7.827572415428191155e-01 8.059646230574477599e-01 7.925508949901591826e-01 8.009691649159302873e-01 8.004240050061779410e-01 7.985006726020390522e-01 7.971127571448631821e-01 7.852147576975192500e-01 7.925289192070658073e-01 7.885995108907919438e-01 7.895217759818209391e-01 7.924235359880134055e-01 7.809160540805673012e-01 7.825638631017701741e-01 7.906207478587463644e-01 7.941983234675178416e-01 7.786109067912343473e-01 7.859509195504043033e-01 7.925760210024412888e-01 7.789558685480229006e-01 7.823527065995525831e-01
1.062648626712981020e-01 1.718905332126892671e-01 3.631577060798916734e-01 5.717130380981843008e-01 4.283357327887423183e-01 5.431156811274927554e-01 7.032012266503179232e-01 6.850712126948921288e-01 1.000000000000000000e+00 7.360480253445853549e-01 7.913416876596245375e-01 8.303648296809318374e-01 7.427899316257697837e-01 7.307268047441926040e-01 8.355128649995637868e-01 8.195856416612288253e-01 7.979541806678427385e-01 7.990133712733844540e-01 8.114613348575824281e-01 7.128627031846971329e-01 7.866513500344324283e-01 7.990306107282917347e-01 7.980242000652222334e-01 7.805215554124758093e-01 8.023772979099206282e-01 8.508812910156596798e-01 8.447233681952232009e-01 8.500888915812709890e-01 8.330531638815102946e-01 8.512162976392431135e-01 8.683168063938008219e-01 8.507928219625000565e-01 8.226009564784123596e-01 8.152752684694558605e-01 8.357858269852322941e-01 8.382053897148249444e-01 8.536571777388458626e-01 8.525742908134158471e-01 8.526374261134733734e-01 8.240641204978951251e-01 8.643831767605634209e-01 8.561652582485183016e-01 8.311537583533412654e-01 8.644651460531507237e-01 8.578839096238412010e-01 8.596438134009910526e-01 8.676043105388648868e-01 8.760150507858854851e-01 8.673268586335891595e-01 8.313483306370375026e-01 8.536995649344951698e-01 8.477672931447142179e-01 8.624631069927398697e-01 8.794697851418215029e-01 8.713792642010691480e-01 8.667335116829228969e-01 8.691438868048988464e-01 8.660994257507372840e-01 8.612783350214976430e-01 8.794951276681554075e-01 8.647181508933921013e-01 8.761436184652421355e-01 8.557210285391508853e-01 8.694485858066448580e-01 8.778584434077174592e-01 8.757559097128531089e-01 8.748780972024984282e-01 8.748587809568916240e-01 8.743388491737970059e-01 8.651222216555238820e-01 8.675256810371455574e-01 8.743436374616735396e-01 8.654409762313020060e-01 8.690288765978106955e-01 8.773231419596567715e-01 8.777582761539194367e-01 8.767017665621780198e-01 8.736888632649527642e-01 8.735949234833199073e-01 8.774302749754120390e-01 8.740948722754053879e-01 8.787534589326810863e-01 8.757707235911185162e-01 8.723124705011681135e-01 8.557110006608160679e-01 8.654325568111536082e-01 8.679879316745897633e-01 8.716369427064351028e-01 8.724461074388218940e-01 8.720614463159602758e-01 8.682536833866891790e-01 8.719975320542263653e-01 8.712889136146625413e-01 8.715791442627293106e-01 8.719368086787481209e-01 8.744740796698582397e-01 8.569964567508252529e-01 8.602376364253850882e-01 8.643982054374031998e-01 8.641503909961747443e-01 8.629380770654548893e-01 8.686803689904319947e-01 8.680389654236017050e-01 8.720396233201407332e-01 8.700929448750266415e-01 8.723368528320459836e-01 8.726954231520601679e-01 8.772778482332397321e-01 8.752177826095381974e-01 8.761653396371186231e-01 8.714245531393309818e-01 8.792999686799112258e-01 8.754710049937848293e-01 8.725310298898730776e-01 8.775735761010101665e-01 8.746038234837613112e-01
4.762760733027353310e-02 1.556930898851311695e-01 3.056850582291190666e-01 5.129580510575337815e-01 3.783400997255226827e-01 5.021011585896074658e-01 6.468108119800417555e-01 6.286494928113482983e-01 7.360480253445853549e-01 1.000000000000000000e+00 7.356744954261850156e-01 7.681348399644505331e-01 6.833891184873945868e-01 6.817249212529803426e-01 7.720841487933646219e-01 7.614743221345320334e-01 7.231206178577823662e-01 7.159913842698564235e-01 7.311309073368790212e-01 6.542331796541231981e-01 6.943516659676682856e-01 7.139224341535580498e-01 7.212510011931252407e-01 6.992064902453396513e-01 7.214499648868344384e-01 7.746720391154265917e-01 7.692122068535837132e-01 7.778285691845888694e-01 7.630018962448059661e-01 7.770646256986862843e-01 7.979682077304014465e-01 7.810517216148634700e-01 7.400793393205653548e-01 7.400264154627361757e-01 7.559144480034585278e-01 7.693640588566574845e-01 7.823762522833749289e-01 7.858315626681710020e-01 7.775484489222498352e-01 7.596757901001881530e-01 8.061571306469023090e-01 7.911240950073864520e-01 7.683231554002075692e-01 7.972353734302887185e-01 7.956867946557906190e-01 7.910724394161438022e-01 8.100607211269404972e-01 8.138560615853724922e-01 8.100079527273068569e-01 7.639881687478283778e-01 7.927525040788461208e-01 7.771664947244465438e-01 8.013006271741732744e-01 8.160953202418387287e-01 8.101901691369318703e-01 7.971660104691640214e-01 8.018965538425791850e-01 8.063632294894150787e-01 8.065196179203452109e-01 8.158631642109996918e-01 8.055899909909692846e-01 8.170323284037249723e-01 7.960526279052206888e-01 8.057568085589544848e-01 8.058295315101117184e-01 8.125746691937022481e-01 8.115766965371642438e-01 8.092451601242330872e-01 8.106402225075883816e-01 7.972569568183877076e-01 7.969647458106992044e-01 8.072158941780985808e-01 8.025574088812573725e-01 8.011247942326390481e-01 8.132779807614719525e-01 8.148609492472309590e-01 8.130602636520597448e-01 8.128487798450710899e-01 8.147755602034133515e-01 8.122515398429264177e-01 8.101718176214930400e-01 8.158278966529726173e-01 8.039595988484535827e-01 8.058257932898988951e-01 7.899512954511389573e-01 8.028725263264161471e-01 8.050237773450477086e-01 8.093402468854089538e-01 8.070703117077292488e-01 8.098415010678917669e-01 8.046859866114490778e-01 8.119483973103631680e-01 8.101072374927104081e-01 8.105431373144312834e-01 8.143593275050305946e-01 8.172201833303739393e-01 7.953668097170605300e-01 7.955254263907574064e-01 8.063833082160565269e-01 8.024243117327921615e-01 8.008970949615122903e-01 8.057702836467193208e-01 8.097603034064813077e-01 8.104317294288836404e-01 8.076570745017489505e-01 8.097543761054101230e-01 8.118653846046630651e-01 8.180986184933980443e-01 8.176418228899547946e-01 8.141690150324963904e-01 8.119358380812187193e-01 8.171076262710426086e-01 8.168900043048857862e-01 8.089392660659031620e-01 8.118126947397221738e-01 8.136436969877449688e-01
1.738042154454441657e-02 1.480281593999347167e-01 3.579926009823176103e-01 5.975421198186230409e-01 4.444155345274138913e-01 5.372280951600053589e-01 7.346762630617418299e-01 7.246980626740596731e-01 7.913416876596245375e-01 7.356744954261850156e-01 1.000000000000000000e+00 8.706449898784357488e-01 7.680363232247278127e-01 7.651898462943816925e-01 8.708535359728797332e-01 8.529452729817187384e-01 8.022288877910673799e-01 8.195608455846278284e-01 8.320803370382149344e-01 7.214333452946195546e-01 8.061918386267644676e-01 8.161266528818087451e-01 8.104761694139545058e-01 7.929644285626439304e-01 8.112771144796845357e-01 8.736235964687185662e-01 8.543615284433030421e-01 8.699642851697124701e-01 8.364317508971095272e-01 8.611584624196827464e-01 8.899492679280097684e-01 8.774098110460710753e-01 8.482153828079349589e-01 8.462340585188323772e-01 8.624222901609304159e-01 8.752950941611227220e-01 8.827534824644125422e-01 8.890380199571177311e-01 8.879149479612408191e-01 8.649186727342431658e-01 8.981099699040385742e-01 8.926441198906187591e-01 8.755665967973780273e-01 8.977159650761639131e-01 8.977975205074371079e-01 8.939257161347881064e-01 9.005325419844592005e-01 9.028782814889243502e-01 8.989167882456134961e-01 8.725856552606826577e-01 8.938152063030155858e-01 8.820504812213793011e-01 8.943706302514597972e-01 9.015027478862519539e-01 8.962657187573970230e-01 8.941328829647431364e-01 8.928325170899872321e-01 8.973478303326301031e-01 8.942389528460211734e-01 9.030992648924472954e-01 9.017609726248217994e-01 8.992642143160558543e-01 8.912734805822605244e-01 8.993741155643215635e-01 8.956239207672048730e-01 8.989035622505702205e-01 9.042752993264154826e-01 9.036816668093451410e-01 9.025505764370720385e-01 8.924631629784480769e-01 8.979989581293106315e-01 9.029380465589115223e-01 8.966968609505053811e-01 8.969268413386910499e-01 9.071018817200757756e-01 9.045099587732895463e-01 9.017265414212710661e-01 8.946863883823246155e-01 8.989811154773325041e-01 9.003411378460709491e-01 9.041604767012610955e-01 9.076768433738442443e-01 9.009269019413195245e-01 9.022784178415561573e-01 8.930170995682594759e-01 9.014213530637886773e-01 9.037197167357713390e-01 9.046581936456303819e-01 9.065267735792867931e-01 9.057736773938707131e-01 9.039498785475235110e-01 9.067138660499073355e-01 9.077120475799210775e-01 9.069472535350509013e-01 9.075731460939353568e-01 9.072375585525730424e-01 8.977206347842078271e-01 8.948479005029215116e-01 9.025778837411206901e-01 9.024885717712824995e-01 9.031125446853888183e-01 9.018402319753089369e-01 9.057166519280565042e-01 9.074065055988222994e-01 9.052209419270818014e-01 9.034432764748859812e-01 9.051259979069946615e-01 9.064542832431261576e-01 9.058762498160974896e-01 9.057376392894652684e-01 9.053027678816372159e-01 9.052756102086644274e-01 9.053041619055685052e-01 9.048066954007123464e-01 9.049872743901262728e-01 9.054418472697041143e-01
6.393187807760105160e-03 1.390541702524184797e-01 3.773459332201317129e-01 6.368763457929738081e-01 4.632025574730215256e-01 5.741953533500595563e-01 7.791406560543943094e-01 7.665646267461857510e-01 8.303648296809318374e-01 7.681348399644505331e-01 8.706449898784357488e-01 1.000000000000000000e+00 8.013808049158346325e-01 8.076487043399263044e-01 9.112022851806146351e-01 9.004807066230052781e-01 8.452946646800963970e-01 8.599717843036778220e-01 8.686684161110732605e-01 7.692308818566020445e-01 8.528717440110376025e-01 8.605718095184838878e-01 8.444797684924653103e-01 8.342476269641692088e-01 8.526275769756357370e-01 9.117609174305639774e-01 8.855041628287269040e-01 9.051805228162301820e-01 8.631339479596134012e-01 8.902166921437409952e-01 9.187854170326789083e-01 9.204241469620821903e-01 8.911322341797277558e-01 8.964503870335235325e-01 9.037218284090454690e-01 9.202211031936352592e-01 9.194065865935006077e-01 9.330044139409158221e-01 9.316749102265964311e-01 9.092896551068011535e-01 9.363310749332194316e-01 9.327908558928068583e-01 9.190153202500345175e-01 9.404463319073347316e-01 9.367832604850696576e-01 9.360521403898712789e-01 9.429000193282890407e-01 9.448597672170527817e-01 9.428593885972862410e-01 9.217286862284532756e-01 9.400606956133653602e-01 9.319696724136732335e-01 9.373045404807329728e-01 9.417296510259852704e-01 9.398931671207515492e-01 9.355108298319199100e-01 9.373927089292714010e-01 9.380553769819011123e-01 9.389228124762163397e-01 9.426443989841774007e-01 9.455144220563033164e-01 9.422889483239880182e-01 9.350713238350030210e-01 9.423294014342943337e-01 9.403565807974922919e-01 9.425956379488575898e-01 9.447381370228995490e-01 9.452604480936691589e-01 9.437052760825572761e-01 9.357398502630029924e-01 9.436728956325901585e-01 9.447254179276386443e-01 9.393671924655944139e-01 9.375765391796810899e-01 9.461984557114407890e-01 9.393165297684769044e-01 9.397884428380705035e-01 9.295499141165801671e-01 9.360862940768416296e-01 9.355232432580088409e-01 9.409724473743683593e-01 9.455587184183662508e-01 9.446171777596836794e-01 9.417967605607048265e-01 9.386806993492791129e-01 9.452252403910436085e-01 9.452380553888251047e-01 9.464521360324842369e-01 9.482959917891626844e-01 9.459654579166378863e-01 9.441173558429715174e-01 9.494830431747484090e-01 9.477311718429383136e-01 9.481076508424595151e-01 9.496280439447766231e-01 9.488952429678909617e-01 9.403891528757530871e-01 9.399575813349532183e-01 9.460876844611891823e-01 9.466391469817052595e-01 9.475769820026969104e-01 9.463777156586833383e-01 9.482527426232776335e-01 9.505110277884263326e-01 9.500796512427549523e-01 9.453097377179687788e-01 9.485895048289734177e-01 9.467474064251305554e-01 9.475487169424096079e-01 9.484346871265842971e-01 9.468942892974688830e-01 9.474022585362432691e-01 9.476825896535220339e-01 9.480819553823048862e-01 9.477017804950937929e-01 9.491345519763938476e-01
8.669688558457497307e-03 1.141625717935835227e-01 3.182967731828087454e-01 5.733025494887574736e-01 4.173864088457241439e-01 5.279243743299357750e-01 7.057049945860141005e-01 6.741978861473589824e-01 7.427899316257697837e-01 6.833891184873945868e-01 7.680363232247278127e-01 8.013808049158346325e-01 1.000000000000000000e+00 7.072993446796749240e-01 8.161864111311213366e-01 8.022744720221814951e-01 7.499880070333460047e-01 7.658221299800012094e-01 7.724679945687862315e-01 6.675055135845197052e-01 7.492323479327346325e-01 7.618572304810710127e-01 7.535095728923683067e-01 7.460011908125262492e-01 7.595442549189056480e-01 8.119442393840439198e-01 7.945190292456774106e-01 8.073576033810248020e-01 7.744837840008478302e-01 8.006498186975606890e-01 8.218883695630349040e-01 8.190659182269472982e-01 7.887028625069971710e-01 7.932845070277340094e-01 8.068571886244457758e-01 8.213003916605774446e-01 8.222629447815149595e-01 8.230665263511147689e-01 8.299273936498935411e-01 8.021431027859207141e-01 8.289478331389922294e-01 8.309134607890060753e-01 8.281412794008646827e-01 8.398964055342197366e-01 8.333809340497119189e-01 8.333683122935416909e-01 8.411070651511383112e-01 8.416352766959958043e-01 8.376401019832132588e-01 8.134173626338720986e-01 8.303318543989097744e-01 8.303467632250912667e-01 8.334777678753363395e-01 8.373290863640943105e-01 8.283050673510903295e-01 8.279319595592797842e-01 8.234206870711570092e-01 8.291115702259695963e-01 8.222256591631248446e-01 8.426660164656863961e-01 8.373765709724625417e-01 8.381977297600433641e-01 8.227324014397316976e-01 8.400547106962321653e-01 8.348443619519854142e-01 8.387978475892404751e-01 8.427191478273001746e-01 8.433246827411372548e-01 8.417085909959597378e-01 8.311139106607141613e-01 8.366064673807603880e-01 8.415209320892635958e-01 8.373162128062295873e-01 8.395869864971733376e-01 8.434145769399264969e-01 8.406855639103121280e-01 8.370264173543704445e-01 8.300310494557048280e-01 8.377098384613179682e-01 8.386645580073032180e-01 8.420616571824119934e-01 8.438948508468976373e-01 8.375807955430096818e-01 8.388588199103824694e-01 8.319453261369927910e-01 8.414108076228019595e-01 8.424352458249377840e-01 8.405655046610284176e-01 8.449592920995221412e-01 8.430018259481797394e-01 8.395626289923001639e-01 8.450724827841277209e-01 8.454095594234103395e-01 8.461859667807916097e-01 8.447010295213095432e-01 8.444148161042261957e-01 8.302140438506434572e-01 8.283115122158816179e-01 8.359986868389834846e-01 8.369509053381154473e-01 8.430828194792406860e-01 8.333041693139427997e-01 8.435142597539522225e-01 8.458686622597874072e-01 8.448004904907095991e-01 8.364763294598457355e-01 8.403422679473224743e-01 8.446375651819664210e-01 8.434225750293531387e-01 8.435094891616764512e-01 8.376941753582390904e-01 8.455968607105488477e-01 8.410542881106526369e-01 8.415254328364752956e-01 8.431686806270641821e-01 8.433549389256463913e-01
