1.000000000000000000e+00 8.336936972803453416e-02 5.543996309990616850e-02 -4.767646189681590263e-03 -3.001919250977102844e-03 5.018788548420874407e-02 5.389418506759073926e-03 -6.531507296783730168e-03 7.677458523200593465e-02 4.259649358821025050e-02 2.153261226970217337e-02 1.016214085783947660e-02 1.163195880008001566e-02 -9.474206488408990975e-03 -7.227554850881565476e-03 -1.019918276415301972e-03 7.956078688110955477e-02 1.265732750371370216e-02 3.186062464612979261e-02 -5.628406317235844225e-02 -3.918520945914887206e-03 4.002259849440557155e-02 8.817681202772038873e-02 6.900101512206847530e-04 1.313748703280789507e-02 6.415510668467569455e-02 5.055315842604980042e-02 2.335623129900282063e-02 7.452771337778726912e-02 5.194124733026213303e-02 3.225934076503411685e-02 3.237330372087087599e-02 3.127941581297415813e-02 3.607272630580003053e-02 5.413047592299171512e-02 4.173453948504329131e-02 3.012400711583798976e-02 -4.672456635427447817e-03 1.787244952170589235e-02 -8.318597967054397122e-03 1.075933584214706570e-02 -4.070075810946685059e-03 -9.175771451790116703e-03 1.600996762021639945e-03 2.484999080254495299e-02 3.096399246240737115e-03 3.610336636289569658e-03 1.351371838266680545e-02 1.048433525567904478e-02 1.810417954992509654e-02 2.715965456575155593e-03 2.834083078838718281e-02 2.000421927543239581e-02 2.212597057324387773e-02 1.490546547295900498e-02 1.971432796631107653e-02 3.593359526114599245e-02 -6.161650711557232693e-03 -1.222580404959391562e-02 8.138754351878938961e-03 -4.048200696837039522e-03 3.145132528644563157e-03 5.612356891237625135e-03 1.599323872003087857e-02 3.402507901863694589e-02 4.359276043168397452e-02 2.014370635648512348e-02 1.065874124279620437e-02 2.835446379462795360e-02 -1.272462390016705809e-02 8.558589799907213511e-03 2.070682957685180889e-02 1.067628947365011419e-02 1.182454620980220687e-02 2.457877958922588535e-02 1.457493749014402221e-02 1.294925886127951641e-02 3.116567022741690424e-02 1.932608879646348018e-02 2.445672634879017190e-02 2.160964577519334726e-02 1.112368133002504013e-02 3.688905818931120795e-02 2.722285213080520919e-02 1.371856098526077691e-02 1.608285317686744542e-02 1.523448829012279473e-02 6.667256306076124392e-03 6.750066493199310264e-03 1.489858405017681874e-02 2.588935832644300838e-03 9.872480294518138494e-04 8.104462335468659573e-03 8.996554680938883761e-04 1.978512649274568984e-03 7.826423705339029258e-03 1.285329837396056996e-03 4.120173819829018452e-02 -3.202569861594125201e-03 1.059960839065634663e-03 -2.651747512790850235e-04 1.366038036764965005e-02 1.074699776847441376e-02 2.701516660997352066e-03 2.250319768596153319e-02 3.740985044296604028e-02 1.743190252478779914e-02 1.697792875699047702e-02 1.532782259790523537e-02 5.491721826386187534e-03 -1.655892358602563180e-03 7.613465577365642091e-03 1.025962067747883920e-02 1.556990747960013480e-02 2.552129353898202613e-02 2.936621318164611347e-02
8.336936972803453416e-02 1.000000000000000000e+00 5.619599358295118002e-02 7.957230463847735080e-02 8.497153094033321752e-02 9.205804690741552221e-02 1.500380592620333131e-01 1.311933783505816742e-01 1.506853606597015893e-01 1.713273899185951965e-01 1.469254004680226600e-01 1.435590023843111573e-01 1.087149354157670444e-01 1.430158591625446396e-01 1.544935030657379194e-01 1.390577947758531718e-01 1.461409985502310493e-01 1.039644664322851436e-01 1.103028923573884656e-01 1.234982233671879787e-01 6.322635835098887325e-02 1.250336647769652587e-01 1.581736874384261915e-01 1.045918422783211760e-01 1.188070978014326567e-01 1.842832852061015159e-01 1.517975745357656725e-01 1.713809859716184381e-01 1.745814930467565196e-01 1.875625534999301736e-01 1.746551403146403558e-01 1.915577088051045040e-01 1.750838406685283344e-01 1.686445545949178393e-01 1.701381049001237378e-01 1.574707438735921117e-01 1.529149677159992171e-01 1.775997887169313838e-01 1.694339162368904139e-01 1.719161858431620948e-01 1.660340645178272623e-01 1.668062485880460744e-01 1.296925308968502055e-01 1.407606401577106148e-01 1.495626150194941661e-01 1.627843572279883133e-01 1.590102999770717229e-01 1.667736170681134167e-01 1.482640456480060209e-01 1.487494259772916827e-01 1.578989347264725396e-01 1.139792351486523803e-01 1.263596055327938228e-01 1.585986776266049003e-01 1.506864737539594656e-01 1.725621764439499439e-01 1.219697505834479445e-01 1.412199440498181913e-01 1.398416205951698299e-01 1.499503228132633981e-01 1.343735905881500436e-01 1.340371536034231925e-01 1.316978971683799571e-01 1.402061931568405195e-01 1.422963685079674800e-01 1.337666828557890486e-01 1.648048910453321636e-01 1.551060172748698340e-01 1.747117415693794640e-01 1.518680034254694111e-01 1.466136731868622478e-01 1.551234828715933600e-01 1.565797975433675382e-01 1.436855364872009766e-01 1.672300623698334543e-01 1.661215134941957661e-01 1.628097079476621967e-01 1.666495855375194068e-01 1.703567157642163488e-01 1.744379436634281855e-01 1.665027255739135736e-01 1.693005114823623591e-01 1.640307677057125935e-01 1.749951494735319524e-01 1.677298127748965417e-01 1.651081846257930752e-01 1.623430830673742997e-01 1.669682323044290317e-01 1.690677294672004727e-01 1.643254898829139277e-01 1.655703238500225161e-01 1.702668946086492441e-01 1.641408750929530536e-01 1.668928227538931108e-01 1.662894786820597881e-01 1.651912728844263656e-01 1.512168688948613005e-01 1.229419973785844805e-01 1.573392635298750952e-01 1.680205421212225270e-01 1.558537461864659690e-01 1.469602125102587031e-01 1.418338096561399531e-01 1.534008614761633027e-01 1.469410630437134879e-01 1.323361291964477437e-01 1.537692056831884979e-01 1.639486527489369960e-01 1.577693420365452737e-01 1.651486552341091818e-01 1.592403834906258864e-01 1.572510766250559688e-01 1.515604144354173732e-01 1.525157134823981742e-01 1.543906988423744686e-01 1.422914374145628769e-01
5.543996309990616850e-02 5.619599358295118002e-02 1.000000000000000000e+00 3.498302515892638964e-01 2.164909388797327250e-01 2.208019746657740867e-01 3.369852672981111796e-01 3.080301666556191642e-01 3.597586606419130861e-01 3.285883807706783122e-01 3.723730591263545442e-01 3.903447645968723956e-01 3.480440249186870227e-01 3.522289561509379108e-01 3.848632380778107542e-01 3.741697481953791260e-01 3.758592486569662938e-01 3.463014572311143291e-01 3.698210053894134264e-01 3.322850418125201655e-01 3.664045331015921003e-01 3.822069725020564301e-01 3.633528762833111991e-01 3.479914650585569369e-01 3.788890207713625502e-01 3.832285454880803854e-01 3.899094110568897542e-01 3.792827047852103672e-01 3.743216673703684827e-01 3.811268267408989274e-01 3.972299501691891610e-01 3.809215465794498767e-01 3.769741769547891308e-01 3.887575512789828158e-01 3.818056762347722954e-01 3.970617095441604794e-01 3.953029107129564235e-01 3.677043449775000417e-01 3.830554354943369599e-01 3.690359502234065725e-01 3.813536458723533751e-01 3.824758577597071607e-01 3.806743516726145971e-01 3.854859369670181057e-01 3.973477666908689088e-01 3.808409815971378620e-01 3.776775460754433489e-01 3.876149073611659945e-01 3.841587990514085393e-01 3.829319482231011151e-01 3.850599560696440493e-01 3.975403691914661253e-01 3.908804983644821318e-01 3.854368616437220951e-01 3.851078283626646614e-01 3.854959086281418146e-01 3.859931259569423512e-01 3.761700156209407675e-01 3.682537432531842181e-01 3.837275959262858027e-01 3.842415953330101108e-01 3.762412823724802236e-01 3.789316682595817443e-01 3.864580873894727930e-01 3.904934875203966427e-01 3.884159423625987984e-01 3.905216583983392997e-01 3.906215639911079784e-01 3.929749203579983030e-01 3.923152122855352864e-01 3.946709324999764235e-01 3.936115735391642056e-01 3.878440177615018469e-01 3.919936388693114893e-01 3.933822002338681068e-01 3.886097957954082749e-01 3.898014703956736438e-01 3.891062075755382654e-01 3.835002787532384994e-01 3.871757956026304348e-01 3.891794828443094767e-01 3.935257541046968122e-01 3.943436046022686381e-01 3.881309990190570103e-01 3.842262091048191941e-01 3.916600075561160188e-01 3.954739642419431433e-01 3.839426293803938073e-01 3.825550942182733838e-01 3.869168629699887285e-01 3.857286911653560746e-01 3.849107917369503085e-01 3.902675923903021205e-01 3.847295101993686295e-01 3.835070059711025992e-01 3.838865235612695659e-01 3.850532454135174310e-01 3.920396206151046115e-01 3.845840431694154682e-01 3.840680473060330558e-01 3.868771262787499277e-01 3.873395222424191875e-01 3.935080888565205548e-01 3.879612703427813281e-01 3.978420450330812930e-01 3.903457944034427474e-01 3.883477768688881615e-01 3.854125241566054849e-01 3.880175819749906996e-01 3.821408271889534802e-01 3.826314977368006076e-01 3.854959671502494745e-01 3.862321462005359196e-01 3.895342085318976855e-01 3.896906806781674226e-01 3.929878727559399931e-01
-4.767646189681590263e-03 7.957230463847735080e-02 3.498302515892638964e-01 1.000000000000000000e+00 3.285519974573173907e-01 3.957976818326449653e-01 5.388977379978516780e-01 5.203937415648139941e-01 5.506470745526447219e-01 5.041491114033345156e-01 5.688858194541049906e-01 6.203911323941546652e-01 5.386607292557133997e-01 5.405029094360466191e-01 6.171045739823209919e-01 6.047748007800890502e-01 5.696875992440595393e-01 5.228754580817899233e-01 5.635092164201008780e-01 5.806674426270571621e-01 5.587396104490713888e-01 5.767971644562469580e-01 4.987895484402408708e-01 5.180848341202725083e-01 5.615543372341583739e-01 5.612360960806254129e-01 5.815557195947780311e-01 5.779912094925758748e-01 5.218427882763542192e-01 5.558477451610969178e-01 6.088450706725101469e-01 5.925930720515828476e-01 5.421756208342081162e-01 5.977840252214617900e-01 5.530784396491754684e-01 6.019034238953197002e-01 6.044865745331688967e-01 5.842162135645122545e-01 6.001111353240649038e-01 5.814575651372850817e-01 6.079084952167503886e-01 6.024914872170450408e-01 6.133247294617785172e-01 6.201600027794471615e-01 6.179509487600568507e-01 5.973724884142662672e-01 6.144612146498038552e-01 6.148004498067628498e-01 6.161158389412445535e-01 6.137043099318256756e-01 6.097168651244087023e-01 6.433847368162355362e-01 6.300499801845887982e-01 6.019921761045572417e-01 5.852378800182931329e-01 6.012774684174585493e-01 6.044424306893175780e-01 6.091163712597394975e-01 5.936174499967211693e-01 6.181644158249602894e-01 6.170440164250050596e-01 6.052822369857651097e-01 6.005962272585060324e-01 6.229509309824424745e-01 6.157281598953079360e-01 6.166512979970270036e-01 6.188869125606302202e-01 6.114375811455001752e-01 6.077316810162712857e-01 6.291782045993422612e-01 6.185981499965614860e-01 6.193763402268870344e-01 6.081351483569016336e-01 6.146959424543382289e-01 6.154028179211604721e-01 6.205959814182845369e-01 6.139262386499637625e-01 6.046500488523373074e-01 6.026669290115153066e-01 6.039859522815445025e-01 6.141518164660995094e-01 6.187156479996892555e-01 6.181358866013321185e-01 6.085071426250624471e-01 6.235593813042169531e-01 6.264170868337799458e-01 6.255626907115668933e-01 6.206531065352243193e-01 6.158090671360594293e-01 6.162556994614045713e-01 6.228793195362318791e-01 6.178244332512250470e-01 6.253981217682311744e-01 6.204562502575730054e-01 6.181491293988784497e-01 6.165224865640116514e-01 6.337524668804760397e-01 6.257305808336497410e-01 6.261352148088272784e-01 6.247706360693831007e-01 6.275258479808242251e-01 6.244181175875913592e-01 6.359632732554538759e-01 6.253600823215488269e-01 6.394030459143555944e-01 6.174721883365925645e-01 6.276001786681302264e-01 6.153120720955509437e-01 6.180620841667060494e-01 6.158405211509073718e-01 6.184745493061353239e-01 6.209519031273105227e-01 6.253582269913231517e-01 6.256677368789284044e-01 6.243264297095363347e-01 6.286873442473536189e-01
-3.001919250977102844e-03 8.497153094033321752e-02 2.164909388797327250e-01 3.285519974573173907e-01 1.000000000000000000e+00 3.209335718510185620e-01 4.570932390632826414e-01 4.396023286416303466e-01 4.555977342756737380e-01 4.197409206375634638e-01 4.754854280124545807e-01 4.882431072502539382e-01 4.737714597880394174e-01 4.694693051769143199e-01 5.091473119911064105e-01 5.057915372229740969e-01 4.851265027388797502e-01 4.693895725269594532e-01 4.764626830721320760e-01 4.241502705197599532e-01 4.496204765229528943e-01 4.769281099981865779e-01 4.532669698065169284e-01 4.336130751583399667e-01 4.677568017438425430e-01 4.877272648048755488e-01 4.862831344173056403e-01 4.924818770089968711e-01 4.572399842506017498e-01 4.840000427832060748e-01 5.092471787097899716e-01 5.059591758988220001e-01 4.727201359110203560e-01 4.948110328247978806e-01 4.752112374655106941e-01 5.018678777407746816e-01 5.130732349558708716e-01 4.940377218129917147e-01 5.155954648080899316e-01 4.921205450532871728e-01 5.084901456534113295e-01 5.119244171417484113e-01 5.047925011317832000e-01 5.163973348802096686e-01 5.133863407152676750e-01 5.097029147238547608e-01 5.116448878581932869e-01 5.173870207271166199e-01 5.073538825894970961e-01 4.974273987754739279e-01 5.071458082787722033e-01 5.003152229039843357e-01 5.039696845801417968e-01 5.082458787606546347e-01 5.071781773885807310e-01 5.170605335590363616e-01 5.054834307388162973e-01 5.154544186281280194e-01 5.041696436697450379e-01 5.140554621291871795e-01 5.118710261450165611e-01 5.068976419874337003e-01 5.084676655203085316e-01 5.087667938744256935e-01 5.169959515115668536e-01 5.165265842298699672e-01 5.153522130201253493e-01 5.167475926112871099e-01 5.112242062407600374e-01 5.130410049871160227e-01 5.160374425966076650e-01 5.159265817815655852e-01 5.075991683686940092e-01 5.128688252808051296e-01 5.149093608529584642e-01 5.164609530559701733e-01 5.130331539022342513e-01 5.069891974680099667e-01 5.119748044884864235e-01 5.083163185226730052e-01 5.100955766252482926e-01 5.137101236363069701e-01 5.138831184097991667e-01 5.100037785588962258e-01 5.077113176718952570e-01 5.115956828004107892e-01 5.174594720228145039e-01 5.131221045190730301e-01 5.155330179669630475e-01 5.169415293375493325e-01 5.117017836812095544e-01 5.170756079196043853e-01 5.140685707187850895e-01 5.144440230918160273e-01 5.147264443045882487e-01 5.154097158559785008e-01 5.068270342683539598e-01 5.029191576950686748e-01 5.112040836067588412e-01 5.149193200254323921e-01 5.162268665473425111e-01 5.136423995615024829e-01 5.139770866328040588e-01 5.158305171969378433e-01 5.163921099244933588e-01 5.060703836563563707e-01 5.131032989303997427e-01 5.140884851260366650e-01 5.157907008287513362e-01 5.169147031617532528e-01 5.166674650397773405e-01 5.165898744816528332e-01 5.137160955415144281e-01 5.157686113818514828e-01 5.160737552435251674e-01 5.177599822331672152e-01
5.018788548420874407e-02 9.205804690741552221e-02 2.208019746657740867e-01 3.957976818326449653e-01 3.209335718510185620e-01 1.000000000000000000e+00 5.441764536380591100e-01 4.866388625417959468e-01 5.046137805509923746e-01 4.776365776306658040e-01 5.180178042521701443e-01 5.541169928462043037e-01 5.102223484548555898e-01 5.274918083153949944e-01 5.777551406235038600e-01 5.636346020669582568e-01 5.359005252654096552e-01 4.721769811915113024e-01 5.249904728756812355e-01 4.883176367295745668e-01 4.586760323570645004e-01 5.180144945335652951e-01 4.734646745263065837e-01 4.466579997622749931e-01 4.988933056228441187e-01 5.185755629086169494e-01 5.352514846904442569e-01 5.550643778564575692e-01 4.775067321973655021e-01 5.239834733099093533e-01 5.639279812113299206e-01 5.503342942267973603e-01 5.444432019695726321e-01 5.446830926873300616e-01 5.244986962855269219e-01 5.470983006037711815e-01 5.642842514408784593e-01 5.572622862302686331e-01 5.681687487711020168e-01 5.483783706444538275e-01 5.788850678031902675e-01 5.815279940799961134e-01 5.718489145639576998e-01 5.800873787418936445e-01 5.751096296181099632e-01 5.720332325413121088e-01 5.872223908628925182e-01 5.825227992843802216e-01 5.735540620734500550e-01 5.457389369701078907e-01 5.665447891035930716e-01 5.659798186841291656e-01 5.793570230093693096e-01 5.769628455210445983e-01 5.566627640371776264e-01 5.719217595069290283e-01 5.541990395710876260e-01 5.823501926773736459e-01 5.640722221673319936e-01 5.883757358576126029e-01 5.871007387037642244e-01 5.770624522666715217e-01 5.630852144955914573e-01 5.731282929498769940e-01 5.805800038786038675e-01 5.766609339768019593e-01 5.897225913904993178e-01 5.779176360770357235e-01 5.724465186130925920e-01 5.793928113823254566e-01 5.751981052267223227e-01 5.833208459505597743e-01 5.633817476621763021e-01 5.755216526207338479e-01 5.838617893248219115e-01 5.849723029916595873e-01 5.877270393586606634e-01 5.699591270384318786e-01 5.768905048796492130e-01 5.726674685642723084e-01 5.843341105665748048e-01 5.829901610011956059e-01 5.829485582825525425e-01 5.833657101955783686e-01 5.848549748167755080e-01 5.830384023483876632e-01 5.882580566390182009e-01 5.921789826961183500e-01 5.949683078144196724e-01 5.862022992361110019e-01 5.965038334995759195e-01 5.931524732792500254e-01 5.910237226391744647e-01 5.940434373974211590e-01 5.903997154111346735e-01 5.930984845271538575e-01 5.839048992332329657e-01 5.634372865551465770e-01 5.848193552860173616e-01 5.924920792674587267e-01 5.922173034810530590e-01 5.854266189993100333e-01 5.939260401182245852e-01 5.914347921980123157e-01 5.909303767930712548e-01 5.692497872869790587e-01 5.846819440006624236e-01 5.897073841774896907e-01 5.825605766278809661e-01 5.847569350164595336e-01 5.887801205650081693e-01 5.895101242707002642e-01 5.914939178081652926e-01 5.867822514036594717e-01 5.887149652691089363e-01 5.876447428688903463e-01
5.389418506759073926e-03 1.500380592620333131e-01 3.369852672981111796e-01 5.388977379978516780e-01 4.570932390632826414e-01 5.441764536380591100e-01 1.000000000000000000e+00 7.088710813231883234e-01 7.293814540420289205e-01 7.110405400723691649e-01 7.597170822182035543e-01 8.038018027675485344e-01 7.292722525752606266e-01 7.598457142490646632e-01 8.450960917863433730e-01 8.180447353503884633e-01 7.569712559382592021e-01 7.370796574661608869e-01 7.721363121997341095e-01 7.271806168101542234e-01 7.130500919695602624e-01 7.779047554233564643e-01 7.308029405722217264e-01 7.052404362241267988e-01 7.653471730308020193e-01 7.907443258768823702e-01 7.971451888093729066e-01 8.258232601761554825e-01 7.510193105870833774e-01 7.909270794927582005e-01 8.315791041678334272e-01 8.242987303960171985e-01 8.015604170306118714e-01 8.130665610519163256e-01 7.845889592776187360e-01 8.075842664551939887e-01 8.330253161920043725e-01 8.263247270216799167e-01 8.441397057945655424e-01 8.334288247742352995e-01 8.379429507981712710e-01 8.442221355664261129e-01 8.294625066764096388e-01 8.424350041585561000e-01 8.361964309991636313e-01 8.416392108820658358e-01 8.339629324221511375e-01 8.381543909939511705e-01 8.217763323153884913e-01 8.058854458835766899e-01 8.326734921649294741e-01 7.953978163743961050e-01 8.132156023791116128e-01 8.236892520786461835e-01 8.160443396443675113e-01 8.397255143383016707e-01 7.965259754977668250e-01 8.240649594718842952e-01 8.180338029380159748e-01 8.289945466220004500e-01 8.309168092174087361e-01 8.166802259541177111e-01 8.140854863068794911e-01 8.198783167147979389e-01 8.186311329785983526e-01 8.107628222712577326e-01 8.401692508213499666e-01 8.381704159072150828e-01 8.386977880963411014e-01 8.426360270413926212e-01 8.368130131529956106e-01 8.372466522013984891e-01 8.272159247318605635e-01 8.317924950779259641e-01 8.394036919227813032e-01 8.423670536272127585e-01 8.450754197764555053e-01 8.251226317202766669e-01 8.385272879648397737e-01 8.273799098014926745e-01 8.425622405456174580e-01 8.422020232036309118e-01 8.372318120509945061e-01 8.361887807182740717e-01 8.397451355812778351e-01 8.411317113502198017e-01 8.477487907981360316e-01 8.479030059872727509e-01 8.473217779103622282e-01 8.441014662298648163e-01 8.549949689947357045e-01 8.495559949736845029e-01 8.480128013999443937e-01 8.500347445877040053e-01 8.405693175911546078e-01 8.415637639613664511e-01 8.383888634042453436e-01 8.051989950568393395e-01 8.381796789696498440e-01 8.491501292765494258e-01 8.466642524271384973e-01 8.335184684230930729e-01 8.304125347798186896e-01 8.425687349100848822e-01 8.359810015814302941e-01 8.129029145671210488e-01 8.341482807352689210e-01 8.370044839418413485e-01 8.384698396550284150e-01 8.398756308800661152e-01 8.419923905818942345e-01 8.369775849631717612e-01 8.356138873682007473e-01 8.355531962213462727e-01 8.346292999539125512e-01 8.264253764907645294e-01
-6.531507296783730168e-03 1.311933783505816742e-01 3.080301666556191642e-01 5.203937415648139941e-01 4.396023286416303466e-01 4.866388625417959468e-01 7.088710813231883234e-01 1.000000000000000000e+00 7.188861318336196016e-01 6.525986008597863819e-01 7.134809814405596029e-01 7.751813513892076291e-01 7.078158550557911433e-01 7.262662128770256409e-01 8.019104114977115838e-01 8.047251928003357202e-01 7.225285785825119600e-01 6.757320454736467363e-01 7.235633203294535853e-01 6.697212858947119152e-01 6.741487272830644084e-01 7.429986846364314834e-01 6.793811448093136640e-01 6.393249435509149592e-01 7.102571668290182938e-01 7.394520374305414423e-01 7.582748145279905039e-01 7.648483805882074771e-01 7.180318596168625556e-01 7.452781714980375449e-01 7.856479870060321113e-01 7.728972239393326893e-01 7.474923844431090592e-01 7.638783391041248372e-01 7.474361315743867085e-01 7.634959588084736515e-01 7.815536209422883074e-01 7.956837322756400432e-01 7.993617443753148200e-01 7.729881699554460583e-01 7.898295794450040930e-01 8.033253866775998953e-01 7.962190964740140098e-01 8.093973885286070979e-01 7.983845007410389494e-01 7.978854297044858379e-01 8.060480394630787915e-01 8.075638394996810243e-01 8.082533807632125145e-01 7.919340285173397387e-01 8.070294506469380957e-01 7.702738816721963477e-01 7.935959288758797081e-01 8.032807566302048174e-01 7.963379277214888141e-01 7.966219202789689424e-01 7.958439253506172095e-01 8.087603253512265500e-01 8.107260089477169585e-01 8.103143859164196883e-01 8.079753658842009356e-01 8.083417163055374166e-01 8.045924418841557957e-01 8.110712862098645726e-01 7.982196887142994912e-01 7.970671118372937292e-01 8.104448805316376570e-01 8.010453236479121442e-01 7.946078652403354425e-01 8.020129813012162323e-01 8.021228932825782421e-01 8.033146968680691113e-01 7.803872557711228897e-01 7.909656869324618311e-01 8.034766421390791002e-01 8.047809463652147999e-01 8.060831882663865855e-01 7.955044671757290908e-01 7.968062338713589599e-01 7.994678678706717001e-01 8.050918745309921798e-01 8.071527617761042883e-01 8.014226600276400658e-01 8.016563845837023639e-01 8.051750901198666543e-01 8.010276159475007152e-01 8.088659734924816824e-01 8.089724456762823479e-01 8.097024549749792799e-01 8.039274895947796651e-01 8.054398357228138572e-01 8.085038714331546084e-01 8.075993961263748799e-01 8.111519855410288526e-01 8.084894129984943056e-01 8.097215911972580615e-01 8.069444019811033986e-01 7.995838271234256833e-01 8.111485222647493165e-01 8.124796130140973238e-01 8.118306133967867488e-01 8.130997595943156853e-01 8.066237839359394757e-01 8.114503738386248388e-01 8.060439019988338005e-01 8.007030011876582476e-01 8.117136409481497950e-01 8.075550791970560471e-01 8.080893425165101007e-01 8.088268017457860282e-01 8.115302033474397492e-01 8.124892901535503142e-01 8.120950250330590814e-01 8.125739382135410693e-01 8.076705228901389644e-01 8.071288798182771895e-01
7.677458523200593465e-02 1.506853606597015893e-01 3.597586606419130861e-01 5.506470745526447219e-01 4.555977342756737380e-01 5.046137805509923746e-01 7.293814540420289205e-01 7.188861318336196016e-01 1.000000000000000000e+00 7.345853900375467482e-01 7.895821011769906805e-01 8.345689091150104710e-01 7.667873584720996671e-01 7.730437068771779385e-01 8.467489544490901521e-01 8.420966312255970809e-01 8.110046846839232826e-01 7.537894275234217067e-01 7.934148914445158240e-01 6.959571091824316991e-01 7.429330743337976273e-01 8.172941218655562778e-01 7.785333317517946217e-01 7.158385104471758353e-01 7.902562137738593506e-01 8.298899181403610603e-01 8.428439815251966838e-01 8.394642188448374620e-01 8.190231810299727355e-01 8.457190415714572751e-01 8.647194021084334548e-01 8.523931814615041125e-01 8.138257531816698309e-01 8.387939672977912098e-01 8.318851994742395561e-01 8.345599576581832491e-01 8.479342024508075282e-01 8.550530843994277319e-01 8.692556850466912621e-01 8.167567602358153378e-01 8.614115431519977495e-01 8.608120134933253675e-01 8.454463027087234517e-01 8.691353229643952183e-01 8.630510183775648159e-01 8.634226026664441056e-01 8.698746840218315457e-01 8.774171380857211933e-01 8.717829103188862172e-01 8.528429474280228018e-01 8.696530958388540844e-01 8.379659286132128404e-01 8.616258084384698090e-01 8.806678586800449349e-01 8.709991525813965962e-01 8.632480757702397645e-01 8.726742637311944994e-01 8.678488712197784949e-01 8.672358630164672677e-01 8.744584635815257911e-01 8.672629325000320577e-01 8.709621100177483699e-01 8.692570231847591700e-01 8.747480248899859312e-01 8.742036712301729517e-01 8.785505243789418772e-01 8.760498044639163373e-01 8.701970994811996096e-01 8.702247503749092061e-01 8.644836757396610061e-01 8.724302262646631556e-01 8.753691497226752105e-01 8.528745349724681235e-01 8.640941011697144125e-01 8.785667247739268326e-01 8.753171271464892378e-01 8.756330480206806488e-01 8.773215520246092636e-01 8.681408745910268454e-01 8.781888184784227835e-01 8.728419103367818233e-01 8.773539471094057296e-01 8.735500926307818714e-01 8.754194878318694029e-01 8.670738448925235931e-01 8.698188024016713094e-01 8.712643016199762558e-01 8.698733843882354710e-01 8.718690508797375394e-01 8.698727525964227159e-01 8.617483566502261993e-01 8.704623935170829885e-01 8.710311405148424280e-01 8.707744992341261980e-01 8.718634273431030701e-01 8.749155231203593619e-01 8.595037315396715227e-01 8.695327634243004145e-01 8.672560595625056212e-01 8.672929466643982677e-01 8.682464272144723161e-01 8.752937972401111377e-01 8.696330963156052585e-01 8.731962842669034330e-01 8.733168532577983978e-01 8.745448628709896477e-01 8.775276331230894566e-01 8.767612119033101337e-01 8.760436556955003562e-01 8.739773687272786029e-01 8.716651615518520302e-01 8.768897318261386076e-01 8.754729379632700814e-01 8.778830845018003037e-01 8.774053408675452914e-01 8.782307179257058394e-01
4.259649358821025050e-02 1.713273899185951965e-01 3.285883807706783122e-01 5.041491114033345156e-01 4.197409206375634638e-01 4.776365776306658040e-01 7.110405400723691649e-01 6.525986008597863819e-01 7.345853900375467482e-01 1.000000000000000000e+00 7.347315766598101483e-01 7.705896195076126221e-01 7.048995833909809106e-01 7.287562477451702270e-01 7.921658312842135841e-01 7.749305570005480259e-01 7.502948534277248394e-01 6.953598661838211736e-01 7.324107417483802784e-01 6.665873910222592791e-01 6.611110214983715316e-01 7.502455858680091572e-01 7.348006296883500266e-01 6.763207233728345535e-01 7.329522754499182557e-01 7.895644817833483708e-01 7.910460435764646858e-01 7.894955382455952630e-01 7.596673245636789140e-01 7.910018016802700114e-01 8.146342801984088888e-01 8.101090428521335873e-01 7.767327128176342299e-01 7.924464542932554423e-01 7.817209947183901830e-01 7.752761750935011076e-01 7.945445765808141214e-01 7.965871244680711172e-01 8.079018167452295396e-01 7.723231550773200782e-01 8.133688179520559558e-01 8.099802072765052152e-01 7.780289582673838300e-01 8.032395852094381672e-01 8.046519845830408801e-01 8.025062859996846543e-01 8.157136886350483396e-01 8.230787131097483389e-01 8.055925773549438285e-01 7.860840603026634232e-01 8.078620010994883582e-01 7.685134829835366110e-01 7.957707261896888040e-01 8.166531535229559768e-01 8.043245433053031190e-01 8.139082252555295272e-01 7.877821366182673479e-01 8.035182239286003947e-01 7.985145853519063364e-01 8.122583985562854547e-01 8.053806816270666635e-01 7.998031824031813786e-01 7.939657543086843239e-01 8.020515415732444309e-01 8.063513474067375286e-01 8.027485221225276746e-01 8.211576386740683242e-01 8.163722043275529749e-01 8.210289454945786103e-01 8.080553177680716015e-01 8.121875531298409223e-01 8.172929330469568265e-01 8.055920201407319459e-01 8.085300379602067267e-01 8.242428886742790839e-01 8.219210433263953730e-01 8.203030037236628269e-01 8.184475938858705168e-01 8.221311918582214773e-01 8.239142330201474351e-01 8.209433428519772313e-01 8.232529703271137533e-01 8.170650037211227845e-01 8.226823039976582930e-01 8.186267814479547544e-01 8.202599096206562024e-01 8.181450193023367401e-01 8.217030091329666774e-01 8.232980169491924682e-01 8.182501267811125301e-01 8.153319253270647771e-01 8.231603637396515127e-01 8.198558561576522186e-01 8.205981885200377413e-01 8.222296059782211453e-01 8.237748561685552806e-01 8.066377149019392512e-01 7.943655396124257306e-01 8.169811999969435190e-01 8.202593132629627526e-01 8.174591425308648240e-01 8.166235626438129724e-01 8.129113419870633850e-01 8.185240849612226421e-01 8.154662651894057923e-01 8.024813367035588119e-01 8.176348565786074607e-01 8.229901940978301411e-01 8.207650784640448949e-01 8.218591444672787016e-01 8.169399553026168714e-01 8.204007325947306750e-01 8.175097103719818348e-01 8.188540473606952252e-01 8.162212999781082168e-01 8.132419643234676254e-01
2.153261226970217337e-02 1.469254004680226600e-01 3.723730591263545442e-01 5.688858194541049906e-01 4.754854280124545807e-01 5.180178042521701443e-01 7.597170822182035543e-01 7.134809814405596029e-01 7.895821011769906805e-01 7.347315766598101483e-01 1.000000000000000000e+00 8.527742367328804418e-01 7.684738153007723005e-01 7.911564610012021825e-01 8.537702986410604655e-01 8.452069087003223347e-01 8.061236235041883136e-01 7.901914935661694672e-01 8.209040930110368395e-01 7.388764862751296958e-01 7.804872199411134748e-01 8.376664519430663258e-01 8.048596028902412769e-01 7.670393741645061825e-01 8.297182936393209252e-01 8.403624492823856817e-01 8.556132862070037204e-01 8.578668497356521927e-01 8.288164382621677762e-01 8.538625624219993160e-01 8.810982876330583080e-01 8.742010669412055845e-01 8.437109955999072541e-01 8.666507292480097879e-01 8.426849458545510041e-01 8.593467426529273201e-01 8.705471761865033464e-01 8.649242593359450781e-01 8.812397957688000716e-01 8.545565602585962761e-01 8.752920902919599788e-01 8.766209617428689649e-01 8.601235822418625832e-01 8.804761928148852057e-01 8.834320643314450550e-01 8.736275952182890325e-01 8.728345783036620675e-01 8.784076713629470623e-01 8.753752681034877581e-01 8.617307562909932717e-01 8.770946525674071514e-01 8.507839487775484821e-01 8.670147139591231067e-01 8.750909385069394197e-01 8.715719352797776098e-01 8.835252305730415534e-01 8.613057166602865466e-01 8.667977566324713834e-01 8.657193156163883740e-01 8.734201760823919747e-01 8.737251556027307853e-01 8.685250489783634675e-01 8.644220448096155973e-01 8.706877113404938306e-01 8.678433168798426189e-01 8.645168505186421326e-01 8.822378868526944418e-01 8.858093497239296621e-01 8.878018022478161297e-01 8.801187550384682590e-01 8.858931740412145928e-01 8.851543404347591570e-01 8.780767235197074472e-01 8.832621912832883115e-01 8.860904403473836011e-01 8.843331711539629270e-01 8.822158414638515689e-01 8.825511322647777712e-01 8.793528751721072512e-01 8.788393345943096291e-01 8.831512956401307290e-01 8.840005930577601312e-01 8.802270169607957495e-01 8.825738867070020977e-01 8.803073494948460143e-01 8.860985911334925413e-01 8.866007403947353538e-01 8.802632620192530899e-01 8.850007029939809255e-01 8.828323899271041109e-01 8.816374321148708892e-01 8.816875639875494386e-01 8.838339174022029621e-01 8.826022096092664970e-01 8.776604886655500204e-01 8.805695818038895561e-01 8.747877875536580472e-01 8.616591185446715873e-01 8.763074509174876292e-01 8.806705330599824411e-01 8.824551986183943875e-01 8.782593352603430548e-01 8.770152567641653629e-01 8.799559630895177342e-01 8.810844321481295927e-01 8.699900653540951767e-01 8.786601769574649001e-01 8.796530994409171855e-01 8.822746418009111968e-01 8.799539646685908822e-01 8.781370301467482653e-01 8.781966360451329834e-01 8.785826548706324735e-01 8.799280666735308509e-01 8.770094490407032151e-01 8.757153422515170371e-01
1.016214085783947660e-02 1.435590023843111573e-01 3.903447645968723956e-01 6.203911323941546652e-01 4.882431072502539382e-01 5.541169928462043037e-01 8.038018027675485344e-01 7.751813513892076291e-01 8.345689091150104710e-01 7.705896195076126221e-01 8.527742367328804418e-01 1.000000000000000000e+00 8.184033242536401520e-01 8.416594848803018447e-01 9.206321793592020519e-01 9.103771755124537846e-01 8.488304296719791919e-01 8.113638977283533782e-01 8.597148110964989431e-01 7.860842464145848529e-01 8.161532294901112650e-01 8.786451909428556473e-01 8.099137503048097209e-01 7.854392340664309025e-01 8.563604855121065285e-01 8.749309195129058025e-01 8.934242728811334633e-01 8.966681402058344075e-01 8.518815058786097794e-01 8.843964305619704813e-01 9.252716322307876773e-01 9.069149774260050201e-01 8.673641920350205758e-01 8.981968076546769097e-01 8.754058433640495851e-01 8.948608984187302884e-01 9.135583178576548447e-01 9.166797456699976587e-01 9.250623332472950322e-01 8.894051391322844724e-01 9.255746801745693420e-01 9.265210068071898508e-01 9.174322930216580740e-01 9.366450060050062199e-01 9.319613340879276953e-01 9.252005534875697990e-01 9.344474676597047669e-01 9.364602697429269540e-01 9.310000902429641512e-01 9.118348212687804599e-01 9.322644281260130672e-01 9.081448730634031907e-01 9.253158867936375209e-01 9.321847344859166551e-01 9.263169775574036091e-01 9.247276561868228439e-01 9.213789173169422142e-01 9.318831965271024975e-01 9.287249369613764793e-01 9.365884644706331530e-01 9.391931644642836918e-01 9.337088877508953333e-01 9.275236596244688103e-01 9.321390497684786114e-01 9.290882262070500053e-01 9.275352265690635090e-01 9.376721174264167624e-01 9.355055329216338533e-01 9.293941332816307854e-01 9.373138223949882830e-01 9.404678966667001649e-01 9.397835367732785272e-01 9.209308876453501380e-01 9.315261904095692991e-01 9.364350207723107777e-01 9.384528671333262073e-01 9.358958001350270450e-01 9.315610232376186906e-01 9.292223709621842964e-01 9.322368267286731403e-01 9.371213712238803950e-01 9.388150579448363287e-01 9.315211927370140588e-01 9.322737929612672225e-01 9.325721860775716410e-01 9.357399020184988814e-01 9.399194936270557355e-01 9.365890774688425680e-01 9.376584119049453658e-01 9.343031224699757109e-01 9.338584280632810097e-01 9.372701545190507133e-01 9.388590206423625961e-01 9.387002144568298290e-01 9.366987650195534032e-01 9.383735882011078333e-01 9.300048633037232282e-01 9.222011565403130939e-01 9.341148855895975434e-01 9.377003651657856986e-01 9.373757394733943649e-01 9.382744190228060610e-01 9.367976561637469946e-01 9.403600527449772484e-01 9.395822674479417103e-01 9.273566232987686675e-01 9.384234873613185313e-01 9.358335132413888591e-01 9.387111228011481012e-01 9.360984223289438022e-01 9.373252958947726476e-01 9.392077368961522232e-01 9.396946533160797088e-01 9.390802994201605802e-01 9.374207370900808911e-01 9.378417241162599893e-01
1.163195880008001566e-02 1.087149354157670444e-01 3.480440249186870227e-01 5.386607292557133997e-01 4.737714597880394174e-01 5.102223484548555898e-01 7.292722525752606266e-01 7.078158550557911433e-01 7.667873584720996671e-01 7.048995833909809106e-01 7.684738153007723005e-01 8.184033242536401520e-01 1.000000000000000000e+00 7.707643607725687129e-01 8.452522339457985145e-01 8.343439384605418896e-01 7.730671217991361699e-01 7.251428042309668864e-01 7.689311769412233710e-01 7.068999214702109679e-01 7.201124739192829027e-01 7.837643017741441342e-01 7.248186707159067765e-01 6.891056161926688572e-01 7.578952008272848984e-01 7.955425127702604460e-01 8.109430231584096038e-01 8.152353013106531376e-01 7.686704331690148440e-01 8.029590349601786192e-01 8.395345484294555183e-01 8.230630147621115222e-01 7.891993477013015124e-01 8.100547652932800213e-01 7.965327254032372739e-01 8.119148190103349094e-01 8.288417576590132452e-01 8.344651614106121107e-01 8.415996185970202603e-01 8.041387946934646092e-01 8.422106204865043022e-01 8.478972509987861006e-01 8.349140762978283226e-01 8.510207575896950871e-01 8.458856049476607408e-01 8.437972539272133865e-01 8.570615709990820896e-01 8.595653550416642030e-01 8.548220707599374357e-01 8.278957692950742464e-01 8.479875013871950307e-01 8.282463566880658989e-01 8.458056062639091044e-01 8.557139635388212318e-01 8.454820003738492407e-01 8.426815644724826582e-01 8.466633437591751798e-01 8.544519315680897398e-01 8.516496604168750650e-01 8.613909991048159798e-01 8.576979103628643575e-01 8.548838716945050820e-01 8.510986095199364332e-01 8.552314995709798806e-01 8.550906608116743968e-01 8.581268312325877057e-01 8.571485508572029843e-01 8.505222537536107907e-01 8.442371388458390635e-01 8.509729967938899353e-01 8.522773403424481753e-01 8.548070352490508839e-01 8.318101684577857702e-01 8.414860173643647911e-01 8.551137363666941882e-01 8.548860979254730985e-01 8.555900630243857830e-01 8.486756886306304759e-01 8.480285828997486952e-01 8.519714827272590885e-01 8.559344186996765691e-01 8.567358565218937683e-01 8.519159412407506515e-01 8.507890314177630753e-01 8.489818716198835880e-01 8.485377448682625001e-01 8.570560248100691503e-01 8.551112373339626593e-01 8.569062476609192736e-01 8.529275946831657018e-01 8.513739599517351486e-01 8.567180748619538377e-01 8.584521240491376215e-01 8.579528324078956603e-01 8.580255220854652309e-01 8.592089976445831390e-01 8.465363081016789026e-01 8.481314336197877113e-01 8.563534655316633604e-01 8.544904345915163013e-01 8.564481799396944650e-01 8.587518247512173630e-01 8.610733125764413742e-01 8.590007598969754410e-01 8.589241490726039485e-01 8.529090986152492171e-01 8.613184215341390670e-01 8.590659604867945109e-01 8.603422238028390900e-01 8.578804570231326476e-01 8.576004740290777972e-01 8.631874395162772995e-01 8.607871461207761143e-01 8.616766251861838199e-01 8.604825980017402065e-01 8.634629174057959489e-01
