1.000000000000000000e+00 1.660008867150843670e-01 1.517421960726645369e-01 1.370725808218037911e-01 9.769325582000120550e-03 1.510430055535906925e-03 1.028506053751546828e-01 3.030915609748410788e-02 1.763720325786084231e-01 1.367485409112535744e-01 7.499477190013074945e-02 4.893816311300298177e-02 3.908211806094977203e-02 1.197662151148759166e-02 4.511250148499486301e-02 2.079964641399052044e-03 1.564461078050780329e-01 1.170614855083044609e-01 1.033383282251408020e-01 3.336751192254888004e-02 1.164263759783850244e-01 1.123334224622763999e-01 1.324124431506001065e-01 1.079834314943812212e-01 9.534986006500587030e-02 1.528853594264314442e-01 1.403284773705468780e-01 1.319434143053356545e-01 1.607590909294916159e-01 1.511401853295802344e-01 1.067714479078092638e-01 8.194368512028371576e-02 8.840455496879418007e-02 7.166005033491698595e-02 9.413878745272649673e-02 6.571914012668476912e-02 7.628938738385916685e-02 6.632940887956964571e-02 7.365295341157974962e-02 3.916087822330154705e-02 5.625556015472614468e-02 4.371433320049848692e-02 3.736592304508868506e-02 6.151298363521139068e-02 6.768798866819582261e-02 5.833080391589221675e-02 1.671403136432935560e-02 3.946388962357703922e-02 4.394732364731988861e-02 5.523595801647395581e-02 6.742586724608445881e-02 4.603887520733273425e-02 5.032922299968046326e-02 6.985961836030894767e-02 7.608541389239814601e-02 7.072617546938608779e-02 1.106267648945908622e-01 3.648217241819787238e-02 5.128857209735100675e-02 5.292068510827600131e-02 3.055415205465200623e-02 7.342814307347400593e-02 6.072272751166937071e-02 8.094476176518310140e-02 8.041523795625121762e-02 7.893580248572321101e-02 4.087211438143847214e-02 3.465574313331032386e-02 4.325693528905825980e-02 6.518664725792065739e-03 3.829522166468556088e-02 4.517185886473468193e-02 3.888887626313402429e-02 3.562262027250150120e-02 5.267158950908792242e-02 4.112632488516667489e-02 4.965013346781822767e-02 6.969461459176533313e-02 5.340039137357053406e-02 5.352305942191283583e-02 4.521029975267644441e-02 4.732109142319850664e-02 6.300463772198604262e-02 3.846475487217565492e-02 2.113745496845260974e-02 3.234134131756797453e-02 2.897776090176566732e-02 2.166015045521503188e-02 3.209923687786986335e-02 4.438155271992372253e-02 1.814016912679563415e-02 1.710889387047775934e-02 2.800361706523770561e-02 2.512935043464081808e-02 4.556846820408423301e-03 2.161194215916160608e-02 2.353676439994519670e-02 5.287919833768960770e-02 1.858530175566093512e-02 2.024740551187123941e-02 7.729763907149948647e-03 2.720181190651468905e-02 2.336601162825285502e-02 1.896060907713413915e-02 2.771926471976644824e-02 6.125960307486486706e-02 3.475194956935732937e-02 2.254095348202448182e-02 3.232923328863555879e-02 2.270308450864771260e-02 1.153304023878884248e-02 2.135461923028900144e-02 3.282815914534207430e-02 4.136277065252115526e-02 5.637530034972611931e-02 3.686680522099378132e-02
1.660008867150843670e-01 1.000000000000000000e+00 1.191154564656966425e-01 1.327164101498133075e-01 1.074055896752373479e-01 1.133643695447124067e-01 1.689622993136708773e-01 1.204182328562208720e-01 2.049782196286064895e-01 2.041291225290146893e-01 1.573312392944914428e-01 1.768819895269236608e-01 1.428473293134341071e-01 1.417073175044820665e-01 1.749271505613005373e-01 1.551825503510963211e-01 1.893059388318217851e-01 1.427890884632961321e-01 1.417476522015267415e-01 1.574375414372232163e-01 1.187898165337409606e-01 1.442755225166238442e-01 1.387369959896278815e-01 1.194413751061869922e-01 1.441673645591135533e-01 1.906197402719833900e-01 1.698105354621025076e-01 1.881711473257845213e-01 1.868539015722369134e-01 2.039896969915451774e-01 1.746948782065122774e-01 1.791487519304492682e-01 1.675787585296116544e-01 1.520113237512483728e-01 1.781285132065879295e-01 1.534154655214033935e-01 1.723697596621426575e-01 1.592063996831638295e-01 1.623485588708903637e-01 1.381632050775138676e-01 1.798620402547737307e-01 1.676790581148750736e-01 1.525035029210203563e-01 1.724614947855046265e-01 1.627540761034916572e-01 1.612815231122788906e-01 1.706146609486414167e-01 1.776642723804948421e-01 1.646415386113871948e-01 1.368490909949767464e-01 1.636019189434457233e-01 1.327498462036125759e-01 1.690126617881078930e-01 1.784189377561426482e-01 1.847840056349353555e-01 1.897500731933573215e-01 1.664647422311292257e-01 1.637067407886165782e-01 1.686875917168850214e-01 1.786250221949652328e-01 1.617508546749814591e-01 1.839701655539875969e-01 1.588483088879906469e-01 1.772170649922732433e-01 1.750470662945392275e-01 1.845690875790751417e-01 1.741856930363597789e-01 1.672119967715305078e-01 1.822793836886821839e-01 1.661656795836707612e-01 1.577713453741145522e-01 1.694994765633693612e-01 1.653729117980348717e-01 1.610967290518490747e-01 1.778229523711561677e-01 1.708443665033630710e-01 1.730515126571096352e-01 1.861200431785660914e-01 1.809151099165639820e-01 1.891751227414648351e-01 1.760733023983942491e-01 1.756782379984242748e-01 1.756870518416602245e-01 1.743808937293895300e-01 1.555851608520819052e-01 1.659106304801648002e-01 1.662336451066477594e-01 1.658022923846421137e-01 1.688107716637997358e-01 1.716116177854542790e-01 1.575267309165306051e-01 1.631271795185196272e-01 1.696886346090788478e-01 1.657640520673820395e-01 1.697839776025130698e-01 1.749390648991449304e-01 1.476663681201294265e-01 1.555854765725720457e-01 1.622302930739113469e-01 1.584448753084369277e-01 1.567374979715133176e-01 1.576109710837707290e-01 1.717002036586680047e-01 1.627166691283994937e-01 1.621087415174520818e-01 1.704862787037266236e-01 1.708336299570035743e-01 1.735457631953691016e-01 1.724532855135566811e-01 1.673030153540792375e-01 1.586200911349233689e-01 1.724205984305685890e-01 1.730484222289522811e-01 1.707084739209261126e-01 1.752853364766953637e-01 1.756712054238800946e-01
1.517421960726645369e-01 1.191154564656966425e-01 1.000000000000000000e+00 3.188253807939366302e-01 2.263656623706578885e-01 2.076597040278153616e-01 3.482867387806716786e-01 2.546279326280689870e-01 3.381745681312640084e-01 3.065974837864772207e-01 3.345516654562121772e-01 3.451452068020241515e-01 2.993714037990037324e-01 3.091209972755421531e-01 3.465232454063242873e-01 3.207429536165217199e-01 3.588093312887781772e-01 3.785755194951294644e-01 3.802345815311371502e-01 2.098956228870976493e-01 3.747089029810380389e-01 3.745615358844560649e-01 3.907238114098453563e-01 3.704556713695116299e-01 3.851892618719379713e-01 4.010063652941256440e-01 3.841435625742635751e-01 3.964583410490359894e-01 3.891311428083640833e-01 3.750196869678970035e-01 3.674385241085992293e-01 3.866756479211224118e-01 3.751863826667258262e-01 3.872624070175877398e-01 3.710098472434691375e-01 3.621131537707767967e-01 3.710555879180844063e-01 3.625663881189047366e-01 3.764765343305547796e-01 3.823595286667388349e-01 3.613634710040690146e-01 3.608557766040079717e-01 3.600787974095072119e-01 3.566659932380354392e-01 3.784387895287363857e-01 3.538120971477669019e-01 3.203317105392592956e-01 3.351317194704446778e-01 3.283186614797741210e-01 3.499067018150447406e-01 3.527102625968565608e-01 3.508652984770412320e-01 3.303992503499247335e-01 3.351041383172805865e-01 3.417896057235941254e-01 3.658054669305234596e-01 3.444848444384958630e-01 3.318845950484414220e-01 3.347539004282846231e-01 3.315350274822698173e-01 3.283727194033035368e-01 3.324524164649446667e-01 3.353460831110335327e-01 3.351720676272546551e-01 3.400104113032977882e-01 3.313370129458360624e-01 3.356366131591695390e-01 3.587677825551964794e-01 3.557115935478176172e-01 3.203570728105243903e-01 3.608585877152428179e-01 3.567413210513296074e-01 3.619955193796397519e-01 3.648232525024648343e-01 3.523740588622058523e-01 3.458277006382892149e-01 3.506797211797875735e-01 3.648033146480936240e-01 3.614737664780532933e-01 3.476096202218399989e-01 3.511747142243479836e-01 3.451940012100774835e-01 3.545257499625698583e-01 3.494375517302389378e-01 3.517690652471719970e-01 3.545541704013337458e-01 3.462836287280443015e-01 3.406316066397788167e-01 3.464172909979075787e-01 3.470595429509700236e-01 3.470247850506209542e-01 3.336717818557140003e-01 3.563280123338701255e-01 3.386177410615174299e-01 3.229430343606686238e-01 3.274002065832214425e-01 3.371617119114861949e-01 3.277248322770431321e-01 3.307431638688912989e-01 3.384996791169727071e-01 3.393725593448723155e-01 3.312159569117738567e-01 3.317667191286342576e-01 3.336367850150884773e-01 3.415889079105253745e-01 3.367631773325621691e-01 3.260829590688004154e-01 3.275250104209659896e-01 3.340423462043298763e-01 3.262963031527050251e-01 3.300584044211588020e-01 3.266516838277101487e-01 3.273142907737219831e-01 3.326100851448449136e-01 3.395012354705187474e-01 3.245805175646070406e-01
1.370725808218037911e-01 1.327164101498133075e-01 3.188253807939366302e-01 1.000000000000000000e+00 3.341625135543203062e-01 4.298192004727027227e-01 6.295248045253063474e-01 5.539270194170901052e-01 5.807424929274471737e-01 5.173700364134831142e-01 5.814576566162715787e-01 6.360706793224260025e-01 5.579141744876695563e-01 5.669977756540511837e-01 6.398401842859443578e-01 6.176092406121802547e-01 5.805113638614027849e-01 6.070338368327611311e-01 5.558949197492090155e-01 5.107765600174398735e-01 6.077309241873712908e-01 6.137692691997844729e-01 5.649881754590061478e-01 5.052350284379922840e-01 5.594921352858333030e-01 6.596880767407883317e-01 6.522854298678303353e-01 6.331901397117682961e-01 6.132700360033216391e-01 5.880070718319827527e-01 6.408110490746978805e-01 6.085102346690743902e-01 5.898765104888397115e-01 6.031937920450621826e-01 5.937630318181845723e-01 6.258216581351182528e-01 6.286157215929412123e-01 6.119398853265670679e-01 6.395440620524295294e-01 6.204093075537880919e-01 6.210650091159448660e-01 6.330830230133797087e-01 6.408948377003738095e-01 6.367997351482953539e-01 6.386101904119506623e-01 6.345886007957419750e-01 5.858204739938851491e-01 5.989623872422218387e-01 5.891846960873247108e-01 6.036491837986215359e-01 6.051916929945717616e-01 6.370693614807816374e-01 6.098769112722908226e-01 6.059258260026372245e-01 6.026615010999518685e-01 6.274703888375137151e-01 6.077886605745761450e-01 6.103223609722976395e-01 5.900947004805300322e-01 6.001482582208271799e-01 6.010948791438768257e-01 5.911851915132529944e-01 6.098950622443320979e-01 5.956583879348940069e-01 6.094144197535451557e-01 6.039142068813746489e-01 5.976386401399744752e-01 6.081691336700620898e-01 6.083274742150630576e-01 6.164645628334969318e-01 6.316163223924629033e-01 6.161982565659573918e-01 5.989886524720109406e-01 6.114912790397001308e-01 6.245078511243694619e-01 6.170432238424315985e-01 6.263210871026376747e-01 6.326111753552974282e-01 6.275105922467284492e-01 6.050209011932800029e-01 6.094184227526465714e-01 6.203220746984865475e-01 6.103385122260045481e-01 6.064065689562482264e-01 6.177053618097058107e-01 6.123571894681868466e-01 6.133478467485913299e-01 6.141647981856073191e-01 6.154605017255737609e-01 6.150797018985619813e-01 6.140308216558933996e-01 6.072379521153847826e-01 6.186026882021008477e-01 6.185839421153956907e-01 5.909349046709566622e-01 5.938212438099778057e-01 6.268428338959457502e-01 6.246659622431749437e-01 6.140864715375674576e-01 6.203894822031220668e-01 6.230177011292041822e-01 6.189787861451959694e-01 6.094690619580668267e-01 6.152047233431015005e-01 6.254839628990216394e-01 6.164439830722854285e-01 5.973726827639772585e-01 5.922124001899473633e-01 6.033095701072481720e-01 6.021238566121538405e-01 6.073008702212648879e-01 6.021369366620628050e-01 6.004793635659113615e-01 6.126623646506335064e-01 6.137810238735545987e-01 6.057175878934281110e-01
9.769325582000120550e-03 1.074055896752373479e-01 2.263656623706578885e-01 3.341625135543203062e-01 1.000000000000000000e+00 3.455392614760605663e-01 4.774179719668787403e-01 4.601860679331629123e-01 4.305905956332580220e-01 4.163982958163653936e-01 4.538233472302894977e-01 4.813041404606127616e-01 4.810302834729568988e-01 4.557334358415069953e-01 4.966906983577200618e-01 4.956128696216803853e-01 4.109015769604965063e-01 4.405340475021787272e-01 4.302981052249085225e-01 3.612262850322841556e-01 4.306483372099427220e-01 4.300606950937329587e-01 4.070856291327605292e-01 3.911605954933142226e-01 4.230442507846235434e-01 4.746959903925926927e-01 4.512687618843102544e-01 4.510888200714504581e-01 4.150868331830939173e-01 4.320449768772244292e-01 4.664188159264026079e-01 4.565505857027443160e-01 4.238078457575349400e-01 4.391520760750023400e-01 4.259838667318485150e-01 4.386332171684493852e-01 4.645265711503475115e-01 4.615411168914430040e-01 4.723204870899123109e-01 4.674267067282764088e-01 4.798543513044760678e-01 4.866573089192934298e-01 4.873841391366997566e-01 4.918399846366411921e-01 4.772936644746126333e-01 4.900816133718645107e-01 4.728055726154852811e-01 4.754759120820309382e-01 4.624237072769816770e-01 4.479482805382357657e-01 4.518890744871967291e-01 4.745477477066198935e-01 4.805994599215372975e-01 4.749242343349444617e-01 4.732107022883395575e-01 4.783930654984629438e-01 4.525348379637655349e-01 4.877769394507280865e-01 4.649498386548299167e-01 4.789217436114990289e-01 4.757156816924745790e-01 4.693110863711545955e-01 4.729075862330508473e-01 4.595370992344972594e-01 4.599659268764060283e-01 4.665189384599802147e-01 4.778139200141853227e-01 4.837106574307534212e-01 4.768901593245514769e-01 4.762482042909967905e-01 4.920435052324980130e-01 4.796301345216788525e-01 4.785679993580244096e-01 4.877336600463155758e-01 4.883293951685740986e-01 4.779678336407053862e-01 4.814880167922389043e-01 4.775215291251484473e-01 4.849485151333643440e-01 4.756498650882655665e-01 4.790007008282132217e-01 4.825182724572272264e-01 4.642138008489908318e-01 4.745458968301219382e-01 4.814960008167669669e-01 4.800473433156824954e-01 4.796113564694934328e-01 4.820780645978066659e-01 4.815955386485283318e-01 4.747908559591474953e-01 4.798032453299879152e-01 4.833925998168752125e-01 4.873808433616531599e-01 4.875557556330072373e-01 4.819495989591472407e-01 4.790654055695341418e-01 4.874206249552841541e-01 4.768822988640228355e-01 4.863475575492713920e-01 4.893303169174725853e-01 4.894413668045882182e-01 4.847851198135961215e-01 4.856117047519827312e-01 4.909823304733940130e-01 4.833125157245190540e-01 4.679755021556797345e-01 4.739817571691864462e-01 4.765263838501804794e-01 4.760791635064151039e-01 4.838455673588019645e-01 4.813661761256994853e-01 4.830213269651436603e-01 4.801964732029248006e-01 4.770543220464557033e-01 4.755392563373770365e-01 4.799334541315755098e-01
1.510430055535906925e-03 1.133643695447124067e-01 2.076597040278153616e-01 4.298192004727027227e-01 3.455392614760605663e-01 1.000000000000000000e+00 5.842616757932077576e-01 5.091856064316687691e-01 5.491394118329497864e-01 5.308443460899813227e-01 5.623610853031577594e-01 6.083124076451670303e-01 5.530503712006237249e-01 5.748809219537541759e-01 6.323458715444719713e-01 6.082561600243212574e-01 5.438780947724330961e-01 5.221041417428891052e-01 5.016857360641583385e-01 4.447016557143453896e-01 5.222404131686787521e-01 5.560337742429402041e-01 4.701108089734745699e-01 4.391287711104409630e-01 5.077340991524219582e-01 5.877893032135468321e-01 5.878722389902997225e-01 5.797026146768222699e-01 5.354708406281430966e-01 5.223173266732518139e-01 6.047888548582422974e-01 5.853597017903096056e-01 5.567253010738487662e-01 5.650845468322520659e-01 5.535068967132859008e-01 5.969280158723193619e-01 6.142589104816449375e-01 6.120024594151189934e-01 6.181486860262411787e-01 6.009262814333263814e-01 6.237075481599689830e-01 6.322214516596272871e-01 6.313821180036349734e-01 6.398563564919834690e-01 6.222785930818419686e-01 6.343910147532215715e-01 6.256435669972582048e-01 6.222167400980869179e-01 6.166370573864936588e-01 6.029232585876127537e-01 6.094930924451783527e-01 6.109997210788790101e-01 6.289520576725009526e-01 6.161744140817022597e-01 6.101246632612088439e-01 6.080566304936372291e-01 5.977540198879622846e-01 6.253737090835739254e-01 6.174411121059518726e-01 6.303515907319627853e-01 6.326550108069810552e-01 6.174841229345021665e-01 6.210545973181990087e-01 6.160815411917929252e-01 6.156625108960639414e-01 6.175637165643478310e-01 6.260832159682988562e-01 6.208904705233736498e-01 6.169964078883819480e-01 6.301926778438404764e-01 6.334935971851710645e-01 6.234836722807951537e-01 6.070089074882192293e-01 6.175704651099602760e-01 6.350129252092824306e-01 6.356182522138761337e-01 6.372445772443229295e-01 6.246881402357491453e-01 6.282876427558112820e-01 6.112487899137065694e-01 6.238937906146840850e-01 6.319485109943369094e-01 6.178496285962590262e-01 6.206046346695289762e-01 6.309680787635169041e-01 6.221366328934708756e-01 6.347245711324682738e-01 6.314073421263557417e-01 6.303614705183737676e-01 6.249169224528937638e-01 6.382825102442701848e-01 6.378971736266373371e-01 6.355532240945046540e-01 6.388570782316422836e-01 6.308192182384803059e-01 6.288680116357751038e-01 6.351792634243398350e-01 6.228367380992378965e-01 6.309155363624380231e-01 6.356911655917060200e-01 6.376057984989942362e-01 6.303079039250186755e-01 6.336087448690171930e-01 6.390539189865113157e-01 6.299452690446464276e-01 6.176355949027000358e-01 6.249387001799880936e-01 6.266535197475118224e-01 6.278638412533930069e-01 6.324461755923728168e-01 6.307522505354367093e-01 6.311945715535481893e-01 6.259689830670263078e-01 6.256033562012709437e-01 6.244540964796378990e-01 6.253758022151918450e-01
1.028506053751546828e-01 1.689622993136708773e-01 3.482867387806716786e-01 6.295248045253063474e-01 4.774179719668787403e-01 5.842616757932077576e-01 1.000000000000000000e+00 6.951993883502869398e-01 7.456486054373205885e-01 6.909786953763112916e-01 7.567944233093981676e-01 8.026210700112679231e-01 7.429726734259851639e-01 7.608708193253073127e-01 8.512988126327399874e-01 8.041258825622267237e-01 7.394164505272456944e-01 7.563879207619178535e-01 7.259570229870730973e-01 6.062551363072733457e-01 7.401998576279334996e-01 7.723060503859392467e-01 7.068491717173686073e-01 6.566091676738990968e-01 7.252810555024041816e-01 8.177028424283737662e-01 8.124567197772925020e-01 8.093012842071276580e-01 7.497972129042820288e-01 7.266213947489705838e-01 8.124698395744369694e-01 7.916017134813492229e-01 7.562035883428711580e-01 7.618093652932437232e-01 7.467962333121055396e-01 7.870146950961548482e-01 8.088742075587443958e-01 8.069415226735989766e-01 8.234112872233735336e-01 8.164127386673195597e-01 8.259013421367107366e-01 8.379783079691247583e-01 8.428146483807846812e-01 8.405541576248325430e-01 8.275729019845513568e-01 8.317186090894216344e-01 7.972526469712177821e-01 8.050202218577805491e-01 7.943554958399904331e-01 7.850718733475645639e-01 7.931950437097818885e-01 8.107222323133277397e-01 8.177231526918682381e-01 8.007101562509110204e-01 7.984865578911474193e-01 8.171540125275604805e-01 7.884110844315620481e-01 8.155702903550788863e-01 7.953680087909944518e-01 8.086821613572244827e-01 8.102140421079536692e-01 7.993796690221782741e-01 8.029410188202077414e-01 7.921903681439945721e-01 8.008896303646785286e-01 8.001883587211932047e-01 8.028582762537233020e-01 8.179588577429046659e-01 8.058602584491272314e-01 8.127017684969379818e-01 8.366459325752760856e-01 8.202498903703461242e-01 8.021471536269344504e-01 8.193369055937232970e-01 8.271517715405283244e-01 8.241838750230930932e-01 8.314621255142427003e-01 8.207504459197312308e-01 8.332322768121154244e-01 7.983708749912836744e-01 8.151776691859554669e-01 8.189071648549346438e-01 8.048847270355782291e-01 8.081929296851924072e-01 8.162781701608881058e-01 8.094204896780677894e-01 8.215805550871411178e-01 8.209985170425984080e-01 8.221387541631447471e-01 8.180322479989803330e-01 8.295055946452156714e-01 8.241849703856449771e-01 8.260767328467824022e-01 8.288881020269246447e-01 8.038324549604409786e-01 8.058268059659138283e-01 8.178706239424671232e-01 7.997236701875246601e-01 8.105293325846208985e-01 8.213250465324459793e-01 8.297619329426118018e-01 8.099206502596563162e-01 8.133721544344556520e-01 8.234763971330235632e-01 8.184172310296100594e-01 8.016902543796946556e-01 7.962108168451186296e-01 8.048948747870834364e-01 8.110284206629120307e-01 8.132735814358558191e-01 8.185749897457123003e-01 8.104843040453806324e-01 8.081714064470372216e-01 8.039269555990132821e-01 8.083492653099907388e-01 8.035034496378256064e-01
3.030915609748410788e-02 1.204182328562208720e-01 2.546279326280689870e-01 5.539270194170901052e-01 4.601860679331629123e-01 5.091856064316687691e-01 6.951993883502869398e-01 1.000000000000000000e+00 6.563484714163025924e-01 5.951497647297091520e-01 6.593159948475170173e-01 7.322110891570167146e-01 6.913060888979548624e-01 6.784147069647558093e-01 7.535049989892852462e-01 7.663612362326394090e-01 6.601902153464093148e-01 6.474998511741854035e-01 6.144792694198437655e-01 5.834505231832027849e-01 6.484718212814515326e-01 6.519379808439790258e-01 5.769241661026744961e-01 5.431711282283497866e-01 5.974526525272563227e-01 6.979744553582739597e-01 6.817375113800119291e-01 6.612022582017956784e-01 6.010435876468855909e-01 6.279128658994509449e-01 7.062841445804038942e-01 6.872030443095791252e-01 6.279106488877476133e-01 6.667230291609492765e-01 6.452429020482844946e-01 7.084866166893432071e-01 7.094391247223358343e-01 7.089738402915295445e-01 7.261629581608117778e-01 6.939135091925173748e-01 7.242517791476863476e-01 7.253926077247869753e-01 7.456124171607445561e-01 7.443577066305752110e-01 7.296777941020906599e-01 7.347673047428342485e-01 7.222308698263880666e-01 7.312873522060674425e-01 7.218777383229642020e-01 7.070873452204747833e-01 7.173473819177862421e-01 7.187556069178017149e-01 7.356601188636829880e-01 7.276269941764756943e-01 7.191484118042669182e-01 7.230177768519936432e-01 7.224086121687962603e-01 7.359669493954017483e-01 7.214778820006805260e-01 7.314714668861824753e-01 7.317419737471300145e-01 7.244072279346848164e-01 7.386670515444920815e-01 7.263608118688378301e-01 7.233663554941290874e-01 7.290264140986151276e-01 7.302661395408102107e-01 7.263377613959779433e-01 7.238811725743556913e-01 7.451966872048235713e-01 7.466745715517201232e-01 7.301898376120374845e-01 7.152941147890278240e-01 7.223864760236436977e-01 7.348552043175006210e-01 7.262033650560439924e-01 7.265508822885484719e-01 7.109002449243334576e-01 7.305951622953826829e-01 7.167586978987214863e-01 7.229277266948744840e-01 7.310318462633880188e-01 7.258428680499871000e-01 7.106195810420760095e-01 7.272235111426003096e-01 7.263734227198433979e-01 7.318264600930343144e-01 7.349674418634360995e-01 7.352972820590322200e-01 7.305362849085075272e-01 7.253897701253156916e-01 7.326763447154638342e-01 7.380068368624728148e-01 7.374372837421225846e-01 7.317843863861269726e-01 7.326527797810798992e-01 7.428234560650420759e-01 7.384719883963410947e-01 7.418001626675144733e-01 7.416194307623743542e-01 7.498041841483414904e-01 7.456260999554048530e-01 7.399826294095410706e-01 7.428591691252305340e-01 7.431393100752882175e-01 7.394192205937111240e-01 7.336335924471557579e-01 7.297494826963863979e-01 7.317588495734957954e-01 7.392866697273452470e-01 7.387753936649578135e-01 7.363097831890118572e-01 7.388685228407854133e-01 7.432029652091617367e-01 7.376342839172970178e-01 7.365999306030237559e-01
1.763720325786084231e-01 2.049782196286064895e-01 3.381745681312640084e-01 5.807424929274471737e-01 4.305905956332580220e-01 5.491394118329497864e-01 7.456486054373205885e-01 6.563484714163025924e-01 1.000000000000000000e+00 7.833366331830811102e-01 7.948162712642272698e-01 8.324003061997441444e-01 7.635829372867634079e-01 7.887154332337353857e-01 8.459279118505440564e-01 7.999406291704436178e-01 8.209073348905560064e-01 7.400624018878626531e-01 7.235049563091756619e-01 6.017887198078797351e-01 6.958086865984108860e-01 7.504727382779998734e-01 7.137558221004067782e-01 6.627659159044905213e-01 7.254081588304572836e-01 8.475171196069613000e-01 8.406651804187132981e-01 8.230050237950646830e-01 7.605547398088428057e-01 8.217003576019243916e-01 8.564714430895397079e-01 8.283338595313218811e-01 7.691611313666936178e-01 7.974021963612329955e-01 8.141763454646785414e-01 7.987003949622204502e-01 8.377041076098955541e-01 8.374230362626621238e-01 8.533937041529224832e-01 7.780295799204647311e-01 8.650835368058705788e-01 8.508966319766775310e-01 8.356856204390692433e-01 8.710406741375963380e-01 8.590781511108281920e-01 8.596247404017846039e-01 8.588600777896339133e-01 8.734498695212035146e-01 8.609510822936293772e-01 8.293217049086920589e-01 8.538612784437931147e-01 8.110086695620972730e-01 8.673775812532110718e-01 8.809697378076405405e-01 8.685969580243209087e-01 8.685818601618451318e-01 8.757760435557843115e-01 8.595934198698284012e-01 8.606519021406024983e-01 8.806448439160224906e-01 8.711157954029967732e-01 8.795690668725661965e-01 8.674097181008840751e-01 8.802450073575129874e-01 8.796325376362756909e-01 8.835244377158846252e-01 8.728042240848277178e-01 8.584529195868605411e-01 8.681011829175332428e-01 8.413673553765766977e-01 8.576404153799525032e-01 8.669702855623649951e-01 8.507260042636354269e-01 8.532511860641286416e-01 8.785140344749579056e-01 8.737957425313126469e-01 8.729027581024637605e-01 8.626460430118536582e-01 8.741987905324701824e-01 8.763400833040044802e-01 8.732811871347924138e-01 8.738977279596169545e-01 8.758239639768063967e-01 8.631414152134008200e-01 8.523366527511149204e-01 8.618687241569359392e-01 8.610947130452083487e-01 8.626656466814213164e-01 8.689931755395920998e-01 8.679234489043532452e-01 8.511465957014490158e-01 8.633758004514474615e-01 8.684729907807109406e-01 8.691159334019356031e-01 8.624128483132001977e-01 8.684415071663185159e-01 8.513508495715890190e-01 8.622196229159488912e-01 8.611827248113952393e-01 8.577761645870376483e-01 8.538151669445154246e-01 8.612209127497713057e-01 8.681231279095038555e-01 8.661937549114321344e-01 8.648570970733139296e-01 8.712972792635882424e-01 8.701182849981188294e-01 8.688445390605163965e-01 8.702518252705270241e-01 8.680596984760451384e-01 8.547023859978468696e-01 8.701602919966703320e-01 8.705721513827217040e-01 8.726887528065561117e-01 8.812393958600230892e-01 8.725799824038570351e-01
1.367485409112535744e-01 2.041291225290146893e-01 3.065974837864772207e-01 5.173700364134831142e-01 4.163982958163653936e-01 5.308443460899813227e-01 6.909786953763112916e-01 5.951497647297091520e-01 7.833366331830811102e-01 1.000000000000000000e+00 7.557079393626822128e-01 7.850513692292867551e-01 7.083772531845969889e-01 7.488879599506247375e-01 7.959769019764577624e-01 7.505168735229498234e-01 7.733042769258824389e-01 6.896754931344813988e-01 6.798501174158025906e-01 5.547640376769630288e-01 6.373323824208839694e-01 6.966087107969816117e-01 6.823988788216079904e-01 6.320989426491196994e-01 6.912619699262294581e-01 7.917207917271221751e-01 7.793175007787880304e-01 7.723597076831818509e-01 7.026589781817691449e-01 7.685227003414483171e-01 7.980691059545628185e-01 7.983169767765974090e-01 7.429490715804970558e-01 7.694332235518304142e-01 7.781008161425825298e-01 7.573719948697930082e-01 7.932463838426700997e-01 8.024144992163323442e-01 8.114876958221072245e-01 7.504628871044614069e-01 8.235834804914410334e-01 8.076771818515837698e-01 7.840307576630675124e-01 8.225565754968062748e-01 8.132532229902613707e-01 8.096418621251546544e-01 8.228834379645498798e-01 8.336650306588856418e-01 8.208349233087470775e-01 7.849658231934251162e-01 8.123576727698300637e-01 7.529524208957639742e-01 8.154625875311383165e-01 8.344348431391573895e-01 8.229517861089924446e-01 8.289878950587311612e-01 8.184320007435588185e-01 8.155907367888082238e-01 8.212230465173814276e-01 8.332276736964032704e-01 8.250518951821443903e-01 8.341010881822321643e-01 8.171151574536247297e-01 8.325315512295943243e-01 8.258884178657684982e-01 8.320594464023437498e-01 8.306489488496228146e-01 8.184013227221508258e-01 8.306431786750572144e-01 8.007864600051920467e-01 8.121894962380796779e-01 8.220545361751060431e-01 8.135466447099259923e-01 8.125461578808993446e-01 8.328278649552217638e-01 8.305872239565034176e-01 8.258465602177829101e-01 8.122672782327787777e-01 8.254920434611399127e-01 8.335517443015124650e-01 8.309281197900737492e-01 8.282739013652028470e-01 8.351773306236101035e-01 8.288567098918897535e-01 8.182404413395232279e-01 8.260071652485065918e-01 8.211129755177741796e-01 8.288443613360110263e-01 8.289181800362771524e-01 8.324798038506355802e-01 8.175496997711647618e-01 8.257357461199889004e-01 8.253376519889029650e-01 8.277263412160088540e-01 8.241505379217923810e-01 8.296463621418134204e-01 8.098476557859789482e-01 8.082715757040288551e-01 8.209113738481201850e-01 8.207472901118411102e-01 8.150135038637286167e-01 8.185369046362331868e-01 8.272012706647088320e-01 8.246112625201224011e-01 8.206075072183868224e-01 8.250914763463289558e-01 8.282449968709705290e-01 8.286212687549596723e-01 8.312145748027777170e-01 8.271210467171997704e-01 8.205347063356005499e-01 8.291434663328655086e-01 8.303799946683769750e-01 8.284015383593238413e-01 8.293355585233190830e-01 8.270699584390993619e-01
7.499477190013074945e-02 1.573312392944914428e-01 3.345516654562121772e-01 5.814576566162715787e-01 4.538233472302894977e-01 5.623610853031577594e-01 7.567944233093981676e-01 6.593159948475170173e-01 7.948162712642272698e-01 7.557079393626822128e-01 1.000000000000000000e+00 8.544780672186540471e-01 7.724689171998608828e-01 8.064034465141048935e-01 8.626013409959217837e-01 8.213787744995010298e-01 7.994579923546841771e-01 7.318200425761585137e-01 7.178476186941753490e-01 6.082635108295630921e-01 6.956900466685441708e-01 7.590686317483121837e-01 7.049743695088471762e-01 6.503016146923988883e-01 7.272893118322291128e-01 8.427363291512931509e-01 8.307719129956218085e-01 8.201065798347495495e-01 7.439223521810949258e-01 8.001753455774631707e-01 8.610777878875841562e-01 8.362440689782590919e-01 7.911747492432069651e-01 8.182211550008076095e-01 8.176441322361110986e-01 8.254421230159942890e-01 8.484046164132528212e-01 8.610549516259328184e-01 8.652545666307700500e-01 8.178051114329757398e-01 8.767636692479821026e-01 8.725217732547982941e-01 8.555915031853892350e-01 8.832785487588711293e-01 8.767649460046029741e-01 8.699927367076916163e-01 8.769672034741422539e-01 8.805719494722357155e-01 8.728361811323726016e-01 8.529637338603466290e-01 8.671076037216982613e-01 8.343074096771467829e-01 8.753881700505650176e-01 8.780282675045298912e-01 8.697138709881067076e-01 8.753886855467650774e-01 8.635765457589299476e-01 8.726531366089118613e-01 8.720549871966140065e-01 8.815566319287825303e-01 8.821357792637685158e-01 8.764570653689873758e-01 8.739117727631703358e-01 8.746852271538986257e-01 8.757771197672890029e-01 8.776049321351460097e-01 8.815876519145460222e-01 8.707818274822428650e-01 8.772818926791463578e-01 8.660528158730773640e-01 8.732827416025964462e-01 8.771279717420383815e-01 8.600742239947100076e-01 8.668820449020223640e-01 8.883142261676015838e-01 8.850217562235661584e-01 8.823679406474198572e-01 8.671966631885634769e-01 8.801235818069358396e-01 8.774038337981832081e-01 8.813070560200362280e-01 8.838074159631268412e-01 8.826688422052878513e-01 8.781822875112393900e-01 8.780921211870035270e-01 8.788533058894150152e-01 8.790235692650788524e-01 8.836004676160537086e-01 8.843897543147946072e-01 8.835957110128975778e-01 8.789533494748809073e-01 8.830300442722440746e-01 8.832451428644479963e-01 8.846572269469399341e-01 8.784785090674791519e-01 8.823781442910004769e-01 8.742140204250383739e-01 8.688015371430455325e-01 8.806841052626060984e-01 8.808238617932080405e-01 8.792615341856926392e-01 8.777295031689614779e-01 8.831935822112146894e-01 8.847034256729261470e-01 8.827430151871071828e-01 8.768089388094288950e-01 8.800234197648423295e-01 8.811650172466958253e-01 8.844694427194209618e-01 8.816289906008115684e-01 8.791382746967070227e-01 8.833994349704490379e-01 8.815772013900220472e-01 8.820495427767530705e-01 8.839249943668977538e-01 8.808515587397378610e-01
4.893816311300298177e-02 1.768819895269236608e-01 3.451452068020241515e-01 6.360706793224260025e-01 4.813041404606127616e-01 6.083124076451670303e-01 8.026210700112679231e-01 7.322110891570167146e-01 8.324003061997441444e-01 7.850513692292867551e-01 8.544780672186540471e-01 1.000000000000000000e+00 8.216299185504681857e-01 8.557698408982166161e-01 9.179978446326413355e-01 8.919741675708919848e-01 8.297307545322875066e-01 7.674458293759451877e-01 7.436906730895960216e-01 6.715906802606366188e-01 7.415544752662874828e-01 7.908682236855745229e-01 7.268065682054196674e-01 6.682132654533641247e-01 7.538030999815941158e-01 8.806058239193839121e-01 8.726364559913155627e-01 8.596521629500573081e-01 7.798226364621565487e-01 8.366337517474516927e-01 9.024610547619386081e-01 8.752457386250571680e-01 8.273998160421095482e-01 8.566938318096081195e-01 8.603603570115955224e-01 8.720340537687092386e-01 8.984809287781029274e-01 9.029995849350702652e-01 9.149089012359025164e-01 8.662143331327109008e-01 9.209335014691371057e-01 9.204024299967219491e-01 9.101053782628940603e-01 9.351280943088257080e-01 9.185344101832326746e-01 9.223038846079573139e-01 9.249618606411472710e-01 9.297671684130984771e-01 9.187537129452508777e-01 8.931066179651210302e-01 9.101253749933627679e-01 8.841403775894952632e-01 9.256724943774365943e-01 9.235775540492683344e-01 9.129993698274756486e-01 9.227028176188908359e-01 9.055224169359669117e-01 9.250849886671015376e-01 9.164553680061244822e-01 9.303196845868044740e-01 9.320755481939245746e-01 9.212509233541035236e-01 9.224606852277456026e-01 9.186081976422217910e-01 9.189693855989301552e-01 9.246762074973609025e-01 9.272650645485268628e-01 9.157505979725160117e-01 9.225087378427239138e-01 9.241082167597594044e-01 9.240734374993158085e-01 9.225790542367835467e-01 9.005892705745800475e-01 9.092418622320963539e-01 9.362901863797424840e-01 9.324328013218007305e-01 9.310275295215408864e-01 9.149883881861784474e-01 9.261997850429499746e-01 9.240932200841048827e-01 9.281766406196502173e-01 9.318512663881627356e-01 9.242455261793343091e-01 9.241110880998064658e-01 9.243274832886388959e-01 9.226527572168816693e-01 9.289032644445699427e-01 9.316952358175462079e-01 9.323380265438734327e-01 9.294129484551472142e-01 9.264713185284820796e-01 9.330074046581953162e-01 9.338785872736716787e-01 9.359656552759483272e-01 9.300183410630976644e-01 9.310762005898542970e-01 9.244507225601555911e-01 9.165529018622522450e-01 9.305705485811128774e-01 9.301098872075403978e-01 9.333683077392235239e-01 9.272467437188280925e-01 9.327396091526756194e-01 9.349037876526816726e-01 9.332827895540323215e-01 9.232924148026148137e-01 9.272263800850611970e-01 9.299625653021427185e-01 9.304512998137942636e-01 9.316667900249359091e-01 9.282998012004192168e-01 9.336346745126573587e-01 9.303995039128902800e-01 9.311962272428562226e-01 9.306183592211555444e-01 9.295611118421381880e-01
3.908211806094977203e-02 1.428473293134341071e-01 2.993714037990037324e-01 5.579141744876695563e-01 4.810302834729568988e-01 5.530503712006237249e-01 7.429726734259851639e-01 6.913060888979548624e-01 7.635829372867634079e-01 7.083772531845969889e-01 7.724689171998608828e-01 8.216299185504681857e-01 1.000000000000000000e+00 7.849170855026115223e-01 8.487178994518885800e-01 8.330487042585260626e-01 7.531369295354795046e-01 7.150176431047826631e-01 7.027828733456124022e-01 5.995315578384869948e-01 6.798369627431596340e-01 7.405222583936574843e-01 6.851219033541597891e-01 6.460929905993753053e-01 7.257054350101480589e-01 8.070895329237618432e-01 7.983251285624136662e-01 7.826528983242031501e-01 7.232352765097349589e-01 7.593092791267516128e-01 8.265847267408839016e-01 8.001071088348842286e-01 7.399688936601831468e-01 7.792101893480708474e-01 7.721134926377158925e-01 7.904989201509085017e-01 8.221384122671666628e-01 8.130012262935003564e-01 8.383269386188296757e-01 7.826286776704334258e-01 8.432923187393818187e-01 8.411918781432187187e-01 8.380530849969841656e-01 8.541673890732629504e-01 8.433581650684824904e-01 8.471630397584605232e-01 8.458249528173319431e-01 8.484206539028948946e-01 8.344783754401180476e-01 8.052297674285263662e-01 8.175527428489735016e-01 8.116317679975788568e-01 8.456194887811896432e-01 8.423535281779366279e-01 8.285481883395801050e-01 8.385489333893245689e-01 8.172500604603044616e-01 8.450157083259265400e-01 8.261435408365315203e-01 8.513041433763242072e-01 8.552963061133542766e-01 8.364567362099554204e-01 8.362281459125626704e-01 8.356983362454761810e-01 8.395198694806967898e-01 8.418163098109474607e-01 8.495743157603184992e-01 8.462837206305582338e-01 8.499340185554625782e-01 8.413136961238384393e-01 8.523699507766634431e-01 8.524754907643669055e-01 8.381251949834634951e-01 8.473654635292934278e-01 8.575035218717581564e-01 8.533460246255427650e-01 8.506070440592934379e-01 8.397523849490469150e-01 8.539346091093431568e-01 8.456156918712159909e-01 8.512364362544143637e-01 8.559438992795990186e-01 8.451181692428514358e-01 8.434484233217299787e-01 8.464197345430658492e-01 8.492378958349665607e-01 8.505023388390677841e-01 8.554291932417897870e-01 8.572185831666707667e-01 8.499860508347703014e-01 8.448014335230782379e-01 8.557978894051492258e-01 8.582191864522688007e-01 8.603899830598523701e-01 8.554514404112492088e-01 8.528357344208157276e-01 8.493235808974244350e-01 8.418715137415427874e-01 8.558458531464895325e-01 8.553582599479450099e-01 8.569629139235036552e-01 8.512075031446777462e-01 8.561005404574968392e-01 8.624673229347191716e-01 8.562845693876123265e-01 8.393943689846319334e-01 8.495592334254238320e-01 8.530586705413106818e-01 8.520273315187442131e-01 8.560325792047325244e-01 8.490499479902040569e-01 8.572971725059028714e-01 8.503913482804623669e-01 8.512444546734048156e-01 8.521733946861792530e-01 8.524767075825196994e-01
