1.000000000000000000e+00 3.733153258495591764e-02 3.200848543418763608e-03 4.355820751991987955e-02 -4.357927502148785381e-03 1.278505073289400856e-02 1.070193680720823992e-01 3.461497674289950449e-02 8.421691643173875863e-02 6.112205072475741796e-02 3.474659178487263245e-02 1.316692215223175082e-02 2.743009781113912512e-02 8.614677613458715522e-03 3.300946628169695168e-02 3.620772306376438682e-02 9.963119372291161235e-02 8.420470712981202588e-02 4.631351596388787878e-02 7.168528612077777751e-02 8.046966096602586882e-02 6.507572621029850124e-02 1.282358582618057241e-01 7.452636398690457020e-02 7.223228910893547683e-02 1.100555815972328877e-01 7.684413136031131852e-02 9.303465843812959435e-02 1.389111395107130720e-01 1.163882264593085331e-01 6.983503100142189612e-02 8.322872140646481176e-02 7.178768175952907060e-02 8.430477788209256307e-02 8.993023325252862132e-02 4.774831147108008628e-02 8.527706743367566289e-02 3.971932513720287383e-02 3.722599127859813756e-02 -1.074611640355786768e-02 2.903140219770032268e-02 2.834252850220017259e-02 5.655619970828825067e-03 2.048990057619397981e-02 2.178508014938438861e-02 2.898296951453129683e-02 8.358194718198291850e-03 1.292766416791140890e-02 3.885917971026924683e-02 6.536867478614791227e-02 3.865478020880587506e-02 4.129214154202176523e-02 1.825449723173489663e-02 3.399325632714197964e-02 4.295350319156515662e-02 4.296570383837246265e-02 6.094412871991970043e-02 -7.524597487337474468e-04 2.106256912769384829e-02 1.831059920065581173e-02 2.711886005323336374e-02 2.378525844824806723e-02 2.970262870075574685e-02 4.070529608264069482e-02 6.683613629239425202e-02 5.036573422917783177e-02 2.189459896258028060e-02 2.042029822082360238e-02 4.288423652044330570e-02 2.064476170507027059e-02 2.653570812274723759e-02 3.202248363179353158e-02 3.876321228721734541e-02 2.923348665490506371e-02 3.604366378063621201e-02 3.630396009341986530e-02 4.263315027229888643e-02 5.418229731225210344e-02 3.246904840132512626e-02 4.859816678466234025e-02 5.217607297963763185e-02 2.874917312765378277e-02 2.659958019392974493e-02 4.359122790679560017e-02 3.687900952032204666e-02 3.536851266569323443e-02 2.394862420314624110e-02 1.227096155175322334e-02 1.365334720461172484e-02 2.428202665418727549e-02 1.057217565552768732e-02 1.015888748742813791e-02 8.482917637841905570e-03 7.075593448183438092e-03 7.319872901439067325e-03 8.462250174141915451e-03 6.640380670526884431e-03 4.282575194154954190e-02 1.450524409317935880e-02 1.019862195802531332e-02 -2.468991755433707583e-03 2.384702253642411937e-02 1.585302043567865179e-02 9.439909548634176084e-03 2.063077483018522368e-02 2.896288324690654906e-02 2.185445281553934083e-02 2.070725268166536542e-02 1.540436858475315723e-02 1.146613384660892868e-02 9.360239183854437766e-04 1.100753540417583574e-02 1.329121596332358789e-02 2.139641262607532360e-02 3.511195092569754928e-02 2.320828238976881119e-02
3.733153258495591764e-02 1.000000000000000000e+00 5.345519146657252280e-02 8.313108112269951278e-02 9.359797578459830292e-02 1.056156673354273073e-01 1.503881169217212432e-01 1.149983287180502134e-01 1.445996074333558146e-01 1.685521609968677059e-01 1.529242914035966461e-01 1.433431950433409763e-01 1.288652040001008747e-01 1.352521206038138080e-01 1.502152680766419557e-01 1.343277639932665690e-01 1.598955258925693901e-01 1.237584114243815564e-01 1.372820538369353693e-01 6.512027105538076288e-02 8.630052048771114093e-02 1.379117847602810698e-01 1.625171291914186411e-01 1.340160674588599110e-01 1.517309107537880009e-01 1.710077741858377076e-01 1.620474761578752643e-01 1.770337335575088156e-01 1.696490273290518769e-01 1.811358904633683098e-01 1.747777264236334838e-01 1.607181895692883500e-01 1.673357413687363016e-01 1.585529260855585987e-01 1.739107531810074880e-01 1.500669387859760173e-01 1.775857145585720553e-01 1.627324004305997496e-01 1.591044397596742543e-01 1.495655383734403598e-01 1.552981823460561905e-01 1.466595893001197415e-01 1.519185958841469120e-01 1.555633035169615708e-01 1.597237548282563202e-01 1.640908357704938536e-01 1.544825563627676424e-01 1.588018181964604425e-01 1.422375609699954857e-01 1.241453699004366751e-01 1.443515377041547088e-01 1.211857675162084369e-01 1.370802262245281455e-01 1.541439579881180577e-01 1.528360404314315635e-01 1.589283507494860803e-01 1.272272271089341100e-01 1.505416581624740013e-01 1.442785161019550233e-01 1.539763659186285660e-01 1.445733264886081837e-01 1.525527085522251636e-01 1.375879197785355168e-01 1.484927575830387037e-01 1.470684665125653601e-01 1.451157982851018768e-01 1.579446718737429478e-01 1.555390593578628577e-01 1.609689525742974692e-01 1.375554026369878446e-01 1.444245318970201752e-01 1.602145317565235871e-01 1.614199428580701812e-01 1.579889575464430984e-01 1.614130579497783380e-01 1.634058205427037225e-01 1.637983080172948358e-01 1.644345171779158787e-01 1.629668721664584985e-01 1.682309786788326322e-01 1.632372983966962066e-01 1.614283811334420726e-01 1.558498785595464897e-01 1.646400402823903486e-01 1.485139837197316792e-01 1.580270413990987888e-01 1.613869318198651592e-01 1.548294906561585305e-01 1.610324025542318738e-01 1.585433282913805142e-01 1.583251761692537618e-01 1.557965107671147875e-01 1.555818828340737592e-01 1.568666029118662153e-01 1.516513908069310468e-01 1.553190072455750970e-01 1.226989775474073424e-01 1.200748347940278349e-01 1.402946759854123426e-01 1.483070894136953588e-01 1.459054605154337658e-01 1.356985760072602909e-01 1.434946795097416794e-01 1.471117842220898142e-01 1.425901259582653957e-01 1.378337096161850739e-01 1.446181273282662050e-01 1.567382478216950148e-01 1.554120972825814295e-01 1.487776760439860901e-01 1.505160706464143960e-01 1.539180671133207334e-01 1.510746424564292090e-01 1.468286053169249039e-01 1.538439818241113533e-01 1.468135143538007448e-01
3.200848543418763608e-03 5.345519146657252280e-02 1.000000000000000000e+00 3.161289831806242123e-01 2.451739397230984219e-01 2.489449332609434129e-01 3.393995867544886691e-01 3.373219574518173114e-01 3.666352734447503314e-01 3.329572696288789491e-01 3.625312191731552836e-01 4.014742376835609416e-01 3.725785520725797273e-01 3.612151830317315571e-01 3.944710090608165021e-01 3.858950579125531855e-01 3.455604768173485275e-01 3.542516393190582313e-01 3.566668469506831807e-01 3.248702524106678591e-01 3.129398728574643296e-01 3.661088708873330155e-01 3.511091198545518433e-01 3.262191934216986944e-01 3.462494913686485765e-01 3.776163907267133801e-01 3.739825503951076935e-01 3.782822912843492036e-01 3.516082316717342726e-01 3.647865206062702037e-01 3.830033190335437876e-01 3.885633801811429477e-01 3.703472418364563423e-01 3.840949390043358891e-01 3.833757860173608312e-01 4.003709455046580712e-01 3.852915845188654154e-01 3.911113479651759928e-01 4.002549605235369845e-01 3.979739078138204156e-01 4.021666602915983657e-01 4.045438058238451928e-01 4.065199118210692242e-01 4.045976776577359657e-01 4.111747705102244965e-01 3.894419220340183951e-01 3.977546505298722446e-01 3.998433207918059562e-01 3.806566302274626556e-01 3.820871016639231232e-01 3.957319766811974171e-01 4.056329383663748733e-01 3.974050645424653805e-01 3.874372457623577737e-01 3.681025077848700811e-01 3.894062312055121544e-01 3.711114859781269315e-01 4.023938500297790655e-01 3.839095588503701473e-01 3.986594440939401074e-01 3.958508252525252957e-01 3.848057819515358635e-01 3.803608162914995927e-01 3.902128570091134008e-01 3.942513588384912726e-01 3.850339628187832153e-01 3.983419721777256561e-01 4.022879085554768031e-01 4.013725299675379721e-01 4.051645842228043248e-01 4.019793171804231791e-01 4.013568443802622565e-01 3.920612795694541353e-01 3.992659704193630144e-01 3.983090208586611558e-01 3.971256566308366542e-01 3.945943948641774113e-01 3.905291918987509603e-01 3.962231979988380948e-01 3.931678307496667690e-01 3.921613805142487030e-01 3.952975303862467094e-01 4.093579501951000177e-01 3.931563069191031379e-01 4.043813124901421419e-01 3.997813017215372522e-01 4.021644778894386540e-01 4.069764026507062260e-01 4.023008563378328573e-01 4.077907533934015394e-01 4.074351551591623433e-01 4.053736370910689391e-01 4.072068508133518949e-01 4.049119132325579851e-01 3.995346986954934065e-01 4.005701783811069228e-01 4.010977873866670151e-01 3.936404276459747331e-01 4.025358698540234537e-01 4.033982354913256407e-01 4.059271824273116835e-01 3.933994200030014876e-01 4.027701938820060223e-01 4.051578983469422690e-01 4.107933672053779017e-01 3.923333432894225425e-01 3.985830528790205718e-01 3.996862987986491977e-01 4.017958408385737257e-01 4.019583557457466760e-01 4.002956557662633030e-01 4.017615741152509301e-01 3.968785392136134904e-01 3.994530812212487292e-01 4.030822888084642508e-01 3.958365054834486751e-01
4.355820751991987955e-02 8.313108112269951278e-02 3.161289831806242123e-01 1.000000000000000000e+00 3.437634459235130446e-01 3.740217389032637896e-01 5.887690988886530308e-01 5.330992738194586522e-01 5.375398099181598610e-01 4.905629006197870789e-01 5.650836530494088850e-01 6.320481247131900515e-01 5.668680809173303192e-01 5.340260484887249248e-01 6.152043041041048710e-01 6.023653755399753784e-01 5.657426855203214755e-01 5.320692892767707738e-01 5.474096455138808270e-01 5.837366730250679314e-01 5.180676835983831774e-01 5.838458489109898952e-01 5.584093395223366230e-01 5.155566058005947028e-01 5.177403980506776193e-01 5.631882439627550196e-01 5.592651205824532568e-01 5.615485466179975793e-01 5.283169325080743217e-01 5.484094606328561161e-01 5.701653106379731550e-01 6.048830582005303436e-01 5.475173427216522004e-01 5.900041926778201162e-01 5.764124267888588449e-01 6.070490516526797498e-01 5.652942971390700899e-01 6.051768742760367248e-01 6.160947090622836964e-01 6.085487373798580402e-01 6.034636234427244172e-01 6.091333151938729262e-01 6.233956652271536170e-01 6.145468220871102005e-01 6.081522321223427063e-01 6.054852667815454614e-01 6.051261366283823273e-01 6.040779748406455152e-01 6.069351784183540932e-01 6.096957484662751670e-01 6.092265079990494270e-01 6.340991359659542415e-01 6.128485573472594039e-01 6.010863925078938630e-01 5.858074643340639431e-01 6.124275464081869735e-01 6.094837713955092440e-01 6.090126170619728496e-01 5.993643571143972837e-01 6.097744193664482726e-01 6.177755411386055551e-01 6.029292652756483850e-01 6.077572662981662877e-01 6.099095400526075572e-01 6.077013779066569032e-01 6.063504415038388773e-01 6.070394550123546784e-01 6.116769157254741129e-01 6.099022646068775755e-01 6.425441027071224775e-01 6.213856888365748565e-01 6.104387640960727834e-01 6.067673944646831963e-01 6.030113250882591647e-01 6.037705157305627290e-01 6.036732694484808759e-01 6.014938327993993861e-01 5.924439014539167880e-01 5.999455198739223061e-01 5.910630277600151805e-01 5.898804596473404827e-01 5.963631812114524866e-01 6.271731565032039324e-01 5.965653724270786329e-01 6.151514918563750767e-01 6.119432358541905259e-01 6.024271968540442224e-01 6.199581530109025129e-01 6.130087853108657781e-01 6.255175184506729380e-01 6.115565923058721154e-01 6.136634991065611500e-01 6.140407450300917613e-01 6.131560668825556393e-01 6.074681811158344491e-01 6.082787338670707644e-01 6.343319390277494252e-01 6.259838056996794853e-01 6.218040173750208899e-01 6.178336937890307468e-01 6.258348669988824664e-01 6.216852332852746965e-01 6.224084838052171831e-01 6.189313761006559611e-01 6.338159102331664130e-01 6.218673271578454287e-01 6.170642922103218853e-01 6.114831296832164975e-01 6.137104081487096963e-01 6.133485453652621766e-01 6.150614652897249401e-01 6.130256159477573963e-01 6.130469312888057187e-01 6.189616976183521802e-01 6.172467667847653106e-01 6.162323823944680923e-01
-4.357927502148785381e-03 9.359797578459830292e-02 2.451739397230984219e-01 3.437634459235130446e-01 1.000000000000000000e+00 2.987278602080291612e-01 4.583100095009548514e-01 4.764464452854651477e-01 4.567806262694612540e-01 4.229534945746570851e-01 4.752495071379312930e-01 4.983427021491654840e-01 4.901432257560200956e-01 4.554955956520181926e-01 5.077250323544707511e-01 5.064323823564850224e-01 4.331030916484361337e-01 4.200940107872403462e-01 4.203898252147402204e-01 4.026326303291583586e-01 4.026734327870587493e-01 4.414657358559535560e-01 4.198101849487972936e-01 3.780004346582626074e-01 3.952409515412459995e-01 4.645842112370021093e-01 4.859719714419472592e-01 4.705017514874786921e-01 4.385528969171368918e-01 4.611781063188045149e-01 4.941475170487477642e-01 4.833360533103824852e-01 4.721453982387764925e-01 4.740125965962496135e-01 4.754132783652232352e-01 4.945519191874223064e-01 4.820248319996219832e-01 4.975505765789400847e-01 5.055375096733993878e-01 4.959759685279163111e-01 5.029934514399241330e-01 5.040872510507138360e-01 5.044118962507995185e-01 5.158365848107119289e-01 5.049119021101510230e-01 5.031273408389840274e-01 5.077458820466681511e-01 5.072609229108261397e-01 5.018048269220082291e-01 4.858360303406371594e-01 5.024862791942432683e-01 4.834135480872237545e-01 5.062438896951420020e-01 4.923733733873812413e-01 4.773766706270817783e-01 4.887183173570682770e-01 4.860501949535035449e-01 5.071933511203641221e-01 4.927038534964717220e-01 5.147841636754524330e-01 5.095101902878773625e-01 5.047390056384412071e-01 4.951894384555119433e-01 5.114044532989584502e-01 4.984596593336618753e-01 5.032385012927786949e-01 5.110200321548816760e-01 5.027517067069242618e-01 5.018652840534930659e-01 5.107763267858705936e-01 5.057080246505959442e-01 5.020438505820035147e-01 4.841199128025540088e-01 4.906536719508591826e-01 5.072716494147863076e-01 5.080216688618840459e-01 5.003284727595891379e-01 4.954716154853997523e-01 5.051092541801420754e-01 5.016569628630899169e-01 4.965426097116461546e-01 5.074811360358227885e-01 5.073137433908679883e-01 5.031578201270983097e-01 5.040036994634350398e-01 5.035983413798221786e-01 5.077080922787439166e-01 5.114711425474369744e-01 5.141588814765426507e-01 5.039595266138263696e-01 5.120938636936115396e-01 5.134814576499256988e-01 5.136877061145380674e-01 5.157312496487928000e-01 5.123019090849841861e-01 5.122499323602864862e-01 5.054527701063415979e-01 5.050306357099137999e-01 5.118508315742861248e-01 5.130689532763356153e-01 5.174795879593435677e-01 5.061001653093736286e-01 5.157839368504895106e-01 5.175481509123230905e-01 5.165866964563813335e-01 5.042525732034873753e-01 5.109223080300480113e-01 5.102107459566294079e-01 5.076795492603217719e-01 5.123953516558930055e-01 5.077840156675046401e-01 5.154238957928111153e-01 5.087165452454005532e-01 5.155218333656885754e-01 5.111655931523242380e-01 5.111895246290837358e-01
1.278505073289400856e-02 1.056156673354273073e-01 2.489449332609434129e-01 3.740217389032637896e-01 2.987278602080291612e-01 1.000000000000000000e+00 5.072886996811225568e-01 4.961274966759936511e-01 4.854050254395564368e-01 4.593432491645181859e-01 5.078905069054782118e-01 5.347056459285740582e-01 4.828942130917712738e-01 4.959860925218775862e-01 5.567305062529221971e-01 5.380748892325286636e-01 5.026656344223746631e-01 4.928235448094183124e-01 5.061122156691927332e-01 4.372649548931418217e-01 4.611123813028408791e-01 5.313257504049374580e-01 5.072971826459516942e-01 4.744796112734759874e-01 5.030935024757704488e-01 5.242751344108814715e-01 5.177010850410992404e-01 5.345826533490865007e-01 5.051731700898313138e-01 5.220527012165067093e-01 5.397056486764156835e-01 5.476142605890448323e-01 5.194294871570482863e-01 5.326679616568680276e-01 5.278213138184959519e-01 5.264633263073251745e-01 5.283218906834071804e-01 5.516383690697220787e-01 5.602387318798629501e-01 5.378983214747603547e-01 5.510635751443915265e-01 5.528910170390006762e-01 5.488426343690772091e-01 5.598596975042775536e-01 5.544497434429125349e-01 5.598047042949843011e-01 5.554343248860057480e-01 5.547329389317817716e-01 5.522872059733529015e-01 5.302047981027316892e-01 5.441013758993525906e-01 5.327275419958875657e-01 5.485054196669904014e-01 5.501909994026785711e-01 5.494920506358115242e-01 5.526836373937701330e-01 5.390625042854712001e-01 5.543622845932887344e-01 5.509964294361319181e-01 5.611258942433847707e-01 5.556695338126811379e-01 5.563609051038266307e-01 5.464373185709289205e-01 5.431069043475801328e-01 5.446633306496231341e-01 5.467058719725960136e-01 5.564774746927393378e-01 5.636171146613599969e-01 5.640887849063749293e-01 5.617251207777747002e-01 5.679983550281166860e-01 5.621470314908422194e-01 5.541635722139142128e-01 5.616283900530719686e-01 5.586859479409423956e-01 5.556214182432442916e-01 5.608803992587690912e-01 5.511484515390716599e-01 5.499754718712002166e-01 5.496894047896653257e-01 5.522889755719061489e-01 5.548298859471856304e-01 5.604389067738095864e-01 5.530021394452476757e-01 5.555380510112901682e-01 5.568098028867589644e-01 5.562258520985031707e-01 5.642737390437591039e-01 5.638948028915951038e-01 5.614686027916351296e-01 5.616876942161302955e-01 5.640213189684972761e-01 5.598353121383972120e-01 5.603227605586498239e-01 5.570855599519416446e-01 5.588999301683186260e-01 5.532648585737323099e-01 5.464753009117286897e-01 5.606096955338427668e-01 5.610555616119451416e-01 5.594886441783047948e-01 5.565682616856663101e-01 5.561528381270697263e-01 5.608161833525174833e-01 5.592998600999982139e-01 5.531581657604808244e-01 5.570279958839137180e-01 5.598957834167215264e-01 5.644213869770166037e-01 5.599478889637630186e-01 5.615506565004213524e-01 5.579483553635846693e-01 5.597902250284592096e-01 5.541200372808923191e-01 5.547193897224971249e-01 5.533379996734407724e-01
1.070193680720823992e-01 1.503881169217212432e-01 3.393995867544886691e-01 5.887690988886530308e-01 4.583100095009548514e-01 5.072886996811225568e-01 1.000000000000000000e+00 7.154098404206483686e-01 7.222241056302993734e-01 6.703265792322725680e-01 7.497187287351180229e-01 7.889292916576299275e-01 7.202850261927435938e-01 7.222074364799849766e-01 8.224716545208045071e-01 7.973933020915526804e-01 7.467498585297709379e-01 7.420901937955944883e-01 7.559953450546305076e-01 6.532771517973641195e-01 6.884180306634032354e-01 7.889258312628818492e-01 7.805411083562163732e-01 7.207448871127852819e-01 7.427401602374138490e-01 7.985303296942380946e-01 7.825040107398472111e-01 7.962684437292797401e-01 7.650185483223955751e-01 7.775090003928831761e-01 7.864416710092108076e-01 8.130833213444118579e-01 7.561266787764250319e-01 7.986003632848739375e-01 7.831861955483052640e-01 7.909402326336230082e-01 7.861480321522317238e-01 8.170947675389060860e-01 8.190219684812493073e-01 7.976437485152912954e-01 8.108371604498315621e-01 8.149607988285145765e-01 8.208825353649749079e-01 8.196634922182126637e-01 8.117342412860074630e-01 8.171492080739797270e-01 8.030818405593397324e-01 8.064798617209176790e-01 8.101932554025653710e-01 7.880826555933455602e-01 8.115735215550239356e-01 7.953800522493910119e-01 8.077485151391211593e-01 8.106407161027335828e-01 7.992998850395987009e-01 8.210519246959663286e-01 7.981031540031262583e-01 8.047271920584659899e-01 8.059598086991240917e-01 8.105701679122930825e-01 8.194593256684750138e-01 8.091093321929553328e-01 8.032037815085751875e-01 8.077095075894584753e-01 8.026354781942794947e-01 8.067294408634739789e-01 8.096560042780951427e-01 8.214256022194336149e-01 8.248694697944386478e-01 8.202321633025693171e-01 8.243760752881799103e-01 8.214387810496290854e-01 8.187940079183730901e-01 8.175524073255094892e-01 8.176880328216457050e-01 8.167737586105585645e-01 8.183452981229213385e-01 8.098351696374109787e-01 8.143452253910096195e-01 8.069528335632280003e-01 8.080442932825310232e-01 8.066366116822974996e-01 8.223377506519830016e-01 8.097466707792474461e-01 8.137444968381829513e-01 8.161335871609166626e-01 8.110206203347745113e-01 8.194330628185880760e-01 8.178247229181341282e-01 8.239752278292025167e-01 8.157846149468966912e-01 8.184103301314343826e-01 8.141837214901662678e-01 8.145849972774510395e-01 8.059521608180154617e-01 8.091456920938129294e-01 8.085348368146481057e-01 8.029877807693237557e-01 8.141984114628351143e-01 8.128017660469282202e-01 8.167766863273944189e-01 8.126944622542908725e-01 8.109882411405290314e-01 8.151379054225262877e-01 8.174526099143760716e-01 8.097590514005322815e-01 8.111181878371278575e-01 8.136087726974227108e-01 8.177799476314893123e-01 8.102810372692982321e-01 8.127261112377042185e-01 8.098902599474919750e-01 8.109184823465005465e-01 8.117317221951542150e-01 8.106178108716608488e-01 8.076868292794924242e-01
3.461497674289950449e-02 1.149983287180502134e-01 3.373219574518173114e-01 5.330992738194586522e-01 4.764464452854651477e-01 4.961274966759936511e-01 7.154098404206483686e-01 1.000000000000000000e+00 7.117391501048487834e-01 6.544587222732797249e-01 7.318092691384880943e-01 7.807197365086870899e-01 7.263936856948984833e-01 7.139157910072867486e-01 7.988285334405337279e-01 7.913494814153818613e-01 7.134422324688326489e-01 6.825355001172089819e-01 7.051604874049963723e-01 6.259073974833587739e-01 6.530012473152567720e-01 7.325472212752355272e-01 7.068606184574216522e-01 6.444752225336098927e-01 6.713378576365304218e-01 7.537030067651379062e-01 7.592664247304394820e-01 7.617878944094897964e-01 7.210148823977680088e-01 7.448398121798440741e-01 7.787032960294115735e-01 7.828261062915332635e-01 7.346206642202923742e-01 7.793661891226261185e-01 7.645964969107609255e-01 7.801307204870979728e-01 7.681680278788195482e-01 7.996958964041248619e-01 8.076504485595973337e-01 7.794160180426245033e-01 8.003733831991449721e-01 8.048112160304344842e-01 8.031824311259934124e-01 8.106172616863490665e-01 7.969690169903024257e-01 8.037089864882399626e-01 8.028128889316779038e-01 8.027825119615494831e-01 8.036382084304404261e-01 7.923812354522907775e-01 8.053698405565362650e-01 7.774367055413435867e-01 8.027583995347202794e-01 7.974351168936808509e-01 7.826365514292747960e-01 7.955833647055615687e-01 7.918208517817678649e-01 8.020185069355901808e-01 8.036050523044589999e-01 8.057378642899731824e-01 8.123368634292361667e-01 8.013727057963054845e-01 8.064268254312002560e-01 8.062082980297572421e-01 7.945981168595487310e-01 7.928370916087301712e-01 8.059691511810331832e-01 8.062765763758974469e-01 8.089453953879127690e-01 8.079422683723430643e-01 8.038496663207923554e-01 8.034501580717596791e-01 7.880337193011132113e-01 7.949743156702966385e-01 8.065318096586797658e-01 8.047467360288299565e-01 8.053530460248309319e-01 7.971087270392016588e-01 8.010921069202493472e-01 7.983265651790882877e-01 7.963524975395438465e-01 8.040499418507047746e-01 8.121582584198464572e-01 8.020093113966731968e-01 8.116333483487666589e-01 8.105035506492949127e-01 8.084542803724851234e-01 8.149672746199646545e-01 8.159284976556642199e-01 8.113079298470819989e-01 8.089871025136562421e-01 8.136995988123447709e-01 8.087032002953197241e-01 8.097882405508604053e-01 8.082441311902843761e-01 8.092267706441171882e-01 8.170398458043430789e-01 8.110971900520809186e-01 8.170097019660971238e-01 8.148191977686201071e-01 8.185256963332683267e-01 8.178670841243782519e-01 8.102879364036197352e-01 8.158952890822606108e-01 8.170674921524123668e-01 8.116439126888520539e-01 8.141787030838526507e-01 8.093623872608070036e-01 8.116795553820567166e-01 8.106389089045374918e-01 8.125549506597660177e-01 8.099392282097505058e-01 8.090869172879567861e-01 8.155961281248684802e-01 8.064028429300331702e-01 8.060208081797802793e-01
8.421691643173875863e-02 1.445996074333558146e-01 3.666352734447503314e-01 5.375398099181598610e-01 4.567806262694612540e-01 4.854050254395564368e-01 7.222241056302993734e-01 7.117391501048487834e-01 1.000000000000000000e+00 7.410380689445126290e-01 7.996592986818149562e-01 8.337506238101458633e-01 7.505456061856753402e-01 7.706518413782772470e-01 8.588047252431280087e-01 8.415320666601844302e-01 7.880192559268639485e-01 7.372279570681943284e-01 7.526520155548581670e-01 6.185929825616640620e-01 6.795298403839735712e-01 7.898808891249797792e-01 7.681219415715555554e-01 6.998073386977026189e-01 7.360134827062604357e-01 8.376207722710572456e-01 8.427170250496295312e-01 8.450443364265346480e-01 8.168927140109473184e-01 8.414470279514930651e-01 8.692488768585103776e-01 8.475663310326835287e-01 8.022503582151996326e-01 8.455792351857245315e-01 8.397722691425992814e-01 8.242730482576489104e-01 8.557018864702693461e-01 8.569807812563228211e-01 8.705348455712461631e-01 8.144039433978231823e-01 8.711176225842834908e-01 8.660550678195237939e-01 8.399024596852211477e-01 8.753904896085763498e-01 8.601019460477911105e-01 8.687101048368668366e-01 8.793986283671877402e-01 8.789579435084610148e-01 8.745437683213246327e-01 8.393225653105088613e-01 8.671099761900421532e-01 8.155583107966222212e-01 8.634328782962781279e-01 8.703391613767714752e-01 8.431456489456657932e-01 8.620885827062526596e-01 8.473101323574129262e-01 8.681851006322551800e-01 8.738030887687165960e-01 8.785781957968680222e-01 8.774396556731282049e-01 8.702107757554988776e-01 8.650520804046157863e-01 8.746504286642717840e-01 8.767879824323941973e-01 8.652093598255218287e-01 8.817456316153819973e-01 8.754269964163321482e-01 8.796591045288858490e-01 8.590161632347155241e-01 8.669237943901244581e-01 8.791260619135603527e-01 8.610444434697701599e-01 8.656807624971630810e-01 8.851653657844122947e-01 8.809157265308830143e-01 8.799828834670595512e-01 8.794647662370579377e-01 8.791914948842337596e-01 8.839793996787261854e-01 8.805993315311927416e-01 8.853063570233981050e-01 8.789289333025064321e-01 8.810522711184385347e-01 8.739455176265005232e-01 8.799614982399139862e-01 8.801884831666925146e-01 8.777405187466676972e-01 8.819190000794185913e-01 8.726112694156396010e-01 8.748133864847951191e-01 8.804070550491581715e-01 8.766575088945509631e-01 8.791880779468372875e-01 8.800338595757144500e-01 8.809642091950358189e-01 8.559606092491640617e-01 8.615029681776611437e-01 8.775398278313316647e-01 8.776947780114288111e-01 8.701313819736670174e-01 8.730522988660281980e-01 8.748383897464684367e-01 8.793085696633100579e-01 8.717123516955559426e-01 8.654283008015895007e-01 8.790041190012142236e-01 8.808333232958465153e-01 8.770866258065788124e-01 8.819876769169732178e-01 8.752847174735682856e-01 8.816241852747909169e-01 8.772418829552374175e-01 8.794837925314707983e-01 8.821455698510917154e-01 8.748334256668303111e-01
6.112205072475741796e-02 1.685521609968677059e-01 3.329572696288789491e-01 4.905629006197870789e-01 4.229534945746570851e-01 4.593432491645181859e-01 6.703265792322725680e-01 6.544587222732797249e-01 7.410380689445126290e-01 1.000000000000000000e+00 7.349786633102579625e-01 7.663545507969188320e-01 6.857370601055676751e-01 7.101548530880430476e-01 7.919720989819366563e-01 7.733464756059590384e-01 7.071819013241139595e-01 6.841609041326754959e-01 7.081822921251901271e-01 5.350671457734178516e-01 6.276203340932656749e-01 7.293451159581517684e-01 7.264025913918281674e-01 6.685663921673463683e-01 7.060724465345643575e-01 7.830106908482418193e-01 7.876208850519280658e-01 7.886627726126026472e-01 7.703886293083109793e-01 7.977949458128245075e-01 8.125366450067806889e-01 7.827897281850139111e-01 7.439471686481849977e-01 7.821678881750473433e-01 7.845847497861236919e-01 7.551519951678773435e-01 7.977298153544620796e-01 7.987515397389740590e-01 8.078687783956802759e-01 7.638165018351036339e-01 8.043545739492876656e-01 7.981371390455221926e-01 7.824872335539644341e-01 8.047032255249766397e-01 7.978287567723872931e-01 8.073553731701810232e-01 8.093700143958670878e-01 8.120717875760111726e-01 8.013336307221047283e-01 7.612779776137715837e-01 7.980592868153087993e-01 7.367156453163302698e-01 7.882645278960943580e-01 8.059896500716159373e-01 7.905070636985163102e-01 8.027144844049860506e-01 7.730793329137616299e-01 8.026485229712934100e-01 8.082971614617022738e-01 8.066500297010547049e-01 8.054971379132195297e-01 8.036090006645125738e-01 7.949142808961351392e-01 7.999552294444459699e-01 7.922927002885188363e-01 7.928115095727540362e-01 8.097040112314562998e-01 8.106324063280965220e-01 8.131770801202321541e-01 7.854027798126274051e-01 7.992302752219472284e-01 8.164237514831877984e-01 8.036821231498062490e-01 8.085292742133454169e-01 8.185209382213393114e-01 8.173140140460208869e-01 8.171977549575308863e-01 8.180944589104127695e-01 8.214530321344227781e-01 8.206432161249122004e-01 8.172422039130847748e-01 8.176247148691619948e-01 8.056634328008301926e-01 8.164778111563654184e-01 8.028722326344260862e-01 8.107616652104964183e-01 8.130826258243688542e-01 8.106080970256619445e-01 8.134071512782649060e-01 8.065216713889644673e-01 8.085790164104891264e-01 8.122575193583461139e-01 8.088372159327800182e-01 8.123567933000663821e-01 8.118696413233796871e-01 8.116084907887113342e-01 7.791800531481449799e-01 7.803534256059641017e-01 8.023142781813551450e-01 8.033824866080969684e-01 8.002530261960063562e-01 7.970546623463757863e-01 8.008372887005072993e-01 8.077966576885408090e-01 7.973973684360419201e-01 7.915215134217931103e-01 8.065619866841045038e-01 8.132623393029012604e-01 8.126869359736411669e-01 8.084737834128965517e-01 8.053330423104880786e-01 8.112815438708963489e-01 8.061037775754325008e-01 8.050958399251429976e-01 8.054275386355425059e-01 8.021179122032644493e-01
3.474659178487263245e-02 1.529242914035966461e-01 3.625312191731552836e-01 5.650836530494088850e-01 4.752495071379312930e-01 5.078905069054782118e-01 7.497187287351180229e-01 7.318092691384880943e-01 7.996592986818149562e-01 7.349786633102579625e-01 1.000000000000000000e+00 8.589816451207935577e-01 7.742468812043498128e-01 7.818986060458796850e-01 8.678017776478755829e-01 8.604697420043373457e-01 7.800222846703560586e-01 7.565987361766504105e-01 7.767825351618404817e-01 6.401052277042871275e-01 6.878712931975716760e-01 8.011468471665246227e-01 7.783345005658859339e-01 7.091566991621877092e-01 7.479931661978466151e-01 8.408319387777024589e-01 8.475289723955833354e-01 8.452767952368944737e-01 8.146508431200171207e-01 8.440307969018322476e-01 8.699750214265077330e-01 8.594845400645262368e-01 8.182213980694329480e-01 8.535498245020702868e-01 8.523022156339778999e-01 8.425755970999746491e-01 8.576315241104528475e-01 8.744941785740012463e-01 8.856147985467028860e-01 8.426515053797741794e-01 8.768130738928620049e-01 8.783995310348481356e-01 8.617635573959744333e-01 8.859359963119313175e-01 8.750129076444250753e-01 8.776548276381835878e-01 8.817589743002692826e-01 8.853924054987016845e-01 8.813842413634507267e-01 8.516975980281517034e-01 8.802992187310355598e-01 8.362884560873530271e-01 8.731494430483410785e-01 8.739483415692952395e-01 8.555134812182463300e-01 8.716374107679178973e-01 8.562022029427626135e-01 8.780634567192656670e-01 8.801297495105013802e-01 8.833870953981436402e-01 8.850280801448255907e-01 8.785412580531789528e-01 8.755205173694068366e-01 8.802685374390607498e-01 8.729977565765068004e-01 8.699039989362600256e-01 8.854631337056015905e-01 8.840271478681948070e-01 8.872550197614044176e-01 8.744108136676647103e-01 8.785352080880417525e-01 8.876714481815510815e-01 8.690357423073116205e-01 8.750560171751624594e-01 8.917747156718716095e-01 8.889102078122422812e-01 8.884867111724044086e-01 8.832186839678657364e-01 8.854847259812680393e-01 8.868090421065637496e-01 8.838038900806581832e-01 8.876395397972067780e-01 8.868741852031779560e-01 8.884984609343656858e-01 8.824927199185831350e-01 8.875008044702726862e-01 8.899515194979248367e-01 8.891342387201057740e-01 8.910614642012550934e-01 8.851598603245344199e-01 8.887995959083527797e-01 8.897261765639169484e-01 8.864969259786639189e-01 8.883276074220888274e-01 8.874102779298955745e-01 8.881493590696868390e-01 8.733853168173988379e-01 8.713618151435079673e-01 8.864974221728467718e-01 8.867376757692648770e-01 8.843846370711565541e-01 8.852751232521235414e-01 8.859162198447382286e-01 8.888907309384789235e-01 8.841675444340991730e-01 8.763404758541719630e-01 8.868236238084586942e-01 8.894529386745962940e-01 8.886384580449773196e-01 8.888218869815326384e-01 8.862932931490358213e-01 8.877769480023083304e-01 8.856394182723629216e-01 8.865557568464889071e-01 8.853208649419953558e-01 8.822518533616194869e-01
1.316692215223175082e-02 1.433431950433409763e-01 4.014742376835609416e-01 6.320481247131900515e-01 4.983427021491654840e-01 5.347056459285740582e-01 7.889292916576299275e-01 7.807197365086870899e-01 8.337506238101458633e-01 7.663545507969188320e-01 8.589816451207935577e-01 1.000000000000000000e+00 8.217572417674293694e-01 8.240193709921218579e-01 9.166316075830164278e-01 9.040299628493070339e-01 8.190438456835510417e-01 7.752901630812366607e-01 7.910642456360675867e-01 7.031754415217805754e-01 7.192307069552166254e-01 8.310056791489338623e-01 7.913850014283156931e-01 7.168796151421715779e-01 7.538865955651485873e-01 8.628280514307340443e-01 8.822906723633536785e-01 8.699476048472808420e-01 8.297690973640792222e-01 8.659720483808867053e-01 9.092278301490416270e-01 8.964088033918793386e-01 8.399190970999819150e-01 8.871447211999409221e-01 8.828572786363151348e-01 8.838823297067761597e-01 8.842121989630695733e-01 9.182579723864040533e-01 9.298336271836797895e-01 8.829571525711652491e-01 9.219570833794269449e-01 9.235860934848599824e-01 9.115408873527092171e-01 9.342338118955969550e-01 9.198797747091308485e-01 9.262364924565626989e-01 9.358801370158132960e-01 9.375041473705123529e-01 9.343257689422651557e-01 9.022653453606365170e-01 9.274032845680577619e-01 8.884013491575772914e-01 9.271299658423225454e-01 9.286396195891021277e-01 9.101559467916908730e-01 9.235607673255248340e-01 9.145156704999386488e-01 9.352443453989539579e-01 9.333917834836641392e-01 9.386278085735375587e-01 9.409788352695706015e-01 9.354705122401597572e-01 9.324128295329489058e-01 9.349646662524024876e-01 9.224198710821763791e-01 9.291050867816924574e-01 9.386366293621155599e-01 9.290939583248891687e-01 9.316211184697000824e-01 9.287855639451111367e-01 9.247359012338975948e-01 9.314817160114434724e-01 9.072118536374410569e-01 9.154765005291859437e-01 9.367439679479910852e-01 9.348956278600084602e-01 9.306952346790522412e-01 9.243024506934812701e-01 9.290529167191831084e-01 9.298311374566790022e-01 9.285155316170184969e-01 9.356149268938731556e-01 9.350284080599589043e-01 9.330525802936709967e-01 9.315105135051975349e-01 9.326340625725353384e-01 9.362638327776171554e-01 9.402477050245395818e-01 9.407173160355682962e-01 9.337981489433918592e-01 9.332590841694899941e-01 9.408712500752937080e-01 9.365400692006246031e-01 9.403853824634218483e-01 9.414785434394975505e-01 9.418759637089101355e-01 9.316356067936093499e-01 9.284377020203563591e-01 9.420625889933390562e-01 9.392848843386248925e-01 9.376899829947096254e-01 9.402264330795961911e-01 9.426525660991249556e-01 9.446090353635832049e-01 9.406243130516408479e-01 9.353828396992529548e-01 9.424807581826523117e-01 9.408704280311670498e-01 9.410936844230574083e-01 9.419834982317782934e-01 9.400451744981660473e-01 9.420850352914920123e-01 9.408425383606241477e-01 9.423365753524159949e-01 9.385270161525074428e-01 9.407106333160161205e-01
2.743009781113912512e-02 1.288652040001008747e-01 3.725785520725797273e-01 5.668680809173303192e-01 4.901432257560200956e-01 4.828942130917712738e-01 7.202850261927435938e-01 7.263936856948984833e-01 7.505456061856753402e-01 6.857370601055676751e-01 7.742468812043498128e-01 8.217572417674293694e-01 1.000000000000000000e+00 7.466180806216949906e-01 8.352168100065882062e-01 8.264065045073519800e-01 7.413466419167761279e-01 7.001348716485596979e-01 7.253331185833445938e-01 6.322078481153213803e-01 6.537467637405848242e-01 7.519346296226603332e-01 7.186526162404106577e-01 6.569317956925853075e-01 6.870459674144380191e-01 7.842387942519571942e-01 7.925180170756384035e-01 7.845370576496689674e-01 7.438889734691565003e-01 7.779113083019730812e-01 8.184683719209850938e-01 8.084719653562830732e-01 7.605120614636045051e-01 8.023466338313507418e-01 7.983767891149315954e-01 8.103393813867093565e-01 7.990158151128164965e-01 8.268045510934876052e-01 8.380466036673550612e-01 8.032450010966722953e-01 8.384214559211061735e-01 8.377283433229184562e-01 8.383281656323863240e-01 8.463718131105184561e-01 8.343596628101090928e-01 8.356177852644084414e-01 8.443646031012992381e-01 8.476413541606199198e-01 8.403847763513337954e-01 8.107504313995442802e-01 8.384352994729465935e-01 8.060235558868120709e-01 8.371631075652650189e-01 8.370760938396762940e-01 8.145623608481084021e-01 8.284867972930306523e-01 8.204637868765638498e-01 8.438404265198787835e-01 8.383743816797523118e-01 8.518283339568211154e-01 8.507217369106478966e-01 8.432720438368309646e-01 8.383543442315628536e-01 8.449263814299793340e-01 8.332311503966390864e-01 8.384549902006532829e-01 8.485239712779037990e-01 8.436765378486882350e-01 8.409959426868163224e-01 8.395313680867025896e-01 8.393442749130066716e-01 8.410157511897360383e-01 8.243901577901033839e-01 8.287697015177473148e-01 8.464295741987318822e-01 8.423578645670061205e-01 8.398999162002294128e-01 8.340683942933252437e-01 8.391981233180673128e-01 8.389958686865907067e-01 8.357904778999599715e-01 8.448237780635770022e-01 8.473292274767556531e-01 8.394233866202822636e-01 8.402814427951593723e-01 8.435731319044890153e-01 8.454251597419085718e-01 8.505686159677522395e-01 8.497308323017119802e-01 8.483182145357529569e-01 8.444352141898580077e-01 8.491458199664569939e-01 8.476184978402835357e-01 8.505543777099376923e-01 8.507901450195870519e-01 8.503496601378276454e-01 8.419472508482087614e-01 8.358915084544656926e-01 8.501202578484765571e-01 8.477270508455884146e-01 8.529557457833533141e-01 8.481557999102533607e-01 8.491548997955884470e-01 8.538143530824673366e-01 8.519048907818946859e-01 8.440302588734364120e-01 8.502084872018451644e-01 8.477018472555754025e-01 8.499260948253772874e-01 8.514667261144542865e-01 8.482757911374319004e-01 8.528036418792495077e-01 8.486411850170846316e-01 8.533564526965686792e-01 8.467520648539458294e-01 8.474512645704204150e-01
