1.000000000000000000e+00 8.363583466292817681e-02 1.464633795670054472e-01 8.067706293693580055e-02 2.064091063070194396e-02 1.602926830020032223e-02 2.015293608672646952e-02 5.313242131393028367e-02 1.082150681019943272e-01 5.372259395322592779e-02 3.210404854689968140e-02 4.115772884809235782e-02 4.234795236892292640e-03 -2.197205871594307136e-02 -6.043915614882149068e-03 2.148604740295448692e-02 4.685611814136531050e-02 6.913630685585063799e-04 -1.327189869012152142e-02 5.468549267446465995e-02 2.954094940402119882e-02 1.865918280898537854e-02 3.394138958727101890e-02 -6.476250976756186585e-03 1.668471184587787953e-02 3.270513648561532843e-02 2.034174507558758269e-02 -7.052133887310181853e-04 3.391068642179036197e-02 2.317132309742712601e-02 4.366495753138115860e-03 1.101289114005308753e-02 -4.513065317232044932e-02 -1.417345674474836288e-02 -9.407361559537048140e-03 -4.195879855848143672e-03 6.957138939909546758e-03 -2.660412394460342014e-02 -6.879037002337284672e-05 -4.153988458881091583e-02 1.253812996620601783e-03 -1.354072748588878126e-02 -2.587820138425879143e-02 -5.806187729623206450e-03 2.541254099780622736e-03 -4.999169658498307453e-03 3.674251078655575015e-03 2.271361478888217662e-03 1.505298482195624107e-02 1.644636508290368490e-02 -6.677176155675438630e-03 4.657911718883419455e-02 3.055453537017211937e-02 1.519438481392519982e-02 5.501098343660486625e-03 1.473135652260617245e-03 3.567551634473100503e-02 2.206697861747907927e-04 5.897363053376523988e-04 4.073528446204448261e-02 3.405345402265644132e-03 8.608211260728112005e-03 1.341045288036724157e-03 2.524826815607702016e-02 5.544802331721337962e-02 5.131145231464605966e-02 1.440102162227151032e-02 2.561741012102781209e-03 8.904363935090317886e-03 9.411418898783047507e-03 2.921321887618890008e-04 1.196191937716682523e-02 -2.321321425554251014e-03 -3.480412146315906008e-03 7.085939384152889486e-03 9.093560083154679854e-03 1.044416169050096455e-03 1.272677169140472818e-02 3.422713150710879944e-03 7.428320901531362125e-03 3.090173530399172811e-03 8.757747309728419749e-03 2.666212271129319092e-02 -3.904671053382698619e-03 8.751789309055554855e-03 -3.392561841113711876e-04 3.372784346891716939e-03 3.564323506647608299e-03 2.002531014304814380e-03 1.993755358929959545e-02 -8.779266514970494178e-03 -3.700958930120286632e-03 5.311989615123235801e-03 -2.452258850107773367e-03 3.788826470405809704e-03 9.587532695592598450e-03 1.910736331041304817e-02 6.202797501584814827e-02 1.454225511987640093e-02 6.789268932628003683e-03 -4.853248751150705006e-04 2.336193681793794635e-02 2.840568227831955644e-02 1.844936986173621035e-02 3.087618005755124115e-02 3.952091301785468080e-02 2.466237166217286753e-02 1.261446713883796443e-02 6.575170585694230067e-03 1.598317635141290050e-02 8.036612363935940681e-03 2.275931944240763144e-02 1.959699414823700553e-02 3.001235447845314666e-02 3.114441377809687439e-02 4.411522930931205400e-02
8.363583466292817681e-02 1.000000000000000000e+00 5.404628257972835664e-02 1.198127817311799154e-01 6.275403318727201807e-02 1.060563105458977862e-01 1.198828248332147184e-01 1.201616044445436710e-01 1.601444602376590476e-01 1.392564381400805407e-01 1.049209707188094032e-01 1.472964908664991524e-01 1.402709416494395123e-01 9.149222258153348608e-02 1.378277770838229610e-01 1.459680007430741167e-01 1.536307149845460851e-01 1.167590811121039795e-01 1.282788053770025360e-01 9.529794655086260002e-02 1.341481522902425449e-01 1.239349494399519802e-01 1.651012834089037595e-01 1.364643729105421421e-01 1.219697298062169394e-01 1.508768904528055010e-01 1.422783709807274310e-01 1.476371179459791960e-01 1.661589503405553891e-01 1.590528390101334788e-01 1.539231664475661232e-01 1.564861785926465743e-01 1.366566986780979875e-01 1.229329232761477847e-01 1.302560285323198230e-01 1.387482441076431927e-01 1.539823703869115379e-01 1.362430881968434426e-01 1.470499650157369997e-01 1.404438115898165029e-01 1.448487571328533341e-01 1.442183128779323531e-01 1.358738007722299912e-01 1.485644765565402314e-01 1.411981667576857058e-01 1.468199514081732771e-01 1.493551346733002216e-01 1.502016591092127651e-01 1.513481771156906519e-01 1.412605796532808156e-01 1.464057619083158901e-01 1.424184032846559644e-01 1.444205204685083954e-01 1.560461297454880381e-01 1.541479010262191418e-01 1.577321802715951349e-01 1.508704510742301941e-01 1.493842753935038237e-01 1.489566872474665238e-01 1.545190220157828531e-01 1.462400734540278135e-01 1.465398810051189438e-01 1.434458950694851020e-01 1.307251550994699973e-01 1.523080250702400218e-01 1.583371794832631463e-01 1.484085669655479944e-01 1.462398169653903457e-01 1.541191703148331593e-01 1.470910694271194696e-01 1.418719141240624426e-01 1.445363673840869001e-01 1.453337620469996039e-01 1.457776099119213742e-01 1.501082249493115861e-01 1.508961376725357906e-01 1.528056963565362081e-01 1.570666916458066664e-01 1.518865065207678222e-01 1.567177618319104959e-01 1.549283970324833171e-01 1.530202244768413544e-01 1.485216620293157153e-01 1.498139198949753337e-01 1.455797989408906534e-01 1.475921471157218001e-01 1.481370125764636947e-01 1.517199242216134836e-01 1.462239204813552129e-01 1.568771369821453099e-01 1.438211183003111626e-01 1.478015999278118331e-01 1.455463308685901735e-01 1.502456658430436909e-01 1.500010281622107811e-01 1.535240562344100668e-01 1.484591291579951400e-01 1.543669251914323581e-01 1.500292591800581055e-01 1.491052831909938925e-01 1.467481821795199592e-01 1.516832983604770313e-01 1.547289517195336306e-01 1.533276392705842095e-01 1.509619283035418535e-01 1.551465922009394593e-01 1.543991372209270463e-01 1.499455130930149871e-01 1.535495284313218578e-01 1.522664255264568334e-01 1.539373253809636632e-01 1.540183137394589008e-01 1.527428677413264213e-01 1.488501211927069634e-01 1.474518275947529211e-01 1.588275958139407640e-01
1.464633795670054472e-01 5.404628257972835664e-02 1.000000000000000000e+00 3.049476867080248010e-01 1.337284003337506355e-01 1.350746232701356409e-01 2.662738963922809399e-01 2.772365107454364264e-01 2.743019261576033485e-01 2.080636026640652891e-01 2.892412437367861688e-01 2.927964258288989763e-01 2.558578589739864406e-01 1.714009586368032412e-01 2.529681192364794939e-01 2.877354929714015519e-01 2.588479781788350920e-01 3.181302590775980099e-01 2.948490974587926750e-01 2.752990489022460463e-01 3.051998200440156350e-01 2.939932307993328719e-01 3.329385900162353251e-01 3.035059458553962530e-01 3.077635050160557051e-01 2.894941606715449867e-01 2.870813545923054377e-01 2.945915465921780108e-01 3.037451771861375271e-01 2.943980921850251065e-01 2.705923226501286694e-01 2.979263121166527140e-01 2.635808821118285628e-01 2.806335889559581909e-01 2.599330766803347736e-01 2.998135981452232923e-01 3.001188587779411998e-01 2.822987036460847809e-01 2.855319637139644984e-01 2.837132297786960633e-01 2.795564598229032804e-01 2.812867038206408599e-01 2.918882646169944639e-01 2.856275864422918032e-01 2.939203548962089352e-01 2.867801006605714687e-01 2.606412952592433441e-01 2.675564291140785644e-01 2.804507864109947457e-01 2.842154054438270627e-01 2.784685631515339543e-01 3.011795702894892179e-01 2.872469105217883567e-01 2.713152994245355276e-01 2.726803139984421143e-01 2.838156002595060845e-01 2.911670192997621864e-01 2.646239737641939427e-01 2.748494405251288297e-01 2.800921013402409843e-01 2.858785799587855725e-01 2.766787828185277576e-01 2.817191392813892525e-01 2.747882602136620944e-01 2.871772994179905281e-01 2.905188899098594679e-01 2.749722130757050187e-01 2.870549886386161154e-01 2.965699427661765419e-01 2.895743192891867546e-01 2.867474739229217695e-01 2.838040945864174769e-01 3.043034441630617093e-01 2.912629587734197334e-01 2.840538093388872420e-01 2.771766546378559015e-01 2.782005647928927350e-01 2.823950440110275517e-01 2.878213352587541962e-01 2.790641440261473205e-01 2.815787485088359632e-01 2.737633176313300498e-01 2.919509897685644284e-01 2.728221974231894720e-01 2.911868145873762748e-01 2.826308590268384324e-01 2.866274359191003374e-01 2.769415596947998326e-01 2.778632300865293003e-01 2.847949171591107609e-01 2.843130649262755050e-01 2.750318287962454367e-01 2.840207259295205455e-01 2.771547161921848468e-01 2.666637767292323047e-01 2.719238877047859271e-01 2.820646820249400055e-01 2.951116591304087655e-01 2.831641820689370648e-01 2.784553795402947007e-01 2.853789942036343286e-01 2.850517021532817385e-01 2.887729608305432683e-01 2.860446516606722778e-01 2.866387737052581430e-01 2.841505863069705984e-01 2.789609618996128915e-01 2.759160080934935366e-01 2.733834731232155923e-01 2.731443241874177419e-01 2.788667749509134430e-01 2.746817875550825461e-01 2.778446913256928386e-01 2.783236460784988542e-01 2.734060473672411673e-01 2.863347042885075466e-01
8.067706293693580055e-02 1.198127817311799154e-01 3.049476867080248010e-01 1.000000000000000000e+00 2.526715342279291510e-01 2.614230097553245091e-01 4.210863784361795203e-01 4.503374691248651640e-01 4.431923618201255022e-01 3.884420950058354860e-01 4.423586622695704351e-01 5.056912982658819944e-01 4.351585397362336405e-01 3.266817914909280751e-01 4.587627845885165478e-01 4.925110172816896670e-01 4.618347489617863899e-01 4.833659241708384569e-01 4.732603162446902823e-01 4.545970854183610244e-01 4.933911933362921109e-01 4.717559399209764748e-01 5.103356524021411822e-01 4.730712233800145050e-01 4.857855820628038668e-01 5.056326600681168015e-01 4.869893928801232730e-01 4.981106404201420812e-01 5.117315401367259486e-01 5.059087338181348370e-01 4.858253887865005005e-01 5.107353675415877703e-01 4.651285219119745129e-01 4.864808519188065783e-01 4.735983120461792484e-01 5.067275528789584316e-01 5.056058229334727816e-01 4.994468414726196959e-01 5.086625511999833815e-01 5.020102382628565119e-01 5.003298477349634732e-01 5.011525170699048237e-01 5.142591177418085469e-01 5.107397834527935832e-01 5.029081984206952294e-01 5.030851373654851022e-01 4.812501396777639773e-01 4.878394365481648620e-01 5.009061289933784966e-01 4.995018176490844675e-01 5.005707684254486756e-01 5.065114709886848754e-01 5.061338444349208210e-01 4.905829286915726062e-01 4.919986983475968523e-01 5.041685422483290768e-01 5.048242726437013328e-01 4.892310974569605841e-01 4.973617289910611250e-01 4.899291864998875368e-01 5.026611084812770969e-01 4.922810782588170619e-01 4.928633212855928480e-01 4.916895322750285957e-01 4.971174245027224492e-01 4.935019818121093027e-01 4.909167946101997138e-01 5.008342509761595229e-01 5.090819548729622612e-01 5.057227783925609677e-01 4.990876200663607598e-01 4.938612850144885047e-01 5.080036628240202079e-01 5.013862819577609153e-01 4.998819100750562794e-01 4.935392222344136548e-01 4.938602143989537230e-01 5.011827379133014793e-01 4.989915892212491433e-01 4.995837173913620366e-01 4.987707016434627660e-01 4.898482946050076725e-01 5.035121515773134382e-01 4.890720575911117196e-01 5.038300222484661806e-01 4.978530077842625579e-01 5.031410901818882397e-01 4.971866181663996409e-01 4.981969491973372022e-01 4.958400457249517168e-01 5.016751982327125603e-01 4.959124654263775134e-01 5.027476479132508835e-01 4.977351229019776890e-01 4.840377562156383817e-01 4.910978156868630595e-01 5.013191131773525600e-01 5.040001564536029655e-01 4.982748990749276685e-01 4.991171681416703421e-01 5.049220269424762320e-01 4.994292216073838442e-01 5.013285262146073284e-01 5.033280105686915862e-01 4.998238193787221673e-01 4.956016804243976170e-01 4.951782437415195859e-01 4.903231855179970289e-01 4.910586875615105540e-01 4.923763579575088922e-01 4.977110486706558534e-01 4.905011814994489350e-01 4.961896069388676001e-01 4.951597981367077406e-01 4.908079128807035785e-01 4.937646421343598879e-01
2.064091063070194396e-02 6.275403318727201807e-02 1.337284003337506355e-01 2.526715342279291510e-01 1.000000000000000000e+00 2.191435768036745502e-01 3.498174708204014327e-01 3.999132118037926342e-01 3.903162259931746148e-01 3.320298474359132945e-01 3.486535586140074860e-01 4.009722923007462692e-01 3.815368016229072068e-01 3.014431491588146494e-01 4.166745004772225980e-01 4.230861441381399413e-01 3.814951113419444706e-01 3.611865344508122799e-01 3.714807466018573701e-01 3.445467661547377269e-01 3.829323860151239156e-01 3.687225976759128665e-01 3.959280947189832700e-01 3.597936254634500064e-01 3.723925126256419360e-01 4.072014632128795886e-01 4.058097235567729721e-01 4.065137685440876059e-01 4.266864784134144495e-01 4.272974119678495941e-01 4.320296596041133808e-01 4.054720137611269037e-01 3.655186519660383326e-01 3.861566721795566814e-01 4.048666237058671236e-01 4.067387474154250393e-01 4.193947551478768299e-01 4.078533559123624364e-01 4.214310611946084917e-01 3.888164708455734697e-01 4.136937532685280861e-01 4.102656490381718091e-01 4.144993896146874635e-01 4.298332434479660846e-01 4.155667636331569770e-01 4.182548444769701446e-01 4.296562425379722994e-01 4.323534542750455678e-01 4.348831082526227187e-01 4.160508509151799039e-01 4.151085427578698472e-01 3.997595119696032429e-01 4.234500142623167651e-01 4.278807161857667851e-01 4.314700012617722069e-01 4.204378971485185912e-01 4.355408984170363595e-01 4.295729244366892630e-01 4.345259081337810581e-01 4.362376198261503912e-01 4.281017031917430660e-01 4.327226490422736438e-01 4.334373541266665075e-01 4.360958630906630051e-01 4.275814594153408699e-01 4.322175396716391171e-01 4.296808725560393727e-01 4.294798451061718758e-01 4.264366908980976034e-01 4.287196857374483416e-01 4.264617768354244109e-01 4.273254336572936407e-01 4.205030949160759590e-01 4.198755356337104949e-01 4.310335122479823089e-01 4.306124588889815863e-01 4.235808412806689738e-01 4.325754780032033397e-01 4.225522739935613226e-01 4.287145320879615085e-01 4.287254947382926895e-01 4.297892501445897406e-01 4.299282664428743517e-01 4.220308002903321865e-01 4.205902229835826733e-01 4.212893582467436837e-01 4.241989737320118192e-01 4.262469099887054580e-01 4.283557818243287629e-01 4.242908569180047218e-01 4.152506569279525994e-01 4.239176565271718378e-01 4.270179566161294016e-01 4.260394166255111470e-01 4.285619151365771540e-01 4.280634468094224876e-01 4.214511402727202927e-01 4.323077924012651563e-01 4.319710127015897738e-01 4.259300369177047574e-01 4.262082039326035021e-01 4.343905145007058155e-01 4.298232320206362145e-01 4.351641296936359926e-01 4.290073697319602974e-01 4.339555434034869097e-01 4.331535227065594906e-01 4.308084250224428757e-01 4.293354758157410522e-01 4.354325986954927230e-01 4.318842141791075506e-01 4.345360448220381144e-01 4.360995066201656112e-01 4.333715276427444474e-01 4.342840572785498510e-01 4.318348913854433424e-01
1.602926830020032223e-02 1.060563105458977862e-01 1.350746232701356409e-01 2.614230097553245091e-01 2.191435768036745502e-01 1.000000000000000000e+00 3.947486377427963933e-01 3.772667381712944690e-01 4.369879930996816153e-01 4.045298191559232870e-01 4.061263057265261378e-01 4.508807574765456017e-01 4.224316440532295824e-01 3.246789733747612039e-01 4.738925211813186933e-01 4.746386240534629097e-01 4.416389776071810158e-01 3.832200628179485147e-01 4.357286888286017734e-01 4.018115200790579045e-01 4.271006730753004188e-01 4.222948291272846100e-01 4.428887424074755552e-01 4.047360429046060748e-01 4.290426464377993798e-01 4.823787748227129635e-01 4.525345990328893953e-01 4.758077729585848958e-01 4.836614342849359094e-01 4.810068973361795175e-01 4.920190801947841863e-01 4.799148961620903209e-01 4.536467366758384911e-01 4.605070166971977352e-01 4.708758833090781470e-01 4.710858925679133891e-01 4.735143561642725096e-01 4.846598531136369070e-01 4.923953780504581879e-01 4.646817208023567014e-01 4.931699809915109367e-01 4.881171602809966092e-01 4.782340558777876671e-01 4.950487426861714391e-01 4.759721983074102214e-01 4.929413653181426436e-01 5.007696054614944048e-01 5.033188606550433875e-01 5.055980762773332193e-01 4.911293404876415081e-01 4.964468771696843308e-01 4.706879073655662604e-01 4.933484912371453035e-01 5.028092418879722691e-01 4.951173069727755061e-01 4.972318459093880705e-01 4.955284443043890819e-01 5.000715604352252708e-01 5.019351880786998565e-01 4.979927802823753136e-01 5.045801048788560728e-01 4.976647487824704674e-01 5.006897168893434946e-01 4.946087179235248987e-01 4.860501614208631027e-01 4.924886310507307075e-01 4.989447462671069977e-01 4.998042096491960851e-01 5.017058622942510704e-01 5.042702946010986231e-01 4.961448710058048439e-01 4.987779807682430899e-01 4.889420191827796303e-01 4.898411839296037962e-01 5.056852564686229456e-01 5.020230206034639320e-01 5.008190252093349670e-01 5.032656558784640577e-01 4.978958880321227021e-01 5.010287238267242538e-01 5.029560432028744588e-01 5.016539920132409014e-01 5.001034581385831457e-01 5.009989376784041992e-01 5.012129871471125986e-01 4.987257970558489073e-01 4.970029225967668718e-01 5.038926347037363529e-01 4.990133728003346425e-01 4.999992249313594539e-01 4.935960442174581186e-01 5.034916784610331542e-01 5.006594686849187292e-01 5.015162703136972766e-01 5.062974712675942790e-01 5.041456104005411776e-01 5.082583765407823195e-01 5.027363359939694964e-01 5.079163487850385517e-01 5.043751272541641129e-01 5.006327926467016853e-01 5.059507704414192286e-01 5.048009247948561651e-01 5.069927637149579391e-01 4.997157312198181045e-01 5.051528846403519069e-01 5.070635533616246748e-01 5.057281937724703580e-01 5.066872177128388666e-01 5.081126377143077022e-01 5.069844294509162630e-01 5.039515269014199772e-01 5.060464310629622098e-01 5.024968557173647987e-01 4.984684682161000246e-01 4.994634640811369541e-01
2.015293608672646952e-02 1.198828248332147184e-01 2.662738963922809399e-01 4.210863784361795203e-01 3.498174708204014327e-01 3.947486377427963933e-01 1.000000000000000000e+00 6.179427657113560901e-01 6.388335589286547878e-01 5.888259164834843684e-01 6.134440738888425892e-01 7.000091882427424972e-01 6.391010052623047333e-01 5.096690147694828976e-01 7.497417154671563999e-01 7.174696121299233287e-01 6.581824186040728941e-01 6.238529613072185676e-01 6.648071307521843387e-01 6.111995415771176443e-01 6.340279326489332012e-01 6.590618758620520046e-01 6.942754557120742742e-01 6.357441196807230854e-01 6.692932353488568742e-01 7.187409199317362773e-01 7.061736238876084037e-01 7.404817608860829736e-01 7.234988536974412687e-01 7.252991712331254837e-01 7.333964470018043968e-01 7.269305938923897870e-01 6.951708740060315028e-01 7.069874736666901249e-01 6.913819788243353859e-01 7.298617400221816265e-01 7.370509213453050323e-01 7.373103905031477279e-01 7.475484517149971753e-01 7.279533549798886671e-01 7.468065070535513383e-01 7.434183956298340279e-01 7.459930771567935270e-01 7.517050732270939006e-01 7.434196722206888319e-01 7.481675963668402707e-01 7.290855930876924962e-01 7.372190128253253150e-01 7.422011426820146474e-01 7.273132803268149704e-01 7.379277011506801820e-01 7.290962456836307393e-01 7.287550188035710752e-01 7.335288189202336939e-01 7.308390664513049195e-01 7.436297575037110752e-01 7.328190851990168397e-01 7.382943178523903027e-01 7.383522648265874455e-01 7.286004006687331058e-01 7.462588923342038383e-01 7.333214802573128077e-01 7.351611397231581080e-01 7.386570883442620250e-01 7.296554463785835942e-01 7.346847668395513065e-01 7.420305495002103013e-01 7.442078758893176937e-01 7.507652553851001942e-01 7.474555621404928019e-01 7.435019656357874096e-01 7.450757930494852355e-01 7.410225163811248184e-01 7.380908649786023235e-01 7.485965132244142284e-01 7.464480090997426265e-01 7.490431212628108071e-01 7.412357894522971780e-01 7.518903831115265612e-01 7.398291021068448270e-01 7.427118113897359652e-01 7.409690157277750711e-01 7.481635034171842946e-01 7.381858803406858849e-01 7.500323198029787974e-01 7.423552185108702739e-01 7.541117161463390950e-01 7.516127834313052203e-01 7.466693952724491323e-01 7.456610128948454319e-01 7.506092530317255429e-01 7.501498368102313963e-01 7.512373455155210156e-01 7.528109942322732673e-01 7.410604672825719108e-01 7.454290211820299161e-01 7.421373264915007706e-01 7.386990811401977775e-01 7.484046141266812446e-01 7.476231479132880997e-01 7.530260387607393691e-01 7.437883488744628790e-01 7.461225495739696179e-01 7.477174824632759620e-01 7.451231561156080874e-01 7.337373919410188350e-01 7.440590684134948951e-01 7.437802347410528148e-01 7.454789429094812458e-01 7.426935038697514146e-01 7.482388520065594850e-01 7.411137347308248691e-01 7.415763419136588430e-01 7.407750976118828712e-01 7.382748532440378542e-01 7.361849310150432313e-01
5.313242131393028367e-02 1.201616044445436710e-01 2.772365107454364264e-01 4.503374691248651640e-01 3.999132118037926342e-01 3.772667381712944690e-01 6.179427657113560901e-01 1.000000000000000000e+00 6.284952294104706461e-01 5.595041326998932973e-01 5.873707435100365970e-01 6.889242184719753803e-01 6.181742131571956733e-01 5.114977589501196187e-01 6.904672049613949092e-01 7.226971303825778792e-01 6.445545711484143014e-01 6.206419899777355642e-01 6.330954175234019266e-01 5.795503290047104850e-01 6.266759349163429915e-01 6.476768992920218793e-01 6.821145759366092909e-01 6.257215086183728348e-01 6.416768446547693738e-01 6.792998943972399228e-01 6.709352445213428995e-01 6.876506028364248735e-01 7.022081744741597298e-01 7.075586895232032214e-01 7.000278647115888431e-01 7.069193437401288804e-01 6.605515921041664740e-01 6.811623237923011276e-01 6.782708166141975248e-01 7.068900664257730115e-01 7.121676713550919580e-01 7.120654285589332888e-01 7.208228809828786110e-01 6.900002771983138050e-01 7.058880583502614714e-01 7.111160847416041486e-01 7.189186935147935387e-01 7.299691811992026214e-01 7.122991906618801883e-01 7.152065480851235169e-01 7.061937787538864475e-01 7.134892436666619986e-01 7.165135163563126630e-01 7.073012886317192605e-01 7.191720975122903869e-01 6.949331407510833669e-01 7.074345434485828088e-01 7.059742224480469730e-01 7.107204286538488791e-01 7.110469625273720951e-01 7.187907311706639435e-01 7.214809430226256648e-01 7.232126921658731389e-01 7.052695208435477703e-01 7.196362973893527526e-01 7.163804280278674996e-01 7.189122478372810265e-01 7.133740092874835126e-01 7.090421828553159500e-01 7.095863506333622839e-01 7.125041785761372370e-01 7.170009761441057394e-01 7.228669636315482316e-01 7.164332139924909360e-01 7.120200725923915286e-01 7.098999741584952616e-01 7.129813203178618775e-01 7.062463814077729607e-01 7.119175055864347401e-01 7.089498602443694564e-01 7.110399343935099870e-01 7.144233142509702761e-01 7.123591077834752205e-01 7.130757923332393666e-01 7.175059119500659666e-01 7.105941942802513900e-01 7.193143080503885400e-01 7.132473198007235338e-01 7.188813195120490329e-01 7.157856136365359223e-01 7.204579382234961304e-01 7.189630710749341791e-01 7.179891200565220455e-01 7.141137874036049826e-01 7.098701836222356398e-01 7.173557157137196993e-01 7.192928289613180759e-01 7.180608465393529816e-01 7.112339903113339412e-01 7.132395251531160607e-01 7.187979977450524860e-01 7.167696344336202952e-01 7.194137981403884163e-01 7.180002492034042172e-01 7.237781317276640314e-01 7.212399096927427644e-01 7.150978212437112402e-01 7.247979886692774709e-01 7.187548553331585266e-01 7.110767957222452473e-01 7.141490109332085945e-01 7.141299369104723294e-01 7.157358262520968628e-01 7.155152575466365850e-01 7.235975491103537882e-01 7.144633832529735384e-01 7.189603076005844917e-01 7.162359181383581852e-01 7.108521029324724738e-01 7.107610300916707979e-01
1.082150681019943272e-01 1.601444602376590476e-01 2.743019261576033485e-01 4.431923618201255022e-01 3.903162259931746148e-01 4.369879930996816153e-01 6.388335589286547878e-01 6.284952294104706461e-01 1.000000000000000000e+00 6.952741018760668634e-01 6.979754608142390016e-01 7.834668626774756728e-01 7.109740007044503818e-01 5.888468256233821974e-01 7.838999903762143839e-01 7.945466075023467356e-01 7.756780107656642276e-01 6.692432556261883603e-01 7.260860842911424085e-01 6.366566742995807271e-01 6.901006983694395469e-01 7.258178594205250134e-01 7.727595726246286878e-01 6.765191906489255169e-01 7.204071909774509841e-01 8.164339236790033594e-01 7.986032381141928704e-01 8.103294927171463824e-01 8.299439705465282424e-01 8.327868182929687446e-01 8.375491842014195498e-01 8.088070531952257225e-01 7.488561713483534721e-01 7.618253504395282594e-01 7.875418888088918656e-01 7.771282644100675485e-01 8.180255074164817231e-01 8.077805622624724124e-01 8.205951263335080625e-01 7.662226683162729479e-01 8.239664379087194845e-01 8.068114570627544779e-01 7.892725561107681864e-01 8.295874949674586496e-01 8.194072180373294101e-01 8.277479156860656495e-01 8.426156987581600033e-01 8.503182609385062651e-01 8.458143691427935096e-01 8.171221202370430037e-01 8.219303752230449067e-01 8.095829942057131134e-01 8.240869245348166894e-01 8.490217900980283616e-01 8.398344250033868974e-01 8.362568843558285669e-01 8.475311457498388990e-01 8.369240155074101351e-01 8.397354888556082253e-01 8.530910893141965268e-01 8.413522922736145215e-01 8.403838472014711902e-01 8.342944362628917920e-01 8.440902460900902016e-01 8.500646071619625266e-01 8.504595738306375274e-01 8.481609185269538553e-01 8.384796339545934618e-01 8.421025850121581779e-01 8.334453411644889842e-01 8.289962229004671501e-01 8.388399536045247906e-01 8.187746296753956043e-01 8.234975843730045764e-01 8.468780086545691921e-01 8.465044756957079697e-01 8.393124630186291624e-01 8.494460964457806185e-01 8.383091348336473292e-01 8.468156100599618652e-01 8.476227654161934133e-01 8.496207627215924818e-01 8.505588113303848008e-01 8.364764476928596704e-01 8.351516790496951170e-01 8.343362816625909950e-01 8.375150078992915637e-01 8.420088422852645138e-01 8.426529958115909213e-01 8.461468245525245457e-01 8.259259697433718461e-01 8.411325839388461567e-01 8.410365240616598514e-01 8.423630886360204961e-01 8.475501552573299069e-01 8.489635087656818291e-01 8.351543935416381181e-01 8.556956446306509534e-01 8.510391613575277736e-01 8.426726773367547718e-01 8.352757029593931293e-01 8.537832224950300253e-01 8.495994988038039208e-01 8.508587709147720224e-01 8.514324513870019651e-01 8.516833252211563066e-01 8.552852865109553671e-01 8.512572042205017731e-01 8.468570624230941091e-01 8.532421908915648334e-01 8.467569171263649164e-01 8.540888482986199737e-01 8.534753534570062028e-01 8.557860648335453568e-01 8.521569905440307124e-01 8.561841330392394589e-01
5.372259395322592779e-02 1.392564381400805407e-01 2.080636026640652891e-01 3.884420950058354860e-01 3.320298474359132945e-01 4.045298191559232870e-01 5.888259164834843684e-01 5.595041326998932973e-01 6.952741018760668634e-01 1.000000000000000000e+00 6.347662783561047739e-01 7.133663170210857718e-01 6.456239874086808772e-01 5.745754535131711860e-01 7.475549054347525590e-01 7.270357829387478210e-01 7.089598172184146119e-01 6.158356631857565544e-01 6.822826744460408488e-01 5.760531545780099849e-01 6.417808695926593421e-01 6.771033155899051081e-01 7.080298676175383887e-01 6.413452517003727094e-01 6.704047239417730841e-01 7.608474773295235138e-01 7.459547997022060173e-01 7.542236049019351851e-01 7.720041168857724179e-01 7.816276466617330110e-01 7.907658100479700858e-01 7.532487678719456126e-01 7.253529933605038504e-01 7.276426044775332613e-01 7.458921794802775285e-01 7.290285238778543286e-01 7.591894355529964500e-01 7.620160933538131509e-01 7.765547727201798089e-01 7.397570253019242204e-01 7.797125334368862903e-01 7.647100294583339952e-01 7.493007808746523501e-01 7.755035770372771253e-01 7.705108932723213622e-01 7.763092937577603658e-01 7.940867688473582930e-01 8.008014653924135917e-01 7.858672629063429005e-01 7.518367691892392513e-01 7.738592173324514434e-01 7.359990493953878499e-01 7.543194513596064299e-01 7.935438326944714849e-01 7.879890133540148334e-01 7.876460527919911803e-01 7.721934634200590120e-01 7.853797216679931914e-01 7.850678804971655822e-01 7.853617097701443006e-01 7.858153253616599887e-01 7.809665052749802383e-01 7.746142060005654084e-01 7.716032344947867383e-01 7.764249979584276762e-01 7.863718410598050657e-01 7.926345436741325523e-01 7.900638010090487162e-01 7.930190164349982807e-01 7.849780121800118415e-01 7.847871518649813805e-01 7.912989367916497541e-01 7.747991526266204687e-01 7.804319582085204043e-01 7.968494178166886099e-01 7.955385835860340205e-01 7.927078517800084656e-01 7.975017075683995538e-01 7.915390809982747466e-01 7.986087977309400676e-01 7.940900843125563435e-01 8.002696863310801989e-01 7.922946540649667968e-01 7.884295914328607324e-01 7.861822096234757362e-01 7.882439551245017384e-01 7.920600006681970395e-01 7.965237865310395016e-01 7.957934522655434328e-01 7.944393538183016634e-01 7.870652531635979887e-01 7.959375823866057242e-01 7.940999377625236333e-01 7.967697557825990096e-01 7.986897223315974070e-01 7.992928530650318386e-01 7.774750334405456931e-01 7.760332243664647134e-01 7.937001996682220284e-01 7.920349974027887097e-01 7.879798603519002631e-01 7.920418510653642885e-01 7.901679156984849905e-01 7.926678782557610159e-01 7.919950931449114551e-01 7.824288959660274934e-01 7.982808384376288702e-01 7.986557920675076971e-01 7.993976264184121661e-01 7.967191301699733108e-01 7.943951400379528627e-01 7.971544257673089939e-01 7.924458252971806616e-01 7.909927752422613034e-01 7.922037079218983147e-01 7.918705704641944010e-01
3.210404854689968140e-02 1.049209707188094032e-01 2.892412437367861688e-01 4.423586622695704351e-01 3.486535586140074860e-01 4.061263057265261378e-01 6.134440738888425892e-01 5.873707435100365970e-01 6.979754608142390016e-01 6.347662783561047739e-01 1.000000000000000000e+00 7.603006281669620892e-01 6.749450241001019313e-01 5.584595358594780512e-01 7.508666220175312933e-01 7.490657767373184450e-01 7.218977142705998995e-01 6.591577669764355774e-01 7.068775784243989113e-01 6.271891756606641222e-01 6.850236529185540491e-01 7.030227107833963984e-01 7.374388129399079839e-01 6.830770749801278185e-01 7.149976869578115179e-01 7.805859950478168940e-01 7.617312357456332839e-01 7.764084081938745774e-01 7.768817507241758680e-01 7.938848928469152133e-01 7.982682507024683183e-01 7.790323625081162495e-01 7.425767033489933944e-01 7.493088946193245947e-01 7.541030365834856530e-01 7.587816468883240573e-01 7.814795516900950867e-01 7.771166078233500141e-01 7.909345130724019235e-01 7.643183045957488986e-01 7.903503352505498736e-01 7.872002922233050093e-01 7.780850618432515464e-01 7.909217362822474895e-01 7.853229664029707235e-01 7.876846779513078101e-01 7.967756804156406192e-01 7.943791255092248482e-01 7.966099685513839956e-01 7.777567543248562476e-01 7.870356995280434198e-01 7.702502617140629670e-01 7.718323248526128832e-01 7.884430044946684202e-01 7.867114415558245089e-01 8.007650511407400362e-01 7.814595472841933121e-01 7.929661740845423967e-01 7.890075696121335858e-01 7.853253173495915451e-01 7.970420824627303391e-01 7.821596123018025315e-01 7.819753146203791694e-01 7.841438565934963911e-01 7.868185548683775954e-01 7.830146305189723543e-01 7.976269421576612784e-01 8.007234637655561427e-01 8.024199392563904354e-01 7.987761554075104575e-01 7.978618363036935612e-01 7.988070942554794662e-01 7.907436624694023086e-01 7.955090669084380339e-01 8.061818344522982960e-01 7.992636347471701042e-01 8.008900953891514574e-01 8.034003154411809566e-01 8.009079627920991928e-01 8.047330458014151366e-01 8.020049392284445133e-01 8.017156954159697646e-01 8.015122915810439785e-01 7.927389475518868966e-01 8.013915187079686531e-01 7.981793667413723536e-01 8.002451044189858864e-01 8.033923404688637637e-01 8.020700677699056369e-01 8.024543082814978856e-01 8.008721020819582481e-01 8.017767226239372880e-01 8.024531180247922446e-01 8.025882698190566211e-01 7.994076093887491075e-01 8.009017377547830163e-01 7.964429221363793499e-01 7.899548272268259730e-01 8.023636168970610383e-01 8.010485002469295290e-01 7.996199219421679105e-01 8.016756904711929144e-01 7.978257372016231974e-01 8.021946931871093422e-01 8.005834139567273855e-01 7.899238249866380457e-01 8.011322517286312284e-01 7.999888170702882384e-01 7.997895849150676861e-01 7.990210502411382310e-01 7.990777047502863883e-01 7.967894391677028398e-01 7.983805304881833598e-01 7.957048054897098988e-01 7.951605005830555406e-01 7.924407793270298317e-01
4.115772884809235782e-02 1.472964908664991524e-01 2.927964258288989763e-01 5.056912982658819944e-01 4.009722923007462692e-01 4.508807574765456017e-01 7.000091882427424972e-01 6.889242184719753803e-01 7.834668626774756728e-01 7.133663170210857718e-01 7.603006281669620892e-01 1.000000000000000000e+00 7.505256731278224791e-01 6.219267958307723720e-01 8.491644959574402574e-01 8.539281131951717008e-01 8.020319305041614388e-01 7.299798400133561405e-01 7.880265695338514176e-01 6.832958546135035061e-01 7.552538827190378168e-01 7.873978424683156785e-01 8.240906835223643645e-01 7.439153145667881661e-01 7.777585733630200115e-01 8.628496699003652681e-01 8.498709274509029798e-01 8.608826189424726438e-01 8.731127581057832598e-01 8.808397036540192016e-01 8.815416645395893758e-01 8.715935321345300579e-01 8.255652158646042960e-01 8.392663850499633149e-01 8.483438927545529085e-01 8.481891215457229016e-01 8.666188139337019924e-01 8.739712851743707267e-01 8.835655194998999207e-01 8.427812604488322812e-01 8.795951233785256340e-01 8.706561554493644772e-01 8.694688986966162547e-01 8.911095791651446607e-01 8.772383731337509705e-01 8.866019070390724899e-01 8.878004323085636473e-01 8.950294268104135309e-01 8.974340372869313853e-01 8.764575528989257958e-01 8.853219756892947157e-01 8.637107694665805413e-01 8.745478642558397464e-01 8.922044931514266919e-01 8.886213711605395194e-01 8.950588961110861330e-01 8.935374275444945003e-01 8.927411572119656746e-01 8.956439621788355732e-01 8.908807825664091240e-01 8.972951278401624098e-01 8.934061861749369449e-01 8.933983856879996743e-01 8.929301387890093977e-01 8.881411887108309200e-01 8.879135798996418139e-01 8.968582862047906890e-01 8.945132530965979045e-01 8.990617137785642532e-01 8.887776627372975247e-01 8.864512672684855543e-01 8.907851332040790382e-01 8.832659358827267271e-01 8.798912841121285799e-01 8.969941630648241571e-01 8.959701317433736989e-01 8.935887869094620850e-01 8.971371187919872092e-01 8.922531308321547394e-01 8.964129312342640210e-01 8.960839602504475643e-01 8.959100515680221699e-01 8.971397302484751535e-01 8.929118644009040873e-01 8.928206522675872225e-01 8.932158062419734978e-01 8.951175208407334827e-01 8.972486779089768882e-01 8.988587250048190036e-01 8.964280362973111593e-01 8.851143190493702129e-01 8.953976580031035581e-01 8.950226918903841922e-01 8.984302013186610258e-01 8.957007461542176863e-01 8.987613089879625816e-01 8.894207225985185650e-01 8.925807351617531804e-01 9.007123927917973782e-01 8.952525440992117334e-01 8.952965824781408122e-01 9.027403360625103623e-01 8.968643223712962076e-01 9.016262493452789073e-01 8.991185586412780983e-01 8.922769031079803570e-01 8.996198634857445198e-01 8.984828143555354529e-01 8.975711755797544100e-01 8.980947205756402152e-01 9.001677171931127264e-01 8.990772794622523545e-01 9.009205058222795603e-01 8.980814073192205926e-01 8.951511859038611130e-01 8.956689822420867975e-01
4.234795236892292640e-03 1.402709416494395123e-01 2.558578589739864406e-01 4.351585397362336405e-01 3.815368016229072068e-01 4.224316440532295824e-01 6.391010052623047333e-01 6.181742131571956733e-01 7.109740007044503818e-01 6.456239874086808772e-01 6.749450241001019313e-01 7.505256731278224791e-01 1.000000000000000000e+00 5.820351269751590229e-01 7.818770400528044506e-01 7.834884413853279161e-01 7.330943436043637629e-01 6.620012712236408303e-01 7.157235320935700917e-01 6.063162115293054821e-01 6.710579393026038231e-01 7.025568073181605033e-01 7.494735212178548212e-01 6.715854299903515345e-01 7.050301242676517699e-01 7.856635548445018991e-01 7.708344561972628739e-01 7.773463647722095304e-01 7.916277074133448721e-01 8.028495976520765298e-01 8.047446302089611425e-01 7.887477756925403982e-01 7.368655358656456267e-01 7.474076349336965519e-01 7.621356271649242231e-01 7.618837796025595965e-01 7.812780395367250330e-01 7.877013098728673501e-01 8.026868433330298647e-01 7.543488958367883246e-01 7.998263910718831360e-01 7.942075935983837764e-01 7.872635196142164782e-01 8.054734645757801736e-01 7.932689975665054849e-01 8.027272791922618334e-01 8.148936724920273766e-01 8.146602304970790298e-01 8.170559689790619640e-01 7.904386237259568571e-01 7.996790523150769658e-01 7.800947230801512644e-01 7.999417398215871167e-01 8.098377023138437769e-01 8.044920272251976368e-01 8.112529305812516967e-01 8.065046395232503551e-01 8.136531168573833961e-01 8.100789286799786604e-01 8.140009015633365985e-01 8.197706884271768191e-01 8.077182119280914563e-01 8.114757109426163906e-01 8.121506021887634486e-01 8.067581477234597731e-01 8.112383692744358221e-01 8.155319200194749429e-01 8.152175887097551366e-01 8.189656686941562125e-01 8.076461761878837020e-01 8.087307702504892282e-01 8.133312346871873766e-01 8.009969620296655268e-01 8.029858331740766797e-01 8.182459540409254828e-01 8.190076925930015461e-01 8.163268788714568291e-01 8.175923614300021347e-01 8.106836059515187820e-01 8.170398851069557988e-01 8.195946702018180874e-01 8.180430069250419489e-01 8.177188707100739862e-01 8.134863731499010209e-01 8.115368708945127629e-01 8.110766423502711042e-01 8.133237477686666717e-01 8.182455036145739324e-01 8.196013143101336107e-01 8.171502040541299694e-01 8.044498473234049651e-01 8.184213391353695188e-01 8.147475407685637050e-01 8.178489636731131052e-01 8.188411927528833623e-01 8.202702787824136532e-01 8.087800769208950413e-01 8.140898596279863009e-01 8.218829425977860481e-01 8.184442159921975213e-01 8.157397248888298424e-01 8.202316752513787446e-01 8.193729380991611189e-01 8.224822870217326498e-01 8.215603383706322482e-01 8.139665797446585804e-01 8.203367028408403705e-01 8.196723441052390369e-01 8.180851071408354880e-01 8.212548924035494302e-01 8.174959548113683860e-01 8.215136218256525735e-01 8.205885143916591407e-01 8.224579469688196864e-01 8.156436038856341719e-01 8.183752437902698240e-01
