1.000000000000000000e+00 3.027272354273701296e-02 5.142451345439590094e-02 5.974173934536606417e-02 2.013638161221644601e-02 8.862023247759641051e-03 4.936135855994033123e-02 2.474572846065836371e-02 2.762355298874341614e-02 2.212844195366833397e-02 2.174678506912264969e-02 2.134343580742507213e-02 1.727183091069241921e-02 2.209908097147012668e-03 7.484798531870730590e-03 1.537405267275506089e-02 3.553116258769738189e-02 4.748067686357448219e-02 2.106842181501657890e-02 3.238875608851720517e-02 3.721705435318391209e-02 2.863147854859676364e-02 1.377906127221721448e-02 2.466800113780520491e-03 1.159708256091779126e-02 1.804091251580398556e-02 7.625901202770447168e-03 2.455228676630054341e-02 1.753246857204771025e-02 1.724329831589132070e-02 1.191673142959460800e-02 8.113465956946204830e-03 1.897970024393517627e-02 9.346737755734234668e-03 2.027085089376683136e-02 9.928152522026124568e-03 4.456575469743587724e-03 1.567672280594403778e-02 8.484466229565331558e-03 -3.015606394693174080e-03 1.237840051448017495e-02 7.709365701938022605e-03 6.886935192220266892e-03 1.722568895031314357e-02 5.471239142731769249e-03 1.383647165674269444e-02 1.352479876387036734e-02 1.067683568763820069e-02 1.109832639454935883e-02 1.157366548795594162e-02 1.751557796095752628e-02 4.603836610453332888e-03 9.243922532911334755e-03 1.254173894071335116e-02 1.246577587251377663e-02 4.162068009658795135e-03 2.134862652760307136e-02 1.108157299185611767e-02 1.833785647614711092e-02 1.221841945430847745e-02 1.809825236840581844e-02 1.903677351858175729e-02 1.582048780923385467e-02 1.627954798851929605e-02 5.401285870692708498e-03 1.698176259378593109e-02 1.485893039199941146e-02 6.564322246289368279e-03 1.469394991654624297e-02 8.676973654640564998e-03 8.500088315660256008e-03 1.007840568150380860e-02 1.822519337285092092e-03 7.141584492854504036e-03 1.265620997070949008e-02 1.143009594125026646e-02 1.433156166428227983e-02 9.369515296436587218e-03 1.383074684535871846e-02 1.867047064642601492e-02 1.455655046756929027e-02 7.072081803291452480e-03 9.092514838451325188e-03 1.441945614215813486e-02 3.675462034345722013e-03 3.732008182905544643e-03 2.809387804720259608e-03 6.538817109470886936e-03 3.586786421306901052e-03 2.924412000736016648e-03 4.829049217091379784e-03 4.771145996899589861e-03 4.234495159090804345e-03 2.462633965466172383e-03 4.876439279597426582e-03 8.159938041432984041e-03 -3.432912056861280210e-03 1.095163419959624927e-02 3.702966891490610309e-03 2.730266149082076835e-03 1.788140178049678645e-03 6.303833619070380902e-03 1.294979542027659657e-03 3.927890876511816107e-03 4.397552967468288526e-03 1.149638832961883371e-02 8.683509223511184233e-03 7.589074213372558678e-03 8.097754709754396291e-03 1.020551890941637924e-02 4.437561743816463740e-03 8.267739958829144198e-03 9.204849959325734493e-03 2.424753179931743528e-03 6.093428261866728514e-03 8.889045153437582017e-03
3.027272354273701296e-02 1.000000000000000000e+00 9.789936602545576405e-02 1.261917699390898984e-01 1.219806280749936023e-01 1.516788073053153829e-01 1.412823615055178450e-01 1.371580339621482070e-01 1.347945231230340546e-01 1.530778689124489000e-01 1.346048104463219985e-01 1.490719988408167052e-01 1.428839312282405571e-01 1.227900418175907060e-01 1.547439007608234773e-01 1.410404339926380757e-01 1.591015854852442235e-01 1.542240808062102231e-01 1.541060433154808895e-01 1.468218389081164532e-01 1.467818764484518645e-01 1.569446427211775852e-01 1.297960584138300733e-01 1.460673531258179780e-01 1.537205917774038255e-01 1.504747181132802258e-01 1.520377215355756817e-01 1.622044001703102922e-01 1.315711588246561148e-01 1.559411120348593027e-01 1.521428131888495905e-01 1.610758006617594440e-01 1.574070168556990501e-01 1.504795937875016421e-01 1.542305264991304103e-01 1.526877540931691202e-01 1.612761364672597175e-01 1.582767078419891893e-01 1.602433077177371212e-01 1.523230198780232691e-01 1.486383741151787730e-01 1.598252622781642096e-01 1.409321482967922368e-01 1.586683070762533176e-01 1.563241908192224139e-01 1.540705025753034418e-01 1.604577474152875383e-01 1.621273320385137329e-01 1.580697350945335644e-01 1.483237217127881258e-01 1.498978928026665491e-01 1.423143057349226526e-01 1.399624286978616849e-01 1.599681830550195583e-01 1.557005228435525135e-01 1.576431837190273300e-01 1.468543037495093906e-01 1.560146365404683766e-01 1.531953801040057961e-01 1.561233023458343250e-01 1.452235458090302689e-01 1.478571201268007729e-01 1.434561233035371031e-01 1.508596339637336692e-01 1.583624310479432029e-01 1.524959726962088202e-01 1.601617936826699451e-01 1.575513923591889687e-01 1.579592295176042438e-01 1.575649719983475416e-01 1.594624207812523620e-01 1.610742378477478809e-01 1.531832221120413562e-01 1.571809498037810282e-01 1.605434705853575894e-01 1.596248153366415234e-01 1.632179108532394729e-01 1.582285149513014688e-01 1.573395158415209771e-01 1.599412610028436155e-01 1.561378490190133417e-01 1.546678689812212293e-01 1.584554721622651319e-01 1.565102672933752215e-01 1.506031109116810762e-01 1.534049751792859462e-01 1.602085521930945722e-01 1.567420750197061619e-01 1.540425991332390332e-01 1.564176206683761117e-01 1.610728529365492712e-01 1.600990011978461469e-01 1.583494174853639358e-01 1.561679021450479710e-01 1.584796785031679367e-01 1.645704108834303292e-01 1.513651304829068123e-01 1.457698892968486981e-01 1.519491957004581451e-01 1.558645235093404635e-01 1.548409615410103191e-01 1.495413490296620684e-01 1.508870107104115510e-01 1.543827525282646662e-01 1.537475757414043798e-01 1.555706781511200787e-01 1.578496388510470805e-01 1.609602040638850318e-01 1.572241762048671998e-01 1.549760519110383039e-01 1.575373287422150159e-01 1.565073897049783225e-01 1.509778569554040828e-01 1.510490029897395559e-01 1.581881006114961019e-01 1.528437807617385458e-01
5.142451345439590094e-02 9.789936602545576405e-02 1.000000000000000000e+00 3.472546022908721830e-01 2.133577356258796187e-01 2.714415539728154414e-01 3.538794212456372046e-01 3.218014748693585614e-01 3.165791667704818679e-01 3.188173177303558203e-01 3.274889812356828189e-01 3.606738263307114334e-01 3.299905497057595838e-01 3.056477346720219423e-01 3.709421760438369464e-01 3.662964507882492393e-01 3.547237295903047372e-01 3.688395463276261665e-01 3.506433063357314306e-01 3.775627087889082967e-01 3.713235229062984422e-01 3.674563556261920549e-01 3.550780985307844806e-01 3.547939984718772588e-01 3.655636207521133496e-01 3.835011950310909246e-01 3.609694886838532568e-01 3.993810111550509245e-01 3.740510019533039854e-01 3.874392409852490671e-01 3.740465914201732134e-01 3.747128285303770179e-01 3.862175749977891925e-01 3.782619158693266703e-01 3.890655474893671140e-01 3.722945988693550090e-01 3.801113996997250721e-01 3.886800056144241733e-01 3.818981745182484233e-01 3.728432545316116564e-01 3.680716908936152998e-01 3.735557782190654930e-01 3.757003448067793294e-01 3.753783403978180333e-01 3.752506171057222173e-01 3.754053365431418987e-01 3.662771523275863972e-01 3.656067603999086923e-01 3.691922625344919995e-01 3.784821108262171885e-01 3.834017498425523196e-01 3.708166093371130234e-01 3.711478317538811633e-01 3.646025423586481407e-01 3.686962664722702177e-01 3.724399117741602483e-01 3.727983065391373696e-01 3.621587325974300886e-01 3.751213999557226897e-01 3.628705828652629140e-01 3.711303591717754480e-01 3.674781563990556221e-01 3.726166539676488698e-01 3.754040486378449337e-01 3.635477586205585476e-01 3.702621980982828132e-01 3.671624615782425605e-01 3.680343269165634590e-01 3.746052620287630974e-01 3.715207731210928288e-01 3.715095235262583229e-01 3.704643083294646422e-01 3.628241810891492669e-01 3.740731607934968950e-01 3.701764404896425442e-01 3.670139071096421013e-01 3.729150231205614063e-01 3.687345786165685535e-01 3.748974087261143229e-01 3.841882465768508559e-01 3.824676241965504486e-01 3.729794461362549440e-01 3.710862830273338187e-01 3.745748473048637339e-01 3.711418844954046947e-01 3.685193833074122405e-01 3.707496638443728565e-01 3.703265145475190256e-01 3.707795989821912608e-01 3.671466718885579850e-01 3.687314187914522701e-01 3.677875818650316320e-01 3.631486866034197569e-01 3.683774613589746449e-01 3.637818534285122696e-01 3.631963602240203537e-01 3.659025693482810815e-01 3.721627270077488836e-01 3.633966235223435315e-01 3.631310049660228523e-01 3.652934010129196829e-01 3.659664096141876377e-01 3.650378823577161147e-01 3.650458971343186754e-01 3.706944864534968964e-01 3.703621254247211891e-01 3.667343493267233301e-01 3.628190838232157045e-01 3.689979517498188089e-01 3.624215296724923041e-01 3.630405297664335840e-01 3.623816631631270324e-01 3.629165553457273097e-01 3.661935156649888667e-01 3.619784950669513446e-01 3.686272860412990737e-01
5.974173934536606417e-02 1.261917699390898984e-01 3.472546022908721830e-01 1.000000000000000000e+00 4.011747390218102782e-01 3.971989008530166232e-01 6.287288865103513036e-01 5.984734327149555666e-01 6.035617863076576661e-01 5.910943326756722405e-01 6.062318583759119806e-01 6.688555063305113846e-01 5.993214505704949069e-01 5.838495769314362427e-01 6.661437526464363268e-01 6.498034163067528679e-01 6.372191316763027302e-01 6.657258867597233287e-01 6.589357225616120362e-01 6.637372483366238418e-01 6.708107100164496517e-01 6.737931991031168577e-01 6.563986895338030925e-01 6.758742470183335405e-01 6.796327777863713226e-01 6.941318746504688830e-01 6.782314086508303141e-01 6.953992889507872865e-01 6.842809788272580240e-01 6.804807772025407431e-01 6.870014903040146947e-01 6.865243719956122259e-01 6.948344680785801808e-01 6.804205220362732343e-01 6.846452566275972318e-01 6.767139667187627161e-01 6.780825519255674338e-01 6.955918627164063839e-01 6.909360009265853586e-01 6.841064685150507474e-01 6.754918694335521057e-01 6.820071071532053386e-01 6.832668798575675106e-01 6.870545466242178323e-01 6.784554021213882180e-01 6.867468774438685308e-01 6.632928877404217216e-01 6.684508204748249582e-01 6.734082943764677642e-01 6.851367743875161898e-01 6.916274455488454764e-01 6.735308032345599383e-01 6.764868195790662009e-01 6.763666958226948189e-01 6.762261686812134354e-01 6.804068423950171418e-01 6.819582016709114791e-01 6.701239611072717928e-01 6.805852394420628393e-01 6.683337399947087976e-01 6.759831199906123356e-01 6.737316840589464562e-01 6.857434606508182595e-01 6.834729009708858660e-01 6.704677973601151919e-01 6.780927591323778758e-01 6.716832732236982517e-01 6.744093582887205063e-01 6.808102424378008610e-01 6.849622170464030324e-01 6.804059279678555949e-01 6.791103567706187061e-01 6.764499484589659994e-01 6.845076620631781461e-01 6.819745626502149438e-01 6.767423632396165623e-01 6.780172822184058479e-01 6.793409736381464947e-01 6.834778409651225406e-01 6.889293911658928016e-01 6.873743352807577534e-01 6.815367586310021597e-01 6.778216801098733146e-01 6.786798944751853968e-01 6.790695254713728923e-01 6.767010005644219506e-01 6.779587848670228789e-01 6.781285479124959936e-01 6.744044294018403107e-01 6.757952015894053144e-01 6.777114954620113707e-01 6.747987517793416767e-01 6.714720976611707748e-01 6.749916976501139088e-01 6.681996529278952934e-01 6.685434708891802025e-01 6.744738896505770853e-01 6.821601512683691526e-01 6.737978737673218088e-01 6.730543241420190448e-01 6.774709988245106729e-01 6.748527513466605621e-01 6.691889401131708714e-01 6.715227893631731115e-01 6.737206458840379053e-01 6.757503686229724416e-01 6.742344970670305360e-01 6.687359922185833749e-01 6.764916852960320970e-01 6.711456627586227519e-01 6.706032287962327976e-01 6.680281272132970738e-01 6.683492465869692589e-01 6.736723003239754037e-01 6.690824716670056294e-01 6.747795071250752841e-01
2.013638161221644601e-02 1.219806280749936023e-01 2.133577356258796187e-01 4.011747390218102782e-01 1.000000000000000000e+00 3.570821613879557321e-01 5.146259718249859283e-01 4.914668487649698769e-01 4.795194738934038248e-01 4.624347039545372851e-01 4.883175877405893095e-01 5.196288210115478368e-01 5.267441424236869452e-01 4.944438927267839068e-01 5.454730789932625834e-01 5.197459932933135018e-01 5.025827249987252499e-01 5.204398458107915015e-01 5.134078198495549694e-01 5.086693298911406647e-01 5.135098965456323938e-01 5.280004155807102029e-01 5.027258316456608700e-01 5.268254040289676032e-01 5.421026079922265373e-01 5.375458331123688094e-01 5.289338873222455550e-01 5.272919604272947591e-01 5.183796972728146324e-01 5.049759258719203059e-01 5.476334841412020538e-01 5.403665781522392075e-01 5.136358733483178396e-01 5.197923663012674611e-01 4.995321133171740091e-01 5.251831289535174863e-01 5.218762927274118724e-01 5.292403219885490895e-01 5.331149559526514592e-01 5.238017613310468334e-01 5.474554204446973049e-01 5.467914864554596077e-01 5.454056605344539399e-01 5.441380296431551633e-01 5.406738108979295410e-01 5.436794988136273155e-01 5.454363489268605480e-01 5.442089775991463263e-01 5.409932922342004513e-01 5.309785256277396170e-01 5.399923774303581059e-01 5.382931001999905485e-01 5.407008354087941004e-01 5.442487949844652118e-01 5.391211246480289709e-01 5.406296862704829120e-01 5.338997430551252199e-01 5.418036142126595456e-01 5.395509448429247623e-01 5.449528829678006447e-01 5.443429069333189929e-01 5.351990701054897270e-01 5.367302120228691908e-01 5.389478176742069637e-01 5.452354713134272002e-01 5.419163834306729433e-01 5.445414599899285335e-01 5.468404796877812668e-01 5.479738587752382983e-01 5.495802645884187987e-01 5.491471160273324603e-01 5.484421794018737861e-01 5.469947950409821402e-01 5.492712615271060361e-01 5.501213313084337697e-01 5.487426189645963071e-01 5.451966738406428536e-01 5.451466415312659075e-01 5.472955347627924683e-01 5.355043548386511088e-01 5.389928276982338673e-01 5.484470501036470269e-01 5.465945212270468812e-01 5.416251312129487516e-01 5.459668038964479164e-01 5.469282402659640940e-01 5.442192392016133029e-01 5.481672714026820659e-01 5.455704768751575839e-01 5.446351585712310150e-01 5.455406873586640115e-01 5.496126375606642522e-01 5.458212050218980149e-01 5.494254282317484472e-01 5.475650337535511447e-01 5.452101274913753182e-01 5.453952060822588876e-01 5.407386850712768700e-01 5.506080527428315330e-01 5.523969702698894313e-01 5.519570213485142096e-01 5.450063156065199088e-01 5.459823871005181628e-01 5.493320835118873369e-01 5.464937600069667001e-01 5.418156913951430731e-01 5.459910964809118195e-01 5.474139042480518080e-01 5.464116272704288013e-01 5.488087328538882037e-01 5.457381207223487296e-01 5.469512842080778148e-01 5.436505534998644640e-01 5.459356981738654468e-01 5.441766190828163374e-01 5.451306992853608424e-01
8.862023247759641051e-03 1.516788073053153829e-01 2.714415539728154414e-01 3.971989008530166232e-01 3.570821613879557321e-01 1.000000000000000000e+00 5.702064797548617170e-01 5.135169658727315456e-01 5.451195533018838857e-01 5.280108174719201353e-01 5.614871413743155459e-01 5.947200537338411808e-01 5.657875405412220449e-01 5.596949661233874274e-01 6.073655701696226705e-01 5.738101717444390459e-01 5.748530301931892295e-01 5.543256301281804799e-01 5.829749758072892973e-01 5.288569138002264802e-01 5.494714422916538998e-01 5.832478033513488480e-01 5.273270785556116724e-01 5.359649498756779984e-01 5.774167313860121276e-01 5.817365796554692103e-01 5.824257340317936515e-01 5.776542119332830350e-01 5.567353632265277241e-01 5.615549554366479068e-01 6.079377312182525639e-01 5.931039121189157770e-01 5.722949625626860826e-01 5.724103457466133138e-01 5.543811941719528624e-01 5.763738680604766351e-01 5.765649239911057045e-01 5.873577969902109563e-01 5.989333466136942397e-01 5.812477281029778675e-01 6.192073304578008530e-01 6.133815496410072177e-01 5.903596386698352072e-01 6.133076507778965070e-01 6.091409958700868543e-01 6.091316263646673335e-01 6.265203407559744031e-01 6.271030026212303099e-01 6.180115107191246349e-01 5.917624507585994564e-01 6.066199577563505807e-01 5.975510698177403102e-01 6.020838109888626555e-01 6.212000951049104769e-01 6.105431156665064307e-01 6.095218716220439648e-01 6.052718309743604364e-01 6.156222252430152420e-01 6.102242476179460251e-01 6.238768926889654010e-01 6.129244322597385830e-01 6.181261808161653271e-01 6.112140474694305325e-01 6.138287341701799127e-01 6.209239512418542883e-01 6.188546853671968995e-01 6.267236429761643413e-01 6.242283312547004526e-01 6.219036207615943335e-01 6.175223635701734270e-01 6.215306221212684168e-01 6.229514121808864546e-01 6.106041741214309759e-01 6.159913298824973849e-01 6.240913690992582197e-01 6.249066721352639631e-01 6.269626522023831194e-01 6.195925818699746790e-01 6.171905729035817023e-01 6.114306996463700905e-01 6.151656604007096352e-01 6.231117770733813899e-01 6.220927767431480016e-01 6.194823285622724773e-01 6.150742396889307129e-01 6.171403516215665519e-01 6.215429987574999648e-01 6.225232268909712818e-01 6.272792972623520980e-01 6.234340827982405298e-01 6.228196586374431520e-01 6.277060895600967694e-01 6.229056108137861481e-01 6.229810054621119919e-01 6.292279114864163247e-01 6.305602989427191440e-01 6.197033597158128071e-01 6.124687737027375567e-01 6.270840861772601915e-01 6.255437677250567097e-01 6.242253224835148107e-01 6.246591414527330466e-01 6.182191751654253498e-01 6.250597749946440462e-01 6.229949478833092247e-01 6.246903746860187345e-01 6.256559854887345784e-01 6.280474708337454581e-01 6.261556397138910990e-01 6.267879457236991136e-01 6.275608905330796183e-01 6.284184454206790393e-01 6.267142287942463197e-01 6.239622571255252215e-01 6.262037984635820953e-01 6.231657462301116723e-01
4.936135855994033123e-02 1.412823615055178450e-01 3.538794212456372046e-01 6.287288865103513036e-01 5.146259718249859283e-01 5.702064797548617170e-01 1.000000000000000000e+00 7.585685630951720659e-01 7.625727595242087764e-01 7.246737153771513062e-01 7.735024031974400138e-01 8.436404797792566024e-01 7.789918192438575195e-01 7.670911625347490714e-01 8.708901555628474345e-01 8.176394084307815335e-01 8.033124043900743416e-01 8.070002762201532454e-01 8.249394601030988206e-01 8.081599009674192979e-01 8.150936757513922437e-01 8.364256077708460690e-01 8.046349831672725550e-01 8.109465467600395217e-01 8.377545293192714126e-01 8.509066790117493229e-01 8.430798015264171497e-01 8.488719934352794150e-01 8.262170109648765415e-01 8.241000958628443840e-01 8.588976205121575669e-01 8.551829837061378781e-01 8.418412215179101876e-01 8.419215705533614758e-01 8.212185458626206636e-01 8.351755212416764884e-01 8.343644480237752958e-01 8.573688312297396141e-01 8.619568022694340526e-01 8.478013856921718938e-01 8.576462792214011310e-01 8.663231226439320753e-01 8.535965753400250877e-01 8.637175968284591665e-01 8.517924960128465672e-01 8.687572589644135812e-01 8.609302206605013996e-01 8.573686758146028541e-01 8.528711832715746288e-01 8.505918090420719890e-01 8.610773026147402476e-01 8.445435506375820189e-01 8.520330900378753070e-01 8.555745075973135716e-01 8.523590444344357753e-01 8.594194050878276592e-01 8.489090782987414041e-01 8.556116710434557016e-01 8.559020037763226396e-01 8.580710382381168122e-01 8.535896765556041377e-01 8.526310832142074414e-01 8.553925705071081520e-01 8.576674006066992151e-01 8.554713793866615124e-01 8.548668375247215900e-01 8.621901358125703130e-01 8.612092903249620734e-01 8.644557659198692789e-01 8.654362188768875974e-01 8.622855224636675198e-01 8.626539846823637614e-01 8.579557513231755861e-01 8.625032780156720591e-01 8.681223555556203397e-01 8.640503482983492578e-01 8.687733288737675696e-01 8.638772055081301859e-01 8.669965084806435796e-01 8.611324406447797841e-01 8.636419058205627719e-01 8.645230061566681057e-01 8.649654159759583294e-01 8.650386917398441566e-01 8.657197113151556822e-01 8.652868648499807414e-01 8.629046104194911804e-01 8.682232837411819615e-01 8.663273003565616914e-01 8.651821589911045107e-01 8.675181474902774470e-01 8.674395349678725164e-01 8.607683219440321887e-01 8.651085984815514163e-01 8.608824157482498629e-01 8.612996632283221876e-01 8.605246122736810443e-01 8.568363725851543267e-01 8.632601730184161770e-01 8.646404727406424850e-01 8.649637827438411142e-01 8.610513898193074001e-01 8.582313425098317961e-01 8.629152894305793797e-01 8.624570338288710669e-01 8.562578549637620551e-01 8.612824160700781606e-01 8.609133110642058773e-01 8.650058997524693316e-01 8.621739070203541244e-01 8.621325973251648955e-01 8.594722701014373412e-01 8.570634256213515156e-01 8.611670662556005773e-01 8.600007046340436556e-01 8.586673204090410350e-01
2.474572846065836371e-02 1.371580339621482070e-01 3.218014748693585614e-01 5.984734327149555666e-01 4.914668487649698769e-01 5.135169658727315456e-01 7.585685630951720659e-01 1.000000000000000000e+00 7.237884176336620845e-01 6.938385188294873274e-01 7.307282070132732343e-01 8.010380852497942517e-01 7.485605678853437528e-01 7.367753800280137932e-01 8.190459791476880635e-01 7.915425203458373860e-01 7.688205490709792977e-01 7.575965345257698047e-01 7.843738116065823718e-01 7.771874270403408280e-01 7.711071958497971446e-01 7.982843459843221856e-01 7.776710010878836732e-01 7.777364459567168709e-01 8.016712353387899226e-01 8.110133607324072624e-01 8.027257901911052373e-01 8.068206439685274844e-01 7.924487052938831155e-01 7.829943655856395068e-01 8.220425424393555947e-01 8.205683934378389388e-01 8.017358710790263299e-01 8.082884587388743380e-01 7.924977485682720424e-01 8.048670214497858355e-01 7.895535356058311915e-01 8.247573651546131757e-01 8.213313891471467620e-01 8.065918426706174538e-01 8.170458976737607903e-01 8.277391675968094331e-01 8.203666185119367071e-01 8.291398410943662256e-01 8.207267890104058550e-01 8.308491103334925132e-01 8.255047918102724758e-01 8.259217431597930537e-01 8.239249456596980936e-01 8.233628419330266679e-01 8.338873531444752629e-01 8.119770782315469670e-01 8.217305011441833340e-01 8.219676205096841937e-01 8.200763789652423252e-01 8.231806421320277956e-01 8.238541671750155837e-01 8.230000071502957537e-01 8.247053093540482882e-01 8.246657072562605384e-01 8.253676104465054175e-01 8.232390316823999799e-01 8.267749429500402814e-01 8.287898752101822142e-01 8.194656271689344518e-01 8.226964634475559812e-01 8.268560264016809880e-01 8.267761393318114882e-01 8.269489731713934866e-01 8.289893684779027216e-01 8.263681849340395180e-01 8.273205085451583729e-01 8.234763518385097569e-01 8.267926300970440678e-01 8.315794798133840926e-01 8.303850074849483676e-01 8.291188554410190426e-01 8.276849446065366323e-01 8.278841259079599002e-01 8.263143988934225082e-01 8.281261764959730876e-01 8.289703002826568357e-01 8.298442828345253819e-01 8.279865185804748950e-01 8.310819123780543993e-01 8.286959236197105616e-01 8.263791576802709260e-01 8.335081512701374429e-01 8.306414185584655163e-01 8.282824902102851050e-01 8.260275761525670557e-01 8.306554653454396586e-01 8.257153631478781897e-01 8.299881778218947126e-01 8.279107494403086243e-01 8.275733205023864114e-01 8.286886207860429954e-01 8.327513565114088578e-01 8.317354809212089695e-01 8.313857602766827615e-01 8.301825997806606683e-01 8.309012615590840589e-01 8.258973238093929581e-01 8.304334873154121111e-01 8.290511367350174021e-01 8.255603974025528258e-01 8.296977216375033271e-01 8.277093556694545828e-01 8.291180766561663251e-01 8.287635019295531702e-01 8.279323387227939257e-01 8.262915660000249574e-01 8.269002880801032962e-01 8.316310494294308908e-01 8.263223099227609003e-01 8.283421688593188836e-01
2.762355298874341614e-02 1.347945231230340546e-01 3.165791667704818679e-01 6.035617863076576661e-01 4.795194738934038248e-01 5.451195533018838857e-01 7.625727595242087764e-01 7.237884176336620845e-01 1.000000000000000000e+00 7.474199457730171803e-01 7.754829009132041540e-01 8.369277952541274157e-01 7.821145334320069864e-01 7.763805439127224872e-01 8.500480564224736080e-01 8.262300574747254434e-01 8.260939638823019404e-01 7.942037016256009441e-01 8.188290214646246623e-01 7.792136447282965728e-01 8.018766150056692021e-01 8.302906726469077014e-01 7.973834776667637625e-01 7.873905725757190943e-01 8.266747253438354592e-01 8.462726679393541840e-01 8.314053187932747280e-01 8.334334306062929354e-01 8.151027819376877037e-01 8.092065861441540831e-01 8.570406353729537186e-01 8.591262429100571252e-01 8.243583409150742058e-01 8.262976490318487688e-01 8.139345183664087324e-01 8.363241573241543270e-01 8.267914891085554885e-01 8.419199345583767702e-01 8.475239402596432825e-01 8.344600663905394899e-01 8.672596355331980700e-01 8.655285179279867958e-01 8.490089370073375941e-01 8.669962127294723597e-01 8.622015778393972152e-01 8.600035623283973640e-01 8.745594309136486277e-01 8.756390112919670843e-01 8.729561327285643157e-01 8.471892348561572694e-01 8.604857788091786475e-01 8.516990885294968283e-01 8.628827281026684171e-01 8.777055759477819796e-01 8.668835098018589091e-01 8.640712226870048696e-01 8.681978985674222438e-01 8.699237770993430985e-01 8.689583864338400465e-01 8.754884047845611361e-01 8.718752324017713384e-01 8.739044134642669492e-01 8.701919964941190466e-01 8.695891935797237515e-01 8.699125096866173745e-01 8.743973570633178927e-01 8.763179856863699824e-01 8.742101819598993018e-01 8.715535876448281538e-01 8.686912574725483838e-01 8.718635520548815299e-01 8.737054576216907176e-01 8.653308312882798115e-01 8.675996080431691571e-01 8.726206671073221122e-01 8.722084058439395493e-01 8.738428807745910465e-01 8.655209066475051394e-01 8.676564729497500128e-01 8.584744791517834317e-01 8.638090457003291256e-01 8.740930086204119487e-01 8.726473088085072716e-01 8.693397117497773108e-01 8.695941327213194683e-01 8.726162015751827150e-01 8.698792543702672520e-01 8.735024528672452604e-01 8.742131174440381791e-01 8.736132667426297349e-01 8.709398298820489881e-01 8.752888910992049354e-01 8.729374436946547577e-01 8.737541484038808814e-01 8.761737893156827939e-01 8.771272053570218219e-01 8.685064869561158751e-01 8.667070976478229438e-01 8.763632274535759770e-01 8.749780323775125934e-01 8.727473316897305100e-01 8.738715929214430078e-01 8.732904708640534253e-01 8.756241702873696076e-01 8.750056643499934950e-01 8.738906921915557957e-01 8.758524447946147706e-01 8.758993289489609424e-01 8.752779171749183185e-01 8.758738176130453912e-01 8.740635162059803287e-01 8.769577475720395920e-01 8.771343810270284536e-01 8.748510533748107276e-01 8.761788496662534786e-01 8.762106076583383585e-01
2.212844195366833397e-02 1.530778689124489000e-01 3.188173177303558203e-01 5.910943326756722405e-01 4.624347039545372851e-01 5.280108174719201353e-01 7.246737153771513062e-01 6.938385188294873274e-01 7.474199457730171803e-01 1.000000000000000000e+00 7.360867276540655757e-01 8.020503168629911084e-01 7.330918162581638864e-01 7.365437302943904641e-01 8.079323029865290717e-01 7.833067446082740970e-01 7.749821255851422341e-01 7.660207638958089760e-01 7.837102552396951749e-01 7.375845402429911379e-01 7.600320474334871790e-01 7.954704499736230394e-01 7.502457407834393077e-01 7.559261017938829763e-01 7.953767457095256566e-01 7.976402913178334275e-01 7.937976036812262048e-01 7.933186245715774243e-01 7.789371989207055647e-01 7.741606159665853637e-01 8.199231675150296939e-01 8.111438188288754292e-01 7.853700338183572383e-01 7.850050391797585014e-01 7.715908675590614774e-01 7.861167586482946668e-01 7.882476781696422519e-01 7.986841392050865185e-01 8.054456292357894398e-01 7.976182550208869015e-01 8.226993368086957803e-01 8.261456478428065298e-01 8.088095845951499552e-01 8.284517914915003889e-01 8.224701971928767286e-01 8.180140386173624378e-01 8.324194234032020745e-01 8.382514235161809824e-01 8.278164754926866653e-01 8.031461495559104602e-01 8.200080660355474338e-01 8.081549342674424485e-01 8.200285042835516736e-01 8.350895312059398723e-01 8.267685830309793316e-01 8.216435629902016924e-01 8.194048378149463296e-01 8.309168678471081648e-01 8.307533810232485827e-01 8.349312272303783811e-01 8.294789002226872210e-01 8.306693794880770643e-01 8.258960282306129219e-01 8.254842977194468689e-01 8.285295792948572657e-01 8.298490782888220396e-01 8.347320613524586985e-01 8.331084042128547029e-01 8.336999109639126049e-01 8.297008335213077457e-01 8.328534600204660077e-01 8.347080650332894258e-01 8.260058071394947854e-01 8.302393172929036780e-01 8.347641147183815225e-01 8.329535245077567263e-01 8.316763383663894338e-01 8.264013838576820259e-01 8.292667304700609421e-01 8.215595983912445943e-01 8.248142986287804179e-01 8.348598851448368885e-01 8.336779500198012727e-01 8.300987412657900855e-01 8.264021766596385543e-01 8.283630191970278167e-01 8.314671782497515817e-01 8.316232170028793336e-01 8.312094569702878077e-01 8.322738666505915539e-01 8.295437626440100853e-01 8.344833954242599772e-01 8.332618841325697412e-01 8.337019207763687323e-01 8.354844433362388356e-01 8.359995969386775361e-01 8.263478796874494936e-01 8.211450328316078906e-01 8.329624194381883839e-01 8.326044255559935658e-01 8.311141020536377821e-01 8.311047001477651630e-01 8.309824735140555196e-01 8.334873129762281341e-01 8.317612953041049195e-01 8.299867190089278424e-01 8.339195385378493919e-01 8.361494951553477550e-01 8.338275305574806007e-01 8.349299714834834685e-01 8.337183617402698088e-01 8.347774194238403167e-01 8.343545286523392779e-01 8.317384337695433727e-01 8.318418948421164583e-01 8.334177991063063118e-01
2.174678506912264969e-02 1.346048104463219985e-01 3.274889812356828189e-01 6.062318583759119806e-01 4.883175877405893095e-01 5.614871413743155459e-01 7.735024031974400138e-01 7.307282070132732343e-01 7.754829009132041540e-01 7.360867276540655757e-01 1.000000000000000000e+00 8.556563333744537925e-01 7.787987529694233579e-01 7.938023433145672270e-01 8.578875835255931337e-01 8.280298896610935877e-01 8.184690957654625620e-01 8.111622761308679985e-01 8.275492115062269560e-01 7.954454594762273567e-01 8.113812445779767790e-01 8.415782678768870539e-01 8.063265869870855918e-01 8.128573053623587841e-01 8.382845264399118035e-01 8.487524243476185504e-01 8.361061197029406866e-01 8.408161551296159386e-01 8.266470704359298871e-01 8.220062545247618369e-01 8.648906280163539684e-01 8.634293927823387671e-01 8.326544274921074962e-01 8.418412578712555216e-01 8.214504770002596379e-01 8.396560628304808871e-01 8.401059819524610006e-01 8.478269302700539578e-01 8.563425215189173212e-01 8.481499024679837184e-01 8.708908783748693372e-01 8.679316174646173332e-01 8.539743998000960401e-01 8.737791533167965641e-01 8.652395021283718624e-01 8.653044671601095583e-01 8.752189771048034528e-01 8.764181993526527492e-01 8.741825586567429918e-01 8.536705939352527972e-01 8.649896828121438341e-01 8.576852626175213157e-01 8.677754453616086661e-01 8.743997411228475736e-01 8.700442871278738499e-01 8.736903374688432811e-01 8.654138053734951042e-01 8.703832125431150146e-01 8.720343067975425688e-01 8.758763566352559815e-01 8.706766471093659865e-01 8.725402508268965684e-01 8.694990670166612423e-01 8.709723443931500775e-01 8.711196586344640558e-01 8.752668892372085230e-01 8.792971973115102369e-01 8.775499772737971327e-01 8.797667586430935049e-01 8.766211908049650336e-01 8.769945728420339703e-01 8.790104238836194961e-01 8.722962974245582757e-01 8.740521438207533578e-01 8.796192673509172222e-01 8.769588566572809052e-01 8.777291449314819083e-01 8.744193184753029646e-01 8.752376791868203831e-01 8.715752004801056163e-01 8.728773690287879861e-01 8.789547201537103449e-01 8.792732324725358595e-01 8.753358159489676993e-01 8.724169694377316153e-01 8.769776416371805050e-01 8.776879745338376226e-01 8.795204460871924868e-01 8.769177425638201573e-01 8.784254716779074101e-01 8.773973809304893567e-01 8.799628876809311162e-01 8.756318233692415021e-01 8.784486405314217983e-01 8.792179852451994515e-01 8.790238620804593506e-01 8.757478204801745214e-01 8.674008046424116491e-01 8.774148962528676154e-01 8.787496923820681261e-01 8.777318389558983469e-01 8.768398427391347338e-01 8.757385885073423193e-01 8.788512729053663541e-01 8.764551240115510122e-01 8.758328877208122476e-01 8.784683100385347609e-01 8.780423853395838973e-01 8.800463161299094672e-01 8.784087293771458693e-01 8.787642320875266311e-01 8.793826766202627043e-01 8.778895588883864898e-01 8.757568243925322182e-01 8.786287561757378795e-01 8.796520505700990977e-01
2.134343580742507213e-02 1.490719988408167052e-01 3.606738263307114334e-01 6.688555063305113846e-01 5.196288210115478368e-01 5.947200537338411808e-01 8.436404797792566024e-01 8.010380852497942517e-01 8.369277952541274157e-01 8.020503168629911084e-01 8.556563333744537925e-01 1.000000000000000000e+00 8.472958299185182618e-01 8.523248752399944506e-01 9.332055061057709100e-01 9.051197366717713688e-01 8.803534932338943353e-01 8.675498972818459498e-01 8.959104234886089424e-01 8.609287622695370734e-01 8.741743681344716910e-01 9.058825567037086524e-01 8.700616634220377232e-01 8.763502326361355399e-01 9.128295683280766015e-01 9.207647910818573811e-01 9.123368830048765865e-01 9.167353507396902579e-01 8.947782008636862017e-01 8.902165482823924947e-01 9.465544208160396877e-01 9.355443407285145563e-01 9.073270804382966848e-01 9.113567152642688685e-01 8.929247197647116607e-01 9.157723320235443554e-01 9.077457636224802728e-01 9.249919390948216913e-01 9.341517588043071196e-01 9.251371990620149699e-01 9.428284671199955724e-01 9.459610822931472374e-01 9.304811676198322390e-01 9.486109976139062150e-01 9.396175880215293930e-01 9.453635632647529041e-01 9.488677577929723883e-01 9.493799839092869064e-01 9.472014616284610833e-01 9.276787455016604067e-01 9.436516998277578727e-01 9.286727125165342711e-01 9.401743158041162562e-01 9.486099365621041279e-01 9.443056633548112533e-01 9.453466421284241195e-01 9.429396061815611407e-01 9.473978725286514857e-01 9.499524496146317665e-01 9.513157846593202072e-01 9.463838038133213226e-01 9.488206439820408011e-01 9.484431441511002037e-01 9.472270218003386866e-01 9.454950761279748983e-01 9.490360886664452877e-01 9.523653764834401070e-01 9.519066541142912063e-01 9.526334158473639402e-01 9.505410358160160111e-01 9.504424147951010537e-01 9.527288722324723791e-01 9.458824314772582564e-01 9.500580424875559871e-01 9.555624187371166700e-01 9.525689175560430044e-01 9.533110426731025155e-01 9.483039076219899055e-01 9.487704536248220410e-01 9.419427766038125371e-01 9.466853348951695946e-01 9.534338535761671674e-01 9.536000702344824553e-01 9.505247106670213775e-01 9.501406426664886773e-01 9.509557262061756333e-01 9.517093952958871617e-01 9.550999308572146740e-01 9.541104834479267049e-01 9.539416549455597139e-01 9.530276318598633889e-01 9.551171069758194188e-01 9.520436453761429441e-01 9.539765308674404976e-01 9.537727176455885747e-01 9.545753955579916461e-01 9.506207188592984414e-01 9.443328088737827919e-01 9.517745408406160790e-01 9.531480324091399225e-01 9.530154632940366355e-01 9.522922754513627464e-01 9.510369571673130684e-01 9.535832892752688084e-01 9.522993777208321742e-01 9.503835816812502557e-01 9.535643009221554944e-01 9.530470632073049231e-01 9.549674184167893376e-01 9.532171431090826763e-01 9.536367156702875159e-01 9.532699940406316186e-01 9.519118228486155298e-01 9.530397501512426484e-01 9.510062498504024964e-01 9.523436166067187347e-01
1.727183091069241921e-02 1.428839312282405571e-01 3.299905497057595838e-01 5.993214505704949069e-01 5.267441424236869452e-01 5.657875405412220449e-01 7.789918192438575195e-01 7.485605678853437528e-01 7.821145334320069864e-01 7.330918162581638864e-01 7.787987529694233579e-01 8.472958299185182618e-01 1.000000000000000000e+00 7.849350306024645008e-01 8.685274963323992292e-01 8.388826739351907813e-01 8.147381023721189663e-01 8.023103614301740905e-01 8.182564996470580443e-01 7.882854999246887706e-01 8.128635436755852206e-01 8.286134366576269894e-01 7.999854302692253061e-01 8.090461988307462438e-01 8.414174401825244010e-01 8.519355082147155311e-01 8.453297467018294764e-01 8.441098111537004289e-01 8.245713175469417955e-01 8.242471419977137614e-01 8.677990587064836614e-01 8.613748552808490055e-01 8.378627046769082654e-01 8.377173137156594951e-01 8.257980252795685816e-01 8.408147282863775995e-01 8.414773159569189920e-01 8.478981650603613085e-01 8.636520691867292099e-01 8.492697143697423012e-01 8.687755305991973209e-01 8.751902985784768552e-01 8.639120385635903343e-01 8.790523605240947447e-01 8.694321198475384316e-01 8.712714782663039115e-01 8.767205141852587591e-01 8.767249199645199553e-01 8.752697651625843678e-01 8.496865517764256026e-01 8.680581414132422235e-01 8.600132298530518415e-01 8.691639721945048080e-01 8.783185486025025801e-01 8.692340134038457622e-01 8.730144635636614137e-01 8.695880274940562815e-01 8.771619969079207380e-01 8.724740924348788340e-01 8.814847564801709945e-01 8.747543031674805958e-01 8.752778816198782952e-01 8.735694792452819435e-01 8.736194945983976057e-01 8.742284407671094826e-01 8.769750733754788641e-01 8.797391556305579341e-01 8.796594214162551939e-01 8.758865465485798918e-01 8.770384220458355973e-01 8.789845259157436086e-01 8.792515334651022085e-01 8.726981168796903443e-01 8.780404169374669276e-01 8.802896486803297726e-01 8.792573103225919118e-01 8.800649577094075138e-01 8.723924332137534821e-01 8.764662663140528887e-01 8.686985380232876697e-01 8.721554576772787559e-01 8.810735209775716337e-01 8.786665570962872707e-01 8.761297624890429514e-01 8.726664561403504328e-01 8.765153334838119425e-01 8.777612059481493256e-01 8.791156144427424435e-01 8.810051294812316636e-01 8.794610216291870453e-01 8.783198942716788915e-01 8.816071529300905096e-01 8.791921022496768101e-01 8.830207871752475679e-01 8.816294841964985585e-01 8.809504932465325178e-01 8.744690157765737659e-01 8.678415985257782461e-01 8.795431040668155731e-01 8.783010387247304207e-01 8.809657710766657379e-01 8.775600892768089523e-01 8.787148480236554038e-01 8.822582360333272034e-01 8.810491465312497716e-01 8.771229197957814971e-01 8.794676671387603450e-01 8.803524191843783431e-01 8.801682465077749207e-01 8.818267039856214629e-01 8.802432597329991060e-01 8.821702665737946036e-01 8.796266222856742312e-01 8.792160084512751217e-01 8.809545759196145687e-01 8.817184998119595996e-01
