1.000000000000000000e+00 8.633618685387335623e-02 2.273170382536317952e-02 4.877222165743112098e-02 3.194616768421502245e-02 -1.711448170112643899e-02 1.431568981654920275e-02 2.546812867632386804e-02 1.092211485959984907e-01 8.122031604309874753e-02 1.543093568785799084e-02 2.704912271792379863e-02 4.409555542188349497e-02 2.189525079271587710e-02 2.404852572846911691e-03 2.588466964098698128e-02 8.681001324826105592e-02 6.246336102640814153e-02 1.993606256636373114e-02 6.527868530794150859e-02 4.386437787496288293e-02 2.530019190498565551e-02 1.677073051117045121e-03 3.294391311405928807e-02 6.567894890856777572e-03 4.394737045825185262e-02 9.749834963067197796e-03 -1.267112276696069281e-02 1.590520270071647466e-02 1.819766426039232804e-02 6.069978337599885726e-03 3.368442721353307606e-02 -2.186792658965443573e-02 1.602431006130868724e-02 1.902453237750854204e-02 4.378907615030023896e-03 3.192092538659988248e-03 -1.406815079697835112e-02 6.219130701549551755e-03 -4.685557758114535648e-02 4.321524547690760130e-03 -1.209035343387682843e-02 -1.137089823226310192e-02 -1.513899875531185719e-03 5.027728173390690232e-03 -7.973062679327248478e-03 1.330610585064676867e-02 1.852056946271163351e-02 2.075804042799934274e-02 2.977824171119341796e-03 -2.780105390486086771e-03 3.212742527282407001e-02 1.468327880280042609e-02 3.954386654410899093e-02 2.885764415793802204e-02 2.119696931360675815e-02 4.934156535381137992e-02 1.170156436381453863e-02 1.638193458293794652e-03 3.483202772143844522e-02 1.088321116093071694e-02 3.101936148143399560e-02 2.296587990932105403e-02 2.077870214258266054e-02 5.038350770587273625e-02 4.262450587034018190e-02 1.485575627019193948e-02 1.046201707705755012e-02 2.504838055560939733e-02 1.594267464865685782e-02 1.270506276480829096e-02 7.325501402815807507e-03 2.340639893349251086e-02 7.203997691397908722e-03 5.175475790928107424e-03 3.513348525605803144e-03 -9.211199753802799903e-04 7.168662727415976536e-03 3.179464419275360859e-03 2.893647371430729982e-03 7.212557070214899299e-04 3.066289285211673977e-03 3.051031451382648849e-02 9.201268766281406677e-03 5.992937577277256643e-03 1.121681861428801275e-02 -5.069695854537899574e-03 5.502441109393690563e-03 4.663297507893402090e-03 1.828128145497096360e-02 -1.921061311608650984e-02 -2.925600046198386685e-03 -4.005956666984851109e-04 1.059212459339666044e-03 2.774064005050395128e-03 6.760031928064139974e-03 1.200236261623081543e-02 3.454470114096010180e-02 8.037615115730865553e-03 5.592491369059360111e-03 5.916974984635593737e-03 1.481062661316796814e-02 1.634829837344219799e-02 1.295240463934770395e-02 2.188683600571503587e-02 3.647436991451927235e-02 1.709724453720912890e-02 1.418511058458034498e-02 1.142825232020069220e-02 1.811599045393157484e-02 2.264358574119530298e-03 1.806426396439823195e-02 2.000997916723490019e-02 2.390823031560962778e-02 3.182551435809987533e-02 3.600169552683470109e-02
8.633618685387335623e-02 1.000000000000000000e+00 4.933336246946997544e-02 1.428236085011516665e-01 1.109752590573474945e-01 9.793694575522884915e-02 1.528237422977556659e-01 1.274077659617695035e-01 1.656609285220895234e-01 1.780963817319214937e-01 1.453823330919398749e-01 1.579309180845910876e-01 1.581256683352557924e-01 1.132426959536432381e-01 1.666677862807372512e-01 1.572900442972266499e-01 1.474425991373957412e-01 1.598239169693387030e-01 1.546318328585107316e-01 1.631165247220064951e-01 1.541113493036946336e-01 1.606844431471266821e-01 1.527074118842315364e-01 1.714228787661963016e-01 1.553365428703927242e-01 1.713587207194610662e-01 1.540344934258738863e-01 1.617467512941532237e-01 1.658210418028628064e-01 1.712225857645815197e-01 1.663592968742014788e-01 1.640778661951962092e-01 1.428471224555082075e-01 1.564834484263767644e-01 1.638651913540881688e-01 1.447739647770813765e-01 1.617616191307097717e-01 1.539161630825630345e-01 1.639841626558984633e-01 1.401233671455706653e-01 1.673141314165707272e-01 1.607258069033858372e-01 1.445072619847175555e-01 1.604277116965958649e-01 1.602733868292678943e-01 1.659152869554067766e-01 1.655596415813730682e-01 1.702262169893552501e-01 1.598512496215060141e-01 1.434173830253462900e-01 1.423793818160352387e-01 1.552067903783408698e-01 1.695333388952133258e-01 1.749546833097632703e-01 1.588093275487927336e-01 1.582355271264108965e-01 1.596172804441728377e-01 1.619104637393321278e-01 1.549406223566319185e-01 1.768395770419667890e-01 1.575697805029620535e-01 1.673418745306548827e-01 1.572747059359224098e-01 1.630860455000587295e-01 1.701947463461464527e-01 1.717991474840757093e-01 1.701356865855053746e-01 1.699117454873015631e-01 1.714042470949879160e-01 1.647799406966318769e-01 1.650309262137577559e-01 1.695710831939812313e-01 1.749431456688498865e-01 1.678426012046714266e-01 1.680519134122092362e-01 1.640947300280141130e-01 1.646591524440970955e-01 1.683865628055707664e-01 1.689242561286558308e-01 1.673474329965519147e-01 1.683710929771976283e-01 1.708686211506461328e-01 1.702345692487331474e-01 1.701713622242923274e-01 1.635533600875361260e-01 1.684206647286755343e-01 1.633723399700719170e-01 1.660720218904833123e-01 1.674477748483127471e-01 1.711808645183382771e-01 1.639904686560720581e-01 1.660757015798176028e-01 1.654865866573298483e-01 1.688309112919883781e-01 1.665595449264402061e-01 1.677062474352458976e-01 1.583269199098734925e-01 1.600512812602346568e-01 1.628501042531655396e-01 1.585074483612209928e-01 1.643820054734222713e-01 1.614345228542208577e-01 1.661893356328880411e-01 1.656922188248364791e-01 1.687204014040340205e-01 1.662824266706243170e-01 1.659923247753135878e-01 1.699448687911642719e-01 1.674826958973818503e-01 1.688675649789726785e-01 1.637948780281231198e-01 1.691909879018593521e-01 1.711864672330447590e-01 1.667289945537849261e-01 1.677580093976049624e-01 1.724009534255069864e-01
2.273170382536317952e-02 4.933336246946997544e-02 1.000000000000000000e+00 3.258563992395341335e-01 2.030624158553682723e-01 2.323143690060153477e-01 3.423271786142509931e-01 3.253382596615040367e-01 3.449293025383578515e-01 3.043761591929860510e-01 3.540775182959908784e-01 3.608334930758058112e-01 3.375602497142588532e-01 2.860390177654127952e-01 3.754434629561462788e-01 3.604484846445284441e-01 3.500424316944105718e-01 3.662626470415786262e-01 3.773003795066373622e-01 3.475282066436710116e-01 3.564292713664838352e-01 3.758132656160630414e-01 3.632647053701831275e-01 3.760716598926968635e-01 3.722935400514232884e-01 3.875983326441198584e-01 3.675658232937988323e-01 3.877894867658879807e-01 3.822535995980097523e-01 3.902783452413224330e-01 3.878319662124672940e-01 3.908722266070901452e-01 3.772638629975383906e-01 3.906210125134235156e-01 3.733661387345237892e-01 3.776546533462072919e-01 3.898682925035388269e-01 3.689950510366043490e-01 3.887041047195947119e-01 3.813407190825717774e-01 3.875668933908577030e-01 3.865718380167681434e-01 3.809089285932436009e-01 3.818574886734383833e-01 3.915342794129117454e-01 3.823807653395255302e-01 3.787426218921196019e-01 3.846392825666576365e-01 3.746625127242732556e-01 3.573846572777727437e-01 3.654328032759847078e-01 3.699268548979284810e-01 3.787153696276644443e-01 3.792987596341692025e-01 3.677618115109040353e-01 3.718961215811828480e-01 3.652994620804609349e-01 3.744381628725457767e-01 3.654663139726508359e-01 3.785291524053833179e-01 3.688789313131464742e-01 3.687398260091234170e-01 3.673600405104545663e-01 3.772602840590509321e-01 3.746127908465475276e-01 3.742016265228085281e-01 3.830326298608374702e-01 3.847319570086065732e-01 3.927806311798129335e-01 3.839080707642620882e-01 3.863960343994497504e-01 3.912606551543259537e-01 3.941632351036181148e-01 3.880151236424302374e-01 3.901074741945966817e-01 3.903351199630469837e-01 3.908129581430471733e-01 3.908001259401818750e-01 3.868870409351789497e-01 3.900414676807997805e-01 3.918855957689574843e-01 3.961384570894529999e-01 3.896918192877736331e-01 3.927566190764724685e-01 3.843119697720865924e-01 3.939612590746094933e-01 3.910495515753206752e-01 3.877734728815248610e-01 3.886312845524467763e-01 3.870872110796124144e-01 3.945737504494055692e-01 3.874173231124959371e-01 3.904833299507675659e-01 3.878160436752736695e-01 3.809863937922502997e-01 3.830814722802575734e-01 3.813056705599006113e-01 3.672660181319640782e-01 3.769637634597605702e-01 3.803710208339333709e-01 3.840174100471700491e-01 3.751454420830998560e-01 3.814528181460988820e-01 3.829228351396478103e-01 3.835515722061942356e-01 3.723742644155677017e-01 3.795493301317827695e-01 3.845658108647483364e-01 3.814090864400546677e-01 3.800474246778165477e-01 3.787668283246122258e-01 3.822521401284142972e-01 3.769124686776510469e-01 3.811024663654114519e-01 3.841421593449362848e-01 3.770602817186585742e-01
4.877222165743112098e-02 1.428236085011516665e-01 3.258563992395341335e-01 1.000000000000000000e+00 3.457394061261497287e-01 3.638538198488452946e-01 5.701912408644992381e-01 5.593884310715419028e-01 5.724437179782436713e-01 5.406259810366508267e-01 5.859575029543467872e-01 6.389874237162386228e-01 5.904251257037945733e-01 4.925141847987539734e-01 6.357920015551102866e-01 6.393291849802675841e-01 5.632088984487477745e-01 6.163531569689365552e-01 6.102655666499862130e-01 5.914875886109532965e-01 6.203845969504241387e-01 6.269682172136959997e-01 5.733887869779648039e-01 6.063492050793172217e-01 6.038503101884930002e-01 6.414098696760689444e-01 6.103035590865379945e-01 6.163283706413367202e-01 6.331400886368209191e-01 6.485310334137858179e-01 6.533584129233267479e-01 6.429233086126286967e-01 5.927294406856038478e-01 6.478752780005644363e-01 6.276119680429079750e-01 6.200450943235649159e-01 6.369561426193754983e-01 6.214187654363744207e-01 6.511098791531831909e-01 5.964820628797681268e-01 6.368624573750730766e-01 6.397988522478642581e-01 6.298733099754384446e-01 6.457378231030733717e-01 6.469325459545499646e-01 6.421713751048323537e-01 6.458876803109846465e-01 6.455159349097677746e-01 6.398538425784006112e-01 6.253710476679209540e-01 6.358727245881310441e-01 6.332727450173000205e-01 6.419472449610885700e-01 6.480170673139844517e-01 6.393837577516544579e-01 6.355434843279128554e-01 6.431111305705142778e-01 6.466406258006152097e-01 6.361469467964923075e-01 6.484658147916049220e-01 6.464850310812386702e-01 6.429573688673602128e-01 6.384059546173211919e-01 6.463554836067229026e-01 6.448225976533445980e-01 6.515933809081291272e-01 6.480048956743270638e-01 6.503953527644411592e-01 6.543425820789181557e-01 6.477806854705816519e-01 6.582151234173542198e-01 6.525706079853192954e-01 6.480117058792592699e-01 6.465732145219146298e-01 6.480940504555590120e-01 6.473850361331491277e-01 6.488829371357520692e-01 6.507446500462712446e-01 6.490836917019680019e-01 6.522160681674895599e-01 6.505750111240838907e-01 6.517251280584892559e-01 6.571358821494046598e-01 6.523704703351808076e-01 6.519872100242456447e-01 6.587496970373469818e-01 6.516111024613389091e-01 6.535295998084834634e-01 6.541653292415781085e-01 6.504523608737206031e-01 6.411039764857552337e-01 6.459940840817673946e-01 6.497382246330359878e-01 6.487740890332210908e-01 6.465561946923302772e-01 6.484046340552421794e-01 6.527128448118552084e-01 6.519771195023974508e-01 6.483386415113505663e-01 6.490976249306630308e-01 6.564054605779918727e-01 6.543259943282707658e-01 6.520469330282017140e-01 6.521402479116431561e-01 6.582869215614879366e-01 6.520692106827986612e-01 6.516819961563784513e-01 6.516962146255486088e-01 6.540718379549548267e-01 6.493520862617474521e-01 6.482294533935891723e-01 6.503174503472942680e-01 6.541323850067578549e-01 6.540879363011024017e-01 6.498668791572976833e-01 6.546714251413627839e-01
3.194616768421502245e-02 1.109752590573474945e-01 2.030624158553682723e-01 3.457394061261497287e-01 1.000000000000000000e+00 2.865457021511530478e-01 4.412244298385237240e-01 4.354590023233139151e-01 4.447885594223589534e-01 3.951968984197249957e-01 4.564033448162934659e-01 4.803730472108578842e-01 4.703968768682134649e-01 3.713359194827990928e-01 4.816835414598875098e-01 4.758070198555163777e-01 4.302629000832623452e-01 4.650419664645283890e-01 4.840053326467496642e-01 4.414083391289338465e-01 4.908017594114371662e-01 4.877768588286928164e-01 4.676525039001379613e-01 4.902048702380807921e-01 4.906428949930640715e-01 4.793474762224843033e-01 4.670515141431279549e-01 4.887866435316844949e-01 4.844068335573402106e-01 4.997959774489894036e-01 4.983443250669242208e-01 4.947255285226668797e-01 4.621947316985791088e-01 4.939581162564688488e-01 4.720552306499848916e-01 4.800184549424348357e-01 4.885772847574885724e-01 4.864967885293076666e-01 4.965760301704812418e-01 4.762811691022705296e-01 4.948727421904550172e-01 4.941535473289281333e-01 4.993946389142613351e-01 4.962066638630606707e-01 4.889215455773312513e-01 4.896884511009678143e-01 4.864614920798031039e-01 4.842567397767054138e-01 4.757211747951436420e-01 4.736700621865426175e-01 4.824357882104561290e-01 4.733945661028628460e-01 4.809056567490992418e-01 4.762665910942545100e-01 4.711356966678083014e-01 4.808935800061253651e-01 4.696498013112104797e-01 4.860782326710449963e-01 4.676984930608477087e-01 4.870271093288884856e-01 4.857989931305322084e-01 4.776188059853457846e-01 4.719495162616298978e-01 4.828216326156591354e-01 4.866831728451355144e-01 4.859012331137061991e-01 4.936029808807306796e-01 4.907161207922569601e-01 4.960296076463895920e-01 4.926780537458337328e-01 5.004880907701863002e-01 4.971337774960387090e-01 4.997989818856384270e-01 4.998568441024490716e-01 4.916968452695019143e-01 4.889325743988751638e-01 4.917763395498084278e-01 4.899713930712168430e-01 4.948341542616114808e-01 4.908418601093656464e-01 4.902240123125945481e-01 4.898542652865833791e-01 4.955298685650450508e-01 4.939275938640874664e-01 4.887199829563982911e-01 4.969394197534645619e-01 4.976828359318205552e-01 4.921283598382623636e-01 4.953595413024697303e-01 4.893250691180541234e-01 4.964206086666519413e-01 4.964318429756827133e-01 4.948376971095619359e-01 4.923033402942259551e-01 4.871759195407838194e-01 4.888043848613592979e-01 4.849840645326881083e-01 4.764212441816630395e-01 4.845796879731082418e-01 4.876858436896963078e-01 4.976460147689905078e-01 4.845877017770353068e-01 4.886356531767204192e-01 4.908950733522695065e-01 4.933071962796688470e-01 4.772770734502141399e-01 4.862112579442190996e-01 4.896819974743472637e-01 4.915107223287591420e-01 4.890669384119957774e-01 4.885774822895746494e-01 4.904899101706909903e-01 4.849940787182244750e-01 4.899552227983344221e-01 4.873953923538326682e-01 4.864168965357700269e-01
-1.711448170112643899e-02 9.793694575522884915e-02 2.323143690060153477e-01 3.638538198488452946e-01 2.865457021511530478e-01 1.000000000000000000e+00 5.052116817686088668e-01 4.528862150899364281e-01 4.580387022595444058e-01 4.467136600954516590e-01 4.957369825702679922e-01 5.205663869746646188e-01 4.708675143367459515e-01 4.014689352060140659e-01 5.245212841786482949e-01 5.166849881068151795e-01 4.639196101882387402e-01 4.956393936168106973e-01 5.016123346711377495e-01 4.487905125412605667e-01 4.827000908738861007e-01 5.049993394511717026e-01 4.673965922404767492e-01 4.794756247621871914e-01 4.915254687440888670e-01 5.179311480071896456e-01 5.187150087603489279e-01 5.211584005853178159e-01 5.232124483565925299e-01 5.373968246197337040e-01 5.409201390744029503e-01 5.242687369962453214e-01 5.072912504437803172e-01 5.192421654650144491e-01 5.230511970514656328e-01 4.948428415503815514e-01 5.139576736300646154e-01 5.343701522623590661e-01 5.299793862929049748e-01 5.207904621392630551e-01 5.341809338929820461e-01 5.364430193167544214e-01 5.193814153263622835e-01 5.379518630677604385e-01 5.292891802489964048e-01 5.377165857145483896e-01 5.357921074009005524e-01 5.421381453980103071e-01 5.356152488366738851e-01 5.182436569586603703e-01 5.271656365240250386e-01 5.131507376789310459e-01 5.308156005299146107e-01 5.351300225257898946e-01 5.276670864684772644e-01 5.282606610748246112e-01 5.191164815238984431e-01 5.380538053721053426e-01 5.364693047034962969e-01 5.374637649515925375e-01 5.326445017949290595e-01 5.315044365133627657e-01 5.270907581051336166e-01 5.290136947654368038e-01 5.203844980974988710e-01 5.298918745389342710e-01 5.399328634822770923e-01 5.431401962866775346e-01 5.415336446663583381e-01 5.353938434717757655e-01 5.399772716536617168e-01 5.369287356890157792e-01 5.362233179782780468e-01 5.354376524029893503e-01 5.420279580285080057e-01 5.431706427876403787e-01 5.442754041448898406e-01 5.423088732288338099e-01 5.384505017717940989e-01 5.419494703001571656e-01 5.421264887249954700e-01 5.432398197172425558e-01 5.372287864000205859e-01 5.424528766839321614e-01 5.420937974305591878e-01 5.412288204201723962e-01 5.381651617032594537e-01 5.462920992059958625e-01 5.439982237918782326e-01 5.366871072842660517e-01 5.417050063531586579e-01 5.443369654488310339e-01 5.404107036823045940e-01 5.435667668518954221e-01 5.437145074919121912e-01 5.427718251151391060e-01 5.391547842261996681e-01 5.304071309871072337e-01 5.420159343505491778e-01 5.405179824389516607e-01 5.415783013567777582e-01 5.424760888536683812e-01 5.430571283266051319e-01 5.404601693231351200e-01 5.379618191254501580e-01 5.335633632943727056e-01 5.406584380400198953e-01 5.425738563780679868e-01 5.428985493959244124e-01 5.416363352985099633e-01 5.420056584609503902e-01 5.397087288207800260e-01 5.396629812264129855e-01 5.391771473349671329e-01 5.361128388194085215e-01 5.356867054627074687e-01
1.431568981654920275e-02 1.528237422977556659e-01 3.423271786142509931e-01 5.701912408644992381e-01 4.412244298385237240e-01 5.052116817686088668e-01 1.000000000000000000e+00 7.228568945948745661e-01 7.360210886649211082e-01 6.871636344078513314e-01 7.692358080444494650e-01 8.051512944275912576e-01 7.528205232335456465e-01 6.331647532746444984e-01 8.431581714810969519e-01 8.057140275898851955e-01 7.344374845539680674e-01 7.716652855648383769e-01 7.958849316592571110e-01 7.446569521106904954e-01 7.751068889237145987e-01 8.045529919211392711e-01 7.564146959628895717e-01 7.841652258031599487e-01 8.007358677421309023e-01 8.252534054744938841e-01 8.103149541787278975e-01 8.233742792302614077e-01 8.266863910669086657e-01 8.367460156642994029e-01 8.453643791178204747e-01 8.224397392968552101e-01 7.922953935391747748e-01 8.202510328638661363e-01 7.936410207595457900e-01 7.920875981621827711e-01 8.203172172564043851e-01 8.275964241317028680e-01 8.413158664875717285e-01 8.178632591576677768e-01 8.359080065169204321e-01 8.432431025094824228e-01 8.270392213206255727e-01 8.438993900911424539e-01 8.354542175810208970e-01 8.449918300999968990e-01 8.299295574620135785e-01 8.355766758251828019e-01 8.293548591256698632e-01 8.025442020872848303e-01 8.185001123834744208e-01 8.068929146049704793e-01 8.270284477516577359e-01 8.292438540306631412e-01 8.173220615915350873e-01 8.240715759167408505e-01 8.055390423590361726e-01 8.302146997095539716e-01 8.209718325762396240e-01 8.332196469709128861e-01 8.277910207757761540e-01 8.268563946005103027e-01 8.216405958063850434e-01 8.203532301682157080e-01 8.169330012896728332e-01 8.257655108930674892e-01 8.377374913439291637e-01 8.437282758294404328e-01 8.410445456728288249e-01 8.373484237697775834e-01 8.440974977550652625e-01 8.437891820215672745e-01 8.418949513391901229e-01 8.439718956087646218e-01 8.457122632217263236e-01 8.456599966440869753e-01 8.479983942576221345e-01 8.439249102815361558e-01 8.457891618730942751e-01 8.459037206337838288e-01 8.417054779355294114e-01 8.445895830452946340e-01 8.366505506736277020e-01 8.416903314432184757e-01 8.355066558565975576e-01 8.445428050288511512e-01 8.405329090219892940e-01 8.449681779579405472e-01 8.439302569379438790e-01 8.393982020058617932e-01 8.468714901477947254e-01 8.464901870915384485e-01 8.463152123838834084e-01 8.453932928822847082e-01 8.404717858131653951e-01 8.410346589277691853e-01 8.301725950361950046e-01 8.144040289859448833e-01 8.356802808183112496e-01 8.369830432442609824e-01 8.418143941195206370e-01 8.333141658660511153e-01 8.391655941292721632e-01 8.419721398913040389e-01 8.369998680367135568e-01 8.229142631930067564e-01 8.351094232384222993e-01 8.430952673921802143e-01 8.429983781303865831e-01 8.386936515450237328e-01 8.408464342371413380e-01 8.383389925079260951e-01 8.374006110414465853e-01 8.346154700663418469e-01 8.302108217524061251e-01 8.320113265944760750e-01
2.546812867632386804e-02 1.274077659617695035e-01 3.253382596615040367e-01 5.593884310715419028e-01 4.354590023233139151e-01 4.528862150899364281e-01 7.228568945948745661e-01 1.000000000000000000e+00 7.153328946432554458e-01 6.572029702854016442e-01 7.389287676646112413e-01 7.823517248828931736e-01 7.395131764582024703e-01 6.111325611719782280e-01 8.000773923997284154e-01 7.964406662638018330e-01 7.028145657999159690e-01 7.516215343692785877e-01 7.663999002787698078e-01 7.239570010655763665e-01 7.504323281128609802e-01 7.711314325174695172e-01 7.248757679132535880e-01 7.551300274370884580e-01 7.654739977865578915e-01 7.853672002636294946e-01 7.627389270188326131e-01 7.688610330186095299e-01 7.865034687763433618e-01 7.968312687742779010e-01 8.070764242078889428e-01 7.937004037626842479e-01 7.446128133253653303e-01 7.870521727806264467e-01 7.615485167216001772e-01 7.605328475005204147e-01 7.861786296120570894e-01 7.903775603146770967e-01 8.046073357336446241e-01 7.669027709642698420e-01 7.985803052281794656e-01 8.031702959027153810e-01 8.006421085371200341e-01 8.123963127114797178e-01 7.992500417547295788e-01 8.082241888699384091e-01 8.030747457911955323e-01 8.049242319810689938e-01 8.030077471702511405e-01 7.777943587911799739e-01 7.958907627969969978e-01 7.728353838895279937e-01 8.002291142100724786e-01 8.036742441938491410e-01 8.011653088793067035e-01 7.984472512126669086e-01 7.950475786906002762e-01 8.110388357143648586e-01 8.025360206642793148e-01 8.063414158822204136e-01 8.121180313848109789e-01 8.093777094653185067e-01 8.062138062346438927e-01 8.011426927714009327e-01 7.963132456385009217e-01 8.041643629671660909e-01 8.084984300834003879e-01 8.108455541850854154e-01 8.124331397158192081e-01 8.083847904605816481e-01 8.143644037264820001e-01 8.117349053043783069e-01 8.072014518102650360e-01 8.073939272413976909e-01 8.080737220756195605e-01 8.055889260431672305e-01 8.085004827257222804e-01 8.074190365421620719e-01 8.083604819241904105e-01 8.119692120925212642e-01 8.067415510320137262e-01 8.103232971718148381e-01 8.073252718547978546e-01 8.076705270954854798e-01 8.068052772888302249e-01 8.119563263388698271e-01 8.087726996635515864e-01 8.124839098117874192e-01 8.118352844294638437e-01 8.085248117698267123e-01 8.051666777742025882e-01 8.097692032807217721e-01 8.085766141788663930e-01 8.102662445068337105e-01 8.097891763744161642e-01 8.095647780867749610e-01 8.097059519541396355e-01 7.973866194645553573e-01 8.079110232232759037e-01 8.089577178349889319e-01 8.141399163852756082e-01 8.139331310297005517e-01 8.090449881049893710e-01 8.135667440997730315e-01 8.110120625465020439e-01 8.037961757124545414e-01 8.095292349277964927e-01 8.105854958475566807e-01 8.138063326107844997e-01 8.108052117886974663e-01 8.159199551818666629e-01 8.120112647935602279e-01 8.128847440838758986e-01 8.117148141809443773e-01 8.045622783550027135e-01 8.086725394532575661e-01
1.092211485959984907e-01 1.656609285220895234e-01 3.449293025383578515e-01 5.724437179782436713e-01 4.447885594223589534e-01 4.580387022595444058e-01 7.360210886649211082e-01 7.153328946432554458e-01 1.000000000000000000e+00 7.410582992717473783e-01 7.815071437443733560e-01 8.304724587230650767e-01 7.863339642929232376e-01 6.607330140735268031e-01 8.403044960203696068e-01 8.282116399945451679e-01 7.743768579191446788e-01 7.931225203655436484e-01 7.897100902986639026e-01 7.554977625701496668e-01 7.901826197161863075e-01 8.025500912420144850e-01 7.439982691096239664e-01 7.827538002463231281e-01 7.858318599514156899e-01 8.403414953876001681e-01 8.156499398442849103e-01 7.987611350203718263e-01 8.295357284784440344e-01 8.469690683392452346e-01 8.548258269480839555e-01 8.297858051577856608e-01 7.591490822553860207e-01 8.181619249709894959e-01 8.044492449340541196e-01 8.011088392127513336e-01 8.287057658798582249e-01 8.202281812411964523e-01 8.501349752562795681e-01 7.832661651695235205e-01 8.518440318695219560e-01 8.463626970443581810e-01 8.205281289856825033e-01 8.546494028159978829e-01 8.415577995670014966e-01 8.454148381810754342e-01 8.651335075494667182e-01 8.716930042784273303e-01 8.664569214183166501e-01 8.287972580444167292e-01 8.428930974364525763e-01 8.384187075981147652e-01 8.586593103503643576e-01 8.721392206113494083e-01 8.534537591783079025e-01 8.426255454898646802e-01 8.660580815456532244e-01 8.603618253326934529e-01 8.464772516825080917e-01 8.791762586922287070e-01 8.599738394506889483e-01 8.764941964290187126e-01 8.599302879289537627e-01 8.642486921772682962e-01 8.720310126825067121e-01 8.776629268467468492e-01 8.682905554440727425e-01 8.624230200425756498e-01 8.678273583747855291e-01 8.629254235299124165e-01 8.605136988013932786e-01 8.626101782774752147e-01 8.583950886270226288e-01 8.545283139171496734e-01 8.645480869808226387e-01 8.619151953855944681e-01 8.583247111893773651e-01 8.644292306209244714e-01 8.628051515832089180e-01 8.666102231787330412e-01 8.600673341361604329e-01 8.673744373005140007e-01 8.692967680104551897e-01 8.569291728628264382e-01 8.575762499886414592e-01 8.636158839977938761e-01 8.560434570300391455e-01 8.657437172695185978e-01 8.657233199050835548e-01 8.647834293824365748e-01 8.458630492976707549e-01 8.642087100684053835e-01 8.618857848202226002e-01 8.671089939623145559e-01 8.681793512377489197e-01 8.696321483845057543e-01 8.601292527763297890e-01 8.672050507422457422e-01 8.655545102126092072e-01 8.657870701221261900e-01 8.632286850705948034e-01 8.670694131933057713e-01 8.684241634335244653e-01 8.706652536958094935e-01 8.692529971006383027e-01 8.705788003804018071e-01 8.711924929590139088e-01 8.717593376034560304e-01 8.685803819347611698e-01 8.735813653122063149e-01 8.655189769136171218e-01 8.726109941631152722e-01 8.721485938834582230e-01 8.724153611919371887e-01 8.747814514677599851e-01 8.755221751652942919e-01
8.122031604309874753e-02 1.780963817319214937e-01 3.043761591929860510e-01 5.406259810366508267e-01 3.951968984197249957e-01 4.467136600954516590e-01 6.871636344078513314e-01 6.572029702854016442e-01 7.410582992717473783e-01 1.000000000000000000e+00 7.274323984821355893e-01 7.689701844680940646e-01 7.233733442938632408e-01 5.913386459936417205e-01 7.894797910759279169e-01 7.711386562228543795e-01 7.076620815118227492e-01 7.372803124999081081e-01 7.368586400649825841e-01 7.118409757272685656e-01 7.334006389256618741e-01 7.497886602895779129e-01 6.995388576489273147e-01 7.312423130982506070e-01 7.361086446620250801e-01 7.852049672257418456e-01 7.730381098832823650e-01 7.578512445208197557e-01 7.750741465581318934e-01 7.921249948563008347e-01 7.945692099277783527e-01 7.871307338222844896e-01 7.267344107086395333e-01 7.658748569317135324e-01 7.588312560600437573e-01 7.244786503837474800e-01 7.706411293440913468e-01 7.735718900299350942e-01 7.899296976918426250e-01 7.408411567487406257e-01 8.007789868265411393e-01 7.901050231079835839e-01 7.607620681197775347e-01 7.974565296847896390e-01 7.843170299998536432e-01 7.913371341356545408e-01 8.054306432208672151e-01 8.132817291847352914e-01 8.063566497950190870e-01 7.689778397288425937e-01 7.810925025347599249e-01 7.782413921480919594e-01 7.932850717795543183e-01 8.135280071467583252e-01 8.025709720055689278e-01 7.906515451740568912e-01 7.918500803461911985e-01 8.039800049375728230e-01 7.939998668860572817e-01 8.115683813342017272e-01 7.993371436128395846e-01 8.089767838802985889e-01 7.995371081528446222e-01 7.935934497356254003e-01 7.923985264400191797e-01 8.061255259962309960e-01 8.071231621660002187e-01 8.057363107160505633e-01 8.094972181884261264e-01 8.072455644421782095e-01 8.021071517082311031e-01 8.049258005177338804e-01 8.034917045039479122e-01 7.994520311605306517e-01 8.060047042145318530e-01 8.014970566266796936e-01 8.033776659076590221e-01 8.030578679022999378e-01 8.044808551175515188e-01 8.064126543366668676e-01 8.008309866476637229e-01 8.071482905517813888e-01 8.014213809089567597e-01 8.049960904963558983e-01 8.016118788706925180e-01 8.051976907353215474e-01 7.950845419378282930e-01 8.068590946118555651e-01 8.042944531655326079e-01 8.041834156724597671e-01 7.942841799826002580e-01 8.053920671851022561e-01 8.027080501440343463e-01 8.077363694400244709e-01 8.074346951511560677e-01 8.093701489226807766e-01 7.977732620101990468e-01 7.998033891632766457e-01 8.058640669517950217e-01 8.043027804911616618e-01 8.018050439178185940e-01 8.050796387007163046e-01 8.074371531905674138e-01 8.073899603909101552e-01 8.050976200262784932e-01 8.025990593949715590e-01 8.086888247404141472e-01 8.095382436258163894e-01 8.078144700294468405e-01 8.099304261310952269e-01 8.067689594274930487e-01 8.090660641641134188e-01 8.100158644790353968e-01 8.051410226829175398e-01 8.058752045430970234e-01 8.067371119958056669e-01
1.543093568785799084e-02 1.453823330919398749e-01 3.540775182959908784e-01 5.859575029543467872e-01 4.564033448162934659e-01 4.957369825702679922e-01 7.692358080444494650e-01 7.389287676646112413e-01 7.815071437443733560e-01 7.274323984821355893e-01 1.000000000000000000e+00 8.626716252916513117e-01 7.990077352288098567e-01 6.663293701311246986e-01 8.708566574633351820e-01 8.579320307095044118e-01 7.623506810144641266e-01 8.062102797549658417e-01 8.264845338188491208e-01 7.811952570103687377e-01 8.115200419265407028e-01 8.375277045783606766e-01 7.880978223331831511e-01 8.117977334068237072e-01 8.258257136594818748e-01 8.578369984290782346e-01 8.472541233334028865e-01 8.563091319077914543e-01 8.672636158482620594e-01 8.716155699005024848e-01 8.961657573526399245e-01 8.686772405860258006e-01 8.184541664632301039e-01 8.537140540166650027e-01 8.320722028719232943e-01 8.341194740996268342e-01 8.638964590213521477e-01 8.710373970600664428e-01 8.830405907970835244e-01 8.517140645811703825e-01 8.811530202773882881e-01 8.855200991486410489e-01 8.608317330876902318e-01 8.873525576067256004e-01 8.825302049941614602e-01 8.852708406328454460e-01 8.934272287600349971e-01 8.922853268043514641e-01 8.925248361720755641e-01 8.649867573378902108e-01 8.770451573101190057e-01 8.570474063797560715e-01 8.766179281755627217e-01 8.843456349681728668e-01 8.760247991018664804e-01 8.806122323085067150e-01 8.712148549142109122e-01 8.886368187139609409e-01 8.815810382753227481e-01 8.891273799367137576e-01 8.874355898688277566e-01 8.860845667059427111e-01 8.842596101377582229e-01 8.799778661997006424e-01 8.753953965505391066e-01 8.864719572454857754e-01 8.930035032300965847e-01 8.942222106236883405e-01 8.930189150618919047e-01 8.934014033038977232e-01 8.928248829236383743e-01 8.937504669376774569e-01 8.860009404332115368e-01 8.893285304440895489e-01 8.950711302224276800e-01 8.896682893424141536e-01 8.944192185963331099e-01 8.928847509590785991e-01 8.939245139950573460e-01 8.966825525670764074e-01 8.912193926128014754e-01 8.968475104086842675e-01 8.864544531149972650e-01 8.903374649895910986e-01 8.890789216372833037e-01 8.910617098000668257e-01 8.915363673692652258e-01 8.968312911484458416e-01 8.933826450315897061e-01 8.913010343374770938e-01 8.919275515898811291e-01 8.958775509567099560e-01 8.948163149939268868e-01 8.960683811301847213e-01 8.953262672097710428e-01 8.960085532911887807e-01 8.886880720416715507e-01 8.835547708028971270e-01 8.936699219273698258e-01 8.944252363704449094e-01 8.925750227186920460e-01 8.933073873853614177e-01 8.920987973582670261e-01 8.939100939957244085e-01 8.919435058980393904e-01 8.843763522932975851e-01 8.944597042797988173e-01 8.947264448708982520e-01 8.955337280891730867e-01 8.946005241953466358e-01 8.931428076151571860e-01 8.941078599526003368e-01 8.917639849448117939e-01 8.912167635486850648e-01 8.879050706134313797e-01 8.889740457292777398e-01
2.704912271792379863e-02 1.579309180845910876e-01 3.608334930758058112e-01 6.389874237162386228e-01 4.803730472108578842e-01 5.205663869746646188e-01 8.051512944275912576e-01 7.823517248828931736e-01 8.304724587230650767e-01 7.689701844680940646e-01 8.626716252916513117e-01 1.000000000000000000e+00 8.444375981054877967e-01 7.205981224496654791e-01 9.229489281527396560e-01 9.100527306175812958e-01 8.125640000914029493e-01 8.598564249760364264e-01 8.752381859810826059e-01 8.293931293276490813e-01 8.551421476075393713e-01 8.795069981872912779e-01 8.282090140918678678e-01 8.616520441134071229e-01 8.732856003167810410e-01 9.121737128844940035e-01 8.920231110151514153e-01 8.958225670408827002e-01 9.084654454860475736e-01 9.244755501512806894e-01 9.378687878476125173e-01 9.185420347694054355e-01 8.588626864086625901e-01 9.059686734569146749e-01 8.815332934278211630e-01 8.839417778771297973e-01 9.116749675437780809e-01 9.173428326674172295e-01 9.335589060657841776e-01 8.909340606368444382e-01 9.316770425841526260e-01 9.349709447139282759e-01 9.081964809891293067e-01 9.382234836773365450e-01 9.291216811759595018e-01 9.365657531453047691e-01 9.421729999620012119e-01 9.419626790884675360e-01 9.401900373372737985e-01 9.112724974439945225e-01 9.251942124983865146e-01 9.098214449427495243e-01 9.270937424066350019e-01 9.386011648372669658e-01 9.289358522976954857e-01 9.275289546202367674e-01 9.218514433041812284e-01 9.397820219748622694e-01 9.310695757407526640e-01 9.427068324538531163e-01 9.367701142232606193e-01 9.372675784995323500e-01 9.328838665048038159e-01 9.318773477314616915e-01 9.257269649782200460e-01 9.360858843951844754e-01 9.425246532104208930e-01 9.425963112577696590e-01 9.443237609941034227e-01 9.422407689262476405e-01 9.427034589343525894e-01 9.440247945631999871e-01 9.353999743773200315e-01 9.396303609678571256e-01 9.458746084196796300e-01 9.422673157995179460e-01 9.432595974491054802e-01 9.422538633450617818e-01 9.421407251550125705e-01 9.454413809904920196e-01 9.407077798394845036e-01 9.464969586148376246e-01 9.367452381754348689e-01 9.408181874348600093e-01 9.393203649828171242e-01 9.441927253702353529e-01 9.412096579421316278e-01 9.462511421561609071e-01 9.455237715354898320e-01 9.400579243642519511e-01 9.387472906787206473e-01 9.457832834967659918e-01 9.426297900933228169e-01 9.468674175916073077e-01 9.449850357412423740e-01 9.460212941723634694e-01 9.356965721268228897e-01 9.307583597991232471e-01 9.431649457451016794e-01 9.432407976660915905e-01 9.438222296692844182e-01 9.418649188551516671e-01 9.420847846740093567e-01 9.455326973906743593e-01 9.424625733636889935e-01 9.325242930008986741e-01 9.443333129643692869e-01 9.458635597574255316e-01 9.452964593421555595e-01 9.452267664568693162e-01 9.439468025078933122e-01 9.441495373960937521e-01 9.428847783892102541e-01 9.414379336398014386e-01 9.391844521742489516e-01 9.396237613924480758e-01
4.409555542188349497e-02 1.581256683352557924e-01 3.375602497142588532e-01 5.904251257037945733e-01 4.703968768682134649e-01 4.708675143367459515e-01 7.528205232335456465e-01 7.395131764582024703e-01 7.863339642929232376e-01 7.233733442938632408e-01 7.990077352288098567e-01 8.444375981054877967e-01 1.000000000000000000e+00 6.714411785551770429e-01 8.642672037651608630e-01 8.641322675132072639e-01 7.641005083042587964e-01 8.054422481192142769e-01 8.190447874109396675e-01 7.914676103222694215e-01 8.054173800241123393e-01 8.319086785308208443e-01 7.729639935459938771e-01 8.202211857696919406e-01 8.319076107251855978e-01 8.544024484158811994e-01 8.266543083782349477e-01 8.270260916805757256e-01 8.502483325437880657e-01 8.572263687744230420e-01 8.700395932260306386e-01 8.550951096343504254e-01 7.968380823331775442e-01 8.434509955346184418e-01 8.179049477472024599e-01 8.256626058162607196e-01 8.522759879154453433e-01 8.486282769374483559e-01 8.734290386113445770e-01 8.270194050972705657e-01 8.707066820793707418e-01 8.683391227553198810e-01 8.537127020282671008e-01 8.773017439264260142e-01 8.685984717262746901e-01 8.708542724274465074e-01 8.821781815504201596e-01 8.782380036036929738e-01 8.794963968594825543e-01 8.446606187661580556e-01 8.626941246828835341e-01 8.481220607467956363e-01 8.706253741090776987e-01 8.728873774222173365e-01 8.610013700438825524e-01 8.607098049840569143e-01 8.584885563460858959e-01 8.743470888828352994e-01 8.578227961278417357e-01 8.866231125723179618e-01 8.786234914915694860e-01 8.750108602807009639e-01 8.662036391933423118e-01 8.760575167908035699e-01 8.741340679761993027e-01 8.792677641411178469e-01 8.828593503091648476e-01 8.822653522985302033e-01 8.840707125228143282e-01 8.858930237174927891e-01 8.850772876104551212e-01 8.864804961923484772e-01 8.791885963762293699e-01 8.854811570669320897e-01 8.832176596991599959e-01 8.798397489423053219e-01 8.797832868057601230e-01 8.807724464926407482e-01 8.848541528124607147e-01 8.825919085648586959e-01 8.788368760872506957e-01 8.834039130332284051e-01 8.788709949253012965e-01 8.766339459113530186e-01 8.770082951684722294e-01 8.838738774775914964e-01 8.802731459649834056e-01 8.818600157266598405e-01 8.836924226949733896e-01 8.758655944464379672e-01 8.756944822462301437e-01 8.837272789522642169e-01 8.815060771092091407e-01 8.847264051087798675e-01 8.845526786095339045e-01 8.846713635231978623e-01 8.714523733025060226e-01 8.710761603892306359e-01 8.825206207879169318e-01 8.819721641141430313e-01 8.860041314728048789e-01 8.786619344055899283e-01 8.824278156948770491e-01 8.864318913611951567e-01 8.846576268266144183e-01 8.732059411079701183e-01 8.838477482250469697e-01 8.842760697159577354e-01 8.822401398199689604e-01 8.839685032259875230e-01 8.802694315752549459e-01 8.865022996848689329e-01 8.812101268739477300e-01 8.850873456863732613e-01 8.829833270255373900e-01 8.836971241152140610e-01
