1.000000000000000000e+00 1.595537673544215052e-01 2.125290860423854067e-01 1.144010449219728803e-01 9.201276023403509585e-03 2.574861796836317579e-02 8.036682952145592085e-02 7.971196802756135014e-02 1.195647380583150232e-01 8.007319085342264053e-02 4.105202852176813993e-02 1.634959871011614288e-02 3.319722453264087325e-02 2.327250062672490266e-02 4.699420360358787241e-02 6.762227867807878157e-02 1.214218603210324848e-01 1.580927219138585638e-01 1.277382638754940292e-01 5.641236759014400109e-02 1.139030208882710754e-01 1.211762216835776118e-01 1.813044410133675122e-01 1.829477971082676402e-01 1.409604782761551545e-01 1.334734810800545513e-01 1.205499637733912777e-01 1.146946092650892035e-01 1.898428549319138292e-01 2.119412831438994560e-01 1.182616446619602774e-01 1.005274608618815096e-01 1.142088634027449423e-01 1.251506445057063432e-01 1.306596513763187417e-01 5.801736303029645520e-02 9.647394077991579275e-02 5.736747154542865684e-02 6.251639719426337061e-02 3.094818075865287538e-02 3.060004055418311109e-02 1.916488347188821315e-02 1.217306198751675651e-02 3.445797612111942132e-02 5.314479765476088496e-02 6.415369816247935841e-02 1.963291456759820933e-02 3.166807640761373083e-02 4.542477567638011221e-02 5.017382035751644792e-02 3.746909919540051398e-02 4.608939764295330588e-02 5.561300482638472514e-02 5.476273038161310475e-02 6.281685156014409077e-02 6.083144661995009556e-02 9.012371285558330725e-02 2.380591414617498625e-02 4.476861719264578487e-02 2.677832872377071058e-02 2.338898560517169850e-02 4.569316114824337888e-02 5.281816958521920458e-02 4.581197141777638981e-02 5.463989158305963129e-02 5.923426797743643057e-02 3.448199960945298737e-02 4.699446506363386816e-02 5.837557467248015441e-02 1.525221947636257354e-02 3.297724013832847856e-02 3.754090770926291759e-02 8.088436122567491116e-02 6.359888914744259159e-02 5.496176414371805458e-02 4.765586692599630553e-02 6.035314972923268989e-02 9.062600227113812301e-02 7.287937861642208859e-02 1.037851129259314553e-01 6.823679583455240227e-02 4.656521234709071200e-02 6.667030013917743525e-02 7.948931453713145578e-02 2.983171589640519483e-02 6.668929927315581097e-02 3.544185467124522093e-02 3.300909579357719920e-02 3.268812689507166053e-02 4.628470316837350607e-02 2.195940507141790760e-02 1.285825306974350268e-02 1.785691153524365110e-02 2.552411874366034353e-02 1.042443236082289844e-02 2.202653898994953729e-02 -2.654584156860969723e-03 4.445023772653895755e-02 1.505533427893140409e-02 1.986549311577771870e-02 7.924341832650432654e-03 2.369357986326647153e-02 1.854318008400429596e-02 6.456817358449914827e-03 1.605367480916377806e-02 5.335040192543328424e-02 4.122933046791626976e-02 2.352518079555995095e-02 3.910267452076028605e-02 2.395733476048204913e-02 1.842916873789291268e-02 2.089038397722886575e-02 2.485810011527675098e-02 2.170891999106256201e-02 2.957707690203442361e-02 3.500925940168471417e-02
1.595537673544215052e-01 1.000000000000000000e+00 1.145871496214014018e-01 6.848103060395548114e-02 8.189049983921059539e-02 7.703977225205640988e-02 1.438104798941562956e-01 1.467655868728973689e-01 1.887739535470195629e-01 2.148188918057158947e-01 1.622423222222030004e-01 1.417396917486855035e-01 1.732333391797298838e-01 9.146265142666339110e-02 1.621650523879355488e-01 1.437523275974883219e-01 1.649697661277584604e-01 1.421698258938811354e-01 1.551665295789414201e-01 1.134434931754266379e-01 9.095921121607172810e-02 1.389317814631523818e-01 1.912269474618832898e-01 1.550504541338598441e-01 1.455205238035283122e-01 1.966601513991159678e-01 1.941961440092442592e-01 1.853808308090186818e-01 2.197560673272132559e-01 2.425772820011793396e-01 2.125795438636757517e-01 1.788317279233996304e-01 1.923708186986195778e-01 1.853592751842008113e-01 1.987404962528100949e-01 1.671074228038040843e-01 1.870094154602273129e-01 1.640984944381890243e-01 1.763342144977701476e-01 1.311253561547020829e-01 1.646798837668471405e-01 1.371571159443297494e-01 1.299853762421562531e-01 1.569432986750969872e-01 1.668057211625489922e-01 1.775578782598732919e-01 1.582884955099292668e-01 1.806812205019333595e-01 1.558526897615859219e-01 1.430007876498161357e-01 1.507707434618656139e-01 1.310324799528525819e-01 1.414700324500561268e-01 1.737732765309831229e-01 1.690173690311706223e-01 1.724405551536976611e-01 1.530141818692987432e-01 1.557266333053051732e-01 1.649060837709144522e-01 1.626525991883053801e-01 1.471032150253357151e-01 1.668064671252728060e-01 1.467313315484191083e-01 1.586290422379983411e-01 1.675609724894608354e-01 1.675403077394175544e-01 1.712842457341586244e-01 1.636928491316355372e-01 1.813561279817379190e-01 1.553950128784990226e-01 1.514018757221082812e-01 1.650912026766224450e-01 1.726113966685546008e-01 1.672834260371412474e-01 1.694027682018514613e-01 1.759607269159834675e-01 1.778950689907978222e-01 1.984194680045017478e-01 1.845130491561522701e-01 2.055756010323333827e-01 1.839329929813794950e-01 1.848457776262192320e-01 1.802033553128750687e-01 1.913471277584316566e-01 1.598330049367765737e-01 1.760993063521966162e-01 1.747118527321760706e-01 1.671008546264625416e-01 1.696995497583766443e-01 1.697875575646715374e-01 1.557335691985848314e-01 1.572657537253931148e-01 1.602570400180009236e-01 1.659286652751069957e-01 1.641741501148728244e-01 1.738306469631684392e-01 1.187911843326086292e-01 1.464913383408874559e-01 1.540387186285920307e-01 1.543582716477902572e-01 1.400370113300956065e-01 1.457159270180969912e-01 1.563536773256437584e-01 1.521101050882780470e-01 1.533618177963612939e-01 1.530651162602638393e-01 1.660065678754099883e-01 1.749479316202620927e-01 1.728354241661144708e-01 1.674796922599278981e-01 1.638733643469626189e-01 1.671436096186564302e-01 1.676932710430068252e-01 1.604714238709012697e-01 1.641930772532563532e-01 1.654468068975736561e-01
2.125290860423854067e-01 1.145871496214014018e-01 1.000000000000000000e+00 4.239649206075839505e-01 2.547368205697330135e-01 2.958660701697542472e-01 4.423735571348815232e-01 4.406526091613957030e-01 3.938071412504665081e-01 3.531468415385408122e-01 3.895798118315612069e-01 3.709770534672028885e-01 3.641846491537057973e-01 2.372943067718970844e-01 4.145058664156552886e-01 4.540550167236460655e-01 4.407412601939738606e-01 5.102981067138787630e-01 4.898696210949671781e-01 3.821928052891107042e-01 4.945821026495844652e-01 5.023523274862373711e-01 5.137334593564318874e-01 5.194145469305779805e-01 5.086484995069913140e-01 4.918042368365984629e-01 4.717762479570130618e-01 4.839004908703526397e-01 5.147559293704671024e-01 5.188096706381398748e-01 4.687133901272197423e-01 4.628742751199036443e-01 4.604903768621443905e-01 4.914705685173400562e-01 4.761735219405328068e-01 4.363679013711144195e-01 4.717850081337301993e-01 4.285975619147773807e-01 4.395543772329567611e-01 4.499076777501785362e-01 4.039573645668472213e-01 4.150805645599428551e-01 4.244844936048259854e-01 4.149121287380599932e-01 4.392277053630333494e-01 4.495087867733492115e-01 3.794078320706256724e-01 3.797181800013983421e-01 4.094425413561997851e-01 4.311393223737395308e-01 4.122875381198085609e-01 4.329486790700379228e-01 4.207370724458563416e-01 3.900442652556964651e-01 4.189582710607292482e-01 4.411599318740888620e-01 4.453496918377440883e-01 3.928005839938751298e-01 4.084634816751164244e-01 3.747106638186286642e-01 3.926537920740135745e-01 3.955381501015935997e-01 4.273450451496309532e-01 3.981690152920624448e-01 4.036727774475420971e-01 3.973222708054529595e-01 3.834839197181143522e-01 4.194750373315553338e-01 4.173271796422309277e-01 3.933232385148302535e-01 4.175728970946599450e-01 4.070388952432332785e-01 4.501055574458437403e-01 4.407096651327620518e-01 4.254737066202620710e-01 4.086006208864113587e-01 4.366532324059786974e-01 4.490650341298886850e-01 4.425745589391396062e-01 4.440046357422250400e-01 4.329465880978611847e-01 4.107180038855169912e-01 4.311308435709396147e-01 4.335811482379234305e-01 4.119751198068499765e-01 4.320132032443005365e-01 4.077275769999011423e-01 4.095595716990994561e-01 3.967978578505453879e-01 4.220995524438587720e-01 4.136459906289323696e-01 3.901160401094476704e-01 3.963390230000238268e-01 3.983120660527356138e-01 3.667714883345340460e-01 3.706776061495197228e-01 3.984609073163878357e-01 4.080572419409501106e-01 3.822257601440497976e-01 3.966453684194799489e-01 3.943155209519977888e-01 3.988847025996130058e-01 3.818068696056653999e-01 3.776210644556045049e-01 3.898612868032562684e-01 4.158551122259971922e-01 3.897360525170703305e-01 3.723103047598779747e-01 3.976235201223735083e-01 3.790116297823504232e-01 3.845587780313148296e-01 3.703165789780338835e-01 3.739929355881004835e-01 3.788188064957730417e-01 3.827221316319065481e-01 3.804827217415046592e-01
1.144010449219728803e-01 6.848103060395548114e-02 4.239649206075839505e-01 1.000000000000000000e+00 3.985445223797028924e-01 3.990183528595419027e-01 5.919053141214744018e-01 5.921000426136969752e-01 5.040872733374284209e-01 4.505288358253112801e-01 5.447299458210671519e-01 5.745304463448620558e-01 5.074326112373315212e-01 3.671333767601444031e-01 5.871079617336097956e-01 5.914665383219508410e-01 5.672674915320462530e-01 5.852097185831565129e-01 6.178164408533061147e-01 4.941729353893935528e-01 6.062697473926573766e-01 6.189064245417864596e-01 5.668992805124817291e-01 5.763962310992082339e-01 5.913193981202918836e-01 5.767958536575382711e-01 5.849172894158025660e-01 5.793065704919223569e-01 5.585739309809844011e-01 5.311648019444087376e-01 5.619211910291745937e-01 5.927445561463130508e-01 5.605804366615415590e-01 5.928499246594053362e-01 5.297828407209329571e-01 5.849771419274581996e-01 5.760278309190657309e-01 5.864130241227134555e-01 5.847208681562922061e-01 6.461378318999259074e-01 5.723676518660585355e-01 5.956997637164368475e-01 6.157167456345991052e-01 5.768117115942134054e-01 5.992660276856734969e-01 5.967674911481469779e-01 5.457678339822762403e-01 5.250987859277043146e-01 5.766812002397937453e-01 6.044288672109298099e-01 5.846839663675720278e-01 6.113387715996675409e-01 5.885035772121366415e-01 5.148712733468997493e-01 5.437858189574974466e-01 5.751689580585426231e-01 5.836550596674801028e-01 5.575209989181837411e-01 5.589039402832470804e-01 5.261658398511335211e-01 5.594792555835863546e-01 5.421390107374728373e-01 5.800477785277906584e-01 5.560550832132158394e-01 5.478163562878298753e-01 5.336776737028852136e-01 5.324865698323856256e-01 5.615026684821856628e-01 5.444414632248150143e-01 5.492212921186010455e-01 5.766106534707309272e-01 5.553197063569973446e-01 5.728229949165876134e-01 5.780181858219632929e-01 5.723961806294031174e-01 5.527681882422224025e-01 5.778945145904524905e-01 5.571684288366778315e-01 5.700088028897550840e-01 5.275164386830384355e-01 5.542768007059912794e-01 5.386763534484414473e-01 5.741782230467449288e-01 5.335922168515246922e-01 5.698640036590735258e-01 5.576976909045422426e-01 5.520005205019067329e-01 5.702609879978616236e-01 5.458889719296936560e-01 5.769074805960436869e-01 5.843101104095875797e-01 5.610964236327823373e-01 5.633101169104929307e-01 5.598598278655443350e-01 5.259432571876190288e-01 5.239688976431574607e-01 5.950363690828380792e-01 5.700708535765925955e-01 5.453400371503702715e-01 5.723590835754835959e-01 5.717861744867692719e-01 5.706924819011957029e-01 5.497781681624098749e-01 5.487335960254646761e-01 5.596595348790209812e-01 5.704554463214362992e-01 5.464511969584909812e-01 5.171117500740013417e-01 5.445403703789979399e-01 5.391685947387017119e-01 5.536851129122078996e-01 5.280791715387284091e-01 5.302317469660572380e-01 5.394341804509356075e-01 5.342208460814518167e-01 5.303001279191263961e-01
9.201276023403509585e-03 8.189049983921059539e-02 2.547368205697330135e-01 3.985445223797028924e-01 1.000000000000000000e+00 3.165886572822005363e-01 5.160568388535285989e-01 4.984088386315022046e-01 5.077740625315851908e-01 4.650945118746860341e-01 5.186765205447098070e-01 5.285815367152735256e-01 5.314865916013092884e-01 3.618780028974978857e-01 5.549830838467676442e-01 5.650572455409844652e-01 5.031227328290988066e-01 4.863948830240378829e-01 5.084729805482237630e-01 4.888725750992238273e-01 4.882463823532905423e-01 5.251959577351895669e-01 4.813195337513900829e-01 4.602609344576472084e-01 4.869810259119734530e-01 5.353848800241313155e-01 5.353120871620691279e-01 5.217997807357689366e-01 4.902839888120585909e-01 4.828963711178040352e-01 5.359416578448429336e-01 5.526884178969634354e-01 4.957133903034112166e-01 5.228631290209383442e-01 5.058911282681045618e-01 5.322951193763225675e-01 5.388759152167976740e-01 5.456566551762357387e-01 5.450773140850282417e-01 5.430841155311117996e-01 5.550821624909642038e-01 5.541403581884178919e-01 5.561772868958597682e-01 5.558860322810459387e-01 5.582953691740207836e-01 5.510590312119995060e-01 5.504108932417207667e-01 5.461055771804795844e-01 5.518470766763571289e-01 5.389974997026673043e-01 5.455321618120625438e-01 5.505188448175929450e-01 5.567641322598407827e-01 5.382644931406179722e-01 5.450196808235234780e-01 5.486319103717671730e-01 5.447699571132931240e-01 5.549835653308331507e-01 5.445305746896078603e-01 5.492573315373063814e-01 5.518749690594598745e-01 5.481251998678603465e-01 5.532065118723512587e-01 5.507918579744784937e-01 5.454921703248342135e-01 5.429062528880311822e-01 5.446906627560954561e-01 5.512611842435051202e-01 5.506637678987754692e-01 5.578734353674817958e-01 5.560150728627331063e-01 5.483518066816337466e-01 5.501702258409660873e-01 5.449279303060263757e-01 5.574243359460963054e-01 5.472542424580281173e-01 5.554945460225556575e-01 5.404930528549496405e-01 5.515396667994142410e-01 5.363166914196286772e-01 5.458096069413396201e-01 5.454338918927098545e-01 5.536197928678012747e-01 5.404477379605308052e-01 5.519152492217853645e-01 5.485836587486865312e-01 5.523463463275604113e-01 5.541044380286986870e-01 5.488156309711399450e-01 5.604827853872266230e-01 5.556801061910002781e-01 5.548777242086515571e-01 5.546557234166854533e-01 5.541935096635860480e-01 5.454007750276630428e-01 5.446914839931616958e-01 5.562989013389422199e-01 5.538629257283784746e-01 5.532099048101049021e-01 5.547089359505048556e-01 5.603932360744162677e-01 5.581221015992778867e-01 5.507435072971355039e-01 5.522496092878076412e-01 5.522659752376172237e-01 5.547290934066526624e-01 5.516839441225824814e-01 5.426461097222252672e-01 5.504997195883735150e-01 5.484714166215407527e-01 5.499282370856958257e-01 5.467571801884503202e-01 5.456050017984589440e-01 5.489426346113968069e-01 5.444317821170709948e-01 5.461965366164792668e-01
2.574861796836317579e-02 7.703977225205640988e-02 2.958660701697542472e-01 3.990183528595419027e-01 3.165886572822005363e-01 1.000000000000000000e+00 5.262842827515553656e-01 4.927214607774070831e-01 5.226476699648501256e-01 4.673282397222622286e-01 5.256535331055569582e-01 5.358094998673211817e-01 5.158291591066344051e-01 3.934433129865488876e-01 5.637076690800328915e-01 5.537332707034015034e-01 5.268459860812934048e-01 5.176398584767116784e-01 5.301377495724474143e-01 4.530254023644820771e-01 5.036358717002908936e-01 5.436184185777797051e-01 5.382474052153672917e-01 5.061346329380146392e-01 5.250169547152860883e-01 5.596104283460351381e-01 5.543275538208912723e-01 5.415764798791651291e-01 5.223917223217129369e-01 5.109847843024696301e-01 5.572861584502203369e-01 5.775467211131950496e-01 5.444411552769041762e-01 5.674131838308077436e-01 5.385201286645561192e-01 5.520112189977706141e-01 5.467814649878831590e-01 5.781146385580963054e-01 5.823462936252407074e-01 5.644482383794046099e-01 5.745496932598033180e-01 5.791447892786372176e-01 5.764671295872907386e-01 5.759601689824614956e-01 5.741377887416547754e-01 5.790202889000205522e-01 5.708065349710054193e-01 5.642689271137070195e-01 5.742801456140099736e-01 5.732999443419126706e-01 5.797402589827994612e-01 5.638513282262094251e-01 5.660080044747418659e-01 5.463391502718115689e-01 5.537526543290014480e-01 5.741939802815139160e-01 5.525720340422647370e-01 5.706609658984908018e-01 5.645252257633945892e-01 5.643572204701640116e-01 5.739919843546567035e-01 5.626662624070649654e-01 5.654154689313601878e-01 5.716328176489139379e-01 5.637251750636916858e-01 5.549130932569233954e-01 5.733666957223221283e-01 5.827834189690126454e-01 5.798802295539348117e-01 5.716840589144432938e-01 5.756201010428495524e-01 5.744003844957648042e-01 5.854630666157522034e-01 5.743514810204124466e-01 5.794927738727657651e-01 5.721905138541921731e-01 5.797984727973281016e-01 5.683206564620137957e-01 5.757318480308103448e-01 5.559314759094492464e-01 5.712920753736906443e-01 5.717415699511679827e-01 5.835094695798452857e-01 5.659011353646010711e-01 5.808194370270665097e-01 5.833274917613434640e-01 5.736319237670184368e-01 5.873056062530038757e-01 5.758219269761493120e-01 5.778093330718755416e-01 5.822168744532225659e-01 5.789695831557137851e-01 5.804775391091058223e-01 5.780064785976501973e-01 5.685626774971704878e-01 5.657525389774983315e-01 5.785597623701279613e-01 5.682403258547381597e-01 5.719945653438994748e-01 5.840997108129647453e-01 5.765428484023145117e-01 5.767492161950611429e-01 5.688472390180260296e-01 5.735195090008777807e-01 5.724353076367284521e-01 5.640842224818963802e-01 5.701796097056006651e-01 5.634288273732938057e-01 5.703076376691686988e-01 5.741886303133458824e-01 5.793449560744096116e-01 5.674574930145976914e-01 5.659652179322522958e-01 5.721324592675268716e-01 5.656188640033166237e-01 5.610169093704068244e-01
8.036682952145592085e-02 1.438104798941562956e-01 4.423735571348815232e-01 5.919053141214744018e-01 5.160568388535285989e-01 5.262842827515553656e-01 1.000000000000000000e+00 7.480216669150409059e-01 7.311286697549381763e-01 6.691354072845516754e-01 7.503473584523236983e-01 7.621235129912017348e-01 7.397086595262545305e-01 5.544142230883070122e-01 8.464237627044013390e-01 8.374279507178591375e-01 7.680256685718964693e-01 7.713629790909791728e-01 7.955690895296099185e-01 6.730149238554553603e-01 7.446023194874317186e-01 7.982848918593563603e-01 7.952016374903473350e-01 7.496262437010585700e-01 7.728783784321143768e-01 8.268039424108215574e-01 8.081515015134267399e-01 8.223200074239430668e-01 7.824181649528721971e-01 7.454347880545932892e-01 8.116517966354095392e-01 8.344802576055879717e-01 7.909040991832883005e-01 8.278966511378877957e-01 7.650295994203943906e-01 8.050266094057592081e-01 8.078414836684493228e-01 8.392846412620884600e-01 8.356099747651777321e-01 8.504220421207421277e-01 8.262385222319964528e-01 8.427812445498709115e-01 8.486516006592064176e-01 8.318295426827614358e-01 8.355788288573579026e-01 8.421538227942112487e-01 8.051735976742785406e-01 7.974760040752074675e-01 8.310614257889766820e-01 8.228969865537270056e-01 8.292353426367222724e-01 8.155570672869956184e-01 8.193300271771671861e-01 7.928378003302783972e-01 8.084559593453989335e-01 8.414749095779159305e-01 8.121979771390867020e-01 8.146123429519315229e-01 8.141266499017952851e-01 7.959897626224852196e-01 8.132023379621079462e-01 8.026932001911282200e-01 8.200542647551470887e-01 8.081695168891287473e-01 8.011396634677016015e-01 7.900153743441445942e-01 8.014775995069206571e-01 8.276404166424744524e-01 8.233633212511443089e-01 8.092650794608692300e-01 8.225609588613473910e-01 8.173857304728662232e-01 8.361253144239576551e-01 8.270372180199234702e-01 8.315654171396462679e-01 8.129761131438708599e-01 8.411822577567039660e-01 8.193105707416599159e-01 8.351372260845330020e-01 7.955415484742472954e-01 8.254791578214335512e-01 8.089062014203971529e-01 8.306637997157984010e-01 8.075201172661433668e-01 8.303703053373935328e-01 8.281688325906365611e-01 8.161151043944502304e-01 8.384212056136449709e-01 8.177572276823531494e-01 8.367105766884724849e-01 8.434779170441639717e-01 8.244825547830884060e-01 8.188078032458481204e-01 8.273479868216393474e-01 7.973358443681147767e-01 7.976231898602629267e-01 8.296658976295278043e-01 8.106724491040084857e-01 8.098723640623177733e-01 8.287125068319587395e-01 8.269189632438610493e-01 8.229543320101302406e-01 8.054291488119373899e-01 8.102651356943093575e-01 8.072827983384996964e-01 8.121501030449075342e-01 8.077540447970495974e-01 7.968525810002672349e-01 8.136547372610121176e-01 8.047619018923136691e-01 8.180897695021495108e-01 7.961584076815314548e-01 7.969763082412310018e-01 8.046258890385021845e-01 7.992904735348178580e-01 7.930943029052524018e-01
7.971196802756135014e-02 1.467655868728973689e-01 4.406526091613957030e-01 5.921000426136969752e-01 4.984088386315022046e-01 4.927214607774070831e-01 7.480216669150409059e-01 1.000000000000000000e+00 7.176315004613685877e-01 6.380875722728793775e-01 7.297904361601670331e-01 7.564112534491674866e-01 7.271420929537603106e-01 5.245091285363330247e-01 7.990168012468226166e-01 8.178226769564702625e-01 7.576249805896712042e-01 7.657197261367537644e-01 7.879993028486088624e-01 6.524038728423984246e-01 7.640910637749499523e-01 8.073572541783406997e-01 7.569694515301583770e-01 7.365399121306415164e-01 7.672723374215388858e-01 7.905627252581353126e-01 7.837355389367867131e-01 7.618414213005250124e-01 7.428660335807087955e-01 7.301652029462620819e-01 7.826815141378572482e-01 8.103223212575748624e-01 7.553383988542691219e-01 8.014472446553020379e-01 7.435256336164858260e-01 7.865471297295626441e-01 7.780519898495051878e-01 8.117709267343917734e-01 8.064322261961639482e-01 8.012814368979224167e-01 7.891999513243764808e-01 8.089146881628943575e-01 8.076905661338112941e-01 8.027479078778833044e-01 8.032287164596849660e-01 8.065936620808601409e-01 7.836392431287633187e-01 7.700353696549440130e-01 8.048672469856331668e-01 8.163889893747853232e-01 8.161931044321414364e-01 8.083646331814484665e-01 7.998404775687841806e-01 7.660173650109571852e-01 7.885471104780021889e-01 8.062296820139275288e-01 8.090664211923512816e-01 7.938080481581938352e-01 7.991693174222278540e-01 7.713984726727037833e-01 7.951060325634622394e-01 7.839294300465479148e-01 8.126603043303314289e-01 7.947653724494804228e-01 7.873623451907797444e-01 7.775329047988219777e-01 7.774824010945752262e-01 8.027305584093773483e-01 7.920164165221857955e-01 7.876302548505231815e-01 8.073658142074627841e-01 7.963433918008350210e-01 8.115276814549964302e-01 8.060611633914821494e-01 8.014753364964813942e-01 7.859178040690875111e-01 7.995451823813063408e-01 7.862498817243942506e-01 7.987606969605093310e-01 7.729284981649707786e-01 7.915079590203883964e-01 7.809210454732387063e-01 8.048608009721659462e-01 7.810199913469102473e-01 8.032489879784865394e-01 8.017781687365145293e-01 7.877193226116178115e-01 8.019448784389527907e-01 7.888913747448184077e-01 8.065547520749190014e-01 7.996060191752439872e-01 7.933966832450908280e-01 7.903027533095277057e-01 7.931468079538502858e-01 7.727610168486289677e-01 7.716322498816086117e-01 8.106064749359095378e-01 8.059372445949493091e-01 7.887497789523300051e-01 8.031675285093899941e-01 7.978618844077280947e-01 8.037615320451485523e-01 7.828128327048731183e-01 7.887337375593297395e-01 7.935909456491873071e-01 8.006588758729248356e-01 7.901361381103256809e-01 7.709528273353248862e-01 7.885267207055278726e-01 7.827640865101640477e-01 7.931867326618835534e-01 7.720057294575125573e-01 7.765021222390756650e-01 7.867747302343293114e-01 7.801587533969683852e-01 7.758421053477072560e-01
1.195647380583150232e-01 1.887739535470195629e-01 3.938071412504665081e-01 5.040872733374284209e-01 5.077740625315851908e-01 5.226476699648501256e-01 7.311286697549381763e-01 7.176315004613685877e-01 1.000000000000000000e+00 7.719152601546865888e-01 8.278020606075940924e-01 8.406495175680169796e-01 8.059886304967867066e-01 6.173538904824307227e-01 8.614196634550166376e-01 8.493707969732925411e-01 8.240067289280269547e-01 7.417347780721702533e-01 8.056479847568983610e-01 6.759663845078197619e-01 7.300272790784986254e-01 8.155978219172004273e-01 7.975908164051006555e-01 7.036440920990801873e-01 7.529810717878198112e-01 8.593193800156024853e-01 8.559245572380921319e-01 8.179466462364471946e-01 8.080043015269502416e-01 8.246558126463251481e-01 8.839662989974425011e-01 8.699127464197097259e-01 8.234668183407799491e-01 8.398424858880891852e-01 8.479216343663549260e-01 8.543346617926742548e-01 8.669287217143170077e-01 8.598018585700564209e-01 8.813408393646200434e-01 8.084896864305304298e-01 8.784895085694732764e-01 8.619778456072876294e-01 8.486123115161624542e-01 8.867337094754318416e-01 8.825077474240492492e-01 8.789884492281612172e-01 8.895085959207366111e-01 8.987982008806868484e-01 8.822502914463712376e-01 8.475581647835850330e-01 8.670112040717095070e-01 8.607103126117826575e-01 8.828921603553245845e-01 8.965341423161111711e-01 8.858547882752684233e-01 8.858140296329207741e-01 8.791106717751089317e-01 8.868648370251734914e-01 8.843501081415376941e-01 8.949023889256350062e-01 8.887583535479758323e-01 8.962162211053665839e-01 8.836986616310928966e-01 8.934334902489377006e-01 8.951357424161222598e-01 8.975881767458334659e-01 8.970819472698422503e-01 8.925784954004566396e-01 8.945878298967134823e-01 8.806946964392948773e-01 8.859519083830140751e-01 8.942510738364850553e-01 8.769114015432597498e-01 8.787127394012073101e-01 8.959355670952587891e-01 8.943769792868575541e-01 8.876979769777141316e-01 8.890705389853555962e-01 8.919324364395712079e-01 8.956589536817908259e-01 8.971223283449984987e-01 8.997172273065018322e-01 8.985284103265618327e-01 8.953945265538943987e-01 8.778116863997297292e-01 8.914222097971196135e-01 8.956350162664497017e-01 8.887440738153630226e-01 8.944274711905504383e-01 8.898129887433667840e-01 8.774284293076264341e-01 8.886142147761809662e-01 8.909857654293494855e-01 8.926445909831560721e-01 8.911848545871347005e-01 8.948192038378997015e-01 8.633202944210960350e-01 8.886253043986472866e-01 8.911387043732456048e-01 8.862148708464666624e-01 8.832831236173923628e-01 8.910386700618260214e-01 8.917244043551727506e-01 8.886282164892256308e-01 8.898094346031820701e-01 8.943905657707780232e-01 8.976253326779183306e-01 8.948573711823955001e-01 8.979996153568732264e-01 8.954098826641770925e-01 8.892767816652827895e-01 8.953389137993110758e-01 8.968175812767833488e-01 8.949893107447534080e-01 8.962856393911493580e-01 8.972051678619018533e-01
8.007319085342264053e-02 2.148188918057158947e-01 3.531468415385408122e-01 4.505288358253112801e-01 4.650945118746860341e-01 4.673282397222622286e-01 6.691354072845516754e-01 6.380875722728793775e-01 7.719152601546865888e-01 1.000000000000000000e+00 7.645644349460217759e-01 7.622339971449234586e-01 7.400529207420500910e-01 5.622818111624358073e-01 7.937980521272405277e-01 7.698903710653028920e-01 7.466847956142838028e-01 6.732145779179704581e-01 7.329645818341773422e-01 6.025334511704517615e-01 6.438970696444010766e-01 7.357771488559274875e-01 7.272990272929906741e-01 6.383688640163425188e-01 6.872237916989366591e-01 7.843207179338551605e-01 7.950264434872089669e-01 7.735365708699194487e-01 7.548977999897473756e-01 7.661307387902105415e-01 8.190131961716632381e-01 8.023906023925742037e-01 7.767737836980039834e-01 7.713020244180182061e-01 7.905914768287961580e-01 7.772591313569224836e-01 7.971554243221170566e-01 7.996979294802506466e-01 8.143346555800571318e-01 7.589278338350817776e-01 8.183205015431870288e-01 7.982567294135151093e-01 7.752893725428938732e-01 8.153898782040407411e-01 8.144065769917209208e-01 8.155882786956937247e-01 8.208224743805035972e-01 8.312293496816918204e-01 8.059781423546147350e-01 7.717147981144860669e-01 7.927940852574297814e-01 7.776719074877377347e-01 7.979948309776556670e-01 8.143615978736803429e-01 8.061802176670909148e-01 8.149852678243143522e-01 7.801226738061640686e-01 8.139372921611979228e-01 8.102890779566059853e-01 8.215926461852636198e-01 8.060827001900005007e-01 8.191119192062935594e-01 7.988740094819387627e-01 8.113329748804942732e-01 8.168703497876665942e-01 8.146841480639825939e-01 8.280808057256302535e-01 8.211831767364989876e-01 8.276874659610041762e-01 8.122219600986163579e-01 8.134920264523229916e-01 8.238840499134729711e-01 8.065972978653538350e-01 8.063971600035344522e-01 8.271860637239766278e-01 8.281024278449109488e-01 8.256623857441506287e-01 8.268085821341212283e-01 8.267454311625656027e-01 8.301486615076153486e-01 8.283255386993496616e-01 8.325488256915892782e-01 8.305909976650809323e-01 8.316770738972480981e-01 8.118427306156941192e-01 8.212703700445326271e-01 8.268021307788075980e-01 8.254967889217814658e-01 8.277963250225054415e-01 8.253525553841749574e-01 8.186776744875634559e-01 8.220177561094320628e-01 8.236155173061280310e-01 8.260787104127174096e-01 8.259510609806751669e-01 8.297076615837284397e-01 7.844586292938695582e-01 8.021487446472012062e-01 8.180880525270676218e-01 8.179369545049754997e-01 8.081534717041193305e-01 8.106611989292927811e-01 8.159275193315836949e-01 8.162531147341163251e-01 8.137649390843398889e-01 8.089918823666574221e-01 8.241808867995586985e-01 8.263266076522146619e-01 8.292688577211286827e-01 8.264090830261761056e-01 8.216906971979812679e-01 8.271082744719475688e-01 8.257246713745511890e-01 8.207336853560907031e-01 8.216916957754609729e-01 8.195092421449140518e-01
4.105202852176813993e-02 1.622423222222030004e-01 3.895798118315612069e-01 5.447299458210671519e-01 5.186765205447098070e-01 5.256535331055569582e-01 7.503473584523236983e-01 7.297904361601670331e-01 8.278020606075940924e-01 7.645644349460217759e-01 1.000000000000000000e+00 8.650463500914965520e-01 8.086821488017015280e-01 6.294279025229430058e-01 8.806092148424142785e-01 8.623630858277862021e-01 8.113950374580637392e-01 7.516780910535603155e-01 8.140587106349046476e-01 6.967110461489766093e-01 7.540888086796664336e-01 8.308288225621285328e-01 7.905929092337711239e-01 7.067860803237251410e-01 7.656755443650148374e-01 8.664566969291601639e-01 8.675544097602834182e-01 8.403544445304084176e-01 8.099938220860156690e-01 8.101604563149615856e-01 8.911240780604015033e-01 8.767633150640817830e-01 8.348121074922395524e-01 8.385991193707093005e-01 8.453259805645190195e-01 8.632767673583685575e-01 8.719130620109614149e-01 8.763092905074508776e-01 8.902202482887197066e-01 8.496360303832316552e-01 8.995639809555245892e-01 8.921002533282927915e-01 8.755112242051804605e-01 9.062092320934711509e-01 9.010896268831027900e-01 8.985475706638093030e-01 9.007343999034105320e-01 9.020659773574802864e-01 8.912725174087725577e-01 8.674979468845532837e-01 8.848555548554187800e-01 8.799847625973568066e-01 8.999750055506491320e-01 8.912504072718175907e-01 8.911461227887345071e-01 8.980416073331921600e-01 8.803352081777080507e-01 9.035070826539972622e-01 8.949163812919365135e-01 9.019236245450705791e-01 9.011211620531953681e-01 9.021572296165201177e-01 8.964893313888367965e-01 8.990659005260998038e-01 9.003387742742822164e-01 8.982343889798909409e-01 9.031460479023218912e-01 9.041181963752222828e-01 9.002271886028154757e-01 8.987496875525613493e-01 9.051123780782828199e-01 9.067513917891444342e-01 8.859758945060800528e-01 8.910590675076770495e-01 9.100946816201856970e-01 9.077402032350382344e-01 9.063023088701345209e-01 8.985783444877550874e-01 9.035756118267602721e-01 8.924524385301779716e-01 9.033445654875470465e-01 9.071957597471135282e-01 9.054395396603585056e-01 8.975917940806000805e-01 8.959357961125666847e-01 8.963797563386237677e-01 9.070552942613391290e-01 9.053816643763131777e-01 9.049543698969763073e-01 9.045465055091839179e-01 9.009148826285356959e-01 9.073472154675764623e-01 9.091028209826380602e-01 9.083324064007565202e-01 9.038129247496216045e-01 9.036661012787461367e-01 8.898298830152868710e-01 8.959448558375951999e-01 9.045854465886271623e-01 9.040524712589704803e-01 9.034794025489252256e-01 9.047303452451287420e-01 9.048389100790199535e-01 9.067246219435313170e-01 9.049420469139994871e-01 8.984925501435215844e-01 9.030432033854182139e-01 9.020750779516270024e-01 9.066619763685201949e-01 9.041408037860979574e-01 9.043780821568765393e-01 9.049507015005258115e-01 9.039770689598125575e-01 9.038709105912838826e-01 9.031877205317583313e-01 9.026046897626056609e-01
1.634959871011614288e-02 1.417396917486855035e-01 3.709770534672028885e-01 5.745304463448620558e-01 5.285815367152735256e-01 5.358094998673211817e-01 7.621235129912017348e-01 7.564112534491674866e-01 8.406495175680169796e-01 7.622339971449234586e-01 8.650463500914965520e-01 1.000000000000000000e+00 8.361004826221668518e-01 6.428560176735957921e-01 9.010322851056935534e-01 8.885460859125197119e-01 8.313439790572983989e-01 7.347940680270317326e-01 8.103519297011629874e-01 7.030565060534025301e-01 7.475429776149680183e-01 8.284231674730545558e-01 7.664434152922610100e-01 6.823100412059347475e-01 7.519441180671544434e-01 8.560641262516499594e-01 8.615472737244840307e-01 8.246048245598934789e-01 7.855914314688829947e-01 7.779801394712720919e-01 8.819022838921933838e-01 8.836446987343502535e-01 8.290342708905503732e-01 8.349818527720197503e-01 8.282856703194984016e-01 8.746098443696352920e-01 8.690688343217083389e-01 8.962297083777882589e-01 9.065552861297935250e-01 8.677974557149392698e-01 9.155288934120390243e-01 9.174444865556001805e-01 9.080995605398317627e-01 9.308190927242144808e-01 9.194186044369255795e-01 9.139126185862965768e-01 9.341169642643245563e-01 9.267386070163525780e-01 9.230024403091915408e-01 8.958278477008204677e-01 9.110344599937033605e-01 9.067118056043950158e-01 9.232137480329033474e-01 9.159655397532479038e-01 9.149950039440147842e-01 9.087212450495286697e-01 9.048584228709050103e-01 9.310759963231682868e-01 9.206253906434350709e-01 9.309342331900875012e-01 9.346476548501001513e-01 9.288447645270023756e-01 9.253034352062757817e-01 9.288389725307830691e-01 9.230328731499388706e-01 9.243852672933451364e-01 9.277151764610690465e-01 9.212297943686480473e-01 9.142768983856230935e-01 9.204097793542704853e-01 9.266569459107135698e-01 9.259303233812048450e-01 8.929855731843469036e-01 9.047524309485973637e-01 9.254993465480463311e-01 9.245797060960133651e-01 9.151923382215337854e-01 8.995163987595700128e-01 9.119958171877107223e-01 8.913519121483136631e-01 9.140828783913518274e-01 9.243906961865634431e-01 9.185688371672546815e-01 9.026730505790216963e-01 9.165408439521313122e-01 9.092284244564265983e-01 9.260050621762857537e-01 9.259815254144115881e-01 9.278355762116399230e-01 9.235709597602831389e-01 9.218202182315256010e-01 9.355461663507077530e-01 9.346958914835857835e-01 9.326717600606466707e-01 9.316266339361906068e-01 9.310738615859996958e-01 9.251230163564457820e-01 9.260395639684871893e-01 9.344033309614814264e-01 9.334998747277627462e-01 9.366654150013512536e-01 9.351622427154498984e-01 9.359915076873457362e-01 9.375841173571458631e-01 9.347443820874883347e-01 9.257213252515290591e-01 9.322420075691452146e-01 9.274250358524236404e-01 9.283585112453429655e-01 9.329456565816923730e-01 9.336658935262418524e-01 9.325003540987465422e-01 9.331745003845921538e-01 9.333882840520363322e-01 9.290910374935876792e-01 9.315017622998444935e-01
3.319722453264087325e-02 1.732333391797298838e-01 3.641846491537057973e-01 5.074326112373315212e-01 5.314865916013092884e-01 5.158291591066344051e-01 7.397086595262545305e-01 7.271420929537603106e-01 8.059886304967867066e-01 7.400529207420500910e-01 8.086821488017015280e-01 8.361004826221668518e-01 1.000000000000000000e+00 6.155054518691543963e-01 8.651076874088616808e-01 8.495763135993004145e-01 7.817716707422802669e-01 7.211012714746632968e-01 7.843129036754317163e-01 6.761213478280881928e-01 7.151877766774356049e-01 7.938396163318404142e-01 7.552915261066908137e-01 6.740871121058589210e-01 7.335486555197874292e-01 8.305579405011336291e-01 8.305311749468585747e-01 8.061889667622974542e-01 7.709658702183120882e-01 7.669068132578322761e-01 8.526910370767899483e-01 8.539162098157482284e-01 8.035750912600796436e-01 8.153335065297049322e-01 8.130307965658377656e-01 8.375436146784867031e-01 8.435809027786742575e-01 8.552601653134243032e-01 8.721850937334788556e-01 8.236141848709340740e-01 8.753168350151627752e-01 8.671264452058039529e-01 8.573767095134082750e-01 8.835337328387959932e-01 8.725164693341498356e-01 8.697606465603335835e-01 8.850121925931141442e-01 8.849797180103782246e-01 8.695691650698788022e-01 8.459299967737692327e-01 8.616195722680823899e-01 8.521733644821730680e-01 8.650513905906711543e-01 8.680583330900919492e-01 8.630103326144484832e-01 8.689631343982707756e-01 8.452000155900785128e-01 8.800938524817367714e-01 8.674480415027500113e-01 8.866672844886980265e-01 8.823343384746989981e-01 8.749931712783606264e-01 8.655591645755957853e-01 8.797358415656263420e-01 8.782143614792948805e-01 8.730760560503039169e-01 8.858611834103163885e-01 8.827138823553615232e-01 8.834362676969664818e-01 8.819802575092581254e-01 8.821195490713736875e-01 8.848879323821768894e-01 8.632192367967775892e-01 8.661002844791194644e-01 8.853987422914595395e-01 8.848048557303729300e-01 8.789569687913154628e-01 8.676270570654378567e-01 8.789884989131216964e-01 8.654593040317267727e-01 8.784084010887720506e-01 8.855104588648964326e-01 8.827549747686028736e-01 8.731074308471997725e-01 8.781881145057702787e-01 8.766468285896106272e-01 8.849651415814975275e-01 8.855313239649704737e-01 8.876451782287726466e-01 8.822284491829791575e-01 8.802878101923029552e-01 8.887300530523247755e-01 8.888064635968886407e-01 8.890703845062554178e-01 8.866783843771469664e-01 8.858215859968373573e-01 8.664441783551912746e-01 8.740644903747599725e-01 8.868019048621462730e-01 8.865401523261753347e-01 8.859467897796435842e-01 8.824715002420372434e-01 8.850554443026141804e-01 8.880832405619187853e-01 8.849955745780280214e-01 8.728172889487918473e-01 8.837562554818514382e-01 8.847902225670156717e-01 8.865363516519230158e-01 8.867753286928939938e-01 8.837967452008860247e-01 8.875277444892704093e-01 8.851137796017412018e-01 8.866680176797502311e-01 8.843870971191853947e-01 8.819726522173336747e-01
