1.000000000000000000e+00 1.430342723172629560e-01 5.403289798063397320e-02 8.977429240912387920e-02 5.515069329438897217e-03 3.749201946112561828e-02 3.793296548444079208e-02 5.295242214310263290e-02 1.574974753015413176e-01 7.749868979455945550e-02 5.838302604455381656e-02 1.714110584055249936e-02 -1.135746810409774508e-02 -5.259325293520986620e-03 2.955735387134836040e-03 3.736272971110009690e-04 1.119598798846542370e-01 5.589755078092586288e-02 5.750791251225629425e-02 1.992958451185420851e-02 8.290820706502054216e-02 7.616697576142084092e-02 6.707473359200872426e-03 1.992031800428179476e-03 4.245948570811597378e-02 3.543704888830818273e-02 3.746415386638424910e-02 -1.400765686805366741e-02 5.398825384269023003e-02 7.792818280378019380e-02 5.893535314355098642e-02 3.472449550842431065e-02 3.098674820335472688e-02 4.429445655479677391e-02 8.037738638862093610e-02 2.128803487926395066e-02 2.825137099627207313e-02 5.408473689419516714e-03 1.275742402318513768e-02 -1.654279478136469472e-02 -2.372790148640539602e-03 -1.773870925586834915e-02 4.493969200515372971e-03 1.637097667100564577e-02 2.269584927768341504e-02 -1.401844562844166246e-02 1.168394814908927173e-02 3.108531842252041863e-02 2.968967401060516528e-02 5.302566958035571931e-02 3.357937467132390136e-02 6.876520580314361697e-02 3.837966087245077429e-02 4.409854824155399339e-02 3.273988966294837794e-02 7.931235353273700245e-03 7.638303515792527199e-02 1.429520641526860376e-02 2.210069926428461645e-02 4.912734130119830733e-02 3.974681591360496036e-02 3.737555410275501810e-02 3.545918756101242020e-02 5.991796922937383391e-02 1.002774575758859227e-01 7.189202420741400146e-02 2.621911731726755262e-02 1.256100165700172779e-02 2.230669139803877210e-02 1.539685397617606734e-02 2.887557206606833696e-02 2.696392950349866396e-02 1.070514346097231270e-02 1.504198622077039700e-02 8.155389664134834668e-03 1.454701713935953843e-02 -4.553047430910251445e-04 2.473040011956134307e-02 5.410272199198227182e-03 2.381201937077571940e-02 1.040476955242757885e-02 2.286024644623781132e-02 3.823413826935805754e-02 1.617828404264967657e-02 7.040985341300345229e-03 2.245803984546433998e-02 3.391053305670610127e-03 6.224150998009809251e-04 3.570913959908420757e-03 1.468710921668362965e-02 -7.972722264962947211e-03 -3.694724088432393277e-03 7.447848989510457048e-03 -9.899861910377966839e-04 6.229356019478046042e-03 1.551718273987032735e-02 2.275359806529041184e-02 6.001376441912089493e-02 1.993024742970840243e-02 1.478791664944842897e-02 -6.586695940331513009e-04 1.969686505846495600e-02 1.632090378750603379e-02 1.351714968513994218e-02 3.194267986683498733e-02 4.101566808042200751e-02 3.471729976165940229e-02 1.809140929014571922e-02 4.798426858745524944e-03 1.833175914307883653e-02 6.977559160785206695e-03 2.432117304334687966e-02 1.299884203420428354e-02 2.761291363129749973e-02 6.091533781396281377e-02 4.275777080125843510e-02
1.430342723172629560e-01 1.000000000000000000e+00 4.031194224920216923e-02 1.006156922198470083e-01 8.127016423379460064e-02 5.883267331364953195e-02 1.489084225708322828e-01 1.267278179956905226e-01 2.042324832921056654e-01 1.856390316817652375e-01 1.548269901147695804e-01 1.411521513294453634e-01 1.068812770771411513e-01 1.247464023593088112e-01 1.368004536727759624e-01 1.350429085811679364e-01 1.924778463870212286e-01 1.596896704482708707e-01 1.711060404431487547e-01 1.308804635613450840e-01 1.505597609082391097e-01 1.545638488849382652e-01 1.349771089079791486e-01 1.533010347479209778e-01 1.605856136582378968e-01 1.799050933843589217e-01 1.726629182676558683e-01 1.552564555428836424e-01 1.732003673938838917e-01 2.026964878472403142e-01 1.782283135048171596e-01 1.810364385316900471e-01 1.806328379053470656e-01 1.723760115722625941e-01 1.977164373520690355e-01 1.200454080749215197e-01 1.487833289024645955e-01 1.618059549322869717e-01 1.305121412915575818e-01 1.290807819256209743e-01 1.497372158995959324e-01 1.302668023403136532e-01 1.245523883315168695e-01 1.437670648891943015e-01 1.512454852826955465e-01 1.405874049521326219e-01 1.475301590891248682e-01 1.607730591467838310e-01 1.630232573785848349e-01 1.595106210740852015e-01 1.505841238504761204e-01 1.284196775619659558e-01 1.360656751554891464e-01 1.799038374392478712e-01 1.789860918114198063e-01 1.634709923867851966e-01 1.880565828271075490e-01 1.505967641650262923e-01 1.713666486199119932e-01 1.714742323566155746e-01 1.406938783667629755e-01 1.722585732912235712e-01 1.689132552773726093e-01 1.622122093671425069e-01 1.677072605771945946e-01 1.826684650102773921e-01 1.457983575148817657e-01 1.445330517623392708e-01 1.670471014038355517e-01 1.474288151154267701e-01 1.430974695926710283e-01 1.484424597549942049e-01 1.621937000069216817e-01 1.549197606027375995e-01 1.490551800102864755e-01 1.510319512739518033e-01 1.450470935193158006e-01 1.556284398747872777e-01 1.445371470840250416e-01 1.588934210771505429e-01 1.509553479057595127e-01 1.520295331072289702e-01 1.491969370570648268e-01 1.553844171100856320e-01 1.464303016315461892e-01 1.556350412540379036e-01 1.353198913635687839e-01 1.422053559724734406e-01 1.414000883567665401e-01 1.506714439330169852e-01 1.401199209741398888e-01 1.353506635764039068e-01 1.430358364719035436e-01 1.348404932020968727e-01 1.353690848948315983e-01 1.437068717008981034e-01 1.253056892941160350e-01 1.541319508060151888e-01 1.351354087833761264e-01 1.350907615698179465e-01 1.235188727133710446e-01 1.350132832688735463e-01 1.324002206445984153e-01 1.306564034565946553e-01 1.373555269403500534e-01 1.544538272762495390e-01 1.523939375291963327e-01 1.536791341439429359e-01 1.463574094780256685e-01 1.518364781703808730e-01 1.472427421253927060e-01 1.499877048550501135e-01 1.490496838036838578e-01 1.437747263184611934e-01 1.528496759813130212e-01 1.529333182569030114e-01
5.403289798063397320e-02 4.031194224920216923e-02 1.000000000000000000e+00 2.242146064688163298e-01 1.316632243483134845e-01 1.301304380254389159e-01 1.899844636168896150e-01 1.613942007884465180e-01 2.307252192872413232e-01 2.058799080669963533e-01 2.421581996692596661e-01 2.891123368719196729e-01 2.172629463094601088e-01 2.005702512039151675e-01 2.551035765602043259e-01 2.668784791314653959e-01 2.315673129770931538e-01 2.029536970210297497e-01 2.320991581566837214e-01 2.218128215986799601e-01 2.326109576018638436e-01 2.673612965588360590e-01 2.357454623545963690e-01 2.241293281616872357e-01 2.309674094198867766e-01 2.556384030959303888e-01 2.638750367678375230e-01 2.650295622915734284e-01 2.447907543321502233e-01 2.391879859290944321e-01 2.461579928442408916e-01 2.611613624993613381e-01 2.484361088673840701e-01 2.496317978125851267e-01 2.344937861796726197e-01 2.471428205824698632e-01 2.675074065870752804e-01 2.624809037978401705e-01 2.694292797702843578e-01 2.651018586569124924e-01 2.711564821797801672e-01 2.806943142420740833e-01 2.527584470996966926e-01 2.725892205206342789e-01 2.620333072765294036e-01 2.644004385895824538e-01 2.657987886063993277e-01 2.614172127260517842e-01 2.639134379181511947e-01 2.630052081733176839e-01 2.637506418383077644e-01 2.547227283725926328e-01 2.653647834070391176e-01 2.555643010441713825e-01 2.528580654805181460e-01 2.551894468649932302e-01 2.489843282767151000e-01 2.706067416748143550e-01 2.609979702184190287e-01 2.605965097991849166e-01 2.615019705915328507e-01 2.558746759424550543e-01 2.557649602385451693e-01 2.526699594276131111e-01 2.605649961811347670e-01 2.456149369064408172e-01 2.699589325621103986e-01 2.647989756246812987e-01 2.662103808554607265e-01 2.681357171539014428e-01 2.717363734421887611e-01 2.711138684389560738e-01 2.573074460032462873e-01 2.586885623277671020e-01 2.655546476833732239e-01 2.640920340000063038e-01 2.766357896865022648e-01 2.607223769154888848e-01 2.612853435129747770e-01 2.498465234280839165e-01 2.480388578420874013e-01 2.523482208959296758e-01 2.664381086991928771e-01 2.593845332280907967e-01 2.649542006341478739e-01 2.624924891812451810e-01 2.617861552482643739e-01 2.665397027321433909e-01 2.658862184373844140e-01 2.570730758800023330e-01 2.691073405714534128e-01 2.738768615902734682e-01 2.675553596488013386e-01 2.704512594635280487e-01 2.692861807589513878e-01 2.658067033488229480e-01 2.628405766611842664e-01 2.556284770618151292e-01 2.648464788969413508e-01 2.672100010499329770e-01 2.654693180990522761e-01 2.607560469458471974e-01 2.635065957136280002e-01 2.697184140072894643e-01 2.617387496577035511e-01 2.508296876054909585e-01 2.602940620839372943e-01 2.613702969686539368e-01 2.613308402656830953e-01 2.646719806472799807e-01 2.628889361734575991e-01 2.649480917868730634e-01 2.580369104320273665e-01 2.614746092779185460e-01 2.668192311249886761e-01 2.634705265526291473e-01
8.977429240912387920e-02 1.006156922198470083e-01 2.242146064688163298e-01 1.000000000000000000e+00 2.936747462991267654e-01 2.565200774999056854e-01 4.561009100940749961e-01 4.395921123277128917e-01 4.563767754745041705e-01 4.037316493605009327e-01 4.621006077208990037e-01 5.174774412950147173e-01 4.158619207615918967e-01 4.154070179039546784e-01 5.055277423081264709e-01 4.901517009510303335e-01 4.608769842643927750e-01 4.625959320511384143e-01 4.783715135505720029e-01 4.417213491744199083e-01 5.193861364018219628e-01 4.748880389515733880e-01 4.382306084724273965e-01 4.538079252535877073e-01 4.849465546979470632e-01 5.324453950583394324e-01 5.114365607304005579e-01 5.050021191519439290e-01 4.820013052843790113e-01 4.978628260778269476e-01 5.173724229157077303e-01 5.047303069273616494e-01 5.003412623033732798e-01 4.973982568384298086e-01 4.767381117773777377e-01 4.899639041390994043e-01 4.927805818309806685e-01 5.302586215951970994e-01 5.128350225643263371e-01 5.044350033473959938e-01 5.155374685919857924e-01 5.170521104758535325e-01 5.377614145730812423e-01 5.423861794806843495e-01 5.341533140532971347e-01 5.149417482194166285e-01 5.136464546155757871e-01 5.088196946024556855e-01 5.120514042861061821e-01 5.288493775024477594e-01 5.401773336885992149e-01 5.267417664767581886e-01 5.227029599061044918e-01 5.013620971199557186e-01 5.007217006230944012e-01 5.193603543215570273e-01 5.101575811226116697e-01 5.237449835733668513e-01 5.107086032974872403e-01 5.202730670345812047e-01 5.300356513706991901e-01 5.080545763823210992e-01 5.059727152290949270e-01 5.099373333732983848e-01 5.070342000763858881e-01 4.986453809522313763e-01 5.062242837655113181e-01 5.131654094921520581e-01 5.159441568341023299e-01 5.241202651108729516e-01 5.212438915002720607e-01 5.071334525729211951e-01 5.078304999518029605e-01 5.087925340492439608e-01 5.245627611512738708e-01 5.168606326077442858e-01 5.151662273394139735e-01 5.094005026194610153e-01 5.083754950341743406e-01 5.047125357339644625e-01 5.074520202818031400e-01 5.073516577593901733e-01 5.264706626709730886e-01 5.067758508787194582e-01 5.236377861016282553e-01 5.184289243760100696e-01 5.068559061145231359e-01 5.213131141919417066e-01 5.154578077055147478e-01 5.231602250474045590e-01 5.212560208802402562e-01 5.211577720677772474e-01 5.227819940302300683e-01 5.174701184375338769e-01 5.076754702806089981e-01 5.066020382700691105e-01 5.396717691894509228e-01 5.212447790081312649e-01 5.246223043273161579e-01 5.309524039380189020e-01 5.289457043282611570e-01 5.186437597563344770e-01 5.212394757612438534e-01 5.292950818694959203e-01 5.220236495344875438e-01 5.126453488771645084e-01 5.191887463045269380e-01 5.115632280779183194e-01 5.098270460024052486e-01 5.167885264704314974e-01 5.119051968627506000e-01 5.119665318274067012e-01 5.079316192307152811e-01 5.131432746786437349e-01 5.079165167742015763e-01 5.078965606233288854e-01
5.515069329438897217e-03 8.127016423379460064e-02 1.316632243483134845e-01 2.936747462991267654e-01 1.000000000000000000e+00 2.114369211677045723e-01 3.863181092083017854e-01 3.845610370499177866e-01 3.880311850297953891e-01 3.561384209746832341e-01 3.751739939750730057e-01 4.271371293144958226e-01 3.774592444202033437e-01 3.684549450160757300e-01 4.334558178986514521e-01 4.079622191484960081e-01 4.031024465255157452e-01 3.813423878261519295e-01 4.125325715932328108e-01 3.532625707119056435e-01 3.915566384459012728e-01 3.870686697975203594e-01 3.855357631586598388e-01 3.835886809882820270e-01 4.174486940720435468e-01 4.477461347845443917e-01 4.105430617420180450e-01 4.331215579265614846e-01 4.077224539307015005e-01 4.130928663043350046e-01 4.365232369537473400e-01 4.208680857171920864e-01 4.080264608949079053e-01 4.174240906877318413e-01 4.104428506658824860e-01 4.204672861085954061e-01 4.231178592481056322e-01 4.312366957572856818e-01 4.409989269346106244e-01 4.189941986225954595e-01 4.498454596807742734e-01 4.364321637887940697e-01 4.589860423438235637e-01 4.566682159061374868e-01 4.553248894040083372e-01 4.453681130595534832e-01 4.468747470080279838e-01 4.447910046080226776e-01 4.487666060562099934e-01 4.282223309103891373e-01 4.442567142366798949e-01 4.330322904339637402e-01 4.552956528989112739e-01 4.439242366980957755e-01 4.387359192302350275e-01 4.457473467013732815e-01 4.446379435267658886e-01 4.485353748251864614e-01 4.336562784337455456e-01 4.595117715824175719e-01 4.613205956777326477e-01 4.525554350308995666e-01 4.472615549269336466e-01 4.515670206631599570e-01 4.414398762434332268e-01 4.404733216892403602e-01 4.524338098506768269e-01 4.549162856035165459e-01 4.594818104028162153e-01 4.476195426449798287e-01 4.520339730927225297e-01 4.488611472608100006e-01 4.476746413605945940e-01 4.525127996475671321e-01 4.604671308683176423e-01 4.527495432995857216e-01 4.495700266198743300e-01 4.505580698594349176e-01 4.502475959886768075e-01 4.487518056580269143e-01 4.498277420117313130e-01 4.510149083818830729e-01 4.573906397249523081e-01 4.469896131468257816e-01 4.516374084875068307e-01 4.528022816245755311e-01 4.536145236402480685e-01 4.520102775591237632e-01 4.536349250578654013e-01 4.612513268599595651e-01 4.509583725195100423e-01 4.563938843935091971e-01 4.588627504366974419e-01 4.554083471056102339e-01 4.525306988877673686e-01 4.505322746285336244e-01 4.614498547639355186e-01 4.530854873327932464e-01 4.628737533759919032e-01 4.560854631995134856e-01 4.671160644190685551e-01 4.561782456745017145e-01 4.586027061742254385e-01 4.638658491659283234e-01 4.594761460386367347e-01 4.609732180569665050e-01 4.579308698763193686e-01 4.538570456421250898e-01 4.556689534462791125e-01 4.568143423898793909e-01 4.508848566957062709e-01 4.573275169649856364e-01 4.556159663946325322e-01 4.583527163097000923e-01 4.507715150934565873e-01 4.523711084971797636e-01
3.749201946112561828e-02 5.883267331364953195e-02 1.301304380254389159e-01 2.565200774999056854e-01 2.114369211677045723e-01 1.000000000000000000e+00 3.988719456256779594e-01 3.423840937352928271e-01 3.986261618740236101e-01 3.937897221138347836e-01 4.011271421095788381e-01 4.422968124252700250e-01 4.030226306551123461e-01 3.967115475455003093e-01 4.660656950494236339e-01 4.515107799134825961e-01 4.209929435508172890e-01 3.814359600069073264e-01 4.225214127341836434e-01 3.539466609112517648e-01 3.905178890009771142e-01 4.139794802724669487e-01 4.003037827551151895e-01 3.848887557713642216e-01 4.014944616833794888e-01 4.448425714449657509e-01 4.485302797319501988e-01 4.502591354707207172e-01 4.255136859819039219e-01 4.242772243409624333e-01 4.545919818667328860e-01 4.402140507180720697e-01 4.239858129240088314e-01 4.407997631824024931e-01 4.317392035086797808e-01 4.505718799569505273e-01 4.692415306884099024e-01 4.574928887966531188e-01 4.789374870120724492e-01 4.397515107664075051e-01 4.752952692248805788e-01 4.682561280929707359e-01 4.588393518163791374e-01 4.787443137810002414e-01 4.684617980167751772e-01 4.708519292852917371e-01 4.819383687349061418e-01 4.812833047060242619e-01 4.702479733434511422e-01 4.472612622473604027e-01 4.659803841379000500e-01 4.433515372983921066e-01 4.666837033700012016e-01 4.666443328340838526e-01 4.561412141786264640e-01 4.616782742387892657e-01 4.565724768980431447e-01 4.808317790093717958e-01 4.644904710998993824e-01 4.794298663049384457e-01 4.782164174686421299e-01 4.680984486343798823e-01 4.632239811570997845e-01 4.717569791563140935e-01 4.687403970183502966e-01 4.624504416534248041e-01 4.850894792832551317e-01 4.847635449552729070e-01 4.798921399119285280e-01 4.753167770819071714e-01 4.810271499749031454e-01 4.875428909473846772e-01 4.689048942056692204e-01 4.760280445037915475e-01 4.874714134012405609e-01 4.822914843304426102e-01 4.810373816652860901e-01 4.792677543431691500e-01 4.810467016977854615e-01 4.780492007750408723e-01 4.835637090837876517e-01 4.855272545937623918e-01 4.821198493952389419e-01 4.810384955504876103e-01 4.829688525144425482e-01 4.812858874338475923e-01 4.860425817390254810e-01 4.896334002474728719e-01 4.915315220041072686e-01 4.843180734408902288e-01 4.813296345544014199e-01 4.884633358753306398e-01 4.875451244600216283e-01 4.902285327739722698e-01 4.905220863339959658e-01 4.916567334272182732e-01 4.773518854048060533e-01 4.735588012606369301e-01 4.861520433262491725e-01 4.861709298610791818e-01 4.834757128462286446e-01 4.870670904783765409e-01 4.842241157551001596e-01 4.887200305960242575e-01 4.834013618828525427e-01 4.750831059552451108e-01 4.820932824044121823e-01 4.887251970214411267e-01 4.862039355756628822e-01 4.906676719874329962e-01 4.856848970167270130e-01 4.880735268252972547e-01 4.853976913433947771e-01 4.867835117759615748e-01 4.844396933056533960e-01 4.814489486640068372e-01
3.793296548444079208e-02 1.489084225708322828e-01 1.899844636168896150e-01 4.561009100940749961e-01 3.863181092083017854e-01 3.988719456256779594e-01 1.000000000000000000e+00 5.802082537651342964e-01 6.375115343031673154e-01 6.127271838987367047e-01 6.537719599899007861e-01 7.046006080034905583e-01 6.341438360579035871e-01 6.275047256935261109e-01 7.659151355964263219e-01 6.985962041465587635e-01 6.643060899937602848e-01 6.663583079860450065e-01 6.736538731819767811e-01 6.457408839330723849e-01 6.537435621341315395e-01 6.551310020834932857e-01 6.273534159247372566e-01 6.742418551860621667e-01 6.812997331030747894e-01 7.594309329187816093e-01 7.322439895187312642e-01 7.539922609417484267e-01 7.209742396507290429e-01 7.191023715381870129e-01 7.530990955780942908e-01 7.237356585983383273e-01 7.093343643316373237e-01 7.117308880570366592e-01 7.022562898631576900e-01 6.806472961122470577e-01 7.233263676836577671e-01 7.446113960891345140e-01 7.397694484917960445e-01 7.197038063145958509e-01 7.612461173756931432e-01 7.552405449404733240e-01 7.347858052098029669e-01 7.592430314773904731e-01 7.542437200102507511e-01 7.619152446254050526e-01 7.504828034071759912e-01 7.521693631029847671e-01 7.359130313621339292e-01 7.136367806985937090e-01 7.349963518630967529e-01 6.909215929997436501e-01 7.273662377851106697e-01 7.369888028980313699e-01 7.230616877058895220e-01 7.448519423415068674e-01 7.192261833776772972e-01 7.560715919559604092e-01 7.349988859636202854e-01 7.541416818666880628e-01 7.466970352406355760e-01 7.429294963735491031e-01 7.315363552726550367e-01 7.303341244056752446e-01 7.218283536735631278e-01 7.251721863815289160e-01 7.554062628800726209e-01 7.605055050424738283e-01 7.662798081661298388e-01 7.643679016235609414e-01 7.497741516328324529e-01 7.516981603566706971e-01 7.565787717651327737e-01 7.553039885529712061e-01 7.700599983093753265e-01 7.647326893239486667e-01 7.664163846044387274e-01 7.599142196165347141e-01 7.647034669177684707e-01 7.500954261968847403e-01 7.576559184878149944e-01 7.618940836618343093e-01 7.450244007592975448e-01 7.628815495166082483e-01 7.669207065612858587e-01 7.557404789332323736e-01 7.495210501298218420e-01 7.724737649057705768e-01 7.615007815229504207e-01 7.645797174344695080e-01 7.664097929950711707e-01 7.650119411466511643e-01 7.626636708453492508e-01 7.666791608805098024e-01 7.533305724534223868e-01 7.565535918073044153e-01 7.536560824006951487e-01 7.356575969333716269e-01 7.561195546491332742e-01 7.622131326421245356e-01 7.573923459314989559e-01 7.532809258346802039e-01 7.470631982540812954e-01 7.593582387710945403e-01 7.456131596118890092e-01 7.443053216124935201e-01 7.529916119839071831e-01 7.589067119013354068e-01 7.618458534190147846e-01 7.591354641285197324e-01 7.613680677297753885e-01 7.545143524490804943e-01 7.565144018769507372e-01 7.498396649051498608e-01 7.428656960359255601e-01 7.435751629322718825e-01
5.295242214310263290e-02 1.267278179956905226e-01 1.613942007884465180e-01 4.395921123277128917e-01 3.845610370499177866e-01 3.423840937352928271e-01 5.802082537651342964e-01 1.000000000000000000e+00 5.958034087415721158e-01 5.602381950163284330e-01 5.792232224876033841e-01 6.153661073285267014e-01 5.659386261320230593e-01 5.443919896505319267e-01 6.671983561934448081e-01 6.288908407448965399e-01 6.002564704786296224e-01 5.767089392770375911e-01 6.004895810365383779e-01 5.449947318547795350e-01 6.120325884514018489e-01 5.935546021842598163e-01 5.660336283805031954e-01 5.734603367920796391e-01 6.115195445696686161e-01 6.731744647132175130e-01 6.465757690352068598e-01 6.566899000752652871e-01 6.189565652053695688e-01 6.286386105291419391e-01 6.611405143475612700e-01 6.484981972910032200e-01 6.585851165930298734e-01 6.401709027083114512e-01 6.329142369335218898e-01 6.211523148690158980e-01 6.511466650441227744e-01 6.836169847494621976e-01 6.690123476667391156e-01 6.655492442483472715e-01 6.757293889684936605e-01 6.771664393505290036e-01 6.849459517844287415e-01 6.970372983050956428e-01 6.835705864279461030e-01 6.805715505813380028e-01 6.809092779192607026e-01 6.782385986096156616e-01 6.769325199106676072e-01 6.787712157001979385e-01 6.928369505805674899e-01 6.561229403069878119e-01 6.809147041766721031e-01 6.707219125404970672e-01 6.633436868657200947e-01 6.770463044071752812e-01 6.729888564213933888e-01 6.921771755342570609e-01 6.837356892503720918e-01 6.912190114634340077e-01 6.959433560958051546e-01 6.857419224220978604e-01 6.751185573118347882e-01 6.702578150622438002e-01 6.551978520463419553e-01 6.634979182882807525e-01 6.739711522367455299e-01 6.733681280780766665e-01 6.886938153883354063e-01 6.781115975488339886e-01 6.750006097016697515e-01 6.763487026521400880e-01 6.710368322582450640e-01 6.700534345732334085e-01 6.920369305835052387e-01 6.859525776742967373e-01 6.788755368962088310e-01 6.795732678399319937e-01 6.775432817481512604e-01 6.702535442647539199e-01 6.791417080090831337e-01 6.756465342046643618e-01 6.819759668336718983e-01 6.819883156870563123e-01 6.892189227129280615e-01 6.821861174194417954e-01 6.746272894586723412e-01 6.930001573893117550e-01 6.877210547109547933e-01 6.886182462829896211e-01 6.954764535675020953e-01 6.905018863035813359e-01 6.852247655545964378e-01 6.870955432463494716e-01 6.772228926826701079e-01 6.768235320893523088e-01 6.923397638492682082e-01 6.753455887612137554e-01 6.898375953547704054e-01 6.931658518719049367e-01 6.902540725099920449e-01 6.884806465496686734e-01 6.812480347268533576e-01 6.939748658264708325e-01 6.740667904237824803e-01 6.811086793975145159e-01 6.859593163161785689e-01 6.803267862696099622e-01 6.847059986521101260e-01 6.907018723124308535e-01 6.862378015398354902e-01 6.822614732288853068e-01 6.851374186984215964e-01 6.758878246798172285e-01 6.653721920149582303e-01 6.673457277002904364e-01
1.574974753015413176e-01 2.042324832921056654e-01 2.307252192872413232e-01 4.563767754745041705e-01 3.880311850297953891e-01 3.986261618740236101e-01 6.375115343031673154e-01 5.958034087415721158e-01 1.000000000000000000e+00 7.076333792534962308e-01 7.060448317292070675e-01 7.563808234133996278e-01 6.528009882678910136e-01 6.507093949047589865e-01 7.725519598189772852e-01 7.378892332552904332e-01 7.823736300805530508e-01 6.981242055924224976e-01 7.373274396543286757e-01 6.381989484570038673e-01 7.230695401719063886e-01 7.341602008824200665e-01 6.582387435349104088e-01 6.734818239743729507e-01 7.312522229918293482e-01 7.806315300600872309e-01 7.828626093761312799e-01 7.518625843394619590e-01 7.533787646700262908e-01 7.825993554633218219e-01 8.061371257654205147e-01 7.686208014594889670e-01 7.331993966317696954e-01 7.579954897479089793e-01 7.820722480624416884e-01 7.324372583914536827e-01 7.792726191017111947e-01 7.745159542395247954e-01 7.813878705639895061e-01 7.203293152055700865e-01 7.944172477324037418e-01 7.622704189714267775e-01 7.559584728820425426e-01 8.014531329506217050e-01 8.018533927898908731e-01 7.823355082648090209e-01 8.136108119565305108e-01 8.310983579970723234e-01 8.199786275674177949e-01 7.879035079474834280e-01 8.037401478622127060e-01 7.737570487947272868e-01 7.992165039027645523e-01 8.354134716836472130e-01 8.187739175366546274e-01 8.064561294463203911e-01 8.352853026961374328e-01 8.113951519364357434e-01 8.187379414673566780e-01 8.388177154241291955e-01 8.193387365564186453e-01 8.325368018377666823e-01 8.263555241228570658e-01 8.321605617550140721e-01 8.451332747451063554e-01 8.390493372458952548e-01 8.206065276891689741e-01 8.113129664849250133e-01 8.170003161670879033e-01 8.101880302903841091e-01 8.158982387977744555e-01 8.231049602529835196e-01 8.038693974798011288e-01 8.056700002025573015e-01 8.155750388510829563e-01 8.142015245317083538e-01 8.013682013429285211e-01 8.124781496279613879e-01 8.021427963273116690e-01 8.178898273907746486e-01 8.150183159839757829e-01 8.221133981381725242e-01 8.027204292276891584e-01 8.148488186086783047e-01 8.018698237612924551e-01 8.116858157207035296e-01 8.058011308999369904e-01 8.027810603960238156e-01 8.080056835791080694e-01 8.111423406205808817e-01 7.892197326098734367e-01 8.013022639132982849e-01 8.103731400883540381e-01 8.023307054926898108e-01 8.120204533692533255e-01 8.187059423785341128e-01 7.868097610639117612e-01 8.205670559453435153e-01 8.098967026369636724e-01 8.060752288013899314e-01 7.962710348779487024e-01 8.103633754193330097e-01 8.102000560135821372e-01 8.085562581552715455e-01 8.123328546853095800e-01 8.182013655036662891e-01 8.221039541261474515e-01 8.232535192529042423e-01 8.154317890389790602e-01 8.205205571707024914e-01 8.123551232491891261e-01 8.247072309607647034e-01 8.175115204686952408e-01 8.202060244499566055e-01 8.336925266616386221e-01 8.304863830003220704e-01
7.749868979455945550e-02 1.856390316817652375e-01 2.058799080669963533e-01 4.037316493605009327e-01 3.561384209746832341e-01 3.937897221138347836e-01 6.127271838987367047e-01 5.602381950163284330e-01 7.076333792534962308e-01 1.000000000000000000e+00 6.642043031849531598e-01 7.139103920886608057e-01 6.224766322521674278e-01 6.426034376330095332e-01 7.418145690580734142e-01 6.993681654638240763e-01 7.117058008453357454e-01 6.494008491196741062e-01 6.760198112882874755e-01 5.873909583181001759e-01 6.443281586144198325e-01 6.676083182080364553e-01 6.318433636066902448e-01 6.329062129524498648e-01 6.764373138505018757e-01 7.317859230676674320e-01 7.398151721994697949e-01 7.220913130564622362e-01 6.985120558261933565e-01 7.272111646114437500e-01 7.611731448271348288e-01 7.351449756916933476e-01 7.102208216370402560e-01 7.221290933381673272e-01 7.331273581323973776e-01 6.837316751277928706e-01 7.496429609344495981e-01 7.451036880433588028e-01 7.515294534950663907e-01 7.039655956627889344e-01 7.670833997502038981e-01 7.386662171704100333e-01 7.130583337036802138e-01 7.595205677279908141e-01 7.534974392325034520e-01 7.526562831745411408e-01 7.826957489671620971e-01 7.975332042912588459e-01 7.817506428432559051e-01 7.391426808803931436e-01 7.575714978068458505e-01 7.079975900195677463e-01 7.420193291520615908e-01 7.953883250019111451e-01 7.837813747931198227e-01 7.775144599914726173e-01 7.759695939332398318e-01 7.779187346846913043e-01 7.879653253298635196e-01 7.872207615453372664e-01 7.681222711791678703e-01 7.888316848386114355e-01 7.811640607508760770e-01 7.705689744081889447e-01 7.671870816107528857e-01 7.764126935066298918e-01 7.779850847517586487e-01 7.714516788550186410e-01 7.744818123201724358e-01 7.625237533492003061e-01 7.689074422862129943e-01 7.795916223218702923e-01 7.585302015302033407e-01 7.620986058040096767e-01 7.756133920086828448e-01 7.808284942181500377e-01 7.662268291097786843e-01 7.698876826530104411e-01 7.649900349341320904e-01 7.778758683754904979e-01 7.774505406369263127e-01 7.799084144960429787e-01 7.500938476475627059e-01 7.767701259855164242e-01 7.681097874921344326e-01 7.700877572571421803e-01 7.699867565962661420e-01 7.695568703783001174e-01 7.724343961648144630e-01 7.758071145631865173e-01 7.605152418268329439e-01 7.686032035932582884e-01 7.723340490082857279e-01 7.720539565831137097e-01 7.772064141990157049e-01 7.831775905521403125e-01 7.410059056186445448e-01 7.639415624994195797e-01 7.682797402773241524e-01 7.665871003496476099e-01 7.520222569565238047e-01 7.729154383660771233e-01 7.647740396643579741e-01 7.678636467204879024e-01 7.583763860302588089e-01 7.683370058266419944e-01 7.768302187698439276e-01 7.867603511134834138e-01 7.833962573808953556e-01 7.855384551975225227e-01 7.819988637414633237e-01 7.825844527521303995e-01 7.820433593668310035e-01 7.721989041286960731e-01 7.792224551343032157e-01 7.780220162940780781e-01
5.838302604455381656e-02 1.548269901147695804e-01 2.421581996692596661e-01 4.621006077208990037e-01 3.751739939750730057e-01 4.011271421095788381e-01 6.537719599899007861e-01 5.792232224876033841e-01 7.060448317292070675e-01 6.642043031849531598e-01 1.000000000000000000e+00 7.749819049826833783e-01 6.608585053565685374e-01 6.768717385975158152e-01 7.782276680436469585e-01 7.395127108001547933e-01 7.331690911179657988e-01 6.763587362033055550e-01 7.225934979134196467e-01 6.182856392323863304e-01 6.976582302803966407e-01 7.118781659743850243e-01 6.711296062033930143e-01 6.710211864550948979e-01 7.097122207557681195e-01 7.762398098263593171e-01 7.752505506054884199e-01 7.636477759215463124e-01 7.286535923477960308e-01 7.433799062014178061e-01 7.774029462505995802e-01 7.701408254721218150e-01 7.484700651525887372e-01 7.647752676755815715e-01 7.544361719325333171e-01 7.499742833944877951e-01 7.741834949612418360e-01 7.890508444445025749e-01 8.014159608066701024e-01 7.551826424601149057e-01 8.014971720326879989e-01 7.910203446967976060e-01 7.765163466741338283e-01 8.137106559066332734e-01 7.994601467430308972e-01 7.899401041330970097e-01 8.152692462763015957e-01 8.163860779616256558e-01 8.093293235195284652e-01 7.903221860045467340e-01 8.034275980837600750e-01 7.689811330094424857e-01 7.973733042970041485e-01 8.044193486397096526e-01 7.921749935544047938e-01 8.029057995974486772e-01 7.994729889470638673e-01 8.116173743070828062e-01 8.018953585586066080e-01 8.164811981551403086e-01 8.087873200554076547e-01 8.065022857526160660e-01 8.033175315498408686e-01 8.079576984411045437e-01 8.038504873507686943e-01 7.986194745927353011e-01 8.199409024524366707e-01 8.144379039519944463e-01 8.091151216932244150e-01 8.034735646833732758e-01 8.113219555755415424e-01 8.160842137870405466e-01 7.958901854638681383e-01 7.987487343971293452e-01 8.195706830218484340e-01 8.140005916636620098e-01 8.066291711869341130e-01 8.060255231195504466e-01 8.030791875258472823e-01 8.063038599932628170e-01 8.108789979097121847e-01 8.145731535757377850e-01 8.090720600668209750e-01 8.089165413054179021e-01 8.174446589388671969e-01 8.155040791983473314e-01 8.123531150008925783e-01 8.168726391011698063e-01 8.169320907348633920e-01 8.163329847520995886e-01 8.104056364488742004e-01 8.176274840150582479e-01 8.165474157249197340e-01 8.144793196482794650e-01 8.180428903653534922e-01 8.197242972599226851e-01 8.090272307005131891e-01 8.058257427071264800e-01 8.173986238612486188e-01 8.196388851850574531e-01 8.114886690378730894e-01 8.178494420742540294e-01 8.143327952716419293e-01 8.197561598597186139e-01 8.130148978974875984e-01 8.058859840322271095e-01 8.165268598410274636e-01 8.200756971679464824e-01 8.163657446043177668e-01 8.229588521029883585e-01 8.184579743972046906e-01 8.195039582144867385e-01 8.158798815470548194e-01 8.160519818052408558e-01 8.173953590613907139e-01 8.120920691927892010e-01
1.714110584055249936e-02 1.411521513294453634e-01 2.891123368719196729e-01 5.174774412950147173e-01 4.271371293144958226e-01 4.422968124252700250e-01 7.046006080034905583e-01 6.153661073285267014e-01 7.563808234133996278e-01 7.139103920886608057e-01 7.749819049826833783e-01 1.000000000000000000e+00 7.356794974609949245e-01 7.336773832721520394e-01 8.613624796069211387e-01 8.408479298014777115e-01 7.860807292428177995e-01 7.359784179552706362e-01 7.737428586218291215e-01 6.984705470839035479e-01 7.680691225122963095e-01 7.741576353260375409e-01 7.467434658258215174e-01 7.439112589378819029e-01 7.723283194560680576e-01 8.475787282915689946e-01 8.451964439242264371e-01 8.450418117255973360e-01 7.889953752008443955e-01 7.946231949602942102e-01 8.484936579950499436e-01 8.459480987413179331e-01 8.190587098279952238e-01 8.325851278178001413e-01 8.064602217384727600e-01 8.163397290766737369e-01 8.555088754650629346e-01 8.668786872888850636e-01 8.767681797617260520e-01 8.420289241819874926e-01 8.859567527879881332e-01 8.812205710224170208e-01 8.569477164791682311e-01 8.949784463751958574e-01 8.770156449073565064e-01 8.792065472667264237e-01 8.972127010655817081e-01 8.908595737343274479e-01 8.837153341315980848e-01 8.535173006537716267e-01 8.825559507619831212e-01 8.344308817016422575e-01 8.622816400939226078e-01 8.726185145633855722e-01 8.635142036574794400e-01 8.787904281096506898e-01 8.616766072285424460e-01 8.925862479912350933e-01 8.820263027561252578e-01 8.897966587895744794e-01 8.872998281969679546e-01 8.792507726411572522e-01 8.759590858398187407e-01 8.755548226268300427e-01 8.646003040003628071e-01 8.601899847636621521e-01 8.933771433825086206e-01 8.936830526588764867e-01 8.885697113452164508e-01 8.863199591463394311e-01 8.927647148909469976e-01 8.916652095780116527e-01 8.765409629084568444e-01 8.801315697882869937e-01 8.946598709646739200e-01 8.931860531300527262e-01 8.892233355588952115e-01 8.751310723659172508e-01 8.805319347028999211e-01 8.773075123626330463e-01 8.877793112259025898e-01 8.909481436355508599e-01 8.808372034637247383e-01 8.845491051840692620e-01 8.904856137357193280e-01 8.894744063043094062e-01 8.919312698365293723e-01 8.972578070395987870e-01 8.944215227299362470e-01 8.905065179571099998e-01 8.910798092796461400e-01 8.988855111390209318e-01 8.972655510383793498e-01 8.971735631643847908e-01 8.964414245897213140e-01 8.960180971572909714e-01 8.799766012575920282e-01 8.695892400376181719e-01 8.913392437367120280e-01 8.970834706086475707e-01 8.912674647608286316e-01 8.918479269239665275e-01 8.903870055984055565e-01 8.980517162528267594e-01 8.857597892879128798e-01 8.748224803505803004e-01 8.861931924084262002e-01 8.949304998220590779e-01 8.927919752862761849e-01 8.971617745282651768e-01 8.960275675630179348e-01 8.949367747069948420e-01 8.922188251307213713e-01 8.890379876535339232e-01 8.851838014758564022e-01 8.848653623758017117e-01
-1.135746810409774508e-02 1.068812770771411513e-01 2.172629463094601088e-01 4.158619207615918967e-01 3.774592444202033437e-01 4.030226306551123461e-01 6.341438360579035871e-01 5.659386261320230593e-01 6.528009882678910136e-01 6.224766322521674278e-01 6.608585053565685374e-01 7.356794974609949245e-01 1.000000000000000000e+00 6.639975687995234299e-01 7.798190582164088447e-01 7.469952352113080618e-01 6.931437536194083870e-01 6.311019088641393049e-01 6.763685292271677252e-01 5.854194211215832944e-01 6.477053089864197588e-01 6.616568653464168781e-01 6.352215033458966653e-01 6.390004225637248014e-01 6.682606605112078046e-01 7.423784279293835775e-01 7.514137350429936912e-01 7.518958161196194201e-01 7.058190413046629974e-01 7.083207154296571328e-01 7.635338754377489767e-01 7.224376958328316833e-01 6.893042774061556299e-01 7.181524417671597549e-01 7.168598633331660919e-01 7.191143475425807452e-01 7.640148717701632508e-01 7.477250796778023290e-01 7.853913922761692756e-01 7.329270899328116373e-01 7.912905318627013740e-01 7.789785142695869746e-01 7.619254334449355737e-01 7.889837827280353766e-01 7.771548974047334246e-01 7.880279647361471129e-01 8.079724689685863215e-01 8.046460516649867056e-01 7.914892804191251408e-01 7.376474895923041952e-01 7.659847530397057014e-01 7.272017557788070796e-01 7.740989863995172415e-01 7.861329991457055577e-01 7.684239985187693023e-01 7.754310332576136444e-01 7.609565223903650422e-01 7.962659443896707989e-01 7.788327109105491752e-01 8.037524712787583736e-01 7.984784365793803351e-01 7.897311193526702633e-01 7.817198922975783226e-01 7.835853519759679031e-01 7.737927974818993304e-01 7.766613544632793298e-01 8.099847257333943062e-01 8.071742052900863218e-01 7.965185257290481324e-01 7.951105550129041744e-01 7.933274102252093618e-01 8.046551966223278729e-01 7.831287031996669867e-01 7.869437095902118706e-01 8.116213213575426133e-01 8.082598952018528182e-01 8.084118415863037477e-01 7.979060738742413950e-01 8.021534443971902739e-01 7.988651142449733067e-01 8.033031383542692527e-01 8.092575664976535688e-01 7.882546674899718608e-01 7.961890795310329061e-01 7.992972165348635194e-01 7.960057863180844961e-01 8.073227188313558678e-01 8.040879511471646923e-01 8.095952150762487642e-01 8.048588246101138211e-01 8.012120520760810383e-01 8.117435892400779451e-01 8.104147103052055101e-01 8.126777836314499348e-01 8.165698038247052315e-01 8.159896744153015691e-01 7.882215032714131597e-01 7.861413520367275254e-01 8.069816482862578466e-01 8.066958084654392014e-01 8.079156376575507004e-01 8.060606042922922043e-01 8.085238291041406677e-01 8.101790848357526276e-01 8.010514266539109363e-01 7.963381854473996491e-01 8.052850776295231716e-01 8.148673188546937673e-01 8.137515667898274074e-01 8.124404811990112441e-01 8.099144609553726726e-01 8.148196132553813253e-01 8.115240184956291625e-01 8.089490764522438981e-01 8.027407740924236146e-01 8.064502848558955383e-01
