1.000000000000000000e+00 2.642243908719457690e-01 2.713747656213195691e-01 1.160842910817367346e-01 1.055202188730394036e-01 3.355793237237511550e-02 7.553258560256603804e-02 2.001933581498410719e-01 3.204228581865897763e-01 1.825910620095407833e-01 1.542437190828867821e-01 8.331681882985010612e-02 9.095597394951172865e-02 4.878563244180171565e-02 2.126879722773656820e-02 9.049970862119030568e-02 2.490986704825552400e-01 3.762654162499504129e-01 3.365487420265738661e-01 3.488508538348634724e-01 3.343461492204817254e-01 3.376838970179275590e-01 3.219171976968486226e-01 3.430655240004756301e-01 3.436102183442941715e-01 2.640142852824020059e-01 2.414630303507968312e-01 2.183026349087455742e-01 2.819940897599745311e-01 2.458733220532710873e-01 2.047819999745855990e-01 1.988235246264140610e-01 1.952742654934673250e-01 2.264403137248726383e-01 1.943090336094715209e-01 2.235402081383635053e-01 1.864792919928638382e-01 1.249058812519967115e-01 1.307778391028044385e-01 1.358159672455598599e-01 1.012926710793668195e-01 8.014483758241600087e-02 8.224548366569424396e-02 1.320767989219779059e-01 1.670029185625827584e-01 1.137770962475361386e-01 4.626261673210548681e-02 4.392171679279247704e-02 7.338635847037106030e-02 1.367175283928032947e-01 1.094159044021386640e-01 1.546036289701147315e-01 1.202107304885367545e-01 9.742618626431817641e-02 1.098246172855711078e-01 1.333706694550620131e-01 1.425705516309073440e-01 4.342699877461799612e-02 7.681599022140435384e-02 7.511427822188453118e-02 6.920483253688745895e-02 7.554789671124254036e-02 7.115941088465982389e-02 9.208884305221033684e-02 1.376517620952830701e-01 1.218578780331008998e-01 6.877654843042174670e-02 1.367681174334600680e-01 1.124814737626827071e-01 1.529722191093978723e-01 1.551022798088138310e-01 1.338026260926284960e-01 1.618130450207830584e-01 1.627867116423307170e-01 8.963469824393720253e-02 9.990808372209854238e-02 1.077416389339384967e-01 1.397854969233413569e-01 1.183438103579475265e-01 1.139950991992928209e-01 1.110883082137374966e-01 8.187293354770244780e-02 1.047698254828077075e-01 1.200828238872549414e-01 6.979886223317148530e-02 8.052640022211722537e-02 8.047466001772514421e-02 5.589346216833647463e-02 4.764419964026843368e-02 8.203814987269354708e-02 6.080016290447587402e-02 5.088049739180869335e-02 6.413255902365087857e-02 5.608310132814276622e-02 1.736256355864251519e-02 2.414233263840042526e-02 3.848019485305916726e-02 6.129717762725621355e-02 2.690959188353313214e-02 5.243407702637793016e-02 2.371005289390108392e-02 4.198466237383886163e-02 4.014395244445739114e-02 2.791666825695848439e-02 6.510620723178749125e-02 5.393491234450988048e-02 2.762200525163867673e-02 4.843489438425928328e-02 5.434700652908767970e-02 2.713749204039726803e-02 3.343053297122230982e-02 3.335865606008382028e-02 2.781471725480718499e-02 3.749526151631676213e-02 7.528346975168966060e-02 5.165027069147904576e-02
2.642243908719457690e-01 1.000000000000000000e+00 1.611092451672951065e-01 1.054923729553360057e-01 1.226944279397509663e-01 7.207869706916110453e-02 1.711008926267928998e-01 1.711542795623065272e-01 2.316757103062992706e-01 2.187364440004381794e-01 1.561964444383191486e-01 1.372306478609871261e-01 1.233735683776229636e-01 1.242577487618403143e-01 1.419349267737243236e-01 1.685114902254872538e-01 1.895672843777606587e-01 2.109540974200026786e-01 1.965750845192164309e-01 2.268433656003844001e-01 2.105535629976271750e-01 1.935971255755106479e-01 2.427256683757078870e-01 1.997297383749485344e-01 1.933963779934282368e-01 2.174892133011864515e-01 1.913347401996715880e-01 2.037842777207999057e-01 2.216492820230831218e-01 1.987259999862513726e-01 1.947066283643188178e-01 1.967235777354905124e-01 1.985468183397058883e-01 1.800618577296609346e-01 1.896240929304102152e-01 1.814136395570619675e-01 1.843043329166458577e-01 1.853917446907993594e-01 1.756789646835133500e-01 1.832725048206317042e-01 1.714281450923740568e-01 1.575505452792756167e-01 1.483969627836839722e-01 1.692352283461463491e-01 1.733754559988714139e-01 1.697222592527770080e-01 1.449819323158751672e-01 1.452787757255853685e-01 1.460122906398021170e-01 1.447745472991311677e-01 1.613714138073943094e-01 1.349917828656344299e-01 1.385576210326188162e-01 1.613509235496261018e-01 1.599623085263467692e-01 1.710670020045146067e-01 1.462213276853985555e-01 1.423673606993240137e-01 1.512770359866491554e-01 1.451644169646174598e-01 1.396942731498677093e-01 1.502893300649589259e-01 1.416159156399782737e-01 1.487738074245394670e-01 1.632165553551203907e-01 1.423956408978900301e-01 1.545341091717553905e-01 1.722872809199174626e-01 1.751349334660952661e-01 1.803797383211893091e-01 1.716722697356614924e-01 1.640433805431031067e-01 1.761617975989367146e-01 1.700370492288132696e-01 1.618429290682393829e-01 1.556331825362883281e-01 1.714500139917969068e-01 1.810015797591902897e-01 1.771884944632247383e-01 1.648517074558097928e-01 1.654747917591893880e-01 1.583973080312561232e-01 1.752204491178048773e-01 1.657255971772007286e-01 1.459314361949577421e-01 1.476047524384272169e-01 1.607624464629037464e-01 1.567338052509303081e-01 1.502320814077006683e-01 1.675366239436593685e-01 1.583799364481288108e-01 1.533191003045272227e-01 1.480134320873586762e-01 1.509753152743806559e-01 1.329166595022692465e-01 1.435563197919116907e-01 1.314038841755663378e-01 1.291424344825292114e-01 1.348006981987840969e-01 1.456132451746491308e-01 1.369640228792644854e-01 1.442924294260522766e-01 1.306651106155054531e-01 1.331236695575952755e-01 1.379906417084658943e-01 1.383258015483280479e-01 1.323058378438580207e-01 1.536957516111468469e-01 1.585005370895086751e-01 1.408780123568805498e-01 1.488871792552386442e-01 1.388638871752489734e-01 1.421119209458893695e-01 1.378974529723537290e-01 1.501290391398767687e-01 1.350999003643115759e-01
2.713747656213195691e-01 1.611092451672951065e-01 1.000000000000000000e+00 3.332342397791356325e-01 1.768618100516327896e-01 1.611665534920007636e-01 2.101881247376055362e-01 2.384187606434906292e-01 3.275350686250894094e-01 2.573701156167548243e-01 3.307839760829960341e-01 3.054454948635044187e-01 2.264760072268968971e-01 2.098355474734125703e-01 2.339755706181283756e-01 2.646951131013209335e-01 3.181188940976547030e-01 3.621173379840286755e-01 3.366060137515941020e-01 3.689618814284013060e-01 3.342825975502062286e-01 3.655920153139636808e-01 3.458011281367181500e-01 3.712117766783868955e-01 3.482211094214161529e-01 3.560506557792794124e-01 3.530671801601967807e-01 3.608296907793913655e-01 3.493863912953253936e-01 3.518947321587422294e-01 3.478664179880833207e-01 3.425140146152200749e-01 3.572803310688107969e-01 3.675382812756814999e-01 3.531957003989505961e-01 3.545475921743637127e-01 3.409458920504571666e-01 3.142648072119367808e-01 3.218186839509801778e-01 3.138110673447819243e-01 2.928022085022175536e-01 2.808185992431192490e-01 2.805765096302330619e-01 3.164962548501185635e-01 3.360174610333274692e-01 3.143216348106129820e-01 2.705389458786041645e-01 2.612264008295814288e-01 2.719853724959565011e-01 3.051101464602685165e-01 2.963374145284721206e-01 2.971522150482298619e-01 2.890017132492599949e-01 2.665623998096396940e-01 2.732530378506778379e-01 2.877352652296165658e-01 2.780058252861454249e-01 2.571551966227383912e-01 2.678501723544334245e-01 2.657879826705930038e-01 2.675921926282294749e-01 2.641237089801280469e-01 2.545928369460357943e-01 2.693716109310833606e-01 2.952848350722536153e-01 2.854211164033595427e-01 2.742507865557285984e-01 3.171445194790719624e-01 3.001681306771029623e-01 3.228223844448557256e-01 3.218571768417511358e-01 3.160815451148006883e-01 3.350683105002500994e-01 3.227553784703687811e-01 2.946118229588375881e-01 3.073366252471320115e-01 3.146468888368103567e-01 3.196001395804605183e-01 3.173649251933738369e-01 3.039458977574744369e-01 3.069060675514715952e-01 2.924674823350791875e-01 2.967483141753106124e-01 3.202931510800723358e-01 3.010357682096319043e-01 2.987714933070779177e-01 2.833579184455300437e-01 2.851441731923588518e-01 2.819601890648452125e-01 2.774106308405827614e-01 2.971247867288286937e-01 2.744964842473099353e-01 2.893499885863480836e-01 2.826282699504761853e-01 2.509310784350246570e-01 2.545370596518175543e-01 2.773111927371722518e-01 2.623819600447648281e-01 2.562568393392938848e-01 2.772651971408168214e-01 2.616907756758771186e-01 2.601950311479754863e-01 2.606950361774176272e-01 2.619915047238755568e-01 2.775365984256480401e-01 2.551953267533341729e-01 2.537085398057948304e-01 2.629628231195181853e-01 2.649130831771026595e-01 2.555990046903169888e-01 2.545809833484165008e-01 2.572284681405814233e-01 2.503243093448671575e-01 2.574772245907829271e-01 2.760978003108805479e-01 2.567821330532512047e-01
1.160842910817367346e-01 1.054923729553360057e-01 3.332342397791356325e-01 1.000000000000000000e+00 2.904747727284134884e-01 3.224581914059467258e-01 4.475597432738613879e-01 4.077412945059378790e-01 4.206801943255499832e-01 4.059833280407537659e-01 4.752357276226641392e-01 5.288041605851991900e-01 4.272249314468435921e-01 3.562279359834140124e-01 4.666154009789081347e-01 4.734169953632660910e-01 4.522444012842002370e-01 3.063289120621234818e-01 3.508698722627102695e-01 3.181139988313209099e-01 3.167410429528817462e-01 4.053588986801153204e-01 3.261909670433432717e-01 3.187975054395362218e-01 3.641723851583622551e-01 4.361574990961629705e-01 4.632199278125445630e-01 4.558369711320757189e-01 4.001701362601748913e-01 4.285977819936858668e-01 4.886159870596361587e-01 4.589368913861412991e-01 4.567416937932297083e-01 4.749710752935080160e-01 4.315071678872010597e-01 4.885820345516099783e-01 4.587160233907448537e-01 4.857391407313756959e-01 4.872674148135496264e-01 4.836003336353959514e-01 4.840382083970234950e-01 4.820771771158648411e-01 4.992199272787661291e-01 5.183252494043967262e-01 5.133659084338151324e-01 4.931460574223708870e-01 4.776945247911654202e-01 4.646817923642455050e-01 4.781599583815531185e-01 4.943377214566880840e-01 4.959263412776427349e-01 5.023253420515052525e-01 4.886806131646798113e-01 4.417852377422516463e-01 4.496570674395647949e-01 4.631161327633405156e-01 4.750702981675637426e-01 4.676101417797907667e-01 4.649406109345755045e-01 4.698971923908616399e-01 4.726108761982430462e-01 4.672817685507409391e-01 4.530591995299539931e-01 4.766257603094666839e-01 4.794592504678487632e-01 4.820343130423457301e-01 4.768530390039371625e-01 4.668445175918903289e-01 4.621932706873029817e-01 4.520300313592385821e-01 4.741277289799079586e-01 4.757788404188544318e-01 4.557160229305312060e-01 4.592447598480998705e-01 4.869625550786565449e-01 4.989589256174994936e-01 4.997561276082242987e-01 4.716586796761386147e-01 4.951876700773615303e-01 4.673808208463032798e-01 4.724145604875581439e-01 4.812986322780229975e-01 4.890214540680190014e-01 4.773502955048549157e-01 4.980800911854422197e-01 4.877086685391877618e-01 4.826618500284883262e-01 4.954591375620324700e-01 4.897199334344167765e-01 4.794302861223349588e-01 5.023895375687715825e-01 4.890519071951458518e-01 4.967927430300637104e-01 4.908631483133821249e-01 4.705879458624678269e-01 4.647434412199340503e-01 5.100971928990561954e-01 4.882589935673392056e-01 4.785335501945759407e-01 4.956507375917838520e-01 4.873123176031984305e-01 4.875379067218499896e-01 4.901490702485845619e-01 4.887671250336967921e-01 4.928894423275634318e-01 4.795207979281700950e-01 4.729644553944059582e-01 4.636351218472399283e-01 4.708986169450521397e-01 4.751884813256927464e-01 4.745021830387404216e-01 4.774753923825450497e-01 4.729489363875455932e-01 4.807888388143476965e-01 4.838979902405063926e-01 4.782418135810820314e-01
1.055202188730394036e-01 1.226944279397509663e-01 1.768618100516327896e-01 2.904747727284134884e-01 1.000000000000000000e+00 2.384094186343695410e-01 3.638997738381651859e-01 4.119804725125102429e-01 3.868433445360548451e-01 3.620321302906316929e-01 3.925027919552789291e-01 4.529873942997386105e-01 3.964819795463749852e-01 2.948505359519897895e-01 4.114624224518344531e-01 4.201829580819814725e-01 3.862254986304349824e-01 2.905647071773057033e-01 3.203961649200211537e-01 3.388438895403595441e-01 2.839609585028224914e-01 3.325338026809351311e-01 3.049296012512794363e-01 2.961048978227502904e-01 3.199484018485486692e-01 4.185131952515877551e-01 3.936247851614745330e-01 4.059636395860549696e-01 3.795040840173418140e-01 3.730004846742702163e-01 4.060412444741856031e-01 4.163600454865566958e-01 3.909659711617261002e-01 4.157695482880846560e-01 3.769625523237011833e-01 4.095604952465545234e-01 3.973348287572619486e-01 4.341965878234717024e-01 4.189860900421164547e-01 4.195408115486716216e-01 4.332250938080591252e-01 4.356027764592184104e-01 4.401453095215466793e-01 4.480567841343868762e-01 4.365081756678139135e-01 4.297132712329476689e-01 4.338761413211152940e-01 4.258666509863766048e-01 4.386777507137678001e-01 4.431453292545619593e-01 4.367191355194142699e-01 4.479989061019168384e-01 4.500403654181916457e-01 4.203476850163963552e-01 4.234389337341671333e-01 4.222869447239279150e-01 4.345466767109555373e-01 4.267742027164980190e-01 4.271249360268639661e-01 4.362345304542056268e-01 4.337151939688774771e-01 4.270833648582149644e-01 4.236439945946548491e-01 4.345710041543306978e-01 4.340318878862965413e-01 4.435030641575366528e-01 4.311686222438213534e-01 4.242029507911201369e-01 4.299904682253358756e-01 4.276895847449411203e-01 4.204955989452435206e-01 4.264693221049359884e-01 4.188655655278206713e-01 4.152849305881352593e-01 4.449478450531474949e-01 4.339401801413425575e-01 4.352116942995099547e-01 4.194957700831439817e-01 4.358414306827213536e-01 4.148937922042816306e-01 4.221520779178473681e-01 4.276677243910304016e-01 4.351738823238395781e-01 4.217027313929694321e-01 4.376174222720628504e-01 4.363170469821660014e-01 4.308023150121689238e-01 4.360284496679956434e-01 4.299118448443011165e-01 4.232517209469910391e-01 4.377120994407316945e-01 4.362464787752535211e-01 4.369203622101765494e-01 4.331625712586650301e-01 4.289858640116897548e-01 4.263948670326248025e-01 4.363856908534372026e-01 4.387722525789253258e-01 4.305775918061877650e-01 4.396498680924180169e-01 4.330068289479887533e-01 4.328484292241367437e-01 4.428634296812093418e-01 4.355668703251209251e-01 4.396438906690207649e-01 4.316460716311812384e-01 4.318048996058268529e-01 4.258042037581812322e-01 4.269705021373048082e-01 4.290227571099726744e-01 4.284353273822942287e-01 4.334486209735607387e-01 4.292186091911777690e-01 4.326163148467812580e-01 4.349360325628538471e-01 4.362637788723468524e-01
3.355793237237511550e-02 7.207869706916110453e-02 1.611665534920007636e-01 3.224581914059467258e-01 2.384094186343695410e-01 1.000000000000000000e+00 4.028667986851180438e-01 3.538194930255030290e-01 3.881615850853741834e-01 3.859425585171553652e-01 4.037916927297886538e-01 4.505429741829602430e-01 4.191484229982568865e-01 3.193253835627516413e-01 4.531404923054899725e-01 4.565432025110032765e-01 4.076859047248043155e-01 2.593222030267246514e-01 3.012298490778758109e-01 2.923669470793311964e-01 2.665383921078510188e-01 3.203200206228427049e-01 2.964934543778116049e-01 2.809235042739471888e-01 3.012108143221973733e-01 3.991510180088264081e-01 4.105639411354273238e-01 4.220065107020414819e-01 3.758125929486129113e-01 3.791196913918670752e-01 4.333242888952071326e-01 4.233649729644578530e-01 4.009949363885969564e-01 4.205396031533903956e-01 3.986193054580495221e-01 4.200724453975656081e-01 4.332467425741532985e-01 4.651255238245534107e-01 4.541927119160238391e-01 4.516243822892415105e-01 4.663597754302423737e-01 4.769068255725865679e-01 4.705899987541320995e-01 4.820188330878982796e-01 4.655902245869017464e-01 4.675750913667655606e-01 4.807079691962907741e-01 4.733416103631405414e-01 4.738708039823367746e-01 4.580779098609605859e-01 4.734975303946296621e-01 4.436115460844495262e-01 4.601490925021400891e-01 4.534240572925872237e-01 4.472801991363960505e-01 4.431733448593785374e-01 4.556033489593355190e-01 4.748027077886989300e-01 4.688169975465342199e-01 4.786639829102102839e-01 4.769392201386795094e-01 4.778805907571441192e-01 4.567069544954613369e-01 4.719396812088041404e-01 4.603883392031459798e-01 4.706708269141944845e-01 4.822987186971746665e-01 4.668807838845401847e-01 4.644772077035005386e-01 4.540137626728300013e-01 4.519076511611355151e-01 4.656884355408859588e-01 4.517385011726237076e-01 4.436076898086236397e-01 4.775219535961764961e-01 4.828060758414494669e-01 4.813795500505722580e-01 4.642985603926562121e-01 4.749117336056149496e-01 4.537965864846227326e-01 4.621541401226306744e-01 4.699182102059332733e-01 4.757254549762424123e-01 4.656098391984041518e-01 4.799835695375341271e-01 4.742521339701695759e-01 4.736671525395733662e-01 4.908710545635099898e-01 4.826442745966609826e-01 4.712499341718783819e-01 4.864179359282663762e-01 4.890373395283279523e-01 4.850887764612669129e-01 4.806188018801649808e-01 4.849729802600835638e-01 4.792476634571065097e-01 4.857962141288156288e-01 4.805306537470328543e-01 4.855130257340287692e-01 4.910163907031693808e-01 4.849012397103766303e-01 4.846308677372171969e-01 4.824599820072419942e-01 4.868646802083843594e-01 4.808095476395485290e-01 4.727613080209060459e-01 4.807347451291410501e-01 4.737920766418663443e-01 4.744693854985318482e-01 4.842890484415079411e-01 4.817017725466766209e-01 4.851986647470398206e-01 4.821548184724520625e-01 4.820913161107962530e-01 4.796531615840424756e-01 4.802409811009234475e-01
7.553258560256603804e-02 1.711008926267928998e-01 2.101881247376055362e-01 4.475597432738613879e-01 3.638997738381651859e-01 4.028667986851180438e-01 1.000000000000000000e+00 5.748308593495163876e-01 5.905762381645714987e-01 6.048555329222088384e-01 6.139197621014914619e-01 6.831930499648422028e-01 6.224017238043855205e-01 5.129218103951683760e-01 7.545883371999677625e-01 7.033935632079210132e-01 6.008290009996634096e-01 4.100729702105320729e-01 4.945589944741478061e-01 4.192448895699767419e-01 4.468736783345003127e-01 5.260783994453694934e-01 4.620751219860719239e-01 4.253185070740564400e-01 4.961563246871290578e-01 6.398741124880138464e-01 6.386394181218875143e-01 6.705990701788906438e-01 6.291617701279644814e-01 6.285754621476269399e-01 6.855089473514267562e-01 6.544348800424867330e-01 6.287482002348224741e-01 6.345841239208134255e-01 6.225966395486601801e-01 6.455024922692703671e-01 6.632709787517196975e-01 7.175217151594854847e-01 7.057882576260330332e-01 7.154511631386989423e-01 7.225684701002380583e-01 7.347373887092247813e-01 7.189380912218843456e-01 7.310008747190778200e-01 7.053841941607397192e-01 7.207485072744748145e-01 7.200677602232938845e-01 7.210154833012256681e-01 7.142211878958318882e-01 6.875162612089643632e-01 7.223846143892421745e-01 6.916275055918934545e-01 7.126658984517268980e-01 7.035933602502155715e-01 6.987406753399202364e-01 7.069192670468563700e-01 6.994672650570848971e-01 7.229366044632734578e-01 7.252567686024701255e-01 7.179743373915417060e-01 7.148398963070392576e-01 7.201684183583582088e-01 7.111211342502021804e-01 7.122085935073407814e-01 7.096443255789953719e-01 7.060583454603595044e-01 7.212990393794217470e-01 6.973826013692000503e-01 6.960275860743231346e-01 6.674959799085191658e-01 6.947386448687357108e-01 7.067394433072855531e-01 6.631278729227417790e-01 6.817433904329145422e-01 7.287996563685017470e-01 7.256909317657792569e-01 7.243812002616647483e-01 7.139891896700684137e-01 7.256972464342464901e-01 7.136190904893732201e-01 7.081660978836719078e-01 7.290791118989023989e-01 7.206468724189990516e-01 7.070761535101287576e-01 7.247421934828131018e-01 7.144677392183186315e-01 7.225231326886838445e-01 7.383394044380705568e-01 7.340887752818026080e-01 7.226199406830725591e-01 7.374069092375614698e-01 7.383552186025902353e-01 7.318459285697316297e-01 7.351949699705194741e-01 7.264751427747531132e-01 7.248709366371889340e-01 7.296510511656424391e-01 7.098739553670514457e-01 7.229176059703997792e-01 7.345570878265644810e-01 7.355590083792497014e-01 7.288968702622842244e-01 7.300423766503414402e-01 7.311463347107574062e-01 7.241979843087085200e-01 7.126516213697029478e-01 7.229111097971983035e-01 7.230481191810718133e-01 7.226254516786139170e-01 7.317028136085819146e-01 7.335450417807148904e-01 7.279889168665552024e-01 7.274789428505772371e-01 7.254451677808444465e-01 7.226811904271951414e-01 7.173409435990970584e-01
2.001933581498410719e-01 1.711542795623065272e-01 2.384187606434906292e-01 4.077412945059378790e-01 4.119804725125102429e-01 3.538194930255030290e-01 5.748308593495163876e-01 1.000000000000000000e+00 6.464890775038834025e-01 5.913005646052906794e-01 6.141849538594300606e-01 6.589459776962058868e-01 6.125624936915431418e-01 4.596792706786962390e-01 6.546275391090461415e-01 6.906297901224475178e-01 6.306411279651767954e-01 5.007080848128501183e-01 5.642120120340576861e-01 5.366353578272822222e-01 5.210583903423504637e-01 5.930198950328577912e-01 5.243414737725906605e-01 5.054522458209672608e-01 5.624367590100920467e-01 6.872785238270745500e-01 6.769723994980491044e-01 6.776591256829496146e-01 6.470573657934899359e-01 6.499288681795968303e-01 6.830445373388209784e-01 6.789946911761151060e-01 6.511582158200797110e-01 6.771523489744285529e-01 6.418776600522114739e-01 6.769088726027657765e-01 6.723420936574792117e-01 6.972485410534779993e-01 6.920925832191036076e-01 7.029768904617289538e-01 6.932061791288998132e-01 6.884314560274521488e-01 7.019415593883245874e-01 7.146519040196365191e-01 7.099062622205080109e-01 7.010931926504073708e-01 6.792069420649157196e-01 6.782725743828240672e-01 6.928422041352532146e-01 7.010957641941311103e-01 7.105522160070159021e-01 7.016204531135000755e-01 6.940962526314574665e-01 6.921074358131044102e-01 6.957532191805113619e-01 7.013896401004657832e-01 7.130054818011719586e-01 6.801808335241930070e-01 6.895928197651224334e-01 6.888676422085437956e-01 6.903658976086068932e-01 6.913862075599435109e-01 6.934260269723928616e-01 6.922457968594355471e-01 6.994041696044427381e-01 7.043809702164297581e-01 6.855676371023347038e-01 6.846476239526634311e-01 6.833556476645626931e-01 6.811608453153782383e-01 6.909737491857127489e-01 6.930151633678662826e-01 6.717099718670299646e-01 6.803047186890072151e-01 7.011321857593417750e-01 6.997127273700329830e-01 7.000161400506825782e-01 6.877404438205824144e-01 7.019738405591953168e-01 6.893401907800228434e-01 6.892591835137730216e-01 6.909050981612080422e-01 6.960840829675629671e-01 6.927436464656605564e-01 6.966576460949308602e-01 6.933386699260276620e-01 6.919203207269662981e-01 6.959225854162255365e-01 6.868682210164382962e-01 6.901879841826253914e-01 6.989935773838228394e-01 6.929985758973375987e-01 6.964004750351114881e-01 6.909712560646470436e-01 6.748526245095516352e-01 6.742646534535828851e-01 6.902300603615721952e-01 6.875861365942660397e-01 6.810135094730680461e-01 6.954873343849437006e-01 6.886350007745509760e-01 6.892133881480555502e-01 6.867122056599543889e-01 6.855747821161477518e-01 6.952030272129017252e-01 6.874571215439941874e-01 6.812506156613722386e-01 6.829354265373540622e-01 6.880604892956165841e-01 6.810367781876104365e-01 6.866962123453750344e-01 6.812993231636136349e-01 6.791164717744322399e-01 6.829809703392143438e-01 6.894383812253090937e-01 6.829380708405226041e-01
3.204228581865897763e-01 2.316757103062992706e-01 3.275350686250894094e-01 4.206801943255499832e-01 3.868433445360548451e-01 3.881615850853741834e-01 5.905762381645714987e-01 6.464890775038834025e-01 1.000000000000000000e+00 7.200105248813281067e-01 7.354235963647235419e-01 7.435512808329333145e-01 6.937980400607065556e-01 5.286484473151022989e-01 7.345919340099041905e-01 7.599322617441813810e-01 7.897836457490862161e-01 7.062575330255194128e-01 7.366019670239453143e-01 7.212003537634196215e-01 7.074049603042185108e-01 7.527715943065421689e-01 7.082254836976044077e-01 7.145967973434464993e-01 7.466290054113932095e-01 8.280806787584475970e-01 8.229375077980282116e-01 8.301408792778793844e-01 8.077096739692642968e-01 8.146206641178682650e-01 8.324012637443704010e-01 8.361897693515918384e-01 8.016258694811138064e-01 8.238335952906441495e-01 8.016811397721366195e-01 8.183111831852308837e-01 8.266002829027759846e-01 8.164569047546504921e-01 8.243579886021606962e-01 8.108895289934309192e-01 8.215692496952827772e-01 8.025355036003337661e-01 8.015019957048453714e-01 8.281602613193481677e-01 8.383521687282035062e-01 8.155388204286277976e-01 7.998103695270496472e-01 8.043217808877469732e-01 8.105135951946592643e-01 8.148982024716483474e-01 8.231992967534484951e-01 8.117730419522461993e-01 8.148976202359823340e-01 8.232761647218944656e-01 8.206973187700070671e-01 8.224316155132582740e-01 8.310546405657868174e-01 7.952221710040727753e-01 8.128253098642309604e-01 8.134817921144293917e-01 8.136032312639830399e-01 8.148152994403061733e-01 8.095312332771666952e-01 8.134415400523068440e-01 8.332312662643274193e-01 8.272724957844982407e-01 8.090140098375772082e-01 8.339308122941379020e-01 8.284766141064677791e-01 8.344805928531766614e-01 8.362336902889878631e-01 8.323766614426754140e-01 8.341307119312301177e-01 8.368358931113235588e-01 8.209215163723202480e-01 8.203606799540560379e-01 8.185514308931552963e-01 8.290843606258090359e-01 8.225827427248109114e-01 8.285105493903252016e-01 8.297373924611988194e-01 8.182182897401250044e-01 8.195567859989260073e-01 8.315858834618946593e-01 8.058478951307384008e-01 8.168976385794489703e-01 8.205691925327333047e-01 8.022739277113247747e-01 8.001787441812806545e-01 8.073454770872723341e-01 8.057467290500264223e-01 8.018237448474050399e-01 8.075833378185800493e-01 8.057721724935493768e-01 7.855241106581605237e-01 7.918004557379069164e-01 7.761865896970829848e-01 7.922279791844841768e-01 7.886763798240680190e-01 7.983974141641806410e-01 7.845219385061524831e-01 7.951069233560444927e-01 7.894705376997064317e-01 7.886808950783872341e-01 8.075251673476532277e-01 7.931786267960025949e-01 7.895024902718428272e-01 8.043615201879088517e-01 8.044877247400504805e-01 7.880050435620982174e-01 7.939893627317740066e-01 7.938898781070441446e-01 7.899259601428347821e-01 7.942159035144832346e-01 8.138737429090440179e-01 8.013329587516782038e-01
1.825910620095407833e-01 2.187364440004381794e-01 2.573701156167548243e-01 4.059833280407537659e-01 3.620321302906316929e-01 3.859425585171553652e-01 6.048555329222088384e-01 5.913005646052906794e-01 7.200105248813281067e-01 1.000000000000000000e+00 6.643492096594861840e-01 6.896135389577131569e-01 6.378894192356022730e-01 4.921829895364482343e-01 7.088317106643086118e-01 7.140842401965713515e-01 6.941261318562824689e-01 5.735489256106961475e-01 6.324298387650045816e-01 5.819905021562566949e-01 5.961854840586925386e-01 6.430133139979400392e-01 6.163642405613405373e-01 5.830416703797370870e-01 6.292788985854390615e-01 7.488779000443867018e-01 7.339318598593846943e-01 7.627013810517861980e-01 7.351164265271514786e-01 7.397368888661617348e-01 7.672923060836324138e-01 7.484289196880664630e-01 7.285241508665366572e-01 7.222721356249149904e-01 7.197968949867334931e-01 7.254698250423085026e-01 7.539796287140893005e-01 7.595398725740674095e-01 7.685668206518443402e-01 7.588404487570187262e-01 7.647444057468305578e-01 7.606697640628530266e-01 7.443005350078578664e-01 7.671899456505328896e-01 7.667031900547427448e-01 7.708383121455506526e-01 7.583820961308640474e-01 7.620935191529206731e-01 7.552515884804525959e-01 7.363614574349579556e-01 7.617553679947276501e-01 7.216310742314452353e-01 7.420257970934780456e-01 7.628893276004722335e-01 7.552785409753145496e-01 7.660366611474449527e-01 7.549359666497785781e-01 7.567576185845271697e-01 7.655202913921564933e-01 7.625764855078460691e-01 7.624824705787744961e-01 7.651672376931143438e-01 7.534910881904073321e-01 7.556879465009153085e-01 7.687777511817605047e-01 7.567465887946956959e-01 7.650291013212912050e-01 7.706108962714964816e-01 7.686701187097781940e-01 7.528979868897239802e-01 7.615202423539537691e-01 7.702590097588203344e-01 7.465993750295020215e-01 7.556252836616488278e-01 7.713366087006852112e-01 7.724628742536920889e-01 7.701142608164674996e-01 7.773523558851379578e-01 7.736285362567563162e-01 7.765929231262521659e-01 7.704253892523676983e-01 7.737564998783208470e-01 7.677572318830665488e-01 7.704588649383196097e-01 7.535170670151513095e-01 7.545839842672970033e-01 7.712284882923948759e-01 7.600123537598499901e-01 7.625551169980089306e-01 7.612746894281290366e-01 7.642737102070126243e-01 7.631634216996001641e-01 7.629327891728390210e-01 7.634485771013973521e-01 7.530404613388043122e-01 7.570830162240262950e-01 7.326462206642868624e-01 7.343293035992574103e-01 7.507699333968631539e-01 7.570956325080913096e-01 7.489449936143720565e-01 7.536474157208067348e-01 7.448944290479753150e-01 7.505889860792582802e-01 7.550445595642287788e-01 7.417372553728581730e-01 7.485363253503344305e-01 7.611880959149999182e-01 7.601392108570234063e-01 7.553610131575816400e-01 7.577714607189482976e-01 7.574844233742549227e-01 7.521378682323051068e-01 7.520614423381105640e-01 7.639541704822550017e-01 7.500290246847555187e-01
1.542437190828867821e-01 1.561964444383191486e-01 3.307839760829960341e-01 4.752357276226641392e-01 3.925027919552789291e-01 4.037916927297886538e-01 6.139197621014914619e-01 6.141849538594300606e-01 7.354235963647235419e-01 6.643492096594861840e-01 1.000000000000000000e+00 7.866166749184008156e-01 6.907128543652625297e-01 5.493807350105736065e-01 7.563225656509446893e-01 7.626695620299690503e-01 7.398809524231729773e-01 6.326845924410452460e-01 6.805644452361130359e-01 6.492360351094967896e-01 6.268020639392456461e-01 6.944139863774243526e-01 6.583556577540753407e-01 6.534639175162121338e-01 6.872258675729344679e-01 7.854044735328580273e-01 7.809388895953115473e-01 7.996620537972725096e-01 7.570733741848683085e-01 7.665074114604488731e-01 8.064194038487768612e-01 8.105285785985075764e-01 7.778043700868911836e-01 8.051734942704362741e-01 7.732342667032202632e-01 7.890837629278437682e-01 7.991297101620991050e-01 8.098530636802760974e-01 8.224762582727442872e-01 8.139362852716531815e-01 8.173168215250472546e-01 8.126732104028617787e-01 8.179614750944397272e-01 8.288769218340824585e-01 8.305491979748099718e-01 8.178106943830247832e-01 8.123934765263376434e-01 8.108306776040686836e-01 8.168612151718254166e-01 8.057565449995381934e-01 8.230931147488629307e-01 7.978491880440000683e-01 8.067142788828614020e-01 8.097451033607847570e-01 8.051482889535126475e-01 8.103949320532491951e-01 8.095164705768685964e-01 8.067180371772343372e-01 8.115195516299379408e-01 8.136371895392672249e-01 8.158564118646360885e-01 8.136372773125288838e-01 8.069730876063511138e-01 8.111930909513396237e-01 8.220526214999276382e-01 8.146096470378929588e-01 8.164936203969478390e-01 8.253975667722915910e-01 8.245827403220674645e-01 8.214455953733924565e-01 8.234453001771832037e-01 8.278170137281313234e-01 8.202607639490537839e-01 8.208984949646415119e-01 8.292710536791453313e-01 8.282023631718181678e-01 8.248019299050737274e-01 8.254617600627236484e-01 8.276494915929675233e-01 8.203785474833283908e-01 8.260737797778968661e-01 8.267104652305673484e-01 8.281421755569911003e-01 8.256615776624833813e-01 8.206687072330361987e-01 8.253660675941878466e-01 8.292792550094580939e-01 8.199498587935113436e-01 8.203077814789307975e-01 8.190533858410861123e-01 8.269058378739265747e-01 8.181850949795826944e-01 8.256066906150193452e-01 8.221185244219040289e-01 8.080276307349067988e-01 8.092054400032704375e-01 8.077890177378204140e-01 8.025093392496414069e-01 8.096217675450544382e-01 8.173187214542589896e-01 8.123593987331459987e-01 8.120434306597480445e-01 8.094746657344420449e-01 8.125624330828913333e-01 8.211471578963408513e-01 8.046114767931413780e-01 8.081010968237956060e-01 8.159081867629152107e-01 8.144869042527983494e-01 8.085334810795572480e-01 8.114106517210892822e-01 8.114246806155626102e-01 8.087778702902577166e-01 8.117285430996326046e-01 8.223873574949952525e-01 8.097557999903809423e-01
8.331681882985010612e-02 1.372306478609871261e-01 3.054454948635044187e-01 5.288041605851991900e-01 4.529873942997386105e-01 4.505429741829602430e-01 6.831930499648422028e-01 6.589459776962058868e-01 7.435512808329333145e-01 6.896135389577131569e-01 7.866166749184008156e-01 1.000000000000000000e+00 7.560917832580403841e-01 6.051606235778460574e-01 8.394988994798245896e-01 8.406842270592713717e-01 7.693721556854137278e-01 5.696771983149612195e-01 6.507384017509145746e-01 6.048436775935849274e-01 5.829320312777056534e-01 6.750895362715366721e-01 6.139089794572536452e-01 6.028322372015969544e-01 6.589827457710643044e-01 7.952840854742743160e-01 8.113582691856042750e-01 8.278540694581524306e-01 7.578904825577519322e-01 7.765369967114967853e-01 8.319440135012339255e-01 8.366633106823125887e-01 7.946080181846451040e-01 8.301736525717418047e-01 7.909569438221127902e-01 8.345412135480873017e-01 8.322727742991341549e-01 8.656021832416044282e-01 8.675192436216007108e-01 8.617702571150634983e-01 8.830139343318155198e-01 8.797976904559513533e-01 8.848981206695462065e-01 8.958065333882651027e-01 8.813735081708454766e-01 8.775624002076335417e-01 8.915264658169046452e-01 8.866878932331146990e-01 8.914862259618571150e-01 8.753919068989218788e-01 8.878979037970436972e-01 8.692560768991274278e-01 8.823979640017611814e-01 8.737199340079240262e-01 8.696718852430241897e-01 8.646650049017973183e-01 8.807154801669894173e-01 8.822697944313050433e-01 8.801497055305789186e-01 8.868227555573757748e-01 8.872743807349273704e-01 8.869417861388513291e-01 8.795113735438213620e-01 8.859122802624381787e-01 8.790448447078834660e-01 8.900890800456563445e-01 8.876407020716580165e-01 8.699935232951049313e-01 8.756998605958671300e-01 8.580560370011716120e-01 8.654179542942876946e-01 8.778749502564190399e-01 8.547925245641138092e-01 8.615147725815187618e-01 8.977511567486951005e-01 8.925834595597944565e-01 8.887399298967845196e-01 8.703389096433564731e-01 8.862698472942647232e-01 8.717129218915132816e-01 8.787370091722631615e-01 8.917504628046193371e-01 8.870435679275353591e-01 8.774355245174071394e-01 8.910721490362780717e-01 8.906126796040726434e-01 8.904368323106406358e-01 8.932765428767570626e-01 8.903316300240874392e-01 8.843274485564397436e-01 8.954165691754625289e-01 8.945979544208836343e-01 8.981761641344584435e-01 8.953645627537105689e-01 8.876802677486949067e-01 8.871903186613953052e-01 8.935625030884672970e-01 8.896914469014475246e-01 8.903717031521569680e-01 8.949169980790847578e-01 8.947665034758676139e-01 8.956706800576699212e-01 8.959309339677282713e-01 8.951329063631465743e-01 9.001864069159617454e-01 8.894407800635355521e-01 8.911615160984153183e-01 8.869371413983554442e-01 8.880577712458082029e-01 8.882182017344136815e-01 8.897802544629590527e-01 8.913738824938139960e-01 8.899043963790735923e-01 8.927334058374973846e-01 8.933961804480125002e-01 8.934240226707409471e-01
9.095597394951172865e-02 1.233735683776229636e-01 2.264760072268968971e-01 4.272249314468435921e-01 3.964819795463749852e-01 4.191484229982568865e-01 6.224017238043855205e-01 6.125624936915431418e-01 6.937980400607065556e-01 6.378894192356022730e-01 6.907128543652625297e-01 7.560917832580403841e-01 1.000000000000000000e+00 5.400363059600978843e-01 7.675365264762554762e-01 7.751154554386344708e-01 6.945082300419379573e-01 5.233584107018800502e-01 5.928387153963361467e-01 5.632730635924528828e-01 5.393636296729419355e-01 6.087932054288192063e-01 5.709385951110806934e-01 5.529926344324226362e-01 6.012644792337381583e-01 7.235328856355984772e-01 7.381926924122718114e-01 7.471051568268660681e-01 6.879530368005603025e-01 6.985027663132108433e-01 7.603930037926763807e-01 7.674974562006965373e-01 7.122951076514211222e-01 7.538174847683604130e-01 7.094437672284238383e-01 7.568216339635229772e-01 7.634791950481201184e-01 7.822711804257808099e-01 7.861138455127359981e-01 7.887158977456631970e-01 8.027019935641769299e-01 8.011946828806703058e-01 8.105090709384108472e-01 8.102537646316049225e-01 8.025984946058355440e-01 7.909196331647850853e-01 8.082296404291188230e-01 8.048353598549913279e-01 8.078902339993421222e-01 7.838851845100424098e-01 8.112507136923603479e-01 7.890240379021883355e-01 8.038561647204547356e-01 7.923493416821333346e-01 7.800277078353430316e-01 7.846209367507038790e-01 7.962231243357812405e-01 8.049945777650792111e-01 7.989014180831478518e-01 8.121238087281305029e-01 8.125361155308953309e-01 8.056969581885328191e-01 8.001012470148157751e-01 8.031185302305954288e-01 8.039541733850599226e-01 8.118042254950302850e-01 8.076787002386237591e-01 7.933016284321167122e-01 8.020560002593787319e-01 7.853972300393395889e-01 7.866900989069446348e-01 7.980264097400797674e-01 7.789847448438438349e-01 7.843146847566909718e-01 8.095579504850350938e-01 8.089360278525457026e-01 8.064464670973727767e-01 7.904057047226038524e-01 8.021686237571881151e-01 7.890267628589969773e-01 7.982152494770178297e-01 8.051873133493304691e-01 8.048589802319652264e-01 7.919112036076483285e-01 8.036881708454400863e-01 8.063151539345220220e-01 8.121770523252285212e-01 8.088539688118121518e-01 8.078862664361384782e-01 8.008599722251236175e-01 8.107350379663686990e-01 8.133472052391206297e-01 8.133133131862921861e-01 8.111062195737102076e-01 8.088848234605235943e-01 8.070763369946105659e-01 8.018559057677787649e-01 8.024050041910548714e-01 8.103410914843753865e-01 8.128998257293937879e-01 8.098483907901944390e-01 8.097435748631184316e-01 8.103929693158236081e-01 8.116454693697836564e-01 8.157127005818362031e-01 8.017554786072432771e-01 8.075845512095939371e-01 8.047050805979820698e-01 8.046904486529784517e-01 8.079929512391189617e-01 8.091916459631901537e-01 8.115019007448188715e-01 8.075015497421896837e-01 8.092475854434597604e-01 8.119912211551090220e-01 8.114897788113910604e-01
