1.000000000000000000e+00 9.201230290685877278e-02 6.674537438631815423e-02 7.841326747341466341e-02 -1.313359571980782887e-03 6.070776086226201823e-02 1.907817253040530736e-02 2.486960861877356502e-02 9.518451812800733658e-02 5.366378217638973630e-02 3.295861999709835677e-02 2.616283224561991375e-02 1.629189253827431627e-02 -7.421915291453720816e-03 2.334129365464365086e-02 2.406990582675529178e-02 8.333873385801891798e-02 6.719684207163108269e-02 7.240674508945603438e-02 -1.539165907932633741e-02 2.262231164939978653e-02 7.248776907463458374e-02 5.055044810036867647e-02 6.551869675384450198e-02 4.759303758388089972e-02 5.732289495435683585e-02 7.835361374903936083e-02 7.536597007848121199e-02 9.313948241225919467e-02 9.230045413905321738e-02 7.357549313030421756e-02 7.683244819075427112e-02 5.830422915182707777e-02 7.007782438210596876e-02 7.240040721908727606e-02 4.854183270712172232e-02 3.866460242251987256e-02 2.790175437598689523e-02 4.529445843976544900e-02 -1.485150687616315808e-02 2.362812733624988781e-02 1.391505641713132978e-02 8.121905699023739510e-04 3.387940660501759238e-02 2.639251237555538532e-02 1.446458633362928542e-02 -1.007488899215978981e-03 9.338489767825206359e-03 1.201925660796687376e-02 2.796520355787282877e-02 9.304625160646850385e-03 2.942846546324575686e-03 1.726069286197523880e-02 1.471179275876938891e-02 1.371322889509398422e-02 8.710425448430935552e-03 2.004046333319440404e-02 9.520687780384937127e-03 6.957052950333095231e-03 2.221684648847387436e-02 8.118627337691143933e-03 1.450790807363875994e-02 -2.574567390895349771e-03 2.222479526341448325e-02 3.728226624853085702e-02 2.066472426480873634e-02 2.534593664706041860e-02 1.977533080329834173e-02 3.390687537392785694e-02 5.893029357820126109e-03 1.183730747170021365e-02 3.543589161818624239e-02 2.914529250005187463e-02 2.215158801962748003e-02 2.157657764177686038e-02 3.079986941833201194e-02 2.468787998143089080e-02 3.460205282105406621e-02 2.178259599797143301e-02 3.211479932624980438e-02 2.186624080677404200e-02 2.647118258102192090e-02 3.090176189346901733e-02 2.680058710828286256e-02 2.448437687941960872e-02 2.679966746865496824e-02 2.067921729815443838e-02 1.589385896282119806e-02 1.152486696721322611e-02 2.627891113286012423e-02 4.102724667703202925e-03 8.161424850138742845e-03 1.153926071994254045e-02 9.760523859384112599e-03 3.118995730359616810e-03 6.277333785307957076e-03 1.044399774801027352e-02 2.035599931469492252e-02 1.028914041188847169e-02 1.030037184870180068e-02 3.789431813396808464e-03 7.931795579514223232e-03 7.326482803116513010e-03 1.460881371375229686e-02 1.827463234498552871e-02 2.064508998100604911e-02 1.370810560055019112e-02 8.688616004821708705e-03 1.364710929236789480e-02 9.688507890076391779e-03 1.190051429310054303e-02 1.150520510151109739e-02 1.367926183314942257e-02 1.379540626994677117e-02 3.013070943528209020e-02 2.017716565105969265e-02
9.201230290685877278e-02 1.000000000000000000e+00 5.205706729139023686e-02 8.118516274086265416e-02 9.575318289192842613e-02 1.146699895610702319e-01 1.074261432722011800e-01 8.745678466138481766e-02 1.835734610650745224e-01 1.786468812297252462e-01 1.503238911268827693e-01 1.185988007799340521e-01 1.181668825558266772e-01 9.412353690867621137e-02 1.511649536994074672e-01 1.272880400265951062e-01 1.771743708166257925e-01 1.767782982508045719e-01 1.758031968800417844e-01 1.119111361725517728e-01 8.337071890472043389e-02 1.446001105788837227e-01 1.979319431925115613e-01 2.033428077068056283e-01 1.881106915445106831e-01 1.748498375191556986e-01 1.788121768752162777e-01 1.877153766240891308e-01 2.214824932349623021e-01 1.848561478751694076e-01 1.976713369076673610e-01 1.718650302709945898e-01 1.348358678454917581e-01 1.599686651379483848e-01 1.467190463271621226e-01 1.502201573230411702e-01 1.695029732290616042e-01 1.342973234327044518e-01 1.468290281031303102e-01 1.493407576657058700e-01 1.797367069788183280e-01 1.503362517719322722e-01 1.244937172629804190e-01 1.443603911584506183e-01 1.705559436673666218e-01 1.656911173672848681e-01 1.593081186436502150e-01 1.658006243124566792e-01 1.451260102697344012e-01 1.186404473161561252e-01 1.283356019915258550e-01 1.178406816146935349e-01 1.409696085341385352e-01 1.770379694343743038e-01 1.714391234488815419e-01 1.786859351141772689e-01 1.519860272861308093e-01 1.664385809331707378e-01 1.617634866283337580e-01 1.558041083003032234e-01 1.367870014766969233e-01 1.610045202318808322e-01 1.342115135235669166e-01 1.413275630981359055e-01 1.563370157472557531e-01 1.636203995838541314e-01 1.657547107935107011e-01 1.739387163335073538e-01 1.662511270592243462e-01 1.471338328047961663e-01 1.509987391537193913e-01 1.738178770389525729e-01 1.756816388294916986e-01 1.783833293712596135e-01 1.628095389032827855e-01 1.697888562251262390e-01 1.679876463099438666e-01 1.863148518674369869e-01 1.759490422360032447e-01 1.724466344537196605e-01 1.695381792733364479e-01 1.744790283349315074e-01 1.721417127850227990e-01 1.527871145137969511e-01 1.388784138944606505e-01 1.574123735755242615e-01 1.603895471538339390e-01 1.540364142780129286e-01 1.489230351641572525e-01 1.661480580293274445e-01 1.538187567417589607e-01 1.575312912760527817e-01 1.575879900366307096e-01 1.604751650484430026e-01 1.586684531238061469e-01 1.644968010379269929e-01 1.351223018388496011e-01 1.348698918386229406e-01 1.495587609226194103e-01 1.506036672663651488e-01 1.440898163687086564e-01 1.452705285236293720e-01 1.459122632855412161e-01 1.487880839151560497e-01 1.446783100511234155e-01 1.582061042364030501e-01 1.542139492959737623e-01 1.624388305247937425e-01 1.592695536005964418e-01 1.606753926466995275e-01 1.662488165529834028e-01 1.622941924998955454e-01 1.662291720412504836e-01 1.540124515575861941e-01 1.660672852695958268e-01 1.644571439002662228e-01
6.674537438631815423e-02 5.205706729139023686e-02 1.000000000000000000e+00 2.340860555604477311e-01 1.323497978426947663e-01 1.457864969488895657e-01 2.329386866124610878e-01 1.915099494601767149e-01 2.543703772143685593e-01 2.348349606049887350e-01 2.668655056217973942e-01 2.677427002114391441e-01 2.062124253658556283e-01 1.959721529177251842e-01 2.748946918999699007e-01 2.531149352748547909e-01 2.641459130658526111e-01 2.557364236601418761e-01 2.864307138156239052e-01 1.808837513654229512e-01 2.086048443850263279e-01 2.805852057129376020e-01 2.709529546902359476e-01 2.693746991417835246e-01 2.734935475553488815e-01 3.020653053413819289e-01 3.014751359635652883e-01 3.134309506213501240e-01 3.150195928698291126e-01 3.129645736087972030e-01 3.055449185678798529e-01 3.107946127277324000e-01 2.992740985790720010e-01 3.082525819971844161e-01 3.100203809202420890e-01 2.960489362658278445e-01 2.998881151349473972e-01 3.053375617344344373e-01 3.013628501958359185e-01 2.916738289490033442e-01 2.828735765090874543e-01 2.926896024131713792e-01 2.816477397384396508e-01 2.919178113427096100e-01 2.982149147304153369e-01 2.934503777364751431e-01 2.718997971937439639e-01 2.712874522039273040e-01 2.791542520193881494e-01 2.925949566414574599e-01 2.867824725051264512e-01 2.650294031492279045e-01 2.794799943867065650e-01 2.650827512616399373e-01 2.799759139209924141e-01 2.914158193534424068e-01 2.673415209752138533e-01 2.735228081694428548e-01 2.766200458208196711e-01 2.625085261932932346e-01 2.701960801908098175e-01 2.658123275091628379e-01 2.663257932911029524e-01 2.756931281661948452e-01 2.719298911514428374e-01 2.673314373176383651e-01 2.850554471304093118e-01 2.904652989060619306e-01 2.948213199420238184e-01 2.696646523850416699e-01 2.779086761688881468e-01 2.956899040743601881e-01 2.906402565324136544e-01 2.879300390303543566e-01 2.947575369695660252e-01 2.916411364126250683e-01 2.938334306673870411e-01 2.947926999402086801e-01 2.958691129961462107e-01 2.932682650604020447e-01 2.941242243516408728e-01 2.945345628442626040e-01 2.868722567186489103e-01 2.952133055685025598e-01 2.953806361435108996e-01 2.961611230603763967e-01 2.940674871230111731e-01 2.877738228760651773e-01 2.836549328817989934e-01 2.748336284501666782e-01 2.942894258816538544e-01 2.849579395556153250e-01 2.882042482207580192e-01 2.879759032687339571e-01 2.718792846088515236e-01 2.747083145215625799e-01 2.857582178136036100e-01 2.794269677989165146e-01 2.765849588271582782e-01 2.899006137351219925e-01 2.764078748487276416e-01 2.758887782411384992e-01 2.791551815211091303e-01 2.798976154363246871e-01 2.799342443511124712e-01 2.656999938189210653e-01 2.804011820400929555e-01 2.718022337693440926e-01 2.772695611989418607e-01 2.784864518135669043e-01 2.714930163682447994e-01 2.683475997408051872e-01 2.722954923639508973e-01 2.743672747369789167e-01 2.780582820452994763e-01 2.718070493424541434e-01
7.841326747341466341e-02 8.118516274086265416e-02 2.340860555604477311e-01 1.000000000000000000e+00 2.549086990455540769e-01 2.620839592746531110e-01 4.451083622960836372e-01 4.007678588424272159e-01 4.266673189744143446e-01 3.919138745571586480e-01 4.396732352133239097e-01 4.955780301310460101e-01 4.125630541531067341e-01 3.595399982446631504e-01 5.075391893800275112e-01 4.709752935975826116e-01 4.651183034131572969e-01 4.169374038560046403e-01 4.538326441487257057e-01 4.043528309516823405e-01 4.986296904223581627e-01 5.205919011394950502e-01 4.227801802756769867e-01 4.132261828984419849e-01 4.271679605592196283e-01 4.898949374203643847e-01 4.891554367508194612e-01 4.798112156491730063e-01 4.450267690897874995e-01 4.794755102494528964e-01 4.864128271787095947e-01 5.049300577205494411e-01 4.993518009044607409e-01 4.935031530364996089e-01 4.928417815418409953e-01 4.926105987681542175e-01 4.902825502664270862e-01 4.919525968628706281e-01 4.991890572310931917e-01 4.824273361054072784e-01 4.855369949789132833e-01 4.918796540016250329e-01 4.847492806262628240e-01 4.971523884863487952e-01 4.938961531456351195e-01 4.972282430962887134e-01 4.814579434347717735e-01 4.827492679197735170e-01 4.923365226448551679e-01 4.939215297791993420e-01 4.877867775877658962e-01 4.764591696035700985e-01 4.907358869602638229e-01 4.917876108655254153e-01 4.933637084482545565e-01 4.907869183699750670e-01 5.025693191064140031e-01 4.948329109743551668e-01 4.940083420032789774e-01 4.896495354064613892e-01 4.871823087418377107e-01 5.018517997845125533e-01 4.999145531747622995e-01 4.985753169134237162e-01 4.971328029137121463e-01 4.952417774310296505e-01 4.978834948216328549e-01 4.877314802052894471e-01 5.046122066791328686e-01 5.099247702595484100e-01 5.114861988344336918e-01 5.012611389093863945e-01 4.905172493357286556e-01 4.854270571766838849e-01 5.018509626267591006e-01 5.028329709069980780e-01 4.990954031722638073e-01 4.834760279417918971e-01 4.886488852258268345e-01 4.930928140368656121e-01 4.967961124000750961e-01 4.981973549749528218e-01 5.128432253485304404e-01 5.041829161125399583e-01 5.103025848503787154e-01 5.034762514492145957e-01 4.937592717732732783e-01 5.122500997703980374e-01 4.972456853547290723e-01 5.096520765350646132e-01 5.065220233921546855e-01 4.997174038447879663e-01 4.965763527878350736e-01 4.969050831597212614e-01 4.895714397730966394e-01 4.916284730758896937e-01 5.173654901891795443e-01 5.190088744871598214e-01 5.066531178215927245e-01 5.060981106704469656e-01 5.083207165709328068e-01 5.119958869320520023e-01 5.009234036995579009e-01 5.086802707231720122e-01 5.103439191778134099e-01 5.162401782112963078e-01 5.035018331946554682e-01 4.953353429210817782e-01 5.056248400607199489e-01 4.977177634286675256e-01 5.071662985452061179e-01 4.953149051112725743e-01 5.063762684824336668e-01 5.064721551315948256e-01 5.027694891063184679e-01 5.082913997622661162e-01
-1.313359571980782887e-03 9.575318289192842613e-02 1.323497978426947663e-01 2.549086990455540769e-01 1.000000000000000000e+00 2.550674396645934983e-01 4.024433008876558415e-01 3.680713096882649582e-01 3.982412034465596107e-01 3.847571602246115940e-01 3.742398069825025320e-01 4.097673617671146462e-01 4.019518887393254136e-01 3.140768678834213734e-01 4.289740303837991098e-01 4.275806743836987889e-01 4.022805720764276449e-01 3.444324757450271668e-01 3.691896217518369494e-01 3.305692203502752502e-01 3.942462918126911076e-01 4.059722517490804705e-01 3.706037537746457167e-01 3.578314270169843936e-01 3.666162600606130972e-01 4.261957194535561655e-01 4.142241210193269851e-01 3.972596414344849447e-01 3.838912685100672739e-01 3.929428399783050363e-01 4.204880500701133061e-01 4.151319562129607288e-01 3.992234714085704517e-01 4.144560802505534158e-01 4.054643365327405546e-01 4.199498769826068845e-01 4.318401078196254517e-01 4.127851634495663946e-01 4.225364621557288758e-01 4.156472991184113064e-01 4.291193864664241686e-01 4.281930633337263092e-01 4.184258326348809787e-01 4.417589790248797610e-01 4.295385939773836981e-01 4.340312279738934853e-01 4.381023149876969724e-01 4.352282430618685805e-01 4.340477942235509423e-01 4.222251696538358301e-01 4.195354499342910937e-01 4.305215771677752268e-01 4.341158697522808363e-01 4.434012797093040414e-01 4.463259180993677799e-01 4.301542095046416159e-01 4.449413708054081873e-01 4.409209384939120624e-01 4.305359493236448620e-01 4.532994854027012632e-01 4.416964453057201090e-01 4.524914306966785205e-01 4.373685476174166697e-01 4.365887098269089495e-01 4.469489538635675885e-01 4.444684797196835624e-01 4.387686219853686453e-01 4.365016039705162387e-01 4.357005134915635791e-01 4.481781297356584037e-01 4.410781832188577778e-01 4.354822624501664685e-01 4.373070082989021223e-01 4.326064611763011936e-01 4.422551428165256704e-01 4.388480214209295460e-01 4.359250795541046442e-01 4.290412814711098699e-01 4.338906407521470054e-01 4.317721384240125193e-01 4.431079016791493741e-01 4.356606295299509934e-01 4.397832331317885202e-01 4.353519835006677274e-01 4.244564404753181086e-01 4.351470537389266480e-01 4.366732079422683266e-01 4.311875976395544985e-01 4.360089451892336099e-01 4.400599753649835910e-01 4.316460967324161069e-01 4.407811849513277869e-01 4.394634757344468845e-01 4.348007905699068920e-01 4.359951020261098042e-01 4.381622037065165953e-01 4.249173105872653400e-01 4.275457768603226905e-01 4.337055722797128476e-01 4.280107319685106382e-01 4.359429577033528402e-01 4.333618361693535870e-01 4.389261984420292917e-01 4.431738229689519137e-01 4.410515501280301010e-01 4.386497576890141525e-01 4.366565501031712815e-01 4.401121855983650688e-01 4.404318665858809045e-01 4.373840648172768186e-01 4.375458905626166684e-01 4.454965669389187588e-01 4.392492605859405486e-01 4.388439355322497626e-01 4.420550554357726702e-01 4.400760267707208295e-01
6.070776086226201823e-02 1.146699895610702319e-01 1.457864969488895657e-01 2.620839592746531110e-01 2.550674396645934983e-01 1.000000000000000000e+00 4.288625557680290079e-01 3.977733569389503843e-01 4.290602098273184062e-01 4.164164199397622501e-01 4.128359594904046914e-01 4.753406589990691877e-01 4.457297417348864976e-01 3.789055093415056863e-01 4.820416475310517201e-01 4.861728416233153660e-01 4.398802067791008907e-01 3.509421218625471406e-01 4.209196893440572129e-01 3.425440534172736196e-01 4.153287341617830086e-01 4.452725881750384529e-01 4.037117945903780369e-01 3.827377816793026688e-01 4.005878399638841403e-01 4.706624610235984330e-01 4.398801012126289933e-01 4.352972579901366879e-01 4.238196362443779619e-01 4.434336293144461316e-01 4.827672449333854088e-01 4.767047616803984922e-01 4.425174209109564716e-01 4.777012009242282975e-01 4.549570827872821410e-01 4.777375950741424293e-01 4.978769501371356765e-01 4.800002803840315857e-01 4.900668835945514723e-01 4.659577295188763735e-01 5.006079875005181590e-01 4.979338857131403451e-01 4.764637299738115339e-01 4.942475566872595039e-01 4.928327822989205798e-01 4.908139098596802641e-01 5.128966750068045810e-01 5.151579097857337253e-01 5.148635297321024762e-01 4.819843275226429191e-01 4.877623608727580939e-01 4.694513757364187634e-01 4.936210563545246344e-01 5.147211304276370081e-01 5.085946257432181206e-01 4.981398313196991889e-01 5.020598883552503944e-01 5.105254321889087787e-01 5.110144312804831834e-01 5.121267078160386399e-01 5.056044307851024211e-01 5.158368432107555135e-01 5.074759900673604385e-01 5.099706329983270114e-01 5.014277567462669394e-01 5.100823582991397265e-01 5.163662519377775206e-01 5.044349876886320416e-01 5.077527840287789918e-01 5.081857833316582029e-01 5.138917961282363223e-01 5.043638252602976602e-01 4.989097429205319734e-01 4.942936883235685697e-01 5.109574302618981045e-01 5.063972107780657650e-01 4.970962467359391068e-01 4.983423368667234121e-01 5.059922393075253488e-01 5.043404497259860175e-01 5.114180052323977765e-01 5.111029318750842654e-01 5.121538544337037591e-01 5.006961367596646229e-01 5.044209641225779750e-01 5.080998702670729283e-01 5.130598042027005867e-01 5.124369083990216733e-01 5.155046044101738723e-01 5.118134278156579731e-01 5.098540504385745686e-01 5.128939440533475391e-01 5.117928819384154338e-01 5.104119125883034291e-01 5.163478039241605755e-01 5.173471542104898235e-01 5.127929780446122132e-01 5.098589366784408439e-01 5.160081550055078958e-01 5.127986501764170146e-01 5.136861075048742009e-01 5.158141427690926539e-01 5.109064562441644197e-01 5.171790421221470480e-01 5.147631623267533429e-01 5.182535393713827432e-01 5.179756288810415388e-01 5.186912439369086858e-01 5.168309874454479758e-01 5.178631490075878974e-01 5.167077163580052757e-01 5.201626090605727670e-01 5.220004857909837925e-01 5.186306116863571569e-01 5.105171966226544900e-01 5.180762289162897938e-01
1.907817253040530736e-02 1.074261432722011800e-01 2.329386866124610878e-01 4.451083622960836372e-01 4.024433008876558415e-01 4.288625557680290079e-01 1.000000000000000000e+00 6.175124084834081595e-01 6.548856144709771510e-01 6.360210894297478879e-01 6.313315325952165713e-01 7.254393534588464698e-01 6.553461834713688594e-01 5.427728806816369822e-01 7.584300558680185933e-01 7.344797159273366294e-01 6.789713625320423773e-01 6.118331847488672759e-01 6.621405121911031477e-01 5.829861615806698483e-01 7.002625362283957378e-01 7.276148386612906194e-01 6.458220631672251244e-01 6.286100313080253965e-01 6.477076429962960180e-01 7.370385474118015257e-01 7.019134598677062575e-01 6.988888917850880622e-01 6.542284373248099527e-01 6.749542939423007759e-01 7.180731236213427904e-01 7.390707874440152203e-01 7.130273680121673729e-01 7.284329813757381977e-01 7.232274011499376654e-01 7.284922234066151248e-01 7.394651550311939214e-01 7.498329996843140499e-01 7.482936794676865455e-01 7.506610123723312933e-01 7.554442449835307993e-01 7.572555624691676979e-01 7.637598655138672088e-01 7.735479292110724048e-01 7.496659533618135196e-01 7.675258644544956654e-01 7.545442559257181658e-01 7.576282121498922884e-01 7.550574650020591694e-01 7.320758086358252203e-01 7.435362521151397397e-01 7.363872360303748144e-01 7.535421726618681815e-01 7.670770521922757323e-01 7.693686547217465366e-01 7.629557279760167399e-01 7.641898082061184816e-01 7.679820995302839570e-01 7.593312627256525449e-01 7.640031943284757432e-01 7.523862085494270602e-01 7.747352372404425758e-01 7.633102470322086219e-01 7.547035989351414953e-01 7.579997668191870153e-01 7.659059697396594091e-01 7.663061147997493050e-01 7.570493124302043464e-01 7.660966324411787598e-01 7.756718912251846509e-01 7.737598587920526683e-01 7.598235148102058245e-01 7.562586751003893548e-01 7.543841557875194948e-01 7.694875406616780156e-01 7.617487981390934637e-01 7.613952785232982468e-01 7.414477644476332729e-01 7.563428943395967829e-01 7.509079392437292277e-01 7.630019245835422126e-01 7.511098150717095967e-01 7.719493154831917892e-01 7.671901161315507478e-01 7.542240178076791146e-01 7.593720609523898490e-01 7.583000659023141354e-01 7.724671752517637824e-01 7.656327533288427301e-01 7.757291708900144744e-01 7.734415240338796682e-01 7.724216028101331677e-01 7.644635837538762413e-01 7.656773170058730482e-01 7.585861404994604928e-01 7.621446288754865073e-01 7.632260930954632983e-01 7.584020602575580750e-01 7.628529791440473717e-01 7.651955514124652025e-01 7.752603168134705180e-01 7.674021479201350582e-01 7.637026925716946524e-01 7.719690876530993506e-01 7.665853607016173132e-01 7.684389174742276563e-01 7.636314271925963570e-01 7.661958158835007193e-01 7.724111273497232810e-01 7.677895506869986120e-01 7.720386626453613621e-01 7.666951095201480770e-01 7.687032498671201308e-01 7.688118614105726722e-01 7.635996986311076595e-01 7.673466038285730040e-01
2.486960861877356502e-02 8.745678466138481766e-02 1.915099494601767149e-01 4.007678588424272159e-01 3.680713096882649582e-01 3.977733569389503843e-01 6.175124084834081595e-01 1.000000000000000000e+00 5.972076964510930619e-01 5.877460329498052083e-01 5.782775727697737622e-01 6.704485878321684300e-01 6.138524010105222972e-01 5.295927556411860193e-01 6.933361723502649010e-01 7.147598704158133476e-01 6.082602858122665435e-01 4.631222278933058711e-01 5.627386299548373660e-01 4.736299905430980672e-01 6.399951614138431610e-01 6.284366437969992614e-01 5.370174126727065289e-01 4.782054759529437149e-01 5.196469425686667254e-01 6.517087500405671641e-01 6.121635032967179813e-01 5.823267449402264040e-01 5.562367639422436394e-01 5.930577486486312555e-01 6.537410745612608487e-01 6.556247062495227373e-01 6.326688783120064663e-01 6.549339959522978427e-01 6.503988055488753028e-01 6.708216235258264160e-01 6.669761678933441296e-01 6.815137236804156284e-01 6.918998489646641659e-01 6.483075985964017462e-01 6.759668306748994882e-01 6.817136016489727668e-01 6.838053301541016094e-01 7.022776098723517713e-01 6.736387488379355082e-01 6.850177222285854794e-01 7.078303218711095024e-01 7.086060906431389528e-01 7.158000941688970054e-01 6.941186598421602572e-01 6.936373460970249871e-01 6.850384901681555450e-01 6.919981010409818056e-01 7.125775265856765239e-01 7.085114302039547951e-01 6.884129149820336080e-01 7.188699623158492091e-01 7.030909598921285530e-01 7.083000795413253448e-01 7.191254968063706121e-01 7.130665732860687056e-01 7.210722486327392211e-01 7.224559093619441486e-01 7.199865397559495062e-01 7.052439830025107881e-01 7.132064804612471276e-01 7.128291997372228073e-01 6.904178409194731136e-01 6.985072295705352374e-01 7.107867796473202882e-01 7.165691201289968726e-01 6.880546763725419179e-01 6.753456901500762832e-01 6.718388200838185664e-01 7.038213748473147735e-01 6.925907537298879868e-01 6.837453145867592452e-01 6.792067212824427491e-01 6.852526699141523459e-01 6.874439215272584169e-01 6.946527897762774240e-01 7.004019331597708398e-01 7.051656847801739403e-01 7.015103344275526176e-01 7.127387291952573811e-01 7.015566688433096942e-01 7.001353383257923335e-01 7.245562994563136128e-01 7.177209334229898152e-01 7.235704323100881075e-01 7.032852701679604968e-01 7.124752329722884303e-01 7.088243456223111139e-01 7.098668827152015970e-01 7.179816601091871808e-01 7.170338377022754672e-01 7.254753808554259553e-01 7.293349278334728680e-01 7.271160060004765446e-01 7.188479448113005432e-01 7.251702076602192237e-01 7.338516132916799162e-01 7.156569866682725989e-01 7.288412046725339932e-01 7.211836164023075479e-01 7.270940079079273310e-01 7.242124052895787534e-01 7.190170368002152257e-01 7.238210215927838309e-01 7.211493551676415592e-01 7.267697343876833305e-01 7.223244084403414034e-01 7.232748637061927610e-01 7.292365667684865826e-01 7.108553208305550264e-01 7.154639288029809308e-01
9.518451812800733658e-02 1.835734610650745224e-01 2.543703772143685593e-01 4.266673189744143446e-01 3.982412034465596107e-01 4.290602098273184062e-01 6.548856144709771510e-01 5.972076964510930619e-01 1.000000000000000000e+00 7.238927971023354502e-01 7.059994190005081105e-01 7.556340839890925976e-01 7.019745324281279064e-01 5.915916488546181240e-01 7.923532015580746490e-01 7.728026751802549166e-01 7.619967734266143156e-01 6.746495358800385089e-01 7.543163528126586304e-01 5.712923605921140791e-01 6.464493494108818350e-01 7.801485456305311539e-01 7.490706722481078605e-01 7.073406903050311056e-01 7.401197495387396019e-01 8.087165625314886030e-01 7.986779152827070405e-01 7.866975875411217345e-01 7.706419023593665818e-01 7.985553143584864788e-01 8.282992720684324572e-01 8.096251375454180943e-01 7.644412003564091673e-01 8.077401791183980162e-01 7.939370171782259566e-01 8.045618195767977321e-01 8.235250342960096503e-01 7.923316568615061950e-01 8.152643373943754268e-01 7.804581959955374515e-01 8.316870377651832680e-01 8.191155549771377276e-01 7.948200348301666107e-01 8.288510793919632302e-01 8.274648583564360171e-01 8.254852474024253484e-01 8.294920757702268777e-01 8.343882523742303103e-01 8.241449517217700471e-01 7.921682505739037206e-01 8.002851935645119985e-01 7.890880553194312697e-01 8.093924079162321261e-01 8.394949979243911953e-01 8.335094822208067855e-01 8.310859400183815415e-01 8.271967038639658210e-01 8.296283081796302916e-01 8.264253487710221391e-01 8.412744120250461588e-01 8.234935445909679075e-01 8.400586464723500679e-01 8.103998192505751375e-01 8.248152069968484046e-01 8.362085353344238525e-01 8.401685693622666928e-01 8.387912899255611787e-01 8.406058100209721218e-01 8.424465182298800370e-01 8.210339125341619138e-01 8.320858582779782076e-01 8.444438065225658985e-01 8.345724142668270451e-01 8.356143388035631725e-01 8.415657174065235280e-01 8.443853035163790821e-01 8.375837011102454932e-01 8.370139034261124822e-01 8.396125032851821102e-01 8.429657501851698376e-01 8.429469703818204263e-01 8.432922706596505114e-01 8.416174160595899512e-01 8.369437689423960824e-01 8.148314782166942161e-01 8.321293175037279832e-01 8.365163514097886388e-01 8.310949408944910966e-01 8.330160980261613890e-01 8.366245793550389775e-01 8.249286015127063054e-01 8.377382356750359138e-01 8.374296894388312262e-01 8.368874900546477980e-01 8.318437047017069874e-01 8.347269350886916683e-01 8.119035736515872737e-01 8.144595437379367198e-01 8.281250684462077016e-01 8.251928464867129831e-01 8.284160904807332804e-01 8.259364403014681777e-01 8.271416040662923352e-01 8.337205879870696057e-01 8.299300141832669508e-01 8.276614711834899829e-01 8.317233303948505796e-01 8.369164820232269930e-01 8.373124103352241887e-01 8.362834370362425274e-01 8.329761418002842310e-01 8.391847660848907875e-01 8.358065984192055708e-01 8.333974265696435513e-01 8.425757813138404773e-01 8.412297154233194796e-01
5.366378217638973630e-02 1.786468812297252462e-01 2.348349606049887350e-01 3.919138745571586480e-01 3.847571602246115940e-01 4.164164199397622501e-01 6.360210894297478879e-01 5.877460329498052083e-01 7.238927971023354502e-01 1.000000000000000000e+00 6.734536943678818277e-01 7.231036018133271126e-01 6.714936095166222918e-01 5.611085910646943509e-01 7.573452739803520073e-01 7.538285563112542276e-01 7.083919777634004600e-01 6.032736995206983144e-01 6.833080946577413384e-01 5.231286437042604875e-01 6.126414363713769129e-01 7.120715843473569562e-01 6.854847793980823889e-01 6.391635595415826598e-01 6.662968183390055588e-01 7.437107244548508689e-01 7.390418532013965924e-01 7.184458973627904088e-01 7.170683457872137900e-01 7.408286403829865696e-01 7.869341188378231600e-01 7.693360002256892649e-01 7.106515802816252281e-01 7.592238544433705938e-01 7.463455832690371050e-01 7.520558847458166385e-01 7.800131806267645018e-01 7.574160114349367534e-01 7.750335873014074783e-01 7.347829895464814687e-01 7.820650215695612584e-01 7.749225785976674441e-01 7.569097314710525604e-01 7.836122566300149916e-01 7.861784598026071436e-01 7.862684530721020248e-01 7.988736463873906679e-01 8.048839814114453484e-01 7.889523840561581958e-01 7.482621957162451931e-01 7.610044381046123796e-01 7.350113654066445790e-01 7.666328418609992257e-01 7.995358530890389614e-01 7.939336609323659477e-01 7.926720968735342376e-01 7.844627719611135808e-01 7.919111709077402139e-01 7.948294868073010333e-01 8.038888144558250515e-01 7.762490367610185293e-01 8.020790390160964511e-01 7.726605376021778993e-01 7.803214777493676646e-01 7.880886900612641410e-01 7.961400116488649426e-01 8.058105176186629581e-01 7.965518356068155281e-01 8.000254339013043170e-01 7.810692311628466555e-01 7.906756493363410465e-01 7.981975269224080849e-01 7.890959030524228313e-01 7.874219138802148743e-01 8.003524697750619143e-01 8.002074003597547946e-01 7.942614383954053059e-01 7.974163408998720115e-01 7.996916677758495462e-01 8.026287830923577449e-01 8.028859296187372818e-01 8.057248350203745080e-01 7.981644562917392660e-01 7.976898476372972224e-01 7.845704115903875397e-01 7.942190371121764514e-01 7.995317382066934320e-01 7.992790913526560681e-01 7.997229270773301701e-01 7.991181530719456694e-01 7.918306305645096410e-01 8.006010517593026288e-01 8.012314540300020660e-01 8.010303646832692692e-01 8.017120589686714816e-01 8.046368627382811667e-01 7.805214199087598947e-01 7.751272500879871075e-01 7.939143316714599719e-01 7.928681030971361787e-01 7.929871289052815575e-01 7.897579872931651535e-01 7.901045619504916129e-01 7.998971598056695553e-01 7.876500180373643412e-01 7.917036398433116018e-01 7.995474212105768697e-01 8.043863219329412395e-01 8.010917555804021317e-01 8.033379194897469766e-01 8.041808414502893410e-01 8.065096570641104856e-01 8.044082993366531431e-01 7.977502894278736267e-01 7.995792277567046469e-01 7.996740904779797710e-01
3.295861999709835677e-02 1.503238911268827693e-01 2.668655056217973942e-01 4.396732352133239097e-01 3.742398069825025320e-01 4.128359594904046914e-01 6.313315325952165713e-01 5.782775727697737622e-01 7.059994190005081105e-01 6.734536943678818277e-01 1.000000000000000000e+00 7.824438330476171100e-01 6.917080213493944640e-01 5.722621253377792039e-01 7.788870401978460478e-01 7.578929402573363339e-01 7.253680688070581750e-01 6.618891837643214870e-01 7.399934955635226741e-01 5.788913924975818137e-01 6.456875676228960304e-01 7.763910099411130972e-01 7.258263868626799731e-01 6.929595664084134965e-01 7.275624385823624696e-01 7.786492173543801965e-01 7.729702664775689458e-01 7.710224249676019825e-01 7.367411484241866981e-01 7.779177151442520088e-01 8.150896959102398309e-01 7.964932628417795701e-01 7.625923534285459215e-01 7.923860715586361625e-01 7.826359770915700675e-01 7.862807817283424816e-01 8.105357537962289971e-01 7.940756212584957341e-01 8.101600783608121636e-01 7.795758369415400901e-01 8.122032862676721310e-01 8.148692635507838178e-01 7.924423546822034758e-01 8.176693729191860660e-01 8.160708809816348275e-01 8.156849468188138719e-01 8.165125390531543514e-01 8.137886161755983894e-01 8.096281175655234419e-01 7.931006057314704538e-01 8.025029170386218658e-01 7.910192387925583102e-01 8.072203081349502707e-01 8.105329954514415292e-01 8.089791522549032443e-01 8.130418466349254025e-01 8.025998074454471221e-01 8.090880255581762714e-01 8.066735942566287676e-01 8.113495827762801094e-01 8.098533399844453085e-01 8.092364051887156462e-01 7.998610812218911459e-01 8.057690544157302126e-01 8.126170865767705642e-01 8.131072412600809374e-01 8.214446087731186452e-01 8.247953895174617855e-01 8.252792824078308831e-01 8.105283906178163411e-01 8.200998399877725831e-01 8.286254897270589614e-01 8.201130528461376690e-01 8.231137310662474116e-01 8.277806070558558771e-01 8.245470409579545024e-01 8.251938681985926394e-01 8.202233137015589870e-01 8.213260719398701726e-01 8.250335492309117669e-01 8.255053309120456984e-01 8.239836738550521122e-01 8.227795914216117223e-01 8.232564987919993582e-01 8.118119099330634025e-01 8.223387604797101069e-01 8.225974033653385975e-01 8.217972184269838332e-01 8.211348582118261907e-01 8.115109613120843335e-01 8.261232458565572756e-01 8.248464891648001895e-01 8.242304265870644686e-01 8.259818216965781890e-01 8.164357389735292791e-01 8.185576571019876901e-01 8.092094492592833976e-01 8.038356818242057278e-01 8.159834366035371156e-01 8.203946495552600915e-01 8.190800358443738327e-01 8.159292720318592762e-01 8.182370491243489141e-01 8.228275720831847995e-01 8.196796750828868605e-01 8.071780552270212405e-01 8.185151171379341228e-01 8.163424334645923430e-01 8.168166879148011095e-01 8.181755627006026543e-01 8.104247039570223743e-01 8.157878266005545997e-01 8.147368077942727105e-01 8.160244182702973692e-01 8.223660601960718353e-01 8.186854446167898258e-01
2.616283224561991375e-02 1.185988007799340521e-01 2.677427002114391441e-01 4.955780301310460101e-01 4.097673617671146462e-01 4.753406589990691877e-01 7.254393534588464698e-01 6.704485878321684300e-01 7.556340839890925976e-01 7.231036018133271126e-01 7.824438330476171100e-01 1.000000000000000000e+00 7.452442101761697080e-01 6.383682174602619552e-01 8.600968238457994408e-01 8.486221245885097186e-01 7.891761379469992566e-01 6.827048082265980700e-01 7.725013634311898025e-01 6.376815914578988220e-01 7.694891762054607565e-01 8.303714117490644808e-01 7.430329491183146340e-01 7.186292896579264955e-01 7.506022380018202433e-01 8.355518667903278907e-01 8.180305928482638489e-01 8.103695454191931491e-01 7.498137752137954415e-01 8.077151243993649921e-01 8.556424510697815400e-01 8.563359314345090345e-01 8.241066278106172760e-01 8.536626034095985416e-01 8.458405144123490871e-01 8.598998150956197462e-01 8.735787805462617017e-01 8.727663565861328854e-01 8.817362244601463228e-01 8.605955525868181910e-01 8.762824231410544229e-01 8.869186303881735345e-01 8.761508350721441962e-01 8.966135804539386855e-01 8.818513324282951649e-01 8.864679044706655908e-01 8.925348204505402228e-01 8.924462091683381670e-01 8.963641614405768454e-01 8.770434493929963882e-01 8.894302542985402793e-01 8.741236754893398908e-01 8.822339059450283738e-01 8.876382565426435001e-01 8.910951515167210291e-01 8.823370324809025611e-01 8.934392216383832963e-01 8.861914429094466250e-01 8.931570011784440988e-01 8.898399480739591638e-01 8.929423568052111682e-01 8.951378846022173263e-01 8.941704842180311363e-01 8.935575987983492841e-01 8.836559116604164599e-01 8.932523357117770901e-01 8.972582596114927478e-01 8.919703063326642756e-01 8.958962391781075674e-01 8.985001952626902044e-01 9.022570685922093325e-01 8.907386328672035614e-01 8.855622069735481494e-01 8.844431723543422219e-01 9.009564358400413697e-01 8.927868823574311996e-01 8.938189214588515563e-01 8.742593271119747378e-01 8.836242029616798721e-01 8.852841585575019767e-01 8.935684502761415127e-01 8.879597476149568847e-01 8.991088407100632507e-01 8.995618425629097192e-01 8.919865073983679338e-01 8.950729160008754626e-01 8.937753779059928183e-01 9.022837197623874150e-01 8.973942808519256298e-01 8.917034855591544629e-01 9.060557742497482581e-01 9.029309377387763069e-01 8.992866879666117086e-01 8.981333230426737924e-01 8.949634321751891441e-01 8.965570914989881013e-01 8.961871318714992318e-01 8.885400397575627940e-01 8.939871988847848394e-01 9.024568998489873595e-01 9.026274019843397722e-01 8.971625717778257680e-01 8.968223376753723386e-01 9.013742163162890009e-01 8.990064128875884242e-01 8.855024108637651326e-01 8.985220870994120590e-01 8.948855480967431442e-01 8.964663057781576683e-01 8.976067391134848750e-01 8.910483960225896727e-01 8.937388786755678938e-01 8.927495085734845626e-01 8.965816232156457177e-01 8.952793169290312880e-01 8.920812525003086746e-01
1.629189253827431627e-02 1.181668825558266772e-01 2.062124253658556283e-01 4.125630541531067341e-01 4.019518887393254136e-01 4.457297417348864976e-01 6.553461834713688594e-01 6.138524010105222972e-01 7.019745324281279064e-01 6.714936095166222918e-01 6.917080213493944640e-01 7.452442101761697080e-01 1.000000000000000000e+00 6.187348079991265015e-01 7.952416671029166606e-01 7.821484090401793488e-01 7.114408314090909791e-01 5.965029272097570612e-01 6.825304889117062013e-01 5.702840963143126496e-01 6.558900257997184458e-01 7.327415560033991859e-01 6.840960342682372852e-01 6.265223112742882572e-01 6.696733095306121042e-01 7.612236208994042075e-01 7.373096643477579093e-01 7.202586355179997346e-01 6.927389987192038578e-01 7.323120098810644851e-01 7.866025489421566430e-01 7.692718600071628554e-01 7.258680028048895005e-01 7.656724659273390632e-01 7.564608463137422190e-01 7.777024992584430363e-01 8.028073576339890272e-01 7.787820190229037820e-01 7.974332581509179230e-01 7.600565845668507681e-01 8.034987192377790466e-01 8.080561110535919855e-01 7.873708078972355695e-01 8.130559254403258995e-01 8.070567576748690630e-01 8.023220418624892325e-01 8.292738629706094544e-01 8.300601320946104922e-01 8.230579706253954297e-01 7.847578142374765919e-01 7.981299100408605351e-01 7.828133348755454968e-01 8.066163827657710783e-01 8.278510137806497360e-01 8.163507958596892822e-01 8.082200275373736531e-01 8.130602052874977836e-01 8.184007753890120140e-01 8.188021939886808154e-01 8.344288480900404759e-01 8.189396853221813100e-01 8.239900926878426235e-01 8.110054032531134327e-01 8.194124032308698347e-01 8.116929011381127657e-01 8.226382754480056070e-01 8.303627338642698419e-01 8.198542588124161368e-01 8.209464905074618235e-01 8.187221345976076758e-01 8.239565046920126479e-01 8.191716009795418918e-01 8.087644196687446829e-01 8.059720918395620881e-01 8.275240111373155516e-01 8.185957827218329763e-01 8.131925488658583445e-01 8.084203137422041330e-01 8.157919229358145952e-01 8.218550581390905441e-01 8.241346630776765769e-01 8.261812783391577764e-01 8.225406394869431148e-01 8.178461926690676620e-01 8.124237866590102719e-01 8.184985029294574721e-01 8.250988103483559710e-01 8.281842931403471386e-01 8.302582110054482767e-01 8.259764115799321793e-01 8.177027694814550385e-01 8.294978362071223632e-01 8.291148519214662782e-01 8.301556281541523363e-01 8.339677409985395418e-01 8.336843710748470526e-01 8.160213968183931410e-01 8.154431093241181205e-01 8.278959637691158946e-01 8.247303996467901799e-01 8.284181976226335786e-01 8.278562648232312693e-01 8.277734237861964495e-01 8.358676016859591940e-01 8.282609288554320104e-01 8.217939685589369381e-01 8.305404431042817670e-01 8.334943216710760661e-01 8.327933474585124118e-01 8.324201060612504977e-01 8.270015618076440589e-01 8.358802821211772649e-01 8.308455441670882236e-01 8.330224553431395673e-01 8.307916736248694978e-01 8.325736725488543932e-01
