1.000000000000000000e+00 1.170191709517789669e-01 1.666378217684421625e-01 8.830633209628242775e-03 -5.435527791056712433e-04 2.564087767285513214e-02 -4.122231757386333626e-04 6.353712008218662111e-02 1.761485290454427866e-01 1.103624054580018971e-01 7.534300711965993824e-02 -2.294745111900139967e-02 3.870615054577420527e-02 3.820573950275207159e-02 1.150265117305798897e-02 3.612462949724547928e-02 1.304344106074744880e-01 2.666748013177156484e-01 1.969197656169103250e-01 2.258712059568511454e-01 1.210525941452871984e-01 1.687345874776222943e-01 1.784711472365730356e-01 1.914485311444485693e-01 1.763960581431996688e-01 1.720844870763951484e-01 1.466100295677224274e-01 1.634366786597130916e-01 2.056851620226727573e-01 1.949214860341500211e-01 1.655245081822347419e-01 1.477600818570881658e-01 1.555241952705441189e-01 1.571099497341046924e-01 1.443770043093274558e-01 1.578477838462223337e-01 1.593318918004154039e-01 1.186096317361605701e-01 9.921988127908851207e-02 1.047755261701437263e-01 7.035289813104306234e-02 6.567676233800449903e-02 9.033301431248529079e-02 6.317044199826173101e-02 1.069832563678348170e-01 8.146964146602760082e-02 2.127033956425943007e-02 4.972170591189343375e-02 4.980185815157602003e-02 7.631082305959503709e-02 5.804278439493152503e-02 6.363109142014666819e-02 2.881980815486642755e-02 8.562294937499834169e-02 9.712622381300545227e-02 1.266320581446842286e-01 9.496890997782531096e-02 4.279165184716477582e-02 6.226598422962019430e-02 3.906380592121943413e-02 3.063298985811237912e-02 4.153992678286747009e-02 6.117125339406723206e-02 6.095958411340965388e-02 7.558614223645782060e-02 7.541335608407896685e-02 5.034344031277725867e-02 9.430283298374696199e-02 9.404857680713810120e-02 8.990600473873498755e-02 6.646115281662286212e-02 7.593413209005192566e-02 8.996934122683057644e-02 8.787252296623029868e-02 6.696489228351057421e-02 5.501174709766847026e-02 7.659638598004997467e-02 9.752287737094213205e-02 7.491633185357841895e-02 9.004891956231586558e-02 8.389786840310275995e-02 7.233325607706735105e-02 8.046880070362823212e-02 7.704717161608176657e-02 6.757619443101393897e-02 7.218721701382382894e-02 7.519342869811294905e-02 4.811525070470345361e-02 4.710287831411510279e-02 7.783866267645525583e-02 5.439176706456270993e-02 3.493099300890736142e-02 4.235671762457301343e-02 3.665191355077081908e-02 1.578117676357311885e-02 2.469227267737729090e-02 2.959227179207171363e-02 6.434887527124474871e-02 2.750480909503767724e-02 4.271206888754736780e-02 4.280587652389996473e-02 4.281050529627012519e-02 1.521258962706993796e-02 1.868390399599839657e-02 5.632758791366065249e-02 6.936240924538611408e-02 3.729535946114493489e-02 4.467930079452128028e-02 5.693513470058166048e-02 2.168588654616167635e-02 4.649700375032036342e-02 2.764617165769886128e-02 3.036599436684729938e-02 3.825713532546472229e-02 5.124389918188101967e-02 5.224560339840191719e-02
1.170191709517789669e-01 1.000000000000000000e+00 6.739759608870291019e-02 2.194045561333247268e-02 7.874619811517644119e-02 9.135912242619800838e-02 1.095123678240743081e-01 1.161568534810222542e-01 1.524306099939654879e-01 1.689400072191050151e-01 1.316677122621411344e-01 1.054550665424837941e-01 1.260452935348098380e-01 1.395343752609728150e-01 1.408046840886567341e-01 1.343517441918061772e-01 1.333946791404135579e-01 1.216009426524814474e-01 9.551127635365946889e-02 1.259659976031261841e-01 8.532978179708670952e-02 1.047173264892359151e-01 1.444991354918758464e-01 1.270775066318412527e-01 1.226572389771969362e-01 1.457622638678102156e-01 1.490253034497056595e-01 1.667512001916248432e-01 1.740536732717387902e-01 1.746317589772883871e-01 1.731450945772924355e-01 1.573465707552870463e-01 1.580787798612549588e-01 1.528891891480524401e-01 1.615177075505114246e-01 1.555995851474671343e-01 1.682074753968189340e-01 1.746393883827105920e-01 1.689859495461548400e-01 1.647205925730508280e-01 1.469691085893094218e-01 1.600456920218901180e-01 1.571877472440366130e-01 1.469379590919859258e-01 1.598908222373819910e-01 1.597114345090263621e-01 1.548489426224942400e-01 1.587395631330487944e-01 1.467211203824158872e-01 1.289404359842735714e-01 1.489204333109845069e-01 1.093396794840306302e-01 1.384788622632741328e-01 1.711142311108916902e-01 1.677437821172308996e-01 1.758567338242868205e-01 1.575939489455531750e-01 1.623802746756513316e-01 1.640418799022543006e-01 1.620726008806846474e-01 1.516900345127550620e-01 1.682425917193778875e-01 1.611939057952500032e-01 1.545527089186071457e-01 1.469004622155492545e-01 1.587870933461220380e-01 1.559730521471150433e-01 1.495353783798419600e-01 1.637710566919605981e-01 1.498973136433986997e-01 1.339252643177963054e-01 1.437704044930616931e-01 1.510857578673630297e-01 1.503705993172900213e-01 1.564911436536398914e-01 1.556451088940991601e-01 1.666952226534645365e-01 1.779839769730627574e-01 1.635160531657789407e-01 1.725506079586125452e-01 1.708475267752483651e-01 1.684878696603801795e-01 1.647574507950563816e-01 1.626203141257113183e-01 1.521222734526413989e-01 1.578751351333275155e-01 1.665758913106581141e-01 1.662100949435255659e-01 1.636927465327913667e-01 1.736713724966329198e-01 1.572269871034982502e-01 1.562236992588196538e-01 1.564452363653285882e-01 1.578339492677248435e-01 1.551900367678144266e-01 1.576571987620937199e-01 1.363114283596069121e-01 1.458779349451743701e-01 1.507868315105056201e-01 1.478248872222149846e-01 1.540997556445319328e-01 1.561711226534627517e-01 1.461847784505928005e-01 1.466689624253124935e-01 1.474607629654297591e-01 1.621792433639812070e-01 1.535733442555088646e-01 1.618895656508071434e-01 1.623944441097687208e-01 1.531090092263674152e-01 1.633311715118582474e-01 1.560958244107087389e-01 1.633014344973075793e-01 1.560370405690063023e-01 1.512888846164181511e-01 1.596804825006702677e-01
1.666378217684421625e-01 6.739759608870291019e-02 1.000000000000000000e+00 3.162986537454169911e-01 1.806596829719968600e-01 2.644754302695330739e-01 3.082002623023000765e-01 2.979566938409314858e-01 3.940516354240992669e-01 3.413628569749272978e-01 3.725341998449608338e-01 3.367130039226947646e-01 3.137003719863457607e-01 3.468491650875580312e-01 3.352497794316653956e-01 3.379870630748956772e-01 3.783727609322118379e-01 3.884822498741565266e-01 4.293448967794324944e-01 3.081422744605160080e-01 3.663772638741191190e-01 4.389170057470849207e-01 3.907269372379201799e-01 3.916106671340959244e-01 4.122898647188639187e-01 4.358164555261965778e-01 4.187985309810227652e-01 4.254278478619946124e-01 4.163772612177092936e-01 4.083832226067771187e-01 4.204501552170410994e-01 4.030497172708963904e-01 4.113616752102072782e-01 4.044392380744171733e-01 3.846834432603785658e-01 4.289632708410253126e-01 4.130019162812870182e-01 3.831862546041998607e-01 3.921209134899452109e-01 4.084466471372410479e-01 3.921989924115111270e-01 3.798738103884594097e-01 3.982955713680303433e-01 3.825361825235737423e-01 4.132610832287462177e-01 3.849022352875784425e-01 3.498041605838089763e-01 3.661714073380232248e-01 3.562854230545991485e-01 3.804898164510489567e-01 3.684817276983629042e-01 3.735318609906799203e-01 3.623219388487677883e-01 3.809522246318353678e-01 3.881867213915053405e-01 3.982812304793069136e-01 3.857725407296798137e-01 3.613650857017366991e-01 3.677342496415708095e-01 3.540998258533477050e-01 3.588059249984701937e-01 3.584370493604359664e-01 3.664320066670829767e-01 3.697929439187345735e-01 3.879611075488473282e-01 3.831452442332085595e-01 3.640427231473844505e-01 3.940247796898135313e-01 3.863829131443281550e-01 3.770810565568688544e-01 4.055713842719662066e-01 4.035961955091071363e-01 3.864952711160694054e-01 3.972354028953534177e-01 3.928824978986107386e-01 3.791599676160007926e-01 3.879422177677805395e-01 3.947114523484106519e-01 3.900899251573971549e-01 3.830871268547429431e-01 3.882170133931308054e-01 3.925822297692143636e-01 3.846567036706879938e-01 3.799120369514084605e-01 3.753543356634404526e-01 3.789642153683854819e-01 3.869394193682957339e-01 3.655165284608720699e-01 3.648299579392829672e-01 3.857152580312683821e-01 3.879931455473201729e-01 3.688280127494903970e-01 3.730838969363937663e-01 3.677097922342104641e-01 3.476320398245620336e-01 3.544353658968629195e-01 3.643556166419235631e-01 3.697569990351617930e-01 3.552645667615161873e-01 3.642640875016680546e-01 3.749800190839067127e-01 3.616619683336945723e-01 3.573463866881423368e-01 3.539679817818451868e-01 3.773865979945346116e-01 3.784344380807657671e-01 3.532717034646517540e-01 3.677951439433292391e-01 3.763318121608157929e-01 3.573841042577119986e-01 3.695865517025530012e-01 3.547585046713335188e-01 3.550855529353905693e-01 3.609087985307589119e-01 3.737717898751278245e-01 3.704626520567094738e-01
8.830633209628242775e-03 2.194045561333247268e-02 3.162986537454169911e-01 1.000000000000000000e+00 3.691585360699884966e-01 4.189473110941132061e-01 5.754937541947374724e-01 5.280106580486846335e-01 5.047301826718536555e-01 4.759992514345902093e-01 5.324711523460069484e-01 6.707946893460997595e-01 5.486514754049159892e-01 5.415021543255442715e-01 5.852906166218071471e-01 5.933145823430459043e-01 4.949394005172801925e-01 2.690209626362310424e-01 3.854363298335846122e-01 3.236317501379911143e-01 4.391812218677260682e-01 4.390716546022368494e-01 3.524845570796685257e-01 3.368819223871507007e-01 3.799627846924701902e-01 5.148565436973335796e-01 5.444977430173887356e-01 5.124015707300896283e-01 4.232634870230340685e-01 3.992759410362146655e-01 4.797579629764317510e-01 4.866397453370201465e-01 4.642972092591965416e-01 4.665253314396409223e-01 4.421736319771651380e-01 4.843749371284502558e-01 4.399139651622855918e-01 5.241115702358402073e-01 5.352696583460909707e-01 5.486126050168007584e-01 5.862383129960815342e-01 5.691408214662562193e-01 5.473679650120509832e-01 6.045639275504383070e-01 5.523494445408766440e-01 5.538360781757507567e-01 5.738781803049063379e-01 5.702865710434521507e-01 5.796308319828340494e-01 5.728180101868067808e-01 5.768039042992475496e-01 6.119542598695471014e-01 6.027569636616275650e-01 5.500016336265572958e-01 5.279587397224692058e-01 4.938515685690050283e-01 5.690753117639190117e-01 5.709685901398977581e-01 5.653402820162304332e-01 5.833747686880527139e-01 5.848177018654723280e-01 5.723968512654626917e-01 5.762251126700838055e-01 5.850989002451387755e-01 5.646065552054873038e-01 5.860219277789652237e-01 5.654544208722926957e-01 5.314895824669325641e-01 5.285338131894143920e-01 5.706796823428502696e-01 5.759537732390869191e-01 5.565991703093597920e-01 5.229679864938415745e-01 5.195498872941344271e-01 5.761136019233228378e-01 5.792225291446106983e-01 5.671107408497790825e-01 5.358710657229330820e-01 5.624700895263684552e-01 5.200583554674924613e-01 5.346480677125183822e-01 5.599131919680916392e-01 5.435666429013771284e-01 5.315954132915993169e-01 5.644295247745821920e-01 5.434782699261991867e-01 5.377353240738588225e-01 5.673512918175941389e-01 5.634873061559370067e-01 5.373912150958202183e-01 5.805116095247679908e-01 5.837352268591791127e-01 5.778114436128091169e-01 5.845002651398724103e-01 5.751638112183370399e-01 5.760904050797678311e-01 5.906740158470427104e-01 5.836645595143961085e-01 5.758147680128813395e-01 5.758312992143447273e-01 5.750333580799849020e-01 5.790735721961481897e-01 6.041788600411172050e-01 5.968704033414546917e-01 5.850801614505711790e-01 5.714119557388096515e-01 5.749501244624570795e-01 5.668098553447873389e-01 5.558105569943985191e-01 5.830854233681562748e-01 5.643554566949290363e-01 5.861026554655842657e-01 5.724223960950657331e-01 5.830446179160546638e-01 5.731345761212452983e-01 5.792142665106909671e-01
-5.435527791056712433e-04 7.874619811517644119e-02 1.806596829719968600e-01 3.691585360699884966e-01 1.000000000000000000e+00 3.109940350733251813e-01 4.663028838913773066e-01 4.831842330393831264e-01 4.149287439771185970e-01 3.989199273685756775e-01 4.047667664280367172e-01 4.899627643495667040e-01 4.800659294847360314e-01 4.266397536927534762e-01 5.007088600408485801e-01 5.110190266252097047e-01 4.296775371449810255e-01 2.596623567860653070e-01 2.956304278725755408e-01 2.924575811728357677e-01 2.955542652284343097e-01 3.013576733403215413e-01 3.563092895278065497e-01 3.217829405855686109e-01 2.971560523228181649e-01 4.109100784874715750e-01 4.289351240148341349e-01 4.263995876637934335e-01 3.398110516052249008e-01 3.120299492606375402e-01 3.684197706471845080e-01 4.288787569359602259e-01 3.720532673258281076e-01 4.080933906991993099e-01 3.688197145711444302e-01 4.042252372938847649e-01 3.665582643083580838e-01 4.579149356648647973e-01 4.548367985359993981e-01 4.509539256019801101e-01 4.749485848094643914e-01 4.813239842325507944e-01 4.375523004124243776e-01 4.962118306947858604e-01 4.467637280131487865e-01 4.705685319614296147e-01 4.889998540383153069e-01 4.845256870559325746e-01 4.817649493891766332e-01 4.641049036038815689e-01 4.764235702180582011e-01 4.943890468626584433e-01 4.944551998545850258e-01 4.746352118681120280e-01 4.681558580235994915e-01 4.553257337838405583e-01 4.610611636619597054e-01 4.830368739796009336e-01 4.809013946420898078e-01 4.923248676253002554e-01 4.925404922788512163e-01 4.866750540105352352e-01 4.816799236197508161e-01 4.874736752389000616e-01 4.714773110180785487e-01 4.878333125653244728e-01 4.905663000716878330e-01 4.626994660870836218e-01 4.751149943470929227e-01 4.759536721461014586e-01 4.552462098716450467e-01 4.562592082432321838e-01 4.659330742152862914e-01 4.496329788873349442e-01 4.820993270517719975e-01 4.779414635735759753e-01 4.673571948944837962e-01 4.473358092136520692e-01 4.576173120112860260e-01 4.424051506845439463e-01 4.519204460215889840e-01 4.592285379762294228e-01 4.703243583409275064e-01 4.491409273942016389e-01 4.707916887039629850e-01 4.756495087812050993e-01 4.640045276875449098e-01 4.799880482295565964e-01 4.845786545805602641e-01 4.646645448339356554e-01 4.749831576140898792e-01 4.897109867038797471e-01 4.835354673720709262e-01 4.862584027636586703e-01 4.897950968653767556e-01 4.874581122754961804e-01 4.656651274983201749e-01 4.767616505407123451e-01 4.901574017697787888e-01 4.809803951779235698e-01 4.793438338342781435e-01 4.884539080287009227e-01 4.983895658115409244e-01 4.997830374887314298e-01 4.882885533070253081e-01 4.678751104949995798e-01 4.839712290262027095e-01 4.835876542917926790e-01 4.759567002639398803e-01 4.896783850617271727e-01 4.762668510169964509e-01 4.941288995916126026e-01 4.854370559670344032e-01 4.913386533151858360e-01 4.857248724412909224e-01 4.885995120920744172e-01
2.564087767285513214e-02 9.135912242619800838e-02 2.644754302695330739e-01 4.189473110941132061e-01 3.109940350733251813e-01 1.000000000000000000e+00 5.276037403907015699e-01 4.369941726481604283e-01 5.194581407399365691e-01 4.663824982871737634e-01 5.392966190523091896e-01 5.714665194394429326e-01 5.151317411836310312e-01 5.117696899279724487e-01 5.708550891147652351e-01 5.517664835048587957e-01 5.213393536667590977e-01 3.607932840452374168e-01 4.427823571154273496e-01 3.743898802274937543e-01 4.697013870077926256e-01 4.855962314438795335e-01 4.115448819646767009e-01 4.089558573866124980e-01 4.570287080805829349e-01 5.597369313625011333e-01 5.451486078647814759e-01 5.441691019126848605e-01 4.854679815474097770e-01 4.726789110223936774e-01 5.304015300300247704e-01 4.999266456446575524e-01 4.869262988550563387e-01 5.010952633081282581e-01 4.795622060765121764e-01 5.400561231845422139e-01 4.986764379526058000e-01 5.418969362313366123e-01 5.690958323328781931e-01 5.557815527981957437e-01 5.820864221849378906e-01 5.727387196075161002e-01 5.604099443057610763e-01 5.871552238833581683e-01 5.707203106536375969e-01 5.719699567235919657e-01 5.656844005422293487e-01 5.705256985334450359e-01 5.620567214697064218e-01 5.474581915207397120e-01 5.635798646810893375e-01 5.700395435683447420e-01 5.675441482844422181e-01 5.686411357080921603e-01 5.509165178573643962e-01 5.346515907859392680e-01 5.717006410698709518e-01 5.740428593088940934e-01 5.661850814291103928e-01 5.752956453983267826e-01 5.777085645267101555e-01 5.720856103868752207e-01 5.712011334965730880e-01 5.843134335130122370e-01 5.735827313073049716e-01 5.785338166869049559e-01 5.650056040842527105e-01 5.555335057360873963e-01 5.393408654943419034e-01 5.790018261959903878e-01 5.862918225277496953e-01 5.705535342851936198e-01 5.500351515055386109e-01 5.539819520839746048e-01 5.867537463663849984e-01 5.796139432617072318e-01 5.786849398945502765e-01 5.644428310446164554e-01 5.784144676115446915e-01 5.497008527767848207e-01 5.561681654614230030e-01 5.741399327928854435e-01 5.611215922048931048e-01 5.445023546749713228e-01 5.555894860175473182e-01 5.592174497460475902e-01 5.610008216741029230e-01 5.715614245457898424e-01 5.710473760478005367e-01 5.603244087151528774e-01 5.808879552437478111e-01 5.754153272324658008e-01 5.768500341993819669e-01 5.825903852028183616e-01 5.696708665643146485e-01 5.722036333346597337e-01 5.646914693642426375e-01 5.658580118534418668e-01 5.647664686484430430e-01 5.645823155953780814e-01 5.718797895582635737e-01 5.701597852225565033e-01 5.778793545235637596e-01 5.801865129378702690e-01 5.793293856041354939e-01 5.723695386806809671e-01 5.671220838874925230e-01 5.754697702158635408e-01 5.702067073087531135e-01 5.748358213688249396e-01 5.697466536140043392e-01 5.785351709704413814e-01 5.687499665112326630e-01 5.745801220273930587e-01 5.775694802606804457e-01 5.740841281599990964e-01
-4.122231757386333626e-04 1.095123678240743081e-01 3.082002623023000765e-01 5.754937541947374724e-01 4.663028838913773066e-01 5.276037403907015699e-01 1.000000000000000000e+00 7.130968065264828848e-01 7.024951424824543711e-01 6.441200217428943997e-01 7.077019879216619458e-01 7.856075216546672957e-01 7.281660812066613753e-01 7.018238442775520669e-01 8.325025837480557467e-01 8.039077862915187112e-01 7.064656340665564915e-01 4.232453333143223473e-01 5.062450048244007128e-01 4.341189300579623156e-01 4.709461131769546172e-01 5.283451981258603380e-01 5.480723038122334856e-01 5.136966418694131065e-01 5.254705683465685784e-01 6.869785822171716738e-01 6.997634158856796960e-01 7.112516653822928969e-01 6.020118880780672699e-01 5.786587017507656139e-01 6.657853734597114492e-01 6.995139621584677281e-01 6.496347150477602694e-01 6.749718227064887000e-01 6.413297020632683365e-01 6.680141470898881551e-01 6.416454230566329686e-01 7.725548196603339024e-01 7.697067875122690639e-01 7.546909430842941857e-01 7.857438292637706212e-01 7.934900028761706636e-01 7.541040606760129883e-01 8.027920926570694116e-01 7.513736059998339378e-01 7.830609493284496070e-01 7.950086142405480283e-01 7.903458384203709830e-01 7.951210501362867555e-01 7.668449618416296465e-01 7.907264028536873379e-01 7.626206200251470779e-01 7.906706463740911239e-01 7.679914838878827421e-01 7.517570189430717864e-01 7.232490271200117116e-01 7.589849936370062222e-01 7.905523957431275228e-01 7.876892251285012581e-01 7.930866141640237066e-01 7.922114639768423894e-01 7.893287502482160267e-01 7.832934474222288390e-01 7.971407561037694434e-01 7.656726659936853308e-01 7.771420561761868129e-01 7.899175073003815717e-01 7.456505776102100302e-01 7.493538312394478762e-01 7.562809238547891777e-01 7.344750289495768358e-01 7.512827744728736157e-01 7.428803295317487621e-01 7.255923013263748667e-01 7.847990936991749988e-01 7.863364534086977331e-01 7.804637769165552186e-01 7.512703592809556463e-01 7.706956419531305613e-01 7.361327008642131187e-01 7.466038658668481265e-01 7.702731193127095866e-01 7.656308485691696308e-01 7.481023483179252143e-01 7.790887893322122615e-01 7.670043548398932653e-01 7.581683708794928478e-01 8.000149888548000465e-01 7.910697841995296686e-01 7.648456661618836527e-01 7.922186366513319644e-01 8.003702078043196666e-01 7.927812103976351610e-01 8.022673072828775398e-01 7.947604807910201297e-01 7.962901513944028453e-01 7.886159880084658846e-01 7.788008670364108266e-01 7.900172731340944221e-01 7.968383914815205804e-01 7.911076331292714592e-01 7.919884895354533105e-01 8.047542218463455965e-01 8.048640655369713182e-01 7.871770749680114809e-01 7.714450159741718105e-01 7.942125307422984726e-01 7.889743003479704475e-01 7.794832655839152302e-01 7.999643642234146590e-01 7.901136479835761950e-01 7.982449067912220642e-01 7.904836952971253661e-01 7.963908500043287431e-01 7.845973623964239696e-01 7.846662996624437225e-01
6.353712008218662111e-02 1.161568534810222542e-01 2.979566938409314858e-01 5.280106580486846335e-01 4.831842330393831264e-01 4.369941726481604283e-01 7.130968065264828848e-01 1.000000000000000000e+00 7.001089292407752795e-01 6.418867327206043694e-01 6.806461355457422702e-01 7.523041808251647034e-01 7.251171964375399126e-01 6.790538150380133198e-01 7.838287079431524029e-01 7.922029125708437425e-01 6.899765886014065375e-01 4.594890082397128372e-01 5.191513503489582071e-01 4.550212557199510011e-01 4.677117734383156034e-01 5.221873562823615700e-01 5.775063605160996039e-01 5.466223598257299310e-01 5.302231209728309747e-01 6.690175643576431463e-01 7.035079483308803727e-01 6.917435083018482755e-01 5.796925980047950011e-01 5.650152531806447165e-01 6.267594836621747101e-01 7.077100055017098157e-01 6.535302892323091584e-01 6.819509539202818216e-01 6.635821773166012960e-01 6.709314750883859091e-01 6.414622154727603887e-01 7.548100031579281222e-01 7.468872445830653239e-01 7.376775798034972409e-01 7.650842756580379378e-01 7.721831329233957986e-01 7.366372792614345189e-01 7.869260237454371865e-01 7.319143724759412661e-01 7.604139606637467796e-01 7.830685075477117341e-01 7.810475558504458293e-01 7.783807413947497755e-01 7.508104981033113523e-01 7.687151749654034250e-01 7.552922587647080688e-01 7.746353123298119758e-01 7.682782125366413029e-01 7.558586257930024477e-01 7.323579444479600964e-01 7.502594531448334436e-01 7.776014720126427360e-01 7.791087751144606388e-01 7.821679918110521212e-01 7.828218955840272608e-01 7.807550937618317199e-01 7.779737458568868336e-01 7.810563648810845416e-01 7.610253379658686868e-01 7.756214285587127444e-01 7.859694028333072957e-01 7.499194646129981878e-01 7.600733755028152849e-01 7.497689069017464680e-01 7.323209919324483730e-01 7.460062099851137996e-01 7.493890956010428317e-01 7.314417878373153936e-01 7.693028080940762514e-01 7.689967768373329182e-01 7.615693794491503743e-01 7.369373529662399669e-01 7.472715869735881977e-01 7.311085017199695502e-01 7.431130640806482557e-01 7.491311727400514764e-01 7.627897767832624298e-01 7.545081323775144622e-01 7.757300920004392975e-01 7.695624633857587327e-01 7.569375958852374575e-01 7.823475971792335226e-01 7.815172000802946828e-01 7.593944024659127212e-01 7.729236061213491382e-01 7.850011243129073613e-01 7.781748831755840312e-01 7.804830169694549902e-01 7.820857341695730547e-01 7.829762517115034237e-01 7.635917570537037458e-01 7.681837468779588729e-01 7.830153809088532535e-01 7.788940237724422122e-01 7.786305898741728848e-01 7.837827781132683524e-01 7.855252702249609920e-01 7.907338652271889146e-01 7.802574306697318551e-01 7.645876630256839279e-01 7.797896677312430302e-01 7.785125904926861740e-01 7.699838930161435613e-01 7.845303789018924778e-01 7.767575414943372891e-01 7.856641662106643720e-01 7.816785643404700057e-01 7.865544664575379041e-01 7.784983502604021499e-01 7.802602190078066213e-01
1.761485290454427866e-01 1.524306099939654879e-01 3.940516354240992669e-01 5.047301826718536555e-01 4.149287439771185970e-01 5.194581407399365691e-01 7.024951424824543711e-01 7.001089292407752795e-01 1.000000000000000000e+00 7.755064863762748395e-01 8.083121477700302426e-01 7.905969559402682423e-01 7.634835071998757883e-01 7.572338506165039451e-01 8.257661150030924935e-01 8.208120920047544677e-01 8.188220543730547751e-01 6.752909611126188816e-01 7.244400881565086214e-01 5.686009786004404543e-01 5.993141850187304609e-01 7.159079146449631725e-01 7.424209065552568321e-01 7.227467799611249077e-01 7.361395400650238008e-01 8.435281793356339541e-01 8.423819611452885159e-01 8.451450772234997411e-01 7.664196081393671589e-01 7.788770073711048791e-01 8.209988138236228306e-01 8.555175207201221044e-01 8.028697219601637070e-01 8.297122355384195513e-01 8.063052410002093939e-01 8.320170393392112285e-01 8.246966863380589263e-01 8.702568185000825185e-01 8.729966422216880462e-01 8.685137705599335067e-01 8.784226390186178346e-01 8.684838992410681691e-01 8.552922448168939207e-01 8.772062843715620062e-01 8.753085104624929169e-01 8.777966707869407914e-01 8.662681780083105743e-01 8.787268228104603285e-01 8.654194860623501961e-01 8.503325084191123429e-01 8.573077140587870293e-01 8.271372494328436131e-01 8.507587641139625623e-01 8.840578317424141463e-01 8.744984951085291724e-01 8.760546584587198815e-01 8.689892787269802854e-01 8.690808028087190218e-01 8.735946670237930700e-01 8.711503642660121116e-01 8.693200779802133793e-01 8.715539247255841282e-01 8.718854162329449098e-01 8.766908565520116214e-01 8.787847702337938660e-01 8.798237239384218977e-01 8.786162412367122254e-01 8.847744534270687300e-01 8.815472946400251253e-01 8.555713985919212172e-01 8.537633191395535004e-01 8.733765006560914035e-01 8.742388443460981096e-01 8.685812910341910165e-01 8.842826542628280384e-01 8.815979728522388426e-01 8.809423313513088383e-01 8.703688218657683606e-01 8.767323214852958957e-01 8.725115840207596785e-01 8.765688197713328300e-01 8.803354059078689620e-01 8.838116797368583688e-01 8.678460677221460084e-01 8.724266074991989806e-01 8.762465682168265602e-01 8.784731211299252607e-01 8.771136248246232947e-01 8.753798517305200200e-01 8.828923905633702107e-01 8.742234664526197241e-01 8.733771098690077395e-01 8.744342781807188381e-01 8.751297851284859375e-01 8.658052670519793548e-01 8.727266182147692675e-01 8.518152724872601889e-01 8.684822471276871791e-01 8.670858057039292355e-01 8.694441992529864383e-01 8.741065704395104552e-01 8.726436452483101736e-01 8.606133055852693836e-01 8.660233883731716098e-01 8.767387261932285680e-01 8.770364092549811641e-01 8.711752265603461831e-01 8.801958798931562855e-01 8.835393312837652724e-01 8.691188813721217876e-01 8.790717806664120060e-01 8.724398527062944275e-01 8.712178989451366817e-01 8.754734873039963228e-01 8.791699716998213621e-01 8.800187556782328446e-01
1.103624054580018971e-01 1.689400072191050151e-01 3.413628569749272978e-01 4.759992514345902093e-01 3.989199273685756775e-01 4.663824982871737634e-01 6.441200217428943997e-01 6.418867327206043694e-01 7.755064863762748395e-01 1.000000000000000000e+00 7.395980303320234261e-01 7.345429180159360749e-01 7.006068226075723437e-01 7.179378154301375714e-01 7.744467299700757978e-01 7.582273937391428298e-01 7.473689378153377527e-01 6.029482831306353097e-01 6.601130372947953129e-01 4.989642620691170927e-01 5.552365788122894941e-01 6.616552267895530193e-01 6.634379428502925613e-01 6.675830411482228666e-01 6.812234187287889986e-01 7.805058015255582626e-01 7.832509999349666074e-01 7.944628516105033400e-01 7.291267405717239969e-01 7.415628094925137415e-01 7.786945234160985718e-01 7.855761245899808287e-01 7.658142936866076944e-01 7.735214344809833165e-01 7.635221258052022897e-01 7.747891460747932113e-01 7.827966024708661319e-01 8.120069185954935653e-01 8.153232107844770038e-01 8.110727592011822695e-01 8.208313397780387932e-01 8.163130482954604750e-01 8.042439212671865789e-01 8.164102662385082088e-01 8.197613966449981415e-01 8.199342671450297049e-01 8.119023796861817299e-01 8.220528940988939270e-01 8.072982427932049454e-01 7.835294455706477423e-01 7.968700527650675047e-01 7.587172221287095120e-01 7.934231359155704544e-01 8.217982640685080886e-01 8.167084251135682260e-01 8.129555623576163459e-01 8.034924874407609607e-01 8.134545671688961921e-01 8.191144983818607894e-01 8.146484206597063293e-01 8.086080776328316011e-01 8.126757060982019443e-01 8.090558390882736095e-01 8.077629124696092955e-01 8.095571706583304383e-01 8.122454352740328121e-01 8.172928485501024243e-01 8.186852482256130603e-01 8.163116585349460275e-01 7.872304134603403947e-01 7.986178286271363724e-01 8.174425063114830747e-01 8.113161587624362348e-01 8.100034730479566125e-01 8.272893447647767795e-01 8.230376839422954838e-01 8.293188845024871414e-01 8.234219983805178833e-01 8.258169958774433939e-01 8.215224464303368945e-01 8.265431882550238196e-01 8.296701681843465792e-01 8.214850414479246687e-01 8.206189349221718610e-01 8.171051145899671520e-01 8.225357766453229580e-01 8.285617868320479529e-01 8.241283844881095444e-01 8.220794200199501578e-01 8.245267220694703081e-01 8.234055110790456933e-01 8.204798052174762102e-01 8.229708977452784291e-01 8.207831791352035999e-01 8.115293914875640890e-01 8.164757071254569176e-01 7.963119511461881350e-01 8.026102082897537127e-01 8.105645977824377235e-01 8.136394489798450813e-01 8.179883204187320400e-01 8.127024953232815374e-01 8.045775889283508508e-01 8.080142294261734026e-01 8.161131879607586015e-01 8.149031180674207731e-01 8.125761582697441643e-01 8.230791807535032811e-01 8.244569321431000075e-01 8.151625853665797061e-01 8.249010005273175183e-01 8.131108953982787435e-01 8.153035963943173758e-01 8.141865611930411140e-01 8.179350833440223179e-01 8.188199898480180705e-01
7.534300711965993824e-02 1.316677122621411344e-01 3.725341998449608338e-01 5.324711523460069484e-01 4.047667664280367172e-01 5.392966190523091896e-01 7.077019879216619458e-01 6.806461355457422702e-01 8.083121477700302426e-01 7.395980303320234261e-01 1.000000000000000000e+00 8.245209968096314235e-01 7.576568370415619480e-01 7.762735241026323951e-01 8.319862337492962556e-01 8.221285702968423870e-01 8.009089317999081858e-01 6.491002150141148563e-01 7.357987775524952312e-01 5.496953308771205249e-01 6.401970254004343275e-01 7.462971564003357816e-01 7.173303917251283579e-01 7.151080860371454850e-01 7.537318220840034666e-01 8.372036245917489072e-01 8.417209901586213405e-01 8.436144279440006555e-01 7.659936552033337342e-01 7.771821716859530493e-01 8.276082643285951335e-01 8.309028318095982302e-01 7.942726633185968055e-01 8.145513102619422741e-01 7.909641643211466899e-01 8.273869698270032158e-01 8.220686489184594326e-01 8.517708586488438316e-01 8.667592777213362076e-01 8.682823651317532754e-01 8.789277041965470882e-01 8.725455491371238992e-01 8.566811912451396394e-01 8.816827771101594102e-01 8.782385361513256328e-01 8.708734568800616804e-01 8.687903857867329549e-01 8.755473276745431299e-01 8.640143211954045555e-01 8.462652935520684760e-01 8.572070834566988262e-01 8.332783526951625941e-01 8.614390403719149880e-01 8.763133534715721318e-01 8.710346727276083723e-01 8.622271458991239701e-01 8.654599910762454940e-01 8.755748503922150539e-01 8.750244723215573339e-01 8.728116336104466688e-01 8.751634819426508116e-01 8.717491136463665358e-01 8.719321097975527568e-01 8.725209025994210554e-01 8.790066035791589405e-01 8.780264534794954834e-01 8.757521117461120053e-01 8.814821174011475691e-01 8.704946131172012214e-01 8.551579545629252044e-01 8.775112954145366517e-01 8.868395212018485019e-01 8.696830777660209399e-01 8.764685242798487819e-01 8.893665141219807557e-01 8.858246319506763999e-01 8.831604915618581630e-01 8.738208120432322534e-01 8.831697016139763434e-01 8.721187936240395455e-01 8.751765298684461847e-01 8.855395833649051252e-01 8.754896105315714827e-01 8.637572626870352321e-01 8.683284965241293563e-01 8.734627748437214789e-01 8.793803025698188058e-01 8.740076937974475824e-01 8.746193915339566249e-01 8.773235250630478932e-01 8.782192238796826533e-01 8.784084442636428403e-01 8.802643160501640862e-01 8.796426845815300544e-01 8.714114631357335883e-01 8.744577354641772660e-01 8.615454754753427702e-01 8.670008327127067815e-01 8.724669697417235525e-01 8.692483220622805318e-01 8.778298273422149300e-01 8.736628541446674889e-01 8.696809690747054900e-01 8.727818986590433203e-01 8.791352157791619826e-01 8.767701198089399295e-01 8.712218709183434662e-01 8.790992381369900910e-01 8.824043545393044363e-01 8.753118210173305158e-01 8.807335266649575223e-01 8.746414902635878397e-01 8.733423845428552879e-01 8.744652604223677184e-01 8.815640709926316765e-01 8.797393788441915108e-01
-2.294745111900139967e-02 1.054550665424837941e-01 3.367130039226947646e-01 6.707946893460997595e-01 4.899627643495667040e-01 5.714665194394429326e-01 7.856075216546672957e-01 7.523041808251647034e-01 7.905969559402682423e-01 7.345429180159360749e-01 8.245209968096314235e-01 1.000000000000000000e+00 8.224366758206904660e-01 8.094039402684898299e-01 9.003830724323015344e-01 8.823292491586522956e-01 7.917681654344312925e-01 4.830851782263856919e-01 6.125910567143744156e-01 4.816089016484613183e-01 5.996166006675437421e-01 6.515235598661477390e-01 6.208101439841677838e-01 5.937017947742180279e-01 6.319273353123102677e-01 7.822216724945808553e-01 8.134760987470647242e-01 7.946870165152970511e-01 6.630203469859308196e-01 6.617810264365109330e-01 7.517849270594626487e-01 7.820147322493489206e-01 7.323759709178589983e-01 7.622303521251300173e-01 7.370944615940000499e-01 7.742009228754256345e-01 7.357479850936489152e-01 8.446024187931919780e-01 8.618113190759508768e-01 8.522248679422391726e-01 9.009524395156692789e-01 8.976939659340101851e-01 8.487546823488067993e-01 9.201005702189410940e-01 8.644624874636562817e-01 8.808038076052785437e-01 9.168130905765897731e-01 9.091932203518181543e-01 9.018230489867788968e-01 8.686957378713668909e-01 8.899759290140221157e-01 8.858610866010525609e-01 9.212439320821745881e-01 8.825394026992556817e-01 8.588813625775779670e-01 8.251970691486780751e-01 8.676886425661773927e-01 9.056241629984956854e-01 8.948394934395065281e-01 9.167720732115284266e-01 9.177651754765796532e-01 9.054978497043274510e-01 8.961040104195340250e-01 9.090401399994479936e-01 8.931388617301423416e-01 9.004162342963241139e-01 9.096934553621828234e-01 8.701060360427100848e-01 8.629945471756287345e-01 8.807046267049101207e-01 8.826064612381631092e-01 8.820032980551626434e-01 8.606705685424388408e-01 8.532306866717804805e-01 9.064388136940689789e-01 9.110426968571547768e-01 8.938173354594050046e-01 8.607788203555325479e-01 8.866119610460836409e-01 8.562797700357276387e-01 8.675024481351080174e-01 8.878846969150979707e-01 8.790185116469420024e-01 8.626671896012725327e-01 8.895315187854505590e-01 8.838929100214694135e-01 8.802870107053084592e-01 9.062790509120945970e-01 9.053240619135795031e-01 8.775866929282954976e-01 9.044556816710936920e-01 9.203864375735891779e-01 9.147103184736136150e-01 9.192713913455976549e-01 9.223064642156431070e-01 9.203177676233768034e-01 9.013718130182765131e-01 8.983537642368628617e-01 9.145514576206389412e-01 9.073637423012137493e-01 9.076304162454109647e-01 9.099967457817104144e-01 9.308576190278159412e-01 9.299285711953080291e-01 9.125562610458980428e-01 8.901092827429468723e-01 9.128645784519427986e-01 9.111775178160707034e-01 8.986331651300043522e-01 9.232255118930583482e-01 9.042445314916005561e-01 9.241948457696425034e-01 9.111545639499806226e-01 9.169067151751453260e-01 9.108175741035585693e-01 9.103649161885853935e-01
3.870615054577420527e-02 1.260452935348098380e-01 3.137003719863457607e-01 5.486514754049159892e-01 4.800659294847360314e-01 5.151317411836310312e-01 7.281660812066613753e-01 7.251171964375399126e-01 7.634835071998757883e-01 7.006068226075723437e-01 7.576568370415619480e-01 8.224366758206904660e-01 1.000000000000000000e+00 7.570492966870318030e-01 8.459608725516555294e-01 8.403955572131444063e-01 7.538018842536101660e-01 5.089775450279531155e-01 5.941964606479454014e-01 4.892529762382833436e-01 5.420105995409820743e-01 6.101357300316978538e-01 6.236405173272095981e-01 6.052644934133190047e-01 6.119347834797433938e-01 7.376907931101637228e-01 7.640491067418243576e-01 7.601200723797603143e-01 6.445606922567314045e-01 6.423482038496367563e-01 7.145113844438297779e-01 7.682852865339043769e-01 7.121011146280397108e-01 7.488767945971285256e-01 7.174738675304987989e-01 7.461501622566595326e-01 7.191792290728106218e-01 8.158064150203622189e-01 8.239122850747172544e-01 8.149516923806647828e-01 8.409620417230634359e-01 8.448063791301230196e-01 8.073836228120971903e-01 8.576975842445448972e-01 8.156174460870575516e-01 8.317959820259910320e-01 8.623911723305628385e-01 8.551180581918494950e-01 8.482736743340112406e-01 8.211094221716802588e-01 8.424688939023704526e-01 8.229713115553787262e-01 8.526126697545818311e-01 8.346490514907987102e-01 8.191469162236326707e-01 8.011411829019183806e-01 8.148755746419509283e-01 8.502654016788767644e-01 8.468168519030442321e-01 8.583634404208867474e-01 8.587273074493680936e-01 8.485569500485465877e-01 8.399054134195328425e-01 8.498049047959358449e-01 8.381324489136314781e-01 8.431917524451154611e-01 8.569041888694517439e-01 8.277595791753359356e-01 8.301887585492618848e-01 8.262080170288033099e-01 8.181016378144342349e-01 8.279277742532568096e-01 8.245495204382812249e-01 8.134858194414544830e-01 8.498173048642896354e-01 8.490970901924040914e-01 8.394793337097345987e-01 8.136422409415480228e-01 8.339287885258375166e-01 8.165401785253443290e-01 8.227743960201014950e-01 8.344658570175812473e-01 8.355695074677402800e-01 8.227183350335477430e-01 8.444669100853777755e-01 8.430763423023145409e-01 8.377577575806782750e-01 8.545850433378188171e-01 8.551855852128412705e-01 8.343549850168719972e-01 8.458432156619363207e-01 8.605511612465871485e-01 8.573680145473351333e-01 8.585596548835577879e-01 8.607810029214467695e-01 8.590353012031014535e-01 8.398753200891213577e-01 8.443890765227187734e-01 8.599751913919940760e-01 8.540455607783020708e-01 8.529686049572512418e-01 8.553523331945803720e-01 8.629392165957753269e-01 8.648088457554129471e-01 8.551311289911109892e-01 8.362958883936617571e-01 8.573703670758661133e-01 8.535092114252490481e-01 8.456018075905892273e-01 8.607176158795718512e-01 8.500439301730090547e-01 8.624295808193438440e-01 8.534375841403880614e-01 8.591931633325009532e-01 8.548039633423030192e-01 8.539997962198202508e-01
