1.000000000000000000e+00 1.273747660111805291e-01 8.940508412966542695e-02 5.064529318889644804e-02 1.707100722604155615e-02 -3.227097161323913554e-02 -6.703031205697442506e-03 3.920402350142975943e-04 1.135544538048558483e-01 4.984582922337850441e-02 4.458084354221386603e-02 2.113844729158929209e-02 4.736795375846231115e-02 1.973618574246660193e-02 -5.681241924521208790e-03 1.688667460061262990e-02 8.404895087189008518e-02 7.982432506426574703e-02 9.074374840047104429e-02 7.447588198709596818e-02 7.823192103883165605e-02 9.186708181133684814e-02 9.408991451163049857e-02 9.167184793437581358e-02 1.006144753917589257e-01 7.368568008065309871e-02 7.424051255871970401e-02 8.695460217467422537e-02 9.647982097292640002e-02 1.021448174941242265e-01 6.839375254738451482e-02 4.394112258229838919e-02 4.956706189566011111e-02 4.850799126468061107e-02 9.214399332917652674e-02 5.468454547694633072e-02 5.799405908240597846e-02 1.309031093335377358e-02 1.429034222949623727e-02 1.756129305382152337e-04 1.160616906762131605e-02 5.948227900674486757e-03 -9.533561753598426142e-03 1.476031731230379243e-02 2.144046778884501833e-02 1.481259880460280079e-02 1.328562381454814756e-02 1.224998004145781694e-02 1.815786295299624473e-02 1.327251631436365299e-02 2.436948023210444569e-02 3.188011744227934458e-02 2.349103956197766060e-02 2.598335172049384689e-02 3.745237223130124665e-02 2.987365219372740618e-02 4.339256211783756867e-02 -4.858349708883888743e-03 8.492854556616646206e-03 3.188202096591182672e-02 5.901322669144153793e-03 1.743159353607977302e-02 2.490356119012654759e-02 3.334027305017974591e-02 5.212422355404218444e-02 4.211699988033564684e-02 2.173990917643145795e-02 2.345874363539990001e-02 2.215340718822910934e-02 2.897319548767000180e-02 3.250240093529216390e-02 3.401921853933694007e-02 2.456607040804911768e-02 3.755952586301972151e-02 2.609297095923929222e-02 2.775666861003096841e-02 2.307743250262428089e-02 4.299346474923879807e-02 2.597219578940049636e-02 3.896486190498851115e-02 3.665727154012387440e-02 2.967602762531863433e-02 3.225308691146283602e-02 2.678814962119920387e-02 1.508865483101611352e-02 1.784266677062084847e-02 2.709601275732900424e-02 4.277329460742625329e-03 9.739598789299981629e-03 2.363999279234442127e-02 7.848124359777854803e-03 5.333990473973405921e-03 7.897714760712236381e-03 6.828908419498200787e-03 2.235745847744623552e-03 4.993918255831434130e-03 4.233500226100573444e-03 4.065429953085704373e-02 8.897479149133210793e-03 9.636501594247752142e-03 -2.689003598157794703e-03 1.087991982486759615e-02 1.296228801606843541e-02 7.768870560966628820e-03 2.202629871719252036e-02 2.661443252420401737e-02 1.787179813541394865e-02 1.315191498665562765e-02 1.145504633114628398e-02 4.931806642992695930e-03 1.792025596962036919e-03 1.354205835835336352e-02 6.688165128700645883e-03 1.700352561869625592e-02 2.902603169424344126e-02 2.352108023781815729e-02
1.273747660111805291e-01 1.000000000000000000e+00 5.797757124432496856e-02 8.785574414771091245e-02 8.507156992025985409e-02 9.366952819627491489e-02 1.211363514952627229e-01 1.015896683294262165e-01 1.713965448293516269e-01 1.723809433371036315e-01 1.399821186280234553e-01 1.507227797727850593e-01 1.431644002689315132e-01 1.445383668162919799e-01 1.438472142524718500e-01 1.527031505639468711e-01 1.727491219440485393e-01 1.592421646045547590e-01 1.707558524598083993e-01 1.296595179474580029e-01 1.320066966141427711e-01 1.538669452547632988e-01 1.892554276307769900e-01 1.560473468916479534e-01 1.625655962809181843e-01 1.890120911486987965e-01 1.807655260130656139e-01 1.805798278321851802e-01 1.889261328057059430e-01 1.935656748845313579e-01 1.898461915595669181e-01 1.573838835075997700e-01 1.674677384954133819e-01 1.581753473543243138e-01 1.911871299441850469e-01 1.533436182589986152e-01 1.776325814159477323e-01 1.389543303657568840e-01 1.547761487025600124e-01 1.354250623338160431e-01 1.501329762867503470e-01 1.506823292411445525e-01 1.375713840020414969e-01 1.563717618821624800e-01 1.585549839797179283e-01 1.590783754713460396e-01 1.584733556826418144e-01 1.597307225304241129e-01 1.602170236572233730e-01 1.409335741980823620e-01 1.498417668039552508e-01 1.464438175435257283e-01 1.545503036703011479e-01 1.630758473128328112e-01 1.675604210421476614e-01 1.616965586151290768e-01 1.704386266594903054e-01 1.428300009498508216e-01 1.601529396952308393e-01 1.694394788408306596e-01 1.549609432359418670e-01 1.647936878091390833e-01 1.632545366888972227e-01 1.667747640668996723e-01 1.686535401829569458e-01 1.651050290659762110e-01 1.626553459919766742e-01 1.639342528829031975e-01 1.678356073933578718e-01 1.657293475568072383e-01 1.561211007175109244e-01 1.615902565966757798e-01 1.644222714440680966e-01 1.640457748307505570e-01 1.708604410368604887e-01 1.655893148233735512e-01 1.644126817044003208e-01 1.771051809657087639e-01 1.641295106348329425e-01 1.770152903522941301e-01 1.733586797499307997e-01 1.710862376985340105e-01 1.639808970182881076e-01 1.699405720523604058e-01 1.531912751100092396e-01 1.598600624000295345e-01 1.664292347774447012e-01 1.490728312273321421e-01 1.584070609545222830e-01 1.618366072167841119e-01 1.588159255788646751e-01 1.544868218791916326e-01 1.578457098265414749e-01 1.555906039524396212e-01 1.581733377771761540e-01 1.581648756875494999e-01 1.518153971553716508e-01 1.605778600942097956e-01 1.570280180660485470e-01 1.508520540658740694e-01 1.522179042431860696e-01 1.570486742264567970e-01 1.551631831078857104e-01 1.549542037814052031e-01 1.590311844676130515e-01 1.644146428993850662e-01 1.605737047263663675e-01 1.605949041154596801e-01 1.594441750138838043e-01 1.539792090088979437e-01 1.521003713826438730e-01 1.600157607479514577e-01 1.587609051288132733e-01 1.605724276476168666e-01 1.615641031317028575e-01 1.606645493196707242e-01
8.940508412966542695e-02 5.797757124432496856e-02 1.000000000000000000e+00 2.946530266443290191e-01 1.863611425428777502e-01 2.134879420820735008e-01 2.814802183817399217e-01 3.133263418955847257e-01 3.311594382236699996e-01 2.702083908156018843e-01 3.557953379178362963e-01 3.583279635770948990e-01 2.989656336214835397e-01 2.843764763887007829e-01 3.265115242628370273e-01 3.472484581964855876e-01 3.457991024032062155e-01 3.807425259621591285e-01 3.831174454568164744e-01 3.238025530252926498e-01 3.555195163741906028e-01 3.812050598324613349e-01 3.666159073714795880e-01 3.815835016168702687e-01 3.838982801338371442e-01 3.664740304199049503e-01 3.688385553430582053e-01 3.808403440028090836e-01 3.749752741595702710e-01 3.910680119680682854e-01 3.857313232934558300e-01 3.670768357667985038e-01 3.565195419832501988e-01 3.654470355826164862e-01 3.781795075498841086e-01 3.635011009848550523e-01 3.733720755048142159e-01 3.531254248481179858e-01 3.481209294867474435e-01 3.360701443875185879e-01 3.465755040723614289e-01 3.317779621730687079e-01 3.324345685141079088e-01 3.516535882281293657e-01 3.641097170852809484e-01 3.502628976471472422e-01 3.445014947015439533e-01 3.404724647811895877e-01 3.494839116830082970e-01 3.522150282652513620e-01 3.508951467294462723e-01 3.628318875861273884e-01 3.503829383347226156e-01 3.483020809843453414e-01 3.475458863753372318e-01 3.441044016899732494e-01 3.435047585977866191e-01 3.389567379139009629e-01 3.417832031976026919e-01 3.458809294741643781e-01 3.442861356376138438e-01 3.420316886132692691e-01 3.417292037828363327e-01 3.475060670421569742e-01 3.517069061628099735e-01 3.560791312129898967e-01 3.513942780066082183e-01 3.640492988090289206e-01 3.619712651739000475e-01 3.606524864566195698e-01 3.704527226190706402e-01 3.746316637466530208e-01 3.645199173745258259e-01 3.714108407211917928e-01 3.645918778767341939e-01 3.621520367701757115e-01 3.591521667222595804e-01 3.676304263904784930e-01 3.573087749809047420e-01 3.684247274172472442e-01 3.695910943470835930e-01 3.646006896926211605e-01 3.542862714770211308e-01 3.532195008124895397e-01 3.543187233634880751e-01 3.566998956388879316e-01 3.642940598814692899e-01 3.461176018567591051e-01 3.495378412775922428e-01 3.516010187577703894e-01 3.521919617065979446e-01 3.420062768331219027e-01 3.513642383941818492e-01 3.493997136817551530e-01 3.441148154104138324e-01 3.461266245677205866e-01 3.417917176672772839e-01 3.482880961524636443e-01 3.422387142297120821e-01 3.471338390946385744e-01 3.395098099242396805e-01 3.445818864760905598e-01 3.424847545537804128e-01 3.459904342130231680e-01 3.533785578578799158e-01 3.405225994778988130e-01 3.486813845299818193e-01 3.466338865082023157e-01 3.468191573619939794e-01 3.441934532563347138e-01 3.397743848401907907e-01 3.435981492860676334e-01 3.420845771966434246e-01 3.455444883214248697e-01 3.512710812422256135e-01 3.502239030851936885e-01
5.064529318889644804e-02 8.785574414771091245e-02 2.946530266443290191e-01 1.000000000000000000e+00 3.093518871418475258e-01 3.623298240213777555e-01 5.293242074934184638e-01 5.244166775699902194e-01 5.608250528574130200e-01 4.906650134577572042e-01 5.937137002150137954e-01 6.366533987470947009e-01 5.421217650924688991e-01 4.470468931380661703e-01 5.881754053491308198e-01 6.029519418955123777e-01 5.729129633630122287e-01 5.927185567181409986e-01 6.020696811292751693e-01 5.709875046225296735e-01 6.152713649442664856e-01 6.174171896063667120e-01 5.968197689205699819e-01 5.754276349374722876e-01 5.797264330277017708e-01 6.170342098933807584e-01 6.295527258159745454e-01 6.494241459046178333e-01 6.036159575914857855e-01 6.074238908559161931e-01 6.256937387806632556e-01 6.278302292774859961e-01 6.104616727315393954e-01 6.215569444259501086e-01 6.017650014980739925e-01 6.138449446407439059e-01 6.125406289909587354e-01 6.225231309036368677e-01 6.225181200467601039e-01 6.186466576314044730e-01 6.179948552120506644e-01 6.223882551580663947e-01 6.155378488011480353e-01 6.346348911488552957e-01 6.279875321977385072e-01 6.282112460512114804e-01 6.041709175380399754e-01 6.085023753599738683e-01 6.136377719637514661e-01 6.218456396861623547e-01 6.257016546831908332e-01 6.297135362209763665e-01 6.226822318688854940e-01 6.036263670801557124e-01 5.969960456187561881e-01 6.191602725731877310e-01 6.027081465006935979e-01 6.115439614533687562e-01 6.042939924271280017e-01 6.054051549698219459e-01 6.142809839023695151e-01 6.020348114304547860e-01 6.005202368755837572e-01 6.067613225491056417e-01 6.133264811040155529e-01 6.152682648150841205e-01 6.140745338708927248e-01 6.242912213431898172e-01 6.224924274383274447e-01 6.389737689285494016e-01 6.327894747318724145e-01 6.292889193136567139e-01 6.168188632825819528e-01 6.224730027470309901e-01 6.226439821054396972e-01 6.228804095369686600e-01 6.240493568281916259e-01 6.174188762407336606e-01 6.161405283728420557e-01 6.220310807081594895e-01 6.255184006194277613e-01 6.203080760533599136e-01 6.243487089636852172e-01 6.153407283333075517e-01 6.228516439890001699e-01 6.195818487649348283e-01 6.221214706942977957e-01 6.222917844989205305e-01 6.205112859047552387e-01 6.261371345386743670e-01 6.279201420197189076e-01 6.187873954023035417e-01 6.217148279914125331e-01 6.221896170587826180e-01 6.071206932439706661e-01 6.086382373748999708e-01 6.230183951605026138e-01 6.216435276710199354e-01 6.119917350581808302e-01 6.208867283755964417e-01 6.204714366590038388e-01 6.163242482726437599e-01 6.177678226231074765e-01 6.198585214247012143e-01 6.262191764805269401e-01 6.125861433686003998e-01 6.141260950987443845e-01 6.087949190089751994e-01 6.129121362105051096e-01 6.142202183820708594e-01 6.114645939933357477e-01 6.076339258619144479e-01 6.054752699568188845e-01 6.133560186347501997e-01 6.162722996501477368e-01 6.192902012648399124e-01
1.707100722604155615e-02 8.507156992025985409e-02 1.863611425428777502e-01 3.093518871418475258e-01 1.000000000000000000e+00 3.015604105354493525e-01 4.451563083253826658e-01 4.446844974123416172e-01 4.243811515738640794e-01 3.917142669875737226e-01 4.404980429664505093e-01 4.636179861052712181e-01 4.554001918437848850e-01 3.911504631984192293e-01 4.850984735855117247e-01 4.924366566423710734e-01 4.173523606849040002e-01 4.147643107252496630e-01 4.101563076002553432e-01 3.692157299815553850e-01 4.120222338420830299e-01 4.313372630155503651e-01 4.107837843347466045e-01 3.938852903217184287e-01 4.063852244033143712e-01 4.609700198256833081e-01 4.470702080238397325e-01 4.316592894492436994e-01 4.305034376466769230e-01 4.374076881261238503e-01 4.663423985135312089e-01 4.755881426945437473e-01 4.442015039647023156e-01 4.685760609401554699e-01 4.494840969845273482e-01 4.547120218082489340e-01 4.692663455380660653e-01 4.754455816524586487e-01 4.815999417651551373e-01 4.325385985638978137e-01 4.716584269155985054e-01 4.716920215392322868e-01 4.696275854349029610e-01 4.818069926669730774e-01 4.606528145505640603e-01 4.767103964609452627e-01 4.860645958532108235e-01 4.840898477866429350e-01 4.818274865397531581e-01 4.701692328994811487e-01 4.719561641528239315e-01 4.677884352775263377e-01 4.766672573053816753e-01 4.845336598444506260e-01 4.760433014186960521e-01 4.664618314365591711e-01 4.742089189420837236e-01 4.825555201976645114e-01 4.735372410270734522e-01 4.910579610732934142e-01 4.883741479816932629e-01 4.869728402208224338e-01 4.777845348302328654e-01 4.832442741464250680e-01 4.775095914352037174e-01 4.859836024273652688e-01 4.861274536053825646e-01 4.824791544451474956e-01 4.883639023177562821e-01 4.814741984794733143e-01 4.821603698025383467e-01 4.816333546463999471e-01 4.768010260452468785e-01 4.754664367683728576e-01 4.851438398697573429e-01 4.790201592335205372e-01 4.791304048330192744e-01 4.806288767985536503e-01 4.772832429230355888e-01 4.817917944099081029e-01 4.807146514232418233e-01 4.835416896979550794e-01 4.770412859565701935e-01 4.846658760650331410e-01 4.855351554320996854e-01 4.847979186687516040e-01 4.809866438632773855e-01 4.854997021625209741e-01 4.877401819528941473e-01 4.801288931559665740e-01 4.780717735076110975e-01 4.837318451179970502e-01 4.841344295488679839e-01 4.812731749663615166e-01 4.866669066039345792e-01 4.882805137267308693e-01 4.743013740163957159e-01 4.814060742555559824e-01 4.847051284990993025e-01 4.819055908247062980e-01 4.852952254577480584e-01 4.880475773456056654e-01 4.841615524602637666e-01 4.902838159933576301e-01 4.854932263044764995e-01 4.859450782640194477e-01 4.848389276565420181e-01 4.888510779578806864e-01 4.879863092999435770e-01 4.883011830821155641e-01 4.867863555637639839e-01 4.901971663786094946e-01 4.864246326066073434e-01 4.891883995029762122e-01 4.825359980108726021e-01 4.852901707361688688e-01
-3.227097161323913554e-02 9.366952819627491489e-02 2.134879420820735008e-01 3.623298240213777555e-01 3.015604105354493525e-01 1.000000000000000000e+00 5.093975199825622191e-01 4.659111013468617557e-01 5.024531346595554337e-01 4.843078435755929778e-01 5.285071857593367506e-01 5.649336903112708308e-01 5.005188361121341023e-01 4.511619496949254571e-01 5.751519050750967255e-01 5.548243407780444336e-01 5.159434394579979211e-01 5.298995063261052740e-01 5.463626769422312845e-01 4.462833071076910407e-01 5.014944944966520657e-01 5.411083417712339028e-01 5.222086071670237750e-01 5.249975131304992493e-01 5.312122779224649483e-01 5.596825645005152339e-01 5.470345487616020685e-01 5.586707241323394246e-01 5.324732527846210983e-01 5.493980920709403692e-01 5.626665618938491154e-01 5.729204169991666262e-01 5.649610539010512245e-01 5.806536101652195470e-01 5.517478514045209836e-01 5.594278283944782437e-01 5.756746902529015220e-01 5.795957288365639615e-01 5.955177537320626158e-01 5.653873890395616497e-01 5.916970961930672068e-01 5.842305570800697678e-01 5.843434705853272071e-01 5.897853543392358455e-01 5.810892563689977752e-01 5.814709879295072437e-01 5.882542579727273457e-01 5.890193763449834696e-01 5.855472728309180086e-01 5.775792037618234787e-01 5.786792148960504534e-01 5.768535874553726295e-01 5.781616280359686000e-01 5.811097499854117610e-01 5.720271642337581008e-01 5.794899648251315982e-01 5.632233231482659530e-01 5.874145388652225463e-01 5.785392867715780651e-01 5.800594698722495446e-01 5.900275487767485671e-01 5.770994426411663047e-01 5.683467484751416610e-01 5.715312850775343678e-01 5.767241546601199476e-01 5.741563491811868536e-01 5.871311983871609907e-01 5.895769881209929064e-01 5.887125531307174642e-01 5.815778461344832673e-01 5.868333824012963440e-01 5.900298973903751465e-01 5.891320947210232362e-01 5.902395341202461010e-01 5.872382461649585661e-01 5.880639884992093780e-01 5.839636766990771166e-01 5.775754622141193728e-01 5.850780581927859103e-01 5.834652249069739449e-01 5.874365672850248021e-01 5.825976493263693712e-01 5.819301527890575754e-01 5.875503540983521011e-01 5.927095239984322417e-01 5.893753686670218928e-01 5.889702525763003127e-01 5.925503730254386703e-01 5.930832576746408735e-01 5.852273905074438787e-01 5.931451468703503593e-01 5.915261541210222740e-01 5.910154315998981112e-01 5.905758665946705399e-01 5.877009987550462222e-01 5.894769227053150429e-01 5.897126306718972755e-01 5.748170037501959539e-01 5.847959638795215964e-01 5.909221794710243225e-01 5.939509801874625072e-01 5.841181407434384854e-01 5.837901748583493866e-01 5.904379095205036787e-01 5.870471630035543065e-01 5.730854390490804917e-01 5.874175379337618352e-01 5.891310257721925625e-01 5.891386637491017320e-01 5.873591886840511256e-01 5.878000444965848503e-01 5.842815749971127515e-01 5.844434790393500112e-01 5.821606059423958257e-01 5.844298022661239544e-01 5.834515168977295607e-01
-6.703031205697442506e-03 1.211363514952627229e-01 2.814802183817399217e-01 5.293242074934184638e-01 4.451563083253826658e-01 5.093975199825622191e-01 1.000000000000000000e+00 7.278759713757806393e-01 7.205872689214426474e-01 6.742441145713455874e-01 7.452427478451858489e-01 7.890879509303002637e-01 7.210629185436215893e-01 6.508631623615087625e-01 8.326090812061293089e-01 8.106623243719672800e-01 7.157824222306647943e-01 7.198743355505042851e-01 7.216281406892958161e-01 6.833163533450151705e-01 7.106548942605318553e-01 7.368934981932336870e-01 7.158461547468215613e-01 6.865995591537941145e-01 6.976636335091116470e-01 7.706836449859986171e-01 7.572198527065572282e-01 7.674744761913996349e-01 7.267570497669846308e-01 7.377043807853698176e-01 7.818050049571561022e-01 8.120708501328145479e-01 7.628818811486055562e-01 7.960150348227265082e-01 7.480500536006143841e-01 7.698771524750454009e-01 7.784594735825047795e-01 8.165366692100971546e-01 8.188705437095312734e-01 7.942896854210752533e-01 8.170589539419819136e-01 8.263474001733296381e-01 8.228823190681161526e-01 8.327088988423598792e-01 8.067346516369586773e-01 8.186368070934667562e-01 8.195908308810413434e-01 8.205317622218347706e-01 8.209786698512887559e-01 8.125141900145584906e-01 8.193798101931417666e-01 8.063141024940796431e-01 8.178556476203575620e-01 8.159923456832303135e-01 8.087984826997680621e-01 8.129355890242085936e-01 8.032476408277122726e-01 8.264182290244594942e-01 8.240371995126999360e-01 8.179986288833844821e-01 8.230833942724327112e-01 8.219002989060849584e-01 8.135012753208455960e-01 8.103118658959673759e-01 8.044203799933855592e-01 8.134168209999221855e-01 8.203532340828421088e-01 8.186351639258243607e-01 8.275025396648862941e-01 8.277201766206542244e-01 8.166841407546883147e-01 8.143484578499201598e-01 8.127950785926171262e-01 8.063374343258771226e-01 8.219411590025357262e-01 8.176683205428790790e-01 8.221330534877948626e-01 8.061080033255239030e-01 8.211734246342303756e-01 8.103192055517033365e-01 8.103955022386014617e-01 8.142150942729807772e-01 8.174367668208806226e-01 8.187977111120652296e-01 8.235621033372330091e-01 8.230193509769124782e-01 8.148350946480140689e-01 8.345870225846684365e-01 8.289068449986074505e-01 8.227898134903128824e-01 8.301537425525650216e-01 8.332447452097079266e-01 8.262976572493172522e-01 8.271541735070722101e-01 8.235971499360004167e-01 8.248390872727627832e-01 8.263533636572502061e-01 8.107603907980042157e-01 8.248031580177542788e-01 8.312340639015334265e-01 8.328408550710844072e-01 8.265266307817584757e-01 8.239856196416144307e-01 8.311567965359815124e-01 8.218835876072012603e-01 8.153720173810630190e-01 8.240943497663746342e-01 8.246481972461148224e-01 8.262009806671442025e-01 8.288426401586549419e-01 8.298954391369262051e-01 8.231803477227381816e-01 8.239408291749968916e-01 8.230033858780471112e-01 8.160046682227310999e-01 8.211731443912930750e-01
3.920402350142975943e-04 1.015896683294262165e-01 3.133263418955847257e-01 5.244166775699902194e-01 4.446844974123416172e-01 4.659111013468617557e-01 7.278759713757806393e-01 1.000000000000000000e+00 6.922792058273408156e-01 6.452797112850010564e-01 7.256707796174326486e-01 7.684072932794049349e-01 7.044426881075736002e-01 6.357696529984744327e-01 7.885852657763644524e-01 7.905168820995915890e-01 6.872928299210789849e-01 7.172898625689395624e-01 7.151296531164300641e-01 6.607191556556224477e-01 6.926196931373705956e-01 7.330592884111301055e-01 7.160740371511200575e-01 7.041610411126183466e-01 7.037339633512211812e-01 7.436434012543317040e-01 7.265830468056031499e-01 7.435591559137154638e-01 7.194525868955973236e-01 7.250409035450914308e-01 7.578364328812347006e-01 7.888106908792836824e-01 7.407990738006651199e-01 7.846071708352417851e-01 7.337789192318229237e-01 7.524028828283959580e-01 7.557939512942458693e-01 7.955388308773574391e-01 7.900962688097283859e-01 7.640078982324246537e-01 7.802817462099994605e-01 7.907810828229450140e-01 7.939725436846305495e-01 7.976683420158612314e-01 7.760109097189007432e-01 7.881893557659235272e-01 7.814940464152760891e-01 7.840023860841780490e-01 7.861849819996497013e-01 7.811510099306021582e-01 7.915021336699651355e-01 7.763727376411907466e-01 7.755202212181308008e-01 7.775930671581581244e-01 7.818309146359597728e-01 7.850469032989340068e-01 7.700169106626585380e-01 7.929941721346950301e-01 7.895194660644688778e-01 7.807882353493641459e-01 7.898221976380492837e-01 7.889675505339329709e-01 7.865627346953821819e-01 7.794702631017023098e-01 7.715012928983842055e-01 7.786366781121435432e-01 7.835097239459853924e-01 7.909407097259760766e-01 7.928316115181464063e-01 7.924062520384471675e-01 7.927912584089312764e-01 7.888423484992590495e-01 7.897522958334429743e-01 7.842551036970052403e-01 7.870151299092105202e-01 7.831736945206048128e-01 7.903969091569132965e-01 7.791650882335559025e-01 7.877023600160766303e-01 7.778082253537427215e-01 7.820444495049287958e-01 7.827576721065810927e-01 7.838550949327243167e-01 7.841178275651928820e-01 7.932859012816895206e-01 7.932423367096985700e-01 7.851745050715922547e-01 7.987681339927781288e-01 7.942825150191854533e-01 7.903539851090799484e-01 7.938146258867770921e-01 7.953994244684022830e-01 7.930221451852352832e-01 7.937390172741276562e-01 7.853853920081916851e-01 7.877374148789392239e-01 7.898193524687595612e-01 7.739068036036077514e-01 7.861726546050876729e-01 7.930284888400509491e-01 7.962805994463889592e-01 7.894525095093722911e-01 7.883646259660057609e-01 7.964910722183315972e-01 7.877520880523314339e-01 7.787931222355367611e-01 7.866418918073992961e-01 7.876933175233474804e-01 7.926743557071220803e-01 7.903088023864380807e-01 7.948353342807812361e-01 7.841808372554393003e-01 7.878251086362074718e-01 7.862893883957630115e-01 7.811019961220680985e-01 7.852438655578487525e-01
1.135544538048558483e-01 1.713965448293516269e-01 3.311594382236699996e-01 5.608250528574130200e-01 4.243811515738640794e-01 5.024531346595554337e-01 7.205872689214426474e-01 6.922792058273408156e-01 1.000000000000000000e+00 7.324438289957849735e-01 8.092167089381817613e-01 8.276885159310676254e-01 7.669561585423583239e-01 6.703296403398784076e-01 8.326301205021493512e-01 8.305800045463505032e-01 8.007697030571244712e-01 8.089563892363118569e-01 8.151471404356090966e-01 6.986609593460725298e-01 7.709852874741601747e-01 8.105508841288296962e-01 8.090915484145734249e-01 7.766792826975594810e-01 7.913112130046339177e-01 8.529645102509323396e-01 8.400095455224747543e-01 8.302196496063386499e-01 8.058722253265896418e-01 8.426160173854129187e-01 8.681531494243367453e-01 8.647038875804160529e-01 8.208202387299344815e-01 8.543949693439214510e-01 8.364947061419377716e-01 8.369418619967681217e-01 8.624712833711581927e-01 8.445582562006663796e-01 8.587404499315490769e-01 8.045348340163289702e-01 8.552168854761736938e-01 8.486840625980216490e-01 8.306361512266857705e-01 8.653921186846792457e-01 8.550760073360456071e-01 8.507861565626382294e-01 8.666144753876101614e-01 8.715506811696224210e-01 8.692458811668205554e-01 8.457977883606815350e-01 8.583813831594272470e-01 8.596146601955411137e-01 8.591929886954984275e-01 8.721623482320135512e-01 8.699968191466828094e-01 8.605438790464645660e-01 8.731791815564790005e-01 8.582220809699853126e-01 8.663811889791889209e-01 8.768231081476642874e-01 8.666537832597265290e-01 8.716185994612063448e-01 8.688558577279150708e-01 8.719992051034085589e-01 8.733538092301318390e-01 8.807450039078938975e-01 8.722525621353319769e-01 8.728911614905198180e-01 8.755572832031236485e-01 8.668542554881094597e-01 8.725420310550062730e-01 8.727069973514015588e-01 8.693699648959154480e-01 8.639047990624678652e-01 8.755052442890877140e-01 8.713243479660360835e-01 8.689236277810729048e-01 8.670865406734507008e-01 8.650367394774386431e-01 8.728969378529145562e-01 8.739853847587962798e-01 8.760772001642755935e-01 8.766715363382644455e-01 8.709060396065065879e-01 8.641420333853006008e-01 8.718141393987913768e-01 8.750052527151201964e-01 8.638307532155157231e-01 8.689269931164110838e-01 8.739015847246449642e-01 8.650847371506868999e-01 8.646898991760150199e-01 8.697091077708172246e-01 8.674243160286714271e-01 8.658931973627973511e-01 8.688522371893280249e-01 8.563783468761121398e-01 8.686084048001959657e-01 8.659158733646961092e-01 8.648575600614502035e-01 8.593964340409416813e-01 8.680161698541556392e-01 8.667813769258390089e-01 8.677667012485512643e-01 8.705643359561059391e-01 8.708512916946351545e-01 8.725768618161898749e-01 8.705090147692170488e-01 8.697400303404565491e-01 8.674677818449557654e-01 8.643657359240968230e-01 8.714082277121270037e-01 8.687830206614658435e-01 8.700108345226045259e-01 8.733923734720488996e-01 8.739239339800448647e-01
4.984582922337850441e-02 1.723809433371036315e-01 2.702083908156018843e-01 4.906650134577572042e-01 3.917142669875737226e-01 4.843078435755929778e-01 6.742441145713455874e-01 6.452797112850010564e-01 7.324438289957849735e-01 1.000000000000000000e+00 7.408500506937079066e-01 7.601032552330354575e-01 6.821128808406178301e-01 6.121109386009240261e-01 7.787980769628883859e-01 7.625180913250977355e-01 7.113962095257840845e-01 7.223830196418608018e-01 7.280643157261030840e-01 6.076404730788014241e-01 6.640164450696754983e-01 7.231043983149539889e-01 7.152944433881202047e-01 6.989407137045278162e-01 7.171742263904196113e-01 7.812272719579176350e-01 7.604669860182846630e-01 7.531762657844827125e-01 7.452564465315286713e-01 7.623881298368572201e-01 7.998954139284831788e-01 7.760623493673560747e-01 7.397329645663076603e-01 7.731098834968951339e-01 7.563861117518408950e-01 7.554344550940419456e-01 7.845593004100085421e-01 7.702485070911395670e-01 7.958381596036570027e-01 7.335917385094230525e-01 7.970795758162414479e-01 7.861095026600287694e-01 7.703421477723600974e-01 8.007270237986148231e-01 7.856321920244803136e-01 7.954934634220927059e-01 8.078620724927658703e-01 8.126221042505306080e-01 8.054631410545278758e-01 7.740713383968691463e-01 7.839311460668886289e-01 7.770703339443952862e-01 7.905350600556459995e-01 8.113574367397541343e-01 8.010364094645368027e-01 7.905141960373294197e-01 7.997955535744153410e-01 7.990573686295547873e-01 8.017935454058018330e-01 8.113266010215343105e-01 8.076138612170020714e-01 8.078098372457056531e-01 8.034288656099560777e-01 8.043629791480603197e-01 8.006904572498965145e-01 8.051935803182556084e-01 8.097119087249663449e-01 8.099444095461436621e-01 8.112256822152186242e-01 7.977533288088575203e-01 8.039900693900028372e-01 8.066088903527577347e-01 8.043481071336141541e-01 8.042323604223001743e-01 8.142645680420088627e-01 8.086939143879642300e-01 8.092744543284741132e-01 8.083811892478074412e-01 8.073037550205025559e-01 8.120476772197211535e-01 8.111106414687743182e-01 8.168858101653871939e-01 8.041823681030563220e-01 8.095354481206950004e-01 7.986736649639115670e-01 8.088686894577924447e-01 8.092659326611918447e-01 8.059818191603850268e-01 8.113099084499906244e-01 8.039980526952684725e-01 8.040241109162952204e-01 8.077512600532389397e-01 8.092167782485744087e-01 8.104249781867850499e-01 8.115484067438247795e-01 8.145364682535527479e-01 7.956916666713974573e-01 7.972445944966738418e-01 8.083743686232625070e-01 8.034995920084746501e-01 8.035450409185848075e-01 8.089802476977342449e-01 8.075678498971156083e-01 8.097541892502952976e-01 8.055872364046087197e-01 8.030716903292307585e-01 8.114495596845069381e-01 8.137556962937801952e-01 8.110493546471119197e-01 8.107659527394748267e-01 8.076147682877412581e-01 8.129134051104199843e-01 8.103714401212741558e-01 8.102859183958006639e-01 8.101905001580004262e-01 8.098617781704092744e-01
4.458084354221386603e-02 1.399821186280234553e-01 3.557953379178362963e-01 5.937137002150137954e-01 4.404980429664505093e-01 5.285071857593367506e-01 7.452427478451858489e-01 7.256707796174326486e-01 8.092167089381817613e-01 7.408500506937079066e-01 1.000000000000000000e+00 8.669902205072869128e-01 7.748910371445713041e-01 6.845534622756257459e-01 8.587555692878185987e-01 8.553955427449747573e-01 7.928855934850057574e-01 8.186076847118236577e-01 8.250379812444096350e-01 7.002633969925057267e-01 7.803406405112391919e-01 8.362364031925046959e-01 8.102328532145380846e-01 7.949749260706087117e-01 8.147500672096219532e-01 8.676807455509958356e-01 8.604666927820134870e-01 8.548568932840068246e-01 8.323322826211055903e-01 8.540952783433690687e-01 8.949228349495327306e-01 8.777102893694914698e-01 8.438541784058847250e-01 8.727975621746835166e-01 8.530236685628436177e-01 8.626969746131903927e-01 8.803494772642213029e-01 8.733751662493244305e-01 8.890573245828098381e-01 8.371191039336003392e-01 8.894984209902195849e-01 8.831820100825324982e-01 8.704469215298518137e-01 8.970743725562259074e-01 8.839867348889480780e-01 8.845191293098834118e-01 8.946897755862689428e-01 8.971540328643354822e-01 8.983946627769104909e-01 8.769729302161406448e-01 8.829227108282011738e-01 8.850924042281432813e-01 8.892968529992358873e-01 8.957144120684741306e-01 8.838274355701686291e-01 8.856012162540538579e-01 8.840923044420792021e-01 8.917234606279358378e-01 8.878759533743122434e-01 8.951430385016018176e-01 8.965512327663955894e-01 8.919146511071728289e-01 8.863273525386566876e-01 8.924764841001540105e-01 8.920778733266288008e-01 8.981858784241254501e-01 8.990280115026265673e-01 9.033204767807576641e-01 9.008342644309474956e-01 8.946135575055762512e-01 9.020455219058011176e-01 9.035737360105859928e-01 8.954692568582383050e-01 8.991905038296598152e-01 9.046467810274201327e-01 9.020244589691767123e-01 9.015891098741531939e-01 8.982906967982605684e-01 8.971413112899865316e-01 9.027420743610308218e-01 9.030910335588192561e-01 9.059818221331623622e-01 8.982991303204288513e-01 9.024612014626662848e-01 8.961402412706317433e-01 9.007702864495603645e-01 9.029448196644862534e-01 8.981658977089351792e-01 9.014422330901133984e-01 8.985797535871414832e-01 8.983367658230284603e-01 8.995756417049070031e-01 9.016382973218942665e-01 9.028844206811348361e-01 8.994067579961386727e-01 9.005213333109065577e-01 8.927474556659781291e-01 8.926142632551887779e-01 8.983532696111798943e-01 8.994621440893869613e-01 8.970307500872489737e-01 9.007677600537130624e-01 8.983168819965162699e-01 9.017360063252151114e-01 9.021418425293632470e-01 8.949519087658761585e-01 9.023324969373720528e-01 9.012656112849228851e-01 9.000039363055808428e-01 9.006162406484008454e-01 8.975055828006635039e-01 8.999341327187304618e-01 8.980596870164632151e-01 9.007839095827063769e-01 8.999438860699051634e-01 9.012959448943718144e-01
2.113844729158929209e-02 1.507227797727850593e-01 3.583279635770948990e-01 6.366533987470947009e-01 4.636179861052712181e-01 5.649336903112708308e-01 7.890879509303002637e-01 7.684072932794049349e-01 8.276885159310676254e-01 7.601032552330354575e-01 8.669902205072869128e-01 1.000000000000000000e+00 8.083918243584704566e-01 7.173941312361918898e-01 9.047374339813033517e-01 9.011896421973469851e-01 8.288678202151321672e-01 8.473998017275817807e-01 8.513597927677669652e-01 7.508210885088130171e-01 8.216462781504429991e-01 8.653204662967689531e-01 8.321664918628337571e-01 8.187685975068892397e-01 8.283559993838967017e-01 8.968588290475852931e-01 8.846765998064224368e-01 8.898500919637627460e-01 8.573350184932435614e-01 8.746058096573240404e-01 9.157641869750288155e-01 9.213830023478133402e-01 8.821513021026446966e-01 9.114870637665388742e-01 8.819860152577292389e-01 8.899914211825626920e-01 9.053976678603293804e-01 9.183649608869522973e-01 9.307884003169859533e-01 8.830570993997319817e-01 9.249725552466723233e-01 9.215879961530929476e-01 9.157982929156787133e-01 9.362793500656404477e-01 9.223009156211423587e-01 9.238316255610682370e-01 9.310752122946343023e-01 9.328252471868849760e-01 9.338337646977509232e-01 9.205580290069175220e-01 9.256315648294501930e-01 9.205520987390392040e-01 9.223242087997201022e-01 9.295240956681064537e-01 9.204062063605170652e-01 9.217897413916142924e-01 9.208368707580961710e-01 9.319464771895761279e-01 9.295761162575936210e-01 9.319006811492878128e-01 9.353092195205600090e-01 9.317331914284634475e-01 9.258521400277778257e-01 9.280574885764338866e-01 9.253456713544704337e-01 9.331912541603796241e-01 9.352671116016432196e-01 9.378088580735600699e-01 9.400874341088868436e-01 9.332435010942652376e-01 9.381968031254039886e-01 9.373090460486360742e-01 9.295672038806714887e-01 9.282143546864518591e-01 9.386363061368028227e-01 9.371067894460317627e-01 9.371724970494064166e-01 9.259734437870017487e-01 9.319878169647650701e-01 9.332422294158972953e-01 9.334918174708356498e-01 9.366461186438140851e-01 9.334395516375303403e-01 9.341854418087122136e-01 9.343826072267686911e-01 9.370777004157005985e-01 9.367333403173380146e-01 9.394461315390215672e-01 9.400499262665747979e-01 9.348354154062523680e-01 9.367780886987823186e-01 9.388213145790518244e-01 9.378048175352691196e-01 9.396386492788000311e-01 9.357702342888628566e-01 9.371921128473478246e-01 9.328257063574202368e-01 9.284957439153216363e-01 9.357386287769376976e-01 9.386390104649809940e-01 9.359440611754776818e-01 9.377677770879450092e-01 9.350849351104250085e-01 9.406742315921106101e-01 9.376633028572916029e-01 9.300517624669167871e-01 9.380968419679514003e-01 9.362739018021685178e-01 9.362771131576222983e-01 9.381785399239218615e-01 9.367418454058717980e-01 9.364131787827731923e-01 9.359832554016491724e-01 9.363866494768333659e-01 9.345426557076221830e-01 9.370488599199733315e-01
4.736795375846231115e-02 1.431644002689315132e-01 2.989656336214835397e-01 5.421217650924688991e-01 4.554001918437848850e-01 5.005188361121341023e-01 7.210629185436215893e-01 7.044426881075736002e-01 7.669561585423583239e-01 6.821128808406178301e-01 7.748910371445713041e-01 8.083918243584704566e-01 1.000000000000000000e+00 6.559267053312318740e-01 8.237386436200526685e-01 8.153726712898174966e-01 7.554079480093813803e-01 7.702799991660183032e-01 7.740519065681569222e-01 6.704984718494667595e-01 7.355985208850288615e-01 7.677825664401780603e-01 7.642714679993801719e-01 7.430913479623754148e-01 7.470350281395535808e-01 8.053377020103968942e-01 7.964425698113998253e-01 7.974893312695527925e-01 7.658665283849775962e-01 7.883252729212053556e-01 8.235596905389832578e-01 8.353541345603040513e-01 7.936555930440768458e-01 8.239692882992680767e-01 7.948268267455805836e-01 7.999133863341493234e-01 8.170960895282083358e-01 8.232339911321264747e-01 8.386398158604019271e-01 7.899554767293077706e-01 8.339493817030751988e-01 8.324488101410859597e-01 8.204738707399233943e-01 8.417852596756065786e-01 8.283890649651943772e-01 8.282479578539324594e-01 8.452750874614567422e-01 8.454479340048941527e-01 8.455325827274684514e-01 8.211003590704873956e-01 8.291491815909486363e-01 8.345031960107986979e-01 8.370531527910286540e-01 8.455430536051777857e-01 8.342999234257806318e-01 8.294446246010649393e-01 8.330340492135005492e-01 8.417444946157750518e-01 8.369223773741052419e-01 8.463718083231727141e-01 8.463912933937562943e-01 8.414671305322175554e-01 8.368032105694501732e-01 8.338464675887224953e-01 8.372655517825424720e-01 8.451100737062068324e-01 8.461180171217831392e-01 8.473100528622183880e-01 8.526748541129983705e-01 8.415982786553753980e-01 8.441424160629353857e-01 8.449742679269972578e-01 8.442375315325484353e-01 8.393279391029405678e-01 8.457509009268945332e-01 8.457950373135278976e-01 8.443320036672318230e-01 8.355827328061656845e-01 8.426363594132953994e-01 8.423944175734275897e-01 8.437393435858949742e-01 8.449669558185484153e-01 8.446792470876137715e-01 8.466547136093736103e-01 8.462538396510711491e-01 8.474237244811460013e-01 8.470762261058528697e-01 8.486494953380979700e-01 8.502129653809924470e-01 8.450405965140875830e-01 8.457947286201592529e-01 8.494802757820855144e-01 8.474943297378495499e-01 8.482913204113844419e-01 8.474418878835373592e-01 8.482670990966054703e-01 8.421155692907513757e-01 8.423007058404271552e-01 8.474795139388217047e-01 8.473149827132993028e-01 8.459304124156109550e-01 8.473935653772157739e-01 8.470289122489077505e-01 8.504309207706531870e-01 8.486017819050526434e-01 8.447029764115318029e-01 8.491489468850365041e-01 8.477084861003671978e-01 8.473629223576963909e-01 8.487229616102462959e-01 8.467738500543551261e-01 8.489162390370710298e-01 8.460023801020903900e-01 8.472281169454406458e-01 8.450500974265483523e-01 8.495469915272294559e-01
