1.000000000000000000e+00 9.365356286223526505e-02 1.447896725750200952e-01 -1.372865614757082797e-01 -5.035853072534097336e-02 -1.576553959409079247e-02 -2.911158447235816585e-02 -1.416304219510242969e-02 2.316399295867570540e-01 1.574067739131036758e-02 6.196219337197524102e-02 -7.289486373295417376e-02 -1.072423773648142724e-02 -3.026044136962747697e-02 -2.531180580202784663e-02 -3.362243666464962560e-02 1.938052661232803620e-01 2.967295690863094304e-01 2.978634923973068616e-01 1.865510920324083555e-01 2.998480216243978314e-01 2.757937582481701511e-01 2.554094205531439177e-01 2.715052696019018552e-01 3.009039712051005400e-01 2.042432249463196903e-01 1.689651631783639085e-01 1.500760650722135492e-01 2.414381295169423514e-01 2.348876505395625092e-01 1.740917309603609853e-01 1.482573454278523495e-01 1.485910489548767643e-01 1.570329439126639248e-01 1.514493232147811064e-01 1.053434218266839500e-01 1.607055410900197490e-01 7.048408584729679016e-02 7.901635750250057821e-02 5.523647556504270029e-02 6.519290767920458973e-02 2.135355950766268385e-02 4.147319623912670838e-02 3.904321463617692334e-02 7.933385101144778406e-02 6.313691286774680833e-02 1.465630319019264015e-02 3.931350551015243278e-02 2.518440943950740404e-02 5.555096382521284432e-02 6.778083062414447246e-02 2.024909157221642473e-03 -3.537527301964685841e-03 8.144152718017272363e-02 1.198533032738927362e-01 1.336281756421749123e-01 1.242687784666620943e-01 2.362818273720046838e-02 4.140007963728171980e-02 5.741125573829686246e-02 4.846241237508602806e-02 4.712956913946750315e-02 6.006699487429777162e-02 4.155951011926962285e-02 1.091371388161680445e-01 7.412499633779270902e-02 5.538291957489020756e-02 8.073443032175041389e-02 8.906608024379564226e-02 8.562150236219526200e-02 1.159141746556465319e-01 1.041631592842802712e-01 1.060109226266005289e-01 1.246717160551938236e-01 6.987610170723840275e-02 6.901386660621619540e-02 7.700154161848965506e-02 1.049796156673106495e-01 8.986030972933579941e-02 9.440777533440845859e-02 6.744004747155105117e-02 5.622926136242144268e-02 9.517567697678903926e-02 8.395628383210279599e-02 4.521243190510348259e-02 6.110906632284692636e-02 5.339896113832970359e-02 1.573500192598112704e-02 3.135581070048492486e-02 7.778797195992952218e-02 2.977398672778326649e-02 2.347690892738658192e-02 2.791876214476124440e-02 2.302264546215709168e-02 4.904966374035062658e-03 1.612534882193321362e-02 4.277191076919238080e-04 6.420191198768340768e-02 1.894753482761940208e-02 6.142484616206657887e-03 7.110040814380103914e-03 1.804447963920324804e-02 5.013450296162143662e-04 3.996002891065657259e-03 2.032931480527563201e-02 7.188859586551651915e-02 2.619194465470833441e-02 4.760309565626438810e-02 5.161572186522915551e-02 2.015083504559967223e-02 5.875205766216340039e-03 3.365351215407452745e-02 1.122536669884601455e-02 3.162775648707551179e-02 5.804412058967843568e-02 3.194329787164632006e-02
9.365356286223526505e-02 1.000000000000000000e+00 3.724176853995830871e-02 1.495197042252693551e-02 4.756022023747801669e-02 8.291553335558767002e-02 1.330963244146934066e-01 9.015539129251667894e-02 1.357825668521820406e-01 1.747185208886989083e-01 1.319440281828033745e-01 1.168292475501122724e-01 1.119789232460285250e-01 1.041690030040198084e-01 1.395805672149904586e-01 1.337318058746766458e-01 1.302857990733748694e-01 8.727114476079968208e-02 9.353291361086797651e-02 1.986720990236934270e-02 6.201843544199321656e-02 7.205678556027728110e-02 1.328264996510867824e-01 7.929573532237656208e-02 1.073062768138120376e-01 1.432412247776153058e-01 1.270175856678731896e-01 1.273579228017328036e-01 1.646994684993940694e-01 1.746046791997955816e-01 1.727327015684911038e-01 1.574742914211668954e-01 1.438572703673145214e-01 1.375510616720672930e-01 1.624586687979527599e-01 1.379158157633688098e-01 1.372837157446295253e-01 1.692802844352888636e-01 1.560525027260240283e-01 1.387774884461615843e-01 1.481162912517303143e-01 1.467808802207732355e-01 1.257066931889602168e-01 1.285409284746028002e-01 1.412133546887537339e-01 1.574795485092820024e-01 1.414377051530393559e-01 1.547903542207794414e-01 1.478072072958324101e-01 1.455573445706677960e-01 1.530927442454551313e-01 7.567774362870602345e-02 1.177234798432004598e-01 1.575306255894676488e-01 1.716089290096944331e-01 1.650063130452136539e-01 1.548091348650911803e-01 1.413589348018794156e-01 1.472382214089145158e-01 1.459718879357091714e-01 1.434790339822900607e-01 1.533826734080508958e-01 1.512439673085160807e-01 1.436367849402503394e-01 1.392273049986395006e-01 1.410682412883179360e-01 1.476617079923410181e-01 1.326285207374678365e-01 1.452196471200953576e-01 1.062729312500140383e-01 1.202142671026442816e-01 1.290227479311954473e-01 1.215843243599259854e-01 1.288149386992495649e-01 1.493308264286027365e-01 1.436535229410227654e-01 1.542709913092219220e-01 1.567220260362501560e-01 1.564543296701903785e-01 1.637152008771050604e-01 1.433103440850998778e-01 1.572088110199180988e-01 1.623780526082986286e-01 1.491340063673293470e-01 1.475793494558119423e-01 1.420163388313955000e-01 1.433237520659738640e-01 1.523315341922885369e-01 1.477727131693057361e-01 1.612659246740699437e-01 1.412728076379352604e-01 1.460653691911392993e-01 1.379978919496789858e-01 1.454405908471114173e-01 1.422139079909779669e-01 1.506757710053342747e-01 1.373389994659569013e-01 1.470734510869979583e-01 1.420072038440600148e-01 1.419976076150002986e-01 1.365435284426838591e-01 1.509357951566715206e-01 1.290519129238813512e-01 1.376057852337071452e-01 1.316469684353847036e-01 1.590190423950895993e-01 1.505293053119575730e-01 1.567957716084133479e-01 1.621541950221861983e-01 1.483147677627265071e-01 1.500778711047741909e-01 1.456473522637343199e-01 1.460599335638264051e-01 1.466326900249481924e-01 1.411413614828306851e-01 1.381855503740102853e-01
1.447896725750200952e-01 3.724176853995830871e-02 1.000000000000000000e+00 3.179094606499704434e-01 1.648984746042465865e-01 2.315168388619916195e-01 3.129307761284813583e-01 3.019875525726617993e-01 3.815132852443492428e-01 2.627746590568282303e-01 3.745353039035679288e-01 3.557931298133765186e-01 2.816813049695871540e-01 2.770042021711768276e-01 3.285584346229167840e-01 3.246212870085247726e-01 3.597698863699517746e-01 4.184343188187850116e-01 4.077470669748624044e-01 3.916119611318054639e-01 4.216708702579257118e-01 4.258115859905269862e-01 3.903265105363615262e-01 4.322677626242076854e-01 4.173885990351896003e-01 4.276025045625220788e-01 4.289323742085326407e-01 3.875247812437880857e-01 3.657284012615969471e-01 3.862766826379288032e-01 4.075127681804813773e-01 3.815122875426212867e-01 3.444175729471657399e-01 4.053221849167537028e-01 3.539126879538452841e-01 3.979126925260700887e-01 4.060613262003829327e-01 3.399092983389169209e-01 3.759472696152401094e-01 3.757021854961436480e-01 3.849985635566802178e-01 3.423064189442859839e-01 3.811360886345849242e-01 3.747798671699265616e-01 3.893290496893231922e-01 3.548935446339758770e-01 3.443624484157051802e-01 3.482986657457899926e-01 3.533989238156054480e-01 3.699387817918912691e-01 3.646170936982732758e-01 3.702073597857936660e-01 3.495606010174192591e-01 3.626365883244372368e-01 3.649956787747522524e-01 3.826933000291592446e-01 3.789474329079236536e-01 3.374443731327569918e-01 3.515000664379639428e-01 3.690702388988627014e-01 3.614590873256534609e-01 3.524287596438160919e-01 3.590545656140576303e-01 3.529481537016669335e-01 3.700455007007008024e-01 3.693329383956719392e-01 3.578515133830805772e-01 3.858797556604375290e-01 3.792237858572950482e-01 4.050330974864441713e-01 4.097842701534531451e-01 3.970506460345964994e-01 4.078638102019216394e-01 4.017446432629750430e-01 3.910560640838097179e-01 3.801650137618369230e-01 3.651891580774141444e-01 3.706662356709322093e-01 3.747310315023378857e-01 3.654050576027014219e-01 3.759235541048345230e-01 3.610226642682945464e-01 3.714448714752102698e-01 3.586321353411222601e-01 3.565980070876406116e-01 3.766503824808001277e-01 3.729272139784471363e-01 3.426940646394928125e-01 3.561060439515059128e-01 3.678909970077257063e-01 3.640853917338787715e-01 3.605656130852381014e-01 3.625118330233884634e-01 3.578975032012036150e-01 3.444643270366587462e-01 3.440287186814369180e-01 3.485946098460510623e-01 3.558364562246955631e-01 3.512712828568498313e-01 3.542893856433532718e-01 3.565010609510100292e-01 3.471049956524857039e-01 3.458011826551104506e-01 3.522514124568736915e-01 3.635817981800039678e-01 3.575617156787257445e-01 3.464747866166814072e-01 3.546217962131125723e-01 3.542859591637858019e-01 3.474369090370542645e-01 3.410440091844420540e-01 3.543041639266645837e-01 3.436884071117889961e-01 3.517632111683707263e-01 3.625124113414994742e-01 3.552366225811634526e-01
-1.372865614757082797e-01 1.495197042252693551e-02 3.179094606499704434e-01 1.000000000000000000e+00 3.037857689977729869e-01 3.811419882786676872e-01 5.444156141765192913e-01 5.219915177139032858e-01 4.133988106936971607e-01 3.908003005872046631e-01 5.431526166766963426e-01 6.570537523047317308e-01 4.994117199683282271e-01 4.719752645629007315e-01 5.720004584628410882e-01 5.734581638666260694e-01 4.205189192057834369e-01 3.472041505897305869e-01 3.382807040381774488e-01 4.414907176219683982e-01 3.541039315976976520e-01 4.078723970981580904e-01 3.380004848250393046e-01 3.981474665746932984e-01 3.629141116559077562e-01 4.776669059695577979e-01 5.236989662584561334e-01 4.911295777780760319e-01 3.613733033839686692e-01 4.166329152630622867e-01 5.019630377364708851e-01 4.756473393262724003e-01 4.251818629932612170e-01 4.957063140471586471e-01 4.294522489026061374e-01 5.453962279137986036e-01 4.960072467365704285e-01 4.956664651171764913e-01 5.309650783438526478e-01 5.539265955901228056e-01 5.700489361238050279e-01 5.518552615139090678e-01 5.862544332091955690e-01 5.814604169705988035e-01 5.569257000684022518e-01 5.290110725682372061e-01 5.568227723952696717e-01 5.335230661342926783e-01 5.515199995584643133e-01 5.619521585999336377e-01 5.429931116718661466e-01 6.263996707881902548e-01 5.841457207670299745e-01 5.048253431469241770e-01 4.755828491068842534e-01 4.884459917291181785e-01 5.088177158929134691e-01 5.409595626698335824e-01 5.309795848094789328e-01 5.473814369259943913e-01 5.491858305408133800e-01 5.354693790792195429e-01 5.372480682195249768e-01 5.571833702616977302e-01 5.227948295816481350e-01 5.408316992882924445e-01 5.383111684079062709e-01 5.440829239677799078e-01 5.268263485944235658e-01 5.672945780283389361e-01 5.375761461695371946e-01 5.406598713850220284e-01 5.475866023404019067e-01 5.181815706264057964e-01 5.688861984772145552e-01 5.655489148476666728e-01 5.330441099023830454e-01 5.102028000656679829e-01 5.286491837970894725e-01 5.056207242301739013e-01 5.382133091079845943e-01 5.448113281732887003e-01 5.215099788207554488e-01 5.084600930795446505e-01 5.521489160954181630e-01 5.551079833546612718e-01 5.557222306132625356e-01 5.588542877720082958e-01 5.540200422376786449e-01 5.355248432189000374e-01 5.727830812041322384e-01 5.730334625646343882e-01 5.684495255929913338e-01 5.641940191437508911e-01 5.626070761710858514e-01 5.521904434916434790e-01 5.862457794414496215e-01 5.454629361453455783e-01 5.656855985787049290e-01 5.775818899128829509e-01 5.784403415701576678e-01 5.627532434642147363e-01 5.800452160312882244e-01 5.766776378982700901e-01 5.861904930012289405e-01 5.356820928408396743e-01 5.503999599587735547e-01 5.382518992099576405e-01 5.361961494528613148e-01 5.572016801557615473e-01 5.554483591465889658e-01 5.545034818791452214e-01 5.614558426987037443e-01 5.589244550851720783e-01 5.437618082438095968e-01 5.598037879282676821e-01
-5.035853072534097336e-02 4.756022023747801669e-02 1.648984746042465865e-01 3.037857689977729869e-01 1.000000000000000000e+00 2.848767368639001374e-01 4.380780962300198089e-01 4.270684305645048862e-01 3.556567388739762525e-01 3.862094731143000392e-01 4.130200969340027117e-01 4.673358608437244710e-01 4.118591064437925886e-01 4.043195519445343944e-01 4.656094035428409161e-01 4.652739700060115613e-01 3.608039419153367122e-01 2.649289528596089904e-01 2.823148049361745016e-01 2.627195382995409223e-01 2.209066916246617551e-01 2.905786041620702087e-01 2.943577317393478165e-01 2.765905020284014637e-01 2.886302911347060074e-01 3.858311225634636354e-01 4.037690476983528676e-01 4.115163512649184785e-01 3.469099297187685504e-01 3.819550320100023044e-01 4.156238490461423574e-01 3.983052110746045926e-01 3.915412543865847694e-01 3.964483657111702031e-01 3.976198819823235087e-01 4.221368375872093792e-01 4.155387240911113111e-01 4.356816114584286526e-01 4.426404480628321481e-01 4.499727368942013639e-01 4.575954915269493384e-01 4.581189647059421555e-01 4.560446755377062789e-01 4.612792052708941659e-01 4.492449930373572653e-01 4.458938521036620029e-01 4.610372908751522725e-01 4.539261185591508818e-01 4.584414929787672399e-01 4.374421255583837431e-01 4.473103156834814520e-01 4.481071541134861724e-01 4.581649148218392420e-01 4.494845600405640851e-01 4.297651454148751493e-01 4.285030384114357771e-01 4.293057037852085478e-01 4.630372403104743295e-01 4.593682106363810580e-01 4.552976754599937781e-01 4.551820322045979084e-01 4.590479281727629646e-01 4.548965058847946885e-01 4.519757677649609007e-01 4.364778474934081220e-01 4.468990328922513577e-01 4.511152332588606595e-01 4.415242187149854280e-01 4.369800987829610683e-01 4.289089884850504908e-01 4.236265023494884541e-01 4.375188776427225701e-01 4.217355559386803954e-01 4.204614476862926775e-01 4.559000271794673154e-01 4.566359895150936543e-01 4.474980499385802779e-01 4.355381184360611613e-01 4.441470902272811605e-01 4.409168419016822327e-01 4.513313175673661082e-01 4.576656982612344882e-01 4.389900058573291686e-01 4.432807235540682789e-01 4.532369243714338136e-01 4.502292668121815611e-01 4.568211307053683945e-01 4.636983515388792276e-01 4.609938971726683654e-01 4.508190360777797889e-01 4.609993889309594306e-01 4.630407193318195613e-01 4.634148832865786494e-01 4.626001119094538261e-01 4.659850820145925998e-01 4.637749828160620535e-01 4.617323857400235654e-01 4.433547804847056129e-01 4.616802706203940732e-01 4.656570616317614042e-01 4.670644539109973237e-01 4.638774742863829847e-01 4.646182192760994201e-01 4.676824253679861543e-01 4.637682198088667329e-01 4.486790090561895150e-01 4.607944594394933202e-01 4.585119405558722439e-01 4.572995657143280046e-01 4.649696061973524475e-01 4.649204881174776038e-01 4.626851129385849415e-01 4.651374810032936069e-01 4.598082453674606773e-01 4.516124736519613325e-01 4.619824440214457817e-01
-1.576553959409079247e-02 8.291553335558767002e-02 2.315168388619916195e-01 3.811419882786676872e-01 2.848767368639001374e-01 1.000000000000000000e+00 5.263019465940161901e-01 4.945804347099597154e-01 4.944140141401494049e-01 4.579011329942541675e-01 5.304214427469563509e-01 5.594467068082545902e-01 5.138188686320405152e-01 4.546846370295326567e-01 5.607593025131949460e-01 5.665701423142710524e-01 4.877000328499718207e-01 4.214852084396353837e-01 4.313384464581481725e-01 4.178069792379551228e-01 3.829938051422123735e-01 4.442491157393567702e-01 4.275719030301212698e-01 4.363089223597502175e-01 4.373211832163682589e-01 5.152199180426831893e-01 5.270847744984586969e-01 5.292870579575806866e-01 4.806246638557342687e-01 5.169899649159780397e-01 5.518805632998128319e-01 5.462482422474600474e-01 5.161372911715303990e-01 5.437119566184174246e-01 5.243409041653850355e-01 5.588415701096830501e-01 5.458596120344829661e-01 5.603022109168890319e-01 5.692083099242803979e-01 5.638838647477774080e-01 5.687319436778065507e-01 5.707746928050532187e-01 5.793162642095193160e-01 5.823875528093351850e-01 5.716492580583322214e-01 5.672989045400673724e-01 5.772708961963624041e-01 5.778452892055154777e-01 5.821170337571099918e-01 5.735053421506891569e-01 5.782841770320648056e-01 5.731240631990994761e-01 5.765303021848431353e-01 5.683588869070107519e-01 5.568995596425846406e-01 5.517555571003632808e-01 5.664343033058937271e-01 5.724265456853534495e-01 5.810798430966666039e-01 5.829426972618756420e-01 5.837844278890839123e-01 5.812876885182459707e-01 5.807957023982546207e-01 5.775995001497025161e-01 5.683849592587930655e-01 5.747698816126365351e-01 5.761723365516724371e-01 5.770494247177340164e-01 5.743605993031539736e-01 5.720906914562394752e-01 5.600522430457504086e-01 5.727095438764648883e-01 5.696286752463856073e-01 5.552343867636629904e-01 5.778630673654807648e-01 5.802730290788583600e-01 5.720741669911036942e-01 5.679868427844878553e-01 5.721698828489756306e-01 5.679420885912936923e-01 5.765728280222413016e-01 5.786183773004812680e-01 5.678406689120495399e-01 5.666740954341474845e-01 5.784218209462024252e-01 5.800525812638155365e-01 5.808166921322565068e-01 5.813688912496735028e-01 5.767806153198947738e-01 5.718126642673205806e-01 5.821825653612090479e-01 5.846889772460476253e-01 5.822813595413437460e-01 5.813009975318147449e-01 5.823380332866883169e-01 5.823848437213199336e-01 5.811922263918547493e-01 5.757337168936905725e-01 5.829713196360949423e-01 5.856339332827859012e-01 5.853027812582169975e-01 5.828378660199924344e-01 5.833150085006563179e-01 5.847406728830526479e-01 5.845085773220768388e-01 5.735342091039161705e-01 5.838628337568614324e-01 5.791318757068121270e-01 5.764529354764368341e-01 5.837914176558683943e-01 5.810237934391562220e-01 5.828269365888757436e-01 5.836605059913594351e-01 5.815679572129763830e-01 5.756348883616201340e-01 5.806219478776463161e-01
-2.911158447235816585e-02 1.330963244146934066e-01 3.129307761284813583e-01 5.444156141765192913e-01 4.380780962300198089e-01 5.263019465940161901e-01 1.000000000000000000e+00 7.155987079406723739e-01 6.751519551753467629e-01 6.626369200742930898e-01 7.304698638064690552e-01 8.052673474769698192e-01 6.914542741516505053e-01 6.475397886558458271e-01 8.318148945924310755e-01 8.107380876786418611e-01 6.631122235246136309e-01 5.185854468765798142e-01 5.515025016780700229e-01 5.122265510018322310e-01 4.537592740168640004e-01 5.639631391388219006e-01 5.712835596442484842e-01 5.479923195505239653e-01 5.591339528541114934e-01 7.115063167964462698e-01 7.290272749624119308e-01 7.456514419854053388e-01 6.831027913914040628e-01 7.028416250486512196e-01 7.659498050450569417e-01 7.500604962560507571e-01 7.326614754597122747e-01 7.343281587010497269e-01 7.277867763644165766e-01 7.699843106903655476e-01 7.530016086830791933e-01 7.960349829106764252e-01 7.982895629535914361e-01 8.029739587449551408e-01 8.113984889039056458e-01 8.206207498791525667e-01 8.171310502008433119e-01 8.236451437051549584e-01 8.005078167120854848e-01 8.128083322801705757e-01 8.165068161991521078e-01 8.134840369722353692e-01 8.134666429253950559e-01 7.968675081441125574e-01 8.098244130233808180e-01 7.969099440450070349e-01 8.097540003867019776e-01 8.012972605274888416e-01 7.813248159334783560e-01 7.752545778121099351e-01 7.830007130748907196e-01 8.129939717566702084e-01 8.084510352868783389e-01 8.154574765863198405e-01 8.155314215976193770e-01 8.163836858842595801e-01 8.113105745244710842e-01 8.144366524305874933e-01 7.885707306142240025e-01 8.048279633628924179e-01 8.096146130854486866e-01 7.969177073604724049e-01 7.947391943014733284e-01 7.785425404589582099e-01 7.605324401765625186e-01 7.885153185018255462e-01 7.745436917448679237e-01 7.601165571782051433e-01 8.139734570058981822e-01 8.160828396567444409e-01 8.153872118372508249e-01 7.994713657018883701e-01 8.064862778199461957e-01 7.948520020792431140e-01 8.036302355323665658e-01 8.164997600580758963e-01 7.967437878906311610e-01 8.001509411284495332e-01 8.124848767751317036e-01 8.086125532510286540e-01 8.149081761949942271e-01 8.246103838704816891e-01 8.193290380092892455e-01 8.101220526126448052e-01 8.265007445902189387e-01 8.277213595643452271e-01 8.202803449586356654e-01 8.255440736769200649e-01 8.238664544373535126e-01 8.220919123216625657e-01 8.184158376650054745e-01 8.009737476991044547e-01 8.198693450969450902e-01 8.271884756366506553e-01 8.282147226248792737e-01 8.220438827398561799e-01 8.217162338422483447e-01 8.268181645614559594e-01 8.223025505952501479e-01 8.033973690335706186e-01 8.179780186538012643e-01 8.171171359876190365e-01 8.148104322958241719e-01 8.254241565771653910e-01 8.242724205108601376e-01 8.205430174475440985e-01 8.237902880339444955e-01 8.173229566804085522e-01 8.087278810287711339e-01 8.153341407377289185e-01
-1.416304219510242969e-02 9.015539129251667894e-02 3.019875525726617993e-01 5.219915177139032858e-01 4.270684305645048862e-01 4.945804347099597154e-01 7.155987079406723739e-01 1.000000000000000000e+00 6.795847380446429220e-01 6.473839696762476725e-01 7.193573636202242882e-01 7.730466748197827309e-01 6.900307942795990135e-01 6.375878181116211296e-01 7.961659325344151439e-01 7.960361122093604358e-01 6.697622533990520433e-01 5.472020155135998154e-01 5.787617655829447871e-01 5.323799170586154261e-01 4.829874396269364656e-01 5.866370502623088345e-01 5.759359993323002191e-01 5.661006882279270291e-01 5.856524062715967593e-01 7.078018640248322502e-01 7.176575118657357866e-01 7.385414692356310207e-01 6.743483256627658129e-01 7.110186256653467929e-01 7.582133702790490037e-01 7.454929692076982528e-01 7.234677380820084824e-01 7.363056267531075116e-01 7.255560516740885424e-01 7.652878272019835171e-01 7.564100000099087673e-01 7.845377977070212561e-01 7.879739093692949004e-01 7.857215228330597379e-01 7.942327320389702683e-01 8.014246384805937540e-01 8.023390465228139590e-01 8.088009988924483862e-01 7.902343043698700775e-01 7.973255235583879275e-01 8.018111667262699527e-01 8.019679980505052264e-01 8.026451502242634151e-01 7.889789794375819953e-01 8.015091568657087828e-01 7.864751690722315836e-01 7.945899189366885107e-01 7.890487841505324784e-01 7.717473354796839935e-01 7.695932318962498409e-01 7.803015372053563325e-01 8.005267930149292388e-01 8.006865747068643291e-01 8.049117371671024035e-01 8.062140347334428858e-01 8.027475499411240722e-01 7.987120844661400598e-01 8.054583362141182201e-01 7.856386523596976534e-01 7.988869999760181972e-01 8.006497866065741542e-01 7.927091160200723241e-01 7.845453841954844743e-01 7.743026675333684050e-01 7.652726885651668365e-01 7.839947197755140484e-01 7.704651046003938575e-01 7.624075059574838553e-01 8.020098933357554527e-01 8.024930695231645705e-01 7.974588183560238352e-01 7.868922708588297343e-01 7.909445272651276504e-01 7.833516681930133840e-01 7.950536942279495811e-01 8.002749481515490926e-01 7.860459945363813539e-01 7.895914181573905344e-01 7.985449384511663640e-01 7.968937522971114573e-01 8.038510885432614828e-01 8.078608333079704273e-01 8.071761844468143821e-01 7.967897245525306094e-01 8.079767467854184204e-01 8.104597875567444154e-01 8.050648268582134559e-01 8.093190937422195530e-01 8.077229379573660495e-01 8.061815426255564132e-01 8.026879472465031640e-01 7.953313747484243024e-01 8.072932924389157883e-01 8.092129111948983544e-01 8.115884193522581169e-01 8.057479502195981080e-01 8.075728480161098455e-01 8.109303176170250538e-01 8.097680657026860018e-01 7.944533215886829813e-01 8.036949874784109493e-01 8.017736624211071472e-01 7.995983530670820461e-01 8.094339155463436963e-01 8.059554932145204242e-01 8.075141037934742139e-01 8.083873998647506109e-01 8.059477993436843235e-01 7.995099966660510482e-01 8.036728050416795943e-01
2.316399295867570540e-01 1.357825668521820406e-01 3.815132852443492428e-01 4.133988106936971607e-01 3.556567388739762525e-01 4.944140141401494049e-01 6.751519551753467629e-01 6.795847380446429220e-01 1.000000000000000000e+00 6.715099132743325150e-01 7.677096302824930607e-01 7.504003327210854168e-01 6.885160392185374345e-01 6.393881782009183112e-01 7.829766177273401739e-01 7.731288890270446856e-01 8.101418109723799166e-01 7.352117101313863090e-01 7.575865830091716990e-01 6.420139899302863551e-01 6.878948371368530657e-01 7.515966328125068818e-01 7.568768649157456840e-01 7.558534532232401570e-01 7.806125221904407496e-01 8.267713748314465816e-01 8.217077672304232694e-01 8.215406968339165061e-01 8.024763582449817578e-01 8.615545793806509423e-01 8.679553178131751423e-01 8.488593798790760037e-01 8.067371423733922242e-01 8.387594504136242080e-01 8.340020971286415952e-01 8.358262399335113502e-01 8.596080045346430332e-01 8.303389992094335481e-01 8.485461607104374249e-01 8.216960649779537773e-01 8.435352798531347007e-01 8.257626744844571709e-01 8.299925246990117467e-01 8.393219168447556555e-01 8.481139718160329855e-01 8.442659511791447136e-01 8.341072928745958404e-01 8.489459812263431271e-01 8.352696675857056441e-01 8.261900632389375110e-01 8.490078031396628422e-01 7.968080398599759473e-01 8.194663818665293142e-01 8.586585580574788157e-01 8.630527464363699774e-01 8.607489097782763388e-01 8.661564987501993995e-01 8.345960639464492514e-01 8.415461506566874750e-01 8.553926636385319471e-01 8.495463100510437515e-01 8.481811925247708661e-01 8.476640311551977280e-01 8.441895559147264416e-01 8.647716690188118616e-01 8.566973460190091538e-01 8.508598281161114940e-01 8.591656616920897438e-01 8.571649181713019150e-01 8.424664645566368737e-01 8.566277520586127459e-01 8.664000946051364505e-01 8.512045886195105382e-01 8.654824946999701840e-01 8.573378545685417240e-01 8.547051015582164402e-01 8.537867692808754905e-01 8.575965674174668152e-01 8.626445228434782564e-01 8.635275974048649550e-01 8.612844865150157680e-01 8.531730732708003861e-01 8.581345238482677162e-01 8.563902520449024891e-01 8.405805315710437320e-01 8.513815383947926918e-01 8.538496324851927444e-01 8.323077394410542951e-01 8.442649100194241640e-01 8.549403601071406955e-01 8.361415030216565736e-01 8.394042226001051654e-01 8.430334259640780425e-01 8.416013932301529277e-01 8.319405761060553184e-01 8.377019933725743384e-01 8.180658313074995469e-01 8.476476341046175200e-01 8.361523889692979994e-01 8.306790453264418783e-01 8.316992976404882221e-01 8.365753019517991884e-01 8.271170692035396677e-01 8.328301087158391791e-01 8.382072549511226933e-01 8.515619104151380681e-01 8.403474530673716858e-01 8.487406148759444324e-01 8.511242427779690534e-01 8.386946327710186333e-01 8.303460599837110268e-01 8.462782088585193430e-01 8.352203580263026783e-01 8.426340088386112814e-01 8.541332828413651379e-01 8.422609836635468472e-01
1.574067739131036758e-02 1.747185208886989083e-01 2.627746590568282303e-01 3.908003005872046631e-01 3.862094731143000392e-01 4.579011329942541675e-01 6.626369200742930898e-01 6.473839696762476725e-01 6.715099132743325150e-01 1.000000000000000000e+00 6.873076474002451919e-01 7.247423572652423873e-01 6.574030649005316862e-01 6.091535697658729820e-01 7.698491058261784925e-01 7.632711380732528639e-01 6.542825072038699341e-01 4.864918581583757007e-01 5.182524462571581614e-01 4.570630496527816611e-01 4.060370177066160990e-01 4.973695155639960563e-01 5.760111807121326422e-01 5.174978132591914193e-01 5.342120230874627396e-01 6.705000332644074357e-01 6.635454964343191486e-01 6.925230176775202251e-01 6.551039789586532436e-01 7.203491764987971502e-01 7.482810441084351005e-01 7.327520128188050874e-01 7.061728498213547534e-01 7.022553722625853867e-01 7.360238523822562051e-01 7.219027016881629510e-01 7.289020159907915186e-01 7.703662725225129959e-01 7.699199966573654352e-01 7.562169100212402517e-01 7.665884580694741768e-01 7.772731606523762826e-01 7.543529887218567431e-01 7.704577797104336101e-01 7.564428860278743505e-01 7.828595048508160126e-01 7.867367218288161546e-01 8.003226567164669625e-01 7.905065834099379574e-01 7.464879125271125515e-01 7.751182191120794540e-01 7.077225853065202132e-01 7.659047169459841653e-01 7.892624716459216705e-01 7.697719318521204501e-01 7.571254574454473474e-01 7.613657897608556713e-01 7.869927572275858818e-01 7.861833543928874457e-01 7.856775506782053276e-01 7.864805594177648462e-01 7.914687847184425085e-01 7.808445445245724148e-01 7.841031579978953170e-01 7.665772870038035647e-01 7.762562999901848615e-01 7.912032291704579334e-01 7.652396799673588657e-01 7.731427426568605599e-01 7.313889643528150852e-01 7.183711477558880620e-01 7.522001654515290126e-01 7.311275348719105116e-01 7.346012546628413187e-01 7.749960295947762035e-01 7.776335555414639611e-01 7.780132464890412436e-01 7.709729784141963194e-01 7.771020109502880802e-01 7.917394660878301904e-01 7.823644569859991016e-01 7.948909211229440164e-01 7.782151893619212446e-01 7.862894328428764457e-01 7.815742475199646266e-01 7.766306316899630469e-01 7.856934716701339250e-01 7.920194463346125202e-01 7.930054305653809754e-01 7.854418771779114739e-01 7.838481813944606635e-01 7.905250420685026036e-01 7.871140786366032094e-01 7.920160685096737652e-01 7.970451113053325098e-01 7.987856040461843721e-01 7.727864350324306075e-01 7.764093134968795828e-01 7.901397533383246463e-01 7.887369260605537891e-01 7.885995177419067304e-01 7.919153091355545238e-01 7.853628708939296432e-01 7.878021970158279874e-01 7.804168435679744720e-01 7.849250025187920476e-01 7.950875180057009883e-01 7.975439167943836338e-01 7.954041174981819617e-01 7.966136413941740102e-01 7.961708230117041651e-01 7.962703652758228445e-01 7.964271019729926016e-01 7.916478551475505387e-01 7.879599038553919410e-01 7.906486877926280910e-01
6.196219337197524102e-02 1.319440281828033745e-01 3.745353039035679288e-01 5.431526166766963426e-01 4.130200969340027117e-01 5.304214427469563509e-01 7.304698638064690552e-01 7.193573636202242882e-01 7.677096302824930607e-01 6.873076474002451919e-01 1.000000000000000000e+00 8.359591263056120880e-01 7.314808296554374811e-01 6.790489482726291826e-01 8.397492475461173500e-01 8.331151581144456975e-01 7.750971428989403833e-01 6.838288176133435758e-01 7.080156763439280354e-01 6.450152193364546704e-01 6.369460810177615118e-01 7.075854051006706946e-01 7.045088671704428096e-01 7.179155193577481109e-01 7.180837319904312954e-01 8.118946541313059040e-01 8.202923507623179900e-01 8.172461199220616423e-01 7.608319882123747435e-01 8.260861521245398409e-01 8.605550399677971418e-01 8.420173360147619190e-01 7.962937084706092072e-01 8.384632572344166146e-01 8.170240361668382745e-01 8.567513157882004071e-01 8.466493036340735356e-01 8.438617145742746128e-01 8.686692393854892336e-01 8.542447725867197139e-01 8.772337834856321903e-01 8.651338851382395223e-01 8.661737663783638519e-01 8.783711793897900355e-01 8.740164214141356025e-01 8.638558751779303879e-01 8.715808572411855026e-01 8.738425476521561874e-01 8.719050842736932871e-01 8.563205463089503811e-01 8.727671645842718373e-01 8.495623820144262428e-01 8.624944756699297610e-01 8.694063701006675693e-01 8.599134682230015203e-01 8.643638650896003917e-01 8.650408403462398477e-01 8.672781172844256092e-01 8.688884664974169114e-01 8.782168301996149395e-01 8.784502180700203278e-01 8.732120745653881855e-01 8.727694121278853912e-01 8.740863205652593670e-01 8.722554825439122750e-01 8.762390409265747859e-01 8.784268335396534511e-01 8.821926371105722753e-01 8.765616726483422827e-01 8.740290388150949719e-01 8.683326027271734970e-01 8.809435875232149993e-01 8.722489565128589417e-01 8.696382412190262201e-01 8.869122762261620885e-01 8.866905291125397603e-01 8.741603322971321921e-01 8.694964835793744795e-01 8.789270598908527354e-01 8.738178619752338117e-01 8.814501927860434183e-01 8.850470339259306485e-01 8.725868450047165048e-01 8.728262571577211082e-01 8.766679519710075530e-01 8.816779476163670859e-01 8.852463644504919849e-01 8.752367727017580368e-01 8.794919872651418835e-01 8.775188105322175858e-01 8.778851507625888839e-01 8.817737800321077124e-01 8.837289370999220628e-01 8.812569300580191944e-01 8.780455969068304833e-01 8.772678014820214365e-01 8.731770951026811556e-01 8.748586342102905311e-01 8.807413524812421901e-01 8.798062394725311153e-01 8.814841877910872814e-01 8.783753980269775052e-01 8.748283785031163440e-01 8.798870211690916765e-01 8.840583234889073383e-01 8.754998940361127246e-01 8.792157614301969737e-01 8.778904554564651574e-01 8.775338353829675864e-01 8.768338856271050696e-01 8.738282073557606111e-01 8.801193781196410271e-01 8.784977942950642493e-01 8.805054709650995681e-01 8.811863072242513972e-01 8.804002394417902444e-01
-7.289486373295417376e-02 1.168292475501122724e-01 3.557931298133765186e-01 6.570537523047317308e-01 4.673358608437244710e-01 5.594467068082545902e-01 8.052673474769698192e-01 7.730466748197827309e-01 7.504003327210854168e-01 7.247423572652423873e-01 8.359591263056120880e-01 1.000000000000000000e+00 7.811174884338117907e-01 7.412001270614755333e-01 9.042733027593516937e-01 8.957979096213336545e-01 7.428196736140026957e-01 6.040490734978549714e-01 6.289045153678445299e-01 6.131493224248075746e-01 5.535170295953871777e-01 6.492666464804991433e-01 6.368840354478868537e-01 6.482447635580252943e-01 6.481390272982330281e-01 7.854503454468662049e-01 8.121761286902885457e-01 8.133572724413044019e-01 7.143375122919169984e-01 7.859058163728226409e-01 8.505228801121486049e-01 8.378197045213297001e-01 7.881419427390855548e-01 8.284886250352300197e-01 8.040310543120582354e-01 8.690990139115024604e-01 8.449453004104490184e-01 8.705043007271006106e-01 8.873765312717930565e-01 8.914899828542954818e-01 9.089380496776057194e-01 9.090358543684233794e-01 9.099677016540999031e-01 9.206890601896694504e-01 8.955262530559313650e-01 8.943365637682283431e-01 9.162091855217354697e-01 9.100611735993257012e-01 9.170044586110938090e-01 8.947841765746598064e-01 9.034575042865871097e-01 9.095091587677084366e-01 9.218582646820479010e-01 8.913677608223571358e-01 8.640635775590325141e-01 8.606725200788341024e-01 8.772240394046163514e-01 9.077510045430974284e-01 9.053626808134772608e-01 9.133103998075684515e-01 9.151708745582077809e-01 9.110712778180968252e-01 9.040473468892099573e-01 9.146496214089933074e-01 8.897887349378108546e-01 9.067511467510620538e-01 9.093043525328496912e-01 9.021107477140773989e-01 8.932300605622129908e-01 8.909988640427787265e-01 8.750567713656459690e-01 8.940077912679469385e-01 8.808095814897891618e-01 8.718906323643518252e-01 9.145550469576190222e-01 9.143144398454536859e-01 8.987335979609931691e-01 8.825028324206070085e-01 8.987822877876677774e-01 8.911048452930736552e-01 9.069887092474681056e-01 9.160692617467107723e-01 8.876207000905077527e-01 8.917494828070958723e-01 9.113872167726579931e-01 9.111842531545302215e-01 9.177559451049014383e-01 9.204520983944466384e-01 9.208151752299766901e-01 8.998363581331721983e-01 9.223686928315785183e-01 9.268098963150340763e-01 9.249784179308537801e-01 9.249339337784190374e-01 9.271018309410820057e-01 9.231330460396107718e-01 9.213055860949550535e-01 9.047262241953838435e-01 9.235021107759980863e-01 9.280890035855001718e-01 9.296940614334446851e-01 9.226158150022157889e-01 9.300608118051938433e-01 9.309434831820897482e-01 9.304576243139477398e-01 9.011352094007510916e-01 9.199607947457182355e-01 9.128121282171232087e-01 9.087946929244609118e-01 9.225334009437050620e-01 9.214445997040362490e-01 9.219733005440926554e-01 9.257976214977405860e-01 9.214270982566074020e-01 9.124377306096843609e-01 9.219922805675134780e-01
-1.072423773648142724e-02 1.119789232460285250e-01 2.816813049695871540e-01 4.994117199683282271e-01 4.118591064437925886e-01 5.138188686320405152e-01 6.914542741516505053e-01 6.900307942795990135e-01 6.885160392185374345e-01 6.574030649005316862e-01 7.314808296554374811e-01 7.811174884338117907e-01 1.000000000000000000e+00 6.444479575019514961e-01 8.027559504955794623e-01 8.029179276679182520e-01 6.899215884637540652e-01 5.719558535463790117e-01 5.963277922619104610e-01 5.606046716607282487e-01 5.049254710212643937e-01 5.936803000078645365e-01 6.134478207843677700e-01 5.958421867943850536e-01 6.069028092818784526e-01 7.218168248723236813e-01 7.255192227062535748e-01 7.447523037206527086e-01 6.747769406056166597e-01 7.340959988500377342e-01 7.787255719864630832e-01 7.676087971656415654e-01 7.338555368235919474e-01 7.450803567622117374e-01 7.429059064407674828e-01 7.709070632603661766e-01 7.728662285814678068e-01 7.955678870677692638e-01 7.994537988610782575e-01 7.920691691694261571e-01 8.092308904026231930e-01 8.135239565363320269e-01 8.042143594630222214e-01 8.184338132145814182e-01 8.114219556536234057e-01 8.109224821500168323e-01 8.253019978608957530e-01 8.250872386700085492e-01 8.212416817938442692e-01 7.923954510233783832e-01 8.103945756572044079e-01 7.954576090452688542e-01 8.166418439309098831e-01 8.125624407650229308e-01 7.967290822201080758e-01 7.903873498136076980e-01 7.983439282756121802e-01 8.212154714573730585e-01 8.157579182415476415e-01 8.258625771559010564e-01 8.233912070404314498e-01 8.252560704650658829e-01 8.185855633799005160e-01 8.197697824592998783e-01 8.051822728288632325e-01 8.193709127741864995e-01 8.235450010124338860e-01 8.146185484496807350e-01 8.074876626015718983e-01 7.986423956505999122e-01 7.815953668841775226e-01 8.028543904719918078e-01 7.916072196229128055e-01 7.875255599923088878e-01 8.196334255245624201e-01 8.212097413522899680e-01 8.121805450760466449e-01 8.031972340683781741e-01 8.139608875076819183e-01 8.049623503729501639e-01 8.139955187721019669e-01 8.234704846425642266e-01 8.092841326359114795e-01 8.097583124769842655e-01 8.137208959266341024e-01 8.147112923709896037e-01 8.210105030092730294e-01 8.233432401558317126e-01 8.236931859249294607e-01 8.203324031990042453e-01 8.232079618002928756e-01 8.295975403370420276e-01 8.251101984491088226e-01 8.279826682903900226e-01 8.278758917891752001e-01 8.310940700281701510e-01 8.158962461467699212e-01 8.111215964165449099e-01 8.247410708936583346e-01 8.260745020921612669e-01 8.264803901519033325e-01 8.259774483171005155e-01 8.260022677152079051e-01 8.286729221332288509e-01 8.265209091278308273e-01 8.150559654984670388e-01 8.264277667770980607e-01 8.281917132208530541e-01 8.248500050470107814e-01 8.287155243858913556e-01 8.268292872388395276e-01 8.294472012510103465e-01 8.294004428763908088e-01 8.256732052768299690e-01 8.206256752437945945e-01 8.269241027673583933e-01
