1.000000000000000000e+00 1.018910447673152669e-01 4.248235233681382783e-02 2.707675027359970552e-02 1.386090037125591902e-02 1.087107220181687817e-02 3.816253916570572918e-02 4.891103281079462600e-02 1.108240166435733726e-01 2.304298068047209991e-02 1.299772511472057149e-02 1.861299339180948892e-02 5.254524771260329907e-03 1.430161614347712912e-02 1.312975435086143408e-02 1.649508179674573360e-02 9.374031076098297832e-02 5.704824866354318152e-02 3.761964628352752055e-02 7.042510096451529145e-02 5.344047478355286318e-02 3.344930456552194786e-02 2.975008750740336036e-02 3.789062149484472009e-02 3.597865322876130784e-02 2.975441536929179440e-02 3.103585053556482190e-02 -2.308403876798475942e-03 2.180178209646640650e-02 3.038010904593570205e-02 1.388502419323288904e-02 1.621293956363992206e-02 3.541355238219618881e-03 2.223730136258850881e-02 2.087591334680792554e-02 2.147805495764784980e-02 -1.770208225325805001e-03 7.939643914880131423e-03 1.334382447795465741e-02 -2.332197160370995392e-02 5.865778452523875454e-03 1.561566458376903183e-03 2.079751879719468621e-02 1.258658133538293790e-02 5.286521169315301118e-03 -9.779363489875781985e-04 -2.478814191793567872e-04 1.868032258558479514e-02 8.132950508921855948e-03 -4.985771717592017011e-03 5.827336959584762145e-03 7.421308477021677091e-03 1.273650530501839115e-02 2.947070882149539078e-02 9.400312417557477171e-04 5.133857763498445373e-03 3.337076581717585144e-02 9.754182290065308708e-03 -2.822860275105202894e-03 3.809411748267250986e-02 1.584647703404094485e-02 1.700690239474979271e-02 1.397744928656824252e-02 3.046179780892278519e-02 3.325409316297479184e-02 3.905760162990799117e-02 1.663501803704994786e-02 1.988661437314067151e-02 2.081056328212892159e-02 3.191000989402840299e-02 1.244666131297513488e-02 1.278272106806675051e-02 1.765944221546660378e-02 1.389020844629311122e-02 6.237114878987824566e-03 1.562967543270030873e-02 2.368441774643777718e-03 1.150430582822720496e-02 9.741651424606995874e-03 1.800028784547257413e-02 6.960761175629582263e-03 9.842195915938874856e-03 1.555361918481333421e-02 7.549527674711270682e-03 -1.099827782545173137e-04 8.778386436270133736e-03 -3.093883133863251176e-03 3.403424100542173057e-03 7.142185688079591248e-03 1.083240838710591500e-02 -3.688619126686293586e-03 3.719656897912363824e-03 7.049614229017290429e-03 -4.681699685128603341e-05 4.637706709070056263e-03 9.197683319796354229e-03 9.252211922315411313e-03 1.213071528337533213e-02 3.936103631879224116e-03 2.319673893264105440e-03 9.260332017741391281e-03 9.138277692772015307e-03 1.547515122145454343e-02 8.215621354692588876e-03 1.549242632004002238e-02 2.327837933964221895e-02 8.730154123030338040e-03 9.281804929722541411e-03 7.259431967469070351e-03 9.825928417806831933e-03 5.415378020763050339e-04 2.172348543998412970e-02 1.474344222170787845e-02 1.831732068105575498e-02 2.537717892931738370e-02 2.339717878951831295e-02
1.018910447673152669e-01 1.000000000000000000e+00 5.545325434638002232e-02 7.774763553550212425e-02 2.737495928357277369e-02 8.774880204341262147e-02 1.053357274025315121e-01 7.907253809539335765e-02 1.454664109764167435e-01 1.408308253460615611e-01 1.093322037573590533e-01 1.148261395263713985e-01 1.105085574718163571e-01 1.442375395625893619e-01 1.320300070020025696e-01 1.154839336665723359e-01 1.529302383348783712e-01 1.201033611614914787e-01 1.131846120129251648e-01 8.251176820769638709e-02 9.672560998489966588e-02 1.086500398792410310e-01 1.310938227578161974e-01 1.093546332391550358e-01 1.129238271718669834e-01 1.254744386029714165e-01 1.251782074777986753e-01 1.252007315451285629e-01 1.094462844867297308e-01 1.318664273384044794e-01 1.342107544291306631e-01 1.393542460880443090e-01 1.166388325283743838e-01 1.217709272169517770e-01 1.324659526913248841e-01 1.144426062832025470e-01 1.294826970761330243e-01 1.320656722263341409e-01 1.324848233379351536e-01 1.283503520160938771e-01 1.335392215426010887e-01 1.215394647661028754e-01 1.119667036572610797e-01 1.289079172457400779e-01 1.311033842853857601e-01 1.237042885329168174e-01 1.428927239963766749e-01 1.525692470094206776e-01 1.477004375753484811e-01 1.293520268145694485e-01 1.298986684017083282e-01 1.259086630943274943e-01 1.342632071037353214e-01 1.612095694962007719e-01 1.490264471533012669e-01 1.426966066214475359e-01 1.666697444376167014e-01 1.362700209956241304e-01 1.523688526737524418e-01 1.475431335925522225e-01 1.443463952641462489e-01 1.568454217561367492e-01 1.504509602679814650e-01 1.440739434023045051e-01 1.330311542872899544e-01 1.543849166453297450e-01 1.441952588037501426e-01 1.411143813856068907e-01 1.455644424442806562e-01 1.360128888314277029e-01 1.327390609141222144e-01 1.367272949392484838e-01 1.354026643893163351e-01 1.323430084893226222e-01 1.394083108500299706e-01 1.372277076729502276e-01 1.340686440239026722e-01 1.324374279404439969e-01 1.370861282281369276e-01 1.434718522398691076e-01 1.392644405599718083e-01 1.403672151478193020e-01 1.437351266426747098e-01 1.405792307568122512e-01 1.374920988025875868e-01 1.337649250695085446e-01 1.320381696811716576e-01 1.402124530843970596e-01 1.390076392313371600e-01 1.485182716869712649e-01 1.347436363659709202e-01 1.368420847509666805e-01 1.355725784040250348e-01 1.358558606308955252e-01 1.414484672511195640e-01 1.482567101408409360e-01 1.442824090059265374e-01 1.438517363065817956e-01 1.389103072013160023e-01 1.346591663875229827e-01 1.356746136016764026e-01 1.434382180348424685e-01 1.411104808121408372e-01 1.379178680326114959e-01 1.409045389280537686e-01 1.561577432907548801e-01 1.492072835296487654e-01 1.481410032269175614e-01 1.481884524055732122e-01 1.428828610714671377e-01 1.474172273705944836e-01 1.440877233102677291e-01 1.513957921136254159e-01 1.435210539934822505e-01 1.407513803884339887e-01 1.460791492284733151e-01
4.248235233681382783e-02 5.545325434638002232e-02 1.000000000000000000e+00 1.896533482428546802e-01 9.356959859610114449e-02 1.030033302938929973e-01 1.820967945908229524e-01 2.039782008546099368e-01 2.197545834995066616e-01 1.859759714062519942e-01 2.034509317134826634e-01 2.582271030389423072e-01 1.975028027742755099e-01 2.102785639915114024e-01 2.250201430515954004e-01 2.339928443875953779e-01 2.413489091782842211e-01 2.518838193226637934e-01 2.527970536224738440e-01 1.972938686514939532e-01 2.448778421241337155e-01 2.519552493747896915e-01 2.488524310846179921e-01 2.596208352247115214e-01 2.646555774976120379e-01 2.669027827052855018e-01 2.584647579795938954e-01 2.457884733970023550e-01 2.501100180391429562e-01 2.521217490705389697e-01 2.504798880112988346e-01 2.570325432781081498e-01 2.591578263595941123e-01 2.743456245832517904e-01 2.371138822523115308e-01 2.484002811203125938e-01 2.507596858653456939e-01 2.576408547753026301e-01 2.574827932414754383e-01 2.574357104584484857e-01 2.503163970542462424e-01 2.465470695608954765e-01 2.472386735905328092e-01 2.544049016340808600e-01 2.621108182195394098e-01 2.461321032402780107e-01 2.431103918533056851e-01 2.381981377521978360e-01 2.428509548947338226e-01 2.548935346640769373e-01 2.534257114356283092e-01 2.484539233956629956e-01 2.418231472945625293e-01 2.355618764536809018e-01 2.298666195184884964e-01 2.439423999614513949e-01 2.327426210833919151e-01 2.370709364233028194e-01 2.351111837294919404e-01 2.332870734386462974e-01 2.442585241216176928e-01 2.315617478978685417e-01 2.338827028115264828e-01 2.409134286691985150e-01 2.436892300090154340e-01 2.373013887014403245e-01 2.448661822789659770e-01 2.470936688461541353e-01 2.499805492281427510e-01 2.383160908599422367e-01 2.468822614806442384e-01 2.490074422930287634e-01 2.525866123051731527e-01 2.546497115247163268e-01 2.488708776573174963e-01 2.513498097770166528e-01 2.515161731456826422e-01 2.492137995267045270e-01 2.488095846935564626e-01 2.419431661301742753e-01 2.425226626376752181e-01 2.385343969856473234e-01 2.468797248058501037e-01 2.478608773180143166e-01 2.526319376652099158e-01 2.550416540183156888e-01 2.435656655303015949e-01 2.491218608600520301e-01 2.494960398521684219e-01 2.443397058616771089e-01 2.557333460620048182e-01 2.471316994255647881e-01 2.532942203333861109e-01 2.474473371959339529e-01 2.406871598646245780e-01 2.401554354072459596e-01 2.436511918254119224e-01 2.390165425915186104e-01 2.417774496261269890e-01 2.474982755659425049e-01 2.448704610439278451e-01 2.400909071319645982e-01 2.421724261497085195e-01 2.439949162326366106e-01 2.492798156217576055e-01 2.316229918581033387e-01 2.390829659346740133e-01 2.404813877047639881e-01 2.357354266817466570e-01 2.400535963111641580e-01 2.330246037327184383e-01 2.353898370494151016e-01 2.335540404442009998e-01 2.414410204604113264e-01 2.426458971800569686e-01 2.382188689486151589e-01
2.707675027359970552e-02 7.774763553550212425e-02 1.896533482428546802e-01 1.000000000000000000e+00 2.201080581869236941e-01 2.781016371374890328e-01 4.370814680741750835e-01 4.052545846661083084e-01 4.344567256728726345e-01 4.038009251072895989e-01 4.413067118065125971e-01 4.964712335527488585e-01 4.211377055296577909e-01 4.434269517783490100e-01 5.067354064625951837e-01 4.841065149715592097e-01 4.970019176716222176e-01 4.838061934466645342e-01 4.875474786485518575e-01 4.740643979775013839e-01 5.126104437642060585e-01 4.964010601520589816e-01 4.927195548107271006e-01 4.967442255212295987e-01 5.030205768420668022e-01 4.939011584247839926e-01 5.005719316170846866e-01 4.867899068973179921e-01 4.906579825561487862e-01 5.138267187884738574e-01 5.141422668057570311e-01 5.116379865922024983e-01 4.789091477212118475e-01 5.111823961502489633e-01 5.076075414305900591e-01 4.976236108622743570e-01 5.063477958686857239e-01 5.123537178872951126e-01 5.135577388427645662e-01 5.075403096391508662e-01 5.073951401491372248e-01 5.046672561948869484e-01 5.123444886294088452e-01 5.097364440918139561e-01 5.253766267621806652e-01 5.057008233917806850e-01 4.995743497957329526e-01 5.039949340286870028e-01 5.064992331033009165e-01 4.939271115312168781e-01 5.031170671931874949e-01 5.010549073569918743e-01 5.156469848513601795e-01 4.954219260734707420e-01 5.024825142095465935e-01 5.119989825399766659e-01 4.981314163140232454e-01 5.117393652064364806e-01 5.021598101927933211e-01 5.038066323414007730e-01 5.140429440893022894e-01 4.956812838656219911e-01 5.017833006391430040e-01 4.964668751741799779e-01 4.978317085624734961e-01 4.983594171011305196e-01 5.110538225407929014e-01 5.141203974175566627e-01 5.209794885401096698e-01 5.308907077243751882e-01 5.174284578334361617e-01 5.125302842515578883e-01 5.208223504016172845e-01 5.159018941194823960e-01 5.105762986996418284e-01 5.094837675565934143e-01 5.129125080993325314e-01 5.136651053210726792e-01 5.141224082228155190e-01 5.110656266554872706e-01 5.100890277459607658e-01 5.123355088824049774e-01 5.219624967295279916e-01 5.148588947775504243e-01 5.180964735449252734e-01 5.222472397559132506e-01 5.148872978764332808e-01 5.171375968639149168e-01 5.188407181843359695e-01 5.207936366492589286e-01 5.185598883782962520e-01 5.123496395079381038e-01 5.187770739964938649e-01 5.144028008140864028e-01 5.107411203076283046e-01 5.092258883052125373e-01 5.285489241902706636e-01 5.074501870662051495e-01 5.168858459058650601e-01 5.197634730061911901e-01 5.196790916511121461e-01 5.166825889266989380e-01 5.204235934155304610e-01 5.164814734831603138e-01 5.209329549859550434e-01 5.086100924227257014e-01 5.124043749345554843e-01 5.093035716357449116e-01 5.134673579237670760e-01 5.088755496042172144e-01 5.128919440880823633e-01 5.095835464870640541e-01 5.089206353891484458e-01 5.137670445012965104e-01 5.128130430127911810e-01 5.110433280011409396e-01
1.386090037125591902e-02 2.737495928357277369e-02 9.356959859610114449e-02 2.201080581869236941e-01 1.000000000000000000e+00 2.298372601172367913e-01 3.315002755464964146e-01 3.596945932162857185e-01 3.584586631158830361e-01 3.379511111428553094e-01 3.341181497273945089e-01 3.807961520968338176e-01 3.603138828302225871e-01 3.646999275379534944e-01 4.055558644495405596e-01 4.058304379733815304e-01 3.742600062347667955e-01 3.729359032242316463e-01 3.817242938968126165e-01 3.285464783281158430e-01 3.769380661351815487e-01 3.918706652321520267e-01 3.942700297028364775e-01 3.655517381462328186e-01 4.004585619784972184e-01 3.862474846852244070e-01 3.799433438745061231e-01 3.903361809779270497e-01 3.690831731172994901e-01 4.023816574385489231e-01 4.143190523166339068e-01 3.991911076004788783e-01 3.691429393283996996e-01 3.965574294930481192e-01 3.950713685020694754e-01 3.881546610368586947e-01 4.070180046928232875e-01 4.102493558275553953e-01 4.155601699287548856e-01 3.944783749063468514e-01 4.147799323878941236e-01 4.164930930896424965e-01 4.166099676385930928e-01 4.237395709268250710e-01 4.076760901827871653e-01 4.221004031593047490e-01 4.238669897198118486e-01 4.217363230206824243e-01 4.208384659559695207e-01 3.987112702733496272e-01 4.118702376732420456e-01 4.169754117182796205e-01 4.155501470920221485e-01 4.196746304159111318e-01 4.198961816995343543e-01 4.214539430816181542e-01 4.142020981658679490e-01 4.251628310777489372e-01 4.184315903608794018e-01 4.254454621450627916e-01 4.305277862622778895e-01 4.175475557038495489e-01 4.210725199579796740e-01 4.140667183097612725e-01 4.200043988646940951e-01 4.248014462176928352e-01 4.206276929741188941e-01 4.233677712444220420e-01 4.245177053422304891e-01 4.225567641190596802e-01 4.266991416820106742e-01 4.267876928764501865e-01 4.214920786211410197e-01 4.268611964960984939e-01 4.219514443707116369e-01 4.223810884426339451e-01 4.208974491494695824e-01 4.114533434216899876e-01 4.197570782436613190e-01 4.200184208966649124e-01 4.243834552314167397e-01 4.238331516919701114e-01 4.245917367452946567e-01 4.222112407011773816e-01 4.155124644692367308e-01 4.241557018263631962e-01 4.260147133439752820e-01 4.265052126650274444e-01 4.254104395155376417e-01 4.270273626654003674e-01 4.222594213859008350e-01 4.234455963976663240e-01 4.256194014333201658e-01 4.272903828567373719e-01 4.266191812205057388e-01 4.253615647731693872e-01 4.163176870800265328e-01 4.146856966191995175e-01 4.241340014390105329e-01 4.204851655900097018e-01 4.308250694126221636e-01 4.259953928397853806e-01 4.279582634272940389e-01 4.278942975414743999e-01 4.274345170497918511e-01 4.216577543527049721e-01 4.234540321347886604e-01 4.245274218712329906e-01 4.259431441388314976e-01 4.295848521875472725e-01 4.271811578922285468e-01 4.288465158252123266e-01 4.267185214501819646e-01 4.238853631887624096e-01 4.222179033973599283e-01 4.258800942875314854e-01
1.087107220181687817e-02 8.774880204341262147e-02 1.030033302938929973e-01 2.781016371374890328e-01 2.298372601172367913e-01 1.000000000000000000e+00 4.293008794053180255e-01 3.821864072040198623e-01 4.107570947227072167e-01 4.055627422397277138e-01 4.069494343517570112e-01 4.506674238945043709e-01 4.187506341394228726e-01 4.280007932973047824e-01 4.895732816951900990e-01 4.570979278371812282e-01 4.404433827169964566e-01 4.363649840624367893e-01 4.600008239834810775e-01 4.148635203722299547e-01 4.612843329170859819e-01 4.732307212073285640e-01 4.631613871179091624e-01 4.464258430537138556e-01 4.676762249087808576e-01 4.794584662584879253e-01 4.798227541537973262e-01 4.847642193250501497e-01 4.642738648140877222e-01 4.911717507701900964e-01 4.976297934775021914e-01 4.852936863738345763e-01 4.545440629778349506e-01 4.879136375956408256e-01 4.865924058530810004e-01 4.660605780213455951e-01 4.906573107929021460e-01 4.926370408305111304e-01 4.989831835586991393e-01 4.754898077752197083e-01 4.967406978278741669e-01 4.934727296347053982e-01 4.933266717017165126e-01 5.011295801959521068e-01 4.989241484550355765e-01 5.037175040639469970e-01 5.062607814382517057e-01 4.988818114052822605e-01 4.963349657877087484e-01 4.758525411243307301e-01 4.891895547839316682e-01 4.813633046019088479e-01 4.937667216577882878e-01 4.934556634252007523e-01 5.014291245254230978e-01 4.983440455793851642e-01 4.872706978880874118e-01 5.016505397651733755e-01 4.988731103066197381e-01 5.027432622150884711e-01 5.061802163990298808e-01 4.962541224433253961e-01 4.954925738622130704e-01 4.885041753520315555e-01 4.919458323082733231e-01 4.971358652468230166e-01 5.060509355258995257e-01 5.056525441573808122e-01 5.075570800818757222e-01 5.079440543488740190e-01 5.060831952300183234e-01 5.056487440292544155e-01 5.042732501551632218e-01 5.043404453629841688e-01 5.085957979932268502e-01 5.003289560736653430e-01 5.055777479838278188e-01 5.010171179853120105e-01 5.064005389671827340e-01 5.071774399208911488e-01 5.065111466384443206e-01 5.067745713534936858e-01 5.036780218055877389e-01 5.068107368236928201e-01 4.966652107197190857e-01 5.051243067873044668e-01 5.027140506472741466e-01 5.058219397157017738e-01 5.069851847930639810e-01 5.066601723226106246e-01 5.076739680029317414e-01 5.074488082133193911e-01 5.053799713838330598e-01 5.109894227054398996e-01 5.063618217630287965e-01 5.073619514171250344e-01 5.053487292934286668e-01 4.963578132637325724e-01 5.077278175602194521e-01 5.041354764462866456e-01 5.094161689666866222e-01 5.063999583584886111e-01 5.092353073883459924e-01 5.102516474917492273e-01 5.054444646465398039e-01 5.006567831608896846e-01 5.060897362932751387e-01 5.078395186010538076e-01 5.051232287838065549e-01 5.069901986110925129e-01 5.042587089173424797e-01 5.077220495493091068e-01 5.038910069971820338e-01 5.047300323149807033e-01 5.034818440316323196e-01 5.051948732319487823e-01
3.816253916570572918e-02 1.053357274025315121e-01 1.820967945908229524e-01 4.370814680741750835e-01 3.315002755464964146e-01 4.293008794053180255e-01 1.000000000000000000e+00 6.018500245368230139e-01 6.569230162024464192e-01 6.041395821645970665e-01 6.538053280898685760e-01 7.190818069277411517e-01 6.386911984399343822e-01 6.516785887804640298e-01 7.619830002508350963e-01 7.257162877098337628e-01 6.880232106548185289e-01 6.831883398275071517e-01 6.989910743639321522e-01 6.635873353376398054e-01 7.282364085199554138e-01 7.243089387657304368e-01 7.248693766920619730e-01 7.032650359587028221e-01 7.222307755195334078e-01 7.461545868592177611e-01 7.358939501230743474e-01 7.469544108880357136e-01 7.230079393982487002e-01 7.473953080072138766e-01 7.688311007772283823e-01 7.494425089272459539e-01 7.173939934235346039e-01 7.463376152233551775e-01 7.301306083196391628e-01 7.338070847620403736e-01 7.549506119426604434e-01 7.541276951145595708e-01 7.596545870092177299e-01 7.555375637512746767e-01 7.629402195511151286e-01 7.696411191809703345e-01 7.688926333932998292e-01 7.713869489077224140e-01 7.660215757954484950e-01 7.599848229682599765e-01 7.600944024968271373e-01 7.638036533062124711e-01 7.553680575974871525e-01 7.253180933253230434e-01 7.489808023348299981e-01 7.430191590836836557e-01 7.542086585027155676e-01 7.475722797750442572e-01 7.610940877603422638e-01 7.713084328473511775e-01 7.435391122543248965e-01 7.632664110305824590e-01 7.535323193118342866e-01 7.569941630600958149e-01 7.686464793623742908e-01 7.489001488828110897e-01 7.527781419397686635e-01 7.487511975652209051e-01 7.465003072995354261e-01 7.495330014800530849e-01 7.642722426578935080e-01 7.663609492184562111e-01 7.679242452875146840e-01 7.729223784103007588e-01 7.703698700022749701e-01 7.668131525593310238e-01 7.689704358091749015e-01 7.686055197381582715e-01 7.687882295815330336e-01 7.661807201828674252e-01 7.734574198527096600e-01 7.656566690801126507e-01 7.750300703437741356e-01 7.716993296458146689e-01 7.692927770322701697e-01 7.684794970337023301e-01 7.687972162639300500e-01 7.657086913259054661e-01 7.587273348258367633e-01 7.697838993910472993e-01 7.718303484471391585e-01 7.717962417369628181e-01 7.750536387827366980e-01 7.697052876795305032e-01 7.744573469096852625e-01 7.755405452360060181e-01 7.738254200454899312e-01 7.750831951461641944e-01 7.642838817984393129e-01 7.646322382157119124e-01 7.660529919547619526e-01 7.432768819391710746e-01 7.658643408131191599e-01 7.644790075600356172e-01 7.783047777568141701e-01 7.630994027729590679e-01 7.671910896178190109e-01 7.701240460586599168e-01 7.682818113583170794e-01 7.533220446005619575e-01 7.618653369501352524e-01 7.658562461022796475e-01 7.707541727982128998e-01 7.647923797003767232e-01 7.648490502686533521e-01 7.628190678969701821e-01 7.600730336558779721e-01 7.630390462604703661e-01 7.614728191211281860e-01 7.594602746524908854e-01
4.891103281079462600e-02 7.907253809539335765e-02 2.039782008546099368e-01 4.052545846661083084e-01 3.596945932162857185e-01 3.821864072040198623e-01 6.018500245368230139e-01 1.000000000000000000e+00 6.087291470860152209e-01 5.732082791408982247e-01 5.785256059392922534e-01 6.742689553935068414e-01 5.948178156909318393e-01 6.100474980667375258e-01 7.085912392849110786e-01 7.074485684897198201e-01 6.501785995798543549e-01 6.463440758804209763e-01 6.693690825473276318e-01 6.365338572525972571e-01 6.768586688761852876e-01 6.894951345154063382e-01 6.821067075813375125e-01 6.532668458405633816e-01 6.761268920553301642e-01 6.805404033749317128e-01 6.640355548054480694e-01 6.701898356509410348e-01 6.586386452112344969e-01 6.893376120391442319e-01 7.112417030266181550e-01 7.009882982452060318e-01 6.497022540901068455e-01 6.945248242243409198e-01 6.754317929513297125e-01 6.619545337344316938e-01 6.794336400093834438e-01 7.160946757625477055e-01 7.008952789012340423e-01 6.975350549888424956e-01 7.049662266249795417e-01 7.057761647434908081e-01 7.064879279252164190e-01 7.179920687974855609e-01 7.008710187346927079e-01 7.109759717600181439e-01 7.089818218015618845e-01 7.133589768733182845e-01 7.162488185489451764e-01 6.964432196712062595e-01 7.210076653593696649e-01 7.012689808988404883e-01 7.119862306518894846e-01 7.065369764215663206e-01 7.199208770929813594e-01 7.194538801497027958e-01 7.122903704003209491e-01 7.245875304456885768e-01 7.198938980835896118e-01 7.124906830393940016e-01 7.285311758275955230e-01 7.129770287794076067e-01 7.231822105458728389e-01 7.027062085768348565e-01 7.023622008470996603e-01 7.116228587971761277e-01 7.128090623348065646e-01 7.199174286767782149e-01 7.232201109547499174e-01 7.302288057176551384e-01 7.228785409718718746e-01 7.159441640656221129e-01 7.171694642007466758e-01 7.165082982654171762e-01 7.161273565321076839e-01 7.092124552900445078e-01 7.087209359581531087e-01 7.080865803109844814e-01 7.125636307641315392e-01 7.120269074403481335e-01 7.103723061309380471e-01 7.150182224235609452e-01 7.162143032986847402e-01 7.100339428188684465e-01 7.131623190325367956e-01 7.188744716623366449e-01 7.095526393786968367e-01 7.218089654955606171e-01 7.157868322317734178e-01 7.255097801030611082e-01 7.088543572163773510e-01 7.196458933319354045e-01 7.191276705564960681e-01 7.165695784806838109e-01 7.156939039753004161e-01 7.160525621590394518e-01 7.264637165606119273e-01 7.102760063145040492e-01 7.255039784975856332e-01 7.235765994599961948e-01 7.237550032239083997e-01 7.292473152013658755e-01 7.218506101606328995e-01 7.203953757065105767e-01 7.226999824523931970e-01 7.205277422194726888e-01 7.193888787636779636e-01 7.158896825741660752e-01 7.217749086149081172e-01 7.204466539696856575e-01 7.228553495522069827e-01 7.177145532825813801e-01 7.197170682545840359e-01 7.182784876685385234e-01 7.138328930991756360e-01 7.184614909636032332e-01
1.108240166435733726e-01 1.454664109764167435e-01 2.197545834995066616e-01 4.344567256728726345e-01 3.584586631158830361e-01 4.107570947227072167e-01 6.569230162024464192e-01 6.087291470860152209e-01 1.000000000000000000e+00 6.826913711409279273e-01 6.847093463583232564e-01 7.702147423027482231e-01 7.047572965962247693e-01 7.180969107058552403e-01 8.056330341064925626e-01 7.765300351666186707e-01 7.860083384508130822e-01 7.241936819687585514e-01 7.620531003996962038e-01 6.779901771167229363e-01 7.610986307089551151e-01 7.875729641654367619e-01 7.587345137198556744e-01 7.122438104788211266e-01 7.698723164046067380e-01 7.932105040749044544e-01 7.827344939167397708e-01 7.779991838839853679e-01 7.707481891432462762e-01 8.114895374079431623e-01 8.293381682249553188e-01 8.095540569244105145e-01 7.430875119816785501e-01 7.932570122803577206e-01 7.887178445819443828e-01 7.806913596952184120e-01 7.885089188336023014e-01 8.042406410914501036e-01 8.148303242055384699e-01 7.562232315336330224e-01 8.245564429289078401e-01 8.069318023078517754e-01 8.022007831021762403e-01 8.268647104479847076e-01 8.070479364788260002e-01 8.159619386906817873e-01 8.400471138762348744e-01 8.491679467607313736e-01 8.332835277296777310e-01 7.967084176898134862e-01 8.163588604260165749e-01 8.058432614292294627e-01 8.252558300126744406e-01 8.433451316367885919e-01 8.280358486724983536e-01 8.257142350277657528e-01 8.314359797607441260e-01 8.349834982564577901e-01 8.144866143497004884e-01 8.526687567645281352e-01 8.404146802808792893e-01 8.315427192946315271e-01 8.287259844911817330e-01 8.426583775415499300e-01 8.425468352842581110e-01 8.466570804085667978e-01 8.481603931186771916e-01 8.366924651097187304e-01 8.401669938698812512e-01 8.334619637792093361e-01 8.376004553377195405e-01 8.403599607280711759e-01 8.256060122730305428e-01 8.304538630344188155e-01 8.379291725034730964e-01 8.342216386628236169e-01 8.283830180608023896e-01 8.327598225650121311e-01 8.321415622419824354e-01 8.420040477681797197e-01 8.359318223363414457e-01 8.436972430541478385e-01 8.416354784860239358e-01 8.341447221301316883e-01 8.273301345508485838e-01 8.330338408735400435e-01 8.325722991039359311e-01 8.369803840558081021e-01 8.327657522542500912e-01 8.364799107050201465e-01 8.207929519083030367e-01 8.375686019211141531e-01 8.353801440662182998e-01 8.342456958227391084e-01 8.425610323815231339e-01 8.452269666317451247e-01 8.274712184089407785e-01 8.334694427318647403e-01 8.360214884977114069e-01 8.319144407500836946e-01 8.354128810895420365e-01 8.374984563233763835e-01 8.382535241412036875e-01 8.428945345663718669e-01 8.417337236022514046e-01 8.369721082876465656e-01 8.433435136164499912e-01 8.452139134172761414e-01 8.403933293486210987e-01 8.441252680639149686e-01 8.333950592787993106e-01 8.512796909252279276e-01 8.413858492002198597e-01 8.456881460909513315e-01 8.478752408602558965e-01 8.479023005441408412e-01
2.304298068047209991e-02 1.408308253460615611e-01 1.859759714062519942e-01 4.038009251072895989e-01 3.379511111428553094e-01 4.055627422397277138e-01 6.041395821645970665e-01 5.732082791408982247e-01 6.826913711409279273e-01 1.000000000000000000e+00 6.487970463720387215e-01 7.020472718051015137e-01 6.229064064255280808e-01 6.582608258462691042e-01 7.404761161938253622e-01 7.256994977248423240e-01 6.941000516345610105e-01 6.480125373194216554e-01 6.995956280065042110e-01 5.971952350678297883e-01 6.814771909704688824e-01 7.107890016012664569e-01 7.030899443454898812e-01 6.515078930754562014e-01 7.021393223836573938e-01 7.131468172722247312e-01 7.094279995848081777e-01 7.170383038036349799e-01 7.072720317708619531e-01 7.427886782809874910e-01 7.617444374629914750e-01 7.511891058532697008e-01 7.009998366769897293e-01 7.280263692418267318e-01 7.329815905656310582e-01 7.053146669777625721e-01 7.343637283924020487e-01 7.493845012805064876e-01 7.421687485056921441e-01 7.141623301545333424e-01 7.647998867565212189e-01 7.463908490770777560e-01 7.301063633113717977e-01 7.581207920625137042e-01 7.451009592658457414e-01 7.529066929377131734e-01 7.797269782253856141e-01 7.901027883431762655e-01 7.805750603378861507e-01 7.409096968822344031e-01 7.571929241278682055e-01 7.331109637651781474e-01 7.528455371286596476e-01 7.805937104812632477e-01 7.782903436859524016e-01 7.683019090215567060e-01 7.745333638299483070e-01 7.735017705173643510e-01 7.769642654761097500e-01 7.770698578001158374e-01 7.759413623375340796e-01 7.783484303239271984e-01 7.733130748791620102e-01 7.739346789834751217e-01 7.648757264436917280e-01 7.739596875737708714e-01 7.818647043066245805e-01 7.750651342679253375e-01 7.750537076078569676e-01 7.632155870357781868e-01 7.696569321808702790e-01 7.754996601547516910e-01 7.612865084801337945e-01 7.668816663082473895e-01 7.736524694991377959e-01 7.676830282883417844e-01 7.674400646848491547e-01 7.673978028824299802e-01 7.675596024030587605e-01 7.774798517062776471e-01 7.731096374862386211e-01 7.789135771727434543e-01 7.762232499501686700e-01 7.758582263611965013e-01 7.641726312600992665e-01 7.707323354594041165e-01 7.719983420026657051e-01 7.745651055853102207e-01 7.717341774848038849e-01 7.736538814135192066e-01 7.632379382843069715e-01 7.758604636630818119e-01 7.714570537090246205e-01 7.733443822654252342e-01 7.788648113014490226e-01 7.835155879796061873e-01 7.628273059730404926e-01 7.662811944035319289e-01 7.771943190048457017e-01 7.722984397237637744e-01 7.680846139461486866e-01 7.754712702241045585e-01 7.721475929639706193e-01 7.740037422323412519e-01 7.713377035463943043e-01 7.753037424828802537e-01 7.825169928817264919e-01 7.829091336693864145e-01 7.821526363720854302e-01 7.814065786366677369e-01 7.784724866164568491e-01 7.827074004401283203e-01 7.819964292826137031e-01 7.771125367086024749e-01 7.759051638985585697e-01 7.798366646085168608e-01
1.299772511472057149e-02 1.093322037573590533e-01 2.034509317134826634e-01 4.413067118065125971e-01 3.341181497273945089e-01 4.069494343517570112e-01 6.538053280898685760e-01 5.785256059392922534e-01 6.847093463583232564e-01 6.487970463720387215e-01 1.000000000000000000e+00 7.481514284829068329e-01 6.428944979040767116e-01 6.828735321279429948e-01 7.742924557856293299e-01 7.468606820084149334e-01 7.127646838660577355e-01 7.100567664955278468e-01 7.362354842105824915e-01 6.656762361219136226e-01 7.306487602465158160e-01 7.508317741822834179e-01 7.451312795871120054e-01 7.102227184166484131e-01 7.490823838430095138e-01 7.610546467446067664e-01 7.575302597712006980e-01 7.589337613252699066e-01 7.471953989198139023e-01 7.723616290138340945e-01 7.840505502216934541e-01 7.799510872753498969e-01 7.341161152808173274e-01 7.671740203351928855e-01 7.568954880499015880e-01 7.469402542932979117e-01 7.617288860973151499e-01 7.866684956193740197e-01 7.837980845342851222e-01 7.683530661959651065e-01 7.925666247271816456e-01 7.821952460462990864e-01 7.770900586479475569e-01 7.912201816881790917e-01 7.829105405674022800e-01 7.873012532096790306e-01 7.981587874246260927e-01 8.010294068119256927e-01 8.010025500663814357e-01 7.718023367819587532e-01 7.861328136540541855e-01 7.671366644267660906e-01 7.783948397785965811e-01 7.894172223244886322e-01 7.957115875944410499e-01 8.006509873580768266e-01 7.878748853035283384e-01 7.957060392649895064e-01 7.901421315942059875e-01 7.885928609905086262e-01 7.972854645818322483e-01 7.866373971378076702e-01 7.885048155974410111e-01 7.905445640185615463e-01 7.840223795116390004e-01 7.863878498876870626e-01 7.989698664234388126e-01 8.005633610333304784e-01 8.013408179031966672e-01 7.948816859051964778e-01 7.999607688998316979e-01 8.002919856586293568e-01 7.986294266395249641e-01 8.000246759154912013e-01 7.988207896083328041e-01 7.948012095416360223e-01 7.969005242625915031e-01 7.998606327311931219e-01 7.998209404655488575e-01 7.998908612370219107e-01 7.976202655052058166e-01 8.005257475270933787e-01 8.007159258481744146e-01 7.966977959893782879e-01 7.904265035220366942e-01 7.997955499503425214e-01 7.972719402387744569e-01 8.038237223080201277e-01 8.010835523020367610e-01 7.997493595083980944e-01 7.959139950565109478e-01 8.017572389668492505e-01 8.004472563710538502e-01 8.022718845529263065e-01 8.003015690373621593e-01 8.012909510521618595e-01 7.957852639537393857e-01 7.860539438454114958e-01 8.006636988346358397e-01 7.991187842418667753e-01 8.019972164931801206e-01 7.983326122841567507e-01 7.958073869860777805e-01 7.993145560399600447e-01 7.993711959351248453e-01 7.889332752434941032e-01 8.004289113486910967e-01 8.010496387397719742e-01 8.016025391072818529e-01 8.001077342466079712e-01 7.995415377999952611e-01 7.968988057132518898e-01 7.959687837756903583e-01 7.979979203747211702e-01 7.966287791240164173e-01 7.951506176643358126e-01
1.861299339180948892e-02 1.148261395263713985e-01 2.582271030389423072e-01 4.964712335527488585e-01 3.807961520968338176e-01 4.506674238945043709e-01 7.190818069277411517e-01 6.742689553935068414e-01 7.702147423027482231e-01 7.020472718051015137e-01 7.481514284829068329e-01 1.000000000000000000e+00 7.366862945256091866e-01 7.594536376546429102e-01 8.627020714168376347e-01 8.419933774591776832e-01 8.047295589924507997e-01 7.731161672482105285e-01 8.093492087517272227e-01 7.161142521683180329e-01 8.212853484434565754e-01 8.393648953028406412e-01 8.292989934786468842e-01 7.732829356204871107e-01 8.334084516517024088e-01 8.469576562059649705e-01 8.500605294935436040e-01 8.449247085246668343e-01 8.342415548738917330e-01 8.761349567488022627e-01 8.854050988426124258e-01 8.653057663195565796e-01 8.270276608992714884e-01 8.566940581232379559e-01 8.533055323498337508e-01 8.438360187520603795e-01 8.592485218070347042e-01 8.804393473349656496e-01 8.841056168988282726e-01 8.516379662927632266e-01 8.822292597083907228e-01 8.805384185200260116e-01 8.723038901469415407e-01 8.933291308261585018e-01 8.737279566814881715e-01 8.853957939808655420e-01 8.910904078076680168e-01 8.913611800078670155e-01 8.844794006291120114e-01 8.578584709581086321e-01 8.826191523183298804e-01 8.643087768545013594e-01 8.680203438337312782e-01 8.763106671511144974e-01 8.833142071780958338e-01 8.886553177303063711e-01 8.681693442318019205e-01 8.912003217782515918e-01 8.745885964323886208e-01 8.873418791767480052e-01 8.944054397636367337e-01 8.773627962255572399e-01 8.793549002822880212e-01 8.840763660219191911e-01 8.838837816748392751e-01 8.792544826410663150e-01 8.942060585670167372e-01 8.890436447805689646e-01 8.947516745772340352e-01 8.836661930409055454e-01 8.943475887038130345e-01 8.955444729267786341e-01 8.809227350033069781e-01 8.906841384953994023e-01 8.950717119697124691e-01 8.922492259357158728e-01 8.910214303212147247e-01 8.915726164532369324e-01 8.925027994445144941e-01 8.985590009484653029e-01 8.947205826330223433e-01 8.979461906025333340e-01 8.950082232783989067e-01 8.930297059718289576e-01 8.898691935879302628e-01 8.939015728551502615e-01 8.932658247027306375e-01 8.979724878595718440e-01 8.982407463154260530e-01 8.914617107394862128e-01 8.897078748352748034e-01 8.981108235862089728e-01 8.978752257787672164e-01 8.981873285413792818e-01 8.948190036539465098e-01 8.955300794434536416e-01 8.878978905017086420e-01 8.792213565847699641e-01 8.934147844438456998e-01 8.947918559894724178e-01 8.965352552751387760e-01 8.908834634483113746e-01 8.898299512188392324e-01 8.967334754579799894e-01 8.945517878821351854e-01 8.792137617489373946e-01 8.920479896866063685e-01 8.951494807094693140e-01 8.946749091239750706e-01 8.965380291487409226e-01 8.899798056195714624e-01 8.935034606348922770e-01 8.887871371616520300e-01 8.940556104424431938e-01 8.935134037314497180e-01 8.890758405940525355e-01
5.254524771260329907e-03 1.105085574718163571e-01 1.975028027742755099e-01 4.211377055296577909e-01 3.603138828302225871e-01 4.187506341394228726e-01 6.386911984399343822e-01 5.948178156909318393e-01 7.047572965962247693e-01 6.229064064255280808e-01 6.428944979040767116e-01 7.366862945256091866e-01 1.000000000000000000e+00 7.036117746774511739e-01 7.889826364276631976e-01 7.638647935267921518e-01 7.138285747507128187e-01 6.854852733560545808e-01 7.240820054141933193e-01 6.449593971947616966e-01 7.315108823919576064e-01 7.635741493343458641e-01 7.412874041218918686e-01 6.906714689679424035e-01 7.501473415392527766e-01 7.676271594384740382e-01 7.558084304208521065e-01 7.667701703264485635e-01 7.471394010030225630e-01 7.876433423197465311e-01 8.016407492624972875e-01 7.732344291157201566e-01 7.244890008703084305e-01 7.654135652621640862e-01 7.583003900325655522e-01 7.538425047391303924e-01 7.785122795309927790e-01 7.855739520151701072e-01 7.911048209762314709e-01 7.528010706823861087e-01 7.998650940671818699e-01 7.975610301681255176e-01 7.842576151225078007e-01 8.061979254405071682e-01 7.902939140995163259e-01 7.995320159535360682e-01 8.124749300950530051e-01 8.114785745018677776e-01 7.928111442700360723e-01 7.667080389898042192e-01 7.900625435896123649e-01 7.833699510863645354e-01 7.947512737573743102e-01 8.031801771571788207e-01 8.005641709201788414e-01 7.999722298311092716e-01 7.847717737312859265e-01 8.153661368803608589e-01 7.904347516773271298e-01 8.176865839764314581e-01 8.153887476591659134e-01 7.988592681638719828e-01 7.937184811319576427e-01 7.998867052040374848e-01 8.063784887315194050e-01 8.065717085247748885e-01 8.174030978010301540e-01 8.086754883039001252e-01 8.129581480952942085e-01 8.059596217896485282e-01 8.156639993600646177e-01 8.167839309212717724e-01 8.029829846332822152e-01 8.120874167487033279e-01 8.174965261774786995e-01 8.157017604636505048e-01 8.123302113539379032e-01 8.084990184690759030e-01 8.065004918315366034e-01 8.117434547832417246e-01 8.181798794405795716e-01 8.192247842344503317e-01 8.121410253915696265e-01 8.117124791486098889e-01 8.055649663460753285e-01 8.093062501896726157e-01 8.122396683916740523e-01 8.162361447408109649e-01 8.148490311236192829e-01 8.129492035290187824e-01 8.079436048142442095e-01 8.179289125468183208e-01 8.152957532256763784e-01 8.173375736296992766e-01 8.191332711567107516e-01 8.176467858705732672e-01 8.032436992466990278e-01 7.990782699992803328e-01 8.142828634418843858e-01 8.118417229460316298e-01 8.167386962264749917e-01 8.119521545547002672e-01 8.128261059093551122e-01 8.197952911386090502e-01 8.157014942361502374e-01 8.049260858113472805e-01 8.145785420415575517e-01 8.193883425686054878e-01 8.149358203418349822e-01 8.190774719799440717e-01 8.121666241884610837e-01 8.204318962862916509e-01 8.136131394153451879e-01 8.147703512834867379e-01 8.151601612110116468e-01 8.150624201836818017e-01
