1.000000000000000000e+00 1.954147017227626792e-01 7.356232845710494739e-02 -8.431144299865404868e-02 -2.879551709345042412e-02 2.049398576374079559e-02 4.346337054467814404e-02 5.445146215073758816e-02 1.221437630738057833e-01 9.779576883791052389e-02 2.865878353860066077e-02 -1.015809024241889208e-02 -9.614760725762215923e-03 2.081678107116724519e-02 3.628423481971596032e-02 3.602689473056589625e-02 1.695092175127266565e-01 2.497400943120711703e-01 2.187368209877529890e-01 3.569496564343301037e-02 1.252177546192996260e-01 1.781114540180216976e-01 2.402158349257147996e-01 1.797948613111363669e-01 2.037248755037613379e-01 1.698180498908144487e-01 1.234720470244569240e-01 1.807713870532073885e-01 2.362842841957095985e-01 1.604823726949419216e-01 9.984047536394302647e-02 1.346433944457827991e-01 1.802746098097979532e-01 8.547502359354022805e-02 1.574383880512156275e-01 6.025822712118887592e-02 9.672085396132368285e-02 7.365085019798758847e-02 5.463140872294829781e-02 1.749114539533754703e-02 7.140633722712685927e-02 4.410241469850665480e-02 1.213964308090200372e-03 5.164987884564537640e-02 4.192899864483571465e-02 6.692164010943585373e-02 1.558217125386444392e-02 3.695789690306220537e-02 1.641405867680189798e-02 4.186092736961418564e-02 3.340722259608688155e-02 -3.065802266440832008e-02 -6.736013249482575987e-03 7.064491101800216000e-02 8.229528632915154851e-02 8.286700607208369318e-02 3.554222247123621503e-02 4.494870753564202126e-02 5.024676692488132257e-02 3.519622639092322147e-02 2.448992804225462797e-02 4.444795662804971320e-02 4.149177357355518514e-02 2.730010289048490774e-02 6.773285327455175198e-02 3.602460055369800102e-02 5.826680974973830890e-02 1.006515097826466837e-01 8.834246651065265354e-02 4.330134494655101668e-02 7.497855924921346948e-02 8.438250746793939105e-02 9.314955132950307470e-02 8.328733451798374376e-02 6.164156494937350628e-02 6.072504468571097297e-02 7.699988514350156188e-02 1.078223008668641875e-01 5.942637372767919229e-02 6.605159884501905776e-02 6.904195146654208692e-02 4.559159606976804363e-02 8.497374318481666633e-02 6.035693225834866393e-02 3.645722888711757509e-02 3.556829806626034263e-02 4.697834246434080818e-02 2.934690672288637128e-02 3.087054373820262085e-02 6.282884400883002873e-02 3.880574310025514118e-02 2.819969247432731196e-02 2.704341916070456334e-02 3.162637726921348896e-02 9.711635258255808811e-03 2.950456032570408782e-02 -1.240786886937660441e-02 2.939678600680030451e-02 1.989645548285622068e-02 1.812929246044307080e-02 7.320295600829902424e-03 1.196215807456046769e-02 5.253549396125525330e-03 1.353254259675992256e-02 1.347192724155235784e-02 2.552106417732551147e-02 2.168068534904435754e-02 4.118638712139387897e-02 4.479576756610491317e-02 2.618198272956335365e-02 2.412877885177889398e-02 1.607230365915207626e-02 2.339180441212691808e-02 2.777287444616819562e-02 4.644685555819010048e-02 2.536110033503408828e-02
1.954147017227626792e-01 1.000000000000000000e+00 5.468286233135830759e-02 -4.349644966667296636e-02 -2.180509016885496740e-02 6.741894452837852991e-02 1.048591028163289030e-01 1.173609282477384858e-01 2.143380809746823490e-01 2.042346598091934751e-01 1.144067431189938894e-01 1.082847371653215263e-01 9.298094614054060181e-02 1.095899204053044640e-01 1.473994556805819089e-01 1.251385620837316692e-01 2.237924782964700876e-01 1.812143000441198415e-01 1.837407908498633335e-01 -2.203813903493382319e-03 6.841138771412519359e-02 1.265125281174838412e-01 2.252913118692846939e-01 1.401314968683843865e-01 1.428730173250656321e-01 1.918191689948726963e-01 1.557938188626629694e-01 2.113896872998188292e-01 2.467359132246381426e-01 1.806372350826088713e-01 1.591002410069849160e-01 1.959384063357134942e-01 2.440088705215552600e-01 1.529802387295819410e-01 2.140130950578486568e-01 1.191504959839537470e-01 1.584264859601645370e-01 1.888212126258484447e-01 1.648317837679841025e-01 1.137384942463602472e-01 1.622882178597980785e-01 1.582529414381426969e-01 8.683765512279108256e-02 1.495535006753650198e-01 1.357249348915977871e-01 1.732683247240030533e-01 1.572280233675742156e-01 1.773717671758007208e-01 1.574575470703698798e-01 1.374523096208451756e-01 1.555224722001664339e-01 6.701924135039288855e-02 1.096558191587060638e-01 1.961051443090275903e-01 1.993253324746576405e-01 1.824467886892519042e-01 1.538285253846200240e-01 1.812679169166010462e-01 1.807144627828247696e-01 1.569558972829176169e-01 1.495703845691758183e-01 1.763766206199387787e-01 1.734609877754864082e-01 1.614381629771189375e-01 1.694465048303838706e-01 1.497360296062840157e-01 1.811847979707118250e-01 1.834704630995909191e-01 1.790557909888360888e-01 1.164194267148481871e-01 1.416220008311074863e-01 1.634698850538520432e-01 1.679626873791296437e-01 1.482928735829729949e-01 1.667641863252028456e-01 1.617010843369974249e-01 1.884322972440778954e-01 2.000504320462280772e-01 1.697659939407875906e-01 1.697355710474124091e-01 1.651831423892109185e-01 1.607583287974169717e-01 1.838111061667830892e-01 1.745411541033320413e-01 1.509495094617903377e-01 1.532781541027428140e-01 1.524491232780063321e-01 1.673129141376025197e-01 1.591767127524779391e-01 1.762689613568940994e-01 1.550609374433128684e-01 1.555135693146336429e-01 1.444498244816146415e-01 1.657270156213880852e-01 1.553869444610673500e-01 1.670233840547072357e-01 1.182072818597391800e-01 1.483317350015819769e-01 1.512053474305618261e-01 1.478244675702697075e-01 1.323827290432774972e-01 1.511207359458229260e-01 1.318089118601080967e-01 1.466496080838524119e-01 1.308956420365207651e-01 1.485390779611543699e-01 1.617602281078462101e-01 1.763716561060520160e-01 1.755312562946966526e-01 1.638538820322176515e-01 1.647371700409754336e-01 1.565830822911664089e-01 1.629916468058012213e-01 1.579051350512793994e-01 1.653199908771050275e-01 1.540346721701940369e-01
7.356232845710494739e-02 5.468286233135830759e-02 1.000000000000000000e+00 3.068134454569150238e-01 2.429665956928131199e-01 2.930638448726906042e-01 3.862246816283878559e-01 3.567595662953895186e-01 3.306667302528478181e-01 3.169312815638142267e-01 3.371332027101629492e-01 3.825806967283412741e-01 3.341637379595136514e-01 3.047943360574674743e-01 3.886559898956825632e-01 3.796469996984015438e-01 3.469676340178353691e-01 3.398927179048735203e-01 3.592980902870021032e-01 3.231560832148922535e-01 3.473029519734722181e-01 3.760080782851474845e-01 3.314668240583860670e-01 3.438652841161662366e-01 3.517720819524789988e-01 4.102785087387531004e-01 4.148786492170162266e-01 3.988126189555687429e-01 3.759247863697288139e-01 4.064491345923565979e-01 3.992449327142543192e-01 3.766238904750851546e-01 3.754409280565185192e-01 3.687775961234564526e-01 3.792242367996487284e-01 3.651820909448132979e-01 3.780699349978177692e-01 3.763435270303145397e-01 3.787748247251478961e-01 4.017889075982087332e-01 3.993292775154752561e-01 3.910206126127144244e-01 3.952974480591484596e-01 3.891838601415987253e-01 3.898642719847560389e-01 3.816789453943592592e-01 3.584988098429303660e-01 3.578419721964709033e-01 3.665141855046859520e-01 3.933563366809110784e-01 3.856861653588602445e-01 3.907468843254952029e-01 3.787296255523482369e-01 3.587178077985508917e-01 3.577772683761307748e-01 3.740258610405933770e-01 3.710124907797296978e-01 3.718316745434024351e-01 3.669747524095445801e-01 3.743542470034317282e-01 3.731107187116724511e-01 3.625657120581345927e-01 3.591403662510696537e-01 3.744582555453460637e-01 3.781303594480999730e-01 3.741613730420640938e-01 3.667434904092699566e-01 3.785883600907504198e-01 3.779407790774634845e-01 3.969990651363952128e-01 3.888760657227582906e-01 3.848016083841966917e-01 3.754354450870821536e-01 3.725996043351093023e-01 3.953222976380647569e-01 3.918250758853501492e-01 3.840933460441349756e-01 3.823610506728603031e-01 3.845535765334149869e-01 3.833808895509055459e-01 3.840437295501626380e-01 3.853015830589117119e-01 3.706180250147999011e-01 3.787065439902281838e-01 3.861557249457697183e-01 3.729033138907499878e-01 3.751379487127401990e-01 3.739794014717920390e-01 3.710462698399256687e-01 3.728524999966483233e-01 3.849883810706615228e-01 3.790951404572864836e-01 3.831779897684967073e-01 3.755939854324976679e-01 3.620317881064489818e-01 3.655249065556235855e-01 3.817354170051858731e-01 3.800864684924283310e-01 3.750094839407638880e-01 3.835161087285564596e-01 3.801373351977667125e-01 3.712469235342895635e-01 3.755959465942743103e-01 3.750566227014357490e-01 3.822055047207775780e-01 3.731740004265149402e-01 3.680877755592096290e-01 3.641636517105626969e-01 3.651600269699210588e-01 3.677994346622530664e-01 3.683002691063441136e-01 3.660095355901379355e-01 3.656341613827283066e-01 3.695718284333752157e-01 3.750194265022877005e-01 3.728643923732911647e-01
-8.431144299865404868e-02 -4.349644966667296636e-02 3.068134454569150238e-01 1.000000000000000000e+00 4.447418355217578334e-01 4.049576793024928789e-01 5.494704925519745542e-01 5.588320726127853355e-01 3.997401741495537619e-01 4.372248306726885803e-01 5.432696290696227281e-01 6.323717222190501364e-01 5.566203616766165485e-01 4.521985928209427685e-01 5.939408158501136015e-01 6.105490442055255818e-01 4.380853898037538330e-01 4.074180919502702891e-01 4.693319632025212407e-01 5.339870421756839347e-01 5.091279533804244917e-01 5.237568197282631566e-01 4.271966078211626994e-01 4.575349630945189650e-01 4.652203935169980098e-01 5.209088918640708554e-01 5.643023739682480056e-01 4.978268164825263020e-01 4.192562677345148536e-01 5.344308673090633066e-01 5.749361802023412737e-01 5.213595584129105953e-01 4.689072590276335273e-01 5.452084036594390115e-01 4.855308996882345962e-01 5.896296505116829234e-01 5.542621060166095237e-01 5.330233389189806825e-01 5.781237559826929440e-01 6.088146080599132759e-01 5.867193819672626987e-01 5.865852946552242431e-01 6.641170160230336350e-01 6.055200831829506969e-01 6.094987173393995317e-01 5.701264380853700020e-01 5.597534911464785434e-01 5.439534325174388840e-01 5.718304175096645681e-01 5.825405336067404072e-01 5.882250681793220748e-01 6.580433393975555489e-01 6.129333993424790350e-01 5.083414893802599144e-01 5.053906116588188224e-01 5.347677306913759532e-01 5.659365862070599995e-01 5.575133139802741500e-01 5.341719126266024631e-01 5.780108188157099258e-01 5.777382495343966751e-01 5.491728164964306824e-01 5.451312449907034230e-01 5.720892337681264816e-01 5.559273529904008582e-01 5.694178753564308471e-01 5.515451683620793411e-01 5.447699727013323168e-01 5.664555729495376335e-01 6.299195418696498239e-01 5.962403230704264034e-01 5.837634180533758377e-01 5.587585038984437258e-01 5.706617875172487198e-01 5.832350475270953183e-01 5.810363660748155690e-01 5.554471083027284761e-01 5.323764285540256713e-01 5.762606329345341116e-01 5.638994556545727788e-01 5.668786287633381660e-01 5.809098729207259337e-01 5.508129645606136826e-01 5.609474890786687595e-01 5.890911417707286324e-01 5.817599180843709972e-01 5.838600767635563349e-01 5.679840246963457906e-01 5.772909577275875392e-01 5.516343333953548367e-01 5.913142144995678917e-01 5.860178966620499530e-01 6.051255740824325047e-01 5.788186846084264481e-01 5.732526506210694484e-01 5.637189390598497107e-01 6.198576401888230558e-01 5.793126855170963596e-01 5.858712085754899102e-01 5.959621375406795041e-01 6.164776615852273212e-01 5.827972120056846839e-01 6.033450987201732785e-01 5.932413680748878093e-01 6.167497554058830600e-01 5.855075043188713302e-01 5.650563579908257639e-01 5.459459638365610212e-01 5.471427500105506825e-01 5.702288948511956557e-01 5.656060628344973251e-01 5.741887941886285596e-01 5.675530472163530238e-01 5.758330965264022439e-01 5.654284845889009370e-01 5.823539251817781981e-01
-2.879551709345042412e-02 -2.180509016885496740e-02 2.429665956928131199e-01 4.447418355217578334e-01 1.000000000000000000e+00 3.626396753414228291e-01 4.940377154142260308e-01 4.769229756257577502e-01 3.800467489969824308e-01 3.666182838011697309e-01 4.708594109060095234e-01 5.217574833627367514e-01 4.780180032928454947e-01 3.897434483355745605e-01 5.015184349405739095e-01 5.174438082588149745e-01 3.794970732746128506e-01 3.899888721503715350e-01 4.439462015733859901e-01 4.643497456393340661e-01 4.706244956017906489e-01 4.875144879411634213e-01 4.021637835232722558e-01 4.427256934426224144e-01 4.559724850321176248e-01 4.799410796548413405e-01 5.031632668271389663e-01 4.420258799652049264e-01 3.789684831499140483e-01 4.797164288635652474e-01 5.032235605846455684e-01 4.610534426381834305e-01 4.020341002475043002e-01 4.714840278034607146e-01 4.304271219824513106e-01 5.129141358593130029e-01 4.935252647459146269e-01 4.459862658960073722e-01 4.862190346873442315e-01 5.151479269789320803e-01 5.084039506081120541e-01 4.999660009012933393e-01 5.483737683869081003e-01 5.136569620325267538e-01 5.201811827001973088e-01 4.860243907705446009e-01 4.752871013884600870e-01 4.683177916808668462e-01 4.866932633678893727e-01 4.887014771515479916e-01 4.950257974282843976e-01 5.520744606457917980e-01 5.221517746669881443e-01 4.492423653334692846e-01 4.511977086458308084e-01 4.755526956178430797e-01 4.831073317443233539e-01 4.737120674237737528e-01 4.620251268818824641e-01 4.958003131587256362e-01 4.951532562940611504e-01 4.688204194146611825e-01 4.657834249790889780e-01 4.798519480384391689e-01 4.792689594519446428e-01 4.875771512092340054e-01 4.745933603145608970e-01 4.807145958702785382e-01 4.926402980389659736e-01 5.399356801498420566e-01 5.239143713443591421e-01 5.044829014060034922e-01 4.901235897678886122e-01 5.059442319479816597e-01 4.981945482900684841e-01 5.014959252875997864e-01 4.736571836820722692e-01 4.592603851564436845e-01 4.947509005862483211e-01 4.902029117613229681e-01 4.891499072663978986e-01 4.924925662151474759e-01 4.783461965258954396e-01 4.794326563287539811e-01 5.027762374818934843e-01 4.950505685129016342e-01 4.978667385898960518e-01 4.823639567671199058e-01 4.856436764992224653e-01 4.802476306882099144e-01 5.030273973586496528e-01 4.972116288104649340e-01 5.129610213188613432e-01 4.853869804716392511e-01 4.871417866130394181e-01 4.833764069836830601e-01 5.239140773012709307e-01 4.948333346558775880e-01 5.006891870231433561e-01 5.029459372923805738e-01 5.154760921191425815e-01 4.939530175029498427e-01 5.126371036242961532e-01 4.995311114622039139e-01 5.195602858305431448e-01 5.040454013798700839e-01 4.832605183836355400e-01 4.725307105182013356e-01 4.747442125798069790e-01 4.844831642464271226e-01 4.851063277936611406e-01 4.874126904998054566e-01 4.835388791614780857e-01 4.866037958805041752e-01 4.831341493294315503e-01 4.913799948224787939e-01
2.049398576374079559e-02 6.741894452837852991e-02 2.930638448726906042e-01 4.049576793024928789e-01 3.626396753414228291e-01 1.000000000000000000e+00 5.390945389711471192e-01 5.253352634910095631e-01 4.884874946638441684e-01 4.837020517591800184e-01 5.122452701380846296e-01 5.715827988646281499e-01 5.196755303709694740e-01 4.748090212906282415e-01 5.762358167425487565e-01 5.775836122524291572e-01 5.078004080055561476e-01 4.554440382122267872e-01 5.152260869500774332e-01 4.327074123198270672e-01 4.762158120202787948e-01 5.204728154629301162e-01 4.978523350532652048e-01 5.198186130309101483e-01 5.079543896022081784e-01 5.494649463047671656e-01 5.639092711915237865e-01 5.324870181188587903e-01 5.036130843035941940e-01 5.706802018783003749e-01 5.805783663548397255e-01 5.679546813598799204e-01 5.323898341979795834e-01 5.610201758295751961e-01 5.481353361829360837e-01 5.750520809876866757e-01 5.841702347569953657e-01 5.589880720185476104e-01 5.858873558450945485e-01 5.713283900962020656e-01 5.832263923867431199e-01 5.809625227100162492e-01 5.949397785228973667e-01 5.971418633452396652e-01 5.937945303582486956e-01 5.823745437249244761e-01 5.726814838652887207e-01 5.742695501049136508e-01 5.833860406392101794e-01 5.838407429192304932e-01 5.885733421081659200e-01 5.797877938175184376e-01 5.923411134111342680e-01 5.652055778790987528e-01 5.695778588694818678e-01 5.726056371593929439e-01 5.812570841161259771e-01 5.766999403040304895e-01 5.736801589409001867e-01 5.849906955421604327e-01 5.889921756099345540e-01 5.795319540482826159e-01 5.713297653232749518e-01 5.821105057366160462e-01 5.767523835451446867e-01 5.866023265843467449e-01 5.817773655781887099e-01 5.855706842582147909e-01 5.959848334828009575e-01 5.995756777293265172e-01 5.988416755430960858e-01 5.982460970563632241e-01 5.913754013340989379e-01 5.898835083627560483e-01 5.872369758691702302e-01 5.914597263202883148e-01 5.777330905381818926e-01 5.668668372449905402e-01 5.890972726664723824e-01 5.893185042216700920e-01 5.901364679446102768e-01 5.888641612977125739e-01 5.831879002374824594e-01 5.873119591870610279e-01 5.940732363047861453e-01 5.911858764240071062e-01 5.909438146818236648e-01 5.828684137954109890e-01 5.843451479346207789e-01 5.792245616456170865e-01 5.907619697728281327e-01 5.864950063560567806e-01 5.949707730095782354e-01 5.842923632728339589e-01 5.838145888259761440e-01 5.825038821350206897e-01 5.920362226835033104e-01 5.916348582459443062e-01 5.920634081770070889e-01 5.924677038198974399e-01 5.966699014910932242e-01 5.857918783571249843e-01 5.918906174306627355e-01 5.877852967797175809e-01 5.972308637605586723e-01 5.882009650634683062e-01 5.850067067253820197e-01 5.775824342916007215e-01 5.775783033826409341e-01 5.839248749326302335e-01 5.836487104829142236e-01 5.825348705551522954e-01 5.833754918356011121e-01 5.871060761490641822e-01 5.836143933847072196e-01 5.877894072923174340e-01
4.346337054467814404e-02 1.048591028163289030e-01 3.862246816283878559e-01 5.494704925519745542e-01 4.940377154142260308e-01 5.390945389711471192e-01 1.000000000000000000e+00 7.307349773643703195e-01 7.014162780498796046e-01 6.879936396031285373e-01 7.624360430509151687e-01 8.031187500172515259e-01 7.351283242289733399e-01 6.530034055368914014e-01 8.363047441156664652e-01 8.273622185702185217e-01 7.177012909474540514e-01 6.394557166517687019e-01 7.164796586446245952e-01 5.757178392914932274e-01 6.479886654192111850e-01 7.200415099916706030e-01 6.772080041675166973e-01 6.919468549847452854e-01 7.046050383065732836e-01 8.068501482683432258e-01 8.137889316027749897e-01 7.943737288262079366e-01 7.419541554966727626e-01 8.129546118707727809e-01 8.348301232390656912e-01 7.949237399089205125e-01 7.693029572266930627e-01 7.808003688302036505e-01 7.845437638206430586e-01 7.951099614520771297e-01 8.175029553593532450e-01 8.112340818560950240e-01 8.293760680419672848e-01 8.267653924589082326e-01 8.336764709782148453e-01 8.402737874917931560e-01 8.403425245676283684e-01 8.455506634660837628e-01 8.404395178521602006e-01 8.363552937976127533e-01 8.150496814911730725e-01 8.155626641476948491e-01 8.213105952157625511e-01 8.200442090191043532e-01 8.367375883189770436e-01 8.077179814154085147e-01 8.297026031829858317e-01 8.038825843761200352e-01 8.071078826419814112e-01 8.221355078024434881e-01 8.216762863218977087e-01 8.240750072024574102e-01 8.252577262474551922e-01 8.324288888721691482e-01 8.292813745660605473e-01 8.231037451085523315e-01 8.152238713252537572e-01 8.281492201229800898e-01 8.209758280000662989e-01 8.228626788486995691e-01 8.202692070185378936e-01 8.217499541443878952e-01 8.287853371855171680e-01 8.291355877444011035e-01 8.303667349239183260e-01 8.352667299400298173e-01 8.184606735492757634e-01 8.205725802422865200e-01 8.387267140719478764e-01 8.405724309725747245e-01 8.295416391858912997e-01 8.184263927769301894e-01 8.367890003072097072e-01 8.341582458027789748e-01 8.317668545668168711e-01 8.356676846947020953e-01 8.201890468958418223e-01 8.340970757112082801e-01 8.345542453749704714e-01 8.289923070282883000e-01 8.308663122836167370e-01 8.290492447904935780e-01 8.294671049079436198e-01 8.235274184560797961e-01 8.355594535076771301e-01 8.363569258231304815e-01 8.389131373457142660e-01 8.286202297309068765e-01 8.231769605604699613e-01 8.245066210217377733e-01 8.321704029564390703e-01 8.243244102812127272e-01 8.334499495611270570e-01 8.361480684685104192e-01 8.410754894285158434e-01 8.293911208270496882e-01 8.323120148925592376e-01 8.320187404961382205e-01 8.371668702815484586e-01 8.282206919327349537e-01 8.244667605233680918e-01 8.203593730498640602e-01 8.230285960059262607e-01 8.261361345164364156e-01 8.291071136713418221e-01 8.237071862589568916e-01 8.258060518745398149e-01 8.263981801115196646e-01 8.217144456970107980e-01 8.248805683126954058e-01
5.445146215073758816e-02 1.173609282477384858e-01 3.567595662953895186e-01 5.588320726127853355e-01 4.769229756257577502e-01 5.253352634910095631e-01 7.307349773643703195e-01 1.000000000000000000e+00 6.526693268138412662e-01 6.520303412193221293e-01 7.100386588862922510e-01 7.732070488870169678e-01 7.011143035807491097e-01 6.079087775000570071e-01 7.855196155405597125e-01 8.038379038468528304e-01 6.806049235889832794e-01 6.283224365432305003e-01 7.002735301760256714e-01 5.948700318674813303e-01 6.446436210047769011e-01 7.062159093626310113e-01 6.681656618686963034e-01 6.834106373739312623e-01 6.835092880587367858e-01 7.588213116161819372e-01 7.618897304493026379e-01 7.387595435895035756e-01 6.936098631840841300e-01 7.696815400093672821e-01 7.882351973116948907e-01 7.574098149539575386e-01 7.350760458048669621e-01 7.520925180777761065e-01 7.406539721023656098e-01 7.636638466725448326e-01 7.774745910493936485e-01 7.702924117256638725e-01 7.951519616265354529e-01 7.845043882676431268e-01 7.894110431763731173e-01 7.949626360526501623e-01 8.057471430510489974e-01 8.038122475998821237e-01 8.007069125714713076e-01 7.917914162946639856e-01 7.757140696715616457e-01 7.697426297460647771e-01 7.798178990642037345e-01 7.834581227091776956e-01 7.958967731731280137e-01 7.860490556962094200e-01 7.893263806704040597e-01 7.561689421361330599e-01 7.538257448123606430e-01 7.794626751455736580e-01 7.761933162723810842e-01 7.801881206375174127e-01 7.725947594236962646e-01 7.887814091242715264e-01 7.882557901318179017e-01 7.770230719815806042e-01 7.734370317755875357e-01 7.848823918783280895e-01 7.783005481171562101e-01 7.816331685846797939e-01 7.778062283786413289e-01 7.849467129552698541e-01 7.926709605666049097e-01 8.078160946701538059e-01 8.022860830643592234e-01 8.014695778371894175e-01 7.872593026373516656e-01 7.908196786876487971e-01 7.953449956640230578e-01 7.974605943426511523e-01 7.826291681051208426e-01 7.727694200920464107e-01 7.922163136966230423e-01 7.916035242721605192e-01 7.933805165141097904e-01 7.937405362733293002e-01 7.842494705686198220e-01 7.910023235013061704e-01 7.964389955348502026e-01 7.922332423836269122e-01 7.949852484591539703e-01 7.891851096272473054e-01 7.917407538471920025e-01 7.826042838501365839e-01 7.968966691717895845e-01 7.924421027231122183e-01 8.012838284058835248e-01 7.911532312760759522e-01 7.807415644165872637e-01 7.818210018988507315e-01 7.957308645718552675e-01 7.862687272554145235e-01 7.921454949811562729e-01 7.993183315199454686e-01 8.046647257132447661e-01 7.903326003881790962e-01 7.907120372840967804e-01 7.949686331718024412e-01 8.041724357480156682e-01 7.901204363780298667e-01 7.808892956959917475e-01 7.751687630941184182e-01 7.772397348345243540e-01 7.843160528593944303e-01 7.864630361429733041e-01 7.816645538490161194e-01 7.836328810713470983e-01 7.885638492835012059e-01 7.850880547645188168e-01 7.884457898759765770e-01
1.221437630738057833e-01 2.143380809746823490e-01 3.306667302528478181e-01 3.997401741495537619e-01 3.800467489969824308e-01 4.884874946638441684e-01 7.014162780498796046e-01 6.526693268138412662e-01 1.000000000000000000e+00 7.632531193645455403e-01 7.744332345585505095e-01 7.587226194836095283e-01 7.255882955009145263e-01 6.421709389919563193e-01 8.094621738381986287e-01 7.911792131499486569e-01 8.146277004101745156e-01 5.997234903115080673e-01 6.817011694829526736e-01 3.998985496140523566e-01 5.084371538729245410e-01 6.235383092590718324e-01 6.776830591123905734e-01 6.558041095895255079e-01 6.477341628838534371e-01 8.134163758809579425e-01 7.783100341509575637e-01 8.210026140970546615e-01 8.175503600291543771e-01 8.142414110472016020e-01 8.337622691299804156e-01 8.219344609918228794e-01 8.085149930415330699e-01 7.760596511588164770e-01 8.114627806249977704e-01 7.610792410779829709e-01 8.260599386139539924e-01 8.449983578181941013e-01 8.373630547003216851e-01 7.941568813132823257e-01 8.415688785219200829e-01 8.355573853263559281e-01 7.630449741181012380e-01 8.368954720071651865e-01 8.205800303246928440e-01 8.517715021996625779e-01 8.496879965023841352e-01 8.680913542917220171e-01 8.466661357340764527e-01 8.072072142438335707e-01 8.301171622268409545e-01 7.341092287932711180e-01 8.127305531584010367e-01 8.740629674567156338e-01 8.642744225100804645e-01 8.574701832676367985e-01 8.395230343214717950e-01 8.540700809494119472e-01 8.630431350686765812e-01 8.505437833318558738e-01 8.429925293100846151e-01 8.612772301646275386e-01 8.503084339980548911e-01 8.505854816449950340e-01 8.498600676481387062e-01 8.474207194585985370e-01 8.649751517357815445e-01 8.484576518419530977e-01 8.386856005211766885e-01 7.673441183763864970e-01 7.932081733031076665e-01 8.254233473336523019e-01 8.233631540882518918e-01 8.031952310381901272e-01 8.558800109952076074e-01 8.534790322412878494e-01 8.645940116874539783e-01 8.700281564051493000e-01 8.535329037320608103e-01 8.587590850667979891e-01 8.510118590454402998e-01 8.544987031845920900e-01 8.531842797223259112e-01 8.511786500702908098e-01 8.304812329446920049e-01 8.396569178775115105e-01 8.405791453082548381e-01 8.510198275274861723e-01 8.490638271401242942e-01 8.561410391619859173e-01 8.408177790685874564e-01 8.508856152157885377e-01 8.352108036034250338e-01 8.502278822275933789e-01 8.507223145806646070e-01 8.600230294813849818e-01 8.059270207763129523e-01 8.308244393670165540e-01 8.400126925950396339e-01 8.332953833470443383e-01 8.248023522230855109e-01 8.408844799137680237e-01 8.324001050852345429e-01 8.400327411892543061e-01 8.230225568597880903e-01 8.370547954796703216e-01 8.551244986633258494e-01 8.666308261194176632e-01 8.633618420300891438e-01 8.530475127076572184e-01 8.516385682833678139e-01 8.527119969200376293e-01 8.524253980120319873e-01 8.496408991232952124e-01 8.516919331994444731e-01 8.431504175293199621e-01
9.779576883791052389e-02 2.042346598091934751e-01 3.169312815638142267e-01 4.372248306726885803e-01 3.666182838011697309e-01 4.837020517591800184e-01 6.879936396031285373e-01 6.520303412193221293e-01 7.632531193645455403e-01 1.000000000000000000e+00 7.316668613756063255e-01 7.480278425868601699e-01 7.056453874216921385e-01 6.384017614507283556e-01 7.907928565876214400e-01 7.718356487906310459e-01 7.555971457642598477e-01 5.905135647736534654e-01 6.758007548268485376e-01 4.364983931209676649e-01 5.229405191281234488e-01 6.219033429267459834e-01 6.791305555797272353e-01 6.451430750454050234e-01 6.417868791608306589e-01 7.727488212031194958e-01 7.538158950630929889e-01 7.738540368550559378e-01 7.596013339694931421e-01 7.844873983184034172e-01 7.966290684963061031e-01 7.980854807366666304e-01 7.747404916577561584e-01 7.489943576491508992e-01 7.851440641182576563e-01 7.451067197133847131e-01 7.935795579960049917e-01 8.157879430602456017e-01 8.098090556626419412e-01 7.708477068646618635e-01 8.072641566146533387e-01 8.084571625084231439e-01 7.636212272949053359e-01 8.149020026319120369e-01 7.971744265526395923e-01 8.179717773448335061e-01 8.218514588567432666e-01 8.324319213139829143e-01 8.231502633141750680e-01 7.922634933804608703e-01 8.138902541938596302e-01 7.434411441033533796e-01 7.996672567699547596e-01 8.318872911084040922e-01 8.257569151796914086e-01 8.215899462805436038e-01 8.150581109053086637e-01 8.302762206214034935e-01 8.299286521332643884e-01 8.275271284842040664e-01 8.215839946571584784e-01 8.336789874139864942e-01 8.227326563511631052e-01 8.267416352379363120e-01 8.180658672194565106e-01 8.203115729470109585e-01 8.331249869981944833e-01 8.206481668189367085e-01 8.233207952559445930e-01 7.660210001453157114e-01 7.836679036744829130e-01 8.102441595169618260e-01 8.022058693520777162e-01 7.930591916773834793e-01 8.261267807127087304e-01 8.239405055860267169e-01 8.281076764860955119e-01 8.275870840884235191e-01 8.244539357600153551e-01 8.280719240144177595e-01 8.241173824494725242e-01 8.274479820612893333e-01 8.256603652371876656e-01 8.284662980553962885e-01 8.129555562045284178e-01 8.143456400663836581e-01 8.171929081601937428e-01 8.261854545606603928e-01 8.232147076322702262e-01 8.268740999671967407e-01 8.177478341044606136e-01 8.244680264846353523e-01 8.169871353149293913e-01 8.253950138628199928e-01 8.251162794096842390e-01 8.296541661597072181e-01 7.935793608251866527e-01 8.150043004620840525e-01 8.225319612639614419e-01 8.160464207982065510e-01 8.099836167404553811e-01 8.188914289621905818e-01 8.167112349814202865e-01 8.213343108388829750e-01 8.091611381275879422e-01 8.137549814702297324e-01 8.273865027713727116e-01 8.340308921449666180e-01 8.318647840203845512e-01 8.285954295019302140e-01 8.259506549789976670e-01 8.252612164235355596e-01 8.274732939462006165e-01 8.271521771655911959e-01 8.236155698802416492e-01 8.218371847338750147e-01
2.865878353860066077e-02 1.144067431189938894e-01 3.371332027101629492e-01 5.432696290696227281e-01 4.708594109060095234e-01 5.122452701380846296e-01 7.624360430509151687e-01 7.100386588862922510e-01 7.744332345585505095e-01 7.316668613756063255e-01 1.000000000000000000e+00 8.327926237585311364e-01 7.735554222402969415e-01 6.759474393677094017e-01 8.485114919412266588e-01 8.395356930895597758e-01 7.738323847843399106e-01 6.143251595272533061e-01 7.048916235482397541e-01 5.333256032215666353e-01 5.986967188987010191e-01 6.822032698031638143e-01 6.757283687084730817e-01 6.865341932703939998e-01 6.782321312756868226e-01 8.230931309077013092e-01 8.162158509172693366e-01 8.119310665331230803e-01 7.633545594248239974e-01 8.244061708111396491e-01 8.631620971884724769e-01 8.261438910620009235e-01 7.859556315071448696e-01 8.061026506336096409e-01 8.100054533240097498e-01 8.129460942766734144e-01 8.502952590938192001e-01 8.456519093615978422e-01 8.657966126384547545e-01 8.451159122992640826e-01 8.691724566789267303e-01 8.682748502845708538e-01 8.479830937720848061e-01 8.786478335851893862e-01 8.682884780425378368e-01 8.728334001545818843e-01 8.715002288040120115e-01 8.743687009038854097e-01 8.709827050890341926e-01 8.395008162377314287e-01 8.634934800399164390e-01 8.305169060536048420e-01 8.683963108849626078e-01 8.642212597504220772e-01 8.587913324798808201e-01 8.608194609204533609e-01 8.662042661563174040e-01 8.694277099435966383e-01 8.680167885998899546e-01 8.793255697249040548e-01 8.737482173503213767e-01 8.728123070153194218e-01 8.632793967368179722e-01 8.704704701515699750e-01 8.653053745919779827e-01 8.715918679724458107e-01 8.710787797931592857e-01 8.603054674736091423e-01 8.601283926790938006e-01 8.391791553318087571e-01 8.437786246678875557e-01 8.594767851376745593e-01 8.505009589068153186e-01 8.422929377699970299e-01 8.787266057777632922e-01 8.783031654479933614e-01 8.730465450769867575e-01 8.639226650565815513e-01 8.771413424209664189e-01 8.753156416666707518e-01 8.710675982214712842e-01 8.786954754028947212e-01 8.637760413189814468e-01 8.720095275208045171e-01 8.655174671711531875e-01 8.696848867777426939e-01 8.722433457211122843e-01 8.731585087175448567e-01 8.743515883457105842e-01 8.679285427012899401e-01 8.751778909412234464e-01 8.808320221238482572e-01 8.766373371191926722e-01 8.757918706691730781e-01 8.749958445649169692e-01 8.774669683583694590e-01 8.633769464983410691e-01 8.635369048220609134e-01 8.753520985168340429e-01 8.723847115319711687e-01 8.734838884936709791e-01 8.737143633497193029e-01 8.761800316285668355e-01 8.767788344787240673e-01 8.740196032853718711e-01 8.714388709046029247e-01 8.751960550714283915e-01 8.755320713176065750e-01 8.746471386029474049e-01 8.786689174583742767e-01 8.755045940463378473e-01 8.779406310678142811e-01 8.750884655755182262e-01 8.750957755701969099e-01 8.726177197125974949e-01 8.731909962051792595e-01
-1.015809024241889208e-02 1.082847371653215263e-01 3.825806967283412741e-01 6.323717222190501364e-01 5.217574833627367514e-01 5.715827988646281499e-01 8.031187500172515259e-01 7.732070488870169678e-01 7.587226194836095283e-01 7.480278425868601699e-01 8.327926237585311364e-01 1.000000000000000000e+00 8.064841880795075024e-01 7.161169178616901831e-01 9.050559881245315852e-01 8.945459196492073772e-01 7.769709238761706160e-01 6.356752610853018126e-01 7.367224001083541030e-01 6.184913105891995944e-01 6.551232453203578165e-01 7.318671364121441814e-01 7.023449205269046702e-01 7.141845564337101493e-01 7.078394519000502649e-01 8.336639020590926874e-01 8.527406343721591897e-01 8.242994659873004171e-01 7.644708058386215921e-01 8.500752912602385081e-01 8.931019825348074370e-01 8.520894525338617020e-01 8.204425300538933374e-01 8.460024985310501400e-01 8.277365233476781103e-01 8.684155696763170562e-01 8.841263002885418887e-01 8.879354701055501842e-01 9.154408995840436214e-01 9.033077603021664181e-01 9.109306328810183873e-01 9.119805512336338627e-01 9.200508882064871718e-01 9.252358490670622437e-01 9.209317333134741101e-01 9.088854334606756291e-01 9.119863003077844921e-01 9.073123713325166317e-01 9.157954121653816282e-01 8.994700508824710061e-01 9.215568999426396735e-01 9.061137041062425901e-01 9.199955097116128133e-01 8.822763733708424150e-01 8.772411030768210161e-01 8.933055281538946346e-01 9.083228659012367867e-01 9.116740008134226469e-01 9.021601234179263962e-01 9.224129817381935270e-01 9.201903794999689579e-01 9.074549419334156930e-01 9.033544565568806251e-01 9.187486242392428615e-01 9.039324025655539607e-01 9.127547947735656919e-01 9.099289286724878689e-01 8.947357734695853271e-01 9.011042325394426067e-01 9.103513724269520768e-01 9.006054917675819782e-01 9.106683077701205331e-01 8.902474381842497841e-01 8.927392127578185343e-01 9.222317691283571373e-01 9.183255153940492743e-01 9.047433076430018151e-01 8.888914331355772802e-01 9.158838225727877758e-01 9.107830934214297125e-01 9.122826281806146742e-01 9.240235141315976675e-01 9.032422257204059113e-01 9.105672144231309328e-01 9.152503820392333678e-01 9.165784029218621010e-01 9.215288475723965034e-01 9.190174615636663713e-01 9.227485342839373272e-01 9.060737433664555196e-01 9.260106302000665757e-01 9.267875645963280506e-01 9.307760560069942013e-01 9.235681634624106628e-01 9.211798081187632103e-01 9.182444151438081681e-01 9.270801647725690486e-01 9.127326810038359772e-01 9.249985410429146793e-01 9.289186724615352553e-01 9.337523759314122485e-01 9.238871741113064973e-01 9.290876844260365086e-01 9.295264230978352860e-01 9.321135139720606588e-01 9.170586310765214133e-01 9.183516541671585820e-01 9.081991432744630499e-01 9.081880027854344339e-01 9.210232737496628630e-01 9.181021045395821867e-01 9.215601416048871952e-01 9.191568156015499369e-01 9.218075634665248153e-01 9.150303244117604651e-01 9.227432229271753661e-01
-9.614760725762215923e-03 9.298094614054060181e-02 3.341637379595136514e-01 5.566203616766165485e-01 4.780180032928454947e-01 5.196755303709694740e-01 7.351283242289733399e-01 7.011143035807491097e-01 7.255882955009145263e-01 7.056453874216921385e-01 7.735554222402969415e-01 8.064841880795075024e-01 1.000000000000000000e+00 6.644440752658392624e-01 8.300150697340374917e-01 8.309464067075943428e-01 7.286266779372239100e-01 5.771913863729631888e-01 6.729169559553892510e-01 5.210141466597589810e-01 5.750648264038384916e-01 6.581569991769511407e-01 6.509762351436234606e-01 6.574241443510452365e-01 6.515687121533630943e-01 7.797683705235944895e-01 7.761713728022638925e-01 7.623480291302560108e-01 7.161810089188496153e-01 7.862891499007907958e-01 8.245759194849403562e-01 7.914053680205297425e-01 7.453320955480059462e-01 7.741242941949177947e-01 7.689295747586911700e-01 7.973621322921106147e-01 8.223636926623952847e-01 8.095357579865696263e-01 8.429252519083917372e-01 8.262072339326983483e-01 8.426031685611761191e-01 8.431129561215948698e-01 8.306309776166774794e-01 8.507728253725423961e-01 8.441779656848742430e-01 8.456677844815758682e-01 8.500417730903335745e-01 8.496364396243895056e-01 8.477180135837157904e-01 8.163276139198787362e-01 8.393217986702070643e-01 8.172028271394792265e-01 8.462476019171831787e-01 8.344818753112184240e-01 8.280006626737482778e-01 8.350579517321981005e-01 8.421294424087713004e-01 8.441547183530914156e-01 8.384422350442881644e-01 8.567061441997598781e-01 8.533844651260251712e-01 8.451050396300585632e-01 8.395372104346545683e-01 8.505884517304407311e-01 8.397098794311971259e-01 8.497304208759549615e-01 8.463283261702181370e-01 8.331197219061898807e-01 8.374096189600407358e-01 8.204818177078220254e-01 8.233047347810035221e-01 8.378758966690861287e-01 8.239396172933624030e-01 8.247200729364941862e-01 8.512081002392111184e-01 8.510775608667677794e-01 8.419402181444396449e-01 8.265913429040849802e-01 8.514697868128544567e-01 8.493826601196206028e-01 8.443974323934645421e-01 8.535873635603611342e-01 8.389856361311917032e-01 8.485267322778365928e-01 8.443016583200040337e-01 8.480346943320059561e-01 8.511909218326029203e-01 8.498270276148629510e-01 8.539943287748917866e-01 8.428522764518034949e-01 8.537822310801511660e-01 8.592301862555102865e-01 8.576308588936799593e-01 8.552423864521524477e-01 8.552836023267615939e-01 8.551638935818627330e-01 8.468588229852387350e-01 8.423976941917521444e-01 8.545781115731728717e-01 8.516232378102621681e-01 8.554723956547518604e-01 8.519132035830286886e-01 8.571371539637255843e-01 8.584551256051308199e-01 8.559198692403452435e-01 8.488215221261192767e-01 8.540796644533330539e-01 8.511711505080755691e-01 8.487025033004282903e-01 8.531670689024563048e-01 8.503446305239482639e-01 8.568212026360093603e-01 8.520202059844006470e-01 8.544021713562032216e-01 8.493990511325981707e-01 8.532260770653388171e-01
