1.000000000000000000e+00 7.013599657162022938e-02 5.648125389770741744e-02 8.362607466775522080e-02 1.538267129777551832e-02 1.654630116546070354e-02 -2.434930605094253863e-03 1.699461991635235758e-02 1.037730765440026681e-01 4.818778681539422071e-02 2.731510470683544411e-02 2.852908365977216074e-02 2.488654265891417083e-02 -1.574506453707829115e-02 2.191077127187314108e-03 1.699746317160054018e-02 7.506425927174814605e-02 1.715529788205496023e-02 3.039442917111991743e-02 2.473237124264200670e-02 7.698654467838345061e-02 6.773631187454047520e-02 2.780775697529810908e-02 2.397532698369659807e-03 2.992967493673720156e-02 1.723370982514707897e-02 2.856038407575767907e-02 1.470198732455836772e-02 6.610597108348456596e-02 3.898980893744952853e-02 2.684540341860291654e-02 1.739864490955321877e-02 7.283455489387635762e-03 8.706190389973408536e-03 1.084361485171355353e-02 2.586199258598470899e-02 1.427091336109170827e-02 9.302244018921438512e-03 1.545109554959259862e-02 -1.211354284144154116e-02 5.326899100256902130e-03 1.642740242379593565e-03 2.850789710968293627e-03 8.587263880217238868e-03 1.001670550945436139e-02 -4.303259944237214927e-04 2.492609979860556206e-03 1.272514467729281805e-02 2.762584891305065737e-02 1.534467613745399764e-02 1.901826429344603483e-02 1.323183631191031558e-02 3.483646518033896126e-03 3.330388088864446455e-02 2.836145716260729185e-02 -7.498425028678315984e-04 6.888521666736474591e-02 9.304759243301843202e-03 2.365477973825407670e-02 1.968481495914912310e-02 1.949643033116527091e-02 3.087140773754083051e-02 2.908651200563823133e-02 3.942928939405124233e-02 5.060387169100669796e-02 4.571678748916238599e-02 1.803747715833575738e-02 2.057540478175641941e-03 5.521586515510754946e-03 8.825561064903826233e-03 1.845386853228359048e-02 1.571351327551655588e-02 -1.353535097027955877e-03 3.039049265559720745e-03 2.971538833722040321e-03 7.090231911304730253e-03 9.636467308865028294e-03 2.407384921725084018e-02 4.606345831922453206e-03 1.471104180505100958e-02 4.066265887763602545e-03 1.279046367606835599e-02 3.237281777140799122e-02 5.262353125093988983e-03 5.469169126296948881e-03 3.043056680490126959e-04 1.342113826304157723e-03 -7.800745531621816001e-04 5.348534828230177424e-03 1.429932379328253955e-02 -9.498554347512047982e-03 -3.657008554626906254e-03 8.823206139778470153e-03 1.231776136535108054e-03 3.492755366880847482e-03 7.583159827289067019e-03 1.095345342375990232e-02 4.905175700276585143e-02 1.783584273663773798e-02 5.642297438875040587e-03 -1.427741142108394012e-03 1.965561893823958642e-02 1.110411845014559924e-02 7.569732398528308467e-03 1.724621109693010718e-02 5.197115993892697378e-02 2.500900776050963073e-02 1.274802171439897054e-02 1.073212468313616136e-02 1.333662321817450855e-02 7.133648746510566283e-03 1.674438226428209137e-02 2.475643914133627069e-02 2.721668754801197590e-02 3.123092783852155635e-02 3.336543237589084665e-02
7.013599657162022938e-02 1.000000000000000000e+00 6.860333989704980873e-02 1.562920459119477301e-01 1.047430272992945499e-01 9.173395166661026112e-02 1.450663247189950544e-01 1.587855465040341751e-01 1.746260604290588159e-01 1.926831323718302957e-01 1.592405931910124417e-01 1.687919228551024164e-01 1.678846714811182972e-01 1.384907188544365064e-01 1.707120250546512452e-01 1.753743188418104282e-01 1.667586053448348871e-01 1.792328710224816157e-01 1.674162429878621183e-01 1.714751401273389153e-01 1.967987086845663369e-01 1.820263375930197824e-01 1.815588033653416089e-01 1.790766382275456037e-01 1.706676604536687125e-01 1.607455754364375544e-01 1.535564724623247612e-01 1.461839800850586457e-01 1.725877259366074556e-01 1.641365700907440328e-01 1.705004331203797407e-01 1.816023373186457790e-01 1.537110430086416624e-01 1.710562573577853185e-01 1.631333544399959923e-01 1.669277768527167860e-01 1.580771068085764508e-01 1.658985827871369001e-01 1.629025607554412669e-01 1.439674022191538560e-01 1.585339564451905270e-01 1.571241218605235468e-01 1.711062115060359712e-01 1.677257082684838474e-01 1.645644515836325317e-01 1.603092182088788897e-01 1.636405001215132937e-01 1.694455375582160084e-01 1.709467603170418959e-01 1.387093899021602239e-01 1.552271014279930639e-01 1.207852211231986300e-01 1.540171299256199444e-01 1.816236285637319592e-01 1.864847425534984782e-01 1.754711406253600947e-01 1.800644681935858749e-01 1.780457779169318799e-01 1.731305154550235315e-01 1.749702287649748111e-01 1.729135501435229982e-01 1.796978500418763003e-01 1.768754022332663101e-01 1.674531655483608439e-01 1.649062714984232403e-01 1.755109519441747923e-01 1.694144215538200549e-01 1.674491571354837782e-01 1.725944719681777872e-01 1.711856433134466282e-01 1.717398984138406026e-01 1.674661103082097924e-01 1.732747268818960740e-01 1.666773081183342275e-01 1.606266097303427065e-01 1.652150790821637349e-01 1.593067184789908886e-01 1.656216896557344831e-01 1.597964253985231786e-01 1.628954163297837154e-01 1.579810970171852402e-01 1.620936207891377490e-01 1.767732797025479696e-01 1.609095082354743689e-01 1.587185026223893736e-01 1.662773978096053762e-01 1.598759166264057952e-01 1.630813810179379819e-01 1.633115574805735770e-01 1.679908142481381650e-01 1.552749492736731907e-01 1.602354253102456494e-01 1.629288173052985678e-01 1.623905130858340484e-01 1.637122293693188957e-01 1.659899462807227777e-01 1.492896399127535967e-01 1.574581938892670452e-01 1.636642529333488250e-01 1.531436851464686721e-01 1.616227525452738345e-01 1.622540507040566848e-01 1.612320716413438160e-01 1.570959425202733406e-01 1.572921761935756058e-01 1.720355416897379475e-01 1.660259709296495190e-01 1.696928127826134447e-01 1.698233782831455041e-01 1.673130408657051982e-01 1.687258114257993158e-01 1.704430692318726070e-01 1.671086822691687790e-01 1.623001180409713584e-01 1.690683000749142739e-01 1.700554180625175327e-01
5.648125389770741744e-02 6.860333989704980873e-02 1.000000000000000000e+00 3.264924430480116158e-01 1.706806811456503259e-01 2.437017197369107657e-01 3.195929150695815957e-01 2.801631122840077537e-01 3.603339300179558280e-01 3.065061619411237337e-01 3.539821335168123473e-01 3.582615070272514024e-01 3.308116737099823235e-01 3.365580415308641604e-01 3.550410862037782223e-01 3.510125727583499056e-01 3.648847469209868244e-01 3.394152086745331753e-01 3.807116749577471038e-01 3.205719154656456182e-01 3.315462027156759195e-01 3.703653981179836907e-01 3.412293336617047146e-01 3.568642792854402335e-01 3.670271917450037558e-01 3.579422417213143359e-01 3.780710403335707515e-01 3.669681403261732533e-01 3.667630647147938627e-01 3.704327574537737977e-01 3.711532247164908149e-01 3.622601336429809860e-01 3.474717942601651677e-01 3.523213272100770843e-01 3.451018158778522693e-01 3.531686619673817251e-01 3.486201290048371315e-01 3.515987177983799783e-01 3.711739282543660146e-01 3.398599483593034432e-01 3.618949464366374991e-01 3.572314436473478794e-01 3.591189161760356408e-01 3.661744972681554300e-01 3.558673474098240641e-01 3.601747222647578295e-01 3.610393184519058996e-01 3.646984230735679788e-01 3.659748477501310049e-01 3.577580426157558335e-01 3.674950296340482314e-01 3.649388327977162727e-01 3.640045693683003902e-01 3.709249028405825488e-01 3.597759658191260757e-01 3.602532299849605102e-01 3.778609253079207586e-01 3.620726495296257563e-01 3.566771072899243555e-01 3.673309594935271760e-01 3.731284995520518510e-01 3.649829263851436800e-01 3.718937036293477605e-01 3.756821431601748973e-01 3.804338439806015937e-01 3.723811520583563683e-01 3.776680393903719679e-01 3.732298372068102998e-01 3.698617458168020344e-01 3.703472189839989159e-01 3.742482398266973598e-01 3.751888560091896085e-01 3.741450800953305400e-01 3.788894173815182675e-01 3.694953502227779629e-01 3.755592658456156085e-01 3.759457840590090805e-01 3.760442883097332989e-01 3.737892227779226473e-01 3.777610508383493215e-01 3.733153341103361833e-01 3.775516844133475769e-01 3.839615907015792584e-01 3.691191562685954830e-01 3.662258763801648498e-01 3.711391253306989824e-01 3.692041372965129686e-01 3.685784760985726383e-01 3.719107879097335867e-01 3.776212925320724945e-01 3.626733776992454583e-01 3.679046389092192060e-01 3.731283095773105796e-01 3.705053673365025779e-01 3.693206003416326100e-01 3.739491768586055698e-01 3.745680625084227278e-01 3.818949991290610524e-01 3.801179315763437150e-01 3.725331054416415322e-01 3.707356610689805376e-01 3.789505847892588042e-01 3.718992789715145908e-01 3.716790158560498436e-01 3.794769608234034863e-01 3.893574400502439747e-01 3.764127281537560377e-01 3.710876877726757561e-01 3.745852511968006948e-01 3.705321563743277369e-01 3.708998696785803517e-01 3.725606600447723959e-01 3.769863694944346477e-01 3.792680730143956347e-01 3.779127983825053549e-01 3.769127917693753105e-01
8.362607466775522080e-02 1.562920459119477301e-01 3.264924430480116158e-01 1.000000000000000000e+00 3.717547691318740521e-01 3.883270309884861993e-01 5.816095362884513564e-01 5.576247935180431714e-01 6.131527957438013265e-01 5.620230851269227834e-01 6.240687521548800021e-01 6.468882644775788560e-01 5.896491764967480842e-01 5.974629584346137223e-01 6.414812202354438497e-01 6.304807191167280944e-01 5.986235591037630810e-01 6.324105742646094486e-01 6.563066906833816549e-01 6.060834566196690032e-01 6.236452352692258838e-01 6.580319240983760753e-01 6.205532875018457961e-01 6.301144645222667151e-01 6.564888958496576388e-01 6.411630306026386839e-01 6.462491806012978790e-01 6.554448868287032770e-01 6.605562836503472424e-01 6.541835169171392739e-01 6.670324064283278398e-01 6.473854951980038130e-01 6.434542715697529891e-01 6.444347520727206069e-01 6.392622570715384978e-01 6.498416074220535465e-01 6.509062751909926448e-01 6.524484876893476004e-01 6.595459212389737091e-01 6.366340356316143589e-01 6.581521473760463259e-01 6.525864782706563005e-01 6.629224999607281621e-01 6.595684197916312774e-01 6.581540491875601528e-01 6.539568722728530403e-01 6.446803368745086527e-01 6.455273388328540696e-01 6.529843102647033826e-01 6.469766405105892293e-01 6.576754525937178464e-01 6.479734985458532881e-01 6.572341811921914578e-01 6.475057398846914003e-01 6.469387151042859108e-01 6.542128667045169488e-01 6.565340844346494453e-01 6.453041322789603296e-01 6.441568760567965013e-01 6.535803936428583594e-01 6.605136801482797138e-01 6.450220596988145427e-01 6.541655092707866492e-01 6.602486009087494834e-01 6.576133633308934856e-01 6.561871495632434215e-01 6.566096409379601484e-01 6.585265685373296041e-01 6.576408871826019409e-01 6.577226962583545555e-01 6.657068951789039124e-01 6.623923935309246058e-01 6.608290299708700077e-01 6.659307082801507738e-01 6.567237896294479960e-01 6.608514365304843929e-01 6.622918996972201322e-01 6.568797296404770281e-01 6.597632558540101888e-01 6.552986314101936216e-01 6.585640958225861263e-01 6.604795558791836108e-01 6.694196473638345246e-01 6.539877383289234292e-01 6.519144769102400705e-01 6.608391548222426470e-01 6.605467996351276350e-01 6.590326742713245034e-01 6.590435038601204498e-01 6.623145851658891470e-01 6.559874897858447573e-01 6.539100308622852742e-01 6.627217957316052788e-01 6.568658876480184539e-01 6.511713635878549900e-01 6.537217795200381820e-01 6.622361525458215770e-01 6.637416995380083229e-01 6.602243723492726701e-01 6.589042904749626839e-01 6.594791934871983008e-01 6.643964692034389774e-01 6.617600892254713596e-01 6.590324805449015999e-01 6.666062150969234157e-01 6.615364759888539004e-01 6.568912243345695900e-01 6.512899396727097612e-01 6.590492432043518756e-01 6.539368102603337896e-01 6.558329240935214521e-01 6.547159930915189552e-01 6.539944690261121352e-01 6.608932103261011548e-01 6.596347066354975031e-01 6.564460670808988096e-01
1.538267129777551832e-02 1.047430272992945499e-01 1.706806811456503259e-01 3.717547691318740521e-01 1.000000000000000000e+00 3.104851313290077908e-01 4.701022487096723768e-01 4.604530064593232441e-01 4.456425116512308660e-01 4.523067595275906960e-01 4.670988519214915868e-01 4.817974125396396468e-01 4.696909907184252386e-01 4.661288220210683675e-01 5.070708228396243467e-01 5.053777692393568444e-01 4.550467544926654062e-01 4.623264389288657128e-01 4.969116467426167305e-01 4.525283216221284155e-01 4.714472627070941391e-01 4.798083119217831372e-01 4.697748304654609242e-01 4.800972088515506053e-01 4.922750704599491711e-01 4.928380831661097194e-01 4.878813969966141473e-01 4.878917784053067308e-01 4.773643842967512652e-01 5.036281123607656562e-01 5.037316029585164889e-01 5.111464527611639941e-01 4.953075224733432536e-01 5.139730264649400304e-01 4.932882696303806380e-01 5.068500182905240070e-01 5.058665011329173122e-01 5.032888253272170820e-01 5.138265407036743948e-01 4.947495028548139495e-01 5.137004462615440969e-01 5.091655607692496810e-01 5.112984774742985739e-01 5.097758857741867544e-01 5.155327548289024842e-01 5.070304365760934795e-01 5.107953799323484700e-01 5.103165137983656230e-01 5.000992389691816253e-01 4.880402115148993469e-01 5.039009241823386720e-01 4.955532682951925283e-01 5.076273747248801760e-01 5.022993214291535669e-01 4.939809391618887879e-01 5.056700051855647082e-01 4.818502250172307932e-01 5.052554216498228445e-01 4.956022621440576148e-01 5.100861039962665267e-01 5.090012997692515695e-01 4.981373607381828772e-01 4.959965410062824320e-01 4.996103116249618337e-01 5.049403686598112895e-01 5.016012423564090161e-01 5.109079556819596801e-01 5.117392562467887318e-01 5.120669755594707828e-01 5.137874980456054175e-01 5.134832731979169784e-01 5.142041765403625453e-01 5.110660714747187194e-01 5.100676773944250453e-01 5.112782815759336907e-01 5.100174007233263529e-01 5.033707010390134906e-01 5.002283567307678203e-01 5.054470415432661401e-01 5.065916660032093732e-01 5.091218446840016787e-01 5.075294553426654698e-01 5.135655683028111929e-01 5.100195386256662911e-01 5.061133274536734339e-01 5.153371910300491576e-01 5.156482381606547483e-01 5.131865319143610327e-01 5.137187116095504047e-01 5.123959386286631723e-01 5.134985945407413155e-01 5.142395149279086475e-01 5.124632849563750536e-01 5.137903716341276628e-01 5.119879235810502749e-01 5.103508783401689008e-01 5.025347007392219068e-01 4.912157644753025187e-01 5.068313557416374016e-01 5.096488696751558800e-01 5.146752501320870365e-01 5.058114025817344039e-01 5.092305769463256748e-01 5.133175306039093888e-01 5.134739555994668470e-01 4.927964567580050415e-01 5.052474144069976081e-01 5.100735184374352027e-01 5.098400877535196329e-01 5.102735817857249057e-01 5.064918779668938775e-01 5.117249146311516617e-01 5.048402770259770023e-01 5.073542360929113038e-01 5.115005140810897633e-01 5.094364712994031708e-01
1.654630116546070354e-02 9.173395166661026112e-02 2.437017197369107657e-01 3.883270309884861993e-01 3.104851313290077908e-01 1.000000000000000000e+00 5.337365963658731172e-01 4.899989545398769075e-01 5.091138804279076169e-01 4.843228364188057466e-01 5.347919126000670875e-01 5.538934660436262147e-01 4.845403464710029140e-01 5.351146915199636034e-01 5.707546539227145166e-01 5.516552614575450653e-01 5.064013710853469963e-01 5.241575288034153735e-01 5.389380706188440229e-01 4.984499998625436246e-01 5.007510986162579947e-01 5.329237932682371337e-01 5.002286936866970901e-01 5.172682031255354529e-01 5.405236679716868275e-01 5.558191031170700569e-01 5.665053775390663793e-01 5.646384535105382074e-01 5.306863528932971308e-01 5.564320318427431467e-01 5.741729188522538552e-01 5.504366536822634659e-01 5.421283760252195716e-01 5.424819267974345660e-01 5.467357145399933671e-01 5.396565835096928110e-01 5.593033431265104216e-01 5.676232637905694878e-01 5.734918078651608520e-01 5.580156371247257940e-01 5.773859880427679725e-01 5.807418730371176618e-01 5.768071911605714419e-01 5.817265835796933127e-01 5.813524498281933406e-01 5.829892078683812651e-01 5.803632294837961503e-01 5.735171347292554733e-01 5.661788033112782337e-01 5.547537070150865279e-01 5.652609640758287091e-01 5.400183564601321873e-01 5.666042185046373802e-01 5.612657151864706151e-01 5.514989537104034723e-01 5.722560355432544377e-01 5.356088603402808790e-01 5.679732023155181775e-01 5.593497940747212960e-01 5.770186682890368068e-01 5.703626602225555509e-01 5.629343227064279587e-01 5.604477204976127114e-01 5.671771215130009258e-01 5.597591766757911147e-01 5.531537298609756625e-01 5.780050331043492529e-01 5.812570569067441184e-01 5.709234777546979833e-01 5.731427956557979542e-01 5.786526821840092261e-01 5.806280404845139964e-01 5.737941435339409812e-01 5.798728918146159872e-01 5.834538190852318618e-01 5.811801408417062165e-01 5.836533249644104693e-01 5.704292291638427548e-01 5.872992890275914313e-01 5.777342423007185701e-01 5.794186676761687860e-01 5.786809978575730984e-01 5.709028701630024516e-01 5.762771521788930817e-01 5.650262032473292173e-01 5.730404969374387480e-01 5.806670116342325105e-01 5.830603976047294967e-01 5.856600891805543441e-01 5.803373262204652994e-01 5.864780710048254075e-01 5.867410632484515443e-01 5.825948314941756800e-01 5.867934344025796944e-01 5.809831338401350020e-01 5.814244170015323565e-01 5.656582292559456659e-01 5.534665021175169120e-01 5.739492103991244987e-01 5.766831838453138070e-01 5.841205579223631705e-01 5.748798222304621897e-01 5.772538354959140250e-01 5.825384773499040492e-01 5.736529623028642222e-01 5.492138413862950319e-01 5.717192796337708938e-01 5.805004122018420087e-01 5.788509744442779104e-01 5.778652931135837001e-01 5.799899744924376099e-01 5.796550905999637848e-01 5.733762395250898702e-01 5.728240194839648858e-01 5.751269655360192745e-01 5.690322514012040589e-01
-2.434930605094253863e-03 1.450663247189950544e-01 3.195929150695815957e-01 5.816095362884513564e-01 4.701022487096723768e-01 5.337365963658731172e-01 1.000000000000000000e+00 7.085317276518469098e-01 7.448999193772302130e-01 7.265328768741194931e-01 7.707152029117660952e-01 8.107028397248855489e-01 7.485052394046747271e-01 7.624528387565899790e-01 8.535088628494396090e-01 8.211229479852397706e-01 7.357160634607253780e-01 7.697335150418763705e-01 7.929847591699348275e-01 7.333946445277900184e-01 7.580100988664467687e-01 7.877970934047637819e-01 7.536808056733264038e-01 7.819816215295947170e-01 7.998574828296636241e-01 8.148678173746854991e-01 8.049433390867385407e-01 8.162923570826985387e-01 7.941416600986721530e-01 8.156357440724983920e-01 8.327831025926938358e-01 8.298194389829713913e-01 7.996210917134922713e-01 8.250051343886521948e-01 8.143186497741972119e-01 8.043681181974153827e-01 8.251508789065435945e-01 8.330619442243452077e-01 8.375361397772034255e-01 8.085419963301180291e-01 8.454025426936556675e-01 8.481715400198777122e-01 8.387345404107826585e-01 8.417662294364980369e-01 8.415189328055092677e-01 8.407796938355281968e-01 8.401627825671235117e-01 8.396796781492193995e-01 8.305141900868233673e-01 8.113507475968418925e-01 8.288777499590185283e-01 7.910277384363426645e-01 8.313569352227454523e-01 8.311757247887912037e-01 8.250704877088335110e-01 8.429007403566567413e-01 8.032386929113647378e-01 8.381227788766238973e-01 8.308766717439622917e-01 8.378889410898192613e-01 8.385163586317709861e-01 8.247763050448427835e-01 8.258736539849410585e-01 8.225337210542301714e-01 8.194046279674503941e-01 8.196785938306099251e-01 8.414674562549011583e-01 8.471409539861732840e-01 8.480690001131042655e-01 8.450038882911231619e-01 8.449825680168444597e-01 8.442398761663326701e-01 8.458122235893352769e-01 8.419256204214500272e-01 8.492003680326430937e-01 8.440680768973373160e-01 8.429946622294000047e-01 8.306127793292756856e-01 8.429133207530969951e-01 8.374885430281602261e-01 8.397331989659310159e-01 8.398525416162916368e-01 8.429001910640253614e-01 8.441588148251643053e-01 8.440528231522522740e-01 8.503506064990679070e-01 8.458324621078932015e-01 8.529880700255577652e-01 8.505186025080905265e-01 8.478541341093142059e-01 8.513074610162956191e-01 8.530922919173614671e-01 8.482034561129723205e-01 8.511937587612390388e-01 8.443802796503895314e-01 8.439572214817490092e-01 8.338866229093956361e-01 8.246581155954788578e-01 8.406134551622186368e-01 8.469039840140303310e-01 8.500628757388322132e-01 8.419898457799208646e-01 8.400655804500356538e-01 8.455722636448729235e-01 8.396442510121024938e-01 8.169442712839820597e-01 8.386881009388734709e-01 8.452586314727968952e-01 8.477931240353940856e-01 8.461881243089168780e-01 8.476484893816605970e-01 8.419832055464224752e-01 8.377060709098519409e-01 8.364125229861050226e-01 8.368357753334709770e-01 8.330845801875097489e-01
1.699461991635235758e-02 1.587855465040341751e-01 2.801631122840077537e-01 5.576247935180431714e-01 4.604530064593232441e-01 4.899989545398769075e-01 7.085317276518469098e-01 1.000000000000000000e+00 7.145403547486458562e-01 6.914063559106948809e-01 7.295606055345055241e-01 7.659677450529059906e-01 7.171254616607436461e-01 7.089267997628915241e-01 7.878386837370681128e-01 7.826431901601076380e-01 7.020340121298845881e-01 7.210375467581198183e-01 7.485445855050654185e-01 6.947423481244211496e-01 7.268477980279182127e-01 7.518455370854749686e-01 7.090051885873821513e-01 7.200088783605684828e-01 7.416710420200053333e-01 7.596167175319165077e-01 7.620508557004450623e-01 7.629102886090769475e-01 7.599971005833022764e-01 7.721665299697796359e-01 7.882106236436898783e-01 7.771655698761916753e-01 7.564539844406593661e-01 7.641701884346566720e-01 7.656694957041075833e-01 7.568751156524780033e-01 7.816715886843572658e-01 7.903670540087843754e-01 7.923305512772037540e-01 7.592288802753361932e-01 7.875552186049461501e-01 7.970221793626196538e-01 7.951217331171477332e-01 7.970365752929579051e-01 7.895844289278038941e-01 7.925775958388462383e-01 7.912551057926330289e-01 7.924358007735640141e-01 7.861132697293763405e-01 7.675110523849588695e-01 7.856341171016605340e-01 7.508072196754317362e-01 7.870474591622913518e-01 7.924313463924873568e-01 7.917835271860718116e-01 8.037274031139529651e-01 7.743188053594176612e-01 7.961427804481369108e-01 7.929072104712180380e-01 7.981174470584790903e-01 7.983321881894119842e-01 7.910610556807824434e-01 7.931700523171493211e-01 7.855611177938529588e-01 7.850756776803229364e-01 7.891411679224773490e-01 7.945687013681104194e-01 7.973201430060677941e-01 7.973127889736464358e-01 7.985077792081829440e-01 7.972670832041363065e-01 7.974774445556728208e-01 7.899440955318467461e-01 7.900487289555435666e-01 7.962003349347190895e-01 7.924510130190038915e-01 7.904197510852444264e-01 7.872221670708420271e-01 7.903931409704633149e-01 7.890345637896991615e-01 7.933576513950731934e-01 7.930813373800270627e-01 7.966115240454237911e-01 7.923892687011958591e-01 7.890993223668989476e-01 7.954022382131743507e-01 7.973586778418431109e-01 8.004573692626048009e-01 7.978037912550157706e-01 7.994324438405107092e-01 7.955145248888674248e-01 8.004881274688850912e-01 7.984224628124858558e-01 8.000327288625754818e-01 7.969549108580233909e-01 7.974483406447326894e-01 7.875503717983841634e-01 7.798454481581085229e-01 7.970702645350867810e-01 7.950381224567164562e-01 7.995334730850270910e-01 7.976507896395287345e-01 7.943570355370502822e-01 7.987476926030723234e-01 7.928668541317867025e-01 7.824961367825672420e-01 7.941088179580123585e-01 7.989160583313037467e-01 8.034852446552529504e-01 8.008142652223254609e-01 8.027230752950641479e-01 7.992887517361834115e-01 7.951664527778663505e-01 7.937975391264124880e-01 7.928749368157009814e-01 7.941320876426244402e-01
1.037730765440026681e-01 1.746260604290588159e-01 3.603339300179558280e-01 6.131527957438013265e-01 4.456425116512308660e-01 5.091138804279076169e-01 7.448999193772302130e-01 7.145403547486458562e-01 1.000000000000000000e+00 7.637145249993335661e-01 8.265168160207165826e-01 8.549999910435314154e-01 7.734544627154088525e-01 7.832118459309124203e-01 8.547562034416028576e-01 8.499247218985002128e-01 8.172899538521255502e-01 7.872246086124449205e-01 8.313988478377140057e-01 7.512392132780569831e-01 8.064245125923296120e-01 8.399461944201513930e-01 7.645112176211642518e-01 7.712969964269793532e-01 8.241551288677617659e-01 8.284259767469622782e-01 8.493216536200650646e-01 8.317309901236724645e-01 8.507574930801655722e-01 8.707267478319579146e-01 8.832106247891423623e-01 8.516070971454730021e-01 8.263895939460033091e-01 8.292332616850568439e-01 8.435671228488602624e-01 8.293424538783581434e-01 8.578701872487034530e-01 8.610326342761105423e-01 8.727362075609316205e-01 8.063788029029030913e-01 8.657573305702517263e-01 8.594562051827819849e-01 8.555985674085545556e-01 8.748188785677409873e-01 8.645118378238810797e-01 8.648303350741131101e-01 8.800501209781711465e-01 8.883941210284111989e-01 8.881217682860744755e-01 8.550911329940673600e-01 8.733053480558345960e-01 8.316705078752275604e-01 8.707312352961386059e-01 8.893958245562713083e-01 8.813922931371778180e-01 8.674769311897333468e-01 8.875366394029372552e-01 8.766528790354248812e-01 8.807414613638365752e-01 8.900120107858188190e-01 8.901638168723011724e-01 8.904936488552419593e-01 8.849515177167126545e-01 8.908483520781563803e-01 8.893315374187406031e-01 8.941858770004328383e-01 8.889817730470169765e-01 8.828293864934324553e-01 8.813548830761822606e-01 8.810898674073026626e-01 8.875714876613628457e-01 8.881203010179151702e-01 8.677850491818739354e-01 8.774299426260097068e-01 8.808389617080901735e-01 8.825821609493380571e-01 8.776493710095861767e-01 8.833888646498776476e-01 8.763744333697239819e-01 8.869970818412602487e-01 8.847935434345739480e-01 8.897918645036492213e-01 8.874827997347379815e-01 8.824818944655951070e-01 8.671854749836264142e-01 8.749311555124884565e-01 8.801029898208394542e-01 8.780742065537198160e-01 8.823661951956207616e-01 8.812081851151888356e-01 8.676273181749205587e-01 8.785659375833472229e-01 8.818348381599503405e-01 8.809261646615701435e-01 8.851786297532976411e-01 8.873627233929406444e-01 8.659052327063173626e-01 8.838790135384870794e-01 8.872067804352126164e-01 8.799016187573990289e-01 8.768941974369901526e-01 8.880531021292480398e-01 8.851005231699954345e-01 8.831346548569183330e-01 8.841057426530688490e-01 8.876767744192057830e-01 8.916458911598276194e-01 8.882156693665780312e-01 8.872438812161470567e-01 8.866932395022217861e-01 8.824020288394605060e-01 8.902095730358751124e-01 8.929688412758191030e-01 8.914805457164995950e-01 8.915984888168687617e-01 8.943706661766405164e-01
4.818778681539422071e-02 1.926831323718302957e-01 3.065061619411237337e-01 5.620230851269227834e-01 4.523067595275906960e-01 4.843228364188057466e-01 7.265328768741194931e-01 6.914063559106948809e-01 7.637145249993335661e-01 1.000000000000000000e+00 7.673291533708979095e-01 8.020284485412890740e-01 7.423652945902705635e-01 7.378381999583017992e-01 8.140698135463634300e-01 8.090680817813130643e-01 7.492484970647724785e-01 7.455825923624552765e-01 7.820597981073117433e-01 7.089468414341503211e-01 7.453661472271951860e-01 7.725289257178779012e-01 7.387011795040255846e-01 7.427985333777008536e-01 7.749461056415938298e-01 7.847030089866345870e-01 7.931703849058419076e-01 7.861299412587630098e-01 7.917532456413949316e-01 8.117808609165294564e-01 8.273513507987216853e-01 8.144135194129182853e-01 7.854996442174102533e-01 8.026757534650261761e-01 8.025925439000419770e-01 7.877911706833814476e-01 8.216767394714217243e-01 8.206081610518641822e-01 8.276560149734170091e-01 7.681304818036085447e-01 8.218772927919976157e-01 8.165347844329005067e-01 8.130878164410423325e-01 8.287566930628287309e-01 8.190827313043288482e-01 8.235164448198184495e-01 8.343433309824411781e-01 8.403330970659005361e-01 8.365734555244059845e-01 8.024938242816275213e-01 8.210288379702935790e-01 7.702053079636345112e-01 8.170840502206792033e-01 8.396560941576349801e-01 8.304647275044907406e-01 8.284721407328213827e-01 8.220279218944857025e-01 8.326520739413533212e-01 8.357735807123308769e-01 8.381745715816900644e-01 8.373204147849274692e-01 8.377925242983749188e-01 8.299333204925907204e-01 8.314805008835964850e-01 8.251477724256517376e-01 8.346537885531113421e-01 8.389032507838936059e-01 8.365717587015235601e-01 8.393948817123776385e-01 8.365892494685429615e-01 8.325878581988780391e-01 8.348871888566833377e-01 8.240509002418648921e-01 8.255959461645863140e-01 8.336462737738270512e-01 8.320975446855883861e-01 8.264620278259157127e-01 8.263323466571106390e-01 8.269525388005062316e-01 8.343950145538915342e-01 8.357209673295482588e-01 8.385974345952784681e-01 8.372000741818995673e-01 8.347482202742851909e-01 8.286227408157859076e-01 8.325994124769343641e-01 8.358914477111042407e-01 8.353110646713000076e-01 8.389415583902891660e-01 8.336587711847924798e-01 8.256361175655146933e-01 8.339640423171242878e-01 8.347165378355817511e-01 8.350259403297134453e-01 8.386637903564604368e-01 8.393385612432232579e-01 8.169389051203392871e-01 8.249369956700820516e-01 8.354316234666999685e-01 8.314655275489785113e-01 8.311256863529684624e-01 8.349279774303430823e-01 8.311223262753674179e-01 8.327918315865556753e-01 8.303600119848801864e-01 8.299275897957371084e-01 8.387397975897817881e-01 8.398532491712984438e-01 8.385315456911799359e-01 8.390328350002695945e-01 8.383552018220511437e-01 8.405410341450233469e-01 8.385881945729607434e-01 8.375357600250138423e-01 8.356796833818793679e-01 8.389354913169011496e-01
2.731510470683544411e-02 1.592405931910124417e-01 3.539821335168123473e-01 6.240687521548800021e-01 4.670988519214915868e-01 5.347919126000670875e-01 7.707152029117660952e-01 7.295606055345055241e-01 8.265168160207165826e-01 7.673291533708979095e-01 1.000000000000000000e+00 8.752788211757058789e-01 7.927689295605058195e-01 8.160650183680480119e-01 8.833283604236320530e-01 8.684618269767384602e-01 8.046304744922750940e-01 8.133094630230147670e-01 8.508676915210330316e-01 7.708878512544373729e-01 8.055787998858425780e-01 8.530583666366297058e-01 7.971222210795182450e-01 8.135010569725188434e-01 8.517375243774315541e-01 8.530529046058727971e-01 8.717910413334413189e-01 8.675400281211387288e-01 8.568484530893183404e-01 8.850889903066564424e-01 9.002144643766389898e-01 8.731276132671561552e-01 8.517759927520091034e-01 8.608819593978341844e-01 8.636450177820034213e-01 8.506907440140220045e-01 8.778791849252760571e-01 8.884302306911924241e-01 8.968121845920945523e-01 8.444920536996404214e-01 8.972568531380588075e-01 8.930259999417281547e-01 8.857928335995715052e-01 9.009778065779145972e-01 8.895212128399679896e-01 8.974618594928924775e-01 9.046405071030491074e-01 9.062188095373102659e-01 8.998269888150471907e-01 8.717378216765291343e-01 8.896499809560189931e-01 8.440540523385233751e-01 8.868854438775789495e-01 8.976169177320710846e-01 8.875644001572013941e-01 8.931036953894061492e-01 8.808618797488143581e-01 8.963790193589598054e-01 8.933877507255041373e-01 9.043373492842154970e-01 9.050540580766094356e-01 8.982792960830068285e-01 8.947148962455546695e-01 8.997669936253671619e-01 8.928148210055776302e-01 8.935773901772843253e-01 9.066157762516486862e-01 9.082742010022241130e-01 9.039039974182316861e-01 9.025713151759199304e-01 9.071277377266343533e-01 9.098109868184314220e-01 8.984715226307303793e-01 9.051212236992950411e-01 9.065294151526070987e-01 9.071828453582703178e-01 9.062186990899464556e-01 9.005710611467542259e-01 9.037437682524502858e-01 9.079672723473755092e-01 9.065941172205763676e-01 9.106115179820474248e-01 9.047830626587940461e-01 9.031719284260644187e-01 8.956928818090542643e-01 9.035364426749924460e-01 9.052833507218051023e-01 9.069637498259713881e-01 9.074432829058673988e-01 9.049244535206236728e-01 9.003658424368945479e-01 9.072747915950828412e-01 9.085913930745962430e-01 9.082894050100737138e-01 9.080978906276327978e-01 9.089390939264925251e-01 8.934964234315491138e-01 8.968907444924327788e-01 9.081721835971966472e-01 9.056798538026427092e-01 9.066075257886299088e-01 9.070837570568490715e-01 9.046610541184533227e-01 9.072602298351473138e-01 9.041826911525767674e-01 8.971811033504029087e-01 9.093213395995263237e-01 9.087193236487818293e-01 9.086784133415135578e-01 9.073604647393022082e-01 9.073945443764559471e-01 9.088985935853161058e-01 9.078899870615617651e-01 9.078128098988909045e-01 9.053637872723521163e-01 9.041957582881152700e-01
2.852908365977216074e-02 1.687919228551024164e-01 3.582615070272514024e-01 6.468882644775788560e-01 4.817974125396396468e-01 5.538934660436262147e-01 8.107028397248855489e-01 7.659677450529059906e-01 8.549999910435314154e-01 8.020284485412890740e-01 8.752788211757058789e-01 1.000000000000000000e+00 8.302267140036302395e-01 8.464390800650120061e-01 9.253833240400745064e-01 9.120261592328531286e-01 8.376904757625598386e-01 8.396419525846101628e-01 8.860045585611376895e-01 8.003740068852412959e-01 8.543701936791711082e-01 8.927672288205887874e-01 8.194174570219147080e-01 8.323338073225374778e-01 8.758131807689142345e-01 8.870181946844011289e-01 9.041866644498609551e-01 8.959734597121334909e-01 9.006337668306170219e-01 9.184742730100819985e-01 9.378669221387028188e-01 9.066928813519494756e-01 8.888543236039605500e-01 8.967363937949945907e-01 9.031445182947357431e-01 8.903875473462320445e-01 9.198707149944603811e-01 9.261372937389364957e-01 9.350468071203440479e-01 8.736288664035499751e-01 9.316726148516129014e-01 9.280543814000514757e-01 9.251241872443352054e-01 9.408533386351188854e-01 9.273761786410699148e-01 9.347695398599655814e-01 9.419569345936724680e-01 9.444151264103983756e-01 9.397468676636235863e-01 9.131420914937351530e-01 9.293452942616836632e-01 8.842781751866470863e-01 9.268066368912518671e-01 9.390740525831148267e-01 9.337842079092365521e-01 9.335782900294654629e-01 9.250598542222304710e-01 9.385459142298976376e-01 9.391350153248164689e-01 9.438450004463637688e-01 9.467690619779477457e-01 9.399968623832690717e-01 9.367706892844943622e-01 9.397990545813247332e-01 9.332658401005152760e-01 9.382681020212273459e-01 9.450920594595652036e-01 9.449951766064813574e-01 9.419916616401191600e-01 9.441064445220546109e-01 9.461548563594337491e-01 9.454179333088145176e-01 9.324503524781329045e-01 9.371380222627208045e-01 9.450085122880149680e-01 9.432257152669655254e-01 9.405010757509389974e-01 9.394113338675590397e-01 9.359446018701677028e-01 9.423815102375553421e-01 9.444975159019893818e-01 9.472804002064644235e-01 9.408226566880076858e-01 9.423316744781444765e-01 9.322015056054119286e-01 9.384897794752774525e-01 9.440499416094565444e-01 9.435538327273657044e-01 9.463673987759982920e-01 9.413697900271780217e-01 9.377525368275941853e-01 9.444850729728473393e-01 9.465391173368589151e-01 9.441755604138268865e-01 9.468264312676045735e-01 9.472577239614967670e-01 9.279551079806562797e-01 9.346078201701455423e-01 9.459906137513638402e-01 9.431366733455788243e-01 9.424111165557371717e-01 9.463320035112245954e-01 9.436956786566133015e-01 9.455002392671544298e-01 9.419130881846150549e-01 9.350047416010809354e-01 9.471353219794064193e-01 9.469038440268996437e-01 9.469233562492139766e-01 9.467341278352978673e-01 9.451321470520611667e-01 9.474426855408936143e-01 9.463725526412740674e-01 9.459112134257973148e-01 9.427894604125865996e-01 9.437923495609192859e-01
2.488654265891417083e-02 1.678846714811182972e-01 3.308116737099823235e-01 5.896491764967480842e-01 4.696909907184252386e-01 4.845403464710029140e-01 7.485052394046747271e-01 7.171254616607436461e-01 7.734544627154088525e-01 7.423652945902705635e-01 7.927689295605058195e-01 8.302267140036302395e-01 1.000000000000000000e+00 7.723894153708300570e-01 8.500781492038844700e-01 8.485580631999749546e-01 7.621944061453972408e-01 7.655834856677042888e-01 8.099598270815447920e-01 7.365639931947092212e-01 7.925073883117897955e-01 8.138687692110553318e-01 7.474095096100100699e-01 7.669449914024345505e-01 8.024081605147884710e-01 8.110823797313999606e-01 8.141442452238430993e-01 8.073463398575145833e-01 8.154835447224518807e-01 8.344162340293074243e-01 8.487360142221447301e-01 8.335756682018876651e-01 8.044026026474137003e-01 8.215555253667138347e-01 8.237053654679864501e-01 8.097912389617554219e-01 8.319898304286009738e-01 8.395761454060861606e-01 8.492540379988483545e-01 7.935109950492238440e-01 8.472338255738091073e-01 8.443545672751229247e-01 8.488010255064952769e-01 8.587853166922353454e-01 8.452271383029056340e-01 8.522445824334713427e-01 8.588324957641145785e-01 8.635759668951704660e-01 8.547736746840770561e-01 8.211686532275649375e-01 8.460511141024500414e-01 8.098510540705686767e-01 8.459212110299431098e-01 8.651832066126792231e-01 8.580042561409864099e-01 8.547725540157120605e-01 8.436269284880693053e-01 8.616885270985590317e-01 8.603669258206362302e-01 8.671331634195580396e-01 8.646224473819095202e-01 8.647558752501135482e-01 8.601616154945733728e-01 8.559967675321110692e-01 8.542907435028481711e-01 8.616440945648817795e-01 8.633463528273180865e-01 8.622637042141957364e-01 8.612208341620641860e-01 8.627833304425367444e-01 8.671458337765244329e-01 8.648699333658791399e-01 8.561430716168795252e-01 8.558250900731001476e-01 8.608509812579029363e-01 8.571673303972274782e-01 8.526748477931267445e-01 8.510047512476485165e-01 8.519135863231031003e-01 8.576306019359052346e-01 8.596191935771857473e-01 8.607045409864170216e-01 8.593751978800228120e-01 8.583914573789181990e-01 8.479886539959151648e-01 8.584662644441801715e-01 8.609322001632944144e-01 8.606198156319829762e-01 8.612470345437038821e-01 8.614382123197128482e-01 8.528613531815396609e-01 8.596349283227151528e-01 8.616908873684229198e-01 8.602595749607079290e-01 8.639859414575170593e-01 8.654616430392552129e-01 8.399580682967041634e-01 8.475825687530585961e-01 8.610639765475200935e-01 8.578107781943808963e-01 8.606692453640178986e-01 8.627300229266787746e-01 8.581230630763371225e-01 8.613603974610370972e-01 8.576282027039873190e-01 8.507813964228877479e-01 8.629170894584538010e-01 8.664067232914601790e-01 8.666840623594829207e-01 8.659490351813570186e-01 8.649114186323485498e-01 8.674597529534986418e-01 8.642700582335799409e-01 8.611594778471179934e-01 8.604319149003568645e-01 8.635094153236660963e-01
