1.000000000000000000e+00 1.074031501410175893e-01 8.573353623969132142e-02 8.823561773810119357e-02 2.580527280733137946e-02 3.355546422446335775e-02 2.346274334525493693e-02 5.742122401622083705e-02 7.199328167988859606e-02 6.101740300857252247e-02 5.287241114822782695e-02 4.037557092280513044e-02 3.876031555319455618e-02 1.261720492977003649e-03 1.287973341588547968e-02 1.225027766182894750e-03 1.316145182095055377e-01 5.722728212717572566e-02 5.655011081926573924e-02 4.644562279646181294e-04 1.067620754902710162e-01 8.917604510262837347e-02 7.938208163406235141e-02 5.258945247289410069e-02 5.808999872433011358e-02 9.533597867327299469e-02 5.154681295153756837e-02 5.625103541149112374e-02 5.560752730650057873e-02 9.283549116247519217e-02 6.082003393571892153e-02 5.919680689566986231e-02 5.190746404462951574e-02 8.204800645822657446e-02 7.990721026181983599e-02 6.900460287593541964e-02 7.121450122000864968e-02 3.014645208723481032e-02 4.211738198418966961e-02 -3.274431929243840685e-03 2.490805351330212594e-02 9.173312934609937491e-03 -2.019421940550660682e-02 1.786537373149006333e-02 4.146553062486128816e-02 1.248664263457897536e-02 1.197101123559881145e-02 1.851783059756455935e-02 2.467462649336393116e-02 3.515547533946244280e-02 2.088727067187385114e-02 4.821196896703210111e-02 3.740610537994507045e-02 3.039093298296984338e-02 2.146859036917953684e-02 3.253316964808335848e-02 4.162848478911032601e-02 -5.293799501916550279e-04 3.866317565698302629e-03 1.748989520016265911e-02 -8.843300840587549772e-04 7.242849643818806415e-03 5.120875835729209354e-03 3.098243355093408327e-02 4.921083202499833970e-02 2.815048560512583772e-02 2.157440221546727890e-02 1.541591442146842024e-02 2.261310918999803396e-02 4.425655230734517991e-03 2.391831643347935160e-02 2.585346897928137919e-02 1.700990397405143309e-02 2.191564675664163173e-02 2.069393125124418045e-02 2.577830189543211040e-02 1.757561687053742563e-02 2.435565344871714125e-02 2.003249644849538005e-02 3.372700859752667674e-02 2.741048692269272211e-02 2.148127906110110924e-02 3.740927504659927183e-02 3.121763938315971765e-02 1.355479137326351738e-02 3.483254937529858819e-02 2.361925099063447511e-02 5.889367764461112854e-03 1.577358764570597344e-02 1.642499358615312488e-02 1.529683990086133519e-03 9.880503701407659933e-04 1.095518145212063914e-02 3.390124685222301211e-03 6.097410878623546471e-03 1.257944053090801970e-02 4.709550050349623623e-03 3.055073513188966139e-02 8.183985955589445638e-03 1.030079858567509166e-02 -9.558833505400668451e-03 1.125335072959791384e-02 1.836751470008722575e-02 3.489622606727648974e-03 2.350567938572857216e-02 2.897803908933751713e-02 1.984027080683847463e-02 1.313404337414001040e-02 5.251108065350521860e-03 1.257781441121128864e-02 1.954252282898104700e-04 1.232552723799981015e-02 9.336039427585259703e-03 1.850557694581297583e-02 3.271084247907912745e-02 2.419916195257177868e-02
1.074031501410175893e-01 1.000000000000000000e+00 1.547473519852279600e-01 1.426470998582943794e-01 1.091957992852725934e-01 1.109749777409161225e-01 1.804544495242836610e-01 1.593139406878727460e-01 1.930967735420425213e-01 1.988187385455568723e-01 1.996607216024393894e-01 1.920768225499228932e-01 1.881739414596741988e-01 1.735207099774865869e-01 1.947665629433956158e-01 1.711088075316117285e-01 2.118364766792911469e-01 2.111824201856301875e-01 2.233487639866582886e-01 1.386911573994089319e-01 2.076175241443951880e-01 2.269453490970720633e-01 2.120603479700065574e-01 2.144626931692857341e-01 2.160629841119618422e-01 2.324143886079193255e-01 2.099025914167295948e-01 2.188309946874809897e-01 2.322936366622373461e-01 2.379533478726431617e-01 2.239969840628701359e-01 2.198857662819204695e-01 2.249243753281078284e-01 2.290153792526222476e-01 2.260813858209928529e-01 2.129368200717754456e-01 2.103518728635636326e-01 2.137225255454286987e-01 2.048203128829984843e-01 1.943481221267355785e-01 1.906612756180987855e-01 1.830283039704435066e-01 1.688595100557033768e-01 1.866033655440118844e-01 1.911035629855361850e-01 1.877092398709883925e-01 1.751994182477883411e-01 1.832377515693821290e-01 1.916786447766572477e-01 1.925590305319612727e-01 1.875442848173423382e-01 1.454550249621667235e-01 1.748107851032908722e-01 1.867705025388766149e-01 1.800586218183875264e-01 1.970359278038115447e-01 1.751908368895497004e-01 1.657843530014315725e-01 1.722280376922440126e-01 1.688252046363058756e-01 1.588762219038473977e-01 1.725278885690527397e-01 1.619781027243625826e-01 1.881746369815659459e-01 1.775594491079914572e-01 1.688729928468098718e-01 1.811807376016262572e-01 1.893777097129330234e-01 1.996845512735938299e-01 1.730211482667630696e-01 1.978839019961984025e-01 1.942607977857176149e-01 1.982043229853777955e-01 1.981344522743631598e-01 1.926565681105452399e-01 1.924903103843688124e-01 1.920584606865574084e-01 2.023635195345525883e-01 1.966225024058251003e-01 2.004982159294608213e-01 1.942088719710882427e-01 1.900170883135539612e-01 2.022022187587238784e-01 1.971827457785388094e-01 1.999227040026094748e-01 2.041488587051241976e-01 1.945866658433627605e-01 1.896242176384796974e-01 1.865380248508836658e-01 1.816746100527494578e-01 1.867400100176901390e-01 1.741631787272907572e-01 1.827101414965991155e-01 1.773221921226585951e-01 1.729422728809565657e-01 1.803346131105271477e-01 1.801874277059177243e-01 1.784745582041041834e-01 1.695420078759848903e-01 1.817461793134865222e-01 1.617142632714259343e-01 1.700291348152638271e-01 1.731551050231360245e-01 1.698543501788997989e-01 1.737283900120503155e-01 1.648727929907423950e-01 1.831069653533972941e-01 1.792432895340727028e-01 1.725005761117477665e-01 1.681582569029671237e-01 1.649880847578594767e-01 1.675168086188314753e-01 1.691554331787227528e-01 1.731480001633312338e-01 1.814724165007187417e-01 1.660325490566328943e-01
8.573353623969132142e-02 1.547473519852279600e-01 1.000000000000000000e+00 3.357652198439707303e-01 1.872513547642435383e-01 2.739782613337469197e-01 3.752007113944448857e-01 3.383913424938642667e-01 3.500091796153690371e-01 3.427901913367006337e-01 3.572385244693870310e-01 3.900783486065476646e-01 3.566770730476986340e-01 3.239071201278953538e-01 3.848648405324893718e-01 3.796083095297376753e-01 3.533929193428836379e-01 3.610440798744019020e-01 3.630040137595987870e-01 2.700592853362504542e-01 3.614206925346859500e-01 3.768039581255369086e-01 3.887795472866933943e-01 3.514845248418883572e-01 3.540599974577905429e-01 4.066353066588894172e-01 3.956451687688603003e-01 4.043386330690154629e-01 3.864347215334248964e-01 3.715674629718238586e-01 3.907424526448239899e-01 4.105889083669187478e-01 4.142002099935629400e-01 4.132227457159836082e-01 4.080556370506907005e-01 3.918085172885417689e-01 3.987191114603387820e-01 4.032298574613987219e-01 4.104302663468509249e-01 4.089636000429348606e-01 4.120693608237948613e-01 3.991910534136003386e-01 3.758072598091075078e-01 3.953401526099138974e-01 4.028297841400390600e-01 3.887404797039436533e-01 3.845645385346475598e-01 3.882565842393366218e-01 3.794032755395276846e-01 3.926546752272013774e-01 3.926308918245343116e-01 3.772733269454559557e-01 3.857287939981476899e-01 3.834482929896132486e-01 3.796721355770396600e-01 4.090675840958706844e-01 3.781369584259181016e-01 3.750397398654443104e-01 3.757838917301979387e-01 3.750044822565810620e-01 3.762895643343329155e-01 3.730652712800321402e-01 3.687444615753125987e-01 3.825868501419575352e-01 3.792666893419190388e-01 3.756402402856683920e-01 3.863150011513428739e-01 3.958308187703477588e-01 4.062156083896055203e-01 3.861688880689234105e-01 3.953724382149961247e-01 4.002835256071027303e-01 3.924126940602918334e-01 3.915490654677274418e-01 3.970629260025820839e-01 3.991998383924312277e-01 4.039743603999031984e-01 3.929054257597457966e-01 3.946320359861146265e-01 3.876407150358101572e-01 3.955288321331866808e-01 3.934572946642989066e-01 4.095273473999366809e-01 3.981458456991952000e-01 4.084060383669722016e-01 4.020594637878907029e-01 4.024844208250751842e-01 4.021952318829439266e-01 3.961994120029742605e-01 3.997638484643720735e-01 4.093939882558118581e-01 3.982025375941531387e-01 4.012164006830871710e-01 3.968406336904944376e-01 3.846675712883416698e-01 3.884671283620256266e-01 3.935523340963811845e-01 3.865653469033577538e-01 3.879711204232918487e-01 3.961938081460590344e-01 3.851927175080543941e-01 3.886888588259396760e-01 3.933577552878524397e-01 3.906466797552745063e-01 3.951360860761557459e-01 3.848887014317413646e-01 3.886403891832677648e-01 3.887362180716262272e-01 3.894966145661949986e-01 3.806749592738197796e-01 3.835041604930675696e-01 3.826764047709724226e-01 3.806721604802527636e-01 3.852906473344788196e-01 3.918991690876854062e-01 3.801479524325309667e-01
8.823561773810119357e-02 1.426470998582943794e-01 3.357652198439707303e-01 1.000000000000000000e+00 3.775258603465369012e-01 4.163648959563017726e-01 6.038596715387821723e-01 5.749650383228773753e-01 5.940962170526351560e-01 5.465154880448941377e-01 6.249223202819883527e-01 6.564050513468461245e-01 5.828558170148081530e-01 5.058597089968123184e-01 6.390828816435510928e-01 6.371960167901786765e-01 5.969569404576955396e-01 5.678095483497416218e-01 5.870645944389680793e-01 4.772011943137242640e-01 6.154658398319627910e-01 5.938344354782020273e-01 6.042949727760172918e-01 5.469170758544235067e-01 5.507035806030770031e-01 6.238682519365336132e-01 6.133102951551514526e-01 6.295760643769454656e-01 5.917737657673296514e-01 5.843990062074883030e-01 6.205168071264350882e-01 6.626502473276886240e-01 6.430105555163806441e-01 6.484598358701407772e-01 6.318266677087900351e-01 6.428429085432171286e-01 6.371699667185743987e-01 6.386512195559347349e-01 6.546423175958659968e-01 6.476392774929009555e-01 6.550070081823972101e-01 6.478141524150721198e-01 6.305846386077945676e-01 6.528912087077345383e-01 6.592748098033633930e-01 6.325508805650520427e-01 6.451924256363490429e-01 6.421186899442339335e-01 6.435473255323896913e-01 6.568700907855401505e-01 6.564910218954576049e-01 6.461683393401613795e-01 6.612438636195434594e-01 6.383449147976892890e-01 6.384074741627476790e-01 6.547318257594285651e-01 6.386359506783705342e-01 6.438245692992311531e-01 6.414326144892287251e-01 6.327888189197292679e-01 6.380217703157097242e-01 6.349465065384641838e-01 6.308526879391936903e-01 6.398994614201100051e-01 6.372521304896033856e-01 6.403350035216325287e-01 6.403852754166615702e-01 6.350078651307429212e-01 6.509000902237508379e-01 6.404620350462334466e-01 6.442460108795601270e-01 6.410007761760606604e-01 6.369834897417284703e-01 6.268140065813622153e-01 6.396640936257677046e-01 6.487135320447282583e-01 6.479301039773306403e-01 6.360496558239236986e-01 6.377597697509137520e-01 6.305516737385092885e-01 6.430553658080186974e-01 6.431984899838113501e-01 6.555542132563770830e-01 6.452191805746402276e-01 6.549338669181804518e-01 6.536243756555979445e-01 6.564541932003797875e-01 6.486534665508687514e-01 6.463395536595680779e-01 6.471859372387022136e-01 6.561033459281179203e-01 6.470415865272202138e-01 6.527815920512062275e-01 6.418415720620900267e-01 6.392363506739425771e-01 6.381995515066269942e-01 6.578060641561684907e-01 6.549326036604570245e-01 6.494908760863664643e-01 6.589370697688428091e-01 6.406178983785260073e-01 6.483499751822102697e-01 6.510320500738072669e-01 6.466075987514817713e-01 6.535393529444418759e-01 6.436171439852134135e-01 6.426218477259484363e-01 6.344126100274676272e-01 6.361617603376764629e-01 6.431006139392873022e-01 6.458730437712216776e-01 6.371454947583922168e-01 6.394816152356452843e-01 6.424232966671689082e-01 6.397637379288212411e-01 6.391393414220065683e-01
2.580527280733137946e-02 1.091957992852725934e-01 1.872513547642435383e-01 3.775258603465369012e-01 1.000000000000000000e+00 2.811525605792354887e-01 4.892624359066098938e-01 4.944190524659338171e-01 4.671342182489443551e-01 4.288921667335279242e-01 4.922466042514984652e-01 4.949878728630426883e-01 5.075247253986298057e-01 3.981895264236463561e-01 5.268629280156832406e-01 5.303977037600551281e-01 4.612848580465631620e-01 4.678381186926333646e-01 4.679266921145900371e-01 4.388823681661364051e-01 4.812629760616433106e-01 4.634605988319160375e-01 4.690626612287224217e-01 4.435026290082726974e-01 4.425346241730075958e-01 5.126931355861278350e-01 4.852241401185356517e-01 4.917491852946347941e-01 4.458389438923109904e-01 4.669791651768614993e-01 4.983323844523824264e-01 5.094314151327119511e-01 4.753792180373246912e-01 5.151456402408406410e-01 4.899531355292120471e-01 5.148563670856843855e-01 4.966888987221075302e-01 5.121102627665080620e-01 5.196660247585083159e-01 5.064821154431924377e-01 5.107731712460030771e-01 5.255892638144096241e-01 5.397072152369530862e-01 5.353100152434507875e-01 5.203972350632066757e-01 5.119032713629175779e-01 5.159544301679180878e-01 5.065319389997963162e-01 5.186679563523379777e-01 5.260617376622627184e-01 5.352088265017359570e-01 5.433134629532809790e-01 5.365598812824208252e-01 5.193083653088704787e-01 5.286556690801511582e-01 5.233390967298057195e-01 5.231670021129460890e-01 5.310459333065341569e-01 5.224386377642727952e-01 5.162732798060938322e-01 5.312553610339739718e-01 5.237832668192548002e-01 5.258439929640534860e-01 5.201796406797509764e-01 5.123772321432904508e-01 5.234059388976226579e-01 5.058110799487769427e-01 5.109550903472626082e-01 5.105940656600272964e-01 5.256189997282785242e-01 5.103839843973471124e-01 5.069221698258550290e-01 5.014128353984649289e-01 5.003432980821452825e-01 5.133144412617280938e-01 5.096132095818703966e-01 5.085545871604900681e-01 4.964454107933832794e-01 5.034398180325660999e-01 5.051446420265984782e-01 5.093071709591311391e-01 5.054381864352130993e-01 5.102600658078165763e-01 5.083666462604305991e-01 5.074955310739719394e-01 5.166425423161857822e-01 5.117947301102604429e-01 5.127094592158495390e-01 5.121620680619551891e-01 5.212045629457243701e-01 5.072722037838329756e-01 5.151859271552551300e-01 5.161091101101659140e-01 5.119061356723428879e-01 5.106153596762889046e-01 5.108621833991296990e-01 5.286029642151927055e-01 5.300255440947385654e-01 5.264792415507829615e-01 5.220954181104676683e-01 5.214711312361649531e-01 5.238516009932597806e-01 5.206303330402697327e-01 5.232649745658568552e-01 5.261886808106860380e-01 5.273642296454214007e-01 5.162533806032068018e-01 5.135813250450339540e-01 5.176489708916678367e-01 5.172691336501513693e-01 5.217951758877579227e-01 5.145292493894680907e-01 5.175874951155847725e-01 5.143805337916849130e-01 5.072165873095400013e-01 5.180566629947547241e-01
3.355546422446335775e-02 1.109749777409161225e-01 2.739782613337469197e-01 4.163648959563017726e-01 2.811525605792354887e-01 1.000000000000000000e+00 5.235933736883369161e-01 4.647758756884677878e-01 5.148012260878264135e-01 5.206719379204479692e-01 5.191098537854474948e-01 5.595509680000254615e-01 5.334045174375824372e-01 4.787088152643532712e-01 5.735282997145748629e-01 5.815624268794548080e-01 5.033855711603527627e-01 4.895038634059534211e-01 5.015478278023673964e-01 4.020598021257293375e-01 4.468962703742021536e-01 4.910915592838422383e-01 4.926738950253680693e-01 4.326481651313534571e-01 4.511049553192225670e-01 5.438072791096477676e-01 5.593308192440870075e-01 5.509432945825201156e-01 5.264894174616542299e-01 5.168956321253622699e-01 5.579240484394238919e-01 5.734727464935940322e-01 5.520512150818093211e-01 5.558922317947002645e-01 5.532310809318322642e-01 5.637527297953457417e-01 5.518359191408406250e-01 5.665200473643263734e-01 5.834289099767030473e-01 5.627048390905589059e-01 5.954526478744319729e-01 5.900988151965265160e-01 5.688258371713108552e-01 5.909188589839858841e-01 5.812975074597624969e-01 5.807536986063737139e-01 5.957248481621248981e-01 6.001382747396816209e-01 5.925791833308466927e-01 5.638409314231394021e-01 5.781451885404992330e-01 5.533109724824107900e-01 5.668156194681979176e-01 5.889577639831797828e-01 5.711192799588473701e-01 5.877759219615348307e-01 5.680042715604747272e-01 5.754470698059379608e-01 5.761243607511574716e-01 5.863540583426914976e-01 5.856835148682162373e-01 5.813902338863837782e-01 5.685499957596396037e-01 5.879902949107600474e-01 5.796223529255357665e-01 5.806993582646284846e-01 5.985176091190740344e-01 5.956194345824274983e-01 5.914951745889490686e-01 5.783985591123880221e-01 5.868430972248454003e-01 5.949631355442039915e-01 5.771607497212982718e-01 5.735199861154237633e-01 5.991844568989268538e-01 5.955834467520775277e-01 5.996744413494254911e-01 5.915074839609770763e-01 5.915716199675840059e-01 5.890891520004496451e-01 5.907127324740928387e-01 6.023069689412940964e-01 6.073112883730429346e-01 5.913835394357439545e-01 6.004944130532586799e-01 5.951767575592465942e-01 6.015555214947390095e-01 6.027829114147014167e-01 6.089466375831628087e-01 6.014408550811511933e-01 6.043419223301017551e-01 6.081667940429136276e-01 6.053567296039260581e-01 6.065543948721877632e-01 6.036856663664448286e-01 6.044161841343766994e-01 5.963664485430897333e-01 5.922658718079093498e-01 5.970039287236236225e-01 6.001787454639997410e-01 6.005487058724785498e-01 5.951607606709001796e-01 5.973549012903842659e-01 6.007211687459487193e-01 6.004503984516426085e-01 5.892423610225825392e-01 6.007781963857939944e-01 6.001609360318442832e-01 6.008249333181491236e-01 5.972048981812119184e-01 5.940972740541878849e-01 5.978863125325303285e-01 5.974849141290289323e-01 6.010106504175871667e-01 6.035751686488196599e-01 5.936123005285202092e-01
2.346274334525493693e-02 1.804544495242836610e-01 3.752007113944448857e-01 6.038596715387821723e-01 4.892624359066098938e-01 5.235933736883369161e-01 1.000000000000000000e+00 7.324772627244885426e-01 7.321394610387196300e-01 7.098975909874015722e-01 7.631395713694660854e-01 8.052266641612803033e-01 7.560701649975235528e-01 6.547204525861873847e-01 8.461092772668949991e-01 8.206662042306055449e-01 7.199839272698990156e-01 7.251408414174754791e-01 7.364335293719487252e-01 6.151899611674523927e-01 7.062555587387076006e-01 7.161491931230911101e-01 7.544522499590538001e-01 6.763736354874428924e-01 6.787271489582786810e-01 8.029438650234599351e-01 7.856899815529094777e-01 8.100256695769120219e-01 7.526679940216567388e-01 7.447428135348016509e-01 7.944091733718953163e-01 8.180604983796555540e-01 8.043689075285795909e-01 8.041378797247168420e-01 7.916615668651054705e-01 8.074738554379877753e-01 8.013536738123773207e-01 8.242085373455031450e-01 8.305556750868153815e-01 8.358322662603938635e-01 8.290319724636466825e-01 8.342977752319887808e-01 8.296177426921420572e-01 8.304118030890605962e-01 8.309319932145133869e-01 8.190737121519082731e-01 8.203242731846924762e-01 8.098822315276957839e-01 8.176486950076069515e-01 8.115052804863330804e-01 8.292532151432473464e-01 7.938561885736874491e-01 8.195981275382748787e-01 8.118479757709556877e-01 8.123518957556236098e-01 8.316518592406353383e-01 8.099368440318294171e-01 8.205912045166726676e-01 8.157102871072610117e-01 8.100593852973793085e-01 8.232202308703516769e-01 8.153877528300716993e-01 8.028678308214155512e-01 8.166952622763176128e-01 7.969083389649708193e-01 8.077849804255549104e-01 8.110755851858258980e-01 8.164869631609380507e-01 8.226126989467003048e-01 8.101752098181193018e-01 8.105018074680276907e-01 8.092236656196564182e-01 8.051920159292934587e-01 7.924648639416359552e-01 8.243072035442330359e-01 8.228904851648820573e-01 8.276822446931632049e-01 8.100240290980573743e-01 8.160104356998365560e-01 8.070741707233676232e-01 8.227589403801455203e-01 8.135064490538842508e-01 8.294050105313428567e-01 8.223361013584563617e-01 8.319562264392246220e-01 8.293658968264713272e-01 8.323721984418255282e-01 8.338160017622706643e-01 8.300602142608795031e-01 8.262762403341831208e-01 8.372112531756222831e-01 8.268844068634358946e-01 8.298105093962334644e-01 8.233385814766324140e-01 8.145384283619530041e-01 8.137345909392853516e-01 8.383138925565176702e-01 8.246680119322734592e-01 8.265302372171456913e-01 8.327645991926048152e-01 8.270693904972894472e-01 8.221020636639102541e-01 8.238074539031837729e-01 8.256510574366691113e-01 8.253521654126013685e-01 8.163525386984171739e-01 8.197792721253285286e-01 8.142992972418151565e-01 8.180564760632882404e-01 8.159674797165383797e-01 8.243121214140063380e-01 8.135371342620146828e-01 8.188393017421338183e-01 8.166431115373877780e-01 8.084506828788438071e-01 8.105826992158008393e-01
5.742122401622083705e-02 1.593139406878727460e-01 3.383913424938642667e-01 5.749650383228773753e-01 4.944190524659338171e-01 4.647758756884677878e-01 7.324772627244885426e-01 1.000000000000000000e+00 7.183510310338708793e-01 6.723251691166931554e-01 7.510055836578201083e-01 7.839714469870276981e-01 7.304685060965608878e-01 6.262754044607129478e-01 8.049753225383936561e-01 8.102501611848116347e-01 7.187114822856619512e-01 6.877001353157928820e-01 7.111944727182800685e-01 5.871891521642538248e-01 7.090066990305136096e-01 7.045627389365416438e-01 7.040215291691863664e-01 6.462312387471140784e-01 6.605847645046513117e-01 7.650531108058005181e-01 7.523195827483065701e-01 7.651118974068696899e-01 7.152577216004637473e-01 7.091071076934328810e-01 7.667389010382142933e-01 7.924727065392074277e-01 7.601669309171400490e-01 7.785209909191171951e-01 7.604817289770324784e-01 7.844014653026857298e-01 7.701108919100666528e-01 7.946451934467591016e-01 7.997102661454588146e-01 7.800092802032172479e-01 7.886966615099025857e-01 8.024055368726048521e-01 7.994890789854183222e-01 8.067117896647854058e-01 8.050947837243721539e-01 7.894494093588397821e-01 8.016607257846894985e-01 7.895243804085321226e-01 8.018963798966661782e-01 8.051199737776394416e-01 8.166825392709431419e-01 7.937007975142944538e-01 8.051989227115649017e-01 7.953153222202995476e-01 8.064086844577207369e-01 8.040788376699883333e-01 8.053781075314802029e-01 8.049852163363667712e-01 8.064278706978407207e-01 7.920154761200883797e-01 8.041096667655192043e-01 8.016847836630948132e-01 8.021433904694771355e-01 7.978835301706443950e-01 7.898722006705337639e-01 7.980923213696259344e-01 7.913499620047836913e-01 7.890386530528622488e-01 7.957570264438047491e-01 7.892521943836785514e-01 7.859123138954359211e-01 7.835949563369738469e-01 7.771050909025996045e-01 7.665389432186621166e-01 7.907177687181108361e-01 7.953030237890874599e-01 7.925880053749834175e-01 7.837466295065490529e-01 7.813760072443999283e-01 7.822295395516137839e-01 7.922313864237274794e-01 7.867618025443069429e-01 7.950414243219499077e-01 7.942540195685042770e-01 7.970089216090454620e-01 8.033422453420097087e-01 8.029893122201273714e-01 7.968168402021326147e-01 7.973491904787920470e-01 7.930226183208942681e-01 7.956747561843177108e-01 7.945486454449078861e-01 7.999510324657834737e-01 7.923684994714543794e-01 7.917501702894008675e-01 7.899830533664490284e-01 8.063755250551588594e-01 8.100844595063658726e-01 8.071733835968185611e-01 8.046584396605749312e-01 7.969982942808766513e-01 8.031500660258317215e-01 7.986235430741607244e-01 8.023627007841573899e-01 8.046884399767750828e-01 7.995784565815913236e-01 7.982313858871359358e-01 7.908677886130159873e-01 7.940796204693867377e-01 7.983984498897199744e-01 8.000099606716546408e-01 7.936850563430679628e-01 7.973042636437999153e-01 7.967023952533185405e-01 7.868216471481636054e-01 7.950754952781233786e-01
7.199328167988859606e-02 1.930967735420425213e-01 3.500091796153690371e-01 5.940962170526351560e-01 4.671342182489443551e-01 5.148012260878264135e-01 7.321394610387196300e-01 7.183510310338708793e-01 1.000000000000000000e+00 7.713008389418130051e-01 8.146461586801773125e-01 8.512517401326317179e-01 7.832062711004351696e-01 6.913780021463012959e-01 8.461251230543054280e-01 8.256275003840591875e-01 8.121555743953841056e-01 7.373953434217193070e-01 7.730629718855217547e-01 5.909231520651412328e-01 7.187968944838136753e-01 7.853580263056127997e-01 7.344057322461647885e-01 6.809069239842937549e-01 7.139733698899591863e-01 8.180910472842110037e-01 8.229249646633731707e-01 8.040234613899256422e-01 7.724745449804707453e-01 8.113826326301019076e-01 8.530080950441267795e-01 8.564952188156907953e-01 7.997635502397917318e-01 8.445821370214842139e-01 8.339855311378644442e-01 8.419766484866968437e-01 8.316704103173379048e-01 8.322817013704467692e-01 8.632390862417973487e-01 7.860606960331528725e-01 8.647587339178558485e-01 8.522621021211806980e-01 8.307596567722309588e-01 8.676160977536794272e-01 8.660929806939865472e-01 8.593754006371102649e-01 8.820032603270098193e-01 8.852731990903603965e-01 8.800796924844975777e-01 8.410881300204813282e-01 8.577841646884880600e-01 8.520621643298119663e-01 8.697426137959114456e-01 8.803564958942380336e-01 8.671270958406953611e-01 8.675912054377898919e-01 8.623060049565574037e-01 8.667798886022525240e-01 8.684108360557895034e-01 8.826581206413169900e-01 8.677097258413258851e-01 8.755077860945207346e-01 8.590810662705988809e-01 8.785131217305511830e-01 8.877941404158001815e-01 8.818915747829758622e-01 8.876520660015539965e-01 8.783828058516461867e-01 8.711868426581377278e-01 8.587453006457025362e-01 8.754554571254897777e-01 8.797518066969267636e-01 8.575507617695891094e-01 8.496237301466840197e-01 8.786416326308833513e-01 8.783495382527445328e-01 8.696984737607653670e-01 8.685144895321404990e-01 8.681462952989335013e-01 8.821182150928229548e-01 8.764052664516410740e-01 8.839980735725999628e-01 8.777859676407325784e-01 8.761909447833503561e-01 8.620894174076987326e-01 8.810439708519904878e-01 8.745242289680548176e-01 8.709134489156795667e-01 8.802260804090303870e-01 8.744694476711559750e-01 8.570956237840696712e-01 8.757567892839335233e-01 8.773409745463657261e-01 8.763515233851993935e-01 8.838243037604156527e-01 8.860283206247686616e-01 8.578720923083879013e-01 8.768190732365882534e-01 8.797735350258325537e-01 8.736732475054548308e-01 8.689851104497826606e-01 8.784223095795198333e-01 8.829837842784580282e-01 8.802964099470957926e-01 8.818770440211864958e-01 8.765577475175899691e-01 8.878458940146347622e-01 8.846684569704635903e-01 8.797229594405031605e-01 8.842522836463660996e-01 8.766269265599412330e-01 8.866215501030655366e-01 8.832480635628803256e-01 8.859442980793060807e-01 8.890753290841445500e-01 8.860236697869682265e-01
6.101740300857252247e-02 1.988187385455568723e-01 3.427901913367006337e-01 5.465154880448941377e-01 4.288921667335279242e-01 5.206719379204479692e-01 7.098975909874015722e-01 6.723251691166931554e-01 7.713008389418130051e-01 1.000000000000000000e+00 7.585966506360617423e-01 7.984707762918924479e-01 7.342358727581519418e-01 6.546730275373836561e-01 8.068956744719119056e-01 7.903319838736434511e-01 7.409461019016572170e-01 7.156192059011908801e-01 7.379153435009968565e-01 5.556774450516184238e-01 6.658961446249140881e-01 7.387694437089246113e-01 7.148739119670781683e-01 6.568105431300336194e-01 6.916079384323998713e-01 7.872913352238802842e-01 7.959096348479670624e-01 7.816249177336744847e-01 7.546549695323622187e-01 7.732909805754992760e-01 8.136053264922957773e-01 8.197831794300162178e-01 7.836606826864525033e-01 8.053777016701033631e-01 7.945794881579547608e-01 7.884134493129801857e-01 7.972077253539676667e-01 8.046396225577564509e-01 8.285387440573377393e-01 7.710048733255215891e-01 8.302917973266262797e-01 8.205140911166649564e-01 7.971956770138234338e-01 8.304301497819025490e-01 8.221735083823683565e-01 8.285674046970669115e-01 8.364355215869373472e-01 8.419050038487091436e-01 8.317032167675054710e-01 7.960583686972141360e-01 8.123127717788374280e-01 7.823123891621817094e-01 8.119052883712736257e-01 8.323848784094229902e-01 8.177531858206196214e-01 8.290326550013169538e-01 8.049281895370743456e-01 8.273369421400144086e-01 8.224732027311368876e-01 8.341585350709793678e-01 8.220421474479581159e-01 8.304014463018597469e-01 8.125248987299977799e-01 8.287970482393764993e-01 8.290119864658026527e-01 8.258468595316366123e-01 8.440696674732345306e-01 8.403682394869382843e-01 8.377855077631136682e-01 8.153155668636867803e-01 8.343314973155649961e-01 8.400516231323350569e-01 8.225286955889170581e-01 8.164135630532755039e-01 8.418611912440985279e-01 8.404448831645112694e-01 8.380788752042880319e-01 8.342551510626846634e-01 8.371798395407733517e-01 8.386471591190794994e-01 8.362482842023221119e-01 8.448311077184558204e-01 8.407097518208179743e-01 8.392301590679764889e-01 8.320327529940034772e-01 8.397560863117998764e-01 8.393389351932862841e-01 8.401522966284376004e-01 8.424436820015284155e-01 8.336369483881624909e-01 8.322717122381991794e-01 8.397487039704562006e-01 8.392719858785920861e-01 8.401651386345858619e-01 8.411513799683534298e-01 8.443024907579885774e-01 8.158150259758396583e-01 8.205053786729893384e-01 8.322771991630139032e-01 8.328574032294420171e-01 8.313928223348624469e-01 8.321432982441271387e-01 8.368450949626651258e-01 8.377186458936225488e-01 8.331441803948399505e-01 8.247761665533150932e-01 8.415629903247767718e-01 8.422452381956216927e-01 8.391268209824916946e-01 8.369146086936507523e-01 8.327553256728629227e-01 8.386627546441257630e-01 8.379300875706526819e-01 8.386111718995806763e-01 8.391549071946275973e-01 8.329248851549809762e-01
5.287241114822782695e-02 1.996607216024393894e-01 3.572385244693870310e-01 6.249223202819883527e-01 4.922466042514984652e-01 5.191098537854474948e-01 7.631395713694660854e-01 7.510055836578201083e-01 8.146461586801773125e-01 7.585966506360617423e-01 1.000000000000000000e+00 8.829080184322518621e-01 7.906330357644487661e-01 7.126668711194543704e-01 8.830494970990041548e-01 8.517580468319730924e-01 8.148550947091496299e-01 8.058418067874538737e-01 8.379530797831363786e-01 6.682719127626293165e-01 7.918947407787967352e-01 8.344258714407296607e-01 8.233499707844239568e-01 7.772599868154300706e-01 7.998456533353406339e-01 8.731366576052020934e-01 8.710870174658267295e-01 8.713302052789778651e-01 8.309695691383215399e-01 8.539271108403798660e-01 9.000031606650490401e-01 8.898269176412035852e-01 8.588910204257914627e-01 8.760870635319015776e-01 8.706213990288674820e-01 8.612012990285321523e-01 8.901596528275638187e-01 8.769654451733813749e-01 8.950426737305581248e-01 8.580833731099956063e-01 8.931461837304918161e-01 8.911244833276100730e-01 8.792105910255754164e-01 9.007799866051374726e-01 9.024817873402966040e-01 8.949591392996334438e-01 8.946625326864933170e-01 8.956163420410732101e-01 8.945977687075361562e-01 8.721668469762493547e-01 8.880659333280117584e-01 8.649900546324648110e-01 9.008355846558776525e-01 8.971240231650720043e-01 8.984315156881446107e-01 9.009434234461812796e-01 8.802062158599763819e-01 8.993498800891426281e-01 8.955771879520135759e-01 8.935696288918336672e-01 8.922029413557660549e-01 8.989615868179339220e-01 8.880380320409272388e-01 8.866957923129030750e-01 8.832638972666679855e-01 8.957610246321728864e-01 8.960592540964024133e-01 9.011633362839216455e-01 9.069568038743484051e-01 8.958558737358209845e-01 9.021633283901558942e-01 9.004503639595303754e-01 8.987859005985461280e-01 8.915227785492354506e-01 9.025583672305336203e-01 9.066749984206016189e-01 9.034652887271097388e-01 8.991470873982552181e-01 9.006144314233954784e-01 9.006448443213871391e-01 9.079514702127249315e-01 9.005634042342164358e-01 8.941730031506245346e-01 9.051326589167517644e-01 8.921049556833862137e-01 9.025288091196177476e-01 9.043226374101670517e-01 8.981378044010905892e-01 9.002949504018312732e-01 8.950704036055449064e-01 8.989146000697425531e-01 8.965314728042563797e-01 9.013879835844743615e-01 8.958983551384939181e-01 8.937848851384083693e-01 8.945713904729118982e-01 8.860768161938992193e-01 8.856975799649737802e-01 8.949584236299421569e-01 8.959054201025676845e-01 8.895465403604372323e-01 8.945740509372618332e-01 8.947077249455840375e-01 8.986527145095667413e-01 8.921639992676444475e-01 8.855433198599135247e-01 8.948808507606591522e-01 8.944532895141864559e-01 8.950639895791977496e-01 8.952834717370923290e-01 8.951405836381900460e-01 8.936970458259517747e-01 8.936053408192490277e-01 8.904386481530683906e-01 8.867806395259503205e-01 8.874481444782120754e-01
4.037557092280513044e-02 1.920768225499228932e-01 3.900783486065476646e-01 6.564050513468461245e-01 4.949878728630426883e-01 5.595509680000254615e-01 8.052266641612803033e-01 7.839714469870276981e-01 8.512517401326317179e-01 7.984707762918924479e-01 8.829080184322518621e-01 1.000000000000000000e+00 8.434958086030712732e-01 7.407486044339826048e-01 9.206556275213638729e-01 9.023712228638466337e-01 8.390308863016703311e-01 8.183513615580468858e-01 8.401438381621721962e-01 6.824985710376483272e-01 7.989487411391033023e-01 8.461314767541324722e-01 8.228226667740408118e-01 7.677377723699500001e-01 7.955511265668016030e-01 8.880698675670097852e-01 8.916163417986836537e-01 8.889621826878180144e-01 8.487499708811169219e-01 8.557887833152716395e-01 9.143224537165389743e-01 9.212785228676341198e-01 8.808647779217790852e-01 9.096034853465656544e-01 8.899784908838437314e-01 9.062901983922979632e-01 9.026347638287065545e-01 9.121227682350946386e-01 9.346212971160040572e-01 8.933569879914156076e-01 9.339586709036510337e-01 9.318854599227623936e-01 9.205368071453169376e-01 9.423445190738970467e-01 9.370706344238737273e-01 9.305134947364284148e-01 9.394069175997735721e-01 9.391795110973356620e-01 9.391001134027595620e-01 9.139721746057748453e-01 9.330015940022986509e-01 9.151652308103024325e-01 9.366283460069456668e-01 9.378649659387148230e-01 9.347456121639158289e-01 9.425170838212418856e-01 9.249454849543237156e-01 9.379018862230780185e-01 9.356079624668486305e-01 9.374971182066036413e-01 9.393162364058261771e-01 9.390293222850631949e-01 9.289773153405529449e-01 9.372471348183668560e-01 9.295918032817791499e-01 9.375238640881032870e-01 9.416794032308064555e-01 9.427695718329309749e-01 9.430354525205192351e-01 9.321160809634634337e-01 9.389326477463093568e-01 9.414589163491861035e-01 9.306114691223116298e-01 9.225962508769736115e-01 9.421421382361192531e-01 9.437330647852890664e-01 9.417242327372593591e-01 9.351966752006111161e-01 9.358161246808950340e-01 9.362685357059676861e-01 9.405215129103907667e-01 9.419527695213446572e-01 9.414822917355194498e-01 9.416335100628250299e-01 9.387963764402108557e-01 9.454969765025103001e-01 9.446502413999784409e-01 9.442748426554560259e-01 9.464740474482977728e-01 9.432773738147944842e-01 9.399063346061183877e-01 9.441697478954141909e-01 9.457310590271506001e-01 9.446195015415562724e-01 9.422526747427768523e-01 9.420814155158360181e-01 9.352357161742305136e-01 9.378606875585872027e-01 9.439119927003757349e-01 9.425187666376619866e-01 9.415873880651703942e-01 9.434317500443993865e-01 9.449635919141786689e-01 9.470555336357316945e-01 9.455933966221975462e-01 9.359316067480885071e-01 9.437990324529466069e-01 9.423151076853381047e-01 9.424782960556296052e-01 9.425416102656870576e-01 9.418707042223607440e-01 9.409616097037206695e-01 9.418335963085247009e-01 9.417700247203976138e-01 9.370322442729198675e-01 9.376731671527971379e-01
3.876031555319455618e-02 1.881739414596741988e-01 3.566770730476986340e-01 5.828558170148081530e-01 5.075247253986298057e-01 5.334045174375824372e-01 7.560701649975235528e-01 7.304685060965608878e-01 7.832062711004351696e-01 7.342358727581519418e-01 7.906330357644487661e-01 8.434958086030712732e-01 1.000000000000000000e+00 6.865878488408049263e-01 8.496301651879333283e-01 8.475034073548659563e-01 7.561856018664669943e-01 7.572389837467220497e-01 7.650221738200341237e-01 6.536505460980396309e-01 7.275878315318976552e-01 7.600637100006176761e-01 7.436769156549272175e-01 6.992589530202903969e-01 7.153900045072929537e-01 8.139456444434656213e-01 8.165961808617298034e-01 8.100850611552031788e-01 7.675485433499523724e-01 7.756422687159749696e-01 8.277183992287319159e-01 8.436649626866546958e-01 7.933717405519562504e-01 8.343613890994515669e-01 8.198348764621387064e-01 8.340632299736918664e-01 8.183724111157688608e-01 8.303236070106907452e-01 8.541845868585056234e-01 8.095777743072878341e-01 8.542032097091761811e-01 8.533910467174475878e-01 8.523060107626312387e-01 8.676226180442283553e-01 8.552091197170330616e-01 8.521496803293856503e-01 8.628210464133445612e-01 8.627011679928849874e-01 8.622658331994379477e-01 8.322324331098441830e-01 8.516065970962400922e-01 8.440340977785603105e-01 8.642275609572396267e-01 8.693550132990695012e-01 8.595458370137375459e-01 8.628225580218966684e-01 8.568011665706269930e-01 8.611066739822410554e-01 8.513975810040299574e-01 8.657500213819124824e-01 8.682297461973855768e-01 8.683203458239387995e-01 8.555727800469760114e-01 8.664341030237200370e-01 8.552639521880680551e-01 8.679603523279695310e-01 8.628508985373452012e-01 8.636939220898000036e-01 8.643288219119069637e-01 8.575937539533322607e-01 8.596530066876326703e-01 8.613327463995674727e-01 8.524941471393578940e-01 8.423931371236481613e-01 8.619745398563353200e-01 8.580774507018097408e-01 8.592626562409169111e-01 8.526708982549413562e-01 8.509922129597938811e-01 8.572054988138938514e-01 8.570131770258256898e-01 8.619434728613830643e-01 8.668350250710677996e-01 8.603979727141354283e-01 8.609127210622480320e-01 8.690699038102875917e-01 8.636165322034730085e-01 8.658038473506812771e-01 8.667098154033286983e-01 8.711804705180732356e-01 8.536425407052009584e-01 8.642316152747476776e-01 8.671202507847103336e-01 8.650612406140859578e-01 8.641123650652259292e-01 8.662572712559604149e-01 8.590501715788937398e-01 8.646504540172039732e-01 8.675482614926994795e-01 8.638806924630377804e-01 8.688624585917581467e-01 8.676932757518451833e-01 8.713550593701423486e-01 8.705007854727323524e-01 8.736010367260229614e-01 8.691614118289747726e-01 8.700484514845807649e-01 8.703947600302116561e-01 8.689667347869741709e-01 8.650643467441126999e-01 8.663669252306819279e-01 8.675378003028733076e-01 8.714605187413793086e-01 8.694081785685980890e-01 8.649657112504780532e-01 8.703172920719279837e-01
