1.000000000000000000e+00 1.534069078562513844e-01 1.887015295912860824e-01 1.123213213076455774e-01 8.521472550241848687e-02 1.804850083303810235e-02 1.164803886587595233e-01 9.884852398323068501e-02 1.462329558861918122e-01 1.388170549954935995e-01 6.173094747218246976e-03 4.303007652541889633e-02 5.884386565093449595e-02 3.760258423888816759e-02 4.639393223188211651e-02 6.121832916925776941e-02 1.721092149434046703e-01 2.644769758794321968e-01 2.042648520592498795e-01 2.003873359587439451e-01 1.827090261946587857e-01 1.468011116854065212e-01 2.311553648818980844e-01 2.459545392117394869e-01 1.770723108212169938e-01 1.392128779073693035e-01 1.367177634260870467e-01 1.133197180335225179e-01 1.783634270491101792e-01 1.582210609394063550e-01 1.466293649484605721e-01 1.656815877241041846e-01 1.235385259522926438e-01 1.487183694271954348e-01 1.377940476376501855e-01 1.246266079494538631e-01 1.270880591566856399e-01 6.418592626772852416e-02 9.101433225367931701e-02 8.304605645193534336e-02 5.568153780989803375e-02 3.970485966445955195e-02 6.314300300249774123e-02 5.455270469823476909e-02 9.330156756344337721e-02 6.408106013505050769e-02 3.804650355280433244e-02 4.707455994896481144e-02 5.053321082021212940e-02 6.861965012561635491e-02 7.429087581338916779e-02 9.109950428868214545e-02 4.595992580359300334e-02 7.395901986374033010e-02 8.437116915536883865e-02 8.104981341597064515e-02 7.936224946896860977e-02 3.273820707638632616e-02 4.616572334397109345e-02 4.597349602832701693e-02 4.633287454571523301e-02 5.131119163503938124e-02 5.372911434952580556e-02 4.551379593298939680e-02 7.203408261213796460e-02 8.461203059148442174e-02 5.600499249130962143e-02 8.824816726817946710e-02 1.039622970375470579e-01 1.036255151908101746e-01 8.223746173933142722e-02 6.638475309846407491e-02 1.144136686425278326e-01 1.053703422203216000e-01 5.250302234322361261e-02 5.970932211428598563e-02 4.115440972706852635e-02 7.495344199123366025e-02 6.190519198616292740e-02 7.632656114375807599e-02 7.607543456542180393e-02 6.205178046468878134e-02 8.500222195480451604e-02 7.958350625361425290e-02 4.935393262020527916e-02 8.446653652079740004e-02 6.634288731244607218e-02 3.115045810409994287e-02 4.285154827840801511e-02 6.540310370454655020e-02 4.152758252852083165e-02 2.511211773425174598e-02 4.363003425054635259e-02 3.396612730557153209e-02 1.126710897417291905e-02 1.889680447429340285e-02 1.140671854476117859e-02 5.438913549557279625e-02 2.561866324136505280e-02 2.455223267760881650e-02 2.585740191425637061e-02 2.403639725170022418e-02 2.532404878996713862e-02 1.547012579170086929e-02 4.777572490923134851e-02 3.230245430854297717e-02 2.670041196712250736e-02 3.374579486775614034e-02 3.984245174468623030e-02 1.470374111844110349e-02 1.538686378781049108e-02 2.259357663363691093e-02 2.692289669138407324e-02 2.996035876697178413e-02 4.522008195523669755e-02 4.271008576928028710e-02
1.534069078562513844e-01 1.000000000000000000e+00 8.342782873322859838e-02 9.519634751018229285e-03 7.348597453259078649e-02 8.206460220024175412e-02 6.614521114152283054e-02 9.330779797444511969e-02 2.060413541156257411e-01 1.715062545339856304e-01 1.553881125498230709e-01 9.630888700922807244e-02 1.377730250975534865e-01 1.173273918722764347e-01 1.249211096243909719e-01 1.272587625191985983e-01 1.636280984224825763e-01 1.416439865574645185e-01 1.391936839659741465e-01 5.189939912753466222e-02 4.723089021425939948e-02 1.122826668928652849e-01 1.653154478475948874e-01 1.274020895637131279e-01 1.106354283384215764e-01 1.551868298747849095e-01 1.622846920575783392e-01 1.681137307092140376e-01 1.383032159867948474e-01 1.782873032774731914e-01 1.818508648482591028e-01 1.557086982026052169e-01 1.326973031453945184e-01 1.545964304288090507e-01 1.603122733362136454e-01 1.344066364319354834e-01 1.630059158169538114e-01 1.572824745731576102e-01 1.546027456184541626e-01 1.397766347517748475e-01 1.650271883565390119e-01 1.549272528938735738e-01 1.256754548450165210e-01 1.538476688719342955e-01 1.526397795218246145e-01 1.663965664621137319e-01 1.674935514299295269e-01 1.760212552398708052e-01 1.577601071341208638e-01 1.389840078246895316e-01 1.535492364751968875e-01 1.338390328343712077e-01 1.531194082170068416e-01 1.802193200026322162e-01 1.729056124681310480e-01 1.734272831054572972e-01 1.528494198662893044e-01 1.642875995442724946e-01 1.677662777208476230e-01 1.642462896906196068e-01 1.520635394636050963e-01 1.699379065924052634e-01 1.497334020741959981e-01 1.618510779981542080e-01 1.653397165557467796e-01 1.674278578566482933e-01 1.733717728229783039e-01 1.749031597922801884e-01 1.795892442093665053e-01 1.388951378690529148e-01 1.388215569633976798e-01 1.697292245800716137e-01 1.615229007923378590e-01 1.572231145815597420e-01 1.643418791239450172e-01 1.762412681834839012e-01 1.733651796318040339e-01 1.697205958074167187e-01 1.625406956482907395e-01 1.922236216981729751e-01 1.808628526589855512e-01 1.813346336383521440e-01 1.730269957063179376e-01 1.798469907549903601e-01 1.565808923881550074e-01 1.683349002490165114e-01 1.684245630016762973e-01 1.655417380500606994e-01 1.661577068763050169e-01 1.665626653477827457e-01 1.592634565404260072e-01 1.614133241677694897e-01 1.648651034093579215e-01 1.644217969911152821e-01 1.638261628313045226e-01 1.696385245964692479e-01 1.327072324756748967e-01 1.542724178462480666e-01 1.519042533231115266e-01 1.550989969928938672e-01 1.509578595675763191e-01 1.553276388073026315e-01 1.598672455321181463e-01 1.577196289938700424e-01 1.516206680432438669e-01 1.533261016855874403e-01 1.603557460736043383e-01 1.744509373794970175e-01 1.675906973349695073e-01 1.613860560399619781e-01 1.636596837910549995e-01 1.646682930391313027e-01 1.680389281109020971e-01 1.616953168172989841e-01 1.676209203595578900e-01 1.660987282767716899e-01
1.887015295912860824e-01 8.342782873322859838e-02 1.000000000000000000e+00 3.373441175166802530e-01 2.569721678988190483e-01 2.383684118016295150e-01 3.786114783917827742e-01 3.546251992728449709e-01 4.078942566900349842e-01 3.646555815794104705e-01 3.559573311408306129e-01 3.572389910631216248e-01 3.330082365868735628e-01 3.476704449333825053e-01 3.843264051987044239e-01 3.773666853922697517e-01 4.289511630602659276e-01 5.117049234467417884e-01 5.062412672161731297e-01 3.997060159966279169e-01 4.757165477378895169e-01 4.794741869165703996e-01 4.849928532304738082e-01 4.923443017424737889e-01 4.822003713971612648e-01 4.675587912855046491e-01 4.546066643530513041e-01 4.463915661663657164e-01 4.848953149714966826e-01 4.511488594485764669e-01 4.449580530185781591e-01 4.485827765892632102e-01 4.176155723487338656e-01 4.451199603866340948e-01 4.338260991859278493e-01 4.171959914708904815e-01 4.361146951042005337e-01 4.010936512435906987e-01 4.130743365290845959e-01 4.334046611711873664e-01 3.817634562104197382e-01 3.779807715990813888e-01 3.855495120136154807e-01 3.936574158649769895e-01 4.202765415381624625e-01 3.887774837566201902e-01 3.591530073266874235e-01 3.655183184064504931e-01 3.691291431945327162e-01 3.859518036430275023e-01 3.999658061290663480e-01 4.013768946558826656e-01 3.832185560807049862e-01 3.908687177454157613e-01 4.069366347033109843e-01 4.180651627099833956e-01 3.933513569331005266e-01 3.636775549851178346e-01 3.699909184518615501e-01 3.684112258658862049e-01 3.725780171538561891e-01 3.713891796835413484e-01 3.889073359557446152e-01 3.616971543763209951e-01 3.884514583847851754e-01 3.914429402176317629e-01 3.756724778525241670e-01 4.154880900319398163e-01 4.111062564256022789e-01 4.172503293430411264e-01 4.269843757835558584e-01 4.045443984104263313e-01 4.315593597571989459e-01 4.332253073377304586e-01 3.879932635908714400e-01 3.920595807181035952e-01 3.804396293152060848e-01 4.125722453871822903e-01 3.926867405303497427e-01 3.883645938724200053e-01 3.952120588321275663e-01 3.837422635292402906e-01 4.044937518141130672e-01 3.970583251522882273e-01 3.712647060600300364e-01 3.934411859667185096e-01 3.844098749479493149e-01 3.621010496904589204e-01 3.661587536177217106e-01 3.975769020781957930e-01 3.767824568996306911e-01 3.581765136494601820e-01 3.724355236880146913e-01 3.653147071665117096e-01 3.419446499847161869e-01 3.429260825787369682e-01 3.485186393478640898e-01 3.741599288079568986e-01 3.543926108745704129e-01 3.604407446148749639e-01 3.532051284669480151e-01 3.561889607108478795e-01 3.561739704944217322e-01 3.489343749209217749e-01 3.741559786983269520e-01 3.615992574015144401e-01 3.538708761252559731e-01 3.564346083322136871e-01 3.696694653340872883e-01 3.469513442901795419e-01 3.524729567585782597e-01 3.473617351747675386e-01 3.486603764635715086e-01 3.483813345303761744e-01 3.666775594182238862e-01 3.616762870128639729e-01
1.123213213076455774e-01 9.519634751018229285e-03 3.373441175166802530e-01 1.000000000000000000e+00 4.021758470510579109e-01 3.479654261909977953e-01 6.314320617446514960e-01 6.195241638589015221e-01 5.078720668293924545e-01 4.745640517767458211e-01 5.043404958638871838e-01 6.630866187412026713e-01 5.226832204065838816e-01 4.955147194485970963e-01 6.094381630632403901e-01 6.018619805802940537e-01 5.438591281405319444e-01 5.089262465075509168e-01 5.121654554733310327e-01 5.377937812061428513e-01 5.592874538169169130e-01 5.414605083126742269e-01 5.223590898024091933e-01 5.554146407297824162e-01 5.437360894955677315e-01 5.599644244611692301e-01 5.643757226821604078e-01 5.648978641955828550e-01 5.647538508621250397e-01 5.373991576861780750e-01 5.406105950029403973e-01 5.989800280298800406e-01 5.996419668674399794e-01 5.907309621087525331e-01 5.671548697209859435e-01 6.021809865106241277e-01 5.738580079396616851e-01 5.631964550558407057e-01 5.884853798329985342e-01 5.814686845097910561e-01 5.520562289790630350e-01 5.553214306552585189e-01 6.152221158827283487e-01 5.837631435167353056e-01 5.865153864470364908e-01 5.534365634179947424e-01 5.390240924479555717e-01 5.248154113790722830e-01 5.597018586176365496e-01 5.896598974383909786e-01 5.941604816234944408e-01 6.237963630822851435e-01 5.646312613932759072e-01 5.162252196081174027e-01 5.224978632184426042e-01 5.469469104972042306e-01 5.720164462340789902e-01 5.383449095906058801e-01 5.486167600182114690e-01 5.477788421392540963e-01 5.808150103563635147e-01 5.536541624425547203e-01 5.754689234303845824e-01 5.649844244570054741e-01 5.500638753254690760e-01 5.710097688858607468e-01 5.412817462801717827e-01 5.548223865619216211e-01 5.563356497063390860e-01 5.962514294241493262e-01 5.969704749859462423e-01 5.499102130830756385e-01 5.738142931762955090e-01 5.809602315476952716e-01 5.567797867527772837e-01 5.467147308320593480e-01 5.417599267120227768e-01 5.521373137468662540e-01 5.677447380594758952e-01 5.343772264661033056e-01 5.436411608636347870e-01 5.424255334159836517e-01 5.600728828459151654e-01 5.476253289810220082e-01 5.651791350586561347e-01 5.642707156123539791e-01 5.589474439399337857e-01 5.460574418199791724e-01 5.581466892246829126e-01 5.519105303367970450e-01 5.626524395232941345e-01 5.463615387593780959e-01 5.530838303972636094e-01 5.522233250633149515e-01 5.271313681408867913e-01 5.252925291704080291e-01 5.715003971748980893e-01 5.694847908031138717e-01 5.626604526954478436e-01 5.579512512918918254e-01 5.674716978100117215e-01 5.630928302887523440e-01 5.506086638825447022e-01 5.464614249884652830e-01 5.792746357030522653e-01 5.575379778045685963e-01 5.448632009660983044e-01 5.207665664783982518e-01 5.420697311063489288e-01 5.361579141160682793e-01 5.277445298570083709e-01 5.353606661312453330e-01 5.390254584171720875e-01 5.518363089116646858e-01 5.421304459604243675e-01 5.497509660657390329e-01
8.521472550241848687e-02 7.348597453259078649e-02 2.569721678988190483e-01 4.021758470510579109e-01 1.000000000000000000e+00 3.449381184734315320e-01 5.287115189133938520e-01 5.125496760771266480e-01 4.703247203300956469e-01 4.550576639678267088e-01 4.494362716258031853e-01 5.202175869906080496e-01 5.089591117269747222e-01 4.682042896476434346e-01 5.401504787217086268e-01 5.321306486379446810e-01 5.027268102135173944e-01 4.457850295944628116e-01 4.498043072578183366e-01 4.072736363527719172e-01 4.597715552001211958e-01 4.791731458690822176e-01 4.751924131782973015e-01 4.801951378787386315e-01 4.796261065382186883e-01 5.352659174136515929e-01 5.227989420800013276e-01 5.357132653211282847e-01 5.171345929566614208e-01 5.112452129382003552e-01 5.176002189265797027e-01 5.410906621024844654e-01 5.322405555909797137e-01 5.359070147525683003e-01 5.340632897678656565e-01 5.412529751739508788e-01 5.307934791408555064e-01 5.271246983842590161e-01 5.429575304764322485e-01 5.311135829573875311e-01 5.225238183071276854e-01 5.214794620475029507e-01 5.445836081810221385e-01 5.396880799532944861e-01 5.390552645052225644e-01 5.300684743614290095e-01 5.162143358493705980e-01 5.083345131636556324e-01 5.161146614757590179e-01 5.377031150325093378e-01 5.396003436987344415e-01 5.420214526889081119e-01 5.192645094215583290e-01 5.044274289949762791e-01 5.111178219645378107e-01 5.298104431865019448e-01 5.123824906321131634e-01 5.135242386097654821e-01 5.106672898183790554e-01 5.197334243064399839e-01 5.278652833039871872e-01 5.136951498840753860e-01 5.259092003552837680e-01 5.195118691395855803e-01 5.199591901346197753e-01 5.270506793258959988e-01 5.174592052099816764e-01 5.255826269547265728e-01 5.301604921180687047e-01 5.311467039297951276e-01 5.356808308056094647e-01 5.201271610108181287e-01 5.333931979383618183e-01 5.312278007059759721e-01 5.278099433484281233e-01 5.243239859537323078e-01 5.198986018287393707e-01 5.295198491636673443e-01 5.313473324645006102e-01 5.206999542555297289e-01 5.226048180588039882e-01 5.176377700422041261e-01 5.284345139057692320e-01 5.304263463462077777e-01 5.301973502185383103e-01 5.304142199204151531e-01 5.232975770085536160e-01 5.192713452048793865e-01 5.228909022025489683e-01 5.284929271278904217e-01 5.290047884828146252e-01 5.204530782237100084e-01 5.203115816759941170e-01 5.233541771780260143e-01 5.058616392264831951e-01 5.060261789975774027e-01 5.199528802837530828e-01 5.201894098009771650e-01 5.201669079985818955e-01 5.242350455367247308e-01 5.278827815657097799e-01 5.182327474128799460e-01 5.130689892696244092e-01 5.172335640236266352e-01 5.303498569837243881e-01 5.112977088394682346e-01 5.126290823459341839e-01 5.086290793930183796e-01 5.184461693324643461e-01 5.105884758828936887e-01 5.082297053978015455e-01 5.108565706226109171e-01 5.099656484435322046e-01 5.179172544629372377e-01 5.175920042977975033e-01 5.181049227626267628e-01
1.804850083303810235e-02 8.206460220024175412e-02 2.383684118016295150e-01 3.479654261909977953e-01 3.449381184734315320e-01 1.000000000000000000e+00 5.071864089587236890e-01 4.846699872479216520e-01 5.368034618720567419e-01 5.098922232438338753e-01 5.645354757123635103e-01 5.607523194711165893e-01 5.144204812421410145e-01 5.381945455633364572e-01 5.914990715930038556e-01 5.740856777665914734e-01 5.423598983815479668e-01 4.468499124758827934e-01 4.586737150712277833e-01 3.846107019301043817e-01 4.386784601562347952e-01 4.856873426883068223e-01 4.804102152223234112e-01 4.497332610662728158e-01 4.585920807243078490e-01 5.791379741117553825e-01 5.672806566526797933e-01 5.800708276067736424e-01 5.181495507619942043e-01 5.599875517561498928e-01 5.741543277068461570e-01 5.620311021763263470e-01 5.459915173269234145e-01 5.632596963029744552e-01 5.585981993694753012e-01 5.607748707925380716e-01 5.801180927810127841e-01 5.898603929475354501e-01 5.920294665271441659e-01 5.796027169526903888e-01 6.038447132795470296e-01 5.988852025399601375e-01 5.707802463371332014e-01 6.054449967843186231e-01 5.825991214221866166e-01 5.991249413125938617e-01 5.972134581963783884e-01 6.021573302150982077e-01 5.862475850775978881e-01 5.827763548454006903e-01 5.936034748440789377e-01 5.830472122178076422e-01 5.970418781317573531e-01 5.961518901059464914e-01 5.854253897924586170e-01 5.974699082634358227e-01 5.858090308963138648e-01 5.989809327942626771e-01 5.912137727205407645e-01 6.023167231786153986e-01 5.926522530620038642e-01 5.967726070369256952e-01 6.001133792669457456e-01 5.960346276006927013e-01 5.948167271148202540e-01 5.945163969695532735e-01 6.014794420882889625e-01 5.967375762412387985e-01 5.929512270711273514e-01 5.823659051026082167e-01 5.857485695339659237e-01 5.922391844628488444e-01 5.855333246395169056e-01 5.764586612252398101e-01 6.063579307200883672e-01 6.042655032035937346e-01 6.037858892567673497e-01 5.973538141689637149e-01 6.077139008119220032e-01 5.958833794432125686e-01 5.938583456106414360e-01 6.026672049043125812e-01 5.951531434431004408e-01 5.976747224871176156e-01 5.948880769427544735e-01 5.896482707871693041e-01 5.951753464546258865e-01 6.014969822006397404e-01 5.996722332333616068e-01 5.972885160417606976e-01 5.993892087847214611e-01 6.037879252531531682e-01 6.017291397250289497e-01 6.022108003107401464e-01 6.002460349039058229e-01 6.004137529195855416e-01 5.922275257190057207e-01 5.905464611783800555e-01 6.003025402319935866e-01 6.000693332900262078e-01 5.967189749238172025e-01 5.975290888787873067e-01 6.002846306422952027e-01 6.006997771505738770e-01 5.984243603634031849e-01 5.937238361824608290e-01 5.985522333386239513e-01 6.010861047858069295e-01 6.011564789796335351e-01 6.015433492379859137e-01 6.007927261245837869e-01 5.997444899880994829e-01 5.997977895856488884e-01 5.989928955022657542e-01 6.009412802344670235e-01 6.003246574774498967e-01
1.164803886587595233e-01 6.614521114152283054e-02 3.786114783917827742e-01 6.314320617446514960e-01 5.287115189133938520e-01 5.071864089587236890e-01 1.000000000000000000e+00 7.469888178405792445e-01 6.953780637277560128e-01 6.441073407398866246e-01 6.758265267138311438e-01 7.859349583025218022e-01 6.964031515978608144e-01 6.706728958425115517e-01 8.258055599292166704e-01 7.835090073052195514e-01 7.338735761053750695e-01 6.316980438979507007e-01 6.368428792145294226e-01 6.300276055532705310e-01 6.582146044563622622e-01 6.635520809875893322e-01 6.642961093419300633e-01 6.848334446567800882e-01 6.685656995446471740e-01 7.634139521969209863e-01 7.353253105708079662e-01 7.522996820619319847e-01 7.070375549002674287e-01 7.236263464073888763e-01 7.276437003740974241e-01 7.758281528160339002e-01 7.586605103475083656e-01 7.754443699032544934e-01 7.485632434987583572e-01 7.773450860076601687e-01 7.613870016231543136e-01 7.678454332047731645e-01 7.833991548207039912e-01 7.774453891904976599e-01 7.659524436623057486e-01 7.631376546668025007e-01 7.932103056730511748e-01 7.844042910555095727e-01 7.803559320968597168e-01 7.598327631667982640e-01 7.505922695385943699e-01 7.439997194737495434e-01 7.610839459372141791e-01 7.877201656777426120e-01 7.891848110089851875e-01 8.002092274994877519e-01 7.655933823389774462e-01 7.392723601495644337e-01 7.441959131150938100e-01 7.594977952404241561e-01 7.698600176060820255e-01 7.534570104309560312e-01 7.548939703548868119e-01 7.584534141719605493e-01 7.738067476369588915e-01 7.606237268236261118e-01 7.777671612715304494e-01 7.602006165570822649e-01 7.562285290673799176e-01 7.709720380468084722e-01 7.541476921040395354e-01 7.582344709892607781e-01 7.606612784600204069e-01 7.824394463239703335e-01 7.724431978800705423e-01 7.454053733765038103e-01 7.742347758994645446e-01 7.641651656085877153e-01 7.683487020875134910e-01 7.556418945811687049e-01 7.538823396588487658e-01 7.503251735382506782e-01 7.679856620710248105e-01 7.462680525734105563e-01 7.506705334185450607e-01 7.452789500849211768e-01 7.633519804975590350e-01 7.562264562909665200e-01 7.729940284441431109e-01 7.714312749531118119e-01 7.629290648746380743e-01 7.602493053091001762e-01 7.642876526592651265e-01 7.658169095852915831e-01 7.687606545745009345e-01 7.576066280647669737e-01 7.610898145204544329e-01 7.595514947903264646e-01 7.405266712644488214e-01 7.378422557201088638e-01 7.698043512066043981e-01 7.707556585251459369e-01 7.668298446611701014e-01 7.660440761127181863e-01 7.680002811806339036e-01 7.653451114385294574e-01 7.543341959299825206e-01 7.556520846919877465e-01 7.792748594429467213e-01 7.627887082547190056e-01 7.536593904213420014e-01 7.402596691345851854e-01 7.568277332467588936e-01 7.466106321181903427e-01 7.447874889032377599e-01 7.454514650033089440e-01 7.485882062774296131e-01 7.559461800120785835e-01 7.507609537462248683e-01 7.573119143079745097e-01
9.884852398323068501e-02 9.330779797444511969e-02 3.546251992728449709e-01 6.195241638589015221e-01 5.125496760771266480e-01 4.846699872479216520e-01 7.469888178405792445e-01 1.000000000000000000e+00 7.066234505435347035e-01 6.636709115415369009e-01 6.945131704258671324e-01 7.968500507002571620e-01 7.206936656223160709e-01 6.764594986311106561e-01 8.144241768789795000e-01 8.231237435039893136e-01 7.320825814982649948e-01 6.206365932061727042e-01 6.331000047001971165e-01 5.694482856492165679e-01 6.203449946216624822e-01 6.571485478647702827e-01 6.525181256932501839e-01 6.613687098269471765e-01 6.470784598905817697e-01 7.493295798146691888e-01 7.313695581579229277e-01 7.522464358652568572e-01 6.869685374005944922e-01 7.230468459134187231e-01 7.325580501501989250e-01 7.840419943801393288e-01 7.643975843257162506e-01 7.808135414513993622e-01 7.584058419656780625e-01 7.750310676460283599e-01 7.587146839000540322e-01 7.850153181822017157e-01 7.950220292430930646e-01 7.760798163412657713e-01 7.752872187641972612e-01 7.797542681842787315e-01 7.923222436003718450e-01 7.948367079866799356e-01 7.815890409464200106e-01 7.768351550234751102e-01 7.742359555888428391e-01 7.663051374040726893e-01 7.830133822027041113e-01 7.937552091880302196e-01 7.997926292919066427e-01 7.978596140715651375e-01 7.841076412192193867e-01 7.548023409530586481e-01 7.517313205097001516e-01 7.671030943905068344e-01 7.853459018965903704e-01 7.752223931948514224e-01 7.763579073219045723e-01 7.776177394861791825e-01 7.906998816666793717e-01 7.785780598795331020e-01 7.970887929895207336e-01 7.872727145146685146e-01 7.753208337496473312e-01 7.834332453254436723e-01 7.752428285728567570e-01 7.773133822110240843e-01 7.797077539625320020e-01 7.758576866487176815e-01 7.781705686627056195e-01 7.632321445382934666e-01 7.839750488075388768e-01 7.713289243282661634e-01 7.805845017973032096e-01 7.700468457291503865e-01 7.706804138061659204e-01 7.610055363905584569e-01 7.805152047298395956e-01 7.622116645697212256e-01 7.630513250262084268e-01 7.632832296312862530e-01 7.785526856524426220e-01 7.732565917926815802e-01 7.873380967295586785e-01 7.834016677592493538e-01 7.737524582699543130e-01 7.793994425174951557e-01 7.814097430473941897e-01 7.736846391989733451e-01 7.845870748285316276e-01 7.775807694100184131e-01 7.777098092083706282e-01 7.783155046514201869e-01 7.663568641056539565e-01 7.654948726133316006e-01 7.896078575582630155e-01 7.905202781772701082e-01 7.870198455319669106e-01 7.868484654001032252e-01 7.843155328357273026e-01 7.871962676670072323e-01 7.796858379851533405e-01 7.786641351821217416e-01 7.922502362917056562e-01 7.802212488311729421e-01 7.804155083020404282e-01 7.605313597595034780e-01 7.738547501512880178e-01 7.726240351348625524e-01 7.657207382413228069e-01 7.701418577971137491e-01 7.723349971628920008e-01 7.804806665016111866e-01 7.718903311533021894e-01 7.787300282596906209e-01
1.462329558861918122e-01 2.060413541156257411e-01 4.078942566900349842e-01 5.078720668293924545e-01 4.703247203300956469e-01 5.368034618720567419e-01 6.953780637277560128e-01 7.066234505435347035e-01 1.000000000000000000e+00 7.844614725113454590e-01 7.873774417942771553e-01 8.060855427514581617e-01 7.630536469270785549e-01 7.482823979261603586e-01 8.348279491446971567e-01 8.287806965674309190e-01 8.394039138585686066e-01 7.335599598440684099e-01 7.414686780717461012e-01 6.222573657084464749e-01 6.654330135945869529e-01 7.492544009546188155e-01 7.854521651386227044e-01 7.542277744469009226e-01 7.432690502517066422e-01 8.581787985934552498e-01 8.464365960848549975e-01 8.615187375266885050e-01 7.864795380521067969e-01 8.616635127936482785e-01 8.688464875263187670e-01 8.746682573779802627e-01 8.336844240890433078e-01 8.645671637625164108e-01 8.544585848617274326e-01 8.481182471295147796e-01 8.666532189526345853e-01 8.707763926134974852e-01 8.763976009725590322e-01 8.530957642857706080e-01 8.737633546103634741e-01 8.677512103317862602e-01 8.377138435239789294e-01 8.755938988479193830e-01 8.768933072437523624e-01 8.749201574901998013e-01 8.691708578304225830e-01 8.803139157164152628e-01 8.685749608074539996e-01 8.580930748585775536e-01 8.764261644513168248e-01 8.633321106596764105e-01 8.684286119910840096e-01 8.864300399733028302e-01 8.781206403940590155e-01 8.906177195232435340e-01 8.739399705209446312e-01 8.651324897175596274e-01 8.730757458070612653e-01 8.794293861127221446e-01 8.685670031495887899e-01 8.792102312759776384e-01 8.762366880042811168e-01 8.707880746822295182e-01 8.804485065162453994e-01 8.824311705170344577e-01 8.821075440250735200e-01 8.860791560652101495e-01 8.922217304301819363e-01 8.696481802698337038e-01 8.649763980592874990e-01 8.733437490149827953e-01 8.859902570973727798e-01 8.758666658899828539e-01 8.791434776648271443e-01 8.786022504039674441e-01 8.745160001324969734e-01 8.703520117986180971e-01 8.794697048673311146e-01 8.824690392973340014e-01 8.850429883245465312e-01 8.791729605081015642e-01 8.883197917671339372e-01 8.837800358383096633e-01 8.703428846919967210e-01 8.824810840204516671e-01 8.787341973050821764e-01 8.699385730171956821e-01 8.721628962992316048e-01 8.829586463668593899e-01 8.728580375944735570e-01 8.691046155483013180e-01 8.746922983452151135e-01 8.722864672612722359e-01 8.615427490911948816e-01 8.652946766994559225e-01 8.428836810331105101e-01 8.676334469023477824e-01 8.648692470737914251e-01 8.658412377887014788e-01 8.605570721222580710e-01 8.627602951984866264e-01 8.625235476015631342e-01 8.608068555599435179e-01 8.732793415476582943e-01 8.636623449979248246e-01 8.672056311157687603e-01 8.718033104824139956e-01 8.754884599414218815e-01 8.624676769751481453e-01 8.620980638955901831e-01 8.651943581907783898e-01 8.676542905312589760e-01 8.647699019993339009e-01 8.725108447426336289e-01 8.723355866869464403e-01
1.388170549954935995e-01 1.715062545339856304e-01 3.646555815794104705e-01 4.745640517767458211e-01 4.550576639678267088e-01 5.098922232438338753e-01 6.441073407398866246e-01 6.636709115415369009e-01 7.844614725113454590e-01 1.000000000000000000e+00 7.316820742712284442e-01 7.545764186928034523e-01 7.168287243633878481e-01 7.093768459287963513e-01 7.836727696190018966e-01 7.792401973515042934e-01 7.615788730285224517e-01 6.749740338047885979e-01 6.974337864894303296e-01 5.523581395709992181e-01 6.054269265805092282e-01 6.978423557412981593e-01 7.316725765461765674e-01 6.939402208124096916e-01 6.911762071262269602e-01 7.998109740427136183e-01 7.828337518055913380e-01 8.126786179312306402e-01 7.370647271328768513e-01 7.957394294226064480e-01 8.080466414486318083e-01 8.196214177908357490e-01 7.880488020251756875e-01 8.144658544954231916e-01 8.009927221434935962e-01 7.924738000411213346e-01 8.058417984782685339e-01 8.248350265371388046e-01 8.228232200447437306e-01 8.086929551097407076e-01 8.141486119597821647e-01 8.159993483481243759e-01 7.879188958685851008e-01 8.187980071378105906e-01 8.213220338946815025e-01 8.216743703633468954e-01 8.117546446716950026e-01 8.205959921398243706e-01 8.122384063567481549e-01 8.029386153350395183e-01 8.216771863232045225e-01 7.983211927577665845e-01 8.056302900422874780e-01 8.249382217734766432e-01 8.171247111427982768e-01 8.288498124622417640e-01 8.100931031837447227e-01 8.090232217327796294e-01 8.141374835843795399e-01 8.180447929777172611e-01 8.105954620116629927e-01 8.176810774062133191e-01 8.192487971434104788e-01 8.145871143086077515e-01 8.197220933901011586e-01 8.168096612628846787e-01 8.200843747735030442e-01 8.269968494191458630e-01 8.340390125922630959e-01 8.016004598404803394e-01 8.056441374553965362e-01 8.183684915920230729e-01 8.260288801205629694e-01 8.157207082367601281e-01 8.201220763085192988e-01 8.195424540366681443e-01 8.192897969235060085e-01 8.171250478893837821e-01 8.216587725769879391e-01 8.232953749351521466e-01 8.227023057399774908e-01 8.224367952583527819e-01 8.268385219557577992e-01 8.288912728770044813e-01 8.155917351451765773e-01 8.239932254918851395e-01 8.205061775855402306e-01 8.160396172406028104e-01 8.161689099006420589e-01 8.214749974870745319e-01 8.191369296638930653e-01 8.143936765720920512e-01 8.168200552470156195e-01 8.177506919955398468e-01 8.057845411463300245e-01 8.088529425975707898e-01 7.850529939620567443e-01 8.023389585050666462e-01 8.057014420049388725e-01 8.093897581324653867e-01 8.063402797770196084e-01 8.034791836611686611e-01 8.063919154039559389e-01 8.031748221044410219e-01 8.114089693904675826e-01 7.990310967459663960e-01 8.086424107811570616e-01 8.142091577654724244e-01 8.157691330615576275e-01 8.054421731872823953e-01 8.042754230221691447e-01 8.085880232264091028e-01 8.097234510887199033e-01 8.090041642115960441e-01 8.130026848913564086e-01 8.092235329823821433e-01
6.173094747218246976e-03 1.553881125498230709e-01 3.559573311408306129e-01 5.043404958638871838e-01 4.494362716258031853e-01 5.645354757123635103e-01 6.758265267138311438e-01 6.945131704258671324e-01 7.873774417942771553e-01 7.316820742712284442e-01 1.000000000000000000e+00 8.374957261529450969e-01 7.658840303546419204e-01 7.522972795196096740e-01 8.469497230752245365e-01 8.328268740046180785e-01 7.730937534866939576e-01 6.343309315850981234e-01 6.701399835657667614e-01 5.301109953187965740e-01 6.223563793962759716e-01 7.059983748858202901e-01 6.835196644662963061e-01 6.536096289687431948e-01 6.672416601367449074e-01 8.149495617235975597e-01 8.087502321692905394e-01 8.212728833050222388e-01 7.111483989098073000e-01 7.983657223508202616e-01 8.269129913424271283e-01 8.126902729923680679e-01 7.864497902340841229e-01 8.161084693656087685e-01 8.044195477318100140e-01 8.133007522758212149e-01 8.274336259588983555e-01 8.537258140642960402e-01 8.546730401466775540e-01 8.362225408673741311e-01 8.713323142097789686e-01 8.697348227807664145e-01 8.291710099977913639e-01 8.739152569282064853e-01 8.544219294488202276e-01 8.624711992689850781e-01 8.817837724072991046e-01 8.854566221736805964e-01 8.688592486515339663e-01 8.459471171989143556e-01 8.632087105360870538e-01 8.446763224405428039e-01 8.740961032660256036e-01 8.690991010167593567e-01 8.557673825077033447e-01 8.707303571647641016e-01 8.547353800251678013e-01 8.803893798227291345e-01 8.723743032976500889e-01 8.837986295306656803e-01 8.704488009532581616e-01 8.787086919467721469e-01 8.764048910245818558e-01 8.741689676298139977e-01 8.796373206427690050e-01 8.698103727383001971e-01 8.844410024530516834e-01 8.767564063362831561e-01 8.703050797814345652e-01 8.443006343985742790e-01 8.599253514706606261e-01 8.705741313217000288e-01 8.583635114451528825e-01 8.493923046336497862e-01 8.853556284789919628e-01 8.795595175561924384e-01 8.836970688913338146e-01 8.631780088344025437e-01 8.782181281954033469e-01 8.724695139795942689e-01 8.700501669095856982e-01 8.804088890835513048e-01 8.744198334372457193e-01 8.713755935077767134e-01 8.769599197909941912e-01 8.687901011805529983e-01 8.735420173333064975e-01 8.853975605569682772e-01 8.794466326258356670e-01 8.785553015889856487e-01 8.805636709215614033e-01 8.848559530864379408e-01 8.840048638290928240e-01 8.820108037866529749e-01 8.865167863145045901e-01 8.873049887706256911e-01 8.677837925558965493e-01 8.681201778332977570e-01 8.821139629281671279e-01 8.847165962119537541e-01 8.769811509586372678e-01 8.818448542256610567e-01 8.817663169100541376e-01 8.846013724553015711e-01 8.782173070754073496e-01 8.776737873448712257e-01 8.839783523774410456e-01 8.852622641143862436e-01 8.848566953348004915e-01 8.874718325812011033e-01 8.871672417535438893e-01 8.861065100428939800e-01 8.848360659013839724e-01 8.812097578133618603e-01 8.824207617889007205e-01 8.837138262930996913e-01
4.303007652541889633e-02 9.630888700922807244e-02 3.572389910631216248e-01 6.630866187412026713e-01 5.202175869906080496e-01 5.607523194711165893e-01 7.859349583025218022e-01 7.968500507002571620e-01 8.060855427514581617e-01 7.545764186928034523e-01 8.374957261529450969e-01 1.000000000000000000e+00 8.244247986640460546e-01 7.846928852972051560e-01 9.152597950525100945e-01 9.017533651725830879e-01 8.071392973380394631e-01 6.523411170079964627e-01 6.869900606603072113e-01 6.146314677754922684e-01 6.637068869086125700e-01 7.281114551829079851e-01 7.076115231767662328e-01 6.971769127936319199e-01 7.077889769939166298e-01 8.426667824598913503e-01 8.445967588365930201e-01 8.605267735774059235e-01 7.595265511756995602e-01 8.223146175171794914e-01 8.482637814348966687e-01 8.701229119787455835e-01 8.563060263024190322e-01 8.652876392574559983e-01 8.485188600448574370e-01 8.746910369006122288e-01 8.657249586544409903e-01 8.973488370325058971e-01 9.023648163064325045e-01 8.857971830398705393e-01 9.053538663091098559e-01 9.094119761962701221e-01 9.064794068885307921e-01 9.200342807169857862e-01 8.986493632076868465e-01 8.976661884030670002e-01 9.145539757351103249e-01 9.072433588374215763e-01 9.184027172988323828e-01 9.145996632667292570e-01 9.190201959550582389e-01 9.169836581778151308e-01 9.165923082717502002e-01 8.892174330335924637e-01 8.763786269645176263e-01 8.943617310056329872e-01 9.083325324601196904e-01 9.124496655453120386e-01 9.129232213114352179e-01 9.165199280852931452e-01 9.262685923062488058e-01 9.182791391470198628e-01 9.224820217233813402e-01 9.227116169318131389e-01 9.064596746156904361e-01 9.134391080018213760e-01 9.124093029513243858e-01 9.003304545311681117e-01 9.008670333776057637e-01 8.979398584920602611e-01 9.018430347750310272e-01 8.982530737765808126e-01 8.935204629926463138e-01 8.882932070003405345e-01 9.174147078263763522e-01 9.088820572142438659e-01 9.112619624858194767e-01 8.953377130500711489e-01 9.154647160468575295e-01 8.977566875325050377e-01 8.994476156854420701e-01 9.048919448641203900e-01 9.079973720851407526e-01 9.013594553173006618e-01 9.223303495458331502e-01 9.097368676282543420e-01 9.120743118865672905e-01 9.169908335150477319e-01 9.194372055785237086e-01 9.085030437986920671e-01 9.205022608490213143e-01 9.202819500188973434e-01 9.175205777368782289e-01 9.185262250417838281e-01 9.136290699060402032e-01 9.136263372782932324e-01 9.237971586231870091e-01 9.182351775113990477e-01 9.270913721241083039e-01 9.224424947684690679e-01 9.244916388622447245e-01 9.270275683185720261e-01 9.197808952223476275e-01 9.210721017063494553e-01 9.280940549567631148e-01 9.224324670211341282e-01 9.207408288340542812e-01 9.075326611962297729e-01 9.166838262458784081e-01 9.176040220152190674e-01 9.119976089897987581e-01 9.170961023465353801e-01 9.190017155133090032e-01 9.231950598302136601e-01 9.124256984915417590e-01 9.198627569208830401e-01
5.884386565093449595e-02 1.377730250975534865e-01 3.330082365868735628e-01 5.226832204065838816e-01 5.089591117269747222e-01 5.144204812421410145e-01 6.964031515978608144e-01 7.206936656223160709e-01 7.630536469270785549e-01 7.168287243633878481e-01 7.658840303546419204e-01 8.244247986640460546e-01 1.000000000000000000e+00 7.294877831060064821e-01 8.409172439347627481e-01 8.350211111984233714e-01 7.562674301982492686e-01 6.189309678379053548e-01 6.385370453227472431e-01 5.417852998533581044e-01 5.975819909858350876e-01 6.753912586122160500e-01 6.635071828588077203e-01 6.487654465578046592e-01 6.631399878806474302e-01 7.881643798489424979e-01 7.899605866353412997e-01 8.117920264812750197e-01 7.157864116911357710e-01 7.813470709132094294e-01 8.061888213350522081e-01 8.113421381071844740e-01 7.874617894761286596e-01 8.107518888341170848e-01 7.914782019856655415e-01 8.129771498535851570e-01 8.182431993606147369e-01 8.322742940957700286e-01 8.445846509214653963e-01 8.161770426463954564e-01 8.505207304339797991e-01 8.516398042228549015e-01 8.378777760316412637e-01 8.582781501073361019e-01 8.410862840085135961e-01 8.487321464915513758e-01 8.581160318650120633e-01 8.568369392354064917e-01 8.549362497547191575e-01 8.436661363383438639e-01 8.498529788343984759e-01 8.404785283756368575e-01 8.507039738412753849e-01 8.416366040542695437e-01 8.251429572625328390e-01 8.378647940334777999e-01 8.378027396575292718e-01 8.562837852031497388e-01 8.521160567099647087e-01 8.639693993934791649e-01 8.644791961851039375e-01 8.567386590200226637e-01 8.577739187854540592e-01 8.610894007677173390e-01 8.523123686344465932e-01 8.544204213903137113e-01 8.583915106658791538e-01 8.485315109223807717e-01 8.491719690169976520e-01 8.305336381519295985e-01 8.373823413868253240e-01 8.468093061122056175e-01 8.385740893729556333e-01 8.339238173445587821e-01 8.578460872873597820e-01 8.572062880628850134e-01 8.575992390170723567e-01 8.459680900166133277e-01 8.607863102250487009e-01 8.521615202446781723e-01 8.517010496891546101e-01 8.578052478363070721e-01 8.509169690906109862e-01 8.524139084702871960e-01 8.598198479524120641e-01 8.549296926680538533e-01 8.581381667604457419e-01 8.580898158954144428e-01 8.627938010208944242e-01 8.507681109966855892e-01 8.588562614035707421e-01 8.624662226204197202e-01 8.606356787443921741e-01 8.632417933172586988e-01 8.598165728661967266e-01 8.601247348915971314e-01 8.556961030240393118e-01 8.550963909296418475e-01 8.643985578239676837e-01 8.621217682814384942e-01 8.618507961837420517e-01 8.614567058719125869e-01 8.586137263256157226e-01 8.638780008558333279e-01 8.640684331582327848e-01 8.549107925936277885e-01 8.619862925725960690e-01 8.568828443630546188e-01 8.596628343934974437e-01 8.614014956413500457e-01 8.551972379701795468e-01 8.610535182770805429e-01 8.610800813019429123e-01 8.654144104750948197e-01 8.588658135910758329e-01 8.626000273263195739e-01
