1.000000000000000000e+00 1.104217872326124089e-01 1.256824467122762690e-01 -7.505127952526205459e-02 -3.722653703159777699e-02 5.860006545838713360e-02 4.923978839571971702e-03 -3.416916925518570514e-02 2.355100801633279173e-01 5.822056428023950070e-02 6.694448236612469960e-02 -3.327128756181132324e-02 3.804264922795383419e-02 -8.194608232116403282e-03 -1.402175542244745929e-02 -2.536444338341456439e-02 1.699807958753718762e-01 2.354134515464533506e-01 2.488307011522557233e-01 1.272265644822506703e-01 1.887358517178202022e-01 2.060278115091039031e-01 2.268746880760496576e-01 2.487866355567693588e-01 2.580789538900592484e-01 1.590817254555872140e-01 1.404995776484465886e-01 1.008176609872735857e-01 1.372920681093660333e-01 1.716295515714302000e-01 1.057616288355725936e-01 1.269192171480601483e-01 8.864043604108708119e-02 1.037344815417472338e-01 1.310485795414334520e-01 5.676170255646591917e-02 1.284637374433371948e-01 4.563383254973887859e-02 4.236085376969732363e-02 4.088118512758210504e-02 3.782450261222904814e-02 9.470207665652860540e-03 -5.452482784591906884e-03 3.042260944389680102e-02 6.472416636977415538e-02 2.408024105687879904e-02 -4.218698095027094593e-03 3.474091135290204024e-02 3.335909947815104276e-02 4.345520388944178192e-02 3.826818475399135222e-02 2.146153270691347759e-02 1.903398594030970836e-02 5.743108341061724936e-02 8.803054741170977804e-02 8.336457193380510111e-02 1.066769984398540649e-01 2.225111553649427795e-02 3.498279938098865227e-02 4.993525516205957887e-02 3.142512385268822483e-02 4.717803212937485974e-02 4.461185611520500360e-02 5.071843780612979302e-02 1.044722131265601456e-01 7.565833351288968334e-02 5.081268601181245653e-02 7.277332132196816239e-02 6.982622124902217176e-02 4.748401172566510398e-02 7.575476802662071962e-02 8.027941424769872991e-02 8.393927474097162555e-02 1.050469815053860501e-01 5.791196139626627465e-02 4.925389068397155456e-02 4.455339556656642136e-02 7.216706859460930712e-02 5.452865457953155748e-02 9.028912872062497263e-02 7.454853425009433376e-02 3.834168518444426577e-02 7.520199904389368584e-02 5.389048459511688177e-02 2.657762166950724397e-02 4.025605276287477774e-02 4.857288096167577257e-02 9.608267109282113069e-03 1.870824855139251522e-02 4.684267454038347489e-02 1.284182897893202356e-02 6.068373187037288605e-03 2.580736253689880702e-02 7.546373652856146197e-03 9.858674000425119571e-03 1.942808295149545464e-02 -6.949332312736474643e-03 6.721104088149310041e-02 1.917473248185634291e-02 8.430344686698348130e-04 -9.776444642536494950e-03 1.712101235188916507e-02 6.760399612546924043e-03 5.152615278916227934e-03 1.386894055792133908e-02 5.394853220159056412e-02 2.472925368707964977e-02 3.271350545835555873e-02 3.989063598423545076e-02 1.848696747799664919e-02 5.226681809554972920e-03 2.958448054361215163e-02 1.528800663708915729e-02 3.029856819692017603e-02 6.528364884445518601e-02 3.815262542254537620e-02
1.104217872326124089e-01 1.000000000000000000e+00 4.956678156202312668e-02 -1.603638860064980631e-02 8.588514095177884888e-02 9.129806301284697223e-02 1.175070646511066769e-01 1.107339433333061479e-01 1.576503362792037732e-01 1.790380835780830404e-01 1.142461742824449622e-01 8.057680543020311059e-02 1.400471510880006154e-01 1.118260273750697059e-01 1.348059534930583780e-01 1.302550698675937202e-01 1.403974256208078419e-01 9.581678676330249167e-02 1.110652035259864362e-01 5.534411847331119350e-02 3.024020293487602803e-02 5.264319753146199515e-02 1.568557898453242783e-01 1.146467785348387891e-01 1.299346663982303696e-01 1.619121696775539798e-01 1.190765824617900231e-01 1.464214452793860255e-01 1.587353085861782365e-01 1.945081335643373543e-01 1.756076477528094038e-01 1.568656503728738105e-01 1.403825616109231900e-01 1.299496577486186077e-01 1.807252398295210727e-01 1.232552995006871432e-01 1.576731118220361383e-01 1.402029010721940194e-01 1.446967442292816652e-01 1.319749736103478233e-01 1.387508802612785752e-01 1.371545442437673012e-01 1.221538496182556083e-01 1.253286800204884976e-01 1.354333323030946501e-01 1.528305004503297815e-01 1.351988582219537938e-01 1.497521706425410937e-01 1.391533743127107148e-01 1.027518256858530182e-01 1.342140587526718110e-01 7.694760143737341962e-02 1.187070505951229038e-01 1.566247842890904074e-01 1.604866567363465446e-01 1.542448939840075639e-01 1.400175196490026086e-01 1.438752483000254045e-01 1.401764248149489078e-01 1.501940339253116929e-01 1.452667147619857990e-01 1.544922754007767574e-01 1.386275127300233834e-01 1.424737313882625811e-01 1.498029948285564128e-01 1.438148984481529558e-01 1.550053420539646842e-01 1.409246292476795115e-01 1.599377726395430077e-01 1.245412312200886162e-01 1.088486540408280523e-01 1.316299994527002637e-01 1.432085946484182026e-01 1.366549637276387452e-01 1.439593774940533810e-01 1.444533973847398622e-01 1.544080536422952343e-01 1.541892236593636611e-01 1.491375702402936154e-01 1.777112921134337831e-01 1.523186333722672259e-01 1.557292848696138765e-01 1.552706297055146123e-01 1.591294339019091175e-01 1.308693728324816508e-01 1.400859149239404300e-01 1.428713794392251490e-01 1.396845095971135098e-01 1.456689008140792940e-01 1.501789706065141672e-01 1.348371563378935878e-01 1.380946228864005643e-01 1.390068916863009263e-01 1.398151117160968404e-01 1.414320276053333825e-01 1.499509110692863190e-01 1.152864308834656015e-01 1.328638320468127076e-01 1.402179294557130418e-01 1.287159100399324352e-01 1.314201335430436046e-01 1.379395417345882224e-01 1.289666293952764775e-01 1.329181494616611670e-01 1.265409169787561905e-01 1.395110791658678295e-01 1.449605793062727355e-01 1.579653950490859105e-01 1.539190295354429805e-01 1.404937101851508052e-01 1.411819475652906219e-01 1.475414496403182896e-01 1.435982181003616631e-01 1.440235871880023721e-01 1.525682587031177984e-01 1.385514290987694963e-01
1.256824467122762690e-01 4.956678156202312668e-02 1.000000000000000000e+00 3.463864954233270566e-01 2.413870598063024842e-01 2.910652146029886755e-01 3.324881257678073410e-01 3.301347553397371293e-01 3.471457498320366653e-01 2.733026308477716770e-01 3.893513842122923729e-01 3.944805723437981304e-01 3.212968737877294756e-01 2.975906156929728485e-01 3.603451725147853724e-01 3.623067450044366034e-01 3.562120632527059905e-01 4.384296363689674236e-01 3.937233916809361745e-01 4.171148639063883001e-01 4.486208426501218649e-01 4.363016922194790093e-01 3.771229637784682676e-01 4.200084074730210393e-01 3.976989139731982315e-01 3.880724881769217482e-01 3.966254998729280001e-01 3.688996713248535730e-01 3.340491582599050546e-01 3.397489995430925669e-01 3.636043210968742945e-01 3.983223653140490206e-01 3.621085847479292852e-01 4.064213498226796339e-01 3.510892607482379302e-01 3.854163645834312590e-01 3.723327282710841013e-01 3.698712577936160706e-01 3.818842452450562086e-01 3.901182281951962594e-01 3.811740946048912115e-01 3.672249390402771985e-01 3.835698645627738101e-01 3.874904566184132482e-01 3.860566426115251693e-01 3.579533048628174563e-01 3.581079955739484566e-01 3.660473602140018046e-01 3.706555659547730031e-01 3.954365979211821314e-01 3.788746597122052973e-01 4.078252965702619526e-01 3.864359060357644982e-01 3.603555464380099882e-01 3.595942092917475685e-01 3.766845304274683559e-01 3.783107882212168316e-01 3.680122705404859085e-01 3.625226460853674948e-01 3.662243355923832100e-01 3.655092046944182771e-01 3.660986883408360870e-01 3.718582105774210222e-01 3.797524594778201590e-01 3.888845401663607593e-01 3.757601164895478796e-01 3.746950121449651450e-01 3.946236607290461440e-01 3.848590821396959405e-01 4.120463789333693727e-01 4.217748425633530696e-01 4.047578079459452360e-01 4.055535037826347722e-01 4.003599463729867192e-01 3.899033852262847599e-01 3.788576907266648086e-01 3.648947170958455333e-01 3.606369149188993761e-01 3.664263053244838364e-01 3.580399582559983807e-01 3.756720443333069759e-01 3.739492179451101017e-01 3.790588962644891313e-01 3.638087511353780279e-01 3.798769472302587769e-01 3.890399913048869784e-01 3.858935626793069673e-01 3.713981512939503737e-01 3.720590587814874839e-01 3.750666059373772288e-01 3.767922302396805589e-01 3.724398763400547097e-01 3.758735068421153458e-01 3.697741892029673405e-01 3.673281434229957454e-01 3.625781019221182011e-01 3.721446050365518898e-01 3.777383291889851447e-01 3.717605900507430228e-01 3.787632190197944282e-01 3.725494050378948541e-01 3.703276642555575204e-01 3.738320858108559186e-01 3.733738430240297612e-01 3.851989534768963663e-01 3.708178579359540650e-01 3.665251555134761419e-01 3.600363441131095299e-01 3.674848715101854957e-01 3.658866220614584996e-01 3.608262187302921919e-01 3.654089907343375798e-01 3.672832481442962482e-01 3.726720347456008997e-01 3.780737553681833840e-01 3.745032407077413250e-01
-7.505127952526205459e-02 -1.603638860064980631e-02 3.463864954233270566e-01 1.000000000000000000e+00 3.672958349437689951e-01 3.952124043937733089e-01 5.593334169776980058e-01 5.507717392017955627e-01 4.062271881573515930e-01 3.824829564455475839e-01 5.614405419544898912e-01 6.315071400096943233e-01 4.783961132946538686e-01 4.449230618322602693e-01 5.723370441689765720e-01 5.731100878681022470e-01 4.583962069623669366e-01 4.678349244443775201e-01 4.178834489491914383e-01 5.777371550605784334e-01 5.655554447825263953e-01 5.224746926635347455e-01 4.280991479617874407e-01 4.519603056955430742e-01 4.144114669476235968e-01 4.826319100837960785e-01 5.189288417177086998e-01 4.869667229912273410e-01 4.215959167416813425e-01 4.135991038352294091e-01 4.881476507588853320e-01 5.309460375407158983e-01 4.803037154755050997e-01 5.423717045490731303e-01 4.359095937954114430e-01 5.448497131089891088e-01 4.724725006085679357e-01 5.512592740020156867e-01 5.520875938465222843e-01 5.481484626200213706e-01 5.553204248760404971e-01 5.516014827813189303e-01 5.797561442563623491e-01 5.756766202498668772e-01 5.469031868012170783e-01 5.333839726114080193e-01 5.561890649407704723e-01 5.351112544951592831e-01 5.502118683475766270e-01 6.007220888475263143e-01 5.641883377360055185e-01 6.304136840758665095e-01 5.905460430896323221e-01 5.112036282235885576e-01 4.929910965101697573e-01 5.150944225298255130e-01 5.271359071217490699e-01 5.398474916624249609e-01 5.402297312199659807e-01 5.324996439036542295e-01 5.425866777675194541e-01 5.342345261298974135e-01 5.466527897338679942e-01 5.527036271794987243e-01 5.242352313093214811e-01 5.409084325606922095e-01 5.390006725566239831e-01 5.476202142159385389e-01 5.453825756539436576e-01 6.074914224532156348e-01 5.883866182537123013e-01 5.570468735840437002e-01 5.517548613373084443e-01 5.310527283600711135e-01 5.593663333980202212e-01 5.471484810780010699e-01 5.348961890235123251e-01 5.159720375855314511e-01 5.238858296506999634e-01 4.949528625991741482e-01 5.274963010768917160e-01 5.374706499907835333e-01 5.338345121419232342e-01 5.250454741552244009e-01 5.722291617594377211e-01 5.635917797568721355e-01 5.452232345378267286e-01 5.726578522631058377e-01 5.534908127887068208e-01 5.440220941634972274e-01 5.682190123578771956e-01 5.642599366092491131e-01 5.582402814224219911e-01 5.609577498953319807e-01 5.518833445333255483e-01 5.448150773110186362e-01 5.934100870754694945e-01 5.592689259484130426e-01 5.659392541991266068e-01 5.811041259955181948e-01 5.716841937150989317e-01 5.670416926684984649e-01 5.740117807340182621e-01 5.689358746391460775e-01 5.813125348852815621e-01 5.498432105066618503e-01 5.513993287966493240e-01 5.319282852979654308e-01 5.364445325943787424e-01 5.532635054121379792e-01 5.554409722661249882e-01 5.431251877466691802e-01 5.548907867206656075e-01 5.560394504436637630e-01 5.359195933028539915e-01 5.582876298238975687e-01
-3.722653703159777699e-02 8.588514095177884888e-02 2.413870598063024842e-01 3.672958349437689951e-01 1.000000000000000000e+00 3.161660070065636097e-01 4.544723168558227333e-01 4.574201155996624468e-01 4.004827731236338950e-01 4.064705215763737556e-01 4.485165546158503824e-01 4.909764146185663924e-01 4.316871332074823653e-01 4.038111163404228821e-01 5.063630322560149777e-01 5.022195373694270382e-01 4.351312010640269734e-01 3.808913128450570618e-01 3.817418913186792495e-01 3.945506664345259096e-01 3.717436793709149034e-01 3.938024152973554348e-01 4.002283994162443848e-01 3.861938739076964389e-01 3.802721088304418795e-01 4.561103220167024852e-01 4.603887554602326682e-01 4.700561205593148939e-01 4.341418348742957511e-01 4.360265691234228580e-01 4.726353393989374263e-01 4.736504742734080065e-01 4.685967228273801299e-01 4.743216888758045036e-01 4.558081713501850873e-01 4.815693615947844730e-01 4.755132520415922825e-01 4.911331831506653978e-01 5.024141593082532831e-01 4.853691105729812660e-01 4.957373998665121073e-01 5.021185741744518261e-01 5.026966311772104179e-01 5.015650812808724046e-01 4.867812157714812016e-01 4.973260672621773737e-01 4.961178649953886244e-01 4.945064521924084078e-01 4.922513548377803749e-01 4.875899749144858575e-01 4.992424577966138588e-01 5.031574047358573498e-01 5.008523166402097937e-01 4.795174687027235483e-01 4.656269151745806578e-01 4.788984899610026491e-01 4.649275598396224174e-01 4.989707612329485342e-01 4.864951556425685109e-01 4.902940287411854947e-01 4.927141235329061120e-01 4.895506044838985327e-01 4.875133274011882456e-01 4.934803398098717708e-01 4.825564953411153324e-01 4.819330084038573325e-01 4.957950842454951212e-01 4.903374333497144688e-01 4.914800695897686977e-01 5.037091059332613474e-01 4.845431563595510860e-01 4.909003814711052627e-01 4.860423853810044159e-01 4.789410057854309732e-01 4.989357414683567860e-01 4.933426015469929427e-01 4.965699365224451323e-01 4.858753787074202579e-01 4.900807511560125729e-01 4.761275215098735303e-01 4.886310417891285285e-01 4.966553002215232659e-01 4.869205311780988588e-01 4.891600338755213717e-01 4.974393970383574892e-01 5.003181143342785298e-01 4.969784031715306361e-01 5.052030692513155286e-01 5.031160301546570013e-01 4.941004805355506124e-01 5.013461661244497103e-01 5.044867413389251265e-01 5.005989126133684186e-01 5.036444024318348367e-01 4.995753335254254912e-01 4.984081789334067203e-01 4.955611760687002043e-01 4.861434106021214063e-01 4.972736676471030126e-01 5.084112705161034640e-01 5.038462938181008655e-01 4.996187622467376799e-01 5.067120652143997095e-01 5.045492338829120627e-01 5.033651085949043535e-01 4.840509787505897776e-01 4.936439783963614825e-01 4.938209326327832605e-01 4.923772251057332849e-01 4.996466978747219900e-01 4.973653211387120687e-01 4.974501369527898897e-01 4.993262953828186412e-01 4.984815640084367949e-01 4.883265428805060315e-01 4.937646181241929222e-01
5.860006545838713360e-02 9.129806301284697223e-02 2.910652146029886755e-01 3.952124043937733089e-01 3.161660070065636097e-01 1.000000000000000000e+00 5.701863243788063418e-01 5.086954895916623309e-01 5.544317140063692584e-01 4.993577048383119887e-01 5.765938088482467361e-01 6.001165498601233050e-01 5.455883763455460223e-01 4.903021127394775469e-01 6.158727885692213411e-01 6.114652910273672415e-01 5.655455754562193071e-01 5.414946377031670810e-01 5.603313849575041194e-01 4.847594009157186190e-01 4.992223570661557530e-01 5.577049742700029844e-01 5.676510613715697318e-01 5.503123657956245918e-01 5.737532965058845802e-01 5.971317840645076203e-01 6.046731827078820620e-01 6.061762666317130899e-01 5.721253477802608067e-01 5.892580165350747023e-01 6.116372167567363238e-01 6.206209814672671854e-01 5.943667876570526420e-01 6.167392492330883158e-01 5.912677259680080288e-01 6.130272576475834789e-01 6.140830749661224663e-01 6.204814184820053313e-01 6.226317637509191094e-01 6.186180882326818287e-01 6.213561526558468717e-01 6.228506685593854231e-01 6.229816137365317141e-01 6.306849814722035319e-01 6.299899749619795042e-01 6.274897770441085765e-01 6.189405959023069892e-01 6.337768757310690004e-01 6.284421223183547234e-01 6.111558739062861179e-01 6.264661971822631514e-01 6.140664879851501778e-01 6.198457209439399707e-01 6.308523463486332972e-01 6.276028749968816101e-01 6.310104290129999738e-01 6.231637711120097123e-01 6.284300755605319866e-01 6.283197468242553985e-01 6.328618110541200936e-01 6.324657560136646151e-01 6.344484041114416550e-01 6.284706904325334520e-01 6.306346112112340974e-01 6.323114189284591014e-01 6.274808049767871543e-01 6.345095046538862249e-01 6.366263615691759581e-01 6.314615430156557130e-01 6.246370423768660141e-01 6.356235146287581017e-01 6.399045262754449181e-01 6.286475442455738971e-01 6.360771315698970918e-01 6.348490589849729027e-01 6.310303967217320009e-01 6.299788975343505459e-01 6.230449470989158911e-01 6.290563957976669229e-01 6.264939984824802188e-01 6.311480298381773046e-01 6.340186351385523889e-01 6.373707575241496226e-01 6.283662618550053258e-01 6.268163473004160213e-01 6.319341572636389959e-01 6.383830555147034236e-01 6.336161799817392470e-01 6.290492498687840772e-01 6.382188242734163630e-01 6.328909155038178191e-01 6.342126278943377438e-01 6.361299470364751851e-01 6.324086551445052828e-01 6.317712638822963189e-01 6.334872425878258495e-01 6.228844461281910494e-01 6.288848950876636534e-01 6.310777887036091993e-01 6.298415614530700202e-01 6.284171045919914045e-01 6.316069521449818591e-01 6.294985601055798075e-01 6.339269132074673019e-01 6.349921036759684778e-01 6.293555504482248875e-01 6.319272703039578998e-01 6.328626149778113774e-01 6.329128814889493082e-01 6.311589187635481268e-01 6.291630442081190822e-01 6.325694104784785887e-01 6.332760760527315069e-01 6.332537223032852491e-01 6.314578369443166750e-01 6.327373066579102812e-01
4.923978839571971702e-03 1.175070646511066769e-01 3.324881257678073410e-01 5.593334169776980058e-01 4.544723168558227333e-01 5.701863243788063418e-01 1.000000000000000000e+00 7.346870492887799253e-01 7.020884518658947471e-01 6.719180044462623735e-01 7.684274729358121503e-01 8.178937889717000642e-01 7.367421491759006402e-01 6.607711201393421385e-01 8.457101752219881030e-01 8.220415654090712509e-01 7.271282637653370129e-01 6.846669375909536503e-01 6.842671219766562896e-01 6.696011016759136902e-01 6.573308190639689519e-01 6.993431054507400768e-01 7.021567973171107813e-01 6.730353073275219256e-01 6.860826708603242619e-01 7.751337349589646486e-01 7.772274057867993857e-01 7.907614930271755771e-01 7.407868653326744601e-01 7.445808484131286598e-01 8.072350825285409259e-01 8.182113838055079524e-01 7.870708051496198010e-01 8.057574204941432283e-01 7.691988829476460454e-01 8.023356090736550872e-01 7.860777615897560633e-01 8.330744251169155401e-01 8.337923059454900310e-01 8.231180407169177426e-01 8.323954333817028539e-01 8.353638932623582702e-01 8.352659145687790776e-01 8.403249858212243906e-01 8.255360770100080847e-01 8.349449457156580268e-01 8.338909365087748826e-01 8.361642364036470099e-01 8.362895021164602483e-01 8.287350763801611953e-01 8.411666615041469841e-01 8.232898759131684896e-01 8.296161497010309249e-01 8.284235504258049554e-01 8.135142914203442599e-01 8.258256715705412088e-01 8.116360821148032034e-01 8.324300646800306680e-01 8.311597358925777446e-01 8.308891526026602747e-01 8.342643299652184874e-01 8.311717178758344371e-01 8.296827093678809106e-01 8.290055538721329276e-01 8.205070140528651912e-01 8.278043703959523381e-01 8.378261269837504743e-01 8.331554211008577182e-01 8.397580435728155823e-01 8.426541067530248785e-01 8.294158095567776279e-01 8.347221746325347302e-01 8.283552853478876044e-01 8.190268397451451188e-01 8.398515871590055415e-01 8.335192084653592071e-01 8.369848783835340811e-01 8.223600631421438267e-01 8.301909998527341461e-01 8.175645738071612989e-01 8.293519115476613024e-01 8.359253589340711610e-01 8.382582130674716137e-01 8.344135688031629750e-01 8.434447255202668359e-01 8.435243049395908521e-01 8.358251061649110136e-01 8.492226387208263727e-01 8.425730532884414536e-01 8.395322855882539903e-01 8.470356179394007423e-01 8.467552886701273929e-01 8.419701854059172819e-01 8.440404361959166213e-01 8.422676377190400077e-01 8.415259655373107384e-01 8.413871075501291319e-01 8.314150614858005772e-01 8.426780162959864873e-01 8.496945521094535492e-01 8.454731028809714388e-01 8.411591765011017241e-01 8.404551774378907769e-01 8.458274962247109841e-01 8.457820340791540881e-01 8.294871284580798143e-01 8.401655673809231839e-01 8.369817206706937629e-01 8.388378210058692330e-01 8.411102328235547931e-01 8.416222337937272480e-01 8.368174409946222969e-01 8.413056891065217036e-01 8.404180894842268046e-01 8.334491210150699603e-01 8.364320814559196293e-01
-3.416916925518570514e-02 1.107339433333061479e-01 3.301347553397371293e-01 5.507717392017955627e-01 4.574201155996624468e-01 5.086954895916623309e-01 7.346870492887799253e-01 1.000000000000000000e+00 6.569357208685623339e-01 6.371979325040391107e-01 7.271046886115051233e-01 7.844735328990921630e-01 7.018590245173447206e-01 6.383694876191412515e-01 8.006711290056046648e-01 7.953487834840113901e-01 6.824865555193573297e-01 6.115838088789918858e-01 6.202886389914568088e-01 6.111298002257263828e-01 5.980305904258184091e-01 6.445264884586572318e-01 6.423696824822813234e-01 6.003666113984079677e-01 6.133028091423481376e-01 7.272237335107761824e-01 7.228547713672507369e-01 7.366597265264058780e-01 6.851985276123550017e-01 6.891881777166904977e-01 7.498421454018567855e-01 7.546517965115120408e-01 7.229343546686463062e-01 7.462310903071978085e-01 7.031488075313331310e-01 7.586214931097771119e-01 7.330993585775279486e-01 7.901450961080399571e-01 7.866704390750904885e-01 7.733188600825844361e-01 7.845587720558623301e-01 7.903053143905001132e-01 7.964727415347577777e-01 8.010959299460089778e-01 7.800015816030775317e-01 7.917007891101272010e-01 7.932691748958378142e-01 7.927871748525008311e-01 7.975481111146173197e-01 7.916499423928701207e-01 8.006167956950118736e-01 7.929764258212762540e-01 7.987883836330914589e-01 7.794778297998111727e-01 7.645778652174759493e-01 7.739960213945251688e-01 7.707115755797748768e-01 7.941151762856600849e-01 7.904892796601443727e-01 7.910568695292810038e-01 7.968734822037530918e-01 7.939294089333270854e-01 7.902748775028302086e-01 7.955649563768966148e-01 7.746532765983346058e-01 7.871803887033126390e-01 7.955695942090897921e-01 7.853568453813792871e-01 7.849600723638879840e-01 7.939812075881342857e-01 7.811353001223714232e-01 7.875041507478757197e-01 7.724058746255867414e-01 7.648703803321853512e-01 7.978720139605258721e-01 7.926670698551012695e-01 7.918672377168263221e-01 7.728110881975417401e-01 7.802146449819542529e-01 7.688704980651711596e-01 7.795365978041844945e-01 7.930179679729040254e-01 7.890256215533888451e-01 7.819924535640622176e-01 8.004689643381079911e-01 7.956051325670914220e-01 7.927409001204398509e-01 8.096943951375772386e-01 8.014292468270256542e-01 7.949686395250462612e-01 8.036759002464776147e-01 8.055593051799431192e-01 7.982231742859511314e-01 8.030350952252999219e-01 8.014201800035509748e-01 8.000927174228728012e-01 8.107757832249841146e-01 7.976185983789622069e-01 8.079588090025338065e-01 8.112219912097736740e-01 8.073883320874560843e-01 8.086474571464340455e-01 8.071062630051615283e-01 8.088209751940641512e-01 8.089691144306360160e-01 7.931283340281111149e-01 8.029952969941346330e-01 7.950469260211774358e-01 7.963417775174970181e-01 8.048274240421973147e-01 8.017783836654139851e-01 7.990009699884749184e-01 8.040777466223442138e-01 8.054375335583604523e-01 7.913697353999659123e-01 8.007458448931933370e-01
2.355100801633279173e-01 1.576503362792037732e-01 3.471457498320366653e-01 4.062271881573515930e-01 4.004827731236338950e-01 5.544317140063692584e-01 7.020884518658947471e-01 6.569357208685623339e-01 1.000000000000000000e+00 7.205151232775561798e-01 7.649325276297141984e-01 7.678771748198621738e-01 7.322036063396376582e-01 6.544285104797439301e-01 7.947893920726657457e-01 7.893129602903565800e-01 8.204665379771477474e-01 7.519158706994768515e-01 7.901858190124132486e-01 6.208044420316360945e-01 6.588875147366527463e-01 7.555495732926603702e-01 7.904678268356188919e-01 7.517715725357302370e-01 8.040621906648282025e-01 8.409389810698386647e-01 8.360447126874538393e-01 8.362475609310074942e-01 8.270263989680345373e-01 8.538667498775869280e-01 8.602674624664632397e-01 8.496348346701794174e-01 8.128369158203679889e-01 8.180256664176619452e-01 8.346897077012747079e-01 8.076870801542568312e-01 8.653025264455277421e-01 8.346934029299190039e-01 8.366557691476114167e-01 8.218646666841593618e-01 8.375810807501130606e-01 8.254991488129633792e-01 8.106188414779953444e-01 8.375068375738371484e-01 8.499994568675789397e-01 8.342489723370370980e-01 8.296115064281570639e-01 8.557217822104670191e-01 8.484029467060850704e-01 8.131239696975350872e-01 8.431365268735653284e-01 7.957049577807623342e-01 8.286591866451781252e-01 8.614112173482875168e-01 8.596489025888757185e-01 8.549751105432320530e-01 8.651594743577450952e-01 8.419280123789271153e-01 8.479052847116237412e-01 8.628255597249968600e-01 8.506006404322193903e-01 8.581223945180983526e-01 8.504033608560984669e-01 8.501699520972220148e-01 8.740111987700074359e-01 8.646498079485828159e-01 8.581702086979220434e-01 8.604962398318771744e-01 8.535949153266425560e-01 8.214881764084734916e-01 8.383355502612641619e-01 8.611837009963216882e-01 8.421649181482326885e-01 8.631756451843023425e-01 8.565845038462066574e-01 8.565194792550053782e-01 8.537045302192670659e-01 8.591413662019048436e-01 8.535086747641856819e-01 8.701260927246660115e-01 8.607395186922826014e-01 8.538929332635974978e-01 8.645504196977472633e-01 8.528773706117797060e-01 8.304405433893033983e-01 8.402879918288214123e-01 8.551320951279597349e-01 8.332867848606090311e-01 8.442636560211742580e-01 8.518022762287867922e-01 8.334879854585657277e-01 8.383765876434999820e-01 8.480028376119020939e-01 8.393437684279294597e-01 8.430520111636979896e-01 8.474565515019858442e-01 8.161985803819993279e-01 8.548010313757520295e-01 8.409401894995729432e-01 8.286197762935176847e-01 8.275841744512394405e-01 8.420862660428733992e-01 8.359937673694441962e-01 8.380058545527950820e-01 8.384042734205455760e-01 8.541200528031758221e-01 8.484257203568162931e-01 8.547549397368257029e-01 8.558321962264442417e-01 8.465721683497453576e-01 8.393081713732434279e-01 8.535856633895121393e-01 8.452173060030852003e-01 8.504436999888658200e-01 8.661105350666552516e-01 8.543820578319388792e-01
5.822056428023950070e-02 1.790380835780830404e-01 2.733026308477716770e-01 3.824829564455475839e-01 4.064705215763737556e-01 4.993577048383119887e-01 6.719180044462623735e-01 6.371979325040391107e-01 7.205151232775561798e-01 1.000000000000000000e+00 7.187480559594586760e-01 7.276195330021194563e-01 6.895684397555913447e-01 6.279852477566544300e-01 7.706781455820446158e-01 7.553762069778919841e-01 7.118196841816419873e-01 6.253324770881830696e-01 6.492661848613840991e-01 5.452757274756516725e-01 5.337369423546146630e-01 6.108655061815552179e-01 6.925029163518612307e-01 6.261644865653185343e-01 6.647914838255581937e-01 7.520768736361995721e-01 7.411691042434760401e-01 7.677595236939881440e-01 7.479406410692733820e-01 7.720173103318832553e-01 7.961685720560524038e-01 7.698841644457632416e-01 7.593767914031835931e-01 7.472860286992317747e-01 7.685399921556089753e-01 7.468780778898919115e-01 7.838676148926275733e-01 7.860815743164868419e-01 7.909619641703228288e-01 7.766359970429280724e-01 7.919007821527024316e-01 7.931422170347586231e-01 7.702061168383610434e-01 7.861292327801561175e-01 7.878390649117534839e-01 7.974658525238365048e-01 7.953882999895715011e-01 8.138035550462321410e-01 8.046701068060668760e-01 7.512840610033468813e-01 7.921055470863925807e-01 7.349905946418916480e-01 7.785488588534459353e-01 8.098631685183329543e-01 7.986375264686033093e-01 7.993067705960268388e-01 7.863531909753804783e-01 7.987987998227833453e-01 8.004031265478023238e-01 8.058687773838278945e-01 8.066449444068072294e-01 8.077115200862280409e-01 7.980430577287620508e-01 7.925378618173802847e-01 7.942470080167811641e-01 8.010366121851394405e-01 8.065481664382773141e-01 7.980628328010076489e-01 7.998839719931969405e-01 7.680940530061750593e-01 7.636025087830295988e-01 7.907784735488319061e-01 7.764196081180143594e-01 7.867180288823251155e-01 7.987484718775945680e-01 8.019293411887858936e-01 8.055781914913795472e-01 8.008841983404584308e-01 7.995586278424441362e-01 8.129133464449147528e-01 8.040158149105551821e-01 8.108337470371509426e-01 8.031204753053575729e-01 8.045439740364054293e-01 7.861065716025673611e-01 7.930991573108640003e-01 8.035561655406893156e-01 7.999800795417670862e-01 8.046565655409634310e-01 8.041500181025990068e-01 7.964059111280933356e-01 8.020209234236733709e-01 8.030834626344974803e-01 8.031068214727030696e-01 8.054388479691707570e-01 8.092738471322037386e-01 7.789908733677973762e-01 7.904546400692615826e-01 8.002151463001296872e-01 7.918410381603981918e-01 7.954583165577764348e-01 8.023759890726003263e-01 7.981388858160536337e-01 7.994924304911246171e-01 7.947600675201524911e-01 7.982197972864595314e-01 8.071288132229452739e-01 8.114214315844850978e-01 8.096961322282260065e-01 8.041557173289651805e-01 8.024520158453304353e-01 8.089428976234322999e-01 8.068487924792301369e-01 8.035609374386950554e-01 8.043063039313466112e-01 8.029407870121750834e-01
6.694448236612469960e-02 1.142461742824449622e-01 3.893513842122923729e-01 5.614405419544898912e-01 4.485165546158503824e-01 5.765938088482467361e-01 7.684274729358121503e-01 7.271046886115051233e-01 7.649325276297141984e-01 7.187480559594586760e-01 1.000000000000000000e+00 8.596929090050913214e-01 7.657061837207550514e-01 6.967516224047008988e-01 8.534070455097521046e-01 8.464680004473582597e-01 7.897896149868818272e-01 7.600939460991443797e-01 7.773204838799219196e-01 6.883039521780431880e-01 7.095732758961862396e-01 7.734623922255468020e-01 7.709620948376583183e-01 7.603819953776814744e-01 7.785784473510217740e-01 8.350357667819946483e-01 8.522505991308217954e-01 8.476396747013921207e-01 8.056505278689941596e-01 8.186976654559509070e-01 8.712614165899882357e-01 8.595322295278542413e-01 8.333516163135471500e-01 8.573071945272379146e-01 8.281775506093863592e-01 8.622225709023836338e-01 8.624496136126472701e-01 8.688372810765067067e-01 8.782885479342563695e-01 8.726562302557006046e-01 8.794201079835344270e-01 8.786112019466830736e-01 8.783300508393627748e-01 8.866387546935388109e-01 8.867500206172973520e-01 8.738240081569635942e-01 8.767776153419487573e-01 8.790525150625646544e-01 8.769588461228587928e-01 8.610132652080408899e-01 8.807044693441015148e-01 8.681827430793430667e-01 8.746517447072065243e-01 8.712617303041029215e-01 8.584707635947149695e-01 8.719052045577067034e-01 8.608031602743732025e-01 8.768050210207923856e-01 8.705600792342435001e-01 8.781773912563052287e-01 8.796380948821076462e-01 8.731600425877306115e-01 8.716083290908334114e-01 8.793117743614587978e-01 8.751416667615949940e-01 8.759868081952886243e-01 8.834877615124554495e-01 8.907569956569605374e-01 8.831901427560425732e-01 8.804911608733227979e-01 8.894842440270493977e-01 8.942480161395421900e-01 8.794661349222832047e-01 8.869101383596560417e-01 8.931522669182626606e-01 8.876598456176070240e-01 8.817021057971679010e-01 8.756841007092619478e-01 8.804353460770909523e-01 8.705956751100584201e-01 8.836328987732654516e-01 8.844606612145541336e-01 8.849361024476305460e-01 8.787220153979949933e-01 8.842293076472799163e-01 8.887694590570014430e-01 8.898431568127421754e-01 8.883512991781278290e-01 8.880514913138840560e-01 8.846549803213553664e-01 8.907440898648423255e-01 8.892231029174852974e-01 8.897678361554733906e-01 8.886334036298549899e-01 8.854958611782109967e-01 8.833243947859099610e-01 8.804503148012762237e-01 8.802081504717949034e-01 8.872690353516632378e-01 8.897203068669351511e-01 8.879324910468707754e-01 8.869057924332670595e-01 8.841452603926778231e-01 8.890599406303154595e-01 8.926336397874126138e-01 8.797631763235466140e-01 8.845103033628008982e-01 8.813401106890697001e-01 8.836890545957185594e-01 8.844268847584553228e-01 8.824045642527735822e-01 8.833950423244347760e-01 8.844357997391227855e-01 8.879400515682579487e-01 8.842351022121948123e-01 8.858651005283141311e-01
-3.327128756181132324e-02 8.057680543020311059e-02 3.944805723437981304e-01 6.315071400096943233e-01 4.909764146185663924e-01 6.001165498601233050e-01 8.178937889717000642e-01 7.844735328990921630e-01 7.678771748198621738e-01 7.276195330021194563e-01 8.596929090050913214e-01 1.000000000000000000e+00 7.983485801208869415e-01 7.335223193018638455e-01 9.128418329210237214e-01 9.071457668358997584e-01 8.051477302605664077e-01 7.398898655566635840e-01 7.475593779345587331e-01 7.126483653787958339e-01 7.264940743012995306e-01 7.805090843509869813e-01 7.515161254488483822e-01 7.290922580099878925e-01 7.475802101555842905e-01 8.373923201078493639e-01 8.621801767183094878e-01 8.598551326058095912e-01 8.017861032857622750e-01 8.030632774452336475e-01 8.739128920899984498e-01 8.809714197373522682e-01 8.487231923904461350e-01 8.800906029701532907e-01 8.281371200985955250e-01 8.913550161870716915e-01 8.649700255683687722e-01 9.102456875549590487e-01 9.140373809275856853e-01 9.032684808707862611e-01 9.193599033001986776e-01 9.186648903269855060e-01 9.199972830766217635e-01 9.329825495400118074e-01 9.148838784281592140e-01 9.157072399432837351e-01 9.265579882068190054e-01 9.225758466612616893e-01 9.265385621796677906e-01 9.182943315332730005e-01 9.250223060884664728e-01 9.297620268744953842e-01 9.320457137815878479e-01 9.074732598284758200e-01 8.862640795914955572e-01 8.970247424033805927e-01 9.015127169854058042e-01 9.200315024346101822e-01 9.191397286094173946e-01 9.227544773720963711e-01 9.254926860569655522e-01 9.217350206187476802e-01 9.219195980020271630e-01 9.249774816369930042e-01 9.088367203098062230e-01 9.206224587078634114e-01 9.230352045227127045e-01 9.213628581387443006e-01 9.130990096014532931e-01 9.229518041544964024e-01 9.241515775267451493e-01 9.249577000426995044e-01 9.059088496975982174e-01 9.060257999445160415e-01 9.268967682796523944e-01 9.234809148942710877e-01 9.164681209502919534e-01 9.008762006670169020e-01 9.083771948338418278e-01 8.924370261586732633e-01 9.119361386104073430e-01 9.210364504722839962e-01 9.175333402613183864e-01 9.098337386210675337e-01 9.270153924802061463e-01 9.281916817374892270e-01 9.246061160581258154e-01 9.331181946699833585e-01 9.300486565136715233e-01 9.207491657687935094e-01 9.309286094356197250e-01 9.343182400316499825e-01 9.322896266912802377e-01 9.337496396256027564e-01 9.331752880045013354e-01 9.289631826008863946e-01 9.342138324944756489e-01 9.245574809745431555e-01 9.325016124493475944e-01 9.358230729296874717e-01 9.345857672639144020e-01 9.344687626938554814e-01 9.378936285009541463e-01 9.385579387492104519e-01 9.403827509299033105e-01 9.230736249337451182e-01 9.307401254333094176e-01 9.217727366701473635e-01 9.212361408540450380e-01 9.318920994946989778e-01 9.296720641759940174e-01 9.291566651218934325e-01 9.325129333255296471e-01 9.342881096680325514e-01 9.244240528847582627e-01 9.336314810427537303e-01
3.804264922795383419e-02 1.400471510880006154e-01 3.212968737877294756e-01 4.783961132946538686e-01 4.316871332074823653e-01 5.455883763455460223e-01 7.367421491759006402e-01 7.018590245173447206e-01 7.322036063396376582e-01 6.895684397555913447e-01 7.657061837207550514e-01 7.983485801208869415e-01 1.000000000000000000e+00 6.594423730645596615e-01 8.160047784962425332e-01 8.112982846533502990e-01 7.356797341424604619e-01 6.683914370973861319e-01 6.940609806526316650e-01 6.051251862305032647e-01 6.079085582553079847e-01 6.925016502629525172e-01 7.075988306103675463e-01 6.591735952508694929e-01 7.024312898621146717e-01 7.849574216764163559e-01 7.890697171429732482e-01 8.032615022343648770e-01 7.629844836777801564e-01 7.742497120803065735e-01 8.162241290229215185e-01 8.068442805271303087e-01 7.839689606268761546e-01 7.875154397862971223e-01 7.829114986459423386e-01 7.905624880073223171e-01 8.031380517120184637e-01 8.209850298682772607e-01 8.267069579518058209e-01 8.170251081555691686e-01 8.316418738198544380e-01 8.339650804515873483e-01 8.206542165478641904e-01 8.340602084120367632e-01 8.281474027594711851e-01 8.354221865485508269e-01 8.322573503454533395e-01 8.430315634012224280e-01 8.368223371387862874e-01 8.030830905254903174e-01 8.287053987360638585e-01 8.031563512862085474e-01 8.336646249156454136e-01 8.408768124155565626e-01 8.276564019841133879e-01 8.296497469831271010e-01 8.238770158062531657e-01 8.393124026549484418e-01 8.334908333922826928e-01 8.437572312551681053e-01 8.415804984638609598e-01 8.419191971274518904e-01 8.334631220053516643e-01 8.366297354320756385e-01 8.321080167380257020e-01 8.387367804073330158e-01 8.411729398129986768e-01 8.362390155176433471e-01 8.345012703899603590e-01 8.197798063670452828e-01 8.193660386024462783e-01 8.368975536623970424e-01 8.161644508321032054e-01 8.241709414031334058e-01 8.432379953780172466e-01 8.418246699438027836e-01 8.420192717395866833e-01 8.326409701640661298e-01 8.350459757426115237e-01 8.333419283842804504e-01 8.364633047600726901e-01 8.427014232467908705e-01 8.398334407580392291e-01 8.381250869258376479e-01 8.313345344780985746e-01 8.345458742197170432e-01 8.419397388202698451e-01 8.406994306531861971e-01 8.440696274891348327e-01 8.405690176296034544e-01 8.402536488000449388e-01 8.440052387939027678e-01 8.442613624330667088e-01 8.431579603749685958e-01 8.441601866477971283e-01 8.446538506675296265e-01 8.302965364953642791e-01 8.336882364046805938e-01 8.416978070982618076e-01 8.378961663207930011e-01 8.387577405333326297e-01 8.437050353454083051e-01 8.416059873156065407e-01 8.450871781139535077e-01 8.418381719819587605e-01 8.405182740652541451e-01 8.438170613363779049e-01 8.454742416960630003e-01 8.457406259130454407e-01 8.436180717256425154e-01 8.433607084608788496e-01 8.471042365104137772e-01 8.466166097257954437e-01 8.434101794260553397e-01 8.438620319069070064e-01 8.441967148018649780e-01
