1.000000000000000000e+00 5.718649396857029832e-02 8.435176972266554551e-02 6.774261025541318537e-02 3.787741113768641754e-02 -3.589411292550874488e-02 3.055447477147017060e-02 2.004700915488717011e-02 1.304848162665314115e-01 5.135105915937379639e-02 1.203767348596688352e-02 3.055813970114886272e-02 2.268917667662840448e-02 -1.312685803315736394e-02 1.953626711915466482e-02 2.362136008533302634e-02 7.352206984555111069e-02 4.123918787244511275e-02 3.320925540107551310e-03 3.138726207045877681e-02 6.347788515567108492e-02 4.221212196670672684e-02 2.315644629565796146e-03 -1.027619593686198915e-02 -6.162070917508301500e-03 3.406018630020431204e-02 2.937623124472029182e-02 1.494737078848174666e-02 9.436268240261400445e-03 2.203745778861872923e-02 1.783720442379539695e-02 2.259229034510173983e-02 4.516783637094219303e-03 5.949259398819814991e-03 8.485223907436858365e-03 8.547400626846526211e-03 -3.147539087064892167e-03 -3.855668085457698347e-04 9.265313920865837424e-03 -2.975597869269664547e-02 -4.025846303609743708e-03 -7.144556517612889006e-03 -2.617957095910530135e-02 -1.803160544696133733e-03 -2.663359447934773166e-03 -4.467888987003108305e-03 9.731639136770976750e-03 1.364739679249325072e-02 1.655989571928218745e-02 2.784477807556065901e-02 1.338358371915545145e-02 2.791408530668318400e-02 2.312005420480172865e-02 2.677012103445886027e-02 6.358836298324987632e-03 2.840505566693549405e-03 4.434776755316145735e-02 1.715925068581918359e-02 3.619190488239126206e-03 3.130263773911452774e-02 1.428753596541445375e-02 1.236382203703553610e-02 1.032549148430550977e-02 3.056939327724424865e-02 5.042687149924597600e-02 3.629696321422389016e-02 1.561287479188810251e-02 2.469083393323483113e-03 3.964994220073576013e-03 -1.990800828310072042e-03 1.040217154638647251e-02 6.910301046290356734e-03 -1.107977292005146892e-02 -7.472036648441934305e-03 1.046071981496354483e-02 9.745316930735785713e-03 3.191285993932820898e-03 1.321026826289760196e-02 4.572666770638739858e-03 9.288911941145805776e-03 1.123957324986165837e-02 7.262025629922469298e-03 8.787014261672913482e-03 3.659374886330036668e-03 2.636306924483142970e-03 2.370342327943905647e-03 -1.010818003167501767e-03 2.975117148981269374e-03 -2.850127491375876662e-03 -2.277114340437575487e-03 -8.876455098654168277e-03 6.916175303580766312e-04 3.093496069694811387e-03 -6.536062152567494697e-03 8.646974458582099357e-03 3.986044285910131726e-03 -3.798255976639611036e-04 4.563881567147292512e-02 6.597293055474723507e-03 6.091562103802551642e-03 -1.284098295392003403e-02 1.292559364245533284e-02 1.753236625958967329e-02 5.987722702455832227e-03 2.051592561980444471e-02 2.231684875795504966e-02 1.481901679657692504e-02 6.850313860398060326e-03 1.806885545381674762e-03 1.746303845522397674e-02 2.613858081117386399e-03 1.462969515957258070e-02 1.036250152798442146e-02 2.055178170397359283e-02 3.322448840016817284e-02 2.775524157715444223e-02
5.718649396857029832e-02 1.000000000000000000e+00 9.989598163019028365e-02 1.016385328064883936e-01 7.074031672321713649e-02 9.347027797624574141e-02 1.334411612367461530e-01 1.207543313312664374e-01 1.589144892341369519e-01 1.526878461714877844e-01 1.432281312686824182e-01 1.443140964701679074e-01 1.300725154209201317e-01 1.029398257090739649e-01 1.419493932300987249e-01 1.466290592189775643e-01 1.567016331639538018e-01 1.393782830528763894e-01 1.426745191671635604e-01 1.189808513349638053e-01 1.408100210373481875e-01 1.455554915059090459e-01 1.578267561218966442e-01 1.425112902417206839e-01 1.331530683281824667e-01 1.521813623620124345e-01 1.457437048394645829e-01 1.482273655057721740e-01 1.443626065247972934e-01 1.447959805159999835e-01 1.585876971099462185e-01 1.674235499153644280e-01 1.486252144548790288e-01 1.496960027745239674e-01 1.455257238566992628e-01 1.283647554394538315e-01 1.504037398381828927e-01 1.488458124815697781e-01 1.453944116075370219e-01 1.487662076225320928e-01 1.545525877954047611e-01 1.444148804695298549e-01 1.329445299004966274e-01 1.496840311742093643e-01 1.541228126385346120e-01 1.479013537511931486e-01 1.550820656532051756e-01 1.564234862606794507e-01 1.556015716601199528e-01 1.384313131837210664e-01 1.446996437723297724e-01 1.290192036873749060e-01 1.462945740138580641e-01 1.570400972780874316e-01 1.454485033631056079e-01 1.498781761901727128e-01 1.398121645264689128e-01 1.518515160273469222e-01 1.499426262172993685e-01 1.556657742827368685e-01 1.393617626525029407e-01 1.508938594526906263e-01 1.360488453042082990e-01 1.458994309769724995e-01 1.548599289835937975e-01 1.531945523949854726e-01 1.549891157828303945e-01 1.519852888836883409e-01 1.552131302268099922e-01 1.534062801326008529e-01 1.501022076737033029e-01 1.507259061448000537e-01 1.550111206759652860e-01 1.487217021085030788e-01 1.551460351086974554e-01 1.503190165309465087e-01 1.526497340735827046e-01 1.489458738525777648e-01 1.578708873500763443e-01 1.481562302659750474e-01 1.454897979134958108e-01 1.531386526440607909e-01 1.515103810753133107e-01 1.536014293067316794e-01 1.511713404919185488e-01 1.531702902701465585e-01 1.524658323220483558e-01 1.540936171716877079e-01 1.506484408676640185e-01 1.527732505660529816e-01 1.547776280927874726e-01 1.520610569381766197e-01 1.542758306722077644e-01 1.503486123792913409e-01 1.526197049275138384e-01 1.514787756639908167e-01 1.413078871050229557e-01 1.407000268140293497e-01 1.431553008966940932e-01 1.502122277536694916e-01 1.447900142298277071e-01 1.440131503413419889e-01 1.515326439687808280e-01 1.510999864723505948e-01 1.462694736364185677e-01 1.421459913693378929e-01 1.501635719218781251e-01 1.547032300001986160e-01 1.507283636521920267e-01 1.551177898528241228e-01 1.547328581029588923e-01 1.526273243139532332e-01 1.508120597124325279e-01 1.472600324215137813e-01 1.544741493414643618e-01 1.501719924301687381e-01
8.435176972266554551e-02 9.989598163019028365e-02 1.000000000000000000e+00 3.395349407219115379e-01 1.970833252534058833e-01 2.228825281419417881e-01 3.525541070906191843e-01 3.128037949060499257e-01 3.674268697139811413e-01 3.353871242997868429e-01 3.766744262844852198e-01 3.846006311514829079e-01 3.530645910141509414e-01 2.720587047014291771e-01 3.691062788540578898e-01 3.737466960807718785e-01 3.696357133360997360e-01 3.787271408195077571e-01 4.027003661455677563e-01 3.302050757275883375e-01 3.877594936798672287e-01 4.068164773134605450e-01 3.734487942295693919e-01 3.606857074681875108e-01 3.768019489505173847e-01 4.019949863084772423e-01 3.842595546670115603e-01 4.002596167189151344e-01 3.818614429738692029e-01 3.938459968585593662e-01 3.973438691471656292e-01 4.040661328720194234e-01 4.100533285014672513e-01 4.072298306956089742e-01 4.087088903795515482e-01 3.970839025570257474e-01 4.021064061088269748e-01 4.015062359132762770e-01 4.005144220088912577e-01 3.975484965501207557e-01 3.886397955318652842e-01 3.893380312708058510e-01 3.917951348953806479e-01 3.940333117694455045e-01 3.889322422366278120e-01 3.899124222720319888e-01 3.864673330118021388e-01 3.876035865425541127e-01 3.865066520428373509e-01 3.945791867456449054e-01 4.002373277610690172e-01 3.830083913706876508e-01 3.882395263768658733e-01 3.760722900975631000e-01 3.691361821850475677e-01 3.918371857531310343e-01 3.697113100122493834e-01 3.760773093544098611e-01 3.843015444070408959e-01 3.791935173727166153e-01 3.797125249281844139e-01 3.709146508235027784e-01 3.761477754870538037e-01 3.785211149556783616e-01 3.911923122561622446e-01 3.799609421562585854e-01 3.862327503749324320e-01 3.924656408386870687e-01 3.956381845220346971e-01 3.976191988629074192e-01 3.943509473888830441e-01 3.971506941543670455e-01 3.947420472354105647e-01 3.967736420193591629e-01 3.940657376670183010e-01 3.944225528263597402e-01 4.004937964586975929e-01 3.905840645480663786e-01 3.954686501978060820e-01 3.868906179228100428e-01 3.966882498116944822e-01 3.971755766205076754e-01 3.988730955597475925e-01 3.994776121861854934e-01 4.020416072558715137e-01 4.040426440528575025e-01 3.980214598237699630e-01 3.964541239505168235e-01 3.961088546158671453e-01 3.917722369122509374e-01 4.002016878051127824e-01 3.944930576894069563e-01 3.958163459643147530e-01 3.930512513117368489e-01 3.864948027693210220e-01 3.847611079283748126e-01 3.904167623170463619e-01 3.866841986536959652e-01 3.883225480058534740e-01 3.967430128119176502e-01 3.922957402152608131e-01 3.845551940572577987e-01 3.887694446944257032e-01 3.901788141648912522e-01 3.932078245687711249e-01 3.776770450063695050e-01 3.882152144760203094e-01 3.859569077910480206e-01 3.844010932134681591e-01 3.859840001649366137e-01 3.877627372040448606e-01 3.843535057466247462e-01 3.811598737609964149e-01 3.896105152027055096e-01 3.925754833799144916e-01 3.835963083223437042e-01
6.774261025541318537e-02 1.016385328064883936e-01 3.395349407219115379e-01 1.000000000000000000e+00 3.337394562548567367e-01 3.310234972509698004e-01 5.420881463299466185e-01 5.175506199725875556e-01 5.608088399412107794e-01 5.362998137339831661e-01 5.792023471637793852e-01 6.243246361467420513e-01 5.425464106052476643e-01 4.362585621960208826e-01 6.101905568890481080e-01 6.177286529634232748e-01 5.805727049340142498e-01 5.908193724169109595e-01 5.985868742837640033e-01 4.878339003650277172e-01 6.022464708001388223e-01 6.289391948012382771e-01 5.783524401332555964e-01 5.581257136313353406e-01 5.799560841282254131e-01 6.177152839056105904e-01 6.040648713329812569e-01 6.191180664638199493e-01 5.887914757840601032e-01 6.166093865998808488e-01 6.263127527406131545e-01 6.175305050243299343e-01 5.944551408795627490e-01 6.133703677572684976e-01 6.157824623542096365e-01 6.083804820273932545e-01 6.174739562753618349e-01 6.178478267659689438e-01 6.294325658149669822e-01 6.082523361018870034e-01 6.182242095948162763e-01 6.273455978784517884e-01 6.276675861344314100e-01 6.281281373046780914e-01 6.225710082466878736e-01 6.195457354485893742e-01 6.126333445884862838e-01 6.166612209635374819e-01 6.217933457520867790e-01 6.133407225991852618e-01 6.299368736882233755e-01 6.003328381754070575e-01 6.121614153949225257e-01 6.184792649134660536e-01 6.012898440206503325e-01 6.183209812936523164e-01 6.158429560889487897e-01 6.174408301006903965e-01 6.168092447804616185e-01 6.242796551148520612e-01 6.230268134365495314e-01 6.168403340317648587e-01 6.155875380819918474e-01 6.250208841864358655e-01 6.262687193961539167e-01 6.207125771832623373e-01 6.222785571197406718e-01 6.269997731877479108e-01 6.203543938974749317e-01 6.165274643083158423e-01 6.286456782346925287e-01 6.324440169829403935e-01 6.204159893593006458e-01 6.217303527974339383e-01 6.262379127968196180e-01 6.309461885915200741e-01 6.285415616298609676e-01 6.247502423948804173e-01 6.302744475633909049e-01 6.244616964077697174e-01 6.272836543220763339e-01 6.249716201118323822e-01 6.268695288758402429e-01 6.293366699051651247e-01 6.252406404251070748e-01 6.284602202946337757e-01 6.283685423386146107e-01 6.286190309941659393e-01 6.253969779964178022e-01 6.192673923570656269e-01 6.243260982362427436e-01 6.277545109364159881e-01 6.260319616760180450e-01 6.277597864411422757e-01 6.195343240160496867e-01 6.199114114665004172e-01 6.170062674390164315e-01 6.211239104227870289e-01 6.251198563379495310e-01 6.250368585836313384e-01 6.282965284434415265e-01 6.231364080150699758e-01 6.224202128824399827e-01 6.274714368579347168e-01 6.269760100617002285e-01 6.193109550806927821e-01 6.241386012585733445e-01 6.186239513227744791e-01 6.189597953368632943e-01 6.228103624490382018e-01 6.216826613413207747e-01 6.238659746820264251e-01 6.212331790118847952e-01 6.279859764908560793e-01 6.283304854754270252e-01 6.228960348159221505e-01
3.787741113768641754e-02 7.074031672321713649e-02 1.970833252534058833e-01 3.337394562548567367e-01 1.000000000000000000e+00 2.665733517380573514e-01 4.425613036960756030e-01 4.307464143294749137e-01 4.298829412128228333e-01 4.093218188436472671e-01 4.526658866830384764e-01 4.568013206116349201e-01 4.615477118695625047e-01 3.593492210458625324e-01 4.849468969482349512e-01 4.713328225960737305e-01 4.358279201579758344e-01 4.071520277561926915e-01 4.309530639613045611e-01 3.189844730828425012e-01 4.152393440725389850e-01 4.339289541964161390e-01 4.121126745397002411e-01 3.668515854081768612e-01 4.043278117991312426e-01 4.576773175767410717e-01 4.463059617627230247e-01 4.418327679435518629e-01 4.089255254925616700e-01 4.581507576963004258e-01 4.614002717775559925e-01 4.578542019954976450e-01 4.289141066374652644e-01 4.378412620652595288e-01 4.504324537557548025e-01 4.347116889798977590e-01 4.478769545850859735e-01 4.684011922043151421e-01 4.700629301700778861e-01 4.468792191480027709e-01 4.677853839734689156e-01 4.653587930093901481e-01 4.586470518674777841e-01 4.761142981101645910e-01 4.596239186239216568e-01 4.670812018235654950e-01 4.743943158842532926e-01 4.755569059822706834e-01 4.706637295795857434e-01 4.605226393740500801e-01 4.721056930391032136e-01 4.536477414240346340e-01 4.631567135022209847e-01 4.769937818790581652e-01 4.618888178393894539e-01 4.630574719464111144e-01 4.681339527603891049e-01 4.771786020983631582e-01 4.663254743133081193e-01 4.862498205173865773e-01 4.725549036936042002e-01 4.777380446061567087e-01 4.665227064991690487e-01 4.800905914202947544e-01 4.752737596649593832e-01 4.800067430294776005e-01 4.729265812695062077e-01 4.663567176933191005e-01 4.686896482857132451e-01 4.608356736692206801e-01 4.697384589211334727e-01 4.707938349439414472e-01 4.506183734883209002e-01 4.563020411025520140e-01 4.748322692415486435e-01 4.752224978851479209e-01 4.665597227656220203e-01 4.620334483486568389e-01 4.729632734820880535e-01 4.756884434388889971e-01 4.753745825744953857e-01 4.746806250393693083e-01 4.703721590752334980e-01 4.731445977010925175e-01 4.618619072961285821e-01 4.649374110874566202e-01 4.710991156108182976e-01 4.730312959880474399e-01 4.745782632243042420e-01 4.694881316483783262e-01 4.658457479155162506e-01 4.746547851424253173e-01 4.732028938738513935e-01 4.750152894125213021e-01 4.757463847080366515e-01 4.782710311691283356e-01 4.567395145425736658e-01 4.704770082945278764e-01 4.693430338020712633e-01 4.699524289434687807e-01 4.706462090246784635e-01 4.761171679939547596e-01 4.741295080254842587e-01 4.766494292500554897e-01 4.735736911800353943e-01 4.739832405190434472e-01 4.749318700110216618e-01 4.764201498864128470e-01 4.716105999543453442e-01 4.811980749702650106e-01 4.732646179029806888e-01 4.834118526819208284e-01 4.778719117281957640e-01 4.791221999906139506e-01 4.776847483479939593e-01 4.802433142405935773e-01
-3.589411292550874488e-02 9.347027797624574141e-02 2.228825281419417881e-01 3.310234972509698004e-01 2.665733517380573514e-01 1.000000000000000000e+00 4.982489328994376132e-01 4.364269454722625174e-01 4.811457903211053821e-01 4.563536112881625417e-01 5.125896559309793821e-01 5.228101921451711043e-01 4.839056408152415667e-01 4.059108559076277101e-01 5.341056262820077505e-01 5.133661202545954927e-01 4.938727864269936152e-01 4.851100635459244526e-01 5.218405047421738052e-01 3.908702261911120024e-01 4.947123514846562542e-01 5.175267780562750053e-01 5.101819353803829227e-01 4.604931012707577653e-01 5.023704478286145081e-01 5.451751853641363388e-01 5.248518335738342477e-01 5.526926634961920604e-01 5.237032861928780925e-01 5.372037455363891656e-01 5.509584561386094981e-01 5.301692879865985697e-01 5.273235763406101118e-01 5.260053052388758976e-01 5.387841272685902627e-01 5.147703830045052831e-01 5.415190205704698556e-01 5.424686989627001132e-01 5.497908726814060287e-01 5.402291785818046366e-01 5.575458603346813424e-01 5.565679866198833814e-01 5.462939477676002076e-01 5.499659748065051090e-01 5.514502718990237362e-01 5.494673222684236524e-01 5.537850513518370876e-01 5.520526274347461460e-01 5.440243607016357341e-01 5.269722292444882772e-01 5.430932379009718591e-01 5.282483331751420819e-01 5.378500312317373577e-01 5.395432250941156749e-01 5.270464722509459188e-01 5.489127346813313935e-01 5.154608461924996554e-01 5.370055780124918243e-01 5.383905927429172289e-01 5.410102867527483150e-01 5.372530195012251708e-01 5.337887167473186478e-01 5.301219663504652679e-01 5.376637554108248951e-01 5.412149941206702009e-01 5.374803692207540395e-01 5.552629154021594404e-01 5.542566453309430985e-01 5.515756574191829076e-01 5.469338803943637473e-01 5.588388354934920033e-01 5.545542486924543990e-01 5.397646558151528717e-01 5.507896953510467153e-01 5.560111321767355896e-01 5.559680231807018203e-01 5.609168097895478322e-01 5.549747945661666071e-01 5.576516498382154685e-01 5.518464510154524882e-01 5.569215343558631126e-01 5.545620935753238223e-01 5.564667718532176899e-01 5.563397820629915058e-01 5.521857501994364981e-01 5.506730519519563716e-01 5.537850298532965843e-01 5.571911441842722912e-01 5.609133998074379290e-01 5.560442439761803524e-01 5.597997589062231327e-01 5.595227968707586763e-01 5.588308546493265805e-01 5.594023092741140513e-01 5.537780888968140136e-01 5.564961357944048226e-01 5.490196089364248744e-01 5.398760901595309747e-01 5.500664510938586549e-01 5.552371943915344055e-01 5.576825409463077587e-01 5.489998872659714868e-01 5.555905108717908991e-01 5.559281873837260690e-01 5.505042444213803510e-01 5.388224194902586639e-01 5.508674276359957211e-01 5.553298901111479724e-01 5.531900121259045733e-01 5.519403687665479508e-01 5.520932929303378200e-01 5.490358321312982515e-01 5.492110107240679717e-01 5.514395777318872316e-01 5.507075195128708911e-01 5.489867504336719550e-01
3.055447477147017060e-02 1.334411612367461530e-01 3.525541070906191843e-01 5.420881463299466185e-01 4.425613036960756030e-01 4.982489328994376132e-01 1.000000000000000000e+00 6.919255272405311352e-01 7.424819947466183567e-01 7.031065214946122799e-01 7.617760728060560815e-01 7.975196186909658813e-01 7.423357240141917890e-01 6.177662583343845881e-01 8.415687133333203951e-01 7.936925139832374798e-01 7.403784310536479785e-01 7.530976359249498264e-01 7.728647892850405432e-01 5.983785909327093977e-01 7.573820888979885257e-01 7.712135966488218308e-01 7.675418323916137764e-01 7.164868433737314746e-01 7.387294618002928637e-01 8.019686199840910801e-01 7.840258740068625221e-01 8.149089828255425827e-01 7.830924967943954096e-01 8.201554891746466458e-01 8.284992070873831160e-01 8.162423806997723963e-01 7.896891973476536375e-01 8.021565600439146682e-01 8.170549391497983205e-01 7.842045249611718782e-01 8.198171754729383087e-01 8.297570301251071534e-01 8.365571298384255616e-01 8.088105759702186592e-01 8.249344552199006086e-01 8.270152086760411692e-01 8.170221216058498603e-01 8.340284458913476140e-01 8.193232911133907503e-01 8.332388335591275341e-01 8.289362301487427365e-01 8.327121295945860702e-01 8.253952297570884555e-01 8.117194901715222288e-01 8.298190330729826591e-01 7.894826348198609178e-01 8.071432683408016340e-01 8.224075774468599942e-01 8.105631022905026573e-01 8.259066262066365738e-01 8.068380202167213522e-01 8.233867568490083055e-01 8.271303033582715347e-01 8.253879433748553263e-01 8.207655204043012853e-01 8.209023585658842270e-01 8.197141894329290635e-01 8.194805899006437633e-01 8.208322069836916368e-01 8.227433980005057768e-01 8.325214736214752165e-01 8.305602154478755050e-01 8.344638967748443381e-01 8.185213745773496363e-01 8.299768478769313784e-01 8.299115130174169463e-01 8.176484672601291859e-01 8.162351595247158142e-01 8.332231724745559065e-01 8.315689054531246738e-01 8.355739857090959122e-01 8.319205844116608350e-01 8.346345348391924768e-01 8.333260026962432399e-01 8.341452583743859117e-01 8.367839983322105102e-01 8.312840044373088766e-01 8.377442231913987403e-01 8.301556714215515553e-01 8.325110202681424987e-01 8.353465114925977542e-01 8.395923656550501324e-01 8.370276533357567939e-01 8.286133203241980993e-01 8.335424513466397345e-01 8.371668308148303428e-01 8.347736295136035656e-01 8.382767044684645841e-01 8.333753948647479870e-01 8.335599785938199169e-01 8.207124935519188869e-01 8.193395629189342833e-01 8.279663509675331268e-01 8.342064814546151785e-01 8.327216785963419410e-01 8.287769467407785084e-01 8.267124342449535535e-01 8.339437438717863804e-01 8.279590596195248731e-01 8.192920527352937077e-01 8.306410470270515489e-01 8.337415584556323589e-01 8.319738656653782316e-01 8.318740293749116166e-01 8.325962445608400264e-01 8.304358063146698443e-01 8.309313502194437540e-01 8.315303728347845924e-01 8.294128529674010819e-01 8.269285112786115555e-01
2.004700915488717011e-02 1.207543313312664374e-01 3.128037949060499257e-01 5.175506199725875556e-01 4.307464143294749137e-01 4.364269454722625174e-01 6.919255272405311352e-01 1.000000000000000000e+00 6.969365316954211353e-01 6.460298223144573804e-01 6.909061332559588431e-01 7.493829475742570523e-01 6.846436085918482517e-01 5.863068456354226798e-01 7.664194325065505353e-01 7.733874512187989270e-01 6.807386333312509530e-01 6.652562065946631131e-01 6.886991368859729512e-01 5.560785668823380323e-01 6.870821472723895873e-01 6.979764740564242675e-01 6.759898720169601471e-01 6.191500622801692222e-01 6.521402154401931828e-01 7.418298665480630438e-01 7.077690945189611949e-01 7.242340941277759514e-01 6.923381224745884799e-01 7.506261266955313038e-01 7.577941282574663928e-01 7.449261096753351241e-01 7.074817081759269266e-01 7.200469764081577351e-01 7.309077575325658715e-01 7.009175140134245030e-01 7.280529636498910273e-01 7.648759454040643391e-01 7.627585850762713671e-01 7.321525077277266647e-01 7.533136025058128071e-01 7.604419282454467632e-01 7.461197740343368245e-01 7.721231654295375169e-01 7.492322779504458907e-01 7.617845384313248758e-01 7.667459885463812075e-01 7.721263661179821325e-01 7.733046819826733254e-01 7.686900416431827754e-01 7.787332399842825659e-01 7.264324177654188919e-01 7.501506508979116639e-01 7.727658631868896677e-01 7.611062095684627549e-01 7.623114631205825109e-01 7.730358537176197364e-01 7.719122061149080727e-01 7.771460940109095050e-01 7.703094190106772876e-01 7.760415528223805204e-01 7.772835909071298399e-01 7.780165951809678848e-01 7.760520880540340283e-01 7.632298190250109693e-01 7.740552975378081069e-01 7.681860694905335851e-01 7.604897796271345989e-01 7.643732136303496016e-01 7.543643647086238913e-01 7.592365151215538788e-01 7.594497363313691407e-01 7.385892146481723985e-01 7.342339195097339344e-01 7.684747878942236321e-01 7.666627711956671698e-01 7.566050128207043590e-01 7.566674273526184935e-01 7.614244500595649390e-01 7.699565627717582794e-01 7.642026819564106122e-01 7.704360083702698203e-01 7.603358417144878700e-01 7.641294844250416940e-01 7.602160584890295114e-01 7.598870153471232181e-01 7.613352064428750010e-01 7.727458267445643791e-01 7.631573195862229042e-01 7.627305747500391364e-01 7.549611648605016878e-01 7.705706478364504619e-01 7.654105348094046857e-01 7.704260910063993606e-01 7.723506261116247495e-01 7.719337328298313539e-01 7.652424626780242045e-01 7.767744147267142685e-01 7.761963767639729062e-01 7.712703148972259726e-01 7.680854183805435609e-01 7.788756437680252054e-01 7.659800092840888253e-01 7.759732840801903953e-01 7.676462152208549661e-01 7.737897104104435320e-01 7.761603343550418366e-01 7.722199637787839910e-01 7.735576154802070725e-01 7.798685850170756773e-01 7.761011358195986087e-01 7.736735624495104657e-01 7.784060101169234525e-01 7.774595813944307210e-01 7.676169426309870092e-01 7.735437544736417648e-01
1.304848162665314115e-01 1.589144892341369519e-01 3.674268697139811413e-01 5.608088399412107794e-01 4.298829412128228333e-01 4.811457903211053821e-01 7.424819947466183567e-01 6.969365316954211353e-01 1.000000000000000000e+00 7.322612575104130439e-01 7.952194417134115234e-01 8.367731623418193099e-01 7.534834588850668480e-01 6.312755246686178046e-01 8.410675066760824325e-01 8.301964603779414809e-01 8.013586572036145439e-01 7.781927657639884366e-01 7.879879895147460234e-01 6.392989402801495524e-01 7.930968318327098476e-01 8.117699040346219030e-01 7.714690739255773977e-01 7.187122901602549518e-01 7.597223552755287823e-01 8.467608613369571602e-01 8.176272586161498213e-01 8.220547800614902423e-01 7.844427138634905150e-01 8.546270803378762659e-01 8.588143173990806511e-01 8.384412609065320376e-01 7.812427499620837601e-01 8.138878774730736732e-01 8.153116563048755649e-01 7.913931996926050205e-01 8.295238477434547786e-01 8.404423592392757936e-01 8.487645383737435489e-01 8.081451109469828253e-01 8.516416143564877750e-01 8.457624848874172319e-01 8.231589943760506678e-01 8.588197150369604183e-01 8.461373167938238682e-01 8.456895621385580597e-01 8.701245962385208976e-01 8.743050334597554096e-01 8.703922726477958394e-01 8.494984922781305681e-01 8.599586429308907487e-01 8.353081256476406757e-01 8.564179888912668570e-01 8.739007258927156130e-01 8.492927019192962890e-01 8.534000617779452513e-01 8.671424470102163662e-01 8.672499750672064689e-01 8.634267736858708409e-01 8.791268454500666962e-01 8.674488866901136630e-01 8.658970386336725111e-01 8.625664678920129669e-01 8.722769479504890455e-01 8.791169507564895458e-01 8.765173665225224342e-01 8.719931211954453643e-01 8.635327244807274871e-01 8.602172327018093867e-01 8.559197496664462390e-01 8.634871649197360943e-01 8.626359507326475384e-01 8.411148221765255562e-01 8.418430554649125597e-01 8.715369860934313317e-01 8.666720351203470729e-01 8.570495289378090575e-01 8.573054460571049029e-01 8.626621738635352754e-01 8.707702032053703523e-01 8.667738997517684396e-01 8.701427857057617565e-01 8.670759276148084504e-01 8.608280131294641091e-01 8.520389354299956475e-01 8.573232241548820465e-01 8.577301939440469258e-01 8.659135645088078537e-01 8.624225385662003251e-01 8.621447710536255249e-01 8.525193404765967209e-01 8.665111970575051226e-01 8.654863697781833842e-01 8.644625179871613385e-01 8.726586067692623239e-01 8.716671706187277824e-01 8.539533859701207152e-01 8.770066563187083331e-01 8.678293509542206463e-01 8.655633340360117112e-01 8.582839216518562964e-01 8.719050914825984266e-01 8.686965365794783178e-01 8.711094356891226909e-01 8.700352553290234825e-01 8.689668861205355199e-01 8.753907274852227305e-01 8.711257724127081659e-01 8.669888301022239396e-01 8.767053877759382052e-01 8.688475474250575425e-01 8.750959606112224121e-01 8.715877202005881674e-01 8.764988725844904405e-01 8.790364264864911625e-01 8.781034494800444845e-01
5.135105915937379639e-02 1.526878461714877844e-01 3.353871242997868429e-01 5.362998137339831661e-01 4.093218188436472671e-01 4.563536112881625417e-01 7.031065214946122799e-01 6.460298223144573804e-01 7.322612575104130439e-01 1.000000000000000000e+00 7.403338074926413270e-01 7.772534675424276340e-01 7.053513206563671867e-01 6.019089387184030082e-01 7.910200442500100459e-01 7.801975176191837669e-01 7.181425813320982954e-01 7.131466754677568964e-01 7.330103426811072076e-01 5.877396278729880574e-01 7.252061307815048652e-01 7.474509895101579815e-01 7.289653548962663487e-01 6.808462038370338698e-01 7.039040843258742575e-01 7.899523048505368017e-01 7.610106013690752791e-01 7.721005031470129509e-01 7.325292319424442367e-01 7.966118344101043025e-01 8.107798115960748175e-01 7.898228735115107035e-01 7.429751979006384843e-01 7.596771880122751286e-01 7.657263577565487367e-01 7.405463259733658932e-01 7.813834203320344507e-01 7.871027215174490888e-01 7.875118322589742537e-01 7.743193185618351126e-01 8.008301235428868514e-01 8.034976572873380185e-01 7.855462964056056929e-01 8.062877810622016694e-01 8.009081215078261984e-01 8.018057322583808100e-01 8.129496974722085767e-01 8.204792195460519633e-01 8.114029316662890734e-01 7.827061120586975562e-01 8.010349499510384108e-01 7.701253709218356391e-01 7.968923865911241577e-01 8.158304493233985433e-01 8.044203122383665194e-01 8.073144016446083260e-01 8.018209572699243060e-01 8.091840929801400462e-01 8.132022736854276346e-01 8.145323911542952100e-01 8.104345028431649833e-01 8.122586765886921079e-01 8.059464759862149386e-01 8.024523302971274807e-01 8.024485907314351518e-01 8.113923429211733485e-01 8.151977286748397500e-01 8.096510913400190024e-01 8.108956377856123554e-01 8.006509143532282158e-01 8.035353554328532599e-01 8.069747426968431059e-01 7.925348030339534056e-01 7.886141581769851028e-01 8.147210866001910468e-01 8.119852919563838034e-01 8.065742518176068909e-01 8.017067770783843361e-01 8.085312949519072312e-01 8.146978920238091559e-01 8.131003607734427208e-01 8.180936211363070143e-01 8.112728114490330711e-01 8.054817953834896294e-01 7.995680368998211440e-01 8.038014473355380440e-01 8.099943733958163694e-01 8.135622838477853946e-01 8.104942870266432786e-01 8.119282567359080716e-01 8.064551780756967769e-01 8.152276553970027040e-01 8.137800029034276683e-01 8.146806356470628341e-01 8.179031706345543107e-01 8.173739830072955792e-01 8.022144409593248149e-01 8.052985595193631330e-01 8.119675922315146011e-01 8.098046266428744477e-01 8.080133027600255868e-01 8.137316096662130516e-01 8.130933064914378505e-01 8.154430123662045338e-01 8.102973235533287300e-01 8.090878890082372488e-01 8.159153421764469005e-01 8.179696944988309459e-01 8.157849352577616342e-01 8.195925713053174855e-01 8.159109175304052330e-01 8.184222228614428385e-01 8.182483488428236029e-01 8.128280510271610471e-01 8.125834637878837086e-01 8.160147508716960596e-01
1.203767348596688352e-02 1.432281312686824182e-01 3.766744262844852198e-01 5.792023471637793852e-01 4.526658866830384764e-01 5.125896559309793821e-01 7.617760728060560815e-01 6.909061332559588431e-01 7.952194417134115234e-01 7.403338074926413270e-01 1.000000000000000000e+00 8.621558428557193343e-01 7.867333465934012171e-01 6.357393729507305746e-01 8.637700941366179830e-01 8.483390859583854748e-01 8.033551141811097196e-01 8.011508034696731562e-01 8.353039167849856117e-01 6.390681054966845798e-01 8.105083818285604425e-01 8.415881909273931205e-01 8.141672275943117043e-01 7.649067509754361449e-01 8.019911525183029966e-01 8.726872447519657960e-01 8.448075081637370642e-01 8.582405373750510158e-01 8.074045752831199296e-01 8.810590842158361191e-01 9.001822296427709480e-01 8.734786516138668411e-01 8.308141917440960977e-01 8.584663020469417427e-01 8.595357002568109195e-01 8.370509933067513675e-01 8.698627904734467231e-01 8.824492206851700660e-01 8.868786077493040487e-01 8.658735188930219984e-01 8.892239089838325228e-01 8.886035222382654419e-01 8.745640722951939505e-01 8.967151993293052126e-01 8.881651948354976067e-01 8.856466327734254795e-01 8.961072231813568267e-01 9.003859906642697197e-01 8.946344253796580936e-01 8.726496051360366213e-01 8.891034594470548225e-01 8.625110361175709617e-01 8.795796347303853624e-01 8.888809198251251820e-01 8.742542375620535600e-01 8.899877398061335487e-01 8.680594152809641972e-01 8.882920177098777570e-01 8.894846976835731889e-01 8.933614261927228517e-01 8.880176251917336616e-01 8.856259992129282832e-01 8.829934444631339918e-01 8.836111093147783757e-01 8.886883716139877265e-01 8.874875799559762690e-01 8.999512734725733099e-01 8.982866592472279477e-01 8.978964329796388366e-01 8.845885087133282809e-01 8.973838129355345972e-01 8.998903029640031859e-01 8.844963901868688749e-01 8.872466542299485281e-01 9.021328365839185182e-01 8.990870729151059226e-01 8.954580750653606813e-01 8.843891771006933133e-01 8.967079066934680043e-01 8.979332466885797670e-01 9.016329975315627854e-01 9.030446685485226110e-01 9.015959837114888575e-01 9.005480115616868453e-01 8.971538900336630817e-01 8.979626249615396683e-01 8.992852173897066814e-01 9.039873103902203999e-01 9.029316048495049651e-01 8.975852124474044125e-01 8.998426807178231401e-01 9.039215776851318163e-01 9.035982804979385552e-01 9.030018580402401351e-01 9.020192497501862139e-01 9.036482285422978711e-01 8.900129018313498452e-01 8.872512445368369027e-01 8.971530591437346658e-01 9.043946684118321366e-01 8.982296276190850914e-01 8.946227883682911219e-01 9.008073546357114880e-01 9.027256978560806999e-01 8.979436942447170944e-01 8.814824266184368984e-01 8.999961728970811148e-01 9.006721291409267582e-01 8.986584851530838858e-01 8.992731212435191024e-01 8.997701631293445468e-01 8.983575109311906504e-01 8.959380417175512035e-01 8.978788859602313543e-01 9.004440206020335458e-01 8.953141778295019559e-01
3.055813970114886272e-02 1.443140964701679074e-01 3.846006311514829079e-01 6.243246361467420513e-01 4.568013206116349201e-01 5.228101921451711043e-01 7.975196186909658813e-01 7.493829475742570523e-01 8.367731623418193099e-01 7.772534675424276340e-01 8.621558428557193343e-01 1.000000000000000000e+00 8.140867749802983555e-01 6.650011860565921973e-01 9.044321075784602648e-01 8.963455516274693169e-01 8.363868764508863851e-01 8.378960534217133604e-01 8.601433696998556089e-01 6.854096251811601093e-01 8.425500381410024886e-01 8.727891774686974413e-01 8.470515813023842266e-01 7.863438948536831674e-01 8.237210724275632057e-01 9.126852032359268341e-01 8.830990716690733100e-01 8.968053025579032500e-01 8.508909217756239762e-01 9.217890257481405891e-01 9.319843024218880112e-01 9.067403848030740621e-01 8.580666886997209142e-01 8.881278395762350897e-01 8.963887756326521794e-01 8.698370383092364211e-01 9.053025025739445120e-01 9.187997517336897735e-01 9.293427037962189718e-01 8.947026381401873563e-01 9.245048093600415351e-01 9.283817565874608047e-01 9.130397341686157242e-01 9.342817730470434068e-01 9.238257714267495979e-01 9.262405164635749699e-01 9.354627390495160455e-01 9.379318603592090575e-01 9.343062839861464575e-01 9.115374905445291498e-01 9.303643059070858534e-01 8.966020010021260589e-01 9.214695002267819790e-01 9.321650362620682584e-01 9.162683928970614122e-01 9.284315268063086934e-01 9.202207219744560351e-01 9.304589015072587399e-01 9.328392734221320204e-01 9.367961526328395516e-01 9.348926940282554776e-01 9.302961326806996611e-01 9.296171254465219747e-01 9.295265293919813265e-01 9.298958848419437428e-01 9.336907635441424880e-01 9.384231245737207905e-01 9.349747640174161933e-01 9.336969392368206222e-01 9.256109177473543781e-01 9.316771853328582598e-01 9.339990663612238730e-01 9.161735081916192458e-01 9.146441799290674357e-01 9.400338772356831019e-01 9.391718837593240332e-01 9.324108236050701048e-01 9.243733494447635701e-01 9.332590343615783102e-01 9.403437052445179356e-01 9.398171680272531248e-01 9.416199931807603951e-01 9.361684373833664141e-01 9.366662041084306001e-01 9.291823991169477770e-01 9.325339300885316929e-01 9.358805092119014679e-01 9.413899392973196223e-01 9.379941020391655560e-01 9.347729157723040361e-01 9.329719267516723979e-01 9.398745043133301946e-01 9.387672552613863797e-01 9.395627892070276266e-01 9.402291135666904776e-01 9.403107103257770660e-01 9.281500108291329543e-01 9.297364883508102418e-01 9.382693632059794231e-01 9.378947665044917725e-01 9.365717508984542361e-01 9.387476995412910030e-01 9.355516532605198110e-01 9.417872429212558183e-01 9.368581064888191756e-01 9.296563695601454125e-01 9.404363109481722605e-01 9.391467743582136984e-01 9.370311684846954758e-01 9.404380333550439452e-01 9.387978187920930084e-01 9.407602595227053666e-01 9.393858202423549519e-01 9.406701598414867194e-01 9.393177126024520041e-01 9.373629510322042391e-01
2.268917667662840448e-02 1.300725154209201317e-01 3.530645910141509414e-01 5.425464106052476643e-01 4.615477118695625047e-01 4.839056408152415667e-01 7.423357240141917890e-01 6.846436085918482517e-01 7.534834588850668480e-01 7.053513206563671867e-01 7.867333465934012171e-01 8.140867749802983555e-01 1.000000000000000000e+00 6.120723168018581406e-01 8.346219665761971385e-01 8.203158003393220543e-01 7.582588602957512913e-01 7.652092971125883381e-01 7.874756321853392249e-01 5.974479658207360044e-01 7.534932829152496403e-01 7.922568641490731478e-01 7.750272148033903186e-01 7.226377068613879517e-01 7.635734036800420066e-01 8.243969170697752480e-01 7.994354257243482254e-01 8.153176768436715127e-01 7.576404922582329338e-01 8.309974638780718292e-01 8.409665518779207982e-01 8.253762350422965133e-01 7.953485424667621206e-01 8.168786626815133234e-01 8.193220314437994478e-01 7.910342022136418461e-01 8.235491245918363790e-01 8.350516417384195034e-01 8.455660223107633877e-01 8.110770064588234129e-01 8.471771947390059898e-01 8.446726580694732256e-01 8.294701195850217035e-01 8.526928885024640525e-01 8.435473254824489286e-01 8.434062554132891742e-01 8.550850705436143784e-01 8.568549655847633728e-01 8.479551239904857818e-01 8.260898069850493020e-01 8.422096578262143751e-01 8.280620141790144828e-01 8.366174398506245335e-01 8.438050646108583575e-01 8.234528108596408380e-01 8.423460982115674733e-01 8.194985667687103570e-01 8.447244319112072741e-01 8.406405715812252932e-01 8.525484330894393947e-01 8.457505210236203608e-01 8.384538508090922937e-01 8.344347253794124342e-01 8.402563867496283256e-01 8.484057457096687571e-01 8.455307952175957764e-01 8.575009415536750668e-01 8.574610930100281525e-01 8.555201660252677032e-01 8.447002318925144193e-01 8.562727245017849320e-01 8.576689069556400202e-01 8.450495549603538326e-01 8.451470197125028339e-01 8.588114609535343336e-01 8.562353019090032102e-01 8.556966150175003838e-01 8.373466224413301795e-01 8.560284797254243960e-01 8.554037737145683273e-01 8.584291018271567042e-01 8.583454054573960157e-01 8.552360521660637982e-01 8.607451440678661747e-01 8.542014237370801899e-01 8.568527493911409776e-01 8.576174713088298152e-01 8.584979110999970686e-01 8.615606350410520697e-01 8.556400512178166107e-01 8.574888990578792836e-01 8.610134190925144981e-01 8.610258546216335018e-01 8.599410648473369001e-01 8.618930963610734741e-01 8.612938351910698342e-01 8.459234016707836146e-01 8.428077673438364448e-01 8.565772055561514664e-01 8.591592888854849841e-01 8.595969717280009803e-01 8.523499226447848187e-01 8.592113035725440495e-01 8.607391853944530435e-01 8.579957963654264441e-01 8.411101224970439771e-01 8.569901878346034563e-01 8.586235556811142589e-01 8.548839105410919181e-01 8.583400281758167827e-01 8.554567270136810286e-01 8.601458296978942153e-01 8.540904186596561809e-01 8.574230934714203167e-01 8.562775614031340465e-01 8.560589736748445144e-01
