1.000000000000000000e+00 1.021357954585978417e-01 1.091936162525794229e-01 5.511205516142429761e-02 5.302407298523193618e-02 1.022005484652939444e-02 2.655005310484485556e-02 -5.555498250634931289e-04 8.963155586342605452e-02 4.557567836800945071e-02 9.177164655025726175e-03 1.668985865599793839e-02 1.107741634263550469e-02 2.497783042587218422e-02 1.744588935127191348e-02 1.051252676284215697e-02 7.325333917022835983e-02 1.280980338379696798e-02 5.352154835260268528e-02 -3.003689294861433198e-02 2.002832148849869459e-02 5.009037374845257129e-02 4.573023975498927834e-02 4.138745569235776495e-02 6.644452803809945685e-02 6.676794461260614211e-02 9.293760633732761622e-02 7.376568446938314150e-02 1.168900590438435166e-01 1.078694866663116869e-01 7.200438424464122855e-02 6.061232172226911283e-03 3.384736073923932248e-02 8.271778829818806147e-03 5.164225931313734530e-02 3.142716727800038551e-02 4.771041286052173785e-02 1.148079592118798420e-03 1.811785301660583450e-02 -2.901982376579118582e-03 1.513617902486298628e-02 4.082796895630382006e-03 -5.804121207546314096e-03 1.357262863584427458e-02 2.740217411684495175e-02 1.254249915495713429e-02 1.507180573132952880e-03 1.050574813770844586e-02 1.582496755361679011e-02 6.836613656769378530e-03 -3.721158177046507247e-03 1.298233432233272984e-02 4.762362257435695176e-03 2.039404587136441072e-02 1.655788986285645567e-02 1.728425934248277451e-02 2.362796711534863661e-02 1.721829760349217206e-03 1.801169030782246360e-03 1.471537852828787470e-02 5.189392725158029247e-03 1.608930235740797104e-02 6.425934587748551551e-03 2.858504472120659834e-02 3.201898609776723803e-02 2.420308218469041997e-02 1.002993470025959413e-02 1.241020683381525817e-02 1.231408295843513731e-02 -4.868621271109934041e-03 1.534313881238879781e-02 1.956362778917268910e-02 4.685394209157367484e-03 2.567700126289121365e-02 2.656982590121019158e-02 3.473237070855968861e-02 3.357036569891928834e-02 5.715661005629218971e-02 3.969546333580338537e-02 4.852943759066270790e-02 3.460149261929502257e-02 3.365640680769602794e-02 2.369357641904086889e-02 2.614285650909059511e-02 1.567153326219259670e-03 7.114354640512380798e-03 1.734825452115841202e-02 4.554312380911622153e-03 1.388640092926676783e-02 2.095678887458394396e-02 6.268199349633420646e-03 8.752870134737220781e-03 1.058456037468043752e-02 1.007994584131853034e-02 5.233726509401400578e-03 6.784760813769613250e-03 -5.497617587382872158e-03 2.206818420738870107e-02 6.749527968191088023e-03 2.199638241715694623e-03 1.544270593423885916e-03 5.801376305620065295e-03 4.587522968505414016e-03 6.724284015339577342e-03 1.148439698801625650e-02 2.149862028592351357e-02 1.093274620023741012e-02 1.552012259659731920e-02 1.363186236309957625e-02 8.797997683268455812e-03 6.498232469764257495e-03 1.137797896887478982e-02 1.271535159151225211e-02 2.074519174345876987e-02 1.857225283738531477e-02 1.448711543104974110e-02
1.021357954585978417e-01 1.000000000000000000e+00 1.025126196491466940e-01 1.061072600990359271e-01 3.988198857771738104e-02 1.196934198496213686e-01 1.486962869805451559e-01 1.254913965170230961e-01 1.917701451453230066e-01 1.967136274555570385e-01 1.727741680413668046e-01 1.579746070357895549e-01 1.439997068549285220e-01 1.257241981740078174e-01 1.747698050704065975e-01 1.613339374635465728e-01 1.696507030023479135e-01 1.591461402603993602e-01 1.746008146887445545e-01 1.252956242774075357e-01 1.506026934694723041e-01 1.861629191032893871e-01 1.913894461964126270e-01 1.695014901340918811e-01 1.951006178924777623e-01 1.885052411631165381e-01 1.999123552271630244e-01 1.932461934356939359e-01 2.000914659811599272e-01 2.204089953546016223e-01 1.989056998529563636e-01 1.741126175626671047e-01 1.755517762228387402e-01 1.610018356350743085e-01 1.864166544391644420e-01 1.606125180962184040e-01 1.868422697719532288e-01 1.759475751669648536e-01 1.722144935540169119e-01 1.618445441358123404e-01 1.652862895775318863e-01 1.768288727391347792e-01 1.541082664926594348e-01 1.686651639048226403e-01 1.701636205582119643e-01 1.816106834054155017e-01 1.662777746518399324e-01 1.813918873819854449e-01 1.752176191516995607e-01 1.382853670618996722e-01 1.553150986663123234e-01 1.316143354958936862e-01 1.585366418579782499e-01 1.874263321907306823e-01 1.850229183895234220e-01 1.863258407270246275e-01 1.628269202001099980e-01 1.710424573598389730e-01 1.766045679924217460e-01 1.750964059063816192e-01 1.598836484723377138e-01 1.751302286711694800e-01 1.552487756174630029e-01 1.683974888883935095e-01 1.668751583320519372e-01 1.742798140362805670e-01 1.759056179225480521e-01 1.736884498093891060e-01 1.742147276338391337e-01 1.655304348251984137e-01 1.756022919448592401e-01 1.781294807893493426e-01 1.713198748105746738e-01 1.847872939027772610e-01 1.788966365495111288e-01 1.841587298709170262e-01 1.810693927063857511e-01 1.877657558470887667e-01 1.885050848524314482e-01 1.899848222163538214e-01 1.860071348985754547e-01 1.856225545036194746e-01 1.699169554022383899e-01 1.798873011732778360e-01 1.554871566730708088e-01 1.678668633947964506e-01 1.729577582022449600e-01 1.660368906460826799e-01 1.697566925820852002e-01 1.794227277933110043e-01 1.659995443495362044e-01 1.715824389915346637e-01 1.716703241087511878e-01 1.704502439325682461e-01 1.696971865560583104e-01 1.752663189380744557e-01 1.408787161053092485e-01 1.467993763440348653e-01 1.570642707391857462e-01 1.544012977395253505e-01 1.589696541408195940e-01 1.478901533517705813e-01 1.615750487667145796e-01 1.637611948874413970e-01 1.582603227413166835e-01 1.672727106035968858e-01 1.648759464757995619e-01 1.794465006203102286e-01 1.776373066590676286e-01 1.701640837995557765e-01 1.709716551352595537e-01 1.747196178393236599e-01 1.721914503346786418e-01 1.667351198948758273e-01 1.677661560154957432e-01 1.687174923452564590e-01
1.091936162525794229e-01 1.025126196491466940e-01 1.000000000000000000e+00 3.395562972353390330e-01 2.192297265982754984e-01 2.800423925234726830e-01 3.648228304195316740e-01 3.730940495544510793e-01 3.732702125079467304e-01 3.393420899116156852e-01 3.898913723675130893e-01 4.067869750363319881e-01 3.710305586017242363e-01 2.777187420882682445e-01 3.970051449452120518e-01 3.910971235997683926e-01 3.914382182739604144e-01 3.968156392444901481e-01 4.238368613257951778e-01 3.602255878262509148e-01 3.997015248920087749e-01 4.261023257014199261e-01 4.336156231956780349e-01 4.191563932282537097e-01 4.253094007102594110e-01 4.155519426272181183e-01 4.257303890667449853e-01 4.257397316809029553e-01 4.216311516701031770e-01 4.235020461076003939e-01 4.375883310409889870e-01 4.304169472081381675e-01 4.280444718922098435e-01 4.307313269627440211e-01 4.287436908561319537e-01 4.308203926882175905e-01 4.401670662698647929e-01 4.287044269577354738e-01 4.307773196011002170e-01 4.253101349609711979e-01 4.140730323899546872e-01 4.236559202683127245e-01 4.289972731552180174e-01 4.285789825400880826e-01 4.369596388267358855e-01 4.218268411432473108e-01 4.124444019416517726e-01 4.147008830922359612e-01 4.033441203189552238e-01 4.080392221071686976e-01 4.079743456204962815e-01 4.095184161812085444e-01 4.043068942055158543e-01 4.049512748030703602e-01 4.053640024408621811e-01 4.237965419023833613e-01 4.058661551454649241e-01 4.168256400720637966e-01 4.045553401888307143e-01 4.110587954238800190e-01 4.151601671926637982e-01 4.063178258792219388e-01 3.987339112866306601e-01 4.077115913097845157e-01 4.059309319945842986e-01 4.077472045970708669e-01 4.155288499771997435e-01 4.248473923500279970e-01 4.250053201180928886e-01 4.094728653765440374e-01 4.229179180342026445e-01 4.266522099744294305e-01 4.340985527595532800e-01 4.348827680212856150e-01 4.219606741466050415e-01 4.236686487692675751e-01 4.243616340521081942e-01 4.254993706745335835e-01 4.320498949814191025e-01 4.291429630195714995e-01 4.333599221321085548e-01 4.244858400719411229e-01 4.371174311726582773e-01 4.306719975372187426e-01 4.273479082299654896e-01 4.310739996160017906e-01 4.337512735975983524e-01 4.292957899708643166e-01 4.296270395863066027e-01 4.223569608428471289e-01 4.266712184466757152e-01 4.208609518372463110e-01 4.267601216599571368e-01 4.245588599871973345e-01 4.090489044485999814e-01 4.120565565521139839e-01 4.138281899774078898e-01 4.100920016637373267e-01 4.126352781700401984e-01 4.204136136000501955e-01 4.251828532407075922e-01 4.133306830734805870e-01 4.077548044861008525e-01 4.152907918027524681e-01 4.195362883685797573e-01 4.166644341222029424e-01 4.160796795924135427e-01 4.123065421780434670e-01 4.131772721583598096e-01 4.118955950748960371e-01 4.184040455854178275e-01 4.100484717016110725e-01 4.163508602659142244e-01 4.146731565191170144e-01 4.120277379557980013e-01 4.089907983324984064e-01
5.511205516142429761e-02 1.061072600990359271e-01 3.395562972353390330e-01 1.000000000000000000e+00 3.534401116488633532e-01 3.934401667314234019e-01 5.690876378090510279e-01 5.751379653984246554e-01 5.501835320928362139e-01 5.021276727178713983e-01 5.778091721578715312e-01 6.434035872257541921e-01 5.625433654878807532e-01 4.359990887447167118e-01 6.170510080805942099e-01 6.296952402037374608e-01 5.990402069248786932e-01 5.816403869132523718e-01 5.896241493616075635e-01 5.719196159835896465e-01 6.431324046611793799e-01 6.350024620962934074e-01 6.057560205960003108e-01 5.403114957725604350e-01 5.489479551097731225e-01 6.343345844724703753e-01 6.139969466109104212e-01 5.749873947522561313e-01 5.643558539132502716e-01 5.767548337686938531e-01 6.072746856027926299e-01 6.418547946083796862e-01 5.911829422111798404e-01 6.261994223847414665e-01 5.838308276567348853e-01 6.456638331433852684e-01 6.013366945669452734e-01 6.362465277942339625e-01 6.368239592884221700e-01 6.128223204757031750e-01 6.149235506355797964e-01 6.274642861943134919e-01 6.425467366283356130e-01 6.496263991436463936e-01 6.434137941934654492e-01 6.053631087169437652e-01 6.244489237321518837e-01 6.244850167052439227e-01 6.307516127102058556e-01 6.412812738576368909e-01 6.387425424333659230e-01 6.392537568159203376e-01 6.279948648068783834e-01 6.272018982243630081e-01 6.288961452966231880e-01 6.367585917502314174e-01 6.420644296348571034e-01 6.369682309124706787e-01 6.227129326803553244e-01 6.317420880144207773e-01 6.385465860514036862e-01 6.274597821040681644e-01 6.328135270825382408e-01 6.424328382199854248e-01 6.170205085709724591e-01 6.372705804031307819e-01 6.301817423158735387e-01 6.269327040936492068e-01 6.427474578413053807e-01 6.429683929369705009e-01 6.288402129705653598e-01 6.250935780269137876e-01 6.308037612100112490e-01 6.147999105806174480e-01 6.371879947415335366e-01 6.286972761106138785e-01 6.168157838106054225e-01 6.189953052464710614e-01 6.210973579830991742e-01 6.240016010546831637e-01 6.257069292842000197e-01 6.322253484203866902e-01 6.545116343942427584e-01 6.248704914849557701e-01 6.472855968950174121e-01 6.434204795276513567e-01 6.392385530626306656e-01 6.468833799284543495e-01 6.411975126620665932e-01 6.402490107773595174e-01 6.357365022577795566e-01 6.290954166582247709e-01 6.373497217375064805e-01 6.369101630154375693e-01 6.236950629607800334e-01 6.297479293737072714e-01 6.524857148697393860e-01 6.534337009556131504e-01 6.351929893959477047e-01 6.452022189429227339e-01 6.475146846734953776e-01 6.503527699167749310e-01 6.289948554212387855e-01 6.426359603177502766e-01 6.491257113601233142e-01 6.516720138200620127e-01 6.438790501042280789e-01 6.267282420796969067e-01 6.328535945384641259e-01 6.318189630496822140e-01 6.378320356032097793e-01 6.294979599909307222e-01 6.418368457012817441e-01 6.449225550703585608e-01 6.294752975572287523e-01 6.337920564812575819e-01
5.302407298523193618e-02 3.988198857771738104e-02 2.192297265982754984e-01 3.534401116488633532e-01 1.000000000000000000e+00 2.954140548027436863e-01 4.666626200059589280e-01 4.485152316035737052e-01 4.424193986196870432e-01 4.248376260708903174e-01 4.503149824844633331e-01 4.791765387139740318e-01 4.623529321185433916e-01 3.668093230715283037e-01 5.004690407863918722e-01 4.980165052813758653e-01 4.509112445221942767e-01 4.294780311153129637e-01 4.532602599264831111e-01 3.887857933006410027e-01 4.663032090189996870e-01 4.801408247955610276e-01 4.233480845077752242e-01 3.917501096319626064e-01 4.415836206035470557e-01 4.728613123564973098e-01 4.812488432521780379e-01 4.747328988530120086e-01 4.546704189719896760e-01 4.739467245150661423e-01 4.954260230095250961e-01 4.519195240977258998e-01 4.146742758613496393e-01 4.274311333465298235e-01 4.453334039444119541e-01 4.486905451031590886e-01 4.566010740611912144e-01 4.515167933203211859e-01 4.643741140904973919e-01 4.543789567379973859e-01 4.879898179548461390e-01 4.791363490303039985e-01 4.843924947207085552e-01 5.021293133624562532e-01 4.920148491440615168e-01 5.013884023983899985e-01 4.939601945395638571e-01 4.956965245055865998e-01 4.813115332432111315e-01 4.399232062137782284e-01 4.454359436559069962e-01 4.742143742458112543e-01 4.914237965445777956e-01 5.046270410808987306e-01 4.929788136117226327e-01 4.932146225199615652e-01 4.795495732439691849e-01 4.995495125153138205e-01 4.805400645927846992e-01 5.087516086701708851e-01 4.975919560105707684e-01 4.994661807580269564e-01 4.720210442622191915e-01 4.932826228928915424e-01 4.880089306016837103e-01 5.022480561740294558e-01 4.953783465669764352e-01 4.939150704697755079e-01 4.922810761445581273e-01 4.894450073044204208e-01 5.002048200532334121e-01 4.999430028351388722e-01 4.725236334614421607e-01 4.913991590904706608e-01 4.986723516211558072e-01 5.002588309747435513e-01 4.995289731407308587e-01 4.971068509750761755e-01 5.041680348058827921e-01 5.028439974430830572e-01 4.952815902303251416e-01 4.998332295153204430e-01 4.880119453637519200e-01 4.896790495902855200e-01 4.727514231254559829e-01 4.821557606279319730e-01 4.870593024048665565e-01 4.897805470553536211e-01 4.916003156252844453e-01 4.963823725414048260e-01 4.864887496460327809e-01 4.987161600338423373e-01 4.994039493933406515e-01 5.018594409366295972e-01 4.948896047581213820e-01 4.999483170180522018e-01 4.873813485989776373e-01 4.916691963978823132e-01 4.973940963078951061e-01 4.829005793258344115e-01 5.045192577888721885e-01 4.891918666750336708e-01 5.025435008008460880e-01 5.042713920865207200e-01 4.966032386903277973e-01 5.038056557298719040e-01 4.933419775851707878e-01 5.033734059753106616e-01 5.023828967377024224e-01 4.968113849268140925e-01 4.986588761975093709e-01 5.067340204388603997e-01 5.068958552613187507e-01 5.051919015069642471e-01 4.968806398332477059e-01 5.031188346457136085e-01
1.022005484652939444e-02 1.196934198496213686e-01 2.800423925234726830e-01 3.934401667314234019e-01 2.954140548027436863e-01 1.000000000000000000e+00 5.161405362742127467e-01 4.643070978478293642e-01 5.192550081686568841e-01 4.785500294416170641e-01 5.382428900551998741e-01 5.552625020228184605e-01 5.326477677923696641e-01 3.856291062362263156e-01 5.623609013931180067e-01 5.631236375854484777e-01 5.274462926797887086e-01 4.962191436133347455e-01 5.271670162579937813e-01 4.599612926859584228e-01 5.212755515751119617e-01 5.483117128514198857e-01 5.198109876780561134e-01 4.681482798915540533e-01 5.197602394370157697e-01 5.609241757641517667e-01 5.540331516288963254e-01 5.464505696122757827e-01 5.149738638358354326e-01 5.454499656241396099e-01 5.751270810167624647e-01 5.510594512363077291e-01 5.264810506896479003e-01 5.251283108519968490e-01 5.419802630888608252e-01 5.393277441657964300e-01 5.556271541302419958e-01 5.586332567423144546e-01 5.622978254671960885e-01 5.614315355250489858e-01 5.835255339625345927e-01 5.738737522554734349e-01 5.508342554940036662e-01 5.812951788421304444e-01 5.688225328874416675e-01 5.800247736791377395e-01 5.823497750138291185e-01 5.796519452904973502e-01 5.673855372873362057e-01 5.384509833430111136e-01 5.450754937693843560e-01 5.539533543461725440e-01 5.677917687214429909e-01 5.765184132618372814e-01 5.694215568921159321e-01 5.816238266620150643e-01 5.567463415103492963e-01 5.847335471915011684e-01 5.636857583084190493e-01 5.849991546673095622e-01 5.759550821263391684e-01 5.719939768906890931e-01 5.600287189123148712e-01 5.680220631965166023e-01 5.692369862825670257e-01 5.753695639246779736e-01 5.785889379294987256e-01 5.818899017738757840e-01 5.810297038822728188e-01 5.730613307579754956e-01 5.849446513458682606e-01 5.853863544695682153e-01 5.655923033435417135e-01 5.798430290565507184e-01 5.857535347898772393e-01 5.832750607661859599e-01 5.839406693744189081e-01 5.721662478303415345e-01 5.801538328501438802e-01 5.830315591785590890e-01 5.835008894273121527e-01 5.852467120154334346e-01 5.773771251583418307e-01 5.822645561225231470e-01 5.722640635236915241e-01 5.745680396385075550e-01 5.800837105922357351e-01 5.807496079883688322e-01 5.838244664622856961e-01 5.847138091464185727e-01 5.797404631411656739e-01 5.841404967966068451e-01 5.811786832352481280e-01 5.859085480370871402e-01 5.848177266419382070e-01 5.855938322000270313e-01 5.739077583307756747e-01 5.722246679003886172e-01 5.824627844967725787e-01 5.763303533548878033e-01 5.833789173059896749e-01 5.757081637689116516e-01 5.832531607835063081e-01 5.846273572929164830e-01 5.794645144903805001e-01 5.799738155450420152e-01 5.818058691833566387e-01 5.840860582754219266e-01 5.867927749317465302e-01 5.838363601448296469e-01 5.830334743531151442e-01 5.861861447898352173e-01 5.822398086869130518e-01 5.831918215517936099e-01 5.803632931654818528e-01 5.806084676975449277e-01
2.655005310484485556e-02 1.486962869805451559e-01 3.648228304195316740e-01 5.690876378090510279e-01 4.666626200059589280e-01 5.161405362742127467e-01 1.000000000000000000e+00 7.258617682795446280e-01 7.167068874873381290e-01 6.876387929332540283e-01 7.391258248378647089e-01 7.861799409922617388e-01 7.256441156721338270e-01 5.629219668619384054e-01 8.292588863617368355e-01 8.061599995041988098e-01 7.353372245253441131e-01 7.117391144008825554e-01 7.412527467078368071e-01 6.684890061688145702e-01 7.436792539216233733e-01 7.637993790248689407e-01 7.603469548599249839e-01 6.622208499209764065e-01 7.150718451318794910e-01 8.031324184349458717e-01 7.756460572346463023e-01 7.719666425758243689e-01 7.186288422313651392e-01 7.555090617950823706e-01 7.891900563601574881e-01 7.921636713789528272e-01 7.560840953623260141e-01 7.620156001240924182e-01 7.657561024015622220e-01 7.633788230730595981e-01 7.882566984560510637e-01 8.041072333041852094e-01 8.060665306690135701e-01 7.852760244529439770e-01 8.057096772062185552e-01 8.138077365017658549e-01 7.951542715828626706e-01 8.179496491292137517e-01 8.054712355190581929e-01 8.115793492998374381e-01 8.055236983008282614e-01 8.100483914492362381e-01 7.907224230942546672e-01 7.532888155736588986e-01 7.770344754792249953e-01 7.474004689836669657e-01 7.858469982033592371e-01 8.014307103276542277e-01 7.946375171015634953e-01 8.123342129629886887e-01 7.685569117742540035e-01 8.067512868216989430e-01 7.849244727306683433e-01 8.063555447151896649e-01 8.001589825881716411e-01 7.948029733782934203e-01 7.733146829141614997e-01 7.850724648527863669e-01 7.787236455716066708e-01 7.931923020553445225e-01 8.084231849248164625e-01 8.062236219732984432e-01 8.195641343511822496e-01 8.072918254988087350e-01 8.041191982686334283e-01 8.037945350740444139e-01 7.948638046416736103e-01 7.973562004388722313e-01 8.166070099097053614e-01 8.067802647305901687e-01 8.088783439166392641e-01 7.952618515122558129e-01 8.067362429868550899e-01 8.060159866312140986e-01 8.098107389042477067e-01 8.072183655587519269e-01 8.111423130141044435e-01 8.123309341585458476e-01 8.050524238315445169e-01 8.081667278160199475e-01 8.138147949291986150e-01 8.181739445593054771e-01 8.183497452280804607e-01 8.146087309238321250e-01 8.159143404163194946e-01 8.137039480619718823e-01 8.130961361620878680e-01 8.196510906038904087e-01 8.057091788588115477e-01 8.111636855325258244e-01 7.944404550953414468e-01 7.871021536362126092e-01 8.045829300311226895e-01 8.071736108260356701e-01 8.172185955248779665e-01 7.988551603113656085e-01 8.014113980622906697e-01 8.130302943263103543e-01 8.041682335884842159e-01 7.975411487646322239e-01 8.053359061367019178e-01 8.112800759261713512e-01 8.140123278038490229e-01 8.080558121913071767e-01 8.068417610878623192e-01 8.062539189700409503e-01 8.067548846201365587e-01 8.049843173399285901e-01 7.978638355456361131e-01 8.006039581569619479e-01
-5.555498250634931289e-04 1.254913965170230961e-01 3.730940495544510793e-01 5.751379653984246554e-01 4.485152316035737052e-01 4.643070978478293642e-01 7.258617682795446280e-01 1.000000000000000000e+00 6.952792612368740022e-01 6.267177659913779619e-01 7.081412171768647346e-01 7.804333051967041746e-01 7.154209521621486267e-01 5.465921596292258045e-01 7.971577293266179920e-01 8.083497402192471037e-01 7.311611852164421332e-01 6.887176750212935517e-01 6.963618805582491023e-01 6.796015769148292529e-01 7.505397222354606157e-01 7.535733472276503475e-01 7.153360392431733494e-01 6.276704043709380176e-01 6.658775084062144023e-01 7.700567590191013112e-01 7.326810801763609104e-01 7.073371167267779036e-01 6.906110583092420763e-01 6.933116134750920700e-01 7.456895057277429517e-01 7.709152436049713231e-01 7.121484322087221486e-01 7.443091542477638933e-01 7.096238191125486816e-01 7.681176802004654469e-01 7.365293720831684876e-01 7.861013151035279867e-01 7.844021246120193025e-01 7.653603831381197153e-01 7.747353708648130333e-01 7.806240742874198668e-01 7.971117633018707238e-01 8.039811684599854624e-01 7.876935624253214030e-01 7.780415016484102386e-01 7.856782028815401109e-01 7.848675542077364620e-01 7.766308074638406111e-01 7.647043640691235655e-01 7.742549508916424239e-01 7.669532384233727074e-01 7.751368109883675084e-01 7.832018378930106772e-01 7.853052558053343901e-01 7.952284111391939581e-01 7.805161359434134027e-01 7.963999657155632628e-01 7.817502814927577148e-01 7.909755081093521323e-01 7.963243625448983565e-01 7.875010317641014668e-01 7.831142459010341783e-01 7.889416089820365796e-01 7.685270479674781718e-01 7.903781940527097039e-01 7.860275684039507160e-01 7.822324929721072850e-01 7.961582172689812831e-01 7.943640250844021811e-01 7.801152364945457274e-01 7.780213268192649467e-01 7.726198255791548730e-01 7.640856004875934415e-01 7.903276525553714071e-01 7.737403380743173020e-01 7.712600988727074114e-01 7.685354543151644569e-01 7.726550504605301795e-01 7.704773270751223979e-01 7.742372948216161843e-01 7.755342007115001435e-01 7.959703226667067533e-01 7.790686854655544114e-01 7.895895243979268452e-01 7.892118069435589689e-01 7.843593506950802263e-01 8.026767499369769077e-01 7.934407920434822792e-01 7.990254765917274016e-01 7.889927919914780929e-01 7.891596594380928531e-01 7.929666515960342998e-01 7.974596171736467731e-01 7.858610839811693838e-01 7.893816864535120326e-01 7.986085793176251890e-01 7.902531412908407882e-01 7.951761235793997074e-01 7.942311962879622378e-01 8.076207088456163197e-01 7.989136033153163563e-01 7.867751549209869300e-01 7.997686018510468120e-01 7.972560742483896234e-01 7.963291258359727065e-01 7.916816538288027338e-01 7.888762966036680924e-01 7.955617904715373001e-01 7.930326881837563846e-01 8.000583627397440667e-01 7.889885398247552528e-01 7.977533596036472385e-01 7.979720453898015986e-01 7.825420815035235567e-01 7.882876696976797160e-01
8.963155586342605452e-02 1.917701451453230066e-01 3.732702125079467304e-01 5.501835320928362139e-01 4.424193986196870432e-01 5.192550081686568841e-01 7.167068874873381290e-01 6.952792612368740022e-01 1.000000000000000000e+00 7.521143666482009715e-01 8.124181378097691253e-01 8.452648555266245589e-01 7.900085240520909879e-01 6.064565697507666719e-01 8.463348364742967478e-01 8.479108552377462305e-01 8.265918326099684910e-01 7.123327384526049189e-01 7.765500433667280600e-01 6.596127090416478156e-01 7.690701226959564263e-01 8.360788882879292006e-01 7.715991332932273794e-01 6.702442669843675649e-01 7.636736301880762134e-01 8.383101019097890516e-01 8.374292100350482215e-01 8.118868234419056584e-01 7.907260784948552113e-01 8.281455010482203782e-01 8.623373271419964015e-01 8.294486211204185055e-01 7.775829855611966490e-01 7.909562879651180767e-01 8.101341217639096426e-01 8.121149149896706998e-01 8.243891843857044099e-01 8.366565509698946634e-01 8.413508251467849419e-01 8.073653185208142791e-01 8.713539291995185954e-01 8.474983257990994501e-01 8.170826128532828747e-01 8.721732609572642181e-01 8.560197297879428291e-01 8.539752163205743818e-01 8.803537202574511777e-01 8.865454875994237538e-01 8.804337937793568214e-01 8.298281246048327953e-01 8.345684166339889520e-01 8.342602904829052868e-01 8.682375530724281143e-01 8.883333565204992732e-01 8.762570820619386414e-01 8.744937247144567438e-01 8.685283021689415017e-01 8.748600873581409143e-01 8.723524344712197953e-01 8.893479840550594373e-01 8.799192747649919877e-01 8.807092021263002168e-01 8.635936811273410285e-01 8.802691771642873197e-01 8.848419765736443843e-01 8.883725311710698458e-01 8.829207247224185595e-01 8.731664336329386655e-01 8.730015234750791997e-01 8.599699566608686174e-01 8.780447333157805900e-01 8.828858032379526266e-01 8.371107430420916540e-01 8.585682145938537957e-01 8.817274056068351573e-01 8.838313064061984470e-01 8.768039789951694862e-01 8.724841611418697740e-01 8.734017842081448491e-01 8.855906882173887329e-01 8.819846481259471238e-01 8.880685646572065162e-01 8.702166965584897662e-01 8.823421739076147130e-01 8.606903029369218361e-01 8.628460716023083066e-01 8.754523642273073225e-01 8.688672716043288613e-01 8.741573701013023445e-01 8.796929269372787408e-01 8.579564429259030067e-01 8.780309346968844242e-01 8.789292052733159721e-01 8.771656047089406716e-01 8.866712211599294680e-01 8.870334519733363843e-01 8.645753801466710131e-01 8.741594278236429760e-01 8.794874735320505899e-01 8.662156038469369657e-01 8.669166937115367899e-01 8.719857826085698482e-01 8.812489679108169716e-01 8.818207942032737501e-01 8.811042734790534015e-01 8.842614186289380340e-01 8.835757089126836661e-01 8.865594873385047592e-01 8.866470918578226446e-01 8.868579722414332567e-01 8.813426844226683876e-01 8.907512116421939519e-01 8.876772630608947834e-01 8.887603035419670006e-01 8.866515368821407117e-01 8.901931673558602931e-01
4.557567836800945071e-02 1.967136274555570385e-01 3.393420899116156852e-01 5.021276727178713983e-01 4.248376260708903174e-01 4.785500294416170641e-01 6.876387929332540283e-01 6.267177659913779619e-01 7.521143666482009715e-01 1.000000000000000000e+00 7.443828154457543533e-01 7.708971791197306578e-01 7.155856778428123510e-01 5.447825381315243298e-01 7.825800016853514673e-01 7.709225367842847954e-01 7.521758670871230290e-01 6.757934770311608830e-01 7.299295638913635420e-01 6.232726025407446802e-01 7.063884810294074335e-01 7.729142185161405054e-01 7.346984365442457143e-01 6.444257353705629132e-01 7.241470543330104093e-01 7.886660092617967521e-01 7.872281190222644165e-01 7.757388259655204621e-01 7.403963812899272412e-01 7.825747830605537247e-01 8.031497709995035761e-01 7.748869314722743873e-01 7.325725958080653299e-01 7.297105604408097301e-01 7.576205517849977644e-01 7.394997672771016495e-01 7.743498309719668571e-01 7.744593978587872574e-01 7.785849162025804127e-01 7.601052108862447199e-01 8.080218650065750241e-01 7.932192290984798611e-01 7.510488059743962719e-01 8.020665359011303064e-01 7.971820438684299459e-01 8.007047188048799224e-01 8.078870454025506298e-01 8.175844678719422776e-01 8.001232224005847549e-01 7.430325605123013766e-01 7.580105269018896363e-01 7.410413644965010427e-01 7.841287478046450321e-01 8.118335345373514089e-01 8.025802737963526612e-01 8.111009789840992745e-01 7.734146062011567624e-01 8.052751284707223567e-01 7.936999316643218449e-01 8.118758237250446319e-01 7.960772094874325466e-01 7.981606243331303974e-01 7.711169931040078307e-01 7.868345847594305775e-01 7.999858102122102688e-01 8.028660610230284878e-01 8.139553727305202102e-01 8.083029346333400200e-01 8.093234081950231307e-01 7.942868505694581360e-01 8.121869799148114799e-01 8.135222856876856978e-01 7.797950951612105941e-01 8.018642384433677384e-01 8.177362474779987789e-01 8.176107709769295795e-01 8.148433901097719145e-01 8.114547954922238793e-01 8.117906030308210674e-01 8.167597244662947453e-01 8.156304319577363238e-01 8.191072749486878468e-01 8.036913416638886698e-01 8.118199691255536532e-01 7.866321776150393408e-01 7.938641914377019271e-01 8.102019248029393994e-01 8.009073421663693848e-01 8.075345073884381275e-01 8.098738593452606827e-01 8.006895376439486789e-01 8.110572321143024732e-01 8.123961327498656626e-01 8.106442295215251503e-01 8.122257105188296356e-01 8.159579683312079279e-01 7.798017900189778695e-01 7.818539594342927002e-01 7.981757007547223282e-01 7.922013889332659708e-01 7.956398408171864167e-01 7.849832721554523829e-01 8.028184486231774164e-01 8.034321918647356897e-01 7.992681520667055395e-01 7.990250838584788129e-01 8.060720239904645146e-01 8.176207382550465530e-01 8.161221346336201554e-01 8.133333264874759161e-01 8.069464332585355448e-01 8.136862798933075513e-01 8.100297220289688349e-01 8.057657974801979428e-01 8.092849376235584646e-01 8.082374028067658145e-01
9.177164655025726175e-03 1.727741680413668046e-01 3.898913723675130893e-01 5.778091721578715312e-01 4.503149824844633331e-01 5.382428900551998741e-01 7.391258248378647089e-01 7.081412171768647346e-01 8.124181378097691253e-01 7.443828154457543533e-01 1.000000000000000000e+00 8.616138170979678046e-01 7.988028578747428110e-01 6.160644988851270432e-01 8.688043571689139100e-01 8.533639374342826267e-01 8.330539381094989038e-01 7.642719576256490344e-01 8.153443032662944789e-01 7.225533185095122102e-01 7.987796710507679698e-01 8.578684668824995141e-01 8.132949807229080674e-01 7.269638531798549019e-01 7.910175391183178473e-01 8.593716891873274255e-01 8.533484528485668630e-01 8.384692117863985494e-01 7.987841065679919250e-01 8.368181240435976775e-01 8.800975310985209576e-01 8.707052176871115101e-01 8.210159487668511336e-01 8.355161493267668771e-01 8.387928587773211264e-01 8.359077324780590512e-01 8.578212853020193984e-01 8.740788665866627838e-01 8.738235362114034066e-01 8.549388392262881053e-01 8.993629260174247353e-01 8.879930333240031448e-01 8.495461113736616499e-01 8.971671381631447506e-01 8.894400641702121524e-01 8.848574202649116538e-01 9.029765423779672062e-01 9.029644438936726969e-01 8.900969841436930929e-01 8.586355171539565845e-01 8.676740720186777445e-01 8.557906918938383845e-01 8.880682435644380313e-01 8.907305320958461836e-01 8.840806235408913416e-01 8.982463901594383016e-01 8.614170316555194162e-01 8.973895018053167361e-01 8.753603123484329229e-01 8.994089120075563493e-01 8.965103008247363725e-01 8.792329453453731070e-01 8.700443439700722426e-01 8.788938664038905557e-01 8.886412234771221552e-01 8.898806882846423960e-01 9.070125862106093173e-01 9.039421968837685339e-01 9.039867590806683895e-01 8.931419892532903582e-01 9.035138071645577584e-01 9.053867734837725001e-01 8.799480123714841229e-01 8.914025796252721401e-01 9.057512066553938812e-01 9.053045052822522587e-01 9.009271517026099518e-01 8.918003476638561855e-01 8.986795220982018995e-01 9.022896107481694905e-01 9.035366659617514173e-01 9.069701575634763202e-01 8.992791601125889045e-01 9.024381382401203133e-01 8.975532751274279963e-01 8.961454692169299463e-01 9.049301698160315821e-01 9.024271341811433977e-01 9.041812066463736919e-01 9.000865845101682083e-01 8.981149086676993853e-01 9.063601578899360689e-01 9.060072281942392891e-01 9.055314695391321056e-01 9.079054688542674834e-01 9.085452580863744299e-01 8.901703170305659274e-01 8.897174544410691999e-01 9.024161578464823252e-01 9.000626427750756386e-01 8.970091948551903727e-01 8.951324036155231534e-01 9.031492508124229213e-01 9.049802332331691179e-01 9.017889389446919202e-01 8.891947835513164256e-01 9.042182777179974540e-01 9.064051062876542497e-01 9.045838329627848839e-01 9.064212425497398806e-01 8.991103859256049935e-01 9.038278049758635690e-01 8.984084909092631133e-01 8.987913509053990779e-01 9.032525255523159435e-01 9.015781883926670126e-01
1.668985865599793839e-02 1.579746070357895549e-01 4.067869750363319881e-01 6.434035872257541921e-01 4.791765387139740318e-01 5.552625020228184605e-01 7.861799409922617388e-01 7.804333051967041746e-01 8.452648555266245589e-01 7.708971791197306578e-01 8.616138170979678046e-01 1.000000000000000000e+00 8.354898234171251881e-01 6.467242001556600117e-01 9.118382353892465764e-01 9.101860313378727918e-01 8.701986624925132086e-01 7.809955014655128869e-01 8.337954389479852457e-01 7.554663892674643444e-01 8.564802106731328468e-01 8.944842870112585942e-01 8.318061875897285740e-01 7.259960821302420264e-01 7.953022533523864679e-01 9.048872320926542034e-01 8.849283381141951343e-01 8.599679909661048782e-01 8.362194716862590971e-01 8.495659882679352792e-01 9.095346753783221105e-01 9.043701753860173831e-01 8.463375523328223737e-01 8.674703210227304728e-01 8.576781747672126421e-01 8.929712596484337128e-01 8.825324206301937702e-01 9.148071512607760525e-01 9.143607726551415960e-01 8.956679841636667749e-01 9.333636428260213558e-01 9.197347518721691317e-01 9.050324648586288712e-01 9.453387904872907477e-01 9.289565620414664826e-01 9.172206186393063732e-01 9.423718731821741912e-01 9.430840197901968480e-01 9.385257564309088529e-01 9.114599832297380910e-01 9.162396542061933546e-01 9.120224873480904382e-01 9.369014150982960532e-01 9.387338607970390214e-01 9.383018293183615910e-01 9.401970188406564288e-01 9.314736884493709512e-01 9.409681339969816483e-01 9.308055436786513148e-01 9.452935202359296074e-01 9.463969355580903464e-01 9.368839544700789945e-01 9.323223162388407648e-01 9.383386618770332976e-01 9.297522266747151320e-01 9.444336771872057223e-01 9.413767152379465264e-01 9.329102753148210692e-01 9.377154434668296679e-01 9.303860059225148582e-01 9.363141489049610078e-01 9.360338848990310545e-01 9.063981938262336557e-01 9.127033541439901754e-01 9.439840120925689915e-01 9.378073590687002747e-01 9.330836617067407301e-01 9.309514269368366346e-01 9.241008699033804730e-01 9.301940659332552652e-01 9.331358776406089017e-01 9.393237894897817908e-01 9.380568660055104147e-01 9.337740937604086522e-01 9.344257466312072546e-01 9.301550125493086574e-01 9.376003828070366142e-01 9.412998408105607284e-01 9.405082524690140389e-01 9.424918896052412176e-01 9.318683489631457428e-01 9.422646648411809878e-01 9.435729854414882656e-01 9.428375665254307147e-01 9.446524944666889745e-01 9.462178544137278546e-01 9.447281964445510827e-01 9.430005292636668424e-01 9.457660677100453439e-01 9.403061942140682472e-01 9.437943934175148097e-01 9.464509616635892186e-01 9.458771029318717716e-01 9.489984356519883812e-01 9.478346568338955613e-01 9.483663661885118890e-01 9.483822747779673268e-01 9.452963468954700410e-01 9.488058646254650119e-01 9.472390236358797511e-01 9.470924132594636946e-01 9.470815167825796799e-01 9.494855554963061994e-01 9.499856544291815919e-01 9.411469966040357793e-01 9.478050709853677036e-01
1.107741634263550469e-02 1.439997068549285220e-01 3.710305586017242363e-01 5.625433654878807532e-01 4.623529321185433916e-01 5.326477677923696641e-01 7.256441156721338270e-01 7.154209521621486267e-01 7.900085240520909879e-01 7.155856778428123510e-01 7.988028578747428110e-01 8.354898234171251881e-01 1.000000000000000000e+00 5.934319953170644757e-01 8.556506341908890478e-01 8.446484195082747393e-01 8.086266058825426484e-01 7.315953209882256614e-01 7.823139363737676710e-01 6.909915091318701297e-01 7.729566663995810494e-01 8.251475787232731562e-01 7.749597844222102516e-01 6.843074734539530413e-01 7.573506083033149094e-01 8.378324693609483509e-01 8.247668227320184009e-01 8.072019145602188361e-01 7.721706080194162825e-01 8.087792713970178848e-01 8.480654320326448392e-01 8.292927839088124475e-01 7.825310400898347618e-01 7.947094368616838267e-01 8.035996975914148077e-01 8.114446028294112212e-01 8.248547305851899880e-01 8.337606220670646939e-01 8.419172031970031389e-01 8.160979630402488416e-01 8.682331912012474229e-01 8.510085638217118609e-01 8.308571678326044374e-01 8.700430800571226087e-01 8.568219845896254405e-01 8.583986150131116544e-01 8.733779217063348810e-01 8.739031137953088280e-01 8.574622820176103222e-01 8.135277014193257328e-01 8.241376302135081655e-01 8.250957045553486413e-01 8.589795414993937062e-01 8.664096409358219564e-01 8.528094531067954565e-01 8.640066855813900437e-01 8.353744634221134113e-01 8.713423437421193851e-01 8.419777906798584510e-01 8.793180661427986156e-01 8.702615516922732608e-01 8.565120678462507797e-01 8.366219799588752171e-01 8.574697881860978699e-01 8.646169672563447373e-01 8.687693105510285729e-01 8.772564243480299728e-01 8.724273404574044433e-01 8.737816165611274055e-01 8.672547477252496861e-01 8.730011224966601757e-01 8.727452907750781197e-01 8.447758002228602514e-01 8.573881535713361313e-01 8.765347490133167385e-01 8.745675120713986006e-01 8.711944391677123312e-01 8.641753314408798792e-01 8.654710799515437092e-01 8.717820347677033288e-01 8.727782362058040810e-01 8.751923862510690988e-01 8.666681847959557539e-01 8.728662298160227984e-01 8.573467034111373897e-01 8.619371727638562852e-01 8.717496040079224517e-01 8.683291780660549186e-01 8.731809178153575601e-01 8.728696076781948809e-01 8.628788182913421645e-01 8.758720683564050757e-01 8.754380303662384621e-01 8.760794681759019875e-01 8.773449046151097219e-01 8.785461682687526475e-01 8.553242213112433046e-01 8.585314779406577612e-01 8.724953323567748997e-01 8.625242286836031225e-01 8.709336557454946393e-01 8.608409286345506395e-01 8.747013764078634956e-01 8.770197077069326053e-01 8.721310854587915884e-01 8.662339155238779620e-01 8.727597193647297358e-01 8.790552879307107492e-01 8.781152423222278181e-01 8.772333633021753840e-01 8.699290864930833145e-01 8.802589830117087955e-01 8.728724882255884943e-01 8.758063070073702772e-01 8.766899141391364392e-01 8.777900502974699259e-01
