1.000000000000000000e+00 1.581642652102065727e-01 1.233687911053726882e-01 4.966980936846614181e-02 3.589597360638142887e-02 3.902478672107861923e-02 -1.596879338903642309e-02 -6.978232196441092050e-02 1.079567283334496308e-01 3.707638362130354082e-02 6.602971054185968747e-02 1.588656399800668362e-02 -8.917670955645393485e-03 -8.361462546531594348e-03 -2.332122946526107507e-02 -5.206875617556889352e-02 8.739177773147796535e-02 1.818667391508710374e-01 1.221305959367183225e-01 -1.142340717622477436e-02 3.663856887674231400e-02 1.294284453428546644e-01 1.294634242976530625e-01 1.339819132708569283e-01 1.126516364052693592e-01 1.054387466645465010e-01 7.753334247922774591e-02 9.537114670009790018e-02 1.171569302146620861e-01 1.434881392949090839e-01 9.032788575854504287e-02 6.979625524412062798e-02 1.066671675088387977e-01 6.859143956883445581e-02 1.148549041075703353e-01 5.129474206549611282e-02 9.169956071061774461e-02 7.574908721998724250e-04 3.886231906767705774e-02 -2.063043675484580591e-02 1.980892400560586158e-02 -1.617284033344347852e-02 -2.361792827352479987e-02 7.140591971243353923e-03 4.137810191308304020e-02 2.017203474043097189e-02 9.436780110666368945e-03 2.003294255967274368e-02 -3.740238621623077561e-03 -3.740269770580656461e-02 -1.510750455662451114e-02 -7.584994259773027159e-03 1.400028480401248505e-02 3.421599210736098184e-02 1.104749289626810911e-02 2.786018747836211187e-02 9.939698087389021650e-03 2.918568567544725482e-03 -7.360121583124336862e-03 3.089913658202950858e-02 -1.567676664930816796e-02 2.081460818416107708e-02 -1.522941162444360098e-02 2.182320746562599681e-02 4.452276655691289609e-02 3.885626764173272241e-02 2.737624677202785822e-02 4.732869659506180882e-02 6.230305339322627506e-02 2.101089320112576805e-02 2.670361999792033106e-02 4.844199482588835287e-02 5.461737097620306125e-02 4.971638179641570815e-02 3.992313830332876179e-02 3.140101420799308596e-02 3.500087527415991773e-02 5.296054705561674403e-02 3.221605460087610673e-02 5.465387563866477144e-02 3.637051050009246916e-02 3.278572302471970817e-02 4.382131342283959730e-02 5.778859529872125422e-02 1.707456202198686518e-02 3.396417504079619204e-02 3.773403281065377396e-02 1.410734549507712630e-03 9.437863412527636511e-03 3.434203488569483043e-02 1.331998466587032068e-02 5.171825726134426579e-03 1.456422589211148894e-02 3.309060516919161074e-03 3.401908808561766515e-03 1.500482890115888146e-02 -2.497121940265445081e-02 5.406117947177647320e-05 -3.648813158112749339e-03 -7.096054831637954759e-03 -1.587945509028100208e-02 -2.793615813722703962e-03 1.323147023875310795e-02 -2.715328871337144723e-03 9.390926278905914817e-03 1.999676432909748558e-02 9.025184478386457515e-03 2.281350983474768335e-02 2.358476011624329946e-02 1.030950024836130123e-02 8.083685264734738214e-04 1.379327090823478930e-02 1.526903475379750262e-02 1.474994641845779088e-03 2.970373993463306175e-02 2.903032546210570358e-02
1.581642652102065727e-01 1.000000000000000000e+00 1.637761975318563767e-01 1.252247633415885242e-01 1.038444915885194941e-01 1.451319632103325874e-01 1.579647450994913771e-01 7.136396340464576382e-02 2.038487098393562957e-01 1.709476447340376459e-01 1.644740455728225526e-01 1.623584332546895437e-01 1.095814412726187903e-01 8.645130891889574176e-02 1.505027769843799157e-01 9.722605460826165558e-02 2.020384047276083950e-01 2.725963815465367035e-01 2.391294004343948176e-01 1.111083419372908138e-01 1.380542898999214951e-01 2.505892819804544369e-01 2.730903701826223329e-01 2.639261859153743117e-01 2.557150136448416711e-01 2.736213981320860800e-01 2.235233450526800947e-01 2.519223415975187508e-01 2.693629220876551100e-01 2.769289249361333582e-01 2.487533969766658748e-01 2.334821585182597081e-01 2.577140464270210041e-01 2.243835950892710263e-01 2.454720167032757583e-01 1.873712303015669101e-01 2.416266512149343182e-01 1.845810044568375330e-01 1.977486086699412615e-01 1.645695213104415300e-01 1.766010047064317523e-01 1.606151461918440271e-01 1.461838660677607649e-01 1.539514628744916847e-01 2.020425659215543401e-01 1.714248233719200265e-01 1.535410965767785019e-01 1.705148936115770675e-01 1.560146081685125918e-01 1.282985906213813254e-01 1.511175638456152270e-01 1.459105713379025560e-01 1.544758277344291109e-01 1.790023497757739779e-01 1.720113719334970259e-01 1.895209581431828161e-01 1.478060490192525112e-01 1.474709909580955713e-01 1.462661097804377752e-01 1.543835942866673139e-01 1.360882091229818069e-01 1.550171694083053442e-01 1.297526766015090482e-01 1.603131485818631852e-01 1.811274732436262691e-01 1.654553687745847768e-01 1.698828942137643738e-01 1.930334952449931640e-01 2.088678436749134837e-01 1.684590211922200043e-01 1.713211972229715108e-01 1.933831869528357117e-01 2.033185763195957674e-01 1.940028464822201315e-01 1.905404204951375580e-01 1.741854698641311927e-01 1.805673883581649930e-01 2.018157185708461809e-01 1.940093251286214848e-01 2.063136831549303996e-01 1.824253174518946918e-01 1.856937076850591894e-01 1.910843951627837489e-01 2.015191284548097927e-01 1.753964157845750993e-01 1.908946934495840964e-01 1.892828271161198783e-01 1.587528005916565843e-01 1.608731736356581177e-01 1.833990610987090986e-01 1.760698971166713978e-01 1.555172888290376199e-01 1.624308076841709247e-01 1.537375403773169891e-01 1.461015085900570498e-01 1.569860474956070451e-01 1.251531568125548999e-01 1.380263593755049201e-01 1.409299545745937021e-01 1.480033333991614963e-01 1.399812289276934629e-01 1.389747067350655119e-01 1.540838755720550235e-01 1.422114680701805078e-01 1.541861445608462278e-01 1.518031989015661554e-01 1.485952198626835918e-01 1.705146286296172209e-01 1.708106724722373571e-01 1.510264090059534603e-01 1.467695866057009690e-01 1.504257845443838226e-01 1.477749866555763403e-01 1.396083410538915826e-01 1.680731603500773830e-01 1.552891663699435543e-01
1.233687911053726882e-01 1.637761975318563767e-01 1.000000000000000000e+00 2.883826079034062517e-01 1.433754578088187737e-01 1.922962213093566963e-01 2.412885401494730409e-01 2.031955071364481002e-01 3.011122857411914766e-01 2.504749763309513932e-01 2.909169136010543721e-01 3.102589077862924483e-01 2.203180979600773415e-01 2.055641230917480966e-01 2.848577062522233971e-01 2.592305358762704293e-01 3.437511804002135185e-01 3.746601653459559200e-01 3.603294806883108881e-01 2.676759133452028538e-01 3.321512481313366183e-01 3.738983824515011989e-01 3.729133484224990136e-01 3.626826058920901152e-01 3.557432933265328168e-01 3.861139893992688310e-01 3.668306639077629216e-01 3.756864179669983095e-01 3.974737374236451126e-01 3.896919483109864135e-01 3.735427807128556821e-01 3.510292025161378948e-01 3.643600485063751560e-01 3.465319748132362210e-01 3.660458951759933410e-01 3.284341328649822978e-01 3.543179294767235810e-01 3.283068659209518181e-01 3.365274639035499837e-01 3.055133143871699986e-01 3.249489361796329412e-01 2.965051038254354898e-01 3.099456712698884786e-01 3.071959190075734814e-01 3.353625112454631796e-01 3.159457658149842918e-01 2.920425580968346035e-01 3.058732620801113411e-01 3.027258338985346908e-01 2.866682557690263256e-01 3.005380893589462143e-01 2.996743375122801756e-01 3.089675020681525996e-01 3.185754196866156795e-01 3.136323461690116998e-01 3.349822161590449987e-01 3.049720089449574068e-01 2.990795944431518527e-01 2.983887596900852146e-01 2.930972531121461278e-01 2.902957512176139732e-01 3.049024173971225937e-01 2.918894520315365448e-01 3.035830181279454143e-01 3.225996953805382872e-01 3.056744463899436770e-01 3.092472655743253029e-01 3.324400897685497736e-01 3.388508293171637598e-01 3.216561812990634817e-01 3.219474638386166099e-01 3.349754589148224437e-01 3.366087361183546789e-01 3.327564316425519753e-01 3.264079630384660868e-01 3.194211245088809381e-01 3.203868868672584691e-01 3.367243349179995793e-01 3.262277755134261881e-01 3.362104717091388695e-01 3.219445216711792623e-01 3.170525260085338970e-01 3.310285834198422594e-01 3.346840802350662392e-01 3.191065983420363072e-01 3.287320865580213303e-01 3.246541142231856858e-01 3.046712176830284058e-01 3.052446726207864169e-01 3.214647565575818877e-01 3.160186625114273506e-01 3.013071179338647765e-01 3.068645429220175913e-01 2.976828193541415923e-01 2.924686822584030566e-01 2.985186958867668827e-01 2.892105470209030971e-01 2.911843346358975460e-01 2.890105976694750667e-01 2.979916860985297733e-01 2.971409339119109316e-01 2.939140058247705634e-01 2.977960130151492968e-01 2.915698834076926316e-01 3.048807550177548564e-01 3.050718068105324754e-01 2.972244800369118201e-01 3.040340621046672132e-01 3.114417614638309573e-01 2.939623340281736774e-01 2.932664204927157847e-01 2.929753917142843278e-01 2.961626817839458359e-01 2.916523014471796849e-01 3.146715083599243568e-01 2.976142288982416284e-01
4.966980936846614181e-02 1.252247633415885242e-01 2.883826079034062517e-01 1.000000000000000000e+00 2.141125833543920387e-01 2.922236181358718321e-01 4.473879387509403505e-01 4.093067501259736729e-01 4.385209799083698012e-01 4.134415815868188737e-01 4.636745022185433940e-01 5.180082752555530412e-01 3.999474569852106698e-01 3.299186812764394738e-01 4.952133699817818924e-01 4.759673629791505989e-01 4.548994761462730740e-01 3.766954110988567361e-01 4.495362505586023016e-01 4.300901925265498416e-01 4.843165349979289824e-01 4.790122012515685701e-01 4.415305851336453480e-01 4.228657306576721342e-01 4.712699424524247616e-01 5.146652694739113354e-01 5.114738697810020662e-01 5.164213307135386843e-01 5.011008814545332424e-01 5.004653509922755150e-01 5.238718659432225477e-01 4.969939301282563227e-01 4.916994041611166266e-01 4.820761653999515728e-01 5.103817414573443845e-01 4.827074262474553290e-01 5.134459850162526040e-01 5.110892095576438088e-01 5.167555718249770003e-01 4.824175071531303094e-01 5.198824770345232826e-01 5.123654330719580319e-01 5.023463864119056543e-01 5.139321543437618267e-01 5.108370667321830982e-01 5.087123250554671516e-01 5.001913391273313803e-01 5.059464079311388751e-01 5.115142926817755065e-01 4.949443640670306288e-01 5.101394259066848180e-01 5.084700602325824548e-01 5.022224462848465798e-01 5.082038288178748475e-01 5.093616865078697264e-01 5.054928549756795286e-01 5.056580508010869446e-01 5.104991381076344759e-01 5.040160610140220765e-01 5.035351403325850628e-01 5.142984332574663808e-01 5.041930455881402651e-01 5.031437904797768645e-01 5.111530904966605782e-01 5.118001387938855284e-01 5.070860546293213256e-01 5.089917675289171717e-01 5.071102045585832441e-01 5.073209556002737930e-01 5.140797677839251678e-01 5.209290323438461323e-01 5.166715401446068112e-01 5.000938049366200344e-01 5.098205649201417167e-01 5.196843636119851118e-01 5.157728601407691738e-01 5.117048536850010709e-01 5.159576897065558665e-01 5.133967291760318519e-01 5.221704169802907636e-01 5.173001802742566158e-01 5.138537308783550639e-01 5.101715041199428313e-01 5.139337035140039145e-01 5.116840318584588987e-01 5.097869610099737825e-01 5.140394473288465438e-01 5.128719395138784387e-01 5.091227659648351889e-01 5.058424464469893911e-01 5.124134008288818709e-01 5.111363725635889033e-01 5.112455105763665797e-01 5.079340950598907334e-01 5.033531869184172391e-01 5.032175679411388103e-01 5.063812492622444816e-01 5.128389592722714108e-01 5.083667999429007933e-01 5.083995063122788149e-01 5.128050188378751040e-01 5.125045723717353008e-01 5.116879327757765106e-01 5.057684804423264735e-01 5.124171290349336383e-01 5.081725263452991914e-01 5.107392180522248859e-01 5.032075154448303334e-01 5.095708652681104622e-01 5.060206789994698973e-01 5.052965712380120822e-01 5.048759647554493801e-01 5.047516766833274326e-01 5.106298130835533744e-01 5.138142575160372649e-01 5.056846745065187720e-01
3.589597360638142887e-02 1.038444915885194941e-01 1.433754578088187737e-01 2.141125833543920387e-01 1.000000000000000000e+00 1.799169551636494446e-01 3.493783810451029925e-01 3.658443251908148341e-01 3.671771727917524375e-01 3.294719317722442642e-01 3.723172870378690935e-01 4.049509980816555221e-01 3.680356242771146147e-01 3.153368182577909740e-01 4.273503359032931326e-01 4.096826123690170407e-01 3.539308753896362458e-01 2.500391862355719752e-01 3.368819604244052135e-01 3.446195679091826336e-01 3.754136327907116044e-01 3.767559134042455793e-01 3.464582839536258785e-01 3.350534238360849959e-01 3.710660618592692139e-01 3.974848953577307942e-01 4.041201608915591659e-01 3.928385154074196528e-01 3.593005667195049435e-01 3.587434847527650184e-01 3.932801108312542482e-01 3.952341052926779952e-01 3.467237446409104362e-01 3.874980856709673294e-01 3.761424821364000581e-01 4.043888349061490195e-01 3.921193782727318000e-01 3.986920711263691741e-01 4.202833132399448335e-01 3.768966830036302729e-01 4.244538078597975272e-01 4.278295245481353315e-01 4.267083401701839418e-01 4.245699318916881237e-01 4.216439611205872184e-01 4.112341321306945408e-01 4.263492172838057037e-01 4.348817823383854253e-01 4.188476203880522331e-01 4.053362610750887440e-01 4.076033368006303226e-01 4.232526524840712345e-01 4.390997088384304137e-01 4.327035493737342864e-01 4.245701602584707191e-01 4.233443434011756046e-01 4.200675485334690040e-01 4.300594667055926967e-01 4.176211264211663332e-01 4.329944637167103538e-01 4.390164953541806914e-01 4.251940905733742615e-01 4.145193039006035418e-01 4.298095267768545780e-01 4.244864705087075807e-01 4.388783972901648123e-01 4.319519655932831381e-01 4.243569363829982621e-01 4.286403022614143077e-01 4.410945932254342616e-01 4.342150098886082277e-01 4.289717454893946513e-01 4.236340478334070236e-01 4.300309689009729763e-01 4.296689683419076533e-01 4.206125704297360990e-01 4.159343682257019004e-01 4.145431889681627236e-01 4.195067220287848619e-01 4.236541820083236654e-01 4.179091484814398960e-01 4.281881092840038039e-01 4.230063476902119479e-01 4.136924786884831340e-01 4.264214406054944728e-01 4.252709011884870383e-01 4.212354904336356176e-01 4.267288412071387760e-01 4.263110929317046049e-01 4.293730814897319115e-01 4.207166690581449764e-01 4.317302308823093293e-01 4.287837574646166661e-01 4.280829393081657663e-01 4.329636121599571563e-01 4.331648787109114163e-01 4.286947789286642552e-01 4.338410866785792352e-01 4.354484642880290801e-01 4.241538527471314102e-01 4.405870990775715423e-01 4.345272812035282373e-01 4.461278239031968296e-01 4.380198945248603981e-01 4.384444721269268874e-01 4.399227144625872388e-01 4.339399118470575467e-01 4.331223881869838976e-01 4.341663195065562642e-01 4.335244876916045653e-01 4.297015706354174180e-01 4.374304551526492224e-01 4.334104310203249488e-01 4.338163988368826662e-01 4.273659305535948971e-01 4.340599626823142265e-01
3.902478672107861923e-02 1.451319632103325874e-01 1.922962213093566963e-01 2.922236181358718321e-01 1.799169551636494446e-01 1.000000000000000000e+00 4.122976718121935669e-01 3.518987977932390709e-01 4.567129218852398753e-01 4.245996367000853255e-01 4.428954168885174125e-01 4.864528873890824334e-01 4.201331935896024383e-01 3.543446719835486869e-01 4.717248573697868097e-01 4.416968314038248189e-01 4.832765749732103600e-01 4.605728448968676725e-01 4.971763836816556759e-01 3.353248302536315228e-01 4.525761581301249725e-01 4.971041913715586458e-01 4.827063532623008801e-01 4.938389466239748171e-01 5.115807383573421907e-01 5.110837707800689467e-01 5.113901893191662440e-01 5.160484899870004805e-01 4.965644569306538192e-01 5.138829541904905707e-01 5.178681394392482540e-01 5.334863194123060648e-01 5.156077574961639431e-01 5.353188979837329997e-01 5.388095314569468774e-01 5.076538811919558691e-01 5.358266697799892730e-01 5.121802235533234882e-01 5.198622954472913449e-01 4.821112304808582438e-01 5.133759910941265714e-01 5.013140471572120616e-01 4.964960111089011252e-01 5.140256626123561601e-01 5.225990262160320476e-01 5.163438929628753060e-01 5.029576479219791674e-01 5.084544425342414353e-01 5.085421291114250453e-01 5.014185765238010628e-01 5.091655812676338932e-01 5.129995291761570986e-01 4.926054413341823257e-01 5.102500985643357856e-01 5.101545768849271578e-01 5.267863399773276001e-01 5.118066603348750965e-01 5.094562613347707325e-01 5.054776996055507787e-01 5.069284596818154354e-01 5.043624201435585874e-01 5.088089212311369680e-01 5.036919130167605285e-01 5.167012387001399532e-01 5.217427108000025626e-01 5.138282741221003036e-01 5.180059456905498072e-01 5.327299335212906106e-01 5.323856789778068643e-01 5.059048132651959850e-01 5.246873929564143113e-01 5.316219991301743830e-01 5.359766139100373694e-01 5.358955553881078471e-01 5.283558709474177606e-01 5.211774862656670670e-01 5.196867896056098779e-01 5.188031923557063774e-01 5.193926375569682952e-01 5.269441066051646638e-01 5.279982449775002529e-01 5.208293754821132771e-01 5.270732281992989154e-01 5.362518830574652950e-01 5.324905431893803831e-01 5.346282419319861035e-01 5.261557341518917630e-01 5.135615124174717216e-01 5.159533077067566254e-01 5.234591609431998860e-01 5.208617060906327589e-01 5.128929768932194433e-01 5.167279773268790288e-01 5.086496316915287697e-01 5.074141616619047834e-01 5.111593934949656415e-01 5.024791055327877398e-01 5.077322435140426693e-01 5.053913842361890119e-01 5.093402517720277967e-01 5.057026773982534751e-01 5.074799036349715298e-01 5.073403196582632058e-01 5.072828392686205001e-01 5.201830234842603762e-01 5.112347761112622235e-01 5.113819529105799733e-01 5.154673712579517231e-01 5.217477796239653465e-01 5.056178064956674545e-01 5.077710533950811067e-01 5.078796139544548005e-01 5.060985768312851185e-01 5.071297609762246417e-01 5.196457587024746472e-01 5.118815624623458405e-01
-1.596879338903642309e-02 1.579647450994913771e-01 2.412885401494730409e-01 4.473879387509403505e-01 3.493783810451029925e-01 4.122976718121935669e-01 1.000000000000000000e+00 5.938558930954446202e-01 6.013932645822617218e-01 6.165847174476020154e-01 6.212927028054987533e-01 7.100255958080234908e-01 6.310800722870567592e-01 5.277795959651349067e-01 7.605622633706312641e-01 7.095798272540413398e-01 6.175438462187594624e-01 4.307105025244464813e-01 5.767268480368611394e-01 5.554969895631601817e-01 6.350388326782840931e-01 6.200526714190754962e-01 5.574166776685428593e-01 5.379430525436527111e-01 6.047526477930794675e-01 6.774267792120940435e-01 6.860807713653804818e-01 6.977234003392036588e-01 6.379832669287539559e-01 6.310468509114484092e-01 6.966469103494787873e-01 6.960249764778191350e-01 6.647000942640056698e-01 6.737931055383400425e-01 6.645144880238649243e-01 6.890403530608834037e-01 6.932865055365911022e-01 7.540409791341110557e-01 7.456571927293054181e-01 7.343006128319209402e-01 7.419549987892133380e-01 7.599174237130927878e-01 7.548943888857163609e-01 7.484605817631853064e-01 7.317344088560930881e-01 7.453408259606624231e-01 7.448131711698864343e-01 7.493207662408104541e-01 7.551024442705154271e-01 7.322478414631057309e-01 7.611612579480734331e-01 7.071865161235287855e-01 7.343618126993948225e-01 7.365743094076121489e-01 7.376598591706370334e-01 7.392523029014980152e-01 7.338745731750865309e-01 7.522478819962783447e-01 7.577054850296400801e-01 7.343021219688005141e-01 7.576394664448066196e-01 7.428748163993876830e-01 7.433343276610865358e-01 7.399758984478462809e-01 7.248059792456765793e-01 7.185341786382123397e-01 7.447361489151572700e-01 7.287497432147517218e-01 7.230536958997112462e-01 7.389808063139327032e-01 7.471653176737131918e-01 7.355085659170133017e-01 7.147123521693061754e-01 7.277281048389570017e-01 7.447603417993804431e-01 7.428149029974677742e-01 7.380888891277322950e-01 7.262439672843273852e-01 7.446959425248614872e-01 7.293517146893888636e-01 7.368898622970040391e-01 7.447094234818387726e-01 7.343128396468436847e-01 7.291328043163926020e-01 7.462869753000431761e-01 7.361492573215496771e-01 7.402340903310027365e-01 7.631052172823344915e-01 7.496294110020618184e-01 7.390683349710942540e-01 7.578383707643917555e-01 7.593264988153214379e-01 7.511522571501056955e-01 7.581139269927895663e-01 7.509742270536751141e-01 7.472323006301012649e-01 7.529473301041146316e-01 7.367850161177361690e-01 7.555621828738230406e-01 7.619381252165809970e-01 7.606635923898479312e-01 7.514615626691119044e-01 7.458333587694843114e-01 7.552959027978828344e-01 7.434456198578897057e-01 7.392196146574494531e-01 7.468531494547739902e-01 7.451319175814832274e-01 7.484566030931996128e-01 7.490621411628649584e-01 7.540490708003920739e-01 7.460327588470823112e-01 7.461204565338546146e-01 7.466446794764498573e-01 7.420097753194623280e-01 7.321170990834560133e-01
-6.978232196441092050e-02 7.136396340464576382e-02 2.031955071364481002e-01 4.093067501259736729e-01 3.658443251908148341e-01 3.518987977932390709e-01 5.938558930954446202e-01 1.000000000000000000e+00 5.562604306532160647e-01 5.588188383125326508e-01 5.705904975685794911e-01 6.578494816745512619e-01 5.604381085685120611e-01 5.026483935952228421e-01 6.952554978054370505e-01 6.880416758710731218e-01 5.605035878500408408e-01 3.409231731257060805e-01 4.866011637475557983e-01 5.564944962293799646e-01 6.122022679004610612e-01 5.373719005933433879e-01 4.646972249230157948e-01 4.479093896488209325e-01 5.198176184087154317e-01 5.832835443185592217e-01 6.129940720733156878e-01 5.874914741500948390e-01 5.371354915664200425e-01 5.358521725952646308e-01 6.123953834433560894e-01 6.165559049532941538e-01 5.520602020535200216e-01 6.007986744194186990e-01 5.762924163776321773e-01 6.313180912771690911e-01 6.062271970502710605e-01 6.801042131836901872e-01 6.628836316255709571e-01 6.616149786871603489e-01 6.832221250934439327e-01 7.008336330626590005e-01 6.920581612181577746e-01 6.971117304821837779e-01 6.630084360723679238e-01 6.757341459598558142e-01 6.946131747330589468e-01 6.869900408920749380e-01 7.049960775364274568e-01 6.985333430168716440e-01 7.084148054688338414e-01 6.719165420747803541e-01 6.933210410303014548e-01 6.761530195099678675e-01 6.762994675945197542e-01 6.668544581910694768e-01 6.895775807491821841e-01 7.039816198748285458e-01 7.023316674647388513e-01 6.841929283525842731e-01 7.183155914168407596e-01 6.880536950241070704e-01 6.964251468495985531e-01 6.937569148044082645e-01 6.706592172119695272e-01 6.737202120982693776e-01 6.897015466412319551e-01 6.649026514496040319e-01 6.577080959552598083e-01 6.962883012263286764e-01 6.893804089538561053e-01 6.706891290131508088e-01 6.484816583366344034e-01 6.611822138559775297e-01 6.784476505659826628e-01 6.783024464130866793e-01 6.701928021277434588e-01 6.593393937680143146e-01 6.717515703881649092e-01 6.604065494186024399e-01 6.731175841730413500e-01 6.829865768904157530e-01 6.720387512186867252e-01 6.606081991886945115e-01 6.881651676081141922e-01 6.706724437922766402e-01 6.723953485737843572e-01 7.057222075455432675e-01 6.924482110921502676e-01 6.758088693636410405e-01 6.870046146850774527e-01 7.003573635960512744e-01 6.905044376364808389e-01 6.967719253298301219e-01 7.006598068120931666e-01 6.943876075189547858e-01 7.154700806781932876e-01 7.042802408452097929e-01 7.080040332318084939e-01 7.108636696293679780e-01 7.106469452718748858e-01 7.064388201592592953e-01 6.997159643055836931e-01 7.073824531283507966e-01 6.954597530342186973e-01 6.917306917911854036e-01 7.028513360663025678e-01 6.884633560704011002e-01 6.913154500959844961e-01 6.983557814256184937e-01 7.024726253487030281e-01 6.941752841110561123e-01 6.943861796408291598e-01 7.027807584173197952e-01 6.875582242471147687e-01 6.845033631318853118e-01
1.079567283334496308e-01 2.038487098393562957e-01 3.011122857411914766e-01 4.385209799083698012e-01 3.671771727917524375e-01 4.567129218852398753e-01 6.013932645822617218e-01 5.562604306532160647e-01 1.000000000000000000e+00 7.119168926560277555e-01 7.408527798178298207e-01 7.572922046095329485e-01 6.894866518537721145e-01 5.881859305870787979e-01 7.502178658375930898e-01 7.228571073768685906e-01 7.698875627527904664e-01 6.319199818454414030e-01 7.268011066660132746e-01 5.399235209984214467e-01 7.233061649254800551e-01 7.386136081554347532e-01 7.360826869073535672e-01 7.023517745481036023e-01 7.352128661699988132e-01 7.926726972353800305e-01 8.015824996952718440e-01 7.907944656460033084e-01 7.781279749812538560e-01 7.949960711794051837e-01 8.224521413665052405e-01 8.159740387847675969e-01 7.561427241160431079e-01 7.981120904039178399e-01 8.124759759455686403e-01 7.940869229559190945e-01 8.282152485603457848e-01 7.930416081233458980e-01 8.301485460014703666e-01 7.390796398778904930e-01 8.333314937296500968e-01 8.063473157493301624e-01 7.868324365763882389e-01 8.297622941482095671e-01 8.288305612821033064e-01 8.303620753026129675e-01 8.355790596746646148e-01 8.458694760893183950e-01 8.277958307377188962e-01 7.652896138948235283e-01 8.049265345917422376e-01 7.870972225146324330e-01 8.143142364607587336e-01 8.462889654344332158e-01 8.282109750404600401e-01 8.343605895199709410e-01 8.242145439157045894e-01 8.314895824941411773e-01 8.200502284881081572e-01 8.468035814042912390e-01 8.215111887234597399e-01 8.392362909914097280e-01 8.153151374124365525e-01 8.439549852818641895e-01 8.516538785610223705e-01 8.492511456780460488e-01 8.463265914087259034e-01 8.516538216535385342e-01 8.520168734563701163e-01 8.349630241531170727e-01 8.386049926996346215e-01 8.470159189971098179e-01 8.430160096934437020e-01 8.409891730407502708e-01 8.509761483413074146e-01 8.446818438277355900e-01 8.475548029882230550e-01 8.453042906783816424e-01 8.379830964397293469e-01 8.495346757659250070e-01 8.509619237149508297e-01 8.488303159299094292e-01 8.524976699962161231e-01 8.514959858042335794e-01 8.328340551331006036e-01 8.454894816158841087e-01 8.481805439267084967e-01 8.309415113046101364e-01 8.410461689726201895e-01 8.490191165516740579e-01 8.326673847190697586e-01 8.355815161347530662e-01 8.433680916029362429e-01 8.379066344721395332e-01 8.374303610303839296e-01 8.441113534010751263e-01 8.027600311465840077e-01 8.225535248094338892e-01 8.304212284250817033e-01 8.239885473635903956e-01 8.210178600203458243e-01 8.293242232441175865e-01 8.356407562012162504e-01 8.326057906987474055e-01 8.377552430501460368e-01 8.380478103894686281e-01 8.378905863574522828e-01 8.478134108355471765e-01 8.461891505885904552e-01 8.399465006502896403e-01 8.338886082398447863e-01 8.425926785304375111e-01 8.403237769628397746e-01 8.369424089525423494e-01 8.508894261789943236e-01 8.494778966071876436e-01
3.707638362130354082e-02 1.709476447340376459e-01 2.504749763309513932e-01 4.134415815868188737e-01 3.294719317722442642e-01 4.245996367000853255e-01 6.165847174476020154e-01 5.588188383125326508e-01 7.119168926560277555e-01 1.000000000000000000e+00 6.716363578302241288e-01 7.195003827224621951e-01 6.663404387481935975e-01 5.612484345426949073e-01 7.477540156684095995e-01 7.083370260400395635e-01 6.887793151837832140e-01 5.245276660579603067e-01 6.399778989511630822e-01 5.099094763224589766e-01 6.666316414747917030e-01 6.606916380745498918e-01 6.454289422117708286e-01 6.109715780768009141e-01 6.647363333128696317e-01 7.196321178276409158e-01 7.370306848237553332e-01 7.363448060712114440e-01 7.056489938007062257e-01 7.220911264322611434e-01 7.669218435729058259e-01 7.607201821715384726e-01 7.083278028790617187e-01 7.370570325055947336e-01 7.413273944654816816e-01 7.460682786543655354e-01 7.688857013187190281e-01 7.732728117169762605e-01 7.940483590075356757e-01 7.247120442975091281e-01 7.882883715610781161e-01 7.849109918057107782e-01 7.621022533995441828e-01 7.906231354567286873e-01 7.775927880344323251e-01 7.921392440920610456e-01 8.008006251341954762e-01 8.031913123798736232e-01 7.896585484449645254e-01 7.508645893757244227e-01 7.811707287121513188e-01 7.428530745608074026e-01 7.697320064596221423e-01 7.910606509612205794e-01 7.784019184054952190e-01 7.878811302058355004e-01 7.703399817393893345e-01 7.924044208334918293e-01 7.857638156229674875e-01 7.970094549348553103e-01 7.897574446846435947e-01 7.894190619461459724e-01 7.702380010863817406e-01 7.950227039992714406e-01 7.920070341500319300e-01 7.888080777256175624e-01 8.026174134070201971e-01 7.958998351220525347e-01 7.945048470450185585e-01 7.860931012275746976e-01 7.946526325244416267e-01 7.929856423691711287e-01 7.827113325758692230e-01 7.878906538295032957e-01 8.016593825183786493e-01 8.000826636929179170e-01 7.979610530177959626e-01 7.954183933477700919e-01 7.958746986005328372e-01 8.003007035580562700e-01 8.035986608357396088e-01 8.060603534759376299e-01 8.009947610466889856e-01 7.988622684266369900e-01 7.932405927960650693e-01 7.964726422371175563e-01 8.021992164312402585e-01 8.029808924654194824e-01 8.065723286199883990e-01 8.011144382955974752e-01 8.014847610198965189e-01 8.016593583443403226e-01 8.028987085149664749e-01 8.026457096189185680e-01 8.002894728727160123e-01 8.040719273126215594e-01 7.756238493725440275e-01 7.838745803421459657e-01 7.956894821166659026e-01 7.968273186860000967e-01 7.895186352672768360e-01 7.898510832339898924e-01 7.913710263442829129e-01 7.984154770097299236e-01 7.949795436661966086e-01 7.895599883157661258e-01 7.971085527920983571e-01 8.046086530481438848e-01 8.023301691025316318e-01 8.021411424589713901e-01 7.981306477370393448e-01 8.012941204441104137e-01 7.987374169756967790e-01 7.984484546062856625e-01 8.039280139280924331e-01 7.983601175705545838e-01
6.602971054185968747e-02 1.644740455728225526e-01 2.909169136010543721e-01 4.636745022185433940e-01 3.723172870378690935e-01 4.428954168885174125e-01 6.212927028054987533e-01 5.705904975685794911e-01 7.408527798178298207e-01 6.716363578302241288e-01 1.000000000000000000e+00 7.811424191103089054e-01 6.747318866891727218e-01 5.849430326715794326e-01 7.660235556920375055e-01 7.215766354155764839e-01 7.327240356126804022e-01 6.067900021582108838e-01 7.066521888572132593e-01 5.592688133826642094e-01 7.136846032632414571e-01 7.229564457291381974e-01 7.006325051249587821e-01 6.846966543614508849e-01 7.144814295710010255e-01 7.813061092960477128e-01 7.921428294656217561e-01 7.892043682603613330e-01 7.739374760571938738e-01 7.815766338252915224e-01 8.058619993174022111e-01 8.026275251942985856e-01 7.611188580036110096e-01 7.905752314805315484e-01 7.981875711922953309e-01 7.756742256702016114e-01 8.059527414840101933e-01 8.007128382914836529e-01 8.263138165507832866e-01 7.565917621003409588e-01 8.260512853041712678e-01 8.105572411107663244e-01 7.926848061370684873e-01 8.248713977378128170e-01 8.148649166475252503e-01 8.275069796378248244e-01 8.251676623643117159e-01 8.319590249345366617e-01 8.137104885065321591e-01 7.691122421499221318e-01 8.052446352252229378e-01 7.702919521794588942e-01 8.122492725994626683e-01 8.320859014894408379e-01 8.213664008367139724e-01 8.295038291593150870e-01 8.050110056105309608e-01 8.210516023202223401e-01 8.183942427897091809e-01 8.220204741250641822e-01 8.171370906062110917e-01 8.265184899961370846e-01 8.114569663069647332e-01 8.220873099011476448e-01 8.218658605812315665e-01 8.190035949835956508e-01 8.333491391875171850e-01 8.364844595714558961e-01 8.361106676415552830e-01 8.269904575897384369e-01 8.330175083228880117e-01 8.325075678034352666e-01 8.290583737339862758e-01 8.291966357137088295e-01 8.416356171280439114e-01 8.355975351967462883e-01 8.363576561241227170e-01 8.367884116301026465e-01 8.325158558182841340e-01 8.422738303218788580e-01 8.379606562510041323e-01 8.413939843490590986e-01 8.344260262712361875e-01 8.393580301173942937e-01 8.301849964369850676e-01 8.346250720044582350e-01 8.361200194267239816e-01 8.301551342705851821e-01 8.331489860081495724e-01 8.379099693505323021e-01 8.316841590067940437e-01 8.299330758688151510e-01 8.356427077209847010e-01 8.312157478196298133e-01 8.287969296075007319e-01 8.338617848929008591e-01 8.039208830742936573e-01 8.085203577687792853e-01 8.241047591658703375e-01 8.252776788153595167e-01 8.223795821111354876e-01 8.217365300068316669e-01 8.253625066918696129e-01 8.253371676599615681e-01 8.238682589450518901e-01 8.234604838841802499e-01 8.259848337397820428e-01 8.347409577141537973e-01 8.370269818121728322e-01 8.273167892585290284e-01 8.276777947940043845e-01 8.269445559765004061e-01 8.302877896966599502e-01 8.248402675728968569e-01 8.330504102159420610e-01 8.257476486499920609e-01
1.588656399800668362e-02 1.623584332546895437e-01 3.102589077862924483e-01 5.180082752555530412e-01 4.049509980816555221e-01 4.864528873890824334e-01 7.100255958080234908e-01 6.578494816745512619e-01 7.572922046095329485e-01 7.195003827224621951e-01 7.811424191103089054e-01 1.000000000000000000e+00 7.262477529961858247e-01 6.353367512789683813e-01 8.564512151066412393e-01 8.280075017285518646e-01 7.638816160468457905e-01 5.850936433023119498e-01 7.217309246199371531e-01 6.471408394847079082e-01 7.742341938784614852e-01 7.616440242957235318e-01 7.186395876627663659e-01 6.783315310012818511e-01 7.551222800358232679e-01 8.221780212640741325e-01 8.456481124553480999e-01 8.334696332650448625e-01 7.839884002957295817e-01 7.916483952285459091e-01 8.548874489848488079e-01 8.464699931410124556e-01 7.941885193855718894e-01 8.239043897089789459e-01 8.273929502496757404e-01 8.343317793909709179e-01 8.504218300380512741e-01 8.791726473136115549e-01 8.885059364930770753e-01 8.381560886970417235e-01 8.935025199736725821e-01 8.955541289296149454e-01 8.759503250521022411e-01 8.980305021625609729e-01 8.781683940134252797e-01 8.893459644900746364e-01 8.956486434192024726e-01 9.003153041045126592e-01 9.000987757427081348e-01 8.698260908031806293e-01 8.913713317027498473e-01 8.607982130245268593e-01 8.895774752701378629e-01 8.952905606302260511e-01 8.915662563037685118e-01 8.879090567848719751e-01 8.895994762159940006e-01 9.000321212791243530e-01 8.978704002205000201e-01 8.928954157601847186e-01 9.053248700455224229e-01 8.969314012598125219e-01 8.897011468246713850e-01 8.965910905966668620e-01 8.886889783524833941e-01 8.881883132214623000e-01 8.984186908044208275e-01 8.891751258599234209e-01 8.853767000205245985e-01 8.947634551433127914e-01 9.029097799655579903e-01 8.961348346364466089e-01 8.731179464210405694e-01 8.868802749426228926e-01 9.015632349088845698e-01 8.966512422417722838e-01 8.939947364556158904e-01 8.874474287030218456e-01 8.945192267459023405e-01 8.952163876020656774e-01 8.982209111127510415e-01 9.027319648102010152e-01 8.937252910923356719e-01 8.913617226928647330e-01 8.989365746059314599e-01 8.920787335191834311e-01 8.967453250815343724e-01 9.053473098430768751e-01 9.012741913469133337e-01 8.936365160845982647e-01 8.993335218919082941e-01 9.059541261568837545e-01 8.998122712509222243e-01 9.026312994951998236e-01 9.026580006411445423e-01 9.008931273410512031e-01 8.929308894942581398e-01 8.967631458529300437e-01 9.004596432755221924e-01 9.014350042015751852e-01 9.015493765005246907e-01 9.007192069624284647e-01 9.013221042294182750e-01 9.035555105476124060e-01 9.015390689743626451e-01 8.951977643669235540e-01 9.018736825885023123e-01 9.009438421079346559e-01 9.032690894039907548e-01 9.003447785379311563e-01 9.012899687263180581e-01 9.006238204060408314e-01 8.988016469014652454e-01 9.001227278864272208e-01 9.013352218290771045e-01 8.939008312406354628e-01
-8.917670955645393485e-03 1.095814412726187903e-01 2.203180979600773415e-01 3.999474569852106698e-01 3.680356242771146147e-01 4.201331935896024383e-01 6.310800722870567592e-01 5.604381085685120611e-01 6.894866518537721145e-01 6.663404387481935975e-01 6.747318866891727218e-01 7.262477529961858247e-01 1.000000000000000000e+00 5.862334956315069512e-01 7.601602791791536307e-01 7.487055324735106820e-01 6.856401399736254954e-01 4.672339922664918155e-01 6.160962803327089121e-01 5.270350382026939284e-01 6.626251855717609773e-01 6.486838121743624397e-01 6.177011661311544444e-01 5.833855559000511448e-01 6.450367898098705588e-01 6.999776807691491243e-01 7.171319236602743397e-01 7.109350690563113195e-01 6.839671338802427725e-01 6.934228354984904863e-01 7.485401305119127047e-01 7.310497835970264369e-01 6.541644152622223540e-01 7.133021244383889181e-01 7.150591476019217962e-01 7.234410842411443943e-01 7.464650201569422716e-01 7.496943537191400608e-01 7.818983165696519189e-01 7.029225543149583144e-01 7.917253937661288266e-01 7.774701528612957269e-01 7.650885721107371085e-01 7.939000613033045939e-01 7.656038397873354828e-01 7.933825504558661423e-01 8.120896771209429321e-01 8.121940079257368161e-01 7.937836574479512075e-01 7.352981519399323096e-01 7.739970609238338017e-01 7.309144630349059257e-01 7.808580602743342425e-01 8.040597594860836583e-01 7.908007670990467863e-01 7.836439341803156378e-01 7.843649262906304820e-01 8.049121426039782534e-01 7.944130469810776196e-01 8.151131264176276758e-01 8.024044405290197135e-01 8.051465465158055279e-01 7.932037695976509317e-01 8.035074956235636057e-01 7.999930494962146366e-01 8.008530077965411165e-01 8.093625628204956790e-01 7.977844188702544193e-01 7.897012007235265640e-01 7.987462692378191065e-01 8.021093063082528341e-01 7.989326957555242803e-01 7.768891615467150569e-01 7.869913824095068344e-01 8.019578986315395452e-01 8.031772255055955601e-01 8.001361417093184603e-01 7.951997690796371865e-01 7.947160853557494464e-01 7.955970656004865971e-01 8.013628768220911747e-01 8.081779156093615857e-01 7.957523780319701867e-01 7.913902324080716033e-01 7.906095464036891896e-01 7.938615834097846324e-01 7.991291213786327896e-01 8.020625383003053832e-01 8.068337931841533806e-01 8.007818660446418546e-01 7.926460950402567374e-01 8.091730676122816934e-01 8.083495616932855343e-01 8.113760789991465439e-01 8.144519074011442594e-01 8.159606735162097113e-01 7.865729606784395145e-01 7.926364556075432555e-01 8.120316762401020849e-01 8.005802692820019884e-01 8.014917861310889569e-01 8.082502374148524682e-01 8.077928368119889901e-01 8.109741495124508370e-01 8.021331953027492911e-01 8.067529945323747009e-01 8.097109213115748494e-01 8.134065141627079276e-01 8.095220962186443492e-01 8.170169025296224463e-01 8.118667621943931323e-01 8.188843627694222249e-01 8.157749010517435506e-01 8.108490791675652121e-01 8.083230643460912468e-01 8.149336304861327651e-01
