1.000000000000000000e+00 6.609407609013401297e-02 2.911620637575207393e-02 7.936093072117779423e-02 4.917574142597971182e-02 1.694138159406990973e-02 1.025554214459527096e-02 1.910754858822960589e-02 9.628120133676797143e-02 4.576780582226441102e-02 4.580912653828601855e-03 3.783929937008544825e-02 2.022791572111405645e-02 5.867345702791152036e-03 -9.237915899342039397e-03 2.884378665915128537e-02 9.678292592542425687e-02 4.255705139208300347e-02 6.022325139541349209e-03 6.517561284434103541e-02 6.930291026361838636e-02 4.848650866293571782e-02 3.157198598323314453e-02 7.243789449620618125e-03 1.782175555193809061e-02 5.022840482635345521e-02 4.634292053884920409e-02 4.231189566247506306e-02 7.570900301754791839e-02 4.948269020789498873e-02 4.737730558459013475e-02 7.231310022649837859e-04 6.139418338488807081e-03 1.412123136014424747e-02 -4.156786742370480832e-04 -1.229648021667260026e-02 -1.833848298607449259e-02 8.978229619875422590e-03 -1.407738618858929251e-02 -4.192015220688546234e-02 9.935745497201171894e-03 -1.880980266318229427e-02 -4.689327462371075533e-02 1.158499657372653608e-03 1.802066354244882948e-03 -1.361853807191424834e-02 1.505397825821297789e-02 1.995800567817704665e-02 3.928786891155502253e-02 3.952500715753667904e-02 2.222040887086917244e-02 6.119896379280097276e-02 5.292536275192536582e-02 3.931142482968890545e-02 2.463603542828276052e-02 1.114283749718832442e-02 6.494686207743184669e-02 -3.014479449749737049e-03 9.327330740612971988e-03 3.394283362813522303e-02 2.583971432197634810e-02 2.637095814093768503e-02 2.426744192862009125e-02 4.662585788266426778e-02 6.286833985662904078e-02 5.920909910331730031e-02 3.066592045893723820e-02 8.337958344320280102e-03 2.897932276604989112e-03 1.717226478764065714e-02 1.142397393426320545e-02 1.811004637188938504e-02 1.539686922482349802e-03 1.434071294803471218e-03 9.046938394257329069e-03 1.123868908265734934e-02 1.943219805704914094e-02 3.364663753691543580e-02 6.399087678811119645e-03 1.809360438844183003e-02 1.551271014119084447e-02 1.486862801390350861e-02 2.318593758921002126e-02 4.722290493021248474e-03 -2.843574923805760810e-03 1.027049708110021678e-02 -1.115499928833231340e-02 -2.654555611324167352e-03 -3.884843098473088428e-03 2.018362091009515136e-03 -1.884810115535520345e-02 -5.210174907442454220e-03 3.238402593499610169e-03 -2.642600899201757916e-03 5.231427067315110382e-03 1.105988430378022046e-02 1.394157900936947823e-02 6.384145084470273235e-02 2.166034601562130679e-02 6.734631794850332726e-03 -1.217562855770576956e-02 2.881739981077652279e-02 2.965088065612517601e-02 9.688014805875038576e-03 2.680871170359067426e-02 3.667372154509803556e-02 2.938389997693600930e-02 1.111621997573986748e-02 1.454778244843819152e-02 1.016979860451893043e-02 8.029436293406113897e-04 2.272588468281513605e-02 1.355350221916117731e-02 3.552288331988680270e-02 3.330318908940487627e-02 3.649692031595912906e-02
6.609407609013401297e-02 1.000000000000000000e+00 6.705537943170698789e-02 6.873766238024024700e-02 5.668950213934029203e-02 9.529042814007547546e-02 1.328936320910267532e-01 1.269763305380008922e-01 1.521907974004989839e-01 2.015062596258126171e-01 1.154679402434767577e-01 1.463069226066081030e-01 1.490718395100275595e-01 1.083474958550793010e-01 1.331820937943726246e-01 1.384384394763463477e-01 1.569310445962351086e-01 1.327568131163758824e-01 1.026526870255542595e-01 1.131316917783813242e-01 1.129373174059096346e-01 1.092043766986546122e-01 1.545686261009780738e-01 1.039725343951059255e-01 1.205989059153797227e-01 1.733163992489643868e-01 1.504822454575208690e-01 1.436334975696696159e-01 1.867780357060463414e-01 1.658831594449586000e-01 1.598311310160485665e-01 1.384436272303537496e-01 1.152010580476290624e-01 1.314988918023407005e-01 1.130909374415371843e-01 7.737188451517205967e-02 1.070564939066059457e-01 1.306206877332050376e-01 1.184900519340526120e-01 8.573443459294753655e-02 1.412120327470287318e-01 1.084367492253558024e-01 7.085260178960182953e-02 1.282909664372706149e-01 1.176830531846946304e-01 1.246653093950221697e-01 1.492224675955684532e-01 1.518410164805725215e-01 1.679876444501305077e-01 1.432177636080714245e-01 1.458208041543543332e-01 1.175352440190167436e-01 1.362489506445980492e-01 1.764546283978077335e-01 1.683325578543562184e-01 1.560479874059748640e-01 1.765829010860254233e-01 1.335609327092184828e-01 1.543594476791339265e-01 1.592034879989607243e-01 1.517190127124330434e-01 1.694435257033488629e-01 1.637861953529936854e-01 1.616005822268844760e-01 1.609013937063016320e-01 1.676211151397065668e-01 1.540812863136170330e-01 1.453735492825587727e-01 1.504436470522040048e-01 1.480695945187255058e-01 1.326566989511095973e-01 1.417709613684952630e-01 1.402048005100205719e-01 1.319599768801552886e-01 1.543871780693316931e-01 1.529191314267451807e-01 1.540391712971435068e-01 1.755662268106919499e-01 1.545483017641225698e-01 1.547999773170401772e-01 1.540794791021823373e-01 1.559311667512679189e-01 1.474175064907091992e-01 1.445033739920054683e-01 1.277831345792469486e-01 1.393158252730055946e-01 1.324764977976104485e-01 1.323486639422412348e-01 1.317499299192465556e-01 1.489234976116168563e-01 1.206692131528407930e-01 1.347867360439381768e-01 1.418523434791711946e-01 1.355563053350550273e-01 1.502722764338491335e-01 1.544984200604477831e-01 1.290262979576116686e-01 1.520954380644378434e-01 1.499868432796109541e-01 1.381573346933095137e-01 1.178252102032962129e-01 1.482448350566978046e-01 1.502264525067968648e-01 1.392383941244033085e-01 1.380736918535599989e-01 1.584940402225792078e-01 1.590540900930807189e-01 1.539871914256724372e-01 1.577328201544585251e-01 1.483852273875447270e-01 1.436803616753316026e-01 1.498052714706826494e-01 1.549340866315427334e-01 1.536228471080677838e-01 1.498672419970302205e-01 1.528485222871337201e-01
2.911620637575207393e-02 6.705537943170698789e-02 1.000000000000000000e+00 2.333839446547789354e-01 1.390236171956691913e-01 1.325193647872852654e-01 2.412911327931950567e-01 2.225773098929643146e-01 2.451786134194837985e-01 2.448535609780392308e-01 2.496902723162258142e-01 2.721969137984141529e-01 2.498203980140134561e-01 2.668153237228930164e-01 2.796705215382326304e-01 2.722285985534942943e-01 2.839750348020568804e-01 2.462448888987645301e-01 2.424841195703707486e-01 2.669886029386590032e-01 2.569755809862645513e-01 2.653693813596945117e-01 2.753237207035612033e-01 2.571692481935070607e-01 2.651463642784709362e-01 2.962440602268821555e-01 2.842360085127668134e-01 2.927115695751401625e-01 2.883817237233030628e-01 2.828393052931724716e-01 2.904006663999656457e-01 2.977107223376407874e-01 2.805962750572794651e-01 3.079314404772213187e-01 2.768000022796290871e-01 2.730073664416062251e-01 2.767518543008865017e-01 3.006831552379345962e-01 2.923803045915302490e-01 2.868856592616353951e-01 2.947043591812323893e-01 2.925850986351543059e-01 2.652637392660799898e-01 2.915407066065517361e-01 2.951830355298141750e-01 2.800998827941089120e-01 2.903941010122744193e-01 2.932154591560964807e-01 3.039440718897987725e-01 3.010835138816062018e-01 2.984261633378606504e-01 2.720163295787161317e-01 2.804462454172027552e-01 2.923285313353483628e-01 2.974483458979936268e-01 3.043941949815324732e-01 2.944929992330775348e-01 2.836896634362220948e-01 2.956264415848483540e-01 2.906326289105697347e-01 2.978720378670263735e-01 2.895354278044581786e-01 2.911764662682185256e-01 2.936786982135218826e-01 2.899332020549141853e-01 2.958025607075412400e-01 2.996069725101748737e-01 2.934833213553251774e-01 3.005124621762924608e-01 2.970031927327328458e-01 2.951365858273387599e-01 2.984635477521450642e-01 2.952060381361977792e-01 2.872886029833233712e-01 2.996158227998842460e-01 2.919534069071351157e-01 2.975935627090222635e-01 2.989825504010982793e-01 2.934424935201999651e-01 2.967406418937006407e-01 2.947125314060813350e-01 2.887583348291760110e-01 3.006169032216390313e-01 2.968843487740426834e-01 3.008528304151674715e-01 3.047546115186877680e-01 2.948923192373343882e-01 2.972145658238853350e-01 2.955676504954503625e-01 3.001390662148583077e-01 2.927118352420549074e-01 2.925252626790272870e-01 3.003829987357537479e-01 2.916167956067999278e-01 2.927291496103766599e-01 2.933808971440371449e-01 2.996144422934545193e-01 2.988023706945711067e-01 3.014771799774820238e-01 3.000639599089530707e-01 2.929234600728829463e-01 3.041219350538251764e-01 2.967295183413639070e-01 2.981309604329359653e-01 2.960166334777663000e-01 3.011070585382930598e-01 3.023701928438846109e-01 2.943160218233057401e-01 2.965697527088814178e-01 2.926082714414432462e-01 2.939941702700093473e-01 2.951672240802870051e-01 2.977075318359829748e-01 2.980396909668945327e-01 2.966242876018224672e-01 2.969855634599862793e-01
7.936093072117779423e-02 6.873766238024024700e-02 2.333839446547789354e-01 1.000000000000000000e+00 2.455741224924611887e-01 2.554973090449306761e-01 4.371391409597380484e-01 4.116088549761602322e-01 4.472398774042713465e-01 3.868656031278023821e-01 4.369458621169532986e-01 5.239804888149847129e-01 4.279595700250333201e-01 4.063912530187089311e-01 4.879768311942573877e-01 4.913832370403604100e-01 4.805171082847231045e-01 4.182433653983565480e-01 4.139082077773571511e-01 4.397963711786115337e-01 5.021902726601704670e-01 4.930232480920370142e-01 4.117438183695713572e-01 3.989535812277031912e-01 4.433498186284619003e-01 4.825058488042930915e-01 4.867045914879785107e-01 4.932688092240283817e-01 4.462315791857778824e-01 4.629020736076601694e-01 4.992733586740851215e-01 4.778259158425215980e-01 4.748691957522520046e-01 4.681122343181663981e-01 4.677198115208321960e-01 4.654756273392793853e-01 4.623196910981907659e-01 4.966481896977093524e-01 4.951037141566235755e-01 4.824395931941462545e-01 5.042079760747523176e-01 5.009060274368941634e-01 4.977789584629273012e-01 5.244933142810127569e-01 5.168325978702275059e-01 4.945823965727098592e-01 4.988571166127965251e-01 4.977457617314288707e-01 5.110722842073509575e-01 5.120887368020362596e-01 5.060338599272048432e-01 5.026447384835709409e-01 5.121782968465407038e-01 4.978186904675757640e-01 5.049703676007794018e-01 5.006303653003363330e-01 5.215884850075910295e-01 5.074344699342390186e-01 5.055146418638515327e-01 5.105562932215347294e-01 5.143751179497133563e-01 5.091970576550515215e-01 5.152555923459243292e-01 5.217056641530731786e-01 5.019026593616275900e-01 5.138652447875068363e-01 5.000863389470932008e-01 4.910646393166899215e-01 4.943155908765279882e-01 5.142023540950095839e-01 5.071209732278703086e-01 4.974408372188537375e-01 4.810706185008173374e-01 4.865993981913523947e-01 5.024872972719667263e-01 5.035803054682840285e-01 5.041129912760040632e-01 4.914236345525991312e-01 4.963791318794223972e-01 5.007425941941273662e-01 4.946674850034392112e-01 4.967270677739814011e-01 5.030383649982927974e-01 4.929701660572245459e-01 5.010560285774718903e-01 4.961940541018450834e-01 4.979166789430966578e-01 5.041368969707673564e-01 4.995227685220032798e-01 4.967730410889251158e-01 5.035016967190547588e-01 4.991135105373560865e-01 5.093042767390779657e-01 5.051158178250094721e-01 4.973532432355512456e-01 4.995739787439777979e-01 5.125253667725917506e-01 5.192592564285264389e-01 5.117577239787410859e-01 5.032422654593783351e-01 5.101469468798103257e-01 5.179725258494557449e-01 5.117532650969529584e-01 5.113934856221683534e-01 5.108835551234132133e-01 5.120515955338923453e-01 5.069514512136367168e-01 4.979092244941257239e-01 5.076870069590383450e-01 5.012665330744185965e-01 5.065938235081409724e-01 5.053125276461852833e-01 5.121080945890332803e-01 5.098464645584604993e-01 5.019908831283208528e-01 5.111430925050098883e-01
4.917574142597971182e-02 5.668950213934029203e-02 1.390236171956691913e-01 2.455741224924611887e-01 1.000000000000000000e+00 2.377353404669686199e-01 3.655652480031304496e-01 3.600093668899754240e-01 3.647892163025800993e-01 3.348821027428008357e-01 3.531041538785155698e-01 3.710399885968839739e-01 3.857609452516590487e-01 3.120222178481336095e-01 4.110285102238017685e-01 3.993701351315788184e-01 3.586517492424340370e-01 3.766788786574261638e-01 3.785894002059680963e-01 3.471301148477654586e-01 4.065046485203013260e-01 4.056316721037727668e-01 3.689937870134160081e-01 3.792276366892021744e-01 3.943369570983581984e-01 4.165259843145350249e-01 3.864495481048664804e-01 3.798427222032215722e-01 3.644234222109540289e-01 3.725444232275664236e-01 3.915907400159555629e-01 4.019365449773668053e-01 3.715220514383090755e-01 3.770936618109929084e-01 3.721365003814299799e-01 3.541099340718142363e-01 3.653613053688967161e-01 3.903495287066631736e-01 3.848639495211910178e-01 3.771323414957280518e-01 4.145451208396775389e-01 4.052670054544617595e-01 3.883093417592757834e-01 4.053583441381570784e-01 3.961641537713137540e-01 4.043141548261403040e-01 4.079271632529374303e-01 4.111445112542116975e-01 4.041817584652553363e-01 3.818614602162133664e-01 3.906627709147974525e-01 3.931362574251842656e-01 4.096688937981226020e-01 4.025316146783142757e-01 4.048598627203047196e-01 4.060445693296597658e-01 3.833095987058604548e-01 4.029949004282862846e-01 3.870904102861787432e-01 4.149771329091510585e-01 4.030185957551384868e-01 3.862795308935435545e-01 3.861958271419742017e-01 3.980979626704241325e-01 4.051146188381217761e-01 4.037507896866973089e-01 4.127038267708939556e-01 4.146272565017447009e-01 4.145924637995602735e-01 4.311966292068229456e-01 4.271079629229989627e-01 4.174337905255416925e-01 4.210694777448245607e-01 4.216937931850658350e-01 4.200185056010114493e-01 4.130405112986614280e-01 4.137472365213121783e-01 4.046946860013899694e-01 4.159884446433922411e-01 4.135190242404541139e-01 4.057760357343127566e-01 4.097499773198605699e-01 4.104976900593064748e-01 4.053020383307551211e-01 4.105775290616422435e-01 4.152540023081405240e-01 4.035646693084217196e-01 4.133892335937984219e-01 4.097202812115772197e-01 4.171395697847058437e-01 4.113621146697705733e-01 4.163207896780505290e-01 4.115238125655964474e-01 4.116590297604829085e-01 4.155151377678702462e-01 4.130750703936497681e-01 4.150416481031647398e-01 4.152516257209763473e-01 4.177866304480322146e-01 4.186786186860327330e-01 4.178133257847971294e-01 4.157087749072392313e-01 4.241006698800326991e-01 4.204429980622556018e-01 4.203203618839065348e-01 4.104775930141053575e-01 4.170599921318389192e-01 4.152291266396074265e-01 4.153502719003601684e-01 4.160533386265660161e-01 4.146222108016817121e-01 4.184567687963388072e-01 4.142233047222858011e-01 4.156534529444602111e-01 4.119642069840007692e-01 4.190128440658816289e-01
1.694138159406990973e-02 9.529042814007547546e-02 1.325193647872852654e-01 2.554973090449306761e-01 2.377353404669686199e-01 1.000000000000000000e+00 4.446583790707855366e-01 3.755658528355145243e-01 4.137659403153550741e-01 4.378451295395716092e-01 4.313467550390935878e-01 4.629829102264862439e-01 4.329286505726710477e-01 4.124612291545930454e-01 4.814967347233525818e-01 4.820022349835993980e-01 4.403858754398950470e-01 4.208854094747068730e-01 4.290256387680720929e-01 3.631903056627486803e-01 4.244790675618490550e-01 4.566755491399780431e-01 4.134574378355956314e-01 4.021427345550419030e-01 4.322446665048338410e-01 4.577478845318240785e-01 4.571735556206137918e-01 4.461532722335081469e-01 4.198292914718781965e-01 4.582925794934376573e-01 4.787650282766340304e-01 4.854478047987704215e-01 4.642818398865776186e-01 4.639403199756849117e-01 4.607287144428173775e-01 4.388950331212524980e-01 4.609802763068867604e-01 4.918346541545948747e-01 4.874441405009206085e-01 4.595748674738048822e-01 4.981601341739652078e-01 4.969541256534682483e-01 4.823344432988311281e-01 5.017260691667115857e-01 4.811124007802835001e-01 5.028828017237861880e-01 5.063810691336153580e-01 5.040421813577335985e-01 4.929801509948693039e-01 4.744788257259376363e-01 4.869952786341348316e-01 4.477164964152834381e-01 4.728467553076795005e-01 4.932575996439141908e-01 4.986819777383911245e-01 5.007751707562833055e-01 4.743970721490269882e-01 4.965296447699663607e-01 4.933656443510626710e-01 5.009675265008887157e-01 4.958544801775083832e-01 4.928737724809345022e-01 4.869368645216102798e-01 4.847710747072250803e-01 4.885242330852803683e-01 4.907004319406074178e-01 5.031319693179900909e-01 5.015486187566444709e-01 5.043279723986410223e-01 5.135146367817947644e-01 5.009722888918662909e-01 4.997670499477148143e-01 4.933911274991221174e-01 4.894770618153181929e-01 5.020841082462148552e-01 5.015089063306394923e-01 5.001412169639386507e-01 4.896959087271086086e-01 5.012969896164466421e-01 5.022032067384870624e-01 4.932525901015086256e-01 5.020747877976122764e-01 4.973326599941069182e-01 4.946148060253868217e-01 5.005987131001561341e-01 4.959558637101385004e-01 4.987724322191338655e-01 5.067671991390624298e-01 5.019029351062981315e-01 5.022856730399696268e-01 4.969809818607975327e-01 5.059032144893547134e-01 5.012675924732797883e-01 5.069500862431991495e-01 5.066135332131905811e-01 5.081171275338965954e-01 4.975792434982404533e-01 4.892852784865076021e-01 5.027912488358792231e-01 5.044150946114572820e-01 5.019186241053533726e-01 5.006269600772298434e-01 4.970665301724039309e-01 5.052196543045182064e-01 4.990334905764806095e-01 4.962252111398851584e-01 5.050402441484325156e-01 5.068051209274835323e-01 5.055543181790298490e-01 5.067627004952005576e-01 5.088086008314258724e-01 5.035837206695830126e-01 5.028338849310534098e-01 4.986896105221391706e-01 4.980559115501489997e-01 5.000304917886470024e-01
1.025554214459527096e-02 1.328936320910267532e-01 2.412911327931950567e-01 4.371391409597380484e-01 3.655652480031304496e-01 4.446583790707855366e-01 1.000000000000000000e+00 5.891064249891244664e-01 6.242357764604234971e-01 6.045311195554109451e-01 6.557938356826003012e-01 7.030339935894659442e-01 6.386918167444448624e-01 5.976881278848233947e-01 7.596312700360133841e-01 7.190883441163916645e-01 6.526258826967187288e-01 6.405728313905016957e-01 6.558928312279483919e-01 5.704487740267658591e-01 6.543669943806899036e-01 6.892507572867903054e-01 6.502704706730151329e-01 6.247845182509281781e-01 6.707852492751820161e-01 7.242527457165308657e-01 7.030668026498131384e-01 7.230201403761882251e-01 6.398897286898395098e-01 6.801930831055567062e-01 7.274776543276725294e-01 7.343734312396487107e-01 6.915836738239882209e-01 6.956672077461850678e-01 6.940048845833015623e-01 6.649456482365285748e-01 7.021991546540351514e-01 7.307582212851376768e-01 7.219942468445934569e-01 7.251202530341377406e-01 7.515459397276815778e-01 7.581699664568896102e-01 7.245934882283263656e-01 7.533171231638388088e-01 7.405384627395003028e-01 7.507577820815110048e-01 7.464617575907664948e-01 7.472252650587023481e-01 7.424964154242835734e-01 7.142750900315119056e-01 7.293621655211405264e-01 6.905370438782236775e-01 7.252118168750939509e-01 7.336808767289136890e-01 7.481709809876289086e-01 7.523814481102134577e-01 7.119341924535740329e-01 7.480547705023192773e-01 7.450251806217189632e-01 7.387998310854910766e-01 7.380125066111741239e-01 7.258193673218585884e-01 7.291204215410117540e-01 7.241323507975077067e-01 7.174429448035435364e-01 7.301315968305873705e-01 7.454632469361567315e-01 7.475767269801735226e-01 7.548579404873563270e-01 7.561747668502571962e-01 7.496364702399198610e-01 7.473744338642418494e-01 7.412061221558142732e-01 7.401273482659637137e-01 7.606214059420004503e-01 7.516925624096115754e-01 7.580196448008992283e-01 7.293280601009263231e-01 7.541650993342258191e-01 7.509822141934618944e-01 7.465480632601173561e-01 7.518497878465560946e-01 7.457175332742799201e-01 7.452396055416555809e-01 7.478217663514007407e-01 7.448501804641797230e-01 7.482067509245157177e-01 7.611055302394414968e-01 7.532081283689594509e-01 7.558184670540323280e-01 7.612418223831362019e-01 7.581080358118524876e-01 7.566928203336534819e-01 7.627104697124020838e-01 7.503972063366457501e-01 7.521778818246694920e-01 7.480441186964829070e-01 7.292091982509725234e-01 7.496371964399080046e-01 7.531567570703967540e-01 7.544523330045594944e-01 7.486210468535539064e-01 7.478784702927285810e-01 7.544085455510826099e-01 7.457216153890362520e-01 7.340012636465280682e-01 7.488867656927228333e-01 7.521101097787057377e-01 7.565894020216377136e-01 7.530886308296331766e-01 7.593130642226645355e-01 7.443460996593191936e-01 7.498086429730211888e-01 7.361085032405100259e-01 7.402907444713204832e-01 7.392216282491320678e-01
1.910754858822960589e-02 1.269763305380008922e-01 2.225773098929643146e-01 4.116088549761602322e-01 3.600093668899754240e-01 3.755658528355145243e-01 5.891064249891244664e-01 1.000000000000000000e+00 6.081015275454069169e-01 5.527313405206047969e-01 5.808376798822075804e-01 6.566970494912053313e-01 6.216170662369542299e-01 5.656107500308775737e-01 6.835330827387225971e-01 7.007643536509732263e-01 6.064549629560824773e-01 5.957653117072400084e-01 5.866506683908691011e-01 5.415967725721931858e-01 6.248755631109184083e-01 6.358782808794297692e-01 5.866285597357254744e-01 5.545011186005033288e-01 5.952649390293796028e-01 6.443295017331275298e-01 6.487106546958136821e-01 6.528238460940722909e-01 6.029856190090179258e-01 6.344374936600889470e-01 6.598197849758755673e-01 6.635350892359833663e-01 6.339988756342521681e-01 6.384924304723433863e-01 6.278850471785831777e-01 5.926736733685584735e-01 6.136952348022006731e-01 6.871294071318598817e-01 6.618429174815638749e-01 6.408070934982847966e-01 6.825690463076565795e-01 6.983420188946742879e-01 6.659601281147464746e-01 7.011093617499538633e-01 6.681080106563808130e-01 6.895754009556954722e-01 6.904877528348535298e-01 6.864112106327735496e-01 6.888216128020626661e-01 6.674407503923510676e-01 6.881163222644723909e-01 6.256808715643106256e-01 6.711094352209091563e-01 6.796212057953535668e-01 6.946784431295913720e-01 6.856590155159556499e-01 6.711434217997035434e-01 6.960993887648908585e-01 6.937409388511014408e-01 6.911232459753637869e-01 6.950658263870710396e-01 6.847523267053327034e-01 6.879928987804263540e-01 6.807031155369364095e-01 6.696742706291705094e-01 6.802821757037786909e-01 6.901556525941385800e-01 6.858160551290636286e-01 6.941531527351171293e-01 6.989551701059076860e-01 6.891876211272262021e-01 6.912753338205512854e-01 6.757796415104055932e-01 6.770004804010095745e-01 6.904079418437124582e-01 6.871240216746749008e-01 6.910528718328813325e-01 6.765948539113606497e-01 6.863336239342207046e-01 6.951983667056794713e-01 6.848845254766708912e-01 6.888040572389448890e-01 6.835155973640102411e-01 6.872276627324435117e-01 6.873223964185821711e-01 6.838441370118575335e-01 6.798195341132686753e-01 7.017796463725057832e-01 6.896984524514953030e-01 6.900873286531217232e-01 6.864685527057007297e-01 6.923193844128957553e-01 6.884875725116080813e-01 6.954632592994679507e-01 6.916823995915010181e-01 6.940260829663594810e-01 6.922658037573400369e-01 6.827964870300562428e-01 7.005462363410775994e-01 6.967549635400683838e-01 6.964144475086239128e-01 7.005164868106131815e-01 6.896747494013765190e-01 7.045512079190310306e-01 6.854107214753677457e-01 6.878335122639819277e-01 6.952090604125995554e-01 6.938244432193324540e-01 7.002667959757852278e-01 6.985576982016882264e-01 7.010805911307603777e-01 6.941261813063136499e-01 7.004762048322825674e-01 6.913944584883163769e-01 6.829921948353887551e-01 6.872837220488996479e-01
9.628120133676797143e-02 1.521907974004989839e-01 2.451786134194837985e-01 4.472398774042713465e-01 3.647892163025800993e-01 4.137659403153550741e-01 6.242357764604234971e-01 6.081015275454069169e-01 1.000000000000000000e+00 7.051064105914270908e-01 7.111880208870713371e-01 7.589147627027154064e-01 6.914736681845794486e-01 6.504392855474552260e-01 7.828371914296144984e-01 7.767044819831607771e-01 7.801359164149708203e-01 6.864145312158552725e-01 6.856005612769343616e-01 5.815890384004088753e-01 7.276964887223343892e-01 7.644405396351831028e-01 6.921212924500891317e-01 6.415267634349826054e-01 7.180363819640341871e-01 7.648412411643763509e-01 7.684337169290071934e-01 7.594193731217562249e-01 7.307356399705576822e-01 7.480326813999369495e-01 8.026119726511045105e-01 7.840924673998563854e-01 7.453173554988897775e-01 7.692722215860241519e-01 7.458738146308551142e-01 7.070607194095257508e-01 7.434332108580375964e-01 7.977068309437461702e-01 7.929355241783954122e-01 7.164545770144891135e-01 8.067769353220336503e-01 7.848380702466297709e-01 7.405435440124079616e-01 8.100633708976221481e-01 7.803579854878400779e-01 7.938337835828367384e-01 8.268962352116583370e-01 8.330467346061982692e-01 8.405374934530451814e-01 8.066751515219895419e-01 8.140640582557651106e-01 7.878791334149273240e-01 8.090146863302604130e-01 8.353034714832139329e-01 8.273836856040170940e-01 8.120496507195272828e-01 8.371757652181316400e-01 8.125981440036391668e-01 8.157181356131530947e-01 8.412482583108505940e-01 8.378222623006036374e-01 8.277264034114187874e-01 8.210879616554415117e-01 8.365685932434656635e-01 8.419568218655927305e-01 8.423477656525909518e-01 8.354438639809520506e-01 8.148960730971027688e-01 8.174904370244046037e-01 8.106013786537549226e-01 8.179556916053963844e-01 8.245847520767802807e-01 7.976453535152223662e-01 8.010671440455140457e-01 8.210045167471680116e-01 8.253410475940010649e-01 8.248933770330211246e-01 8.179688115986232244e-01 8.150568477585165006e-01 8.257763427916910981e-01 8.203606104593361703e-01 8.278187805000803978e-01 8.309788569889354770e-01 8.173399346653569264e-01 8.060923194643762058e-01 8.190439621145544358e-01 8.069526064450044389e-01 8.156520395845611171e-01 8.208134448961232899e-01 8.129125316787203515e-01 7.964617099921968979e-01 8.160153021883721491e-01 8.197623968402421024e-01 8.194199511885950082e-01 8.289398225991932989e-01 8.312221130579857675e-01 8.096821027634492074e-01 8.365069519352601457e-01 8.301775225686434112e-01 8.185327856803638058e-01 8.052501298898231408e-01 8.305337652126631998e-01 8.279384236293171329e-01 8.271646158423712203e-01 8.286048734961561912e-01 8.321652315690438728e-01 8.376975422504817637e-01 8.286358346125471952e-01 8.280544557137450301e-01 8.285814012839253229e-01 8.198125769262449847e-01 8.371496478544993014e-01 8.267043999895351547e-01 8.375848080439345367e-01 8.404551796757232518e-01 8.389771274123428713e-01
4.576780582226441102e-02 2.015062596258126171e-01 2.448535609780392308e-01 3.868656031278023821e-01 3.348821027428008357e-01 4.378451295395716092e-01 6.045311195554109451e-01 5.527313405206047969e-01 7.051064105914270908e-01 1.000000000000000000e+00 6.817770110274432582e-01 7.217335998497395044e-01 6.383477390218753600e-01 6.255894104994894622e-01 7.630732126323742648e-01 7.322651639489702324e-01 7.124434469769622691e-01 6.725409276048427420e-01 6.866857237258912061e-01 5.402169509917146284e-01 6.641653331740551280e-01 7.168133269128815765e-01 7.127651352963312315e-01 6.374072808819930547e-01 6.945332879404723103e-01 7.562570858682062802e-01 7.551225251535017557e-01 7.352688373297149305e-01 7.070740024621595676e-01 7.262864489491165365e-01 7.656141632560511390e-01 7.711854208858236470e-01 7.106010604903865158e-01 7.349868880012974115e-01 7.126600576285787580e-01 6.719942216749668074e-01 7.248682765962718433e-01 7.570827347962458820e-01 7.537652806604292488e-01 7.019950505027975352e-01 7.832155883916410710e-01 7.642684202123105619e-01 7.172080547742267775e-01 7.694594015367111073e-01 7.523729650096347976e-01 7.676241085542866438e-01 7.949285288503481484e-01 8.073536922146332673e-01 7.988604887177461755e-01 7.424604250766445590e-01 7.690241634308783159e-01 7.148991856429087743e-01 7.545100816560988966e-01 8.072651576245082339e-01 7.976203911144158498e-01 7.933551526391829922e-01 7.745146706580946505e-01 7.849486235477377560e-01 7.837650503982166450e-01 7.983189846387139799e-01 7.927089302266034920e-01 7.865760416937312982e-01 7.781443106186839431e-01 7.823709217072498667e-01 7.868805178045515936e-01 7.907028717972071075e-01 8.017004263424413191e-01 7.950511185977628958e-01 7.972672265048790230e-01 7.822019680221287130e-01 7.846460822155060244e-01 7.965868711672774438e-01 7.807135433003807856e-01 7.765593040451550522e-01 7.992378791224695744e-01 7.940250951727657602e-01 7.964945925631559120e-01 7.916130889140058358e-01 7.931813367399779269e-01 7.962567968607153768e-01 7.947785508130970067e-01 7.992087824615407010e-01 8.022580872297068177e-01 7.858238252030670390e-01 7.751481341969367334e-01 7.889143149131838673e-01 7.837131497565239524e-01 7.861197230209541198e-01 7.919526052847774000e-01 7.965504135477011749e-01 7.726947672292069358e-01 7.911297519880475804e-01 7.923113700030219864e-01 7.921047165648982258e-01 7.994153873353933015e-01 8.040211782324611089e-01 7.680581086255919843e-01 7.780223699023385286e-01 7.928229178653741771e-01 7.846219928970049606e-01 7.752299100814518118e-01 7.894911601430461001e-01 7.891270074805785129e-01 7.920797068401415064e-01 7.873017092500710357e-01 7.919908897098146827e-01 8.031622789695951337e-01 8.035545348563597479e-01 8.018933819461809831e-01 7.974696173660086318e-01 7.908625996256809509e-01 7.994768718892725223e-01 7.958570947345896540e-01 7.969633755168166189e-01 7.977637560592824029e-01 7.977886940419965933e-01
4.580912653828601855e-03 1.154679402434767577e-01 2.496902723162258142e-01 4.369458621169532986e-01 3.531041538785155698e-01 4.313467550390935878e-01 6.557938356826003012e-01 5.808376798822075804e-01 7.111880208870713371e-01 6.817770110274432582e-01 1.000000000000000000e+00 7.754845005333291796e-01 6.720369814057038926e-01 6.598204827343046031e-01 7.952445329615756009e-01 7.681778966366029637e-01 7.251271467527532488e-01 6.809503339803951727e-01 7.178030192592266268e-01 5.626435529926414603e-01 7.113096110717922471e-01 7.694922746972848726e-01 6.991253199890378189e-01 6.732101524273359505e-01 7.375254051152650980e-01 7.738861802150700520e-01 7.698282169499894856e-01 7.563561301244825508e-01 7.016942848165189650e-01 7.378273465312757962e-01 7.948314706671673058e-01 8.028010005191071885e-01 7.541018430471213563e-01 7.823976450751946032e-01 7.629232245774579813e-01 7.316065395928559312e-01 7.886313417752847110e-01 8.020332045676041854e-01 8.076701231711127527e-01 7.569338422956571888e-01 8.188521681006963870e-01 8.080277182868415009e-01 7.754846011080034351e-01 8.201590309865712802e-01 8.035200478379781464e-01 8.179349577083735445e-01 8.355504463899449119e-01 8.345999972713423753e-01 8.230033525943017958e-01 7.841758233571674008e-01 8.046266198061213792e-01 7.627365850598094577e-01 7.950416543491948262e-01 8.155325358018780113e-01 8.169610242146828627e-01 8.198869959141666941e-01 7.891439943247338107e-01 8.197284731241130107e-01 8.107241022189690671e-01 8.301501638389138238e-01 8.199847779765992994e-01 8.069118477289959346e-01 8.013373757104600426e-01 8.096348923270233477e-01 8.160750906263747328e-01 8.114999261657945828e-01 8.339592685270422745e-01 8.279012740509010815e-01 8.319466997757871685e-01 8.224238204738145708e-01 8.310245222992852510e-01 8.369576905974018821e-01 8.213102187183097813e-01 8.222548740277373369e-01 8.352872628696913493e-01 8.352858245626517686e-01 8.341760314387370867e-01 8.118018118699046326e-01 8.264183644296376752e-01 8.296194989540865983e-01 8.311119045230038749e-01 8.369251457922838311e-01 8.349169625450766352e-01 8.302201769179226032e-01 8.286089890442732697e-01 8.353710570059151852e-01 8.334628860640039827e-01 8.341339953479055547e-01 8.364786684862459687e-01 8.319748467340901676e-01 8.293286319312184185e-01 8.383233508877144802e-01 8.368298727608342036e-01 8.355561463709849646e-01 8.392611049594135286e-01 8.390014072765850095e-01 8.164309676487836454e-01 8.163360402199190125e-01 8.318780265410502528e-01 8.300706269466066045e-01 8.269265028032125597e-01 8.264793688136520267e-01 8.298608805401583854e-01 8.345547383370827133e-01 8.325584752520912568e-01 8.196687720803018662e-01 8.360107626398854963e-01 8.371323062944032722e-01 8.352295455986094019e-01 8.365372683171806711e-01 8.353732986305185682e-01 8.368508007325151654e-01 8.302660310626419626e-01 8.287591895293577871e-01 8.368879950119695321e-01 8.327109492616049380e-01
3.783929937008544825e-02 1.463069226066081030e-01 2.721969137984141529e-01 5.239804888149847129e-01 3.710399885968839739e-01 4.629829102264862439e-01 7.030339935894659442e-01 6.566970494912053313e-01 7.589147627027154064e-01 7.217335998497395044e-01 7.754845005333291796e-01 1.000000000000000000e+00 7.240415289219359618e-01 6.988326725643149162e-01 8.355925686111892459e-01 8.344353428483719526e-01 8.040635720616227111e-01 7.288263001492026882e-01 7.281902606375204590e-01 6.461306735095078135e-01 7.879850988882657337e-01 8.096971332362518092e-01 7.377101585216054858e-01 6.929986711622747597e-01 7.753983182716803757e-01 8.262735110928756121e-01 8.382989066781940668e-01 8.347354126796244778e-01 7.922076286109667187e-01 8.175361034351876777e-01 8.659834534616859258e-01 8.399177143282242630e-01 8.103208468373676032e-01 8.285593337015801918e-01 8.080689162655783075e-01 7.648899988660016191e-01 8.197019635863156406e-01 8.660099471172412189e-01 8.489404351739426868e-01 7.954616783862694662e-01 8.592665717130024694e-01 8.567984205915495366e-01 8.240029690081583924e-01 8.845822160856529059e-01 8.516320632298891580e-01 8.618643057860860823e-01 8.762797637934273132e-01 8.777037600575027243e-01 8.858832936242849732e-01 8.646761521203178980e-01 8.766538489739765794e-01 8.299788474163972696e-01 8.649622589165565367e-01 8.793367488551003808e-01 8.855783480586831846e-01 8.682895776688410727e-01 8.826241872813601619e-01 8.786753896096087812e-01 8.883042207224317588e-01 8.886558736586829266e-01 8.922518717501995988e-01 8.898028306231975382e-01 8.879695350790354214e-01 8.812101941812240380e-01 8.684645724604781458e-01 8.863997130909165856e-01 8.774118949485791852e-01 8.660932949276672899e-01 8.731771289497374244e-01 8.686641090053668357e-01 8.712059765839349490e-01 8.760794482231787361e-01 8.491290517549184846e-01 8.525761894211640879e-01 8.784132035020827400e-01 8.805453892661262438e-01 8.805114265950240160e-01 8.733379382259448542e-01 8.687452318242178118e-01 8.799925175513476638e-01 8.752843600974663518e-01 8.842092901977816055e-01 8.748637809274983912e-01 8.747955725235900815e-01 8.614391035558807141e-01 8.687298087461574614e-01 8.665732225178691683e-01 8.683259590814483841e-01 8.723151376787684486e-01 8.674950335640100318e-01 8.582058823836308248e-01 8.693464690964577413e-01 8.759733304834285139e-01 8.762492453621711919e-01 8.752448318089873780e-01 8.791258293705086491e-01 8.586608521170215891e-01 8.708477157878218300e-01 8.765604793183541243e-01 8.677670202784472098e-01 8.630650026865211988e-01 8.775395927797189355e-01 8.750188614438675350e-01 8.795374139903380240e-01 8.713798888777561924e-01 8.727462699079694408e-01 8.824511261642026261e-01 8.760062031182166420e-01 8.800059380321905156e-01 8.761663750805361861e-01 8.752638940541465074e-01 8.794702389713163759e-01 8.812470102953419149e-01 8.764117368256205687e-01 8.763701563308435860e-01 8.792850659837635474e-01
2.022791572111405645e-02 1.490718395100275595e-01 2.498203980140134561e-01 4.279595700250333201e-01 3.857609452516590487e-01 4.329286505726710477e-01 6.386918167444448624e-01 6.216170662369542299e-01 6.914736681845794486e-01 6.383477390218753600e-01 6.720369814057038926e-01 7.240415289219359618e-01 1.000000000000000000e+00 6.415290786575095217e-01 7.738515012603367493e-01 7.718463435022850927e-01 7.106444864081722379e-01 6.719940891741094102e-01 6.828463468849098605e-01 5.808919960220586542e-01 7.093891637369814651e-01 7.368161642884137885e-01 6.936482122383731408e-01 6.572169942516882246e-01 7.010417018932906252e-01 7.501890963957708047e-01 7.405558855024206855e-01 7.389484143702597096e-01 6.994418127440785726e-01 7.321676184696077616e-01 7.664012792381369454e-01 7.664082898929160947e-01 7.240448192504780334e-01 7.382691354154626850e-01 7.224609122564354946e-01 6.755275642282752013e-01 7.187399300724001128e-01 7.671402766147532581e-01 7.634592933128419023e-01 7.140349598681059451e-01 7.844136514413924122e-01 7.732980498390196189e-01 7.422246360247993779e-01 7.888198953491972754e-01 7.604974121073160287e-01 7.812065296854558971e-01 7.923717984666780456e-01 7.934914617539879922e-01 7.920355469225656142e-01 7.498709642601446568e-01 7.722455275020243537e-01 7.329555415441634247e-01 7.705039590122345627e-01 7.895285733937486006e-01 7.911875107464466650e-01 7.836818735186351637e-01 7.698830535487056759e-01 7.874255545025433678e-01 7.818355502400345935e-01 8.018204948657595699e-01 7.931250980570604403e-01 7.851957835134156793e-01 7.753026908800062511e-01 7.838152217025626811e-01 7.787122111890659726e-01 7.880507301414472199e-01 7.952720258890930705e-01 7.935898517398748409e-01 7.978234552465521823e-01 7.969918680270031697e-01 7.954434271825298053e-01 7.962520231274672344e-01 7.864610433140191148e-01 7.840814832980673721e-01 7.992875850902004808e-01 7.970153463213763834e-01 7.949672212214966560e-01 7.860436012150667784e-01 7.949038169664897069e-01 8.022455336526402858e-01 7.916990082894093117e-01 7.977078585245322984e-01 7.938110664850963616e-01 7.880696604894608104e-01 7.818488900029949562e-01 7.893863513766836704e-01 7.824094518269015808e-01 7.932621677204837463e-01 7.922914585276448207e-01 7.970116454396511951e-01 7.785803776490599626e-01 7.944805607982305951e-01 7.944471295490298512e-01 7.948240017954846248e-01 8.000249667772358908e-01 7.997371109722111182e-01 7.810149284546733517e-01 7.846596680854073247e-01 7.981438638838204147e-01 7.906784809700726502e-01 7.903222912354800345e-01 7.955179457697919565e-01 7.936228727791053705e-01 8.017259990262277647e-01 7.928919662174733762e-01 7.922406760423497118e-01 7.999525887141367697e-01 7.983499393547279777e-01 8.017020021197253099e-01 7.997557191958205580e-01 7.958108357001564270e-01 8.037815332421855974e-01 7.999035667403667782e-01 7.968885786904894575e-01 7.927574705892032059e-01 7.993273041043676974e-01
