1.000000000000000000e+00 1.116879588958627489e-01 1.894822908823259044e-01 4.621166135537711772e-02 6.410154986189459114e-02 4.911099581570083777e-02 3.300915556929442940e-02 2.485852222857275889e-02 1.699272513322468703e-01 3.361367747003120299e-02 3.450576487894915778e-02 2.627783151459673477e-02 2.744773416761054838e-02 2.703403929957933285e-02 1.218613091043515770e-02 7.249457968781333750e-03 1.536829229708677191e-01 2.234276823879522422e-01 1.887141666415337871e-01 5.539097001300553880e-02 1.758185051530481990e-01 1.975465982299607903e-01 2.011678930742797355e-01 2.180204419065304711e-01 2.014630813586349989e-01 1.603424791221900736e-01 1.171514241927254368e-01 1.092358976877958188e-01 1.596472474360167426e-01 9.359922759213129551e-02 8.220000809319033541e-02 8.866805123274959510e-02 4.056106922577250307e-02 8.665579108136539643e-02 4.740768858069093622e-02 6.621910484939130814e-02 5.407349638760914484e-02 9.806377373769308708e-03 2.861999795373031119e-02 9.462253238218415810e-03 5.402208615788457041e-02 2.506870143491491537e-02 2.929458062827262205e-02 2.866310804651690108e-02 5.215635412755886130e-02 -2.155247190984165007e-03 2.263579317019355844e-02 2.054686854236543667e-02 3.828437473026508747e-02 6.765162974316289712e-02 4.192108961461502026e-02 5.947263380744417793e-02 5.815019939197995508e-02 4.073647655295904030e-02 3.452317075935570218e-02 3.143474884490451982e-02 6.390559316230677578e-02 -3.308617203380887812e-05 8.095634433884522918e-03 4.108942869680717869e-02 4.212038673079720325e-02 2.748680752887426582e-02 2.015472960495656371e-02 5.577632926269379676e-02 6.800295040991390094e-02 5.524262102686743059e-02 3.337292311348891843e-02 6.708087204445507823e-02 7.150393449053484007e-02 4.242014698820202601e-02 6.281351553608564842e-02 6.670754597304937028e-02 8.998704703927389026e-02 9.467278389934320748e-02 6.547594872211583150e-02 4.987159256071672236e-02 4.676770721525812247e-02 7.662435085704065452e-02 5.796203236407104775e-02 4.770969166315896376e-02 4.766160228216009126e-02 3.639895301016422141e-02 6.484915327204267277e-02 4.255171521498659487e-02 4.644187067001508823e-02 4.678476840396241648e-02 3.761790852279121161e-02 1.936185004486032715e-02 1.687199132439413246e-02 4.610055910663434647e-02 3.547228157269159687e-02 2.467570936540166085e-02 3.414920217193948698e-02 1.442872929271406604e-02 1.111091439644148506e-02 1.717597523438146173e-02 4.829261698372049744e-02 6.082639870710396246e-02 3.264975832042767839e-02 2.931058379282544188e-02 2.457549483976797372e-02 2.652181899585372496e-02 2.755819901001260383e-02 1.967615349916993633e-02 3.671725867643838015e-02 4.855729405605123394e-02 3.421202885332069038e-02 1.519054794231716049e-02 2.514303666501618503e-02 3.102406022414313028e-02 2.865162448064683103e-03 1.916254293319557059e-02 2.269103204562858411e-02 3.291040286957604838e-02 4.379342866352632646e-02 3.122532845365513093e-02
1.116879588958627489e-01 1.000000000000000000e+00 1.245762474983943685e-01 7.829129957267019768e-02 5.782416472444225353e-02 9.231999248692354665e-02 1.165578234415615838e-01 1.187324862408507958e-01 1.873937288088917408e-01 1.771112436492637832e-01 1.599102123632040184e-01 1.511290625463029003e-01 1.417282916775505497e-01 1.557790931256397282e-01 1.418342212126256774e-01 1.445035996003640466e-01 1.807583904635156613e-01 2.057703351853562290e-01 2.215980533363164084e-01 1.490648436875094962e-01 1.695137049183281786e-01 1.971989914581463166e-01 1.944691292691338169e-01 2.113973605211977025e-01 2.191213774541815318e-01 1.844117761863958704e-01 1.774344123005814344e-01 1.660859348134468005e-01 2.266888743669286388e-01 1.830734512920511314e-01 1.701399718651253334e-01 1.890623013478878733e-01 1.429643810545456750e-01 1.715991358567023062e-01 1.592571485242397500e-01 1.320727828619406574e-01 1.371425470376523015e-01 1.668190098659473597e-01 1.422639402097423122e-01 1.320586917937872362e-01 1.612444158763790825e-01 1.429943255116375989e-01 1.181772828192305391e-01 1.425900555493330724e-01 1.520159587493447595e-01 1.438244980309072441e-01 1.577436976705458294e-01 1.712892943280851787e-01 1.713114961000615499e-01 1.625100430817984221e-01 1.627939903190961934e-01 1.170064990579665620e-01 1.490061102391302683e-01 1.803038683670049880e-01 1.896781158983315285e-01 1.840680969721245341e-01 1.752043550904078539e-01 1.525736253155343114e-01 1.744986680812416202e-01 1.662662753999156195e-01 1.637098870838118170e-01 1.752179601974190315e-01 1.707748895793492760e-01 1.684467202773893002e-01 1.651385691529548838e-01 1.720482402313723569e-01 1.705229711656938985e-01 1.839086864564699608e-01 1.929345207724784683e-01 1.721533143431401847e-01 1.735925170151726982e-01 1.860532971113617873e-01 1.895746820722842008e-01 1.931531656066376168e-01 1.743526999428736124e-01 1.677339944882860479e-01 1.684013139145227878e-01 1.904384187973821307e-01 1.767628905022637920e-01 1.923396621251511063e-01 1.740607223312278795e-01 1.750145603485121770e-01 1.779597847212968098e-01 1.740406461153348183e-01 1.676217719597415112e-01 1.725701963992587185e-01 1.602848288027899637e-01 1.659628652207879029e-01 1.605946228932403630e-01 1.854038625552213992e-01 1.509750572790890533e-01 1.553585138030836588e-01 1.622149375603744448e-01 1.559180024733176906e-01 1.602163851433823227e-01 1.702943181647221804e-01 1.496225770673089983e-01 1.588262564230677187e-01 1.568929441419267823e-01 1.580824247253316828e-01 1.504836234063777478e-01 1.603520727339446672e-01 1.558136761492972533e-01 1.487509381721752455e-01 1.542018306795771843e-01 1.761492283276331894e-01 1.697185753269022934e-01 1.740435371105990003e-01 1.797137041922777512e-01 1.590329666113919349e-01 1.691990393526490444e-01 1.622710688017109382e-01 1.697918915966390718e-01 1.637708262625101330e-01 1.657338568665903678e-01 1.665780543333406083e-01
1.894822908823259044e-01 1.245762474983943685e-01 1.000000000000000000e+00 3.525320953440336247e-01 2.042398633162098298e-01 3.015713448550201292e-01 3.687175427531891869e-01 3.273931505224405014e-01 4.096993196814481819e-01 3.417438617503452680e-01 4.092358540132434164e-01 4.039540671622502965e-01 3.487583621499495412e-01 3.474654287416517606e-01 3.844089736534247459e-01 3.766774089041088347e-01 4.149718774720940195e-01 4.131323215891249401e-01 4.300529386560676959e-01 2.959140637266658436e-01 4.129142008183063761e-01 4.378560571463842588e-01 4.419787429887884200e-01 4.300345184104159002e-01 4.319766072078556340e-01 4.369554722450306739e-01 4.304186763749270894e-01 4.139003344342410129e-01 4.138532876229702451e-01 4.106409721231167875e-01 4.306207316328561352e-01 4.352060402757179647e-01 4.102162746910714697e-01 4.285053151686007422e-01 4.180728572090646189e-01 4.131062716130097234e-01 4.143563082279271836e-01 3.968657031370410593e-01 3.965779356850241411e-01 3.930400498480287608e-01 4.049190835583149073e-01 3.863760049682953834e-01 3.795333135645312383e-01 3.986087089337502776e-01 4.115466735625558647e-01 3.724054253503767398e-01 3.924654358799744558e-01 3.929703150151564461e-01 4.059688461643353175e-01 4.176114318648372348e-01 3.992770226456243132e-01 3.881807207032967333e-01 4.039952561981477452e-01 4.038450523313459328e-01 4.009874039675435653e-01 3.976453183924575363e-01 4.205784647152808198e-01 3.835024630837990944e-01 3.928189364107098069e-01 3.967453088483897661e-01 4.022138018145099969e-01 3.989638850435223150e-01 3.940336856220237882e-01 4.076753765387627348e-01 4.081520171446336720e-01 4.101490843258941976e-01 3.975357407008770494e-01 4.194181936751227302e-01 4.258763422376998786e-01 3.971058098136230341e-01 4.186620081892483136e-01 4.190183450029923984e-01 4.257538704441311550e-01 4.244858698519434759e-01 4.175237674781484554e-01 4.166701867518679547e-01 4.049754816785320344e-01 4.061241445566631247e-01 4.072189045057637014e-01 4.157306108952911194e-01 4.216246942013425758e-01 4.154090553914249750e-01 4.173069107554520651e-01 4.186931066412966640e-01 4.156369788127280973e-01 4.158282800503559917e-01 4.148350261251534388e-01 3.941689933337630958e-01 4.012425991479530718e-01 4.055179458732238729e-01 4.078758494645827737e-01 3.956840387001474002e-01 4.096094026067319538e-01 3.931577503821330755e-01 3.898871197723292603e-01 3.942363254780660853e-01 4.083336019789246540e-01 4.049081593532983248e-01 3.988227232071395179e-01 3.985245599994023946e-01 3.906251205913587876e-01 3.961466091461408046e-01 3.941012751005028014e-01 3.911595333677936881e-01 4.012633263589789889e-01 4.095907778664437671e-01 4.005926174724208089e-01 3.913361377695305232e-01 3.987102464443877392e-01 3.952990853850989472e-01 3.864609073697031771e-01 3.918602559361941684e-01 3.968249698892065691e-01 3.987431702158439895e-01 4.023464409041804246e-01 3.994992708709638185e-01
4.621166135537711772e-02 7.829129957267019768e-02 3.525320953440336247e-01 1.000000000000000000e+00 3.942295468143618420e-01 4.415600631563119660e-01 6.039560830607401121e-01 5.801502932133780766e-01 5.782664612748886768e-01 5.081557591608737434e-01 6.027310807669084003e-01 6.499380936377743279e-01 5.778903769992791428e-01 5.419223360578383497e-01 6.392633778176766146e-01 6.251776639577442118e-01 5.577520076838496932e-01 5.337790359330061296e-01 5.435662830455827432e-01 5.882163047076651718e-01 5.953090073016186201e-01 5.831289559061806349e-01 5.560998720846448418e-01 5.385935764589138142e-01 5.372618292959185915e-01 6.060840863816646662e-01 6.054597437153531603e-01 5.893315585259228939e-01 5.803247974342861104e-01 5.958350074663628648e-01 6.368834751345134881e-01 6.187283187194759781e-01 5.755818276563308133e-01 6.153971808761211637e-01 5.983763217061544015e-01 6.201610589351614911e-01 6.237944829826366222e-01 6.174182842401312321e-01 6.262658503671856280e-01 6.276100564726043718e-01 6.309518661544620821e-01 6.302623632566987100e-01 6.259087663107704147e-01 6.345394310301201157e-01 6.347327801934533609e-01 6.246493533555864675e-01 6.219363838715779025e-01 6.218446585945881511e-01 6.269994123459292634e-01 6.249264686638971167e-01 6.207823336233125877e-01 6.193272270811752689e-01 6.280560303710264192e-01 6.210408146610845170e-01 6.182955606863411724e-01 6.231352091697424100e-01 6.205568686953242263e-01 6.201182069358001092e-01 6.110407539690753120e-01 6.206290641532956620e-01 6.277139313321310476e-01 6.157554454791108745e-01 6.137179544680806398e-01 6.201725032984755082e-01 6.192153553710323388e-01 6.254118586277122027e-01 6.195307233266624802e-01 6.135987500937630790e-01 6.294928708813353202e-01 6.417632219201860888e-01 6.338715547803590589e-01 6.176471813504930131e-01 6.184524674248617071e-01 6.114815114797562678e-01 6.279181196010490407e-01 6.290888033954352698e-01 6.237880036610143897e-01 6.168553604261011181e-01 6.188164250098808772e-01 6.210502883219434223e-01 6.268255905068171874e-01 6.311033099119003342e-01 6.304485857297991158e-01 6.217827523518361099e-01 6.390834530483082698e-01 6.318671720279106507e-01 6.351277300882749444e-01 6.305252987311622537e-01 6.273389499323248630e-01 6.264569618015154440e-01 6.318918626519587356e-01 6.324009287911366295e-01 6.336367846802497539e-01 6.317702892179960505e-01 6.234838779687451593e-01 6.232951149721924766e-01 6.406607967720636676e-01 6.322016511341572720e-01 6.331726172319505075e-01 6.326317474091812665e-01 6.333903934875471098e-01 6.327049434866361954e-01 6.290568609879527706e-01 6.346302907327238119e-01 6.308129128169336353e-01 6.288029202492839698e-01 6.272472271731120985e-01 6.216268162661855445e-01 6.291653671708377082e-01 6.298385461165609822e-01 6.257977385999849984e-01 6.251700963428482583e-01 6.261020163152544171e-01 6.265682797809863924e-01 6.219247550174709094e-01 6.273389347309776820e-01
6.410154986189459114e-02 5.782416472444225353e-02 2.042398633162098298e-01 3.942295468143618420e-01 1.000000000000000000e+00 3.238677288505596441e-01 4.844887741486831323e-01 4.864685989187910176e-01 4.454286956957644317e-01 4.127262990340693771e-01 4.537031138886803983e-01 4.827400044704656112e-01 4.826180956834120739e-01 4.095171252441513476e-01 5.001781170396938370e-01 4.917050434949352677e-01 4.363806535091770411e-01 4.286836754705995456e-01 4.324954577443039794e-01 4.479796704532288398e-01 4.851035804519301387e-01 4.593790901407706073e-01 4.458800189781258472e-01 4.365769947363284387e-01 4.381764667210651942e-01 4.764864350356873834e-01 4.681205340602904719e-01 4.715722832329879433e-01 4.474005260887852775e-01 4.438159907202088306e-01 4.617832787182323262e-01 4.653746082734255829e-01 4.291177864451620194e-01 4.698425392112445254e-01 4.423854105140824222e-01 4.729698456265670758e-01 4.674824465512170679e-01 4.665655356803710685e-01 4.793035052863936496e-01 4.779496424656938802e-01 4.950742517498476492e-01 4.956425797528261623e-01 5.149203868971633513e-01 4.996111163084016038e-01 4.880240375239742745e-01 4.841403112588884561e-01 4.813545878348303719e-01 4.778900995845824506e-01 4.744192736327077498e-01 4.762481210763631623e-01 4.792004545939622107e-01 5.269801623108367750e-01 5.018224220098641553e-01 4.807035714833466922e-01 4.687130236662711558e-01 4.735621293528576303e-01 4.640342605014723953e-01 4.796310309832364505e-01 4.488100922047470465e-01 4.883995927425326400e-01 4.890689603305061195e-01 4.648782441396447918e-01 4.661370666796548212e-01 4.779834440146350505e-01 4.856080910233369630e-01 4.880211925004082629e-01 4.743671206588865874e-01 4.793533114648343418e-01 4.822385462605180417e-01 4.997921749868757813e-01 4.917245801717429754e-01 4.755831401501071087e-01 4.859979685063096633e-01 4.791570324424904159e-01 4.844791318140341252e-01 4.811086628897635054e-01 4.795936593832391126e-01 4.741122176211046702e-01 4.814871435743964256e-01 4.707861094593566720e-01 4.765126890920300395e-01 4.718067032917061532e-01 4.854257554668353625e-01 4.690414784258936653e-01 4.862400577977237237e-01 4.855223239828384552e-01 4.796207576349756918e-01 4.848968661439399530e-01 4.796885932109034578e-01 4.882464695903439011e-01 4.851513442794666564e-01 4.911077255616796977e-01 4.877491086685841748e-01 4.857880988982864467e-01 4.770995328788970591e-01 4.780626489370320975e-01 4.899321785914365068e-01 4.910261099869107637e-01 4.849640890156766693e-01 4.855861589219350738e-01 5.021915628449474811e-01 4.839043109047199143e-01 4.956247573818054475e-01 4.950598399539319350e-01 4.991639956319913196e-01 4.715621817139638572e-01 4.783495577184775360e-01 4.799726597287768404e-01 4.848701676053686627e-01 4.859259771794416372e-01 4.760572168172382268e-01 4.820585365802125821e-01 4.751184260590216035e-01 4.843457773837356872e-01 4.842385251151262171e-01 4.869556374453936631e-01
4.911099581570083777e-02 9.231999248692354665e-02 3.015713448550201292e-01 4.415600631563119660e-01 3.238677288505596441e-01 1.000000000000000000e+00 5.787547942187486472e-01 5.372229439323822353e-01 5.602361578770941319e-01 5.413148771929244818e-01 5.887506975885445915e-01 6.158623335970579982e-01 5.722069993795816378e-01 5.491984573280005444e-01 6.285820401361139620e-01 6.165887779342948960e-01 5.565779646791212398e-01 5.228925728427433750e-01 5.549510303398238475e-01 4.865328808098876023e-01 5.605144451669291650e-01 5.768138468279625508e-01 5.492157816079740185e-01 5.259782811879055719e-01 5.376910061021538123e-01 5.952425426285824495e-01 6.047294536642793261e-01 6.052991786900747684e-01 5.755684073511051491e-01 5.824090322535381281e-01 6.199274202944728973e-01 6.199484127791760057e-01 5.947145701901730419e-01 6.132132475549699757e-01 6.012024014727116450e-01 6.085260145906533635e-01 6.208677488595643057e-01 6.243795360760907576e-01 6.297626977505726975e-01 6.221169040327798605e-01 6.376403003562937100e-01 6.329432177526067571e-01 6.185762517368302849e-01 6.400746096905759464e-01 6.355121865530002356e-01 6.316576525628442296e-01 6.317823811282679003e-01 6.324057047248580199e-01 6.289848499647988644e-01 6.193043538978080242e-01 6.199588498478018073e-01 6.092964082610693444e-01 6.193506896151752539e-01 6.336998152152558683e-01 6.198725308771951825e-01 6.213338285840978026e-01 6.183440971077980297e-01 6.246857519001324244e-01 6.171946382800980180e-01 6.305834511262545794e-01 6.302615920222034429e-01 6.271387520699920337e-01 6.195460043893337154e-01 6.232765397755717363e-01 6.230726582283178105e-01 6.284857904125032979e-01 6.352626550585882548e-01 6.321816076577251309e-01 6.357524695665214276e-01 6.365462550673356423e-01 6.387696988474749205e-01 6.329553416484581252e-01 6.231144525850778049e-01 6.210242823174220161e-01 6.363944007757255106e-01 6.405198079552933965e-01 6.384907303974216575e-01 6.219828289379504271e-01 6.323976390520384960e-01 6.339994335233213318e-01 6.382352169984313317e-01 6.381884285308526694e-01 6.354821818857858684e-01 6.366679468113738416e-01 6.363584708829722603e-01 6.381114050663099224e-01 6.456120248566237230e-01 6.369264478292891996e-01 6.406175888667817730e-01 6.340261823503486882e-01 6.423870072510207141e-01 6.420612940965758630e-01 6.415810036694171714e-01 6.431448753872641699e-01 6.360506117413385896e-01 6.361660512259535993e-01 6.289895380805105018e-01 6.273577393569399474e-01 6.352802293405603873e-01 6.364051831381930535e-01 6.380171370056988422e-01 6.348022380164745071e-01 6.354022017948378620e-01 6.375120982446464968e-01 6.354758351520189974e-01 6.264717412077948078e-01 6.338729867714385513e-01 6.327523533732235528e-01 6.326731419334986617e-01 6.332175255505332334e-01 6.317542123719049885e-01 6.348628272826539742e-01 6.318958631060540565e-01 6.343709168197112502e-01 6.342237411744623410e-01 6.341798070554532929e-01
3.300915556929442940e-02 1.165578234415615838e-01 3.687175427531891869e-01 6.039560830607401121e-01 4.844887741486831323e-01 5.787547942187486472e-01 1.000000000000000000e+00 7.468534143785308110e-01 7.170198760642665370e-01 6.653427630559111128e-01 7.481782137548040890e-01 7.951466217361026212e-01 7.396871926709255307e-01 7.063838675096406616e-01 8.415934884341769173e-01 8.179349900824931519e-01 7.142297679283156064e-01 6.597106024622361176e-01 6.808782339540683237e-01 6.895195606831796553e-01 7.488040739613694985e-01 7.285947844791372807e-01 6.907026332266180679e-01 6.534970407718968533e-01 6.712879444833061982e-01 7.649705986107462330e-01 7.714393949794675631e-01 7.821361539350549785e-01 7.441961623023908290e-01 7.364750846660044203e-01 7.902880769520557180e-01 7.795939297355919395e-01 7.595167886288607395e-01 7.787613532031320007e-01 7.603059220426617859e-01 7.806112915146536935e-01 7.895057569144569021e-01 8.081782004491854243e-01 8.129121933927085930e-01 8.200247884089897354e-01 8.156319541002111650e-01 8.240627531138761119e-01 8.110097101632942618e-01 8.244203086850980799e-01 8.081658997473283312e-01 8.194906474788312689e-01 8.052974999165407599e-01 8.058716579433058413e-01 7.985030333001276182e-01 8.002081270685654779e-01 7.995589224438143239e-01 7.933213385819714025e-01 7.994695729065691703e-01 7.979084746573393838e-01 7.955017905641740272e-01 8.010410769686555632e-01 7.854899258812145790e-01 8.058494670467908350e-01 7.858628655492738702e-01 8.040512015019770642e-01 8.086104899618775654e-01 7.971801067774555438e-01 7.976632446257263531e-01 7.961089757932631183e-01 7.933289271739224491e-01 8.024991488881078050e-01 7.999281368589651331e-01 7.924525735954648376e-01 8.029898474706985700e-01 8.228015626060773968e-01 8.114006940394524747e-01 7.922398860877732929e-01 7.842724356360467608e-01 7.790779920421532223e-01 8.074278299504543677e-01 8.110742871032222689e-01 8.125890217034276164e-01 7.978011961099396032e-01 8.073328996877963126e-01 7.934737523829995531e-01 8.024614441269468657e-01 8.022463262808285922e-01 8.056057025836452778e-01 8.004530399384017780e-01 8.093214905407579707e-01 8.057192235049713824e-01 8.102538557349422410e-01 8.158668329156543164e-01 8.132680128480939130e-01 8.068324305149838782e-01 8.227264214573638546e-01 8.205431592668254170e-01 8.143335248118860337e-01 8.207631488023431343e-01 8.063423101957980510e-01 8.062033975361239113e-01 8.036057764519811686e-01 8.014449666951319884e-01 8.078075729141421801e-01 8.122751981353867334e-01 8.188078405541779903e-01 8.107196965620629969e-01 8.099470881042573067e-01 8.183736983852966107e-01 8.113886778327349392e-01 7.959239919949737674e-01 8.031724531852960647e-01 8.044913946170568764e-01 8.097571686905973287e-01 8.090929177959615970e-01 8.078659905803757812e-01 8.064597296410054295e-01 8.046973102239319831e-01 8.063822300210143901e-01 8.000502377515031904e-01 8.062475899043521910e-01
2.485852222857275889e-02 1.187324862408507958e-01 3.273931505224405014e-01 5.801502932133780766e-01 4.864685989187910176e-01 5.372229439323822353e-01 7.468534143785308110e-01 1.000000000000000000e+00 7.179679700275676257e-01 6.770152630167449725e-01 7.466005689008183843e-01 7.934980770541397721e-01 7.417691900791321125e-01 7.005345849652255819e-01 8.212352450814737193e-01 8.231185013004368445e-01 7.039423746171830087e-01 6.442117968621694502e-01 6.761461693783403781e-01 6.884747406259288383e-01 7.358907736337909622e-01 7.205613854403586371e-01 6.767657240825458720e-01 6.503267161420268616e-01 6.668874563153485147e-01 7.368835376443739760e-01 7.499621208506508374e-01 7.384371048311779706e-01 7.124214466557829972e-01 7.395999182192347643e-01 7.727426530763653600e-01 7.687799182324525082e-01 7.348301864964551511e-01 7.669884362134389288e-01 7.562300423006211858e-01 7.630636369842733746e-01 7.755812248698674694e-01 8.103856010709783453e-01 8.052715767279886583e-01 7.923088336594148462e-01 8.006735153841013641e-01 8.142618611083678459e-01 8.072999816062320644e-01 8.156467162825572492e-01 7.897633894787531306e-01 8.131866737199294759e-01 8.026616129675626654e-01 8.049732424696900424e-01 7.966755523287329943e-01 7.960046173980820372e-01 8.052177173808356958e-01 7.916622095237696444e-01 7.991526834107277599e-01 7.988360663640327042e-01 8.046976354963996103e-01 8.118674840115102098e-01 7.848546767578505889e-01 8.106801617807687377e-01 7.985519860059948627e-01 7.983369429783739868e-01 8.101992960862686166e-01 7.963323973842665326e-01 8.040310665038619131e-01 7.922459410547431080e-01 7.912072360650309610e-01 7.980179287757650508e-01 7.956693604936736497e-01 7.865794372724781436e-01 7.980971827115743711e-01 8.147775799648329098e-01 8.070146036442202853e-01 7.906736714839188718e-01 7.812998977492884300e-01 7.797062959517804259e-01 7.973881983534368834e-01 7.992182348098665345e-01 7.962460784103055911e-01 7.859409729709312398e-01 7.964047968227453422e-01 7.941183553402831885e-01 7.988284084129566587e-01 7.996860143813959709e-01 8.019932581153560447e-01 7.961404849736647416e-01 8.060371313907812585e-01 8.020985853599980064e-01 8.014616850316944596e-01 8.149445309360595635e-01 8.074481018516116437e-01 8.085328200871185755e-01 8.014812022558975846e-01 8.133317113120328568e-01 8.072499805302298936e-01 8.101577264472404893e-01 8.060226389021062365e-01 8.059131495994584782e-01 7.989029667389299094e-01 8.048284640032389303e-01 8.078002342457729634e-01 8.122495528142250620e-01 8.173053073216668407e-01 8.131493120754668125e-01 8.081176056916533623e-01 8.168596396013564354e-01 8.083945677315114153e-01 7.941634094668101884e-01 8.021877526635067257e-01 8.077767266021870229e-01 8.154016199178940605e-01 8.082254209216993557e-01 8.149546543885398675e-01 8.055858672800297882e-01 8.070062618540774224e-01 8.053403261654351608e-01 7.973260954043860371e-01 8.050801620497887168e-01
1.699272513322468703e-01 1.873937288088917408e-01 4.096993196814481819e-01 5.782664612748886768e-01 4.454286956957644317e-01 5.602361578770941319e-01 7.170198760642665370e-01 7.179679700275676257e-01 1.000000000000000000e+00 7.418203105602071412e-01 8.203263183355555821e-01 8.359914847786048542e-01 7.844887036626726484e-01 7.587467502783727946e-01 8.418033192761993355e-01 8.278086182979202956e-01 8.211300697426869855e-01 7.821052505223282658e-01 8.183394959870563534e-01 6.465841559080729439e-01 8.107742095261303295e-01 8.415202900946461284e-01 7.844100136599014839e-01 7.852151088199674778e-01 8.219904076961667139e-01 8.559818194596112706e-01 8.520419650799629929e-01 8.348495991590603182e-01 8.410032118141365087e-01 8.407800900975666014e-01 8.622382260878156401e-01 8.570901408882072303e-01 8.032934253089228926e-01 8.438467001381062538e-01 8.396205449960575384e-01 8.252364046787419305e-01 8.538919381727531066e-01 8.509308238904310651e-01 8.510006403697555344e-01 8.272870926339817021e-01 8.741867289092221105e-01 8.659163393635382899e-01 8.388972078641488972e-01 8.684708038084935078e-01 8.606005646607608472e-01 8.561970491094245128e-01 8.812889602985339854e-01 8.848574569743541396e-01 8.817965141205852397e-01 8.651202262795630871e-01 8.654109336896983473e-01 8.456143299520260115e-01 8.715267941331744650e-01 8.867564132078151751e-01 8.700790434935471440e-01 8.647151045855500096e-01 8.731667505322324718e-01 8.687815861608738643e-01 8.600581729357180683e-01 8.823078947053293319e-01 8.782190107736065343e-01 8.765880714888614200e-01 8.645047331186798134e-01 8.779783582643025941e-01 8.890889231468235288e-01 8.812086638103675540e-01 8.851239901820981970e-01 8.864373008396644327e-01 8.836007418817618531e-01 8.710833189230704487e-01 8.880132562418387998e-01 8.898200078864543228e-01 8.815470168428195530e-01 8.889293812880710854e-01 8.884548023836973396e-01 8.820601274409975989e-01 8.831629767128914565e-01 8.868859970312545915e-01 8.815559922752762567e-01 8.833834464125877028e-01 8.864205545808354625e-01 8.827271043911919524e-01 8.880751092101243360e-01 8.790085639514008120e-01 8.764322166451333773e-01 8.819834158883375075e-01 8.770920044488249578e-01 8.790226380309094090e-01 8.791394212189548307e-01 8.868036142741001493e-01 8.710953012374824667e-01 8.778495942586728162e-01 8.824796160577597082e-01 8.775203904631149188e-01 8.786461062799052479e-01 8.825349809740746787e-01 8.666033396820410628e-01 8.792807313421988624e-01 8.766021388344927834e-01 8.776469370876214260e-01 8.735359405026836832e-01 8.762490108623015583e-01 8.755596142072602506e-01 8.758768335703613905e-01 8.790064916584271471e-01 8.767148640638678936e-01 8.835386534348543819e-01 8.815170006633651356e-01 8.820536171397769243e-01 8.831205149076111205e-01 8.748556509104742362e-01 8.806281567705094293e-01 8.804979179021598101e-01 8.809877290999583721e-01 8.863936361485638127e-01 8.819622243284636065e-01
3.361367747003120299e-02 1.771112436492637832e-01 3.417438617503452680e-01 5.081557591608737434e-01 4.127262990340693771e-01 5.413148771929244818e-01 6.653427630559111128e-01 6.770152630167449725e-01 7.418203105602071412e-01 1.000000000000000000e+00 7.564317796499460123e-01 7.757890551648112254e-01 7.247933950148331972e-01 6.947900416466513684e-01 7.933001972356995557e-01 7.806529355739965093e-01 7.179380631360757770e-01 6.685729924738537111e-01 7.135111211438344148e-01 6.286355825483205262e-01 6.969886453591773723e-01 7.240632850630244199e-01 6.833311976012271804e-01 6.668494565541408514e-01 7.014956783946256769e-01 7.530658603248778782e-01 7.632517079999269205e-01 7.404288847506215188e-01 7.523522776286849512e-01 7.532205888376664049e-01 7.776565466488903899e-01 7.844012859659451609e-01 7.358302742216051850e-01 7.648032640077327970e-01 7.585937171887560115e-01 7.447290951367649958e-01 7.598737286908389121e-01 7.911022738624088335e-01 7.808292061676486151e-01 7.616651902913585959e-01 8.079779213093249979e-01 7.966213050935643247e-01 7.685829101795770280e-01 8.054224298919083758e-01 7.895106105417860620e-01 7.881276015817225700e-01 8.217199178229839251e-01 8.251615138439517549e-01 8.236705738797652776e-01 7.992501376819158843e-01 8.047705668086873043e-01 7.679474802983684567e-01 8.054814557604624836e-01 8.203321284047961903e-01 8.049512777978663491e-01 8.009109380750643048e-01 8.120240304081213223e-01 8.123068882198059004e-01 8.084828218377700937e-01 8.254521560116718781e-01 8.195764596417078884e-01 8.245384586302306751e-01 8.077830102924099531e-01 8.175274917242481010e-01 8.138996069463265703e-01 8.239055080532423636e-01 8.218760462165360936e-01 8.151811359605728446e-01 8.172686730951360667e-01 8.157036302177791409e-01 8.129189694102305630e-01 8.160449171155201853e-01 8.006657595424158114e-01 8.051830276280487197e-01 8.151423751211968050e-01 8.136658758868788865e-01 8.134468424532039776e-01 8.173566771674988241e-01 8.141081536098785376e-01 8.193895267130736348e-01 8.155434596035983086e-01 8.190641592784038139e-01 8.186295796310617545e-01 8.149693506904963636e-01 8.138087234462842989e-01 8.154780689676575101e-01 8.095877851879351716e-01 8.208175064051494996e-01 8.177312041381460395e-01 8.198863821499497995e-01 8.043985891237147579e-01 8.175763621211499244e-01 8.136611836996002767e-01 8.148821881902029718e-01 8.243520396657777471e-01 8.249612610063846718e-01 8.025549226941605108e-01 8.145405490828928619e-01 8.188404662020394298e-01 8.191840358609507877e-01 8.136867569261155841e-01 8.196231305953979307e-01 8.153116294186996127e-01 8.175034325681771463e-01 8.168144351046706664e-01 8.156873134673728876e-01 8.266865817880650891e-01 8.234819872586192080e-01 8.194090245416325580e-01 8.230976290340322743e-01 8.190898649155896605e-01 8.248367835530128200e-01 8.246817105928353486e-01 8.231434122865003422e-01 8.207301594987134186e-01 8.228112365080517687e-01
3.450576487894915778e-02 1.599102123632040184e-01 4.092358540132434164e-01 6.027310807669084003e-01 4.537031138886803983e-01 5.887506975885445915e-01 7.481782137548040890e-01 7.466005689008183843e-01 8.203263183355555821e-01 7.564317796499460123e-01 1.000000000000000000e+00 8.782913055318246620e-01 7.975323290618099303e-01 7.805611438098303267e-01 8.810908020015689734e-01 8.653057375850077282e-01 8.034111401773207373e-01 7.382209483767591118e-01 7.955985382400131423e-01 6.636063243442497095e-01 7.878756985497886722e-01 8.128890329046197794e-01 7.718549402092274025e-01 7.458993965804664450e-01 7.867321655087827770e-01 8.553040845781632040e-01 8.622071807168162350e-01 8.407348021315632636e-01 8.220452261667517968e-01 8.428055880565105129e-01 8.970735582102252748e-01 8.787388285532633514e-01 8.333906949447013046e-01 8.675146780635306643e-01 8.571716254294583504e-01 8.590969534196812862e-01 8.827917679732104617e-01 8.852341623444520691e-01 8.855916883719432420e-01 8.725603333914521142e-01 8.992301185045922240e-01 8.936597547259967911e-01 8.682465485535149075e-01 8.987809471566216013e-01 8.968064163773794562e-01 8.865136642964694946e-01 9.075410961924482711e-01 9.055731844865430036e-01 9.080303471214683508e-01 8.890949419788707342e-01 8.884275025538621584e-01 8.653923138061915266e-01 8.904260940199683061e-01 9.027704725659259077e-01 8.891412089267533014e-01 8.860517803773818590e-01 8.990516738383664830e-01 8.971611553595629784e-01 8.903046815695417893e-01 9.050955630593477963e-01 9.030213428430530209e-01 9.046581697923850029e-01 8.922856757252802806e-01 9.028676236330367422e-01 9.018914528323147550e-01 9.030380757545409809e-01 9.091521470267220906e-01 9.030432417961719027e-01 9.058281101374718869e-01 8.979222586332332723e-01 9.041799093214728522e-01 9.059724435712158686e-01 8.904652242330302059e-01 8.948192116626101367e-01 9.118179689963022971e-01 9.101358538084197702e-01 9.049437908109264628e-01 8.980978946915573191e-01 9.034993573155638558e-01 9.068002584026865209e-01 9.114099303090198445e-01 9.140557073573016833e-01 9.084517889548590075e-01 9.065568066498482791e-01 9.074719374315676212e-01 9.103998885332235114e-01 9.113706369734865254e-01 9.090716081086552824e-01 9.127798963759569117e-01 9.046148446400870125e-01 9.081870612695004397e-01 9.106353745757865825e-01 9.121977518091631820e-01 9.108178547027934169e-01 9.097415352758705387e-01 9.110173531732237429e-01 8.995756721584079463e-01 8.990186351565286893e-01 9.066009746861636298e-01 9.073779444082458179e-01 9.046282776495258027e-01 9.076259695903609037e-01 9.054517133923837280e-01 9.085311558034402379e-01 9.076402571230400840e-01 9.029851387682431563e-01 9.087343455809294701e-01 9.078714264215964613e-01 9.070720828934246693e-01 9.093938664873673083e-01 9.055452831409984693e-01 9.095414238069654544e-01 9.085729874690943175e-01 9.095826180438466579e-01 9.080801015234756246e-01 9.087666526137895273e-01
2.627783151459673477e-02 1.511290625463029003e-01 4.039540671622502965e-01 6.499380936377743279e-01 4.827400044704656112e-01 6.158623335970579982e-01 7.951466217361026212e-01 7.934980770541397721e-01 8.359914847786048542e-01 7.757890551648112254e-01 8.782913055318246620e-01 1.000000000000000000e+00 8.307277379232581582e-01 8.014682372123896892e-01 9.188809906028814201e-01 9.082068918426503545e-01 8.201599919794541060e-01 7.562402512881979399e-01 8.022428394888143632e-01 7.265319577777313853e-01 8.251063742764107589e-01 8.355160928626587102e-01 7.820778072855724128e-01 7.544452165110581143e-01 7.881394324643912208e-01 8.676929192899162091e-01 8.808863592328796122e-01 8.621083583746872447e-01 8.371507091641309239e-01 8.673014516347327119e-01 9.151322884700875404e-01 9.017836314458559377e-01 8.575037423059473918e-01 8.910026394054763044e-01 8.848944933386456713e-01 8.894227065953087541e-01 9.077659022355314411e-01 9.198808220232663757e-01 9.216005992627883669e-01 9.106702312924309650e-01 9.303687522358305984e-01 9.295487454396409444e-01 9.075400347872292217e-01 9.344148978585716803e-01 9.229535481324575574e-01 9.249423013487965139e-01 9.363649222523219295e-01 9.368723105200577050e-01 9.366857974309643620e-01 9.198047147647657740e-01 9.224323936748344277e-01 8.963428101205975773e-01 9.249023264889723039e-01 9.338356980573788713e-01 9.234665407942406201e-01 9.225886492348236434e-01 9.265208437322127732e-01 9.334304530690153978e-01 9.249865040643727720e-01 9.343506938810671736e-01 9.339881446321611769e-01 9.338288664972426156e-01 9.262127460829403525e-01 9.312702199690320315e-01 9.265550520783851773e-01 9.332965736593478168e-01 9.354612790926335464e-01 9.243212257143177402e-01 9.286796502402732134e-01 9.339112958078303883e-01 9.351771987161711097e-01 9.270142748416220213e-01 9.114858247522301671e-01 9.125190587382424612e-01 9.350974404164420495e-01 9.370589147381906958e-01 9.301645285072825953e-01 9.234134839022662966e-01 9.281054142414063568e-01 9.307423898631655979e-01 9.355301344410715814e-01 9.402128403074719865e-01 9.344428318291774227e-01 9.328322849686534468e-01 9.348416851794324467e-01 9.347578255175943429e-01 9.389888212157855296e-01 9.398583064089223171e-01 9.394127327224355284e-01 9.345801930288628601e-01 9.347886790172902360e-01 9.404192062703828903e-01 9.401416665158464081e-01 9.408640567531701970e-01 9.394310242225254459e-01 9.402000288086853619e-01 9.275316323907254468e-01 9.296155924428525230e-01 9.356433432486195301e-01 9.365085178142962263e-01 9.369367990296418869e-01 9.379914236327835386e-01 9.364563320176739758e-01 9.403236652425795983e-01 9.359967029190656707e-01 9.302788007614121168e-01 9.379934378446362908e-01 9.382745075121088352e-01 9.388291954408272133e-01 9.401124564650715776e-01 9.392482849547203472e-01 9.394736724293915042e-01 9.387969875286141797e-01 9.372963471664053081e-01 9.333871978175721784e-01 9.379056790264201915e-01
2.744773416761054838e-02 1.417282916775505497e-01 3.487583621499495412e-01 5.778903769992791428e-01 4.826180956834120739e-01 5.722069993795816378e-01 7.396871926709255307e-01 7.417691900791321125e-01 7.844887036626726484e-01 7.247933950148331972e-01 7.975323290618099303e-01 8.307277379232581582e-01 1.000000000000000000e+00 7.426306336275383391e-01 8.552821012173426052e-01 8.490403423304926367e-01 7.624790946215399545e-01 7.068838352519668522e-01 7.446354697417505442e-01 6.786021124853147679e-01 7.700981004785870665e-01 7.682210429071815172e-01 7.250349661857039552e-01 7.065923148172885693e-01 7.404299809049547099e-01 8.028726065336487805e-01 8.092125827893873469e-01 7.925511035533902016e-01 7.693328072000562567e-01 7.913532108538663401e-01 8.283137392046137082e-01 8.199806427522841057e-01 7.787102302510335861e-01 8.126101042558435683e-01 8.003051338172950668e-01 8.149599969559396806e-01 8.308232472504946120e-01 8.427290733207323248e-01 8.436977623766853673e-01 8.297397099060276338e-01 8.594491013649853128e-01 8.629260326755949784e-01 8.552830893199524498e-01 8.676948978853945560e-01 8.538250422963012953e-01 8.508981592960609408e-01 8.699365986039820919e-01 8.674798847696173487e-01 8.606373880866700077e-01 8.445342071030911280e-01 8.503509753105066293e-01 8.560457499204389142e-01 8.645275410801719351e-01 8.637050247938877767e-01 8.461750777378913568e-01 8.422816240687918121e-01 8.453234309794600554e-01 8.671776121808209004e-01 8.427646719745158777e-01 8.721629721185598649e-01 8.693366043701303836e-01 8.589548704668199530e-01 8.500204890174145600e-01 8.600538887895882167e-01 8.629993068706396375e-01 8.666688299830834774e-01 8.679002891081070148e-01 8.585609189159871812e-01 8.587093396770179021e-01 8.689198546804970391e-01 8.668367880471917752e-01 8.596563606603665475e-01 8.483596446636234578e-01 8.497417964358733311e-01 8.656694619760527676e-01 8.648547890552051864e-01 8.635525158618314601e-01 8.511169705344595604e-01 8.593997962277548641e-01 8.583936736677006962e-01 8.605216207056033406e-01 8.642602075236061054e-01 8.655951131389053588e-01 8.590970655058838279e-01 8.652565189844245719e-01 8.658927114538016445e-01 8.640692412110684284e-01 8.694078743619444438e-01 8.697694744337689521e-01 8.671931387566843563e-01 8.640396194984025779e-01 8.760362323875867663e-01 8.699132346141454919e-01 8.737270187977297375e-01 8.721135674167230789e-01 8.705208395534911325e-01 8.628816800313959812e-01 8.694781405484477421e-01 8.716540224701908590e-01 8.712783690178120821e-01 8.755868998466879161e-01 8.696444697153056236e-01 8.730892430431365092e-01 8.784485432823510020e-01 8.757279060504451484e-01 8.585920014423976676e-01 8.703363132252404100e-01 8.700977955775827111e-01 8.687704483041729375e-01 8.742719335419947280e-01 8.685735426101671708e-01 8.735983312661342870e-01 8.695968875845383472e-01 8.726896763452061112e-01 8.711522054030464979e-01 8.716095683144327033e-01
