1.000000000000000000e+00 9.398838407227609604e-02 1.402464511696895066e-01 2.028190517591846320e-02 -1.068188493043980246e-02 2.787020619711115879e-02 2.728049671265962706e-03 2.533983634178935823e-02 1.262227196744484803e-01 9.243532552636291033e-02 5.253589115242448399e-02 1.272742212845270372e-02 -4.502521094853741829e-02 -3.312842830287179591e-03 -3.248094685367896445e-02 -1.803973530742652640e-02 1.298320659404958444e-01 2.712111493471853763e-01 2.131630826542607049e-01 2.440796684546543416e-01 2.404500972591820385e-01 1.924209380926376334e-01 2.254727071315956455e-01 2.430879049845130202e-01 2.166867713371025961e-01 1.880166393876391007e-01 1.502704792846086546e-01 1.557030687636620503e-01 2.244533028141767750e-01 2.001613713129653804e-01 1.693331424788532824e-01 1.302125395106603911e-01 1.288933500933578391e-01 1.171674619473321716e-01 1.540009573328839365e-01 9.322171842054902124e-02 1.254779865265863714e-01 9.542082411090063720e-02 7.136025368117607237e-02 7.210204986872889577e-02 5.260088403505668725e-02 3.296398516389293515e-02 2.399426215979256344e-02 4.283209459749239001e-02 5.597124239343099356e-02 7.126811611052970286e-02 1.457562900464437310e-02 4.996971449778890573e-02 2.900682553996023275e-02 4.496284739590348384e-02 3.474018116095325265e-02 3.100963188228102879e-02 3.004315476182856104e-02 5.504118431895298202e-02 8.144307187290406036e-02 8.772634201514133145e-02 6.499719305130982616e-02 1.066663565813162455e-02 4.423769007385488367e-02 2.971034401221467336e-02 3.281207291938825765e-02 3.317116420377017733e-02 4.994937448547619868e-02 5.504705758447568653e-02 7.981471371296662565e-02 4.794520828608139079e-02 4.291101021976388707e-02 7.849479003839615610e-02 7.421866140269103851e-02 1.099134345601920637e-01 7.558580701027632631e-02 8.085580802102658449e-02 9.339665324376891786e-02 9.761560914273524625e-02 6.997359310317670389e-02 6.164435610579292041e-02 6.127896266509928053e-02 9.722630148032057606e-02 7.838423320253962157e-02 9.695538145095566884e-02 7.886876281351266893e-02 6.598922410890821488e-02 6.268828718080593498e-02 8.485762190102608127e-02 5.337213523180980163e-02 5.760470409638105554e-02 5.370142088758344395e-02 3.543189011861645754e-02 4.173151988044561389e-02 5.470221126923466987e-02 3.828384749042476609e-02 2.598518228685459466e-02 3.063018001197037599e-02 3.784219072083441771e-02 7.985154877311108693e-03 1.952272190889953532e-02 3.586079631213810043e-02 6.065645407678817852e-02 2.929070970143878710e-02 2.940136608019014441e-02 3.321140331136783475e-02 2.667696846443707095e-02 1.920049489381715421e-02 2.395271642191041869e-02 3.533461757327480829e-02 4.621909193022079310e-02 2.538964921533981567e-02 3.577493136229320525e-02 4.374481984335183704e-02 2.099925074891345958e-02 2.126396414201253693e-02 1.909951286551716393e-02 2.649589806265055872e-02 3.518583008144612889e-02 4.232431471817734575e-02 3.318329994713213604e-02
9.398838407227609604e-02 1.000000000000000000e+00 5.746117278344473056e-02 6.089564465261346898e-02 5.019081790026911488e-02 8.144948365439859395e-02 1.342456602079851180e-01 1.636578551350975907e-01 1.569023987525371144e-01 1.695175367807305045e-01 1.070496003808409785e-01 1.286315765364912100e-01 1.578811083097042822e-01 1.336424500578299868e-01 1.517652200794524509e-01 1.475236422173799578e-01 1.231700751053879245e-01 7.211427471709239145e-02 7.878042500084213307e-02 4.233284373899403458e-02 4.225294662435452597e-02 6.912895637679662697e-02 9.346054040020912446e-02 7.570315348467505923e-02 7.509903968632823668e-02 1.031414981833689293e-01 1.141949262607671045e-01 1.208022769113674955e-01 9.656329879953803874e-02 1.328785722929492763e-01 1.345877278638254182e-01 1.226931432138175515e-01 1.182612426521416765e-01 1.170553622254136145e-01 1.146721510029223567e-01 1.195535728318830176e-01 1.344973464357284709e-01 1.327229841658277287e-01 1.402057900895429254e-01 1.191983163075734514e-01 1.406085511820490686e-01 1.492408737261024798e-01 1.312987023718731050e-01 1.301988269541865806e-01 1.389998690191604214e-01 1.354821160990734297e-01 1.454701306107371583e-01 1.505342328519772843e-01 1.439398073587599691e-01 1.216594475959847654e-01 1.393525729543951541e-01 1.239985093845707292e-01 1.400599213877262994e-01 1.403143640902979605e-01 1.342266796690418929e-01 1.357556976474227073e-01 1.265446310338946556e-01 1.450805955599086539e-01 1.422440195651656358e-01 1.448737372365933307e-01 1.406659757728323801e-01 1.428355073710207424e-01 1.375575021612478743e-01 1.329840916990212007e-01 1.338674856660833912e-01 1.420779497080570664e-01 1.464229374875112288e-01 1.400493993432717355e-01 1.405257390345867330e-01 1.257479581660720103e-01 1.297829473545933920e-01 1.388257449359817652e-01 1.311867742707976126e-01 1.330007748202060025e-01 1.397819286990693022e-01 1.472466928752557969e-01 1.412304484390710380e-01 1.371709698711870984e-01 1.428865714457671354e-01 1.469125501224293473e-01 1.465180757291255909e-01 1.513926859739161690e-01 1.476769571113451529e-01 1.363105746335568913e-01 1.397630425414693178e-01 1.425299088673236125e-01 1.437478405991151065e-01 1.503346850268663659e-01 1.453547829790567125e-01 1.477466906512235056e-01 1.443282565165690257e-01 1.469901661703929552e-01 1.462434292476494369e-01 1.486123960352511153e-01 1.545671824543170259e-01 1.524302274614444674e-01 1.405667836725933428e-01 1.374585327706372984e-01 1.446996207655656397e-01 1.456900248126453967e-01 1.468088940211118576e-01 1.455030810589141854e-01 1.493608089471705203e-01 1.477678821273388787e-01 1.477637029604411123e-01 1.413967386405423354e-01 1.490965533522610742e-01 1.515416767914000429e-01 1.458947097154225658e-01 1.497932707804350283e-01 1.502949806628682827e-01 1.522018388281324297e-01 1.518781229053257631e-01 1.461631251314277347e-01 1.439590512224590557e-01 1.491023389572080360e-01
1.402464511696895066e-01 5.746117278344473056e-02 1.000000000000000000e+00 3.387918339413839020e-01 1.666701865136711314e-01 2.984687030417487730e-01 3.120107365027562918e-01 3.147288417326224996e-01 3.749758986812871675e-01 3.471309566404029434e-01 4.119419646015850534e-01 3.937491108889553670e-01 3.191683985831575976e-01 3.123397137024803705e-01 3.305866686567305868e-01 3.400539093528316403e-01 3.719393373225631239e-01 4.310100008778912639e-01 4.277730755067263857e-01 3.864976149512781012e-01 4.336627276045890156e-01 4.551601503306455521e-01 4.065649993544301899e-01 4.398166943848717536e-01 4.446109715962195397e-01 4.586398635586115824e-01 4.484584051798717885e-01 4.568500828636460342e-01 4.725324960637509730e-01 4.592861936947189583e-01 4.743514472045049502e-01 4.221416283434251682e-01 4.221943089416650419e-01 4.069399064010255640e-01 4.445085072041548568e-01 3.983983315743427900e-01 4.340136432371803910e-01 4.321285707641101537e-01 4.213829955312605735e-01 4.049585062689294856e-01 4.188785995067768053e-01 3.942597486000153917e-01 3.857048186363245534e-01 4.079130608094960753e-01 4.137640108656306936e-01 4.155184915349003916e-01 3.827692093694597952e-01 3.989171449202633113e-01 3.894674420975262619e-01 3.808494786980691216e-01 3.964346711734944018e-01 3.694824203699915710e-01 3.950028206432690814e-01 3.983350905927667274e-01 4.076485880427607178e-01 4.118595543485085164e-01 3.859341918158288864e-01 3.842140053742019168e-01 3.978337675384066019e-01 3.909865815758461483e-01 3.897750902624545488e-01 3.866785869572614276e-01 3.992888794728949309e-01 3.960196597290880915e-01 4.234618637409112707e-01 3.910218729124628201e-01 3.924235091850001300e-01 4.173818808828705929e-01 4.189940077184414746e-01 4.317960457578832734e-01 4.255145244522257064e-01 4.225369798772858343e-01 4.202748706490230246e-01 4.278549375965352564e-01 4.199001978795645074e-01 4.179469969109928518e-01 4.129370210405995389e-01 4.350282508182689578e-01 4.319272034187460751e-01 4.368108742453291615e-01 4.260406842510459091e-01 4.234435050800989253e-01 3.988643183940323023e-01 4.318027754912654448e-01 4.082803941267068026e-01 4.020465973322983055e-01 4.048782112277369283e-01 3.940820600140398922e-01 4.015390059927660404e-01 4.024486931880045804e-01 4.013143335108259047e-01 3.967579242996701061e-01 3.946678519858497491e-01 3.996767509026966092e-01 3.719828688934058158e-01 3.848379052812596623e-01 3.891073065534196851e-01 3.940380756185919431e-01 3.828488076300116116e-01 3.897639515597073334e-01 3.915787485294727199e-01 3.818391262549337140e-01 3.910493516562721927e-01 3.877763789331357125e-01 3.903211993286141990e-01 3.888261233229033942e-01 3.845477394653437075e-01 3.927151567067088123e-01 3.980015168100713985e-01 3.870575453301235980e-01 3.865580431530648564e-01 3.862623161447323872e-01 3.838164039925606175e-01 3.897942211440242333e-01 3.992120017174914381e-01 3.861780644766081294e-01
2.028190517591846320e-02 6.089564465261346898e-02 3.387918339413839020e-01 1.000000000000000000e+00 3.376109516489150808e-01 4.161975511402891126e-01 5.562704704197114491e-01 5.509408975236028683e-01 5.551008897120185415e-01 5.281972339211259415e-01 6.188021290270807606e-01 6.634573743960976433e-01 5.664596541179149902e-01 5.584911691320716409e-01 6.137419098642760140e-01 6.087450603200718069e-01 5.752490874478738414e-01 4.822389340549582126e-01 5.497221559998893836e-01 3.759579005899600923e-01 4.726656798992743824e-01 5.719316277714664443e-01 4.931822997282370169e-01 5.148975046692882973e-01 5.439082691168971584e-01 5.966187166484381299e-01 6.347185591680767347e-01 6.418388179246998781e-01 5.967331400734119384e-01 5.757499913772401445e-01 6.148264809252862451e-01 6.156103031472678344e-01 6.156098971194579050e-01 6.005206500577320305e-01 5.919056547728733797e-01 6.140832584646748193e-01 6.160899371711383576e-01 6.363311771110743420e-01 6.443021075989252555e-01 6.294445736496924182e-01 6.558667583310421323e-01 6.542731479427381647e-01 6.453262809352454665e-01 6.602314282012740065e-01 6.537231264176698309e-01 6.499407960393042138e-01 6.426545374437989677e-01 6.431027858479285708e-01 6.427389885599011921e-01 6.300927350721191589e-01 6.423536888070504602e-01 6.366674246713762697e-01 6.494066669827840421e-01 6.349357793742211875e-01 6.342815494072739924e-01 6.334739533936081246e-01 6.355113454315690635e-01 6.483390399440025487e-01 6.397913135055526279e-01 6.498962168171988907e-01 6.450443421508252895e-01 6.410262079492581311e-01 6.382764910738681907e-01 6.453239608256868820e-01 6.405912281483792103e-01 6.418657727511197786e-01 6.428495959685942562e-01 6.404878218958021119e-01 6.362356760651429743e-01 6.108453751146305510e-01 6.430745935290848037e-01 6.444248004441259781e-01 6.308791236511100964e-01 6.337830785534148692e-01 6.512033021833651958e-01 6.548698834529570467e-01 6.557588704587044015e-01 6.511549115168392410e-01 6.547065084277685632e-01 6.304679543789492024e-01 6.354827255948032327e-01 6.485866308331609265e-01 6.372714812585235089e-01 6.389477400445968680e-01 6.443240681217909938e-01 6.399756268870055997e-01 6.421719279121974600e-01 6.419265416537353053e-01 6.449870046111630950e-01 6.365400580044817680e-01 6.504759843195323521e-01 6.522998374241876229e-01 6.505958129241034005e-01 6.524335950910966631e-01 6.386146284085288949e-01 6.440814359053729232e-01 6.452021837641502833e-01 6.390279018087999807e-01 6.444119364471059264e-01 6.457637527577317904e-01 6.487280130142031309e-01 6.397779662272253809e-01 6.484658181279316924e-01 6.511639051582056581e-01 6.479030699309744623e-01 6.417548687549807784e-01 6.420471652255151929e-01 6.410514472381290130e-01 6.437010788430929109e-01 6.465150471893257311e-01 6.427317866725604789e-01 6.440688443514688277e-01 6.393711510526678410e-01 6.449211653845965397e-01 6.434077099305315350e-01 6.423688269687863883e-01
-1.068188493043980246e-02 5.019081790026911488e-02 1.666701865136711314e-01 3.376109516489150808e-01 1.000000000000000000e+00 3.088822566196555708e-01 4.856219521426776708e-01 4.760048451630333743e-01 4.104342752401796135e-01 3.720708481736830775e-01 4.271167486256052803e-01 4.709301685184075215e-01 4.665700750525363927e-01 4.381139197310163214e-01 5.036473137049178872e-01 4.972728881601615192e-01 4.072099153300987040e-01 2.701725124868019634e-01 3.376102617429038721e-01 2.077042210910114428e-01 2.631393994468784192e-01 3.468913655370922111e-01 3.140962286635465284e-01 3.066890262347207186e-01 3.218711496557561946e-01 3.783736364667932284e-01 4.201135548975595269e-01 4.222982783464057088e-01 3.537508615216806152e-01 3.701040536337162901e-01 4.106331560640354983e-01 4.315367197909130148e-01 4.289753993062653259e-01 4.194669100278424767e-01 4.033425804201842269e-01 4.447932274391326324e-01 4.282100996078842536e-01 4.562961835073237049e-01 4.684595082675964139e-01 4.651900729475836327e-01 4.791224474818480128e-01 4.910021743324077259e-01 4.915568072688375478e-01 4.889481097245371721e-01 4.790621751470989231e-01 4.710065706299905730e-01 4.918061765929993556e-01 4.799063478377271763e-01 4.811872580350087802e-01 4.774625473062125702e-01 4.915053303650006589e-01 5.049078317399955385e-01 4.942371795502150111e-01 4.659071954000387761e-01 4.570887420852132177e-01 4.560923216828860483e-01 4.780823245946503319e-01 4.864839182167278731e-01 4.745663604689309145e-01 4.879576019426141720e-01 4.893606864105907728e-01 4.864862066911037619e-01 4.801557471665495735e-01 4.839288375796357289e-01 4.630762202278231876e-01 4.861135715147901215e-01 4.786942662330374576e-01 4.613722687139197864e-01 4.564720649925203544e-01 4.268328656960956313e-01 4.577195418416674655e-01 4.615193972840860304e-01 4.502318201649349594e-01 4.476607930314046024e-01 4.691867933808701596e-01 4.781743026320819379e-01 4.781525675409691312e-01 4.557284781496115378e-01 4.661967941100744750e-01 4.537027790652549131e-01 4.635568703119493095e-01 4.715346116164356727e-01 4.690977838082282525e-01 4.563711460384765051e-01 4.709005328612505537e-01 4.683360401443469323e-01 4.798812762835973911e-01 4.801061926489476051e-01 4.785356266787846313e-01 4.704738425008382352e-01 4.858355524298161865e-01 4.892199848527093442e-01 4.848175453548606018e-01 4.830076676261339519e-01 4.906922168161831355e-01 4.864243269097572875e-01 4.824805121020930287e-01 4.742164080521986680e-01 4.886146030177739852e-01 4.893094862135658474e-01 4.887003400571623413e-01 4.853811694299652313e-01 4.924846286032488751e-01 4.916669077932953602e-01 4.887125305788130869e-01 4.766360352170778136e-01 4.854334584154625931e-01 4.817714390370260724e-01 4.734282980495755355e-01 4.882520323745797031e-01 4.850388874555841556e-01 4.903824604590291125e-01 4.845991589477620654e-01 4.861607921667036591e-01 4.795303078824378895e-01 4.861244915457118010e-01
2.787020619711115879e-02 8.144948365439859395e-02 2.984687030417487730e-01 4.161975511402891126e-01 3.088822566196555708e-01 1.000000000000000000e+00 5.456629576877104482e-01 5.160679789345468116e-01 5.081330016243675862e-01 4.968996191415152586e-01 5.747811210677459259e-01 5.934897927317241972e-01 5.112845719875618311e-01 5.269241485107639678e-01 5.707013391240576272e-01 5.745681109423013133e-01 5.390142139122880982e-01 4.370836897649494901e-01 4.755791915998551223e-01 3.595718851537383909e-01 4.188131093839445596e-01 4.962509745141400197e-01 4.596310871299720824e-01 4.543717453409792384e-01 4.743023202812197137e-01 5.470284818257529214e-01 5.594299071528043843e-01 5.796698057558679062e-01 5.372082656525352107e-01 5.379064179307113669e-01 5.670254586766071414e-01 5.731691352024943509e-01 5.674381512049054832e-01 5.528707450025037717e-01 5.562669507182927964e-01 5.781919671383307646e-01 5.793705677317001479e-01 5.961967700176860063e-01 6.070807852010821071e-01 5.840017223631284171e-01 6.073569514404577596e-01 6.030672646018614413e-01 5.946467212078785369e-01 6.060358480354358646e-01 5.961509853373937462e-01 6.036697810234097350e-01 6.020632678848862884e-01 6.047265191639281667e-01 6.034724816523990842e-01 5.780842845959184295e-01 6.043240858061253995e-01 5.857583785451755398e-01 6.038484677382787158e-01 5.986331157695973237e-01 5.900723734681391219e-01 5.900476626287424198e-01 5.948642247408091333e-01 5.941412648951818198e-01 6.040712620074283334e-01 6.036715566287570445e-01 6.081471779931031385e-01 6.009119850579177635e-01 6.008151250220892248e-01 6.043351902737426062e-01 5.989870901892163646e-01 6.012244781515493353e-01 6.018061375384385903e-01 5.953782388740213039e-01 5.973242230446528245e-01 5.740574400765110497e-01 5.899298934938805861e-01 5.952444207136136090e-01 5.822619957562970017e-01 5.877065006056307883e-01 6.044915864031047414e-01 6.028291827235595646e-01 6.106339294009052177e-01 6.046984770360614991e-01 6.039107488804557056e-01 5.897536453081058117e-01 5.966971302029371316e-01 6.034091587732477446e-01 5.986438813437346962e-01 6.020854537404436435e-01 6.003580530232891510e-01 5.931875009210063610e-01 5.998106554195714590e-01 6.050819074198621195e-01 6.014721146674013585e-01 6.010883713362683567e-01 6.114188242817943930e-01 6.083659733258005575e-01 6.063635787274829214e-01 6.057717056358392638e-01 5.996496945921033772e-01 6.045563144620896834e-01 5.977024861263202649e-01 5.956041198510215740e-01 6.013425939931219544e-01 6.029384729864496473e-01 6.049284826648702040e-01 6.006855583412424870e-01 6.030958494706275541e-01 6.065670080071640102e-01 6.032198180115144748e-01 5.990199732857923731e-01 6.026506040611164794e-01 6.041100540886878978e-01 6.015125229643840665e-01 6.030757079484712069e-01 6.038666262382604843e-01 6.052737464369182252e-01 6.016426411023377829e-01 6.035493817435277908e-01 6.029517040324444688e-01 6.005327570940636184e-01
2.728049671265962706e-03 1.342456602079851180e-01 3.120107365027562918e-01 5.562704704197114491e-01 4.856219521426776708e-01 5.456629576877104482e-01 1.000000000000000000e+00 7.507634126330645641e-01 6.992725516234248317e-01 6.549115566738225036e-01 7.327996409308922265e-01 7.881335224300650699e-01 7.430498772217160042e-01 7.261623717016456592e-01 8.491497558740094265e-01 8.171269651251406030e-01 7.003435058554030590e-01 4.956714293402222360e-01 5.773418397620102560e-01 3.938804784259735681e-01 4.653837158644333893e-01 5.817817271104388510e-01 5.519093956834455472e-01 5.322361729627803628e-01 5.542769285720658967e-01 6.737085754043441455e-01 7.129220231998556478e-01 7.234990134912150372e-01 6.362702345248684166e-01 6.570788592187877253e-01 7.112805533128586655e-01 7.486153842538274539e-01 7.295139675813955282e-01 7.280560190410227950e-01 7.000622127709127396e-01 7.601409238028925541e-01 7.272753369858130368e-01 7.964025140320509788e-01 7.997685776525703671e-01 7.897956148848782609e-01 8.040828541383425732e-01 8.142796271441353761e-01 8.223637597088746531e-01 8.203955295971937511e-01 8.039751387765425861e-01 7.995491360780905277e-01 8.215485359782342956e-01 8.103595392679497911e-01 8.249954023168678541e-01 8.213313099684395047e-01 8.308450890035483649e-01 8.091299204123881816e-01 8.209473663407195199e-01 7.914329439225378238e-01 7.868131735391975523e-01 7.833963773110618201e-01 8.092687163809718642e-01 8.168392795350414293e-01 8.162355056431314093e-01 8.176584300946532213e-01 8.253953740655887161e-01 8.213120282763312074e-01 8.121601161571028182e-01 8.135094984376898264e-01 7.848815932157020558e-01 8.065721737182558471e-01 8.111263329936206912e-01 7.865417799021079404e-01 7.859827958884240129e-01 7.380990271027487726e-01 7.674864555290915602e-01 7.788781438790337575e-01 7.656402693153779859e-01 7.578091065399347181e-01 7.983776709309143849e-01 8.025108156378670810e-01 8.081696626403558348e-01 7.851538177791006490e-01 7.934424228811577384e-01 7.726877266535705502e-01 7.855925388107755092e-01 7.995224164896053143e-01 8.027194652295771560e-01 7.861166401437110762e-01 8.109204043376000426e-01 7.968851724839317585e-01 8.015458263672862183e-01 8.193525663175661444e-01 8.110296354696477916e-01 8.095777917710882399e-01 8.197699819332066040e-01 8.238147043137464820e-01 8.196443350803284122e-01 8.160496636129441761e-01 8.236790811887838570e-01 8.200554756054709848e-01 8.284586537922562499e-01 8.087751477811443435e-01 8.246985635638185430e-01 8.242445489851326634e-01 8.230877652691539481e-01 8.207662774076438517e-01 8.210360637891598312e-01 8.256512023115013532e-01 8.161822081158921494e-01 8.124052446889381551e-01 8.228264597918770740e-01 8.147434190333808779e-01 8.129199395806812056e-01 8.242733423404632331e-01 8.237991184174646708e-01 8.206663895991817004e-01 8.193855052872934808e-01 8.193911710604171450e-01 8.058875659801547631e-01 8.114438398267229680e-01
2.533983634178935823e-02 1.636578551350975907e-01 3.147288417326224996e-01 5.509408975236028683e-01 4.760048451630333743e-01 5.160679789345468116e-01 7.507634126330645641e-01 1.000000000000000000e+00 7.045378186250622621e-01 6.533937632646431570e-01 7.177019361653943497e-01 7.730578284319508109e-01 7.251931711932571023e-01 7.082535883677235633e-01 8.014646287783417922e-01 8.070658457896845439e-01 6.880840188188461770e-01 5.004131453508570138e-01 5.687071309022716514e-01 4.022681656643751213e-01 4.619044205678577986e-01 5.706039470855815976e-01 5.574220187944415317e-01 5.354921038863530436e-01 5.549753876571830169e-01 6.653864637298989582e-01 7.110130931546474464e-01 7.189467641804093700e-01 6.304521393704167753e-01 6.514466504335892916e-01 7.026632535949696168e-01 7.377269201507313801e-01 7.250616058321608381e-01 7.101933954417595229e-01 6.971371415654196158e-01 7.348774991978644922e-01 7.196073464168615264e-01 7.808435410958539657e-01 7.831035773862976557e-01 7.682987820177002991e-01 7.868752315600304748e-01 7.964663715494120222e-01 7.924493877567853062e-01 7.955795430627664588e-01 7.861986605816786433e-01 7.831741946193279125e-01 8.037880871961196050e-01 7.973210647275392748e-01 8.033573873153881939e-01 7.845209627216375159e-01 8.050469374589849236e-01 7.751542327098901453e-01 7.961208884740061942e-01 7.845014858671356395e-01 7.759054356860015655e-01 7.670370845529194126e-01 7.891023860523830313e-01 8.019253738108007568e-01 7.981833026094874439e-01 8.009875653792146721e-01 8.031995091718485691e-01 8.017324969312429328e-01 7.961584049394339058e-01 7.947667213123895680e-01 7.716388253312269629e-01 7.929976290072943135e-01 7.936375020580487272e-01 7.713289884471963287e-01 7.749201662864004803e-01 7.266337667041478099e-01 7.513994426881914768e-01 7.657063906112945295e-01 7.482802957175744840e-01 7.469735267142268986e-01 7.829671030692051392e-01 7.872403739816924428e-01 7.919508151896212933e-01 7.697830729476309308e-01 7.791859041317643619e-01 7.609783883190444076e-01 7.743498723041027931e-01 7.814221660665084945e-01 7.838949373544366050e-01 7.756996198653004493e-01 7.936285671031737543e-01 7.773146978766168891e-01 7.826075380373495038e-01 8.010421315469720138e-01 7.950683081559235532e-01 7.887230259449122816e-01 8.008778771336966251e-01 8.035485110069809922e-01 7.974989140326034232e-01 7.986492868098847842e-01 8.023189874798722920e-01 8.030227918577966806e-01 8.048152584349616001e-01 7.935647081301318018e-01 8.043610745987795907e-01 8.037332514556262408e-01 8.039051641979910734e-01 8.037751220609188341e-01 8.031111425256453051e-01 8.060839708038065599e-01 7.964862639090182217e-01 8.000262614148838658e-01 8.053574643948075984e-01 7.980991355134516851e-01 7.969400448744859977e-01 8.061572540866842607e-01 8.045596250383880710e-01 8.028993037469819294e-01 8.030517933888710047e-01 8.019529726452084839e-01 7.897337351184334775e-01 7.966727843330273506e-01
1.262227196744484803e-01 1.569023987525371144e-01 3.749758986812871675e-01 5.551008897120185415e-01 4.104342752401796135e-01 5.081330016243675862e-01 6.992725516234248317e-01 7.045378186250622621e-01 1.000000000000000000e+00 7.536082230676468541e-01 7.956757582665633377e-01 8.186756361937438387e-01 7.448553332480871703e-01 7.729327017981273418e-01 8.230073885300294156e-01 8.189549245008729272e-01 8.119322730436027147e-01 6.927309389090229308e-01 7.466672413949269060e-01 5.924635791817445263e-01 6.492466465916013618e-01 7.367356084570592101e-01 7.115693277244951043e-01 7.246025299865753722e-01 7.315699554763110957e-01 8.131951104973007549e-01 8.352858690554478827e-01 8.306640170939991741e-01 7.754480261731704349e-01 8.390309265674021910e-01 8.509946660052587486e-01 8.544828594856580528e-01 8.299316907399473253e-01 8.291168261179255872e-01 8.415498904580854811e-01 8.273407478850390850e-01 8.626579402564400478e-01 8.669738762130044796e-01 8.638021268974395150e-01 8.050011749828658303e-01 8.579793333039443803e-01 8.593398906318920893e-01 8.193230629580467994e-01 8.538903127353398848e-01 8.588164927931819514e-01 8.580893069300924436e-01 8.676040587214475241e-01 8.819614085617496491e-01 8.711784710702059620e-01 8.316082854024438031e-01 8.585497268487880529e-01 8.210678949511628355e-01 8.483562984111866490e-01 8.800135947854477170e-01 8.763625663778117358e-01 8.651747141102336114e-01 8.655854073416504590e-01 8.672131098980718766e-01 8.756706237404189297e-01 8.751535167781243629e-01 8.706768654618715075e-01 8.740452934655899009e-01 8.727132292825716675e-01 8.681772749342235862e-01 8.761050441068004568e-01 8.790734995620916870e-01 8.771150272650004576e-01 8.799954717855856812e-01 8.770411479703097424e-01 8.604090594131964531e-01 8.654780302300025818e-01 8.758361022700313914e-01 8.676331570421099704e-01 8.699017974417437848e-01 8.787776193269688507e-01 8.771372338541856273e-01 8.737646776280449945e-01 8.708151889926720735e-01 8.773774104416709463e-01 8.868401755838299927e-01 8.850441420759556088e-01 8.839474290927399336e-01 8.784143139840659975e-01 8.824502609869092629e-01 8.740908860800671309e-01 8.775303707060728708e-01 8.791739347570193264e-01 8.765768117395306147e-01 8.791309639040961743e-01 8.756591403554310205e-01 8.677688691318472536e-01 8.730333440618798235e-01 8.734557844312769159e-01 8.760310578528327508e-01 8.725224818596655219e-01 8.778588732057355237e-01 8.659626710206649314e-01 8.794972339319988563e-01 8.783546184425907732e-01 8.736932406447656119e-01 8.742426586306266678e-01 8.780802582975723025e-01 8.707944777135655512e-01 8.738941033840694761e-01 8.755812057467270426e-01 8.803135595490956256e-01 8.775061719728829424e-01 8.798407548100191100e-01 8.800786908177471446e-01 8.757441291316506726e-01 8.737967138304110204e-01 8.773579006462666197e-01 8.797033621413213877e-01 8.803865255043574756e-01 8.768573600415956459e-01 8.810693066050679922e-01
9.243532552636291033e-02 1.695175367807305045e-01 3.471309566404029434e-01 5.281972339211259415e-01 3.720708481736830775e-01 4.968996191415152586e-01 6.549115566738225036e-01 6.533937632646431570e-01 7.536082230676468541e-01 1.000000000000000000e+00 7.377776789974829219e-01 7.645384958267893438e-01 7.015046427530692297e-01 7.077911762937868501e-01 7.684670735803798003e-01 7.631634617546565469e-01 7.422101231834488111e-01 6.279251794798229591e-01 6.819450507557182073e-01 5.401421304812344948e-01 5.901628220377581613e-01 6.829996863605000135e-01 6.734366551049811855e-01 6.602163546275863215e-01 6.780771587363719766e-01 7.528061444561274795e-01 7.832384679007823314e-01 7.681577735853954980e-01 7.229332497838228955e-01 7.663847317992791286e-01 7.885635334775833449e-01 7.857056284324245299e-01 7.639186214665927288e-01 7.474533936523717337e-01 7.678237202703919184e-01 7.619871957542839747e-01 7.891864858100280378e-01 7.997570891016626549e-01 7.931490819165736283e-01 7.533926894982799771e-01 7.998401001820979461e-01 8.010291885914433418e-01 7.627505121021160850e-01 7.967350106175308255e-01 7.973914094944489772e-01 7.987494925815388225e-01 8.051623988564642342e-01 8.176364581087215422e-01 8.043957955465377285e-01 7.707122380604088940e-01 7.979123814050875785e-01 7.604963034753648987e-01 7.912757445499772890e-01 8.104130908522060306e-01 8.097892542251282633e-01 8.058174557728262632e-01 7.958638917870395346e-01 8.041406840070455253e-01 8.101428745594143610e-01 8.093205070615162589e-01 8.061108121670239601e-01 8.083304718737894801e-01 8.065825733421086996e-01 8.021096719897623517e-01 8.094151049000442022e-01 8.099065061230293905e-01 8.108535235515795803e-01 8.136220758949742615e-01 8.135692251481161374e-01 7.931686011466406727e-01 8.011609610227875544e-01 8.115173190357302113e-01 7.980782535407401346e-01 8.052864585006435094e-01 8.155081538108179817e-01 8.152501266030707239e-01 8.107889340900650277e-01 8.088811179599477708e-01 8.147594851897698165e-01 8.149621471205201750e-01 8.156599970699545121e-01 8.197134966459933558e-01 8.149391596141933869e-01 8.147732008254797709e-01 8.068223790691427810e-01 8.067004007463869364e-01 8.122081468278489202e-01 8.126285252595123465e-01 8.130228046438798817e-01 8.119207838507347397e-01 8.062487560478820425e-01 8.105731664557611627e-01 8.118912033397404082e-01 8.122886152467442278e-01 8.068021078560965176e-01 8.129030957499652210e-01 8.040953659979331869e-01 8.073695692864368834e-01 8.120028416414636352e-01 8.090404684368219801e-01 8.105291910388776611e-01 8.117144435582286377e-01 8.070668261032775126e-01 8.105930318093109710e-01 8.109274353493483023e-01 8.101038870417590632e-01 8.102370711760147337e-01 8.146769968622681324e-01 8.160497884295586646e-01 8.110676277059480910e-01 8.104533018744380923e-01 8.119895765360515272e-01 8.138875560508285201e-01 8.122279378850535414e-01 8.107607336532955955e-01 8.132207480499176189e-01
5.253589115242448399e-02 1.070496003808409785e-01 4.119419646015850534e-01 6.188021290270807606e-01 4.271167486256052803e-01 5.747811210677459259e-01 7.327996409308922265e-01 7.177019361653943497e-01 7.956757582665633377e-01 7.377776789974829219e-01 1.000000000000000000e+00 8.785656396274372781e-01 7.667226540319320716e-01 7.807153462415522549e-01 8.460021721567029251e-01 8.398537332036905001e-01 8.052731512779447431e-01 7.046634682344333767e-01 7.712598506786711994e-01 5.997970512686798816e-01 6.750604305525886861e-01 7.807257567301518764e-01 7.225957928713406808e-01 7.370600086604353063e-01 7.590759505514829142e-01 8.412346455523784794e-01 8.632522495469602264e-01 8.676063603058065121e-01 8.049776296208212001e-01 8.313001396565238288e-01 8.745824565372138926e-01 8.680862868829323231e-01 8.556103941592169138e-01 8.432941974903827020e-01 8.553229501427914716e-01 8.577246403244015438e-01 8.798444533573708259e-01 8.912580577365362133e-01 8.923735785701141232e-01 8.589705384100694285e-01 8.988600682463875335e-01 8.958802907517088299e-01 8.679766345476270795e-01 8.981481531157651244e-01 8.962423917742515789e-01 8.932940178883681526e-01 8.951821160060395854e-01 8.998339043135777926e-01 8.908553533884718822e-01 8.634823160471698511e-01 8.904462916739295242e-01 8.587088101550772734e-01 8.844551650089943484e-01 8.909915814313508209e-01 8.909162954872241746e-01 8.887531819210745532e-01 8.797200701103801146e-01 8.908667367103972889e-01 8.980430031860430207e-01 8.956118479198201809e-01 8.956247405908357440e-01 8.952626613105675313e-01 8.948165094879958481e-01 8.902382894933824620e-01 8.956118517007919388e-01 8.928333659248417487e-01 8.992868661301486322e-01 9.014490007873026123e-01 9.001298301579815364e-01 8.793267706627920788e-01 8.946408009778201720e-01 9.017812913033608213e-01 8.887540473342009362e-01 8.941231550141556239e-01 9.081324573488500640e-01 9.076314899043029794e-01 9.051877745137560938e-01 9.008542357960845903e-01 9.055431467192281980e-01 8.972109363267035675e-01 9.010619016792397185e-01 9.052623954092998693e-01 8.975212462913157996e-01 9.021581597635137673e-01 8.993194596989558809e-01 8.958068648085290020e-01 9.023939151931450464e-01 9.019395045738611838e-01 9.020606976285634460e-01 8.979829065982856129e-01 9.058359658994362684e-01 9.040017908906209376e-01 9.029410522028712416e-01 9.034730319862093184e-01 8.922984253474989247e-01 8.981035560832579812e-01 8.927603509048682717e-01 8.889552456094210742e-01 8.971426508279556344e-01 8.973643027992088683e-01 9.003659426383014974e-01 8.943772413289713397e-01 8.967769553197235677e-01 8.998380490530649700e-01 8.972306205808870949e-01 8.931343055331107950e-01 8.958912736031631185e-01 9.004257709794455389e-01 9.010286022112536930e-01 8.985667115654490944e-01 8.987295187889039472e-01 8.971433324925364161e-01 8.977181274148580137e-01 8.982280088277359020e-01 8.992402868612888733e-01 8.958754907878532237e-01
1.272742212845270372e-02 1.286315765364912100e-01 3.937491108889553670e-01 6.634573743960976433e-01 4.709301685184075215e-01 5.934897927317241972e-01 7.881335224300650699e-01 7.730578284319508109e-01 8.186756361937438387e-01 7.645384958267893438e-01 8.785656396274372781e-01 1.000000000000000000e+00 8.181965101964417952e-01 8.314012180310903499e-01 9.027500864741523356e-01 8.922121157128358737e-01 8.256256779159287795e-01 6.695573626405253442e-01 7.500067662495567555e-01 5.639178218040292734e-01 6.459412936440116493e-01 7.674098395425380525e-01 7.021283652570554645e-01 7.178519780735044264e-01 7.370088470933618963e-01 8.303973386163530090e-01 8.751684058260712495e-01 8.742851860145499643e-01 7.982585206236727515e-01 8.253746403964102862e-01 8.751872315121516088e-01 8.871688227245312364e-01 8.698379764009293025e-01 8.639192069404947327e-01 8.599096821598558593e-01 8.782826410034564324e-01 8.827566759228128168e-01 9.212410407006710322e-01 9.246615677684686396e-01 8.859145782859786378e-01 9.328931075430019204e-01 9.327211816541702838e-01 9.127447601060201254e-01 9.368920851256602456e-01 9.283571826068870436e-01 9.259483453926188323e-01 9.397802931090432077e-01 9.389179494346946431e-01 9.348952600534299329e-01 9.077583403361279002e-01 9.341739804870637931e-01 9.067633762807711939e-01 9.292458186040731816e-01 9.282732828975653883e-01 9.173079187607950935e-01 9.125612225248324050e-01 9.233414714700274306e-01 9.354817141794301572e-01 9.348625186455241654e-01 9.424820244662330815e-01 9.388022077738117366e-01 9.367935371624562801e-01 9.347270918116424854e-01 9.328835218767876913e-01 9.257260828648082862e-01 9.345550078626144730e-01 9.369865591462199772e-01 9.286442493087504468e-01 9.267800467708526835e-01 8.967133797171771281e-01 9.190892367356018333e-01 9.258732613305448167e-01 9.138446441509191498e-01 9.121789543114912080e-01 9.350646929675465735e-01 9.397465607720585368e-01 9.384569297564118173e-01 9.263833386198987441e-01 9.314398401246735126e-01 9.180987173395219747e-01 9.277951187208824946e-01 9.360560814291052356e-01 9.297141496595594523e-01 9.288548374369954841e-01 9.337577295034867886e-01 9.295187916703344655e-01 9.317254188217880539e-01 9.403586383275130967e-01 9.392055780662155184e-01 9.299067237122367047e-01 9.396788433546084951e-01 9.445323393686922975e-01 9.421145820688042738e-01 9.418373746977951599e-01 9.384280471834174353e-01 9.415983779849591562e-01 9.340856805530147744e-01 9.289512425673290830e-01 9.391366493932841175e-01 9.388383214257249865e-01 9.414585895163349871e-01 9.375998232992881487e-01 9.409906422938255632e-01 9.438188110973609879e-01 9.387212761543810569e-01 9.340096165076600121e-01 9.392532055335671703e-01 9.396986338700138441e-01 9.359423496826589917e-01 9.413305958915332283e-01 9.393527116852550263e-01 9.425272362907537449e-01 9.390351026533553247e-01 9.406332529922999397e-01 9.381745541287304091e-01 9.391576833752913744e-01
-4.502521094853741829e-02 1.578811083097042822e-01 3.191683985831575976e-01 5.664596541179149902e-01 4.665700750525363927e-01 5.112845719875618311e-01 7.430498772217160042e-01 7.251931711932571023e-01 7.448553332480871703e-01 7.015046427530692297e-01 7.667226540319320716e-01 8.181965101964417952e-01 1.000000000000000000e+00 7.566715064691932335e-01 8.492071571032905331e-01 8.455566136641113895e-01 7.316205542555150876e-01 5.310936927197452695e-01 6.103468587158807912e-01 4.441419193580311564e-01 5.082625736838979336e-01 6.202310117983478310e-01 5.732578960444802973e-01 5.784259795340550570e-01 5.967169290798328696e-01 6.935840163029675098e-01 7.473973180622153212e-01 7.468063414615001561e-01 6.547512827725381346e-01 7.101785856544728937e-01 7.495891717689961986e-01 7.712879274024968534e-01 7.556028428874754788e-01 7.492654787191143084e-01 7.458485996068694446e-01 7.651634715507980022e-01 7.722361705253870667e-01 8.155171452701160950e-01 8.250944907200257195e-01 7.820557674394805758e-01 8.348318603160250762e-01 8.446589755569531288e-01 8.211830259234099705e-01 8.341378238020977776e-01 8.233729738534008025e-01 8.220155963889701489e-01 8.566008561804574484e-01 8.448719942363421831e-01 8.470744010269538604e-01 8.136496992479022028e-01 8.462677837458784103e-01 8.102571682578879608e-01 8.366132801935034502e-01 8.273682653514956575e-01 8.078232995623620960e-01 8.053137790948623476e-01 8.203690105528022025e-01 8.494264757651874831e-01 8.394830337500165385e-01 8.533678322632687330e-01 8.475425320279765806e-01 8.436730167548415205e-01 8.381501030517846118e-01 8.362132480820781977e-01 8.252759827215304655e-01 8.401878270504665736e-01 8.460631710240419379e-01 8.259729198235902237e-01 8.280500838004177799e-01 7.869998391745758326e-01 8.107036678933380314e-01 8.216558699360799745e-01 8.084584293171683811e-01 8.045538152352827987e-01 8.296580769379321429e-01 8.411382067845039057e-01 8.362483897483994344e-01 8.136009934333660043e-01 8.265697819404491664e-01 8.212502961582265337e-01 8.313338752713332891e-01 8.396090929093751321e-01 8.320882414039644237e-01 8.259016100035384556e-01 8.386439952313960999e-01 8.330616551235499045e-01 8.361671603338766134e-01 8.512234349481685447e-01 8.484935927207495343e-01 8.329452692189991403e-01 8.443116627603329816e-01 8.545114159643240059e-01 8.496891344507779831e-01 8.502485088231321875e-01 8.591442161977018710e-01 8.571038995744504341e-01 8.427965889337487582e-01 8.333632450206429620e-01 8.526531727766132329e-01 8.516937640452063585e-01 8.507650808530293762e-01 8.524502580986321743e-01 8.528822804114368772e-01 8.554143922556707302e-01 8.481078288345875738e-01 8.399320401214357412e-01 8.538530928605674308e-01 8.499790884432134597e-01 8.430176029074569755e-01 8.567749898716403578e-01 8.518457025235930402e-01 8.600861516393881745e-01 8.518297448964727847e-01 8.542426441054584707e-01 8.470865025309339824e-01 8.501551552201415118e-01
