1.000000000000000000e+00 1.888910776311304995e-01 1.539740997462500094e-01 -8.548497940512310433e-02 -4.846410453100938494e-03 1.815316394275032219e-02 -3.383771926148287229e-02 -5.580408025276197004e-02 1.778754682997598646e-01 6.612284810121571432e-02 3.067614082230190470e-02 -2.593626553108045740e-02 -2.202295119205082904e-02 -2.612238819926595082e-02 -2.815026557646729474e-02 -2.681048710273458910e-02 1.609775032861034405e-01 2.418298055206455910e-01 2.291125711342366644e-01 6.648628785532580132e-02 1.653059616734916248e-01 2.100159681952109281e-01 2.048975368389053808e-01 1.773305353352061520e-01 2.337351833907382603e-01 1.360497959749366048e-01 1.556486045838472443e-01 1.711735398542721942e-01 2.265999836133087419e-01 1.967597877175470689e-01 1.265949452978193668e-01 1.082850066353522739e-01 1.082026365056305284e-01 7.628592376207471437e-02 1.636466882582646720e-01 8.282638771053460469e-02 7.883780632156181523e-02 -2.151882125034640554e-03 7.008345399376729457e-02 2.856248423855528226e-02 2.501627070738187547e-02 1.866458562222351666e-02 -9.797468287282035115e-03 2.127699670073645698e-03 4.175668395308729242e-02 4.481191101200492771e-02 -4.383822044105110081e-03 2.933210505034171064e-02 1.564034514030257852e-02 2.139137142699804733e-02 1.207479276756381024e-02 -4.844138692634905596e-02 3.851403926340487595e-03 5.928787702439670265e-02 8.326495091653221547e-02 7.593212464496715275e-02 5.992135954034093909e-02 1.448225574021835826e-02 1.759069613824944603e-02 3.786205903055984978e-02 -1.138782745500787827e-02 2.480664431173731921e-02 3.087991809751153977e-02 3.204929037265836361e-02 7.847094388232549178e-02 4.963248346532410371e-02 4.600097034358687637e-02 7.791341604586299319e-02 6.950430824431153010e-02 4.448507238935738711e-02 8.951792254104580515e-02 7.420072702014936239e-02 6.368308888541437951e-02 9.219684001345618274e-02 4.434059398349247949e-02 5.775144477594406495e-02 4.390516974633116437e-02 9.444671802933719829e-02 5.395907995291038955e-02 7.389733084615218717e-02 6.168875843062589237e-02 5.681990928991607903e-02 5.235888117889988397e-02 7.118239155720151867e-02 3.139674124858725379e-02 4.249567945355184340e-02 3.943626709853468443e-02 1.911082967474520694e-02 3.648446719424983109e-02 5.859741560473042538e-02 1.265151304018006378e-02 7.245302846072533554e-03 1.956279070337593740e-02 2.120472194447289849e-02 1.399457328602909207e-03 2.332979885517103003e-02 -4.341886280726834670e-03 3.675817080018292660e-02 2.255457616795640812e-03 1.305403782483305353e-02 -9.555647121390875229e-03 2.634207302056798886e-02 -3.567497618702954306e-04 -4.316059914120981946e-04 1.103784668400770684e-02 3.965959760921968641e-02 2.664794123706921980e-02 4.328980891094798972e-02 3.840572658464162792e-02 1.838116845132025529e-02 8.564314357426416544e-03 2.654226725302992820e-02 2.202219374888741629e-02 2.698423822140379180e-02 5.475604659653059147e-02 3.122442246948836653e-02
1.888910776311304995e-01 1.000000000000000000e+00 7.608434729958467313e-02 -6.405183456708674061e-02 3.295831040104152398e-02 7.547268532290427046e-02 6.052161605697693736e-02 5.049045744415839310e-02 2.160507438718724804e-01 2.245574883528478616e-01 1.368960694262735256e-01 8.182973670325838222e-02 7.923669244577087600e-02 1.187624960310466882e-01 1.214414208730546091e-01 1.120730865415807825e-01 1.827957781729631637e-01 2.452191570628046435e-01 2.009638448953616485e-01 6.877660434303550785e-02 1.168550814284644024e-01 1.720456993779340971e-01 2.343101582624690371e-01 1.632720053261145221e-01 1.972441321073065690e-01 2.024726601944408233e-01 1.797594051085281419e-01 2.093928417430812039e-01 2.895115391190625220e-01 2.685809629382054364e-01 2.299747900977651971e-01 2.156728556273818931e-01 1.975444318153744272e-01 1.509842845417545543e-01 2.297319093273073043e-01 1.596156243958359866e-01 1.696101620977973901e-01 1.805915578620760076e-01 2.102656714624172585e-01 1.594454074631755369e-01 1.558249331819518968e-01 1.572595060410804102e-01 1.227629642272484445e-01 1.404454588766937129e-01 1.573916329203261522e-01 1.930396596729856140e-01 1.486910095298767109e-01 1.731394963459011727e-01 1.548841947193075608e-01 1.385227243632740357e-01 1.572365262688695253e-01 4.331116498373584200e-02 1.165547648213892395e-01 1.894802729376560968e-01 1.966664938922629557e-01 2.067409713700640306e-01 1.695916505350320569e-01 1.546540923960721126e-01 1.719863095894217375e-01 1.672994505319588265e-01 1.345632814750692408e-01 1.725813805242123744e-01 1.796109997112681766e-01 1.757858394516557676e-01 1.713507943022372637e-01 1.545251276766275994e-01 1.703238249977827301e-01 1.856964209818650346e-01 1.968294910517572049e-01 1.534507553604997632e-01 1.740117348096007766e-01 1.708543748023271802e-01 1.710745611068176242e-01 1.755141311860482778e-01 1.700926142281028175e-01 1.724553782060301577e-01 1.785455561850338713e-01 2.207098510690139459e-01 1.810177201884007325e-01 2.044134416516157904e-01 1.779758142531353837e-01 1.913095691839995782e-01 1.801716658910350322e-01 1.968636787484585038e-01 1.595786949589163561e-01 1.587703433327294911e-01 1.613875009629402169e-01 1.709886550350116774e-01 1.788087636785088697e-01 1.925334977401484127e-01 1.535554182051548922e-01 1.510627077203438584e-01 1.516494009849203850e-01 1.617657556818811460e-01 1.519376954876826280e-01 1.668240948311545402e-01 1.286011343537265539e-01 1.518290772234367758e-01 1.480460316007256583e-01 1.476656632248959655e-01 1.357893284123441735e-01 1.605695268002455822e-01 1.334507521767046290e-01 1.387971802253495368e-01 1.325913944379690235e-01 1.682717638023249751e-01 1.631060935734766626e-01 1.843929023799446565e-01 1.820167925587727054e-01 1.565737933131209625e-01 1.611522309918182183e-01 1.651140505910667355e-01 1.647372024895051301e-01 1.658154016528864960e-01 1.692160883051138376e-01 1.551403490546164055e-01
1.539740997462500094e-01 7.608434729958467313e-02 1.000000000000000000e+00 3.060120069348099547e-01 2.208294152089010087e-01 2.862430562376028220e-01 3.261202918372492210e-01 2.978319392953984734e-01 3.447095721022268577e-01 3.057404472744090218e-01 3.653767855407339948e-01 3.865925804015876155e-01 3.319067125009438346e-01 2.230978592148278872e-01 3.640436817533507230e-01 3.570990842585666236e-01 3.853529227033380411e-01 3.814354121510672435e-01 4.162139586696715909e-01 3.678881257826341900e-01 4.157532156582608995e-01 4.379097123984640461e-01 3.939422766763344130e-01 4.137088433319826564e-01 4.222804846224813002e-01 4.373105649899993730e-01 4.317306600162222896e-01 4.199238118784964779e-01 4.010910833885021343e-01 4.103520866909062814e-01 4.060917723750181452e-01 4.090452174216673287e-01 3.948442633552898262e-01 4.107559224383178220e-01 4.195118088822893943e-01 4.185864373556706930e-01 4.118114176126834169e-01 3.565648307036260456e-01 3.818746420095211480e-01 3.891809047704268831e-01 3.932797744818561370e-01 3.800983329487492846e-01 3.867014178722200102e-01 3.861763112361104588e-01 3.995001717960204313e-01 3.865707600409387101e-01 3.700211898873922434e-01 3.809865356247172929e-01 3.837478095304169279e-01 4.038894241136810059e-01 3.823471333632496028e-01 3.698791019140398317e-01 3.936265290266294237e-01 3.809044783600773476e-01 3.908407013200118629e-01 4.040609376815749165e-01 3.963634228576622953e-01 3.764947788561119890e-01 3.757557474266847719e-01 3.821807495770411234e-01 3.792883843199140737e-01 3.724150555669846763e-01 3.755404434382372814e-01 3.772818595512326678e-01 3.988871677428943996e-01 3.958264721233136219e-01 3.869548220177036479e-01 4.080522123597974393e-01 4.022389898199704716e-01 4.075051538628545744e-01 4.164241227507172738e-01 4.110851979479815954e-01 4.115556078004653506e-01 4.210213004576157658e-01 4.017982842970925783e-01 3.984268897405724985e-01 3.897661290665752065e-01 3.957803937845176812e-01 3.988996223850159728e-01 3.920427626668460674e-01 4.047218319308319434e-01 3.931491022246516032e-01 4.011047616504042623e-01 3.937187771928130631e-01 4.013705714083222742e-01 4.075754024002111731e-01 3.959764963399501903e-01 3.842927676275634807e-01 3.887796099501183433e-01 3.948072538411416810e-01 3.884549452453608387e-01 3.826532948606449769e-01 3.923214457844083070e-01 3.861999952253312718e-01 3.733018337347621118e-01 3.769903254322463648e-01 3.927726284139151924e-01 4.002054262535822415e-01 3.862268569665076035e-01 3.934196814022602462e-01 3.874357700958208639e-01 3.881259357595349124e-01 3.823359064409761476e-01 3.839626480124687657e-01 3.944798075774383905e-01 3.888183271209773584e-01 3.897512560073351784e-01 3.808527040867250024e-01 3.828495996113463473e-01 3.800162346232903166e-01 3.749912852857539280e-01 3.811478709181267965e-01 3.788574826264858864e-01 3.866229632934931049e-01 3.952907486431497253e-01 3.881741753189605348e-01
-8.548497940512310433e-02 -6.405183456708674061e-02 3.060120069348099547e-01 1.000000000000000000e+00 3.651549393756183259e-01 4.170529230173185553e-01 5.783629952238976690e-01 5.293645283516498212e-01 3.915124466611376586e-01 3.665990159432389595e-01 5.114588224834644148e-01 6.490873811275962302e-01 5.426128106607222001e-01 3.629859650854270203e-01 5.815220183813402111e-01 5.894888536173610305e-01 4.173816603097829647e-01 2.441606505321297638e-01 3.385567167981820558e-01 5.901286722502058213e-01 5.066661484353748302e-01 4.391134995490325044e-01 2.922748330617543910e-01 4.237171748707080354e-01 3.498210140158807824e-01 4.723902356507219680e-01 4.732593177039132182e-01 4.189779751493160620e-01 2.962980508705171934e-01 3.631869271542186861e-01 4.355749300657437151e-01 4.250767339403009881e-01 4.053070249612871767e-01 5.012579722992810405e-01 3.746901100590529499e-01 5.139343190192661170e-01 4.957556306898742715e-01 4.631164289189615979e-01 4.369329596027443641e-01 5.043760798613997620e-01 5.434913216145357273e-01 5.275835037946379202e-01 5.709714884786812883e-01 5.577254615791032988e-01 5.315726495092637505e-01 4.882868530280075614e-01 5.252415336636917509e-01 5.143167688704379792e-01 5.304980659703835144e-01 5.568302680264138882e-01 5.233280705209899519e-01 6.398292652492758581e-01 5.857390930432032627e-01 4.792930355802597076e-01 4.612189698252924241e-01 4.660658094905587578e-01 5.168685469498763840e-01 5.143002596873023080e-01 5.022733088776962784e-01 5.235894749407670190e-01 5.649001448366466338e-01 4.985561351661610963e-01 4.931039559772591452e-01 5.119818574822606605e-01 5.168533793934655396e-01 5.367637422899117494e-01 5.172437112750449817e-01 4.847273059465055933e-01 4.784304672323089758e-01 5.725543560643800989e-01 5.058678185450169451e-01 5.045523712887536316e-01 5.219643035722001390e-01 5.057663090158702746e-01 5.269547871553376117e-01 5.169986217301300035e-01 5.008870733472772230e-01 4.466063626685088939e-01 5.076595050202600268e-01 4.676392552589118679e-01 5.036303406361491986e-01 4.874003155359534767e-01 5.077302316394072257e-01 4.660267088083630549e-01 5.308502954160186915e-01 5.387664385351635943e-01 5.151804007284903619e-01 5.130140936046414524e-01 5.003195479642188470e-01 4.886109563510179776e-01 5.358140272671071402e-01 5.387608324119551595e-01 5.457842622449443626e-01 5.275791778753575745e-01 5.319069748253972829e-01 5.173821537046293662e-01 5.796269537271394601e-01 5.474658614588637784e-01 5.506819546297887502e-01 5.517062003352284361e-01 5.662357664410934133e-01 5.231417687021742147e-01 5.651122020556453851e-01 5.563437126074090022e-01 5.706289377470866730e-01 5.190270803057805971e-01 5.311700585145432418e-01 4.968795588427558640e-01 5.018308674229456923e-01 5.333261063833133475e-01 5.209776095609218727e-01 5.225327752503606815e-01 5.215918746796890382e-01 5.240841007990694189e-01 5.201438069858619340e-01 5.414036604336199821e-01
-4.846410453100938494e-03 3.295831040104152398e-02 2.208294152089010087e-01 3.651549393756183259e-01 1.000000000000000000e+00 3.200802279340282941e-01 4.892587670025267399e-01 4.671608461494620723e-01 4.189018370776784739e-01 3.920198583499638900e-01 4.755932216256692491e-01 5.205904276323393143e-01 4.870933046423630564e-01 3.617284836267949943e-01 5.131454728803708232e-01 5.193792051234912277e-01 4.389860215206453642e-01 3.702992288672894428e-01 4.111043295811258047e-01 4.518356051486703828e-01 4.260224722755804883e-01 4.488421047479452808e-01 4.082924164159367764e-01 4.368710444741396581e-01 4.160829412745105649e-01 4.877163337986379910e-01 4.771637718248138427e-01 4.589646258650069699e-01 4.001547267076798198e-01 4.303715771748147789e-01 4.745701903320714288e-01 4.677617418838254659e-01 4.428975333353901145e-01 4.782966977716994750e-01 4.380809770302913075e-01 4.964879285309580781e-01 4.933464102249554006e-01 4.635317659800827772e-01 4.723722607297060616e-01 4.931708355716616921e-01 5.142285692651877849e-01 5.071089186221511280e-01 5.187172562831340317e-01 5.222625079017687577e-01 5.142579278624207495e-01 4.971055703017225325e-01 5.017929901391008363e-01 4.995299447277989913e-01 5.038130733256539484e-01 4.982833234303056247e-01 4.975132264200111121e-01 5.238556606044152408e-01 5.198817746248129978e-01 4.898892815661569644e-01 4.803932297918601657e-01 4.907828501971515656e-01 4.987955345149332476e-01 5.056430294816647297e-01 4.935616053983764018e-01 5.065874432334752653e-01 5.179035844346444595e-01 4.930276292259668236e-01 4.909884240901057351e-01 5.014981785446619433e-01 5.034337555298769029e-01 5.092211128455752522e-01 4.985329094644431192e-01 4.999538868139711267e-01 4.963973687269691015e-01 5.239487932485201727e-01 5.062463071374980750e-01 5.027309591801201183e-01 5.082798733957580861e-01 5.029684887461782772e-01 5.112617111487318677e-01 5.019810065689492840e-01 5.004100264889442817e-01 4.738169033950738185e-01 4.959874037539493408e-01 4.830196805090997692e-01 5.015025435672302301e-01 4.909163558281794404e-01 5.017949086623426647e-01 4.835915898251387235e-01 4.986924592026537040e-01 5.087196184294932033e-01 5.056721519889467720e-01 5.012690659436249696e-01 4.955488278545744918e-01 5.015394473548112630e-01 5.080261339635083750e-01 5.123461084090027429e-01 5.139832577389730206e-01 5.084675862813626823e-01 5.024779767869489433e-01 4.990669282671201801e-01 5.150047910477657531e-01 5.038465972552973460e-01 5.155542200300660127e-01 5.096793478815124789e-01 5.216378114381048370e-01 5.012280697613824554e-01 5.113367684218393938e-01 5.151615843268869677e-01 5.206375223844662559e-01 4.996902363904420219e-01 5.042654910721283690e-01 4.926042820633906305e-01 4.993514407333080607e-01 5.063946639840440911e-01 5.054962059256949969e-01 5.040671436534379657e-01 5.041122577579507658e-01 5.002552331577084788e-01 4.971138375191504477e-01 5.072086539108465741e-01
1.815316394275032219e-02 7.547268532290427046e-02 2.862430562376028220e-01 4.170529230173185553e-01 3.200802279340282941e-01 1.000000000000000000e+00 5.177359764336600945e-01 4.796806002525326185e-01 5.089668787852820175e-01 4.545801016831335084e-01 5.453930557298569681e-01 5.845165273240382486e-01 5.115068854364834827e-01 4.015808539566342317e-01 5.767858338984238609e-01 5.663168910150726543e-01 4.961541133248499880e-01 4.125852576504662195e-01 4.592381846270763845e-01 4.549470375409099265e-01 4.705401749729135608e-01 4.895839847524308119e-01 4.672233176329071425e-01 4.664164038778913501e-01 4.535788075074624337e-01 5.512575868071611929e-01 5.538351730807498097e-01 5.351316399818358827e-01 4.928461776254928206e-01 5.201542440063998685e-01 5.619955503023725818e-01 5.385161053642325557e-01 5.218036224165484294e-01 5.386821112953871227e-01 5.300756330299011276e-01 5.572888419721595543e-01 5.718915958485543127e-01 5.485340881219330500e-01 5.530119289466254306e-01 5.680834253479354334e-01 5.951497932091370791e-01 5.827882505354226028e-01 5.729243299936345180e-01 5.944359073684469807e-01 5.897844680468102840e-01 5.736652612374145699e-01 5.857697962314487583e-01 5.801304898892797324e-01 5.831765699282352999e-01 5.723350041460478765e-01 5.778118113204355755e-01 5.617527753161726256e-01 5.997080739424943685e-01 5.767014561801599992e-01 5.625617744452906521e-01 5.719379486611451124e-01 5.719460252228372177e-01 5.819077679774318224e-01 5.764176660958648668e-01 5.875202348063980340e-01 5.904745649906423255e-01 5.772186935091651039e-01 5.746998659244487717e-01 5.805692529259668389e-01 5.782423872694757438e-01 5.841449435237108245e-01 5.847116246109397286e-01 5.736787144545969497e-01 5.761341546473462971e-01 5.874897762845071592e-01 5.768835319991341137e-01 5.839172500613143413e-01 5.756094948516814469e-01 5.765693375699120216e-01 5.925446652183430363e-01 5.892973278156277139e-01 5.900996122922200771e-01 5.671178682369508728e-01 5.836771985733227863e-01 5.715752122620186837e-01 5.882293965010688686e-01 5.804071132225557816e-01 5.881168513292222011e-01 5.749415980151518779e-01 5.887289577638878946e-01 5.881489573393637871e-01 5.888160226555112509e-01 5.856088648627398863e-01 5.858292914522731376e-01 5.839993278205231064e-01 5.946475244758523404e-01 5.930860961602764103e-01 5.967233624162598948e-01 5.916713068190544433e-01 5.885499085056643542e-01 5.859453647888095418e-01 5.930473466006820349e-01 5.858390082710527302e-01 5.934562860817229613e-01 5.939936997320370837e-01 5.965055346507812661e-01 5.882249041836350445e-01 5.924158544637478929e-01 5.956176086983063778e-01 5.968898544291821873e-01 5.844660590019035151e-01 5.917032019470567228e-01 5.828632768081407622e-01 5.835393374683621737e-01 5.877470125166969206e-01 5.881392237764009323e-01 5.892388631100941021e-01 5.884150173311274434e-01 5.890707780192709908e-01 5.889101334217700101e-01 5.884995837393159901e-01
-3.383771926148287229e-02 6.052161605697693736e-02 3.261202918372492210e-01 5.783629952238976690e-01 4.892587670025267399e-01 5.177359764336600945e-01 1.000000000000000000e+00 7.002449095868956697e-01 6.536464894706249806e-01 6.238589764642484825e-01 7.375963721694021036e-01 8.039131741198249914e-01 7.169545908124762557e-01 5.796395782356507098e-01 8.416282597780547770e-01 7.909601524992414534e-01 6.394291779857775859e-01 4.886134888361027273e-01 5.587802732914805004e-01 6.477448149051737714e-01 6.041706294863148363e-01 6.152535359032222928e-01 5.712955240043212646e-01 6.017189493811118117e-01 5.596518592557515603e-01 7.323664157444347289e-01 7.182182685693926372e-01 7.112215408735823585e-01 6.236454093267670418e-01 6.608979144407984840e-01 7.373760475251034396e-01 7.073932292129414545e-01 6.980715456797077501e-01 7.160328843719570013e-01 6.649647462535455134e-01 7.197351919062335845e-01 7.560176414728869698e-01 7.852333210305619815e-01 7.500218928555427711e-01 7.916504799884314103e-01 8.010099167624080696e-01 8.118937155937634431e-01 8.179820936403894294e-01 8.172960595619085389e-01 7.842942893016354722e-01 7.920919754203673557e-01 7.852402744060736905e-01 7.735727242156841266e-01 7.820644670535376042e-01 7.732699468910174678e-01 7.863278301454000863e-01 7.614552810452617226e-01 7.898722082176241610e-01 7.455001833054474281e-01 7.303287083365108678e-01 7.579483602542850251e-01 7.336576765385948162e-01 7.796485444112360996e-01 7.785911239298044517e-01 7.770515321303577139e-01 7.952078966141714611e-01 7.659207205262482665e-01 7.485075136533262397e-01 7.642987011889847970e-01 7.495629248127323452e-01 7.578093597344442989e-01 7.727726440384207196e-01 7.487909757497003271e-01 7.558766435278009288e-01 7.918679595394265691e-01 7.603024886029243756e-01 7.583804480525706548e-01 7.625060888051156116e-01 7.532994583098707730e-01 7.880094877912812157e-01 7.784441579772188868e-01 7.863045506380723637e-01 7.456634646293424096e-01 7.848321622652223439e-01 7.533448418720140038e-01 7.717000960003836951e-01 7.677129795971334714e-01 7.707514938053587894e-01 7.515056636471967311e-01 7.733204133146484027e-01 7.741973306998743976e-01 7.700012536835288968e-01 7.907955369058852213e-01 7.741970737953981496e-01 7.699957272480324466e-01 8.027186915225117403e-01 8.025712016934000159e-01 7.980945259913420076e-01 7.973194015843295679e-01 7.845048755841672605e-01 7.767591163412572719e-01 7.902249836730798060e-01 7.553680177287591668e-01 7.855980321016095003e-01 7.911653510009298840e-01 8.095494354259253900e-01 7.657538665554199930e-01 7.891190541956640825e-01 7.997698421168041305e-01 7.857973372080196972e-01 7.538803032648055957e-01 7.751197085803394060e-01 7.679215765656888237e-01 7.730348897127971020e-01 7.869799439354400183e-01 7.880017902624874004e-01 7.763071891887017850e-01 7.758918968552094286e-01 7.691912323911700433e-01 7.647639891937291212e-01 7.717993174390522793e-01
-5.580408025276197004e-02 5.049045744415839310e-02 2.978319392953984734e-01 5.293645283516498212e-01 4.671608461494620723e-01 4.796806002525326185e-01 7.002449095868956697e-01 1.000000000000000000e+00 6.330898240676174904e-01 6.094932220351441110e-01 7.003441228346849456e-01 7.683078560821223757e-01 7.116844462638138857e-01 5.327283592060906292e-01 7.772913248366104533e-01 7.841093147668936059e-01 6.283814614188044656e-01 4.434739392430733784e-01 4.981567717694453390e-01 5.577951513416444795e-01 5.174479823859762240e-01 5.563862182677679069e-01 5.231191392831502363e-01 5.238625522889733821e-01 4.905097338954703678e-01 6.885567082428946106e-01 6.779789574650633144e-01 6.503138052076720133e-01 5.783395771487617187e-01 6.185381222307777538e-01 7.057542233961340283e-01 6.642243210114796570e-01 6.447618431234182212e-01 6.640966797110969821e-01 6.275020992743053361e-01 6.676470771551216155e-01 7.049054307884100590e-01 7.366927509214495906e-01 7.181209622273213578e-01 7.236577289956390713e-01 7.644542436172950817e-01 7.636020279430176805e-01 7.596728830549190903e-01 7.778574192548211030e-01 7.473367990937387351e-01 7.446700537559983735e-01 7.673228269326656248e-01 7.599879787655871022e-01 7.635834497954708810e-01 7.467205314141104333e-01 7.631777935365939847e-01 7.419684191733607603e-01 7.650577432424616742e-01 7.392322867297489442e-01 7.189125234857314251e-01 7.225503912597969203e-01 7.327064000159048129e-01 7.668645169122152438e-01 7.605500723526855689e-01 7.614906673763927047e-01 7.794074329336011520e-01 7.592762772161594231e-01 7.514161495161393312e-01 7.585320760828900832e-01 7.343513728033319587e-01 7.523386244711431914e-01 7.546506339845561184e-01 7.219761651329816843e-01 7.264117809804538917e-01 7.503782269549273964e-01 7.215199118280933854e-01 7.361270119316153382e-01 7.204467875874753791e-01 7.103889683753386031e-01 7.589864056721888907e-01 7.502017200466892799e-01 7.502692418067700153e-01 7.167151358789455307e-01 7.511366096021688810e-01 7.309076345584980539e-01 7.439270440906226023e-01 7.485226334181935837e-01 7.443982060851934701e-01 7.282131343720962269e-01 7.541688304969224044e-01 7.458832608846218681e-01 7.475661928489084618e-01 7.655651169178512294e-01 7.542777118682862936e-01 7.433886417108725997e-01 7.644229226290576440e-01 7.755303487437690269e-01 7.682621338392267019e-01 7.708160388099535298e-01 7.724328497383627923e-01 7.630709756237568087e-01 7.722072130578446769e-01 7.546241159638401585e-01 7.734757214342744547e-01 7.747589534467066441e-01 7.780842445197558854e-01 7.642636200562437088e-01 7.730234439257085421e-01 7.802488635859704535e-01 7.683879371965921523e-01 7.526047305938540211e-01 7.653420702289761568e-01 7.520465202396274806e-01 7.559119212548431888e-01 7.738930468204661128e-01 7.714570811966173780e-01 7.655510948865225096e-01 7.671473822000249854e-01 7.617963937583547285e-01 7.532747182250345563e-01 7.636765557781597380e-01
1.778754682997598646e-01 2.160507438718724804e-01 3.447095721022268577e-01 3.915124466611376586e-01 4.189018370776784739e-01 5.089668787852820175e-01 6.536464894706249806e-01 6.330898240676174904e-01 1.000000000000000000e+00 7.462823338054010991e-01 7.835530394799674614e-01 7.672620351914130055e-01 7.169387691828408293e-01 6.048646093593070816e-01 8.096598181629488522e-01 7.942813866943195800e-01 7.910161511582405325e-01 7.001984164143785216e-01 7.330319531132618582e-01 5.622807671805264418e-01 6.400581101650391069e-01 7.391420646207021994e-01 7.668541539293012299e-01 6.903198357422352105e-01 7.083729183178819611e-01 8.356558324692604511e-01 8.283438209118915152e-01 8.262423745179081624e-01 8.216754000028244631e-01 8.471208784041213136e-01 8.705139704440219006e-01 8.327845528217542315e-01 8.035094490304218739e-01 7.748823345009084873e-01 8.342043466079095415e-01 7.941985676222548252e-01 8.471584938097904693e-01 8.160009956537938036e-01 8.579219199746552782e-01 8.075900282382070250e-01 8.512073518937879335e-01 8.443511385795607893e-01 8.032299273202797574e-01 8.465667633689488714e-01 8.527544308230757819e-01 8.544494936405466756e-01 8.587862113915394335e-01 8.748825531368116248e-01 8.592789673778206128e-01 8.144616401477833278e-01 8.463935554195441968e-01 7.391331564480344563e-01 8.245616622368261428e-01 8.772457105497666330e-01 8.636159620585425190e-01 8.662823962840088265e-01 8.451017076231347458e-01 8.608987895394615286e-01 8.581784548408286639e-01 8.732820849343780889e-01 8.471624733372988825e-01 8.629878426615142928e-01 8.608814394265456027e-01 8.692958729205486623e-01 8.694748214054518476e-01 8.591387527790707024e-01 8.754197798813195819e-01 8.722556853603348204e-01 8.742388488043285610e-01 8.478537193755896206e-01 8.641627687881279218e-01 8.734664265290887908e-01 8.485839815339555336e-01 8.581612371330542555e-01 8.749185540958681617e-01 8.756570258559023268e-01 8.709365607747791005e-01 8.829065114695389127e-01 8.738756738105444288e-01 8.817386049286423111e-01 8.732217637017982703e-01 8.819987459025929732e-01 8.727829587076372242e-01 8.782375041404374416e-01 8.602217872981030578e-01 8.579547384113620501e-01 8.665003247104756667e-01 8.667309894342718479e-01 8.747829526718325921e-01 8.775917359065958934e-01 8.555048786094164859e-01 8.645274277342192004e-01 8.660045506179939734e-01 8.689820392759296519e-01 8.665278346694113010e-01 8.746257642666033227e-01 8.305147212936285772e-01 8.523956927460364374e-01 8.570498869506352202e-01 8.569477418151675296e-01 8.486986788494158551e-01 8.646537327331039746e-01 8.561442073033199707e-01 8.595171384366846468e-01 8.518038062198977078e-01 8.619739121470535448e-01 8.707862551026037679e-01 8.794171453777120950e-01 8.763202119762086850e-01 8.693366781259505016e-01 8.643183955304782895e-01 8.755228982044376274e-01 8.695313026127193812e-01 8.715753459818021964e-01 8.779465331253772931e-01 8.678146502666198581e-01
6.612284810121571432e-02 2.245574883528478616e-01 3.057404472744090218e-01 3.665990159432389595e-01 3.920198583499638900e-01 4.545801016831335084e-01 6.238589764642484825e-01 6.094932220351441110e-01 7.462823338054010991e-01 1.000000000000000000e+00 7.292036414004674505e-01 7.146532672789914775e-01 6.638975072438852987e-01 5.784863853531053701e-01 7.705844242391451937e-01 7.503950772761954768e-01 7.083958483904170267e-01 6.081740227221770212e-01 6.175278523656361207e-01 4.916308204837000484e-01 5.459831576265143926e-01 6.312742583938125707e-01 6.764871885072972768e-01 6.008293604152867839e-01 6.086265987599090987e-01 7.612941467935792073e-01 7.522007078501835586e-01 7.445674471495662416e-01 7.456371545018808389e-01 7.645813633010736243e-01 8.071168049150104773e-01 7.665463357815034406e-01 7.425347479085676605e-01 7.083017024991971056e-01 7.626852896898691503e-01 7.222626113157349925e-01 7.794292179027703105e-01 7.903232268880524547e-01 8.058687767589144402e-01 7.616793957374775603e-01 7.974486841983388086e-01 7.946686235980279234e-01 7.510336727995885475e-01 7.926578346652543017e-01 7.930579349861700544e-01 8.078790319405402265e-01 8.060824602127970584e-01 8.154517180826121869e-01 8.043964594358959941e-01 7.608791487524685371e-01 7.977779124884365469e-01 6.711963070455421176e-01 7.643652828849524239e-01 8.150367899970718533e-01 7.968307929960568581e-01 8.056676274436439522e-01 7.768374620191775826e-01 8.041010986620580336e-01 8.101312011140624492e-01 8.081062008279382702e-01 7.925705858951187510e-01 8.092467997009693548e-01 8.009502645960197009e-01 8.076226403847951429e-01 7.900793360384202879e-01 7.878705308859652590e-01 8.119433137860937455e-01 7.993634569823211411e-01 8.083262318827404425e-01 7.756623819724172142e-01 7.868459504002280891e-01 7.992238494750077971e-01 7.791653956807247372e-01 7.795072768065844926e-01 8.122031566979623918e-01 8.110291843025070335e-01 8.157703201491891543e-01 8.176948478816674637e-01 8.151532903579873368e-01 8.185522790396357884e-01 8.087008034954518143e-01 8.210297739772951520e-01 8.095729646516481859e-01 8.148163790684891383e-01 7.987921235015240651e-01 7.935765493551716343e-01 8.051343926058900369e-01 8.171245668510571658e-01 8.165482900628979746e-01 8.168078385274506470e-01 8.029812188045978294e-01 8.105146750319324189e-01 8.065439113429643259e-01 8.134889256653659029e-01 8.121458254360670592e-01 8.167146956303182881e-01 7.738098661610451900e-01 7.848488299048359540e-01 8.005481897407187297e-01 7.987964157298741430e-01 7.920495436558375735e-01 8.029301503603268886e-01 7.966732126556637095e-01 8.018661199145298291e-01 7.867691662905923478e-01 7.968985022420052022e-01 8.094951453077943171e-01 8.209774447489406324e-01 8.189625837826655097e-01 8.086410277532022350e-01 8.116312128036363704e-01 8.143196731302230207e-01 8.113764638211183877e-01 8.096366359641309352e-01 8.089813916088134382e-01 8.012987377994466032e-01
3.067614082230190470e-02 1.368960694262735256e-01 3.653767855407339948e-01 5.114588224834644148e-01 4.755932216256692491e-01 5.453930557298569681e-01 7.375963721694021036e-01 7.003441228346849456e-01 7.835530394799674614e-01 7.292036414004674505e-01 1.000000000000000000e+00 8.534496840374699023e-01 7.797661846699547317e-01 6.274240776023634059e-01 8.657590855688271914e-01 8.487102344877806015e-01 7.821372867251672467e-01 6.606613762050633776e-01 7.137943134521413935e-01 6.311387627115799814e-01 6.739000719088394931e-01 7.435008706386876387e-01 7.392363497965693808e-01 7.138180127577213874e-01 6.996347695233404718e-01 8.401710638755285343e-01 8.257516975214492794e-01 8.132855951832957953e-01 7.625872252073391255e-01 8.039371576866800595e-01 8.717038829424439417e-01 8.419170202566494954e-01 8.159195664990042118e-01 8.247117830000614269e-01 8.172068131690053416e-01 8.381495480563515565e-01 8.726985105896223338e-01 8.504642397622724781e-01 8.674144896154550866e-01 8.555879807937305515e-01 8.896873910577794975e-01 8.838129527086396875e-01 8.660146758528802780e-01 8.942397010136859947e-01 8.883626261768728938e-01 8.765603794655724146e-01 8.967561699817800935e-01 8.963640096917089295e-01 8.926263684434859735e-01 8.670167905092411864e-01 8.803441179566297015e-01 8.320857748935808207e-01 8.803326620377123213e-01 8.867062602237615332e-01 8.687672662090014652e-01 8.808186137541802463e-01 8.693493280690361980e-01 8.881041581862417766e-01 8.822702125064295631e-01 8.917327931753283865e-01 8.928883921757845288e-01 8.832185222788013768e-01 8.797653341048899955e-01 8.882827599776221827e-01 8.826298002415264854e-01 8.855514287815622332e-01 8.951774334447374359e-01 8.883441830513204573e-01 8.890911082052053160e-01 8.859962529145283261e-01 8.841643976552598927e-01 8.913140189329157304e-01 8.817870200791706470e-01 8.790206320998547040e-01 8.987965535160001851e-01 8.961471230946237432e-01 8.929416040970056256e-01 8.774593730194694130e-01 8.949460159735626030e-01 8.848460914660388754e-01 8.964973146148067507e-01 8.927546646115551709e-01 8.985277043825226073e-01 8.879223099876932812e-01 8.949685663427862092e-01 8.967180761137745204e-01 8.976073264616133418e-01 8.965344774711907494e-01 8.976792571515024299e-01 8.937140733765114309e-01 8.981078130656898750e-01 9.000348080052088529e-01 9.021552891275148589e-01 8.998953357980945533e-01 8.978029307357625610e-01 8.979693210435812922e-01 8.881605513663135554e-01 8.870636714282371660e-01 8.986099656945659708e-01 8.998318583123353642e-01 8.993887730476809450e-01 8.941442859223166506e-01 8.934312896143942195e-01 9.007616052207894075e-01 8.990127616770920982e-01 8.886204686266390151e-01 8.991622568355114309e-01 8.964970029227138371e-01 8.967401788657031192e-01 8.971964016599305314e-01 8.965107029726758769e-01 8.970236821586305975e-01 8.964751706437293910e-01 8.968831578935668736e-01 8.933947115100365766e-01 8.966650066294268306e-01
-2.593626553108045740e-02 8.182973670325838222e-02 3.865925804015876155e-01 6.490873811275962302e-01 5.205904276323393143e-01 5.845165273240382486e-01 8.039131741198249914e-01 7.683078560821223757e-01 7.672620351914130055e-01 7.146532672789914775e-01 8.534496840374699023e-01 1.000000000000000000e+00 8.268789267472962390e-01 6.279679671417650599e-01 9.067500253996874093e-01 8.967093073871797992e-01 7.636301517757214663e-01 6.003108027692205528e-01 6.829717902408426466e-01 7.286573882398439395e-01 7.056016628925212419e-01 7.443757206623341505e-01 6.848275205217450035e-01 7.102686316277475598e-01 6.744569935189730359e-01 8.366745750224228173e-01 8.281713078180655829e-01 7.984725502594699487e-01 7.082845039156034916e-01 7.644722998228593580e-01 8.473008675677040635e-01 8.227032093359879505e-01 7.938816924027545241e-01 8.306741334461865689e-01 7.794978325855854706e-01 8.447294004043403026e-01 8.679880891307805157e-01 8.593743565860296751e-01 8.536883870962185261e-01 8.735930263573100651e-01 9.118120102554948536e-01 9.034492032731384903e-01 9.104498603009505420e-01 9.221958193366734946e-01 9.025554098794401625e-01 8.779693448710651493e-01 9.100895340787426013e-01 9.055830681312811992e-01 9.108903685084159818e-01 9.019525171540965225e-01 9.051238272215947900e-01 9.017907279780198460e-01 9.213427186917679812e-01 8.820395752072844875e-01 8.617353061402098779e-01 8.722672870108070242e-01 8.851324894858617620e-01 9.037804939635269985e-01 8.985308702508426615e-01 9.052463598736241179e-01 9.251638378281618058e-01 8.947681442942491126e-01 8.899031430120932784e-01 9.000914786350250330e-01 8.875013202025685555e-01 9.032829033049132317e-01 9.036831046968939463e-01 8.840583287024305070e-01 8.835823532028830307e-01 9.183516781249231320e-01 8.879461234197908448e-01 8.953491416386545332e-01 8.894025767102133884e-01 8.837702185316752557e-01 9.085723694114693494e-01 9.025682278774477263e-01 8.973554169233110001e-01 8.606704716909682196e-01 9.001926889147154887e-01 8.772389293935344279e-01 8.979692629696407469e-01 8.898564688068811845e-01 8.986155127794328568e-01 8.771091179201585541e-01 9.076481055689659128e-01 9.092738619656334231e-01 9.030321690107856458e-01 9.069432284232513686e-01 9.001597065334061565e-01 8.915438138214278885e-01 9.137039633029281349e-01 9.202211538542810487e-01 9.210708883875052821e-01 9.150885005832172236e-01 9.149752809497412320e-01 9.084959239396012132e-01 9.252608852389738736e-01 9.090298509154286499e-01 9.213839085128665563e-01 9.227681065427665308e-01 9.294151798071500492e-01 9.074682558193208903e-01 9.240999500117464960e-01 9.272321399704429590e-01 9.265121528281696772e-01 9.005463493928760332e-01 9.132787417083887416e-01 8.974763007581562091e-01 8.994351369237143512e-01 9.162462729148121987e-01 9.112164910646143312e-01 9.088104264042912162e-01 9.099478031379073517e-01 9.092840237327162178e-01 9.015510547990995827e-01 9.145258137705490897e-01
-2.202295119205082904e-02 7.923669244577087600e-02 3.319067125009438346e-01 5.426128106607222001e-01 4.870933046423630564e-01 5.115068854364834827e-01 7.169545908124762557e-01 7.116844462638138857e-01 7.169387691828408293e-01 6.638975072438852987e-01 7.797661846699547317e-01 8.268789267472962390e-01 1.000000000000000000e+00 5.834449860993956571e-01 8.395572659704506613e-01 8.351865389803583284e-01 7.157021813023698442e-01 5.570836634516871388e-01 6.345799709597165217e-01 6.353304424490501257e-01 6.252677118722063110e-01 6.859512805077813136e-01 6.430762479641883855e-01 6.458087032494146396e-01 6.296951756611010032e-01 7.771807694382104614e-01 7.766880755250786805e-01 7.474550377362989551e-01 6.747935036001395659e-01 7.269354367529895500e-01 7.933561276869851575e-01 7.611064749204110580e-01 7.321554506718984667e-01 7.593843918427913842e-01 7.319274718254176193e-01 7.791229455138564131e-01 8.064782462240679406e-01 7.855166731542955194e-01 7.998332940042034434e-01 7.974932943567674126e-01 8.461065947707706592e-01 8.363857049065241966e-01 8.319569609839508884e-01 8.506688819211432051e-01 8.385936940767778625e-01 8.209885498989516472e-01 8.497274517165582797e-01 8.439175747815699236e-01 8.460179233438703816e-01 8.168337509516282458e-01 8.339887985743492660e-01 8.219329028567977646e-01 8.462434184059349773e-01 8.277633878292626202e-01 8.002642523936051022e-01 8.105521347088968653e-01 8.144644930083788648e-01 8.423029067344397491e-01 8.309183224137809409e-01 8.503402949932105104e-01 8.572683967919381143e-01 8.330482588734626770e-01 8.265160431393259177e-01 8.440390546008197381e-01 8.382546004859002808e-01 8.438119199903902912e-01 8.467010028065443672e-01 8.254015192315943272e-01 8.255524962445746073e-01 8.451464193150075577e-01 8.302953915073382207e-01 8.405874672211804954e-01 8.254213521064823755e-01 8.243531457897101955e-01 8.488348614373957268e-01 8.444718046062258399e-01 8.375451160453716293e-01 8.090697893449931843e-01 8.393792293616362254e-01 8.241557013057411174e-01 8.415721213686244706e-01 8.375839107370630643e-01 8.407225827239535043e-01 8.224192130921158528e-01 8.379543644608896669e-01 8.447194623542225722e-01 8.478016954122415960e-01 8.433080796044639671e-01 8.424384550038631625e-01 8.358737334565746746e-01 8.471734432281294858e-01 8.569326356177331405e-01 8.591027558646746609e-01 8.536676119305817156e-01 8.543569691795308563e-01 8.487610813936339316e-01 8.412039632582419824e-01 8.371026233099174707e-01 8.514816073864297508e-01 8.514346252313539365e-01 8.579522915833324159e-01 8.431244704254203803e-01 8.597808398694889442e-01 8.620528222616669067e-01 8.614316519266062011e-01 8.326986794552513338e-01 8.510464966334803094e-01 8.403229592811021220e-01 8.390931143512228019e-01 8.532736305816990274e-01 8.448126741818265950e-01 8.521933136196079284e-01 8.478062895864292292e-01 8.498818894124464673e-01 8.469475340376430017e-01 8.532087440563507208e-01
