1.000000000000000000e+00 1.842572460349885255e-01 8.885349008165543960e-02 1.699912242827554196e-02 7.588623030783471501e-02 2.797379864433013896e-02 1.324053958516840379e-01 3.897545744925335481e-02 2.658128792494270920e-01 1.295465337950839346e-01 5.811332979895083434e-02 7.225474388563852927e-03 3.305093443467915781e-02 4.637403212952258269e-02 5.716844578331420346e-02 4.436945686112742787e-02 1.823910431325792836e-01 2.381665238536654905e-01 2.342136473687544684e-01 9.275306074038204562e-02 2.072215793722376742e-01 2.359386284057742311e-01 2.704772018492145325e-01 2.339170038113324579e-01 2.359640389974793084e-01 2.213321104329004085e-01 1.363799450503641320e-01 1.521410111157619482e-01 1.933547226543859410e-01 2.088903560698924800e-01 1.437192560956086496e-01 1.761452313846981199e-01 1.692363844718131893e-01 1.575008173199733963e-01 1.831415617105543459e-01 1.094313706818149656e-01 1.357975236068935110e-01 8.762684612365204129e-02 9.093452539652899236e-02 4.563669389156427975e-02 6.917589774644600231e-02 5.531382551476526216e-02 6.401633094926414969e-02 4.582665491997994084e-02 6.478597772377110708e-02 5.928032029450976126e-02 1.778940759780014633e-02 4.054477407923332694e-02 8.340274857334359360e-02 1.054797662986268619e-01 5.389299049505402034e-02 8.674893198541033801e-02 3.484750772000567293e-02 7.231851991872216556e-02 7.920028270784484903e-02 9.374169216829680851e-02 1.075649030874780976e-01 1.173755301582746734e-02 4.736054128664153595e-02 4.874344880218441783e-02 3.302471755064799452e-02 3.810940704115149680e-02 5.777408193278368853e-02 7.161786604464211170e-02 9.653624730474698323e-02 7.741862807697655335e-02 4.130732665025883127e-02 7.192532219891648038e-02 8.578342923540584197e-02 4.838306542023563389e-02 7.853618454653438219e-02 7.184127172608527345e-02 8.462881893710937076e-02 9.815139348927087726e-02 8.608050212556909997e-02 6.086254187779794461e-02 5.922314274604385115e-02 8.686199221250534563e-02 7.048559944583102088e-02 8.227994394817571278e-02 7.365564747496622378e-02 5.703775935961070270e-02 8.207061798915786521e-02 6.760456439326023581e-02 3.017453860563750964e-02 5.902787491949108845e-02 3.719944087171148800e-02 1.095862033529709269e-02 2.626440167363155651e-02 4.941167164037608278e-02 2.119281359450742031e-02 1.353563087637342684e-02 2.552405502530488007e-02 1.761255260731623903e-02 -2.678547907811646908e-03 1.704093061579326635e-02 -4.486952119710346451e-03 5.616397664584019817e-02 1.890613772496075977e-03 9.634991262285015623e-03 -1.469457576533570852e-03 4.987271308327884643e-03 1.798976748478886556e-02 -3.721553385708712639e-03 2.759852384672542222e-02 2.793917728775113796e-02 3.014282392085990830e-02 3.697395973594026775e-02 3.197591975287995131e-02 6.210652507519646634e-03 -5.613740291894002768e-03 1.974341937465385124e-02 5.398426616078218394e-03 2.945881569430877991e-02 4.760161359800008096e-02 3.188290977592990461e-02
1.842572460349885255e-01 1.000000000000000000e+00 8.015914667258744464e-02 9.502431005380936047e-02 1.160896705373947596e-01 6.223970870332401484e-02 1.968162071020745363e-01 1.406089036939190406e-01 2.120097054715907592e-01 1.928317875547063964e-01 1.472942288682427270e-01 1.295574210521958924e-01 1.316977087779988287e-01 1.297364453181199528e-01 1.840043362317251296e-01 1.600371194902300565e-01 1.652348839796742852e-01 1.824054980025434092e-01 1.844310799899241959e-01 1.697273373712209765e-01 1.656806589654566952e-01 1.908378145091279565e-01 1.992967415370538176e-01 1.740272260213290012e-01 1.795105323219639004e-01 2.067204278747948043e-01 1.696814894551904318e-01 1.688636275646824003e-01 1.908249403554546364e-01 2.076886735303354325e-01 1.912352686968354087e-01 1.800897475111225277e-01 1.762109382286883019e-01 1.709311706040615164e-01 1.804119705609462943e-01 1.644335533276467254e-01 1.659526259659928615e-01 1.675865448372060029e-01 1.775051107852289312e-01 1.235471792146009412e-01 1.579049159308012484e-01 1.446866300821609275e-01 1.523880852911474459e-01 1.496965961392437705e-01 1.531875229681558814e-01 1.631396202219699276e-01 1.355478778606358792e-01 1.529859417064368954e-01 1.641269132978043777e-01 1.570921956043809797e-01 1.513303365997991923e-01 1.382253688331725738e-01 1.354321227529901028e-01 1.668467056076641530e-01 1.713186416675692991e-01 1.652941576234180088e-01 1.740653164072218373e-01 1.398665842703450124e-01 1.608532763111875097e-01 1.531186776217668966e-01 1.499180038649667035e-01 1.566595091945641727e-01 1.714327894231330585e-01 1.609378104400311926e-01 1.636876960757651656e-01 1.686041419975866928e-01 1.445647128995360686e-01 1.516935888644461716e-01 1.611850272689184238e-01 1.541410437753720220e-01 1.542650679365696331e-01 1.514922985662585098e-01 1.541874574229827599e-01 1.607493294450530186e-01 1.629737149866197776e-01 1.480039405014158538e-01 1.480880619765705397e-01 1.573241652238795141e-01 1.601677041821813474e-01 1.707930849387744310e-01 1.588351319965848052e-01 1.549216599819648044e-01 1.582364579618556755e-01 1.494674601241280099e-01 1.330979154963493061e-01 1.452272468205847156e-01 1.386468367210725861e-01 1.329652651221289172e-01 1.381998434877312609e-01 1.469460768528084160e-01 1.291623369318742887e-01 1.356253306861968100e-01 1.386890542880487853e-01 1.371122859330650423e-01 1.288306451459879098e-01 1.437093813974267276e-01 1.224071531312993372e-01 1.493686346493273698e-01 1.328084841018947748e-01 1.296108624459393344e-01 1.307474955459222987e-01 1.340429007178542409e-01 1.353006692068897954e-01 1.283405064422877828e-01 1.372475722754429028e-01 1.520071636374824564e-01 1.473006380438246776e-01 1.470916020734399643e-01 1.476966857155017354e-01 1.339858072969009606e-01 1.311218138832072055e-01 1.407153889674881420e-01 1.399089644349588157e-01 1.441523530201875014e-01 1.451604353995291086e-01 1.488333620574158467e-01
8.885349008165543960e-02 8.015914667258744464e-02 1.000000000000000000e+00 3.311419843254391204e-01 2.077490641013461370e-01 2.292443690104446763e-01 3.528096930301623524e-01 3.030872854556118101e-01 3.703230516745693590e-01 3.070402201630931804e-01 3.645271845116005993e-01 3.836395882883147923e-01 3.187061207637902904e-01 3.546105542731736726e-01 3.776332149881196920e-01 3.490805685697991323e-01 3.266164743769209289e-01 3.782027953267793063e-01 3.777110556757419801e-01 3.746786021181536253e-01 4.089983725958641902e-01 3.911958907393821017e-01 3.908045958126024066e-01 3.978040089754378839e-01 3.834275908810172440e-01 3.847610414211569130e-01 3.713875518112046414e-01 3.638318031447694834e-01 3.790406871231342123e-01 3.849126194253046362e-01 3.860647687353926938e-01 4.025907426012337864e-01 3.665620202626817536e-01 3.915003295603892153e-01 3.810314765509994483e-01 3.927563622721789161e-01 4.018648018652652976e-01 3.654015447727609889e-01 3.771154424807370287e-01 3.743331722695741881e-01 3.878567021778730473e-01 3.838769915856898307e-01 3.847294911404519069e-01 3.710265193953600771e-01 3.901961518596593348e-01 3.753764279433222106e-01 3.709817725790295895e-01 3.720827839017412098e-01 3.789256086095467158e-01 3.694236674480905758e-01 3.650809620162966396e-01 3.739503393082299620e-01 3.746183638150232253e-01 3.692718839894123528e-01 3.702763792125017273e-01 3.846762294908460666e-01 3.640735467221855037e-01 3.594304657511402934e-01 3.595642436012765342e-01 3.652114224883460381e-01 3.700825221147027722e-01 3.578652429204200458e-01 3.629099265970449628e-01 3.640990277180190526e-01 3.740221664970577176e-01 3.687284804981358910e-01 3.649979328052430083e-01 3.824648336115942238e-01 3.904187549939317492e-01 3.997370096992144961e-01 3.976775646768777595e-01 3.874744232089107898e-01 3.998824900452276343e-01 4.034397547343801516e-01 3.890541617152467047e-01 3.817440660918924866e-01 3.803337295940488749e-01 3.804396209725116051e-01 3.853045649806975947e-01 3.795582886296914871e-01 3.905888862834902553e-01 3.853522917591139518e-01 3.943670760817563070e-01 3.784837287969565200e-01 3.863473617241836022e-01 3.900661852965490728e-01 3.880973555442933098e-01 3.760290179715219949e-01 3.748590854511955062e-01 3.840596588233884390e-01 3.784748271902685923e-01 3.750803093313954673e-01 3.740176375615492654e-01 3.741924872495970833e-01 3.616591242893757996e-01 3.654025681379637902e-01 3.645822261522845276e-01 3.659455605504662312e-01 3.653636093712027133e-01 3.722407487244971946e-01 3.718596317617531843e-01 3.661914979799140712e-01 3.700745917951930863e-01 3.689934662690428913e-01 3.754690916088379571e-01 3.530711770212309197e-01 3.662075154224769813e-01 3.719563584942390255e-01 3.722430765066434000e-01 3.618229673573711280e-01 3.582032231841888459e-01 3.652773124261891047e-01 3.627993744163490186e-01 3.675037294434579938e-01 3.702615380189540617e-01 3.691778139932002656e-01
1.699912242827554196e-02 9.502431005380936047e-02 3.311419843254391204e-01 1.000000000000000000e+00 3.953227056937637651e-01 3.329063444386602955e-01 5.834327989549441540e-01 6.214778265185773032e-01 4.645357518009904374e-01 4.405217239203318980e-01 5.379555614406931197e-01 6.539381979734063544e-01 5.139413624856489227e-01 4.853256349647608880e-01 5.842607642634609633e-01 5.932657407631322100e-01 4.310006055287102233e-01 4.114997929048580527e-01 3.932607808103941727e-01 6.228681782429171809e-01 5.958203446327926533e-01 4.569584716359063603e-01 3.802102461109346798e-01 3.994254264157847123e-01 3.669707153356202012e-01 4.332684451733733733e-01 4.615099625846895703e-01 4.251230171128983493e-01 4.309210338768516002e-01 3.988376917916410247e-01 4.483948219098652377e-01 4.857852417537633083e-01 4.206751066571747799e-01 4.861725664219258003e-01 4.236539476060025566e-01 5.272807413921472008e-01 4.710302250379506117e-01 5.315790736271156502e-01 5.233823464488485122e-01 5.636071413694115906e-01 5.330482649651092641e-01 5.513221840414908037e-01 6.103867041432450291e-01 5.823842124841133172e-01 5.559937423871071926e-01 5.460224724576102640e-01 5.316024028595516260e-01 5.146137322995726349e-01 5.431948547201629340e-01 5.532699259379942891e-01 5.592406469805771829e-01 5.942118009439198989e-01 5.909402046333869229e-01 4.912961706543700346e-01 5.037082352675238406e-01 5.134893199985756107e-01 5.419057709180166160e-01 5.361790035693203560e-01 5.363846171843700272e-01 5.506092821749636324e-01 5.621922575542636080e-01 5.436372354146599140e-01 5.453635741480998833e-01 5.490810463555686471e-01 5.168188658160187687e-01 5.370841265694603628e-01 4.925633910457060116e-01 4.884369553042740564e-01 5.060987158309451228e-01 5.846864131025643063e-01 5.472258103701844734e-01 5.033168615750575059e-01 5.158057343908416525e-01 5.121232702656492997e-01 5.208024100779889975e-01 5.024351232381115695e-01 5.173132145944694393e-01 4.959249987694277495e-01 5.201567506934030582e-01 4.851198792989843689e-01 4.997416532442234827e-01 5.029646790808696144e-01 5.329566773793863455e-01 4.829896502026712612e-01 5.563567838513585606e-01 5.237836218798470611e-01 5.281077346220666158e-01 5.541965644527193646e-01 5.339175152861592721e-01 5.323281609605647891e-01 5.356257130096970798e-01 5.417942041447583179e-01 5.332720711006181391e-01 5.394092354213416707e-01 5.230345846135949772e-01 5.185473056222537069e-01 5.733878510774195192e-01 5.564043913794132212e-01 5.412491276744811897e-01 5.637837410771729951e-01 5.725654938364984625e-01 5.625473254888488928e-01 5.601358662131644683e-01 5.555245734909038946e-01 5.586100881284336017e-01 5.307621839828847721e-01 5.383164288408798237e-01 5.080585136546217351e-01 5.205228141162875355e-01 5.301607973754490777e-01 5.399050369846386532e-01 5.387988533298523341e-01 5.476144597643924916e-01 5.406378801899208719e-01 5.164372272778764428e-01 5.346959117271228301e-01
7.588623030783471501e-02 1.160896705373947596e-01 2.077490641013461370e-01 3.953227056937637651e-01 1.000000000000000000e+00 2.556945810038112610e-01 4.530250879430979261e-01 5.006435674205881314e-01 4.051465831395709705e-01 3.749485662903414562e-01 4.292328311334159263e-01 4.562643662797514210e-01 4.397716536435923862e-01 3.925340489700201441e-01 4.688322303522127754e-01 4.892892158749638787e-01 3.608051972726272205e-01 3.658149956612831155e-01 3.774780377063647330e-01 4.822481644645175147e-01 4.595915072864894535e-01 4.165789345160539892e-01 3.713913795780632854e-01 3.658057452863504588e-01 3.671083399656935309e-01 3.972500726852730146e-01 3.942981956059382065e-01 3.801495600657927021e-01 3.778811993478765063e-01 3.740141900269864372e-01 4.063399311831878968e-01 4.033793936798620305e-01 3.688769828498447700e-01 4.065853648904261819e-01 3.820116321890795197e-01 4.391453805774266916e-01 4.122282777172396884e-01 4.360914097213491325e-01 4.423979851715087452e-01 4.352336657038776146e-01 4.434256759392805058e-01 4.552539864068477216e-01 4.953460432236529987e-01 4.713286816697388470e-01 4.577701735715840603e-01 4.550938705794123074e-01 4.399961493090253639e-01 4.375549043063003962e-01 4.442159231118923413e-01 4.405406630394858025e-01 4.394050877171906677e-01 4.555039175780302707e-01 4.679626473305102952e-01 4.224458137355340259e-01 4.239374935045773785e-01 4.340297040838049791e-01 4.368610189663463816e-01 4.398133126678514526e-01 4.336532904996956983e-01 4.507249731567056217e-01 4.526872996724867759e-01 4.367286810667879715e-01 4.365098241130790924e-01 4.487575932410619028e-01 4.338689648079103178e-01 4.402343536318893413e-01 4.213624471710162855e-01 4.227179514567421248e-01 4.304234470832895010e-01 4.750561949713401622e-01 4.579225281140564818e-01 4.344812807431355783e-01 4.297788691790032090e-01 4.448986611238021638e-01 4.401638529469578121e-01 4.265792113741176395e-01 4.273737914086707668e-01 4.177172505337660713e-01 4.366043281324901715e-01 4.189372800446869993e-01 4.251524191529965635e-01 4.275757144118555453e-01 4.417860127680213189e-01 4.141251635143519128e-01 4.456432410098770114e-01 4.349160273641068386e-01 4.427990432268306131e-01 4.491434788171537185e-01 4.408241941846585132e-01 4.387777019650550003e-01 4.382206864346753772e-01 4.470280759838042850e-01 4.424204568465514020e-01 4.463944063464662104e-01 4.338378979755390108e-01 4.332968797290809859e-01 4.552130870286467679e-01 4.489623295385402058e-01 4.384449288692799929e-01 4.552448184397306363e-01 4.639859205565518563e-01 4.457747656322738616e-01 4.556466340929263836e-01 4.541519242923479083e-01 4.519714802965550948e-01 4.255619749967359255e-01 4.425007716331615937e-01 4.296350343362237423e-01 4.362823143729500086e-01 4.365005126036455851e-01 4.357450330965426111e-01 4.439101212203452884e-01 4.388279147368971400e-01 4.439481500041652096e-01 4.293028195626971133e-01 4.389913387609554740e-01
2.797379864433013896e-02 6.223970870332401484e-02 2.292443690104446763e-01 3.329063444386602955e-01 2.556945810038112610e-01 1.000000000000000000e+00 4.659751608548068913e-01 4.365565065206546413e-01 4.857407755729731269e-01 4.587276733743567703e-01 5.419799962997180476e-01 5.593476539166322148e-01 4.991661399522682174e-01 5.122452538238350117e-01 5.642675125231180200e-01 5.544575112988028298e-01 4.939694521060838950e-01 4.804731206311583791e-01 4.914016439713431161e-01 4.486225268903427654e-01 4.744953646176212070e-01 5.001228879415082762e-01 4.652981909122775872e-01 4.730878370549847500e-01 4.846830497202198051e-01 5.247266646800903267e-01 5.306179651703285538e-01 5.311936681728579579e-01 4.961894708416155209e-01 5.008334877848354960e-01 5.358120942773462181e-01 5.622259123913945222e-01 5.263022880833720940e-01 5.568705500725124047e-01 5.388282762837762752e-01 5.650019265869701268e-01 5.586413208496057159e-01 5.599039923775138705e-01 5.672890672429264924e-01 5.640523418492345842e-01 5.864348126522879179e-01 5.920448956962597320e-01 5.672328884347727085e-01 5.779514230725795176e-01 5.838911533661503839e-01 5.703350385642355080e-01 5.844893695718730298e-01 5.806755383350123978e-01 5.723616092528609478e-01 5.540065982670442368e-01 5.700001264058709438e-01 5.467854654846184825e-01 5.768270624328948326e-01 5.729078564407541485e-01 5.729587651878378374e-01 5.781254633832136891e-01 5.618888963426419414e-01 5.841351975371937844e-01 5.743310392730627267e-01 5.784578377043487762e-01 5.769866946873530855e-01 5.705928230396001277e-01 5.704187969102968436e-01 5.667044852602580729e-01 5.723319592980350423e-01 5.669017071941501174e-01 5.826112220476236114e-01 5.852190765134497319e-01 5.877624889135539821e-01 5.823138370094514960e-01 5.815821447797804300e-01 5.851699412715497539e-01 5.804025741402156768e-01 5.801119043541893561e-01 5.841697320205349042e-01 5.798719890686909739e-01 5.821676955388088714e-01 5.705825523426943935e-01 5.823113109163373657e-01 5.666035017850097333e-01 5.824940665437130516e-01 5.768403978353850992e-01 5.898028667793537849e-01 5.832734392872767071e-01 5.883405427874556226e-01 5.893865102550898127e-01 5.955859350071780467e-01 5.901885145063017202e-01 5.939725623850153902e-01 5.915334758297146056e-01 5.932699620861244805e-01 5.933559863460766692e-01 5.910480369183175320e-01 5.919066714077476643e-01 5.840423202320889073e-01 5.852190982196013858e-01 5.838622953304599683e-01 5.729380852498952015e-01 5.868960956046328503e-01 5.868436826549771057e-01 5.907277000541671930e-01 5.858021214248643194e-01 5.859830786831803362e-01 5.917006089770300292e-01 5.871194707465436924e-01 5.739170983721789687e-01 5.815691341062333430e-01 5.854231350442004045e-01 5.855683333621374276e-01 5.839631316207853917e-01 5.863012652411542236e-01 5.858629528462609981e-01 5.854093812691778531e-01 5.835689480444389288e-01 5.808910034622429830e-01 5.794182131041821782e-01
1.324053958516840379e-01 1.968162071020745363e-01 3.528096930301623524e-01 5.834327989549441540e-01 4.530250879430979261e-01 4.659751608548068913e-01 1.000000000000000000e+00 7.095926787013207004e-01 6.683859151584646829e-01 6.254336468075458733e-01 6.866536399885405650e-01 7.452085346646574182e-01 6.592550263127247012e-01 6.622557783209120918e-01 7.981202754117854292e-01 7.580411943104451433e-01 6.237375747312788876e-01 6.427658660058482853e-01 6.290641047008391773e-01 6.843598916526296705e-01 7.219773654537510188e-01 6.684158456860109787e-01 6.026769277999091123e-01 6.083335573764475646e-01 5.996030126793836512e-01 6.827781810752878711e-01 6.804739039540838030e-01 6.811004061153587141e-01 6.629249049581719122e-01 6.491415275040189892e-01 6.860893613836405169e-01 7.175378135827951143e-01 6.703826468642962721e-01 7.135837037289060047e-01 6.692504926401732224e-01 7.348535987100484057e-01 7.046885189707774444e-01 7.529722736053444665e-01 7.488580394820781860e-01 7.274803427932466926e-01 7.383661820769191753e-01 7.522082948345295561e-01 7.800973902924757120e-01 7.672387870627758177e-01 7.401375000492664835e-01 7.635180497532240151e-01 7.235287977121342973e-01 7.197285443567488228e-01 7.433052866587966934e-01 7.461646686497402925e-01 7.513779531990818494e-01 7.187558532856447302e-01 7.399523492503284894e-01 7.067062175657428114e-01 7.183086293980597281e-01 7.288154197874120444e-01 7.327106205637612391e-01 7.216048806840044127e-01 7.354056023652260077e-01 7.316607583803231840e-01 7.362020412389230772e-01 7.327502107780475837e-01 7.412228078709017787e-01 7.444389832755127223e-01 7.206939203754604284e-01 7.268846496472114449e-01 6.988449130897453898e-01 7.096940515363080459e-01 7.234931522459876474e-01 7.500621322509463118e-01 7.409389727828928907e-01 7.156602240801298587e-01 7.201964263965694446e-01 7.201578160466804990e-01 7.293147064378177058e-01 7.157374379361779448e-01 7.246400696056288782e-01 7.089663706167551593e-01 7.301410820921589995e-01 7.003429238581668770e-01 7.192960039151010676e-01 7.089942029531786094e-01 7.366490139547338112e-01 7.048383345771690456e-01 7.354999898039019657e-01 7.284435792251211517e-01 7.274166770767558354e-01 7.362462403022826951e-01 7.297553525849125311e-01 7.248057752287304645e-01 7.268952303154727623e-01 7.288882805951838462e-01 7.237046391626421604e-01 7.337964168315062041e-01 7.078885279739762781e-01 7.115460627969290019e-01 7.216618454633698665e-01 7.264544939802783929e-01 7.168657726370317729e-01 7.335412766620654779e-01 7.366318150114105068e-01 7.268575590533563613e-01 7.283062469569743236e-01 7.262670675233128259e-01 7.268724571881612917e-01 7.079680420857988876e-01 7.232017274556146180e-01 7.130653027861452165e-01 7.214263462950174510e-01 7.140498422862803229e-01 7.141627357698262513e-01 7.215314832773962461e-01 7.218455909908289003e-01 7.262433899639125778e-01 7.151058150593007090e-01 7.166926650310205815e-01
3.897545744925335481e-02 1.406089036939190406e-01 3.030872854556118101e-01 6.214778265185773032e-01 5.006435674205881314e-01 4.365565065206546413e-01 7.095926787013207004e-01 1.000000000000000000e+00 6.114892702323401208e-01 5.920702902896025632e-01 6.782600164217094107e-01 7.583130592046616325e-01 6.721423619402123739e-01 6.412470113509424197e-01 7.558774860415020669e-01 7.774122079238718896e-01 5.852473908187035834e-01 5.671922807338348749e-01 5.643851946522349117e-01 7.084402945087058256e-01 6.904022817401701539e-01 6.185795387192285499e-01 5.208822339467092943e-01 5.445099484375591770e-01 5.294770159379016405e-01 5.976184860685778144e-01 6.145692457135898401e-01 6.005334170802445470e-01 5.753689495780601737e-01 5.502485136849851743e-01 6.118457125864500412e-01 6.663933979264637930e-01 6.022277826942112888e-01 6.726166939251184695e-01 6.057459709835262274e-01 7.058616569843658706e-01 6.394358331488343428e-01 7.272112014618420384e-01 7.108198383880685034e-01 7.138108041610626842e-01 7.108352898188655677e-01 7.315982020312021827e-01 7.713506872924865698e-01 7.563374636687725250e-01 7.265221049919599050e-01 7.277992181009121930e-01 7.157081139062355657e-01 7.064349451442252237e-01 7.233813913459244960e-01 7.362828471694017329e-01 7.452987030522204570e-01 7.362025657933076728e-01 7.495811308320887711e-01 6.849016879966495219e-01 6.929586524869710829e-01 7.014558008414107926e-01 7.179788403847442435e-01 7.203129934418767144e-01 7.280714814882629504e-01 7.261967463937689660e-01 7.381704543537140895e-01 7.275220444063287273e-01 7.300420813526471431e-01 7.327875490047969231e-01 6.993721330673831060e-01 7.141761138007932663e-01 6.841389833019660971e-01 6.808628559622323939e-01 6.922826836404569750e-01 7.422637936317102447e-01 7.225645851250468432e-01 6.937694801376039777e-01 6.924445922863259328e-01 6.937637862868568650e-01 6.956090416286245803e-01 6.812275658319202343e-01 6.901497645467657982e-01 6.636727906212296357e-01 6.953427734600727828e-01 6.617993884928095039e-01 6.786435603454290533e-01 6.766172136610741905e-01 7.128011792787589673e-01 6.687133309150770089e-01 7.320852848596264284e-01 7.083465512439781619e-01 7.094101131813647099e-01 7.340492301245888918e-01 7.183308720896857125e-01 7.094823770542875163e-01 7.095078916744104180e-01 7.209236751203729199e-01 7.128422179576023865e-01 7.220834452633980716e-01 7.073315621440905421e-01 7.047607880294183280e-01 7.446996670309810051e-01 7.313669760998228186e-01 7.202738503734771314e-01 7.410786955345946003e-01 7.487641177272643667e-01 7.380478288462380965e-01 7.327152823924724112e-01 7.334442009476342950e-01 7.335577345796653326e-01 7.114437553002423975e-01 7.221608806169022010e-01 6.985045488379411083e-01 7.115980730219775285e-01 7.158643310776956481e-01 7.226919156688472734e-01 7.190919578218674113e-01 7.280848506435630973e-01 7.230703860796526827e-01 6.996754282115152934e-01 7.127303152084313309e-01
2.658128792494270920e-01 2.120097054715907592e-01 3.703230516745693590e-01 4.645357518009904374e-01 4.051465831395709705e-01 4.857407755729731269e-01 6.683859151584646829e-01 6.114892702323401208e-01 1.000000000000000000e+00 7.125367456158534507e-01 7.622405946090493600e-01 7.611405871376081267e-01 7.110967888304247086e-01 7.393706141022665657e-01 8.052932010242744854e-01 7.826199522176960910e-01 7.850856272444551864e-01 7.719641196165285546e-01 7.952958365042512856e-01 6.516599654117344320e-01 7.377552573699442950e-01 7.991860066778073701e-01 7.697485392970826457e-01 7.483782268554159955e-01 7.789614666363996465e-01 8.402938375570753182e-01 8.186095598188937172e-01 8.240604935574071810e-01 7.981922571725584836e-01 8.238440316853519185e-01 8.416688187113007258e-01 8.433411046012478929e-01 8.054353362805476424e-01 8.255104279964123881e-01 8.238930423043673290e-01 8.182920306389571685e-01 8.393194904350333996e-01 8.201096162583274563e-01 8.409100271423571860e-01 7.691045990824232348e-01 8.406103545282509470e-01 8.255278277657536190e-01 7.983836103754322622e-01 8.192576121722630056e-01 8.298065804528461653e-01 8.241635379268184014e-01 8.192669810674180209e-01 8.365222158545940756e-01 8.362584696043267041e-01 8.175337625252475648e-01 8.216582534612294486e-01 7.974204929734882707e-01 8.087940720732837985e-01 8.441850918638432733e-01 8.399871564076886177e-01 8.440649225018489465e-01 8.404134227586459449e-01 8.111468384141172772e-01 8.257499895841435844e-01 8.326335194255420902e-01 8.197254907937999713e-01 8.235188121621552781e-01 8.333976887490435193e-01 8.332228614652281706e-01 8.502442868222584993e-01 8.422637718551113650e-01 8.284982754485371581e-01 8.452309401441118197e-01 8.487717161696097801e-01 8.278893025849848319e-01 8.439166903945044540e-01 8.452067210249939455e-01 8.393382483045943587e-01 8.478488505047705459e-01 8.542445707499071172e-01 8.431057443519497374e-01 8.380668909057156224e-01 8.383579476346048054e-01 8.456014414701957804e-01 8.439534307998233231e-01 8.470132715220790587e-01 8.418416052392210247e-01 8.474882222008154331e-01 8.376023835613580770e-01 8.219827469376338458e-01 8.353424298441426421e-01 8.277691180021194972e-01 8.142864770350504156e-01 8.258970239926660684e-01 8.306954448835652816e-01 8.165628511535464318e-01 8.187234580589717314e-01 8.263124165450943526e-01 8.230009729210466807e-01 8.102158968301995667e-01 8.214683895768013500e-01 7.869420676740244147e-01 8.178859111097177559e-01 8.093117736366991499e-01 8.098809512017574042e-01 8.035840345579086108e-01 8.085644736911562491e-01 8.156962631169911715e-01 8.076184016784592190e-01 8.187920414280907000e-01 8.088443194054572016e-01 8.217601850503800653e-01 8.330758729332670143e-01 8.293334982620800266e-01 8.148286636523360826e-01 7.997251257431255977e-01 8.239776703412027281e-01 8.116995911963529320e-01 8.247667818621939873e-01 8.336074703458383750e-01 8.261768951894120638e-01
1.295465337950839346e-01 1.928317875547063964e-01 3.070402201630931804e-01 4.405217239203318980e-01 3.749485662903414562e-01 4.587276733743567703e-01 6.254336468075458733e-01 5.920702902896025632e-01 7.125367456158534507e-01 1.000000000000000000e+00 7.132698189459144578e-01 7.266571921731146411e-01 6.593964963965524007e-01 6.888931872282622049e-01 7.595112535422905431e-01 7.392342987225567486e-01 6.952006600700280092e-01 6.453134432512931395e-01 6.619962298820880608e-01 6.153380209893933861e-01 6.305844135281303275e-01 6.785611740995159957e-01 6.263739843290301312e-01 6.136387060926681292e-01 6.371161353376348924e-01 7.236869452527669999e-01 7.177751946963207841e-01 7.274659240967096263e-01 6.927685652272929095e-01 6.955178037084850384e-01 7.415134394704497867e-01 7.491644787249269744e-01 6.968404127837733997e-01 7.296796740129581904e-01 7.188160341523055497e-01 7.480533981604026161e-01 7.347240331284465853e-01 7.630284276684379252e-01 7.722080870763117222e-01 7.312261070521646200e-01 7.732497113850256287e-01 7.624368641626646514e-01 7.443556202452676906e-01 7.651107023023819842e-01 7.639299713657934365e-01 7.592319241980339806e-01 7.682678928019556208e-01 7.796172848892801710e-01 7.772335578124842659e-01 7.472335584967390032e-01 7.660160945005165534e-01 7.350600334504056033e-01 7.613046538685405151e-01 7.750112196540410725e-01 7.782875208290424007e-01 7.769915830531740619e-01 7.779165934402384464e-01 7.700093713691815722e-01 7.816747149556059204e-01 7.754134280482714026e-01 7.718527983798900705e-01 7.776313236609461166e-01 7.797528181716489870e-01 7.721535174451251704e-01 7.719465461789823957e-01 7.762730391062011570e-01 7.712297622035549916e-01 7.686039348225449652e-01 7.734279109974417921e-01 7.694506700213068484e-01 7.690565589552929016e-01 7.712551192290892921e-01 7.589630345253682853e-01 7.616661484534881232e-01 7.768864974610081298e-01 7.705256658310563056e-01 7.661639856172269836e-01 7.624068587130865549e-01 7.702260319060317828e-01 7.649574435150593432e-01 7.662845559482015512e-01 7.718478559867021360e-01 7.798252231784386090e-01 7.610129189921142068e-01 7.650795813093799191e-01 7.667292962420866331e-01 7.663313799037384522e-01 7.701732874500892834e-01 7.690852750750261091e-01 7.757896135204462862e-01 7.632824947408929361e-01 7.689748926452752986e-01 7.696826478979140740e-01 7.686823207021997728e-01 7.648921725352998413e-01 7.732151328125871359e-01 7.579253636473349820e-01 7.662057607553259819e-01 7.677899453349259495e-01 7.681199102063968054e-01 7.643448768680860539e-01 7.686726484116811475e-01 7.693583340108997026e-01 7.657393226777503559e-01 7.700245683725729373e-01 7.708449665575144438e-01 7.770493200902659492e-01 7.771734479757018699e-01 7.747818137393877036e-01 7.663181512708439058e-01 7.665649786616769434e-01 7.736959639259241017e-01 7.730293259683996832e-01 7.756450130331222770e-01 7.720097846103254335e-01 7.759238608296005202e-01
5.811332979895083434e-02 1.472942288682427270e-01 3.645271845116005993e-01 5.379555614406931197e-01 4.292328311334159263e-01 5.419799962997180476e-01 6.866536399885405650e-01 6.782600164217094107e-01 7.622405946090493600e-01 7.132698189459144578e-01 1.000000000000000000e+00 8.548449877577308786e-01 7.622634933013384684e-01 7.858206838220278545e-01 8.593276206075662893e-01 8.445922437885515777e-01 7.665564301244834899e-01 7.239552603596607350e-01 7.508623298104316612e-01 7.042555299592518914e-01 7.251881281449027439e-01 7.696974860497460824e-01 7.035969538997638439e-01 6.981254854526477427e-01 7.248311073069976240e-01 7.962400897026132851e-01 8.258984519951966252e-01 8.149951417805288978e-01 7.690574343224009235e-01 7.817892079742622125e-01 8.490099111714048963e-01 8.345310985691546390e-01 7.844729635381969546e-01 8.212953396551664342e-01 8.042432143719543403e-01 8.506606489823482775e-01 8.451439137125450474e-01 8.558116749978460502e-01 8.715461958271237819e-01 8.361718296756038837e-01 8.828834426419543968e-01 8.761171887796594948e-01 8.501104920354211059e-01 8.814426572637411583e-01 8.870491860363117764e-01 8.673532336912123109e-01 8.886123504925308447e-01 8.912590391530326173e-01 8.816856736949343354e-01 8.529887246954026558e-01 8.792881491819645179e-01 8.451210868809202470e-01 8.777698923806891429e-01 8.849365764508192456e-01 8.790948360094947844e-01 8.810384457979268946e-01 8.787217703128546997e-01 8.886483795989076340e-01 8.858901230230972201e-01 8.887009073429741335e-01 8.851297094110210928e-01 8.848337740879460567e-01 8.865093586286796334e-01 8.814400796325255749e-01 8.829021819164931673e-01 8.848367596759131315e-01 8.850409418951472595e-01 8.826960253613176377e-01 8.842900655988447101e-01 8.914754380423329794e-01 8.895865110432107370e-01 8.891986883531897146e-01 8.716846984288558753e-01 8.812194091180212130e-01 8.903357829709012128e-01 8.850033792252548492e-01 8.823552892675905479e-01 8.707030676495168819e-01 8.844742790518579367e-01 8.777458507856920056e-01 8.826148455294786643e-01 8.889534688621431036e-01 8.911617981360191454e-01 8.791932451472858068e-01 8.845648471803100321e-01 8.843789796748883214e-01 8.888468840753812605e-01 8.895630277066598479e-01 8.881078749974087305e-01 8.924150864556684715e-01 8.847316203885705610e-01 8.927017132608811023e-01 8.928742814031181974e-01 8.926898172347770277e-01 8.903606109838045901e-01 8.946046909880452924e-01 8.820518663748775356e-01 8.827313938252030479e-01 8.912380787404940996e-01 8.894012841732671371e-01 8.893036122995653381e-01 8.926364178678476424e-01 8.921030819754995900e-01 8.925977587909901256e-01 8.927389859452893317e-01 8.875691027636294361e-01 8.927792256632405277e-01 8.913464961993582403e-01 8.932893770502117192e-01 8.931840981592022999e-01 8.904978927776994180e-01 8.943428736186408434e-01 8.938825794659012169e-01 8.935112470172179577e-01 8.924311903484081210e-01 8.943301179030681558e-01
7.225474388563852927e-03 1.295574210521958924e-01 3.836395882883147923e-01 6.539381979734063544e-01 4.562643662797514210e-01 5.593476539166322148e-01 7.452085346646574182e-01 7.583130592046616325e-01 7.611405871376081267e-01 7.266571921731146411e-01 8.548449877577308786e-01 1.000000000000000000e+00 8.057364084830614948e-01 8.223138886766974132e-01 9.072094115844567819e-01 8.955196413186681248e-01 7.714751926460827747e-01 6.934530625862745934e-01 7.108364400327533694e-01 7.680602200759224507e-01 7.617935249907703543e-01 7.486325268183675608e-01 6.520404496581149179e-01 6.631376733735173667e-01 6.761709561400477408e-01 7.716541757344868024e-01 8.183258931242094469e-01 7.971048855601849947e-01 7.546914518081587753e-01 7.448655001489994376e-01 8.259963697593625254e-01 8.289082842560661080e-01 7.676191330311616934e-01 8.246121927514199479e-01 7.854146191120252585e-01 8.730943841464701149e-01 8.345017266700089920e-01 8.843982009648819753e-01 8.926934443539799036e-01 8.721613648635727634e-01 9.020193059557443105e-01 9.057355400265261203e-01 9.080404689250534123e-01 9.239998895793972711e-01 9.121409405131919446e-01 8.996159611797747147e-01 9.186344304583623499e-01 9.112287306657347319e-01 9.074965354491358882e-01 8.865586689317130897e-01 9.166375429703957911e-01 8.929610367280788052e-01 9.272983591684579308e-01 8.919417302756902366e-01 8.906623257951933326e-01 8.905164125509047457e-01 9.045123839701757484e-01 9.184941833859798788e-01 9.144929675443899120e-01 9.232491558474373861e-01 9.225815161685974042e-01 9.206302391638100380e-01 9.147414312308211892e-01 9.183564296905831759e-01 8.992927352711280742e-01 9.119247044295679672e-01 9.017450579404840960e-01 8.873244285954067223e-01 8.908566042086787373e-01 9.271451282110770853e-01 9.094968172443205212e-01 8.978669292703915783e-01 8.830142989785677576e-01 8.834859974366043867e-01 9.007106472367637506e-01 8.987129650893037613e-01 8.967061136360326978e-01 8.785132439555155548e-01 8.999769109336288597e-01 8.804137012690158581e-01 8.881807015724072496e-01 8.978657390570237151e-01 9.066337560989805588e-01 8.833227530830294327e-01 9.136548364721867044e-01 9.026110729208972616e-01 9.111718329768749847e-01 9.218940261026862260e-01 9.146540414834921640e-01 9.125471255606706356e-01 9.111767820823114539e-01 9.225650774445468549e-01 9.179281664979244137e-01 9.211708590058494961e-01 9.185955862885749612e-01 9.174270616936144318e-01 9.213140152729412113e-01 9.149619984849037824e-01 9.197028400138556048e-01 9.262969921206003487e-01 9.297379023423185673e-01 9.289035270617704843e-01 9.309137180406962253e-01 9.301216902771545225e-01 9.271464403382594366e-01 9.122357152908188160e-01 9.203408256692929834e-01 9.092039003773288997e-01 9.136740343646575502e-01 9.211451193828796846e-01 9.225100645990637060e-01 9.264301825059932938e-01 9.259827256951845831e-01 9.248390519353528738e-01 9.112513024035246989e-01 9.211293650829017743e-01
3.305093443467915781e-02 1.316977087779988287e-01 3.187061207637902904e-01 5.139413624856489227e-01 4.397716536435923862e-01 4.991661399522682174e-01 6.592550263127247012e-01 6.721423619402123739e-01 7.110967888304247086e-01 6.593964963965524007e-01 7.622634933013384684e-01 8.057364084830614948e-01 1.000000000000000000e+00 7.549297434560950926e-01 8.162408337492900179e-01 8.193676319765631488e-01 7.259617472319338516e-01 6.642872054770121437e-01 6.920967858708779730e-01 6.606037559893596089e-01 6.717991960632265780e-01 7.088543587938438417e-01 6.404645389824289436e-01 6.416796749269185751e-01 6.687017959384472521e-01 7.372358741984328390e-01 7.663207047528584059e-01 7.637341599424560812e-01 7.234150548436568684e-01 7.146623254239005130e-01 7.783601274020156557e-01 7.699926903559193292e-01 7.275419549653031615e-01 7.637287961261640667e-01 7.426209490206522323e-01 7.888967831075546222e-01 7.838642481850731647e-01 8.112287603060903685e-01 8.195260098837819918e-01 7.911263342565255652e-01 8.299967937794142658e-01 8.356431695931650916e-01 8.128741148593511268e-01 8.392631366725277209e-01 8.307496955404053418e-01 8.239661991561257892e-01 8.368850117536409394e-01 8.323861420062594885e-01 8.265735191603521548e-01 8.018814849106949971e-01 8.285565462924613378e-01 7.933835536875815109e-01 8.328888888895501497e-01 8.220435035379627386e-01 8.180130374477122546e-01 8.190579229880613488e-01 8.158292878047554986e-01 8.386927031354508566e-01 8.320346210752398441e-01 8.316970119602196121e-01 8.327648921959187600e-01 8.274256137934097310e-01 8.238768138735103053e-01 8.239767572628050596e-01 8.235296766190279838e-01 8.249788928440520142e-01 8.276245604429477432e-01 8.256600802023071894e-01 8.232351880905880437e-01 8.341030941768329265e-01 8.307360539541609468e-01 8.309131406877606763e-01 8.156341417416895778e-01 8.216007954447999140e-01 8.311014440357503696e-01 8.307810540017260825e-01 8.330621766670138761e-01 8.162269716367095418e-01 8.324773083738535862e-01 8.175158969593535607e-01 8.250354885143896810e-01 8.302361102379813840e-01 8.299346429166032379e-01 8.196956709689788845e-01 8.321717870975656739e-01 8.290785965288264281e-01 8.361708614889238333e-01 8.428243249525789738e-01 8.406199307658007713e-01 8.336430876495612985e-01 8.363281384670440133e-01 8.429723232447999814e-01 8.404030224207131861e-01 8.463457504863556302e-01 8.383893960926166455e-01 8.377860531274357037e-01 8.329324235368250617e-01 8.262832904913991472e-01 8.360921656704858318e-01 8.428792375808328297e-01 8.436954786129737816e-01 8.395605417986868879e-01 8.413989022625906200e-01 8.444525539235272493e-01 8.385961033410566090e-01 8.235667220652095333e-01 8.366878160016923971e-01 8.346621509961329455e-01 8.372881168625030401e-01 8.382871314637220239e-01 8.375144670073937370e-01 8.390049215666497417e-01 8.370473344712632269e-01 8.388254356262782041e-01 8.321671712611182770e-01 8.361769201204454216e-01
