1.000000000000000000e+00 2.004366340424056370e-01 8.739165584920957630e-02 1.956210934666596400e-04 -1.188158189381766702e-03 5.053129505370900637e-02 6.003849871853633724e-02 1.252341176265947369e-02 8.533600892706763585e-02 6.301221946395153817e-02 2.914123343733404387e-03 -1.719628126075686478e-02 2.152648975784813429e-02 -3.113088110967036568e-02 2.253579588448059723e-02 -5.678548653227042178e-03 1.070725959688615808e-01 2.190620271711682110e-01 1.849801113856960888e-01 1.292065033078984848e-01 1.668807185880780974e-01 1.524156474191450672e-01 1.798167888780130286e-01 2.121255993993306499e-01 1.802845326624453182e-01 1.251002320151911595e-01 1.224993888657652102e-01 1.109317819232717300e-01 1.518544719839044765e-01 1.600399984875436055e-01 1.287904058555955633e-01 9.486470548288061799e-02 1.066430657691255224e-01 1.274906322054627505e-01 1.469987305152117840e-01 8.430412025858279035e-02 1.078427525875526732e-01 4.782420959232620838e-02 6.699640552073268807e-02 -1.124855092003839742e-02 2.739705878057525912e-02 2.703101401574200743e-02 1.355304851154376725e-02 4.093349296231222484e-02 5.965340726130425458e-02 4.080811236971577244e-02 -1.678387715346122550e-03 2.704442864280760112e-02 1.574134869802050474e-02 4.087161200365237862e-02 3.808047337753348721e-02 -1.658263000364387091e-02 1.837138724729107248e-02 5.990280187745666840e-02 6.223627111096019515e-02 5.259853956022864097e-02 6.440100866069412011e-02 3.412834513209515169e-02 2.525385697474642061e-02 2.471255324686682034e-02 1.175157833228769079e-02 4.546578838387205918e-02 3.681750059946665293e-02 3.562071288843218775e-02 6.115931564072804583e-02 4.865830767362248205e-02 3.419090184109668806e-02 5.881852128161225296e-02 6.961103596896316137e-02 4.607593300847162565e-02 4.838339877157667862e-02 5.635049378931585723e-02 8.573440146865621281e-02 8.071810290870927440e-02 3.338935548585607316e-02 5.212337446163877591e-02 4.274278012793640558e-02 6.709912887299564199e-02 4.120518214689967984e-02 6.997370102709732365e-02 6.087459761569807837e-02 5.473471763959129877e-02 5.630513536668666635e-02 7.086256674336248451e-02 5.306882811793466048e-02 6.027975766969288079e-02 5.017706185509161060e-02 2.843739561142248976e-02 3.882714364995749901e-02 4.655332459967898018e-02 1.217498623979800659e-02 2.044386722436876067e-02 2.756910268655056798e-02 2.141892884142062442e-02 1.327949231387490691e-03 1.324262411286659426e-02 -2.079181431525234380e-02 3.302615332576287754e-02 -2.724819567331029230e-03 1.576039619529676430e-02 1.049153569439872577e-03 2.183063403457618373e-02 2.477038365833673234e-03 5.241574191516865447e-03 1.565130007127495809e-02 2.917168543184725862e-02 1.152645548889889675e-02 2.470805417767311940e-02 2.467216365591213059e-02 1.870517326311687406e-02 1.648231356259052469e-02 1.440341994452185546e-02 2.233608772239841986e-02 2.192269442460961434e-02 3.984983171141794761e-02 1.863123166201032313e-02
2.004366340424056370e-01 1.000000000000000000e+00 1.454098771073018548e-01 5.664454228815549858e-02 5.294512502829518824e-02 1.664603018765556941e-01 1.873944639672219803e-01 1.389714246008073306e-01 1.840680612053569032e-01 2.318022971395097553e-01 1.430266533769778414e-01 9.868639215662031172e-02 1.330855944519451495e-01 8.552741572391667213e-02 1.546845971553362509e-01 1.311292273520570650e-01 1.900876138542897387e-01 2.701974207961314600e-01 2.563410699087545486e-01 1.484421743339397193e-01 2.180523730972135366e-01 2.251559749154854739e-01 2.750189443464071681e-01 2.736417854896791568e-01 2.691186996612142668e-01 2.339197746762240737e-01 2.364931613966922974e-01 2.451763959151095351e-01 2.642369199123169032e-01 2.744069318389712464e-01 2.471800773651832150e-01 2.224939085722025811e-01 2.410532749066581770e-01 2.366603708699194786e-01 2.613645682230874567e-01 1.912389827923275665e-01 2.284154124930077578e-01 2.002918381964957084e-01 2.153802447863009950e-01 1.713787197906659343e-01 1.703769614285155776e-01 1.802317578015895094e-01 1.736512436123477943e-01 1.802183861533195874e-01 1.973879096799540656e-01 1.993945230721588247e-01 1.469761710294262835e-01 1.699763351407906908e-01 1.576881475256834697e-01 1.640787834882972418e-01 1.689185412287219912e-01 1.095006103886991128e-01 1.434235010982866931e-01 1.937875381267936126e-01 1.972830366815523928e-01 1.984887736959533300e-01 1.951326681188944867e-01 1.808063247298325182e-01 1.770173260571964446e-01 1.685213689269314530e-01 1.593107394662949816e-01 1.911774366718710094e-01 1.777807406722944072e-01 1.628075519333198606e-01 1.755498674582910423e-01 1.792695149480818539e-01 1.722204972827204028e-01 1.891195567405226374e-01 2.022638689579359383e-01 1.697082120505246650e-01 1.726032605732834291e-01 1.821888621408094544e-01 2.141199694300067735e-01 2.069219137965786492e-01 1.791031549135407019e-01 1.864547986784813316e-01 1.938692448752674380e-01 2.042117908098602386e-01 1.884618663755080747e-01 1.987373243777015019e-01 1.961342915149711097e-01 1.933997581650182818e-01 1.931244860889682058e-01 2.070963254323201497e-01 1.811288354066706019e-01 1.870149295588456884e-01 1.874768820669646674e-01 1.769334884874704250e-01 1.833417752654098731e-01 1.890884041236034208e-01 1.720090849154927715e-01 1.707192747388742993e-01 1.757677537821817348e-01 1.730330734229137135e-01 1.515407201403241311e-01 1.637537154721782628e-01 1.181266030252374061e-01 1.437754733545250629e-01 1.375754748853729448e-01 1.540786971319030585e-01 1.489991389992278703e-01 1.564529964399054562e-01 1.447565946738459952e-01 1.519062156929259222e-01 1.470389930511569188e-01 1.640816012650653244e-01 1.529893056608558344e-01 1.702151710783923466e-01 1.697491621117726834e-01 1.667513008375974271e-01 1.662670121921513422e-01 1.596545155023365581e-01 1.611571941046882062e-01 1.525026316366485390e-01 1.672995657444835138e-01 1.567554887796911434e-01
8.739165584920957630e-02 1.454098771073018548e-01 1.000000000000000000e+00 3.205022364859265727e-01 1.474955653017196444e-01 2.597853512973247736e-01 3.789106957889982197e-01 3.519921826746938986e-01 3.772829114276738394e-01 3.585846173408158699e-01 3.863693942524243918e-01 3.791147682119658247e-01 3.304470322148867489e-01 2.811292758032178929e-01 3.932072120502298485e-01 3.858753971709060204e-01 3.810507488951928590e-01 3.808890466166576227e-01 4.067864992754570697e-01 3.315840161449661871e-01 3.775628282602949137e-01 4.149120300649196125e-01 4.094870879102022743e-01 3.874360921585137674e-01 4.109584264002696941e-01 4.336583141249697460e-01 4.243644941771977930e-01 4.391518557757018160e-01 4.088439265441268788e-01 4.206463297663040057e-01 4.171970914310018097e-01 4.336260789989830333e-01 4.297144780748829440e-01 4.354299001492085153e-01 4.185034478116014256e-01 4.164276194305326362e-01 4.320817484427305621e-01 4.294941418716088921e-01 4.272889805047430656e-01 4.282943565404792596e-01 4.215599575298413781e-01 4.211193045045268923e-01 4.114785898095468797e-01 4.114507879413160651e-01 4.198200924641490306e-01 4.148423205176990924e-01 3.972985699531003667e-01 4.004513030377554461e-01 4.048667186709611898e-01 4.260036115738909390e-01 4.156473824597513578e-01 3.802708889307169771e-01 3.891584808711590626e-01 3.971554461721018559e-01 4.100487221656718972e-01 4.249150958874693407e-01 3.965312143388036725e-01 4.082960474281200347e-01 4.108695884811996435e-01 3.942555356187325555e-01 4.005875079939654748e-01 3.953519189154175995e-01 4.040266225883652473e-01 3.934476899546734963e-01 3.919248346787164716e-01 3.900585646970697318e-01 4.061679007409362274e-01 4.151011946355270266e-01 4.161733285571205254e-01 4.059229362420141984e-01 4.123728170949264027e-01 4.147762930507971069e-01 4.199004861070800287e-01 4.200715788643575310e-01 4.185074321317856505e-01 4.164919434272800203e-01 4.160448147629424720e-01 4.139165656492552747e-01 4.103834225007011449e-01 4.108400218484183908e-01 4.182058530712174371e-01 4.115914710762288986e-01 4.172204123849237445e-01 4.209433602176463896e-01 4.267152094743044133e-01 4.234831400138520663e-01 4.245063881581723209e-01 4.197233992260848701e-01 4.145430481263847611e-01 4.174752503463711184e-01 4.221709397386754770e-01 4.130801368043696131e-01 4.103249878917695215e-01 4.096734943796966344e-01 3.971843519502806785e-01 4.037100956567215571e-01 4.064174625484626713e-01 4.022553868512452890e-01 4.048346018563899751e-01 4.143298786069966044e-01 4.039505812708428234e-01 4.056250938364267533e-01 3.967000696787007508e-01 4.038983913843662288e-01 4.042732947911756303e-01 3.977969788851442590e-01 4.041739763938925756e-01 4.054613787911642842e-01 4.095220413492612344e-01 4.049622317748442502e-01 4.086871309479915282e-01 3.982486241132200400e-01 3.989265003636254248e-01 3.968606484180206562e-01 3.987266026447915945e-01 3.943978427011761712e-01
1.956210934666596400e-04 5.664454228815549858e-02 3.205022364859265727e-01 1.000000000000000000e+00 3.444966936692038240e-01 4.290148174823246729e-01 5.892025009597151586e-01 5.700557383343644036e-01 5.589846159924434232e-01 5.063085601220408405e-01 5.832302577141527111e-01 6.540895392567832589e-01 5.706489392828335561e-01 4.565436579787781612e-01 6.289896359805373649e-01 6.336713082271722142e-01 5.533038647678123478e-01 4.759818775030538185e-01 5.228002261725471778e-01 5.167001573614212750e-01 5.477056888738743856e-01 5.859569702391960178e-01 5.057478268983733871e-01 4.671493446876879285e-01 5.434920118015108548e-01 6.015203332707970141e-01 5.815637147279301145e-01 5.572920287345419776e-01 5.244327067072647175e-01 5.280255695890951895e-01 5.804490624356294370e-01 6.001509664131486899e-01 5.424522473528762267e-01 5.715871560179125455e-01 5.253261962386100992e-01 5.949410958090866064e-01 5.668414862541705235e-01 6.094130105576237577e-01 5.960951487509735802e-01 5.943209242317460950e-01 6.365433890105768322e-01 6.294984332573255736e-01 6.347284051410047034e-01 6.336958791118629808e-01 6.076012116255569140e-01 5.998176655458851148e-01 6.321105233867682083e-01 6.255647987952561717e-01 6.479997114874623820e-01 6.434106006659161547e-01 6.393033384688528997e-01 6.383956421127117142e-01 6.333398672607193358e-01 6.181979998583169156e-01 6.169523885117419448e-01 6.234455397605345173e-01 6.225368478454500476e-01 6.297644693464728993e-01 6.315526871005886500e-01 6.306863895303161938e-01 6.425604624698912914e-01 6.223483915428948965e-01 6.250390814427130293e-01 6.337185436557942753e-01 6.108430604127615959e-01 6.277678002274496016e-01 6.224574118325963967e-01 6.219684747858151841e-01 6.196620042800734529e-01 6.431412022931830563e-01 6.433739178121775648e-01 6.252505632553388981e-01 6.087302558804319474e-01 6.180043246703100790e-01 6.399627972867703019e-01 6.229498929785896033e-01 6.167749489363757442e-01 6.122914407564110650e-01 6.200616061892278985e-01 6.047569464210883483e-01 6.120240573115343086e-01 6.243721643428726820e-01 6.158439979113282670e-01 6.058418782508599998e-01 6.272920244399926570e-01 6.218292019560560657e-01 6.124177836487901816e-01 6.357019616889376668e-01 6.204447422309466997e-01 6.243895034871513872e-01 6.281550467430855322e-01 6.387683916670758855e-01 6.315119869039420575e-01 6.298320581359125869e-01 6.346345058802819183e-01 6.308213804120499368e-01 6.588247851503431507e-01 6.365813039680237040e-01 6.479394323545469847e-01 6.458573406095439173e-01 6.439091468327793333e-01 6.384516846908996346e-01 6.389058619045573373e-01 6.444991244100124472e-01 6.398622759681033001e-01 6.308291664461699311e-01 6.368039437155926796e-01 6.270471077172514729e-01 6.304786331072762540e-01 6.355113835324529559e-01 6.343143726383575487e-01 6.303306891518790644e-01 6.317218652588477701e-01 6.371761929590319395e-01 6.223168360507447261e-01 6.310696408847600303e-01
-1.188158189381766702e-03 5.294512502829518824e-02 1.474955653017196444e-01 3.444966936692038240e-01 1.000000000000000000e+00 3.169377623578152892e-01 4.281115662879879658e-01 4.548572025378564421e-01 4.450501509960788082e-01 3.986775217252699899e-01 4.515473562568085297e-01 4.822179105988114722e-01 4.829476146719598462e-01 3.738413030287445760e-01 4.977324669221748210e-01 4.904098789783007950e-01 4.440052017358639969e-01 3.505181889231037684e-01 4.066851271236708310e-01 3.456641646687856895e-01 3.862564274196305658e-01 4.337668593261170269e-01 4.118452452520865448e-01 3.644588069676090170e-01 4.216066100036087727e-01 4.434722700776793092e-01 4.355847398501924705e-01 4.253788760706681549e-01 4.100818593099843645e-01 4.226407864450782981e-01 4.460237889790178434e-01 4.656616825928930337e-01 4.164731334188098710e-01 4.510821660507129960e-01 4.320038899364822549e-01 4.695221807755083909e-01 4.544399317059133470e-01 4.708713671029408077e-01 4.761749966609635232e-01 4.465919346487990937e-01 4.950888918569231745e-01 4.886708102713809843e-01 4.942320772472991175e-01 4.963040334939652909e-01 4.838495687041901583e-01 4.830987994169727018e-01 5.037582915763979541e-01 4.987242605436077447e-01 4.851380447489093695e-01 4.732751174409848827e-01 4.859030434033003720e-01 5.029750766561322806e-01 4.871329276106031170e-01 4.871853454089705160e-01 4.807346720296012399e-01 4.794261204484152605e-01 4.719874588059077558e-01 4.894980872365422009e-01 4.855761941061871867e-01 5.040595835267354108e-01 5.025298707559210376e-01 4.886211745650773097e-01 4.768082769911464736e-01 4.959494173469383704e-01 4.976077123726440066e-01 4.954465616768520819e-01 4.948666377022973850e-01 4.870111471355385024e-01 4.863992362595208063e-01 4.887991809068064630e-01 4.967670196273805128e-01 4.899969404515839289e-01 4.792835690953331507e-01 4.871544563971540454e-01 4.935890364584147316e-01 4.919578369416075514e-01 4.860088745760619000e-01 4.843037890503740228e-01 4.927578198811372046e-01 4.806504544141859125e-01 4.870072537067505203e-01 4.877022971024048137e-01 4.869584809164670958e-01 4.813442981488447736e-01 4.865962954980472266e-01 4.940067529191673468e-01 4.916828468471661218e-01 4.927068147899199557e-01 4.956594776112103751e-01 4.903320986838971551e-01 4.879444093727333120e-01 4.970093416481163318e-01 4.967086403728990240e-01 4.946133570528095658e-01 5.028686791175697168e-01 5.011040522613176007e-01 4.965434690650929461e-01 4.898887933599821998e-01 5.028724622667931632e-01 4.976568385580036336e-01 5.064258171095846750e-01 4.964267915063576009e-01 5.069068861161463158e-01 5.068251778573061861e-01 5.045145740853844707e-01 4.940129350844105760e-01 4.985499948391148850e-01 5.004757798902345067e-01 4.979351840886845348e-01 5.010018358234673563e-01 4.971498022039811948e-01 5.045577629940977138e-01 4.995495223322354850e-01 5.003217090036211623e-01 4.972957147738081285e-01 5.033381529707393609e-01
5.053129505370900637e-02 1.664603018765556941e-01 2.597853512973247736e-01 4.290148174823246729e-01 3.169377623578152892e-01 1.000000000000000000e+00 5.590722346649897867e-01 4.974714984113962069e-01 5.373836295366295479e-01 5.088527549806093342e-01 5.537425421139371418e-01 5.748797623729954287e-01 5.284242433123566007e-01 4.108711142831011354e-01 5.829347607284823818e-01 5.776905852483186221e-01 5.451224141949136959e-01 4.947642052244754507e-01 5.358415489780326002e-01 4.662312523934648567e-01 5.182951014216726771e-01 5.673236930072355078e-01 5.365639169469085257e-01 4.816896017070018687e-01 5.527581817382256624e-01 5.808610022742166645e-01 5.772263918567768215e-01 5.633740285794566205e-01 5.443368935272936415e-01 5.508525955056535750e-01 5.860030589225402320e-01 5.834446831110673415e-01 5.395805143865014530e-01 5.577419224920169283e-01 5.396730766274293600e-01 5.719530266121156670e-01 5.666971311201561834e-01 5.826703417427958609e-01 5.886106846122597380e-01 5.475523448797688930e-01 5.979773694349755919e-01 5.915832129064827472e-01 5.977882315705687066e-01 5.992353131964901491e-01 5.908613697325387770e-01 5.942022949104869278e-01 5.963559409894755303e-01 5.992437694810456295e-01 5.951179477541788110e-01 5.831383594148301652e-01 5.950456564303060469e-01 5.727877632764895033e-01 5.921840904334445543e-01 6.008738362878107697e-01 5.979832021118238750e-01 6.005303752250815696e-01 5.964688784876063243e-01 6.010280883683414288e-01 5.960355409391242532e-01 6.001960390015045332e-01 6.037520822720274793e-01 6.028813501513716755e-01 5.928378306806075804e-01 5.926464795010993880e-01 5.951442160603940268e-01 6.014755668971264457e-01 5.996776516358145459e-01 5.996120509097510043e-01 6.037129651920167817e-01 6.008174355850647297e-01 6.020273901261639082e-01 6.028846634482237787e-01 5.932887418692742720e-01 5.991343078477885387e-01 6.062553600849277524e-01 5.993766545743550722e-01 6.010420403544483037e-01 5.991708755995081015e-01 5.986299676180766305e-01 5.920799034827275431e-01 5.974412757955211983e-01 6.000210608337144258e-01 5.982810368031993287e-01 5.965046843930376097e-01 5.974127314204551453e-01 5.969587510745738568e-01 5.941275576232412092e-01 6.005994939694367929e-01 5.988861726909521233e-01 6.027150560097178644e-01 5.942980134882085430e-01 6.013831532567134319e-01 6.018557690591208598e-01 5.990855491443523029e-01 5.979077524392849563e-01 5.990790613212141347e-01 5.894343186570391024e-01 5.895291640351215667e-01 5.999466614612708470e-01 5.999771307305463708e-01 5.999543642299031143e-01 5.986113925058798024e-01 6.002620651731254142e-01 6.001159177568881065e-01 5.982424875083872662e-01 5.984163828830020293e-01 5.977468845049977997e-01 5.994147001971995570e-01 6.001441749691468486e-01 6.025881036709289651e-01 5.990197217944944752e-01 5.993006891941168313e-01 5.982000316519969774e-01 5.981237229834088787e-01 5.965042437386370855e-01 5.969318805093004610e-01
6.003849871853633724e-02 1.873944639672219803e-01 3.789106957889982197e-01 5.892025009597151586e-01 4.281115662879879658e-01 5.590722346649897867e-01 1.000000000000000000e+00 7.266972975958572167e-01 7.359280811112912657e-01 6.803219583542241544e-01 7.597195062866234361e-01 7.937036228927681902e-01 7.249725789093990347e-01 6.082148059100106474e-01 8.394757909787758932e-01 7.996715176166927508e-01 7.550600466504491237e-01 7.191228820895465557e-01 7.607857892063828453e-01 6.888318393027397235e-01 7.330943411897318240e-01 7.922817105184190023e-01 7.776049428235115579e-01 7.142581342221729912e-01 7.817990618699820482e-01 8.156370879304555288e-01 8.106234672111425343e-01 8.186370009859849084e-01 7.627251304123113806e-01 7.840046335094156271e-01 8.121867218262451837e-01 8.269384990306121175e-01 7.863275157148104100e-01 8.061594027566336695e-01 7.723884616086298394e-01 7.943938033259257958e-01 8.006965531867836772e-01 8.316839428136114654e-01 8.297986367928009699e-01 8.125108575006736444e-01 8.326496148571413958e-01 8.445571782399485805e-01 8.460048896931179341e-01 8.370317323471008208e-01 8.305835707725642836e-01 8.301626732310776191e-01 8.160939024163875732e-01 8.232610828903094147e-01 8.192892300814091922e-01 8.184190050590280929e-01 8.245250740501336439e-01 7.843427579036322816e-01 8.087540826418608830e-01 8.212712149302433540e-01 8.265917695406255206e-01 8.470868427669415723e-01 8.077616468931020366e-01 8.312042152230697534e-01 8.254543015429772757e-01 8.235694801820107047e-01 8.288736107028900069e-01 8.184261693103458413e-01 8.134181045700571433e-01 8.042802090147306293e-01 8.054333266793701762e-01 8.137839431943570956e-01 8.220397726324458754e-01 8.337996727685925702e-01 8.387678594312599767e-01 8.413690188333835529e-01 8.325856500255782722e-01 8.283465973758252776e-01 8.408526983339341676e-01 8.367314490332008470e-01 8.392858203003612516e-01 8.314471253711218646e-01 8.414937432735207778e-01 8.237851472706687606e-01 8.371158063109762626e-01 8.129364580485468617e-01 8.276715050967952125e-01 8.259198121395108227e-01 8.361011129850602908e-01 8.276305784796863518e-01 8.387242411509144846e-01 8.351243812741452333e-01 8.251653918294017398e-01 8.445518703946599537e-01 8.343365138225951050e-01 8.412376281725529870e-01 8.477227593359237812e-01 8.411909014814772378e-01 8.338122823109753723e-01 8.369711032505571247e-01 8.212995990822596903e-01 8.245917479782119974e-01 8.249060769285770922e-01 8.002433745538198862e-01 8.228572000884484261e-01 8.325839349128120181e-01 8.337630540034489668e-01 8.211648760718115447e-01 8.161510203904730476e-01 8.269328046434750723e-01 8.233147254068429177e-01 8.172647922340301463e-01 8.171967325049487307e-01 8.266633596722662292e-01 8.305445457685511901e-01 8.272529038568514625e-01 8.314414233257414466e-01 8.203975834420267343e-01 8.178160133925049813e-01 8.145492053064911087e-01 8.192118513639247146e-01 8.147921865257883312e-01
1.252341176265947369e-02 1.389714246008073306e-01 3.519921826746938986e-01 5.700557383343644036e-01 4.548572025378564421e-01 4.974714984113962069e-01 7.266972975958572167e-01 1.000000000000000000e+00 7.100573822253222200e-01 6.576032675864447175e-01 7.465883800355140876e-01 7.736512044199876925e-01 7.223388174725611233e-01 5.891773254972240137e-01 8.051962858694078351e-01 7.984322703186388370e-01 7.326172581874466072e-01 6.481582558130605243e-01 7.004889302128607387e-01 6.324075785631064761e-01 6.822982641235213475e-01 7.477471550397956079e-01 7.009880992225580032e-01 6.403238486876711155e-01 7.205414384511653614e-01 7.724596245710585452e-01 7.537637850036076337e-01 7.386712779639280635e-01 7.095995270221806539e-01 7.341574714746474939e-01 7.709389420469914267e-01 7.818247244480354130e-01 7.162375530791353917e-01 7.576646766063579452e-01 7.230318774918015334e-01 7.763918846767307036e-01 7.548651789292021297e-01 7.954499759518215418e-01 7.871662962938642538e-01 7.509205538877473662e-01 8.077393451159933235e-01 8.078996484810677670e-01 8.139758697442718294e-01 8.120863490497040038e-01 7.939088378237152410e-01 7.934276541735986177e-01 8.062896069254408271e-01 8.059079744077762841e-01 8.102996391996807324e-01 7.988248961590900254e-01 8.116229074510146191e-01 7.767989929663207116e-01 7.958501321984803312e-01 8.075779609306142914e-01 8.078404791238892324e-01 8.032308889675819907e-01 8.043984778942073754e-01 8.113080592480608200e-01 8.123662623294590768e-01 8.095370382687284705e-01 8.209306553744302182e-01 8.094998827923456375e-01 8.095421176561039545e-01 8.045961365378795360e-01 7.967882961849742651e-01 8.039301847479707330e-01 8.088148692095009640e-01 8.091307832417885537e-01 8.061768426041340252e-01 8.145982943709056956e-01 8.159132136957155668e-01 8.088596766141865624e-01 8.027893151568861185e-01 8.046228072993223401e-01 8.144871642087209151e-01 8.045389444183720373e-01 8.009884721952371667e-01 7.946872223419583214e-01 8.042573381709218205e-01 7.920236161164294630e-01 8.006015593929183272e-01 8.053146055283596505e-01 8.040806800434491253e-01 7.966275176547525927e-01 8.084036257501907574e-01 8.105547005447487630e-01 8.023899846433153460e-01 8.164856819139503230e-01 8.087873760850002869e-01 8.080289881908088168e-01 8.075983137732967165e-01 8.165734953803045482e-01 8.120795190097515048e-01 8.128682057800079575e-01 8.104260015666758799e-01 8.102914027409905406e-01 8.133436997193153051e-01 8.026088081610561753e-01 8.189416473782688000e-01 8.149437302367205094e-01 8.208786557138770812e-01 8.149140430591015338e-01 8.086498150581777900e-01 8.182062643007281810e-01 8.150247988054196702e-01 8.103707887685384081e-01 8.114141497026119421e-01 8.083411594838275649e-01 8.122469898579844916e-01 8.135361527475033494e-01 8.152982557167438582e-01 8.108743297789142712e-01 8.114572296395049511e-01 8.116746169985026294e-01 8.061921323926796168e-01 8.074729371340478856e-01
8.533600892706763585e-02 1.840680612053569032e-01 3.772829114276738394e-01 5.589846159924434232e-01 4.450501509960788082e-01 5.373836295366295479e-01 7.359280811112912657e-01 7.100573822253222200e-01 1.000000000000000000e+00 7.503573378748175093e-01 8.118378267579022811e-01 8.194497985625653902e-01 7.743832155817689245e-01 6.281838702835323973e-01 8.496779169827138878e-01 8.345884110422263635e-01 8.213580281950859652e-01 6.918246159603153034e-01 7.680479595043685492e-01 6.126596007043370040e-01 7.026203065918712465e-01 8.001390297984621869e-01 7.710420851028342293e-01 6.735880424024895952e-01 7.831397114800864312e-01 8.146290721162168236e-01 8.262029423020054164e-01 7.983910949073949048e-01 7.778741117605717514e-01 8.259039267448458066e-01 8.573823658410159032e-01 8.575593307239917085e-01 7.931962096882616553e-01 8.297460135973037110e-01 8.167776129983730371e-01 8.529912308767032547e-01 8.581428814650406967e-01 8.510378017861238709e-01 8.650491797458941257e-01 7.721925961215816425e-01 8.676013123922288184e-01 8.565695115771583268e-01 8.496833716415144178e-01 8.755402481287316574e-01 8.674149887547667470e-01 8.634832846517699334e-01 8.768849306253387876e-01 8.854495257075347681e-01 8.680056776317006673e-01 8.496022834186897077e-01 8.720017620242030976e-01 8.197370172415833212e-01 8.569829268565540836e-01 8.779783134630277930e-01 8.576652861160192209e-01 8.609488437506443992e-01 8.598854669665990658e-01 8.670525794013702603e-01 8.640415958406681973e-01 8.823888696213839644e-01 8.764546368069427995e-01 8.818273160323003568e-01 8.608316558062649726e-01 8.782135216160824598e-01 8.869077358933382671e-01 8.778368958121148813e-01 8.850797263941767579e-01 8.778110505511624861e-01 8.794353304745063937e-01 8.580233148322291559e-01 8.712740547589971074e-01 8.815570895308328936e-01 8.582538977979160544e-01 8.680426720323003442e-01 8.798716641442557718e-01 8.817466550918972024e-01 8.733365494540429319e-01 8.737986826815062891e-01 8.723803851348908012e-01 8.808684840568964391e-01 8.832820600049664517e-01 8.860766978324159382e-01 8.790311426822088325e-01 8.806346164280804967e-01 8.760528187812955947e-01 8.808338903487366034e-01 8.843838223216158312e-01 8.747912288306166628e-01 8.837295002169506253e-01 8.775267851805775843e-01 8.601268464502779265e-01 8.744512921015517026e-01 8.780717630940464424e-01 8.801269843217713884e-01 8.785414463258286455e-01 8.821174228580636045e-01 8.437756228246948709e-01 8.711513470349979693e-01 8.700922108297521884e-01 8.755857049723227981e-01 8.697999555989677223e-01 8.775826124520237359e-01 8.764511496774508581e-01 8.781529116513761002e-01 8.795954827350984662e-01 8.753558729199003574e-01 8.804392540610902484e-01 8.831017416436726108e-01 8.785155241427310413e-01 8.808923480901622582e-01 8.735609715853853707e-01 8.837921774656378737e-01 8.837075020511826473e-01 8.841101511311095784e-01 8.866785208177200284e-01 8.830964891186057208e-01
6.301221946395153817e-02 2.318022971395097553e-01 3.585846173408158699e-01 5.063085601220408405e-01 3.986775217252699899e-01 5.088527549806093342e-01 6.803219583542241544e-01 6.576032675864447175e-01 7.503573378748175093e-01 1.000000000000000000e+00 7.566761675366227013e-01 7.671977428878964389e-01 7.043324959029170218e-01 5.881402534730024723e-01 7.916853504738571301e-01 7.784392374884846477e-01 7.350601440768669281e-01 6.332705051063275414e-01 7.080715320284560743e-01 5.445811948521122048e-01 6.314497705699279040e-01 7.272716175269408057e-01 7.123918353183860130e-01 6.206413667345873630e-01 7.229923466836495338e-01 7.723166621872573634e-01 7.764755126963077680e-01 7.656351442725825018e-01 7.407009647193404378e-01 7.768809245595388324e-01 8.054018297223214384e-01 7.976653253453074299e-01 7.441281623293037883e-01 7.640817693472560235e-01 7.648283960905858381e-01 7.825469360607530955e-01 8.013487301022492737e-01 8.046036872333240941e-01 8.139276990822312818e-01 7.508242658461712349e-01 8.165447930489222461e-01 8.078615508545679003e-01 8.052600394502298364e-01 8.192081606351976353e-01 8.211785158944149288e-01 8.166058620612782759e-01 8.188855218888275722e-01 8.297349666401827584e-01 8.137294303178843613e-01 7.833129984474683782e-01 8.122752419892546039e-01 7.615723548667738818e-01 8.071675339508083136e-01 8.243454790893796069e-01 8.113127683930482226e-01 8.172012914719327670e-01 8.050469326758972199e-01 8.207536949540134019e-01 8.160280076436340346e-01 8.239211630465440583e-01 8.192020114766157546e-01 8.259507031252386611e-01 8.130271886736890607e-01 8.104324849485107229e-01 8.120983350875292661e-01 8.137228523676067748e-01 8.219025960441406209e-01 8.173411562489909521e-01 8.216751238046167138e-01 7.956140999667257185e-01 8.068454420236274016e-01 8.186370869571696351e-01 8.027027727523431411e-01 8.103241934611420394e-01 8.253470424038492625e-01 8.263770463153849999e-01 8.240968894942192202e-01 8.227299995277047584e-01 8.225324948376965262e-01 8.237785468045302206e-01 8.268474895555791848e-01 8.289674229391270632e-01 8.208836098924144897e-01 8.192648550346419700e-01 8.119596527631454119e-01 8.169687988384940480e-01 8.277476722700592981e-01 8.190871780412470882e-01 8.266928282211005730e-01 8.242071964143327101e-01 8.146239629352467482e-01 8.246802577761616071e-01 8.248871610140100508e-01 8.263791436318651540e-01 8.226062020515593209e-01 8.256974373011538582e-01 7.864756810189634795e-01 7.966589668774197719e-01 8.094372641222986609e-01 8.155353342184337162e-01 8.155024931821974743e-01 8.157085693078734989e-01 8.181496228437631357e-01 8.200057415328176891e-01 8.152164719950606431e-01 8.156350544554902271e-01 8.190710178704427857e-01 8.271617618266958738e-01 8.230708345635631140e-01 8.244483717215919105e-01 8.209481929412788537e-01 8.247228712919252303e-01 8.235339418135648737e-01 8.174739295792653460e-01 8.220137471520264638e-01 8.201812216373631781e-01
2.914123343733404387e-03 1.430266533769778414e-01 3.863693942524243918e-01 5.832302577141527111e-01 4.515473562568085297e-01 5.537425421139371418e-01 7.597195062866234361e-01 7.465883800355140876e-01 8.118378267579022811e-01 7.566761675366227013e-01 1.000000000000000000e+00 8.648474127673283496e-01 7.918283852092508068e-01 6.793898720025287608e-01 8.758545120990867128e-01 8.659641053874519434e-01 8.102472446024686636e-01 6.839379292803974275e-01 7.619800868711790187e-01 6.243101296839129732e-01 7.026739679922192616e-01 7.976883409106440004e-01 7.708975096059893506e-01 6.654918385349225529e-01 7.739814873411189344e-01 8.343105703814990282e-01 8.423704575586462573e-01 8.188643635155172795e-01 7.939502489496639281e-01 8.281008051165534845e-01 8.653197380594420673e-01 8.694038032795199378e-01 8.066142061557503018e-01 8.394480137587998492e-01 8.225156864669327383e-01 8.647294534208535000e-01 8.738166842672974166e-01 8.795940569828627487e-01 8.833443438734907005e-01 8.246222489139910516e-01 8.964402115055312148e-01 8.914536917264790361e-01 8.841269712638903933e-01 8.980013203726678883e-01 8.911431843362678240e-01 8.903259199659824263e-01 9.045043482526451406e-01 9.066454261727812103e-01 8.970707305109073548e-01 8.773652147928473477e-01 8.922798718352060732e-01 8.598076126205322911e-01 8.890556234413544701e-01 8.928192312443744560e-01 8.840831256721578546e-01 8.896968929533700665e-01 8.817364684320477819e-01 8.960697590894470821e-01 8.940657586296907322e-01 9.037196333519640357e-01 9.045398696457471743e-01 9.005878280925566637e-01 8.915502160806876297e-01 8.971044455255857697e-01 8.927104179658073013e-01 8.946458886996013771e-01 9.040229776002876028e-01 8.986318390002223655e-01 8.986395672803618728e-01 8.827062640604242949e-01 8.970440344253943765e-01 9.019050095964196156e-01 8.769555262872511525e-01 8.853923202286536620e-01 9.083252145614916229e-01 9.037453737707206169e-01 8.989513972127131103e-01 8.956882351976838130e-01 8.977263821771692687e-01 8.940454242913002947e-01 9.009734525712738140e-01 9.021362355443987013e-01 9.027023033498045024e-01 8.978437227828940381e-01 9.008516315781468498e-01 9.016617644289012246e-01 9.024377796849080147e-01 9.051118540234773802e-01 9.070466208542746767e-01 9.034864324330053043e-01 8.983409801921240501e-01 9.073535764116329450e-01 9.069392188451584902e-01 9.060199762107684629e-01 9.084589058844393383e-01 9.092120109586883103e-01 8.932840740137478752e-01 8.956543912041334821e-01 9.060847060865406810e-01 9.071871513387346209e-01 9.060328054586594959e-01 9.064366752345209832e-01 9.077627053966816906e-01 9.084757609040572390e-01 9.076465974563174832e-01 9.022395493300076064e-01 9.095885318777071626e-01 9.078130764150277310e-01 9.076818900870986528e-01 9.076370349381516212e-01 9.063335697791075063e-01 9.080894908470448224e-01 9.080545937052566519e-01 9.074825959313737034e-01 9.052184167142983684e-01 9.071181925312836736e-01
-1.719628126075686478e-02 9.868639215662031172e-02 3.791147682119658247e-01 6.540895392567832589e-01 4.822179105988114722e-01 5.748797623729954287e-01 7.937036228927681902e-01 7.736512044199876925e-01 8.194497985625653902e-01 7.671977428878964389e-01 8.648474127673283496e-01 1.000000000000000000e+00 8.235955107298081890e-01 6.862765749348801458e-01 9.081065768391040072e-01 9.098071175237564256e-01 8.239532012730723665e-01 6.757386437778206689e-01 7.620531212243323305e-01 6.643323587227880633e-01 7.357637733757618204e-01 8.211999184129108453e-01 7.607152572938821189e-01 6.566366261290164097e-01 7.751525700220417425e-01 8.527585434335501757e-01 8.508583781415115510e-01 8.190824877741429422e-01 7.837249759240946245e-01 8.112561077023917600e-01 8.719506867468791445e-01 8.825938151931789211e-01 8.059188626068390926e-01 8.425591757440314966e-01 8.091528559427053624e-01 8.833900066156193942e-01 8.587016264588098746e-01 8.986207573007108929e-01 8.982482926545659607e-01 8.557525289260117241e-01 9.257817607586444897e-01 9.138932909612468292e-01 9.166095169350022553e-01 9.298546146994555173e-01 9.073768254652079257e-01 9.072163117924947340e-01 9.377189354375076169e-01 9.296424925480684109e-01 9.303753759689706859e-01 9.132805056828625645e-01 9.252689895625907379e-01 9.031443016647485722e-01 9.216089641734858118e-01 9.161358711691525158e-01 9.071219654186684078e-01 9.149443819193477934e-01 9.066626614641346560e-01 9.204264047185409803e-01 9.247571842824081623e-01 9.333566276225233604e-01 9.373523586100938054e-01 9.238436997329207978e-01 9.173844715967206520e-01 9.256312987661061698e-01 9.173638394851261202e-01 9.230925444741409081e-01 9.308390988748899142e-01 9.213997215950530117e-01 9.178692942641616392e-01 9.209341124371532850e-01 9.279696295450400312e-01 9.244352577160891427e-01 8.951479064382069639e-01 9.056894117788939491e-01 9.328056732781528915e-01 9.250698822969306567e-01 9.186013685379800231e-01 9.115350055315827316e-01 9.197793808432601637e-01 9.101732949824525853e-01 9.181334943871193310e-01 9.249096522245364715e-01 9.213337149652006675e-01 9.100509760735395748e-01 9.181890800439663769e-01 9.201189896423115355e-01 9.211324948327103135e-01 9.304637398266180082e-01 9.277749487542082951e-01 9.270664625369561263e-01 9.234016758002753233e-01 9.362720710359231369e-01 9.344400642403410950e-01 9.329600235473878289e-01 9.383835896267607168e-01 9.364131020156608587e-01 9.289324568286243533e-01 9.219101851442242923e-01 9.389879570611945336e-01 9.366562713484819502e-01 9.386276389624120808e-01 9.349541933142748729e-01 9.382119507221586829e-01 9.411690759562594266e-01 9.389030367102194630e-01 9.263808379443321250e-01 9.355779244986753840e-01 9.330978718926872251e-01 9.324672743399676778e-01 9.358153505035547992e-01 9.322436926934819512e-01 9.368957399528566876e-01 9.339574393778891093e-01 9.356611079342292969e-01 9.288293044778618279e-01 9.345642715383399857e-01
2.152648975784813429e-02 1.330855944519451495e-01 3.304470322148867489e-01 5.706489392828335561e-01 4.829476146719598462e-01 5.284242433123566007e-01 7.249725789093990347e-01 7.223388174725611233e-01 7.743832155817689245e-01 7.043324959029170218e-01 7.918283852092508068e-01 8.235955107298081890e-01 1.000000000000000000e+00 6.214729381555768040e-01 8.352254166191520612e-01 8.347160263343026410e-01 7.690341815312131679e-01 6.404837763624101621e-01 7.161430512178833530e-01 6.158520840289317677e-01 6.924567862420261122e-01 7.651325875485107675e-01 7.223154017854660491e-01 6.250771294883438189e-01 7.352645362894536518e-01 8.007473164951172118e-01 7.865881406784951402e-01 7.571213305655467574e-01 7.307475936014925511e-01 7.622937261999878089e-01 8.113503340410913589e-01 8.130445552520683128e-01 7.448251588651770838e-01 7.842640144663877155e-01 7.629468150047541419e-01 8.166057830720382382e-01 7.986510852129306004e-01 8.217989861749083191e-01 8.311895353929540375e-01 7.655823829840724404e-01 8.448037354333239879e-01 8.364364285932960330e-01 8.429966579200928178e-01 8.560467834430933731e-01 8.348429419222959114e-01 8.313851090604599259e-01 8.593836298557796516e-01 8.560344729090397786e-01 8.511923011754156665e-01 8.355518064507697629e-01 8.504442026656724440e-01 8.271694192033527404e-01 8.487299689384438794e-01 8.494205003113540764e-01 8.360064772666969679e-01 8.376832618022229671e-01 8.384373712236620202e-01 8.458557549558672894e-01 8.440690765605300960e-01 8.656583969235340792e-01 8.633081479465142261e-01 8.542561323564978881e-01 8.416383124592986542e-01 8.594468641304071621e-01 8.567701010813266738e-01 8.576550475902302573e-01 8.558697612900268981e-01 8.481208368466530700e-01 8.496279970361220180e-01 8.460820067676557699e-01 8.525218787402601972e-01 8.513508269102457726e-01 8.278052377255499250e-01 8.387861865776838899e-01 8.593775276599125990e-01 8.494607908951825603e-01 8.442333976188775013e-01 8.399490777048671530e-01 8.463479533391239373e-01 8.411497242398296992e-01 8.476561252221490594e-01 8.528604467475433548e-01 8.470379933153373564e-01 8.402661769351073007e-01 8.464871056398212135e-01 8.489834958677956456e-01 8.480245009898876862e-01 8.527738694937742059e-01 8.543583159519050341e-01 8.501923036756683372e-01 8.392629332593005698e-01 8.591631399519189527e-01 8.559644375424222407e-01 8.575885964456863020e-01 8.600841207302111213e-01 8.594364423659098806e-01 8.453590619945340334e-01 8.526120279053203133e-01 8.612112530061615256e-01 8.580419445950348001e-01 8.604387657234625619e-01 8.587241028115665253e-01 8.633013934690330071e-01 8.648278685206461924e-01 8.638132162492758725e-01 8.542188361013509645e-01 8.598572777297069925e-01 8.583866128415934549e-01 8.565894457676704876e-01 8.580984742764249384e-01 8.522177082558672900e-01 8.625466792125325854e-01 8.605954503607189388e-01 8.630792675226089949e-01 8.591071535357561739e-01 8.618644000024818785e-01
