1.000000000000000000e+00 5.305525527719457540e-02 1.027219685324567838e-01 4.855480320660931354e-02 4.846599364670210741e-02 9.192913236365401683e-03 4.266203672320642570e-02 8.597298107627122238e-03 9.732218018642764534e-02 2.248984575838233399e-02 2.781127551633376035e-02 1.866491778857934727e-02 1.171422066241841961e-02 1.456790785303985376e-02 -1.351809993566739122e-03 -4.328538918984436989e-03 9.753772112609740419e-02 4.765449738575427280e-02 5.636692268603608197e-02 1.658595829212410402e-02 6.316965761145246216e-02 6.186815370802265651e-02 5.841946398583791611e-02 5.811842699091904901e-02 6.222344090423782142e-02 4.391938867231597737e-02 3.298526563745404067e-02 5.076820891326873537e-03 4.899153909891933167e-02 3.763830586951662921e-02 5.361644942901801908e-02 4.059194339426516057e-02 1.010615561346502912e-02 6.320936141612690240e-02 2.669413344050663647e-02 7.336642751397662310e-02 4.574431565506262981e-02 6.589349860228461801e-03 3.266335656153264433e-02 -6.593759298261515564e-03 1.054706826091634207e-02 -6.086113954151850178e-03 2.488207919788031769e-02 2.259130578842188236e-02 3.539406221967225652e-02 1.580605207795217348e-02 1.429263959493323570e-02 1.166824548788791653e-02 2.261169995748739392e-02 5.020168100699472918e-02 2.297381666088635366e-02 7.268768597276649424e-02 3.210745673857424293e-02 2.085348462864794472e-02 1.871628088401495679e-02 2.080830230055021393e-02 3.205014459421927364e-02 -1.936828839668657334e-03 4.476087092214471423e-04 3.247448233030584414e-02 1.767106389989528056e-02 1.161093855154727954e-02 1.665483271379259583e-02 3.099913597975965246e-02 5.286936195718976855e-02 4.603024031654050913e-02 2.598192877299489861e-02 1.668675836954874522e-02 1.567508316089061618e-02 1.530144020352368177e-02 2.635403466910331283e-02 2.272893619381027158e-02 3.026486139635397449e-02 2.420446081283093159e-02 1.902627055937114106e-02 2.175970343706341500e-02 9.036375906683437667e-03 2.020662145039616581e-02 1.399006098065020201e-02 2.414082195126230138e-02 2.174394311968567625e-02 2.066806555796084355e-02 3.758234535549289518e-02 1.464786277283961283e-02 2.482748156459258990e-02 3.299995502565705729e-02 2.366369132799855945e-02 6.143948864715056274e-03 1.233258994923229490e-02 1.996222818096510948e-02 3.219956545618478730e-03 7.477085716116303911e-03 1.351649244247156781e-02 2.381042169577468701e-03 8.434598211216951663e-03 6.992680856158868877e-03 1.137935191642859382e-02 4.617803591026689580e-02 1.567640338757315954e-02 1.621900409535256826e-02 8.078488479624900548e-03 1.340670542559191207e-02 2.002027583131276919e-02 1.110464741939815210e-02 3.680916017796595496e-02 2.249497147121770971e-02 1.546355709693126614e-02 1.418170057877806908e-02 8.385838234117945142e-03 9.650185274802658419e-03 5.201196303936934592e-03 1.990462620860679668e-02 1.587023286344858538e-03 1.938848080119256675e-02 2.981013161967847880e-02 2.998827298278787870e-02
5.305525527719457540e-02 1.000000000000000000e+00 1.193186240438231724e-02 1.145606414181129934e-01 1.427237882210271036e-01 1.020623588378921226e-01 1.407758346230900126e-01 1.416950823442075791e-01 1.290345906326092751e-01 1.516332830639085527e-01 1.158156110142390116e-01 1.303827323024620011e-01 1.405072424392004304e-01 1.277157577560567581e-01 1.325098585203219881e-01 1.215538038633446061e-01 1.363777330371338803e-01 8.839636359864931625e-02 1.110585425471748294e-01 9.959592103936454333e-02 6.835021442252241231e-02 1.017224937547459573e-01 1.371122499135642436e-01 1.023081555619459737e-01 1.238682038585354611e-01 1.208889916000075726e-01 1.214990394371540799e-01 1.406957765073025279e-01 1.242235264219404417e-01 1.500773987824452760e-01 1.352827612319305595e-01 1.465523065055398810e-01 1.353025901932234654e-01 1.487328694167490695e-01 1.486839375141052466e-01 1.461868423914893522e-01 1.346113200213758521e-01 1.362597258640101949e-01 1.431057815319658477e-01 1.357654400173163300e-01 1.306942075480882204e-01 1.414838421270523672e-01 1.328299707877457214e-01 1.355630223749494934e-01 1.317683410924860854e-01 1.402602689491224408e-01 1.494745847060497124e-01 1.375681971133378978e-01 1.469166803830376233e-01 1.411317461302416532e-01 1.426846224247599049e-01 1.296984195628961556e-01 1.264518634408160203e-01 1.400966591575866227e-01 1.321195015065385336e-01 1.515384631547647409e-01 1.399217631723727873e-01 1.320637155761084647e-01 1.351463934230531794e-01 1.577355620274099590e-01 1.467117982659452702e-01 1.392152164258285418e-01 1.344326943734443780e-01 1.442941030330790464e-01 1.453420550617234019e-01 1.435107044902317608e-01 1.499238434562477906e-01 1.423770784960111391e-01 1.491860159661930196e-01 1.402657837635409854e-01 1.303859557062635455e-01 1.406628541618228923e-01 1.442663324724791918e-01 1.365792974381346558e-01 1.397819592355870888e-01 1.388083115632325892e-01 1.468350875561387769e-01 1.408367944594973442e-01 1.423573054258082393e-01 1.403603462354017783e-01 1.393916881331381807e-01 1.418534986309539503e-01 1.576267921054420595e-01 1.464640561347834158e-01 1.498649321833713244e-01 1.502178817591033333e-01 1.440760595228897101e-01 1.433550662722184732e-01 1.489218604544986224e-01 1.468887908069966552e-01 1.484925183318369091e-01 1.487220348680851623e-01 1.412082952709735884e-01 1.420387168102288655e-01 1.583054731769676926e-01 1.512945545651079582e-01 1.336114809649035229e-01 1.460595720554783983e-01 1.588799509346906225e-01 1.483089264125331819e-01 1.396200569835450711e-01 1.348489502879774982e-01 1.385089176562751545e-01 1.363138334460770040e-01 1.446816217579229291e-01 1.430358908747742241e-01 1.469312244644307430e-01 1.470738271445781176e-01 1.422777483586775971e-01 1.586341233813340357e-01 1.427306750160671489e-01 1.571853078062638853e-01 1.414377615395613075e-01 1.458705857990862387e-01 1.516615843222994253e-01 1.419574967155048384e-01
1.027219685324567838e-01 1.193186240438231724e-02 1.000000000000000000e+00 2.957283558289509617e-01 1.759692799374178995e-01 2.289506845893493348e-01 3.174726405103444615e-01 3.129169759488610869e-01 3.711142565921081160e-01 2.986244604402148450e-01 3.662562176252218138e-01 3.706117374659503305e-01 3.405757837569409197e-01 3.508292323835389692e-01 3.745181211381242714e-01 3.761322652096298902e-01 3.629732380066562625e-01 3.496091067324954560e-01 3.781687590328713933e-01 2.961112172696538924e-01 2.990897730193872173e-01 3.560448710020857610e-01 3.947637431747949011e-01 3.656288526330060962e-01 3.703131852121505641e-01 3.848770752536253004e-01 3.878788708899911231e-01 3.695189619135755277e-01 3.655351564083742510e-01 3.762720684532372406e-01 3.982316184440286566e-01 4.041936938939726387e-01 3.666051895548327888e-01 3.998807698018285728e-01 3.659406777587071447e-01 3.715213045127127578e-01 3.766170023858788074e-01 4.001189457502105640e-01 3.958884601573008921e-01 3.713683001133012418e-01 3.946225744300480565e-01 3.891576185409534872e-01 3.849203891917782339e-01 3.955751201181013643e-01 3.920368509695054682e-01 4.021044105476014319e-01 3.843293088298934124e-01 3.927534689192122563e-01 3.864364368768937186e-01 3.940473058298143982e-01 3.981781336982133102e-01 3.723104667779955634e-01 3.803559732107210101e-01 3.891771873880778831e-01 3.842147817843896140e-01 3.978414062013354568e-01 3.621685049356142549e-01 3.846534521941676887e-01 3.776475123566200298e-01 3.789254250897687304e-01 3.824127308637423339e-01 3.788231994997483532e-01 3.747587958096430527e-01 3.834381028261243385e-01 3.840046124661534166e-01 3.755884279168706930e-01 3.898016308756312998e-01 4.022007953628946031e-01 4.029588944197836087e-01 3.879835488368686969e-01 3.900574430455794328e-01 3.952906796039070692e-01 4.051937417719226886e-01 4.027091447436983995e-01 3.940363265766877454e-01 3.925760388225129627e-01 3.895359928233817493e-01 3.852796296481459382e-01 3.937545049927118068e-01 3.968773511399744103e-01 3.886136862317653429e-01 3.926472114352508314e-01 3.984610750779801758e-01 3.881569465916919759e-01 3.975947971510672696e-01 4.037591517359013227e-01 3.863456593537158423e-01 3.932694561933580690e-01 3.936371508206530367e-01 4.000599062287999996e-01 3.899370998562127766e-01 3.864352440625659080e-01 3.906767406009723498e-01 3.938093946638291376e-01 3.776524532424873071e-01 3.839217382541555423e-01 3.802479768473125410e-01 3.807799757975782740e-01 3.740199339579582949e-01 3.873657530354145395e-01 3.893817822645529447e-01 3.868147937356620769e-01 3.781031122732171346e-01 3.885921568146781246e-01 3.895984583788236200e-01 3.772112610029155766e-01 3.847177487710459753e-01 3.876759409788836930e-01 3.898373897305329461e-01 3.779718010819528295e-01 3.811186872903484235e-01 3.774532349371027551e-01 3.813892330641451278e-01 3.866168882128763196e-01 3.844070213351468701e-01 3.841899306730389152e-01
4.855480320660931354e-02 1.145606414181129934e-01 2.957283558289509617e-01 1.000000000000000000e+00 3.478413120790107005e-01 4.446468188575125602e-01 5.809737032337218832e-01 5.509901901073025465e-01 5.742989505709616971e-01 4.868527737154504931e-01 6.057481731036484796e-01 6.439940188971521318e-01 5.643864787957370011e-01 5.643798541537430324e-01 6.312492839539215472e-01 6.088461126603854634e-01 5.507196238793717891e-01 4.908416879474742367e-01 5.532254395441947858e-01 4.666144607329753558e-01 5.760899800113928881e-01 6.297533905626288009e-01 5.479353161549086471e-01 4.999430298726801891e-01 5.587195501795220176e-01 6.216838335143132221e-01 6.196696790015110423e-01 6.295085806383627913e-01 6.314844970400571578e-01 6.265530356338200324e-01 6.522431670484117872e-01 6.214625767116304100e-01 6.102849591945196384e-01 6.235324225192708791e-01 6.132723676672298119e-01 6.289196717605356479e-01 6.433148286669901905e-01 6.326910303665999047e-01 6.501953617898412752e-01 6.339955826142077422e-01 6.318628009373624677e-01 6.374445711604557196e-01 6.463720131705016358e-01 6.527186291704678567e-01 6.578074979062448202e-01 6.504221821873321652e-01 6.334489344958229573e-01 6.230146089380522723e-01 6.222689637879710300e-01 6.269896822433989048e-01 6.345443546942082236e-01 6.358603755718622574e-01 6.308863710552264914e-01 6.150436464262702962e-01 6.182109818726875261e-01 6.336978769871417505e-01 6.021803390802656919e-01 6.298858715945078179e-01 6.177443333690895155e-01 6.367789561779091390e-01 6.367294846345801229e-01 6.236179640488267450e-01 6.223228678335341879e-01 6.264159308393709713e-01 6.315045984004290514e-01 6.281104836080459997e-01 6.341314272133666829e-01 6.278002993908979867e-01 6.339512722845441761e-01 6.353462300846988153e-01 6.622006956743456962e-01 6.507758848896116888e-01 6.270456299672811928e-01 6.278569267963137746e-01 6.463911834779877408e-01 6.466086483078303804e-01 6.463245206305738844e-01 6.515839647746648478e-01 6.503850384356597569e-01 6.426297887738634529e-01 6.530215152830424197e-01 6.468552104140706804e-01 6.446575898465700671e-01 6.454240994742137527e-01 6.461994523457420536e-01 6.486130708998183447e-01 6.574387707508863032e-01 6.434478400226526507e-01 6.492982536077660516e-01 6.406844747240389992e-01 6.505897604863268846e-01 6.419333696969770076e-01 6.501646319496305892e-01 6.473018206694566290e-01 6.365044623141640212e-01 6.327573528743583031e-01 6.387110858485868237e-01 6.299858362700676562e-01 6.388269069873873107e-01 6.448711788866724470e-01 6.465146389661154958e-01 6.358440762587391770e-01 6.367679178648095739e-01 6.389923458994454242e-01 6.497145585720830452e-01 6.263166392624909262e-01 6.343150388010694307e-01 6.305645765544474202e-01 6.328181230124340084e-01 6.371620756231719529e-01 6.341715282242613716e-01 6.359385196641874627e-01 6.295306164117862036e-01 6.342947608306825913e-01 6.380092550745755098e-01 6.324018816503294005e-01
4.846599364670210741e-02 1.427237882210271036e-01 1.759692799374178995e-01 3.478413120790107005e-01 1.000000000000000000e+00 3.452402840129465411e-01 4.701439942055362087e-01 4.683960936036550837e-01 4.277742190741270489e-01 3.798804415500756093e-01 4.299773634596164573e-01 4.821723490181211713e-01 4.578910137758790966e-01 4.309729712785516087e-01 4.793437381911270223e-01 4.590219078154298971e-01 3.949488076753255306e-01 2.439361357329145330e-01 3.655559393583688310e-01 2.788227114565963727e-01 3.448698528932704344e-01 4.271774717549498557e-01 3.551386284041957442e-01 2.875846494660145858e-01 3.697996624290891821e-01 4.364062364432634289e-01 4.319875051361627416e-01 4.523579409584236322e-01 4.207290795005085293e-01 4.585035226691530630e-01 4.535591174898783162e-01 4.341017365551115836e-01 4.467856443822714740e-01 4.416545856901811784e-01 4.608458200480142208e-01 4.638052503630521461e-01 4.755363922364827522e-01 4.526063265231116128e-01 4.788845942223603491e-01 4.648416344332752526e-01 4.669445934333374959e-01 4.729172947798006565e-01 4.904484347621118068e-01 4.798681802311067779e-01 4.775507164291655782e-01 4.724700061142777519e-01 4.947279029799033778e-01 4.677053928807750616e-01 4.679548289781518822e-01 4.723094796071243828e-01 4.730568045401359889e-01 4.769418696732884433e-01 4.725356485237885429e-01 4.628626463830163296e-01 4.556534399576173677e-01 4.675422824678311384e-01 4.457218803866109802e-01 4.710114635781352255e-01 4.551402653308816992e-01 4.934738485062989399e-01 4.876632266033612551e-01 4.612184828269000336e-01 4.586374554588816821e-01 4.683570320269438425e-01 4.693777739081245182e-01 4.621133078134713190e-01 4.826957385972068248e-01 4.649996097865431999e-01 4.654876379094615713e-01 4.582432112792163004e-01 4.736380185389117980e-01 4.826507426266234968e-01 4.478025093396814094e-01 4.514602754725320355e-01 4.772156911988616468e-01 4.769069429619868239e-01 4.819759428463574191e-01 4.739592374959686882e-01 4.738948175213230640e-01 4.687024737833200283e-01 4.832161781086845020e-01 4.799930461871591003e-01 4.835647148965729336e-01 4.870716516693873732e-01 4.901714038213900726e-01 4.823865888624973564e-01 4.877871549978560206e-01 4.801882875671686368e-01 4.881901884731076890e-01 4.784079688918049245e-01 4.890508619184651407e-01 4.926771216509323037e-01 4.833063595027592974e-01 4.864189801373336453e-01 5.033499640802684416e-01 4.893512524491824833e-01 4.894344925391465040e-01 4.824024670992819175e-01 5.073469851162260014e-01 4.917808711875266692e-01 4.922466442905489292e-01 4.790263181598743980e-01 4.838722460658463898e-01 4.853904111105001307e-01 4.950668208855859564e-01 4.768342828447145187e-01 4.847291773818028227e-01 4.838928893278910404e-01 4.790583479946538548e-01 5.035985877203479344e-01 4.861432641071410377e-01 5.010148378132163183e-01 4.745025695732966176e-01 4.844292154429182817e-01 4.848639624430927664e-01 4.793614529114091916e-01
9.192913236365401683e-03 1.020623588378921226e-01 2.289506845893493348e-01 4.446468188575125602e-01 3.452402840129465411e-01 1.000000000000000000e+00 5.764314682801059408e-01 5.094652085447728407e-01 5.355397969199906516e-01 4.851960511008111543e-01 5.548979299992934378e-01 5.928561988806360095e-01 5.373755148332342024e-01 5.318491355093786233e-01 5.932228806629091800e-01 5.756925102145786788e-01 5.235728183274011016e-01 3.970850290514536529e-01 4.692459362028179592e-01 3.798407307496888263e-01 4.464956376975019459e-01 5.214492065508052887e-01 4.886197890846742942e-01 4.132009207937080708e-01 4.702353375879964048e-01 5.596109963228427242e-01 5.596729684381245296e-01 5.757048976464554935e-01 5.572965725759679856e-01 5.799801940173010539e-01 5.864743410347801333e-01 5.745515227850316320e-01 5.568543939883644489e-01 5.555931609672338789e-01 5.710338711432191294e-01 5.579449929572277700e-01 5.808697182034893158e-01 5.800354780170172697e-01 5.902539668783404192e-01 5.849914379915716056e-01 5.960711712695422326e-01 5.976886658511673112e-01 5.887996308475174079e-01 6.085709265332400753e-01 6.022211722020922586e-01 5.972078091075505579e-01 6.123644712650166966e-01 5.955734279942105358e-01 5.903604435480437340e-01 5.826204357114554977e-01 5.950173057679037925e-01 5.848747111203640436e-01 5.887324803396003503e-01 5.907205652323449518e-01 5.826278845467119938e-01 5.953760808941426230e-01 5.755153636390911709e-01 5.966717415944845504e-01 5.893810027473085356e-01 6.103022821265350339e-01 6.045300838015750244e-01 5.949949187705613207e-01 5.922163924728864881e-01 5.872455496318321755e-01 5.956054800935817184e-01 5.929950369076482097e-01 6.084991381376919639e-01 5.932935765101455816e-01 5.969791769607000198e-01 5.847215861856944752e-01 5.982062802544797497e-01 6.048964078441119163e-01 5.784164608768662674e-01 5.779524360625046819e-01 6.047580325063872664e-01 6.105186841458186686e-01 6.094183374241662898e-01 6.094899877636706931e-01 6.039626524702892407e-01 6.011507184831990092e-01 6.110412089811074754e-01 6.081324256851082799e-01 6.052316590259275708e-01 6.071590808902261882e-01 6.007722562496089491e-01 5.973432412788360901e-01 6.095501658773673226e-01 6.054154908567876969e-01 6.141038664855773543e-01 5.980304677899371812e-01 6.108609692907028821e-01 6.144412798432311584e-01 6.101695793399088963e-01 6.124386851358969430e-01 6.172671264922249268e-01 6.109108904984835720e-01 5.932197461971521202e-01 5.878094408728591347e-01 6.152610513744666276e-01 6.087849713286284103e-01 6.076803856623158584e-01 6.039248530586787123e-01 6.052589972560580289e-01 6.078920767638653633e-01 6.073842985533685068e-01 5.973756985733291724e-01 6.043921049804331647e-01 6.068638045579983764e-01 6.028700872176663283e-01 6.170569368399875243e-01 6.089643331388111536e-01 6.156233024168267232e-01 6.032893100477663140e-01 6.037416939282945760e-01 6.094124034236025889e-01 6.013313386367278301e-01
4.266203672320642570e-02 1.407758346230900126e-01 3.174726405103444615e-01 5.809737032337218832e-01 4.701439942055362087e-01 5.764314682801059408e-01 1.000000000000000000e+00 7.151502456717855338e-01 7.253833404703862175e-01 6.547474511761190996e-01 7.588418342841063424e-01 7.985462916061217831e-01 7.361803784642196868e-01 7.334567478300447751e-01 8.258971218731990804e-01 7.894547953016294306e-01 6.855603946405195437e-01 5.765281205051845381e-01 6.844225226406865925e-01 5.454290475797407556e-01 6.378787618957619809e-01 7.481805065251997400e-01 6.757395026470317534e-01 6.120409778209594531e-01 6.845675139435420942e-01 7.671101140402434293e-01 7.740729913192067047e-01 8.041904763317166971e-01 7.755359232324320340e-01 7.852900536022151545e-01 8.051605314068298602e-01 7.940458354197263979e-01 7.772308094770421505e-01 7.811826944223609903e-01 7.741158781350432339e-01 7.738983310124905035e-01 7.933160522321111019e-01 7.963842636228798400e-01 8.087120693624768597e-01 8.051163466296147320e-01 7.985816590995357123e-01 8.166041451018550834e-01 8.190673658655021061e-01 8.220715321028377875e-01 8.160209187027169797e-01 8.158530113035306064e-01 8.172694195898748681e-01 8.001517932975850123e-01 7.879208111036519746e-01 7.859075282171975596e-01 8.036887930228429067e-01 7.955879814489182911e-01 7.955324282874419728e-01 7.916530941496194851e-01 7.845837248457406821e-01 8.039308856401884418e-01 7.686445054409001276e-01 8.000407544702208273e-01 7.892671324177469305e-01 8.177835106933190046e-01 8.107353578999908494e-01 7.976130320835536081e-01 7.940500948091542277e-01 7.905839153505194172e-01 8.016733689052845113e-01 7.964997190497394852e-01 8.151990847005534668e-01 8.077722028949935185e-01 8.119012844874412549e-01 7.951870772530292841e-01 8.214517635632849757e-01 8.243386845319220502e-01 7.964337211670895478e-01 7.942161744414832913e-01 8.175111796782472684e-01 8.211795349663912891e-01 8.259926288155592378e-01 8.258921519482689266e-01 8.238516157062316658e-01 8.068849600824908874e-01 8.210171314719365565e-01 8.244322661763398008e-01 8.224164407634111384e-01 8.208442767160600839e-01 8.212197236025940983e-01 8.236241684916070227e-01 8.271249158749034436e-01 8.244225255083861281e-01 8.285155093724888564e-01 8.159819410431300435e-01 8.334435027833201337e-01 8.279986855798161516e-01 8.268357660860936598e-01 8.292737727128349778e-01 8.261173001100523550e-01 8.201875226292629772e-01 8.140186302044998268e-01 7.992409329130514273e-01 8.281544853672720974e-01 8.259822618566572405e-01 8.288062640120064106e-01 8.126443026000064185e-01 8.123137441416717897e-01 8.184568488741514880e-01 8.218250920239804636e-01 8.064507335412491873e-01 8.149690144797442359e-01 8.128078773974076743e-01 8.151739352922586779e-01 8.271548596517801499e-01 8.189085287778501421e-01 8.241602132817654747e-01 8.116900901140728930e-01 8.123793927037171736e-01 8.181920678105660816e-01 8.069607744338673783e-01
8.597298107627122238e-03 1.416950823442075791e-01 3.129169759488610869e-01 5.509901901073025465e-01 4.683960936036550837e-01 5.094652085447728407e-01 7.151502456717855338e-01 1.000000000000000000e+00 7.249310763982040884e-01 6.520409678493203076e-01 7.398244950322088176e-01 7.878198859254076369e-01 7.300730599463782777e-01 7.234106052904445416e-01 8.030398215882774693e-01 8.007095625168103581e-01 6.838160398297272735e-01 5.520513799569199964e-01 6.369221854278106498e-01 5.586783240918874460e-01 6.360537837249948812e-01 7.041976157063710717e-01 6.472879558680825207e-01 5.713719214969331661e-01 6.304977458079535912e-01 7.583539366540518190e-01 7.599366496818424910e-01 7.505651842019196440e-01 7.376139011648337185e-01 7.674822975812022330e-01 7.837551071940309644e-01 7.688403949168554075e-01 7.343015018267144978e-01 7.569474478150173269e-01 7.568139207949949876e-01 7.537251053687487046e-01 7.643938596560408971e-01 7.989175880125523044e-01 7.964067135410148879e-01 7.819423883182435864e-01 7.985964663458916535e-01 8.055358337185465345e-01 7.991908163482438487e-01 8.149569271240507673e-01 7.964559829587505302e-01 7.999192966163172214e-01 8.141426365355929340e-01 8.031132180064762816e-01 8.077645330520291100e-01 8.004415188622212574e-01 8.145099460612567066e-01 7.756193974568307281e-01 7.972293396737584192e-01 7.965876861623141236e-01 7.971663412098266566e-01 8.048923770745822770e-01 7.850272589597572237e-01 8.078784176363338343e-01 8.082157438412765904e-01 8.127249612380401667e-01 8.133714803485856404e-01 8.058044360054535948e-01 8.022501222355373773e-01 8.055942819282343459e-01 7.935546039848374589e-01 7.993442079969655945e-01 8.090457315194328203e-01 7.940580797447407413e-01 8.017761403116540064e-01 7.935218310092825300e-01 8.074182126183477859e-01 8.067056181371689005e-01 7.771736197888657882e-01 7.739119417031981030e-01 8.103781004021879397e-01 8.092836802946224983e-01 8.081062675270350715e-01 8.060743573137388873e-01 8.055112640090489329e-01 8.042542206893973367e-01 8.073374727893357639e-01 8.131320572538448532e-01 8.115000088400392553e-01 8.099846446093811325e-01 8.157527698326431098e-01 8.075406543205074783e-01 8.083118948033870543e-01 8.165686965569250999e-01 8.161105686387958302e-01 8.091960765373826803e-01 8.085440631262229561e-01 8.168179030752861225e-01 8.131334133346974635e-01 8.152722821476026116e-01 8.167137822556436166e-01 8.153375356891462422e-01 8.191808439818655252e-01 8.156367213056670007e-01 8.226206400598551349e-01 8.231633148804661237e-01 8.207313581115140977e-01 8.168516504614612428e-01 8.112518166636758510e-01 8.179667468244796735e-01 8.150855683341180491e-01 8.101103402992601010e-01 8.189183875641851129e-01 8.100385933495973800e-01 8.156830499086091812e-01 8.206127570281541717e-01 8.185225749980266086e-01 8.166844523525346178e-01 8.137227416697473403e-01 8.162153731349439667e-01 8.122332578628800315e-01 8.098668643593487371e-01
9.732218018642764534e-02 1.290345906326092751e-01 3.711142565921081160e-01 5.742989505709616971e-01 4.277742190741270489e-01 5.355397969199906516e-01 7.253833404703862175e-01 7.249310763982040884e-01 1.000000000000000000e+00 7.353913645399929866e-01 8.043256363180090185e-01 8.419160500601297059e-01 7.566589975821735869e-01 7.713141471677237293e-01 8.506501669018065037e-01 8.434894295450499069e-01 7.949707513121248015e-01 6.585387523118542141e-01 7.250338053044315112e-01 5.900534624245999948e-01 6.445170607716571576e-01 7.501190909301835852e-01 7.541066807972569563e-01 6.647769303907963279e-01 7.144946532292612007e-01 8.370957238773162334e-01 8.395224740585021106e-01 8.107260750205704802e-01 8.125435213529966783e-01 8.447171879993191634e-01 8.621479234066486974e-01 8.512840609485786691e-01 7.806803747553587858e-01 8.217569911095373714e-01 8.188911844360481362e-01 7.980128064281409861e-01 8.220932882425973087e-01 8.544935706206779891e-01 8.549778905644598304e-01 8.176226475120624837e-01 8.708891977112575011e-01 8.635508155017690424e-01 8.479344445770219396e-01 8.786899157211114364e-01 8.620948052377890303e-01 8.620682198792484208e-01 8.736039902656562717e-01 8.830621910209155434e-01 8.767864941443895832e-01 8.584897224507146429e-01 8.770765901328895220e-01 8.472556348916908675e-01 8.648505657648941636e-01 8.807391371590255202e-01 8.724625261632455997e-01 8.731242971411325993e-01 8.556488947233497067e-01 8.712823791370651882e-01 8.680543578469804844e-01 8.768837802008229154e-01 8.728147930487633044e-01 8.717048540995081529e-01 8.655739240671975754e-01 8.747602269738874448e-01 8.831493851666736283e-01 8.767796426453369207e-01 8.817400348360366902e-01 8.740205567908599926e-01 8.791278169846492574e-01 8.553205667967785919e-01 8.618111265905230578e-01 8.755631133687007406e-01 8.604416384475346291e-01 8.551044254142103895e-01 8.826730171934165092e-01 8.820523451194237641e-01 8.730596911913303115e-01 8.769329197359427841e-01 8.745288174321557140e-01 8.831265403183453655e-01 8.758983909430171355e-01 8.841616314183680103e-01 8.825116675439869107e-01 8.728117584154837516e-01 8.711659328941060432e-01 8.737835100764641538e-01 8.685789260613950846e-01 8.765129141390938239e-01 8.765748899795660076e-01 8.793683463639736519e-01 8.620744231849729600e-01 8.756831619702712954e-01 8.782909871637974986e-01 8.780938776973670201e-01 8.712531399576595170e-01 8.788618026744147160e-01 8.583397294495223040e-01 8.741544446627099729e-01 8.684051084006592092e-01 8.784950130068881480e-01 8.724611614555654038e-01 8.795506784729670846e-01 8.764760931155246571e-01 8.798486821861207785e-01 8.798918976583582907e-01 8.732845103167864442e-01 8.813418088979267928e-01 8.799794946472048185e-01 8.805616267043638867e-01 8.733849478092952090e-01 8.723589223893707389e-01 8.770313343720751442e-01 8.742324177788750594e-01 8.808339378557908939e-01 8.848118939213989176e-01 8.824560148828006767e-01
2.248984575838233399e-02 1.516332830639085527e-01 2.986244604402148450e-01 4.868527737154504931e-01 3.798804415500756093e-01 4.851960511008111543e-01 6.547474511761190996e-01 6.520409678493203076e-01 7.353913645399929866e-01 1.000000000000000000e+00 7.169332290393309881e-01 7.487455344680049585e-01 6.994775475473838933e-01 7.036142816485686513e-01 7.706604359537717608e-01 7.623290198717153077e-01 6.952579380207357662e-01 5.746064132959699533e-01 6.396854626958931034e-01 5.104863830101479261e-01 5.422389667270690605e-01 6.488791925720821530e-01 6.721533944665655236e-01 5.836519745186824482e-01 6.285806594243777967e-01 7.376754891597470110e-01 7.471651299799114687e-01 7.352195119156031966e-01 7.144923664222089243e-01 7.529585986788746022e-01 7.641547115885246599e-01 7.583596316703030693e-01 7.098150079289474723e-01 7.316871376476727917e-01 7.329038189434300410e-01 7.026978295609037639e-01 7.344554192530688974e-01 7.690718146599015981e-01 7.650516729036537233e-01 7.425054243429726197e-01 7.832612925766012646e-01 7.852999375925215908e-01 7.544849785241420914e-01 7.880459852620845806e-01 7.706189231249116478e-01 7.798096276435321217e-01 7.932330667788393130e-01 7.985772493821766682e-01 7.855594512508706773e-01 7.520790107513848355e-01 7.799433812599549931e-01 7.345298359904711694e-01 7.640203422711957515e-01 7.964884575762604113e-01 7.829825109051256060e-01 7.860339315734020671e-01 7.560981638427107798e-01 7.858769649264184531e-01 7.830085045304436830e-01 7.931855309689114231e-01 7.820997571352100719e-01 7.856596931587319643e-01 7.708337735231403087e-01 7.815984663441095659e-01 7.843028455805818311e-01 7.824144338069489724e-01 7.967015235622245672e-01 7.870137397675768254e-01 7.935673644514912306e-01 7.624716182799076147e-01 7.677104039221477327e-01 7.866829725821327113e-01 7.717793631830829337e-01 7.664782433113637161e-01 7.921652618992474082e-01 7.932862255147306030e-01 7.905860797185396693e-01 7.853792052540187196e-01 7.869339005822135746e-01 7.898417652917237852e-01 7.844176570388743386e-01 7.980685023703216752e-01 7.960979079941187253e-01 7.911735140891152929e-01 7.876423233516747224e-01 7.873200704533322991e-01 7.824703024414916275e-01 7.959616811446690310e-01 7.935886932803458693e-01 7.923630623054770394e-01 7.834422940247277589e-01 7.956273079649140989e-01 7.915589986189135452e-01 7.954861861557562808e-01 7.940429520526631757e-01 7.987131519574219851e-01 7.666999768685962557e-01 7.771326928358889274e-01 7.892126479911950598e-01 7.939593095865232764e-01 7.857619079397819561e-01 7.901558961173915652e-01 7.889166126157830528e-01 7.928057646144907045e-01 7.862280578673526144e-01 7.843302836436816250e-01 7.964402399538809130e-01 7.984336411347675577e-01 7.962766423986924469e-01 7.935556265718933799e-01 7.912602893065971976e-01 7.983922558013166748e-01 7.942328999602522588e-01 7.941618810542975249e-01 7.951327489474387944e-01 7.923241390848326793e-01
2.781127551633376035e-02 1.158156110142390116e-01 3.662562176252218138e-01 6.057481731036484796e-01 4.299773634596164573e-01 5.548979299992934378e-01 7.588418342841063424e-01 7.398244950322088176e-01 8.043256363180090185e-01 7.169332290393309881e-01 1.000000000000000000e+00 8.654110681805803340e-01 7.822093927985561690e-01 7.814345692445852087e-01 8.693071654204013177e-01 8.544518563792116161e-01 7.634976972617392166e-01 6.476996491582450721e-01 7.288631345039977560e-01 6.115551009885088485e-01 6.687848957843883779e-01 7.700577574426664684e-01 7.558965102646740819e-01 6.681841674293026445e-01 7.238640022456969136e-01 8.407840646891033831e-01 8.506565387482657448e-01 8.452984573235245991e-01 8.254797416102153118e-01 8.635359315593758023e-01 8.752201180265826164e-01 8.591902896303652559e-01 8.171586592505546420e-01 8.437290111201628529e-01 8.410560608053251341e-01 8.216686655529346073e-01 8.496881891491537830e-01 8.735774728674177148e-01 8.758713628092326120e-01 8.593435339728174860e-01 8.802297400944071315e-01 8.895302014706334415e-01 8.696850316741537856e-01 8.891959742177146797e-01 8.813049986464738250e-01 8.859357517025817641e-01 8.871914786961980770e-01 8.881283603326973752e-01 8.813460992280838235e-01 8.625129935019915095e-01 8.833778450599538701e-01 8.465617856723821610e-01 8.728396657929039515e-01 8.842342718735991536e-01 8.768600822616653412e-01 8.867910328280337318e-01 8.586313906210865099e-01 8.828650466224379212e-01 8.775219894067748383e-01 8.849411084542135875e-01 8.846209164647909073e-01 8.814766413796616407e-01 8.744630435295579485e-01 8.743607276099204517e-01 8.805880681914016739e-01 8.777338186105965168e-01 8.900057588277368037e-01 8.831846999507646512e-01 8.900129857162979441e-01 8.736080508306230952e-01 8.815969468683726440e-01 8.936671072432083029e-01 8.713632480220415699e-01 8.683578561891583947e-01 8.945669183861293394e-01 8.981908787470759270e-01 8.940037341630211465e-01 8.917243034992364814e-01 8.948375187641443018e-01 8.941644535859086806e-01 8.946050474031119748e-01 9.016871246355517844e-01 8.964027699487209233e-01 8.926802052014050082e-01 8.904428879759966886e-01 8.916363589907692067e-01 8.940240442068289051e-01 8.951079394848661108e-01 8.977559393077888528e-01 8.904924006338588161e-01 8.914022087199289235e-01 8.953806607638135073e-01 8.973764357448568152e-01 8.984416502562992957e-01 8.899534314974104632e-01 8.932743289118636465e-01 8.785942530828433350e-01 8.767137084141153336e-01 8.885800691853015243e-01 8.931051893082105897e-01 8.938487140916079321e-01 8.909809628894899136e-01 8.869337884712468201e-01 8.925666719272198346e-01 8.913089585850896279e-01 8.825170647460095497e-01 8.926822515135813818e-01 8.922787192695911251e-01 8.938839736105225198e-01 8.902866968531889524e-01 8.899899006816299751e-01 8.900279345683431709e-01 8.894294142269661974e-01 8.905528030685576635e-01 8.927052864067849258e-01 8.877519574795261770e-01
1.866491778857934727e-02 1.303827323024620011e-01 3.706117374659503305e-01 6.439940188971521318e-01 4.821723490181211713e-01 5.928561988806360095e-01 7.985462916061217831e-01 7.878198859254076369e-01 8.419160500601297059e-01 7.487455344680049585e-01 8.654110681805803340e-01 1.000000000000000000e+00 8.279693691215510576e-01 8.240404685953319763e-01 9.189145199612134274e-01 9.031722100014764054e-01 8.010667409347741463e-01 6.653659058537136906e-01 7.621164136768613373e-01 6.408642105822485169e-01 7.297949771323763990e-01 8.244053214363158411e-01 7.791144739529629604e-01 6.879801983280657840e-01 7.586409222694826537e-01 8.823692158522135065e-01 8.940722421868761982e-01 8.843614503837919916e-01 8.681301932559043477e-01 8.953193299478414691e-01 9.169358538398282299e-01 8.980411829462380258e-01 8.587384616720766806e-01 8.779219619487690363e-01 8.845865577000698865e-01 8.707157268419205565e-01 8.981214134370840707e-01 9.112945388454574136e-01 9.208424886044723756e-01 9.066139320844918137e-01 9.298933773289185245e-01 9.341288016048006071e-01 9.214399798845167577e-01 9.425498487908274825e-01 9.299232554778892323e-01 9.313099665511541669e-01 9.389947559135989330e-01 9.353279823811808669e-01 9.272717353204711355e-01 9.066313956174215649e-01 9.317912738441969100e-01 9.039087158829689495e-01 9.262730944734806071e-01 9.289687833547036755e-01 9.229522600232814566e-01 9.294840813612668118e-01 9.066864122236899526e-01 9.345042325175634268e-01 9.278004435739614086e-01 9.399830488284597330e-01 9.386882386257933142e-01 9.333403821404009371e-01 9.265549418544456461e-01 9.283842952141589944e-01 9.278529836747927417e-01 9.307194060653550816e-01 9.407252858666780293e-01 9.275890565525806153e-01 9.342597003149978319e-01 9.222978450726938560e-01 9.370987862542745628e-01 9.412575965251755994e-01 9.125840927735849872e-01 9.098655276195106723e-01 9.414461256441594150e-01 9.439932903103239736e-01 9.422637009432307531e-01 9.421943219680388726e-01 9.418700546701029852e-01 9.398312138663262871e-01 9.432607748912461565e-01 9.478340842033309288e-01 9.411946719987575039e-01 9.410026932320785242e-01 9.368168229630501331e-01 9.362050741930698639e-01 9.443096124024659144e-01 9.428753753471355026e-01 9.468746945888959488e-01 9.356327710330509806e-01 9.409846002881417926e-01 9.463334184067488941e-01 9.481518052173668609e-01 9.463068129920171323e-01 9.415973363313502320e-01 9.433571807819504107e-01 9.300427738741043893e-01 9.260214097589936078e-01 9.399157869040452029e-01 9.429168191208165961e-01 9.456791938282069765e-01 9.415452652747919871e-01 9.398687703521890757e-01 9.453122311078856477e-01 9.442772822250485865e-01 9.338020557662929377e-01 9.429476274032099203e-01 9.412318725772728101e-01 9.421347443128966770e-01 9.419469618033504688e-01 9.421312390035132545e-01 9.422862964153634335e-01 9.410708216035302831e-01 9.427024587344913220e-01 9.420604590572073667e-01 9.415437125324006562e-01
1.171422066241841961e-02 1.405072424392004304e-01 3.405757837569409197e-01 5.643864787957370011e-01 4.578910137758790966e-01 5.373755148332342024e-01 7.361803784642196868e-01 7.300730599463782777e-01 7.566589975821735869e-01 6.994775475473838933e-01 7.822093927985561690e-01 8.279693691215510576e-01 1.000000000000000000e+00 7.541293316219331855e-01 8.377939138234187233e-01 8.223048082297348405e-01 7.198905956341741241e-01 5.804649247786665134e-01 6.714763764985026695e-01 5.822512467246799828e-01 6.462623604998074534e-01 7.236709931926654793e-01 6.916067383397667134e-01 6.089239424654446786e-01 6.711332808565840802e-01 7.956428073069773399e-01 8.003996491251096357e-01 7.883525301957292619e-01 7.667356205937175817e-01 7.952002148669593540e-01 8.193549919533364978e-01 8.062996104501026773e-01 7.582131997450972660e-01 7.810885031780820942e-01 7.892112203176616658e-01 7.760468497207089200e-01 7.955290853188159428e-01 8.181856019022623050e-01 8.216356771484738530e-01 8.094949569645873977e-01 8.441245196962081643e-01 8.423491147153466807e-01 8.315071869211941857e-01 8.510261719353213739e-01 8.398665753583061111e-01 8.365977653101646094e-01 8.618078833975567621e-01 8.517466160155734434e-01 8.479636770958581815e-01 8.268566976501937615e-01 8.455040575994898777e-01 8.249806154842417305e-01 8.434959373921080417e-01 8.454521963695480480e-01 8.405817201694956164e-01 8.471003637034262290e-01 8.208250702585561109e-01 8.535815018080870065e-01 8.431696598908692275e-01 8.582327902989429491e-01 8.594839741327856553e-01 8.455300348797455401e-01 8.397116667236923515e-01 8.456264496039227474e-01 8.389384044927089557e-01 8.442682606491631603e-01 8.586894013650236968e-01 8.458857719163539457e-01 8.469320303738353539e-01 8.415220789121803380e-01 8.497693140064060957e-01 8.540210421461501555e-01 8.271689444695012883e-01 8.266476891845537800e-01 8.553587627801630955e-01 8.506785735201297660e-01 8.511976395842193455e-01 8.497865894518656926e-01 8.521582329395741562e-01 8.469246323985399894e-01 8.494143881929210327e-01 8.608104368228982617e-01 8.523179995190991454e-01 8.518837266632321992e-01 8.534620245599983113e-01 8.482817276238351356e-01 8.519290819484089949e-01 8.576750800604766578e-01 8.582827141001955207e-01 8.513818663079195659e-01 8.489423392143492508e-01 8.644248239882135199e-01 8.595958030984391929e-01 8.605802308598451411e-01 8.673207514647608418e-01 8.648427762067669722e-01 8.544332620332018013e-01 8.502652358127444909e-01 8.668447592674783930e-01 8.634488558540939218e-01 8.633632533208051019e-01 8.609023328201993452e-01 8.631591897523925860e-01 8.642345536122707506e-01 8.629797047347602668e-01 8.535562002445171714e-01 8.639242742408005382e-01 8.616933829129302946e-01 8.613591265431270738e-01 8.645702644357393662e-01 8.648768736393770418e-01 8.663140535040195767e-01 8.602364291200218505e-01 8.616016506242287765e-01 8.598973817180750601e-01 8.597909512784100983e-01
