1.000000000000000000e+00 1.832901890929695687e-01 2.255126909517652378e-01 1.191448259407036775e-01 -1.208752532648798769e-02 7.200590141388817957e-03 2.798372709056677274e-02 2.941542492756262298e-02 2.018142663306589923e-01 9.845557390379847118e-02 1.253298248556006522e-01 5.403368697166972129e-02 -6.003618225074581864e-03 1.681274984137696993e-02 -1.910106881611081404e-03 3.612517156675842944e-02 1.573677975097244885e-01 3.078808788277861419e-01 2.414374868794498252e-01 2.188031881407057344e-01 2.124752755058909037e-01 2.002623609346586564e-01 2.504030028840325550e-01 3.076217887793124550e-01 2.235113419392726897e-01 1.858961886957264664e-01 1.828606532142170726e-01 2.029287342761438295e-01 2.426850048855211661e-01 2.065444789055777275e-01 1.344515570429895002e-01 1.454742494807115538e-01 1.544690029464620140e-01 1.583426113982027428e-01 1.236408125872719976e-01 1.069210710728700636e-01 1.342866669010304714e-01 7.629518045628846945e-02 7.421607628503021359e-02 1.553957070465098594e-02 7.092336435100614345e-02 2.907030815815433294e-02 -2.135741424979288594e-02 5.406356774130043757e-02 8.718235786108353980e-02 4.659193712160615564e-02 2.842020416895978119e-02 3.305988787051116623e-02 3.818198651247953213e-02 6.672579975327389001e-02 3.049008805565617264e-02 3.156003711418396696e-02 4.612551983481150836e-02 6.308152277092211879e-02 6.357878247204679090e-02 5.865945330243674261e-02 6.884302629687955033e-02 3.698870768159044642e-02 1.069089079724803645e-02 5.461656501858595802e-02 2.149104951807585817e-02 3.024917896582132379e-02 2.105189483169434342e-02 4.398871595484418751e-02 9.231487470282175034e-02 9.034961621643032570e-02 5.229821862015927164e-02 1.072932182898157366e-01 1.194660888855208075e-01 9.753449364825149404e-02 8.877741818251845551e-02 9.135855596824335456e-02 1.361085768162051401e-01 1.319180535873701321e-01 7.665177517805719931e-02 8.575900124679641801e-02 7.381988503382774791e-02 1.073278745029377090e-01 6.424853516539900944e-02 1.016145683270500699e-01 1.120927109396595567e-01 6.379102950740422884e-02 1.015266164830424395e-01 8.968166311192353468e-02 7.137152883825148564e-02 8.253571690623395796e-02 8.736418786027141947e-02 4.162950908706028463e-02 4.463449390404763961e-02 6.945134074359435306e-02 5.824291457759168261e-02 3.426851421846477397e-02 3.598407050503208554e-02 3.256220566425993557e-02 1.842717178088297547e-02 2.327937018085582052e-02 1.533763281416963310e-02 6.279426875314025880e-02 1.876576891264990221e-02 1.683540044635727095e-02 -3.474596746313086786e-03 1.812708950075119646e-02 2.202604886322433522e-02 1.218420652461835001e-02 3.961109357077147869e-02 2.959607816874417624e-02 2.772445351706134126e-02 3.545287147714504261e-02 3.870845513024119555e-02 2.705929226671480517e-02 9.337479124908374534e-03 2.961359702647992781e-02 1.442335676354331540e-02 2.881588174827480822e-02 5.441546744916723327e-02 4.667391650811324871e-02
1.832901890929695687e-01 1.000000000000000000e+00 1.712825884809403565e-01 1.252554848199023685e-01 5.433771623264241346e-02 5.596982619770640710e-02 1.753298295730403578e-01 1.112059228768376151e-01 2.291331653647707134e-01 2.326845670683907463e-01 2.007807675089263444e-01 1.677790852922152465e-01 1.158631779541751256e-01 1.338404069735395219e-01 1.535398992493228476e-01 1.474875808639059815e-01 2.034800322671864725e-01 2.436184344121214151e-01 2.334329967642798098e-01 8.918549446457176011e-02 1.345401211878773096e-01 1.568241637408288591e-01 2.751983186054192676e-01 2.690839032205680215e-01 2.296661869616625218e-01 2.823342098996503569e-01 2.270407391192783286e-01 2.374746734507565127e-01 2.852762457647725625e-01 2.617173315217913299e-01 2.214286276316300983e-01 2.123072188003505001e-01 2.161783310600960129e-01 2.254128341575709904e-01 1.968300454953781919e-01 1.862901688853293991e-01 2.043352825510405812e-01 1.872009157230498377e-01 1.805189186195944318e-01 1.632746870580737975e-01 1.863993617119358293e-01 1.625692438416235786e-01 1.256649796630791849e-01 1.613778686534901863e-01 1.928512494625978513e-01 1.715511552580048227e-01 1.554842763116172089e-01 1.726544716553216896e-01 1.699474847259122567e-01 1.687405264428873675e-01 1.588402279568511266e-01 1.050115361959885196e-01 1.381149205895628729e-01 1.968457336441088723e-01 1.976408557445806513e-01 1.983953711102966477e-01 1.751286406564354081e-01 1.728210087779641357e-01 1.572925398283801235e-01 1.678813905267671491e-01 1.496559758721171529e-01 1.665907296585165120e-01 1.593916163810068509e-01 1.693926529718008667e-01 1.722375743884726196e-01 1.764367188468427272e-01 1.704234319785277452e-01 1.954550240312241949e-01 2.173512192782163510e-01 1.476121237376440409e-01 1.587136717701227440e-01 1.789976204949846050e-01 2.155168618507662670e-01 2.126280792591872804e-01 1.987297190639631950e-01 1.887631448397538991e-01 1.909356480012496804e-01 2.115813198589467925e-01 1.950630451858933467e-01 2.127143797894482657e-01 2.059314146904927534e-01 1.837469386129803040e-01 2.041816360665715258e-01 1.955208235720349297e-01 1.843606834295291597e-01 1.901082142600294955e-01 1.917629529059692861e-01 1.748991690470841076e-01 1.729991321707615437e-01 2.030212824338122890e-01 1.784631205383505614e-01 1.733882685579797578e-01 1.622040203985379847e-01 1.682192995337280783e-01 1.615787632630368564e-01 1.657491044824378756e-01 1.457404821648977111e-01 1.594967092061384262e-01 1.547840370243222796e-01 1.566551197056912925e-01 1.447606563119210044e-01 1.605155235004523118e-01 1.420131880906699007e-01 1.479761093052273657e-01 1.545004581604198235e-01 1.558844310902262886e-01 1.563083835354588669e-01 1.823512435879904303e-01 1.795797404418537080e-01 1.607866212322136557e-01 1.581789077754182926e-01 1.587412472768014726e-01 1.558352588478661427e-01 1.569587348550404715e-01 1.611679088045575026e-01 1.569193387757935598e-01
2.255126909517652378e-01 1.712825884809403565e-01 1.000000000000000000e+00 4.042464855624036124e-01 2.117956741487520556e-01 2.357035832295248656e-01 3.382114608248849574e-01 3.170695014280842661e-01 3.988233791197203781e-01 3.371609938184936262e-01 4.132141625613408586e-01 3.956549014392332086e-01 3.055572302022747100e-01 3.007121101209977998e-01 3.370202642896829581e-01 3.661387116750092763e-01 3.737172870993445417e-01 4.815994664543507553e-01 4.605424277707518832e-01 3.773408550929359118e-01 4.264002062933914261e-01 4.445158289074985225e-01 4.717036577412006548e-01 4.792321943250693050e-01 4.591214708727638372e-01 4.456171831233252112e-01 4.606331992178249735e-01 4.655870620001554272e-01 4.791626350209367557e-01 4.616142971991915034e-01 4.427656931869949908e-01 4.397211431850688856e-01 4.228198829286335392e-01 4.358290644946017367e-01 4.199571935741160944e-01 4.060334462265239308e-01 4.199064563453421828e-01 3.978188441681366760e-01 3.956215751882719012e-01 3.728758008314273509e-01 4.047792206122516334e-01 3.788319296298606753e-01 3.662326916315337688e-01 3.940046242642191721e-01 4.140272075196010371e-01 3.811098144780651897e-01 3.669728593814123307e-01 3.585047626454843095e-01 3.674709741222611514e-01 4.012601433897250991e-01 3.824310243047671087e-01 3.748374100099641781e-01 3.825931328249752017e-01 3.712944145748463542e-01 3.828310511132741456e-01 3.911914580832011601e-01 3.832103040943029559e-01 3.670902396895481812e-01 3.582553488009004306e-01 3.684933008637900631e-01 3.706569398321081232e-01 3.620449553268786924e-01 3.628243406253966463e-01 3.610486480445561086e-01 3.858720182570933854e-01 3.843319332269047317e-01 3.695717832198078256e-01 4.182813515516070058e-01 4.268171960977801271e-01 4.126013152705090281e-01 4.126264243737623461e-01 4.161901732706599910e-01 4.350254057314150158e-01 4.389572844721343348e-01 4.007520830013733826e-01 4.077001785204332207e-01 4.029832279229472181e-01 4.228429239073900336e-01 4.049553922308414822e-01 4.168023446239154661e-01 4.208801759463126069e-01 4.037151020834428006e-01 4.017349468958784642e-01 3.985407800035698500e-01 3.985247987389020086e-01 4.018512938207156604e-01 4.120428327531296397e-01 3.809741871386811418e-01 3.796482422017554703e-01 3.990837134259130892e-01 3.895558714074425777e-01 3.823645958341827522e-01 3.812063108763518171e-01 3.760610018871830551e-01 3.605392764763898916e-01 3.604612840633665827e-01 3.751548454311570691e-01 3.791017913008370432e-01 3.611231514861224512e-01 3.701123538259428747e-01 3.599342366759214484e-01 3.660573613116694935e-01 3.655701879799106435e-01 3.635953624733418987e-01 3.819066268658695140e-01 3.637787986173241506e-01 3.596732809428419553e-01 3.661383750677527638e-01 3.728207900859709101e-01 3.585191303720475786e-01 3.569613417358362684e-01 3.596168429759389329e-01 3.568684192927301657e-01 3.607106271440335132e-01 3.747613976938127256e-01 3.677650988441713564e-01
1.191448259407036775e-01 1.252554848199023685e-01 4.042464855624036124e-01 1.000000000000000000e+00 3.354746795657184699e-01 3.815628604919373279e-01 5.136992533720191600e-01 5.535214828804336795e-01 5.233509780099080411e-01 4.647074250418632424e-01 5.842565065199609720e-01 6.542584693503828985e-01 5.500289782145778572e-01 5.199702755988706571e-01 5.503418224007526893e-01 5.991482039915553282e-01 5.318829823599923179e-01 5.395640075980121519e-01 5.727469188788245624e-01 4.554107551720656955e-01 6.287476751564102795e-01 6.651482225819393967e-01 5.174932800192296733e-01 5.227944025875381762e-01 5.850989565849040730e-01 5.875573461247814988e-01 6.152851457826846726e-01 5.630154052884394078e-01 5.905609801928802804e-01 5.544022329771178814e-01 5.871391754245820493e-01 5.799844895132394429e-01 5.776988840679254666e-01 5.692922326080239737e-01 5.642198212922882039e-01 5.886233290700781939e-01 5.559194823977908761e-01 5.829921933310718840e-01 5.827870365802320096e-01 5.708177318526084232e-01 5.842957951524903049e-01 5.699950342326036701e-01 5.979745204215233256e-01 6.122958323966773975e-01 6.040931052556461900e-01 5.639435241688147693e-01 5.715539634362029053e-01 5.478992817550980554e-01 5.787505117513905839e-01 6.065705278658205524e-01 5.974994042128077831e-01 6.385763010548020091e-01 6.169742940081756055e-01 5.443650298942184218e-01 5.626833486594975398e-01 5.579664966145282401e-01 5.923713088221501666e-01 5.610778447440868399e-01 5.432903971223486117e-01 5.840981970262005829e-01 5.964906064309952738e-01 5.739656165629302143e-01 5.716565421847424888e-01 5.864693102687007498e-01 6.056172779490781588e-01 5.948049291814079265e-01 5.673484919706291985e-01 5.932101807162722951e-01 5.889626218707502137e-01 6.017127511463639111e-01 6.349963320120141086e-01 6.100955532450836882e-01 5.908068243812840681e-01 6.128282757850027629e-01 5.854400071948164808e-01 5.958916044876371165e-01 5.845314076821789273e-01 6.024326401122771513e-01 5.931618980661719220e-01 5.794751204168571146e-01 5.845835318748529019e-01 5.861289024766795919e-01 5.753179067167972782e-01 5.704966573723011525e-01 5.920833191751670999e-01 5.851489500847524283e-01 5.819876099679817116e-01 5.790256357486539551e-01 5.728013312732344042e-01 5.766814207960448968e-01 5.757552950540163472e-01 5.802586160548386385e-01 5.836686678775628856e-01 5.753453325341694180e-01 5.711152104187360301e-01 5.629032437112926335e-01 5.975664647995093670e-01 5.962393092107335368e-01 5.763046577874975096e-01 5.825028548891345581e-01 5.824081709440258603e-01 5.841452478361891520e-01 5.911283636819096854e-01 5.866712496499351115e-01 6.050352210534041264e-01 5.782845787350698874e-01 5.717250440922715393e-01 5.597378334251333909e-01 5.635703568372831818e-01 5.664615271686279652e-01 5.583198781459840498e-01 5.725348533203651336e-01 5.689602789914283143e-01 5.783308290279612907e-01 5.881235445264874073e-01 5.829593219675723859e-01
-1.208752532648798769e-02 5.433771623264241346e-02 2.117956741487520556e-01 3.354746795657184699e-01 1.000000000000000000e+00 3.120982944822034977e-01 4.537145909296173008e-01 4.619098921607151520e-01 4.243592359449167017e-01 3.962069790872899122e-01 4.426529980151668320e-01 4.902380121553922554e-01 4.921276122952963350e-01 4.423703055483121371e-01 4.970848919304193814e-01 5.059758227946544729e-01 4.000011564550400855e-01 3.452285997123280548e-01 3.956299226113361156e-01 3.169533907395007954e-01 3.615960481363165169e-01 4.097041150317492497e-01 3.744957398904637524e-01 3.325554161202394221e-01 3.866956007713019949e-01 4.391071583124404043e-01 4.458574102843398945e-01 4.216877344390654314e-01 3.780653696913371942e-01 4.119068990057792035e-01 4.533846866739367765e-01 4.747959546412988674e-01 4.407929005705414904e-01 4.474071186594945071e-01 4.408865759611371726e-01 4.526783297099697956e-01 4.640364157032246806e-01 4.846998197882803061e-01 4.815997351482337319e-01 4.858612602002056469e-01 4.861920420603137449e-01 4.894454829595132894e-01 5.057242491237059490e-01 5.010363171348661826e-01 4.889864219676425261e-01 4.872777971685102183e-01 4.950742040667809318e-01 4.887695334584549189e-01 4.961457255836688174e-01 4.866408513810191461e-01 4.976661694921451495e-01 5.023887418421173479e-01 5.021117704423498918e-01 4.826476050459574951e-01 4.864213573558209269e-01 4.921596214771144506e-01 4.887195135319508110e-01 4.958140691886788187e-01 4.871757535477472256e-01 4.950564242149086969e-01 5.054751503745917862e-01 4.942588814263769170e-01 4.942806488791814945e-01 4.866558050621915266e-01 4.882940856429859311e-01 4.904020088283626566e-01 4.876578070736957704e-01 4.823433743316467015e-01 4.814539436465817834e-01 4.896034001591240692e-01 4.894101483183432300e-01 4.870478426805482930e-01 4.702164182489477207e-01 4.714255162847329483e-01 4.905320332463657396e-01 4.841087114949024217e-01 4.837054360014503285e-01 4.680286394890169066e-01 4.814545559014119513e-01 4.791821043470962938e-01 4.772093653883266451e-01 4.879425085619506497e-01 4.808372438344423738e-01 4.742908330225210078e-01 4.940110363568506191e-01 4.850951323562456285e-01 4.849047566477431848e-01 4.975263761959412001e-01 4.903852440495056753e-01 4.896479464068347887e-01 4.907877625493112794e-01 4.977351676649686696e-01 4.986202115309336103e-01 4.943416568232195107e-01 4.945341219575429825e-01 4.936212763123529190e-01 5.044223794321142096e-01 4.924276878824185300e-01 4.970063161895707515e-01 5.007664950738284215e-01 5.053510984993699884e-01 5.007447127873886350e-01 5.040234710160480525e-01 5.034779303248061444e-01 5.056529481771535606e-01 4.987885600751363335e-01 4.971678257948316526e-01 4.894148323474353246e-01 4.919258016026735736e-01 4.947176357670542979e-01 4.945895577225317141e-01 4.972976368538173930e-01 4.979867449862578899e-01 4.966248948988892242e-01 4.909392915254136569e-01 4.958180095955304623e-01
7.200590141388817957e-03 5.596982619770640710e-02 2.357035832295248656e-01 3.815628604919373279e-01 3.120982944822034977e-01 1.000000000000000000e+00 5.125463979040094653e-01 4.934949650102458119e-01 5.175657220453463436e-01 4.839286475647138763e-01 5.359960535951999727e-01 5.715640700167511357e-01 5.405135774122261649e-01 5.375430261047428049e-01 5.822504871876883481e-01 5.842351188634467007e-01 5.242848612307858813e-01 4.245280514879208322e-01 4.936956873587010630e-01 3.578917251351262929e-01 4.209991880882867910e-01 4.908788470484991007e-01 4.777731963722268715e-01 4.182096639685854988e-01 4.769976745544312058e-01 5.353565739545024238e-01 5.588026100384336781e-01 5.508770956162755139e-01 5.136878671405432639e-01 5.346442789075660507e-01 5.776942549424634032e-01 5.703115827552146522e-01 5.488469663506885254e-01 5.587533891581170087e-01 5.699250046409665149e-01 5.653105348240768935e-01 5.836368464416714641e-01 5.836246862503372546e-01 5.959170586549783488e-01 5.800668010518200690e-01 5.974431887286835163e-01 5.966589747688368917e-01 5.928930010069787260e-01 6.059028227393784549e-01 5.944347334949048323e-01 6.037111361339397853e-01 6.021993039642239420e-01 6.035785824594177562e-01 5.957112726739755004e-01 5.853895522404308771e-01 5.996813948521049209e-01 5.721593721895602558e-01 5.993526282292570562e-01 5.930688053612913624e-01 5.917973968687101349e-01 5.914571505362826720e-01 5.825975896680628541e-01 5.997027050183096897e-01 5.934635934403157398e-01 5.993909449963884528e-01 5.999360086688473315e-01 5.974087538673552578e-01 5.891823823151458583e-01 5.921061595265647570e-01 5.935295589962021889e-01 5.963529594240308818e-01 6.035565761983091582e-01 5.961655547762821916e-01 5.866923268102494093e-01 5.804121384616550694e-01 5.937891822705120282e-01 6.015667912145901131e-01 5.793672480165249494e-01 5.781211959469865214e-01 6.023588390961743810e-01 6.038895164502224855e-01 6.028473745084202973e-01 6.030008304737701774e-01 5.974515423315217566e-01 5.939602976304739768e-01 5.985348617685641859e-01 6.046714701682668336e-01 5.931712112821790894e-01 5.991324334841034993e-01 5.962782254490539557e-01 5.982935028056488580e-01 6.036093426674922213e-01 6.041778797473152940e-01 6.100342016828058656e-01 5.960566587742209821e-01 6.062771236711006484e-01 6.060741640088912474e-01 6.097465287705445824e-01 6.092843654130291053e-01 6.067336012046464777e-01 6.075774453667315278e-01 5.968604613703680783e-01 5.933685506181458624e-01 6.008037837295638894e-01 6.047813706339126849e-01 6.062792714346164624e-01 6.019428188528995749e-01 6.069961879075604916e-01 6.094392617125220513e-01 6.042183125252296172e-01 5.984588348215345022e-01 6.053272432588643337e-01 6.030906345651126932e-01 6.018770440523586451e-01 6.052766657056085631e-01 6.038568225913374388e-01 6.058394786551620781e-01 6.046840237644144356e-01 6.039177395642391089e-01 6.032011194220397998e-01 6.059516678189202921e-01
2.798372709056677274e-02 1.753298295730403578e-01 3.382114608248849574e-01 5.136992533720191600e-01 4.537145909296173008e-01 5.125463979040094653e-01 1.000000000000000000e+00 7.165091759821657913e-01 7.067728514710689414e-01 6.774512144074926745e-01 7.469617525854651552e-01 7.922657019609546936e-01 7.472113065334241577e-01 7.412468119738240269e-01 8.387778052567828047e-01 8.094028426992239122e-01 7.090515997004893656e-01 5.888306788540405012e-01 6.573300187976187647e-01 5.214432334207382835e-01 6.023055460740038836e-01 6.708213932171926963e-01 6.442601645702281665e-01 5.661455669076753683e-01 6.344784383226500513e-01 7.646540812833286793e-01 7.533564186734159618e-01 7.400915896255335635e-01 6.934528186936214089e-01 7.270287487516411407e-01 7.816603550254382915e-01 7.827477403336396966e-01 7.665159677667687799e-01 7.656564432451425928e-01 7.643515831823347595e-01 7.575631186785617421e-01 7.773333288824934018e-01 8.199858305003085990e-01 8.132016028345703251e-01 8.070749570940815021e-01 8.220983483893290478e-01 8.222346097002273257e-01 8.006870763474549513e-01 8.191536398455763202e-01 8.088222056641184432e-01 8.145381024263574909e-01 8.170162259816223793e-01 8.136587741369862847e-01 8.150068054515651195e-01 8.124207741747383471e-01 8.251992103636143217e-01 7.775253231784708952e-01 8.006350600750826718e-01 8.099728451023983089e-01 8.157249722577106787e-01 8.225282367255539739e-01 8.081001334128558033e-01 8.174695397100530947e-01 8.126042728821312178e-01 8.087874121742123501e-01 8.187965338967186923e-01 8.162877282740362839e-01 8.215218446041334666e-01 8.132863385379054399e-01 8.078632531728829891e-01 8.045569121729310158e-01 8.134052076873262704e-01 8.015424991206808736e-01 8.042518058969601036e-01 7.987973588624097676e-01 8.046527213729229855e-01 8.073744935795240663e-01 7.839019237613759072e-01 7.821035144281794915e-01 8.227507639284432628e-01 8.153096513171430582e-01 8.197674697591408322e-01 8.027087067485177974e-01 8.173927930189842650e-01 8.046207878807580816e-01 8.084192504732579110e-01 8.163714912154789172e-01 8.105303128239705890e-01 8.122493052479207165e-01 8.243973694164467014e-01 8.122192604384257386e-01 8.108056484501420247e-01 8.326380652636541368e-01 8.230945915560126114e-01 8.260868512226049454e-01 8.269800211631547215e-01 8.301908171388765467e-01 8.211749844516451624e-01 8.257451000065555435e-01 8.254497693374469591e-01 8.220285338661558194e-01 8.289301904882880878e-01 8.138997100805194229e-01 8.209658827905448319e-01 8.290260580605331997e-01 8.238634534651432251e-01 8.285650316357264789e-01 8.166581104122853096e-01 8.269000521649850777e-01 8.220765917395151945e-01 8.146672163361928787e-01 8.198457351525277881e-01 8.231036801086729637e-01 8.216615521480419293e-01 8.187468154006900534e-01 8.249200224816926053e-01 8.183404723069565012e-01 8.199056512520970230e-01 8.197921070838588564e-01 8.171544464767346305e-01 8.156071991267653809e-01
2.941542492756262298e-02 1.112059228768376151e-01 3.170695014280842661e-01 5.535214828804336795e-01 4.619098921607151520e-01 4.934949650102458119e-01 7.165091759821657913e-01 1.000000000000000000e+00 6.820222417676667925e-01 6.373693704376569569e-01 7.369015084619566780e-01 7.870750024272729073e-01 7.450029776692225214e-01 7.307730356476342948e-01 8.021197196258538220e-01 8.193369203772691289e-01 6.764742422661751409e-01 6.022322983080333758e-01 6.675436899501292487e-01 5.604099432016395044e-01 6.621106785833968944e-01 7.137788114965778474e-01 6.303561510377508892e-01 5.769768919481647051e-01 6.539239072678739717e-01 7.202030695235441815e-01 7.322192478564731877e-01 6.993931847319501127e-01 6.522125710290540557e-01 6.819709075460684833e-01 7.486123020661165084e-01 7.669558368313004193e-01 7.387790881616287386e-01 7.484079929250883056e-01 7.537583151925051350e-01 7.572786312203172443e-01 7.546760604712866582e-01 7.926370150392544334e-01 7.895280026779465388e-01 7.824567095218774027e-01 7.941101596024423559e-01 7.930455578689782348e-01 8.139396853440465929e-01 8.176028436905101726e-01 7.956219124373790086e-01 7.913583577889483633e-01 8.062683276088564721e-01 7.941310506890381093e-01 8.000794789098193416e-01 8.013037448096282933e-01 8.165620755128895070e-01 8.056939333298277495e-01 8.153591880764841093e-01 7.843923396048271268e-01 7.939506489484361440e-01 7.885789861663495826e-01 8.063389147580801719e-01 8.031636371734245383e-01 8.018652166325317410e-01 8.058617898600937135e-01 8.207757372920088113e-01 8.097712540074835097e-01 8.098056382698293199e-01 8.009318728909917695e-01 7.962335457648536119e-01 8.050760350758149331e-01 7.975570044855314622e-01 7.964914317626092810e-01 7.867253447194979543e-01 8.065734608878263323e-01 8.158010053320938759e-01 8.057650575717655306e-01 7.755182805442804028e-01 7.789201481956121720e-01 7.978512524109030446e-01 7.987868465170820942e-01 7.932348750625688449e-01 7.791590559342436162e-01 7.926503659625770970e-01 7.773491284689181269e-01 7.870087698711927260e-01 7.933557113856083420e-01 7.879223919127262832e-01 7.861602841245313167e-01 8.108589330492314007e-01 7.982195777825870087e-01 7.978765484150639464e-01 8.106004309978671607e-01 8.051066288551894656e-01 8.004392449241578555e-01 8.031364157662721492e-01 8.093724084629376758e-01 8.110795870369107430e-01 8.072359816109093700e-01 8.103315642007433706e-01 8.045452651632100105e-01 8.248294441683881040e-01 8.109873102932613209e-01 8.150466763821251348e-01 8.178719617270575615e-01 8.198242922291500978e-01 8.169507403596375505e-01 8.168384121913784268e-01 8.190432788759824945e-01 8.212940832998497642e-01 8.128285133734538537e-01 8.087276371100977634e-01 7.985105377866960064e-01 8.027687632358070369e-01 8.071433010716911882e-01 8.082380915138620558e-01 8.095265075744739747e-01 8.125153813682960413e-01 8.094232743511902139e-01 8.045443539250664022e-01 8.115961860906605319e-01
2.018142663306589923e-01 2.291331653647707134e-01 3.988233791197203781e-01 5.233509780099080411e-01 4.243592359449167017e-01 5.175657220453463436e-01 7.067728514710689414e-01 6.820222417676667925e-01 1.000000000000000000e+00 7.555097414969815794e-01 8.113664135828491109e-01 8.063053101375213805e-01 7.282674496534455866e-01 7.493994219032682480e-01 8.118885961122365158e-01 8.062523696603267620e-01 8.206974291113454667e-01 6.983730603503822687e-01 7.723917925355262559e-01 5.214184037205459310e-01 6.033146670699556235e-01 7.193282219806071964e-01 7.716869526501315413e-01 7.082323596363703233e-01 7.431398818526103733e-01 8.320796261376606218e-01 8.310735117413687867e-01 8.212454217368747589e-01 8.013710664432986963e-01 8.476469246113991218e-01 8.694489724368544836e-01 8.537798995825475190e-01 8.089340302741507838e-01 8.570551884763203399e-01 8.283516805750974488e-01 8.160602658462812187e-01 8.638426418155702446e-01 8.383134409409053189e-01 8.496281841861109685e-01 7.733352119128102942e-01 8.555356946591631262e-01 8.325032207341135360e-01 7.808582875823930625e-01 8.504487591709685157e-01 8.523640860515036000e-01 8.548272055617629483e-01 8.558496509874451430e-01 8.652520890957781097e-01 8.557355608001676606e-01 8.368745711568100765e-01 8.375042921691505660e-01 7.710887373915609189e-01 8.274365848576676896e-01 8.752768370595055414e-01 8.628171899375530751e-01 8.483667472068873172e-01 8.531598032284446465e-01 8.560002318466968241e-01 8.437888336559009606e-01 8.671811281733028398e-01 8.421639237161806513e-01 8.549575700254204991e-01 8.387025792272989611e-01 8.547935218072959529e-01 8.637904128763391753e-01 8.720086149019237176e-01 8.696475977407019942e-01 8.716242276178048920e-01 8.747721987869755411e-01 8.150906276291589592e-01 8.402270978761580134e-01 8.726704787132261165e-01 8.636638639595548561e-01 8.601608416016359726e-01 8.746433106792766976e-01 8.738177830982191141e-01 8.685648820113988089e-01 8.727232085403976436e-01 8.689977029454339919e-01 8.822134057315026423e-01 8.794413373912289833e-01 8.751212415392886079e-01 8.789542943672051800e-01 8.730120052221890248e-01 8.570336816876971131e-01 8.721669131821380150e-01 8.731177479483036574e-01 8.583070301812962821e-01 8.649367870484830911e-01 8.658917302533480909e-01 8.562076886958330801e-01 8.592332822458551567e-01 8.570405853048463918e-01 8.608095466468069779e-01 8.563595879496591623e-01 8.611808251635436617e-01 8.248696838833717848e-01 8.539255429026814115e-01 8.484030194274394532e-01 8.466020158603471124e-01 8.369329647732000055e-01 8.470853457185919533e-01 8.463475279653482897e-01 8.485659621559822341e-01 8.509709796326094811e-01 8.458656959880508364e-01 8.588585835602355889e-01 8.652352452336687927e-01 8.635813128695664087e-01 8.611109843018716070e-01 8.493763373517727588e-01 8.616114415324794829e-01 8.538281992240447371e-01 8.547501250147157004e-01 8.633154694232654247e-01 8.637096661307117618e-01
9.845557390379847118e-02 2.326845670683907463e-01 3.371609938184936262e-01 4.647074250418632424e-01 3.962069790872899122e-01 4.839286475647138763e-01 6.774512144074926745e-01 6.373693704376569569e-01 7.555097414969815794e-01 1.000000000000000000e+00 7.407635812836811384e-01 7.482217242199171725e-01 6.897028306788511864e-01 6.980961977593874712e-01 7.757725694883762513e-01 7.614482772005015665e-01 7.426879126655893115e-01 6.221053419060348366e-01 6.888721649332014696e-01 4.569698787593821088e-01 5.394280288821170499e-01 6.364482694044405475e-01 7.030305400648811931e-01 6.356479586182931518e-01 6.618298599666539994e-01 7.745780339264539682e-01 7.616925920858490517e-01 7.525673995345015799e-01 7.335407255974550900e-01 7.735503551800310129e-01 7.996646778428737612e-01 7.911596954258918180e-01 7.491160337967012195e-01 7.861081599265927755e-01 7.706754749398652127e-01 7.705341232458171596e-01 7.994249983059279474e-01 7.855447049179979935e-01 7.989374935501173391e-01 7.400046287772248377e-01 8.013820860574148996e-01 7.885934562774262746e-01 7.546877638483848738e-01 7.921848941971324498e-01 7.977467662479902355e-01 7.984899231023079302e-01 8.057055544837024019e-01 8.140469042984346260e-01 8.005053303421872934e-01 7.756211269432385924e-01 7.898593123195644106e-01 7.107977653748599467e-01 7.664896178133123739e-01 8.181129871169838808e-01 8.080977766957251340e-01 8.016858227055342345e-01 7.889225025415363968e-01 8.032480418144528622e-01 7.972211604635054405e-01 8.072343882482329036e-01 7.922718426859849394e-01 8.039693224617906475e-01 7.864159101816765585e-01 8.006520769203815391e-01 7.972482143224064455e-01 8.051577264625522368e-01 8.128913972287699075e-01 8.092064201373665444e-01 8.121607516091875478e-01 7.588015535611035700e-01 7.812226812850967539e-01 8.044166969164525671e-01 8.010687958193956071e-01 7.936078373991583002e-01 8.186632041735480980e-01 8.128347080750988329e-01 8.104818206101593869e-01 8.120628637105459235e-01 8.116747236306680602e-01 8.223398455433070797e-01 8.157121250955093883e-01 8.166544375603976835e-01 8.194209447760062437e-01 8.153966566163642904e-01 8.033388029538717223e-01 8.125522812147576435e-01 8.164168813414065529e-01 8.085052517793062110e-01 8.136333001518355479e-01 8.138394045753812867e-01 8.062734008226771776e-01 8.085479036123561780e-01 8.077197909163503775e-01 8.089247659091740594e-01 8.088067057998487019e-01 8.116285788380743771e-01 7.809091931244011020e-01 7.932776137562812524e-01 7.992369484349950426e-01 7.998984659591824586e-01 7.934832853718215562e-01 8.001340602826703119e-01 7.921324601628733086e-01 7.999110965799476336e-01 7.957722594929168558e-01 7.964102813822969695e-01 8.053051389774256164e-01 8.156966468522953706e-01 8.146876392792882227e-01 8.084213155313397792e-01 8.033686704727901473e-01 8.095302306402722969e-01 8.041405598984804337e-01 8.055774918617459868e-01 8.049043865901251982e-01 8.063756995509008263e-01
1.253298248556006522e-01 2.007807675089263444e-01 4.132141625613408586e-01 5.842565065199609720e-01 4.426529980151668320e-01 5.359960535951999727e-01 7.469617525854651552e-01 7.369015084619566780e-01 8.113664135828491109e-01 7.407635812836811384e-01 1.000000000000000000e+00 8.626400534352614002e-01 7.796750548290263261e-01 7.854538716692422984e-01 8.518295229338671559e-01 8.505376240107610508e-01 8.084643463581522305e-01 7.134495157043224678e-01 7.855497150782344562e-01 5.657050048553936561e-01 6.714630135975201419e-01 7.683248123900501270e-01 7.671167631543636123e-01 7.089754448680770649e-01 7.682971356749616065e-01 8.489938090568588391e-01 8.567238605947646857e-01 8.296808200571241798e-01 8.051114210182523934e-01 8.421618898972881295e-01 8.873686350973296610e-01 8.668690442476487679e-01 8.341471173213789170e-01 8.623042695583282846e-01 8.502630516852258680e-01 8.585504270212476197e-01 8.815179334747267337e-01 8.686525618960115880e-01 8.791788935859330412e-01 8.333756310749875773e-01 8.804655474006528593e-01 8.693097777839727813e-01 8.487818687309887089e-01 8.854337658713034021e-01 8.900543600768990871e-01 8.758797809288723091e-01 8.845312894670965820e-01 8.835743968046945174e-01 8.826606910951205753e-01 8.734326773558245272e-01 8.801969846071852066e-01 8.403035939768931373e-01 8.740768198646208242e-01 8.837826464841648244e-01 8.845183224139888667e-01 8.803965653697968241e-01 8.808436186342273322e-01 8.814730572001869824e-01 8.712474964924175058e-01 8.861105630078516260e-01 8.842189192037176459e-01 8.829084283976272873e-01 8.739970604722093750e-01 8.791361807072696211e-01 8.876921905188651651e-01 8.907515932482897858e-01 8.884336098003245974e-01 8.947727562006706492e-01 8.921972678507008592e-01 8.625459025377431033e-01 8.872326390730060908e-01 8.991181799295682175e-01 8.857250080130577574e-01 8.875618169954022640e-01 8.998556934563024523e-01 8.985117544498100184e-01 8.951249418845962369e-01 8.924709881994586924e-01 8.941057538876721056e-01 8.983203929443975833e-01 8.989768677596955415e-01 8.979021103682921501e-01 8.955286926619590027e-01 8.896104695947253393e-01 8.899912924800786884e-01 8.954331811154090381e-01 8.978182844539637220e-01 8.896837363949302580e-01 8.910464319830189162e-01 8.945687768927018668e-01 8.897612317763611278e-01 8.925790383674419015e-01 8.919277324638877902e-01 8.915716155190615000e-01 8.869635717742698766e-01 8.872876122245152430e-01 8.754286180595178823e-01 8.825518076903445808e-01 8.820020024256978175e-01 8.851933578373728517e-01 8.814724303265946137e-01 8.852177531693353751e-01 8.832252238488120799e-01 8.851874031798048215e-01 8.916526235401789346e-01 8.819953926555739177e-01 8.853123545326720967e-01 8.890298103209812730e-01 8.888861543139503496e-01 8.849858249255055931e-01 8.820035305276711091e-01 8.874945708398624955e-01 8.850359593113534817e-01 8.853059597083730026e-01 8.913685847514070115e-01 8.901211450345324350e-01
5.403368697166972129e-02 1.677790852922152465e-01 3.956549014392332086e-01 6.542584693503828985e-01 4.902380121553922554e-01 5.715640700167511357e-01 7.922657019609546936e-01 7.870750024272729073e-01 8.063053101375213805e-01 7.482217242199171725e-01 8.626400534352614002e-01 1.000000000000000000e+00 8.272428777675705502e-01 8.258709291630401683e-01 8.952673046690391434e-01 9.069607589940007486e-01 8.163251471837400519e-01 6.886508044524868311e-01 7.778890764017097892e-01 5.738240964720159321e-01 7.100716864895080249e-01 8.053677446125039330e-01 7.431800224359337292e-01 6.835147134047516726e-01 7.657612363037228365e-01 8.499201329942974725e-01 8.698008304058137963e-01 8.274532367579811032e-01 7.994093297262262476e-01 8.313471363377962220e-01 8.889060867600239169e-01 8.839945086910233618e-01 8.526279759594016516e-01 8.742776709998690832e-01 8.643456506788466109e-01 8.800824276322646300e-01 8.793814162347274310e-01 9.071475729201241567e-01 9.109239881112672910e-01 8.842223914163148679e-01 9.161175937602730190e-01 9.100549579289085589e-01 9.087001013003968009e-01 9.314037887343351585e-01 9.169666981373686410e-01 9.135032518501180476e-01 9.228285398064897116e-01 9.138406514800788694e-01 9.226181882506382381e-01 9.156827548177842724e-01 9.259411162750808000e-01 9.023302481945802977e-01 9.232473101220551870e-01 9.082466911542165233e-01 9.107402328071375619e-01 9.026587373258421199e-01 9.173524676654728482e-01 9.163801083157314675e-01 9.086068708382424308e-01 9.272852096697316027e-01 9.318021732413086511e-01 9.267080392150464085e-01 9.210040884916868009e-01 9.257584364446149738e-01 9.209252769130843452e-01 9.235601269198133734e-01 9.205654125180047220e-01 9.169307247885526424e-01 9.108331210389274402e-01 8.984798100528469389e-01 9.249578205694138910e-01 9.274985754859882414e-01 9.007510676498241553e-01 9.056987303313704940e-01 9.251095255618771995e-01 9.248508099944262595e-01 9.215853498399696475e-01 9.155156185709570904e-01 9.246850348243108586e-01 9.126139900753718059e-01 9.147155157057453856e-01 9.236046448216449489e-01 9.116648257166307667e-01 9.140696798705399972e-01 9.235984612950726147e-01 9.236427650651338750e-01 9.200243026693235571e-01 9.273987025961385466e-01 9.242773187538372293e-01 9.180672285134580113e-01 9.207751458535351485e-01 9.296482019658608431e-01 9.291615848555559998e-01 9.274727497337187376e-01 9.272124526716614135e-01 9.241034802064461706e-01 9.259899197616365818e-01 9.212732501003434438e-01 9.243965481838157805e-01 9.287993487973048579e-01 9.295338738348221108e-01 9.290289307343658765e-01 9.292897923770944146e-01 9.319445775914516616e-01 9.345244773135986671e-01 9.191947599322922713e-01 9.244523165128170072e-01 9.201778615246996029e-01 9.213524446648424515e-01 9.221531691864525149e-01 9.210175516104368576e-01 9.269100781143726486e-01 9.260269772530868027e-01 9.263110253709624375e-01 9.267085450383639733e-01 9.272064888245857839e-01
-6.003618225074581864e-03 1.158631779541751256e-01 3.055572302022747100e-01 5.500289782145778572e-01 4.921276122952963350e-01 5.405135774122261649e-01 7.472113065334241577e-01 7.450029776692225214e-01 7.282674496534455866e-01 6.897028306788511864e-01 7.796750548290263261e-01 8.272428777675705502e-01 1.000000000000000000e+00 7.743855206873593300e-01 8.530358208518979968e-01 8.490157283031813940e-01 7.319786948719532171e-01 5.837548365467006839e-01 6.660778775133161522e-01 5.241364478765943025e-01 6.196183978044411678e-01 6.994919030926326498e-01 6.362112929526558824e-01 5.708477744374167440e-01 6.505995042743016876e-01 7.623830267390672155e-01 7.654879941578950353e-01 7.344819028155473717e-01 6.925305649162258881e-01 7.328272494370602352e-01 8.015056859022628988e-01 7.979292649671019255e-01 7.631579709358388142e-01 7.795207953506112508e-01 7.848172344277805079e-01 7.949841494697402755e-01 8.004042335235477257e-01 8.247691026138637138e-01 8.336082321465919653e-01 8.187223776123944141e-01 8.386902998357127492e-01 8.431761080746676962e-01 8.481207896149087766e-01 8.545642941079718558e-01 8.377271398123519175e-01 8.414435904756830675e-01 8.571809627702314804e-01 8.518777365461016604e-01 8.451116989468783203e-01 8.305766239804174278e-01 8.509317383176498995e-01 8.251018203980792221e-01 8.494717629902236444e-01 8.414927131511448222e-01 8.426155637224382877e-01 8.368405284772753028e-01 8.414369361451351503e-01 8.535832792607362940e-01 8.446258579785690390e-01 8.567321177148984335e-01 8.627256619274749072e-01 8.553124077163939409e-01 8.519922058785067698e-01 8.490812453517190272e-01 8.448669832531162660e-01 8.457687590880199613e-01 8.527556198209224059e-01 8.362388163839711286e-01 8.263233523887570930e-01 8.287076596240045001e-01 8.431644049843847188e-01 8.451012261484996957e-01 8.116210621267850867e-01 8.114852969540629068e-01 8.504028155910313691e-01 8.468733846565229539e-01 8.460508934985846441e-01 8.314351022440057415e-01 8.436149518367422884e-01 8.307148112472937385e-01 8.331176024816147052e-01 8.479232682416260047e-01 8.358905682012498506e-01 8.358506038944898409e-01 8.471176109904529072e-01 8.436123234495745971e-01 8.440819422549187268e-01 8.586152668119046982e-01 8.568365816684904157e-01 8.456103598902576790e-01 8.507303758991766607e-01 8.595751876948126702e-01 8.610657796161953481e-01 8.582032041668502531e-01 8.625321474446175918e-01 8.599062557369213655e-01 8.609912155825295565e-01 8.485397714538805980e-01 8.586711884276623241e-01 8.637375307329290264e-01 8.657407317062626451e-01 8.630544638879309449e-01 8.630448722202476164e-01 8.673406088504661549e-01 8.626022596806727227e-01 8.556043520196564556e-01 8.601820226063294772e-01 8.555391774850289455e-01 8.560346954931860042e-01 8.581217035272131755e-01 8.582663782092895266e-01 8.623282862287623418e-01 8.627672988602742565e-01 8.599639429577935479e-01 8.560875904816751536e-01 8.586877939758155165e-01
