1.000000000000000000e+00 9.126320041356748847e-02 1.270357461413506792e-02 -2.731043154857393587e-02 4.640751541814870998e-03 1.721016950564083908e-02 -1.017695166383070574e-02 -1.406433316405896784e-02 9.766516261602184446e-02 3.520772697240702465e-02 3.224345639858797186e-02 -5.490957525951104586e-04 -2.109095124878826531e-03 1.863152266485956776e-02 -8.771225861431026019e-03 -1.224561451431700927e-02 5.427158066127162755e-02 1.756640536271001848e-02 3.400579649980200320e-02 5.237473589372174804e-02 6.991861590698775220e-02 3.532974147149028910e-02 3.801004679712154805e-02 1.422428913342204358e-02 1.586768507445738326e-03 1.379192544395271142e-02 2.085068903901761417e-02 2.042624326958085868e-03 1.399844360223152090e-02 2.487774968830247166e-02 3.153569260791495160e-02 2.449988379696383181e-02 2.108363997344035040e-02 2.449553714486905898e-02 1.552429346629901653e-02 2.707585446747879168e-02 2.259462744299966033e-02 -5.308472708692709395e-03 8.719497022374345097e-03 -3.213467274356474057e-02 -3.471731922842022887e-03 -3.035450255413400800e-02 -4.786788171794614105e-02 -9.689290470409832323e-03 -3.310138996696611758e-03 -1.443567054877224407e-02 2.655445773989699790e-03 1.173916684853600415e-02 1.595739901409104836e-02 -2.772486370833477428e-03 -7.849132253448508692e-03 -1.700557976590237261e-02 1.083052230639365218e-02 4.060696519139866262e-02 3.072656766308224513e-02 2.211503761353137906e-02 5.064640460623225787e-02 -1.810954825834787093e-03 1.324499041215410761e-02 2.869239423987101495e-02 6.501745545362784193e-03 2.736599015144389885e-02 1.381251498544509848e-02 1.763093363686440290e-02 3.938684520713741505e-02 4.196086749925865417e-02 2.179544096905157782e-02 1.116525143113823205e-02 1.855665793831043700e-02 2.539933026515968709e-02 1.262172027778894583e-02 1.461598755012950661e-02 5.677818008656546241e-03 -1.919253581897647359e-03 1.150472636783429238e-02 1.331856345295604448e-02 2.558538530019302711e-03 1.116742782134439935e-02 3.803152391159278977e-04 1.964632920948665776e-02 1.470658053195678973e-02 1.458909663195591747e-02 2.883849426119727138e-02 1.073791576551636276e-02 6.819380364718145328e-03 1.054335997062132331e-02 6.464184632658198822e-03 -7.660337685527259660e-03 2.354759577336757066e-03 8.546131692419110110e-03 -3.096849979723993382e-03 -9.465795435564078666e-03 -1.582033070608942354e-03 -1.063804983754516528e-02 1.767894230657187683e-03 8.784951629489529124e-03 -1.825739156075249087e-02 1.340421574056988550e-02 -6.377636296895957367e-03 -9.952611275073821456e-03 -2.034323719214677431e-02 2.333093884116100268e-03 4.209020382948617210e-03 -6.421209563427550913e-03 5.696428733308984624e-03 2.498416587239502690e-02 1.579456766344444762e-02 1.302216238341728088e-02 1.067138607660778754e-02 1.682872531752102174e-03 -4.083507428163260164e-03 1.258644442285830611e-02 8.871396848241437302e-03 1.191852780293127176e-02 2.604516130277783129e-02 2.547422187878115724e-02
9.126320041356748847e-02 1.000000000000000000e+00 2.166103440481034759e-02 5.687551125558479997e-02 6.913562875993896351e-02 8.357662228027348816e-02 1.038412782099133597e-01 1.190077485947741431e-01 1.576886575415097358e-01 1.599917351251988473e-01 1.299183347074336914e-01 1.269213760333337548e-01 1.324593996259240958e-01 1.246535010989131137e-01 1.309414093411475910e-01 1.366175413852458165e-01 1.550486001476004405e-01 1.173193042249313367e-01 1.496780536387947447e-01 4.626783454254685540e-02 1.231208095260239166e-01 1.576241239240816217e-01 1.541156221713295693e-01 1.465411133201608429e-01 1.483667613899295468e-01 1.373516885774902219e-01 1.550497648800547024e-01 1.494179588715472129e-01 1.855400534228561493e-01 1.892701342972449297e-01 1.894336520150652903e-01 1.543104362665171925e-01 1.374321145191757798e-01 1.484060405415876249e-01 1.551535259369874742e-01 1.361197219216284393e-01 1.681298735212408968e-01 1.427220859744280090e-01 1.372527621493933037e-01 9.962461908575911962e-02 1.398907034725096754e-01 1.245306508358266923e-01 9.612026883132614163e-02 1.295153565217687375e-01 1.377796449862879746e-01 1.419247437209756879e-01 1.460670829158842998e-01 1.556754373128300672e-01 1.403268233876567017e-01 1.125779416891790202e-01 1.201572728643408861e-01 8.898045177121137461e-02 1.339792416276075204e-01 1.631805061835680526e-01 1.549315164246999055e-01 1.611694696604550059e-01 1.455435856287525531e-01 1.403256094991430225e-01 1.368207692010884324e-01 1.528301690046820205e-01 1.322257021008219624e-01 1.532373030294713057e-01 1.381909110314483990e-01 1.403112883543243816e-01 1.530440685649606392e-01 1.541877723739946970e-01 1.507100938193233763e-01 1.533226457540673160e-01 1.554838265814356413e-01 1.307055900857835851e-01 1.577656238471503991e-01 1.615858573147744004e-01 1.532804404165519496e-01 1.575649728501362368e-01 1.470794231779168626e-01 1.594062407842928020e-01 1.472928385382772098e-01 1.661358954762804929e-01 1.584347693244745336e-01 1.664148816746042203e-01 1.590250952908370263e-01 1.636396502079213722e-01 1.570818955241216897e-01 1.570961749862427037e-01 1.386890484107183852e-01 1.479371187692860856e-01 1.486593306576287632e-01 1.428681704514981610e-01 1.457812317986457717e-01 1.538280167062185955e-01 1.422418018912991744e-01 1.377852944215722797e-01 1.400767029435961708e-01 1.432645071988698504e-01 1.473615841672740734e-01 1.486645764667112180e-01 1.179594457502926991e-01 1.281660390547944839e-01 1.308197791713811564e-01 1.304412099470588227e-01 1.293954744115809186e-01 1.344208177505329949e-01 1.320506879843108272e-01 1.369310726802301370e-01 1.322358193030539197e-01 1.398742399083621746e-01 1.456846199291344512e-01 1.512468454106107585e-01 1.480188749669599790e-01 1.415183744225976537e-01 1.355117251231910125e-01 1.472337468778448788e-01 1.449257586710922252e-01 1.418812607460154807e-01 1.479004325401281350e-01 1.455111891644604027e-01
1.270357461413506792e-02 2.166103440481034759e-02 1.000000000000000000e+00 2.589293472229622917e-01 1.349278108719302871e-01 1.336302645686101853e-01 2.345667156510142792e-01 2.355484729284399448e-01 2.393999621821694956e-01 2.039124347555481553e-01 2.615882519014059437e-01 2.658169106164344209e-01 2.443134644041633219e-01 2.149218019083492248e-01 2.810729086097644158e-01 2.566178686196788905e-01 2.660854561224844095e-01 2.274427136620832957e-01 2.533997331022079247e-01 2.316635486548617451e-01 2.700618381476352359e-01 2.443763301286944467e-01 2.628631654134401252e-01 2.336925825427186854e-01 2.349466029240119269e-01 2.854544980067835747e-01 2.696762709122831891e-01 2.755135442943713042e-01 2.363455366799283863e-01 2.571169537364745850e-01 2.690081597401389191e-01 2.892161014556085541e-01 3.017154371514881861e-01 3.049108252596182678e-01 2.969164632362499834e-01 3.059100934469727306e-01 2.765392019559996251e-01 2.901584300417254791e-01 2.987696677616889507e-01 2.883521857736382477e-01 2.715592050825592074e-01 2.798527058554353131e-01 2.875477883871938589e-01 2.841405303341948962e-01 2.795468021106115586e-01 2.747479677473200765e-01 2.802427172323478377e-01 2.776541069847722754e-01 2.844443612057879767e-01 3.008831843583842924e-01 2.918556314336715474e-01 2.787741615842443954e-01 2.695561739233759968e-01 2.681841692772548025e-01 2.627354223386867416e-01 2.805999613564301720e-01 2.695348493827753322e-01 2.759825220551401781e-01 2.732809624825603967e-01 2.711482372586125345e-01 2.839906030487377997e-01 2.703062410736289389e-01 2.761525044694198572e-01 2.903876862106380408e-01 2.730798272348740063e-01 2.662456154588124790e-01 2.849492679574278653e-01 2.813910942273196159e-01 2.883052389045257513e-01 2.900669118076010800e-01 2.844994601286571778e-01 2.806817475585525190e-01 2.803456191229611871e-01 2.763358125141517352e-01 2.819639787893807314e-01 2.789302046294060977e-01 2.817788581689210092e-01 2.686955167695595503e-01 2.715207204677223540e-01 2.757656640081204702e-01 2.747206127856891000e-01 2.812962194723240272e-01 2.914725798696771730e-01 2.821633647514572574e-01 3.009153485580142173e-01 2.985863541305813218e-01 2.896441653783657921e-01 2.852399618799375536e-01 2.892102289102809753e-01 2.826751764075114415e-01 2.858509852223732883e-01 2.798328766305256399e-01 2.834941001784170855e-01 2.810637170446947386e-01 2.764307532872852802e-01 2.807251867555121128e-01 2.910570380197120555e-01 2.885901312877700575e-01 2.820824781297688322e-01 2.932926780028315417e-01 2.886995276525187171e-01 2.824940317118983524e-01 2.831389276200660388e-01 2.881181535272122063e-01 2.883824679795217727e-01 2.850802722796557109e-01 2.840463572987879104e-01 2.764995401606845093e-01 2.782560356337009377e-01 2.772227846687354003e-01 2.814619633189687220e-01 2.765471363371480584e-01 2.818778960183479509e-01 2.901943138006604084e-01 2.886898468646774130e-01 2.787157949856990391e-01
-2.731043154857393587e-02 5.687551125558479997e-02 2.589293472229622917e-01 1.000000000000000000e+00 2.636025287400728945e-01 2.472055918964660426e-01 4.317993128299518757e-01 4.363454579455882110e-01 4.217970102227250884e-01 3.660885118213505485e-01 4.492865207318423870e-01 5.170893678372545654e-01 4.535936928030423476e-01 3.974945695077441443e-01 5.161636761674939233e-01 4.901796525900578572e-01 4.181159131058615475e-01 3.030138351252666951e-01 3.560672640401529865e-01 4.450703125555570128e-01 4.323918386497550559e-01 3.280672937420431312e-01 3.837469396952857270e-01 3.475810919901972107e-01 3.401175741299459210e-01 4.952871473045066253e-01 4.630799432550888328e-01 4.462638509845703871e-01 3.629012179277247840e-01 4.386950308346590499e-01 4.436268325159428705e-01 4.574119868674368372e-01 4.425793992815026390e-01 4.588832131501712763e-01 4.527807764129627155e-01 4.748261562769285349e-01 4.550304132244730737e-01 4.967633125566335850e-01 4.963367341390815257e-01 5.037488415527291430e-01 5.019298637163774890e-01 5.116599706775450951e-01 5.155278671140378632e-01 5.084204561922048837e-01 4.901904766943155911e-01 4.968260554689629682e-01 5.028746434948667687e-01 4.976004584223217564e-01 5.055881243555773175e-01 5.155630011474207075e-01 5.230314018270616483e-01 5.370680573361822363e-01 5.193485932896177992e-01 4.926895477202190565e-01 4.882735459463034000e-01 4.844299072111463156e-01 5.126352078860493267e-01 4.962870796279406638e-01 5.074150179843510688e-01 4.987894925029786042e-01 5.189218056438815729e-01 5.053590499801323688e-01 5.153416542489528407e-01 5.153994096017106008e-01 4.861781607236577152e-01 5.137910545760412395e-01 4.943442568316085972e-01 4.686216300371057186e-01 4.787991275459678175e-01 5.072186957462903045e-01 4.696513184744635083e-01 4.617816828680503249e-01 4.660620491662516018e-01 4.589196004931730410e-01 5.057249547802002976e-01 4.872000055374754446e-01 4.946928297234720051e-01 4.605958867796235423e-01 4.803076233747453072e-01 4.733432951767395092e-01 4.818674168795830659e-01 4.843094913530474055e-01 4.947712857221627791e-01 4.878272615534776091e-01 4.994403743887621538e-01 4.929031103982766115e-01 4.976929686154330512e-01 5.030922204012171495e-01 4.984004614541922007e-01 4.917280748330255524e-01 4.996057303633590352e-01 5.092321640143887551e-01 5.083617623735084967e-01 5.062983801839849862e-01 5.018445878009958339e-01 4.996156638073566136e-01 5.272469422131716987e-01 5.261595015990541135e-01 5.190506183604561841e-01 5.169451762862841138e-01 5.184302268681093562e-01 5.222454459053698095e-01 5.163040725469091319e-01 5.151896327128275832e-01 5.214407894191522841e-01 5.179136875091203684e-01 5.071412414401992308e-01 4.973955435049768337e-01 5.011658761638317916e-01 5.064211050630041955e-01 5.112447787113251207e-01 5.050114340987305050e-01 5.094315303540358775e-01 5.153449494087398719e-01 5.031819043716391215e-01 5.135204503963708422e-01
4.640751541814870998e-03 6.913562875993896351e-02 1.349278108719302871e-01 2.636025287400728945e-01 1.000000000000000000e+00 2.206819215803537126e-01 3.843967650591091356e-01 3.641220819600897163e-01 3.792841222299120352e-01 3.333936225321718072e-01 3.616456856557153654e-01 4.073890039399832297e-01 3.968636960192393759e-01 3.439073558043625467e-01 4.350900960743140367e-01 4.171733958901999717e-01 3.354934792971734914e-01 2.811120274894571835e-01 3.270925928600866839e-01 3.232464616509680977e-01 3.222714737899979864e-01 3.052828058810702627e-01 3.581302639435358093e-01 3.378427528156225934e-01 3.109122627353295143e-01 4.156812095119972739e-01 4.013221751044684926e-01 3.868140129980469633e-01 3.336703451568968637e-01 3.918774415822137147e-01 4.024598463351307109e-01 4.021638466057688710e-01 3.599285194457269577e-01 3.914787976172738326e-01 3.793492699201014284e-01 3.770795898767433929e-01 4.077036478782160023e-01 4.237447002305892996e-01 4.179180270190457347e-01 4.125764880456373462e-01 4.323121900437711385e-01 4.393382061110663317e-01 4.361260680891201336e-01 4.374199061933259358e-01 4.153940594261196773e-01 4.294350007780762257e-01 4.379842607355119988e-01 4.338687775819555781e-01 4.296013041612096184e-01 4.207725022274118598e-01 4.231320373885141817e-01 4.329947115633256405e-01 4.319959299627525451e-01 4.326385017678385236e-01 4.310338605123373856e-01 4.234946293690490249e-01 4.206540439184029978e-01 4.353720647612824846e-01 4.302802228194858025e-01 4.374277167099134278e-01 4.414589927570941597e-01 4.330138705914761132e-01 4.252413708837756157e-01 4.219178027978117140e-01 4.128137601307468318e-01 4.297706394341141434e-01 4.290427364654089692e-01 4.221251558598027032e-01 4.273852806262238846e-01 4.242435410198833745e-01 4.162280554214703443e-01 4.156937470121409017e-01 4.200568935481212018e-01 4.146991644302258639e-01 4.360350886439124385e-01 4.275906665826359476e-01 4.267806826695683675e-01 4.131990672821347355e-01 4.301431363047069634e-01 4.229967615714204099e-01 4.283979913174206233e-01 4.298890633079249235e-01 4.233820680206240028e-01 4.225124540150595465e-01 4.264619244655421526e-01 4.243353776489662832e-01 4.292474515126065704e-01 4.364979477593937673e-01 4.327706088653826000e-01 4.318937447062577983e-01 4.328776724293193490e-01 4.428227885890081428e-01 4.358182008804723506e-01 4.405360464146402255e-01 4.365010268373870628e-01 4.376473137813504666e-01 4.355532861858344429e-01 4.312418822040261501e-01 4.428530046428850730e-01 4.402919472390025013e-01 4.455257264317309951e-01 4.359835608163519782e-01 4.386465287257329537e-01 4.426291117174218082e-01 4.382686730769593253e-01 4.320453356331005468e-01 4.337307274733211981e-01 4.384205353066900623e-01 4.385062572136430026e-01 4.394926963654240959e-01 4.405678374086740567e-01 4.390764145486185654e-01 4.391759756130153569e-01 4.318536018973352930e-01 4.250986462118418463e-01 4.343230266795172212e-01
1.721016950564083908e-02 8.357662228027348816e-02 1.336302645686101853e-01 2.472055918964660426e-01 2.206819215803537126e-01 1.000000000000000000e+00 4.091029068479618558e-01 3.661073532988142198e-01 4.343867255663425020e-01 3.703156570549461235e-01 4.104208708894255264e-01 4.637338684047367932e-01 4.230888530880617115e-01 3.648344388173795361e-01 4.797413843052838467e-01 4.611392418071821320e-01 4.373077579144209470e-01 3.553906734379551624e-01 4.025592189773453122e-01 3.568300269308751216e-01 3.918799780107082853e-01 3.826710928643785592e-01 4.265295880116201643e-01 3.837749184732550112e-01 3.756133467724269148e-01 4.733073189240741274e-01 4.649855459700109050e-01 4.461309873950560223e-01 3.928108866895080875e-01 4.610170023513144866e-01 4.788042387319310089e-01 4.668674404688633595e-01 4.243778359239196996e-01 4.707156463132440294e-01 4.581423955376107693e-01 4.627515298800746746e-01 4.723143260414952582e-01 4.803870863128646418e-01 4.885051821589779797e-01 4.762902321625204216e-01 5.003525853169080717e-01 4.922447639278034748e-01 4.798745874534765532e-01 4.998125456222193841e-01 5.016286989696031595e-01 4.935028221942022730e-01 5.013884045218981456e-01 5.023778410460796318e-01 4.998577859441490356e-01 4.871008914831717052e-01 4.906637151117400619e-01 4.792572744669298945e-01 4.894044126712505105e-01 4.922975440618669318e-01 4.911817924486931997e-01 4.958640448038745263e-01 4.849274177913904804e-01 4.920368145544423699e-01 4.892156993531909803e-01 5.015718907159431028e-01 5.009805423823157078e-01 4.920856635697611337e-01 4.846918974872729824e-01 4.940370625599131982e-01 4.932468614222159098e-01 4.945392540326101760e-01 4.994715313265035705e-01 4.967597236677384620e-01 4.939563679979734334e-01 4.992174861418652299e-01 4.872791715401342261e-01 4.883063630041448167e-01 4.864943800169763133e-01 4.828356943703975279e-01 5.022711938813306798e-01 5.007430296764491251e-01 4.933574204779826444e-01 4.814698143576944811e-01 4.926446336988652419e-01 4.919938049945930536e-01 4.999279102097478611e-01 4.998097928966381276e-01 4.992924366202383668e-01 4.877645332043978876e-01 4.954229784385058566e-01 4.955671471104545756e-01 5.019733001666818462e-01 5.015706479013216645e-01 5.055330221226546072e-01 5.042049250360320922e-01 4.991106330413607739e-01 5.060385562381082281e-01 5.090998668272309624e-01 5.032490783763505782e-01 5.072928465492900774e-01 5.047811877611921849e-01 4.981717278943573191e-01 4.952831404736965926e-01 5.028915953347872225e-01 5.031676433191247799e-01 5.041460709618865721e-01 4.990999588434097967e-01 5.053536669898414102e-01 5.048899989841433289e-01 5.054409201614751268e-01 4.973243978380410546e-01 5.039646875821165439e-01 5.062309811268940196e-01 5.019220323561776054e-01 5.045465913387966461e-01 5.046924842278736056e-01 5.050542242365776424e-01 5.028350395605837297e-01 5.030194552631176430e-01 5.060441153958533667e-01 5.027335339162274375e-01
-1.017695166383070574e-02 1.038412782099133597e-01 2.345667156510142792e-01 4.317993128299518757e-01 3.843967650591091356e-01 4.091029068479618558e-01 1.000000000000000000e+00 6.123842574615497858e-01 6.340014180052701009e-01 6.031456955791899555e-01 6.254565653364565492e-01 7.224998282845402908e-01 6.503549199595298758e-01 5.927454495935291501e-01 7.718607359953831848e-01 7.339894113311556945e-01 6.485401364716812944e-01 6.106697142767210096e-01 6.645105593814714107e-01 5.755332401926904762e-01 6.604544159626928312e-01 6.478095449144570805e-01 6.813610769471706297e-01 6.633905633329761908e-01 6.610510779654598101e-01 7.664145978751237820e-01 7.470730491352860492e-01 7.530317263728498745e-01 6.875563406093224694e-01 7.259366410146915749e-01 7.446422844038655953e-01 7.435057399857307736e-01 6.888029641575994511e-01 7.407524425976608207e-01 7.193963552660590510e-01 7.228008308203421883e-01 7.371916151976271037e-01 7.680339270548075525e-01 7.677133683028947164e-01 7.567514166945616960e-01 7.702724630569074415e-01 7.847395840822414259e-01 7.759004032373911786e-01 7.795345488338905060e-01 7.670431288608006160e-01 7.779495447826144661e-01 7.592303591121439821e-01 7.597832876254159151e-01 7.538694560273082601e-01 7.494199032003409089e-01 7.707154741198108949e-01 7.491227413551709846e-01 7.545224761308444439e-01 7.546510100431595980e-01 7.500165419072785111e-01 7.558163603392812346e-01 7.363726993455373959e-01 7.738930250628039964e-01 7.545856211122932145e-01 7.614384226365774611e-01 7.710675865806384532e-01 7.582800189771568000e-01 7.455033437427963650e-01 7.620405590059183831e-01 7.522887060400900161e-01 7.521661755187031284e-01 7.654868810975237192e-01 7.651241751881071584e-01 7.663653784647187495e-01 7.698210382737817881e-01 7.690498499713307456e-01 7.653034509856027068e-01 7.668453684806507686e-01 7.672330390422038571e-01 7.757445594155903956e-01 7.703995243247675484e-01 7.792364492647222418e-01 7.651718693865465770e-01 7.783506154947169575e-01 7.634286003692019040e-01 7.674816988060716438e-01 7.649328887995734405e-01 7.673836940471441270e-01 7.670020340146989080e-01 7.712918544078963823e-01 7.701419397672525369e-01 7.687157563732303078e-01 7.817958792321798578e-01 7.743459669660605060e-01 7.731797422305203282e-01 7.778976708563835052e-01 7.815460564235513496e-01 7.739968966004160400e-01 7.818667558506111614e-01 7.656171468512783518e-01 7.665650194528202954e-01 7.727918566519962340e-01 7.624001883696224224e-01 7.717617335535331691e-01 7.802969222030815555e-01 7.821817399610606625e-01 7.692251720589690089e-01 7.675378455130975608e-01 7.747836601156052883e-01 7.770162926587083074e-01 7.632308977203631217e-01 7.655922802375102476e-01 7.670786555214439417e-01 7.712345274016803032e-01 7.723882649731942385e-01 7.742576813135984004e-01 7.688277011832970187e-01 7.677997988262408313e-01 7.699398283084918360e-01 7.681084333451555501e-01 7.662661679603981479e-01
-1.406433316405896784e-02 1.190077485947741431e-01 2.355484729284399448e-01 4.363454579455882110e-01 3.641220819600897163e-01 3.661073532988142198e-01 6.123842574615497858e-01 1.000000000000000000e+00 6.206012495147062991e-01 5.699402075383593891e-01 6.127427561350825558e-01 6.830619487610762874e-01 6.253726666253371924e-01 5.641880763923162734e-01 7.099417164471916175e-01 6.922408960022811142e-01 6.429708514157705945e-01 5.714953985799130498e-01 6.211637317548662773e-01 5.566702419916899069e-01 6.406852963610660812e-01 6.157571774552924593e-01 6.508938515829629790e-01 6.206750595349095345e-01 6.139996873291297952e-01 7.181279270816088856e-01 6.884604188668844715e-01 6.905755144149240410e-01 6.172570619461681396e-01 6.680167483057928290e-01 6.931115421122826525e-01 7.139509390286917778e-01 6.678316802842901856e-01 7.045815231346437280e-01 6.784499203081311158e-01 6.798448882033163443e-01 6.884365179245703903e-01 7.293609466979060763e-01 7.207036449294951241e-01 7.135179145277792401e-01 7.154056114835252167e-01 7.325368129459485234e-01 7.159829663177443848e-01 7.264102649604842199e-01 7.105233649530813267e-01 7.154229513199862334e-01 7.168953012081259457e-01 7.187357672681095044e-01 7.208263635057530205e-01 7.246127241552003939e-01 7.379107892876364261e-01 7.033962377455750259e-01 7.100808186968641245e-01 7.102085154455081151e-01 7.086129146368123077e-01 7.156580196711928021e-01 7.043446363977158287e-01 7.280737502637681935e-01 7.222771152108223847e-01 7.139871049834476402e-01 7.259946065390371350e-01 7.116930211674116213e-01 7.182334546103020800e-01 7.189066568853689221e-01 7.125250641663829487e-01 7.109789910952449832e-01 7.213403328463169339e-01 7.183074221967620243e-01 7.250237352093598098e-01 7.237372735690453807e-01 7.222573147809271399e-01 7.169917533847723901e-01 7.177728719484449682e-01 7.152926640399291935e-01 7.284475470185785007e-01 7.171585759968417406e-01 7.216158773168481755e-01 7.021058257762632371e-01 7.149535912263578208e-01 7.095570776441540994e-01 7.172012215220801012e-01 7.140307660066681494e-01 7.250833106362594149e-01 7.196057335426310209e-01 7.321851095073309557e-01 7.289176565155314202e-01 7.179796560897873103e-01 7.326091088622650460e-01 7.259665830451710322e-01 7.246128307891648301e-01 7.287633401947221090e-01 7.305525981019506121e-01 7.246040463762960515e-01 7.266386891492488953e-01 7.204624440275357866e-01 7.191504733355132961e-01 7.369702419944869076e-01 7.279171361728021816e-01 7.281874919259013756e-01 7.348659941411788132e-01 7.283661974362928282e-01 7.321031616885966820e-01 7.218937542614428660e-01 7.303829667218271204e-01 7.288678034101052639e-01 7.216514298112344239e-01 7.240645368230100853e-01 7.195152173936670836e-01 7.223564495586208833e-01 7.254871029740945776e-01 7.294326818934395718e-01 7.207182604032631446e-01 7.212150201385977288e-01 7.277125904866202921e-01 7.260899201041220996e-01 7.186923092803899626e-01
9.766516261602184446e-02 1.576886575415097358e-01 2.393999621821694956e-01 4.217970102227250884e-01 3.792841222299120352e-01 4.343867255663425020e-01 6.340014180052701009e-01 6.206012495147062991e-01 1.000000000000000000e+00 7.024569870336202504e-01 7.049307719930034688e-01 7.601986772315062479e-01 7.096671254889285185e-01 6.520160356856867789e-01 7.946580756749630492e-01 7.745166126512950111e-01 7.575318509341315565e-01 6.177400061646990403e-01 7.116955595693058578e-01 5.905532407325005950e-01 6.993137420278194849e-01 6.753681333007917065e-01 7.342736713993853748e-01 6.703879681674800306e-01 6.566094682795764470e-01 8.001100684316264644e-01 7.906763190810286446e-01 7.614226659925955598e-01 7.114237947229783421e-01 7.921158767632630049e-01 8.128741982828567858e-01 8.042516118755480559e-01 7.378334391245553459e-01 7.954804330995030037e-01 7.744980721912680943e-01 7.827325729372732743e-01 8.062499150854758323e-01 8.088191013687371367e-01 8.200738841905641507e-01 7.682442379478855443e-01 8.256599475648095376e-01 8.030570203417460862e-01 7.735298740018935471e-01 8.233601389447047225e-01 8.207241870944453899e-01 8.165263179765518409e-01 8.347110286711990623e-01 8.474041637345492983e-01 8.375259195082389585e-01 8.110248335056515767e-01 8.166269923713613821e-01 7.880028711308982858e-01 8.243892727883010973e-01 8.512261199591550920e-01 8.420937370999017624e-01 8.356123211083970048e-01 8.479036833395906525e-01 8.274214072044052681e-01 8.339079272372823537e-01 8.485072056587715794e-01 8.401895419657492425e-01 8.461401588712340605e-01 8.286107466224994500e-01 8.413000145273893393e-01 8.432954727161234842e-01 8.524012970962662195e-01 8.434925907406273238e-01 8.294412467574631131e-01 8.352876082210107800e-01 8.268764673613242522e-01 8.226699462621198666e-01 8.296089238048616199e-01 8.202709197111813788e-01 8.108552749388675540e-01 8.393857393414080326e-01 8.339385457646976141e-01 8.266077413889534320e-01 8.188311117391650074e-01 8.266724599928265693e-01 8.323590627046529855e-01 8.372457464500840940e-01 8.382950195588286801e-01 8.445633564070265109e-01 8.305636429703311396e-01 8.314236304788629184e-01 8.335129998759308600e-01 8.321255730700958253e-01 8.301280013953699077e-01 8.355022277272481368e-01 8.380561509951572896e-01 8.284200693283232386e-01 8.338458368686066935e-01 8.364538935994685342e-01 8.306534287227621549e-01 8.404538379162012074e-01 8.426670086479899346e-01 8.193376914550584145e-01 8.353599173210725093e-01 8.336503456616185526e-01 8.283552452594051818e-01 8.250947814151676774e-01 8.354976092375296925e-01 8.367387027981941783e-01 8.340212034639764571e-01 8.370144965242014568e-01 8.443564625658974698e-01 8.465062035707290322e-01 8.426266673589773992e-01 8.416246610741192624e-01 8.394554888383695124e-01 8.326139164164537698e-01 8.461859812709288109e-01 8.427940283568500224e-01 8.431308510340542739e-01 8.463965616460964458e-01 8.488543494314556570e-01
3.520772697240702465e-02 1.599917351251988473e-01 2.039124347555481553e-01 3.660885118213505485e-01 3.333936225321718072e-01 3.703156570549461235e-01 6.031456955791899555e-01 5.699402075383593891e-01 7.024569870336202504e-01 1.000000000000000000e+00 6.498131364282149214e-01 7.140610497244995747e-01 6.511094639125035721e-01 6.072629925524695160e-01 7.488415527138898575e-01 7.320762619772440694e-01 6.812441074646476968e-01 5.871012613621686693e-01 6.780267365731058593e-01 5.029430799981227107e-01 6.218501060506688161e-01 6.440315693062838021e-01 6.851997895181418663e-01 6.392437396792119975e-01 6.301571846611978556e-01 7.524516034559015631e-01 7.515255072702625716e-01 7.427020910360971895e-01 7.047105835757612180e-01 7.612588228167948001e-01 7.821539842759479555e-01 7.647550855144760185e-01 7.130124661274075404e-01 7.537625281427067225e-01 7.495120430797133082e-01 7.272652487675462796e-01 7.699223951309275282e-01 7.748787970695119043e-01 7.784537035524714543e-01 7.295749071479966652e-01 7.710802063083865843e-01 7.690603530309730873e-01 7.430564451390835323e-01 7.746784978423562062e-01 7.723141124140394664e-01 7.823281694470317627e-01 7.841449262457818037e-01 7.950442955436231030e-01 7.811628231054449367e-01 7.577978262065686588e-01 7.696157327830228656e-01 7.139159694420905700e-01 7.609855447300357678e-01 7.890194741058889072e-01 7.790942581105368969e-01 7.836621768326117454e-01 7.680142986278092332e-01 7.787898787193231476e-01 7.828590293962867097e-01 7.833647500125331398e-01 7.816755304285403216e-01 7.859207308716393836e-01 7.693161555422941555e-01 7.791653656377303117e-01 7.787505045363188882e-01 7.795522753671675353e-01 7.895816644595213818e-01 7.847358553784339330e-01 7.913107832264859587e-01 7.651314941320576102e-01 7.779458254903280912e-01 7.824156898287745188e-01 7.798291897979457987e-01 7.705237029706815122e-01 7.882153994101531724e-01 7.877961176558995193e-01 7.870625990829044349e-01 7.843741148841710809e-01 7.866326327966077780e-01 7.917532652759206035e-01 7.912486317874511954e-01 7.954390869365191019e-01 7.879333482010283385e-01 7.886885608378175760e-01 7.838299100713511658e-01 7.908639641642648543e-01 7.876634653775228534e-01 7.882353739718158669e-01 7.916141188411320861e-01 7.870819283418694079e-01 7.848555664203265003e-01 7.852993294505482558e-01 7.853667128293627675e-01 7.875930488470450630e-01 7.887719001588678891e-01 7.911009050069683912e-01 7.703874965167726296e-01 7.703211705238171003e-01 7.798690660321265788e-01 7.830889653464253586e-01 7.803807976106202915e-01 7.797830700286128014e-01 7.780036495567004273e-01 7.847302014672195014e-01 7.768281215294338127e-01 7.814425041933726890e-01 7.890521124653714358e-01 7.893626257459890327e-01 7.889750777056141473e-01 7.856164708077063574e-01 7.832883417227533007e-01 7.895087622285865692e-01 7.879398594869868599e-01 7.868701134602326119e-01 7.851217581074206864e-01 7.825293841575264864e-01
3.224345639858797186e-02 1.299183347074336914e-01 2.615882519014059437e-01 4.492865207318423870e-01 3.616456856557153654e-01 4.104208708894255264e-01 6.254565653364565492e-01 6.127427561350825558e-01 7.049307719930034688e-01 6.498131364282149214e-01 1.000000000000000000e+00 7.729370961043883215e-01 6.971576742262903803e-01 6.115337108726838222e-01 7.823147662576327432e-01 7.516252637492942812e-01 7.233110594975897811e-01 6.489255236279749539e-01 7.283225264369947993e-01 5.795280797298442144e-01 6.999986945431162511e-01 6.937072077806111237e-01 7.379466776422813901e-01 6.926960818883742821e-01 6.840903562143452188e-01 7.962930149422047243e-01 7.943961150583447317e-01 7.709354203105328596e-01 7.075518465454775363e-01 7.832482399798279538e-01 8.127351127697770572e-01 8.033956016538943423e-01 7.478501396066333795e-01 8.004107989176314497e-01 7.831147054266588414e-01 7.719308544527746507e-01 7.986365848785420551e-01 8.028230686793145221e-01 8.152348322318190288e-01 7.722578440935297106e-01 8.008158610626265883e-01 8.063855113757001369e-01 7.827384914027887275e-01 8.158477368513282757e-01 8.099899017409757374e-01 8.082621182539254656e-01 8.099461770489991830e-01 8.120486176740983053e-01 8.100319309260201051e-01 7.981133665071971084e-01 8.046085938594134124e-01 7.662770472618257722e-01 7.916307794551032950e-01 8.052483932178485793e-01 7.969619743617865071e-01 8.128601581030738821e-01 7.884749521766383218e-01 8.093113408419135846e-01 8.003766612818740134e-01 8.108474779437340185e-01 8.113055823666567301e-01 8.045408659895287862e-01 7.895912349384442974e-01 8.112510162144658254e-01 8.119354304986846627e-01 8.017339566609356094e-01 8.187797311786536580e-01 8.187628397988135909e-01 8.218694938340902478e-01 8.093884354029204919e-01 8.194882498996403086e-01 8.184939176978498487e-01 8.126070081577642101e-01 8.095876269673112358e-01 8.233767067329939016e-01 8.204444267787875944e-01 8.162385299792299653e-01 8.034361737371582546e-01 8.141589553385639721e-01 8.184742216439868656e-01 8.199044272189148774e-01 8.211299719022728816e-01 8.218066149109233276e-01 8.181270541582408296e-01 8.242839604460809877e-01 8.264317301043522246e-01 8.192081418827185102e-01 8.204997930985800103e-01 8.243755633151941264e-01 8.210351007348248853e-01 8.196623312767061798e-01 8.174103253665886415e-01 8.187032825335334163e-01 8.179946441752962150e-01 8.156678194140963845e-01 8.178933365428744384e-01 8.082836261005009737e-01 8.041887803826600623e-01 8.115568263726008480e-01 8.202719735109497146e-01 8.147858915596936091e-01 8.117730131549478756e-01 8.121333748761780935e-01 8.163778840174106266e-01 8.160798977288360456e-01 8.083959310468002979e-01 8.167046889994636905e-01 8.172238969163277966e-01 8.174486305780481743e-01 8.153856018448034648e-01 8.155062876954571882e-01 8.164327046013348799e-01 8.149853905094680551e-01 8.187509443989937630e-01 8.225590464433869542e-01 8.136966335603709188e-01
-5.490957525951104586e-04 1.269213760333337548e-01 2.658169106164344209e-01 5.170893678372545654e-01 4.073890039399832297e-01 4.637338684047367932e-01 7.224998282845402908e-01 6.830619487610762874e-01 7.601986772315062479e-01 7.140610497244995747e-01 7.729370961043883215e-01 1.000000000000000000e+00 7.663885466109864320e-01 6.782207739731402896e-01 8.630547394046343967e-01 8.450150121254482727e-01 7.629774617506517309e-01 6.394509160950554438e-01 7.328492515119553463e-01 6.496775837953604471e-01 7.205211683748651286e-01 6.884129500113836952e-01 7.644433927623410785e-01 6.941808692292164018e-01 6.854448856701433890e-01 8.638673764747266670e-01 8.440159979077631602e-01 8.238398223149039357e-01 7.432874860634198777e-01 8.293428241401067380e-01 8.630568277611651018e-01 8.547670016962364281e-01 7.921100314433899836e-01 8.416988282313873082e-01 8.382981890722623897e-01 8.325825214291098231e-01 8.560210992199822622e-01 8.791504257567543945e-01 8.866457606279561920e-01 8.631666900698435896e-01 8.913686436360387377e-01 8.866145700050936940e-01 8.702472546438896339e-01 8.946976425134232080e-01 8.894208335733569948e-01 8.890620351743990790e-01 8.989119815477507602e-01 8.960766071283695622e-01 8.940386084785511001e-01 8.823056219816326484e-01 8.956398305456544362e-01 8.615223030091805345e-01 8.825712246189723054e-01 8.883558030218077217e-01 8.866145958276727690e-01 8.885735891784585228e-01 8.823569948951477393e-01 8.912918851384664665e-01 8.943377334070502505e-01 8.944997742971385613e-01 9.012343701924258044e-01 8.938128783482568451e-01 8.866801947014553154e-01 8.940626725489324578e-01 8.799921761505965501e-01 8.890488056725993626e-01 8.974821240585195703e-01 8.834189692458702670e-01 8.875771468331126179e-01 8.881006553992352170e-01 8.759018152271119684e-01 8.767145159198885818e-01 8.721633698224783293e-01 8.639507314553923623e-01 9.003432826208095374e-01 8.916681571827532737e-01 8.930655153069237961e-01 8.698521730397209550e-01 8.827882701049329928e-01 8.846677123663073683e-01 8.926631436736256475e-01 8.948213175654650131e-01 8.953158018028889442e-01 8.897348081479854454e-01 8.916779391301961066e-01 8.908950856127603180e-01 8.973794834987181002e-01 9.003684487525714930e-01 9.012164588053338532e-01 8.976027594523121600e-01 8.983463929656475555e-01 9.037903039396534277e-01 9.034398071095092186e-01 9.020472895191776752e-01 9.019876832513442633e-01 9.018751614592683818e-01 8.989820284245779725e-01 8.957499797573212907e-01 9.032123578133087749e-01 9.036635994898493118e-01 9.021530250901976800e-01 9.021485444864438819e-01 8.998087168642084910e-01 9.042941891122336928e-01 9.026214184224653492e-01 8.973646758571726112e-01 9.020085659418801693e-01 9.000126245488576648e-01 9.013302874483264393e-01 9.027198694526155087e-01 9.036660384593278028e-01 9.025054721701926130e-01 9.028984395989495537e-01 9.022997273117538963e-01 8.981983999049987233e-01 9.009021224697545405e-01
-2.109095124878826531e-03 1.324593996259240958e-01 2.443134644041633219e-01 4.535936928030423476e-01 3.968636960192393759e-01 4.230888530880617115e-01 6.503549199595298758e-01 6.253726666253371924e-01 7.096671254889285185e-01 6.511094639125035721e-01 6.971576742262903803e-01 7.663885466109864320e-01 1.000000000000000000e+00 6.286426590873589459e-01 7.997554292882544935e-01 7.890993885222068460e-01 7.064782592071383593e-01 5.797618709333034470e-01 6.762086826370851123e-01 5.642420416857065746e-01 6.420194990041988570e-01 6.411311357704809755e-01 6.966919660366572842e-01 6.425849042361498897e-01 6.342064692934218373e-01 7.960710248265755462e-01 7.774781566467446892e-01 7.609331014621977252e-01 6.963210168828440905e-01 7.652059550533208965e-01 7.905210421873968274e-01 7.868401390053474387e-01 7.198861400371060482e-01 7.771908282734580897e-01 7.640313738650469366e-01 7.568604743710960481e-01 7.852174300085461578e-01 8.116567586276025592e-01 8.172860279268732153e-01 7.850936377917308029e-01 8.200203865266690872e-01 8.211432133290181845e-01 8.042415046751356655e-01 8.275832998175549626e-01 8.185570940778531535e-01 8.228901458325749152e-01 8.324572980421797164e-01 8.337997008441485614e-01 8.271277054529769801e-01 8.124987539947402526e-01 8.278731186787147145e-01 7.956028533710181039e-01 8.202254675828994923e-01 8.293803355277526990e-01 8.267327980197426429e-01 8.227774557798209765e-01 8.178186122211852371e-01 8.272153528868750882e-01 8.298371820033068058e-01 8.335293005078371342e-01 8.371145376109065950e-01 8.325852864794874852e-01 8.219135516127626939e-01 8.269340738345809516e-01 8.150743830504330045e-01 8.276099607289106874e-01 8.325465883781685283e-01 8.193063783313008219e-01 8.221846997846019578e-01 8.137113189871776342e-01 8.115379054525628799e-01 8.173938043441963952e-01 8.099107286907389902e-01 8.031472844587292936e-01 8.343899558696591390e-01 8.291655700465584422e-01 8.247235324538740864e-01 8.080600618930307011e-01 8.235170488810658052e-01 8.197039233132757952e-01 8.254700559783281211e-01 8.291589582383223078e-01 8.274136659257019799e-01 8.201706507751288511e-01 8.246585199621424556e-01 8.243181828170552672e-01 8.279821700237915971e-01 8.322844311385310112e-01 8.330266977382984050e-01 8.325997037257687472e-01 8.273822001391191172e-01 8.386990678781898190e-01 8.352295107272071917e-01 8.352630401783728287e-01 8.379230212742289075e-01 8.375879233662978374e-01 8.288280717517225726e-01 8.286394486755072064e-01 8.366318630795092082e-01 8.349969780003985154e-01 8.365355513648881081e-01 8.346523428386380949e-01 8.355452700087290241e-01 8.401477025909750429e-01 8.353337809723204721e-01 8.312378338021898516e-01 8.365851334849182530e-01 8.370708827227133497e-01 8.378762953655238821e-01 8.380172373237178007e-01 8.373375798039742746e-01 8.391250253582628327e-01 8.380324286410589796e-01 8.356835813357703646e-01 8.326440266342552965e-01 8.365925088096234363e-01
