1.000000000000000000e+00 8.723485198553214415e-02 1.332267245006934497e-01 1.313031268377920779e-01 4.299416915550196422e-02 1.796389675266034380e-02 1.061391618158162437e-01 9.963115751252887842e-02 2.090852607454277146e-01 9.037351204250655690e-02 6.432989415791691423e-02 7.947574674770406522e-02 6.207950485105598326e-02 1.433750995359838951e-02 4.112305637618659387e-02 4.857679744669933519e-02 1.505876776980651643e-01 1.317899695857386588e-01 9.494001474962264486e-02 1.379350195939195722e-01 1.700643996835751182e-01 1.282327899498807988e-01 1.851338551239585795e-01 1.337615110869657398e-01 1.048400245986223778e-01 1.333282416047104069e-01 1.449625604630049580e-01 1.226290413470970675e-01 1.917918683134252344e-01 1.565451489519454342e-01 1.262323442105244276e-01 8.797182865473976432e-02 1.113792164541884677e-01 9.093201418543610248e-02 1.088704760616984041e-01 8.624062664095225039e-02 9.892119319474464156e-02 3.698538510794655010e-02 5.729364778819884957e-02 3.660472536078963890e-02 5.119430738912137541e-02 1.406577227690922541e-02 1.382922435765504728e-02 2.395028970279285130e-02 5.053974728531344940e-02 4.288639072499070976e-02 1.517599436890952093e-02 2.983850857232940926e-02 4.685335944009838549e-02 4.355150424700470618e-02 2.723504598960898790e-02 5.386294299442019595e-02 3.716212367898595603e-02 7.209082019818462139e-02 5.524433301926579692e-02 5.806636033454035811e-02 1.121635334011263779e-01 1.326110100655047280e-02 4.562955496318846921e-02 2.603119401115522313e-02 1.874240101929013080e-02 5.352627901954765816e-02 4.659458003910132290e-02 6.141884953017772569e-02 7.464277889323997495e-02 7.443603120934452755e-02 3.309804569558336823e-02 3.972231989944832731e-02 5.302341545496962183e-02 6.471290127749260157e-02 4.780317560754551026e-02 3.309774409858125960e-02 5.339005170079988427e-02 4.529253126209947106e-02 5.424455859222429566e-02 4.578517285331806796e-02 4.160252338033824243e-02 7.624161587480028646e-02 5.868259440038862268e-02 6.999932922589206796e-02 6.374930149772192745e-02 5.189621746180353434e-02 5.856946628551331496e-02 6.350664227403882145e-02 2.918973909668771613e-02 3.719522450989370260e-02 3.787852901511014336e-02 2.169510675202025035e-02 2.219526182711071757e-02 4.108081449635625493e-02 2.644862240421416710e-02 1.443435932724095212e-02 2.751744560286850314e-02 1.957729805723803368e-02 7.493700999383663339e-03 1.725694127983052120e-02 3.296591754388921575e-02 6.931926721290290749e-02 1.426879207989605741e-02 2.813286192557373777e-02 1.079281695464425796e-02 3.665858084653218080e-02 2.846074273510476246e-02 1.124801324291508330e-02 4.162400643534325262e-02 6.713231322301915771e-02 3.890102831816057843e-02 2.265430953431039202e-02 2.496658656642461102e-02 1.493550004121939855e-02 1.736231734750293826e-02 1.981437425470424646e-02 2.596742260663894089e-02 4.198382613092343368e-02 4.449830079432488816e-02 4.513632011367847002e-02
8.723485198553214415e-02 1.000000000000000000e+00 3.752104578734553192e-02 4.709758783689831779e-02 1.096861378492651889e-01 9.577923111461107697e-02 1.073861328123852377e-01 1.066670784317341608e-01 1.615165320604049493e-01 1.749810393268616260e-01 1.347866481153893736e-01 1.351792143597680684e-01 1.288695234760790509e-01 1.469183296953718576e-01 1.465558711913198253e-01 1.247681294614640807e-01 1.466971660329829397e-01 1.509519866441966784e-01 1.461202786440072288e-01 1.251668231657559749e-01 1.278054546965322336e-01 1.285143512544883737e-01 1.554845356433368908e-01 1.430857314675579028e-01 1.374360160386036145e-01 1.530615923141545043e-01 1.488888320143458288e-01 1.577282714376829209e-01 1.585906423655429054e-01 1.841764799376252870e-01 1.803866812304447953e-01 1.647779782106001401e-01 1.519824221909410467e-01 1.527648258296763206e-01 1.771492394939308546e-01 1.342458153306268775e-01 1.881534053403453588e-01 1.363661699316070786e-01 1.506715710819707121e-01 1.361517177626548891e-01 1.556350654393639510e-01 1.480382694293138623e-01 1.249131480919408871e-01 1.404631304145035620e-01 1.440197155344507540e-01 1.542654345721646003e-01 1.566024736045783516e-01 1.683316381741006285e-01 1.461873873542717805e-01 1.274117450355063408e-01 1.349068070099087857e-01 1.128426852884006348e-01 1.434527828598665400e-01 1.658306295045852419e-01 1.481158039693790951e-01 1.583280114286751417e-01 1.260144585033673437e-01 1.525580328717834611e-01 1.498930894114847145e-01 1.569027096800463816e-01 1.416651722972275262e-01 1.447156276403090136e-01 1.290238284140413916e-01 1.237617065418981505e-01 1.435619976706454803e-01 1.490578672601351184e-01 1.599159136178079366e-01 1.600262617081497363e-01 1.674164817919418513e-01 1.563192352607318536e-01 1.543268738859708278e-01 1.600710981548953693e-01 1.619858176479218592e-01 1.630917938247223864e-01 1.583400904878152216e-01 1.575683222568780573e-01 1.616692574498503066e-01 1.610653148324284467e-01 1.618679210041650274e-01 1.675352134135437154e-01 1.685078349048763358e-01 1.680333340327649638e-01 1.588012908428876879e-01 1.656360757684809115e-01 1.541174820302741444e-01 1.581810882245205385e-01 1.632608368098353857e-01 1.547097702726947799e-01 1.604799898015808191e-01 1.609612626985179040e-01 1.602897345387993278e-01 1.547335135318774479e-01 1.572760222102086991e-01 1.547164313497962074e-01 1.584927838365733643e-01 1.639541801108996832e-01 1.330034407569067045e-01 1.374987544538025519e-01 1.504665287268520946e-01 1.524335908944345064e-01 1.489264741617768173e-01 1.399850424438965069e-01 1.522154784771039271e-01 1.483462832069753767e-01 1.433377254942251045e-01 1.442501169003227723e-01 1.527876371588464399e-01 1.641126011023433529e-01 1.616761270140885387e-01 1.562907424906669895e-01 1.589619137698172757e-01 1.552701890683688413e-01 1.559752691793591106e-01 1.455812641088956583e-01 1.503316663217983962e-01 1.574667332880844428e-01
1.332267245006934497e-01 3.752104578734553192e-02 1.000000000000000000e+00 3.609980730787079595e-01 1.780655579489821838e-01 2.435082509400014195e-01 4.157127455060115606e-01 3.670115139004503924e-01 3.669357329486820918e-01 2.961474459220604927e-01 4.021182236525926434e-01 4.108291885589950287e-01 3.515178196421862022e-01 3.415592640553281045e-01 4.070429245914408134e-01 3.914879726298738927e-01 3.886468633216346724e-01 4.065256064036257833e-01 4.273375092037188239e-01 3.588889311166119644e-01 3.851695063531426211e-01 4.304841872818359616e-01 4.547885654449644877e-01 4.238082417204721009e-01 4.253283710130147388e-01 4.212054088847307365e-01 4.364013958840284868e-01 4.356601435572416414e-01 4.281779382356695196e-01 4.333683745368193119e-01 4.306750588674373437e-01 4.235971810935063031e-01 3.930488218835660463e-01 4.244567138220730063e-01 4.020359509239330165e-01 4.172791935038703826e-01 4.132124992038694877e-01 4.054171598106545149e-01 4.087802463080541515e-01 4.283473637509345178e-01 3.990374619546205315e-01 3.883792663797267508e-01 4.140358571926524012e-01 4.023381906099622873e-01 4.167783006392938305e-01 4.076195401297124654e-01 3.587532525293858354e-01 3.647338395066318517e-01 3.747067868188238005e-01 3.904181172434521563e-01 3.849649545952364416e-01 3.969314259138124745e-01 3.739074291135799366e-01 3.701876391667048294e-01 3.882529106430278043e-01 4.103191637334054342e-01 3.867893670448145915e-01 3.694422891135010767e-01 3.776415404243106955e-01 3.512763895400605740e-01 3.729946420030022525e-01 3.654137614297917058e-01 3.867729201441355569e-01 3.800027169827605578e-01 3.734540942990280388e-01 3.748642005405096733e-01 3.665350410985532270e-01 4.006539322257486879e-01 3.985175838437698959e-01 4.039273853559943173e-01 3.987936927339512660e-01 3.899776427231688158e-01 4.094945015736687344e-01 4.059185621211187089e-01 3.964057144505466201e-01 3.907724963225111536e-01 3.941055694423338807e-01 4.021467700900742681e-01 4.056296766869770254e-01 3.932060036170179074e-01 4.056179475120489375e-01 3.923140357010512780e-01 4.054566536368205965e-01 3.932494135710919436e-01 3.948520892407240135e-01 3.970348832782774062e-01 3.935638689256263922e-01 3.905702778704638334e-01 3.853783310201529533e-01 3.976143927618218665e-01 4.024097243391238088e-01 3.776910490203942983e-01 3.888956458970000973e-01 3.901797975889161330e-01 3.553569747802179379e-01 3.642936021216324760e-01 3.993116359657541969e-01 3.911928540055865655e-01 3.704723350646726421e-01 3.811169824597976374e-01 3.827982730891160146e-01 3.795816485544250551e-01 3.727068078162956155e-01 3.702756091068732935e-01 3.889519521854464812e-01 3.804804774743854034e-01 3.725450844527409822e-01 3.691263276928951620e-01 3.779262009877297768e-01 3.621750717115616025e-01 3.737432590359729967e-01 3.552659486065105066e-01 3.642365165231870039e-01 3.753299529844205673e-01 3.713625962591384777e-01 3.675156910332259552e-01
1.313031268377920779e-01 4.709758783689831779e-02 3.609980730787079595e-01 1.000000000000000000e+00 3.518417637851291579e-01 4.039010561152296952e-01 6.220901268256955330e-01 6.143249317064536363e-01 5.247464869622300299e-01 4.090055632353091219e-01 5.726651135573420648e-01 6.452132395415643984e-01 5.186933930703312434e-01 5.144311976409359222e-01 5.961419398147589366e-01 6.175085133829243400e-01 5.604176627152267498e-01 4.896697280912780115e-01 5.223315743484882034e-01 4.481999848051717583e-01 5.613107056569810460e-01 5.843280440630999051e-01 5.493952813059989060e-01 5.334362171423180365e-01 5.354387172588322974e-01 6.103684958718385012e-01 6.229114776983398771e-01 6.186519052683197017e-01 5.998827889396908253e-01 6.019856524169310275e-01 5.790046654154012984e-01 5.717837170607741326e-01 5.301321585241178802e-01 5.837412007954436710e-01 5.581678606754278960e-01 6.215883869345375512e-01 5.717422813647141666e-01 5.922833270637367642e-01 5.946114775821051968e-01 6.156085475081187752e-01 5.847652818357610416e-01 5.738664320455016954e-01 6.169198259753529978e-01 6.031737042708427143e-01 6.158270641390755085e-01 5.955145759262474581e-01 5.387233314975139464e-01 5.350188504052384442e-01 5.683913980499794016e-01 5.930467515367284781e-01 5.793440724048513069e-01 6.386647721878787598e-01 5.805553378093972761e-01 5.583844090058431853e-01 5.843986535549565708e-01 5.962955246231629314e-01 6.136576156216672073e-01 5.505303342419600732e-01 5.646577022762550024e-01 5.398159808301853380e-01 5.623352729781427861e-01 5.586176799581757946e-01 5.902507016552579477e-01 5.930319456486573548e-01 5.719321734749561736e-01 5.848967865909260322e-01 5.432489180740303070e-01 5.639884939994432855e-01 5.585199894398097387e-01 5.733751304241957447e-01 5.676890221618802190e-01 5.604777112411808426e-01 5.771375785714595308e-01 5.672238130271434198e-01 5.797012446931748553e-01 5.735826349699650883e-01 5.856954334405158891e-01 5.772032827813711187e-01 5.831101372348393985e-01 5.685150757110948305e-01 5.730114349105751570e-01 5.586473986565309024e-01 5.976614918255366282e-01 5.735973222459013199e-01 5.703378098857487810e-01 5.776335923785773652e-01 5.739786268335538288e-01 5.742216225436285182e-01 5.615096860007928736e-01 5.806666934176548667e-01 5.869385063391503454e-01 5.672485624707951368e-01 5.796403971006419686e-01 5.760466069022808222e-01 5.342403822545439551e-01 5.397640157494771884e-01 5.938363733453785320e-01 6.116881898632616776e-01 5.534407869031944260e-01 5.653095003606708469e-01 5.746743357739663161e-01 5.783208862237936287e-01 5.688285636029575265e-01 5.616193656374331988e-01 6.008984607513234710e-01 5.834195735716218856e-01 5.619465592667592935e-01 5.462502765920544956e-01 5.598951419128523899e-01 5.448922467723591456e-01 5.543859546579681385e-01 5.399139998634563398e-01 5.490128050306449792e-01 5.747049132910754254e-01 5.671470254165353886e-01 5.677894762346535895e-01
4.299416915550196422e-02 1.096861378492651889e-01 1.780655579489821838e-01 3.518417637851291579e-01 1.000000000000000000e+00 2.918073450287539949e-01 4.475619087670645868e-01 4.288359193870392438e-01 4.246055699729750499e-01 3.874802062629960631e-01 4.505777537339540340e-01 4.754378768940517030e-01 4.698746725180368844e-01 4.279579617148645543e-01 4.824670802585382390e-01 4.848658969154893694e-01 4.389467263638297534e-01 3.496904223305419834e-01 3.874021275124091002e-01 3.348659648578171666e-01 3.769886587000419453e-01 4.175220077440345845e-01 3.871843483959365173e-01 3.868810721062984626e-01 4.039200703600048237e-01 4.650812147049878664e-01 4.698884889011010757e-01 4.645586601807853988e-01 4.368427822231568669e-01 4.677040740888186443e-01 4.586278672174900484e-01 4.456307415513890424e-01 3.814733185875571753e-01 4.367592530488208502e-01 4.228592685298736553e-01 4.368951044391137239e-01 4.615905105197622982e-01 4.591301071072018125e-01 4.608837679758071015e-01 4.511669946914130258e-01 4.813159103970158781e-01 4.773394178500610652e-01 4.809105340722243938e-01 4.957683127289247427e-01 4.764832922103541812e-01 4.828664987467755076e-01 4.807497000234636220e-01 4.786404146051727038e-01 4.801624064176691076e-01 4.591443840576723279e-01 4.744009758517216957e-01 5.012985499059217087e-01 4.919621441868717859e-01 4.804161371675302883e-01 4.775535499533145600e-01 4.833919509155545913e-01 4.762306842917229943e-01 4.800285178457984192e-01 4.715506620017776429e-01 4.849066114744050027e-01 4.867831222250758039e-01 4.706918341206912104e-01 4.793720013694480753e-01 4.881088517086342171e-01 4.867430116803307394e-01 4.879806284232146574e-01 4.759718598966227177e-01 4.811938823124899955e-01 4.783273424677825236e-01 4.825675344401154088e-01 4.835706599098458236e-01 4.837796227965905915e-01 4.838512099753800033e-01 4.802184046809482298e-01 4.891667789249463660e-01 4.890130414111381052e-01 4.882461707816558860e-01 4.775932743157322857e-01 4.815095619671319049e-01 4.834459124372659788e-01 4.861915068560324626e-01 4.794586357080533046e-01 4.838864117786770280e-01 4.800334343017677585e-01 4.670851361130349821e-01 4.799037139472103752e-01 4.840319290642690064e-01 4.805757041022059028e-01 4.786204244862067303e-01 4.876812927809563436e-01 4.809647649410411785e-01 4.867821346214258327e-01 4.886239318080531358e-01 4.877070345825503805e-01 4.817930060188156949e-01 4.766874037783755402e-01 4.753297839430311034e-01 4.870139160820933788e-01 4.822108426283826521e-01 4.773861027064347229e-01 4.934385519916048568e-01 4.766439565077948415e-01 4.967902899750912815e-01 4.859246334516302834e-01 4.990494863041326501e-01 4.755963207803443615e-01 4.794884034163223729e-01 4.836678504168467896e-01 4.840541187156001679e-01 4.802942998025888088e-01 4.722531362644719621e-01 4.849384027856373791e-01 4.734183905796693348e-01 4.860042197095352234e-01 4.851746226441972509e-01 4.870052963777700139e-01
1.796389675266034380e-02 9.577923111461107697e-02 2.435082509400014195e-01 4.039010561152296952e-01 2.918073450287539949e-01 1.000000000000000000e+00 5.386826871495563607e-01 4.745455190088137543e-01 4.999122814936456383e-01 4.716904708814129710e-01 5.483649844975132526e-01 5.814582272098448579e-01 5.089138028879898190e-01 5.373319917970647008e-01 5.800022738435207659e-01 5.613978054866102241e-01 5.114172884054277723e-01 4.234035802142664395e-01 4.825500911768210166e-01 3.637182957862982735e-01 4.443254587231477148e-01 4.961394495956804040e-01 4.821148415576181345e-01 4.627650854978018757e-01 4.939438029038661360e-01 5.566644887208036518e-01 5.521327660066525089e-01 5.468009479421455099e-01 5.395200768893121390e-01 5.364655023246276411e-01 5.651725313578450649e-01 5.408055355376334417e-01 4.788445146515648010e-01 5.364458983937191450e-01 5.171252996518247436e-01 5.416345440414700452e-01 5.456383357259337874e-01 5.572315013210938917e-01 5.579777722593826095e-01 5.526071444684749201e-01 5.681116519106006457e-01 5.733204622407084283e-01 5.703048913486268301e-01 5.845720884667459094e-01 5.887134230866603035e-01 5.770803852613447527e-01 5.783155735245627538e-01 5.828988662847678359e-01 5.837092448206459006e-01 5.563909052538650313e-01 5.674382427071985591e-01 5.587941032598892077e-01 5.803586713286159604e-01 5.836705262710945030e-01 5.837472720220561184e-01 5.864919759841580316e-01 5.822981215899764029e-01 5.796899630521133995e-01 5.837819220500918282e-01 5.786408168363375015e-01 5.852602777007127610e-01 5.813759814975328899e-01 5.899874570170833277e-01 5.817476978218751871e-01 5.752674086596298864e-01 5.869973032551731862e-01 5.792584608064909046e-01 5.856191827895631530e-01 5.783884550817081083e-01 5.663158838418326235e-01 5.809740623866718190e-01 5.859525620180093819e-01 5.786220940754860376e-01 5.780374315731037216e-01 5.896013210005742744e-01 5.835128719015376664e-01 5.858370935135873703e-01 5.912294978204617468e-01 5.899351146322699968e-01 5.817672299437647299e-01 5.826474322856738386e-01 5.843389915854488859e-01 5.901181678742687398e-01 5.790211525000387160e-01 5.751066928651454857e-01 5.808599736766097976e-01 5.808956909543638858e-01 5.881927361441835478e-01 5.817756235512857588e-01 5.919645276481600993e-01 5.816942337092240178e-01 5.898075651960765775e-01 5.916150262043863295e-01 5.894290988935618758e-01 5.819869248765785485e-01 5.837922001953016471e-01 5.878605796952541818e-01 5.880432116047910052e-01 5.899437598727862442e-01 5.851067084695901199e-01 5.899321223892410870e-01 5.877777963092069013e-01 5.886668893599970032e-01 5.868407901052525855e-01 5.889278802665655066e-01 5.869141852430554973e-01 5.898736686600847268e-01 5.863574630008359101e-01 5.905182684552834349e-01 5.852887904658914398e-01 5.866314374437763268e-01 5.841332861874412030e-01 5.847653045372597225e-01 5.887141523556275180e-01 5.832923536319314373e-01 5.877494089670018962e-01
1.061391618158162437e-01 1.073861328123852377e-01 4.157127455060115606e-01 6.220901268256955330e-01 4.475619087670645868e-01 5.386826871495563607e-01 1.000000000000000000e+00 7.350777485325802330e-01 6.825554325031429892e-01 6.358755545431136191e-01 7.577331539889414769e-01 7.990359350360873858e-01 6.956351411345708113e-01 7.207212270873112336e-01 8.302398674722241134e-01 7.892596708060943822e-01 7.008522962169815296e-01 6.582377975525485203e-01 7.062492804488105236e-01 5.847505236803223205e-01 6.634840675424479306e-01 7.377361978581014057e-01 7.258695667810202146e-01 6.940393634011049473e-01 7.155478451727836919e-01 8.246942272032830035e-01 8.074365560044350909e-01 8.252153778536337470e-01 7.868275221918323847e-01 7.852990995531289320e-01 8.012164800107957063e-01 7.786243261555180206e-01 7.214153721214827675e-01 7.707127652770979775e-01 7.546961133338766503e-01 7.677264823096340285e-01 7.816246685243476433e-01 7.927346318599156616e-01 7.986048255163362697e-01 8.194631150324948043e-01 8.104776085725532431e-01 8.074618425116353304e-01 8.178464401221989810e-01 8.173156714423819302e-01 8.195722700961060037e-01 8.193006312358289689e-01 7.665818006193361178e-01 7.639608746177216636e-01 7.826247469527951584e-01 7.721399179687526981e-01 7.818141408122566416e-01 7.771401050453390358e-01 7.796413160670127018e-01 7.675990653988000734e-01 7.871309193061719611e-01 8.090580001564109391e-01 7.749507423318192645e-01 7.737721196063044315e-01 7.749332421767595180e-01 7.613607209672271781e-01 7.812861650903395461e-01 7.637698177248283260e-01 7.853666278137330092e-01 7.860933291573052317e-01 7.596368569526162906e-01 7.738298379128190074e-01 7.638324881848999048e-01 7.905573663889113867e-01 7.849639108565725776e-01 7.859995409487290363e-01 7.835221411714573536e-01 7.826114525966459956e-01 7.915112176646604825e-01 7.879600943009607006e-01 8.076629577064269316e-01 7.971796582756632832e-01 8.112670605979344085e-01 8.008231997790349332e-01 8.094215585119063361e-01 7.865788962841692156e-01 7.909779346840590808e-01 7.838117846451597703e-01 7.986256180582772535e-01 7.942445923511495254e-01 7.839692765334050906e-01 7.887146907532807116e-01 7.845931851272832658e-01 7.989303934114356798e-01 7.852988759677217434e-01 7.965707492935694134e-01 8.079646670549849308e-01 7.950436850791149368e-01 7.979368170728807774e-01 8.037799178744995388e-01 7.615834263573070251e-01 7.670347017476388807e-01 8.012400524909730759e-01 7.943670642750856326e-01 7.787944579455694516e-01 7.849272104473226097e-01 7.929809900978147530e-01 7.826920072119537553e-01 7.802109812595743321e-01 7.832005293294567183e-01 7.924977486685887973e-01 7.805170245133663531e-01 7.794338720552416166e-01 7.730802480366687490e-01 7.853408180094717528e-01 7.696408674868889799e-01 7.782989932921932086e-01 7.631131175756610263e-01 7.657522539000316542e-01 7.835943791138628711e-01 7.694764798387638827e-01 7.708545607925900711e-01
9.963115751252887842e-02 1.066670784317341608e-01 3.670115139004503924e-01 6.143249317064536363e-01 4.288359193870392438e-01 4.745455190088137543e-01 7.350777485325802330e-01 1.000000000000000000e+00 6.583926990106122590e-01 5.942242147258502971e-01 7.197738453407559467e-01 7.704693423688141474e-01 6.709423947128606569e-01 6.848564607615750255e-01 7.629538590224781425e-01 7.778636744888218768e-01 6.654077192944720665e-01 5.793082265144576803e-01 6.366286324196057667e-01 5.225941979887872568e-01 6.447140726166773472e-01 6.813297858502391779e-01 6.452665039233671518e-01 6.125719064284022020e-01 6.368472139752430206e-01 7.427951082644532743e-01 7.432797875549419508e-01 7.409852835234894686e-01 7.234141246015810545e-01 7.308806984983875488e-01 7.382465801287221296e-01 7.182313298020993608e-01 6.638129104985426299e-01 7.128686506196297845e-01 6.911988073501390550e-01 7.311940797259679492e-01 7.212016428369696364e-01 7.471288258037781516e-01 7.459100723555129875e-01 7.522116684098313355e-01 7.498633773844400885e-01 7.403690928750592537e-01 7.591163280570434324e-01 7.635591607153824345e-01 7.625347064473260161e-01 7.570101038271030980e-01 7.247168199272605582e-01 7.248172608405268891e-01 7.502654223608502537e-01 7.511696851426056254e-01 7.529453485293561288e-01 7.455046248200883907e-01 7.433909823318920473e-01 7.350692878750109127e-01 7.549753678009736291e-01 7.604397103623072862e-01 7.627637767962283100e-01 7.298601308740356730e-01 7.449668876043326060e-01 7.237029646425726659e-01 7.386154941619396119e-01 7.408558896046161246e-01 7.604174334338759111e-01 7.595976316731305467e-01 7.295838119771388408e-01 7.473933187199489625e-01 7.233609773951202859e-01 7.338646907729503566e-01 7.319771040671561035e-01 7.386301089590359137e-01 7.371752724049954741e-01 7.316435159913808883e-01 7.349945759757007258e-01 7.307430970316625141e-01 7.525904199162990471e-01 7.440303729866722948e-01 7.457872238987182101e-01 7.481328035382118768e-01 7.496553756961469306e-01 7.412584904836985178e-01 7.374557464841325904e-01 7.366470647022990148e-01 7.547130539928069703e-01 7.402424416678388130e-01 7.409775312793105417e-01 7.384244612247132800e-01 7.375636332838015896e-01 7.491783023070422987e-01 7.377636485121943366e-01 7.529679214971712886e-01 7.490483202651354588e-01 7.435711467100674099e-01 7.478965245556030705e-01 7.474505513077682739e-01 7.194414293906066238e-01 7.263820275188972442e-01 7.654231503548272197e-01 7.674073701211339138e-01 7.395970735255571471e-01 7.481392934554914609e-01 7.469686169314927460e-01 7.548103234116740889e-01 7.407801827902306124e-01 7.416731230919161311e-01 7.564182755074848608e-01 7.538400174485283545e-01 7.441638194303001885e-01 7.306279256438268366e-01 7.425468805067408917e-01 7.332128496564213060e-01 7.433605921314990761e-01 7.231742241263798832e-01 7.352823766044087606e-01 7.489598829856028983e-01 7.314982873481087333e-01 7.384858102431102189e-01
2.090852607454277146e-01 1.615165320604049493e-01 3.669357329486820918e-01 5.247464869622300299e-01 4.246055699729750499e-01 4.999122814936456383e-01 6.825554325031429892e-01 6.583926990106122590e-01 1.000000000000000000e+00 7.325918746395582160e-01 7.716316401436668082e-01 8.045919825073792886e-01 7.274454173422455483e-01 7.602646172965679128e-01 8.033922013893126657e-01 7.951500079809357135e-01 7.923159823654789546e-01 6.225043465387258834e-01 6.808407714581302672e-01 5.570145392491471226e-01 6.809969993102999997e-01 7.188755926354962744e-01 7.274509612404242986e-01 6.567178023690595223e-01 6.865929673621086193e-01 8.140178178592206715e-01 7.986927485495143308e-01 7.889720222400025129e-01 7.998123025302625866e-01 8.095591430260096200e-01 8.378320983299719638e-01 7.985892348920444750e-01 7.180978534820916526e-01 7.701087490424612936e-01 7.699717782612179873e-01 7.570819843486022993e-01 8.027631582595408100e-01 7.977147597895889453e-01 7.963658037478896778e-01 7.574413867958069702e-01 8.207202876700955274e-01 7.970879855108509160e-01 7.712608416533874856e-01 8.116629238899960574e-01 8.036008983483186041e-01 8.127535899580837775e-01 8.250557506178310962e-01 8.378394211808499747e-01 8.407984483744440629e-01 7.953775648468154325e-01 8.167045629879657875e-01 7.605003000885247610e-01 8.166647788387247919e-01 8.521265166312972372e-01 8.300270300317956762e-01 8.319304002518843610e-01 8.466656891244389582e-01 8.176840824855244882e-01 8.395433581480469254e-01 8.316596257059463149e-01 8.274423330919380426e-01 8.373120223600593048e-01 8.270246498220636955e-01 8.410491269968660699e-01 8.464831084186515975e-01 8.493429353836607909e-01 8.369710025707307599e-01 8.252074325158474943e-01 8.323765781344547587e-01 8.192012218908348853e-01 8.254177882717348425e-01 8.275680138048128187e-01 8.159003688551035305e-01 8.156733175425604498e-01 8.436128400855600340e-01 8.369175627669859230e-01 8.246770566267382918e-01 8.450859424394354669e-01 8.347971038758769113e-01 8.487820469205461515e-01 8.369439408221451826e-01 8.431211230110489119e-01 8.393297836648345722e-01 8.362162772466184002e-01 8.172254489221312257e-01 8.196969046796566127e-01 8.233567133430402807e-01 8.275627542214771815e-01 8.222627015118179061e-01 8.360070715177517764e-01 8.138476911568509609e-01 8.251771414358761714e-01 8.264208461560759167e-01 8.236416785053832790e-01 8.263520327704170221e-01 8.312935592516537131e-01 8.187458075903735200e-01 8.408676844921040283e-01 8.282011516962130004e-01 8.338726632227677626e-01 8.161878164920824963e-01 8.343448497319386759e-01 8.295251969968772121e-01 8.243662318184497018e-01 8.277660065044798454e-01 8.402527614112267340e-01 8.425355112243385625e-01 8.344461497636755931e-01 8.332507603253644923e-01 8.291133014801465029e-01 8.272823695645864506e-01 8.313809563701273220e-01 8.281938414647120883e-01 8.391092380637072967e-01 8.400965492054357497e-01 8.406464991269896325e-01
9.037351204250655690e-02 1.749810393268616260e-01 2.961474459220604927e-01 4.090055632353091219e-01 3.874802062629960631e-01 4.716904708814129710e-01 6.358755545431136191e-01 5.942242147258502971e-01 7.325918746395582160e-01 1.000000000000000000e+00 7.344042083356645545e-01 7.491243468773226555e-01 6.819815411346394907e-01 7.413551519108033672e-01 7.713844081476237680e-01 7.518398226800498962e-01 7.141829037052213058e-01 5.777411152171257891e-01 6.513399087328481940e-01 4.925457717436582117e-01 5.774031641918375701e-01 6.609611934993865345e-01 6.710718113231411985e-01 6.130960243788292630e-01 6.519582292688593794e-01 7.596830051438987486e-01 7.414118311776302095e-01 7.449226165097775354e-01 7.291817549420412936e-01 7.493220239748905609e-01 8.019124262747528986e-01 7.691882722071717859e-01 6.957189178890070824e-01 7.415855185750883649e-01 7.369200268532911657e-01 7.149462542511255680e-01 7.806614726983839292e-01 7.649990103179139522e-01 7.761340378577297194e-01 7.378542648245383084e-01 8.029139582338532533e-01 7.853276179430745962e-01 7.425540291691873351e-01 7.868096158156762110e-01 7.740869855864248583e-01 7.941487649600519338e-01 8.097289482307131747e-01 8.281773957721615398e-01 8.098820142268525757e-01 7.442055047080601282e-01 7.758592740163369195e-01 7.017547566693296268e-01 7.791220559569839166e-01 8.231232170308103724e-01 8.012885478220516111e-01 8.032301672948285454e-01 7.743564818256691851e-01 8.080262496179576592e-01 8.128992054673181977e-01 8.085724076852243147e-01 8.049592990030312034e-01 8.082910751534437832e-01 7.918537096776053774e-01 7.818136274094198424e-01 7.989160955458401991e-01 8.055958618213104883e-01 8.195424055918173467e-01 8.059464811969235809e-01 8.149292178336553505e-01 7.808445689459813099e-01 8.005384378085746988e-01 8.106081002980863870e-01 7.930634253958854796e-01 7.997298449180563207e-01 8.170930574659276413e-01 8.167233449332897965e-01 8.089314178408737455e-01 8.134698701478058069e-01 8.115184627365884529e-01 8.202247223875668292e-01 8.127622368221021354e-01 8.237990949264066831e-01 8.081574268439101205e-01 8.128055373978962939e-01 8.000560052826134472e-01 8.023162437859505669e-01 8.059595690747550778e-01 8.138447888222606341e-01 8.125909329777972756e-01 8.128538684817533388e-01 8.017902914885840504e-01 8.138606846247420368e-01 8.092856810861556172e-01 8.124416072463066518e-01 8.170163326799124714e-01 8.220230459060403616e-01 7.888961840298301942e-01 7.901295975573787711e-01 8.143408166403235393e-01 8.075629715750105575e-01 8.016736876231574938e-01 8.047332494491967747e-01 8.056850061324477563e-01 8.084735831831394437e-01 7.963897138567864742e-01 8.058584936592471104e-01 8.171284838031388498e-01 8.204649195263947759e-01 8.192846550110299830e-01 8.185516836612088953e-01 8.183652282721953775e-01 8.158042764451226558e-01 8.186880882653936320e-01 8.095385169129205583e-01 8.095621703266873137e-01 8.137028863499153886e-01
6.432989415791691423e-02 1.347866481153893736e-01 4.021182236525926434e-01 5.726651135573420648e-01 4.505777537339540340e-01 5.483649844975132526e-01 7.577331539889414769e-01 7.197738453407559467e-01 7.716316401436668082e-01 7.344042083356645545e-01 1.000000000000000000e+00 8.650372322930526270e-01 7.706261428590154283e-01 8.037588731015280485e-01 8.735506492370520570e-01 8.545637949535680455e-01 7.786708102893983297e-01 6.621671537909077365e-01 7.336734100383273116e-01 5.950993020062752548e-01 6.910578233863675646e-01 7.676256156473791892e-01 7.555385977829605082e-01 7.152273932290229563e-01 7.397321237534925098e-01 8.536184431452448207e-01 8.492618457245484365e-01 8.429853809102665352e-01 8.215524937364402369e-01 8.418255111483778919e-01 8.805256848957531135e-01 8.549148527797224562e-01 7.711750073914769299e-01 8.429378988543869688e-01 8.184978105199179899e-01 8.327747116846440090e-01 8.653401151275650349e-01 8.644688772809896449e-01 8.688342598674513306e-01 8.552846305910437597e-01 8.859685165415983610e-01 8.771173848151387897e-01 8.675740404900162961e-01 8.891895015286188642e-01 8.797162887196929848e-01 8.854444351322461326e-01 8.826229839081621842e-01 8.828522016185527121e-01 8.853922000337641762e-01 8.548767203610281307e-01 8.718820402566652694e-01 8.396548268249182101e-01 8.761296684950421465e-01 8.774480976487510908e-01 8.793518142675111893e-01 8.913809339698867129e-01 8.586773540396993587e-01 8.779661071977429287e-01 8.817401751141195065e-01 8.780290712040459411e-01 8.874184136694754921e-01 8.734693543021806450e-01 8.805341994270942108e-01 8.762579915231593075e-01 8.688405179747085150e-01 8.769663346939839954e-01 8.812836524203484512e-01 8.872279121084852838e-01 8.895206834686243402e-01 8.746479349734380682e-01 8.827812572323060492e-01 8.878968563775656575e-01 8.833754179128257000e-01 8.788998709807974707e-01 8.984835997427286225e-01 8.952175522386611739e-01 8.926537146171711345e-01 8.931014791906686234e-01 8.937227305263329979e-01 8.918536897475752845e-01 8.905038773993381174e-01 8.929377678649905725e-01 8.935115659129914123e-01 8.893524970324474532e-01 8.876395007094740608e-01 8.908670640689050346e-01 8.896608264296956836e-01 8.953923422597145354e-01 8.907851344012120975e-01 8.931941971287451487e-01 8.922962055195764464e-01 8.934974861488905740e-01 8.931416103573044385e-01 8.943039555430856158e-01 8.822492325897610677e-01 8.857136657755133591e-01 8.873140629945892588e-01 8.804493763514177340e-01 8.874878841501497861e-01 8.893398842655934056e-01 8.896184825874928759e-01 8.849575543579243364e-01 8.865409209807891822e-01 8.896398029063430357e-01 8.898018707007722128e-01 8.786939425176890639e-01 8.884034201688246757e-01 8.874818475126772244e-01 8.917337417261731458e-01 8.862008102670531073e-01 8.896812616634626192e-01 8.823961552163628319e-01 8.826698611832185515e-01 8.872103706674827617e-01 8.817800016126060569e-01 8.813401727827557819e-01
7.947574674770406522e-02 1.351792143597680684e-01 4.108291885589950287e-01 6.452132395415643984e-01 4.754378768940517030e-01 5.814582272098448579e-01 7.990359350360873858e-01 7.704693423688141474e-01 8.045919825073792886e-01 7.491243468773226555e-01 8.650372322930526270e-01 1.000000000000000000e+00 8.051906783917867072e-01 8.418430954276634459e-01 9.148966094552992701e-01 9.017408286924926131e-01 8.239735060015525026e-01 6.659172312738483868e-01 7.380339185979860606e-01 5.999814073556380967e-01 7.238484598542580528e-01 7.874058773442578207e-01 7.641420438136820037e-01 7.167180388344573938e-01 7.479966580644200613e-01 8.863749230090877118e-01 8.808548406263246866e-01 8.781345418019039784e-01 8.525020530549936026e-01 8.729401854472081945e-01 9.075624331849839743e-01 8.818960962065942599e-01 8.046389194357227437e-01 8.687536032620878368e-01 8.500910315483329871e-01 8.750472409507968896e-01 8.885464863380674316e-01 9.073481887845191718e-01 9.093114959457109236e-01 8.903943018796444120e-01 9.203523660507147985e-01 9.141082095816657205e-01 9.118175128177155031e-01 9.326261096269228279e-01 9.188991575278807611e-01 9.248611653088163465e-01 9.179156699672816888e-01 9.208804754166056705e-01 9.286866162710856187e-01 9.025873807713331587e-01 9.188361277872429955e-01 8.879221908419483444e-01 9.193543408188804555e-01 9.212617148408914769e-01 9.223422814970669847e-01 9.286873884446218419e-01 9.193718135870018182e-01 9.174010506475326343e-01 9.245279089383032778e-01 9.185514078231414858e-01 9.266911083760825951e-01 9.208645996155063740e-01 9.296705506331367497e-01 9.306155681709180616e-01 9.182569343741242562e-01 9.270138129579471586e-01 9.221860569566573407e-01 9.158842206402075803e-01 9.199020406379411208e-01 9.060463380274155210e-01 9.138116838256097330e-01 9.205601194959728284e-01 9.095162527871647473e-01 9.078931195771267060e-01 9.339205819275447906e-01 9.306741494851652474e-01 9.263767072706549088e-01 9.276827327339682849e-01 9.270263223338240932e-01 9.286968187358224380e-01 9.261010783356758980e-01 9.280244763036390454e-01 9.327737533895595901e-01 9.267265321615834051e-01 9.218413434268035722e-01 9.244645146071127639e-01 9.266508697256684579e-01 9.324761030487004332e-01 9.273201860860432744e-01 9.319966881815773263e-01 9.247379279526219964e-01 9.301003185955235564e-01 9.306586899115704137e-01 9.319865816048140683e-01 9.203571876147670361e-01 9.241189108934407814e-01 9.287398440167887737e-01 9.325491608297042934e-01 9.262206998327162655e-01 9.283266261820098952e-01 9.282554941610750010e-01 9.309328392703662969e-01 9.284510855664899198e-01 9.288666255825714924e-01 9.340399011856781453e-01 9.261049471328366423e-01 9.313520965717321243e-01 9.248559837336952638e-01 9.299665857505461375e-01 9.241892577987212976e-01 9.266562689235946504e-01 9.219538043841636332e-01 9.216572292544475964e-01 9.332599007380435463e-01 9.252078925673928866e-01 9.274447132078863509e-01
6.207950485105598326e-02 1.288695234760790509e-01 3.515178196421862022e-01 5.186933930703312434e-01 4.698746725180368844e-01 5.089138028879898190e-01 6.956351411345708113e-01 6.709423947128606569e-01 7.274454173422455483e-01 6.819815411346394907e-01 7.706261428590154283e-01 8.051906783917867072e-01 1.000000000000000000e+00 7.570625484014986695e-01 8.147165098892875656e-01 8.001791531733287721e-01 7.346787784594421833e-01 5.963912184686286366e-01 6.663264645914970252e-01 5.263276013183747493e-01 6.018850373062536452e-01 6.896142553916820850e-01 6.870712072508083912e-01 6.457997285358900719e-01 6.807855829673816750e-01 7.856863037426949914e-01 7.748371448898311309e-01 7.691538831707084301e-01 7.307188615220554517e-01 7.907300731312232323e-01 8.070625066216122745e-01 7.815435894848320464e-01 6.913328595642375118e-01 7.579615409100681767e-01 7.503790898333280168e-01 7.565493498625071034e-01 8.006921948800268529e-01 7.832334752416927337e-01 7.987170531407989937e-01 7.759540668657096685e-01 8.240091540912561907e-01 8.180123269246866169e-01 8.035556048380405603e-01 8.338070341144526720e-01 8.145407610498041073e-01 8.199363342537309141e-01 8.326991728256210035e-01 8.344056526502937610e-01 8.267874408162263489e-01 7.817896631369591898e-01 8.027111529070092288e-01 7.903933257743218643e-01 8.297445950105393209e-01 8.303952012703659236e-01 8.126215947076684820e-01 8.251829765045194387e-01 8.013826586494281479e-01 8.279139659501055792e-01 8.151537058311378869e-01 8.390228040229985584e-01 8.378334551636249516e-01 8.172768194312387546e-01 8.184125822556164165e-01 8.215170420250034189e-01 8.235009551736498512e-01 8.319465313349327928e-01 8.345435942531338469e-01 8.317002923226578526e-01 8.328619822375403769e-01 8.115424414983858359e-01 8.221879085308981816e-01 8.367155509776967870e-01 8.245297553968781168e-01 8.272168137264511723e-01 8.414681274662555444e-01 8.384051956156592933e-01 8.356780834765275001e-01 8.271218255221537419e-01 8.342018450818907693e-01 8.378993427796487259e-01 8.397019601383046705e-01 8.395955629119955521e-01 8.391590503354932062e-01 8.342671816220394998e-01 8.261601548874276668e-01 8.308337776006307074e-01 8.390077182303119496e-01 8.358735541023435411e-01 8.386430922995206094e-01 8.410446980652085402e-01 8.340424329577394991e-01 8.414232751533127219e-01 8.425218602338834240e-01 8.418288327022567241e-01 8.378513308870327858e-01 8.384053441079578617e-01 8.247890473727328420e-01 8.289703866864952531e-01 8.362871121746620062e-01 8.352767623969903354e-01 8.434627855684148079e-01 8.290278656172597183e-01 8.439228471079215366e-01 8.421622139017980180e-01 8.433289189532221508e-01 8.281686291709654535e-01 8.363968029101722657e-01 8.388970556113772847e-01 8.396651822673951715e-01 8.368760467917258916e-01 8.313234555667515790e-01 8.396790344132798456e-01 8.308869238581623184e-01 8.400013695612860154e-01 8.377489934418480555e-01 8.382805959185024580e-01
