1.000000000000000000e+00 1.813442886309890034e-01 1.486041502740157172e-01 -1.543475032700736826e-01 -3.421611481582560732e-02 -1.001827496364408876e-02 -7.979369266864179411e-02 -8.064762550145122832e-02 1.687989177910228789e-01 1.188330963506789156e-01 3.080821061623555818e-02 -8.834323871669799710e-02 -9.015999745747233299e-04 -1.901378935921524405e-02 -3.408555151490882951e-02 -3.779476774859479027e-02 1.790438968446138868e-01 1.538709898506400442e-01 1.637251500555105266e-01 -1.247305334152516432e-01 -5.611270479338553675e-04 6.193934856957559326e-02 1.848452800577718713e-01 1.300652838789940202e-01 1.447283563915753302e-01 1.277908821338264167e-01 1.373973385673773751e-01 1.795017360153734198e-01 2.424354503312324272e-01 2.019865894959567976e-01 1.417037096902196147e-01 1.234257169520278918e-01 1.394676966266603091e-01 9.900732494911523851e-02 1.760026655896150816e-01 4.500028706455616589e-02 1.279321004625074421e-01 3.911307828901817302e-02 6.836545338585821308e-02 -4.382688219212826919e-02 3.177497444228994522e-02 2.777882135117092392e-04 -3.924270100565951935e-02 1.081725367673256472e-02 4.172375715146836583e-03 5.325986260240409692e-02 3.173716896830785887e-03 3.966422861766702446e-02 -6.495775507443984692e-04 -3.999373165069016259e-03 4.128776629147534218e-03 -6.035634888430584100e-02 -3.185440966515283578e-02 7.487420496454653962e-02 7.669033702315021517e-02 6.764270033910731172e-02 1.424352593300848117e-02 1.717943058073568077e-02 1.794140044211753673e-02 4.146819579355624785e-02 -6.555532022286474948e-03 2.982783884654341411e-02 3.449687707812851278e-02 3.421481828831637959e-03 8.306068097590661725e-02 6.028705691154979951e-02 6.259300443566241656e-02 6.428537262690173226e-02 7.888240491937500987e-02 -3.381293207047150057e-02 1.421032564896178470e-02 5.936946271153984572e-02 5.278370144257192587e-02 5.908893252337300839e-02 5.233398605843305601e-02 6.144713573280991686e-02 7.161576937876387716e-02 1.221644884723920160e-01 5.137375739037514794e-02 8.163095724888601301e-02 6.771440599373186597e-02 6.475275528977282591e-02 4.940825185633881261e-02 7.627482762904030933e-02 -1.018783906294356764e-02 4.226507922942000089e-02 3.778528543827344710e-02 1.931596046046798673e-02 2.300509153297195658e-02 2.372704405909667816e-02 -2.349408165509668783e-03 3.485107908713417323e-03 -3.822892674099383995e-03 1.117235769200989118e-02 2.659608249153182832e-03 1.899270238791133172e-02 -6.704242824741020457e-02 -3.508228027987621723e-03 -2.083881292918196571e-02 -1.916981844882907626e-02 -3.029080374026897268e-02 -1.584616452005136594e-02 -3.375558176421116722e-03 -2.353722961821139853e-02 -6.695271291633901091e-04 -4.151341871838098475e-03 1.075846649768728500e-02 4.081676484893450446e-02 2.920026108499456166e-02 9.597081552270402948e-04 -1.231435459634086689e-02 1.012366005583958256e-02 3.871369591608023360e-03 6.210098286905464497e-03 5.007431087988060275e-02 2.154690436119714378e-02
1.813442886309890034e-01 1.000000000000000000e+00 5.581708269973192221e-02 -3.670129282068713972e-02 8.319467949569497867e-02 3.673215385823589557e-02 1.040561009761797606e-01 1.046442942462129516e-01 1.979335644582950748e-01 2.371986932886662458e-01 1.079393488465114764e-01 6.820514967706300946e-02 1.422968152136394882e-01 1.035924253871158690e-01 1.351931937601551781e-01 1.499263653961236398e-01 1.814435342150663433e-01 3.721407524019814533e-02 7.112153623030867400e-02 -3.968857076251806199e-02 -1.544898412758335775e-02 1.602427064322137565e-02 8.288263092613047667e-02 1.725835324030858958e-02 4.339636236187759816e-02 1.256709323586729377e-01 1.118844074912419412e-01 1.623010626098470022e-01 2.081385367424465893e-01 1.625742387353626695e-01 1.555957066378052811e-01 1.289612826188878125e-01 1.260171650556128897e-01 8.800486127391736468e-02 1.448208273724109763e-01 9.114372695748745867e-02 1.164827871897110845e-01 1.457389216354753603e-01 1.344071172461666630e-01 5.511683330827186339e-02 1.222774767351468700e-01 1.105742834481024950e-01 8.425115034375671441e-02 1.138686540519229656e-01 9.544683058425093569e-02 1.623337023515077082e-01 1.389229543957113400e-01 1.599008288643204712e-01 1.292926357113140245e-01 9.237912794310551567e-02 1.233637696807328571e-01 7.139263266217822645e-02 1.173268027697123989e-01 1.807947127865562054e-01 1.653154037338226412e-01 1.437114963491747388e-01 1.379359201947554514e-01 1.387426670252678851e-01 1.486959227484965784e-01 1.536543419829235479e-01 1.268881812834674605e-01 1.590497064216560008e-01 1.524151027174605877e-01 1.305007580877307893e-01 1.522452870821765503e-01 1.596123560074250436e-01 1.548800371074734450e-01 1.178810087073061119e-01 1.372824593335799370e-01 6.974001090440019868e-02 8.521190516350024557e-02 1.175330649975410285e-01 9.227610628260399239e-02 9.476982394244282126e-02 1.392767397278789065e-01 1.359866001832799043e-01 1.587253650715542141e-01 1.845346181790854245e-01 1.439748546875842805e-01 1.496712237632949749e-01 1.364032919851106973e-01 1.503536501880639586e-01 1.407134929183506133e-01 1.485093052163381222e-01 9.994735060062026610e-02 1.195926036793409919e-01 1.205721227473876556e-01 1.382795836905027498e-01 1.295012512945039884e-01 1.324494447571744060e-01 1.123484667558892758e-01 1.216491335726917755e-01 1.111615598766868274e-01 1.283181856124459563e-01 1.401363715941858490e-01 1.474394136378505693e-01 8.576182454393169174e-02 1.247830325098268217e-01 1.236540964416378424e-01 1.190946653210561285e-01 1.148194410347253003e-01 1.234530665721328552e-01 1.375724284405609454e-01 1.145950182812076334e-01 1.224852221029089777e-01 1.393064634313380123e-01 1.402502479027765148e-01 1.587741700458496219e-01 1.473036104363839860e-01 1.385014884438112437e-01 1.327564132015594256e-01 1.413652259368142761e-01 1.495406208850613428e-01 1.360875055310829529e-01 1.490013021856141373e-01 1.479859397421598166e-01
1.486041502740157172e-01 5.581708269973192221e-02 1.000000000000000000e+00 2.681244953914951323e-01 1.376723548611740733e-01 1.374508300736731192e-01 2.402403931522702762e-01 2.364299138869580263e-01 3.636149654804329279e-01 2.942726492249270187e-01 3.792921370741831333e-01 3.250801766250479008e-01 2.970370590028115765e-01 2.060186578685558600e-01 3.063093091458392037e-01 2.810050375472918915e-01 4.024020945100036384e-01 4.870923803321319245e-01 4.711341251936637109e-01 3.053216184623142593e-01 4.147482485424882626e-01 4.498242439335257692e-01 4.824154360422718835e-01 4.402404512215351007e-01 4.746402787225886266e-01 4.450098212612212945e-01 4.719894523268687303e-01 4.469401559125748546e-01 4.387900060740737018e-01 4.684865288814785700e-01 4.457734969308404516e-01 4.543820235855318690e-01 4.232436796148866809e-01 4.273880883642503514e-01 4.431115677891290239e-01 4.093256557464874379e-01 4.338420157885720108e-01 3.611117539945389310e-01 4.048670488289968228e-01 3.739732630536017344e-01 3.870617905280823723e-01 3.618888044072147703e-01 3.472585137383100151e-01 3.860244314866021487e-01 3.950734631447002099e-01 3.699461311172744238e-01 3.518333553626775689e-01 3.608428800586345186e-01 3.496155928995413609e-01 3.506014260315353792e-01 3.533693581866216848e-01 3.293172995502335887e-01 3.442725599849074669e-01 3.718185378302909516e-01 3.928689052753833733e-01 4.026932125167836385e-01 3.563627356811261970e-01 3.602627269552233225e-01 3.514782610371712801e-01 3.643800786971844730e-01 3.549726300739929896e-01 3.546057020718576536e-01 3.602662573500276522e-01 3.539734683842803431e-01 4.012686757087411960e-01 3.733541355385456839e-01 3.796563174504364313e-01 4.297034064375239715e-01 4.278243075405894214e-01 3.827786353922289497e-01 4.133357617395223005e-01 4.188232143543902941e-01 4.202187776274586284e-01 4.324283704672987616e-01 3.978491782460782944e-01 4.085843946240889646e-01 3.924857044738687128e-01 4.056180905403707349e-01 3.912304583081846476e-01 4.091810526429690564e-01 4.116256775546338065e-01 3.933512192046760836e-01 3.948934237641851808e-01 4.030217829123562412e-01 3.682704687197044247e-01 3.972941512203466696e-01 3.881638022554809164e-01 3.685376392287315617e-01 3.767125422565680837e-01 3.764098233018358108e-01 3.728747923455938418e-01 3.595536826346791281e-01 3.686616805515033901e-01 3.667839761242842056e-01 3.444691850323172710e-01 3.541472762781858186e-01 3.184904108249350108e-01 3.331638364385691164e-01 3.302624826010083225e-01 3.400959872667496109e-01 3.431947999695705298e-01 3.358706132286565782e-01 3.474961644794702931e-01 3.453341150802681780e-01 3.613628725288778321e-01 3.400789984033655289e-01 3.515597878960782241e-01 3.635017966597001160e-01 3.663218767626615913e-01 3.462924530148535629e-01 3.406685285090093607e-01 3.528120349368247255e-01 3.439073416865229271e-01 3.471242628161982369e-01 3.758028414834150288e-01 3.581732927730863492e-01
-1.543475032700736826e-01 -3.670129282068713972e-02 2.681244953914951323e-01 1.000000000000000000e+00 3.437276858989057327e-01 2.077197019421536672e-01 4.962266081895370662e-01 5.463803833366672746e-01 4.356108197455543785e-01 4.029399658337229906e-01 5.600311229824854742e-01 6.727726742676767291e-01 5.117613855552339830e-01 4.041577168421884303e-01 5.591857781416060824e-01 5.708818480071221613e-01 4.578620262654876649e-01 4.336856626079454990e-01 4.143771457910762068e-01 6.320682342570925760e-01 5.808105632894936532e-01 5.702528276750666869e-01 4.022054459905295976e-01 4.131305564035854805e-01 4.436065176096629092e-01 4.515551313549379109e-01 4.751912983068883878e-01 4.143100139682878713e-01 3.280952021511597816e-01 4.007335890789696098e-01 4.523175982704175646e-01 5.057594308273245520e-01 4.244005048690046578e-01 4.848301330058879532e-01 4.241296574285345899e-01 5.418651395417686256e-01 4.499470579307058293e-01 5.215776033082404339e-01 5.283405439903245959e-01 5.680092700918357718e-01 5.513303525621428003e-01 5.620442880018717835e-01 5.718651713273859016e-01 5.882295287569394571e-01 5.829299264177956186e-01 5.144594480954932658e-01 5.600266489814702542e-01 5.443253211819943926e-01 5.837284801523350275e-01 5.742037881042000302e-01 5.580722752802474984e-01 6.288902581720381413e-01 6.091198606496172063e-01 5.347394195242395343e-01 5.432250956497802763e-01 5.309325977127760110e-01 6.003724959136187422e-01 5.728452613641614732e-01 5.580679979864171525e-01 5.733050025935793048e-01 5.772712078310353601e-01 5.729091876662690819e-01 5.569692000455088721e-01 5.884068639956995250e-01 5.586084943306567352e-01 5.787314084273618153e-01 5.393781480284124408e-01 5.533910974107072445e-01 5.258623456081629177e-01 6.506308380472338726e-01 6.058052465809007359e-01 5.519285342025020968e-01 5.564905728464791812e-01 5.499392804388870681e-01 5.382318916001885833e-01 5.375553204110499195e-01 5.065603697574617703e-01 4.628511259452172122e-01 5.245724684299137852e-01 5.109163521763685489e-01 5.221781118299333446e-01 5.204443491541348443e-01 5.590539806037237991e-01 5.188794433339911638e-01 5.700936966303919995e-01 5.471948857418381662e-01 5.437499968176277010e-01 5.559565588886961063e-01 5.462208735415433614e-01 5.657799914357067861e-01 5.561748681121773119e-01 5.648277228784178705e-01 5.719665381083861577e-01 5.579227954743203322e-01 5.548378921090894034e-01 5.555029611227101372e-01 5.931286937455956254e-01 5.878282764215140288e-01 5.728405066284486535e-01 5.723724644358995084e-01 5.784039260769748836e-01 5.890435660913422300e-01 5.846700337575260198e-01 5.915319445111165697e-01 5.907062192154931557e-01 5.968314519805258955e-01 5.730706950870605443e-01 5.432394605411937638e-01 5.587376578492929680e-01 5.643470043133502756e-01 5.800890812888110926e-01 5.744772059398770558e-01 5.742303355849152080e-01 5.707504510190363201e-01 5.548264408335630282e-01 5.825602862964187612e-01
-3.421611481582560732e-02 8.319467949569497867e-02 1.376723548611740733e-01 3.437276858989057327e-01 1.000000000000000000e+00 1.730450370308658781e-01 4.458325586954964836e-01 4.473941287437565584e-01 4.139044822472889296e-01 3.823110570441217160e-01 4.241632203387836753e-01 4.899863699962615504e-01 4.536143598003544164e-01 3.361352551127170796e-01 4.798173121934868335e-01 4.854386598234471939e-01 3.657091149055257673e-01 2.785841174790422703e-01 2.951832305571553960e-01 3.793815032771288842e-01 3.602581451087253361e-01 3.592169436932738935e-01 2.963103568185598835e-01 2.738505423475973144e-01 3.089660977261461383e-01 3.751804118200550153e-01 3.642218671978903477e-01 3.663112484860179263e-01 3.457232778153432329e-01 3.482922760043129506e-01 3.973671956567499941e-01 3.952239517755552489e-01 3.590679603106819440e-01 3.865428091164817004e-01 3.591276274402845359e-01 4.131703457791147671e-01 3.767482274794777819e-01 4.491525776514209145e-01 4.430456149287810841e-01 4.178278813701144512e-01 4.493174475359524855e-01 4.558196600651395203e-01 4.585533380346510923e-01 4.743239363009598142e-01 4.479280729716214049e-01 4.573765872797316279e-01 4.767044658739535978e-01 4.707081581451770802e-01 4.830169756946443571e-01 4.566674868114849462e-01 4.615528014592161221e-01 4.693973352683765699e-01 4.795769959522906967e-01 4.668562793138361089e-01 4.607480652043451363e-01 4.385737369305141575e-01 4.794472441984147237e-01 4.724043617851384491e-01 4.743068099384648018e-01 4.894698960856586623e-01 4.800799404307739549e-01 4.848009784459262894e-01 4.731584626548920314e-01 4.782922753567502849e-01 4.501252224299880367e-01 4.718376662479266681e-01 4.633465744436132683e-01 4.450585202968369569e-01 4.364913185295967724e-01 4.809950361932880947e-01 4.656603384374669030e-01 4.433311778426419214e-01 4.280065360576325584e-01 4.309524679067176511e-01 4.528825646910480951e-01 4.460745779636370867e-01 4.419443328619722111e-01 4.322278134907415192e-01 4.476062315400872182e-01 4.370515882893217796e-01 4.382725265254942548e-01 4.506874132345800588e-01 4.569549278394768321e-01 4.404701619838292670e-01 4.624251519423021595e-01 4.515063996261257095e-01 4.512692913983664678e-01 4.670025860103978466e-01 4.589717173718204091e-01 4.664617285800607971e-01 4.515084615541897772e-01 4.710294847781562599e-01 4.651538013366095514e-01 4.677840671892681823e-01 4.772177678478869423e-01 4.762765316492585943e-01 4.782687075708142443e-01 4.839505143216845107e-01 4.817051997353427595e-01 4.764207903314689463e-01 4.774284382141356642e-01 4.856973648317002290e-01 4.825893255728729847e-01 4.839933645623847869e-01 4.773955339005245824e-01 4.900482489841336831e-01 4.833844251266573577e-01 4.660698806190295973e-01 4.748665810301916923e-01 4.782499108338248983e-01 4.854040435216198657e-01 4.821220457525187686e-01 4.867171158696555477e-01 4.801316411692946318e-01 4.642647659178201769e-01 4.813943772407036081e-01
-1.001827496364408876e-02 3.673215385823589557e-02 1.374508300736731192e-01 2.077197019421536672e-01 1.730450370308658781e-01 1.000000000000000000e+00 3.453373358662666370e-01 2.662547581427810450e-01 3.228525566095697963e-01 3.019636089625072906e-01 3.169845308755689928e-01 3.432596349833342830e-01 3.267128746687227303e-01 2.387921192174405349e-01 3.529958343871840709e-01 3.444822770049410510e-01 2.992671087710606082e-01 2.301227328927998028e-01 2.570479211724878699e-01 2.643803354326011434e-01 2.638247950867715352e-01 2.853810664501154615e-01 2.606456769505683946e-01 2.714418748307121376e-01 2.750638785341131265e-01 3.050794708325884619e-01 3.009102873466892869e-01 3.045746267608522295e-01 2.821990599034130409e-01 2.870938247767811369e-01 3.325261578866315348e-01 3.274717559555521129e-01 3.011081460129595433e-01 3.242126423814008507e-01 2.902721453784842254e-01 3.388526170848757402e-01 3.209825106299383224e-01 3.424816022943009686e-01 3.421289677461624157e-01 3.337845288188296400e-01 3.505933408009890284e-01 3.559070669402717435e-01 3.498038921171325866e-01 3.582598043994775217e-01 3.498980264802804552e-01 3.526988360001990230e-01 3.606162707738724826e-01 3.633044514677805648e-01 3.633650149044471145e-01 3.376554438292843630e-01 3.571158565143268682e-01 3.318524882328356962e-01 3.545331390970030694e-01 3.579929917913204918e-01 3.567861584707136546e-01 3.507477225737041238e-01 3.598784208773549431e-01 3.604114514872379105e-01 3.628785742541147386e-01 3.585176872937628767e-01 3.642871775388148436e-01 3.673526073498800115e-01 3.574728952988096009e-01 3.631580468953432561e-01 3.448817730031249473e-01 3.502384817849110710e-01 3.600226244620952643e-01 3.529978648051003698e-01 3.499588769196695370e-01 3.639261227073252725e-01 3.574298254827199539e-01 3.545772467291041230e-01 3.515796873973981995e-01 3.462891390957527071e-01 3.549482609578149539e-01 3.609175966607230945e-01 3.539792435500536683e-01 3.467584956563828924e-01 3.515600094798260744e-01 3.530780741824703362e-01 3.538523263574817057e-01 3.542376113793938019e-01 3.590754969646150485e-01 3.525494447345182136e-01 3.564677872235508249e-01 3.557066058871455883e-01 3.581408086834164672e-01 3.638235021135363678e-01 3.611068963921124086e-01 3.635896849604648984e-01 3.602966684846779510e-01 3.668238436091050825e-01 3.607547237723595090e-01 3.618574218078350890e-01 3.656349892761214249e-01 3.669933812874245915e-01 3.668178917555278695e-01 3.579083973553684461e-01 3.684364578542596580e-01 3.676409460835186604e-01 3.629027903927527499e-01 3.665081143511640382e-01 3.627247703593987072e-01 3.682055612694749014e-01 3.614454102241487776e-01 3.678177738695995180e-01 3.681275242607688902e-01 3.630572839559459974e-01 3.650444536426349362e-01 3.661333841766435948e-01 3.698708931132168587e-01 3.669601840021927686e-01 3.681172304759387504e-01 3.645118209948416399e-01 3.603394986705832359e-01 3.626395132973609936e-01
-7.979369266864179411e-02 1.040561009761797606e-01 2.402403931522702762e-01 4.962266081895370662e-01 4.458325586954964836e-01 3.453373358662666370e-01 1.000000000000000000e+00 6.656933933339578280e-01 6.296823119635479582e-01 6.225104971657345887e-01 6.789664695750056156e-01 7.579770975029347380e-01 6.922398509413296708e-01 5.638428608055989777e-01 8.018589594767973061e-01 7.712787740994874186e-01 5.948990973340443356e-01 4.134316771270903357e-01 4.589819393158385830e-01 5.449756319742844468e-01 5.248242559135499752e-01 5.569663336818481136e-01 4.860637354864242310e-01 4.524839455932906929e-01 5.018355035631559824e-01 6.058184758010498605e-01 5.945169787545188100e-01 6.005035295266897277e-01 5.494771268072450310e-01 5.688039393023878176e-01 6.490824417672913516e-01 6.475796674405928099e-01 5.901020883069687528e-01 6.416246744108888844e-01 5.722683266702103255e-01 6.779137092925403563e-01 6.322064046732067677e-01 7.235431657030403363e-01 7.114905028298328382e-01 7.143936247246109872e-01 7.352251877897809651e-01 7.469654990613956436e-01 7.541821910352297653e-01 7.496679635679854847e-01 7.397993589703960593e-01 7.321870729128605593e-01 7.652762687611590620e-01 7.557063638988867904e-01 7.604408255928983840e-01 7.161620617199225824e-01 7.480096262767078619e-01 7.300772693765952281e-01 7.657007150055731293e-01 7.430518011645227405e-01 7.261451855595926208e-01 7.213637229011626850e-01 7.406451812263143974e-01 7.549400425290306860e-01 7.495392061957850682e-01 7.589416161671945771e-01 7.659679489674705577e-01 7.603974393235555240e-01 7.435254282882357568e-01 7.626391141803259277e-01 7.181265008694388552e-01 7.423411474025037871e-01 7.472499519945625668e-01 7.126383482046902973e-01 7.070387501960452292e-01 7.471925378913861771e-01 7.273368148677197276e-01 7.150189433784625015e-01 6.947203330275844024e-01 6.899756582638708613e-01 7.368966593406343080e-01 7.254813710062024690e-01 7.268298345974916197e-01 6.990743108016238549e-01 7.394292603283690868e-01 7.185732447108713616e-01 7.209796810916681009e-01 7.323080220732097745e-01 7.476161373009297950e-01 7.220729859245899052e-01 7.572337477093955549e-01 7.351789189606843244e-01 7.389566829450453511e-01 7.643054802924891256e-01 7.557268074796932300e-01 7.611051318697421575e-01 7.595745339717654421e-01 7.671907888718493274e-01 7.642643899028307430e-01 7.641321715575233320e-01 7.697165777450399871e-01 7.677566417498912221e-01 7.804087641415374810e-01 7.600498445435114325e-01 7.756029256416416828e-01 7.770815542549117660e-01 7.802048864648677418e-01 7.734097396261975232e-01 7.727245713625496837e-01 7.770259414047205881e-01 7.676153106929600733e-01 7.705286278020107016e-01 7.687936580700850397e-01 7.584364618252896761e-01 7.638166681482281284e-01 7.709245025318622879e-01 7.766575980693911641e-01 7.718626615196709784e-01 7.747899765543193595e-01 7.709724014891685684e-01 7.511739972446335178e-01 7.656561370049103088e-01
-8.064762550145122832e-02 1.046442942462129516e-01 2.364299138869580263e-01 5.463803833366672746e-01 4.473941287437565584e-01 2.662547581427810450e-01 6.656933933339578280e-01 1.000000000000000000e+00 6.086015915631803885e-01 5.953439992314648599e-01 6.684198171271180655e-01 7.510853389519599466e-01 6.699510372828010318e-01 5.407723277073703816e-01 7.466134363029751642e-01 7.704307976048359041e-01 5.942731505103541201e-01 4.464542886859261817e-01 4.791273949576494440e-01 6.031382536960190333e-01 5.780255207747040380e-01 5.752842638315317503e-01 4.724115464892422178e-01 4.385618109812415844e-01 4.905553082587640334e-01 5.835073436104717404e-01 5.781783327175260556e-01 5.782636840825312596e-01 5.305796034878106360e-01 5.458749675655293343e-01 6.274547870574935793e-01 6.472840404103354928e-01 5.902917713240871667e-01 6.269746637575337456e-01 5.664299982568495873e-01 6.694279975143476724e-01 6.063790281714779296e-01 7.172305985848781429e-01 7.030370528415872400e-01 6.872344430701418094e-01 7.058461981430989018e-01 7.248252476335683703e-01 7.366456000814551874e-01 7.415357532575047594e-01 7.162137117294008481e-01 7.093996058105734859e-01 7.391488682548620348e-01 7.337633590770731296e-01 7.559951852698288954e-01 7.323509276373729726e-01 7.395911394192359323e-01 7.321567704099560814e-01 7.528834015917541533e-01 7.300933378896878878e-01 7.247519020095185560e-01 7.064544589490330262e-01 7.540804620154606397e-01 7.439093184040742601e-01 7.450649348255393711e-01 7.444638539172097058e-01 7.550126006379923593e-01 7.558174974652682732e-01 7.482126177408077172e-01 7.564702429568299635e-01 7.088029075845574400e-01 7.349201087605118365e-01 7.233818297107468265e-01 6.965489146904778606e-01 6.891357035386719287e-01 7.545648630401672330e-01 7.234560077934580891e-01 6.979449123156681312e-01 6.686305657933320212e-01 6.696914479594668901e-01 7.069782636715992163e-01 7.011154548056379721e-01 6.939724291469205886e-01 6.714501378507689022e-01 7.029605318025969884e-01 6.902586607039434830e-01 6.911869427680815692e-01 7.068361299783187945e-01 7.214621428438844353e-01 6.990216551080766783e-01 7.355158432906557797e-01 7.127540777325213073e-01 7.101757620855133624e-01 7.378959550252598421e-01 7.244397965324212985e-01 7.355475829210467165e-01 7.198692546474315668e-01 7.380587235199730367e-01 7.332242189715544312e-01 7.360527547207367238e-01 7.432632219774214510e-01 7.416776817901156171e-01 7.592614647659635674e-01 7.589500828058949322e-01 7.521561771713330957e-01 7.486801485148303348e-01 7.542969449580729790e-01 7.631946316170622469e-01 7.538180475326389240e-01 7.586004847852075850e-01 7.504209000394784779e-01 7.663658915353577239e-01 7.532283258232890244e-01 7.323593713085170265e-01 7.437295712524846225e-01 7.464994495442619504e-01 7.557174502076181577e-01 7.487656259802942804e-01 7.566015766678182430e-01 7.540668305730207077e-01 7.289286961201606463e-01 7.513157343112295550e-01
1.687989177910228789e-01 1.979335644582950748e-01 3.636149654804329279e-01 4.356108197455543785e-01 4.139044822472889296e-01 3.228525566095697963e-01 6.296823119635479582e-01 6.086015915631803885e-01 1.000000000000000000e+00 7.531048092657081083e-01 7.707334512951719008e-01 7.592683245694302752e-01 7.323865095241940404e-01 5.854782605807103968e-01 7.948908613937601952e-01 7.802275611876049455e-01 8.132211445094420510e-01 6.180919060080974914e-01 6.809197498963776018e-01 4.889771103564374277e-01 6.117945718554137491e-01 6.928425492920338158e-01 7.165589451278706612e-01 6.419661244336750672e-01 7.053845371231995953e-01 7.862993327852596526e-01 7.879332008906951845e-01 8.035651198222724112e-01 7.930282157266755894e-01 8.084013051017282514e-01 8.519030305198019848e-01 8.291955615987059991e-01 7.663762509684650670e-01 7.960896103914688604e-01 7.852148699062866388e-01 7.880934038837724698e-01 8.293932461880052509e-01 8.268145872648539063e-01 8.468151375161042660e-01 7.595100586924965480e-01 8.528773173269369456e-01 8.325137973961087567e-01 8.067917026191171459e-01 8.489325363198525487e-01 8.358509985129357611e-01 8.484011561260108580e-01 8.582389208132342739e-01 8.731513046509572495e-01 8.461825842855063007e-01 7.993319876174609373e-01 8.397373625683849374e-01 7.659596706647637809e-01 8.248231514809277742e-01 8.787203282044167008e-01 8.748075872730968205e-01 8.598095071036655490e-01 8.370177008357436721e-01 8.589422310450270936e-01 8.560602491551164706e-01 8.694080209752201860e-01 8.507893895000271378e-01 8.655700268263657460e-01 8.537064458534692202e-01 8.486499273086273165e-01 8.700057630943806020e-01 8.597822802432025791e-01 8.773365890167719172e-01 8.539013462873693561e-01 8.621500552247466365e-01 8.007949523967398120e-01 8.322679699349939675e-01 8.568326166933495358e-01 8.309943694198093089e-01 8.365309272869470014e-01 8.690190895065385002e-01 8.672688208456155179e-01 8.701414286495510186e-01 8.789293815022685141e-01 8.614036543282656000e-01 8.732602479490232383e-01 8.678062982692903438e-01 8.756323742643747909e-01 8.666484962096722144e-01 8.659775508150983070e-01 8.376935232477598081e-01 8.584126406251709751e-01 8.598869607077345156e-01 8.597227867742467389e-01 8.608040714827971396e-01 8.628409947652693202e-01 8.409011115817951465e-01 8.580717885358795094e-01 8.517541873016558629e-01 8.584517056939028334e-01 8.612651968583264761e-01 8.687720020887365058e-01 8.139706445318758421e-01 8.412291373605315092e-01 8.469167428608979087e-01 8.472774964598817071e-01 8.424571525661763705e-01 8.461736837373124986e-01 8.540385277186335333e-01 8.490426220230571364e-01 8.537109096523546325e-01 8.521128464572719219e-01 8.632258831022820988e-01 8.742724574127603843e-01 8.708472070360150363e-01 8.566507461212734542e-01 8.545200534965212702e-01 8.653690189052324344e-01 8.610872141493561838e-01 8.600807492377146035e-01 8.747025593613734218e-01 8.658019076542137205e-01
1.188330963506789156e-01 2.371986932886662458e-01 2.942726492249270187e-01 4.029399658337229906e-01 3.823110570441217160e-01 3.019636089625072906e-01 6.225104971657345887e-01 5.953439992314648599e-01 7.531048092657081083e-01 1.000000000000000000e+00 7.026107542870470013e-01 7.093889996627948946e-01 6.896726027559852978e-01 5.519762837285518975e-01 7.497858375758742477e-01 7.352759811002324009e-01 7.282738266023569551e-01 5.202128279440274561e-01 5.909535167960530133e-01 4.435551382422820987e-01 5.233944346343989418e-01 6.000755804568955742e-01 6.216034669746770547e-01 5.474330639617781546e-01 6.101751994938856560e-01 7.094860309975117296e-01 7.020905143179492214e-01 7.303374856300538509e-01 7.267319915542638231e-01 7.222017040930860388e-01 7.702856594725270289e-01 7.449580061564812228e-01 6.857893007392779072e-01 7.060773906039613523e-01 6.845042966818459806e-01 7.159301374569108090e-01 7.409770584664070459e-01 7.633957145872579675e-01 7.720388100157151712e-01 7.061691778726838509e-01 7.819272120229594503e-01 7.644732442655854943e-01 7.464899993060389871e-01 7.736407432512165672e-01 7.637031083730834169e-01 7.848356398276310486e-01 7.884519888936066812e-01 8.069501839812225352e-01 7.792935726756808901e-01 7.206085399658960222e-01 7.769538301940712710e-01 6.996725700045062224e-01 7.674184485826278657e-01 8.094273665659325045e-01 8.005472142721126172e-01 7.914866737362228344e-01 7.681255974730247793e-01 7.888762721614310802e-01 7.889939022275305192e-01 8.025503788055342591e-01 7.834807550162170564e-01 7.996041863160556762e-01 7.869184491715294216e-01 7.788229466126522782e-01 7.850792045661590945e-01 7.895068015252394433e-01 8.035093613532348078e-01 7.697073911395239110e-01 7.821600493593965364e-01 7.275443853489999002e-01 7.491761103520364617e-01 7.733965882258129199e-01 7.448382096382532014e-01 7.493377006666601670e-01 7.929401635483552813e-01 7.892910726007783540e-01 7.990736311607380404e-01 8.041656214890789967e-01 7.930291464517291722e-01 7.941213761294342310e-01 7.900163856796474926e-01 8.028591145375827409e-01 7.951261216331527715e-01 7.841484678158321397e-01 7.667062108693708522e-01 7.794284301326607212e-01 7.853007352845247091e-01 7.926647682697952613e-01 7.888628014662517618e-01 7.955649478800033148e-01 7.765476426530563137e-01 7.889285171806091901e-01 7.860737480498093399e-01 7.910948005838733810e-01 7.967354933064957345e-01 8.013130960974381711e-01 7.493327479783983280e-01 7.665876926812662528e-01 7.812349005059773255e-01 7.827799453983270705e-01 7.811928836794717057e-01 7.774927288790238755e-01 7.894146346064776498e-01 7.814979000401822695e-01 7.842838082425120927e-01 7.823944222739687149e-01 7.929490114661251754e-01 8.063474361594418216e-01 8.026031180247511498e-01 7.916726375680465111e-01 7.885488650172597369e-01 7.992135466772321006e-01 7.972189259908837311e-01 7.914653756727909606e-01 7.999068422635673414e-01 7.973889254844491736e-01
3.080821061623555818e-02 1.079393488465114764e-01 3.792921370741831333e-01 5.600311229824854742e-01 4.241632203387836753e-01 3.169845308755689928e-01 6.789664695750056156e-01 6.684198171271180655e-01 7.707334512951719008e-01 7.026107542870470013e-01 1.000000000000000000e+00 8.372325958908668486e-01 7.544175265624105675e-01 5.906274561909407028e-01 8.221204694616109920e-01 8.026490238149580625e-01 7.678122517186111162e-01 6.553136295560972879e-01 7.008028927259353225e-01 6.117975865495229870e-01 7.032372678645599784e-01 7.576695049817083749e-01 7.132717098708956094e-01 6.601330587919218562e-01 7.212159244500842004e-01 7.837035042169919752e-01 7.917152316227954456e-01 7.832685278018060027e-01 7.336264359200873608e-01 7.741752146886999864e-01 8.330057194080497940e-01 8.297173926061808258e-01 7.727638658325995946e-01 8.103221865131134960e-01 7.736329091317104556e-01 8.207498091175763344e-01 8.167246486574002429e-01 8.391117872806652667e-01 8.590618030457849441e-01 8.140820462996674056e-01 8.648003912289581319e-01 8.567039951041559576e-01 8.427151149052469759e-01 8.752683775777315711e-01 8.669257367558685923e-01 8.533243509417872685e-01 8.705888418229472681e-01 8.730297195536834698e-01 8.699367386231742216e-01 8.353982832520226998e-01 8.600352394922954335e-01 8.241103026006592058e-01 8.592726455411450193e-01 8.647345425002593844e-01 8.684067171300144938e-01 8.625839418197246422e-01 8.568470157219200134e-01 8.702149390019909836e-01 8.665262407382376963e-01 8.744651699886597518e-01 8.746262464271395976e-01 8.710565794383753335e-01 8.603842205966993895e-01 8.683920463428114189e-01 8.665960817119755522e-01 8.633854599153492071e-01 8.752157584887437780e-01 8.739208606396098311e-01 8.672760054368209293e-01 8.632052877036957561e-01 8.796851342605226387e-01 8.742317905502414721e-01 8.521707792381466584e-01 8.586056723947772529e-01 8.724944581997697846e-01 8.736007594803354426e-01 8.633601714520395820e-01 8.488393718596083382e-01 8.632956829531913678e-01 8.674570345808853000e-01 8.691164013365449970e-01 8.730208319041895537e-01 8.772860877976607075e-01 8.692308447416596806e-01 8.723898454045592166e-01 8.749760064427472006e-01 8.735251142838862393e-01 8.758318830335044547e-01 8.751338200875125040e-01 8.706561699329666837e-01 8.662732883231076819e-01 8.752021082816970887e-01 8.754664381470333989e-01 8.749664985133236428e-01 8.725501260616838062e-01 8.754586526781422684e-01 8.526105574804452303e-01 8.618956578155207993e-01 8.678378784138726099e-01 8.709888797225148194e-01 8.675883333496197114e-01 8.695190097597903511e-01 8.732879397778071651e-01 8.751876877498611096e-01 8.783039740888789471e-01 8.675519345811960603e-01 8.758863089313309036e-01 8.726280376148490836e-01 8.748021625358668452e-01 8.722665796602191435e-01 8.738553817808438762e-01 8.757219968258560527e-01 8.738737806979876011e-01 8.730909792660809243e-01 8.761109054551527997e-01 8.743449821619819762e-01
-8.834323871669799710e-02 6.820514967706300946e-02 3.250801766250479008e-01 6.727726742676767291e-01 4.899863699962615504e-01 3.432596349833342830e-01 7.579770975029347380e-01 7.510853389519599466e-01 7.592683245694302752e-01 7.093889996627948946e-01 8.372325958908668486e-01 1.000000000000000000e+00 8.015159562393303627e-01 6.364130883889824730e-01 8.870002972016364229e-01 8.832649002568342400e-01 7.491197420703118448e-01 5.906871886300414376e-01 6.335535864475158041e-01 7.044202946373935292e-01 7.297797314703406979e-01 7.583168828344656331e-01 6.465825563384117736e-01 6.132891450190947058e-01 6.753584939679165844e-01 7.442815074327159275e-01 7.531746317264098600e-01 7.294499139429123646e-01 6.631235972680737945e-01 7.120007187536593340e-01 7.944847390369350615e-01 8.080340465877977607e-01 7.275507565189313075e-01 7.863803157047962733e-01 7.197386916667432022e-01 8.384261647052638766e-01 7.808260217677513992e-01 8.579643915390926523e-01 8.606215780141311944e-01 8.553021088620944568e-01 8.844838272145387759e-01 8.932834994200914425e-01 8.965110805868828914e-01 9.083328032881483605e-01 8.988856550677489787e-01 8.668867263062709494e-01 9.112584601764215364e-01 9.029990419009711333e-01 9.175014204314506649e-01 8.759173724659297111e-01 8.975820088330163093e-01 8.992036250865859115e-01 9.247988221549672261e-01 8.909791174640646627e-01 8.869327226957932631e-01 8.724829951425775443e-01 9.117809304374033808e-01 9.088967040064822589e-01 9.045690654740310421e-01 9.145762596276570955e-01 9.198518958652719402e-01 9.165001497310176770e-01 9.003932394463808331e-01 9.175607559506381294e-01 8.849132707791348418e-01 9.043171775886291730e-01 8.951239582634363812e-01 8.776907202725854340e-01 8.655142984838497533e-01 9.241061409885937827e-01 9.088498836929269631e-01 8.828927875864072128e-01 8.623093613714428729e-01 8.632812727495322580e-01 8.853242217031083161e-01 8.793851946488814297e-01 8.666238668516875743e-01 8.337571278775145478e-01 8.763893674796284783e-01 8.638295634328759798e-01 8.722126091886212018e-01 8.786830123287204808e-01 8.985695088175134071e-01 8.671424803971825579e-01 9.031600670261726860e-01 8.876709208520084937e-01 8.902561502359439549e-01 9.046226106917564236e-01 8.981834807042844426e-01 9.073449028277148498e-01 8.966618875951096745e-01 9.120442957039572862e-01 9.128818886966877377e-01 9.068184839964030797e-01 9.138597400447259211e-01 9.129153664238380816e-01 9.154662806002917819e-01 9.125688863984652288e-01 9.178379083306489328e-01 9.157773682286246553e-01 9.212735079186524789e-01 9.245029262676964787e-01 9.249735363002928867e-01 9.288367999217819193e-01 9.244295317776979326e-01 9.261248518206599556e-01 9.181436500697841563e-01 9.016135084203947825e-01 9.103010169276267716e-01 9.168967051796595991e-01 9.251958401782597319e-01 9.215959193629760238e-01 9.237004146147524963e-01 9.167189199663583477e-01 9.032347209755512418e-01 9.225871640573980459e-01
-9.015999745747233299e-04 1.422968152136394882e-01 2.970370590028115765e-01 5.117613855552339830e-01 4.536143598003544164e-01 3.267128746687227303e-01 6.922398509413296708e-01 6.699510372828010318e-01 7.323865095241940404e-01 6.896726027559852978e-01 7.544175265624105675e-01 8.015159562393303627e-01 1.000000000000000000e+00 6.041619296471520961e-01 8.210058664155900354e-01 8.212662059621774757e-01 7.099098344932136539e-01 5.446449134471559317e-01 6.043286044840832094e-01 5.583370683030598469e-01 6.156760272557176839e-01 6.672910638680940032e-01 6.236515812827158056e-01 5.576459775030940813e-01 6.313711531971327728e-01 7.127752673827462138e-01 7.119928985067943694e-01 7.181165719027834404e-01 6.868759978896424867e-01 7.061757126188370481e-01 7.724522744673832930e-01 7.640942737459571754e-01 7.064766754788811554e-01 7.496756260949288819e-01 7.106674591194735990e-01 7.742166920879740566e-01 7.497275921293400369e-01 8.088033154841924866e-01 8.148159689059010224e-01 7.722158090291955101e-01 8.218090362759100653e-01 8.200280499459731143e-01 8.225916412826399515e-01 8.354194060211409534e-01 8.197948360726140526e-01 8.294553717834882711e-01 8.461638610654035331e-01 8.466557458704236927e-01 8.456132978158624747e-01 8.084480564006019110e-01 8.330208065376255577e-01 7.974883541766615291e-01 8.347275837250526243e-01 8.417886823630826854e-01 8.358395721387189559e-01 8.238971028622726900e-01 8.330016323260608369e-01 8.427078443966589116e-01 8.425208950363316518e-01 8.533256106223140458e-01 8.493268790803685242e-01 8.519730383933309392e-01 8.404263881119693469e-01 8.447744759359055999e-01 8.206916082560831160e-01 8.314179492570547003e-01 8.391084831061667026e-01 8.199552111074791538e-01 8.156543890231949812e-01 8.158614610413413848e-01 8.246281831303312604e-01 8.233357289153270253e-01 7.907353430238909242e-01 7.984051737524768821e-01 8.316930662461379242e-01 8.267833240861425237e-01 8.246164191915372754e-01 8.120768307316061918e-01 8.286953241594977593e-01 8.232475560779377588e-01 8.226205649004783016e-01 8.341727897249293644e-01 8.365724984686616628e-01 8.249548744981102244e-01 8.366781400545547642e-01 8.287342057643756199e-01 8.306044313803534473e-01 8.468478813750426326e-01 8.417308288019572649e-01 8.444675233097986844e-01 8.292932255277928322e-01 8.457239295054385098e-01 8.416196199631956754e-01 8.449980420888858479e-01 8.532492571727705588e-01 8.517786629616432847e-01 8.353367230869207516e-01 8.422104295225701920e-01 8.474450831005465590e-01 8.482481631108224063e-01 8.461029983517110997e-01 8.532608791409471705e-01 8.511069168712243060e-01 8.530577180766023559e-01 8.492929706406093793e-01 8.508796869135035745e-01 8.515001850370770287e-01 8.480813839539711463e-01 8.510075355820119203e-01 8.505000499252161061e-01 8.541688916790695085e-01 8.533265645872100125e-01 8.556284147469583878e-01 8.512918046898415581e-01 8.427803903670763042e-01 8.522122514865300147e-01
