1.000000000000000000e+00 7.597191586385441953e-02 2.056162913508856327e-01 6.055765794536510649e-02 8.783699090773179619e-03 3.501905821861337614e-02 2.023575684319760259e-02 4.067459124158792627e-02 1.415935467440239126e-01 3.481213700397084443e-02 6.274541153027056450e-02 2.605512191332454847e-02 1.238206586221699858e-02 2.024818184026608292e-02 2.313106063895187595e-02 3.072802072825256414e-02 9.750923413234767467e-02 2.682887077703877687e-01 1.661100678775984107e-01 2.356524970825759069e-01 2.565952223714539904e-01 1.978484172571202404e-01 2.600876610605215578e-01 2.599360191807088549e-01 2.391910818467124777e-01 1.681715850220366903e-01 1.273556442325543270e-01 1.462065422147946214e-01 1.506972138284137230e-01 1.390255378105300366e-01 1.062541919613668312e-01 1.067180958501468546e-01 1.019939822128395623e-01 1.164664972587027697e-01 1.162448591898226358e-01 6.211040828411072690e-02 1.020420416151155557e-01 6.847604687325972717e-02 5.194189418194717495e-02 3.691896811954356594e-02 5.975457797858645115e-02 5.064053118978795176e-02 6.702776525979880877e-03 5.536025235735677480e-02 5.146866830781687135e-02 4.223820934334217986e-02 1.516553385709644604e-02 4.408868570931060576e-02 3.122399794138486229e-02 4.571558368284239088e-02 4.470691851226313990e-02 5.489717071999003842e-03 1.896679352608177105e-02 7.876110243105557962e-02 1.122358215454856423e-01 1.034002133705732712e-01 8.355109537183431911e-02 5.657958070729590672e-02 5.921669816662646080e-02 5.567681759344726006e-02 2.954214391996770606e-02 3.412686454954003135e-02 4.102143098005536781e-02 2.752514346271397322e-02 5.923855483976205039e-02 4.237660381086470057e-02 3.138313816216627833e-02 7.070010607676024961e-02 6.803464908053649673e-02 9.927120050635183934e-02 8.861381390125458446e-02 8.367441875574418986e-02 9.999222279264297075e-02 1.065896635678449805e-01 4.949012641720781924e-02 6.086752479986486108e-02 4.618294194393185448e-02 7.274785603475732165e-02 4.022439516501093160e-02 5.310461039466295163e-02 3.629933283449171544e-02 3.942112267749604132e-02 5.189545904587435782e-02 4.368481517360545824e-02 3.667823253824648716e-02 5.049615187975887987e-02 3.169201421874490165e-02 2.278288897050759904e-02 1.473397503097855811e-02 5.614931863341277030e-02 2.448537228772570962e-02 1.987788603618718952e-02 2.496118322940405615e-02 1.592067596023671178e-02 6.353649400688887727e-03 2.173941405973246060e-02 1.294363693368917601e-02 2.301823347300232039e-02 1.800894580544797063e-02 1.694062863937519092e-02 4.398968160171265636e-03 1.128764247332522501e-02 1.126017476888428043e-02 1.333006065919603925e-02 1.340951043754167425e-02 3.117891906433718774e-02 1.841614342554117462e-02 3.068442588289514023e-02 3.901586762347437898e-02 2.138124132177494571e-02 2.140422385707030362e-02 2.560997627489147721e-02 1.852536983703243281e-02 1.242210600902357229e-02 4.552361492535832166e-02 2.216579919948974062e-02
7.597191586385441953e-02 1.000000000000000000e+00 6.977462923190430599e-02 8.735262710576065237e-02 6.552176379329986700e-02 6.774915596760044956e-02 1.134367086219209148e-01 1.034070974895341527e-01 1.814996655439337081e-01 2.151206519554220153e-01 1.578508113671606150e-01 1.367333583609356418e-01 1.286969458723377924e-01 1.412590689699388946e-01 1.463082410907242392e-01 1.478527361613448110e-01 1.533911187168932877e-01 1.631900321885055016e-01 1.753750615808943869e-01 1.001371686285481427e-01 1.548748802556973725e-01 1.859583525791013991e-01 1.717841174334941712e-01 1.793125259584155140e-01 2.070647342502883181e-01 1.859407904684430290e-01 1.803697487750643424e-01 1.695672431937454150e-01 1.739470146747704726e-01 2.091575671346855014e-01 2.042500526699460861e-01 1.762051144975863015e-01 1.594307517739015634e-01 1.712632311292075493e-01 1.740614043623992246e-01 1.593208449400342619e-01 1.820419011727299752e-01 1.592409962006971214e-01 1.673868660808899844e-01 1.467077939537647369e-01 1.626827030074857461e-01 1.608727568406996267e-01 1.431992110626544301e-01 1.597195738309868385e-01 1.621781096344407092e-01 1.610781831620045068e-01 1.534680237207393105e-01 1.733073801423973825e-01 1.541159513089182254e-01 1.276999877405109451e-01 1.449998210220436179e-01 9.342729178000176715e-02 1.322035029360215108e-01 1.755254354837595121e-01 1.680270277220401731e-01 1.744676695794440680e-01 1.394843087522636971e-01 1.553571362082743768e-01 1.636305074503972279e-01 1.581718294113212964e-01 1.459053877922787679e-01 1.545903062437324060e-01 1.500269061904077050e-01 1.498741960266964934e-01 1.547470009932217783e-01 1.429260678370775361e-01 1.634186458955133592e-01 1.716633193328142015e-01 1.791608509665624516e-01 1.525195942435283725e-01 1.615591895761966101e-01 1.758650714384481228e-01 1.684374470801898727e-01 1.829650691485859848e-01 1.688333369368583692e-01 1.719177107184889086e-01 1.647070871225115862e-01 1.699745010394258793e-01 1.704179496191383925e-01 1.794434311610398902e-01 1.690390482382629900e-01 1.757498576968180848e-01 1.692617681177795430e-01 1.645968913024810909e-01 1.533893744938992776e-01 1.592960630832166713e-01 1.640576537025809911e-01 1.509000519236450011e-01 1.628854810332943104e-01 1.704943869549867819e-01 1.547610749799907259e-01 1.591979237710957618e-01 1.566758920212724948e-01 1.576821798481896353e-01 1.540535457908328576e-01 1.613304099354307408e-01 1.360537775760736756e-01 1.302302898965344569e-01 1.435346939296137381e-01 1.422401800536521599e-01 1.478515443976364530e-01 1.407853906529976662e-01 1.394068168939035235e-01 1.485268279081845000e-01 1.364248879611101029e-01 1.475517607393721786e-01 1.537825867812643577e-01 1.665137181055026117e-01 1.650278061891604087e-01 1.549286639332700388e-01 1.576460239495146021e-01 1.551261167562666687e-01 1.546434474044332819e-01 1.523701102235081040e-01 1.585754084634684868e-01 1.466068637937687491e-01
2.056162913508856327e-01 6.977462923190430599e-02 1.000000000000000000e+00 3.526654046461207281e-01 1.751006430788828450e-01 2.201201747434134715e-01 3.221483074526967361e-01 3.309866854506215428e-01 3.588877242113062138e-01 2.850116882130410700e-01 3.447612332582000172e-01 3.499585369975677374e-01 2.897539339387583679e-01 3.125370563335478913e-01 3.454251634734089582e-01 3.514594368446477546e-01 3.669387479055806756e-01 4.541636714397647157e-01 4.179896740715366432e-01 4.106789396827277838e-01 4.275539414660098347e-01 4.186738928165337215e-01 4.496542783659665532e-01 4.548933335480246365e-01 4.331163043419450909e-01 4.316503087524420357e-01 4.202173540449988254e-01 4.223859729549410691e-01 3.894826877118247044e-01 4.131818847673751072e-01 4.067955690250900647e-01 4.084360737904012550e-01 3.889182474079806995e-01 4.248213031218966984e-01 4.028154109496785429e-01 3.920374245257147727e-01 4.074066155666757338e-01 3.934702699278451732e-01 3.787415051609495653e-01 3.713556569271310726e-01 3.790501860126495592e-01 3.838492698137795922e-01 3.531897257486412700e-01 3.766476938826674448e-01 3.843395341924123465e-01 3.719229717821721515e-01 3.460005896601484610e-01 3.653604994626538649e-01 3.553947531378972013e-01 3.742311498171618789e-01 3.745145947690058930e-01 3.357298866750882405e-01 3.419848508984040802e-01 3.776945837980135723e-01 3.976734455591154349e-01 4.038890659918069059e-01 3.771565708509565518e-01 3.760268331524970198e-01 3.713853431794755799e-01 3.700115820841781700e-01 3.567567083569726516e-01 3.560997537887144460e-01 3.618459789822085493e-01 3.528998001876954560e-01 3.674072090562901516e-01 3.606956138646147947e-01 3.586338243051718777e-01 3.831604614676240028e-01 3.834479659569104970e-01 4.029199690292065150e-01 3.898465134737582050e-01 3.910531999387103497e-01 4.108878622555459104e-01 4.016374060846867322e-01 3.794533660988814172e-01 3.860494796979929144e-01 3.704518421460061828e-01 3.812527487156092687e-01 3.694291835323713635e-01 3.760587672640243739e-01 3.633159752056097092e-01 3.681638925349959290e-01 3.774858386899804241e-01 3.734849272411148169e-01 3.765574286624994715e-01 3.874781101876585421e-01 3.692300406829471804e-01 3.635912138474091670e-01 3.584068470129487816e-01 3.755458106470817570e-01 3.690635393003872111e-01 3.610221773225942843e-01 3.655800195132829500e-01 3.545711207373254958e-01 3.456868932811492101e-01 3.530059026211403994e-01 3.562610944179215311e-01 3.478003064502259156e-01 3.489677192991538779e-01 3.591070868676068395e-01 3.486294229781762843e-01 3.445048200104229852e-01 3.493685677000282763e-01 3.543998508438651607e-01 3.583575546697699843e-01 3.516910709638217392e-01 3.505645811950073298e-01 3.581230955099027891e-01 3.663947783542491066e-01 3.556376923483089425e-01 3.585629157366511666e-01 3.542708298455414240e-01 3.510829075150221357e-01 3.479014404884168687e-01 3.658762463045332480e-01 3.474851969014051134e-01
6.055765794536510649e-02 8.735262710576065237e-02 3.526654046461207281e-01 1.000000000000000000e+00 3.711673732092690137e-01 4.024003670649244913e-01 5.668799518746927557e-01 6.015394498963586578e-01 5.712023426557722994e-01 4.962059095634387407e-01 5.880089992934712795e-01 6.477938729554635344e-01 5.593214076604998697e-01 5.567160966733823990e-01 6.327249750578438636e-01 6.369301565552081268e-01 5.709435104358243640e-01 5.479331865588868977e-01 5.853472082666997256e-01 5.515543002457458099e-01 5.472545367356459467e-01 5.883832339714126780e-01 5.180788619576774945e-01 5.032138839314173051e-01 5.330011946350952101e-01 6.197363583860768799e-01 6.293354512058121353e-01 6.005908773469094131e-01 5.539579250383003250e-01 5.851679025545590829e-01 6.126204045034746581e-01 6.139722274465669871e-01 5.544266006613189912e-01 6.028184586031539727e-01 5.768416992329212789e-01 6.200644503399898033e-01 6.147672764814412494e-01 6.259283341399607403e-01 6.246176965758760691e-01 6.267908917628018939e-01 6.302967014006592983e-01 6.393659809862414223e-01 6.424312886220846508e-01 6.466140563392819285e-01 6.377748366114530665e-01 6.236000869880300446e-01 6.283719610337799022e-01 6.291911720875346115e-01 6.305638653815671679e-01 6.503516067388003252e-01 6.518782971761098999e-01 6.425615870578084143e-01 6.423793724784605530e-01 6.130062630856675243e-01 6.181560792893908696e-01 6.211847529716869598e-01 6.262401268210013860e-01 6.314825147529642413e-01 6.283771192509632897e-01 6.266579207106709459e-01 6.369867582543160545e-01 6.218329934950552751e-01 6.232086434903147953e-01 6.235215478883965323e-01 6.208614807689244453e-01 6.274343772522427143e-01 6.235127957076533889e-01 6.275673349463495310e-01 6.198101544318832534e-01 6.440525303263404666e-01 6.484055483181131452e-01 6.312146669867294557e-01 6.186108093329701907e-01 6.220548227671316432e-01 6.394225622607304649e-01 6.401349000866045635e-01 6.274156908482989570e-01 6.206964970697100847e-01 6.308510889682488187e-01 6.198431630820261384e-01 6.204978251171348047e-01 6.280521026336852719e-01 6.223911857223324295e-01 6.221272493260890935e-01 6.361990547752842673e-01 6.328159537158017933e-01 6.295180614880665493e-01 6.330867890950609977e-01 6.246571268132551369e-01 6.252007687118014134e-01 6.316791291249328477e-01 6.355773686156954705e-01 6.310033206520350157e-01 6.298616930383436063e-01 6.269262731468587813e-01 6.255965929802141945e-01 6.446348611616606883e-01 6.397747712201873327e-01 6.410374797881301934e-01 6.451878377865913894e-01 6.395676794871416604e-01 6.366335210949685131e-01 6.380405103292936531e-01 6.411561686641598090e-01 6.431665502767108800e-01 6.259153578926851536e-01 6.270708692694781927e-01 6.210631873772336498e-01 6.290979427390882561e-01 6.346245458793111638e-01 6.324837492782060533e-01 6.268670223576611189e-01 6.249510689991043533e-01 6.284659679903037421e-01 6.261706088420745386e-01 6.244309569940789117e-01
8.783699090773179619e-03 6.552176379329986700e-02 1.751006430788828450e-01 3.711673732092690137e-01 1.000000000000000000e+00 2.979302696910333115e-01 4.832414611569854634e-01 4.800430912891223145e-01 4.463428608119740515e-01 4.087090753379771235e-01 4.636827393664814667e-01 5.088513227253088633e-01 5.030342880652183268e-01 4.431087384656917094e-01 5.150376025180781747e-01 5.173788496044406937e-01 4.349041698234467623e-01 3.864706567077523247e-01 4.308737759298156278e-01 3.938528451006864106e-01 3.585088632661617147e-01 4.371101555365191071e-01 3.615873857624025689e-01 3.404387709770401171e-01 3.698168828771183358e-01 4.607293928793669835e-01 4.639354518573941544e-01 4.366636861010380066e-01 4.094468107801420564e-01 4.334842883045234019e-01 4.687627571878278387e-01 4.592435530759513829e-01 3.979237308932985773e-01 4.334222496973171856e-01 4.224066850446937527e-01 4.560729818447386008e-01 4.562294779318143978e-01 4.709567163577602633e-01 4.759524731470353709e-01 4.606772500171739670e-01 4.890182224502666042e-01 4.870224693356799972e-01 5.013989605067701305e-01 4.997814603922160481e-01 4.907088665047533160e-01 4.921210070289518401e-01 5.006774034470756751e-01 4.988516265138945860e-01 4.948047463691554460e-01 4.830485808567049899e-01 4.949164542022884139e-01 5.125590917323216145e-01 5.105983833613531031e-01 4.964242375174137689e-01 4.869821710011977833e-01 4.779685208237353100e-01 4.992375630766914263e-01 5.034142623768292912e-01 4.939391623807669607e-01 5.070752419534446664e-01 5.129617493614041512e-01 5.032990008238441559e-01 4.998778377207395152e-01 4.936292561150961711e-01 5.017407131632893869e-01 5.107478482735557934e-01 4.959365540795286353e-01 4.921285361837067218e-01 4.859447281358539317e-01 4.922796665519345582e-01 4.964058953869007196e-01 4.875957317837379401e-01 4.729018089171089789e-01 4.757559337325647508e-01 4.989227085487221158e-01 4.922246645095775808e-01 4.910944573489624543e-01 4.797933639570011732e-01 4.967958459276612948e-01 4.838809591805570132e-01 4.902989480334125627e-01 4.924676010891768096e-01 4.876832981847498694e-01 4.879466098761078285e-01 4.892753196941565519e-01 4.891379637314228201e-01 4.916531175940809795e-01 4.989395252146651139e-01 4.947313816225866190e-01 4.942287612621742987e-01 4.942812710707275015e-01 5.007162137921236100e-01 4.975163684467091563e-01 4.994130348874264991e-01 5.033119246138177960e-01 5.009281448467004516e-01 4.964124956644546116e-01 5.115404727032057952e-01 5.109224528927345244e-01 5.050788717987869658e-01 5.100915944234269972e-01 5.075711878409885358e-01 5.104219152104354507e-01 5.071266987489336797e-01 5.114357395038603427e-01 5.047293765325314707e-01 5.016695766168314252e-01 4.994951713031935414e-01 4.995858922853290141e-01 5.031712967286227078e-01 5.020827757102030997e-01 5.071478783465563911e-01 5.041950496813203397e-01 5.037696285211932246e-01 5.031840148266812918e-01 5.100535141540420980e-01
3.501905821861337614e-02 6.774915596760044956e-02 2.201201747434134715e-01 4.024003670649244913e-01 2.979302696910333115e-01 1.000000000000000000e+00 5.328950713545462792e-01 5.058413353927371237e-01 5.253404962046965831e-01 4.547648069238653390e-01 5.386081009386272100e-01 5.767386192897888675e-01 5.081946640514169999e-01 5.321931831009109048e-01 5.790332816788801296e-01 5.704579809481512553e-01 5.072166302678056127e-01 4.889629003023651665e-01 5.489261376553168370e-01 4.442214937695238564e-01 4.698796902051101121e-01 5.478292369202003576e-01 4.934203310723479508e-01 4.662698147538551496e-01 5.096539454663850943e-01 5.624545531962077405e-01 5.672199953972112407e-01 5.544405382924739722e-01 5.328221999565224687e-01 5.350088003004795922e-01 5.699826178037193936e-01 5.703257052491572665e-01 5.244971678091564504e-01 5.510016147563117084e-01 5.333745109156459163e-01 5.695586786664886825e-01 5.575598470402659546e-01 5.774218358497898995e-01 5.865581421111525362e-01 5.762156381043401776e-01 5.919097198509776225e-01 5.916552754123509672e-01 5.935875545765716410e-01 5.931332928397584636e-01 5.916306226791194778e-01 5.905630876483042302e-01 5.855457962992290932e-01 5.920025559945525373e-01 5.816978582938248099e-01 5.740750221667419995e-01 5.880266260424692470e-01 5.622678323528721434e-01 5.816987696502085026e-01 5.845134432188364704e-01 5.809136803701653307e-01 5.874632560384260849e-01 5.717137596243636599e-01 5.855480170310173316e-01 5.843148368012649474e-01 5.877032779600412926e-01 5.876835550513718198e-01 5.870492530125765995e-01 5.868963558452844342e-01 5.814384043063486329e-01 5.849924380421536174e-01 5.814746436598013934e-01 5.877206435533419704e-01 5.920271944515306251e-01 5.848097236867615401e-01 5.822842765155420430e-01 5.961255587683212953e-01 5.969353406381836535e-01 5.754439782093870859e-01 5.898032745428126722e-01 5.956164037358598895e-01 5.932354569594157079e-01 5.914075387774078152e-01 5.894337341069613156e-01 5.932337206471975932e-01 5.863553020537685123e-01 5.873449328764928090e-01 5.879432705068513565e-01 5.898006601747608491e-01 5.843261565948167924e-01 5.869810314608908675e-01 5.865834643514539204e-01 5.897666126057927727e-01 5.922950461250250376e-01 5.896340681957532581e-01 5.914099054391313004e-01 5.922736950854851079e-01 5.969626813055883829e-01 5.935462205638267763e-01 5.915842068564632905e-01 5.916486943678171961e-01 5.924384812006180390e-01 5.880179737869574152e-01 5.841996116990515464e-01 5.901830767172671077e-01 5.925795988316637786e-01 5.929467698510338947e-01 5.921792117681046186e-01 5.895573612746286551e-01 5.950180725888826183e-01 5.931038972589309788e-01 5.874321029512377113e-01 5.879082230447746360e-01 5.916995138805655197e-01 5.941420144776204948e-01 5.897688455591268974e-01 5.904154120188598309e-01 5.897189601117525104e-01 5.908099138722749943e-01 5.881572379443563703e-01 5.891514998951156157e-01 5.881692625039092182e-01
2.023575684319760259e-02 1.134367086219209148e-01 3.221483074526967361e-01 5.668799518746927557e-01 4.832414611569854634e-01 5.328950713545462792e-01 1.000000000000000000e+00 7.388348185092580289e-01 7.318123787921814172e-01 6.155307859257418412e-01 7.403168600834650892e-01 8.061562603717424835e-01 7.366356272204873656e-01 7.424139594713663470e-01 8.450726179472514143e-01 8.202664910974236667e-01 7.359089108181933181e-01 6.446519463216214829e-01 7.249907003020806817e-01 6.088920687661122377e-01 5.931837603902389011e-01 7.002306426647746385e-01 6.405520804446649397e-01 6.124371325453422665e-01 6.360300235238752764e-01 7.600156903403695319e-01 7.720893974964621043e-01 7.511038548779953583e-01 7.124819702104570052e-01 7.426670276690559014e-01 7.853582677540532631e-01 7.954635475550356771e-01 7.190223913660770405e-01 7.747954026675878403e-01 7.554683806674954427e-01 7.789903486654362608e-01 7.706920363627273174e-01 8.125134572350822815e-01 8.128986451519898404e-01 8.015617650803116279e-01 8.166934181430952622e-01 8.226701465959022075e-01 8.272971327411760001e-01 8.290416873820984911e-01 8.117151234013042505e-01 8.224910058671999202e-01 8.291629542746289383e-01 8.272148978322803048e-01 8.340233167813336790e-01 8.242411699283476167e-01 8.330741212682717389e-01 8.117177405390929579e-01 8.261685056128176274e-01 8.177988583184037097e-01 8.069361805427618384e-01 8.029950569417383388e-01 8.211655052182829095e-01 8.241731764081856593e-01 8.306840275213542846e-01 8.272606452928492615e-01 8.355500902706487487e-01 8.317800896500304741e-01 8.302781566864889662e-01 8.282335245829927084e-01 8.188448496633803364e-01 8.274370236062088546e-01 8.238941407851017029e-01 8.176783688619138069e-01 8.160178886560807143e-01 8.083186715424802715e-01 8.152049002865617844e-01 8.152828419609253752e-01 7.992896887813043527e-01 7.954571330743931412e-01 8.272392238511681040e-01 8.217734642614225038e-01 8.237340516745546015e-01 8.094025895775774915e-01 8.271155329919376298e-01 8.165263405079076220e-01 8.206448404947346287e-01 8.194236093308086000e-01 8.210889300349857312e-01 8.215201964441080085e-01 8.294373083785013812e-01 8.274020402172205246e-01 8.220858726981777886e-01 8.337185693579979295e-01 8.304676509487445291e-01 8.217751514527192880e-01 8.288542647697580978e-01 8.324952880379080655e-01 8.284057514439836511e-01 8.313425308965145533e-01 8.313220079891451286e-01 8.295806461019502587e-01 8.281523812946350871e-01 8.304801250270045232e-01 8.328244106100423094e-01 8.371845389863850073e-01 8.342372965847524302e-01 8.357419522738299689e-01 8.317623883624376546e-01 8.340835062814655476e-01 8.366758730927463805e-01 8.252577966200413950e-01 8.321525492130713575e-01 8.269098004293131687e-01 8.279515333126752363e-01 8.316023915778800735e-01 8.323057536737709095e-01 8.284439692622651563e-01 8.298439586159073178e-01 8.307744081202893538e-01 8.253323517676105503e-01 8.309703200727988071e-01
4.067459124158792627e-02 1.034070974895341527e-01 3.309866854506215428e-01 6.015394498963586578e-01 4.800430912891223145e-01 5.058413353927371237e-01 7.388348185092580289e-01 1.000000000000000000e+00 6.995405256149643813e-01 6.187238490258204493e-01 7.354791911019582518e-01 8.020628954050983417e-01 7.204973828645420131e-01 7.183637024170427265e-01 8.044272855642004005e-01 8.141004820863504410e-01 7.191470245318816179e-01 6.605030743020395834e-01 7.201854688461414300e-01 6.656575253882802690e-01 6.405745842836475523e-01 7.200334315028471543e-01 6.442064118654713401e-01 6.221784272495164414e-01 6.426063731612344787e-01 7.509202656004738685e-01 7.598531859532910993e-01 7.224635564332708704e-01 6.854997429344749094e-01 7.191584717295688156e-01 7.565119823484521833e-01 7.819337912901820342e-01 7.013341895552832606e-01 7.615166923232212781e-01 7.219312463192528728e-01 7.712389617134339792e-01 7.474747396191419035e-01 7.938559468800693297e-01 7.852032632008648649e-01 7.784399714855193553e-01 7.922755155121602444e-01 8.029694279138620550e-01 8.023032029974215273e-01 8.073639320192358415e-01 7.879254414838772203e-01 7.863763341851022215e-01 8.033319274741559379e-01 7.960129572264256215e-01 8.045149332656432728e-01 8.166425175928604396e-01 8.208337400333352019e-01 7.957018657323237099e-01 8.025877345431907672e-01 7.886810932270588159e-01 7.859757468843244776e-01 7.852571575630751255e-01 8.010294557715816888e-01 8.040662674630293383e-01 8.064838361185540094e-01 8.010003261679947695e-01 8.127727414078222967e-01 8.000828808833365668e-01 8.069501157791708623e-01 8.029227234461780993e-01 7.947273348568729689e-01 8.034768662382575366e-01 7.964564436407927106e-01 7.959662142780169480e-01 7.931490080644850726e-01 8.087006676896034696e-01 8.063475920112650464e-01 7.957482408471715507e-01 7.875829108809968560e-01 7.818721490852299505e-01 7.999972455633643786e-01 7.982023529836086428e-01 7.920389455930730849e-01 7.817167876817001648e-01 7.967028255480204102e-01 7.856501102360927691e-01 7.893296057830523349e-01 7.876521904506181837e-01 8.005903757345005367e-01 7.905595139324201881e-01 8.073330805417776590e-01 8.045707675162045991e-01 7.947780181848759229e-01 8.088599544329492241e-01 7.982196185052501392e-01 7.999289725108519322e-01 8.012079733715782304e-01 8.047694073307559703e-01 8.014202041671897314e-01 7.999570542069210921e-01 8.015585699035715495e-01 7.998440761747641625e-01 8.113313418430035950e-01 8.146612707801300646e-01 8.128734576187495176e-01 8.180445505099851466e-01 8.102574412786849312e-01 8.146648387995715224e-01 8.093413992997657846e-01 8.100855654816071505e-01 8.150570153251422978e-01 8.024060505376128249e-01 8.027976316900762299e-01 7.960011624746669012e-01 8.014057613077114617e-01 8.090393889180897968e-01 8.055761171691206979e-01 8.015895875051666231e-01 8.009143908836748871e-01 8.052369419564469055e-01 8.003816997473363060e-01 8.031397810179897734e-01
1.415935467440239126e-01 1.814996655439337081e-01 3.588877242113062138e-01 5.712023426557722994e-01 4.463428608119740515e-01 5.253404962046965831e-01 7.318123787921814172e-01 6.995405256149643813e-01 1.000000000000000000e+00 7.332214624667010572e-01 8.018306204598385500e-01 8.265017833164872707e-01 7.566100290388130256e-01 7.699454923717407029e-01 8.447343952167278847e-01 8.398424096513034121e-01 8.233310535980723488e-01 7.497888813396693664e-01 8.172507271376676652e-01 6.580900178245324694e-01 6.812804514148087520e-01 7.908670356450921979e-01 7.308521385780362145e-01 7.119386023213907233e-01 7.501573434191539658e-01 8.506069114791963148e-01 8.438463220700201939e-01 8.086911115354313839e-01 7.815353046254699398e-01 8.361045525929056144e-01 8.701176707175288794e-01 8.687706940966501978e-01 7.867986373342081841e-01 8.370115911243045659e-01 8.279944165633340569e-01 8.372911392358887150e-01 8.446413527583571668e-01 8.581576046203852615e-01 8.667114418118713193e-01 8.222873450745792345e-01 8.681117753747219501e-01 8.624591204525220434e-01 8.454605433264670289e-01 8.711585380422663949e-01 8.685725159533250750e-01 8.618521117700265188e-01 8.735470863598358005e-01 8.855462157071128937e-01 8.724194792913666507e-01 8.465825672398145096e-01 8.635839621606855587e-01 8.092086146118900869e-01 8.493623054492792646e-01 8.877633776319455716e-01 8.754660642738593124e-01 8.690620152266724796e-01 8.644760141173862822e-01 8.810612413729923542e-01 8.719234536064365271e-01 8.868930279642356362e-01 8.751408725447463732e-01 8.767036654372774018e-01 8.706249428624258657e-01 8.706372824186617843e-01 8.820257745942157168e-01 8.779709544812983602e-01 8.845835086947123616e-01 8.869299137889338214e-01 8.861205893730818017e-01 8.709096555195715572e-01 8.738691111955113611e-01 8.854851242805699130e-01 8.659480529585039665e-01 8.720125205758942899e-01 8.850377537035742925e-01 8.829772980650198999e-01 8.738566682548525311e-01 8.701192751628170630e-01 8.746834776823955160e-01 8.848773591591487797e-01 8.809315710684095801e-01 8.850480341090490866e-01 8.803084303171052616e-01 8.747025643511512349e-01 8.723060707935003100e-01 8.770784224494603265e-01 8.747220099097867685e-01 8.734119934095985194e-01 8.758095644664277701e-01 8.834519079575133826e-01 8.683873971765804223e-01 8.773458835262857303e-01 8.764369615340052988e-01 8.764185995781341720e-01 8.773735354316780644e-01 8.813916674590294154e-01 8.600731807370846083e-01 8.654772562351020770e-01 8.755188637949361530e-01 8.703537338675535473e-01 8.697610341305707093e-01 8.701390243025038940e-01 8.701870404374819623e-01 8.759474390466339688e-01 8.706713909731653711e-01 8.790043470711612628e-01 8.809239604887802999e-01 8.845343059204212599e-01 8.852768915112133596e-01 8.812306009878594359e-01 8.787302015020578283e-01 8.839211079731477128e-01 8.796983266489480924e-01 8.784465089025457196e-01 8.857615407047552125e-01 8.786621021958512801e-01
3.481213700397084443e-02 2.151206519554220153e-01 2.850116882130410700e-01 4.962059095634387407e-01 4.087090753379771235e-01 4.547648069238653390e-01 6.155307859257418412e-01 6.187238490258204493e-01 7.332214624667010572e-01 1.000000000000000000e+00 7.126473972287413750e-01 7.358688761622891317e-01 6.798509863972277412e-01 7.154533649718517463e-01 7.527006517804000207e-01 7.488141182482371816e-01 7.023924615987757747e-01 6.041235743014207182e-01 6.934395474863073172e-01 5.211330388262227498e-01 5.511369065427957903e-01 6.650316069834346644e-01 6.062478937189553774e-01 5.897007333552743980e-01 6.395770061793384365e-01 7.415102314229753411e-01 7.478326723852342095e-01 7.080598772377789674e-01 6.912874312676340338e-01 7.525890221300184368e-01 7.868561322447781281e-01 7.658656888616323100e-01 6.899710342059272028e-01 7.336447004995225729e-01 7.290054428513519369e-01 7.476256551522831861e-01 7.579173587172866045e-01 7.605413015705166924e-01 7.785691968071516422e-01 7.434202871239167232e-01 7.780498414677801122e-01 7.740457779458822518e-01 7.705406553515544710e-01 7.782539643975131538e-01 7.806560841152132557e-01 7.770666810545733272e-01 7.869925920813205522e-01 7.977508125926000560e-01 7.753709938483999142e-01 7.377691225863988178e-01 7.610416903721178850e-01 7.094288619062601997e-01 7.514903496192788523e-01 7.887417273450068045e-01 7.712548491283990337e-01 7.659209856144777451e-01 7.411007679571214313e-01 7.825773721127025073e-01 7.724711155155384867e-01 7.799413654653725159e-01 7.741203233307911713e-01 7.777218746312750675e-01 7.687784805737574167e-01 7.689462990868350944e-01 7.723055371312274042e-01 7.748820804071284707e-01 7.944082261691409741e-01 7.882869847580957767e-01 7.900878451058135354e-01 7.590002480980824195e-01 7.697269007507945293e-01 7.831346517898228887e-01 7.642943705942342181e-01 7.706737680573487737e-01 7.942371714259963689e-01 7.891257858464166830e-01 7.865577683681805876e-01 7.816274890787764384e-01 7.912803254626061822e-01 7.981600760558021923e-01 7.951086894473193833e-01 8.011693025352387698e-01 7.868237475950030646e-01 7.831336315863687281e-01 7.791493960358938375e-01 7.816738269545340234e-01 7.908060639040911388e-01 7.855288832418584333e-01 7.921267391139514835e-01 7.914970836176854485e-01 7.820584119108910937e-01 7.917713369759851183e-01 7.925116464370508540e-01 7.934363656766052486e-01 7.936495443889283186e-01 7.942334320316613017e-01 7.696589091601973021e-01 7.634539121716870103e-01 7.848473782474923999e-01 7.790447493648791077e-01 7.863319191174881206e-01 7.788417683383057621e-01 7.807427891767599881e-01 7.900670456877405545e-01 7.801998544709179972e-01 7.802806117812903786e-01 7.902204614869213772e-01 7.975035627333598720e-01 7.949394541930699942e-01 7.912165421683323707e-01 7.937831358402599458e-01 7.923348184083139900e-01 7.899638492469260864e-01 7.901635916390437053e-01 7.866459235170641939e-01 7.834443793746117546e-01
6.274541153027056450e-02 1.578508113671606150e-01 3.447612332582000172e-01 5.880089992934712795e-01 4.636827393664814667e-01 5.386081009386272100e-01 7.403168600834650892e-01 7.354791911019582518e-01 8.018306204598385500e-01 7.126473972287413750e-01 1.000000000000000000e+00 8.570599689109832386e-01 7.591281279193505815e-01 7.840453932801494386e-01 8.579492519986359200e-01 8.475610217020649317e-01 7.970472772765541114e-01 7.303264636657190723e-01 8.079221890262138217e-01 6.538886549506808255e-01 6.842275442760024085e-01 7.847450625671558155e-01 7.240848512395939851e-01 7.007498148336949173e-01 7.461647616868190003e-01 8.385815410817218929e-01 8.465024772884366389e-01 8.138445271831897809e-01 7.813672485831349990e-01 8.320001299321212462e-01 8.668625908091259769e-01 8.654052758645559562e-01 7.886356320142139387e-01 8.342876067787651229e-01 8.234056444547240838e-01 8.504890693873816687e-01 8.564306294085878291e-01 8.637334982897751923e-01 8.727267998111607472e-01 8.576078467324722565e-01 8.807051920159424396e-01 8.788901494450768181e-01 8.739859570647807718e-01 8.837357732178784397e-01 8.876880822601644905e-01 8.696816234871499462e-01 8.848656735460297407e-01 8.875576090443341171e-01 8.804729334821967957e-01 8.582260844304109293e-01 8.785972776722094091e-01 8.390553261553815867e-01 8.674633456260248954e-01 8.793681558440596957e-01 8.668645962766696744e-01 8.691386809942069913e-01 8.616701050655101168e-01 8.840292805859303327e-01 8.763541801623699889e-01 8.865009205270141246e-01 8.820178793338457890e-01 8.806270138884548793e-01 8.740286287683995958e-01 8.722700005604334672e-01 8.773026648904050928e-01 8.795491153605957679e-01 8.868447850467811033e-01 8.877362870113892912e-01 8.864201148133946662e-01 8.728169344428928778e-01 8.850989045930771626e-01 8.888917703992148533e-01 8.665198801019995400e-01 8.785489406211532959e-01 8.906764016901184133e-01 8.902053591426269952e-01 8.833087673056769784e-01 8.747614448724828629e-01 8.869442417240365195e-01 8.844426497586008740e-01 8.879432298489809972e-01 8.890638847997036631e-01 8.826059580489814538e-01 8.844351287580876075e-01 8.832783501380507829e-01 8.842229177750420277e-01 8.917583888597285791e-01 8.865539989333578452e-01 8.863315172253807273e-01 8.869708385726314814e-01 8.881967762741649342e-01 8.891562222825977191e-01 8.899660219560121543e-01 8.892568370641473763e-01 8.882731142943341984e-01 8.895838307819253776e-01 8.801426256903632783e-01 8.720615254349389778e-01 8.839069186802888112e-01 8.856850193916833147e-01 8.871948238033207090e-01 8.825417155982671069e-01 8.858140940589688261e-01 8.894416639387168200e-01 8.856632608989080113e-01 8.810685447855629571e-01 8.863856714435601747e-01 8.886788208103072462e-01 8.891852910681875555e-01 8.881840670275953364e-01 8.872910026375350201e-01 8.876388893868084606e-01 8.854239583324161611e-01 8.847677200789390017e-01 8.855572981890381667e-01 8.836435889982861003e-01
2.605512191332454847e-02 1.367333583609356418e-01 3.499585369975677374e-01 6.477938729554635344e-01 5.088513227253088633e-01 5.767386192897888675e-01 8.061562603717424835e-01 8.020628954050983417e-01 8.265017833164872707e-01 7.358688761622891317e-01 8.570599689109832386e-01 1.000000000000000000e+00 8.198977995037480815e-01 8.372827033823666554e-01 9.204483605025677306e-01 9.103556574641327170e-01 8.249670380541234138e-01 7.274913881556719364e-01 8.155538867192962948e-01 6.796899675796344020e-01 6.830486945813102340e-01 7.997384628714442334e-01 7.115667697391830915e-01 6.850808322105210735e-01 7.234935660701891091e-01 8.576186440187906213e-01 8.708789621049805030e-01 8.322635319823316058e-01 7.853330600324842647e-01 8.388459552477323111e-01 8.898244011445630708e-01 8.936116638448843297e-01 8.054510097266711632e-01 8.581063325600354341e-01 8.402559525812786090e-01 8.784060033550594726e-01 8.740553395042048868e-01 9.031880545099287838e-01 9.132871013376966385e-01 8.958111796505813240e-01 9.238066785075934595e-01 9.249309871960500473e-01 9.276339261261914437e-01 9.315472998933886917e-01 9.215324458742273350e-01 9.179260918683305182e-01 9.422396610360586067e-01 9.357271947425856995e-01 9.367755615505940492e-01 9.200662020512427874e-01 9.343728818506396028e-01 9.099769274161727539e-01 9.337082450734639494e-01 9.200885573660417815e-01 9.032220598420119817e-01 8.989671409663076984e-01 9.174177739591385938e-01 9.299776783604176700e-01 9.272479555889237002e-01 9.364085000050844654e-01 9.424085351605406835e-01 9.345016646375350344e-01 9.274651196544010379e-01 9.330697710542250611e-01 9.300079354374540808e-01 9.376221805098676754e-01 9.355980887660674261e-01 9.292012261605991919e-01 9.234958918156039864e-01 9.186203554784865277e-01 9.288174939812190445e-01 9.259029853089750794e-01 9.013506974457735632e-01 9.042919030543780101e-01 9.372887198319493907e-01 9.330481595553238305e-01 9.301281101618130709e-01 9.118653568095507200e-01 9.326072068280675254e-01 9.249816841944624723e-01 9.293826642822751172e-01 9.306808031305822126e-01 9.263881628786970746e-01 9.268601729956938984e-01 9.325908273938031678e-01 9.303016550951666019e-01 9.313225637406549184e-01 9.401904749095387759e-01 9.379052241230511067e-01 9.281627740648840108e-01 9.372469082558418929e-01 9.428895934497479869e-01 9.391538736347077032e-01 9.402459507100638936e-01 9.433776514116115619e-01 9.421027445618413987e-01 9.371829082098603880e-01 9.399501000259257166e-01 9.454012619848924937e-01 9.458838114159511257e-01 9.436330241329830004e-01 9.443675765714638626e-01 9.458011203385132681e-01 9.459235972425634742e-01 9.462071880072457919e-01 9.368648406420219121e-01 9.424294806142894387e-01 9.372611441257135967e-01 9.365229482071942835e-01 9.433674052206707517e-01 9.390423079820502394e-01 9.422416708817328290e-01 9.404980352728555815e-01 9.432308513426140850e-01 9.372349707829805698e-01 9.424965144280401663e-01
1.238206586221699858e-02 1.286969458723377924e-01 2.897539339387583679e-01 5.593214076604998697e-01 5.030342880652183268e-01 5.081946640514169999e-01 7.366356272204873656e-01 7.204973828645420131e-01 7.566100290388130256e-01 6.798509863972277412e-01 7.591281279193505815e-01 8.198977995037480815e-01 1.000000000000000000e+00 7.537461022048097536e-01 8.356788508064164622e-01 8.342909876863431329e-01 7.509467962065752289e-01 6.382278694468863645e-01 7.344773138478298824e-01 5.926088102421640524e-01 5.929847365666436332e-01 7.154462847922385960e-01 6.155958679698882996e-01 5.980613380043054983e-01 6.448574630408470121e-01 7.724406770281990742e-01 7.676110292637154942e-01 7.406418464760153864e-01 7.122221334444953644e-01 7.446869116215935058e-01 7.992756575067797575e-01 8.004783685062397680e-01 7.042126948592238866e-01 7.557745495658164669e-01 7.462052358845252531e-01 7.805091029694960492e-01 7.808555449595770970e-01 8.037556007606403430e-01 8.185463371151183720e-01 7.884898634145866003e-01 8.317932109875378899e-01 8.298462416769093464e-01 8.353603819996371360e-01 8.377552175406651758e-01 8.295823492082025075e-01 8.310846712401951386e-01 8.541219356557590014e-01 8.491146095208043088e-01 8.485038311240299391e-01 8.148337154859687237e-01 8.318213202375530635e-01 8.223379367500857073e-01 8.419151554237129798e-01 8.396595973868105078e-01 8.209034781400167402e-01 8.070847358356189050e-01 8.284992925672639563e-01 8.455479838829903505e-01 8.367164889567318964e-01 8.539564559829730950e-01 8.561371296112588736e-01 8.484103596047151141e-01 8.425562518326842332e-01 8.442772440561935321e-01 8.458208734657821637e-01 8.524945176388599721e-01 8.522960482789309067e-01 8.414002423031482492e-01 8.377506047512282006e-01 8.265425771644456798e-01 8.379741050212212716e-01 8.384585735067967560e-01 8.124929406548667687e-01 8.178115722046195302e-01 8.477805027872494792e-01 8.412645526970583543e-01 8.407989768673932440e-01 8.282119683993973691e-01 8.459234381350069221e-01 8.385535741243892449e-01 8.417394504427306856e-01 8.463595186882263421e-01 8.412553390018431276e-01 8.342667093431537229e-01 8.396508795351850241e-01 8.380848628410840773e-01 8.414481664538834282e-01 8.501055521049162289e-01 8.504182107290739756e-01 8.427761493069596543e-01 8.414441798353905488e-01 8.535841037018061517e-01 8.521958195317598239e-01 8.519130416028081187e-01 8.578695512296441450e-01 8.573236401537791540e-01 8.497221760968937110e-01 8.579317131835175747e-01 8.625104954677738078e-01 8.543188129646875906e-01 8.585374635692701872e-01 8.598893787769570363e-01 8.588460724709381378e-01 8.580885889921463505e-01 8.569778741445925885e-01 8.569593555023127252e-01 8.592036771163653608e-01 8.533592981377513542e-01 8.523382336164266881e-01 8.575234458752398758e-01 8.535940396407947217e-01 8.593833001962328799e-01 8.588178572445480663e-01 8.601378399109047557e-01 8.519293481610120677e-01 8.608512942184550765e-01
