1.000000000000000000e+00 1.072110156698269645e-01 5.928352163472639519e-02 -1.273091123613340377e-02 7.517963993560083935e-02 -2.296661570371926267e-02 4.130908356619584360e-02 3.776715645553233719e-02 1.090757519559508726e-01 3.826709050121569061e-02 2.753246838218906603e-02 -3.887271140316030799e-03 3.624794507872657057e-02 3.868124830209814218e-03 8.686387870724678398e-03 1.103123394547074303e-02 8.639365755791976464e-02 1.338589486685867469e-01 7.832390345790707364e-02 1.446191965051173700e-01 1.261355141031614002e-01 7.310550066182169848e-02 1.155360361031431554e-01 9.909920593137588885e-02 6.942365996434439468e-02 9.229515700573874548e-02 3.559895904040805831e-02 4.941144929153473003e-02 8.707695547268340386e-02 5.508685975013254826e-02 5.528724929374779357e-02 8.647902096740414657e-02 9.442952685211029873e-02 8.874948615074575164e-02 9.446801324186922255e-02 5.431854248295282794e-02 4.387742602942049791e-02 3.798449367142498617e-02 4.448625736092439581e-02 1.539434460128507806e-02 1.602140970788356114e-02 1.639507753081519137e-02 2.150408620677508528e-02 2.681844095778761206e-02 3.467612146661035871e-02 2.012914284161429479e-02 7.565722751635571910e-03 2.102718121367342860e-02 3.132255045699278845e-02 4.987050027105997124e-02 3.668926823398617476e-02 5.688064320571270538e-02 2.661622442706036359e-02 4.484485815791772884e-02 4.462590279797717940e-02 4.826386436777117123e-02 8.935373669543383857e-02 2.574506755865333882e-02 2.302494845121217174e-02 3.358097485719594572e-02 2.509138122031906448e-02 2.915162642623711498e-02 3.933043764992146668e-02 4.784898782727785294e-02 6.508651495959458244e-02 7.198373997419388326e-02 2.594364347926501890e-02 3.617780425127306576e-02 3.764091409811608918e-02 5.368963538904099331e-02 2.904567973130140965e-02 3.562769831379661994e-02 4.711793233266186459e-02 3.680645486948382755e-02 2.683818738817054725e-02 1.709057968235668315e-02 2.303643458625529578e-02 2.520184172557694835e-02 2.196068986331067494e-02 2.669438475006287101e-02 3.207113061230251055e-02 1.926418000039625822e-02 4.140366403927900341e-02 4.869646398644159740e-02 2.491615250939243492e-02 4.049672554403065811e-02 2.849487965590241992e-02 1.772152676225984685e-02 9.920044137631390049e-03 2.785046580854043732e-02 7.437147465238025910e-03 3.955883824052892211e-03 1.089206079960843530e-02 9.221220304206344601e-03 7.358561196487989516e-03 9.215159969056434600e-03 1.007142978614951855e-02 3.843280611498344629e-02 1.184543518546855856e-02 1.053399647190817259e-02 5.536142205129243425e-03 1.511336180402670856e-02 9.471160159606358681e-03 5.302012876291676419e-03 1.820486105081026498e-02 5.502578052132880981e-02 1.753663519606492999e-02 1.973338217975359812e-02 2.341515282817526605e-02 1.581158437751732648e-02 8.240829632374126884e-03 2.102512462789663319e-02 1.296847512175384673e-02 1.733704149033064856e-02 3.596853651017934556e-02 3.459698496852140620e-02
1.072110156698269645e-01 1.000000000000000000e+00 8.180897422999754143e-02 8.606460572654402175e-02 9.735379781600669857e-02 9.031541392236051846e-02 1.535574122447677103e-01 1.456356924911931250e-01 1.691808944365866263e-01 1.593398742796573175e-01 1.350453385445276877e-01 1.291542276346112628e-01 1.217152302068515574e-01 1.031179788957523602e-01 1.500294590580307230e-01 1.381110956230629516e-01 1.443065679627907050e-01 1.751865943587842256e-01 1.728917587741582995e-01 1.640535732345764497e-01 1.378945639395665890e-01 1.545536120315866846e-01 1.860619580289008534e-01 1.815237771679312495e-01 1.709547783002453858e-01 1.709401228571097719e-01 1.523904085992265622e-01 1.773369234605715050e-01 1.691401703305253912e-01 1.620093719699888801e-01 1.603663090377885070e-01 1.743757937444291306e-01 1.673857178678057056e-01 1.540936879609915711e-01 1.431835740072089358e-01 1.483377393326998361e-01 1.628327440454816477e-01 1.550246421057703550e-01 1.533353789565923553e-01 1.598912802482746198e-01 1.536055037361482856e-01 1.518043245747018322e-01 1.570217562334595973e-01 1.512118495709929844e-01 1.535140901520521683e-01 1.489027974008941824e-01 1.396266137979038091e-01 1.479002522211816106e-01 1.505071338710823603e-01 1.432343703945701818e-01 1.527443708594166116e-01 1.260348156172948209e-01 1.306322631881658702e-01 1.602783691140499678e-01 1.629006921636360627e-01 1.574815681586313187e-01 1.619964471627458047e-01 1.455852291988689873e-01 1.494997383248503897e-01 1.473714887864865652e-01 1.505292774939028244e-01 1.506851260335235754e-01 1.432162880887866419e-01 1.474729791434530035e-01 1.401545416279885992e-01 1.555080535114843898e-01 1.455917202191640558e-01 1.593734096981473114e-01 1.595481131241710815e-01 1.566615222671610130e-01 1.495101828519992682e-01 1.513477819239648914e-01 1.685890576393442863e-01 1.594206439831445388e-01 1.538785150377729727e-01 1.530398883541111421e-01 1.559737003899890340e-01 1.571793469156582690e-01 1.569216696071716044e-01 1.573959598038211227e-01 1.581851434719153682e-01 1.494710361010265776e-01 1.544321382900389061e-01 1.576501072295527217e-01 1.501197559619745492e-01 1.530807449384743169e-01 1.520602274976745605e-01 1.517222485366769291e-01 1.455941132384813153e-01 1.537998947960076968e-01 1.507391680520276112e-01 1.466024378694560648e-01 1.445944316069821822e-01 1.442304258024159347e-01 1.405752142510698632e-01 1.456080281156682255e-01 1.542515436307451970e-01 1.475278346697418419e-01 1.477453057119099966e-01 1.452763110911184652e-01 1.472970685179644246e-01 1.457858917922227326e-01 1.397316873172941287e-01 1.438541691521043053e-01 1.409602328078103373e-01 1.573300904908313813e-01 1.483129382115997152e-01 1.483283170656054251e-01 1.519998548083572598e-01 1.459001475513272139e-01 1.464473922215787649e-01 1.456873709152568808e-01 1.457209599644895548e-01 1.437110062742412708e-01 1.411058566914691614e-01 1.460594986473209844e-01
5.928352163472639519e-02 8.180897422999754143e-02 1.000000000000000000e+00 3.253842449932593528e-01 1.880475995662385935e-01 2.149759962001389635e-01 3.417558100061000581e-01 3.370920937665256578e-01 3.059256596367170844e-01 2.864651021195887548e-01 3.642722632902394286e-01 3.521889333766332619e-01 3.107261159729974853e-01 2.950618700848710585e-01 3.636374677568924851e-01 3.439476014190245845e-01 3.413374480948822565e-01 3.501418878397629109e-01 3.589212441533420339e-01 3.509376196126271497e-01 3.877978825637284355e-01 3.996222610918007123e-01 3.576911009264691632e-01 3.466352068551205590e-01 3.638304735395698764e-01 3.909665458531065840e-01 3.717068681201815550e-01 3.852895111402764861e-01 3.843114694657367436e-01 3.776469015628006187e-01 3.792783362047931761e-01 3.742374878801088545e-01 3.399906964788479979e-01 3.621886814509047703e-01 3.519671049872017399e-01 3.565869765512520440e-01 3.603356577957002038e-01 3.585228788509479125e-01 3.542522406611888774e-01 3.522607443478693590e-01 3.652391437287464404e-01 3.635250847091605619e-01 3.642410161016842451e-01 3.762742247726151845e-01 3.784173795572484678e-01 3.574975749133194047e-01 3.534309522539959003e-01 3.577929092233177455e-01 3.494229543490548484e-01 3.579733100354588471e-01 3.618631053419169019e-01 3.792311612149040223e-01 3.639593897858254268e-01 3.693288347390119020e-01 3.729443761591314521e-01 3.639861377443817103e-01 3.657552688651549699e-01 3.660610980465965336e-01 3.572296699420670629e-01 3.599615193334863572e-01 3.603593558472921732e-01 3.592732242927554331e-01 3.612692696331170072e-01 3.522251728300799800e-01 3.638558829532324013e-01 3.645552061099586183e-01 3.592056075585220443e-01 3.707299808348282766e-01 3.667829347933277417e-01 3.827906473666005116e-01 3.820285530638872773e-01 3.784769588383342653e-01 3.720972391828272219e-01 3.815094266442740079e-01 3.712496612763377390e-01 3.645598185194229290e-01 3.639883198133854192e-01 3.697338747288325123e-01 3.688459358202993421e-01 3.620353435882965876e-01 3.653400237519372484e-01 3.662433593858964165e-01 3.673687621164097306e-01 3.591002042914709924e-01 3.659652925551044045e-01 3.641997056156252577e-01 3.675507869923097526e-01 3.600816069666787356e-01 3.585364425578368985e-01 3.668815910502278843e-01 3.616024540713511648e-01 3.598950895979045606e-01 3.633508189715761172e-01 3.609790661190216965e-01 3.526171009154048797e-01 3.529422152065921914e-01 3.647786759348070618e-01 3.685275353389875219e-01 3.634635043109537555e-01 3.631304175235928744e-01 3.627129789748860800e-01 3.621159222244686449e-01 3.616848446725309807e-01 3.617497027417777011e-01 3.668587899285200016e-01 3.629092552996681098e-01 3.575630716742567716e-01 3.578299967218592226e-01 3.631352841684564736e-01 3.587655277869280512e-01 3.616997496447121319e-01 3.574448722305878512e-01 3.601982065627010177e-01 3.567117921172504591e-01 3.634647888579434771e-01 3.622620348603592944e-01
-1.273091123613340377e-02 8.606460572654402175e-02 3.253842449932593528e-01 1.000000000000000000e+00 3.406360699205704390e-01 3.574423050810304758e-01 5.428919039350252884e-01 5.569344621289247232e-01 4.790842517659380517e-01 4.577371653085091086e-01 5.497032643596393431e-01 6.195358592656889929e-01 5.160492048070364213e-01 4.541553387575623657e-01 5.989655452954537607e-01 5.719130548014147442e-01 5.181440181044933979e-01 4.004180906667990647e-01 4.967229895379617899e-01 3.979176369690674009e-01 5.220402456212382969e-01 5.803751551572945422e-01 4.869007849222197759e-01 4.473624189351136371e-01 5.192418290307355688e-01 5.678720191058617139e-01 5.843310950956688288e-01 5.849439490547890808e-01 5.579393514461437054e-01 5.736494175885150648e-01 5.725284204458501724e-01 5.483093729982946307e-01 4.980624913240038754e-01 5.306230864587196949e-01 5.159222018695406309e-01 5.637345519318978093e-01 5.631015943294487291e-01 5.706833746097355053e-01 5.677832668068191202e-01 5.896427434770512566e-01 5.917695163389747881e-01 5.952612292020496021e-01 5.968748691302453446e-01 5.981617849875201509e-01 6.035630895293337961e-01 5.813796415080830782e-01 5.857805217608862414e-01 5.775839315392113926e-01 5.766989431409520472e-01 5.796018720562787774e-01 5.917721242754835353e-01 6.189265957407239505e-01 6.046444574944632722e-01 5.719548873284993062e-01 5.723244529027808891e-01 5.697850729673895609e-01 5.750088247722284773e-01 5.885723874180227577e-01 5.798014328280527430e-01 5.830620638480944473e-01 5.825544211331489253e-01 5.771544655949567559e-01 5.825539033956644852e-01 5.798386036275340327e-01 5.736811577252755034e-01 5.734907198115570814e-01 5.737234737182067557e-01 5.693779318834623071e-01 5.683923911440108556e-01 5.753199795426747754e-01 6.051301025279144374e-01 5.882246164606754757e-01 5.665010233002248929e-01 5.822914441642118577e-01 5.894938385435422035e-01 5.897469100120625862e-01 5.796768180883374866e-01 5.813490267067661366e-01 5.887783353785606133e-01 5.722794976535517941e-01 5.729003591737753531e-01 5.791035881617092596e-01 5.799180332893465462e-01 5.583415102966645671e-01 5.825531898549476395e-01 5.665462635089847376e-01 5.811845479994940389e-01 5.837072992899402513e-01 5.836113286650199683e-01 5.833666749991336387e-01 5.919262588970709560e-01 5.890040995024808934e-01 5.924797432397697072e-01 5.881992317506705703e-01 5.816302980275419587e-01 5.803935899276674304e-01 5.968118126779252686e-01 5.954474898682747819e-01 5.916640993797142034e-01 5.949838360196502141e-01 5.928753380639332216e-01 5.884417838768424280e-01 5.931257033379244703e-01 5.929873639257534634e-01 6.009272889313458377e-01 5.745402603461721158e-01 5.825201221812770225e-01 5.793676506612995825e-01 5.820412833981390976e-01 5.851331250391861305e-01 5.903950011614900184e-01 5.854224307759463564e-01 5.855857105224279158e-01 5.847854475627085602e-01 5.832585528615003012e-01 5.857789961298657255e-01
7.517963993560083935e-02 9.735379781600669857e-02 1.880475995662385935e-01 3.406360699205704390e-01 1.000000000000000000e+00 3.115350487381629563e-01 4.450028469807548737e-01 4.522149271280959670e-01 4.307368876069462282e-01 3.947097661011336744e-01 4.418271179709448715e-01 4.795097496259193570e-01 4.381658565221054902e-01 4.031174095589381556e-01 4.975623829702722212e-01 4.804991657429811269e-01 4.287423877943605799e-01 3.406952875116184831e-01 3.901681823440602548e-01 3.342747453549428927e-01 3.764111438120339437e-01 4.209525862902075977e-01 3.877582801156436720e-01 3.226528757370710210e-01 3.741477813947086672e-01 4.772063907984857023e-01 4.899197298076129470e-01 4.809002673763913549e-01 4.636660540758469895e-01 4.714446802272067027e-01 4.845220568916438486e-01 4.542615163467120243e-01 4.365819019526145373e-01 4.406307633937436852e-01 4.435482669393777666e-01 4.705120578124933894e-01 4.647354279289995782e-01 4.737996801654272838e-01 4.806015869300100940e-01 4.839745341741581441e-01 4.968889092898005067e-01 4.947491278550302241e-01 5.000883149670890537e-01 4.956485569063614482e-01 4.855710774260110774e-01 4.848704449083594548e-01 4.939082692014328257e-01 4.855184447615141785e-01 4.855530816834039975e-01 4.757189226102722102e-01 4.961227684607212862e-01 4.918413320095870178e-01 4.949620308710897532e-01 4.879957812080220059e-01 4.802504472430952354e-01 4.802964081791964435e-01 4.816827063276417631e-01 4.973589467284387777e-01 4.898900651057313538e-01 4.948393321010839396e-01 4.911830571766115372e-01 4.895833219079827048e-01 4.916364709854389448e-01 4.879454518698647658e-01 4.830116077791947737e-01 4.856396421688429221e-01 4.863683726262224560e-01 4.739058290133215112e-01 4.749314503674958998e-01 4.751987344309955286e-01 4.814217993123068307e-01 4.817011114481418166e-01 4.636073876651364278e-01 4.644957695081812776e-01 4.942317372870890235e-01 4.957721522932362346e-01 4.928330519832220258e-01 4.897875854090421588e-01 4.909052399353497353e-01 4.873949094608694410e-01 4.870175071793196309e-01 4.908741020282240131e-01 4.785302244210217770e-01 4.748429914298457066e-01 4.808978440464080073e-01 4.764420594534650721e-01 4.897275875853125404e-01 4.870388004875788601e-01 4.879928135816212764e-01 4.834967021586737412e-01 4.907145832486822234e-01 4.928628237107412491e-01 4.932433699839576247e-01 4.926070229349504004e-01 4.892086295971205812e-01 4.900323481183850860e-01 4.902638238440122365e-01 4.912586335960144046e-01 4.962402575206397715e-01 4.937679654705647292e-01 4.958710905586274920e-01 4.941096651089018632e-01 4.919103772979987466e-01 4.957919985154208842e-01 4.959117134543585825e-01 4.859018240784103160e-01 4.897131330383616699e-01 4.911831353647212461e-01 4.929351140868275527e-01 4.918954512250044986e-01 4.915063022953826133e-01 4.923728474968588897e-01 4.917495733220452747e-01 4.918034884420154906e-01 4.863978917629473431e-01 4.936336258275638156e-01
-2.296661570371926267e-02 9.031541392236051846e-02 2.149759962001389635e-01 3.574423050810304758e-01 3.115350487381629563e-01 1.000000000000000000e+00 5.264986029371220289e-01 4.828459895092162557e-01 4.797803366934487723e-01 4.574973272191734663e-01 5.344177049983933614e-01 5.465469308759319800e-01 5.006047768107773077e-01 4.758192070876661184e-01 5.764519655799885678e-01 5.577369265066319803e-01 5.035128480523772820e-01 4.298512318694226453e-01 4.617733140146619841e-01 4.011628804084577116e-01 4.266010639602018095e-01 4.940236082307857268e-01 4.671849072430112049e-01 4.230545764275855936e-01 4.557973832087265365e-01 5.300841272755903999e-01 5.498980687502461606e-01 5.384447684104415321e-01 5.301436917460571330e-01 5.555009171487055308e-01 5.671384251825599687e-01 5.448184793317356611e-01 4.980420103512154251e-01 5.390351280014064050e-01 5.383908277282847266e-01 5.448671818226100694e-01 5.692252909154731366e-01 5.653534012492089644e-01 5.715661192273135960e-01 5.656786130336991514e-01 5.709915319953429158e-01 5.742808494785031082e-01 5.715401503052105481e-01 5.769452289132832590e-01 5.688862781206006636e-01 5.783349442803845664e-01 5.836799242879802119e-01 5.775008762112268101e-01 5.683696377506185504e-01 5.545784178833723654e-01 5.719177891467134289e-01 5.391137422822055436e-01 5.690325326875431688e-01 5.722898632187143342e-01 5.615205999891892397e-01 5.591837450823420319e-01 5.480065280522629090e-01 5.735507799710428678e-01 5.689007500814737828e-01 5.789081059974841015e-01 5.735955984283552800e-01 5.733220608285829467e-01 5.657261547244507582e-01 5.690682405553799672e-01 5.615320057167924039e-01 5.658392389229719432e-01 5.813330968372086849e-01 5.718227841931746713e-01 5.753500445545671749e-01 5.655281836846069998e-01 5.714218327454484436e-01 5.738386571710170081e-01 5.669377734351881415e-01 5.631651830687407490e-01 5.808659578363867260e-01 5.839425543918219663e-01 5.805801903135294761e-01 5.782978768537636594e-01 5.784032449722097402e-01 5.829413550807640565e-01 5.816067680452836619e-01 5.842342603381724953e-01 5.753769042476349904e-01 5.769372170990220150e-01 5.775832700811049936e-01 5.808068932518617444e-01 5.842149162043237531e-01 5.813919942758017934e-01 5.890046303626133017e-01 5.781858103956187822e-01 5.854673296934959081e-01 5.861985096809233520e-01 5.823154872104674418e-01 5.847977274189688490e-01 5.861210705876878091e-01 5.840240276012796938e-01 5.751328855389850059e-01 5.693599717699090457e-01 5.805302429481353776e-01 5.827100170984358396e-01 5.848933499524439084e-01 5.788223999798495223e-01 5.814537869816239768e-01 5.827706089663404754e-01 5.786266908310068180e-01 5.634997769079710395e-01 5.825007918273101826e-01 5.806809694652774745e-01 5.813458582543497011e-01 5.811152534569891115e-01 5.831352459654074449e-01 5.816079082692026114e-01 5.809696645603852350e-01 5.818390924504390771e-01 5.714036965056200623e-01 5.748671434570016281e-01
4.130908356619584360e-02 1.535574122447677103e-01 3.417558100061000581e-01 5.428919039350252884e-01 4.450028469807548737e-01 5.264986029371220289e-01 1.000000000000000000e+00 7.271510112710720675e-01 7.219938345686356396e-01 6.590748253664669987e-01 7.586550866640715540e-01 8.044573215273341793e-01 7.366178331746853214e-01 6.577190463544546617e-01 8.351610977307970529e-01 8.167524160310064563e-01 7.192790984420266431e-01 6.255883847689993615e-01 6.776621001253908538e-01 6.069414643091259887e-01 6.443881912741751261e-01 7.142931476429744686e-01 7.175479625713938603e-01 6.061218757761026588e-01 6.372685875662335020e-01 7.878059416201659282e-01 7.947559948610735114e-01 8.011694512446344563e-01 7.835529953846458451e-01 8.057570110416371056e-01 8.282946744037732456e-01 8.172267518454392476e-01 7.818072348381606140e-01 8.021949648586612636e-01 7.962299222254881625e-01 7.969441240218526623e-01 8.244909110727766111e-01 8.337610452653684279e-01 8.343711835431297796e-01 8.226080191537321618e-01 8.269289312775726097e-01 8.325882220547674573e-01 8.310018293414660473e-01 8.361287385559487140e-01 8.253242269904464967e-01 8.329430209864366885e-01 8.306197015473756329e-01 8.310401653412180512e-01 8.175729078481502876e-01 8.201663847171750676e-01 8.371166098472799799e-01 7.913902215976326149e-01 8.200074908951867636e-01 8.244867937803752600e-01 8.208055477232023556e-01 8.200065777558122049e-01 7.991045040040455349e-01 8.290038573684292977e-01 8.257625603908403944e-01 8.239850859642353642e-01 8.265889348305409667e-01 8.207732332548250964e-01 8.241806748622040324e-01 8.242811533889009556e-01 8.078112574390817757e-01 8.127492463690396685e-01 8.303562207998925748e-01 8.197198302735160258e-01 8.363571699382845726e-01 8.192298651544909216e-01 8.236052189078253427e-01 8.253329430853644233e-01 8.106308525066865389e-01 8.003378649693372315e-01 8.363693080647861544e-01 8.366555260849857234e-01 8.350613993845543703e-01 8.291409313952889937e-01 8.356293943091349652e-01 8.340341770238092201e-01 8.381615873373455816e-01 8.360673414652318725e-01 8.347952047400455378e-01 8.385610967765513291e-01 8.386674863093451782e-01 8.382728428273537036e-01 8.385922933758096498e-01 8.444584609181540191e-01 8.431789385517913793e-01 8.345742251485881447e-01 8.436135759571462556e-01 8.403621509374842313e-01 8.362498212035093248e-01 8.414748073342667167e-01 8.363324501794009436e-01 8.351140699180618077e-01 8.315788361746487833e-01 8.227306409569977719e-01 8.319428955577581331e-01 8.415203767300699633e-01 8.394041473666856712e-01 8.325698914440859966e-01 8.334584981157099337e-01 8.364094566339466130e-01 8.347258936235829596e-01 8.144335573899788017e-01 8.338808834474435994e-01 8.334803545522745383e-01 8.350684361802633848e-01 8.346814506827300306e-01 8.364941445113481810e-01 8.313603760140656496e-01 8.322209296638409803e-01 8.320639940136433932e-01 8.265238945091736289e-01 8.290804692101283457e-01
3.776715645553233719e-02 1.456356924911931250e-01 3.370920937665256578e-01 5.569344621289247232e-01 4.522149271280959670e-01 4.828459895092162557e-01 7.271510112710720675e-01 1.000000000000000000e+00 6.998478377984260757e-01 6.482810541121736270e-01 7.494209224932409930e-01 7.880714374225981089e-01 7.050212171595915400e-01 6.365029512168014492e-01 8.032725621483786105e-01 7.933226911057066344e-01 7.152037668957014205e-01 6.259590174016537167e-01 6.801686622380150871e-01 5.978632401315451261e-01 6.553675538114851484e-01 7.186046209707848131e-01 7.084864039885119258e-01 6.148286918676283408e-01 6.590491930414729138e-01 7.883945654850543772e-01 7.829568909828777956e-01 7.973878311201552105e-01 7.779490500637411543e-01 7.942785433852331822e-01 8.109103665341548250e-01 7.938388245107502739e-01 7.368259567363905083e-01 7.688094562308802615e-01 7.576104250454855915e-01 7.795339088248351977e-01 7.866219992379209769e-01 8.075930687445758149e-01 8.063616254470034050e-01 8.009595578239552260e-01 8.081249605955624915e-01 8.157408489134366780e-01 8.149761609470007606e-01 8.169671468873205278e-01 8.095249464347619162e-01 8.107418720728865047e-01 8.104416094338585674e-01 8.085939025839523620e-01 8.041888639924107407e-01 7.985162418176681154e-01 8.188062931082518148e-01 7.841826223517064376e-01 8.017751303129884155e-01 8.079121700906863879e-01 8.116487284966641402e-01 8.132910306947113144e-01 7.983643774968649520e-01 8.153621942601640971e-01 8.097526274070777630e-01 8.087421418259514994e-01 8.097811771576340911e-01 8.069287825488914434e-01 8.093342024536617219e-01 8.084136680432594257e-01 7.912321661408114881e-01 8.022061638879610657e-01 8.082972959708922822e-01 8.025100596526825170e-01 8.104648929774783683e-01 8.021598562602463289e-01 8.069677773380214969e-01 8.104050841190522103e-01 7.951585846580232486e-01 7.910178889903091148e-01 8.187924151919815374e-01 8.129389207532680128e-01 8.172960952484846775e-01 8.158156309792700123e-01 8.148794255480813487e-01 8.097281099933526516e-01 8.128358769021866159e-01 8.142285799597865914e-01 8.148055883427091084e-01 8.016340125863052890e-01 8.140274550504040807e-01 8.075619517022049054e-01 8.130783732334443403e-01 8.188551584761870616e-01 8.137908678236331905e-01 8.179839989992112592e-01 8.177894146244283347e-01 8.177947179830361568e-01 8.156913395673736078e-01 8.157542837328609631e-01 8.107176509375374485e-01 8.102743761776116660e-01 8.185593393975729715e-01 8.123971980724977726e-01 8.147985098773213863e-01 8.197003045589952297e-01 8.176576591732169774e-01 8.142009003106950304e-01 8.104680770192259631e-01 8.146846122509793231e-01 8.164253587095993137e-01 8.050900318260157951e-01 8.116320538178110056e-01 8.119651844025627119e-01 8.156940461586538182e-01 8.150885269066383554e-01 8.161756463027494135e-01 8.120897565298442755e-01 8.128835900560347216e-01 8.104515365899916945e-01 8.068928417503454797e-01 8.098617351043178036e-01
1.090757519559508726e-01 1.691808944365866263e-01 3.059256596367170844e-01 4.790842517659380517e-01 4.307368876069462282e-01 4.797803366934487723e-01 7.219938345686356396e-01 6.998478377984260757e-01 1.000000000000000000e+00 6.993071397823972246e-01 7.755400815211482834e-01 7.973840218998046181e-01 7.568053214549054220e-01 6.623963351228012719e-01 8.281781834742222292e-01 8.158385441942573868e-01 7.822768183418761234e-01 6.787920958712027053e-01 7.217649376571955155e-01 6.330975569902929090e-01 6.543576793972349925e-01 7.375699494852592242e-01 7.120692223120601572e-01 6.361332529807035563e-01 6.746649693000886794e-01 8.172632044437131427e-01 8.128053683921350192e-01 8.015023894589777820e-01 8.093368844618987756e-01 8.451366559123113520e-01 8.528823614419989152e-01 8.177853905770268161e-01 7.546593609650490420e-01 7.916082262714109197e-01 7.984322315498980638e-01 8.130345481647001105e-01 8.175201023249063503e-01 8.229560803553692683e-01 8.435206097328683539e-01 7.958103543852819151e-01 8.453747665441395664e-01 8.449826347207805011e-01 8.437227292086296737e-01 8.521937502878964565e-01 8.368252001957352526e-01 8.438562431951738274e-01 8.538344217287463511e-01 8.638065499962012117e-01 8.430326387848851022e-01 8.126243608890533210e-01 8.486645878715447511e-01 8.141466646542975250e-01 8.418297036672753864e-01 8.662059894826306117e-01 8.518437417035139569e-01 8.438538191202645811e-01 8.520714595488185772e-01 8.559171085780959976e-01 8.491979170191290560e-01 8.700080790823994104e-01 8.594800329940809336e-01 8.604174815120069209e-01 8.544178282425675119e-01 8.640938840968722667e-01 8.606723609474834502e-01 8.699822789700182302e-01 8.600446105005936648e-01 8.547575046590919490e-01 8.526226501524161172e-01 8.427341496042062285e-01 8.462925229773269331e-01 8.531880006438735675e-01 8.403156604822681341e-01 8.302835178884709899e-01 8.580391386812270538e-01 8.561342527452583395e-01 8.539777769791820905e-01 8.521653698890523376e-01 8.528563080714921529e-01 8.657973752902393683e-01 8.601023308428984437e-01 8.626802221995439890e-01 8.519948160132966297e-01 8.521119187250827398e-01 8.414840805553981395e-01 8.505946837116036274e-01 8.560854843426869420e-01 8.514486196191953793e-01 8.556716955320597950e-01 8.518466109230484751e-01 8.449347321427990165e-01 8.549981731374934890e-01 8.574489218300016535e-01 8.566815780569133620e-01 8.591977814552389514e-01 8.610398411861041046e-01 8.476745117209349978e-01 8.574825238295625818e-01 8.596923117672000680e-01 8.551176890486080762e-01 8.547232618407020199e-01 8.595696362117447586e-01 8.561224302851944135e-01 8.583791725886918966e-01 8.553226223836962738e-01 8.677878902386239046e-01 8.621679439802008016e-01 8.649857347022820164e-01 8.615269502123548140e-01 8.634173602532887459e-01 8.567546324829190540e-01 8.669530786052089821e-01 8.630783917006191741e-01 8.638555480584677593e-01 8.661441380877561436e-01 8.680295903152441817e-01
3.826709050121569061e-02 1.593398742796573175e-01 2.864651021195887548e-01 4.577371653085091086e-01 3.947097661011336744e-01 4.574973272191734663e-01 6.590748253664669987e-01 6.482810541121736270e-01 6.993071397823972246e-01 1.000000000000000000e+00 6.919288699540410148e-01 7.230171942863715673e-01 6.862747349140635444e-01 6.033379146162966000e-01 7.524156253276865769e-01 7.421255762952609913e-01 6.839142174788536144e-01 5.962551110984402047e-01 6.313113025317595994e-01 5.520547978111750576e-01 5.712649666950394556e-01 6.449326206440740838e-01 6.437581515035334379e-01 5.751044104007393409e-01 5.982300154284810878e-01 7.286579297479387485e-01 7.380033372561213278e-01 7.315941528312545072e-01 7.234135330114120910e-01 7.593867390295148123e-01 7.681067977514987044e-01 7.468679678842545799e-01 6.881239889440000645e-01 7.211806916529744926e-01 7.196257076483104642e-01 7.281793957790024807e-01 7.399516784437596417e-01 7.610797663679486069e-01 7.696012563298506581e-01 7.363378385935537285e-01 7.748889068770904442e-01 7.711458288142091222e-01 7.649146202351159163e-01 7.732421981306130121e-01 7.562186914563150397e-01 7.699387072058597736e-01 7.804690564165281952e-01 7.854390730589467795e-01 7.680679957788065781e-01 7.503693798736312814e-01 7.726875435162307015e-01 7.272348930956182844e-01 7.578935101326350621e-01 7.787304433049323515e-01 7.741426733687509776e-01 7.645988215819035094e-01 7.549685817258345866e-01 7.749199593784951157e-01 7.742447540093125857e-01 7.747487686732063006e-01 7.771513256186873830e-01 7.755273609422920211e-01 7.715742197877378805e-01 7.718302431459389545e-01 7.603797380468120259e-01 7.668421507036889961e-01 7.774112733251090646e-01 7.746392616784900653e-01 7.760774197461234314e-01 7.588727667846978386e-01 7.654623778422560143e-01 7.706996653349810211e-01 7.617249394247481709e-01 7.499942269259680661e-01 7.774537151892342290e-01 7.805140435117475795e-01 7.728167697940014902e-01 7.744041445292006998e-01 7.725342009433464607e-01 7.826307883594209036e-01 7.780675139012847019e-01 7.807221845559478846e-01 7.698877376951764884e-01 7.697213925179074989e-01 7.714936861944238222e-01 7.740146558823399747e-01 7.738612308122500005e-01 7.796766584786326559e-01 7.787403056844133253e-01 7.726768357988169633e-01 7.739937658422275657e-01 7.818932542657733853e-01 7.761962719598315408e-01 7.785460529728751577e-01 7.810775398599753006e-01 7.837959787688374425e-01 7.753745382517824858e-01 7.723330308052618332e-01 7.817406339150969607e-01 7.815711388739289278e-01 7.778072055277133190e-01 7.800047336829581957e-01 7.760322205282105257e-01 7.809935684951544443e-01 7.768346808137719384e-01 7.731054257881058156e-01 7.823584135758134828e-01 7.827583483951102705e-01 7.829234971558816092e-01 7.836872933417221576e-01 7.823240123185153383e-01 7.822645493038291598e-01 7.815574013231391115e-01 7.802313623128481757e-01 7.743201794730700804e-01 7.792030410541530561e-01
2.753246838218906603e-02 1.350453385445276877e-01 3.642722632902394286e-01 5.497032643596393431e-01 4.418271179709448715e-01 5.344177049983933614e-01 7.586550866640715540e-01 7.494209224932409930e-01 7.755400815211482834e-01 6.919288699540410148e-01 1.000000000000000000e+00 8.558224362629405224e-01 7.723956657870957310e-01 6.880417797527398349e-01 8.606388174411055969e-01 8.601031470046398564e-01 7.987457605692397378e-01 6.879606859065952040e-01 7.508524702158985153e-01 6.446725233202580396e-01 6.888732962297610118e-01 7.884957176207280094e-01 7.506497001441048145e-01 6.722077468507466902e-01 7.214571294810050439e-01 8.378291735468527124e-01 8.484701330737932645e-01 8.457308641929667248e-01 8.314898240632028203e-01 8.541442452113640060e-01 8.845431121723020818e-01 8.497632615472735518e-01 7.889504124917817718e-01 8.358850035631333331e-01 8.226380864098992163e-01 8.527236788646611609e-01 8.595815943892195499e-01 8.656621551756689126e-01 8.768206696260809618e-01 8.518535473182689000e-01 8.783068652731208514e-01 8.789351177210149579e-01 8.803627641821292205e-01 8.861715101231529834e-01 8.774406747757536040e-01 8.813823082494985917e-01 8.832752808941780609e-01 8.847902878902503820e-01 8.750052849785731057e-01 8.600069680649800041e-01 8.828420117798291278e-01 8.518041099226689727e-01 8.729196585412103415e-01 8.841226020046242251e-01 8.757996463200670156e-01 8.700719958054664582e-01 8.638433757571813976e-01 8.822202185025075361e-01 8.774726080356697322e-01 8.876638658398156023e-01 8.870669999137453798e-01 8.800525446460153445e-01 8.789341424619278031e-01 8.838121799411744473e-01 8.775174273050961871e-01 8.774597174679561462e-01 8.877686023753426081e-01 8.818955828123463681e-01 8.835054801581255779e-01 8.683447302085528507e-01 8.822327868277040075e-01 8.875600099908758089e-01 8.710249329770635152e-01 8.671091051853575538e-01 8.894258493720991199e-01 8.873415920465522744e-01 8.866879064627277707e-01 8.854621197293877088e-01 8.852598854003727036e-01 8.865059209519351446e-01 8.858956384452731925e-01 8.904624479330033315e-01 8.868178838468908642e-01 8.751016197769255767e-01 8.838209974262430935e-01 8.835896669129879033e-01 8.899468407902376699e-01 8.884252563287557969e-01 8.887547974311729160e-01 8.868331513284647416e-01 8.898522580253430680e-01 8.900474506330756652e-01 8.896870188394436774e-01 8.907427219979062727e-01 8.884980511537690084e-01 8.885996344086217746e-01 8.856539945669106295e-01 8.842474065638287195e-01 8.881574016825360962e-01 8.904373387317016109e-01 8.900438829454841994e-01 8.884002518456063369e-01 8.860195950471724258e-01 8.888910501760728389e-01 8.898511936796192900e-01 8.773408637798209009e-01 8.892606388170054554e-01 8.900022345755301822e-01 8.919789004241607255e-01 8.888603629845767129e-01 8.872633205123591216e-01 8.902558275843732716e-01 8.876996684486561096e-01 8.889160634962861574e-01 8.890735777810022666e-01 8.876726090413106229e-01
-3.887271140316030799e-03 1.291542276346112628e-01 3.521889333766332619e-01 6.195358592656889929e-01 4.795097496259193570e-01 5.465469308759319800e-01 8.044573215273341793e-01 7.880714374225981089e-01 7.973840218998046181e-01 7.230171942863715673e-01 8.558224362629405224e-01 1.000000000000000000e+00 8.136124888273412736e-01 7.345046461228127432e-01 9.177810283844382022e-01 9.084804421506647021e-01 8.061955375085401165e-01 6.691806300329472545e-01 7.501860765304019241e-01 6.408588908551610119e-01 7.077142675541550076e-01 8.104530873432365112e-01 7.534732366438038342e-01 6.614665686133510691e-01 7.212943258427245707e-01 8.684271141366092239e-01 8.872970834756795933e-01 8.773725163196298693e-01 8.560641989066938295e-01 8.937235137469153878e-01 9.148793204960576908e-01 8.804671280934542876e-01 8.134922508404863750e-01 8.574597450118148778e-01 8.526361592234202869e-01 8.780787913918750576e-01 8.919399363882999365e-01 9.082712725600425863e-01 9.136256921925804964e-01 8.949851690796121195e-01 9.204493232021231375e-01 9.239283540150253771e-01 9.249634877546467626e-01 9.319856189868869212e-01 9.153441742421721816e-01 9.251831102944537699e-01 9.319358626358488218e-01 9.297595010466020993e-01 9.207635299058791745e-01 9.101177120042815982e-01 9.304390836148136446e-01 9.068524018227777095e-01 9.236503066560617370e-01 9.239844955681422167e-01 9.169867092375234563e-01 9.107430497717979856e-01 9.053887272426011101e-01 9.294382405774718192e-01 9.260484651862588290e-01 9.319057183531217481e-01 9.325617046982013214e-01 9.273454976322459409e-01 9.266376538051799283e-01 9.295603862265211514e-01 9.120464447357645721e-01 9.203815431008617320e-01 9.292855017294665565e-01 9.155882755453242927e-01 9.199540270193713454e-01 9.067315136049911573e-01 9.238449356719734551e-01 9.243391586477898159e-01 8.974059975311042825e-01 8.969369942088091241e-01 9.312137321032634141e-01 9.324867915964442089e-01 9.282214011298467460e-01 9.249236642302947065e-01 9.298932132897680392e-01 9.290878957389817616e-01 9.239824570170136475e-01 9.347706041002953326e-01 9.210333328184946433e-01 9.129591082666085322e-01 9.236048170275550362e-01 9.195466546760044935e-01 9.276947110347654180e-01 9.320316479014556510e-01 9.342979105897787351e-01 9.269636159636773787e-01 9.316374383647516577e-01 9.372685010382471038e-01 9.347717035014428966e-01 9.358770432011038753e-01 9.358363697125877678e-01 9.346037127459222438e-01 9.319780266122486001e-01 9.332699451545816149e-01 9.365674506531938004e-01 9.388808833079504979e-01 9.371430666523262731e-01 9.370714171817495775e-01 9.366704238875467325e-01 9.383162450358114581e-01 9.390591375925465556e-01 9.222826957143311910e-01 9.351252231967871476e-01 9.345695950279373498e-01 9.347410288329929262e-01 9.358943889958654117e-01 9.367058120260841614e-01 9.363425221580209401e-01 9.352449579854873463e-01 9.355053189328028651e-01 9.306587752683690429e-01 9.348028740640339507e-01
3.624794507872657057e-02 1.217152302068515574e-01 3.107261159729974853e-01 5.160492048070364213e-01 4.381658565221054902e-01 5.006047768107773077e-01 7.366178331746853214e-01 7.050212171595915400e-01 7.568053214549054220e-01 6.862747349140635444e-01 7.723956657870957310e-01 8.136124888273412736e-01 1.000000000000000000e+00 6.761886134784614866e-01 8.394569236246817168e-01 8.357623929242948835e-01 7.573813326548591851e-01 6.340115420251897227e-01 6.921774354050992395e-01 5.934325173804474440e-01 6.434025075524457682e-01 7.282485610264228804e-01 6.982102014102113952e-01 6.090397212773472901e-01 6.527589651021545869e-01 7.999775892236580255e-01 8.130906777495298110e-01 7.927975825744235649e-01 7.777308109944744974e-01 8.276954694985422245e-01 8.459885783164201589e-01 8.096975366049006251e-01 7.528524832970718839e-01 7.936297626005323069e-01 7.917334423365287588e-01 8.119211206730098107e-01 8.207511470505123308e-01 8.315030986318873163e-01 8.470154029873262491e-01 8.108473085142496872e-01 8.491612940695050238e-01 8.465346189034692603e-01 8.486673592422270263e-01 8.543091125850049705e-01 8.418078315999465433e-01 8.510284592091387212e-01 8.610914534104190388e-01 8.631482763558969706e-01 8.392741542805904897e-01 8.203712013764942190e-01 8.527530765213898745e-01 8.223215025627689245e-01 8.451671038057998464e-01 8.552265019828299009e-01 8.475365684592107707e-01 8.425201815968474950e-01 8.286427302814596274e-01 8.584224922797509816e-01 8.473387343457327026e-01 8.636272823742903171e-01 8.579845956662732753e-01 8.529604372202207463e-01 8.514233980266060486e-01 8.570245643599184726e-01 8.480108505093542082e-01 8.532775425607267428e-01 8.633441478160911453e-01 8.477010947697392051e-01 8.517890524161607635e-01 8.342389861518999528e-01 8.462651877678227796e-01 8.522139962631425369e-01 8.298384360484590827e-01 8.263924069683604712e-01 8.590897324820436776e-01 8.585421548175671269e-01 8.511868014014024597e-01 8.469004786221072667e-01 8.518768569985711858e-01 8.599705876418290984e-01 8.569760585964908417e-01 8.623098640702037132e-01 8.504502381483421969e-01 8.509154718038854925e-01 8.467814565593532183e-01 8.521403333699157923e-01 8.595848690337594133e-01 8.591054621721841977e-01 8.611495877189473402e-01 8.547517100913684107e-01 8.565819244241449359e-01 8.622864998476116316e-01 8.621480967978055743e-01 8.651116292939081687e-01 8.645985096771083844e-01 8.656988742868571007e-01 8.495421726990477485e-01 8.517247822675475533e-01 8.604222541677212233e-01 8.617351464108492509e-01 8.617391992328248262e-01 8.623467455403861504e-01 8.619989957055246288e-01 8.644050816976569518e-01 8.619438521822299082e-01 8.544642387437695330e-01 8.615369202335968479e-01 8.666845567971415143e-01 8.647449555924708875e-01 8.648933539556682426e-01 8.618647936873794491e-01 8.669958219779186903e-01 8.635231054321511612e-01 8.634786383403194598e-01 8.615730223383190056e-01 8.654175091429550104e-01
