1.000000000000000000e+00 1.607542384466588703e-01 1.206074920105766335e-01 -6.449574799220494925e-02 -2.694370053556194647e-02 -4.995979735498922401e-04 -4.549224964645674774e-02 -8.081745666096337710e-02 1.991209562296892277e-01 1.036679371283692613e-01 7.046923791733845921e-02 -3.360514486570906345e-02 -2.401556342249405035e-02 6.452642622285414790e-03 -3.497343700778465792e-02 -3.386341345289027582e-02 1.280272350082872213e-01 1.520536887042866769e-01 1.109459414851363818e-01 -1.453210069726794916e-02 5.368155408404197415e-02 2.442228883433852915e-02 1.305863875580446642e-01 1.109351949647609803e-01 1.301317694311247830e-01 6.594350930332187888e-02 9.680961554181256867e-02 5.489225073494743284e-02 1.726244614004980582e-01 1.190921681288947681e-01 1.083798302161795429e-01 3.270497481113469884e-02 2.207596960492940602e-02 -2.228010543614136751e-02 4.473387502271609917e-02 3.263017674062727944e-03 5.804446659196073333e-02 -4.617928739615392852e-02 -3.087375629245128067e-02 -9.279437534698188605e-02 2.586437310259599373e-02 -1.673236369710251123e-02 -8.114934791859854113e-02 -1.175855186253955617e-02 3.706053571290731470e-04 -7.056343009337275388e-03 -2.907718605940053016e-03 2.788006511353981198e-02 2.430963079216552549e-03 -3.599039087813987042e-02 -2.074967263997115619e-02 8.041565466455572603e-04 -6.405055903322889356e-03 5.426686235463930308e-02 4.743973846145035228e-02 1.317206530602815784e-02 4.037564581300354810e-02 8.686762597808549841e-03 1.557325820546507679e-02 2.788911033914249701e-02 4.091906842334115842e-03 2.089502996754703801e-02 -1.163331578932116223e-02 1.749523797577520528e-03 9.072495275375441759e-02 6.043137509596662599e-02 2.702831115311387505e-02 4.419330232410202675e-02 3.197534715529779664e-02 -4.563031959545276947e-03 -3.386793885323082995e-03 3.629749648230595760e-02 3.934437341544613775e-02 5.080946611707210653e-02 2.595246743905892453e-02 3.396272002304802362e-02 3.976251333362147006e-02 7.651834752807319673e-02 4.179879378474946755e-02 6.831735077102565890e-02 4.900826141675040243e-02 4.833858584540676878e-02 6.067539631734723132e-02 3.893052615792304966e-02 -2.433441803815585697e-02 -3.694241977625561252e-03 2.044983445980322681e-02 -1.170965343922002362e-02 -4.746044861027719219e-03 4.570286747751989981e-02 -2.077463558762525711e-02 3.901074740104688073e-03 7.569304221431575989e-03 1.432905851085482414e-03 2.527223534057199388e-03 8.745975507453830275e-03 -1.448796538251883106e-02 1.706098318363983082e-02 1.342865158294208631e-03 1.142658605146017886e-03 -1.688925241974045810e-02 -2.705058870687242559e-03 6.078229153794162398e-03 -8.459629891978610525e-03 6.883490203996241695e-03 4.360646437550334820e-02 5.127674145618485593e-05 2.156729481672452556e-02 3.824042962179875077e-02 1.728211431673673526e-02 1.536641877991573590e-02 1.913879865246042103e-02 1.929592040098742842e-02 9.476540696965875948e-03 5.713890324323220998e-02 4.250123207664523173e-02
1.607542384466588703e-01 1.000000000000000000e+00 5.768253822251502572e-02 -5.663277589081427976e-02 3.227389879315119975e-02 3.438284221579416405e-02 6.438631741542374942e-02 4.937944387724924750e-02 2.285717076738967013e-01 2.152127128321658089e-01 1.340637847574642216e-01 6.872491425289789513e-02 1.223526576886346112e-01 1.058819783238833523e-01 1.089077163954922933e-01 1.028878753427647091e-01 1.520458558692225903e-01 1.311595584825166472e-01 1.352781985092551542e-01 6.311995990638473442e-02 1.134339893708548146e-02 2.605544064223606557e-02 1.823864158886350506e-01 1.097720492449989621e-01 1.170781884579244203e-01 1.525521673085836749e-01 1.241329494453598109e-01 1.541095347608361088e-01 2.062381929585898055e-01 1.581254586253092176e-01 1.565383708748328828e-01 1.443980368609478204e-01 1.459612761793030733e-01 9.240567863812537697e-02 1.497772033401223724e-01 1.084598709932799027e-01 1.544361554548509541e-01 1.089550672847285212e-01 1.018097137277895470e-01 8.410649237891017205e-02 1.610772760870579634e-01 1.425811353963121475e-01 8.509669036771315420e-02 1.183495719957957659e-01 1.136319415919449238e-01 1.267227250406844918e-01 1.475430322875782019e-01 1.704545194304953881e-01 1.187467429652108164e-01 6.760778905274111850e-02 1.152451809263872196e-01 8.313233115378275417e-02 1.011112154842550431e-01 1.866307623533818294e-01 1.757449691478450982e-01 1.622285616979929623e-01 1.302182283976958399e-01 1.578507428024727710e-01 1.568968678965555474e-01 1.541128993588490315e-01 1.305528390267214067e-01 1.484963135716333704e-01 1.132888566805691360e-01 1.206019586727194309e-01 1.609720928875095769e-01 1.592664253345533465e-01 1.474550467663106323e-01 1.464762671392115523e-01 1.514106878750933471e-01 1.205041296560317443e-01 9.065925341465394527e-02 1.421122481216609834e-01 1.407583417701732120e-01 1.376376038988680883e-01 1.532862284552786447e-01 1.514160654805360995e-01 1.625880701870589529e-01 1.774589440665000351e-01 1.545818874138662202e-01 1.711357260146375847e-01 1.576795535895908762e-01 1.523777623475268961e-01 1.712809284041862112e-01 1.567523268863318386e-01 1.157182302985745176e-01 1.256534634876786405e-01 1.407945090846387526e-01 1.360470549500469861e-01 1.245496691929218608e-01 1.893728802801314393e-01 1.289287327504396452e-01 1.462157206903604845e-01 1.393334450543346203e-01 1.361979164755368621e-01 1.450845964494293094e-01 1.523784886071243572e-01 1.075602228829921764e-01 1.224090981120920657e-01 1.341569460574067174e-01 1.391400251122331122e-01 1.258681161629774115e-01 1.246658142437079564e-01 1.357687055984624080e-01 1.291130516384246252e-01 1.252805711550151746e-01 1.637073600824618391e-01 1.365557311919057826e-01 1.692919688919509447e-01 1.746791249548830249e-01 1.539565501524217950e-01 1.557208651426562618e-01 1.527438784993376264e-01 1.578955063523566626e-01 1.392965819112975678e-01 1.634475106546035839e-01 1.622521086429292714e-01
1.206074920105766335e-01 5.768253822251502572e-02 1.000000000000000000e+00 3.643106717307905140e-01 1.023579379871432521e-01 2.830047305223668541e-01 3.588564374819071534e-01 2.494566065964264889e-01 3.507954101081144915e-01 2.543887542180900962e-01 3.923170662203914749e-01 3.426556489070498035e-01 2.985856219019623614e-01 2.976466508281102041e-01 3.365588099911367981e-01 3.106988189067426132e-01 3.777473564759494806e-01 4.640187386204682740e-01 4.556844045095334583e-01 3.848581270200186477e-01 3.976543866397875271e-01 4.192472304685246898e-01 4.824261575593500329e-01 4.528219393607621490e-01 4.623454966429345614e-01 4.726621178097331066e-01 4.425687620589611737e-01 4.333445308834382170e-01 4.555267289892572236e-01 4.541143837023712271e-01 4.337362646257909571e-01 4.386072525978269576e-01 4.093918931002121231e-01 4.114696966255773081e-01 4.112478840923290968e-01 4.062110400063171922e-01 4.239641303507861170e-01 3.470531744621247472e-01 3.885584565037571991e-01 3.352796708885783517e-01 3.631934370149200730e-01 3.419143714967626813e-01 3.142395695947958201e-01 3.590109510084675271e-01 3.943397082844429802e-01 3.623994812729099957e-01 3.155046351388109405e-01 3.330785755980737450e-01 3.170272984302459629e-01 3.069947796097144410e-01 3.326272239246373941e-01 3.041915353127464527e-01 3.133570692939985358e-01 3.422985921197005399e-01 3.458961499812449603e-01 3.827142755285115050e-01 3.176049614418763323e-01 3.133869964980138256e-01 3.188501488148514085e-01 3.254325224109728687e-01 3.164492196566003335e-01 3.188216326413407797e-01 2.949613413864732303e-01 3.054473288958156063e-01 3.489555930376769810e-01 3.344887503295206344e-01 3.414852573258585489e-01 3.821785933926143963e-01 4.023203643156301190e-01 3.895032466581975217e-01 3.819537120553981868e-01 3.802916201767068682e-01 3.979103564358855150e-01 4.073115050910907087e-01 3.679028384274847241e-01 3.655202711308220276e-01 3.705815448336460816e-01 3.793528497929864463e-01 3.736172664508423669e-01 3.772658288037007979e-01 3.827694684803417680e-01 3.800836484937302195e-01 4.048775035472116923e-01 3.646462674682290350e-01 3.575493921657122431e-01 3.723323016593451107e-01 3.783519061137513018e-01 3.422381023943649181e-01 3.668966945799843615e-01 3.595357652460918207e-01 3.701670689148529592e-01 3.425648767234578118e-01 3.587115283782984498e-01 3.575716981348492363e-01 3.285934719865892806e-01 3.255488934714012572e-01 3.206181989247284814e-01 3.205432706489879102e-01 3.280024604227019802e-01 3.374069805692492263e-01 3.311453473792885793e-01 3.218833707909055653e-01 3.277039268493977531e-01 3.269291501331726968e-01 3.457315323684975183e-01 3.283263446636440763e-01 3.361535959255802508e-01 3.327580100356561932e-01 3.456285174071839217e-01 3.252723267534566864e-01 3.335941099916910901e-01 3.253833970839482559e-01 3.258487291570159594e-01 3.262319782964005488e-01 3.483978876892696586e-01 3.316737998280483435e-01
-6.449574799220494925e-02 -5.663277589081427976e-02 3.643106717307905140e-01 1.000000000000000000e+00 2.131751714506594786e-01 4.486831670660358373e-01 5.637522294337493634e-01 5.038091897621019832e-01 4.143487716582696101e-01 3.001127248355859867e-01 5.354035887066815880e-01 6.415308717644927494e-01 4.477644764011095013e-01 4.800199250596885459e-01 5.670088725546130748e-01 5.239495208112925351e-01 4.526495088054741656e-01 5.056077137179576519e-01 5.176148947622680740e-01 5.878574751474915372e-01 6.190373766409358325e-01 6.368603234584754302e-01 4.525727609340477464e-01 4.696974941576660956e-01 5.111284862014147112e-01 5.938055082331566981e-01 5.817537669783776622e-01 5.259074174951650082e-01 4.595170347849550363e-01 5.282086796870566481e-01 5.718993949350165140e-01 5.433112297338995589e-01 4.982179694160608352e-01 5.698697628359508105e-01 4.747185230119531640e-01 5.753810406191470772e-01 5.612567492388704782e-01 5.335727416892653840e-01 5.740143930696960384e-01 5.633650246671583206e-01 5.155036793232686820e-01 5.218896659327111331e-01 5.459042154040538719e-01 5.611147162072911421e-01 5.915136523058146523e-01 5.250852533946822609e-01 4.867087175488389317e-01 4.781932945970770454e-01 5.032005755564770144e-01 5.627176163819139765e-01 5.342826719936647484e-01 5.640185615324205815e-01 5.544733690567025253e-01 4.619849828284045556e-01 4.725708519905340577e-01 5.138833187419517001e-01 5.051761346568072186e-01 4.773671583542511421e-01 4.756374877457255623e-01 5.040370378937899520e-01 5.096381975631101291e-01 4.896302395188812384e-01 4.987897460316742526e-01 5.113058263132648218e-01 4.993229792889732899e-01 4.987398913775074605e-01 4.952379522158465441e-01 5.243748532155977360e-01 5.203215915942505099e-01 5.788630509063336094e-01 5.934180010273786277e-01 5.312866302798362472e-01 5.249014400815767978e-01 5.366301345584806315e-01 5.104716469455184980e-01 5.164082511276093523e-01 4.930928917521350541e-01 4.844415635326092540e-01 5.087756143340217418e-01 4.971909456124627424e-01 5.237243265164105432e-01 5.309525165273611957e-01 5.157769394800048035e-01 5.046684236935103929e-01 5.413325449666172018e-01 5.405926705966113133e-01 5.467269878294598318e-01 5.094613129789906658e-01 5.345129016754341933e-01 4.670658466482262017e-01 5.433476689928347092e-01 5.017085194605255261e-01 5.395622903042436302e-01 5.284806690231393933e-01 4.885579371784845581e-01 4.749856550129403776e-01 5.330451452380163824e-01 5.185174022070870858e-01 5.002966790803490271e-01 5.057935818797212324e-01 5.232213243469177044e-01 5.132587109462924957e-01 5.244540133972512841e-01 5.147715705505954142e-01 5.386371376134737599e-01 4.782297132706503917e-01 4.973685140022922613e-01 4.672050170090237264e-01 4.683166541726581644e-01 4.811813701733850812e-01 4.786041476129244132e-01 4.844900489353895501e-01 4.772158028608972091e-01 5.049605336823549395e-01 4.894488699846934465e-01 4.821118152432923853e-01
-2.694370053556194647e-02 3.227389879315119975e-02 1.023579379871432521e-01 2.131751714506594786e-01 1.000000000000000000e+00 2.684345637596091128e-01 3.693077379581980457e-01 3.537629402203096851e-01 3.525742141521985840e-01 3.333344200657403222e-01 3.701730047070734275e-01 4.079898026746463513e-01 4.097540722952326964e-01 3.964706613288959680e-01 4.346870194006825505e-01 4.279489457702250199e-01 3.340211450676663918e-01 2.642958093772722616e-01 2.718021878353727994e-01 2.347965129509310689e-01 2.426035024822810748e-01 2.797064283220700442e-01 2.683572327132676683e-01 2.340379680872706480e-01 2.416343945525604719e-01 3.805475224986271110e-01 3.787240721156760470e-01 3.901223948728055890e-01 3.592481414725719469e-01 3.496549363832188173e-01 3.727404976933925140e-01 3.846311242566844979e-01 3.507629536905063627e-01 3.579709296734020496e-01 3.511662794830447409e-01 3.747505519659417583e-01 3.624105707839142543e-01 4.202915213843985143e-01 4.140251623605024633e-01 4.269955090873420178e-01 4.333740264834399780e-01 4.447428097995325125e-01 4.433305348885566155e-01 4.444310216808929903e-01 4.165706852539048377e-01 4.384240269860642525e-01 4.534385117501198437e-01 4.421343433616624630e-01 4.439701809822963474e-01 4.308133009500412225e-01 4.460598911407626654e-01 4.418683536249816135e-01 4.476818051254380926e-01 4.323389640582585569e-01 4.335451550457557479e-01 4.406706663008245761e-01 4.291262323851648963e-01 4.475536643195783815e-01 4.428636525444316629e-01 4.524928115536519524e-01 4.548970329131791779e-01 4.456648155418240775e-01 4.403834120282165143e-01 4.497177285215049891e-01 4.190269292402212797e-01 4.304693127751123560e-01 4.465632645454609695e-01 4.245946670798794176e-01 4.247977161811235525e-01 4.211522196397689544e-01 4.177171427061163733e-01 4.258703529165341894e-01 4.081855592353324513e-01 4.056069817518435094e-01 4.425341340207362695e-01 4.400925193478761877e-01 4.346892979989855355e-01 4.280537582287207155e-01 4.266329479284617365e-01 4.243078330789735730e-01 4.230442375782331732e-01 4.310612195958514192e-01 4.142729541597851006e-01 4.259065563065463911e-01 4.258337328973199054e-01 4.248898027004980871e-01 4.256609070107956194e-01 4.398706397095970000e-01 4.385657961499780932e-01 4.272705926780308028e-01 4.384058386515454209e-01 4.510069178184308303e-01 4.386742363419096624e-01 4.433797479803017194e-01 4.525795341835809893e-01 4.503762680431636634e-01 4.267506901021449472e-01 4.298144637431663417e-01 4.478047847587021124e-01 4.433551115281229027e-01 4.522638027028434982e-01 4.395847214929694546e-01 4.485079053719014386e-01 4.539556575397922233e-01 4.413264304872360211e-01 4.223243070689570722e-01 4.455902307477003776e-01 4.454885088956743178e-01 4.370749967218573451e-01 4.480558645243900573e-01 4.467061829758232627e-01 4.492860129694923321e-01 4.446459263954063434e-01 4.422299096997107659e-01 4.389152924777582898e-01 4.397126331247984687e-01
-4.995979735498922401e-04 3.438284221579416405e-02 2.830047305223668541e-01 4.486831670660358373e-01 2.684345637596091128e-01 1.000000000000000000e+00 5.420856855416790188e-01 4.730608741376219339e-01 5.177988680324278059e-01 4.295639878335112960e-01 5.483661044705654408e-01 5.900521628366200977e-01 4.999457599144712105e-01 5.195453201205759708e-01 5.735301120661374652e-01 5.587244715256431959e-01 5.256501902212710187e-01 4.926286383504716038e-01 4.938360212510754521e-01 4.472049734146372746e-01 4.846677427720845199e-01 5.304743645111247297e-01 4.953033559655082296e-01 4.575716982509990260e-01 4.823989575540732488e-01 5.898932459662392658e-01 5.960589481523149713e-01 5.845240011356207521e-01 5.534803373008212457e-01 5.639045672604546811e-01 5.823762637951646060e-01 6.007861868415727002e-01 5.595317526038487976e-01 5.781295183890420297e-01 5.469725158239387985e-01 5.797332879861802901e-01 5.716811209603304134e-01 5.821293626957286804e-01 5.999702276153890956e-01 5.819236728655114987e-01 5.846119384838539546e-01 5.827625700643628281e-01 5.840034975530979944e-01 5.978627808129917121e-01 6.071120629212888309e-01 5.924266919174477897e-01 5.795228379872128244e-01 5.812529289885387529e-01 5.797114346753446945e-01 5.813059124662611765e-01 5.927880802619411860e-01 5.743634896101255105e-01 5.761173713138419972e-01 5.742523583040596291e-01 5.688156477818592238e-01 5.853583394121786299e-01 5.754223444078805372e-01 5.703894153950164192e-01 5.740993867023409525e-01 5.815374006538597262e-01 5.798130104621000980e-01 5.796984486632200673e-01 5.689781596560837817e-01 5.809895188531208898e-01 5.768116146543778022e-01 5.789929867808810693e-01 5.877375666276518640e-01 5.907601908652685418e-01 6.052917844620766541e-01 5.978386532167970779e-01 6.068304919010742982e-01 5.944866175016387810e-01 5.845532564748214810e-01 5.918465917043976843e-01 5.949490271225630345e-01 5.922204260642945917e-01 5.912699866905184454e-01 5.877693146056566231e-01 5.848939732793440038e-01 5.862833928214796764e-01 5.947862218617715468e-01 5.987701029189207436e-01 6.018358704570184736e-01 5.852880940767245521e-01 5.943039281778134120e-01 5.986444000125324960e-01 6.013351212847396488e-01 5.881025026813024859e-01 6.014775747105526316e-01 5.714786765063268881e-01 6.044021080796012635e-01 5.906193840753308777e-01 5.973325727669108742e-01 5.983569621593147758e-01 5.837021213445071632e-01 5.813535302042389663e-01 5.854481331365450902e-01 5.862867156828234227e-01 5.839012278847031112e-01 5.889779332020711466e-01 5.911327158495215395e-01 5.842706183381081164e-01 5.887148241923114700e-01 5.902179939319657231e-01 5.981126943910958227e-01 5.731808217430577335e-01 5.927730770292216622e-01 5.768693482917145454e-01 5.759094016635389890e-01 5.784550040130004289e-01 5.799354025082131825e-01 5.839773493701759799e-01 5.773489023225859551e-01 5.886596891144388888e-01 5.843007975482459315e-01 5.806932638979902528e-01
-4.549224964645674774e-02 6.438631741542374942e-02 3.588564374819071534e-01 5.637522294337493634e-01 3.693077379581980457e-01 5.420856855416790188e-01 1.000000000000000000e+00 6.582182061527109829e-01 6.465177758661057039e-01 5.932372654786807198e-01 7.414222231732447987e-01 7.980873537457940925e-01 6.845836596283467745e-01 7.380072582265935210e-01 8.423478134193923550e-01 7.818670867982859818e-01 6.761151194345452753e-01 5.926487841181090621e-01 6.467095690201871694e-01 5.872744658828784603e-01 5.934913960037687675e-01 7.014670864313088394e-01 6.165780794643301865e-01 5.719438211848141274e-01 6.081916538518205018e-01 7.521752005484788617e-01 7.543155789505213704e-01 7.761185633962836006e-01 7.043183678834732397e-01 7.342850451171248904e-01 7.681395683650360517e-01 7.788660903238480149e-01 7.559254706092763954e-01 7.876530587477140744e-01 7.303943838681786760e-01 7.860867386802966594e-01 7.739487816340452353e-01 8.079319728013193425e-01 8.223862894231518395e-01 8.195329506121949992e-01 8.030884975845558049e-01 8.147410895988916879e-01 8.146482879441587777e-01 8.209579226638785698e-01 8.225808938574438178e-01 8.086373629360679161e-01 7.909453370495721503e-01 7.852212716738873333e-01 7.817434197176102995e-01 7.941743726458294628e-01 8.116820180196679946e-01 7.697817996116779193e-01 7.889103290449352990e-01 7.731386882408904926e-01 7.678314869384812447e-01 7.876155852082662445e-01 7.636453631443074208e-01 7.845700259679097011e-01 7.818747368760019523e-01 7.907636434586017282e-01 7.953466604016947716e-01 7.842551035156363204e-01 7.758254476730990223e-01 7.821851856219820265e-01 7.615425086546269151e-01 7.710178435756404047e-01 7.906692448043758370e-01 7.922320152940486304e-01 7.893776768024755031e-01 7.945481894786794452e-01 8.156653119252287309e-01 8.003769706782983828e-01 7.763514196367764519e-01 7.827507880659857475e-01 7.955215553610404111e-01 8.008499994423119439e-01 7.955436199360088612e-01 7.777988967426588962e-01 7.914666684946942699e-01 7.847539899707244304e-01 7.983918662940178157e-01 8.003245617476899554e-01 7.852961999422271022e-01 7.961803100580225889e-01 8.154212166725561817e-01 8.094684836049029775e-01 8.131154172065202523e-01 8.072521317673486685e-01 8.141317568919094194e-01 7.752413102654786003e-01 8.237776209518999915e-01 8.047241807684334391e-01 8.156252874076954651e-01 8.145582931828424522e-01 7.965676203385325671e-01 7.900544016084807275e-01 7.979426176317325758e-01 7.872414425299134599e-01 7.976576869441279749e-01 8.053325771279731260e-01 8.096183300883513789e-01 7.991628886375460317e-01 8.037669010221080157e-01 8.061984053090262003e-01 8.072750307387374091e-01 7.707535587758443940e-01 7.959324107008930449e-01 7.838151783582447685e-01 7.784286608774028116e-01 7.904784744367246985e-01 7.893054338838468853e-01 7.907685879715422583e-01 7.869701725899749256e-01 7.998742025240488385e-01 7.846103564653373885e-01 7.805609397862161014e-01
-8.081745666096337710e-02 4.937944387724924750e-02 2.494566065964264889e-01 5.038091897621019832e-01 3.537629402203096851e-01 4.730608741376219339e-01 6.582182061527109829e-01 1.000000000000000000e+00 5.974562639463387725e-01 5.462668786276433375e-01 6.573252752629960005e-01 7.363675359958946620e-01 6.337131987741396744e-01 6.728871941733133299e-01 7.465851369848579555e-01 7.341903074663538309e-01 6.174631168291925265e-01 5.212143179453586628e-01 5.629756236985650197e-01 5.198429207175813138e-01 5.485994767285035101e-01 6.193066727748041123e-01 5.322901588115188654e-01 4.945153560771937684e-01 5.200397959522914393e-01 6.778541071642586457e-01 6.760340122894179515e-01 6.898458119936916599e-01 6.231485965577813202e-01 6.530002567559737292e-01 6.904261801138148469e-01 6.892473250841371080e-01 6.646913643922636172e-01 6.940720611751105551e-01 6.490891600799513217e-01 7.037508181057813283e-01 6.851441777622938600e-01 7.391094603457473156e-01 7.398457167898152553e-01 7.372047504741601198e-01 7.287988984900848344e-01 7.371312520453715544e-01 7.548974419716576456e-01 7.533586546417742058e-01 7.437428276218186474e-01 7.389297759574419144e-01 7.397150134926958609e-01 7.334882448818230705e-01 7.342896313979890843e-01 7.430010224720495771e-01 7.474188330815367820e-01 7.301300613775315584e-01 7.452827611803815033e-01 7.171207475587039193e-01 7.164667260846604435e-01 7.213027650027694637e-01 7.244030286401024199e-01 7.347124597787382250e-01 7.303959438143194927e-01 7.414985034545468201e-01 7.426944556039251077e-01 7.383306240667465437e-01 7.370139640636089728e-01 7.415324070297687475e-01 7.130646113357753668e-01 7.241194739042049466e-01 7.341152224800757686e-01 7.257119062588079927e-01 7.216578914409186307e-01 7.300271655589304354e-01 7.449610863845601560e-01 7.305048023921092426e-01 7.054174013735926563e-01 7.106509046893734194e-01 7.335284014449188206e-01 7.337048068552201041e-01 7.265993462505171419e-01 7.124705870116929685e-01 7.261612447091537748e-01 7.154279553797989744e-01 7.262929941115605637e-01 7.326947375755861191e-01 7.163901434595755235e-01 7.274109645128624679e-01 7.446384903568215030e-01 7.405028542188188956e-01 7.400303001881135545e-01 7.421451454968297501e-01 7.478654551890212554e-01 7.136701250482083703e-01 7.479296039885452441e-01 7.408636229512024496e-01 7.473665630099841639e-01 7.466644690873496248e-01 7.363963373918362976e-01 7.331703289646993582e-01 7.458274704711088665e-01 7.383944969757019194e-01 7.386995163501294259e-01 7.415102403701868683e-01 7.527464925538041030e-01 7.465359498110708536e-01 7.461166611192355802e-01 7.489450815892455537e-01 7.473166547988530084e-01 7.238602151869613088e-01 7.382194340415776379e-01 7.264403060038057136e-01 7.227646055066235808e-01 7.375365708707279921e-01 7.318730107662394513e-01 7.348665701699772512e-01 7.337220650299257629e-01 7.439518535533740096e-01 7.237973109674199490e-01 7.287463837387742061e-01
1.991209562296892277e-01 2.285717076738967013e-01 3.507954101081144915e-01 4.143487716582696101e-01 3.525742141521985840e-01 5.177988680324278059e-01 6.465177758661057039e-01 5.974562639463387725e-01 1.000000000000000000e+00 7.288690921029747916e-01 7.732602763969229631e-01 7.501327252548701807e-01 7.004890521793495362e-01 7.474496464604549750e-01 7.852074019827705031e-01 7.712042142398829458e-01 7.945150936196520020e-01 7.004854103927538045e-01 7.131338008436970410e-01 5.337838446678269122e-01 5.933050408841470391e-01 6.607628037091675122e-01 7.167787472857914954e-01 6.349206263258091454e-01 6.834859646722293292e-01 7.998201951244769958e-01 8.132241382760244663e-01 8.172818554858815032e-01 8.464242569336958288e-01 8.267976855684704418e-01 8.420630096679715404e-01 8.152745695636522960e-01 7.733453875959330759e-01 7.600567831194749990e-01 7.861989265917661562e-01 7.845440112108080788e-01 8.079447529399925720e-01 7.952894249140310956e-01 7.995126109487044053e-01 7.452774861115111227e-01 8.394644564348608951e-01 8.136836637860138666e-01 7.687214534481258132e-01 8.210439013688262122e-01 8.151581721046314843e-01 8.284130628209075420e-01 8.387802468928368116e-01 8.590490940348677329e-01 8.285088508830972254e-01 7.876694413223922497e-01 8.181624595405444511e-01 8.049415700174006316e-01 8.135221510271579692e-01 8.715555868101604320e-01 8.614904801633154197e-01 8.348577301639692472e-01 8.506946999986493285e-01 8.422927538617408505e-01 8.465147738324686477e-01 8.577503608504744026e-01 8.354870486117685902e-01 8.542443927255752856e-01 8.226002915409941219e-01 8.311527685777152508e-01 8.782773932447743848e-01 8.735455108765369792e-01 8.548733414356923799e-01 8.522651694385412480e-01 8.517873351124447545e-01 8.107328536407807373e-01 8.163873265142939095e-01 8.547398812061038909e-01 8.308996999109977688e-01 8.433774155620482604e-01 8.556063856903117770e-01 8.520914688287972716e-01 8.580861203073080201e-01 8.717550271928280470e-01 8.535870365160341811e-01 8.677330757302773590e-01 8.626653454747393868e-01 8.630169540783311222e-01 8.688316583751264366e-01 8.553320834637955228e-01 8.210332604770427256e-01 8.327756163349980811e-01 8.448548052685348475e-01 8.354084471239182630e-01 8.355899623259261944e-01 8.629229195847554212e-01 8.290917697810649134e-01 8.437850985283831262e-01 8.448086835900704417e-01 8.433051239871868221e-01 8.426249761962244511e-01 8.470880549923900382e-01 8.204146872054867146e-01 8.433210942420077405e-01 8.391125365030711603e-01 8.401620253144991279e-01 8.297723689411643511e-01 8.366749139144253888e-01 8.421485791500660234e-01 8.350011698900848822e-01 8.482330046042965144e-01 8.631955948504755893e-01 8.426745898103243926e-01 8.533591325798779437e-01 8.630591909940785733e-01 8.511738235456753898e-01 8.516458663648822647e-01 8.538255279584163748e-01 8.542997007671654375e-01 8.490357102231785857e-01 8.713168707400890112e-01 8.666670328323403671e-01
1.036679371283692613e-01 2.152127128321658089e-01 2.543887542180900962e-01 3.001127248355859867e-01 3.333344200657403222e-01 4.295639878335112960e-01 5.932372654786807198e-01 5.462668786276433375e-01 7.288690921029747916e-01 1.000000000000000000e+00 6.747746028884176184e-01 6.702335047149744485e-01 6.664106340065010237e-01 6.885514115531140567e-01 7.208459403410739652e-01 7.229091388653329231e-01 6.802184814193497076e-01 5.802178775009695366e-01 5.969448974823632348e-01 4.476514756258975769e-01 4.529285542571331313e-01 5.277282921227143264e-01 6.119975457144157804e-01 5.401315813663156717e-01 5.502389805152463342e-01 6.896955574297438663e-01 6.995950923975418068e-01 7.264427420610309882e-01 7.275914337768105700e-01 6.958638035193654980e-01 7.222501811259259830e-01 7.357800853403547725e-01 6.964653986224892401e-01 6.840528502440003100e-01 7.030311413585015323e-01 6.834031670066353925e-01 6.954307420881368218e-01 7.482500092787306434e-01 7.278829972049425390e-01 7.055961027188613066e-01 7.768481033439115224e-01 7.668158865199471430e-01 7.311012833411328904e-01 7.525062640418078708e-01 7.343785142256841203e-01 7.654278360925288460e-01 7.905026993718881068e-01 8.031626876638821022e-01 7.717396466322403725e-01 7.208068465569732464e-01 7.658946984213047537e-01 7.025033753453000518e-01 7.322084734308309528e-01 7.977766044095672138e-01 7.933705645514467220e-01 7.652517811095251865e-01 7.544723960370351978e-01 7.926034982553779029e-01 7.969705244917208997e-01 7.866201337029964380e-01 7.792537974788088517e-01 7.928163794145504095e-01 7.664387227934628122e-01 7.608576831044411293e-01 7.780731166448274783e-01 7.785628049989321564e-01 7.959910461585417707e-01 7.804305150651976719e-01 7.829400707790171721e-01 7.358888879672257355e-01 7.363072290077133930e-01 7.797130028131246116e-01 7.591017100621527680e-01 7.633611535429752903e-01 7.921605899036454623e-01 7.925179305410601227e-01 7.967139550556627814e-01 7.978329813007699611e-01 7.862210050069771139e-01 7.987494633571567970e-01 7.893144770662759990e-01 7.851485784892799913e-01 7.845473215533192990e-01 7.940240492901640135e-01 7.682486735481041107e-01 7.710168708462171727e-01 7.764858541909294143e-01 7.901801683456275427e-01 7.770154952245739155e-01 8.039765673640375532e-01 7.729512873915225235e-01 7.933250865084182646e-01 7.783613187118052501e-01 7.836905748369136226e-01 7.956042695292177003e-01 7.987257331557129358e-01 7.643849246055952618e-01 7.732367985369630325e-01 7.872406646921854545e-01 7.914645759055621843e-01 7.781283020439068165e-01 7.824375486674316482e-01 7.778674563712620893e-01 7.823353476018186647e-01 7.748727304939534433e-01 7.930107662169411098e-01 7.890691016000277447e-01 8.025568155096951539e-01 8.048449205331279499e-01 7.981719044547863628e-01 8.020873024364694182e-01 7.989773957482616540e-01 8.007917553721564108e-01 7.870155054847374210e-01 7.967367936266348538e-01 7.975914729308172246e-01
7.046923791733845921e-02 1.340637847574642216e-01 3.923170662203914749e-01 5.354035887066815880e-01 3.701730047070734275e-01 5.483661044705654408e-01 7.414222231732447987e-01 6.573252752629960005e-01 7.732602763969229631e-01 6.747746028884176184e-01 1.000000000000000000e+00 8.361136818038861218e-01 7.377724341775543371e-01 7.865880675177929771e-01 8.468849038741337321e-01 8.218670939751796523e-01 7.762330033209955404e-01 7.165792007353425364e-01 7.445103542054886114e-01 5.992310635492937854e-01 6.454750790744038236e-01 7.374256202193522070e-01 7.169050316164112813e-01 6.695286211387738717e-01 7.061814001112529660e-01 8.412955422943002581e-01 8.479360642397362202e-01 8.411575440344282173e-01 8.226931356839622955e-01 8.315928543918453819e-01 8.646193392581383863e-01 8.403966715774094931e-01 7.958800139584931710e-01 8.208180684876931199e-01 7.885278642708671848e-01 8.353887859646415004e-01 8.398795058324447504e-01 8.440182532059107290e-01 8.564474166403265309e-01 8.233606696034986294e-01 8.712477140971508494e-01 8.602405088376312570e-01 8.399831468177436644e-01 8.744056427869204562e-01 8.718421210140314681e-01 8.641219014700506351e-01 8.617341202570990566e-01 8.660921394325178380e-01 8.518608346835682132e-01 8.364258480306397958e-01 8.654322402771559286e-01 8.363058155082189193e-01 8.534305499683454421e-01 8.632209933765765397e-01 8.561843270356734870e-01 8.621431515484145880e-01 8.448802412590948885e-01 8.603090918038476254e-01 8.560318648520109930e-01 8.729575901252774051e-01 8.653683354070240696e-01 8.636494649125980860e-01 8.421445367040492069e-01 8.565457331793356888e-01 8.669432945474618846e-01 8.643145071538459456e-01 8.718179980982969646e-01 8.778788438207387745e-01 8.680289102872377205e-01 8.481268469604905658e-01 8.706865951212754418e-01 8.829007448036086947e-01 8.595840127576200862e-01 8.706882481541822205e-01 8.771861588044301827e-01 8.781046401849955663e-01 8.741923497714922942e-01 8.732669143113876986e-01 8.772401371308568008e-01 8.752944425465526423e-01 8.793217340127057469e-01 8.852004795674063287e-01 8.725993179011405365e-01 8.695781463533626132e-01 8.668456282872372132e-01 8.707607253820300874e-01 8.816033221959683752e-01 8.654699206839903125e-01 8.737902541277051682e-01 8.618446312086222028e-01 8.750581113388394838e-01 8.726633868451340037e-01 8.818955421266383432e-01 8.783939146155068656e-01 8.679426835796055784e-01 8.652088527660268813e-01 8.596358707341115180e-01 8.588979988099249008e-01 8.673054203275170071e-01 8.710478853729377580e-01 8.716831295760889553e-01 8.652141862071861533e-01 8.734686380482865609e-01 8.705137282483605965e-01 8.781398252675856053e-01 8.589971008249287499e-01 8.639544195608035437e-01 8.657169833262345904e-01 8.662442650256263477e-01 8.672526344839005530e-01 8.631081889743700275e-01 8.704867214753724269e-01 8.659379277275490727e-01 8.727433456570434789e-01 8.778259040834713867e-01 8.681525636060715145e-01
-3.360514486570906345e-02 6.872491425289789513e-02 3.426556489070498035e-01 6.415308717644927494e-01 4.079898026746463513e-01 5.900521628366200977e-01 7.980873537457940925e-01 7.363675359958946620e-01 7.501327252548701807e-01 6.702335047149744485e-01 8.361136818038861218e-01 1.000000000000000000e+00 7.720812715074587551e-01 8.209137658647404079e-01 9.043113785166494445e-01 8.816141074450641879e-01 7.623941787029516748e-01 6.777798671032208011e-01 7.164244271300661548e-01 6.498971446737703550e-01 6.787836329357006537e-01 7.708095426410458417e-01 6.640025633103479041e-01 6.260355141201725537e-01 6.655166926576813191e-01 8.468637469008803986e-01 8.397295885600056797e-01 8.442757191997497523e-01 7.727815995438529484e-01 8.021270556565910370e-01 8.557441748415908211e-01 8.513432637234228384e-01 8.012268319344038048e-01 8.471374801746510697e-01 7.825568922347744261e-01 8.550360299681023513e-01 8.389321733549760518e-01 8.948853056536151263e-01 8.969164913367506653e-01 8.988445197226910821e-01 8.977071861603690417e-01 9.013850586405420806e-01 9.114230862282753920e-01 9.208936544387150702e-01 9.091744123510256959e-01 8.987847318384110107e-01 9.010469910239068403e-01 8.911127261755957818e-01 9.006767919985501081e-01 9.133690396078634199e-01 9.168838216797020602e-01 9.017708023614394719e-01 9.136397244862792810e-01 8.776672357510317823e-01 8.772862741139360043e-01 8.879950532654912188e-01 8.861392559112212242e-01 8.935562719802068177e-01 8.933278354521125841e-01 9.047737203546288853e-01 9.104072010485418920e-01 8.998251549714321174e-01 8.991343803355876796e-01 9.030873288906408058e-01 8.760298869953709877e-01 8.858361536767545008e-01 8.989489668946105683e-01 8.953774979928754707e-01 8.834177861420691169e-01 8.926607367043647434e-01 9.149888854998345922e-01 9.015613352357881860e-01 8.709126610735338225e-01 8.794744828620254529e-01 8.987679443351019870e-01 9.008855540771980586e-01 8.867390220418678304e-01 8.741618040961395275e-01 8.921530818579348487e-01 8.797111572064568730e-01 8.931805886245746118e-01 9.021806856872235381e-01 8.769053931064924035e-01 8.883719543517550887e-01 9.124310279719086703e-01 9.049540825486825923e-01 9.058756348328371732e-01 9.067968099297860629e-01 9.094389179882943486e-01 8.742691246769733748e-01 9.138878422408535096e-01 9.056660657772315215e-01 9.157388348337101025e-01 9.133572892653918363e-01 9.014879382855847112e-01 8.952521460045537172e-01 9.123499131901920967e-01 9.045931404145761690e-01 9.072297300286453758e-01 9.078177344178148811e-01 9.171908524812794061e-01 9.114310158784276750e-01 9.179930604709670705e-01 9.151510298735540117e-01 9.186089736806252182e-01 8.829296674073338069e-01 9.017685451375974104e-01 8.887619393026719994e-01 8.842222838118748429e-01 8.983435927033269763e-01 8.936176716447984392e-01 8.991178834899055117e-01 8.950049997043102445e-01 9.081990325503479511e-01 8.917436175296045153e-01 8.915278904471657384e-01
-2.401556342249405035e-02 1.223526576886346112e-01 2.985856219019623614e-01 4.477644764011095013e-01 4.097540722952326964e-01 4.999457599144712105e-01 6.845836596283467745e-01 6.337131987741396744e-01 7.004890521793495362e-01 6.664106340065010237e-01 7.377724341775543371e-01 7.720812715074587551e-01 1.000000000000000000e+00 7.443468676670258466e-01 8.099637076527886892e-01 8.001504639357491788e-01 7.047559855348427549e-01 6.088627195993324692e-01 6.380886081860710490e-01 5.447726263821106585e-01 5.416967454246824909e-01 6.306617467929322984e-01 6.231249123655957511e-01 5.625775081858790383e-01 5.850351088605535432e-01 7.618262106418355328e-01 7.509701349789168479e-01 7.776518676806246644e-01 7.322748699239098880e-01 7.346173274305715095e-01 7.627422776289202178e-01 7.780748991541766024e-01 7.375304981937146342e-01 7.515326979349938874e-01 7.261071708139834602e-01 7.684861930775621630e-01 7.530255373924678031e-01 8.041634194492414123e-01 8.042328361940794812e-01 7.984863011272134159e-01 8.249030585923666781e-01 8.264216646572161151e-01 8.191033962589068240e-01 8.280105122747403179e-01 8.112801196714947150e-01 8.214618407183132964e-01 8.376278005196733378e-01 8.331469901391813648e-01 8.207884491058767829e-01 8.024582511677441632e-01 8.244060224380995727e-01 7.965647391375174635e-01 8.163029523130749254e-01 8.237070076629642301e-01 8.163495718534011791e-01 8.222516456602404489e-01 8.027133244102008236e-01 8.342657492126801522e-01 8.271319990789030019e-01 8.324006925496180154e-01 8.359785601885740824e-01 8.296639542126054145e-01 8.149345594391298464e-01 8.249785749907369015e-01 8.103061190789836443e-01 8.172387584597790022e-01 8.356126090556943442e-01 8.256099827295746429e-01 8.253812848310717598e-01 8.122376237234840701e-01 8.136509565257544763e-01 8.294654373465919495e-01 8.079749623995398089e-01 8.084381960317531535e-01 8.376753827289934451e-01 8.301555747882202185e-01 8.308075940111211422e-01 8.223672628152463027e-01 8.254246834389560306e-01 8.208673375026551700e-01 8.264697803944744958e-01 8.302414239325150991e-01 8.181118799722730817e-01 8.273284058949291753e-01 8.297550933643164095e-01 8.292057738054042781e-01 8.293105621085568036e-01 8.345961592725265055e-01 8.345657762754631337e-01 8.236842825767699550e-01 8.363290123124443864e-01 8.403260310920042109e-01 8.364681860392100265e-01 8.373957358562146291e-01 8.394527660160485683e-01 8.385271213520497646e-01 8.259347739999028937e-01 8.214484919393513218e-01 8.360389009230148050e-01 8.378455645845021005e-01 8.396270588173501137e-01 8.319575765239367593e-01 8.352206573771060460e-01 8.402175912324233442e-01 8.374027650793810507e-01 8.190298353812079934e-01 8.368386389406780035e-01 8.351539901998543680e-01 8.315595935577071440e-01 8.368686328118866147e-01 8.356575112680278972e-01 8.384234743696148406e-01 8.347293097323557065e-01 8.358510842973629895e-01 8.303527447186085375e-01 8.284932753018005025e-01
