1.000000000000000000e+00 2.105551203792659087e-01 1.909033224198217749e-01 3.144002168447712631e-01 6.934643796742644140e-02 1.120623951816680786e-01 2.487940260445934415e-01 2.566909195339506233e-01 2.112819971914011441e-01 6.802746896968321633e-02 1.321299760700441195e-01 1.619236226763395570e-01 6.993638425756913690e-02 8.095197541816610831e-03 1.222131455296855546e-01 1.555945663047599292e-01 1.845450046563245627e-01 2.748537523140552330e-01 1.828684573706978178e-01 3.350275638601553085e-01 3.131769488926757217e-01 1.858085494730019327e-01 2.531728373791329312e-01 2.569070679204679131e-01 1.784461894195092935e-01 1.835068215284166582e-01 1.651562732277817303e-01 1.355653895343452708e-01 2.460759904616391658e-01 1.429663505569792048e-01 1.575642292158038471e-01 2.113517930131519063e-01 1.459428107960560050e-01 1.628172364095143432e-01 1.382276528295578732e-01 1.098531509016844182e-01 7.990226358573761234e-02 1.391180576182942108e-01 8.713058700806998458e-02 9.897410885950759518e-02 6.965110210787367473e-02 6.493870735521038717e-02 1.015782419631754835e-01 1.036704656709638711e-01 9.512959172418980480e-02 7.056647130567300641e-02 4.052685684490362622e-02 5.926517299282153817e-02 7.888811375084933686e-02 1.203866899308331101e-01 1.104085951291023660e-01 1.228896914328890116e-01 1.267657838360000955e-01 7.172990024325141822e-02 9.783121978200118307e-02 1.035539619314275600e-01 1.296885647410489506e-01 4.716308920959147444e-02 7.726100310170878893e-02 5.929996032926592581e-02 4.787562462757343623e-02 7.929044854897497607e-02 7.616848894555743044e-02 8.732466365890949322e-02 8.635893335991579045e-02 1.032083110053493569e-01 6.579786282294752819e-02 9.245547036514152606e-02 1.214097517605795817e-01 1.427497124291092212e-01 6.081252219303399237e-02 6.802443391534113148e-02 1.222045147876254928e-01 9.167209589961834715e-02 6.798491547903438847e-02 6.084022216825742124e-02 4.482362196719204273e-02 8.805931723851949389e-02 8.733051913742409522e-02 6.778906684444604980e-02 5.582209003842709960e-02 7.240952595925245761e-02 9.487137640078670275e-02 7.563536874819001832e-02 8.269925981958697880e-02 8.170661594600944766e-02 3.859212145487788542e-02 5.002630066575314283e-02 4.533560565067516757e-02 8.151591843302721796e-02 4.830481454353997839e-02 3.547009178140678870e-02 4.965669504086478447e-02 4.061282365704241976e-02 2.064673499710826393e-02 3.337669836445585764e-02 8.010011985784638855e-02 1.036053931340663037e-01 4.795569673029613511e-02 5.561714460108973385e-02 3.984575497011911410e-02 6.265267381527242496e-02 4.845439987886801525e-02 4.258439870731473703e-02 6.920155120561115314e-02 7.662762274411367980e-02 6.088859460780474825e-02 3.528598687274345919e-02 5.542248075631536763e-02 2.610590508121234457e-02 2.688336010176050478e-02 3.989868041854344183e-02 3.951917379049069146e-02 5.369692108618746851e-02 5.061625208394485154e-02 5.612702667087147990e-02
2.105551203792659087e-01 1.000000000000000000e+00 1.206330536498783912e-01 1.856003700867307482e-01 1.164724579808571331e-01 1.011114146501118638e-01 2.049470350757636172e-01 2.016146695014116308e-01 2.448197695028251630e-01 1.680100400433218177e-01 1.923914369508206434e-01 2.031994107198073773e-01 1.808293614331650534e-01 9.972825759732506512e-02 1.875177797700062765e-01 1.943896821513682871e-01 2.175472708546096756e-01 2.044150409067223839e-01 1.846673208551563306e-01 2.292200928635656498e-01 2.149104228140809036e-01 1.738560962914061092e-01 2.074032986304018000e-01 1.867258834277963908e-01 1.670104223960828804e-01 2.118307787974792189e-01 2.130254876799768660e-01 1.926897781411633925e-01 2.160378608128651345e-01 1.882666331043054420e-01 2.040688168608709441e-01 2.193641579114570250e-01 2.030141959742993996e-01 1.998580597335858910e-01 2.022894533385984073e-01 1.995714486076583805e-01 1.813139383202959642e-01 2.014215444125198595e-01 1.780439083138662670e-01 1.947618124696880171e-01 1.838174968170687429e-01 1.788926765781981287e-01 1.885404156167875822e-01 1.882282354418716719e-01 1.845754817722994601e-01 1.839269543395402051e-01 1.738998128590427961e-01 1.825528719627885765e-01 1.820573647831860431e-01 1.920839149805554369e-01 1.867785896719580119e-01 1.949554162277655489e-01 1.896968392290457328e-01 1.941759911700766394e-01 1.915806143860150357e-01 1.900559039273504447e-01 2.111222724068922973e-01 1.785482108808159329e-01 1.843641386065952292e-01 1.859455184704150998e-01 1.769789365392722691e-01 1.943225052293693356e-01 1.914302297776018513e-01 1.907107663985476709e-01 1.884830115224870872e-01 2.002955574650243098e-01 1.794534031440200017e-01 1.740374222410242533e-01 1.904579711833095934e-01 2.027023467556136882e-01 1.670568457015466357e-01 1.685323273907944341e-01 1.826315669193911972e-01 1.708318904543203731e-01 1.816263589338129592e-01 1.789273873471736165e-01 1.687093831619859152e-01 1.830168515265693518e-01 1.786914790232982386e-01 1.808529288675909397e-01 1.725270238840120873e-01 1.793256470079829523e-01 1.888007869658001603e-01 1.880079970637915376e-01 1.844983873557464460e-01 1.781957657635491188e-01 1.653613125473245571e-01 1.753094881041915576e-01 1.735751763518702806e-01 1.824197023551059338e-01 1.754327574402335665e-01 1.714495418795829451e-01 1.708604044355058194e-01 1.694684861764984007e-01 1.660278207848618903e-01 1.728447158765922254e-01 1.792111588464076755e-01 1.897928513681109708e-01 1.723800223517470143e-01 1.745810478503417584e-01 1.668706752920515457e-01 1.828151665100133938e-01 1.734849200159714888e-01 1.711757855818497320e-01 1.774788074172161390e-01 1.876339282426132682e-01 1.791229637129186647e-01 1.737818470082995725e-01 1.764325358385264164e-01 1.689738452414511760e-01 1.700053516850765778e-01 1.739796214964068055e-01 1.735464868374362313e-01 1.763759950837507640e-01 1.759637088191940424e-01 1.791079193227219368e-01
1.909033224198217749e-01 1.206330536498783912e-01 1.000000000000000000e+00 3.705905210143629613e-01 2.226138555617339365e-01 2.571641932336796166e-01 3.831381510095905329e-01 3.455591623796171463e-01 3.773697718712288318e-01 2.903699809309213675e-01 4.003576045602266209e-01 3.957504256366479178e-01 3.070297738399841436e-01 2.631801274000346580e-01 3.808243455692415513e-01 3.771476206147891252e-01 3.753114312281676801e-01 4.056254283664448845e-01 3.989254706906376069e-01 3.295617693053901620e-01 4.347282013364482389e-01 4.076645226124269161e-01 4.170695643480232251e-01 4.024596855259264250e-01 3.996976540263761368e-01 3.958666613773213494e-01 3.946188072202377883e-01 3.952053400226450131e-01 4.172840667021997518e-01 4.140569554108869399e-01 4.092775401920288325e-01 4.082230731560513304e-01 3.994440795865515925e-01 4.062750462033908327e-01 3.956941124702383905e-01 3.890005592688937086e-01 4.058177343010594407e-01 4.021873516492266987e-01 3.922187683116321599e-01 3.856694226169263828e-01 3.760688313356017054e-01 3.780208527067022151e-01 3.894128120076650323e-01 3.917797638472579336e-01 3.948515054018966741e-01 3.793383699843833057e-01 3.549792298867868734e-01 3.622773656457807245e-01 3.606213005639236080e-01 3.817227244994254587e-01 3.861564564037578418e-01 3.739882758090121717e-01 3.852005674275261748e-01 3.516534930326080111e-01 3.694980282117745762e-01 3.907188520518423136e-01 3.620031518947272042e-01 3.617124130336340504e-01 3.715890505901202068e-01 3.541102489589316171e-01 3.661253034856329358e-01 3.581383220231433850e-01 3.496810956302917051e-01 3.655864487582199951e-01 3.663881039894129610e-01 3.663544909818646778e-01 3.657792001799965442e-01 3.812651295944658458e-01 3.877476637671694037e-01 3.860756708058432074e-01 3.770968844394098074e-01 3.773592921804305167e-01 3.829585697843330694e-01 3.874945872701998639e-01 3.737628439910206102e-01 3.768722026400748715e-01 3.665055801120779555e-01 3.812388756836289638e-01 3.810967342084933263e-01 3.850347788834286855e-01 3.762656082318455719e-01 3.783608234659068814e-01 3.889789174549322937e-01 3.862171592985345625e-01 3.796406241057652675e-01 3.838399332035862255e-01 3.764579240803741511e-01 3.685732346351718314e-01 3.733412562575890714e-01 3.800354358359220308e-01 3.753470979164263421e-01 3.657698899967564699e-01 3.685133886457300223e-01 3.654808243921918165e-01 3.500361168558837055e-01 3.550288526970178937e-01 3.652967090770898873e-01 3.595173736795012620e-01 3.581231328100260014e-01 3.652510222602558532e-01 3.634988085487313447e-01 3.596418165644303944e-01 3.604390085489366236e-01 3.610162422620559752e-01 3.695632581711219555e-01 3.558390508627735649e-01 3.579175850743333553e-01 3.556229690493488693e-01 3.639208150483861925e-01 3.500045214589750375e-01 3.531204358635862128e-01 3.533007601366587869e-01 3.551680933632303527e-01 3.619723845815243091e-01 3.600433796163610700e-01 3.552198284490343805e-01
3.144002168447712631e-01 1.856003700867307482e-01 3.705905210143629613e-01 1.000000000000000000e+00 3.230400530441516760e-01 3.942329989584482108e-01 6.410299608365239710e-01 5.958881819683787828e-01 6.086686096798401557e-01 4.915802327340928479e-01 5.779606962363799116e-01 6.423805237959412384e-01 5.308262063405687625e-01 3.896474138771973128e-01 6.279074546263315737e-01 6.287793077080565673e-01 5.542847763076845791e-01 6.334995156174142439e-01 6.158360773424306212e-01 5.422970767533260572e-01 6.909566667413109542e-01 6.405355524116252974e-01 6.531068339347689822e-01 6.512478699296634366e-01 6.245921775831496658e-01 6.372809301153748995e-01 6.301107485553041343e-01 6.192414216386394887e-01 6.615106100112314591e-01 6.290674477860791480e-01 6.526479143004998429e-01 6.487790470494408934e-01 6.050037876368442591e-01 6.269010045554624933e-01 6.202765205007227944e-01 6.115844146140172466e-01 6.171422436987513693e-01 6.263932314514953914e-01 6.079207387882542557e-01 6.010062494318625381e-01 5.929869825482954049e-01 5.912877257205348958e-01 6.338193962362231870e-01 6.251179157948708598e-01 6.314933458258509269e-01 6.069375692062903838e-01 5.743917926582873257e-01 5.811734584204525378e-01 5.828772749830275490e-01 6.050498362579013190e-01 6.224351243767559660e-01 6.088996017169456820e-01 6.246191787733283984e-01 5.720222475544299856e-01 5.984607088603567382e-01 6.163755990115815653e-01 5.937862242916916999e-01 5.820793862232180871e-01 5.888623560746878427e-01 5.775157551885178320e-01 5.896833552234164166e-01 5.860174844711013575e-01 5.826227515666762002e-01 5.936340514724961492e-01 5.802626614335107957e-01 5.975901759410623404e-01 5.859918550979188456e-01 6.131407791666964036e-01 6.322231333282858357e-01 6.246609153451512242e-01 6.011001050033303317e-01 5.984867015529692358e-01 6.218352112552522071e-01 6.157141684554093830e-01 5.979075829295087408e-01 5.977077563616768341e-01 5.857717150248706872e-01 6.083738344220610550e-01 6.106846314327759595e-01 6.060579630255721328e-01 5.991016578797800918e-01 6.097192933588558850e-01 6.169441060758242834e-01 6.123912107356476175e-01 6.028075248974072986e-01 6.084642668709115965e-01 5.970363817770899528e-01 5.873728381785375818e-01 5.907893859244633950e-01 6.056876232856089892e-01 5.940497449450277134e-01 5.836156326544162942e-01 5.942954933359299030e-01 5.854762634332230098e-01 5.623671903408233863e-01 5.706849857306240947e-01 6.027192743289041532e-01 6.017337038427620355e-01 5.819279321718755504e-01 5.899593459475784840e-01 5.887829049164554629e-01 5.891734765119955863e-01 5.830640046794957065e-01 5.816723826345301385e-01 5.970041829160646074e-01 5.870507454210406317e-01 5.866621432106439160e-01 5.716631446658775317e-01 5.879493505276272014e-01 5.655485099989177034e-01 5.661299315010206445e-01 5.712441435949183743e-01 5.730511053092216533e-01 5.867629093982444921e-01 5.776386207587594912e-01 5.758749729686918339e-01
6.934643796742644140e-02 1.164724579808571331e-01 2.226138555617339365e-01 3.230400530441516760e-01 1.000000000000000000e+00 2.753395677137793762e-01 4.565741002657824343e-01 4.495971043104853293e-01 4.698933953852071355e-01 4.101971418214411247e-01 4.658784333595790139e-01 4.903683016516361959e-01 4.871463580396160342e-01 3.453840717642409075e-01 4.998770675042848444e-01 4.907150352640533009e-01 4.528951885509825970e-01 4.063247735820662010e-01 4.217427185302863868e-01 3.613088292134660207e-01 4.095835174971442783e-01 4.367376350404126306e-01 4.292837009258368974e-01 4.057271284807533740e-01 4.197413689673940018e-01 4.942526920008948332e-01 4.841920602322919431e-01 4.787460203020461602e-01 4.601046925225266149e-01 4.553932065282317310e-01 4.989495542185364840e-01 4.728069645390791664e-01 4.314669400096053931e-01 4.380227912235168386e-01 4.539934390701096945e-01 4.725045568272781549e-01 4.673829593782914960e-01 4.874938156449812876e-01 4.904765371200792701e-01 4.720294631498525573e-01 4.994073250877457681e-01 4.972071274541712271e-01 5.096766017652391012e-01 5.067760858155989645e-01 4.981882821560063013e-01 5.042973709479349198e-01 5.001575477370128198e-01 5.022002057721128843e-01 4.967158079418948491e-01 4.889422136828376897e-01 4.933051327871513236e-01 4.914034932272191569e-01 5.052787530940089367e-01 5.048622890807562547e-01 5.147883193726506823e-01 4.982165107302000129e-01 4.889827429848921936e-01 5.058037891162741051e-01 4.962620618255474403e-01 5.039865688281863765e-01 5.084402828911008809e-01 4.996771096059977602e-01 4.999810390882294953e-01 5.021371425925271748e-01 4.985612010555482976e-01 4.996550309098800047e-01 5.008979311111295685e-01 5.000869836874297647e-01 5.001275038641725956e-01 5.002859028406989594e-01 4.977494751024121866e-01 4.961467133773790339e-01 4.894356844652980043e-01 4.870990899896212034e-01 5.126852747669387034e-01 5.034695577245950071e-01 5.014401151024423520e-01 5.047932049949975797e-01 4.940083057376724596e-01 4.961372508178518714e-01 4.986320484832674205e-01 5.027114653353492724e-01 4.945544716292956111e-01 4.929498359930553630e-01 4.965897499235620294e-01 4.903768796986259226e-01 4.925430156773087376e-01 5.008139588175266610e-01 4.982626181861318782e-01 5.025651706859292078e-01 4.944081697438220124e-01 5.051994746407377779e-01 5.063746213052945366e-01 5.035047601738129597e-01 5.031039045367121654e-01 5.024637511169141035e-01 5.085118231035254954e-01 5.115146906627376922e-01 5.063236729467571751e-01 4.999373253342344059e-01 5.105920420493479384e-01 5.069727502788257123e-01 5.141926333302754282e-01 5.086171169514219770e-01 5.052410858234848146e-01 5.046081186415384279e-01 5.055866682260238276e-01 5.049185913667414427e-01 5.089385342543711888e-01 5.053907669945965075e-01 5.004847234808067480e-01 5.068871440275692919e-01 5.053955257431017589e-01 5.069980527314550400e-01 4.996112637428432035e-01 5.044984050623307903e-01
1.120623951816680786e-01 1.011114146501118638e-01 2.571641932336796166e-01 3.942329989584482108e-01 2.753395677137793762e-01 1.000000000000000000e+00 4.894878228427033684e-01 4.817832268194854328e-01 4.891202834815276956e-01 4.401043694008470730e-01 5.196574463638967689e-01 5.406840915772503919e-01 4.710340447513054474e-01 3.842773817108749435e-01 5.505329555262130636e-01 5.508352379223362405e-01 4.963664802471942639e-01 5.113200336389703837e-01 5.187309499645674782e-01 4.124680399136414488e-01 4.859363492882911029e-01 5.232292541748819747e-01 5.430646333525737113e-01 5.116950351365302518e-01 5.144996492293884005e-01 5.418751572350608559e-01 5.414722752789195015e-01 5.651233857726383203e-01 5.359994878408986807e-01 5.240731111035400458e-01 5.611871967284586260e-01 5.616855539637587436e-01 5.506944241746343227e-01 5.475449464635532282e-01 5.421570354483575827e-01 5.566627434928987928e-01 5.567019713816445670e-01 5.675957661714468028e-01 5.635976011372217931e-01 5.687844170550512279e-01 5.603095143597631722e-01 5.693368994097800506e-01 5.674631137456381813e-01 5.717843861312642550e-01 5.626008743133370515e-01 5.654297959321503697e-01 5.505044583015943349e-01 5.503556746782362064e-01 5.457874505503966800e-01 5.442126302320945408e-01 5.619732254521350168e-01 5.396226573830207318e-01 5.525971922130044067e-01 5.397800144525167765e-01 5.501176997675160107e-01 5.684376856327268968e-01 5.385496531217427441e-01 5.496108311077048114e-01 5.597802573945088733e-01 5.446196902192044220e-01 5.520366931882297878e-01 5.459541129434919426e-01 5.404264387986059681e-01 5.485127943837876385e-01 5.509436615591750686e-01 5.457863197127583721e-01 5.608313054721422164e-01 5.676592250418183161e-01 5.729037878472824641e-01 5.602727383884044121e-01 5.638733625599832155e-01 5.633026195214153597e-01 5.642131554680659411e-01 5.638816604697863832e-01 5.603118816512144829e-01 5.684942535609767145e-01 5.629973939448987830e-01 5.601662201051449408e-01 5.702320720927568365e-01 5.587794641770232884e-01 5.638946018848108865e-01 5.682310750932518806e-01 5.750770368583040248e-01 5.662670135923895121e-01 5.699577920612634019e-01 5.688707095813966275e-01 5.689557412694284944e-01 5.651810198616181724e-01 5.678802173991680524e-01 5.697635126338933542e-01 5.704230697900843916e-01 5.614769847217431220e-01 5.631800405973400592e-01 5.664395329904188259e-01 5.519378707854044608e-01 5.535891221200621715e-01 5.615336277196729675e-01 5.432719959670793131e-01 5.517513121397388254e-01 5.607848985877674775e-01 5.619104911367049926e-01 5.501122524780760470e-01 5.500592490590509032e-01 5.563891188707453805e-01 5.609632296598348056e-01 5.498435292070495972e-01 5.548015349582392508e-01 5.530853399061936848e-01 5.598546480342515563e-01 5.500837498952964033e-01 5.547974468342901089e-01 5.504111993505105271e-01 5.510083258126401429e-01 5.551944481795511033e-01 5.573091758671298024e-01 5.478817739251985452e-01
2.487940260445934415e-01 2.049470350757636172e-01 3.831381510095905329e-01 6.410299608365239710e-01 4.565741002657824343e-01 4.894878228427033684e-01 1.000000000000000000e+00 7.407945038868293253e-01 7.605680350532114664e-01 6.472668980502593872e-01 7.470452149869536429e-01 8.051231480728077150e-01 7.078364132604684222e-01 5.331431489903892817e-01 8.220992593880140920e-01 8.035029404747525694e-01 7.326771172769764862e-01 7.454896111254065705e-01 7.460849034619414510e-01 6.689589210120734375e-01 7.837645529564669644e-01 7.618310325480304179e-01 7.984181453002817674e-01 7.876679088918178140e-01 7.534560939470694718e-01 8.162659135296663759e-01 7.986105876184717012e-01 7.861367757111583643e-01 8.106786445012235109e-01 7.875611844194437827e-01 8.266406539011587062e-01 8.314352954489695469e-01 7.689568001471226433e-01 7.940460803057113326e-01 7.730066551856497048e-01 7.728729507445336600e-01 7.744607314041783708e-01 8.209191982090444650e-01 7.944710366161866766e-01 7.795651649669980143e-01 7.904540762743272886e-01 7.892121698798224561e-01 8.033699575356060274e-01 8.118184052037855647e-01 8.076241073662729919e-01 7.926496997585789073e-01 7.721652252682775774e-01 7.758605530489193214e-01 7.802299212638210690e-01 7.996199819856263380e-01 8.140960827302846647e-01 7.731507668009378609e-01 8.022470400275022451e-01 7.697417901723627720e-01 7.890075289406299763e-01 8.068649730097238182e-01 7.807547028980676984e-01 7.801685413664608548e-01 7.896190237884912477e-01 7.760363991677200479e-01 7.840924342691175664e-01 7.805051233971290747e-01 7.809608208739542423e-01 7.866820413302800796e-01 7.734472161957866021e-01 7.850823886735355250e-01 7.815777116194968510e-01 7.981072970394136323e-01 8.225428055403860572e-01 8.159466031753365156e-01 7.839991372950776416e-01 7.836649073668454646e-01 8.126328721835259783e-01 7.943692940020354865e-01 7.948089768468880045e-01 7.896823889067040581e-01 7.857183732209648275e-01 8.016798839296587209e-01 8.045911214041523429e-01 7.909986165483087195e-01 7.937896008871233589e-01 8.000622467304669971e-01 8.024541020234240429e-01 7.986811015652073298e-01 8.030208837463349569e-01 8.010979536347303531e-01 7.770126067896152566e-01 7.932441787448860637e-01 7.853038482969398881e-01 7.985833802351726129e-01 7.924071132410405172e-01 7.833242325348476198e-01 7.898950078224543647e-01 7.838826063937707200e-01 7.657654430876315033e-01 7.698716400025612527e-01 7.928210539091723463e-01 7.889135059285002916e-01 7.820399538253457461e-01 7.906743840131685852e-01 7.796560655732976963e-01 7.856941858008538171e-01 7.819244398689544351e-01 7.804036475875947287e-01 7.836031148652216061e-01 7.767249805210898472e-01 7.815444814699730181e-01 7.688178622446810717e-01 7.866861315729460902e-01 7.688166722493393612e-01 7.737027191005424465e-01 7.716042509165452756e-01 7.705558585145781958e-01 7.795342993080659477e-01 7.713241183932407763e-01 7.704794537342831706e-01
2.566909195339506233e-01 2.016146695014116308e-01 3.455591623796171463e-01 5.958881819683787828e-01 4.495971043104853293e-01 4.817832268194854328e-01 7.407945038868293253e-01 1.000000000000000000e+00 7.487338452788671050e-01 6.546990357621164103e-01 7.512653764637098330e-01 8.007719085339436438e-01 7.145828763929580330e-01 5.290376255767209601e-01 7.888119431018423278e-01 8.043827012671285193e-01 7.370052964814971519e-01 7.299604137404632764e-01 7.392939899407841020e-01 6.448430411457545253e-01 7.445759616076453868e-01 7.535790210499054842e-01 7.586929556646720973e-01 7.433722609355564170e-01 7.236769773613440648e-01 7.861502328732615785e-01 7.801780788436999403e-01 7.730261436264075359e-01 7.792789268512753109e-01 7.460667471565198827e-01 7.935941244548420093e-01 8.099847100656554222e-01 7.525441105269259356e-01 7.663293503487582647e-01 7.539170499433289763e-01 7.649328103657985212e-01 7.552314718757736633e-01 8.054310611577411017e-01 7.814679895662013376e-01 7.737406414011911426e-01 7.818145206451971863e-01 7.866982589318363139e-01 7.957403479855302830e-01 8.052016802581569710e-01 7.933741447670837887e-01 7.824278949627488933e-01 7.790998056925412252e-01 7.864177873069257974e-01 7.924365343743365875e-01 7.918891267844776483e-01 8.037034201304430470e-01 7.791001715363967683e-01 7.986801718583450560e-01 7.878142733804973652e-01 8.051757320695455133e-01 8.024818667216115919e-01 8.043912284429326487e-01 7.879672408692434127e-01 8.014012104914970402e-01 7.844810700870296083e-01 7.864035142930317912e-01 7.974257720365769408e-01 7.949962168144717456e-01 7.929096458232441913e-01 7.872437241104017769e-01 7.977736043572838387e-01 7.909929680552193476e-01 7.985203861380253398e-01 8.090514051298797193e-01 8.107431546948512535e-01 7.891429470101217758e-01 7.908835653064522075e-01 8.009231156744611724e-01 7.889086652412449219e-01 7.915564044200350535e-01 7.920152032930070085e-01 7.829347770434151865e-01 7.964076979101710752e-01 7.932223751023789182e-01 7.853259043301147324e-01 7.889342879609698711e-01 7.928131615260102238e-01 7.997462434377848872e-01 7.915029545373029052e-01 7.973943519607398223e-01 7.959741542646691093e-01 7.761069679562345724e-01 7.890124419176827164e-01 7.852488945815158106e-01 7.996237691340218889e-01 7.862511387844546284e-01 7.835246627866938596e-01 7.883732355625024946e-01 7.853706264170492446e-01 7.751597676180663754e-01 7.804325622856631561e-01 8.005977304882108125e-01 8.009156827009594748e-01 7.887707616158620150e-01 7.928183663671262149e-01 7.836233120153036635e-01 7.933715052038203819e-01 7.836763851081814947e-01 7.860015293021983540e-01 7.933853769004637346e-01 7.956598346718675163e-01 7.929501886571748148e-01 7.807434079657354919e-01 7.921328666550884190e-01 7.782938296799813971e-01 7.801143150962339679e-01 7.812950704582259931e-01 7.858222711016812356e-01 7.879644747391999493e-01 7.829800930985640894e-01 7.855106550425200451e-01
2.112819971914011441e-01 2.448197695028251630e-01 3.773697718712288318e-01 6.086686096798401557e-01 4.698933953852071355e-01 4.891202834815276956e-01 7.605680350532114664e-01 7.487338452788671050e-01 1.000000000000000000e+00 7.529123003962953087e-01 8.107319849457211847e-01 8.499938406728761997e-01 7.667184006737962632e-01 5.957797164617266716e-01 8.393177027466434126e-01 8.515105961649265254e-01 8.224453877700608206e-01 7.581493280819007197e-01 7.801273319653359017e-01 6.614502193543533304e-01 7.541795755597168194e-01 7.942561123709246385e-01 8.094701945139981536e-01 7.701009050771775444e-01 7.642428395381080097e-01 8.607899979529423096e-01 8.565997784494251421e-01 8.439323016820143852e-01 8.344335911828330010e-01 8.039038774722148117e-01 8.638154226383655265e-01 8.700414152371037657e-01 8.057904660043374578e-01 8.284483892146897732e-01 8.161050827249621831e-01 8.343742464067109843e-01 8.214120403723071950e-01 8.679538072827889250e-01 8.556958718036615785e-01 8.303397389444906462e-01 8.638234395509103436e-01 8.582102090710912456e-01 8.538929617638701952e-01 8.767070773779745974e-01 8.666875320188236476e-01 8.526104984617534077e-01 8.692449326127749121e-01 8.764725289357127025e-01 8.755930008538339582e-01 8.591854192475515406e-01 8.676303788572610198e-01 8.595227774603743098e-01 8.773322722097998128e-01 8.713307223938203672e-01 8.775088486916451380e-01 8.802288219869155439e-01 8.812652104943109466e-01 8.612165633187510716e-01 8.727502614321368535e-01 8.734574400684642637e-01 8.707029421657759283e-01 8.733775472890188407e-01 8.704335836656591496e-01 8.812056496324978117e-01 8.752548850628694144e-01 8.817713494913200778e-01 8.762217894010334573e-01 8.733988077186475296e-01 8.815466162074281353e-01 8.792091258877102744e-01 8.650603223350129545e-01 8.703595274464520637e-01 8.693396348084753145e-01 8.588447537655079511e-01 8.747958562238259406e-01 8.712818322779656288e-01 8.639571662138790797e-01 8.748723586583758705e-01 8.705894659642230415e-01 8.648632069925268340e-01 8.653146857995414054e-01 8.765120612227730312e-01 8.775723858104208519e-01 8.679783547840165259e-01 8.735048100056675979e-01 8.715673131035485133e-01 8.583577665763448827e-01 8.670599401180039134e-01 8.665721344054535535e-01 8.759753223815897050e-01 8.615879528633080264e-01 8.653513822830293245e-01 8.698042859146970507e-01 8.647811059937847711e-01 8.637137846420909204e-01 8.671725585762719568e-01 8.748806404881117604e-01 8.827274640521993732e-01 8.725777916203930618e-01 8.687952888942948038e-01 8.628619124911389715e-01 8.744694905158540976e-01 8.719447850528900812e-01 8.700736739948277121e-01 8.758315315136050438e-01 8.768710905594773175e-01 8.773712955619494824e-01 8.667881364808283084e-01 8.731474907654129813e-01 8.641828473147293854e-01 8.601715230728405048e-01 8.703333666165538052e-01 8.683673289355814395e-01 8.761433741060992153e-01 8.719893894321433248e-01 8.736533718893613187e-01
6.802746896968321633e-02 1.680100400433218177e-01 2.903699809309213675e-01 4.915802327340928479e-01 4.101971418214411247e-01 4.401043694008470730e-01 6.472668980502593872e-01 6.546990357621164103e-01 7.529123003962953087e-01 1.000000000000000000e+00 7.261610488683937215e-01 7.782823391854420958e-01 7.268813037646367770e-01 5.677876356419657711e-01 7.816001061230828384e-01 7.834669372904321527e-01 7.420048258381648498e-01 6.486138345928923465e-01 6.902438531225261187e-01 5.451933899431047337e-01 6.232683816106866503e-01 7.044741535362493146e-01 7.049263003284005347e-01 6.671926235444700648e-01 6.826662028468768462e-01 7.724663908611634211e-01 7.671402352924180379e-01 7.814399634168975872e-01 7.357616502442602124e-01 7.341900174057730544e-01 7.802948087103512842e-01 7.830277057603077795e-01 7.416705988798053539e-01 7.531598356362434465e-01 7.527276106568671077e-01 7.642271836676521879e-01 7.654821260088316981e-01 7.937719749706932948e-01 7.988820767274329437e-01 7.742528604335278120e-01 8.168543170991142688e-01 8.089092363775105543e-01 7.875526711745435282e-01 8.145137939118799464e-01 8.051111586558604705e-01 7.998964509960213576e-01 8.254115008424341982e-01 8.328995650600206080e-01 8.226264553229991616e-01 7.869569756640910629e-01 7.999467046627587452e-01 7.861858366100658024e-01 8.024115650056953264e-01 8.249193875030650380e-01 8.202437417890685589e-01 8.189182812391048172e-01 8.109036899339039373e-01 8.202203193289502314e-01 8.211370499508892085e-01 8.242938601116943653e-01 8.273129536005179308e-01 8.225795419638612938e-01 8.185729403933942327e-01 8.206140404642103814e-01 8.225625815983820255e-01 8.196632554048733921e-01 8.259626481071850046e-01 8.159242671006311509e-01 8.163933344387053204e-01 8.059649617704428559e-01 8.129858090334394216e-01 8.209158308468202936e-01 8.055343440955315959e-01 8.004566164209895307e-01 8.257879970661432534e-01 8.241160915327851999e-01 8.226179924243740560e-01 8.213680322446462734e-01 8.176565176590988582e-01 8.157264796022470899e-01 8.167232882629660295e-01 8.234316795622234064e-01 8.201507933921305948e-01 8.170316618387102325e-01 8.196288328326872819e-01 8.175139494175196475e-01 8.140402757841914694e-01 8.237069305207086467e-01 8.242162225466044267e-01 8.223174817252173474e-01 8.195545203546639179e-01 8.244444692520055407e-01 8.237818716832598920e-01 8.236280040016958903e-01 8.274590501362869555e-01 8.314596638587691269e-01 8.179938096085104249e-01 8.145910813018588659e-01 8.282084909959059882e-01 8.237584210320468836e-01 8.204242914998882696e-01 8.244977422231292152e-01 8.236255122469235967e-01 8.265691485924575588e-01 8.247688975044686899e-01 8.255102722838357776e-01 8.289499719008848189e-01 8.281029831700472688e-01 8.281338279850799511e-01 8.254841677252906518e-01 8.258978037311457410e-01 8.302063477643386591e-01 8.287308341962921210e-01 8.272609481148048838e-01 8.268677314539653045e-01 8.271022315979454920e-01
1.321299760700441195e-01 1.923914369508206434e-01 4.003576045602266209e-01 5.779606962363799116e-01 4.658784333595790139e-01 5.196574463638967689e-01 7.470452149869536429e-01 7.512653764637098330e-01 8.107319849457211847e-01 7.261610488683937215e-01 1.000000000000000000e+00 8.640453157496270631e-01 7.590573269681837321e-01 6.105228593480592769e-01 8.468646251281999326e-01 8.446109716778658072e-01 7.855612989098057497e-01 7.597593701346561090e-01 7.873289494079545037e-01 6.177125533359055787e-01 7.523874356891129267e-01 8.034379981897730172e-01 8.154137811744812669e-01 7.778264419520525275e-01 7.851175728085716399e-01 8.533993821480383435e-01 8.485033001060497959e-01 8.496855383136833195e-01 8.214552957589164039e-01 8.396910874626991594e-01 8.689961246678802320e-01 8.654745866137623089e-01 8.288604094814274736e-01 8.403581326547430175e-01 8.473641137649700061e-01 8.519365770841424990e-01 8.635924560871425237e-01 8.755692652463616943e-01 8.753682241070308567e-01 8.546175964497806365e-01 8.730325582685857233e-01 8.752582759324387673e-01 8.706173399654573153e-01 8.853827293324531000e-01 8.798354154853328390e-01 8.746108457145195247e-01 8.699621446599713481e-01 8.759743029338871168e-01 8.668084652900430731e-01 8.567145961045715685e-01 8.727877855300782972e-01 8.554456526657367998e-01 8.716026206919464947e-01 8.681668935885473726e-01 8.742984929244045356e-01 8.855236911508890252e-01 8.612832103203674761e-01 8.740364348106327563e-01 8.787017769674161372e-01 8.705387134109392466e-01 8.767053069119652431e-01 8.726020988095543052e-01 8.659700991846601692e-01 8.719935067087288827e-01 8.719236574910609328e-01 8.692198170440255112e-01 8.796742323798451002e-01 8.827130794850662765e-01 8.885140030912914710e-01 8.741426150595569267e-01 8.789720725960571412e-01 8.802381375489519710e-01 8.767641725063941571e-01 8.762655047885677950e-01 8.824155226388956663e-01 8.839676989254318107e-01 8.795476785221060245e-01 8.801249697374589065e-01 8.806239095501966485e-01 8.856618418966517581e-01 8.833027254985665877e-01 8.830216246782630618e-01 8.853128007734408778e-01 8.870101928547931003e-01 8.828355628728657978e-01 8.836227746859671717e-01 8.782604995962465244e-01 8.802112734933614790e-01 8.824842299321162820e-01 8.861835190310427546e-01 8.811580564171657137e-01 8.797851676156639433e-01 8.819966042708675680e-01 8.802757310768839494e-01 8.718151835269127847e-01 8.756113312759822298e-01 8.748915585089015456e-01 8.658658378591017613e-01 8.742436685437092736e-01 8.766676819372616336e-01 8.763635614730999057e-01 8.738276525913795112e-01 8.751042745589803218e-01 8.761406105236154707e-01 8.804864982464006840e-01 8.698216906120349590e-01 8.750699551493957840e-01 8.761709912783420817e-01 8.810005077881293278e-01 8.707185873231323425e-01 8.740565194023212081e-01 8.728611161922199546e-01 8.750996855890760262e-01 8.754561590164097185e-01 8.770330538119117669e-01 8.719967593058728372e-01
1.619236226763395570e-01 2.031994107198073773e-01 3.957504256366479178e-01 6.423805237959412384e-01 4.903683016516361959e-01 5.406840915772503919e-01 8.051231480728077150e-01 8.007719085339436438e-01 8.499938406728761997e-01 7.782823391854420958e-01 8.640453157496270631e-01 1.000000000000000000e+00 8.124997200561233646e-01 6.307434656994660438e-01 9.002960376762850769e-01 9.031987622804297233e-01 8.327480762083054877e-01 7.905853041002058879e-01 8.273936330961776386e-01 6.637998966169125215e-01 8.104735132873691628e-01 8.533591616031642735e-01 8.533714340481889371e-01 8.160577196502932784e-01 8.295772520788702309e-01 8.992483882994757316e-01 8.989804469672835197e-01 8.913928162856059600e-01 8.713085478806144035e-01 8.803278160367213889e-01 9.261577683751521795e-01 9.103927205831557901e-01 8.595705859268467641e-01 8.793637209072787675e-01 8.815541301727960466e-01 8.907777951049529186e-01 8.982184871113141345e-01 9.172381189852093497e-01 9.153585409005366991e-01 8.888567610116506756e-01 9.173642612879521208e-01 9.159045440453570386e-01 9.208776173993368230e-01 9.348575248817097005e-01 9.281673701162738155e-01 9.199875505246635221e-01 9.180909169041855389e-01 9.238174791490538773e-01 9.177189878836842230e-01 9.044490304899153177e-01 9.234581714624106041e-01 9.050560357463035555e-01 9.259971922189594862e-01 9.191772424044291068e-01 9.276347875194088655e-01 9.340376189068972934e-01 9.154528275313112973e-01 9.219757720577548277e-01 9.257175029007427280e-01 9.218644666361623941e-01 9.288080762649967292e-01 9.251633612588500144e-01 9.208520480932300689e-01 9.250076560080312538e-01 9.205003589690534671e-01 9.266355945041580000e-01 9.264126448373043443e-01 9.287252945721838904e-01 9.365107559255410052e-01 9.256023423573498388e-01 9.259071315660932777e-01 9.273442268299635360e-01 9.223318101285971071e-01 9.212148373011987967e-01 9.306332009895902369e-01 9.312175350281887143e-01 9.234116574433074431e-01 9.280440795107475216e-01 9.293043454757347055e-01 9.312659264152425287e-01 9.279036545922917378e-01 9.346505774639113362e-01 9.322792881881912797e-01 9.300809831550991280e-01 9.272656185804399875e-01 9.280909812177819962e-01 9.235615448516837356e-01 9.245820681678109665e-01 9.276850117694394049e-01 9.321983461927778603e-01 9.235462732272379238e-01 9.250996702706156816e-01 9.291757889892306999e-01 9.249487185787150789e-01 9.188048586258826811e-01 9.223177023859743251e-01 9.263992243720511333e-01 9.230152019824398035e-01 9.254301359691338158e-01 9.254076849063027632e-01 9.243401333881891002e-01 9.252050903295786499e-01 9.255535560260724770e-01 9.249980362857223026e-01 9.297878588148160706e-01 9.225864030213983824e-01 9.260905732674912239e-01 9.221024950409656418e-01 9.292967974963194377e-01 9.181512157309915656e-01 9.184811097459616436e-01 9.226430952935104068e-01 9.225043782339754639e-01 9.271815342072443622e-01 9.232344421773103216e-01 9.232410616990681662e-01
6.993638425756913690e-02 1.808293614331650534e-01 3.070297738399841436e-01 5.308262063405687625e-01 4.871463580396160342e-01 4.710340447513054474e-01 7.078364132604684222e-01 7.145828763929580330e-01 7.667184006737962632e-01 7.268813037646367770e-01 7.590573269681837321e-01 8.124997200561233646e-01 1.000000000000000000e+00 6.015162307712218492e-01 8.404938434261916003e-01 8.249190802870526307e-01 7.539168468401802325e-01 6.737730136712749562e-01 7.241942055707553116e-01 5.995846195522064326e-01 6.725958575432331443e-01 7.317484137838047298e-01 7.356636118673536284e-01 7.029337577256775660e-01 7.151152446072912561e-01 8.162536365554527995e-01 8.007894866979883286e-01 7.999285124576074324e-01 7.734618376920313620e-01 7.699101511408608101e-01 8.236067505193317428e-01 8.116402260008341862e-01 7.540621596531272841e-01 7.670791684354578699e-01 7.751405276536917910e-01 7.888509090725729367e-01 7.918525546439357798e-01 8.286042971392186818e-01 8.230445435629744066e-01 7.962301651283365533e-01 8.487903081680014949e-01 8.440802405105861661e-01 8.343533538051330911e-01 8.535676162875942552e-01 8.394667390122828587e-01 8.438463929565248600e-01 8.577850661140378197e-01 8.626972627979325736e-01 8.528743172614847712e-01 8.205106479814106013e-01 8.369658094448371166e-01 8.243704391603612347e-01 8.447729131336083608e-01 8.595397850827398711e-01 8.577359120057053143e-01 8.507714227760836412e-01 8.374497602391407503e-01 8.591014916055995654e-01 8.498089648651659944e-01 8.626459284912340042e-01 8.633847882288303577e-01 8.572803652588193435e-01 8.515990801641001307e-01 8.517936627947079176e-01 8.515065033834751107e-01 8.549894435401869108e-01 8.578838012682584724e-01 8.512634505942185958e-01 8.549690396332225717e-01 8.534296941232123457e-01 8.501579570337809422e-01 8.515170535526912499e-01 8.401469016111120514e-01 8.355159183865767947e-01 8.609703871641414263e-01 8.579755332913077126e-01 8.582076383879374548e-01 8.583672859084044982e-01 8.522931067641992264e-01 8.488318858869351446e-01 8.556651073637335791e-01 8.589163678023067350e-01 8.485096261153263208e-01 8.509656589246982206e-01 8.544081700381483957e-01 8.498371120286151159e-01 8.459999893670354654e-01 8.603091765223193077e-01 8.548804512671711597e-01 8.606993743417201692e-01 8.503665004501362867e-01 8.613802916311757985e-01 8.614734566979782571e-01 8.598289279513250394e-01 8.620576257215845084e-01 8.638192885608769744e-01 8.578264717620206481e-01 8.589722805583869247e-01 8.643763935724728675e-01 8.583687015349837912e-01 8.584924561311991775e-01 8.638398605350208204e-01 8.632497847181407336e-01 8.638711510354698531e-01 8.621612624010691617e-01 8.576147844524427688e-01 8.642351339982465852e-01 8.618936038658718823e-01 8.653874898779867486e-01 8.630184669168375899e-01 8.606210085190415526e-01 8.659706638687502123e-01 8.619697785734619089e-01 8.640156028614003336e-01 8.563012106233836018e-01 8.631140391856525484e-01
