1.000000000000000000e+00 9.079829153352807214e-02 2.682746929300059979e-01 3.624508107684445979e-02 3.773623609003430579e-02 -1.176977403105555244e-02 -6.289042949100825952e-02 3.372508085106061537e-02 1.653370120671504850e-01 5.814698731066319376e-02 4.059998100764057594e-02 5.597237922863500595e-03 3.797754861841459717e-02 2.155147712354529149e-02 -2.516802712269221656e-02 -3.347377715240800085e-03 1.104421100471965067e-01 2.206522136016012270e-01 1.802000868507706022e-01 1.105254429460153370e-01 2.132596084874881226e-01 1.870930721044301859e-01 2.324379503640955635e-01 1.954430277344594846e-01 2.051439480510703628e-01 1.734765115770112998e-01 1.210790563299840028e-01 9.024544811291579371e-02 1.286043714725815523e-01 1.008426821462923145e-01 9.651858643107336100e-02 1.045423297087414161e-01 8.086341535438701378e-02 1.088951938191138474e-01 1.196511199165578576e-01 1.047539539444018036e-01 1.212164613371795180e-01 2.389772379695337748e-02 6.905113965009788968e-02 5.884528032743286535e-02 5.595342073376640551e-02 2.108312864044127946e-02 3.443030104343488412e-02 3.420644977338600096e-02 5.122110729518082606e-02 3.840147429495675835e-02 4.551032566458525913e-03 3.253857928495211549e-02 1.377111062697467837e-02 1.959745880726432299e-02 1.210727145776933390e-02 2.886996936955871576e-02 2.184634753554280315e-02 6.511419006674450116e-02 4.674893033308883533e-02 8.566537149068338686e-02 6.380071442749050969e-02 2.519064001031651179e-02 9.628775600064755705e-03 3.004588949669902143e-02 1.065171730860142892e-02 3.291512367967582009e-02 2.540446666901062522e-02 3.842068290098721306e-02 8.756354593964969790e-02 7.101724386600843930e-02 4.073224928543357770e-02 8.513898742921069407e-02 8.466184380173076562e-02 7.473027343260331412e-02 8.110113933180154722e-02 7.686431274763698418e-02 8.946525470072802522e-02 1.006862968921432289e-01 6.411062025235106376e-02 3.972680583825600326e-02 4.330861639187885692e-02 5.188377645205097255e-02 3.183131323596730122e-02 5.250220096354744903e-02 6.110280486875378086e-02 4.328450563038669513e-02 6.305666451608286927e-02 6.543202118423335767e-02 2.752414694675734894e-02 5.249992416556573116e-02 5.715872646631067061e-02 1.678744116551676366e-02 3.098982248589371435e-02 6.157486168133020216e-02 3.196829341514977746e-02 2.196148372679358057e-02 2.999481388442477858e-02 1.426928056378341109e-02 9.238499395732655689e-03 1.789610557240671820e-02 1.051802208670655527e-02 3.458046379556980326e-02 6.078425546206038012e-03 7.093360135897092134e-03 1.076650812730870280e-02 6.796499973863319964e-03 2.172276653675440233e-02 3.250269977717188102e-03 2.846443293576558786e-02 3.772380926373902071e-02 1.322733164630315872e-02 2.662114149264637949e-02 3.496473695676939608e-02 1.142427080961208076e-02 3.745338017488590403e-03 1.345607204204806416e-02 1.550778867591563921e-02 2.190128120989333002e-02 4.444677204294821687e-02 2.827977793658608546e-02
9.079829153352807214e-02 1.000000000000000000e+00 5.399994731990844649e-02 2.422775146314511824e-02 8.531502580793769164e-02 5.604191788612109676e-02 1.022602477636063989e-01 8.196924866768197371e-02 1.590052478523891200e-01 1.675813988526371756e-01 1.239328842360001015e-01 1.149282882380364551e-01 1.240211334792123837e-01 1.175849866663726540e-01 1.291368938000145850e-01 1.344953356149220514e-01 1.407815794966974232e-01 1.075291638784571513e-01 1.272367640623729423e-01 5.286981073668867159e-02 9.459720733982233953e-02 1.386173693637758608e-01 1.385388374602468942e-01 9.876083031643018151e-02 1.362905726530212469e-01 1.881031872653537163e-01 1.718843304872335886e-01 1.929587084171923150e-01 2.076053540684625887e-01 1.747836629045629031e-01 1.740211358371593076e-01 1.371590975503517440e-01 1.703898572140303547e-01 1.481616111484284071e-01 1.693123926359345610e-01 1.611207065143047401e-01 1.777422855669600898e-01 1.479842794431970032e-01 1.685814738109302213e-01 1.456999244946855510e-01 1.518391054092556314e-01 1.419331165194096800e-01 1.410858324756645854e-01 1.423463713377309814e-01 1.539083337029379661e-01 1.709383588716884006e-01 1.387667649165668093e-01 1.487520974195933043e-01 1.466325020341073815e-01 1.156833762013435435e-01 1.270525153911477023e-01 8.368897484073560544e-02 1.198333481296301184e-01 1.673309461633191164e-01 1.503732383473891376e-01 1.681742307180612295e-01 1.471320095561617358e-01 1.403594686013515114e-01 1.462002159061898954e-01 1.500865505086648177e-01 1.316125425551824546e-01 1.553154678355473661e-01 1.528755021870587538e-01 1.570156927200075103e-01 1.549089549343301841e-01 1.559916353263488820e-01 1.560389004879402242e-01 1.480271847129165652e-01 1.507253584171985850e-01 1.327942917244136212e-01 1.417624221589203759e-01 1.527115033220671492e-01 1.375406178954682312e-01 1.427883524099229084e-01 1.645117632363475302e-01 1.551937678251495423e-01 1.690473857672033231e-01 1.822166009437148904e-01 1.638295270202308196e-01 1.680177991210237420e-01 1.651635936408285821e-01 1.626333845776120890e-01 1.545109696696141399e-01 1.561671586127937883e-01 1.361480956423060940e-01 1.481080639036755076e-01 1.562137696287750899e-01 1.435242483694917637e-01 1.567212662813488311e-01 1.655623099154010514e-01 1.465552016312864914e-01 1.418571206005120877e-01 1.494087521702075760e-01 1.514151941442236637e-01 1.412408433826644327e-01 1.497209994303205227e-01 1.111815936323728715e-01 1.270129229073729549e-01 1.304384274631436580e-01 1.258572133227081058e-01 1.326971299156718131e-01 1.323393217492895568e-01 1.348004492248300601e-01 1.360069037366337663e-01 1.339296587299816654e-01 1.460600183864520230e-01 1.425250749953266560e-01 1.515946568987120990e-01 1.528575044506376435e-01 1.401170299103355055e-01 1.422007587934999151e-01 1.443604860593158679e-01 1.430233982636529844e-01 1.442023117403095078e-01 1.498855883299189673e-01 1.391429717835921953e-01
2.682746929300059979e-01 5.399994731990844649e-02 1.000000000000000000e+00 3.611726132015450341e-01 2.198863820778186595e-01 1.878210456372053361e-01 2.183533593530879169e-01 3.055288094471292348e-01 3.992363368224043918e-01 2.945226368703862674e-01 3.774962007140948428e-01 3.825841941026897342e-01 3.017589090487399206e-01 3.055894841764595915e-01 3.064224344162895797e-01 3.307557243297211680e-01 3.893687827011254043e-01 4.919493373837123817e-01 4.754580450735617081e-01 4.034039218032319241e-01 4.970700959771677807e-01 4.889654719521328574e-01 5.160706207520711075e-01 4.667218193730386377e-01 4.771581959664620842e-01 4.338500130448215142e-01 4.146848998975294909e-01 3.858267727396555991e-01 3.424714859486886476e-01 3.842480618667860615e-01 3.980606798462220097e-01 4.485867908891175704e-01 3.888324597079583778e-01 4.424124980940185581e-01 3.947536603326092242e-01 4.400590864332097896e-01 4.139583888341574203e-01 3.716344534643686859e-01 3.998804093887014521e-01 4.234591375704985228e-01 3.993959816294340159e-01 3.712274366537449133e-01 3.815797505212185081e-01 3.779041289821141736e-01 3.937819509849768695e-01 3.575747055349856041e-01 3.365494906372014094e-01 3.549446744964213085e-01 3.582083561385894233e-01 3.846182714821916315e-01 3.784240141752487907e-01 3.662266693262497541e-01 3.588258756544913664e-01 3.632819083128987492e-01 3.597919150504994001e-01 4.131274471638621826e-01 3.872680521307207413e-01 3.617215813387736345e-01 3.417726611556736738e-01 3.516807577697104725e-01 3.606062107475584422e-01 3.501917896021377041e-01 3.595978428421115480e-01 3.675789387603469738e-01 3.872204284800125906e-01 3.747622647005225405e-01 3.526976064592601268e-01 4.181418365125848524e-01 4.137547858646947740e-01 4.173722738259898479e-01 4.279389767809956280e-01 4.112993430834084863e-01 4.172612640025932240e-01 4.317114688969199698e-01 3.864684251045801266e-01 3.709824400057794014e-01 3.690769833864609439e-01 3.439187502259759555e-01 3.623053744086259798e-01 3.667828599053741256e-01 3.817901078676009252e-01 3.690244297940626916e-01 4.061542280952529227e-01 3.792564322752669526e-01 3.820064833284835815e-01 3.939055454986175042e-01 3.900693700481713821e-01 3.643023629785424600e-01 3.620665317024316376e-01 3.823758259611752530e-01 3.812730316770229222e-01 3.666354663222486376e-01 3.699158754752474021e-01 3.506775394700562543e-01 3.381531308983701800e-01 3.417891460990157282e-01 3.746705650614167715e-01 3.776537240281518382e-01 3.481416510731049074e-01 3.573171330112447364e-01 3.608888627236546687e-01 3.495883898517508914e-01 3.562134884703059834e-01 3.443198217892458612e-01 3.723418221719573817e-01 3.585277120596429001e-01 3.453540515700106450e-01 3.501669168951624389e-01 3.641845726834098684e-01 3.484649898892281383e-01 3.389375663241722680e-01 3.417459223678879221e-01 3.406188703149634622e-01 3.565747765325253393e-01 3.643770583729614154e-01 3.496960957727628938e-01
3.624508107684445979e-02 2.422775146314511824e-02 3.611726132015450341e-01 1.000000000000000000e+00 3.313297101149002000e-01 3.375188734447398531e-01 5.084842639218734028e-01 5.335837940353879150e-01 4.867817829195607571e-01 4.118153793314704436e-01 5.350097234549856529e-01 6.156533953832716843e-01 5.034204405606579336e-01 4.725280852489357475e-01 5.781078221748625623e-01 5.648831367243973833e-01 5.081821440947877910e-01 3.761514021933922702e-01 4.487547231179654927e-01 4.284291850844262339e-01 4.424664654986747991e-01 4.848342151701304226e-01 4.358684671861123294e-01 3.759853155918215228e-01 4.182603089376527028e-01 4.545326511761508814e-01 5.176821677622949203e-01 4.742681704330689585e-01 3.640446788544206003e-01 4.549948724529470634e-01 4.973238515497072632e-01 5.307660629483837988e-01 4.676029644535761309e-01 4.966634904986474974e-01 4.672127045050631367e-01 5.640199527002687230e-01 5.096004080412217530e-01 5.318778988571966071e-01 5.441507378807670658e-01 5.654285434042878311e-01 5.797657039210216690e-01 5.827905423902388637e-01 5.826197350904900318e-01 5.847034454055298758e-01 5.812163486079177099e-01 5.342969367206492626e-01 5.688794423309749826e-01 5.606749165909290511e-01 5.685203913929501862e-01 5.739394778394680818e-01 5.887658722741414552e-01 6.144690944132452648e-01 5.979999972828015098e-01 5.246773345263069377e-01 5.189732257947367033e-01 5.437622962902765034e-01 5.614447233107067170e-01 5.685308078180215663e-01 5.385579415410297610e-01 5.657848097662987463e-01 5.898261730982924389e-01 5.479094798449726245e-01 5.592803050499270956e-01 5.653310782688316660e-01 5.609346065951217319e-01 5.593876265769737177e-01 5.645585241996400327e-01 5.554854972433338478e-01 5.579635064959889146e-01 5.684136957576334526e-01 5.667632789091645584e-01 5.625435993992405903e-01 5.390962843650648484e-01 5.479774253965765674e-01 5.561553282813089805e-01 5.620917965966809593e-01 5.581677663604570627e-01 5.079256342644907773e-01 5.456160992100177465e-01 5.378257589607062794e-01 5.473440840721592870e-01 5.456609520178155037e-01 5.866145256642387729e-01 5.466490277337581194e-01 5.819019976735153588e-01 5.647690259330782059e-01 5.709719322691495513e-01 5.816373675120392051e-01 5.605954507834504108e-01 5.675379334984788082e-01 5.818122665857639042e-01 5.909963232631585406e-01 5.796762216289222946e-01 5.729351055074178856e-01 5.737029786089204997e-01 5.694484235732273358e-01 6.239682832942891055e-01 6.127450589463669939e-01 5.938863293691970524e-01 5.989783072062826452e-01 5.994600688896269958e-01 5.996075667588801617e-01 5.975332993916535607e-01 5.880529000524449268e-01 6.068444586522898643e-01 5.885539185193443545e-01 5.813446284073415793e-01 5.645321114459579404e-01 5.751898765332147390e-01 5.777265519234313640e-01 5.756850366016562637e-01 5.731358496226398591e-01 5.779801828733562852e-01 5.859223829717380427e-01 5.787200609906028026e-01 5.855085419457219942e-01
3.773623609003430579e-02 8.531502580793769164e-02 2.198863820778186595e-01 3.313297101149002000e-01 1.000000000000000000e+00 2.694701522604914801e-01 4.507814435184462898e-01 4.504476949693690946e-01 4.318300831590669020e-01 4.134134123774371172e-01 4.485184065783230367e-01 4.789780179129008997e-01 4.850636224650765604e-01 4.214599847018006273e-01 4.902248678430886075e-01 4.851800268792772486e-01 4.418160667825454246e-01 3.391872078687241943e-01 3.880764401479643300e-01 3.324189955945288100e-01 3.387330709601462653e-01 4.132280355385742898e-01 3.903573133091868819e-01 3.503364829733269237e-01 3.831446855447913080e-01 4.259271430816350956e-01 4.507454770817401757e-01 4.298115685627634797e-01 3.966794403605292119e-01 4.171367334914812819e-01 4.483405815858809151e-01 4.869019629429006124e-01 4.491562266014960669e-01 4.682959634860395792e-01 4.427589392998068085e-01 4.776503228464587525e-01 4.544472801499033210e-01 4.776946650779161918e-01 4.860238364123284360e-01 4.877093094826808195e-01 4.979746134691965809e-01 5.046888841822496641e-01 4.949364488439396137e-01 5.014274939287425292e-01 4.982046624173603888e-01 4.763711393719580744e-01 4.951736599941876094e-01 4.990677579413956844e-01 4.934218053197719778e-01 4.734614909703317442e-01 4.918893588472736389e-01 4.692013274331898742e-01 4.979225764465475268e-01 4.800131450944551403e-01 4.624268985723282155e-01 4.871458218977495203e-01 4.668549083448514381e-01 4.952849634370093401e-01 4.767512452084084473e-01 4.939496185412228235e-01 4.976477638553357119e-01 4.798788703179155957e-01 4.713024921719756177e-01 4.828408339229765533e-01 4.848259593759980945e-01 4.818844290469699865e-01 4.991090413478545540e-01 4.902791533067657470e-01 4.998679492135541524e-01 4.852518099059679457e-01 4.815996781673240745e-01 4.925470006408925183e-01 4.812164948744261372e-01 4.804164198977147748e-01 4.881903932018440972e-01 4.953651605998323215e-01 4.877207042436522144e-01 4.750240861157393191e-01 4.869559990995167564e-01 4.823603174442851471e-01 4.831218932180435521e-01 4.843708272139449211e-01 5.095032151002660825e-01 4.814756321524407134e-01 5.011943910212487419e-01 5.024430058561855095e-01 4.952937833744765483e-01 5.041348718434934817e-01 4.977199224070708583e-01 4.982178143202116161e-01 5.019702253535369696e-01 5.046249536570545091e-01 5.012141524609209364e-01 4.980714747152903410e-01 4.960890555154813808e-01 5.001770296701432139e-01 4.985745334382836735e-01 4.901947005761750353e-01 4.960339933795819833e-01 5.050647496446720730e-01 5.000013218356563760e-01 4.937176132765825343e-01 5.056482906214575523e-01 5.012777548254817583e-01 5.040956756897895241e-01 4.866164073919990174e-01 4.976753526946715023e-01 4.940297166023115416e-01 4.961225731221705071e-01 5.038344959400170575e-01 4.958306246335624778e-01 4.960810642847421348e-01 4.965592750629380103e-01 4.990090351065447627e-01 4.973857824086499457e-01 4.952001484333384829e-01
-1.176977403105555244e-02 5.604191788612109676e-02 1.878210456372053361e-01 3.375188734447398531e-01 2.694701522604914801e-01 1.000000000000000000e+00 4.387708466764592696e-01 4.230225610909846834e-01 4.376120809117916011e-01 3.887532710016443072e-01 4.664550630777728468e-01 4.946094506856761885e-01 4.472310587646440294e-01 4.302454480650865776e-01 5.047145136155610778e-01 5.059550991606076575e-01 4.334773211018546624e-01 3.113250602142728640e-01 3.795796446090631271e-01 2.930130834029504583e-01 3.352821881475991916e-01 4.150707353013674550e-01 3.332557418769778179e-01 3.064510364998015435e-01 3.641334693980014525e-01 4.399642165175955966e-01 4.943951265307690579e-01 4.627493433287478974e-01 4.139460503536675495e-01 4.502649395749227512e-01 4.788722155159347293e-01 4.397554178827949856e-01 4.163686725126064525e-01 4.282474369210557130e-01 4.425962340202343470e-01 4.476092939676933891e-01 4.706953099613308544e-01 4.746731473007625435e-01 4.845622793476752066e-01 4.769046594453573706e-01 5.100482731945937820e-01 5.118956373299133888e-01 5.058246527571560458e-01 5.147885303325078210e-01 5.095689869116042381e-01 4.965244167816443288e-01 5.201221872104200283e-01 5.155140025425997141e-01 5.154408962497181168e-01 4.822679168504023228e-01 5.015006545048275033e-01 4.925155602894281115e-01 5.223158531355137635e-01 5.045241074300472750e-01 4.966622180635860140e-01 4.937061083414966967e-01 5.053631009795714890e-01 5.184250148294757832e-01 5.073956660763122573e-01 5.236812165220890991e-01 5.249028271989082395e-01 5.131947540026063903e-01 5.150842828781202476e-01 5.133358126418881007e-01 5.076391340825990861e-01 5.075117147433914067e-01 5.111935897739048329e-01 5.026023454642680743e-01 4.979617851987854227e-01 4.886516335088684215e-01 5.047412323842789261e-01 5.144407955810323951e-01 4.806226788040041109e-01 4.919102019141441406e-01 5.157021002258833642e-01 5.188215687784288876e-01 5.204293741615713120e-01 4.978023536287896067e-01 5.195029440972868118e-01 5.039812912904492181e-01 5.110503093004788999e-01 5.130653923864484378e-01 5.061796611180863215e-01 5.054157385530309021e-01 5.103150202248943890e-01 5.092215131179596010e-01 5.119673992702862275e-01 5.164500674442873418e-01 5.165741694821446295e-01 5.126452342912424243e-01 5.172886469698722012e-01 5.255610484978957553e-01 5.226759744440059308e-01 5.228207919390809311e-01 5.239648502882067183e-01 5.202521251588608786e-01 5.192426140703836346e-01 5.167181756115328817e-01 5.237908570420539700e-01 5.188247095532700914e-01 5.249073674181601312e-01 5.247179391046811192e-01 5.259736877138588840e-01 5.262188733335726454e-01 5.237162134445927375e-01 5.189687007238527050e-01 5.229394614006368514e-01 5.225439609546232989e-01 5.213720162591980456e-01 5.228843045553288604e-01 5.215531034674174560e-01 5.252442991799054495e-01 5.238420596390273021e-01 5.228298842377350208e-01 5.165549840006767868e-01 5.240545886002787590e-01
-6.289042949100825952e-02 1.022602477636063989e-01 2.183533593530879169e-01 5.084842639218734028e-01 4.507814435184462898e-01 4.387708466764592696e-01 1.000000000000000000e+00 7.165468763552361731e-01 6.373052408284806125e-01 6.167221881851833176e-01 6.986203451123692565e-01 7.533779888327188923e-01 6.818395765013206544e-01 6.564119450588445925e-01 8.341074347323325089e-01 7.869292778015964940e-01 6.527856426977329818e-01 4.241411486389390917e-01 5.537965976053477180e-01 4.423453000545444769e-01 4.537767332280520094e-01 6.011288737108315683e-01 5.014536892574054106e-01 4.501408641619804030e-01 5.280070207698333018e-01 6.217828114560003394e-01 6.795676986486163251e-01 6.725979008795676117e-01 6.132661763705038460e-01 6.614381252629161212e-01 6.844683885150901759e-01 6.993190355758478471e-01 6.739553478313833335e-01 6.816692833969109078e-01 6.733667373940928069e-01 7.023133394004269503e-01 6.675832658816754916e-01 7.663431338127709713e-01 7.408475897267922106e-01 7.397419969934369011e-01 7.653185495268814975e-01 7.923719541056940541e-01 7.823460828627342156e-01 7.862998483503024216e-01 7.724950092073907815e-01 7.577974824917256269e-01 7.906427071794309702e-01 7.750642763166872840e-01 7.793567000393248900e-01 7.606126257389389522e-01 7.898437790096957123e-01 7.535465355582506852e-01 7.791103005984622021e-01 7.386970427804203654e-01 7.350530045269938473e-01 7.404619294341004965e-01 7.284565002657473753e-01 7.724844130831129974e-01 7.684233276027490067e-01 7.737356470601027825e-01 7.902199827369404961e-01 7.601821993372563924e-01 7.611433158409400823e-01 7.563398953838480487e-01 7.440695828993522110e-01 7.389992820137909479e-01 7.804342393651362286e-01 7.399233781555456524e-01 7.548136741251612047e-01 7.313712073488389809e-01 7.382585664953209559e-01 7.605422477732651787e-01 7.206283930630674739e-01 7.269174697811131569e-01 7.627413056070085906e-01 7.753151167911359609e-01 7.772728329543716619e-01 7.524819111990166398e-01 7.785097579749421515e-01 7.584004582743785194e-01 7.555624584079332351e-01 7.610303634807190631e-01 7.800091354187613790e-01 7.569174089157806318e-01 7.966755197660316812e-01 7.738069788459552845e-01 7.623825967532312786e-01 8.078725680175244950e-01 7.815926460642276252e-01 7.746906938392911224e-01 7.905167482913116883e-01 7.989929908046833340e-01 7.901168070684878586e-01 7.947386190255854022e-01 7.917693814323849555e-01 7.877471428763364036e-01 8.062356622791817529e-01 7.891611129147649839e-01 8.026121190583042075e-01 8.115915683987722229e-01 8.037055896930983545e-01 8.030372687104238016e-01 7.972449329728056311e-01 8.006196981782005562e-01 7.944191610872169962e-01 7.772652077625203937e-01 7.944246088450022114e-01 7.825754580024498752e-01 7.867933568720428816e-01 7.935497960365950343e-01 8.000274551132923184e-01 7.853327931631913783e-01 7.895105218912161771e-01 7.925442007458586291e-01 7.779793707873343678e-01 7.824085710996924181e-01
3.372508085106061537e-02 8.196924866768197371e-02 3.055288094471292348e-01 5.335837940353879150e-01 4.504476949693690946e-01 4.230225610909846834e-01 7.165468763552361731e-01 1.000000000000000000e+00 6.791764396809263360e-01 6.010434033560876355e-01 7.055222375991659911e-01 7.520334706675532166e-01 6.836228243034119245e-01 6.623995737348863377e-01 7.896562845182983903e-01 7.862851720107594256e-01 6.704573251816414725e-01 5.380063482824842813e-01 6.215592998994635687e-01 4.995527644843830717e-01 5.638955912016712091e-01 6.560665333392881049e-01 5.761530684411638736e-01 5.493860452105272518e-01 5.970134472922073998e-01 6.607393339388653031e-01 7.003667439159714236e-01 6.731342647871111362e-01 6.156510241758650359e-01 6.812327345534278100e-01 7.058717095769901917e-01 7.336518655965400537e-01 6.800654410334998623e-01 7.116655333036145947e-01 6.967405579684164962e-01 7.253197190142282036e-01 6.998430575808736176e-01 7.664614898748627336e-01 7.516384620870785183e-01 7.557360220704786302e-01 7.738484315369256183e-01 7.875043298984016893e-01 7.855184957747907148e-01 7.844885422700105249e-01 7.758714787858753681e-01 7.551542125487574753e-01 7.813352389903858164e-01 7.730454627767429088e-01 7.801516111819342125e-01 7.630475964796681332e-01 7.920200494242503053e-01 7.350893740725683578e-01 7.703052970451310655e-01 7.415102377244853216e-01 7.406270847763964937e-01 7.579417508740852183e-01 7.411701286115648379e-01 7.748660837227681064e-01 7.680497129218397667e-01 7.685521554972644109e-01 7.875686963460923895e-01 7.610609495441673644e-01 7.618728163116407215e-01 7.613994756919657547e-01 7.533458476850075636e-01 7.459896751875411125e-01 7.753040752087363430e-01 7.693593093101955827e-01 7.769483443889685370e-01 7.602893604916404202e-01 7.686383473903537489e-01 7.756316169540999894e-01 7.566075502196538682e-01 7.584670228389595037e-01 7.665139790061517022e-01 7.725081247220464409e-01 7.695117313487401800e-01 7.441423310599842855e-01 7.698736343259819925e-01 7.618589561195110438e-01 7.626109339239297569e-01 7.652907112225325603e-01 7.869185607436780527e-01 7.648491055403352501e-01 7.935411026622929409e-01 7.807163785853296067e-01 7.709121622423026343e-01 7.980811095860222970e-01 7.810153483413889708e-01 7.788256806961266765e-01 7.837849510174148548e-01 7.941930648502844026e-01 7.865308181352010930e-01 7.852606008081756128e-01 7.857325846497824617e-01 7.816418322219526038e-01 8.030299267962955900e-01 7.837568498475472323e-01 7.945752337081768424e-01 8.040417217546247386e-01 7.968732603161586825e-01 7.938813882603564798e-01 7.901739239068502618e-01 7.927384423527611412e-01 7.867432356205898980e-01 7.728721357334515929e-01 7.876769782193193681e-01 7.797347226182573809e-01 7.864174014255541634e-01 7.897762177291963726e-01 7.902177624038804193e-01 7.790006936397084747e-01 7.825477791870567579e-01 7.849583380830171819e-01 7.735049414523373912e-01 7.761733279198208546e-01
1.653370120671504850e-01 1.590052478523891200e-01 3.992363368224043918e-01 4.867817829195607571e-01 4.318300831590669020e-01 4.376120809117916011e-01 6.373052408284806125e-01 6.791764396809263360e-01 1.000000000000000000e+00 7.238077320546355553e-01 7.968808912683447154e-01 8.015734460981297493e-01 7.247904439250586472e-01 7.055743698087796334e-01 8.012980946963483841e-01 8.035543148187983542e-01 7.901809035477463938e-01 6.378760761345769748e-01 7.096624562739403119e-01 5.442593417604494332e-01 6.573350790034654390e-01 7.592820633833928801e-01 6.856737349029012885e-01 6.254928647286689403e-01 7.013658502881616741e-01 8.159577630187130337e-01 8.257503327306401353e-01 7.944286088789054290e-01 7.619740761097845150e-01 8.263280888555500914e-01 8.438453957986843390e-01 8.165688762070743012e-01 7.636171125392949843e-01 7.867077435256576434e-01 8.198281167176404427e-01 8.095207926664088616e-01 8.416174555644920785e-01 8.140450435485114822e-01 8.403842717311841293e-01 7.951106124190735480e-01 8.496838824255822376e-01 8.311352425400778676e-01 8.223207229370071980e-01 8.484670275242737203e-01 8.493493499861888285e-01 8.377520458408393988e-01 8.517344245202229658e-01 8.661293665614904214e-01 8.553582318302129783e-01 8.065500868348878249e-01 8.296421525999837510e-01 7.772504668006033901e-01 8.357810303593637968e-01 8.652340913020548641e-01 8.437205237878735442e-01 8.592556780145815809e-01 8.582118499289687064e-01 8.507359590608889466e-01 8.433156363583087511e-01 8.655395573776606399e-01 8.491721992720288048e-01 8.612573973526528315e-01 8.523769243392296246e-01 8.669301254617206576e-01 8.703794513423317447e-01 8.725567653069579155e-01 8.624978497675159783e-01 8.624124964915451663e-01 8.652549845391264149e-01 8.435042184793386522e-01 8.541413989424775366e-01 8.641719207047071638e-01 8.360873890749458415e-01 8.472181708929423793e-01 8.681635246388691440e-01 8.642959785640730308e-01 8.521299558061731227e-01 8.478232903856238734e-01 8.487978774172747487e-01 8.642762619004304980e-01 8.693955498990759700e-01 8.645114758057074189e-01 8.611200757766608316e-01 8.642382385729946437e-01 8.438016272244595051e-01 8.547086018460905432e-01 8.597156134585950404e-01 8.432525860536103091e-01 8.562870032196905346e-01 8.642594774542502467e-01 8.428929917126746219e-01 8.503289863604994725e-01 8.552546395605323815e-01 8.464672234670167494e-01 8.539562061463245035e-01 8.578508749007854872e-01 8.238222588199665131e-01 8.438602368809110521e-01 8.456155126744311357e-01 8.378732043879736358e-01 8.358226126278670565e-01 8.447574739803720423e-01 8.508207656699998678e-01 8.458399822939279833e-01 8.517271262858010505e-01 8.550204655895223826e-01 8.539239233831861231e-01 8.601319263851945340e-01 8.582680601314724989e-01 8.550779620644752832e-01 8.462606950879023593e-01 8.560272465090986715e-01 8.528954815577304283e-01 8.549596068399806237e-01 8.672121248889704814e-01 8.594325349035274453e-01
5.814698731066319376e-02 1.675813988526371756e-01 2.945226368703862674e-01 4.118153793314704436e-01 4.134134123774371172e-01 3.887532710016443072e-01 6.167221881851833176e-01 6.010434033560876355e-01 7.238077320546355553e-01 1.000000000000000000e+00 7.336127887404361170e-01 7.343964226615380397e-01 6.747717719510640810e-01 6.669631207472276335e-01 7.569879299306340181e-01 7.411759365663908028e-01 6.898104328361229776e-01 5.505489003388739366e-01 6.111156302053365463e-01 4.709704841287434274e-01 5.639351966501684466e-01 6.537672206974896039e-01 5.947262935771073789e-01 5.418023153151548810e-01 6.154922085093181838e-01 7.241292033164141717e-01 7.471632037671475102e-01 7.481233386130274887e-01 7.135987661565810214e-01 7.680670839645894477e-01 7.882467158400598972e-01 7.408874899098155664e-01 7.238754931931811187e-01 7.177971018923051671e-01 7.474040232205210188e-01 7.343299780071538274e-01 7.801336999927026561e-01 7.641587698204833634e-01 7.865187022908921577e-01 7.529049842822410632e-01 7.829673963050357566e-01 7.864218992701981215e-01 7.673689432398479449e-01 7.849394944263832219e-01 7.876955169933379519e-01 7.884825298867088605e-01 7.946174579963701801e-01 8.036160211650053009e-01 7.916651859782751766e-01 7.265879240540635831e-01 7.655554338759364974e-01 6.984062127371836182e-01 7.667487247434688902e-01 7.852738208516137908e-01 7.635101911864700108e-01 7.836138677806112618e-01 7.569430889417009256e-01 7.841180818362307736e-01 7.796715675435889059e-01 7.949680104787303359e-01 7.843020687174073746e-01 7.867948614746946845e-01 7.768723699249899806e-01 7.868988711426939675e-01 7.847728306315195912e-01 7.809461525754102240e-01 8.014490182708414734e-01 7.873181745118440489e-01 7.912897462240378044e-01 7.705960203219481830e-01 7.827396777869585209e-01 7.922255126932503666e-01 7.593868418731205550e-01 7.747703066261055760e-01 7.991353577106617978e-01 8.039077087868343741e-01 7.941988679053444411e-01 7.971432601627966852e-01 7.996185557392659904e-01 8.089706821169851958e-01 8.073896374804420129e-01 8.095959162779544638e-01 7.948800956683869101e-01 7.952638649582858266e-01 7.882389534541089926e-01 7.935923960056362469e-01 8.015285339089435190e-01 7.935992640912915563e-01 8.034473318788541985e-01 7.974251762720196979e-01 7.929624989521820710e-01 7.931638605122457442e-01 8.007241039928778559e-01 7.979701972011805644e-01 7.975932521210248316e-01 8.006796303609502452e-01 7.597053377387550377e-01 7.620525878980527468e-01 7.861518205513119417e-01 7.845033775120584529e-01 7.814444092419803312e-01 7.810920707235682325e-01 7.886093671980577424e-01 7.921291704581756576e-01 7.887736434725116652e-01 7.752663825599259706e-01 7.941236561467892585e-01 7.992870954454053267e-01 7.954111304628014301e-01 7.977740315177581643e-01 7.916625004602829696e-01 7.966419244865012850e-01 7.911264773913041504e-01 7.941621573628020458e-01 7.956951102954639143e-01 7.915166904425743333e-01
4.059998100764057594e-02 1.239328842360001015e-01 3.774962007140948428e-01 5.350097234549856529e-01 4.485184065783230367e-01 4.664550630777728468e-01 6.986203451123692565e-01 7.055222375991659911e-01 7.968808912683447154e-01 7.336127887404361170e-01 1.000000000000000000e+00 8.666993779186059621e-01 7.523190708378632019e-01 7.372210616439475173e-01 8.480805203446958318e-01 8.322854991665711299e-01 7.956753690232883924e-01 6.374916606220694115e-01 7.199935433172344190e-01 5.674229569490653047e-01 6.646708320205473308e-01 7.619390490795450166e-01 6.886932437845899591e-01 6.313751719376250460e-01 7.093315018042003484e-01 7.977303437296960897e-01 8.413100272008285918e-01 8.155992327965196909e-01 7.578440278595338642e-01 8.457936034492474775e-01 8.650699003430093459e-01 8.450682812132411792e-01 8.042569666052015176e-01 8.137788628370259403e-01 8.309270377698734222e-01 8.354475749007882479e-01 8.582907522873439721e-01 8.630173424772609181e-01 8.768281678394084233e-01 8.493854061993032500e-01 8.803258159421740725e-01 8.820821466950233836e-01 8.690778395672869028e-01 8.875329356719018348e-01 8.860457698985265695e-01 8.758474305362125012e-01 8.869348805142938108e-01 8.927581061551125297e-01 8.871300844880067871e-01 8.476888214849539471e-01 8.791193314511076551e-01 8.191375583333659893e-01 8.700801896978207495e-01 8.674230343113054076e-01 8.576920033352852801e-01 8.785985619690864779e-01 8.616123081545914442e-01 8.806737730265108421e-01 8.736714120761129854e-01 8.842639561987214458e-01 8.878689814908479194e-01 8.786245304261895983e-01 8.763429489214878965e-01 8.838009546069568456e-01 8.752447626975831119e-01 8.728562370908978796e-01 8.890472932631545699e-01 8.846590053545639876e-01 8.882849883076470165e-01 8.736311621215505641e-01 8.829539647866730956e-01 8.881459908390545444e-01 8.582101015948704337e-01 8.737650096659429488e-01 8.893425851047994657e-01 8.944163314232671524e-01 8.808333054905882475e-01 8.685650472976148562e-01 8.821633156822616950e-01 8.886020031200216884e-01 8.920664013582555452e-01 8.934191451747766077e-01 8.935399264504118033e-01 8.833168410644659518e-01 8.868590884231642990e-01 8.874157556726592899e-01 8.902243831761471604e-01 8.874804434297939304e-01 8.917473329244374192e-01 8.881800132294913608e-01 8.873823616077096688e-01 8.899947583992764422e-01 8.932393689192625885e-01 8.890432010511617467e-01 8.883267473820806170e-01 8.887558711974110626e-01 8.721856656076185654e-01 8.704994092430219377e-01 8.861831117473228936e-01 8.862470568952492966e-01 8.820937121976768491e-01 8.817369731970474689e-01 8.868383549282558009e-01 8.878208628867135799e-01 8.867600902702412746e-01 8.738532900654928381e-01 8.861620280978356190e-01 8.881405558494400720e-01 8.883730984118396456e-01 8.907277092449983336e-01 8.846162446477611185e-01 8.866848938665405910e-01 8.831173768262734480e-01 8.889435538949460591e-01 8.897988173612734197e-01 8.844386521065805695e-01
5.597237922863500595e-03 1.149282882380364551e-01 3.825841941026897342e-01 6.156533953832716843e-01 4.789780179129008997e-01 4.946094506856761885e-01 7.533779888327188923e-01 7.520334706675532166e-01 8.015734460981297493e-01 7.343964226615380397e-01 8.666993779186059621e-01 1.000000000000000000e+00 7.958164109993272062e-01 7.754644500462920531e-01 8.964740613314419182e-01 8.864475146409714901e-01 8.182769000356961975e-01 6.209384532109907262e-01 7.153552477251958752e-01 5.772441682089026749e-01 6.665323249507167924e-01 7.677633838048611992e-01 6.779700777142187995e-01 6.139150022970462084e-01 6.929573704893260411e-01 8.036885043340069590e-01 8.590727586082342881e-01 8.277614229005010316e-01 7.463465492449276040e-01 8.354898860171334762e-01 8.715941858019721211e-01 8.527099598732532648e-01 8.043422543806800773e-01 8.209622295841310091e-01 8.268733817562154975e-01 8.674692056169085452e-01 8.649516074149663503e-01 8.898886468819687812e-01 8.997980367582568695e-01 8.782263145067036314e-01 9.178953717251773226e-01 9.219580306795159830e-01 9.123468700300806367e-01 9.309220148605472644e-01 9.208867423187105938e-01 9.082332872262659507e-01 9.281536567293123818e-01 9.269063284684765369e-01 9.244186454292635524e-01 8.939339944946685934e-01 9.219596542747883205e-01 8.768066961421662198e-01 9.176035899656855843e-01 8.978492645635374192e-01 8.912176257150985492e-01 9.048579697348889672e-01 9.031663026938619998e-01 9.234359416915424168e-01 9.090571786701560075e-01 9.257895782396943218e-01 9.322115127560430814e-01 9.163445624530791589e-01 9.158458016690831371e-01 9.220586287527474667e-01 9.147223156302468627e-01 9.138933604077387196e-01 9.258480528264710907e-01 9.114759058176500339e-01 9.126548203895086253e-01 9.034293392309554749e-01 9.116476070489502037e-01 9.162464484075455440e-01 8.807445433410412416e-01 8.931445036254861414e-01 9.200680774560086039e-01 9.257711523132783338e-01 9.156992100384540034e-01 8.897435068652265189e-01 9.135435392463083781e-01 9.109754770851827832e-01 9.168217573444698010e-01 9.184644813893184656e-01 9.254189822518577024e-01 9.084436216682577614e-01 9.217179293518888983e-01 9.167018986241283196e-01 9.249111719461931003e-01 9.264606731904120318e-01 9.250958954158072789e-01 9.242453557738384839e-01 9.255017644362455442e-01 9.320920763861479941e-01 9.319760867580355601e-01 9.283149816285911626e-01 9.287716448548107850e-01 9.288125053841767009e-01 9.217139431642316083e-01 9.220670217058489770e-01 9.307700734173106616e-01 9.288115976755539904e-01 9.282521006242950845e-01 9.300992747598727517e-01 9.326853729114320535e-01 9.321363606406040114e-01 9.332001090124980580e-01 9.197210955333400273e-01 9.290270889962497503e-01 9.280239378004708772e-01 9.277540939973247802e-01 9.318998096960700028e-01 9.261747642711128936e-01 9.282745199276212222e-01 9.264065115837255560e-01 9.314943678242254554e-01 9.294293315910495679e-01 9.287665082118405913e-01
3.797754861841459717e-02 1.240211334792123837e-01 3.017589090487399206e-01 5.034204405606579336e-01 4.850636224650765604e-01 4.472310587646440294e-01 6.818395765013206544e-01 6.836228243034119245e-01 7.247904439250586472e-01 6.747717719510640810e-01 7.523190708378632019e-01 7.958164109993272062e-01 1.000000000000000000e+00 6.856703475277540205e-01 8.126372087528418442e-01 8.190010233973672449e-01 7.102756836962649256e-01 5.184132808776714674e-01 6.191234937083455181e-01 4.726656976338891036e-01 5.354275192098922886e-01 6.622523712501280357e-01 5.800835783530143841e-01 5.228149300675897226e-01 6.014248203727210473e-01 7.067044605268276714e-01 7.534625962755810979e-01 7.231214596007647932e-01 6.750209953052567213e-01 7.491382690336838568e-01 7.721638866678834923e-01 7.478410008890131744e-01 7.014970696225985014e-01 7.196512077634524829e-01 7.371693268773082952e-01 7.510426613514383787e-01 7.646331461840963906e-01 7.834582411876488406e-01 7.962927216349365844e-01 7.715416665830837628e-01 8.188668549155599941e-01 8.203825957266809299e-01 8.119291999944231453e-01 8.287959451323329008e-01 8.194579818996133858e-01 8.067731183642810056e-01 8.408985754155949843e-01 8.396063128832704781e-01 8.278721922158076563e-01 7.698886439545837845e-01 8.061666997417491487e-01 7.683037693302539051e-01 8.276757752664386514e-01 8.143945254304386649e-01 7.959117081981382791e-01 8.029362965527558904e-01 7.954760521366708304e-01 8.312114673865075298e-01 8.183116427635213075e-01 8.397560605921415844e-01 8.363403252118909448e-01 8.273534884255809851e-01 8.115257937275728306e-01 8.235360315304306456e-01 8.196764834473437844e-01 8.187937986420474878e-01 8.409772636734054174e-01 8.143852601318744000e-01 8.175209787285085961e-01 7.949073484730353467e-01 8.106862293842833633e-01 8.237831384427155568e-01 7.847626718900947429e-01 7.954305382448767503e-01 8.258083557496580518e-01 8.335814049356301547e-01 8.266676532230886609e-01 8.084901412600021819e-01 8.290642062819620906e-01 8.282038951486365708e-01 8.242455479759609460e-01 8.296358978309197330e-01 8.285250514071639261e-01 8.188920207118931538e-01 8.275172921831179806e-01 8.234920062237942595e-01 8.274281319220496700e-01 8.348294268408575913e-01 8.360116085317848000e-01 8.317722879848309381e-01 8.297595989130678307e-01 8.420212417473672550e-01 8.393561660507683486e-01 8.394528387083187715e-01 8.448395040057725680e-01 8.437385386232151285e-01 8.267280403786108067e-01 8.219498238259179690e-01 8.403842641391436885e-01 8.370949736605666214e-01 8.379006952058656310e-01 8.357970529119768122e-01 8.428516369096831218e-01 8.460846923713009060e-01 8.391071952120658928e-01 8.270753605127516561e-01 8.431198506704771223e-01 8.403934272383729587e-01 8.393278834912833997e-01 8.463471318982971336e-01 8.411399675319113367e-01 8.445470245112356444e-01 8.433441635206012643e-01 8.406949396152183507e-01 8.381693446744209464e-01 8.409222533151425871e-01
