1.000000000000000000e+00 1.625923736063946967e-01 2.427443834380907661e-01 2.518022637031504529e-01 1.225355024380190283e-01 2.322696609280257979e-02 2.387862495180947953e-01 1.837917929347814838e-01 1.969400422558324759e-01 1.208963171669271003e-01 1.618266668368225081e-01 9.142850330977138340e-02 4.645827462139343750e-02 5.416544472053619330e-02 7.675163706139996600e-02 7.688207557587897756e-02 2.641050213775735234e-01 3.315076270670607173e-01 2.768853514649284864e-01 3.280120140786383365e-01 3.152302041790917553e-01 3.138065595373829009e-01 2.861602486571809822e-01 2.697481660825100658e-01 2.058406391062433116e-01 2.804773287076749999e-01 2.389987963856445852e-01 2.666779758551633961e-01 2.866399791484238180e-01 2.300556326022659692e-01 1.751883897226631237e-01 1.972805975682078716e-01 2.324686799623890965e-01 1.647511390848937218e-01 1.965611904411594946e-01 9.106610094204263539e-02 1.350430707680284337e-01 1.471735994772182532e-01 1.013246059585303921e-01 1.544250023241728886e-01 8.491623104915081710e-02 1.014180806718408961e-01 1.146270592968727658e-01 1.054045002567300243e-01 1.202813090864387341e-01 1.118721446345665033e-01 3.137324847347746498e-02 6.791034407544120632e-02 9.491117715867863902e-02 1.297841235058192211e-01 1.134684470563461223e-01 1.288833395605376853e-01 9.306572721746583787e-02 1.403347305209573792e-01 1.697730752158559120e-01 1.555433165922871785e-01 1.645548955879276576e-01 8.825972879322586950e-02 1.133834324748171224e-01 7.474016825695113664e-02 6.908813661700427544e-02 7.578670914489751831e-02 1.042248829019123135e-01 7.052322364723062620e-02 1.061735484956062153e-01 1.029470167181520679e-01 7.214544675845621646e-02 1.471357510516786149e-01 1.364205948551641678e-01 1.369336510983754363e-01 1.242645604466094539e-01 1.107834947525417613e-01 1.372831946617775190e-01 1.253329279395831442e-01 9.007696072480413096e-02 1.008364199602732741e-01 9.420500286711222526e-02 1.309753602761778157e-01 8.736048395409405642e-02 9.773610067636488707e-02 9.629270583675512973e-02 7.483515202604536232e-02 1.015203630886087893e-01 9.588311626501161422e-02 7.884314967911119909e-02 9.062890411720773975e-02 6.031056049967209454e-02 7.300618890480645162e-02 5.108150509573022857e-02 9.774065478221037606e-02 6.886104515939701909e-02 4.848884807270834735e-02 5.428605170737477864e-02 5.448356484582962678e-02 1.911876459562772065e-02 3.921980088723483332e-02 7.513065405093173610e-02 1.115617471869478211e-01 5.041731851333875608e-02 7.100760762189671504e-02 5.882533385435401163e-02 7.072923516550581879e-02 4.716566659606418604e-02 4.486719820434423300e-02 7.411648617879948442e-02 8.667332516386545838e-02 7.415598891158810269e-02 6.050796440359694495e-02 9.103618074651655123e-02 4.297607532558943982e-02 6.353137330502768576e-02 4.051146302229972906e-02 5.431959350929149721e-02 4.778260098395974848e-02 8.332309537265013277e-02 7.895821778099788857e-02
1.625923736063946967e-01 1.000000000000000000e+00 1.300692590055215758e-01 1.148540283072612966e-01 1.025783046997394976e-01 1.287046884006224079e-01 1.857213856482313186e-01 1.641847045635284330e-01 1.976860069515621876e-01 1.892538628026627923e-01 1.839442567412402640e-01 1.637666185466057911e-01 1.634851041641000868e-01 1.746746727557801915e-01 1.813278076267426375e-01 1.780190449443703471e-01 1.992960097154869159e-01 2.244709866957729505e-01 2.237008434411970337e-01 1.392152473990195538e-01 1.545040684881824056e-01 1.748234470208978597e-01 2.125487046871482044e-01 2.093725429386967263e-01 1.660833934450016702e-01 2.194082823228139523e-01 2.011890699108813407e-01 2.077497544086989445e-01 2.219043336331861793e-01 1.755155681970660408e-01 2.062701290518265396e-01 2.286292807243303082e-01 2.008328577006516236e-01 1.934960917361711885e-01 1.931694011091327767e-01 1.690829883781376219e-01 1.860782116294235899e-01 1.998981725181706304e-01 1.816953349717184696e-01 2.093816542913355117e-01 1.941160481277961480e-01 1.923751136787856530e-01 1.943991374855118526e-01 1.922091089056263413e-01 1.949490153929753777e-01 1.882574427291122399e-01 1.744519887659017610e-01 1.936130502490402694e-01 1.847751790367852809e-01 1.679280867648520748e-01 1.912131656733221385e-01 1.580368110659184921e-01 1.799475881687636614e-01 2.093678982556662349e-01 2.237186438595326066e-01 2.316482304403098547e-01 2.076773279213073031e-01 1.940531375346926934e-01 2.068740997344396260e-01 1.885052846600759058e-01 1.742128132229403825e-01 1.945128460057965192e-01 1.934057979595426580e-01 1.837958179867256736e-01 1.797536531735560161e-01 1.909851368576052089e-01 1.939348558746107898e-01 2.125714575098836545e-01 2.126158260722917082e-01 1.767912049054416734e-01 1.786144869723265138e-01 1.920310157744601343e-01 2.072219178175717935e-01 1.910881165792872871e-01 1.958769413919191071e-01 1.921890597527662337e-01 1.932584311729735327e-01 2.075500820760266263e-01 1.830386557516004986e-01 1.940671467554251073e-01 1.905769880249388870e-01 1.926333222917551158e-01 1.946956856383132706e-01 1.981448053338044635e-01 1.803006204693321235e-01 1.883610214478702305e-01 1.798951279288569238e-01 1.845567476787328687e-01 1.832496834840243449e-01 2.046617792820850656e-01 1.867022208015019225e-01 1.838022675873027811e-01 1.852147464814471456e-01 1.855310841214430073e-01 1.770466166582763679e-01 1.870632257969357948e-01 1.769935338405301262e-01 1.781061079005278880e-01 1.796730755497107090e-01 1.792753316630185112e-01 1.838111078178701896e-01 1.876268525476657012e-01 1.751021760823600892e-01 1.786692739600124480e-01 1.718855520729636599e-01 1.977866950669597834e-01 1.897544327762891170e-01 1.911381593466253970e-01 1.992947795214432827e-01 1.820805083007493996e-01 1.899798911883471275e-01 1.824814654703283412e-01 1.895698460581176081e-01 1.784485591303341945e-01 1.803988006864710447e-01 1.882619897857444324e-01
2.427443834380907661e-01 1.300692590055215758e-01 1.000000000000000000e+00 4.139560981037078702e-01 2.447893927751428333e-01 2.580478893091441295e-01 4.684147522936435437e-01 4.087195639785520807e-01 4.364471037079620253e-01 3.959716670364411550e-01 4.734754193304990255e-01 4.265420921406686827e-01 3.560370356179404783e-01 3.784531371568064517e-01 4.319689088635346175e-01 3.922582333838449120e-01 4.681942850588652338e-01 5.018930593079574676e-01 5.084179851900008096e-01 4.776220119119730101e-01 4.841315083453239798e-01 5.299039023141510762e-01 5.062748162846942845e-01 4.908292389301966985e-01 4.868680281247121933e-01 5.012169586055517101e-01 4.950450739621327645e-01 4.961717313350113567e-01 4.754995647233238865e-01 4.872380534312512612e-01 4.682002316460877056e-01 4.670393076560555579e-01 4.880671448346448615e-01 4.827206604886075114e-01 4.889964519058151993e-01 4.408347587344217944e-01 4.527953268265049180e-01 4.426750420547360121e-01 4.595665487154422246e-01 4.812745616701540330e-01 4.359092924420480131e-01 4.529226870195001142e-01 4.363761905635284433e-01 4.444567125422005383e-01 4.590577551984739713e-01 4.488637681651249101e-01 3.931880051192661596e-01 4.025826938910859742e-01 4.132592589777876468e-01 4.206053247297676934e-01 4.324049162201300534e-01 4.217905199997435961e-01 4.085432488252408456e-01 4.277789068951377005e-01 4.392041182521939091e-01 4.401167777516851731e-01 4.290639776123796878e-01 4.235938368569224788e-01 4.293090003682656919e-01 4.035331626080940759e-01 4.081520770264838172e-01 4.006462932203772587e-01 4.087282123813412160e-01 4.049148511928896133e-01 4.282596779676374199e-01 4.106489426239567364e-01 4.162475264308342360e-01 4.712275452839762568e-01 4.550435510856823407e-01 4.541183345323435150e-01 4.618598976840611048e-01 4.529810123814391742e-01 4.612711697867814542e-01 4.634182768963808763e-01 4.273059370560239323e-01 4.357437001453495773e-01 4.295342343520417439e-01 4.343809425774676214e-01 4.259965577001703640e-01 4.296079115017320538e-01 4.395202940296076277e-01 4.222299501278147793e-01 4.417177384362860892e-01 4.395873859748216650e-01 4.326477691541371073e-01 4.396842341211815164e-01 4.270890045346097397e-01 4.242998171987702460e-01 4.199488116110118852e-01 4.260489756202947009e-01 4.322498314171323019e-01 4.131156487013350476e-01 4.205900871386576423e-01 4.188508610648953301e-01 3.803340258631839332e-01 3.895375772505771939e-01 4.132382462625916464e-01 3.992413685303565218e-01 4.050269462874008797e-01 4.112387935781883219e-01 4.124867873460456580e-01 3.995225043185099967e-01 3.963975328323640079e-01 4.021684473017317352e-01 4.132972320345659756e-01 3.897964549188046579e-01 3.989531058484966919e-01 3.992323766575848754e-01 4.139531965262907010e-01 3.891936414613345607e-01 4.067945563822020216e-01 3.883827715453426199e-01 3.929113982194524790e-01 3.960446740417358780e-01 4.150868014684508389e-01 4.003155812448606077e-01
2.518022637031504529e-01 1.148540283072612966e-01 4.139560981037078702e-01 1.000000000000000000e+00 4.246359598349835895e-01 3.882353633246936608e-01 6.363448341678638043e-01 6.561016935459121902e-01 6.149094860435214693e-01 5.365467567854332875e-01 6.118572491378926337e-01 6.714197281011543561e-01 5.692912017385578505e-01 5.379589547756248313e-01 6.241745134346664559e-01 6.315909011112951221e-01 6.247305788515871150e-01 5.620603209878849427e-01 5.633455024990225990e-01 6.690154603246105669e-01 6.470661094308053363e-01 6.570019570572666057e-01 5.663089366761074883e-01 5.639898813348180884e-01 5.896306639792204818e-01 6.431874553496681468e-01 6.409056300643878323e-01 6.248256460865899697e-01 5.884298015806608273e-01 6.021387335026406884e-01 6.194853075682587029e-01 6.131848640311320375e-01 5.863233913656855645e-01 5.860150455759920440e-01 5.910770880969279384e-01 5.887088423961593930e-01 6.048751437395630814e-01 6.184889269920743615e-01 6.233975466136361110e-01 6.298719657484734835e-01 6.072432966910971119e-01 6.212809756349036983e-01 6.386683772091440447e-01 6.343064919982215333e-01 6.172865926722336249e-01 6.212774357118406865e-01 5.899772786266265223e-01 5.940592244555698009e-01 6.298134638905590332e-01 6.307919946488924623e-01 6.485458958835798038e-01 6.213254251215811763e-01 6.052530806977733935e-01 6.248954571144674786e-01 6.204598838471877542e-01 5.930936308414478386e-01 6.380592612538977804e-01 6.072997804247398657e-01 6.171031093891642394e-01 6.011379308159834345e-01 6.159559065086038787e-01 6.019642156807243349e-01 6.218067700340602633e-01 6.161818330288869605e-01 6.074798374614660545e-01 6.105795994909782864e-01 5.953118635163301420e-01 6.227428348278772896e-01 6.128245643932339615e-01 6.688211752997370585e-01 6.581939060637963523e-01 6.114158487443523970e-01 6.091918815509498319e-01 6.165857838356658682e-01 6.046197076536301562e-01 6.109904755594818271e-01 6.006498689835699789e-01 5.961946680170033819e-01 5.975402655698804910e-01 6.016281265804453993e-01 5.935585185383478457e-01 5.988867780143835029e-01 6.107821002746973704e-01 5.919289489191474907e-01 6.077154869509555635e-01 6.018113866186730609e-01 5.880907767540664022e-01 6.133913163876565378e-01 6.006391342141552681e-01 6.004127150057111395e-01 6.021408253219545648e-01 5.967168678661122216e-01 5.957384472718328938e-01 6.038392225436586269e-01 5.735270631767789284e-01 5.802125119349129667e-01 6.197094385501510372e-01 6.251394342170814022e-01 6.035038738939983993e-01 6.177423205502856618e-01 6.101663472386245068e-01 6.076335123404666971e-01 5.943577996352933379e-01 6.008841222405663096e-01 6.074570931129978923e-01 5.935833898010789422e-01 6.081987499936533093e-01 5.860364367644288475e-01 5.941470920790762333e-01 5.858742835900548895e-01 5.967426070594671339e-01 5.852818159897910100e-01 5.890877332294972568e-01 5.972573421556727213e-01 6.013410293684724461e-01 5.990732335960153865e-01
1.225355024380190283e-01 1.025783046997394976e-01 2.447893927751428333e-01 4.246359598349835895e-01 1.000000000000000000e+00 3.039210923847034951e-01 4.928526801335638696e-01 5.186070386233732066e-01 4.998650430606733086e-01 4.636008613476172990e-01 4.764928971906085553e-01 5.474285518522982175e-01 5.016327893453074172e-01 4.706358976710667830e-01 5.478871187232970952e-01 5.518229658717721531e-01 4.787046820686032267e-01 3.969150439901050764e-01 4.302738162021308432e-01 4.527128555934311627e-01 4.358109130781259166e-01 4.852636279204427527e-01 4.396420336916944671e-01 4.425315104306450364e-01 4.889753346394926092e-01 5.069618077722843896e-01 5.009535072114004173e-01 4.857899200074239365e-01 4.722210217191755155e-01 4.794828150001942957e-01 4.995612439668080107e-01 5.017263049373634765e-01 4.741094213274463787e-01 4.908366369550689057e-01 4.794516204398409087e-01 5.015074981077368710e-01 5.051321511990171098e-01 5.226649323846683792e-01 5.224756150632184903e-01 5.100068562043893472e-01 5.396453933264655500e-01 5.418690206133149889e-01 5.600933274505341952e-01 5.457003304165934932e-01 5.277349575814366256e-01 5.326820043137057148e-01 5.322994231951861943e-01 5.334197786529675245e-01 5.336846130110820541e-01 5.287883826714698809e-01 5.453501276743910609e-01 5.368653617620481322e-01 5.293057620831352894e-01 5.375417160177127229e-01 5.327501208823339773e-01 5.182627362402426607e-01 5.322837183021121854e-01 5.382581595063907764e-01 5.362420277740531649e-01 5.391235690932191238e-01 5.501423528021749387e-01 5.415375824630849211e-01 5.369104277845787587e-01 5.346797328691671458e-01 5.262898789392000953e-01 5.376677742922824077e-01 5.295831620713263854e-01 5.324252701273802790e-01 5.318854662436619529e-01 5.469311376486080123e-01 5.388528764612412481e-01 5.298153725392161784e-01 5.301503928491367867e-01 5.311007571587206266e-01 5.353682223504119264e-01 5.337366299012215043e-01 5.319627860979556644e-01 5.233654719078809636e-01 5.310397154887428472e-01 5.317245410215430956e-01 5.237304523680883506e-01 5.204652256740727179e-01 5.274463480085472833e-01 5.263515741668065573e-01 5.341296457823945243e-01 5.310795333393601991e-01 5.212391696817461062e-01 5.376298227744182867e-01 5.320230238474571438e-01 5.312793627621509307e-01 5.295132159568906038e-01 5.371914018159613669e-01 5.302413253793404335e-01 5.318287280170383990e-01 5.261607287082076256e-01 5.267964552945013645e-01 5.335608150621404810e-01 5.345178784586627208e-01 5.380203881132543664e-01 5.381273710902311214e-01 5.425048077043305161e-01 5.362717073306484394e-01 5.325303475249683061e-01 5.371019908825530598e-01 5.370731991732330401e-01 5.256589217722893448e-01 5.309096582994845548e-01 5.278692902613049132e-01 5.284365384230821361e-01 5.309279741538284192e-01 5.320657202595482360e-01 5.295630002756719357e-01 5.301155358474650692e-01 5.336543311722581340e-01 5.311183209816252582e-01 5.317585218108661360e-01
2.322696609280257979e-02 1.287046884006224079e-01 2.580478893091441295e-01 3.882353633246936608e-01 3.039210923847034951e-01 1.000000000000000000e+00 4.853995331080361297e-01 4.628123094660657744e-01 5.264184753651012239e-01 4.976731313509384913e-01 5.439762771212757198e-01 5.646879576400560818e-01 5.281955721977862339e-01 5.424486242533982372e-01 5.747355201905720579e-01 5.684083862881985638e-01 5.028400841562981061e-01 4.369838184973183770e-01 4.722993512654509174e-01 4.256105543966641203e-01 4.267179878422165396e-01 4.626808806980881594e-01 4.541837993453893274e-01 4.485775713948881860e-01 4.819831829646390453e-01 5.041239623345226128e-01 5.227200998008370014e-01 5.045969771764522438e-01 4.768290881271751713e-01 5.022702329375486885e-01 5.620461100936662291e-01 5.535117996843101906e-01 4.905091691744842275e-01 5.338065513775497317e-01 5.222044112958280637e-01 5.476329932124482935e-01 5.561070365852874842e-01 5.430484797138985797e-01 5.716993129369873916e-01 5.430353268739868122e-01 5.840630486034218416e-01 5.745437788223736186e-01 5.619639212484227597e-01 5.828916890004554041e-01 5.670583090707672635e-01 5.762754841739681222e-01 5.855766733883112085e-01 5.855687337426885852e-01 5.751702632108001145e-01 5.482882998520537399e-01 5.704267669464545554e-01 5.458442594218860799e-01 5.857770203484230498e-01 5.779889043048119790e-01 5.693455122417921954e-01 5.691938585357076974e-01 5.646008760078471411e-01 5.846237527388784549e-01 5.808381522430416943e-01 5.838702557862931464e-01 5.774704414837522615e-01 5.829200130552560921e-01 5.759144967987973596e-01 5.797972568830712659e-01 5.756355325976157955e-01 5.801257793794748485e-01 5.883848283748375207e-01 5.793033829475400243e-01 5.734851772035581829e-01 5.761443270728640043e-01 5.788586492264061745e-01 5.854949869166470311e-01 5.672512534748255231e-01 5.701119436039232546e-01 5.843760226474529196e-01 5.836008509216279450e-01 5.773114424351843965e-01 5.701872186240222184e-01 5.793672876355849821e-01 5.839927903938575415e-01 5.817834759635228670e-01 5.910024894139682683e-01 5.804838198215412914e-01 5.788304737487008911e-01 5.761627140740522846e-01 5.783232412006558132e-01 5.846240942580938071e-01 5.814787471821742937e-01 5.907777252597863349e-01 5.791867306455156239e-01 5.796341402837303924e-01 5.896686905700814219e-01 5.907243334564158399e-01 5.913219396829154650e-01 5.910387850199672055e-01 5.897778499019707965e-01 5.724115763322189521e-01 5.676841910030958616e-01 5.890555985462400113e-01 5.819087613981446250e-01 5.870716994209318473e-01 5.829423862408248391e-01 5.884434575852104388e-01 5.887511213500117302e-01 5.813016615570948398e-01 5.788061092352951853e-01 5.854659366738734771e-01 5.868493704355350893e-01 5.844590352364594787e-01 5.878520061772699590e-01 5.905257143836628586e-01 5.894046281278632060e-01 5.880900699281992328e-01 5.835531903348483151e-01 5.859454300409265848e-01 5.857360521026684363e-01
2.387862495180947953e-01 1.857213856482313186e-01 4.684147522936435437e-01 6.363448341678638043e-01 4.928526801335638696e-01 4.853995331080361297e-01 1.000000000000000000e+00 7.504567272694342428e-01 7.804449998608556927e-01 7.216797997959579769e-01 7.879095233434789680e-01 8.009348303270791281e-01 7.196234566591882542e-01 7.072001044872163744e-01 8.275220060706871550e-01 7.872751702905029791e-01 8.007538051024580827e-01 7.525088946089643072e-01 7.761012261913383670e-01 7.260885561737807636e-01 7.432266282687584047e-01 8.083121272179100147e-01 7.858798379513670662e-01 7.749578269864089153e-01 8.012653451751210465e-01 8.458758372070676046e-01 8.399136033739090790e-01 8.396456788441145624e-01 8.091084362033823529e-01 8.101530890063824986e-01 8.251645629924891923e-01 8.309339790566636630e-01 8.019688799743844854e-01 8.121101271697682700e-01 8.056577968051908956e-01 7.873666375784910132e-01 8.159962532694269299e-01 8.312510520778331191e-01 8.255226063622743693e-01 8.420209443504871327e-01 8.214200686534081086e-01 8.404617947128990574e-01 8.239489143499297841e-01 8.322850155987661092e-01 8.294646873457975911e-01 8.360742044347078128e-01 7.902679749501391182e-01 8.083042568569152042e-01 8.110330932547065164e-01 8.042410961107009371e-01 8.272058124147663172e-01 8.019446246934082145e-01 7.960877131633375958e-01 8.267169867128603133e-01 8.360795496326379750e-01 8.276478286961194142e-01 8.205029969851936889e-01 8.176532348681344597e-01 8.277053353227459276e-01 8.012751178623331860e-01 8.096622455265248819e-01 8.051337519448001911e-01 8.136236916695123167e-01 7.972662880538314845e-01 8.113800111804994053e-01 8.062716132371562372e-01 8.093057148615538932e-01 8.453256052065648563e-01 8.398371357571935425e-01 8.239960452805613622e-01 8.277574162055416629e-01 8.301891048427839648e-01 8.354708733948784660e-01 8.342121609635028134e-01 8.242201228421651704e-01 8.292769048692186784e-01 8.273628698688639815e-01 8.283869134371867338e-01 8.235946181549529399e-01 8.259960246062590938e-01 8.212244188365893649e-01 8.042569412649396288e-01 8.310493918277861436e-01 8.205556362734105491e-01 8.150676481845602339e-01 8.195784646499523207e-01 8.070517025714120107e-01 8.210221149548518893e-01 8.096315440875098135e-01 8.248652319701066382e-01 8.226754401646774184e-01 8.089982285507653081e-01 8.053757528785898678e-01 8.097346984300139994e-01 7.795649864939908635e-01 7.910169495548052820e-01 8.076333359350011953e-01 8.032065539880961502e-01 8.006123287444105729e-01 8.115220382305221580e-01 8.084255780279598902e-01 8.065125041469698441e-01 7.896274678497315902e-01 8.020060962251017722e-01 8.071607191839232920e-01 7.976010794610153276e-01 8.007037896888435924e-01 8.021330173251267626e-01 8.171866823394330348e-01 7.898550158104734598e-01 8.094182349024103829e-01 7.881497080873394179e-01 7.947182776451867658e-01 7.952145730730162398e-01 8.079831179860809121e-01 8.005374117874114459e-01
1.837917929347814838e-01 1.641847045635284330e-01 4.087195639785520807e-01 6.561016935459121902e-01 5.186070386233732066e-01 4.628123094660657744e-01 7.504567272694342428e-01 1.000000000000000000e+00 7.518124154392663572e-01 6.936420467531096978e-01 7.409735657341172121e-01 8.057049106812139705e-01 7.211246187511778372e-01 6.876557878547724378e-01 7.972257493717387344e-01 8.035388426236231840e-01 7.352949454481387814e-01 6.517165199413795795e-01 6.638064356663289090e-01 6.974165668765743842e-01 6.835941654907968790e-01 7.294159873500323243e-01 6.779892774946566503e-01 6.773329002320122028e-01 7.278442257939913285e-01 7.647127744691851747e-01 7.566499536791641001e-01 7.397725426737797871e-01 7.094582534934706919e-01 7.295090059863754695e-01 7.578884943497133930e-01 7.709166095993829071e-01 7.277092017963336934e-01 7.555111893115311616e-01 7.321418242790072028e-01 7.602053330687146282e-01 7.553567567120893500e-01 8.008659914301287097e-01 7.894116626916749535e-01 7.720464919657969993e-01 7.841646429817957786e-01 7.971879778821144846e-01 8.084056015522254057e-01 8.021968030574592179e-01 7.859505440559577671e-01 7.878182322060014453e-01 7.731579531403609540e-01 7.827214715651410470e-01 8.019951731125978256e-01 8.034588278083527602e-01 8.206463819905066570e-01 7.821155715345746717e-01 7.774430542014048040e-01 7.927041157627723322e-01 7.904836363912750574e-01 7.771242361605740223e-01 7.943661864167108622e-01 7.905848712836376357e-01 8.019016698389472841e-01 7.787337649712450238e-01 8.016746501105617151e-01 7.889100115084636267e-01 7.989042352995509022e-01 7.892830246886624046e-01 7.801832206812449044e-01 7.807023457672723765e-01 7.797924764062699188e-01 7.907112930864200750e-01 7.904010246454192812e-01 8.041244343957394403e-01 7.946863441115031845e-01 7.842739608180984145e-01 7.810316043621431392e-01 7.806244657179082225e-01 7.867393632606464182e-01 7.874681386651427584e-01 7.804223000539106669e-01 7.749170674015956051e-01 7.814585395235525977e-01 7.834267025551496788e-01 7.759943626003169559e-01 7.691998297830606734e-01 7.891058208824111020e-01 7.775718553101788055e-01 7.910009935616300059e-01 7.876060863351634911e-01 7.702550850362308577e-01 7.973534066664784703e-01 7.809772756469249844e-01 7.858901881633290065e-01 7.810703907593582462e-01 7.826619443151315858e-01 7.756532530261325276e-01 7.782142395939770640e-01 7.638190233705240972e-01 7.695822889763818120e-01 7.970606326683306042e-01 7.963348151395617247e-01 7.895450382399783473e-01 7.982104607076652147e-01 7.918625126988638740e-01 7.932075847497305210e-01 7.773590619910969446e-01 7.849263730449751453e-01 7.857701062950455118e-01 7.782746846004197083e-01 7.869874863321879577e-01 7.754895136193139527e-01 7.847788144568128565e-01 7.752327565898528006e-01 7.859153883347456127e-01 7.701378788165543776e-01 7.762131794027465892e-01 7.815614719662864474e-01 7.782760260196610602e-01 7.776975802043986086e-01
1.969400422558324759e-01 1.976860069515621876e-01 4.364471037079620253e-01 6.149094860435214693e-01 4.998650430606733086e-01 5.264184753651012239e-01 7.804449998608556927e-01 7.518124154392663572e-01 1.000000000000000000e+00 7.874316134484490304e-01 8.261814016061849175e-01 8.549112639612084230e-01 7.828184730070264497e-01 7.851059676896215977e-01 8.674366496153551598e-01 8.515637619218988652e-01 8.353165767807247954e-01 7.478753511763821527e-01 7.648689474653885823e-01 7.221012854593312769e-01 7.336488223013190035e-01 7.824271309086062720e-01 7.470270501694517007e-01 7.552469247285071852e-01 7.814523767078254135e-01 8.360255222300190248e-01 8.389795720839043902e-01 8.069064957692975160e-01 7.854300161158064286e-01 8.064843551997802340e-01 8.577670961283401230e-01 8.715803535725468176e-01 7.893736882254408505e-01 8.559869796636659922e-01 8.225452530813803786e-01 8.408420028222474141e-01 8.555160384491211634e-01 8.612735029667625275e-01 8.731307938118096912e-01 8.288074102460725179e-01 8.775886944573726423e-01 8.707833228017602956e-01 8.648942324561882389e-01 8.871159099896788192e-01 8.732277731301436585e-01 8.732945868040918880e-01 8.744208056685879304e-01 8.875976292387066646e-01 8.868447300601477457e-01 8.713207627826486945e-01 8.900552722725000310e-01 8.636751111436259398e-01 8.788960536185259631e-01 9.034546632783170272e-01 8.956297711237116710e-01 8.838628042651031080e-01 8.963547477864673985e-01 8.848296924970262545e-01 8.914861151919213356e-01 8.871562472354899143e-01 8.856684500079424760e-01 8.854871425006357599e-01 8.907203802797234449e-01 8.823175742831790291e-01 8.943801467548978534e-01 8.939095111122969950e-01 8.883558431540993228e-01 8.932406857612548157e-01 8.847045830353523765e-01 8.866500730040646205e-01 8.848002789359747933e-01 8.901100661894650878e-01 8.792005551928514517e-01 8.737274500146331446e-01 8.878206372593161477e-01 8.875666204625994871e-01 8.765629554602486495e-01 8.765048207130593516e-01 8.774452415972999741e-01 8.878707331552159188e-01 8.796921565436083279e-01 8.778859887588285060e-01 8.892785024764234825e-01 8.792141594525397785e-01 8.806323918623120139e-01 8.872766605853019684e-01 8.732140399355865501e-01 8.864949647348721040e-01 8.809050635610315982e-01 8.830378642667009448e-01 8.688693927006135853e-01 8.793662317257474603e-01 8.778701308095707700e-01 8.794618477433752135e-01 8.719429911335258021e-01 8.792135425992473330e-01 8.724370553469124046e-01 8.905296038030268146e-01 8.813339542542130145e-01 8.883261490970697505e-01 8.818009872473855371e-01 8.874311667895029565e-01 8.788563770958284227e-01 8.801725706947681749e-01 8.859557277074716630e-01 8.837769730960841619e-01 8.902750617405534861e-01 8.842343947812062455e-01 8.901711836014383206e-01 8.801870563012402782e-01 8.835602930755107609e-01 8.808125803895610062e-01 8.829940531478754906e-01 8.817575067877273520e-01 8.934384568106726876e-01 8.918590209166262772e-01
1.208963171669271003e-01 1.892538628026627923e-01 3.959716670364411550e-01 5.365467567854332875e-01 4.636008613476172990e-01 4.976731313509384913e-01 7.216797997959579769e-01 6.936420467531096978e-01 7.874316134484490304e-01 1.000000000000000000e+00 7.773718985066275788e-01 8.144898219891111291e-01 7.482179506102780708e-01 7.519939797237514822e-01 8.240828114236039559e-01 8.075095161017199485e-01 7.569490334624549011e-01 6.625451448832302415e-01 6.986817974511557727e-01 6.265906487924230994e-01 6.386344110689434750e-01 7.064049624553596640e-01 6.995337571187870696e-01 7.030451156330431717e-01 7.360219435552570744e-01 7.764357906558700950e-01 7.830864165765318852e-01 7.560302117586875648e-01 7.374839900760329359e-01 7.511833884872548550e-01 8.178279271963357910e-01 8.151855330829409496e-01 7.405581705711780094e-01 8.037489774537616150e-01 7.677591852268749184e-01 8.050201574152737738e-01 8.141905632260383330e-01 8.148502013919542986e-01 8.267681100657947590e-01 7.955879302603756642e-01 8.393287168296439393e-01 8.403084256423060117e-01 8.258353958199676770e-01 8.425072195186239510e-01 8.346652727313591535e-01 8.364684203119263639e-01 8.391298878807745831e-01 8.517772462741438622e-01 8.343685331014301099e-01 8.073170752451266363e-01 8.347506139984693929e-01 8.113016699041182278e-01 8.317741356318995027e-01 8.518761631229803122e-01 8.439806282954090966e-01 8.395485497475696501e-01 8.298450205432695848e-01 8.442746803246031773e-01 8.441291279135182402e-01 8.457251808765776646e-01 8.426835709456010903e-01 8.440611051933271103e-01 8.407041278783894400e-01 8.341563547504234899e-01 8.419676985077321207e-01 8.469939336102880745e-01 8.497274374831977894e-01 8.457702259647970067e-01 8.472584212895913902e-01 8.275504168949214812e-01 8.310297144306072470e-01 8.473918160573770120e-01 8.403197965370650113e-01 8.344274259191493126e-01 8.506236303378040819e-01 8.498633250099145720e-01 8.441237865266623119e-01 8.408903889706923485e-01 8.466864085340976009e-01 8.494940512553169620e-01 8.446143172349789285e-01 8.453366079497854901e-01 8.515493430942743247e-01 8.424453188761336087e-01 8.428513967334316792e-01 8.482483799105791089e-01 8.427382778270841035e-01 8.477847531639444156e-01 8.461662048321378915e-01 8.490533727964495458e-01 8.407124401774233036e-01 8.491231686523799116e-01 8.468458401345106967e-01 8.478918805235658995e-01 8.409880758886955077e-01 8.465765869018518908e-01 8.324219861857402591e-01 8.344091288925741257e-01 8.439133715411480940e-01 8.454529808119727319e-01 8.460118981860689225e-01 8.447329464349335737e-01 8.429038751562037968e-01 8.458133366700300027e-01 8.453763955231854421e-01 8.417625111880907562e-01 8.463652729019922605e-01 8.501516524181691459e-01 8.519707528059127233e-01 8.447557238450873474e-01 8.476859650196280072e-01 8.443664803398089891e-01 8.465428753042688603e-01 8.440723566261918442e-01 8.458138551254075210e-01 8.489233160752822638e-01
1.618266668368225081e-01 1.839442567412402640e-01 4.734754193304990255e-01 6.118572491378926337e-01 4.764928971906085553e-01 5.439762771212757198e-01 7.879095233434789680e-01 7.409735657341172121e-01 8.261814016061849175e-01 7.773718985066275788e-01 1.000000000000000000e+00 8.596697872188960865e-01 7.785384179520051795e-01 7.916606473805263278e-01 8.776589921850813658e-01 8.507320288995301460e-01 8.238540477458253797e-01 7.580686381929282458e-01 7.974078850131414153e-01 7.220430668372023186e-01 7.433001012816586872e-01 8.111032177861103865e-01 7.791769072289903564e-01 7.756746161209753243e-01 8.159430616169708328e-01 8.508554072422620518e-01 8.692260742970789877e-01 8.478372378200524917e-01 8.152617053137022340e-01 8.488029508664147738e-01 8.932066320400005033e-01 8.707088246770116058e-01 8.244887948036746517e-01 8.653362457454060186e-01 8.540102115525489701e-01 8.425116494851806470e-01 8.877655926732991309e-01 8.707615192451274577e-01 8.840972135382854091e-01 8.650468829212489830e-01 8.873175467077798473e-01 8.935921998357885254e-01 8.717472339394027880e-01 8.973259615740277750e-01 8.932580426591214540e-01 8.953367459199353950e-01 8.765432216757970130e-01 8.850708239064623006e-01 8.801937466878302363e-01 8.685692305626430132e-01 8.864102483418800915e-01 8.652363179672776239e-01 8.816507238257559331e-01 8.939437253435018604e-01 8.956900988227151084e-01 8.898667777868874973e-01 8.913897163586701478e-01 8.899929951541082351e-01 8.962088285963691892e-01 8.812927059415980313e-01 8.824002441744540626e-01 8.846920644899409769e-01 8.898742525317033802e-01 8.748960000107088852e-01 8.892757472314053446e-01 8.875703024880243763e-01 8.885421994672346724e-01 9.049738012106806062e-01 8.922633723158233110e-01 8.895279033449576822e-01 8.951690148610337294e-01 9.040013436713482120e-01 8.887586833370475503e-01 8.939016299876316740e-01 8.969127940856631565e-01 8.998826732655467175e-01 8.929269605247140973e-01 8.901177380128987293e-01 8.883240734834423336e-01 8.965971640272746290e-01 8.987140642664174228e-01 8.928504875097369453e-01 8.945355255768164815e-01 8.927010519876439343e-01 8.877184426116853100e-01 8.924654316951972088e-01 8.888655326394814260e-01 8.912708398121329534e-01 8.890474729857746894e-01 8.946949524954171951e-01 8.884288833414009101e-01 8.877854867642218650e-01 8.878133568915569374e-01 8.922769793163403129e-01 8.728704191280205471e-01 8.790812515957524553e-01 8.811485777580633227e-01 8.802667015450243992e-01 8.832517157826818011e-01 8.871706549504365658e-01 8.856658288441933147e-01 8.865188307486581154e-01 8.812357667575325681e-01 8.852292856941342825e-01 8.877117652310623219e-01 8.823366304837320095e-01 8.843415929286616572e-01 8.844218463875126446e-01 8.947804068739256822e-01 8.796308110141367598e-01 8.919386228282165652e-01 8.777596734757433516e-01 8.831123923121825259e-01 8.776264287126529506e-01 8.895469924517249716e-01 8.875767703875769854e-01
9.142850330977138340e-02 1.637666185466057911e-01 4.265420921406686827e-01 6.714197281011543561e-01 5.474285518522982175e-01 5.646879576400560818e-01 8.009348303270791281e-01 8.057049106812139705e-01 8.549112639612084230e-01 8.144898219891111291e-01 8.596697872188960865e-01 1.000000000000000000e+00 8.515431789944095664e-01 8.384507302325834299e-01 9.284301603575559891e-01 9.198787261677566773e-01 8.318109559265719488e-01 6.907142311030691761e-01 7.399282584583164457e-01 7.282382290180832163e-01 7.330200601873660959e-01 7.887305195138679670e-01 7.313895436012970430e-01 7.312247950570530675e-01 8.031959312278047491e-01 8.335906686308300895e-01 8.484955260174618097e-01 8.189708462434568403e-01 7.748960274694088879e-01 8.171155453442621175e-01 8.851296287803314122e-01 8.751148168913170933e-01 7.960342993121073407e-01 8.662178213084694711e-01 8.283496211975357459e-01 8.882657328396540430e-01 8.881501024295703761e-01 9.016198463452024248e-01 9.201756268475510536e-01 8.746070753625856398e-01 9.294552278861416550e-01 9.273799941199618591e-01 9.240147753345157033e-01 9.393801152150677014e-01 9.198238283731700049e-01 9.238590012368780302e-01 9.367980944505095442e-01 9.353261358310808182e-01 9.363006451683744125e-01 9.143761825415389621e-01 9.411311297989114477e-01 9.111634990380650390e-01 9.274935396184316172e-01 9.307070686539364868e-01 9.129913131386878655e-01 9.000990639488691825e-01 9.215818031879139394e-01 9.352990142964002773e-01 9.323991101374849988e-01 9.380539582575926350e-01 9.452129849062435030e-01 9.378357323972162929e-01 9.363576687693310197e-01 9.393880058774701780e-01 9.316335301433775751e-01 9.357076313211269980e-01 9.359041338921102460e-01 9.213322074087396674e-01 9.165758945590007922e-01 9.375189119196302157e-01 9.351751149586771117e-01 9.296929057204817992e-01 9.087019638451692138e-01 9.131862363759580825e-01 9.346708111761032889e-01 9.327701909700292227e-01 9.252224310171834887e-01 9.085692790350534676e-01 9.254860302026534091e-01 9.290077191664869449e-01 9.219879642455165447e-01 9.279823439261044582e-01 9.326415263873396588e-01 9.181619085597675367e-01 9.333736965069442393e-01 9.304694712975588589e-01 9.290420165378000528e-01 9.419239783447181935e-01 9.376688627517048014e-01 9.290791164364032850e-01 9.282967567254541974e-01 9.390385667551696125e-01 9.368931651786767123e-01 9.396868224646089951e-01 9.338440862215295901e-01 9.345891083020085865e-01 9.319729965942333827e-01 9.336870593192012624e-01 9.406788122528653151e-01 9.431186694655545599e-01 9.419050181007364575e-01 9.398148742463917626e-01 9.385380666937851446e-01 9.431011425941598914e-01 9.393198462735481424e-01 9.262941626514007432e-01 9.372545264121353581e-01 9.345830817733845608e-01 9.306093667362986821e-01 9.370952617370628124e-01 9.378993315069726888e-01 9.372499051010554361e-01 9.357733721954475392e-01 9.399763313096191064e-01 9.371780923096008076e-01 9.368878936255079504e-01
4.645827462139343750e-02 1.634851041641000868e-01 3.560370356179404783e-01 5.692912017385578505e-01 5.016327893453074172e-01 5.281955721977862339e-01 7.196234566591882542e-01 7.211246187511778372e-01 7.828184730070264497e-01 7.482179506102780708e-01 7.785384179520051795e-01 8.515431789944095664e-01 1.000000000000000000e+00 7.871098889284997568e-01 8.651024761245971195e-01 8.623178533155007042e-01 7.541149489833611774e-01 6.198634730143600668e-01 6.664176012909525104e-01 6.335660925565500534e-01 6.372890012757614908e-01 6.969592384845286759e-01 6.561087025737877276e-01 6.625260465526932041e-01 7.387669949730411023e-01 7.531020250272746352e-01 7.688688985885171467e-01 7.395950296573512439e-01 7.054702275780165843e-01 7.321977105480822479e-01 8.153114517680071227e-01 8.006735404537120848e-01 7.156998349572214480e-01 7.985905660079952728e-01 7.471948091004017023e-01 8.262774045170483417e-01 8.199656154458619950e-01 8.207043784660930097e-01 8.454557627685612697e-01 7.988949463631226378e-01 8.640258533211107039e-01 8.625496307611023594e-01 8.583396535653295967e-01 8.695278127898867782e-01 8.544286049998532917e-01 8.542569835101381237e-01 8.745945420516259006e-01 8.728526272275196618e-01 8.623562602373046060e-01 8.329263114210181396e-01 8.595547765211474234e-01 8.449452436640342290e-01 8.634172607107267750e-01 8.601648265640651214e-01 8.420176043036738944e-01 8.352194386870854803e-01 8.425111831210166935e-01 8.731317459053757890e-01 8.577149769165187676e-01 8.783621546254646306e-01 8.780977468401317543e-01 8.770409956074599611e-01 8.640861794186577294e-01 8.707345812078697289e-01 8.650043173878675384e-01 8.729192429091791050e-01 8.728752235413517191e-01 8.508790435734324697e-01 8.507737330938328624e-01 8.602406644033772087e-01 8.556338623852828285e-01 8.624529062927315248e-01 8.405405562171583966e-01 8.439903818317076034e-01 8.722174777122784217e-01 8.675422198793145689e-01 8.640540942768671906e-01 8.437327918006590766e-01 8.636058229463114966e-01 8.651310237166369710e-01 8.607897783800846359e-01 8.675013849485012640e-01 8.665759241814631197e-01 8.553141234331721465e-01 8.660413724612295860e-01 8.662104312728161615e-01 8.680724246526835275e-01 8.738083611441538334e-01 8.751536507965365086e-01 8.667784057249654506e-01 8.655155768428620666e-01 8.782692227145448838e-01 8.749930611876873821e-01 8.765735262214452428e-01 8.770364977287882224e-01 8.755985985043668318e-01 8.603002358439300057e-01 8.594514666760575405e-01 8.762649488904427075e-01 8.738312733034974134e-01 8.805677839768926152e-01 8.728278109460920753e-01 8.766178601938900972e-01 8.796950173010208429e-01 8.772158349743482963e-01 8.645707551573607041e-01 8.704324448779484635e-01 8.762438055115855384e-01 8.684849405753207741e-01 8.764690509919504935e-01 8.752822493940014548e-01 8.787033659063012703e-01 8.761436661022647954e-01 8.765584841595845944e-01 8.735303980350443975e-01 8.728097377256119893e-01
