1.000000000000000000e+00 6.522039264793541569e-02 4.370025996095307924e-02 1.061431549632539141e-02 -1.849412311315671437e-02 4.556213300717692864e-03 -3.441604440885585176e-02 -2.215192859669833439e-02 8.847207481930843831e-02 1.224907588604652771e-02 4.553271824153905939e-03 6.035010045683136468e-03 1.128869090735226417e-03 -2.040009096874020530e-02 -4.461248380803295270e-03 -3.564491148710793172e-03 7.937779607371929502e-02 -3.674545234025436424e-02 -2.085265468529678978e-02 -2.873893650119657348e-02 -2.361808057499603999e-02 1.729154640384947608e-02 -3.842723466794487758e-02 -4.804451431909038256e-02 -2.105779124186017010e-02 -4.845387608261736596e-03 1.742419252270860364e-02 -1.693573511282711955e-02 3.855452368111750294e-02 2.828929899243709870e-02 1.029165010877444372e-02 -2.393782358222618784e-02 -1.959214562363383386e-02 -2.938266836453325495e-02 1.516601742862308880e-02 -2.313655152417910116e-02 -1.154624815855184380e-02 -3.074566631982040069e-02 -1.432637449850555217e-02 -7.052310161743874373e-02 -7.147802428759710003e-03 -2.106630197042586028e-02 -3.347506530397299090e-02 -2.757904636815502065e-03 -2.177949963379924650e-02 -9.392710385653915348e-03 -3.675803788931185194e-03 7.509855202859540106e-03 7.046374036569928723e-03 -1.333826793090820903e-02 -2.371323892982713302e-02 3.393290916096452364e-02 7.380986414300860082e-03 3.641993195328827732e-02 2.283308719533861265e-03 -1.670902531455660880e-02 4.054223043927616954e-02 -1.162425569943871962e-03 -5.486303867220551980e-03 4.857953269391172835e-02 5.493643190512387427e-03 2.844204169724517256e-02 -6.186196259847336933e-03 3.769479409511687640e-02 6.782896276753597187e-02 5.271926992265497242e-02 1.784415449734516601e-02 -8.105427315475106226e-03 -8.129673664896382764e-04 -2.240297615671812612e-03 -1.906665444839054577e-03 4.360546878600341653e-03 -1.434282510186436592e-02 -9.409218947696784338e-03 1.792678988757124376e-03 2.628900691040613174e-03 3.617709916502702492e-03 2.581778551462368329e-02 3.307899815388903528e-03 1.340509252530030712e-02 3.365421770328260766e-03 1.151221208217901790e-02 5.438237035824747528e-04 6.955260288560223894e-03 -1.754547462317260914e-02 -5.367342174793712263e-03 -4.830514616544909039e-03 -1.201739140536465210e-02 -3.210691981901213007e-03 -3.731842586568410568e-03 -2.938371875852201567e-02 -8.792689990602351249e-03 -5.548301457946766720e-03 -4.105684001732089368e-03 3.748868350261829775e-03 8.058312345327769619e-03 -3.470463617299663489e-02 1.412836101422769268e-02 -1.443483393121535244e-02 -2.640527394886140952e-02 -1.875120910188987633e-02 -2.611837208162317344e-03 -2.602823049404293793e-03 -5.783732312583794548e-03 -1.173525316552281698e-03 1.464162110167769801e-02 1.318472455403035294e-02 7.539133960785011392e-03 4.376218197189678510e-04 4.866020866631000016e-03 -1.573120982835868320e-02 2.244603332659804093e-02 6.476717697422001985e-03 1.243838312412424117e-02 3.228447245760749512e-02 1.952397678037460019e-02
6.522039264793541569e-02 1.000000000000000000e+00 5.559330822350053158e-02 9.989083585823395339e-02 4.961240189340002799e-02 1.001326237151509702e-01 1.008948061641706390e-01 8.511417626282659354e-02 1.664014829521814620e-01 1.662022228437373406e-01 1.384136784079789684e-01 1.431594951958478357e-01 1.141621490346797080e-01 1.208410539744127488e-01 1.413123153776077445e-01 1.224177304005614891e-01 1.524590224949677886e-01 1.608863234004406506e-01 1.677726918528955613e-01 1.445520240232203713e-01 1.361636572750089813e-01 1.662875578014662570e-01 1.414555561403722239e-01 1.750566559432221447e-01 1.698048780200475671e-01 1.406128843801227046e-01 1.495307026402303563e-01 1.238014007366818187e-01 1.567331721689068091e-01 1.690786557251175437e-01 1.580720511201348655e-01 1.431083347365958436e-01 1.206283347567042863e-01 1.501944781916133564e-01 1.487932485809671246e-01 1.362673634240658960e-01 1.475866652609752194e-01 1.364782915483007952e-01 1.434610799191729513e-01 1.000686877701333494e-01 1.475522746933280727e-01 1.268692799949173722e-01 1.281302901593479870e-01 1.435659713812918459e-01 1.358282172331686799e-01 1.442114682992884922e-01 1.440984128869365055e-01 1.529050845791135593e-01 1.410393971000629132e-01 1.166033194786092464e-01 1.186894963822270055e-01 1.244474859702521946e-01 1.309117777233427815e-01 1.619628642836021537e-01 1.440349833961594994e-01 1.390478918223942151e-01 1.426411133219393501e-01 1.413601148892736359e-01 1.367708369035266769e-01 1.609528811655393243e-01 1.379020980030889465e-01 1.553885765794243423e-01 1.389822663030911287e-01 1.518018545216107129e-01 1.607448017502638993e-01 1.484158744949924391e-01 1.526809782330788012e-01 1.549830155212007787e-01 1.607019330306468097e-01 1.643192003182012140e-01 1.534315258267072435e-01 1.602380343312962696e-01 1.612401456336446104e-01 1.579465171962048109e-01 1.485229670004499514e-01 1.489859504592575545e-01 1.423864771768318660e-01 1.562576728188793951e-01 1.535290640959310060e-01 1.575359421726067466e-01 1.476366899069355421e-01 1.534159672589652523e-01 1.486265785232181724e-01 1.476672367289366128e-01 1.422440860640780402e-01 1.515738461899785172e-01 1.415763142682341935e-01 1.471340250735846678e-01 1.466445689843113298e-01 1.502396854836653695e-01 1.302152570661133379e-01 1.420556127131162860e-01 1.428271101899869777e-01 1.456578486554488405e-01 1.478597788285985204e-01 1.525620522078588170e-01 1.263397827859361333e-01 1.385602648565511796e-01 1.396348594926598852e-01 1.320851955328463112e-01 1.379988856888026416e-01 1.382902391469775227e-01 1.402837284138467033e-01 1.419280118380185085e-01 1.373717006759263837e-01 1.480175696867094548e-01 1.446926545678401954e-01 1.545178284334027818e-01 1.496842026319089303e-01 1.473765396888480073e-01 1.414107789348905408e-01 1.514652471266939304e-01 1.470243078112612178e-01 1.490499227164217011e-01 1.544175406669806849e-01 1.436854815292333276e-01
4.370025996095307924e-02 5.559330822350053158e-02 1.000000000000000000e+00 3.173841300208369853e-01 2.110200786965020225e-01 2.431858974898358505e-01 3.407462722113345222e-01 2.921740387771329939e-01 3.414924348549627231e-01 2.995593753541517801e-01 3.661137098866932837e-01 3.900075185333166661e-01 3.529509931775671738e-01 3.447627195589946791e-01 3.792224626793165299e-01 3.788116427526780350e-01 3.498881552960037555e-01 3.452398266672588867e-01 3.743544245721137642e-01 3.268771994052274144e-01 3.601146459459896310e-01 3.764444475341017227e-01 3.633800848909211068e-01 3.540531390378440779e-01 3.625271991891538814e-01 3.959079041714888003e-01 3.880476810071978866e-01 3.889024671588061088e-01 3.700967882518855778e-01 4.033910755436913576e-01 4.124509402497862909e-01 3.901185616021739522e-01 3.768136829511500863e-01 3.884388188675267362e-01 3.934113471542879936e-01 3.859926445105517634e-01 4.059603475873115319e-01 3.929648375774608127e-01 3.991728602521023572e-01 3.955129850308600759e-01 3.930949617620850822e-01 3.956811563390352227e-01 3.956413818452139686e-01 3.986528334728507983e-01 4.062992121743638774e-01 3.946387079988817326e-01 3.923736235926236771e-01 3.933362290129229222e-01 3.909763432389344318e-01 3.856302837818560980e-01 3.922066844788624218e-01 3.823416193919754180e-01 3.918515302853509685e-01 3.854435669162168399e-01 3.911974244894991792e-01 3.977748273633808784e-01 3.733553670311651751e-01 3.910161630408227618e-01 3.862794428081176568e-01 3.895280876660448532e-01 3.961712514684479491e-01 3.824772122942839414e-01 3.812299524192154787e-01 3.870719311509268623e-01 3.818349687498441836e-01 3.865654003165179264e-01 3.938675697216724170e-01 3.970902348645258262e-01 3.964650772978721704e-01 3.968054648220243341e-01 4.051838870571089490e-01 3.995058918732793951e-01 3.941608583277601552e-01 3.991775312948957488e-01 4.020471611894001485e-01 4.007042065873107073e-01 3.961818447891843897e-01 3.929798184199667088e-01 3.940126997202276771e-01 3.992913037800372988e-01 4.084700407826374335e-01 4.107979364272179024e-01 3.951552904251472986e-01 3.968751629895458932e-01 3.971403685265044170e-01 3.975448378645131675e-01 4.031000403861704773e-01 3.986365530826896375e-01 3.966016398432937184e-01 3.984976701556148249e-01 3.972986363602113991e-01 3.974580812434364563e-01 4.012331291214385476e-01 3.996322782675524876e-01 3.940507400985062136e-01 3.950822771273282963e-01 3.930941748544162229e-01 3.890548660576495510e-01 3.958055658799243814e-01 3.984717284323976427e-01 3.966536821761425524e-01 3.937709292636885072e-01 3.951572074110729083e-01 3.947344016278060419e-01 4.002422633897211313e-01 3.865531875503606662e-01 3.922821891926290827e-01 3.932846782368205063e-01 3.947860183564163572e-01 3.930520000411202308e-01 3.913653475098181067e-01 3.916476174811888145e-01 3.921264240017805491e-01 3.940312454708181367e-01 3.927639910880746377e-01 3.953559424830693225e-01
1.061431549632539141e-02 9.989083585823395339e-02 3.173841300208369853e-01 1.000000000000000000e+00 3.451946501503025955e-01 4.123767955073113778e-01 5.532472347192710638e-01 5.373746578237306171e-01 5.620632250010066944e-01 5.010800734068728834e-01 5.968959819969817948e-01 6.402209163679282167e-01 5.680731083827100791e-01 5.561335461287328918e-01 6.411282194514571486e-01 6.350510258211888859e-01 5.692543645897861770e-01 5.666228629047859178e-01 6.040551006304607506e-01 5.259295077934633689e-01 6.199444791359273177e-01 6.220269496099970485e-01 5.852685871758113167e-01 5.529816071627318141e-01 5.984917884446402381e-01 6.230875739171688465e-01 6.247422995177656091e-01 6.445912484292551925e-01 6.289445828208588551e-01 6.414330297055517160e-01 6.467419266260051591e-01 6.317343335216444311e-01 6.259238599302526795e-01 6.195664179274369410e-01 6.426269309399578189e-01 6.385171821026770500e-01 6.430467130734022208e-01 6.472112671033334319e-01 6.524961444627049856e-01 6.143700668620584171e-01 6.436746617320794339e-01 6.522977811680442661e-01 6.466923946707787696e-01 6.622233329225342136e-01 6.526143800632682179e-01 6.538334817347125627e-01 6.376393014845749274e-01 6.430456391700937191e-01 6.379344754328187816e-01 6.278910571865958801e-01 6.442011531696252291e-01 6.424530148307450172e-01 6.405352546525785451e-01 6.313925711356941362e-01 6.255297268777192388e-01 6.422504602202270263e-01 6.176491633710599061e-01 6.362377417049477346e-01 6.249238696784582547e-01 6.367515983580581684e-01 6.476229666771395888e-01 6.266741059195485297e-01 6.311590028098664762e-01 6.426659890125098196e-01 6.425606314472527281e-01 6.375773428404898358e-01 6.464904656883069256e-01 6.459622733827861119e-01 6.440015872927473684e-01 6.491939456562971777e-01 6.612170310864345923e-01 6.528764093475982744e-01 6.379390135318326882e-01 6.478456884356119660e-01 6.487940275677855917e-01 6.527749399499971350e-01 6.576589004590948084e-01 6.574684858848856006e-01 6.482013262337424919e-01 6.485849370720032647e-01 6.494110493874102330e-01 6.539438666981308712e-01 6.549448294040189911e-01 6.494054711387117207e-01 6.496539093889585059e-01 6.471657526234626534e-01 6.501260969074165175e-01 6.516720631003665165e-01 6.534660336116940860e-01 6.484308887715455327e-01 6.493285734141892585e-01 6.516401939982384706e-01 6.514330159249990260e-01 6.565453554711907502e-01 6.433146615658038581e-01 6.448139856951744520e-01 6.462958438195951505e-01 6.395297087972884320e-01 6.483256920362480136e-01 6.516515338951882619e-01 6.546927470086669754e-01 6.487145513125071039e-01 6.480030108289863700e-01 6.509682679486327173e-01 6.543532602174688684e-01 6.400773452182564327e-01 6.421555689838959191e-01 6.443670293649546021e-01 6.455464754186471810e-01 6.444876434899851070e-01 6.456119859826792151e-01 6.446843696742949881e-01 6.411463427981121121e-01 6.509890095300837620e-01 6.483740288591084422e-01 6.458988537888853410e-01
-1.849412311315671437e-02 4.961240189340002799e-02 2.110200786965020225e-01 3.451946501503025955e-01 1.000000000000000000e+00 3.105836569275479131e-01 4.383979549575879320e-01 4.531895295459166251e-01 4.115150814641551080e-01 3.884303465839663017e-01 4.444792188319582338e-01 4.647704806208913242e-01 4.553468531519796469e-01 4.339567883658802527e-01 4.813606298660416671e-01 4.754452512798401642e-01 4.288942335456895627e-01 4.482926445996727183e-01 4.671285724160297859e-01 4.110331813428505510e-01 4.697251586604221929e-01 4.785814504156620797e-01 4.698041444710893133e-01 4.389042429575549242e-01 4.618543418540666523e-01 4.886376589403402249e-01 4.792065244180965800e-01 4.883595318031119237e-01 4.689751424070278674e-01 4.815841440497202752e-01 4.896546576046143517e-01 4.838070131580782252e-01 4.770382056424790629e-01 4.806221221853223535e-01 4.858853497274863154e-01 4.868387513640118347e-01 4.959311282165926871e-01 4.939358749525140646e-01 4.982589996800478316e-01 4.826845525866265141e-01 4.910408587673917302e-01 4.871261678895103531e-01 4.943324893422951227e-01 4.978366121662665122e-01 4.943491317865800760e-01 4.978337240306516254e-01 4.845349458118877739e-01 4.861317764743200431e-01 4.781022373979420537e-01 4.748219627431183310e-01 4.881138299929486113e-01 4.803923951195883668e-01 4.870018853565055150e-01 4.779941624063535066e-01 4.864573254394015667e-01 4.995750944948152972e-01 4.611324265900378916e-01 4.779336133688050214e-01 4.742023228236773025e-01 4.790654715207914860e-01 4.882101044645284493e-01 4.798466011433181189e-01 4.806224420352654403e-01 4.746913093519854465e-01 4.756224879844042075e-01 4.814691369343279681e-01 4.897887695531150110e-01 4.961399809229776747e-01 4.914256277155235608e-01 4.870451188476019322e-01 5.018629080692308397e-01 4.935220745899759898e-01 4.845743708624775659e-01 4.968262239169370931e-01 4.943535415566322477e-01 4.971351756755026385e-01 4.965964928103597797e-01 4.933567715959453204e-01 4.908365447186044395e-01 4.907791616979347293e-01 4.951929325934372739e-01 4.915491343205317665e-01 4.930124588876892422e-01 4.907248244080588129e-01 4.909161397796681370e-01 4.906414946620349382e-01 4.932986263433191687e-01 4.955074328840917142e-01 4.930535308120619908e-01 4.963727572258547216e-01 4.979148410855049889e-01 4.930471397026640612e-01 4.937791046685283125e-01 4.961344323827304725e-01 4.882181462118569404e-01 4.858254919120312820e-01 4.848400160879063336e-01 4.792788331186159656e-01 4.914019028999597194e-01 4.925516152767600575e-01 4.970853771029506984e-01 4.880403037937872113e-01 4.941542401551943797e-01 4.932991758474969402e-01 4.940418634671462916e-01 4.835155569926924968e-01 4.849206823190341242e-01 4.890678881289322044e-01 4.935725748987866979e-01 4.870481480891065140e-01 4.886902363989593101e-01 4.855130346867784219e-01 4.844316138465131760e-01 4.884404275020255981e-01 4.835663359397983641e-01 4.884905671299703545e-01
4.556213300717692864e-03 1.001326237151509702e-01 2.431858974898358505e-01 4.123767955073113778e-01 3.105836569275479131e-01 1.000000000000000000e+00 5.147776665089068837e-01 4.942485634826531693e-01 5.112653803788164142e-01 4.578329459773909371e-01 5.339892921232042289e-01 5.747723529620970551e-01 5.188951951097829918e-01 5.244900648641658281e-01 5.887735242145430981e-01 5.660628724071474771e-01 5.040903200511014370e-01 5.175100927491531611e-01 5.324955980895229590e-01 5.089481215665385694e-01 5.411838084902170776e-01 5.417026788080850919e-01 5.150944161858703740e-01 4.832390770206415054e-01 5.171298427060001535e-01 5.501870488846051233e-01 5.696087515856366190e-01 5.741226140873922912e-01 5.509257174439817772e-01 5.780923127658952332e-01 5.924657698085283863e-01 5.703315145379530549e-01 5.477165431634788417e-01 5.500529821503494787e-01 5.724868586012219485e-01 5.617368363457274638e-01 5.747151944541741830e-01 5.808091653856162218e-01 5.824721532796131029e-01 5.623253123424197808e-01 5.839382698846641295e-01 5.854784526779441833e-01 5.823690108121760689e-01 5.968647459997905580e-01 5.892082523592450105e-01 5.904701995220914545e-01 5.933066907622530639e-01 5.887909729841720452e-01 5.858639915583212510e-01 5.678833511047074456e-01 5.866467865062793274e-01 5.781299342196418722e-01 5.935808448654585900e-01 5.849883290742936559e-01 5.834894463956018518e-01 5.829551800523119498e-01 5.777960919595110933e-01 5.957745778510339374e-01 5.876522233510178550e-01 5.894772013509255171e-01 6.010781502705035972e-01 5.889443797103317557e-01 5.892023079826916865e-01 5.895492873394774236e-01 5.849162837584032104e-01 5.861986704686935612e-01 5.942623311763454153e-01 5.942313133866672370e-01 5.924055888155019822e-01 5.973694687880343190e-01 5.972163781874966215e-01 5.965738553320478754e-01 5.804135343779407430e-01 5.857301739397972051e-01 5.947290639848062943e-01 5.993235488613641859e-01 5.968869862530239434e-01 5.940574712842151550e-01 5.919597350880037023e-01 5.966482777991534148e-01 5.990298505675651919e-01 6.004948190085784843e-01 5.916718375753563519e-01 5.970195655443361060e-01 5.894597161067922642e-01 5.928785244786877184e-01 5.956293964842869215e-01 5.920771945628933164e-01 5.968138994309336587e-01 5.942938388786382919e-01 5.916159258178010916e-01 5.955411618233472648e-01 5.956703652220433076e-01 5.985369315767600229e-01 5.977294970401705321e-01 5.952240535252273368e-01 5.878549960918035833e-01 5.916170633330044559e-01 5.985467561856349095e-01 5.938780058434885989e-01 5.957676600621307772e-01 5.964296421460717479e-01 5.979997261521501351e-01 5.967607100756409100e-01 5.953312775080955577e-01 5.938431306735639792e-01 5.960811846255971158e-01 5.944450226535793469e-01 5.973380141548958466e-01 5.981971109980613877e-01 5.941788048025941071e-01 5.948371125310913943e-01 5.975910833465623018e-01 5.976583849916554669e-01 5.917409904480303018e-01 5.968115003445261246e-01
-3.441604440885585176e-02 1.008948061641706390e-01 3.407462722113345222e-01 5.532472347192710638e-01 4.383979549575879320e-01 5.147776665089068837e-01 1.000000000000000000e+00 6.811197356028768635e-01 6.882798518654565934e-01 6.195512636702241727e-01 7.245642186185542455e-01 7.775411721222296180e-01 7.076142848171036448e-01 6.948770759949073339e-01 8.183608062333055377e-01 7.745979836492732362e-01 6.794977071615621034e-01 6.842661899253080771e-01 7.297449717165942484e-01 6.567633432319537334e-01 7.283198620109190280e-01 7.361755281973400011e-01 7.003140815143714670e-01 6.743987353502942650e-01 7.106176285919734159e-01 7.618809909850715600e-01 7.501280589566780010e-01 7.867604842175155433e-01 7.492873013482537203e-01 7.739799505827322790e-01 7.905528440816332880e-01 7.728922123183457060e-01 7.632450753750431582e-01 7.492860739012630056e-01 7.771985847971325523e-01 7.696244209798579483e-01 7.856432991176051095e-01 7.943100097516396785e-01 7.950548022403735038e-01 7.781351795594851906e-01 7.841611721699103255e-01 7.923136601506592935e-01 8.002371674871209262e-01 7.996420730092052009e-01 7.964073212756521691e-01 8.045602596908218995e-01 7.891223399595863608e-01 7.888072220129891399e-01 7.788133979667343221e-01 7.565086443272749372e-01 7.871427080036899060e-01 7.551758460927803229e-01 7.810749704389554626e-01 7.763418715667056436e-01 7.752142349354592676e-01 7.893525990836757211e-01 7.475006804643520297e-01 7.858665762698096025e-01 7.739857530705236410e-01 7.760407141225282857e-01 7.923263327372880305e-01 7.709372496267224983e-01 7.779903587872901705e-01 7.737725924368535901e-01 7.605452724083379135e-01 7.659052645242901969e-01 7.918748792698210304e-01 7.946555723711379304e-01 7.916792390651439248e-01 7.937653504567565577e-01 7.986676059815102091e-01 7.949295784086616301e-01 7.815176434007146122e-01 7.869176031689489870e-01 7.982915276918407521e-01 7.996011364677545474e-01 8.078610943730553107e-01 7.972869487119698118e-01 7.980923016505587775e-01 7.903235179654016784e-01 7.989788371911775711e-01 7.974429481681122311e-01 7.915121272538613306e-01 7.982195449820868038e-01 7.942522749553757588e-01 7.916582312026463342e-01 8.004881982276851327e-01 8.021627833280284836e-01 8.003884695432007534e-01 7.964636371196740505e-01 8.042472229514704418e-01 8.016115829397039150e-01 7.976614418089342795e-01 8.057811119415484447e-01 7.930550436563484906e-01 7.928885467283282029e-01 7.911203321096671459e-01 7.754141775818169657e-01 7.968868919636584724e-01 7.990994268096015540e-01 8.066788489535064999e-01 7.920670432407995731e-01 7.953156360718318663e-01 7.983086769920036962e-01 7.945055560953011575e-01 7.829015111479411537e-01 7.877688053033055082e-01 7.947691948338029277e-01 7.966748915011597765e-01 7.894095642670293511e-01 7.947993467815015478e-01 7.889041518074532133e-01 7.911250677826291433e-01 7.934153183248343622e-01 7.828378284882836491e-01 7.883496974005637092e-01
-2.215192859669833439e-02 8.511417626282659354e-02 2.921740387771329939e-01 5.373746578237306171e-01 4.531895295459166251e-01 4.942485634826531693e-01 6.811197356028768635e-01 1.000000000000000000e+00 6.774166486494355155e-01 6.123064120470604887e-01 7.128305348117596196e-01 7.666903669632625373e-01 7.098313345561824139e-01 6.930589000581672821e-01 7.935989372912281015e-01 7.944688438960024746e-01 6.861830535257740227e-01 6.329414318961675834e-01 6.864297603774761614e-01 6.024150503974352588e-01 7.072874178346023610e-01 7.141895497336963050e-01 6.525752523586005882e-01 6.141373976403365909e-01 6.668200950640863489e-01 7.285492603253610477e-01 7.369535932927502309e-01 7.677709954897127265e-01 7.464759684038622112e-01 7.544945579111720368e-01 7.623680322596302350e-01 7.608145817191724891e-01 7.534719292060656493e-01 7.371194931718365595e-01 7.697260708250452943e-01 7.535360182384011063e-01 7.625683730752055300e-01 7.976332070904512683e-01 7.887001221016940455e-01 7.535364163757251044e-01 7.737587949374550300e-01 7.890658537659313021e-01 7.826203583629545157e-01 7.956577612052921911e-01 7.759811826187295036e-01 7.940600716793017044e-01 7.910481514378943091e-01 7.871418575911652837e-01 7.875147363137010581e-01 7.727509806343454413e-01 7.924372683885888557e-01 7.526367315320213747e-01 7.685733013471137687e-01 7.770276643156183161e-01 7.892245940606117394e-01 7.863857745964814017e-01 7.691472040727153070e-01 7.939767960974886130e-01 7.863049162149533533e-01 7.725760171910271978e-01 7.976277991622836572e-01 7.816768218617770048e-01 7.956851479412054839e-01 7.874292667558557834e-01 7.615788103107424822e-01 7.697685207691463694e-01 7.884374420222479696e-01 7.817399567447000930e-01 7.798472789701921259e-01 7.740463834762817408e-01 7.877751108512092149e-01 7.831090695850313477e-01 7.588531402467415532e-01 7.651719023586469604e-01 7.845753242021987761e-01 7.937229264472919210e-01 7.943244077339393083e-01 7.976420732494803323e-01 7.871573113081113959e-01 7.850276441943937478e-01 7.878580778065896739e-01 7.857737333703141980e-01 7.884976480821248579e-01 7.935824971306668640e-01 7.958499954052202785e-01 7.887453568518626446e-01 7.864041543249863375e-01 7.970112814258369927e-01 7.951464432908609270e-01 7.906910915332140410e-01 7.910019125777038029e-01 7.945558005761471643e-01 7.886297250914320323e-01 7.957518048143960021e-01 7.912339126789446064e-01 7.903990398678706342e-01 7.976142790525229120e-01 7.935089970829960482e-01 8.020006138469994994e-01 7.971793050360141963e-01 7.993677787618567177e-01 8.026014679121584727e-01 7.887844712558672589e-01 7.994491193629484904e-01 7.900309081991172544e-01 7.926116212730976995e-01 7.959830120364687067e-01 7.904862101418983489e-01 7.966045949561244566e-01 7.923231045361488478e-01 7.952784592134428676e-01 7.869464330736802848e-01 7.937158963828727654e-01 7.962479254346362945e-01 7.825645788589755680e-01 7.878606313114442372e-01
8.847207481930843831e-02 1.664014829521814620e-01 3.414924348549627231e-01 5.620632250010066944e-01 4.115150814641551080e-01 5.112653803788164142e-01 6.882798518654565934e-01 6.774166486494355155e-01 1.000000000000000000e+00 7.181025511084290214e-01 7.868868271795728120e-01 8.218915611331714111e-01 7.491477275471614128e-01 7.498042148563487386e-01 8.302682322619078237e-01 8.199056538637122804e-01 8.078060490184442166e-01 7.118684295579931209e-01 7.807996576444917736e-01 6.704029047002340036e-01 7.481382671238855364e-01 8.028710562940104545e-01 7.335796025724186098e-01 7.067272157262400878e-01 7.570922634411095808e-01 8.076024507216527093e-01 8.155709897522633867e-01 7.974072358048519549e-01 7.852970702566209882e-01 8.519488928572606090e-01 8.572081528029936726e-01 8.287468367154515736e-01 7.865650353198769817e-01 8.000639665544397872e-01 8.370712863070108867e-01 8.224471433298543577e-01 8.406669536932979137e-01 8.371556365079119155e-01 8.445102353037200471e-01 7.800767439106499612e-01 8.557762142095708402e-01 8.387727079085260939e-01 8.039341430244796305e-01 8.563003709664076535e-01 8.382322919810776263e-01 8.480087703032732627e-01 8.653652655410409844e-01 8.769534206434793644e-01 8.594277838347704757e-01 8.127203114022404362e-01 8.377769951753669675e-01 8.311194701658113360e-01 8.529885020557335107e-01 8.799391596867638388e-01 8.532882130531740383e-01 8.545340850922944487e-01 8.557700974984757680e-01 8.602298909642825953e-01 8.565566143810383615e-01 8.845702108904814898e-01 8.570441711171206123e-01 8.704398289716045456e-01 8.455127497949274096e-01 8.670519588146820000e-01 8.779645617528730739e-01 8.750484403417837509e-01 8.763437353917329364e-01 8.665925345465645968e-01 8.650274971281524117e-01 8.623506406280977421e-01 8.629292550590428323e-01 8.713265629183643002e-01 8.453821281069040516e-01 8.525950073437184029e-01 8.696692781404642414e-01 8.701637346879167456e-01 8.626032532485059523e-01 8.658273558489936184e-01 8.679409091109483443e-01 8.754763535917995387e-01 8.691006044526478069e-01 8.759263819569692577e-01 8.671807466733920666e-01 8.694959369829973195e-01 8.528620007600016262e-01 8.627574308403217485e-01 8.658446885542263605e-01 8.629458206716050794e-01 8.679188043689974874e-01 8.660003969400568158e-01 8.460862169658521781e-01 8.638895276942656354e-01 8.659847054868748950e-01 8.657337922373445904e-01 8.728167762896890114e-01 8.742887972813215836e-01 8.305529059053021745e-01 8.512582272577507991e-01 8.542688462069895072e-01 8.490190404842942185e-01 8.520346613974915106e-01 8.586550779151481683e-01 8.620949862442358613e-01 8.646487875199531103e-01 8.605737077497779275e-01 8.647590095793480369e-01 8.707863802698533329e-01 8.743229447688581901e-01 8.695944942560211999e-01 8.740853769749915569e-01 8.620573715040825702e-01 8.800196501060615351e-01 8.724214659730611388e-01 8.726516814469164052e-01 8.809953937787515788e-01 8.726917163688151513e-01
1.224907588604652771e-02 1.662022228437373406e-01 2.995593753541517801e-01 5.010800734068728834e-01 3.884303465839663017e-01 4.578329459773909371e-01 6.195512636702241727e-01 6.123064120470604887e-01 7.181025511084290214e-01 1.000000000000000000e+00 7.011135824675739370e-01 7.397542043173139792e-01 6.702246631817203593e-01 6.667815018399728677e-01 7.449568677013111984e-01 7.325825449507192832e-01 7.013132687480675420e-01 6.314121271011534642e-01 6.963006997190670511e-01 5.964712056346429536e-01 6.580614867640414145e-01 7.085749098763048925e-01 6.490920516704964394e-01 6.403107278165399707e-01 6.734270538020012964e-01 7.312560744817223624e-01 7.281856355597573494e-01 7.242612810378574739e-01 6.910657419908864396e-01 7.565569154407062458e-01 7.631755665253372456e-01 7.400265474563022527e-01 7.030328272893119346e-01 7.186414865723249612e-01 7.445085755118429072e-01 7.344297720533923268e-01 7.529739138367046447e-01 7.478851242065760463e-01 7.572063407776485899e-01 7.065240357605473420e-01 7.687454380791460817e-01 7.547960257572676745e-01 7.275208801169787964e-01 7.660593279532688094e-01 7.574421496816458044e-01 7.574374113769347661e-01 7.712877573912240159e-01 7.823858523595303982e-01 7.624952484975300315e-01 7.213037816867875485e-01 7.484514816363186940e-01 7.319708663572729312e-01 7.581220298539859126e-01 7.780186493168059769e-01 7.575283872414921849e-01 7.636781178963336636e-01 7.436443581829426108e-01 7.652896938372789615e-01 7.576111226335647819e-01 7.808384248698708729e-01 7.635218630505542503e-01 7.663503811124009468e-01 7.501334524473408649e-01 7.662725676095368810e-01 7.674882220546690448e-01 7.694771308710057767e-01 7.800574755545705008e-01 7.729605590682309124e-01 7.701044020816041336e-01 7.675542681912831400e-01 7.688578360640839771e-01 7.769409767326114213e-01 7.588597714993782217e-01 7.613772166547554399e-01 7.811957698594356181e-01 7.742369999044258488e-01 7.692838444114669105e-01 7.656948702919526006e-01 7.698713135485009129e-01 7.792609016884823880e-01 7.754272244310145279e-01 7.790254966969721862e-01 7.685845241486156665e-01 7.740507710016500953e-01 7.637855997016050891e-01 7.703113529274799864e-01 7.728059940281015727e-01 7.743207220209812336e-01 7.761237390531752212e-01 7.753938168285273713e-01 7.613037277036918127e-01 7.756324693672476123e-01 7.756313414145882268e-01 7.746929460187711447e-01 7.792786880707048836e-01 7.809480292498367504e-01 7.477952152355044069e-01 7.544310841006317547e-01 7.657309882286423841e-01 7.646542545813799219e-01 7.665590768452634762e-01 7.660622423181839835e-01 7.725289792826945945e-01 7.739937758941857204e-01 7.694813945089046259e-01 7.660700459624459890e-01 7.719713119379943977e-01 7.801886559490737172e-01 7.778273615052736512e-01 7.775179995156999979e-01 7.721674302906559317e-01 7.814635620930965310e-01 7.773368912837167466e-01 7.760535670105132011e-01 7.783653544978055283e-01 7.758850145949225396e-01
4.553271824153905939e-03 1.384136784079789684e-01 3.661137098866932837e-01 5.968959819969817948e-01 4.444792188319582338e-01 5.339892921232042289e-01 7.245642186185542455e-01 7.128305348117596196e-01 7.868868271795728120e-01 7.011135824675739370e-01 1.000000000000000000e+00 8.629935689392097542e-01 7.686839241143987866e-01 7.795314732015413695e-01 8.602007899938701740e-01 8.562673874991653111e-01 7.804541870259953384e-01 7.484309987573285472e-01 8.077439639782577618e-01 7.112474954668884797e-01 7.780896965010726252e-01 8.233192734904306587e-01 7.686375205253157539e-01 7.432840527523359997e-01 7.901207468946996881e-01 8.369539511860500935e-01 8.419652727539813641e-01 8.496117126911684192e-01 8.112406280954768123e-01 8.731003781414313769e-01 8.923454782558256637e-01 8.595850084511571509e-01 8.306882981768179963e-01 8.331368588018054355e-01 8.623336948724562578e-01 8.545718184830469744e-01 8.698692328916074468e-01 8.727580268238206429e-01 8.789705859455906323e-01 8.387139468403784770e-01 8.853830018512346411e-01 8.816316719932106860e-01 8.598411805304887467e-01 8.871053912909004913e-01 8.809721999322469577e-01 8.834098061530174517e-01 8.875394703510131045e-01 8.925144722287479127e-01 8.794535636209478424e-01 8.485840590132568417e-01 8.756576424090189992e-01 8.511668184502384493e-01 8.777854621145105840e-01 8.824097135846457052e-01 8.752934945946578837e-01 8.813377192347204847e-01 8.535633151892031423e-01 8.834632190872436786e-01 8.742092416069819905e-01 8.833850745207453281e-01 8.867135577647394795e-01 8.744173451112645656e-01 8.701105827700811313e-01 8.754377519049462153e-01 8.733225234310972862e-01 8.746462884762936651e-01 8.942011134798862892e-01 8.922295071772647912e-01 8.913160599952866248e-01 8.882716030676409691e-01 8.931886566254013671e-01 8.964429673270970511e-01 8.721912564343481389e-01 8.842601663904735565e-01 8.955601342712358193e-01 8.957467138286486774e-01 8.929900584320840107e-01 8.860353757431954635e-01 8.917895575748260306e-01 8.964749207515899654e-01 8.952354852286078524e-01 8.990441656968641837e-01 8.898051415376135864e-01 8.930423704814488550e-01 8.865854251326711344e-01 8.902719783844701418e-01 8.949750433829343210e-01 8.957940514015195754e-01 8.966323388049137755e-01 8.921435432468941551e-01 8.898057748698638969e-01 8.961999132376949895e-01 8.962795787286421678e-01 8.966987378434183587e-01 8.962183547940456574e-01 8.962793070883487978e-01 8.817404464034739320e-01 8.782465406710499023e-01 8.908388846426832375e-01 8.908226087710942043e-01 8.933082428779206552e-01 8.889512561553072345e-01 8.918183963810504267e-01 8.965156990735756448e-01 8.926479261717724656e-01 8.852442024108633234e-01 8.919535401074475400e-01 8.953901816978123707e-01 8.946560267376474362e-01 8.947086799087775599e-01 8.926191530809053365e-01 8.942011680032637688e-01 8.922674227212923359e-01 8.944108358533779946e-01 8.905067638223063131e-01 8.920551079170969677e-01
6.035010045683136468e-03 1.431594951958478357e-01 3.900075185333166661e-01 6.402209163679282167e-01 4.647704806208913242e-01 5.747723529620970551e-01 7.775411721222296180e-01 7.666903669632625373e-01 8.218915611331714111e-01 7.397542043173139792e-01 8.629935689392097542e-01 1.000000000000000000e+00 8.165580024123035852e-01 8.229146941061639131e-01 9.138366910486565020e-01 9.065522106595518270e-01 8.353284487119497781e-01 7.752639727581790430e-01 8.435896045972152146e-01 7.347830634851171272e-01 8.284427613664967494e-01 8.596652881827824277e-01 7.985383307014702892e-01 7.604648507759504961e-01 8.151915325028372683e-01 8.791620800111031864e-01 8.875064781229192734e-01 9.011378314417338720e-01 8.600231685639566637e-01 9.146800705368122175e-01 9.312349514087866487e-01 9.026739932935121669e-01 8.776678923760818929e-01 8.730791735882662552e-01 9.060326282742202642e-01 9.014960694047378098e-01 9.113443304330539618e-01 9.241205294619809774e-01 9.265710656609289497e-01 8.857822946205293757e-01 9.294402198371908286e-01 9.314918352123381373e-01 9.100110665884295624e-01 9.404309237340964245e-01 9.290008065222192801e-01 9.361586961356207492e-01 9.395214076020660388e-01 9.410481263325444212e-01 9.319972942620613487e-01 9.009205421795766222e-01 9.282949905983081118e-01 9.063097974405035506e-01 9.301242370288832495e-01 9.348019658847455116e-01 9.263822850921329399e-01 9.312979515016867049e-01 9.122011151803466333e-01 9.349190357995903478e-01 9.250516091165577048e-01 9.353224819964840453e-01 9.392783870227586762e-01 9.293762945252718177e-01 9.260739651357811075e-01 9.315584633829131489e-01 9.255344250677678408e-01 9.300861639372602907e-01 9.428069498882070132e-01 9.376717293255090180e-01 9.338612431390016511e-01 9.320866489550639900e-01 9.399161345804836198e-01 9.416084072051910114e-01 9.134540324130062672e-01 9.236033572948323389e-01 9.422797439589201129e-01 9.432197233412242809e-01 9.419184888294082070e-01 9.360875037124468667e-01 9.382146841529465098e-01 9.413818781939061742e-01 9.422171770897155296e-01 9.457096557203047427e-01 9.387332698850202606e-01 9.419158100198365968e-01 9.339908527768784330e-01 9.369544034593721982e-01 9.418687467368268562e-01 9.434607360755152827e-01 9.441585481430746496e-01 9.408040005224840296e-01 9.368546244655048261e-01 9.447061705788387664e-01 9.437140069726400737e-01 9.468905829549975062e-01 9.449150012726424963e-01 9.449746703253443236e-01 9.282417776806166643e-01 9.290736764219214017e-01 9.397067691251249633e-01 9.394774227541388134e-01 9.412348129186511869e-01 9.395593583994931164e-01 9.420423126552520676e-01 9.451793558505529047e-01 9.426205954216071436e-01 9.361316043886567240e-01 9.424873501263120179e-01 9.446581291105100586e-01 9.441424660285019366e-01 9.445001913623146672e-01 9.403144821371823836e-01 9.446233606717016063e-01 9.434368539372380846e-01 9.444018141676409073e-01 9.416031090896939126e-01 9.436056039068575485e-01
1.128869090735226417e-03 1.141621490346797080e-01 3.529509931775671738e-01 5.680731083827100791e-01 4.553468531519796469e-01 5.188951951097829918e-01 7.076142848171036448e-01 7.098313345561824139e-01 7.491477275471614128e-01 6.702246631817203593e-01 7.686839241143987866e-01 8.165580024123035852e-01 1.000000000000000000e+00 7.507526188384482380e-01 8.333167693381593466e-01 8.316390022987267816e-01 7.465850615689322289e-01 7.178235070020229092e-01 7.634193457113251924e-01 6.847609936385194995e-01 7.561695303473080498e-01 7.806724103170215034e-01 7.336182009202861787e-01 7.040775706260838929e-01 7.403217103804842214e-01 7.977209149217807660e-01 7.968610224667947994e-01 8.175574611592540952e-01 7.824220376281468825e-01 8.271902240274411344e-01 8.339113071594411730e-01 8.205834035057130160e-01 7.918821160928637415e-01 7.973271185292716279e-01 8.271340116587498903e-01 8.172237849570475055e-01 8.341663041561145908e-01 8.363990045021921782e-01 8.426245760438668686e-01 8.020728893521740233e-01 8.386238340425574700e-01 8.421644794701864667e-01 8.325273530210413053e-01 8.536140041298718728e-01 8.426535299766824139e-01 8.429527007553410112e-01 8.497011053184631013e-01 8.511276731575252441e-01 8.356247618261369858e-01 8.106886418152997598e-01 8.335004912409186284e-01 8.228111953895871356e-01 8.421495226455756322e-01 8.425622644499325409e-01 8.349580237380851422e-01 8.383686826053190488e-01 8.168584972327725957e-01 8.444742004012772973e-01 8.278869413406907407e-01 8.453430895160872760e-01 8.504361015977516258e-01 8.359787523271935417e-01 8.322614622321502509e-01 8.385355814310516687e-01 8.355732871154188945e-01 8.387388517253561160e-01 8.533730432357751194e-01 8.521417353152787033e-01 8.493710611501574803e-01 8.463761715309650047e-01 8.526977959000061613e-01 8.528761449967676711e-01 8.351268050228888296e-01 8.394570742826720222e-01 8.540339808977751579e-01 8.537607632734037777e-01 8.536331985009035783e-01 8.491996198122840900e-01 8.497897592380448950e-01 8.529024113457970291e-01 8.560278244274754922e-01 8.544225592265453084e-01 8.497346342306635325e-01 8.533804925717657364e-01 8.458832645173721687e-01 8.509251507724625574e-01 8.544033198477040125e-01 8.561782787649798721e-01 8.569716529215865020e-01 8.536052761004002676e-01 8.485384649158355108e-01 8.574524981229727505e-01 8.563298729436287227e-01 8.588568536750688098e-01 8.550266187960459119e-01 8.554942229777644513e-01 8.431430599146386706e-01 8.415142918894004120e-01 8.528381479087919770e-01 8.520028184002788052e-01 8.576694584904448471e-01 8.500344225523451813e-01 8.539188137475830498e-01 8.579976830806861354e-01 8.554996133222179111e-01 8.482614825957465188e-01 8.515637054206649514e-01 8.565988876860703982e-01 8.564652741146321357e-01 8.546141232602051385e-01 8.518439348347226492e-01 8.564028100714520253e-01 8.527450936134606252e-01 8.567214589419389625e-01 8.513783683665532287e-01 8.560666481269836314e-01
