1.000000000000000000e+00 3.457969369606419541e-01 2.606626997705453475e-01 4.166265766459913977e-01 1.430971550546129845e-01 4.602005139724298088e-02 3.252877922953334444e-01 3.492291509112959158e-01 2.924683078173496154e-01 1.506240155576243911e-01 1.839458023191516689e-01 2.591400654481686994e-01 1.619694868398315890e-01 7.800932890337987369e-02 1.647356958743119160e-01 2.629095176546672463e-01 2.728084214566717236e-01 3.914380787570336806e-01 3.313765071653212990e-01 4.286442447160999647e-01 4.042713525995463297e-01 2.995301897949487202e-01 3.798477064509951373e-01 3.444709721499423227e-01 3.078350992412491882e-01 3.156966863650866317e-01 2.832697778626352969e-01 2.522473214805909247e-01 2.948115907549380688e-01 2.522325029056758372e-01 2.581938884640638809e-01 2.112970185530222145e-01 1.800038032119817000e-01 2.207507004618119162e-01 1.626625306292612816e-01 1.808695586814005885e-01 1.249937446322277323e-01 2.079922631668745248e-01 1.680826226160481995e-01 1.820930562157397625e-01 1.186925067121397948e-01 1.434031211773198478e-01 2.294105244950259137e-01 1.469239473816074393e-01 1.856402041879584852e-01 1.335467501590692774e-01 6.137664760401017466e-02 8.875782333809213720e-02 1.217924533054762642e-01 1.854979745244072220e-01 1.868836575845300996e-01 1.828057809587229632e-01 1.621566981189112577e-01 1.403509126656738437e-01 1.784312859468622503e-01 1.951560127594997862e-01 2.160470303443050577e-01 9.771379739891537797e-02 1.482212966673596422e-01 1.282936242838316199e-01 1.564278685961528470e-01 1.498826872352846951e-01 1.674881114316352781e-01 1.579546323420137621e-01 1.576073734162392881e-01 1.606806285605529294e-01 8.595218499338808105e-02 1.183401698730435769e-01 1.226576066668622067e-01 1.815099647670955496e-01 1.298160472550476396e-01 1.021393786911001661e-01 1.432406582499103631e-01 1.467934525469014040e-01 1.180497816720224719e-01 8.490969663856119676e-02 1.092317763002410846e-01 1.135009116956477160e-01 1.213423121034624685e-01 9.371797978050187827e-02 9.314259712629377463e-02 1.007226165003492074e-01 1.532583953597868032e-01 7.331415227672531676e-02 8.893951192833032815e-02 9.743023197706134064e-02 7.654928912353109460e-02 1.011255568362489227e-01 7.585329571840873641e-02 1.358234074679288417e-01 7.868166601923724801e-02 6.222707847839079043e-02 7.540870193433109325e-02 8.414971263287329695e-02 3.977886486328051363e-02 5.066433319601196944e-02 1.036091572270881334e-01 1.176859509641475232e-01 9.364835998577068776e-02 1.067519747495277310e-01 1.118479243857654903e-01 9.995605093925100104e-02 9.061731672432077334e-02 8.811264730751260099e-02 1.078059001677520862e-01 1.110029501513762895e-01 9.098694772684233489e-02 6.763985814082976167e-02 9.195884062182065055e-02 9.276387776884202629e-02 8.520970761158139228e-02 7.723980423336228307e-02 9.902646633491292427e-02 9.522039959560206490e-02 9.129324096326564553e-02 8.572092905994622980e-02
3.457969369606419541e-01 1.000000000000000000e+00 2.033963184613103159e-01 3.324633564212684522e-01 1.116095804085416865e-01 1.060171980361645644e-01 3.129836209459148644e-01 3.047474526070304557e-01 2.951567376655115371e-01 2.452395214659634781e-01 2.451591295466953591e-01 2.958738392797089500e-01 1.994899396011099446e-01 1.589094111120159525e-01 2.303395909474754144e-01 2.987973847532440219e-01 2.532689767313538454e-01 3.445856362403111883e-01 3.017343460610352190e-01 3.712501372328778082e-01 3.302401638942351059e-01 2.725456549418475705e-01 3.571080136605280786e-01 3.168730580307502764e-01 2.842951503526536250e-01 3.165385697638248841e-01 3.009944645560527210e-01 2.719732334987846056e-01 2.994840860957904694e-01 2.758158871731227757e-01 2.963335896996909247e-01 2.754493143295014268e-01 2.456012135279968533e-01 2.739924986440530619e-01 2.465497238764480792e-01 2.167187152893359781e-01 1.952406087818730762e-01 2.680483836454087831e-01 2.327607719889891180e-01 2.328649985614466289e-01 2.166404349397593743e-01 2.128540550573430334e-01 2.420631033477758931e-01 2.232837205045858364e-01 2.331732863514520415e-01 2.107386020490371603e-01 1.805713372208121725e-01 1.999190648172647911e-01 2.094113485598701196e-01 2.237295361415578554e-01 2.438463080527353555e-01 1.798407269635750316e-01 2.229601624784168235e-01 2.409619232177569736e-01 2.489166797169796441e-01 2.595685045316349360e-01 2.447734766702414078e-01 1.882306260308780343e-01 2.329881276750595531e-01 2.164440009781597452e-01 2.082769084593025788e-01 2.249759819583515841e-01 2.298692947674254305e-01 2.247342982287079405e-01 2.224702037445875080e-01 2.268545015771857576e-01 1.990931345209415726e-01 2.141976536178849255e-01 2.189639438700457519e-01 2.482731771208294691e-01 2.072083426094565584e-01 1.958136386252842254e-01 2.257149003271108900e-01 2.208675947265228146e-01 2.065148653852664218e-01 1.946914361346828160e-01 2.058041118023603011e-01 2.133668270540362288e-01 2.093711640891137982e-01 2.009201724470646988e-01 1.936821557290143159e-01 2.092757287337657368e-01 2.379697834542855717e-01 1.989490852615963812e-01 1.867935554531101328e-01 2.005250344567963972e-01 1.862204492225278674e-01 2.116134103178204662e-01 1.869319156466983101e-01 2.311979248257535202e-01 1.826879808864446675e-01 1.818683121493697985e-01 1.895829682957193285e-01 1.947278834702369787e-01 1.676778663738194286e-01 1.835998036735413119e-01 1.863746805515788529e-01 1.882909394479449772e-01 1.861988168495765927e-01 2.009936270925001267e-01 2.019866071393743578e-01 1.887248712626313496e-01 1.859723960806575482e-01 1.884519993852556419e-01 1.946061618616399813e-01 2.058276298897897816e-01 1.987603920430760507e-01 1.968211976447843126e-01 2.040436272224468717e-01 1.964406296076785241e-01 2.022924365719141193e-01 1.907408858098403603e-01 2.074771498109155288e-01 1.945433381034384901e-01 1.972673670276495206e-01 1.911480941430454550e-01
2.606626997705453475e-01 2.033963184613103159e-01 1.000000000000000000e+00 4.795052103153965573e-01 2.415902648848678447e-01 2.121211343822719531e-01 4.461286786669543813e-01 4.317067391033391210e-01 3.823977915515152093e-01 3.141274389122649668e-01 3.983460331765207307e-01 4.504461909297634015e-01 3.687600259109353740e-01 2.819705570963019214e-01 4.086479112888147802e-01 4.352954108268664024e-01 3.787335381054736660e-01 4.844388210023387042e-01 4.643091201844669613e-01 4.328207240889022089e-01 4.882161168692210063e-01 4.736327073057880477e-01 4.636962544489235394e-01 4.557151255336062134e-01 4.662043582844009326e-01 4.594449163811386017e-01 4.719326879149752796e-01 4.681694575587351248e-01 4.543660576186042133e-01 4.585577118177661671e-01 4.605517960374578834e-01 4.163396184770365993e-01 4.066678581642203527e-01 4.292361298844999951e-01 4.225998917330063276e-01 4.111224056037351970e-01 4.106459909241724771e-01 4.016148265002942308e-01 4.338310960218674794e-01 4.284062907952885801e-01 3.876500542653050774e-01 4.076202066302243576e-01 4.383827849246256791e-01 4.089614655271915367e-01 4.210362881943235935e-01 4.161137871985751135e-01 3.471677883168142187e-01 3.618030961770039577e-01 3.526292891169791610e-01 3.816696999544484936e-01 3.932374730881267877e-01 3.954743285810991549e-01 3.932561302291681660e-01 3.773395441428486485e-01 3.941248446622477308e-01 4.072133111083998114e-01 3.943258068438016406e-01 3.726083143566170097e-01 3.786697685080476217e-01 3.689058468384444067e-01 3.963252657031603454e-01 3.719102280832263796e-01 3.884310405858113491e-01 3.806787288937922287e-01 3.816296349725611936e-01 3.730267140247255364e-01 3.559644710026136361e-01 3.917700460573613208e-01 3.930319717548702574e-01 4.214127756841776207e-01 4.146114893824986436e-01 3.946124640628421165e-01 3.945474277625151127e-01 4.139982444111607318e-01 3.870465672173811766e-01 3.807154344646403454e-01 3.888211620493757237e-01 3.844027118272798083e-01 4.004493521069448225e-01 3.913580194827661063e-01 3.952249242584982003e-01 3.892860348732342657e-01 3.866741508481483236e-01 3.779214165115076240e-01 3.820940918865535219e-01 3.824929796094878043e-01 3.877317381723381917e-01 3.834184346746796201e-01 3.826806332987159887e-01 3.853120291715622647e-01 3.813632148893746354e-01 3.689572942243399822e-01 3.738902099973450133e-01 3.842294853279509814e-01 3.420718851720242482e-01 3.461423861873987318e-01 3.846708223339283528e-01 3.768850955237865730e-01 3.784793001769439225e-01 3.836949107501705369e-01 3.969579451926574798e-01 3.756947213047233114e-01 3.722923617594570134e-01 3.756489826585096559e-01 3.812381254343905623e-01 3.637250231532956901e-01 3.644822433809665752e-01 3.531063179093240634e-01 3.670991810831961688e-01 3.616104401298559368e-01 3.677327204305598785e-01 3.567028956819354168e-01 3.657078336974003419e-01 3.703082947838272077e-01 3.616039794072699043e-01 3.559837865458856387e-01
4.166265766459913977e-01 3.324633564212684522e-01 4.795052103153965573e-01 1.000000000000000000e+00 3.882577327048143956e-01 3.412523101220820143e-01 6.945689912843067138e-01 6.817784217947572278e-01 6.043705609964060699e-01 4.837741051950141813e-01 6.191032261431907990e-01 6.955003060201946363e-01 5.486564013768338022e-01 4.720448428762973325e-01 6.287282105700694457e-01 6.716897618721967556e-01 6.147909113213440024e-01 7.023127886069904235e-01 6.786541410139981245e-01 6.632349955642010686e-01 7.227000299844260622e-01 6.867410200950562205e-01 7.022853570125743294e-01 6.541065240762095057e-01 6.505716320990400092e-01 7.076898087555388850e-01 6.951019045914322847e-01 7.020560907511363968e-01 6.783427766333858244e-01 6.732192878835211447e-01 6.915624243191875742e-01 6.508343741727600218e-01 6.368709217511628884e-01 6.575922088603919358e-01 6.226120642551054019e-01 6.428549020583895768e-01 6.240555443791211410e-01 6.465480094695831292e-01 6.672795767711090509e-01 6.492688290081324309e-01 5.907637754283555642e-01 6.309209666640166470e-01 6.693275818936106347e-01 6.258978345280288291e-01 6.464596320345927793e-01 6.390985182137672860e-01 5.358681255817996369e-01 5.574423366312923900e-01 5.642065774878987083e-01 6.054276075659750234e-01 6.221302493581549742e-01 6.026200588142468506e-01 6.075321214622129151e-01 5.841118036709630479e-01 6.065139902322281840e-01 6.295191712662114858e-01 6.106480308373247734e-01 5.562233102590936618e-01 5.914603735998048561e-01 5.754056027574157017e-01 6.012005380344701555e-01 5.821362808273142786e-01 5.898880688299934505e-01 5.947412375910728910e-01 5.875041250028316675e-01 5.860219841329799007e-01 5.545506687627765885e-01 5.873177354013785489e-01 5.956929177251629737e-01 6.358870129420590711e-01 6.101316181940705796e-01 5.769289070558178967e-01 5.947841038722517792e-01 6.063283623093460584e-01 5.937840905246623002e-01 5.761537127336257003e-01 5.967036269634315993e-01 5.858863659258116696e-01 6.001013616108786808e-01 5.880246389909504767e-01 5.957229533608523475e-01 5.800472590275620455e-01 6.100274045646997267e-01 5.733936044729256443e-01 5.784428145734317184e-01 5.834839854569211504e-01 5.847475604765702828e-01 5.915900224491338344e-01 5.817862165980964839e-01 6.017268569757183716e-01 5.862920812433106699e-01 5.580137526721253849e-01 5.698328042193880894e-01 5.835667270851809807e-01 5.208007405602539386e-01 5.302663884029337193e-01 5.853340918103188129e-01 5.791573853724018006e-01 5.726490711993984517e-01 5.857606321414381423e-01 5.981356770813510693e-01 5.764694877974396725e-01 5.665002450941553080e-01 5.697673945926751138e-01 5.826561597359701805e-01 5.671552064053836384e-01 5.608428758091654753e-01 5.459002460930257872e-01 5.678433960088182797e-01 5.622038751684862445e-01 5.635184679382795325e-01 5.500542100296843540e-01 5.667334457242441115e-01 5.686600871201332730e-01 5.530363170937147022e-01 5.518637217033752762e-01
1.430971550546129845e-01 1.116095804085416865e-01 2.415902648848678447e-01 3.882577327048143956e-01 1.000000000000000000e+00 3.229425466160428249e-01 4.764299134173833328e-01 4.664255263167160770e-01 4.938045324586650686e-01 4.198055772030256927e-01 4.731550633965762032e-01 5.010961576108136084e-01 5.149638372373256390e-01 4.391921820829857159e-01 5.223373548078019679e-01 5.178683871918839943e-01 4.614069433666323494e-01 4.409323954320009120e-01 4.884543771005492863e-01 4.157673095091181104e-01 4.506924890401807215e-01 4.841486371250993681e-01 4.559606620431763124e-01 4.664207457873241758e-01 4.843713065195336953e-01 5.107461214536515026e-01 4.848297822443547456e-01 5.042450508170388535e-01 4.650662418801113085e-01 4.435804370745988767e-01 5.032240245844554760e-01 5.121214051494679120e-01 4.470312268256300681e-01 5.011088976899781278e-01 4.591398051909306166e-01 4.808178919928629003e-01 4.787597103918647123e-01 5.053659426726839765e-01 5.074319949060299706e-01 4.947701130035386807e-01 5.247204488783513421e-01 5.210321004859347349e-01 5.293108997013427075e-01 5.320637252134056139e-01 5.263344271672751873e-01 5.279296926616977581e-01 5.198523460196987633e-01 5.220593484416293784e-01 5.133020117290387763e-01 5.022089303740592259e-01 5.153853281740727876e-01 5.354950301089490550e-01 5.318824474252441536e-01 5.082212442044740097e-01 5.074913224581188986e-01 5.164133701488796691e-01 5.087342847174269878e-01 5.180891425281564100e-01 5.142384872296714704e-01 5.329539906618599998e-01 5.381053632827533795e-01 5.215844023656017736e-01 5.063466817162468603e-01 5.170037985720999929e-01 5.252639433049001161e-01 5.228892260404077730e-01 5.113563714655759984e-01 5.211909681089637036e-01 5.307159092230890884e-01 5.258904733277577348e-01 5.207760757610603308e-01 5.207072839012513166e-01 5.287633278229068035e-01 5.323612209906537496e-01 5.288690206686466055e-01 5.210571819027904894e-01 5.268800421890840191e-01 5.119059943139361302e-01 5.323346626704985596e-01 5.214999577442842593e-01 5.242105839486336238e-01 5.154922130250890744e-01 5.161500305170066971e-01 5.057140925800421849e-01 5.170738486576764714e-01 5.195455161853198556e-01 5.114199178999583317e-01 5.200519701841990194e-01 5.174279171314091208e-01 5.211268866163698554e-01 5.245212377641764734e-01 5.193348532516570693e-01 5.193857684290309473e-01 5.227935698861667646e-01 5.144497852472281751e-01 5.097706074635193207e-01 5.139793269699972633e-01 5.159711651410752165e-01 5.236394290474596369e-01 5.249603261640315433e-01 5.274609067666000684e-01 5.164146680907727438e-01 5.252746184065563151e-01 5.243193426399527235e-01 5.251831678077705234e-01 5.114764075843448721e-01 5.145317577828990574e-01 5.116698993195234468e-01 5.188973893907262713e-01 5.258588447764320772e-01 5.172947354564862987e-01 5.209218783215011639e-01 5.185196386768413657e-01 5.177774506171197721e-01 5.190811416873379880e-01 5.161792138825294085e-01
4.602005139724298088e-02 1.060171980361645644e-01 2.121211343822719531e-01 3.412523101220820143e-01 3.229425466160428249e-01 1.000000000000000000e+00 4.702189731498109815e-01 4.197073092247559090e-01 5.088506295472678964e-01 4.744017727504920567e-01 5.160141489747726018e-01 5.268347849541245020e-01 5.018391688567013231e-01 4.610608288596025894e-01 5.609164941595015108e-01 5.215113463163024710e-01 4.762757785594214366e-01 4.134506509265724050e-01 4.742776111773467917e-01 3.682223645648465271e-01 4.065950247048482069e-01 4.823822148510143459e-01 4.390808887269284644e-01 4.332590544372119101e-01 4.721137205955681648e-01 4.960316243773588707e-01 5.105765687597447755e-01 5.025564333801330053e-01 4.724341859305726254e-01 4.464646815581951866e-01 5.280869127545183561e-01 5.292220496920437833e-01 4.419702724011119188e-01 5.090038382085821933e-01 4.641905925436435876e-01 4.981024817895847168e-01 4.985619267050042103e-01 5.102995209095262386e-01 5.352824828663832468e-01 5.128229552828541538e-01 5.777931628136807607e-01 5.517791032829886255e-01 5.357207446201587286e-01 5.698188047060063210e-01 5.547946980732257893e-01 5.604445463457626841e-01 5.784177948546568304e-01 5.853883899720844219e-01 5.678748393311199294e-01 5.227392163881475762e-01 5.439961954899955598e-01 5.425189185864853769e-01 5.684547167145550528e-01 5.698438629796416244e-01 5.599906131038693280e-01 5.594304009096415786e-01 5.546259563416869875e-01 5.736256919809264998e-01 5.658363605260158247e-01 5.782876338535374305e-01 5.753902701813394804e-01 5.747537776078063265e-01 5.631247892413920875e-01 5.753980382053086595e-01 5.731650411248355725e-01 5.714804976499812117e-01 5.829137662178953683e-01 5.794338692992395679e-01 5.744908426502741694e-01 5.638502127533074892e-01 5.707627856962950164e-01 5.788444201182645354e-01 5.699892300384289401e-01 5.694457831713591878e-01 5.778705335214910921e-01 5.819665737107087011e-01 5.783209726357526614e-01 5.699867836523218045e-01 5.757228497050163041e-01 5.659475102943564151e-01 5.714710106733739137e-01 5.806939771212102919e-01 5.713109523574652071e-01 5.548622966741366680e-01 5.585490405261772651e-01 5.662743057725678764e-01 5.697412494014660878e-01 5.699271035158750554e-01 5.781307806425616258e-01 5.807988109158408463e-01 5.759700403134854207e-01 5.818111121408580111e-01 5.821880594230567363e-01 5.803301713039602516e-01 5.870188735539187963e-01 5.864952367452829218e-01 5.655418371559546298e-01 5.638578975425740936e-01 5.728756486234025669e-01 5.721328515299124451e-01 5.762575397909577291e-01 5.764926408358503895e-01 5.815286062106260756e-01 5.800014109897074777e-01 5.779558818133478937e-01 5.833440974288182090e-01 5.810837496782648159e-01 5.855102462329306867e-01 5.859244129468725859e-01 5.844787398894215613e-01 5.823252773374588687e-01 5.870713365454895971e-01 5.873353697822175645e-01 5.807206340775238340e-01 5.798850977839872245e-01 5.857221254363179641e-01
3.252877922953334444e-01 3.129836209459148644e-01 4.461286786669543813e-01 6.945689912843067138e-01 4.764299134173833328e-01 4.702189731498109815e-01 1.000000000000000000e+00 8.036321472766528862e-01 7.319979461162438028e-01 6.565952773848018342e-01 7.570052588920533898e-01 8.228457141795270102e-01 7.056219636749675450e-01 6.114866894314391343e-01 8.282367900779383785e-01 8.218004740924258478e-01 7.324414351986745508e-01 7.724513601876811242e-01 7.831262910509422248e-01 7.345467116770715288e-01 7.736392194870206351e-01 7.768160702825758213e-01 7.965059708425228369e-01 7.544950285779417065e-01 7.456279493185317131e-01 8.439438851647481643e-01 8.241886169528102046e-01 8.370137950555480710e-01 7.778670637164959434e-01 7.666116339382150757e-01 8.296451135833513568e-01 8.083965232701895154e-01 7.514100089491588808e-01 7.776998885992806310e-01 7.413705696631606168e-01 7.543294662910018378e-01 7.438393020223477148e-01 8.060941822887114361e-01 7.995506378808623360e-01 7.881024003061010141e-01 7.763778785939128291e-01 8.051392557422032414e-01 8.095664390225579821e-01 7.936239423936154447e-01 8.071209731313879754e-01 8.069795648214269645e-01 7.289731965432949545e-01 7.473750158019079048e-01 7.487071634397038933e-01 7.583455878723103227e-01 7.910444403622893805e-01 7.409641261865425044e-01 7.752485180440278345e-01 7.703880025447458202e-01 7.861402982092191571e-01 7.968344169331285087e-01 7.761191167392168522e-01 7.509228972905057642e-01 7.820926028563470744e-01 7.638128800937002971e-01 7.789945385058633098e-01 7.730615839380914345e-01 7.694853778108367015e-01 7.707408385044229870e-01 7.582934266322749473e-01 7.614558431799486327e-01 7.405754739446691604e-01 7.647120375300014983e-01 7.782715791443360898e-01 7.942321501388504013e-01 7.692944006819144587e-01 7.506515672163880382e-01 7.749730005896633411e-01 7.717296047268644710e-01 7.784095069235797970e-01 7.639764227467062963e-01 7.798947282758199595e-01 7.578072533671101896e-01 7.806317638569829631e-01 7.599666302163767817e-01 7.684750934751020113e-01 7.580876410537278343e-01 7.844725039800035660e-01 7.487114857650830624e-01 7.536118956938570035e-01 7.534454496690501379e-01 7.495234536186116125e-01 7.733994860311684816e-01 7.581804817305455302e-01 7.827227955188265085e-01 7.695882037879538951e-01 7.461123255566949330e-01 7.507306407754466004e-01 7.637884693201274500e-01 7.178440346139667305e-01 7.235727866086987259e-01 7.581006731306932922e-01 7.536325070585637720e-01 7.537468925671264586e-01 7.668860366038489085e-01 7.712576778371846853e-01 7.604031500514631947e-01 7.488467672098146899e-01 7.543950033548956213e-01 7.527774170553526156e-01 7.518142855696201554e-01 7.471668514091913682e-01 7.403235441536102357e-01 7.607643078209753718e-01 7.561699803312770252e-01 7.549396182658359988e-01 7.411383952560243182e-01 7.532226675620845580e-01 7.505338993313825924e-01 7.339738569589728812e-01 7.351998636727326009e-01
3.492291509112959158e-01 3.047474526070304557e-01 4.317067391033391210e-01 6.817784217947572278e-01 4.664255263167160770e-01 4.197073092247559090e-01 8.036321472766528862e-01 1.000000000000000000e+00 7.229933644010131388e-01 6.250596229719485031e-01 7.229511502627512520e-01 7.996613268298903288e-01 6.880427258821507630e-01 5.702954055149006551e-01 7.762882145331255757e-01 8.285772383732743496e-01 7.064854753891600669e-01 7.776218284020631755e-01 7.862064875243933715e-01 7.446182138417652974e-01 7.830883926377693038e-01 7.724590604907087821e-01 7.985423943693301663e-01 7.607051639423684231e-01 7.388235852522940794e-01 8.337548062499640089e-01 7.970839207663690251e-01 8.023058925384237705e-01 7.755040111831855709e-01 7.104234750227027551e-01 7.973853177725377384e-01 7.843178763654001795e-01 7.068428748028318109e-01 7.628695171396089325e-01 6.930004305655191876e-01 7.232445056769215563e-01 6.871741761779525115e-01 7.962479757329575802e-01 7.688546680211599815e-01 7.587064732625874441e-01 7.422846984891180444e-01 7.748790590995322525e-01 7.994989159584060534e-01 7.733201709909153232e-01 7.805951622282317759e-01 7.711752078060654103e-01 7.004747307316622207e-01 7.194606380073192975e-01 7.311586074393292556e-01 7.401416275250636279e-01 7.739853795106157452e-01 7.178280142711460643e-01 7.543700267324890962e-01 7.520695370032352001e-01 7.788336776152798846e-01 7.877383500975707609e-01 7.630790668362020801e-01 7.414708691099782811e-01 7.669944339015094537e-01 7.410812268966562311e-01 7.606755571310919173e-01 7.562060834820574229e-01 7.603048014497569840e-01 7.510189499570592009e-01 7.295496425164718080e-01 7.376618163415766816e-01 7.078462654646274776e-01 7.383688682869224973e-01 7.501872679418517542e-01 7.756945841263429564e-01 7.480449546937985028e-01 7.223952596899110290e-01 7.535089582010016107e-01 7.520820652029968079e-01 7.500125119292385678e-01 7.230985323680078070e-01 7.432257522620369095e-01 7.354145385395383094e-01 7.493884035950837408e-01 7.109202727298560287e-01 7.189203777499596493e-01 7.211099317937826880e-01 7.572368186061585460e-01 7.066086454039399722e-01 7.339535147899451939e-01 7.304089563730574719e-01 7.087207186511722545e-01 7.510422440535194921e-01 7.244071405691085985e-01 7.603933031334029202e-01 7.289993456009581374e-01 7.149179178467360840e-01 7.201481057135067365e-01 7.318908919217168574e-01 6.867776698290691817e-01 6.939934900002909801e-01 7.411526798478030864e-01 7.331500858979264068e-01 7.281544277320057823e-01 7.414141473830859752e-01 7.471975849951744131e-01 7.401875203893305555e-01 7.215474792114403568e-01 7.356491900680695029e-01 7.266312971559302225e-01 7.246960572521224941e-01 7.227951799375500475e-01 7.119767526124278767e-01 7.372150986594252497e-01 7.334605906916303875e-01 7.375442515781972519e-01 7.131308046139768209e-01 7.282193775601433217e-01 7.248004840639956647e-01 7.013050195064037817e-01 7.041004084986822731e-01
2.924683078173496154e-01 2.951567376655115371e-01 3.823977915515152093e-01 6.043705609964060699e-01 4.938045324586650686e-01 5.088506295472678964e-01 7.319979461162438028e-01 7.229933644010131388e-01 1.000000000000000000e+00 7.644572749672048362e-01 8.052128106403289021e-01 8.422590612211191541e-01 7.667368816265878184e-01 6.704078684502673413e-01 8.382094733215441629e-01 8.453861421683585009e-01 8.032346539294701326e-01 7.468031165867439203e-01 7.861086988288584765e-01 6.947449299485999319e-01 7.267602418005758569e-01 7.730601041695684961e-01 7.926829196557184654e-01 7.424435127736797035e-01 7.640630437623767701e-01 8.411340006093711574e-01 8.380591167432964728e-01 8.147913443760429475e-01 7.924945655148309953e-01 7.109799400276272108e-01 8.479914136209928399e-01 8.553834254555948702e-01 7.024884188637912086e-01 8.226775534789950717e-01 7.108253741010489568e-01 7.788499368588662763e-01 7.304450011283465383e-01 8.338902725165301399e-01 8.170167154587933966e-01 7.985390494026018970e-01 8.600617857251031673e-01 8.426639783989477994e-01 8.309923331978430472e-01 8.632516615964594964e-01 8.595689229174596768e-01 8.345492256469745351e-01 8.511715780519313324e-01 8.639661723668196069e-01 8.667188755609815942e-01 8.399812552953788147e-01 8.641442812658927108e-01 8.344538529169458485e-01 8.745029116121454393e-01 8.648945724042790273e-01 8.634305969070782405e-01 8.725002816549689566e-01 8.739625873481902119e-01 8.528138104375810880e-01 8.684708219505955507e-01 8.704130376218731646e-01 8.708585964001308577e-01 8.744411541970315005e-01 8.628211096487355958e-01 8.734378647264231521e-01 8.747997859165632661e-01 8.751950108176630438e-01 8.571203168104609693e-01 8.595202140931195167e-01 8.663609505933580479e-01 8.709155361815585916e-01 8.513641266029294830e-01 8.528075434303806768e-01 8.573153745249501023e-01 8.566212677471903847e-01 8.666924729926140936e-01 8.521411198607096171e-01 8.587890042708201666e-01 8.599778436796754466e-01 8.575152522603810556e-01 8.237357807620534489e-01 8.282142597423448604e-01 8.590994726877987375e-01 8.736375894790184837e-01 8.107666875652699279e-01 8.402123665153922172e-01 8.500940476028276960e-01 8.295953778380109611e-01 8.558294996560857903e-01 8.410187137464776308e-01 8.668556681809349573e-01 8.416235234458568915e-01 8.455149735063040017e-01 8.518657781548241159e-01 8.519008388600078918e-01 8.434767941615149978e-01 8.476777446727052912e-01 8.454548074823435844e-01 8.519002672904345541e-01 8.486683262309153708e-01 8.577854978868503233e-01 8.526058331518361344e-01 8.560764534625182609e-01 8.578914966242249251e-01 8.574758665347971265e-01 8.563893632812611401e-01 8.614895817242841369e-01 8.594975679075507191e-01 8.500468846699754666e-01 8.587127973663162273e-01 8.654805103960746537e-01 8.577351936592514381e-01 8.586755404764399024e-01 8.636365127373989425e-01 8.579121646397260825e-01 8.603813618908500160e-01 8.569719499237929972e-01
1.506240155576243911e-01 2.452395214659634781e-01 3.141274389122649668e-01 4.837741051950141813e-01 4.198055772030256927e-01 4.744017727504920567e-01 6.565952773848018342e-01 6.250596229719485031e-01 7.644572749672048362e-01 1.000000000000000000e+00 7.329201605169424205e-01 7.550073987234288131e-01 6.995437055669831983e-01 6.269011239349681075e-01 7.825511144424708299e-01 7.634265413185947757e-01 7.097671757804215886e-01 6.365541304397455136e-01 6.795044699508749897e-01 5.855439209279349466e-01 6.075678431499023091e-01 6.713000933143137283e-01 6.964716070607942511e-01 6.461118348773131626e-01 6.625779338011561492e-01 7.451481040989238469e-01 7.441106763470747287e-01 7.233992691497538319e-01 6.801814370035054180e-01 6.220669335597958094e-01 7.722481859148656591e-01 7.900721117076144884e-01 6.350862324505933687e-01 7.524329876149484786e-01 6.458155896112036665e-01 7.082513666060632485e-01 6.682546733091280222e-01 7.688468113548174721e-01 7.525133337208455009e-01 7.314236794285798871e-01 8.111749028852934806e-01 7.840259552790899145e-01 7.505063845243847842e-01 8.060994173228204218e-01 7.937097389489080612e-01 7.768670818040565029e-01 8.149870655858545421e-01 8.247628322932278877e-01 8.127993808152170763e-01 7.646924460727179129e-01 7.963844910254943565e-01 7.384365614962914437e-01 7.990593596493177353e-01 8.160523358627489454e-01 7.997309174780879992e-01 8.051830303398702648e-01 7.897686568591796297e-01 8.105618391799594979e-01 8.149767835062827759e-01 8.179274810785384098e-01 8.057986615313621481e-01 8.209693825264345879e-01 7.960585750519421078e-01 8.145393318224685153e-01 8.038070601366219536e-01 8.097688874955843996e-01 8.193858553722226379e-01 8.092416778851151404e-01 8.172474030499499165e-01 8.042816756669277645e-01 7.904190320916448798e-01 8.041564690689628758e-01 8.058096601376932844e-01 7.919815377297672043e-01 8.154176023823079822e-01 8.080331130092432979e-01 8.040718004084297377e-01 8.027763451255717220e-01 8.018867789314749750e-01 7.723126803685377295e-01 7.791520268962137674e-01 8.156028859612526327e-01 8.220340739233248373e-01 7.691544893453201581e-01 7.972255768010805266e-01 8.034659935671192299e-01 7.883831647310169943e-01 8.138313738308023959e-01 7.992545424661481324e-01 8.192338968285750589e-01 7.988803641713018155e-01 8.083339281216859185e-01 8.099946436862344168e-01 8.071517835501308413e-01 8.115040229353484014e-01 8.178835855716545256e-01 7.929929351038508267e-01 7.914236473863819343e-01 7.969958387981226355e-01 8.059830758726038713e-01 8.023715062797762698e-01 8.035010070750492339e-01 8.059859787153380584e-01 8.107660738376206710e-01 7.981498112178693205e-01 8.125941708347415027e-01 8.145945391854475526e-01 8.169296940023527132e-01 8.180632273719219416e-01 8.230951531649615127e-01 8.187978168188405625e-01 8.188782420057426625e-01 8.214922982332746315e-01 8.114441960524390041e-01 8.097452433928286064e-01 8.111627075825504907e-01
1.839458023191516689e-01 2.451591295466953591e-01 3.983460331765207307e-01 6.191032261431907990e-01 4.731550633965762032e-01 5.160141489747726018e-01 7.570052588920533898e-01 7.229511502627512520e-01 8.052128106403289021e-01 7.329201605169424205e-01 1.000000000000000000e+00 8.800671063847423925e-01 7.805589145172041610e-01 6.992688444568900819e-01 8.774145242435769099e-01 8.556983060451051060e-01 7.747492933066387755e-01 7.401867900160616909e-01 7.872863393437107282e-01 6.659249697986086014e-01 7.408841753527573015e-01 7.893615340183693929e-01 7.843659660750643692e-01 7.329373995269363729e-01 7.676164288448898976e-01 8.482760929769561642e-01 8.635336568179249328e-01 8.560330700697910133e-01 8.142920854272347464e-01 7.905165195023837743e-01 8.803930458728648212e-01 8.685878070130647055e-01 7.872664758679154273e-01 8.516797647251961312e-01 7.964674767314838810e-01 8.216669829639108302e-01 8.178662146220182505e-01 8.575001357142680858e-01 8.741132308010225449e-01 8.383004774249647184e-01 8.811115951472014984e-01 8.777344551167605147e-01 8.556335049831031991e-01 8.934537076363898711e-01 8.829910825084211767e-01 8.869849325064708134e-01 8.746440607740998407e-01 8.795620517509514791e-01 8.754167420312370940e-01 8.544196390449020351e-01 8.778989243651506014e-01 8.485473669214933512e-01 8.861748264566842170e-01 8.761211173742289304e-01 8.742876883897057194e-01 8.820855135674648961e-01 8.691475795587202402e-01 8.686587712501792069e-01 8.837053760158795068e-01 8.771097893514924193e-01 8.875722088851193403e-01 8.809239360538524410e-01 8.716977935676635258e-01 8.826205508549296308e-01 8.746265672556773341e-01 8.782006356797131819e-01 8.781706216759647132e-01 8.820926155881486652e-01 8.888428840117902352e-01 8.861849003247204148e-01 8.830337004213674179e-01 8.795007107999902596e-01 8.722192052758691583e-01 8.768314400318226731e-01 8.922487173789570569e-01 8.895978367927849240e-01 8.937110875808768062e-01 8.870334037099630864e-01 8.892318326473278578e-01 8.730348468263837702e-01 8.813713077848858157e-01 8.900207588649385881e-01 8.844290419623478394e-01 8.720943929873921086e-01 8.702393059432529387e-01 8.790503850680081444e-01 8.779009463363980359e-01 8.815162049293973068e-01 8.819062001653357186e-01 8.826981727211581363e-01 8.827819745336364932e-01 8.790042374029767291e-01 8.813074771910324179e-01 8.876225114756588486e-01 8.683809715084439551e-01 8.718105928958256312e-01 8.689723285685988508e-01 8.676487629548546021e-01 8.751931610421761487e-01 8.796903982207791017e-01 8.826365158449431814e-01 8.779698643098637900e-01 8.836035162558064648e-01 8.812931755212487506e-01 8.806473039508889711e-01 8.751576690536775338e-01 8.782973373250672067e-01 8.749022333130519469e-01 8.831013620362088146e-01 8.805179287015807432e-01 8.783662602068713632e-01 8.770975515499505049e-01 8.826515545186466305e-01 8.787686868951790631e-01 8.738469859223306768e-01 8.755791087280577756e-01
2.591400654481686994e-01 2.958738392797089500e-01 4.504461909297634015e-01 6.955003060201946363e-01 5.010961576108136084e-01 5.268347849541245020e-01 8.228457141795270102e-01 7.996613268298903288e-01 8.422590612211191541e-01 7.550073987234288131e-01 8.800671063847423925e-01 1.000000000000000000e+00 8.167467423652924330e-01 7.128178369938120706e-01 9.072601340066145381e-01 9.162281420502217388e-01 8.218239332234104078e-01 8.063931358931470950e-01 8.435255420934437698e-01 7.381110910371293521e-01 8.162363880462227828e-01 8.484507652559596380e-01 8.465143386951280435e-01 7.907668568383431351e-01 8.209919518494416257e-01 9.030718067705050256e-01 9.110743987042083658e-01 8.978445884037499214e-01 8.593708709214123997e-01 8.324441996570911551e-01 9.199782855947189475e-01 9.102536142276254072e-01 8.257863221306360746e-01 8.934984444549249893e-01 8.291221084821690512e-01 8.625497235278657415e-01 8.454586680775488805e-01 9.038314363057634582e-01 9.120540871437581298e-01 8.682030129459690215e-01 9.009752313378551758e-01 9.067712108548775518e-01 9.052775822725818156e-01 9.216369053526634048e-01 9.182556370712854354e-01 9.185954305245215279e-01 8.893012016377865869e-01 8.992275762212997847e-01 9.010375062363020771e-01 8.908484488240956400e-01 9.164250079869630250e-01 8.781221479852434619e-01 9.149625792461482110e-01 9.061607065080921064e-01 9.102300354335030041e-01 9.152754657606221311e-01 9.061158371056738936e-01 8.942581740338766405e-01 9.122636575025888650e-01 9.071220242238176024e-01 9.200252298612504598e-01 9.143418549524348071e-01 9.054987959740719017e-01 9.172505110299475906e-01 9.030077995253927847e-01 9.094247730353679504e-01 8.938680888246272049e-01 9.071558057967700206e-01 9.148145898077975069e-01 9.220018732818388019e-01 9.115393231247649330e-01 9.014800888218955643e-01 9.021937748663366730e-01 9.055810093294175411e-01 9.158939519635739268e-01 9.039326964624937455e-01 9.131978951010322199e-01 9.079888147756420835e-01 9.101858405254080742e-01 8.901890780400130154e-01 8.997078993955021087e-01 9.064933476619291275e-01 9.152880617332606050e-01 8.884586594102320545e-01 8.932021698225176554e-01 9.027289286221353848e-01 8.962996179336593094e-01 9.047470068261291853e-01 9.015347302587065625e-01 9.085050976821106294e-01 9.018528542438317697e-01 8.944113137236707756e-01 8.991720612637498222e-01 9.065712446174712946e-01 8.782202216100500891e-01 8.837315859604805146e-01 8.917837672659323367e-01 8.924559741850578432e-01 8.948808215939895172e-01 9.029994527393572223e-01 9.073912676552000622e-01 8.999700653090930702e-01 9.013909344607171636e-01 9.030747543189814319e-01 9.033264221541883465e-01 8.955044990843201713e-01 8.990693714794222302e-01 8.914805848340304761e-01 9.032033465348380252e-01 9.029517551760677385e-01 8.971731936427472798e-01 8.950538778701967457e-01 9.045400926050424228e-01 9.010190787308688387e-01 8.924352354525387776e-01 8.926574083454964503e-01
1.619694868398315890e-01 1.994899396011099446e-01 3.687600259109353740e-01 5.486564013768338022e-01 5.149638372373256390e-01 5.018391688567013231e-01 7.056219636749675450e-01 6.880427258821507630e-01 7.667368816265878184e-01 6.995437055669831983e-01 7.805589145172041610e-01 8.167467423652924330e-01 1.000000000000000000e+00 6.629341798108275841e-01 8.323691028223318966e-01 8.275254561650853269e-01 7.292900985831329841e-01 7.023204002141446578e-01 7.540898867093720481e-01 6.375829746127968933e-01 6.917501914400580043e-01 7.593364908710610317e-01 7.396132434025085578e-01 7.253026804601884203e-01 7.549252213343102813e-01 7.977048518526413945e-01 8.061776328829211025e-01 7.845620465208078542e-01 7.414568033433809324e-01 7.069071909010591348e-01 8.152510893876320219e-01 8.225549270505232435e-01 6.994782788053075517e-01 8.090351908127393354e-01 7.157190239647472918e-01 7.774442424427500109e-01 7.502717649662695720e-01 8.013106990838769761e-01 8.204859273799859354e-01 7.848049097891907078e-01 8.406690189857783935e-01 8.353364579987465621e-01 8.266032069861684040e-01 8.534300795429535791e-01 8.432376361377643681e-01 8.391654238302317381e-01 8.435158378828153669e-01 8.482665010305334707e-01 8.344834163769967450e-01 8.050429370334731827e-01 8.303389308660116264e-01 8.258683292539346077e-01 8.450100589494394798e-01 8.312692003452014644e-01 8.320647447992340906e-01 8.378831203402237193e-01 8.226975470820387937e-01 8.487261393508963581e-01 8.383590716312300239e-01 8.520303334186174471e-01 8.621759479735501275e-01 8.441813046604409454e-01 8.316395332678762076e-01 8.464426002660375703e-01 8.438583300241276897e-01 8.404759811947110082e-01 8.477381582746612576e-01 8.595180862982269021e-01 8.578239133051548393e-01 8.545809270609355801e-01 8.542153501589607734e-01 8.547166306718315676e-01 8.542280220384779188e-01 8.557318478757941493e-01 8.563672741803681765e-01 8.463764072921554638e-01 8.501295612301733584e-01 8.381316732710063500e-01 8.537762985598831289e-01 8.241263084006118511e-01 8.313964229083666835e-01 8.490828528618928894e-01 8.452114337754016438e-01 8.164848340072674571e-01 8.455894723122414636e-01 8.509976425380758602e-01 8.360243919712962990e-01 8.482365528913420327e-01 8.461912781471073730e-01 8.440078465128378893e-01 8.417782841173724329e-01 8.517361510495172761e-01 8.510061348706725592e-01 8.543440540436747499e-01 8.433889017136532162e-01 8.426387281657224948e-01 8.419362685671736291e-01 8.408132054304779945e-01 8.518450781823475593e-01 8.534914351961283563e-01 8.550689370507184028e-01 8.489864296331567362e-01 8.546438086485578234e-01 8.580645498778480817e-01 8.554700555482442903e-01 8.397506536646465181e-01 8.496187206793097690e-01 8.424011024845379225e-01 8.484177110058923610e-01 8.545360972035026537e-01 8.485100119907110772e-01 8.518821495619010031e-01 8.515159577426386628e-01 8.520648252375581100e-01 8.490168291607034234e-01 8.471585002278771981e-01
