1.000000000000000000e+00 9.432860431968824455e-02 5.095628238481133415e-02 8.558605248944901878e-02 6.203302296375819147e-02 -1.192766539597151475e-02 7.999820957420758494e-02 6.353929793024666595e-02 1.366417444540072024e-01 6.361941310263692639e-02 4.328867555152907803e-02 4.452566428700503731e-02 4.743978284981084648e-02 8.387729889891983037e-03 3.500429668889816492e-02 1.829015087802560863e-02 6.918996576310759705e-02 1.614547092610042756e-01 6.404595209978893033e-02 1.683578554744197819e-01 1.184517593923599260e-01 7.998361691125598083e-02 9.731155325902320075e-02 1.191064359515233706e-01 1.180659432165241107e-01 6.917096709756909156e-02 8.864179884844115842e-02 8.195755815960371893e-02 8.721883170661086371e-02 9.850498898121221036e-02 8.105284737063549183e-02 3.788863875841154763e-03 -3.059273398805996413e-02 -2.087468095331517989e-02 -2.698377465706490799e-02 -2.688766859053077704e-02 3.030447973411163828e-02 -2.137500613610545872e-02 -3.668719387370020929e-02 2.337382055323978733e-02 3.781182565169978471e-02 3.126760834979414039e-02 3.008412732593773210e-03 3.104202596949263288e-02 3.325441623276606529e-02 2.804270607753404573e-02 1.673508616424290371e-02 2.197775287535371630e-02 1.608952277949716320e-02 3.401960648138008421e-03 1.494126919166141989e-03 5.626103606503980725e-02 3.282369696485659682e-02 3.595142919168764495e-02 4.630026025086039776e-02 4.031961333860665381e-02 5.377673141623687952e-02 3.456237033121335733e-02 2.148491871724055730e-02 5.064449429207260045e-02 3.502840919621950239e-02 3.788113156964061090e-02 2.648223898757846861e-02 1.360474449842425000e-02 4.912416799522215799e-02 5.946210856008967566e-02 2.352928773848160862e-02 4.179348830838263557e-02 2.487140229484995080e-02 5.646715733084208683e-02 2.943343151691702603e-02 3.834815171928552396e-02 4.341519003180288605e-02 6.239197550077509730e-02 3.480053370802054652e-02 2.345004424471104978e-02 3.705938659166359977e-02 3.362847302930434268e-02 5.293440971399456657e-02 3.577091151885084669e-02 2.961472108131611020e-02 2.764542173271274453e-02 3.148247205468377580e-02 -2.700302218607185736e-02 -2.262461013327650081e-02 3.359573401738930563e-03 -1.589238770167795620e-03 -2.286071846960642875e-03 -1.768963416069752395e-02 3.653990897705011731e-02 4.281132601004499633e-03 1.685023775863756651e-02 2.114422883656085980e-02 1.660321520237008353e-02 6.680891560720072370e-03 1.282892345142343758e-02 -2.489957367759236800e-03 2.772597762095356522e-02 1.620220289418025303e-02 -6.612748475571801447e-03 3.106470517074091942e-03 1.747932745391530748e-02 3.338749241763629139e-02 1.379607658056511074e-02 2.637878639209811915e-02 3.409165126269297907e-02 1.896618310775631186e-02 1.646879096691065969e-02 1.966987160317840155e-02 2.205958229521840647e-02 1.707690165810742816e-02 2.579777473887630637e-02 2.082759581794609016e-02 8.979490070373583391e-03 2.321232447981112085e-02 3.491074172899881478e-02
9.432860431968824455e-02 1.000000000000000000e+00 8.079194083916282909e-02 9.336166360122942487e-02 8.266131223630844571e-02 1.048266981979354140e-01 1.455064468301346947e-01 9.040897506598798150e-02 1.893327917548665307e-01 2.393053236335677125e-01 1.698617237234296140e-01 1.413674216430068353e-01 1.185988426745060442e-01 1.308632752728192683e-01 1.583215412591019999e-01 1.251939960799515750e-01 1.618624976086762701e-01 1.970197053282491395e-01 1.706193414802788244e-01 1.436612920513843927e-01 1.231310052788978926e-01 1.667793462798810022e-01 2.109237005257199593e-01 1.967451113253700090e-01 2.001244648696133832e-01 1.782730465050624269e-01 2.063448253141924038e-01 2.136683284439747088e-01 2.200288025594259178e-01 2.278553556471449304e-01 2.043887585686705866e-01 1.283645111912669889e-01 1.200357245482029794e-01 1.210174339398634863e-01 1.188438403507490887e-01 1.096129376391202503e-01 1.759894957068559307e-01 1.297626748742309044e-01 1.371015909774449260e-01 1.688451528429255333e-01 1.809884087210673342e-01 1.737708042250905305e-01 1.678039008445509628e-01 1.661639251440744369e-01 1.833648869052275088e-01 1.729094142758843822e-01 1.551448239534607421e-01 1.736793978812692929e-01 1.497651752932282754e-01 1.067850638274683156e-01 1.355587912369878578e-01 1.230860643119563030e-01 1.648067596104993704e-01 1.879583630118354387e-01 1.765276952709362579e-01 1.814128716082622217e-01 1.674855397977786930e-01 1.702233431163984456e-01 1.634131976739301995e-01 1.714429121289591795e-01 1.527930065953580774e-01 1.697107501931057749e-01 1.629790245621150768e-01 1.551779382216595393e-01 1.617260003763557608e-01 1.759653009513555966e-01 1.658497502409393698e-01 1.838121887617430450e-01 1.621206205750020946e-01 1.776021838678894516e-01 1.698618608926104889e-01 1.771763608000802015e-01 1.780328063153712170e-01 1.913147682807383732e-01 1.736832170475305914e-01 1.722162769482878386e-01 1.802161930048712113e-01 1.844436351562468435e-01 1.980786694375561152e-01 1.808361952023902208e-01 1.786878048009522546e-01 1.781905143901852950e-01 1.648723950972266206e-01 1.324591830557472760e-01 1.198156031665318644e-01 1.441118065332686049e-01 1.502211882495345652e-01 1.483172905516824125e-01 1.419688382461806453e-01 1.858267506402929981e-01 1.617964764374350273e-01 1.681156033701960983e-01 1.704577861425979612e-01 1.693486291581892678e-01 1.617463086827325147e-01 1.714065129693280176e-01 1.364261461528195052e-01 1.310700904006247003e-01 1.499502428560111900e-01 1.308510817954200156e-01 1.541303850683371501e-01 1.505096815387438891e-01 1.599258489674268979e-01 1.536491200235974020e-01 1.521873635891556609e-01 1.737492707935773817e-01 1.655992375641309744e-01 1.771829101554191765e-01 1.763763587158258261e-01 1.675163807072050648e-01 1.687825246787195421e-01 1.733915176032494454e-01 1.686895122071874198e-01 1.488578638650887576e-01 1.576360836356494877e-01 1.697286929982896320e-01
5.095628238481133415e-02 8.079194083916282909e-02 1.000000000000000000e+00 3.266786422187972772e-01 2.241242448217705407e-01 2.611744811847674375e-01 3.352123423317261430e-01 3.405295211160287439e-01 3.545144209422859682e-01 3.291585825500507601e-01 3.848667452678581902e-01 3.795123538003776220e-01 3.534417144798256971e-01 2.838599103556570524e-01 3.754999740559409882e-01 3.797728329012780013e-01 3.637073152872321025e-01 3.418419294498013516e-01 3.714402674517943148e-01 2.878942245895865226e-01 3.486088831252240894e-01 3.727416408298584449e-01 3.785736979248476852e-01 3.625033524446258371e-01 3.548753091993586684e-01 3.887592772567702859e-01 3.817822602146055400e-01 3.775022565207938885e-01 3.831182582619274690e-01 4.009524934134967578e-01 3.988715226898055799e-01 3.994175379599385622e-01 3.737334342750616156e-01 3.938574547970644657e-01 3.873324264121918437e-01 3.722366030570018469e-01 3.936624143096761896e-01 3.844178181296999397e-01 3.899732899704800859e-01 3.684708134471159080e-01 3.852848785323200742e-01 3.831020475396668123e-01 3.714469201397465059e-01 3.912755499324819808e-01 3.876005595541974214e-01 3.834330974202169728e-01 3.886627140335793262e-01 3.954598062576534234e-01 4.014694764031863650e-01 3.951197585497158160e-01 3.925951641939430803e-01 3.891532121407161871e-01 3.920488026859698105e-01 3.950859479259741236e-01 3.913589773441101816e-01 3.906465628452457373e-01 3.909761044084316683e-01 3.928915618884711858e-01 3.949083639704162874e-01 3.945133657310878617e-01 3.964358147646845354e-01 3.901114821229085261e-01 3.884561914641134206e-01 3.935594226298911313e-01 3.920511538769910209e-01 3.912949876035873298e-01 3.974434368245542415e-01 3.907369994519092060e-01 4.007354106934621352e-01 3.922440400523292681e-01 3.887369168619123072e-01 3.960441284282226193e-01 3.962091766043942531e-01 3.815715864278498848e-01 3.954759507618948455e-01 4.002067152535866423e-01 3.959641062661456989e-01 3.984967610532867965e-01 3.894691328980339207e-01 4.019377234194087545e-01 4.081558617496650609e-01 4.013079320546160678e-01 3.967613585616885929e-01 4.000542426774025273e-01 3.955698579332499465e-01 4.027197165081926600e-01 4.010451245495043060e-01 3.954157826479072213e-01 3.968828582576581776e-01 3.942412102728954926e-01 3.913721948342863688e-01 3.926267938349259912e-01 3.948020237340714722e-01 3.958933945568131052e-01 3.931549018043798971e-01 3.970859333816545989e-01 3.834355091187022779e-01 3.965231368215427210e-01 3.904778898611834803e-01 3.938347758341146365e-01 3.876978050940372844e-01 3.938421705184952382e-01 3.951148152549227577e-01 3.963094563474848231e-01 3.989856607978790048e-01 3.891495113559369501e-01 3.943356780151281993e-01 3.970738464761141562e-01 3.976141310155570374e-01 3.942654862914023450e-01 3.926811773986796927e-01 3.907571835918188796e-01 3.924716451735592027e-01 3.968727502450880573e-01 3.960094415701363446e-01 3.945033643909663934e-01
8.558605248944901878e-02 9.336166360122942487e-02 3.266786422187972772e-01 1.000000000000000000e+00 3.464852644510809099e-01 4.038395987333859294e-01 5.893594492957674458e-01 5.863839632655986067e-01 5.986497370192623846e-01 5.256161037924638180e-01 6.000828986317183755e-01 6.562222897574419012e-01 5.652446457330448926e-01 4.704135460501028265e-01 6.456502253935616498e-01 6.244884181425512937e-01 6.014191181449336510e-01 5.912336544412101214e-01 6.144304510870528535e-01 5.089559560607868072e-01 6.084708488713012065e-01 6.198816467392056495e-01 5.966919626127082932e-01 6.061673545620165360e-01 5.922722448945564322e-01 6.384576494409216485e-01 6.357469486725898511e-01 6.226155359157384828e-01 6.018405030454597737e-01 6.301796993297624772e-01 6.387268897582760729e-01 6.171385720648211448e-01 5.826928261099920681e-01 6.148180055929266530e-01 5.879924487727287152e-01 6.178035128472769699e-01 6.317569542153811391e-01 6.181209666996850816e-01 6.145965574666334419e-01 6.312922125949264052e-01 6.354980223999444622e-01 6.424645217343264436e-01 6.187657123700356365e-01 6.452115292011755265e-01 6.438500032808860407e-01 6.409809978004509246e-01 6.355110216672601453e-01 6.393678900058240577e-01 6.390303107285248974e-01 6.232733099493114048e-01 6.334105448414470985e-01 6.496046856492597721e-01 6.426870018912012039e-01 6.439924857171795969e-01 6.437204590047508335e-01 6.419690142513013731e-01 6.534763916170479581e-01 6.474593039517931858e-01 6.407763680330256229e-01 6.462283209031433051e-01 6.427877567450217544e-01 6.447443044207131768e-01 6.465104291774735890e-01 6.428569625446635127e-01 6.485521594349199503e-01 6.544218879170347059e-01 6.449146054418635199e-01 6.445288214275144423e-01 6.538587155672206386e-01 6.501961392518557092e-01 6.478406007284633894e-01 6.498473764968228927e-01 6.610276025041068593e-01 6.407787864365432906e-01 6.506675440488248752e-01 6.506507182931388078e-01 6.494385449825383905e-01 6.423464650583745605e-01 6.433756211165477801e-01 6.480493837355190134e-01 6.488577741853547298e-01 6.519424422527503316e-01 6.614245152670755745e-01 6.347138330398562900e-01 6.384596000219092682e-01 6.520731698573607460e-01 6.471124480355066044e-01 6.530354998133266475e-01 6.431865135462723204e-01 6.485315133634006468e-01 6.497833515214221922e-01 6.489340319341181385e-01 6.521841099828965538e-01 6.502892466975628283e-01 6.416134638493277143e-01 6.429360343254247878e-01 6.506975823296576866e-01 6.580425681987729369e-01 6.538458239163789099e-01 6.454646049377282813e-01 6.475682766371801957e-01 6.628322771003681835e-01 6.505816447649698242e-01 6.496523264015882093e-01 6.587987172515955558e-01 6.555230831537550706e-01 6.508434182352575981e-01 6.434154444265112183e-01 6.494104998010011842e-01 6.491391599743182583e-01 6.559531965657102726e-01 6.478027515213906629e-01 6.513276050482761370e-01 6.529455190660018449e-01 6.514482339523638421e-01 6.547019047856202922e-01
6.203302296375819147e-02 8.266131223630844571e-02 2.241242448217705407e-01 3.464852644510809099e-01 1.000000000000000000e+00 2.864510160955539009e-01 4.601911491769661855e-01 4.314249278178254876e-01 4.540628663361589434e-01 3.874634190456777705e-01 4.429341548925730399e-01 4.665809559842206133e-01 4.690034917519670943e-01 3.409217291850890064e-01 4.831972324972606536e-01 4.810741111435338224e-01 4.502252040689816437e-01 4.416667043749615273e-01 4.710748621339676534e-01 3.498421738185179541e-01 4.560849810706927854e-01 4.624231922837983011e-01 4.527645483727568143e-01 4.382208206178568322e-01 4.601551440789590219e-01 4.752169257360027155e-01 4.587039093552646163e-01 4.429056441781967779e-01 4.208455919627035469e-01 4.611698483910820490e-01 4.675286506541017073e-01 4.644730459977682857e-01 4.189750963774120374e-01 4.473938549953164201e-01 4.331894402443192682e-01 4.335472025033813015e-01 4.595978834617659992e-01 4.633955473273124182e-01 4.509580388585137656e-01 4.597155904609846466e-01 4.742499373206551239e-01 4.813925098393468938e-01 4.893594207053250655e-01 4.978614853079967872e-01 4.750989821571112159e-01 4.792373073077896839e-01 4.800211741450761682e-01 4.792726800985676605e-01 4.933206051330205621e-01 4.730494471560279246e-01 4.765605877023695869e-01 4.892609146028101264e-01 4.915761149621879489e-01 4.767673235033438317e-01 4.854105498823508835e-01 4.847296320747331855e-01 4.781257009697424953e-01 4.871958669844315137e-01 4.782972767933101332e-01 4.948433528700568740e-01 5.001190016524745818e-01 4.912069537517038675e-01 4.853631792213387031e-01 4.876654835175884828e-01 4.800771757186560462e-01 4.849132552338943913e-01 4.827543066982667441e-01 4.929982671559751117e-01 4.948860131923615846e-01 4.887627139121277220e-01 4.903982275758284604e-01 4.877923147379207292e-01 4.858158734148204649e-01 4.901759327773284602e-01 4.897137292597320557e-01 4.821982896084140990e-01 4.790954082747802545e-01 4.734366580975144512e-01 4.809016238941160593e-01 4.814486861471984347e-01 4.842155141372430638e-01 4.835590869633972777e-01 4.819922213887132267e-01 4.645010840658266860e-01 4.721722260020290163e-01 4.786739064041323211e-01 4.683806125652818508e-01 4.873810318742898273e-01 4.789365694168792320e-01 4.875421574625261045e-01 4.807429120946696832e-01 4.866712505227464014e-01 4.878866787537543548e-01 4.870029167573077244e-01 4.835420862470543035e-01 4.822554217690607214e-01 4.825846277018939201e-01 4.844854522104877215e-01 4.906787348217836464e-01 4.898924129392577265e-01 4.935217345625255714e-01 4.858389591015911946e-01 4.920828025161733676e-01 4.950154695107480962e-01 4.903645637688246461e-01 4.748862874180009297e-01 4.835650633020446287e-01 4.807362882535705650e-01 4.859945049599430078e-01 4.857435955580922671e-01 4.832387531977805351e-01 4.845026391494278162e-01 4.864832416415255101e-01 4.842915893022443075e-01 4.813588837892009420e-01 4.826687608932930251e-01
-1.192766539597151475e-02 1.048266981979354140e-01 2.611744811847674375e-01 4.038395987333859294e-01 2.864510160955539009e-01 1.000000000000000000e+00 5.294537168627941881e-01 4.872585966618039888e-01 5.343164905111047469e-01 4.987373657442542574e-01 5.573648783962360520e-01 5.814862940167899730e-01 5.101283714024716920e-01 4.509342311820204174e-01 5.850908979031438362e-01 5.946927598981839314e-01 5.479264393266781719e-01 4.913846772343554714e-01 5.576500315635392058e-01 4.117208440547200365e-01 4.946956028883536249e-01 5.609032233403071777e-01 5.368314471823315559e-01 5.335942493518507357e-01 5.182954999243220007e-01 5.648976647512889970e-01 5.663502607027716129e-01 5.642073538510482544e-01 5.505172220709345643e-01 5.683347200032136115e-01 5.902446960043661317e-01 5.771993369312627964e-01 5.413080567695259804e-01 5.773119313441229528e-01 5.388874431004505583e-01 5.727469415008320519e-01 5.846419127987927400e-01 5.845275486726486669e-01 5.874166935782457744e-01 5.797238058111205961e-01 5.979791784698517132e-01 5.969075556198452093e-01 5.833741059932612272e-01 6.045107262789787272e-01 5.972228052480794691e-01 6.014267091258566067e-01 6.107942784032596162e-01 6.057161764775261803e-01 6.026601202383760070e-01 5.770260880279877158e-01 5.930985235280874512e-01 5.829470258392889237e-01 6.045558265838706369e-01 6.017189562755916876e-01 5.966391405768637357e-01 5.943774420871592579e-01 6.042024731746246102e-01 6.012775852404160792e-01 6.053037807542405169e-01 6.011401747131590589e-01 6.030604469715185045e-01 6.027427915579024464e-01 6.047462891054485867e-01 6.115675513039779965e-01 6.053049444302399662e-01 6.059295017740115030e-01 6.116828199256739707e-01 6.050875589850454039e-01 6.096915709042999287e-01 5.981361536243831045e-01 6.021746425905577516e-01 6.066816394248438771e-01 6.102503532206211556e-01 5.930218254602555028e-01 6.043942807917606075e-01 6.091579972418184052e-01 6.060584869863302471e-01 5.978350983103469796e-01 6.033927748309906303e-01 6.058643623287786051e-01 6.072288517550012976e-01 6.093305531032271460e-01 6.111929977169493489e-01 5.951011174835310058e-01 5.950547641083919759e-01 6.110763176208763303e-01 6.080213281417222726e-01 6.065328670406779921e-01 6.099951870418546251e-01 6.017553020403476616e-01 6.065323616326924183e-01 6.089171702230222749e-01 6.120628291481552408e-01 6.142104915616817262e-01 6.107558634251170071e-01 6.104465047346717688e-01 5.984668989527205385e-01 6.033300631445479567e-01 6.038725094722231512e-01 5.981998459964145143e-01 6.064301864445881263e-01 6.098509731535450840e-01 6.098935094437418769e-01 6.091784116006835337e-01 6.109740582735342374e-01 6.070684947173250468e-01 6.109790254055499359e-01 6.068243092121787807e-01 6.080504626368722354e-01 6.103471048717749037e-01 6.082983667612238410e-01 6.093476857381823208e-01 6.087806139626374957e-01 6.121839165262003002e-01 6.129301834534292004e-01 6.095753380051012194e-01
7.999820957420758494e-02 1.455064468301346947e-01 3.352123423317261430e-01 5.893594492957674458e-01 4.601911491769661855e-01 5.294537168627941881e-01 1.000000000000000000e+00 7.274077131463813073e-01 7.543768884026480492e-01 6.699457033584957921e-01 7.509282516168104271e-01 8.026497896093680584e-01 7.129470679619420714e-01 5.979479510383939322e-01 8.442118682223546111e-01 7.950945787721731550e-01 7.531311986398507852e-01 7.641230606344815435e-01 7.855748369004442733e-01 6.101341688072741132e-01 7.698452174619458965e-01 7.788888901880974824e-01 7.685993138726833207e-01 7.758012205989094356e-01 7.811248986896455193e-01 8.087161093298780301e-01 7.948879027307540479e-01 7.812561898018539619e-01 7.447048318088206331e-01 7.920487420377586574e-01 8.062845190013049335e-01 7.677355427379487507e-01 7.069735737898846795e-01 7.535462404459966068e-01 7.178756589910969543e-01 7.642884519737143112e-01 7.980690495663136375e-01 7.699959728245046042e-01 7.701896991180530172e-01 8.151014766353172902e-01 8.148004256962548819e-01 8.224546099005117794e-01 8.106962756897335698e-01 8.258699197945262860e-01 8.179401875863399063e-01 8.223459595687375723e-01 8.134504450551770516e-01 8.149270383204081369e-01 8.139583749579840655e-01 7.596837716430474563e-01 7.891612073669307392e-01 8.090037370893978785e-01 8.208572647862840688e-01 8.231322293244742738e-01 8.329598833411212544e-01 8.304162617965599180e-01 8.425525614034466981e-01 8.299968659962215778e-01 8.198411280865457451e-01 8.353410145905781903e-01 8.240625302846784628e-01 8.348194283682531802e-01 8.308201602218275861e-01 8.192141019917456024e-01 8.249015888209740854e-01 8.387617317318341037e-01 8.212836926062410114e-01 8.356963198572785467e-01 8.246617661305050140e-01 8.273728197417744568e-01 8.270701245587208650e-01 8.304140269176241151e-01 8.423247236416333550e-01 8.366068641960373586e-01 8.264004783722956882e-01 8.183385462796216592e-01 8.203032210217079401e-01 8.028240894084436308e-01 8.282030656718269990e-01 8.189704078945421184e-01 8.229034327649148439e-01 8.186950897985351139e-01 8.355614214439832654e-01 7.784140587566366065e-01 7.850564261540701194e-01 8.146834927907089519e-01 8.082007070424990225e-01 8.209981650223194816e-01 8.105957304150269715e-01 8.344700410553131942e-01 8.278568633040884750e-01 8.299959542465594753e-01 8.318648054108401801e-01 8.292365826035376086e-01 8.209106200155213973e-01 8.201476472350945901e-01 8.203268099983443973e-01 8.130454770538770859e-01 8.276145997554475997e-01 8.043151512378221568e-01 8.313025489312244609e-01 8.313126371454939711e-01 8.284506108067050123e-01 8.267902443439398841e-01 8.297357238040570238e-01 8.360412633715318398e-01 8.284305272894694205e-01 8.168058253583341255e-01 8.244892223005563237e-01 8.245839667360145286e-01 8.344099268646255618e-01 8.286360225946365343e-01 8.304068852474044693e-01 8.195930011273178106e-01 8.258477527801626472e-01 8.313913059165366493e-01
6.353929793024666595e-02 9.040897506598798150e-02 3.405295211160287439e-01 5.863839632655986067e-01 4.314249278178254876e-01 4.872585966618039888e-01 7.274077131463813073e-01 1.000000000000000000e+00 7.297835144944673225e-01 6.473770485536212149e-01 7.315604444634561387e-01 7.882764088465576968e-01 7.057770632727269344e-01 5.705906977633502519e-01 7.985770611923556084e-01 7.959419082826779679e-01 7.451864780485716322e-01 6.965046935503026448e-01 7.472391966888619619e-01 5.714564474089725010e-01 7.472804691760507323e-01 7.559192164420671656e-01 7.162033467479151927e-01 7.100799736054674849e-01 7.069112449761202344e-01 7.781881269806081303e-01 7.624443959357313227e-01 7.482231260165351783e-01 7.246888572240182125e-01 7.551675973112014217e-01 7.738216121633570976e-01 7.808179944655272431e-01 7.254046626207760751e-01 7.677977022641475635e-01 7.343443807303409177e-01 7.575624112641611285e-01 7.748385540354029155e-01 7.788197114865482718e-01 7.757003588212618705e-01 7.720622161367874936e-01 7.857398404288358229e-01 7.940440960316030861e-01 7.752721838262702780e-01 8.019621718488421092e-01 7.805089520128367653e-01 7.960353804814678247e-01 8.026822858409198291e-01 8.016052160998454745e-01 8.117860934356038172e-01 7.889576295656713922e-01 8.006164892921826537e-01 7.964440576332992849e-01 7.920790781307772699e-01 7.995978144886739525e-01 8.021400056022094383e-01 7.945793294877894208e-01 8.138496691684724560e-01 8.050042689656048411e-01 8.071532431373990013e-01 8.043754989062250615e-01 8.108691543008340608e-01 8.081162389667859713e-01 8.081882391531460819e-01 8.090968489061347579e-01 7.995360435351318573e-01 8.050951256012544022e-01 8.060785193384876202e-01 8.001548609805732015e-01 8.102895187920544640e-01 7.958551055304539101e-01 8.036392718681386604e-01 8.014101154139015026e-01 8.019669290806701323e-01 7.847772269347507157e-01 8.039463604683352305e-01 7.988732395721366286e-01 7.965992082855455347e-01 7.906567593355267043e-01 7.863867712233566509e-01 7.984478060064441607e-01 8.013458878175190314e-01 8.020129523434378349e-01 8.126380098058396673e-01 7.894661453739703072e-01 8.012010906589791537e-01 8.087262300328051934e-01 8.012866751653938691e-01 8.110221745996361031e-01 8.062733542438235146e-01 7.960821202657859530e-01 8.017342531194678878e-01 8.057148530154359944e-01 8.052259058114873413e-01 8.034239281081266837e-01 8.041439450881604500e-01 8.030363358332974766e-01 8.110817616303782618e-01 8.225470694474508182e-01 8.172576274384341088e-01 8.129279381716905117e-01 8.105331823917276690e-01 8.215032776169309825e-01 8.069804480919793299e-01 8.127126957545675046e-01 8.137829515753095544e-01 8.080013593486287116e-01 8.120128368167588429e-01 7.983285012062996122e-01 8.043589338397566513e-01 8.078174825224052613e-01 8.057637869085430005e-01 8.043490872282476056e-01 8.080455563862850576e-01 8.161605803466497333e-01 8.050434588346365716e-01 8.086151567724156886e-01
1.366417444540072024e-01 1.893327917548665307e-01 3.545144209422859682e-01 5.986497370192623846e-01 4.540628663361589434e-01 5.343164905111047469e-01 7.543768884026480492e-01 7.297835144944673225e-01 1.000000000000000000e+00 7.553011112692230578e-01 8.135919458975043872e-01 8.528148773030964636e-01 7.649039194416341614e-01 6.397003188338864499e-01 8.549504664983766933e-01 8.463511129836618352e-01 8.167747726175347278e-01 7.701932075129378497e-01 8.167869645435087422e-01 6.116352000677689471e-01 7.688728259712204194e-01 8.304528178665095961e-01 8.067329189341864160e-01 7.717940920394246174e-01 8.087094853644115622e-01 8.620932260738577435e-01 8.617501737259046779e-01 8.529000192914808487e-01 8.399278682479829339e-01 8.721497206420186776e-01 8.836565211903431027e-01 8.361494866016705441e-01 7.707108742955370850e-01 8.061447367933314290e-01 7.806089378112349708e-01 7.841086461973564292e-01 8.583077970352465114e-01 8.345242190087158729e-01 8.236090972352833051e-01 8.430190709794616044e-01 8.743834394203885418e-01 8.742634979899382985e-01 8.402291610162296864e-01 8.831611700063364268e-01 8.691059526541422553e-01 8.760121172571005976e-01 8.808202154227119385e-01 8.840645627736516410e-01 8.797550654580275076e-01 8.322178603853567225e-01 8.588418757690365890e-01 8.554248932219046253e-01 8.749609728857397073e-01 8.806749958075765772e-01 8.805770951196395524e-01 8.779191440481257658e-01 8.809990046377480510e-01 8.835626918712062849e-01 8.815722623880093423e-01 8.939733773682368989e-01 8.868709436330615148e-01 8.856734301302758849e-01 8.744061327972594277e-01 8.753835196986315959e-01 8.835627385375292020e-01 8.900634174881023597e-01 8.833399931349151801e-01 8.839238427856701552e-01 8.801415286887454004e-01 8.752524223105234702e-01 8.773241724859612845e-01 8.866640866956754241e-01 8.734078930915185612e-01 8.792076696833954763e-01 8.883644629861482400e-01 8.852156577329467479e-01 8.870788289109781122e-01 8.809151128055382474e-01 8.847079063891838402e-01 8.886951656222583651e-01 8.845922318437315912e-01 8.885268579515794851e-01 8.814860700076487809e-01 8.400480411091852950e-01 8.397456038233395148e-01 8.621527223092730896e-01 8.621632246358493790e-01 8.683341353009732533e-01 8.622852140171777258e-01 8.847070293835753718e-01 8.683005311611762256e-01 8.825659182892080512e-01 8.837232590616549421e-01 8.827420830285795939e-01 8.809266901518031379e-01 8.820234436851724924e-01 8.529109659790348186e-01 8.696429783372714439e-01 8.779607539915079695e-01 8.632537835451686847e-01 8.665835275207762756e-01 8.756154248105836313e-01 8.841315141505693420e-01 8.823646775914845142e-01 8.793907096614087537e-01 8.776134659617882416e-01 8.820841547570124064e-01 8.827708495866125604e-01 8.826622936320571711e-01 8.851511525366841937e-01 8.782020843455388137e-01 8.862956615008702466e-01 8.814767618495090717e-01 8.756028892216343174e-01 8.834543430143394493e-01 8.869505579819401131e-01
6.361941310263692639e-02 2.393053236335677125e-01 3.291585825500507601e-01 5.256161037924638180e-01 3.874634190456777705e-01 4.987373657442542574e-01 6.699457033584957921e-01 6.473770485536212149e-01 7.553011112692230578e-01 1.000000000000000000e+00 7.520044387634147176e-01 7.709701964804880348e-01 6.979464695523531770e-01 5.910950412706217350e-01 7.850077558880023121e-01 7.769969588029558283e-01 7.342722616778355471e-01 6.888219162923080452e-01 7.489970592292209961e-01 5.303001918750490651e-01 6.737301251240920275e-01 7.552900213205203661e-01 7.322639938385430147e-01 6.973619987204616733e-01 7.283234627001405892e-01 7.923546548827239411e-01 8.002197617440175437e-01 8.032862062114559665e-01 7.971384324365929919e-01 8.195024472674040661e-01 8.243261842551761198e-01 7.646420128195813293e-01 7.340671410755229553e-01 7.412395146928697498e-01 7.320388265967244790e-01 7.179657017489006199e-01 7.957239444116046556e-01 7.744547387871272282e-01 7.701152381654918777e-01 7.852713904309104320e-01 8.177474302391739558e-01 8.102079853222365902e-01 7.755585049977270495e-01 8.112410974200225944e-01 8.106085702603536003e-01 8.088142046413967501e-01 8.163953722180362638e-01 8.304842512920210806e-01 8.091932266989514400e-01 7.486249266386408863e-01 7.855936816651344357e-01 7.481287105921152758e-01 7.988494861466426400e-01 8.281447396976473474e-01 8.200739993932687488e-01 8.139398534062641799e-01 8.035332493298883438e-01 8.175439758407545554e-01 8.167567099607985215e-01 8.167649914203892747e-01 8.035352109222463346e-01 8.183698091498221583e-01 8.026302264325724245e-01 8.103340414435808992e-01 8.081110589779625375e-01 8.150367690274780141e-01 8.210806339800666986e-01 8.203287873744171677e-01 8.137834663015872660e-01 8.074986178882203047e-01 8.117734765605829628e-01 8.177543345704380018e-01 8.039275025176894074e-01 8.077205022701068327e-01 8.210849220049128983e-01 8.236753043548105113e-01 8.235129337853409615e-01 8.272528131620144887e-01 8.251995493983199648e-01 8.283251483887897892e-01 8.216430447953774197e-01 8.302650286534374313e-01 8.136430377189419749e-01 7.863288313402524432e-01 7.753096247983961575e-01 7.955013831469975871e-01 7.996275083268342687e-01 8.055913353656846132e-01 8.039520633789678516e-01 8.245478496559196513e-01 8.085954328838143024e-01 8.182996740029044869e-01 8.200115662773674874e-01 8.207848147190662802e-01 8.214306140832511316e-01 8.258869135096335024e-01 7.849946546653657764e-01 7.909946580500775148e-01 8.065707399920479803e-01 7.972340978459974137e-01 8.009835249609293939e-01 8.082015485490107176e-01 8.146391747787140591e-01 8.144365448459502943e-01 8.057626854093162816e-01 8.169350842519966793e-01 8.197212924910072251e-01 8.286721123782445630e-01 8.272082570370192789e-01 8.228677332042729775e-01 8.177397548637242997e-01 8.256785670091845164e-01 8.230429464574491316e-01 8.113956923348510930e-01 8.157764671941499790e-01 8.206236909385360434e-01
4.328867555152907803e-02 1.698617237234296140e-01 3.848667452678581902e-01 6.000828986317183755e-01 4.429341548925730399e-01 5.573648783962360520e-01 7.509282516168104271e-01 7.315604444634561387e-01 8.135919458975043872e-01 7.520044387634147176e-01 1.000000000000000000e+00 8.670758782298926270e-01 7.673860954994207173e-01 6.499851280326987002e-01 8.752377638796285941e-01 8.522596500269215003e-01 8.127083496004785523e-01 7.575499163459333829e-01 8.323317368474266731e-01 5.907278316722524014e-01 7.699424732039600316e-01 8.337874517601047142e-01 8.162543260693848612e-01 7.840938620492293731e-01 7.993749962439555823e-01 8.680238485292679496e-01 8.635876322366717872e-01 8.688693064815932177e-01 8.478542975300618068e-01 8.749500467972616269e-01 8.970662131775601900e-01 8.590842281160127047e-01 8.243516001595412312e-01 8.498259481595403786e-01 8.290700115087390465e-01 8.409227528767496684e-01 8.911076937213693316e-01 8.642457048967521205e-01 8.706940238814990796e-01 8.714503884539048784e-01 8.942225208306826545e-01 8.942808514664031261e-01 8.709949529712459615e-01 8.976887766378849332e-01 8.950635276429167453e-01 8.937086208306892487e-01 8.962408996783248760e-01 9.010136502854226848e-01 8.920340505328430147e-01 8.517413479390349984e-01 8.763248476177586399e-01 8.611434169921352577e-01 8.871833195329981159e-01 8.947979856865743153e-01 8.923048156501306449e-01 8.962074202628712571e-01 8.867896249908507889e-01 8.959850772629314175e-01 8.941649405697343900e-01 8.950736682206406059e-01 8.938608237099021636e-01 8.962893536171875342e-01 8.887887463610900651e-01 8.933132941271951788e-01 8.901654749787114573e-01 8.930971154621932806e-01 9.006803691899518682e-01 8.988336817584292593e-01 9.038288892308126155e-01 8.839004280480424747e-01 8.942661592604570497e-01 9.010971114038117680e-01 8.954117052033807589e-01 8.829895861417204062e-01 9.040963691018125692e-01 9.066948630626487926e-01 9.064753007756215508e-01 9.004428143485283531e-01 8.968276725404025207e-01 9.063340120113825282e-01 9.074841709082425156e-01 9.071829643155677747e-01 9.040183617541898142e-01 8.836987987682104473e-01 8.799257491025468392e-01 8.947648155650943513e-01 8.975349499532980779e-01 9.001611961617944635e-01 8.992596336261697854e-01 9.018853057464047973e-01 9.044309144482555185e-01 9.050841693123866660e-01 9.044937177012940532e-01 9.046910461693544736e-01 9.034986619490401605e-01 9.041749456450768330e-01 8.876499349258597515e-01 8.857975509271058812e-01 8.979570499170786979e-01 8.918236018611546134e-01 8.973105889495499587e-01 8.994396178192168856e-01 9.001447950860432812e-01 9.022766091404148536e-01 9.002441487082861737e-01 8.953867099935475249e-01 9.022407981084511475e-01 9.038639709363647246e-01 9.052156507265988195e-01 9.018979364811970934e-01 9.019138629761170867e-01 9.022790439401618956e-01 9.027463279533544105e-01 9.002761846747752150e-01 9.010852715395717416e-01 9.001371874604910950e-01
4.452566428700503731e-02 1.413674216430068353e-01 3.795123538003776220e-01 6.562222897574419012e-01 4.665809559842206133e-01 5.814862940167899730e-01 8.026497896093680584e-01 7.882764088465576968e-01 8.528148773030964636e-01 7.709701964804880348e-01 8.670758782298926270e-01 1.000000000000000000e+00 8.107733571545332474e-01 6.888207186434052165e-01 9.199868129034045605e-01 9.119383521255935987e-01 8.594757061508699891e-01 7.979244701785214167e-01 8.719296934147785505e-01 6.458950081248653330e-01 8.279220480503143298e-01 8.805789321713670681e-01 8.441366697066393643e-01 8.269001655364265346e-01 8.341694108195512047e-01 9.069480819152527795e-01 9.034854123807012360e-01 8.932691028162711433e-01 8.604887807535192001e-01 8.991904337266866110e-01 9.271054880715362545e-01 9.026611866412609375e-01 8.507853247309228317e-01 8.899236693517841301e-01 8.536293640712530051e-01 8.814847574101964955e-01 9.157492786747427616e-01 9.108947036031741495e-01 9.058281460848180977e-01 9.118632233543211285e-01 9.310457491883369352e-01 9.362995522268002802e-01 9.092674427790161662e-01 9.425669536908434232e-01 9.297817274873586557e-01 9.351216728081205298e-01 9.417923343287613047e-01 9.417958020663813601e-01 9.404326852128040981e-01 9.055615595224851821e-01 9.252780986645985362e-01 9.176676772975619345e-01 9.339615007920379908e-01 9.357895050697979666e-01 9.374689699039792101e-01 9.364162105752795728e-01 9.374472319014529598e-01 9.416121401226945631e-01 9.423463681660204649e-01 9.421659533808455222e-01 9.421110126452104661e-01 9.410538598070498084e-01 9.396747788903265786e-01 9.386578549140541794e-01 9.378185356886565849e-01 9.399261837538863684e-01 9.449518798604427117e-01 9.406925598663308241e-01 9.454748430111894475e-01 9.313468036464439548e-01 9.388601797222492218e-01 9.446533466364694931e-01 9.393850003803102533e-01 9.267281836575175236e-01 9.446167420503617240e-01 9.436460385688751895e-01 9.419583175595099833e-01 9.305541773387517868e-01 9.335233629422368118e-01 9.422979333595713491e-01 9.444748258585210499e-01 9.460716050904509622e-01 9.481079668487980561e-01 9.168498216653239163e-01 9.232507650379038200e-01 9.404248154283118000e-01 9.381062070824498500e-01 9.438883813010540136e-01 9.395175716994406123e-01 9.407894426484640915e-01 9.419869395746927054e-01 9.468731830928230897e-01 9.475369739363360688e-01 9.474535391837864973e-01 9.449819167979516266e-01 9.445665591888582346e-01 9.326449527724560706e-01 9.386722410446504128e-01 9.453196252122428866e-01 9.371274156115879661e-01 9.409647694770185700e-01 9.473859680461149679e-01 9.449376330509994260e-01 9.481833451498894449e-01 9.479452719964269747e-01 9.402573651241382668e-01 9.461946069426954153e-01 9.421222336212584647e-01 9.451297641907978608e-01 9.462493908985273317e-01 9.456744918233592756e-01 9.445789337372495487e-01 9.453426917151867004e-01 9.459661406183856869e-01 9.456892257147208047e-01 9.452112397628553708e-01
4.743978284981084648e-02 1.185988426745060442e-01 3.534417144798256971e-01 5.652446457330448926e-01 4.690034917519670943e-01 5.101283714024716920e-01 7.129470679619420714e-01 7.057770632727269344e-01 7.649039194416341614e-01 6.979464695523531770e-01 7.673860954994207173e-01 8.107733571545332474e-01 1.000000000000000000e+00 6.047083227285005025e-01 8.239429042608759080e-01 8.240181994163255919e-01 7.659598463500625343e-01 7.067656400488948609e-01 7.698396049449788281e-01 5.485513532502823697e-01 7.368041628815951150e-01 7.819604293755756386e-01 7.530876141673851221e-01 7.203962023559599137e-01 7.567031157084942450e-01 8.107918702226596386e-01 7.984468814514352752e-01 7.883199274425766179e-01 7.637163189540764341e-01 8.012321775228559151e-01 8.182961440532081632e-01 8.166286618233663530e-01 7.546684858438723609e-01 7.950165052236610741e-01 7.629005142643952020e-01 7.818583770962171942e-01 8.112721660996977668e-01 8.142413725414802128e-01 8.109481977919400508e-01 7.989627222449628974e-01 8.275856194669160004e-01 8.311532095858613634e-01 8.144136602108104084e-01 8.454328713466712220e-01 8.272714898178336052e-01 8.300833916743348695e-01 8.424779945370668433e-01 8.387253598743630301e-01 8.460594820478734013e-01 8.220078146699986155e-01 8.359465998226272010e-01 8.325854520459695651e-01 8.378584499636686500e-01 8.308744233906160126e-01 8.309691290554868104e-01 8.300836718897645072e-01 8.284539346143787730e-01 8.352790522380910687e-01 8.381879561504502751e-01 8.439930009813729761e-01 8.512645279730510772e-01 8.348486316454427625e-01 8.328283798929509985e-01 8.379327610750139099e-01 8.375525160479950770e-01 8.355443097731674040e-01 8.436976282108243907e-01 8.401118034192002204e-01 8.459152015596415053e-01 8.281486108764741783e-01 8.388084590934741236e-01 8.420715855972253916e-01 8.309246962757415034e-01 8.275084214069035049e-01 8.443191530407208045e-01 8.423615814058759144e-01 8.367810363288995523e-01 8.285948325711609552e-01 8.326216500883034666e-01 8.447424566063225226e-01 8.414547785870645225e-01 8.440384465820873761e-01 8.403979606285044701e-01 8.186410778051189663e-01 8.273299556459374759e-01 8.376792452159487201e-01 8.319946109619996699e-01 8.423869627209878974e-01 8.407421073641165865e-01 8.394490837123995686e-01 8.356692041157489648e-01 8.434205557920141372e-01 8.428270988215466053e-01 8.441809608752174343e-01 8.445359894558029934e-01 8.430576830011276002e-01 8.273229158250204884e-01 8.405008625142754708e-01 8.426362820662929298e-01 8.418792067835871862e-01 8.363412116637800597e-01 8.401793945580871004e-01 8.431104837000640284e-01 8.481768430061067399e-01 8.471366593111049337e-01 8.301861293384373841e-01 8.429852012725521648e-01 8.427969066071679949e-01 8.437316269150618719e-01 8.425408857214838898e-01 8.386333156149647916e-01 8.409619168158948277e-01 8.390922709087286213e-01 8.442300443076530270e-01 8.427890941809964565e-01 8.404457925292347920e-01
