1.000000000000000000e+00 1.763698100321003659e-01 6.838341674177586538e-02 -6.092823595615486781e-02 8.295585322338895617e-02 2.817404507880010706e-02 8.048406042471753508e-02 9.076215609182983202e-02 2.206020631448225022e-01 1.015011254666457058e-01 2.906318018306481427e-02 1.841144605665385320e-03 -1.844291668044972105e-02 -5.002883712888721301e-02 1.884345618738797815e-02 5.801434415344871448e-02 1.845035453288997596e-01 2.176167694772727090e-01 1.986751314944311952e-01 1.816493086936530332e-01 2.473663107680424689e-01 1.876885445538890584e-01 1.604253203532642891e-01 1.900854468957529630e-01 1.834954805213980800e-01 1.699544799448768351e-01 1.467729476408090039e-01 1.355318343617767651e-01 1.983648638189411118e-01 1.673938216696899961e-01 1.580519929479809182e-01 1.190746175975091609e-01 1.343399443285137329e-01 1.274628331861623609e-01 1.371221933701926576e-01 8.242916716574738567e-02 1.294447403339895331e-01 9.419308372947321484e-02 9.137065417629011699e-02 2.589587060392369369e-02 4.976117915087372584e-02 2.877319281259799189e-02 -1.641684536955079557e-02 7.502481024877707960e-02 6.030631186255626386e-02 7.741372327977363854e-02 1.480741822802775394e-02 3.838463177364197232e-02 4.978863686860843241e-02 3.721839005178826515e-02 7.134652824168961904e-02 -5.439513669652590311e-03 3.254412700993838253e-02 8.564840899946238317e-02 7.762767452009224078e-02 9.079631005183656789e-02 8.779185505639368337e-02 3.716521883990666492e-02 3.297450084667757214e-02 7.598183178642806124e-02 1.089000266964800824e-02 9.178681941326553850e-02 7.671573261144096212e-02 8.877373617385909965e-02 9.108725685422694451e-02 1.007628727402009178e-01 5.352231628971897137e-02 8.041302829890710491e-02 7.928289229339999244e-02 9.864399771439875952e-02 9.925186884069568671e-02 7.639109359623386108e-02 8.189298179634896258e-02 6.889248427644255324e-02 5.120126395183001444e-02 5.393138932927481893e-02 5.591698065193183298e-02 8.880568742531166904e-02 5.707146034078527941e-02 7.659122306920622403e-02 6.997401560446377122e-02 7.253621085895818610e-02 5.887180567495371719e-02 6.602981176510779038e-02 3.417367910154730376e-02 4.833170372090073164e-02 4.621190553682401336e-02 2.227170286013246611e-02 3.557717684650027468e-02 1.589275747144463721e-02 5.408927452057850577e-04 1.541997306278771775e-02 2.002298437583337198e-02 3.889850478614974294e-02 9.473532837314023458e-03 2.275145431915275018e-02 -1.758912020164659154e-02 3.433754840715153717e-02 1.136833527100120783e-02 1.208821209403776638e-02 -4.342834888793063730e-03 1.411587615722393989e-02 1.576468924420396794e-02 3.101441021052188732e-02 1.769986742434026886e-02 3.553948289411513334e-02 3.956305639867863100e-02 3.035907802999900096e-02 3.599785568284382536e-02 2.855975489115894148e-02 7.837368146315209019e-03 4.233639256321260202e-02 4.224224717513535426e-02 4.863915467449537317e-02 5.896202249695994824e-02 4.552105974921621945e-02
1.763698100321003659e-01 1.000000000000000000e+00 6.810219095774665277e-02 2.074714189947850576e-02 9.304777755709714437e-02 6.203561496060123331e-02 1.646915912042394570e-01 1.193763043786256056e-01 2.028212980841404001e-01 1.897686998664151747e-01 1.291482224444867877e-01 1.111817642726116856e-01 8.769884912373272778e-02 5.397785768877482598e-02 1.465553713164516048e-01 1.383038058915719848e-01 2.129664208683369753e-01 1.982129284083969378e-01 1.898601221433394159e-01 1.617967515354557795e-01 1.943897365973003555e-01 1.778778927334413451e-01 1.894294396925200741e-01 1.805234270708230004e-01 1.800442824652193630e-01 1.854248199634860594e-01 1.810927005518511435e-01 2.030808633101486294e-01 2.483076799791911760e-01 1.885657976869684060e-01 2.008881171981343750e-01 1.837921694466360667e-01 1.974958874455594038e-01 1.789906973144290148e-01 1.834399664145152375e-01 1.701052227390306704e-01 1.898029616940437037e-01 1.802508187015942898e-01 1.791178370493247685e-01 1.537957324254509706e-01 1.575476648216486142e-01 1.533144545231208689e-01 1.112385076255389682e-01 1.550156069210075205e-01 1.544664269120237243e-01 1.763208613626599530e-01 1.357791790805688570e-01 1.522916801209925897e-01 1.470252209763474593e-01 1.279642182748708390e-01 1.524959445471325004e-01 9.513996058552455504e-02 1.118968444000052048e-01 1.685433494056302883e-01 1.614000641252629764e-01 1.747080419569506382e-01 1.607881556198496320e-01 1.415415324353428150e-01 1.458197300749448089e-01 1.520036223723671975e-01 1.179458819488227173e-01 1.655256934195640517e-01 1.569684011729868545e-01 1.545514804387152219e-01 1.513101601190960099e-01 1.645353607377791072e-01 1.495447171248229512e-01 1.579629861295219484e-01 1.630406149238446956e-01 1.623163959452475491e-01 1.592757149374124659e-01 1.528666602153065657e-01 1.559775234902996965e-01 1.540627364048710035e-01 1.434258475085075091e-01 1.567546302334545116e-01 1.647576761574866544e-01 1.831108081226598960e-01 1.555982379790561976e-01 1.599694054502390217e-01 1.653238092896159861e-01 1.649469051825838417e-01 1.638978331332311689e-01 1.680656604884329108e-01 1.407949473868677637e-01 1.466080615548689126e-01 1.566686091778720091e-01 1.507926756901332432e-01 1.475551180130862117e-01 1.449991595671460409e-01 1.422668568156310875e-01 1.368981089777379923e-01 1.406523598560715238e-01 1.509702462173223847e-01 1.360853077943457168e-01 1.399010624123705748e-01 1.118553030085502054e-01 1.301840387941602950e-01 1.251667432035800664e-01 1.370129163413438822e-01 1.225385561286551211e-01 1.239818604778378935e-01 1.233065472122127498e-01 1.341430809968401083e-01 1.291741708441316028e-01 1.452698962490352741e-01 1.455414427185722503e-01 1.468542258454142990e-01 1.502146207776279274e-01 1.376520534201923218e-01 1.349560599092492763e-01 1.440062928285372190e-01 1.492384957809540225e-01 1.442430129948253648e-01 1.443926688041618500e-01 1.439128792525971312e-01
6.838341674177586538e-02 6.810219095774665277e-02 1.000000000000000000e+00 3.034019041371897041e-01 1.537160198785757770e-01 1.892647429418377880e-01 2.903161865916070172e-01 2.464722154538126209e-01 2.256008112269381749e-01 2.027583126681351267e-01 2.828520565253471730e-01 3.280690583026364404e-01 2.594279465849023691e-01 1.694084799041822575e-01 3.022435496112402808e-01 2.891469268565760031e-01 2.755465779473259547e-01 2.551693996064220982e-01 2.843808784824096714e-01 2.454033545191226795e-01 2.474842157651020447e-01 2.922194659183668941e-01 2.705440232913644549e-01 2.678315627168436075e-01 2.900184598667451819e-01 3.159955815373051702e-01 3.086443727460800868e-01 3.011184953244211426e-01 2.661020895626039495e-01 2.844883145094958543e-01 3.085932848972422482e-01 2.901140582256281908e-01 3.011098755592664933e-01 3.023227819616949308e-01 2.799428518304843960e-01 2.977011401146151259e-01 2.984687181519296018e-01 2.939073674363944511e-01 3.006677678440540791e-01 3.092840054649261261e-01 3.070822422761556036e-01 3.033085457811478536e-01 3.232896662032630486e-01 3.196457879857909079e-01 3.202857190733721104e-01 3.102956562443960342e-01 2.892467699343489462e-01 2.915791313225620240e-01 2.833268694346378624e-01 2.943387846587792178e-01 3.052842726354609293e-01 3.298041259775694733e-01 3.233008546691624185e-01 2.896382188894061072e-01 2.905623590508578102e-01 2.921956451413446065e-01 2.999109978369489671e-01 2.994198026740398921e-01 2.862026850139839373e-01 2.970190377617232258e-01 2.980983246003300335e-01 2.969338153937272073e-01 2.856422721116053109e-01 3.000185214029611469e-01 2.956104339772665512e-01 3.102759672808187985e-01 2.943610270756591429e-01 2.967850633160351026e-01 3.057019486910790285e-01 3.025481277496694932e-01 3.077614141855760654e-01 3.089225981425384182e-01 2.955753729089496962e-01 2.997221874271203124e-01 3.096729982504539680e-01 3.036691256703696884e-01 3.061549529577086148e-01 2.910189061262334898e-01 3.079539537296329677e-01 3.032429066553488650e-01 3.042905102658075567e-01 3.075828989932827273e-01 3.021420416720596580e-01 2.940689310511752641e-01 3.016123322485269598e-01 2.984493999409079668e-01 3.040389439633626179e-01 3.018157183619136763e-01 3.004419637213306404e-01 2.970178668776103370e-01 3.065031590708934828e-01 3.009345759127603492e-01 3.037471123635307468e-01 3.099149092745577261e-01 2.859504204672733141e-01 2.901321085501917807e-01 3.032113191886786630e-01 3.060166714395985976e-01 2.951641850936509992e-01 3.021328222488114945e-01 3.055755429377372545e-01 3.004399888160939058e-01 3.026048222227968321e-01 3.014487390575661396e-01 3.086963419303807021e-01 2.935920461393448089e-01 2.952506853391211328e-01 2.896741626546777137e-01 2.961661892148167996e-01 2.941160695311348938e-01 2.927137502900379329e-01 2.960305008412322247e-01 2.938429085512877514e-01 2.962506971140994594e-01 3.006394552333265247e-01 3.020947221174609121e-01
-6.092823595615486781e-02 2.074714189947850576e-02 3.034019041371897041e-01 1.000000000000000000e+00 2.736326422695375404e-01 2.582640199449300900e-01 4.586397493459566932e-01 4.282002835572756849e-01 3.347766079675781326e-01 3.720742765302477717e-01 4.473340957377657245e-01 5.590921180072020436e-01 4.443283093326997335e-01 3.374395015778911544e-01 5.064656147610699932e-01 4.744015094929407428e-01 3.711017449878216135e-01 3.076101026858676923e-01 3.550833557106943816e-01 3.084950845248813911e-01 2.967893232502949452e-01 3.901116285192783306e-01 3.778827853752330101e-01 3.409993749857123668e-01 3.684908311049207019e-01 4.637647983970092924e-01 4.463325244174843887e-01 4.428169358429380198e-01 3.484702449754305542e-01 3.984217987558939522e-01 4.246537524750353954e-01 4.317051918997247273e-01 4.356102632293714638e-01 4.341007914918090238e-01 4.206352504697853378e-01 4.533101067738383172e-01 4.334063042829636725e-01 4.324691129569855907e-01 4.656414324032046026e-01 4.808109168698819769e-01 4.898811321803238639e-01 4.761236477972974890e-01 5.180224045213408512e-01 4.929260597980882896e-01 4.977805631196265956e-01 4.605690145631735066e-01 4.797017575326096850e-01 4.690555309192797062e-01 4.708619322479876135e-01 4.508964676957112339e-01 4.584910894220960986e-01 5.230570020493823247e-01 5.227219531877932424e-01 4.532983818068456738e-01 4.507602632212526772e-01 4.417023219769845577e-01 4.716843133415884459e-01 4.828397225806717041e-01 4.622579254041147556e-01 4.785603726259632928e-01 4.890558346858350780e-01 4.710323239403562123e-01 4.573947870318886277e-01 4.869290338377796901e-01 4.704052560470862732e-01 4.864720448810553877e-01 4.712869779639344836e-01 4.559325170558489737e-01 4.750694917467311873e-01 4.523288756286675261e-01 4.626387992135051475e-01 4.726715830760512826e-01 4.492278379295051027e-01 4.622836445118725934e-01 5.016282711891674184e-01 4.864811722947866013e-01 4.830226093469763282e-01 4.532467112837085255e-01 4.834119149017886974e-01 4.538442035902788829e-01 4.665627400228722910e-01 4.744581806604870056e-01 4.818157421464799861e-01 4.611605702891989900e-01 4.821638171109641768e-01 4.730985353862521836e-01 4.809705415731376776e-01 4.883060930759087759e-01 4.843600021934789113e-01 4.890966613943036889e-01 5.005539770770716101e-01 4.903854378069789077e-01 4.987422295585331455e-01 4.945366779603120877e-01 4.816865633317801709e-01 4.801475128103667167e-01 5.041177358152439947e-01 4.954612720964700068e-01 4.889329600439482060e-01 4.885121617147520356e-01 5.107948240366106951e-01 4.981605973480044969e-01 5.099726467819870601e-01 4.943079280734167247e-01 5.024158045340092471e-01 4.869182121030096178e-01 4.808029876578449047e-01 4.758462537422559757e-01 4.830533145177466348e-01 4.844201745995206920e-01 4.868425173758453295e-01 4.881443744863716017e-01 4.852964942866370146e-01 4.879158111894677519e-01 4.815628793512707340e-01 4.953781641672636016e-01
8.295585322338895617e-02 9.304777755709714437e-02 1.537160198785757770e-01 2.736326422695375404e-01 1.000000000000000000e+00 2.216331162713715275e-01 4.224531438731309319e-01 3.707761480059666992e-01 3.926919705503848501e-01 3.704412223505731960e-01 3.803865804245898929e-01 4.260277328678150899e-01 3.872704502264046056e-01 2.806506764422822542e-01 4.431879265695643499e-01 4.362538651655730737e-01 3.936753111727296361e-01 3.625465583319088525e-01 3.822306311468366968e-01 3.203038542979955161e-01 3.565625214025192058e-01 4.059198365739268288e-01 3.928545948699920243e-01 3.641402564250386109e-01 3.776608793577888590e-01 4.592213495032000381e-01 4.382424594167129706e-01 4.286234475355846785e-01 4.042656520914433282e-01 4.041512236594363427e-01 4.461405777865941613e-01 4.305188627457733896e-01 4.181173455615445622e-01 4.189137876631464086e-01 4.068054315536788201e-01 4.091613255076746447e-01 4.234458373797713171e-01 4.288137185311946542e-01 4.422077499276965695e-01 4.249054778314638736e-01 4.438763022836041405e-01 4.479299293021534734e-01 4.496231820757838338e-01 4.652421977707072998e-01 4.432364330248798057e-01 4.470715685120529859e-01 4.307454385426883192e-01 4.302071180085492719e-01 4.246815682335448594e-01 4.122263687001286869e-01 4.361753848675317125e-01 4.411991031334849822e-01 4.590355041682244175e-01 4.293759532400872048e-01 4.332871370899589181e-01 4.386881350439294502e-01 4.235585078597234876e-01 4.466635441958169972e-01 4.117710582515661244e-01 4.476488787582159623e-01 4.399573785909850487e-01 4.345992798508611088e-01 4.164197472293878488e-01 4.434847740286577134e-01 4.395036103649169745e-01 4.406937509958416266e-01 4.338174123857873599e-01 4.430368829352319682e-01 4.421193822129667050e-01 4.371270867249826275e-01 4.423061707887188665e-01 4.432372182185371212e-01 4.303566690503987657e-01 4.337410682377220161e-01 4.509979148405031113e-01 4.436984896428740610e-01 4.494762632518108925e-01 4.399435259243529295e-01 4.440118440926620891e-01 4.416504028795524284e-01 4.443630761884411751e-01 4.535047302779605105e-01 4.326254749191967286e-01 4.336074863690423942e-01 4.303447968876655816e-01 4.311296960548152701e-01 4.406914731011074005e-01 4.363514093341915867e-01 4.421711723634385027e-01 4.377195118450137312e-01 4.354719868730487220e-01 4.420815667166296814e-01 4.421202016173513827e-01 4.507226115664870747e-01 4.305790347312718480e-01 4.322772275000069109e-01 4.289852767338321882e-01 4.287134805267733828e-01 4.331448957180386028e-01 4.357941044987203583e-01 4.495747926967129660e-01 4.306594289547887033e-01 4.428743656445982002e-01 4.483729517721512514e-01 4.407218422472848895e-01 4.219130224589437983e-01 4.320758527694691931e-01 4.332424258879555845e-01 4.372566698133180663e-01 4.361790926151495884e-01 4.289775214049768581e-01 4.405382964443768090e-01 4.337791357876675802e-01 4.398488698258606333e-01 4.403099036272098976e-01 4.377286710322992880e-01
2.817404507880010706e-02 6.203561496060123331e-02 1.892647429418377880e-01 2.582640199449300900e-01 2.216331162713715275e-01 1.000000000000000000e+00 3.994899526020562752e-01 3.300083509614642474e-01 3.772082437845730718e-01 3.698145054145083321e-01 4.203509239968264422e-01 4.472391665986778508e-01 4.049113289106443525e-01 3.241809137520527684e-01 4.464722963461251748e-01 4.401817293214922433e-01 4.136868615645041269e-01 3.604443571975355365e-01 3.684646572264146380e-01 3.181015298251932411e-01 3.199556508821964629e-01 3.762365456550313958e-01 4.013209595273124486e-01 3.615081933557907634e-01 3.691189223224838889e-01 4.385287724513834418e-01 4.607212964904175423e-01 4.560448192122870670e-01 4.063016783727541048e-01 4.344365056026217031e-01 4.557556527896107768e-01 4.538037598121443805e-01 4.383077867103316039e-01 4.490041173785762618e-01 4.324152352406721578e-01 4.550008992641139116e-01 4.605018108157240553e-01 4.547733674451102104e-01 4.670386804960506844e-01 4.663892607957923486e-01 4.797580031401768585e-01 4.752204300887875599e-01 4.670001492344335592e-01 4.791682857002586560e-01 4.738339970723827177e-01 4.708548406857060997e-01 4.843401405917948654e-01 4.798591377345473030e-01 4.719961397666978531e-01 4.596294351301586922e-01 4.702580278811789305e-01 4.523186942633214414e-01 4.601601746242199864e-01 4.769702026703597220e-01 4.753745098166771710e-01 4.693508870021464996e-01 4.726467953297353586e-01 4.753082659088491702e-01 4.749149102745046092e-01 4.710060804180727922e-01 4.813566573500752677e-01 4.719559643955363870e-01 4.664143282268691237e-01 4.658897284148550977e-01 4.757150929817070550e-01 4.699885089626057999e-01 4.797165256721475646e-01 4.733395335815022142e-01 4.760693468042143661e-01 4.596693660285833261e-01 4.595663621582407043e-01 4.768356033641853453e-01 4.571773582329139995e-01 4.676846911876821888e-01 4.874785201357090259e-01 4.891041898142721167e-01 4.914239798255091718e-01 4.781857621132978298e-01 4.804195353744338259e-01 4.842599260647682535e-01 4.887480311357720875e-01 4.879598543339482286e-01 4.796022085624083164e-01 4.846477899060139816e-01 4.843891320563600278e-01 4.805811436897247102e-01 4.883764869811879072e-01 4.877893849435758766e-01 4.877464901207995696e-01 4.791058029875402413e-01 4.913654931188055630e-01 4.899848446734511587e-01 4.848244608962076208e-01 4.885074262863528527e-01 4.831548669093185255e-01 4.848114017054113156e-01 4.849695051686263025e-01 4.827808595661467472e-01 4.852842865982259224e-01 4.901957002010669529e-01 4.881237704513198272e-01 4.841699220702853079e-01 4.841342153296834261e-01 4.846530303214762747e-01 4.856030501432238577e-01 4.798968456485143141e-01 4.840101141478068136e-01 4.839047618190365219e-01 4.838699420877645152e-01 4.851242418970942993e-01 4.860733715400901711e-01 4.832637634264840831e-01 4.819867630223589328e-01 4.849966479785175477e-01 4.843989526764093667e-01 4.835036444923101473e-01
8.048406042471753508e-02 1.646915912042394570e-01 2.903161865916070172e-01 4.586397493459566932e-01 4.224531438731309319e-01 3.994899526020562752e-01 1.000000000000000000e+00 5.646182732090996303e-01 5.869515469607082814e-01 6.079056082235485547e-01 6.305697716775605643e-01 6.919774083307280721e-01 5.833026971464929655e-01 4.591408521183126257e-01 7.529619654421483288e-01 6.954489753271614338e-01 6.361733119155564831e-01 5.885842407950693245e-01 6.334520098714574443e-01 5.045237904496009396e-01 5.523815849718166637e-01 6.438875582444434365e-01 6.380691512693810186e-01 6.021476997904234851e-01 6.287110595722006368e-01 7.188635271160546125e-01 7.216629534463698814e-01 7.456280564230133301e-01 6.301734958646288964e-01 6.806187054645569390e-01 7.339517882093530288e-01 6.944842646964047850e-01 7.117458699171999026e-01 6.980491943699094204e-01 6.782878518033418347e-01 7.049156814342680821e-01 7.219467272199316943e-01 7.088665088020508209e-01 7.436104928497979660e-01 7.330286084830690552e-01 7.342583539200634446e-01 7.384055816155421503e-01 7.339221012446964787e-01 7.497164075420525986e-01 7.410249475500886307e-01 7.421390490333653611e-01 6.991235076049295838e-01 7.040314746172621208e-01 6.880405673926034416e-01 6.552259159426940816e-01 6.955527295598888937e-01 7.039145462665011843e-01 7.040044802523806045e-01 6.993266637549471199e-01 6.976960070030109318e-01 7.045498674725715338e-01 6.889565937726060962e-01 7.175836663476753419e-01 6.850473728692852982e-01 7.084113136005334432e-01 7.024380207707037194e-01 6.963499659493579408e-01 6.761312291652815665e-01 7.021103294540703699e-01 7.105046168484981939e-01 7.053101525421657803e-01 7.072731312715552221e-01 7.176437040581720161e-01 7.209560198893145699e-01 6.947257083657437660e-01 7.164562915459912196e-01 7.250686925495277713e-01 7.003898685817747660e-01 7.130663791384211914e-01 7.356614222097491718e-01 7.310608746206290753e-01 7.429058946790603191e-01 7.069140821278470099e-01 7.369389009101252608e-01 7.189340836178979011e-01 7.373620081433539530e-01 7.413794827267294885e-01 7.238356343121614689e-01 7.245093340947530436e-01 7.125976832274116823e-01 7.127723230634542828e-01 7.345154478906955609e-01 7.349007982573245723e-01 7.328025809005751512e-01 7.249656919798521670e-01 7.428070698309005016e-01 7.273858809197848441e-01 7.323141760912014187e-01 7.488414457328779195e-01 7.003741751991200415e-01 7.078713656643856877e-01 7.054578983072899989e-01 6.947094603510126642e-01 7.043614114058595055e-01 7.193046691496876033e-01 7.280730514451206892e-01 7.038673697519820527e-01 7.138854493527179157e-01 7.231871216491172483e-01 7.188333576086002319e-01 6.944947569337913684e-01 7.018216484005886935e-01 7.094219886370586314e-01 7.161499781231517314e-01 7.066382105641065836e-01 7.067829130272724747e-01 7.103127443783826545e-01 7.065861480336611544e-01 7.096247727359227264e-01 7.121326923982883583e-01 7.119670531708635064e-01
9.076215609182983202e-02 1.193763043786256056e-01 2.464722154538126209e-01 4.282002835572756849e-01 3.707761480059666992e-01 3.300083509614642474e-01 5.646182732090996303e-01 1.000000000000000000e+00 5.802290842844122221e-01 5.512867518968446179e-01 6.002303067480092569e-01 6.628484304290250817e-01 5.790746316278663208e-01 4.396973911328737605e-01 6.515592204878897231e-01 6.843075145468506815e-01 5.907586248147855823e-01 5.183967027587425003e-01 5.600548255621373706e-01 5.075757540279801638e-01 5.262241170014325675e-01 5.781467655312134690e-01 5.842657704550688891e-01 5.300351733904865581e-01 5.377370598318036432e-01 6.380096172912338437e-01 6.418706564366905010e-01 6.283865810043990363e-01 5.774025227960746243e-01 6.016902606579256352e-01 6.305632681750397150e-01 6.585962520312543811e-01 6.259897278321429059e-01 6.399716752478651349e-01 6.052907688309375756e-01 6.202351969571410217e-01 6.184594020494201816e-01 6.659817164050340077e-01 6.593717111024737232e-01 6.596840197799966887e-01 6.741243872085740385e-01 6.700797765838211184e-01 6.657328558042201472e-01 6.842653760259792550e-01 6.681220548805438808e-01 6.578232524267274561e-01 6.732565022423372403e-01 6.762542729138548703e-01 6.812746656960361191e-01 6.620394645803474587e-01 6.824295185247828410e-01 6.635051394171028738e-01 6.816344461613476069e-01 6.769194852529978323e-01 6.773626456105391602e-01 6.692042808585653146e-01 6.899830845935500667e-01 6.819739596138796323e-01 6.818828796051594754e-01 6.869733261569088700e-01 6.844208743024389197e-01 6.889269760203681203e-01 6.835065892008647115e-01 6.872911480335761603e-01 6.820562057909568265e-01 6.940319923722122475e-01 6.767423931016033345e-01 6.705105208999729838e-01 6.826713566008015821e-01 6.766881721146383866e-01 6.775857937524079055e-01 6.761381292565353807e-01 6.563277957224719072e-01 6.588515538713347608e-01 6.831438740187495418e-01 6.808702554767748216e-01 6.820848634670129140e-01 6.711665022203034958e-01 6.751817586979256269e-01 6.685858792106488258e-01 6.727515355224211735e-01 6.787911059287536908e-01 6.781278824109706616e-01 6.706571768063454009e-01 6.781643533665586698e-01 6.709254321333697479e-01 6.695782221955774993e-01 6.803146522134515539e-01 6.742675631220830246e-01 6.772655954545165891e-01 6.695873428287795193e-01 6.804744800142171757e-01 6.783894669188446080e-01 6.817548981261507546e-01 6.762667085120330768e-01 6.787436067686776209e-01 6.764010879334708681e-01 6.888217720107636666e-01 6.846079083111397123e-01 6.791835315610957879e-01 6.810082413675360158e-01 6.895349418730024604e-01 6.871628336230131140e-01 6.892542853766696620e-01 6.841604673860079977e-01 6.833136235513207479e-01 6.858147877734053210e-01 6.761323629204898378e-01 6.830832130459618678e-01 6.841214124612635672e-01 6.840974631201511835e-01 6.849810976448655886e-01 6.887380071729686248e-01 6.883007524807104316e-01 6.848579915178089061e-01 6.887152873739703640e-01
2.206020631448225022e-01 2.028212980841404001e-01 2.256008112269381749e-01 3.347766079675781326e-01 3.926919705503848501e-01 3.772082437845730718e-01 5.869515469607082814e-01 5.802290842844122221e-01 1.000000000000000000e+00 6.994336241552103761e-01 6.887328371535786919e-01 7.095916900315751841e-01 6.623488085414012128e-01 5.236038363727261169e-01 7.532888596073201715e-01 7.560420531338205574e-01 7.676341922240015325e-01 6.956137281207898093e-01 6.970289628676984428e-01 6.359293625146499318e-01 6.687116400269578209e-01 6.951614765164680909e-01 7.296714643173944914e-01 6.860133444592959595e-01 6.724736558722437252e-01 7.615014231432272185e-01 7.684694099879081364e-01 7.591060071165582901e-01 7.531165688788185042e-01 7.472036411374083364e-01 7.683618923376266396e-01 8.089259235293793093e-01 7.451417456497492209e-01 7.832858977331113026e-01 7.515451319143822140e-01 7.530007390404900303e-01 7.679265508561511355e-01 7.981741396739989725e-01 7.928107177182162069e-01 7.441889137231999518e-01 8.030296984355956846e-01 7.885493280396526083e-01 7.226741252911509372e-01 7.953427955958505269e-01 7.790785283504785275e-01 7.831541439629613466e-01 8.085714620459071300e-01 8.244613654077188603e-01 8.189562365129744448e-01 7.684795360513470008e-01 8.061468738386773358e-01 7.325846573239302995e-01 7.731231638088364999e-01 8.396253016830168558e-01 8.231189682847356304e-01 8.168902412598894047e-01 8.295445780830923432e-01 8.025293040878537232e-01 8.089010030081688063e-01 8.323601233143804734e-01 7.990992589844381211e-01 8.316148388622257581e-01 8.186025089187229931e-01 8.292044324472799266e-01 8.310574143138006464e-01 8.330707746588847940e-01 8.261312564753146015e-01 8.250329595087839696e-01 8.237815597664113199e-01 8.228682545623634548e-01 8.173409365807587923e-01 8.112661723531066071e-01 8.114438157345928992e-01 8.062290391933184530e-01 8.155486831742722043e-01 8.160800040165410163e-01 8.137644389923033295e-01 8.255882143586504851e-01 8.062703581456631685e-01 8.162747545965637341e-01 8.147763044250336817e-01 8.168700740692349527e-01 8.183521192922413867e-01 8.151114070900995490e-01 7.978950879126751605e-01 8.093651982242008325e-01 8.068379761111542647e-01 8.014699583402636884e-01 8.065834577828032703e-01 7.942361243472958465e-01 7.809592621382701605e-01 8.015040688065763197e-01 8.035488809250117548e-01 8.049653688214172265e-01 8.094499331903988182e-01 8.150338048378316103e-01 7.660783612042542101e-01 8.043993672135699713e-01 8.042696732230303347e-01 7.968889321471875897e-01 7.858097727642705532e-01 7.994639338148158414e-01 7.981041906445025536e-01 8.101095748759301607e-01 8.021641432886925660e-01 8.097224619299252524e-01 8.225879968754862270e-01 8.181750533298419725e-01 8.159305001388270639e-01 8.163489945677279147e-01 8.021651497434010292e-01 8.237249440550133972e-01 8.202147769406963329e-01 8.232693044464930443e-01 8.277740106180390134e-01 8.180578311181133655e-01
1.015011254666457058e-01 1.897686998664151747e-01 2.027583126681351267e-01 3.720742765302477717e-01 3.704412223505731960e-01 3.698145054145083321e-01 6.079056082235485547e-01 5.512867518968446179e-01 6.994336241552103761e-01 1.000000000000000000e+00 6.542493216348249652e-01 6.907007861736387255e-01 6.441678425348927872e-01 5.270333896993468770e-01 7.418426215137998714e-01 7.236471003261739643e-01 6.928916372604408958e-01 6.167783323395414907e-01 6.307249626284329169e-01 5.371982780548442138e-01 5.644596449352823342e-01 6.283073498087821118e-01 6.673835540260321109e-01 6.123503226057244175e-01 6.138234488299317837e-01 7.052833777660164616e-01 7.211396182966197665e-01 7.281123424976015945e-01 6.856649848486606746e-01 7.046287652907751164e-01 7.339110197759721732e-01 7.523265049405944982e-01 7.175777586394302965e-01 7.294827663310854415e-01 7.093364488971074522e-01 7.281647781498570282e-01 7.437353899963614623e-01 7.651471981282147450e-01 7.708619869530365376e-01 7.335908706442647587e-01 7.739828980148301119e-01 7.755307993294350277e-01 7.223981703816437783e-01 7.708877569361564097e-01 7.490817309219315323e-01 7.679466013573363892e-01 7.797163968907329101e-01 7.881441132132427363e-01 7.742463560989564231e-01 7.174667889638591811e-01 7.639013185022148766e-01 7.030314295025332783e-01 7.340600836753595759e-01 7.809827132071609501e-01 7.653297697374473740e-01 7.691524594643683876e-01 7.592178652192129729e-01 7.784919381940580418e-01 7.681664053628365352e-01 7.902799035447620746e-01 7.678212655371646767e-01 7.823125729837057118e-01 7.663264132176181853e-01 7.768333725037419590e-01 7.690640626381201050e-01 7.708077327840431314e-01 7.855553329850329947e-01 7.807503527443653280e-01 7.801439261091139832e-01 7.623740460894850024e-01 7.601036060569148489e-01 7.676578181644265753e-01 7.610741647076678662e-01 7.633099789353121611e-01 7.784935578631964059e-01 7.837771806536028008e-01 7.896533784578663173e-01 7.819853183994173174e-01 7.785853554672380605e-01 7.786038756727557963e-01 7.860766196062718425e-01 7.875192943755059405e-01 7.842329293811731716e-01 7.843958573466630613e-01 7.664775710094442474e-01 7.737129375350100258e-01 7.848750474299288626e-01 7.864596966135716238e-01 7.874576265888736382e-01 7.722961733345385937e-01 7.740313397671553242e-01 7.843442780388627522e-01 7.797147490754581245e-01 7.871609686194871447e-01 7.827952732387185586e-01 7.856450030177080102e-01 7.479440509483613608e-01 7.612608779629725930e-01 7.727807947048286330e-01 7.784152737731215854e-01 7.717093189789691055e-01 7.667934012783439446e-01 7.657871028630330867e-01 7.800979256640373505e-01 7.696511525578775270e-01 7.682232568617950452e-01 7.815130607041413935e-01 7.835444618110600778e-01 7.809422706842483741e-01 7.849770292947488848e-01 7.750606236743925459e-01 7.872529982376467173e-01 7.836636859342073214e-01 7.849213637158096724e-01 7.781567940533886674e-01 7.784350073367672929e-01
2.906318018306481427e-02 1.291482224444867877e-01 2.828520565253471730e-01 4.473340957377657245e-01 3.803865804245898929e-01 4.203509239968264422e-01 6.305697716775605643e-01 6.002303067480092569e-01 6.887328371535786919e-01 6.542493216348249652e-01 1.000000000000000000e+00 7.936095361113909563e-01 6.934553338766034081e-01 5.724152612671313811e-01 7.946549138594143358e-01 7.621663273274000838e-01 7.214944806457347370e-01 6.511094501565253267e-01 6.797875858275679306e-01 5.950820947438636432e-01 6.237859520436260796e-01 6.951531220931692623e-01 7.020383420401027363e-01 6.687940548617135050e-01 6.790229284175297586e-01 7.559130255985245794e-01 7.767470383226885433e-01 7.684333148963027327e-01 6.969280755660199889e-01 7.338020138973674333e-01 7.690025727121201360e-01 7.973059734435233858e-01 7.590969053762305352e-01 7.854651144868218804e-01 7.431146627500803126e-01 7.813069579948290766e-01 7.757361478180555547e-01 7.899788121715891620e-01 8.006319223576782163e-01 7.998861708098127243e-01 8.299675747661675596e-01 8.213006105885076735e-01 7.912723089168243185e-01 8.148796136195255446e-01 8.219255426391763875e-01 8.008726565985055945e-01 8.309712492535065165e-01 8.377343948208811897e-01 8.220004316134544853e-01 7.851465930459158304e-01 8.086498415420141361e-01 7.954014605143332473e-01 8.104637996680479350e-01 8.302832382814178125e-01 8.235051977372365162e-01 8.123490148381539155e-01 8.235805825365791755e-01 8.273104926091633393e-01 8.240671848082460338e-01 8.311308222207933749e-01 8.299009648282518192e-01 8.202191799005218442e-01 8.070037221084441770e-01 8.126257713809741379e-01 8.273045485232692897e-01 8.314483406473160976e-01 8.376565641312201382e-01 8.277002896261648202e-01 8.328918346823278585e-01 8.175421776798978968e-01 8.254458131726992720e-01 8.317979971783693305e-01 8.172326884718316142e-01 8.256765866670714438e-01 8.373833408410076284e-01 8.406006909273575634e-01 8.333615945624277543e-01 8.196491861715856642e-01 8.263510332821831783e-01 8.224229846674886435e-01 8.327311347471053615e-01 8.336679179875167156e-01 8.365935522843723771e-01 8.311484974207216103e-01 8.350740039932385006e-01 8.345284181514719402e-01 8.352489841605394982e-01 8.369849569561897962e-01 8.347448259372610702e-01 8.337295465489890089e-01 8.349475845669287466e-01 8.381006078540503834e-01 8.412876837315739209e-01 8.392589563031407351e-01 8.375550475218351831e-01 8.398650612501193935e-01 8.216079602358100642e-01 8.299501854433970482e-01 8.347281279040794644e-01 8.378644797949389433e-01 8.327344276556877256e-01 8.306277455635240337e-01 8.318249012780647433e-01 8.374839374023301808e-01 8.408018030527035780e-01 8.295225672048117671e-01 8.354281436613953948e-01 8.398329878028860662e-01 8.389396934445952914e-01 8.367897592828945630e-01 8.364254994621463934e-01 8.379604080910870723e-01 8.332767565825975886e-01 8.346625231804337686e-01 8.355639422442997510e-01 8.389521632470050561e-01
1.841144605665385320e-03 1.111817642726116856e-01 3.280690583026364404e-01 5.590921180072020436e-01 4.260277328678150899e-01 4.472391665986778508e-01 6.919774083307280721e-01 6.628484304290250817e-01 7.095916900315751841e-01 6.907007861736387255e-01 7.936095361113909563e-01 1.000000000000000000e+00 7.624064003278501200e-01 6.014700191830321119e-01 8.577634038527699456e-01 8.358358082132509859e-01 7.467660465989811591e-01 6.323481123689566052e-01 6.765564205646322771e-01 6.006155148210207129e-01 6.105877716146391743e-01 7.063048867961421173e-01 7.136660439018297497e-01 6.494815721854447776e-01 6.791426048408236715e-01 8.013428737522485523e-01 8.140895555470406553e-01 7.961655689783769807e-01 7.065297689335389153e-01 7.509693108876468459e-01 7.949874242603098828e-01 8.236844532171021527e-01 7.827531057254953906e-01 8.060459121511076575e-01 7.656312593490319784e-01 8.151779713212202738e-01 7.996028742435201675e-01 8.363176247349490833e-01 8.440120129407936433e-01 8.519984696072692154e-01 8.853546720299091399e-01 8.784534236995662493e-01 8.678731526082982262e-01 8.835265269994049264e-01 8.693055440415848878e-01 8.506415405823869458e-01 8.888657532447802323e-01 8.873939256250290564e-01 8.784131946139038805e-01 8.436085307338465622e-01 8.663255924992427914e-01 8.765056610419641459e-01 8.845717011608862368e-01 8.760278922653944589e-01 8.655146159048578980e-01 8.535535972730118326e-01 8.760118271522008282e-01 8.888661718637544951e-01 8.759761911099943621e-01 8.910086229054339224e-01 8.958664385011743114e-01 8.779371730075693492e-01 8.682035904985374586e-01 8.826072245422138529e-01 8.751431087125171038e-01 8.881694285395024258e-01 8.857642199589300658e-01 8.659802398852480820e-01 8.766143256828614616e-01 8.580957999100436995e-01 8.609371739407220003e-01 8.726178722370964147e-01 8.463845239087622874e-01 8.592644230998737198e-01 8.975509098167596678e-01 8.898407720033101320e-01 8.848485396950388493e-01 8.603123669359428183e-01 8.796167422259133506e-01 8.675206893530567065e-01 8.759354298191934785e-01 8.801221914633075016e-01 8.838116431618419089e-01 8.712473981441616333e-01 8.832661964283818889e-01 8.770592669450800738e-01 8.800336734334461841e-01 8.868745451977703143e-01 8.858045245729998518e-01 8.847049471850323421e-01 8.901393560140882233e-01 8.954937730069827406e-01 8.965923837597337132e-01 8.939475911222644067e-01 8.927342501232806704e-01 8.927893037980652036e-01 8.887746363782571546e-01 8.950905237044735063e-01 8.977825724259242968e-01 8.930460887771287659e-01 9.001190627598126826e-01 8.961303288197671746e-01 9.006663124246943042e-01 9.001507386157306945e-01 9.010590113165518611e-01 8.877752118207538068e-01 8.923771870704586551e-01 8.895276036945406473e-01 8.914725563994246871e-01 8.944516276161085244e-01 8.932542831819163531e-01 8.974104248667332806e-01 8.911112698772866159e-01 8.934713114300564252e-01 8.923971282422402673e-01 8.986881053587227886e-01
-1.844291668044972105e-02 8.769884912373272778e-02 2.594279465849023691e-01 4.443283093326997335e-01 3.872704502264046056e-01 4.049113289106443525e-01 5.833026971464929655e-01 5.790746316278663208e-01 6.623488085414012128e-01 6.441678425348927872e-01 6.934553338766034081e-01 7.624064003278501200e-01 1.000000000000000000e+00 5.844013812967060462e-01 7.752961098079024227e-01 7.669259047668267604e-01 6.647612373719810064e-01 5.704778160369307072e-01 5.808394458458958631e-01 5.536984960521362797e-01 5.351096061236900736e-01 6.077005481505317608e-01 6.332055491332239106e-01 5.855263430765489385e-01 5.711041845106188397e-01 6.699726218967985147e-01 6.924080115739567054e-01 6.818775660511110503e-01 6.187352704216061428e-01 6.479429145648737398e-01 6.816155603507397798e-01 7.485698148503193705e-01 6.784847089845117418e-01 7.309831566106459455e-01 6.686276888455691125e-01 7.107851244912303246e-01 6.964010107908573666e-01 7.549775450071565253e-01 7.507205607260215574e-01 7.509769270262279806e-01 7.937237364477989221e-01 7.881451364289799866e-01 7.719392176798616223e-01 7.829720602657405104e-01 7.683997210867170580e-01 7.519127648818532128e-01 8.207297881760566849e-01 8.148442371008575158e-01 8.124824366651629548e-01 7.720073016679700473e-01 7.824846064966830550e-01 7.748744896016386274e-01 7.967173306134113231e-01 8.006134574367839152e-01 7.900777683331871026e-01 7.642296364868700342e-01 8.010229227903451488e-01 8.065199436566717894e-01 8.038600971126639294e-01 8.173243518236318339e-01 8.221106458003772932e-01 8.061565490968678471e-01 7.986958081094592821e-01 8.024974097122746786e-01 7.952711095192278590e-01 7.983840800109364144e-01 8.120950522832174334e-01 7.913713004428002407e-01 8.005345156492582603e-01 7.897686840641999773e-01 7.767256310499561778e-01 7.843335886041467031e-01 7.827988932799850863e-01 7.778589890356339964e-01 8.050817818952881177e-01 8.059551414887787812e-01 7.964888648206063237e-01 7.800326532779952027e-01 7.937016518785716679e-01 7.873429493567503101e-01 7.897365491913940216e-01 7.897151443070788979e-01 8.008731373638030560e-01 7.898363949402538164e-01 8.041856595488676707e-01 8.067946074065157624e-01 7.948686965255052916e-01 8.079563554103464940e-01 8.076519411282198080e-01 8.015123935320094262e-01 8.040052744379851957e-01 8.175290118038379683e-01 8.147656555298081749e-01 8.041185612566956742e-01 8.264064550368072082e-01 8.227551745323723464e-01 8.104237365515080116e-01 8.193164689208474183e-01 8.245909482895348308e-01 8.135060213442948385e-01 8.202479205044705957e-01 8.214030632526834186e-01 8.236650214243245172e-01 8.204859896615497306e-01 8.184182747771022726e-01 8.140932686050530442e-01 8.230206370732121579e-01 8.178604552139352446e-01 8.115709578230094756e-01 8.248344037850506849e-01 8.199580457264420419e-01 8.251582271625504950e-01 8.192508251170863565e-01 8.187379354316602909e-01 8.136115364313154519e-01 8.197993883032351770e-01
