1.000000000000000000e+00 1.238684761105538906e-01 3.114523357161395195e-02 6.261838294231729385e-02 4.174013249934039466e-02 2.171011664994952368e-03 -1.408910672691173274e-02 1.738241765627145455e-02 1.126179028949685912e-01 6.236145571853257685e-02 3.745687392514821662e-02 2.597503164779669388e-02 2.869627555593557561e-02 -4.080927066023068775e-03 -1.676895595478001405e-02 2.656953576231968917e-03 9.724859068667561501e-02 -7.965919847700163314e-02 -5.791483993034957783e-02 -5.480664830308650676e-02 -3.013282778869779202e-02 -3.737417263577979404e-02 -3.059373580109843102e-02 -1.203520732384197739e-01 -1.229756282491764885e-01 3.250955984028356532e-02 4.556501248826971134e-02 -8.201901069208209633e-03 1.731385428567561516e-02 3.939895637640258852e-02 3.340413310483367898e-02 -1.595605357493609655e-02 1.143734002070414570e-02 -5.339044521296061607e-02 -1.001692750372021844e-02 -4.630232402090993932e-03 -1.224294398138467757e-02 -1.736702641059259186e-02 -1.939079441435746787e-02 -4.421368538975089385e-02 4.685472133500975453e-03 -2.124220487302151683e-02 -1.873293408098611681e-02 -2.873871616704246762e-03 -1.375878743897295323e-02 -1.517103224673071148e-02 1.342439517711465323e-02 2.069937499748765800e-02 3.496845233256080238e-02 1.262033739920223607e-02 7.156761774886965556e-03 -9.056967640356192520e-03 1.045454729143940192e-02 4.355226425129734430e-02 2.352019775541329405e-02 9.215637874564716267e-03 5.968593279081717273e-02 9.254554536131583478e-03 2.989416021602913850e-02 4.384138199502930766e-02 2.174627162794035007e-02 3.712577285466571453e-02 1.925287568762286058e-02 4.292309573385659494e-02 4.935473919116691033e-02 4.622583207380651094e-02 1.094922846534781939e-02 -2.230241117268567247e-02 -1.912200987476022837e-02 -1.712412418309095311e-02 -2.606232529280185992e-02 -1.405451150018381321e-02 -3.891760684044474894e-02 -5.285434604577701756e-02 1.227749735879766699e-02 9.550909798738798848e-03 -5.881570058592635979e-03 1.092266198196330598e-02 -1.641872755361683048e-02 2.179818088221447195e-02 -5.770835486238040483e-03 1.325056638028117469e-02 7.970201352045503534e-03 2.994666713677195027e-03 -2.049324370135188408e-02 -2.478797730416603881e-02 -9.883503412352676390e-03 -2.158637748358740310e-02 -1.298918103924746881e-02 3.371161123614433482e-03 -2.521425417657649840e-02 -6.544551365584775141e-03 -1.635741634550346227e-02 -1.278737995087539207e-02 4.692268342155117046e-03 1.189197013238114074e-02 -1.070711628106306088e-02 3.174203852011674154e-02 6.166347067825191618e-03 -1.104330868720810113e-02 -1.399484804426506107e-02 1.095878502985566348e-02 9.607923679624172028e-03 4.438939300319446647e-03 -1.670454126734067721e-03 3.421160004694093898e-02 1.641601498997138225e-02 1.297520254903434568e-02 7.483956049851210775e-03 1.427286935042219006e-02 8.164495006513769471e-03 2.467853807509406278e-02 2.330442673505824652e-02 2.264795394138828868e-02 2.219520242071493232e-02 2.540473811685022010e-02
1.238684761105538906e-01 1.000000000000000000e+00 1.092464660405646215e-01 1.101464429953028512e-01 9.580557683222483412e-02 8.179325123674280329e-02 1.331778402185660182e-01 1.281849309693212646e-01 1.847639049893772534e-01 1.723529229019664377e-01 1.714789943859832688e-01 1.557668462134201293e-01 1.566637816957262563e-01 1.193649697056822639e-01 1.460438160317989176e-01 1.595685248140893131e-01 1.931473594645397307e-01 9.047267719890883519e-02 9.467074798165903138e-02 1.172938456026792198e-01 9.103793323213732469e-02 8.973380538944014662e-02 1.187770587901168379e-01 4.344231731452304762e-02 2.769525451833140459e-02 1.664616694469497060e-01 1.609522771248099449e-01 1.419322322728232277e-01 1.546472383054001698e-01 1.751965437180398877e-01 1.683303854623544871e-01 1.478170222534720135e-01 1.537664287070152624e-01 9.485209008718768764e-02 1.334618007351404956e-01 1.150465561349163779e-01 1.346522131977062053e-01 1.503144061059928371e-01 1.325677683970024612e-01 1.218645249965051303e-01 1.603419653975872439e-01 1.319471756936919371e-01 1.157520365644124083e-01 1.403129287085844723e-01 1.332987524479209152e-01 1.395831386383293293e-01 1.617636596838374352e-01 1.677739044153266079e-01 1.704711587541686002e-01 1.519221366105771576e-01 1.594062179313762151e-01 1.178769410086428354e-01 1.551365983050443931e-01 1.803865366884147559e-01 1.655476645373933908e-01 1.535023582835214062e-01 1.793587541215608816e-01 1.543629640442134854e-01 1.695126414060039444e-01 1.783059456976136825e-01 1.652577804154928554e-01 1.727636141046292317e-01 1.582939852320205676e-01 1.763375361281173948e-01 1.737995073679633740e-01 1.815262226148817437e-01 1.626951914218265349e-01 1.380622317614802474e-01 1.484036179987466286e-01 1.466796961175630687e-01 1.300354100302950622e-01 1.344239708932555288e-01 1.224504101687433205e-01 1.153499644476003033e-01 1.610221842868404252e-01 1.620797265439605506e-01 1.507505838325660652e-01 1.622560448859049209e-01 1.462007702882888449e-01 1.612825268983207883e-01 1.486826226453244471e-01 1.630144204626639837e-01 1.599711865955860401e-01 1.584210511881516403e-01 1.341814308126033639e-01 1.313391697986845685e-01 1.433770583578586610e-01 1.393452162470418809e-01 1.420942365790292816e-01 1.594247979213971045e-01 1.384917823997617869e-01 1.479555733640078308e-01 1.442723992000332633e-01 1.453112089746658731e-01 1.619136664573528339e-01 1.618537566894584501e-01 1.383656812772363631e-01 1.652103973196880626e-01 1.607917156912987144e-01 1.458874783648498874e-01 1.389930747397238042e-01 1.629085139641247293e-01 1.532172729879880957e-01 1.504752242529796280e-01 1.455936362311134047e-01 1.710238193087335601e-01 1.668569567725612102e-01 1.673400859925474882e-01 1.610444810335227017e-01 1.630897777348026545e-01 1.605078143335566532e-01 1.668771398003204287e-01 1.693576907978354140e-01 1.651610900095577816e-01 1.648403534661120329e-01 1.699940018824880883e-01
3.114523357161395195e-02 1.092464660405646215e-01 1.000000000000000000e+00 2.949623367969410603e-01 1.717404373192767120e-01 1.990137429259304092e-01 2.588931287225291755e-01 2.720650727374340216e-01 3.105610404280753634e-01 2.719926429927608247e-01 3.139283651916707218e-01 3.272890256228592198e-01 2.832006488915697617e-01 3.056140045354991397e-01 3.216861604173445466e-01 3.177897479270092029e-01 3.309939828973342824e-01 3.195108744556254821e-01 3.215706127614404997e-01 3.007599930765868512e-01 2.905353045317556338e-01 3.242042044008615065e-01 3.527317009645036805e-01 3.012620124813572553e-01 3.064138642143797719e-01 3.499867296973281916e-01 3.435199256041508997e-01 3.583885773999824775e-01 3.595511262281327336e-01 3.667118262673617624e-01 3.612668213544305562e-01 3.457801720877304863e-01 3.503308183504763584e-01 3.345604363630850231e-01 3.374166639438820892e-01 3.388312757169049116e-01 3.604875341056038573e-01 3.390695127430090050e-01 3.433268513861004179e-01 3.487555187653220701e-01 3.427761885606142589e-01 3.456965094067216970e-01 3.487176302277162909e-01 3.456814047474167650e-01 3.470595546486794913e-01 3.519641927258391756e-01 3.423359953477149720e-01 3.404466564876020285e-01 3.405071652154438300e-01 3.347635190709796760e-01 3.416968197345656710e-01 3.415073528975466344e-01 3.409540789723912169e-01 3.309326385953579308e-01 3.316490458266038166e-01 3.387858109183177202e-01 3.276123472791706015e-01 3.364753249868762675e-01 3.248871299905050081e-01 3.382268897527526130e-01 3.371467529752343317e-01 3.245663555152021318e-01 3.284414845472182209e-01 3.348480272309347638e-01 3.406704788848493592e-01 3.387041605952206269e-01 3.413813715409381722e-01 3.466129123431551107e-01 3.540342649558954058e-01 3.492577979545803402e-01 3.436125630267725106e-01 3.469883111507534590e-01 3.464347790674506267e-01 3.495905461671096615e-01 3.490099080360585804e-01 3.504620521063589456e-01 3.501695415631806418e-01 3.528861302536824840e-01 3.485816937748978384e-01 3.484938661572256069e-01 3.538950404162565233e-01 3.504873301442495426e-01 3.540408099064133451e-01 3.461546409604198127e-01 3.467513518389591098e-01 3.476998665507895492e-01 3.519049548281565909e-01 3.440973786998543504e-01 3.460944996688446462e-01 3.484206770132952102e-01 3.521564244661540277e-01 3.444678439190532737e-01 3.482652476448989676e-01 3.468152485783754790e-01 3.431165538306175100e-01 3.417455032252579294e-01 3.514347749327937920e-01 3.427237613837919028e-01 3.428864253487809433e-01 3.458713451040311693e-01 3.495626367741027640e-01 3.436893040612675754e-01 3.416877725508511432e-01 3.412753722902092668e-01 3.507737228661640949e-01 3.418866320485957622e-01 3.430186312543312410e-01 3.427146987888802787e-01 3.446130376460553868e-01 3.424412699761576473e-01 3.433131453457469173e-01 3.399037447265103040e-01 3.381200323507875249e-01 3.449118809134195662e-01 3.447179638675199054e-01 3.395838108122845034e-01
6.261838294231729385e-02 1.101464429953028512e-01 2.949623367969410603e-01 1.000000000000000000e+00 3.357591474535149834e-01 3.909567093314788022e-01 5.152681259528685276e-01 5.150796525300604944e-01 5.195170082862927696e-01 4.869741334700485869e-01 5.571031887214161760e-01 6.229180692771655314e-01 5.272747272324962431e-01 5.183050318257275135e-01 5.812172134699140624e-01 5.893531658406094831e-01 5.385604981745810704e-01 5.245309914359616021e-01 5.340488908046123750e-01 4.539134099933898048e-01 5.272664397983896079e-01 5.617056936121975763e-01 5.537874367920797569e-01 5.116375582067480554e-01 5.231634393981829945e-01 5.798290787467094143e-01 5.630598007677202199e-01 5.744504790867850375e-01 6.025078664455831845e-01 6.111386055825148711e-01 6.161313561384088588e-01 5.974672149816440125e-01 5.902148548132963857e-01 6.029259212668217627e-01 5.926558074577149560e-01 6.160609090031832213e-01 6.132511502253650271e-01 6.017437771441783712e-01 6.113278340996121107e-01 5.797680274961543034e-01 5.905318261999916718e-01 5.943086270191753062e-01 6.091039124303698760e-01 6.012069407577210756e-01 6.020498152403629399e-01 6.002297118105881513e-01 5.792065807437897229e-01 5.831070085296142791e-01 5.919845747306322625e-01 6.021505249034323493e-01 6.022150473863082665e-01 6.101275367452081433e-01 5.912082464639926149e-01 5.807110843019780422e-01 5.763471071914411104e-01 5.940638432452748363e-01 5.818855572659626940e-01 5.812377546904915482e-01 5.710593948710808165e-01 5.906778566999748570e-01 5.922394526574646934e-01 5.768430743784148662e-01 5.741298667318701643e-01 5.952221242803483747e-01 5.901885632020734684e-01 5.931462432641112503e-01 5.873620473147770360e-01 5.854786618735039472e-01 5.934627506366358940e-01 5.919587289739014491e-01 5.961606673781293386e-01 5.925010239439182369e-01 5.860308094304572668e-01 5.904409120235175612e-01 5.963711764595609477e-01 5.929537894768360795e-01 5.946941856797735015e-01 5.961015647367926551e-01 5.918112859926885072e-01 6.013408615998916407e-01 6.011721774355769377e-01 6.030214420508175355e-01 6.040186176819060115e-01 5.947085710795242397e-01 5.998478982609728449e-01 6.014722592222153663e-01 6.066337295078119141e-01 5.967538448649569727e-01 5.978388126902918209e-01 6.014574745196296091e-01 5.982674696600026598e-01 5.923464707060108747e-01 5.993738207314742716e-01 5.989944955946732152e-01 5.881549605000375713e-01 5.887421664405970700e-01 6.049399964763138016e-01 5.957617717988502593e-01 5.945495507646969546e-01 5.984260805548180517e-01 6.038857066343459312e-01 5.978706659809115420e-01 5.900349741166516226e-01 5.974238827004648700e-01 6.021468452248468495e-01 5.902290123919792242e-01 5.939760696572954357e-01 5.922375657461173004e-01 5.963910809622638975e-01 5.916649601398856761e-01 5.878694255775549493e-01 5.899119554970166934e-01 5.923556817432675814e-01 6.016949286653495710e-01 5.951904195067715397e-01 5.938570399389485610e-01
4.174013249934039466e-02 9.580557683222483412e-02 1.717404373192767120e-01 3.357591474535149834e-01 1.000000000000000000e+00 3.441538713148299400e-01 4.490872774605392803e-01 4.530151792462470683e-01 4.267634998761077325e-01 4.119582942878246001e-01 4.416835715173810240e-01 4.856146419128747338e-01 4.549202039790656293e-01 4.283948568602673479e-01 4.879781881636569008e-01 4.904368422428338481e-01 4.223089822063210708e-01 4.043277776812609914e-01 4.097091759429200009e-01 3.721788529545775881e-01 4.041899644637028666e-01 4.192321027332467365e-01 4.104078814083759741e-01 3.620195677790106759e-01 3.690884279495799669e-01 4.731568505232059407e-01 4.547750440422588802e-01 4.491889057972118793e-01 4.620402413341231362e-01 4.717037757282755983e-01 4.902841347087361079e-01 4.673258584330982623e-01 4.475122120261493253e-01 4.453588769547858761e-01 4.607423124067053233e-01 4.497875035796400356e-01 4.689063954602147866e-01 4.613366738344818474e-01 4.786905930328266834e-01 4.352249934829837130e-01 4.770266999488906867e-01 4.810191957411870112e-01 4.849792563392855693e-01 4.864593134355734705e-01 4.752215727076447571e-01 4.859270816993583320e-01 4.794819331637453774e-01 4.809872125750810357e-01 4.853879673738648592e-01 4.623044442651815800e-01 4.781245741975494457e-01 4.742403888318235672e-01 4.872161948994642167e-01 4.854549435912709487e-01 4.711124599622144027e-01 4.727867335738883958e-01 4.768010028699405378e-01 4.750811729549499485e-01 4.672718184150725373e-01 4.931616247326989222e-01 4.903616459199031108e-01 4.803121801589729234e-01 4.694255741233349655e-01 4.916416513569573654e-01 4.797358953797014047e-01 4.903765545514726099e-01 4.808608911584826839e-01 4.729248884010388565e-01 4.732963275741502995e-01 4.810325222133901568e-01 4.787225340790604022e-01 4.764023112178780717e-01 4.657710775482258869e-01 4.664088740184904047e-01 4.877749353868110482e-01 4.774084299161917011e-01 4.820560706238075643e-01 4.839431767702164211e-01 4.796174151704366562e-01 4.859304861589860969e-01 4.797235654153232942e-01 4.876364048266123019e-01 4.800090357084254578e-01 4.817200045286949561e-01 4.735816347584156927e-01 4.753535282257503880e-01 4.813106677346629114e-01 4.784897040414313740e-01 4.838932199819632185e-01 4.845092812514347203e-01 4.715931756512071749e-01 4.836889951427671419e-01 4.839608667278905707e-01 4.849913538033348570e-01 4.868515857472193176e-01 4.863712977255574832e-01 4.802866966697876272e-01 4.855524913162685419e-01 4.933639910204100087e-01 4.802787186687466625e-01 4.919296577619968747e-01 4.845665387472180008e-01 4.924689259526099372e-01 4.924827351000901077e-01 4.849279569905970422e-01 4.855935155039014517e-01 4.908476596059160868e-01 4.864692006562481574e-01 4.873798134524475190e-01 4.871516516462822133e-01 4.769561226335502502e-01 4.908920964495120942e-01 4.867032546392762171e-01 4.928669962656809234e-01 4.830140025375334600e-01 4.900864956283210727e-01
2.171011664994952368e-03 8.179325123674280329e-02 1.990137429259304092e-01 3.909567093314788022e-01 3.441538713148299400e-01 1.000000000000000000e+00 5.283464671166318016e-01 4.680349923599404494e-01 5.091585582843318747e-01 4.820859600370751008e-01 5.297454226377245057e-01 5.786690911195153664e-01 5.217313238654676111e-01 5.275652814730020790e-01 5.868264193569123766e-01 5.731604353413467523e-01 5.153088803986617394e-01 5.292289122648315969e-01 5.483341163428694376e-01 4.378932123760413964e-01 4.800210902258054690e-01 5.443438938168635444e-01 5.309104868210117179e-01 4.980987209150996020e-01 5.088738165082179465e-01 5.622987220332471558e-01 5.523769621875413982e-01 5.704701541620965655e-01 5.526828347859930046e-01 5.605526299705875237e-01 5.810252653084921892e-01 5.742373774378979334e-01 5.447081570690952557e-01 5.625932288057258202e-01 5.674689891260160657e-01 5.447042140103505181e-01 5.654549550292801152e-01 5.584800016189319649e-01 5.859257399617705531e-01 5.659370514636633542e-01 5.894279035024863056e-01 5.919989709914906806e-01 5.831107155217754023e-01 5.943464341947438667e-01 5.926825377341317092e-01 5.929199733488587087e-01 5.921646580696603435e-01 5.892627429864717437e-01 5.830499534437469933e-01 5.580446920188257831e-01 5.798083952569841326e-01 5.707572413849618664e-01 5.844017921286646100e-01 5.808819642618326951e-01 5.731114833760613259e-01 5.869096331356618013e-01 5.662292471888052958e-01 5.855304879263379947e-01 5.766944342410255109e-01 5.886200745262578637e-01 5.872077116476848158e-01 5.792184614349010774e-01 5.787407212667444734e-01 5.773556106342278005e-01 5.772314424023760049e-01 5.826716812954001457e-01 5.911836457802811529e-01 5.964342259812908109e-01 5.961068866093943708e-01 5.890498689824985590e-01 5.955438817492829662e-01 5.953248940544659806e-01 5.939444794776402858e-01 5.945928547787262541e-01 5.953050825226944287e-01 5.918247973922530214e-01 5.973835713839503736e-01 5.910237775405297045e-01 5.955155197937227474e-01 5.936385086772901776e-01 5.956293346857173265e-01 5.949833213297701651e-01 5.978262172257025053e-01 5.899740950204501733e-01 5.911297402335390361e-01 5.987392297719771328e-01 5.972914278621693773e-01 5.959823238580743698e-01 6.020639035372291614e-01 5.961854353044865329e-01 5.992045471211283614e-01 6.000622791565369818e-01 5.999904310444359457e-01 6.002694397603759446e-01 5.939144543070151716e-01 5.963544439380256135e-01 5.960179605738828990e-01 5.814771145951757036e-01 5.958534921869306222e-01 5.944686316791549796e-01 6.025811784934568260e-01 5.922395259547975632e-01 5.920826272644954535e-01 5.983424575814918489e-01 5.983308470307181492e-01 5.885213227007245473e-01 5.937511712905301220e-01 5.954721533272324674e-01 6.008079631571735524e-01 5.930326880803284961e-01 5.958127684492011689e-01 5.948794511049994016e-01 5.950214417072443585e-01 5.931449962606242243e-01 5.899771574712799893e-01 5.927937608997119190e-01
-1.408910672691173274e-02 1.331778402185660182e-01 2.588931287225291755e-01 5.152681259528685276e-01 4.490872774605392803e-01 5.283464671166318016e-01 1.000000000000000000e+00 7.135767041597005367e-01 6.762215656948260545e-01 6.658821265047479843e-01 7.086929069336540543e-01 7.843712718356176117e-01 7.080633456222112931e-01 7.229589450414989349e-01 8.360979449866210444e-01 8.039711518012447877e-01 7.126578326090662330e-01 6.846063793787039442e-01 7.296957788563095404e-01 6.051259272575604253e-01 6.730740046819988498e-01 7.436337386814073636e-01 6.900530813184811985e-01 6.413393590492290075e-01 6.799971845235540657e-01 7.638250443785262744e-01 7.415582881632325485e-01 7.736132070325830723e-01 7.598025512305222051e-01 7.497016678168434423e-01 7.782996868917938516e-01 7.896371319923581877e-01 7.514749721548859007e-01 7.668431185617824442e-01 7.666478805042662437e-01 7.563814853218729928e-01 7.686287778702856066e-01 7.955386348512019090e-01 8.024563640381769947e-01 7.857701352826594876e-01 8.036041601234884535e-01 8.124273469876549525e-01 7.975734849926681136e-01 8.180678929281794964e-01 8.035154431178465062e-01 8.111862157673782603e-01 8.070266334548592546e-01 8.010589071085209012e-01 8.011854569843815943e-01 7.832812274445695166e-01 8.066009586332439918e-01 7.715825879764640627e-01 7.977686793062068737e-01 7.864530841447688880e-01 7.733234003009087365e-01 7.903464579685155478e-01 7.668945468046195479e-01 7.977986791040950765e-01 7.843112961643693426e-01 8.037304751700815597e-01 8.017510092840637315e-01 7.839844759409815289e-01 7.775263007281624228e-01 7.933509360082710016e-01 7.922189285129359604e-01 7.928338954668103788e-01 8.087190427075778842e-01 8.046232452041683914e-01 8.003543373626192947e-01 8.073128369344304556e-01 8.129297169785325572e-01 8.098842502180114700e-01 7.913377076864809290e-01 7.967779917342682205e-01 8.080184227215151394e-01 8.028764169074277257e-01 8.121225778450618105e-01 8.053509559602972656e-01 8.113510415794282782e-01 8.008701419157452372e-01 8.050234438854413366e-01 8.073490136791360294e-01 8.117809685743647696e-01 8.050623323061983916e-01 8.092725105105715855e-01 8.076132245998000059e-01 8.120144600629366494e-01 8.213234480564209905e-01 8.180445139309117097e-01 8.113434424234607922e-01 8.189703830295504972e-01 8.217678629489931774e-01 8.186779592756131541e-01 8.212688157951754109e-01 8.117896087789906456e-01 8.115801903598361955e-01 8.143979159800885936e-01 7.981088349704954510e-01 8.144464592139487591e-01 8.192858336644284201e-01 8.193528357551539409e-01 8.077416025558296075e-01 8.079429372993682801e-01 8.174609107864757584e-01 8.111961436242577372e-01 7.922463042625019769e-01 8.133561327628063831e-01 8.087737256250674411e-01 8.112857764689945794e-01 8.110422015429775700e-01 8.094633715846277777e-01 8.103331023690705237e-01 8.038101526041966371e-01 8.102991032007194061e-01 8.072478745396522992e-01 8.060548101696689560e-01
1.738241765627145455e-02 1.281849309693212646e-01 2.720650727374340216e-01 5.150796525300604944e-01 4.530151792462470683e-01 4.680349923599404494e-01 7.135767041597005367e-01 1.000000000000000000e+00 6.487147017676073713e-01 6.049999312430399678e-01 6.741309524394616393e-01 7.499855562866367675e-01 6.790413485737140098e-01 6.774184834619397799e-01 7.730646207444046292e-01 7.919279948022697191e-01 6.953146278055785112e-01 6.480036264881692265e-01 6.849385888501731134e-01 6.117990246948245003e-01 6.679188258668662392e-01 7.082445612560527293e-01 6.458688444205860080e-01 6.029762896560810770e-01 6.334099585430204016e-01 7.073481425286864965e-01 6.923023164742052593e-01 7.045617821517171642e-01 7.116249722323610971e-01 7.088602257635147064e-01 7.399257805287793310e-01 7.480605569587730486e-01 7.035791557646415839e-01 7.278087602468974460e-01 7.261371412955704985e-01 7.155542883479067973e-01 7.237514088439774840e-01 7.619420608726372723e-01 7.590418573488112441e-01 7.314492383235392525e-01 7.550562734281092148e-01 7.625824792758718607e-01 7.569078835070307543e-01 7.760250964807763330e-01 7.552254322654879948e-01 7.609159541808181437e-01 7.618900440225336856e-01 7.585798183511777149e-01 7.648998890131304407e-01 7.572365736299651040e-01 7.762937163292179532e-01 7.470550390547963104e-01 7.568137439414526213e-01 7.540419923864897234e-01 7.478362062470829130e-01 7.515552136389129778e-01 7.538992916531700450e-01 7.638808173970331739e-01 7.591144183961070491e-01 7.673453208265417214e-01 7.706561443769103237e-01 7.614470321876792847e-01 7.593147482889743838e-01 7.669703299784424999e-01 7.617921501801154793e-01 7.648751025012838767e-01 7.651145616907086833e-01 7.556305095190665178e-01 7.564341023002054687e-01 7.740467611371859569e-01 7.686317529912056745e-01 7.637488918567546525e-01 7.465577293218029764e-01 7.514776329015279144e-01 7.593546377753452870e-01 7.518366908205943444e-01 7.587158050334255055e-01 7.558137562556801470e-01 7.553850723530097788e-01 7.576591035310739075e-01 7.579446086626429047e-01 7.631224320994622889e-01 7.685419158871442669e-01 7.578859397444343005e-01 7.661838520445165557e-01 7.659875556618467307e-01 7.633375676875349125e-01 7.757777059018661214e-01 7.685181429663318076e-01 7.661580447584929177e-01 7.644709595306152794e-01 7.701255997090608041e-01 7.680981163428326486e-01 7.703363070029459747e-01 7.677715225579180292e-01 7.668812460827190147e-01 7.747292233222100588e-01 7.730307238612501575e-01 7.774351859991223135e-01 7.767049185039752723e-01 7.764661209005201403e-01 7.783061717913596356e-01 7.661303285868888979e-01 7.806514560933033309e-01 7.692860677769047806e-01 7.678577307543912323e-01 7.747101701599097279e-01 7.675001884263249474e-01 7.697322994544253394e-01 7.752641656600679498e-01 7.736654916205326638e-01 7.714087203075381538e-01 7.745818175041150333e-01 7.750510358245400466e-01 7.679366556567233104e-01 7.696320398367904048e-01
1.126179028949685912e-01 1.847639049893772534e-01 3.105610404280753634e-01 5.195170082862927696e-01 4.267634998761077325e-01 5.091585582843318747e-01 6.762215656948260545e-01 6.487147017676073713e-01 1.000000000000000000e+00 7.307340001323151535e-01 7.719789244445391940e-01 8.169947325850941411e-01 7.522032208133790920e-01 7.351654589344706059e-01 8.092867911506106404e-01 7.890304433079002866e-01 7.860645320059114205e-01 6.793336646327854389e-01 7.271057591687503097e-01 5.560991737425264869e-01 6.414934463907941975e-01 7.326910178493586390e-01 7.385744761341979103e-01 6.263392685287966222e-01 6.207835882151474527e-01 8.275798828436382593e-01 8.093949682543462032e-01 7.981707490636613667e-01 8.138211812811646517e-01 8.214168855734925723e-01 8.401517862090625011e-01 8.183642500155907662e-01 7.834830015014335736e-01 7.579852893875458353e-01 7.946162609693039336e-01 7.566287026697662288e-01 7.946295323807380795e-01 8.068593193236530681e-01 8.166452673020409003e-01 7.630112929911615494e-01 8.500396120249311682e-01 8.270132204565436851e-01 7.895376570001531036e-01 8.384852984947871457e-01 8.237254402045147694e-01 8.147804398854684438e-01 8.570203638356149733e-01 8.689644977619624955e-01 8.641287504369588035e-01 8.202043206542301013e-01 8.416919890442444707e-01 7.996831358911261622e-01 8.380942904051426057e-01 8.701378309863186944e-01 8.501428136456302687e-01 8.450853374247784267e-01 8.596843861604862580e-01 8.533542099877671205e-01 8.613396874473259190e-01 8.707756624708598014e-01 8.612154479527088791e-01 8.572330489224737615e-01 8.463046465727057655e-01 8.607986973151020571e-01 8.637799066884892518e-01 8.673728372813859222e-01 8.615304106316655774e-01 8.450709505779502306e-01 8.404934530416111604e-01 8.277816422749516567e-01 8.295097142307911176e-01 8.430037073750564769e-01 8.236709736492583422e-01 8.112925038400065070e-01 8.602937106636672215e-01 8.567304447784412913e-01 8.461894254952153638e-01 8.563364861115815296e-01 8.393554665888683930e-01 8.599144750563892936e-01 8.464850414105620224e-01 8.609246777105235005e-01 8.537886125835894013e-01 8.503642529673669515e-01 8.283418815483214459e-01 8.324424655514285343e-01 8.404220739874846968e-01 8.360180333661405561e-01 8.440586540935101079e-01 8.506113697696030540e-01 8.276572201162594178e-01 8.503303332811416038e-01 8.415172870668853333e-01 8.452996052720351816e-01 8.617138376067237093e-01 8.643044733387250655e-01 8.323946256833880675e-01 8.552478985917848497e-01 8.579635125501050563e-01 8.419273706617645958e-01 8.367108691587712421e-01 8.562007289786681685e-01 8.580293521801007905e-01 8.563884800158007016e-01 8.494910392993959558e-01 8.624004201801334091e-01 8.631749171562794753e-01 8.638162480850642977e-01 8.584702247355494587e-01 8.640784552147525721e-01 8.583204113489621978e-01 8.684612857215897597e-01 8.647626769831976423e-01 8.611379014519102704e-01 8.647104361331255928e-01 8.669184346860233648e-01
6.236145571853257685e-02 1.723529229019664377e-01 2.719926429927608247e-01 4.869741334700485869e-01 4.119582942878246001e-01 4.820859600370751008e-01 6.658821265047479843e-01 6.049999312430399678e-01 7.307340001323151535e-01 1.000000000000000000e+00 7.111321481814762979e-01 7.637873721034915686e-01 6.967877589899320601e-01 6.986064774124182142e-01 7.752916576020361106e-01 7.494720622439997593e-01 7.061209726320242241e-01 6.442838266936143921e-01 6.802424963549557058e-01 5.538634167426809141e-01 5.998197783505764269e-01 6.764776799826147657e-01 6.892230606961874395e-01 5.927362877436440636e-01 5.893169825379838134e-01 7.693791210786654622e-01 7.511730648692236390e-01 7.564619430300545400e-01 7.636918464367560277e-01 7.705563134268675896e-01 7.844659359485542938e-01 7.751820538665188387e-01 7.488434393277075829e-01 7.221097423491574796e-01 7.515934913946987761e-01 7.129004209808519343e-01 7.466310353635836616e-01 7.680995304217427266e-01 7.744019022593083834e-01 7.354913310993910214e-01 7.987724322586624570e-01 7.808034870383894210e-01 7.462766177954278657e-01 7.917774082186102014e-01 7.768769702323073956e-01 7.768395518934891886e-01 8.018056855824192697e-01 8.101855207025118188e-01 8.017593281083164047e-01 7.597486056483508943e-01 7.871819448979398004e-01 7.370430764912970778e-01 7.795834432710195827e-01 8.091297693510174360e-01 7.907501287227376441e-01 7.964927553725937859e-01 7.840509793663048566e-01 7.941884519035378176e-01 8.003581083063607826e-01 8.061588315358492185e-01 8.003566372314219191e-01 7.951209274059239940e-01 7.859247209595326966e-01 7.944587558346062339e-01 7.926709235772743112e-01 8.016830859035927181e-01 8.073183718297571865e-01 7.908092532520994977e-01 7.913299855662776494e-01 7.792964080372855040e-01 7.811507668381898473e-01 7.883128096189199185e-01 7.721475822703244285e-01 7.620853775261930974e-01 8.041412527510503061e-01 8.022108923548230131e-01 7.970911120877028910e-01 8.020724437756726610e-01 7.900189816824840783e-01 8.069915215643800321e-01 7.987925365365765584e-01 8.085727713212248480e-01 7.975562933499208418e-01 8.017113909133198879e-01 7.832985460537187361e-01 7.857177369704386738e-01 7.942515024144037872e-01 7.929314252092927173e-01 7.982433611269781348e-01 8.003246939297126161e-01 7.882520967259867284e-01 8.010226476952756469e-01 7.964969567740461942e-01 7.971707299724358764e-01 8.083346170957002030e-01 8.093025087180736321e-01 7.819232653435119751e-01 7.866846960274885836e-01 8.016438091852451375e-01 7.921184724558626433e-01 7.887457257985966974e-01 7.956788742241113210e-01 8.012116202520461750e-01 7.999386911613870499e-01 7.956004389609278027e-01 7.961914045126138317e-01 8.063529690427131413e-01 8.093349577763460090e-01 8.045549245872493094e-01 8.048967323830301668e-01 8.014850538422455539e-01 8.096620117948781781e-01 8.051405769729712558e-01 8.028964498688586637e-01 8.015038722870722054e-01 8.060903019881934251e-01
3.745687392514821662e-02 1.714789943859832688e-01 3.139283651916707218e-01 5.571031887214161760e-01 4.416835715173810240e-01 5.297454226377245057e-01 7.086929069336540543e-01 6.741309524394616393e-01 7.719789244445391940e-01 7.111321481814762979e-01 1.000000000000000000e+00 8.458106778054169661e-01 7.613985124442493868e-01 7.561771034583427697e-01 8.386132303291355949e-01 8.196040567787937769e-01 7.893927772719051550e-01 7.375189626756581962e-01 7.689556729614165365e-01 6.085625867601512917e-01 6.754424372339818960e-01 7.625331548348848187e-01 7.895865547376431648e-01 6.816764943740495353e-01 6.920859448189718988e-01 8.470683332210272587e-01 8.372502979927376465e-01 8.338068764804889010e-01 8.483914301589432494e-01 8.600596267643545456e-01 8.659569398722175571e-01 8.498915900446964988e-01 8.295414248537298363e-01 8.095039603760203484e-01 8.351476484999691419e-01 7.977228884600500169e-01 8.378986155142784664e-01 8.436406463615524487e-01 8.540169754575507310e-01 8.152816083327965035e-01 8.673291748857282490e-01 8.594267091036604800e-01 8.324799219102849701e-01 8.683430740571664863e-01 8.562719113062328136e-01 8.594063661395474618e-01 8.727969445128956893e-01 8.731129421393301060e-01 8.734555737307865275e-01 8.402501089634002440e-01 8.606509753235622728e-01 8.307347467097437876e-01 8.554888716621402711e-01 8.695983768062671704e-01 8.580126147040804119e-01 8.641145342281355557e-01 8.529728254777124707e-01 8.663273927411697661e-01 8.608808106915701863e-01 8.749147540495322284e-01 8.714526626903158490e-01 8.617640566552815518e-01 8.532601076703425491e-01 8.675470558116736841e-01 8.645941630937621358e-01 8.716616591670037772e-01 8.756022712504950567e-01 8.654446922895294714e-01 8.701655827790687470e-01 8.590921466410932350e-01 8.553139808416136969e-01 8.672429470261500128e-01 8.527513651555773677e-01 8.486415474638128176e-01 8.809457615837347211e-01 8.782690133239398067e-01 8.763691178464987352e-01 8.805211083092359114e-01 8.683170454366858637e-01 8.814147730194873409e-01 8.735134829688429026e-01 8.845623820003218896e-01 8.753252628184765571e-01 8.752073370223404369e-01 8.592694286261678416e-01 8.638571926230537157e-01 8.718470994909343075e-01 8.674801581525332095e-01 8.713459965218842695e-01 8.740583100828167584e-01 8.681125063836773181e-01 8.727291694554418777e-01 8.717678518154684530e-01 8.734390062133179367e-01 8.763858092832652602e-01 8.783266640551259385e-01 8.598266628106088216e-01 8.636223051953432206e-01 8.736876167014494543e-01 8.671233189502879357e-01 8.653309160998635674e-01 8.719485511505303821e-01 8.712853317108304463e-01 8.740194768420200822e-01 8.713201537048561596e-01 8.686400324932754824e-01 8.786200712848645233e-01 8.786239213109068302e-01 8.768823913101571055e-01 8.758744933106236141e-01 8.725867284444123184e-01 8.779192080528682718e-01 8.749699911467851976e-01 8.762717138959787988e-01 8.753193614465490935e-01 8.769924064857651524e-01
2.597503164779669388e-02 1.557668462134201293e-01 3.272890256228592198e-01 6.229180692771655314e-01 4.856146419128747338e-01 5.786690911195153664e-01 7.843712718356176117e-01 7.499855562866367675e-01 8.169947325850941411e-01 7.637873721034915686e-01 8.458106778054169661e-01 1.000000000000000000e+00 8.215442356832028947e-01 8.192426216063405375e-01 9.114088446439616575e-01 8.925841485563247302e-01 8.316766041249543662e-01 7.926400438084052480e-01 8.235717540492948352e-01 6.555120615568746922e-01 7.582510355413469849e-01 8.333885621436619706e-01 8.233874188567681385e-01 7.490417119389832790e-01 7.562948655835711742e-01 8.890251338353289956e-01 8.756253947722699715e-01 8.806037648992864897e-01 8.976153686233870888e-01 9.054302386089244647e-01 9.233340732776961213e-01 9.076455885632209730e-01 8.720135913867145261e-01 8.738323286701383807e-01 8.841632602253680639e-01 8.670120436777831729e-01 8.960951871569694527e-01 9.011180005685223149e-01 9.138286495263480136e-01 8.679194335279506456e-01 9.252681463899242731e-01 9.158117536161161087e-01 9.053117079984874804e-01 9.317949352418163356e-01 9.165166463250895568e-01 9.173661339562890760e-01 9.327074370134625925e-01 9.313042742874521052e-01 9.332383008146442060e-01 9.017423503260412199e-01 9.243203659932063276e-01 8.977661172662155797e-01 9.209044554253308368e-01 9.279073496177023817e-01 9.221687970790235500e-01 9.251957799010896988e-01 9.129356620536658307e-01 9.257939234916868765e-01 9.225435440382873109e-01 9.340198177423947312e-01 9.333725631847222814e-01 9.227612925636716756e-01 9.181275115196535497e-01 9.268217179339366396e-01 9.236406117120241621e-01 9.310662825262647768e-01 9.334971616220706370e-01 9.265423735118857307e-01 9.270176175697946164e-01 9.227764040864312456e-01 9.259729213458784969e-01 9.289279554198727196e-01 9.166411229803956839e-01 9.125544080004277525e-01 9.359148081347318238e-01 9.329582954060713362e-01 9.323521192169982319e-01 9.339212197036264040e-01 9.281411477120213860e-01 9.408968340406714814e-01 9.330350883193841982e-01 9.415406529923452394e-01 9.343966469443983902e-01 9.316765652692944322e-01 9.209898371833522557e-01 9.263720843810063776e-01 9.349852318493709902e-01 9.283761055839977461e-01 9.311790115501630272e-01 9.342309546192464342e-01 9.267554847246948224e-01 9.346161282569807049e-01 9.335263253536841832e-01 9.352277741614124507e-01 9.359848235232830493e-01 9.383554987349146392e-01 9.248183354414345470e-01 9.244695664023366843e-01 9.364466256899908192e-01 9.297363703837911997e-01 9.312927006515460127e-01 9.336705104556354273e-01 9.351002633146626719e-01 9.365714288496360673e-01 9.342259420145493376e-01 9.289216353193833209e-01 9.393871902239406824e-01 9.383736737996825061e-01 9.371097372590954100e-01 9.356607894763215860e-01 9.349988910152275956e-01 9.376695573459828958e-01 9.359085339655508484e-01 9.354445964062558794e-01 9.335587281254328351e-01 9.351524437132779921e-01
2.869627555593557561e-02 1.566637816957262563e-01 2.832006488915697617e-01 5.272747272324962431e-01 4.549202039790656293e-01 5.217313238654676111e-01 7.080633456222112931e-01 6.790413485737140098e-01 7.522032208133790920e-01 6.967877589899320601e-01 7.613985124442493868e-01 8.215442356832028947e-01 1.000000000000000000e+00 7.358155543550067845e-01 8.387980143229339935e-01 8.173785150043268999e-01 7.506214315422071737e-01 6.887761053418539614e-01 7.256663171184730698e-01 5.708604366101204253e-01 6.538890870988222082e-01 7.392209305737788005e-01 7.190556921437786242e-01 6.389297182390208940e-01 6.453493838596343624e-01 8.099423649481033438e-01 7.947668750618150924e-01 7.913334866499605047e-01 8.050539030638559357e-01 8.104004416714141179e-01 8.266514221948656482e-01 8.153361494608195592e-01 7.810624193453481467e-01 7.705496222176225762e-01 7.946313643806045546e-01 7.652974235626164301e-01 7.909926171587680077e-01 8.076084111604541205e-01 8.199274017419343474e-01 7.706854012384231067e-01 8.417640022145604917e-01 8.302984470002213735e-01 8.075199527899149521e-01 8.463226023472092407e-01 8.245288843396574308e-01 8.243609262973415897e-01 8.544847697423584298e-01 8.551477404761610446e-01 8.528949596680778233e-01 8.125939976455021085e-01 8.370046995366549059e-01 8.016142757810561514e-01 8.356541362587330823e-01 8.519953860274481761e-01 8.384263404703333755e-01 8.364106564152979928e-01 8.332235099286543489e-01 8.460534808255391059e-01 8.429868794107026053e-01 8.586671198427663354e-01 8.522007648288428827e-01 8.454418608644693744e-01 8.346879084342940791e-01 8.480825481582691117e-01 8.454329701822498322e-01 8.512608593744881436e-01 8.508419059226172143e-01 8.398765919283039949e-01 8.354772200959748041e-01 8.300933093192388590e-01 8.340947626916735969e-01 8.396247428867639195e-01 8.228576042814705893e-01 8.188396776277137024e-01 8.547414832708386534e-01 8.470390887380440104e-01 8.423804519259899815e-01 8.489367100829056101e-01 8.360249663778022144e-01 8.528387721377813646e-01 8.418341267262804406e-01 8.562618871803658882e-01 8.450672286310740855e-01 8.466730796180701457e-01 8.337780886455333773e-01 8.357134110682852279e-01 8.433568395016822761e-01 8.408327522794881714e-01 8.468033939476591332e-01 8.434408916310733861e-01 8.330229724445322725e-01 8.512278621437585624e-01 8.436380673285275300e-01 8.478715800618376042e-01 8.563544347901650422e-01 8.570304565344347703e-01 8.354221936806039972e-01 8.442482290560157088e-01 8.551434006576335012e-01 8.433864509915178775e-01 8.433479045906282501e-01 8.501554313075989633e-01 8.526491212711492240e-01 8.557618756141970318e-01 8.486259158386848522e-01 8.467197908060548617e-01 8.583014695231634406e-01 8.563266492809790131e-01 8.529186595373533519e-01 8.554379538013037187e-01 8.512423101901702704e-01 8.609822735780540137e-01 8.553162651559119700e-01 8.551298902025596949e-01 8.546739929771069999e-01 8.565412444999622732e-01
