1.000000000000000000e+00 1.155388223046801000e-01 2.502110141735866544e-01 1.567167239462717576e-01 1.989310574917655880e-02 2.759294182834320409e-03 1.161524434516236770e-01 6.848081952647891435e-02 1.146854261902266331e-01 8.254707917133176365e-02 1.065399281738783760e-01 7.025999954577266671e-02 4.106771193338075443e-02 -6.634262077496797319e-03 3.044522301910485007e-02 6.134480646026072709e-02 1.671669424023898842e-01 1.669560684553056396e-01 1.591078698717593443e-01 1.663146525269020015e-01 1.587666817634192651e-01 1.318843719485107702e-01 1.861689661655062944e-01 1.569993388377838861e-01 1.110794029249080189e-01 1.448986096209136931e-01 1.154539123790966348e-01 8.325107167421651189e-02 9.571466914762223610e-02 1.302003536858229726e-01 9.763807188945600180e-02 1.363667968912345152e-01 7.231199597346364694e-02 1.367528630469607709e-01 1.026496730536349267e-01 1.122856375921075234e-01 1.056129824342860596e-01 5.791775389204642521e-02 2.916266840051050593e-02 5.773657918952076334e-02 5.056933810578043836e-02 1.592905877332381412e-02 1.425873088099419497e-02 3.490321142709132407e-02 6.588231388446469383e-02 2.628754983942329163e-02 1.360753884013686174e-02 2.869348240796183724e-02 5.040582757469164871e-02 1.087321529944280663e-01 5.379752102417043047e-02 8.379454058052698828e-02 5.202346731686795928e-02 4.662329274895116865e-02 5.569599973131146575e-02 6.606580334070576155e-02 1.191976094786705437e-01 2.782802260613834872e-02 3.729208961445430043e-02 5.607934253640955297e-02 3.916863641475538949e-02 2.656584231345161459e-02 2.891454389157335769e-02 3.540562311036241083e-02 6.807440641373947721e-02 8.078677115833692024e-02 2.722339386628419219e-02 5.262819774489581326e-02 6.855428386601285229e-02 6.890999670667580235e-02 4.976874637092193465e-02 4.930127940873935827e-02 6.439300372196500588e-02 5.083466746336860742e-02 5.433493614297238428e-02 4.010177328271303382e-02 2.882699026275443999e-02 4.732277686232839314e-02 2.907444732454198683e-02 6.265186535327288420e-02 4.959316935511268176e-02 3.079544366128550772e-02 6.784530833076511669e-02 5.215775402175129583e-02 5.844156474150864755e-02 5.832544408616210929e-02 3.197300551477409714e-02 3.593497165932586085e-02 2.953597988770893107e-02 4.394994485976845555e-02 2.164442399421017543e-02 1.308299058584525693e-02 2.798783367672009678e-02 1.247753758966493008e-02 1.652446079958655098e-02 2.132413225000727441e-02 6.507654607910573485e-02 9.021999545541423138e-02 3.558405159230212250e-02 3.122190406001392610e-02 4.378755858604581330e-03 4.682236556225913282e-02 3.008311797830676843e-02 2.124178410560088187e-02 5.763854579793108168e-02 6.857768380231367422e-02 4.211579984738887672e-02 1.746206115713677676e-02 2.835647158706637930e-02 2.117814235243222973e-02 1.168931473077420777e-02 2.248796397096593236e-02 2.194289499060197643e-02 4.223233280361831515e-02 4.996952781787589171e-02 4.885573351911674106e-02
1.155388223046801000e-01 1.000000000000000000e+00 1.111534820799479628e-01 1.361129929874618782e-01 9.835106572171427308e-02 8.804674773431706014e-02 1.683911933035395492e-01 1.097813653926307531e-01 1.832882483652713002e-01 2.010735329058540577e-01 1.822761576646578507e-01 1.714148800040976306e-01 1.299823396194924874e-01 1.507977869456499087e-01 1.665891786583877932e-01 1.667649091008945039e-01 1.714112915308405316e-01 1.950341202381531136e-01 2.051958402485217769e-01 1.288247377312357889e-01 1.631591392483803249e-01 1.792461526776478187e-01 2.152769053511934538e-01 1.946531986758390231e-01 1.803065129017632218e-01 2.069283713153964310e-01 1.946513362272704883e-01 2.024050973644050122e-01 1.974256764449760781e-01 2.087012509209921207e-01 2.031556323334207936e-01 2.005416546530218447e-01 2.062458952093655928e-01 1.939489722302718822e-01 1.978708343434667227e-01 1.847298822681631703e-01 2.177865733755453559e-01 1.746534025987188377e-01 1.779177677609621033e-01 1.903869004457636460e-01 1.877126862688655584e-01 1.724241803655702510e-01 1.709829629918993843e-01 1.755480406635897550e-01 1.973633881411919200e-01 1.752826864668352025e-01 1.654969764131149490e-01 1.707544256521154602e-01 1.606619146224879391e-01 1.570414657223995758e-01 1.676503515006395606e-01 1.426953394046975854e-01 1.625140843077134134e-01 1.824652150225901104e-01 1.759792816430530704e-01 1.816478221814079030e-01 1.689947938502884828e-01 1.712259977807420730e-01 1.704812707619778600e-01 1.730932157453466402e-01 1.673555392817616116e-01 1.666170011152021679e-01 1.532944671380652713e-01 1.612086417947186656e-01 1.652859019569037358e-01 1.707822359863576667e-01 1.695087614765650175e-01 1.813919744919856580e-01 1.890639877927611789e-01 1.735832655073580033e-01 1.736421486479783061e-01 1.785416635036393140e-01 1.833305644226161102e-01 1.817324795472721188e-01 1.800269535702750945e-01 1.798620416123352106e-01 1.779046053190077303e-01 1.811530630883326498e-01 1.774079575216827853e-01 1.852730354955250125e-01 1.833344384600119337e-01 1.776109541887548882e-01 1.850224495981137030e-01 1.864403395017861231e-01 1.802194486411335395e-01 1.815506488723796219e-01 1.849865579178111841e-01 1.720288710751338990e-01 1.789165079751299514e-01 1.678496210679003564e-01 1.788715117332538296e-01 1.707274810014364763e-01 1.733803843258631683e-01 1.710110699784601340e-01 1.665775576433706773e-01 1.721173139620575110e-01 1.714292877105097479e-01 1.541346122133956387e-01 1.658567696743910580e-01 1.680677365969424353e-01 1.679289819794388128e-01 1.642077220767613477e-01 1.634862036509362182e-01 1.679809332140179690e-01 1.729561447747350322e-01 1.666168934424551162e-01 1.643532916556530721e-01 1.723483948558287016e-01 1.715668556088355556e-01 1.657029263145765319e-01 1.647886572747609413e-01 1.663722643926410227e-01 1.635920788666750114e-01 1.663065060469306189e-01 1.703343276067084133e-01 1.667567902926179180e-01
2.502110141735866544e-01 1.111534820799479628e-01 1.000000000000000000e+00 4.021484115061957909e-01 2.304390769843441822e-01 2.104768253858587124e-01 4.077726875543268292e-01 3.715841492096853549e-01 4.005909955658662480e-01 3.401945700286769236e-01 4.319429904128966879e-01 4.133748150765058083e-01 3.643442242215498839e-01 3.245834320882612367e-01 4.033320281809244512e-01 4.058554726560427706e-01 4.393429710911743724e-01 4.454940698605474036e-01 4.353618415965023192e-01 4.300930220955139216e-01 4.507157532926598931e-01 4.412518212243238258e-01 4.429709673129377800e-01 4.376266320204526550e-01 4.140638339602409346e-01 4.670399166785449974e-01 4.514143601277470497e-01 4.298920062828087141e-01 4.219278984285800282e-01 4.497400848130873041e-01 4.380379685002778190e-01 4.590556031594976716e-01 4.199568915948803105e-01 4.460998049715316216e-01 4.178487319379678988e-01 4.262849646652459579e-01 4.325602490432600700e-01 4.170225094992902060e-01 3.885043729886473174e-01 4.230910485359393181e-01 4.125913637118028832e-01 3.985900560544444748e-01 3.798497714423761384e-01 3.994884013938116429e-01 4.184332699802238986e-01 3.825255382419560091e-01 3.893955629991587841e-01 3.977447635252457925e-01 4.151388275026643426e-01 4.441884393916926133e-01 4.251713963944837027e-01 4.182747629361875941e-01 4.043704762727819424e-01 4.022289719213457126e-01 4.208989770555975896e-01 4.183927679369237040e-01 4.463085497687964698e-01 4.022935551798914044e-01 4.089508010792134995e-01 4.107336864952259026e-01 4.122425332424827782e-01 3.892703478697791541e-01 3.924379390120120714e-01 3.983975074442329123e-01 4.084259390420466596e-01 4.166271028003764032e-01 3.948212351815814092e-01 4.198568929517119130e-01 4.217745732314635565e-01 4.242613683238443123e-01 4.191024541553169946e-01 4.191532320965308811e-01 4.183905057780175629e-01 4.129893417374611575e-01 4.175522779846148613e-01 4.070277297891836121e-01 4.032243726091832015e-01 4.144614509549803816e-01 3.996818307740812037e-01 4.196532909356450736e-01 4.129944748039766078e-01 3.985255806667663547e-01 4.250038912439494387e-01 4.147543336977863593e-01 4.176188136179006527e-01 4.173877470286577185e-01 4.021177591469760060e-01 4.082304348468175914e-01 4.029217334747729473e-01 4.099633320225554711e-01 4.014951402169151251e-01 3.952144516595745283e-01 3.991145399921889325e-01 3.899946819974016710e-01 3.908733042427440241e-01 3.920971179979784171e-01 4.234573822803031073e-01 4.260082331638589404e-01 4.101733575647447116e-01 4.064991937662537635e-01 3.894832498727906489e-01 4.130900982244462560e-01 3.953653951785570109e-01 3.978724642850200999e-01 4.142326497076216918e-01 4.200403386794711036e-01 4.038476729618775130e-01 3.925508712048869087e-01 4.013252813493898286e-01 3.970135205396275735e-01 3.950107293448383294e-01 3.924831436378719007e-01 3.965234176925555021e-01 4.028482690831736712e-01 4.048050247766640242e-01 4.048027167362671652e-01
1.567167239462717576e-01 1.361129929874618782e-01 4.021484115061957909e-01 1.000000000000000000e+00 3.535507900679565330e-01 3.960690706833888131e-01 5.725891641989844238e-01 5.651144665716399951e-01 5.636655384361833887e-01 4.947724428741540059e-01 5.764664428466688140e-01 6.242556859111416667e-01 5.487563649507350982e-01 5.366523090242415472e-01 6.189154316555702806e-01 6.075101843564458814e-01 5.939449709765712848e-01 5.572708006934062874e-01 5.713166308550139405e-01 5.882389058123504988e-01 6.066439639637996040e-01 6.112140526720505340e-01 5.575588815227986439e-01 5.553629933357273618e-01 5.606677636982763113e-01 6.121006120920019500e-01 6.209853341098060531e-01 6.288599037095591315e-01 6.102650768590981434e-01 6.182955246204315802e-01 6.205961551696286271e-01 6.211429231530529727e-01 6.071005280824315342e-01 6.127170599003516349e-01 5.904842051201929509e-01 6.128528260048603515e-01 6.075313359717097184e-01 6.204491436527286297e-01 5.985294492798114430e-01 6.161044737463320375e-01 6.179395758773155167e-01 6.174569102524967157e-01 6.029180961739160072e-01 6.149719195733769350e-01 6.166685700505121215e-01 6.092391938201908719e-01 6.000274066174661192e-01 6.032016215177210539e-01 6.106442915690565298e-01 6.275446075124838652e-01 6.236860788174150017e-01 6.129572538611985921e-01 6.138305571505747738e-01 5.942046262094760056e-01 6.034734563599457591e-01 6.124011622898182239e-01 6.296381296905483316e-01 6.087705441030429876e-01 6.020896230669278149e-01 6.124632502762454855e-01 6.130798945323011617e-01 5.969763912060295219e-01 5.989862519560769094e-01 6.138526650522602157e-01 6.205298755406609690e-01 6.169521656329116643e-01 6.056475400130746367e-01 6.144133356424912318e-01 6.105087050346306166e-01 6.260687380208738162e-01 6.264586607198575630e-01 6.187214058737753319e-01 6.078547970252061727e-01 6.110822936777523529e-01 6.160525746522005353e-01 6.134591900507051498e-01 6.143047713909974838e-01 6.146744850611727262e-01 6.117574919089887597e-01 6.177929113152889062e-01 6.164780568736142330e-01 6.065671529174240240e-01 6.323158901554617461e-01 6.127584280562662356e-01 6.184305778226081296e-01 6.145408594972879834e-01 6.114450546599224934e-01 6.176430260714597109e-01 6.136016973925266793e-01 6.179198648053947363e-01 6.135615079131168104e-01 6.114095400630624733e-01 6.119825036887424075e-01 6.064860871938881903e-01 6.034270084776846010e-01 6.013301333927068004e-01 6.255406170998907278e-01 6.306640453251488587e-01 6.182516705216297703e-01 6.181027625877297815e-01 6.111699852429063329e-01 6.244398777401750644e-01 6.078778541127232149e-01 6.152740159805485387e-01 6.234246313219432567e-01 6.251020746125666161e-01 6.112330191181691852e-01 5.972667692041929710e-01 6.075289909083431139e-01 6.080320563400560818e-01 6.068509064548058829e-01 6.056372192626715556e-01 6.084968422577418101e-01 6.179759594108454879e-01 6.155901109627816004e-01 6.124634270565609828e-01
1.989310574917655880e-02 9.835106572171427308e-02 2.304390769843441822e-01 3.535507900679565330e-01 1.000000000000000000e+00 3.162550718978413555e-01 4.577365232603468614e-01 4.181780620174568308e-01 4.183786088734210984e-01 3.895955959498059173e-01 4.614037547504596382e-01 4.876138361878037397e-01 4.530940767801759361e-01 4.509204696899255516e-01 5.050901759418106041e-01 4.796062408934181898e-01 4.138277238534857627e-01 4.153800747934274784e-01 4.439586164676606050e-01 3.886023665100236113e-01 4.072761303118940246e-01 4.466375934706380835e-01 4.217273593678285137e-01 4.307431314408324274e-01 4.343399065481475807e-01 4.551094509535485444e-01 4.736586505760352894e-01 4.869499704235468740e-01 4.711976724635461578e-01 4.653110852868285185e-01 4.733158141387885931e-01 4.777199551608304895e-01 4.805070333891952039e-01 4.660351699909440204e-01 4.594726396660757106e-01 4.699298031556251587e-01 4.688283728798967598e-01 4.889048723923508644e-01 4.826129328842910793e-01 4.935065795171582059e-01 5.048226494361163219e-01 5.083548371678765498e-01 5.017441341260406862e-01 4.964696592689474830e-01 4.921648772596676213e-01 4.976667266128093625e-01 4.952930961480144778e-01 4.887952704911419644e-01 4.863805389229750031e-01 4.671577422484405884e-01 4.887998715033866626e-01 4.633730394810581243e-01 4.812439721080457589e-01 4.789922638117041775e-01 4.773060837652142174e-01 4.851973331514304877e-01 4.578265899894037871e-01 5.002257080222054508e-01 4.883108483251594190e-01 4.855287601238794659e-01 4.903816240509821234e-01 4.826626375231370947e-01 4.703928576307381260e-01 4.804882887306939909e-01 4.727397848468070096e-01 4.691414917291113484e-01 4.912284046986858388e-01 4.948229922329159258e-01 4.904078996008194302e-01 4.850478960058347000e-01 4.942884823995391530e-01 4.972514481468106595e-01 4.862886818615800855e-01 4.978113570061230564e-01 4.942593898809410913e-01 4.960508889285583645e-01 5.032974445942196562e-01 4.924357635336625849e-01 4.964238585217922717e-01 4.866953847489812190e-01 4.898348328033054755e-01 4.909201876243792229e-01 5.002407999665612337e-01 4.910085275325331566e-01 4.998109228439094331e-01 4.946331044183048808e-01 4.958905019911946099e-01 5.058522554701530005e-01 4.966145999788193488e-01 4.990499601845778122e-01 5.084417592756054205e-01 5.075210940735815912e-01 5.010851377532753448e-01 5.020648075873164196e-01 4.975880065825398768e-01 4.936437907659057545e-01 5.037577789254200633e-01 4.788812310724426813e-01 4.974978372614120015e-01 5.072185367460221306e-01 5.092824925683594461e-01 4.940434938157589051e-01 4.875834323321926456e-01 5.048723205131229186e-01 4.975089229937267876e-01 4.903489376382207388e-01 4.911396386864949615e-01 4.947427551034934701e-01 4.965181497277598721e-01 4.968468680205107013e-01 5.019504982080332800e-01 4.958454070499483390e-01 4.931485827998714488e-01 4.933342412484252315e-01 4.844186197271790895e-01 4.848989861913154953e-01
2.759294182834320409e-03 8.804674773431706014e-02 2.104768253858587124e-01 3.960690706833888131e-01 3.162550718978413555e-01 1.000000000000000000e+00 5.278676173402512273e-01 4.821361168657153362e-01 5.176010017084391457e-01 4.901066512304474987e-01 5.324989223519499548e-01 5.701801937893175021e-01 5.284165528037503279e-01 5.413710923164053446e-01 5.859998230667007313e-01 5.730320700293803915e-01 5.006368443738976604e-01 4.750468699995941124e-01 5.062601407587518088e-01 4.648371286315986506e-01 4.825012352411809924e-01 5.199054713257571514e-01 5.040711431418152255e-01 4.911570469431777441e-01 5.090441454957328471e-01 5.366022856044476708e-01 5.612327533009183744e-01 5.718030913382614600e-01 5.615756141812350277e-01 5.580791935850659691e-01 5.749627383100698319e-01 5.677654613208079626e-01 5.651516708666330935e-01 5.570657377650244380e-01 5.548272070405139145e-01 5.567610545850929515e-01 5.705675397606898569e-01 6.035028733998208939e-01 5.985189114579451131e-01 5.850976649181702793e-01 5.951125736068344496e-01 6.008912038050699955e-01 5.991249501249634735e-01 6.038338695176654891e-01 5.959636273610822155e-01 6.078566787332253529e-01 5.999172914966053316e-01 5.982253853048790093e-01 5.896690356352422002e-01 5.753372127431961580e-01 5.933478138115783063e-01 5.767151535327195155e-01 5.821917144119450604e-01 5.848413573811298560e-01 5.779692136408240977e-01 5.846256842344619287e-01 5.578432325617179721e-01 5.895825961642144897e-01 5.867192020044059708e-01 5.854600774621722126e-01 5.948676696285506438e-01 5.825731980469738280e-01 5.813015670011082436e-01 5.885671655494809640e-01 5.791638589892954547e-01 5.741869961697160241e-01 5.998731349912324040e-01 5.989819709693738892e-01 5.919758003126929236e-01 5.897197437273246079e-01 5.982451062758679106e-01 6.011650221809774486e-01 5.913254287685190125e-01 5.971382859005383015e-01 5.964312029775327151e-01 6.006870668617684261e-01 6.046138956427432598e-01 5.934877301939743832e-01 6.016468468508959777e-01 5.899816534992562422e-01 5.971154381930372512e-01 6.019564515010382699e-01 6.001942178436027175e-01 5.924504956033366243e-01 6.051343877924241221e-01 6.004171005141049067e-01 6.034687861361017758e-01 6.072225146452889799e-01 6.102127552463533222e-01 5.979792271961485994e-01 6.092601295470249090e-01 6.104132370293915422e-01 6.064338606293243616e-01 6.122784350712964230e-01 6.068255461722940058e-01 6.023056045443274664e-01 5.941023609748165013e-01 5.790637861713290313e-01 5.960628656926399982e-01 6.045744526234083649e-01 6.069507722822251594e-01 5.936504021391550978e-01 6.027032461589757473e-01 6.065302784866368757e-01 6.023852099958322270e-01 5.838130278536378670e-01 5.938982118086940654e-01 6.013649482859743101e-01 5.987704493339616185e-01 6.009565617249450487e-01 6.025150816793681807e-01 5.975984022026680220e-01 5.959644373571448828e-01 5.949065904717634190e-01 5.964480104269552774e-01 5.899837286919131785e-01
1.161524434516236770e-01 1.683911933035395492e-01 4.077726875543268292e-01 5.725891641989844238e-01 4.577365232603468614e-01 5.278676173402512273e-01 1.000000000000000000e+00 7.109793321940348632e-01 6.968447942250655114e-01 6.571857029671547279e-01 7.582059621764279944e-01 7.770675903899874060e-01 7.218742918774625483e-01 7.090419657660078645e-01 8.387472643943155726e-01 7.904115139877606611e-01 7.101892063285397683e-01 7.281617654092508163e-01 7.498041578881148306e-01 7.140176236461877046e-01 7.263473933337352140e-01 7.645204845417603590e-01 7.406156419963629833e-01 7.454071451513676339e-01 7.486866220628658475e-01 7.719699575044319806e-01 7.950574398787340069e-01 8.260107953284590021e-01 8.228562680582158784e-01 7.878043618987911056e-01 7.932603893429682751e-01 8.165241936743536932e-01 8.026960848063260379e-01 8.054039780022608230e-01 7.814249588026327409e-01 7.789605506226988663e-01 7.952890597140913620e-01 8.227002884964517149e-01 7.978321982652468725e-01 8.262777377377964472e-01 8.151635550495819338e-01 8.321722983040686916e-01 8.104331057927793847e-01 8.072049497796518480e-01 8.055401223983433834e-01 8.113533350454449344e-01 7.866339334884743240e-01 7.895663711168386945e-01 7.942377476530654290e-01 8.048387398631400291e-01 8.084317585594031907e-01 7.849364419091257039e-01 7.838633703187314339e-01 7.708931195924789703e-01 7.867757380295540282e-01 7.935137480123298781e-01 7.673922321673869451e-01 7.965749905677880216e-01 7.898319108738948158e-01 7.841533426541696938e-01 7.922375174453604174e-01 7.699336090936031995e-01 7.612882416881612269e-01 7.792083395620487130e-01 7.679480456089037288e-01 7.659686356919536143e-01 7.895474400932143144e-01 8.088732427779046219e-01 8.110975566959101046e-01 8.085363048147030662e-01 8.098027194285699615e-01 8.099902011710373717e-01 8.100873087239832682e-01 8.106453654140927112e-01 8.036737158645278489e-01 8.113693268704413875e-01 8.211824156018537879e-01 8.127232451800660007e-01 8.137682634855044617e-01 8.033601228949460715e-01 8.105904303307105430e-01 7.923965576214759832e-01 8.175580883681319300e-01 8.077701978612765732e-01 8.213088393241911866e-01 8.128451152413552760e-01 8.027230973186311180e-01 8.218360895179452896e-01 8.105490452600047080e-01 8.064458773373098799e-01 8.251527095463441208e-01 8.147010192223077540e-01 8.087615364022866515e-01 8.144091151671040141e-01 7.934997479780915297e-01 7.920652096598683745e-01 8.155140157477237528e-01 7.802329264620559979e-01 7.993683442169704501e-01 8.160126823727239520e-01 8.123362578280797219e-01 7.957833019860230950e-01 7.897127103984155072e-01 8.096053499797819519e-01 8.016732836827440423e-01 7.872492205682283251e-01 7.891468770870874172e-01 7.901754943855960889e-01 7.988163470997416971e-01 7.977050587973270046e-01 8.040395044233404898e-01 7.868019255446615512e-01 7.883765344127453556e-01 7.908914546195947581e-01 7.856379966789087677e-01 7.772406442181138964e-01
6.848081952647891435e-02 1.097813653926307531e-01 3.715841492096853549e-01 5.651144665716399951e-01 4.181780620174568308e-01 4.821361168657153362e-01 7.109793321940348632e-01 1.000000000000000000e+00 6.551723130361480907e-01 5.991464380306058546e-01 7.056808384141400881e-01 7.445478748063822927e-01 6.794024021016747961e-01 6.618793337125354892e-01 7.700542115170621038e-01 7.643984639134157044e-01 6.754303391033225079e-01 6.525647512603279798e-01 6.631564429919584169e-01 6.490120451347290986e-01 6.811142490047449316e-01 7.006512208179201950e-01 6.513369400554173128e-01 6.545218027100631053e-01 6.726084499278677242e-01 7.000717433132939149e-01 7.278567398197587357e-01 7.404261758473559274e-01 7.272898304262862545e-01 7.131083443692551871e-01 7.248420745407061494e-01 7.374138536039563929e-01 7.186385603082395823e-01 7.273468303049883676e-01 7.072093840649689156e-01 7.253109926127313534e-01 7.216759726776628137e-01 7.615815886054247974e-01 7.371064462556818908e-01 7.483850591258910390e-01 7.558969269842004124e-01 7.701048900611077164e-01 7.588658455151995330e-01 7.532552472535417598e-01 7.487706962513339670e-01 7.457229387638932838e-01 7.462110816600971974e-01 7.456773702755908895e-01 7.572625195499237405e-01 7.605123857417247502e-01 7.680446845641127895e-01 7.284084648900940318e-01 7.398148634423544756e-01 7.299232270961583113e-01 7.456882687023888012e-01 7.479288173369099679e-01 7.424104740247966516e-01 7.520506682414710431e-01 7.540766948752549714e-01 7.412916697432022639e-01 7.526030592941710395e-01 7.364779724152258344e-01 7.342954423172483036e-01 7.451399950983135234e-01 7.329321823379906231e-01 7.314828747722775804e-01 7.459613359199708249e-01 7.494936444531102859e-01 7.434678811028492262e-01 7.501178704826784172e-01 7.576874860742226492e-01 7.540483392721004652e-01 7.420045079822130685e-01 7.462170270526323756e-01 7.475901722297377816e-01 7.532109953572978522e-01 7.565270502453067536e-01 7.491158734234419914e-01 7.496092454908582781e-01 7.433172879514653442e-01 7.481511762498518348e-01 7.418257938263408402e-01 7.642278233208530391e-01 7.424761058018146676e-01 7.633330388457014726e-01 7.537499051064936451e-01 7.473362717365644725e-01 7.642598245220638686e-01 7.542316842256148179e-01 7.616881260563016509e-01 7.601193115405809886e-01 7.625718015569590280e-01 7.531068853929764328e-01 7.562414438505077330e-01 7.497069797880557829e-01 7.470503357440159142e-01 7.720555089599120402e-01 7.523858803404165352e-01 7.625282562236264106e-01 7.683700340591511635e-01 7.632802310791241274e-01 7.603586625843625768e-01 7.460383666862882013e-01 7.615412691011050894e-01 7.547407845671506577e-01 7.537719221090725119e-01 7.534911856624235682e-01 7.424700398798563805e-01 7.531128017826823617e-01 7.539445374188195048e-01 7.617673861429599125e-01 7.469345662877083791e-01 7.517523026444822287e-01 7.544639383177315084e-01 7.434973953131924773e-01 7.398184784797460223e-01
1.146854261902266331e-01 1.832882483652713002e-01 4.005909955658662480e-01 5.636655384361833887e-01 4.183786088734210984e-01 5.176010017084391457e-01 6.968447942250655114e-01 6.551723130361480907e-01 1.000000000000000000e+00 7.348283005056767125e-01 8.067063712229821659e-01 8.321058725488454932e-01 7.531192362639251847e-01 7.508296557934881488e-01 8.331749824796427228e-01 8.185225670132376674e-01 8.123941466533787237e-01 7.187947785857895511e-01 7.504559704999598235e-01 6.835480326610074986e-01 7.178409377022577642e-01 7.587664475554478649e-01 7.673039820561357027e-01 7.206107144344405802e-01 7.328658786903565758e-01 8.305948665039623036e-01 8.319224354190944970e-01 8.058508727287957418e-01 7.968617607016434956e-01 8.441053069963868616e-01 8.611744688328324404e-01 8.284802860272930669e-01 7.877671761820382867e-01 7.923030366438719163e-01 8.088867102349996951e-01 8.078437159418477842e-01 8.267187389514160101e-01 8.359338626064954925e-01 8.315031329518688397e-01 7.811198664681759940e-01 8.604903630129785430e-01 8.367648292810647703e-01 8.223607815313001002e-01 8.566137923864444170e-01 8.605040451847154603e-01 8.420753198275467977e-01 8.673346553077264653e-01 8.752882878428817071e-01 8.715259786766397232e-01 8.412229708111202964e-01 8.643593529999400449e-01 8.286051962235887469e-01 8.617451803440826508e-01 8.764503358577984127e-01 8.690328312975835745e-01 8.685864928513700178e-01 8.781735398373728962e-01 8.615064627330790703e-01 8.668860336736359251e-01 8.824967778755823389e-01 8.748729355030363530e-01 8.684143435810834921e-01 8.655005198311385151e-01 8.687769519043132549e-01 8.806068690473968230e-01 8.850057308572341075e-01 8.756007688767009078e-01 8.695202725162418655e-01 8.654577512481170798e-01 8.647640647112764256e-01 8.638812258009840317e-01 8.708333572583411009e-01 8.541840880116086110e-01 8.586168812425998276e-01 8.751817143849359715e-01 8.727446719591754887e-01 8.616887805213883089e-01 8.691599331876542767e-01 8.614552529399585046e-01 8.766748830963710937e-01 8.700340232554545361e-01 8.743151298670972515e-01 8.743449362518541657e-01 8.721165033638537123e-01 8.561329978518577022e-01 8.611190880083138266e-01 8.639771329892506069e-01 8.627142082224347197e-01 8.633544546369769090e-01 8.743384989704627852e-01 8.521075088245705365e-01 8.639618388075059885e-01 8.688494050755682929e-01 8.598572398227107838e-01 8.718034899320290521e-01 8.738893589764481495e-01 8.530163873007230446e-01 8.683519899064147118e-01 8.729274771755322071e-01 8.634913370661685406e-01 8.542754102144775041e-01 8.765423688255045143e-01 8.754601459878722514e-01 8.667803729757427300e-01 8.768332216148132519e-01 8.826903534168997201e-01 8.775807390409225972e-01 8.719104348299534513e-01 8.745612463806542447e-01 8.727708078537183001e-01 8.657584937883944232e-01 8.762406139588220233e-01 8.733772818442351316e-01 8.756502277152760083e-01 8.814533329598307487e-01 8.821826331393434195e-01
8.254707917133176365e-02 2.010735329058540577e-01 3.401945700286769236e-01 4.947724428741540059e-01 3.895955959498059173e-01 4.901066512304474987e-01 6.571857029671547279e-01 5.991464380306058546e-01 7.348283005056767125e-01 1.000000000000000000e+00 7.486708694882310278e-01 7.635964833855990452e-01 6.878266756242742419e-01 6.959569227550506110e-01 7.691780457364324475e-01 7.533004631585605848e-01 7.135605717181565666e-01 6.678628981108923890e-01 7.050199539605936927e-01 6.093096035757425977e-01 6.361669825374912657e-01 6.844932697497780882e-01 7.143871410081635842e-01 6.754436297984549586e-01 6.741800535811541817e-01 7.669836963260111551e-01 7.694190034953891644e-01 7.563651892902938378e-01 7.394183839701293781e-01 7.836030681776490203e-01 7.963088522778921652e-01 7.767651505288036828e-01 7.496920678363611090e-01 7.442486440313607066e-01 7.622932883667734583e-01 7.378469353989374202e-01 7.804082078851086735e-01 7.789756952094599729e-01 7.738387036954149645e-01 7.416436368314237582e-01 7.965848608077813475e-01 7.782867909581222543e-01 7.573285900290661621e-01 7.907446190916437301e-01 7.964290805226096337e-01 7.832861938326737272e-01 7.950507856307668098e-01 8.088440308297295545e-01 7.960895214451575441e-01 7.626553830877326190e-01 7.912118150653097981e-01 7.359665673934088215e-01 7.787998716183763825e-01 8.087059024390863549e-01 7.990797511867723246e-01 8.000275491533305194e-01 7.782623909847318222e-01 7.912387621376808511e-01 7.999329055774375696e-01 7.987193826482602566e-01 7.983216048160745038e-01 7.892437001901474458e-01 7.829657261794336076e-01 7.861761371700360934e-01 7.858422166678437071e-01 7.896319250207224361e-01 8.029981432054850155e-01 8.083489503623372263e-01 8.024456711791188024e-01 7.982350385643247614e-01 7.954785763033366264e-01 8.036374540792710075e-01 7.950891714340132532e-01 7.981129295470384966e-01 8.092778276755182576e-01 8.047343169374197025e-01 7.968505998332090501e-01 8.055367694943875723e-01 8.019971991700229896e-01 8.102740526076240846e-01 8.019114711548918084e-01 8.096691911351746596e-01 8.046292654294726621e-01 8.081278726454834693e-01 7.963086211050404151e-01 8.011080649974597900e-01 8.040962554248682892e-01 8.028469489764505918e-01 8.024944645215631445e-01 8.006378181966693486e-01 7.962635799741228926e-01 7.980222369127372151e-01 8.035541101770843353e-01 7.980551749559696706e-01 8.046031320964952549e-01 8.068442302523504139e-01 7.851397117415416238e-01 7.765948696070699153e-01 8.032252251514125918e-01 7.999873696996266936e-01 7.926090973201916912e-01 7.986959509454047978e-01 7.962251669968547496e-01 7.984975376390931467e-01 7.992780800593364265e-01 7.958721872206506731e-01 8.011137565005105321e-01 8.059182696076632180e-01 8.063112256742267503e-01 8.033150535595406927e-01 8.018881475723508290e-01 8.021705351315731036e-01 8.012372306448980464e-01 7.986868925496172222e-01 8.006015591164146183e-01 7.977340605464183776e-01
1.065399281738783760e-01 1.822761576646578507e-01 4.319429904128966879e-01 5.764664428466688140e-01 4.614037547504596382e-01 5.324989223519499548e-01 7.582059621764279944e-01 7.056808384141400881e-01 8.067063712229821659e-01 7.486708694882310278e-01 1.000000000000000000e+00 8.655735691771215823e-01 7.695820090640125288e-01 7.809448053628404995e-01 8.762084037266615333e-01 8.545175329126889485e-01 8.090358420981128562e-01 7.838097696785657487e-01 8.072111401426227406e-01 7.290139415183611860e-01 7.598262913976204791e-01 7.991681407201972620e-01 8.164191823674769033e-01 7.900517693619362181e-01 7.838097640796216625e-01 8.598940314674121677e-01 8.660670021767016280e-01 8.576874566860884785e-01 8.523956919710228286e-01 8.817387977870524418e-01 8.851891747968773094e-01 8.853244124471646437e-01 8.447222229871489407e-01 8.543209971422975890e-01 8.590908148465639105e-01 8.465611122310829906e-01 8.747920091647261032e-01 8.835947784614263112e-01 8.733980736008385426e-01 8.465748928205097945e-01 8.933418540489104220e-01 8.835981599488932359e-01 8.638969548924021469e-01 8.899467762529922332e-01 8.942047114810131037e-01 8.810105105995046371e-01 8.948878548740621941e-01 9.002200981866934626e-01 8.949656203205679228e-01 8.728231196912691336e-01 8.923182914423632983e-01 8.529215120025208652e-01 8.822201267345615161e-01 8.949886165752015676e-01 8.940556444844252049e-01 8.962527020288183488e-01 8.829721216916660564e-01 8.938478830792470076e-01 8.968664082105241020e-01 8.964380221307773899e-01 8.983297537314802739e-01 8.871676500024670009e-01 8.781501484703411187e-01 8.863849380747624851e-01 8.832878940541778467e-01 8.892907290320744007e-01 8.981354118161283262e-01 9.062898048726603095e-01 9.056433001172852215e-01 9.027101452756732813e-01 8.989305641049925022e-01 9.034769151620802852e-01 9.009369293221700659e-01 8.988877932290669781e-01 9.070462329562317683e-01 9.028026258202537235e-01 8.992898386174890124e-01 9.030999469466741703e-01 8.993748031649838603e-01 9.074587047853166499e-01 9.044148349829270739e-01 9.028350194889993574e-01 9.056376767461410404e-01 9.039873160563096643e-01 8.981394252324474969e-01 9.045068200480711473e-01 8.988355345298137955e-01 9.026584748445672934e-01 9.004497093233673199e-01 9.000795567076201875e-01 8.969318094633393912e-01 8.991405533337688549e-01 9.039468245978871108e-01 8.975907732848515952e-01 8.985459038266087051e-01 9.009947395779492885e-01 8.922892286553599783e-01 8.802409519028268070e-01 8.997114637138207138e-01 9.008057215007357899e-01 8.945707181301879585e-01 8.986607084148394708e-01 8.949342146407233134e-01 8.996831992126474997e-01 8.999311953810835707e-01 8.964790294905119472e-01 8.981844741324364056e-01 8.997079783717972790e-01 9.029254576547939282e-01 8.994162504294869187e-01 8.978655872884558908e-01 8.983317570845876787e-01 8.981482006984743416e-01 8.971379417110177945e-01 8.963162185514385039e-01 8.956287428049906074e-01
7.025999954577266671e-02 1.714148800040976306e-01 4.133748150765058083e-01 6.242556859111416667e-01 4.876138361878037397e-01 5.701801937893175021e-01 7.770675903899874060e-01 7.445478748063822927e-01 8.321058725488454932e-01 7.635964833855990452e-01 8.655735691771215823e-01 1.000000000000000000e+00 8.210480027108646439e-01 8.190093168429655179e-01 9.132815969244403309e-01 8.962728116736161654e-01 8.361702571064916212e-01 7.566040650530073686e-01 7.909394411242001155e-01 7.418432092804411182e-01 7.717706316770218677e-01 8.115423475856489155e-01 7.918475079286572127e-01 7.599042508112630046e-01 7.754827465898933569e-01 8.602730669846527789e-01 8.905936511239765929e-01 8.727262897731453695e-01 8.625706423345559370e-01 8.891042858459715648e-01 9.076442351614836257e-01 8.892451884499411596e-01 8.577570669083224297e-01 8.655554434541690156e-01 8.763201109437226410e-01 8.750949358893408414e-01 8.906357056035328901e-01 9.175451837503222352e-01 9.075789014154541645e-01 8.694584932555295964e-01 9.264428136993353435e-01 9.203112515114822978e-01 9.104200938124532572e-01 9.341611777191485277e-01 9.231595381127689626e-01 9.195809931837892748e-01 9.325318601137372321e-01 9.342347131395706272e-01 9.319502396756677021e-01 9.099138609000883005e-01 9.336353005437563191e-01 8.922153756226338661e-01 9.240901401171022211e-01 9.266836018634579952e-01 9.266655576565892005e-01 9.285165133928785508e-01 9.199156052355144109e-01 9.308220116702752289e-01 9.331319795308765652e-01 9.364202247139621349e-01 9.368163519631189651e-01 9.313849805686436056e-01 9.243412161143164107e-01 9.310379824029469953e-01 9.253328334652636267e-01 9.283819445736620768e-01 9.346932238201943743e-01 9.304512111890562709e-01 9.233764166262858897e-01 9.268707913174852875e-01 9.304813229998687429e-01 9.330680041748851128e-01 9.150667181376244130e-01 9.207238153727316243e-01 9.374229525979769218e-01 9.342476680504085973e-01 9.306807748194751984e-01 9.323188678367730908e-01 9.303435454953188355e-01 9.324240154229830324e-01 9.301054630787080058e-01 9.361939784368188411e-01 9.367388770903095629e-01 9.318604482376940945e-01 9.290831410797445455e-01 9.317209329440033772e-01 9.323035346258614631e-01 9.349482799604310612e-01 9.344984825767937986e-01 9.363036844518302093e-01 9.283169547064200611e-01 9.362284552905034696e-01 9.384150409171923002e-01 9.346300898642833088e-01 9.384630374967581901e-01 9.377602554385311429e-01 9.252565609358984755e-01 9.205484431213577512e-01 9.374796276488099878e-01 9.364030482823829660e-01 9.333354895380984173e-01 9.383061785243068664e-01 9.360820589763169108e-01 9.398789771720038599e-01 9.399973075964880298e-01 9.359756590818230082e-01 9.369228999435068594e-01 9.357241462355330164e-01 9.383634350943594882e-01 9.387977789519571514e-01 9.379739457608357034e-01 9.390104973803125032e-01 9.379812382088653644e-01 9.368390175294061262e-01 9.370019405074512253e-01 9.357832718838908770e-01
4.106771193338075443e-02 1.299823396194924874e-01 3.643442242215498839e-01 5.487563649507350982e-01 4.530940767801759361e-01 5.284165528037503279e-01 7.218742918774625483e-01 6.794024021016747961e-01 7.531192362639251847e-01 6.878266756242742419e-01 7.695820090640125288e-01 8.210480027108646439e-01 1.000000000000000000e+00 7.593732654989299169e-01 8.418020095631059130e-01 8.220526702256873985e-01 7.396376578826783232e-01 6.876281157150772039e-01 7.220856915801884268e-01 6.743971367967073194e-01 7.000521876624001827e-01 7.342160252366766171e-01 7.192884749258470212e-01 7.035405163485527469e-01 7.203232176895068006e-01 7.857653339735866105e-01 8.030928533123878887e-01 7.979917576749233632e-01 7.861784473932568185e-01 8.001993793725047377e-01 8.192126869540867773e-01 8.057842107952452038e-01 7.837632814861180686e-01 7.814852134256684568e-01 7.965009363186301705e-01 7.998969050086705002e-01 8.101519494414046729e-01 8.354329638052362395e-01 8.292354192521130818e-01 8.039149884006236979e-01 8.477210851878073106e-01 8.527119789445514186e-01 8.452530270901222886e-01 8.532868938113772339e-01 8.412437555659543209e-01 8.402989400490695759e-01 8.499579352556801970e-01 8.509648013698735136e-01 8.455494079398410134e-01 8.207188009577248700e-01 8.480729864422810182e-01 8.148637607826911822e-01 8.384322638183429044e-01 8.358894377724017666e-01 8.392215665782979395e-01 8.409156286061726382e-01 8.189049173993000474e-01 8.474981884167946955e-01 8.437973443016675290e-01 8.480893076337381320e-01 8.479789008074684054e-01 8.412452139074588775e-01 8.314859086252404108e-01 8.397510596430147745e-01 8.373006379352477824e-01 8.366750869370278565e-01 8.535581728443926153e-01 8.494447251485510719e-01 8.423671647439094912e-01 8.447614134226116844e-01 8.473481341379354159e-01 8.493902605807023276e-01 8.342615523543104317e-01 8.450057338321848022e-01 8.526282803323809167e-01 8.536388084306664181e-01 8.541743208211378668e-01 8.487188857549758936e-01 8.494209647527806162e-01 8.434447347981361975e-01 8.473592612994758078e-01 8.516906337465287580e-01 8.566080617067012293e-01 8.468349766028741010e-01 8.470362520686880448e-01 8.476427491955003113e-01 8.513452443877168596e-01 8.565930240719048516e-01 8.554521569854390828e-01 8.560344458880960739e-01 8.537843639975416510e-01 8.597728459219373676e-01 8.568269345376189339e-01 8.573447408415247883e-01 8.556911697825838603e-01 8.554997005131346199e-01 8.508104507262693739e-01 8.377481425888331223e-01 8.550559142382787581e-01 8.586472624502081707e-01 8.605251571153470502e-01 8.516508866289864699e-01 8.555123850124217721e-01 8.599435275504744292e-01 8.573457775944658410e-01 8.479940965139340925e-01 8.532539899000547434e-01 8.550691687899468763e-01 8.566530272580399341e-01 8.578168198252590360e-01 8.578124802269683213e-01 8.554635671658609164e-01 8.515649250825412242e-01 8.537779282083259869e-01 8.507167030807900598e-01 8.486183684478555422e-01
