1.000000000000000000e+00 1.456592068988750988e-01 2.212233114343570561e-01 1.881501194889110828e-01 -3.505270879581764282e-02 -1.440160120600991007e-03 9.494729844527276252e-02 8.819363360208568037e-02 1.919522734876921433e-01 1.209196944927587447e-01 8.200877618111565570e-02 5.743746782849704774e-02 6.418568643556744717e-03 2.746184825277058275e-02 5.781770984403249158e-02 4.152379440653963111e-02 1.269609576540531026e-01 1.750763792283194231e-01 1.289425578028638997e-01 1.603020538846329501e-01 1.661739623204205596e-01 9.364209511231116889e-02 1.925228323868332370e-01 1.462955128043164355e-01 1.254291771808982714e-01 1.519272437688645450e-01 1.241768658587238533e-01 8.704602411683892704e-02 1.159510366906333911e-01 1.466092311104972012e-01 1.297703063427166625e-01 1.373840067812085175e-01 1.172208629388660217e-01 1.167837383709445231e-01 1.463714578476597028e-01 7.158169168792431758e-02 1.105519078449944542e-01 6.243608179843481570e-02 6.626609803443737901e-02 4.868422446739150561e-02 5.944517525276021841e-02 3.375780085217028326e-02 3.087825228003108786e-03 2.724694915244966695e-02 5.390591456782434926e-02 2.871593299514959077e-02 1.844614860264507869e-02 4.018735450936154058e-02 3.847248541680092088e-02 8.415464047194765040e-02 5.109077390757159332e-02 6.202226217529374641e-02 3.315592604117538478e-02 4.023037295616193471e-02 3.716767812084304651e-02 5.639647373389701512e-02 6.310122620458392950e-02 2.134555409167154458e-02 2.532204451994811076e-02 3.972424926222551528e-02 1.409563004711465034e-02 2.450738445806288288e-02 2.109662400266126489e-02 4.356949484525811378e-02 6.251145049726594682e-02 5.438510142814479559e-02 3.352222557680026999e-02 5.240436961578934932e-02 7.261781728099206412e-02 5.467517838669752606e-02 5.119531449480659718e-02 4.815043556627585791e-02 6.680483721918165085e-02 5.672325502834443811e-02 5.386048124335677395e-02 5.097997399493078147e-02 4.285604708984018518e-02 5.660284456630525207e-02 5.512352501206350952e-02 7.788639946558095772e-02 7.564941400186089848e-02 6.178529138424753570e-02 6.937549865434050611e-02 6.578564129676073291e-02 6.397359002594037169e-02 5.688251715911041284e-02 4.063766726248461275e-02 3.293041676260521217e-02 2.878312185048792146e-02 3.903393097164092190e-02 2.538910114169567328e-02 1.929303589768469746e-02 3.104637217834935528e-02 1.227282476766601571e-02 1.187838454068021639e-02 1.750038716670897221e-02 2.781470189219242828e-02 6.434861111102181674e-02 2.559520124886120046e-02 3.469437174443776306e-02 5.837765458234191011e-03 2.285255602594683799e-02 3.817469483803437313e-02 1.474788405309887356e-02 3.770671885496269110e-02 4.013581039580643717e-02 4.046626015442656571e-02 2.811046259229423722e-02 2.624808435105808677e-02 1.967237091531201867e-02 1.670938307645299103e-02 2.463166497237949740e-02 1.294941228124686823e-02 3.230892140678987001e-02 4.717312653680102996e-02 4.054023620649069987e-02
1.456592068988750988e-01 1.000000000000000000e+00 1.257784810325509317e-01 8.602091353714937105e-02 -8.588699618168120845e-03 9.364042999385395472e-02 1.222747027265937148e-01 1.300336292197690757e-01 1.944064689078419117e-01 2.351424867029005550e-01 1.796065562995317610e-01 1.318954743888628711e-01 1.269104227313505584e-01 1.185583319319652856e-01 1.476016672429815435e-01 1.571839475737174252e-01 1.709536228089117427e-01 2.478907739266530130e-01 2.086928076815816047e-01 1.542722833916768954e-01 1.716905275314197232e-01 1.674525453679946707e-01 2.554979638145420395e-01 2.353840860263747281e-01 2.201233440577781975e-01 2.197677408232092122e-01 2.055332461109703468e-01 2.201070253702670787e-01 2.334657657114173335e-01 2.570005810604356622e-01 2.240987222674797053e-01 2.311234418370546884e-01 2.374943131275963071e-01 2.212125010799556313e-01 2.472115015777332225e-01 1.656258060598545245e-01 2.196436437227926586e-01 1.896129934983960819e-01 1.938341639916556225e-01 1.741492261402180775e-01 1.838622133921463120e-01 1.741336101280028248e-01 1.428121839663178128e-01 1.597008207480205000e-01 1.790527427383724612e-01 1.727545821040686325e-01 1.527516588736103909e-01 1.723791974186612563e-01 1.584206518527710716e-01 1.476432951528062198e-01 1.567266415822289038e-01 1.131090619284708665e-01 1.333219816716614270e-01 1.698898279456453608e-01 1.544083425225820649e-01 1.795114140232040578e-01 1.324688658372020766e-01 1.481792898737540332e-01 1.552772109861880190e-01 1.556030259099703272e-01 1.446088387359033556e-01 1.468132106736854958e-01 1.355060075164095101e-01 1.455424322849501739e-01 1.486955309022747473e-01 1.493542638073856454e-01 1.676415412215929435e-01 1.880766140300492439e-01 1.983966031936673091e-01 1.532829488952162644e-01 1.649364582141611413e-01 1.841329740778580859e-01 1.939090703522308723e-01 1.953141009276712081e-01 1.778944994858817907e-01 1.849201007942956887e-01 1.842110128372707600e-01 1.928084335104069957e-01 1.943821529210318089e-01 1.999680523047488723e-01 2.036089386532638768e-01 1.889802097665202185e-01 1.807835845608566361e-01 2.013579007806257093e-01 1.827947302019335141e-01 1.899595690947623317e-01 1.831658561218276471e-01 1.753465824601175005e-01 1.656156942634107732e-01 1.695128623103894505e-01 1.761437804302582177e-01 1.639417556066445070e-01 1.689841547442224867e-01 1.633078632059304647e-01 1.562662005485969674e-01 1.601808182327494057e-01 1.345784145286636757e-01 1.352945742465089252e-01 1.527481523950395825e-01 1.626696781148738724e-01 1.483711479657453536e-01 1.456324813826490039e-01 1.470923688250149186e-01 1.468155028389160066e-01 1.474637716123408659e-01 1.424977054374124419e-01 1.586294016756955305e-01 1.682714685963314083e-01 1.609334202245013279e-01 1.541855833603852921e-01 1.537349988129592393e-01 1.537076320584558342e-01 1.486974314542037490e-01 1.474916061302283532e-01 1.574091784742299438e-01 1.488547660694800601e-01
2.212233114343570561e-01 1.257784810325509317e-01 1.000000000000000000e+00 4.209884182033019617e-01 1.473619718883379670e-01 2.310385067610431498e-01 4.058113846304062799e-01 3.568474752384715454e-01 4.050954066419046873e-01 3.241056876060572911e-01 3.896474981416218064e-01 3.831685904910400731e-01 2.865630441721532251e-01 3.147844473567554813e-01 3.809042758021042308e-01 3.743344890146609316e-01 3.839600010783896233e-01 3.636899069084764125e-01 3.944269479774247800e-01 3.581765632755876672e-01 3.931535671433101786e-01 4.007018419448723501e-01 4.211600069143726643e-01 3.716587116951490244e-01 3.949537565437336584e-01 4.351031182002288999e-01 4.114238617656089669e-01 4.129178658807243774e-01 4.028758075293112917e-01 3.775785526563921746e-01 3.999125991305557681e-01 4.145973287105083060e-01 3.775585425997746714e-01 3.720813339252981855e-01 3.593753451778842756e-01 3.751430133916006104e-01 3.622098102700075928e-01 3.937030471685483701e-01 3.788125267545386921e-01 4.032619266657615498e-01 3.910840021347229412e-01 3.784329194736850699e-01 3.640986230414645086e-01 3.716436141913829760e-01 3.894869947169568025e-01 3.698986341044260828e-01 3.498165474379831275e-01 3.622956680128794349e-01 3.597376995854315584e-01 3.793256376780472228e-01 3.827082307413699480e-01 3.797456388683112527e-01 3.641182277102364973e-01 3.627268995862390488e-01 3.746972866814927694e-01 4.008058986343530083e-01 3.855424614082705870e-01 3.557812494939747716e-01 3.632824632839943280e-01 3.589166106917847099e-01 3.570131156641227488e-01 3.554185607520060630e-01 3.649889313738570729e-01 3.610023622093281870e-01 3.617418748176025600e-01 3.631850799844320576e-01 3.590642812620494229e-01 3.799908337923829649e-01 3.866308233828155694e-01 3.865609115669516038e-01 3.885907070133870489e-01 3.824823714050009094e-01 3.790210485717629418e-01 3.809609926485826303e-01 3.863934658068555739e-01 3.808417536625120503e-01 3.791088302319137737e-01 3.853387275944350487e-01 3.862038987062640927e-01 3.795164996335278484e-01 3.746298612315651644e-01 3.721566896689680881e-01 3.912576194823235154e-01 3.741256103589413184e-01 3.729029148320234799e-01 3.675294867650061303e-01 3.650674393332001277e-01 3.720929852353451750e-01 3.620546590874795245e-01 3.822446960112338421e-01 3.767888179418020789e-01 3.638097035968744786e-01 3.694919335827783202e-01 3.599768176986998247e-01 3.451608229363941072e-01 3.488030621343908844e-01 3.783559900038120927e-01 3.743884888644288256e-01 3.589617953058927835e-01 3.667626356861700687e-01 3.546212495139008936e-01 3.686635212605013923e-01 3.663377727425589092e-01 3.557499423205010003e-01 3.681220079740787354e-01 3.677029469946574425e-01 3.617428430319357680e-01 3.573883573672774205e-01 3.760410895638181539e-01 3.522230251953886726e-01 3.635877577158917462e-01 3.514692941957692773e-01 3.527109355472512475e-01 3.568019427102894769e-01 3.685888253341973453e-01 3.616410236267904033e-01
1.881501194889110828e-01 8.602091353714937105e-02 4.209884182033019617e-01 1.000000000000000000e+00 3.011270614627454822e-01 3.822749796733166949e-01 6.124524699424211960e-01 5.942742370473302893e-01 5.714405918001445039e-01 4.386440356592380962e-01 5.767245431804510769e-01 6.473917721076213327e-01 4.879682301978129355e-01 4.868063700488199363e-01 6.134858603521213816e-01 6.076912876938478369e-01 5.635535270478305714e-01 4.644807471148388878e-01 5.223600833095450868e-01 4.856819786854374432e-01 5.490335562832439065e-01 6.115660983048778476e-01 5.431903078900952586e-01 4.727318661956675383e-01 5.167786469395891924e-01 6.135224806746003567e-01 5.666434200264387488e-01 5.607241981122055297e-01 5.031877415442419510e-01 4.868237212521705493e-01 5.535311359090464567e-01 5.787386692131288868e-01 5.255023863621345326e-01 5.437327802960385537e-01 4.879751439534399382e-01 5.729437604890067481e-01 5.178877365748045802e-01 5.894921726414366070e-01 5.714221938087065134e-01 6.080899049500873010e-01 5.865507786758774600e-01 5.808808550419565231e-01 5.787016909328325243e-01 5.976593778310619332e-01 5.908521569438378584e-01 5.707290930964044051e-01 5.524195857229692308e-01 5.604097039548052717e-01 5.669159461894719421e-01 5.949508091916657637e-01 5.987594796082919002e-01 6.172508645207744893e-01 5.920868596955330965e-01 5.620175638153063202e-01 5.835400855161417821e-01 6.073812012387954651e-01 6.144906186727160380e-01 5.655133696421118517e-01 5.701758331541995073e-01 5.749221960684309796e-01 5.720395428253171044e-01 5.711919873663634517e-01 5.821311047634165625e-01 5.843407800342080849e-01 5.814935002719738844e-01 5.803588771111944933e-01 5.565859708665482630e-01 5.716706466280641052e-01 5.765068549054817026e-01 5.991550981253691566e-01 6.100143639539626905e-01 5.779731167937018910e-01 5.616501555953148372e-01 5.617306391665112253e-01 5.905190015718110308e-01 5.738242812715117491e-01 5.683467921493293717e-01 5.526853874684853896e-01 5.612827945138683106e-01 5.508594289689144885e-01 5.551452167176539332e-01 5.599468330051280418e-01 5.968596503690721811e-01 5.512505419511665172e-01 5.679045571817427085e-01 5.617757619838917860e-01 5.617517909366114282e-01 5.766910913979859110e-01 5.671554048428307793e-01 5.925607690405469974e-01 5.787132069582099358e-01 5.695866028873809439e-01 5.716224601134362038e-01 5.687570177052063691e-01 5.505430800418530390e-01 5.507334593674410028e-01 5.995685856192907170e-01 6.005090677099225172e-01 5.710682968940551385e-01 5.753998978043748380e-01 5.646113104765734247e-01 5.886704980288848255e-01 5.853111738261275176e-01 5.771503183682057392e-01 5.893678755936642144e-01 5.900694033885782730e-01 5.733517773465811596e-01 5.560442806145491357e-01 5.890987902707064405e-01 5.616266185085136975e-01 5.725167114503005861e-01 5.632427480742668857e-01 5.656929838637037022e-01 5.756130823067584501e-01 5.787125480818027246e-01 5.765794332924627508e-01
-3.505270879581764282e-02 -8.588699618168120845e-03 1.473619718883379670e-01 3.011270614627454822e-01 1.000000000000000000e+00 2.498757855408372808e-01 4.151530410732872101e-01 4.410483948967667822e-01 3.834463125381796789e-01 3.449228834824422663e-01 3.926491129252352441e-01 4.369773731210274681e-01 4.131798453418531469e-01 3.642110007175157205e-01 4.645606336677660653e-01 4.599111210030323305e-01 3.682241157318534297e-01 2.168120582688929654e-01 2.671224883053188726e-01 2.300976440214188845e-01 2.198414105599202639e-01 3.210688025827663217e-01 2.522268969583820186e-01 2.256869921665043688e-01 2.490013174625703429e-01 3.442561560062576409e-01 3.424548123020128565e-01 3.441908942145347483e-01 2.772708592405656036e-01 2.747356061913753256e-01 3.688782902282982668e-01 3.516095009103173963e-01 2.982979259184261878e-01 3.455561564641232986e-01 3.042642118373501958e-01 3.629505717867166359e-01 3.346822609100414403e-01 4.025476010264070204e-01 4.007103415336990548e-01 3.597403446513163794e-01 4.208067471653310077e-01 4.350505525830681286e-01 4.279415482853257124e-01 4.415979462863598437e-01 4.205541991895689335e-01 4.378458984565815060e-01 4.526464090405745155e-01 4.460686014226766249e-01 4.435139016096367182e-01 3.879265097139961704e-01 4.255767191110311209e-01 4.298148801217694381e-01 4.624175541480246565e-01 4.300525102577156811e-01 4.019337140912898620e-01 4.036817450498363380e-01 4.072214070325736457e-01 4.472686731493905055e-01 4.362625626439979865e-01 4.545534485716719586e-01 4.484211765119933135e-01 4.428540129895284228e-01 4.167733869857415119e-01 4.419649683925469530e-01 4.469232428836442672e-01 4.390864716801253786e-01 4.522849377233617019e-01 4.168054311581310123e-01 4.146244111226313200e-01 4.372286843034219883e-01 4.264153530083337751e-01 4.227755096546793045e-01 4.018393734576711229e-01 4.026657570965637145e-01 4.369862525403270803e-01 4.278214016503596451e-01 4.300412888410431456e-01 4.041389925776959213e-01 4.157475964905084087e-01 4.151932371626025908e-01 4.081759010630147122e-01 4.283224362475531177e-01 4.265326376850889223e-01 4.131426127318078012e-01 4.365174477589541802e-01 4.295079887647429429e-01 4.291331819027956462e-01 4.402575643359937230e-01 4.501603307139869781e-01 4.331089302341511460e-01 4.272080835853603875e-01 4.531904418221299746e-01 4.421663402758779782e-01 4.512756322323548952e-01 4.619441175156639989e-01 4.564954688941776917e-01 4.508713374959498754e-01 4.512643500855598178e-01 4.550395518059187072e-01 4.516212134702528025e-01 4.599796191084162267e-01 4.496033211025398657e-01 4.606798908330250741e-01 4.627771220460741852e-01 4.646537967557515247e-01 4.457484989844772150e-01 4.550221653004588029e-01 4.498353163670675836e-01 4.387558113063643184e-01 4.594992401653398839e-01 4.497660109317564436e-01 4.641671612324758667e-01 4.598732194982499966e-01 4.611266436146359560e-01 4.564893897386241295e-01 4.583217736921980645e-01
-1.440160120600991007e-03 9.364042999385395472e-02 2.310385067610431498e-01 3.822749796733166949e-01 2.498757855408372808e-01 1.000000000000000000e+00 5.260137588413765775e-01 4.882329598268437265e-01 5.084338529551413188e-01 4.732716899317749304e-01 5.453813716480896412e-01 5.795273556635865964e-01 4.937963903174162339e-01 4.791901658221195404e-01 5.822726454335911406e-01 5.656543517833267920e-01 5.315702775983410788e-01 4.306542489798747542e-01 4.829650702758421787e-01 3.843357102201218067e-01 4.373500750499261791e-01 5.394714349879886628e-01 4.780661669944829550e-01 4.340219288892183114e-01 4.912611222081637585e-01 5.571099067954844442e-01 5.578371333650377073e-01 5.735226977050054131e-01 5.137337291342507495e-01 5.187489271935166180e-01 5.617041007109943029e-01 5.618845376169824268e-01 5.384716724387761388e-01 5.392368898423030021e-01 5.102628872798491422e-01 5.642635071763828503e-01 5.479207915211332658e-01 5.841235561890654182e-01 5.885780864737252260e-01 5.707425429892760693e-01 5.947481154826136374e-01 5.913791206620534480e-01 5.848969206713097169e-01 5.990764604149192429e-01 5.982987182680051808e-01 5.928030342814232245e-01 5.928887482922371444e-01 5.930762637221832501e-01 5.901403991362217383e-01 5.677825323918714862e-01 5.892480175477403659e-01 5.720557125435317136e-01 5.828482515540747144e-01 5.812782549157915479e-01 5.721989567365235452e-01 5.935760902770284009e-01 5.726313051899363238e-01 5.879667037481843828e-01 5.819031334817429402e-01 5.920118468360623387e-01 5.896995549583284868e-01 5.822772359654382335e-01 5.734391486763346091e-01 5.906413697892592962e-01 5.938615993337283960e-01 5.805971702787691147e-01 5.959465522135952709e-01 5.875232543884878478e-01 5.916189065332120300e-01 5.861308213404800016e-01 5.962674181064299139e-01 5.985384574221924714e-01 5.739528184533722044e-01 5.836402732824017558e-01 6.015135622953856620e-01 5.992161633510894037e-01 5.982485276618975112e-01 5.884723563485415587e-01 5.973349733789423688e-01 5.859093388605044472e-01 5.858547413007012539e-01 5.901299810901433629e-01 5.958954759003217694e-01 5.858291777953673618e-01 5.895979091074836642e-01 5.910886523487862698e-01 5.989813131922131495e-01 5.998103204233370400e-01 6.001020998464228207e-01 5.967776655616945369e-01 6.038603476850958884e-01 6.025347999321862824e-01 6.002896317444108565e-01 6.037257454764162201e-01 5.963190802997100359e-01 5.983470650633874177e-01 5.875041905410975929e-01 5.772885214498676421e-01 5.938131583984381789e-01 5.990980450241202293e-01 6.003412834133423637e-01 5.960317997915195454e-01 5.954017734585931310e-01 6.011521613272238218e-01 5.964203140561641359e-01 5.850702617577233644e-01 5.921410190938140028e-01 5.957438936832156751e-01 5.981968512134420157e-01 5.959636883900060189e-01 5.942877074170083151e-01 5.949610907604878651e-01 5.920800591936190571e-01 5.931196269343546046e-01 5.943200403499687701e-01 5.908734098841963434e-01
9.494729844527276252e-02 1.222747027265937148e-01 4.058113846304062799e-01 6.124524699424211960e-01 4.151530410732872101e-01 5.260137588413765775e-01 1.000000000000000000e+00 7.369063575648870934e-01 7.181981870968355830e-01 6.403579820299577507e-01 7.386094576075697971e-01 7.959754192966954633e-01 6.767344953156796405e-01 6.501829865509579642e-01 8.364261987919469066e-01 7.984498653615696995e-01 7.233263743944311486e-01 5.816575931590908244e-01 6.554840667280782407e-01 5.461972917102069225e-01 6.102466046328108851e-01 7.262718729674862983e-01 6.653305196844767622e-01 5.876058821233900442e-01 6.493976933633689441e-01 7.746012013513809968e-01 7.378621366331562514e-01 7.499099247678182589e-01 6.467447084589053041e-01 6.540985310822731158e-01 7.370194960753929658e-01 7.685240715817425183e-01 7.088605662510961691e-01 7.269883705148418862e-01 6.670873005400592692e-01 7.626270903620383512e-01 7.130313118610860368e-01 7.970597749165335699e-01 7.834992233245261506e-01 7.953809599371151062e-01 7.969939979343049208e-01 8.002738176674371040e-01 7.871254748124947298e-01 8.063523879970995178e-01 7.982054770566289204e-01 7.794995643280818731e-01 7.823364013269967776e-01 7.831706981116433042e-01 7.859758110480972171e-01 7.852031582253030662e-01 8.062461540653954595e-01 7.968734547701659121e-01 7.925784243487609126e-01 7.722545925676712608e-01 7.713739796369072366e-01 8.019862195180018638e-01 7.855979136686199737e-01 7.817019693834788008e-01 7.828366777570280322e-01 7.876269725141966660e-01 7.860153703002517034e-01 7.752161280059680637e-01 7.756327769613817757e-01 7.886817370220176038e-01 7.803931405806353583e-01 7.728120705405073787e-01 7.844347538474185644e-01 7.814284845294707793e-01 7.881953201648993490e-01 7.914184301412332534e-01 7.996357841260761656e-01 7.872419997193398356e-01 7.640586468103289786e-01 7.660005179472558767e-01 8.040143646218645967e-01 7.867062902951434955e-01 7.839533065291938163e-01 7.575946848332993921e-01 7.816402286074402017e-01 7.606505255482787220e-01 7.664749256619747264e-01 7.744968479220213364e-01 8.038756084953160297e-01 7.679477175795959010e-01 7.866490067441791467e-01 7.813316245272967642e-01 7.823639439376679494e-01 7.988010605133961661e-01 7.928397204396339104e-01 8.013271414859987063e-01 8.012763932182229709e-01 7.967876902383480564e-01 7.951994603271820283e-01 7.937537452149958650e-01 7.821698566134485109e-01 7.819965651199527468e-01 8.064808616200512814e-01 7.940521282572453599e-01 7.904378088106981393e-01 7.978639379065431969e-01 7.923855759878186689e-01 8.016225075035922076e-01 7.988558552534393842e-01 7.983143690177944007e-01 8.028967283955330547e-01 7.886019168924218725e-01 7.906900170156582197e-01 7.823027949690030125e-01 8.008434443885942278e-01 7.874178140994861907e-01 7.948963456628691526e-01 7.866333780536518550e-01 7.837750143896891064e-01 7.904403671638771112e-01 7.925589184743992988e-01 7.855406662158969100e-01
8.819363360208568037e-02 1.300336292197690757e-01 3.568474752384715454e-01 5.942742370473302893e-01 4.410483948967667822e-01 4.882329598268437265e-01 7.369063575648870934e-01 1.000000000000000000e+00 7.135856595438078154e-01 6.392981785002271877e-01 7.139667760240195893e-01 7.838276454040009611e-01 6.824078286872625743e-01 6.557449346380441746e-01 8.041540962727904418e-01 8.050623753309451569e-01 6.962665792323875502e-01 5.683903263137271011e-01 6.217487558459673380e-01 5.383122206866614023e-01 5.799350519058813491e-01 6.890456218556145762e-01 6.340431174101085476e-01 5.631804918371546842e-01 6.083021699813762062e-01 7.531474813938224822e-01 7.177067469520537202e-01 7.285158358461444328e-01 6.538103131384623845e-01 6.566370203119689108e-01 7.383643391948735424e-01 7.398219963161498658e-01 6.792422574563539150e-01 7.079624859940353288e-01 6.742137915834149897e-01 7.193311820423269332e-01 6.985202955124411028e-01 7.815945351799630236e-01 7.703864185908199103e-01 7.442942934599160454e-01 7.812431475620439381e-01 7.811538021211062999e-01 7.627649048229325768e-01 7.863195295408257346e-01 7.709595540523226376e-01 7.791844989334604232e-01 7.756298275919744079e-01 7.780326457786896910e-01 7.817849938089953543e-01 7.663986703055357674e-01 7.887155546048676413e-01 7.612635394781632758e-01 7.815460068094747248e-01 7.752810412868040846e-01 7.759063719876161391e-01 7.905725546019849448e-01 7.772538094585195179e-01 7.788368306329155333e-01 7.841238259997669324e-01 7.823758767568501638e-01 7.811131364765996343e-01 7.780161643330770760e-01 7.747063941315964763e-01 7.835800321852075534e-01 7.734082112807763032e-01 7.750925429745174622e-01 7.771323711510947918e-01 7.690746928913523295e-01 7.783987619454016960e-01 7.814208567893958790e-01 7.782214094039801022e-01 7.747096054958276801e-01 7.501055984193921722e-01 7.509333933562321040e-01 7.916112032400131060e-01 7.786870724154243417e-01 7.770622235081876550e-01 7.588798460041988880e-01 7.719744138270806522e-01 7.683087580026563002e-01 7.644630751564059912e-01 7.766603153103354140e-01 7.896714809795516432e-01 7.686108135586975365e-01 7.855205292891175306e-01 7.742243139450314393e-01 7.705067916345652579e-01 7.892984838237023792e-01 7.864131592817608096e-01 7.928656395974099658e-01 7.771956368641965707e-01 7.857346005830949665e-01 7.826668572284237735e-01 7.845830369255298864e-01 7.780966141548935067e-01 7.787883281731690088e-01 7.944860059234449823e-01 7.934656757801339388e-01 7.888790800642599965e-01 7.921327296234860205e-01 7.800028930681371930e-01 7.959335147525020693e-01 7.887879852436391337e-01 7.926624052906268147e-01 7.935129768628227387e-01 7.874160991399767884e-01 7.922164594479189637e-01 7.809854861547139704e-01 7.924124625679386247e-01 7.849213041814109282e-01 7.899200205522495244e-01 7.845491309006494829e-01 7.837089049550369779e-01 7.918533134551229979e-01 7.847511679269263407e-01 7.843689624687427697e-01
1.919522734876921433e-01 1.944064689078419117e-01 4.050954066419046873e-01 5.714405918001445039e-01 3.834463125381796789e-01 5.084338529551413188e-01 7.181981870968355830e-01 7.135856595438078154e-01 1.000000000000000000e+00 7.561535911483281414e-01 8.058747239967869458e-01 8.281788901213701370e-01 7.240303351402530563e-01 7.021282170424955060e-01 8.355870398027300805e-01 8.141145280269741491e-01 7.920485126692716760e-01 6.979513353502174722e-01 7.148574648028273026e-01 6.093651957087512505e-01 6.665386534617944170e-01 7.461971912487196379e-01 7.499735038365833439e-01 6.742066626930375284e-01 7.105581993082800141e-01 8.394540135246397750e-01 8.206818663465258457e-01 8.089860511713612423e-01 7.590547417373457728e-01 7.905301730408911265e-01 8.610624986076720333e-01 8.303224353436161609e-01 7.748177527990062208e-01 7.848332202233601063e-01 7.995516174885627381e-01 7.657232945911591759e-01 8.040567781939661485e-01 8.393540634388954036e-01 8.417937197970620788e-01 7.785553341071290712e-01 8.546673234151147547e-01 8.298507355126665264e-01 8.008050190090199028e-01 8.401326123148896707e-01 8.378466142684570794e-01 8.396613524544666030e-01 8.510509113969836337e-01 8.658614360636524010e-01 8.594593663340635015e-01 8.165355948815645748e-01 8.454421047809275169e-01 8.008773640337589761e-01 8.398158637214079292e-01 8.631890737880827391e-01 8.436511688448281587e-01 8.510315032783263289e-01 8.493930396586022447e-01 8.482475749042330815e-01 8.513141109493645997e-01 8.677776695268837326e-01 8.518947366696164591e-01 8.545792614880075577e-01 8.383905842657819463e-01 8.572248003374812741e-01 8.598556736628855113e-01 8.639020933431090787e-01 8.613799251409859359e-01 8.565628359255524904e-01 8.656135046167613423e-01 8.485840798510247973e-01 8.463271275667388904e-01 8.571682061750055537e-01 8.380318332952058080e-01 8.442857321277952298e-01 8.660524104010782764e-01 8.656429658949950090e-01 8.546099699232858615e-01 8.459254486804895778e-01 8.554987177942663390e-01 8.697636390788395788e-01 8.651098761806413906e-01 8.718239139120335102e-01 8.615620309912449537e-01 8.594820007398704664e-01 8.590178891907309655e-01 8.538633120130213472e-01 8.550258280357595497e-01 8.484066165126967762e-01 8.526987369790849369e-01 8.539244090138691234e-01 8.362312540632628188e-01 8.503093475975010973e-01 8.553319880166783129e-01 8.477371340895527574e-01 8.540149365709707174e-01 8.552700052464512481e-01 8.363874756069603622e-01 8.569096767954798022e-01 8.566648708389514866e-01 8.526770546910859006e-01 8.367746078693405476e-01 8.529973509596481263e-01 8.583434260779876368e-01 8.522580832052044642e-01 8.554039814701810407e-01 8.609434613839448414e-01 8.655341296014298358e-01 8.608871725281453946e-01 8.572902718951096457e-01 8.566991910271077870e-01 8.533536531386054502e-01 8.617515434800516738e-01 8.549468070807175746e-01 8.602958037830293891e-01 8.644797216408969254e-01 8.649787935509516412e-01
1.209196944927587447e-01 2.351424867029005550e-01 3.241056876060572911e-01 4.386440356592380962e-01 3.449228834824422663e-01 4.732716899317749304e-01 6.403579820299577507e-01 6.392981785002271877e-01 7.561535911483281414e-01 1.000000000000000000e+00 7.340347692064388418e-01 7.418923757961048970e-01 6.747540858968552602e-01 6.596789547329181547e-01 7.661400757828487063e-01 7.557381656648444190e-01 7.166855143412349527e-01 6.168056518249570574e-01 6.405246423154548063e-01 5.196447734910263350e-01 5.622974028663300095e-01 6.639649731946321021e-01 6.678234160910474504e-01 6.102511817567187746e-01 6.466249129727732470e-01 7.521593982172076753e-01 7.609380174791204876e-01 7.511889687015327333e-01 7.070594365584580432e-01 7.337873103240298844e-01 8.000468231250554840e-01 7.612587882582447785e-01 7.220972953651388915e-01 7.277873393987570605e-01 7.358072027054731734e-01 7.126154714052282957e-01 7.527654886083916530e-01 7.819694357870129453e-01 7.846162560924477836e-01 7.224748145260601051e-01 7.914961152988501114e-01 7.764979345690009582e-01 7.472864025969914170e-01 7.836497666827764164e-01 7.772336875274240553e-01 7.851437286830380557e-01 8.009736609444146893e-01 8.156000215842463819e-01 8.000224742942149136e-01 7.313051097154321667e-01 7.770490870964833485e-01 7.132718298130122925e-01 7.673382482575017427e-01 8.056052808721810843e-01 7.778145250017424184e-01 7.840822236990434568e-01 7.625138849234966987e-01 7.989200114482428727e-01 7.935010807036172453e-01 8.052417742103564757e-01 7.938475653376148022e-01 7.932781860468020030e-01 7.702214934494666654e-01 7.885398979654560936e-01 7.872976204166303171e-01 7.910999037756699659e-01 8.066512945094834741e-01 7.952192618681205305e-01 8.037127896981038910e-01 7.771689688407578123e-01 7.783912728912164569e-01 7.968943608435790082e-01 7.764200121040906177e-01 7.899948553910818294e-01 8.032030590967684791e-01 8.057896813425639015e-01 8.035858171950541751e-01 7.916230116934805938e-01 8.002883145180075264e-01 8.112846885963947985e-01 8.067288474937824860e-01 8.170460515389327272e-01 7.978681806696080736e-01 8.056281787761195856e-01 7.971630713096085064e-01 7.984067865002011377e-01 8.050603897402894837e-01 7.977207524391887183e-01 8.012286726291387717e-01 7.948606846482879629e-01 7.864211313689145610e-01 8.002754961169328274e-01 8.014737701692682403e-01 7.982209669932516238e-01 8.052640871158938118e-01 8.079114134457588969e-01 7.662495837631857487e-01 7.711943555942899486e-01 8.005350318183529490e-01 7.967015794026980346e-01 7.861584760924685833e-01 7.920250691510846153e-01 7.947997948482135033e-01 7.962508715667527825e-01 7.903777295075362641e-01 7.888472284568448512e-01 8.042441434246914156e-01 8.097512096769460266e-01 7.992621127995103159e-01 8.038617948715360839e-01 8.026148596472232333e-01 8.069449887055772930e-01 8.016683754770065340e-01 7.959789765304221554e-01 8.030581090965559499e-01 8.001555780585870581e-01
8.200877618111565570e-02 1.796065562995317610e-01 3.896474981416218064e-01 5.767245431804510769e-01 3.926491129252352441e-01 5.453813716480896412e-01 7.386094576075697971e-01 7.139667760240195893e-01 8.058747239967869458e-01 7.340347692064388418e-01 1.000000000000000000e+00 8.712190090068863135e-01 7.507939845214579577e-01 7.425931188361902802e-01 8.619708448092755493e-01 8.498027802230900818e-01 7.980706369670816924e-01 7.015077803545964885e-01 7.554022434982196055e-01 6.049025525835778350e-01 6.884625567293619630e-01 8.046048635370385282e-01 7.642180099835896856e-01 7.069674996631983843e-01 7.578216696503456973e-01 8.517670974516483584e-01 8.529065781154947512e-01 8.506669983940903235e-01 7.772353958859922196e-01 8.070437751649188751e-01 8.618273085113175025e-01 8.610971450791136128e-01 8.099612047549142879e-01 8.299838789741009748e-01 8.044676373546142401e-01 8.308416701712197927e-01 8.296858273207832202e-01 8.785890278796600894e-01 8.809164449213744419e-01 8.421422609063561326e-01 8.922280861905586002e-01 8.823468831077107000e-01 8.632776609970594928e-01 8.919517044764581071e-01 8.859352166839469245e-01 8.825567196279491267e-01 8.870179153771824421e-01 8.926919438540704688e-01 8.896458422904507390e-01 8.565324141316499329e-01 8.851108437669846785e-01 8.524102959650911027e-01 8.762161029901297526e-01 8.849219512112346253e-01 8.654012843949229206e-01 8.851072746216290810e-01 8.661915901299913623e-01 8.764332479151500932e-01 8.798960571942612274e-01 8.899336802402337820e-01 8.881076994758280163e-01 8.745465790982345222e-01 8.673267518267302467e-01 8.837758982339234404e-01 8.821108317573362889e-01 8.759077622601588731e-01 8.955063868174391040e-01 8.958237249113598644e-01 8.991321394815499080e-01 8.858569489740715230e-01 8.955318395519531460e-01 8.988780752654736972e-01 8.778775096399878963e-01 8.899815210356878392e-01 9.011100084116994147e-01 8.963045308646733211e-01 8.928722755156701663e-01 8.816908807912409163e-01 8.935161285518088414e-01 8.878437544005283177e-01 8.888429328493312465e-01 8.969365633766209767e-01 8.993660545354447144e-01 8.873706462355663849e-01 8.944725965900495179e-01 8.952275870543532355e-01 8.949957305288340770e-01 8.954322069007714102e-01 8.965868342538868552e-01 8.952221305197217704e-01 8.922627809866310322e-01 8.974488566581199089e-01 8.989661383934260952e-01 8.967971735407110900e-01 8.909331788794737639e-01 8.918112546563208287e-01 8.831635219408350279e-01 8.800106106839358233e-01 8.923373946300395820e-01 8.947482588921861213e-01 8.886635679942657129e-01 8.928052476640224722e-01 8.948946704607007030e-01 8.946239571289119619e-01 8.934829319926311797e-01 8.841605758497573797e-01 8.941166545931029663e-01 8.922091246997264635e-01 8.967271428395987565e-01 8.922440973441289058e-01 8.934804000049613171e-01 8.912388165686406793e-01 8.878892571485774710e-01 8.911013436802320831e-01 8.943358124567127865e-01 8.881869583871716545e-01
5.743746782849704774e-02 1.318954743888628711e-01 3.831685904910400731e-01 6.473917721076213327e-01 4.369773731210274681e-01 5.795273556635865964e-01 7.959754192966954633e-01 7.838276454040009611e-01 8.281788901213701370e-01 7.418923757961048970e-01 8.712190090068863135e-01 1.000000000000000000e+00 7.871321402614571694e-01 7.677148112420026926e-01 9.131922636161133866e-01 9.011657155967900401e-01 8.181146055767059000e-01 6.765059154352417448e-01 7.519130279268019246e-01 6.123698911440716985e-01 6.959323459036710346e-01 8.278641501306296391e-01 7.571838737781499962e-01 6.793990275288983582e-01 7.543373562901272145e-01 8.787744507332408972e-01 8.616300636695525261e-01 8.682473713170917318e-01 7.778389381221998411e-01 7.951317289333225125e-01 8.758100642079585940e-01 8.708327217607780835e-01 8.195751262923945957e-01 8.333538614761752950e-01 8.027012382077116648e-01 8.598970976819981793e-01 8.444770823264561299e-01 9.133671674705901022e-01 9.099494602506974505e-01 8.818002949244485578e-01 9.226349325127879419e-01 9.182764312401109352e-01 9.061410179392247466e-01 9.317817837307289519e-01 9.195140500212269918e-01 9.180085482049197276e-01 9.236496653464932871e-01 9.266515167517038742e-01 9.262916171265314080e-01 8.920132797803486113e-01 9.268380442224741778e-01 8.988401827938256039e-01 9.233900364018432505e-01 9.222630746236850641e-01 9.130731543150621965e-01 9.257027159782407200e-01 9.178914815185071907e-01 9.208770990947390267e-01 9.225281916912176916e-01 9.308659600868135486e-01 9.310697861834796862e-01 9.229731922862670634e-01 9.176316056214581796e-01 9.291149243233852717e-01 9.219449088833147066e-01 9.214925538861356014e-01 9.262227896237097413e-01 9.183743716153536241e-01 9.217891006751945948e-01 9.198536879752041706e-01 9.298730701830891787e-01 9.273496299985328761e-01 8.931688602911328489e-01 9.068371952494129751e-01 9.355952460041574437e-01 9.283833326965186261e-01 9.227095769852512452e-01 9.030280844299787280e-01 9.173635062693320519e-01 9.082524251848378416e-01 9.099635487262657252e-01 9.223363795206225291e-01 9.307261390161523096e-01 9.119284207676450205e-01 9.198786869485903184e-01 9.173293377001281446e-01 9.249451428814495779e-01 9.290098154695261012e-01 9.312925644602980668e-01 9.318697244800923096e-01 9.262236748877903381e-01 9.331466910745119803e-01 9.320245752402546158e-01 9.323595789674562484e-01 9.256983963007007210e-01 9.272471269028124130e-01 9.257950914471707593e-01 9.239284181467198875e-01 9.308254400540534323e-01 9.292975309946219786e-01 9.244862702248380915e-01 9.351519765253711869e-01 9.353503096030615360e-01 9.358107460818925194e-01 9.343184002260399579e-01 9.297803723476373294e-01 9.325394540725241432e-01 9.273082011812112668e-01 9.350784995855997428e-01 9.308142110034255401e-01 9.312283955645420663e-01 9.300922793573637160e-01 9.288469613411974857e-01 9.320173367360193861e-01 9.308119109635418775e-01 9.308349508963226215e-01
6.418568643556744717e-03 1.269104227313505584e-01 2.865630441721532251e-01 4.879682301978129355e-01 4.131798453418531469e-01 4.937963903174162339e-01 6.767344953156796405e-01 6.824078286872625743e-01 7.240303351402530563e-01 6.747540858968552602e-01 7.507939845214579577e-01 7.871321402614571694e-01 1.000000000000000000e+00 6.765892296023408026e-01 7.997138576815556732e-01 8.040959527746875946e-01 7.034537151680086975e-01 5.635191573100213347e-01 6.210153560297527742e-01 4.850904232912807146e-01 5.628725272069494689e-01 6.957236584709816096e-01 6.307387323170856597e-01 5.603756807584341360e-01 6.273199911853807320e-01 7.571189665181921047e-01 7.568531985506229409e-01 7.624170675743611181e-01 6.962897419713097724e-01 7.146412815267366714e-01 7.921817218207143352e-01 7.473872639939660445e-01 7.273962621981018284e-01 7.127599970474770563e-01 7.249657832936771129e-01 7.361123245096966583e-01 7.530997000393251373e-01 7.992735529516262760e-01 8.070464529925897024e-01 7.531696351015270130e-01 8.175769035815019237e-01 8.107447841617060336e-01 8.013024643517813184e-01 8.246037258863229136e-01 8.024849978120883742e-01 8.208196896063576498e-01 8.286244212803295373e-01 8.269839526510913696e-01 8.252845447293233327e-01 7.688519040274033323e-01 8.080675998441053665e-01 7.552771928972878968e-01 8.085266506618410398e-01 8.230577375684803298e-01 7.962879660770278978e-01 8.069913143320164295e-01 7.881571809898161307e-01 8.206247966125822524e-01 8.168096141218751383e-01 8.293432599373923297e-01 8.274406228208133207e-01 8.184350711338783668e-01 8.028518558346143807e-01 8.187345292567042021e-01 8.127943157272284891e-01 8.118830022575287408e-01 8.291919838800406728e-01 8.062693905867084343e-01 8.160663669160526101e-01 8.016606456319040896e-01 8.062363188240314615e-01 8.168684325077605335e-01 7.754896188639076593e-01 7.969617626557010670e-01 8.270039406081000077e-01 8.264181633662052162e-01 8.228690107289655664e-01 8.071281259826385002e-01 8.176381799328468203e-01 8.189976215031117279e-01 8.175739147074237989e-01 8.279676789765699763e-01 8.104222780003098592e-01 8.205517133973870836e-01 8.208385077070187164e-01 8.098306415325619012e-01 8.212560184863735291e-01 8.245633822267228741e-01 8.289983569501871985e-01 8.193904687078985560e-01 8.206460198161737996e-01 8.307430962477881931e-01 8.275068371324981742e-01 8.308885129208024578e-01 8.308017847768802699e-01 8.310545749752226152e-01 8.089389643448641198e-01 8.088636345989329568e-01 8.292935149646422088e-01 8.265512298466051178e-01 8.240214016115625650e-01 8.251673557341206999e-01 8.257911444508946319e-01 8.331969594136546808e-01 8.193292005196736172e-01 8.192726780627951344e-01 8.292325602137672336e-01 8.287260529879277859e-01 8.264676761688565243e-01 8.329825545737616910e-01 8.294087008123696148e-01 8.328974818593308793e-01 8.300554123871751733e-01 8.291109288301954372e-01 8.239218047126393163e-01 8.244608517529669056e-01
