1.000000000000000000e+00 1.133258596818503133e-01 1.185348623786052769e-01 -5.569529475480679281e-02 -1.833121707903970915e-02 -5.834691348592360022e-02 -3.030981492463085195e-02 -5.503732700326629396e-02 1.503680925594924056e-01 9.790978160343744019e-02 6.015226514545407577e-02 -1.582713248928307309e-02 -8.009989701616976668e-03 -1.422448728369840251e-02 -7.584611016758278576e-03 -7.506917591732870272e-03 1.659921528351958886e-01 2.413915982554840356e-01 2.170773784610738888e-01 1.912958442251153357e-01 1.988595228736825260e-01 1.780164723605661137e-01 1.968285023200333217e-01 2.065892465396340083e-01 1.603670798555669186e-01 1.372910894649352620e-01 1.464063877279700721e-01 1.319917415673965422e-01 1.706945884928469936e-01 1.754055317627921939e-01 1.175758756986761827e-01 1.182233315127846768e-01 1.185942666025378012e-01 1.075324509000560730e-01 1.249086488939093464e-01 7.194213225897393149e-02 1.133333162625214940e-01 3.852281960014963813e-02 6.247349246473139078e-02 2.468189109420762528e-02 4.117433341830451649e-02 2.680211208366023098e-02 2.565343888396917280e-02 5.223081783702282488e-02 6.853556761096991912e-02 6.068320507792122898e-02 2.252602896223129814e-02 3.394316402299468738e-02 5.023659835111653899e-02 2.584608703351905581e-02 4.363058355248763953e-02 4.596966196133333432e-02 3.599424401975096638e-02 7.683263498823694748e-02 8.083260488198686089e-02 9.128611506805148212e-02 8.606714649666240280e-02 1.478717817434679720e-02 3.461034338093106622e-02 5.664282473916969901e-02 4.369227648253011520e-02 4.011763958045363315e-02 4.125494944655466040e-02 6.187314461248567127e-02 9.823880870052896508e-02 7.427781653462117717e-02 4.234680939014706658e-02 9.612423207113705848e-02 8.155706517971846037e-02 1.085822034093107263e-01 9.022667915016392703e-02 7.877359965274452480e-02 9.533827981443883381e-02 7.571582342919473685e-02 5.211182692286337598e-02 6.085562958664778033e-02 5.329567198174404996e-02 7.404374687231758678e-02 5.262540939969432424e-02 6.347916598711630942e-02 7.059280798963019077e-02 4.346818608258083000e-02 6.380468595319824243e-02 6.274614899936076240e-02 9.052893556061977071e-03 4.344756851161397232e-02 4.904238911297151976e-02 1.107562038304800781e-02 2.549862106627868302e-02 4.074197982087349179e-02 2.729532270541781130e-02 1.636278052373572878e-02 2.934505849913014719e-02 2.246425063960061363e-02 8.512600695768694770e-03 1.869329523806727636e-02 -1.262089539223263876e-02 3.074335445800552985e-02 1.655073657967430847e-02 3.794118361905376297e-03 8.627132616327517697e-03 1.808981348464348826e-02 8.378951219122094535e-03 1.235499153516336247e-02 3.012184652522208184e-02 3.682522840655286234e-02 2.500683511126028380e-02 3.090993088035208503e-02 4.321567266859139417e-02 1.935041191338582323e-02 9.326297681518054550e-03 2.634447287108802882e-02 1.877823939376652845e-02 2.014153546308148496e-02 4.474566501544698094e-02 3.245215426943094672e-02
1.133258596818503133e-01 1.000000000000000000e+00 4.866476233344445290e-02 2.038389411043100424e-02 5.777842347440190207e-02 6.592087041951102955e-02 9.146573420298993728e-02 1.052567513210775352e-01 1.852243149485273133e-01 1.654400681367500237e-01 1.005249887032737405e-01 1.107184756007733029e-01 8.493490567534596469e-02 8.035385611068433798e-02 1.135740697934883858e-01 1.176711435532752231e-01 1.324594998004831325e-01 9.816732970216000831e-02 9.272225172883162558e-02 7.766013604087695921e-02 4.907033311967621408e-02 7.894933273401864848e-02 1.251552835266481478e-01 8.246502616564670152e-02 8.445678144609501670e-02 1.544788659664730890e-01 1.284080767475368756e-01 1.544510532307747097e-01 1.691710389623835020e-01 1.660803757275515768e-01 1.611809727597595110e-01 1.454464204284363904e-01 1.508159812983896064e-01 1.252297458889342907e-01 1.490684212568054723e-01 1.203221056505300174e-01 1.387255862374925375e-01 1.380842710515797767e-01 1.435699835304512229e-01 1.167368485406997114e-01 1.408828820066586052e-01 1.309581755649521784e-01 1.165908575059792091e-01 1.304669095314640315e-01 1.238509991100668617e-01 1.404483668192197388e-01 1.382410983781142688e-01 1.475822100816209514e-01 1.436243843673623288e-01 1.137734776567161377e-01 1.375324313811295829e-01 9.270995731614740942e-02 1.070525970504800917e-01 1.597009332052975461e-01 1.547595181176003032e-01 1.635444434585850149e-01 1.496630570284983586e-01 1.391372612674755260e-01 1.512983370197073518e-01 1.471381637299682965e-01 1.414803896062558908e-01 1.535755656253350310e-01 1.433314160306125018e-01 1.504629892900590515e-01 1.453930165583234013e-01 1.529788872442275904e-01 1.459719034132551940e-01 1.418955248791482493e-01 1.443378466307830565e-01 1.319470187633041136e-01 1.197133519246679073e-01 1.349101822359976277e-01 1.281710086599051335e-01 1.269189331369877938e-01 1.445473741154111869e-01 1.417950713144076891e-01 1.444069131989400567e-01 1.596456072805589321e-01 1.439517113022990846e-01 1.545875528991776104e-01 1.529071933029625685e-01 1.464362565516607040e-01 1.510402744477966908e-01 1.528900096125853647e-01 1.250827000663027044e-01 1.283964625755912858e-01 1.406464854012963173e-01 1.364120247015013498e-01 1.396425600429015146e-01 1.470475307308548307e-01 1.354550268860218454e-01 1.422737952609702261e-01 1.332749734363374017e-01 1.365796567266153450e-01 1.390817598626596374e-01 1.484788249273380767e-01 1.143106350879894290e-01 1.237614582759774262e-01 1.397721027523919357e-01 1.276263810883096483e-01 1.315237823921286131e-01 1.360873524152808600e-01 1.228614210960129044e-01 1.308081288720543967e-01 1.255456570734701516e-01 1.430801907085711422e-01 1.395027292679450193e-01 1.519001254663753520e-01 1.553923194341047809e-01 1.419687245918481444e-01 1.387372155285440112e-01 1.434948083059478519e-01 1.430356683504834525e-01 1.412475312275598971e-01 1.432681612683253392e-01 1.450731817421652137e-01
1.185348623786052769e-01 4.866476233344445290e-02 1.000000000000000000e+00 2.912493568287840007e-01 1.100646402789113715e-01 1.658801743447511634e-01 1.991541954742037102e-01 1.942389223895660821e-01 2.631492047757654218e-01 2.139456295857724288e-01 2.929184704774068781e-01 2.894617229924643098e-01 1.901444594108332165e-01 1.896394084056449714e-01 2.411413785763572015e-01 2.486564719902702170e-01 3.177490623118070512e-01 3.470469366005819456e-01 3.707055095812356593e-01 3.173974506618920111e-01 4.078073552343372543e-01 4.086699113187544086e-01 3.506559623877210097e-01 3.505836918957944137e-01 3.794863202196051000e-01 3.329589368939839256e-01 3.559286049586558032e-01 3.345864064283921024e-01 3.102366542300313279e-01 3.147626580974029475e-01 3.140956991929857445e-01 3.262572881918678336e-01 3.335984772010477939e-01 3.496390380872894110e-01 3.407801167812465337e-01 3.462721475301344110e-01 3.366564650068210041e-01 2.944800210047645028e-01 3.065561462165394269e-01 3.454004602200450025e-01 2.962968991601471203e-01 3.132894934164101586e-01 3.386437064794329821e-01 3.296285567769565716e-01 3.452928200508609824e-01 3.143723400511268529e-01 2.716945777879491986e-01 2.663489038790503582e-01 2.872733864532406312e-01 3.395961047645162378e-01 3.008361549525709888e-01 3.427585402643499313e-01 3.224525645010572483e-01 2.633818797209854790e-01 2.820585181109100392e-01 2.941919960883442875e-01 3.103164751232662666e-01 2.762164567114717695e-01 2.619750939052855054e-01 2.766855212074282866e-01 2.839547593024290828e-01 2.623906584393648767e-01 2.838455375639069023e-01 2.765581980266906270e-01 3.000515171665137926e-01 2.957310313684499703e-01 2.715244110114744536e-01 3.120514962346100929e-01 3.016088170902684884e-01 3.198021912485815021e-01 3.436909680077123719e-01 3.284743000793838297e-01 3.077459152044130786e-01 3.149544765121591317e-01 2.952720627160186906e-01 2.975598294078307116e-01 2.931430442377634948e-01 2.699434336272921175e-01 2.790932625537466683e-01 2.684180972264492149e-01 2.887135818199396686e-01 2.753675186235548522e-01 2.932202532925962668e-01 2.902204335868711627e-01 2.945373260778864632e-01 2.928564729873583405e-01 2.947887969919813500e-01 2.777877152251357895e-01 2.771835720011499027e-01 3.001984941403583185e-01 3.051780407838627363e-01 2.776814895081017864e-01 2.964860933874278182e-01 2.862481378185752212e-01 2.614378661834935724e-01 2.595989608506488189e-01 2.950682678944325232e-01 2.962808277529254131e-01 2.758595888821880338e-01 2.856631805877093422e-01 2.889256407370570101e-01 2.837865952633542022e-01 2.836936043781123629e-01 2.892916320734318369e-01 3.030691752675863659e-01 2.953025916477199919e-01 2.791068797212417629e-01 2.599554484416167210e-01 2.749884990117102412e-01 2.671621157946147407e-01 2.676583174565430601e-01 2.655448746868299681e-01 2.640846566610153268e-01 2.687500275647152770e-01 2.775405609744323043e-01 2.757044383428599588e-01
-5.569529475480679281e-02 2.038389411043100424e-02 2.912493568287840007e-01 1.000000000000000000e+00 2.096786882617178160e-01 2.717937777565524460e-01 4.140955906213493187e-01 4.118481746193426996e-01 3.632171597664330398e-01 3.382432311642062928e-01 4.674823367307620603e-01 5.290414846896647205e-01 3.700903517989285740e-01 3.700829946951856297e-01 4.720054272290398201e-01 4.669619961327700630e-01 3.768247969614639259e-01 2.850017411213009444e-01 3.375957943733999822e-01 3.110905861933242478e-01 3.939053596733130269e-01 4.485672756153377128e-01 3.556173346846028815e-01 3.244655184930449465e-01 4.145049424523691850e-01 4.289062720537459850e-01 4.556144403246580321e-01 4.592384759909741709e-01 3.852737862760566845e-01 3.816010860018473894e-01 4.493775615735403073e-01 4.256919216136380579e-01 4.048413367995020717e-01 4.423795744977421229e-01 4.264532532121604325e-01 4.829386891090695633e-01 4.502534152979994486e-01 4.633972259989723175e-01 4.560093007851239721e-01 5.148901367965398324e-01 4.691639297445694412e-01 4.982348330956892779e-01 5.251615492939616381e-01 4.981407451465799108e-01 5.120998052573617620e-01 4.692031103629429323e-01 4.628318047430873272e-01 4.476914919630660128e-01 4.627292343748397041e-01 5.224140863277668689e-01 4.836093158140316595e-01 5.406660472056321609e-01 5.191630299787688418e-01 4.137008168241028683e-01 4.259296950453601016e-01 4.221094429864164499e-01 4.644578204692568213e-01 4.565191215789633494e-01 4.425812354439203067e-01 4.526382795803051140e-01 4.649667536091645625e-01 4.401030597839593606e-01 4.556882842112519039e-01 4.429127656050548256e-01 4.507997101385585181e-01 4.654763592878652378e-01 4.385148012797199235e-01 4.233011910986254067e-01 4.375983609604252034e-01 4.316734413090580480e-01 4.796864421196151973e-01 4.650869750973112282e-01 4.306001582693765317e-01 4.539913874872206212e-01 4.704031072771967525e-01 4.645830191888418170e-01 4.686371784627899606e-01 4.310057360994392628e-01 4.533499749969943649e-01 4.253110192829577252e-01 4.431146341048038950e-01 4.579010601619866172e-01 4.534614587023616528e-01 4.436384519579011365e-01 4.900733569591677607e-01 4.621704225030595636e-01 4.703405466880214436e-01 4.686347589384332046e-01 4.618423713561331523e-01 4.672570288617105549e-01 4.885863673669922913e-01 4.750980935683292716e-01 4.856994235023739948e-01 4.753566366696451162e-01 4.568884929227160496e-01 4.502863253585625003e-01 5.216244458484488034e-01 4.929938422110819451e-01 4.685959003574637349e-01 4.874595534003627328e-01 4.928214958728040496e-01 4.797871765901103314e-01 4.968373513682716736e-01 4.859916281756060941e-01 4.944453754033739101e-01 4.817974565873348047e-01 4.730338840096160458e-01 4.422603871371912354e-01 4.471301717100393258e-01 4.576417328261814799e-01 4.645576604491054029e-01 4.584596856526411135e-01 4.579973246000245690e-01 4.626593671408316677e-01 4.555398321609537837e-01 4.659968940365144530e-01
-1.833121707903970915e-02 5.777842347440190207e-02 1.100646402789113715e-01 2.096786882617178160e-01 1.000000000000000000e+00 2.368842382758183929e-01 3.756788552799145697e-01 3.716185028886357933e-01 3.457124650240482322e-01 3.510737008747130683e-01 3.347846600128715489e-01 3.914066396998054365e-01 3.974605801639694569e-01 3.163666603628253471e-01 4.235182992683671488e-01 4.180461125955770574e-01 3.198680176892442772e-01 2.252666678600640793e-01 2.563816742866464882e-01 2.322972227247535049e-01 2.500170084441467599e-01 2.821802386113928529e-01 2.689363436848110078e-01 2.405919877419466779e-01 2.921674588869463962e-01 3.675783508349244055e-01 3.533983560853216632e-01 3.603246582579341939e-01 3.413785577065676091e-01 3.550413625917591687e-01 3.879698524117460856e-01 3.589290434199011726e-01 3.513594945203431519e-01 3.568199288330228258e-01 3.556297328375424560e-01 3.616673672016499919e-01 3.710993284126632985e-01 4.076484193520741872e-01 4.059802718825363810e-01 3.754533111057625216e-01 4.014759905815192820e-01 4.056764711673579438e-01 3.895506134997931968e-01 4.103306788643313885e-01 3.961626836813577635e-01 3.971096820563765339e-01 4.117007226297313416e-01 4.104188146350711275e-01 4.139066716124238932e-01 3.981292773428283804e-01 4.065231011089973090e-01 3.988059114403762484e-01 4.096526071672238478e-01 3.966285466512602942e-01 3.990689089450232263e-01 3.886785366773958250e-01 4.055097474041376993e-01 4.227500655794822482e-01 4.135648680455525361e-01 4.229748549374585664e-01 4.156307815814515583e-01 4.201524431371112533e-01 4.172040214596751673e-01 4.159219667924068387e-01 3.991523438256676104e-01 4.140746206389441797e-01 4.082115113848429622e-01 3.845975773605886938e-01 3.882755686256241234e-01 3.805220384069431527e-01 3.896012730426914317e-01 3.923361910491768301e-01 3.784001425195332446e-01 3.874635842784684425e-01 4.113301490990239895e-01 4.057309051455514348e-01 4.078996425888451460e-01 4.036614022591239470e-01 4.062215250598288918e-01 4.055439226514407358e-01 4.037392868594063544e-01 4.128678018280794726e-01 3.944266558957583713e-01 3.981340085918408933e-01 4.062533405877887804e-01 4.039995393599700724e-01 4.066227562889997427e-01 4.162208866307443578e-01 4.153952069279646109e-01 3.984834231574865826e-01 4.079167718217318050e-01 4.155910569001405319e-01 4.133569809778769311e-01 4.134473090642893922e-01 4.178481548442246618e-01 4.155883812451040549e-01 4.173261176981841181e-01 4.211554354037264081e-01 4.186923574336860465e-01 4.171269456106678764e-01 4.158820510453868358e-01 4.221307573974544258e-01 4.229929178607778617e-01 4.196515067611191196e-01 4.132075818204434814e-01 4.221470911920197633e-01 4.192394360499179240e-01 4.124460655178398549e-01 4.103160024065555245e-01 4.184167918793710306e-01 4.216758915885873704e-01 4.206304386055567113e-01 4.219856369971645704e-01 4.191034033118465341e-01 4.131563823444949213e-01 4.194059392021038390e-01
-5.834691348592360022e-02 6.592087041951102955e-02 1.658801743447511634e-01 2.717937777565524460e-01 2.368842382758183929e-01 1.000000000000000000e+00 4.151288610269096568e-01 3.541064154720981461e-01 3.839380545071139350e-01 3.757452759574778089e-01 3.768867463309810151e-01 4.383643438409535187e-01 3.899115132465904576e-01 3.505780360853356092e-01 4.582016843173115639e-01 4.538400101020381716e-01 3.823676291087906298e-01 2.608201462600311937e-01 3.156223731262098875e-01 2.594522846345518330e-01 2.907849061106222988e-01 3.491434639604678591e-01 3.347682962230762449e-01 2.832363919351539305e-01 3.431554196962078307e-01 4.161068673061849021e-01 3.985149432733071095e-01 4.202674838966481419e-01 3.758054196587667928e-01 3.985332578661259229e-01 4.432512539915546279e-01 4.211600153186240703e-01 3.983143325335933849e-01 4.140972439404523309e-01 4.030696903139198706e-01 4.367302380014444485e-01 4.368496862654953627e-01 4.408892427216838938e-01 4.540775676436299979e-01 4.579510013218426878e-01 4.771903371974716146e-01 4.674650411199587907e-01 4.643194197089093866e-01 4.652680550975145102e-01 4.647147937629488856e-01 4.584790191734190445e-01 4.747508066503566826e-01 4.743898132532490264e-01 4.635633015326998119e-01 4.518098824684190773e-01 4.621613414900021533e-01 4.455927093824727514e-01 4.498245961713637775e-01 4.518480378413499698e-01 4.443122961838144591e-01 4.367043110271725537e-01 4.432392141896731586e-01 4.698406074536252697e-01 4.566312854267737253e-01 4.681915829305031695e-01 4.663130281887759021e-01 4.631064409732664200e-01 4.541769858944298410e-01 4.618216134956843466e-01 4.539331494024428926e-01 4.632884495172950312e-01 4.762015714382712428e-01 4.472117403201532615e-01 4.570250176973493783e-01 4.347248389394623436e-01 4.480499740119758822e-01 4.594255664955801954e-01 4.358408847541705988e-01 4.506415881947148372e-01 4.725722463665854023e-01 4.657611160668800321e-01 4.697545102758168833e-01 4.598122383017705372e-01 4.686900951036288565e-01 4.603527370782743988e-01 4.578219960217749240e-01 4.751140107439854599e-01 4.641904605075883872e-01 4.623135045272094290e-01 4.736821744020576763e-01 4.640466064813790203e-01 4.690700242024223310e-01 4.775429993952221008e-01 4.696402945962364628e-01 4.734880561758299522e-01 4.773927359088105393e-01 4.828008760882475103e-01 4.784475421251526139e-01 4.788047474387789881e-01 4.795808668842902467e-01 4.809983684052109854e-01 4.739653039759378905e-01 4.692503150664431022e-01 4.778017648466330591e-01 4.804543591532597357e-01 4.839754330702787377e-01 4.754069695344941837e-01 4.767337042203987907e-01 4.835766051163814527e-01 4.755810713631259956e-01 4.701904362394052628e-01 4.782977843158791043e-01 4.751691390685706673e-01 4.706285728013393510e-01 4.787607981265463164e-01 4.779352640843840261e-01 4.781261753318319374e-01 4.775407253883506842e-01 4.801079821792252900e-01 4.761090955391474866e-01 4.749206878692575629e-01
-3.030981492463085195e-02 9.146573420298993728e-02 1.991541954742037102e-01 4.140955906213493187e-01 3.756788552799145697e-01 4.151288610269096568e-01 1.000000000000000000e+00 5.911742061126694647e-01 6.218443090009336816e-01 5.838393280918436901e-01 6.313569006323928035e-01 6.906466982089031204e-01 6.323063465215066348e-01 5.464229163314344717e-01 7.520020230386255111e-01 7.157650936462489621e-01 5.893396015260711218e-01 4.029114584685900557e-01 4.751166125468447854e-01 4.108564406065917107e-01 4.358222639581912361e-01 5.147178353651309379e-01 5.053677138321989171e-01 4.444446275431013782e-01 5.327442103757087377e-01 6.722588769359990613e-01 6.479388550735452057e-01 6.606612556625899302e-01 6.069236564421263136e-01 6.342467554576368682e-01 6.942909463499041811e-01 6.659809064786823551e-01 6.476276878281681526e-01 6.602721704053128304e-01 6.458063829883980977e-01 6.905267600514342075e-01 6.821130529970687029e-01 7.270611344262557507e-01 7.219304864477442685e-01 7.070006260759942318e-01 7.353517167319542081e-01 7.345943951880399281e-01 7.309926392017015440e-01 7.322004473959533577e-01 7.163432422249339515e-01 7.143339763729100733e-01 7.401852816743530461e-01 7.362955562966599921e-01 7.333856760277188691e-01 7.297747298940298055e-01 7.355768212822600960e-01 7.060509460639797785e-01 7.232502152148878594e-01 7.107044764760285238e-01 7.062982709802672066e-01 6.970008204147638553e-01 7.170126134649964511e-01 7.370025104249848802e-01 7.289619687755442001e-01 7.389060843845033366e-01 7.353710309508786347e-01 7.405672124321605043e-01 7.332658070039175247e-01 7.334153193083157163e-01 7.070546762427756260e-01 7.227207541151166037e-01 7.310592838149659878e-01 6.883568762291397691e-01 7.069632020337947020e-01 6.785943084197934017e-01 6.855947157490941413e-01 7.061204641778420221e-01 6.771398824756649226e-01 6.952847036005137538e-01 7.356499781927249293e-01 7.288953022123957348e-01 7.362476010083151001e-01 7.164212470218697115e-01 7.262298365812964729e-01 7.241323191672589532e-01 7.239196259895541719e-01 7.367600905519018362e-01 7.206947423241077955e-01 7.221835050432057201e-01 7.371392548280023549e-01 7.266060351194653100e-01 7.343289739482656842e-01 7.447202109895482147e-01 7.394646133782741826e-01 7.293733668060228270e-01 7.424660205003221769e-01 7.491466314686970884e-01 7.422897101369412276e-01 7.448144394586818651e-01 7.438885463485728211e-01 7.433626335809400132e-01 7.487205940086252287e-01 7.376021740245500835e-01 7.441187445369716880e-01 7.501096278898874425e-01 7.529767460604276375e-01 7.472933885780553842e-01 7.431954871922062944e-01 7.516026166242145701e-01 7.393569769063622621e-01 7.427899070090465683e-01 7.450201497177709742e-01 7.364462367467082826e-01 7.335946713653750395e-01 7.472504818973862983e-01 7.450890023006155882e-01 7.466484532155666098e-01 7.481531375339680601e-01 7.467475779924928059e-01 7.353797113437170463e-01 7.400782597004523788e-01
-5.503732700326629396e-02 1.052567513210775352e-01 1.942389223895660821e-01 4.118481746193426996e-01 3.716185028886357933e-01 3.541064154720981461e-01 5.911742061126694647e-01 1.000000000000000000e+00 5.893086030341621040e-01 5.432042005128241424e-01 6.047907841126786144e-01 6.834522443929275104e-01 6.183012651181684083e-01 5.263299517813759820e-01 7.070372797224314665e-01 6.993326100375267806e-01 5.576002902071029999e-01 3.853463496789990006e-01 4.532752624435777422e-01 3.953960746129061565e-01 4.314320233532705218e-01 5.010980518337676548e-01 4.980402083211922237e-01 4.300581715816437778e-01 5.144229686768375664e-01 6.362265118739531822e-01 6.154314665211048085e-01 6.317236889361742547e-01 5.709522217833873370e-01 5.889696804944065667e-01 6.608338670714559715e-01 6.324692471510583447e-01 6.070690385618416895e-01 6.242283504089621848e-01 6.055563693253701585e-01 6.539634668294109776e-01 6.452076398499672072e-01 6.953927369747523457e-01 6.821160107191373001e-01 6.808506551642449223e-01 6.948865986916792359e-01 7.010703765094695727e-01 6.966507818246658879e-01 6.998194504100021529e-01 6.843138152536136776e-01 6.872155623531264190e-01 7.078732571913325389e-01 6.986445113614769831e-01 7.010280884565817106e-01 7.015981535158318794e-01 7.042520124936496595e-01 6.923961722214074799e-01 7.038410437389269747e-01 6.726527088193192672e-01 6.742245891035637539e-01 6.676551003572930298e-01 6.900194987311566441e-01 7.055420576489356277e-01 6.983251699837754733e-01 7.041757428694550569e-01 7.088549260227129389e-01 7.021754724664496239e-01 7.033290713702589070e-01 6.978454406852446779e-01 6.743231784198459033e-01 6.944204372230555755e-01 6.914553545622047492e-01 6.516612179577064845e-01 6.721374113773098680e-01 6.444542518176199497e-01 6.624427148127548515e-01 6.775185730351290792e-01 6.489042337575035013e-01 6.664752722379803096e-01 6.998562228719809042e-01 6.912811203815701910e-01 6.970356883823042304e-01 6.775181779580559116e-01 6.912008596673705485e-01 6.852920821543166952e-01 6.827054333956308341e-01 7.020530228852686072e-01 6.912843222572131463e-01 6.790494374792814813e-01 7.071742972794287097e-01 6.926308116218951039e-01 6.976324929721047230e-01 7.133466773557762819e-01 7.048078467341414299e-01 6.962962636563709840e-01 7.062866416892131793e-01 7.122157556295191094e-01 7.096127857877021494e-01 7.120553646149001548e-01 7.062426417080258645e-01 7.057671325224014192e-01 7.271128132692644686e-01 7.134249515530439734e-01 7.098094298905478494e-01 7.171965602976069221e-01 7.152305792543764973e-01 7.172789741290379606e-01 7.156136056381032784e-01 7.202324886109384705e-01 7.113555326772494913e-01 7.146208775770197530e-01 7.116480145315413619e-01 7.003407102340755142e-01 6.974982726115636078e-01 7.109858485222887436e-01 7.121759734638468675e-01 7.110345395234436428e-01 7.140810302409678068e-01 7.120699194662686304e-01 7.026114989635052765e-01 7.072087494419690978e-01
1.503680925594924056e-01 1.852243149485273133e-01 2.631492047757654218e-01 3.632171597664330398e-01 3.457124650240482322e-01 3.839380545071139350e-01 6.218443090009336816e-01 5.893086030341621040e-01 1.000000000000000000e+00 7.335302950595617988e-01 7.207752469633259551e-01 7.248645699540029463e-01 6.811940368944642277e-01 5.620751985367270498e-01 7.870255000160273351e-01 7.527046607084619811e-01 7.730252531557469942e-01 6.391163096932015453e-01 6.981749934303900229e-01 5.762156746691481368e-01 6.224759504638175400e-01 6.950343732428002630e-01 7.266276005289568074e-01 6.617684176449216693e-01 7.194536296996228986e-01 8.351931416803960451e-01 7.966610178242039542e-01 8.217559902226816426e-01 8.007464824613853560e-01 8.382446209591464248e-01 8.476306725909583673e-01 8.225948010326141757e-01 7.942706262105464488e-01 8.017956221846030962e-01 8.032258046294906695e-01 7.957064329131168234e-01 8.332564664504753527e-01 8.144917918743941332e-01 8.382303310727434731e-01 7.760042313341148912e-01 8.340128505164378092e-01 8.220765997438073125e-01 8.087616837766851141e-01 8.275867776690792876e-01 8.144708524900871049e-01 8.350680201891929055e-01 8.406962876970653920e-01 8.486367339347595795e-01 8.465310458730902488e-01 7.911410084411246713e-01 8.305635029113496159e-01 7.894520978718402304e-01 8.059464564296482392e-01 8.599003209199762576e-01 8.527987141783908154e-01 8.490807438875084268e-01 8.500956674553703518e-01 8.349944048063449031e-01 8.377015500349835886e-01 8.558197084637633179e-01 8.439859434937380112e-01 8.482542225431055627e-01 8.373471718834960553e-01 8.556578433387980187e-01 8.564531526904257674e-01 8.548781299048343607e-01 8.497649741580436400e-01 8.464778103085659478e-01 8.479429986554553045e-01 8.275155970845741171e-01 8.310622042604884907e-01 8.463106004383357250e-01 8.273618536007250057e-01 8.399130199591756663e-01 8.529885130833309015e-01 8.536240574370820289e-01 8.505851444148235796e-01 8.541138101969910634e-01 8.507580190995894798e-01 8.554839578988882032e-01 8.571043931883952638e-01 8.542616089373198385e-01 8.499831233923152984e-01 8.508265145944666763e-01 8.235324619444879257e-01 8.397689615330138357e-01 8.490264818266839431e-01 8.354669620253050155e-01 8.444558063376025325e-01 8.406677447228672051e-01 8.387847606938872991e-01 8.399092677012647279e-01 8.414787621865899014e-01 8.428283493311623520e-01 8.407926746977486543e-01 8.449937042837943890e-01 8.065827813694906867e-01 8.358806818224592261e-01 8.377133852020008931e-01 8.287148232492418387e-01 8.348418632506471315e-01 8.393595489103964358e-01 8.308435962841670408e-01 8.383072425361305369e-01 8.388413095624749349e-01 8.441633322757909896e-01 8.448708364640857837e-01 8.493901535810528536e-01 8.520467944451003417e-01 8.442375939550434971e-01 8.371257943536051238e-01 8.494830119966357840e-01 8.463668832573216783e-01 8.455283136250409948e-01 8.499143933227034653e-01 8.462482092618862639e-01
9.790978160343744019e-02 1.654400681367500237e-01 2.139456295857724288e-01 3.382432311642062928e-01 3.510737008747130683e-01 3.757452759574778089e-01 5.838393280918436901e-01 5.432042005128241424e-01 7.335302950595617988e-01 1.000000000000000000e+00 6.480590014390938958e-01 6.765618406834230658e-01 6.319890048569322127e-01 5.237083976156631238e-01 7.282516579589655148e-01 7.223251509997701270e-01 6.903524464305736963e-01 5.486637667011241559e-01 6.164551750049219736e-01 4.807745425370404946e-01 5.375379614763480252e-01 6.244724760722613066e-01 6.536581030090706790e-01 5.672791322816337356e-01 6.442301768868458067e-01 7.692722792716547575e-01 7.306966397764185217e-01 7.583662004173689075e-01 7.351367493874134684e-01 7.631289868797734854e-01 7.821821908732854434e-01 7.515343491931241182e-01 7.386391519684799567e-01 7.254442981827138315e-01 7.312840117808936391e-01 7.260946474704854658e-01 7.513087647144081060e-01 7.652402483906414199e-01 7.761462787969394261e-01 7.372054079876443344e-01 7.800447338853324641e-01 7.663268682551923616e-01 7.546980672130066958e-01 7.664307307776501155e-01 7.551855811271671604e-01 7.752373826215369634e-01 7.753236862032149013e-01 7.836168192514025854e-01 7.799995721494551448e-01 7.332212525532577629e-01 7.716301104296101609e-01 7.143668470346217214e-01 7.270070438286105885e-01 7.849443969636561436e-01 7.842859980524802266e-01 7.895806496243225059e-01 7.683751665928928443e-01 7.787820864555985434e-01 7.777101099136042306e-01 7.830232997467705403e-01 7.735438519701283155e-01 7.832515759258645849e-01 7.716767696135632404e-01 7.797345695514144026e-01 7.724456174567057021e-01 7.741929826360203215e-01 7.808054418815757458e-01 7.705394698139614862e-01 7.774574071779070117e-01 7.435821808684290879e-01 7.572382357382302365e-01 7.773625365875892479e-01 7.468461880079030335e-01 7.668375531208422302e-01 7.879187745504122597e-01 7.895846518903771871e-01 7.869567492214522009e-01 7.890743325046001289e-01 7.845700844145727659e-01 7.878086549595576527e-01 7.862100472018589414e-01 7.897058760285413648e-01 7.826142344310959009e-01 7.824787934214690877e-01 7.631606460768728395e-01 7.687913361576385052e-01 7.784606656989032647e-01 7.777917040713386854e-01 7.803749764882024209e-01 7.832128014694382800e-01 7.788599556591287998e-01 7.814871005140174853e-01 7.783937644522864741e-01 7.811142025995700955e-01 7.764866546973743233e-01 7.806555974194745451e-01 7.461945329947577976e-01 7.580119481866566256e-01 7.709754331855150911e-01 7.692929872484091103e-01 7.748916311256603962e-01 7.759702695462612487e-01 7.589359091953037373e-01 7.758569611400751853e-01 7.678455018435542678e-01 7.713721555280468323e-01 7.763135656029650500e-01 7.863934303278544702e-01 7.894739468366286372e-01 7.819328607299528278e-01 7.784335303617802015e-01 7.808305841309272077e-01 7.825456267793109433e-01 7.785113044235638657e-01 7.796707053849144531e-01 7.753094015373214187e-01
6.015226514545407577e-02 1.005249887032737405e-01 2.929184704774068781e-01 4.674823367307620603e-01 3.347846600128715489e-01 3.768867463309810151e-01 6.313569006323928035e-01 6.047907841126786144e-01 7.207752469633259551e-01 6.480590014390938958e-01 1.000000000000000000e+00 7.919459000287408790e-01 6.558868047021869652e-01 5.723794504535684169e-01 7.808373275923499168e-01 7.540548724574716033e-01 7.179423250331657957e-01 6.189976002387780341e-01 6.807835897562711791e-01 5.861478375783393258e-01 6.530327864617513356e-01 7.249755227325316298e-01 7.120519595008483194e-01 6.613851127565825161e-01 7.451957498707214578e-01 8.006012064718566190e-01 7.869208052959965061e-01 8.079142486161090542e-01 7.547861495879898408e-01 7.693434232372917680e-01 8.059266629320509523e-01 7.994531492872376521e-01 7.678662528816688759e-01 7.904989184264404889e-01 7.792911588516148180e-01 8.080679494809671626e-01 8.100168193228415303e-01 8.010448304825462662e-01 8.118756334671712871e-01 8.163225511967225900e-01 8.169419478177161187e-01 8.259394847220988822e-01 8.298068473327012695e-01 8.330270312503476049e-01 8.340108058337943886e-01 8.219840884173543749e-01 8.176038147558659652e-01 8.146868994444524947e-01 8.223991097971363740e-01 8.145213790815348798e-01 8.251426222244393482e-01 8.226005358191222916e-01 8.190248351671868265e-01 8.076850674903216509e-01 8.111678067766593392e-01 8.122539060992899351e-01 8.211915460715916160e-01 8.057471737722614602e-01 8.057032119427857131e-01 8.169859753167220129e-01 8.220152611280492350e-01 8.061759678733195766e-01 8.044635882754993528e-01 8.084649697600333473e-01 8.194011841694279763e-01 8.243716120300790262e-01 8.126317741157991215e-01 8.105802315699516258e-01 8.187247262661598857e-01 8.019511300687125477e-01 8.328592076400165300e-01 8.320451336061045478e-01 8.088149727220559360e-01 8.286851008359510384e-01 8.324081198675347126e-01 8.298522892845495713e-01 8.313799746182167771e-01 8.089652311813119168e-01 8.190491755495368231e-01 8.105283567141647882e-01 8.234704587664445352e-01 8.247598388435830596e-01 8.255272330251457458e-01 8.149327890917614781e-01 8.221590488405018382e-01 8.229243886138668529e-01 8.297930709414509387e-01 8.181599182249664759e-01 8.196481988183716982e-01 8.254408026054557146e-01 8.339645992089017579e-01 8.264073926967721029e-01 8.349773404891075446e-01 8.291907727929174188e-01 8.158536958346670476e-01 8.137850594644585600e-01 8.200438383562783651e-01 8.199292349400073565e-01 8.144805027351461613e-01 8.243150576417106468e-01 8.293590826510079950e-01 8.205887871719180771e-01 8.278123194268238727e-01 8.278916980137466242e-01 8.327037954308657008e-01 8.213034813908278720e-01 8.217337784606808526e-01 8.142436614409932494e-01 8.179140735125832729e-01 8.155084009492431507e-01 8.154998706493421512e-01 8.171836304126712802e-01 8.142061322127024381e-01 8.156883315553923319e-01 8.205313350059963984e-01 8.207015284047112225e-01
-1.582713248928307309e-02 1.107184756007733029e-01 2.894617229924643098e-01 5.290414846896647205e-01 3.914066396998054365e-01 4.383643438409535187e-01 6.906466982089031204e-01 6.834522443929275104e-01 7.248645699540029463e-01 6.765618406834230658e-01 7.919459000287408790e-01 1.000000000000000000e+00 7.137230195138039024e-01 6.267557527627745095e-01 8.467443803043286366e-01 8.235942549791526179e-01 7.196580057436969824e-01 5.638054582035506579e-01 6.319265644104222757e-01 5.749752924740969551e-01 6.158708121764779886e-01 6.928924846612706245e-01 6.838368193782335958e-01 6.147173537962711265e-01 7.164740694440675517e-01 8.076397112812513379e-01 7.898471340069888047e-01 8.171916593942823992e-01 7.333544406660831294e-01 7.533214222082297296e-01 8.211348232423247850e-01 8.129674570582982041e-01 7.654727576116635568e-01 8.030475607855200870e-01 7.795607206605169592e-01 8.317784866780291164e-01 8.250918520061760741e-01 8.472317298665928975e-01 8.458299277936516258e-01 8.573247087175934755e-01 8.628219433265897909e-01 8.754752118113652282e-01 8.792161118928664143e-01 8.764592629609633256e-01 8.719078378369103932e-01 8.520768852806338556e-01 8.679183781643079465e-01 8.645249279520601515e-01 8.688737179032621771e-01 8.715049731823580892e-01 8.754979653779112470e-01 8.756080096385447931e-01 8.762178288174120588e-01 8.401612192982382821e-01 8.394048000892782024e-01 8.330756753942840653e-01 8.602501482697585411e-01 8.597003035683048466e-01 8.520590585121743388e-01 8.640860317519342138e-01 8.741554836371763226e-01 8.527226569181330929e-01 8.526760621841794618e-01 8.539647212259089404e-01 8.476323568738616254e-01 8.678340056867248631e-01 8.556105236260603819e-01 8.276943368024659575e-01 8.454194370191602248e-01 8.269111038052568974e-01 8.503089220638243573e-01 8.548161623943687504e-01 8.297485352224661659e-01 8.492174855255105737e-01 8.717826257583807248e-01 8.621205642990885654e-01 8.674723329456914822e-01 8.370623541265129752e-01 8.559064403534856202e-01 8.442743775146441809e-01 8.533451320616367575e-01 8.661298831062468340e-01 8.635520556311554463e-01 8.501938297242985776e-01 8.774246128353095919e-01 8.641176177470860642e-01 8.714183255898231284e-01 8.711398194228447966e-01 8.678519650615779124e-01 8.663293359172613561e-01 8.801585264488336335e-01 8.786851486147068124e-01 8.821444670004200406e-01 8.767868686950032187e-01 8.704853572110844429e-01 8.674992917572504902e-01 8.900648584237104144e-01 8.796806782679857939e-01 8.704629082591263112e-01 8.829825915028959304e-01 8.836290406381726026e-01 8.782238094639774895e-01 8.858237865617352158e-01 8.849817694308400595e-01 8.852187681063671265e-01 8.752237028563569776e-01 8.770993249639903455e-01 8.618758683282573552e-01 8.602489664502248612e-01 8.670525486952239680e-01 8.693414138796928814e-01 8.696181046426727512e-01 8.681882896089097024e-01 8.706658240759814760e-01 8.653334273016556333e-01 8.750882871181683287e-01
-8.009989701616976668e-03 8.493490567534596469e-02 1.901444594108332165e-01 3.700903517989285740e-01 3.974605801639694569e-01 3.899115132465904576e-01 6.323063465215066348e-01 6.183012651181684083e-01 6.811940368944642277e-01 6.319890048569322127e-01 6.558868047021869652e-01 7.137230195138039024e-01 1.000000000000000000e+00 5.716267951633399180e-01 7.788840230478207838e-01 7.560488068172809273e-01 6.427759402279000778e-01 4.574854665510704743e-01 5.452441013920297230e-01 4.560774793133001159e-01 4.958081658406676695e-01 5.681982579655848742e-01 5.784613189071645678e-01 5.083044002643340997e-01 5.972241942683615967e-01 7.386051956092662962e-01 6.947610215828642355e-01 7.193230684914503348e-01 6.686453155675423643e-01 6.963944625807125810e-01 7.567190680120933211e-01 7.196291785909622041e-01 6.938816368317904937e-01 7.096760197164752038e-01 6.976497710601212709e-01 7.305008586333435749e-01 7.376700122344408417e-01 7.726373758242264245e-01 7.798797300900583984e-01 7.356219063401950864e-01 7.835794535424723817e-01 7.765143581446821708e-01 7.612806538060621353e-01 7.766291617732485886e-01 7.596593396820435773e-01 7.732490168642669470e-01 8.050851146201102315e-01 8.039928206461445237e-01 7.909722606950655432e-01 7.571523557112624925e-01 7.808511376559352790e-01 7.480969500407875783e-01 7.594273483283818793e-01 7.850832698714422797e-01 7.786137112406836813e-01 7.676955756843198975e-01 7.704236324516944290e-01 7.961762952553634864e-01 7.912240321372904228e-01 8.032332267335208220e-01 7.963663517764193456e-01 8.004162131580816464e-01 7.876572552136381633e-01 7.945221437326813740e-01 7.766627763662701245e-01 7.855552399503802352e-01 8.005932766228649466e-01 7.626255268524024800e-01 7.726260863656728706e-01 7.475632449921959521e-01 7.600508274241871698e-01 7.777931037951237858e-01 7.492922010462467197e-01 7.700757134043987318e-01 7.984203443956355839e-01 7.930635609676075504e-01 7.948101722212899123e-01 7.871492113808288282e-01 7.941324020694526808e-01 7.947305654721622536e-01 7.880658503903390510e-01 8.030235231728211076e-01 7.876596484651748886e-01 7.854312759148874834e-01 7.915895840735842626e-01 7.900848691840213212e-01 7.958444775092905488e-01 8.066286882594051466e-01 8.055383014760459925e-01 7.909060061500046146e-01 7.966460220429922856e-01 8.057210903743359243e-01 8.001493628311725503e-01 8.023895311434879885e-01 8.110964676031852116e-01 8.106965720734347070e-01 7.924056170362704377e-01 7.944514212342335124e-01 8.048029818887514342e-01 8.031641060245505725e-01 8.067854571790104012e-01 8.083806607778035724e-01 8.012693017278785801e-01 8.073922771128508868e-01 7.992283823069832316e-01 8.003076365089056843e-01 8.050667597259173469e-01 8.067428935794962452e-01 8.013845556274751258e-01 8.092180301083078398e-01 8.074355257413015075e-01 8.131368193707517733e-01 8.126250997042995250e-01 8.096631152158340061e-01 8.029892613156166536e-01 8.045947174489187503e-01
