1.000000000000000000e+00 2.135268923330183588e-01 3.018397256022624098e-01 4.129042368080006187e-02 2.463821043169562783e-02 -4.311022018112905564e-03 6.683848178415580099e-02 -4.171174435233031622e-03 1.852264377874267010e-01 1.335881105163547744e-01 7.293997514402723870e-02 -9.134112458421734387e-03 2.839757148351147731e-02 -1.497971957124995084e-02 2.725079075941392107e-03 4.670624804981264588e-02 1.566264243587779659e-01 3.429434703840705256e-01 2.495211709945795997e-01 2.091128152912877063e-03 1.926673212074181685e-01 2.385874953078723493e-01 2.974894450482336028e-01 2.720885033893652438e-01 2.723372292374843240e-01 1.586926153908677362e-01 1.875159215491538633e-01 1.604457840583285999e-01 1.582957642495458062e-01 2.099050355594349049e-01 1.536572601560817763e-01 1.808292618401644292e-01 1.666308082569981641e-01 1.717338341211203934e-01 1.773455915683191386e-01 1.436125253202146235e-01 1.603607157553992857e-01 4.117944753886375320e-02 6.908495953978703585e-02 7.386227502706067816e-02 8.132716295296542330e-02 5.353120603650857179e-02 4.740427134755414301e-02 4.005549470112102634e-02 1.038276430878592588e-01 4.307598357958376811e-02 2.362507103954673490e-02 4.707473686719815253e-02 2.457541292806089683e-02 3.945013465610915787e-02 3.866947636255149701e-02 -1.453374308066998633e-02 2.848870655125846849e-02 6.581708789670319415e-02 8.143249832713726766e-02 1.024523766929543445e-01 7.130016832153356077e-02 3.263661850886526855e-02 3.439129733740984435e-02 3.081719792814664044e-02 4.790442465439868902e-02 2.930867106363483146e-02 2.520925656409454818e-02 9.649079805612581495e-03 9.084258150799576215e-02 6.240381034377619901e-02 4.503282103417473314e-02 1.115064945218322695e-01 1.118073689403977777e-01 2.364596142695979397e-02 8.423491223088858115e-02 1.015263791792086895e-01 1.381668598653963131e-01 1.259350768331707060e-01 6.681095361186184522e-02 6.715850054338542985e-02 6.460756051235090613e-02 8.042472814404202919e-02 6.956742605785767863e-02 8.476767202300608539e-02 1.004493214913080024e-01 5.922436248111365847e-02 9.622960517768182342e-02 9.072452161068296494e-02 4.250404919123097758e-02 8.424010953989580219e-02 7.555784080912850142e-02 1.404210527725321782e-02 3.550887806553556375e-02 7.148515433295254962e-02 5.483729193377878675e-02 3.179687591615705522e-02 3.327070630196173745e-02 2.953722300062314871e-02 8.183877059387971095e-03 2.319087502011934684e-02 -1.304160246020583461e-02 2.929397160095219884e-03 4.581226335911740138e-03 5.699960192686111433e-03 1.671779964968208437e-02 -5.640776425465946452e-03 3.812911716984092314e-03 -4.411616666446482350e-03 1.359958706450905414e-02 2.603232890226737581e-02 2.809624978448820726e-02 3.797917824048776397e-02 4.301342351878125608e-02 1.253908413189322793e-02 1.130020618221294626e-02 1.293523267397545841e-02 1.920032515885029259e-03 3.716492639875595711e-03 4.414436283785911491e-02 2.066846085657763135e-02
2.135268923330183588e-01 1.000000000000000000e+00 1.847025889516765440e-01 8.919556311384801983e-03 -1.804736978482039331e-02 9.417825100889704037e-02 1.468786703222168255e-01 9.576476769673572531e-02 2.231616721851897023e-01 2.825113468064555100e-01 1.716053459303382434e-01 6.991577417067847133e-02 8.546814744995281932e-02 1.169604372989585389e-01 1.223353710355050972e-01 1.466567655457192698e-01 1.684529176101889070e-01 2.900064230805252108e-01 2.511522356992476612e-01 -1.212380862101191670e-01 3.275253000195282177e-02 2.032134726946754344e-01 2.853526020552176745e-01 1.800757247159611718e-01 2.562428722669829462e-01 2.332677231383167293e-01 2.197586207784557044e-01 2.317058555074717474e-01 3.058398969637053932e-01 2.731080360327060585e-01 2.485970267304175862e-01 1.936469241750357340e-01 1.985419223784957443e-01 1.722232244342607743e-01 1.798955113488093227e-01 1.512778458014239213e-01 2.174268007577684902e-01 1.448912817648031481e-01 1.670475497638379270e-01 1.474616568148449658e-01 1.806752529072557512e-01 1.588007487663969097e-01 1.206386306384666374e-01 1.359438715401276310e-01 1.662915307203729764e-01 1.566461592330691821e-01 1.341864757571893108e-01 1.603798056608974620e-01 1.183410217670841508e-01 6.792283326493188389e-02 1.196839993309142397e-01 -3.386358780463601809e-02 7.777183466565160130e-02 1.906688478126055408e-01 1.867386128314039162e-01 2.103262682235494119e-01 1.463787429229878589e-01 1.568982869791564205e-01 1.563122503832141130e-01 1.340364578136588047e-01 1.342404797330312982e-01 1.500505867143847039e-01 1.273435133369742733e-01 1.060616400743740334e-01 1.616261632933455317e-01 1.544107550046528998e-01 1.497806868434637395e-01 1.918167343153325266e-01 1.866833943563155074e-01 5.299238694351126461e-02 1.418357987906454509e-01 1.965970716927264439e-01 1.995329196502994007e-01 2.010416997820783369e-01 1.741129983426508154e-01 1.782114191500723255e-01 1.863058667668365531e-01 2.204958241980268241e-01 1.990312337922063857e-01 2.039254522969517758e-01 1.927939467572724608e-01 1.861529887146401996e-01 1.876775532671015601e-01 1.885375473514780131e-01 1.182883846013624285e-01 1.566960053562252986e-01 1.568286521738628259e-01 1.367571210002076487e-01 1.524171216036541432e-01 1.802757553646195388e-01 1.615726410898079557e-01 1.584844497027383114e-01 1.463887603597542053e-01 1.538801818369086305e-01 1.363440730056253436e-01 1.472268649183209877e-01 7.399808042785611939e-02 5.316069794712414281e-02 1.115028237335986133e-01 1.147898357226286858e-01 1.267711677632570311e-01 1.014741160104018353e-01 1.029897563869352772e-01 1.130406408686287223e-01 9.583917976925585003e-02 1.174498649628580443e-01 1.322135949771031660e-01 1.684378998634462610e-01 1.630663690527802134e-01 1.333374939425995276e-01 1.388593113564292048e-01 1.281100818568934041e-01 1.234938599970631656e-01 1.115070302609238589e-01 1.399965187994400007e-01 1.214441923481078267e-01
3.018397256022624098e-01 1.847025889516765440e-01 1.000000000000000000e+00 3.140165874445944305e-01 2.032299667002708254e-01 2.443962383398585181e-01 3.468413646295757102e-01 2.715596104910013575e-01 3.997236966559631344e-01 3.657022585811292581e-01 3.601369924721880555e-01 3.309850961369920630e-01 3.100549910103918005e-01 2.845268861912807479e-01 3.420500049907837514e-01 3.729819108707568276e-01 4.155379604361602586e-01 4.927463019554108037e-01 4.695225399873134142e-01 2.568208904128848613e-01 4.159114809995128059e-01 4.737317213906816482e-01 4.742487084325122115e-01 4.306851483165204386e-01 4.736332454228913691e-01 4.581218432983354405e-01 4.702417510401216694e-01 4.705346881390319869e-01 4.486114566126653824e-01 4.938040939861922940e-01 4.559403149919450393e-01 4.587115023905969369e-01 4.639173155093743728e-01 4.588535232519133089e-01 4.782628086800264078e-01 4.441375541075870959e-01 4.659763484557012947e-01 3.905748912361054481e-01 4.087473496012632990e-01 4.042736788407422233e-01 4.074660913809250995e-01 3.873383589029036900e-01 3.835741000580711879e-01 3.837905130192073022e-01 4.227228595919909626e-01 3.852882195337645199e-01 3.635344160266084645e-01 3.803176520647332803e-01 3.668239435334804122e-01 3.844144096537824296e-01 3.869095228777808537e-01 3.080770713100597358e-01 3.641422757224940798e-01 3.877678803785850614e-01 4.001945926157723932e-01 4.147676370771749554e-01 3.917939379374876241e-01 3.733477649583131219e-01 3.755078257237200456e-01 3.693842701670432271e-01 3.905016007833758129e-01 3.738504128889675315e-01 3.754488879219990416e-01 3.593853450153544071e-01 4.006542354780511239e-01 3.936822575396565771e-01 3.831576417760221842e-01 4.256216168840129543e-01 4.293758518133726221e-01 3.682061616476749455e-01 4.124353422721852569e-01 4.252739392577723487e-01 4.308841949557842832e-01 4.282954191315903603e-01 4.032294486982547221e-01 4.038094570113240911e-01 4.006142468966430448e-01 4.107969694785936210e-01 4.047549149180671435e-01 4.184057392224902472e-01 4.312661503189827439e-01 3.982472148786799782e-01 4.182871157666912532e-01 4.241626761581124283e-01 3.919476865781917341e-01 4.141989559238547502e-01 4.105240742333288728e-01 3.636502308050238441e-01 3.828226051423041509e-01 4.041143913855893555e-01 3.970040133952591477e-01 3.767565264127861746e-01 3.743935185669929333e-01 3.730427122238178517e-01 3.577445478221432107e-01 3.660164181592112653e-01 3.383669585141373948e-01 3.436624533591999264e-01 3.512819687693833348e-01 3.568627632257673210e-01 3.621235046728342177e-01 3.459397701879311504e-01 3.479926808688156292e-01 3.474796651642955703e-01 3.636134357534981376e-01 3.620995175247324616e-01 3.699854036124888279e-01 3.739286041493740109e-01 3.795225216425697767e-01 3.568761962434134904e-01 3.561633518490739392e-01 3.563317520292281770e-01 3.492002762588580778e-01 3.525291516890197707e-01 3.792235663282904068e-01 3.617097293316931528e-01
4.129042368080006187e-02 8.919556311384801983e-03 3.140165874445944305e-01 1.000000000000000000e+00 3.722755458483813507e-01 3.872355781222836524e-01 5.454111617635770681e-01 5.433007810955866601e-01 5.194796163026706992e-01 4.125040091583289659e-01 5.642064078451938247e-01 6.692541551182812354e-01 5.720141107285795501e-01 5.535488624586571982e-01 6.077071459679030951e-01 6.150415307938325027e-01 5.150402773325037931e-01 3.875151313978462686e-01 4.776743759331421590e-01 5.860779129007546162e-01 5.666619296990397237e-01 5.280637507543223252e-01 4.088919944648904958e-01 4.178898951758571179e-01 4.417834841194678286e-01 5.618683830677128066e-01 5.579513618823352950e-01 5.526217124284799054e-01 4.837155968497560132e-01 5.537233858831510647e-01 5.610299700446197413e-01 5.585379343120090434e-01 5.701472669512310798e-01 5.945380149357279986e-01 5.773349100013261959e-01 6.016094445387120127e-01 5.791850224113378465e-01 6.118197036560564239e-01 6.113656053269240775e-01 5.976979575327489025e-01 5.976323751171637166e-01 5.928417794526381623e-01 6.190809699338899463e-01 6.244695746420371174e-01 6.166061594305155547e-01 6.006974268174185561e-01 6.072973087471976728e-01 5.962838251081605812e-01 6.213873205635658259e-01 6.453789117857254842e-01 6.228523301334835116e-01 6.515870828996180864e-01 6.439846704282951029e-01 5.757992350246790014e-01 5.799853995094649273e-01 5.744051308981996673e-01 6.028579786634528093e-01 5.892969439140992582e-01 5.961430803780555232e-01 6.136596757742522890e-01 6.169278873264222307e-01 6.021702737039238418e-01 6.196654417610963916e-01 6.293677588253989708e-01 5.976842804318199809e-01 6.070538241662566392e-01 6.030530028178585633e-01 5.843438233368944967e-01 5.920539815628010905e-01 6.597725437918815494e-01 6.218464746328673520e-01 5.904691416258015524e-01 5.703976111105707458e-01 5.650444043558375817e-01 6.038440223312920851e-01 6.020025740558199168e-01 5.868267897498652408e-01 5.643060535237320874e-01 5.832972115034462668e-01 5.884489235518095551e-01 5.946105481066675802e-01 5.955990634929686500e-01 5.950187367093449087e-01 5.979534352263222718e-01 6.361179565230775657e-01 6.163001822231851667e-01 6.119368954081665368e-01 6.126518281114630149e-01 6.105423336496113018e-01 5.946302790340987077e-01 6.084455305740822384e-01 6.032934385930596166e-01 6.072088784492674085e-01 6.032183492431932859e-01 6.038641715618553452e-01 6.021148090252215201e-01 6.396383873328079783e-01 6.469931360159923983e-01 6.199452296167984322e-01 6.234720898910426357e-01 6.146327559941087149e-01 6.239404605208677124e-01 6.269372046475623073e-01 6.204440629123006978e-01 6.387669570318305068e-01 6.190151618123989063e-01 6.157352260282800138e-01 5.857507195057108929e-01 5.946568406837122733e-01 6.059679854922797038e-01 6.028672488783709538e-01 6.108526258014123078e-01 6.080312195403654307e-01 6.208334977250390407e-01 6.113450310312882330e-01 6.154190436725316404e-01
2.463821043169562783e-02 -1.804736978482039331e-02 2.032299667002708254e-01 3.722755458483813507e-01 1.000000000000000000e+00 3.066501141635024075e-01 4.600903782408365950e-01 4.422010845143695135e-01 4.219663081529262394e-01 3.034964288729307680e-01 4.478243925867164132e-01 4.846340007657226612e-01 4.872973455561280254e-01 4.351660395316495622e-01 4.909021802875471741e-01 4.755670017445662312e-01 4.315519460766749638e-01 3.400183108070666260e-01 4.006834912540913063e-01 4.313050611067756335e-01 4.376236515409124284e-01 4.094389389334316953e-01 3.507857970439130502e-01 3.789481363478687803e-01 3.758219902953294222e-01 4.546286206108148265e-01 4.365713032204466271e-01 4.353401687399312547e-01 3.796936321718727414e-01 4.426475680269063018e-01 4.567927264842627233e-01 4.616075541151333228e-01 4.541558239346710768e-01 4.842383366575744308e-01 4.652231261998113765e-01 4.882471222526955645e-01 4.728125145616960956e-01 4.894805653783260158e-01 4.850152148608907199e-01 4.720989544413615735e-01 4.710552122861806912e-01 4.777324117390592817e-01 5.037795602110762827e-01 4.949583017119996708e-01 4.862879527153380899e-01 4.759024463554658579e-01 4.882457948192616692e-01 4.835294225356077669e-01 4.965433505876024611e-01 5.283521537776876276e-01 4.974658076300316201e-01 5.234575863004750085e-01 5.098872483519981680e-01 4.690714931444953661e-01 4.776947987632266801e-01 4.737048037992299121e-01 4.783591907320876024e-01 4.712400546774874188e-01 4.690151922425652709e-01 4.893816122888130504e-01 4.998269619523356688e-01 4.737090802521579103e-01 4.879360255747100528e-01 4.939287659139323106e-01 4.797272374365944558e-01 4.838965451473565271e-01 4.859558398868652485e-01 4.725033309488884670e-01 4.784432711204707478e-01 5.179553036567973168e-01 4.916429563656397606e-01 4.710720208235131268e-01 4.629285951060300719e-01 4.649770037296352965e-01 4.778066697042012700e-01 4.763532684763441272e-01 4.653812365030174925e-01 4.463107550250834388e-01 4.580919949811454450e-01 4.716256105789913278e-01 4.819028673721050260e-01 4.717785154418228100e-01 4.793259583881917529e-01 4.798770573052562050e-01 5.100882061800222633e-01 4.965976207513087548e-01 4.971016492126290043e-01 4.860096140809644361e-01 4.881358163304109765e-01 4.779599058553670177e-01 4.793285907935547208e-01 4.780735622287654585e-01 4.798608594704538155e-01 4.771123019853068525e-01 4.849524244179976851e-01 4.832038876463998767e-01 5.121203828795702906e-01 5.242937945146318723e-01 5.025214089268466022e-01 4.999895423332665345e-01 4.899055155468660105e-01 4.992106249302828425e-01 4.976399406573648321e-01 4.987222955682566461e-01 5.115417100787648108e-01 4.956546466275256191e-01 4.938069734046984238e-01 4.735203176957059612e-01 4.799867332710898160e-01 4.864926177167689936e-01 4.812039682803392338e-01 4.889454189787046934e-01 4.863933847731043425e-01 4.985674987076259002e-01 4.873492523428529788e-01 4.919118326631035654e-01
-4.311022018112905564e-03 9.417825100889704037e-02 2.443962383398585181e-01 3.872355781222836524e-01 3.066501141635024075e-01 1.000000000000000000e+00 5.370194966319474794e-01 5.194128925786437589e-01 5.266040101007575247e-01 4.827715805037743890e-01 5.588693019304479259e-01 5.910268562948592930e-01 5.217231379900285626e-01 5.532277026160689060e-01 6.107513758962996864e-01 5.986391103703786465e-01 5.531754668730013424e-01 4.059273209415535377e-01 4.991885409164980580e-01 3.600131154906558439e-01 4.122675255716227727e-01 4.772408846017164308e-01 4.428926514384129431e-01 4.050571828537138375e-01 4.605230345480490484e-01 5.845998592594729981e-01 5.833027379792603551e-01 5.856656326369916732e-01 5.664091994885677162e-01 5.563088237638884603e-01 5.928485455788717884e-01 5.584003466842231145e-01 5.623336993795647887e-01 5.629398876811754215e-01 5.456062674614069463e-01 5.790317343891826507e-01 5.741401237468520824e-01 6.122452694647315674e-01 6.162096370537264445e-01 6.041628383159531879e-01 6.140186694982653348e-01 6.193302229343859988e-01 6.160011197770611791e-01 6.231955776978682637e-01 6.122725657385146292e-01 6.160072698711308581e-01 6.250349445990823760e-01 6.235454543305133379e-01 6.165634015328455009e-01 5.828543448346539257e-01 6.181650692731333052e-01 5.652765971484802199e-01 6.034907893783286736e-01 6.210962325777000803e-01 6.165343998443574280e-01 6.112813088867369293e-01 6.098567129668404085e-01 6.265717161056016948e-01 6.246967168007135918e-01 6.251844752688174855e-01 6.212036525901050155e-01 6.233632853656057016e-01 6.265538410770141731e-01 6.198456398468544792e-01 6.152044565068000015e-01 6.219807129233023701e-01 6.242045231021227103e-01 6.158491487856850854e-01 6.098729782428184976e-01 5.942459195309077735e-01 6.089093695436318399e-01 6.162283634543757049e-01 5.923467048255243173e-01 6.003478798685805140e-01 6.256138759451417286e-01 6.244270420656816700e-01 6.253510929322474432e-01 6.177505674951776493e-01 6.247219742774290374e-01 6.220606302551439093e-01 6.169897307498737327e-01 6.240074719671163672e-01 6.229020934809457177e-01 6.172360432018226817e-01 6.170053531539730907e-01 6.197202974121350794e-01 6.218866564123962659e-01 6.310638213419529352e-01 6.329030207866812585e-01 6.256789140312908337e-01 6.296096312559950059e-01 6.307561126025600373e-01 6.300513097106789084e-01 6.300940063698802218e-01 6.303227359768120985e-01 6.312366501550989994e-01 6.182582247096024552e-01 6.068701282237590755e-01 6.250682856321008174e-01 6.269535848907216158e-01 6.278705404556544911e-01 6.260404029641584156e-01 6.255872475442553204e-01 6.272198696554585062e-01 6.264562933576721671e-01 6.252510404103360786e-01 6.289051407714579822e-01 6.249354703845374504e-01 6.286295150834503298e-01 6.301988100404529725e-01 6.327280481720304328e-01 6.299197941337120188e-01 6.283688325650419459e-01 6.284911673404698362e-01 6.300278812464302769e-01 6.275172739184955439e-01
6.683848178415580099e-02 1.468786703222168255e-01 3.468413646295757102e-01 5.454111617635770681e-01 4.600903782408365950e-01 5.370194966319474794e-01 1.000000000000000000e+00 7.021488832997337948e-01 7.302167025115405830e-01 6.555757928393884937e-01 7.601474106461539870e-01 7.789144250145991766e-01 7.214168493363082302e-01 7.215553763503732565e-01 8.441363920727141812e-01 8.080361637969165622e-01 7.290526518168249925e-01 5.693859438827423292e-01 6.826831849011576470e-01 4.819579960859378120e-01 5.646712828285176400e-01 6.538621810692348824e-01 5.894342047020020292e-01 5.386126757387528219e-01 6.144598050503422559e-01 8.004817530858022723e-01 7.669832554753155396e-01 7.903265668610049977e-01 7.504451436448181800e-01 7.630152823861986455e-01 8.007777630305979999e-01 7.501828721988396120e-01 7.712518606530565091e-01 7.607548005563397053e-01 7.426586769116203524e-01 7.873572477333480313e-01 7.858515841665698609e-01 8.189008898786597213e-01 8.198445863067729267e-01 8.196702452681459139e-01 8.190332402211503160e-01 8.198790177104233745e-01 8.234205093406694598e-01 8.223339028648218862e-01 8.159085789675376565e-01 8.173216773027165427e-01 8.193545659595060648e-01 8.183310823027363234e-01 8.195901102195011223e-01 7.844739569365379861e-01 8.235971939251084395e-01 7.319005439631611765e-01 7.981060071076239160e-01 8.216666636523456413e-01 8.149841714454847397e-01 8.095390795171725218e-01 8.139664506909091157e-01 8.168390125431623794e-01 8.203783152331122208e-01 8.234615671162712758e-01 8.221036444794889153e-01 8.193742030284890676e-01 8.183502122478190088e-01 8.146771525146215831e-01 8.137955239739724789e-01 8.184476669747932087e-01 8.215692358126486239e-01 8.083556432312777318e-01 8.072243549787970762e-01 7.727268109460577739e-01 7.966305398780311187e-01 8.077496140699574889e-01 7.773099408341769267e-01 7.822554811335199476e-01 8.282071706734301930e-01 8.246821414983295240e-01 8.232446340215718861e-01 8.142680612503940818e-01 8.216474809216443020e-01 8.194465898013175709e-01 8.141211406314425858e-01 8.227692907398991284e-01 8.253607274710991204e-01 8.237532654813422006e-01 8.168140423792902283e-01 8.213296828396611238e-01 8.188762492192791509e-01 8.287352407989039271e-01 8.269399454519730241e-01 8.250593006469392199e-01 8.317693607294402991e-01 8.277050513069366122e-01 8.256775639112384768e-01 8.249865915676327655e-01 8.217723453022011126e-01 8.218169812617653891e-01 8.087875300692354275e-01 8.019188536009632662e-01 8.236155310130626184e-01 8.222466660727064669e-01 8.249235352021850876e-01 8.181315044221983968e-01 8.154223764639022543e-01 8.198613940838921366e-01 8.178679035427687261e-01 8.222087569512288585e-01 8.234712584131911317e-01 8.235560929161946930e-01 8.251754934457723456e-01 8.213376350617362931e-01 8.216588914114898445e-01 8.213233759050297955e-01 8.189271313606369951e-01 8.213415432074298028e-01 8.220700638738860366e-01 8.213671235762708411e-01
-4.171174435233031622e-03 9.576476769673572531e-02 2.715596104910013575e-01 5.433007810955866601e-01 4.422010845143695135e-01 5.194128925786437589e-01 7.021488832997337948e-01 1.000000000000000000e+00 6.768065893997947668e-01 5.841792519599054989e-01 7.178048882216179205e-01 7.750828170583318188e-01 6.926656377113163954e-01 6.940793802112451560e-01 7.899474814663791644e-01 8.010030682980530115e-01 6.821003867760729866e-01 4.761027539677128995e-01 6.083020126187630439e-01 5.218158133247401409e-01 5.534815289736902955e-01 5.991450798358385343e-01 5.180481509575183274e-01 4.807110322824482140e-01 5.427274410042537411e-01 7.299686042710982203e-01 7.076804229031196103e-01 7.149585769571271676e-01 6.745475693493794278e-01 6.882811191487916425e-01 7.320154632893974833e-01 6.977193429328568675e-01 7.072902586065952235e-01 7.131614729909118156e-01 6.899230417283505057e-01 7.274209654047500972e-01 7.212668697191496614e-01 7.881018547728506629e-01 7.737471276086997918e-01 7.569504360551488897e-01 7.717595040868165945e-01 7.737701857771250857e-01 7.809484814058185176e-01 7.899223917598017231e-01 7.651783794596200838e-01 7.683178588672938680e-01 7.881531300717393718e-01 7.842487730409652968e-01 7.941545786024727382e-01 7.801605978972472322e-01 7.992889914608503066e-01 7.359848432437350318e-01 7.783222493203548753e-01 7.740684789244133279e-01 7.747499074150387965e-01 7.639766323219996380e-01 7.819786779516263442e-01 7.803580711901489941e-01 7.903304611187185191e-01 7.899268071060588925e-01 7.933450600349016835e-01 7.872478743124697864e-01 7.969110069416026620e-01 7.973422612861349457e-01 7.732765535580109484e-01 7.827774510586448242e-01 7.836297925720008273e-01 7.583488160367458653e-01 7.582119714654720344e-01 7.636385955302651407e-01 7.614367568213311621e-01 7.588966092156882448e-01 7.235109693969081768e-01 7.285285248913083711e-01 7.823012920491955180e-01 7.793111934461355306e-01 7.728255749175839684e-01 7.606635785723854237e-01 7.661740841922237699e-01 7.686095847306211315e-01 7.652921163987830289e-01 7.762567791536877371e-01 7.767699580864447784e-01 7.744976797473375196e-01 7.938703323508122800e-01 7.780000160964363198e-01 7.769162224313416187e-01 7.985396524033554488e-01 7.894233705864707185e-01 7.790133400406483721e-01 7.822478135293895463e-01 7.882574630255173576e-01 7.893101640831052812e-01 7.851865000047221210e-01 7.924587812116296037e-01 7.888162017910831381e-01 7.972883925546047079e-01 7.982751019837714956e-01 8.013048214635366540e-01 8.028941650279267650e-01 7.928209682248122947e-01 8.014353443491905038e-01 7.936629374930448400e-01 7.969550632314581495e-01 7.954411003941193048e-01 7.939368919555437332e-01 7.955965010127273862e-01 7.840193229723365631e-01 7.881037183870750473e-01 7.932176822894571044e-01 7.931076019768933394e-01 7.921010891778605956e-01 7.927064683106422871e-01 7.982962828500156371e-01 7.884436245845322100e-01 7.930168847330167914e-01
1.852264377874267010e-01 2.231616721851897023e-01 3.997236966559631344e-01 5.194796163026706992e-01 4.219663081529262394e-01 5.266040101007575247e-01 7.302167025115405830e-01 6.768065893997947668e-01 1.000000000000000000e+00 7.106894359767348401e-01 8.029345899736094472e-01 7.848292415687266876e-01 7.368281476296348886e-01 7.343077581680278465e-01 8.301206957200809589e-01 8.189714094040488890e-01 8.084608181159013141e-01 7.159657205832679061e-01 7.948002197349925968e-01 4.996173197334222160e-01 6.264229584339455759e-01 7.509513852840632442e-01 7.481166728718142700e-01 7.037386312815349099e-01 7.633155800158314408e-01 8.558415120360726158e-01 8.375192087901263127e-01 8.478380816321150482e-01 8.244481207223479657e-01 8.447413671852658235e-01 8.724920468580995569e-01 8.474437921698431131e-01 8.257903192802538150e-01 8.376971413530706068e-01 8.127544027190574116e-01 8.315399274346798597e-01 8.646545494968196355e-01 8.435677877503617861e-01 8.565929409534405181e-01 8.345073428014435635e-01 8.648238053852718155e-01 8.530035316827071501e-01 8.486964350022239145e-01 8.534397258487291804e-01 8.588693406712615275e-01 8.505450400363671060e-01 8.545202516899181866e-01 8.662399377681422319e-01 8.501608393680332165e-01 8.057304587374429783e-01 8.512746913966128259e-01 7.386732661593322646e-01 8.190234904621132017e-01 8.744796760575644923e-01 8.752455894256381264e-01 8.732862532516422194e-01 8.583733662302202028e-01 8.531526372377727929e-01 8.546988946161288014e-01 8.607452694258557191e-01 8.620820419323040884e-01 8.568171281644352266e-01 8.525068013278824797e-01 8.431124874522347712e-01 8.706206968112825129e-01 8.645832176590287910e-01 8.638337192913014828e-01 8.780050218898867165e-01 8.775229793406722489e-01 8.109154510479503752e-01 8.520105064028942188e-01 8.745246320589048494e-01 8.686927758015091650e-01 8.718831775109588955e-01 8.674041225571436087e-01 8.681598813060150688e-01 8.662918443746079333e-01 8.660841149601615774e-01 8.662043930435040506e-01 8.769216119724789760e-01 8.761345081232631005e-01 8.712375045545271979e-01 8.756871358782617465e-01 8.737121076212938098e-01 8.457968683368712881e-01 8.702386301974560645e-01 8.695312408826365580e-01 8.493834524546839404e-01 8.613538512055390894e-01 8.659783547333794740e-01 8.618727140085988836e-01 8.603086791395216926e-01 8.573903557695631283e-01 8.588274658165963027e-01 8.528605486313358686e-01 8.589561985815920009e-01 8.141561525466752824e-01 8.114462621671358900e-01 8.420642689827290139e-01 8.422681262466010788e-01 8.494856184743658778e-01 8.344752914511081032e-01 8.400838225786479985e-01 8.423596887847694115e-01 8.396928107859292778e-01 8.477166533341603527e-01 8.557741994063888802e-01 8.651237703850742644e-01 8.633881577690628584e-01 8.520350405469740984e-01 8.482373308072458373e-01 8.533117711754555357e-01 8.447621156157969491e-01 8.451207664477057291e-01 8.624155979664834826e-01 8.507540017032829693e-01
1.335881105163547744e-01 2.825113468064555100e-01 3.657022585811292581e-01 4.125040091583289659e-01 3.034964288729307680e-01 4.827715805037743890e-01 6.555757928393884937e-01 5.841792519599054989e-01 7.106894359767348401e-01 1.000000000000000000e+00 7.188608909940591429e-01 6.688368716612630438e-01 6.044669131010574903e-01 6.616141454615527273e-01 7.222306984378148442e-01 7.207926295944309114e-01 6.738914002683890070e-01 6.167997502768738372e-01 6.900841859798010347e-01 3.011021271040397185e-01 4.481454329749351984e-01 6.244262096778545601e-01 6.589201710504247744e-01 5.489898281695747562e-01 6.464037373591637881e-01 7.684481709631144630e-01 7.450127535388283428e-01 7.635863169641954329e-01 7.788855354126297259e-01 7.455666881319243933e-01 7.845439380435611509e-01 7.064808444966421686e-01 7.152080780035361407e-01 6.928693406287562695e-01 6.784704599752837684e-01 6.952653810972969639e-01 7.408164402777848156e-01 7.407044780185003674e-01 7.475269942554142455e-01 7.195250127364591908e-01 7.675749336769573938e-01 7.540974271559746089e-01 7.181956224362016084e-01 7.402391725157189128e-01 7.392360832829693029e-01 7.423078275559440442e-01 7.423317698733981063e-01 7.568527314309753118e-01 7.308252683688403195e-01 6.650998412802973103e-01 7.351855304878441855e-01 5.657557152528318589e-01 6.770569959295279494e-01 7.761918159293881292e-01 7.697837807144382039e-01 7.839287451567703569e-01 7.361752775447178987e-01 7.557319192430994592e-01 7.563253285954815164e-01 7.422707385942588498e-01 7.436223943979666240e-01 7.510434401515282410e-01 7.405033942789743806e-01 7.197048236140022315e-01 7.452183859678416233e-01 7.504956266737693449e-01 7.496396129152866905e-01 7.641251010676469724e-01 7.564652552388156925e-01 6.532318380849608808e-01 7.232996276075217557e-01 7.655231723749345019e-01 7.425286408648982261e-01 7.520215276169264218e-01 7.679535083177388977e-01 7.704055435583130329e-01 7.731458998483574652e-01 7.879053261768468319e-01 7.769575061583958719e-01 7.804016689696916531e-01 7.652470694041132449e-01 7.767993718819571347e-01 7.674060797130912714e-01 7.678934283673805039e-01 7.210737126281194787e-01 7.455485984487251194e-01 7.467207741123025322e-01 7.466063272025749153e-01 7.527913498316494145e-01 7.664994813346440727e-01 7.573941607871185200e-01 7.592242235533982475e-01 7.524942305423049094e-01 7.573121108156466441e-01 7.476613377647396419e-01 7.521071840751145654e-01 6.865184788113026793e-01 6.726602154266267952e-01 7.274057363741779358e-01 7.270188899114014003e-01 7.361703346078102284e-01 7.210860558144478460e-01 7.219817348332956408e-01 7.295511289906144725e-01 7.129043005034161329e-01 7.284404647802052990e-01 7.414737753985128910e-01 7.668353714221578521e-01 7.627907031734141308e-01 7.464598758630992537e-01 7.470385747174296265e-01 7.410754844077906967e-01 7.354156944705823040e-01 7.305522858367514694e-01 7.457367942138121153e-01 7.377990861707738324e-01
7.293997514402723870e-02 1.716053459303382434e-01 3.601369924721880555e-01 5.642064078451938247e-01 4.478243925867164132e-01 5.588693019304479259e-01 7.601474106461539870e-01 7.178048882216179205e-01 8.029345899736094472e-01 7.188608909940591429e-01 1.000000000000000000e+00 8.441527147241114637e-01 7.545542277385060004e-01 7.918814889711429661e-01 8.694242553924319550e-01 8.535908111170157353e-01 7.820851194318084731e-01 6.244088318543962179e-01 7.502671595681262851e-01 5.189185631537028831e-01 5.967543184211804297e-01 7.047165685951458647e-01 6.733796216196477058e-01 6.169817474679624159e-01 6.877519247780561340e-01 8.561692261572753093e-01 8.350921864221897417e-01 8.444457897686515890e-01 8.212820638906923598e-01 8.209267817174457083e-01 8.788690992500025612e-01 8.191084713741175749e-01 8.157295261028638667e-01 8.131841979603746662e-01 7.932091765911114534e-01 8.238883595972420482e-01 8.502879955687661084e-01 8.763194858308716029e-01 8.787994288187365166e-01 8.645124231360984401e-01 8.872218662879960416e-01 8.861413902262721409e-01 8.781830195278599316e-01 8.905783278779352274e-01 8.780274211953056351e-01 8.789772451278012877e-01 8.912292300897390884e-01 8.937190048677129406e-01 8.888504870588487261e-01 8.325461677009609041e-01 8.861348961750672437e-01 7.923905432359452661e-01 8.659456738879524051e-01 8.959618162928727481e-01 8.923947726861339858e-01 8.873864722178824715e-01 8.885439975183025973e-01 8.904279580207302702e-01 8.926187769621506396e-01 8.962656694226096565e-01 8.943525930904419052e-01 8.944515844031667440e-01 8.893449987095765064e-01 8.885917021489296852e-01 8.900173150417740597e-01 8.882883785853273872e-01 8.910567526857262610e-01 8.816828726028229646e-01 8.803953115054362621e-01 8.395720531258451524e-01 8.652210190640955423e-01 8.814094797627793909e-01 8.576917365322676012e-01 8.648205113989536619e-01 8.961925974088844615e-01 8.950964075961540534e-01 8.928961059873125050e-01 8.884635529184926606e-01 8.917301125558901864e-01 8.936968794595513410e-01 8.866937213990140343e-01 8.984273486969331923e-01 8.906794154140809106e-01 8.894479368387520068e-01 8.742538429481994111e-01 8.838612713816675903e-01 8.871782415404967370e-01 8.915033261671129194e-01 8.941833435778047123e-01 8.914652635322807273e-01 8.927816181601877510e-01 8.960190727521616383e-01 8.930908825215954083e-01 8.952693062065852914e-01 8.944835550044855088e-01 8.958010058765352168e-01 8.621034584495648190e-01 8.584606718380286550e-01 8.866480420374321936e-01 8.840034448509056508e-01 8.893080329102430737e-01 8.831212144413350673e-01 8.873021895486911115e-01 8.897242162496662443e-01 8.808997591475531408e-01 8.889772197576647494e-01 8.916717285124455827e-01 8.951280856779083583e-01 8.959502474369078762e-01 8.931015765562831943e-01 8.925630675337959952e-01 8.949258783417441965e-01 8.914493851073898023e-01 8.902734329978529981e-01 8.922461182836906035e-01 8.912543929011212951e-01
-9.134112458421734387e-03 6.991577417067847133e-02 3.309850961369920630e-01 6.692541551182812354e-01 4.846340007657226612e-01 5.910268562948592930e-01 7.789144250145991766e-01 7.750828170583318188e-01 7.848292415687266876e-01 6.688368716612630438e-01 8.441527147241114637e-01 1.000000000000000000e+00 8.107889434594577338e-01 8.283493406426761796e-01 9.130092130938517458e-01 8.972595698900617256e-01 7.889606942480014151e-01 5.636547264618652076e-01 7.125593361930936398e-01 6.618589584477055920e-01 6.558363245642310213e-01 7.027956025788061334e-01 6.265466237272055983e-01 6.058911484836490002e-01 6.533164652506464609e-01 8.482510172576467333e-01 8.331826343794765943e-01 8.370441990883433769e-01 7.795371663655983330e-01 8.073885485387637395e-01 8.622874794561999900e-01 8.216767413719390234e-01 8.224379354643689410e-01 8.365007847703074262e-01 8.071742675593249761e-01 8.563114039714415648e-01 8.523712986590754603e-01 9.124181160017594827e-01 9.092920170961078519e-01 8.918128981278827805e-01 9.088492690765652693e-01 9.128319488385820968e-01 9.198558697100374104e-01 9.272825805912763286e-01 9.086495190184933346e-01 9.101311507703380155e-01 9.284385120205667086e-01 9.216047426913643870e-01 9.307898944942037955e-01 8.995820754732071212e-01 9.276338191222138763e-01 8.958061476931227229e-01 9.320332540458554638e-01 9.057459362828614857e-01 9.021543755880004900e-01 8.909230526901313896e-01 9.150763013033904603e-01 9.167292303040595058e-01 9.232278742497608270e-01 9.325410828804725494e-01 9.309287276701063707e-01 9.277036007602049716e-01 9.330992656829247833e-01 9.365721028736554432e-01 9.093970115934071341e-01 9.234046849766741616e-01 9.250793894332626222e-01 8.956555391718079573e-01 8.980916308650878088e-01 9.214927198566094102e-01 9.027256067609058521e-01 8.960121335243607099e-01 8.665882194923323345e-01 8.692593918570313827e-01 9.192328368967136454e-01 9.189288943467451842e-01 9.107615803811256461e-01 8.917787231877479792e-01 9.032986177205535316e-01 9.047094807568049069e-01 9.036354370132945180e-01 9.152615691781109675e-01 9.080294143401442808e-01 9.065371074627743830e-01 9.243636834556852033e-01 9.152075082813073692e-01 9.197972184418784503e-01 9.334163303274192192e-01 9.284557048987833738e-01 9.133846493192492311e-01 9.231531657891968168e-01 9.280084685843617009e-01 9.300566127410326844e-01 9.273152666924818766e-01 9.318115141363825238e-01 9.300290232536656543e-01 9.324806981567764774e-01 9.312035992319648292e-01 9.347456661568259717e-01 9.343384937971952464e-01 9.342566742814314429e-01 9.385335052925544153e-01 9.390880711235104483e-01 9.374373563366650286e-01 9.400577856155919454e-01 9.347192717832325526e-01 9.345537346463823614e-01 9.187455641032797882e-01 9.225743916004671696e-01 9.316194306462221020e-01 9.317412695094036135e-01 9.349123343893344096e-01 9.352275797572582317e-01 9.382843649386365392e-01 9.284367749281521309e-01 9.357363375927245652e-01
2.839757148351147731e-02 8.546814744995281932e-02 3.100549910103918005e-01 5.720141107285795501e-01 4.872973455561280254e-01 5.217231379900285626e-01 7.214168493363082302e-01 6.926656377113163954e-01 7.368281476296348886e-01 6.044669131010574903e-01 7.545542277385060004e-01 8.107889434594577338e-01 1.000000000000000000e+00 7.378214070641035960e-01 8.243524351455451260e-01 8.199147510650011128e-01 7.409820529448164494e-01 5.651938291170711670e-01 6.788354683592416894e-01 5.882840020783905999e-01 6.226917934065009375e-01 6.672898197668714060e-01 6.132644475459850808e-01 6.003014647704645324e-01 6.408937596825966532e-01 7.844521756507124577e-01 7.699022168064654226e-01 7.724442760067551372e-01 7.219835788017519018e-01 7.651177107909904462e-01 7.966664837500173624e-01 7.710061468247653149e-01 7.638688731905719509e-01 7.790338669872124422e-01 7.631854716019219609e-01 7.910693351732482892e-01 7.996089377791834041e-01 8.185682071144750882e-01 8.279073836023693733e-01 7.957269448350123842e-01 8.267580009999496715e-01 8.227792637407888021e-01 8.402306726050002839e-01 8.389606113748843130e-01 8.291380900193839887e-01 8.210281409686277510e-01 8.418350905479872193e-01 8.405806664627568647e-01 8.364787451081242553e-01 8.221939208968654933e-01 8.361554949531515568e-01 8.058507150394105256e-01 8.405091089851097763e-01 8.260258560919366833e-01 8.273824423697642150e-01 8.161052331874025789e-01 8.217820596626824736e-01 8.325810936272450835e-01 8.279072926888991768e-01 8.464495585783361475e-01 8.445379150680113467e-01 8.362638783278921739e-01 8.363652861521587711e-01 8.406316302277119235e-01 8.309490346543049188e-01 8.362933074857903382e-01 8.412047178359304267e-01 8.257336481981014664e-01 8.290389855634682226e-01 8.344787316544290956e-01 8.288578278922876796e-01 8.256836153564485192e-01 8.033918027676985041e-01 8.083648430923151551e-01 8.365314053690963148e-01 8.375423926522116425e-01 8.285372092078072681e-01 8.119850170297436831e-01 8.202694505424532601e-01 8.310270083595880930e-01 8.335191291715425832e-01 8.357638680236436635e-01 8.326742052015375650e-01 8.322665976070292571e-01 8.454381872876164383e-01 8.404403281229844147e-01 8.459283866770436200e-01 8.404570464451016631e-01 8.442004527924821256e-01 8.326971824535182032e-01 8.348926731512844590e-01 8.406985739932513191e-01 8.419594346650279837e-01 8.385839107624267763e-01 8.445293306877793560e-01 8.434818173668237051e-01 8.436728997642874983e-01 8.472719585132095776e-01 8.480259667024327985e-01 8.464868254193230745e-01 8.446832876573581173e-01 8.471315982984498616e-01 8.521992721991383801e-01 8.486278330979418749e-01 8.532037452712243342e-01 8.455274083372723570e-01 8.479347906058533058e-01 8.371714843979622955e-01 8.390907090394960077e-01 8.444343938536134075e-01 8.402844438260275162e-01 8.473905856678991544e-01 8.448125381515513288e-01 8.502091468760002435e-01 8.444969665687320770e-01 8.484935637493209448e-01
