1.000000000000000000e+00 6.012914391617262683e-02 6.839725770608219568e-02 1.001054517408356409e-01 2.877585707960197969e-02 2.052802909802636452e-02 2.829316743443420490e-02 8.064734965380833398e-02 9.953686625655830400e-02 2.501135918736447847e-02 2.052904599877590844e-02 1.724259874254964464e-02 2.609986231174589097e-02 2.838085203989777500e-03 2.247833649276100715e-02 3.150266025150943311e-02 6.570388194759911593e-02 2.779191282116897158e-02 1.957942782273904350e-02 1.482263134289863414e-02 5.639276678533354514e-02 4.419076269659645562e-02 1.812434327876396786e-02 1.030789171993463406e-02 1.405641354368063721e-02 1.634819050703318483e-02 2.472745920935304209e-02 1.424720729353103066e-03 2.046528186205167840e-02 2.652838242756808823e-02 1.398693358044815309e-02 1.138217154549066128e-02 2.352716920714354593e-02 1.855694802085802383e-02 4.130156491244388328e-02 3.147203945048463597e-02 9.351467330826214105e-03 7.131683972184546614e-04 9.301584048962387857e-03 -1.354285656142927528e-02 1.504020874249395109e-02 -5.805932438523112981e-04 2.020184119024438091e-02 9.559246203225657199e-03 2.389369854817487149e-02 -2.331725455780956583e-03 1.118809501912000105e-02 2.451689819233038997e-02 1.591144829470273955e-02 3.051075149149063900e-02 9.190538557244038939e-03 3.194903028891119684e-02 2.797679950824712852e-02 2.819952026545875096e-02 1.119018979206110390e-02 -5.366547240311545126e-03 4.679620048230517110e-02 2.333647551879644566e-02 2.903298901982551920e-03 2.770662893933586307e-02 1.154977535206825300e-02 2.384310407442764151e-02 2.039031475922110578e-02 4.645100888117717486e-02 4.582748734407474794e-02 3.730859917533100450e-02 1.878088602827274536e-02 1.402188406945398952e-02 2.151854153731227320e-02 8.679655989787152942e-03 1.773308135705300992e-02 1.240315157369369092e-02 4.373406715857362792e-03 6.839679978513096489e-03 1.025011968619315636e-02 1.137770692501146978e-02 5.599391474614047286e-03 1.284983928179756277e-02 -1.169924732004038034e-03 1.082421017484879941e-02 -3.986201261199145626e-03 5.998735419961716275e-03 2.572006271678026895e-02 1.404954759305182717e-02 9.779513729711093728e-03 8.761074616757852027e-03 2.534641693173801582e-03 3.618318001575534983e-03 9.339067338833542328e-03 9.017971515363116392e-03 -2.776649707720615142e-03 5.646958600661736161e-03 3.385644448741877578e-03 1.718050095818887484e-04 7.481714186032988913e-03 1.844808188260229492e-02 2.763803576148840882e-02 4.785821199988852387e-02 2.248871617021665215e-02 1.446058622118253853e-02 8.203438852457743680e-03 2.574886511226254227e-02 1.905100898960766440e-02 1.741472865818985763e-02 2.300288272623053284e-02 4.299236551866616324e-02 2.565264541797129469e-02 1.793704490099212734e-02 1.194420672021271300e-02 1.610011342552640501e-02 9.719709707342124097e-03 2.183496857916955927e-02 2.601925435700789060e-02 3.460891437882899352e-02 3.061506515552890259e-02 2.685240106836562016e-02
6.012914391617262683e-02 1.000000000000000000e+00 8.108407655484051180e-02 1.235749494687721634e-01 8.507820453680044193e-02 7.713937483490142244e-02 1.407230442096220890e-01 1.433061054392543721e-01 1.410091830583781181e-01 1.591137787747425036e-01 1.339598300492495508e-01 1.553112913837577935e-01 1.075939811285315101e-01 1.209770930412441547e-01 1.478643023354616337e-01 1.375398843824860440e-01 1.574416425195333258e-01 1.553953402671326700e-01 1.654382784326812184e-01 1.574708370303746774e-01 1.535947489771603558e-01 1.669494477175743063e-01 1.793363829762337491e-01 1.625466138735008059e-01 1.568721993053568686e-01 1.622976602317621475e-01 1.553339540161981502e-01 1.605356674795949679e-01 1.618441550123790318e-01 1.660962245963387984e-01 1.607436344147536722e-01 1.734689956583966020e-01 1.678325914353361314e-01 1.680110683925548076e-01 1.678743211762036003e-01 1.505110184620526148e-01 1.643055867060619901e-01 1.602253683712226151e-01 1.681546850255645487e-01 1.732099174497052640e-01 1.673792205033741987e-01 1.587814545449280079e-01 1.515977879026741693e-01 1.538999432651493304e-01 1.661364883792281200e-01 1.549004656579587025e-01 1.507389269302193413e-01 1.561357317633285113e-01 1.520591749623644851e-01 1.356016581177485747e-01 1.426346507707625388e-01 1.475789441546574710e-01 1.431900293050590300e-01 1.602288227924219821e-01 1.528783056660292239e-01 1.675184954063868581e-01 1.505623283814619129e-01 1.471711033487660136e-01 1.474232675278935589e-01 1.553157422319436931e-01 1.443408588417456340e-01 1.506853315628342016e-01 1.389290354730941812e-01 1.425951973043312615e-01 1.590000367003224224e-01 1.473319378533638202e-01 1.595413674661303183e-01 1.553767435396036511e-01 1.616037083771691696e-01 1.559448865912022308e-01 1.540616020816331366e-01 1.554528698038974421e-01 1.585090266976829643e-01 1.511247246429418267e-01 1.553990494567347724e-01 1.598422160744364384e-01 1.550389208741153879e-01 1.546586057329476516e-01 1.555694215618318166e-01 1.562139338327830640e-01 1.561750612720852194e-01 1.524164467478353047e-01 1.661069923091576805e-01 1.584847597587878965e-01 1.536994785403882902e-01 1.576527452686480035e-01 1.574715930680965770e-01 1.579111531343498076e-01 1.575823756369253426e-01 1.618590300029441320e-01 1.625784752448898307e-01 1.602138926485763282e-01 1.603267512996656430e-01 1.552863561968133022e-01 1.499615073274125077e-01 1.549164784780465709e-01 1.526772133633505502e-01 1.427482625447761833e-01 1.479403880820711614e-01 1.532699980749339663e-01 1.483861561612991320e-01 1.449445693103514343e-01 1.469357576206650751e-01 1.488165455397271741e-01 1.541749605147538504e-01 1.501582474188848104e-01 1.512628137118271487e-01 1.572097756894933196e-01 1.555151472648555744e-01 1.531056547166834703e-01 1.563716175539025255e-01 1.507978117340218749e-01 1.493191062602520491e-01 1.501230907721997077e-01 1.550951295665993768e-01 1.481482829206727247e-01
6.839725770608219568e-02 8.108407655484051180e-02 1.000000000000000000e+00 3.139940826301622079e-01 1.960114669521562658e-01 1.523610802945427889e-01 3.332798387921955818e-01 3.121741973998808373e-01 3.441769005220362554e-01 3.024532970144540589e-01 3.543564999878960342e-01 3.620397173277445368e-01 3.181458339653838174e-01 2.773553876066338075e-01 3.678518894968044184e-01 3.600033413657182102e-01 3.766397299383643094e-01 3.543132243154780148e-01 3.760337454706439986e-01 3.164267788730983355e-01 3.646659806332738230e-01 3.687610671078632718e-01 3.717209672569392054e-01 3.653682727309557343e-01 3.697301577022348851e-01 3.788198015178415590e-01 3.650220654131147713e-01 3.807666733650898472e-01 3.670974203150652593e-01 3.758542072711578141e-01 3.774073930963355306e-01 3.866966161907312016e-01 3.870881446681651017e-01 3.979554232731422059e-01 3.755603244328704626e-01 3.838199853745056789e-01 3.788404810623904884e-01 3.771407659762925357e-01 3.916395392268177678e-01 3.770426241386370392e-01 3.708406675227312044e-01 3.771726476636274583e-01 3.724320575005228284e-01 3.728947539877457418e-01 3.813200087269775218e-01 3.670814689643270290e-01 3.663557204699244285e-01 3.669486381683123577e-01 3.657899090608874859e-01 3.735596166548774133e-01 3.722729799629744263e-01 3.774241576987192870e-01 3.600139789223008591e-01 3.638136983960550408e-01 3.552889793074947011e-01 3.723252794781576336e-01 3.646990366661691518e-01 3.594431888732624869e-01 3.502512466183526629e-01 3.680983237509025674e-01 3.587441426657916321e-01 3.621141753255189277e-01 3.563920549807690907e-01 3.646341603025131661e-01 3.760023596840536553e-01 3.640734844543175308e-01 3.784502389140702028e-01 3.745621144854963114e-01 3.789213785786269550e-01 3.735813842995953649e-01 3.727907205853333017e-01 3.737608488937307349e-01 3.697462752285550214e-01 3.725486240373273583e-01 3.764921269924519365e-01 3.730601845052244347e-01 3.733382940919326431e-01 3.700943976813130254e-01 3.676297108319473983e-01 3.707360470865869173e-01 3.706701914427197875e-01 3.701747313992091448e-01 3.838581157710298508e-01 3.741087453918274797e-01 3.755354326433651413e-01 3.766131608148231558e-01 3.710989638833757098e-01 3.712110053009767818e-01 3.767000627906980648e-01 3.712359083545917482e-01 3.784001467338269920e-01 3.729339597161821507e-01 3.743800928843167841e-01 3.724086911413881928e-01 3.670092650621091246e-01 3.687319213523764794e-01 3.786674025453355963e-01 3.721930034957601774e-01 3.699787603154917615e-01 3.759530936367184717e-01 3.706909625646949147e-01 3.688568760841957062e-01 3.717501167846383181e-01 3.704389871608457230e-01 3.788219268551709096e-01 3.650046612647623312e-01 3.709566033926762207e-01 3.671763334755238084e-01 3.658095841501534107e-01 3.721429722346260016e-01 3.657484479091489549e-01 3.669153617996869787e-01 3.636717548789447085e-01 3.718760265835852619e-01 3.754097646487485340e-01 3.673141932790398578e-01
1.001054517408356409e-01 1.235749494687721634e-01 3.139940826301622079e-01 1.000000000000000000e+00 3.083127382130373961e-01 2.576846910334962271e-01 5.462874192141413676e-01 5.427792367605408508e-01 5.820212977728901338e-01 5.098596479831066786e-01 5.699463105253179673e-01 6.195534358494338978e-01 5.238027480218785392e-01 4.544453969414936068e-01 6.061010598196115984e-01 6.096743700377122988e-01 5.832501698926124689e-01 5.779274811025808534e-01 5.873233767902603653e-01 5.398898644303421479e-01 6.163182337735993999e-01 6.104718850778232397e-01 5.955308622812852670e-01 5.899432841885107193e-01 6.061002229566859745e-01 6.283754110238689572e-01 6.127127286728277777e-01 6.072484328308579427e-01 6.165376064781746823e-01 6.077591558686094020e-01 6.223004806397568478e-01 6.182687788255958328e-01 6.060687289057942184e-01 6.199832542104987132e-01 6.057316126015064306e-01 6.093649543352227527e-01 6.086337011399953756e-01 6.201760462326934009e-01 6.263067094860731432e-01 6.035709098906252290e-01 6.125552162462424288e-01 6.129259264149525821e-01 6.100079309843775555e-01 6.215322936183348412e-01 6.206634813855163024e-01 6.116769226109506352e-01 6.132594147631144077e-01 6.178907283398787920e-01 6.174236277734725942e-01 6.256321582418143956e-01 6.210835751227601342e-01 6.244347505000765741e-01 6.110615624961420744e-01 6.127980433127255822e-01 6.043360946955352864e-01 6.178491697409586036e-01 6.243380067099357777e-01 6.152528168631249406e-01 5.997920333902270196e-01 6.190763874761980867e-01 6.165324685860273934e-01 6.148024533299631944e-01 6.105761315543980494e-01 6.260054390537507230e-01 6.247463135432061998e-01 6.217115544569983276e-01 6.178280359742095440e-01 6.180887179582934543e-01 6.196586245354911426e-01 6.203588249503324548e-01 6.240127613646231364e-01 6.203197432626393892e-01 6.115153716844310416e-01 6.153571483790916119e-01 6.210589263439599828e-01 6.199063611105871674e-01 6.187192588176262387e-01 6.215969239270311419e-01 6.143207486713365695e-01 6.203223077860907653e-01 6.179907860508109252e-01 6.141615316220202514e-01 6.268033909141329518e-01 6.218565820707236957e-01 6.230715474550838628e-01 6.181532198700214753e-01 6.175318387923834917e-01 6.235854184295924751e-01 6.253062848642170213e-01 6.188627889086992795e-01 6.206836691855072141e-01 6.213786255036292117e-01 6.182066403412180833e-01 6.180032392485967918e-01 6.149303942720969474e-01 6.177261800684873405e-01 6.290509043318014415e-01 6.270371458885848348e-01 6.230110172439953242e-01 6.241691688746336952e-01 6.203594706690654936e-01 6.248373044618844574e-01 6.195731684008777274e-01 6.226864650199649409e-01 6.253555783477334762e-01 6.207536054072740894e-01 6.234607785598706986e-01 6.155621500497800991e-01 6.163824478439210441e-01 6.200724695132564523e-01 6.145129410000428338e-01 6.174239411276173373e-01 6.193612568229979187e-01 6.270909222009322104e-01 6.206074403237420434e-01 6.190850676024340915e-01
2.877585707960197969e-02 8.507820453680044193e-02 1.960114669521562658e-01 3.083127382130373961e-01 1.000000000000000000e+00 1.735882696262659175e-01 4.083938523160740575e-01 3.965840842460026661e-01 4.349522130054815361e-01 3.695599185169656797e-01 4.290307262651837372e-01 4.421908742661359026e-01 4.002233043768896881e-01 3.321639103520475089e-01 4.595696479882219743e-01 4.629527817128220035e-01 4.267934452108057553e-01 4.522251260124486860e-01 4.419154782126176184e-01 4.236752377538779979e-01 4.577617265353607356e-01 4.493394284961762519e-01 4.410430033159780105e-01 4.525905990407259605e-01 4.610209540841491704e-01 4.671028292401131488e-01 4.570948238806874508e-01 4.617878288130464193e-01 4.581320216772283294e-01 4.474673446991174197e-01 4.681757092496294237e-01 4.640815543373084107e-01 4.448089282326599947e-01 4.584049787204637627e-01 4.445464432271111765e-01 4.596921757321105750e-01 4.542598155800017801e-01 4.614774174212808999e-01 4.583591610697805296e-01 4.472478891699666059e-01 4.653597137424532182e-01 4.678616338272691411e-01 4.671079920059991730e-01 4.734390731227423599e-01 4.696366701190049509e-01 4.625648863759136420e-01 4.659835592861241160e-01 4.652525419408186091e-01 4.676024412422437604e-01 4.614923469673649636e-01 4.694545846365223429e-01 4.544036657770065823e-01 4.573757038882352299e-01 4.620357790881102211e-01 4.524002209034749256e-01 4.601020076594045660e-01 4.593576969584955427e-01 4.617978748251980736e-01 4.517162336608850359e-01 4.692140001988460152e-01 4.694501446943810663e-01 4.651845374949832856e-01 4.567048415325000166e-01 4.689982706911325350e-01 4.671341560373203361e-01 4.630287567205020882e-01 4.706582068932918528e-01 4.710461592053605817e-01 4.721653217647522327e-01 4.708055064207293250e-01 4.726604668380242069e-01 4.683538719432027153e-01 4.690961599229709900e-01 4.708088662016227666e-01 4.731108203130339196e-01 4.734584962227892380e-01 4.679447669201029503e-01 4.691201150464976433e-01 4.685373164142406788e-01 4.678024225433983774e-01 4.685019815146519995e-01 4.696181246768054152e-01 4.680651537114570715e-01 4.670789796398582827e-01 4.717665151660078160e-01 4.698059501868280807e-01 4.695591830227236474e-01 4.705527840741742240e-01 4.676251043483677372e-01 4.654236669749501343e-01 4.678707833424077811e-01 4.735397082433626115e-01 4.682026035550691523e-01 4.691997574070926880e-01 4.695956618109013436e-01 4.668462813261721189e-01 4.669709103782178627e-01 4.666655423619062160e-01 4.681095728290540214e-01 4.699965188793153725e-01 4.728012846681623471e-01 4.652957517100488882e-01 4.671431234670157528e-01 4.738434426520298781e-01 4.695352994877695640e-01 4.596627719900813203e-01 4.678417335791834608e-01 4.646943541852113779e-01 4.643589407398310276e-01 4.692270155449592139e-01 4.617558602840082238e-01 4.678113588807931156e-01 4.672306486842826567e-01 4.689345481822023709e-01 4.666917341860846724e-01 4.684287983621610030e-01
2.052802909802636452e-02 7.713937483490142244e-02 1.523610802945427889e-01 2.576846910334962271e-01 1.735882696262659175e-01 1.000000000000000000e+00 3.832646874394615155e-01 3.278540912959447273e-01 3.548783843113296199e-01 3.423724809685548820e-01 3.546294809528606207e-01 3.756664175759200641e-01 3.313879614493767667e-01 3.177403829232428589e-01 3.912087024509343092e-01 3.882412649086056655e-01 3.751929843374595119e-01 3.576467704610268306e-01 3.745941105419741679e-01 3.477378598679987665e-01 3.762664691731088529e-01 3.904768316441712961e-01 3.910704987777738340e-01 3.817282114477624222e-01 3.844930133143315554e-01 3.884985414333502751e-01 3.799339054918099423e-01 3.854809039338512044e-01 3.856591477797997602e-01 3.837474121448922748e-01 3.999051426875794846e-01 3.995585303072975436e-01 3.838396990013404064e-01 3.968931323643176690e-01 3.864301751842569854e-01 3.925244756068786423e-01 3.970575761848461060e-01 3.974891318409005669e-01 3.967039663025104801e-01 3.891446404244752189e-01 3.993467869698555939e-01 4.033310835237699510e-01 3.983698080573234712e-01 3.998567467596710889e-01 3.966843062332532366e-01 4.010799188707751539e-01 3.966564509574915798e-01 4.021505854760102361e-01 4.010649945481803424e-01 3.953746326747873407e-01 3.978147241491126196e-01 3.944769890643649579e-01 3.922722124961942058e-01 3.966877968489070927e-01 3.916882106949461373e-01 4.050631660775122489e-01 3.974400440369710297e-01 3.993619385571071101e-01 3.943340880804140358e-01 4.002095789909142498e-01 4.015871029288189953e-01 4.024688259727069450e-01 3.985046432622330603e-01 3.964632678661366150e-01 4.013653432016562883e-01 4.008381951577547064e-01 4.030577227479633651e-01 4.011024215077818589e-01 4.048456259522430489e-01 4.030489951074712196e-01 4.025605822597284056e-01 4.017268792033404923e-01 4.011545239357008352e-01 4.032456869794932564e-01 4.052132940546381845e-01 4.036643729909174527e-01 4.017311910508475359e-01 4.002466399331856550e-01 4.029987152747576129e-01 4.008477971308250232e-01 4.031473188695970378e-01 4.038568249673926136e-01 4.025245139573003228e-01 4.019113848374996634e-01 4.033929654352397254e-01 4.027209706779075749e-01 3.997497466540465560e-01 4.041238068919014714e-01 4.043410703766195380e-01 4.042103958083666515e-01 4.059279649626176267e-01 4.053248524135529829e-01 4.030252511993774878e-01 4.036857989188257778e-01 4.023308678289356233e-01 4.045615925809442071e-01 4.013433432413338053e-01 3.991743115977045564e-01 4.048235859874529385e-01 4.021020390584508220e-01 4.069674988924458781e-01 4.031376384434551818e-01 3.998504396247435366e-01 4.040605261825355177e-01 4.031096228284924421e-01 3.980241503617844567e-01 4.023731448988956960e-01 4.038384660340606502e-01 4.031834407568128387e-01 4.058663682629073954e-01 4.046466348852776895e-01 4.023443724375820318e-01 4.025252676536313357e-01 4.033494044998088834e-01 4.005947919967128290e-01 3.995981031913453108e-01
2.829316743443420490e-02 1.407230442096220890e-01 3.332798387921955818e-01 5.462874192141413676e-01 4.083938523160740575e-01 3.832646874394615155e-01 1.000000000000000000e+00 6.637425799225926681e-01 6.959746267586749413e-01 6.598902286767033276e-01 7.253200777833317403e-01 7.706300296880427281e-01 6.737478913818244486e-01 6.184700547778351210e-01 8.096302896624660850e-01 7.800921439702139804e-01 7.189337695033637399e-01 7.630454864821860639e-01 7.608181638316964257e-01 6.806218794609679712e-01 7.528208322503067151e-01 7.774514614936350876e-01 7.757880244569528294e-01 7.803157456135759729e-01 7.811713688880153050e-01 8.037756081509969119e-01 7.824427822138441124e-01 8.013096925919748204e-01 8.005952266398598249e-01 8.027195738062672392e-01 8.076806081234149115e-01 8.034094219142802196e-01 7.864567236453009480e-01 8.002720262035478704e-01 7.810192734915204493e-01 7.882637996394548097e-01 8.078714961366995073e-01 8.001809046296688432e-01 8.146307297424429938e-01 7.907643204548518989e-01 7.955942474099217954e-01 7.981129870733678633e-01 7.952333586175451829e-01 8.078569367681927016e-01 8.044798071467409439e-01 8.151599930455215581e-01 7.993347230365351885e-01 7.983219634067274528e-01 7.942561146520001891e-01 7.718899385409647707e-01 7.795231212537444554e-01 7.810136380102312703e-01 7.824213482993038760e-01 7.940926659118247022e-01 7.824131997902802338e-01 8.024567769288779573e-01 7.870840215065780798e-01 7.921234494283657668e-01 7.823255454634084893e-01 8.023282558665965070e-01 7.928436268997229863e-01 7.990688640390202213e-01 7.798789944574289201e-01 7.911846819708169276e-01 7.894684732347369005e-01 7.906291388718074131e-01 8.048397302400066566e-01 8.072928021378210639e-01 8.099595099986545144e-01 8.088381103014917750e-01 8.081707947772355238e-01 8.059798890838566487e-01 8.084365550801260181e-01 8.083960318293137437e-01 8.110716358743541576e-01 8.086202367049941664e-01 8.130661588508825144e-01 8.092859622498305150e-01 8.126846846765778398e-01 8.057790846978494237e-01 8.071268188834334056e-01 8.048387239505706559e-01 8.113401217352964601e-01 8.145785715371245406e-01 8.012918360849350385e-01 8.085427252145498400e-01 8.107658026536400664e-01 8.121226119645565955e-01 8.138362230601590142e-01 8.079244978241150177e-01 8.185581309831602148e-01 8.099711504057460765e-01 8.073305144455215077e-01 8.137591087482430874e-01 8.024119379671670327e-01 8.026605550132521749e-01 7.977904391873945622e-01 7.895683509254599608e-01 7.984006401985527246e-01 7.993134183961378980e-01 8.101356569586858347e-01 7.984051904910322017e-01 8.031220359510866658e-01 8.067251945775358868e-01 8.020684178823538346e-01 7.905675110340661949e-01 7.965405743182928378e-01 8.009444489141802626e-01 8.033584818737902200e-01 8.056083561213539523e-01 8.010427567729134779e-01 8.021946743192750473e-01 8.002245515714143664e-01 8.006792414899466248e-01 8.001353993054342029e-01 7.964737879464472980e-01
8.064734965380833398e-02 1.433061054392543721e-01 3.121741973998808373e-01 5.427792367605408508e-01 3.965840842460026661e-01 3.278540912959447273e-01 6.637425799225926681e-01 1.000000000000000000e+00 6.970508517799345327e-01 6.187514892371470676e-01 6.846875455593435245e-01 7.400342504257522158e-01 6.593888992844818553e-01 5.695410434187395676e-01 7.539291630526235855e-01 7.660781288778291120e-01 7.099386600382868728e-01 6.967057640609276570e-01 7.047501320752750376e-01 6.412785769534603553e-01 7.315011408994689379e-01 7.363040490390979631e-01 7.039583867390669658e-01 7.092443065354033793e-01 7.287944256040954638e-01 7.531783009497459158e-01 7.447264582509536268e-01 7.355836390311889517e-01 7.556528924271740388e-01 7.484525443985887705e-01 7.644480203449636191e-01 7.583775862056150174e-01 7.396066804927655669e-01 7.553680485746837592e-01 7.465794736064040871e-01 7.523476110303307651e-01 7.501411807345892413e-01 7.727192550277943717e-01 7.644520088126246504e-01 7.350637366522733140e-01 7.602249482507147382e-01 7.618212438169443823e-01 7.537465420651208170e-01 7.710723501657557044e-01 7.575527150284441236e-01 7.570371976544542081e-01 7.707269974250098299e-01 7.738806565343504529e-01 7.736285968722765860e-01 7.743482709472179204e-01 7.752344240675826947e-01 7.686352580193481776e-01 7.575435016036965452e-01 7.732119858560806414e-01 7.673104385920493931e-01 7.595568831184693614e-01 7.803370412261262379e-01 7.733292283256927302e-01 7.696741070784554051e-01 7.711083728711592977e-01 7.742377279201345663e-01 7.742949903298279590e-01 7.778700791059350861e-01 7.809369758314549381e-01 7.676787115572772935e-01 7.769452735892685702e-01 7.704129609645777865e-01 7.689412117846845529e-01 7.692383647095796251e-01 7.700585618394926168e-01 7.736933885383585618e-01 7.688578779347330361e-01 7.587688993837407025e-01 7.663513145550334693e-01 7.717534820197620160e-01 7.710957535660685203e-01 7.687528540540492505e-01 7.723595591520457937e-01 7.654832343601583045e-01 7.722591819624842202e-01 7.716856629722679273e-01 7.699910899051466417e-01 7.737260675974518831e-01 7.748832654812187748e-01 7.759942389072368440e-01 7.693148316635950446e-01 7.684190314311888370e-01 7.762243389265145455e-01 7.744054986876303115e-01 7.671955207465345206e-01 7.677278165586446379e-01 7.741076229660247554e-01 7.670200571471518236e-01 7.709393615377608810e-01 7.708254216260124192e-01 7.739457423420494919e-01 7.811088348211109311e-01 7.798412273137268480e-01 7.783527372376397580e-01 7.763297470601698835e-01 7.730405537461968457e-01 7.833519400880517569e-01 7.707701478627985159e-01 7.755739509665724452e-01 7.746686015472428188e-01 7.772299021719341061e-01 7.784295234761242632e-01 7.709860449238695734e-01 7.750027558984784459e-01 7.758129590457027991e-01 7.746068903398044547e-01 7.731637792660108754e-01 7.766850841762579227e-01 7.793939907894774644e-01 7.710696592579708852e-01 7.719386150560648696e-01
9.953686625655830400e-02 1.410091830583781181e-01 3.441769005220362554e-01 5.820212977728901338e-01 4.349522130054815361e-01 3.548783843113296199e-01 6.959746267586749413e-01 6.970508517799345327e-01 1.000000000000000000e+00 7.174307356752769316e-01 7.870554358866151956e-01 8.254894942809286595e-01 7.261520362966469300e-01 6.331160453833012403e-01 8.390805472910684015e-01 8.249076627068229195e-01 7.958473220170303453e-01 7.731373888612675938e-01 7.876449615393242842e-01 7.319649683099384019e-01 8.007572700011630351e-01 8.174038458614294456e-01 7.936698368062002906e-01 7.952322312852044828e-01 8.195240972627405585e-01 8.386059455160130849e-01 8.378535675885782075e-01 8.331013112411193022e-01 8.451165830960283287e-01 8.362160689699851268e-01 8.630898009747719479e-01 8.463491516261292258e-01 8.225187151544525177e-01 8.385304513331027776e-01 8.220910623078432344e-01 8.319060823081049216e-01 8.411920079916808124e-01 8.497428497134947856e-01 8.483616906385889056e-01 8.214262778900056627e-01 8.580108680713571800e-01 8.489634584967337139e-01 8.444842174898653520e-01 8.578695181217078636e-01 8.546661202076728525e-01 8.453940671456560141e-01 8.638824489195201517e-01 8.767152362208736616e-01 8.693519379167051753e-01 8.559480379178600051e-01 8.545073452818838788e-01 8.639425621366746411e-01 8.563791745842912473e-01 8.733098644811529976e-01 8.601184001103227006e-01 8.576867121909110825e-01 8.771586537456652621e-01 8.639486094256693116e-01 8.579921671503242253e-01 8.681409528158670064e-01 8.645595514902255641e-01 8.680911978297984888e-01 8.655762354080484000e-01 8.726293349901177443e-01 8.703112937788269887e-01 8.745147661680983120e-01 8.704446065459499060e-01 8.626798392065857524e-01 8.647242867455874338e-01 8.618636815070636059e-01 8.647427401748530862e-01 8.639553560855266490e-01 8.524386821237226464e-01 8.609152786091213150e-01 8.669557749483935982e-01 8.690383155020786621e-01 8.640757964474544695e-01 8.653797746181987049e-01 8.573136913924211955e-01 8.687723712866163295e-01 8.635108427130192554e-01 8.678768257681892528e-01 8.704023623656095277e-01 8.632146397347271183e-01 8.640560075583795241e-01 8.631196826502415265e-01 8.636271368350046940e-01 8.650337232346638761e-01 8.649947885934063940e-01 8.654102872664592994e-01 8.587963330911015936e-01 8.681621542149775550e-01 8.650788870216209459e-01 8.649290762088940321e-01 8.688336413132824454e-01 8.727402433131699055e-01 8.718301468110174479e-01 8.756245837014788869e-01 8.707555875186132610e-01 8.678323982792618407e-01 8.637106756446030209e-01 8.722221151089063484e-01 8.697091378797605632e-01 8.718379827746971511e-01 8.712837065701339867e-01 8.764961797344784644e-01 8.781221486081424166e-01 8.711800049600093576e-01 8.702337768077792468e-01 8.693653324024315232e-01 8.693661014252264119e-01 8.714299446285261874e-01 8.732508864754453537e-01 8.726176167201655787e-01 8.718609170233575512e-01 8.733784276247863465e-01
2.501135918736447847e-02 1.591137787747425036e-01 3.024532970144540589e-01 5.098596479831066786e-01 3.695599185169656797e-01 3.423724809685548820e-01 6.598902286767033276e-01 6.187514892371470676e-01 7.174307356752769316e-01 1.000000000000000000e+00 7.053055378106711792e-01 7.573792371657784850e-01 6.574274396252137720e-01 5.732537973689495470e-01 7.657300429745483861e-01 7.449372247537678904e-01 7.123947357954066861e-01 7.146497893484997643e-01 7.235081635517053300e-01 6.496987016612157939e-01 7.219120236953125991e-01 7.442932429136103201e-01 7.340200940460960277e-01 7.418689602687156270e-01 7.552493533535756809e-01 7.668531830413604089e-01 7.548204514142309307e-01 7.679941514395173252e-01 7.634017925198179899e-01 7.615548653032114812e-01 7.924256310435169315e-01 7.785250779837475932e-01 7.440179598008294093e-01 7.710885121242744278e-01 7.436267567762546715e-01 7.665009624783371001e-01 7.682377071428433402e-01 7.765161123576803659e-01 7.810999324591207937e-01 7.568023945992243817e-01 7.884484907097383255e-01 7.838202617833170960e-01 7.766701224867805786e-01 7.866741829410220932e-01 7.839428319051099381e-01 7.810126321213631817e-01 7.966312775002521995e-01 7.997627095840444955e-01 7.945367595830346019e-01 7.700438361611309235e-01 7.748142440407260745e-01 7.754026151436207437e-01 7.777457615019912618e-01 7.997547329250007664e-01 7.846389812411346254e-01 7.878685667228724210e-01 7.888419284885311855e-01 7.904714574435315333e-01 7.845355323087501720e-01 7.958647750081158101e-01 7.893749248674823971e-01 7.930467658439499523e-01 7.846004038877713027e-01 7.909849000135928954e-01 7.909799380106760092e-01 7.944690518707931970e-01 7.967226707978611877e-01 7.966602789232576365e-01 7.961065961419606651e-01 7.897493397316671659e-01 7.955253356211419158e-01 7.963501871135791887e-01 7.906445084662852008e-01 7.958431276802006016e-01 7.970663176651348047e-01 7.973736438958191064e-01 7.947502146746805440e-01 7.927439035634277209e-01 7.905832408019938251e-01 7.969957933316965670e-01 7.959809659686361005e-01 7.991552724502674065e-01 7.984435012745634275e-01 7.936961228840058169e-01 7.936916404144455095e-01 7.977711725605686199e-01 7.967704447130609102e-01 7.970619761832467010e-01 7.970594033864214500e-01 7.997516929133792196e-01 7.917350622047756303e-01 7.988144560867906918e-01 7.964635174957933605e-01 7.961869396662969445e-01 7.993283286119874376e-01 8.008070922977570394e-01 7.918399126003001776e-01 7.913173943298644764e-01 7.967165670073453887e-01 7.923252600882382257e-01 7.947862355199413198e-01 7.938150167051707395e-01 7.946577858607903888e-01 7.981315354092946013e-01 7.969933239561423077e-01 7.934117654338194159e-01 7.995465242539748774e-01 8.016945501222773052e-01 8.000544877863523530e-01 7.991072874056653896e-01 7.967912986895170357e-01 7.977887524590453472e-01 7.978260748088890075e-01 7.959568897978995805e-01 7.975636277417952336e-01 7.995055843099736492e-01
2.052904599877590844e-02 1.339598300492495508e-01 3.543564999878960342e-01 5.699463105253179673e-01 4.290307262651837372e-01 3.546294809528606207e-01 7.253200777833317403e-01 6.846875455593435245e-01 7.870554358866151956e-01 7.053055378106711792e-01 1.000000000000000000e+00 8.587091140816546231e-01 7.413142030984896103e-01 6.460236740808799061e-01 8.537289106927302695e-01 8.462946990363797717e-01 7.894632920140456367e-01 8.039493505199607482e-01 8.159331602779635872e-01 7.381556403931300858e-01 8.172518674486550783e-01 8.420675452193031596e-01 8.147653021433460818e-01 8.352531378205007018e-01 8.478478711861036077e-01 8.626907635231843008e-01 8.377600913437383001e-01 8.511083809620550999e-01 8.542134838969096533e-01 8.529635696554841440e-01 8.824700644911472880e-01 8.724424470365226281e-01 8.424743768646953956e-01 8.705788376878801360e-01 8.394857640600993376e-01 8.553297406650381962e-01 8.721859476742591655e-01 8.696037841512688216e-01 8.742464584775823111e-01 8.469641983542254282e-01 8.696718354263599515e-01 8.743177560913986124e-01 8.686081428119083458e-01 8.793361754945701048e-01 8.726872808842990326e-01 8.702799362650074366e-01 8.815312002674631220e-01 8.818151002211928047e-01 8.770773371678707298e-01 8.698029389437685888e-01 8.727606029396529630e-01 8.711058860551105232e-01 8.647618831750834012e-01 8.792684577104359356e-01 8.626843506712553733e-01 8.745759757100266540e-01 8.731566931346650406e-01 8.746240364185189353e-01 8.674435552898035473e-01 8.806021026778750871e-01 8.790433908373126437e-01 8.781158375631703539e-01 8.694356072927368340e-01 8.771134673874210197e-01 8.749928083076268237e-01 8.805234805811872345e-01 8.867273401579079950e-01 8.868620767865220689e-01 8.876935553743878771e-01 8.855188721269402485e-01 8.895676985898171019e-01 8.876621957493786574e-01 8.825006632739705870e-01 8.857413763390769024e-01 8.884059889488469253e-01 8.843791376590518505e-01 8.866821724377893510e-01 8.847498550098958914e-01 8.814009571536886023e-01 8.857471081322642048e-01 8.875885326844353829e-01 8.881971045474331694e-01 8.882580094040036789e-01 8.848144093270030597e-01 8.860254768995863284e-01 8.881069495448196127e-01 8.862733725622802261e-01 8.890675345500895776e-01 8.894390098058920779e-01 8.852508390939605176e-01 8.849688119274583542e-01 8.873863303618757525e-01 8.866944415854879358e-01 8.869862970975794791e-01 8.873527074251895685e-01 8.871373997569634851e-01 8.851488615583390507e-01 8.824347861140796612e-01 8.868600633219640983e-01 8.864593872475099445e-01 8.884108463775651776e-01 8.856810810170431258e-01 8.852890754938218532e-01 8.882715721459215619e-01 8.870444672998911706e-01 8.799898244047528184e-01 8.857057856009139529e-01 8.853749702999248461e-01 8.863669860104501641e-01 8.866376041347622250e-01 8.827962665331559045e-01 8.858737026737356635e-01 8.846432125406370472e-01 8.857369146572751095e-01 8.847939472152425155e-01 8.852420859167992040e-01
1.724259874254964464e-02 1.553112913837577935e-01 3.620397173277445368e-01 6.195534358494338978e-01 4.421908742661359026e-01 3.756664175759200641e-01 7.706300296880427281e-01 7.400342504257522158e-01 8.254894942809286595e-01 7.573792371657784850e-01 8.587091140816546231e-01 1.000000000000000000e+00 7.839748606387989538e-01 6.876807917204385001e-01 9.060178945665559036e-01 8.950529405409108907e-01 8.327005844325240380e-01 8.506620303818601680e-01 8.635080861045690837e-01 7.905911155488181130e-01 8.655422965904443489e-01 8.896022725687264820e-01 8.646278264535022240e-01 8.804896318915840236e-01 8.943582714918371090e-01 9.116446071835262455e-01 8.961812115669949286e-01 9.044638717202757583e-01 9.104113335795015471e-01 9.033374130817092285e-01 9.329996924433260341e-01 9.216224066553947436e-01 8.907351294312223500e-01 9.172905103107277247e-01 8.835189416422810638e-01 9.027502058716792011e-01 9.169507756461744430e-01 9.258536258824588971e-01 9.279876206758692625e-01 9.043079532733442338e-01 9.256690690405348088e-01 9.268875604025536008e-01 9.217735999469430785e-01 9.332277706868978839e-01 9.269028108877583882e-01 9.280838530557345978e-01 9.328405441273937004e-01 9.346692188066831886e-01 9.333904708732987388e-01 9.173288944953261748e-01 9.209186534709776772e-01 9.224208412191450268e-01 9.193930888877888119e-01 9.316502679597339354e-01 9.202047431617472739e-01 9.309645718231237543e-01 9.283550902807403693e-01 9.265218540742928832e-01 9.227476138113380744e-01 9.339549090260185205e-01 9.314281211387388515e-01 9.333688589372781674e-01 9.228868352684945764e-01 9.289814764905044431e-01 9.249282368691982281e-01 9.320472303572723272e-01 9.373892826141476675e-01 9.364989894134763126e-01 9.365828222015203375e-01 9.361440427237265327e-01 9.392979626816267968e-01 9.377126761073696359e-01 9.326095402387283295e-01 9.365931475040255583e-01 9.395215165715896655e-01 9.355801997924810820e-01 9.370726509056664932e-01 9.362288846482738069e-01 9.357752279044161403e-01 9.377788815646177500e-01 9.375779079610998545e-01 9.396665087584270548e-01 9.381160106079456940e-01 9.358219575873762963e-01 9.355588377729010530e-01 9.378193656141321499e-01 9.377165680199655018e-01 9.406789100951646887e-01 9.413163159925654888e-01 9.377170712361068139e-01 9.374472761624452755e-01 9.402408007163849391e-01 9.390026954728288855e-01 9.409958280921705276e-01 9.377681124978075600e-01 9.382914821303885988e-01 9.355935891361200074e-01 9.310968886193082827e-01 9.355165290437262859e-01 9.353689779493901124e-01 9.393909028006768303e-01 9.359254282109787937e-01 9.356459106562159400e-01 9.405421214811391373e-01 9.378255783120629241e-01 9.311646192280306211e-01 9.369373689676239181e-01 9.376828888424604269e-01 9.379835090676992282e-01 9.381974014423950514e-01 9.356125378871732456e-01 9.367989716601990979e-01 9.363456243833852000e-01 9.362892401329254710e-01 9.362503525130199122e-01 9.369072285511723663e-01
2.609986231174589097e-02 1.075939811285315101e-01 3.181458339653838174e-01 5.238027480218785392e-01 4.002233043768896881e-01 3.313879614493767667e-01 6.737478913818244486e-01 6.593888992844818553e-01 7.261520362966469300e-01 6.574274396252137720e-01 7.413142030984896103e-01 7.839748606387989538e-01 1.000000000000000000e+00 5.931085999663854302e-01 7.945466157136384933e-01 7.973414836055954247e-01 7.345998711662850011e-01 7.443099645183717250e-01 7.494016004128344344e-01 6.848410674861464820e-01 7.574338777313044391e-01 7.731747702464422112e-01 7.488418814170292315e-01 7.621134772610931307e-01 7.837448099320136752e-01 7.939424254603429931e-01 7.819155243607585071e-01 7.815719998153427550e-01 7.935138340403254942e-01 7.840274686145771721e-01 8.139682726322015061e-01 8.030188886060445341e-01 7.749427001838387064e-01 7.955521923763442249e-01 7.734969280003671788e-01 7.869051665257824624e-01 7.972303300936984805e-01 8.043442187912450692e-01 8.091870189044105821e-01 7.755528594147662602e-01 8.039189441248920653e-01 8.085902232764282660e-01 8.069378112727434438e-01 8.172115681763528761e-01 8.053554784798987454e-01 8.077657597699042791e-01 8.161045478779166418e-01 8.180723653565546982e-01 8.145109295943228078e-01 8.060480281678934489e-01 8.090042102908778787e-01 8.064149752290366013e-01 8.054948917776216799e-01 8.124403572610293667e-01 7.981471014410304043e-01 8.058778337756649091e-01 8.115075840673163787e-01 8.094789950518558319e-01 7.977380160960644284e-01 8.215673990333679511e-01 8.184444520056364247e-01 8.161498897490943039e-01 8.086774284705021687e-01 8.185413861773115363e-01 8.178722860291176566e-01 8.207877177136843061e-01 8.196505361568539039e-01 8.192665202387074963e-01 8.203913926241472865e-01 8.187337865385728719e-01 8.207652323824087270e-01 8.227318679217796582e-01 8.145970865814444739e-01 8.216030021408502471e-01 8.220490880979042236e-01 8.185143317936249829e-01 8.186885748894169312e-01 8.212267770689501978e-01 8.181931541227717153e-01 8.216309573606673800e-01 8.188909633106322694e-01 8.228578181488802601e-01 8.207022213135339861e-01 8.204426089627535612e-01 8.215944182256161854e-01 8.216922356585590892e-01 8.213611890796721493e-01 8.228721105801630742e-01 8.237454014204278474e-01 8.184003768505706544e-01 8.160328086343383580e-01 8.218143433191350544e-01 8.200745248439886836e-01 8.218084724591980805e-01 8.234142818628580329e-01 8.231215851309103826e-01 8.196643430385358586e-01 8.210088839699767327e-01 8.234629676855842462e-01 8.214110045525214732e-01 8.261838090557205305e-01 8.229419107774050834e-01 8.204671997186651078e-01 8.266173137128759452e-01 8.260208985178356667e-01 8.175697453779167123e-01 8.221757771779847346e-01 8.203709907748342189e-01 8.200070890082014063e-01 8.224022932040722100e-01 8.165310776344562038e-01 8.249899692006044116e-01 8.221922453670000852e-01 8.273331909437103837e-01 8.234998710133024646e-01 8.221876628356006300e-01
