1.000000000000000000e+00 1.709815596930168713e-01 5.361307946426809717e-02 6.598048091487768163e-02 -2.290078962904941798e-02 1.024444665020071005e-02 -1.977225684841218273e-02 9.697764580686225877e-03 1.557120964828806187e-01 1.195507370730373997e-01 -5.880394908639311954e-03 3.729198830267485814e-03 5.226334059430047529e-02 5.450011589936120185e-03 -1.406423481156948664e-04 2.963774107733958829e-02 1.334248043953124019e-01 1.473262893022871285e-02 -1.179806789456930467e-02 2.819046145281786653e-02 -7.203618876919574672e-04 3.493462891552737582e-03 1.717269140886481041e-02 2.993790901361973941e-02 2.280511965953708337e-03 2.974745038125346103e-02 3.458182967314031575e-02 -2.969271149053093889e-02 3.688174116636613181e-02 2.052232475755869437e-02 2.510898770140024619e-02 -6.889154561751184395e-03 -3.696728193589664951e-02 -1.244535135486771887e-02 -1.982193055543606322e-02 -7.621836332153300413e-04 -2.794673018666034292e-02 -1.014791948519893662e-02 -2.952015044779238498e-02 -7.476261987549731591e-02 1.143878325323042892e-03 -2.911767751544036900e-02 -2.552110774255273232e-02 -8.727795314613319769e-03 -6.968949332255920150e-03 -1.464180527467729559e-02 1.925707144060996578e-02 3.277710082655220514e-02 2.438576179104739311e-02 -1.462514077094240975e-03 -3.889964342624997479e-03 9.093138459203538651e-03 3.035740880711249035e-02 4.142061049097774811e-02 2.279500007080231816e-02 -1.942499191145664883e-02 6.135973667844255020e-02 1.032431554654528877e-02 5.494676466493465805e-03 3.460919577413269776e-02 1.769267193925509393e-02 2.596302460796425654e-02 1.979027973634866003e-02 4.146448706823564062e-02 5.333514389589317367e-02 5.609782985333922056e-02 3.936453206817457084e-02 2.397366710661380605e-03 1.173830757113079534e-02 1.298847262267430538e-02 -3.120516698939593530e-03 6.950542580396360838e-03 1.143500291207864318e-02 3.563973221507243331e-03 1.046829461417913588e-02 8.275834966996117870e-03 1.829379078607102933e-03 2.362517218746796807e-02 5.903914523100795009e-03 1.860853604795443400e-02 8.525883845642210496e-03 1.104069899777192394e-02 2.778597021457114569e-02 -1.638721177386923611e-03 -1.326945890544442043e-02 6.460436677737532935e-04 -1.921079393564694565e-02 -3.970511922234232043e-03 -7.478866332060908964e-03 1.142443166947713917e-02 -2.783517770493666374e-02 -7.695150892767374344e-03 -6.381193094535383276e-03 -1.044787980316748757e-02 8.050656797750589330e-03 1.687546872461742273e-02 -4.950727576757823177e-03 4.586056309553472599e-02 1.031204336528380137e-02 -2.126652548300069553e-03 -1.109503005431327488e-02 9.493354539470408304e-03 1.305721290697287387e-02 2.483489236165010040e-03 1.420752170313841628e-02 4.489422588805681846e-02 3.082072282784745210e-02 1.840693644862369943e-02 1.048830299578620319e-02 1.354079541125286119e-02 6.469406197747233980e-03 2.316502591856962195e-02 1.196333945687021345e-02 1.833436074774403429e-02 3.592369956097857947e-02 3.785512464590059384e-02
1.709815596930168713e-01 1.000000000000000000e+00 7.857889586701825857e-02 1.365330148668061350e-01 2.677937376536124528e-02 4.176389829539219056e-02 3.928704081677596160e-02 4.548529444965100643e-02 1.607884247514840825e-01 1.982711323682483096e-01 1.169483905393425838e-01 1.005736855480064001e-01 1.093412471950548637e-01 1.191543485101240613e-01 9.202300486905552745e-02 1.193485369973345395e-01 1.475849137367561958e-01 9.150553370054133329e-02 6.825686687084489557e-02 3.556128813791421817e-02 5.252035115342218452e-02 6.735938391482509946e-02 1.146901246774962163e-01 1.025073104097899285e-01 6.347515313448248708e-02 9.941160128144030383e-02 1.218236571777914362e-01 9.034298061758995468e-02 9.566561548322893849e-02 1.170270368601117467e-01 1.135404471237655005e-01 1.000207731549464102e-01 6.394347206683465012e-02 7.225684705945870090e-02 8.938300358515753608e-02 7.523572661580894827e-02 8.601476056644270785e-02 8.834630441502260012e-02 8.657776217936351271e-02 5.772161600913591761e-02 1.144758574550774066e-01 9.472461102013271517e-02 8.693165227755671187e-02 9.371610124222157223e-02 9.363685688274298036e-02 1.024625676602913121e-01 1.279206658839844302e-01 1.433403775170258299e-01 1.255769153498806079e-01 7.722808574413776717e-02 1.031692000822093114e-01 6.143952528456562978e-02 1.132814159597181347e-01 1.369421943665855290e-01 1.197478703312941789e-01 9.888056381758954239e-02 1.170637649259937407e-01 1.136498822972075162e-01 1.127824475723830933e-01 1.324180883383081486e-01 1.123775071521094238e-01 1.258481990431771225e-01 1.166872999731046467e-01 1.319015721497292237e-01 1.255994069032634053e-01 1.181742887010023696e-01 1.375504971246411523e-01 1.226730758747367200e-01 1.305783916507729792e-01 1.115628196513123727e-01 1.032444538183125426e-01 1.170829441438409890e-01 1.234109176969353378e-01 1.206283729997813248e-01 1.243611563730940839e-01 1.208360629367564582e-01 1.181198852786062015e-01 1.257956195406218225e-01 1.238275347387827741e-01 1.231006658786946428e-01 1.159922155134189559e-01 1.308570757059203671e-01 1.176121069450145468e-01 1.138825064484200733e-01 1.040775259550906495e-01 1.176358424103460115e-01 1.044814353832936721e-01 1.169258403512273004e-01 1.139151629529951831e-01 1.169453337881098953e-01 9.733712700270791274e-02 1.161469264159902537e-01 1.143867879419276229e-01 1.150182673992800747e-01 1.278079496376147983e-01 1.365604791763065651e-01 1.007615539117110159e-01 1.186517263958455082e-01 1.205735025939646266e-01 1.149751985598744808e-01 1.157896604862604789e-01 1.171995659151743030e-01 1.129719924283026228e-01 1.168345928786201082e-01 1.078678084763704109e-01 1.182964407375953486e-01 1.342507530317528786e-01 1.380996961780553145e-01 1.246409116642828302e-01 1.249902988881123472e-01 1.192303896019899917e-01 1.331851187301130723e-01 1.272362222120947128e-01 1.294834655900405085e-01 1.256136505119170299e-01 1.252508898371149093e-01
5.361307946426809717e-02 7.857889586701825857e-02 1.000000000000000000e+00 2.520367720855652416e-01 9.768693093219814327e-02 1.379361591037898127e-01 1.995627350381179166e-01 1.822953880993402886e-01 2.330282303594698734e-01 2.383721810580818057e-01 2.602082714629667670e-01 2.714538460090601957e-01 2.277615559787109223e-01 2.329931541055428879e-01 2.940446275800183140e-01 2.647788374043951176e-01 2.623763612886058083e-01 2.358678127430091920e-01 2.606579867012378537e-01 1.890253822405389139e-01 2.135409937254241219e-01 2.558080733574336074e-01 2.717680723443623991e-01 2.466964391873796847e-01 2.338316645334597987e-01 2.932281137774688240e-01 2.942433304170693487e-01 2.699660920619498805e-01 2.433599544133979720e-01 2.614338656433982666e-01 2.798720321671159250e-01 2.773687064067358321e-01 2.318536335214577693e-01 2.604471310933280659e-01 2.348067125622680940e-01 2.759796974987946405e-01 2.668103693206546057e-01 2.753365619894057592e-01 2.687516257501923467e-01 2.807044262775517107e-01 2.946539690358003227e-01 2.856542777975076275e-01 2.753992217310215485e-01 2.809783573389449396e-01 2.782622066387449578e-01 2.755857372241222181e-01 2.969247158031279588e-01 2.939784465597901630e-01 2.867642414899666536e-01 2.652619373236907441e-01 2.826569620612365830e-01 2.767874867495704883e-01 2.891753612795278094e-01 2.844945785688690609e-01 2.879181350127613670e-01 2.910450832924815212e-01 2.727989426262227846e-01 2.871265726074049285e-01 2.831930804376724398e-01 2.848493672702779866e-01 2.898425145822161042e-01 2.850809887690452515e-01 2.782459286869636284e-01 2.818229099231484569e-01 2.821499546997999763e-01 2.795955648614134592e-01 2.922020033520175142e-01 2.955027963838806615e-01 2.871936704445365862e-01 2.769089214964739476e-01 2.846599461464324188e-01 2.883419761144003779e-01 2.914358012933761510e-01 2.888735561820514608e-01 2.891813310910787971e-01 2.810686628491012584e-01 2.847914827348599909e-01 2.899723348970219550e-01 2.872261861896337476e-01 2.710877449485108448e-01 2.846433618572408730e-01 2.958112958227268607e-01 2.919515249401494206e-01 2.759793604216206897e-01 2.792774864764770437e-01 2.870501159525201129e-01 2.849311773476148613e-01 2.908153468897741178e-01 2.853397900946253452e-01 2.972058021652381754e-01 2.865128114349136390e-01 2.899340022753922885e-01 2.910364098728256410e-01 2.845686207820569136e-01 2.918841299151843094e-01 2.911018086543552541e-01 2.889620702428523646e-01 2.816272498385000711e-01 2.930518187825691956e-01 2.897988569400542502e-01 2.915571104928365576e-01 2.877410297486993063e-01 2.885890345516264888e-01 2.932201070967162537e-01 2.903920896736146839e-01 2.845927459239133706e-01 2.884170079088895222e-01 2.954550379788269954e-01 2.943299201445820912e-01 2.886919888017799862e-01 2.945363728224151822e-01 2.879784422618235085e-01 2.919318440111977608e-01 2.885769228229684291e-01 2.914481394832834638e-01 2.903241839432748050e-01
6.598048091487768163e-02 1.365330148668061350e-01 2.520367720855652416e-01 1.000000000000000000e+00 1.991760299244280941e-01 2.731147792866269186e-01 3.666028664123149872e-01 3.678242857413380751e-01 4.254448711717134790e-01 4.220032662208725860e-01 4.404883554400872980e-01 4.765077861214499499e-01 4.244495926642631312e-01 4.263638055805312743e-01 4.964764886223441698e-01 4.858505474249816825e-01 4.654266801872934955e-01 3.870917235331339246e-01 4.171706852612913630e-01 4.036417849069399710e-01 4.195155639818766158e-01 4.330574754478643262e-01 4.307001511724509735e-01 3.803569832608588719e-01 3.745959029628991299e-01 4.823050792176488133e-01 4.846870779891008785e-01 4.810334188656272825e-01 4.717891413307033766e-01 4.777636963276923332e-01 4.943420924361792146e-01 4.658405202273271373e-01 4.339930356798932798e-01 4.380097857104429671e-01 4.344648709380938834e-01 4.575808341567995097e-01 4.742036312412131749e-01 4.889100538424131503e-01 4.765146455115242263e-01 4.643354292229261437e-01 5.080474901893875517e-01 4.940230313259698081e-01 4.830970840377758480e-01 4.933843598093984317e-01 4.815778455532820357e-01 4.932417762517476434e-01 5.152003422296291824e-01 5.125181488095869042e-01 5.072824660742679681e-01 4.610344350026397975e-01 4.979449336717832186e-01 4.514046859927767219e-01 4.882565157535188605e-01 5.077169724779011517e-01 5.020869079966726600e-01 4.971528462815773541e-01 4.898178627743402513e-01 5.086359106367464022e-01 5.003016203785595195e-01 5.081010549774989116e-01 4.975828275372658482e-01 5.046401706780300200e-01 4.974682042849164487e-01 5.098858371924611665e-01 4.985107568794195920e-01 4.963847703879094575e-01 5.082951856574542404e-01 4.927958797879870012e-01 4.956731814714846474e-01 4.986421532990828465e-01 4.974288569878519417e-01 4.957287772900385026e-01 4.832228199602709995e-01 4.850040828851111541e-01 5.040570805775280716e-01 5.024196630922478368e-01 5.054798748138069620e-01 5.112838991999483218e-01 4.966763101908837075e-01 4.841259259016150174e-01 4.874034748222019209e-01 5.107728925495029770e-01 5.030137904498492851e-01 4.862897173086004887e-01 4.915704925480977039e-01 4.878952985216309379e-01 4.901887290289365651e-01 5.062901700713404729e-01 5.030180905399893598e-01 5.069593703092545312e-01 4.923482904255315207e-01 5.054578672094259817e-01 5.043577102567176063e-01 5.030915275226457428e-01 5.082429172597953126e-01 5.091427897253422152e-01 4.963138264045380277e-01 4.978814074033378612e-01 5.077854630322722329e-01 5.028899408455262954e-01 5.022450584470230517e-01 5.067329879202987497e-01 5.044259018173425924e-01 5.125311806097629930e-01 5.012700167670136597e-01 5.043669340198880802e-01 5.116946819496553944e-01 5.135328233012544930e-01 5.076183647805713184e-01 5.073433921318419859e-01 5.106567369777486043e-01 5.115563366379969334e-01 5.113550976365068834e-01 5.078683250625931622e-01 5.087911768792845457e-01 5.106187969041259267e-01
-2.290078962904941798e-02 2.677937376536124528e-02 9.768693093219814327e-02 1.991760299244280941e-01 1.000000000000000000e+00 1.852270546094724468e-01 3.258906459198331884e-01 3.441046392742529436e-01 2.951272669605643495e-01 2.936998769891811523e-01 3.108194017686330413e-01 3.437457756142687226e-01 3.394215077866018504e-01 2.621457195668837059e-01 3.742390029411344909e-01 3.310168215652734558e-01 3.184441810108222248e-01 3.351685058589057853e-01 3.641042178284194519e-01 3.067309030285890747e-01 3.350724163377326592e-01 3.798633779763843088e-01 3.651463207396555832e-01 3.320587792760094636e-01 3.637057092962701632e-01 3.748636231951005815e-01 3.672007858897309851e-01 3.668050214037757439e-01 3.321781886618920820e-01 3.575059531302304805e-01 3.755442436361892122e-01 3.754466721136418550e-01 3.323752859518606662e-01 3.710252693656270750e-01 3.423745547500056108e-01 3.791699177663824250e-01 3.776979187630095658e-01 3.544166418076990510e-01 3.768364387642941793e-01 3.817225725203190478e-01 3.710636939730758144e-01 3.776698913849234063e-01 3.831472387750501918e-01 3.856396542911423864e-01 3.763508969701436224e-01 3.822973404129181851e-01 3.625018936172677564e-01 3.618839623004523887e-01 3.547792891516626246e-01 3.492191986677738447e-01 3.652352067533216062e-01 3.805674966573844853e-01 3.595566661138866471e-01 3.671215776800010322e-01 3.667381483830574607e-01 3.870128928551525571e-01 3.550922007228808908e-01 3.778094447272146161e-01 3.683205729042148269e-01 3.734681445758820661e-01 3.770705967092854993e-01 3.667230029837941774e-01 3.592972257900250987e-01 3.668489465727688970e-01 3.743468137952037367e-01 3.731191574691541946e-01 3.650278574406699006e-01 3.749575871286718320e-01 3.757684234865398820e-01 3.745742803139879284e-01 3.742018587587087608e-01 3.757072306460820244e-01 3.744335339066272583e-01 3.759208596796181356e-01 3.715541997732875745e-01 3.724858236518189814e-01 3.712089560118898013e-01 3.655083363750634695e-01 3.858511319368819747e-01 3.734835323495268589e-01 3.841857074633785452e-01 3.704515480553607354e-01 3.784614461887578774e-01 3.698556459209317304e-01 3.813301241214082649e-01 3.771701252421859607e-01 3.807963060561653790e-01 3.751267938619572972e-01 3.767713056276498218e-01 3.803550841786419445e-01 3.869175012042685435e-01 3.759144042280023190e-01 3.808834224501756460e-01 3.781598047998688816e-01 3.733715434479540352e-01 3.688017547351927772e-01 3.793971770871205629e-01 3.616344643547593773e-01 3.736957339766306951e-01 3.735414024663742949e-01 3.817099774382419763e-01 3.748846135228488530e-01 3.701939599355675292e-01 3.776513255193637564e-01 3.858689188521569613e-01 3.759912213716848917e-01 3.627147246402366298e-01 3.659087001748164703e-01 3.742122384984155614e-01 3.713788329837034441e-01 3.712569145452847552e-01 3.730570270151282175e-01 3.728807900959600907e-01 3.680540192177114145e-01 3.691823060711966198e-01 3.771015040454334111e-01
1.024444665020071005e-02 4.176389829539219056e-02 1.379361591037898127e-01 2.731147792866269186e-01 1.852270546094724468e-01 1.000000000000000000e+00 3.651226968583855537e-01 3.106338315964171093e-01 3.854026844794218865e-01 3.843642319792363593e-01 4.050187780280637972e-01 4.264211236067853572e-01 3.803082463436953664e-01 3.901195982258224282e-01 4.539986611613576750e-01 4.430473666874727989e-01 4.169779027499767587e-01 3.679829842431550091e-01 4.131318575449862140e-01 3.917714856734597628e-01 4.271659630055220647e-01 4.370182829992211304e-01 4.137617391070778639e-01 3.685201040627247293e-01 3.925005508102074048e-01 4.609628017659210819e-01 4.607117125016307324e-01 4.522603598922458334e-01 4.412414099557456226e-01 4.332659243378413905e-01 4.654730362003985933e-01 4.555132713090466190e-01 4.263865762076505250e-01 4.332832952392109416e-01 4.218918740188897787e-01 4.539653869792252827e-01 4.613902473499247314e-01 4.639320039886427605e-01 4.699775205736504424e-01 4.629983693408651901e-01 4.778646915346050350e-01 4.826754946393969625e-01 4.789485947467364557e-01 4.725659869094020471e-01 4.708924703759925223e-01 4.804011631942786686e-01 4.870531826468267877e-01 4.779457977637142641e-01 4.764589194296223185e-01 4.551017643114370625e-01 4.768780581226516602e-01 4.692213672074789232e-01 4.746843428362206296e-01 4.775405942428945782e-01 4.779500459767840881e-01 4.742159108093424447e-01 4.651964145136908146e-01 4.871371309905563884e-01 4.756006642481673263e-01 4.810966688022989546e-01 4.861193198133013094e-01 4.801214104476527189e-01 4.714703588652902622e-01 4.765538466486823888e-01 4.673135433363385660e-01 4.732014005315520189e-01 4.799931299106037219e-01 4.712739892739731262e-01 4.725574604161189574e-01 4.836858919694899117e-01 4.829406790617823964e-01 4.817324421810722512e-01 4.649321605583299766e-01 4.703793553963297458e-01 4.816479567879192181e-01 4.809596608134464324e-01 4.844972008175558731e-01 4.845367279319022225e-01 4.831215480078446256e-01 4.717240902588182849e-01 4.757121130890952787e-01 4.828971596999301896e-01 4.782390433870852831e-01 4.733488217343062576e-01 4.755220663446952933e-01 4.728222330970576204e-01 4.825357498651421939e-01 4.802897659142851272e-01 4.948177481167511105e-01 4.789215375145170484e-01 4.823078678815014841e-01 4.834254696076185631e-01 4.848738269494506925e-01 4.861567897845289199e-01 4.882187155921368094e-01 4.846134802092327831e-01 4.823773813796909393e-01 4.773723804028084938e-01 4.856348933293244130e-01 4.850965609826989322e-01 4.886981851433566115e-01 4.860386441234017529e-01 4.892279900929960568e-01 4.837448066214487530e-01 4.890521835424140873e-01 4.807681419061234918e-01 4.813753560793607167e-01 4.837004447933194728e-01 4.838058838428392350e-01 4.854830046224851703e-01 4.878519165220557285e-01 4.848306928258510617e-01 4.888648827118252105e-01 4.833722015955626006e-01 4.788240633752194886e-01 4.827103178274742556e-01
-1.977225684841218273e-02 3.928704081677596160e-02 1.995627350381179166e-01 3.666028664123149872e-01 3.258906459198331884e-01 3.651226968583855537e-01 1.000000000000000000e+00 6.099057845787612120e-01 5.853298846187378057e-01 5.919932886388677984e-01 6.149462688907280095e-01 6.755238922792062839e-01 5.631871789583807741e-01 5.069515654528172766e-01 7.286860346196333271e-01 6.550982524813472319e-01 6.071635056686917054e-01 6.015566700536629785e-01 6.577174552692595100e-01 6.300753300119029676e-01 6.910223660587379024e-01 6.901437037724927892e-01 6.409356003686367265e-01 6.080070226799295652e-01 6.547944169767412337e-01 7.132557427318373389e-01 6.791790543649830481e-01 7.353052424416565147e-01 6.518465115645535324e-01 6.835168612167946689e-01 7.206086548876893261e-01 7.202944861746344296e-01 7.064248122254834783e-01 7.272355278029342118e-01 6.891508692865454533e-01 7.286012067579825668e-01 7.213732279145941284e-01 7.430941888407853746e-01 7.384268354415661761e-01 7.385268351656533170e-01 7.089200309003333977e-01 7.310670316112835021e-01 7.385781595746914174e-01 7.392821057841592047e-01 7.302478111285131135e-01 7.304248746362284050e-01 7.010227705524589847e-01 6.921448505680440899e-01 7.076886684831455998e-01 7.286182067763387060e-01 7.375458700130883560e-01 7.081211967852729661e-01 6.932794770738455181e-01 6.954093253440695177e-01 7.047887586170868968e-01 7.287143871069734491e-01 7.160376373084497148e-01 7.123857348859433669e-01 7.292347285898976850e-01 7.056095249375559098e-01 7.218209497667650298e-01 7.130201387910658495e-01 7.185998106705695498e-01 7.092723358820502977e-01 7.008783304646070134e-01 7.060541245597822257e-01 6.885882886534238079e-01 6.977176473935852163e-01 7.029760162062109741e-01 7.141844750909213113e-01 7.146547560249215669e-01 7.089339679145504336e-01 6.973158010127729067e-01 7.003226805362147145e-01 7.142654124608751598e-01 7.111455530760207866e-01 7.209798598874602726e-01 7.008993169476670504e-01 7.040380657116188656e-01 7.111840211497967301e-01 7.160861664819753170e-01 7.019748383877173481e-01 7.196822509383128397e-01 7.143736205847260878e-01 7.236297212208607776e-01 7.184700895736800819e-01 7.155732736619261347e-01 7.190613871376957400e-01 7.217338398630790408e-01 7.229866811239246127e-01 7.322776241424853172e-01 7.139361074190682110e-01 7.128329534141785162e-01 7.158058853484285944e-01 6.980067240342255896e-01 6.929109458767529484e-01 7.316687898939677748e-01 7.119299838319600449e-01 7.114517427924281767e-01 7.176740219999335757e-01 7.175451010411518782e-01 7.146938967451305080e-01 7.077289796830882329e-01 7.104974899303614366e-01 7.184692925096793914e-01 7.121276460683176879e-01 6.987995369942568979e-01 6.902684907415544968e-01 7.096460665717334582e-01 7.038274405127541433e-01 7.096897823278146555e-01 6.970672198414342713e-01 7.039338096328713323e-01 7.070409182832878559e-01 7.065201198214117184e-01 7.029099584471172335e-01
9.697764580686225877e-03 4.548529444965100643e-02 1.822953880993402886e-01 3.678242857413380751e-01 3.441046392742529436e-01 3.106338315964171093e-01 6.099057845787612120e-01 1.000000000000000000e+00 5.653276932678538147e-01 5.442177746072127675e-01 5.745602279201778018e-01 6.414178124804680303e-01 5.432907675055574925e-01 4.771277661315912466e-01 6.817679529891749191e-01 6.296428097877928565e-01 5.658083817797636694e-01 5.789685318612155518e-01 6.318684038404538406e-01 6.012686186527524956e-01 6.391508855750126505e-01 6.529822901933138857e-01 6.099117284052305576e-01 5.992458449093118755e-01 6.209170399311121358e-01 6.725925941428405608e-01 6.515572186618395767e-01 6.660062167581756176e-01 6.369366286898103802e-01 6.256909526324864190e-01 6.778213798129959500e-01 6.719669728779830153e-01 6.385463808162676891e-01 6.903622983659388757e-01 6.194500620264190571e-01 6.884374524749330426e-01 6.712175087869963752e-01 6.895739210739768588e-01 6.836525368638152189e-01 6.841836850014459959e-01 6.668945930734679894e-01 6.782559358307664876e-01 6.907234362816907502e-01 6.997993610821878763e-01 6.848143638257733201e-01 6.824927277154939631e-01 6.662648449278375518e-01 6.524067507765115570e-01 6.721180720442898604e-01 6.940633835702934018e-01 6.986512804534914522e-01 6.662671024870749914e-01 6.607327841126494627e-01 6.592485755483722398e-01 6.709021660773369922e-01 6.872638596586886361e-01 6.812067052666468392e-01 6.749725656055105549e-01 6.987864025602233964e-01 6.649411253763143348e-01 6.871031117854142778e-01 6.776168583526827049e-01 6.809285792402223203e-01 6.701452164624271957e-01 6.693360563566853605e-01 6.745263009787284547e-01 6.483534286434066152e-01 6.578424620413484414e-01 6.643951074663091427e-01 6.768488344358001285e-01 6.706639188431235965e-01 6.702839228432081464e-01 6.672530951609285665e-01 6.679208888829545332e-01 6.727837732502077728e-01 6.705849166652743110e-01 6.739822396076727840e-01 6.724437807684033874e-01 6.739442807079377706e-01 6.732598678708788809e-01 6.770567341464777122e-01 6.623839451066425577e-01 6.794981378427998875e-01 6.707651838024748514e-01 6.846190987069415979e-01 6.799136384009626388e-01 6.739126659425578314e-01 6.777653410456346839e-01 6.737697273879326154e-01 6.833332917160518383e-01 6.843196578318080370e-01 6.713372914621524856e-01 6.712182061791642784e-01 6.751820634144864997e-01 6.615938214453169763e-01 6.541844391780121670e-01 6.993556370082455453e-01 6.825520808937827200e-01 6.763375011678303128e-01 6.782632504930597994e-01 6.773112023778311563e-01 6.790167336179767643e-01 6.661180640345027992e-01 6.769919685865065651e-01 6.815385637633377680e-01 6.845087831240301846e-01 6.678841166324440692e-01 6.545825987569641180e-01 6.735915533836283053e-01 6.682732779334202844e-01 6.737555198603953910e-01 6.614449526561451131e-01 6.688244333509087980e-01 6.699465311021518543e-01 6.671137704957043058e-01 6.678297848078189602e-01
1.557120964828806187e-01 1.607884247514840825e-01 2.330282303594698734e-01 4.254448711717134790e-01 2.951272669605643495e-01 3.854026844794218865e-01 5.853298846187378057e-01 5.653276932678538147e-01 1.000000000000000000e+00 7.166668058654169782e-01 6.831462034195210364e-01 7.300652114331508402e-01 6.439125705898617325e-01 5.948939858771269407e-01 7.467414098183270399e-01 7.384737347823889797e-01 7.839333271202985065e-01 6.833469891741409397e-01 6.981926622451484210e-01 6.480670938918470236e-01 7.018810490378288858e-01 7.220021369666900224e-01 7.097279599144723505e-01 6.799857145173242579e-01 6.801040737493138089e-01 7.667164353981192892e-01 7.590639198124267129e-01 7.299632411029949308e-01 6.988020203157814247e-01 7.294036764404623341e-01 7.943929615370752817e-01 7.800551104443929074e-01 6.948100585697135623e-01 7.382973056743801221e-01 7.012807465094051951e-01 7.508041787944548240e-01 7.555566777017344027e-01 7.745061018231769179e-01 7.605908553811372430e-01 7.263190835379376153e-01 7.922535492598016260e-01 7.695594631014481823e-01 7.685982973268432605e-01 7.849935404198298272e-01 7.759211367423963779e-01 7.844360158321106447e-01 8.083926125557900910e-01 8.212448845661702856e-01 8.160225084333977419e-01 7.752591727513156172e-01 7.961266706290368589e-01 7.592837572330203288e-01 7.963296333994612786e-01 8.257061954290634276e-01 8.150707930173878291e-01 7.919353248162658288e-01 8.302877285768872628e-01 8.051546297863841906e-01 8.066528820229079688e-01 8.235334027331639994e-01 8.079676143624829887e-01 8.222300197131295896e-01 8.204072745737118755e-01 8.238335248970710678e-01 8.231468738232478044e-01 8.270207736916370678e-01 8.166993244349877168e-01 7.987804000821635553e-01 8.087158384948097689e-01 8.072092638969741163e-01 7.958114435355793104e-01 8.027640062626714146e-01 7.969123210200378393e-01 7.898790750461094357e-01 8.111901842908509908e-01 8.093857115956086812e-01 7.981391808588755854e-01 7.959296662293766644e-01 7.993107331162575546e-01 8.057143532545971709e-01 7.993734887583595627e-01 8.096250941187719263e-01 8.184091685033739738e-01 7.927458217900380522e-01 7.903856328750910043e-01 7.994377811487876073e-01 7.850244880720480545e-01 8.011128424147088145e-01 7.973603458834069846e-01 8.079852870900444683e-01 7.833464876940876565e-01 8.008552948797771354e-01 7.961368882651137513e-01 7.966187839545687543e-01 8.087111559040998099e-01 8.131904336818234214e-01 7.999175967142209132e-01 8.235629895705731673e-01 8.107114010983806907e-01 8.014859723830655147e-01 7.982103946322902654e-01 8.113250232795093941e-01 8.057067120593055520e-01 8.040104788084312393e-01 8.070405033927372518e-01 8.258963254574939183e-01 8.216706564732001450e-01 8.106412196547919669e-01 8.129606297280032035e-01 8.137814482748754186e-01 8.100158591725002966e-01 8.172676496017455827e-01 8.120054407575733046e-01 8.168313176491620586e-01 8.194620535165840769e-01 8.225049716724860405e-01
1.195507370730373997e-01 1.982711323682483096e-01 2.383721810580818057e-01 4.220032662208725860e-01 2.936998769891811523e-01 3.843642319792363593e-01 5.919932886388677984e-01 5.442177746072127675e-01 7.166668058654169782e-01 1.000000000000000000e+00 6.590559118385457271e-01 7.109627396482317563e-01 6.190046248817113739e-01 5.887767822124798656e-01 7.199059679894911357e-01 6.975339510746511040e-01 7.096968278899240534e-01 6.500241509674371532e-01 6.678637143645075325e-01 5.850938510603518328e-01 6.659774437850645157e-01 6.898575504774591138e-01 6.956537145327548188e-01 6.374736596377285069e-01 6.405621007291243396e-01 7.393387749204187731e-01 7.285206378332768073e-01 7.252226329279064521e-01 6.692084949779762981e-01 7.181216784702914024e-01 7.593387460023995894e-01 7.424019750190912204e-01 6.917523274867614091e-01 7.019449617103390437e-01 6.952529036931980322e-01 7.123368541152410582e-01 7.290205074817409647e-01 7.474299328974810530e-01 7.420098490254225521e-01 7.203381568358218079e-01 7.606705155123122397e-01 7.443381790207632687e-01 7.460107105223681145e-01 7.562217298015667666e-01 7.521939055277793162e-01 7.611002938273244700e-01 7.717137122378107117e-01 7.861851770198790001e-01 7.699193643044566215e-01 7.222199289169615177e-01 7.582626081675528651e-01 6.978305846152904612e-01 7.494160530503307660e-01 7.817897664150448289e-01 7.682261524161710931e-01 7.658120053800079319e-01 7.654838904303519209e-01 7.666040150342627868e-01 7.647143042436099769e-01 7.818138455490935002e-01 7.628178473341519217e-01 7.767501973420218864e-01 7.666606395720316769e-01 7.787831996596483730e-01 7.730458017934911386e-01 7.699671936237826309e-01 7.749319979054357654e-01 7.643015153645525972e-01 7.703280527864779792e-01 7.627159767713054261e-01 7.588977464675046303e-01 7.651117122616396538e-01 7.528150196278805550e-01 7.528720704660200047e-01 7.756016453134586541e-01 7.748973595861907704e-01 7.707346779995891684e-01 7.616625597545695348e-01 7.664979466866019830e-01 7.705623931319753872e-01 7.668734941281712958e-01 7.749234765188371954e-01 7.754704331562799480e-01 7.652431057824108374e-01 7.526899357757024234e-01 7.617178393403633008e-01 7.573572256565015426e-01 7.694746287754328229e-01 7.669351263932483453e-01 7.722373848127103146e-01 7.593692384434578280e-01 7.693940794900386848e-01 7.644001215716215158e-01 7.663832070439152711e-01 7.716096805395504798e-01 7.780954362184241413e-01 7.537998308534903380e-01 7.623182533651817749e-01 7.689517357480032400e-01 7.651278432664075924e-01 7.651782820234173110e-01 7.689806896368048816e-01 7.621672534580352654e-01 7.674309628035683728e-01 7.619520220275566302e-01 7.726858174827703207e-01 7.756533789154893554e-01 7.733556206041036774e-01 7.759099363268041616e-01 7.746655923573975144e-01 7.723355877558589766e-01 7.780731376567037172e-01 7.747144948866608871e-01 7.758683508226241754e-01 7.776368744889659013e-01 7.747399684647517937e-01
-5.880394908639311954e-03 1.169483905393425838e-01 2.602082714629667670e-01 4.404883554400872980e-01 3.108194017686330413e-01 4.050187780280637972e-01 6.149462688907280095e-01 5.745602279201778018e-01 6.831462034195210364e-01 6.590559118385457271e-01 1.000000000000000000e+00 7.820767946382056746e-01 6.508554940582854664e-01 6.249254875327114878e-01 7.797699688124682948e-01 7.479925655748140834e-01 7.370155830554996346e-01 6.851270771798743109e-01 7.354877012967996341e-01 6.342708303274995352e-01 7.160593835305997246e-01 7.528127831391977498e-01 7.429089662459035237e-01 6.898123799674623635e-01 7.120042137499520418e-01 8.047319545174187461e-01 7.879303002371690345e-01 7.884391027556512110e-01 7.186753689949142432e-01 7.844028874141154573e-01 8.320708169489123840e-01 8.106657573562841002e-01 7.544595621087607507e-01 7.817125044812957002e-01 7.570504774147732707e-01 7.911202415591529480e-01 8.057388161562804019e-01 8.153469158172754749e-01 8.149299457380551059e-01 8.004460403512819733e-01 8.236915602796861524e-01 8.178665967226323996e-01 8.172411999175479558e-01 8.172345819116523247e-01 8.161948113772506952e-01 8.220103870936511514e-01 8.280772084467673544e-01 8.307522991106168764e-01 8.314877851086236449e-01 8.073665119837728499e-01 8.277851375461713346e-01 7.863706986163068180e-01 8.074238867686368559e-01 8.290735349702860191e-01 8.223657456909674313e-01 8.287432684176843090e-01 8.147188929484147080e-01 8.229751057762950683e-01 8.215149690607917998e-01 8.260657629826269055e-01 8.253017131990036948e-01 8.308230669140623803e-01 8.280447620805374553e-01 8.278472030970742690e-01 8.215388158754566295e-01 8.174090433688400159e-01 8.257883605953063588e-01 8.274830808615263322e-01 8.286761969060402189e-01 8.217125419675433973e-01 8.249840988197962854e-01 8.280749938864723214e-01 8.157220328248901975e-01 8.216506213082181986e-01 8.368466660950805158e-01 8.324900682343572278e-01 8.275638054544522948e-01 8.159100822626985661e-01 8.268351611811407542e-01 8.217513858094526169e-01 8.293324286405969747e-01 8.353816731273612239e-01 8.313327223772245533e-01 8.228077457291006480e-01 8.236441909836501596e-01 8.291181296990643990e-01 8.245062470820420097e-01 8.322311466591628681e-01 8.322826572856800720e-01 8.359004720244018749e-01 8.289810108054473936e-01 8.339126631668956069e-01 8.288000541868135729e-01 8.316858258199979481e-01 8.285886221324541001e-01 8.301431715727765059e-01 8.260503442001495555e-01 8.205867956789695272e-01 8.315202865169596391e-01 8.324897100927786120e-01 8.315770002297682151e-01 8.317429486094450874e-01 8.240768303687108221e-01 8.304589387717969950e-01 8.289369632861919301e-01 8.234375786819063681e-01 8.307198678541403147e-01 8.298669756485884674e-01 8.349871681679315039e-01 8.307355115652628186e-01 8.320122843415835856e-01 8.265984849361694975e-01 8.315742974764879225e-01 8.303982093641895101e-01 8.269535522448092646e-01 8.254042038362970901e-01
3.729198830267485814e-03 1.005736855480064001e-01 2.714538460090601957e-01 4.765077861214499499e-01 3.437457756142687226e-01 4.264211236067853572e-01 6.755238922792062839e-01 6.414178124804680303e-01 7.300652114331508402e-01 7.109627396482317563e-01 7.820767946382056746e-01 1.000000000000000000e+00 7.137588844318891734e-01 6.853525520976723184e-01 8.473231661854110364e-01 8.160755199045648389e-01 7.714328173571920466e-01 7.405303049440916663e-01 7.844773701615340711e-01 7.101161270430035310e-01 7.839971674178827232e-01 8.162866169473390610e-01 7.949689149836134394e-01 7.479938819768017222e-01 7.750269426459573952e-01 8.699128804232095780e-01 8.477162618589653142e-01 8.569098127389476183e-01 8.053501805553938686e-01 8.357014458602753937e-01 8.921023095976398087e-01 8.712763489414122597e-01 8.145420443866694393e-01 8.462796891003425692e-01 8.064711719963990610e-01 8.564039301197312604e-01 8.669301281447846508e-01 8.814665325236942239e-01 8.778402827383304796e-01 8.727176783104192426e-01 8.890702423186972458e-01 8.858951785397518597e-01 8.844665756223512032e-01 8.952265631155571501e-01 8.832782608819088610e-01 8.884934953865158969e-01 8.890652095488783546e-01 8.891195357977154101e-01 8.927057033789943530e-01 8.691001180440983687e-01 8.924037229005051808e-01 8.570344329909428405e-01 8.771035919902601119e-01 8.879115757461274461e-01 8.858193611027511682e-01 8.946859401122616573e-01 8.832377638701398581e-01 8.875126298670806824e-01 8.931605219617494429e-01 8.908194831056496232e-01 8.947769977255932705e-01 8.946340733647465404e-01 8.921862623039346074e-01 8.931098714660067328e-01 8.859930857829183548e-01 8.845721430414378306e-01 8.869738140196168352e-01 8.876350583412372375e-01 8.903128316997268588e-01 8.884898454462762940e-01 8.893594893192996453e-01 8.917508818145261085e-01 8.796476464774164450e-01 8.838915916828630204e-01 8.987231097181503925e-01 8.949944568164743819e-01 8.967007209210663410e-01 8.901539959224197274e-01 8.956672578343976010e-01 8.843084348229441893e-01 8.945083776889543037e-01 8.948901370422829293e-01 8.971049492915675883e-01 8.826153020192673004e-01 8.892091914308872802e-01 8.918561916090873565e-01 8.886585754582968510e-01 8.965284825679316061e-01 8.941907608814918529e-01 8.982682662503932436e-01 8.944168997759485151e-01 8.974631433442786799e-01 8.960722208155849078e-01 8.968073360421309204e-01 8.929739068467301699e-01 8.914449993489432789e-01 8.936234125981599163e-01 8.853983390198828518e-01 8.967724941512252856e-01 8.979745001568054663e-01 8.977629736090889656e-01 8.974203607848515452e-01 8.931768603942333851e-01 8.969369819652909248e-01 8.972713504708881294e-01 8.908735791657111935e-01 8.936357646825302536e-01 8.902956674760341693e-01 8.969659017973360404e-01 8.941838577381184816e-01 8.966062729737118708e-01 8.919343435414754939e-01 8.964746957489602153e-01 8.950240820454680168e-01 8.941568399487234142e-01 8.938616866621974522e-01
5.226334059430047529e-02 1.093412471950548637e-01 2.277615559787109223e-01 4.244495926642631312e-01 3.394215077866018504e-01 3.803082463436953664e-01 5.631871789583807741e-01 5.432907675055574925e-01 6.439125705898617325e-01 6.190046248817113739e-01 6.508554940582854664e-01 7.137588844318891734e-01 1.000000000000000000e+00 6.268388936740102446e-01 7.283040395961626334e-01 7.322872819629138164e-01 6.747743142049341669e-01 6.221764848217120614e-01 6.574847091251022624e-01 6.338522320633347418e-01 6.949142557473154680e-01 7.066474960701772945e-01 6.489793158305285914e-01 6.176936426927989165e-01 6.517699599169358704e-01 7.339468787401656202e-01 7.214151489238541659e-01 7.205762345416564241e-01 6.759793380191428946e-01 7.008891696001727789e-01 7.519816133857908369e-01 7.305234340102372270e-01 6.806712699772867747e-01 7.046033601489932741e-01 6.858452246620797554e-01 7.251742104140594947e-01 7.445925410891909291e-01 7.423521464403735060e-01 7.466872958596219023e-01 7.188564383517247469e-01 7.604753225279946571e-01 7.690345524980468639e-01 7.643241686108888100e-01 7.685942883800969128e-01 7.610607166494876008e-01 7.537087821788289732e-01 7.820058176685609208e-01 7.777027634628034258e-01 7.738099856735628501e-01 7.374107218515860707e-01 7.696026594143789978e-01 7.396382422606868623e-01 7.651756256335435769e-01 7.743431662231315959e-01 7.625537083231944679e-01 7.561200891139707725e-01 7.530492728875775033e-01 7.721577660551527389e-01 7.621566010922310452e-01 7.815012349556808013e-01 7.817219058106927854e-01 7.740534304155606282e-01 7.678524060419731345e-01 7.762984015403043836e-01 7.664144063900125703e-01 7.721442171008443545e-01 7.752144795908121333e-01 7.642116627410663332e-01 7.707397272177183289e-01 7.825074424890785529e-01 7.782382155113379829e-01 7.747296845317687142e-01 7.580281804582698069e-01 7.599162484771934123e-01 7.765185814490360716e-01 7.747513627671751557e-01 7.755960354661389777e-01 7.651695918968917098e-01 7.783840590052691910e-01 7.749653874914574914e-01 7.714059931295007555e-01 7.791722546570473140e-01 7.736709276677791181e-01 7.646648329012697420e-01 7.676002579296682393e-01 7.700355507623285467e-01 7.712328536633517029e-01 7.764751970394253577e-01 7.787744899125148557e-01 7.710376007129254861e-01 7.685429413816831090e-01 7.791240478013945481e-01 7.808187943516843310e-01 7.804485383119222908e-01 7.813631183597711249e-01 7.785623087382480545e-01 7.716069464287236279e-01 7.697583699043936134e-01 7.811696857687431272e-01 7.788472593548508849e-01 7.802418848200866064e-01 7.797841322669176733e-01 7.804029042960322071e-01 7.838255060651451167e-01 7.791886234740583728e-01 7.751100864771519605e-01 7.794842490625188969e-01 7.824496722967123619e-01 7.807406214767467212e-01 7.801966946569898198e-01 7.777912883412805289e-01 7.822919431895031250e-01 7.810319088436287194e-01 7.797047877493027412e-01 7.764280718235296863e-01 7.810613195224521688e-01
