1.000000000000000000e+00 2.526457627490424351e-01 3.429339987148692370e-01 2.503592264248105659e-01 1.043607558346489328e-01 1.188249059097423316e-01 1.322740203937863290e-01 1.707634629986151398e-01 2.607439066205105571e-01 1.395179476000088514e-01 1.702245701831019697e-01 1.191472803808800718e-01 2.775679774410630060e-02 5.133726196052757623e-02 7.248143738928489177e-02 1.413805081966688360e-01 2.356241308275315860e-01 4.133855607342234451e-01 3.805307525786150724e-01 2.806960863912583704e-01 3.937972832908215870e-01 3.731256742558956563e-01 3.941813080671867642e-01 3.921200950991106660e-01 3.645058219800292321e-01 2.935911172540504599e-01 2.834873111686375124e-01 3.122212340370868477e-01 2.807796358610744614e-01 3.114970483932158474e-01 2.662124866054045302e-01 2.073164659843168556e-01 2.528329584495268567e-01 2.520766378429559751e-01 2.650290994695468916e-01 2.220662029028651896e-01 2.645859572682097705e-01 1.177741350496663286e-01 1.790319221188983456e-01 1.205811067662704295e-01 1.296324083790955373e-01 8.470133332689679106e-02 8.393917535258896279e-02 9.486491200480003105e-02 1.600804415606758568e-01 1.036445380921618559e-01 2.241798638182847941e-02 4.966306500192206597e-02 6.814866269532490750e-02 1.159486167482624841e-01 1.197894430625344037e-01 1.142790663817272179e-01 6.831497230055498526e-02 1.002601807279066282e-01 1.142301813467117150e-01 1.406329022068485146e-01 1.369851952834391096e-01 6.604175358895628123e-02 1.053450682731329746e-01 6.853823958058216648e-02 5.554325886956940073e-02 9.857616259918504376e-02 7.576964923482218395e-02 9.644630446678238711e-02 1.568297122061070581e-01 1.238582208219368291e-01 7.620953389129656030e-02 1.515791729447263647e-01 1.275975899578380424e-01 1.456033343997104046e-01 1.709992141227907603e-01 1.487624758504102473e-01 1.854417790127495802e-01 1.749152868499194713e-01 1.191730130175219921e-01 1.032233630168506860e-01 1.122040841554900609e-01 1.317040487109165381e-01 9.626538334219530979e-02 1.401591855429896172e-01 1.340852415436538381e-01 1.194038532386240831e-01 1.389777934529124459e-01 1.188972196900981992e-01 1.039524507129550718e-01 1.408734632747590254e-01 1.196865203449268278e-01 5.662986607389677157e-02 7.534760482312036212e-02 9.475223721861632253e-02 9.280830325597490271e-02 4.321085968132711008e-02 8.975358100795520488e-02 6.141770000086174686e-02 1.714512228612300251e-02 2.695956575560178037e-02 5.613446948948953852e-02 8.873915125519082903e-02 3.857203909499381383e-02 4.866729785619668819e-02 4.100443455572766460e-02 5.168166013539488013e-02 6.778091718598695803e-02 3.280274631249657791e-02 9.123905586306885196e-02 6.972351522324170270e-02 6.610356951424051219e-02 4.385029859107551081e-02 6.893335398562054628e-02 3.863803647603460817e-02 3.523539133211713026e-02 4.178511421568963102e-02 4.046554256116968035e-02 5.174560407311477872e-02 1.048118198780653570e-01 6.658388461648805101e-02
2.526457627490424351e-01 1.000000000000000000e+00 1.704400081634292741e-01 1.294451008892231192e-01 8.240102447745266401e-02 1.799118322817185867e-01 1.553672145473010968e-01 1.695686311414398018e-01 2.529421479135552930e-01 2.148547750578528315e-01 2.131334929101498243e-01 1.773868064343640527e-01 1.442131913577130442e-01 1.016707346035314874e-01 1.574451576301796052e-01 1.807714818888725150e-01 2.259472069829782104e-01 2.669697514979321729e-01 2.703519313234905574e-01 1.856257186007981841e-01 2.387140221794528949e-01 2.473033275362661598e-01 2.961864424162266030e-01 2.718095230642267879e-01 2.475379054333853579e-01 2.602953557160037623e-01 2.503198404465100668e-01 2.703683480905815228e-01 2.845792039427611497e-01 2.568160202858315033e-01 2.479454409703026885e-01 2.425791253126903246e-01 2.402713246406959491e-01 2.339502854884571992e-01 2.322976105548912595e-01 2.222339076009041681e-01 2.404262118624400923e-01 2.123212506031973978e-01 2.216095852304840741e-01 2.056095939303759224e-01 2.058385501918812976e-01 1.949282647035691096e-01 1.774688655543653071e-01 1.916570551648871523e-01 2.113661608173409145e-01 1.997012662951910267e-01 1.702009805867963077e-01 1.842089265846837687e-01 1.909852664928265997e-01 2.006694418398179691e-01 2.097977577153521123e-01 1.638906840604560933e-01 1.726199330320360714e-01 2.105892395913302462e-01 2.168524472824703009e-01 2.268598942286809139e-01 2.176495123981651847e-01 1.834565403182344123e-01 2.151937359439275443e-01 1.834660993096333403e-01 1.795015714512138705e-01 2.078906283082156969e-01 1.967200179660080483e-01 1.914551796940750505e-01 2.164874177375100961e-01 2.056540282012608578e-01 1.898371435932875717e-01 2.110772854245610841e-01 2.130536980787119117e-01 1.915072613033079185e-01 2.023531893736425780e-01 2.094661954864101283e-01 2.215080886666205562e-01 2.131581164223200764e-01 2.048682237449031551e-01 1.957895036509284814e-01 2.106109111427054148e-01 2.221252100375319671e-01 1.953472977841277380e-01 2.052041958835993385e-01 2.056799916113931648e-01 2.086720150586975076e-01 2.158073644003615510e-01 1.999750029347961144e-01 1.946662014400419027e-01 2.032804389384053334e-01 2.006460832221277357e-01 1.838162838162028800e-01 1.868511353063598002e-01 2.046779061596415428e-01 1.954002526193497347e-01 1.761077520334603241e-01 1.938299055021445449e-01 1.812561615582336527e-01 1.629411401875431598e-01 1.733317032007374581e-01 1.751888149974375475e-01 1.837649581213616490e-01 1.712555754173467615e-01 1.771013013820594284e-01 1.743422372563039890e-01 1.778970591695563930e-01 1.736366029550565626e-01 1.678515723936518378e-01 1.824811809702830689e-01 1.845830902714488686e-01 1.872659576674624571e-01 1.833492444867630689e-01 1.929418105219236623e-01 1.758813425162848720e-01 1.781278435420920458e-01 1.728532444867177664e-01 1.775626815884668308e-01 1.775200299215842770e-01 1.958782269433045342e-01 1.832325915482012624e-01
3.429339987148692370e-01 1.704400081634292741e-01 1.000000000000000000e+00 4.491224121744696318e-01 2.468649580219903772e-01 3.063941212571265060e-01 3.780492007682094702e-01 4.134983430312447195e-01 4.146937301285172905e-01 3.380648393689917874e-01 4.302069315195316546e-01 4.254489070741437895e-01 3.077007908485552834e-01 2.916178132363645981e-01 3.851406512337046117e-01 4.354501655061162047e-01 4.301382545340775021e-01 5.306750459931471875e-01 5.187410544482662367e-01 4.387077176213844409e-01 5.352353666923419517e-01 5.246480863031345310e-01 5.279857117154140855e-01 5.105687904707033598e-01 5.058860568692719051e-01 5.150901848853299825e-01 5.087623669531744497e-01 5.032829246940109247e-01 4.671768458883632791e-01 5.165100107438275190e-01 5.004157573187639763e-01 4.630370763577906223e-01 4.690151757745913419e-01 4.648648493284153749e-01 4.919003893767259217e-01 4.662718133079156169e-01 5.002578000336694863e-01 4.030110621761432421e-01 4.543171382303632377e-01 4.172037285384027072e-01 4.220389192450665350e-01 3.922750297333431613e-01 4.115551231866375059e-01 4.116788022633374733e-01 4.538234656909995723e-01 4.093826972491881322e-01 3.392005837586979933e-01 3.542015645669986945e-01 3.613380020449651897e-01 3.899434485949948570e-01 4.011823580150972735e-01 4.086689064515276471e-01 3.759231889194515897e-01 3.773095011009834354e-01 3.894505522060029978e-01 4.295250160584034860e-01 3.985126328751164015e-01 3.785493153322042059e-01 3.792489800324247429e-01 3.685429883178266697e-01 3.714298748288876184e-01 3.773745655362969464e-01 3.681543094265580240e-01 3.908837422841047737e-01 4.143281214876885499e-01 4.038756701597041032e-01 3.741733432806244042e-01 4.307503591307116353e-01 4.177078425866149192e-01 4.365915057851248449e-01 4.475480971720628420e-01 4.257694014373962221e-01 4.418159990427240058e-01 4.427660902919584029e-01 4.156859126032796392e-01 4.032653900349810749e-01 4.013019955562667218e-01 4.131491978267878284e-01 3.974636322288665480e-01 4.310244707374301099e-01 4.327141789333636690e-01 4.172641802817715906e-01 4.188738024049450948e-01 4.148275581833151260e-01 4.053487817774281132e-01 4.264992722410845816e-01 4.219623425387084570e-01 3.727492878409672805e-01 3.886708273849010520e-01 3.944325370997356917e-01 4.015778895063692455e-01 3.628981940191848277e-01 3.999115502913982989e-01 3.807543447771177814e-01 3.372321958616635307e-01 3.447708510916329683e-01 3.678764742323007431e-01 3.778922860953757290e-01 3.514222185707603918e-01 3.651390951072638336e-01 3.649650756529747020e-01 3.628454905516885765e-01 3.811277534558593638e-01 3.576858438367187532e-01 3.977365971358491348e-01 3.684114002501829299e-01 3.652118697422269689e-01 3.549545201835853092e-01 3.750038174428387827e-01 3.497020831881777481e-01 3.508536888611669680e-01 3.520628717923948159e-01 3.509779977691747099e-01 3.622361534957254103e-01 3.886940259300186162e-01 3.722042997913143081e-01
2.503592264248105659e-01 1.294451008892231192e-01 4.491224121744696318e-01 1.000000000000000000e+00 3.267120521609480077e-01 4.306702065695904302e-01 6.036202609621699189e-01 6.114319746552649981e-01 5.549976894482588907e-01 4.954127232266100633e-01 6.064772291156539374e-01 6.622588103198207010e-01 5.387978505625419245e-01 4.867778359943437105e-01 6.224097419642787843e-01 6.566663827373577789e-01 5.652695233586921830e-01 5.483101483622790928e-01 5.670823635285017206e-01 4.904692779693173299e-01 5.687378652848684712e-01 5.988590348067260871e-01 5.545825328389525355e-01 5.617086411877031393e-01 5.951275039283244750e-01 6.287225003359890874e-01 6.442508802273059221e-01 6.217332804195683238e-01 5.877077894461840701e-01 6.265198177974981020e-01 6.336458283592307783e-01 6.056798535674726702e-01 5.716102570379631986e-01 5.896378504972241696e-01 5.991990823999295834e-01 6.017772167200756694e-01 6.261528170278390926e-01 5.905787144071609207e-01 6.293962878880356993e-01 5.989921674253069206e-01 6.132265508692823497e-01 5.915144960838764066e-01 6.265522941872690987e-01 6.213905526481999786e-01 6.270525650396787665e-01 6.103063588830982544e-01 5.470803504945502826e-01 5.648888939616549809e-01 5.802730580478425715e-01 5.861017362052753921e-01 6.007804705846639948e-01 6.142301080077756659e-01 6.045549150459579302e-01 5.706133102683702552e-01 5.852415893409941283e-01 6.089880608348694491e-01 6.081980223404077623e-01 5.832374447747048496e-01 5.815221130115572068e-01 5.699603114754683286e-01 5.924486502920165432e-01 5.819133706377147552e-01 5.928363842822221841e-01 5.992540525970393439e-01 5.933901644381895935e-01 6.004294957766179719e-01 5.749294337471144711e-01 6.000419714427054352e-01 5.972424881770422855e-01 6.089229237355129332e-01 6.255593145098200525e-01 6.039213918051112850e-01 6.036478025704280492e-01 6.146967792552427978e-01 5.997478858883874553e-01 6.016935298812203792e-01 5.865551564048103739e-01 6.007355418011647297e-01 5.945747685740818689e-01 6.088580122395715888e-01 6.080545424327157278e-01 6.051582714709888844e-01 5.961098339675784397e-01 5.871479842603639643e-01 5.945561156914862533e-01 6.045819667329638269e-01 6.048499404160754267e-01 5.796422019858175068e-01 5.874078141675029840e-01 5.829140635252095803e-01 5.871440352637459226e-01 5.744473747703755517e-01 5.987755489651095386e-01 5.900612025717132392e-01 5.526035919188780898e-01 5.572945509639246620e-01 5.896044587012770899e-01 5.930997122804754218e-01 5.746657229967300218e-01 5.770330023166219124e-01 5.864554467069288402e-01 5.838388322246822471e-01 6.007828331371422026e-01 5.789381704862716083e-01 6.026132330828821715e-01 5.827434453226763011e-01 5.771607272134139377e-01 5.609834927710768415e-01 5.762394908710599672e-01 5.671147964711592548e-01 5.683314318948329280e-01 5.658101406325294347e-01 5.717254877283469705e-01 5.788935150350513759e-01 5.857781392324996617e-01 5.840734746330159544e-01
1.043607558346489328e-01 8.240102447745266401e-02 2.468649580219903772e-01 3.267120521609480077e-01 1.000000000000000000e+00 3.401985722929730671e-01 4.520680294464614057e-01 4.555751822968790443e-01 4.467170487478083762e-01 4.228741523776182731e-01 4.510373824859608693e-01 4.883478221291969734e-01 4.949052010007261027e-01 3.738609044209542653e-01 4.930609719730983942e-01 5.064135630254661402e-01 4.526359502201211527e-01 3.821339784862055056e-01 3.953376143984942970e-01 3.581797275954269333e-01 3.889949788141934262e-01 4.145106702154496281e-01 4.031752231368220252e-01 3.807372328323804789e-01 3.915350880338138162e-01 4.611746572465305616e-01 4.575388070277526253e-01 4.467704081344441303e-01 4.029724807107776807e-01 4.084988412016958281e-01 4.288147831462149062e-01 4.794633443547967055e-01 4.230827480117795303e-01 4.471796082778964343e-01 4.316276211639921701e-01 4.476039358764670184e-01 4.475813794211989105e-01 4.753154695810373753e-01 4.781773744281652139e-01 4.731735837712792159e-01 4.901020361426282057e-01 4.878726585392139103e-01 4.927231715431061865e-01 5.000776207275704488e-01 4.836473673519816052e-01 4.807822023340816986e-01 4.846034206797115718e-01 4.916068833093514279e-01 4.866847360460820893e-01 4.640661718974578576e-01 4.856932035987848728e-01 4.867651521380131907e-01 4.962929882436086237e-01 4.884902685220275376e-01 4.784295001344189280e-01 4.921449265417919827e-01 4.817613152682280742e-01 4.904051435764918976e-01 4.757945136724709978e-01 4.998063054094490365e-01 4.919737804082663923e-01 4.883938620540607123e-01 4.785423018930669015e-01 4.995057335397963261e-01 4.998597297317579624e-01 4.977917289952124569e-01 4.962799375749493702e-01 4.902886841568704357e-01 4.931916436570832341e-01 4.933819287530192832e-01 4.906700131585516877e-01 4.895014846546786869e-01 4.816447090378769835e-01 4.767170461267959958e-01 4.967293885307504930e-01 4.933456764606241052e-01 4.855596667563182867e-01 4.709046718849063118e-01 4.828389081545260142e-01 4.723164989138631253e-01 4.839265178657906064e-01 4.788491820919733022e-01 4.924450910566204875e-01 4.741881572002540901e-01 4.854699768396066872e-01 4.894976069708296684e-01 4.864928460843016000e-01 4.917401833068785200e-01 4.874780135435793915e-01 4.919794622958644781e-01 4.890298433031294301e-01 4.958692666643580993e-01 4.940260289981590613e-01 4.929560742529046635e-01 4.866393442873202524e-01 4.870726010124765137e-01 4.835817273881065081e-01 4.895267646975745013e-01 4.900273340838019465e-01 4.964016950749844947e-01 4.972757350586352043e-01 4.861985342582982872e-01 4.970111133080283849e-01 4.965282091906532136e-01 4.996314065876806265e-01 4.846507101501028036e-01 4.919088591419799594e-01 4.891173531744533176e-01 4.899172174218574538e-01 4.941000746556148404e-01 4.840879476066218268e-01 4.972190194085412407e-01 4.889148415912374368e-01 4.965769310327722841e-01 4.979261366350121176e-01 4.985603039014162574e-01
1.188249059097423316e-01 1.799118322817185867e-01 3.063941212571265060e-01 4.306702065695904302e-01 3.401985722929730671e-01 1.000000000000000000e+00 5.541022636358770015e-01 5.329911995616699594e-01 5.674354794561238258e-01 5.144231197590281024e-01 5.895373885135438696e-01 5.968624746840989204e-01 5.293287663846411029e-01 4.608842544994554702e-01 5.914776615257610892e-01 6.003853476878245887e-01 5.844818864450254114e-01 5.115405429986550345e-01 5.383464300005470493e-01 4.355403761705730625e-01 4.863319214678925029e-01 5.361322118691428384e-01 5.408113744398436173e-01 5.104991820670274905e-01 5.185571080194132376e-01 5.926710404040520519e-01 5.968914664458149222e-01 5.861565336366800771e-01 5.376210723746497333e-01 5.629528961934090470e-01 5.935150042563728245e-01 6.208327103906731148e-01 5.654665585579161657e-01 5.954757895447315708e-01 5.852088276218845309e-01 6.107418383733449474e-01 6.084716160661556295e-01 6.028873518327446668e-01 6.178363972972933382e-01 6.062174490127674176e-01 6.258053226945878844e-01 6.144867705475764996e-01 6.052702873128081862e-01 6.246280102746798457e-01 6.257799031909937471e-01 6.197534810947954442e-01 6.065532001684923458e-01 6.103379078246413680e-01 6.150432727188294146e-01 5.924905505018334129e-01 6.116481987347726079e-01 6.053080534171518812e-01 6.134063134117565541e-01 6.184162300168684068e-01 6.193002279810376765e-01 6.319537989347664420e-01 6.147461859777524351e-01 6.163195239253256297e-01 6.093939951034756941e-01 6.148284907951198086e-01 6.095030343123318817e-01 6.154170816973375535e-01 6.104469214519365750e-01 6.127208352962536519e-01 6.271202335958763197e-01 6.212801476852272131e-01 6.211982825056393542e-01 6.226447529389141922e-01 6.247727442655137686e-01 6.053062527804857762e-01 6.112369002113926530e-01 6.246781848073008625e-01 6.146566240804456349e-01 6.075559969707644559e-01 6.280337456906427418e-01 6.257401948256381408e-01 6.212350366014461889e-01 6.113285950514411038e-01 6.179657580738051603e-01 6.145614023523007230e-01 6.292730434226589953e-01 6.224315844542370746e-01 6.284666627055925936e-01 6.192301466401869403e-01 6.239088992736824268e-01 6.290512712564018116e-01 6.327273786999975114e-01 6.215804500463905091e-01 6.205071361096732296e-01 6.240784490324955414e-01 6.280668046480381017e-01 6.167864018252647851e-01 6.248481570073258773e-01 6.203745774159203918e-01 6.106589873980010630e-01 6.114193426243642593e-01 6.131929386951300298e-01 6.175320306564653361e-01 6.113560901877868048e-01 6.155870718827436416e-01 6.110662402732257581e-01 6.176835621391941755e-01 6.219648343499624144e-01 6.132949345442756384e-01 6.262397587970051083e-01 6.134332090904174306e-01 6.186554224860878470e-01 6.174201206694110988e-01 6.232012882237604190e-01 6.126854583418221978e-01 6.164656345429412321e-01 6.112500768553411623e-01 6.112166264006061445e-01 6.137147154541142680e-01 6.238770447397392616e-01 6.162514508015094483e-01
1.322740203937863290e-01 1.553672145473010968e-01 3.780492007682094702e-01 6.036202609621699189e-01 4.520680294464614057e-01 5.541022636358770015e-01 1.000000000000000000e+00 7.545533916886725256e-01 6.771596107910924367e-01 6.549577687231453726e-01 7.305026949797027713e-01 7.854622179525199144e-01 7.150421192331541942e-01 6.062950558031727777e-01 8.390776899277961887e-01 8.257751845450223005e-01 7.159410626894373575e-01 5.817258912094555034e-01 6.356972836295357032e-01 5.247701791313179598e-01 5.931606351422590295e-01 6.474584876986118065e-01 6.124966375663077889e-01 6.104489234333837500e-01 6.306465189860472886e-01 7.311322624119186431e-01 7.404596837761378003e-01 7.203364667542329070e-01 6.517284165756785930e-01 6.891511501280352947e-01 6.992683764565037485e-01 7.619160982950140548e-01 7.030202181741069811e-01 7.322110822092507965e-01 7.130706325175045768e-01 7.405399765653031263e-01 7.349976090620612412e-01 7.750176641006031319e-01 7.763460345466735024e-01 7.813321010282902046e-01 7.763702478828748976e-01 7.713704752675331067e-01 8.038905687475279560e-01 7.872237510811100902e-01 7.769433426566040302e-01 7.760324300981430445e-01 7.481275846248709449e-01 7.579285517349043655e-01 7.683361329220635971e-01 7.537070383516524252e-01 7.818553028710351072e-01 7.761109842797805358e-01 7.728750809091663454e-01 7.601990159707554540e-01 7.619774507534544661e-01 7.841935185812437537e-01 7.886498834899731136e-01 7.734868877739833337e-01 7.778315583038148961e-01 7.674114783829562025e-01 7.750635730877515339e-01 7.786295464190150506e-01 7.786180480875101173e-01 7.817826620780850000e-01 7.716058124859382916e-01 7.793796302634642403e-01 7.643098952661622203e-01 7.569184926379523004e-01 7.679945975839945760e-01 7.459376484933635254e-01 7.610535261910486016e-01 7.639774740998830360e-01 7.516939169284655442e-01 7.448044363826901160e-01 7.735227908220309034e-01 7.728474004911084494e-01 7.575387253690374356e-01 7.413683795556583744e-01 7.611214250462091657e-01 7.504452634146593359e-01 7.627450635596091377e-01 7.524305412806338023e-01 7.696186338753258083e-01 7.537887640302204373e-01 7.659388812276954894e-01 7.727530675757907641e-01 7.720442032687592215e-01 7.659117542725142336e-01 7.702470554230073096e-01 7.715244328413438657e-01 7.756289078408771243e-01 7.655958572599895762e-01 7.769568391590611078e-01 7.723162233503402252e-01 7.488174648680107071e-01 7.545326948468717987e-01 7.662714317096718242e-01 7.604259106324828821e-01 7.571410708056579564e-01 7.643804091675158174e-01 7.732672454515290283e-01 7.667189146573273328e-01 7.732609839931722240e-01 7.661887420322986975e-01 7.796530506901016011e-01 7.640152661510293264e-01 7.613921710607443050e-01 7.551209948532715543e-01 7.636765365425275398e-01 7.578770081018398885e-01 7.598650984590901158e-01 7.593157497184865878e-01 7.625099805426079902e-01 7.671595185746472589e-01 7.689016186734389802e-01 7.692240120705873263e-01
1.707634629986151398e-01 1.695686311414398018e-01 4.134983430312447195e-01 6.114319746552649981e-01 4.555751822968790443e-01 5.329911995616699594e-01 7.545533916886725256e-01 1.000000000000000000e+00 6.878394289826668118e-01 6.373202543192734160e-01 7.209162028690699886e-01 7.673570256943399448e-01 6.837564484447661295e-01 5.869013242653922102e-01 7.935560474668692521e-01 8.303884830370502623e-01 7.251772862995592428e-01 6.268654036096327209e-01 6.669232496156090040e-01 5.591180184301317579e-01 6.497742302543593196e-01 6.756301471217495136e-01 6.406385886096571669e-01 6.291414854917521948e-01 6.430543350822991444e-01 7.461606353844373318e-01 7.422480268943359993e-01 7.233809289758873495e-01 6.629639407558398645e-01 6.947056981138355347e-01 6.901476209229829850e-01 7.683335439214491469e-01 7.218578727030958708e-01 7.441361352555894149e-01 7.224201681659554453e-01 7.570280374828395331e-01 7.349516147614073569e-01 7.689692331567208328e-01 7.775341404692585057e-01 7.673090416993331164e-01 7.611013671630226796e-01 7.592206543460180423e-01 7.808518039208391937e-01 7.752390761001354269e-01 7.680494173908923861e-01 7.591012396418838071e-01 7.260159800894753213e-01 7.345594885666928420e-01 7.520275174466214407e-01 7.616049106558800963e-01 7.784213170761000722e-01 7.605960097794962627e-01 7.523063092075022995e-01 7.444579784082866469e-01 7.465591000956166567e-01 7.786977344041121629e-01 7.788385913787684300e-01 7.560260009502343115e-01 7.624166814083173094e-01 7.440662423744522913e-01 7.605933514910661053e-01 7.623717665299779567e-01 7.678708384576473645e-01 7.764245706396142310e-01 7.670452796739436474e-01 7.690187424276841988e-01 7.509166052096033495e-01 7.548548823489749093e-01 7.565421343276252930e-01 7.500898335279756468e-01 7.611817617405890468e-01 7.597843873046684626e-01 7.474384740598435384e-01 7.383615787422110888e-01 7.637745699386095932e-01 7.536817816023929639e-01 7.429451467169749801e-01 7.349285434993417798e-01 7.417110574459617744e-01 7.378049455548262303e-01 7.511398880713104909e-01 7.343852305148537152e-01 7.661585745764371014e-01 7.412987504327699373e-01 7.625111365866983348e-01 7.651842682382832272e-01 7.610972592118658842e-01 7.523582963166639548e-01 7.563661250796047675e-01 7.610120746114755752e-01 7.570049581502344971e-01 7.444916750284229501e-01 7.612965629447947524e-01 7.534792290304281881e-01 7.270589453184743700e-01 7.316106470794673244e-01 7.589023145438364981e-01 7.637374864966832710e-01 7.473903513688733291e-01 7.531470407654358157e-01 7.593248066012118214e-01 7.596639827618756335e-01 7.584364522084536819e-01 7.516921167361003686e-01 7.701431503364953857e-01 7.516915937279867732e-01 7.508734945538969585e-01 7.362746252674723380e-01 7.499977853302156605e-01 7.419722482431416744e-01 7.425881720419732490e-01 7.398097641303066352e-01 7.459654479235739988e-01 7.571200086012970232e-01 7.582678836681575607e-01 7.527487647829922413e-01
2.607439066205105571e-01 2.529421479135552930e-01 4.146937301285172905e-01 5.549976894482588907e-01 4.467170487478083762e-01 5.674354794561238258e-01 6.771596107910924367e-01 6.878394289826668118e-01 1.000000000000000000e+00 7.723798271062225496e-01 7.991425183547149480e-01 8.245120091491894287e-01 7.352796424140914944e-01 6.130728333198712798e-01 7.921155465123375095e-01 7.995890834249104184e-01 8.257787723555455317e-01 7.321452999692887875e-01 7.837124483260784480e-01 6.256468795909662095e-01 7.142877635795352731e-01 7.799062188980662169e-01 7.628114396407679187e-01 7.484953214880953887e-01 7.482954290483185833e-01 8.300166178939522021e-01 8.391880568853379296e-01 8.354008409476600949e-01 7.980538087972817163e-01 8.073652042360814907e-01 8.341305969435440781e-01 8.668908525850268498e-01 8.026298226743870945e-01 8.234130599661998451e-01 8.104260555337919891e-01 8.221795372625519960e-01 8.411091437676850857e-01 8.511360513622103774e-01 8.636208647225327439e-01 8.305415614158077053e-01 8.664893643204851781e-01 8.533902220562999963e-01 8.196556405100240417e-01 8.573099103379903108e-01 8.573351722278694798e-01 8.572777170367513744e-01 8.461859752743836616e-01 8.619772546851527384e-01 8.564844719703745834e-01 8.307202613866778718e-01 8.606061527564524694e-01 8.214735309419713971e-01 8.451009473859387722e-01 8.690807468025389948e-01 8.546898448387498792e-01 8.702813920926039115e-01 8.548851066390901199e-01 8.542908889766757108e-01 8.569344213913010488e-01 8.636495948559255176e-01 8.498058833842089266e-01 8.638092877718327456e-01 8.416330141728877168e-01 8.602895537189414465e-01 8.831249562418050925e-01 8.716918861409344021e-01 8.663694793402184624e-01 8.787461812300698671e-01 8.738427127574621700e-01 8.544957948395009995e-01 8.676207587794457776e-01 8.773147499171587427e-01 8.652258496527898135e-01 8.663307981770052013e-01 8.761240940517905917e-01 8.698462239227563453e-01 8.728350404510839544e-01 8.691348288106408582e-01 8.626378567309805900e-01 8.734614827533151438e-01 8.783722534524517345e-01 8.678357661757978292e-01 8.752936758976156417e-01 8.663495102144010973e-01 8.632804218625342862e-01 8.709938692805724303e-01 8.704786744390058395e-01 8.584712956686644247e-01 8.638457681787335973e-01 8.643085012672230283e-01 8.641899189807522585e-01 8.527942640149065445e-01 8.668574918206266577e-01 8.596374146664653715e-01 8.468929606543496025e-01 8.512343374619323333e-01 8.317792947028672668e-01 8.510794305568807339e-01 8.445386817955902181e-01 8.531562567911082917e-01 8.458994291474098981e-01 8.489023857280662000e-01 8.589033945928218339e-01 8.487651986021328421e-01 8.655399524335589678e-01 8.506008792531734031e-01 8.629130691997140001e-01 8.572829308122603686e-01 8.627790531722965284e-01 8.538977268592516934e-01 8.482789543026185708e-01 8.555002459366315426e-01 8.519211946419273929e-01 8.570628969574524136e-01 8.761210787182932558e-01 8.606237459411827384e-01
1.395179476000088514e-01 2.148547750578528315e-01 3.380648393689917874e-01 4.954127232266100633e-01 4.228741523776182731e-01 5.144231197590281024e-01 6.549577687231453726e-01 6.373202543192734160e-01 7.723798271062225496e-01 1.000000000000000000e+00 7.515259391932074262e-01 7.906970947766720492e-01 7.262489678191750286e-01 5.927250963716687027e-01 7.803354275003399065e-01 7.716563371040715547e-01 7.582360615653551683e-01 6.153527185489898743e-01 6.738934245145693502e-01 5.311860109048133216e-01 6.148544998285602192e-01 6.666961765080411384e-01 6.493082096411596504e-01 6.424635019796326452e-01 6.500316663554169816e-01 7.609668442909061081e-01 7.737533544031117705e-01 7.659381001052015803e-01 7.475095914893271631e-01 7.374044181822438926e-01 7.695326286912445024e-01 7.998188035096280846e-01 7.284603449640488781e-01 7.402655857355974200e-01 7.381900143681670023e-01 7.465230412660682768e-01 7.649475807321971521e-01 8.153742141200414073e-01 8.070411929223442193e-01 7.897827669338987056e-01 8.332833981954332891e-01 8.263126722073776964e-01 7.876932674315734184e-01 8.294529381126901635e-01 8.073645758633493097e-01 8.282156594581194797e-01 8.315978737061365811e-01 8.443518883248639639e-01 8.362123824170820674e-01 7.845758312747973529e-01 8.245498355863160045e-01 7.620967497774501220e-01 8.196986464562608932e-01 8.445062592070038399e-01 8.289106277915918586e-01 8.306536442596478276e-01 8.228350511675169843e-01 8.311163028582153611e-01 8.371129797244456494e-01 8.397161369939611930e-01 8.251990034810544605e-01 8.405797122273982458e-01 8.249540601047502530e-01 8.300836861311374770e-01 8.273120186181802671e-01 8.331723641080257536e-01 8.398127372667620882e-01 8.318903884634987200e-01 8.343801652308288075e-01 8.055713283533989522e-01 8.178212540378152484e-01 8.314195176604902704e-01 8.132632427525772201e-01 8.148399684057394676e-01 8.422590741326360098e-01 8.394199643723578852e-01 8.428276601360593645e-01 8.372927701160550740e-01 8.360950046884525477e-01 8.328866713084653872e-01 8.351746173434693166e-01 8.360689280934787693e-01 8.316795635420364263e-01 8.297703210477977986e-01 8.225760577480246694e-01 8.226545057745076051e-01 8.275606984863270732e-01 8.364462565742248890e-01 8.358328773565149028e-01 8.360287701348233513e-01 8.311234083789839078e-01 8.359333063123000063e-01 8.382608344123828603e-01 8.384276325157699050e-01 8.335365479614568196e-01 8.386056007102248300e-01 8.094564292752782775e-01 8.175017956831761579e-01 8.255765792752507437e-01 8.302210877596304384e-01 8.275268719242369064e-01 8.290707665661628534e-01 8.315177010333447694e-01 8.322700079425482400e-01 8.258984581185289109e-01 8.312177590359537405e-01 8.409413143031364557e-01 8.406082234186423863e-01 8.413938237464744230e-01 8.389288247822698219e-01 8.362816178518025501e-01 8.389699965009617122e-01 8.392051999786624972e-01 8.364220480347736020e-01 8.385909187693332267e-01 8.363377892813943504e-01
1.702245701831019697e-01 2.131334929101498243e-01 4.302069315195316546e-01 6.064772291156539374e-01 4.510373824859608693e-01 5.895373885135438696e-01 7.305026949797027713e-01 7.209162028690699886e-01 7.991425183547149480e-01 7.515259391932074262e-01 1.000000000000000000e+00 8.738495477877172846e-01 7.509796471321170674e-01 6.371570124781654743e-01 8.302073915247835112e-01 8.444175818776771258e-01 8.104144097507228750e-01 7.203974018127684564e-01 7.818366967007198687e-01 6.202205792229232850e-01 7.229530802706011228e-01 7.761010279591312733e-01 7.522163635461793785e-01 7.500018211776746657e-01 7.663111285562813624e-01 8.478062045573593331e-01 8.590678294380601487e-01 8.469524233966222448e-01 8.061946050877201175e-01 8.321992238545526943e-01 8.440658055414728134e-01 8.760660460491875856e-01 8.278749710910346948e-01 8.419527091764644755e-01 8.440735752388275337e-01 8.363668929873948610e-01 8.609528195848770160e-01 8.758725388790310484e-01 8.823878432649328030e-01 8.639388215174026442e-01 8.882144537671508022e-01 8.848563468264313281e-01 8.705571184463956058e-01 8.872755809367226520e-01 8.856307430943533010e-01 8.769617545755546972e-01 8.603999273352670452e-01 8.669744759326980521e-01 8.676919397798275035e-01 8.467065211521391799e-01 8.781822662786300526e-01 8.511091087866881066e-01 8.621890353679348973e-01 8.700451426614496109e-01 8.636897734919360969e-01 8.834314040993785921e-01 8.653412315308520730e-01 8.793464892643412245e-01 8.704767791029960344e-01 8.738687696009154182e-01 8.789632843150791963e-01 8.738693650219864217e-01 8.670771062801122531e-01 8.765005962871590395e-01 8.780563256288913543e-01 8.818720130227318821e-01 8.814568179412229920e-01 8.968240042634346709e-01 8.953054665514803556e-01 8.733955631450380785e-01 8.902168564941593809e-01 8.942596007309031592e-01 8.829848016100337871e-01 8.874762009201419000e-01 8.934244594355547076e-01 8.903879545310833254e-01 8.870673234991574008e-01 8.824732405369670740e-01 8.859618237788479123e-01 8.931721380778930852e-01 8.969040730217230362e-01 8.861202192881121320e-01 8.881579531322246757e-01 8.910234722141039398e-01 8.890178760100265754e-01 8.955108068988142378e-01 8.942946118892483032e-01 8.821223500263897233e-01 8.868005858242145045e-01 8.853344172591447458e-01 8.909561027601623495e-01 8.786025964417338852e-01 8.934694781275485109e-01 8.843207177612605330e-01 8.656382434061511422e-01 8.692893576316274018e-01 8.691388260684120848e-01 8.695918040130056204e-01 8.700879375635406365e-01 8.778498596806584287e-01 8.787730101987608622e-01 8.752520846131111032e-01 8.775133808628674537e-01 8.777221110670307969e-01 8.868895143719109919e-01 8.688141712675495620e-01 8.770423184872948585e-01 8.720581873545694140e-01 8.801040740497757531e-01 8.733611648214822942e-01 8.716539654444368512e-01 8.703414744936236458e-01 8.737587428133446465e-01 8.767934590551628160e-01 8.834916895823899941e-01 8.779249190493239041e-01
1.191472803808800718e-01 1.773868064343640527e-01 4.254489070741437895e-01 6.622588103198207010e-01 4.883478221291969734e-01 5.968624746840989204e-01 7.854622179525199144e-01 7.673570256943399448e-01 8.245120091491894287e-01 7.906970947766720492e-01 8.738495477877172846e-01 1.000000000000000000e+00 8.132823041701557898e-01 6.782610965173767603e-01 9.029219624958562118e-01 9.027601147651778124e-01 8.316577814031494986e-01 6.834429244553466010e-01 7.570894366650930962e-01 6.122596042379727654e-01 7.000269116846923323e-01 7.681918578993588431e-01 7.199996711208617173e-01 7.210898731550394736e-01 7.532479379971066535e-01 8.517164992342016738e-01 8.697570997923540492e-01 8.487633295845363746e-01 8.118501226253519443e-01 8.254758260566041894e-01 8.566779060868421336e-01 8.914094314188664159e-01 8.204139272321745446e-01 8.410872433060940789e-01 8.341261905515516828e-01 8.527451163620288765e-01 8.655353249893474876e-01 9.120048554971957877e-01 9.115823258145597796e-01 9.012133507292563461e-01 9.246031294494219122e-01 9.218596598400701225e-01 9.185644073905799845e-01 9.326135217160480551e-01 9.130939917708802422e-01 9.242518765061480401e-01 9.125361158437681475e-01 9.198354359111483580e-01 9.197992569467000612e-01 8.860109692884561294e-01 9.234925474475945695e-01 8.900634502463866671e-01 9.181865893907399379e-01 9.168364968550350991e-01 9.096207479909560467e-01 9.234602067906038103e-01 9.167434589967629055e-01 9.233216313480808735e-01 9.232475554300283438e-01 9.224436717064440350e-01 9.272338095059364793e-01 9.242951014735316662e-01 9.218997001702078364e-01 9.222892341024127028e-01 9.144999194762386541e-01 9.259790627269522956e-01 9.224490163738123805e-01 9.201647576802670647e-01 9.238918326586933460e-01 9.026552512158377839e-01 9.217237871192384135e-01 9.242408104659117773e-01 9.003291236132726638e-01 9.107005114168373883e-01 9.295429691801477823e-01 9.296705358808677877e-01 9.211799539408139781e-01 9.146529707719461832e-01 9.211164025042809511e-01 9.189687361714925506e-01 9.258910793834039810e-01 9.224823235097090457e-01 9.200329194492737894e-01 9.134202157193215266e-01 9.175166238849511435e-01 9.200206607281978810e-01 9.275990820800950054e-01 9.237758185163855718e-01 9.270555036052202658e-01 9.231279005177883690e-01 9.231073630655383111e-01 9.241943126096552330e-01 9.325825619443407488e-01 9.307323647989975690e-01 9.164467795007815720e-01 9.192091484067024254e-01 9.127875774930103159e-01 9.139251437018921509e-01 9.193339489688141519e-01 9.209471578476792208e-01 9.253836290134532794e-01 9.237221279464324919e-01 9.284186475965520158e-01 9.257783361356468621e-01 9.294072519639566821e-01 9.180031106823210996e-01 9.247030612913681447e-01 9.189619489382676587e-01 9.241124731386478608e-01 9.227559015664500430e-01 9.221423943924210720e-01 9.214870798814852604e-01 9.240428374351962182e-01 9.239717396090550983e-01 9.248025897208340673e-01 9.258758772025870165e-01
2.775679774410630060e-02 1.442131913577130442e-01 3.077007908485552834e-01 5.387978505625419245e-01 4.949052010007261027e-01 5.293287663846411029e-01 7.150421192331541942e-01 6.837564484447661295e-01 7.352796424140914944e-01 7.262489678191750286e-01 7.509796471321170674e-01 8.132823041701557898e-01 1.000000000000000000e+00 6.242901255744350841e-01 8.293241091037114598e-01 8.141716064574637812e-01 7.376066381703640928e-01 5.569435307570692606e-01 6.134552733307553352e-01 5.153322272256724013e-01 5.606372677364708235e-01 6.184511707923351365e-01 6.037562398921251239e-01 5.907375980766917944e-01 6.070456664448374839e-01 7.340835254676943977e-01 7.402103070477892288e-01 7.204724885074500484e-01 6.707824458589103367e-01 6.839982479518461611e-01 7.273598124171212209e-01 7.893384366778607442e-01 6.933606716321032426e-01 7.242941861154466032e-01 7.048055042626557576e-01 7.441769358926373368e-01 7.424984192995409682e-01 8.114966322579283409e-01 8.029185606057536173e-01 8.095997976108489924e-01 8.334334958340031685e-01 8.389716634601059875e-01 8.215697745787564621e-01 8.487474165089159417e-01 8.124060216264783474e-01 8.331518192992198868e-01 8.468882556900229064e-01 8.510457103270765433e-01 8.431242393514171152e-01 7.929498199489725119e-01 8.289783256738331163e-01 8.064391243186850300e-01 8.448512266110281832e-01 8.382922399241693467e-01 8.195173432437176109e-01 8.329289117019840205e-01 8.186675713225552986e-01 8.412964890785181726e-01 8.318552055238270793e-01 8.539336356883655554e-01 8.474576697372662171e-01 8.391914489772557273e-01 8.295323845431802345e-01 8.397832071641796459e-01 8.259127054654991085e-01 8.404036820398192997e-01 8.495630960007549692e-01 8.263608110882513236e-01 8.354979073860652194e-01 8.103177909280131486e-01 8.144995362740375944e-01 8.244066965169640770e-01 8.033579996428179548e-01 8.062211281635371929e-01 8.433538951269025086e-01 8.423552353702994377e-01 8.327284924365038199e-01 8.143438068287477405e-01 8.357799950509801068e-01 8.168606511899967337e-01 8.318011128246622921e-01 8.271931962437381047e-01 8.313512304724369750e-01 8.178878105530281717e-01 8.302125763369342382e-01 8.265395630192051701e-01 8.331393568676149775e-01 8.484706026455761663e-01 8.460242594085263246e-01 8.430662323722163398e-01 8.395270565277531682e-01 8.532209755390141037e-01 8.468388349596702724e-01 8.516826465533865465e-01 8.516485025515276863e-01 8.527047918891264011e-01 8.304965054564535931e-01 8.330793685706727736e-01 8.470026846506910623e-01 8.487538921314944362e-01 8.501436289661835621e-01 8.417782424491103699e-01 8.521701212146921556e-01 8.557771331090132660e-01 8.463057017614360467e-01 8.369195973102787622e-01 8.491355409745767746e-01 8.502725241411838164e-01 8.483142286840348323e-01 8.538958530669638058e-01 8.458541045379359691e-01 8.553385217262431395e-01 8.495205116119757260e-01 8.507765763853188945e-01 8.433879399473565019e-01 8.513793949445912501e-01
