1.000000000000000000e+00 1.855235164198620890e-01 2.176029332955140283e-01 3.260780277213558981e-02 6.350312827357833256e-02 8.954299682907229663e-02 4.254881803471308871e-02 8.689905297898541103e-02 2.121333743306148545e-01 -5.202670303264930046e-03 7.454792769772763950e-02 -1.050804903317964500e-02 1.793480136430778554e-02 -3.505068095917674570e-02 1.675718180322713011e-02 4.381482396000423163e-02 2.099655360568800366e-01 3.001020899885997184e-01 2.462511193007464183e-01 1.307102240033345408e-01 1.483247033943906890e-01 1.958150249668464959e-01 2.754762948703291525e-01 2.605431028968292484e-01 2.598351663552733171e-01 2.670762631414801969e-01 1.819666866293348229e-01 1.857722828111632585e-01 2.622999216421623148e-01 2.323637919529528972e-01 1.844407037032038399e-01 1.646096820501214142e-01 1.466472723310449366e-01 1.191746436799007020e-01 1.482000884789913264e-01 1.306360443518605474e-01 1.692875351831018838e-01 1.061541718923886962e-01 9.309861658210283331e-02 1.238049119933151421e-01 7.422347113870648994e-02 7.243882474218160672e-02 7.593828591929670246e-02 1.027704432134294715e-01 1.209427994312872318e-01 8.548096104375740856e-02 8.454962472964145173e-03 4.242693713010287776e-02 1.975443415556893748e-02 7.773953968260410852e-02 6.873845687602955778e-02 1.056765920501473305e-01 3.862188039666476780e-02 8.029066850016453039e-02 1.331436572074200519e-01 1.655217155530124828e-01 7.944136799073038546e-02 3.357161651252530549e-02 4.109979680634725380e-02 5.607133711255637976e-02 5.295983568557063176e-02 3.428373750419363292e-02 6.088997105815467659e-02 3.906332294805826139e-02 7.027715897831195158e-02 7.116501777833468545e-02 4.624388532643971400e-02 1.118004402074987136e-01 1.141391254542214045e-01 7.279791970619936547e-02 7.555557141970335733e-02 9.085059031479318647e-02 1.093749852906337611e-01 1.334399064994610251e-01 1.075431899219293913e-01 9.760503602052851557e-02 9.772247848639466217e-02 1.303024537489945733e-01 9.393232129248452189e-02 8.958500284779384593e-02 8.759838037298084412e-02 7.849588907212302902e-02 9.626361600935749718e-02 9.884149738595700285e-02 1.009066500962382401e-01 7.309818308620411043e-02 6.332846657520194156e-02 6.088942794250655488e-02 5.187132889901378829e-02 1.083553271174375054e-01 7.825051520326591070e-02 3.495447983231192435e-02 3.238305630479348246e-02 4.673814813302716586e-02 8.391814580519407762e-03 2.609413670379599759e-02 6.357621767253217315e-02 8.114012365231934587e-02 3.661019625667919636e-02 4.756532879392504770e-02 3.337905053865101307e-02 4.020777838955200828e-02 9.133924178832860926e-04 3.506056697631966534e-02 5.423030377563129584e-02 6.386450566646315052e-02 3.600969082158100854e-02 5.907243259742726155e-02 7.398749560403099224e-02 2.529560285423525234e-02 4.553572557572335006e-02 4.122846546620909103e-02 4.050216794465546361e-02 3.245023931540722689e-02 5.328980412884871953e-02 3.682993887898219909e-02
1.855235164198620890e-01 1.000000000000000000e+00 1.225105140642536866e-01 4.129306629656631644e-02 7.877214031520282655e-02 5.907530363012730712e-02 1.703844536628923989e-01 1.246152064834114698e-01 2.198654296018167920e-01 2.117868571825214652e-01 1.706710744734778462e-01 1.038587099595170427e-01 1.370538335984448075e-01 1.154332085380761902e-01 1.609869552215935640e-01 1.570966111637056017e-01 1.695830293201421868e-01 1.951793102058878016e-01 2.196264442838248288e-01 7.206583396056211177e-02 4.801992213081435895e-02 1.279906677692965455e-01 2.394655058758414501e-01 1.853922745457378674e-01 1.986958994358136166e-01 2.805971965265976475e-01 2.045364547498995655e-01 2.395375819841026599e-01 2.416524405845889567e-01 2.502927362961102076e-01 2.374905989398219952e-01 2.099573764639726114e-01 2.028940720366078088e-01 1.756443179495745799e-01 2.224529039498587546e-01 1.584404979451121132e-01 2.109156433072883474e-01 1.722017543099473857e-01 1.908101512716466608e-01 1.763177863070002904e-01 1.817104209172057672e-01 1.695071171901182117e-01 1.615651842885355294e-01 1.708526358833065972e-01 1.825385318988381744e-01 1.948499482942269989e-01 1.597365820559549787e-01 1.804391057118129860e-01 1.545182539315940462e-01 1.318168518085148233e-01 1.473219442726642625e-01 1.307879821076711746e-01 1.531192807933167976e-01 1.928037975324999320e-01 2.096884217613836365e-01 2.352329900255116790e-01 1.527832336085344356e-01 1.610006468199765561e-01 1.643511355104227689e-01 1.685398668958642265e-01 1.549514644119384388e-01 1.580032792208497239e-01 1.646006184630610936e-01 1.575951431419515825e-01 1.674735276364762160e-01 1.649144739371579960e-01 1.747495372703531669e-01 1.894630702053898275e-01 1.908381695442898096e-01 1.461019428613621052e-01 1.416218714737645934e-01 1.766734014849986878e-01 1.705899559128073728e-01 1.828404855867595546e-01 1.981000351706005969e-01 1.922816802337972697e-01 1.911802561005117584e-01 2.024413481364961409e-01 1.893019912014824724e-01 1.984827362572765264e-01 1.966450558612591604e-01 1.903652328955239559e-01 1.802584735619246481e-01 1.958149851996455193e-01 1.687351900203658273e-01 1.626891689819444931e-01 1.647485135755026031e-01 1.720477445939241068e-01 1.701359011419809608e-01 1.938326746109196863e-01 1.787391566313396296e-01 1.652730852678712947e-01 1.637546761640222559e-01 1.704340612135918920e-01 1.604776160656088135e-01 1.699326187304239510e-01 1.482439574414113059e-01 1.434215162345426342e-01 1.612727780014170109e-01 1.534080396523683776e-01 1.585373717498773927e-01 1.534680664719322851e-01 1.479333923044732213e-01 1.545321449517383372e-01 1.535373718870866322e-01 1.537303132527889915e-01 1.596535803012338328e-01 1.857335340965004244e-01 1.863894171117543852e-01 1.613209130693752658e-01 1.687429975759228151e-01 1.639013752081344422e-01 1.621351722533971584e-01 1.556206125657369210e-01 1.660803549594416229e-01 1.576337710301448092e-01
2.176029332955140283e-01 1.225105140642536866e-01 1.000000000000000000e+00 3.635906932576611905e-01 2.133177464454183159e-01 3.170104964785956936e-01 3.323279328251212972e-01 3.600419411090167165e-01 4.282390993813447455e-01 2.595618086554113413e-01 4.202486916149514307e-01 3.839997073842669750e-01 3.080053835550983776e-01 3.230558730951880175e-01 3.686462296994622578e-01 3.866634518634189388e-01 4.456926574093051929e-01 4.914557683703005830e-01 4.659309063148273644e-01 3.823628504977942821e-01 4.589674938327533704e-01 4.936294199827922502e-01 4.568208335734575964e-01 4.575982930347883282e-01 4.686708667454631549e-01 4.631175076776202770e-01 4.432856799831013661e-01 4.440637942173807362e-01 4.774105250507690856e-01 4.685434939289687684e-01 4.610478992221506700e-01 4.546079802048809126e-01 4.292198679891145452e-01 4.429911611987588094e-01 4.256717519975385944e-01 4.622271042755571324e-01 4.666792249381208069e-01 4.235953406933835041e-01 4.173229277390070879e-01 4.327951379474563320e-01 3.929314393516073478e-01 3.999431366762402629e-01 4.146121267323376047e-01 4.300535299035768699e-01 4.438092809539783135e-01 4.044777606870695874e-01 3.689918265898404770e-01 3.792026095702815125e-01 3.711091528774514425e-01 4.378193989838796152e-01 4.139868880071156942e-01 4.308452782974144246e-01 3.944352231753978089e-01 3.920279660232718344e-01 4.258509880675948045e-01 4.350746105408806463e-01 4.079938028163320185e-01 3.763558384884361785e-01 3.832694166693574878e-01 3.939557974219860537e-01 4.014873593813652608e-01 3.772486360992664545e-01 3.954510241244352242e-01 3.863171782809625698e-01 3.993758825826229653e-01 4.049857455096119163e-01 3.856087398242583064e-01 4.211594714065736711e-01 4.306709554210836899e-01 4.200394598034251081e-01 4.375491954555748575e-01 4.248431111572254504e-01 4.241718741446403040e-01 4.364824615146891129e-01 4.179562558358264068e-01 4.191478305340609056e-01 4.124687708731652469e-01 4.325088683001637735e-01 4.160237344300822815e-01 4.126671872726087598e-01 4.165645390913215174e-01 4.121917833395666864e-01 4.232970237308284478e-01 4.164518594743792379e-01 4.399709474602087056e-01 4.198287180960491027e-01 4.144487792765204071e-01 4.007857118941594576e-01 3.960704887310662059e-01 4.231921068617037207e-01 4.134681178161435100e-01 3.823697281876233811e-01 3.895194168243832911e-01 3.881773696638392002e-01 3.641136773067821242e-01 3.711561494138146955e-01 4.161001936615357222e-01 4.246057923394087608e-01 3.916639121302057935e-01 4.047250068023696135e-01 3.938371916102586523e-01 3.997549753764487179e-01 3.630863015531771709e-01 3.865769555846995664e-01 4.086422533088484021e-01 4.046551187343109812e-01 3.862388852706888365e-01 3.876122729338866701e-01 3.987789461047692718e-01 3.778991017320844081e-01 3.910003869066161486e-01 3.850287231841781899e-01 3.865784602963509564e-01 3.866596446015025945e-01 3.969219364187406285e-01 3.863346033900911247e-01
3.260780277213558981e-02 4.129306629656631644e-02 3.635906932576611905e-01 1.000000000000000000e+00 3.146204776779811807e-01 3.778020115485012376e-01 5.457435785787324578e-01 5.409207627191301437e-01 4.913357120202557771e-01 3.707232904204341151e-01 5.475138255934968168e-01 6.318800466889843426e-01 4.641713295195816769e-01 4.826313998005591910e-01 5.567122586739530199e-01 5.472223068590841288e-01 4.715701493577106884e-01 4.574569321173506675e-01 4.384760400425823934e-01 6.198240323737248536e-01 6.324648149523952601e-01 5.209885282378439175e-01 4.042097515347855552e-01 4.390734197305085629e-01 4.475728568179021538e-01 4.250908829601781069e-01 5.148542145921313207e-01 4.828700546407015959e-01 4.630452515066070807e-01 4.908134957759927031e-01 5.140946003630004757e-01 5.261341623891223618e-01 4.627243618907430078e-01 5.438310574501369343e-01 4.575742967738887779e-01 5.772672586479449253e-01 5.206816341653849323e-01 5.313429676705644367e-01 5.382136505354381262e-01 5.204643337645672441e-01 5.252731322653870771e-01 5.200046555747181998e-01 5.656110747142224504e-01 5.531374320189659244e-01 5.516039676479821408e-01 5.200113290055422555e-01 5.327556347444390994e-01 5.141747630165944827e-01 5.344758296419805932e-01 5.820704482911227551e-01 5.626014487681390008e-01 5.817364477821419522e-01 5.514492305385843007e-01 5.009165172756088191e-01 4.900841722310869120e-01 4.637136443498276472e-01 5.367923115773544085e-01 5.159221714768559286e-01 5.206415291362270770e-01 5.524378319894138745e-01 5.505287511185114058e-01 5.346135135587676279e-01 5.217626363808260948e-01 5.453980743595638891e-01 5.327275176011282420e-01 5.492202119306582864e-01 5.184353654329052485e-01 4.995785461253776649e-01 5.339720059120055540e-01 6.015000952046233307e-01 5.701642214045579138e-01 5.206387988099381303e-01 5.320565825890634093e-01 5.209338741533535710e-01 5.206254324985888360e-01 5.351787703075194802e-01 5.297671748014236570e-01 5.236939621659054689e-01 5.358571517724363131e-01 5.215163140187174529e-01 5.318648392770694011e-01 5.339001428956481332e-01 5.487041470391752496e-01 5.187554374664288259e-01 5.626290052018451116e-01 5.581604965143899255e-01 5.466566332196076683e-01 5.389655890341366051e-01 5.314648789561282616e-01 5.265386707277184275e-01 5.415524585828425108e-01 5.342457787095440391e-01 5.390564432067304068e-01 5.271937542264276688e-01 5.204347032939452555e-01 5.183380793625824712e-01 5.769604953838097794e-01 5.944613467833380627e-01 5.588976005482430010e-01 5.694637833623041878e-01 5.601277964882486193e-01 5.592915478048071654e-01 5.347488604946788460e-01 5.457512486388169659e-01 5.606697957203807814e-01 5.611548591126431784e-01 5.431682083312787679e-01 5.166938028340702926e-01 5.163401579500597194e-01 5.349786729479133474e-01 5.376753108336249642e-01 5.427209624230309171e-01 5.378160266855622762e-01 5.430236402456291023e-01 5.309930604875714444e-01 5.394243883756622004e-01
6.350312827357833256e-02 7.877214031520282655e-02 2.133177464454183159e-01 3.146204776779811807e-01 1.000000000000000000e+00 3.201118966089545048e-01 4.490696727682447209e-01 4.341227304221453309e-01 4.395434893333081128e-01 4.220453227872195123e-01 4.727342072874249346e-01 4.868585535493178407e-01 4.875576826325876967e-01 4.554411777322541210e-01 5.163744505994709577e-01 5.117507592775150105e-01 4.480399980240665769e-01 3.999821417653620093e-01 4.199481394236125320e-01 3.984140377678283551e-01 4.195530683024220608e-01 4.193815685548513694e-01 4.136907173244829816e-01 3.839917206593493892e-01 4.032002739704964589e-01 4.456975673695756091e-01 4.746757826220912024e-01 4.729661827614266012e-01 4.511916448726808748e-01 4.380245449436229177e-01 4.711561119278382948e-01 4.848974024631677593e-01 4.651641787254476301e-01 4.825549063487027390e-01 4.738676201178524394e-01 4.677723874348622690e-01 4.701328597321901559e-01 4.990852957137873469e-01 4.995953599183823313e-01 4.891025891212663623e-01 5.149606723103342665e-01 5.129569735107850637e-01 5.101679098391369571e-01 5.107850104438876881e-01 5.031019889116801203e-01 5.050577141452475827e-01 5.153014899816115157e-01 5.142691406881707561e-01 5.154530914936037433e-01 4.997385016328038665e-01 5.141351191458286563e-01 5.051829222450203716e-01 5.198442824896875036e-01 5.063401797519262448e-01 4.981076386612848239e-01 4.874396056311054992e-01 5.038593347682251977e-01 5.133926302539639774e-01 5.165549172915783194e-01 5.227634749460848829e-01 5.213217077449564529e-01 5.155765001494598820e-01 5.036201826861145259e-01 5.166720450627817485e-01 5.129034977202188150e-01 5.162043958502445795e-01 5.132275174177900467e-01 5.025660296872110910e-01 5.035111712475704993e-01 5.167061530132264213e-01 5.112685123260780617e-01 5.068923683500208277e-01 4.972642452684573056e-01 4.936868589430791210e-01 5.148710920110064482e-01 5.123835742132369919e-01 5.105804897116668073e-01 5.099602594357129925e-01 5.085674896759747599e-01 5.093126033561845567e-01 5.067376100897722502e-01 5.090961019611605076e-01 5.110872648843436394e-01 5.037319521165185554e-01 5.077165903227539578e-01 5.132254049736439949e-01 5.090379121838995991e-01 5.146735722361445164e-01 5.158193400101687143e-01 5.087062091079881387e-01 5.134669457497309519e-01 5.204897525093412636e-01 5.174266851083618723e-01 5.177127529771742287e-01 5.189228925092249645e-01 5.170181000048245101e-01 5.124692186587308518e-01 5.180607942709285485e-01 5.219282997877988661e-01 5.232311283078519004e-01 5.180478278976849982e-01 5.170040699673670304e-01 5.216666289642057919e-01 5.213843780240943193e-01 5.196727987868708931e-01 5.128639705820792205e-01 5.200855151044545543e-01 5.134860794669156014e-01 5.134347312642897343e-01 5.196854904260614916e-01 5.159401294865270104e-01 5.233911800238892909e-01 5.199198489628829023e-01 5.175933540568095070e-01 5.206947823638994333e-01 5.211942447319556360e-01
8.954299682907229663e-02 5.907530363012730712e-02 3.170104964785956936e-01 3.778020115485012376e-01 3.201118966089545048e-01 1.000000000000000000e+00 5.202344760833749193e-01 5.323277178689866940e-01 5.652771108040297587e-01 4.835530092148783154e-01 5.933971571636228459e-01 6.005681895387513514e-01 5.417964918726363432e-01 5.784052558635726093e-01 6.056460294612215911e-01 6.187861300536273701e-01 6.088400835922918031e-01 5.744835709845205196e-01 5.752577395501607960e-01 4.931963749724294632e-01 5.514351567256819964e-01 5.954548758398868769e-01 5.558078681495847162e-01 5.319677458964053862e-01 5.506840257324197019e-01 5.970588210483982472e-01 6.132172556088084647e-01 6.203121293816103998e-01 6.242691160149143048e-01 5.828391145460719569e-01 6.143741075233893900e-01 6.286805928049944425e-01 6.099276557541490895e-01 6.162159189370213230e-01 6.114382094326303863e-01 6.073247390807268165e-01 6.278332148494338849e-01 6.552557016430424763e-01 6.345777556531373431e-01 6.550097790894761074e-01 6.280115230837135520e-01 6.469539302312009577e-01 6.525739750076925416e-01 6.563033167768328457e-01 6.434584456577997491e-01 6.325430569269943071e-01 6.228481817527182773e-01 6.301490144824209994e-01 6.288328833487459857e-01 6.496277416099450752e-01 6.597018204683675613e-01 6.439505254429734871e-01 6.277067445528817791e-01 6.312108231976103490e-01 6.455319090850474284e-01 6.308389060798151871e-01 6.448551474872954437e-01 6.298919359160745080e-01 6.466551128167425944e-01 6.277737689813090993e-01 6.444412547991094087e-01 6.331634488065869260e-01 6.445333290714909680e-01 6.283406675523803830e-01 6.310973974136239173e-01 6.314455029680965392e-01 6.301329045878421020e-01 6.411019562084129264e-01 6.369518746427333955e-01 6.440488878236546588e-01 6.517278457672142089e-01 6.399399590625460821e-01 6.262475275809950004e-01 6.333063919409377407e-01 6.444991286223656912e-01 6.406602895975415102e-01 6.456926285855922876e-01 6.455531257784500321e-01 6.374301369322999955e-01 6.383995301657068300e-01 6.320831292875036533e-01 6.386530765855168434e-01 6.368619162364138608e-01 6.366643616107418024e-01 6.520556250189697423e-01 6.366715349089335785e-01 6.402111970782111694e-01 6.447815098099622944e-01 6.462251917150840796e-01 6.385449857043047350e-01 6.447859480311702862e-01 6.367347173932127458e-01 6.373046035955990396e-01 6.405508111139607275e-01 6.267564185416050204e-01 6.268688972963003536e-01 6.527330508554515243e-01 6.475484927506496291e-01 6.362426686506077456e-01 6.461524807595565578e-01 6.410768214650782726e-01 6.449092259178803577e-01 6.241261183613452390e-01 6.403808858708545104e-01 6.449552966485523342e-01 6.395206116868228374e-01 6.378258525919802135e-01 6.332878314730784330e-01 6.396224299853996431e-01 6.322711471675941386e-01 6.387864958878877175e-01 6.315013444964574507e-01 6.378426506994321343e-01 6.350360780502077862e-01 6.344449505864122596e-01 6.322980248193259545e-01
4.254881803471308871e-02 1.703844536628923989e-01 3.323279328251212972e-01 5.457435785787324578e-01 4.490696727682447209e-01 5.202344760833749193e-01 1.000000000000000000e+00 6.928472235098573906e-01 7.115988732785509807e-01 6.438971967718816192e-01 7.269577688918403835e-01 7.780542286187047685e-01 6.984913252997483335e-01 6.914672117295145304e-01 8.395786975584081935e-01 7.962031481056187632e-01 6.903316798785500419e-01 6.169325447113237493e-01 6.500124925151511412e-01 5.982434357769231825e-01 6.325688170429583090e-01 6.509898371532161221e-01 6.290054610376525357e-01 5.587532488156815580e-01 6.123417484273940836e-01 7.076651959541091497e-01 7.457790521621492363e-01 7.496378635212683772e-01 7.041401090912543514e-01 6.871115277487976902e-01 7.353584257219865083e-01 7.529144934471821982e-01 6.957909599678370194e-01 7.416949285047194085e-01 7.147338640287442812e-01 7.185773930435876977e-01 7.145580615112484546e-01 7.694779990457906171e-01 7.818973375210546140e-01 7.518223593577247899e-01 7.918638441407442885e-01 7.835278391824461730e-01 7.881895776944070064e-01 7.904515523193120785e-01 7.710376726522815138e-01 7.854777041322281717e-01 7.958376183438854445e-01 7.926726006216376907e-01 7.916495638585558936e-01 7.624479894768244614e-01 7.835837715613322985e-01 7.621634023481713704e-01 7.918347340680185198e-01 7.849813641542300324e-01 7.650675923752896512e-01 7.539767416274126832e-01 7.702374667373120820e-01 7.894430401780900830e-01 7.924616124760471836e-01 8.035073064148319233e-01 7.884846266670216819e-01 7.949377457739746911e-01 7.789529194893241026e-01 7.896706651947925648e-01 7.821313353983904149e-01 7.880554336028424700e-01 7.912853847368341853e-01 7.616356859472275254e-01 7.707385287661155937e-01 7.837785324745171200e-01 7.744838937702938075e-01 7.722733641750904043e-01 7.413957767994266979e-01 7.486120898221344522e-01 7.927711065418295844e-01 7.899294792715042535e-01 7.958835829985794197e-01 7.792465848318760324e-01 7.871168850758704094e-01 7.794883746595367979e-01 7.816298587189413061e-01 7.821315259715913015e-01 7.888616157988480593e-01 7.774235283058120727e-01 7.761263092146545306e-01 7.795543119097803064e-01 7.749730192359020053e-01 7.975603548291085865e-01 7.909593384387427761e-01 7.919304038267139800e-01 7.971166242157133874e-01 8.001350712880680449e-01 7.918319646231349873e-01 7.944084062665298651e-01 7.923586135899889360e-01 7.946326910351497741e-01 7.936576533746043660e-01 7.896538232300562843e-01 8.030106997165550320e-01 8.037232868109601691e-01 8.024760461936406575e-01 7.959801379997510917e-01 7.943407661220919236e-01 7.963595302606368831e-01 7.905837743358981040e-01 7.916568873901750347e-01 7.987171931416109372e-01 7.938219182245619399e-01 7.906348217580462245e-01 8.026169491448428284e-01 8.031531587034507202e-01 8.014691691177120436e-01 7.989304507660937027e-01 7.937061743407999304e-01 7.886135944945524834e-01 7.925363388996098379e-01
8.689905297898541103e-02 1.246152064834114698e-01 3.600419411090167165e-01 5.409207627191301437e-01 4.341227304221453309e-01 5.323277178689866940e-01 6.928472235098573906e-01 1.000000000000000000e+00 6.736323585536454495e-01 5.737903758442985946e-01 7.213859875593031656e-01 7.539799530503457081e-01 6.698815161666731299e-01 6.732966097771611036e-01 7.616354414303636577e-01 7.697205836249974009e-01 6.948646482068719932e-01 6.630204657880620633e-01 6.628494401985765005e-01 6.533185705140650557e-01 7.063989554641659785e-01 6.882580910333970792e-01 6.446716062248748491e-01 6.263648761540457910e-01 6.413240375695724582e-01 6.733862942305671728e-01 7.214736350061802250e-01 7.190788558997593949e-01 7.033922818979602143e-01 6.767572394385720225e-01 7.119486946177008280e-01 7.421248831715293592e-01 6.879074062415435620e-01 7.390588605070281814e-01 6.911297525322994684e-01 7.263317097563825042e-01 7.226032300009714859e-01 7.594261454692849966e-01 7.504026630895703764e-01 7.581366714794415262e-01 7.454323819045642896e-01 7.602276169908509518e-01 7.779540653614978041e-01 7.735470112602018666e-01 7.577774916273163353e-01 7.515472420070682391e-01 7.507754337513319332e-01 7.463109521110873334e-01 7.498069613921632959e-01 7.649720676358917615e-01 7.735031757887324000e-01 7.665164428298146815e-01 7.564108455401603592e-01 7.442035416589174446e-01 7.478785971576562552e-01 7.258667973437274989e-01 7.544228522341662746e-01 7.515227068198072624e-01 7.660985472589100231e-01 7.595243980188529642e-01 7.672058413093806317e-01 7.592659697899593052e-01 7.595874100234486503e-01 7.517201793973401491e-01 7.447721845018281384e-01 7.558612382826013221e-01 7.465644262793427188e-01 7.466635322900486704e-01 7.525337197724633054e-01 7.827666504607169173e-01 7.711206653189910387e-01 7.503743275627541287e-01 7.451858886053244202e-01 7.466679076665049264e-01 7.558785672722484472e-01 7.568585007561807743e-01 7.570182491532556623e-01 7.552281105274147865e-01 7.576577596676579152e-01 7.500980963535768264e-01 7.469392196858701816e-01 7.520131263918324871e-01 7.581536285435672706e-01 7.447877073081468069e-01 7.660773151554653992e-01 7.611019479610374727e-01 7.580718875268180890e-01 7.635806000460748644e-01 7.615512484546550498e-01 7.579728078040492978e-01 7.621881259782439244e-01 7.593372513594173201e-01 7.571385165824415786e-01 7.607269799587089709e-01 7.477841306691893619e-01 7.470034274413741571e-01 7.800791330462056861e-01 7.740054685862591821e-01 7.679122058773490966e-01 7.754364367552668558e-01 7.706451896765796894e-01 7.701029331741239270e-01 7.529620138181490896e-01 7.638196227971455476e-01 7.684529212863517866e-01 7.642465106519119589e-01 7.601750942366510833e-01 7.513901940732631290e-01 7.567478940866153581e-01 7.582224878421566228e-01 7.646399986192321530e-01 7.576095352184728515e-01 7.633873445455255924e-01 7.569076619729387945e-01 7.498202932710673618e-01 7.567759962842754984e-01
2.121333743306148545e-01 2.198654296018167920e-01 4.282390993813447455e-01 4.913357120202557771e-01 4.395434893333081128e-01 5.652771108040297587e-01 7.115988732785509807e-01 6.736323585536454495e-01 1.000000000000000000e+00 7.058953207099550875e-01 7.964865122123431229e-01 7.786388118657545654e-01 7.438781616610175007e-01 7.383241799612756395e-01 8.340236234002700311e-01 8.239082581998310451e-01 8.217201460090751697e-01 7.735789936215728968e-01 8.173060884025795669e-01 6.252165012296014845e-01 6.724485240885810233e-01 7.823378634969423429e-01 7.996834344654416560e-01 7.290033870503385138e-01 8.013056162253912040e-01 8.571935370219062600e-01 8.562258036587178101e-01 8.688761228160984951e-01 8.566216336925832620e-01 8.674704859206738838e-01 8.798160530584401284e-01 8.701689823278092595e-01 8.189585297209243109e-01 8.396891941239886803e-01 8.490099289084580558e-01 8.211051556909332305e-01 8.605670548145497589e-01 8.638702696457317698e-01 8.709893727356534665e-01 8.330765923168964582e-01 8.698925177386803709e-01 8.604818131196910747e-01 8.602796141440632871e-01 8.771241659218043107e-01 8.708209342192936298e-01 8.749674081024219063e-01 8.536657601319010968e-01 8.703127162390608129e-01 8.552524344653724686e-01 8.435859348635622590e-01 8.589297142555601949e-01 8.473119565091750127e-01 8.496072328719401767e-01 8.787873779335708679e-01 8.846314893515054845e-01 8.851673799324838443e-01 8.664538785265212262e-01 8.581141118352899610e-01 8.593073052532573808e-01 8.737218374540756116e-01 8.663812673114010821e-01 8.647135640057216355e-01 8.655507750029146630e-01 8.612169322378065983e-01 8.682694189281074948e-01 8.761123954862639618e-01 8.663848872957906622e-01 8.804215448153304147e-01 8.833853798934891977e-01 8.584168640669942452e-01 8.606000324790173961e-01 8.769493632886885548e-01 8.562885276458983563e-01 8.774488337996895204e-01 8.848992157636091926e-01 8.828122854232199890e-01 8.839883228175621221e-01 8.890946293560613167e-01 8.824751327623958641e-01 8.817042005367791146e-01 8.825634173542532546e-01 8.823503783995305660e-01 8.832561019741000941e-01 8.828639183895575782e-01 8.732298551402360998e-01 8.668723014208594702e-01 8.700839321723881081e-01 8.724092754243896186e-01 8.692430224198572919e-01 8.895160156416387354e-01 8.776846717388786523e-01 8.636041490587247349e-01 8.629997959928322748e-01 8.665414123678120140e-01 8.551482458935889541e-01 8.650738550371627200e-01 8.623322983941075215e-01 8.679374962778658720e-01 8.664106196742605848e-01 8.656286251867301162e-01 8.640121656794494953e-01 8.652896240676587469e-01 8.465724642496493813e-01 8.629745437220702753e-01 8.669958214311337397e-01 8.717766973669156538e-01 8.668213299154226004e-01 8.775279539347551339e-01 8.797355125201720139e-01 8.618568359443187221e-01 8.718624185895078593e-01 8.698882618252399279e-01 8.674680348889459713e-01 8.640577642452693663e-01 8.676491550579167322e-01 8.651630068395111950e-01
-5.202670303264930046e-03 2.117868571825214652e-01 2.595618086554113413e-01 3.707232904204341151e-01 4.220453227872195123e-01 4.835530092148783154e-01 6.438971967718816192e-01 5.737903758442985946e-01 7.058953207099550875e-01 1.000000000000000000e+00 6.973126352663640004e-01 7.125489431755365199e-01 7.065533192942479168e-01 6.961193823903555344e-01 7.743260173481115727e-01 7.339387854042477288e-01 6.748581483502343881e-01 5.387068204743502564e-01 6.270297439067944456e-01 4.280058590696880216e-01 4.604559916153820320e-01 5.874751423387224447e-01 6.173479050385914935e-01 5.192195955661800255e-01 5.868595214473522059e-01 7.006400711754959820e-01 7.199379217818642207e-01 7.391642143237530105e-01 6.827999467397213307e-01 6.915247267727127056e-01 7.326102562670530061e-01 7.321116380195784590e-01 7.116223156898336955e-01 7.184543406686815237e-01 7.426872863486234655e-01 6.757286053604815157e-01 7.074486703929691034e-01 7.554360362350714952e-01 7.746136349052856751e-01 7.163492312896624359e-01 7.906520425127446794e-01 7.796587625928637078e-01 7.589033973136533051e-01 7.682880457629148729e-01 7.548007683066565443e-01 7.856258923058250243e-01 8.026204238583367623e-01 8.099270800760134392e-01 7.998328542062419499e-01 7.283909686991349997e-01 7.632956106137001040e-01 7.147242024320649145e-01 7.749635725940164921e-01 8.012916927846137627e-01 7.701742904973905013e-01 7.666510093536244019e-01 7.648577021965924372e-01 7.969192410601834142e-01 7.879682882787678588e-01 7.926939987228104334e-01 7.826945243295851951e-01 7.912613991098695898e-01 7.754152467146266936e-01 7.946497673866542710e-01 7.894187387694014957e-01 7.818729326160039905e-01 8.047734620016863127e-01 7.760280938510398796e-01 7.665302043818174038e-01 7.404105326842139734e-01 7.503143428631018352e-01 7.762728446106681446e-01 7.358671000668332018e-01 7.431650856488295487e-01 7.923424682166149147e-01 7.868221708402396430e-01 7.890887648693020173e-01 7.747302615758617783e-01 7.844427620693604775e-01 7.920474407383296667e-01 7.870444207318679775e-01 7.941117026715286409e-01 7.814085523689766610e-01 7.856335796511643155e-01 7.607448065584622166e-01 7.693113315139205044e-01 7.766825182920428228e-01 7.938063383978259946e-01 7.975252293510594059e-01 7.816995201524368220e-01 7.879737291750249506e-01 8.022702312300673544e-01 7.975562832251599232e-01 7.996026063559433794e-01 8.093318922995879072e-01 8.111926880757794889e-01 7.640827996257075760e-01 7.558755377752710558e-01 7.927087039665491330e-01 7.834932002860803824e-01 7.902976373467520688e-01 7.868177908695057621e-01 8.024576787023890434e-01 7.947816164354833957e-01 7.817812330088017569e-01 7.756717833764996683e-01 7.997300535264453281e-01 8.048049059190587329e-01 7.951509750671347243e-01 8.027586205477313941e-01 7.968773873755771175e-01 8.022291234682484840e-01 7.969263205115270088e-01 8.002968406398556223e-01 8.007003990167513852e-01 7.974377835709429707e-01
7.454792769772763950e-02 1.706710744734778462e-01 4.202486916149514307e-01 5.475138255934968168e-01 4.727342072874249346e-01 5.933971571636228459e-01 7.269577688918403835e-01 7.213859875593031656e-01 7.964865122123431229e-01 6.973126352663640004e-01 1.000000000000000000e+00 8.651168300177365378e-01 7.871008238938255186e-01 7.900969051885632366e-01 8.666779228627984333e-01 8.558101402214051134e-01 8.275145948656111861e-01 7.593568590029760035e-01 7.998618927176518456e-01 6.453264517172626613e-01 7.211143351086850561e-01 8.022810517238608830e-01 7.814633660212393362e-01 7.475371983648874119e-01 7.807976947203849605e-01 8.178319677225738271e-01 8.537197441734574177e-01 8.561314505077197712e-01 8.373797982227436654e-01 8.277114866831588591e-01 8.705640955898059641e-01 8.820679771328825414e-01 8.327388300855617098e-01 8.785512596985238787e-01 8.413703185569421095e-01 8.572449443888632281e-01 8.701281955900366238e-01 8.888093774626518728e-01 8.892419507971672799e-01 8.692404935817668044e-01 8.880321881040191823e-01 8.885180055614597672e-01 8.920707563475073210e-01 8.997646060316935035e-01 8.978905273260361364e-01 8.837227017269444485e-01 8.933961113946066179e-01 8.916250834600043529e-01 8.913244050004633934e-01 8.834706168252737246e-01 8.993646804583467214e-01 8.779158684735410834e-01 8.823679097047995024e-01 8.914660114946858505e-01 8.909898254546425589e-01 8.779374057427637990e-01 8.845881633906156338e-01 8.887065359641834750e-01 8.956265985032672017e-01 8.941599912079936097e-01 9.009683054283873505e-01 8.894019646052346850e-01 8.860414478372364844e-01 8.901098737418469131e-01 8.921001673326987014e-01 8.934871309267664596e-01 8.956564601758104649e-01 8.961857632889683734e-01 8.990604875954663067e-01 8.890346176680521406e-01 9.028118767915829235e-01 9.007390009417695076e-01 8.935830188267861462e-01 8.917893280997841732e-01 8.965381577387879775e-01 8.986509381253657835e-01 8.937721246746831438e-01 8.939511645619290237e-01 8.956724648179302806e-01 8.987546623619416808e-01 8.984345659226095071e-01 9.001422455931007427e-01 8.999634030587696509e-01 8.896347113979794496e-01 9.001422266617223888e-01 9.062562995969765112e-01 9.045935603152271964e-01 8.989130540899801236e-01 9.012590852460569124e-01 8.953497908256965454e-01 9.023662713760076670e-01 8.963079786734099441e-01 9.026705944793967928e-01 9.012549359436989871e-01 8.926341622685636246e-01 8.912035070307700035e-01 8.957648113753353680e-01 8.937045788618463993e-01 8.994168863936854441e-01 9.028595878923340035e-01 9.007990786107986647e-01 8.987019633753473569e-01 8.873067786826139836e-01 8.970410397147635662e-01 9.044254080008345964e-01 8.905025981389624867e-01 8.981549146819651774e-01 8.947745833302314100e-01 8.961484383434721313e-01 8.939178648612342570e-01 8.970229587627355228e-01 8.961591074245298660e-01 8.951604140380469143e-01 8.939102356244532643e-01 8.974695928724312211e-01 8.939730548869189164e-01
-1.050804903317964500e-02 1.038587099595170427e-01 3.839997073842669750e-01 6.318800466889843426e-01 4.868585535493178407e-01 6.005681895387513514e-01 7.780542286187047685e-01 7.539799530503457081e-01 7.786388118657545654e-01 7.125489431755365199e-01 8.651168300177365378e-01 1.000000000000000000e+00 8.112345883575519112e-01 8.101376645473380433e-01 9.040898021219953007e-01 8.865130359740907018e-01 8.028803637203788535e-01 7.072829501357965620e-01 7.390170993535557509e-01 6.995626449486064269e-01 7.556296788690116673e-01 7.652735444844641632e-01 7.202628278778260285e-01 6.958736605825668331e-01 7.218205774302246525e-01 7.655252639762586409e-01 8.373705727203842875e-01 8.310134856036759388e-01 7.865863616514521262e-01 7.838349135165955106e-01 8.323157738340256628e-01 8.663066521869384751e-01 8.112795152515147601e-01 8.757846912134409356e-01 8.180254230128491955e-01 8.626427936530690621e-01 8.434353771481670758e-01 8.883275196477631308e-01 8.911891408624629252e-01 8.692164625146613366e-01 8.967764113837645157e-01 8.992110160720134804e-01 9.073137002287160469e-01 9.100022406307933798e-01 8.970681600659987653e-01 8.857825130288294879e-01 9.159576884051687795e-01 9.027698539893889151e-01 9.131299396684303682e-01 9.018173417299448769e-01 9.173462878296976264e-01 8.941833651440360686e-01 9.057378247721514786e-01 8.892364218333645987e-01 8.718551411482602376e-01 8.500552195656487786e-01 8.907526390493903934e-01 9.016242273165810950e-01 9.095679144058019805e-01 9.123343636528432610e-01 9.176630805819698811e-01 9.055703163778160425e-01 8.932910445550379386e-01 9.097772615869641477e-01 9.031260628315704864e-01 9.050675257102358540e-01 9.062769097256604400e-01 8.813855184528416320e-01 8.924889440225005632e-01 9.142464530858127603e-01 9.084223339395668395e-01 8.921864958643253019e-01 8.872856744302847209e-01 8.781567182636339508e-01 8.937206507289631174e-01 8.977531477363631662e-01 8.937070050444954061e-01 8.864380000197745746e-01 8.959572901548161772e-01 8.969667062091154497e-01 8.927445750048693673e-01 9.001857202068458408e-01 9.050243983100054734e-01 8.866690855551181416e-01 9.055249812653753949e-01 9.157526579219887886e-01 9.095561732580383918e-01 9.116704713588110742e-01 9.121384525213297456e-01 8.927263581502956624e-01 9.087315440324089666e-01 9.126979029861508330e-01 9.184128123832058233e-01 9.126726230981518917e-01 9.118808723436796493e-01 9.065201925932159233e-01 9.163799160535796018e-01 9.166623872764051439e-01 9.225492681599122280e-01 9.261587177543967320e-01 9.220324830108436176e-01 9.205601189796173145e-01 9.145879007960433515e-01 9.177929015600653218e-01 9.215327267984280146e-01 9.074670001678464271e-01 9.167680319101370046e-01 9.012622758186104033e-01 8.988491507484250853e-01 9.158019375390916705e-01 9.128806031590506187e-01 9.157485502780353670e-01 9.121392826446812485e-01 9.148230328661922650e-01 9.110581634045561428e-01 9.130669462693661309e-01
1.793480136430778554e-02 1.370538335984448075e-01 3.080053835550983776e-01 4.641713295195816769e-01 4.875576826325876967e-01 5.417964918726363432e-01 6.984913252997483335e-01 6.698815161666731299e-01 7.438781616610175007e-01 7.065533192942479168e-01 7.871008238938255186e-01 8.112345883575519112e-01 1.000000000000000000e+00 7.537242696299715217e-01 8.429436244941195255e-01 8.234189943982994642e-01 7.599181878766724241e-01 6.599333419787234423e-01 7.130942438730172306e-01 5.832258479537486551e-01 6.123330456132378696e-01 7.006754232028427065e-01 7.045018352804540696e-01 6.476765500920267371e-01 6.872762051615325385e-01 7.522347968690666908e-01 7.945213749530506409e-01 8.013566143596346780e-01 7.581270846672805153e-01 7.512621916262961497e-01 7.936195323477025498e-01 8.158990105706297458e-01 7.839718106311547308e-01 8.158727699350356577e-01 8.057440302467859805e-01 7.759168444245161389e-01 7.928200571702745947e-01 8.352519021875783878e-01 8.430330973968535035e-01 8.011118342755674249e-01 8.525401743902355500e-01 8.471001813801709579e-01 8.381758025287072700e-01 8.409505896846679596e-01 8.327468409136254968e-01 8.416993194061243022e-01 8.652146594086352893e-01 8.603501848249689443e-01 8.610972389379680791e-01 8.212996148563874721e-01 8.468570474304437656e-01 8.145852278809972979e-01 8.447578236232787807e-01 8.542845710211217636e-01 8.347763846675912980e-01 8.225392894121468235e-01 8.353426545795917812e-01 8.571528588179604391e-01 8.563260967819773528e-01 8.609894825165979038e-01 8.593847795656097688e-01 8.537051661868618746e-01 8.417410057630650977e-01 8.561746670472172305e-01 8.572751034131720349e-01 8.542101281514736799e-01 8.647243430243897189e-01 8.451017161175464754e-01 8.458448128149169687e-01 8.380626187507248526e-01 8.391691785789201496e-01 8.481435575647388037e-01 8.356835284430792488e-01 8.307352369102554146e-01 8.544166586076156200e-01 8.491307849946221342e-01 8.507194885441947685e-01 8.463536470183519178e-01 8.460095323696401604e-01 8.519320221127772985e-01 8.487964639270749734e-01 8.549613550597175982e-01 8.526570189439165448e-01 8.475569048643147863e-01 8.439683796293969698e-01 8.555216378406095279e-01 8.526781079888205994e-01 8.596746556719692123e-01 8.605862898070224531e-01 8.496651647413637765e-01 8.564538981047307153e-01 8.651711882567573175e-01 8.652166125098761373e-01 8.645507662301237239e-01 8.665896743152058379e-01 8.649074437695919437e-01 8.454568297285383061e-01 8.451582825272213606e-01 8.625180860368372171e-01 8.617136546353900695e-01 8.601802171165161548e-01 8.596003127807040345e-01 8.624512109120520131e-01 8.637547246595081996e-01 8.602361030325306190e-01 8.506374839256722886e-01 8.652528189273748227e-01 8.619204249091253489e-01 8.570729868878119717e-01 8.660573567058481581e-01 8.618251561355836365e-01 8.673519552616689721e-01 8.625432854844630182e-01 8.631070613629059363e-01 8.639902049002357032e-01 8.649862533065795223e-01
