1.000000000000000000e+00 1.660259172678883732e-01 1.895304847761035694e-01 2.088117968453583329e-01 1.246068859563230352e-01 2.369451935412121221e-02 8.759083798480123140e-02 1.447105226982921267e-01 2.733473942150375646e-01 1.266060234315515842e-01 1.057286699846068240e-01 9.820260317672585559e-02 8.928962271112203530e-02 3.199159818218787199e-02 3.209608406664257729e-02 8.319085141965654184e-02 2.620220068064395003e-01 1.649763062032497396e-01 1.488918598722731301e-01 1.910819813577706028e-01 2.117531366719825059e-01 2.038640332035580593e-01 1.445547773545954040e-01 9.166123233767559109e-02 1.086973188204348739e-01 1.931182484571831726e-01 1.600427525054737843e-01 1.343881453101797574e-01 1.474731493036855745e-01 1.292216484800339238e-01 1.227237800463648471e-01 1.081242242043624208e-01 1.486614111803454541e-01 1.216429207856667277e-01 1.314790820011615957e-01 9.630491419674390430e-02 1.075856878748162881e-01 8.524356213456733833e-02 7.998260092033729340e-02 2.299404417662778699e-02 6.926301749774854688e-02 3.711910238414461299e-02 3.453556335582590175e-02 5.697640905002630124e-02 8.573271508108280814e-02 3.898798837952424656e-02 2.746247087628990446e-02 5.326461344497152722e-02 1.016047213519148951e-01 9.921899189012750586e-02 6.311898352908679177e-02 1.048019126426117803e-01 8.510804795803306178e-02 9.115986075843698910e-02 8.017225230398447589e-02 6.376702548094360934e-02 1.406399180967026208e-01 3.893826924857536620e-02 8.107893001989557868e-02 1.107280528565282585e-01 8.564893035801983412e-02 7.319374375760860640e-02 8.375349985444680012e-02 1.257465277200624787e-01 1.136308289463760779e-01 1.399348539883094877e-01 4.553371028125733494e-02 6.053433746895075379e-02 6.896135485864970938e-02 8.211851379695271624e-02 8.154541546382707007e-02 7.284523820684843387e-02 6.546340053312531271e-02 5.294395999391435931e-02 5.711881534992482162e-02 7.578657888967928191e-02 4.903478295671829384e-02 6.643982961939746967e-02 3.826607758429037554e-02 6.910585844981312342e-02 5.289617756115985725e-02 5.362266726527822186e-02 6.564487072744956686e-02 6.986544060975674597e-02 4.990166701047354242e-02 6.211373961640485886e-02 4.229220853009635350e-02 2.458652886029053311e-02 4.237747968477567628e-02 3.896961372408771357e-02 3.128423996269216051e-02 2.310045661353352792e-02 1.961065755377721515e-02 2.754603334179194993e-02 1.690073693855373774e-02 2.948715493595993609e-02 6.466083292127934590e-02 1.192973542663411657e-01 3.236555093240369579e-02 2.721647268812565912e-02 7.780824150698188724e-03 5.894255404565744427e-02 4.820552543432527620e-02 3.041777087190121812e-02 5.285845397453965006e-02 9.048216289460009332e-02 7.028681133255615388e-02 2.260311417658517064e-02 3.322815985299622243e-02 3.458223509903612936e-02 2.660694496117847405e-02 6.374248335065162141e-02 3.264261288675249228e-02 7.804310901121866428e-02 6.232869641975988945e-02 7.666920185233504215e-02
1.660259172678883732e-01 1.000000000000000000e+00 6.487892448647333832e-02 8.011015216636985237e-02 8.530139252703589081e-02 4.966905709674977742e-02 1.034339506904966149e-01 1.350839700118456055e-01 2.278417196876024731e-01 2.275504451446221654e-01 1.144031305686650929e-01 1.244099530155989702e-01 1.276272651600497687e-01 1.160425557242913130e-01 1.303896164310950623e-01 1.315401396374005771e-01 2.121196883733464933e-01 9.153448354097669382e-02 1.111279492215929143e-01 1.125632932091955446e-01 6.851591173816115599e-02 1.077200024543409212e-01 8.367769572242457488e-02 8.505062677616025135e-02 7.532495164413072208e-02 1.539294382634263936e-01 1.373374451358365667e-01 1.316023741883105003e-01 1.534959202215892271e-01 1.647063603925983111e-01 1.569807742166402231e-01 1.498011016104727200e-01 1.455048386173718733e-01 1.224039282091906877e-01 1.678343648093968687e-01 1.112391884335013625e-01 1.227596702399741252e-01 1.373426821291279798e-01 1.366571403593808964e-01 7.179982296040247902e-02 1.388354428625395431e-01 1.131322260100466326e-01 9.924751036534416870e-02 1.289110665514185683e-01 1.112336534991959364e-01 1.324056861812286379e-01 1.346490751124878593e-01 1.552848383581640901e-01 1.733623280395084898e-01 1.469500933786450358e-01 1.416231853427136755e-01 8.406144392471062710e-02 1.323529752030289108e-01 1.703436600885067098e-01 1.544335977067343157e-01 1.388272421000102952e-01 1.690363324484799035e-01 1.354483273728949722e-01 1.613126777390785083e-01 1.694041433794433171e-01 1.555379276772920760e-01 1.577283516938514096e-01 1.635572307706667505e-01 1.765367715327842701e-01 1.404834243235626723e-01 1.565520787924088719e-01 1.479557107828180229e-01 1.449338826173629524e-01 1.354203822317118222e-01 1.490196569983002761e-01 1.261248670595608856e-01 1.374659505715676577e-01 1.281153447423594438e-01 1.211477767987608756e-01 1.438100254696697833e-01 1.466895186991025446e-01 1.309924598446554622e-01 1.534376382261699312e-01 1.379270084498520621e-01 1.727026637175414214e-01 1.467610643028477435e-01 1.504275658117890657e-01 1.327473037489461660e-01 1.530044477302532901e-01 1.302937661615062859e-01 1.318799458673055591e-01 1.271331215931307823e-01 1.305030627973748081e-01 1.362454049377285203e-01 1.373559884341857551e-01 1.109500479434580300e-01 1.238887474464574479e-01 1.237335492182362745e-01 1.296989717275484899e-01 1.361299467041225120e-01 1.450989756417839782e-01 1.319233775732706615e-01 1.556740270788382619e-01 1.351820862967533787e-01 1.318409231611649135e-01 1.087885767349495297e-01 1.421980060165291548e-01 1.334994997528814176e-01 1.309583958068169240e-01 1.238261229448477663e-01 1.463323196409919147e-01 1.617124314302657573e-01 1.428438530774691628e-01 1.406261238014948622e-01 1.397095138968018069e-01 1.363130644932146751e-01 1.536751258386929164e-01 1.374792653002444298e-01 1.506333529982083752e-01 1.390579516946189587e-01 1.482484668083496326e-01
1.895304847761035694e-01 6.487892448647333832e-02 1.000000000000000000e+00 4.287868243408606284e-01 2.505115365323670740e-01 2.634764769517912164e-01 3.776028818914153318e-01 3.806608223835846738e-01 3.429043829261477216e-01 2.934372757273196464e-01 3.934280509474059606e-01 3.996941947047810695e-01 3.043836351765306647e-01 2.762520067146523317e-01 3.521755946497617251e-01 3.823312713733600932e-01 3.860302813574083003e-01 4.129274994395649157e-01 3.884213879024434046e-01 3.148725985121509918e-01 4.603987696795713291e-01 4.478670392800370714e-01 4.488622438560861405e-01 3.903358642433588654e-01 4.001811540957134206e-01 4.672490192661230002e-01 4.625297311674140821e-01 4.569847430400319488e-01 3.977581790364669301e-01 3.877655854667261814e-01 4.424208364648993252e-01 4.440487724797702040e-01 4.429520829515360414e-01 4.535999777960736945e-01 4.084263172405981357e-01 4.351891080173870829e-01 4.433908519131612436e-01 4.385297538239100734e-01 4.200912684462003166e-01 4.278055134977571949e-01 3.982583008767195398e-01 3.981645012697561103e-01 4.082592476112171798e-01 3.836412424931335829e-01 4.396997289979818757e-01 3.795724037999814171e-01 3.373302586221300081e-01 3.343383787411837171e-01 3.720207170109144923e-01 4.144444337622995578e-01 3.959263670208870711e-01 4.290718585920666461e-01 3.728128015808453433e-01 3.439910508295437874e-01 3.605684391285144397e-01 3.866320104137512259e-01 3.571874179755526457e-01 3.427951722845850591e-01 3.513440064356611048e-01 3.335454825673436763e-01 3.630502465725973238e-01 3.412615981348142147e-01 3.536135692214785187e-01 3.666656366651320775e-01 3.612504687809683923e-01 3.719572708534590877e-01 3.425904903526948431e-01 3.856230733148894307e-01 4.027218917875797222e-01 3.726942231010778039e-01 4.030688006763260001e-01 3.855995193995079839e-01 4.022101613332247361e-01 3.917491271339061387e-01 3.808921896736277013e-01 3.959223425510285943e-01 3.831631211717020924e-01 3.659703133302202871e-01 3.771948746803486796e-01 3.617012362005432302e-01 3.898079765894501003e-01 3.834752749382625558e-01 3.956169707629444421e-01 3.837774671921668768e-01 4.055284266386744441e-01 4.043582737142187300e-01 3.956745344597072944e-01 3.732316197529939039e-01 3.854964027128118254e-01 3.674215778479900107e-01 3.998336522919620495e-01 3.659459854467624895e-01 3.679289276172130752e-01 3.700404802569126628e-01 3.317853537231286731e-01 3.364161001097273895e-01 3.982020586954266861e-01 3.797612018417723112e-01 3.526242303437158720e-01 3.693230451194653985e-01 3.739405511056749787e-01 3.659234362643266070e-01 3.612942060660579990e-01 3.564194151627115281e-01 3.849051803260515325e-01 3.682956410289253135e-01 3.561667571362086560e-01 3.278919444597250821e-01 3.498078825120306545e-01 3.378549943154462998e-01 3.414759614665623388e-01 3.392414815406986084e-01 3.442394100316870653e-01 3.672970130922984522e-01 3.473724806620456240e-01 3.536652029627042615e-01
2.088117968453583329e-01 8.011015216636985237e-02 4.287868243408606284e-01 1.000000000000000000e+00 3.827543322496352318e-01 3.920960856221065161e-01 5.581100438604544856e-01 5.848329314957078084e-01 5.501459690966338245e-01 4.557444214579491337e-01 5.977909347983211275e-01 6.438577769554115759e-01 5.416161229534195432e-01 4.577574529397822056e-01 5.832965994007816013e-01 6.188334538155554343e-01 6.009778846778939254e-01 4.516079586848413263e-01 4.413639105337514579e-01 5.036814991021434373e-01 5.461736327307795680e-01 5.467089521588515133e-01 4.982424642271015558e-01 4.202781037209737947e-01 4.462889470542899528e-01 6.515479676070802251e-01 6.458479222782317342e-01 6.344112115314189948e-01 5.940134746239872365e-01 5.527364503416897223e-01 6.228819670768442895e-01 5.947762652654325910e-01 5.952506920373333843e-01 5.866470398538046194e-01 5.767129911806924136e-01 6.195254088275291560e-01 6.322042126739673140e-01 6.261708702664856574e-01 6.129297412125231936e-01 6.056463127288391757e-01 6.092209451079708682e-01 6.078964241625306464e-01 6.134300584639177378e-01 6.130325954186276460e-01 6.455488578176646897e-01 5.985825130126276594e-01 5.634853761918802162e-01 5.682271770103303199e-01 6.005785190083755554e-01 6.075476685718275149e-01 6.056505066021417027e-01 6.393694863608231360e-01 6.060584577796449546e-01 5.877186883102837323e-01 5.960301769079334733e-01 6.068402323772476015e-01 5.960998369876899794e-01 5.878156901381514921e-01 5.872455870330944849e-01 5.797132681960939227e-01 6.063966719249391790e-01 5.824527718228291739e-01 5.865565074756848851e-01 6.009637867730535099e-01 6.015122763385269966e-01 6.183390935708149572e-01 5.702057669339865020e-01 5.729678805093056937e-01 5.918477302737891188e-01 6.135187704860636249e-01 5.862394614121184677e-01 5.847475012528706717e-01 5.721290379850733077e-01 5.678182862585408053e-01 6.013768989069571136e-01 6.190240882107983511e-01 5.958439576878773458e-01 5.927314458301969902e-01 5.781220254007835013e-01 5.779870621486705717e-01 5.997103582255809417e-01 6.009204359378373939e-01 6.009655174537134048e-01 5.945078779926584733e-01 6.098374451589405609e-01 5.971956590574442059e-01 6.112745700299446749e-01 5.907080737792254066e-01 5.981211783285527162e-01 5.856875338311835488e-01 6.095107148017563370e-01 5.902010051574111404e-01 5.913377103786088274e-01 5.942861315949803380e-01 5.615577009979934031e-01 5.667585676604748324e-01 6.203748341252394161e-01 6.146311049981939556e-01 5.754637809153341221e-01 5.831474244763646952e-01 5.881056038914761475e-01 6.002990048015612867e-01 5.930365820535388188e-01 5.873163239605752040e-01 6.120177825981080177e-01 6.097186360696612573e-01 5.859535257692286558e-01 5.612447737332617592e-01 5.798599621646086666e-01 5.731669100688379093e-01 5.718846265588616307e-01 5.772526539440790971e-01 5.794925504489195633e-01 5.988046167298114453e-01 5.871671075995800182e-01 5.959930826182352481e-01
1.246068859563230352e-01 8.530139252703589081e-02 2.505115365323670740e-01 3.827543322496352318e-01 1.000000000000000000e+00 3.325905056404353521e-01 4.722929334952544189e-01 5.147281616019354633e-01 4.478973207583631932e-01 4.028783276153479198e-01 4.433782952496208019e-01 4.993853405525060518e-01 5.004951691979909745e-01 3.697742320716005393e-01 5.049846994297109148e-01 5.246919772194725828e-01 4.417919368515105805e-01 3.227427408165958189e-01 3.366160279699926261e-01 3.318792468877301838e-01 3.595588350657815679e-01 3.887296735432859696e-01 3.591450529004364123e-01 3.223531748506838768e-01 3.323120293172379669e-01 4.848322965506133841e-01 4.668085095849627275e-01 4.620257687329040741e-01 4.060426367959977245e-01 4.344436202915100131e-01 4.593914056113734823e-01 4.497075974966956990e-01 4.509398949562632986e-01 4.465127347046563000e-01 4.573135259600421554e-01 4.620443862604013963e-01 4.853504990461085522e-01 4.743997734797075760e-01 4.873310901616961788e-01 4.804711610248832421e-01 4.827701793981103995e-01 4.909078411219200966e-01 4.961319998042115764e-01 5.047748167140867492e-01 5.109170158690534702e-01 4.866805125537255750e-01 4.694371832830548374e-01 4.713115055959816724e-01 4.655339203576102092e-01 4.458891428456758788e-01 4.676510345942981872e-01 4.751899876730553696e-01 4.937037261814092859e-01 4.734685514707420162e-01 4.636040039545668012e-01 4.819786231610150851e-01 4.444265305496907237e-01 4.763903722491761861e-01 4.612430561463052858e-01 4.844162683860708807e-01 4.792108497160187386e-01 4.696786223439743946e-01 4.516761773122560664e-01 4.722694821196514181e-01 4.754028383608074892e-01 4.788611336159243059e-01 4.729378805304209066e-01 4.618180947549317961e-01 4.695531489448618867e-01 4.847335137549459994e-01 4.647500540644724509e-01 4.736483112093367587e-01 4.575496012109446231e-01 4.573500421606044863e-01 4.879156503800327060e-01 4.807132806500492572e-01 4.745103291441792326e-01 4.580602269422119344e-01 4.637494731629442368e-01 4.596140260583056469e-01 4.821324446271469388e-01 4.705923827684342364e-01 4.752303966534623392e-01 4.780349643760014589e-01 4.772155511611888556e-01 4.775891407178649017e-01 4.917571955572890285e-01 4.797084037034478055e-01 4.879716908194893787e-01 4.804659542160369945e-01 4.906011611113788029e-01 4.865332749213317487e-01 4.863837798276762214e-01 4.849593354629390674e-01 4.694767247905700658e-01 4.750902268291858910e-01 4.813555893953666565e-01 4.616831984209677775e-01 4.632600262980878791e-01 4.713471387191133788e-01 4.869011435261971221e-01 4.741768896391670984e-01 4.796408923644612798e-01 4.839688635942034356e-01 4.828422901108879728e-01 4.748875069348458267e-01 4.714938338234854753e-01 4.715464444882261907e-01 4.795829784538418461e-01 4.776902539040800422e-01 4.640339830606111660e-01 4.809815834903342635e-01 4.735795709243603158e-01 4.758985962739590292e-01 4.733699702933669151e-01 4.794445825572389297e-01
2.369451935412121221e-02 4.966905709674977742e-02 2.634764769517912164e-01 3.920960856221065161e-01 3.325905056404353521e-01 1.000000000000000000e+00 4.990564497819084400e-01 4.913076024857731539e-01 4.824499649891076380e-01 4.487890802759867404e-01 5.449365545206050765e-01 5.714834807992595911e-01 5.313650941653565996e-01 4.436521011519422020e-01 5.739031465495726403e-01 5.783451107574426597e-01 5.062221128265078640e-01 4.139244420910822009e-01 4.363806746211358334e-01 3.263359919502730744e-01 4.436888514530144545e-01 4.740066591202106161e-01 4.709693836153270308e-01 4.404314012115884136e-01 4.553542836701210406e-01 5.631254728723551484e-01 5.689886670357149345e-01 5.813726822231378710e-01 5.243521233185172159e-01 5.386525273460800456e-01 5.749048005836281394e-01 5.612762912143411942e-01 5.394397137554896027e-01 5.456234261250245687e-01 5.521398607505190181e-01 5.615896543885869896e-01 5.878051365618759405e-01 5.761374495267189699e-01 5.923906215231604655e-01 5.896313441419324120e-01 6.009355993234124504e-01 6.091402423379080888e-01 5.995239785306498703e-01 6.064895591737679004e-01 6.028063730492081440e-01 5.998340486533479954e-01 5.834229248638153065e-01 5.828764118639665481e-01 5.703725680248047381e-01 5.467134072758291774e-01 5.763120012770349687e-01 5.667176750873076374e-01 5.842640551965160300e-01 5.752002722208019447e-01 5.653939715044622449e-01 5.973276211058087259e-01 5.384901630090725977e-01 5.857541308610820785e-01 5.666271942578868792e-01 5.655421734920964560e-01 5.774000132908273519e-01 5.714764805118629498e-01 5.589640091541784317e-01 5.657105866190921262e-01 5.661168488857067915e-01 5.640327799984999890e-01 5.882046169079099274e-01 5.873940012776994735e-01 5.941353578510722988e-01 5.707947788642451226e-01 5.844447895047664154e-01 5.843468186076167248e-01 5.831038581551776234e-01 5.834092151899311629e-01 5.977937836721273213e-01 6.003438079609426659e-01 6.034662121287190928e-01 5.831419327318020374e-01 5.929066665299446148e-01 5.746681547971230763e-01 5.982224827934226052e-01 5.908766504045647183e-01 6.008096769831754447e-01 5.943780269660331461e-01 5.957371402802598137e-01 5.929951627332209485e-01 6.025800492623463178e-01 6.001958438190064804e-01 6.036475571201629364e-01 5.960234990784041287e-01 6.095513843505411256e-01 6.032243662008143215e-01 6.012720103306727903e-01 6.063714810164897440e-01 5.840367819390784865e-01 5.861565054950350628e-01 5.904196493673294910e-01 5.670970250371299981e-01 5.861835705748149605e-01 5.913417429793679236e-01 6.054306312501135379e-01 5.850967958829736970e-01 5.883766305148592224e-01 5.954754525721411840e-01 5.960381149491322805e-01 5.788300568507833699e-01 5.788273339501918135e-01 5.835718503098714649e-01 5.890145002474288516e-01 5.847339953906016685e-01 5.814203278215065440e-01 5.805353878570543857e-01 5.872109977987102214e-01 5.847956558357375600e-01 5.779617358729882692e-01 5.772689247517283073e-01
8.759083798480123140e-02 1.034339506904966149e-01 3.776028818914153318e-01 5.581100438604544856e-01 4.722929334952544189e-01 4.990564497819084400e-01 1.000000000000000000e+00 7.545203712341851388e-01 5.978079220131227167e-01 5.882105455239713399e-01 6.757477928890499586e-01 7.352532187150331300e-01 6.645485297660566060e-01 5.821210674503523030e-01 8.201549816121652681e-01 7.792829710052234793e-01 6.244282348025487206e-01 4.970536678394134045e-01 5.056023291599773817e-01 5.435715762656523342e-01 5.252871181629187314e-01 5.571439318872115631e-01 5.602792027980481038e-01 5.088414834257338759e-01 5.164909905029884118e-01 7.536969122904432217e-01 7.362615125417930617e-01 7.632613493131285010e-01 6.746433873089826561e-01 6.633330883276775669e-01 7.202795401046300228e-01 7.127630642376237002e-01 7.345205817693786221e-01 6.995136521376956740e-01 7.005027073016321104e-01 7.158281656005308635e-01 7.377682657490138851e-01 7.845117757998559815e-01 7.482718814864756096e-01 7.902860524513733997e-01 7.531430107637281379e-01 7.744940924131744620e-01 7.845610900102342189e-01 7.591532932517055521e-01 7.740863906340278433e-01 7.512700767808467850e-01 7.103561600053347469e-01 6.998991167153179038e-01 7.226687919893133305e-01 7.254540129946810412e-01 7.519062261196048924e-01 7.030071734204202949e-01 7.237484495389202577e-01 6.991238120673980427e-01 7.102293906528901468e-01 7.537536334098755564e-01 6.731560601459944948e-01 7.210694990363419876e-01 7.093344567382308119e-01 6.859667791489433286e-01 7.252807598793998833e-01 7.006205361897389627e-01 6.959791451804487883e-01 7.056598771371805912e-01 6.798838672669593741e-01 6.937900152549603128e-01 7.036484186500669979e-01 7.039529629725742588e-01 7.238566116656518501e-01 7.342100650412338725e-01 6.901555600053836947e-01 7.023522931687743442e-01 6.997996629540904623e-01 6.937957722889848133e-01 7.393273137744215129e-01 7.430201483784574235e-01 7.457316302085473803e-01 7.214270653867008720e-01 7.267544551171793987e-01 7.034713341046673341e-01 7.302871133126305203e-01 7.268083158871374572e-01 7.274305137363838991e-01 7.305918192858613658e-01 7.476114364380850308e-01 7.268069933277695460e-01 7.460513843731516603e-01 7.431520666493183214e-01 7.416122861283991341e-01 7.265077348377038113e-01 7.702424543015786718e-01 7.429951918961819057e-01 7.392278048472182839e-01 7.415804207109795154e-01 7.058080772986864426e-01 7.056894607084535087e-01 7.513712349622918563e-01 7.017733704637977299e-01 7.183821753929831022e-01 7.337210434891270339e-01 7.486638244628635031e-01 7.255346901908100721e-01 7.209687182966937335e-01 7.296137343337599779e-01 7.279497683541913400e-01 7.113801198910461032e-01 7.094592429755882668e-01 7.001357926133167098e-01 7.255277856053894414e-01 7.114268352380853644e-01 7.078225191682663286e-01 7.019639022087631464e-01 7.136481927095387201e-01 7.175023107386242494e-01 6.981712956615636623e-01 7.052060689136618876e-01
1.447105226982921267e-01 1.350839700118456055e-01 3.806608223835846738e-01 5.848329314957078084e-01 5.147281616019354633e-01 4.913076024857731539e-01 7.545203712341851388e-01 1.000000000000000000e+00 6.305779854255902928e-01 5.883353979428600500e-01 6.680836631173230344e-01 7.468245580845818132e-01 6.939595285661820379e-01 5.711779275627605346e-01 7.726434868580186466e-01 8.174600332720076690e-01 6.545222218792411395e-01 4.876184220731003549e-01 4.993686228502351998e-01 5.194755957804095825e-01 5.405968796672998566e-01 5.688966271091726590e-01 5.470831617897023991e-01 4.868244167778312259e-01 4.996483636115137128e-01 7.400685759299863165e-01 7.108677454339669133e-01 7.184697213847002217e-01 6.536169124546776787e-01 6.466428997579887206e-01 7.065538239778320628e-01 6.893167906605434103e-01 7.159418189319601833e-01 6.910991129100357844e-01 6.933749352137851263e-01 7.213415283129982480e-01 7.277910705758088294e-01 7.775321428463961571e-01 7.447816056216861602e-01 7.667537018736984011e-01 7.400329291942439047e-01 7.584717186702382152e-01 7.844891526460787690e-01 7.596138148732552997e-01 7.701570123906693599e-01 7.443043525617246692e-01 7.046633208455048702e-01 6.992564851725960873e-01 7.267177881932103123e-01 7.298690267706706702e-01 7.557130706435634115e-01 7.146119079249634298e-01 7.296565292628736099e-01 7.077840306459481923e-01 7.221855142261917049e-01 7.452501184495990971e-01 6.939421252340992607e-01 7.266410074990675705e-01 7.183663561717882340e-01 6.948020926436955236e-01 7.344866806935901327e-01 7.108020930630074563e-01 7.111176656535899143e-01 7.231755621104456466e-01 6.979118246795846803e-01 7.172303638706578610e-01 7.013580628504253456e-01 6.893890488398307648e-01 7.131957940422649633e-01 7.234982024019777080e-01 6.870176654529450699e-01 7.006169778980328999e-01 6.846828583723060246e-01 6.858125654634352752e-01 7.276967860210736827e-01 7.327353428790194245e-01 7.177119697247058561e-01 7.016496323678075298e-01 7.072853955835649575e-01 7.013357505123769542e-01 7.186681878834817461e-01 7.151236862529113392e-01 7.183313827879669322e-01 7.220925662650085064e-01 7.347805957019134526e-01 7.200070107434584088e-01 7.389714041276376211e-01 7.299017678668291431e-01 7.319960370930815863e-01 7.197165272463458274e-01 7.473147141555639417e-01 7.297992599319387264e-01 7.295044609828340576e-01 7.316952028929256668e-01 6.979124484085434954e-01 7.029319402392991689e-01 7.487811727004271001e-01 7.103886521730435888e-01 7.123866337006279359e-01 7.225886434065624808e-01 7.348820847872495898e-01 7.280797562870082729e-01 7.183621829062394326e-01 7.269900984454080728e-01 7.282778524450945756e-01 7.181359901826352976e-01 7.117276165922035158e-01 6.962911545858209150e-01 7.210275577989871953e-01 7.084878773083693737e-01 7.072740320056281060e-01 7.028220306630970082e-01 7.142773296498740043e-01 7.219434993464213246e-01 7.030858526140463249e-01 7.104352386768626459e-01
2.733473942150375646e-01 2.278417196876024731e-01 3.429043829261477216e-01 5.501459690966338245e-01 4.478973207583631932e-01 4.824499649891076380e-01 5.978079220131227167e-01 6.305779854255902928e-01 1.000000000000000000e+00 7.266921025707423487e-01 7.679203721819211070e-01 7.979040247518154327e-01 7.440677930975133636e-01 6.321799344391473285e-01 7.592867662792177619e-01 7.824141124998380548e-01 8.268723221556104619e-01 5.697688290463621685e-01 5.855374152647002672e-01 5.480090487138621347e-01 6.407597599508155772e-01 6.839084988284724886e-01 5.866351089427234156e-01 5.534210455297404740e-01 5.683318232237133394e-01 7.808564959134284278e-01 7.677749615852555998e-01 7.198247198512689460e-01 7.241902199963420328e-01 7.757703235820169185e-01 7.859710324119871805e-01 7.683165036838279782e-01 7.107579330949447272e-01 7.375277850635229004e-01 7.656376715408446110e-01 7.385109756461876174e-01 7.636627408516298843e-01 7.493535456411631879e-01 7.947414349288488555e-01 6.766372943371822268e-01 8.121951321858443817e-01 7.721569049684383623e-01 7.380666044196211306e-01 8.141959314925656388e-01 7.832805082986783463e-01 7.935655709237755540e-01 8.208998661530355623e-01 8.447459794216750639e-01 8.505998063553186217e-01 7.832305529822335410e-01 7.973831419820595068e-01 7.744068604889027263e-01 8.308431231248252224e-01 8.530947790258057717e-01 8.242055824638953032e-01 8.075836075046326501e-01 8.364826238124016822e-01 8.220496352427567599e-01 8.369061831028337117e-01 8.706201371530607469e-01 8.440382176837299966e-01 8.413549818642678257e-01 8.266993806385987131e-01 8.589124751343089059e-01 8.583148991935913852e-01 8.644433482097954036e-01 8.371393722258633208e-01 8.173201941787235913e-01 8.171204655810421214e-01 8.237251416320224839e-01 8.122245841799732302e-01 8.259449757078589638e-01 7.885909286810188767e-01 7.916436547874636798e-01 8.300196845280152225e-01 8.305925575703539954e-01 8.077050061179945617e-01 8.132723437294820945e-01 8.087792868664150925e-01 8.432399598197727331e-01 8.264227144224610688e-01 8.269465042859577286e-01 8.253633287567727628e-01 8.295684450854484693e-01 8.042950479428430111e-01 8.082721157461992822e-01 8.140429336320239573e-01 8.093589639961624727e-01 8.176551210490068389e-01 8.199667782266341076e-01 7.840696056335632047e-01 8.123757165531481084e-01 8.081396433814127533e-01 8.164362610439018786e-01 8.233712322431031572e-01 8.331190791907761017e-01 8.071780986381941192e-01 8.484441434378091618e-01 8.160382177511523727e-01 8.098795090979652445e-01 7.868483803645427432e-01 8.309058972043755764e-01 8.329045672174023585e-01 8.243538657167904793e-01 8.239024213520427242e-01 8.410739387647815368e-01 8.468645694487889619e-01 8.293553512216287338e-01 8.244620507063200598e-01 8.322557714090395020e-01 8.219138426369732020e-01 8.508892047225864452e-01 8.230634104939535955e-01 8.470055298772084518e-01 8.450692443714035162e-01 8.510936934860078296e-01
1.266060234315515842e-01 2.275504451446221654e-01 2.934372757273196464e-01 4.557444214579491337e-01 4.028783276153479198e-01 4.487890802759867404e-01 5.882105455239713399e-01 5.883353979428600500e-01 7.266921025707423487e-01 1.000000000000000000e+00 6.990179872946942208e-01 7.277719102397540718e-01 6.705237134404185007e-01 5.936965317640520157e-01 7.395922213390314637e-01 7.397183705732581771e-01 6.991124255171508040e-01 4.838042589826137552e-01 5.176511286712384141e-01 4.666142856793337734e-01 5.148224385145527826e-01 5.808529190637214956e-01 5.272009887788030591e-01 5.021264253862707250e-01 5.179372925111436210e-01 7.075908803123930335e-01 7.024970391777697332e-01 6.880497488280933327e-01 6.835525603297701869e-01 7.154475746069809405e-01 7.317202039999639585e-01 7.112059358492206496e-01 6.759007731954679299e-01 6.725938221030983710e-01 7.146193436926253639e-01 6.730248910838612098e-01 7.070235065730509083e-01 7.171151278922208716e-01 7.423789205767761246e-01 6.669651542930975507e-01 7.675180327422945759e-01 7.399430922653386089e-01 7.063064327113762753e-01 7.634892032396471961e-01 7.272673559963407364e-01 7.548578958047051923e-01 7.771614525067643831e-01 7.930479661109072209e-01 7.846299049008533810e-01 7.216026037898157774e-01 7.532907834735536046e-01 6.853271880245355163e-01 7.602689952341399326e-01 7.881522994007411631e-01 7.709121268395660032e-01 7.672804903727263870e-01 7.558888694569367850e-01 7.728380667084693290e-01 7.805539894326746220e-01 7.864966465889876579e-01 7.764940180257974278e-01 7.785752549035491743e-01 7.673418569048062743e-01 7.799257488876178979e-01 7.629700531986362000e-01 7.708787285249049104e-01 7.823189764519347111e-01 7.593512475105533843e-01 7.617497559164282395e-01 7.617462825770314749e-01 7.414043001154515533e-01 7.629366978421058265e-01 7.308373421038483198e-01 7.375419983337879737e-01 7.769043766016612285e-01 7.744629558292568383e-01 7.710414729366298348e-01 7.741438471148498479e-01 7.691601392716568286e-01 7.859849123848008379e-01 7.699108308926448929e-01 7.788418129312242311e-01 7.689211697752698083e-01 7.821454366953212167e-01 7.546630845348708538e-01 7.549426023651905071e-01 7.619946861158479745e-01 7.697151353573310484e-01 7.693038492071330170e-01 7.743768730032406511e-01 7.499489154480526443e-01 7.683174554970138015e-01 7.645931770505154379e-01 7.721156127367216904e-01 7.788375641183377107e-01 7.847413609583452354e-01 7.546618300170230276e-01 7.641724728125232069e-01 7.698683125181539078e-01 7.646370578647107008e-01 7.508496256139228775e-01 7.749966605095615080e-01 7.731189327342782303e-01 7.728996357785395954e-01 7.616039201645905532e-01 7.724554765847512217e-01 7.870049145160135096e-01 7.823601337568723002e-01 7.804918412576106190e-01 7.793007600510816202e-01 7.768068510665995241e-01 7.856926663192349558e-01 7.761519120395160565e-01 7.823015850421175532e-01 7.748689858801870445e-01 7.796358847186649621e-01
1.057286699846068240e-01 1.144031305686650929e-01 3.934280509474059606e-01 5.977909347983211275e-01 4.433782952496208019e-01 5.449365545206050765e-01 6.757477928890499586e-01 6.680836631173230344e-01 7.679203721819211070e-01 6.990179872946942208e-01 1.000000000000000000e+00 8.616039238217577667e-01 7.709353032971479891e-01 6.741563712600914249e-01 8.231423040120362522e-01 8.340249085022026776e-01 7.665214539587094089e-01 6.024295651845352761e-01 6.196206327669414593e-01 5.488681760616218597e-01 6.740644873125440917e-01 7.092065759934378377e-01 6.540543062662529383e-01 6.104104365730741444e-01 6.309715079879893995e-01 8.198153839732055248e-01 8.312806833074307677e-01 8.113301606912121100e-01 7.721806422430733674e-01 8.142977019629085156e-01 8.604145906943996280e-01 8.253982691833872121e-01 7.676012571836063891e-01 7.960928011045577124e-01 8.041236451944679953e-01 8.107999923536920450e-01 8.471156882121153586e-01 8.366402303819505670e-01 8.601766263138016511e-01 8.050190580674140284e-01 8.717864024313937144e-01 8.625389230657833917e-01 8.407615820055731604e-01 8.791316185872684041e-01 8.662883788388971995e-01 8.680003593429841402e-01 8.726583516460690859e-01 8.738668848173892778e-01 8.755429711865184705e-01 8.365338126049539635e-01 8.600014075741542197e-01 8.343021557636898233e-01 8.688209630484348134e-01 8.689466447124658544e-01 8.611437184348211815e-01 8.736325467891560281e-01 8.430830341459828459e-01 8.733452231821130507e-01 8.698609658558942304e-01 8.708937676425735352e-01 8.783311949594234669e-01 8.698136578353617976e-01 8.586545478821755450e-01 8.702376751306356573e-01 8.675632142482579967e-01 8.743326130522243167e-01 8.766915966825787887e-01 8.692228066201184156e-01 8.740607006867604500e-01 8.669729985493230817e-01 8.671956480987788041e-01 8.746721463310581646e-01 8.504500464134059357e-01 8.567799019846182862e-01 8.859861384478304736e-01 8.892049445779491856e-01 8.815606733820601226e-01 8.698570781751957526e-01 8.791376663463819074e-01 8.813434678626096419e-01 8.894414714542127065e-01 8.890379261028668045e-01 8.847489947780494690e-01 8.782151197146487176e-01 8.755050522164641302e-01 8.727917930550009862e-01 8.861778875844298353e-01 8.788254763428016147e-01 8.817832748536693632e-01 8.798610985019470476e-01 8.756470645085033810e-01 8.819964379546675337e-01 8.807603164141371010e-01 8.860779506976778075e-01 8.745191334488016111e-01 8.784157299082671067e-01 8.710316516720780777e-01 8.705430331689993917e-01 8.728314002021196893e-01 8.719519114853330199e-01 8.689091778960574830e-01 8.771279385262119588e-01 8.814937385843886197e-01 8.793780783847041649e-01 8.825049311029130594e-01 8.733893170994626587e-01 8.793834806886876576e-01 8.739659411596311100e-01 8.789562963844470556e-01 8.764283654721046757e-01 8.735075620804075847e-01 8.768307039729312802e-01 8.734834117270733334e-01 8.805345966684979819e-01 8.790673488225468901e-01 8.798553184325873522e-01
9.820260317672585559e-02 1.244099530155989702e-01 3.996941947047810695e-01 6.438577769554115759e-01 4.993853405525060518e-01 5.714834807992595911e-01 7.352532187150331300e-01 7.468245580845818132e-01 7.979040247518154327e-01 7.277719102397540718e-01 8.616039238217577667e-01 1.000000000000000000e+00 8.166977994519505346e-01 7.084126809171522599e-01 8.796200449295522583e-01 9.004052747373877397e-01 8.125722088267204324e-01 6.059600529005357838e-01 6.177594475875752833e-01 6.097736262673233432e-01 6.882759427495483973e-01 7.157351336857060708e-01 6.532412645858286515e-01 6.101560670573369372e-01 6.289486149236924728e-01 8.608586846826160599e-01 8.598023366798264178e-01 8.450065307982894680e-01 8.010516218764307528e-01 8.316611877988744350e-01 8.825460944927571161e-01 8.582897418931294542e-01 8.114435578693796058e-01 8.344944552535744631e-01 8.487924148206063002e-01 8.608395515729366787e-01 8.817507032583121740e-01 8.915584849110333998e-01 9.026772872160604422e-01 8.576896663427361345e-01 9.169202404668370665e-01 9.111099596575663595e-01 9.011607824247306331e-01 9.312753786049009497e-01 9.132267376358088606e-01 9.146296980457099268e-01 9.156599836253981328e-01 9.180728291484530068e-01 9.205485109893303264e-01 8.841336079020868377e-01 9.156580520084611763e-01 8.818461781355282358e-01 9.185103621029123699e-01 9.135282261695784056e-01 9.099659409555335143e-01 9.203192966564456290e-01 8.889453852499938913e-01 9.198689468161261873e-01 9.169217630719860290e-01 9.132785909643893474e-01 9.261203836235014641e-01 9.181260160956400407e-01 9.067311951249930058e-01 9.170655354582326613e-01 9.120197603704215394e-01 9.196383924817226330e-01 9.164305568049553319e-01 8.966698167922032559e-01 9.067622704957983837e-01 9.158567320564816594e-01 8.947483439711720887e-01 9.045965507289718266e-01 8.809691212374752833e-01 8.833672822154430282e-01 9.273445416569344735e-01 9.276680133342837253e-01 9.178320892038566159e-01 9.047395770544949256e-01 9.076325191714192941e-01 9.110892155500206480e-01 9.218325929850612610e-01 9.201945056272691215e-01 9.215829405093260984e-01 9.162011188450984722e-01 9.141985408143514791e-01 9.095729539155357202e-01 9.278236580132359634e-01 9.209256625507888927e-01 9.208701521014557301e-01 9.199765321386794703e-01 9.187876180293275130e-01 9.248787580160114929e-01 9.222357734763613202e-01 9.261349542865234818e-01 9.140184873457327663e-01 9.185811922400023422e-01 9.148451564033881489e-01 9.072954549649898670e-01 9.126893133081519505e-01 9.162459561811788777e-01 9.141874515897261411e-01 9.209332747968423938e-01 9.214100125064824676e-01 9.256945123627039473e-01 9.240761456516847216e-01 9.150222757638269977e-01 9.181612388577574668e-01 9.154154263891062238e-01 9.218905801919979881e-01 9.198242782868387701e-01 9.169375414501800270e-01 9.177680438796366191e-01 9.170957086588262808e-01 9.223749980701017037e-01 9.202386906599903105e-01 9.209252765471275248e-01
8.928962271112203530e-02 1.276272651600497687e-01 3.043836351765306647e-01 5.416161229534195432e-01 5.004951691979909745e-01 5.313650941653565996e-01 6.645485297660566060e-01 6.939595285661820379e-01 7.440677930975133636e-01 6.705237134404185007e-01 7.709353032971479891e-01 8.166977994519505346e-01 1.000000000000000000e+00 6.528788413065043095e-01 8.175003938657635638e-01 8.301066312229331556e-01 7.421470048409397613e-01 5.085838975655117000e-01 5.309881433556180585e-01 5.417279228457941853e-01 5.834921582529780659e-01 6.153933731031400178e-01 5.525641511691543606e-01 5.232568089739415562e-01 5.380450820287031588e-01 7.691420941671077705e-01 7.537035741012521051e-01 7.320553972643705221e-01 6.894607254365603399e-01 7.475164756532234334e-01 7.880583384768374833e-01 7.579874727067429374e-01 7.090458749707548858e-01 7.285826452178897350e-01 7.513097135474957611e-01 7.553856531756083514e-01 7.784337829272452991e-01 7.770155556213272918e-01 8.084886619544671138e-01 7.542641108893792801e-01 8.292882925916880144e-01 8.184469598263677259e-01 8.068872843682762808e-01 8.442540767718288430e-01 8.233611705730538022e-01 8.211907178360492443e-01 8.432831283282959944e-01 8.450854863228949299e-01 8.388656238535227017e-01 7.785181925397722802e-01 8.165647941814884181e-01 7.775186126882415172e-01 8.391446557718911237e-01 8.369668635894467190e-01 8.161490139427239887e-01 8.234418024657935709e-01 8.053515041456805745e-01 8.400032002165628287e-01 8.272075407608354691e-01 8.516797770489281660e-01 8.423250751712930695e-01 8.382246062687389587e-01 8.160028749153434013e-01 8.377364813036142221e-01 8.302945627375869497e-01 8.342652017360534522e-01 8.440656538900862538e-01 8.126620868726690539e-01 8.177771435384797449e-01 8.393022409280220808e-01 8.056659403417617549e-01 8.210815171037809668e-01 7.881018096743549473e-01 7.965530730042192920e-01 8.469979802347789022e-01 8.385544828184805510e-01 8.284510167167591366e-01 8.164928445036708782e-01 8.214941995442349709e-01 8.355494509317035190e-01 8.397263898776496927e-01 8.407233201705642811e-01 8.328716222199238350e-01 8.320824596941599482e-01 8.215920755140765364e-01 8.188755303195668356e-01 8.444016763606582154e-01 8.344134444621655877e-01 8.381157089918569447e-01 8.390194297053408246e-01 8.292001899958276745e-01 8.442254826114892197e-01 8.464936703076721969e-01 8.440713837418977183e-01 8.454009190140763241e-01 8.468986081825149448e-01 8.283579709365106458e-01 8.214957237871655105e-01 8.341225282222958226e-01 8.313125281193844973e-01 8.369126561166990719e-01 8.393186608938147941e-01 8.472876454948751190e-01 8.489505454088359659e-01 8.388629396132177840e-01 8.363234672368690115e-01 8.431495255376811881e-01 8.457255050905141402e-01 8.456752280255984688e-01 8.477379376688670698e-01 8.380636055155087361e-01 8.522679505308820014e-01 8.430048535358203310e-01 8.443327434711599411e-01 8.446063512740115131e-01 8.471828949835503719e-01
