1.000000000000000000e+00 9.087956293179130784e-02 4.323802154125561820e-02 3.643834437462529358e-02 4.835246899567063189e-02 2.629882866825329277e-02 3.998666702030623937e-02 3.086061615124853150e-03 5.991096136192129024e-02 3.860583580113731428e-02 1.668247765023423215e-02 3.412991919080150122e-02 3.229299604186786771e-02 7.716990821542279479e-03 1.573585922650849733e-02 -5.086366511703201664e-03 5.386854855789673796e-02 3.382804918934650962e-02 5.230456146187637684e-02 2.463856071492129957e-02 1.168139682614129267e-02 4.939771941000145605e-02 3.189180130773826977e-02 3.578865759946575631e-02 4.825361056713123320e-02 3.687120118479641356e-02 3.351061750126613920e-02 3.364609585787371737e-02 6.260650910456828921e-02 4.083581065166357049e-02 2.644274495429395702e-02 1.178498609984266442e-02 6.866849936926381487e-03 1.198249260155305300e-02 1.182755134176264634e-02 1.024187837499798172e-02 5.696163245237362283e-03 -5.141793675306432707e-03 1.034895072406111921e-02 -1.396483644808964135e-02 3.293166077383803073e-04 1.445389435864894356e-03 9.909305717810557718e-04 7.460719508519188768e-03 7.551368773165697407e-03 4.923335685093916531e-03 4.620451717489831682e-03 1.036021799632704486e-02 1.266662923729728815e-02 7.538351611466329386e-04 -2.806339804199009611e-03 2.377650419858824346e-02 2.994545207125268865e-02 2.293215137022767275e-02 1.554279028640559793e-02 1.682197913563644037e-02 3.513939739928458733e-02 5.381511412529487413e-03 4.995183517222432680e-03 1.573231044859052866e-02 1.425512672741486436e-02 1.374884656181412854e-02 1.346373744031466660e-02 2.077166954634704354e-02 1.679854131556096988e-02 3.486418326575013021e-02 9.054774782223920862e-03 1.014216557658298261e-02 9.565691362553105023e-03 1.223871596348188352e-02 1.990587310500731982e-02 1.690313076927798044e-02 1.317448578964880955e-02 1.597066224979464683e-02 1.732466743127499681e-02 9.999160055993638538e-03 1.766758941764852778e-02 2.099090279155115674e-02 1.249186821921722049e-02 1.401036432325695330e-02 4.921830388713993587e-03 8.693511489569975825e-03 4.436737168449084168e-03 2.596929863414132716e-03 -4.913027454381583940e-03 1.622890719742217311e-03 3.949940833568760766e-03 -2.631988747732041251e-03 8.112261694285594679e-04 7.621844559379589538e-03 -4.393334441534387652e-03 3.434106368050332970e-03 3.642829457159050405e-03 1.381402549989921985e-03 6.617922543958121642e-04 4.503102452286119294e-03 -3.080608018370511038e-04 1.972617699045328341e-02 9.275160940889537464e-03 -1.603614862965279265e-03 9.961851676462936747e-04 4.040280971479731122e-03 8.836490789711550289e-03 3.688697760570991066e-03 1.128423124400719860e-02 1.958539854063615429e-02 7.705881450046636605e-03 8.134307529882615559e-03 6.667540947345017982e-03 5.961561169782457828e-03 -3.316436747695067615e-03 8.357997439708652124e-03 5.014575295364395550e-03 8.167557489133345575e-03 1.704643486167753061e-02 1.869924832781514126e-02
9.087956293179130784e-02 1.000000000000000000e+00 3.147424207923172484e-02 1.303538487753513886e-01 7.180086880270465655e-02 7.435274115331057254e-02 1.357055352281044958e-01 1.033427866750201429e-01 1.410647207121222824e-01 1.776714543612753772e-01 1.318806656745620809e-01 1.471657900254126350e-01 1.265525176451123279e-01 1.318020786735913663e-01 1.552118032972532036e-01 1.391942176575705070e-01 1.634782238508323271e-01 1.263253285696775696e-01 1.458623264703481082e-01 1.423139974134794983e-01 1.207640504319573704e-01 1.361717045504937385e-01 1.586773333355828153e-01 1.294240897795189138e-01 1.513397650776854841e-01 1.640107404332429020e-01 1.502229916946472288e-01 1.603375281248029804e-01 1.687416938733005412e-01 1.565241812864744952e-01 1.510652351336108368e-01 1.587023290525679531e-01 1.456865520234497113e-01 1.316895776305986310e-01 1.498819943763508855e-01 1.371875592470070682e-01 1.568479340957713852e-01 1.443688294717515030e-01 1.408254116192846073e-01 1.442857533673781445e-01 1.418869790757707194e-01 1.474080305090080534e-01 1.502772170159556997e-01 1.455767339741375066e-01 1.405446441876454511e-01 1.507171226155952781e-01 1.417195838171129707e-01 1.486870479627600827e-01 1.481625467410775110e-01 1.318654286874303416e-01 1.425579481871205867e-01 1.409214691222576143e-01 1.516114209664074786e-01 1.584770115136855673e-01 1.531158320819110408e-01 1.506089409376648314e-01 1.589078778107383960e-01 1.491644356463853460e-01 1.536797848033256420e-01 1.443399186206959506e-01 1.502313674905766949e-01 1.539160445126377674e-01 1.483910774820665079e-01 1.447126302654845043e-01 1.454399418014212519e-01 1.504024596429152927e-01 1.458243227230806016e-01 1.470619592707549106e-01 1.513135483327081587e-01 1.459884181118991098e-01 1.462662359985348048e-01 1.458141959215109862e-01 1.384892546888962517e-01 1.450501298287906471e-01 1.518155531413017678e-01 1.497083816261493283e-01 1.506128438337021314e-01 1.517196830671809493e-01 1.486216236787802625e-01 1.459982745728518883e-01 1.462034944206621889e-01 1.469957723964780971e-01 1.427711993002817314e-01 1.434475079369127437e-01 1.392270338187188983e-01 1.438961216029212287e-01 1.453291077227056860e-01 1.394607035217398927e-01 1.429512593235432727e-01 1.474999305922625736e-01 1.439266869426060469e-01 1.443954780661441673e-01 1.441854192049979999e-01 1.419923450596678460e-01 1.400071295308097097e-01 1.444374722182414361e-01 1.399471824834527534e-01 1.409674226934220231e-01 1.434847336488050129e-01 1.389380051117020953e-01 1.439928230097165252e-01 1.449488800799617338e-01 1.380964445890368597e-01 1.429754366670225596e-01 1.441832908455904227e-01 1.476520074393512516e-01 1.404603364168304502e-01 1.453301378913438580e-01 1.485488777692175744e-01 1.437825395510672899e-01 1.414906027363058150e-01 1.416056964097261728e-01 1.444260614011263211e-01 1.425619773640618426e-01 1.442240508431281709e-01 1.463580303618209066e-01
4.323802154125561820e-02 3.147424207923172484e-02 1.000000000000000000e+00 2.748058201854627347e-01 1.375742044915443940e-01 2.040279512653536409e-01 2.638096007684465061e-01 2.547106562681585862e-01 2.329282576813349048e-01 2.320481427957857556e-01 2.598655648354409320e-01 2.924715587780732928e-01 2.523335262924519817e-01 2.230432228591334443e-01 2.718192712753694784e-01 2.845644824019222807e-01 2.473875941683779112e-01 2.489733861739951981e-01 2.697239528037159162e-01 2.297287702641542806e-01 2.588469531072664087e-01 2.870589320064782513e-01 2.711527299654299950e-01 2.561308488603345479e-01 2.717931285457945711e-01 2.856138364330361723e-01 2.755342215706211295e-01 2.732922704421107407e-01 2.736838848203250740e-01 3.000484982659408217e-01 2.946755666079217129e-01 2.946052253148305766e-01 2.992959350011480946e-01 3.047303909027340718e-01 3.108056676194763113e-01 2.914726263240157711e-01 2.954321665805405561e-01 2.877327565858531222e-01 2.960918732453693414e-01 2.822301063075296490e-01 2.914984787228829810e-01 2.896290574316272015e-01 2.896259743363668315e-01 2.827187184498070605e-01 2.881614175568670833e-01 2.883450132837074853e-01 2.870509417974025368e-01 2.861831047288868612e-01 2.836746269662194231e-01 2.850878628050435570e-01 2.859553936595561341e-01 2.975555026703758377e-01 2.768319451185393687e-01 2.861119508409689094e-01 2.816037424436506065e-01 2.892019108522925208e-01 2.840230281906896415e-01 2.868985217878261551e-01 2.774875876000250652e-01 2.864736749411037064e-01 2.887165127432832490e-01 2.808888806324095766e-01 2.859623022448987695e-01 2.837676491962456971e-01 2.972239247994675759e-01 2.932633188468772856e-01 2.926579194147383989e-01 2.878163735452816674e-01 2.904061856954746612e-01 2.937613184390150955e-01 2.851624166586610998e-01 2.956505279219198701e-01 2.919997460204414863e-01 2.944637041294580482e-01 2.894817628878611493e-01 2.926991020315521941e-01 2.922258729613055328e-01 2.920346338793617380e-01 2.951290162072991996e-01 2.914823980728254993e-01 2.951845984344332874e-01 2.979387611024656435e-01 2.913793783895580192e-01 2.901824849811046603e-01 2.947503595476582694e-01 2.962116309098472566e-01 2.933470743908505041e-01 2.903284927638845603e-01 2.930952926510786427e-01 2.909264331864058195e-01 2.896919905769906878e-01 2.900018094151354253e-01 2.909899135937916714e-01 2.927855635754268993e-01 2.861883088399040376e-01 2.889291689134714791e-01 2.825197249603055849e-01 2.866875567661829605e-01 2.878040095807963827e-01 2.863003694396883958e-01 2.902939826288870040e-01 2.849749645177658830e-01 2.834280424619939343e-01 2.854652594983409508e-01 2.936458967713256318e-01 2.807156026721527309e-01 2.854255781043035234e-01 2.891612602290705714e-01 2.898337510606196488e-01 2.863264087690690629e-01 2.874011201462807752e-01 2.876292705468824762e-01 2.858114304468154510e-01 2.869773476404047230e-01 2.913047489767096598e-01 2.902193094945627605e-01
3.643834437462529358e-02 1.303538487753513886e-01 2.748058201854627347e-01 1.000000000000000000e+00 2.764725551690815353e-01 3.113954235507486179e-01 4.951351198301860435e-01 4.769445174803796927e-01 4.856543864934043664e-01 4.669699501246881712e-01 4.678797056794742892e-01 5.350505693447674682e-01 4.859891023137245525e-01 4.492598133328086774e-01 5.501787517969606300e-01 5.073272755146971402e-01 5.143165975765086051e-01 4.777864198219370917e-01 5.143163569328557116e-01 4.923349774743138174e-01 4.876758668880120107e-01 5.276099941331670040e-01 5.251437348039741382e-01 4.994867156030318167e-01 5.192879733068752612e-01 5.715367377618527645e-01 5.526915919950876610e-01 5.565830764939997399e-01 5.289675973794822905e-01 5.496009503162636589e-01 5.462058678771241071e-01 5.524474377905099765e-01 5.274536484160656791e-01 5.395875720283896948e-01 5.333423283430868134e-01 5.222783096278343917e-01 5.425350107015605161e-01 5.297223312087422364e-01 5.392396526051290717e-01 5.441380672401334717e-01 5.374850537459503474e-01 5.384762415621336951e-01 5.466882432438808781e-01 5.514783357732484514e-01 5.465667590629200712e-01 5.330527054579998758e-01 5.305313452923826611e-01 5.292432165332885408e-01 5.382394027256048874e-01 5.306390286651340160e-01 5.360903758634597560e-01 5.568010046283717873e-01 5.454258465587852323e-01 5.355514646057222272e-01 5.313144177534201429e-01 5.416890632604054456e-01 5.408179016950352969e-01 5.343962460127408276e-01 5.328537330110866277e-01 5.291889683295120106e-01 5.458355548618251118e-01 5.292522434795536856e-01 5.354649259176103016e-01 5.316232558638088745e-01 5.270095862889691007e-01 5.424458672656561342e-01 5.335858140844004227e-01 5.398066086451687173e-01 5.442361097658909852e-01 5.454751172875864640e-01 5.423767988215461022e-01 5.365675940364520446e-01 5.389222658470012028e-01 5.432806827069219802e-01 5.495257998634479613e-01 5.416734777899359088e-01 5.539886347545287526e-01 5.425678185039332080e-01 5.431629261366540673e-01 5.389176314114808575e-01 5.387305380320428494e-01 5.490883317430141908e-01 5.340646214218591759e-01 5.294961640487813037e-01 5.363865177097869585e-01 5.389639505717280787e-01 5.411555588258134541e-01 5.353645515523024478e-01 5.360916347377789881e-01 5.360223077426886640e-01 5.472278663158119949e-01 5.406963105149459325e-01 5.465541142392007501e-01 5.419593015618767717e-01 5.312269033046221889e-01 5.297183758857765268e-01 5.431975361710688066e-01 5.433227116779689725e-01 5.375314588801455296e-01 5.398878899829282485e-01 5.473112442122225474e-01 5.374147437434809715e-01 5.374169724893242961e-01 5.408243610694216663e-01 5.490526655570410197e-01 5.349441415189291060e-01 5.326719630343155210e-01 5.346618221079909583e-01 5.393697974631602721e-01 5.335919969418108089e-01 5.343277560109168656e-01 5.276879409436826540e-01 5.311805968597069771e-01 5.342027720980371264e-01 5.367599515061008963e-01 5.394987625807936560e-01
4.835246899567063189e-02 7.180086880270465655e-02 1.375742044915443940e-01 2.764725551690815353e-01 1.000000000000000000e+00 2.231773072724715090e-01 3.894619698945875896e-01 3.654238244205292307e-01 3.762686987034551955e-01 3.762349256013879928e-01 3.833463113647573306e-01 3.986635355845886131e-01 3.999080795436487090e-01 3.522636644862454092e-01 4.499840486105937676e-01 4.130199203070295533e-01 3.982375806959140840e-01 3.997919851983409156e-01 4.138979824203076197e-01 4.142338234097179273e-01 3.965428223064101365e-01 4.180414643611445324e-01 4.475377046247552282e-01 4.194255260636773341e-01 4.260550937059998100e-01 4.589617833016180759e-01 4.413856122248688285e-01 4.505746536959213677e-01 4.377214778059869138e-01 4.514438734103127793e-01 4.464697829619086455e-01 4.466555987308054587e-01 4.183159932685976967e-01 4.319020161241056144e-01 4.302898897318210847e-01 4.120582306396473049e-01 4.349640776324709690e-01 4.248274046193137865e-01 4.288504191870579629e-01 4.243350021306490638e-01 4.397544083220187305e-01 4.380043456196590079e-01 4.392640978594420376e-01 4.389111564354855055e-01 4.343188295137798693e-01 4.349960508838435214e-01 4.280768180523052968e-01 4.350034616390909825e-01 4.395574031820375649e-01 4.131379476584917110e-01 4.250088443352770251e-01 4.306504478676119740e-01 4.306492023725427276e-01 4.354805252656917536e-01 4.386423108074148369e-01 4.413064186543658729e-01 4.347360985850064474e-01 4.431482104177766335e-01 4.316897675182835847e-01 4.373264508081371460e-01 4.436521281029487951e-01 4.349852784950242746e-01 4.364452934519003069e-01 4.307724828348185597e-01 4.253264070533588348e-01 4.348029299287984872e-01 4.335343267936515033e-01 4.392595730180355318e-01 4.420926127252394200e-01 4.451369251570691521e-01 4.428925172016806022e-01 4.355995992562423091e-01 4.431499399313919008e-01 4.418677743878805519e-01 4.458929765871295636e-01 4.324888711437118727e-01 4.398647477980104914e-01 4.415509528225894376e-01 4.373210493273093635e-01 4.380597158443757522e-01 4.370928186328809084e-01 4.385204634094989617e-01 4.299025745598278325e-01 4.292178301570735988e-01 4.316513210400172440e-01 4.373390054705250107e-01 4.287134341724695430e-01 4.297587518787110428e-01 4.320594908111981547e-01 4.348786297782022969e-01 4.295534410622699473e-01 4.377080456977368028e-01 4.395238453209206475e-01 4.374661266218403677e-01 4.310742085207119323e-01 4.307559793902147605e-01 4.354565170748517233e-01 4.378221661857052971e-01 4.351888371480067130e-01 4.326005503665982244e-01 4.395545297429480636e-01 4.344589502882804655e-01 4.383989494817811527e-01 4.353659489511949032e-01 4.401993660123514340e-01 4.339057073502429196e-01 4.327767914489338286e-01 4.346758338436075286e-01 4.350930594429278098e-01 4.331863423334692542e-01 4.321117653746610054e-01 4.290112123787609422e-01 4.323169261167669752e-01 4.315277252555537735e-01 4.353494636520990335e-01 4.359023617205535772e-01
2.629882866825329277e-02 7.435274115331057254e-02 2.040279512653536409e-01 3.113954235507486179e-01 2.231773072724715090e-01 1.000000000000000000e+00 4.351773319558907560e-01 4.168864176405637778e-01 4.497745485435206692e-01 4.141473073197312615e-01 4.490010747533018098e-01 4.928492092403037872e-01 4.458579591840435286e-01 4.474780798910543145e-01 4.847688909479507813e-01 4.976100451570215077e-01 4.599496406366864187e-01 4.226877839868888320e-01 4.694717667031473862e-01 3.966006566292772928e-01 4.548325268994522497e-01 4.907465860980254058e-01 4.668375064018542298e-01 4.301656037723607939e-01 4.775615293914007853e-01 4.910554071689616773e-01 4.878068997301641674e-01 5.031315791876834753e-01 4.722753765502670231e-01 5.132374849850872556e-01 5.200785978996055325e-01 4.984964993902157859e-01 4.994509256888404747e-01 4.870231829418072422e-01 5.056611177066128171e-01 4.955742671273781208e-01 5.178731966018278454e-01 5.064189471614979343e-01 5.184656270001875011e-01 5.050733379500244036e-01 5.186154942120163591e-01 5.200182814371270279e-01 5.188360368816772317e-01 5.190523160869521258e-01 5.198489022630576883e-01 5.176837266096345758e-01 5.251176363527991775e-01 5.183443061576469280e-01 5.158945857114635158e-01 5.002390832222757266e-01 5.063501007118899055e-01 4.973379694107090132e-01 5.139339284105801653e-01 5.184141108939781528e-01 5.136013447423376510e-01 5.189694591270914703e-01 5.079509606157852630e-01 5.184061498212798602e-01 5.124467919047669406e-01 5.209873319235664990e-01 5.196917237619996799e-01 5.192034871545431196e-01 5.138464230138682920e-01 5.190147700202620840e-01 5.175178508763874641e-01 5.216147957719891037e-01 5.216621760616737546e-01 5.199297630055701447e-01 5.175825740120798546e-01 5.159038363293878549e-01 5.191226719939620038e-01 5.267627442391067394e-01 5.133312125252615932e-01 5.224415170767897632e-01 5.241771267092109055e-01 5.241653751595111155e-01 5.264299712515766450e-01 5.223321578623932870e-01 5.212230523064059762e-01 5.227415488950577505e-01 5.294900055845588316e-01 5.265046662506586150e-01 5.198694653121815890e-01 5.241960392093101273e-01 5.198121448155825775e-01 5.193039920328529346e-01 5.243647709020312631e-01 5.234714361723594722e-01 5.279623777561128772e-01 5.239723418717480152e-01 5.258500103126014791e-01 5.264801646496413134e-01 5.252712965996784167e-01 5.259665614964903479e-01 5.234131560474376554e-01 5.262567330795999698e-01 5.192592375725821885e-01 5.152204228820624898e-01 5.225126813601502773e-01 5.226565173657914398e-01 5.250091937442542545e-01 5.221345371734853469e-01 5.263189704804757119e-01 5.252086451407171896e-01 5.238471136674566209e-01 5.190134986454921773e-01 5.223471864383490981e-01 5.236076500232156317e-01 5.251490312340461042e-01 5.229956870131468039e-01 5.245493859141938664e-01 5.253267559005102560e-01 5.222173064923307795e-01 5.237643693723932348e-01 5.181631411265233966e-01 5.242381295759259707e-01
3.998666702030623937e-02 1.357055352281044958e-01 2.638096007684465061e-01 4.951351198301860435e-01 3.894619698945875896e-01 4.351773319558907560e-01 1.000000000000000000e+00 6.254814962368232534e-01 6.795171950572999053e-01 6.521550934535439437e-01 6.662506926420179720e-01 7.327644632973698835e-01 6.673611039280765711e-01 6.564921670592903657e-01 7.854539015065621355e-01 7.377029777007546585e-01 7.037984793826297381e-01 6.739278942715006826e-01 7.240750501390600391e-01 6.456639215214499128e-01 7.129233605657688821e-01 7.373772810282421819e-01 7.452382986067436210e-01 6.952412019134780463e-01 7.289122320343078831e-01 7.847187680484620786e-01 7.574483404212590809e-01 7.855311335789768590e-01 7.507652308097226834e-01 7.734749305962687060e-01 7.828104859010178718e-01 7.752856401895250604e-01 7.538661946276180581e-01 7.476894607692333716e-01 7.566200776291782670e-01 7.396883203271570340e-01 7.684432833460876910e-01 7.718211266937985426e-01 7.767082634311742728e-01 7.765190144263131033e-01 7.733460499637473395e-01 7.737492209466435567e-01 7.809942258084116018e-01 7.828531841641397371e-01 7.781281963633035481e-01 7.798260576287454615e-01 7.720179951522589956e-01 7.722735731824358352e-01 7.721897020912702470e-01 7.506392752152227787e-01 7.681302964689965540e-01 7.542154872462351056e-01 7.692494917398552401e-01 7.729205125052622805e-01 7.782174792884367642e-01 7.850701214202566725e-01 7.669625502069302714e-01 7.753568649187960737e-01 7.716022357786345154e-01 7.703400094413752619e-01 7.786014908573142268e-01 7.710314718094369857e-01 7.721474961248808722e-01 7.641709072217763854e-01 7.563356948685009407e-01 7.661794063687721312e-01 7.704121242863227748e-01 7.763923629235240931e-01 7.768075491389150322e-01 7.754697926940060659e-01 7.813361883900218352e-01 7.761590181448778658e-01 7.671696466482939014e-01 7.774693665583521929e-01 7.847773884618520768e-01 7.751796900729678308e-01 7.874785618386601627e-01 7.792886057705167291e-01 7.809434069771281628e-01 7.737341175420439088e-01 7.791332258381686859e-01 7.779646814743487182e-01 7.721962006978462245e-01 7.730588455896768574e-01 7.726196825222779729e-01 7.746058117147359701e-01 7.766371273065606484e-01 7.771744040742494253e-01 7.787468700118770348e-01 7.731327676926018633e-01 7.834825776002554143e-01 7.788620708017166550e-01 7.810205461714949671e-01 7.797278301373535836e-01 7.703212564175654364e-01 7.719705933721459079e-01 7.714397739440000956e-01 7.665822556394258358e-01 7.726796519946403929e-01 7.726346615785862904e-01 7.819754517515776771e-01 7.724370853049897789e-01 7.734843643256194001e-01 7.765988961454202144e-01 7.795030563844514981e-01 7.657207893837196799e-01 7.716337104195134522e-01 7.740816773219305613e-01 7.776352313709326003e-01 7.727619616112728629e-01 7.737134806095923301e-01 7.672634445945195614e-01 7.702417295592851598e-01 7.687327372370198475e-01 7.725070792471042669e-01 7.687654085609902932e-01
3.086061615124853150e-03 1.033427866750201429e-01 2.547106562681585862e-01 4.769445174803796927e-01 3.654238244205292307e-01 4.168864176405637778e-01 6.254814962368232534e-01 1.000000000000000000e+00 6.509814912076551385e-01 6.137162398469094837e-01 6.477686524999253237e-01 7.138124682653816944e-01 6.492281120520349003e-01 6.188396477384503491e-01 7.315140376795310484e-01 7.337381760737453629e-01 6.679645566710774585e-01 6.291335532207805725e-01 6.809566094113920220e-01 6.251454116892442014e-01 6.708174007133448358e-01 6.991629789944705520e-01 6.849653831502547918e-01 6.344415227501638554e-01 6.740527493828341044e-01 7.348537823131384705e-01 7.137393472968607266e-01 7.277137903344461645e-01 6.904008236025712675e-01 7.324462476474505879e-01 7.482953644831141782e-01 7.394412904541052267e-01 7.064305747309155281e-01 7.080144853348557810e-01 7.122280277085212274e-01 7.065134595783533200e-01 7.364840470905481551e-01 7.456597362930635908e-01 7.486241557816464276e-01 7.325430730274716806e-01 7.417567659245518641e-01 7.495091513236654679e-01 7.457309293593039623e-01 7.505252842587732953e-01 7.391968316896733171e-01 7.417448746289689865e-01 7.500843649535581248e-01 7.480388100617395564e-01 7.536815419596257781e-01 7.496996135541775796e-01 7.577097090249250710e-01 7.222175828141217391e-01 7.460341528708779313e-01 7.456716967834537968e-01 7.447899117411082015e-01 7.525727793205760907e-01 7.403585759783611886e-01 7.502568892955830959e-01 7.527244052707730004e-01 7.443914027302446224e-01 7.591714095265875706e-01 7.479588026841159643e-01 7.450615317529031278e-01 7.480496403496934565e-01 7.357883081484715149e-01 7.416659918360715142e-01 7.510902868862601167e-01 7.474129585105706575e-01 7.492933672965487180e-01 7.534176673394689105e-01 7.494322749410625706e-01 7.495751207678902350e-01 7.385519847813428740e-01 7.464832203330044047e-01 7.577746002906079470e-01 7.521649296749272073e-01 7.575980006354485763e-01 7.462977693125374401e-01 7.516556499983865214e-01 7.544914509885864984e-01 7.530796647659729892e-01 7.540653364090285082e-01 7.483260187810681918e-01 7.458276316720571231e-01 7.521814550003427247e-01 7.471318762611672826e-01 7.492213553447611973e-01 7.558867546148611005e-01 7.535497896113083627e-01 7.491529152906322153e-01 7.498020252524244533e-01 7.571797591819876549e-01 7.561636622287412068e-01 7.548201016610883718e-01 7.541719698644026026e-01 7.507311527324184164e-01 7.647390964098875754e-01 7.587673985799006093e-01 7.590682806405082417e-01 7.647669598996517104e-01 7.617205023581126166e-01 7.589820114875253099e-01 7.551026219591220334e-01 7.597259314087994042e-01 7.582671584843238000e-01 7.472959202266770129e-01 7.576296029282422184e-01 7.508819349749760175e-01 7.547427898311244165e-01 7.548310095138336395e-01 7.561800706030559205e-01 7.485635872085334430e-01 7.530979226725302844e-01 7.555635529094866243e-01 7.478711298982452238e-01 7.465416337310439854e-01
5.991096136192129024e-02 1.410647207121222824e-01 2.329282576813349048e-01 4.856543864934043664e-01 3.762686987034551955e-01 4.497745485435206692e-01 6.795171950572999053e-01 6.509814912076551385e-01 1.000000000000000000e+00 7.129552480842231699e-01 7.393739533747092363e-01 7.853851550549384442e-01 7.211931166620201283e-01 7.084801601300778628e-01 8.085900137853234693e-01 7.905115065431823629e-01 8.006504889635830402e-01 7.176799177319206358e-01 7.734792824967500202e-01 6.802084763706623960e-01 7.515991771318398795e-01 7.939567931865709749e-01 7.909357129666341191e-01 7.287993414522699887e-01 7.792307515427148168e-01 8.215134639512512438e-01 8.086390149543137840e-01 8.142439360433340045e-01 7.997580357285207775e-01 8.394349577632301829e-01 8.527634488397934920e-01 8.348920311476184519e-01 7.871019479144253372e-01 8.026342555669812029e-01 7.895174948352734479e-01 7.903601134058111377e-01 8.246587327618971619e-01 8.275548605863648488e-01 8.348802870644568275e-01 7.946162807129759642e-01 8.462400880924727531e-01 8.391484467297497529e-01 8.319025651583505931e-01 8.469450928628994291e-01 8.385667822874568467e-01 8.434955409231230661e-01 8.502206882279530475e-01 8.557080764316112864e-01 8.497154950620224856e-01 8.079942552812594547e-01 8.391508227204598214e-01 8.099661117080737549e-01 8.380268921181313058e-01 8.534833216799374567e-01 8.446745479836247350e-01 8.500273470638225470e-01 8.445085724359020496e-01 8.468349096432147283e-01 8.409014965794611163e-01 8.578463161480177623e-01 8.522365877119474353e-01 8.517735177076336539e-01 8.434438809159903183e-01 8.501598841825437347e-01 8.495071481159480742e-01 8.559782178636818895e-01 8.550017206054381091e-01 8.503288992970313709e-01 8.522661694918408637e-01 8.432705910315166919e-01 8.508872697543582442e-01 8.529327461676180500e-01 8.385818236091607814e-01 8.455106254669670918e-01 8.547811962080000825e-01 8.525403153368997788e-01 8.550300017965862809e-01 8.531016298931050068e-01 8.518530503423625833e-01 8.550164839347001999e-01 8.500938401699277280e-01 8.566657614732532400e-01 8.477494831410635756e-01 8.453235169149324602e-01 8.382576490358083499e-01 8.456200137344922485e-01 8.454376477171772208e-01 8.476265481339764207e-01 8.495410958639482146e-01 8.523418214202027610e-01 8.381754781273638155e-01 8.526333104483687642e-01 8.495611720961249169e-01 8.533030651517089504e-01 8.523952405332655413e-01 8.537163867478533286e-01 8.364223046549476015e-01 8.467843892344822931e-01 8.495451246225597108e-01 8.463717450785250840e-01 8.494323159084193886e-01 8.496784532114673993e-01 8.500922679696452100e-01 8.537187457683445002e-01 8.523650465916556840e-01 8.473683697892502309e-01 8.522916469712198406e-01 8.555414900186152360e-01 8.547346805300516381e-01 8.521159505049128446e-01 8.471543871313449436e-01 8.540562927598204235e-01 8.521788904664521214e-01 8.517744074605935189e-01 8.554836321510626007e-01 8.546752421119745424e-01
3.860583580113731428e-02 1.776714543612753772e-01 2.320481427957857556e-01 4.669699501246881712e-01 3.762349256013879928e-01 4.141473073197312615e-01 6.521550934535439437e-01 6.137162398469094837e-01 7.129552480842231699e-01 1.000000000000000000e+00 6.693678486823899654e-01 7.313877589564045101e-01 6.644991902492205504e-01 6.487745263009069285e-01 7.645390053611739178e-01 7.380565762650466155e-01 7.211947004610630430e-01 6.734068139794179286e-01 7.366198628832242301e-01 6.702605917022191884e-01 7.097509655479798951e-01 7.424745662372616017e-01 7.474335432320181605e-01 6.978053965789116075e-01 7.322446247566557487e-01 7.819515418818197006e-01 7.713395776439336826e-01 7.724850154438817063e-01 7.587468500272200878e-01 7.898108304401347812e-01 7.893041453714986222e-01 7.847278435099064309e-01 7.528895327416220695e-01 7.559885549970627450e-01 7.614879100670602918e-01 7.502397377096068354e-01 7.726937339985590070e-01 7.810709432118112527e-01 7.834460345619913557e-01 7.645517700193042998e-01 7.811131815191041383e-01 7.779278103304992920e-01 7.849342271475256982e-01 7.909065890233291096e-01 7.795496760410162151e-01 7.784621230357737787e-01 7.786650987011584091e-01 7.891869214937418109e-01 7.924009444635465860e-01 7.676265396228465487e-01 7.834012874984949137e-01 7.619909048010886643e-01 7.778235879150194876e-01 7.962878358675852253e-01 7.894670615710135397e-01 7.940970536735122431e-01 7.920845329001797719e-01 7.881985398712801905e-01 7.944657891008729544e-01 7.860474164565889321e-01 7.963243763282449317e-01 7.932870974688250865e-01 7.952232507299195063e-01 7.870634682050537956e-01 7.720217468489333212e-01 7.919486711643439758e-01 7.851223121281777351e-01 7.874101868886403954e-01 7.889764680075277425e-01 7.893865015892113091e-01 7.927232221573046189e-01 7.913155392421170609e-01 7.786564258168093833e-01 7.842160281709394942e-01 7.937769275218945486e-01 7.893903553137809892e-01 7.927942986654544777e-01 7.905997961768017612e-01 7.873549795067351642e-01 7.918055344072938428e-01 7.836142290594187987e-01 7.892446746271758462e-01 7.845708915536073746e-01 7.850702583698127013e-01 7.838208016884080642e-01 7.848836647182466653e-01 7.849019630171295558e-01 7.837601379816386826e-01 7.847788718883508263e-01 7.896149302181844076e-01 7.818436907801818991e-01 7.859662978635058028e-01 7.908753856058395870e-01 7.867635425430058449e-01 7.828668895438974928e-01 7.854276387910743562e-01 7.818057522853193442e-01 7.848798967995759268e-01 7.876374195667471545e-01 7.834319639311876360e-01 7.908737038818460796e-01 7.886172480361360870e-01 7.835742909809770840e-01 7.858413377752173634e-01 7.914265244067535399e-01 7.850794874768608489e-01 7.846007234056033841e-01 7.876326966820094144e-01 7.902939842875719156e-01 7.871660653212275705e-01 7.866383652659598713e-01 7.828017017587917126e-01 7.861937763657946832e-01 7.854851368245731047e-01 7.852665397636922062e-01 7.870560950280917067e-01
1.668247765023423215e-02 1.318806656745620809e-01 2.598655648354409320e-01 4.678797056794742892e-01 3.833463113647573306e-01 4.490010747533018098e-01 6.662506926420179720e-01 6.477686524999253237e-01 7.393739533747092363e-01 6.693678486823899654e-01 1.000000000000000000e+00 7.913718316641358275e-01 7.048405726531216109e-01 6.862569879878155366e-01 8.054794104409116473e-01 7.846579340775805544e-01 7.464772849787393305e-01 7.080378563897695710e-01 7.658390103807222182e-01 6.656202526999276392e-01 7.436049258958205010e-01 7.745047173893433445e-01 7.827566989913791184e-01 7.381497909736040031e-01 7.695496990354182554e-01 8.092957699503309232e-01 7.960046995730309938e-01 8.039941430635405561e-01 7.710852698881883738e-01 8.167387146603070081e-01 8.397444322675851058e-01 8.235073316914766073e-01 7.930597981186435774e-01 7.984040008995805238e-01 7.848043271305881197e-01 7.774793340434691391e-01 8.164364815896750782e-01 8.158733355798801767e-01 8.182889137652176181e-01 8.076649090871143022e-01 8.235548297682775409e-01 8.238311368342303709e-01 8.224470669537417011e-01 8.271583076852120353e-01 8.227103369305066582e-01 8.268843659813880365e-01 8.275442802593208080e-01 8.348331246374709469e-01 8.286596383368252106e-01 8.013291343602276795e-01 8.184584204397261642e-01 7.952281690086722143e-01 8.198290155359205800e-01 8.321757614979028439e-01 8.328005604042011401e-01 8.348006957937186279e-01 8.220309088273326514e-01 8.318587078759137610e-01 8.287052596310463537e-01 8.281951690662445742e-01 8.306746585746017653e-01 8.317444973642703632e-01 8.304750493118997490e-01 8.222184109073586988e-01 8.133148679174290185e-01 8.259926906173535865e-01 8.332497303766331909e-01 8.367828565176519406e-01 8.378445976639932180e-01 8.313747034766189037e-01 8.358063333634191405e-01 8.354275381093289043e-01 8.293511958725368061e-01 8.343285798354240779e-01 8.399709360329823404e-01 8.350675133594529509e-01 8.351171964344120680e-01 8.304698143019543233e-01 8.348383183985705891e-01 8.359387421275491503e-01 8.349187897413751225e-01 8.351942570376488240e-01 8.308728153698433649e-01 8.327011457526555249e-01 8.308459221091811786e-01 8.354100565969643233e-01 8.324285733731331405e-01 8.359228363976055620e-01 8.332453830714418030e-01 8.373089723229417691e-01 8.353993207818051214e-01 8.354760256615790803e-01 8.375652416257376442e-01 8.377046402922024848e-01 8.351670726764358621e-01 8.352492398356162751e-01 8.331176178153860690e-01 8.293890501209252308e-01 8.352644719927526662e-01 8.351408677796883229e-01 8.386381659586329418e-01 8.369638048572435318e-01 8.343114072251758273e-01 8.388779911331336603e-01 8.383332028351799803e-01 8.323336750765337744e-01 8.337688299294045979e-01 8.355828229102386651e-01 8.390870603272641004e-01 8.345689128045661320e-01 8.355184079620747717e-01 8.329912778923648231e-01 8.354493662595692260e-01 8.337543700171150540e-01 8.292371437867215311e-01 8.342276276937491408e-01
3.412991919080150122e-02 1.471657900254126350e-01 2.924715587780732928e-01 5.350505693447674682e-01 3.986635355845886131e-01 4.928492092403037872e-01 7.327644632973698835e-01 7.138124682653816944e-01 7.853851550549384442e-01 7.313877589564045101e-01 7.913718316641358275e-01 1.000000000000000000e+00 7.679387143988753994e-01 7.423462025437218559e-01 8.721059502694645804e-01 8.553292169080027874e-01 8.151401268314972803e-01 7.408088564581224444e-01 8.173532395257085970e-01 7.177234183543274026e-01 7.924783143796314544e-01 8.333357351868633245e-01 8.310125927750015018e-01 7.661280770248894978e-01 8.111966508671872855e-01 8.790495916629571527e-01 8.623301638376474898e-01 8.683792127527364402e-01 8.306348746094425195e-01 8.807296373761132058e-01 9.075972777185183915e-01 8.890274707075821459e-01 8.542313490051891556e-01 8.597823651014113722e-01 8.574949669201539226e-01 8.584739833721537483e-01 8.856774990794555880e-01 8.901004720275639270e-01 8.975083975156888938e-01 8.751378741927622329e-01 8.928730137096536623e-01 8.973570511891718615e-01 8.948639870624598425e-01 9.031166270130051021e-01 8.948682062953452476e-01 8.958664539494295420e-01 9.003621869171862802e-01 9.053100141711479809e-01 9.000790741171709186e-01 8.771028448586444259e-01 8.954150474853664887e-01 8.645468766434794006e-01 8.872013760020861506e-01 9.036656082051371941e-01 8.996068526458503856e-01 9.039158140516307949e-01 8.928751803862849945e-01 9.039068718193390417e-01 8.973850323047206645e-01 9.008667887089981674e-01 9.022019147211185475e-01 9.030976822686539451e-01 9.001183745231643440e-01 8.977549853187613005e-01 8.913016248092660021e-01 8.993476441507542996e-01 9.058097836355769594e-01 9.021010935644607764e-01 9.036246562921719239e-01 8.950106578731593654e-01 9.021101591731202074e-01 9.035604705957995808e-01 8.889775930103854806e-01 8.966037366361137018e-01 9.099724215246999259e-01 9.046635845402259957e-01 9.042615626588730304e-01 8.992256166865005840e-01 9.024785782002849865e-01 9.044933086167384895e-01 9.048591097069575984e-01 9.074472754486251347e-01 9.025199168648457837e-01 9.021427799457925056e-01 9.022641957108523680e-01 9.013608739162748407e-01 9.050384587205088094e-01 9.063297400919360092e-01 9.065374728252528769e-01 9.054735757408883812e-01 9.028022239983112263e-01 9.079044192311631623e-01 9.083463975431624871e-01 9.070803903561834858e-01 9.057241342216533209e-01 9.060079696435753283e-01 8.999429771758098440e-01 9.007651941496328529e-01 9.040282789049891576e-01 9.059445216958087466e-01 9.089333412711284588e-01 9.064452541639990146e-01 9.028895634634029888e-01 9.087414898846775113e-01 9.096080627012287367e-01 9.004628325790653420e-01 9.058128281437131113e-01 9.056096434092980596e-01 9.075534552715663894e-01 9.069955104319625816e-01 9.053918331937563790e-01 9.039690239705426844e-01 9.060387116438497479e-01 9.055093658243625887e-01 9.032577037268438858e-01 9.050456462805442914e-01
3.229299604186786771e-02 1.265525176451123279e-01 2.523335262924519817e-01 4.859891023137245525e-01 3.999080795436487090e-01 4.458579591840435286e-01 6.673611039280765711e-01 6.492281120520349003e-01 7.211931166620201283e-01 6.644991902492205504e-01 7.048405726531216109e-01 7.679387143988753994e-01 1.000000000000000000e+00 6.879732846150781178e-01 7.999435743869232063e-01 7.978591887398667204e-01 7.514676314710739824e-01 6.546552960613550853e-01 7.229121065678022484e-01 6.405229659847492263e-01 7.197401210787778281e-01 7.532424887670629010e-01 7.445365057764763428e-01 6.706760842454934091e-01 7.261140862266152185e-01 7.863866273209976221e-01 7.771093531589540193e-01 7.780074662061676749e-01 7.567228986006111491e-01 8.028904954884011902e-01 8.171274021475770644e-01 8.001874396214130325e-01 7.637689903620541454e-01 7.702892195994555102e-01 7.703972584792663225e-01 7.796799228949808924e-01 8.077113416057200013e-01 8.069705621906009263e-01 8.220176166826844710e-01 7.782650416095449053e-01 8.132740830260866138e-01 8.165906039716606113e-01 8.108411784836822012e-01 8.220634563424937813e-01 8.167834523525060453e-01 8.202809141821716388e-01 8.280424536107424682e-01 8.300786343534195533e-01 8.222711951080701187e-01 7.890033937091461835e-01 8.198057920891939077e-01 7.720745522015397544e-01 8.084072995364106617e-01 8.249069922780496444e-01 8.168720961168574046e-01 8.221861218976169727e-01 8.093226100001857937e-01 8.213307876565663079e-01 8.143473409873263069e-01 8.309681016348893223e-01 8.299921631550499779e-01 8.253521126220485504e-01 8.174225126357317350e-01 8.256719703545162270e-01 8.214012366651134434e-01 8.221876591035008897e-01 8.314699383169690261e-01 8.207934619024424006e-01 8.272369486864225019e-01 8.177708426524087360e-01 8.236867231077945606e-01 8.283060295065292067e-01 8.086958493713563012e-01 8.129345805087414556e-01 8.296211846248966459e-01 8.274721405185402334e-01 8.235115729432569420e-01 8.260739405775228139e-01 8.225187923037889925e-01 8.301595583993179872e-01 8.291872464159656397e-01 8.328388793413884494e-01 8.293589205198331760e-01 8.232060401074281497e-01 8.219430535605155574e-01 8.235552921349151845e-01 8.297951212178031888e-01 8.307707620809424709e-01 8.313706204848076986e-01 8.295387269785637896e-01 8.191019809786252992e-01 8.317645798371823274e-01 8.310121278171496151e-01 8.318653589277692495e-01 8.338037095530929088e-01 8.327282686655184119e-01 8.217878283077234558e-01 8.249376319739866181e-01 8.308145570273132163e-01 8.300545550368411130e-01 8.304783760519561797e-01 8.294616291881562464e-01 8.243870611872481380e-01 8.332438909188937259e-01 8.300972477777255332e-01 8.254414471199139625e-01 8.331496747250943802e-01 8.320305065435100733e-01 8.306342450233109576e-01 8.328567181433471633e-01 8.289779744333284350e-01 8.327384190686457632e-01 8.330288982316401691e-01 8.335446130701560374e-01 8.310500712261537082e-01 8.303626262133071423e-01
