1.000000000000000000e+00 7.687218036779287778e-02 9.895998538751586693e-02 -1.887784887376751236e-02 6.148009581980521353e-04 2.058893556320084625e-02 1.600291278190794182e-03 8.675166923702332285e-04 1.516176163002158073e-01 5.096372075541353436e-02 1.131240148741131761e-02 -1.152429505795850816e-02 1.472250993798087174e-02 4.145459291897427706e-02 3.105409914517251371e-03 2.084730197966102455e-02 7.370986869222415083e-02 4.813167479420404210e-02 4.724623972381739728e-02 -2.585791880002288184e-02 1.017256646011155535e-01 7.806518445634239023e-02 3.732732536249266236e-02 3.256806132170850937e-02 1.875146367726154839e-02 4.936125485388870998e-02 5.458432292944290221e-02 2.989051379763266181e-02 7.441037840064361475e-02 5.573981670425637996e-02 4.647557430793645278e-02 1.149993945258467355e-02 4.863690003887573277e-02 2.851413397381633019e-02 6.650992563135095514e-02 9.600731977464240993e-03 5.158919972165118550e-02 9.443222874515931273e-03 1.087636311731771457e-02 -9.970338952176166503e-03 1.259751413577206436e-02 -1.471954209018859656e-02 3.553294814711391910e-03 2.097663203263876175e-02 1.194283037367623555e-02 -2.461959405283542512e-04 1.358620539561383560e-02 1.950147808076006448e-02 2.043873255610702960e-02 4.320538260693645993e-02 3.824283164452036560e-02 1.400744867893568765e-02 1.984701973100279002e-02 4.468054982078747961e-02 4.547817130099705840e-02 1.507872713961663606e-02 6.367756574803763725e-02 1.690530940046773567e-02 3.661060756984801240e-02 3.086733709150823318e-02 1.922319757609617860e-02 3.863131847409956299e-02 3.434470063214735414e-02 3.428534711708425969e-02 4.454485486973142755e-02 5.320103843716311037e-02 1.356051490873708826e-02 1.135850281767770628e-02 8.905776092505724231e-03 9.666187377201744795e-04 3.339214361033333855e-02 2.219598393138139808e-02 8.661863079331323309e-03 6.236734575922259823e-04 1.152405134042263322e-02 1.474602841541416617e-02 -1.478010115877979608e-03 3.254375333791859753e-02 6.313512729093181952e-03 2.013871784091127506e-02 2.501420908041585706e-02 1.893378526785214136e-02 1.413187317890879022e-02 2.598551929427697985e-02 1.569147269087835944e-02 2.760981899546222692e-03 1.115799114334916319e-02 -1.512373549892714192e-02 -1.932973335914502750e-03 2.839777621632635877e-05 -9.854195066474797510e-03 -4.391959553614633270e-03 -4.728013059824963220e-03 -7.507479110145901142e-03 4.879165921605944749e-03 5.876804874538147858e-03 -6.170323179292382283e-03 3.322851918519969389e-02 6.999438883494628338e-03 4.043941639969817273e-03 -1.559366570043176428e-02 9.832351464637583208e-03 8.047092241078050365e-03 3.888832486986782116e-03 1.262021613749758110e-02 2.738106808770989636e-02 1.560473855705247180e-02 1.166103189941042687e-02 9.668434306268642447e-03 8.722202323014519726e-03 4.234763834605257196e-03 1.062931202094696305e-02 6.182315544628821935e-03 1.431152522220918710e-02 3.314229644138226571e-02 2.929236205146105998e-02
7.687218036779287778e-02 1.000000000000000000e+00 6.098954831765955598e-02 2.634823500493007828e-02 1.055057169763225500e-01 2.369432035666839409e-02 1.478755499941761808e-01 1.410984922087247795e-01 1.964363246273287122e-01 2.407558523507689896e-01 1.429648587929353287e-01 1.099079530615157951e-01 1.723069168859302225e-01 1.370631306647703551e-01 1.513700820379506318e-01 1.646822413904480142e-01 1.282046390445934214e-01 1.472632495862924162e-01 1.547324706550467222e-01 5.696502032727252668e-02 7.723045427072640357e-02 1.413682228437577737e-01 1.914398530382608321e-01 1.748957609990096917e-01 1.695286383014441567e-01 1.816926960441705430e-01 1.734173313196621657e-01 1.774061988558774117e-01 2.092356242738414862e-01 2.361210133361616725e-01 2.128712872598185479e-01 1.904334199896478563e-01 1.902003307538783772e-01 1.862904791402270610e-01 2.112945517799593165e-01 1.210965186659004322e-01 1.918088933398274520e-01 1.809673266046138429e-01 1.844981368786902942e-01 1.118878562867417353e-01 1.528427474589456880e-01 1.495767877343834040e-01 1.213765823889861872e-01 1.581536239793372434e-01 1.412923122180563540e-01 1.795942711479055764e-01 1.593587186313902004e-01 1.713552686250907620e-01 1.492710803944097830e-01 1.225111982769570146e-01 1.499052944371752627e-01 7.647344053905084926e-02 1.259362058075514934e-01 1.788334161773698638e-01 1.707143466457651526e-01 1.696986872685379566e-01 1.476644014099282032e-01 1.520751357443151375e-01 1.640657955215730213e-01 1.572826957025997840e-01 1.470517355781736368e-01 1.627891846332920611e-01 1.534365772800229399e-01 1.490409734862502833e-01 1.554473622523024900e-01 1.554700970598218435e-01 1.647905668429462123e-01 1.631447898529543861e-01 1.851536432269854093e-01 1.387179932763452639e-01 1.492214687615823487e-01 1.653211733163415242e-01 1.711491457273098538e-01 1.672797875451311755e-01 1.712496059983213137e-01 1.666920189303648936e-01 1.624652017053096198e-01 1.901645513862834924e-01 1.820274894963104795e-01 1.948276968984186674e-01 1.811810079816949526e-01 1.807003697942201337e-01 1.664927063238661187e-01 1.868722363440838141e-01 1.653085694015204721e-01 1.706991510249784016e-01 1.597479297840928014e-01 1.668947432957389732e-01 1.697759079496361789e-01 1.624410265682554311e-01 1.536566639126544787e-01 1.518712675523084810e-01 1.507735966656504889e-01 1.597531167897772442e-01 1.574610251855262655e-01 1.670100906401750795e-01 1.194247017477808592e-01 1.454118906164339198e-01 1.435749143164547492e-01 1.501718458249184929e-01 1.336526865068667635e-01 1.418225004046710924e-01 1.431440494109251782e-01 1.426817216218835283e-01 1.355011615209537057e-01 1.464716006412174754e-01 1.609834038374855503e-01 1.711408894121986823e-01 1.681548837063319701e-01 1.551725686296375473e-01 1.552048310602323622e-01 1.549536885852949852e-01 1.517773713379416411e-01 1.501212800243124090e-01 1.570231091122518130e-01 1.575534568089183018e-01
9.895998538751586693e-02 6.098954831765955598e-02 1.000000000000000000e+00 3.297442937299157051e-01 1.636661185551618602e-01 1.375759282645152570e-01 3.240876388400443786e-01 3.063945832245234535e-01 3.604144381125518048e-01 3.021872865713441381e-01 3.640630850721351952e-01 3.789046229015630152e-01 3.075180953533986350e-01 2.685362322402334301e-01 3.668202315227428456e-01 3.770023851693629635e-01 3.676549766011458775e-01 3.494576302640389209e-01 3.458889407504945890e-01 3.292843448061781308e-01 3.660521497186965401e-01 3.785823882350230485e-01 3.503508963125507303e-01 3.472140889859778312e-01 3.190633699273894286e-01 3.834766119270685558e-01 3.897344082636708396e-01 3.560162438402328378e-01 3.403091112192422885e-01 3.638364586863592764e-01 3.831609354563247360e-01 3.785249858547029556e-01 3.707354707568444319e-01 3.801950372849177695e-01 3.811359901873753175e-01 3.834938373325052496e-01 3.862983780717950677e-01 3.858539859240182057e-01 3.790241688521032715e-01 4.004548047901885788e-01 3.914907022740181652e-01 3.780302878125481603e-01 3.961360545203118644e-01 3.872021133017292116e-01 3.995230385571995613e-01 3.671009021563221841e-01 3.837119970651188816e-01 3.833151738249695462e-01 3.914708614121142904e-01 4.112425073450824975e-01 3.974417100108717515e-01 3.892074547601937495e-01 3.984174848251261225e-01 3.914207049985684028e-01 4.023158729752083218e-01 3.984050085491109283e-01 4.116682734876567773e-01 3.898144365729273586e-01 3.917826260975419417e-01 3.903617263729833864e-01 3.997578288490439280e-01 3.962557366362319256e-01 3.965316017949158112e-01 3.914709816444858492e-01 3.941960921065754131e-01 3.996157165895432573e-01 3.833812465418090509e-01 3.868097388685550753e-01 3.817080569542856128e-01 3.955822339421702916e-01 4.050982535740035306e-01 3.933376726800114631e-01 3.917771179357238953e-01 3.779932753641643828e-01 3.941292768451962747e-01 3.887192220971353307e-01 3.735741270893878085e-01 3.759257834864094816e-01 3.753410889318539723e-01 3.786020686253932510e-01 3.892535886163216441e-01 3.917246962200460203e-01 3.928849498062775281e-01 3.875187575409815288e-01 3.935604205444260262e-01 3.877509920999824833e-01 3.941488624023732901e-01 3.789891836845897255e-01 3.814823948677294463e-01 3.883924329766548222e-01 3.848004365664482451e-01 3.844666389611897106e-01 3.904225962735148325e-01 3.803819426443100227e-01 3.849963494333848990e-01 3.829909518682195202e-01 3.975452338275042852e-01 3.931934719514160737e-01 3.911504604581671485e-01 3.882258126006788990e-01 3.888927230531123991e-01 3.914224798460360644e-01 3.930582672019455881e-01 3.910117194925935014e-01 3.931640154708940238e-01 3.977777361914839882e-01 3.898865603489432563e-01 3.805533103991489141e-01 3.914547593377020185e-01 3.859469766042862848e-01 3.847755937316013619e-01 3.871191135395564142e-01 3.862969943985056775e-01 3.867305753584827643e-01 3.955887444971866174e-01 3.893136785722027815e-01
-1.887784887376751236e-02 2.634823500493007828e-02 3.297442937299157051e-01 1.000000000000000000e+00 3.415448819605559905e-01 2.370495491242999853e-01 5.248917116394271609e-01 5.599961818897234433e-01 4.972825181310228104e-01 4.278122899458887685e-01 5.609976859052702158e-01 6.496126092732632529e-01 5.452525226936204561e-01 4.076869596038056875e-01 6.036653435712533433e-01 6.057330176230698582e-01 5.075980824244032963e-01 4.203584275774551182e-01 4.294422632929493777e-01 5.978589322435240438e-01 5.786793773677784136e-01 5.295787206855625540e-01 4.055332673237341257e-01 4.229715292697547868e-01 3.732790263361361882e-01 4.801961459975224167e-01 5.029123552511438611e-01 4.423708628258694597e-01 3.880883477781879587e-01 4.125944621870575868e-01 4.919983913352600213e-01 4.997648616076068584e-01 4.438157136156166693e-01 5.137013851477914006e-01 4.531273828615774435e-01 5.760747509513372000e-01 4.997110882206030613e-01 5.220458449740732476e-01 5.369451199067748481e-01 5.825752648316785409e-01 5.709235759843275249e-01 5.632882655995208321e-01 6.160745886144873840e-01 5.948322918350500421e-01 5.887572922203627712e-01 5.426562854924463775e-01 5.862468954863572224e-01 5.717287417895339230e-01 5.974232566618598028e-01 5.976282954152731808e-01 5.786814239319181263e-01 6.242768328120489318e-01 6.210294664949171928e-01 5.629921025810737945e-01 5.640078997216717571e-01 5.617419840502688722e-01 6.081831027737416573e-01 5.903612576205523599e-01 5.744069109196987544e-01 6.047371305486289872e-01 6.114735278987656342e-01 5.944397610558096456e-01 5.969164481065937222e-01 5.965735408609196266e-01 5.937807055930831579e-01 6.142051906180103771e-01 5.763915933992883600e-01 5.603083882365951229e-01 5.380879608737408892e-01 6.319103326436540380e-01 6.074613957443950607e-01 5.724565453070526999e-01 5.761677007322436594e-01 5.352743699022535218e-01 5.629024760616909706e-01 5.653924853469979306e-01 5.549328137948654760e-01 5.222861085627712452e-01 5.351319288916100980e-01 5.223251411555208668e-01 5.436051732706320694e-01 5.612300700002037512e-01 5.789536618600720219e-01 5.367723605227239236e-01 5.740819791429133678e-01 5.790485907015656686e-01 5.804990271495014120e-01 5.702467076159369874e-01 5.682680429196095284e-01 5.819089014558205264e-01 5.750530375499108837e-01 5.839544387924753277e-01 5.991771809630073164e-01 5.822943807085384504e-01 5.940119333852059702e-01 5.852492464031773256e-01 6.207484504225453392e-01 6.110647898211850615e-01 6.065950046253906214e-01 5.906822459072745835e-01 6.124672290725707846e-01 6.069442857966581562e-01 6.109636284832650199e-01 6.090395024348460584e-01 6.142257332907838929e-01 6.136969578076256759e-01 5.977834118977071176e-01 5.725032909153683347e-01 5.836599289687404157e-01 5.933716307072657292e-01 5.945044434816455503e-01 6.021672646183297006e-01 6.043037258229944086e-01 6.003850239751125084e-01 5.990790431029187069e-01 6.051544971995826971e-01
6.148009581980521353e-04 1.055057169763225500e-01 1.636661185551618602e-01 3.415448819605559905e-01 1.000000000000000000e+00 1.767282655502228628e-01 4.370519058181134286e-01 4.673945135103274029e-01 4.232092605936910723e-01 3.934856655134443826e-01 4.330713931401187766e-01 4.790265029665937702e-01 4.862277056780027196e-01 3.364235335131625093e-01 4.732589908550930979e-01 4.971691093400993910e-01 4.021072951309762056e-01 3.357488544201926994e-01 3.612426820182576548e-01 4.092538144424656132e-01 4.060685017046902767e-01 4.190215770861813183e-01 3.430367486331591387e-01 3.572942757056111196e-01 3.259193926280833375e-01 4.175590415775520814e-01 4.161030165401764513e-01 3.693355856415704852e-01 3.743494812943386485e-01 3.914182561065013832e-01 4.349209451788519365e-01 4.072175150953425415e-01 3.678588821101719253e-01 4.143938774754336585e-01 4.053971540745624491e-01 4.171611177583947616e-01 4.188516177442519473e-01 4.315614389325622136e-01 4.391357783855657781e-01 4.045949692427714961e-01 4.544429323454766689e-01 4.405697587878051880e-01 4.620201413667630042e-01 4.676099532535188397e-01 4.425802315435629630e-01 4.519295136264604995e-01 4.727800087803193940e-01 4.615677655481730257e-01 4.620339177025310495e-01 4.440134681983806675e-01 4.476080365860574117e-01 4.365080734875782520e-01 4.669327868780741575e-01 4.605987764777002558e-01 4.618694953507780365e-01 4.437689463233253639e-01 4.585294489790129324e-01 4.698755461204376926e-01 4.508996832967247514e-01 4.759085420344432715e-01 4.702584514411140559e-01 4.647080138383273828e-01 4.653982591247225464e-01 4.656265834531702619e-01 4.702613008936572525e-01 4.749442729678883812e-01 4.648570389517466817e-01 4.531824227919490911e-01 4.427379684551009942e-01 4.848943391029633676e-01 4.712578852131757423e-01 4.607401113342751708e-01 4.605998047210674851e-01 4.322648199761449095e-01 4.584634836909086131e-01 4.552903133224091015e-01 4.455026467290514880e-01 4.425127807587399542e-01 4.464549292049470042e-01 4.472865023195189971e-01 4.492849210591308706e-01 4.630206186020738302e-01 4.554598432419445508e-01 4.515068078642523464e-01 4.601700351128530930e-01 4.626658685629380652e-01 4.571434381803122782e-01 4.607674065834655996e-01 4.578060705584370282e-01 4.531852046654407107e-01 4.477995928456011132e-01 4.638511799331607732e-01 4.662401869005084465e-01 4.654798458099772551e-01 4.732642615709635181e-01 4.690024243799055248e-01 4.634636552478519356e-01 4.781807670386740150e-01 4.751123395018044815e-01 4.654187540104861576e-01 4.671489838357957280e-01 4.740052258060863388e-01 4.726345477702786346e-01 4.724050993507490914e-01 4.672558961464712834e-01 4.712686246230744502e-01 4.739484328382388423e-01 4.643958291654902149e-01 4.685677647109097732e-01 4.723701210526742300e-01 4.675256558039874721e-01 4.765461133190970200e-01 4.737514325367961354e-01 4.716924333132302971e-01 4.720011803117427629e-01 4.786149237782728050e-01
2.058893556320084625e-02 2.369432035666839409e-02 1.375759282645152570e-01 2.370495491242999853e-01 1.767282655502228628e-01 1.000000000000000000e+00 3.395984507156095678e-01 3.211550629750674624e-01 3.200553721846904898e-01 2.897214187158725363e-01 3.370417814284087932e-01 3.596348083668716167e-01 3.232096888627370435e-01 2.492154711083222618e-01 3.839824872435981251e-01 3.658110320562812934e-01 3.161084721963758892e-01 3.110598817769402169e-01 3.206008125055059277e-01 2.984964897529576167e-01 2.975537983069066472e-01 3.537618489757400342e-01 3.247591128789389381e-01 3.093333227349365777e-01 3.117226256130837814e-01 3.708442883841046034e-01 3.675870504547107953e-01 3.539469073665053589e-01 3.492291065243919301e-01 3.313525295098604939e-01 3.642270796464928684e-01 3.576914371962119366e-01 3.293455015686606591e-01 3.476594930818030504e-01 3.247054375451354225e-01 3.527573986505240233e-01 3.597875059588636071e-01 3.694550389621598652e-01 3.693462541441051572e-01 3.772831641561907312e-01 3.741211931083958109e-01 3.747744167254644099e-01 3.849571939894657069e-01 3.830835982954819974e-01 3.807188972452746900e-01 3.713983273543550734e-01 3.775272871094749738e-01 3.723168371603126636e-01 3.759652953797341102e-01 3.749398039719173403e-01 3.787208714879086169e-01 3.675307308150495000e-01 3.715654193908043412e-01 3.736572673631199937e-01 3.762195769911758081e-01 3.830145631211666069e-01 3.675246623396381529e-01 3.772079995588904500e-01 3.730341565513430324e-01 3.764783394738017153e-01 3.799030321062379922e-01 3.761953156878289350e-01 3.739334942881010204e-01 3.746728834358839522e-01 3.759686713287433979e-01 3.733860238706871448e-01 3.750444360062231697e-01 3.800879552456464805e-01 3.745222304350444009e-01 3.785584765687502462e-01 3.828665425805990452e-01 3.792723999461286022e-01 3.731638526061846761e-01 3.709218060826399155e-01 3.824301972060314969e-01 3.790819686831749524e-01 3.823227764703996390e-01 3.755682563264169382e-01 3.771462287091278953e-01 3.696029335344870881e-01 3.760150861443964931e-01 3.785348121111512532e-01 3.799011068144709791e-01 3.698415224966943304e-01 3.721658850956007236e-01 3.730825646417802455e-01 3.778369763337651732e-01 3.768448852907644864e-01 3.779910565684618251e-01 3.826660562823356870e-01 3.810336703145131843e-01 3.816786426202005145e-01 3.808074211381727858e-01 3.798829344280393316e-01 3.781860896392007509e-01 3.772044071905050755e-01 3.746154557021653120e-01 3.763194539387846316e-01 3.768722922112301421e-01 3.822443775481265682e-01 3.792280736508326644e-01 3.788367426924826864e-01 3.795565956795750040e-01 3.804171368287542210e-01 3.796089679289917362e-01 3.735385438258962965e-01 3.796228957864599129e-01 3.781511496231215741e-01 3.813641484503306756e-01 3.779593054992901324e-01 3.796145000747974674e-01 3.783235915358174606e-01 3.789073157119483004e-01 3.767741066293278651e-01 3.798685619411374392e-01 3.783219260354241942e-01
1.600291278190794182e-03 1.478755499941761808e-01 3.240876388400443786e-01 5.248917116394271609e-01 4.370519058181134286e-01 3.395984507156095678e-01 1.000000000000000000e+00 6.717694662982630627e-01 6.688606805982900694e-01 6.388557385542095179e-01 7.117478142799986696e-01 7.383162839669494826e-01 6.700723102675519849e-01 5.493743080449393634e-01 8.135483984735999430e-01 7.491324632949984963e-01 6.593739914956937564e-01 5.643977041910536174e-01 5.880453405632782848e-01 5.859786445651330444e-01 5.827858886992665077e-01 6.604326901641988101e-01 6.054785152935177051e-01 5.914664535362951225e-01 5.809562978511912945e-01 7.098119581640700559e-01 7.251446128026414195e-01 7.041618088455201541e-01 6.784002208407298173e-01 6.857510350339740546e-01 7.432599635928037740e-01 7.150009019594375514e-01 6.689140784059587341e-01 7.016759219796785407e-01 6.784774944370890459e-01 7.133265889632758316e-01 7.134717317324851260e-01 7.549604823812582355e-01 7.633737405259650721e-01 7.323889420434475106e-01 7.614445872144386396e-01 7.667919742743209977e-01 7.600546366282354693e-01 7.756815710516742346e-01 7.590382060547415932e-01 7.776052498150320957e-01 7.713689727589554401e-01 7.649978573306203122e-01 7.681830550647937850e-01 7.403722585455226879e-01 7.627016856880783902e-01 7.113762208451750446e-01 7.557525243827206696e-01 7.616511566238310937e-01 7.514505069953062444e-01 7.572023038748937340e-01 7.440228466820767439e-01 7.677769539149871258e-01 7.529431486630536741e-01 7.700318629703893913e-01 7.718660645940742526e-01 7.618251821976779192e-01 7.580512520064722759e-01 7.688964896267344029e-01 7.574378546139308721e-01 7.631919920561148762e-01 7.682713527655191665e-01 7.488758535154848017e-01 7.535050055589992413e-01 7.672225821282946390e-01 7.605082234294584520e-01 7.567700494985653004e-01 7.523595261645830146e-01 7.339369732077640762e-01 7.681509976402836060e-01 7.691370502435305179e-01 7.721729302991778843e-01 7.608949574771278757e-01 7.701176931093139943e-01 7.544924087319444528e-01 7.571177218406230924e-01 7.726650693301621020e-01 7.703584505410868699e-01 7.544319828005380257e-01 7.626859642673615713e-01 7.650027238344426772e-01 7.649527818159245207e-01 7.794794810174202615e-01 7.751978301727693310e-01 7.653137335827058241e-01 7.676324716908036194e-01 7.764814412366780605e-01 7.765169712536256208e-01 7.811492836232504233e-01 7.741685568193766853e-01 7.721810847988874738e-01 7.590347586308272554e-01 7.638588319084684830e-01 7.713626183536745895e-01 7.716298660183974478e-01 7.713528434067858930e-01 7.642007365610389291e-01 7.697781282009866777e-01 7.715380135072613665e-01 7.668883656379149594e-01 7.618864068582378302e-01 7.730470319415522207e-01 7.686073131991958407e-01 7.710966476966579775e-01 7.692844399163620839e-01 7.669540860015902073e-01 7.726638244943452305e-01 7.704062450001148976e-01 7.716556285041398233e-01 7.690158646358618011e-01 7.719737827068026137e-01
8.675166923702332285e-04 1.410984922087247795e-01 3.063945832245234535e-01 5.599961818897234433e-01 4.673945135103274029e-01 3.211550629750674624e-01 6.717694662982630627e-01 1.000000000000000000e+00 6.864026574683372850e-01 6.345111566944600101e-01 7.012103597036004610e-01 7.684470504350425779e-01 7.117835649267751919e-01 5.548980197640971390e-01 7.697188673749356669e-01 7.981358966897168505e-01 6.782953299450046325e-01 5.963006370560521852e-01 5.942346533761350136e-01 6.296849982783195854e-01 6.157634353451799658e-01 6.827872863523529734e-01 5.932918312354693580e-01 5.944989156912052763e-01 5.588006731877536160e-01 6.983980206251826361e-01 7.065230866474313531e-01 6.601146164095530455e-01 6.415889903393171556e-01 6.617100421201246307e-01 7.238525712539183310e-01 7.103588789171936257e-01 6.622852764705263739e-01 7.113849640700868893e-01 6.927148966445406675e-01 7.108985771192245506e-01 6.957809837818286214e-01 7.422911954581652427e-01 7.554434355215469132e-01 7.180718579035140214e-01 7.533968827149983838e-01 7.514762462471109572e-01 7.669779722931879817e-01 7.749948530947674552e-01 7.537943948697115593e-01 7.566328693771867675e-01 7.775415963143064157e-01 7.708640214803796908e-01 7.767704950182032775e-01 7.576160822328882327e-01 7.671242041765297115e-01 7.285409210184063955e-01 7.670299094110462068e-01 7.700198327165440615e-01 7.679476571055201539e-01 7.576056187094775130e-01 7.770811364994458792e-01 7.821881064515999737e-01 7.752564446961007771e-01 7.814316977830281230e-01 7.867354131620865054e-01 7.835454054001986801e-01 7.867470146193134006e-01 7.784368645028748590e-01 7.730942505027362799e-01 7.848057973247195562e-01 7.729256123257122191e-01 7.584555775664312272e-01 7.505341704862388275e-01 7.853894445334674845e-01 7.707865011686094725e-01 7.634468764804333007e-01 7.623579828634866606e-01 7.261628488160331019e-01 7.663500486783892951e-01 7.624107864361964193e-01 7.546923000383850555e-01 7.479598692183433428e-01 7.538131193854125112e-01 7.497658890514108387e-01 7.529258691802609427e-01 7.676176057414282328e-01 7.709941859605257131e-01 7.573982239250247606e-01 7.706533038174641081e-01 7.716169698035468816e-01 7.614436002531002057e-01 7.737148740268305902e-01 7.724283746994714539e-01 7.635728775303398663e-01 7.568001804437859414e-01 7.743324545309807627e-01 7.730611592980717317e-01 7.739419472189723592e-01 7.834865994589842453e-01 7.781037996096048515e-01 7.738126842498593838e-01 7.884932211374495736e-01 7.871362158071044668e-01 7.784378070168097574e-01 7.771470408759616477e-01 7.861687299665911510e-01 7.781709372033533967e-01 7.829666353281439228e-01 7.769983843492580533e-01 7.881959649322940464e-01 7.856602749279198994e-01 7.704814441818950144e-01 7.750111254789323612e-01 7.829435054795205184e-01 7.824702957276584714e-01 7.837355468395620361e-01 7.858324569842137786e-01 7.833760016064310605e-01 7.805292702925767934e-01 7.836448627967377289e-01
1.516176163002158073e-01 1.964363246273287122e-01 3.604144381125518048e-01 4.972825181310228104e-01 4.232092605936910723e-01 3.200553721846904898e-01 6.688606805982900694e-01 6.864026574683372850e-01 1.000000000000000000e+00 7.388579308327744011e-01 7.733044077140565076e-01 8.013177104286576258e-01 7.415645097471565972e-01 6.014272243830348641e-01 8.051844192687991342e-01 8.251308273812035798e-01 7.649197582190941924e-01 6.703451455003371917e-01 7.000526244464271297e-01 6.161988087338213793e-01 6.348947462039425949e-01 7.644197121746293400e-01 7.030571914403977996e-01 6.875688067872535170e-01 6.736944467619703225e-01 7.977901869556389691e-01 7.977209138398519972e-01 7.469046656086055780e-01 7.465118112579961496e-01 7.810810234541430974e-01 8.267640366882179626e-01 7.922923702420335834e-01 7.463056761971167408e-01 7.855618432302248211e-01 7.967614965118693382e-01 7.777875292927630690e-01 8.066088530367948595e-01 8.218595073677790186e-01 8.296903394557838540e-01 7.751828767932958941e-01 8.345430552417805181e-01 8.197443668032670105e-01 8.230516523472460877e-01 8.513850777605495024e-01 8.270046278108046378e-01 8.333234866150371900e-01 8.587013115592152523e-01 8.590980416805170661e-01 8.554587223429945819e-01 8.291890392135922161e-01 8.515547317572755848e-01 7.846619383330624142e-01 8.351499570599363320e-01 8.663920946613845597e-01 8.582130689167661863e-01 8.415290303363529567e-01 8.503440683011569412e-01 8.490912160433757849e-01 8.582074157216840193e-01 8.616993985815938339e-01 8.582441527588529073e-01 8.641784253178161901e-01 8.540310224871914269e-01 8.596251576354001500e-01 8.576834755128498466e-01 8.637088147849855124e-01 8.577694946344526228e-01 8.455575276766865711e-01 8.402687051551158692e-01 8.414258418154922925e-01 8.461307250776842759e-01 8.521068171954675474e-01 8.414179191607399355e-01 8.252692835231693058e-01 8.515172384561962016e-01 8.500630187703500651e-01 8.323232731333850554e-01 8.384326319439469044e-01 8.390641428011449410e-01 8.485550313715093385e-01 8.488350037712664165e-01 8.572110412349278619e-01 8.520030343064564082e-01 8.470264623592416164e-01 8.496514832689664454e-01 8.461395533262133783e-01 8.466461836456622425e-01 8.430963223704163179e-01 8.469457468022193458e-01 8.413243744476534003e-01 8.304843389762552874e-01 8.464529199697224948e-01 8.450473537509949340e-01 8.469783294615319535e-01 8.565206875167122869e-01 8.580038402855959534e-01 8.260122828924102434e-01 8.579090674812668293e-01 8.546113063067092286e-01 8.490677824503283233e-01 8.363704416280399734e-01 8.526249556645403294e-01 8.515840723171289595e-01 8.509807530000212950e-01 8.467853806357632518e-01 8.506425000433592842e-01 8.613618657261430389e-01 8.578132484595060170e-01 8.574469257548064105e-01 8.576110465395713200e-01 8.538731722278047886e-01 8.587987057180495043e-01 8.564765614195596344e-01 8.578874855882667738e-01 8.617303321735485522e-01 8.619728377185488233e-01
5.096372075541353436e-02 2.407558523507689896e-01 3.021872865713441381e-01 4.278122899458887685e-01 3.934856655134443826e-01 2.897214187158725363e-01 6.388557385542095179e-01 6.345111566944600101e-01 7.388579308327744011e-01 1.000000000000000000e+00 6.983100065352512154e-01 7.233123267754258956e-01 6.832400312415449761e-01 5.517696925400040753e-01 7.571812547269828331e-01 7.566308745440569750e-01 7.021698051084530601e-01 5.989993170370984110e-01 6.349450896816021261e-01 5.114843268054738434e-01 4.977543507186598104e-01 6.847185299259508362e-01 6.585879633913940268e-01 6.278700099148394331e-01 6.473643509502746696e-01 7.586206139923595826e-01 7.556173625490953949e-01 7.404527060724733767e-01 7.429240036360140742e-01 7.773442453993812951e-01 7.995736290035544425e-01 7.579833875559095491e-01 7.291960520265179380e-01 7.376440387271394616e-01 7.577685957281364848e-01 7.193149000100563795e-01 7.638829873292728445e-01 7.880674026102399976e-01 7.987650985105185786e-01 7.314786787403262380e-01 7.812609665289653726e-01 7.848670313341006288e-01 7.558332407788075358e-01 7.881597842659189279e-01 7.683307988718265369e-01 7.946949107372566212e-01 7.963109316677210447e-01 8.043559233669776987e-01 7.867404885161930483e-01 7.427699363333269966e-01 7.813424068964563984e-01 6.939501793645507233e-01 7.523274598276546987e-01 8.034777701789055371e-01 7.906370544033205494e-01 7.886539561486664018e-01 7.589918385899399045e-01 7.876527308808617400e-01 7.891132567092420391e-01 7.891551458180804390e-01 7.859111079782219456e-01 7.876950377868754405e-01 7.797039379143324567e-01 7.859210681885673289e-01 7.800938762551138383e-01 7.773013206185450663e-01 8.010142644795046341e-01 7.854689550358213701e-01 7.942864257829842511e-01 7.607597882810942513e-01 7.676600088098723962e-01 7.919638761788049264e-01 7.745996333662285016e-01 7.755025116657966455e-01 8.020094866282126977e-01 7.988212797994640457e-01 7.957101385068878763e-01 8.042702756650882412e-01 8.023733895389960624e-01 8.115111069112824760e-01 8.036050118029177680e-01 8.102000296034194138e-01 7.963723969060768626e-01 8.059146773633240057e-01 7.912733061750708563e-01 7.917361497928054881e-01 7.922978023969737826e-01 8.028141821115321042e-01 8.040491114529143557e-01 7.869375961177232925e-01 7.873016802552221804e-01 7.949210068107247507e-01 7.900401282724163199e-01 7.985244177683974431e-01 7.974124249317764423e-01 8.025097285795110835e-01 7.567757043909173476e-01 7.822229822252443343e-01 7.887098226157556180e-01 7.932356799194153485e-01 7.771406833637580780e-01 7.846273871155161617e-01 7.836229372634428980e-01 7.878202976833766913e-01 7.794948253905462643e-01 7.748174180133899913e-01 7.977218138315868012e-01 8.050008902088524598e-01 8.007694157587648132e-01 7.958153246551813442e-01 7.932733225769976748e-01 7.936009155383884073e-01 7.907995891091444962e-01 7.938766568748761854e-01 7.916029372114490315e-01 7.903957024911161255e-01
1.131240148741131761e-02 1.429648587929353287e-01 3.640630850721351952e-01 5.609976859052702158e-01 4.330713931401187766e-01 3.370417814284087932e-01 7.117478142799986696e-01 7.012103597036004610e-01 7.733044077140565076e-01 6.983100065352512154e-01 1.000000000000000000e+00 8.414933585669639449e-01 7.530062760645472864e-01 6.170426339327086396e-01 8.444696765812018668e-01 8.359383440231041851e-01 7.633044265399544503e-01 7.008142865749694694e-01 7.242190797664017632e-01 6.767594658416784537e-01 6.680860270846761262e-01 7.884242549707990433e-01 7.265405868786340982e-01 7.275649351677818677e-01 7.022608351840154972e-01 8.161664470869870458e-01 8.235953383302941910e-01 7.785187554864976267e-01 7.489673980931106367e-01 7.889344870766890061e-01 8.430399750482829857e-01 8.197690189736744903e-01 7.645097204987026940e-01 8.160459694055943736e-01 8.009150616143011492e-01 8.179517654810064542e-01 8.347801848554043946e-01 8.399182334051445986e-01 8.497641657003046634e-01 8.335444673269885030e-01 8.662998566292624547e-01 8.554193021193124968e-01 8.626204072657924771e-01 8.760394970669874715e-01 8.664741346510553832e-01 8.583250550468951579e-01 8.785006374562221998e-01 8.742871417607587237e-01 8.774104404345918207e-01 8.574551127464801192e-01 8.642764878138311513e-01 8.311009309961161495e-01 8.680236792423592362e-01 8.712939930808524247e-01 8.672073684956986828e-01 8.678850329580357625e-01 8.603974861754125625e-01 8.759306856454195378e-01 8.678321527927171930e-01 8.782270544005817969e-01 8.822637986662663634e-01 8.726238322436150607e-01 8.700614944705022946e-01 8.726402313357085605e-01 8.702323095182246115e-01 8.738092572929599955e-01 8.779965687264450480e-01 8.749623872206917508e-01 8.664744246730602395e-01 8.788041305803503400e-01 8.794966793921459303e-01 8.777213268787241729e-01 8.749009826052328576e-01 8.578807583106039525e-01 8.781918886007533676e-01 8.788698942197712416e-01 8.652224971948332399e-01 8.559287277548052186e-01 8.648126097598689555e-01 8.637851516826094977e-01 8.716502806406442039e-01 8.779879109641199886e-01 8.801058628477405055e-01 8.666743884845137247e-01 8.771815752032183777e-01 8.795500299166747471e-01 8.795514087169752360e-01 8.753476939932747225e-01 8.760974959717484634e-01 8.748454824815055098e-01 8.752603043910639480e-01 8.800691915877003613e-01 8.821730719568376955e-01 8.792767319282134286e-01 8.821062568337980636e-01 8.822378658796127260e-01 8.749114759843400480e-01 8.764133832705578442e-01 8.828500346006157296e-01 8.803200497495847765e-01 8.797460822106205613e-01 8.813007778383027402e-01 8.816075031819662344e-01 8.838144417762201499e-01 8.807670376663587763e-01 8.748926886398517011e-01 8.833050295576827526e-01 8.772224817937865904e-01 8.810982351381262401e-01 8.813072795236450707e-01 8.814700343702404073e-01 8.825176179939475674e-01 8.825295901129209808e-01 8.802606930386291939e-01 8.789372868673528405e-01 8.800310872078942470e-01
-1.152429505795850816e-02 1.099079530615157951e-01 3.789046229015630152e-01 6.496126092732632529e-01 4.790265029665937702e-01 3.596348083668716167e-01 7.383162839669494826e-01 7.684470504350425779e-01 8.013177104286576258e-01 7.233123267754258956e-01 8.414933585669639449e-01 1.000000000000000000e+00 7.936747768280746351e-01 6.429999412700969641e-01 8.905753647497132164e-01 9.015207480233263793e-01 7.981063862088204619e-01 6.724371509120981028e-01 7.064755052296984861e-01 7.385042197372061468e-01 7.050969980884723709e-01 7.994958540737870933e-01 6.898566810640852642e-01 6.909299416688359230e-01 6.711829406728182512e-01 8.154308288984676301e-01 8.243816941991967129e-01 7.641393993525562589e-01 7.295095542617782147e-01 7.709851338607129900e-01 8.473612169888666834e-01 8.215450519174006816e-01 7.592077320400711926e-01 8.200801925635038403e-01 7.998028776494692238e-01 8.500681319442345840e-01 8.335960926649034208e-01 8.629644496392937514e-01 8.726708805209112407e-01 8.597000232066615011e-01 8.939982262208893138e-01 8.905618214228412377e-01 9.063357706902830380e-01 9.201380865031377754e-01 8.975027436454722229e-01 8.869459223154037009e-01 9.224565999343218303e-01 9.157247165908773967e-01 9.219613287424910375e-01 8.978219039224002440e-01 9.060410111820108581e-01 8.879067824499470296e-01 9.212971182965673522e-01 9.056966264716898030e-01 8.978935931062533848e-01 8.920883721466509320e-01 9.078062945845619680e-01 9.200413961237808858e-01 9.099469488444157372e-01 9.284162667194920671e-01 9.311967649556454063e-01 9.199834655675198647e-01 9.180979792659844652e-01 9.219636712920680210e-01 9.144743458663774360e-01 9.223910704482675138e-01 9.172354323963287648e-01 8.987434473646269684e-01 8.835310149156049286e-01 9.308430372697242827e-01 9.141065885665696777e-01 9.083816377768898498e-01 8.984343841650023199e-01 8.714270002598369924e-01 9.085200599767494500e-01 9.080447251076948501e-01 8.915041624972481760e-01 8.731058991106280809e-01 8.852645896534772074e-01 8.844131807864240580e-01 8.941456412759588579e-01 9.084447745689472331e-01 9.095423176192710679e-01 8.890647115180801974e-01 9.048550107215874716e-01 9.091796161092862150e-01 9.106095756779779560e-01 9.103208708419522344e-01 9.089362415142486773e-01 9.069674132507944408e-01 9.018201195921923263e-01 9.195105955906341944e-01 9.225796445144891500e-01 9.176807149981751621e-01 9.282226483437451270e-01 9.247183719350452469e-01 9.165657474842938690e-01 9.267066111900948977e-01 9.303680028193100915e-01 9.203314250182785816e-01 9.246698769369882109e-01 9.296689710420839026e-01 9.287916251261698619e-01 9.314097055822428972e-01 9.280935012780574533e-01 9.216300419231375773e-01 9.274353125505545581e-01 9.175655629762965448e-01 9.187502789474122356e-01 9.267606969208638246e-01 9.253052778713608539e-01 9.312893836659571489e-01 9.305414812080765596e-01 9.283394442519969925e-01 9.266623388286738816e-01 9.286844665596609705e-01
1.472250993798087174e-02 1.723069168859302225e-01 3.075180953533986350e-01 5.452525226936204561e-01 4.862277056780027196e-01 3.232096888627370435e-01 6.700723102675519849e-01 7.117835649267751919e-01 7.415645097471565972e-01 6.832400312415449761e-01 7.530062760645472864e-01 7.936747768280746351e-01 1.000000000000000000e+00 5.704367131535943436e-01 8.035489916187369408e-01 8.268313311697275125e-01 7.248332977145509615e-01 6.244433932476732840e-01 6.646955865129807739e-01 6.456759441924139198e-01 6.262611485412420409e-01 7.290663396714248679e-01 6.589402558642361019e-01 6.601675949494442142e-01 6.380042360317269567e-01 7.525156915505675226e-01 7.521823582511608652e-01 7.063314073544858518e-01 6.865782457580409393e-01 7.298574210359302095e-01 7.829261598676696687e-01 7.499646980608799529e-01 6.953503323893026611e-01 7.481614232723030611e-01 7.429264412550411478e-01 7.579593707137926017e-01 7.642494334800112865e-01 7.826110836201186638e-01 7.980831049477117300e-01 7.498701513072189018e-01 8.085240770024125778e-01 7.910788807177074888e-01 8.074564456556970748e-01 8.242958521767618230e-01 8.049270536258870123e-01 8.076290691017310452e-01 8.273121000602952080e-01 8.244304106381598052e-01 8.188744409174620875e-01 7.925466619941398116e-01 8.062694197808273344e-01 7.762903193193269047e-01 8.111359953867474104e-01 8.222186016180493828e-01 8.141816413722732237e-01 8.058528051295826833e-01 8.109790306677614469e-01 8.219387294530604571e-01 8.135710020716913071e-01 8.357715342450152685e-01 8.337195473230374354e-01 8.266945709908868345e-01 8.219378016458460667e-01 8.230337963477742935e-01 8.253191483992453614e-01 8.349940873172928546e-01 8.258686409672130191e-01 8.166843467597204587e-01 8.040727133867801024e-01 8.322029059777611426e-01 8.225780818093544333e-01 8.200818465702435223e-01 8.180174244090034907e-01 7.996575398351922770e-01 8.190724407513749750e-01 8.169455554053104418e-01 8.069075768243219038e-01 7.973405848048294997e-01 8.088132107552719052e-01 8.095056704065441977e-01 8.145442931541878595e-01 8.248258457197552573e-01 8.206405453015828133e-01 8.121122534334492826e-01 8.171307447760457476e-01 8.236381271829682493e-01 8.208573445981214300e-01 8.210919868793872256e-01 8.199684457233200607e-01 8.170845899453963446e-01 8.085551284545838824e-01 8.237899328612415806e-01 8.252113251204264976e-01 8.257858355125372585e-01 8.329097364462867414e-01 8.313781053831732493e-01 8.093197540174398297e-01 8.315848245722442522e-01 8.321471330680327849e-01 8.227392465573427627e-01 8.232057028495346485e-01 8.303102366943034829e-01 8.306109266256518353e-01 8.312491070468815968e-01 8.283684482113519154e-01 8.268918501652563480e-01 8.349791779498217936e-01 8.284625805875472926e-01 8.302327211255353667e-01 8.310351244202732746e-01 8.280855073836163038e-01 8.372070227707908430e-01 8.329140688968356132e-01 8.316647248552199168e-01 8.339847199771146524e-01 8.380065145148584138e-01
