1.000000000000000000e+00 2.396936898767271784e-01 2.453702310755054850e-01 1.638957041891820621e-01 5.026759353048607798e-02 -3.465816244962018761e-02 7.808752309952786408e-02 1.511683314415742940e-01 2.349202295685456632e-01 1.605163258076675314e-01 1.503992718582243815e-01 8.478760353399483751e-02 1.088038154760201902e-02 2.896151579299907283e-02 7.230603335280980093e-02 1.091853863110779088e-01 1.796375958603997902e-01 3.810739061581503440e-01 3.350887156697866520e-01 2.618886759508226025e-01 2.530473443154532820e-01 3.053279054984979757e-01 3.755575691817114037e-01 3.497494269237203524e-01 3.328800518446600187e-01 1.624754615885501130e-01 2.470403754269677732e-01 2.918537818056254896e-01 3.243573544069548453e-01 3.229865813545897413e-01 2.756326778687708812e-01 2.269835819926088183e-01 2.701818865526340319e-01 2.642714104594149904e-01 2.853899129266368462e-01 1.887922965567126188e-01 2.863988243540109280e-01 1.444713996900757469e-01 2.024891099694831886e-01 9.898441214999186000e-02 1.059600529479525349e-01 7.775871710421594640e-02 6.390640472358875834e-02 1.119871184878985099e-01 1.440732783492875146e-01 1.476829444447894102e-01 2.615304938771452828e-02 5.579148576107786917e-02 3.936257786892737032e-02 8.663253659508406146e-02 7.802398132650985307e-02 4.782065934060155538e-02 2.204134184712686767e-02 1.058636538730508003e-01 1.385975459457285952e-01 1.151303982147738741e-01 8.625752559749315374e-02 5.322673883096019909e-02 6.643062168775901166e-02 5.972986883473001968e-02 2.848216037337936504e-02 6.756998825555558807e-02 5.101465125396267841e-02 9.096287339987078890e-02 9.350816695207847529e-02 1.124872775251576501e-01 7.262834656121991417e-02 1.459351191955435001e-01 1.596791904657906824e-01 1.552090586989283150e-01 1.314084047463393856e-01 1.318224052202801588e-01 1.887640044104779979e-01 1.694884626893978508e-01 8.238941743141113550e-02 1.051913374409763208e-01 1.346070958753639302e-01 1.745011201445418048e-01 1.559119810134344808e-01 1.617850912011384867e-01 1.531222380456884746e-01 1.309191924815829855e-01 1.175554229274419632e-01 1.685600825584009643e-01 1.167931372362593645e-01 1.341780983026913121e-01 1.122216405711746467e-01 8.831479416812219874e-02 9.647810436731393824e-02 5.532456860123315112e-02 9.044475931238003807e-02 3.708094809546374354e-02 7.927452216517157091e-02 8.564007225895084452e-02 8.718683193800452758e-03 2.275751492664990216e-02 1.558141390513911873e-03 2.782234369071488744e-02 1.503293065755216366e-02 4.531599804855043073e-02 1.672351889889844498e-02 1.150644318054072288e-02 9.956252257139839440e-03 1.839439764867825330e-02 4.273383181591535601e-02 3.608804356360957588e-02 1.271746513737739316e-02 4.787174240693693739e-02 6.217639194728952906e-02 2.260929590455796820e-02 2.251877542123963821e-02 2.294419387229879384e-02 1.595371313102843247e-02 3.523236105337810425e-02 6.485806386292237991e-02 5.911412385913341477e-02
2.396936898767271784e-01 1.000000000000000000e+00 1.217350197007574797e-01 1.174369797844776048e-01 7.886493423207954767e-02 5.445087033862366227e-02 1.366915599795854863e-01 1.558762395626400732e-01 2.213727657093412515e-01 2.434179405828071352e-01 1.795111089385257042e-01 1.452191381440416096e-01 1.301714325799747662e-01 1.322650625426306792e-01 1.514599462167132427e-01 1.790001167226231427e-01 1.793344650315563671e-01 2.406962220435661381e-01 2.243962666915070847e-01 1.809687022152580427e-01 1.841127002006724689e-01 1.988512487203413504e-01 2.785658473818137248e-01 2.206718484801943880e-01 2.212638316564014274e-01 1.955502281518203267e-01 2.327044156190308521e-01 2.642907083681108604e-01 3.033448534632159355e-01 2.854872535427662728e-01 2.669756493694377397e-01 2.284693311392898829e-01 2.460506418094727810e-01 2.264834599712687857e-01 2.498414855429880732e-01 2.057943828602745162e-01 2.479236579260536144e-01 1.994573205716917985e-01 2.230835501099637797e-01 1.631616223853583902e-01 1.731156881523291113e-01 1.681379902405949478e-01 1.455510793623434607e-01 1.790784365773998577e-01 1.857372200113704686e-01 2.112530045519509236e-01 1.549246413405600820e-01 1.731118694097843469e-01 1.514576396080765663e-01 1.438772663061707036e-01 1.649996395466580001e-01 1.038318750164445581e-01 1.122629390293088392e-01 1.953972263587876179e-01 2.099756052925303706e-01 2.090668117819211858e-01 1.624660403442099998e-01 1.639861015896015295e-01 1.756008045168568066e-01 1.696061589713815931e-01 1.416959155550163718e-01 1.712795706647815830e-01 1.545630319974682920e-01 1.703847653639357085e-01 1.639442016331362773e-01 1.823678087918597646e-01 1.713397044253925638e-01 2.034578794450076777e-01 2.175310557445694348e-01 2.016772085961417715e-01 1.864275650024767028e-01 1.870787955927514234e-01 2.063229969053358981e-01 2.032270820330251693e-01 1.792868665868103950e-01 1.878697985023274342e-01 2.100664145708251995e-01 2.430808706177262357e-01 2.226693718479657857e-01 2.243450939903800789e-01 2.124530810178900664e-01 2.097212564101262333e-01 1.987799998636342602e-01 2.185786174683299332e-01 1.838486602477850396e-01 1.936509086729577001e-01 1.894333346182459910e-01 1.871734939238201278e-01 1.828290332427210396e-01 1.826726046011281079e-01 1.796624621493097540e-01 1.571337545997507912e-01 1.698675603629184461e-01 1.819279591425330966e-01 1.451957778145070155e-01 1.558092644280814343e-01 1.267206201490191642e-01 1.291391877027854573e-01 1.451635625315350620e-01 1.601611887367701548e-01 1.382209092439879161e-01 1.341166321160436881e-01 1.291495502939856432e-01 1.430221462945337751e-01 1.452998556341814074e-01 1.505543470587811516e-01 1.432370097459484681e-01 1.718128468584280977e-01 1.817096221380183618e-01 1.560903219256990215e-01 1.515141949669868426e-01 1.516063466216696631e-01 1.482040208917194124e-01 1.511754217650770893e-01 1.628302505582112925e-01 1.582614407319339334e-01
2.453702310755054850e-01 1.217350197007574797e-01 1.000000000000000000e+00 3.569944885481831087e-01 1.274546221913303023e-01 9.964151968012585625e-02 2.993844552999980757e-01 3.158089694092218180e-01 3.621171810889560749e-01 2.688614535708908071e-01 3.483493956640776879e-01 3.323553320052822224e-01 2.482670373964775690e-01 2.159411985959170943e-01 3.236066464480102378e-01 3.326052176092426649e-01 3.681676742088224596e-01 4.482050755911081152e-01 4.453481366479347114e-01 3.922534607486743985e-01 4.180171710909408311e-01 4.521628917181395590e-01 4.285380822458225158e-01 4.492560207471370526e-01 4.426833426400557103e-01 3.902961061930734221e-01 4.368413028996976366e-01 4.226786324783187165e-01 3.937419199212157106e-01 4.123131933002430749e-01 4.037414084524830749e-01 4.025618281774987484e-01 3.942587481423336926e-01 4.140012540504789951e-01 4.002740479920158245e-01 3.833481440200011692e-01 4.072951328968465456e-01 3.485830193480171646e-01 3.828467744835023501e-01 3.537033013272502524e-01 3.450655332551851862e-01 3.274260685452474173e-01 3.139936335603357720e-01 3.550963629307515856e-01 3.918725621978923490e-01 3.427519136928448007e-01 2.919903124729464339e-01 2.978724369007206274e-01 3.052692446782758195e-01 3.460801220847677384e-01 3.348877373414963499e-01 3.450152831227515926e-01 2.976667901584982290e-01 3.265338152516449322e-01 3.442993059988276316e-01 3.432475802425178912e-01 3.362088584709058692e-01 3.090245255709016536e-01 3.174925308053570538e-01 3.173850478133545816e-01 3.003538221349629223e-01 3.094773623127596851e-01 3.127587444336861200e-01 3.387932619175784699e-01 3.575552662199681930e-01 3.481561383253327646e-01 3.198934082609393714e-01 3.691962928546597689e-01 3.635008486429468499e-01 3.878190966034462117e-01 3.826646126453838725e-01 3.791451995191788549e-01 3.970825075559501482e-01 3.877693749948392665e-01 3.404211285979322210e-01 3.395006390144332253e-01 3.488967496664181489e-01 3.489421970696356956e-01 3.684588379864651153e-01 3.681471052044512637e-01 3.585906853984920928e-01 3.563708764811523433e-01 3.479610884252034020e-01 3.626899454355511643e-01 3.448331985045547943e-01 3.578618414023218564e-01 3.402864486959392143e-01 3.261771447157579273e-01 3.296993568395663043e-01 3.064945870204034417e-01 3.337144769301755298e-01 3.050301451441522760e-01 3.352910774738792066e-01 3.340834685851635788e-01 2.788876640390836048e-01 2.858507950451694146e-01 2.917642214833274239e-01 3.073178375578068389e-01 2.830533935345089791e-01 3.046368298216354797e-01 2.927137097432878643e-01 2.912660591822548994e-01 2.959601420355815193e-01 2.965162791385410057e-01 3.218565969453959230e-01 3.044219114656712688e-01 2.872048398309717254e-01 2.961297850598286763e-01 3.074799236878291708e-01 2.894851353902972435e-01 2.917461620162638547e-01 2.917181312104248359e-01 2.835609100361033974e-01 3.049883396246475531e-01 3.306741517171737366e-01 3.220695044930466100e-01
1.638957041891820621e-01 1.174369797844776048e-01 3.569944885481831087e-01 1.000000000000000000e+00 2.549793468031605892e-01 2.089513975838617477e-01 4.679690048661298563e-01 4.877451344708206293e-01 4.860462854342767480e-01 3.885990917544235312e-01 4.989109735504206333e-01 5.264669136821036322e-01 4.063215969862211674e-01 3.695256487970139392e-01 5.204436453301080068e-01 5.225917428414429411e-01 4.844955507535712580e-01 4.438338651105654953e-01 5.098707460476828990e-01 4.505467221855376514e-01 5.101629777151380774e-01 5.707093832297470692e-01 4.895031720507373452e-01 5.184985508769763829e-01 5.463664054553158955e-01 5.743735967905394535e-01 6.030932678272548086e-01 5.844264243380199453e-01 4.920140765745114608e-01 5.494041881102305069e-01 5.467490725341895841e-01 5.068219796741070260e-01 5.332814664121505732e-01 5.331713297553908326e-01 5.538307263829298499e-01 5.477296226567622828e-01 5.691221356398745712e-01 5.117336147046314121e-01 5.471680101284140951e-01 5.503776291741446780e-01 5.474910885882814382e-01 5.367669871597064990e-01 5.448158932831007606e-01 5.715423907321466324e-01 5.826614319193499369e-01 5.279214398502212191e-01 4.732590379098121081e-01 4.769067584487531875e-01 4.873276908833021337e-01 5.277637596647187790e-01 5.207375751010318021e-01 5.489860313948938808e-01 5.030643497192901492e-01 4.845233515120938583e-01 4.925167437268940795e-01 4.940148642811744151e-01 4.948690175256000856e-01 4.965030032465742593e-01 4.838051765013642314e-01 4.969101038001244586e-01 4.837414446890103137e-01 4.765988124709377716e-01 4.855555107180272723e-01 5.056174411881971809e-01 5.185402798877383201e-01 5.163370248774609150e-01 4.902510682394439767e-01 5.096857095725408904e-01 5.014444777249231766e-01 5.347561318140795494e-01 5.526221767675837393e-01 5.382500268486646311e-01 5.383732883296555860e-01 5.439474794822040105e-01 5.340497263465768807e-01 5.223270620225501926e-01 5.315407624160372047e-01 5.050739353096482809e-01 5.249318043874608986e-01 5.087298698929897389e-01 5.167056032721165648e-01 5.226527541381720265e-01 5.032529726519147095e-01 5.271841826041229195e-01 5.146042321831463262e-01 5.129298103671855458e-01 5.108293509238693852e-01 4.907710778409276609e-01 5.021252351795693070e-01 4.787177964868004620e-01 5.305781654315241402e-01 4.996236605600581915e-01 5.257154212369249402e-01 5.262540194213023437e-01 4.677858912031083727e-01 4.689208562886796328e-01 4.979198095421057957e-01 4.878361275416757126e-01 4.727394578995152141e-01 4.925719979493172196e-01 5.009018520420348564e-01 4.824761727213927598e-01 4.930269229350174864e-01 5.027401716540753629e-01 5.075158072942682619e-01 4.736801447886252459e-01 4.676843126888527435e-01 4.750374717751373321e-01 4.794622589383918387e-01 4.780244925273128276e-01 4.765791797503761695e-01 4.756380230068251724e-01 4.620314746360784652e-01 4.853184863051439035e-01 5.078563441137798895e-01 4.981365189845238794e-01
5.026759353048607798e-02 7.886493423207954767e-02 1.274546221913303023e-01 2.549793468031605892e-01 1.000000000000000000e+00 2.591266983703229276e-01 3.856218882884217547e-01 3.980813223775724330e-01 3.415811218318527409e-01 3.259929627565653631e-01 3.762351161346503270e-01 3.865280124481604296e-01 3.689732794427777463e-01 2.732484343003807603e-01 4.430356767062984535e-01 4.269806039401016218e-01 3.754020013481522700e-01 2.453036503313741346e-01 3.211217605690948607e-01 2.630301676528238319e-01 2.840226101545186288e-01 3.442317691936290780e-01 3.008271199768915993e-01 3.160694990220151990e-01 3.561501512305508821e-01 4.201119841113968856e-01 3.905657878489831591e-01 3.836277424382191770e-01 3.180307260321774687e-01 3.770411045120544147e-01 3.969821169778415815e-01 3.524248264523580088e-01 3.481017536219585540e-01 3.626705182778841574e-01 3.556932482915899918e-01 4.109973704677581940e-01 3.988627072551588215e-01 3.849446328545306217e-01 4.032048715105320258e-01 4.068080533842177715e-01 4.203510585790451448e-01 4.124282965077095686e-01 4.103416376318509418e-01 4.335974766277968517e-01 4.258772120745670797e-01 4.203783401273679665e-01 3.976030787993831694e-01 4.025208465159826332e-01 3.993037105980974388e-01 4.121130468488616305e-01 4.083328040452494645e-01 4.335956352848171491e-01 4.205793189631598095e-01 3.949849422921818398e-01 3.914135731283362452e-01 3.964657009550271449e-01 3.984960037064703142e-01 4.128035846657013286e-01 3.887634283980855865e-01 4.171586052271613054e-01 4.057045342310797720e-01 3.993229504720440248e-01 3.999210517696167311e-01 4.079034699100321237e-01 4.187963981772040989e-01 4.196768041571556362e-01 4.054264127013004759e-01 3.950505702516401985e-01 3.912625909710192862e-01 3.918558188579800428e-01 4.056079940051237065e-01 4.112790874213466674e-01 3.949292392663683593e-01 4.073781898179731908e-01 4.230058703432796330e-01 4.167122029953994056e-01 4.160195169188619646e-01 3.873780535753472698e-01 3.977496277528065893e-01 3.857243601441560088e-01 3.985831711173278835e-01 4.061274691786430080e-01 4.047017131857124084e-01 3.939436044643754298e-01 3.997403693989323714e-01 3.970591456131153940e-01 4.056888501334347530e-01 3.925454607249659889e-01 4.051224819419214085e-01 4.047395376338569495e-01 4.182304678479407678e-01 4.161341191302300180e-01 4.209239490675231177e-01 4.163900653299215660e-01 4.056666192080442546e-01 4.014978683951640481e-01 4.108724609991636911e-01 4.082905937379910366e-01 4.092305221475564525e-01 4.069141733150942186e-01 4.132797214357424864e-01 4.052706342161435660e-01 4.147598013210617718e-01 4.177773967176492964e-01 4.194297275500835087e-01 3.982334963306243814e-01 3.994416953319760988e-01 4.074375710390352179e-01 4.050738085851030568e-01 4.093230226796804594e-01 4.039861962396335548e-01 4.093670725319811243e-01 3.976464875371751861e-01 4.062286521225290659e-01 4.164236249439454141e-01 4.145932693618268883e-01
-3.465816244962018761e-02 5.445087033862366227e-02 9.964151968012585625e-02 2.089513975838617477e-01 2.591266983703229276e-01 1.000000000000000000e+00 3.924807135159831262e-01 3.192403938618653125e-01 3.135847084093059123e-01 3.222885288309307317e-01 3.551976049045094674e-01 3.819385374609637340e-01 3.313688851591120033e-01 3.179012566868941181e-01 4.255928308152994166e-01 3.732430226617517999e-01 3.555452526547574488e-01 1.869940693682885235e-01 2.392285366397292889e-01 2.244045943933564990e-01 2.306777648678379755e-01 2.492911664657729565e-01 2.493921163771265215e-01 2.360085281441805793e-01 2.540336116819109091e-01 3.815272276436222354e-01 3.376185124068530330e-01 3.168992688357420429e-01 2.919711724725634339e-01 3.147913607678622383e-01 3.589814129733092662e-01 3.437545259731996650e-01 3.087935526635572359e-01 3.328050117786024997e-01 3.142778313132620904e-01 3.801361732736107668e-01 3.355918744882711580e-01 3.879121903047846320e-01 3.793787307869576075e-01 4.003230921677625176e-01 4.141252881525508411e-01 4.147392651118165241e-01 4.192668457104513080e-01 4.168493916804641986e-01 3.998583934134785633e-01 4.096117722294647656e-01 4.296566002830086717e-01 4.249677030227722585e-01 4.194897243682159105e-01 4.117167253454437348e-01 4.157685419472477717e-01 4.208554638886496946e-01 4.323034701543574387e-01 4.132046930325406486e-01 4.007755266648276860e-01 4.023295407231599063e-01 4.138720840975683712e-01 4.258828953242331794e-01 4.135737445077108942e-01 4.297160301515073333e-01 4.315840037099553661e-01 4.262458480832935770e-01 4.193675279101553022e-01 4.149246919490752195e-01 4.124664887640720479e-01 4.167400353268146396e-01 4.239581774098900024e-01 3.996854395388289571e-01 3.897918744028083804e-01 3.923460849347947810e-01 3.934211833756791066e-01 3.987775388513725705e-01 3.773726669809414624e-01 3.818096160749754331e-01 4.221782099925460718e-01 4.198592902479491018e-01 4.141817364074782959e-01 3.886630300802473292e-01 3.933858982309007546e-01 3.957179058529182725e-01 3.990055497253370831e-01 4.048864112154328398e-01 4.091407976094373344e-01 3.883149206573817125e-01 4.071744619800463094e-01 4.035397160957076013e-01 4.115309223994136345e-01 4.144461927227234832e-01 4.177676886710446902e-01 4.228705910186678074e-01 4.174422663690956492e-01 4.341095184240614246e-01 4.262951615369051095e-01 4.189007991253050900e-01 4.331330819401765231e-01 4.314298168016131307e-01 4.239611328761490605e-01 4.199825384646857507e-01 4.342394561695225308e-01 4.283424855259206909e-01 4.333949276030773512e-01 4.271409366720896883e-01 4.393147559197864149e-01 4.331671826208088327e-01 4.299092902768467117e-01 4.196893794391549637e-01 4.270729567932501913e-01 4.271004229066971969e-01 4.255434514556819536e-01 4.329773525599828199e-01 4.310330283630304793e-01 4.325529728351703018e-01 4.292656184182170875e-01 4.285646102181001615e-01 4.253151552949944736e-01 4.251689472867868358e-01
7.808752309952786408e-02 1.366915599795854863e-01 2.993844552999980757e-01 4.679690048661298563e-01 3.856218882884217547e-01 3.924807135159831262e-01 1.000000000000000000e+00 6.426150511596461223e-01 6.238937495586082127e-01 5.700598985087554915e-01 6.330180868358806778e-01 7.053202660225131870e-01 6.296210732562225187e-01 5.277332741066587118e-01 7.732636233334472253e-01 7.186408699619268869e-01 6.550081500123697831e-01 4.588740189042160300e-01 5.627877472130918823e-01 5.013595378573731942e-01 5.059753315837053345e-01 6.027312701107776505e-01 5.759931990345134034e-01 5.530452136476051717e-01 5.966579179020915502e-01 7.469768682743882504e-01 7.072732767751763738e-01 6.838865305597973121e-01 5.929513037410542031e-01 6.409907932613738701e-01 6.713220885194104426e-01 6.720960682124772489e-01 6.269005692378999406e-01 6.543142783755810932e-01 6.454523311708447730e-01 7.137959437124953288e-01 6.775808543413035512e-01 6.973582062476847421e-01 7.109611069879109291e-01 7.388135261580792701e-01 7.511576244520775658e-01 7.442713176289821320e-01 7.462542468603697854e-01 7.618472473565025549e-01 7.582954681511192563e-01 7.215299694910350947e-01 7.106519619614994898e-01 7.146417354342674555e-01 7.274214027223599999e-01 7.263213190978277112e-01 7.337210679958754422e-01 7.405269141782132580e-01 7.230244540400345699e-01 7.116390050562493297e-01 7.116403571226523894e-01 7.175925544786074806e-01 7.287298706997044073e-01 7.243274270330554154e-01 7.109703982291837310e-01 7.340766378248340107e-01 7.214222520293636087e-01 7.099933220697997038e-01 7.204932538855889357e-01 7.295942222038092062e-01 7.298655669092372067e-01 7.318881980393888709e-01 7.221519148321992043e-01 7.065763331772503264e-01 7.067244952800252333e-01 7.089359344247350148e-01 7.206704140011885862e-01 7.326311359061569162e-01 7.090047222262156890e-01 7.171023650986813047e-01 7.495655625905839337e-01 7.349516086326095543e-01 7.393167349186692272e-01 6.949109711427010616e-01 7.188900283089501020e-01 6.960849230200675253e-01 7.064400594395942035e-01 7.182801505475920889e-01 7.307119780574627965e-01 7.013705209989803402e-01 7.160666176440038111e-01 7.114211851899090444e-01 7.190038339086818331e-01 7.167051570089123524e-01 7.208034729956319664e-01 7.207719946269008915e-01 7.402621679784335829e-01 7.364820348045468812e-01 7.403078346196083626e-01 7.352590010176937030e-01 7.125316558109148213e-01 7.123487421123433361e-01 7.375836496224557060e-01 7.304347336755678821e-01 7.185041403000718141e-01 7.289948080366739358e-01 7.335637319876520124e-01 7.260010864547943310e-01 7.293491123458316627e-01 7.367957971191617661e-01 7.367926892638322345e-01 7.196551872319097987e-01 7.167856128320595488e-01 7.135794707370644030e-01 7.168852054601057011e-01 7.213219450900349994e-01 7.206730514369629192e-01 7.205826592438749900e-01 7.083395142857993321e-01 7.254250590884683270e-01 7.342327748579275948e-01 7.299514097370987109e-01
1.511683314415742940e-01 1.558762395626400732e-01 3.158089694092218180e-01 4.877451344708206293e-01 3.980813223775724330e-01 3.192403938618653125e-01 6.426150511596461223e-01 1.000000000000000000e+00 6.528843242650683720e-01 5.605836552151413077e-01 6.483919194392117058e-01 6.873419209198837754e-01 6.021088941728102162e-01 5.175267393548343975e-01 7.245169453726514330e-01 7.312695509234775626e-01 6.618061447472070036e-01 5.094708173301305543e-01 6.001858056105309203e-01 4.871546235391165380e-01 5.321995762458102686e-01 6.288527930925594811e-01 6.154470718116938910e-01 6.124733728641024166e-01 6.351653078000555341e-01 7.341783014304543720e-01 7.191366089053706778e-01 7.144308853475033194e-01 6.368269268044030040e-01 6.714828647007980988e-01 6.953078984492715442e-01 6.877779202526113078e-01 6.621282676747951568e-01 6.969448112789591310e-01 6.720674655525491481e-01 7.219762750390654737e-01 7.012809661215502199e-01 7.130842063542869314e-01 7.285974504689513020e-01 7.317833693324532485e-01 7.385560549081231496e-01 7.434860331755531737e-01 7.364892741464745818e-01 7.594422248616968796e-01 7.531481270486291013e-01 7.351593019242426141e-01 6.976091983054164558e-01 7.008950008247445407e-01 7.057668070857513465e-01 7.260602747189148776e-01 7.261257048443513495e-01 7.365442305734227757e-01 7.107651781113032419e-01 6.962152265663805739e-01 7.020906397889846717e-01 7.064706309572272858e-01 7.052729479459393103e-01 7.130261972167036832e-01 7.015830972945334976e-01 7.185787486547814407e-01 7.096543052161021770e-01 6.988793279360839827e-01 7.090655929271767466e-01 7.164164740000817932e-01 7.175367041205202856e-01 7.221906060431176888e-01 7.130321930390162155e-01 7.142011530829684984e-01 7.123767623814287742e-01 7.030298630107355562e-01 7.230787098913245003e-01 7.320511611038593713e-01 7.250855448779558454e-01 7.287975308681636788e-01 7.399682230950404005e-01 7.314710209681648534e-01 7.421732915492290639e-01 7.097106358633609169e-01 7.277922098239549831e-01 7.027141745878574541e-01 7.124742894779427793e-01 7.202069954572763999e-01 7.171334038441602443e-01 7.117016710873735885e-01 7.198514570578632421e-01 7.205506179407300538e-01 7.189458931918597528e-01 7.133334947358729305e-01 7.181011179657215138e-01 7.059818442142715700e-01 7.369065601423524514e-01 7.244626875674422539e-01 7.308975434951769934e-01 7.356307500141258116e-01 6.980958838139394995e-01 6.955925520084734748e-01 7.145008117368383260e-01 7.050709320695409676e-01 7.025619593024534648e-01 7.139562403843222604e-01 7.152375262377976828e-01 7.076456712817200678e-01 7.087271409886500839e-01 7.218154951283130005e-01 7.221558184490579624e-01 6.916498516320818135e-01 6.952764209667831041e-01 7.013850825141854095e-01 7.050235541188726307e-01 7.058533084688574100e-01 7.046630737668324596e-01 7.031999000855645443e-01 6.914714871633068638e-01 7.061968637301490048e-01 7.206440120114591119e-01 7.128859495372759092e-01
2.349202295685456632e-01 2.213727657093412515e-01 3.621171810889560749e-01 4.860462854342767480e-01 3.415811218318527409e-01 3.135847084093059123e-01 6.238937495586082127e-01 6.528843242650683720e-01 1.000000000000000000e+00 7.165736251235949039e-01 7.583725250754939085e-01 7.682121020380775489e-01 6.345896979958008943e-01 5.975335857431007813e-01 7.912235892986265728e-01 7.768840485865647905e-01 7.708172702144046040e-01 6.480271511541711993e-01 7.114966777366040773e-01 5.682631629488724689e-01 6.077100811752216281e-01 7.064064904988247573e-01 7.611222679745232034e-01 7.192025808410548171e-01 7.148050840214702495e-01 7.954568630889304881e-01 8.042828385644987810e-01 8.164840178156130834e-01 7.862605530644097840e-01 8.133709389128999101e-01 8.356401599863042540e-01 8.236014511835754170e-01 7.989317594673370770e-01 8.208308862249525939e-01 8.105773383411658539e-01 8.269835973227440684e-01 8.336935592211458523e-01 8.337700643173354687e-01 8.513514300609713592e-01 7.867031780104759564e-01 8.308030611457453141e-01 8.218684521276995447e-01 8.037354914764810454e-01 8.327070383639323392e-01 8.306922863613439567e-01 8.463392799171460812e-01 8.091570966017839206e-01 8.284013179848149777e-01 8.146339640920026159e-01 8.122275547959936226e-01 8.306069524160701878e-01 7.804021466637931503e-01 7.882913342697732695e-01 8.430819289551987339e-01 8.451292877186574737e-01 8.405141226058566728e-01 8.210714340877884876e-01 8.229148296321630029e-01 8.246370319335804000e-01 8.299440034490267459e-01 8.165699943371745873e-01 8.277251209034081070e-01 8.182976645172856944e-01 8.402625492726809586e-01 8.338550881478035137e-01 8.453950202956800331e-01 8.341259520584890508e-01 8.525510431624285790e-01 8.526685822372939150e-01 8.289680564938752827e-01 8.350079443133581192e-01 8.484954355765634837e-01 8.535041890951481358e-01 8.520207239009808253e-01 8.372946656634515650e-01 8.455805368180123738e-01 8.529331945887730360e-01 8.502651710141345687e-01 8.594887564283494319e-01 8.553261531283647967e-01 8.578562379489800271e-01 8.544517489383347542e-01 8.491898667250200594e-01 8.572317749189359848e-01 8.411191918538064582e-01 8.515928191298617334e-01 8.483460503723664337e-01 8.413635287413195885e-01 8.437913083762518252e-01 8.239173240975591339e-01 8.378643907126446244e-01 8.215151950121802882e-01 8.389600524050675467e-01 8.434328379667518361e-01 8.064512391862211915e-01 8.139238010457722217e-01 7.874897330033576726e-01 8.019667591503121251e-01 8.086975387719050890e-01 8.218690560820951507e-01 8.083070789641066956e-01 8.043043255762084565e-01 8.030840934189151792e-01 8.108411664933531382e-01 8.221277962641430070e-01 8.074429723219276323e-01 8.050892187310147996e-01 8.253667301133379430e-01 8.297115336403134700e-01 8.133836783222588851e-01 8.120622352982698189e-01 8.147798809537963871e-01 8.097133439742988381e-01 8.212722281141607850e-01 8.321370421641183235e-01 8.310112241859730631e-01
1.605163258076675314e-01 2.434179405828071352e-01 2.688614535708908071e-01 3.885990917544235312e-01 3.259929627565653631e-01 3.222885288309307317e-01 5.700598985087554915e-01 5.605836552151413077e-01 7.165736251235949039e-01 1.000000000000000000e+00 6.760188777064138899e-01 6.817238249244590431e-01 5.873203041708262573e-01 5.399427671571709331e-01 7.172992215612383760e-01 7.126973333218435958e-01 6.593239916621409513e-01 5.099722185187386403e-01 5.638817124724435637e-01 4.577556463402352449e-01 4.694711471989182483e-01 5.586162420498447245e-01 6.591955386906597214e-01 5.700515633509817270e-01 5.730120263228651867e-01 7.160912167050005328e-01 7.044027457143964277e-01 7.192149689516793565e-01 7.064115055094273288e-01 7.098817430433957965e-01 7.372983530226479010e-01 7.470881505410499335e-01 6.982046838691424728e-01 7.052308370534758897e-01 7.048382372315715738e-01 7.309226812117751715e-01 7.246167749666410085e-01 7.560303478582213188e-01 7.533115918805748379e-01 7.229501367451997007e-01 7.609428186419558982e-01 7.544137822852278186e-01 7.245958100017474424e-01 7.497937000289752740e-01 7.367165854658312973e-01 7.655341899032803710e-01 7.486355501197983209e-01 7.764365706695016689e-01 7.520129014299458126e-01 7.275057151389162646e-01 7.609817760470193315e-01 6.888299787041600730e-01 7.204551369839803376e-01 7.787123122214633097e-01 7.762020169267535019e-01 7.797455509080681857e-01 7.420742917129501404e-01 7.645511598118288621e-01 7.653023898507472778e-01 7.620017783186640026e-01 7.518844674644634685e-01 7.648584391708797003e-01 7.491404483882939669e-01 7.575219080695817508e-01 7.489765462494010206e-01 7.696386714618398406e-01 7.684284371910056199e-01 7.649636201312753903e-01 7.853694529522824430e-01 7.341224635006837751e-01 7.337200336772605747e-01 7.502819491071726077e-01 7.511837542374705246e-01 7.491991847041629127e-01 7.666332135100221157e-01 7.788784748266300850e-01 7.804750170375442941e-01 7.817905510675766667e-01 7.789099322886037235e-01 7.772066688521216404e-01 7.781253933633731634e-01 7.757734243425148390e-01 7.773064312562546485e-01 7.796957072053763982e-01 7.679185641030936704e-01 7.682193793039330254e-01 7.694439574466804821e-01 7.784841807157557581e-01 7.717798415212762109e-01 7.758137968214527946e-01 7.691963710916525088e-01 7.611297523359535910e-01 7.641385797377565625e-01 7.723938593736505709e-01 7.519459649754268726e-01 7.607505581800596550e-01 7.234864645912505443e-01 7.261857536333209406e-01 7.509932857012122653e-01 7.617120574498487118e-01 7.452841920399454478e-01 7.398462142958356358e-01 7.406461975709556222e-01 7.489457886234532902e-01 7.470987709311300851e-01 7.434094691740058547e-01 7.478840912186526246e-01 7.706533057393021302e-01 7.742934335191758999e-01 7.574082910002358782e-01 7.581364920245684536e-01 7.554155477549737707e-01 7.522632428966954388e-01 7.513683536614630398e-01 7.578349905038116452e-01 7.613297875085872635e-01
1.503992718582243815e-01 1.795111089385257042e-01 3.483493956640776879e-01 4.989109735504206333e-01 3.762351161346503270e-01 3.551976049045094674e-01 6.330180868358806778e-01 6.483919194392117058e-01 7.583725250754939085e-01 6.760188777064138899e-01 1.000000000000000000e+00 8.145669461963929159e-01 6.506113382758145214e-01 5.905270299056522010e-01 7.985947252691744103e-01 7.940295160219553727e-01 7.639766923796510456e-01 6.163570559540092475e-01 6.960643953651053373e-01 5.719313232197746899e-01 6.464223590742763648e-01 7.185416300719823512e-01 7.129950445977362161e-01 6.879014498930904331e-01 7.146196163865193851e-01 8.148457254216628920e-01 8.145121871739517960e-01 8.069298455750070209e-01 7.671200295151902049e-01 8.022047977245247985e-01 8.385208210577188570e-01 7.957098517193020859e-01 7.745779522670631634e-01 8.006081130093429810e-01 7.902882357573625116e-01 8.383963476222513478e-01 8.237077865222135475e-01 8.333760547714829103e-01 8.424571031112609854e-01 8.098282620888559435e-01 8.390219382212706911e-01 8.401132478956067073e-01 8.238921248866989400e-01 8.498086254597750910e-01 8.454812090568410987e-01 8.519509756399735734e-01 8.248125213509468479e-01 8.348841742855896975e-01 8.265884042079371108e-01 8.312985934221379658e-01 8.455691569153719334e-01 8.143113449271301985e-01 8.167338195733117034e-01 8.390633285542943298e-01 8.415888423051683942e-01 8.403580572974096441e-01 8.321340765862477173e-01 8.398937400901771433e-01 8.382840255195607160e-01 8.426902924730115263e-01 8.346546833480880112e-01 8.387542519096744531e-01 8.305111729620999750e-01 8.458581135277434271e-01 8.491767932756876247e-01 8.549778206831770699e-01 8.420892932710843937e-01 8.502175111988791167e-01 8.411945909487558160e-01 8.417505413727743857e-01 8.528530383245487290e-01 8.598696034537477439e-01 8.441243701744121086e-01 8.542792660753605327e-01 8.581314066889167425e-01 8.607859297279335520e-01 8.603341632909092818e-01 8.487436184406429440e-01 8.631292962020178372e-01 8.618190822213561697e-01 8.621358948591134608e-01 8.672914360961780922e-01 8.471881111672863174e-01 8.586326323212062350e-01 8.468096664381618011e-01 8.522164762424971896e-01 8.562019012574061394e-01 8.456996528617823916e-01 8.517016321881114571e-01 8.336894438474985458e-01 8.514774612115795227e-01 8.383836359827163687e-01 8.560242628132624931e-01 8.551061886375205257e-01 8.234106008545175603e-01 8.270761077570907283e-01 8.116370295195078910e-01 8.214994889202357209e-01 8.258065154605808145e-01 8.370117608266627318e-01 8.321159291800428459e-01 8.233943741842940645e-01 8.269115054742819382e-01 8.327901267056139201e-01 8.430857441094911087e-01 8.204389131482532349e-01 8.200735611724698781e-01 8.349778728642498482e-01 8.395501361314868793e-01 8.299984835875303668e-01 8.295524993223551968e-01 8.293486273087794514e-01 8.249150165073164676e-01 8.351419588645409009e-01 8.480005833521836456e-01 8.437208002293050679e-01
8.478760353399483751e-02 1.452191381440416096e-01 3.323553320052822224e-01 5.264669136821036322e-01 3.865280124481604296e-01 3.819385374609637340e-01 7.053202660225131870e-01 6.873419209198837754e-01 7.682121020380775489e-01 6.817238249244590431e-01 8.145669461963929159e-01 1.000000000000000000e+00 7.159774419912188215e-01 6.432237604550313792e-01 8.581686142769460179e-01 8.486673432694892272e-01 7.821721509379321313e-01 5.659757662853209803e-01 6.827355459650328307e-01 5.614279662418278916e-01 6.266239113706750796e-01 7.154007782800934079e-01 6.865531064021421770e-01 6.734900008390992676e-01 7.041012507404276199e-01 8.560762064610452082e-01 8.362518750794845079e-01 8.042737894341239757e-01 7.259296074408555510e-01 7.746213998688172842e-01 8.245506097489297970e-01 8.187331138540764330e-01 7.672847635771025132e-01 8.032793024927775694e-01 7.873439329504874351e-01 8.597628808901888187e-01 8.181141403895376696e-01 8.554207804961614370e-01 8.618839573761932771e-01 8.576667104074966463e-01 8.909170590455979255e-01 8.909906757676511191e-01 8.821217746959606476e-01 9.024472847925625318e-01 8.931305334969743548e-01 8.791139424691353232e-01 8.867482317824472160e-01 8.857227191653729292e-01 8.902582204515331332e-01 8.808017495077049563e-01 8.946332009102716532e-01 8.784426904249094115e-01 8.805167619343510221e-01 8.811977955962195797e-01 8.716520036869483956e-01 8.770554794661712394e-01 8.754779296556720602e-01 8.894136833049379742e-01 8.836298543550007434e-01 8.948251700481998361e-01 8.912656438374224610e-01 8.795034767658622687e-01 8.824058095395816981e-01 8.923041566457948770e-01 8.932505399995739337e-01 8.949535969400034263e-01 8.921322242479455822e-01 8.815698019657504103e-01 8.735070058876466259e-01 8.698499941150570347e-01 8.950373338200032780e-01 8.993566535726857936e-01 8.723446302664938923e-01 8.872382477661829858e-01 9.092316062958555323e-01 8.978465508961136488e-01 8.959021523847713331e-01 8.621423425209977509e-01 8.898732913236612196e-01 8.762329133854939167e-01 8.818084045935319359e-01 8.967995484934825345e-01 8.924711797246210887e-01 8.758176860144448739e-01 8.855453505011573467e-01 8.853212734116010507e-01 8.946139791501681593e-01 8.883778001954122372e-01 8.924124459372219098e-01 8.875825817732430068e-01 8.993171373294125415e-01 8.986567899294571893e-01 9.060176526512495609e-01 9.043643258544986629e-01 8.872755440915520708e-01 8.872531164736536802e-01 8.886728537126272753e-01 8.903222615666447348e-01 8.897663378749725016e-01 8.946037495370559034e-01 8.963835053547395404e-01 8.927577184394861476e-01 8.941571142479000089e-01 9.003761579766748069e-01 9.024288020116686404e-01 8.824468493583972339e-01 8.883618372754472636e-01 8.888013040877763560e-01 8.892104709228696446e-01 8.910710340736244239e-01 8.911806603113768821e-01 8.912996298298337949e-01 8.837620718597949399e-01 8.936716717911684649e-01 9.021147500628010629e-01 8.997031972552859136e-01
1.088038154760201902e-02 1.301714325799747662e-01 2.482670373964775690e-01 4.063215969862211674e-01 3.689732794427777463e-01 3.313688851591120033e-01 6.296210732562225187e-01 6.021088941728102162e-01 6.345896979958008943e-01 5.873203041708262573e-01 6.506113382758145214e-01 7.159774419912188215e-01 1.000000000000000000e+00 5.453517994320783435e-01 7.569909872778565196e-01 7.442991723290197648e-01 6.447234543960308484e-01 4.195052589790889686e-01 5.147323228611075940e-01 4.308358649155225595e-01 4.576235295588476082e-01 5.349879355373902134e-01 5.453799264164830296e-01 5.158122488172538489e-01 5.261679372883891759e-01 7.205110910956220582e-01 6.799862490276856741e-01 6.601004791372786507e-01 5.898094125619252059e-01 6.078171171336240741e-01 6.483679015595699147e-01 6.777062832026170547e-01 6.350746621654669299e-01 6.585925808629106148e-01 6.369053192295792698e-01 7.046104109217901090e-01 6.600512999605264719e-01 7.246991304853928062e-01 7.252226232245004844e-01 7.269167187836615973e-01 7.745981219980335730e-01 7.790265030432531601e-01 7.622341698642779440e-01 7.709896773668823977e-01 7.498004737377337303e-01 7.438908131680617153e-01 7.817363333634232969e-01 7.775026374557503228e-01 7.752684178323998587e-01 7.423608745578965662e-01 7.657062517371120425e-01 7.522214256736713400e-01 7.656668684602492281e-01 7.604234597686643227e-01 7.402955087729227168e-01 7.544444046912655022e-01 7.456650626708524188e-01 7.775118600902970467e-01 7.609457141823871007e-01 7.891367025972702010e-01 7.822131593281649309e-01 7.655350998918976080e-01 7.643152246954920681e-01 7.696331516759561397e-01 7.714960414532932020e-01 7.659414655430734076e-01 7.787444922847706064e-01 7.523890781881106271e-01 7.464448690086905591e-01 7.284711839966767633e-01 7.496318054172556034e-01 7.627577171944520673e-01 7.315790598233458120e-01 7.428668261343985835e-01 7.887572868691437034e-01 7.759405837656120353e-01 7.670719805585263229e-01 7.350475753023349990e-01 7.544368207539043913e-01 7.379841538963334280e-01 7.504563299289257472e-01 7.551325736233551744e-01 7.668105116035228708e-01 7.415945092248670267e-01 7.583986440974631593e-01 7.582083408326220075e-01 7.692716731591500157e-01 7.735856769733810978e-01 7.728349579207710596e-01 7.776523092433547113e-01 7.775619477383587386e-01 7.919903837787279910e-01 7.798944140941708181e-01 7.836144405710925298e-01 7.872750161260564372e-01 7.842833881976188914e-01 7.824708067814811763e-01 7.746878611141500004e-01 7.834716343995916654e-01 7.825907749330239804e-01 7.903827789710835550e-01 7.874996844376517258e-01 7.882541405860563621e-01 7.971448137608517781e-01 7.853429898499861839e-01 7.709091429006682539e-01 7.852427431577969630e-01 7.799524485978761579e-01 7.776414174657860778e-01 7.882665946255899003e-01 7.831511631635551529e-01 7.902308911736969366e-01 7.829594243222453009e-01 7.853835867916078017e-01 7.841376210791530799e-01 7.840391699529656311e-01
