1.000000000000000000e+00 1.374135106055667244e-01 1.100158576688186479e-01 3.499935125568113398e-02 4.734199717163065091e-02 -4.374478894221917047e-02 3.259618779913867059e-02 3.072231007638553252e-02 1.558278790450621232e-01 7.499325796226287422e-02 6.120551805698584008e-02 -1.719740372292464852e-03 2.752773629143012019e-02 1.164117488905149628e-02 4.672895200109937128e-03 2.362753626784949365e-02 9.933862106244338575e-02 1.423010038418235923e-01 7.014515470605744984e-02 5.477503089799867775e-02 2.274202763236880462e-02 5.106507551649965698e-02 1.875261157031184733e-01 1.392222283803837279e-01 1.043552788189507086e-01 1.020728706161289912e-01 7.619846073659901353e-02 9.971596683073276346e-02 1.448716110161573367e-01 1.378263492463397133e-01 1.157778342475853095e-01 9.150867647148824835e-02 1.053431341472481353e-01 1.020264774503538557e-01 1.131892718246626794e-01 7.375971654985458148e-02 9.286751488270418575e-02 5.324649722905549359e-02 7.108491956001004863e-02 4.916459316843891508e-02 2.645427566750953308e-02 3.194606188595970619e-02 1.662546252978973002e-02 3.407307385644716552e-02 4.624294023119739083e-02 4.675285742266643840e-02 8.701783241913691597e-03 3.078882425198183753e-02 1.295251418647836925e-02 1.157462943673514578e-02 1.332121967685716626e-02 -6.403685432423619588e-03 -2.715411929244040262e-03 3.970973827772650983e-02 3.403929211225117241e-02 6.078219420262166023e-02 3.097123318273908507e-02 1.943678590611635712e-02 5.857187471126188219e-03 2.543354129896086002e-02 -1.500590827999012319e-02 2.447519662566070148e-02 8.129061716178892158e-03 2.462488371947773452e-02 4.529046339396859688e-02 1.781531529051075952e-02 2.342770922789991911e-02 3.497614072343734060e-02 5.926506227538900357e-02 2.312708308913236782e-02 2.766781199546181069e-03 2.367288109153087294e-02 6.332559563472492381e-02 3.773470443293519549e-02 3.040557741896973351e-02 2.929186023031399647e-02 3.051888643051732172e-02 5.722835903592103646e-02 5.388973833193814317e-02 5.479669099504736601e-02 4.696649908468912560e-02 4.236264183080826889e-02 5.588807126989961405e-02 4.536050745844455445e-02 2.423766318861068914e-02 4.021707152349929953e-02 4.780359454488501691e-02 2.109396696714553252e-02 2.709731183779890210e-02 3.877705311807532612e-02 2.345837811867091879e-02 1.427620845105943490e-02 1.328651303737933033e-02 1.658501113108381414e-02 2.525691038130093748e-03 1.604924588951755701e-02 -2.063321594656985017e-02 -6.890807494688741888e-03 -1.955686628266463389e-02 -4.989106619603122378e-03 -7.957011560058967897e-03 -1.426161443444204716e-02 -3.494545167541978498e-03 1.788415060608486667e-04 -3.083498989358991488e-03 8.980510102529851504e-03 1.022867649844003309e-02 2.496359697292070343e-02 2.727078924422446371e-02 5.958863157305666763e-03 -3.150894129666050470e-03 8.955552197266326842e-03 -4.391064137777859512e-03 -1.044922709299113146e-03 3.554486778969145888e-02 6.137559862637110078e-03
1.374135106055667244e-01 1.000000000000000000e+00 8.584846333247714290e-02 9.801004793476433830e-02 8.191130380547349821e-02 9.909158777032886500e-02 1.791116066439364107e-01 1.146290025936433504e-01 1.939301240570680818e-01 2.025218404558171981e-01 1.640079482019768109e-01 1.394033109923758784e-01 1.528041417755179321e-01 1.458241313875574541e-01 1.527637632067845030e-01 1.574875161523781042e-01 1.782177156298119791e-01 2.080604274224042982e-01 1.488118388608402343e-01 9.925801660700801776e-02 1.081365190496775541e-01 1.468109930711082312e-01 2.465521511501234664e-01 1.995888287457255328e-01 1.739120031675485678e-01 2.260658838797177939e-01 1.751676333854933765e-01 2.087791836713535354e-01 2.199047718677924201e-01 2.321867056336511248e-01 2.187837742443965172e-01 2.170533020908347044e-01 2.063899139358212065e-01 2.167784385910712652e-01 2.233517727635345174e-01 1.721620850264425351e-01 1.988091218241581359e-01 2.059092355761216186e-01 2.027426210068338508e-01 1.654284429889900099e-01 1.654421738316438073e-01 1.676749064865563077e-01 1.468990374441215552e-01 1.632349019670163714e-01 1.809570826747125272e-01 1.898721977219878509e-01 1.585610669877692003e-01 1.694164989515383468e-01 1.576406153145797351e-01 1.388496514702837192e-01 1.454423035459946612e-01 9.625931567717545267e-02 1.236066249151159951e-01 1.718209693503280899e-01 1.733335818691723040e-01 1.980792989955280359e-01 1.251031332862029832e-01 1.491966555920680726e-01 1.374576161580842726e-01 1.552763085711713620e-01 1.330461255894993533e-01 1.386095524384733657e-01 1.372532924518499731e-01 1.511462328372429886e-01 1.658576249682515991e-01 1.402327662838231681e-01 1.712917441808461949e-01 1.721778658901959858e-01 2.012948254384967217e-01 1.553006336617242245e-01 1.404862920159330175e-01 1.679250002305315292e-01 1.898667793782882474e-01 1.669699211502904124e-01 1.778495417763793496e-01 1.735185513343767971e-01 1.736926974576832039e-01 1.890847352598205855e-01 1.971211093785502078e-01 1.921024538436170159e-01 1.874621204361697491e-01 1.858173588719120584e-01 1.929986546915153922e-01 1.887530686040837513e-01 1.741228467404650204e-01 1.809170894271657226e-01 1.815233289555812646e-01 1.806602397354486189e-01 1.800974189887551979e-01 1.826933721690897350e-01 1.742834035232196932e-01 1.660824038524337520e-01 1.631817168199400925e-01 1.679912273146460799e-01 1.587902978599899650e-01 1.684400668876899487e-01 1.263848336219493829e-01 1.220523556159930634e-01 1.403824566196594514e-01 1.537757458524753595e-01 1.505444666797266240e-01 1.400499672398849149e-01 1.417626335392275505e-01 1.466344348661874630e-01 1.437502101422806211e-01 1.404737883056259573e-01 1.572549640513560831e-01 1.778956046622429954e-01 1.786553048972618074e-01 1.545267361648529070e-01 1.446232883213323384e-01 1.541859402699690962e-01 1.435711559237158597e-01 1.501897620117926546e-01 1.660736331973481916e-01 1.458089102637069312e-01
1.100158576688186479e-01 8.584846333247714290e-02 1.000000000000000000e+00 2.952924249204263996e-01 2.369516019169818355e-01 2.145421592746387107e-01 3.434743456071044365e-01 3.237891370296169247e-01 3.647486307801741656e-01 3.192042329145446389e-01 3.420235643676070025e-01 3.636041136226108028e-01 3.279593288328802037e-01 3.249741162828270191e-01 3.613947233627975986e-01 3.655717697614335737e-01 3.541512031189727461e-01 3.567568784948351723e-01 3.509875379949666252e-01 3.439808615865496133e-01 3.383438161918117526e-01 3.651608346986717768e-01 3.384432486068091883e-01 3.303181284245326754e-01 3.400965610171719500e-01 3.940692714491875193e-01 3.792289010445863973e-01 3.843618268649349745e-01 3.804454663147498472e-01 3.920006137770915000e-01 3.879877048244637083e-01 3.764148489519905105e-01 3.591546426294996430e-01 3.755131094896947963e-01 3.697862659159165677e-01 3.731433922833936045e-01 3.734191099514433398e-01 3.777916201677641861e-01 3.774213751752975576e-01 3.861688512617468261e-01 3.726257045325431783e-01 3.772431421602680524e-01 3.625587462001981787e-01 3.839176365057788143e-01 3.695960664598616496e-01 3.702053415077085630e-01 3.564741593631116645e-01 3.648866564308301808e-01 3.658850876144029152e-01 3.663726413193668652e-01 3.730098390251342932e-01 3.453144054040159783e-01 3.607599804139727806e-01 3.646054316132862905e-01 3.648243959564889671e-01 3.722529212172926982e-01 3.619463890584602161e-01 3.749349495867519977e-01 3.680416888728983982e-01 3.690156157771615764e-01 3.571404480276958449e-01 3.667605005393109185e-01 3.632260394451837793e-01 3.688444469891631883e-01 3.614237541917704188e-01 3.646775091692227577e-01 3.589650155024873279e-01 3.680260855750178139e-01 3.727608366269595797e-01 3.782710422912898274e-01 3.609603483554562064e-01 3.686693309032209598e-01 3.699657103205944431e-01 3.666455535852990444e-01 3.705320482274651051e-01 3.666666985643275978e-01 3.679455673118228742e-01 3.794166369463225497e-01 3.764485693749922701e-01 3.709306779250227115e-01 3.706461584111994667e-01 3.733887548372301635e-01 3.694824550216710413e-01 3.677293090265231768e-01 3.630524820043960488e-01 3.675805373893678563e-01 3.724762535321886614e-01 3.688831305217141754e-01 3.643486372886651781e-01 3.693684460114677326e-01 3.714249979060964546e-01 3.640071267855183312e-01 3.620789934745043404e-01 3.647078640809351402e-01 3.555421980658973191e-01 3.592651821952318469e-01 3.663887640843168092e-01 3.603973212396652248e-01 3.566085570569706986e-01 3.652999909473508833e-01 3.603866919294141935e-01 3.632381283558356322e-01 3.599391139414885310e-01 3.658100119421547336e-01 3.597694822356931055e-01 3.666353027741442450e-01 3.653098781298726450e-01 3.603628323789922483e-01 3.645591684456562231e-01 3.641817756147116558e-01 3.620488714904618321e-01 3.604223244820697336e-01 3.641604586974120927e-01 3.627677365382593888e-01 3.586436589224202276e-01 3.574863928352610687e-01
3.499935125568113398e-02 9.801004793476433830e-02 2.952924249204263996e-01 1.000000000000000000e+00 3.678848357586742557e-01 3.746374393365211608e-01 5.878690997077787861e-01 5.590542415733774639e-01 5.111326814692914722e-01 5.031332164345265756e-01 5.734038299318334753e-01 6.287554990291631674e-01 5.488524622205297465e-01 5.291128582561083205e-01 6.067033934197970657e-01 6.096404133423349858e-01 5.280576711270982271e-01 5.168255269927825024e-01 5.576121945912930755e-01 5.911273771516345477e-01 5.947838470964975643e-01 5.936260169838736278e-01 4.363877578887062070e-01 4.655614650309165548e-01 5.093682448342389257e-01 5.920657575787985349e-01 5.848143497828840465e-01 5.654983628821649289e-01 5.214111784348158807e-01 5.523806620173119519e-01 5.713654815607259740e-01 5.808873521332323930e-01 5.418554590487382194e-01 5.603721056809701784e-01 5.426760641744042823e-01 5.916575813132339823e-01 5.636922526569397851e-01 5.993507543398195470e-01 5.842528931428792038e-01 6.207089389987674455e-01 5.955810824566419859e-01 6.053608846386715481e-01 6.158755561918881627e-01 6.161199123666833977e-01 5.931142310137179630e-01 5.876549180156267482e-01 5.930346251371995114e-01 5.845449478719997316e-01 6.000089223670813654e-01 6.205923858681626770e-01 6.327049679593965692e-01 6.159777997788242754e-01 6.139553768867981320e-01 5.789301217680528078e-01 5.743187916978941265e-01 5.764725315750355294e-01 5.925391461752588240e-01 6.121489616040605153e-01 6.085007947361537051e-01 6.008954562474502215e-01 6.130283047466958957e-01 5.994159966094695369e-01 6.028706051340161354e-01 6.022690327280929568e-01 5.807983925803927860e-01 6.046642101928092483e-01 5.834894111072025380e-01 5.871547108724173292e-01 5.763712574772100750e-01 6.283371061529545720e-01 6.128171358253170498e-01 5.924635914435156803e-01 5.631204753519584161e-01 5.881077487807855331e-01 5.945650086869145312e-01 5.955556090349598541e-01 5.946992302174683998e-01 5.917592870705530306e-01 5.850810754776707423e-01 5.780552387217674504e-01 5.847308870991131391e-01 5.893440857302909563e-01 5.807509725536941225e-01 5.793122611461285487e-01 6.004349346138608823e-01 5.875310602646995894e-01 5.923739441075756007e-01 5.970294691042249413e-01 5.906923805579935571e-01 5.941279123063609724e-01 6.042088445971945943e-01 6.022397277237403479e-01 5.991963275629126340e-01 6.005974887314725619e-01 5.909989691442132376e-01 5.863010908898996787e-01 6.268892864128171594e-01 6.167146286058046156e-01 6.124604101710517945e-01 6.223595058335161800e-01 6.131422158939391354e-01 6.141092715719943529e-01 6.100118249224163458e-01 6.130533928274817246e-01 6.121167048916309472e-01 6.061106929237870533e-01 6.024059026231962655e-01 5.777108790491745083e-01 5.875924526273273996e-01 6.039539264415714204e-01 6.049108886697615040e-01 6.001257126307963929e-01 6.052703643918587728e-01 6.062457669498091395e-01 5.817930537844927530e-01 5.977499926090439342e-01
4.734199717163065091e-02 8.191130380547349821e-02 2.369516019169818355e-01 3.678848357586742557e-01 1.000000000000000000e+00 3.101041488063998042e-01 4.688596609816302885e-01 4.655440391951797263e-01 4.259484353160410408e-01 4.423435525206994567e-01 4.348907329271463618e-01 4.816593441413794530e-01 4.637977325682646201e-01 4.323440586401674501e-01 4.865226124070484159e-01 4.965701952086035709e-01 4.342339010903487617e-01 4.576361017424157573e-01 4.532768066293114129e-01 4.414247926322992233e-01 4.503213275829217599e-01 4.657996012079772541e-01 4.247861803140424719e-01 4.316343941622003966e-01 4.513474179337699232e-01 4.939527724327602010e-01 4.707267889703828367e-01 4.672248000407832613e-01 4.240519357432769310e-01 4.720701541451051142e-01 4.757093029607780132e-01 4.857348582269323534e-01 4.519128751996432380e-01 4.747827610529456455e-01 4.547229390236233182e-01 4.752903307499835583e-01 4.713536716898198975e-01 4.755973576326512076e-01 4.770569372365472960e-01 4.844122581640987191e-01 4.808672253895193149e-01 4.884311871941360850e-01 4.994089040192656870e-01 4.944157663430822636e-01 4.869590030201240705e-01 4.822718856148109356e-01 4.758038686705287068e-01 4.733144627574054630e-01 4.678726165718630758e-01 4.592923431901739240e-01 4.658511518577626020e-01 4.875420621944093202e-01 4.655741917005286057e-01 4.703570842434735555e-01 4.693325177086449251e-01 4.786645148042341091e-01 4.391008234975598001e-01 4.737902337521263663e-01 4.544199813144839672e-01 4.758900999076695060e-01 4.769640197558631667e-01 4.554106482909768827e-01 4.585781878931513567e-01 4.646687156084371995e-01 4.704282390721633011e-01 4.719389038935926650e-01 4.751738602716302218e-01 4.846372291632828899e-01 4.869436375153582963e-01 5.039762379556294025e-01 4.878262342458998257e-01 4.836029877400104815e-01 4.787887432451913283e-01 4.894516769947755419e-01 4.858970828872467007e-01 4.840576107581013865e-01 4.844348335806136219e-01 4.742738149973831918e-01 4.815805302220699247e-01 4.769371082236157355e-01 4.765302127144308009e-01 4.839410810374058514e-01 4.762365323124729821e-01 4.784263678235421424e-01 4.804786809852901186e-01 4.842337625565144577e-01 4.871461043064519436e-01 4.817544877704659223e-01 4.815286337868956990e-01 4.828632826490732444e-01 4.847928479320340323e-01 4.865714492786090140e-01 4.874207621217772624e-01 4.881415046804137847e-01 4.758056627199766520e-01 4.758195290653884912e-01 4.698188665245069395e-01 4.600953030600272720e-01 4.731908351234557220e-01 4.791450196231277214e-01 4.900536807674507056e-01 4.678883622890588900e-01 4.832828786293013601e-01 4.827198543135092224e-01 4.862162918163543956e-01 4.623512818733028218e-01 4.724540376017875576e-01 4.793586756286248862e-01 4.797385826953826649e-01 4.771934681848055138e-01 4.700865225492750210e-01 4.758842817219677834e-01 4.706862801178547939e-01 4.736583111608125285e-01 4.766471039954398581e-01 4.748319898478531309e-01
-4.374478894221917047e-02 9.909158777032886500e-02 2.145421592746387107e-01 3.746374393365211608e-01 3.101041488063998042e-01 1.000000000000000000e+00 5.409377262193789671e-01 4.875827003025484663e-01 5.105343288872052909e-01 5.015789992223420590e-01 5.408068381814489234e-01 5.791139049563941432e-01 5.188843140133313492e-01 5.334559765446019730e-01 5.971666287317345390e-01 5.650673364745328886e-01 5.398398126412899956e-01 4.915081443089242552e-01 5.231784170675678469e-01 4.478516611017151483e-01 5.071003325480361035e-01 5.294346001447219896e-01 4.639786147366299351e-01 4.714400702891801687e-01 4.822235928070719435e-01 5.610014764710606894e-01 5.538934706559173193e-01 5.364119976881803753e-01 4.870619084988632719e-01 5.412033911404319220e-01 5.623800679345024589e-01 5.797567686065328019e-01 5.275304124436204223e-01 5.559054388475208608e-01 5.377959113609305231e-01 5.627362608434263169e-01 5.612371668300714100e-01 5.711661666923923963e-01 5.751836035975074202e-01 5.726694992547596286e-01 6.024993295550278294e-01 5.863762013025412001e-01 5.788108475472800718e-01 5.919707220572667516e-01 5.913149580016657803e-01 5.795081334227406566e-01 6.019141364521871651e-01 5.940287814601534766e-01 5.987583389904148623e-01 5.763470952281526394e-01 5.765267488567269449e-01 5.782299160735296928e-01 5.876659631614429280e-01 5.919707502700917168e-01 5.886207615721723574e-01 5.859077480601766474e-01 5.755301166598796314e-01 5.908575652529025612e-01 5.853308498837843654e-01 5.943908731386050581e-01 6.011210875323945713e-01 5.868597892253543113e-01 5.857348662419491481e-01 5.915845389429621459e-01 5.894845548067362273e-01 5.940286350524801584e-01 6.028651212226274758e-01 5.950499682894857534e-01 5.929120873707954820e-01 5.981454562789212392e-01 5.952886536032756526e-01 5.974512395509753437e-01 5.801395288943640427e-01 5.810439211871284426e-01 6.015356516594440039e-01 5.950490052934397367e-01 5.957044139012563910e-01 5.810782528312766759e-01 5.862236650517238523e-01 5.841373730270462694e-01 5.850502306683017517e-01 5.943068934511470669e-01 5.951865600028256598e-01 5.905238814397399949e-01 5.954371890574374770e-01 5.983845605991484629e-01 5.962536465625364324e-01 5.984963940975812635e-01 5.994329861773417534e-01 5.998949903656810578e-01 6.023119815746940109e-01 6.016086253747839896e-01 6.045655117843626858e-01 6.028976161441904624e-01 6.043765939063547865e-01 6.038319494854149649e-01 5.937281937403250387e-01 5.900802644348003279e-01 6.002245903616273415e-01 5.998567811153862062e-01 6.067663764991723108e-01 6.005642310114740479e-01 6.027922694295307915e-01 6.015223208512239239e-01 6.074923296178932342e-01 5.955389431505924147e-01 6.017541991499305576e-01 5.982101351970433578e-01 5.987683154622311932e-01 6.025299256027855099e-01 5.995587171762578604e-01 6.032194699236914648e-01 6.013654197755251563e-01 6.043885073824938337e-01 6.007699011233140762e-01 6.039825323490541908e-01
3.259618779913867059e-02 1.791116066439364107e-01 3.434743456071044365e-01 5.878690997077787861e-01 4.688596609816302885e-01 5.409377262193789671e-01 1.000000000000000000e+00 7.185202936136411145e-01 7.084723851638192738e-01 6.842118660661267171e-01 7.487057079502291712e-01 8.030246136021936820e-01 7.276683171176111520e-01 7.299091417544539828e-01 8.475295062552623548e-01 8.005624043756657260e-01 7.354509535784852226e-01 6.921098459656570556e-01 7.394058093295471368e-01 6.508401297918284811e-01 7.264856509290799069e-01 7.579505864311736341e-01 6.311706694285135200e-01 6.500693201493519258e-01 6.838266533620697141e-01 8.002487063032484027e-01 7.720143935507137734e-01 7.727912973127228913e-01 7.047666165288066775e-01 7.486256985441577250e-01 7.841907309330812259e-01 7.870789219285770910e-01 7.379401547239619052e-01 7.543345649923429708e-01 7.276460394367274542e-01 7.722683236470830881e-01 7.803407288674921727e-01 8.003403441487577652e-01 7.954212239784329563e-01 7.996557868100749866e-01 8.113802396675442452e-01 8.191369928542173717e-01 8.150513509286819724e-01 8.229264870450985203e-01 8.076181958364930802e-01 8.118444942240549134e-01 8.063977473984588196e-01 8.068683113297683285e-01 8.024863017016851119e-01 7.646574750951558030e-01 7.870560371413211076e-01 7.695686425375259931e-01 7.912209305996926734e-01 8.012665463003287858e-01 7.907168161684632324e-01 7.942175647183861154e-01 7.569200699053466597e-01 8.093555566476918761e-01 7.861248959855949847e-01 8.112025596520906490e-01 8.038051019685891196e-01 7.922052299339251702e-01 7.861770763348367996e-01 7.952469051358684871e-01 7.952910833317249351e-01 7.952701853271746391e-01 8.085261966818172441e-01 8.086596506134497986e-01 8.051680110628776088e-01 8.214787991367731301e-01 8.146525683031233811e-01 8.118328528754807927e-01 7.906157450008950427e-01 7.989296603581453882e-01 8.204578683632924863e-01 8.157095158235591059e-01 8.232890227351270518e-01 8.070920542235561213e-01 8.123300202832115513e-01 7.938626509530849473e-01 8.028202801482643425e-01 8.137513665946461972e-01 8.032802557424384426e-01 7.990948124163772537e-01 8.044373699345598316e-01 8.076239814628051183e-01 8.147960807476178902e-01 8.186323395149274207e-01 8.153608310702437079e-01 8.153581989657179285e-01 8.267718834193861221e-01 8.234807357167636122e-01 8.174310328889966559e-01 8.251090483356108285e-01 8.117731191722143969e-01 8.118614027858643833e-01 8.009337268789399333e-01 7.846552984829515687e-01 8.066317266536795483e-01 8.167349661693960039e-01 8.241981300650483844e-01 8.048046675699340735e-01 8.106397706636134792e-01 8.170289715386915841e-01 8.125257966192217518e-01 7.975420093937740651e-01 8.103582132037361330e-01 8.070663453643970309e-01 8.120156255538509837e-01 8.148559483464885567e-01 8.079454261228469214e-01 8.140538231522006507e-01 8.105836644895343390e-01 8.130469756426107475e-01 8.043574552966943347e-01 8.055035907450081023e-01
3.072231007638553252e-02 1.146290025936433504e-01 3.237891370296169247e-01 5.590542415733774639e-01 4.655440391951797263e-01 4.875827003025484663e-01 7.185202936136411145e-01 1.000000000000000000e+00 6.704014371957269791e-01 6.498910200822315408e-01 7.050989404527289173e-01 7.689881346103840665e-01 7.063699024586441721e-01 7.127990903826109115e-01 7.877824382443503470e-01 8.040776103257872842e-01 7.019815649137469693e-01 6.514267713117215530e-01 7.091689631001764083e-01 6.414016072954755732e-01 7.195977010397981433e-01 7.446774407271465890e-01 5.937781358617726379e-01 6.061736535818081917e-01 6.379346758214117230e-01 7.558411621792017199e-01 7.415972533142924927e-01 7.309614430765474236e-01 6.663776363076707732e-01 7.103697006462954544e-01 7.441731388231109801e-01 7.514552866177579560e-01 7.111497308366098169e-01 7.232728598245375951e-01 6.980980317195416562e-01 7.501002298947851976e-01 7.386826308937233243e-01 7.743573507164545067e-01 7.711900036734602448e-01 7.796789216821350399e-01 7.802306602442468098e-01 7.912360493415543372e-01 7.917386131290735651e-01 8.013918275711060524e-01 7.765958799606131890e-01 7.770855670829610595e-01 7.786969517589696910e-01 7.819956851042006996e-01 7.810676865836257976e-01 7.629149874671239395e-01 7.863201761453577632e-01 7.588064102673571787e-01 7.792717645476144872e-01 7.752204049263152763e-01 7.711719488227368746e-01 7.738987784882862542e-01 7.589079287658627715e-01 7.975256242297888987e-01 7.799280390028473509e-01 7.912308357301109929e-01 7.921883224156930359e-01 7.832863092800895766e-01 7.796399734811559901e-01 7.840521086476759383e-01 7.704388932272734358e-01 7.833229376832105961e-01 7.801695443435451294e-01 7.799434813517260867e-01 7.669707345779345209e-01 7.953973962516895924e-01 7.889749475477376706e-01 7.832918647796340839e-01 7.487117913498676502e-01 7.582788064657359772e-01 7.852703924160869819e-01 7.823864814929820666e-01 7.833162687244872302e-01 7.715640426865512103e-01 7.735417147488952150e-01 7.631966648309383983e-01 7.680426320659445860e-01 7.799346948219886277e-01 7.750861836620647205e-01 7.644059056889654924e-01 7.800960495186798349e-01 7.771171529598752681e-01 7.785544595531491696e-01 7.873804902980826581e-01 7.820617844306528843e-01 7.877068708603572889e-01 7.884867778908825064e-01 7.922697508178569992e-01 7.886847748877039432e-01 7.910208386430106486e-01 7.858220568083925661e-01 7.844485798867201209e-01 7.925327790787045634e-01 7.841541308966477608e-01 7.940727804450358196e-01 7.960487809147797078e-01 8.001399263378651261e-01 7.960230330058559733e-01 7.892687821808888060e-01 8.021430093816460660e-01 7.917196221221858288e-01 7.883109369923398946e-01 7.911847516217022092e-01 7.791744953152595077e-01 7.850306751094049407e-01 7.936722232985741199e-01 7.945630996869835760e-01 7.930318282842050426e-01 7.936697096118628947e-01 7.965709636539878291e-01 7.785204053012596548e-01 7.869187606492185072e-01
1.558278790450621232e-01 1.939301240570680818e-01 3.647486307801741656e-01 5.111326814692914722e-01 4.259484353160410408e-01 5.105343288872052909e-01 7.084723851638192738e-01 6.704014371957269791e-01 1.000000000000000000e+00 7.518654707367034007e-01 7.869715817593050389e-01 8.035820150531468586e-01 7.571974828159276916e-01 7.779472178290838258e-01 8.360328045491026705e-01 8.028186482003732971e-01 8.052949093259872404e-01 7.851422985474005856e-01 7.904624307547574169e-01 6.226601900853774296e-01 7.230212373047483210e-01 7.807075472716232811e-01 7.837497448967477576e-01 7.456685814494840026e-01 7.474907631923224383e-01 8.554321442193256742e-01 8.284490931910514222e-01 8.272144096546790726e-01 7.876328378619922299e-01 8.589583025152350837e-01 8.725667469137958765e-01 8.713534448029189861e-01 8.204181164076618238e-01 8.417681335944808829e-01 8.424439019053245881e-01 8.234417258693318420e-01 8.615028775939941319e-01 8.489203186932632317e-01 8.663637169555655770e-01 8.224220857581510113e-01 8.571271843436855109e-01 8.520499024029041246e-01 8.101199519478253785e-01 8.561361937967134628e-01 8.590834813024615935e-01 8.617733608249288357e-01 8.628594219098660867e-01 8.768520696777712953e-01 8.625006121197326125e-01 8.050164446241103722e-01 8.145070005062232665e-01 7.922410740018942521e-01 8.277895770593074465e-01 8.770122846462676813e-01 8.703836770647201959e-01 8.757730738084974487e-01 8.261284529064577553e-01 8.500135001589531614e-01 8.307582309312295799e-01 8.648945254289981399e-01 8.398133124699740382e-01 8.460435562754140548e-01 8.352773478248086692e-01 8.477089807167673685e-01 8.713647761452734120e-01 8.534471460129833265e-01 8.725086237589363414e-01 8.734180532107723716e-01 8.824992636955464320e-01 8.555500710745297388e-01 8.435981496529474377e-01 8.688622874309529509e-01 8.652396342119524908e-01 8.537634401833287257e-01 8.742178633592811998e-01 8.715311262979679174e-01 8.643960131492611776e-01 8.644787694326978578e-01 8.715465063733223161e-01 8.781529130261157556e-01 8.795318066339418150e-01 8.810904049627987789e-01 8.789350650180896007e-01 8.763292886739633136e-01 8.564585898899010896e-01 8.731840568408896219e-01 8.747203992065497591e-01 8.649450406903443911e-01 8.714297313062956407e-01 8.708097318560200639e-01 8.632205329709128350e-01 8.633898660889312016e-01 8.645372858380938608e-01 8.647803828898227296e-01 8.639422848683777634e-01 8.717781739647110228e-01 8.170431511775119171e-01 8.268137607795699173e-01 8.391470325309248190e-01 8.407274022199887620e-01 8.464937272465188345e-01 8.370007341493316266e-01 8.537376838287490388e-01 8.530034962339665405e-01 8.530246978540316771e-01 8.488948728242240449e-01 8.629045838978258720e-01 8.755577955735592832e-01 8.744851235604711448e-01 8.608272515966867156e-01 8.506368264927581802e-01 8.658013507174702195e-01 8.524041933699361140e-01 8.549458901234966435e-01 8.746780272296621472e-01 8.613297000377903023e-01
7.499325796226287422e-02 2.025218404558171981e-01 3.192042329145446389e-01 5.031332164345265756e-01 4.423435525206994567e-01 5.015789992223420590e-01 6.842118660661267171e-01 6.498910200822315408e-01 7.518654707367034007e-01 1.000000000000000000e+00 7.320285517964337796e-01 7.625691353502402903e-01 7.174864238759541823e-01 7.223687928453043083e-01 7.904992662847253326e-01 7.659368876149020844e-01 7.304623396465116381e-01 7.072859742493367019e-01 7.291469520932430948e-01 5.905389022270520760e-01 6.864338273616072961e-01 7.148984653798142741e-01 7.110250759643409468e-01 6.849734816700393525e-01 6.798661355859573208e-01 8.069691557901610413e-01 7.779259052776414940e-01 7.792695589678042545e-01 7.389286036451166995e-01 8.041740863839730302e-01 8.151169029199563099e-01 8.099901619352791737e-01 7.615980773016233218e-01 7.769829838384214593e-01 7.830809534665567062e-01 7.544131481803361128e-01 7.999016049061350442e-01 8.081101379006498941e-01 8.102565585384754465e-01 7.692216423005030501e-01 8.104482757876669829e-01 8.033043576405980435e-01 7.658119079243131955e-01 8.047605948828326916e-01 8.038963506812091264e-01 8.113042496452739227e-01 8.140421333214342692e-01 8.229225465635809922e-01 8.064063800679548422e-01 7.506487938885039179e-01 7.666865648373506481e-01 7.258368009126485720e-01 7.789689253626778109e-01 8.157929132975124675e-01 8.107934647306606069e-01 8.212881535767839747e-01 7.486958850627034590e-01 7.944725001920072138e-01 7.759725139057513932e-01 8.059783992498124050e-01 7.933778753134818063e-01 7.830775326459461505e-01 7.809528122243638570e-01 7.880508675602703184e-01 8.041984633409319239e-01 7.901060744015603321e-01 8.212045179461051614e-01 8.170944559798677398e-01 8.284162010930574693e-01 8.092665759034681772e-01 7.959913366337146856e-01 8.131613634654712985e-01 8.021333444709999316e-01 7.970906433856504991e-01 8.260902894060423440e-01 8.196297541712551649e-01 8.177442539840462654e-01 8.148350855880932553e-01 8.206691804539096857e-01 8.281457377825562904e-01 8.253713093269539058e-01 8.272475045937552895e-01 8.213354529763402523e-01 8.228459983558127355e-01 8.087865438828844011e-01 8.188637990049321136e-01 8.176545267192947275e-01 8.202528927043366558e-01 8.235033559496039990e-01 8.198892343492650836e-01 8.150390634256872158e-01 8.179327485476852733e-01 8.159378509107237942e-01 8.182545982823281605e-01 8.191735301521595458e-01 8.221833638445104064e-01 7.735606882609471491e-01 7.731471146188048094e-01 8.011503693317700847e-01 8.010931987476487270e-01 8.059621158953073072e-01 7.919913655170225386e-01 8.037278403871018773e-01 8.062551131893979095e-01 8.015126324093109211e-01 7.898916393320036811e-01 8.134575790837413889e-01 8.236300244621255207e-01 8.254019708428677049e-01 8.129175864122378803e-01 8.029856054801184362e-01 8.142026336476071435e-01 8.026717252456343488e-01 8.069557831611334775e-01 8.156004359708431961e-01 8.052424256228760679e-01
6.120551805698584008e-02 1.640079482019768109e-01 3.420235643676070025e-01 5.734038299318334753e-01 4.348907329271463618e-01 5.408068381814489234e-01 7.487057079502291712e-01 7.050989404527289173e-01 7.869715817593050389e-01 7.320285517964337796e-01 1.000000000000000000e+00 8.504841241791942785e-01 7.769756375240312041e-01 7.960986066357058633e-01 8.613450347807970475e-01 8.297372511907845638e-01 7.995676424096976875e-01 7.601623140013660240e-01 8.053949333107054409e-01 6.592399316156180022e-01 7.688566320489143013e-01 8.187543963700629757e-01 7.228672687238988370e-01 7.240463416020795906e-01 7.503003622034718489e-01 8.578951837062412933e-01 8.387575610178197305e-01 8.320134551931747113e-01 7.717089398918475229e-01 8.370098909404395382e-01 8.614395727712077511e-01 8.605306714821842062e-01 8.189670635678187871e-01 8.365163506959778505e-01 8.308902520792975643e-01 8.406323373215602857e-01 8.548092184573901076e-01 8.604047526929666789e-01 8.695592172696507971e-01 8.518038864622951012e-01 8.779254794877939805e-01 8.694254992227291590e-01 8.446703094637216802e-01 8.751742886930293785e-01 8.721263664416499806e-01 8.699480893471090992e-01 8.794511249113684537e-01 8.833019685539744703e-01 8.798463973975525487e-01 8.432877210422240477e-01 8.563470241070181288e-01 8.359483167587614671e-01 8.630043978185960585e-01 8.790406134347621414e-01 8.775673697895206571e-01 8.707090868180832333e-01 8.499696186380014673e-01 8.778406803028091510e-01 8.681632204440773437e-01 8.811038423311582379e-01 8.755598652976548379e-01 8.696545337290676470e-01 8.689116804291084906e-01 8.695631921685977872e-01 8.700564401990759089e-01 8.756041461412311655e-01 8.822845164608568158e-01 8.828084084493534878e-01 8.785127581469555080e-01 8.817503610612875686e-01 8.771841299325275898e-01 8.857735201996138619e-01 8.657623028753964611e-01 8.701888030731738111e-01 8.888503088134636076e-01 8.836899073531840898e-01 8.820740377577236391e-01 8.737248764303037207e-01 8.788090519917961529e-01 8.813827560399428718e-01 8.824760586997899559e-01 8.866829008352674624e-01 8.807809245983505564e-01 8.821604708478417711e-01 8.780650680773428585e-01 8.815331511978438117e-01 8.844673178906253819e-01 8.831402318692835873e-01 8.849161537084841989e-01 8.831183331534842029e-01 8.848439098184077700e-01 8.838970679117515994e-01 8.841219323945646025e-01 8.844914031459003567e-01 8.826842648882491371e-01 8.847821599294213302e-01 8.670000511187521131e-01 8.641270043790154620e-01 8.760739630178816517e-01 8.791708714038234396e-01 8.795113466514190570e-01 8.778287293614575049e-01 8.815414065607569682e-01 8.835723902845490363e-01 8.830273254739349209e-01 8.775775873824619433e-01 8.849715882043595050e-01 8.824167315647877263e-01 8.851497399055586746e-01 8.824438578901935282e-01 8.803587471482835491e-01 8.847864255258237609e-01 8.824531410474465432e-01 8.827719642312688020e-01 8.804541412679122159e-01 8.818725968240761492e-01
-1.719740372292464852e-03 1.394033109923758784e-01 3.636041136226108028e-01 6.287554990291631674e-01 4.816593441413794530e-01 5.791139049563941432e-01 8.030246136021936820e-01 7.689881346103840665e-01 8.035820150531468586e-01 7.625691353502402903e-01 8.504841241791942785e-01 1.000000000000000000e+00 8.272482286439408750e-01 8.335639812190985820e-01 9.166851323348698122e-01 8.900406390018090752e-01 8.199644499603880865e-01 7.576671869477459298e-01 8.209715017903168599e-01 7.131635853191490293e-01 8.171265507591465305e-01 8.499663385805582561e-01 7.062151205031890200e-01 7.085019914121797324e-01 7.522302073081468254e-01 8.830776100629821324e-01 8.738230184574068415e-01 8.531380572149411812e-01 7.747272675545794351e-01 8.452498312121151658e-01 8.787327445173501728e-01 8.857096847933260131e-01 8.362314916530563247e-01 8.496920468505957391e-01 8.425535136562866123e-01 8.732427317294336744e-01 8.806055876924286929e-01 8.993895360562975672e-01 9.030831118651032607e-01 8.980050621604787064e-01 9.186335577253138540e-01 9.178992246799814181e-01 9.013809264027256019e-01 9.316780310724993575e-01 9.114072576713710960e-01 9.094489414103810176e-01 9.279141182460618476e-01 9.271734083325604558e-01 9.283632321675361343e-01 8.989741761486866878e-01 9.102376594229258933e-01 8.969443111979705785e-01 9.214537461378655703e-01 9.206844006237641098e-01 9.150785490482286066e-01 9.103662089377558830e-01 8.970155539333353190e-01 9.293630879442349446e-01 9.175971983525557096e-01 9.314400412548612396e-01 9.332155382137787836e-01 9.202603848725637858e-01 9.184982052374689454e-01 9.243092572481794722e-01 9.161565239766333857e-01 9.274714235740203483e-01 9.252405049701813988e-01 9.217898896130246600e-01 9.097653576602466874e-01 9.314490116919754703e-01 9.268305923832794724e-01 9.261222022330815040e-01 8.870260722124061470e-01 9.010210860890166540e-01 9.313903279119482015e-01 9.271857605480522402e-01 9.219269615904255311e-01 9.068789506914369802e-01 9.112932037167824628e-01 9.136120582460670603e-01 9.181485976710376251e-01 9.259301052983684999e-01 9.141555271539228977e-01 9.161133017817834068e-01 9.188101223543533314e-01 9.178135973604005793e-01 9.224579095391917116e-01 9.249235012982007786e-01 9.254260367304609769e-01 9.239886651638050674e-01 9.290860389527820784e-01 9.333769498862068970e-01 9.302826905383987377e-01 9.312175730302142407e-01 9.328950272119650444e-01 9.313953193685513554e-01 9.207477397525021257e-01 9.181345322721030655e-01 9.296926047208431410e-01 9.295823880743548928e-01 9.329716347295944345e-01 9.288753146979439324e-01 9.358772784177318282e-01 9.381684806519817732e-01 9.335150118337272040e-01 9.240650104541550114e-01 9.325918385500311381e-01 9.266363437777745959e-01 9.280643056761994636e-01 9.341056204952360442e-01 9.306928522975420615e-01 9.354551034001071796e-01 9.341026139783068505e-01 9.342969227458356452e-01 9.258875145956122488e-01 9.339012987726829085e-01
2.752773629143012019e-02 1.528041417755179321e-01 3.279593288328802037e-01 5.488524622205297465e-01 4.637977325682646201e-01 5.188843140133313492e-01 7.276683171176111520e-01 7.063699024586441721e-01 7.571974828159276916e-01 7.174864238759541823e-01 7.769756375240312041e-01 8.272482286439408750e-01 1.000000000000000000e+00 7.770124163104474846e-01 8.466908754342724608e-01 8.320017076307737458e-01 7.606886239264534222e-01 7.453394173570375703e-01 7.760563556578587985e-01 6.404437312736438459e-01 7.406220236679371682e-01 7.818133593116094460e-01 7.200239163629785777e-01 7.112527058731386020e-01 7.305277373678376041e-01 8.325597101108210829e-01 8.116556579989896436e-01 8.066300192467450447e-01 7.500965204317391333e-01 8.119178680036871487e-01 8.343761619679149755e-01 8.360547895966335963e-01 7.931858630180785852e-01 8.109147044096522983e-01 8.042908110797711840e-01 8.087523790765280829e-01 8.330710396351870273e-01 8.386705422547487965e-01 8.486167791626731960e-01 8.258742225395240277e-01 8.520964680232828714e-01 8.504022415178624783e-01 8.354353303659262098e-01 8.562130710900144326e-01 8.501382635215378736e-01 8.544879191406731245e-01 8.572892173424915274e-01 8.608445790624910110e-01 8.515634406419642088e-01 8.057732667095315326e-01 8.175404629244353849e-01 8.065358723131944574e-01 8.350014054060033164e-01 8.564600837770708353e-01 8.472919832236757154e-01 8.556610934582395966e-01 7.980845078920230096e-01 8.477411376754608874e-01 8.253488170208852504e-01 8.551024927674876208e-01 8.458470152663998265e-01 8.311319643077728081e-01 8.264105660374250206e-01 8.327236757390261701e-01 8.436054274211924886e-01 8.405031309636630255e-01 8.599635196172246143e-01 8.626931534611155250e-01 8.594319762004956065e-01 8.589560917982849153e-01 8.509168814262842995e-01 8.595194958023052445e-01 8.436473486970994529e-01 8.460615951873471374e-01 8.637972849278537923e-01 8.624325444577148891e-01 8.596487471280181980e-01 8.481934335934881997e-01 8.594357953601434730e-01 8.580169735343674553e-01 8.590810305786960033e-01 8.626544606097688028e-01 8.545497606436524007e-01 8.576440138721767026e-01 8.537395523717921098e-01 8.589024144490144952e-01 8.601957554786662241e-01 8.634920341200225113e-01 8.628620665169983717e-01 8.617610213650844786e-01 8.611611200626220208e-01 8.630006064275695943e-01 8.645577042228256293e-01 8.667030265893219676e-01 8.612738283003057438e-01 8.622740440572120857e-01 8.347583062230832240e-01 8.253265855125013761e-01 8.474504407239923376e-01 8.538193562666619441e-01 8.621452057841728633e-01 8.442162834401947258e-01 8.584816675728461632e-01 8.602025590364555940e-01 8.571300766413272321e-01 8.376932972222367324e-01 8.560725610395325536e-01 8.624572448189136153e-01 8.640476216581447488e-01 8.585510788032102436e-01 8.547051039175806997e-01 8.608287375363570249e-01 8.535849005933348055e-01 8.535102361650195313e-01 8.554931988719794989e-01 8.541313560841372610e-01
