1.000000000000000000e+00 6.534892673464942625e-02 2.878480850884130443e-02 5.920166276244824555e-02 1.001288101803523428e-02 -9.764974179300830309e-03 3.372402752035125878e-02 2.733893446173742831e-02 6.577807740644900369e-02 4.014490637306763338e-02 1.124493758641700522e-02 3.058502012247673457e-02 2.747825557317596333e-03 8.243223605172657689e-03 1.159326475987104699e-02 2.147288380534404656e-02 3.801188638814018139e-02 1.775458222209956582e-02 -8.324367433668595009e-03 3.642036731368901437e-02 1.049634598128242752e-02 -1.477633183247015897e-02 2.125279123428629874e-02 -1.625177949450555721e-03 -1.119910030194615908e-03 9.721353374443910192e-03 2.808685896051696818e-03 9.474119245673854120e-03 -8.163450821331932200e-03 3.363497012018537222e-03 1.563478541532168503e-02 1.526740834510741107e-02 2.053752905635105458e-02 1.292064327089471713e-02 1.193263071024773352e-02 6.060668591272801511e-03 1.722800590415953133e-03 1.417385262558829885e-02 2.798853067405616697e-03 -1.236990055418804753e-02 1.194396789345049956e-03 -2.877702501369096299e-04 -1.716945128547768019e-03 6.864367788276327584e-03 1.082027549557399750e-02 1.820897112125165413e-03 7.347883482211384903e-03 1.616458294244960472e-02 1.826035755758561446e-02 2.019933151102690227e-02 1.874446205034784041e-02 1.961560646994462212e-02 1.634065832413130956e-02 1.903038302143529245e-02 1.214464126690124358e-02 1.469127619269756978e-03 3.699688562428431193e-02 2.441432475769492703e-03 1.828437516780534455e-02 1.794217401780626858e-02 1.226517578819131225e-02 2.476724662259518345e-02 1.845351131732595948e-02 3.302028547362258898e-02 1.930721448442289032e-02 3.272115318351317970e-02 1.457476536346448935e-02 -1.313270997178102089e-03 7.721924489284954368e-03 1.376573519149675538e-02 -3.583540498713040125e-03 1.939288684083628669e-03 -6.352590535282622236e-04 -3.272115838479667561e-03 6.882818460237910031e-03 1.606978838872660797e-03 -4.409060053733811799e-04 1.035459955858729266e-03 3.522840315144412475e-03 7.376219228016666143e-03 2.622876991044700845e-03 4.119249018912904403e-03 1.062501138337700393e-02 7.444281174170862270e-03 6.074820567596608475e-03 4.511650422745146043e-03 1.924922871667447775e-03 3.253821413127178357e-03 4.995413960253344485e-03 4.619425135460051082e-03 2.045806643413859358e-03 3.833915186384804531e-03 3.517804581900700178e-03 4.366435228681760702e-04 4.082577448608378304e-03 8.297341954071682513e-03 5.381747111957180599e-03 2.213006981045897298e-02 9.483461105031081376e-03 1.048837271916048391e-02 1.341240412431517160e-03 1.205965435476095797e-02 9.392553624737683127e-03 5.938047415255394423e-03 9.484848414525022531e-03 1.606824068838654321e-02 1.690234530472863733e-02 5.752007739609061449e-03 4.586046127032071366e-03 1.141017524462482544e-02 5.274059220598153672e-03 8.864147983953142226e-03 1.209079430921077697e-02 1.065278371221406277e-02 1.103226717561424548e-02 1.294377595415346048e-02
6.534892673464942625e-02 1.000000000000000000e+00 3.458575455668885801e-02 9.693403848937301448e-02 7.370237016053694801e-02 8.894579981482940434e-02 1.195464420340107692e-01 8.657885609632864909e-02 1.638655341260034648e-01 1.897952218887938858e-01 1.277323843599542652e-01 1.446380363053293705e-01 1.517087848354013446e-01 1.024472361073692772e-01 1.378178953166912801e-01 1.266955889015507208e-01 1.758348693383241512e-01 1.265509430917045597e-01 1.196640567208381439e-01 8.842878542900543815e-02 7.046815874065739949e-02 7.601018152704047681e-02 1.196892725759705345e-01 1.141865135385870256e-01 9.482289709196004002e-02 1.342380453280513919e-01 1.200559300779856231e-01 1.348805955285107272e-01 1.098722944891210029e-01 1.132367149076825980e-01 1.327228754187853021e-01 1.722808924947066278e-01 1.440096600427517581e-01 1.505012957220570324e-01 1.280041985841874619e-01 1.201720547087779256e-01 1.315564497124346033e-01 1.457966877202693801e-01 1.490367068044629317e-01 1.408854300542136395e-01 1.670168800583188840e-01 1.553490925830165459e-01 1.344115620439048919e-01 1.476591825367288002e-01 1.401499539911833514e-01 1.386289916899682839e-01 1.579089263455565606e-01 1.692767922175543172e-01 1.553517278562789317e-01 1.410789093653563309e-01 1.487545474786527433e-01 1.258508136845026271e-01 1.388358506112373769e-01 1.512906841281714543e-01 1.351626939450973897e-01 1.514610689768552676e-01 1.265113794248184931e-01 1.468496431979758876e-01 1.404691128887044504e-01 1.551111748011885783e-01 1.458556794237353404e-01 1.481030753602660122e-01 1.400339615373684121e-01 1.528070813228793456e-01 1.463971616488342620e-01 1.446049922351307637e-01 1.656275149158941140e-01 1.527706623937240271e-01 1.590826995459817816e-01 1.482992819072802004e-01 1.350024047542176531e-01 1.462101772910950059e-01 1.571645770457390512e-01 1.414440021992496854e-01 1.576060982511432174e-01 1.538500259242554513e-01 1.473948337056361912e-01 1.471567454906547445e-01 1.516415901453269655e-01 1.473652430855432738e-01 1.465861064742139674e-01 1.538357557429417544e-01 1.555617683005733054e-01 1.486173915486623254e-01 1.646789223358698095e-01 1.625915781129005921e-01 1.499289254661035353e-01 1.616585120814494070e-01 1.578916018703085122e-01 1.534433639567828744e-01 1.535870478140297923e-01 1.554838527573755569e-01 1.549405309670648101e-01 1.526539528275364654e-01 1.595779451436819263e-01 1.673504734642749792e-01 1.475497399550043387e-01 1.434958660678066211e-01 1.530086184266354898e-01 1.575551703378787749e-01 1.525675095642980705e-01 1.508520320145251559e-01 1.549476954082278923e-01 1.522042081866667174e-01 1.487351660873193759e-01 1.484057114133628674e-01 1.581247351057878947e-01 1.641994956105740089e-01 1.576638880545702115e-01 1.572246364888772729e-01 1.544253271261609994e-01 1.588758968789893422e-01 1.578323930094897576e-01 1.566142146146389247e-01 1.516686797592546043e-01 1.503060165701277373e-01
2.878480850884130443e-02 3.458575455668885801e-02 1.000000000000000000e+00 3.065204020744649593e-01 2.082940540197621149e-01 1.922685420870816897e-01 3.912171121337926216e-01 3.688511539603724354e-01 3.252084036368556585e-01 2.812958351864106032e-01 3.553514071083624382e-01 3.579711431433781899e-01 3.238497761638662320e-01 2.573456173297127281e-01 3.726570962892877814e-01 4.094514074530551939e-01 3.112367268893003747e-01 4.336814939831327709e-01 4.127202646860405055e-01 4.278298295789296768e-01 4.516392894730616447e-01 4.402670099047653052e-01 4.206979124481662335e-01 4.409438372165019882e-01 4.599502288729937494e-01 4.079001481788737116e-01 4.177266917171468252e-01 4.174333020687995832e-01 4.284648650759026456e-01 4.428016250166941226e-01 4.242909156774295476e-01 3.942684492969978916e-01 4.010349111465518757e-01 4.331379002402905853e-01 4.122257066679675952e-01 4.376374106353142501e-01 4.407954263837789988e-01 3.941412398872629064e-01 4.016367853258842602e-01 3.965400613707408817e-01 3.757487004159859034e-01 3.770395871730906623e-01 4.096741350521428959e-01 3.938544702449821022e-01 4.069026677422870608e-01 3.959669835946532657e-01 3.686269071436155675e-01 3.358044099000769278e-01 3.727749593524312122e-01 4.109101653340475058e-01 3.995292588495171215e-01 4.027318622151764838e-01 3.815215600211289693e-01 3.682721158922360183e-01 3.777681731497249951e-01 3.819541994434139665e-01 4.036231225032519410e-01 3.586343986578693355e-01 3.800904128416163208e-01 3.654505415283224590e-01 3.795809285061123584e-01 3.788578412137096896e-01 3.928320830543408082e-01 3.761295449181175643e-01 3.725024190674796065e-01 3.839142302956316533e-01 3.571676772331331406e-01 3.835907549650585668e-01 3.981211064526743448e-01 4.091299526588741409e-01 4.119393261197956679e-01 3.915766737183770108e-01 4.053141026395299384e-01 4.169086577365548330e-01 3.800295625962451518e-01 3.853365883421844829e-01 3.781764181220146903e-01 3.945226360468750970e-01 3.883208321371853788e-01 3.948818591392462274e-01 4.102840739728942365e-01 3.864513362922195605e-01 3.875897806549880031e-01 3.909511298433171467e-01 3.877444226120605464e-01 3.976394200687839997e-01 3.944421038422983306e-01 3.744166868861206199e-01 3.792506885255046978e-01 3.873227653095548395e-01 3.843219787148500766e-01 3.665447247496618766e-01 3.793850894890570813e-01 3.768999774373629763e-01 3.570493700762817912e-01 3.476605389917129529e-01 3.821301419232653318e-01 3.920018258466331229e-01 3.735454450645874780e-01 3.736183798575333781e-01 3.804579435848636781e-01 3.693985071267337217e-01 3.709526870074785210e-01 3.728363591548078393e-01 3.866605551429335708e-01 3.782489296271769885e-01 3.683903658828655558e-01 3.577796122683214453e-01 3.666074386221119807e-01 3.632980077737474334e-01 3.615730459557687793e-01 3.587826152007022040e-01 3.652772991404393266e-01 3.684219908147138289e-01 3.648668715741388846e-01 3.726070929930442865e-01
5.920166276244824555e-02 9.693403848937301448e-02 3.065204020744649593e-01 1.000000000000000000e+00 3.353975252578740851e-01 3.256768297150335889e-01 5.287328598281609837e-01 5.383910136246563560e-01 5.142505638043108895e-01 4.245093906660439287e-01 5.453781362647472930e-01 5.976347504174439607e-01 5.196688877241113502e-01 4.228174507537910687e-01 5.680940406062771064e-01 5.729958171636332365e-01 4.668466811732740473e-01 4.606429008900466138e-01 4.625807398687081795e-01 4.263420367944937839e-01 4.700820366758848290e-01 4.671039919329881829e-01 4.388997142476517288e-01 4.508847933495006566e-01 4.897255763395125250e-01 5.180975870319344256e-01 5.264007934749534989e-01 5.299191053488495617e-01 4.832930777811576539e-01 5.009853751567531210e-01 5.523095168193619120e-01 5.494964345454357302e-01 4.961304338565913352e-01 5.416183946650680037e-01 4.893411316889957896e-01 5.534795197690778323e-01 5.467354563477939688e-01 5.540473135953695172e-01 5.689574357422018114e-01 5.599590341034847985e-01 5.691131429920692764e-01 5.748754618986842146e-01 6.010131847900804791e-01 5.899082922547158603e-01 5.767106571971470919e-01 5.751368069086643109e-01 5.674759379205434051e-01 5.523004892989543668e-01 5.703899724440738561e-01 5.596211685507030964e-01 5.701109199604553757e-01 5.836309577474000365e-01 5.819810042855826371e-01 5.597736450971328992e-01 5.606826716991201165e-01 5.553300183466303164e-01 5.767277251733323729e-01 5.657002369901876770e-01 5.686069164844403945e-01 5.760061308810515701e-01 5.815644557137912285e-01 5.779969882574885753e-01 5.777579343734622341e-01 5.715733205748526613e-01 5.510349930062098389e-01 5.762095414463846987e-01 5.590009104416131525e-01 5.512747432161444472e-01 5.595574046719667960e-01 5.568618536281794151e-01 5.573563043636032832e-01 5.556490497813656448e-01 5.567261092669406608e-01 5.606291614299814263e-01 5.740661441095161743e-01 5.583737478554068323e-01 5.658103723808846075e-01 5.476657509201129370e-01 5.644160970685780931e-01 5.571452114642294617e-01 5.590311290569950353e-01 5.699797667128339018e-01 5.587901133264621123e-01 5.533535110581014882e-01 5.653008779764480130e-01 5.675605663163009185e-01 5.746100651331171871e-01 5.690473237819971830e-01 5.745792211328425436e-01 5.616515177332568332e-01 5.672877122208357381e-01 5.761328012696620426e-01 5.788276703438468562e-01 5.795909089574036166e-01 5.667627549020720634e-01 5.613885800697177020e-01 5.857540634820223024e-01 5.761541462610766384e-01 5.770305927519004952e-01 5.753374701115302470e-01 5.868065146896296325e-01 5.766502687369516877e-01 5.796174895412651296e-01 5.873397396686215188e-01 5.774343920748216119e-01 5.788027980048415788e-01 5.716247494657262784e-01 5.614518980899173561e-01 5.661137657790920041e-01 5.717898923725440730e-01 5.694477638820615306e-01 5.702314043824130430e-01 5.756118556782120477e-01 5.727069910781014128e-01 5.635396642066504702e-01 5.763189499184814268e-01
1.001288101803523428e-02 7.370237016053694801e-02 2.082940540197621149e-01 3.353975252578740851e-01 1.000000000000000000e+00 2.526931979896299141e-01 4.148976061779122704e-01 4.374314272611308230e-01 4.416872500325427220e-01 3.584761516521691727e-01 4.219301874641572248e-01 4.769223446018599488e-01 4.647889151655307249e-01 3.381131934955738938e-01 4.686491850723558117e-01 4.847236440151757586e-01 4.071599604172573272e-01 3.822114545456498647e-01 3.990650290002719647e-01 3.739391409891526519e-01 3.853468413146285965e-01 4.032402643716640478e-01 3.966258696115230742e-01 3.708933322958131162e-01 4.248835710658803166e-01 4.496992759650826899e-01 4.361718766616866638e-01 4.558903014238986917e-01 4.171626513481011544e-01 4.271226947091983361e-01 4.608734750281586745e-01 4.613079716119393714e-01 4.195917709259176509e-01 4.388348308750587012e-01 4.132163228254784881e-01 4.633415682242173483e-01 4.568066999341641177e-01 4.459384563288608105e-01 4.678090408670401157e-01 4.494549817993281904e-01 4.739133648299563850e-01 4.722018216010495095e-01 4.932722076154546498e-01 4.828088533534218851e-01 4.810509073618219333e-01 4.692088085524458996e-01 4.720671087117498943e-01 4.660436766861191238e-01 4.651612707480566877e-01 4.464943635533134003e-01 4.645528448718811987e-01 4.827107976123744537e-01 4.822905361422821224e-01 4.701486132687417441e-01 4.612112761490502200e-01 4.601344497378453968e-01 4.718906997974354756e-01 4.743706098455252040e-01 4.592593405511206095e-01 4.817855830922783134e-01 4.871635829650977079e-01 4.765672769432246492e-01 4.735572288102798399e-01 4.789525336516828879e-01 4.716044845971178456e-01 4.844058645579411015e-01 4.692262821689583419e-01 4.593615533211585222e-01 4.734092633393894300e-01 4.762021808355940133e-01 4.651512922391161653e-01 4.724570829350572820e-01 4.602978890454130778e-01 4.698430435126281224e-01 4.785449403125255907e-01 4.667861595550371612e-01 4.737893720520091057e-01 4.664316264013478874e-01 4.749896383691729063e-01 4.717881734304218977e-01 4.758522428507337976e-01 4.743023651338728053e-01 4.738600512063101955e-01 4.660983433409199850e-01 4.672327499100519255e-01 4.707943414784744873e-01 4.793326583040604660e-01 4.720702440231327457e-01 4.799665934974953752e-01 4.757114651133894645e-01 4.755783704072830131e-01 4.776241421474632376e-01 4.804633665536088838e-01 4.802711406855595944e-01 4.723846630407764202e-01 4.729538064364485761e-01 4.853499441448378970e-01 4.823537860520912823e-01 4.855585996712483698e-01 4.748084863680407941e-01 4.907767228547076921e-01 4.778445287509966999e-01 4.820369886312859675e-01 4.834306454125092412e-01 4.834758615636375323e-01 4.833799060546818960e-01 4.792956913406772324e-01 4.726905263401314783e-01 4.770333185001128795e-01 4.758221791276148194e-01 4.718286705157943017e-01 4.792847517926639433e-01 4.806787579302644331e-01 4.820943222967650210e-01 4.744306010169636045e-01 4.850144310202172404e-01
-9.764974179300830309e-03 8.894579981482940434e-02 1.922685420870816897e-01 3.256768297150335889e-01 2.526931979896299141e-01 1.000000000000000000e+00 4.809419036177095541e-01 4.357452110071909912e-01 4.748392810671271946e-01 4.388733953422444545e-01 4.964596111610656282e-01 5.330067616558892274e-01 4.609581177403926922e-01 4.200438702620523657e-01 5.310810976356132862e-01 5.131110758815714545e-01 4.848770944507704850e-01 4.497855724931110744e-01 4.660741786301261236e-01 3.708735865349281347e-01 4.220869053677056559e-01 4.767587215197306993e-01 4.535187414520052696e-01 4.164888300676063415e-01 4.713134540309352194e-01 5.247051735429180130e-01 5.074120992650479334e-01 5.243336308054123984e-01 4.975202104413453119e-01 4.923238456044591871e-01 5.352372531919041831e-01 5.427703556719092326e-01 5.167368905715987726e-01 5.125672583818682293e-01 5.046062230923934466e-01 5.011267130029183337e-01 5.272249407210157779e-01 5.510211089847584232e-01 5.531813109915196813e-01 5.452969787454833295e-01 5.541408385560212535e-01 5.581104554331587364e-01 5.378258023187661996e-01 5.589338033674041695e-01 5.513131659275947172e-01 5.511808372361434172e-01 5.589196426690385966e-01 5.510636892992107905e-01 5.496847980134614842e-01 5.318378924517899176e-01 5.492309652810921650e-01 5.307248310823784454e-01 5.453146105481951889e-01 5.465346840377381943e-01 5.390367116800209857e-01 5.532896471388971671e-01 5.275618429601671711e-01 5.531630974419403657e-01 5.482222793684670137e-01 5.536470650235607582e-01 5.489507878511666883e-01 5.488149751153682532e-01 5.430430966544077531e-01 5.476214985323284434e-01 5.494904718735910132e-01 5.401267579746683589e-01 5.569787149441743912e-01 5.518309071311683356e-01 5.494235574323421689e-01 5.395906642470910120e-01 5.470826287421921563e-01 5.519091491454658494e-01 5.393439935842072597e-01 5.426372894333451047e-01 5.621430813793742987e-01 5.582296195705851449e-01 5.595879014716317323e-01 5.471174191048147062e-01 5.549214098404564588e-01 5.513364420586081005e-01 5.504236223490510671e-01 5.574742704329919141e-01 5.522340661729792100e-01 5.551165979709656861e-01 5.560853628691423411e-01 5.506188351129244207e-01 5.544977479981613167e-01 5.623089118648546547e-01 5.591526206468165894e-01 5.554936726355604870e-01 5.636269265481959057e-01 5.653383095822571702e-01 5.594760293625551384e-01 5.629541099666773851e-01 5.604915940339015856e-01 5.574587907167561918e-01 5.546551185280891305e-01 5.429268859065110586e-01 5.551172380034798959e-01 5.602993651785607154e-01 5.561761109377379997e-01 5.567687362635260762e-01 5.555970124099152141e-01 5.626637732926974556e-01 5.534306465513386675e-01 5.495130497083344778e-01 5.554096925775069415e-01 5.588035243802578211e-01 5.569789427912131830e-01 5.599639779265236372e-01 5.583490405729626405e-01 5.575131174433867187e-01 5.572509352055916576e-01 5.556834784078518163e-01 5.534032892097825451e-01 5.517914073521261731e-01
3.372402752035125878e-02 1.195464420340107692e-01 3.912171121337926216e-01 5.287328598281609837e-01 4.148976061779122704e-01 4.809419036177095541e-01 1.000000000000000000e+00 7.020865678437225865e-01 6.795932282132153279e-01 6.167421669385892979e-01 7.263427933612229825e-01 7.500718560522190437e-01 6.990646483819545898e-01 5.749504619424256058e-01 7.863272800926014439e-01 7.993620796777866078e-01 6.725143800005524142e-01 7.293441238780237201e-01 7.331979671257713438e-01 6.382075377747792322e-01 7.142331384966174035e-01 7.557748730605046150e-01 7.183675077949355225e-01 7.009087957978930028e-01 7.663295299645980219e-01 7.889763924522642524e-01 7.914979940057598196e-01 8.066190670786428374e-01 7.787220179185261326e-01 7.792628615698219408e-01 8.093150395257031615e-01 7.867764114106853279e-01 7.600967953659787391e-01 7.816053646070220129e-01 7.569398710661195961e-01 7.794398111203229007e-01 8.068641759647154910e-01 8.032486390861728331e-01 8.025347740505033300e-01 8.026947981413919964e-01 7.940658670503429883e-01 8.017550766767480575e-01 8.111899748340080096e-01 8.154999969707468210e-01 8.098574536267981738e-01 8.061696266093191232e-01 7.831383747439217835e-01 7.590591655502419988e-01 7.875169284228332733e-01 7.870940799214408701e-01 8.097116326670081854e-01 7.893690281770273653e-01 7.885801272520112093e-01 7.864296703171631542e-01 7.904089113734021899e-01 8.004235082299497872e-01 7.980357293126881801e-01 7.814007025110901727e-01 7.921410087336946404e-01 7.843120824107722155e-01 7.943064646055698619e-01 7.964381618004942043e-01 7.977041184230543314e-01 7.885558307743735229e-01 7.813116789086735903e-01 7.869338914920009920e-01 7.782214185994656974e-01 7.951983179307428040e-01 7.961442763307389203e-01 7.969484149463771372e-01 8.037566177450111704e-01 7.977410590885392061e-01 7.964836005978283007e-01 8.011456696386032306e-01 8.000181807963946401e-01 8.007945783745511470e-01 7.991638562732559237e-01 8.000600495003753476e-01 7.991548767302207867e-01 7.961570295544047049e-01 8.034177290180588571e-01 7.982189661298870753e-01 7.997877296883674214e-01 7.987974827167440006e-01 7.949255852562732150e-01 7.976130929661391367e-01 7.999976124053757021e-01 7.975913134518919367e-01 7.938142332475969232e-01 8.050755881169364692e-01 8.081813312314650721e-01 7.944505086441231434e-01 7.983842166308600108e-01 8.012941289969035541e-01 7.804028689362365601e-01 7.723206260433055359e-01 7.996675706174791731e-01 7.967490656134977867e-01 7.902088874446221434e-01 7.966619658674491955e-01 8.009486038821833631e-01 7.926372754704816836e-01 7.852762014038566774e-01 7.969526613322216457e-01 7.967853632751906723e-01 7.933763615308868644e-01 7.885557684463859740e-01 7.821946421565368901e-01 7.931013316776802657e-01 7.871808232233653557e-01 7.887680400213676890e-01 7.820137165881316799e-01 7.884327805645705567e-01 7.876158255242609041e-01 7.850876979163838865e-01 7.872191253662260690e-01
2.733893446173742831e-02 8.657885609632864909e-02 3.688511539603724354e-01 5.383910136246563560e-01 4.374314272611308230e-01 4.357452110071909912e-01 7.020865678437225865e-01 1.000000000000000000e+00 6.684759737997434392e-01 5.962000008003822682e-01 6.974886826584850708e-01 7.441327539040383243e-01 6.817005138948544207e-01 5.452233815761314828e-01 7.627473636097307219e-01 7.883868016169718329e-01 6.334520775476759624e-01 6.827973621073496480e-01 6.814787851444882305e-01 6.264418617405139722e-01 6.727174040072324557e-01 6.834950218354719498e-01 6.582597092699251640e-01 6.626147671846797094e-01 7.090352319116410840e-01 7.350722873605847196e-01 7.326815315660172301e-01 7.393909576032084985e-01 7.087942342352298031e-01 7.263628359982259308e-01 7.648921962899764004e-01 7.642233450850062226e-01 7.165636235542388599e-01 7.523085487860762255e-01 7.137658995338080903e-01 7.555410342293447101e-01 7.603662336346602713e-01 7.681747890473152873e-01 7.735059877468192235e-01 7.672815356180370250e-01 7.595112821588045904e-01 7.666368165296721937e-01 7.914160832851000471e-01 7.880196692016281368e-01 7.808429236612381974e-01 7.687229386942119325e-01 7.602110836312903075e-01 7.326146643982537343e-01 7.685970601097301680e-01 7.722225511186794344e-01 7.835103029773425876e-01 7.644789455074890716e-01 7.650789783495514085e-01 7.564979859930989203e-01 7.589331850219053210e-01 7.631680065879234975e-01 7.737957435359218428e-01 7.558091884460593768e-01 7.676579028563298435e-01 7.591168117564092155e-01 7.714744515534988079e-01 7.709813053598447707e-01 7.758361066154033647e-01 7.652696626178033812e-01 7.489540740259900131e-01 7.633214121689149145e-01 7.452567596219616952e-01 7.553788092356639172e-01 7.660620240781461643e-01 7.665535497803549481e-01 7.627944687210659325e-01 7.590111627381987969e-01 7.622349751343019397e-01 7.655134963801222270e-01 7.706319707249558171e-01 7.627363123665314992e-01 7.629799083670597559e-01 7.533992661911582678e-01 7.632146276617559622e-01 7.642889276132378562e-01 7.702084482418027900e-01 7.660587316711169326e-01 7.628570373050576059e-01 7.613996718613255110e-01 7.666239582526962471e-01 7.697223777598148908e-01 7.688316673732804585e-01 7.668524513937891030e-01 7.692997954161674423e-01 7.688107314788727997e-01 7.700377122291578447e-01 7.670458379246292147e-01 7.693329054515203325e-01 7.719165150014254406e-01 7.535945518910358576e-01 7.479869860667716086e-01 7.777332081926825458e-01 7.732658104326201043e-01 7.713295642288778842e-01 7.733550440992171815e-01 7.783801740788386381e-01 7.698843314025628493e-01 7.632473648642403852e-01 7.760082043149250097e-01 7.702709380197555467e-01 7.722137022072363965e-01 7.631677393748388383e-01 7.509408288097976225e-01 7.634843230400846226e-01 7.644238039718351807e-01 7.632306360791396571e-01 7.562913040138823373e-01 7.648233832235221685e-01 7.629002301574961953e-01 7.560847839227966549e-01 7.640762245966052912e-01
6.577807740644900369e-02 1.638655341260034648e-01 3.252084036368556585e-01 5.142505638043108895e-01 4.416872500325427220e-01 4.748392810671271946e-01 6.795932282132153279e-01 6.684759737997434392e-01 1.000000000000000000e+00 7.054349396565268160e-01 7.843241014843770342e-01 8.169054942003425301e-01 7.352965042870074353e-01 6.177071227741419701e-01 8.172368771792992703e-01 8.027585166327343424e-01 7.779927962993042900e-01 7.139069292971863545e-01 7.388493633420671891e-01 6.095891215758713066e-01 6.734583239400625532e-01 7.282812408675332083e-01 7.027138030629999088e-01 6.555123400193304528e-01 7.334419793580753133e-01 7.909510857765840175e-01 7.779680652254532536e-01 7.975881744431668752e-01 7.666548063698382931e-01 7.742410332014754148e-01 8.260323771031483631e-01 8.365343317567601744e-01 7.613866077438252722e-01 7.920555183867603599e-01 7.750176829162608305e-01 7.992063095469281730e-01 8.128251725605765143e-01 8.301538619859867296e-01 8.420746551281118597e-01 7.982442340741930931e-01 8.505162461131302587e-01 8.445138162350251942e-01 8.261715407259637711e-01 8.476063116342754666e-01 8.471144375765877754e-01 8.414312220823454425e-01 8.625435113786116270e-01 8.636966349265209342e-01 8.633218861846772008e-01 8.272244009772997675e-01 8.504172181256687280e-01 8.454448041912622225e-01 8.555957835933734046e-01 8.661739189686904483e-01 8.498626967704351332e-01 8.442522943252941392e-01 8.482978095078873571e-01 8.545692141337396519e-01 8.539124307795821212e-01 8.681257299961474549e-01 8.639473905375871787e-01 8.642345329559188993e-01 8.556279125867434221e-01 8.662902509590119093e-01 8.614503881872833668e-01 8.655189281302555493e-01 8.676300358290730541e-01 8.571270401452987242e-01 8.586596404538926475e-01 8.498766156099071267e-01 8.472598045397045086e-01 8.579280836153544421e-01 8.369220498593099578e-01 8.430698895232709988e-01 8.649782015365810039e-01 8.580860271783702364e-01 8.590361503712400371e-01 8.518975613636370348e-01 8.542787512527135751e-01 8.590638792160782966e-01 8.545748361864624609e-01 8.629677992761372041e-01 8.579857208037688920e-01 8.561007934115986151e-01 8.540829109104806083e-01 8.543343946049271054e-01 8.599151044093679142e-01 8.607365493935767997e-01 8.647110901969651264e-01 8.594190553280726119e-01 8.557962324572843116e-01 8.650895322750363770e-01 8.638499272868547241e-01 8.631516371666236864e-01 8.684852564365899141e-01 8.683716326911655736e-01 8.561855693427106173e-01 8.662405857818694654e-01 8.689173538158443399e-01 8.637663447023303798e-01 8.611440926715919764e-01 8.680454270861340804e-01 8.675566985297535894e-01 8.653920904554229798e-01 8.663614966224352232e-01 8.661875878127855977e-01 8.713030364464435795e-01 8.681966846934194848e-01 8.672603046643845293e-01 8.684437028057804264e-01 8.645934830980805952e-01 8.703102138950731259e-01 8.701784965918357706e-01 8.695515830251724365e-01 8.684332708471845796e-01 8.698598879528709471e-01
4.014490637306763338e-02 1.897952218887938858e-01 2.812958351864106032e-01 4.245093906660439287e-01 3.584761516521691727e-01 4.388733953422444545e-01 6.167421669385892979e-01 5.962000008003822682e-01 7.054349396565268160e-01 1.000000000000000000e+00 7.083455203344822815e-01 7.352101322335915512e-01 6.528457255028269346e-01 5.676009381341015070e-01 7.393538444671317045e-01 7.243814211499522981e-01 7.052072093201434688e-01 6.467400419574642623e-01 6.705853312413273537e-01 5.245868557970023716e-01 6.025941938448567958e-01 6.498430915065176450e-01 6.501123984682181112e-01 6.036393196218294843e-01 6.550133320061202191e-01 7.157331822907249119e-01 7.009996566773989413e-01 7.174098818353361606e-01 6.869466335048060035e-01 7.022293567970663286e-01 7.507979912682277712e-01 7.652650931256635980e-01 6.958939619745750926e-01 7.291085687786891256e-01 7.044823966093310963e-01 7.095110220064200224e-01 7.296595196687784002e-01 7.661557265902151359e-01 7.701284852759470168e-01 7.303516742480832269e-01 7.779569118704128261e-01 7.718384678678835709e-01 7.374713986054410864e-01 7.681575103829838547e-01 7.602451411811123050e-01 7.607513966073381484e-01 7.886058758908440769e-01 7.962591154664873105e-01 7.879671267731238604e-01 7.504239948761913803e-01 7.761852401566626813e-01 7.438278816995677056e-01 7.662590346573384670e-01 7.895432368312629290e-01 7.713496431957597155e-01 7.776256498660912841e-01 7.591478310748170921e-01 7.826685937563928608e-01 7.841045379561787376e-01 7.871158557644541975e-01 7.819560547796428063e-01 7.824749522304835780e-01 7.764417821313049917e-01 7.831939655459715377e-01 7.734996710360494410e-01 7.778854397171777180e-01 7.893197322400934413e-01 7.860838733975594739e-01 7.845010800216636326e-01 7.704615699918440086e-01 7.663952463681543703e-01 7.788268332267295202e-01 7.688292911604241997e-01 7.630141672714194634e-01 7.871433951916361194e-01 7.828598042852937811e-01 7.765648478552918954e-01 7.716650438624088615e-01 7.789059682960672859e-01 7.830019445843408032e-01 7.763716199704203680e-01 7.881096727027530058e-01 7.847309012618437496e-01 7.810366621453521674e-01 7.840513815311955792e-01 7.811202420410104930e-01 7.808436867250063695e-01 7.917660146261736864e-01 7.899093650789554832e-01 7.854445795793135732e-01 7.818885528604927471e-01 7.886565715502096285e-01 7.836817403621509914e-01 7.853266546117371183e-01 7.928616962950789659e-01 7.946831899994406534e-01 7.666347682893327464e-01 7.747882165511508212e-01 7.852604415861640375e-01 7.891765594654145399e-01 7.771924211759271284e-01 7.864377413308825115e-01 7.845746441423520068e-01 7.846145935525596915e-01 7.809384354803885486e-01 7.810965140300248910e-01 7.913345031085534664e-01 7.929614626644952979e-01 7.918206301802526159e-01 7.915444834616129910e-01 7.905594224150299665e-01 7.910247133607287706e-01 7.897367791795836256e-01 7.898175719584306087e-01 7.907637530168236673e-01 7.843373699958657852e-01
1.124493758641700522e-02 1.277323843599542652e-01 3.553514071083624382e-01 5.453781362647472930e-01 4.219301874641572248e-01 4.964596111610656282e-01 7.263427933612229825e-01 6.974886826584850708e-01 7.843241014843770342e-01 7.083455203344822815e-01 1.000000000000000000e+00 8.489043875949932039e-01 7.653005607838435642e-01 6.381636024711277999e-01 8.470815562935797294e-01 8.301945485114974321e-01 7.868258918956916315e-01 7.601393719136055882e-01 7.770078961429931486e-01 6.431006872854669876e-01 7.242868321852701241e-01 7.736982446493955168e-01 7.432169178319703029e-01 7.159510158849534678e-01 7.829373565515371780e-01 8.232822905637725563e-01 8.176765592889327916e-01 8.287288444078284577e-01 8.067840091505160682e-01 8.136790830718839684e-01 8.705345777940682872e-01 8.651890022974950689e-01 7.944844077155572837e-01 8.370526721159050609e-01 8.050791651535111892e-01 8.352132113814959569e-01 8.505270193885282604e-01 8.619589627903975204e-01 8.760222347392575548e-01 8.412233786912806099e-01 8.759035482448583876e-01 8.711583390299284524e-01 8.622235853170170383e-01 8.798992362149983260e-01 8.758109407156708937e-01 8.766166619185941089e-01 8.871638255645344362e-01 8.776874625342077074e-01 8.836074967873623898e-01 8.558866416603577720e-01 8.800947883861843790e-01 8.701459915120073330e-01 8.748784437302553618e-01 8.807365156683191199e-01 8.750380234896173448e-01 8.777381765864422647e-01 8.680684749491314189e-01 8.802041149161187183e-01 8.791441876493456542e-01 8.845073504231176775e-01 8.900071119922469132e-01 8.846921924655050118e-01 8.813639439069375081e-01 8.814654578144692776e-01 8.807362364026081192e-01 8.844517482019086385e-01 8.875113692178129288e-01 8.883438580246149074e-01 8.890144732973830344e-01 8.810944368118609482e-01 8.832528231969321020e-01 8.881657419066880665e-01 8.767291595656339087e-01 8.802630407783308408e-01 8.899406758489968317e-01 8.871210518668100065e-01 8.846620845179246073e-01 8.792197898971034764e-01 8.843454775147875369e-01 8.870020732315868628e-01 8.861226788036186131e-01 8.922782692553058448e-01 8.882309275670283721e-01 8.849893502379717614e-01 8.850586858620642650e-01 8.879018737117394533e-01 8.916697511939224441e-01 8.897764527785381183e-01 8.920222053462723011e-01 8.892118210590161942e-01 8.888602163526746480e-01 8.905904514149836082e-01 8.920207845777690103e-01 8.913755851455724688e-01 8.893013905989599621e-01 8.864623963260725992e-01 8.807928111696788909e-01 8.848116197831970009e-01 8.905691569320274281e-01 8.910244401934531711e-01 8.909909952289625235e-01 8.908099890829294099e-01 8.885611261122222659e-01 8.909628249727922222e-01 8.913045816939459964e-01 8.876537989823518604e-01 8.915572418346918715e-01 8.896018878535736363e-01 8.918902708258309442e-01 8.900912145535444520e-01 8.890483234064946449e-01 8.896657838437953547e-01 8.912844380354633111e-01 8.917450141890349569e-01 8.882269412492332927e-01 8.903362759910244950e-01
3.058502012247673457e-02 1.446380363053293705e-01 3.579711431433781899e-01 5.976347504174439607e-01 4.769223446018599488e-01 5.330067616558892274e-01 7.500718560522190437e-01 7.441327539040383243e-01 8.169054942003425301e-01 7.352101322335915512e-01 8.489043875949932039e-01 1.000000000000000000e+00 7.933920756078886027e-01 6.676435163462456357e-01 8.886953193277966623e-01 8.782787051230214193e-01 7.980593204197456991e-01 7.611745485009707712e-01 7.866500345585795140e-01 6.459435644434473600e-01 7.275504298153998572e-01 7.801560572205866739e-01 7.420643709406717914e-01 7.134177398743319909e-01 7.942585559290379349e-01 8.366040721528944513e-01 8.356674579545362302e-01 8.445168779195647568e-01 8.149542797289606177e-01 8.261605567640202263e-01 8.899824784653241894e-01 8.942430577824355131e-01 8.124823288792333287e-01 8.545581676602285182e-01 8.208660351604841754e-01 8.564216957103714112e-01 8.736062882848522060e-01 8.880094419494554137e-01 9.072328439831672808e-01 8.680578524219461078e-01 9.119493591995762038e-01 9.066059423612516932e-01 9.027942787595485408e-01 9.176762950324337531e-01 9.097442339604014938e-01 9.066387642056809026e-01 9.247204763279073259e-01 9.186020021921698087e-01 9.181306543284640798e-01 8.827347131437468519e-01 9.097966762812247365e-01 9.045411774355919254e-01 9.146180862720114657e-01 9.170754901093621791e-01 9.074150397897776665e-01 9.045768409621728345e-01 9.025346213632361447e-01 9.224735298705184494e-01 9.141835865800688188e-01 9.275078925999401536e-01 9.296387607269064324e-01 9.253104812059732565e-01 9.184416272097232214e-01 9.181403768422766731e-01 9.101818427702820236e-01 9.209210772079003959e-01 9.235227092511082425e-01 9.164511683123480745e-01 9.182497769587310010e-01 9.076521855179588982e-01 9.098783365703085879e-01 9.204558839798342440e-01 9.019873432641035693e-01 9.062895554014999133e-01 9.282899776614412790e-01 9.183912453345504101e-01 9.163716124148468811e-01 9.056545127853655730e-01 9.170230305957853822e-01 9.201598920799659576e-01 9.150149279573035477e-01 9.279987702795265969e-01 9.160244038264847566e-01 9.149625816005102497e-01 9.175798775610352065e-01 9.182536074917261315e-01 9.254248904047613911e-01 9.245605856106521303e-01 9.302388755938021392e-01 9.195269371796286340e-01 9.192898082874542132e-01 9.287516882988582356e-01 9.297580704137893282e-01 9.298857235313215952e-01 9.279319769065846879e-01 9.271310172810335315e-01 9.226581203627717276e-01 9.199965114923764897e-01 9.301180566342407419e-01 9.266625909491805757e-01 9.312659779079758282e-01 9.291446175039590472e-01 9.286476929009427339e-01 9.340763241495300129e-01 9.294281925583718351e-01 9.288350086324770327e-01 9.284052458995740720e-01 9.258911352003282857e-01 9.272837049023914258e-01 9.293298671263477972e-01 9.292906362328433589e-01 9.298278801134386429e-01 9.318513208944199100e-01 9.302490932379782196e-01 9.239929148145940019e-01 9.293517706234243336e-01
2.747825557317596333e-03 1.517087848354013446e-01 3.238497761638662320e-01 5.196688877241113502e-01 4.647889151655307249e-01 4.609581177403926922e-01 6.990646483819545898e-01 6.817005138948544207e-01 7.352965042870074353e-01 6.528457255028269346e-01 7.653005607838435642e-01 7.933920756078886027e-01 1.000000000000000000e+00 6.022659308268605294e-01 8.023014920699368391e-01 8.026372529521139665e-01 7.171950830135283006e-01 6.998049979318421432e-01 7.281773279414184286e-01 5.981232460219325642e-01 6.681524572591051037e-01 7.205095622060589955e-01 6.983329771995815394e-01 6.573823139925265568e-01 7.364057787025879431e-01 7.787027424395455144e-01 7.739085361645265948e-01 7.877787547093224596e-01 7.500898229401492534e-01 7.607455325652386913e-01 8.148287238254318110e-01 8.073696086364312574e-01 7.490370347232220283e-01 7.763855188056406620e-01 7.524526926962031848e-01 7.846806855174618400e-01 7.985938896822345479e-01 8.019512084007079933e-01 8.273530293522018964e-01 7.938280338407238679e-01 8.274187236029266757e-01 8.296267308296079168e-01 8.256661703524474927e-01 8.381746221546453324e-01 8.297296295567806457e-01 8.294605859366582790e-01 8.304852184024555939e-01 8.212626584269352437e-01 8.288248441919700005e-01 8.000374941101985327e-01 8.241032061803009734e-01 8.179610849895704305e-01 8.212543697473715376e-01 8.276896268924088806e-01 8.196313382142866866e-01 8.201513634296899724e-01 8.169329145091027700e-01 8.292402017747174670e-01 8.208644716933102270e-01 8.369706180128365647e-01 8.334959721976223923e-01 8.346170374876483722e-01 8.251232192212403227e-01 8.301246774344913648e-01 8.282217271266143488e-01 8.327220959566744574e-01 8.299436005881203338e-01 8.301388692824781534e-01 8.276550951626341357e-01 8.172858375423791566e-01 8.244770862892401020e-01 8.338829089635714231e-01 8.137532683036493575e-01 8.215713299725194707e-01 8.403135423856897823e-01 8.342950308286039007e-01 8.336718407609399195e-01 8.217304740226545334e-01 8.318809957387560683e-01 8.312404290397117368e-01 8.280711809367188314e-01 8.356515550749527010e-01 8.302781104062048056e-01 8.268779264013885744e-01 8.260367530897451127e-01 8.272988755933029514e-01 8.372321493030234763e-01 8.319723514847545687e-01 8.365740007490729546e-01 8.322055281421563144e-01 8.337005892359645731e-01 8.377248827248636731e-01 8.402666218845952217e-01 8.392846240673855762e-01 8.328788523597520088e-01 8.311855652530826255e-01 8.337272237017362420e-01 8.320303428924469280e-01 8.389002333684036916e-01 8.334608746029671389e-01 8.406109942667367996e-01 8.346736788996022005e-01 8.365963997101261151e-01 8.425966561357276507e-01 8.370301897415974857e-01 8.363675416546101360e-01 8.344635054306102084e-01 8.330961062344418577e-01 8.359618183542049108e-01 8.370679734166535102e-01 8.331456469208807780e-01 8.370800560305514670e-01 8.381454281277646023e-01 8.380173083060260542e-01 8.340198618860360513e-01 8.368277875485585771e-01
