1.000000000000000000e+00 1.193192987740343269e-01 1.527546794352924731e-01 -8.335569712262876421e-03 9.284845864257532111e-02 4.751689145314662993e-02 1.705255501035415205e-02 8.161446318803777800e-02 1.172185191385105990e-01 5.897606963870102165e-02 3.561793040992658477e-02 3.385079950933558846e-02 3.766724489258568148e-02 -3.409905765037084258e-02 -6.006909249162491367e-03 4.929968488919408975e-02 1.657023429130327630e-01 2.919661731799301219e-01 2.296917966916573739e-01 2.297222324599580423e-01 2.564104501250294432e-01 2.475824104644230583e-01 2.387194691713004913e-01 2.275997472006195677e-01 2.370997585258191043e-01 1.265710131037601494e-01 1.495431115658202026e-01 1.197713786933659458e-01 1.717424093614902114e-01 1.637694516242191312e-01 1.166322842231334728e-01 1.551616358693896636e-01 1.170814662306894766e-01 1.394667720387818832e-01 1.246149200990131350e-01 1.105523623284237755e-01 8.698124108177220093e-02 8.650407473066563935e-02 7.663748760140964844e-02 3.162488257074625581e-02 1.850821603516068087e-02 2.352824025172818578e-02 7.835906419688671090e-03 3.723309761969269271e-02 5.265473265408671805e-02 5.395316150393714844e-02 1.503269424421234055e-02 2.453338044480188329e-02 4.937946869377158460e-02 8.171363209236676139e-02 5.131966583371831009e-02 6.475743136285115609e-02 1.524163319131734834e-02 4.950856606815898231e-02 7.840477688855221339e-02 8.408260533266118109e-02 1.095960493321262719e-01 2.102331016439807840e-02 4.767102961158409258e-02 4.053733962921479694e-02 1.722532443499575489e-02 5.173937929232197419e-02 6.657829446101357074e-02 7.269062773369400210e-02 9.999615084314045221e-02 7.042313213542940320e-02 4.761452551958315904e-02 8.450150049152113652e-02 8.337682068003374192e-02 8.618944161573111051e-02 9.862944080258388702e-02 9.013479928113438122e-02 9.129986607243696650e-02 9.768449764375691791e-02 4.447902215455099700e-02 4.192694324844541132e-02 5.363534138402160228e-02 7.962179906257103867e-02 4.144880224284849812e-02 5.664164648716669970e-02 5.299453109893290798e-02 4.808026993381309816e-02 7.192598655465888557e-02 6.223112695350566104e-02 4.503974826683029842e-02 6.072960823957121446e-02 5.496116905500785660e-02 3.012852916393332636e-02 2.493958741956238054e-02 4.377110761020515384e-02 2.315654389510234806e-02 1.324808482719709579e-02 2.156680230217843108e-02 2.099254828516344470e-02 8.535189555508025314e-03 1.899546062171279109e-02 5.836674561372379166e-03 5.413988091831426624e-02 2.080874485851922154e-02 2.397262456842500292e-02 4.080696329985734894e-03 3.333643176513643308e-02 1.195575562683453240e-02 1.479816758455851020e-02 4.187474718839889753e-02 4.898656072104903142e-02 3.446883886764445792e-02 2.806036814150065020e-02 3.065158971338410518e-02 2.111913924495588749e-02 2.290234995058575834e-02 1.869990731119132096e-02 2.556399075763309339e-02 3.215865141256346593e-02 5.566209355202065417e-02 3.579349259090149754e-02
1.193192987740343269e-01 1.000000000000000000e+00 1.240910967476326066e-01 3.492336340941032402e-02 8.115428477392752638e-02 1.087046810125665425e-01 1.529841654197949541e-01 1.470309314112586696e-01 1.685049067891217500e-01 1.684726521834944701e-01 1.350661815528499676e-01 1.411654134934649529e-01 1.359625169367124631e-01 1.205696792356235891e-01 1.483742050909826471e-01 1.525958535874049893e-01 1.680955330788870272e-01 2.421098536136940260e-01 2.345117518301327586e-01 1.641238230787532837e-01 1.832469739153979038e-01 2.092985396640716644e-01 2.219803491978991350e-01 2.116716512221976099e-01 2.186986964675148581e-01 1.869589531453680342e-01 1.819282261344456197e-01 1.931993596854030548e-01 2.190067133848095093e-01 2.015731027492484173e-01 2.020245336301425831e-01 2.137058772911995530e-01 2.068862196134683695e-01 2.099517183251763119e-01 1.960544038013484480e-01 1.754635091053345086e-01 1.753024759942636013e-01 2.029325721249890802e-01 1.809216359457956058e-01 1.800439605058348214e-01 1.557016566561915116e-01 1.671697071659277722e-01 1.518980152809890349e-01 1.605208434563640818e-01 1.637739584096829792e-01 1.724920928214968840e-01 1.567722099729792207e-01 1.557350801818351005e-01 1.649251405829527117e-01 1.706277362902136607e-01 1.715454764999171933e-01 1.300959960083024058e-01 1.319641485396016167e-01 1.646860721590413523e-01 1.781974146074641052e-01 1.881172699186019481e-01 1.609540104791696846e-01 1.579463998234175159e-01 1.694126731053448021e-01 1.516239302511388498e-01 1.452213945656470884e-01 1.590453038182051138e-01 1.542851333366105915e-01 1.587522112171476096e-01 1.638147521658479822e-01 1.471431903525469154e-01 1.645977248441762020e-01 1.903800659342841373e-01 1.855369936947807719e-01 1.668844766623295284e-01 1.818865076005537484e-01 1.829757126119608834e-01 1.828091430414602869e-01 1.869593652064956701e-01 1.681337207798949407e-01 1.649758954620587637e-01 1.810255413929593438e-01 1.800726306491270412e-01 1.654390952150232574e-01 1.726214802089784672e-01 1.728275924759226645e-01 1.710927833326572611e-01 1.818209606253432253e-01 1.819604719996898434e-01 1.750077145968188530e-01 1.782411762795866883e-01 1.696552534855693406e-01 1.737642559602964598e-01 1.664553372355631611e-01 1.748160264749600568e-01 1.714823529027327820e-01 1.611682402326553298e-01 1.592315093934534853e-01 1.591464650876422415e-01 1.547830010194816974e-01 1.595519093568804336e-01 1.551326438535020058e-01 1.579818071146573133e-01 1.569924912551710350e-01 1.696779132265888723e-01 1.571487706468094325e-01 1.584974633278190270e-01 1.420707169936871184e-01 1.523903124623285088e-01 1.512377618909215848e-01 1.624730446767957692e-01 1.629343854201466546e-01 1.649205513024619985e-01 1.676467184891324291e-01 1.602734972090721355e-01 1.629999466372911432e-01 1.531592279918617683e-01 1.617954889355128489e-01 1.561213799954940806e-01 1.595009083959333662e-01 1.479946698520233916e-01
1.527546794352924731e-01 1.240910967476326066e-01 1.000000000000000000e+00 2.638890429497666723e-01 1.850387276169619122e-01 2.632675532636781779e-01 3.203018874869427712e-01 2.988585597187641274e-01 3.575104585556886927e-01 3.047306431886260270e-01 3.789617753223873398e-01 3.698559167054923380e-01 3.277866098044994736e-01 3.080227800883520439e-01 3.515089559251909912e-01 3.772221026345768946e-01 3.998706617693126297e-01 4.135256946246866350e-01 4.230079872430615451e-01 3.713749068418943922e-01 4.121871570684075836e-01 4.098877538686792055e-01 4.145080211331825248e-01 3.990032272407093572e-01 4.078342611758081215e-01 4.150653070365957764e-01 4.059583085564896776e-01 3.808161010441875050e-01 4.205490200147878332e-01 4.428373947046296277e-01 4.230053964135371825e-01 4.278941982794672860e-01 4.060346099898078376e-01 4.322959519092033909e-01 4.286989987010682568e-01 4.138113392033697657e-01 4.061100062783227216e-01 4.028121820217077653e-01 3.970914491960850778e-01 3.629201546179001703e-01 3.719244071908428539e-01 3.657953139701512479e-01 3.626540305184556279e-01 3.738529597053287801e-01 3.946452533191438516e-01 3.718685453069585090e-01 3.728474257494183153e-01 3.738928393601545497e-01 3.841747441297928001e-01 4.007665233881929079e-01 3.957178356678774378e-01 3.699163578477754344e-01 3.650446108675626800e-01 3.836704140910947580e-01 3.962169083383684787e-01 4.097239230884434646e-01 4.063781618038778687e-01 3.716594414548944347e-01 3.877038549825663760e-01 3.794496966363455903e-01 3.763390190135908475e-01 3.834930163664108105e-01 3.961199271290309354e-01 3.935536534498082495e-01 3.966801291460576584e-01 3.824659087700288951e-01 3.825339609294467480e-01 4.145908937401007188e-01 4.087268909043991205e-01 4.102457178219283129e-01 4.124082934404606493e-01 4.116028573853599548e-01 4.036418871060831193e-01 4.088596835288076936e-01 3.875422264792516835e-01 3.885577444662299818e-01 3.868318394093413493e-01 4.073489915681281492e-01 3.800998940440113993e-01 3.982000151759408912e-01 3.933545972633983312e-01 3.946029706035990015e-01 4.004312456528704711e-01 4.007155773998242188e-01 3.876421953662150810e-01 4.013521205651136015e-01 3.958168557316216751e-01 3.810040856969599821e-01 3.834305126869007596e-01 3.890553429996884693e-01 3.720255159265423162e-01 3.679785631131031742e-01 3.789536557921257542e-01 3.718802755914584757e-01 3.693993895162359098e-01 3.749807204893675916e-01 3.744309566309386161e-01 3.856433483991623667e-01 3.815070695803512435e-01 3.815692073737493861e-01 3.676892564111706729e-01 3.827291777979720533e-01 3.714962369600247061e-01 3.703070372606228622e-01 3.877615954922546959e-01 3.834670333104864270e-01 3.837986514007110661e-01 3.778408389626051189e-01 3.845779101355220608e-01 3.758121952342072802e-01 3.769260746277878216e-01 3.730533225380657236e-01 3.793595568823522890e-01 3.801898410682930662e-01 3.848697914275755472e-01 3.774389545395564483e-01
-8.335569712262876421e-03 3.492336340941032402e-02 2.638890429497666723e-01 1.000000000000000000e+00 3.322960876538961217e-01 3.972354605923761328e-01 5.632706988387072844e-01 5.384947502525437857e-01 5.246018445443435541e-01 4.779548571539011248e-01 5.633400158434220817e-01 6.401591462525474396e-01 5.110023096319117331e-01 5.614834059143539724e-01 6.074431129606689961e-01 6.042653768690068317e-01 5.181807171541984447e-01 2.218456913548114973e-01 3.015574575118147860e-01 4.475352669775181647e-01 4.297147148364717784e-01 4.518559986265172079e-01 3.099612057965361878e-01 2.577994575446572734e-01 3.069397174541258488e-01 5.223586953369921959e-01 5.491226614175296339e-01 5.186468883475648939e-01 4.400634676634330722e-01 4.587118113081047333e-01 5.251604794315921643e-01 4.709205248635363605e-01 4.913665826330473330e-01 4.851756319214328150e-01 4.914196848364769665e-01 5.958028961834965775e-01 5.580780374591863824e-01 5.391721185501072711e-01 5.804185554882724807e-01 5.767885963356591539e-01 5.995664166889328461e-01 6.034401838072320778e-01 6.375796802930981944e-01 6.282036636723798972e-01 6.117260909569560701e-01 5.833295920476221363e-01 5.995309017010945762e-01 5.941180073241117965e-01 5.960597423598480438e-01 6.068585721150521195e-01 5.991912444669718063e-01 6.398451121669603836e-01 6.276925475113011021e-01 5.793548832083903477e-01 5.592746115535218721e-01 5.515278073376806978e-01 5.928797914490079313e-01 5.938910382501536578e-01 5.858776775511463919e-01 6.092355314010341472e-01 6.194624218040937214e-01 5.918984979274836133e-01 6.035041185583778223e-01 6.003347851966144288e-01 5.976701742209074020e-01 6.061625285370435545e-01 5.917492911196696737e-01 5.261528889648815488e-01 5.403272635421940695e-01 5.951326416650132289e-01 5.757634163600652277e-01 5.603470914142016923e-01 5.211101904157110498e-01 5.171113068849618744e-01 5.842274330049592734e-01 5.935364882824198940e-01 5.782185650562842172e-01 5.541335312615057740e-01 5.758144982683199853e-01 5.548440293218280805e-01 5.586523319586551573e-01 5.832232766675167213e-01 5.864842997687703674e-01 5.575157488751071311e-01 5.867846692741723880e-01 5.577068533291401620e-01 6.027114730790592567e-01 5.877912939353948651e-01 5.965972360647170403e-01 5.830587526276371779e-01 5.900236244443743949e-01 6.029273456197117298e-01 6.103200167205329318e-01 6.048688199551318645e-01 6.025340639901415329e-01 5.967612130756209110e-01 6.250897314990448983e-01 6.261350736034044795e-01 6.131404140107664658e-01 6.063863628537394801e-01 6.225008431655046914e-01 6.112818289074761768e-01 6.197434555062660833e-01 6.219549505325553396e-01 6.315139220171941403e-01 6.075133637754671634e-01 6.056269055594230011e-01 5.870011665673925405e-01 5.831054710877084934e-01 5.999297846764700681e-01 5.916679496761975132e-01 6.026568792343641734e-01 5.990525745715520323e-01 6.155296775969985035e-01 6.035797418532555803e-01 6.140343493389182061e-01
9.284845864257532111e-02 8.115428477392752638e-02 1.850387276169619122e-01 3.322960876538961217e-01 1.000000000000000000e+00 2.998440780452839016e-01 4.426287058451445211e-01 4.692584851118796752e-01 4.706762574605156124e-01 4.384759711847784347e-01 4.423326790671918696e-01 4.826957957297169921e-01 4.625374109698640046e-01 4.558955081859920044e-01 4.867902618025551353e-01 4.989108005930634193e-01 4.431499014649808998e-01 3.445326986467827646e-01 3.996188705451549916e-01 3.606762098576590803e-01 3.409569740029994578e-01 4.137820866444965606e-01 4.131570416869846940e-01 3.759422118180139605e-01 4.123786630479569504e-01 4.890006105867351627e-01 4.905592179524570495e-01 4.906184314408394420e-01 4.670954843422177039e-01 4.733302899069459779e-01 4.838795696036342076e-01 4.583918891827243325e-01 4.460766482039360548e-01 4.545931285929060706e-01 4.524643621160996942e-01 4.696006318788583100e-01 4.690974564719783690e-01 4.787691935994430881e-01 4.929496370289006557e-01 4.612937614347211723e-01 4.937271740929567443e-01 4.973095102244808330e-01 4.965674593208940224e-01 5.101611757432179539e-01 4.987028434311057135e-01 5.067474546506578470e-01 4.981472859367266914e-01 4.943712240007490655e-01 4.914781065591849463e-01 4.759365641136751868e-01 4.792704934819637663e-01 4.951716236647463187e-01 4.887475042227037436e-01 4.973441782458803417e-01 4.942070846268689088e-01 4.900617838307309571e-01 4.875500386364816086e-01 4.940195755165469604e-01 4.902598240143160035e-01 5.000850532155042272e-01 4.973154876657578383e-01 4.968252498692970476e-01 4.979046362316133512e-01 4.973846110228519191e-01 4.924083293011460305e-01 4.946921351795581234e-01 5.009114065568318619e-01 4.992651217739280112e-01 4.990721631718160189e-01 4.986491686899215403e-01 4.942202610750602854e-01 4.990671290433010832e-01 4.892702596435145046e-01 4.964646599628896317e-01 5.048355183280160974e-01 5.034390417159595454e-01 5.044761959736934198e-01 5.030068306105890397e-01 5.026641959714928110e-01 4.964397281379558380e-01 4.951727707533582490e-01 4.990608687467325555e-01 5.027408341005906722e-01 4.961402782422942304e-01 4.889438981844582144e-01 4.892640788292647036e-01 4.979576636704062809e-01 4.969257173658008786e-01 5.008299630337438302e-01 5.033062948244175772e-01 4.944371647460147345e-01 5.061120403298792203e-01 4.998385096447116038e-01 5.041383156077672290e-01 4.983803706268741252e-01 5.000797428905039421e-01 4.947230227567661620e-01 4.952102766978183079e-01 4.990572473704796286e-01 4.942235967307776479e-01 5.040927665460492868e-01 5.008077135016500980e-01 5.022153491323775309e-01 5.060946715013145969e-01 5.068326235294904336e-01 4.966403016858972341e-01 4.985824161956075584e-01 5.026079230353655003e-01 4.995921206609834631e-01 5.030392226735141969e-01 5.002673523909726416e-01 4.979193361759089442e-01 4.959784526804147942e-01 5.005432921009589364e-01 4.993996208176628704e-01 4.999522314238314391e-01
4.751689145314662993e-02 1.087046810125665425e-01 2.632675532636781779e-01 3.972354605923761328e-01 2.998440780452839016e-01 1.000000000000000000e+00 5.492361863967818447e-01 4.918936771929909857e-01 5.558506393500032283e-01 5.168424850743863486e-01 5.715649871798307302e-01 5.942167157787283660e-01 5.474723743234120032e-01 5.486091116208908769e-01 6.001528402543856444e-01 5.950450023434971092e-01 5.649261622458060517e-01 4.218678510052784048e-01 4.887178162302098783e-01 4.234909161047825110e-01 4.480983506032554242e-01 5.122575369457149641e-01 4.928662676337113857e-01 4.588845058680109390e-01 4.940339282811546662e-01 5.900547306610699483e-01 5.960055336400330583e-01 5.945358844893837702e-01 5.640151582869652458e-01 5.821885855200822357e-01 6.105687586169559200e-01 5.858149583041695196e-01 5.912644167987517463e-01 5.908961902968811186e-01 5.947278249602321321e-01 6.010917600848276754e-01 6.087923486030605291e-01 6.160068876658394421e-01 6.249743668819766063e-01 5.961261449318092653e-01 6.225758751911661948e-01 6.155362352810099802e-01 6.069905602902998520e-01 6.264588095434282522e-01 6.194332283122058191e-01 6.181149914203180051e-01 6.220347692255804306e-01 6.260820623591619727e-01 6.174863905599096148e-01 5.979798201273768266e-01 6.148629194997027314e-01 5.792879455500725694e-01 6.106459243291331163e-01 6.255801746709552802e-01 6.183711508616719366e-01 6.195436641096981889e-01 6.070398934872719421e-01 6.246845453712180918e-01 6.216587092482668275e-01 6.261422895372074082e-01 6.223375794934445926e-01 6.225155244705807833e-01 6.148174708462966764e-01 6.139088844251433530e-01 6.096254874282616143e-01 6.130850527552244023e-01 6.232584633501427884e-01 6.177102551554309873e-01 6.202019361333291902e-01 6.135551575896126542e-01 6.201509683847624688e-01 6.235944384781598737e-01 6.100365377037781922e-01 6.114804806645415258e-01 6.264126348608166639e-01 6.297802882336298591e-01 6.306327540555488609e-01 6.208851913654291899e-01 6.240374630906420084e-01 6.232052366036704427e-01 6.234178437135993178e-01 6.288548296280428440e-01 6.253037275844272047e-01 6.223252871515390083e-01 6.238373302295397993e-01 6.245751099688922059e-01 6.299985073468545860e-01 6.273304681960034657e-01 6.326038299729868086e-01 6.262089742729208819e-01 6.279138311760017466e-01 6.286153554421840539e-01 6.292589060506792453e-01 6.280070492912307456e-01 6.263614673860962156e-01 6.262222890004119913e-01 6.176902582391746721e-01 6.085850338309379826e-01 6.204167258851148725e-01 6.243180767473879289e-01 6.256683908034418318e-01 6.247869804353085588e-01 6.237854831396401067e-01 6.261813862319484114e-01 6.209640956070681117e-01 6.200535259541328781e-01 6.233077363757336675e-01 6.266868989634380993e-01 6.278070752525988230e-01 6.290008898062143805e-01 6.267714525147514149e-01 6.263288934525422791e-01 6.282584577383835134e-01 6.222363615445155594e-01 6.218506221523621980e-01 6.208935165790344657e-01
1.705255501035415205e-02 1.529841654197949541e-01 3.203018874869427712e-01 5.632706988387072844e-01 4.426287058451445211e-01 5.492361863967818447e-01 1.000000000000000000e+00 7.020911323088636635e-01 7.415736344392326318e-01 6.983189532529253674e-01 7.594978362242787995e-01 8.091310406113410014e-01 7.248576342280188545e-01 7.459969295927756372e-01 8.529084814518519408e-01 8.174760414313609891e-01 7.281568620423340965e-01 4.742842699558038055e-01 5.762543681290571707e-01 5.030304315516634928e-01 5.005937935741620048e-01 6.122836918783423066e-01 5.746054102485419479e-01 4.986801042640200410e-01 5.565258883613131147e-01 7.805457179632472320e-01 7.763864497966197487e-01 7.871019984599907371e-01 7.244661729864506627e-01 7.376434354358424317e-01 7.885860368163185585e-01 7.423585774902230483e-01 7.591686093004900160e-01 7.439532254906712216e-01 7.563962846235973148e-01 7.761225221347801684e-01 7.714279041151397287e-01 8.245889103496537587e-01 8.244230148633079347e-01 8.051776944596695795e-01 8.291987638220112977e-01 8.389014578095387309e-01 8.341945850714963528e-01 8.398685478150778039e-01 8.222128385773839199e-01 8.292745963829242228e-01 8.359043053300403425e-01 8.352682079709234930e-01 8.276923166477405669e-01 8.134324584527408142e-01 8.363838986113141249e-01 7.759500623620678716e-01 8.245975826010791820e-01 8.248209977915664792e-01 8.171430300361817167e-01 8.127655894000775927e-01 7.998268384656821439e-01 8.307569666670199249e-01 8.294084856318177934e-01 8.325222707321486837e-01 8.355337569892375971e-01 8.276342997211146857e-01 8.248181116803097179e-01 8.224056978542948482e-01 8.112429958687000786e-01 8.171911392712716271e-01 8.368484575166416084e-01 8.010513245274303307e-01 8.021315747117494510e-01 7.949239116042485787e-01 7.987929121340845429e-01 8.078282541735847255e-01 7.687085530802577615e-01 7.725165211800836262e-01 8.340303914654541018e-01 8.339063348724089497e-01 8.349283851323945349e-01 8.155006810387909200e-01 8.299767699696809498e-01 8.188912319336210111e-01 8.143711076498598711e-01 8.300158185177571868e-01 8.273185738443386006e-01 8.216307039640734500e-01 8.301665843532023414e-01 8.143715982896500005e-01 8.238526928248457448e-01 8.438212458066416399e-01 8.423752562726145587e-01 8.295138795159486822e-01 8.349839514414564290e-01 8.450539777628438554e-01 8.383182432685054586e-01 8.419970829143275104e-01 8.393536030591652874e-01 8.395404760150523282e-01 8.393867794385969638e-01 8.322745986590197598e-01 8.411261782493005823e-01 8.437971700332645986e-01 8.440581185274540488e-01 8.378185202878890570e-01 8.384688121486536527e-01 8.465355525438135187e-01 8.350016610421220342e-01 8.282996866112505296e-01 8.389843940735640659e-01 8.369306338666601119e-01 8.364439917208951192e-01 8.394401690053323595e-01 8.383037895432934317e-01 8.360120773085626400e-01 8.351203180569359841e-01 8.400981087993092400e-01 8.300454805664067015e-01 8.327994088736357936e-01
8.161446318803777800e-02 1.470309314112586696e-01 2.988585597187641274e-01 5.384947502525437857e-01 4.692584851118796752e-01 4.918936771929909857e-01 7.020911323088636635e-01 1.000000000000000000e+00 6.937592702594045369e-01 6.380839840878148594e-01 7.030073771865358312e-01 7.570636377845900711e-01 6.738232555905686594e-01 6.928852319259033443e-01 7.575529203070761053e-01 7.869613198799431109e-01 6.973254547439677875e-01 5.162423789406797026e-01 5.916405861896059104e-01 5.444682422976662162e-01 5.780426772712201622e-01 6.656743212985266611e-01 5.907570776598115581e-01 5.365619324707321391e-01 5.899605658066047198e-01 7.494424756148417854e-01 7.512240896732509388e-01 7.462053299731343792e-01 6.845615650423765297e-01 7.009207081382116122e-01 7.377916206637588070e-01 7.270176502491104698e-01 7.253351495894188039e-01 7.229804892564155594e-01 7.147193925006418702e-01 7.494463343382798959e-01 7.336628001415164135e-01 7.691822053803758497e-01 7.791985975538434639e-01 7.635163390261635596e-01 7.651022817351665894e-01 7.809642203683407891e-01 7.734153752547813232e-01 7.929349771158542559e-01 7.726797467633735872e-01 7.805304649644309034e-01 7.670262482764643730e-01 7.696206585503785336e-01 7.652943431505910832e-01 7.690539674961627270e-01 7.762614210400661241e-01 7.503433439549700434e-01 7.597798194200375832e-01 7.627876040270641367e-01 7.651605404670764887e-01 7.619223044829440683e-01 7.627907291287241431e-01 7.691194309724648237e-01 7.708263168424649425e-01 7.704975599867308622e-01 7.695630988507012882e-01 7.711846472364126681e-01 7.691583060767945845e-01 7.639188801544350982e-01 7.674114301568225605e-01 7.627120986037819739e-01 7.758951193265104518e-01 7.565066151334838285e-01 7.574453315123657049e-01 7.592392651978328022e-01 7.763574754467117423e-01 7.707295704309234941e-01 7.371420377240820443e-01 7.424891833156969101e-01 7.746887544819518467e-01 7.709130636829193417e-01 7.731403740392840396e-01 7.612854181284488542e-01 7.677783165719851421e-01 7.538583381720276311e-01 7.573512524534766754e-01 7.691246314271331652e-01 7.811510974246923533e-01 7.658266273479358288e-01 7.808705251859756613e-01 7.597662656344421617e-01 7.765619444840873298e-01 7.815297521865846031e-01 7.781427828635398836e-01 7.763239427091518374e-01 7.793912126031726784e-01 7.810650835086716537e-01 7.812743826003644143e-01 7.842626544713626746e-01 7.716997045667173261e-01 7.732625937664803217e-01 7.835592820461830810e-01 7.756957425806508821e-01 7.767205379510953023e-01 7.805520180585420187e-01 7.831826228202981577e-01 7.823206190595521914e-01 7.733152132741234475e-01 7.879199664532262615e-01 7.848342117153199737e-01 7.796072469591394105e-01 7.766310323497157553e-01 7.730863962865567318e-01 7.742665414750972142e-01 7.761385023674617356e-01 7.753341142150306231e-01 7.706608026122822031e-01 7.770576443113944576e-01 7.798298140029118475e-01 7.716169287874740101e-01 7.716301208057594341e-01
1.172185191385105990e-01 1.685049067891217500e-01 3.575104585556886927e-01 5.246018445443435541e-01 4.706762574605156124e-01 5.558506393500032283e-01 7.415736344392326318e-01 6.937592702594045369e-01 1.000000000000000000e+00 7.430494406177974298e-01 7.979502345888155324e-01 8.400308517325687507e-01 7.617555133607316620e-01 7.823888088431253385e-01 8.451834130005349000e-01 8.426645163669108651e-01 8.074368342236583063e-01 6.151079389939776432e-01 7.089327977626760369e-01 5.939875641504082093e-01 6.208379408011098777e-01 7.351074059945044148e-01 7.226809648742470449e-01 6.597163808315322786e-01 7.212819341730073441e-01 8.529698114183891233e-01 8.478186676656527254e-01 8.448681627810252781e-01 8.175391380193022250e-01 8.446882608339766341e-01 8.725748111904454429e-01 8.254177253028794903e-01 8.126449724517398332e-01 8.273459501677006278e-01 8.344289268890345834e-01 8.405985247360486801e-01 8.576952001421914717e-01 8.584059064535110029e-01 8.729552811276046764e-01 8.170273455973565691e-01 8.662700575035456874e-01 8.640179044046070178e-01 8.447601500601708002e-01 8.699302878175111386e-01 8.710148672310178419e-01 8.673544705216436057e-01 8.783190452814914062e-01 8.831295315039614513e-01 8.807841381784934365e-01 8.573790135563820192e-01 8.714237946800221790e-01 8.275678231360142911e-01 8.595726113797477197e-01 8.855367937517637511e-01 8.808055994163933589e-01 8.740441387299318077e-01 8.781576720326196295e-01 8.715157037548214580e-01 8.817785609752695208e-01 8.858476617763842986e-01 8.764243260130246682e-01 8.834219928568362024e-01 8.791357241980420900e-01 8.812554904260391231e-01 8.825943973056150638e-01 8.841358174226878752e-01 8.843683094857269777e-01 8.742664870083101114e-01 8.738030331433368492e-01 8.634926608303128415e-01 8.721228567763631423e-01 8.845095736986070545e-01 8.600175995407092211e-01 8.708977531506532088e-01 8.857923976704388247e-01 8.812291266534179046e-01 8.791729010420459289e-01 8.819894640879791803e-01 8.797574974823442195e-01 8.831337171157310761e-01 8.821362113546840078e-01 8.856063064807579988e-01 8.824170462572576978e-01 8.777873593695089127e-01 8.673187071286644345e-01 8.752352340288325205e-01 8.792529115111886728e-01 8.755175040217695326e-01 8.783340255074466585e-01 8.801725792529986325e-01 8.680753650610575356e-01 8.763902744124240085e-01 8.786979700829331552e-01 8.769661259887098215e-01 8.790848422730361822e-01 8.822060137099723143e-01 8.602919281667831264e-01 8.732132852698054615e-01 8.783454195490136840e-01 8.732007487267136048e-01 8.691370077563909113e-01 8.801616354765517958e-01 8.790707581317391828e-01 8.750578095276082546e-01 8.808676713692253912e-01 8.774383575315410910e-01 8.817947230776915779e-01 8.829766933775405890e-01 8.812504976942905355e-01 8.813248029612411605e-01 8.769427253793518062e-01 8.833862858004910557e-01 8.799855100246802841e-01 8.819462533200458365e-01 8.864123869001397926e-01 8.852622083791990004e-01
5.897606963870102165e-02 1.684726521834944701e-01 3.047306431886260270e-01 4.779548571539011248e-01 4.384759711847784347e-01 5.168424850743863486e-01 6.983189532529253674e-01 6.380839840878148594e-01 7.430494406177974298e-01 1.000000000000000000e+00 7.398335151014980848e-01 7.704732309569298776e-01 7.057600390691701753e-01 7.179325378166769855e-01 7.864115441524479611e-01 7.703322509546636221e-01 7.377208445684636517e-01 5.308226864232190589e-01 6.180024025324067916e-01 5.167359538064730806e-01 5.282808845951408871e-01 6.393753134148935091e-01 6.328115197809132120e-01 5.717183790860923542e-01 6.250874315834663575e-01 7.692404671725533438e-01 7.557985192620625403e-01 7.616050702188101873e-01 7.319849841930355927e-01 7.528322175497376145e-01 7.824678567861593770e-01 7.453134262130519661e-01 7.416146345478091817e-01 7.497237498607387529e-01 7.545215968162429787e-01 7.588304514418116042e-01 7.646108589465655525e-01 7.916549779316591762e-01 8.013075623226844080e-01 7.529330609301893018e-01 8.095127585957228034e-01 7.975612098216717794e-01 7.834920105478390129e-01 8.016007556840551995e-01 7.987468203110118514e-01 8.003333468124012029e-01 8.151186778632263374e-01 8.173438108672093083e-01 8.114399724140447523e-01 7.759670563289430278e-01 8.005019313846059026e-01 7.379150968422354406e-01 7.857294483157138965e-01 8.199764980880850374e-01 8.088223218825276728e-01 8.056675588475802341e-01 7.967371768932151044e-01 8.062852170203981261e-01 8.130526662403263494e-01 8.168824278593581623e-01 8.097295201289300692e-01 8.166762125256957772e-01 8.097145717897372696e-01 8.109066800038855494e-01 8.016043693137114845e-01 8.078357209184936494e-01 8.175979024822530583e-01 8.034010276531051709e-01 8.007635347150994232e-01 7.893668279633737628e-01 7.927295088737738027e-01 8.080513332732037757e-01 7.842050379753588984e-01 7.892910850342108597e-01 8.169843947279570306e-01 8.153123926845727842e-01 8.118581476520809748e-01 8.076130831048308201e-01 8.082149178592731298e-01 8.108687846119888576e-01 8.089210324391831186e-01 8.139372764867809362e-01 8.112494222717118175e-01 8.082039990718826727e-01 7.968222066273819015e-01 8.048816375019078873e-01 8.067588310308169142e-01 8.124389296942831074e-01 8.129922207113158272e-01 8.154185933860624846e-01 8.048915268209496654e-01 8.140293460076771792e-01 8.122893230530103814e-01 8.138905148869679529e-01 8.177368144702719110e-01 8.204514946447095669e-01 7.979219468380402969e-01 8.008739640762545520e-01 8.127297320907050926e-01 8.095742736458344524e-01 8.077026775530338210e-01 8.149540276721121135e-01 8.101508597298938685e-01 8.120797275971063378e-01 8.069249956206180352e-01 8.131301143652612806e-01 8.169873433016003883e-01 8.207431476210664822e-01 8.189799054956309332e-01 8.175987033090080791e-01 8.156155296910488905e-01 8.194745991476476421e-01 8.194412995499746888e-01 8.164720875511344289e-01 8.161538438265576456e-01 8.162980865502965644e-01
3.561793040992658477e-02 1.350661815528499676e-01 3.789617753223873398e-01 5.633400158434220817e-01 4.423326790671918696e-01 5.715649871798307302e-01 7.594978362242787995e-01 7.030073771865358312e-01 7.979502345888155324e-01 7.398335151014980848e-01 1.000000000000000000e+00 8.632087362645639583e-01 7.821756899636570504e-01 7.962373816010074323e-01 8.611539475622072004e-01 8.590735888304064094e-01 8.037777822717757648e-01 5.854223539935516918e-01 6.831650574500781614e-01 6.024921891134786822e-01 6.338542913194991080e-01 7.291243048597175758e-01 6.907377974335354720e-01 6.345557156256229625e-01 6.832541502399936961e-01 8.466134061986935189e-01 8.403367425850577499e-01 8.359172433247361589e-01 7.915550438104893560e-01 8.251529470899227059e-01 8.650413319588895478e-01 8.275764792940220049e-01 8.220262299458794830e-01 8.293929515413809295e-01 8.330989035621719774e-01 8.545738684666311924e-01 8.579605770283986743e-01 8.643749605960424631e-01 8.791262164412171343e-01 8.342850019007234108e-01 8.831776609119730281e-01 8.778944231640825047e-01 8.617257464160482661e-01 8.859257448171408145e-01 8.853848262304492289e-01 8.711786471141935717e-01 8.901982754131718689e-01 8.903901038364615550e-01 8.870801881358900687e-01 8.739377476572088854e-01 8.868901951754772917e-01 8.377502625559997140e-01 8.727076698583070558e-01 8.847136068133362174e-01 8.735184468493971677e-01 8.721584537777943291e-01 8.680933793869399784e-01 8.825327319075095822e-01 8.822220120464001614e-01 8.898251323821716463e-01 8.889431671066071461e-01 8.822089439532022626e-01 8.798750189433149904e-01 8.822302218684268116e-01 8.813487306650624742e-01 8.828244143674208733e-01 8.940329177136911998e-01 8.760718138801782962e-01 8.789380266574451372e-01 8.775059908757875116e-01 8.832064296577083473e-01 8.878357772640407264e-01 8.624654604981605299e-01 8.665180450634487608e-01 8.918489739734221100e-01 8.916183234286024772e-01 8.870165377569717569e-01 8.793023004239363116e-01 8.871089079982767966e-01 8.858506815762656750e-01 8.833896897297035533e-01 8.898926874240953300e-01 8.904504511266961853e-01 8.840225826135555964e-01 8.868448008948216499e-01 8.856241324443487883e-01 8.908678832041385665e-01 8.893798319372711036e-01 8.918202633559875192e-01 8.862802270697534013e-01 8.829891441203577829e-01 8.903394478328914285e-01 8.920277456850213005e-01 8.902571564406890348e-01 8.927827005793976811e-01 8.924280105914288441e-01 8.827574595363280041e-01 8.859451946760227292e-01 8.935929811071063877e-01 8.937192441664435494e-01 8.875033371529980064e-01 8.907385425324402251e-01 8.907414490021022813e-01 8.934758067794322800e-01 8.938769308328412544e-01 8.828223362727209977e-01 8.929952249203970682e-01 8.893578486451684251e-01 8.884202621946071243e-01 8.927699426886396283e-01 8.861406032551802925e-01 8.927069387813434398e-01 8.885650674705548591e-01 8.940128602948168579e-01 8.927732123335693215e-01 8.910183972920473483e-01
3.385079950933558846e-02 1.411654134934649529e-01 3.698559167054923380e-01 6.401591462525474396e-01 4.826957957297169921e-01 5.942167157787283660e-01 8.091310406113410014e-01 7.570636377845900711e-01 8.400308517325687507e-01 7.704732309569298776e-01 8.632087362645639583e-01 1.000000000000000000e+00 8.101154117553543976e-01 8.426086753619957959e-01 9.156673515011864994e-01 9.031247652464120534e-01 8.240772948521297714e-01 5.577299229715446671e-01 6.705722148759282186e-01 6.334052068339284247e-01 6.448737226376620724e-01 7.427240076480838837e-01 6.785105230622507921e-01 6.136752832358283172e-01 6.751413968836801338e-01 8.722403571582895143e-01 8.742368294129027051e-01 8.599648260888574924e-01 8.029146158115486598e-01 8.414214896448032333e-01 8.901111660196955322e-01 8.374049967153943674e-01 8.467936532836188857e-01 8.477546129819184539e-01 8.566070868919132275e-01 8.957115396965505960e-01 8.929308625018351764e-01 8.936398176249337189e-01 9.206049226815882225e-01 8.796188466310657095e-01 9.281458222627552157e-01 9.228490175036698773e-01 9.202911858329116956e-01 9.395820304101759612e-01 9.306652992179883510e-01 9.199513307364912684e-01 9.336356327576360581e-01 9.357970948281560952e-01 9.314243372616316519e-01 9.133335491366105785e-01 9.262051684329369872e-01 8.984900421493954292e-01 9.291923459370273752e-01 9.266742486439518700e-01 9.145588856495620034e-01 9.083880235450237928e-01 9.157682749361069074e-01 9.293829969578899508e-01 9.268958229916050007e-01 9.387136304390923947e-01 9.386949114248591686e-01 9.320010557692254283e-01 9.316359945920738017e-01 9.285338271933327725e-01 9.259366964041588766e-01 9.324268513237004008e-01 9.364411685565422472e-01 9.008180958439064856e-01 9.070804920309174513e-01 9.198570041195976987e-01 9.182435909815674924e-01 9.195671050420971548e-01 8.873372969526528431e-01 8.906095102395963359e-01 9.339332426028367218e-01 9.343882034585210272e-01 9.245323093612158871e-01 9.130949058769886051e-01 9.264971508747060769e-01 9.197690845726498310e-01 9.184619514331867629e-01 9.305920835763537013e-01 9.282867849723843712e-01 9.180034656920028624e-01 9.220886567792725419e-01 9.165284558397099879e-01 9.331214051621139483e-01 9.302456154614108241e-01 9.356435643183679263e-01 9.282151102429860856e-01 9.251622886854962147e-01 9.378668662352259711e-01 9.404175021147173075e-01 9.385255765527422689e-01 9.379959177303712758e-01 9.376306316978649802e-01 9.343809043873019249e-01 9.312386412828601578e-01 9.374023141532906722e-01 9.345085481519939119e-01 9.382088043727417892e-01 9.383380844793544062e-01 9.420596584240638061e-01 9.451123775266450089e-01 9.447680407591096952e-01 9.309476559403195850e-01 9.382112864260649943e-01 9.331782229846570242e-01 9.313257999384999541e-01 9.384823984647360229e-01 9.324041138033870579e-01 9.384700042573731471e-01 9.355594098018874538e-01 9.410754007908250784e-01 9.367816875190839720e-01 9.411883478192221153e-01
3.766724489258568148e-02 1.359625169367124631e-01 3.277866098044994736e-01 5.110023096319117331e-01 4.625374109698640046e-01 5.474723743234120032e-01 7.248576342280188545e-01 6.738232555905686594e-01 7.617555133607316620e-01 7.057600390691701753e-01 7.821756899636570504e-01 8.101154117553543976e-01 1.000000000000000000e+00 7.631960902638355027e-01 8.204992146006795384e-01 8.265478576928068088e-01 7.618445336647050592e-01 5.549973110798965825e-01 6.537704795279076775e-01 5.525018531115795106e-01 5.729893254796877278e-01 6.714557361602361274e-01 6.607988549468218897e-01 6.091988919654441892e-01 6.569932199906434178e-01 8.107979010656166663e-01 8.021654998335328024e-01 8.003175598241939470e-01 7.718604152168754284e-01 7.983123765108414149e-01 8.302043260536430269e-01 7.780484680242990558e-01 7.779886520708997333e-01 7.852138496680999280e-01 7.964921266222971807e-01 8.019021291408163776e-01 8.140686691267431385e-01 8.227672799959384609e-01 8.424634022188409732e-01 7.809790162537038061e-01 8.428368951798254072e-01 8.364776320180565827e-01 8.291039627703233883e-01 8.451231976752333619e-01 8.410875817672798238e-01 8.369474665584332174e-01 8.508831467673604321e-01 8.534573120457581430e-01 8.443331706334782361e-01 8.192012595969450084e-01 8.386592324487331940e-01 8.002670778508567118e-01 8.331164635694404685e-01 8.492027165714807202e-01 8.375090517354146780e-01 8.314615070624379323e-01 8.252106936641944168e-01 8.434256776528931132e-01 8.406137092398531241e-01 8.534241396592485707e-01 8.511037974703367093e-01 8.459733897969617944e-01 8.407757037548990731e-01 8.456783784332327913e-01 8.357276741118939700e-01 8.429593431122505143e-01 8.550364948327662251e-01 8.420045206175467145e-01 8.403323541122639240e-01 8.328695997220592062e-01 8.364612250554253059e-01 8.447140637835610644e-01 8.259416998195211468e-01 8.304636143735593112e-01 8.559409345718941298e-01 8.541403755769367834e-01 8.513242967918699389e-01 8.480138255392414282e-01 8.510673776359838349e-01 8.523500670375373511e-01 8.474185544569258211e-01 8.533449861435606909e-01 8.461137293184470831e-01 8.447320775439959295e-01 8.374733657489799032e-01 8.448689945670555534e-01 8.454465841147816851e-01 8.467389788973183062e-01 8.523928306939196897e-01 8.460320356049678692e-01 8.419141540873540386e-01 8.531577472130730255e-01 8.528028070986496401e-01 8.531501884738943442e-01 8.547864676839551645e-01 8.547046068860414403e-01 8.331113937407866876e-01 8.322694308362165172e-01 8.459688095500272897e-01 8.439711200547623804e-01 8.488264274960077849e-01 8.461180521947437860e-01 8.491916584986108907e-01 8.532564522582412048e-01 8.494170947701484842e-01 8.365923551865049879e-01 8.482398052776227715e-01 8.549597697352657732e-01 8.505808388955277133e-01 8.540196252701109936e-01 8.485417784491253723e-01 8.544375743368637366e-01 8.468768628363919637e-01 8.523029315060618449e-01 8.506512694012019482e-01 8.507399975798730640e-01
