1.000000000000000000e+00 1.134339576838154368e-01 5.710314506424274406e-02 6.483292348014813022e-02 2.537060814249306184e-02 -5.175203330336854146e-02 4.427107282419136952e-02 1.870562483557450468e-03 1.098129556415362029e-01 1.792258292665925221e-02 1.142889738604856500e-02 1.723527930291873789e-02 4.371438109145072554e-02 -5.083295071911523438e-03 1.256538834987230803e-03 7.611679361769264386e-03 7.676434584277570805e-02 1.770013335134716648e-02 -8.777966484206733630e-03 8.416176856088336544e-02 2.326748649709283606e-02 -1.313934748117088352e-02 1.999440694918784567e-02 8.739033185550046032e-03 -3.783707130197486862e-02 4.557184357155220217e-02 1.173854534161815691e-02 3.415660592911681174e-03 5.961485130517080525e-03 1.739399406312671162e-02 1.469855930312726107e-02 1.080289759327885887e-02 -4.102004141355510870e-03 2.273727585276426669e-02 2.180206817620471832e-02 3.895015424303701485e-03 2.306212806418104361e-03 -4.413798611218725659e-02 -2.084625044333858739e-03 -5.276388673536620139e-02 6.561205767865141121e-04 -2.697828051812045658e-02 -4.720726729229787061e-02 -1.203188420842200672e-02 -5.314404123934867580e-04 -1.661197637550916248e-02 4.751389015399426485e-03 2.408160477197683960e-02 5.654226404935198264e-03 -2.623226788430031708e-02 -2.771464181317537939e-02 2.979822617723093623e-03 1.995312193817094792e-02 5.035862438073569064e-02 8.515559648446439575e-03 -1.822501477329295516e-02 4.103304890002955341e-02 1.972470540035651219e-03 -7.483464620600178453e-03 4.938070825702570860e-02 9.383057094152491562e-03 2.024272883298683032e-02 1.843893679507381447e-03 2.514740158632130379e-02 5.444130425288346009e-02 4.051916291220703653e-02 2.265478050857511194e-02 1.681798710650470085e-03 1.373076246656814922e-02 2.518399176416597201e-03 -1.384841962902753389e-02 -1.073139882066513444e-03 4.823185695073275644e-03 -1.920795169812659908e-02 3.421533724344715324e-03 -5.270514362440018117e-04 -6.087555298170678822e-03 5.022908756111116833e-03 -1.566836220145501491e-03 1.191315346189176887e-02 3.114800609502985009e-03 1.051141937079403017e-02 3.176474418395669463e-02 7.830769752468892328e-03 -1.326258009312472532e-04 1.853959125829841414e-03 -4.569598033979286635e-03 -8.167817867558813810e-03 -4.868362222193854671e-03 -5.907534434481828862e-03 -1.183992797874199206e-02 -8.931452449752862871e-03 4.458682321972007485e-03 -1.080515192123314774e-02 7.388551817104771144e-03 1.094118922330674683e-02 -3.204077347230840055e-03 4.443459728179968010e-02 8.872076121711034921e-03 -4.335245044767227301e-04 -1.985680240253204915e-02 1.277342904178700549e-02 1.365958206537596677e-02 -8.382094854787543355e-04 1.139802652027212780e-02 4.063877228114173151e-02 2.890686074416099621e-02 9.375469431587617197e-03 3.809186562144122913e-03 1.944692926750734088e-02 -5.665255333478180950e-03 2.553170235523114992e-02 2.124703354570237068e-02 2.236932608555883967e-02 3.222599539253995921e-02 3.371154374097910106e-02
1.134339576838154368e-01 1.000000000000000000e+00 6.024366688170757628e-02 1.460375021976089149e-01 1.113626662529403066e-01 1.337964353367591397e-01 1.452806817687836149e-01 1.390942462422109227e-01 1.959771898197175399e-01 1.831960314185202277e-01 1.481197231593390506e-01 1.517064592384005373e-01 1.813012025014542616e-01 1.190769768829399028e-01 1.679937201623255272e-01 1.640892104035971966e-01 1.836750287883510135e-01 1.475935595702953518e-01 1.377160858579780656e-01 1.869390954212999667e-01 1.350847502062094141e-01 1.397955165139946609e-01 1.476289039707244788e-01 1.279774892606543035e-01 1.066229184614285452e-01 1.632705380942121032e-01 1.465525730605965471e-01 1.479790191893233797e-01 1.322625944831916922e-01 1.658087226302900341e-01 1.737219402371571741e-01 1.530640559962277714e-01 1.384214363479836785e-01 1.439649121814337851e-01 1.643516823990420483e-01 1.464986048902515714e-01 1.461054850864339505e-01 1.325657205670203453e-01 1.465298363227599543e-01 1.158173399820493638e-01 1.573274886947307605e-01 1.454596634351338624e-01 1.371906401311346058e-01 1.529293962691134212e-01 1.572675393983357095e-01 1.570218572404860347e-01 1.661205150710133305e-01 1.749971913874144580e-01 1.551911358719730016e-01 1.116339751382969953e-01 1.373496681369325567e-01 1.271959628923055585e-01 1.532013794262635231e-01 1.894909119645329376e-01 1.513735466156073406e-01 1.457323448520070064e-01 1.684080665321036063e-01 1.595999952790266019e-01 1.555048733682559414e-01 1.903158669698998828e-01 1.581842595413112396e-01 1.724342151771994514e-01 1.479081664987302869e-01 1.728390822178488273e-01 1.833527328964891789e-01 1.816518994879927351e-01 1.664398836861330777e-01 1.597019062923483723e-01 1.628105415011269763e-01 1.649408860538049415e-01 1.577634625093580212e-01 1.630905401100186947e-01 1.585599216380669252e-01 1.481741925684696148e-01 1.626568371480741348e-01 1.617331967303629880e-01 1.563022317402256722e-01 1.617237657191143707e-01 1.603319987353634402e-01 1.730291167987707268e-01 1.623760218188441129e-01 1.695714569791015591e-01 1.818911419381809003e-01 1.677690096979184975e-01 1.486391631514422662e-01 1.554958787121228370e-01 1.580264463180784396e-01 1.541275796913628149e-01 1.595225156174792935e-01 1.586870792646979389e-01 1.537774657797096323e-01 1.578972347954929190e-01 1.629681765546175110e-01 1.566289383625292519e-01 1.688321914454291306e-01 1.696711580700572819e-01 1.486979142230656914e-01 1.718310227109156318e-01 1.595440802879104780e-01 1.531989013745283790e-01 1.486747222283709979e-01 1.594833564197803144e-01 1.587949782337296223e-01 1.589473062212266585e-01 1.605180782325610067e-01 1.839739196365732521e-01 1.749744510024596189e-01 1.668204338347259452e-01 1.624100531981778894e-01 1.690892825496947416e-01 1.574167468869657194e-01 1.772674564676430808e-01 1.746058691249466610e-01 1.769000911680399801e-01 1.740682843494039123e-01 1.769622039446345219e-01
5.710314506424274406e-02 6.024366688170757628e-02 1.000000000000000000e+00 3.335015813756286862e-01 2.272544308921948808e-01 2.441349688156018161e-01 3.804371900291971809e-01 3.437151193840651264e-01 3.450678953817312156e-01 3.153711513955572143e-01 3.633539563089812074e-01 3.873030791151020891e-01 3.493448143746470391e-01 2.918997933480299567e-01 3.894264139889925258e-01 3.799522401973483010e-01 3.609763378130607658e-01 3.774169726247199597e-01 3.755704006477498802e-01 3.640101831810870214e-01 3.713811988274262066e-01 3.715753884696094689e-01 3.926029691152316259e-01 3.841953175383333585e-01 3.674889295888048024e-01 3.882639848010428496e-01 3.888126241418163875e-01 3.955728041648632343e-01 3.707167332266650406e-01 3.938695308586727117e-01 3.922828582005494225e-01 4.013349271050658529e-01 3.971751612464732295e-01 4.014143369111173865e-01 3.906265727004997745e-01 3.872130151010354515e-01 3.964423224394949541e-01 3.855945025117964442e-01 3.973185889495336465e-01 3.888670056164248434e-01 3.964693830686083498e-01 3.934198063616903829e-01 3.802363173327221735e-01 3.835265792665192297e-01 3.914763050941463818e-01 3.802012589190096881e-01 3.844548214873827474e-01 3.877995245646446154e-01 3.815990264043720992e-01 3.829782444020145005e-01 3.868952671241716601e-01 3.890093439000879005e-01 3.819123074454764399e-01 3.823645834847554936e-01 3.757348713155010400e-01 3.914945378289542699e-01 3.858476214457975395e-01 3.837228525561601766e-01 3.744547297707010447e-01 3.834942918420696234e-01 3.915821426566349905e-01 3.861614818335503130e-01 3.795003894764273911e-01 3.915862760400068421e-01 3.841373124676606965e-01 3.886632202477690590e-01 3.926558447376803929e-01 3.905432321738479540e-01 3.962310523633560400e-01 3.931874290430517060e-01 3.898819539339045126e-01 3.883121629040680589e-01 3.983175628617511843e-01 3.891825187719459289e-01 3.871993561939722772e-01 3.914474707954143651e-01 3.889170403249461727e-01 3.954502999256766516e-01 3.950300342457843672e-01 3.878591662725185407e-01 3.886167854625459106e-01 3.920936624606464749e-01 3.980580837268262728e-01 3.894016866233551699e-01 3.960286084531881579e-01 3.975764247159121467e-01 4.005194393078727044e-01 3.916256436740553348e-01 3.929623475898779139e-01 3.885791076770118702e-01 3.977153610439205234e-01 3.890915266860933697e-01 3.953104032075271945e-01 3.889155327328033263e-01 3.885511845030649170e-01 3.857701075155292036e-01 3.899660610747655021e-01 3.788945752138141998e-01 3.865079912134931073e-01 3.899929287828034496e-01 3.897033112717103176e-01 3.866194529084844844e-01 3.912765821356651852e-01 3.907790256463692380e-01 3.944591730648920325e-01 3.877214114029425840e-01 3.835904127266061003e-01 3.843022227288518389e-01 3.835929289833476807e-01 3.830602181133616058e-01 3.801023223199943013e-01 3.859791772899963114e-01 3.862778195635884759e-01 3.882660554765248184e-01 3.876631064291424233e-01 3.876153151524856511e-01
6.483292348014813022e-02 1.460375021976089149e-01 3.335015813756286862e-01 1.000000000000000000e+00 3.906198746317396386e-01 3.860233482446759345e-01 6.027856520834692367e-01 5.810860655350003068e-01 5.670598674484074175e-01 5.360268438363842147e-01 5.911042193443405424e-01 6.313588400697978109e-01 5.766282765306662839e-01 4.458895047944324563e-01 6.293784155474858588e-01 6.306231599166383095e-01 5.880329009554651210e-01 6.090050587334353560e-01 5.982211071798075874e-01 5.519405638183084717e-01 6.118679943584125480e-01 6.051427758161977977e-01 6.283998445050685833e-01 5.989380250034623820e-01 6.021420873066671842e-01 6.461463535507200318e-01 6.238766370562738306e-01 6.302737878518707149e-01 5.796996827450034973e-01 6.493632503496776787e-01 6.402595431356378208e-01 6.369591324604526594e-01 6.191305930272619218e-01 6.185168299732595187e-01 6.312746636329169547e-01 6.202966928602581254e-01 6.339252957223102669e-01 6.147513312873656988e-01 6.384558597954337333e-01 6.192043768536300563e-01 6.389300702056077697e-01 6.307551017757506706e-01 6.247475984114226888e-01 6.373700062249257892e-01 6.391331054375828380e-01 6.350731365737725120e-01 6.303515436786424342e-01 6.371252906818933859e-01 6.254359906090450894e-01 6.186335075339468581e-01 6.314839179341881215e-01 6.415874344754145531e-01 6.366577484270572462e-01 6.333126682495998638e-01 6.249086416887209561e-01 6.419898853513537063e-01 6.371743289629129281e-01 6.298302750898970848e-01 6.274805889492208744e-01 6.368758455410429287e-01 6.424993430709293740e-01 6.256199283091323782e-01 6.334385572432112976e-01 6.406178655984552384e-01 6.438854715611279644e-01 6.480993462207474964e-01 6.408251219016101174e-01 6.411866755675132978e-01 6.375574533115463405e-01 6.418373183952893468e-01 6.436569680642391100e-01 6.400049829916114597e-01 6.348484463993162574e-01 6.393606216521540153e-01 6.403031317564886749e-01 6.430526755190065780e-01 6.347703323432097866e-01 6.357855277330656252e-01 6.390333295458787699e-01 6.393821029062631833e-01 6.413596800723286862e-01 6.470572976919928276e-01 6.504860441931096249e-01 6.374352842194228597e-01 6.383869299144019349e-01 6.382046618456194143e-01 6.448758797570541823e-01 6.391226809361214567e-01 6.431745187331271429e-01 6.405070333016184003e-01 6.407500345050718416e-01 6.401440523626118484e-01 6.454032820182761254e-01 6.388110329340179749e-01 6.383769573131256037e-01 6.363521767447023469e-01 6.439687441625074893e-01 6.452030381954435567e-01 6.484800884454653414e-01 6.455446685698561504e-01 6.440833092793563086e-01 6.486924558627120696e-01 6.454436920677812939e-01 6.430329542843647994e-01 6.498350573489090065e-01 6.540905551847994159e-01 6.398272691573652082e-01 6.387037770189425423e-01 6.416388614807174706e-01 6.396590537308181057e-01 6.371637801647798138e-01 6.414393223673341415e-01 6.406567580461912659e-01 6.438983273121959838e-01 6.419460244588732767e-01 6.475796615789963795e-01
2.537060814249306184e-02 1.113626662529403066e-01 2.272544308921948808e-01 3.906198746317396386e-01 1.000000000000000000e+00 3.042147686076684954e-01 4.731212127764083397e-01 4.519826198766205283e-01 4.541271250419747774e-01 4.318328058788362123e-01 4.685956090179531075e-01 4.890404223415041884e-01 4.701119864170216212e-01 3.587920781354410615e-01 4.901533103403636904e-01 4.921859150302483332e-01 4.644910805453423830e-01 4.719122477247931768e-01 4.731848948847254266e-01 4.583806265532789359e-01 4.872374447865981395e-01 4.777721381474345219e-01 4.889633133141582655e-01 4.856942479815444802e-01 4.796175100495622678e-01 4.974554225732185087e-01 4.840402841173015447e-01 4.933137355364581866e-01 4.561199976191854799e-01 4.993458620206946974e-01 4.957901423359409310e-01 5.065112692118808324e-01 4.671796545787483823e-01 4.856906553554568018e-01 4.785370650327080977e-01 4.787472262561003333e-01 4.759962611671404442e-01 4.847711967106186348e-01 4.919430438891530533e-01 4.845012226640951769e-01 4.947798416926133536e-01 5.028482460132298604e-01 5.015844686423025500e-01 5.031747451773054269e-01 4.976116283326435519e-01 5.006418728907336968e-01 4.907836751680983434e-01 4.958295965450159604e-01 4.889496856768331678e-01 4.894283969155538982e-01 4.979100656940592673e-01 5.061013127447406834e-01 5.032854053149646845e-01 4.946644056334589812e-01 4.852633845670262791e-01 5.022144904367945584e-01 4.923489698686893123e-01 4.903202798433070608e-01 4.796318293613534567e-01 5.025767834392294020e-01 5.009190573295336790e-01 4.877015024859412962e-01 4.849698828478521406e-01 4.988662796052158455e-01 5.005733801742687783e-01 5.045624385002427381e-01 4.952474036213465047e-01 5.048142215791128207e-01 5.031438458849664119e-01 5.051748335807897394e-01 5.040268770989719815e-01 5.018638871071088303e-01 5.036512644120522131e-01 5.048650170089065137e-01 5.017529824644315628e-01 4.996363757818571560e-01 4.997666597697635327e-01 4.947286667278699701e-01 5.019157657130089989e-01 5.008979320480381192e-01 4.996869381108273722e-01 4.986578132639792882e-01 5.021587822755549935e-01 4.951831606748766657e-01 5.050640160731100226e-01 5.013934991499057192e-01 4.971830829104727512e-01 5.009939551885250753e-01 5.002337471976752159e-01 5.027776962834981100e-01 4.990830448550620524e-01 5.026897020739397037e-01 5.033933256491310848e-01 5.009323897967038475e-01 4.981921705612036289e-01 4.970252294088847167e-01 5.007315743461036028e-01 4.973329222569702335e-01 4.993236308707965643e-01 5.047332616373931824e-01 5.064222848567035973e-01 4.980293457570594273e-01 5.082203345285463136e-01 5.020401155485494371e-01 5.089251589022972810e-01 4.981173735040639872e-01 4.965101563381795757e-01 4.975281526009883160e-01 4.956787469982763539e-01 4.980666521810426794e-01 4.894250743052969144e-01 5.002811596510372549e-01 4.932333555070447240e-01 5.013251727263584590e-01 5.010563386382046458e-01 5.020767726616448545e-01
-5.175203330336854146e-02 1.337964353367591397e-01 2.441349688156018161e-01 3.860233482446759345e-01 3.042147686076684954e-01 1.000000000000000000e+00 5.217973565144568004e-01 4.920002965940426520e-01 5.250683887363197799e-01 5.063457300515539217e-01 5.479961869800217267e-01 5.772248053296621384e-01 5.150782770084992856e-01 4.267803276463829065e-01 5.820762181075481712e-01 5.700491918735335339e-01 5.561214026790676224e-01 5.312480156444310264e-01 5.565995713261305822e-01 4.697954044434645149e-01 5.192164714445479667e-01 5.495534549477655295e-01 5.473894467992229673e-01 5.258630669885987485e-01 5.383118463709413160e-01 5.862397612654847157e-01 5.750000509756026945e-01 5.846430007594987099e-01 5.321939911239026433e-01 5.836392525847498014e-01 5.940333923299304653e-01 5.829250292348403528e-01 5.620889669594754112e-01 5.629259534846613455e-01 5.710319317348149237e-01 5.560225550067690037e-01 5.802262579707797574e-01 5.787744005204215059e-01 5.922027013093191794e-01 5.685004565594995452e-01 5.966049218557342160e-01 5.949636285887002218e-01 5.838562439593214526e-01 5.947010492143866012e-01 5.927117756685725825e-01 5.968514108157937370e-01 5.978929769250829196e-01 5.977310224755597590e-01 5.931119969347646848e-01 5.611057288397091058e-01 5.795182589899083858e-01 5.521806415276785396e-01 5.855655089560322102e-01 5.904732081591763659e-01 5.807635407202955680e-01 5.964931572197672560e-01 5.757084383483324075e-01 5.920339241234335859e-01 5.873348521741169614e-01 5.944856703981071799e-01 5.967453345327665692e-01 5.887806369047389188e-01 5.764258827357878756e-01 5.964779780017199773e-01 5.942123267607936077e-01 5.945677863780322037e-01 6.008809953695275485e-01 6.005878796151493670e-01 5.943880155883866090e-01 5.935441653594673017e-01 5.995953766230104343e-01 6.037227912796095941e-01 5.888397547858357228e-01 5.948085873247193067e-01 6.046853174486650495e-01 6.013443231518124099e-01 5.993867200423911301e-01 5.916888621435231199e-01 5.981576473126677396e-01 6.004291699199325594e-01 6.011523730369621177e-01 6.033455429680468773e-01 5.996072244718040345e-01 6.002530528434510959e-01 5.919607268032665015e-01 5.945338936756879855e-01 6.018411001330539190e-01 6.003516217115915099e-01 6.039700192654861022e-01 5.998627475669763287e-01 6.024210800021505552e-01 6.041684340819989396e-01 6.010709525646237283e-01 6.034797331080015148e-01 6.024133849617635539e-01 6.014797254260334514e-01 5.897022718570262834e-01 5.850999666401935917e-01 5.976167282398203717e-01 5.983345203041207094e-01 6.003247950361378926e-01 5.943358057188569132e-01 5.981181145997349624e-01 6.019087728295259287e-01 6.002745497070289815e-01 5.912338628038434907e-01 5.982583282591498186e-01 6.025961773686320244e-01 5.991539973726465185e-01 6.002902546118422666e-01 5.962029530825984081e-01 6.027550041869513819e-01 5.963208585743593471e-01 6.010347414540435640e-01 5.994828549176903776e-01 5.991957695582892374e-01
4.427107282419136952e-02 1.452806817687836149e-01 3.804371900291971809e-01 6.027856520834692367e-01 4.731212127764083397e-01 5.217973565144568004e-01 1.000000000000000000e+00 7.292353211347420983e-01 7.200633270036363998e-01 7.086722968669320055e-01 7.647963281302088134e-01 8.065514635894996953e-01 7.456999480884848319e-01 5.958535320667681656e-01 8.402890272359900825e-01 8.083500941732789657e-01 7.490569232369671537e-01 7.684491555277201957e-01 7.803174986039715932e-01 7.124123666998076754e-01 7.714881816435843476e-01 7.710481294206430469e-01 7.894362969677497510e-01 7.680603560912383498e-01 7.684522816450735094e-01 8.192453187008061910e-01 7.971381782544277872e-01 8.246658354483438202e-01 7.732993854527289157e-01 8.135071301872878191e-01 8.195081101597607720e-01 8.193704465980318208e-01 7.869398251865449279e-01 7.916132742058410443e-01 7.949492815428447212e-01 7.740297729090621637e-01 7.992806933872833586e-01 8.111933674278120066e-01 8.171035240206308004e-01 7.966163156747527729e-01 8.177741234549872340e-01 8.239376126633652930e-01 8.118940930904342546e-01 8.224660267769369204e-01 8.146996539651271130e-01 8.228866325261463555e-01 8.134681406421002681e-01 8.162318830699343275e-01 8.105402390498530618e-01 7.968529825925818599e-01 8.146122121109492520e-01 7.905538384403513197e-01 8.059324825613888299e-01 8.120613165194102701e-01 8.070755412398139539e-01 8.268645333386204221e-01 8.034210193777637787e-01 8.112013233551158553e-01 8.093875488415712693e-01 8.091200966778848702e-01 8.225246972879706187e-01 8.023999542230217941e-01 8.052891799291126418e-01 8.136061802214682448e-01 8.117368218222772436e-01 8.170205453340768642e-01 8.208446724619942181e-01 8.247707058461386520e-01 8.256038294092614693e-01 8.300989062311584510e-01 8.253376834290633290e-01 8.223981133670822397e-01 8.220319093338301908e-01 8.215464852607129442e-01 8.233895912220954294e-01 8.238053256654492840e-01 8.282210674212125978e-01 8.291615080620450273e-01 8.294115017678819202e-01 8.229185632677771256e-01 8.210522647704960875e-01 8.239426546115542482e-01 8.267766496050906744e-01 8.212119829559837436e-01 8.206173284185297456e-01 8.208622144998664050e-01 8.222618907314963588e-01 8.254550161875086056e-01 8.252057493408203603e-01 8.254816623370404560e-01 8.241942244756982339e-01 8.238410582919810654e-01 8.246078149897961840e-01 8.270770808331509016e-01 8.185319450327105395e-01 8.184930942678726451e-01 8.143124465029344394e-01 8.095982497344562656e-01 8.206595493270713026e-01 8.232131643066094018e-01 8.236840309459972920e-01 8.212919841001827814e-01 8.204137533086873768e-01 8.213261220041966348e-01 8.229511146570090974e-01 8.193727953277188947e-01 8.181513764849610570e-01 8.182764429891122848e-01 8.216550460984164417e-01 8.198607919008789047e-01 8.156355496092891899e-01 8.174540198765819499e-01 8.156937061872971961e-01 8.187428028611996034e-01 8.147003077682242189e-01 8.189845981114698414e-01
1.870562483557450468e-03 1.390942462422109227e-01 3.437151193840651264e-01 5.810860655350003068e-01 4.519826198766205283e-01 4.920002965940426520e-01 7.292353211347420983e-01 1.000000000000000000e+00 6.975234388251918549e-01 6.854780487113816267e-01 7.342185398481753111e-01 7.830561288956647825e-01 7.149572694968691078e-01 5.617168794010551913e-01 7.933816896120483575e-01 8.065160968655896712e-01 7.241459320272524147e-01 7.424583064138730037e-01 7.479019461882496778e-01 6.643794948585954874e-01 7.484020375855384710e-01 7.441367289902141025e-01 7.397219322868371361e-01 7.182563492027455032e-01 7.234800011021077504e-01 7.889745010137322323e-01 7.705034148189411347e-01 7.693624871435658097e-01 6.977142311444213263e-01 7.805101866732008231e-01 7.860745273091723773e-01 7.846120162606757820e-01 7.523166162334393725e-01 7.536176018831869383e-01 7.695566370747219942e-01 7.448613016941821874e-01 7.675793762702441958e-01 7.890308401470363941e-01 7.898177922318083688e-01 7.695053419229463953e-01 7.937291423207352148e-01 7.976842194161817279e-01 7.855626800497683693e-01 7.966356392039467549e-01 7.892957302883407689e-01 7.924434943976791379e-01 7.956124550643197679e-01 7.961533406654309752e-01 7.974903642878914400e-01 7.906734007514791829e-01 8.041751384492671351e-01 7.740117294303631157e-01 7.889820829209618358e-01 7.888972061770667121e-01 7.908124156513408609e-01 7.987095645980536451e-01 7.918683226150072807e-01 7.956758725968599011e-01 7.969597333815516826e-01 7.862501495462158596e-01 8.042414324758619948e-01 7.882261439247505441e-01 7.993789698232877106e-01 7.967731806729572153e-01 7.866120967464484970e-01 7.945501849213137957e-01 8.001303704627820146e-01 8.010706671041172289e-01 7.944338230118649369e-01 7.997246672087302555e-01 8.035906131281048692e-01 8.013444732317742680e-01 7.833952494088201046e-01 7.917478557071753187e-01 8.014301608069386296e-01 8.006610190767896595e-01 7.956128768493633263e-01 7.847840591483229433e-01 7.921541248307328864e-01 7.976898433553563095e-01 7.964068031400439729e-01 7.996314099175200196e-01 7.973493587318806197e-01 7.938403231886055345e-01 8.015924528998920051e-01 7.933812379543156990e-01 7.981841068237988113e-01 8.057973885744802445e-01 8.012502907500500537e-01 7.998008456679949196e-01 7.945871785931433173e-01 8.014872476638138510e-01 7.990098346321951039e-01 8.008649810565726668e-01 8.008616074677349372e-01 8.006447805070850965e-01 8.070623131143040974e-01 8.029496919425554990e-01 8.081066376933739859e-01 8.084027261604630477e-01 8.061060642080400962e-01 8.116246452814014356e-01 8.009459748513518829e-01 8.063699548557163865e-01 8.013393157144443890e-01 8.025239864836933856e-01 8.041571628411817718e-01 8.002057576457944910e-01 8.044697656189692125e-01 8.028484294367896901e-01 8.045419681304679660e-01 7.971303814454787640e-01 8.013280582161965704e-01 8.052479121301414633e-01 7.968274658622435114e-01 7.993266596163747240e-01
1.098129556415362029e-01 1.959771898197175399e-01 3.450678953817312156e-01 5.670598674484074175e-01 4.541271250419747774e-01 5.250683887363197799e-01 7.200633270036363998e-01 6.975234388251918549e-01 1.000000000000000000e+00 7.541908748598408208e-01 8.030461370229906581e-01 8.293238891563448068e-01 7.799203721028684644e-01 6.117432811185775643e-01 8.308752256070822684e-01 8.289143955861045798e-01 8.079332296201138242e-01 7.693868847733259519e-01 7.835497503270741904e-01 7.259495569119092107e-01 7.588072998236679023e-01 7.816676969998220814e-01 7.772229762260122188e-01 7.493594628739860264e-01 7.418725001025481269e-01 8.524074038998695757e-01 8.262265927695484624e-01 8.232141697256130097e-01 7.702903805111165347e-01 8.402410653964663689e-01 8.645882406330714920e-01 8.351591976366157244e-01 7.871679300650441524e-01 8.080127804867427432e-01 8.335531436283666329e-01 7.711468862876322827e-01 8.223869732157699231e-01 8.185230126104295900e-01 8.381825789908998736e-01 7.843961147120598332e-01 8.577350393427998210e-01 8.380608540133145379e-01 8.162724610350285959e-01 8.574936030912173601e-01 8.403935431826894398e-01 8.546227332191068671e-01 8.724150869572108169e-01 8.822580233795735971e-01 8.663761296669686418e-01 8.073583605445499023e-01 8.294819878603055807e-01 7.972561306281348292e-01 8.508301439686238865e-01 8.858360585375836260e-01 8.605484401445425702e-01 8.453249130668417655e-01 8.662847022060063962e-01 8.685646940406812622e-01 8.646885212181183444e-01 8.889570662030564785e-01 8.688596055668156293e-01 8.743177807871560514e-01 8.575191590986303014e-01 8.691063868333989140e-01 8.826231811727914822e-01 8.798626200063109914e-01 8.748154741104312571e-01 8.646755676180778449e-01 8.687212459008525345e-01 8.616635711410427501e-01 8.558846539398657915e-01 8.672774771769047319e-01 8.495792511808339942e-01 8.443758322451809795e-01 8.751682933456816915e-01 8.704229302928031542e-01 8.674965063922182029e-01 8.621691243906920432e-01 8.631415197872592815e-01 8.744251912604025234e-01 8.701610827091992295e-01 8.755573872125638202e-01 8.747856608177089210e-01 8.731677150133128062e-01 8.594451731902066349e-01 8.599773678967216339e-01 8.589056420913571133e-01 8.632639106290501685e-01 8.663995736605571985e-01 8.659436809865580509e-01 8.525338407927854911e-01 8.656277380250296805e-01 8.658026213168431573e-01 8.666582485172746875e-01 8.764073460260610737e-01 8.780812618859030749e-01 8.511617303575008675e-01 8.732010690576688106e-01 8.680030812746134528e-01 8.616460649791091164e-01 8.532114890403769136e-01 8.663173215682572481e-01 8.684448968514761891e-01 8.686557069835166844e-01 8.655321471804682254e-01 8.766100231400559828e-01 8.828333375799689575e-01 8.767635851779965739e-01 8.731903166137428007e-01 8.790685466190336639e-01 8.678726812166114302e-01 8.827323098475758911e-01 8.789573781719988155e-01 8.769081588338720756e-01 8.791486810614215219e-01 8.801513284426057959e-01
1.792258292665925221e-02 1.831960314185202277e-01 3.153711513955572143e-01 5.360268438363842147e-01 4.318328058788362123e-01 5.063457300515539217e-01 7.086722968669320055e-01 6.854780487113816267e-01 7.541908748598408208e-01 1.000000000000000000e+00 7.608754529814903966e-01 7.877548376201696234e-01 7.387807033366318166e-01 5.923686949026952808e-01 8.039178106416913216e-01 7.933253032204499178e-01 7.572274699436362111e-01 7.366658686027525160e-01 7.603858831413566888e-01 6.852689073648459139e-01 7.213588658642634543e-01 7.517880194688554285e-01 7.545655529911613479e-01 7.242819685524362061e-01 7.171971293604678666e-01 8.053901117043378299e-01 7.863662702283285011e-01 7.922289007025974383e-01 7.321103283754573088e-01 8.035443825668452389e-01 8.208820258816486026e-01 8.011858689999016292e-01 7.723998980953518112e-01 7.732808849641511495e-01 8.023356434411326177e-01 7.504378616152660442e-01 7.891048393513218073e-01 8.026250340705508579e-01 8.108546416122713874e-01 7.765634359205754178e-01 8.201242520921641077e-01 8.142506760789900433e-01 8.016796091597921947e-01 8.233594239110294533e-01 8.151411480233944351e-01 8.227983086012565783e-01 8.295936553416255466e-01 8.397659191511700483e-01 8.280578846338515486e-01 7.828910258734275152e-01 8.073958435953788593e-01 7.731043400242746388e-01 8.134328781121255014e-01 8.309549215168419156e-01 8.188412014913468706e-01 8.185391720204673316e-01 8.196062417663950717e-01 8.300334484280026404e-01 8.265012391862609498e-01 8.325593060250364719e-01 8.328688518675390062e-01 8.271206330379963223e-01 8.169885007773478591e-01 8.291082052821125981e-01 8.251571916721969213e-01 8.282554124786174476e-01 8.337542090380677395e-01 8.282012785782827402e-01 8.254345041881642198e-01 8.257421330595959841e-01 8.218990799893504118e-01 8.303471472869804471e-01 8.138689071819809051e-01 8.141035301785591871e-01 8.346082466881044049e-01 8.311617515074266604e-01 8.285172863520289255e-01 8.200333723343515846e-01 8.256014400976948719e-01 8.322731235077054368e-01 8.314700836216275537e-01 8.350929087488635494e-01 8.300771484263483879e-01 8.308946055850133794e-01 8.198757685525797090e-01 8.195827673547577685e-01 8.251037222795468695e-01 8.286196988686922449e-01 8.299764077711659915e-01 8.315598616340549309e-01 8.230226658381136762e-01 8.322516460064365296e-01 8.301715777065332702e-01 8.310077745805262150e-01 8.352467972414419073e-01 8.369603697777685536e-01 8.176341031231296741e-01 8.168166907885484607e-01 8.282304517544050171e-01 8.243913392297835818e-01 8.258700656863859901e-01 8.277444204155958163e-01 8.266977987692801788e-01 8.313763834942646813e-01 8.269291372572633581e-01 8.277148189781693421e-01 8.358611046186059657e-01 8.360714685610667329e-01 8.335506947184145865e-01 8.355162560571782748e-01 8.313065186763088921e-01 8.361660683628030499e-01 8.346022355140207960e-01 8.316837918394631712e-01 8.326475134042686799e-01 8.330496325199899799e-01
1.142889738604856500e-02 1.481197231593390506e-01 3.633539563089812074e-01 5.911042193443405424e-01 4.685956090179531075e-01 5.479961869800217267e-01 7.647963281302088134e-01 7.342185398481753111e-01 8.030461370229906581e-01 7.608754529814903966e-01 1.000000000000000000e+00 8.672517645451435220e-01 7.925789987445198692e-01 6.307458835269522668e-01 8.683487759197513478e-01 8.589831539576601172e-01 8.134829197548769653e-01 8.057281643956692996e-01 8.354069667570123148e-01 7.498503825212432528e-01 7.973837130259909811e-01 8.279712175665426832e-01 8.258899286665460915e-01 8.059243447348092282e-01 8.090300241066519238e-01 8.715519108760376721e-01 8.575325740560565402e-01 8.621644791779680128e-01 7.945493230365464621e-01 8.732699083296376896e-01 8.996221278324780801e-01 8.740672736862723502e-01 8.354825135935800562e-01 8.495392885932425697e-01 8.635889606389604012e-01 8.361924482398505054e-01 8.704042184788167713e-01 8.745489853825472171e-01 8.836775774014884455e-01 8.610975204736883715e-01 8.925755790446542326e-01 8.883980857515819674e-01 8.780346466555868368e-01 8.959427006392797210e-01 8.898468939501353869e-01 8.848093829933734167e-01 8.958148598769432036e-01 9.022940831996688615e-01 8.956794694402643309e-01 8.615529802863962638e-01 8.810904277585442923e-01 8.545262999841409801e-01 8.853415237552970662e-01 8.909200370420194970e-01 8.845809692507619060e-01 8.934708444419360296e-01 8.863393975847336792e-01 8.920277663375778543e-01 8.929196914114505557e-01 8.952763226221353010e-01 8.989469367598776905e-01 8.930187850917229442e-01 8.865201234867805535e-01 8.930436289890767432e-01 8.892917161332721809e-01 8.976886011988424174e-01 9.010568233588754916e-01 8.981959332936049201e-01 8.975276535286529356e-01 8.973578185517261385e-01 8.946912309821839493e-01 8.992459464606746833e-01 8.871929467722454721e-01 8.906656772494603302e-01 9.020422344465190978e-01 8.986019182443887310e-01 8.961931721435772991e-01 8.878931776653117280e-01 8.965590881501617204e-01 9.018131887344265074e-01 9.009863740216936812e-01 9.028669166960486825e-01 9.007890401179695639e-01 8.983514914301726773e-01 8.937692612897599753e-01 8.948913155147133480e-01 8.994764298816152470e-01 9.010094329392909218e-01 9.026635119186480205e-01 9.019731246172792982e-01 8.993552292863952191e-01 9.023112110695635790e-01 9.020521095326488048e-01 9.020935705315176190e-01 9.029443986624222651e-01 9.030330514407398645e-01 8.933296445961755872e-01 8.865437114259903106e-01 8.986616134044809190e-01 8.979355433863606128e-01 8.999296229940063618e-01 8.973474118297398716e-01 8.982439961888331048e-01 9.005526620350864375e-01 8.995340740003026081e-01 8.957873586650065834e-01 9.015725889392832704e-01 9.024454219923280229e-01 9.028619368456326510e-01 9.014920721926998892e-01 9.016189513334978978e-01 9.015627997658599568e-01 9.008262498268058138e-01 9.000194634899195689e-01 8.983464625743281529e-01 9.016056419161907476e-01
1.723527930291873789e-02 1.517064592384005373e-01 3.873030791151020891e-01 6.313588400697978109e-01 4.890404223415041884e-01 5.772248053296621384e-01 8.065514635894996953e-01 7.830561288956647825e-01 8.293238891563448068e-01 7.877548376201696234e-01 8.672517645451435220e-01 1.000000000000000000e+00 8.391726420630032379e-01 6.669082081251886951e-01 9.123995081251183858e-01 9.052380230634450298e-01 8.478027291579691704e-01 8.544011048582932366e-01 8.779682991286429372e-01 7.719407224801098089e-01 8.499113368862702966e-01 8.785671228077959194e-01 8.711425530666873085e-01 8.499738287163927097e-01 8.559651256501290550e-01 9.174712348433259335e-01 8.985701320163992367e-01 9.102806224816755165e-01 8.403944307802305724e-01 9.178778419490835061e-01 9.355618225713049352e-01 9.202376669629813710e-01 8.767600381340361348e-01 8.922231387702209693e-01 9.059960325117916158e-01 8.789821649419934380e-01 9.038382009557162089e-01 9.191693852519788877e-01 9.273893466446092582e-01 8.971418466828379179e-01 9.308506819686754863e-01 9.296845664327653136e-01 9.197013196804574298e-01 9.350727970301481173e-01 9.270646998766400859e-01 9.314459912075971904e-01 9.382115094812403244e-01 9.403129477068166153e-01 9.339616325818662634e-01 9.075003323407889733e-01 9.266479920427598271e-01 8.968956709288321560e-01 9.244695393304602771e-01 9.307995911649754595e-01 9.247519956800843710e-01 9.355222750306568802e-01 9.246884624617801585e-01 9.337919310440085940e-01 9.320316024675596722e-01 9.320272860858745956e-01 9.401322469753480293e-01 9.310434693690778918e-01 9.277333495937778451e-01 9.362198592241586237e-01 9.295351049168294466e-01 9.365517155060110177e-01 9.413525505034425755e-01 9.423758674451031547e-01 9.384013900855578960e-01 9.400535682607127352e-01 9.408509069264364699e-01 9.431188091461919498e-01 9.292748922943885326e-01 9.358644948572374389e-01 9.430295283423917319e-01 9.424384146441512344e-01 9.373033986221200875e-01 9.317953231076150367e-01 9.376229153156646623e-01 9.409067128716255279e-01 9.402891550336058835e-01 9.427784131416759861e-01 9.402492946886703562e-01 9.396220880726703362e-01 9.379799431253232900e-01 9.376734674481193021e-01 9.390683644452987311e-01 9.435243893236409107e-01 9.431789320721847281e-01 9.420957510894798492e-01 9.377174062722928305e-01 9.425412227248298747e-01 9.429737429925196812e-01 9.438890961700742155e-01 9.414489282318146968e-01 9.425506648681294397e-01 9.347327600874364428e-01 9.275174028567250151e-01 9.396259322237641154e-01 9.409141282705977272e-01 9.411063884841045502e-01 9.389441885100061613e-01 9.379836575161836221e-01 9.436573131413418247e-01 9.420168670068899130e-01 9.349183577085640184e-01 9.411104143278185008e-01 9.419444497746692901e-01 9.417539907366062613e-01 9.414386985894824811e-01 9.389604674042775212e-01 9.407694084860857009e-01 9.393307438305069645e-01 9.406554017780207610e-01 9.396769143540913971e-01 9.402903949282809259e-01
4.371438109145072554e-02 1.813012025014542616e-01 3.493448143746470391e-01 5.766282765306662839e-01 4.701119864170216212e-01 5.150782770084992856e-01 7.456999480884848319e-01 7.149572694968691078e-01 7.799203721028684644e-01 7.387807033366318166e-01 7.925789987445198692e-01 8.391726420630032379e-01 1.000000000000000000e+00 6.245786194526226076e-01 8.523826880842384490e-01 8.425830100175288884e-01 7.903100194800187772e-01 7.881212446725970322e-01 8.026803122224016596e-01 7.442170047715612746e-01 7.803151332342141977e-01 7.879807302412060732e-01 7.990354635714481679e-01 7.788090648168300989e-01 7.795596074542378018e-01 8.504362568988375060e-01 8.209438561928660283e-01 8.253259535637642585e-01 7.496350718466205931e-01 8.450537461494929126e-01 8.516006572775316474e-01 8.492119603680022832e-01 7.948901665299451524e-01 8.176706309651065041e-01 8.298102162397702486e-01 8.065985850797587897e-01 8.268964110853450622e-01 8.362836672615280298e-01 8.450867564871882287e-01 8.176783795142797961e-01 8.551158900137439955e-01 8.535838583555579451e-01 8.441268626848420498e-01 8.622876309660030270e-01 8.519629704529542158e-01 8.533687637382243452e-01 8.678527825164592535e-01 8.705970678159383747e-01 8.595955006760647166e-01 8.261706503225857423e-01 8.447738261540101989e-01 8.271867100209414625e-01 8.535764936139769166e-01 8.661996226452381986e-01 8.538467039350136067e-01 8.619347251975799651e-01 8.539366261461684982e-01 8.641191476071795607e-01 8.566169459676437059e-01 8.720727185411306648e-01 8.668043206998971018e-01 8.614981883145529373e-01 8.485933770371877349e-01 8.613831550988944041e-01 8.634213058692774556e-01 8.709449936314345164e-01 8.708389514698176015e-01 8.677559269037878886e-01 8.670287053468720417e-01 8.673369236964121320e-01 8.599672697370273067e-01 8.660364918580922833e-01 8.569030087161555453e-01 8.576746929529045493e-01 8.688709416305688826e-01 8.651880505307856239e-01 8.583394398349236676e-01 8.463283419010005915e-01 8.640590499014529913e-01 8.724512956556887966e-01 8.665597148384113213e-01 8.680128929911448132e-01 8.693399906555638879e-01 8.653973080628897252e-01 8.610414732664667392e-01 8.608386681924017347e-01 8.630234956877881336e-01 8.644780466381882800e-01 8.661543017671141653e-01 8.676013246744013196e-01 8.597237734661130615e-01 8.677652629137875273e-01 8.691541349422885476e-01 8.672853867675761608e-01 8.711228775507191546e-01 8.716633667947566444e-01 8.561645903400945112e-01 8.584286932526369318e-01 8.659658327398508382e-01 8.637772193003026011e-01 8.627678383949894947e-01 8.617613441604137225e-01 8.692379361996688258e-01 8.677943493078263959e-01 8.714343161213944366e-01 8.653868102315874777e-01 8.708926216585618496e-01 8.682519932030084986e-01 8.676756417415855127e-01 8.697398801490378029e-01 8.640746732353294934e-01 8.731623120550450201e-01 8.672418097811076532e-01 8.677945276479867021e-01 8.708245510490351116e-01 8.720874718844746631e-01
