1.000000000000000000e+00 1.054040211318757053e-01 7.739612112131902255e-02 1.082319612340050946e-01 1.449336328134609442e-02 -2.612574874768707617e-02 -2.870172572543842199e-02 3.817154967492300544e-02 1.398425945427335393e-01 3.828999986015672180e-02 3.183384011209636905e-02 3.957910499103347440e-02 2.277267345826232067e-02 -3.308945673744046606e-02 2.074456380961579253e-03 1.902736753854355339e-02 1.465259902573298745e-01 -3.017213117468203060e-02 -3.531173453908723059e-02 7.919012321759333339e-02 5.178323290901055975e-02 9.632592950669090041e-04 -1.811179442957044916e-02 -6.985535979711517129e-02 -9.296477244745730839e-02 1.809387719069846523e-02 1.667123220261263958e-02 -1.855318992121356494e-02 3.154904977530907650e-02 2.669807690157446206e-02 1.915492590459699079e-02 -3.141870725414627839e-03 -3.177444361436666809e-02 -1.755220486516837278e-02 5.325344134684199641e-03 7.456655690931677724e-03 4.887047352291678734e-04 -1.278413344590247080e-02 1.794887827160037514e-03 -7.006253184613714380e-02 -9.878342793096456589e-03 -2.998167356086493471e-02 -2.306313783153481067e-02 5.245321563176026484e-03 -5.590379521500874090e-03 -7.254754951133733816e-03 4.678114376685135918e-03 1.734490224479604339e-02 4.792708283365000599e-02 3.155523809477017716e-02 1.081128905668405499e-02 4.588772960347053953e-02 2.022904749710336542e-02 5.014646345857651927e-02 3.175306564976218549e-02 9.851779094587623936e-03 9.641790559414009643e-02 1.227982897339354763e-02 2.708057306369901496e-02 4.983941184161350124e-02 3.156761142003732673e-02 3.895582211819841739e-02 3.664121367522973904e-02 4.762341191410960489e-02 8.032587246461291020e-02 7.629768131849601343e-02 3.152258063380544706e-02 -7.443464547531829234e-03 -2.277884038568474788e-03 1.846815116887444777e-02 -4.368708404121355096e-03 -4.337234632465851968e-03 -3.190445004880763241e-02 -3.548528254805796006e-02 5.420399175452746306e-03 5.799737880001599490e-03 -1.166756083377405023e-02 1.347355600747866811e-02 -1.469630300325688518e-02 1.113601251381436154e-02 7.428693223044377340e-03 9.961084040893583916e-03 2.820347591728070841e-02 -3.289893787244864681e-03 6.589690490933896444e-03 -1.232697001190318940e-03 9.037413196236741050e-04 6.207081469040382849e-04 -4.833593985577753702e-03 1.669203213981811443e-02 -2.935483154591119262e-02 -1.638326810761592950e-02 -4.866709002599224967e-03 -1.075410850421327190e-02 6.224440073024681275e-03 1.016353301572086101e-02 1.317481534518085730e-02 7.909899929549066289e-02 2.026293785209694678e-02 1.461225461079727894e-02 -1.575775841887720047e-02 2.803461762200468513e-02 2.032353968031893818e-02 1.148452215917233898e-02 3.335252519917227682e-02 5.378679664793011017e-02 4.136062488900260625e-02 1.568735079749130831e-02 9.860476209217157451e-03 1.439782285820426569e-02 5.416834827392955944e-03 3.000914472140043740e-02 2.503146702664403936e-02 3.379245751924078028e-02 4.722125050788204825e-02 5.742580985192360932e-02
1.054040211318757053e-01 1.000000000000000000e+00 5.412912731842429298e-02 1.268260709455292790e-01 8.994635427130162619e-02 9.817729835144377304e-02 1.412689990350051439e-01 1.647839370543692783e-01 1.691226443937933477e-01 1.930928273009515361e-01 1.497506216821754554e-01 1.657519370340245768e-01 1.216329278913066969e-01 1.108454143849978285e-01 1.463639409053091589e-01 1.567356698755353606e-01 1.627099904236893324e-01 1.331351988756748483e-01 1.306481239449380771e-01 8.533317444645058258e-02 1.093174687613387847e-01 1.206120865916637253e-01 1.696464989769260467e-01 1.138236022244213941e-01 1.067459572544413732e-01 1.342439789541561568e-01 1.552110528174510673e-01 1.440374205937916541e-01 1.500055223305959695e-01 1.671918841920429777e-01 1.643342202324480361e-01 1.722117011726622682e-01 1.551907510795350886e-01 1.483300696760226356e-01 1.575297818208399869e-01 1.824318110190044917e-01 1.571745789457131837e-01 1.700405790480620516e-01 1.676123228447032876e-01 1.574380240647341445e-01 1.557280571985484308e-01 1.527607119036059613e-01 1.585833306285054922e-01 1.556196738309739980e-01 1.570537432538641198e-01 1.641210454226525450e-01 1.514678204330900391e-01 1.656127968145037765e-01 1.766727825306805555e-01 1.558418946416486872e-01 1.622819752944177074e-01 1.273886332559325818e-01 1.431278558814943480e-01 1.792394349252026953e-01 1.841525017268772213e-01 1.878202379667429367e-01 1.956703023867664426e-01 1.602570205088098554e-01 1.755275032835929283e-01 1.611372333245940924e-01 1.697133311478039031e-01 1.768537171971463762e-01 1.785642886541723706e-01 1.736562058594730007e-01 1.607627246741924754e-01 1.744703611282292233e-01 1.627804129333940697e-01 1.574344997769649424e-01 1.576731476798427789e-01 1.506570471270498868e-01 1.428728089502492304e-01 1.503271089842290187e-01 1.469931791840402013e-01 1.344927207436497352e-01 1.531241526146027154e-01 1.578473185336213003e-01 1.541276347349319342e-01 1.607740491195996935e-01 1.512513800431374567e-01 1.571397619789063060e-01 1.556045977287448812e-01 1.597719690790688207e-01 1.746974492077120744e-01 1.581547075599148422e-01 1.509825262222506126e-01 1.526335170927534957e-01 1.640557931230962330e-01 1.554487317481810515e-01 1.522965467013687735e-01 1.688609198556865476e-01 1.531096039976713175e-01 1.487042987908064606e-01 1.547492159484357421e-01 1.508777796777937552e-01 1.545168123942414762e-01 1.591419677401849642e-01 1.523367702324129047e-01 1.536858836550061280e-01 1.471852369871048949e-01 1.493462430731574420e-01 1.555109932300331732e-01 1.578873771864108821e-01 1.474019621818203063e-01 1.487865551073714598e-01 1.553923998348681057e-01 1.642168900536748744e-01 1.549457882431249933e-01 1.580222800875672740e-01 1.618488107617487848e-01 1.559312835915880047e-01 1.602028985876805256e-01 1.548539758103626152e-01 1.619388696685758189e-01 1.560364408507231848e-01 1.599761111002853398e-01 1.578572838622801233e-01
7.739612112131902255e-02 5.412912731842429298e-02 1.000000000000000000e+00 2.687611663064368162e-01 1.599072983698427430e-01 2.071684461335420724e-01 2.703206016749665763e-01 2.847525633440824988e-01 3.391510533430502350e-01 2.733971265830770769e-01 3.280757426363834495e-01 3.368647205122358157e-01 2.831997490944466733e-01 2.747116331701939806e-01 3.299741604579745080e-01 3.230092555264491572e-01 3.291264761271799344e-01 2.958042253192950666e-01 3.050032622122512138e-01 2.967011599910620578e-01 3.170204672910712507e-01 3.251644279872288879e-01 2.820045911487560342e-01 2.801784395759738255e-01 2.745071039191859241e-01 3.362236373839524450e-01 3.247490793837254919e-01 3.122187702996170322e-01 3.000209553171560017e-01 3.228151479821046999e-01 3.394713401776376371e-01 3.261663009230184040e-01 2.907069391818920545e-01 3.223984790367453446e-01 3.053682851150258393e-01 3.257778844208518709e-01 3.332821674098168097e-01 3.298915036175003035e-01 3.361151661319218276e-01 3.144825032676125121e-01 3.375110361599291675e-01 3.292838539639816320e-01 3.373375184895970880e-01 3.362769819573878660e-01 3.413231517415653560e-01 3.273249020441570956e-01 3.448362201353214473e-01 3.393532648083634196e-01 3.454952435112451092e-01 3.286973393049120173e-01 3.362214158671496533e-01 3.294608094835531076e-01 3.301229098725676492e-01 3.466112361844477796e-01 3.324620692770665076e-01 3.337306639949096931e-01 3.480286695471053737e-01 3.415723854317720964e-01 3.387465946342847478e-01 3.528038567919595803e-01 3.466411706696186923e-01 3.478277719774104937e-01 3.442690215206866688e-01 3.507790790050363539e-01 3.549228144828241449e-01 3.510708905092156940e-01 3.485828453754675760e-01 3.448870715288966382e-01 3.432873527006337078e-01 3.527316134345143683e-01 3.436908810775302636e-01 3.456439982063025940e-01 3.333974074563380019e-01 3.353177338980448119e-01 3.470968392885582232e-01 3.439343980044953786e-01 3.348316250774659442e-01 3.361804250808685390e-01 3.404692280531935178e-01 3.448956879690923127e-01 3.475167035708898178e-01 3.494113252899524458e-01 3.546232812435592407e-01 3.375223976234807965e-01 3.479057695921949356e-01 3.421714680578686330e-01 3.462415522505107868e-01 3.479947834195719625e-01 3.434553385393371849e-01 3.567371879273388835e-01 3.418212386022687621e-01 3.407490698118634254e-01 3.476377273696514836e-01 3.435112675154649575e-01 3.465084464523781604e-01 3.463817222432973297e-01 3.500152450893818656e-01 3.544936636213786296e-01 3.496618061023085700e-01 3.498545709057324649e-01 3.465788472359283556e-01 3.547498812188077388e-01 3.517707504511631278e-01 3.487311929732313520e-01 3.527521525484452747e-01 3.568245241598949069e-01 3.542666378400467497e-01 3.473814213923557825e-01 3.455674506063836637e-01 3.472482594250509425e-01 3.450960680502492828e-01 3.529194347183449709e-01 3.533055421017695097e-01 3.572061287313545996e-01 3.568572260588177003e-01 3.572120798028096123e-01
1.082319612340050946e-01 1.268260709455292790e-01 2.687611663064368162e-01 1.000000000000000000e+00 3.546372193143264573e-01 3.838515993068177812e-01 5.516628828909773130e-01 5.711704874364554874e-01 5.912053682377045316e-01 5.226591164956244651e-01 5.917546927509601540e-01 6.378816798955186940e-01 5.663711430687247139e-01 5.065102215927074214e-01 6.144814929946086357e-01 6.021269609212930307e-01 5.592741518451386229e-01 5.774326925216610729e-01 5.816228735836352914e-01 5.424402811047773776e-01 5.993334237290246502e-01 6.159496648213058645e-01 5.493539909102611585e-01 5.249435786192319098e-01 5.307728988557162131e-01 6.203808489018164396e-01 6.079376506232807564e-01 6.109544502923833775e-01 6.014840797771939807e-01 6.141328542895697629e-01 6.355619671202605847e-01 6.017376229025667156e-01 5.826567586793319764e-01 6.026931980573839720e-01 5.914872422147912090e-01 6.022675955043962359e-01 6.185881321473145622e-01 6.064574137693364841e-01 6.208527541347989009e-01 5.850635623172216748e-01 6.201187908815214422e-01 6.185351129660029423e-01 6.261489308514659458e-01 6.348639837737909408e-01 6.270595082600275427e-01 6.215894192539549445e-01 6.149429239965349403e-01 6.161747237840102809e-01 6.127041169253143460e-01 6.107197027649892140e-01 6.151638709596862764e-01 6.355901272468895691e-01 6.298408176367124023e-01 6.131665188494137553e-01 6.037511788420852898e-01 6.148677532956878800e-01 6.081908813039659245e-01 6.135023031059506637e-01 6.052384990413161026e-01 6.200528654330522693e-01 6.235453720306374237e-01 6.151117865691867470e-01 6.129769291780947649e-01 6.208823549242280526e-01 6.378593994452849136e-01 6.286822259089027698e-01 6.258413308565832223e-01 6.208681522835973743e-01 6.235080428699116828e-01 6.335850767040517306e-01 6.356253204724139350e-01 6.323960080064845446e-01 6.137036466271411639e-01 6.162646571285047559e-01 6.289100935102496237e-01 6.245223713350038786e-01 6.250212858378975112e-01 6.300147801683079196e-01 6.192857754709656382e-01 6.157123590790217760e-01 6.188041896808063047e-01 6.257782398385126621e-01 6.300160021856904269e-01 6.137355993538774479e-01 6.282778953889147644e-01 6.242073169846401592e-01 6.214884230151542788e-01 6.266340712684074221e-01 6.247388538845543016e-01 6.289286802352079819e-01 6.231860725321363148e-01 6.237484138241314868e-01 6.256143490098586835e-01 6.242669076337539202e-01 6.173984567568825410e-01 6.176754594889963812e-01 6.247426657746439904e-01 6.352169654720050129e-01 6.321511661026657514e-01 6.301726740032006502e-01 6.240104507955460678e-01 6.297206244795146013e-01 6.283433803104567783e-01 6.313018348438237393e-01 6.406431059272622575e-01 6.296690345263195043e-01 6.292460803624213561e-01 6.196718905522160536e-01 6.202577966571873880e-01 6.256519588155454725e-01 6.198154449730903792e-01 6.249038687164110151e-01 6.234538421070865422e-01 6.300121147814149447e-01 6.363468917778852818e-01 6.351340183966192043e-01
1.449336328134609442e-02 8.994635427130162619e-02 1.599072983698427430e-01 3.546372193143264573e-01 1.000000000000000000e+00 3.094811753812284905e-01 4.632027138111538545e-01 4.557270471217292340e-01 4.353892511934352449e-01 4.051039094913043148e-01 4.348021691787598564e-01 4.859170546020978865e-01 4.814434050116241925e-01 4.031331026801439066e-01 4.988883304728268797e-01 4.827549083061707935e-01 4.052413526979898872e-01 4.449304704020097256e-01 4.486411650239406357e-01 4.096966121106003778e-01 4.164893513632103583e-01 4.438552899036758426e-01 4.125883913547159776e-01 4.338224925705470580e-01 4.149966091307288885e-01 5.051939268665530669e-01 4.774474715483782994e-01 4.681605536875103057e-01 4.563840306094621435e-01 4.883226145432578158e-01 5.029461666092274186e-01 4.775274050814807825e-01 4.569785695734123743e-01 4.789579113383380382e-01 4.783801358285225125e-01 4.360937444423981235e-01 4.879696363133274595e-01 4.536338662871157723e-01 4.823518020082686042e-01 4.327204302527032365e-01 4.892897963891076896e-01 4.813168442488150456e-01 4.906398465020984645e-01 4.971220858372507601e-01 4.852814845416753564e-01 4.943490939752275826e-01 4.925044975390630020e-01 4.920939243824934417e-01 4.670090092906867829e-01 4.329127048709616177e-01 4.630407794086529027e-01 4.585095287755636684e-01 4.928825664975361454e-01 4.903772349771156058e-01 4.672233077628745734e-01 4.655443451716551606e-01 4.515265609431124427e-01 4.822340692527857242e-01 4.544365863532416339e-01 4.993364424566240634e-01 4.834488169373692412e-01 4.809026558114410377e-01 4.701650273282153569e-01 4.776764991340459732e-01 4.850348255648903040e-01 4.905084197929612255e-01 4.963405879161861267e-01 4.972172811996913300e-01 5.027974100765345566e-01 5.058454074477689577e-01 4.935888184430303749e-01 4.934749602566273485e-01 4.966973801669868349e-01 4.960773869775849110e-01 5.064367991132207036e-01 4.919918029037432805e-01 4.980830731719993465e-01 5.050661389733767104e-01 5.006067985167611534e-01 4.981560820719620475e-01 4.941540844694378154e-01 5.011081505049074236e-01 4.709048264860979938e-01 4.989598738431778591e-01 4.859817092627749524e-01 4.944698321436638566e-01 4.903771635857146483e-01 4.908644184718479186e-01 4.937383005054334917e-01 4.820113722330952588e-01 4.905660589009945838e-01 4.934627886059169133e-01 4.926315990871557027e-01 4.916047616156876132e-01 4.927728446573368393e-01 4.912867939707784570e-01 4.585637143552666606e-01 4.690660649275784633e-01 4.847788451160212619e-01 4.766313893001581925e-01 4.869719993566434257e-01 4.793985406732685917e-01 4.887540488163758523e-01 4.967486856394225381e-01 4.860151372223325272e-01 4.738141877440220084e-01 4.799774936921958335e-01 5.004637085463337076e-01 4.909079045982642775e-01 4.896673415110808225e-01 4.785727420510739183e-01 5.021168339265413838e-01 4.842867086453964687e-01 4.876172883344012110e-01 4.890759111211290810e-01 4.960528161796936564e-01
-2.612574874768707617e-02 9.817729835144377304e-02 2.071684461335420724e-01 3.838515993068177812e-01 3.094811753812284905e-01 1.000000000000000000e+00 5.301076944284476289e-01 4.845119064894509719e-01 4.821668428343477419e-01 4.920588132490491540e-01 5.172249385263925081e-01 5.669658749508432738e-01 5.101825708452289998e-01 4.858183497763116643e-01 5.824953905096871276e-01 5.800890221885606213e-01 4.752055771862176980e-01 5.430103260630334550e-01 5.485159936198729103e-01 4.531870050125183513e-01 5.065619920133529464e-01 5.449787034856005130e-01 5.155308647704720526e-01 4.926039393773425368e-01 5.025606828914740420e-01 5.748397425978637454e-01 5.798055781097002370e-01 5.838934106255104783e-01 5.696167882220068979e-01 5.708157972439494854e-01 5.942949955942705698e-01 5.710330199247242167e-01 5.579529102410710761e-01 5.654697000319799383e-01 5.442522621382180903e-01 5.395191993703537525e-01 5.810725544699250067e-01 5.880980031534226438e-01 5.801030532221732594e-01 5.764211564955719069e-01 5.927335170396368369e-01 6.001019667275570013e-01 5.920943668848114294e-01 6.007354501334234431e-01 5.895454865644399467e-01 5.979761307393671732e-01 5.934589974417142644e-01 5.906547511967172870e-01 5.783758473864685223e-01 5.653796193128829417e-01 5.850497700147700986e-01 5.470749563263053172e-01 5.833417098993303185e-01 5.762077731611229270e-01 5.798156510800128727e-01 5.805270649941306482e-01 5.459005286106053401e-01 5.844736847135918456e-01 5.752800127094651605e-01 5.784150796888085644e-01 5.840481112536717312e-01 5.797269136866575190e-01 5.726814373554207638e-01 5.791643295314059525e-01 5.706194628367518007e-01 5.639827679173662345e-01 5.898397986667882620e-01 5.953238192655093686e-01 5.934836484218730668e-01 5.882848206066124686e-01 5.964751053435254358e-01 5.970882666469781164e-01 5.907931766746425950e-01 5.924819837789409016e-01 5.988036483981007407e-01 5.972670617794682002e-01 6.070498678240751067e-01 6.071192534062221924e-01 6.080004533816883994e-01 5.876991244059837083e-01 5.937058065748130886e-01 5.966415115603234121e-01 5.829814647425290985e-01 5.899015401270867320e-01 5.938777845661407095e-01 5.907879086419848269e-01 5.922411113014868222e-01 5.996771409376642215e-01 5.928420409292285420e-01 5.889694321142835420e-01 6.021641335848638699e-01 6.043468573417416501e-01 5.982068806158747920e-01 6.019892739661888426e-01 5.934535843057546778e-01 5.925975723427119313e-01 5.852263457825654935e-01 5.667911549725070941e-01 5.916064532630955775e-01 5.950102843660144414e-01 5.972586525605197982e-01 5.869861013374367831e-01 5.862637670698367387e-01 5.961481985788986693e-01 5.862172657441325763e-01 5.708789189573341138e-01 5.849504853325907527e-01 5.932683279937489562e-01 5.899563602791370043e-01 5.911994680954090198e-01 5.920024587765209123e-01 5.872663545880935088e-01 5.870634154946166028e-01 5.865596888025209621e-01 5.860349684630827838e-01 5.769599879589591973e-01
-2.870172572543842199e-02 1.412689990350051439e-01 2.703206016749665763e-01 5.516628828909773130e-01 4.632027138111538545e-01 5.301076944284476289e-01 1.000000000000000000e+00 7.101513758907740392e-01 6.795742960068719141e-01 6.795270897323930637e-01 7.296587251804809160e-01 7.765262207443396347e-01 7.165894444700438015e-01 6.605854684448462244e-01 8.273158519988359494e-01 7.922447530282016315e-01 6.544977956093788185e-01 7.437212250778101330e-01 7.358758491749710640e-01 6.220986271023418723e-01 6.780581133124560234e-01 7.426092768680614409e-01 7.266089261805892541e-01 6.919486758323957210e-01 6.831780760821518639e-01 8.019088535569940390e-01 8.053037839724571656e-01 8.163696335224062128e-01 8.093581158127994835e-01 7.834453245841164204e-01 8.313753589307504299e-01 7.997857776058019397e-01 7.748325778028920530e-01 7.803576412728934208e-01 7.499095119259914233e-01 7.512432954487184844e-01 7.959728030187525061e-01 7.928253101023303717e-01 7.951944547278604336e-01 7.827019448242286126e-01 8.028741301935083952e-01 8.106971632600433741e-01 8.045293245278681837e-01 8.169263279995477856e-01 8.003328250220540507e-01 8.244828758491378196e-01 7.916481888352618901e-01 7.995627398553178944e-01 7.858480811878139072e-01 7.561982085441152357e-01 7.843698463255175390e-01 7.361042438995512027e-01 7.825390124710974726e-01 7.836139293246834336e-01 7.831655158667925054e-01 7.878834617400540807e-01 7.605673992192303334e-01 7.826941263170963392e-01 7.729047950038704373e-01 7.864491156224249213e-01 7.919156950814936202e-01 7.864569871156463776e-01 7.782076169119371833e-01 7.878379104436390445e-01 7.777782999015641074e-01 7.759521745144091209e-01 7.927357734504284492e-01 7.995173447458254756e-01 8.075713689392050032e-01 7.931407648639853258e-01 7.992018011647632481e-01 8.021080604792469870e-01 7.980295369137225814e-01 7.930080705562276844e-01 8.153084346550454331e-01 8.106621450126706430e-01 8.249029760360268027e-01 8.358420840015290398e-01 8.248467124129144068e-01 7.958871402546026097e-01 8.006011014310635554e-01 8.122359368481479880e-01 7.909534425844146899e-01 8.005985870639422686e-01 7.967802883079272425e-01 8.005414830104691237e-01 8.006047639323566889e-01 8.059454985365138713e-01 8.035093252412669473e-01 7.898494390472278193e-01 8.148396563912522206e-01 8.120605870288567507e-01 8.048566452277168271e-01 8.095064173623256476e-01 7.905642653195166236e-01 7.898189302610266749e-01 7.794238179379830989e-01 7.664481843013370987e-01 7.898889541165831085e-01 7.901313461267910343e-01 7.997434283382994780e-01 7.855359777487391781e-01 7.819584707491160636e-01 8.000428430510707623e-01 7.895504562567443596e-01 7.766543736139905896e-01 7.833946062346676120e-01 7.959095506201521175e-01 7.951016543069161502e-01 7.918048660835370622e-01 7.860915920718543060e-01 7.919308023747616554e-01 7.866247719573984387e-01 7.893764763345522129e-01 7.862151344823156141e-01 7.822724430653794636e-01
3.817154967492300544e-02 1.647839370543692783e-01 2.847525633440824988e-01 5.711704874364554874e-01 4.557270471217292340e-01 4.845119064894509719e-01 7.101513758907740392e-01 1.000000000000000000e+00 7.123908029258961827e-01 6.641928141015945863e-01 7.238277873876708401e-01 7.770332360887470813e-01 7.289510625677954048e-01 6.418294748500265046e-01 7.982923454278534336e-01 7.993880954659349225e-01 6.926402050767418439e-01 7.194856973499392794e-01 7.309693822603828828e-01 6.212494514534372403e-01 7.052749105612279301e-01 7.376828248191561466e-01 7.084664780513303395e-01 6.699944148849183989e-01 6.479449096092534388e-01 7.744652946675241179e-01 7.671973355074326317e-01 7.497216557633517020e-01 7.397796249902865995e-01 7.708782288049009779e-01 8.107419955789411103e-01 7.830500211338953243e-01 7.562382866042496321e-01 7.821737586719380575e-01 7.662266736909845166e-01 7.655745925333815594e-01 7.895584393625935116e-01 7.901158937231850254e-01 8.064893129825109197e-01 7.436699799827783952e-01 7.932718047682639773e-01 7.904890644629174457e-01 7.966362799649022719e-01 8.115620942794647963e-01 7.986637663554521094e-01 8.051988535682442771e-01 7.965597549633075536e-01 8.024190116061094002e-01 7.943240762186130066e-01 7.776046791771012989e-01 7.960815360959212494e-01 7.561514122773991264e-01 7.863610218034966515e-01 7.943688418129344342e-01 7.923152315005819180e-01 7.964905137508712096e-01 7.789442905307020215e-01 7.963298522601743867e-01 7.929865813502914307e-01 7.992278548115976378e-01 8.093882019500554525e-01 7.993449258759746101e-01 7.996484957004229566e-01 8.000740643907627847e-01 7.984584803459178204e-01 7.972889093167316865e-01 8.043240253616685820e-01 8.021204756561038929e-01 8.070420888852234409e-01 8.009008716049378362e-01 8.043722637126360375e-01 8.032586743860887779e-01 7.957034980114123801e-01 7.885755962712145406e-01 8.037774718335586321e-01 8.010034259455410810e-01 7.981951454676817770e-01 8.053806207056319888e-01 7.973759995286352487e-01 8.039439504444413354e-01 8.047722529061570595e-01 8.105030403287243335e-01 8.001665139838808338e-01 8.033589951816992869e-01 8.052204197179002598e-01 8.096135926818429640e-01 8.043960207422188313e-01 8.079306497738238946e-01 8.060757711172958917e-01 8.034870263131668189e-01 7.995907707408848042e-01 8.036421879289402659e-01 8.028010495831157112e-01 8.064093404205323612e-01 7.988440289150683382e-01 7.987606698644786896e-01 7.891069072721316191e-01 7.905839399091125763e-01 8.022272505678091914e-01 8.009437679302827684e-01 8.025467718961832864e-01 8.027418206098280162e-01 7.932560843096840841e-01 8.083255772619447610e-01 8.043778390786361365e-01 7.937360882983147681e-01 7.964864764585974921e-01 8.021250413775472543e-01 8.043226771496203575e-01 8.038979210652079654e-01 7.997606587305300385e-01 8.027320491072871267e-01 8.008958885112679171e-01 8.040057226722920891e-01 8.048353874592125701e-01 7.998452343272304255e-01
1.398425945427335393e-01 1.691226443937933477e-01 3.391510533430502350e-01 5.912053682377045316e-01 4.353892511934352449e-01 4.821668428343477419e-01 6.795742960068719141e-01 7.123908029258961827e-01 1.000000000000000000e+00 7.234952347914739290e-01 7.729139022842748119e-01 8.190436437180805829e-01 7.385964591259285283e-01 6.706854651885558738e-01 8.195781485642442687e-01 8.081087659739627505e-01 7.671313563493100673e-01 7.104085704878247975e-01 7.255443416254138134e-01 6.537426597488020796e-01 7.216935949611734680e-01 7.476287748722547644e-01 7.031172811844095261e-01 6.369924039547558703e-01 6.221472931149452101e-01 7.996794346548659060e-01 7.889063304282620814e-01 7.511550183663135982e-01 7.452106903077355682e-01 8.058867524208329636e-01 8.368022903780102384e-01 8.026148166089852598e-01 7.600717616455378023e-01 7.916101876489327616e-01 7.931777693449210132e-01 7.824760371746206644e-01 8.316225890916919550e-01 8.097361267936727947e-01 8.329656436929482322e-01 7.404769859872876170e-01 8.217835296830822145e-01 8.033345762345324159e-01 8.143553884968733891e-01 8.416390510612848930e-01 8.308708171985766944e-01 8.243041881924196845e-01 8.450104427043468869e-01 8.506325052568364242e-01 8.516634312476037971e-01 8.017678807625485682e-01 8.234263491445447114e-01 8.043398773715049188e-01 8.278471149298661791e-01 8.665347002142164134e-01 8.426748732342655979e-01 8.283163149349105359e-01 8.599683248646295963e-01 8.422950594739758712e-01 8.406252531834497166e-01 8.700041278637360431e-01 8.559024773609567038e-01 8.655604678595374413e-01 8.569111385178778129e-01 8.610762563680860460e-01 8.708453650856915473e-01 8.723370902834843843e-01 8.586305098697606386e-01 8.391859771084407837e-01 8.385218371691297579e-01 8.439575767427175412e-01 8.361719833389952283e-01 8.388638201461940946e-01 8.089983009037073902e-01 8.070357140779451655e-01 8.468742549415905208e-01 8.449194365834171716e-01 8.286787883050004133e-01 8.340379657502235977e-01 8.282854611190186844e-01 8.484646038303294002e-01 8.451685736555102357e-01 8.496479783163309873e-01 8.432082517385286469e-01 8.426111747670572694e-01 8.338129869362160829e-01 8.357845395254764886e-01 8.422378291608756395e-01 8.391028036488284991e-01 8.430688090710194427e-01 8.445254150194094755e-01 8.261690280027345068e-01 8.352320460965451110e-01 8.398917493066710982e-01 8.393466532693549809e-01 8.473753953022991059e-01 8.505561786991734374e-01 8.198947804538715411e-01 8.506876837097577804e-01 8.442219397187102903e-01 8.367958917184969980e-01 8.328942689050475856e-01 8.498381289781041792e-01 8.474610410527905202e-01 8.483800461198690579e-01 8.510072228819236528e-01 8.561096844165281272e-01 8.525330904072047078e-01 8.525241064643735989e-01 8.504918541938731869e-01 8.517239131239113803e-01 8.434505270314598402e-01 8.613993548597554950e-01 8.572509965869554716e-01 8.573132850519985526e-01 8.653380685112385118e-01 8.678656081752332829e-01
3.828999986015672180e-02 1.930928273009515361e-01 2.733971265830770769e-01 5.226591164956244651e-01 4.051039094913043148e-01 4.920588132490491540e-01 6.795270897323930637e-01 6.641928141015945863e-01 7.234952347914739290e-01 1.000000000000000000e+00 7.166709795967363128e-01 7.722408494428888437e-01 6.879837140451960931e-01 6.470077313136214370e-01 7.886606651387834122e-01 7.758922146052090740e-01 6.870414297429314754e-01 7.037414853140537829e-01 7.146306588979077778e-01 6.355282068564922504e-01 6.667117251020474589e-01 7.073618113874226010e-01 7.076566870569265255e-01 6.550150730408901278e-01 6.351319243580457741e-01 7.670057754516067527e-01 7.605737318678599257e-01 7.408194188549911408e-01 7.183884900940283869e-01 7.623759143686151818e-01 7.962812981476883323e-01 7.887272495822534868e-01 7.512493568236369157e-01 7.747427620687753480e-01 7.491847719637318992e-01 7.572044250420650879e-01 7.821201815018636871e-01 7.922242406046315910e-01 7.971487167061811485e-01 7.574366514009649443e-01 7.945114546333499339e-01 7.905448353174304721e-01 7.888881513927412659e-01 8.004888281371601577e-01 7.975550344841603190e-01 7.941069869497522360e-01 8.019608737308391300e-01 8.120963667707580269e-01 8.016204357540916980e-01 7.693914473756032768e-01 7.904782994762723503e-01 7.487580992798746893e-01 7.758701946164473506e-01 8.077248682464087670e-01 8.024362696045651555e-01 8.108399616094020823e-01 7.946377684232670546e-01 8.009349603075341939e-01 7.962101284458669159e-01 8.056267054145571649e-01 8.060012589694935947e-01 8.099013331912072733e-01 8.009839497620308002e-01 8.046190994828361642e-01 7.972490536813663375e-01 8.039943781090446162e-01 8.083623628471023892e-01 8.019871461620153852e-01 8.060570883478386239e-01 8.007292281861305705e-01 7.944743520905926948e-01 8.002191695696222462e-01 7.915655201077654857e-01 7.849501209432125926e-01 8.096692402956179313e-01 8.041590133748190983e-01 7.998482782567616356e-01 7.984258716762949737e-01 7.999482584159487430e-01 8.056754976059932183e-01 8.051647527289028661e-01 8.101733819879222143e-01 8.033711926389187630e-01 8.038630180149595184e-01 7.979536571498854203e-01 8.032038017716882639e-01 8.054961242651710318e-01 8.049738895247595671e-01 8.058097367436501957e-01 8.056511060691171622e-01 8.016273064148685679e-01 8.050857798457173864e-01 8.062285300309744995e-01 8.048751404911537177e-01 8.070047363834387255e-01 8.077415467738825461e-01 7.836754920769120059e-01 7.830914563840450926e-01 7.958183715361543120e-01 7.938718685716845691e-01 8.000151598693815425e-01 8.003104243379107752e-01 7.968774918171108723e-01 8.011679917795496708e-01 8.025764368972739815e-01 7.997243842820005444e-01 7.997649604460684847e-01 8.101125500555300674e-01 8.091586509923893722e-01 8.080490475809292139e-01 8.030896495952022374e-01 8.058297936254069649e-01 8.060134073493065987e-01 8.033122966298553713e-01 8.032355439107072836e-01 8.027196559776976770e-01
3.183384011209636905e-02 1.497506216821754554e-01 3.280757426363834495e-01 5.917546927509601540e-01 4.348021691787598564e-01 5.172249385263925081e-01 7.296587251804809160e-01 7.238277873876708401e-01 7.729139022842748119e-01 7.166709795967363128e-01 1.000000000000000000e+00 8.552950885532796255e-01 7.477198365288028059e-01 7.041432513559953144e-01 8.570958148340744875e-01 8.321588077931492133e-01 7.375738540271241650e-01 7.744982727838664038e-01 7.917673046359272604e-01 6.859076336811278374e-01 7.523896848095739109e-01 7.972756491823402847e-01 7.479193235804892925e-01 7.109856813038732959e-01 7.108249898031935299e-01 8.417360030823498596e-01 8.398779952048276431e-01 8.246517516323106367e-01 7.974490822263617940e-01 8.479059882809049098e-01 8.751141117883480813e-01 8.460932085754561127e-01 8.176034357168251443e-01 8.363709046342372444e-01 8.240644345921067648e-01 8.122835427523730223e-01 8.640198687092175422e-01 8.606595027824770483e-01 8.650579009400372055e-01 8.189854988870428620e-01 8.673428847864960156e-01 8.669004427139855862e-01 8.655238824657410790e-01 8.765075804123317882e-01 8.715308110910950923e-01 8.663509803698028477e-01 8.734226410633260107e-01 8.756725636417583836e-01 8.720165910374101381e-01 8.474029480077276411e-01 8.656856932882406319e-01 8.356921709237107310e-01 8.617039299762778715e-01 8.685655477455489493e-01 8.595272268826918971e-01 8.640985887269216903e-01 8.484193193692685098e-01 8.682392993977892104e-01 8.635564363427848944e-01 8.739601824670634178e-01 8.768764699305713339e-01 8.742653379430456173e-01 8.701007362225560149e-01 8.753910766672879928e-01 8.683736892615174785e-01 8.673998860700702362e-01 8.808183866478949131e-01 8.798224196005358655e-01 8.772187739074501778e-01 8.740786688454817988e-01 8.806435406643409181e-01 8.816132427483338585e-01 8.613004309124258073e-01 8.643026785600662620e-01 8.829652940191552446e-01 8.794943896246764092e-01 8.782183399093586029e-01 8.751245049711847690e-01 8.774751128628159869e-01 8.769609484095658436e-01 8.751010011024534796e-01 8.824857337923153189e-01 8.718168647921675785e-01 8.760968756968103843e-01 8.793526122421816416e-01 8.771237150987947206e-01 8.763208535821055412e-01 8.837348267248380518e-01 8.797630286503671515e-01 8.794331258483210068e-01 8.789906574042583021e-01 8.815987405762373275e-01 8.833889035213187135e-01 8.829018192913382634e-01 8.813454424930999842e-01 8.810927794711925776e-01 8.720556883632959444e-01 8.694472193345116340e-01 8.811596816245724773e-01 8.804240357425500152e-01 8.808899637820968298e-01 8.828349867822090635e-01 8.806780456213241237e-01 8.836590532587610403e-01 8.820262148894163490e-01 8.751092960059329018e-01 8.815071972527018795e-01 8.809730118512211217e-01 8.816913491460178776e-01 8.818926910690960685e-01 8.797790270745373675e-01 8.818993852543295375e-01 8.821290775479665447e-01 8.827218666309166739e-01 8.807662257887642898e-01 8.784062086271955394e-01
3.957910499103347440e-02 1.657519370340245768e-01 3.368647205122358157e-01 6.378816798955186940e-01 4.859170546020978865e-01 5.669658749508432738e-01 7.765262207443396347e-01 7.770332360887470813e-01 8.190436437180805829e-01 7.722408494428888437e-01 8.552950885532796255e-01 1.000000000000000000e+00 8.065083003533696226e-01 7.500056872895516369e-01 9.059856481374810588e-01 8.928433226246063059e-01 7.816961066376552081e-01 8.117378069843594890e-01 8.290278971228083327e-01 7.366276004855839554e-01 7.991546954215082987e-01 8.409626856280212337e-01 7.902244884359259647e-01 7.487842637826411796e-01 7.422386614820934980e-01 8.922928461347486850e-01 8.857215314764184111e-01 8.578534460738606038e-01 8.317798136510095031e-01 8.832976729406515348e-01 9.173884887127424781e-01 8.955741562722849824e-01 8.624117664606743006e-01 8.915736348904536035e-01 8.677173223311868133e-01 8.630851771376780723e-01 9.095856330125869915e-01 9.070942981069424205e-01 9.190578189457222491e-01 8.593967380627446362e-01 9.170224566871095773e-01 9.133664523135750501e-01 9.171765819547261778e-01 9.332331862781958476e-01 9.228290814154375132e-01 9.183805869032907188e-01 9.291378140571805444e-01 9.325095130419071010e-01 9.213321476070358562e-01 8.932747083853975756e-01 9.154999171603381836e-01 8.859209858391988712e-01 9.143652347895893095e-01 9.252995006552529045e-01 9.151094323721078450e-01 9.169288863247120336e-01 9.033033265875022311e-01 9.239945272870444537e-01 9.140190978985544001e-01 9.322866611161938488e-01 9.324471464861348036e-01 9.299254314973259827e-01 9.245726096738791089e-01 9.292398475911738398e-01 9.256322177915311533e-01 9.275287588664403726e-01 9.337401263950035890e-01 9.304873082062604661e-01 9.307995711861956067e-01 9.300694960510029752e-01 9.312316049459716805e-01 9.317322840996457023e-01 9.134217179302712708e-01 9.130860835031477940e-01 9.362434380381275956e-01 9.320713793974353401e-01 9.272439298639929550e-01 9.227473291168729608e-01 9.250000314677953028e-01 9.307985129061765450e-01 9.283204534939012431e-01 9.351836448461650075e-01 9.229664347643039557e-01 9.283746040170828273e-01 9.287665266644501427e-01 9.291279287483235061e-01 9.296085312290658376e-01 9.347488971769110089e-01 9.324399785109802608e-01 9.313501190113961936e-01 9.271059383505618756e-01 9.338817190723094352e-01 9.343328295669308670e-01 9.337273228372547917e-01 9.325514389381873714e-01 9.341919826883884337e-01 9.158849639082083938e-01 9.190142516818462504e-01 9.326782062161018683e-01 9.297665135310209106e-01 9.304383388011472356e-01 9.333238571692658025e-01 9.303191097705915125e-01 9.371759421484523456e-01 9.349093440310378700e-01 9.263621466199988275e-01 9.316258392233491836e-01 9.361414659986652120e-01 9.337481101942313177e-01 9.349807825668030592e-01 9.305130213368920655e-01 9.370264126042628927e-01 9.342204773790283578e-01 9.352133715497588096e-01 9.353385917701174668e-01 9.346395296102186778e-01
2.277267345826232067e-02 1.216329278913066969e-01 2.831997490944466733e-01 5.663711430687247139e-01 4.814434050116241925e-01 5.101825708452289998e-01 7.165894444700438015e-01 7.289510625677954048e-01 7.385964591259285283e-01 6.879837140451960931e-01 7.477198365288028059e-01 8.065083003533696226e-01 1.000000000000000000e+00 6.875182861011835955e-01 8.205086412174373844e-01 8.227906692899588093e-01 7.007442929711767965e-01 7.321563176761280989e-01 7.499521418579689902e-01 6.532225397539845879e-01 7.136959771168362998e-01 7.577525764343735482e-01 7.201006048174739549e-01 6.900052489493684327e-01 6.803430966235297639e-01 8.065244643652642598e-01 7.910848120499015534e-01 7.594308732921389860e-01 7.371557328102613660e-01 7.964721378861338019e-01 8.340241022508522173e-01 8.139771183483970329e-01 7.709228588737059296e-01 8.137989003553601774e-01 7.910255962933682161e-01 7.778225191416704432e-01 8.233063420275094080e-01 8.075114352970365061e-01 8.282781921363174815e-01 7.651433288350889539e-01 8.261997931935215478e-01 8.209298050978647288e-01 8.325603544180616433e-01 8.499281102949228783e-01 8.324011415930429036e-01 8.336892679338969714e-01 8.446083523792354830e-01 8.456673117746389412e-01 8.276691554349798752e-01 7.921856593256251244e-01 8.190412458373841353e-01 7.973696834857090243e-01 8.286509950028545513e-01 8.375970966464367784e-01 8.260940350344494476e-01 8.230870237502704301e-01 8.078823880474920172e-01 8.364402444888355825e-01 8.206307609286309646e-01 8.492577160694219085e-01 8.458941103675204909e-01 8.419497633514323454e-01 8.324878713339040059e-01 8.332574902220410973e-01 8.350813744597972432e-01 8.387602251639312279e-01 8.447424356317976279e-01 8.463505415085031958e-01 8.485294318033995697e-01 8.453345027770389208e-01 8.427118574709422383e-01 8.426503202644249901e-01 8.340690568351505352e-01 8.314811628790609310e-01 8.478367511984244986e-01 8.440412236289944747e-01 8.352442779219432234e-01 8.310365554418306377e-01 8.365445370320584439e-01 8.461684400825010277e-01 8.423042977963176581e-01 8.481748552296026755e-01 8.281738310599923159e-01 8.431192415410477814e-01 8.396361181782381333e-01 8.461570099568634928e-01 8.405074647401939991e-01 8.445411801300515275e-01 8.449486008260910230e-01 8.379719069492040928e-01 8.351684227871946087e-01 8.456486389424738848e-01 8.441455290480389673e-01 8.442343237018012925e-01 8.442509406316484055e-01 8.454803163162838420e-01 8.171429100498511788e-01 8.215304729798146299e-01 8.409311811642711243e-01 8.345233475119610000e-01 8.408591448713373939e-01 8.390581743715979091e-01 8.430189862810951729e-01 8.495473090655517590e-01 8.423997934672114996e-01 8.312803105670134585e-01 8.368282867882782528e-01 8.483931165450543377e-01 8.453144697331024249e-01 8.470521607210532711e-01 8.398799424115875878e-01 8.520813443725343550e-01 8.433352940829283995e-01 8.430279287615245476e-01 8.448827076441379758e-01 8.467510973004583885e-01
