1.000000000000000000e+00 1.630183023097396267e-01 1.609607875835921895e-02 -4.466359640740529685e-02 2.622517428930522254e-02 -2.294764426651239170e-02 8.197993887198709237e-03 4.019785051229377709e-02 1.177557726678061939e-01 8.809108525150967373e-02 3.560723070584529554e-02 -2.732544938923492026e-02 -5.334323063584193655e-03 -1.631165662908858061e-02 8.706355820345372185e-03 2.460313842264775282e-03 6.125940232480690112e-02 2.013580721311100941e-01 1.003226557809333147e-01 1.967292220415277626e-01 1.203447345023382631e-01 4.731658718045075179e-02 1.401491486084477378e-01 1.390991356556260938e-01 7.543667764021470823e-02 7.098581029096144579e-02 6.474083557799122091e-02 6.320619494211592027e-02 1.112954688318028434e-01 1.013247956502031227e-01 8.024717783048435082e-02 8.491908699485765932e-02 4.992765316929625302e-02 6.153968351849849194e-02 7.504711645784441221e-02 -1.883448369391952162e-02 4.036704192557103582e-02 3.060382430192127440e-02 3.114334741279608035e-02 -4.994482804953485205e-02 -3.641004579802054660e-03 -7.845397456778745518e-03 -1.437216706292960069e-02 1.056823973461440414e-02 -1.616356658071718688e-02 2.481482596675497337e-02 -5.827072143300851634e-04 2.424869167944474282e-02 1.690973062912082270e-02 4.279688666674732155e-03 1.174928132632899538e-02 -4.468615810673759459e-02 -2.053218029608546921e-02 4.423101204674066700e-02 5.487015926108191471e-02 1.607640793701694756e-02 2.307147859524233402e-02 1.003583994329133346e-02 2.753831653969187124e-02 1.662732318966203895e-02 3.111939879939799175e-03 2.541854930777378424e-02 3.019042763504624013e-02 3.265903205371673002e-02 2.425769734604572500e-02 2.143457174725617656e-02 2.705963345491847402e-02 5.103099465584792077e-02 5.456502088173106196e-02 7.871191017072844132e-02 2.279484863096724670e-02 2.738136587304679237e-02 6.906889801622016767e-02 4.241536227396586201e-02 3.108420834404897887e-02 3.069425534629183910e-02 2.435008859975529641e-02 5.117218797591464863e-02 1.875934004413950390e-02 5.217680199983207312e-02 3.283428577809908294e-02 3.142463603319972654e-02 1.598859144228344589e-02 3.559533826722974942e-02 1.969291686005915712e-02 3.022918165214084560e-02 1.168198952235415845e-02 1.742388264981456839e-02 1.015174149911541104e-02 3.699858718153603565e-02 2.206105789733801663e-03 2.356238595004673218e-03 -8.582685322190439312e-04 1.144143801355042810e-02 5.066841633551000604e-03 9.624898005502069073e-03 -9.236126739297424379e-03 1.555332436044608302e-02 1.150842079875469444e-02 1.236106992827197678e-03 -3.294583198396604934e-03 1.381357768349815787e-02 -9.358491544700742876e-03 2.390826769395560584e-04 2.156115826302159189e-03 2.248924791811929974e-02 1.412769819819665283e-02 2.499061270326564249e-02 2.380807277826347060e-02 1.171955186889561511e-02 7.511264561306414678e-03 8.544267905531888543e-03 1.120300782475084148e-02 2.072351071249744700e-02 2.322678105358692499e-02 1.183053229921406796e-02
1.630183023097396267e-01 1.000000000000000000e+00 4.866731427142963196e-02 -6.742680145034105066e-02 3.502917289151831481e-02 6.246358970661088778e-02 1.228251035914925682e-01 8.156377434631609247e-02 2.116691494724307343e-01 2.250653518229087657e-01 1.337507503701291511e-01 4.052935404994245649e-02 1.000503336701270146e-01 8.594747698462611163e-02 1.309551841111868675e-01 9.736064227111632108e-02 1.304954031887582133e-01 2.167602994877094180e-01 1.652305581613952301e-01 1.606887125176066355e-01 1.177437168981213117e-01 9.012795167963015552e-02 1.922850068061218998e-01 1.514578974880536888e-01 1.172038386277259314e-01 1.782471434094182461e-01 1.628623393706353228e-01 1.659227096541549540e-01 1.868506451597703177e-01 1.960091752672493137e-01 1.790690445306689360e-01 1.681793933015650888e-01 1.787745291592876817e-01 1.418873936295865223e-01 1.878737879368351793e-01 7.470395459484149847e-02 1.405827629488637098e-01 1.379448523262173931e-01 1.468027637137520047e-01 8.316004817343840283e-02 1.194219746892410255e-01 1.219987009162630254e-01 9.741708646535918170e-02 1.152613836229101213e-01 1.000405174186385221e-01 1.426429536013244237e-01 1.302959570939526968e-01 1.513780991266563680e-01 1.317880149764363573e-01 1.044924997079190038e-01 1.247840944728796780e-01 5.625718257717957083e-02 9.895745531445358789e-02 1.669307398477037629e-01 1.845404730405966476e-01 1.529791292013677750e-01 1.398340942237429052e-01 1.371702236975333999e-01 1.483403924301899546e-01 1.288195591470151502e-01 1.195982813342216233e-01 1.470015679681795917e-01 1.451064574424550668e-01 1.439249455929271782e-01 1.292728301753487130e-01 1.268671977778006166e-01 1.424021642741973293e-01 1.618425749550845283e-01 1.613430607750163948e-01 1.544900751473200773e-01 1.219095054698949576e-01 1.326629910419394875e-01 1.580519651851386154e-01 1.375604513602164680e-01 1.513552040235604523e-01 1.438916870201324139e-01 1.461214016567534690e-01 1.688783286193175637e-01 1.384008686185973502e-01 1.639009182122647679e-01 1.598361357484990863e-01 1.511372737962459745e-01 1.356548856074853426e-01 1.587141257959794327e-01 1.274354579171291246e-01 1.400546783955152752e-01 1.318808602500441407e-01 1.389458302053670213e-01 1.334997878666052962e-01 1.566245981168277179e-01 1.258576644760923402e-01 1.281979294267085456e-01 1.201266813953059259e-01 1.312446802061708329e-01 1.309511332736056077e-01 1.376025440721322934e-01 1.084363499861334956e-01 1.178934274768000390e-01 1.310348563217526019e-01 1.225741072206212312e-01 1.197184748445906249e-01 1.330910586670845941e-01 1.092442356852604823e-01 1.238910077611657667e-01 1.094277536622906694e-01 1.369834334265170039e-01 1.343689339973352381e-01 1.515213414960548954e-01 1.490798082509628142e-01 1.357246927097545963e-01 1.303044493264513548e-01 1.303863180876109473e-01 1.350345929448163451e-01 1.359779383018037413e-01 1.337234712416801030e-01 1.271178822936839814e-01
1.609607875835921895e-02 4.866731427142963196e-02 1.000000000000000000e+00 2.179698122381991954e-01 1.252817671439729330e-01 1.549383574434385624e-01 2.082925795461905982e-01 2.245658890248269368e-01 2.463446453884965137e-01 2.092028988488464636e-01 2.458649627592151554e-01 2.649161880257406287e-01 2.323635165802732383e-01 2.326798853083276164e-01 2.667257495889333585e-01 2.615285072783228304e-01 2.490765680107437374e-01 2.417842393255044409e-01 2.646549937683324583e-01 2.167515327504961897e-01 2.348172260566431246e-01 2.767457306153979779e-01 2.889124235164678423e-01 2.689711109322518445e-01 2.698382156312390534e-01 2.881661107564496005e-01 2.837871938220254964e-01 3.026832026319872249e-01 2.573091309125495330e-01 3.005016899266053643e-01 2.957651378336917936e-01 3.000176916389316606e-01 2.993566688246079854e-01 2.855433938322980425e-01 3.013099195745387315e-01 2.668017868726539343e-01 2.860791127461664862e-01 2.785129354203333962e-01 2.806217480723891544e-01 3.036669138340114538e-01 2.827295293370974960e-01 2.781377490346373937e-01 2.750512346422355203e-01 2.841025489921810143e-01 2.792982880389158762e-01 2.791873033370381174e-01 2.662432022623336114e-01 2.716513278733103109e-01 2.714930109282611137e-01 2.718401412075929779e-01 2.758998495224281311e-01 2.575512683232246691e-01 2.593037090408700784e-01 2.679194010974448870e-01 2.744182093020640645e-01 2.871407275907382761e-01 2.554320510714644388e-01 2.697066101890892020e-01 2.697470717861576439e-01 2.612713352273677847e-01 2.633640150775776179e-01 2.544922193288846057e-01 2.653022896222225202e-01 2.601654060168115956e-01 2.565600122146255435e-01 2.628481536101210936e-01 2.762835604070907891e-01 2.816415797989666459e-01 2.896090685268226106e-01 2.769864502467089817e-01 2.844034153432222212e-01 2.844542671902243747e-01 2.846463523286397734e-01 2.889342553927080615e-01 2.817007323620043802e-01 2.779800986938957830e-01 2.828887496531403700e-01 2.730907947232284472e-01 2.813001299719984916e-01 2.806090725615141279e-01 2.819551249278938188e-01 2.775269571263134782e-01 2.751528484585449852e-01 2.794625265675961812e-01 2.845631680949516906e-01 2.826315871168103566e-01 2.797590805052993512e-01 2.715941842348775781e-01 2.766873902743502978e-01 2.711414422388948586e-01 2.859935875296941710e-01 2.736004917329852848e-01 2.783979877925165103e-01 2.815886187608416802e-01 2.670969568671215377e-01 2.668572018569387305e-01 2.750528473574628263e-01 2.686604421863994507e-01 2.704269963087576056e-01 2.749943346567486069e-01 2.773206582792376307e-01 2.690716263189136259e-01 2.682668651180644681e-01 2.716625183142459821e-01 2.739474854202305076e-01 2.625770090410268209e-01 2.685483440600937577e-01 2.696623697747690396e-01 2.713139680883829286e-01 2.694775378471243599e-01 2.658248965360417992e-01 2.646971150560865071e-01 2.652869040881177254e-01 2.693553754187543725e-01 2.685838335443088698e-01 2.682675285775687479e-01
-4.466359640740529685e-02 -6.742680145034105066e-02 2.179698122381991954e-01 1.000000000000000000e+00 2.543536099211390344e-01 2.751750636165332109e-01 4.038734847558311247e-01 4.808316911311903974e-01 3.304075339455012084e-01 2.549837480631430009e-01 4.165824079735782060e-01 5.631613218605737714e-01 3.865027000796805723e-01 3.936614331226965802e-01 4.625842487864476604e-01 4.657484198634732619e-01 3.973066541719895151e-01 2.656683296404943606e-01 3.447046779350488865e-01 3.040391833162677249e-01 4.183650853552232651e-01 4.719818733098022356e-01 3.567541191087946761e-01 3.445991183945160130e-01 4.123468155688534420e-01 4.069691040450257313e-01 4.153986602506094528e-01 4.122525898110150355e-01 3.583844081640145673e-01 3.901039643057966355e-01 4.172971237577024484e-01 4.234180438330488738e-01 3.841665579561018284e-01 4.229298151873963074e-01 3.868208541022870040e-01 5.052034143947430334e-01 4.351821552701959916e-01 4.455790005005160759e-01 4.477839973471201551e-01 5.071534132493077385e-01 4.639491521218636061e-01 4.491433429881819261e-01 5.082903421588471637e-01 4.820692084876048167e-01 4.866120411754741859e-01 4.405449936202016636e-01 4.451312590463317731e-01 4.289905308823557251e-01 4.543996115328591268e-01 4.682216806198578052e-01 4.620807006663315564e-01 5.156074639364263135e-01 4.826911480959774070e-01 4.057247753476465602e-01 3.984952900123817643e-01 4.511673604658700265e-01 4.326528493285654031e-01 4.374466505834055385e-01 4.294754559591681953e-01 4.454006016962170356e-01 4.601893012034988240e-01 4.239645393822318864e-01 4.357814231718135090e-01 4.401109224396436703e-01 4.510977665355282995e-01 4.651946086689463522e-01 4.303410337061987501e-01 4.198694228675700080e-01 4.279641021985751137e-01 4.346998939921002947e-01 4.796463181340837600e-01 4.579244735393142585e-01 4.229517658753094156e-01 4.537536335113335206e-01 4.393681833864663266e-01 4.349140191105563269e-01 4.369151615757470575e-01 4.135564380160914877e-01 4.526360096290584778e-01 4.289088517824637403e-01 4.362121730098501016e-01 4.268280003570914527e-01 4.562469163268705330e-01 4.215394421338296560e-01 4.602129585413093915e-01 4.438133117774222813e-01 4.601506960625388332e-01 4.417532877913610823e-01 4.582401113833475259e-01 4.320555912561086509e-01 4.689628347554516408e-01 4.543147546613287568e-01 4.720342788361356345e-01 4.636563160015876317e-01 4.423506892369710175e-01 4.337756555522252477e-01 4.784818586848515465e-01 4.616541330234544827e-01 4.510527966234871289e-01 4.591098901818603251e-01 4.656698746422900936e-01 4.431422817279198068e-01 4.691287060583400614e-01 4.601624815195327622e-01 4.749544529498943568e-01 4.448121272338801391e-01 4.449680420541973769e-01 4.236972890002743686e-01 4.318693760417994243e-01 4.436994603618589772e-01 4.499880675226987092e-01 4.456926761593921760e-01 4.382943145309665667e-01 4.434113264189671333e-01 4.465684801462292963e-01 4.550171199067806760e-01
2.622517428930522254e-02 3.502917289151831481e-02 1.252817671439729330e-01 2.543536099211390344e-01 1.000000000000000000e+00 2.061048584199075273e-01 3.869021209244985493e-01 3.955957775584412750e-01 3.556273011758985803e-01 3.133658655306779672e-01 3.453388662312913970e-01 3.940324338337199417e-01 3.767371837985329375e-01 3.496981935933972663e-01 4.195196835299171423e-01 4.190976121348524153e-01 3.652775149371310093e-01 2.308108587180129900e-01 3.071923485995661229e-01 2.414327567520251350e-01 3.075823669924758197e-01 3.410136907633664061e-01 3.035782652967328188e-01 2.701423597704076252e-01 3.228073205330428963e-01 3.912920451505885744e-01 3.800004349608148702e-01 3.676745064427652254e-01 3.501321021663471589e-01 3.639273623328761476e-01 3.906050857716185654e-01 3.705449157987444342e-01 3.740709064413508256e-01 3.671674137161193285e-01 3.678576793110349685e-01 3.959858099244104590e-01 3.981490267509569803e-01 4.002308987068977641e-01 4.135152622582785598e-01 3.950896175950164846e-01 4.192005328499472938e-01 4.188613364400505801e-01 4.171319526311711989e-01 4.234430297507354446e-01 4.152340304534625215e-01 4.167960670575763249e-01 4.203857760116656017e-01 4.127658258109117573e-01 4.109531595422074024e-01 3.895361075208925716e-01 4.065694555275686795e-01 4.165784595930084322e-01 4.216640786299039045e-01 4.060987589689333266e-01 3.966575970914032467e-01 4.053001778613338213e-01 4.014195795129471001e-01 4.086497295194776447e-01 3.964676640377886585e-01 4.300067877623115487e-01 4.047955560077602932e-01 4.120258782812124543e-01 4.024167352238225415e-01 4.164036202124301589e-01 4.154946790979847648e-01 4.242903656163725667e-01 4.115076100001162085e-01 3.969709143272441842e-01 3.976150750515158872e-01 3.976119210671847926e-01 4.086094142869872159e-01 4.103973877530736614e-01 3.857773305610734393e-01 4.004063426299638295e-01 4.160962396954169806e-01 4.118853846094003290e-01 4.143787413472569403e-01 4.043338782976182433e-01 4.164128691276494654e-01 4.099175268498758129e-01 4.130633753138679420e-01 4.152693091080282284e-01 4.154294612882174498e-01 4.109796091493573833e-01 4.139106966375264984e-01 4.085192546754968790e-01 4.163020707266448239e-01 4.144219961333318047e-01 4.186813532297023466e-01 4.107874288832064624e-01 4.233995828174841880e-01 4.200654480209182751e-01 4.226910598543678899e-01 4.221507274437270585e-01 4.169190267911009329e-01 4.170824301138457701e-01 4.200541525047386537e-01 4.193605194524142044e-01 4.150770530133979230e-01 4.170931007441955329e-01 4.208944921130432504e-01 4.113253494661167631e-01 4.273091588181375799e-01 4.245389701266335525e-01 4.257269624604648195e-01 4.205331862362789441e-01 4.158382767338917319e-01 4.141293139670884083e-01 4.132981570056428189e-01 4.191581059625243411e-01 4.154788920152049925e-01 4.245198237031975186e-01 4.156908872612586903e-01 4.231625234631447574e-01 4.205394472258896510e-01 4.271908268861132618e-01
-2.294764426651239170e-02 6.246358970661088778e-02 1.549383574434385624e-01 2.751750636165332109e-01 2.061048584199075273e-01 1.000000000000000000e+00 4.161860755002957935e-01 3.798757793314420650e-01 3.976718403130867219e-01 3.750862632532011021e-01 4.233009994346841887e-01 4.655191082866272922e-01 4.072387122311286189e-01 3.931504159325309167e-01 4.707002737298731643e-01 4.677927623692206271e-01 4.108506510525928856e-01 3.236636423613771241e-01 3.877153777765137699e-01 3.153156304262753618e-01 3.617488402485333210e-01 4.092419508261542771e-01 3.932176934956306824e-01 3.436565763185922551e-01 3.842071887227021532e-01 4.562952118734182050e-01 4.500527023592035269e-01 4.403017383193857937e-01 4.141316636274128826e-01 4.457344690063571035e-01 4.746483443842873795e-01 4.512915205681086173e-01 4.293619171616259722e-01 4.512860767762937320e-01 4.353692555683474352e-01 4.789578165231931917e-01 4.853706738009033184e-01 4.698791417080614430e-01 4.828743899082770796e-01 4.831088247779478650e-01 4.863094750869491056e-01 4.845715369537567097e-01 4.793571369336238064e-01 4.934418193230923899e-01 4.914914312055927992e-01 4.809943664469662483e-01 4.828887708071039619e-01 4.841888165077912753e-01 4.887709607171263348e-01 4.781917164838094259e-01 4.827030750185635211e-01 4.774812606106973445e-01 4.775504164991763445e-01 4.776655833678041807e-01 4.817631218621614697e-01 4.894197096204959130e-01 4.842096470731756530e-01 4.857536558763185797e-01 4.852094448582621178e-01 4.795755453115839728e-01 4.896638242115274320e-01 4.868894934924393736e-01 4.874868499622755924e-01 4.785983368615071565e-01 4.807864064305461538e-01 4.850284961002890305e-01 4.821070315007134899e-01 4.720543612304210490e-01 4.764394726550100767e-01 4.685295534930031258e-01 4.780709467162497783e-01 4.857527582422799806e-01 4.641758007516169071e-01 4.691128891211588936e-01 4.854377672348318962e-01 4.811641006636441786e-01 4.837077473321793608e-01 4.709243040072040309e-01 4.796598063123564404e-01 4.811059923141745576e-01 4.855995612564807939e-01 4.860249289903755265e-01 4.931035651004915810e-01 4.813423855811448382e-01 4.823258646141163064e-01 4.830985968317016988e-01 4.971760300840517566e-01 4.852532371875788453e-01 4.891660996391363203e-01 4.879834545832554271e-01 4.922305793487984915e-01 4.906566015967951389e-01 4.943119040083343574e-01 4.929154993056013012e-01 4.876198127681883876e-01 4.869436952403122243e-01 4.886067931942993936e-01 4.866615460459208231e-01 4.880174852031117783e-01 4.869572653785692040e-01 4.945345776926399206e-01 4.923088394887019104e-01 4.877034415502655706e-01 4.913836508312358631e-01 4.916131334393126218e-01 4.872700380562818290e-01 4.884994966958930429e-01 4.838406307595453648e-01 4.881368574257752280e-01 4.904777850584857157e-01 4.934469060701695553e-01 4.869497748063539300e-01 4.897246916385332161e-01 4.850859227494309089e-01 4.844689135445695571e-01 4.897885440266382395e-01
8.197993887198709237e-03 1.228251035914925682e-01 2.082925795461905982e-01 4.038734847558311247e-01 3.869021209244985493e-01 4.161860755002957935e-01 1.000000000000000000e+00 5.886727914184092247e-01 6.034174353940684465e-01 5.562036493975653917e-01 6.237421918627763517e-01 6.530355568895442886e-01 6.102611105850727080e-01 6.122990787920038480e-01 7.537563073016725346e-01 6.826293846998932047e-01 6.130665442496023854e-01 5.146051893297615143e-01 5.998973713430817423e-01 4.919474721457092192e-01 5.664681772402285764e-01 6.364753508741611832e-01 6.135745681816839880e-01 5.629771045352031100e-01 6.238714760109898005e-01 7.028707510244174284e-01 6.936502985434448432e-01 7.061948048135083811e-01 6.572122481921729431e-01 6.903330204150665006e-01 7.205085541613144295e-01 6.912211346800666290e-01 6.872081197268199437e-01 6.949256100216931742e-01 6.833636316139327649e-01 6.906223979992958117e-01 7.105586707877168395e-01 7.210174435846906649e-01 7.265044815194963146e-01 7.243610642096157681e-01 7.282112682393749870e-01 7.281394061082910873e-01 7.234870747828434645e-01 7.333749712126257370e-01 7.247409896832692766e-01 7.261743794578149336e-01 7.156478430709634075e-01 7.134833409407898008e-01 7.133166538869933904e-01 7.072075202255456716e-01 7.203577219784245145e-01 6.814493884501596765e-01 6.976809287921470482e-01 7.078358294607151047e-01 7.044174030110373907e-01 7.268843390971271301e-01 6.971876333098209200e-01 7.070088816073998306e-01 7.127938550082327795e-01 7.085179685704301455e-01 7.118144195450500922e-01 7.086911276333154319e-01 7.039154647282171995e-01 7.073243529961369402e-01 6.971741092017603725e-01 7.056946364132670180e-01 7.170592734366684207e-01 7.118662990669448742e-01 7.149527313263929207e-01 7.067581424745380536e-01 7.223897359900999238e-01 7.237583639494121757e-01 7.063132632758315488e-01 7.187411145649592603e-01 7.306701425883351808e-01 7.239808097214778249e-01 7.337122275794588644e-01 7.149830152424326846e-01 7.361935728905812937e-01 7.194131619508241648e-01 7.263322692328814112e-01 7.288488899388734232e-01 7.215381167050565203e-01 7.213357410164505934e-01 7.327025718214812411e-01 7.321677589381622164e-01 7.297227873068722337e-01 7.332676582160190248e-01 7.336321532438214721e-01 7.180990191258171951e-01 7.436549782256888230e-01 7.323686091447181301e-01 7.307705520764435914e-01 7.363161360247338916e-01 7.156957675432471522e-01 7.169931583196593738e-01 7.269531098705632743e-01 7.057234718787260830e-01 7.176791161142077602e-01 7.288246327149031645e-01 7.277920389418127689e-01 7.165075468992727625e-01 7.080811329998554227e-01 7.242323587709346144e-01 7.192496533625042376e-01 7.092598243707869399e-01 7.152646298011317016e-01 7.177019589240699604e-01 7.197104183385589771e-01 7.223290276988210135e-01 7.238591943512400206e-01 7.161324701985279928e-01 7.144113112778549546e-01 7.167873770507660058e-01 7.092537203758116915e-01 7.112926716711488462e-01
4.019785051229377709e-02 8.156377434631609247e-02 2.245658890248269368e-01 4.808316911311903974e-01 3.955957775584412750e-01 3.798757793314420650e-01 5.886727914184092247e-01 1.000000000000000000e+00 6.185762576539244328e-01 5.332984977214462186e-01 6.262370574424512837e-01 7.143830097043907257e-01 5.880339744310304484e-01 5.956034011131473571e-01 7.017469226014723116e-01 7.113037899456399193e-01 6.294038172978982937e-01 5.195857982348107695e-01 5.929255407432333369e-01 5.137480897722080941e-01 6.239716442518651318e-01 6.555981833616147947e-01 6.064629447368994342e-01 5.673753787860363884e-01 6.278612212105726398e-01 6.800892932582415229e-01 6.658960108048030957e-01 6.615736892110192224e-01 6.158048850378584627e-01 6.567091598882589532e-01 6.900400039409221309e-01 6.923162594152572069e-01 6.368684378688196368e-01 6.945813623959187222e-01 6.506561401186152782e-01 7.209709124062706476e-01 6.960560286723257439e-01 7.176676130044807866e-01 7.266448694751351800e-01 7.188717373094870577e-01 7.114344802891771069e-01 7.049412016446370277e-01 7.403171064883267150e-01 7.331235654946141045e-01 7.281064988603904720e-01 7.125207591018954956e-01 7.090462604893087439e-01 7.038345619732105929e-01 7.231522736534923279e-01 7.235369376126679075e-01 7.299921177239238057e-01 7.007964938250313969e-01 6.981124825849810422e-01 6.977993360879798379e-01 6.993114358194868485e-01 7.209556483372159263e-01 7.019638437583581858e-01 6.995411950003983526e-01 7.125777217661732887e-01 7.095024672097645091e-01 7.221959420366406146e-01 7.009812060614831752e-01 7.169404842381950083e-01 7.102097302289341885e-01 6.991169843982193433e-01 7.139529503337110894e-01 7.081742000968621609e-01 7.045876622960716151e-01 7.072563646471820009e-01 7.130019982435791270e-01 7.296781492809830683e-01 7.251717881560949541e-01 7.008826090882402937e-01 7.177518910228110061e-01 7.166796665726579141e-01 7.106448234964964916e-01 7.076196889545932622e-01 6.921254216521336433e-01 7.195770164008628011e-01 7.104577421096965884e-01 7.168486004714330617e-01 7.102698152282705957e-01 7.252327930838406989e-01 6.999921286166487233e-01 7.270781450938971213e-01 7.175837301425098680e-01 7.259122003516482735e-01 7.201598298512652541e-01 7.277300787508284019e-01 7.151249576745652980e-01 7.273972879618518794e-01 7.162600850712773637e-01 7.274794441613852136e-01 7.298417904556200320e-01 7.136070899249883359e-01 7.070300464344111413e-01 7.359409241181634753e-01 7.251951128801150670e-01 7.232669968703862029e-01 7.214079313236088087e-01 7.255283857338082898e-01 7.228655125638200341e-01 7.165218302459935851e-01 7.266256362885389342e-01 7.290445805656886602e-01 7.187146033458591265e-01 7.194512784472751887e-01 7.038080092711695990e-01 7.147402164084912801e-01 7.168860551478680732e-01 7.209036106207895589e-01 7.145452800282975359e-01 7.117226943932775107e-01 7.199117429819179570e-01 7.164679450129425309e-01 7.156115499156042725e-01
1.177557726678061939e-01 2.116691494724307343e-01 2.463446453884965137e-01 3.304075339455012084e-01 3.556273011758985803e-01 3.976718403130867219e-01 6.034174353940684465e-01 6.185762576539244328e-01 1.000000000000000000e+00 6.877591849763143861e-01 6.993573651516069578e-01 7.041065382296333164e-01 6.440024161234256805e-01 6.446500425879365670e-01 7.743553135670192544e-01 7.590856712983413690e-01 7.443319931028063996e-01 6.532243143583513767e-01 7.246899414079437385e-01 6.001737543314548118e-01 6.901133689024704365e-01 6.998109129084556512e-01 7.217919997525504838e-01 6.552045268699284719e-01 6.910147742987030606e-01 8.108379619965987439e-01 7.926989106429846998e-01 7.781956184138847377e-01 7.749853944401634553e-01 7.923685021565836095e-01 8.149108664375331879e-01 7.918585713621960620e-01 7.629419456682559053e-01 7.766399845855670447e-01 7.694643296146176370e-01 7.309518450790446487e-01 7.936393367539995580e-01 7.967723748990472865e-01 8.089208760818140664e-01 7.353495567952466061e-01 8.009740263953349926e-01 7.966582781154328829e-01 7.668460658093063653e-01 8.025333607640675604e-01 7.916281928462971518e-01 7.936918202058927951e-01 8.110930527874521401e-01 8.224756118881284550e-01 8.162613789911002948e-01 7.721298315851361505e-01 8.036855926050220367e-01 7.474035956943555492e-01 7.734899844469375063e-01 8.300045156560194037e-01 8.298349531844853022e-01 8.146824655199887966e-01 8.087701908455268152e-01 8.090509739846132309e-01 8.158675410959852492e-01 8.191374863785121363e-01 8.053251053365446666e-01 8.166732119752804220e-01 8.103660726774459810e-01 8.200895616556524992e-01 8.080036091840770984e-01 8.130626658076434143e-01 8.228501763971417526e-01 8.235652570764352420e-01 8.211866777152696528e-01 8.167440674175849846e-01 8.126958994620714360e-01 8.206493902765483739e-01 8.084066835931300599e-01 8.084388537967035493e-01 8.279865344733788879e-01 8.226937546010848479e-01 8.161607895903884025e-01 8.259236070997557633e-01 8.176682758678063268e-01 8.353292771525199223e-01 8.284668526846745706e-01 8.284184799355547302e-01 8.135585493886984265e-01 8.236436817951940936e-01 8.063456415106430297e-01 8.174219059028223766e-01 8.174983275439710040e-01 8.123893811547167054e-01 8.156761919600387101e-01 8.201529230524273739e-01 8.096083999221828087e-01 8.099092371387270894e-01 8.137720323182773274e-01 8.169056629762940780e-01 8.154611755401807160e-01 8.159586511299055100e-01 7.966348310780070330e-01 8.087991895985543467e-01 8.117639062962583862e-01 8.060018236562059846e-01 8.045917068753739576e-01 8.081633169036149811e-01 8.029210499102719112e-01 8.095469642038041203e-01 8.091471493617223842e-01 8.136265715041544055e-01 8.190533520368294962e-01 8.226604767625915748e-01 8.232742801539197908e-01 8.167793125208112626e-01 8.123457722238721646e-01 8.180998157743506471e-01 8.123498179104869932e-01 8.196925214165965423e-01 8.239875929977502622e-01 8.171566084429833232e-01
8.809108525150967373e-02 2.250653518229087657e-01 2.092028988488464636e-01 2.549837480631430009e-01 3.133658655306779672e-01 3.750862632532011021e-01 5.562036493975653917e-01 5.332984977214462186e-01 6.877591849763143861e-01 1.000000000000000000e+00 6.185690498193751052e-01 6.232407990401461761e-01 6.035987963614541929e-01 6.086688700332030244e-01 7.199294015733970209e-01 6.940258801400592814e-01 6.528985590390729010e-01 5.486450228191838141e-01 6.362935561029831044e-01 4.889016330609494698e-01 5.478311057915028481e-01 5.700188810230648606e-01 6.342117108006068982e-01 5.577875518782275943e-01 5.813602342280510538e-01 7.190951036057088297e-01 6.864696892556716445e-01 6.881496799797796049e-01 6.813361885716117117e-01 7.052847797994022949e-01 7.278915685402561619e-01 7.123653675311035771e-01 6.968422875617977796e-01 7.050282910679847026e-01 7.021839176221317258e-01 6.616220440138285142e-01 7.266084089442497174e-01 7.317418544379271639e-01 7.463461877324009119e-01 6.667712816136018850e-01 7.419720113973133913e-01 7.396489563458231720e-01 7.025856205287969170e-01 7.309072088743131523e-01 7.222633220629379736e-01 7.459837770217601083e-01 7.579677763799601564e-01 7.726633713821275951e-01 7.543666352970356259e-01 7.060248494548955200e-01 7.445081469820028497e-01 6.793549513569254739e-01 7.123363461344407455e-01 7.751227262926341233e-01 7.640807814999598380e-01 7.535097279423536021e-01 7.491670805420402868e-01 7.589064712569700832e-01 7.619074467179581811e-01 7.592925725366365119e-01 7.549961627240768802e-01 7.676755198778926204e-01 7.579968388512161592e-01 7.612954936163733866e-01 7.369861670081371274e-01 7.426916826278703310e-01 7.662353861288958567e-01 7.575461687584964521e-01 7.574385220347804593e-01 7.370203676539086590e-01 7.296328095330676389e-01 7.494943739187834852e-01 7.412115697796325398e-01 7.339087538230743002e-01 7.635218290738132740e-01 7.605162761275233718e-01 7.542104539126412988e-01 7.602091759078187794e-01 7.497734668105291433e-01 7.646990461317312304e-01 7.603073956339616579e-01 7.655792078294676450e-01 7.534863734344591224e-01 7.631775869482364527e-01 7.431780848242293125e-01 7.553572276966493693e-01 7.516347678240595798e-01 7.605209215979275017e-01 7.552767886990010560e-01 7.657441703263545563e-01 7.451319999660925841e-01 7.599952126441100742e-01 7.524680319989762722e-01 7.541712544860215139e-01 7.648342386748508970e-01 7.692263739201525841e-01 7.338363378954481098e-01 7.425403269960522135e-01 7.587038891343603764e-01 7.519049181017890549e-01 7.533248574153242894e-01 7.578218562238809852e-01 7.478800173892996561e-01 7.545372825704631525e-01 7.485907716057570438e-01 7.588773311535685906e-01 7.627059770018883578e-01 7.735717879886437887e-01 7.674836826715515370e-01 7.648238478033431154e-01 7.592520566956234562e-01 7.635614357596705037e-01 7.668968796410740030e-01 7.626261931338185196e-01 7.552025824032914114e-01 7.552079741860758810e-01
3.560723070584529554e-02 1.337507503701291511e-01 2.458649627592151554e-01 4.165824079735782060e-01 3.453388662312913970e-01 4.233009994346841887e-01 6.237421918627763517e-01 6.262370574424512837e-01 6.993573651516069578e-01 6.185690498193751052e-01 1.000000000000000000e+00 7.668297938861607932e-01 6.631145418317780926e-01 6.710102667552748645e-01 7.814139490687884715e-01 7.672862250129000028e-01 7.164459930065039117e-01 6.276171774056840125e-01 7.136472366089215980e-01 5.898970749144397674e-01 6.773120389684827991e-01 7.104927742288746906e-01 7.133071012860244808e-01 6.566671372349536240e-01 6.943945235650017533e-01 7.828089869699909054e-01 7.756061612008353645e-01 7.721469433077788880e-01 7.444604535037681048e-01 7.723415107601953045e-01 8.027311990157662835e-01 7.909579045134864650e-01 7.460435327819469054e-01 7.821756261199209748e-01 7.574373595027686923e-01 7.699470275221588222e-01 7.934891883360477571e-01 8.056949707052398768e-01 8.129782079661603822e-01 7.771239211492844134e-01 8.086083144616700302e-01 8.076116834064422934e-01 8.002900933737370215e-01 8.165495966930267357e-01 8.070032340756925215e-01 8.073099025048152688e-01 8.129481690272027938e-01 8.144996873402983173e-01 8.175350505540889268e-01 7.923379623242966519e-01 8.154289340202203196e-01 7.710145595709539945e-01 7.788104223013602168e-01 8.121613340052958874e-01 8.087442574237354576e-01 8.207630610421989825e-01 7.922975757426888865e-01 8.054074989331295731e-01 8.111964486507297067e-01 8.070083162356472828e-01 8.121683165680689820e-01 8.019556066796020843e-01 8.065738870595414722e-01 8.048355354019922636e-01 7.986024697976705777e-01 8.015175946602068890e-01 8.187333445915160324e-01 8.175759241913287401e-01 8.209797757375723037e-01 8.131822960798136268e-01 8.156715895480829426e-01 8.238289876868194472e-01 8.086525760276347397e-01 8.143528733886706839e-01 8.270666310710280689e-01 8.198305899782099004e-01 8.194412425834212144e-01 8.134212229268243943e-01 8.241359122895537404e-01 8.258743306115635674e-01 8.259914426159297163e-01 8.245610593785057674e-01 8.169565218747668611e-01 8.189894401077801867e-01 8.220206219678224402e-01 8.219075636902072324e-01 8.268800888257787918e-01 8.215093443751761981e-01 8.241984759696261431e-01 8.183453699031736361e-01 8.237774042402137287e-01 8.217429185238894762e-01 8.252780353961151061e-01 8.261948231530896747e-01 8.191230386529443352e-01 8.166790954568233785e-01 8.211187426356565400e-01 8.072176254108700544e-01 8.219722891142080545e-01 8.212662284547175284e-01 8.196227290640516472e-01 8.145849575184949121e-01 8.089094439778625745e-01 8.182173542050796833e-01 8.184632437946380845e-01 8.072915699929477107e-01 8.202888372515508841e-01 8.167012754311161471e-01 8.227512132054531913e-01 8.175583594169921753e-01 8.185167344206896178e-01 8.163031025650230310e-01 8.125069153804725941e-01 8.169244533977821909e-01 8.176814139196995068e-01 8.101256030518027007e-01
-2.732544938923492026e-02 4.052935404994245649e-02 2.649161880257406287e-01 5.631613218605737714e-01 3.940324338337199417e-01 4.655191082866272922e-01 6.530355568895442886e-01 7.143830097043907257e-01 7.041065382296333164e-01 6.232407990401461761e-01 7.668297938861607932e-01 1.000000000000000000e+00 7.075775063146392263e-01 7.200899904232848092e-01 8.275453490360091813e-01 8.311225030458336827e-01 7.599574119019287810e-01 5.730846763737306171e-01 6.957705023379878728e-01 5.681347210777687451e-01 7.064961526678137371e-01 7.639825857208866200e-01 6.968338831039924131e-01 6.408545523435580371e-01 7.137501201553014818e-01 7.986359240773713841e-01 7.941553823412811353e-01 7.828863393075773391e-01 7.344850573919400327e-01 7.733498148816357887e-01 8.186207678959629419e-01 8.111159594204554457e-01 7.563837527111141323e-01 8.072364307567868602e-01 7.605487504426239331e-01 8.552966553019322182e-01 8.355936470150743256e-01 8.429125665205067230e-01 8.541041318804203364e-01 8.534413736589008259e-01 8.667466262706254865e-01 8.499255358134089056e-01 8.735676099835296693e-01 8.746700785411808399e-01 8.786908849838769298e-01 8.470448728685898709e-01 8.671924636209682458e-01 8.580532200874435578e-01 8.691309895331487123e-01 8.494940338928876900e-01 8.693483058294492194e-01 8.661225281710283053e-01 8.608320815940576631e-01 8.442940853972001891e-01 8.314780165309216819e-01 8.631171881954374792e-01 8.497720081898896272e-01 8.576221437657103319e-01 8.553690218727620920e-01 8.677771543066101767e-01 8.756956533632387352e-01 8.532302753370203385e-01 8.568113720237228170e-01 8.601749229751073367e-01 8.579893943051444261e-01 8.694651006870608434e-01 8.597157504705691400e-01 8.434270730859014797e-01 8.473077873277947702e-01 8.450254423819610894e-01 8.745330648706193255e-01 8.723768736506869459e-01 8.319020694799480475e-01 8.524990674779356903e-01 8.639859915007225277e-01 8.593029702251807622e-01 8.559655382067737905e-01 8.385053520880118016e-01 8.643483457750088528e-01 8.554177956291179052e-01 8.567812742581912833e-01 8.606217184521208763e-01 8.707363073993039659e-01 8.480001756423436454e-01 8.631673098504589747e-01 8.601024638924253951e-01 8.769734637585094861e-01 8.634715832679500380e-01 8.728862378012414158e-01 8.597332259294222512e-01 8.767517387763732462e-01 8.724045122338615066e-01 8.812587997614749202e-01 8.764229442936253278e-01 8.700710581881935246e-01 8.638881088736291014e-01 8.734565287553874846e-01 8.663497229513963394e-01 8.712037335940873151e-01 8.719693919897527623e-01 8.770307077562834452e-01 8.635966885658539205e-01 8.745661431487170567e-01 8.755256091632613868e-01 8.819896799405865240e-01 8.630659020242881230e-01 8.694155288399857406e-01 8.565405507907080107e-01 8.635273542234125355e-01 8.687479365375057050e-01 8.706017405049590874e-01 8.706962611110492523e-01 8.653975660024872951e-01 8.678336021818041646e-01 8.696859605686783068e-01 8.714124524062164534e-01
-5.334323063584193655e-03 1.000503336701270146e-01 2.323635165802732383e-01 3.865027000796805723e-01 3.767371837985329375e-01 4.072387122311286189e-01 6.102611105850727080e-01 5.880339744310304484e-01 6.440024161234256805e-01 6.035987963614541929e-01 6.631145418317780926e-01 7.075775063146392263e-01 1.000000000000000000e+00 6.665756789751321465e-01 7.718703541358316045e-01 7.574106393082697952e-01 6.748432050115772407e-01 5.205339273041705850e-01 6.452557680523125505e-01 4.924896286372960619e-01 5.889564994494053130e-01 6.384057702787168109e-01 6.369510399279817436e-01 5.679192044616916402e-01 6.225781599390866061e-01 7.286204904727012766e-01 7.163312845984248778e-01 7.069050057998054193e-01 6.579931892960846351e-01 6.924258438127475213e-01 7.483974732859094425e-01 7.263572512929094005e-01 7.009150745960919249e-01 7.258229169010125270e-01 6.923892316642545897e-01 7.308664391740642419e-01 7.534739657374089905e-01 7.659070595891886990e-01 7.742589520621624422e-01 7.394957379729103497e-01 7.861382244639144590e-01 7.820288810576978555e-01 7.596955362602039186e-01 7.822704420197824637e-01 7.766967944450030581e-01 7.756820496255351083e-01 7.933537215218536831e-01 7.903761105493977146e-01 7.908036167798354610e-01 7.529546577488502868e-01 7.792531130708746367e-01 7.499297394322520516e-01 7.614377142497673612e-01 7.814671276635425379e-01 7.646162192598275897e-01 7.774496099779433234e-01 7.674755922919510587e-01 7.822413051406245099e-01 7.785713977151920151e-01 7.956983413613859524e-01 7.858992210480933993e-01 7.830898107702387589e-01 7.732217097073248446e-01 7.856303360425364035e-01 7.758566403975897252e-01 7.789379049197756588e-01 7.924978092040022570e-01 7.766282726618553012e-01 7.775147441872378717e-01 7.660748306904936467e-01 7.808239659984556047e-01 7.864546840798916083e-01 7.597547318128653471e-01 7.710383766955859475e-01 7.907176661810910723e-01 7.888226140050932367e-01 7.873082824102393129e-01 7.724670500099928283e-01 7.848913285494527603e-01 7.812637901610199886e-01 7.834315359152351776e-01 7.938314944112080385e-01 7.897766912015283802e-01 7.829290858232177408e-01 7.881338838852542938e-01 7.871636724627736337e-01 7.918069222070177604e-01 7.950447618831913976e-01 7.939403176113624117e-01 7.860275246216384959e-01 7.937867778953456854e-01 7.974179464278072782e-01 7.951054447806145120e-01 7.929069272873939811e-01 7.979315002158930970e-01 7.971378986449549897e-01 7.900090353594142467e-01 7.823613674954804642e-01 7.941982759500095801e-01 7.972860806670089007e-01 7.971919415686884447e-01 7.884842614206324374e-01 7.919528130722668369e-01 7.981392241292059042e-01 7.971739410745968257e-01 7.859550634132461688e-01 7.963340529867678486e-01 7.942456590118254223e-01 7.928360750501040055e-01 7.969035703220037625e-01 7.929885553602882275e-01 7.987522638060405855e-01 7.941756035021962923e-01 7.963436525739804317e-01 7.924005216271681196e-01 7.926519562814371422e-01
