1.000000000000000000e+00 1.743285751628932123e-01 3.509123706097496131e-01 2.425766084420738489e-01 8.384256010402957315e-02 6.401681629715323674e-02 1.184085557367412916e-01 1.187581340921957523e-01 3.086235277026931345e-01 1.386698403740809771e-01 1.376438756168375799e-01 1.419111894967817478e-01 1.015174477739004405e-01 4.796139081501050311e-02 5.426824421407120541e-02 8.717285493188101086e-02 2.581169370833395482e-01 4.160974865229570274e-01 3.692525156524259500e-01 4.119323322516675878e-01 4.633982214006492906e-01 3.792513409866286045e-01 3.448621791473881482e-01 3.505049371662534163e-01 3.507336621821837697e-01 3.508657450555769386e-01 3.238097901941651147e-01 3.134355866904180443e-01 2.943627260728460815e-01 3.094463990667590814e-01 2.576794500441721980e-01 2.408078547988348750e-01 2.632454283019708963e-01 2.855408421606353553e-01 2.223153577922044044e-01 2.701072023580136650e-01 2.434814314368485000e-01 1.944548815458146396e-01 2.431664722072327811e-01 2.067458055226667757e-01 1.548604532595468652e-01 1.603497089513851726e-01 1.839725590539679489e-01 1.600130428759503620e-01 1.816958424793229665e-01 1.820572815156829560e-01 5.606889073895397063e-02 7.882404378579879745e-02 6.509398631437440796e-02 1.554519172149954331e-01 1.549176553030501557e-01 1.627981515899772635e-01 9.506596477883121066e-02 1.238624178835973089e-01 1.534580770935417005e-01 1.830570227409749062e-01 1.576232468489400240e-01 1.231720678147265879e-01 1.104171111890599466e-01 1.020370807135283497e-01 6.808483267315154630e-02 1.101716510100918395e-01 1.151711952721340415e-01 1.308177894157980248e-01 1.239201406254373389e-01 1.077052941082210086e-01 6.270413146647803304e-02 1.367244996710941518e-01 1.046800494806070791e-01 1.915311996195306621e-01 1.795129925851051411e-01 1.158015541512690399e-01 1.288678967788032537e-01 1.419060471141840030e-01 1.349412103079660752e-01 1.218803367420303735e-01 9.983632398584083023e-02 1.401583156305184763e-01 1.246972458114744831e-01 1.047216399859950270e-01 8.971784806865354400e-02 1.115244209438555623e-01 1.325201064132213169e-01 9.946922148407975894e-02 8.302367645462190027e-02 9.254048905403404468e-02 9.799748597051692600e-02 9.596479173609898106e-02 9.819341653571807271e-02 1.283777623188590844e-01 9.347493699462608441e-02 7.290840023803629721e-02 8.714289140013208035e-02 8.152777024508892079e-02 1.455400249401905821e-02 3.552330546613007706e-02 5.345052758362674877e-02 6.981379255809555540e-02 3.578402931305658258e-02 7.873642341012360157e-02 8.365669593827523842e-02 7.266703195153585704e-02 4.354209036246937253e-02 6.412540928593987721e-02 7.662697347276273274e-02 9.609769596429479366e-02 3.413929491219963586e-02 5.650523696452881134e-02 7.095319226222561448e-02 5.556232380763975742e-02 7.407897799111576309e-02 4.501937594290347788e-02 6.868521036389695078e-02 6.045256434493526815e-02 6.915329715244389330e-02 6.183182335537252411e-02
1.743285751628932123e-01 1.000000000000000000e+00 1.356651361993467808e-01 1.328538461662787662e-01 1.112320165577840858e-01 8.497670266500108316e-02 1.766499768637772583e-01 1.540295929288222621e-01 2.274732179836902457e-01 2.560015986194603688e-01 1.445473926789599961e-01 1.621486682913473309e-01 1.646251334348237949e-01 1.230986414568474990e-01 1.763024749586978301e-01 1.757859466527091630e-01 2.015670696802872586e-01 2.164525814381025315e-01 1.825464865933033864e-01 2.241088893671405180e-01 2.023933297804888787e-01 1.833647601572109542e-01 2.095934654115732543e-01 1.778437155749413578e-01 1.933458344335989287e-01 2.245661190667949114e-01 1.980938607863695911e-01 2.211695104407244705e-01 1.834155335595839542e-01 1.896687794194152066e-01 1.882151146522295093e-01 1.999739550945774103e-01 2.051279647151766639e-01 1.773046416009378123e-01 1.988485179000594738e-01 1.767059534606515159e-01 1.858613645973321848e-01 2.148246198835259413e-01 2.033831295263105465e-01 1.990212026775992071e-01 1.945197734392406785e-01 2.016091276886847750e-01 1.913254681765625409e-01 1.795776769155685848e-01 1.879961151377086137e-01 1.977883761086022818e-01 1.645031590409575806e-01 1.852062725084093198e-01 1.570134122447609804e-01 1.535751658115591112e-01 1.813429154826207979e-01 1.687455424763515122e-01 1.652421362545355155e-01 1.776291194438728571e-01 1.774264752346131346e-01 2.009209242552001118e-01 1.620031947937538019e-01 1.919387045360589628e-01 1.710754974839492348e-01 1.788588190437864212e-01 1.484120246835867185e-01 1.699159370321473295e-01 1.586907214996084170e-01 1.758128646984496446e-01 1.811352344855373664e-01 1.697133738027593874e-01 1.687090511753620570e-01 1.870969124086781232e-01 1.809177173833896313e-01 2.126057554587446607e-01 1.813300068921838704e-01 1.722656825771234357e-01 1.810484168098752400e-01 1.715995098520184392e-01 1.909383827706996883e-01 1.748461032919398639e-01 1.918231248531886146e-01 1.758688873191822377e-01 1.776090409708524220e-01 1.755092348865958107e-01 1.725995396206579102e-01 1.761130205733285881e-01 1.879675580869508422e-01 1.785517920709355499e-01 1.536442230302753342e-01 1.593924046396205385e-01 1.733823878649723982e-01 1.897264951313897552e-01 1.769761703748444770e-01 1.961183538186311859e-01 1.816371965959171220e-01 1.757779401544705411e-01 1.744533024086294126e-01 1.762967858996063175e-01 1.560477434925344742e-01 1.669799701831675698e-01 1.423558085605388102e-01 1.381271085971197965e-01 1.513172347991485200e-01 1.705346747900829407e-01 1.661133972455810792e-01 1.591461046890156328e-01 1.604045112283383201e-01 1.664648634993843301e-01 1.611049592841036771e-01 1.589377249446840279e-01 1.537191645624273184e-01 1.724447264706585048e-01 1.708192071443769555e-01 1.730741860040491964e-01 1.788914396986966693e-01 1.649616413787264868e-01 1.675268877465397599e-01 1.591365963842276965e-01 1.704760755959068008e-01 1.652933895594307923e-01
3.509123706097496131e-01 1.356651361993467808e-01 1.000000000000000000e+00 4.502265979256294126e-01 2.210627726806596305e-01 1.872213549292479351e-01 3.483351930624659087e-01 2.887397842838396733e-01 4.693450290893600996e-01 3.390408262485433144e-01 4.268005923078483921e-01 4.412356594137599175e-01 3.717700629004574986e-01 2.773799854658896002e-01 3.412797947355813433e-01 3.627497372624810534e-01 4.273713181734551947e-01 5.051404979976168441e-01 5.581306391203412209e-01 4.304440547536155792e-01 5.660594928701726536e-01 5.730752663876362840e-01 4.962760516911713937e-01 5.463088004569742751e-01 5.695027176137605895e-01 5.742796023728518051e-01 5.663190844482453024e-01 5.348373362969475187e-01 5.311100842358857932e-01 5.582421284203941125e-01 5.473297310553524309e-01 4.458312669352464952e-01 4.763202004004391532e-01 5.136077681648885118e-01 4.690781352380678504e-01 5.260229867215464594e-01 5.174126858833815179e-01 4.451154162563178973e-01 5.171273243514495910e-01 4.679100097704164685e-01 4.378621836467945228e-01 4.419019493880291805e-01 4.738383643816629909e-01 4.623319354591484132e-01 4.836742322273523409e-01 4.792623556398352691e-01 3.667970963826132080e-01 3.561786863573518369e-01 3.508202632974928292e-01 4.339511389043748668e-01 4.266322770894689365e-01 4.467458689212984724e-01 3.953221375199000298e-01 3.719743922832062788e-01 3.958063770566712103e-01 4.400709559770610291e-01 4.091958085246789056e-01 4.152231908294487517e-01 3.841117795124349144e-01 3.976661697280365337e-01 3.704071710442180532e-01 3.874919864314362861e-01 3.870923915153300920e-01 4.083984936999780491e-01 4.072145408767858243e-01 3.955955722279183573e-01 3.599942229407808725e-01 4.162725250964718349e-01 3.827179622367782308e-01 4.307506746276213994e-01 4.672181596257360958e-01 4.222923568139037576e-01 4.093070557468952986e-01 4.508935524178824816e-01 4.337373320295596635e-01 4.280834925365110122e-01 3.931592310571996873e-01 4.345241969937176929e-01 4.422868123396787032e-01 4.264635926108084063e-01 4.096061612659330220e-01 4.324810645708889734e-01 4.002553106498899504e-01 3.919658735575082820e-01 3.820960480497552214e-01 3.934890103541692219e-01 4.068663795263854910e-01 3.902057739914189805e-01 4.109153457345032234e-01 4.033969588078527568e-01 3.986340533678968123e-01 3.832938317456738297e-01 4.043297956801493731e-01 4.001236910314409645e-01 3.332856436652667509e-01 3.357155776697733907e-01 3.614160486081058332e-01 3.613027354786153555e-01 3.440251743914575777e-01 3.788104327941406169e-01 3.954747323038990681e-01 3.674352712639445961e-01 3.592670801235770539e-01 3.800066409637942733e-01 3.846422919367378235e-01 3.704251068203945341e-01 3.402274062798024135e-01 3.468572272417487223e-01 3.600528933929936226e-01 3.540593416328595144e-01 3.619322517207690382e-01 3.517255656057858282e-01 3.597730045839156454e-01 3.597304977408640747e-01 3.754487968521562080e-01 3.620072777233527273e-01
2.425766084420738489e-01 1.328538461662787662e-01 4.502265979256294126e-01 1.000000000000000000e+00 3.912986749466708658e-01 2.984011610415425175e-01 5.919499464712795200e-01 5.034865000078990738e-01 5.800908151156456416e-01 4.899355988867660217e-01 5.925221070741034657e-01 6.797371580453592799e-01 5.368566973701190959e-01 4.265596051240828634e-01 5.806820395102909593e-01 5.851736631043523706e-01 5.718023081063851043e-01 4.289609735726576112e-01 5.389405137066092255e-01 3.940208133886443087e-01 5.590101331035655097e-01 6.217141012244051801e-01 5.190240887916574009e-01 5.359920534761972721e-01 5.692574018093861099e-01 6.431856654689735997e-01 6.426538384011427629e-01 6.334236346673696172e-01 5.870391962656479334e-01 6.214702239199043632e-01 6.548627963143029973e-01 5.860584928980046016e-01 5.540498503283797227e-01 6.083209178691734165e-01 5.446944441414324212e-01 6.467052808444054834e-01 6.155018176035406130e-01 5.868134809422740350e-01 6.347945274266741933e-01 6.300658759528590114e-01 6.050339543902334416e-01 6.146123030392762754e-01 6.513161213349973888e-01 6.593727780426209550e-01 6.397803242646257216e-01 6.252000747747420428e-01 5.707584841345674231e-01 5.502692243396012373e-01 5.689013689613742208e-01 6.311451204224344247e-01 6.206124137146983299e-01 6.319657293316468527e-01 6.068500361129202103e-01 5.460318245274066173e-01 5.533527299119860299e-01 5.892875746847100471e-01 6.076123355884615052e-01 5.926804304091454201e-01 5.653726230871128910e-01 5.981430693942559884e-01 5.797756694535151079e-01 5.930900996960668525e-01 5.969038430534731043e-01 6.168202846562006458e-01 5.851629097405495195e-01 5.879925314987602958e-01 5.489631143096896926e-01 5.626430520482571529e-01 5.457256427097785245e-01 5.651198953129948910e-01 6.031644367888225888e-01 5.770271464500530412e-01 5.492484980943455053e-01 5.820305190020887975e-01 6.032417151523671306e-01 6.012552918932172474e-01 5.726113054807335789e-01 5.824517940440662178e-01 6.121563977091979414e-01 5.804827271282320122e-01 5.736853467806301010e-01 6.036284264138696010e-01 5.736260637301608956e-01 5.471021309596509896e-01 5.676420647951677667e-01 5.661618965617044585e-01 5.871110019573058114e-01 5.759774301171740607e-01 5.854188011182649420e-01 5.699618133379572571e-01 5.835341981084627427e-01 5.801602181603626729e-01 5.881622267202810672e-01 5.850353341949880992e-01 5.401878719481598701e-01 5.397952579456942734e-01 5.778670745336587089e-01 5.799225475018707776e-01 5.566588589144633170e-01 5.828241345913682814e-01 6.027605300249494480e-01 5.766037509823067619e-01 5.612632245799484831e-01 5.888185521108694198e-01 5.845251252699362743e-01 5.758484347692834904e-01 5.529798981576402594e-01 5.391030929494713408e-01 5.487507677354174218e-01 5.628621488368561465e-01 5.584726977863040398e-01 5.579690060964094256e-01 5.650100366841187549e-01 5.716527077618771546e-01 5.666163511209688641e-01 5.646500505069852460e-01
8.384256010402957315e-02 1.112320165577840858e-01 2.210627726806596305e-01 3.912986749466708658e-01 1.000000000000000000e+00 2.650025863971766094e-01 4.850794155902448668e-01 4.840459054233229308e-01 4.414155743349981731e-01 4.205828445695328766e-01 4.696941506229278529e-01 5.003883399359358997e-01 4.684882020248861134e-01 3.677123744332607136e-01 5.123805270966312886e-01 4.969726378729883987e-01 4.459612556550223705e-01 3.268402540706638604e-01 3.755954109045393507e-01 2.869658366633907609e-01 3.453440018023624103e-01 4.051780499868183893e-01 4.090724034182741109e-01 4.022390149258395775e-01 3.974723181509010606e-01 4.329400843728046788e-01 4.463457851005278587e-01 4.563495027696740092e-01 4.285732672421136424e-01 4.369163661468550286e-01 4.615380440154589481e-01 4.785363185341680592e-01 4.404652264597940792e-01 4.564401005151627055e-01 4.477776074629520875e-01 4.778669715704571552e-01 4.510242269994111375e-01 4.809990471508726606e-01 4.726669921322882995e-01 4.771944374823329782e-01 4.944754031931302141e-01 4.961084209926482358e-01 5.057251589781867063e-01 5.150749710788603553e-01 4.955515133987089538e-01 4.963395785916685510e-01 4.979507647278104132e-01 4.931475531013501667e-01 4.947208400878593815e-01 4.979162586066688823e-01 5.023857538083505991e-01 5.024096339432003733e-01 5.073376644878666575e-01 4.839690916025405909e-01 4.698143204626968883e-01 4.787083753281019538e-01 4.913521177668365714e-01 4.924095697651590942e-01 4.832740308921384953e-01 5.042947446610165363e-01 5.032261850958567040e-01 5.016914225228780166e-01 4.960582587023943391e-01 5.049573370000105532e-01 4.882413364419589397e-01 4.977596129684263571e-01 4.859218665477236243e-01 4.908257295769390405e-01 4.899339385362336263e-01 4.786645617241186978e-01 4.802738673267210046e-01 4.868763281371003560e-01 4.820178048612369648e-01 4.870617405819530621e-01 4.951246362179452798e-01 4.921443302608217718e-01 4.909132965195363574e-01 4.863976258813873521e-01 4.984099553514380054e-01 4.853380576310576400e-01 4.913525325842557079e-01 4.924013361967637947e-01 4.926336562434556754e-01 4.820782198550565001e-01 4.904786979281335335e-01 4.933320727754089696e-01 4.895340765947326922e-01 4.958089341126316052e-01 4.933610938017776171e-01 4.915455077948022167e-01 4.968257195875093735e-01 4.996509809230592070e-01 4.994518864053908991e-01 4.984592555787368262e-01 4.903491393434671330e-01 4.911387028233822893e-01 4.937381092920216097e-01 4.907185654240592831e-01 4.950337316381179242e-01 5.021224103356340951e-01 5.094973823882226194e-01 4.914903078558921501e-01 4.905641278507104075e-01 5.008968954176274968e-01 5.009293815050801513e-01 4.915211345440838597e-01 4.909327299019418112e-01 4.889463385347683211e-01 4.883604182452566111e-01 4.978621013207751300e-01 4.958968157750477390e-01 4.955732567690673829e-01 4.936903061704726592e-01 4.946629781509744306e-01 4.888960625980208197e-01 4.959541246404972625e-01
6.401681629715323674e-02 8.497670266500108316e-02 1.872213549292479351e-01 2.984011610415425175e-01 2.650025863971766094e-01 1.000000000000000000e+00 4.189904930053102716e-01 3.461088828789412597e-01 4.035317499764348170e-01 3.830875116558905003e-01 4.263960236752081800e-01 4.407016899246206099e-01 4.064487605037028217e-01 3.522181613348360218e-01 4.347013914353869968e-01 4.348396765836370914e-01 4.018814001579530393e-01 2.995457385165508080e-01 3.382040140147391516e-01 2.690374388916293436e-01 3.092784365346786801e-01 3.542299213505023525e-01 3.611758658381326592e-01 3.623434115435881786e-01 3.534406842155951023e-01 3.856198089918190242e-01 3.951307660555136714e-01 4.155502578407379577e-01 3.961705410008409811e-01 3.978117894616751693e-01 4.247660054021727971e-01 4.344038391074416805e-01 4.115219519664498060e-01 4.155121330195571394e-01 4.064666359792813433e-01 4.235612473829621916e-01 4.233582369300363801e-01 4.398679247596304909e-01 4.288483771511134024e-01 4.386370488002024337e-01 4.472563273424067232e-01 4.472744111473315187e-01 4.402125525429299024e-01 4.568123061034504717e-01 4.478227013491258846e-01 4.463230718087807247e-01 4.596451626461134365e-01 4.516853082068406633e-01 4.538425668121805479e-01 4.446918784242540612e-01 4.575762121422144446e-01 4.374354989557546758e-01 4.550252983944982343e-01 4.465527370029486742e-01 4.362397718650807832e-01 4.434560665197700424e-01 4.451879954393291317e-01 4.379863119686625561e-01 4.505165897134815745e-01 4.573136259995475572e-01 4.497308617210838411e-01 4.582681593273781884e-01 4.511448792909811822e-01 4.564180492969605596e-01 4.468415424553036641e-01 4.548315458962202129e-01 4.515013868510690531e-01 4.507100969425973935e-01 4.490131848857790153e-01 4.324334628273326930e-01 4.405975625094085690e-01 4.445075750849800111e-01 4.416645881298464360e-01 4.398718453031832953e-01 4.497010547501937849e-01 4.539704578785451750e-01 4.542400006515798228e-01 4.485671574057369382e-01 4.518756210605345269e-01 4.448153790714696743e-01 4.578313596923239137e-01 4.552657016692291947e-01 4.460934696121155452e-01 4.519023800159413518e-01 4.489733653219880605e-01 4.546333785182412601e-01 4.564703639080262554e-01 4.527986784564996814e-01 4.557056192690696617e-01 4.469305311888788768e-01 4.574813403829985359e-01 4.578976430986119173e-01 4.557249814331899018e-01 4.571554776584391133e-01 4.522444889431993520e-01 4.535879246108465712e-01 4.478259131200664767e-01 4.468316590634957564e-01 4.530700448880439768e-01 4.599415670273979684e-01 4.572307534919260452e-01 4.514047931375247402e-01 4.482061317077074003e-01 4.569488532821466831e-01 4.546805715439886098e-01 4.481216610181920079e-01 4.513087468429295424e-01 4.490442996852406776e-01 4.483478385491199147e-01 4.591018434184256369e-01 4.547204451148582627e-01 4.556685164986111758e-01 4.551088939161857527e-01 4.535461026126985651e-01 4.482603423056290559e-01 4.534993695525529889e-01
1.184085557367412916e-01 1.766499768637772583e-01 3.483351930624659087e-01 5.919499464712795200e-01 4.850794155902448668e-01 4.189904930053102716e-01 1.000000000000000000e+00 7.071041288802359936e-01 7.112802280373381469e-01 6.648821508996847207e-01 7.469152140216536173e-01 7.903750277171939231e-01 7.299414515663242842e-01 5.973157168344844781e-01 8.316925674475005303e-01 7.951422611342415792e-01 7.237218035373489400e-01 5.112249834182445163e-01 5.793790202481916563e-01 4.895011614271412848e-01 5.304163959335693734e-01 6.133748129642333513e-01 6.170811055406564272e-01 6.225077444163846785e-01 5.989010880403170534e-01 6.749285922531021997e-01 6.876554410941310147e-01 7.241000390557071897e-01 6.537959586620383234e-01 6.812689141487839883e-01 7.157692699662248081e-01 7.735580073423564684e-01 7.041398101983153968e-01 7.243879981329537365e-01 7.215915371289214342e-01 7.344424665344914116e-01 7.215218468362396553e-01 7.778399574886172285e-01 7.465868094810522715e-01 7.671429396785377497e-01 7.851577273951525493e-01 7.922327548564966904e-01 7.906214641494903050e-01 8.002723989936242344e-01 7.861105299582785699e-01 7.713394612355726210e-01 8.000294185851049011e-01 7.949007146058959528e-01 8.023974274704801513e-01 7.962210138242739044e-01 8.022836769625788511e-01 7.896771578481520670e-01 8.022703186327908575e-01 7.768412854016475411e-01 7.643906494873491386e-01 7.744338327130348976e-01 7.865678478974021948e-01 7.903975175072524006e-01 7.813255028367211974e-01 8.040672567429655304e-01 8.038491328957182436e-01 7.959999641356710898e-01 7.858682093661825130e-01 8.047999715214131378e-01 7.838937171730995246e-01 7.988735092677504701e-01 7.955939003740211124e-01 7.881821796919943335e-01 7.889724147435108748e-01 7.714906394320917293e-01 7.671916242484201343e-01 7.805137631238733276e-01 7.840284340474983349e-01 7.694913020520314229e-01 7.925701150777252346e-01 7.967611099600290236e-01 7.966756291466394746e-01 7.738947280185636268e-01 7.942942372802634932e-01 7.786595109135301396e-01 7.916635878404100213e-01 7.907078323629402883e-01 7.837521104035369834e-01 7.845784611504832418e-01 7.964173011332660312e-01 7.960794704867241167e-01 7.917506251709849341e-01 8.058584917679187942e-01 7.977650359553359882e-01 7.861288669356448766e-01 8.035562363343154990e-01 8.045908348577066604e-01 8.002061533361454204e-01 8.023355572712506101e-01 7.935801339042517499e-01 7.957297275910446555e-01 7.992951284547981095e-01 7.981359190241282819e-01 8.012859753400695118e-01 8.133501217129246452e-01 8.129934810299517256e-01 7.976538259889109916e-01 7.949466671496474568e-01 8.061147923224142309e-01 8.029870687129850859e-01 7.927498326890204394e-01 7.968269005855304066e-01 7.918250043995951337e-01 7.894333017584259649e-01 8.019747998968372871e-01 7.992643630358019502e-01 7.986920057326681865e-01 7.959412731220841808e-01 7.997800101107968018e-01 7.941544789917839298e-01 7.990670000394871630e-01
1.187581340921957523e-01 1.540295929288222621e-01 2.887397842838396733e-01 5.034865000078990738e-01 4.840459054233229308e-01 3.461088828789412597e-01 7.071041288802359936e-01 1.000000000000000000e+00 6.452660005234054363e-01 6.175929999454555785e-01 6.741601070009816121e-01 7.143306996818744592e-01 6.791788563816529845e-01 5.338699125190332628e-01 7.558210373037101970e-01 7.476827737203133317e-01 6.651773043030091426e-01 4.623710872889298384e-01 5.218423336426092352e-01 4.568851571865426009e-01 4.637737088678530739e-01 5.437955058487166093e-01 5.829252244275514583e-01 5.567622138756610495e-01 5.439315197112085665e-01 6.180232264316540824e-01 6.084630945167307514e-01 6.431677401387235760e-01 5.886634691058930668e-01 5.966665556663098835e-01 6.257063890873446610e-01 7.112881615818584802e-01 6.447753559814891622e-01 6.683361421107611999e-01 6.437331087058004719e-01 6.698704295229329642e-01 6.427720328903452351e-01 7.178542341298460583e-01 6.763049344069548274e-01 7.079233966764559849e-01 7.171717790864324815e-01 7.235321622206477565e-01 7.174518510677118099e-01 7.255593410956479028e-01 7.095852162469602487e-01 7.016113159810037914e-01 7.320263649466346445e-01 7.331128515365151754e-01 7.430115702792663424e-01 7.314154993362209645e-01 7.414922446435969761e-01 7.261534106395942656e-01 7.287649122677999358e-01 7.228428443597099129e-01 7.214748948656284355e-01 7.171203646819487298e-01 7.364912854560680122e-01 7.297715212234237026e-01 7.320825722417537706e-01 7.379231465157359837e-01 7.417028210187189829e-01 7.394424799098233692e-01 7.372078956841073838e-01 7.430259441040147905e-01 7.211722492878291924e-01 7.385980146607090679e-01 7.305234147000126965e-01 7.202983895738678255e-01 7.266471589862766312e-01 7.095041773998154166e-01 6.922905295037543594e-01 7.135850220647798059e-01 7.158968529576994477e-01 6.988980835556776183e-01 7.240678301494706259e-01 7.211251175454163054e-01 7.227828544183168002e-01 7.042151014702197065e-01 7.195610294301861831e-01 6.986999750458017244e-01 7.170151616714961484e-01 7.143542296998972585e-01 7.290421288380578568e-01 7.130599477644159467e-01 7.303833611193343289e-01 7.277815293095183380e-01 7.215546946698387920e-01 7.376276778203716411e-01 7.242736455809875018e-01 7.254317704863545435e-01 7.311365493092190082e-01 7.327546386141476908e-01 7.281285476417141966e-01 7.298353207425162248e-01 7.272386051715060695e-01 7.297060050618661142e-01 7.312739456122845372e-01 7.334244484512617568e-01 7.346932487204069773e-01 7.418668871859704916e-01 7.398396624661334187e-01 7.342912782063708566e-01 7.302343262419835890e-01 7.371026925380008699e-01 7.374634828643643614e-01 7.327895629147197498e-01 7.330566654595754850e-01 7.293015337505808215e-01 7.289439781621301906e-01 7.377358116590425618e-01 7.393246250000419240e-01 7.332699101654216456e-01 7.355015562735022217e-01 7.347880189934671291e-01 7.273763497359158059e-01 7.357960489224592004e-01
3.086235277026931345e-01 2.274732179836902457e-01 4.693450290893600996e-01 5.800908151156456416e-01 4.414155743349981731e-01 4.035317499764348170e-01 7.112802280373381469e-01 6.452660005234054363e-01 1.000000000000000000e+00 7.462406899314688591e-01 8.005372475417779077e-01 8.141061448796657052e-01 7.531325840236412494e-01 6.116662188426497115e-01 7.966307164396831952e-01 7.920364292767317904e-01 8.205654102195372168e-01 7.395951359395928071e-01 7.783506868490258634e-01 6.631312176504421396e-01 7.426091088312608557e-01 7.948438594146549629e-01 7.827297853457700905e-01 7.865019051734399858e-01 7.880390279940672205e-01 8.528280167396642408e-01 8.382052327819374815e-01 8.508399621956337366e-01 7.955418392316255805e-01 8.280603023269211826e-01 8.362349190579516645e-01 8.502049854421352970e-01 8.292522961613078003e-01 8.371226072391227957e-01 8.242363400754453284e-01 8.432002500690662927e-01 8.453751792312581559e-01 8.709088969133795821e-01 8.643761012525269516e-01 8.549582057426039494e-01 8.717620667659632394e-01 8.679336181280743467e-01 8.573784606248182616e-01 8.685070348563697085e-01 8.659996335855052463e-01 8.663789382675608497e-01 8.418300584668428899e-01 8.512586254805482033e-01 8.293477424059517711e-01 8.374423555150237730e-01 8.660397054723000254e-01 8.367698889109370652e-01 8.413204385072654556e-01 8.537707209683770282e-01 8.466957330817915794e-01 8.677828567975272023e-01 8.520321408706468258e-01 8.668803063153037725e-01 8.510819876019841690e-01 8.639282641963763609e-01 8.384208217713290390e-01 8.581852422610155573e-01 8.459051267781063643e-01 8.598143338634530730e-01 8.645250559316384198e-01 8.545978914870483445e-01 8.389640112835725638e-01 8.678482878587585603e-01 8.444418536548523591e-01 8.674735206319970082e-01 8.725051741596653310e-01 8.622869976237245160e-01 8.550847494250438663e-01 8.566601925156706043e-01 8.733927240928119895e-01 8.689161984573136044e-01 8.562297946043810892e-01 8.556530214537377832e-01 8.646389215288935448e-01 8.588101772197126449e-01 8.529647978672203479e-01 8.620456094201309760e-01 8.570396139180349593e-01 8.511761791665324317e-01 8.336339764641376160e-01 8.442419664641601651e-01 8.557133391374464049e-01 8.556653092323482923e-01 8.578665139449069832e-01 8.620607843715371033e-01 8.533917755677707939e-01 8.516559034625328373e-01 8.563394742734172782e-01 8.527775775283361614e-01 8.216625645252855215e-01 8.296044580553962877e-01 8.197210263896347326e-01 8.229774479055794734e-01 8.233896410546912570e-01 8.479487208200809922e-01 8.455924071752647375e-01 8.402185069310155185e-01 8.302823505846897989e-01 8.448464685673433561e-01 8.420619966507750798e-01 8.424960794442919454e-01 8.251766717233196546e-01 8.368961229215423625e-01 8.423528248541772845e-01 8.425382136301047264e-01 8.474045373436605022e-01 8.371791204320633284e-01 8.428798710724031418e-01 8.374351847179962727e-01 8.466182382083643487e-01 8.386767317394582255e-01
1.386698403740809771e-01 2.560015986194603688e-01 3.390408262485433144e-01 4.899355988867660217e-01 4.205828445695328766e-01 3.830875116558905003e-01 6.648821508996847207e-01 6.175929999454555785e-01 7.462406899314688591e-01 1.000000000000000000e+00 7.428979773054243951e-01 7.679892202215338193e-01 7.192770949067111008e-01 5.865989679992128503e-01 7.814929807012879204e-01 7.632497742730164347e-01 7.379119736649862871e-01 5.864966085782876704e-01 6.221484793593423657e-01 5.294703786252243916e-01 5.677982532342717992e-01 6.396186503927707712e-01 6.560428253469846593e-01 6.507570618684371810e-01 6.561347731616231638e-01 7.363961372564070684e-01 7.201025468351490710e-01 7.497565665961005710e-01 6.918060186478263152e-01 7.053121977004146448e-01 7.385044055630658466e-01 7.718308002885468921e-01 7.400193251938560479e-01 7.303391715747993285e-01 7.426070494816751077e-01 7.393680419730374043e-01 7.516528854899899859e-01 8.098548601810341419e-01 7.783928237750341594e-01 7.900669652629159767e-01 8.175096472460610109e-01 8.172229767357515051e-01 7.909090388989085119e-01 8.099521822407194094e-01 8.015259336911301213e-01 8.060308618210303422e-01 8.189754985410711008e-01 8.303423483861777088e-01 8.087996226063427496e-01 7.768988380955429429e-01 8.088051388662950147e-01 7.790843242911538180e-01 8.067247717582638478e-01 8.187168356946240566e-01 7.992684739786576342e-01 8.129713688632045354e-01 7.959515726884283104e-01 8.273271246264853884e-01 8.126682581520707771e-01 8.269585427108411269e-01 8.118676123842496484e-01 8.180215251317538572e-01 8.046045175732673416e-01 8.163935913756283913e-01 8.172716196176637027e-01 8.178529356034702769e-01 8.217140676413580147e-01 8.176865241468208589e-01 8.151978232331411611e-01 8.052927212437773763e-01 7.959981515691066933e-01 8.173051699739275477e-01 8.100257036354897577e-01 8.021657797564279990e-01 8.294060469585938788e-01 8.233386204309804945e-01 8.290870724529469937e-01 8.057809537450201232e-01 8.181921517125524401e-01 8.167413720867590099e-01 8.136912136238602100e-01 8.205729053604857715e-01 8.163188982996276710e-01 8.167390014553451705e-01 8.057738320185218184e-01 8.094507187757847833e-01 8.185954211902178868e-01 8.309293984414239942e-01 8.232004687127770781e-01 8.255333161074216441e-01 8.260811455766821076e-01 8.290273654266296921e-01 8.246474331915949474e-01 8.275754202941179027e-01 8.159117612544923848e-01 8.210152492530251589e-01 8.012189851392674811e-01 7.962644006519934425e-01 8.119521124322131023e-01 8.238514088510001665e-01 8.181327391911498159e-01 8.167958208093318850e-01 8.154527024509056199e-01 8.222280167681095264e-01 8.156059094773214779e-01 8.105484191936465077e-01 8.148538710252680728e-01 8.241189497032309630e-01 8.244258540130721125e-01 8.255765352045429939e-01 8.272280936975204835e-01 8.222529023174515173e-01 8.221213268794083096e-01 8.170014622938550630e-01 8.205339449942683494e-01 8.198415908202397739e-01
1.376438756168375799e-01 1.445473926789599961e-01 4.268005923078483921e-01 5.925221070741034657e-01 4.696941506229278529e-01 4.263960236752081800e-01 7.469152140216536173e-01 6.741601070009816121e-01 8.005372475417779077e-01 7.428979773054243951e-01 1.000000000000000000e+00 8.713105950418514878e-01 7.827339731270051004e-01 6.452257092845790076e-01 8.575603759785433988e-01 8.432217139249306159e-01 8.048139336338159255e-01 6.278874121675430686e-01 7.185887842457903130e-01 5.604853780519206685e-01 6.361297638292173762e-01 7.352999634059729228e-01 7.278581420795335877e-01 7.447591586590974755e-01 7.441965384513180570e-01 8.105782846541781383e-01 8.101540557265491937e-01 8.247944568414640187e-01 7.825232645863566816e-01 8.016016372947513124e-01 8.376639162647566694e-01 8.453228185750347734e-01 8.009272723858736898e-01 8.258168710808513335e-01 8.146447742394998803e-01 8.453656020700989204e-01 8.421198907550151436e-01 8.641012944061073897e-01 8.554569045532747218e-01 8.627991592605244175e-01 8.927912510740880769e-01 8.833542373470957276e-01 8.649399181813995918e-01 9.005254186540009309e-01 8.914953667078286959e-01 8.827267361559544279e-01 8.952977028939556048e-01 8.915995258988446137e-01 8.886360406904363352e-01 8.704481261714822615e-01 8.827844381939595753e-01 8.681417791106890158e-01 8.896154431098038939e-01 8.847047402709071751e-01 8.717814321203947170e-01 8.827651727644091340e-01 8.787199726971074432e-01 8.899645631742513219e-01 8.825305429383675238e-01 8.991966485043829671e-01 8.898986792946551594e-01 8.912244545366596604e-01 8.829164972393559463e-01 8.886256783202090004e-01 8.913043042562495133e-01 8.984061275066873575e-01 8.939769887791081393e-01 8.968119968650186680e-01 8.854846729244092440e-01 8.711429770928115213e-01 8.858449454370841414e-01 8.998521059629567276e-01 8.864568092010829403e-01 8.910892857425194435e-01 9.045728456866143352e-01 9.056120897514935431e-01 8.947828436376401573e-01 8.904223290971589044e-01 9.028172862984268354e-01 8.965111355141540672e-01 8.976851441296108680e-01 9.054869119652098064e-01 8.915378097354241804e-01 8.858371239546917186e-01 8.856593500107677874e-01 8.951744551213768331e-01 9.009995215079236175e-01 8.939075566622380897e-01 8.987963771325911955e-01 8.947608119522716397e-01 8.995105953774831242e-01 9.007333999608068131e-01 9.040082917005620722e-01 9.025479680592336518e-01 8.878320153708046947e-01 8.905884469382173707e-01 8.853906872972625575e-01 8.843892583016890185e-01 8.907367467450765242e-01 8.940345653911159207e-01 8.992150574818347231e-01 8.927163026629019171e-01 8.898060387481419031e-01 9.008288648568484325e-01 9.006163661653380226e-01 8.908062930353445319e-01 8.902914124018170838e-01 8.911186664862162932e-01 8.942989451103785514e-01 8.944133394895855682e-01 8.927922047696794650e-01 8.941570545032105910e-01 8.946246719381628631e-01 8.939713164769237386e-01 8.953124154779230626e-01 8.954363487550248690e-01
1.419111894967817478e-01 1.621486682913473309e-01 4.412356594137599175e-01 6.797371580453592799e-01 5.003883399359358997e-01 4.407016899246206099e-01 7.903750277171939231e-01 7.143306996818744592e-01 8.141061448796657052e-01 7.679892202215338193e-01 8.713105950418514878e-01 1.000000000000000000e+00 8.156145799553214948e-01 6.683370905578475130e-01 8.926867399544186066e-01 8.784163348484962386e-01 8.185416677453091205e-01 6.009385115650136555e-01 7.134987165447044255e-01 5.399001517295162200e-01 6.467859667691053804e-01 7.573158707918998811e-01 7.252325079072071690e-01 7.342468686399465927e-01 7.459809313476193360e-01 8.287335742767005797e-01 8.280436443270964286e-01 8.430071556685115874e-01 7.882807859146395701e-01 8.129473164219372938e-01 8.553290433091464973e-01 8.641287513072283266e-01 8.082115946049809319e-01 8.411766712025204873e-01 8.193507681528880982e-01 8.693403493460192255e-01 8.507411339564340258e-01 8.867455077316039880e-01 8.804504883514187030e-01 8.911148838378146753e-01 9.113144710299292406e-01 9.104817121952829551e-01 9.064481663762781194e-01 9.356650347627808451e-01 9.153044326505905826e-01 9.076552240782094216e-01 9.157288112850444639e-01 9.068744876417659251e-01 9.133848782659391707e-01 9.047271474801910074e-01 9.185814728147266850e-01 9.061710611133506621e-01 9.193601852729313961e-01 8.957699359842704601e-01 8.836087081760025663e-01 8.978597125283930280e-01 9.092748398157597389e-01 9.139234564814702200e-01 9.020050696630309561e-01 9.254861169151346045e-01 9.171221547283588960e-01 9.185292182254574112e-01 9.127241269344152919e-01 9.233113481950029344e-01 9.112684149910205145e-01 9.210236949604146961e-01 9.086336615846614118e-01 9.032447377587243809e-01 8.945016859870220660e-01 8.780839746152627745e-01 9.010740704198532125e-01 9.137801443497426401e-01 8.898627942914845157e-01 9.009341903588541367e-01 9.239455569332253315e-01 9.216254941950179358e-01 9.101731558375568687e-01 8.988233091382984430e-01 9.248344359815435789e-01 9.067591489956460249e-01 9.109447743309416756e-01 9.212603610575540447e-01 9.065112404862524231e-01 8.955921253600414023e-01 9.037817126031881809e-01 9.065514318520203618e-01 9.164984411311475343e-01 9.159991723964201471e-01 9.179774766351858073e-01 9.061984815193017129e-01 9.191466995257246975e-01 9.217099561014813203e-01 9.234216046815786338e-01 9.240553555307110534e-01 9.055245987367274152e-01 9.066953359246867628e-01 9.122349983259422368e-01 9.103413900163734862e-01 9.103007697333235226e-01 9.201593912002989928e-01 9.259973057962788134e-01 9.162842137217914740e-01 9.126754698499270901e-01 9.270432101076977460e-01 9.220049130886853739e-01 9.112728594346114486e-01 9.104622584737905866e-01 9.033199336802046897e-01 9.068676596916930288e-01 9.149770330774555926e-01 9.117329735272923230e-01 9.148368349218995998e-01 9.143789451036248295e-01 9.168692373826933251e-01 9.143116392912201684e-01 9.162812841526313257e-01
1.015174477739004405e-01 1.646251334348237949e-01 3.717700629004574986e-01 5.368566973701190959e-01 4.684882020248861134e-01 4.064487605037028217e-01 7.299414515663242842e-01 6.791788563816529845e-01 7.531325840236412494e-01 7.192770949067111008e-01 7.827339731270051004e-01 8.156145799553214948e-01 1.000000000000000000e+00 6.309576615172924896e-01 8.393730606895091206e-01 8.316312224126231056e-01 7.576762088687593044e-01 5.777346100615304847e-01 6.514133720361858781e-01 5.303265041904557942e-01 5.763048015713436723e-01 6.723746089602034015e-01 6.811585992338323736e-01 6.795897553330966234e-01 6.798182029660112535e-01 7.510692486666296075e-01 7.478343865723303674e-01 7.756243748098505808e-01 7.265146225667015178e-01 7.417264495969722038e-01 7.681435061657930774e-01 8.094002113834022349e-01 7.646492970411358225e-01 7.787721852194087191e-01 7.762910742557547206e-01 7.885000779404101046e-01 7.760511251531472254e-01 8.373791276672686301e-01 8.077650363920498844e-01 8.227075663057979993e-01 8.482429613857063178e-01 8.522932266953500147e-01 8.354621198909795154e-01 8.545299263122869693e-01 8.431316536282702501e-01 8.392996822773767240e-01 8.637843328291225919e-01 8.592671297254226292e-01 8.601323220336499764e-01 8.397101572857851304e-01 8.514604780933997530e-01 8.366702267911864110e-01 8.576931570389126902e-01 8.466455266704688842e-01 8.337492800786785452e-01 8.439751622370017525e-01 8.419021757589835175e-01 8.594870807567850379e-01 8.480352167780210726e-01 8.663691544696404678e-01 8.644449521385643154e-01 8.549633161524872182e-01 8.482814283468073091e-01 8.600909971043815272e-01 8.561251152230691108e-01 8.627915775987724523e-01 8.605337139567077465e-01 8.541529936478517993e-01 8.565385069873778789e-01 8.386363366974426414e-01 8.376636163615838182e-01 8.627193137819878510e-01 8.449415233964400196e-01 8.446228196498498653e-01 8.658483792874734908e-01 8.648376345727386560e-01 8.631975849570010517e-01 8.469985489499497477e-01 8.599823217942030862e-01 8.506314177059850490e-01 8.590772652917685326e-01 8.583956619114330167e-01 8.570253325136772959e-01 8.501930932504427885e-01 8.593525602489656690e-01 8.590149347524239642e-01 8.580589989417286567e-01 8.661311654842347441e-01 8.621189035627093711e-01 8.595496510132113466e-01 8.669710867905598972e-01 8.675217232886839325e-01 8.672151613700371797e-01 8.691318225180078016e-01 8.615500906827269212e-01 8.618338611107485558e-01 8.603966311624129393e-01 8.561438242425777334e-01 8.624721158256214437e-01 8.690255606792013365e-01 8.673705447153248205e-01 8.637059742917525540e-01 8.644088235356154337e-01 8.690096541742954317e-01 8.684963082586159011e-01 8.571706942613789293e-01 8.629227978703569724e-01 8.598180192778425157e-01 8.613770113224965552e-01 8.657087428669002493e-01 8.630157279222628874e-01 8.650088910837208100e-01 8.629482911844705839e-01 8.647152604746882743e-01 8.646989540912198846e-01 8.661926874736322057e-01
