1.000000000000000000e+00 8.690649058146628081e-02 1.724852587839954474e-02 -1.743692855151340523e-02 2.938942676625620407e-02 3.055517184276289322e-02 1.929090743736191008e-02 4.261824079986328319e-03 8.980604283814988542e-02 1.917013327323094027e-02 1.740801719032981226e-02 1.162051129676755501e-02 8.663633900572811214e-03 1.421535433388603983e-02 1.273375358795276677e-02 -5.069537098189985484e-03 4.969095418317891200e-02 7.032784569192324087e-02 5.328150583838323073e-02 8.700477946061565757e-03 -1.710446219540076584e-02 2.460004511948051236e-03 1.035190223171497531e-01 8.444533147014153529e-02 4.720767926534377018e-02 2.704531223225060260e-02 2.391730982520548152e-02 1.480037392509932562e-02 3.371913692291944598e-02 6.332464003296930932e-02 3.575639772973499692e-02 6.026116897768588748e-02 1.793623782828699872e-02 5.694989166329917502e-02 7.276663659034039722e-02 9.676722409538344657e-03 3.390770192695738428e-02 -6.627998246928313263e-04 1.856868277099220019e-02 -3.242199811641897911e-02 1.363601394866517484e-02 -1.643853961823228335e-02 -1.626411341281008491e-02 2.952300008825738033e-03 9.524780969675322728e-03 7.702923599038906562e-03 1.723881529750448394e-03 1.360126276203715151e-02 -2.472155321648819744e-03 -1.112616650867768488e-02 -1.864698224449888933e-02 -2.297833168722869870e-02 -1.180358588107759382e-03 2.445151885171135617e-02 -1.727531304986987259e-02 -1.583478021803261596e-03 -9.621733047644930037e-03 -7.465442189727763099e-03 -1.888014388485220393e-02 2.095559753676594361e-02 -3.832075014898374959e-03 -3.157782967791199213e-03 -2.300473108860183816e-02 9.072282712035648414e-03 1.379229302160823664e-02 2.013279278403299136e-02 1.907161830417512458e-02 2.541774824601051447e-02 3.576307965502752151e-02 1.042624331785893185e-02 2.858718495721153906e-03 1.500425929972655330e-02 3.461027297554488541e-02 2.327866654648627631e-02 1.071089768469509970e-02 1.934987824666022788e-02 9.096234373339199750e-03 1.852388607467101572e-02 1.579559848774526182e-02 2.697578277557250923e-02 2.271216635842069481e-02 1.587460484554288967e-02 1.721683478694660888e-02 2.404411487332470607e-02 8.738903791084821904e-03 2.645283495673374924e-02 8.353795301561002529e-03 3.736958203636190669e-03 7.486031178604955240e-03 1.254178780823399751e-02 -1.752183237264730254e-03 -3.069792123359129342e-04 1.583886930694825956e-03 4.793291901527070749e-03 3.524560289552886375e-03 9.874461789432300088e-03 -2.649887515899680343e-02 3.485865907522843216e-03 5.193649336470326479e-04 -4.931643118204089189e-03 -4.443646596126005210e-03 -6.697428991747838428e-03 -8.466157666067371810e-04 -2.663934382319563341e-03 -4.042989352218519412e-03 2.119610649571605776e-03 3.349577998534554804e-03 1.024359195889829217e-02 4.224816539817674230e-03 2.402518230865762459e-04 -1.051291923316099476e-02 1.182644978317650905e-02 3.962217923206099866e-04 8.161234350002617016e-03 1.001949189641105319e-02 1.038207003777833967e-02
8.690649058146628081e-02 1.000000000000000000e+00 5.316483007821590917e-02 2.094710073776424528e-02 7.130395689666779724e-02 9.418853858776898846e-02 1.068716838909897077e-01 8.483397366380639182e-02 1.795043711682601240e-01 1.644682940456752840e-01 1.347261601067656911e-01 1.224200524643120069e-01 1.283642807028703703e-01 1.155601823103478976e-01 1.466075176826897031e-01 1.467665563939625772e-01 1.516615894204663972e-01 1.546270554790574181e-01 1.621797940775884239e-01 9.435521224407107665e-02 3.123584157757196625e-02 1.037917774890445149e-01 2.090087567170330340e-01 1.715090325570324259e-01 1.534655285094741195e-01 1.613087217027874276e-01 1.554503803455682953e-01 1.373959199595307656e-01 1.477135292217196527e-01 1.737438537935262484e-01 1.602601160467924668e-01 1.757473681271603527e-01 1.397015907106936849e-01 1.538700143913007967e-01 1.684348769430368820e-01 1.237867674949614250e-01 1.417396088507173191e-01 1.502984088840646493e-01 1.491397828391479163e-01 1.218259769830546263e-01 1.582770658063368252e-01 1.355799378851296477e-01 1.258739686600289787e-01 1.367529269788301249e-01 1.411108457261616989e-01 1.496608020658816152e-01 1.529535381983402886e-01 1.624574338723411004e-01 1.453644627600538530e-01 1.212981715230396357e-01 1.370697396978786953e-01 9.912264344133014937e-02 1.360811395779965849e-01 1.629133216299789855e-01 1.413191269347676138e-01 1.571159153415054022e-01 1.256942210316890629e-01 1.343243316869255355e-01 1.415249378700543237e-01 1.501231345303147835e-01 1.389887518406863476e-01 1.410876958308291684e-01 1.348217418322700534e-01 1.341346769860351784e-01 1.396028816418232732e-01 1.461509856022262799e-01 1.581298635743749459e-01 1.660883078179358763e-01 1.753088254367378418e-01 1.473758061904636152e-01 1.383432252939815477e-01 1.538215582710372453e-01 1.680196664023080599e-01 1.582059985419484172e-01 1.566450944577987281e-01 1.565234536066502091e-01 1.514051254799916313e-01 1.612208655127620183e-01 1.581219100423597312e-01 1.654801612554494816e-01 1.569477987720530876e-01 1.562863229733535975e-01 1.555033898551206883e-01 1.620216438074780774e-01 1.503923102268454326e-01 1.598124249829862564e-01 1.446476963155129969e-01 1.573139836789932411e-01 1.490745483839105712e-01 1.600270691209842999e-01 1.448295202749620703e-01 1.486147823630823150e-01 1.434091224990839686e-01 1.503104982037667126e-01 1.497124409423493674e-01 1.584221341913715497e-01 1.386272771040133467e-01 1.454955388770005076e-01 1.517693957396719084e-01 1.485009200700124210e-01 1.427451575099954462e-01 1.452040813978903999e-01 1.462991227044826148e-01 1.463150078917287988e-01 1.374489530866779274e-01 1.470113312365104730e-01 1.533903018091007375e-01 1.577768619051069521e-01 1.610471640458071840e-01 1.506351883648824053e-01 1.508508136111434972e-01 1.527183905228534366e-01 1.509811556108348607e-01 1.534635303188252309e-01 1.431524468599552902e-01 1.485162342632800336e-01
1.724852587839954474e-02 5.316483007821590917e-02 1.000000000000000000e+00 3.106133351511268237e-01 1.609241093748181861e-01 1.983607887512113255e-01 3.328046007495776282e-01 3.116869978934361241e-01 3.149722040433937109e-01 2.943422246274725040e-01 3.553032530172283709e-01 3.725373705293975601e-01 3.199343188678142047e-01 3.346422886950218833e-01 3.549730770276641190e-01 3.637602391198854757e-01 3.438727904364774490e-01 3.369484213409011386e-01 3.273014930040938353e-01 2.563396520738017159e-01 3.239465529547546074e-01 3.435697840896874133e-01 3.367446252684130337e-01 3.195183469840768287e-01 3.429765989393919190e-01 3.652822793847260718e-01 3.699619392576549148e-01 3.622409403798714234e-01 3.494144698084934442e-01 3.550786508903577277e-01 3.726541316910212953e-01 3.709126999377375111e-01 3.534622722311014376e-01 3.741288743524030513e-01 3.578048791943718165e-01 3.592947211501444915e-01 3.597105760150759446e-01 3.789189917652532325e-01 3.843251697778924392e-01 3.562884636239601055e-01 3.711013428491417021e-01 3.743174537028039484e-01 3.624400582473620291e-01 3.807467970195763662e-01 3.730111984716339979e-01 3.743675484537645759e-01 3.670658785153494974e-01 3.669902944420251334e-01 3.711553327033683680e-01 3.744368471310481894e-01 3.753524398479781699e-01 3.693726628744160023e-01 3.616913786456458224e-01 3.623031767270015191e-01 3.613614317086107364e-01 3.721201847002496010e-01 3.554722808323309002e-01 3.664106465246357303e-01 3.673371490447495669e-01 3.699245500428736122e-01 3.630926411364008288e-01 3.629872579520763698e-01 3.555104562677438573e-01 3.729881204641025683e-01 3.687459596517450033e-01 3.622649407504370811e-01 3.702362097303505961e-01 3.746683036529165345e-01 3.734272962146476527e-01 3.597560292033100127e-01 3.748604082656288305e-01 3.740506281078455064e-01 3.663965069377174699e-01 3.720882069180705964e-01 3.738220506644818197e-01 3.701979192006606967e-01 3.736451990204098239e-01 3.744764038584164068e-01 3.708115023122940390e-01 3.674326191910409212e-01 3.788127641230887299e-01 3.779420354205651478e-01 3.767579810131886919e-01 3.741287922663031340e-01 3.734012094815208904e-01 3.768969165497655371e-01 3.783540540875530711e-01 3.712158231612147086e-01 3.767697878427652691e-01 3.680455424008310383e-01 3.807901994818849167e-01 3.710843636240800936e-01 3.745826646534813342e-01 3.728269549824350659e-01 3.671533345818269733e-01 3.659998549853312189e-01 3.707543921202611781e-01 3.667844200789558973e-01 3.670534223283962727e-01 3.715884869122254019e-01 3.725941853088364231e-01 3.663221962677041810e-01 3.658556322922402737e-01 3.723924704880894332e-01 3.734565482586049145e-01 3.618250581269900068e-01 3.701475600499137264e-01 3.664062021008527292e-01 3.635090392762250766e-01 3.651274896903544120e-01 3.650583112244356054e-01 3.685705691235812154e-01 3.643534815891887324e-01 3.689717822469900099e-01 3.683929363018061398e-01 3.649216987940874235e-01
-1.743692855151340523e-02 2.094710073776424528e-02 3.106133351511268237e-01 1.000000000000000000e+00 3.103078331853656446e-01 3.797623451781193538e-01 5.463730932842367771e-01 5.521611266999600920e-01 5.387108823935110591e-01 4.687940918705824633e-01 5.769818882989581343e-01 6.494425271904584740e-01 5.574904235848620049e-01 5.331531612987432389e-01 6.118728655859895227e-01 6.069035079627704832e-01 5.558768457489836612e-01 5.177289378752528703e-01 4.851027098860010156e-01 5.216487182533018352e-01 6.041917687788259661e-01 5.898999045100290495e-01 4.701102312642022052e-01 4.584548868104196817e-01 5.188053469328909317e-01 5.851775303101972581e-01 6.103135914787790606e-01 6.081262386511955276e-01 5.732354312451036771e-01 5.702253188186335864e-01 6.151929259491012436e-01 5.786746993902643910e-01 5.768127821619254414e-01 5.827360944634604190e-01 5.742697823398134060e-01 6.025998845305962082e-01 6.111313142796380715e-01 6.136587202039596178e-01 6.202747633502594393e-01 5.953610913412640260e-01 6.144543324673553686e-01 6.284691578783664356e-01 6.180438133941179579e-01 6.400299896523762300e-01 6.225134524990906248e-01 6.156666962155730172e-01 6.183862712576235765e-01 6.078836941943861483e-01 6.193477568508485298e-01 6.358754644814422763e-01 6.403568518148292643e-01 6.430576278725580464e-01 6.249639065028684826e-01 6.075831735335028849e-01 6.215969879687516242e-01 6.109261026284654728e-01 6.296285765808029566e-01 6.351165431257416172e-01 6.259569261772740534e-01 6.277221230601561786e-01 6.288017387493166632e-01 6.339452923233009907e-01 6.244295662138327208e-01 6.335557625474703691e-01 6.372303739074935969e-01 6.271551374115309496e-01 6.153029289182349038e-01 5.989256911238808323e-01 6.078767853550879341e-01 6.328697117859061194e-01 6.349579210857786427e-01 6.153782816862484184e-01 5.887121041803827781e-01 5.976665964978962187e-01 6.196898559741400581e-01 6.197067968259062365e-01 6.199312085684530738e-01 6.152576766205073433e-01 6.107580089215592922e-01 5.997457501228349308e-01 6.191527586627897373e-01 6.273573975368873512e-01 6.250806073116951245e-01 6.119278759219064501e-01 6.174808060745796690e-01 6.106522802811236161e-01 6.231875763916437938e-01 6.186310712488864993e-01 6.241477155594359338e-01 6.080256025051175017e-01 6.273016229062163829e-01 6.223512703010535274e-01 6.269592862890529528e-01 6.272679450076560359e-01 6.161192607563902301e-01 6.118113268842024777e-01 6.270020963731917085e-01 6.256331082268862254e-01 6.198709188687293592e-01 6.262131449205914357e-01 6.280762851600744101e-01 6.250090394605833932e-01 6.266116189110649826e-01 6.301365118737655147e-01 6.389407990237252477e-01 6.210120851800415842e-01 6.183082077853702119e-01 6.105855473695651625e-01 6.093907091222303674e-01 6.198648565308839675e-01 6.176222153791546265e-01 6.232627567507686983e-01 6.191247367894443521e-01 6.240990530842899231e-01 6.285097611442813648e-01 6.249121919726123853e-01
2.938942676625620407e-02 7.130395689666779724e-02 1.609241093748181861e-01 3.103078331853656446e-01 1.000000000000000000e+00 2.855386804704477810e-01 4.536335398741679348e-01 4.374451900704821594e-01 4.509543454294310250e-01 4.061508511983156766e-01 4.657808731625950327e-01 4.709127672672964726e-01 4.715901609474034695e-01 4.461976472265875016e-01 4.916327197204713451e-01 4.928323265243919060e-01 4.031031894534433668e-01 3.713282480124867613e-01 3.851062302125979331e-01 3.366905698223133792e-01 3.555251310071080861e-01 4.003461644290811638e-01 3.954316047301023040e-01 3.398668638753776783e-01 3.920086276801585945e-01 4.632332261736596957e-01 4.607526600144402074e-01 4.495082973226559031e-01 4.293169183859655846e-01 4.537302640386101649e-01 4.767473636111889679e-01 4.367281874253942098e-01 4.109176128884390877e-01 4.113404374459165846e-01 4.357118500385834259e-01 4.440498510846417890e-01 4.666683983349776965e-01 4.510378445230756594e-01 4.701467468313272335e-01 4.346332974168928276e-01 4.843484482909314326e-01 4.791206552215734882e-01 4.834607953065342412e-01 4.985542922285019496e-01 4.794007329221324776e-01 4.905821478801346003e-01 4.890510893685176552e-01 4.955352411245117494e-01 4.812889504697271392e-01 4.640092361872418247e-01 4.836179787850586331e-01 4.845753699100220913e-01 5.007233567066612379e-01 4.953475885322319860e-01 4.814306514081136967e-01 4.822103895250065553e-01 4.833590196989022147e-01 4.971707189513938085e-01 4.840466418035269669e-01 5.030342131063617606e-01 4.943668571337366813e-01 4.967117517782122516e-01 4.892632194111698474e-01 4.970544692132743969e-01 4.858122567360694810e-01 5.008017570194762680e-01 4.902772891604211813e-01 4.813019246378497096e-01 4.840046690628770909e-01 4.803854060378129898e-01 4.813852130901571380e-01 4.847460954330662375e-01 4.564540755690801865e-01 4.693758714832128587e-01 4.935882427713750298e-01 4.948055457205525198e-01 4.924938465194301784e-01 4.885047426887718092e-01 4.859801987247472366e-01 4.866111619492857754e-01 4.910786446589011645e-01 4.905385851284864707e-01 4.821704209194111468e-01 4.851429717612404380e-01 4.822984292762796943e-01 4.725384652131592866e-01 4.861695178509988224e-01 4.881835356928561631e-01 4.914302375131175959e-01 4.928615805650160553e-01 4.789624572053657880e-01 4.930483486744280386e-01 4.954865745347918904e-01 4.922306210749848310e-01 4.953559874163996346e-01 4.953950421579247365e-01 4.874764229529137127e-01 4.906234432382302613e-01 4.929713761812722361e-01 4.940670882152590204e-01 5.017526410893049515e-01 4.889061944901028078e-01 4.982135988353652012e-01 4.992843427088537456e-01 4.990327206754163747e-01 4.863793858076959076e-01 4.947752563653703417e-01 4.970889536928855823e-01 4.934983411329306735e-01 4.936563720067329020e-01 4.859270268227508516e-01 4.995579258668879086e-01 4.943628390048395160e-01 4.977653739967884960e-01 4.952483830278420762e-01 4.997543175871670962e-01
3.055517184276289322e-02 9.418853858776898846e-02 1.983607887512113255e-01 3.797623451781193538e-01 2.855386804704477810e-01 1.000000000000000000e+00 5.117652290917154012e-01 4.396496313547274548e-01 4.964655496475516849e-01 4.547210135649794593e-01 5.065507128395063674e-01 5.418155008102646386e-01 4.957165978990452082e-01 5.025770422949139560e-01 5.526909255847982649e-01 5.433369698921670654e-01 4.978114402509612457e-01 4.966671586826990614e-01 5.071609409662295453e-01 3.982561423900473074e-01 4.186602816219065493e-01 5.050337802934744547e-01 5.062923483648759104e-01 4.789928407536238608e-01 5.124059339846820382e-01 5.457561588382393580e-01 5.501765458748707482e-01 5.245268174009086737e-01 5.196826479267786514e-01 5.472842996804024862e-01 5.676114305312485175e-01 5.515105433507487831e-01 5.040400130371007759e-01 5.348457840229063898e-01 5.350667845621900343e-01 5.333229070569056596e-01 5.437071817302715493e-01 5.503878376975128717e-01 5.675148507089667893e-01 5.205370735815366690e-01 5.646013207430078396e-01 5.649223115086505764e-01 5.464943614125823412e-01 5.692959388973956036e-01 5.695198951704107948e-01 5.663486458929667400e-01 5.716625925247729167e-01 5.737110193888612653e-01 5.658892985047256907e-01 5.517127890689588199e-01 5.642442178715056933e-01 5.475599534582462624e-01 5.626019224561978893e-01 5.725588867351649736e-01 5.610750636467826125e-01 5.652841113844958576e-01 5.511778458046170392e-01 5.742536961772902737e-01 5.665537111469520770e-01 5.764877768607502562e-01 5.698579590425953967e-01 5.698753823806911312e-01 5.623086148896598857e-01 5.658390567412779903e-01 5.679340577589574446e-01 5.690120346264977425e-01 5.776022667541887978e-01 5.743081717107977324e-01 5.814619646902235983e-01 5.638664022564103817e-01 5.741663297560041235e-01 5.785945361760174155e-01 5.722804793331562889e-01 5.732919050992584253e-01 5.803038451407447340e-01 5.768972465197721444e-01 5.716416253245824031e-01 5.760465180075243774e-01 5.775719230594759113e-01 5.766188774044501697e-01 5.796325251163577663e-01 5.791693839697031887e-01 5.792971184005393237e-01 5.758745997099945502e-01 5.747228534122550414e-01 5.772580126064430495e-01 5.773445379594569493e-01 5.774065019169518642e-01 5.849795762262620658e-01 5.751469280628737080e-01 5.720704515582567540e-01 5.799256928653575560e-01 5.774421757347162343e-01 5.805201556148344988e-01 5.770566593975320346e-01 5.798340341003350717e-01 5.721715312129096453e-01 5.710471568882580229e-01 5.779339127921084840e-01 5.776245802197014223e-01 5.766516645870284341e-01 5.758870099272650478e-01 5.742397046108597136e-01 5.800477712140778008e-01 5.777661746344828764e-01 5.738444831036653149e-01 5.782716419507782923e-01 5.782016291271111497e-01 5.774836227995175930e-01 5.743291851639281687e-01 5.763754804962534228e-01 5.776493375853856138e-01 5.778180368947382073e-01 5.789672596670213389e-01 5.755569298810893075e-01 5.771989187859501991e-01
1.929090743736191008e-02 1.068716838909897077e-01 3.328046007495776282e-01 5.463730932842367771e-01 4.536335398741679348e-01 5.117652290917154012e-01 1.000000000000000000e+00 6.860677285090974742e-01 7.086675101431264556e-01 6.531512954054323750e-01 7.490740223833546318e-01 7.937439349928562260e-01 7.395056902835882573e-01 7.346004602450235677e-01 8.351702600660729781e-01 7.933559632153548424e-01 7.027247841816298690e-01 6.503791288448366181e-01 6.723848148997487728e-01 5.434632855541380314e-01 6.093816293968157272e-01 7.127392609682055014e-01 6.710620731736869349e-01 6.155681434626445458e-01 6.948700217396152068e-01 7.757989493435321071e-01 7.823758035182338810e-01 7.807497789169334235e-01 7.525693133098965149e-01 7.689391370492328903e-01 8.161257985224911193e-01 7.553590648337615843e-01 7.485902548022882463e-01 7.400163762913821719e-01 7.622088691578485786e-01 7.607366036512686058e-01 7.848274515815737429e-01 8.027767463655549607e-01 8.121862526221188538e-01 7.609247746503381427e-01 8.116263574494260169e-01 8.187898434811042847e-01 8.017116303288440715e-01 8.235781560347898989e-01 8.153592001913612108e-01 8.265192918797298338e-01 8.187390914346404092e-01 8.189616609637525579e-01 8.045880722232521265e-01 7.826960811938330487e-01 8.084660717632526916e-01 7.813786829939606271e-01 8.033725415640328160e-01 8.137061761240971247e-01 7.968696122106833091e-01 8.112682556859568406e-01 7.809789726391719311e-01 8.173643024984134087e-01 8.052186583340731341e-01 8.216281832283509612e-01 8.137162031714807453e-01 8.164097661635276726e-01 7.987265971969602640e-01 8.159024430411430107e-01 8.114723384781757920e-01 8.055046733952591076e-01 8.208918518436855161e-01 8.121412438155195535e-01 8.122354988801444575e-01 8.006459388562020552e-01 8.130843293342302491e-01 8.173678218593269929e-01 7.860085996971033495e-01 7.963952103017748474e-01 8.267644093606707489e-01 8.254545097408724219e-01 8.281973467123425747e-01 8.211393587377640024e-01 8.258361442913288997e-01 8.207047395684811120e-01 8.230091586567506168e-01 8.268587122939834444e-01 8.161071359634909372e-01 8.229384181806713716e-01 8.161847822760742721e-01 8.044659126390141246e-01 8.200940649916168557e-01 8.261950947352499908e-01 8.301944895399760993e-01 8.151299018563248344e-01 8.250179492533048498e-01 8.287953779089356487e-01 8.272707919482901184e-01 8.300771416360416266e-01 8.239840052149350891e-01 8.250522199051764094e-01 8.099968338343772611e-01 8.020892886231413277e-01 8.208474196395834088e-01 8.252737524749726994e-01 8.309899048775872821e-01 8.159521198460679692e-01 8.209028677747662872e-01 8.304032560552061515e-01 8.201895822629592381e-01 8.019427101779262879e-01 8.198410869040142490e-01 8.221537383457313553e-01 8.206488449785726003e-01 8.211960374256770390e-01 8.195982767968131855e-01 8.256462670087991729e-01 8.207919452870501287e-01 8.215713294317324999e-01 8.190076955095086930e-01 8.184640217995100553e-01
4.261824079986328319e-03 8.483397366380639182e-02 3.116869978934361241e-01 5.521611266999600920e-01 4.374451900704821594e-01 4.396496313547274548e-01 6.860677285090974742e-01 1.000000000000000000e+00 6.719212769681306430e-01 6.146214786536614572e-01 6.995474488346027364e-01 7.493685335992980034e-01 6.818198784937149481e-01 6.769436592406008479e-01 7.646948950291894143e-01 7.782914245122831698e-01 6.869481196837140535e-01 6.288965170353989498e-01 6.402135688074254150e-01 5.660072348699760614e-01 5.960813366910765465e-01 6.888838810243793631e-01 6.374066942218959975e-01 5.892703745468496068e-01 6.614509529442506031e-01 7.261171790272429316e-01 7.336409734422310036e-01 7.338733065696585456e-01 7.219677276600209304e-01 7.270455878295943863e-01 7.620963631386884485e-01 7.244304187005401463e-01 7.025748256066842723e-01 7.107480957787438713e-01 7.064219120202303026e-01 7.212359695964799533e-01 7.341954472144196497e-01 7.549110838542285595e-01 7.659115467098679408e-01 7.185934220748371182e-01 7.644421846633003836e-01 7.800217646634608482e-01 7.649125836391993394e-01 7.797038080658392767e-01 7.628025987339839276e-01 7.721590474627705314e-01 7.802080507515641861e-01 7.730631997983954395e-01 7.766602626239065277e-01 7.702568902259536721e-01 7.800498432165063889e-01 7.539381355548936403e-01 7.688006674226705028e-01 7.732726934475777636e-01 7.728302298262604841e-01 7.643232744441421644e-01 7.642636616827183094e-01 7.824097990151026583e-01 7.805282423079279441e-01 7.763322202901131730e-01 7.815976440354954757e-01 7.831660747494139097e-01 7.751702446220882781e-01 7.822488445235213916e-01 7.706738309325170677e-01 7.679257054864820908e-01 7.782916963257384690e-01 7.664615798201183106e-01 7.721031349037691394e-01 7.738525689741114766e-01 7.744608680557690805e-01 7.767426211284979010e-01 7.466096881660319040e-01 7.545687163649501539e-01 7.795727529089282459e-01 7.783215015266021775e-01 7.828658464672708650e-01 7.797120411140360252e-01 7.776570549165359170e-01 7.721154051471014190e-01 7.724677701704228960e-01 7.789396037022865427e-01 7.784146204462077945e-01 7.747453021658409211e-01 7.808226652172900462e-01 7.644837794349198523e-01 7.709214868339872018e-01 7.843267544834763294e-01 7.833811010629420091e-01 7.769731868011764409e-01 7.767693157034849527e-01 7.838627361448718966e-01 7.804953327522254902e-01 7.843498268657200789e-01 7.813949587522123208e-01 7.801260008610041430e-01 7.862583324922937100e-01 7.782469543060371864e-01 7.856031570147248289e-01 7.859199191867233258e-01 7.895824720375529404e-01 7.894873403036734016e-01 7.800916750437529856e-01 7.883160500091758172e-01 7.857598706234157904e-01 7.767130816074898636e-01 7.855540378588073969e-01 7.786769951645950982e-01 7.814382285664891459e-01 7.817381408759441763e-01 7.840019161028123351e-01 7.814062400010899356e-01 7.836521940264600250e-01 7.866527129324399903e-01 7.769236272676856014e-01 7.787273392981248765e-01
8.980604283814988542e-02 1.795043711682601240e-01 3.149722040433937109e-01 5.387108823935110591e-01 4.509543454294310250e-01 4.964655496475516849e-01 7.086675101431264556e-01 6.719212769681306430e-01 1.000000000000000000e+00 7.162003082776124963e-01 7.738573773159148628e-01 8.112085393782516585e-01 7.588893961639210373e-01 7.552434864430416228e-01 8.300125807509423081e-01 8.211255605763486676e-01 7.656112299436379498e-01 7.170711454452978195e-01 7.424612089889911504e-01 6.002410130506047325e-01 6.090379081478958234e-01 7.459234884470095084e-01 7.655776596594120464e-01 6.977194721679162992e-01 7.646383384721715526e-01 8.175149645563020151e-01 8.212306917832307152e-01 7.989935384562616427e-01 7.931691956787773057e-01 8.360842730513968757e-01 8.522568861598429635e-01 8.157944746732296304e-01 7.584445556713168557e-01 7.805216303070149353e-01 7.960976687551708508e-01 7.759468018812494261e-01 8.090484843377139246e-01 8.195419107360017996e-01 8.339449667846232650e-01 7.612462664793738787e-01 8.498843134659990195e-01 8.333675250220399233e-01 8.038887994652965663e-01 8.446315642494176545e-01 8.361931358986154361e-01 8.403776059602778847e-01 8.561372310644246308e-01 8.660947949422641567e-01 8.458650957595537090e-01 8.148560475823217741e-01 8.381734436828544021e-01 7.997601572145591753e-01 8.375398255180517282e-01 8.667752487284091645e-01 8.388664592567177669e-01 8.503886560644889903e-01 8.243215141022649517e-01 8.451263045962085219e-01 8.430559977312799269e-01 8.634285391181590885e-01 8.535664295538127888e-01 8.499471144066892414e-01 8.293630621000197545e-01 8.473845679467392200e-01 8.508414475853458558e-01 8.553374697489624090e-01 8.636683030760777813e-01 8.601697657785508655e-01 8.646669893545749774e-01 8.450253720054170525e-01 8.505252456624533552e-01 8.639749724303255052e-01 8.448417259921051636e-01 8.514079484976193601e-01 8.649733455188645115e-01 8.616563042838617514e-01 8.618772298959790357e-01 8.628763196408175684e-01 8.635621117480436482e-01 8.677975331095345579e-01 8.619479725060110731e-01 8.644147338638239475e-01 8.596391847500517436e-01 8.584481060721173007e-01 8.512637047027322712e-01 8.499051704042095423e-01 8.510343992107184397e-01 8.617397940083960650e-01 8.600228032951638957e-01 8.656823459797330367e-01 8.458097673576838726e-01 8.615742314103739252e-01 8.543149459354296704e-01 8.615996163017319853e-01 8.634224788769996328e-01 8.659654163827347206e-01 8.424294403961550826e-01 8.496421802446602056e-01 8.635857473187346089e-01 8.583011752071219025e-01 8.537644357164690945e-01 8.570851473566671874e-01 8.585198468117668513e-01 8.589807199600908438e-01 8.546334705989824254e-01 8.509481090517402313e-01 8.620312268972115666e-01 8.665110889596182586e-01 8.644864618140183365e-01 8.623238451139271232e-01 8.561493412957575933e-01 8.668131161651296823e-01 8.607203933201242885e-01 8.626472119679976513e-01 8.581992342993519651e-01 8.633883976181083719e-01
1.917013327323094027e-02 1.644682940456752840e-01 2.943422246274725040e-01 4.687940918705824633e-01 4.061508511983156766e-01 4.547210135649794593e-01 6.531512954054323750e-01 6.146214786536614572e-01 7.162003082776124963e-01 1.000000000000000000e+00 7.089598159900769581e-01 7.345448141854713509e-01 6.849851325156036674e-01 7.126923216838662034e-01 7.658326568569313597e-01 7.563985985510840448e-01 6.915554848158750323e-01 6.398527995507766741e-01 6.748684643050852916e-01 4.906012656778633851e-01 5.108841929060565779e-01 6.471195764595877309e-01 6.761457334872312819e-01 6.281952942390017780e-01 6.829339409751024048e-01 7.432642561964890593e-01 7.559170147782893201e-01 7.215836465950684619e-01 7.174018765228249439e-01 7.502753406858554408e-01 7.748053914821397825e-01 7.402181880358024157e-01 6.904500946917845328e-01 7.011082299809496821e-01 7.242072763354896470e-01 7.029514004859600540e-01 7.294726582915180835e-01 7.568474486189751271e-01 7.563935537490346084e-01 6.987356575809183790e-01 7.806820656552293514e-01 7.611255038842599241e-01 7.252291613873741438e-01 7.657433046564567913e-01 7.596215632779789173e-01 7.711753330620058078e-01 7.865009388157288006e-01 7.965501183053335099e-01 7.739610129886068668e-01 7.377956433815561210e-01 7.655819662781594426e-01 7.099661267760899452e-01 7.600090511611379274e-01 7.905400511593864143e-01 7.693072726114179583e-01 7.823710100829199821e-01 7.435360832495693240e-01 7.708162653802632658e-01 7.749989157399311823e-01 7.872849998314649378e-01 7.767861255708388146e-01 7.768443461356555613e-01 7.611865798998330712e-01 7.704032902351289902e-01 7.707954415443558638e-01 7.712381983691279919e-01 7.913715707090341889e-01 7.880541672475191994e-01 7.865094010376059153e-01 7.579373636197929143e-01 7.693072333187891410e-01 7.830056533763025683e-01 7.691564670261049619e-01 7.706744404722213337e-01 7.891353896860220374e-01 7.933831708758019019e-01 7.866690607469417618e-01 7.884001319074183112e-01 7.887283827080762144e-01 7.942800662285530722e-01 7.863208507402960068e-01 7.916454372763497283e-01 7.825370757102810826e-01 7.867024274520304505e-01 7.749852248562227874e-01 7.742241987910567502e-01 7.768843981565829448e-01 7.931103990361800804e-01 7.868416581028473411e-01 7.922921676482316267e-01 7.749449364383755867e-01 7.909327672469197434e-01 7.866940688725218012e-01 7.881892243639543327e-01 7.934000651810423355e-01 7.950775853924202385e-01 7.702126392197076177e-01 7.697263538303836805e-01 7.900679961752122837e-01 7.862470967826790114e-01 7.779242656624644203e-01 7.843824304041790985e-01 7.838680029959022022e-01 7.850658558046134106e-01 7.737175441605183002e-01 7.742164347406350622e-01 7.890384912606580592e-01 7.955210731724110529e-01 7.944239615434993684e-01 7.934539432737747200e-01 7.891738359690280147e-01 7.921334081152290318e-01 7.908472345342304477e-01 7.882356819380856860e-01 7.847437527964903348e-01 7.854317798367206338e-01
1.740801719032981226e-02 1.347261601067656911e-01 3.553032530172283709e-01 5.769818882989581343e-01 4.657808731625950327e-01 5.065507128395063674e-01 7.490740223833546318e-01 6.995474488346027364e-01 7.738573773159148628e-01 7.089598159900769581e-01 1.000000000000000000e+00 8.528771695401659025e-01 7.731890406470581789e-01 7.779443617096605257e-01 8.590434217748251777e-01 8.415571918121218520e-01 7.715940357762181012e-01 7.249112453577096771e-01 7.372336513522342871e-01 6.056898798213100621e-01 6.591437866254473699e-01 7.695452192043497064e-01 7.398864457299832997e-01 6.934213077851905105e-01 7.628000710326605649e-01 8.402276339070531286e-01 8.494264902039827536e-01 8.335851337976620812e-01 8.048398305326094349e-01 8.278980473475706647e-01 8.731538332416488579e-01 8.364549733928595687e-01 8.026758022564600692e-01 8.098901551125836651e-01 8.135357409785314298e-01 8.250930668214684349e-01 8.430984717548001273e-01 8.584384470753960716e-01 8.717226061878784460e-01 8.202360135322561696e-01 8.755086520716204301e-01 8.724818835446117582e-01 8.472367001749441240e-01 8.800547099233910764e-01 8.758522688200368611e-01 8.720686857614180498e-01 8.836839397884830305e-01 8.840459790429544551e-01 8.759730395498939171e-01 8.566216778009195787e-01 8.805285909655440335e-01 8.494316430234241100e-01 8.676145458052528792e-01 8.805888165068286311e-01 8.699160404824297643e-01 8.785300075934363573e-01 8.518049400837777174e-01 8.774994395956844384e-01 8.772112860669556422e-01 8.845154581933614146e-01 8.787964095302265299e-01 8.801705417778418195e-01 8.651409997292194287e-01 8.742759580810960385e-01 8.776354823343610612e-01 8.706323765625025857e-01 8.855520313086906459e-01 8.758222342739078181e-01 8.799111120564937494e-01 8.690024555206964374e-01 8.774093528058672931e-01 8.841264217652917701e-01 8.604214116881945262e-01 8.694553522937916723e-01 8.880882160910212875e-01 8.881838517566287283e-01 8.856550057442074131e-01 8.805616294941663869e-01 8.787857910792625793e-01 8.824543089852552313e-01 8.851773737109285278e-01 8.894859815488156407e-01 8.861486259782617170e-01 8.815031156181434291e-01 8.819997008055017185e-01 8.748058835233409880e-01 8.855314839246110070e-01 8.862598554433499531e-01 8.884413822318543152e-01 8.819612084943695418e-01 8.831875149088478372e-01 8.899827995497391342e-01 8.897210661171816026e-01 8.891545137945736643e-01 8.886022526028741764e-01 8.888484761098559561e-01 8.750102008451343671e-01 8.693055574408988795e-01 8.853548466023111185e-01 8.892964524629560774e-01 8.861720102775507701e-01 8.821030372463850577e-01 8.850603155419950463e-01 8.896378977132410881e-01 8.859651029484549856e-01 8.702996613392401937e-01 8.854529237037814804e-01 8.875710507977500052e-01 8.862485120229635083e-01 8.869080403471629737e-01 8.844537629400470724e-01 8.895323531037879761e-01 8.855429887520521737e-01 8.857173786926424430e-01 8.880547113869313725e-01 8.839481730607814391e-01
1.162051129676755501e-02 1.224200524643120069e-01 3.725373705293975601e-01 6.494425271904584740e-01 4.709127672672964726e-01 5.418155008102646386e-01 7.937439349928562260e-01 7.493685335992980034e-01 8.112085393782516585e-01 7.345448141854713509e-01 8.528771695401659025e-01 1.000000000000000000e+00 8.133929366165391084e-01 8.245077285559281322e-01 9.065357420620817619e-01 8.932119550793286011e-01 8.223156726826735818e-01 7.555120564850912324e-01 7.601737423865451149e-01 6.685481012233799314e-01 7.256760922999363483e-01 8.159905761338527297e-01 7.567499625806971553e-01 7.095905160506267295e-01 7.920432592432545826e-01 8.790834012870554215e-01 8.947085726557094665e-01 8.771671529250623101e-01 8.366085731230027411e-01 8.641198432792662754e-01 9.242097308810871548e-01 8.657611564139992000e-01 8.386789917394450455e-01 8.451805535599004049e-01 8.446301043815558351e-01 8.707112633883562491e-01 8.890004549780613496e-01 9.044855910522734410e-01 9.145479234625821796e-01 8.684775028318169054e-01 9.207017920221952645e-01 9.262797758119674096e-01 9.069838322251202456e-01 9.359821518201157931e-01 9.227393880907137635e-01 9.211802279680756378e-01 9.355032804151547365e-01 9.303693060577181706e-01 9.288553695455185055e-01 9.130509555363499619e-01 9.340771601002778590e-01 9.163707579868397568e-01 9.222111195487808777e-01 9.285109608913729717e-01 9.235035277405083676e-01 9.251302954262335954e-01 9.171122129657465205e-01 9.348706751820331506e-01 9.307195205662535109e-01 9.377138746398779867e-01 9.365132807556799666e-01 9.376272285945449481e-01 9.236565446056074213e-01 9.358779972771320566e-01 9.324001548952588481e-01 9.293723686396101469e-01 9.327745273593798236e-01 9.189437220218047431e-01 9.226438495794001549e-01 9.243599928387876696e-01 9.292884678942879839e-01 9.290219032597462068e-01 8.986611054423080391e-01 9.093343896200332122e-01 9.364876472432502874e-01 9.335284690580303302e-01 9.341680048912028855e-01 9.257078763610727679e-01 9.281759868179829676e-01 9.261247748392625878e-01 9.301762921396805606e-01 9.378731547043930306e-01 9.341581666654971139e-01 9.253729483422463709e-01 9.273407335528612849e-01 9.173292175259827319e-01 9.325995431262159574e-01 9.329486196725045311e-01 9.370752315074525329e-01 9.286496228572340694e-01 9.302577757168956074e-01 9.386325174008008920e-01 9.390452097247438124e-01 9.392607547060373152e-01 9.375681475191337544e-01 9.353455501884722079e-01 9.300017139314915582e-01 9.259298645783556880e-01 9.370112350699357773e-01 9.387058881427101653e-01 9.392538364960958397e-01 9.344559931345591819e-01 9.384912081884868584e-01 9.407080132372330761e-01 9.424003928442880040e-01 9.247761893043425774e-01 9.359784459864722850e-01 9.338845882645973040e-01 9.310933298789526580e-01 9.371414712030949890e-01 9.337492887162849309e-01 9.400736141821069980e-01 9.352245247379628035e-01 9.374803759813193915e-01 9.384074740624051003e-01 9.376067033924417871e-01
8.663633900572811214e-03 1.283642807028703703e-01 3.199343188678142047e-01 5.574904235848620049e-01 4.715901609474034695e-01 4.957165978990452082e-01 7.395056902835882573e-01 6.818198784937149481e-01 7.588893961639210373e-01 6.849851325156036674e-01 7.731890406470581789e-01 8.133929366165391084e-01 1.000000000000000000e+00 7.593647237928443650e-01 8.379525164409301619e-01 8.252907821300661251e-01 7.302900752720199451e-01 6.760513192913515379e-01 7.026956339495575854e-01 5.884550396748542411e-01 6.120517049199576398e-01 7.207395642308265238e-01 6.982297026776845827e-01 6.437731333545316792e-01 7.253165005351219774e-01 8.021979444089580857e-01 8.081815512090562148e-01 7.876973733960256352e-01 7.532657009342014209e-01 7.919075657518140909e-01 8.327952436780846623e-01 7.790328933107868448e-01 7.410937576868311671e-01 7.487787974820664383e-01 7.650283752184271480e-01 7.736635677276377798e-01 7.981281775340789419e-01 8.062816464801746408e-01 8.204293269951439260e-01 7.659180869982818995e-01 8.426360324294390747e-01 8.392383549635339390e-01 8.216809654480360381e-01 8.474769124147636390e-01 8.359707796895621268e-01 8.366059879827515422e-01 8.516547395573914603e-01 8.530811054555778039e-01 8.376227771694122470e-01 8.104529700681744053e-01 8.360434307241370044e-01 8.144772710149714712e-01 8.363522059357570981e-01 8.535877959546026572e-01 8.308385437093892545e-01 8.392781163517449849e-01 8.166737980941479735e-01 8.482695907663238000e-01 8.352429375010829160e-01 8.586368106968489400e-01 8.488721452052055971e-01 8.481693468320439244e-01 8.302405491409146077e-01 8.437179213756779150e-01 8.376154609953604391e-01 8.423554510346062951e-01 8.518098397541965516e-01 8.423394461306111802e-01 8.456297967007725402e-01 8.357583924758968941e-01 8.403769948603870832e-01 8.449610437412756747e-01 8.206619958426546457e-01 8.305603137913970535e-01 8.551078386050741109e-01 8.519510464358791557e-01 8.514066027944399151e-01 8.436585333183155289e-01 8.479958933811122535e-01 8.482251668438194336e-01 8.471597263358712215e-01 8.539256166968915984e-01 8.433462527350275018e-01 8.461185757372570171e-01 8.442488436992188205e-01 8.339498767382574895e-01 8.441328883547534190e-01 8.516558267368835589e-01 8.517799024504101313e-01 8.488058454654044960e-01 8.407305414624217654e-01 8.565105217613392385e-01 8.513852139232226390e-01 8.538852812762883771e-01 8.568257959367484577e-01 8.562027544570744997e-01 8.448500929822446714e-01 8.396671022142518925e-01 8.534228214033857673e-01 8.547481373924149528e-01 8.565519122244543704e-01 8.486719651273503251e-01 8.559886821880552388e-01 8.583005224154903745e-01 8.534057446458713780e-01 8.372190329467567027e-01 8.531301525400856178e-01 8.561447830610262599e-01 8.550057698979264265e-01 8.534307449261651080e-01 8.498164775249122949e-01 8.593871349428015005e-01 8.535912346247176430e-01 8.540624039476972795e-01 8.518493524071649725e-01 8.532693882919087924e-01
