1.000000000000000000e+00 1.410600315153789919e-01 1.222393210853248285e-01 6.694154202669547193e-02 1.928579287141826736e-03 -4.096497591030512885e-03 5.259680825923006287e-02 3.743050905155650976e-02 1.151950301565790452e-01 8.455263635535935351e-02 4.554975713744148502e-02 2.933760674621618131e-02 3.024021868222389817e-02 3.739267450922917606e-03 1.617986199511328022e-02 3.125924207720957165e-02 1.256396641986818885e-01 1.251413532703150866e-01 7.765762062626842266e-02 8.924368388076095449e-02 2.606520227354760730e-02 3.746457299260457646e-02 8.953467505437269491e-02 1.046513304734380950e-01 9.113204820262739425e-02 1.172329603484514315e-01 9.316082585955146045e-02 6.852906293729374432e-02 1.128385736545796797e-01 1.229911700952053266e-01 9.392357913441301553e-02 3.585409942925354282e-02 1.442301000546065103e-02 3.358235149036582767e-02 6.251850063980966821e-02 3.977298324481517294e-02 6.658253760288775081e-02 -1.607875171611861456e-02 2.422794612522297455e-02 -5.597062827390950762e-02 1.177885345542223003e-02 -1.477269215352193348e-02 -3.903077113868853171e-02 1.558938686024097069e-02 2.615484055574373093e-02 -1.153137031124282447e-03 8.841000465966539559e-03 1.283788890215410358e-02 1.055435604774620367e-02 4.853102064344691664e-03 1.158647339250170986e-03 5.789903064235545072e-02 5.060192517264686107e-02 3.413663805498653309e-02 1.920697182152071233e-02 1.173150051721346884e-02 4.994672900592627557e-02 3.866979532926548366e-03 -8.234462653098824705e-03 3.150678465308618531e-02 5.344630596714032740e-03 1.994403698325132243e-02 2.325610074587805640e-03 4.096813576484729241e-02 5.527750156453612590e-02 5.765343403021980229e-02 2.676189949522069997e-02 3.763028840561676025e-02 3.665607107951633636e-02 2.648496834860202334e-02 6.230431499813578362e-03 2.544954122774974528e-02 4.189969583336525250e-02 3.825873378855691037e-02 4.758389581619676401e-02 3.692400839900911169e-02 3.096559981861579311e-02 5.787006927302788817e-02 3.663522326084973912e-02 4.451012021001347907e-02 2.994126908648970728e-02 3.763837086869681325e-02 3.188707668597531159e-02 2.490765846533089800e-02 1.792420711275683268e-02 2.883090855210686948e-02 3.144439968078523162e-02 5.378919512086379612e-03 1.718330181941889884e-02 2.221196226907351176e-02 -2.852192778579662902e-03 -1.965787890949421968e-03 1.061606356544707655e-02 2.249416418900445323e-03 6.821633037216823063e-03 7.282693578726510096e-03 -5.272854320247443577e-03 4.617807403721127524e-02 1.117335522748249405e-02 3.729950580971056091e-03 -1.407423688208187494e-02 1.156405537230117096e-02 3.022250240940677415e-02 8.996058334226970238e-03 2.723854808062817559e-02 3.891026126835666482e-02 2.595976741685977057e-02 1.316231039815845064e-02 1.211365490836064859e-02 9.352382269804117645e-03 -4.872962284297119480e-03 3.113002140305745277e-02 1.433804354695817143e-02 2.895458504002316330e-02 3.427609620552310443e-02 3.921508366256894890e-02
1.410600315153789919e-01 1.000000000000000000e+00 1.034106287482339098e-01 8.197364165197858210e-02 6.084737339894275010e-02 7.199412958834766618e-02 1.311716366559110558e-01 1.252673567117135733e-01 1.785507302112018524e-01 2.486301822240419845e-01 1.545939837797448702e-01 1.307186825697795318e-01 1.369905175302756906e-01 1.181523409668714109e-01 1.547435847491111793e-01 1.341695468128225599e-01 1.637125702536919580e-01 2.469401657046140786e-01 2.158411654552486181e-01 1.015535917826377865e-01 5.151763532175309551e-02 1.244718736027543848e-01 2.505460289122919959e-01 2.398572370725770009e-01 2.497332652089100380e-01 2.382316427420704819e-01 1.956447737437583545e-01 1.780648858670220713e-01 2.436683709651934759e-01 2.256588291757311293e-01 2.007115892910715516e-01 2.042257485790875127e-01 1.815206025373197751e-01 1.943459188819963157e-01 1.908071351080696254e-01 1.716762606092749888e-01 1.886691121564210150e-01 1.506236190001311037e-01 1.764423321862339245e-01 1.249654606220680642e-01 1.564246772060333968e-01 1.375981744452255129e-01 1.138895182263793687e-01 1.386025355543190896e-01 1.636025837110272330e-01 1.536140257028990319e-01 1.526669274561822387e-01 1.576063268795830363e-01 1.487911387489774806e-01 1.254014757165734795e-01 1.417245340835151801e-01 1.313207337291671661e-01 1.520553223689957711e-01 1.737760122858699185e-01 1.651539635386745919e-01 1.738742853024901891e-01 1.433834047400283362e-01 1.355278658030291405e-01 1.443752186283987771e-01 1.575376784813637132e-01 1.392878339235383012e-01 1.497066627512039505e-01 1.232790129624877773e-01 1.564676671461635860e-01 1.580358483179256091e-01 1.607848352901969646e-01 1.621497707104101182e-01 1.895877024007718292e-01 2.046786636468374554e-01 1.452871532510728869e-01 1.395104669261768571e-01 1.712897941294136972e-01 1.996604570195198158e-01 2.002975669571275541e-01 1.887194423033802249e-01 1.788856404883439888e-01 1.826295064673312818e-01 2.096784701985765220e-01 1.858631148259847765e-01 1.977716968158844957e-01 1.820455642576412625e-01 1.786612455590419202e-01 1.694954583372931811e-01 1.789970901293012895e-01 1.638879330225439246e-01 1.787909472665639710e-01 1.740850627051627741e-01 1.617042788355714522e-01 1.696105972797767314e-01 1.806851026097503754e-01 1.596016728021255049e-01 1.471844427507924824e-01 1.532613196033419667e-01 1.528735415288598187e-01 1.539480936576496373e-01 1.567221233821025350e-01 1.305642710071453771e-01 1.368804053474257931e-01 1.477684438753921747e-01 1.451350122564521727e-01 1.366016960615808185e-01 1.403369375489499915e-01 1.507974874315106406e-01 1.436513683812374875e-01 1.499327093765807362e-01 1.558116520896717094e-01 1.555909232112299978e-01 1.623708282526335200e-01 1.651515884625177899e-01 1.515412330829791487e-01 1.471007721381130673e-01 1.623145116966331070e-01 1.535842231409959846e-01 1.527781284218173163e-01 1.540974192907565987e-01 1.541772186926565757e-01
1.222393210853248285e-01 1.034106287482339098e-01 1.000000000000000000e+00 3.418720770969663203e-01 2.230254143096584429e-01 2.461479598382070866e-01 3.763366917828353531e-01 3.448166433841709511e-01 3.900738169023005297e-01 3.189470667862913666e-01 3.856162231583042388e-01 3.978056826730048678e-01 3.513743468376453460e-01 3.300098646191112484e-01 3.999905149268960791e-01 3.785258446253385589e-01 3.767317817846389527e-01 3.919787771600850568e-01 3.861503518583251360e-01 3.429867157391546240e-01 3.497261366668785176e-01 4.106455274410830136e-01 3.862709063835471079e-01 3.804972981614503369e-01 3.936609900913227156e-01 4.150037758011791422e-01 4.221418159255687641e-01 3.998904609823163425e-01 3.994934390847428851e-01 4.126074724272251748e-01 4.361765563790775402e-01 3.975080043821420106e-01 3.533778258650346893e-01 3.988466191040792030e-01 3.927812815786406175e-01 3.767393630336638988e-01 4.187134370029982344e-01 3.652846101160350800e-01 4.077768882062237643e-01 3.441471510981288229e-01 3.866914941014850671e-01 3.848091359358934427e-01 3.631640243153357872e-01 4.007054898950474509e-01 4.099309807152017870e-01 3.978822436828529652e-01 3.807647644733441195e-01 3.841256361542969011e-01 3.766315817434565116e-01 3.709608134197238671e-01 3.823689119058470975e-01 3.839755718817371988e-01 3.872489777217178464e-01 3.865534621468445509e-01 3.816779561011027777e-01 3.791732605358159591e-01 3.836841857308470050e-01 3.813917202881774160e-01 3.695285799527006643e-01 3.900031696815706717e-01 3.814247240770565761e-01 3.790402750562354428e-01 3.779311948621593142e-01 3.902707054741930692e-01 3.913166960757798463e-01 3.942198371894922171e-01 3.940584556951134410e-01 4.087963876208281500e-01 4.072328466461649366e-01 4.066547862203029329e-01 4.039772072026747707e-01 4.075862821665630076e-01 4.129655949671225956e-01 4.091371817476887607e-01 4.131999788396973350e-01 4.063761479411586719e-01 3.980546540591715643e-01 4.064575255675689225e-01 3.997229553761827980e-01 4.053908311017688226e-01 4.003001070162489627e-01 4.130475772621253205e-01 3.972627989019616446e-01 3.939419350113405605e-01 3.972285619280097602e-01 4.076525118077892751e-01 4.080923320316485747e-01 3.941851790833832969e-01 4.013673412765685344e-01 3.932586942644860639e-01 3.916552777542924302e-01 3.899037783417071967e-01 3.979591970650702693e-01 3.942633263693268164e-01 3.849758167248790164e-01 3.846079138418616039e-01 3.840505245336184870e-01 3.894455023600541521e-01 3.862119996351738305e-01 3.909074800213010459e-01 3.855656276892929224e-01 3.918142313602853144e-01 3.952005413314307880e-01 3.890542032368101699e-01 3.938905078185659936e-01 3.931090398834855004e-01 3.918641456222218267e-01 3.884780376443905392e-01 3.911084626764830263e-01 3.913522314840723881e-01 3.823858043788219141e-01 3.908637615531903031e-01 3.885985701474302667e-01 3.939493132197446901e-01 3.925802817274472445e-01 3.935861488477159220e-01
6.694154202669547193e-02 8.197364165197858210e-02 3.418720770969663203e-01 1.000000000000000000e+00 3.803310321927045878e-01 4.212664862464167714e-01 6.169848891905824750e-01 6.011196804722612752e-01 5.437958922021576269e-01 4.459174565881307561e-01 5.857118128010436742e-01 6.655523404168099955e-01 5.519950823859902655e-01 5.118604250683068679e-01 6.156289110783920160e-01 6.234147232667573979e-01 5.361242693171043294e-01 4.396505928380452510e-01 4.635398244324710482e-01 5.814828317745089903e-01 6.470301530678173041e-01 6.254488326892574390e-01 4.026721609928629042e-01 4.036521258734053208e-01 4.581474057539040023e-01 5.129451026578694117e-01 5.610213874123313182e-01 5.567936569344070774e-01 4.915303092094009951e-01 4.947051812500876111e-01 5.724720282590706200e-01 5.387818355196433151e-01 5.196385757859354193e-01 5.406798937872515642e-01 5.200919155581849029e-01 5.462304873226310198e-01 5.593578558466453243e-01 5.841615145781373641e-01 5.969494484769717335e-01 5.762527875600589322e-01 5.937038448592930617e-01 6.051739907638435945e-01 6.040741229219207531e-01 6.280374561142145762e-01 6.057040543506364560e-01 6.087137969954274919e-01 5.811646921485998929e-01 5.786866609812955087e-01 5.820982493853140705e-01 5.982102397245823155e-01 6.031338054655961400e-01 6.216020862644250355e-01 6.122227014934769063e-01 5.538718620016870320e-01 5.653451872176875614e-01 5.655500006509812660e-01 5.720494431645507527e-01 5.980653111749218986e-01 5.702708133668092927e-01 5.861241092770045347e-01 5.939327960225677661e-01 5.740931056450430114e-01 5.965523075671376185e-01 5.763680771298110850e-01 5.881581406097613485e-01 5.855424702518549074e-01 5.830157382279524958e-01 5.694949020642635640e-01 5.494639747147684883e-01 6.478482161145210361e-01 6.409379038426675779e-01 5.962315977642295151e-01 5.612509187885892370e-01 5.650510973888636101e-01 5.891950594231768479e-01 5.924647585539365435e-01 5.747198285721248912e-01 5.471753956017469944e-01 5.695374225651049782e-01 5.564243913835824618e-01 5.779325741183478637e-01 5.935139010951704375e-01 5.804413420611311825e-01 5.588105217963019733e-01 5.992887303570613167e-01 5.832133173999586306e-01 5.839458511280676278e-01 5.953063526792761184e-01 5.909579422374534596e-01 5.632006308930744831e-01 5.930274156962912491e-01 6.009699917563048333e-01 6.036365804685664971e-01 6.037662769211861180e-01 5.858319708081662913e-01 5.818099806104954919e-01 6.126500434575024023e-01 6.045548979306599735e-01 5.938437810596127742e-01 6.126205631747808633e-01 6.095219106500341377e-01 6.113095217143398319e-01 6.081944444782225734e-01 6.060548949491048054e-01 6.069436585134800888e-01 5.841553637556125000e-01 5.916284839500709491e-01 5.792922315437749603e-01 5.822168101658732331e-01 5.989345025530021793e-01 5.945622021995264905e-01 5.828959615971489594e-01 5.924395222782188331e-01 5.973071130837975806e-01 5.931239695724165317e-01 5.967443430078662736e-01
1.928579287141826736e-03 6.084737339894275010e-02 2.230254143096584429e-01 3.803310321927045878e-01 1.000000000000000000e+00 3.413084214554483742e-01 4.550769187003654292e-01 4.825183567149345376e-01 4.345804151877771804e-01 3.707133009692277215e-01 4.611643434511682460e-01 4.745062393033724901e-01 4.776305888707166880e-01 3.999572912427655225e-01 4.888552511268680623e-01 4.927788036598629295e-01 3.920868859288787478e-01 3.446083165137455717e-01 3.684667339779745254e-01 4.035854245599336254e-01 4.480378934734415841e-01 4.619249423552941325e-01 3.480238197471055006e-01 3.439502800773527880e-01 3.714330288927874535e-01 4.253215389915740441e-01 4.366022212828082338e-01 4.159974689783860757e-01 3.706347601162165439e-01 3.943000842783450643e-01 4.494776796952719700e-01 4.267982985128289108e-01 3.898059814142074697e-01 4.207107278040792542e-01 4.074604135292506091e-01 4.158018162336899470e-01 4.347656424817333276e-01 4.444557578394028319e-01 4.591953603163123621e-01 4.496329271911608250e-01 4.782246164032057933e-01 4.863506281915004337e-01 4.954970786378276038e-01 4.914183563831070467e-01 4.737679615633413888e-01 4.739193200796780192e-01 4.747789860598468636e-01 4.739128349115618866e-01 4.581963076018355507e-01 4.490120122517697876e-01 4.709048864439991933e-01 4.617417667459775554e-01 4.800002831170544493e-01 4.563587079524220047e-01 4.567899783677383252e-01 4.539069227501174586e-01 4.391632257974492082e-01 4.836746551335172062e-01 4.574642131562596803e-01 4.771631231512501459e-01 4.753066305402686709e-01 4.594865472766772596e-01 4.665929759544854005e-01 4.482362841852155499e-01 4.573279341067504888e-01 4.582591204808981189e-01 4.713474730275056257e-01 4.651149874871436940e-01 4.554805835462412689e-01 5.051375665375852364e-01 4.982429302642167879e-01 4.769206542390000414e-01 4.611256977523335854e-01 4.623783568481478756e-01 4.773557769165616693e-01 4.701938972144081852e-01 4.595096265857273599e-01 4.388343861840782734e-01 4.619383440400811058e-01 4.565147885232999636e-01 4.641213396822871373e-01 4.756278785629645123e-01 4.664143446424169337e-01 4.548219182822504925e-01 4.720504941796659915e-01 4.657962506424428439e-01 4.663633806685579253e-01 4.761416202346796522e-01 4.728311411036065226e-01 4.656340830119533036e-01 4.713764014036682104e-01 4.859516229930307962e-01 4.842977557868305971e-01 4.854813408023698207e-01 4.792874366005374087e-01 4.781464387231573188e-01 4.836099602395758090e-01 4.590758081084646003e-01 4.791034115483804312e-01 4.893278647477343202e-01 4.958696424534873581e-01 4.784776067176767511e-01 4.825621471638289472e-01 4.881185085763659615e-01 4.798237281904689233e-01 4.587989792383940224e-01 4.694612120901782149e-01 4.787152245416975704e-01 4.772477055149375591e-01 4.856813841825152744e-01 4.826243787106755390e-01 4.766716185160316255e-01 4.743650070593806167e-01 4.722445404891126852e-01 4.719971963096275536e-01 4.729498160799889828e-01
-4.096497591030512885e-03 7.199412958834766618e-02 2.461479598382070866e-01 4.212664862464167714e-01 3.413084214554483742e-01 1.000000000000000000e+00 5.297093076624922459e-01 5.088847652290521273e-01 5.375017595964970418e-01 4.805644336364898184e-01 5.567270753123310101e-01 5.982434321531175936e-01 5.476174360943497632e-01 5.029028000261835940e-01 6.035094943414238688e-01 5.886457251049038719e-01 5.180822700986764673e-01 4.332369874827616818e-01 4.838141081909156371e-01 4.203902605754898936e-01 4.770013770673651177e-01 5.539346958747066729e-01 4.573030787480724668e-01 4.333218311266602840e-01 4.835334363797504920e-01 5.257517567801909264e-01 5.552139425614998069e-01 5.597279309669702663e-01 5.116240064247831176e-01 5.159790947403661843e-01 5.675125652124584086e-01 5.558769516517980680e-01 5.305424698620175850e-01 5.558659055352300760e-01 5.450620426767487370e-01 5.547831520817978479e-01 5.722238288229490877e-01 5.812042712598848304e-01 5.976458602274292709e-01 5.706414396678959333e-01 6.053010636498360464e-01 6.077227271439200607e-01 5.993207512703268014e-01 6.142594738073210436e-01 6.080100929079760297e-01 6.065871568502174682e-01 6.045964132644384703e-01 6.073426060653697167e-01 6.022586436840295931e-01 5.912675864638652357e-01 6.016372231045552521e-01 5.891410506094810762e-01 5.966109401960157932e-01 5.958777940551085450e-01 5.921713508988351027e-01 5.918278672573015209e-01 5.868243134168460440e-01 6.033776371406283090e-01 5.922780911081848565e-01 6.044877679220761468e-01 6.141930388846006394e-01 5.970858298605709047e-01 6.047048978948867948e-01 5.913716324661021373e-01 5.992529230997947209e-01 5.963381303559550650e-01 6.100184098767879037e-01 5.985005759318743346e-01 5.914889408795438452e-01 6.055321739435508555e-01 6.139337524387317169e-01 6.113392383416339504e-01 5.869938637222780198e-01 5.949005745591310346e-01 6.041919586752626525e-01 6.080277655538379733e-01 6.004708074403317664e-01 5.873520887589495088e-01 6.016470229703909656e-01 5.902195725470439358e-01 6.022291220643101184e-01 6.089722959055402507e-01 6.051063872595749960e-01 5.967970785817110491e-01 6.112699789133324568e-01 6.051160261476632440e-01 6.079843516872172060e-01 6.120868945169629649e-01 6.094264541231360077e-01 6.023391436229165175e-01 6.146950896398425401e-01 6.203326742282864181e-01 6.192006662213270785e-01 6.201236620105008424e-01 6.138795389269889879e-01 6.128846540004611043e-01 6.173349979272355625e-01 6.042483674512182379e-01 6.152628745280088740e-01 6.194307880649240206e-01 6.220541711263908313e-01 6.164333395095377144e-01 6.132018224224244918e-01 6.181193305628032153e-01 6.123465278467935535e-01 6.014781432077839218e-01 6.111501824707971098e-01 6.078873114700723557e-01 6.087098809626794171e-01 6.165747942703121431e-01 6.133569786101178423e-01 6.060765563123898803e-01 6.083862724494958352e-01 6.114486371196152792e-01 6.090028729717897882e-01 6.064965887545298306e-01
5.259680825923006287e-02 1.311716366559110558e-01 3.763366917828353531e-01 6.169848891905824750e-01 4.550769187003654292e-01 5.297093076624922459e-01 1.000000000000000000e+00 7.201341988076745970e-01 7.126565639738544622e-01 6.435916870624850405e-01 7.520048320662268138e-01 7.934639447730058581e-01 7.213276652004658729e-01 6.574193027184629390e-01 8.498757639038077016e-01 7.857488234253507953e-01 6.700484661998107327e-01 6.318909872624899338e-01 6.832543363206551312e-01 6.279522159234828260e-01 6.670311843827607667e-01 7.716134712496707238e-01 6.705103227215295503e-01 6.333921760711836990e-01 6.958186939521968650e-01 7.640225157690506697e-01 7.887433924617055503e-01 7.864669116731860532e-01 7.413463155487369782e-01 7.311083368519093462e-01 8.009349470597852960e-01 7.477102935728725530e-01 7.421389214769005260e-01 7.449178909218286959e-01 7.437967829478359105e-01 7.324721702941219270e-01 7.771153709973864787e-01 7.728739218494256047e-01 8.005881574760920216e-01 7.720996499744910979e-01 8.056459229356263130e-01 7.980718312041454876e-01 7.867401273558193298e-01 8.106268250179153867e-01 8.071945307082944998e-01 8.158019914950114249e-01 7.753790315921772480e-01 7.783481625278385607e-01 7.677297446804071113e-01 7.611002467676936112e-01 7.837800997770749678e-01 7.516116935290582113e-01 7.894659439682374380e-01 7.545769782353224375e-01 7.623028665839691742e-01 7.703965940606066765e-01 7.374809510355539999e-01 7.787582895060981558e-01 7.535728597206332591e-01 7.759129258489433356e-01 7.748619536823075915e-01 7.537643347480116329e-01 7.637179725928004981e-01 7.507187418129460665e-01 7.561295372811200899e-01 7.613328399189442930e-01 7.798343577163387996e-01 7.864316550484865553e-01 7.813885487178320322e-01 8.051245607339381216e-01 8.079698228240227431e-01 7.985179140701124112e-01 7.823368229170144517e-01 7.854958913731391323e-01 8.091326898341507645e-01 8.041322252872639131e-01 7.983679650913326764e-01 7.831804828054126366e-01 8.005507547593029294e-01 7.808851936772840396e-01 7.919472423218980595e-01 8.036661952765229433e-01 7.773817765155666137e-01 7.851675064086218736e-01 7.921686441953488256e-01 7.884421939497620047e-01 7.943998832921072006e-01 7.968664864778777224e-01 7.962519302293233903e-01 7.760156388603079991e-01 8.073179926853560895e-01 7.981580866727572277e-01 8.001685864428071948e-01 8.062693333642867444e-01 7.805906643945720313e-01 7.790206868616761371e-01 7.846912278218569625e-01 7.551770195666724916e-01 7.794345192065570416e-01 7.969063186584094405e-01 7.950635506473019420e-01 7.828898011155288605e-01 7.861734273818276053e-01 7.892089415238244809e-01 7.808163846852905765e-01 7.578676965610405825e-01 7.731953936068599598e-01 7.794894056831254137e-01 7.859292121393450792e-01 7.881604279017622172e-01 7.816158814476080741e-01 7.742059308814580598e-01 7.731130637948346873e-01 7.748760169204308434e-01 7.726225608469876605e-01 7.702074973173304029e-01
3.743050905155650976e-02 1.252673567117135733e-01 3.448166433841709511e-01 6.011196804722612752e-01 4.825183567149345376e-01 5.088847652290521273e-01 7.201341988076745970e-01 1.000000000000000000e+00 7.049528511045562995e-01 6.141642091893056987e-01 7.243295563373642887e-01 7.739069864228528273e-01 7.140019677635246476e-01 6.395991148600671528e-01 7.843826842116814468e-01 8.140465484563668142e-01 6.564984858129807588e-01 5.817804146021453571e-01 6.121322554161071627e-01 6.343578571948227385e-01 6.954907962491537754e-01 7.437882970698536100e-01 5.755032642028624634e-01 5.474625266474989482e-01 6.138244394676715121e-01 6.768400222406830702e-01 7.074574937320313728e-01 6.990016563371906910e-01 6.410847821731755491e-01 6.523084985784018963e-01 7.146435065711991275e-01 7.046730723293702647e-01 6.736023788404933432e-01 6.933005694144357411e-01 6.891599591966922622e-01 6.905989133231237309e-01 7.014161634254880706e-01 7.647275742422150469e-01 7.611705946614123475e-01 7.238064841437243935e-01 7.656845244898790037e-01 7.830317278201830433e-01 7.654282316249731988e-01 7.913228394113058783e-01 7.595922109310156989e-01 7.694419670190737470e-01 7.641010340800169498e-01 7.672718735649318722e-01 7.675258219047670361e-01 7.609234338061682257e-01 7.808982443357929126e-01 7.458672454230783622e-01 7.655451064191478583e-01 7.512668899145389378e-01 7.660079641638548598e-01 7.581999289539325115e-01 7.483168485865603348e-01 7.843015082614319677e-01 7.715653993222617579e-01 7.654747199950218128e-01 7.780952953551676377e-01 7.662993374690684201e-01 7.828169196061319779e-01 7.582315999942200735e-01 7.531969740580458650e-01 7.573367873147912599e-01 7.609887192637391218e-01 7.511613790652305056e-01 7.399662561687576634e-01 7.949511793306568430e-01 7.939841185233939003e-01 7.700578776936907177e-01 7.377850957469164195e-01 7.431400975447233215e-01 7.625576411065803084e-01 7.642920686140132203e-01 7.504939679926168061e-01 7.301876862406359026e-01 7.485078310695587600e-01 7.422288514789309177e-01 7.507485958473533172e-01 7.609206229259092291e-01 7.590628487930218826e-01 7.498315822161483180e-01 7.719770651999544597e-01 7.547244885544560633e-01 7.512253565470603522e-01 7.794209723396697820e-01 7.698676064457589119e-01 7.549458665780691691e-01 7.637358755070194904e-01 7.790734021569725165e-01 7.735146413273071841e-01 7.766727458400777273e-01 7.700868522341640654e-01 7.672412177801887223e-01 7.835618420507388660e-01 7.639001553940089062e-01 7.755469340721075078e-01 7.875081371000380859e-01 7.828701710319460050e-01 7.897375083139718255e-01 7.746271178175906380e-01 7.854942911802356154e-01 7.675529237851947961e-01 7.600745580224332887e-01 7.739479156342420341e-01 7.675772334848054435e-01 7.712087489840726562e-01 7.829522508354263000e-01 7.814681145829519560e-01 7.642913970902256438e-01 7.745685139162948873e-01 7.714310001361569524e-01 7.618020125253127661e-01 7.649735844799115947e-01
1.151950301565790452e-01 1.785507302112018524e-01 3.900738169023005297e-01 5.437958922021576269e-01 4.345804151877771804e-01 5.375017595964970418e-01 7.126565639738544622e-01 7.049528511045562995e-01 1.000000000000000000e+00 7.337261218350190628e-01 8.031081811334416232e-01 8.315693576072472615e-01 7.724554432859261910e-01 7.093693398021488905e-01 8.467437094216337945e-01 8.330449790156883028e-01 7.865549014120155613e-01 6.745418080487811663e-01 7.161210616874961188e-01 6.083607497079400739e-01 6.429335691490475346e-01 7.715246840255628458e-01 6.967602015349799727e-01 6.602908302466071744e-01 7.273547498392258781e-01 7.760383084693454059e-01 8.058167903646478170e-01 7.996040566476353417e-01 7.676014062656201231e-01 7.778293275033971721e-01 8.254377619957732337e-01 8.062238549651667974e-01 7.487022352806612657e-01 7.992847556763911232e-01 7.979759885695231203e-01 7.988821172775067980e-01 8.191016399772578227e-01 8.181977151938663040e-01 8.502538391041852828e-01 7.686871435390272289e-01 8.560830189691849279e-01 8.528605263636553913e-01 8.178461707098078071e-01 8.669603324682859657e-01 8.584346933733828511e-01 8.479115696148868953e-01 8.748870167283157029e-01 8.808812434936841296e-01 8.710368714663229150e-01 8.273951479306461687e-01 8.555395150941796922e-01 8.447427903861342013e-01 8.711175808698889966e-01 8.803607483353359520e-01 8.660081536133054092e-01 8.619305951172880897e-01 8.683085097758275195e-01 8.712150562872752468e-01 8.578230808644476957e-01 8.849638058912143723e-01 8.752654232446186455e-01 8.733221603626747376e-01 8.621993850198977904e-01 8.749145210117987848e-01 8.763983970285811331e-01 8.838390629493132478e-01 8.811099553129005946e-01 8.678044192497655906e-01 8.629960018949368594e-01 8.573655029146431961e-01 8.634244111004971689e-01 8.748402688056799992e-01 8.530852331218997664e-01 8.613906008168817907e-01 8.718403853629769218e-01 8.740542686857156740e-01 8.671423076583584244e-01 8.596734001318964147e-01 8.686947553485818707e-01 8.713628733501104229e-01 8.746835580000968946e-01 8.780374862076024689e-01 8.766433629784576853e-01 8.670439522812461997e-01 8.646515275106790854e-01 8.707005298143188909e-01 8.706967944257801850e-01 8.712648889644870609e-01 8.769665653438731834e-01 8.759456603287090193e-01 8.559467135690785877e-01 8.746400976226089696e-01 8.757700056126221932e-01 8.733191382299969607e-01 8.792351800996387468e-01 8.800170524676428352e-01 8.550880322806049261e-01 8.651487985441750350e-01 8.760440054957432388e-01 8.727555213095272713e-01 8.690366399680686804e-01 8.741615486614393582e-01 8.822609349754657604e-01 8.790951875846092500e-01 8.792479165387449003e-01 8.734863637619514343e-01 8.774900775087360882e-01 8.787505812672907757e-01 8.749912716186460937e-01 8.784925164740635672e-01 8.716083733944094414e-01 8.824118157303656451e-01 8.784102624383535174e-01 8.805902746162950212e-01 8.804385344241607569e-01 8.836384819874135710e-01
8.455263635535935351e-02 2.486301822240419845e-01 3.189470667862913666e-01 4.459174565881307561e-01 3.707133009692277215e-01 4.805644336364898184e-01 6.435916870624850405e-01 6.141642091893056987e-01 7.337261218350190628e-01 1.000000000000000000e+00 7.290603748835909892e-01 7.442670353325049337e-01 7.074220038946742450e-01 6.274252168369501836e-01 7.778919491198944547e-01 7.438442589261541338e-01 6.983321924049330498e-01 6.229385421932439604e-01 6.519418239066184784e-01 4.915529943925094902e-01 5.152910704662977404e-01 6.723106412826282963e-01 6.784009803118458137e-01 6.173160189659318009e-01 6.842549540333801028e-01 7.470808934023304149e-01 7.565056345291033546e-01 7.521641805758084720e-01 7.345405706850989258e-01 7.444866583236636748e-01 7.773415721939630485e-01 7.603828117174703527e-01 7.224152141768823698e-01 7.450976108081163174e-01 7.547241755364079152e-01 7.310623013715682461e-01 7.688803960288569384e-01 7.635938309303894611e-01 7.871405951699622650e-01 7.142363512439351414e-01 7.965639906617916211e-01 7.790510237120965575e-01 7.362692823612145832e-01 7.823043634201988228e-01 7.827306595728484861e-01 7.820015805487144922e-01 8.043377536267438677e-01 8.139761989522581453e-01 7.996295147237548750e-01 7.425923639210870730e-01 7.793843597745510055e-01 7.397974437072888376e-01 7.856313103249450425e-01 8.117049248142796936e-01 7.945001194081484641e-01 7.995926313982675282e-01 7.772745587212950280e-01 7.945215182359577355e-01 7.872462390934809040e-01 8.094792445613198106e-01 7.941977789509033769e-01 7.967541651319068885e-01 7.711653954132861033e-01 7.938015042544107613e-01 7.921594995939912343e-01 7.998874633514329036e-01 8.085263317574559183e-01 7.993543226815690295e-01 8.100295987994007296e-01 7.696228206247055503e-01 7.765803102854844653e-01 8.032218257708877429e-01 7.892632550560597648e-01 8.003304878543134881e-01 8.143732694297562968e-01 8.152184878661283829e-01 8.105017694895754188e-01 8.088995550754457531e-01 8.125954943489581694e-01 8.172251831365623387e-01 8.118811138670267713e-01 8.149234583874920279e-01 8.073599995719165090e-01 8.119582487618014488e-01 7.925878341357500689e-01 8.019955047995093178e-01 8.061065794151504038e-01 8.070118421612919590e-01 8.088310732478984910e-01 8.150035332647068698e-01 7.984198240875134411e-01 8.039035495225408390e-01 8.046154373321425801e-01 8.050584298717662346e-01 8.108843644551342322e-01 8.122012382543478681e-01 7.743762170368817532e-01 7.717867780743230544e-01 8.015350723115982623e-01 7.970210422335373135e-01 7.916852120966442197e-01 7.913214200252771668e-01 7.975763116848247902e-01 7.997044787100894281e-01 7.943198767126899984e-01 7.947567405048548972e-01 8.026672214579787523e-01 8.124679893673066866e-01 8.105044732538790875e-01 8.074238617380622429e-01 8.023699150253139623e-01 8.128988609857633607e-01 8.065943534224464528e-01 7.999794202177269442e-01 8.006075943787873683e-01 8.018724979279638898e-01
4.554975713744148502e-02 1.545939837797448702e-01 3.856162231583042388e-01 5.857118128010436742e-01 4.611643434511682460e-01 5.567270753123310101e-01 7.520048320662268138e-01 7.243295563373642887e-01 8.031081811334416232e-01 7.290603748835909892e-01 1.000000000000000000e+00 8.648715398086183059e-01 7.921846925230351388e-01 7.026860539978780906e-01 8.693101307839856684e-01 8.480930513723080599e-01 7.787049344270678963e-01 6.946164517601939314e-01 7.463790333880520045e-01 6.172090937088442475e-01 6.861182967014489709e-01 8.154498269391095011e-01 7.285335452868793027e-01 6.902791094696635321e-01 7.591984522174475281e-01 8.156654339120075203e-01 8.395636384624806103e-01 8.350593529686041183e-01 7.886115330592051720e-01 8.023731882245663805e-01 8.618580870620711210e-01 8.433451256602021440e-01 8.052341589553715373e-01 8.335637905472352838e-01 8.322926210466663477e-01 8.256247633803273089e-01 8.588922468496633655e-01 8.553798318750645002e-01 8.782432658654186763e-01 8.203663329412770322e-01 8.780772019644308424e-01 8.773293576608952593e-01 8.523671050043464259e-01 8.901889485340321873e-01 8.883517283486512817e-01 8.811346185111608165e-01 8.812606716132249662e-01 8.848301948754389024e-01 8.749288966132537926e-01 8.500552262452500951e-01 8.749373060495533316e-01 8.555810434625145122e-01 8.839166206027591066e-01 8.725801679547626755e-01 8.734364798667252350e-01 8.789771803554646823e-01 8.604420380689716819e-01 8.801958129206168824e-01 8.618376229247440845e-01 8.835149680090573776e-01 8.792123880314912654e-01 8.701166712852725915e-01 8.685075847401965143e-01 8.666029746211317830e-01 8.733701313575530367e-01 8.791323793147926002e-01 8.853358849432572120e-01 8.842604826276853069e-01 8.793614207450024534e-01 8.755131512163741858e-01 8.880016499774016081e-01 8.927974099999884672e-01 8.719078423586001936e-01 8.769905857467632515e-01 8.955703774468526390e-01 8.933684993697457166e-01 8.836292928496998211e-01 8.708957520551852127e-01 8.819696069101724545e-01 8.781502856717341432e-01 8.883251676216979975e-01 8.927924395671152924e-01 8.865407620637812958e-01 8.803929868403717052e-01 8.882619768432634677e-01 8.875085493869911968e-01 8.890067007698012613e-01 8.898782231866346759e-01 8.919578393998948140e-01 8.845171435493055512e-01 8.845062397871646942e-01 8.911020900842165915e-01 8.932270535482558227e-01 8.925603658582677014e-01 8.856568263450095291e-01 8.852677698707902554e-01 8.763344825534455929e-01 8.635114034399592464e-01 8.834066317192276196e-01 8.893719311945609274e-01 8.874219940975404119e-01 8.830000894252768573e-01 8.898579844923101279e-01 8.912282848536651203e-01 8.861237146822461552e-01 8.737171547876366740e-01 8.813899795661522818e-01 8.842858366683498117e-01 8.871701457317813233e-01 8.906347736996684805e-01 8.840423815234964566e-01 8.831390550281001950e-01 8.829533712049270067e-01 8.815321670985516445e-01 8.828558370248849041e-01 8.817754251836407153e-01
2.933760674621618131e-02 1.307186825697795318e-01 3.978056826730048678e-01 6.655523404168099955e-01 4.745062393033724901e-01 5.982434321531175936e-01 7.934639447730058581e-01 7.739069864228528273e-01 8.315693576072472615e-01 7.442670353325049337e-01 8.648715398086183059e-01 1.000000000000000000e+00 8.205501163796480313e-01 7.600935758377554974e-01 9.099161751784140550e-01 9.012074556813374215e-01 7.929375650407732845e-01 6.693126482771288854e-01 7.239008664646233715e-01 6.828977451224719220e-01 7.592204760650793638e-01 8.502058459890355913e-01 6.851637253801921013e-01 6.433027748225652598e-01 7.292843451579987812e-01 7.930750495983289738e-01 8.409974059329559104e-01 8.430861201874044752e-01 7.787754000333922955e-01 7.801023178541020009e-01 8.602448811551044461e-01 8.491022763946082241e-01 8.102239348311643941e-01 8.419400193766612972e-01 8.248122701461946260e-01 8.382032317818960410e-01 8.536201603744023592e-01 8.984979893228198788e-01 9.037119042658633417e-01 8.602145205955067375e-01 9.138035733615565981e-01 9.237336907566709998e-01 9.036103184545023481e-01 9.363271755257496221e-01 9.122331232732309170e-01 9.204074390047801701e-01 9.217455357757008416e-01 9.238908845610581677e-01 9.188713805799197942e-01 8.984408825618809269e-01 9.239775404662159408e-01 9.001782782068072919e-01 9.180528873132500767e-01 9.073872532092782661e-01 9.098003916264756352e-01 9.059657646644788676e-01 9.058829760168158884e-01 9.287301335401531022e-01 9.142147906069508778e-01 9.259674092280588686e-01 9.281086324244424146e-01 9.186731103254698327e-01 9.228307991943300870e-01 9.137006448244202605e-01 9.117771933117754246e-01 9.178024756885487800e-01 9.200289148193863120e-01 9.010253029694880178e-01 8.907396553125386252e-01 9.304688770243103590e-01 9.364258744492905961e-01 9.215294276235936888e-01 8.825534448697647250e-01 8.915521998040626395e-01 9.138116915242582294e-01 9.169568462996702252e-01 9.093355356661358968e-01 8.869975324110699333e-01 9.071707052734092613e-01 8.976697197463460176e-01 9.110581500559986612e-01 9.198051185090497794e-01 9.144669505135392118e-01 9.035080573643576862e-01 9.170548828231764871e-01 9.108171728228972031e-01 9.122377316612707565e-01 9.251255306899174302e-01 9.238482472156961389e-01 9.094524043292568916e-01 9.153096669961754417e-01 9.321794855189746709e-01 9.301582315850663862e-01 9.325420267340299718e-01 9.266579264878399558e-01 9.250634206780754543e-01 9.176724091975450026e-01 9.078764461546852127e-01 9.249040643658126282e-01 9.313074334006192778e-01 9.317415084103146672e-01 9.312044077901087125e-01 9.286958745927496039e-01 9.346350222264675489e-01 9.267811000075942829e-01 9.127621292517265061e-01 9.204311248328813644e-01 9.211075432462855206e-01 9.200155886811229866e-01 9.319967227823064970e-01 9.283660404569376023e-01 9.229576420812855009e-01 9.273521339491971327e-01 9.231923480284982553e-01 9.231208863844936330e-01 9.240268188779294789e-01
3.024021868222389817e-02 1.369905175302756906e-01 3.513743468376453460e-01 5.519950823859902655e-01 4.776305888707166880e-01 5.476174360943497632e-01 7.213276652004658729e-01 7.140019677635246476e-01 7.724554432859261910e-01 7.074220038946742450e-01 7.921846925230351388e-01 8.205501163796480313e-01 1.000000000000000000e+00 6.994192152056369904e-01 8.425168300399545895e-01 8.248278794611660913e-01 7.286562549104960151e-01 6.302798044248617559e-01 6.904301885748366230e-01 5.934300715431813922e-01 6.523854812049582064e-01 7.812378289289799715e-01 6.733217060547238564e-01 6.274924283040672623e-01 7.021148641065488860e-01 7.650767522215587979e-01 7.827430796659087253e-01 7.798184152304648009e-01 7.253539205698281700e-01 7.399930487171153537e-01 8.046113212331571507e-01 7.910222926885663863e-01 7.536354899230965909e-01 7.861541596573563551e-01 7.828515837151803769e-01 7.863945213489942354e-01 8.036050371057027464e-01 8.165917172026675441e-01 8.408704677076117573e-01 7.897669033054692811e-01 8.522990816289300886e-01 8.556813699468577283e-01 8.284516912618541395e-01 8.596004227606472980e-01 8.518830774781211979e-01 8.499077872455841343e-01 8.597151587984833698e-01 8.607432683347453484e-01 8.423606270962876730e-01 8.096691811495986268e-01 8.448905825175030415e-01 8.242562435716834779e-01 8.505450333339708013e-01 8.427365054170729008e-01 8.301496354663601140e-01 8.412244488107318841e-01 8.203177512005505045e-01 8.569081536358998941e-01 8.279672719085136023e-01 8.636192779431195454e-01 8.530849183087443333e-01 8.386842656180587552e-01 8.344804580428152319e-01 8.366727825222612935e-01 8.494391178467054493e-01 8.500726264152717038e-01 8.597792194087989781e-01 8.451966180209159463e-01 8.405834396002187514e-01 8.522446935786869293e-01 8.632942323035665000e-01 8.629789171087055566e-01 8.318005480420183062e-01 8.426250206003887966e-01 8.594376201320689246e-01 8.576034743003468908e-01 8.493740251948384001e-01 8.267535534969568944e-01 8.478660378319364810e-01 8.451431078334329383e-01 8.546498811162019926e-01 8.593714016957503254e-01 8.556666064361766466e-01 8.469888674920931226e-01 8.518029236508819491e-01 8.490987435832240138e-01 8.558324692046209714e-01 8.613168739702800059e-01 8.638982439815134917e-01 8.550441189769786288e-01 8.547860429394441573e-01 8.682217678594136290e-01 8.679666538416233035e-01 8.673363322256746333e-01 8.656138390333344423e-01 8.645663812619799327e-01 8.484299579671692459e-01 8.325467417114736923e-01 8.587292656325794526e-01 8.642589484047537018e-01 8.672903650534888875e-01 8.558674842072204747e-01 8.647860934261989430e-01 8.678755006761695867e-01 8.623503790600571817e-01 8.434710393142090812e-01 8.526622446791076726e-01 8.642153379461862128e-01 8.606804115308122061e-01 8.670815994433590523e-01 8.609635846974977857e-01 8.640294981141249941e-01 8.556339623625996982e-01 8.569548117690628519e-01 8.598397565097387618e-01 8.595983754748403038e-01
