1.000000000000000000e+00 2.092721933713543314e-01 1.014192310071581893e-01 1.097193315026321614e-01 4.568340285522766442e-02 2.677157739231323524e-02 1.848699615135028507e-02 8.818323905922906270e-02 2.262585217594251519e-01 9.012884048871055986e-02 -1.253891276158517268e-02 3.640990141365518795e-02 3.776430809701716851e-02 -1.947743295823097659e-02 2.902677881842672183e-02 4.830196413986678761e-02 1.593954295750518446e-01 -3.718170749085965981e-02 -3.278959388513828788e-02 7.898104285927826096e-02 5.770190802721400503e-02 2.168237010148871963e-02 -5.287714597632136443e-02 -9.721464837298499084e-02 -7.095783331335074606e-02 8.147255495118467875e-03 4.935250847254458312e-02 -9.269300793565445409e-03 6.232477304806834095e-02 4.649520531382824590e-02 3.589300208908880602e-02 -3.394777906488425506e-02 -9.086621091542618212e-02 -6.301694566330715008e-02 -3.935086356885355435e-02 3.429777004163990072e-03 -1.842247964376127548e-02 -6.315776452185957457e-02 -6.292118557327691653e-02 -8.220624751054066148e-02 -7.279556516313879198e-03 -4.363959186542871321e-02 -3.853106059172817927e-02 -9.895152937018056620e-05 -1.720258044557495744e-02 -3.838424119944763846e-02 1.285705533732700405e-02 2.517545516193935712e-02 3.104597162605917879e-02 1.181848267412286164e-02 1.006821088975331895e-02 8.070841217485755226e-02 6.395092075672284548e-02 5.273756422775106867e-02 2.786945939371563569e-02 -1.835166682838964766e-02 1.253155051183262314e-01 3.290487801812639473e-02 2.724034661198443744e-02 9.752438234673038719e-02 6.178003956406611513e-02 8.969108422705522610e-02 7.381165633359650091e-02 9.816753144496807859e-02 1.022608191516816006e-01 1.274517923666501906e-01 2.674122482477947135e-02 -2.013381760530247658e-02 -1.811511087520907212e-02 1.094447977438343066e-02 -4.962328030046577430e-03 -9.036130637609369022e-04 -3.656711200870180201e-02 -4.241544169261805136e-02 7.259274759140055960e-03 4.785011846675770765e-03 -1.340306699949790105e-02 3.459492266475874128e-02 -1.778953282428910945e-02 2.236751582646296851e-02 -6.013984080633958708e-03 1.343467433225039101e-02 1.674086017954205460e-02 -1.266166535566098580e-02 -1.188684446506350738e-02 -3.102619129658213543e-02 -2.018638836162890346e-02 -2.440573556312619977e-02 -3.596830816590710495e-02 -5.052875505545931581e-03 -5.967852953367309976e-02 -2.414585736616237793e-02 -1.166653084547262381e-02 -2.770167141926490814e-02 1.416199923296457448e-02 1.680273297561437479e-02 -1.945393670885898693e-02 9.174616479524765056e-02 2.406288579584302256e-02 1.301623003503655010e-04 -2.675381366012403311e-02 4.446501111540533679e-02 4.424859709565695520e-02 1.527617387952797876e-02 4.920014582812122506e-02 8.029016012702575034e-02 4.428880713097160110e-02 1.153038582263118429e-02 7.904533104482049793e-03 2.152671761373715215e-02 -1.907956355345250335e-03 5.779039641133154603e-02 5.472686982550928336e-02 5.389685228586448690e-02 5.964835903563758812e-02 6.966437036273707972e-02
2.092721933713543314e-01 1.000000000000000000e+00 5.463360322042212086e-02 7.458164553705456945e-02 4.756348064467712244e-02 1.032113522918828435e-01 1.106911028085092036e-01 1.501294373359661483e-01 2.067140712827835181e-01 1.951720007087165421e-01 1.055089369864915111e-01 1.364176914009785080e-01 1.190553316472167389e-01 9.413711588136765285e-02 1.385993337893702826e-01 1.490737617404809534e-01 1.780521467422179760e-01 6.934645018864893373e-02 5.787278900404635440e-02 1.346378596595600441e-01 8.916035618488979408e-02 1.133048883849434585e-01 9.071086952679049964e-02 2.692719133675536627e-02 3.381370448077107571e-02 1.207004277106617507e-01 1.332884368466649150e-01 1.086296393835942120e-01 1.337890204428013596e-01 1.287493884016938372e-01 1.306597226010483281e-01 1.201611666186376826e-01 6.999075159979334382e-02 6.854406319552548699e-02 8.415444810714255153e-02 1.052072183183435650e-01 1.128106750476426667e-01 8.997875394636428714e-02 8.251801380765985683e-02 9.339408044776645323e-02 1.274769992846187527e-01 1.059176904740531111e-01 1.022170610163209981e-01 1.382107966461159632e-01 1.188828249248574248e-01 1.060132927741112979e-01 1.419113072538786824e-01 1.530024048644313683e-01 1.495931999543673729e-01 1.120946575242600801e-01 1.283111722838421731e-01 1.283601876804833231e-01 1.480314571362394693e-01 1.658895395419684171e-01 1.517955125358808055e-01 1.260029655758478639e-01 1.893291649389011178e-01 1.614195577393253977e-01 1.513299644537658417e-01 1.890831388261108303e-01 1.622032943773999425e-01 1.859175946210101793e-01 1.703580127679923950e-01 1.736488758886920725e-01 1.702022843635682681e-01 1.864122824885204588e-01 1.524203290372112274e-01 1.177566778643389794e-01 1.280395447352618010e-01 1.294411975552587912e-01 1.192957399482103970e-01 1.293934108591058008e-01 1.053007891223660675e-01 9.791608431884853136e-02 1.336953160327317425e-01 1.354931574103511727e-01 1.251375495844722074e-01 1.486936211075326475e-01 1.210896479847370921e-01 1.396831832834130871e-01 1.277569430506734771e-01 1.388846737077070737e-01 1.441391034001202054e-01 1.284145249674269740e-01 1.242838956818463486e-01 1.102638978532981678e-01 1.212234044359749713e-01 1.280443675801644920e-01 1.142468845560888346e-01 1.368200683756892744e-01 1.065245037118345145e-01 1.270307416336961537e-01 1.313589169603272544e-01 1.209513068135854019e-01 1.461469154630554435e-01 1.519720212015601424e-01 1.159737028044865170e-01 1.626935054242527046e-01 1.411934669344934445e-01 1.311195324205212676e-01 1.175688613057838117e-01 1.536714690732174371e-01 1.542857271465515878e-01 1.409036635916006419e-01 1.445206291450540914e-01 1.706543885881872391e-01 1.558960777366154016e-01 1.476028250210276727e-01 1.450958177802733617e-01 1.468640480564975537e-01 1.454595135574199283e-01 1.677866956788571784e-01 1.708403078200551040e-01 1.579125093113633860e-01 1.576524995282286568e-01 1.636866766712784249e-01
1.014192310071581893e-01 5.463360322042212086e-02 1.000000000000000000e+00 2.765115970319814154e-01 1.362395985416745559e-01 2.050509899002018743e-01 2.296458861062298795e-01 2.114215492344706515e-01 2.698933868684587067e-01 2.425217270397780900e-01 2.655507022222778901e-01 3.051890633920403273e-01 2.371283958393832492e-01 2.374932231924014592e-01 2.830415560997094349e-01 2.800192599982517794e-01 2.932915937814115637e-01 2.208173752915869037e-01 2.483856310461458328e-01 2.181222780880279488e-01 2.423974159121415894e-01 2.671046358943012233e-01 2.704860135840789215e-01 1.967839682774259469e-01 2.165576233840371401e-01 3.055269923049852010e-01 3.063166147169535947e-01 3.010437929123386258e-01 2.900648725054237875e-01 2.967959588602945842e-01 3.084348836872857214e-01 2.933218115996627517e-01 2.644699041392891692e-01 2.641333212541187025e-01 2.757724367823553568e-01 3.068603186581297382e-01 2.918322016242128614e-01 2.746053843164563690e-01 2.884690903766496395e-01 2.987144299609935660e-01 3.103075543053787078e-01 2.940242364184710300e-01 2.858843769184493677e-01 3.017897547485678955e-01 3.145958789360268071e-01 2.859627750631267284e-01 3.042852444008631307e-01 3.050995008859828106e-01 3.075129765464501008e-01 2.956545569134457208e-01 2.969285130728290811e-01 3.206671655442546176e-01 3.134474244921204855e-01 3.009491878534473752e-01 2.885345171130357933e-01 3.114897756010678309e-01 3.030701669807702725e-01 3.000479805446517600e-01 2.900003632886020144e-01 3.049189861291607961e-01 3.054403921922077547e-01 2.959498688174278525e-01 2.908782506038800619e-01 3.096346147542488048e-01 3.156804128702005996e-01 3.095725108731562925e-01 3.059984918008582522e-01 2.997866810009128247e-01 2.989611504520862106e-01 2.887086904389163378e-01 2.960493037327405208e-01 3.081511250487481424e-01 2.805757967337967340e-01 2.811346473601015195e-01 3.097508765369245687e-01 3.100210101552352548e-01 3.075471872221204328e-01 3.001592829351693026e-01 2.977661056815517071e-01 3.050642338813648879e-01 3.079083602590823032e-01 3.094341435759482284e-01 3.169368914406358595e-01 3.038303258243705840e-01 3.070483049308145307e-01 3.010761592306653300e-01 3.084939072183790487e-01 3.067834797711335715e-01 3.059553999665603485e-01 3.122512315767229096e-01 3.093911035831553580e-01 3.075620404480506331e-01 3.028975675233814835e-01 3.041717773964450200e-01 3.050078998515792783e-01 3.056950171101237568e-01 3.078875191745245599e-01 3.099388572115808760e-01 3.072351972401797249e-01 3.094706465959921604e-01 3.063876986695394655e-01 3.079421169867524455e-01 3.135975557880364417e-01 3.084067146988990205e-01 3.202877669567992802e-01 3.131432471393543748e-01 3.112601721039863212e-01 3.072242102340260739e-01 3.085530932857856734e-01 3.078983085393873775e-01 3.042919154129061776e-01 3.102702373968931893e-01 3.089626155234841964e-01 3.120608359646379060e-01 3.195374387327786780e-01 3.168453431547716970e-01
1.097193315026321614e-01 7.458164553705456945e-02 2.765115970319814154e-01 1.000000000000000000e+00 2.506970873839683978e-01 2.802958201345722156e-01 4.570791569992827541e-01 4.245989689883092888e-01 4.404874905327333945e-01 3.852477740919075244e-01 4.834436725420222514e-01 5.077372190560290877e-01 4.424000234665650400e-01 3.776243376848967825e-01 5.163092197446262910e-01 4.868105951476393578e-01 4.846573988110713382e-01 4.367326745031832602e-01 4.642805141108818368e-01 4.075487991757640316e-01 5.043793423483199367e-01 5.121570646560593687e-01 4.686950413034313700e-01 4.004142160572030096e-01 4.545714112528943529e-01 4.986040245822665473e-01 5.020797844905615648e-01 5.018784503844827549e-01 4.887146802380958888e-01 5.149866397320461697e-01 5.206433806818222543e-01 4.917263778523627837e-01 4.666953006034559315e-01 4.828922154637669273e-01 4.825055246037471823e-01 5.250564086306014344e-01 5.126714967056692496e-01 4.908552321179349143e-01 5.130354998646573517e-01 4.966866325165888996e-01 5.012328213752847983e-01 5.038596207825282169e-01 5.012398851829349411e-01 5.277815887390419070e-01 5.236168862996033457e-01 5.096480162469699815e-01 4.987639319390546055e-01 4.982183616418485728e-01 4.869678666083068763e-01 4.782153414575676109e-01 4.815848026974302587e-01 5.066491126068058959e-01 4.949245004788186408e-01 4.864324284173223711e-01 4.702286825314219154e-01 5.018560230620777718e-01 4.638012758090573340e-01 4.961211229324263838e-01 4.669700144381233597e-01 4.972231594438397684e-01 4.849470967580239433e-01 4.695216810728396473e-01 4.539338006978413387e-01 4.993340258195952952e-01 5.094764984253605800e-01 4.895362220943045850e-01 5.074504732569108389e-01 5.005447351578403703e-01 4.922777873253864622e-01 4.990353814694122869e-01 5.202013662892354118e-01 5.137935222529524948e-01 4.779382701914651199e-01 5.033406987469485339e-01 5.098949078998448181e-01 5.118034854070812045e-01 5.168634241291113485e-01 5.023370863684307741e-01 5.035901888291141049e-01 5.101258371768220279e-01 5.160096766520729794e-01 5.141523587409045914e-01 5.238279132793350890e-01 5.073645633945964573e-01 5.177402210027171048e-01 5.090923310932120582e-01 5.220645482064608656e-01 5.237241790749920245e-01 5.239191898524701019e-01 5.194284062715418537e-01 5.150887860727653145e-01 5.167626719332680807e-01 5.159250954315345306e-01 5.193794362423624911e-01 5.033473780865708180e-01 5.020046169729582841e-01 5.223239802010171129e-01 5.070345850125547171e-01 5.129835872702888100e-01 5.184070097924884379e-01 5.181532908422955552e-01 5.154769138888172231e-01 5.020521655538333627e-01 5.175705914948612874e-01 5.258154968590207368e-01 5.028099963848408072e-01 5.062735491038202751e-01 5.050443967544674395e-01 5.105819208491386707e-01 5.091973641149244445e-01 5.128122156072418836e-01 5.080867169443270548e-01 5.028085066015405280e-01 5.195189078839930197e-01 5.113180874774269080e-01 5.038593593037939966e-01
4.568340285522766442e-02 4.756348064467712244e-02 1.362395985416745559e-01 2.506970873839683978e-01 1.000000000000000000e+00 2.142333223236274620e-01 3.374247838648403719e-01 3.703010683480281173e-01 3.776925598146185226e-01 3.304798353402803035e-01 3.671242889308852786e-01 4.186147373046688602e-01 4.072991294957451491e-01 3.255283241455464993e-01 4.077462780727218461e-01 4.096969323564857990e-01 3.928588983312016336e-01 3.382861721081903972e-01 3.868057968798004342e-01 3.203061518555727627e-01 3.589011647807049954e-01 3.942143174849486176e-01 3.473101245145140403e-01 3.325878643695643899e-01 3.713072445782034103e-01 3.955311001748656463e-01 3.842490550379901726e-01 3.693539201324461674e-01 3.855698484466797415e-01 3.695726258183133495e-01 4.120589330931769267e-01 4.082040581860860162e-01 3.382541592944136033e-01 3.874085082889194287e-01 3.776940597055661319e-01 3.934106673876096028e-01 3.984702167071911272e-01 3.977507377479067019e-01 4.112379751616936918e-01 3.761059568127582686e-01 4.264710959398449464e-01 4.219203238111963183e-01 4.218521514697514130e-01 4.412698190573737245e-01 4.196394389870243269e-01 4.297878411232685658e-01 4.359709081479938297e-01 4.383741499380441331e-01 4.249919942887233071e-01 3.954717309725310770e-01 4.061234365203263419e-01 4.187520726553195516e-01 4.206473261514577233e-01 4.265197788896153419e-01 4.154647180252507566e-01 4.129762411073402140e-01 3.915101039696077256e-01 4.364238380064961453e-01 4.129798526471615272e-01 4.388663704277157018e-01 4.257297103939784999e-01 4.104508113714051554e-01 3.964505189008147856e-01 4.260961847625432952e-01 4.297574284720185878e-01 4.219015628919064453e-01 4.409429277087514865e-01 4.367866290539121898e-01 4.288193605627556027e-01 4.274981923039258835e-01 4.428733066667137064e-01 4.416908625522086851e-01 4.217224944145688825e-01 4.363885890831359360e-01 4.347522872075592626e-01 4.282099747026245629e-01 4.247545545161516833e-01 4.307351399748472476e-01 4.327720969535029938e-01 4.345500989588406693e-01 4.373273368994877175e-01 4.392696025690990824e-01 4.317778277158462741e-01 4.310650771323655817e-01 4.361289009131587568e-01 4.378627216628120933e-01 4.332325325006564087e-01 4.297685186512577582e-01 4.409890841965365404e-01 4.294773716919386142e-01 4.191076399422242749e-01 4.395881198642055954e-01 4.389914920178135116e-01 4.387305765372671029e-01 4.457780686915580048e-01 4.423500058390924528e-01 4.312281115023757772e-01 4.356015853197950372e-01 4.426823106256794205e-01 4.417390105486425078e-01 4.438624166591542131e-01 4.397250317577621193e-01 4.412772160433762192e-01 4.498710916136628990e-01 4.417757070834750777e-01 4.315838695501139632e-01 4.380353805647891896e-01 4.435302033926741272e-01 4.371431494042148369e-01 4.403743632302573596e-01 4.352413262132096006e-01 4.453105833649292356e-01 4.326007543893205520e-01 4.479431201201712343e-01 4.410614380100999488e-01 4.400837588896086006e-01
2.677157739231323524e-02 1.032113522918828435e-01 2.050509899002018743e-01 2.802958201345722156e-01 2.142333223236274620e-01 1.000000000000000000e+00 4.505355346666433669e-01 3.713307897302762783e-01 4.293518693715622780e-01 4.187082825379410123e-01 4.327367066882772950e-01 4.810823582350556293e-01 4.365012136093797124e-01 3.743947798206819222e-01 5.022693199154756316e-01 4.809772864828043004e-01 4.463370497374650192e-01 4.156471665175809904e-01 4.357875713011315488e-01 3.753781910998371663e-01 4.247185154848008848e-01 4.777039631744748327e-01 4.672156902219274377e-01 3.936526154592204785e-01 4.340142441890830205e-01 5.077063841770783625e-01 4.909540931557651589e-01 4.926851904350521005e-01 4.701389076340103390e-01 4.734287364954694599e-01 5.059400532665998540e-01 5.020746641800426513e-01 4.547624501733020241e-01 4.762706608679156961e-01 4.534325843553013713e-01 4.702302753212254660e-01 4.869505748214113527e-01 4.979799637817493019e-01 4.997069365698005305e-01 4.887997063597476766e-01 5.152781657238905133e-01 5.200170052843523516e-01 5.021584118884679926e-01 5.207524970933223862e-01 5.106820884670354443e-01 5.092456025295167832e-01 5.084375636992698455e-01 5.144569003619532399e-01 5.108905502205475235e-01 4.963560484166359421e-01 4.987675570708966499e-01 4.853928069466539319e-01 5.050987785121825446e-01 5.098829934936789376e-01 4.942461838704623744e-01 5.143452904632278555e-01 4.751634576700524137e-01 5.118500874857117022e-01 4.934914454689667829e-01 5.024595120235507695e-01 5.095696924304967679e-01 4.870821287229398222e-01 4.758927856392756173e-01 4.972994738941434179e-01 4.955711199315110393e-01 4.915168221492677292e-01 5.168349639576568233e-01 5.147280142787796775e-01 5.117185294128312467e-01 5.066898552049901028e-01 5.172638343244015946e-01 5.214661310081867285e-01 4.948672925833840219e-01 5.117695371710760943e-01 5.214350860917235098e-01 5.216076033601356743e-01 5.204899519176247047e-01 5.107859276402197946e-01 5.199207722399219467e-01 5.122166994833453613e-01 5.197706118849151347e-01 5.194393723165638965e-01 5.191472215667821688e-01 5.175204453139922167e-01 5.159816782454547113e-01 5.131509033388498286e-01 5.187830715602634868e-01 5.176901556943375171e-01 5.161351734405102976e-01 5.177132929137054917e-01 5.178627331551691748e-01 5.229850107435437545e-01 5.213049467448989116e-01 5.241193435036133330e-01 5.140918526960888135e-01 5.184113658722213636e-01 5.114318545565119667e-01 4.964120254913487740e-01 5.128730287429714707e-01 5.141308189223475766e-01 5.205569371456101324e-01 5.077314556159729930e-01 5.145204279073759546e-01 5.198290556251485839e-01 5.142571182664489315e-01 4.976183701640268797e-01 5.130451853282035346e-01 5.179329262501528586e-01 5.171451662320029063e-01 5.136748275552093235e-01 5.142962866089624274e-01 5.132342270143813723e-01 5.081849760889926015e-01 5.121828148216170939e-01 5.070386366046825133e-01 5.070575805482036014e-01
1.848699615135028507e-02 1.106911028085092036e-01 2.296458861062298795e-01 4.570791569992827541e-01 3.374247838648403719e-01 4.505355346666433669e-01 1.000000000000000000e+00 5.858790285409730680e-01 5.835903580480922281e-01 5.577717254144429759e-01 6.475709250540500062e-01 6.996343882508468948e-01 6.206288999730078526e-01 5.217025156134706965e-01 7.718565085346448251e-01 6.858947530305146145e-01 6.320686267064088426e-01 6.217253870633360213e-01 6.631294123644502214e-01 6.025322900380162272e-01 6.442049714734203736e-01 7.166895270077201507e-01 6.785181299873184191e-01 6.081066274703968988e-01 6.628937460055943642e-01 7.248803584374876596e-01 7.200163756331082743e-01 7.372730021901314768e-01 6.985836380161178916e-01 7.244051916662925805e-01 7.601365605053522767e-01 7.258408896638532948e-01 6.806265070209424062e-01 7.089131827549448595e-01 6.856061054890693063e-01 6.997356419022230378e-01 7.432440476213357794e-01 7.148964719328380069e-01 7.415398334004686953e-01 7.189140400790398067e-01 7.281007076808618805e-01 7.513818003131551571e-01 7.408243221970896020e-01 7.529811314828109836e-01 7.490854738747950714e-01 7.514038943159453421e-01 7.237054298559979504e-01 7.203632080877555577e-01 7.115802908484065714e-01 6.865802550574112706e-01 7.024376032642987155e-01 6.842515256151394665e-01 7.028485112323434869e-01 7.096146175557164204e-01 6.949005108780702544e-01 7.204773757075464413e-01 6.548967228445929933e-01 7.186637313711049524e-01 6.912590886322721451e-01 7.045862509275268026e-01 7.170058760416498922e-01 6.761042950532819562e-01 6.590192893527713203e-01 7.008828065736424362e-01 6.934519125959082153e-01 6.778860111690472312e-01 7.291588600519511854e-01 7.388758022765395950e-01 7.365473243997195940e-01 7.333698538659966237e-01 7.460065404355173957e-01 7.429040135761858510e-01 7.216990096959646772e-01 7.379171680644922571e-01 7.433026337839719888e-01 7.424610854650836034e-01 7.577831072636370680e-01 7.283543619011684234e-01 7.445266046949816641e-01 7.351406557601813940e-01 7.519344047594792579e-01 7.457679088014758095e-01 7.364434374744022183e-01 7.459098038657305807e-01 7.435074860913853945e-01 7.444263372445726334e-01 7.513405284580494392e-01 7.509533246626292069e-01 7.519622415951744410e-01 7.321328881055969573e-01 7.524525857210110358e-01 7.497135617153346532e-01 7.452902475889131573e-01 7.547138576202456761e-01 7.283730121171785310e-01 7.279310784700067094e-01 7.376053170233471956e-01 6.982270813520407016e-01 7.332820276013826133e-01 7.380253886262039265e-01 7.461739672988703109e-01 7.234237524741932157e-01 7.189321948683907726e-01 7.384417023841169936e-01 7.272636113386390377e-01 7.041268843189137927e-01 7.236590599629550979e-01 7.269023231871623025e-01 7.306500120351637761e-01 7.268721837910374628e-01 7.364393826434660895e-01 7.225995135314809970e-01 7.116813524820683190e-01 7.259094978397099274e-01 7.175463292085074718e-01 7.081205602655478160e-01
8.818323905922906270e-02 1.501294373359661483e-01 2.114215492344706515e-01 4.245989689883092888e-01 3.703010683480281173e-01 3.713307897302762783e-01 5.858790285409730680e-01 1.000000000000000000e+00 6.144558189359229372e-01 5.425753840660409999e-01 5.818870562458799967e-01 6.582853278471563208e-01 5.838778842071623565e-01 4.934677876945374742e-01 6.985545750012160937e-01 7.174474259495431383e-01 6.183182967359032167e-01 5.646125629479833430e-01 5.579454762132786128e-01 6.052179804783143213e-01 5.657299772424807527e-01 6.292578713557172021e-01 6.032655820955902248e-01 5.314643019189129181e-01 5.542525720902360398e-01 6.527405865025183163e-01 6.329921703914508369e-01 6.175316499096638045e-01 6.480535833597352857e-01 6.268689773277276167e-01 6.659587786340462889e-01 6.732849547243475730e-01 5.842760486712026413e-01 6.270677213389035387e-01 5.991727504327626352e-01 6.055701313924866103e-01 6.400803254170415180e-01 6.619400167110230937e-01 6.401689371123362449e-01 6.212022018908329724e-01 6.718999844594227833e-01 6.697903903520995295e-01 6.618182212144125831e-01 6.961332910688425857e-01 6.521054451210579472e-01 6.571368499337437719e-01 6.871655110307013370e-01 6.886300639502865861e-01 6.938016333655290246e-01 6.710391544263106800e-01 6.919808013354492582e-01 6.400196580827568482e-01 6.783746944242712296e-01 6.912218555408042864e-01 6.791312100388177120e-01 6.765925844310548554e-01 6.789162715206730203e-01 6.995156621792556484e-01 6.885024437184592561e-01 6.974956718553712021e-01 7.113302050257674924e-01 6.924597288459096722e-01 6.811960793074084419e-01 7.002685284799778920e-01 6.742937677017626363e-01 6.871952877548330729e-01 6.873656772907570378e-01 6.807133048002808051e-01 6.867420937885547749e-01 6.901145757085441756e-01 6.805337105906265061e-01 6.864696480439563819e-01 6.633527884135876906e-01 6.664874262242452829e-01 6.880971435347831289e-01 6.816252739739749877e-01 6.772830975115163854e-01 6.876986791531616294e-01 6.735487609334018799e-01 6.850137525211851264e-01 6.828175707440415909e-01 6.920392084197882765e-01 6.871165883155158083e-01 6.823781577970280399e-01 6.959748931065260491e-01 6.780825485270738362e-01 6.712857113968802025e-01 6.930426697395063451e-01 6.761067309259553015e-01 6.780113500293141193e-01 6.632991041243897490e-01 6.845294829892831778e-01 6.882687641994891248e-01 6.840735291795287942e-01 6.931672234621496509e-01 6.907600358030122623e-01 6.972908702483787691e-01 7.015280912110828382e-01 7.076994033555690233e-01 7.060318252722175281e-01 6.899073605480146032e-01 7.102107540433387767e-01 6.904555248353805297e-01 7.081542878469969660e-01 6.877954371258967470e-01 7.044433426494796091e-01 7.062863727972460426e-01 6.859178782229622406e-01 6.906567333334919789e-01 6.979614307579091736e-01 6.961712995570376039e-01 7.029788524015405660e-01 7.072541638556132382e-01 7.066610560877080172e-01 6.838379775525125215e-01 6.929261252571133900e-01
2.262585217594251519e-01 2.067140712827835181e-01 2.698933868684587067e-01 4.404874905327333945e-01 3.776925598146185226e-01 4.293518693715622780e-01 5.835903580480922281e-01 6.144558189359229372e-01 1.000000000000000000e+00 7.040633546150513178e-01 6.673847664733280061e-01 7.595017021778176503e-01 6.734189193299284781e-01 5.585953495673633418e-01 7.596692585044376722e-01 7.664405703780597934e-01 7.654363052945727386e-01 5.851459253124673410e-01 6.116058672901127924e-01 6.536431955774231195e-01 6.263795443403905594e-01 6.864774867945400150e-01 6.495856590824329313e-01 5.222212787265987366e-01 5.713029093765437105e-01 7.499525486852064438e-01 7.430119389649311179e-01 6.965218236939499930e-01 7.545500599308883061e-01 7.287659741395353663e-01 7.793616350528923542e-01 7.419989228268273340e-01 5.990515070800244146e-01 6.586462587982685468e-01 6.588233665964029484e-01 6.935307652605415818e-01 7.004851259051718682e-01 7.102118487660123991e-01 6.906645723111335400e-01 6.625887365613571944e-01 7.752989613818807024e-01 7.335756975182038397e-01 7.115823239170736558e-01 7.769350725469251762e-01 7.419609685042908298e-01 7.386387720081935004e-01 8.119627923166378158e-01 8.235151657229727862e-01 8.171386730311986923e-01 7.582923685836284733e-01 7.764941774213589554e-01 7.867075430421528459e-01 8.048799280375323884e-01 8.330660251644423919e-01 8.006170947412949435e-01 7.732146833519201179e-01 8.274216019926248222e-01 8.196695010479021493e-01 8.047728851131162875e-01 8.553332900887916646e-01 8.289820731881820670e-01 8.332944861414632864e-01 8.125555289974437656e-01 8.402050800814203635e-01 8.398701319683342659e-01 8.547825070645029832e-01 8.186446450521224216e-01 7.823936124836674555e-01 7.804122159414009774e-01 7.961140242093133201e-01 7.800852466627089532e-01 7.985488281202708372e-01 7.470509952233314044e-01 7.446406312306005360e-01 8.027131792199785343e-01 7.991132927579591705e-01 7.784932629679959248e-01 8.129421621339054660e-01 7.736402543202192117e-01 8.133426504706504634e-01 7.902689941356868530e-01 8.099045727754221602e-01 8.015257463183262931e-01 7.845467645267190093e-01 7.844340602440222909e-01 7.676457466453804335e-01 7.702955443105855560e-01 7.783749814485155794e-01 7.667289536037716902e-01 7.864812242456238334e-01 7.376744054634749581e-01 7.833500906908618111e-01 7.887918803735994855e-01 7.762455992783890979e-01 8.160901143719537787e-01 8.170551197927026221e-01 7.654018840750401731e-01 8.335952835898315927e-01 8.157873408543176996e-01 7.979824939431428010e-01 7.754890407192147617e-01 8.248823176344427521e-01 8.242212590082597101e-01 8.121602355479139446e-01 8.239383255218084567e-01 8.331747170243557488e-01 8.264382609979256111e-01 8.143390914608944486e-01 8.064442027395597457e-01 8.164542102587174499e-01 8.016236565705816552e-01 8.398853285485705644e-01 8.342323404374196727e-01 8.294107099609426825e-01 8.345945784622710306e-01 8.420235849094079850e-01
9.012884048871055986e-02 1.951720007087165421e-01 2.425217270397780900e-01 3.852477740919075244e-01 3.304798353402803035e-01 4.187082825379410123e-01 5.577717254144429759e-01 5.425753840660409999e-01 7.040633546150513178e-01 1.000000000000000000e+00 6.380417243830557306e-01 7.098266862663590304e-01 6.309979460742383139e-01 5.292893615377352035e-01 7.101409095911711544e-01 7.159618260195392825e-01 6.979655520572922711e-01 5.583326427743863229e-01 5.795912102248941267e-01 5.925416232731908206e-01 5.752612562360566173e-01 6.333022324112344004e-01 6.233221531546604410e-01 5.059507500424590409e-01 5.417894818878196128e-01 7.185947126156791986e-01 6.947963829026000404e-01 6.688965848024619465e-01 6.873481052847179029e-01 6.649671359159555761e-01 7.229458059303176531e-01 7.172164215829229805e-01 6.013287032621871253e-01 6.375943425828738409e-01 6.335643551876255497e-01 6.518170015238953230e-01 6.627170207174375438e-01 7.039595556870595905e-01 6.742988987252749311e-01 6.687120049691176460e-01 7.480048915600712167e-01 7.175661655726807142e-01 6.769639836010495904e-01 7.430238316650905617e-01 7.142321895643574114e-01 7.083482682899273630e-01 7.677052894994441656e-01 7.735375254850074267e-01 7.645909193637369095e-01 7.110002907851351583e-01 7.367939556115182809e-01 7.061856372299725182e-01 7.393321986095413578e-01 7.767216101318850097e-01 7.555012164333391178e-01 7.498896340932030835e-01 7.432387107038078700e-01 7.637447810207307342e-01 7.574423446461268083e-01 7.760817052991808573e-01 7.623724194388973308e-01 7.547033703833745388e-01 7.407291093914352142e-01 7.548026052905246752e-01 7.629071309277113411e-01 7.603806370525172387e-01 7.714228037531876137e-01 7.423992675069183145e-01 7.438702225617922492e-01 7.478354366328329172e-01 7.373559445212839458e-01 7.541775948920916850e-01 7.114974272809372335e-01 7.111455503967294423e-01 7.637826170242515422e-01 7.543104207521450499e-01 7.438796958112035007e-01 7.570131452497375069e-01 7.395368901851384624e-01 7.621171773078063705e-01 7.474453049871191412e-01 7.630962589435942300e-01 7.607212774008347278e-01 7.474970118427041177e-01 7.443839977163089205e-01 7.324310284745512156e-01 7.348766124150364343e-01 7.529290387349819591e-01 7.361919056760659608e-01 7.548517129574374707e-01 7.230228216118993467e-01 7.533779202727811652e-01 7.500023727713100996e-01 7.457565961745270533e-01 7.685279975571681632e-01 7.717704420604771798e-01 7.285343452453978408e-01 7.559590661541925050e-01 7.612127007127702516e-01 7.540833616263902250e-01 7.378544133358174717e-01 7.622747969052445782e-01 7.652099953700508550e-01 7.608337782483022282e-01 7.596497194705505995e-01 7.560871807112545806e-01 7.687161254217779183e-01 7.706424674410231601e-01 7.672899958977944523e-01 7.684637404927561199e-01 7.648394047325609568e-01 7.760291113781881966e-01 7.708821707542777846e-01 7.624975925476276117e-01 7.702512134414252198e-01 7.697084423478247617e-01
-1.253891276158517268e-02 1.055089369864915111e-01 2.655507022222778901e-01 4.834436725420222514e-01 3.671242889308852786e-01 4.327367066882772950e-01 6.475709250540500062e-01 5.818870562458799967e-01 6.673847664733280061e-01 6.380417243830557306e-01 1.000000000000000000e+00 8.074525146680295862e-01 6.865970444091631375e-01 5.867499024723550338e-01 7.748700500490478538e-01 7.487718734606457760e-01 7.030815804364830557e-01 6.567803220466876812e-01 6.997543846894292985e-01 6.134392054366183400e-01 6.560986665768377968e-01 7.262848781426660683e-01 7.279358700149911598e-01 6.402602101528250822e-01 6.855481305975744677e-01 7.741157967952528862e-01 7.741772002170007605e-01 7.841791180503819847e-01 7.627392627099688349e-01 7.728612293603599470e-01 8.241756551206552706e-01 8.071680510798847630e-01 7.483149760429255171e-01 7.770424667855618805e-01 7.683132616181453933e-01 7.784532612573786814e-01 7.978640633660064596e-01 7.966570295826146397e-01 8.112974531427801228e-01 7.933972919016055725e-01 8.179313431229703335e-01 8.198176464636121041e-01 7.894983030235210864e-01 8.216860164563765112e-01 8.185909281189325259e-01 8.192563972649433701e-01 8.137304960654773156e-01 8.188066457801455034e-01 8.081258696331370395e-01 7.836674545834297900e-01 7.867042625206797091e-01 7.738875204836437316e-01 7.859209410589473865e-01 8.024265106197886466e-01 7.924058632586872264e-01 8.130709340284730802e-01 7.486777151215459059e-01 8.076311938518175859e-01 7.892017977052475652e-01 7.886402885384132810e-01 7.947157871433657705e-01 7.678993073282840420e-01 7.584939306336256903e-01 7.841701883964168340e-01 7.819061910319903275e-01 7.646223808094388952e-01 8.232835868096574083e-01 8.225315284170494623e-01 8.180626770178216489e-01 8.099017821535434702e-01 8.197849411874477132e-01 8.259185266716680962e-01 7.989688363983075137e-01 8.083034650904994400e-01 8.239739127643928018e-01 8.277782747222295345e-01 8.339976802107438303e-01 8.190876924095938927e-01 8.222345778533484140e-01 8.231538789033533421e-01 8.305598041219746097e-01 8.306600749833831232e-01 8.283815617604771697e-01 8.299839966602258201e-01 8.295249012056544746e-01 8.302108963594848623e-01 8.382623364032821822e-01 8.329297548529952522e-01 8.381627033973374497e-01 8.200126450549701795e-01 8.321993695965512750e-01 8.368638487672320769e-01 8.313637007863391437e-01 8.371726670488128796e-01 8.235184536961115409e-01 8.251801480523571763e-01 8.210645531245159834e-01 7.876856287791085265e-01 8.176643795455903474e-01 8.249073517093254981e-01 8.318924901348557777e-01 8.150247651314103114e-01 8.149190663141541169e-01 8.243210394032647326e-01 8.200446868978806814e-01 7.908162006966873436e-01 8.133968600752103928e-01 8.247043596852174918e-01 8.234513301704706745e-01 8.210162164997603096e-01 8.281693204685205423e-01 8.123733938200579097e-01 8.068743205557331599e-01 8.130299174599515677e-01 8.126623768514444901e-01 8.037694879090562239e-01
3.640990141365518795e-02 1.364176914009785080e-01 3.051890633920403273e-01 5.077372190560290877e-01 4.186147373046688602e-01 4.810823582350556293e-01 6.996343882508468948e-01 6.582853278471563208e-01 7.595017021778176503e-01 7.098266862663590304e-01 8.074525146680295862e-01 1.000000000000000000e+00 7.558830413797994474e-01 6.431064469821720087e-01 8.605902502162087186e-01 8.431871540125929210e-01 7.861452462829110477e-01 7.071921690509720415e-01 7.642190318060426701e-01 6.716445548837171042e-01 7.358757586346913460e-01 8.110510905348304878e-01 7.788248295643670494e-01 6.702371484651055145e-01 7.425916446499575274e-01 8.544437383813369147e-01 8.489845511665164990e-01 8.411913275808573509e-01 8.374340786072469456e-01 8.374762095580242649e-01 8.923407063523818294e-01 8.691893705671901449e-01 7.850133476040448421e-01 8.227369290113426548e-01 8.099805866734117732e-01 8.378839576017855784e-01 8.512717828290250477e-01 8.696646137484015382e-01 8.719775413286852128e-01 8.479040502127977996e-01 8.925314754167287257e-01 8.878544629143040323e-01 8.631915927399369526e-01 9.072191460460894419e-01 8.840982115883638803e-01 8.939270231777268760e-01 8.998791407205506410e-01 9.043064831181831797e-01 8.931764454300380462e-01 8.604084587269321682e-01 8.801280494147822875e-01 8.588049336580159121e-01 8.751827199977579852e-01 8.907142133683876306e-01 8.760746931058622788e-01 8.891923523472432533e-01 8.378243474129321022e-01 8.956697119891758874e-01 8.761152103339278074e-01 8.888166276008498956e-01 8.911728838305800204e-01 8.650967479664773974e-01 8.483654792530029853e-01 8.822112072869460198e-01 8.839331396513915307e-01 8.693623706169234522e-01 9.069755746440061328e-01 8.984297464233599317e-01 8.910675042396909440e-01 8.887055537244357151e-01 9.035864708963191605e-01 9.091548118635054410e-01 8.635818031357038738e-01 8.840481035062951465e-01 9.077504479588407449e-01 9.083144548026614862e-01 9.070428486211775665e-01 8.985290818768970622e-01 8.964768442684585281e-01 9.072695310876072172e-01 9.107592372098882727e-01 9.137472756658474582e-01 9.034045887013353315e-01 9.013068399189072544e-01 8.994572837499021922e-01 8.976117579393410040e-01 9.109965863497638816e-01 9.035521196323983428e-01 9.083333940540155860e-01 8.948080113533626312e-01 8.967209217623735018e-01 9.112537879395870011e-01 9.098511741103344486e-01 9.108780884911384934e-01 9.075094331405116899e-01 9.076908670383716515e-01 8.905664583685691804e-01 8.788097317792198382e-01 9.037905221460210692e-01 9.049122225455376034e-01 9.079654752587009714e-01 8.987985159163287552e-01 9.020948262272264762e-01 9.104834967272402713e-01 9.066352724611203007e-01 8.801464643721929049e-01 8.994182501609020441e-01 9.064815240069794555e-01 9.032986618400714596e-01 9.054418089594219454e-01 9.028104182068161787e-01 9.041710925229063944e-01 8.955109484118918273e-01 9.028203455881326223e-01 9.054170819989965091e-01 8.976164361605830644e-01
3.776430809701716851e-02 1.190553316472167389e-01 2.371283958393832492e-01 4.424000234665650400e-01 4.072991294957451491e-01 4.365012136093797124e-01 6.206288999730078526e-01 5.838778842071623565e-01 6.734189193299284781e-01 6.309979460742383139e-01 6.865970444091631375e-01 7.558830413797994474e-01 1.000000000000000000e+00 6.026803121389648910e-01 7.721554823535793366e-01 7.607181290174938049e-01 6.817751441922959010e-01 6.333427607605576215e-01 6.708094030642860472e-01 6.332428469704046714e-01 6.253562313756817481e-01 7.085055647394790102e-01 6.883283400210902236e-01 6.103708667815309630e-01 6.586709881206522788e-01 7.771480221550869372e-01 7.453611160552318093e-01 7.221828105527676733e-01 7.418802926485623672e-01 7.411131630353151589e-01 7.857821036075219867e-01 7.713194446578502950e-01 6.575049792310779795e-01 7.142795884772187298e-01 7.052844895501311218e-01 7.066928761710120632e-01 7.404567376484676444e-01 7.512778808642069928e-01 7.556187121752807601e-01 7.144981643996393128e-01 8.037259292902018126e-01 7.790925097835890156e-01 7.634608585712691076e-01 8.043878294525933503e-01 7.699175866544183400e-01 7.877518542337912377e-01 8.140692838129013342e-01 8.216807206954693799e-01 8.087579663674770991e-01 7.502949848721749415e-01 7.658230395154285164e-01 7.524795083815211116e-01 7.782899686529292094e-01 8.134630576590322626e-01 7.947765644215857295e-01 7.997365866073506968e-01 7.501233408340451936e-01 8.153684206081286412e-01 7.859172030303335221e-01 8.116716099215008917e-01 8.030808005196031774e-01 7.796103320412057780e-01 7.630862069103311329e-01 7.870057340304541516e-01 7.926929225900291032e-01 7.829492243098575832e-01 8.199422242421777751e-01 8.167757342958062994e-01 8.106357442660976353e-01 8.114587324889573905e-01 8.128922099140433177e-01 8.198131359998556134e-01 7.910894900668251628e-01 8.026246343029402874e-01 8.241595610433017915e-01 8.177184951450782169e-01 8.088394439419083204e-01 8.110302418261111645e-01 8.168441823548471259e-01 8.241460267147684426e-01 8.171169684192051141e-01 8.260203112427575434e-01 8.057923681707892527e-01 8.092120916109750706e-01 8.082599467848156083e-01 8.073144584416136471e-01 8.033467082712772989e-01 8.087707423973100607e-01 8.139026102114110817e-01 8.084290459616380042e-01 7.917956581336282884e-01 8.198968327556859226e-01 8.205449404626432575e-01 8.175410489936210112e-01 8.250900442067922169e-01 8.249338379043386071e-01 7.987947314977734692e-01 7.956256106412583629e-01 8.220986292244746307e-01 8.137770074958827760e-01 8.151651850258876397e-01 8.115175336963701413e-01 8.167934500323631442e-01 8.246013938465758253e-01 8.161770015658355026e-01 7.989282028208162245e-01 8.160489232459688935e-01 8.244132032429657420e-01 8.221035256154446413e-01 8.205179398581242678e-01 8.177203974829123645e-01 8.249202767582463069e-01 8.120384370124741347e-01 8.183913913002398566e-01 8.158369546322589150e-01 8.154285252996826827e-01
