1.000000000000000000e+00 1.465995589769827356e-01 6.832928776490498901e-02 9.097531425130843397e-02 1.527856699608286933e-02 -9.465212465924699404e-04 2.172688219460914075e-02 6.397480486082317286e-02 1.643209671718699472e-01 9.123713163635321921e-02 1.003656854579146850e-02 3.042979986084120084e-02 3.510564617341102589e-02 -6.758546041050386005e-03 1.840359453175363993e-02 2.765654097269185097e-02 1.047926104183394824e-01 3.046532532007579022e-02 3.603913309468333159e-02 -1.166649040133697218e-02 6.369544230952818575e-02 4.256585202957284542e-02 5.996743625191409272e-02 2.748036441269178023e-02 2.983950440696693518e-02 4.173071713293142332e-02 3.672140677779923285e-02 -1.063138294485050685e-02 6.771183189803109403e-02 5.860599821334266241e-02 4.294419302391729032e-02 4.481018473506093169e-02 9.002575311854707279e-04 3.413241384459406863e-02 5.539195502583053182e-02 1.352573658198408420e-02 1.700438076687662073e-02 2.201311561456069637e-03 1.639985182196667529e-02 -4.114272764897409368e-02 7.576640226937870343e-03 -2.398170529715730817e-02 -1.095053743670614844e-02 1.620621673978446531e-02 1.505873478836681177e-02 -2.813601597494933947e-03 1.744585477624753869e-02 3.989524064502194406e-02 3.575793261248926685e-02 3.271855457988018245e-02 2.185206332695598802e-02 2.070908797937552615e-02 3.122698038473187623e-02 5.260723688893595429e-02 4.410124834214193545e-02 1.736740961148095300e-02 8.311153034854841526e-02 2.287807376848288374e-02 4.160424464779910458e-02 6.155185362126905368e-02 2.919632851701479612e-02 6.008195956594013232e-02 4.589310458305907031e-02 5.411625482565009942e-02 8.750126755635970199e-02 7.704404703961137413e-02 2.073819680939644611e-02 2.156406816103464616e-02 2.416627621718850372e-02 -7.827399773596692423e-03 1.682066993942526317e-02 1.430215388759279414e-02 7.484788023227794719e-03 8.709921194223389784e-03 1.713306304718030526e-02 2.029758169804361800e-02 -2.736386431480603790e-03 3.453708599221257808e-02 8.514649865738991782e-03 2.641869571223103008e-02 2.172795971248110344e-02 1.341149875445555271e-02 3.866419378937047124e-02 1.528826110682737077e-02 1.582200453669967448e-03 4.835827918089043165e-03 -2.897860820176324792e-03 5.615349606817327671e-04 -1.843879789578309076e-03 1.274324698198029023e-02 -1.870724992035852421e-02 -1.462512266051279545e-03 1.890939959012734577e-03 1.346292465956968774e-03 9.334625019408807067e-03 1.736182904080214862e-02 4.375821963229353274e-03 5.362181680458544264e-02 1.725501006329319478e-02 8.850607220610229656e-04 -1.632647442345632263e-02 2.174689727523156091e-02 1.965062330069700797e-02 1.034359769441555756e-02 1.796799173252793327e-02 4.755346445432789143e-02 3.345055825601412486e-02 2.069527426196611855e-02 2.452851836992723383e-02 2.080800998960935164e-02 6.708032643264897135e-03 3.340494936134866255e-02 2.658630832921712872e-02 2.990831892571324882e-02 4.946329531790832207e-02 5.116248268181992215e-02
1.465995589769827356e-01 1.000000000000000000e+00 1.101858278008173014e-01 8.717248604179882177e-02 5.387741176380136943e-02 9.205529629625336385e-02 1.204988933261349343e-01 1.282461559431709308e-01 1.862454000258451370e-01 1.846116627507141672e-01 1.276374253946626902e-01 1.415371109306190478e-01 1.057936780676458771e-01 1.007609181623611849e-01 1.255248510463191636e-01 1.408094436943163608e-01 1.534355952632629194e-01 1.104528129383644669e-01 1.321407857271079955e-01 4.996973102394531435e-02 9.235233120873607982e-02 1.246540116436981455e-01 1.348702066370115193e-01 1.149408502498606710e-01 1.080100144038667054e-01 1.471453372930711101e-01 1.588659295830828766e-01 1.212580339399754736e-01 1.605196146946236690e-01 1.634473859486997582e-01 1.493446073165916321e-01 1.470099541829709422e-01 1.125024601683856373e-01 1.245262154097120100e-01 1.385376761427019598e-01 9.659910646973780823e-02 1.178447443511425191e-01 1.328807338031194607e-01 1.351428069152167677e-01 8.609570442260958134e-02 1.331557787457842146e-01 1.173204307611365738e-01 9.671033075137983048e-02 1.258665826719350400e-01 1.276969426177296529e-01 1.226552817489149627e-01 1.460079927195707117e-01 1.602344676399729551e-01 1.508453167156964536e-01 1.319294915519238498e-01 1.340150948898718442e-01 8.574812696684672164e-02 1.257558458715705429e-01 1.674128026581443718e-01 1.585657201020509444e-01 1.398171549995889662e-01 1.609606869712267019e-01 1.419012596218027222e-01 1.603929464709519803e-01 1.559250357185434088e-01 1.465887125692843795e-01 1.602264275393086301e-01 1.521753458568338435e-01 1.461103018349577676e-01 1.600398827319563233e-01 1.681304797708968457e-01 1.469175248293502767e-01 1.450467454401300482e-01 1.455018416965113692e-01 1.199755314725358124e-01 1.395131654645647146e-01 1.410354927858873397e-01 1.377376798663365043e-01 1.361479245725855658e-01 1.470797988126990030e-01 1.531032391665599068e-01 1.355489366183295907e-01 1.570151848117467275e-01 1.422663759899458757e-01 1.520618467039072663e-01 1.421532781281286684e-01 1.449394058587298029e-01 1.469202010840424677e-01 1.495527509530075183e-01 1.287348415498382748e-01 1.313946919972625027e-01 1.247191066771740908e-01 1.320400968353128701e-01 1.290540098431115779e-01 1.357314308051201790e-01 1.169160648539528113e-01 1.303260650575186474e-01 1.294718961525677114e-01 1.294824763241947951e-01 1.437638789289861496e-01 1.501473363392513694e-01 1.153372306463312374e-01 1.421957391287319017e-01 1.417188653767949835e-01 1.293672761038973662e-01 1.120148632087830665e-01 1.421653389163952397e-01 1.270356985751528167e-01 1.295957747549391637e-01 1.270184243601922003e-01 1.424464117459822710e-01 1.498314591127222484e-01 1.482325813171457563e-01 1.487139903487189885e-01 1.411711249533325885e-01 1.354030126912682264e-01 1.448295602083308486e-01 1.442085664242101772e-01 1.435289371646580880e-01 1.512315925462592581e-01 1.527138993509897513e-01
6.832928776490498901e-02 1.101858278008173014e-01 1.000000000000000000e+00 2.914466159710561444e-01 1.553755336534994591e-01 2.297757185579082373e-01 3.154582994932134676e-01 3.110078961354731386e-01 3.289997315802609124e-01 3.251015641043345505e-01 3.531799672199787410e-01 3.644608318829375415e-01 3.337004099367924526e-01 3.278638554933297478e-01 3.708854447326078163e-01 3.500807194118486509e-01 3.794767712376780344e-01 3.586048406147284706e-01 3.800876321117853118e-01 2.980920780457561037e-01 3.312343459414404667e-01 3.455983079629845744e-01 3.382163395472619905e-01 3.401628713224421063e-01 3.522644634494601634e-01 3.550951136719435741e-01 3.527423193286105541e-01 3.520889838674221006e-01 3.258904854001593021e-01 3.633283337153547232e-01 3.732086655895401894e-01 3.839592619011172880e-01 3.580215509214521585e-01 3.593988817600975993e-01 3.569998333297362825e-01 3.564499273744546892e-01 3.559788761671529023e-01 3.623533642854882553e-01 3.778827443187508517e-01 3.628391033604251859e-01 3.766150117171302436e-01 3.737323950439382925e-01 3.625452627435028496e-01 3.793988623313299668e-01 3.818997171867851703e-01 3.681837762028302152e-01 3.699196145040957173e-01 3.783864422990344534e-01 3.672539964268788371e-01 3.467098223041966132e-01 3.651478691802625964e-01 3.679371849781948312e-01 3.652983701412261808e-01 3.651043457471714326e-01 3.567282408947374250e-01 3.698384902568015997e-01 3.566913247550417276e-01 3.712487921359904908e-01 3.588903980125668913e-01 3.675879159196251966e-01 3.659845642325243453e-01 3.595751665880310699e-01 3.579678186576438770e-01 3.647143161515912779e-01 3.755271115551452876e-01 3.604654097405317059e-01 3.784709031962930625e-01 3.831718107064961965e-01 3.800053871629968660e-01 3.707288978864552442e-01 3.798901296115051451e-01 3.782294749998434402e-01 3.782501377022721156e-01 3.832053750630740052e-01 3.756096583698775304e-01 3.770211405468495980e-01 3.701498914952024988e-01 3.650783570533760458e-01 3.744116662110972271e-01 3.727773101721880700e-01 3.661083619358861951e-01 3.778762107702532402e-01 3.810402183442500035e-01 3.729102919201220945e-01 3.728317239524524540e-01 3.770223155696005302e-01 3.683273905104840762e-01 3.769967251013943699e-01 3.727564595632026356e-01 3.759490171787975288e-01 3.775674273350932419e-01 3.791987824986843281e-01 3.790236309493758005e-01 3.762110992189158232e-01 3.737187736766343082e-01 3.761154402167651845e-01 3.739298647233800232e-01 3.659779008567258241e-01 3.702062917770267969e-01 3.742933098344812803e-01 3.704643042248023099e-01 3.708937700256472181e-01 3.754119558207216212e-01 3.712063203823514623e-01 3.757105861611333975e-01 3.722388376728756887e-01 3.716372165844256670e-01 3.732184154247757957e-01 3.730525316909591438e-01 3.790017378233931367e-01 3.759968775564632715e-01 3.741842501477739558e-01 3.734358079399894281e-01 3.710101509808220177e-01 3.787661992975804859e-01 3.716705475550718951e-01
9.097531425130843397e-02 8.717248604179882177e-02 2.914466159710561444e-01 1.000000000000000000e+00 3.038499183450929508e-01 4.027639881013101442e-01 5.605918664298161769e-01 5.426834912156126567e-01 5.636411474667788468e-01 4.860751485840583141e-01 5.714661433928219791e-01 6.400199608076688751e-01 5.592584991255897808e-01 5.603201887342758036e-01 6.234789502471353995e-01 6.194099455872684734e-01 5.786390524966125160e-01 5.616618768557377628e-01 6.031129506724822731e-01 5.101023338542710617e-01 5.891682525329415832e-01 5.583032313820622816e-01 5.462642476133515723e-01 5.162291905180498297e-01 5.613056460452026108e-01 6.069785606605923034e-01 6.017060556610660527e-01 5.952550296935138485e-01 5.708739643615200476e-01 6.224168472743188962e-01 6.417731077832579123e-01 6.301795472981753798e-01 6.073798504353384864e-01 6.016546652093812675e-01 6.196074224608497660e-01 6.256123282133116970e-01 6.200068187965842581e-01 6.161270670831241469e-01 6.400474836735597917e-01 6.264874194617360281e-01 6.362401914486328636e-01 6.259029314165325264e-01 6.240068200583390734e-01 6.422852124604823132e-01 6.476743990124591566e-01 6.239777887439464932e-01 6.259768943912755734e-01 6.340351745643810766e-01 6.338681998462888378e-01 6.128093195873469679e-01 6.359229279274236646e-01 6.430273836673215948e-01 6.422996155804130414e-01 6.219198709809550252e-01 6.085841334170252193e-01 6.286954907324238118e-01 6.317334657400336395e-01 6.268283979792971250e-01 6.134422805370818299e-01 6.268191627185943915e-01 6.394637371899661860e-01 6.222423925144471291e-01 6.245392533612356134e-01 6.384818190368126700e-01 6.381435900441467801e-01 6.259607248985775696e-01 6.258532917080757985e-01 6.363377134563169557e-01 6.345418829412957651e-01 6.432714519295477107e-01 6.418310880450669442e-01 6.296053992499716090e-01 6.169114388018485107e-01 6.318586533774591674e-01 6.290692097979505570e-01 6.280156169075293837e-01 6.253945900742516883e-01 6.281923902681937344e-01 6.256994772877479960e-01 6.300710479291965482e-01 6.278031083951003399e-01 6.338219741167292476e-01 6.433940452229434115e-01 6.263637405445686701e-01 6.337917091017463145e-01 6.331667421448758937e-01 6.356621436406509895e-01 6.391554677555377761e-01 6.367940484533326506e-01 6.422745012672784748e-01 6.399110221105032137e-01 6.348921936272160504e-01 6.386980816065074285e-01 6.380060081093562596e-01 6.296542111259686436e-01 6.320028279977669694e-01 6.490549694684404347e-01 6.435885040513055211e-01 6.344103504296862983e-01 6.382847547000118915e-01 6.365683105334497549e-01 6.411364783604294182e-01 6.466182631385443136e-01 6.402089314839084500e-01 6.474094320834028471e-01 6.457660782055960613e-01 6.395529622408733239e-01 6.303381742639807550e-01 6.349736855114153089e-01 6.358046257933381851e-01 6.332105517209005718e-01 6.404277391633763639e-01 6.357650178567659793e-01 6.395294984177259945e-01 6.392620383124211214e-01 6.366181112691934318e-01
1.527856699608286933e-02 5.387741176380136943e-02 1.553755336534994591e-01 3.038499183450929508e-01 1.000000000000000000e+00 2.945438449652498791e-01 4.132786378381115289e-01 4.115889496951610216e-01 4.223660244172967593e-01 3.681215155379483628e-01 4.407263390107630241e-01 4.633128079679469935e-01 4.294323919602857087e-01 4.192252195186060293e-01 4.735000144241364173e-01 4.662720058175141014e-01 4.152815013858571769e-01 3.741582713986640329e-01 4.367108090064213410e-01 3.327368699464813284e-01 3.871471130968897056e-01 4.141534466990753338e-01 3.759893826788887616e-01 3.445846875033039547e-01 4.064428305088611526e-01 4.567735862199332475e-01 4.389781025324009933e-01 4.462402573564500652e-01 3.773449562670869728e-01 4.531670641775046304e-01 4.726162402117383698e-01 4.494303436467930735e-01 4.303710863450346258e-01 4.237476163956360176e-01 4.366510474212475512e-01 4.364982566699517341e-01 4.560446801532234695e-01 4.675492104745166966e-01 4.746593489352360917e-01 4.640218354798403277e-01 4.775867090873382459e-01 4.780765897427949329e-01 4.664391869869893292e-01 4.859746905818033702e-01 4.805874375140353205e-01 4.760450326969582480e-01 4.806960510347645932e-01 4.788604363972334133e-01 4.731087902572453929e-01 4.379583007762701263e-01 4.703537948858733664e-01 4.625280430335897974e-01 4.778087021451391525e-01 4.734068301078369623e-01 4.620300678976593800e-01 4.721114144605786933e-01 4.562086402408706554e-01 4.842926991219353994e-01 4.672731726539565145e-01 4.823704268892014535e-01 4.769173373583311393e-01 4.756175228249920339e-01 4.703833288596334095e-01 4.716593754169077779e-01 4.748953432860321122e-01 4.712305656106604568e-01 4.792147832330013735e-01 4.780607732980879376e-01 4.727998348445288657e-01 4.683991363600669144e-01 4.771361162659354394e-01 4.803638703940969479e-01 4.577925967736412582e-01 4.684646069488685449e-01 4.837364307121126972e-01 4.761238841274049172e-01 4.822141584764503275e-01 4.559176991243872323e-01 4.791875972416432816e-01 4.770885055560963872e-01 4.747184056209003966e-01 4.825053314049865816e-01 4.765268087978832279e-01 4.740913177306636528e-01 4.662405891930650470e-01 4.682337164430089849e-01 4.751199726990910643e-01 4.845755758761922105e-01 4.840888235411656138e-01 4.790066597882693955e-01 4.837107908376601650e-01 4.887058868316074833e-01 4.848740386965919025e-01 4.863213642740062959e-01 4.835021985976365455e-01 4.831583035701100814e-01 4.737148158793648700e-01 4.674303522235289665e-01 4.778702892838014304e-01 4.814067165709485230e-01 4.843392672586066539e-01 4.790042118866880139e-01 4.840226751763259117e-01 4.875201950355043112e-01 4.813801539739952506e-01 4.718504541974334887e-01 4.796090824448677181e-01 4.825004932231546917e-01 4.844233890427914191e-01 4.855335148130422995e-01 4.835642194855000464e-01 4.864756280288123347e-01 4.822629128590012471e-01 4.804548071336297577e-01 4.777473864307207885e-01 4.800221772879554871e-01
-9.465212465924699404e-04 9.205529629625336385e-02 2.297757185579082373e-01 4.027639881013101442e-01 2.945438449652498791e-01 1.000000000000000000e+00 5.346121535401622271e-01 4.822139060488865869e-01 5.006314321019386115e-01 4.508739146235868356e-01 5.577069251597430721e-01 5.786657651815170222e-01 5.054263115038991616e-01 5.314465498596642190e-01 5.874882168137925964e-01 5.689105633300303166e-01 5.098520228627960726e-01 4.988658250640405356e-01 5.428464058127306924e-01 4.655157186664244384e-01 4.983779034860728596e-01 5.188468558649650397e-01 4.987828949588621330e-01 4.797711224937132313e-01 5.129369754091334110e-01 5.712410003717285356e-01 5.784040842873364729e-01 5.695281246186982838e-01 5.171170885212486024e-01 5.746592519938452659e-01 5.948050431137690275e-01 5.840159599143298630e-01 5.645863514738774791e-01 5.648135532710851781e-01 5.710960454508818840e-01 5.762259638688410623e-01 5.778915022959145720e-01 5.816975115295678345e-01 5.972451942814795967e-01 5.793914013695031784e-01 5.987788726365994574e-01 5.988099920019622768e-01 5.878863001588698900e-01 6.048815002823433318e-01 6.070483901011962669e-01 5.989747950864788839e-01 5.904723472498925041e-01 5.959123810109013819e-01 5.841466858775549165e-01 5.603936053193406819e-01 5.901207174017224499e-01 5.795325403971330891e-01 5.940285274603950283e-01 5.776911985470180033e-01 5.632177613747957334e-01 5.883517943519526172e-01 5.585341858789766301e-01 5.893164071733717480e-01 5.662432427072039420e-01 5.852210157914977673e-01 5.961233330683435305e-01 5.739161587837312561e-01 5.752684018374601971e-01 5.861520706046008389e-01 5.888818537206538251e-01 5.712172432601918537e-01 6.022415744475330124e-01 6.043903692393320926e-01 6.027909055859909104e-01 5.991205383726015965e-01 5.998409154812810451e-01 5.992722069199863943e-01 5.924437787337674122e-01 5.970501142876716294e-01 6.044092448548987750e-01 6.030216720851445666e-01 6.002074525965999108e-01 5.844073198227723864e-01 6.000737113136243028e-01 5.985075392827472474e-01 5.994544738031259978e-01 6.015027556714299672e-01 5.983022157659745321e-01 6.022181499535624871e-01 5.986600277897794475e-01 6.036598707367306638e-01 6.027987827269138954e-01 6.089775481810295599e-01 6.125016379293077851e-01 6.005797277130340284e-01 6.118173989034707549e-01 6.087766260858286094e-01 6.061483988197921002e-01 6.100622010562617437e-01 6.019652749066944919e-01 5.999712055303721980e-01 5.956627269789557255e-01 5.845334928045717859e-01 5.974431802548185733e-01 6.085645736686428053e-01 6.109673839014168051e-01 5.979519172796706750e-01 6.034859504857366108e-01 6.055413240430673749e-01 6.058633872035517065e-01 5.876891076313688345e-01 5.966693518303477495e-01 6.012572371384130587e-01 5.967838877925035757e-01 5.994694515586720396e-01 5.994879555104278834e-01 5.976403144448214633e-01 5.951387185139486169e-01 5.988788737256753869e-01 5.992173179591133714e-01 5.901885856063954217e-01
2.172688219460914075e-02 1.204988933261349343e-01 3.154582994932134676e-01 5.605918664298161769e-01 4.132786378381115289e-01 5.346121535401622271e-01 1.000000000000000000e+00 7.089778306920924145e-01 6.823954675209795706e-01 6.203317240692405310e-01 7.405827177420484242e-01 7.914995847166403919e-01 7.074405828883211234e-01 7.183119244807096848e-01 8.462066269973407273e-01 8.018629913373542806e-01 7.126961485505544092e-01 6.653948512203780030e-01 7.154877587654134841e-01 6.111680722786716480e-01 6.819043904243762277e-01 6.744406611520193939e-01 6.436118564217222504e-01 5.998269130031921303e-01 6.531473144836186240e-01 7.568897318236332827e-01 7.736800113192309203e-01 7.699917986180617735e-01 7.223325088722567511e-01 7.707221349265032107e-01 7.996438966542668281e-01 7.823666943397471485e-01 7.633633331164716429e-01 7.534647589441650917e-01 7.606938881522065099e-01 7.677009859882051312e-01 7.700250619337793978e-01 8.021992519091689644e-01 8.045148502067072105e-01 7.936034586811907543e-01 8.072886344094798439e-01 8.161593528072236259e-01 8.009504844161170478e-01 8.236152756783049478e-01 8.092338308986560813e-01 8.104402589515877775e-01 8.036611529003835352e-01 8.034415502865713821e-01 7.983140066448074501e-01 7.679631072376652545e-01 8.111730122021981737e-01 7.734692312272474224e-01 7.971146179401661369e-01 7.871747322393697344e-01 7.674776107033273176e-01 7.920635999047669351e-01 7.624131307853486694e-01 7.986660142653555505e-01 7.799140632667850292e-01 7.919336734482234075e-01 8.031830550809898606e-01 7.812571651380689763e-01 7.815543872488759369e-01 7.969504912039269140e-01 7.865654755229762873e-01 7.696134523519947424e-01 8.094797122893395702e-01 8.107208500579241583e-01 8.051454294217360586e-01 8.122508051277529395e-01 8.062433989197598239e-01 8.009482993212387880e-01 7.832667378352881071e-01 7.856668473594526914e-01 8.110967506410391437e-01 8.072082201022109382e-01 8.134316300740251915e-01 8.064030288554652204e-01 8.097084103827644208e-01 8.012414303465404952e-01 8.000927604029752782e-01 8.079828372010695592e-01 8.059024443499158696e-01 8.092310848342688656e-01 8.125221183073770836e-01 8.061992201739784925e-01 8.065644108706148119e-01 8.248225224127763155e-01 8.199672522820338205e-01 8.137850184401203002e-01 8.210156103346651912e-01 8.232252123164686131e-01 8.187937655705763706e-01 8.212595172776882002e-01 8.121773994434527966e-01 8.102508373683915410e-01 8.137394487121910602e-01 7.989733151343345607e-01 8.117714095686704434e-01 8.233939078317465965e-01 8.201544346924236617e-01 8.103819510171844653e-01 8.097273699735236807e-01 8.183338053471438389e-01 8.140060754054427861e-01 7.964080564044567767e-01 8.109077269439081137e-01 8.090184394037768234e-01 8.095508980783194808e-01 8.120604960440345188e-01 8.186652710674785505e-01 8.095374454043473555e-01 8.055226814857165962e-01 8.108454738242317772e-01 8.079714690047591352e-01 7.971756310934291490e-01
6.397480486082317286e-02 1.282461559431709308e-01 3.110078961354731386e-01 5.426834912156126567e-01 4.115889496951610216e-01 4.822139060488865869e-01 7.089778306920924145e-01 1.000000000000000000e+00 6.821898199946554442e-01 6.136970775160873748e-01 7.070697621443918779e-01 7.649320808523629722e-01 6.992534688060135784e-01 6.842994757054076116e-01 7.876800504592348373e-01 7.811427606443595018e-01 6.910481633902898491e-01 6.429153227471940957e-01 6.971238506543430136e-01 5.627992363324750835e-01 6.624740414691887569e-01 6.747450990421337558e-01 6.219841787835957980e-01 5.721387731997822357e-01 6.295919234720691593e-01 7.258176091090005055e-01 7.329618550055418957e-01 7.098874901530117798e-01 6.816224434995461490e-01 7.475242734851398341e-01 7.727889149842176453e-01 7.448742104478981441e-01 7.077734081608419991e-01 7.078368897925332304e-01 7.334082888543446144e-01 7.341211391432995725e-01 7.325799148807093930e-01 7.625296569447257422e-01 7.686344982323204400e-01 7.354117174429841697e-01 7.631559143342483420e-01 7.703250717966899641e-01 7.573261227523310213e-01 7.908752694051411902e-01 7.700046089111856062e-01 7.730678156195093242e-01 7.766084232938430532e-01 7.849127438475230756e-01 7.841049899698346870e-01 7.472715949979121808e-01 7.789930163727067924e-01 7.314283452373586680e-01 7.720443303876145524e-01 7.740070739775952724e-01 7.614201552425167163e-01 7.711584966116403761e-01 7.697230917891404456e-01 7.837555537259445204e-01 7.752863503652743793e-01 7.809470110340285265e-01 7.862053284127464847e-01 7.809353914404963959e-01 7.765818020820967060e-01 7.838163903622205053e-01 7.796230352291599885e-01 7.680214811372519934e-01 7.821226489235131307e-01 7.829367184902973342e-01 7.745459229607795093e-01 7.747640841295114766e-01 7.835631811672749691e-01 7.769023658292822931e-01 7.509638680028689617e-01 7.593156465536270439e-01 7.807265871728316098e-01 7.754951098169199364e-01 7.728962642050951626e-01 7.716984202907372081e-01 7.751431742133565450e-01 7.757201612612858455e-01 7.696244552379172266e-01 7.789578845414223407e-01 7.805831154559086382e-01 7.764204168444271970e-01 7.722389340459284712e-01 7.659389180711780876e-01 7.701142759943661042e-01 7.859644173018318636e-01 7.816354937839564698e-01 7.834730511308416467e-01 7.719494435281163414e-01 7.853291025496365041e-01 7.821646769026786572e-01 7.850971698105421170e-01 7.839374689302173183e-01 7.832303266977049816e-01 7.816764979968141569e-01 7.819562138797374606e-01 7.875406411633908421e-01 7.842790930439628161e-01 7.804132393910034882e-01 7.910471196804789162e-01 7.816758978271107772e-01 7.888925730434803718e-01 7.811828770572349923e-01 7.841286675521673688e-01 7.894875770746652144e-01 7.836306864264109828e-01 7.854814625168400344e-01 7.862410941137467635e-01 7.878986774578145003e-01 7.870104985905124195e-01 7.875480802654006851e-01 7.891979623337940231e-01 7.850739488652372922e-01 7.830058902462898596e-01
1.643209671718699472e-01 1.862454000258451370e-01 3.289997315802609124e-01 5.636411474667788468e-01 4.223660244172967593e-01 5.006314321019386115e-01 6.823954675209795706e-01 6.821898199946554442e-01 1.000000000000000000e+00 7.113208829549526602e-01 7.706109278867012691e-01 8.238909691693520054e-01 7.467603911555948937e-01 7.410400758883969319e-01 8.141378364767117848e-01 8.128101418706320525e-01 7.790748386676481507e-01 6.743728704513418659e-01 7.513110051573090864e-01 5.870848228538049218e-01 6.896545809394517557e-01 7.250600602058182576e-01 7.017411994198975433e-01 6.380655834825773587e-01 6.997743142021458640e-01 7.915139546447429453e-01 7.993220885157371614e-01 7.536758640278629073e-01 7.197566758157626365e-01 8.305380713284274963e-01 8.429059213299424647e-01 8.060414648041034358e-01 7.472411941167018679e-01 7.577152224024944482e-01 7.926450828228378542e-01 7.665835701144472214e-01 7.945395271191167952e-01 8.107585758189417291e-01 8.256200920376461916e-01 7.510892783597167277e-01 8.262124023447364740e-01 8.099782792381408081e-01 7.798881466500333648e-01 8.364305631413997411e-01 8.296246382335314973e-01 8.229715764524337951e-01 8.531394071585910455e-01 8.649433940860081771e-01 8.489783900795002669e-01 7.928588397014466604e-01 8.265503801273798024e-01 7.799959790395550874e-01 8.356801844353908271e-01 8.639616777976066864e-01 8.480390742891359412e-01 8.439240935039137304e-01 8.464953041649428966e-01 8.510503137488060199e-01 8.505058892284893535e-01 8.694246104460001678e-01 8.458308829316132371e-01 8.643798700134468493e-01 8.520748604105239377e-01 8.535459106509869498e-01 8.642031668863919824e-01 8.627178494428464628e-01 8.581515865278878108e-01 8.502868545371844444e-01 8.439931230640712601e-01 8.156485271844459151e-01 8.464441706379248753e-01 8.492129126004542838e-01 8.197285114325518762e-01 8.306244528412151107e-01 8.482652123141639633e-01 8.484892265347162565e-01 8.357817678638947978e-01 8.338066215195785169e-01 8.356831800010071643e-01 8.532279382262449863e-01 8.429245468884951631e-01 8.542589504456834515e-01 8.545052384359027586e-01 8.458851488989296286e-01 8.254157154084914572e-01 8.312321062098314561e-01 8.267847754575761154e-01 8.405550576003771868e-01 8.394748755773958626e-01 8.458797013876045989e-01 8.216630115362326681e-01 8.413294689580677055e-01 8.429533124258119514e-01 8.440752849707804373e-01 8.531212985544590621e-01 8.580407861590744201e-01 8.242773443775401887e-01 8.450247992871682268e-01 8.490568850050452809e-01 8.380725324829390033e-01 8.281255428944146457e-01 8.506633344517695594e-01 8.475321631201784278e-01 8.508280505930544413e-01 8.448009441141121068e-01 8.537129614611779216e-01 8.591228478922647849e-01 8.583203974344214560e-01 8.583018601715127760e-01 8.582076618624607800e-01 8.462331785223323743e-01 8.637485813284407898e-01 8.603290173135629271e-01 8.580630849062057530e-01 8.618226839990190680e-01 8.644669533241279291e-01
9.123713163635321921e-02 1.846116627507141672e-01 3.251015641043345505e-01 4.860751485840583141e-01 3.681215155379483628e-01 4.508739146235868356e-01 6.203317240692405310e-01 6.136970775160873748e-01 7.113208829549526602e-01 1.000000000000000000e+00 6.924132081769941438e-01 7.473949162849551353e-01 6.657090061445366524e-01 6.607309992590716385e-01 7.437281503174252295e-01 7.311676470666303995e-01 6.846369643608271049e-01 6.182726135753600083e-01 6.813077590322506039e-01 5.464426997053829504e-01 6.017691748341859048e-01 6.501698220260356820e-01 6.322130666767477036e-01 5.847856125667013627e-01 6.315468133657122785e-01 7.149312017669114949e-01 7.300478884620773545e-01 6.972830111941161757e-01 6.714521806783289026e-01 7.560679454863266091e-01 7.669149458917315920e-01 7.363232504001374634e-01 6.819356533691703914e-01 6.979830313476873549e-01 7.209527210380209938e-01 6.954431869329794624e-01 7.219612060155422562e-01 7.369756535381539742e-01 7.539121489270222964e-01 7.010307293303271736e-01 7.616088639355951262e-01 7.416562511376899591e-01 7.072331804491601703e-01 7.550232599947798162e-01 7.538824862310585795e-01 7.459551971821483107e-01 7.702925472600811174e-01 7.809540530630041388e-01 7.743468391442384080e-01 7.256442947760661788e-01 7.517315507982029743e-01 6.945964338301297003e-01 7.488655612010343132e-01 7.803372192367575844e-01 7.656858783934754609e-01 7.702911224718141936e-01 7.644684714233277445e-01 7.668461444048898512e-01 7.714160090155621763e-01 7.723556028351996616e-01 7.622192805041381192e-01 7.770674382744767739e-01 7.694878391044388533e-01 7.647571215766411079e-01 7.610855806131305856e-01 7.672452257913895401e-01 7.774923000088469482e-01 7.691851711706992889e-01 7.624951159257857825e-01 7.425740005883043615e-01 7.610419764077149818e-01 7.650156737166238230e-01 7.457278355047551877e-01 7.544771718978320330e-01 7.688504681760357506e-01 7.693711618829498500e-01 7.603762626756601639e-01 7.626847425742154796e-01 7.648131859199782667e-01 7.747149033290685605e-01 7.657775026439582744e-01 7.736598209745564336e-01 7.737932855213613959e-01 7.662646255832196163e-01 7.543769665924836554e-01 7.561950902455111256e-01 7.539100878761998414e-01 7.654636857737581179e-01 7.608366868707955311e-01 7.687003352583707816e-01 7.504109152628893886e-01 7.631925203300884419e-01 7.631173402964438468e-01 7.660863810066336210e-01 7.714632752852753628e-01 7.765736929077237116e-01 7.509850055538007663e-01 7.584469602542441846e-01 7.665694552885647939e-01 7.609708099215022337e-01 7.488304894200207285e-01 7.679652019537620555e-01 7.612849359787995374e-01 7.650154730270132264e-01 7.598556169672000538e-01 7.676816155463743740e-01 7.770456979332168723e-01 7.762474966844065127e-01 7.775923866927114680e-01 7.734071197726505309e-01 7.704209348954684788e-01 7.749266668922176748e-01 7.762400004382958851e-01 7.705547735339594029e-01 7.689134017653225239e-01 7.710719918984929588e-01
1.003656854579146850e-02 1.276374253946626902e-01 3.531799672199787410e-01 5.714661433928219791e-01 4.407263390107630241e-01 5.577069251597430721e-01 7.405827177420484242e-01 7.070697621443918779e-01 7.706109278867012691e-01 6.924132081769941438e-01 1.000000000000000000e+00 8.533355644827401720e-01 7.651965574895386313e-01 7.838719708018007104e-01 8.578096248535669321e-01 8.408992465586403453e-01 7.769072426441966384e-01 7.209289973636497928e-01 7.836989419954299985e-01 6.403319243172511666e-01 6.992088848908510901e-01 7.568579474740811941e-01 7.167702836603800920e-01 6.691468100973390065e-01 7.318903913111122206e-01 8.302281224910871282e-01 8.425442589525860004e-01 8.175678131705959029e-01 7.486150229173393900e-01 8.500693816155285853e-01 8.789252882440738990e-01 8.384509703869056363e-01 8.041555469715587767e-01 7.997204222582772193e-01 8.277126129486394035e-01 8.166698521545036060e-01 8.489126422144910311e-01 8.506481341172079658e-01 8.685424367674484669e-01 8.232600731323893584e-01 8.741903560298898146e-01 8.680590781354263763e-01 8.371904599381213563e-01 8.780123843459980426e-01 8.679680371340262601e-01 8.718340833789050004e-01 8.845923965043966941e-01 8.858851949378364621e-01 8.711713643620262459e-01 8.218987165589899391e-01 8.603666499374403864e-01 8.304013539932597610e-01 8.676601266385295386e-01 8.730717436074048043e-01 8.544876041953558543e-01 8.709524901209788617e-01 8.388374897513017903e-01 8.768623871901128908e-01 8.571667994170638627e-01 8.759069639879561997e-01 8.746015029210737479e-01 8.672609527386253570e-01 8.637803950981020051e-01 8.683784370466365310e-01 8.712254714601663785e-01 8.635237139798220829e-01 8.898575632502532251e-01 8.888129743244518322e-01 8.819447358871405074e-01 8.658256182248728061e-01 8.843575385217560259e-01 8.868938606880775177e-01 8.597691384875459919e-01 8.712742192352030957e-01 8.917956759386893584e-01 8.913485922625824509e-01 8.856523493018922943e-01 8.688112881120855224e-01 8.822270585540323840e-01 8.858957001652124630e-01 8.879535028348042314e-01 8.904601652422839964e-01 8.836839684302232323e-01 8.872875067089215362e-01 8.740871116727052526e-01 8.769407013990283550e-01 8.821408345240988602e-01 8.909629347651972786e-01 8.920553993355037070e-01 8.846909643553858560e-01 8.854093122151828199e-01 8.923873670797354274e-01 8.899035988976317091e-01 8.920826653280029550e-01 8.927804953053311010e-01 8.920341956587225507e-01 8.703827534337642557e-01 8.641760926645251084e-01 8.834678547658181280e-01 8.873034029336472894e-01 8.830422195889714443e-01 8.850572595214464267e-01 8.851722674531303792e-01 8.910077502922268966e-01 8.868377760418170164e-01 8.724796930461360400e-01 8.856458944925694743e-01 8.897333942113215821e-01 8.880350946713468918e-01 8.892029599133267626e-01 8.849356753956797439e-01 8.882516472911381467e-01 8.861556959416152512e-01 8.873045949447215808e-01 8.863734513478774835e-01 8.830636505603174369e-01
3.042979986084120084e-02 1.415371109306190478e-01 3.644608318829375415e-01 6.400199608076688751e-01 4.633128079679469935e-01 5.786657651815170222e-01 7.914995847166403919e-01 7.649320808523629722e-01 8.238909691693520054e-01 7.473949162849551353e-01 8.533355644827401720e-01 1.000000000000000000e+00 8.202079279905726272e-01 8.265309713853139506e-01 9.201108202622634291e-01 9.081159937689894379e-01 8.188155673352673913e-01 7.711726314457600928e-01 8.379070329173891052e-01 6.963638135065109980e-01 7.851573483114699936e-01 8.045164861819995572e-01 7.586047016527722731e-01 7.175822167462898582e-01 7.761969396640036045e-01 8.751496953079410668e-01 8.854585378963372166e-01 8.665075504614379032e-01 8.136259895959209176e-01 9.073514722739999261e-01 9.319923045978574239e-01 8.955937231619101047e-01 8.557221529235877755e-01 8.541433995212019958e-01 8.778102781998672333e-01 8.773136149604108258e-01 8.913426287641722512e-01 9.177698513630697663e-01 9.269298604484780268e-01 8.916161843476015925e-01 9.291884825739739062e-01 9.277185256848525796e-01 9.003225656030356960e-01 9.419001784412732725e-01 9.313786712745113494e-01 9.296016986806483473e-01 9.434449138696412440e-01 9.456535573670447059e-01 9.413993367781978705e-01 8.894644121170932616e-01 9.314611955093929918e-01 8.921597572341507520e-01 9.309872040431353968e-01 9.351277224107182873e-01 9.197734165756260571e-01 9.329190576970440851e-01 9.172556241259111065e-01 9.384638490118756282e-01 9.286414740132212797e-01 9.395277747996573225e-01 9.404025177121791979e-01 9.350615074150895323e-01 9.312160054737935733e-01 9.368212056640333740e-01 9.306931846501060868e-01 9.259407091726591377e-01 9.429399499111397187e-01 9.420813057845586203e-01 9.332684314458460362e-01 9.324220652878004723e-01 9.426532237423714822e-01 9.372145733781529486e-01 9.131020008091147444e-01 9.267932464074152277e-01 9.412786542827220604e-01 9.391914406344782362e-01 9.384589775174607684e-01 9.286297724695167233e-01 9.340492299523454056e-01 9.388975050064797268e-01 9.347699785873283540e-01 9.461589419200350237e-01 9.415237039588293388e-01 9.375499355501720755e-01 9.294519419985619590e-01 9.303900005874010670e-01 9.340071539203551598e-01 9.463818047628753671e-01 9.429871259580714371e-01 9.445613675486870253e-01 9.369421257278690574e-01 9.461795154831385002e-01 9.462486191168796301e-01 9.483331669616082982e-01 9.460915886066552094e-01 9.482339350739540373e-01 9.358866838063216731e-01 9.301680103688043655e-01 9.425518453286172438e-01 9.431842904451087639e-01 9.400353608898137647e-01 9.468662742601885451e-01 9.453199700628430735e-01 9.503206420348707661e-01 9.440346951337856840e-01 9.392130569430546805e-01 9.466414383026202639e-01 9.456215550741223774e-01 9.471213203218012966e-01 9.480038439109265136e-01 9.465214650107063310e-01 9.490119884483725343e-01 9.484129350285488425e-01 9.467408357933457808e-01 9.424872885619918206e-01 9.412050835624435896e-01
3.510564617341102589e-02 1.057936780676458771e-01 3.337004099367924526e-01 5.592584991255897808e-01 4.294323919602857087e-01 5.054263115038991616e-01 7.074405828883211234e-01 6.992534688060135784e-01 7.467603911555948937e-01 6.657090061445366524e-01 7.651965574895386313e-01 8.202079279905726272e-01 1.000000000000000000e+00 7.428090214899422117e-01 8.290890923891338637e-01 8.263738580960098279e-01 7.192035186789882406e-01 6.615126750639934716e-01 7.334024080792249656e-01 6.157582425103265145e-01 6.750492234286892268e-01 7.031049611667905541e-01 6.888184140704477487e-01 6.234250320445459126e-01 6.867914734785449671e-01 7.900656270248784807e-01 7.999714898938086183e-01 7.782544363585492952e-01 7.209713016940807462e-01 8.204907605973845719e-01 8.443338799073861756e-01 7.906804088016128329e-01 7.478622595138517681e-01 7.497714196969591516e-01 7.856153112407273653e-01 7.770850113311782437e-01 8.063081526126786303e-01 8.096759273992569783e-01 8.228942044648084320e-01 7.812481356758462780e-01 8.286929148347066398e-01 8.243811323975923644e-01 8.038461610420413184e-01 8.393650230480769192e-01 8.297385034527700043e-01 8.341758273082521269e-01 8.400900693227677518e-01 8.469113619918947622e-01 8.399111114232001851e-01 7.902402130699630600e-01 8.221428387150117034e-01 7.898618702646004186e-01 8.316527184870993183e-01 8.382654430464320239e-01 8.242230484205982366e-01 8.357123564301240926e-01 8.173977471999641642e-01 8.387151629988556234e-01 8.240592211704957926e-01 8.473718682140501945e-01 8.417613446611991179e-01 8.369250369073504281e-01 8.339398312054284723e-01 8.387687837818449399e-01 8.348595974249091167e-01 8.353971350037946442e-01 8.440631731793000192e-01 8.406496376896021028e-01 8.363530620960081263e-01 8.268412995811669219e-01 8.375066197804632573e-01 8.386828438728957114e-01 8.105484569324139521e-01 8.231285000301686861e-01 8.458288412322764183e-01 8.444197254257834739e-01 8.394556680678860738e-01 8.308422415530813954e-01 8.373268305797417765e-01 8.451637715202785506e-01 8.398477193443045774e-01 8.505537744381188592e-01 8.425715808168519061e-01 8.415626743843401814e-01 8.265854038430247019e-01 8.281345533621062849e-01 8.371586165719324679e-01 8.416742005394489690e-01 8.421564758657206218e-01 8.426317281639446044e-01 8.334139462806781085e-01 8.464179382952827790e-01 8.458775468289589927e-01 8.486188947019245310e-01 8.468130742202165662e-01 8.483349500293988488e-01 8.312535083988206175e-01 8.349710231385882864e-01 8.460590772426513917e-01 8.399969028980175390e-01 8.436772851888336699e-01 8.480352339331611589e-01 8.471917311075746193e-01 8.509803665455435429e-01 8.458672822394299740e-01 8.399128392623926853e-01 8.466842476709834919e-01 8.482282371913819619e-01 8.470709266326345022e-01 8.486487980172997547e-01 8.412689807449340584e-01 8.524622071486979147e-01 8.480694983213425964e-01 8.508760445294688557e-01 8.457977243653419519e-01 8.484483156776346791e-01
