1.000000000000000000e+00 1.184227309161573899e-01 1.530716699392852265e-01 1.159679077262061458e-01 7.383521942561994261e-03 6.103930117262702099e-02 -7.531618276152751180e-03 9.372164332836352418e-02 1.493566235587647784e-01 1.396602456201855025e-02 4.905503557318755675e-02 3.915983744979095738e-02 4.384316999463683945e-02 2.895745829830837989e-02 3.895368805365530089e-03 5.209396492213589497e-02 1.150360641908364928e-01 1.938316981670274441e-01 1.509976179655909412e-01 1.740174741964818639e-01 2.094912686597937279e-01 1.745589444365187315e-01 1.387538754321399892e-01 1.800687853597423282e-01 1.724610356577024051e-01 7.306422708655352372e-02 1.095225967094745761e-01 8.094977963288807477e-02 8.753472474176438034e-02 7.825484095449483646e-02 9.380390210599631740e-02 1.016120850738588682e-01 5.906799824229170409e-02 1.328377244517927602e-01 1.151217251495374877e-01 1.174752684254131985e-01 9.045574071161996410e-02 2.099921943552447712e-02 3.810664303627974564e-02 1.629644056193896642e-02 4.796385505533693611e-02 1.713046897651677655e-02 2.027323078941810700e-02 3.188075493478694650e-02 4.770912247978994353e-02 3.211503681553878192e-02 8.432642058070434488e-03 2.368330895819642165e-02 2.468376227073365223e-02 6.857900257198160099e-02 3.203070154409357051e-02 9.434019191791358228e-02 4.979978062999872168e-02 3.770305119725432530e-02 3.886501105388228544e-02 3.991486338462011535e-02 5.865879591838523560e-02 1.306879632094916192e-02 1.554808942183350667e-02 3.524554849604524115e-02 3.255326754643723952e-02 2.335111887025711694e-02 4.312938531722547431e-02 3.196535616463928170e-02 9.623132276325120638e-02 6.571989053251738044e-02 3.922229217634722737e-02 5.832816949504881360e-02 5.800002254434356158e-02 7.494870082128687883e-02 6.727916961584251565e-02 6.750602420506549017e-02 8.066597708263524569e-02 6.987432603639558149e-02 3.617610234544001158e-02 4.088007510385212318e-02 3.412549065965220230e-02 4.316751358925592641e-02 4.130723523546589449e-02 3.996723903964632951e-02 5.241806009959522339e-02 3.950486323310580666e-02 5.073461685427899104e-02 3.656165391104606449e-02 3.873038707503356770e-02 5.626696659577332116e-02 4.416846746306701821e-02 2.465957586181514311e-02 2.224971795915775194e-02 4.516762224488326399e-02 1.211004046744936814e-02 1.249867439263719487e-02 1.641895367047502274e-02 1.556038524279937385e-02 1.223241331385463947e-02 1.018277030580812953e-02 2.144647584275492444e-02 6.042318932803460163e-02 2.352139457658476360e-02 1.902444905430992692e-02 4.779147165514182304e-03 3.418081922330915012e-02 1.687549860826981565e-02 1.051076081016084213e-02 4.970491446741048813e-02 4.500511501156054944e-02 2.023543696808508333e-02 2.055576950270734601e-02 2.171351318346800494e-02 1.798167854850821201e-02 1.828457284188874515e-02 1.833520114511847862e-02 1.915355289402078526e-02 2.628827979732848222e-02 4.718757430305306477e-02 5.490171585315312824e-02
1.184227309161573899e-01 1.000000000000000000e+00 3.213012274613535196e-02 1.282610688364022207e-02 1.569401223394818051e-02 9.451756814878432833e-02 8.315567983128190066e-02 8.185343043828618992e-02 1.624893718487471772e-01 1.540681901613234484e-01 1.031887849135683100e-01 9.475464750116031898e-02 8.377696188906723351e-02 1.090981018299765348e-01 1.244502341757738190e-01 1.183744673681082632e-01 1.574197897939817736e-01 1.876685705366500090e-01 1.686296109052344283e-01 8.656714252385994124e-02 1.425410946268969303e-01 1.347499260246843855e-01 1.877324556022279267e-01 1.695551725952064992e-01 1.803726723195896720e-01 1.782221059717147005e-01 1.428046593143759979e-01 1.472196602705173607e-01 1.491462880910185418e-01 1.787966511931088354e-01 1.781588120080738746e-01 1.762972102186883550e-01 1.575579424182482480e-01 1.593910506605104582e-01 1.721707920104125489e-01 1.408670154713457523e-01 1.635170114143512932e-01 1.503249265368044874e-01 1.376298429871866680e-01 1.131229526917244405e-01 1.434095781212372245e-01 1.231526898069564835e-01 1.119881353240662764e-01 1.251561489278184280e-01 1.254068826014073657e-01 1.386313570484691005e-01 1.294674027652202297e-01 1.436951200347027224e-01 1.373584685788978021e-01 1.244849137960029051e-01 1.335611479488261477e-01 9.716186194148632160e-02 9.574638231741039451e-02 1.500894656707273678e-01 1.431087534820935647e-01 1.487283644313156794e-01 1.229344929016872867e-01 1.299333211921915032e-01 1.341244906453045449e-01 1.453703713762292959e-01 1.313228482334616865e-01 1.297178840386799814e-01 1.294585674331793224e-01 1.372425810614624486e-01 1.524469978626931677e-01 1.317429355631927756e-01 1.470532392591301640e-01 1.561717100910637868e-01 1.557824987562121399e-01 1.275656573581140374e-01 1.323652750800720368e-01 1.404982853110622876e-01 1.521748866015387447e-01 1.474984687362884961e-01 1.483621825671459504e-01 1.477353073058489119e-01 1.509239522202484307e-01 1.463437996475291936e-01 1.473459773907271619e-01 1.502108278421731002e-01 1.527827834873194401e-01 1.516610783284438602e-01 1.441650627748536917e-01 1.508966469844391922e-01 1.260287929413353714e-01 1.387864001058191910e-01 1.430440277008309946e-01 1.350037024916910522e-01 1.383301851155786522e-01 1.470891690088642623e-01 1.229512061893126007e-01 1.317670245258800998e-01 1.328416636342967805e-01 1.331820039071519024e-01 1.337812143900545536e-01 1.375409305282367378e-01 9.646151748945255844e-02 1.146954554523434283e-01 1.290594837213551727e-01 1.308969359531310106e-01 1.203144925425332495e-01 1.280385809561404020e-01 1.114447530169799527e-01 1.217142763732419058e-01 1.166738027324736166e-01 1.255154699728049383e-01 1.309536362151345057e-01 1.400694195326340485e-01 1.387338212529313219e-01 1.332573402889267455e-01 1.308343850219828575e-01 1.353737738907258015e-01 1.304006179410484023e-01 1.323650199387453041e-01 1.383825060147200470e-01 1.357039333576579576e-01
1.530716699392852265e-01 3.213012274613535196e-02 1.000000000000000000e+00 3.132474594174831650e-01 1.667660972572812539e-01 2.159723825802900843e-01 1.791677058259352751e-01 2.566075349450570586e-01 2.917793017198805350e-01 1.656525291779862574e-01 2.832510754107021578e-01 2.970624490976029319e-01 2.623260407495824342e-01 2.480928192447539038e-01 2.402782854778922894e-01 3.099218641567335064e-01 3.191550365428225677e-01 3.457102970413542531e-01 3.619952221710253659e-01 2.993234055055387088e-01 3.992298224640881132e-01 4.014720921044268032e-01 3.599270491994788768e-01 3.667565870830344354e-01 3.814567080926388742e-01 3.046623151884854663e-01 3.486017728530437787e-01 3.354792699431884406e-01 3.253198903650606488e-01 3.140305383807189821e-01 3.247442545604888875e-01 3.377622459142845535e-01 3.055709459257319183e-01 3.675042902221013486e-01 3.280456156146216440e-01 3.423537890073387602e-01 3.044444269049754737e-01 2.919840136879597869e-01 2.940970027158443800e-01 3.249552304652528756e-01 2.988633933395827835e-01 2.894682910198665415e-01 2.935703668493067631e-01 2.996977666658015016e-01 3.124538518163820777e-01 2.991073326725025017e-01 2.542218996221529137e-01 2.674247182177504900e-01 2.765622717262575803e-01 3.125344027758579779e-01 2.931014697034877159e-01 3.355678581443806152e-01 2.891734433145277117e-01 2.683974749591075404e-01 2.766956903220774699e-01 2.932331023704745632e-01 2.881527626989534019e-01 2.667852932010326139e-01 2.689427721022600859e-01 2.595814267003776488e-01 2.773986181152621189e-01 2.713086895044455327e-01 2.850275232895458921e-01 2.694064177162449614e-01 3.125710705328748062e-01 2.863187104537832650e-01 2.721278163293771590e-01 3.022058467140382731e-01 3.018276879333631757e-01 2.970734749291990551e-01 3.281559730791231977e-01 3.230599443151302430e-01 3.230934328514547538e-01 3.193823595404139404e-01 2.910386147356153752e-01 2.922784296737703236e-01 2.891958702686916460e-01 2.988927235995370024e-01 2.971620110797967285e-01 2.842756027715926392e-01 3.004010539282613301e-01 2.860889011838821938e-01 3.072228215382537542e-01 2.823288120202918083e-01 2.991768714355589887e-01 3.110133943221828345e-01 2.956523645895727803e-01 2.832278413602418721e-01 2.801010400806063783e-01 2.899935242435195404e-01 2.858476384899345524e-01 2.701569926054029902e-01 2.726145347911375638e-01 2.788829567809758547e-01 2.637115639901775888e-01 2.590355443435016780e-01 2.877070244940636567e-01 2.910020062912558880e-01 2.731426931079220521e-01 2.758719653618885159e-01 2.742605299339606062e-01 2.799669011369687044e-01 2.660427707461405222e-01 2.688649169291408292e-01 2.994869184297334064e-01 2.721143852898052495e-01 2.672017300753910529e-01 2.655621065183686458e-01 2.701800297481918300e-01 2.684090846241667383e-01 2.695062726043089274e-01 2.604660485892613120e-01 2.686862695599384065e-01 2.759383851005156596e-01 2.850335200039114114e-01 2.821321137999180939e-01
1.159679077262061458e-01 1.282610688364022207e-02 3.132474594174831650e-01 1.000000000000000000e+00 2.949200766483542346e-01 3.388949732291518524e-01 3.736510308888821297e-01 4.873769052053757989e-01 4.575168759573167154e-01 2.412826879608029329e-01 4.738512487083603730e-01 5.302649082441642792e-01 4.545016540594566945e-01 4.305775850170281971e-01 4.493005631189111448e-01 5.043546547519032197e-01 4.533697219207820650e-01 3.400543367644704440e-01 4.226230164212534945e-01 5.588254748643699532e-01 5.308827034307767034e-01 5.306412575650021335e-01 3.946906573684716424e-01 3.861898513680300793e-01 4.184649472207391807e-01 4.127419762774053313e-01 4.778424111653649109e-01 4.400569055462958956e-01 4.500972202072216488e-01 3.811352803971595482e-01 4.378892991930611323e-01 4.656654780375158453e-01 3.987888997195691565e-01 4.874013397931349911e-01 4.225406987816358040e-01 4.945417712903005247e-01 4.291508468191581049e-01 4.341619544200030489e-01 4.449921433483252087e-01 4.555048112507115721e-01 4.783533565917301722e-01 4.590936973140232746e-01 4.810877649263279876e-01 4.914424295206740179e-01 4.845075087325509400e-01 4.723966754497411213e-01 4.480748799536213856e-01 4.371336425788099334e-01 4.736325085837098103e-01 5.228697540739812855e-01 4.720252789463841303e-01 5.785865922344490819e-01 5.310557823216588424e-01 4.480006816878401299e-01 4.613428413371897796e-01 4.440998241349442544e-01 5.074851876951167462e-01 4.606654880274512753e-01 4.561036776480341670e-01 4.624575043067027935e-01 4.788421138440184244e-01 4.757001392204701085e-01 4.844035045455595268e-01 4.609716649625429374e-01 5.021327670020028222e-01 5.051278218798836983e-01 4.489993930146720102e-01 4.455546359125296396e-01 4.489080354133197504e-01 5.255207198057698648e-01 5.104534028196903162e-01 4.875545697496435071e-01 4.619967235157526053e-01 4.635874120779162055e-01 4.556263374165474000e-01 4.573829984961615969e-01 4.484435020691412421e-01 4.603367002967539423e-01 4.577096390543822224e-01 4.355425050474301951e-01 4.440699256010407492e-01 4.354056490551787006e-01 4.701688510084688910e-01 4.341683838965342823e-01 4.921238117029733128e-01 4.872981742392644700e-01 4.559811550221279375e-01 4.602566739582926170e-01 4.502594088978366660e-01 4.660261042928583453e-01 4.541263021248018172e-01 4.516552186030418636e-01 4.437793284934967719e-01 4.530459719074892422e-01 4.523036020376103306e-01 4.396001169889413029e-01 5.146843201110279375e-01 5.232595053366917437e-01 4.770040493361836220e-01 4.666519090470427900e-01 4.644371161277944804e-01 4.862287658374253030e-01 4.866285701296959587e-01 4.702796694774976638e-01 5.084014879267944043e-01 4.907933539133215173e-01 4.633843552469931182e-01 4.431833430344955249e-01 4.555657561001725253e-01 4.608000947497137290e-01 4.679853920566387493e-01 4.571248634016582546e-01 4.680599829998523531e-01 4.679366916360772066e-01 4.641990937463261746e-01 4.914065867353751282e-01
7.383521942561994261e-03 1.569401223394818051e-02 1.667660972572812539e-01 2.949200766483542346e-01 1.000000000000000000e+00 1.964479455503679306e-01 3.462478570076232831e-01 3.481829697326252471e-01 3.294297307497629501e-01 2.562671012143623583e-01 3.649933490440645523e-01 3.823288384897524650e-01 3.873422528437283630e-01 2.993201429344660713e-01 3.949690743354183908e-01 3.697744141692899111e-01 3.292376622493577987e-01 2.090068945932026800e-01 2.902978595455154576e-01 3.082787250687875624e-01 2.881385693885251120e-01 3.256561605580198249e-01 2.765224167810479972e-01 2.250534894816911546e-01 2.682533605517325448e-01 3.415778908411495340e-01 3.383920353381211776e-01 3.353252913000541180e-01 3.024713403250832155e-01 3.365391465508569824e-01 3.584671359341883856e-01 3.427888168561875060e-01 3.201058585445468729e-01 3.371104241717105543e-01 3.141408900726548881e-01 3.556355488232530448e-01 3.444109522793766809e-01 3.616453840345392745e-01 3.721476767295256449e-01 3.630431474065322628e-01 3.721124018933571476e-01 3.765910795649095588e-01 3.976359243088297690e-01 3.939381788995031108e-01 3.841208467784759661e-01 3.835177033230967591e-01 3.835132732586641890e-01 3.737680919742173424e-01 3.846127914316014307e-01 3.797874441019835623e-01 3.785149129424266734e-01 3.943454650810843676e-01 3.985701046107108514e-01 3.766028173510025390e-01 3.755962520365490054e-01 3.676994959368404814e-01 3.926903942707453687e-01 3.876550474942665470e-01 3.831537001178066393e-01 3.835347670000132658e-01 3.899792925180799452e-01 3.908858891479380371e-01 3.845418835150587467e-01 3.740917034566935140e-01 3.789951281503686764e-01 3.832914615601082375e-01 3.764173788006013321e-01 3.589167810122758095e-01 3.591560674953199750e-01 3.884896018532570938e-01 3.808445494848877733e-01 3.762570578332971039e-01 3.515953650964629418e-01 3.583182105432969888e-01 3.749424232955889114e-01 3.682118489349237578e-01 3.686237464599559921e-01 3.583812201024366151e-01 3.755372625582849566e-01 3.710308247588494646e-01 3.674601486886224788e-01 3.757725309114551826e-01 3.725683903785439455e-01 3.653174671798792295e-01 3.783358453726852755e-01 3.749493656150342802e-01 3.768402309981289111e-01 3.781849250100487447e-01 3.790773999954457074e-01 3.761240182712909941e-01 3.772831665384140942e-01 3.806054034605177439e-01 3.791794768182999986e-01 3.851764878795860825e-01 3.811391653675425539e-01 3.784027880120598430e-01 4.020240903859733095e-01 3.972721106678256398e-01 3.910375096064368505e-01 3.823553977132697623e-01 3.886847824712612587e-01 3.900514454072266934e-01 3.919098450488092134e-01 3.890000194928062704e-01 3.956043576393345473e-01 3.888429989990519475e-01 3.852244343359045864e-01 3.792972417199545476e-01 3.809494631176645885e-01 3.858459054455669612e-01 3.856208921545417057e-01 3.859788870243141545e-01 3.865542246066564491e-01 3.855769771034703308e-01 3.759271130046625831e-01 3.875991678230811255e-01
6.103930117262702099e-02 9.451756814878432833e-02 2.159723825802900843e-01 3.388949732291518524e-01 1.964479455503679306e-01 1.000000000000000000e+00 3.734251318685830046e-01 3.641249188131617243e-01 4.195310864051404742e-01 3.193216779944995087e-01 4.185178499137289787e-01 4.458494252930410018e-01 4.193302655291484826e-01 3.899189481393778856e-01 4.418815048150792069e-01 4.439608666506903445e-01 4.223947001052479333e-01 3.899557489755430817e-01 4.409099674733977792e-01 3.897921931336454371e-01 4.338364462802000721e-01 4.398228537203027200e-01 4.438023814443872173e-01 4.270740435152277636e-01 4.456301316981436389e-01 4.496718599047146991e-01 4.600286893168767377e-01 4.633661769381798856e-01 4.566566865251919238e-01 4.580965952876217551e-01 4.652789614502569338e-01 4.831423224187015308e-01 4.361392061017841937e-01 4.846720756436269650e-01 4.704341380657346972e-01 4.659861159869120861e-01 4.648711707032858187e-01 4.707879509097542825e-01 4.760212661016584024e-01 4.519897712008649759e-01 4.814179676836358168e-01 4.624827689797295083e-01 4.642378869223640070e-01 4.782231476351931909e-01 4.701362566362055628e-01 4.817279758618308039e-01 4.590010886775873766e-01 4.722845047716173750e-01 4.742372582626630528e-01 4.710402449565442295e-01 4.777595004807007051e-01 4.740011120940698097e-01 4.645866569199033624e-01 4.710866544971508141e-01 4.746360272988486284e-01 4.709785070082555536e-01 4.687900463062595890e-01 4.684234920789600576e-01 4.681252165806438215e-01 4.724103673805740145e-01 4.735610902891626006e-01 4.764267081595430775e-01 4.748526484666242831e-01 4.757807496997812913e-01 4.845321185569764766e-01 4.815544356367031931e-01 4.709387853379821132e-01 4.807936476257253511e-01 4.835193611329665631e-01 4.811130574424950512e-01 4.911296338225396574e-01 4.930470016678997758e-01 4.870351039949245564e-01 4.893623537368337884e-01 4.815035493621340201e-01 4.826287769446166998e-01 4.798438644198104730e-01 4.836115097798789342e-01 4.823680271563388633e-01 4.769726876152527995e-01 4.774694934716255945e-01 4.711597238867304416e-01 4.857439857282450646e-01 4.787192742675377977e-01 4.812196425829911028e-01 4.870861389446314305e-01 4.770471111898520467e-01 4.787311647447003993e-01 4.770058394320988993e-01 4.825076942147632497e-01 4.709507916283102724e-01 4.692370974807613115e-01 4.698123086270977744e-01 4.714853000453171350e-01 4.688747851627574903e-01 4.673193761953451375e-01 4.664174625683178421e-01 4.725882696562476726e-01 4.709217303912751063e-01 4.718768714099502715e-01 4.680873502681389131e-01 4.766303702577701085e-01 4.711107533314156659e-01 4.692949171121246765e-01 4.807661955295735035e-01 4.732614823834988549e-01 4.726195290831458617e-01 4.714270319135831500e-01 4.727218132009053941e-01 4.702355761284880420e-01 4.721261739333243446e-01 4.715555682451353370e-01 4.732817365796846421e-01 4.750856765428383977e-01 4.822314424466652705e-01 4.834045721436196485e-01
-7.531618276152751180e-03 8.315567983128190066e-02 1.791677058259352751e-01 3.736510308888821297e-01 3.462478570076232831e-01 3.734251318685830046e-01 1.000000000000000000e+00 5.296018072493792195e-01 5.644346824137029817e-01 5.535135185756678844e-01 6.064479850456842014e-01 6.741708824741023953e-01 6.054011587042922304e-01 5.634545237923154204e-01 7.508951905711057639e-01 6.834592091478208786e-01 6.022514182008483763e-01 3.705087890376998483e-01 4.940328463763940525e-01 4.752141483559487734e-01 4.636566221119320930e-01 4.959518170042484519e-01 5.038079608959473710e-01 3.986168496511299231e-01 4.635570654402341173e-01 6.593426314762619311e-01 6.228302226453611423e-01 6.373777416879905511e-01 5.735051108112072527e-01 6.360870555899338363e-01 6.665329725479898215e-01 6.454006740056946745e-01 6.453769151267330084e-01 6.166573720147636717e-01 6.180323004293557521e-01 6.366677652307671798e-01 6.560153258855522251e-01 7.074556937107631116e-01 7.174321321016057240e-01 6.863869083600200316e-01 7.009131459236210837e-01 7.099158724110996577e-01 7.132238765551552895e-01 7.269378434588373850e-01 7.026353912762411946e-01 7.183470863845379251e-01 7.287889380293048891e-01 7.232403452975540992e-01 7.275154031504177388e-01 7.064349323442588036e-01 7.201620031410695955e-01 6.704362365391702827e-01 7.049586282941893156e-01 7.174812810338033753e-01 7.074995182010180850e-01 7.013544136939556806e-01 7.102968574362564791e-01 7.266508212241754583e-01 7.237169255524685818e-01 7.261267222276569511e-01 7.294128782611856154e-01 7.332643667345054572e-01 7.150699349538410798e-01 7.255565723751646878e-01 6.886891792233996723e-01 7.079839820012004958e-01 7.175366098617099730e-01 6.822877230403886495e-01 6.852384078956299529e-01 6.989197076381830076e-01 6.859402837863053382e-01 6.880634967085181852e-01 6.562509864946272087e-01 6.653800702997215710e-01 7.196522545959567196e-01 7.133627676497696912e-01 7.133177587805875630e-01 6.935785554454320101e-01 7.056183087337110083e-01 7.099089025912387330e-01 6.991606557796596899e-01 7.171833137760061927e-01 7.078230812998342891e-01 7.096231063665114913e-01 7.197676356869662229e-01 7.048590069561299076e-01 7.119836253154385730e-01 7.258578560401464097e-01 7.242948153390964539e-01 7.108016985885361461e-01 7.174289846545840454e-01 7.302942058176247198e-01 7.250009850665015687e-01 7.302956684646164653e-01 7.310951069654684220e-01 7.293665232980737212e-01 7.280382659264444944e-01 7.261191162279462263e-01 7.338377518625596174e-01 7.300915625184271063e-01 7.344781304101458685e-01 7.315027475244653132e-01 7.337501102557590915e-01 7.355234549015249312e-01 7.205707546784876349e-01 7.253572660722578114e-01 7.337645907233105724e-01 7.253725992209136830e-01 7.281190079671790993e-01 7.322182388534452802e-01 7.329963567341905017e-01 7.342504533384955900e-01 7.359334048808522377e-01 7.340701890766527793e-01 7.137097703491456224e-01 7.193041897406394769e-01
9.372164332836352418e-02 8.185343043828618992e-02 2.566075349450570586e-01 4.873769052053757989e-01 3.481829697326252471e-01 3.641249188131617243e-01 5.296018072493792195e-01 1.000000000000000000e+00 5.749095502976649952e-01 4.477714423103112962e-01 5.935392678053014182e-01 6.495149316054953381e-01 5.819034085318383065e-01 5.484930081961389980e-01 6.396904444124140721e-01 6.703672484396967501e-01 5.787021663196767474e-01 4.894616637312653173e-01 5.767688595398785534e-01 5.703068276869273090e-01 6.052087778143582231e-01 6.176156186455719066e-01 5.627137735835552323e-01 5.176913621184147107e-01 5.649809682303635894e-01 6.091534748031857127e-01 6.281802427694570534e-01 6.228789561762358984e-01 5.904464573204760702e-01 5.908079021656136298e-01 6.261108005618352124e-01 6.490349454295883946e-01 6.080123668621116861e-01 6.588737607337210589e-01 6.277240683779515829e-01 6.586112419352155856e-01 6.315915241123517543e-01 6.491557368892884039e-01 6.585310425373501753e-01 6.538638486692134322e-01 6.584193619309652856e-01 6.524709072082457428e-01 6.728613877556784972e-01 6.776532440540005142e-01 6.704587326531362690e-01 6.686225177432454370e-01 6.454864107069011592e-01 6.495303067389610607e-01 6.667629896616318330e-01 6.907938796221982924e-01 6.721032591103063281e-01 6.851747421769645019e-01 6.722185739225676748e-01 6.470249930462923516e-01 6.548914031481886111e-01 6.489679318241793338e-01 6.685285467833578243e-01 6.548020607309130714e-01 6.574758125565987044e-01 6.499209644940894259e-01 6.685112995520561263e-01 6.645563670304380777e-01 6.714113330016675540e-01 6.622963605011323862e-01 6.714257746334288957e-01 6.647330639958027865e-01 6.501222895062833684e-01 6.473840075781467363e-01 6.516478244614114512e-01 6.778127558338027381e-01 6.821671284545346436e-01 6.704949815144476410e-01 6.503409714778580764e-01 6.560693583887132752e-01 6.580439975321952240e-01 6.572071830429563333e-01 6.534143829214891230e-01 6.558975515148558477e-01 6.570204960935139837e-01 6.516849264679928089e-01 6.556092216955092811e-01 6.507223405442648101e-01 6.759917987586847588e-01 6.565385868118648327e-01 6.901415219500587339e-01 6.802777517109288574e-01 6.593062869814231286e-01 6.727433529120532274e-01 6.601863217871034584e-01 6.654734011432706930e-01 6.654223050261752759e-01 6.559639701634439879e-01 6.525095893229440058e-01 6.569083739708465597e-01 6.527354614292780743e-01 6.478030253810509453e-01 6.899131372870399570e-01 6.934839114928673665e-01 6.703706271097226166e-01 6.692153137671436047e-01 6.672671541902577275e-01 6.822617247737801094e-01 6.657854461437351379e-01 6.657454896535992539e-01 6.857676160983982028e-01 6.717299078264764578e-01 6.656643819825641684e-01 6.498219225409579414e-01 6.606254535574985765e-01 6.596834026778490845e-01 6.642898137205117681e-01 6.541592512630850509e-01 6.650387373765203058e-01 6.709554081444957241e-01 6.644769444436261496e-01 6.717966383980793488e-01
1.493566235587647784e-01 1.624893718487471772e-01 2.917793017198805350e-01 4.575168759573167154e-01 3.294297307497629501e-01 4.195310864051404742e-01 5.644346824137029817e-01 5.749095502976649952e-01 1.000000000000000000e+00 6.246932011815404806e-01 7.019888242805931711e-01 7.537281379842363238e-01 6.795294942566029173e-01 6.549961147284026897e-01 7.533922499376778381e-01 7.511681647346764024e-01 7.641543024023432773e-01 6.262776349183869495e-01 7.162873952541830569e-01 6.271785353895131809e-01 6.887464029349072980e-01 7.116420820496042188e-01 7.264943550975797582e-01 6.658277710845120767e-01 7.155810627554414216e-01 7.954747433917643828e-01 7.848166143973754894e-01 7.781184382492828400e-01 7.417224026113670154e-01 7.944182695857798793e-01 8.160401649446984429e-01 8.123465941758487574e-01 7.444232354108032412e-01 7.868355425212831822e-01 7.810314299869991483e-01 7.774555342831284133e-01 8.025159657667170210e-01 7.924808206667965926e-01 8.041595310915995443e-01 7.617266626762033699e-01 8.140716583045173316e-01 7.955828756015295156e-01 7.905050963415362064e-01 8.079316863526451176e-01 8.047069917199052291e-01 8.042409565240837832e-01 8.077310088758374862e-01 8.155349320495812737e-01 8.155648240083874789e-01 8.076342189093259627e-01 8.153020429201878194e-01 7.994632021217532580e-01 8.038374449262396526e-01 8.248403306303881966e-01 8.252728006857592558e-01 8.151875792815646005e-01 8.235589815242102540e-01 8.116606002177970680e-01 8.140986832776229143e-01 8.200203931226112131e-01 8.200106296299738418e-01 8.167700020250161508e-01 8.213089023536230826e-01 8.209125545051534356e-01 8.380184527634525482e-01 8.295982073408291191e-01 8.186475368110552875e-01 8.143872536345930779e-01 8.180461438746488012e-01 8.186624620710374334e-01 8.211869913462644943e-01 8.264359928688191914e-01 8.125790410089959170e-01 8.137694857657318259e-01 8.216285017359528098e-01 8.176291886254908325e-01 8.117157919398558796e-01 8.133131225883192261e-01 8.179319177014607867e-01 8.178211923886610224e-01 8.230467265841020508e-01 8.215922975851032151e-01 8.221009669528246411e-01 8.146498737116621980e-01 8.151579978966929652e-01 8.187704343432908871e-01 8.150417195568346873e-01 8.141998275403862229e-01 8.136400137035196822e-01 8.251115107115376546e-01 7.959611114857546577e-01 8.037469032211460584e-01 8.052878432243607554e-01 8.090940045521515245e-01 8.111192097293206116e-01 8.105417245239693314e-01 8.014359302526549156e-01 8.188424167141754584e-01 8.144462957908125134e-01 8.089138784131564286e-01 8.016015808979704005e-01 8.206086113497174095e-01 8.062392629525452215e-01 8.074946000565617066e-01 8.226226195889181358e-01 8.234470603021567525e-01 8.156141965727956578e-01 8.157648324782437177e-01 8.190067926074047211e-01 8.147475358999197725e-01 8.158042959863751609e-01 8.166101881707242827e-01 8.157888109428416135e-01 8.162780352330627487e-01 8.258159654672185823e-01 8.294777275467561939e-01
1.396602456201855025e-02 1.540681901613234484e-01 1.656525291779862574e-01 2.412826879608029329e-01 2.562671012143623583e-01 3.193216779944995087e-01 5.535135185756678844e-01 4.477714423103112962e-01 6.246932011815404806e-01 1.000000000000000000e+00 5.894972373729625570e-01 6.317536685915212669e-01 5.932237460484268698e-01 5.285898459847555575e-01 6.983781914828223192e-01 6.515626664632235832e-01 6.323034473797369825e-01 5.166702549709487613e-01 5.889557501241559079e-01 3.920463436497795828e-01 4.532560681522679324e-01 4.887298459348032864e-01 6.322711373058444995e-01 5.367769388897088989e-01 5.646883238286009021e-01 7.224292301817886175e-01 6.586750183968451688e-01 6.849453005329445565e-01 6.148777880742009039e-01 7.234161068129985050e-01 7.227712026062335093e-01 7.190060365630605022e-01 7.067415863901022055e-01 6.528799759097102529e-01 6.873808201249999028e-01 6.481790399498708055e-01 7.257746179364994443e-01 7.401395939145424263e-01 7.437980311690737256e-01 7.025763416944044160e-01 7.313470716698388108e-01 7.351428243684107189e-01 7.185155267846926597e-01 7.263729026466305694e-01 7.181744659812248077e-01 7.340299596427758422e-01 7.437712321782359304e-01 7.660177028211165862e-01 7.394597209643413160e-01 6.790145915727928694e-01 7.341457337633903180e-01 6.237792583642399746e-01 6.717417342456244445e-01 7.571423001824809651e-01 7.376720301765975485e-01 7.496981340188325627e-01 6.984975950296353764e-01 7.446794384004532530e-01 7.418452375086956874e-01 7.444955703931993574e-01 7.388138910879671339e-01 7.393935537575380135e-01 7.211863929108416338e-01 7.429782532867404976e-01 7.101616551251691556e-01 7.090618202613048204e-01 7.535569566382658291e-01 7.453939195603496159e-01 7.494650409042145078e-01 6.959090056661076940e-01 7.013672296487813984e-01 7.191918888137264210e-01 7.233596982184158364e-01 7.213284175172008927e-01 7.515564660569887812e-01 7.485364210583151934e-01 7.448933676370071977e-01 7.305074951279939555e-01 7.458668145067246513e-01 7.583434341455476124e-01 7.495151926682679377e-01 7.573402956601335001e-01 7.434645235603869473e-01 7.610123688612695503e-01 7.296931769711740845e-01 7.318355878936574355e-01 7.486326983956531622e-01 7.518006438645749023e-01 7.576963088672843405e-01 7.454009024961311125e-01 7.418366064623295175e-01 7.515257617191993811e-01 7.543407306832068393e-01 7.534071335160089644e-01 7.502835910370908579e-01 7.600775962343878644e-01 7.087059607360866043e-01 7.031350012925643433e-01 7.401487816502833050e-01 7.430706823659726235e-01 7.451224511192996447e-01 7.353015259175988971e-01 7.304436450900486655e-01 7.448098368912274836e-01 7.202202268951340969e-01 7.315375986908293493e-01 7.475446542187714760e-01 7.576232651006805652e-01 7.536495511347978127e-01 7.504874099141529697e-01 7.451216224633211427e-01 7.536353291986570557e-01 7.481370782671347142e-01 7.484366233662814727e-01 7.438948090015087278e-01 7.295734763149114288e-01
4.905503557318755675e-02 1.031887849135683100e-01 2.832510754107021578e-01 4.738512487083603730e-01 3.649933490440645523e-01 4.185178499137289787e-01 6.064479850456842014e-01 5.935392678053014182e-01 7.019888242805931711e-01 5.894972373729625570e-01 1.000000000000000000e+00 7.754724390136925605e-01 6.731113748689377951e-01 6.574500090355882564e-01 7.722001071935912231e-01 7.729996859755849936e-01 7.315701732737420748e-01 5.753288691109383901e-01 6.826177195326015301e-01 5.939259672274721513e-01 6.622244997017540102e-01 6.867641021674076862e-01 6.771233318332701145e-01 6.114282450174440831e-01 6.768782207461973011e-01 7.735405829275053824e-01 7.588579874533701863e-01 7.717139900353034987e-01 7.318007123673906378e-01 7.698964024781956850e-01 7.918362893975171568e-01 7.897488557108156559e-01 7.411509795798761902e-01 7.610545141548835657e-01 7.459591441799745537e-01 7.602675137647012527e-01 7.663002924210123856e-01 8.029292620442746164e-01 7.987213637863707083e-01 7.775432350374985591e-01 8.135764095398083651e-01 8.026880182815522291e-01 8.022771898374025934e-01 8.143575164211984685e-01 8.038962366609023746e-01 8.124258882568399232e-01 8.162099385087814296e-01 8.114405367869302887e-01 8.179195545486558361e-01 8.088906396803791088e-01 8.171452656113118440e-01 8.000194053222307033e-01 7.973930949139772517e-01 8.115242059355335380e-01 8.121926872145518450e-01 8.090401632045316482e-01 8.074730858650459586e-01 8.137450253938587341e-01 8.159353110190218361e-01 8.133232916418865477e-01 8.202727235943885198e-01 8.171348936574662769e-01 8.172292880308748009e-01 8.083392555905579702e-01 8.112532619512786702e-01 8.159094511701713293e-01 8.181735222983629319e-01 8.101755652652847806e-01 8.079460216588234545e-01 8.138432883119590677e-01 8.151602589967025247e-01 8.181947648699878783e-01 7.963423405393558197e-01 8.043255867625802580e-01 8.239847921482754689e-01 8.149742743457017990e-01 8.150030592800487916e-01 8.097068126587723125e-01 8.153226443594128181e-01 8.098509446948629620e-01 8.121088926051376333e-01 8.192209779041238482e-01 8.161724521500297591e-01 8.049605904402148404e-01 8.149542854770953637e-01 8.173491463598585582e-01 8.150562520153955548e-01 8.161056442644961662e-01 8.150580507658997664e-01 8.188574113069654326e-01 8.081970991644047420e-01 8.156820750885923621e-01 8.137448759671848109e-01 8.176092621628112678e-01 8.197371174804706229e-01 8.160703180825247260e-01 8.130653374995298055e-01 8.215942814037767716e-01 8.229112576359619569e-01 8.186654426075655744e-01 8.132035593120103822e-01 8.209994292405754512e-01 8.166183070073066430e-01 8.163629208138060145e-01 8.258846788987941334e-01 8.171448413503485941e-01 8.207767058165910123e-01 8.151960430130522628e-01 8.197098963651361370e-01 8.187191308234785803e-01 8.220790209717071528e-01 8.185151590178090242e-01 8.201170166417254270e-01 8.168252121177820291e-01 8.188909543493956278e-01 8.201317611567432442e-01
3.915983744979095738e-02 9.475464750116031898e-02 2.970624490976029319e-01 5.302649082441642792e-01 3.823288384897524650e-01 4.458494252930410018e-01 6.741708824741023953e-01 6.495149316054953381e-01 7.537281379842363238e-01 6.317536685915212669e-01 7.754724390136925605e-01 1.000000000000000000e+00 7.458745557101069679e-01 6.946132897621406510e-01 8.423463321264121895e-01 8.336628621749957446e-01 7.565402965648301281e-01 5.599805559614835504e-01 7.012660187143893165e-01 6.694460669243453843e-01 6.919529777479926924e-01 7.299770801996315894e-01 7.028202715305332804e-01 6.210260971744421266e-01 6.851529370577492672e-01 8.068139429309671984e-01 7.986467519260781467e-01 8.046077388668068098e-01 7.578946947341090867e-01 7.903843649063584387e-01 8.248953001317512745e-01 8.332333770163778963e-01 7.863701025046296866e-01 8.028034249914131060e-01 7.835746083386069261e-01 8.230329093832673415e-01 8.184274796474595437e-01 8.513145865126676703e-01 8.622626607598413706e-01 8.452751074692027577e-01 8.748649249729665289e-01 8.636199341811807706e-01 8.693378662021533643e-01 8.829978190619471867e-01 8.726964783924375801e-01 8.614885801229922313e-01 8.799621035043737605e-01 8.762283318000959609e-01 8.826239541931906185e-01 8.732053871985926419e-01 8.829962311115748808e-01 8.692261978825819302e-01 8.775058796557512197e-01 8.756116018299358039e-01 8.743529510528982307e-01 8.643251955982611534e-01 8.852165021667759426e-01 8.792199099982942467e-01 8.792877635593362440e-01 8.825697915472039412e-01 8.905734745514625184e-01 8.883210949131474798e-01 8.838799549393807631e-01 8.844487792091308975e-01 8.793521645977667722e-01 8.894047777190451365e-01 8.767060847646568345e-01 8.568121393748187042e-01 8.599791729131668339e-01 8.859106064695616567e-01 8.861013387840337430e-01 8.779011915112162612e-01 8.455810609410985279e-01 8.557388570964067354e-01 8.779912747125427908e-01 8.733495062345426607e-01 8.699716740812447613e-01 8.643733085212151890e-01 8.705536383689624902e-01 8.651917461666688292e-01 8.660081753029740259e-01 8.743380491685274203e-01 8.785292906131469959e-01 8.633105408359955657e-01 8.859047775799527846e-01 8.784394723453988751e-01 8.746192290424219529e-01 8.830241021932990764e-01 8.806192294097726636e-01 8.791401663152561552e-01 8.769010421857190707e-01 8.814705751711171544e-01 8.788022002831814561e-01 8.827073622927535945e-01 8.847895341352757237e-01 8.806300012152612489e-01 8.927330752937128189e-01 8.942316816097554133e-01 8.905306831603871931e-01 8.873562078065521108e-01 8.853273620436687974e-01 8.940651745860598298e-01 8.927190975788956706e-01 8.898881182180963245e-01 8.977108845643280155e-01 8.916959037620524331e-01 8.876197192337954567e-01 8.791938422332387093e-01 8.838643153054254187e-01 8.880258069159078227e-01 8.901829079448101423e-01 8.861207133311672646e-01 8.894892865214933941e-01 8.877332485051430133e-01 8.847198855391515959e-01 8.933596978621625162e-01
4.384316999463683945e-02 8.377696188906723351e-02 2.623260407495824342e-01 4.545016540594566945e-01 3.873422528437283630e-01 4.193302655291484826e-01 6.054011587042922304e-01 5.819034085318383065e-01 6.795294942566029173e-01 5.932237460484268698e-01 6.731113748689377951e-01 7.458745557101069679e-01 1.000000000000000000e+00 6.237588123492037173e-01 7.610558976030905587e-01 7.608863186911214438e-01 6.842468951088347406e-01 5.269350211687165997e-01 6.429988194755003050e-01 5.757242725497599967e-01 6.025695667988418824e-01 6.356219951360346787e-01 6.433245894996042491e-01 5.773542428958280404e-01 6.302640916617415767e-01 7.479841259231451156e-01 7.283183225772799085e-01 7.308738134208697668e-01 6.901278087906802527e-01 7.422213348413048140e-01 7.654215290121664239e-01 7.559070312930068480e-01 7.093898332447047261e-01 7.257852049145185891e-01 7.120905453919635919e-01 7.351632484393421096e-01 7.557063494732644271e-01 7.740058255967516843e-01 7.821619193503439593e-01 7.522341628412629877e-01 7.933820606663724018e-01 7.805857591790321681e-01 7.848807602245635451e-01 7.963655627346274413e-01 7.860539988166866943e-01 7.916556258142029012e-01 8.005045283896139452e-01 7.977566899590746718e-01 8.020895883893107703e-01 7.820978501180987363e-01 7.967952417717378832e-01 7.741414311540806281e-01 7.927170107433630930e-01 8.006668538448517003e-01 7.951178436739989586e-01 7.846395327571873413e-01 7.945267226429504337e-01 7.971821585176145364e-01 7.975541333093977281e-01 7.994777202753343692e-01 8.069580381426840754e-01 8.036089136390531795e-01 7.974394676498207657e-01 7.988833551491226759e-01 7.953530192011454281e-01 8.026174888753356829e-01 7.968969943511833298e-01 7.836289100619127090e-01 7.895917326749567478e-01 7.925917530917370168e-01 7.922709175331871245e-01 7.966190965609286634e-01 7.742720288565544395e-01 7.795415571095267726e-01 8.017671810856934478e-01 7.969007817114412973e-01 7.946803556954361580e-01 7.866351123239360144e-01 7.972231376013916293e-01 7.940322851717235286e-01 7.884732631581713447e-01 7.999595243800406985e-01 7.966829442652879623e-01 7.889227021111269167e-01 7.984016357479379877e-01 7.975702133118293125e-01 7.951822224346826173e-01 8.020251023030757764e-01 7.997136572822588496e-01 7.997300295515052948e-01 7.896023967059171422e-01 7.998995604282337357e-01 7.980267037357204885e-01 8.005039319218706373e-01 8.041981644962254983e-01 8.004724523661288504e-01 8.006134347743971702e-01 8.037149792285804839e-01 8.071259301195795599e-01 8.054271300749312745e-01 8.002925506701226155e-01 8.062432688714025186e-01 8.044947384984257877e-01 8.055305723902737025e-01 8.087027828658484019e-01 8.063799293683964198e-01 8.056914220586879338e-01 8.012848313825164936e-01 8.041205194409041246e-01 8.033794988197654474e-01 8.066906538465205001e-01 8.055618513878046727e-01 8.078156382929977397e-01 8.068927151577515167e-01 8.040228071527467657e-01 8.081306445185102438e-01
