1.000000000000000000e+00 8.721423651786307241e-02 1.096540055929657170e-01 1.913432687972095037e-01 8.126374023344015707e-02 4.696485838108547389e-02 1.083421194387279712e-01 1.469842562298730448e-01 1.822753886248217048e-01 5.780458232073301672e-02 8.553593750425599052e-02 7.069738078000840920e-02 4.437248664594402314e-02 -1.935729955208866440e-02 8.076099169891713669e-02 1.014923266336778401e-01 1.458255339333858480e-01 8.865581324729408796e-02 1.324488695334406496e-01 7.578162293608377287e-02 1.215787905955165032e-01 1.325753206715054588e-01 1.854319787457721080e-01 8.125506023036965786e-02 7.938802382354040454e-02 1.143168084558818243e-01 1.419811441321788270e-01 1.203369036589209545e-01 1.636268241659286915e-01 1.359468948731006321e-01 9.054393786045636383e-02 9.709107890875515179e-02 1.134557447179461304e-01 9.910238638981755388e-02 1.164515168366481029e-01 5.368903857301576821e-02 8.988068857458601790e-02 8.397317662441942943e-02 4.330383674876327887e-02 4.012318633642555162e-04 2.467319004924116085e-02 2.565478107013985723e-02 8.905734109500613657e-03 4.939524078802243201e-02 3.087758970147937154e-02 6.445235296563849026e-02 1.512022446151521128e-02 2.716463971139454134e-02 3.920040071707574236e-02 8.825604614563564709e-02 5.859460237359800927e-02 9.634056344095805191e-02 4.832737487565696294e-02 6.832693781092015473e-02 8.801719949359926298e-02 6.316462957539606404e-02 1.235431819357860617e-01 2.632039386790833643e-02 4.846298503988316630e-02 4.594451675032933807e-02 6.135968926963948633e-02 6.078508836214990829e-02 6.809246870922140704e-02 6.322512107014097160e-02 7.924911998400785418e-02 9.762346123660631259e-02 4.291675729605241851e-02 1.931550533457864274e-02 4.998966485571264967e-02 4.454395037923410128e-02 4.882464259131885642e-02 4.944971581729124682e-02 2.247328628569793263e-02 3.257750526923292034e-02 3.597843152366643482e-02 5.677976763762624529e-02 3.754583331213113412e-02 6.832381724579122961e-02 5.649901026252315134e-02 5.735431211805663843e-02 5.593159155309624514e-02 3.614986446062393860e-02 7.461131500542370065e-02 5.712507715595284419e-02 5.332881790402228123e-02 4.688793478327949599e-02 3.309901579385841897e-02 3.292544845245713725e-02 3.427286820400252121e-02 4.009980313463380047e-02 1.675051888391346222e-02 1.206237133802573296e-02 1.014207217361908983e-02 1.900239767059517387e-02 1.485013502339030053e-02 1.973094332799263731e-02 2.407549200736034886e-02 1.011205611370788876e-01 4.840760585000745964e-02 3.216790442709931835e-02 9.841211379290979583e-03 5.224411788502901499e-02 3.137707727904458926e-02 2.039915738911769749e-02 4.008319251686012080e-02 7.161948346121999043e-02 4.403060467677687162e-02 2.282843613228866669e-02 3.702321325197436425e-02 1.789222210261814244e-02 2.216469056661241749e-02 3.483485724543395473e-02 3.495715792249580456e-02 4.905471854670290927e-02 5.089200669454421039e-02 5.673079796660641938e-02
8.721423651786307241e-02 1.000000000000000000e+00 9.253660662521760727e-02 1.000358963560110948e-01 9.585530667624131418e-02 4.188697024897797272e-02 1.518560255760726396e-01 1.235941209795380913e-01 1.934891693072122443e-01 1.750442827685751157e-01 1.726973991578234502e-01 1.353260709860178435e-01 1.532899431187961237e-01 7.950722860370101897e-02 1.475157866885265789e-01 1.401354383918128887e-01 1.223936574163098367e-01 1.036320918752073744e-01 1.421254621962151354e-01 6.572505107463517959e-02 7.199071081651051141e-02 1.017321791028198141e-01 1.543078188341052148e-01 1.071771197442809298e-01 1.363413181777216876e-01 1.434292574714610136e-01 1.601181253952653760e-01 1.663848179881054767e-01 1.763966924955004123e-01 1.986503164090724083e-01 1.976570763126938302e-01 1.740450375641081349e-01 1.839558966751800306e-01 1.668622314460676548e-01 1.887279902851203006e-01 1.448397229554640453e-01 1.705437662786009334e-01 1.760300350178297113e-01 1.559000169221431698e-01 1.659021741455562748e-01 1.585755500309040944e-01 1.486613289259028636e-01 1.388826429432667431e-01 1.512098511636920106e-01 1.528201892565618780e-01 1.755313584744392919e-01 1.429874019348682801e-01 1.538713188372602958e-01 1.551712937934058290e-01 1.702329402944081360e-01 1.548993034745736463e-01 1.207482578487984737e-01 1.290556566469917010e-01 1.670106177106856771e-01 1.759199475430102966e-01 1.637009755474027883e-01 1.487191565882627353e-01 1.438611562838293945e-01 1.552789398019760181e-01 1.416913305787467214e-01 1.495338344783436746e-01 1.546212847900664267e-01 1.620664679513954265e-01 1.394055084576361347e-01 1.300204856881314042e-01 1.554984440382415067e-01 1.486150477867496933e-01 1.447388064147020759e-01 1.616620872007097087e-01 1.218257726408551178e-01 1.237773178172425770e-01 1.507808184773267723e-01 1.225576313000678458e-01 1.399716337220874296e-01 1.582910607457471142e-01 1.641141559715145193e-01 1.544028870190665148e-01 1.673699969225496686e-01 1.608583313169302254e-01 1.829256982927723596e-01 1.782571661893679327e-01 1.709689182660481532e-01 1.632516425452683606e-01 1.798426606393083160e-01 1.679283241548979455e-01 1.539483531819160200e-01 1.581434982053272487e-01 1.574695757580610034e-01 1.558418254776507694e-01 1.628939251185320403e-01 1.499246550849975823e-01 1.540734757497154994e-01 1.347775148835468340e-01 1.479057915994095584e-01 1.541615142761036950e-01 1.571472435854660843e-01 1.526899772041167280e-01 1.522837591696315773e-01 1.522165030481864578e-01 1.538567117609128121e-01 1.455212096191069171e-01 1.555757657769960833e-01 1.324820229137191885e-01 1.462089712780198503e-01 1.427026083514204569e-01 1.534492733806310794e-01 1.543904421838019903e-01 1.625149680218363479e-01 1.659763270746528463e-01 1.563660631162325787e-01 1.552434670134989481e-01 1.485123724515347299e-01 1.488668101080173611e-01 1.423138172816367786e-01 1.393203524071761623e-01 1.500287273381806508e-01
1.096540055929657170e-01 9.253660662521760727e-02 1.000000000000000000e+00 3.712418126750431924e-01 2.246109048773632655e-01 1.921401217487314628e-01 3.597758664573506571e-01 3.436898108808659202e-01 3.750633677051520842e-01 3.272445196925119482e-01 3.838281525546673456e-01 3.817097275251912780e-01 3.026626062979081988e-01 2.437452321778649234e-01 3.880438132597667789e-01 3.833770619020751558e-01 3.387898634743496951e-01 3.691922314562416374e-01 3.975471842054982274e-01 3.287936835293397420e-01 3.292577049259183264e-01 3.766186320646351393e-01 4.335253826145771261e-01 3.811564393770635606e-01 3.845086839771350573e-01 3.928962474694928653e-01 4.052087864100337167e-01 3.957754016278848819e-01 3.888504775439868832e-01 4.035598580574240035e-01 4.116916940020750593e-01 4.106703295840261614e-01 4.076203972488768312e-01 3.956535435874695694e-01 3.845927495006200569e-01 3.660765414097299497e-01 3.872411700394302048e-01 3.995861436924738053e-01 3.724766820185147487e-01 3.768562203463539095e-01 3.733057656424941251e-01 3.741095135515876136e-01 3.674132734797987410e-01 3.817271413257927737e-01 3.777320581792445453e-01 4.040715063495751713e-01 3.360190124929540167e-01 3.461708442440942224e-01 3.503213476497489820e-01 3.737956260955683230e-01 3.722592860406430115e-01 3.760720678173833376e-01 3.425603520513327283e-01 3.707344701144257848e-01 3.800141407356661394e-01 4.033115344037465633e-01 3.762814903635973707e-01 3.572785671244542161e-01 3.629636327377007698e-01 3.423021940504114569e-01 3.659878508987657875e-01 3.614384302900109924e-01 3.764287772604799076e-01 3.500529897687488234e-01 3.447907503625292081e-01 3.684192613121535786e-01 3.488354580272415850e-01 3.733184176990823611e-01 3.846939245679100172e-01 3.717052947949711639e-01 3.655466491321625044e-01 3.753572533419013424e-01 3.725974039777167901e-01 3.834548476567540831e-01 3.713106791434950815e-01 3.775415672501492015e-01 3.697796512464884833e-01 3.769456763040863190e-01 3.851070773165847783e-01 3.769247342647860655e-01 3.840796982788005631e-01 3.699043013146233183e-01 3.853547974814243160e-01 3.779546298317060793e-01 3.729264866513884447e-01 3.739227635801595229e-01 3.730912905850737871e-01 3.690637124959206816e-01 3.688046580444294675e-01 3.820399490487236260e-01 3.727936691910257450e-01 3.574174562866538896e-01 3.459606992994217478e-01 3.636710362901421356e-01 3.439681742061558856e-01 3.468034216408553694e-01 3.578808181595309335e-01 3.593898099193797435e-01 3.531042643639628054e-01 3.533804741327002952e-01 3.549823196439396145e-01 3.670068291591588316e-01 3.419594737429086928e-01 3.472531036974869090e-01 3.600183858158051420e-01 3.642803989287675681e-01 3.492443678889089465e-01 3.529584276910969209e-01 3.691685988524469053e-01 3.498912438431708849e-01 3.599731251377389363e-01 3.429769739462977807e-01 3.485081762920743675e-01 3.493140029067025587e-01 3.475212560124867345e-01 3.515763804479735688e-01
1.913432687972095037e-01 1.000358963560110948e-01 3.712418126750431924e-01 1.000000000000000000e+00 3.853232869423851570e-01 3.544378575220739624e-01 6.277252545344883528e-01 5.785809227136508026e-01 5.739831312355420101e-01 4.900861439224883376e-01 5.971508516534063116e-01 6.504159488644800646e-01 4.974140272571508925e-01 4.292955326127531057e-01 6.501366785779355562e-01 6.525789713678549209e-01 5.488070035931685853e-01 6.003084261787806630e-01 6.346997152537686704e-01 5.523055930157818594e-01 5.952611575536989053e-01 6.359371387646273188e-01 6.894201608061104602e-01 6.075483830662314899e-01 6.059918231474700212e-01 6.170336587129862105e-01 6.330117507231056706e-01 6.473445103966753988e-01 6.345307292673508792e-01 5.992001120378087631e-01 6.233339038998474413e-01 6.644621384744889836e-01 6.394673703317869107e-01 6.500410593196191966e-01 6.078332352557709317e-01 6.196189695995751867e-01 6.267214083758776422e-01 6.468669413390857326e-01 6.191856252578273878e-01 5.982042606883360980e-01 5.861679452830990122e-01 6.061886432147539638e-01 6.046348466532762700e-01 6.241375570073330881e-01 6.142087883732403331e-01 6.378879060354027963e-01 5.601055912291882377e-01 5.558226779306338905e-01 5.713149612508660047e-01 6.246949411773285998e-01 6.144800840918475116e-01 6.420751472923531544e-01 5.896428480662884164e-01 5.759694802577034478e-01 5.951138167513418953e-01 6.319298471423951957e-01 6.177229636231392762e-01 5.728628259777348575e-01 5.770825601593400078e-01 5.619106742756149186e-01 6.082615098758358263e-01 5.786212598376921923e-01 6.013450163560600803e-01 5.810384274791678960e-01 5.705634345228252080e-01 6.044156663925227546e-01 5.708776213931635590e-01 6.005207704597379514e-01 6.157619665568238032e-01 6.309479749964634898e-01 6.145561051519553564e-01 6.086085761602356703e-01 6.140935933837380345e-01 6.159683547726459985e-01 5.871867894526386911e-01 6.097585324406828988e-01 6.042722557022669472e-01 6.153069989324985167e-01 6.201794688809755263e-01 5.832906786957791079e-01 6.017643941732481183e-01 5.835661732068236907e-01 6.277756150218859466e-01 6.021492233156959806e-01 6.130635797674379717e-01 6.170270238532111762e-01 6.007510759817205059e-01 6.065987753537579463e-01 6.017097069425024758e-01 6.111500950462930293e-01 6.115915853918859613e-01 5.816343440271286580e-01 5.757086936074204964e-01 5.985131533495329226e-01 5.624111753852816253e-01 5.587765599591520971e-01 5.969724579898351147e-01 6.039886903829673193e-01 5.891111170319375256e-01 5.844659597245881466e-01 5.854135243957279133e-01 6.034252822967257623e-01 5.775507740867087403e-01 5.707259293210660278e-01 6.008726537352188091e-01 5.981888574165350470e-01 5.726535420914717900e-01 5.623590908068432093e-01 5.846870603028843094e-01 5.613672402442555498e-01 5.789017119127100042e-01 5.594558737314851982e-01 5.702548792310654369e-01 5.822454268207071237e-01 5.770409581723173753e-01 5.819199352230913780e-01
8.126374023344015707e-02 9.585530667624131418e-02 2.246109048773632655e-01 3.853232869423851570e-01 1.000000000000000000e+00 2.548893469537468759e-01 4.761840363619199712e-01 4.668753228983772985e-01 4.439738955237452767e-01 4.029569699148654593e-01 4.055139134155245628e-01 4.639683008450263824e-01 4.327310302686321886e-01 3.195882083974044829e-01 4.821649052309777694e-01 4.810351267808745668e-01 4.107784929785683881e-01 3.666156713970076808e-01 4.146300080086939843e-01 3.279578348003359678e-01 3.289128820490123672e-01 3.940551751993706664e-01 4.446261546263635123e-01 3.622938917546013604e-01 3.765656059856791193e-01 4.807088277199336179e-01 4.545285840556581025e-01 4.572682922805016426e-01 4.145339882857924652e-01 4.373996833730597333e-01 4.521717779529605408e-01 4.727690358378987545e-01 4.539558504602757560e-01 4.537398296666646513e-01 4.522490724349840230e-01 4.393040534547010267e-01 4.478676949836677412e-01 4.768358687589299705e-01 4.628519102980514499e-01 4.376620407836214199e-01 4.621309299068851462e-01 4.655928367926652212e-01 4.662188600777132930e-01 4.765849724911367380e-01 4.572690939156535128e-01 4.639357345689834045e-01 4.537090841906801786e-01 4.612477274823297280e-01 4.609646275372052404e-01 4.618053350141117508e-01 4.835481683375243978e-01 4.459975513167527827e-01 4.616221919403710183e-01 4.708335528247741264e-01 4.769747949898611727e-01 4.770493347518662830e-01 4.760380752010001659e-01 4.671497199235301601e-01 4.718523850978563750e-01 4.689998737282956576e-01 4.765869029944814761e-01 4.714895892176217962e-01 4.768107095093419012e-01 4.709892376119448332e-01 4.638681022868266224e-01 4.673106786650684796e-01 4.632743192250715070e-01 4.531639699411293964e-01 4.725990887058212908e-01 4.478769485899830038e-01 4.416034975567595389e-01 4.647887090659661435e-01 4.463760473576924293e-01 4.511021997302406272e-01 4.741948764259631410e-01 4.735435373242256052e-01 4.697789206130799644e-01 4.464776983619902495e-01 4.738405033061340310e-01 4.674808863642031520e-01 4.725131863870233873e-01 4.579679982055256948e-01 4.769053749162684430e-01 4.680263539181113708e-01 4.628445609554022733e-01 4.649512977534833724e-01 4.591392569944487967e-01 4.713793396394487800e-01 4.701631274434040497e-01 4.777304777897868893e-01 4.671059894932466650e-01 4.638879042833700672e-01 4.584018349345490573e-01 4.655950995717273999e-01 4.562937624317224827e-01 4.594967592185055794e-01 4.606638558545742557e-01 4.578101143711686971e-01 4.679052975014392768e-01 4.651483254384223276e-01 4.639685541223417253e-01 4.733945233614633707e-01 4.594027343355374660e-01 4.640109698036301578e-01 4.623444229074246126e-01 4.679241931315550884e-01 4.601590465423218701e-01 4.642621670296038228e-01 4.752580278911298639e-01 4.636836482804588822e-01 4.694732440355865455e-01 4.623529220565823494e-01 4.668269632047998274e-01 4.683987744494708672e-01 4.570922297494798836e-01 4.625386549868588659e-01
4.696485838108547389e-02 4.188697024897797272e-02 1.921401217487314628e-01 3.544378575220739624e-01 2.548893469537468759e-01 1.000000000000000000e+00 4.804634086053640174e-01 4.236565139321639140e-01 4.381743338362166229e-01 3.996138524877352327e-01 4.629015773828621394e-01 5.338123929732703221e-01 4.378206981347648741e-01 3.720094803084225132e-01 5.218649541588341600e-01 5.220940634482196252e-01 4.515537252329297480e-01 4.060818341992342151e-01 4.442170694263978259e-01 3.709122596177528153e-01 4.181947494635153140e-01 4.619615222542872157e-01 4.330395793739151844e-01 4.121709497131560984e-01 4.404643987940750627e-01 4.796329706369695800e-01 4.839880369779913649e-01 4.908044997958408429e-01 4.720359394747287718e-01 4.651441951536875452e-01 5.043613845687908714e-01 5.056521063299069807e-01 4.673010784966702413e-01 4.870791386019202029e-01 4.791029345550996132e-01 4.969089820455261930e-01 5.112642628174357551e-01 5.073989512883433362e-01 5.312591103997247322e-01 5.016147193278971406e-01 5.212566725740354068e-01 5.304308623149223134e-01 5.301345183260829375e-01 5.393458866166976895e-01 5.259732093716893431e-01 5.262829462875308062e-01 5.306224954506616465e-01 5.256500645319562848e-01 5.310218785179463552e-01 5.181004363049876993e-01 5.295207307588085666e-01 5.101364522036893057e-01 5.280524651599519670e-01 5.124342030513598933e-01 5.032480549122307911e-01 5.115805335712574342e-01 5.095415294221697922e-01 5.242404916319698405e-01 5.176748715427651470e-01 5.264196084732577496e-01 5.333146218468862720e-01 5.186606148772843206e-01 5.210153816536765570e-01 5.269642754208088142e-01 5.174821928122761427e-01 5.157550814739632061e-01 5.325984419468063891e-01 5.302286781390878057e-01 5.307472021074796098e-01 5.330152076111223103e-01 5.381623897577185733e-01 5.388061588243557853e-01 5.256417661658688845e-01 5.282344293468609342e-01 5.294438337895011060e-01 5.334296561620374133e-01 5.422371629606901333e-01 5.331673968842129963e-01 5.351390536566591472e-01 5.174220870618959633e-01 5.248749438615659679e-01 5.286803034186771111e-01 5.345697436639958999e-01 5.245401006045776748e-01 5.343128662419565078e-01 5.364045775985641917e-01 5.387272201417763196e-01 5.410753895650286527e-01 5.381163183238432124e-01 5.333308779570979929e-01 5.403547599276002922e-01 5.385549519366369386e-01 5.413223949410697067e-01 5.424978849762910338e-01 5.332638667224754991e-01 5.311449939642318707e-01 5.388148529310986534e-01 5.237994725992800582e-01 5.359254256313056297e-01 5.383716951526401617e-01 5.411470676746862329e-01 5.368752581834730364e-01 5.415550186668834920e-01 5.415194348331611174e-01 5.365628036512455346e-01 5.277969758267500033e-01 5.344648884542623213e-01 5.277771236427128976e-01 5.310555788240570729e-01 5.300370701177703481e-01 5.333834798944721012e-01 5.291208815626228246e-01 5.299173382974815549e-01 5.356954845930222975e-01 5.338866603199092786e-01 5.285835173116477659e-01
1.083421194387279712e-01 1.518560255760726396e-01 3.597758664573506571e-01 6.277252545344883528e-01 4.761840363619199712e-01 4.804634086053640174e-01 1.000000000000000000e+00 7.286347187121052782e-01 6.901750534136736892e-01 6.269369815608994978e-01 7.075227408524307204e-01 7.694260607792157147e-01 6.479633843800328696e-01 5.392861224776217544e-01 8.342604429165568769e-01 8.014627879364421004e-01 6.597184365366829395e-01 7.018112928298582132e-01 7.556789386453335311e-01 6.227896265329815328e-01 6.467639550585998487e-01 7.202527408024724798e-01 7.789109192450720531e-01 7.180523574281507670e-01 7.277053167013609603e-01 7.863680348761867833e-01 7.719556976496207978e-01 7.898636063532650242e-01 7.327983856641535620e-01 7.368186716136344572e-01 7.532079055906416576e-01 8.019885486049405099e-01 7.713377814686980249e-01 7.845717944791641418e-01 7.503940983740340354e-01 7.359635364630022769e-01 7.603891392872186294e-01 8.010703966996129965e-01 7.741939539680913196e-01 7.658508934454676398e-01 7.595564607839988547e-01 7.828147993730097953e-01 7.707239435519399606e-01 7.857131014808252933e-01 7.724952146115368068e-01 7.957180099377971771e-01 7.301279879063037326e-01 7.320231795579490441e-01 7.377233084014256370e-01 7.530001169733447908e-01 7.746988266159682279e-01 7.339803100419071136e-01 7.446469072967057956e-01 7.452648441448700423e-01 7.541077465093002363e-01 7.834630625365915924e-01 7.478631898539814804e-01 7.466847231017895714e-01 7.482751331607867540e-01 7.319337822991823783e-01 7.618956545001940306e-01 7.419758211819215132e-01 7.596478401298502048e-01 7.426089690705547364e-01 7.188505061884459257e-01 7.378167081000608363e-01 7.363370637039715616e-01 7.637577592441293639e-01 7.833250965564279023e-01 7.680273330971199020e-01 7.594626719250584523e-01 7.717803782908937427e-01 7.753661928465785946e-01 7.749872469678350528e-01 7.690638527898434607e-01 7.743886851194459187e-01 7.789314561884312926e-01 7.603723253198455545e-01 7.864540745356332074e-01 7.541081261727633489e-01 7.699255568198236643e-01 7.476735720863165735e-01 7.785185111602042074e-01 7.691929965188207818e-01 7.700590196016913191e-01 7.768176890897692255e-01 7.645804405912961510e-01 7.794660649384979045e-01 7.719532553122867569e-01 7.830977701033658978e-01 7.859500017502422109e-01 7.614722256704881120e-01 7.480381865479878156e-01 7.692055187244786207e-01 7.318307613829311276e-01 7.338713900183598815e-01 7.596418048364166342e-01 7.282112730390410960e-01 7.458278667867485057e-01 7.528713063520867665e-01 7.557055162228485390e-01 7.623078941605845316e-01 7.391274194793885366e-01 7.447578451182950143e-01 7.451751600910300199e-01 7.391608911811342608e-01 7.313583456271846028e-01 7.374416951579902957e-01 7.589787280769497713e-01 7.380034790015463919e-01 7.514258071174223508e-01 7.255391839031538614e-01 7.356045283760422882e-01 7.397005922319073168e-01 7.329770284299861327e-01 7.305636966713544567e-01
1.469842562298730448e-01 1.235941209795380913e-01 3.436898108808659202e-01 5.785809227136508026e-01 4.668753228983772985e-01 4.236565139321639140e-01 7.286347187121052782e-01 1.000000000000000000e+00 6.851640511390932886e-01 6.240379032643467161e-01 6.786848174524006128e-01 7.387617241952663116e-01 6.373600987782328531e-01 5.204213572574536428e-01 7.786028417124007950e-01 7.895191469595543854e-01 6.663789034399827393e-01 6.488537437924091211e-01 6.983747334986505351e-01 5.805998205854646654e-01 6.306725397095904739e-01 6.925720259868157758e-01 7.303320723811215220e-01 6.532060970145467937e-01 6.767530588785581891e-01 7.551046855002824243e-01 7.408832198832869809e-01 7.478646592367679258e-01 7.100837901797630858e-01 7.112287253847983104e-01 7.232574795273144508e-01 7.680123063517099169e-01 7.355257841777571581e-01 7.401928607175181085e-01 7.258106636810792711e-01 6.749589722313124041e-01 7.064739952877236995e-01 7.770480023426482585e-01 7.377657045576457850e-01 7.110917254253462660e-01 7.371224738292854184e-01 7.516015108695157654e-01 7.269134810553430359e-01 7.610701442034947251e-01 7.207146057527908933e-01 7.480510793814520998e-01 7.258516160129355743e-01 7.345483872116975732e-01 7.398023437037194450e-01 7.544472469891315702e-01 7.700901159543233065e-01 7.240849312790920145e-01 7.409619502188913298e-01 7.479583459095845432e-01 7.623609494001691855e-01 7.644232694196273492e-01 7.613832559689556190e-01 7.448328924710549970e-01 7.587334142092585498e-01 7.358811084079802667e-01 7.626305071416560333e-01 7.466523693136677409e-01 7.600573530840473158e-01 7.453465368017508919e-01 7.350652505521825253e-01 7.482687642309403531e-01 7.328326571860132033e-01 7.466589517599517833e-01 7.622919149032399977e-01 7.523518014230324846e-01 7.491022762973433835e-01 7.566104889076042950e-01 7.493241703087702987e-01 7.537530980361726307e-01 7.521410981771710080e-01 7.536508163736439503e-01 7.543523143667448805e-01 7.422182394478775702e-01 7.697637510665943372e-01 7.401601537624287186e-01 7.455816816031033412e-01 7.307948168063512773e-01 7.652618417336172207e-01 7.492022530725453988e-01 7.561923809716982747e-01 7.554117153581126898e-01 7.304353228711616408e-01 7.642515925237922669e-01 7.514892226045335466e-01 7.615985411580480369e-01 7.496414397140072072e-01 7.428023465955539972e-01 7.315501395760634074e-01 7.470683420654861129e-01 7.294289632269795876e-01 7.295320016497681692e-01 7.520816888492694030e-01 7.473495780216247164e-01 7.512005081317705280e-01 7.502319958281020718e-01 7.384253436566695639e-01 7.595218407611811218e-01 7.383781730893674844e-01 7.390574992056428982e-01 7.383877572084008856e-01 7.463648637313246015e-01 7.382075318940615194e-01 7.322685086345509520e-01 7.518395804821632611e-01 7.371148732498272738e-01 7.470201163046393811e-01 7.311132612174932044e-01 7.401146002014521441e-01 7.444847170522613800e-01 7.328747274162207281e-01 7.362348613126075136e-01
1.822753886248217048e-01 1.934891693072122443e-01 3.750633677051520842e-01 5.739831312355420101e-01 4.439738955237452767e-01 4.381743338362166229e-01 6.901750534136736892e-01 6.851640511390932886e-01 1.000000000000000000e+00 7.175321996846432127e-01 7.800269462582972713e-01 8.139460673857096262e-01 7.169716002123195375e-01 5.941858083647257871e-01 8.147155490023715307e-01 8.119263743304349079e-01 7.747826608245056423e-01 6.369740507722296829e-01 7.153518277990669194e-01 5.600020331351359681e-01 6.251043883618154773e-01 7.180751876483277840e-01 7.393184767498948151e-01 6.502605163615167161e-01 6.841934854976646774e-01 7.907694143495023198e-01 7.934657153872762825e-01 7.990715156565068034e-01 7.683850964992188226e-01 8.123930966130283871e-01 8.252394295409615221e-01 8.215521074916725119e-01 7.901018961108479122e-01 7.929751165644518540e-01 8.135795033669026566e-01 7.581268840561927735e-01 7.868273475370211045e-01 8.330295896612666118e-01 8.136984196263583602e-01 7.648775369052751572e-01 8.279651123232245613e-01 8.156729534888748079e-01 7.993824721833021618e-01 8.416946162234356654e-01 7.981930837437780646e-01 8.343881466174182249e-01 8.257219947145053585e-01 8.425442747126610232e-01 8.457647126243521551e-01 8.214949999048456464e-01 8.357222294413897412e-01 8.129028716851680603e-01 8.294408040937022442e-01 8.642842096276301955e-01 8.631297775517510207e-01 8.374566228078885732e-01 8.639691892635872339e-01 8.386257686238122178e-01 8.467370977698467360e-01 8.465502900242566353e-01 8.538959251499611547e-01 8.554897469111968356e-01 8.615294478032577974e-01 8.459407453295721968e-01 8.472738001782831319e-01 8.641333272480147265e-01 8.406536725963544843e-01 8.255386028812291555e-01 8.421509821227003423e-01 8.113187293687164070e-01 8.202433285501725679e-01 8.452206069419641032e-01 8.024446872219186400e-01 8.140929445966419431e-01 8.387905720149159139e-01 8.477497174522213852e-01 8.336716928897358603e-01 8.303210059063386161e-01 8.418897990200552295e-01 8.533557492020824586e-01 8.475450833153775898e-01 8.443976050441598380e-01 8.554694680342203039e-01 8.453035982491738931e-01 8.365179396785564769e-01 8.349494748029461233e-01 8.298166067914791721e-01 8.341142605276907762e-01 8.371905859386098436e-01 8.415216790671357083e-01 8.160428471546131712e-01 8.312073822125034539e-01 8.195458865627979206e-01 8.307976879381631097e-01 8.363666614679396982e-01 8.388643721822112154e-01 8.206083643020541940e-01 8.429735653936039075e-01 8.456185090031804741e-01 8.331839775969126505e-01 8.243841334543556831e-01 8.504766299337342961e-01 8.310156716923132736e-01 8.345090904366927465e-01 8.402304999259613272e-01 8.516973245955727911e-01 8.435978145730980149e-01 8.434324797944144914e-01 8.507507928116975204e-01 8.411012640221857684e-01 8.408865865475453338e-01 8.445780372095256228e-01 8.449709237352102109e-01 8.436229182717154274e-01 8.428623089480384856e-01 8.498852040278288555e-01
5.780458232073301672e-02 1.750442827685751157e-01 3.272445196925119482e-01 4.900861439224883376e-01 4.029569699148654593e-01 3.996138524877352327e-01 6.269369815608994978e-01 6.240379032643467161e-01 7.175321996846432127e-01 1.000000000000000000e+00 7.092577940289650495e-01 7.512173466576775871e-01 6.605815184178672750e-01 5.556227044010799698e-01 7.509374697444721747e-01 7.513883599723802931e-01 6.856179203050292159e-01 5.801227821675163376e-01 6.454132409422962402e-01 5.097719870275889686e-01 5.522399989931748854e-01 6.365993840237698098e-01 6.632579305697144934e-01 5.929086157545039315e-01 6.278578489107220495e-01 7.299385902242772062e-01 7.263488002135912724e-01 7.204694256098077565e-01 6.954481399002990782e-01 7.332123057272172950e-01 7.619036871773678943e-01 7.563582573201363957e-01 7.145934351212426261e-01 7.253031516527583822e-01 7.353538179298559907e-01 7.034397975138405590e-01 7.218383944132333863e-01 7.605747593795156858e-01 7.672638608418438366e-01 7.312281081802145533e-01 7.775057259027332579e-01 7.657290549970390270e-01 7.558854318304066844e-01 7.804294274376015750e-01 7.566974021889067981e-01 7.684146433478287186e-01 7.780856925824723991e-01 7.933910195753640648e-01 7.851601699728733008e-01 7.408507745580776849e-01 7.741987689514396864e-01 7.258910835275285134e-01 7.609254646407714873e-01 7.951956202588552625e-01 7.867520130654679367e-01 7.810674682335221330e-01 7.765901800688307377e-01 7.869773313321067887e-01 7.828436082117324890e-01 7.845244918883426122e-01 7.907168755703014584e-01 7.861446758984160788e-01 7.923336905922666595e-01 7.790037353438501455e-01 7.753687103695824367e-01 7.827276818348374299e-01 7.871598674765841741e-01 7.780066446744897668e-01 7.838378162678085737e-01 7.545717527109536693e-01 7.598142149863267303e-01 7.868708555431478402e-01 7.567815482303055230e-01 7.632956078610804163e-01 7.866974066320758796e-01 7.885336218320849744e-01 7.830686753449297433e-01 7.729459141102384967e-01 7.877380545992574978e-01 7.927919119615923771e-01 7.883297261372994580e-01 7.884699623748561148e-01 7.922319889154593175e-01 7.795284690133473804e-01 7.749523254729963062e-01 7.802555621012771114e-01 7.778617533616651869e-01 7.823546084508625764e-01 7.860779448989346774e-01 7.949021682609535011e-01 7.721192809740071716e-01 7.851175832316650283e-01 7.789666128598752293e-01 7.831142743000708561e-01 7.833579739886745719e-01 7.885782426172551762e-01 7.707431402645876783e-01 7.578080489035046163e-01 7.837487034249889239e-01 7.775370333156030878e-01 7.801305459862895031e-01 7.896884955555528718e-01 7.754224855444240561e-01 7.827351231827063271e-01 7.791746533879404524e-01 7.838733950579184206e-01 7.825660373872175279e-01 7.934214517859191629e-01 7.973684077990952357e-01 7.886046927700374187e-01 7.908591215129608942e-01 7.853113611329286536e-01 7.880303746996146774e-01 7.824897102508110436e-01 7.815062140316019201e-01 7.845152413839693306e-01
8.553593750425599052e-02 1.726973991578234502e-01 3.838281525546673456e-01 5.971508516534063116e-01 4.055139134155245628e-01 4.629015773828621394e-01 7.075227408524307204e-01 6.786848174524006128e-01 7.800269462582972713e-01 7.092577940289650495e-01 1.000000000000000000e+00 8.475448944832147946e-01 7.249756056200021836e-01 6.167376815060652273e-01 8.391477997616408890e-01 8.305548584295610048e-01 7.602303779073961154e-01 6.724441976271630095e-01 7.475493106671852184e-01 5.870408388899924779e-01 6.577166906783704636e-01 7.484917129947452619e-01 7.586253080826677042e-01 7.004657935424203341e-01 7.389216696415372709e-01 8.186782826722773798e-01 8.229342312427956330e-01 8.290752277005458692e-01 7.876084678460611999e-01 8.370149667161790319e-01 8.585272168081513611e-01 8.464465091493615923e-01 8.137276393841631483e-01 8.272484192377699275e-01 8.343101926558279535e-01 8.057322997824865052e-01 8.291855257475361229e-01 8.554476166406085325e-01 8.564348249349100772e-01 8.228092646830040824e-01 8.600867210658985629e-01 8.517833939010787114e-01 8.338300895797671197e-01 8.657714466394365038e-01 8.420985719097814348e-01 8.732997900541623615e-01 8.463054334878067353e-01 8.497855562638146898e-01 8.545968057532267181e-01 8.393245760137463263e-01 8.583048194456927016e-01 8.270642230879696744e-01 8.412667699276239475e-01 8.589875068362682331e-01 8.605512549043867754e-01 8.633011739718006172e-01 8.494509071251814536e-01 8.504508922471675225e-01 8.547295010246072078e-01 8.480044210446702202e-01 8.648493583569488719e-01 8.553628125745947886e-01 8.641550715205469357e-01 8.503609976320721797e-01 8.392441841787170453e-01 8.562737661428265756e-01 8.537327088981466749e-01 8.560428339662621289e-01 8.685700701905689769e-01 8.390704719927994937e-01 8.521660059721242186e-01 8.681449406161747540e-01 8.393736068595825106e-01 8.551094539158102803e-01 8.640396288619355269e-01 8.696118912550460101e-01 8.623558245583000659e-01 8.566567399327715826e-01 8.669471389631964175e-01 8.712689059640235101e-01 8.743938392681029903e-01 8.705585998500995348e-01 8.745469181403058290e-01 8.674510817609559776e-01 8.635470398176821050e-01 8.669230304952998400e-01 8.641910813703860272e-01 8.634154887188772998e-01 8.654272950291669320e-01 8.688307428984927139e-01 8.590245695108034152e-01 8.606732176564976244e-01 8.502717113911214541e-01 8.614360635590201376e-01 8.551615403536962923e-01 8.564501899310712485e-01 8.505281067862412447e-01 8.405809051120326503e-01 8.571698843204014207e-01 8.556027604417582033e-01 8.539505218885600213e-01 8.649055841847496096e-01 8.482498090864356577e-01 8.553872523869497924e-01 8.615756217118394344e-01 8.535976251101103918e-01 8.546912065726363084e-01 8.578435672899541453e-01 8.659936700535219023e-01 8.556630089321280996e-01 8.580675361972871507e-01 8.516809923252970371e-01 8.543559986450415256e-01 8.543078895175565401e-01 8.526448498158111233e-01 8.556704025562131832e-01
7.069738078000840920e-02 1.353260709860178435e-01 3.817097275251912780e-01 6.504159488644800646e-01 4.639683008450263824e-01 5.338123929732703221e-01 7.694260607792157147e-01 7.387617241952663116e-01 8.139460673857096262e-01 7.512173466576775871e-01 8.475448944832147946e-01 1.000000000000000000e+00 7.891663663222884262e-01 6.759529490291446008e-01 9.072567484073220667e-01 9.049121737302223689e-01 8.126347286374491219e-01 7.040509481639479761e-01 7.800423173271739952e-01 6.295989965788789666e-01 7.018182182611554243e-01 7.894475378341562211e-01 7.866531654647456184e-01 7.253035096197987253e-01 7.648808449001546217e-01 8.602705071379653790e-01 8.663383609664628837e-01 8.747514252288459691e-01 8.259255021528023599e-01 8.561913583398076399e-01 9.001399627149327953e-01 9.001889052487257459e-01 8.522523469195929513e-01 8.727792030171751536e-01 8.723955198946313772e-01 8.681120249252264331e-01 8.807968275348441178e-01 9.113697650381502591e-01 9.212850401802701317e-01 8.808355461342021187e-01 9.207760446895723039e-01 9.225187787754183244e-01 9.167072157340334648e-01 9.404371535355746659e-01 9.110907393097845697e-01 9.264063977527325910e-01 9.246105407991833669e-01 9.251581611733740163e-01 9.270027305428643061e-01 8.988402850431334024e-01 9.283396928570890605e-01 8.951709362832592776e-01 9.228871196378753972e-01 9.230701329890742546e-01 9.183072337213868952e-01 9.239266488248139009e-01 9.165213828553328002e-01 9.299439065045363995e-01 9.242190318837344432e-01 9.262022739397852700e-01 9.402787537244318150e-01 9.263320267264653074e-01 9.333864001574559977e-01 9.279636468710148467e-01 9.149174324877422659e-01 9.251221069658384089e-01 9.280874755985986102e-01 9.253391604277223514e-01 9.327967599373144791e-01 9.159142372348563210e-01 9.216675900962687518e-01 9.369406213937052641e-01 9.090954553731677157e-01 9.162378876417655027e-01 9.296277741033476261e-01 9.351198500286334037e-01 9.351198862506681087e-01 9.212549738660952281e-01 9.355696143319002234e-01 9.277428068881727885e-01 9.312672664158705427e-01 9.334755771455975903e-01 9.405911150788175412e-01 9.246765045480367373e-01 9.253652300612450476e-01 9.327950969551687121e-01 9.323107066205746918e-01 9.342001373918422669e-01 9.371173686257026070e-01 9.362827332016795401e-01 9.307423267809679102e-01 9.348720266227299458e-01 9.310365910700436620e-01 9.390952522192509422e-01 9.295544211885807817e-01 9.304667876084218303e-01 9.210338527501399364e-01 9.054647079999966763e-01 9.305446282030503946e-01 9.268166733418866654e-01 9.323856507954111361e-01 9.358344091013500732e-01 9.300584627912191760e-01 9.329099630672708088e-01 9.359503184743935833e-01 9.243547026177569848e-01 9.269879738536932479e-01 9.300717706113803551e-01 9.359614130293856249e-01 9.286285567424255039e-01 9.337807001409580421e-01 9.277910903587333058e-01 9.315963868891197208e-01 9.315657172039206735e-01 9.289462496387133061e-01 9.309954094831056626e-01
4.437248664594402314e-02 1.532899431187961237e-01 3.026626062979081988e-01 4.974140272571508925e-01 4.327310302686321886e-01 4.378206981347648741e-01 6.479633843800328696e-01 6.373600987782328531e-01 7.169716002123195375e-01 6.605815184178672750e-01 7.249756056200021836e-01 7.891663663222884262e-01 1.000000000000000000e+00 5.849351577545813807e-01 7.885258851028621452e-01 7.827461848691399382e-01 7.150948735129196709e-01 5.861269149109854526e-01 6.584238702194081805e-01 5.250959178248140180e-01 5.738387897224596079e-01 6.652495591121595497e-01 6.620517358525165319e-01 6.064081044818274702e-01 6.565347829143524105e-01 7.474555885664293520e-01 7.378347143617174364e-01 7.503374761425466444e-01 6.916576297391812123e-01 7.500497999515439718e-01 7.846382398585287632e-01 7.792060119479767843e-01 7.346507447739414332e-01 7.550003577736225102e-01 7.646976642705214378e-01 7.636167778575245757e-01 7.669905120216378158e-01 7.868441797793018777e-01 8.091602925811395286e-01 7.729049336126199155e-01 8.201562475892354431e-01 8.147957169155175539e-01 8.068779026533423604e-01 8.218019777373601897e-01 8.042231655666534085e-01 8.086634763385991409e-01 8.237742047764133879e-01 8.238606060992716973e-01 8.221498265967702723e-01 7.799009217675927363e-01 8.112977788307729199e-01 7.746807192599703962e-01 8.103111528954335396e-01 8.140864409838770577e-01 8.024281594653445149e-01 8.059804594343102924e-01 7.947226799390445517e-01 8.230602194703300345e-01 8.095820359567720281e-01 8.243696541265976840e-01 8.211316836442469347e-01 8.136185146035055382e-01 8.189293842818067271e-01 8.172654775518195525e-01 8.112857950585630196e-01 8.136450827442699429e-01 8.266707445477302629e-01 8.156709382324704993e-01 8.234348720691424539e-01 7.941677728244689316e-01 8.020434650130011667e-01 8.237209964248601857e-01 7.935643740670482726e-01 8.026878867924251981e-01 8.255069374250956216e-01 8.273150967561676561e-01 8.243762079750834859e-01 8.032816596076520765e-01 8.223325427161646273e-01 8.259768759315170294e-01 8.279933495792493048e-01 8.276393258970481392e-01 8.283348166406198088e-01 8.214922724781767993e-01 8.176918314822527734e-01 8.211008791948615215e-01 8.250301742266789029e-01 8.251451928337903974e-01 8.282732884700695353e-01 8.285353240844837153e-01 8.220353460194878004e-01 8.318061177327844558e-01 8.269773441584008511e-01 8.305232051768092205e-01 8.287895870074988292e-01 8.321229105535523640e-01 8.131855515155643754e-01 7.951803766011815711e-01 8.240533011183155399e-01 8.231695216139590654e-01 8.287740803271346213e-01 8.266655380891496652e-01 8.217532185346435591e-01 8.290600645381130951e-01 8.264267068740651645e-01 8.170487651909188465e-01 8.243473293894296727e-01 8.331591302057086423e-01 8.327952699182044061e-01 8.307865619410096381e-01 8.310177642689832167e-01 8.287129737296460297e-01 8.276557532048117727e-01 8.270631617268822122e-01 8.222767096702445766e-01 8.250994505082600572e-01
