1.000000000000000000e+00 1.537709494564373225e-01 3.221618303897880176e-01 2.699038431846862429e-01 1.370433350106237957e-01 1.229688511388512678e-01 1.897595007111336218e-01 1.944792015643153904e-01 2.387697802541531855e-01 7.378054068319109260e-02 1.343158785981246051e-01 1.070414894503519260e-01 7.827204857130087845e-02 3.978054118914314125e-02 9.354929082190738265e-02 1.118282482391337596e-01 1.140601833063357301e-01 3.041826197613641258e-01 2.607572025625494172e-01 2.024493486094114947e-01 2.813579161903243531e-01 2.687172683899585746e-01 3.009642053597839650e-01 2.952309804036379326e-01 2.619627709181447939e-01 2.071624547345376766e-01 2.188927915700408788e-01 2.140489633113149548e-01 2.346470226930003067e-01 1.679921472393778037e-01 1.562343589375952968e-01 1.352620709914936215e-01 1.727776668316958475e-01 1.985257750128550103e-01 1.471839848459570166e-01 1.766605626070914536e-01 1.749319372338411782e-01 8.834180968598771833e-02 1.066284278733108937e-01 1.201965475028927699e-01 4.555965667923032175e-02 9.594126096573397933e-02 1.221651246324628598e-01 8.259882442225936761e-02 1.325204301026547127e-01 8.149287607823789414e-02 2.660686942845890204e-02 4.212230915683163462e-02 4.846780118066763843e-02 1.062288116713131503e-01 7.501161423442360976e-02 1.104022278854545625e-01 7.813531491801017914e-02 6.652869438419467540e-02 7.882928025861320187e-02 8.068171048787581290e-02 9.508984455031582739e-02 5.251221711883593407e-02 6.158135375079792223e-02 6.039375042451680664e-02 6.295709748632362379e-02 6.669171706320191351e-02 5.431414281950994183e-02 4.693777920618963373e-02 8.237988008165106346e-02 8.077909461327099916e-02 3.427059625274486709e-02 1.016784718141447302e-01 1.023812111049643009e-01 1.090230653946236833e-01 1.165412256119012918e-01 1.068042608774910918e-01 1.413036614018133574e-01 1.298178407365054854e-01 9.358592521703000544e-02 8.515563088098884736e-02 7.581271212475025612e-02 1.159685513405430413e-01 8.034433088958506386e-02 8.608595362944633511e-02 9.789699731543602401e-02 6.356949066118236513e-02 9.412096541346598455e-02 9.690032254376017284e-02 9.207409229329589773e-02 1.074365108271437691e-01 8.380143444974015587e-02 5.186023903273039026e-02 6.250725970698232936e-02 7.477696835391181573e-02 5.394165660787399869e-02 3.221389340468859552e-02 6.046865460377615770e-02 4.691687441944195069e-02 5.644475750378903471e-03 2.775992923651294728e-02 6.153185543021275072e-02 8.359045873048585873e-02 4.129990368717863236e-02 4.886144616535322005e-02 5.619592259520830857e-02 4.199915982312910773e-02 5.409844289905600678e-02 3.832197691947865359e-02 5.959876822949351088e-02 5.939525373335735603e-02 4.425339726262425555e-02 3.367363990479178837e-02 4.322774064485868095e-02 3.090276709097266108e-02 2.471089305428162547e-02 2.981551157185823378e-02 4.223303333454030833e-02 3.953913069915022949e-02 5.194485127282977982e-02 4.378600795445484334e-02
1.537709494564373225e-01 1.000000000000000000e+00 1.998717891204191133e-01 1.591565246249557752e-01 6.998815674445678370e-02 1.306688902586286838e-01 2.094785050668021564e-01 1.868007490823956340e-01 2.323734700527971819e-01 2.361493468405606588e-01 2.125752547487112787e-01 1.946365458456932040e-01 1.209196535671154676e-01 1.353774720074359672e-01 1.849868135851974460e-01 1.770131231949453043e-01 2.095354354673240049e-01 2.735684374385690676e-01 2.366078208881372269e-01 1.914280716732154608e-01 2.184144069435751678e-01 2.258201753802220602e-01 2.683021729331666605e-01 2.417095342832880633e-01 2.281876920283269217e-01 2.265165100927443165e-01 2.615665491745015614e-01 2.556759671168916115e-01 2.637172176291989745e-01 2.594886763866341428e-01 2.410327926018197564e-01 2.385999407537541528e-01 2.658602740823537980e-01 2.409423385211036939e-01 2.528123400493071382e-01 2.137438897776502422e-01 2.271027358027952470e-01 2.265238742928827320e-01 2.105727333068792562e-01 2.181565025321038354e-01 1.854813014335728871e-01 2.020020711438562100e-01 1.880552877532200851e-01 1.840596192523857588e-01 2.093760190426435241e-01 2.030438501303520604e-01 1.704676435685825442e-01 1.929466375828946811e-01 1.722760456738313961e-01 1.665214647907930501e-01 1.823320945405463578e-01 1.118317589483577151e-01 1.593549637965628041e-01 1.930824770106748522e-01 2.002904609551188486e-01 2.149642875059893654e-01 1.813773501954336620e-01 1.751241290297868292e-01 1.993211114058524303e-01 1.721806065755472348e-01 1.656129672659040486e-01 1.941401456688344740e-01 1.785578260056526756e-01 1.763901239437525859e-01 1.736663207708300793e-01 1.704313931982542607e-01 1.784472173983312482e-01 2.095811797224164663e-01 2.153647873431086546e-01 1.944092224528169710e-01 1.968983198291357484e-01 2.011821119167582772e-01 2.166538532837864739e-01 2.020209829052425354e-01 2.027112622336437742e-01 2.032173677453969762e-01 2.036554591495126909e-01 2.213735450577593578e-01 2.019882233263679272e-01 2.145568823822284754e-01 2.177365140111724162e-01 1.915736286608840655e-01 2.148192755900524831e-01 2.272180077390733854e-01 1.897726503991098990e-01 2.103023310053636352e-01 1.984126600915608885e-01 1.908824109144604542e-01 1.920284754576083164e-01 2.062158209830987354e-01 1.882903795762727595e-01 1.719875316904790896e-01 1.879086245685456236e-01 1.844544909700868152e-01 1.580871865969391832e-01 1.749231468344271123e-01 1.626706459758269219e-01 1.676708420994160453e-01 1.659735484654191739e-01 1.707152893040608799e-01 1.699133837564046068e-01 1.690191400337806016e-01 1.604430978935682262e-01 1.670840654482013687e-01 1.567781260832251389e-01 1.746170935099102262e-01 1.756698284561055701e-01 1.775130998948231120e-01 1.841462518871582466e-01 1.668151017384698898e-01 1.757628973639875636e-01 1.658563181572283163e-01 1.783720151996602832e-01 1.681612278792193604e-01 1.704864629865194270e-01 1.651869760699146428e-01
3.221618303897880176e-01 1.998717891204191133e-01 1.000000000000000000e+00 5.184005637400347366e-01 2.758275910644351625e-01 3.377149046835257740e-01 4.927980775752157649e-01 4.762483733550850196e-01 4.582299494961608599e-01 3.122709130640442532e-01 4.671710866483586577e-01 4.423182790531987041e-01 3.313188513510939570e-01 3.453995854941113164e-01 4.275417371620204854e-01 4.138008182955782432e-01 3.947335541862305175e-01 5.387285193192761223e-01 5.548816724070489981e-01 4.904733316509589658e-01 5.579959827844079845e-01 5.747284298430412885e-01 5.693899045086681099e-01 5.610738582019453302e-01 5.369011379743253709e-01 4.876059756132302692e-01 5.322254092011589055e-01 5.157544072476536456e-01 4.750156028672757325e-01 4.506336292942635935e-01 4.688259223412490906e-01 4.656974415962705782e-01 4.926887028490797293e-01 5.089405347558836334e-01 4.484178096748512310e-01 4.778209221527676132e-01 4.848002766052317281e-01 4.178329306387550401e-01 4.426078307135531409e-01 4.508754510372584012e-01 3.805910432874026750e-01 4.392420636977575898e-01 4.393918190624802600e-01 4.114614199949966911e-01 4.648016429455659737e-01 4.087582302520131328e-01 3.600862809936002940e-01 3.576776241398292866e-01 3.733218980656188291e-01 4.188045385722188874e-01 3.947646038242114686e-01 3.914255428844375939e-01 3.921374806113257505e-01 3.611921331510501987e-01 3.806785131206930628e-01 4.137792779333893112e-01 3.867167232376407804e-01 3.796054688913678143e-01 3.775306545635789823e-01 3.671040707904835720e-01 3.783882685732510298e-01 3.699818304254345880e-01 3.605554881648505572e-01 3.629207279461274527e-01 3.820702710146154368e-01 3.783545957260963655e-01 3.565572921523054717e-01 4.350290533538966331e-01 4.435942190233820859e-01 4.577955920453605776e-01 4.624423802426952390e-01 4.441809529308171078e-01 4.706459897912950718e-01 4.570279092271321564e-01 4.209650973466551593e-01 4.175052807993909210e-01 4.120066454243507814e-01 4.179521205114865579e-01 4.114552160281678694e-01 3.877343988091332405e-01 4.195883197180885205e-01 3.891324401835231095e-01 4.270134649477548838e-01 4.308839405089762709e-01 4.346711345808124127e-01 4.385065436145573203e-01 4.186320188832889366e-01 3.972870611710892508e-01 3.932084650175609042e-01 4.031219132177375486e-01 4.058750995804151773e-01 3.731260572329473946e-01 3.974441888027472336e-01 3.861039789388615584e-01 3.365974768603652301e-01 3.531762454338894242e-01 3.955864767500315571e-01 3.968798167337675431e-01 3.701687813334804122e-01 3.889340330610787655e-01 3.912190902893268873e-01 3.664091491926301236e-01 3.814926376286964516e-01 3.699524845363832970e-01 3.841306876313811403e-01 3.708595423366769506e-01 3.679320412078393998e-01 3.531234310944963428e-01 3.688077593923198561e-01 3.606454243839683493e-01 3.579796684326415068e-01 3.495564675678569100e-01 3.645393213798389653e-01 3.592586991070886304e-01 3.669775092272925532e-01 3.553223973971861849e-01
2.699038431846862429e-01 1.591565246249557752e-01 5.184005637400347366e-01 1.000000000000000000e+00 4.194305755419722170e-01 4.828446386804829404e-01 6.691085714950623098e-01 6.530235542704785345e-01 5.970832070282441340e-01 4.685545646129366526e-01 6.239232438912247769e-01 6.684251670124906619e-01 5.490715077049407311e-01 5.509297399145296481e-01 6.432965464144900780e-01 6.309167212006716596e-01 5.547735640730594442e-01 6.054688144200564004e-01 6.363248572722494112e-01 6.027876130127489684e-01 6.693130073544922842e-01 6.694310163515404533e-01 6.227329786083919405e-01 6.179394460227538577e-01 5.888378604541811834e-01 6.413053980300589263e-01 6.659014575547753667e-01 6.402987674514688532e-01 5.961919281873555576e-01 5.792828692273653823e-01 6.327386503248285665e-01 6.271734877890227100e-01 5.884289736811548766e-01 6.377807652612920153e-01 5.592517820612175061e-01 6.383403245904918366e-01 6.276524643251913949e-01 6.049561836905513745e-01 6.208784057417636726e-01 6.256881370720294155e-01 5.891205974898491293e-01 6.310230980051810823e-01 6.340942755980284451e-01 6.246204135272525049e-01 6.527549864716591932e-01 6.045097672095266494e-01 5.790507455941877879e-01 5.748769112659972702e-01 5.912072724376654653e-01 6.205677468209696013e-01 6.082149854575312764e-01 6.146069466058401431e-01 6.122752199841265952e-01 5.690873688139725939e-01 5.810796059880819486e-01 6.089464080943166602e-01 6.019274657425112141e-01 5.991951149474679106e-01 5.905994729698975654e-01 5.898364465768876075e-01 6.033378175137041888e-01 5.850338283420528640e-01 5.809693314873403125e-01 5.785476979338673997e-01 5.893993518784736985e-01 5.997833904694427343e-01 5.698398933274771982e-01 6.162710021022664852e-01 6.269580122665541211e-01 6.546090136785379654e-01 6.444607881433798147e-01 6.293988956426282977e-01 6.372264778776703942e-01 6.197048492623721261e-01 6.171716080690714534e-01 6.190555005013377299e-01 6.102794353675528027e-01 6.075302735980183666e-01 6.098010109670205514e-01 5.799759054724038521e-01 5.974948965626539765e-01 5.978378479692492142e-01 6.152999273802821634e-01 6.046952367026248165e-01 6.308738434193581490e-01 6.190786814019936246e-01 6.173239517188467973e-01 6.068794900114964364e-01 5.967724060452429535e-01 5.920750816716050524e-01 6.100227093396742850e-01 5.905693612732924036e-01 6.057821096059113897e-01 6.009754980056076779e-01 5.666536559401651463e-01 5.709359291662106095e-01 6.216861915256249871e-01 6.155910794015904131e-01 5.950478832639641835e-01 6.092339072988373072e-01 6.101412496102708305e-01 5.917374365190249952e-01 6.019288511716659462e-01 5.961595008190612166e-01 6.083935238592209638e-01 5.892027750178752132e-01 5.891681004171790415e-01 5.638878498342648760e-01 5.730522529504143980e-01 5.848262794759008232e-01 5.768359464019430227e-01 5.755018653233930914e-01 5.839068344706820346e-01 5.843270624797834989e-01 5.831316712863656715e-01 5.799659238862047150e-01
1.370433350106237957e-01 6.998815674445678370e-02 2.758275910644351625e-01 4.194305755419722170e-01 1.000000000000000000e+00 3.504243883342625376e-01 4.947630298892545797e-01 5.084785130657540897e-01 4.447388878729123252e-01 3.776050451444166178e-01 4.671050236928199206e-01 4.939538562132613220e-01 4.869312445992576288e-01 4.361027506783442531e-01 4.992955339257680869e-01 5.019657594217545871e-01 4.157663230767343898e-01 3.883737085437714009e-01 4.588977002630913460e-01 3.762468968168625749e-01 4.434703274009898499e-01 4.592717149113319519e-01 4.129531311816086458e-01 4.069440000127720336e-01 4.138800052625014603e-01 4.688631475290520600e-01 4.724266020485185513e-01 4.631718541580104875e-01 3.993693221745415189e-01 4.176723454222722176e-01 4.702815925990563306e-01 4.429809801014213955e-01 3.938524107693669452e-01 4.365610695663089680e-01 4.004033405804340306e-01 4.702630337620673506e-01 4.505243138082418719e-01 4.399739824575127356e-01 4.641773300772338851e-01 4.697316448368797914e-01 4.820692245840972889e-01 4.966068035742760012e-01 5.042425195929316484e-01 4.966091812515621151e-01 4.953426463702268467e-01 4.626627192578873782e-01 4.781841156709054075e-01 4.696461957282886401e-01 4.647265030308618816e-01 4.577632855503472875e-01 4.735453971259471206e-01 4.909433435617375219e-01 4.865519600289118229e-01 4.624019529235942061e-01 4.558590314754608630e-01 4.799036712678055316e-01 4.561592443192377111e-01 4.832218454588449452e-01 4.608924055267311082e-01 4.819593065472293492e-01 4.832946500752111074e-01 4.611450224431760114e-01 4.481449575718405298e-01 4.611213987367868694e-01 4.762968379114680961e-01 4.746966905268551473e-01 4.653332937527684399e-01 4.798682921888151598e-01 4.715854291354605876e-01 4.895918406997111227e-01 4.982153488938419472e-01 4.943215421508671548e-01 4.753961486270746883e-01 4.880015290833853991e-01 4.847691984988943825e-01 4.864435832291972295e-01 4.806408157210305121e-01 4.629224113144791986e-01 4.862817037957103405e-01 4.556262676876252082e-01 4.608149846182763021e-01 4.765996373712181322e-01 4.699723683006968855e-01 4.603191008784330296e-01 4.788407585622105889e-01 4.693412174370880097e-01 4.778248078234083596e-01 4.752311100607060079e-01 4.746568466987899915e-01 4.679254723315615094e-01 4.857239687402610806e-01 4.877171453072031149e-01 4.889041160597931146e-01 4.805943855112796426e-01 4.718253854298046224e-01 4.669053630384313869e-01 4.830811772430669837e-01 4.664314108699613159e-01 4.731438254266469579e-01 4.824089363348769699e-01 4.963215192337022685e-01 4.634254843091467069e-01 4.894256546334662117e-01 4.885355438078114454e-01 4.935407812136219929e-01 4.624491298214377655e-01 4.652608780629429730e-01 4.661885246769751912e-01 4.625628892218410781e-01 4.774436254264966539e-01 4.639462813216523318e-01 4.756784630754089527e-01 4.646553769950644841e-01 4.704949049906592684e-01 4.769187536511457215e-01 4.710141573102177848e-01
1.229688511388512678e-01 1.306688902586286838e-01 3.377149046835257740e-01 4.828446386804829404e-01 3.504243883342625376e-01 1.000000000000000000e+00 5.786669946726443747e-01 5.544986969135895505e-01 5.491018500970124006e-01 5.246523797397423250e-01 5.836270318457249529e-01 6.134626241243246181e-01 5.550977116988190518e-01 5.830377983339125603e-01 6.347662818714164823e-01 6.291057144222225173e-01 5.476422602924945204e-01 4.702799905069243169e-01 5.294320749767380541e-01 4.441195889081615000e-01 5.001915054943762984e-01 5.207564366319595850e-01 4.870955943280201872e-01 4.734916775165524672e-01 4.594082003773901635e-01 6.163346692428876006e-01 5.897742587470279352e-01 5.886537147367605360e-01 5.539477935623778881e-01 5.387463877907968657e-01 6.083797510415741572e-01 5.970339942204720973e-01 5.457322690144191801e-01 5.762657697916543365e-01 5.353063757430407410e-01 5.873591982041805881e-01 5.857656129020677449e-01 6.089951720231002730e-01 6.137458190573781280e-01 6.068747690060654065e-01 6.194922128988583632e-01 6.355793678154840753e-01 6.359899618940997312e-01 6.396959244852175042e-01 6.289883717826052489e-01 6.166579715881919110e-01 6.231756465271151013e-01 6.225088728716953179e-01 6.305274854706726106e-01 6.101900917845618499e-01 6.272151722896788240e-01 5.879945579639305198e-01 6.240307273132444932e-01 6.183127752917294551e-01 6.123384608196251744e-01 6.215311829994555337e-01 6.150672704068439467e-01 6.262011949267494160e-01 6.262818672822655364e-01 6.264287230995134736e-01 6.311016248246716920e-01 6.258396053528689773e-01 6.140020101913197248e-01 6.197312493316952109e-01 6.107832030076570939e-01 6.183304451831511672e-01 6.183252881424239344e-01 6.126051408251943498e-01 6.171659166100623706e-01 6.164915709881449990e-01 6.200033894578166338e-01 6.188802438526188610e-01 6.014553442588552734e-01 6.018943806144606556e-01 6.380579456248844927e-01 6.291372314843776126e-01 6.291230813454510296e-01 6.254092436573805980e-01 6.304702648063060799e-01 6.057606879393758748e-01 6.093176018658017501e-01 6.288778395147256450e-01 6.196646231463615040e-01 6.136107641198322860e-01 6.278699602374760991e-01 6.183592131788100410e-01 6.295219249521779581e-01 6.325477355241587718e-01 6.280957344894768646e-01 6.152886108712615210e-01 6.361692885376338813e-01 6.317455352076610797e-01 6.336029857591133352e-01 6.339843143722534435e-01 6.256206789722486006e-01 6.252177295758045705e-01 6.310261013268833041e-01 6.170929270700371561e-01 6.303318559385325814e-01 6.314759136543602880e-01 6.377694182702631220e-01 6.223415513100375440e-01 6.302324726419002987e-01 6.314760833729776701e-01 6.254295079913008149e-01 6.144218198962096977e-01 6.269443949921116310e-01 6.225351357195592072e-01 6.183440631915314567e-01 6.267406818062198903e-01 6.208168995768756915e-01 6.259216114334398284e-01 6.261862562679412214e-01 6.257839668327230820e-01 6.173992034383474214e-01 6.187602075767009158e-01
1.897595007111336218e-01 2.094785050668021564e-01 4.927980775752157649e-01 6.691085714950623098e-01 4.947630298892545797e-01 5.786669946726443747e-01 1.000000000000000000e+00 7.415094258035244135e-01 7.235537307821839903e-01 6.468139797986064421e-01 7.608450012734235823e-01 7.954736527094609100e-01 7.103644300323375127e-01 7.078070372972850022e-01 8.436253294697408922e-01 7.924981053257200703e-01 6.888328440370257155e-01 6.652599521028227381e-01 7.459262576688731050e-01 5.999533534337440077e-01 6.860366971395179814e-01 7.406027994034379835e-01 7.261992895590959618e-01 6.948112648100995825e-01 6.921675754608364040e-01 7.926576185838360988e-01 8.035968432548998841e-01 8.118004228044706228e-01 7.342340158769861125e-01 7.022101452271986011e-01 7.888407748989937351e-01 7.672788322342323220e-01 7.424044751871875514e-01 7.668947906410442661e-01 7.066425144304491202e-01 7.473742796128207688e-01 7.710348552076714546e-01 7.773391019293028892e-01 7.909882248672512883e-01 8.021543127858973277e-01 7.893675269503475089e-01 8.363859869095379151e-01 8.101833399443135741e-01 8.148980426692270518e-01 8.160321207406756594e-01 8.041457680829134924e-01 7.653043428014524308e-01 7.603149221466282137e-01 7.578254954649900066e-01 7.482416840136651981e-01 7.681302894808496040e-01 7.376107116312784484e-01 7.722063610045110105e-01 7.432148201182185998e-01 7.493727154200663376e-01 7.947532806040910058e-01 7.256470627632443104e-01 7.739374047491294206e-01 7.611846200599792223e-01 7.639043261756283121e-01 7.644804475794708676e-01 7.502609847507081264e-01 7.381976346886005569e-01 7.425750890859867948e-01 7.466969635377987968e-01 7.461792567298506373e-01 7.588514576375583465e-01 7.889851923896045172e-01 7.956148214754057424e-01 7.877402478929438345e-01 8.001272656121128923e-01 8.025261334420482617e-01 7.949432388886447098e-01 7.968126299688012004e-01 8.040222974520138122e-01 8.024604500433072385e-01 8.130117380044945552e-01 7.843620190898791256e-01 8.037683968555152658e-01 7.516076455579719928e-01 7.713466318661776899e-01 7.799907025753717305e-01 7.855837611917532159e-01 7.858375719531164316e-01 8.020611294525419321e-01 7.915071028032754086e-01 7.961906375894726162e-01 7.997903092107137013e-01 7.907303110517230893e-01 7.753427337311384893e-01 8.160345323009569052e-01 7.965415722514016528e-01 7.954015739791119310e-01 8.000672799914986255e-01 7.646584640928503207e-01 7.621622016664191257e-01 7.791915393725061811e-01 7.513487270296513865e-01 7.698205104818907074e-01 7.885392301179088292e-01 7.982605243280956886e-01 7.571368724636695635e-01 7.762453872514579745e-01 7.818535816226096502e-01 7.764506165187933240e-01 7.409743657727283495e-01 7.593609853791067898e-01 7.611800473569970693e-01 7.618915290221808245e-01 7.694499250226095599e-01 7.635914379338983871e-01 7.612660370602977178e-01 7.598523047444704082e-01 7.599646301270563953e-01 7.577975950302736630e-01 7.499105987342344903e-01
1.944792015643153904e-01 1.868007490823956340e-01 4.762483733550850196e-01 6.530235542704785345e-01 5.084785130657540897e-01 5.544986969135895505e-01 7.415094258035244135e-01 1.000000000000000000e+00 7.118940093240632150e-01 6.285548690694775509e-01 7.558521833502481746e-01 7.943510221182999986e-01 7.207556625157452990e-01 7.029406124754039586e-01 7.927093231183106603e-01 8.043006009450135441e-01 7.086138887490701643e-01 6.727661495894043941e-01 7.345157973075061575e-01 6.366926478872304562e-01 7.118132871597708800e-01 7.379875246457343607e-01 6.820755840979709772e-01 6.779992628018467471e-01 6.602013408713109932e-01 7.748380969646611049e-01 7.757880257403064750e-01 7.435658601559592684e-01 6.869420491589621758e-01 7.095084394720986287e-01 7.673607116520730909e-01 7.706531146436041979e-01 6.971354731303577301e-01 7.513187125406870503e-01 6.960321888692925230e-01 7.543795622926710021e-01 7.355821157726452064e-01 7.526083326807465612e-01 7.584319342478510473e-01 7.534457145760691255e-01 7.603763480376427575e-01 7.861665608762635760e-01 7.863071283410273393e-01 7.864504122180072665e-01 7.910467581783233726e-01 7.513068702759025941e-01 7.668821611577774089e-01 7.607021251494578973e-01 7.704956925080432839e-01 7.645743999167596838e-01 7.822952815474615296e-01 7.559683742393983330e-01 7.778604973964812208e-01 7.622326387516820123e-01 7.672511398309125319e-01 7.773322732772495192e-01 7.708646204458781126e-01 7.869635408025167367e-01 7.751481775503499261e-01 7.799198736007096899e-01 7.827069153335978191e-01 7.680855283044675241e-01 7.598815141914432303e-01 7.599715344540416417e-01 7.712602759934096275e-01 7.738304212099733626e-01 7.591240807496472121e-01 7.846800001617325604e-01 7.843394163370845940e-01 7.947553358749791519e-01 7.978643115614783010e-01 7.924470485331707170e-01 7.831215298241873679e-01 7.713268528988854733e-01 7.884004101340514881e-01 7.843310072799913879e-01 7.722349225261339045e-01 7.639779752128799117e-01 7.822158981105039599e-01 7.571489768817109001e-01 7.647810509824514158e-01 7.709488415337801825e-01 7.755783319679412369e-01 7.717264489022881424e-01 7.912091567851492480e-01 7.830176655557281595e-01 7.758655916447526613e-01 7.808578670611148187e-01 7.728453897132255834e-01 7.660290392355307842e-01 7.754936519115166460e-01 7.741847674998133533e-01 7.812835995980897952e-01 7.752022808210334848e-01 7.590088942128757621e-01 7.624958240036836532e-01 7.918742417158417535e-01 7.838474735940245131e-01 7.793869217310188668e-01 7.845379804619514452e-01 7.858096104725037501e-01 7.739436014355920435e-01 7.805863595966052726e-01 7.805778715262028378e-01 7.822573344157791597e-01 7.712706286355868190e-01 7.745767190548146219e-01 7.569369310461593336e-01 7.643350196939791008e-01 7.769742746444964210e-01 7.669185783863696759e-01 7.688829140787445393e-01 7.698525242586601314e-01 7.704103208002238690e-01 7.693473439361148136e-01 7.657660973190214548e-01
2.387697802541531855e-01 2.323734700527971819e-01 4.582299494961608599e-01 5.970832070282441340e-01 4.447388878729123252e-01 5.491018500970124006e-01 7.235537307821839903e-01 7.118940093240632150e-01 1.000000000000000000e+00 7.407016553175509443e-01 8.112235230253859175e-01 8.255681317201994940e-01 7.469716675161763852e-01 7.622288438911754005e-01 8.352162704766820100e-01 8.269253154947606710e-01 7.993139518245797603e-01 7.403504448506874613e-01 8.010013254854403408e-01 6.250068967186609425e-01 7.447439236725463818e-01 7.816935698520579567e-01 7.622300659189110705e-01 7.484566000541598152e-01 7.471446699261092839e-01 8.127788980634226279e-01 8.380680313125670189e-01 8.172862005285531639e-01 7.861861203550739585e-01 8.456620056219859016e-01 8.701958872922894717e-01 8.302569227264999796e-01 7.771000679896581387e-01 8.203877972439079791e-01 8.220635181097645239e-01 8.436370397644615826e-01 8.469641733080519597e-01 8.191933745621466922e-01 8.539983966418084327e-01 7.990272330578601645e-01 8.348210631781860513e-01 8.362881307413735366e-01 8.408705612681641739e-01 8.496742520560650602e-01 8.654667690108747147e-01 8.371698178956842318e-01 8.349454551382217149e-01 8.432795741519926169e-01 8.276185834421716514e-01 8.078431112497571620e-01 8.370899719109780035e-01 7.991661515709116426e-01 8.375424746235350382e-01 8.438688887150647133e-01 8.411060661833753560e-01 8.467944297610372484e-01 8.251592039214440399e-01 8.445827228522789776e-01 8.374464269493024915e-01 8.504759106647179490e-01 8.436077260042020853e-01 8.478094254851036293e-01 8.298790058509498690e-01 8.364181531767911348e-01 8.536968832402325180e-01 8.450729734453790165e-01 8.406155575967594329e-01 8.669418140167501896e-01 8.580697543093716018e-01 8.519508116150138477e-01 8.643160834624222799e-01 8.710601270386016948e-01 8.576219190952236726e-01 8.667759907456482615e-01 8.621219012076472010e-01 8.644185069707507330e-01 8.478819439602952590e-01 8.562606556377588829e-01 8.567547219326924202e-01 8.649273670840381678e-01 8.677096373259286510e-01 8.556724975517751020e-01 8.626931146549436935e-01 8.578755065829236637e-01 8.446401637254087325e-01 8.545926005527677560e-01 8.635502634863031490e-01 8.393196783811732731e-01 8.550405276470662841e-01 8.578570492574648654e-01 8.333619666154491457e-01 8.387284194145689931e-01 8.561943143100105846e-01 8.480574942164034180e-01 8.271382200705226229e-01 8.399346351400390764e-01 8.322120603661421478e-01 8.395061012639702946e-01 8.388174518347495390e-01 8.351594585153047090e-01 8.485127270616603656e-01 8.357666496480488094e-01 8.476157747214420057e-01 8.447865083278304210e-01 8.465221951121875144e-01 8.401103373097805749e-01 8.415742975981507223e-01 8.397579561707637641e-01 8.447871695995007313e-01 8.401157339988681860e-01 8.361256905704849141e-01 8.400550914424351756e-01 8.445995424861993950e-01 8.421601828790282740e-01 8.526837445256684189e-01 8.402641009750061452e-01
7.378054068319109260e-02 2.361493468405606588e-01 3.122709130640442532e-01 4.685545646129366526e-01 3.776050451444166178e-01 5.246523797397423250e-01 6.468139797986064421e-01 6.285548690694775509e-01 7.407016553175509443e-01 1.000000000000000000e+00 7.457267331877207583e-01 7.752487030658042899e-01 7.053764239868691721e-01 7.468720975563042375e-01 7.993919711527863736e-01 7.852288191409992901e-01 7.542344877565327899e-01 6.251445671947941651e-01 6.836020924600827442e-01 5.249698667579323352e-01 6.043310439804755463e-01 6.382060903734477764e-01 6.355170056796211053e-01 6.247953842375979505e-01 6.174289915494209913e-01 7.502577563199214206e-01 7.570836956730468970e-01 7.416413862395043743e-01 7.111238104378804215e-01 7.740649120257153681e-01 8.089901724615872203e-01 7.940774044878525784e-01 7.259528183658053857e-01 7.557737391236716284e-01 7.651605478473548771e-01 7.535643570690317983e-01 7.682591852964330004e-01 8.047788540515756761e-01 8.113556178284897502e-01 7.562295288019322825e-01 8.194329596861418263e-01 8.044842095608840671e-01 7.894356465879490692e-01 8.192582014076215113e-01 8.034783797607314426e-01 8.118340430734273250e-01 8.221585156194065602e-01 8.357899808641822137e-01 8.118543373074278424e-01 7.708776539149616580e-01 8.100710557549130053e-01 7.277492252263831896e-01 7.977174601144524368e-01 8.234732455621515124e-01 8.215502521829214366e-01 8.253216533427473189e-01 7.843002155985133728e-01 8.187555213663496589e-01 8.239366616067187454e-01 8.225279021973469495e-01 8.156779839266310450e-01 8.207840897020345361e-01 8.103348862716901468e-01 8.165185616926086132e-01 8.140740375212873747e-01 8.076726998687612236e-01 8.318550739874289723e-01 8.245241402321924484e-01 8.219733340620151152e-01 7.960329257100891009e-01 8.018159169369104555e-01 8.199635896664225765e-01 8.004169930672554445e-01 8.038494869637863305e-01 8.301465074731327887e-01 8.301646368335436899e-01 8.252235103529678151e-01 8.173310107675826330e-01 8.297552639900283022e-01 8.350721934680460645e-01 8.294589203805798894e-01 8.354645954095545335e-01 8.263006500447600544e-01 8.255996364435637114e-01 8.117077587623731105e-01 8.211523527813727741e-01 8.261321951974514022e-01 8.262996954718810905e-01 8.335349563198366507e-01 8.337753296181855678e-01 8.158810010794983469e-01 8.279438481172064490e-01 8.304475409424937338e-01 8.321940728339453086e-01 8.266113300782417239e-01 8.335661317562084172e-01 8.009153351913668173e-01 8.013925304082204493e-01 8.225649529123711945e-01 8.181748691248914573e-01 8.212691316532817476e-01 8.177422553477294853e-01 8.181486068940492240e-01 8.259315272847358447e-01 8.160842724731550701e-01 8.106188469336674807e-01 8.258384660504471952e-01 8.355773884179258371e-01 8.331953069773877507e-01 8.245952258945862257e-01 8.284404636869497907e-01 8.271397552185499880e-01 8.266035461178555810e-01 8.257342743654489947e-01 8.299188673188020449e-01 8.215281182993080522e-01
1.343158785981246051e-01 2.125752547487112787e-01 4.671710866483586577e-01 6.239232438912247769e-01 4.671050236928199206e-01 5.836270318457249529e-01 7.608450012734235823e-01 7.558521833502481746e-01 8.112235230253859175e-01 7.457267331877207583e-01 1.000000000000000000e+00 8.760173209701485053e-01 7.642893364508414056e-01 7.968673026359432976e-01 8.777389744268592198e-01 8.570463218125828897e-01 8.093453688980415395e-01 7.456762595220138845e-01 8.095192853784821674e-01 6.633534085195440522e-01 7.495732770528474864e-01 7.935377133955199280e-01 7.648670974138581657e-01 7.493725902402537109e-01 7.407710080382996498e-01 8.413528494750489584e-01 8.608766350713278337e-01 8.399482176147864410e-01 7.827888175236519253e-01 8.444614610050177328e-01 8.902975703561462062e-01 8.745659696218254231e-01 8.137967523175021478e-01 8.455347149566250220e-01 8.402743379391284240e-01 8.473243958308843693e-01 8.569654229521999067e-01 8.681231296692405452e-01 8.812765429412213747e-01 8.485761317614312071e-01 8.720263725043129188e-01 8.807098389082625989e-01 8.711673328462139487e-01 8.858039868951110840e-01 8.919632838010926879e-01 8.693306617849481110e-01 8.735542255623757191e-01 8.752692644097452845e-01 8.677575737948007850e-01 8.537301314446491540e-01 8.771344242551278869e-01 8.268145313534126517e-01 8.720945588420956351e-01 8.687131435007057201e-01 8.712724173157180285e-01 8.894928053072389540e-01 8.564398185889519066e-01 8.764998944586652740e-01 8.745641603897781335e-01 8.761555813770478540e-01 8.796506988928449733e-01 8.741948431238690809e-01 8.651655083420101144e-01 8.692205184204928603e-01 8.725100285590912108e-01 8.741444919347334253e-01 8.748524972933813260e-01 8.966059074050504174e-01 8.972807093747163787e-01 8.851586211263006154e-01 8.972753464668372647e-01 8.988290158814552511e-01 8.871874682064648798e-01 8.891269217924702151e-01 8.960473253414382722e-01 8.955153679103581288e-01 8.858521543431244760e-01 8.753121673729785668e-01 8.878027016415307449e-01 8.833142432681450051e-01 8.912233203995290065e-01 8.857821738505008424e-01 8.938662793650865579e-01 8.937891051883060101e-01 8.901984586324435123e-01 8.910601204928100261e-01 8.929916396148711577e-01 8.873032419132563797e-01 8.885683327886205740e-01 8.914291735426836949e-01 8.821619918608278876e-01 8.805790491888172422e-01 8.907731150705804346e-01 8.864807751025386429e-01 8.676840730748227593e-01 8.760327738555626631e-01 8.768115502501765413e-01 8.731216039504506865e-01 8.770747238939952117e-01 8.801448981968981178e-01 8.838626728382666942e-01 8.745805056286600765e-01 8.830022164636053272e-01 8.813893108434291968e-01 8.815648931442656711e-01 8.704349423475336023e-01 8.772028892089029917e-01 8.761907735736647052e-01 8.802385918268016418e-01 8.770448941180497560e-01 8.770933186050369201e-01 8.735761424534980168e-01 8.773204467799979867e-01 8.761412481853435574e-01 8.764837426631665318e-01 8.734232436635585017e-01
1.070414894503519260e-01 1.946365458456932040e-01 4.423182790531987041e-01 6.684251670124906619e-01 4.939538562132613220e-01 6.134626241243246181e-01 7.954736527094609100e-01 7.943510221182999986e-01 8.255681317201994940e-01 7.752487030658042899e-01 8.760173209701485053e-01 1.000000000000000000e+00 8.136331157930831726e-01 8.465450593662610101e-01 9.233610072959006487e-01 9.044309886433933299e-01 8.313507958390264907e-01 7.289039299867837718e-01 8.052058154068114648e-01 6.809701206933914674e-01 7.737648064865572106e-01 8.015486979235273424e-01 7.529477164304683168e-01 7.433105588211029735e-01 7.434693279908324293e-01 8.518182806683373132e-01 8.712698235081879350e-01 8.416499666222330145e-01 7.898889631630551245e-01 8.499147377687839011e-01 9.083462927425508537e-01 8.961645243527934790e-01 8.107771344732416230e-01 8.584166842470362102e-01 8.332827980099930532e-01 8.760286627367883661e-01 8.644328274012058611e-01 8.966400392085667193e-01 9.142227315585992331e-01 8.736283674231999363e-01 9.165810251439706624e-01 9.160634391705430035e-01 9.093670187284925710e-01 9.344487001587207242e-01 9.237347108047887501e-01 9.083439498875103268e-01 9.201893068354389804e-01 9.184893777182425723e-01 9.175208588300961532e-01 8.973361288637311528e-01 9.221587309419768674e-01 8.801003369775899365e-01 9.179793091641275105e-01 9.053197221727909971e-01 9.020801900736482581e-01 9.192320235859718913e-01 8.979829868924168457e-01 9.224959193550538172e-01 9.147717976617818492e-01 9.245593945655989909e-01 9.276244324228452021e-01 9.166070240974328875e-01 9.093560017804915852e-01 9.183295578377255186e-01 9.166462992239186036e-01 9.167716532930214601e-01 9.215439529887661241e-01 9.276618549699291449e-01 9.293722372932615716e-01 9.276290863397209652e-01 9.351903584291669791e-01 9.348134978718392052e-01 9.134300400944029841e-01 9.169646273304462580e-01 9.292763555542316034e-01 9.312439549507727232e-01 9.238231433312824592e-01 9.094994791516555210e-01 9.287540856227048947e-01 9.157887679277859627e-01 9.175881539911839857e-01 9.277330039025653008e-01 9.263257838599959770e-01 9.177366933555382023e-01 9.272428522588842537e-01 9.224175530700892134e-01 9.278116235558845348e-01 9.270102669670298168e-01 9.285555244981288370e-01 9.212149419367274827e-01 9.205241046543357619e-01 9.275310726483856349e-01 9.332534322180661146e-01 9.310028158781459284e-01 9.193830157182303342e-01 9.220505228156146149e-01 9.212302418301850926e-01 9.172304782413253088e-01 9.257991568248264969e-01 9.272374910754122013e-01 9.310003188706853505e-01 9.198867867880798910e-01 9.303679762300965939e-01 9.306163232940459773e-01 9.289045252816323650e-01 9.100303964927924927e-01 9.244118027912380242e-01 9.179675079935737392e-01 9.178632073646462164e-01 9.255190791367780001e-01 9.199509981976010664e-01 9.227506969890426625e-01 9.213531912535339874e-01 9.239348436438686862e-01 9.239817229278154409e-01 9.189679789427068757e-01
7.827204857130087845e-02 1.209196535671154676e-01 3.313188513510939570e-01 5.490715077049407311e-01 4.869312445992576288e-01 5.550977116988190518e-01 7.103644300323375127e-01 7.207556625157452990e-01 7.469716675161763852e-01 7.053764239868691721e-01 7.642893364508414056e-01 8.136331157930831726e-01 1.000000000000000000e+00 7.677925963922214159e-01 8.347767501292466807e-01 8.405603997524099258e-01 7.459203053089890068e-01 6.076660699891348605e-01 6.929377415085430370e-01 5.645529616664805017e-01 6.416202065592178094e-01 6.758830435257219271e-01 6.240419867135698073e-01 6.112426760530260683e-01 6.085962669270965630e-01 7.593128890016677124e-01 7.546458128967720169e-01 7.329774204756918099e-01 6.856597789498325435e-01 7.338303168403893517e-01 8.056405590362645253e-01 7.932052716853388308e-01 6.963996060269185273e-01 7.474193043539839598e-01 7.240257057724284184e-01 7.811563950255822064e-01 7.645503959966692964e-01 7.951351272338601506e-01 8.156059716974629614e-01 7.681672909533325821e-01 8.417395772020200839e-01 8.313876176031554932e-01 8.352384315154277594e-01 8.552491226777027000e-01 8.314714269368774779e-01 8.165227200643576655e-01 8.592103914659456887e-01 8.575482725550418461e-01 8.433840291365638508e-01 8.100659289862797152e-01 8.442271148917271928e-01 8.253067947199909105e-01 8.539230536666960747e-01 8.438720302942757101e-01 8.344628707130251621e-01 8.352000247286041068e-01 8.194276911466868984e-01 8.604704264100380140e-01 8.408542632684545826e-01 8.687794086979659935e-01 8.595717384072234513e-01 8.474976151431842242e-01 8.302956916342896232e-01 8.476262335483106813e-01 8.532638356797389578e-01 8.532742195609187563e-01 8.585070129596882316e-01 8.429622858623793125e-01 8.411059673791709823e-01 8.343780863204676157e-01 8.454794936568678088e-01 8.518644796305895328e-01 8.207882182574200991e-01 8.240294303924780017e-01 8.548368056050623665e-01 8.548233312841380105e-01 8.445915178724582306e-01 8.289577861110419832e-01 8.487205080322436368e-01 8.395595223804629414e-01 8.339817907320078438e-01 8.602365444687821716e-01 8.462071897611933569e-01 8.319327124521410655e-01 8.457233179968262071e-01 8.385952701232602946e-01 8.508653954912693829e-01 8.523997985198620286e-01 8.558491219177997156e-01 8.495196808952248935e-01 8.450612192978955717e-01 8.630432435839525684e-01 8.625410855482327221e-01 8.590610454720868372e-01 8.643432708186122859e-01 8.636517408598368695e-01 8.477229894982942771e-01 8.427922660162182611e-01 8.594966370192784755e-01 8.578022385260432037e-01 8.661026913002524141e-01 8.527728716286591126e-01 8.698180851339463171e-01 8.680176238432406599e-01 8.676368615061403888e-01 8.471444266112023724e-01 8.582132498807976129e-01 8.605740508444605918e-01 8.540612891373472459e-01 8.652720796630215538e-01 8.564129161202896912e-01 8.680085402413141304e-01 8.576167608252820429e-01 8.624651110518882779e-01 8.631050842663533507e-01 8.631647072611859928e-01
