1.000000000000000000e+00 1.378394248968728419e-01 8.045666086386001059e-02 9.891971009300233597e-02 7.540495741257939588e-02 2.622648105264562685e-02 8.413166444142045064e-02 4.225095117413112805e-02 1.587307990704405203e-01 7.810011505454439451e-02 5.941281436482238887e-02 4.253463946355601211e-02 2.606552606428101659e-02 2.303630969896701061e-02 3.002332636439646041e-02 2.162990847326417415e-02 1.709808396062606484e-01 6.855674143770575102e-02 6.165942516281468916e-02 1.269573117520475802e-01 5.194890881743503830e-02 1.958443718138599965e-02 1.464761202152420894e-01 4.887170900037937638e-02 8.206657892970788473e-03 9.059798533351223759e-02 4.630440978663271506e-02 5.281739511747195193e-02 8.898583960244836610e-02 7.181722647219404565e-02 5.984465300172676916e-02 5.186314315244951872e-02 5.805105561528139252e-02 5.286394181122609781e-02 4.486738247827429249e-02 6.380918478385558257e-02 2.269488586207285899e-02 3.734330010392367116e-02 3.456082300790428580e-02 -1.173158805019526227e-02 2.605351094185094293e-02 -2.522592992913080031e-04 1.618112956604241329e-02 2.317320452576383805e-02 2.255266542733289775e-02 3.194456859857714576e-02 8.329880165875431022e-03 3.511660804128672458e-02 2.374226158017247665e-02 4.013676203238924350e-02 3.299602276789997263e-02 7.152003388338931678e-02 3.397743223214742120e-02 5.165564506749047158e-02 3.917830241424344329e-02 3.714685142803911960e-02 7.953792873755155535e-02 1.879629203714203167e-02 2.572507579219643001e-02 4.267893468083903963e-02 3.393452141073928507e-02 4.581134112297841066e-02 5.218889187199754476e-02 5.613797157946886357e-02 8.007544257588483649e-02 7.559952587027472803e-02 5.082281307217920846e-02 2.114845975345094192e-02 4.301539658876228633e-02 3.283731311047411588e-02 -1.163745152102771234e-03 1.603432271335202344e-02 1.550648956934339365e-02 -6.607709056659474660e-03 3.493072210652613252e-02 2.047351316243176816e-02 2.601362574549667336e-02 4.287878509549657158e-02 2.109290908520386129e-02 3.958802615382748386e-02 2.689004652214584470e-02 2.682223905332320815e-02 6.818596686386546590e-02 2.014181854319904361e-02 2.372226819798392908e-02 2.587940453189132087e-02 1.851352681135233491e-02 1.486847697871238744e-02 1.583230255289059391e-02 3.218121547057845033e-02 9.175880052689806485e-03 6.735265095759408911e-03 1.450385333209797123e-02 1.648459659698743888e-03 8.873478452813098397e-03 1.796450960740584440e-02 5.144116849473015160e-03 5.830919805506910858e-02 3.589881535683521474e-02 2.112612154651803340e-02 1.229311145827779485e-02 3.202113781584451507e-02 1.289223279979076139e-02 7.739799170450823058e-03 3.491397128534837191e-02 4.754561824623881883e-02 3.073047202118120089e-02 2.775188712253673709e-02 2.620317302661145584e-02 1.778819337871456741e-02 1.486786199326743663e-02 2.907901857410563617e-02 2.511954303746689529e-02 3.802118822119294334e-02 4.969253239696273805e-02 3.828460882557434275e-02
1.378394248968728419e-01 1.000000000000000000e+00 8.608420891749117565e-02 9.845810813536712280e-02 1.295280162418618042e-01 9.186059959068029745e-02 1.409866495719797330e-01 1.392008789086676412e-01 2.045624479172236665e-01 1.968545438932877423e-01 1.515751740906431666e-01 1.380846741573645287e-01 1.451444260677380305e-01 1.091302122414761627e-01 1.483555611476940483e-01 1.567087294963948607e-01 1.621924356922912480e-01 1.222170937947494318e-01 1.171985396231675219e-01 1.055363009898380999e-01 8.151391189967516215e-02 1.030955870793445334e-01 1.723505340894341820e-01 1.115530028444236682e-01 1.098113964611192178e-01 1.543694628618990927e-01 1.304667893839883130e-01 1.374316645877067256e-01 1.250667121164130702e-01 1.150682080534380508e-01 1.358993043809614276e-01 1.777240954202007062e-01 1.526599089498620887e-01 1.576224771802826052e-01 1.227742499391473036e-01 1.431922147731199968e-01 1.010525264786285016e-01 1.771464283924276684e-01 1.452978401324088176e-01 1.586762476065135818e-01 1.608045368234389538e-01 1.484194091016929617e-01 1.338531856750164450e-01 1.460517913667111756e-01 1.387994837169432005e-01 1.444077466582298352e-01 1.508114316306020386e-01 1.649272737302650282e-01 1.520521415740921090e-01 1.332090292501819373e-01 1.576519901084172393e-01 1.081490715186558954e-01 1.104710342626753633e-01 1.771436633573771069e-01 1.682472141076081507e-01 1.669639833382018934e-01 1.537758896831553646e-01 1.709910485556249415e-01 1.670426660611499803e-01 1.549364726073662879e-01 1.440264559933594202e-01 1.575730188773597218e-01 1.631924407526479104e-01 1.457626696813532907e-01 1.486777544514034100e-01 1.535308175335385605e-01 1.617766229019681756e-01 1.380479563131075116e-01 1.648573746707144017e-01 1.211890277936307214e-01 1.201656099782475451e-01 1.465381336661117639e-01 1.398346756094782928e-01 1.262798530258060770e-01 1.531213147670774100e-01 1.445093716563613517e-01 1.462552082014578758e-01 1.348082791441934936e-01 1.491773330139496145e-01 1.404892028906890578e-01 1.344641427236694387e-01 1.441883482574050634e-01 1.656153160158356230e-01 1.425366476556205186e-01 1.451753718470007726e-01 1.532232638799164715e-01 1.399634865876294154e-01 1.545149153909240736e-01 1.407541638845782594e-01 1.640078585992972016e-01 1.517701793022883938e-01 1.472232006040684604e-01 1.416661515193224641e-01 1.407425334673334250e-01 1.468583852293055270e-01 1.577305190220369968e-01 1.409296256887263288e-01 1.265333432770789357e-01 1.399167486853712394e-01 1.435994891292552700e-01 1.391695059383046829e-01 1.468034441546419988e-01 1.258477764073150373e-01 1.403619968794719564e-01 1.351157015271604311e-01 1.422421956368109530e-01 1.424189544448021816e-01 1.585718395051048946e-01 1.572650124737973165e-01 1.563989018613514415e-01 1.577594164884544292e-01 1.481230034475345958e-01 1.496726521267882082e-01 1.448416862166832797e-01 1.484339438901686459e-01 1.425064211353468391e-01
8.045666086386001059e-02 8.608420891749117565e-02 1.000000000000000000e+00 4.087625317620208754e-01 2.240018077863049906e-01 2.220041417614663504e-01 3.829672304563430107e-01 3.295022167578198213e-01 3.023424462721299166e-01 2.795820756807831931e-01 3.624628825844556368e-01 3.772224967200043522e-01 3.148029824397898802e-01 2.726287679845870726e-01 3.760420932981455855e-01 3.630719637635853037e-01 3.015865672156152200e-01 3.577715432397188811e-01 4.075110398683754465e-01 2.505686849444952458e-01 3.555441435783452397e-01 3.841691337273515083e-01 4.147001785619759406e-01 3.634959736160465193e-01 3.766463334566350629e-01 4.003269154712802980e-01 3.904386451672931524e-01 4.053788817664317201e-01 3.483230952598563857e-01 3.613404859639868794e-01 3.901367191157181225e-01 3.956651011497471782e-01 3.968945637344004629e-01 3.700215039532600003e-01 3.739714846414943228e-01 3.987778974401553489e-01 4.067674956350473270e-01 3.851331170204566612e-01 3.927938366017337257e-01 4.033801195554275187e-01 3.667995720726929254e-01 3.658736485633583557e-01 4.035387387030332507e-01 3.845887637672339987e-01 4.101947651319001742e-01 3.800328845810436174e-01 3.250786174940389350e-01 3.365243409058766288e-01 3.370594628882689903e-01 3.544450848268702603e-01 3.646136145233848658e-01 3.784936299793142389e-01 3.626016978702819582e-01 3.240552866060168458e-01 3.336067744473046881e-01 3.908199149189255928e-01 3.484109250668229185e-01 3.439851445531439955e-01 3.346392365314940776e-01 3.361815584703891635e-01 3.466578757407965949e-01 3.370666318335218126e-01 3.591121935602196724e-01 3.465901275022486572e-01 3.480912554878260456e-01 3.476183495436062643e-01 3.499311752087162497e-01 3.725024229736181303e-01 3.792718151268897331e-01 3.451604316310747933e-01 3.744952366028843072e-01 3.688906115708607825e-01 3.694231793797101981e-01 3.676466428808579101e-01 3.723137845166054616e-01 3.837380828173575509e-01 3.761728673520772226e-01 3.623891252370542992e-01 3.629744304706644109e-01 3.732097795015119068e-01 3.839834576822500067e-01 3.669758180819083782e-01 3.778531744554464722e-01 3.760472431711046615e-01 3.706494658361165206e-01 3.731129513426349464e-01 3.886006397506660548e-01 3.712623349013939311e-01 3.723905633486589428e-01 3.706214016755493557e-01 3.901388822857793093e-01 3.619374739174681110e-01 3.745826782897164198e-01 3.700323164696647238e-01 3.366321906025253607e-01 3.431590081090459821e-01 3.704328511533047652e-01 3.376461088307504133e-01 3.475543003187374635e-01 3.596880078708877826e-01 3.695339116379522948e-01 3.511095751068391002e-01 3.509504818356683487e-01 3.487425849970217095e-01 3.596399331242752240e-01 3.499352167432479011e-01 3.371375005383383527e-01 3.400004271488082930e-01 3.521359824424543095e-01 3.407717299067766215e-01 3.460449977247797571e-01 3.351045677743425544e-01 3.395388702658787561e-01 3.468629741822981116e-01 3.462291648165198299e-01 3.377987820071955971e-01
9.891971009300233597e-02 9.845810813536712280e-02 4.087625317620208754e-01 1.000000000000000000e+00 3.681563123673858295e-01 3.785600856196992270e-01 6.267594976235418835e-01 5.856961906111911587e-01 5.194318759309181077e-01 4.653131099393966741e-01 5.886409977787501191e-01 6.405855843221495149e-01 5.135752736901267879e-01 4.404039363220265124e-01 6.284899166196118436e-01 6.185854896148499371e-01 5.307540984264709216e-01 5.780173917469736411e-01 6.408828702122422172e-01 4.525499192816485050e-01 5.863357832275478687e-01 6.239483317371268267e-01 6.283649221875026170e-01 5.588620927869702992e-01 5.926142898378695678e-01 6.393886655756531034e-01 6.145914739467026600e-01 6.486271597561340529e-01 5.898577696710911589e-01 5.792700730005471144e-01 6.182784036359681989e-01 6.263491846431039622e-01 5.923743033399195834e-01 5.955248445754133257e-01 5.777528144089819628e-01 6.209022765126449572e-01 6.205815900186791856e-01 6.279095635845638457e-01 6.249707826355914708e-01 6.110573159141498012e-01 6.005563201281538532e-01 6.157629385540502875e-01 6.439379003976903881e-01 6.373212625015860500e-01 6.350084313129538138e-01 6.305528764036174572e-01 5.619405638359478150e-01 5.740334442635953716e-01 5.783480179235869212e-01 6.084260244502132098e-01 6.162384363505283291e-01 6.338414482645149395e-01 6.091456974955118397e-01 5.649567148750114232e-01 5.751255533845812673e-01 6.295278343380112940e-01 5.969140616811617894e-01 5.750660121765883703e-01 5.787053632209596676e-01 5.781232657158477117e-01 5.978945090123203299e-01 5.824149555912365717e-01 6.065689366498764334e-01 5.977515586498174383e-01 5.966803927910933059e-01 5.973666181076424664e-01 5.864634608812957506e-01 6.187479407324169012e-01 6.181849748738064143e-01 5.962592137759932243e-01 6.247725155358488935e-01 6.099778601859012772e-01 6.049253595674526363e-01 6.005991444823327585e-01 6.181541194288777685e-01 6.192516268519150380e-01 6.275369587554888717e-01 6.177913426975802924e-01 6.087760495415595052e-01 5.993309879794086470e-01 6.102877856629376208e-01 5.940337881128640030e-01 6.243032940101816974e-01 6.061203482471045900e-01 6.135567981964031858e-01 6.094122014347953531e-01 6.195668487677774561e-01 6.147027309092109038e-01 6.130781824350007847e-01 6.160122591161679706e-01 6.255789471869902529e-01 6.029402776839398737e-01 6.077317940855047063e-01 6.095995384222563374e-01 5.789157939673982289e-01 5.804628332705277227e-01 6.172182226181927023e-01 5.934726593777349679e-01 6.001782242834609038e-01 6.069949562480735361e-01 6.166525330239867042e-01 6.038364951755729182e-01 5.920005874824078029e-01 5.933994303053217179e-01 6.069307167978147399e-01 6.040116651213325305e-01 5.846572531288780628e-01 5.828985947439512261e-01 5.961164843161678162e-01 5.833355239134974113e-01 5.908572475050116735e-01 5.762832251387473015e-01 5.862787081752331986e-01 5.968650366371324179e-01 5.907118598389710096e-01 5.851111933733241788e-01
7.540495741257939588e-02 1.295280162418618042e-01 2.240018077863049906e-01 3.681563123673858295e-01 1.000000000000000000e+00 2.790402921203053999e-01 4.696443545260431951e-01 4.192157785210272603e-01 4.079312641836594922e-01 3.585574296650878567e-01 4.355842590614383281e-01 4.580651801278666224e-01 4.317506769902704766e-01 3.393409632516677932e-01 4.741904823376709710e-01 4.766103243136384782e-01 3.769822205143220639e-01 4.468979286044133525e-01 4.537941588901010515e-01 3.829351839442962646e-01 4.277065565087473931e-01 4.578607100203622715e-01 4.756906014464793997e-01 4.489220960416088757e-01 4.616403352384489955e-01 4.644427012614468775e-01 4.684578586782381371e-01 4.728190777939669798e-01 4.391236063018118529e-01 4.182892631484654844e-01 4.633150771598965600e-01 4.642795580888929297e-01 4.216628226464794182e-01 4.462823548181146238e-01 4.110703378948671327e-01 4.374881413941092423e-01 4.392257204945371196e-01 4.509211149449638967e-01 4.540346122020035291e-01 4.524181281291319578e-01 4.648295058454474660e-01 4.642636160214796970e-01 4.966624624768380403e-01 4.901539407752391053e-01 4.684771219357174998e-01 4.804022065350939674e-01 4.494635429114429148e-01 4.520881295761940422e-01 4.473677395173409344e-01 4.352365085498566821e-01 4.566257006494758852e-01 4.642168277934908271e-01 4.654814579955942611e-01 4.417376379457798041e-01 4.426619216908300181e-01 4.672596661937841733e-01 4.422028175339091094e-01 4.555674092288189980e-01 4.473491335399946145e-01 4.640237622846365984e-01 4.615719308933332599e-01 4.545848821630616432e-01 4.560748574009914624e-01 4.505688777009986823e-01 4.469972324870508107e-01 4.589586540849280860e-01 4.539100644379250316e-01 4.794287633228195844e-01 4.802642219318542516e-01 4.762997064722377383e-01 4.784598013480958478e-01 4.738111809264543561e-01 4.784036423833259444e-01 4.755722032960452705e-01 4.727818075409256360e-01 4.719446643625412885e-01 4.830775520479198004e-01 4.746134029464609827e-01 4.742542345348480515e-01 4.586657423502163988e-01 4.644012481032770978e-01 4.595544275521353250e-01 4.709635629050499261e-01 4.592602371566367192e-01 4.558160003982211772e-01 4.634362847606278146e-01 4.614682527615092122e-01 4.653377434583462202e-01 4.650439568516713251e-01 4.835686903723709351e-01 4.756138192966004041e-01 4.691833127620215760e-01 4.649207015062641335e-01 4.711521305886672284e-01 4.517867031584578141e-01 4.550750406594504249e-01 4.569585971155176729e-01 4.312405797448622402e-01 4.569382333240023519e-01 4.566076660160378053e-01 4.774718356907111105e-01 4.589321314690097409e-01 4.577713004822739351e-01 4.600488545876114665e-01 4.602469205159416821e-01 4.563418241721614588e-01 4.497870564183622522e-01 4.579467705430600999e-01 4.681261724803528201e-01 4.552261481864992021e-01 4.622656360398553765e-01 4.559511050085162109e-01 4.585194584823368835e-01 4.584656648775752297e-01 4.499751815685539280e-01 4.518289030496197012e-01
2.622648105264562685e-02 9.186059959068029745e-02 2.220041417614663504e-01 3.785600856196992270e-01 2.790402921203053999e-01 1.000000000000000000e+00 5.025201487187576088e-01 4.436162904000476304e-01 4.719439811039852217e-01 4.396286072138819723e-01 5.072100499486303926e-01 5.279524781440464443e-01 4.847199524101100110e-01 4.147336070970343846e-01 5.397297542038999030e-01 5.309752656075609201e-01 4.678341611954370260e-01 4.495931659369266642e-01 4.807467536213530512e-01 3.562364769235523698e-01 4.266893189515872375e-01 4.787231949116189655e-01 4.894488482857483058e-01 4.552288715307507561e-01 4.611261494293691920e-01 5.273077815803931534e-01 5.233701175926401827e-01 5.285264647542662342e-01 4.985549001649740020e-01 4.924654566089030627e-01 5.259820869796245635e-01 5.425945021850180350e-01 5.012323017212849674e-01 5.183492328673440230e-01 5.055974438666368531e-01 5.066693308941562224e-01 4.972708638885762200e-01 5.426022171433829699e-01 5.398762286847406111e-01 5.283043452644688998e-01 5.475692908145262106e-01 5.471291990452582521e-01 5.434853443451898025e-01 5.592354280782571019e-01 5.367296868416276956e-01 5.437420913537494016e-01 5.388220585036215260e-01 5.466381606630109635e-01 5.421558814685455419e-01 5.274595166381231826e-01 5.494653997182583627e-01 5.263885694548846583e-01 5.369971186152709963e-01 5.378398267652320097e-01 5.350557632324565160e-01 5.465967206107031906e-01 5.361440777870867258e-01 5.438790130143068557e-01 5.473650538762040441e-01 5.428681217976620843e-01 5.525830411517858032e-01 5.470990884245618968e-01 5.514130037890078162e-01 5.472212438324894901e-01 5.328628694700748847e-01 5.421003158674397859e-01 5.470589364751906603e-01 5.526858548364868007e-01 5.552357671442273990e-01 5.340649913283432859e-01 5.443447217082049150e-01 5.522530862825196785e-01 5.438551970984695227e-01 5.392977324208305667e-01 5.586495999740996865e-01 5.514390770800789987e-01 5.584728947176127445e-01 5.492022907863947090e-01 5.497245864157082051e-01 5.465806721568985393e-01 5.450128892059787900e-01 5.489291038832168068e-01 5.552227596325364223e-01 5.468367538785775528e-01 5.464529616192557171e-01 5.497059745839720790e-01 5.503479754446310990e-01 5.551506066046192345e-01 5.504160755285743001e-01 5.579435998988430123e-01 5.520036302265107775e-01 5.549018465329910166e-01 5.511913887157141589e-01 5.501370924064138412e-01 5.465883669757475305e-01 5.480912535312257861e-01 5.493158266954910607e-01 5.372049652858525981e-01 5.526963899219893284e-01 5.535096544225064363e-01 5.558743569952011576e-01 5.545544566646590789e-01 5.429028559246520391e-01 5.508988213682889379e-01 5.505577096391230940e-01 5.508299132460753311e-01 5.480873449303361733e-01 5.508109731866099867e-01 5.529066337959546162e-01 5.509584135539604688e-01 5.512484676769557890e-01 5.463400856757696378e-01 5.499531839495260810e-01 5.499383452660302485e-01 5.442469858021424800e-01 5.444806339645137383e-01
8.413166444142045064e-02 1.409866495719797330e-01 3.829672304563430107e-01 6.267594976235418835e-01 4.696443545260431951e-01 5.025201487187576088e-01 1.000000000000000000e+00 7.096697646278780081e-01 6.428793054427859310e-01 5.979333470641702286e-01 7.164197597329298173e-01 7.717390021616377105e-01 6.656886451571842889e-01 5.726119147636068440e-01 8.171132233039204440e-01 7.759594065608256264e-01 6.338705687928897214e-01 6.758505891968730195e-01 7.433256622755173293e-01 5.575361605997973813e-01 6.754037390559420873e-01 7.301690928811839232e-01 7.606563867302478243e-01 6.667844009373781189e-01 7.052095663217204935e-01 7.818802062769014682e-01 7.761898109083166242e-01 8.059132594228920476e-01 7.594011738871089268e-01 7.279086719771006297e-01 7.851795574583757542e-01 7.710879547721399829e-01 7.375004287084389043e-01 7.378683150851537143e-01 7.175145692780886542e-01 7.601440643896233418e-01 7.690557249201669388e-01 7.842605860251318228e-01 7.853210030468585900e-01 7.823371792513106326e-01 7.680195126130838768e-01 7.815837472961090215e-01 8.106620377759147233e-01 8.034862638897949383e-01 7.875212793358413732e-01 8.077798352325287201e-01 7.320283093643907835e-01 7.460288933136319800e-01 7.418955248463788843e-01 7.384238836214789270e-01 7.702780279666631147e-01 7.557425830774411324e-01 7.615659652380506461e-01 7.325953840991077382e-01 7.422165271992859914e-01 7.900517903489256977e-01 7.402475962220689265e-01 7.434747919424704587e-01 7.459286417376301825e-01 7.464350913433603907e-01 7.631913870760868024e-01 7.532371174481575782e-01 7.656265069186583005e-01 7.532722990787471540e-01 7.421279685639474710e-01 7.518825528310929540e-01 7.470332332565097211e-01 7.745015440940105078e-01 7.820251391593048274e-01 7.632885294378092267e-01 7.733341603675486509e-01 7.700104570791460601e-01 7.596353325962078573e-01 7.617122361233639172e-01 7.865599950864184953e-01 7.947077046997209626e-01 8.065551560868462477e-01 8.002691642586110543e-01 7.910374973843672386e-01 7.773377481044039250e-01 7.831324473310556922e-01 7.733797980049578191e-01 7.842543087724938022e-01 7.777292182986549340e-01 7.667501796513958023e-01 7.685690335254087291e-01 7.902239963813124657e-01 7.771871878316543025e-01 7.821140297849616951e-01 7.854362122782005962e-01 8.002623618277067141e-01 7.792066471922007853e-01 7.789588348126826878e-01 7.850622483201280533e-01 7.464847907346708888e-01 7.481658775812042306e-01 7.640355405935571609e-01 7.262305037000542640e-01 7.545551383941901946e-01 7.655518184849235963e-01 7.857981334828624265e-01 7.603045466862312640e-01 7.502615451827585602e-01 7.567946764948574323e-01 7.595034323045740665e-01 7.508870093790748212e-01 7.435485211335375322e-01 7.535756436683632709e-01 7.654510774653651151e-01 7.480071990476685473e-01 7.554461830053906812e-01 7.408430163723900286e-01 7.507159250548535168e-01 7.539837829362840971e-01 7.480064579982008688e-01 7.442079815145907773e-01
4.225095117413112805e-02 1.392008789086676412e-01 3.295022167578198213e-01 5.856961906111911587e-01 4.192157785210272603e-01 4.436162904000476304e-01 7.096697646278780081e-01 1.000000000000000000e+00 6.487193747685412459e-01 6.028795649809468582e-01 6.808192911921816526e-01 7.548219808441434253e-01 6.649273074655461802e-01 5.722658840426390059e-01 7.684414472475853408e-01 7.753338153162390167e-01 6.483086338812341642e-01 6.493800833699305830e-01 7.072008068386609336e-01 5.555000372789582475e-01 6.544724983534071505e-01 7.002498939251260435e-01 6.901992514692935066e-01 6.270868620889621381e-01 6.595972465051147537e-01 7.405634690310274326e-01 7.320540279680525231e-01 7.433325228675856655e-01 6.842022601884293342e-01 6.813273444979475180e-01 7.260897524893076271e-01 7.580547281807281657e-01 6.930126359668349334e-01 7.262195672336786423e-01 6.993299880942607238e-01 7.044131088295290111e-01 7.040765633428004433e-01 7.768905747997247868e-01 7.514489568728739410e-01 7.327496578914824976e-01 7.376225768390874959e-01 7.541520423957950303e-01 7.594436306467182707e-01 7.822849781506018285e-01 7.415313901803889385e-01 7.680935913269316684e-01 7.380534153535246444e-01 7.508672921729988570e-01 7.533154188430885023e-01 7.627722233541780472e-01 7.754672317138928683e-01 7.391248036323508908e-01 7.572286870271208725e-01 7.418035622150578323e-01 7.545350329916936660e-01 7.694615051996877009e-01 7.542906317959529039e-01 7.450115226556539572e-01 7.623995222360895330e-01 7.494713171987412714e-01 7.670483330624606744e-01 7.577529521790214995e-01 7.721115420215771685e-01 7.603560842591354785e-01 7.514007837506988530e-01 7.587225672560202749e-01 7.534320049439258149e-01 7.662718495349049030e-01 7.706597345535648458e-01 7.509786327601178924e-01 7.644423111747512545e-01 7.640979250161619163e-01 7.472285203988345836e-01 7.399340133830184518e-01 7.682811390576571586e-01 7.672143753501181607e-01 7.701726663681750518e-01 7.588389332477090132e-01 7.658417920264720680e-01 7.513809641018616148e-01 7.551461143945642496e-01 7.514504171430597124e-01 7.750793311340200553e-01 7.559414543982980739e-01 7.670700850175066199e-01 7.666859670847777641e-01 7.579595109339970493e-01 7.760363492655187878e-01 7.664742310307497419e-01 7.696409547472408130e-01 7.657523498150049512e-01 7.622396875206701727e-01 7.596782835444597648e-01 7.648840102943559316e-01 7.544000630844592825e-01 7.522755310503876913e-01 7.727119857239818090e-01 7.577265765786355134e-01 7.690084806453911792e-01 7.724307289128098386e-01 7.673114552550949208e-01 7.714581888868137227e-01 7.554177592520888718e-01 7.617798631853937019e-01 7.597943000798028645e-01 7.647483966688635171e-01 7.624241850087306593e-01 7.535092857461535010e-01 7.651030676049409562e-01 7.598394663438094998e-01 7.622886851104426764e-01 7.492851516423291169e-01 7.611381577583377078e-01 7.643398134209528072e-01 7.526492164920280947e-01 7.521850768116092878e-01
1.587307990704405203e-01 2.045624479172236665e-01 3.023424462721299166e-01 5.194318759309181077e-01 4.079312641836594922e-01 4.719439811039852217e-01 6.428793054427859310e-01 6.487193747685412459e-01 1.000000000000000000e+00 7.115927712099525682e-01 7.647566703584661729e-01 7.967789272032335113e-01 7.057107947106560086e-01 6.024091336996012513e-01 7.952144938316167977e-01 7.983971085412467916e-01 7.914223256153868347e-01 6.274610573479152409e-01 6.872614024511876085e-01 5.489527363772317425e-01 6.119742338435265605e-01 6.826288135176976635e-01 6.850830287647525774e-01 6.243598383637141147e-01 6.402603299484164179e-01 7.743837945271384582e-01 7.637952830184788766e-01 7.539870605417386962e-01 6.966460451229840034e-01 7.366438619728372661e-01 7.954622588539004280e-01 7.937218203804391470e-01 7.398191809678840158e-01 7.703867272281288425e-01 7.422300435055337875e-01 7.442190161841975016e-01 7.201138573673773191e-01 8.137991907701834782e-01 8.013267308731985006e-01 7.605627490443531702e-01 8.249201240157794102e-01 8.146556369191650937e-01 7.776754356535244828e-01 8.238188854908676806e-01 7.895336174264209195e-01 8.161289777956222125e-01 8.442473659432875310e-01 8.571591050904234788e-01 8.497596615174072276e-01 8.029721874769908396e-01 8.309611221373743861e-01 8.018417376981566980e-01 8.203324078153573229e-01 8.585486736039149580e-01 8.399757301218101491e-01 8.142955592357347117e-01 8.431418614447191429e-01 8.472688144557491974e-01 8.417121340825166609e-01 8.583880109402269865e-01 8.450920543227506965e-01 8.502274675895188372e-01 8.485770271866551751e-01 8.461733672809187423e-01 8.550596030466882658e-01 8.529396414721971409e-01 8.549739748693893082e-01 8.227622983291646985e-01 8.288360946798342122e-01 8.077889565579944309e-01 8.127495722797563049e-01 8.294328861442928913e-01 7.985990725855066641e-01 7.990296644449726982e-01 8.382985768250318381e-01 8.252810004038119152e-01 8.210647581773278247e-01 8.045591668214190362e-01 8.252793686843152843e-01 8.240666942007871532e-01 8.221410498544456935e-01 8.379746917085827418e-01 8.465446764916527700e-01 8.161492109645875903e-01 8.223552923057956265e-01 8.286942732278741452e-01 8.201469978025692775e-01 8.330651706719135463e-01 8.334006199825252370e-01 8.382011422270677636e-01 8.141243863389229229e-01 8.349700760259942678e-01 8.312361631570318599e-01 8.256863474255964341e-01 8.475328820523531093e-01 8.502844609776385454e-01 8.255199738989883462e-01 8.350898428011589436e-01 8.457037698231113509e-01 8.361391835710322296e-01 8.275343039652784949e-01 8.496566411125597851e-01 8.366840335217808899e-01 8.424949701576355254e-01 8.428417608422129614e-01 8.438453212307215345e-01 8.489575079763578280e-01 8.511569525085226351e-01 8.493416086694655087e-01 8.525367356830373389e-01 8.446259202582402370e-01 8.554321670302756919e-01 8.515711447946254786e-01 8.513002481614784234e-01 8.534211243379885570e-01 8.526485783253349160e-01
7.810011505454439451e-02 1.968545438932877423e-01 2.795820756807831931e-01 4.653131099393966741e-01 3.585574296650878567e-01 4.396286072138819723e-01 5.979333470641702286e-01 6.028795649809468582e-01 7.115927712099525682e-01 1.000000000000000000e+00 7.112986889161801995e-01 7.478445779336077015e-01 6.687655930406357641e-01 5.660815161004385532e-01 7.433032063096924880e-01 7.458734540468724417e-01 6.984680360023899359e-01 5.592410990745615429e-01 6.213904904288146680e-01 4.811456749333587468e-01 5.161441021483802460e-01 6.142760975142826929e-01 6.464905206351786449e-01 5.819167065167315522e-01 6.042410645963819382e-01 7.172705075187539858e-01 7.165344455169523341e-01 7.202107913880421153e-01 6.575146115308033723e-01 6.827189630273257093e-01 7.438178269296897849e-01 7.416195905087294982e-01 6.827991640233818105e-01 7.188493980173624731e-01 6.795185963242444949e-01 7.012080521264730804e-01 6.859025035830583761e-01 7.592851657623891359e-01 7.480223126855555238e-01 7.416892954541605132e-01 7.766713317988784837e-01 7.751307472474566751e-01 7.445777716651512668e-01 7.752754643572663529e-01 7.525931177362191749e-01 7.654489716589378823e-01 7.842991502983210905e-01 8.010163432795402993e-01 7.910141403470147825e-01 7.370210456856678416e-01 7.729789550760499672e-01 7.300404712816872532e-01 7.641260204367145148e-01 7.964733740083893565e-01 7.841784085425280715e-01 7.796840368804122123e-01 7.735887613261075435e-01 7.903098760075749629e-01 7.868762182506482405e-01 7.910593858277493728e-01 7.887183039457748013e-01 7.889161034242452297e-01 7.880207910241724401e-01 7.802788115144220216e-01 7.817653034553437852e-01 7.836350304884578399e-01 7.934071439415223415e-01 7.669262471835776029e-01 7.747606854330189030e-01 7.400126631597009341e-01 7.432314411807521282e-01 7.767879794470879951e-01 7.469895927533474200e-01 7.524184876159846214e-01 7.848604266295743370e-01 7.770650104534976288e-01 7.750846019590375002e-01 7.580266251967751057e-01 7.788290338787081657e-01 7.687671461231839753e-01 7.655405249910276488e-01 7.834341120588778073e-01 7.869758461023970142e-01 7.604315307824084380e-01 7.615356567159646817e-01 7.750806235085581086e-01 7.718843686785148428e-01 7.813568961192405293e-01 7.800799575961564480e-01 7.889097970935203818e-01 7.723095976888760816e-01 7.864509423842581670e-01 7.852779706989689856e-01 7.806199177560868563e-01 7.901144551225617318e-01 7.952828182648272737e-01 7.726026789254692995e-01 7.624377215098577798e-01 7.851449665445329185e-01 7.786944775374946559e-01 7.812881227509347326e-01 7.890791795555173183e-01 7.776095132932745457e-01 7.864725440534785506e-01 7.848897524025748584e-01 7.820770619286958603e-01 7.862174348270825064e-01 7.941488399500949980e-01 7.945239535518320295e-01 7.908876692450368395e-01 7.909551485126911086e-01 7.901319188825933759e-01 7.912045116577539616e-01 7.893554938365558993e-01 7.867452865786040972e-01 7.865911471838212821e-01
5.941281436482238887e-02 1.515751740906431666e-01 3.624628825844556368e-01 5.886409977787501191e-01 4.355842590614383281e-01 5.072100499486303926e-01 7.164197597329298173e-01 6.808192911921816526e-01 7.647566703584661729e-01 7.112986889161801995e-01 1.000000000000000000e+00 8.575153041787270114e-01 7.356813919565474702e-01 6.338444995759325851e-01 8.459703877921280757e-01 8.413000711203622028e-01 7.742511637658765489e-01 6.624925173218724206e-01 7.565502647595723218e-01 5.291565232285059261e-01 6.590008900509161105e-01 7.576611824530365968e-01 7.567157726736077894e-01 6.908930621045920040e-01 7.201565867412459410e-01 8.295096958929527586e-01 8.221373261329985027e-01 8.260202997227259480e-01 7.498823085191376192e-01 8.010422176963920560e-01 8.579414152243904912e-01 8.445665433975434455e-01 8.080848786965785235e-01 8.294430880354882740e-01 8.014711682744359855e-01 8.298871913717007498e-01 8.221339562024017056e-01 8.597782818635439916e-01 8.717872231318596343e-01 8.446159106931200311e-01 8.740933013755185499e-01 8.658102197858661420e-01 8.556308133909588109e-01 8.772189197857438447e-01 8.693314515242686058e-01 8.731987210435795399e-01 8.685348807064091625e-01 8.734156981199026060e-01 8.738588891466351205e-01 8.395958156469667255e-01 8.697330547358167463e-01 8.481112983098552105e-01 8.600268205370519281e-01 8.570285461905234881e-01 8.487205520062781616e-01 8.615906627982963251e-01 8.540139355673824761e-01 8.650157952702258735e-01 8.582333827359875933e-01 8.684941544324458196e-01 8.744511086674652267e-01 8.607632589508167342e-01 8.681163524022499356e-01 8.710949333996875765e-01 8.661452960615071417e-01 8.642145592581350622e-01 8.759080700560221144e-01 8.671373457375401994e-01 8.727912445844754341e-01 8.355377927593332643e-01 8.625975749403201887e-01 8.741661564737652768e-01 8.438585743699090758e-01 8.515443948793539608e-01 8.809273764949298036e-01 8.767370170452476463e-01 8.731063434294792369e-01 8.561430682889802357e-01 8.689404891182285207e-01 8.638106838979320301e-01 8.727328115813491882e-01 8.733559990268895401e-01 8.846102759565287466e-01 8.686368965836070988e-01 8.688204733241475797e-01 8.731930377482083339e-01 8.793572537813566514e-01 8.757383514872661978e-01 8.827227169752301927e-01 8.833884144224158907e-01 8.763621376010053421e-01 8.771447938669209021e-01 8.823825223846677446e-01 8.751203837917429507e-01 8.720183425206814443e-01 8.752688175944030036e-01 8.741344084660928049e-01 8.568899291209557401e-01 8.710736385577224627e-01 8.730359841154639033e-01 8.800682135246008508e-01 8.770738080884966648e-01 8.689598895365320264e-01 8.752386889856157426e-01 8.784486915505278493e-01 8.695892946441868832e-01 8.708998517214359136e-01 8.747796396407634401e-01 8.786992797793586885e-01 8.730698589644928509e-01 8.730694013896423966e-01 8.706946152090064839e-01 8.727182270087887606e-01 8.774730349403715435e-01 8.737343892369495713e-01 8.681571041704125857e-01
4.253463946355601211e-02 1.380846741573645287e-01 3.772224967200043522e-01 6.405855843221495149e-01 4.580651801278666224e-01 5.279524781440464443e-01 7.717390021616377105e-01 7.548219808441434253e-01 7.967789272032335113e-01 7.478445779336077015e-01 8.575153041787270114e-01 1.000000000000000000e+00 8.012290164367263934e-01 6.812457324937455372e-01 9.134176075426233554e-01 9.037962006311466290e-01 7.939897952264213243e-01 7.160993806187095911e-01 8.033749718358274006e-01 5.893143118944663694e-01 7.151450539491694958e-01 8.037597291341795902e-01 7.921373711631978232e-01 7.318696214275606238e-01 7.716249373569198378e-01 8.833448522990043905e-01 8.875545441631513821e-01 8.925013884726410440e-01 8.166609847166443892e-01 8.383267345247221725e-01 9.083102167499720325e-01 8.953760909419034020e-01 8.476124744536805977e-01 8.713519330816441588e-01 8.438336096499771122e-01 8.637172033684266115e-01 8.727616696160535037e-01 9.150754778926369903e-01 9.195132528001328520e-01 8.959547246044404778e-01 9.263916175678927889e-01 9.310936890644683217e-01 9.184461450577896535e-01 9.416148356408345910e-01 9.212288137866211368e-01 9.354296357684915852e-01 9.238783708301712139e-01 9.283595192427555043e-01 9.305274228327601316e-01 8.950244336251724775e-01 9.271866273941886671e-01 8.956491105452518697e-01 9.240046856363581806e-01 9.104513700021464873e-01 9.041188694593660369e-01 9.212818940940900037e-01 9.011430239383653173e-01 9.248663817346511884e-01 9.138040742345913126e-01 9.292374085725133570e-01 9.348475919335866857e-01 9.184496300717234218e-01 9.258258256188618418e-01 9.265513952262695030e-01 9.195107155581745406e-01 9.208419657420172655e-01 9.313289037122048919e-01 9.286029956336854241e-01 9.295924230065844007e-01 9.023511344070159756e-01 9.274907537311524175e-01 9.353509518168713344e-01 9.041599062148879540e-01 9.161946862543052239e-01 9.422057541534401004e-01 9.403184585041095556e-01 9.388797511977431398e-01 9.230892261669529919e-01 9.337474350160821501e-01 9.220750641411439297e-01 9.306212317413757873e-01 9.384675244004269112e-01 9.384346885836394314e-01 9.238619509956876863e-01 9.268291736249274493e-01 9.314507247005843205e-01 9.391850924609015383e-01 9.375284568719685074e-01 9.420053557161627289e-01 9.391289347128894960e-01 9.399860741531017583e-01 9.421958732697226502e-01 9.431909365425359404e-01 9.435758346081998260e-01 9.343111720187692315e-01 9.354315486285235126e-01 9.317661448270990743e-01 9.084717123378098780e-01 9.327462168854311342e-01 9.360634320346273851e-01 9.433155843334477542e-01 9.372247233530421884e-01 9.343606093815994829e-01 9.392021227603266631e-01 9.384496574137004554e-01 9.235513928599482503e-01 9.309017969233819301e-01 9.348163259036839090e-01 9.379419177111800732e-01 9.344975258869854251e-01 9.335387816083465795e-01 9.313844765523084934e-01 9.332298868749663301e-01 9.355180323851672863e-01 9.324886519733825985e-01 9.296051714028603641e-01
2.606552606428101659e-02 1.451444260677380305e-01 3.148029824397898802e-01 5.135752736901267879e-01 4.317506769902704766e-01 4.847199524101100110e-01 6.656886451571842889e-01 6.649273074655461802e-01 7.057107947106560086e-01 6.687655930406357641e-01 7.356813919565474702e-01 8.012290164367263934e-01 1.000000000000000000e+00 6.079110024803409118e-01 8.006636784414419283e-01 7.989977397453502661e-01 6.768949017948533431e-01 6.230468976119002411e-01 6.808001922323495547e-01 5.225216436988461277e-01 6.024818636276902950e-01 6.814830558766497015e-01 6.606696549993268386e-01 6.436518723651890594e-01 6.601437709357517170e-01 7.606562635217413160e-01 7.695568426442751520e-01 7.658185799289473072e-01 7.046926211943644880e-01 7.216307308956851907e-01 7.825038091953087083e-01 7.729604277008924607e-01 7.122059534019948845e-01 7.533569566613933510e-01 7.297926524742706089e-01 7.294428326678173979e-01 7.396494335377320484e-01 7.939230053222837702e-01 7.909134368078485355e-01 7.681479350089154279e-01 8.120242968783387694e-01 8.176656616364689212e-01 8.064658848883099473e-01 8.274495839090872940e-01 7.895451016632151209e-01 8.206750743609697585e-01 8.273047865779574739e-01 8.289205971927263716e-01 8.259666235148792612e-01 7.767009015700891972e-01 8.096244418575709867e-01 7.776805320771097429e-01 8.168732717868993909e-01 8.183246091124198873e-01 8.104290872029972226e-01 8.056313003956288021e-01 7.952761068785144660e-01 8.278745380456508096e-01 8.187902021444182221e-01 8.356988664089763930e-01 8.294078916066085494e-01 8.219000746954119307e-01 8.217153530955920715e-01 8.198767671974712679e-01 8.134479298779377920e-01 8.189548219448409272e-01 8.288827563563218037e-01 8.260043997557856565e-01 8.222460020725631535e-01 8.041014203197337507e-01 8.184331828596861369e-01 8.305431688500269916e-01 8.044613352975485965e-01 8.155017844334002675e-01 8.314751450354330720e-01 8.292996732293147488e-01 8.303409718337170231e-01 8.121379593728434987e-01 8.326082714700443477e-01 8.187926118094037697e-01 8.200166878036815321e-01 8.315406325446154101e-01 8.242511293260244010e-01 8.106664112059026595e-01 8.136600319607915077e-01 8.226791355938031236e-01 8.225213496008014769e-01 8.311690137157402569e-01 8.303839306234823692e-01 8.317477194547877595e-01 8.235841462486559461e-01 8.380915175531812311e-01 8.335295823516613023e-01 8.358076943990780938e-01 8.366749220170806023e-01 8.370114785516007405e-01 8.237464424845805100e-01 8.022757064245592540e-01 8.296894658567575132e-01 8.288164005440884496e-01 8.376869931277316494e-01 8.334447192426770457e-01 8.342613237994986886e-01 8.394830711723265670e-01 8.322190096295311035e-01 8.234372193407616392e-01 8.315326898234044473e-01 8.358729435359790738e-01 8.375680632397014547e-01 8.361816866917540780e-01 8.363766218595725110e-01 8.369090425735289385e-01 8.362055109581078005e-01 8.332068688534091105e-01 8.282464144180590182e-01 8.322193320085863322e-01
