1.000000000000000000e+00 8.846580111212440367e-02 6.680054028644884234e-02 4.013805899076060280e-02 4.477038574376242946e-02 -1.645191709943477631e-02 -6.111513171486104672e-03 2.350874813561067492e-02 6.693193511307032884e-02 3.800032239983331533e-02 -3.993936676674977350e-03 4.655143491410294009e-03 1.664450102052765501e-02 1.550082029940199474e-02 -1.297488007198914148e-02 9.685635648620441809e-03 3.700356915915550826e-02 2.142335081967366300e-02 1.054923880486651790e-02 5.756856608278694554e-02 6.370496393416874396e-03 1.649308680073391722e-02 5.333842188944755425e-02 -7.583634433515118456e-03 6.915228561541200518e-03 5.987084682802402968e-02 5.628356318066510960e-02 3.332508369480877142e-02 6.439039330633378189e-02 5.404621180252850571e-02 5.098350002024566036e-02 -4.233326639012414093e-03 2.025237663826674056e-02 -1.289889047418858042e-02 4.351420810320259097e-02 6.620464194097141521e-03 1.167178848786042805e-02 -1.494238226458008759e-02 6.293357759491524650e-03 -6.656602760681640252e-03 1.199677803940486613e-02 6.615219200652780289e-03 -6.866709916673082413e-03 1.358300541792420262e-02 1.204531208513923667e-02 8.598928804491605751e-03 -1.526617619674405834e-03 7.529641684220317668e-03 3.567012741057648453e-03 2.338541665963690414e-03 -2.937411961915992404e-04 1.563857573954854918e-02 2.041546515352912067e-02 2.017888692056197045e-02 1.328882756640466407e-02 -6.490913961947950396e-04 2.405647139356997116e-02 -4.046021108815472597e-03 -1.073663545221190119e-02 2.484482347874599623e-02 9.756463651678088170e-03 1.186008167208992860e-02 -4.783561796750337991e-03 9.488470632643413935e-03 5.331735638377135822e-02 3.758417953708554499e-02 1.851372800842818536e-02 3.408919921969668851e-03 9.029291459834489983e-03 1.327084305988584720e-02 -3.966532881762400119e-03 1.285161510922569819e-02 -6.271229983409873192e-03 5.410158136369849855e-04 2.771182539525216329e-02 2.615907868921079488e-02 1.864666224042394599e-02 3.609262360209404552e-02 1.906583296167742303e-02 2.761626376247885636e-02 1.971362737571961954e-02 2.154618045773652388e-02 2.134340319053668750e-02 1.950157081136329879e-02 -6.696527008281224526e-03 -1.110643103413416072e-02 2.872744388588185059e-03 2.423879544008115776e-03 1.078211800690614215e-03 2.038680227766570888e-02 7.392704264408089983e-03 1.658269239781752589e-03 8.466383191569174654e-03 7.325447255624293989e-03 3.196190796921372871e-03 5.334672536309802496e-03 -7.636630391529334282e-04 3.050363436628044170e-02 6.958322420335175812e-03 -1.761529219447213182e-03 -4.957995306143847883e-03 1.041510398847728461e-02 1.827156029495314443e-02 1.126996134198763547e-03 2.517243845499220201e-02 3.205193805422869302e-02 1.085801824350433875e-02 1.141106178127053970e-02 1.727513542845198619e-02 5.269967673598949590e-03 -1.663331515134545361e-03 1.846748750515612991e-02 1.346377965706490980e-02 1.586512762232504536e-02 3.176915677964374518e-02 4.037364306981373191e-02
8.846580111212440367e-02 1.000000000000000000e+00 1.064399977505720712e-01 1.065508830131473156e-01 1.044585283612382287e-01 7.380118529220403012e-02 1.344537478536640962e-01 1.091894239496092739e-01 1.703857130856430147e-01 1.610729615739630305e-01 1.396709901657718356e-01 1.612320496698343986e-01 1.208263969768968993e-01 1.099934202874590095e-01 1.718199855317111002e-01 1.450844796308386753e-01 1.495886644292653278e-01 1.350889675731519468e-01 1.458253179844776759e-01 1.204337823129192908e-01 1.153489981306576040e-01 1.374429752014193207e-01 1.940173291387551624e-01 1.150997452214460454e-01 1.290477941505260850e-01 1.966111101448962117e-01 1.884742600942434232e-01 1.939468689641714039e-01 1.982019446202783475e-01 2.089492414558835331e-01 2.069298517804631088e-01 1.645945382015226166e-01 1.848513686713949000e-01 1.432200502772880413e-01 1.858440216517442678e-01 1.505582822048568692e-01 1.874812994219680617e-01 1.653481707809981993e-01 1.662279028782307766e-01 1.755674617933801751e-01 1.685777661346436196e-01 1.801326304850432436e-01 1.521275975342221143e-01 1.625338177576863830e-01 1.766584520929375124e-01 1.782976977377926098e-01 1.646399002429274894e-01 1.659204495917926125e-01 1.614211592477224344e-01 1.372915598852108565e-01 1.515247130623079141e-01 1.181716116262254562e-01 1.480418622346071078e-01 1.736292048912575492e-01 1.734033076235212412e-01 1.887820038736693629e-01 1.514934262161432010e-01 1.579785130068248056e-01 1.632679020486118016e-01 1.653405778971435425e-01 1.536138224286756893e-01 1.603081791520837573e-01 1.507965177495221853e-01 1.535628947837233138e-01 1.621040877584786766e-01 1.573829224022822715e-01 1.655095467912053586e-01 1.666378531820361386e-01 1.744782614771448470e-01 1.600929543780434672e-01 1.527614437454186125e-01 1.700082926701379782e-01 1.586423037332775343e-01 1.645821932773194607e-01 1.835932085755709320e-01 1.819420595764836279e-01 1.841656720254286062e-01 1.875939115254551814e-01 1.840434041584058378e-01 1.833200506010356223e-01 1.842929845080440721e-01 1.836184786483604781e-01 1.727765313705572625e-01 1.798446348664980154e-01 1.511054497443823363e-01 1.573576280351786372e-01 1.725820271827941399e-01 1.660612262251139337e-01 1.661189366919084698e-01 1.836096781695617797e-01 1.731175387590694892e-01 1.713300892775121709e-01 1.692123572252730301e-01 1.730493307408597914e-01 1.658236514304644582e-01 1.688145426756510192e-01 1.558894792913018135e-01 1.541829907292501800e-01 1.628615242977197730e-01 1.579991998717011625e-01 1.657616333569878475e-01 1.617492375774274016e-01 1.517125099215619333e-01 1.629422087525388141e-01 1.595295415159639352e-01 1.669782023596000919e-01 1.642438222310464158e-01 1.744488382949952177e-01 1.783347570661994452e-01 1.625846748470398395e-01 1.689607360802547753e-01 1.665504327428831421e-01 1.677878258088526808e-01 1.615013680542259078e-01 1.620007908882919179e-01 1.627830559661279652e-01
6.680054028644884234e-02 1.064399977505720712e-01 1.000000000000000000e+00 2.211018818456508828e-01 1.463336864005879701e-01 1.400539584001271043e-01 2.201863534410402612e-01 1.854445302282523300e-01 2.713001744739731991e-01 2.487701859118326142e-01 2.860931163732877702e-01 2.487826394323101598e-01 2.158232052388477651e-01 1.821287367057332074e-01 2.646900229766426804e-01 2.546549268065953497e-01 2.668909201546570964e-01 2.691683369255707392e-01 2.614532613699412922e-01 2.573000991051475062e-01 2.145933010591225265e-01 2.311654248319496285e-01 3.214331181893816392e-01 2.522060910403560174e-01 2.649228033283940187e-01 2.945791780552772243e-01 2.987046255830628216e-01 2.944262511769377699e-01 2.833549693254248103e-01 3.055382275674948800e-01 3.125753454302335754e-01 3.079125009257178691e-01 3.153116865900241761e-01 2.980504068083925096e-01 3.103165841471877684e-01 2.676502369031023010e-01 3.179860284316397001e-01 2.850649267872614190e-01 2.976758225806553360e-01 2.960346108698662659e-01 2.855429481657283386e-01 2.866750149663732650e-01 2.666663242658816046e-01 2.903313354140418245e-01 3.018067450977626742e-01 2.885146467711596774e-01 2.755616941713818768e-01 2.865038994592933319e-01 2.740927031929058511e-01 2.510619958070813285e-01 2.660691676470131051e-01 2.418788654555160400e-01 2.557800250801909314e-01 2.831499112738645740e-01 2.818730029758154676e-01 2.939211414111614906e-01 2.652427926536434222e-01 2.736643377949100620e-01 2.769616229468503388e-01 2.760132747451060076e-01 2.769613567956737410e-01 2.709637010596855355e-01 2.656031199441808988e-01 2.672131149329057265e-01 2.729275694092278548e-01 2.629875412860125383e-01 2.882898034183618563e-01 2.913735550966384813e-01 3.081252888116794986e-01 2.932451769404696429e-01 2.606305193073914506e-01 2.839798963792834474e-01 2.989998267459943460e-01 2.885945679224054539e-01 2.971779852154487478e-01 3.000387144746822776e-01 2.991299802574573508e-01 2.990864482610604558e-01 2.954011085841929951e-01 2.965296641752180884e-01 3.088135173514315879e-01 3.007128085031148257e-01 2.891648467246235032e-01 3.084151840549374524e-01 2.949651228103056799e-01 3.004431767329088232e-01 3.066503628229427791e-01 2.926505545328341729e-01 2.958296166533210259e-01 2.891777841654356029e-01 2.963700061137416464e-01 2.877513106464389958e-01 2.927218722672890738e-01 2.923649532749417745e-01 2.811977020793367532e-01 2.827910364603374860e-01 2.804189586360963937e-01 2.666583257196018519e-01 2.759205272842625289e-01 2.811847013273178209e-01 2.802507129365038874e-01 2.735821832325554537e-01 2.724234840883520969e-01 2.793420938144008936e-01 2.730255147294687879e-01 2.674594414032156475e-01 2.788066707046128467e-01 2.841981194142225164e-01 2.835433998699916081e-01 2.808495621087066518e-01 2.801295785086813095e-01 2.780506251677533069e-01 2.757017271526473468e-01 2.752293104885086827e-01 2.752040359105892842e-01 2.698398363915281428e-01
4.013805899076060280e-02 1.065508830131473156e-01 2.211018818456508828e-01 1.000000000000000000e+00 2.736317657040950868e-01 2.696037881262565161e-01 4.586761404535278364e-01 4.616129557212171330e-01 4.466701795494845695e-01 4.116224310298609024e-01 4.706959788373646925e-01 5.208620901612471821e-01 4.393600430803376589e-01 3.562944492866289004e-01 5.145475554991002509e-01 5.038081706856772923e-01 4.773089212684950566e-01 4.720761994145483142e-01 4.856588416215601445e-01 4.217964760010222691e-01 4.775187737983269121e-01 4.897199282064262915e-01 4.866446066177649299e-01 4.185620772690169522e-01 4.614554859089936567e-01 5.085521698200263785e-01 5.153676906431882143e-01 5.213346823161858490e-01 4.662430194784374926e-01 5.202973811994733300e-01 5.199403901770601744e-01 5.318688381530731757e-01 5.223937934059504906e-01 5.351115296376959263e-01 5.327611180927350754e-01 5.283474971964687850e-01 5.318832413926730673e-01 5.213814149707219903e-01 5.485046094560371843e-01 5.173050633321870651e-01 5.220044057081043576e-01 5.247718668692984423e-01 5.281516436209271470e-01 5.309456595911751231e-01 5.330015987879090922e-01 5.257940527944328091e-01 5.071728652130246262e-01 5.099048649977482306e-01 5.094715320566551853e-01 5.187898327077786753e-01 5.287209963051625605e-01 5.147113600321686633e-01 5.261400652081921203e-01 5.137311491742299063e-01 5.122549274231527061e-01 5.199445047059000347e-01 5.100798375150151776e-01 5.148737418897074702e-01 5.076095506132443091e-01 5.106876170710595852e-01 5.187533670374865347e-01 5.148041786829139488e-01 5.173956610641510245e-01 5.218191164184495801e-01 5.214102720728287510e-01 5.162147526663501962e-01 5.200406370439515369e-01 5.196757630321523491e-01 5.317981933961901664e-01 5.317336658810959404e-01 5.174657974386984716e-01 5.282485796932310240e-01 5.061893376516477527e-01 5.127955870293466889e-01 5.262395959984565996e-01 5.277188089739751620e-01 5.232747842786973358e-01 5.193904367332772276e-01 5.185845537795579219e-01 5.218894923352025428e-01 5.337667873230094173e-01 5.285818683878632518e-01 5.343648606300532844e-01 5.306529641211674697e-01 5.361344820943989564e-01 5.306877607745347225e-01 5.317251929757360607e-01 5.261965808125553812e-01 5.305647997265650062e-01 5.296864923352345711e-01 5.267655779062625498e-01 5.249705496405719929e-01 5.248987275672606367e-01 5.248886831537237230e-01 5.121953627887062543e-01 5.138780736144324957e-01 5.327684391884396353e-01 5.238849758871064743e-01 5.210900843770018831e-01 5.237768336551777981e-01 5.321025041831314306e-01 5.309727766299587870e-01 5.232918029541433480e-01 5.238920470851979871e-01 5.357772962457296728e-01 5.259115559132687689e-01 5.203395474378991192e-01 5.137879700897837187e-01 5.218842708875888192e-01 5.140437926502599009e-01 5.177634588604512755e-01 5.147092956529856211e-01 5.225837638268666652e-01 5.273822043546958493e-01 5.249631187207868255e-01 5.219263716825722765e-01
4.477038574376242946e-02 1.044585283612382287e-01 1.463336864005879701e-01 2.736317657040950868e-01 1.000000000000000000e+00 2.476922618506276486e-01 3.814350214323871668e-01 4.088756143763039863e-01 4.091335480407283787e-01 3.596427673710069217e-01 3.881591701592092547e-01 4.343721721979345030e-01 4.374307402271973566e-01 3.140704236217534140e-01 4.302606585168034514e-01 4.516951781987350589e-01 4.052792800474416257e-01 3.890391221521150023e-01 3.932303105665213572e-01 3.567891607044127444e-01 4.062714387950058237e-01 3.895616422758693131e-01 3.897142049294743393e-01 3.442686354233994162e-01 3.725275746262810550e-01 4.183711146902536204e-01 4.021412968781523656e-01 3.954338440106425212e-01 3.777004236541180449e-01 4.118015077068806762e-01 4.402585229612056561e-01 4.391747152643990515e-01 3.723117625285598531e-01 4.061886469657459697e-01 3.993223076919469317e-01 4.092275784353794355e-01 4.215738866608793045e-01 4.168015278976309190e-01 4.458885419384841509e-01 3.962925110179850163e-01 4.367519271493680022e-01 4.370663565561941355e-01 4.486383830575415010e-01 4.506763541090442748e-01 4.431156443371969678e-01 4.443371598528538247e-01 4.545956567054528774e-01 4.555464562843951626e-01 4.571362779800081655e-01 4.252930173374209200e-01 4.492210191385949680e-01 4.289030766786151583e-01 4.646292522029060179e-01 4.560588753403760909e-01 4.439962562913212230e-01 4.422263426322242119e-01 4.400607507687127051e-01 4.483195364407659977e-01 4.396551012006079118e-01 4.671769885409048917e-01 4.627757401099134027e-01 4.606408784024116354e-01 4.482956385174242109e-01 4.628226815618141643e-01 4.546306878438734489e-01 4.693674916972090383e-01 4.555258646432370773e-01 4.515882279365895924e-01 4.496072602704964671e-01 4.561233183124600576e-01 4.507316861571448174e-01 4.483159738898863100e-01 4.365880595582578572e-01 4.389842216134060005e-01 4.529493789216976207e-01 4.483427638817570893e-01 4.453215394290727658e-01 4.321530182876907600e-01 4.422632256957593211e-01 4.505080244305362247e-01 4.461709523237517572e-01 4.507846364325776567e-01 4.515534077046969297e-01 4.377682693599162511e-01 4.375380467587753897e-01 4.370972595302621277e-01 4.436804794615116787e-01 4.449553133865455923e-01 4.521719316830866697e-01 4.520529172281699815e-01 4.378292522048916058e-01 4.548566910763096605e-01 4.509331578942424867e-01 4.470118312841592223e-01 4.573006121710532779e-01 4.566294646366855225e-01 4.453715635218362112e-01 4.501408618074191348e-01 4.598025956919748469e-01 4.469016775210302717e-01 4.600289264424056168e-01 4.528845417731950374e-01 4.571428877773892618e-01 4.593720631213770167e-01 4.568333312179408412e-01 4.566723176752208180e-01 4.558879311988647820e-01 4.589300097214472629e-01 4.559004848179642466e-01 4.544764112836937597e-01 4.521810015534994953e-01 4.629386545310845702e-01 4.599184794512509722e-01 4.656487348252029701e-01 4.627761556560680556e-01 4.637988197055425976e-01
-1.645191709943477631e-02 7.380118529220403012e-02 1.400539584001271043e-01 2.696037881262565161e-01 2.476922618506276486e-01 1.000000000000000000e+00 4.325218039657234836e-01 3.717920776240010161e-01 4.091469020798046419e-01 4.002343110135657134e-01 3.927790199727271836e-01 4.502168893606529054e-01 4.157951866505085747e-01 3.325948187308822579e-01 4.844776072552651747e-01 4.612308230853700564e-01 4.085251772353898914e-01 3.900751914064339854e-01 4.189210366822386233e-01 3.701659447675608172e-01 4.291882755047447540e-01 4.258777210044633610e-01 3.872219097700668744e-01 3.667331977211247818e-01 4.044107789777650064e-01 4.498554424848828504e-01 4.211102554567913714e-01 4.424865555112547644e-01 3.903405338025135451e-01 4.204686358155270143e-01 4.512041241358907273e-01 4.731574961066903340e-01 4.328938445024044790e-01 4.550073716323762008e-01 4.228308512403441410e-01 4.450405629536913765e-01 4.628155335748176391e-01 4.835766575299546011e-01 4.885393088482282153e-01 4.633497708599488840e-01 4.912192104105607138e-01 4.984210646928298183e-01 4.905004732221441843e-01 4.981844124049149558e-01 4.854484984663361979e-01 4.920829876520069757e-01 4.991853969273559732e-01 4.920708576340045992e-01 4.916491071638217081e-01 4.682605106601355760e-01 4.854604983983386024e-01 4.647157792212883165e-01 4.843911000571481384e-01 4.778429303369763348e-01 4.589258793957673999e-01 4.826265631211589802e-01 4.538394017405318892e-01 4.921183963799629635e-01 4.854692853707344713e-01 4.958970690042932561e-01 4.949216953891723558e-01 4.846890012598266129e-01 4.710447108117341020e-01 4.822274334847810318e-01 4.739912331762204944e-01 4.732088780216380242e-01 4.956178251577414429e-01 4.988868135291928962e-01 4.902499437891054135e-01 5.002864533861117735e-01 4.985667164079400360e-01 4.996652905927919663e-01 4.803059067373092184e-01 4.947510019749398191e-01 4.907476928146961015e-01 4.870482514292213683e-01 4.906997413242247807e-01 4.716913201689701962e-01 4.918648969806098115e-01 4.858126653504470926e-01 4.867367643796625676e-01 4.880252302029883804e-01 4.915300648803918593e-01 4.867589179744256089e-01 4.996596644561745459e-01 4.994063643104921235e-01 4.937238568772343572e-01 5.012890415752884188e-01 5.025813954651898730e-01 4.976206414313348869e-01 5.013582769242049819e-01 5.042113709273958744e-01 5.010853468161550195e-01 5.038190652037374262e-01 5.024998567496731239e-01 5.007080580468463715e-01 5.016100795774559584e-01 4.917646401466951311e-01 5.045120008465503458e-01 5.051926215116249175e-01 5.061841213688511587e-01 4.999567371841841523e-01 5.031140770052029421e-01 5.055808808695485546e-01 4.975184147691654735e-01 4.843614681192728866e-01 5.004901468803918396e-01 4.999647357733294495e-01 4.973158646848856446e-01 5.029242943280285427e-01 5.024329022988540672e-01 4.997919097548090273e-01 4.994428802485824104e-01 5.004813748279670627e-01 4.920003288234636729e-01 4.901246906634462719e-01
-6.111513171486104672e-03 1.344537478536640962e-01 2.201863534410402612e-01 4.586761404535278364e-01 3.814350214323871668e-01 4.325218039657234836e-01 1.000000000000000000e+00 5.775271798053672745e-01 6.245793118194247207e-01 6.103003319705234686e-01 6.472846829650791278e-01 7.272544341010568347e-01 6.449071200212654897e-01 5.267207092628015674e-01 7.643013973908131531e-01 7.153987615101847775e-01 6.647204412454971179e-01 6.574936650871505694e-01 6.926086555471026029e-01 5.684363948833633939e-01 6.691834642661909083e-01 6.923357189777555876e-01 6.522037846771138181e-01 6.149041230907329458e-01 6.705187020503117212e-01 7.018697702326891497e-01 6.761566044985833912e-01 7.072965913601048094e-01 6.484264533351354887e-01 6.797749831063306658e-01 7.229890760379342751e-01 7.343894915041372373e-01 6.902582530869741939e-01 7.320209804565831480e-01 6.856065741221403220e-01 7.028003198160300835e-01 7.271808465181301973e-01 7.559977686742911374e-01 7.612438579863257671e-01 7.270504316666954736e-01 7.458389850356553774e-01 7.645373113815822075e-01 7.514579933494719421e-01 7.657202122281430157e-01 7.467781458131552696e-01 7.685248164312380448e-01 7.491706051415578660e-01 7.478027573726243604e-01 7.518547166035693952e-01 7.294845824915897614e-01 7.551084260069915732e-01 7.220227683358115822e-01 7.415209146980079602e-01 7.440030801122945459e-01 7.374709157725179987e-01 7.551291078446189520e-01 7.202118275515430046e-01 7.481754089080205894e-01 7.511858492999410331e-01 7.444829453551405907e-01 7.500362966462315040e-01 7.485248962728073829e-01 7.452924760507723123e-01 7.492500692330155143e-01 7.290628266994422235e-01 7.336738034610819081e-01 7.537491358811403419e-01 7.666119929962487145e-01 7.546475468515773111e-01 7.624476539360400817e-01 7.651020134058316158e-01 7.629393857761270770e-01 7.502262266304656757e-01 7.590514363125823172e-01 7.535017869304203586e-01 7.524333606927727791e-01 7.530909195687164326e-01 7.364930807494334264e-01 7.575912890867717575e-01 7.443898600169461810e-01 7.563262084506341409e-01 7.515803060245132006e-01 7.564739120298688002e-01 7.535930683279837838e-01 7.606437019188777571e-01 7.623882443515546115e-01 7.596865299014190498e-01 7.687494803188069659e-01 7.640828043526631808e-01 7.641002036749429127e-01 7.655180205145406536e-01 7.663708887392692848e-01 7.621656855496070637e-01 7.694307549244171485e-01 7.547214747513123489e-01 7.566554006237028451e-01 7.634492829522020463e-01 7.478110982122608830e-01 7.595927312806310949e-01 7.611185431484953634e-01 7.658233861632146589e-01 7.622315588794290608e-01 7.535338850277089051e-01 7.610605686136917569e-01 7.605977761769313616e-01 7.467016237769833475e-01 7.578247083815449203e-01 7.554350965609192281e-01 7.613765596656811852e-01 7.566070322120159730e-01 7.608949630842544165e-01 7.535360361801309859e-01 7.584564273331061424e-01 7.593954077076086051e-01 7.485672881932589062e-01 7.442979546102342914e-01
2.350874813561067492e-02 1.091894239496092739e-01 1.854445302282523300e-01 4.616129557212171330e-01 4.088756143763039863e-01 3.717920776240010161e-01 5.775271798053672745e-01 1.000000000000000000e+00 6.089471734509211975e-01 5.763484644674887747e-01 5.880070257627455499e-01 6.847113314093998815e-01 6.239286266733229391e-01 4.912650323381313466e-01 6.847690805238539902e-01 6.997618159261368431e-01 6.303106023847843131e-01 5.691389709568802635e-01 6.066743140797516975e-01 5.062721828829093162e-01 6.253172582222819020e-01 6.264050529416752555e-01 5.935480947385146644e-01 4.929066428627096874e-01 5.807467772048390264e-01 6.616550906933351683e-01 6.417459220595279623e-01 6.441864008389442953e-01 6.034897510812716748e-01 6.318992573788684286e-01 6.683423380673202407e-01 6.937013946102017492e-01 6.306481393781081524e-01 6.566676169946058517e-01 6.478183582106437077e-01 6.606585483114405521e-01 6.735860861302881419e-01 6.889570631806752887e-01 7.091726476705526583e-01 6.592014622198012486e-01 7.010513970645156911e-01 7.052442130600306003e-01 6.985481612044946997e-01 7.176940924550310186e-01 6.964338813564249220e-01 6.979725664157871989e-01 7.103973246034331890e-01 7.162644485277699369e-01 7.209186432532788125e-01 7.015952726360511482e-01 7.223769258160412932e-01 6.777902506180644160e-01 7.129397088811706418e-01 7.183553330316159169e-01 7.043587072955365125e-01 7.077809350688324397e-01 7.053313235508019696e-01 7.148190588286639224e-01 7.117977575206122509e-01 7.191574246655366709e-01 7.219088057736888775e-01 7.192411272798394650e-01 7.159192765787598667e-01 7.203940494566563046e-01 7.139078082275341908e-01 7.192615380847015016e-01 7.163138053997685217e-01 7.043126872344751543e-01 7.065185564051055245e-01 7.113512822183654105e-01 7.092613763400876792e-01 7.139435813670372832e-01 6.712176607003318418e-01 6.866412139664278547e-01 7.139361366638434792e-01 7.107028827760420997e-01 7.058432220097650145e-01 6.917096454616704637e-01 6.976022132665530284e-01 7.060646813684556822e-01 7.062224720534837630e-01 7.069253573997671403e-01 7.212924687410161573e-01 7.051405919868487526e-01 7.088844693417435394e-01 7.011891460341409532e-01 7.095802693652216719e-01 7.124715548317825942e-01 7.174003360797042150e-01 7.174287647768012866e-01 7.091281565525348052e-01 7.174379635208375516e-01 7.134253139325372750e-01 7.149544492598414180e-01 7.190775725089377790e-01 7.179571129950749198e-01 7.218798080507885517e-01 7.260644311961532704e-01 7.261868201215923024e-01 7.202450669400481953e-01 7.243802596700169572e-01 7.273232558785013291e-01 7.217977533793914491e-01 7.241434315596786409e-01 7.259433380627764443e-01 7.228527576176133618e-01 7.231630365720552733e-01 7.189170316508262104e-01 7.200435180249969980e-01 7.217148367214188953e-01 7.222441679455186003e-01 7.216123355698235153e-01 7.264320993452570985e-01 7.304138717239155865e-01 7.247309363112532932e-01 7.266318533607134533e-01
6.693193511307032884e-02 1.703857130856430147e-01 2.713001744739731991e-01 4.466701795494845695e-01 4.091335480407283787e-01 4.091469020798046419e-01 6.245793118194247207e-01 6.089471734509211975e-01 1.000000000000000000e+00 7.124760877968220329e-01 7.165320285514955589e-01 7.860401243744659094e-01 7.133622893933861953e-01 6.048401492858369588e-01 7.807767557843333650e-01 7.825699048376777434e-01 7.653870733390607528e-01 6.464072586118811969e-01 6.827414031198332234e-01 5.879273619160438891e-01 6.442687023593960394e-01 6.802746204478995473e-01 7.098748585029581726e-01 5.644637949035006264e-01 6.531338777209293456e-01 7.795735723097960701e-01 7.697132020501057381e-01 7.607537025525327179e-01 7.167630912748284011e-01 7.726741822729560338e-01 8.182640897560413684e-01 8.067473237737780023e-01 7.264850286198787366e-01 7.466706327178536107e-01 7.580576664550542354e-01 7.334585398138584456e-01 7.869045380178879556e-01 7.897867336139025030e-01 8.093494086950052679e-01 7.533304606469901632e-01 8.254417493407565365e-01 8.182192085982018526e-01 7.794276671257209799e-01 8.300280846689729319e-01 8.141866838640863246e-01 8.037540299570540281e-01 8.378893957599262698e-01 8.488429162706693232e-01 8.372838216997201544e-01 7.810072003290732257e-01 8.197646361622323852e-01 7.640149068072286109e-01 8.093783585259073377e-01 8.483748973947519145e-01 8.219060899575590939e-01 8.216607419961057257e-01 8.162173635616669642e-01 8.360525812072407970e-01 8.297231719204450906e-01 8.530185584236473773e-01 8.389812604047496292e-01 8.412165168745011634e-01 8.184908691172131379e-01 8.329179689578589674e-01 8.381331764620545410e-01 8.428198502779860046e-01 8.483723353740132422e-01 8.259089964924740679e-01 8.327789198080897126e-01 8.282564109704363409e-01 7.977567303601070803e-01 8.327819639895196469e-01 7.904702898637305797e-01 7.978631995692004875e-01 8.387732148951833056e-01 8.441707974274121895e-01 8.355009025082467122e-01 8.265865764932712745e-01 8.275213612470887492e-01 8.453735097123681319e-01 8.421557613658627872e-01 8.484707138997255038e-01 8.405245965088611326e-01 8.284620429174351930e-01 8.158253693143090457e-01 8.153232094880619174e-01 8.326058830489119211e-01 8.300779962833717551e-01 8.348093955890198981e-01 8.365532029301918637e-01 8.232083692419546184e-01 8.386076046589292510e-01 8.350365871206144597e-01 8.366706652867044181e-01 8.463050031798785566e-01 8.484036749663963484e-01 8.142781977488213752e-01 8.278284111284052171e-01 8.383017414492750508e-01 8.291310982801703977e-01 8.289903817909524131e-01 8.347546499412767940e-01 8.375331111273384144e-01 8.406196734311930374e-01 8.366987518227190224e-01 8.334661901197500944e-01 8.432440255848037136e-01 8.469237561921136859e-01 8.442557590521988509e-01 8.441191301652527512e-01 8.374196296464880840e-01 8.511431923625037976e-01 8.457286937446629738e-01 8.441400940268452002e-01 8.470717267417088303e-01 8.480690623018479757e-01
3.800032239983331533e-02 1.610729615739630305e-01 2.487701859118326142e-01 4.116224310298609024e-01 3.596427673710069217e-01 4.002343110135657134e-01 6.103003319705234686e-01 5.763484644674887747e-01 7.124760877968220329e-01 1.000000000000000000e+00 6.685569605354833023e-01 7.334804061121956709e-01 6.804247785111364744e-01 5.680029367794369177e-01 7.460157134934686241e-01 7.469541374698613900e-01 7.038606455110549831e-01 6.347489517127543612e-01 6.600698385231118515e-01 5.650267047106993790e-01 6.370520277087665661e-01 6.670059348239741892e-01 6.763657723980318615e-01 5.687925192266674035e-01 6.484261742498247383e-01 7.416776078026376950e-01 7.284174578448826542e-01 7.421634064226764194e-01 6.727672932447635867e-01 7.291518751225697370e-01 7.667918847346809619e-01 7.725058238845328162e-01 7.023720088144467244e-01 7.257767990809368408e-01 7.141904880501421804e-01 6.937820801288171468e-01 7.551867460289221068e-01 7.664309037237720945e-01 7.766901857321646396e-01 7.360898936185705788e-01 7.849551518134664230e-01 7.862478688093035295e-01 7.448745006131495261e-01 7.868836277970910897e-01 7.710372342477374019e-01 7.797821336873386189e-01 7.926588805213994338e-01 8.018787188609487471e-01 7.897451390570450203e-01 7.456395225683813965e-01 7.759416964819562113e-01 7.175083392222501022e-01 7.667070854307315164e-01 7.978213950205597094e-01 7.773939446970888900e-01 7.804025508622290941e-01 7.563560350528656384e-01 7.906021797329465528e-01 7.870026572662962572e-01 8.010612936575527421e-01 7.841892871595680381e-01 7.888621982887401574e-01 7.713597118027982757e-01 7.811703721168229420e-01 7.767677274986396485e-01 7.829772404735166891e-01 7.973274977341051617e-01 7.890415376819384097e-01 7.919660236065693137e-01 7.881325567351568084e-01 7.685874846276592454e-01 7.906364751026276894e-01 7.607589282274289655e-01 7.668713421955698495e-01 7.916002176097792775e-01 7.970102270944565692e-01 7.881503046249148658e-01 7.756282747777563102e-01 7.895766635983288984e-01 7.929527315909182805e-01 7.971269654141477368e-01 7.971061558995634622e-01 7.873849986389797051e-01 7.878333011203882963e-01 7.754780863373488264e-01 7.785040589057475868e-01 7.898345289206237796e-01 7.912347123608696187e-01 7.922254323008613985e-01 7.876086157287902623e-01 7.850999167118895006e-01 7.969622835229666080e-01 7.919985520418485470e-01 7.999240555055868729e-01 7.974514178134769482e-01 7.999047102441796397e-01 7.673371895267632192e-01 7.745207562382909749e-01 7.856677371123231834e-01 7.842945533177843043e-01 7.827959848597942916e-01 7.835580276807726507e-01 7.867491014493228629e-01 7.940239043102769179e-01 7.833045396542299699e-01 7.706490893110039542e-01 7.948840298943683491e-01 7.978537610242157907e-01 7.936520816283044732e-01 7.957188884783369387e-01 7.879302481244988554e-01 7.991892278305782193e-01 7.942564364345818806e-01 7.913064976074187795e-01 7.922499868679810930e-01 7.895472471367387390e-01
-3.993936676674977350e-03 1.396709901657718356e-01 2.860931163732877702e-01 4.706959788373646925e-01 3.881591701592092547e-01 3.927790199727271836e-01 6.472846829650791278e-01 5.880070257627455499e-01 7.165320285514955589e-01 6.685569605354833023e-01 1.000000000000000000e+00 7.880220917495988076e-01 7.028401718444741153e-01 5.812572643932897298e-01 7.825303086994195301e-01 7.677782791605020085e-01 7.314920784304758117e-01 6.734536187664247331e-01 7.147371939698429211e-01 5.799315960425325267e-01 6.600044209339449575e-01 7.016371963399457012e-01 7.261745247450711593e-01 6.180919905622020982e-01 7.007903347164642360e-01 7.793911023946834549e-01 7.744544257192701453e-01 7.790774452164985764e-01 7.408493279630909978e-01 7.772308905343906504e-01 8.139754058348914745e-01 8.127961259674377770e-01 7.534658493912630428e-01 7.884294214706254467e-01 7.689297985065131069e-01 7.539434615430449238e-01 8.120239867832569347e-01 8.059503779870144102e-01 8.194211718731700955e-01 7.784919269558638888e-01 8.176860006652625357e-01 8.168266175896066184e-01 7.797886110022490547e-01 8.183292675224780321e-01 8.134190497459538038e-01 8.157593154595297325e-01 8.248925270626551454e-01 8.296563162641975575e-01 8.257706220962528487e-01 7.835443352863161737e-01 8.097394415558520908e-01 7.590112118704346322e-01 8.005691303468872588e-01 8.249360328221355676e-01 8.101927892205847970e-01 8.199041780161886450e-01 7.997667105899366469e-01 8.210707232660042765e-01 8.177854490528266851e-01 8.242377983387564333e-01 8.243012829094062965e-01 8.202345971868764130e-01 8.098435690459555580e-01 8.182348560549833616e-01 8.065893413574372062e-01 8.145968798029750157e-01 8.328146633796861265e-01 8.285234263989146308e-01 8.321822391074632508e-01 8.192357718342850870e-01 8.030885477218473456e-01 8.298282989849175006e-01 8.071128185187359527e-01 8.100044960936514382e-01 8.336738119365337818e-01 8.371699275030695109e-01 8.338954449417854686e-01 8.250051378952678593e-01 8.313749600824914543e-01 8.271985968972230818e-01 8.341841752101413210e-01 8.318921851194022166e-01 8.304683783870149272e-01 8.291801737612126688e-01 8.278166172853770322e-01 8.290154539649411403e-01 8.334610861317728325e-01 8.325983674063954787e-01 8.336190021066139932e-01 8.301214330790105400e-01 8.325698122813088853e-01 8.330487607313399323e-01 8.358425927639698827e-01 8.320383089184457681e-01 8.314969862874599382e-01 8.320586494364546892e-01 8.152181547996832922e-01 8.137620749391106800e-01 8.273695953364812450e-01 8.260487906291720250e-01 8.221558315263762795e-01 8.244229990488071147e-01 8.215203752701757400e-01 8.293809183218324721e-01 8.250471829337463481e-01 8.121230921857943708e-01 8.313873686245892847e-01 8.297891870807165837e-01 8.274232915855813664e-01 8.288562585467650345e-01 8.256089031455779992e-01 8.293194814753441779e-01 8.280029759278582091e-01 8.294286364320551108e-01 8.252587828892296029e-01 8.209255205757600704e-01
4.655143491410294009e-03 1.612320496698343986e-01 2.487826394323101598e-01 5.208620901612471821e-01 4.343721721979345030e-01 4.502168893606529054e-01 7.272544341010568347e-01 6.847113314093998815e-01 7.860401243744659094e-01 7.334804061121956709e-01 7.880220917495988076e-01 1.000000000000000000e+00 7.725724373794118360e-01 6.539831836816843991e-01 8.615322886581547879e-01 8.515601204155555104e-01 7.959793822126994822e-01 7.209267398469278998e-01 7.716204776451229819e-01 6.298358709749340978e-01 7.530081599664144587e-01 7.810829379330761491e-01 7.526209371616849886e-01 6.485202261927882628e-01 7.445855862906151090e-01 8.349910793228492167e-01 8.330869385959610574e-01 8.405781963294266523e-01 7.731765967983834642e-01 8.230156221075721756e-01 8.719116113537803692e-01 8.810013360372603852e-01 8.063902712029210607e-01 8.454995893040567756e-01 8.192655087241326184e-01 8.325646376942850146e-01 8.573156529579964991e-01 8.804180561004624206e-01 8.944894286696633001e-01 8.490553734438148759e-01 8.912771212204917415e-01 8.956307372450629245e-01 8.665184702583919041e-01 9.021747123738679264e-01 8.901438492920966672e-01 8.852796711821317999e-01 9.002310595588118858e-01 9.053127603049424543e-01 9.047485685259848420e-01 8.738583236489214645e-01 8.994925453146430661e-01 8.564366164019679983e-01 8.888619572298738225e-01 9.007311224899828828e-01 8.890614202739546279e-01 8.910217500431951709e-01 8.848037950486542513e-01 9.018929848773151736e-01 9.000859928616820049e-01 9.038063219613338140e-01 9.045302678740807512e-01 9.034562470210375507e-01 8.944114603681453390e-01 9.036225831563355904e-01 8.909504421823540854e-01 8.981461894424201953e-01 9.045590300569309461e-01 8.972190948815432776e-01 8.963750274519479699e-01 8.948830215694520973e-01 8.894026643837675827e-01 9.052678647529792677e-01 8.645688443682969515e-01 8.765811041936228953e-01 9.027801538507023160e-01 9.034593437645862535e-01 8.982414569967033247e-01 8.847670580412934083e-01 8.934149741809004341e-01 8.969177677098105761e-01 9.013075246790648309e-01 9.018779023350507185e-01 9.057428599942434211e-01 8.962403175211530737e-01 9.000277295390711751e-01 8.950044360683460098e-01 9.043178725635356852e-01 9.045107809623748052e-01 9.063686122973728665e-01 9.031731047226665421e-01 8.994109261924750909e-01 9.066304013763150094e-01 9.040350041417519744e-01 9.058802721008335501e-01 9.063513561881550995e-01 9.068143619883832773e-01 8.972936392876114109e-01 9.014930879759994742e-01 9.082465222743435485e-01 9.049119683493830335e-01 9.027702290744323843e-01 9.088468527955475551e-01 9.053319916514953603e-01 9.089217279798877946e-01 9.089018411237912431e-01 8.958044843155016368e-01 9.092328169289197737e-01 9.050562607174112983e-01 9.049171448285326935e-01 9.067272279062601470e-01 9.052999460389574704e-01 9.060608383804455990e-01 9.072670390102200999e-01 9.101488428093877925e-01 9.073530204696907964e-01 9.040893657464550426e-01
1.664450102052765501e-02 1.208263969768968993e-01 2.158232052388477651e-01 4.393600430803376589e-01 4.374307402271973566e-01 4.157951866505085747e-01 6.449071200212654897e-01 6.239286266733229391e-01 7.133622893933861953e-01 6.804247785111364744e-01 7.028401718444741153e-01 7.725724373794118360e-01 1.000000000000000000e+00 5.772357535255828731e-01 7.956710319300246415e-01 7.931407522089417572e-01 7.157033400865590034e-01 6.455612934449048712e-01 6.828031513789357687e-01 5.796438432333114177e-01 6.744607647942562068e-01 6.819017343308703127e-01 6.829145930257878305e-01 5.896613855662397041e-01 6.692850943745605186e-01 7.457036684033181428e-01 7.320390602395204782e-01 7.439040891300499059e-01 6.724203145191633979e-01 7.345270773952796706e-01 7.814207302382968345e-01 8.048576844140109543e-01 7.190959775911133223e-01 7.613220427148288394e-01 7.375173558133328866e-01 7.312203459299244646e-01 7.799746886559160153e-01 7.885465483172610091e-01 8.090694785574776837e-01 7.521965213704319142e-01 8.153994505262227577e-01 8.175691386338156397e-01 7.931310101462007989e-01 8.218699205645747519e-01 7.999419513604826282e-01 8.064282680208418874e-01 8.328996979587350857e-01 8.373734991453136711e-01 8.333002791640332640e-01 7.805979624530788863e-01 8.145960350942814676e-01 7.688911201618263691e-01 8.120455543599029991e-01 8.333355455951243496e-01 8.080705232435051455e-01 8.145981039724532469e-01 7.984267357867876891e-01 8.324977031184735976e-01 8.240497287142557470e-01 8.409131466257641074e-01 8.356199747438974867e-01 8.297083519503520854e-01 8.157539225653539505e-01 8.237210294809935718e-01 8.088111988649497874e-01 8.215931984013344902e-01 8.346958817064650260e-01 8.257813560289058996e-01 8.244015039149751312e-01 8.209712396896097220e-01 8.045245872336436177e-01 8.222004720556983504e-01 7.971424657557502069e-01 8.010796565886683096e-01 8.211788947080522760e-01 8.229700527118241071e-01 8.196385676999128345e-01 7.951945017971777663e-01 8.151097911606931534e-01 8.213102145795773135e-01 8.216283419853687153e-01 8.272592789293875537e-01 8.241296154013808550e-01 8.175092542315585131e-01 8.161901573722488701e-01 8.170913620580319003e-01 8.239111305950117536e-01 8.264328903166683338e-01 8.311913246349156292e-01 8.228970902443086821e-01 8.193607614819952145e-01 8.339805064489953512e-01 8.290856138119925278e-01 8.291357825282004157e-01 8.405217757367845488e-01 8.405789503813319019e-01 8.161478582451598962e-01 8.178467051033780910e-01 8.344690323857899550e-01 8.284525690199558978e-01 8.308045859808996791e-01 8.298409365692571704e-01 8.346916115268271374e-01 8.377421763046084546e-01 8.267150781877173893e-01 8.163300132949278254e-01 8.371766660048204356e-01 8.372882949388650298e-01 8.308049286562378954e-01 8.385865464258134283e-01 8.303279952438025191e-01 8.405101867585398345e-01 8.388277181128003246e-01 8.375521028458882133e-01 8.289631351144012283e-01 8.303899807702508351e-01
