1.000000000000000000e+00 1.324251114338853563e-01 1.154796062052560607e-01 -2.731428660625797450e-02 2.093756271145767386e-02 -3.161965546040575170e-02 -2.316581672384479193e-02 4.263254603627245759e-02 1.216466872245303005e-01 7.244712899000954609e-02 4.066388741846228144e-02 -2.620953430920023447e-02 1.160776827564393397e-02 9.088254479800059150e-05 -2.161412378955755026e-02 -6.626836601093970269e-03 9.018981827950729724e-02 1.324141328336068679e-01 9.943614737959088901e-02 -7.901011882600809597e-03 1.313594446367381263e-01 9.217645673793357919e-02 5.152347392245084506e-02 8.747359273260388313e-02 1.003602689076464327e-01 4.821939286856265217e-02 2.719265014324804067e-02 3.718043963976641608e-02 6.393638742422300125e-02 8.949772487131468779e-02 5.516988525205534372e-02 5.100239752926632314e-02 1.434119508478434030e-02 5.074586282761710254e-02 7.916393092187298808e-02 -2.638291324791403741e-02 4.490753573025386969e-02 -2.434178844844620340e-02 6.391332261400722685e-03 -9.857605885897882669e-02 -2.104648438075146233e-03 -4.271982570769240761e-02 -6.969347745126650007e-02 -2.762140139040918790e-02 -1.417604203640702000e-03 -2.655354168459270886e-02 4.045226539111117584e-03 2.345574919191302510e-02 5.828620791853163403e-03 1.001041617003286914e-02 -3.040153604400738091e-02 7.300285303313937442e-03 4.228769691917621566e-03 5.581211802811617689e-02 3.587616822521708104e-02 -8.985960542912839119e-03 5.593406549940601463e-02 1.818166560941805385e-02 1.302889676544388871e-02 3.343886831024647788e-02 1.299858465026046579e-02 1.409106763491867545e-02 5.218896795211493654e-03 2.369023833475247809e-02 7.795946427816174973e-02 6.935355268828459485e-02 2.882444792626342664e-02 4.465282418198267961e-02 4.803003400005324830e-02 3.926498474070666544e-02 5.991201304501209135e-02 4.657665958113282184e-02 4.996698541098906071e-02 4.724186636483673762e-02 2.467531929753073380e-02 2.189251996688768367e-02 2.463047952997350631e-02 3.616496413200230575e-02 2.286729529165990732e-02 2.934319431468791067e-02 2.719686172136401292e-02 2.147511661945777570e-02 4.195619534764122999e-02 4.352937204505781532e-02 3.011840916844572835e-02 3.647329272461892480e-02 1.313097749815338861e-02 1.797472521481839960e-02 1.565615132627968045e-02 3.200135945561171508e-02 6.488301827701097035e-03 7.872543778987543817e-03 3.278686163205902625e-03 8.450537803489541547e-03 4.783229865275482294e-03 1.198016636292916111e-02 1.724481406846317677e-02 6.415647081763888038e-02 3.296386143349036568e-02 6.420375930908072716e-03 2.379211881631684324e-03 2.807582435146899896e-02 2.695473897019112081e-02 1.176108121249343913e-02 3.962600068064101727e-02 5.213899648082532395e-02 3.183612711127182388e-02 1.552615811330843379e-02 2.434069412799032966e-02 2.300822425260625956e-02 1.865080146452095800e-02 2.586008226831823173e-02 2.631333077155093014e-02 3.807921714044731898e-02 5.137825843824743444e-02 5.154902925031887295e-02
1.324251114338853563e-01 1.000000000000000000e+00 8.579824401647688503e-02 -4.981710786235672359e-03 4.221505940010670394e-03 7.329059318169052484e-02 9.293139370321096271e-02 8.707795402663716378e-02 1.728034104223958034e-01 1.806138677402944204e-01 1.092255791936437848e-01 6.925321475965803830e-02 9.582752299725341705e-02 9.347307071655494570e-02 1.028541774416725785e-01 1.068066720470738362e-01 1.485715234442077926e-01 2.264331547696534774e-01 1.898933761443392654e-01 7.265409342084086508e-02 1.882818070835026447e-01 1.772461331427684639e-01 1.486752039186676755e-01 1.901282420995498990e-01 2.000419549674327946e-01 1.741983832126102472e-01 1.566540568752027296e-01 1.531310435728626962e-01 1.880462958427621678e-01 2.168473443892534325e-01 1.764089682140870530e-01 1.651919572649516998e-01 1.609213669459142182e-01 1.742979157272206980e-01 1.873799463576489022e-01 1.146356810806028054e-01 1.609107790457038889e-01 1.300311233991721105e-01 1.437555786137627856e-01 7.537874841771127765e-02 1.318553569117047464e-01 1.206900632520239852e-01 7.524130517897759107e-02 1.086767454084238138e-01 1.270998685507804538e-01 1.268826973754553500e-01 1.367501318513709707e-01 1.430478418568935650e-01 1.299216546028762465e-01 1.295672636347304507e-01 1.083485220127703152e-01 1.009311754247196879e-01 9.293243115173882574e-02 1.575219161574924753e-01 1.455988924225343484e-01 1.353720768989328804e-01 1.318118353758825911e-01 1.333279714614262201e-01 1.394300334418606957e-01 1.307200291904002387e-01 1.261655798940500284e-01 1.229529842495393349e-01 1.249404297626633964e-01 1.313591600539286697e-01 1.494668495236826655e-01 1.466753044259919703e-01 1.459956585297013665e-01 1.679525626580138098e-01 1.695218848939956391e-01 1.542191763864321219e-01 1.827156968711724228e-01 1.611160763062316204e-01 1.782650771405966950e-01 1.805279181870925176e-01 1.609226402579290449e-01 1.463154911987664675e-01 1.548469772168432346e-01 1.641727006560470548e-01 1.593561798404526941e-01 1.626217468704288238e-01 1.592812992010586848e-01 1.557003916804885479e-01 1.557487755395806917e-01 1.641167788939690286e-01 1.536640869317997815e-01 1.651133478930901510e-01 1.436053762629899699e-01 1.508318709647751277e-01 1.500389207913768730e-01 1.602756173133415563e-01 1.427298292505563282e-01 1.421325266110533003e-01 1.343171915613239620e-01 1.436166455127214636e-01 1.393414482072297123e-01 1.411334316434704472e-01 1.319816532793183506e-01 1.521346488659099105e-01 1.516811130448831035e-01 1.327175993811813559e-01 1.298394903941272327e-01 1.435802550196668692e-01 1.286497239056532127e-01 1.299586826220636704e-01 1.418323423914245873e-01 1.473169649521340052e-01 1.456082406998616130e-01 1.446696180370221074e-01 1.495744201484075497e-01 1.466249513126205439e-01 1.444986864404045335e-01 1.396434184402232936e-01 1.431851113863308045e-01 1.462682664345857086e-01 1.509388358926397888e-01 1.458223364643778386e-01
1.154796062052560607e-01 8.579824401647688503e-02 1.000000000000000000e+00 2.474837431038898750e-01 1.208625975908205336e-01 1.405862896976107501e-01 2.098448179687501802e-01 2.494702773701187315e-01 2.132726733796727614e-01 2.277483758458877516e-01 3.029599168267389508e-01 2.678921904438614776e-01 2.082550699708993758e-01 1.884218774488600479e-01 2.374246373865303017e-01 2.620417600862945950e-01 2.513589582360415409e-01 3.169713275223044469e-01 2.984901529995607761e-01 2.794100407396744590e-01 3.683356405097921171e-01 3.533544769774376038e-01 3.037590423919508398e-01 3.158485054006599513e-01 3.352678923494536445e-01 3.062726389928774884e-01 3.005524779362661603e-01 2.901932076950735073e-01 3.035285921884413596e-01 2.631516274173243408e-01 2.974711552099962297e-01 2.822857076928471654e-01 2.567746668711796687e-01 2.906797436914555499e-01 2.652852831197608507e-01 2.772568743844316397e-01 2.981519260906718705e-01 2.671934162713631156e-01 2.806717034246214992e-01 2.423302484300587922e-01 2.540013342557834730e-01 2.515324449610037982e-01 2.451521161656797232e-01 2.796092582527653359e-01 2.804515768339040371e-01 2.537282770615075789e-01 2.459561963265177176e-01 2.451790530778676924e-01 2.563043430310749105e-01 2.813208708708666572e-01 2.670357327060262076e-01 2.787450487576322300e-01 2.665798458429310402e-01 2.676047295262333203e-01 2.626511377501771771e-01 2.566991973209188926e-01 2.803656886165918904e-01 2.607357084581783946e-01 2.561256959917189713e-01 2.617898973639873339e-01 2.685362862513415716e-01 2.655994822785859300e-01 2.699456472077896296e-01 2.770062488857970018e-01 2.752463201322867814e-01 2.753164077323871917e-01 2.479527538718100388e-01 2.749515055455030166e-01 2.707876492476657404e-01 3.047969011059498134e-01 2.935492513203181719e-01 2.837692385749513990e-01 2.834036224165309981e-01 2.803622781180103440e-01 2.672788901489846491e-01 2.588975062785038306e-01 2.670604488137754973e-01 2.712295813544406409e-01 2.600578453135019008e-01 2.523228101035054349e-01 2.588838131454836433e-01 2.521990303043323278e-01 2.700612881509700802e-01 2.562422465269840743e-01 2.597672195844515919e-01 2.663816124858643386e-01 2.586609779225830241e-01 2.535399374082138446e-01 2.559011795817796031e-01 2.546124288603651697e-01 2.582715697437568680e-01 2.519329602292778025e-01 2.556327898909321328e-01 2.548743592065842445e-01 2.383575597095712317e-01 2.427174240171477426e-01 2.514637412235009584e-01 2.601186099592718848e-01 2.575477887724408887e-01 2.487667424972725416e-01 2.459692179138763812e-01 2.547746231785886772e-01 2.526910908920748100e-01 2.511895036303029571e-01 2.609440554200869733e-01 2.567144052526211806e-01 2.510642921167777208e-01 2.435751263356166485e-01 2.475653389426833717e-01 2.458452084866201148e-01 2.458057089180662458e-01 2.456951523675860449e-01 2.472853481442633394e-01 2.511861171210080235e-01 2.619318203096417941e-01 2.507287386583321176e-01
-2.731428660625797450e-02 -4.981710786235672359e-03 2.474837431038898750e-01 1.000000000000000000e+00 3.395573407077125405e-01 2.533435441748685402e-01 4.336071315529776982e-01 4.479174596695861266e-01 3.482256441657236024e-01 3.114895709116356493e-01 4.479823281339567198e-01 5.671413817104297150e-01 4.039689240455912045e-01 3.787379301422053035e-01 4.794661212413783291e-01 4.820779409374096880e-01 4.062123093617060476e-01 2.735429460297348903e-01 3.449735426263778604e-01 4.525969760279919818e-01 3.624271819783030368e-01 4.154518780767420538e-01 4.264033134539717551e-01 3.368037285629042477e-01 3.550309704614485473e-01 4.426209521996410379e-01 4.510649576980336750e-01 4.264998825763421930e-01 4.107886767729521660e-01 3.285520913293211165e-01 4.432314310257145507e-01 4.264583611259649687e-01 3.728587658401031901e-01 4.014897165676677981e-01 3.535903533014337907e-01 4.660423756210015922e-01 4.531806837327309601e-01 4.342661545909157206e-01 4.415584034652629275e-01 4.616150344716147269e-01 4.542456364971416694e-01 4.526905640943196807e-01 4.784992798270933378e-01 5.013588861222747495e-01 4.984761976415945650e-01 4.509620619251300533e-01 4.425811513740280922e-01 4.426789860301216240e-01 4.617735315589837630e-01 4.700871528930264942e-01 4.768523613641544867e-01 5.087367662184880679e-01 5.050547190068411796e-01 4.463369720342508784e-01 4.495349968899319260e-01 4.438499390778612996e-01 4.670425924508797011e-01 4.601050870337841658e-01 4.491137390304987265e-01 4.699515666043302398e-01 4.792794879544255426e-01 4.741008506176452308e-01 4.764416598819599669e-01 4.755711419166703258e-01 4.509058122184068096e-01 4.546909264950870222e-01 4.396914224961591122e-01 4.239566223774371423e-01 4.335144541298447951e-01 4.798486208438790812e-01 4.136827997415650771e-01 4.403323402397461006e-01 4.201931560124727572e-01 4.115096095365354256e-01 4.449552977843113100e-01 4.471769743345461734e-01 4.462555294461125754e-01 4.358228739255445849e-01 4.142500657185396729e-01 4.080818516782406813e-01 4.283609390406821205e-01 4.359889916138049437e-01 4.448038761551661446e-01 4.126081758839096336e-01 4.354933701402389779e-01 4.276809973523483244e-01 4.528153955853425061e-01 4.334695196331441180e-01 4.361757135633784199e-01 4.336270544372924918e-01 4.475905994461018556e-01 4.473436037858293246e-01 4.646826030246592465e-01 4.518422679274209375e-01 4.404610187716894720e-01 4.441681983427715474e-01 4.583512228423098911e-01 4.462567894341608610e-01 4.440373770681768639e-01 4.524495575747427556e-01 4.566398950679095847e-01 4.497793247676513673e-01 4.672218861773579923e-01 4.629838939825429156e-01 4.589388237233890111e-01 4.420153762571841782e-01 4.408492886117299503e-01 4.392295727891538659e-01 4.362010738785288555e-01 4.385067786263301404e-01 4.391673522701667887e-01 4.450866117240848130e-01 4.383130365877390133e-01 4.413969188266050336e-01 4.504919728871188966e-01 4.437078946379146016e-01
2.093756271145767386e-02 4.221505940010670394e-03 1.208625975908205336e-01 3.395573407077125405e-01 1.000000000000000000e+00 2.184028018066363486e-01 4.317464751543482748e-01 4.323396325439651244e-01 3.243457079314518432e-01 3.229703187581985935e-01 3.727760095135417284e-01 4.543104197251601195e-01 4.196235621653037762e-01 3.479000284868011272e-01 4.518680857562699105e-01 4.576535717888597365e-01 3.640996605430012467e-01 2.682698667422011019e-01 3.230495471466575119e-01 4.017034603908378743e-01 3.343444801618186690e-01 3.782241868767549087e-01 3.874872359622612006e-01 3.334030025591266377e-01 3.418818109375002523e-01 3.969681836587254375e-01 4.007269111715561771e-01 3.790438559936468166e-01 3.671613306147697431e-01 3.293206264117784499e-01 4.003767714848379122e-01 4.046402119315565260e-01 3.698126546768110701e-01 3.935245384336916730e-01 3.516373261247608406e-01 3.989549287797475863e-01 4.058918886981380814e-01 4.077723705160397061e-01 4.162643337496212403e-01 4.158133990990252049e-01 4.155771891408500118e-01 4.207577793485915429e-01 4.421981390241192522e-01 4.521390013536915609e-01 4.374509019129419474e-01 4.285314098427112639e-01 4.106251435353304169e-01 4.099753115085590371e-01 4.183265625012582145e-01 4.207563119536502083e-01 4.304873894998730299e-01 4.386692023820792929e-01 4.417327061749423134e-01 4.008016727314908656e-01 4.041429965078209841e-01 4.161303443902394927e-01 4.011519439269946030e-01 4.132389789302804428e-01 4.036094473403511462e-01 4.236932061534109395e-01 4.278830012296238605e-01 4.191204819593031816e-01 4.133571526118884898e-01 4.166150916194781839e-01 3.990854151340163525e-01 3.954525078429839691e-01 4.061188291542898732e-01 3.959849867198483309e-01 4.085849383485714026e-01 4.397700536396261239e-01 3.818698994242655798e-01 4.056640738737432583e-01 3.942675959024709020e-01 3.887553194330619633e-01 4.076096245859418543e-01 4.090632077012730239e-01 4.103724042150135309e-01 3.979142627508158170e-01 3.945357858350152513e-01 3.842155838223358932e-01 3.974854108446911338e-01 4.046950640692789092e-01 4.045410600823940439e-01 3.924152087687216572e-01 4.046417967095184975e-01 4.028120445395858007e-01 4.146663286660743353e-01 4.074300854626806689e-01 4.113653873498498981e-01 4.016862987472183955e-01 4.119379537479007092e-01 4.192904898468988728e-01 4.248749084900897421e-01 4.225982014038958678e-01 4.115582960325163131e-01 4.106443366165997699e-01 4.189185094068644810e-01 3.934548217883158117e-01 4.072997512308972889e-01 4.199435511141614841e-01 4.290794130583181487e-01 4.074401649066659581e-01 4.223380621035190963e-01 4.270805972059085187e-01 4.114554290922795010e-01 3.973168242013286888e-01 4.030310428162781067e-01 4.107986888169015693e-01 4.056230588033611362e-01 4.041617232590659636e-01 4.060895455023691980e-01 4.116021481232983725e-01 4.036627851084932384e-01 4.047954976693352025e-01 4.026693406352261917e-01 3.966435924357519793e-01
-3.161965546040575170e-02 7.329059318169052484e-02 1.405862896976107501e-01 2.533435441748685402e-01 2.184028018066363486e-01 1.000000000000000000e+00 4.065023088294146825e-01 3.829107790643881959e-01 4.172233744278987522e-01 3.997597650410626424e-01 4.060425164744989046e-01 4.457442952082428245e-01 4.196480194995381163e-01 4.341639635975921285e-01 4.902172838043064584e-01 4.685873019331288081e-01 4.389954855696476810e-01 3.337988872250275407e-01 3.938785211113473572e-01 3.410656581625365891e-01 3.352164215347126497e-01 3.968226796077340413e-01 4.245018165583055447e-01 3.843000312137127561e-01 3.712693899258879271e-01 4.769725194381689293e-01 4.733217877556420983e-01 4.837281659560782043e-01 4.689586211970974139e-01 4.438714969246868591e-01 4.954391569067880807e-01 4.644742320796315660e-01 4.678170539532744421e-01 4.545838173793391723e-01 4.479649743502049919e-01 4.872467420173514085e-01 5.006775327591034275e-01 4.806069456627777847e-01 4.988570515998997923e-01 4.895365464014980184e-01 4.993616800378600784e-01 5.038879140448623284e-01 4.898383556526643146e-01 5.095369785106701466e-01 5.019005120086004190e-01 5.027868662389729515e-01 5.031755843629982516e-01 5.065096612938220222e-01 5.004948776179642955e-01 4.757509360285309130e-01 4.953779652411992029e-01 4.780594136955367834e-01 4.818964520870608892e-01 4.911420932330778366e-01 4.863131825989465140e-01 5.014518780128289777e-01 4.787866593238621626e-01 4.973396985157795824e-01 4.883121686641516690e-01 4.985086094041735749e-01 4.917591091661870362e-01 4.912837390804358773e-01 4.836853969395923381e-01 4.972795502241333931e-01 4.928617419645010544e-01 4.823132411846969836e-01 5.081336745239488639e-01 4.903101665682262911e-01 4.870488047180518421e-01 4.901151971487708314e-01 4.695239654624755454e-01 4.920133721258069248e-01 4.769992471866567607e-01 4.774467073959595687e-01 5.055099771693430943e-01 5.086171918283064475e-01 5.038872830230985977e-01 5.001637899665812848e-01 5.061242011730919810e-01 4.926025093377108255e-01 4.986854738439635559e-01 5.063887078271231967e-01 5.008196265349148524e-01 4.918829535562544986e-01 4.957180904349330897e-01 4.918345977417456494e-01 5.031389509395995940e-01 5.054552004324337489e-01 5.046595660056562016e-01 5.058238840853902518e-01 5.120716562798263150e-01 5.140712095687697269e-01 5.091591450929547902e-01 5.110221242213969228e-01 5.099103469400182442e-01 5.073971111292698843e-01 5.017582387343085815e-01 4.863790560358763337e-01 5.007157201284191395e-01 5.107630056140194386e-01 5.106865458339021613e-01 5.006753903545391182e-01 5.042243215764977693e-01 5.111800989061140443e-01 5.000825238582992105e-01 4.944848183661318397e-01 5.035763242651966065e-01 5.096803705798197415e-01 5.058238613001729833e-01 5.046583315977696271e-01 5.036000282631835079e-01 5.080950211529946525e-01 5.026647437036785293e-01 5.054573355719237382e-01 5.005113488715234871e-01 4.957575552763792692e-01
-2.316581672384479193e-02 9.293139370321096271e-02 2.098448179687501802e-01 4.336071315529776982e-01 4.317464751543482748e-01 4.065023088294146825e-01 1.000000000000000000e+00 6.153798817618444383e-01 5.664401897724720136e-01 5.677858433665714522e-01 6.091657432719319587e-01 7.010278985910718408e-01 6.471935436401751174e-01 6.142462272426345571e-01 7.535440420962324914e-01 7.232193102119762740e-01 6.062010058405122859e-01 5.025670973609878134e-01 5.919230793669493229e-01 5.760583929407825377e-01 5.243734020650818728e-01 6.266366522746342760e-01 6.521006688883402846e-01 5.881573764599379306e-01 5.781644468208452237e-01 6.954973371799350046e-01 6.920976760852058929e-01 6.903996479274993048e-01 6.622924540523676962e-01 6.363143296006664729e-01 7.151573230584971075e-01 6.959846928276748335e-01 6.707191715805290722e-01 6.781458046135788731e-01 6.485613846254443260e-01 6.992389398618737983e-01 7.023453571656387284e-01 7.243256566762594773e-01 7.276646830090449658e-01 7.138492867070947989e-01 7.368823840229713484e-01 7.343858006450018072e-01 7.252230045534023839e-01 7.491218705177994375e-01 7.343288655049696745e-01 7.384937200924313050e-01 7.270713694789239234e-01 7.200147337550670823e-01 7.169951669497800495e-01 7.124341369507317667e-01 7.380567411552126922e-01 7.039256528749331387e-01 7.029495324086544317e-01 7.036034404936470921e-01 7.082934485785487011e-01 7.298791381372771170e-01 6.910587770144311914e-01 7.249916825524140851e-01 7.191691397970422228e-01 7.218712579154784592e-01 7.232387761476293253e-01 7.220427793111857673e-01 7.181407556705149409e-01 7.202552898309408924e-01 7.013449291783566686e-01 6.892437995795883676e-01 7.204509792823036163e-01 7.060819354687492000e-01 7.115297260827457837e-01 7.270213202467058489e-01 6.882349297668555188e-01 7.133236695979821018e-01 6.976863602759508787e-01 6.956821938955958240e-01 7.280410993561943211e-01 7.274217462121874700e-01 7.264144915586123741e-01 7.175767947749697173e-01 7.181325622565325473e-01 7.078227004988063564e-01 7.147883250515354447e-01 7.267229717263483657e-01 7.195407389418849720e-01 7.069391718006390324e-01 7.150235455709456067e-01 7.171363847917988643e-01 7.266682670788345844e-01 7.294073861932693914e-01 7.280219703127583930e-01 7.227876228880588672e-01 7.338075969277214616e-01 7.366680726170592441e-01 7.384283393773751758e-01 7.405748406002675699e-01 7.303626679518836484e-01 7.258139904014502264e-01 7.228253610573976973e-01 6.926781160152073458e-01 7.208298512769818478e-01 7.356789077984742242e-01 7.394476431877927691e-01 7.233920587451870832e-01 7.198457606579110601e-01 7.379874117983153958e-01 7.163499293184427685e-01 7.033465113064083507e-01 7.178457201299182078e-01 7.255452885660438334e-01 7.229666270663116512e-01 7.219741287568633981e-01 7.234044525811715864e-01 7.234589166384743919e-01 7.202485299511490746e-01 7.178423527769165480e-01 7.139053973110963680e-01 7.025382135267187467e-01
4.263254603627245759e-02 8.707795402663716378e-02 2.494702773701187315e-01 4.479174596695861266e-01 4.323396325439651244e-01 3.829107790643881959e-01 6.153798817618444383e-01 1.000000000000000000e+00 5.883510061374379596e-01 5.602485895282002248e-01 6.128205252549828730e-01 7.042380986178663482e-01 6.346301032227683603e-01 6.013829478613448298e-01 7.149433815199746078e-01 7.309902217303243521e-01 6.333534801740972053e-01 5.206540345014780691e-01 6.007460785113621915e-01 5.787258783086054459e-01 5.741210273839079115e-01 6.420094649703159684e-01 6.460736389576432481e-01 5.875165467975338451e-01 5.874533606739116287e-01 6.774366422426350010e-01 6.753187917690869346e-01 6.715039650736586152e-01 6.664881910571792689e-01 6.301152332524128097e-01 7.077478813415223335e-01 6.967061802022485040e-01 6.508083183851121056e-01 6.770275352816863546e-01 6.619073457898130286e-01 6.792070548420289233e-01 7.007369052205966176e-01 7.034414765212719800e-01 7.158326594517701036e-01 6.661082471735310095e-01 7.151174015098464842e-01 7.094636802472127357e-01 7.017558647370658598e-01 7.344041945491793788e-01 7.218544593099742723e-01 7.120503189584687087e-01 7.159621393138239087e-01 7.175196254364135662e-01 7.206495547235793886e-01 7.263132411572891245e-01 7.330630657471123302e-01 7.093308945745845362e-01 7.083074307310591733e-01 7.172216831568692941e-01 7.197654444878577307e-01 7.099530329574432752e-01 7.182292724884887791e-01 7.315510679334387145e-01 7.263907014582129396e-01 7.256961843712754767e-01 7.349404489012280051e-01 7.311339318489293859e-01 7.337520872746268186e-01 7.331377623907361363e-01 7.106941144529292931e-01 7.085096335565689296e-01 7.163409899399953984e-01 7.037157985515470893e-01 7.107796082089129497e-01 7.363780845804474007e-01 6.934525265203045352e-01 7.174822339762658707e-01 6.970253919438194057e-01 6.908244937682582743e-01 7.195122947057424057e-01 7.183609063657284688e-01 7.209432421492669718e-01 7.130540332602962605e-01 7.040953929820764623e-01 7.001994499493737756e-01 7.096634081525186044e-01 7.151393651910765703e-01 7.212407139676645373e-01 7.077786929514732206e-01 7.154825412676528718e-01 7.136168700226001027e-01 7.180566339882067384e-01 7.239745196896402168e-01 7.204359399461960356e-01 7.196507902670822299e-01 7.199310359174898588e-01 7.281004122165148917e-01 7.263329914875975568e-01 7.292947054568974519e-01 7.190588370578471222e-01 7.202735950186632818e-01 7.330010591313478319e-01 7.129445067908775080e-01 7.248894629914626186e-01 7.286515136438779239e-01 7.324616610122514082e-01 7.325299699137076681e-01 7.241474142611096232e-01 7.361349474888516653e-01 7.221175664477361700e-01 7.184357427867245072e-01 7.195554827729432334e-01 7.205497842940672415e-01 7.210807507186074439e-01 7.212717744991814506e-01 7.256744316294844177e-01 7.192920766464075966e-01 7.218869545478697747e-01 7.219179772620543112e-01 7.190564817444127232e-01 7.116449423865395252e-01
1.216466872245303005e-01 1.728034104223958034e-01 2.132726733796727614e-01 3.482256441657236024e-01 3.243457079314518432e-01 4.172233744278987522e-01 5.664401897724720136e-01 5.883510061374379596e-01 1.000000000000000000e+00 6.929448193728564576e-01 6.542768529045317472e-01 6.770405472027063443e-01 6.804589338706894530e-01 6.819701594123201982e-01 7.531673638842528717e-01 7.408516527169867194e-01 7.710922600148986117e-01 6.604702542379817798e-01 7.429002318129213078e-01 5.110100366668405281e-01 6.564891572221162042e-01 7.123059739351286224e-01 7.391598442478809483e-01 7.149173388842468002e-01 7.048420824199306267e-01 7.764702192710021267e-01 7.742922616163122607e-01 7.793678895601495737e-01 7.719328646274005168e-01 8.004287227869546495e-01 8.236480775311467717e-01 7.978327602365579141e-01 7.624195997179461504e-01 7.832113979775787715e-01 7.957397582839933481e-01 7.338673050646117302e-01 8.055927067429357047e-01 7.547481952286566598e-01 7.897416891963222607e-01 6.792482610594530179e-01 8.051821341732462445e-01 7.702177692285658850e-01 7.186993052212642397e-01 7.793218480578132379e-01 7.956873633323894301e-01 7.813770126213931411e-01 8.265698278398332377e-01 8.397823298281936744e-01 8.166535131925368729e-01 7.852066543159463841e-01 7.676270585027473725e-01 7.653049765245377722e-01 7.774576151308653094e-01 8.427865900346034334e-01 8.199007152302141277e-01 7.937227724235030868e-01 8.141069975679067205e-01 8.145260092445787414e-01 8.092172934630079695e-01 8.319103517583135154e-01 8.104783589203554683e-01 8.088525444953823529e-01 7.962685539555963699e-01 8.162139530325749348e-01 8.420444950058769695e-01 8.355665114019110717e-01 8.390889735249625891e-01 8.374147526551354304e-01 8.391612235168184331e-01 8.210384404935530123e-01 8.232309268692277193e-01 8.374735760480598312e-01 8.284749065388518074e-01 8.289747034835277528e-01 8.355635592477832496e-01 8.353159951867368260e-01 8.312338351135641901e-01 8.349397033392643719e-01 8.274920355383694748e-01 8.397356212357299787e-01 8.384805216901913827e-01 8.389679584831393200e-01 8.420054820731182055e-01 8.391505627870119444e-01 8.333795344991475895e-01 8.379990387858239353e-01 8.301574998504476222e-01 8.320734237679762169e-01 8.311956079677579323e-01 8.368486247293277502e-01 8.236534986563954774e-01 8.303681377277233322e-01 8.258674637635348148e-01 8.271525620972556281e-01 8.321096096053844926e-01 8.363427532476068738e-01 8.229088026690373203e-01 8.433657966350086577e-01 8.365875117493326574e-01 8.254788784382175448e-01 8.220074709931319834e-01 8.341900154776434873e-01 8.293045139788155495e-01 8.291619192624565260e-01 8.406987567253300098e-01 8.391403314474562558e-01 8.423235084626684577e-01 8.353945043618421495e-01 8.380008909367676617e-01 8.381885208361903317e-01 8.327007523859032423e-01 8.402646427226440062e-01 8.369212014749022321e-01 8.450698187766388925e-01 8.477994399228874212e-01 8.440734376335807809e-01
7.244712899000954609e-02 1.806138677402944204e-01 2.277483758458877516e-01 3.114895709116356493e-01 3.229703187581985935e-01 3.997597650410626424e-01 5.677858433665714522e-01 5.602485895282002248e-01 6.929448193728564576e-01 1.000000000000000000e+00 6.120579215661241523e-01 6.505208171086572788e-01 6.295605136146881220e-01 6.534675933810675241e-01 7.265790086945157489e-01 7.131066718285594686e-01 6.950514115524911718e-01 6.177547132311280720e-01 6.840087225816384731e-01 5.188363274825577021e-01 5.966645199709825764e-01 6.700125572429369569e-01 6.997471374131359889e-01 6.808521562555096551e-01 6.543490189252069156e-01 7.398981186485737993e-01 7.266328135059020310e-01 7.350591239839385782e-01 7.268441905912343959e-01 7.569890998663891812e-01 7.760171952623330371e-01 7.586509313927237708e-01 7.204287650697461798e-01 7.445331127418794992e-01 7.520769787610984691e-01 6.974004848366095466e-01 7.480168825161009893e-01 7.316474827471637354e-01 7.499664003007200375e-01 6.634410700333822630e-01 7.608437770750570150e-01 7.453052747371611275e-01 6.931342747344143573e-01 7.428740905396328253e-01 7.512489539192955812e-01 7.456261953190078673e-01 7.780640643936410639e-01 7.851795993227442816e-01 7.686036767060938635e-01 7.418649916742375838e-01 7.421021155284185378e-01 7.074364271101519774e-01 7.212101743436568624e-01 7.839470261304140042e-01 7.690404929150971292e-01 7.584950358893753908e-01 7.524582580344074678e-01 7.657026586229156440e-01 7.681509471507748099e-01 7.728891272425235659e-01 7.635866074309018980e-01 7.579606566911446519e-01 7.528596544342173180e-01 7.621589341160760478e-01 7.648156465984133900e-01 7.658940191960819099e-01 7.827085395862369843e-01 7.828663674579490195e-01 7.897623934809274715e-01 7.694697384760623704e-01 7.696692738749145724e-01 7.810594647527682177e-01 7.796505872236511037e-01 7.774420957623987549e-01 7.844011099030108181e-01 7.819165514734944811e-01 7.814174878510578015e-01 7.829993831762031009e-01 7.861941686734468249e-01 7.877037530585334624e-01 7.855477455207827697e-01 7.860913360487499224e-01 7.819056786209872545e-01 7.866273863040493808e-01 7.768372810991209798e-01 7.843654528503196666e-01 7.739131835109108737e-01 7.847194954613782025e-01 7.803882230952535748e-01 7.857846099655878547e-01 7.724260907690548850e-01 7.820570746041840549e-01 7.747874091508021310e-01 7.808674822461419973e-01 7.813927212169146097e-01 7.831192867065004393e-01 7.644323639515179236e-01 7.678296746682069518e-01 7.820487891998172403e-01 7.750988192886312245e-01 7.706001698608019312e-01 7.768518228486651633e-01 7.700510147018460039e-01 7.744202413494605253e-01 7.727461670848192465e-01 7.749728819368441046e-01 7.820034082547131504e-01 7.845261680715289732e-01 7.840649041336658076e-01 7.807866737005867419e-01 7.811037352667378197e-01 7.807386472919377596e-01 7.799234153338534536e-01 7.799582103586863990e-01 7.798514852446079004e-01 7.758766283000864128e-01
4.066388741846228144e-02 1.092255791936437848e-01 3.029599168267389508e-01 4.479823281339567198e-01 3.727760095135417284e-01 4.060425164744989046e-01 6.091657432719319587e-01 6.128205252549828730e-01 6.542768529045317472e-01 6.120579215661241523e-01 1.000000000000000000e+00 7.369073936109054035e-01 6.467377179837069390e-01 6.479712838937283781e-01 7.430539392382178310e-01 7.400948723823312925e-01 6.979883196544578450e-01 6.222430738882839263e-01 6.913784372548817947e-01 6.024360002226919475e-01 6.457208055952965431e-01 7.185145721908794414e-01 7.345242139762319100e-01 6.921361795408732531e-01 6.753451287455377594e-01 7.664144815755647988e-01 7.548849644179524976e-01 7.538685266414698605e-01 7.479600129548684695e-01 7.258258202820382365e-01 7.766178408414329271e-01 7.678444504700738804e-01 7.286430740582834353e-01 7.538898477335258530e-01 7.364860323157351729e-01 7.409691937810988227e-01 7.654767543358034221e-01 7.516309680321010545e-01 7.684600115599856673e-01 7.198053539572302206e-01 7.720537854662947730e-01 7.562651112328713232e-01 7.344783516991852945e-01 7.793609241071753901e-01 7.847872538084273986e-01 7.624747046294223507e-01 7.760742955337084359e-01 7.747982849633210378e-01 7.795008753901918608e-01 7.711115658085071489e-01 7.713361081345594394e-01 7.557909712170597372e-01 7.574525275286275727e-01 7.747712297371839307e-01 7.705026125604492737e-01 7.712247846707331878e-01 7.710302396543659009e-01 7.748652461515652679e-01 7.757686476480172288e-01 7.809167077713472516e-01 7.833875789674680234e-01 7.790206733112045034e-01 7.756284817289695876e-01 7.832346912557780483e-01 7.721412451000526644e-01 7.707794871611587384e-01 7.745200494164184990e-01 7.783891350653291408e-01 7.801080198586758385e-01 7.938582093121144823e-01 7.742341777077069720e-01 7.848821124653724279e-01 7.762045029590365353e-01 7.749126023262232765e-01 7.872239359356771882e-01 7.821327841551610760e-01 7.847555036700053499e-01 7.823244284605739285e-01 7.756518003675721973e-01 7.731415909892401794e-01 7.783515615039903190e-01 7.813251407985155605e-01 7.815168692036421616e-01 7.701469874003987748e-01 7.754657030877736279e-01 7.790365793589580923e-01 7.807926155245102917e-01 7.774434117222200902e-01 7.773674236932528459e-01 7.747817101864632461e-01 7.861327614843465206e-01 7.808128388191761804e-01 7.852500195731343391e-01 7.817039300926297285e-01 7.769656367058156432e-01 7.784595752369273258e-01 7.765381693604067603e-01 7.651352983385926176e-01 7.805704599741608574e-01 7.786597936538989240e-01 7.753815435825628377e-01 7.791766689359970188e-01 7.812358955032298047e-01 7.797398645466330214e-01 7.787884655648963372e-01 7.717196555443824879e-01 7.772171234962521602e-01 7.780063076496922525e-01 7.768153172620466673e-01 7.759561048824910046e-01 7.776180315632270634e-01 7.758503081582875938e-01 7.764926012833502922e-01 7.752638602125933032e-01 7.768504233613783283e-01 7.715935847298142081e-01
-2.620953430920023447e-02 6.925321475965803830e-02 2.678921904438614776e-01 5.671413817104297150e-01 4.543104197251601195e-01 4.457442952082428245e-01 7.010278985910718408e-01 7.042380986178663482e-01 6.770405472027063443e-01 6.505208171086572788e-01 7.369073936109054035e-01 1.000000000000000000e+00 7.293398290896052627e-01 7.230612860149842058e-01 8.419830204888031355e-01 8.363321305533395478e-01 7.068505435022326422e-01 5.447815758494295446e-01 6.635146352255627544e-01 6.761829682307815004e-01 5.985033104442224472e-01 6.977487830015965953e-01 7.581765367115104182e-01 6.598678015252923412e-01 6.387363724289957245e-01 8.020744329774098791e-01 7.981616639965414262e-01 8.042723155969380144e-01 7.634832539857135947e-01 7.182146964890040453e-01 8.187187819449114334e-01 7.972161044389316498e-01 7.691017426845725424e-01 7.679137263508506450e-01 7.377335569868481713e-01 8.103204197342656068e-01 8.171148418925844314e-01 8.237185172422689661e-01 8.227951173817351638e-01 8.323288261458421378e-01 8.478463831643779924e-01 8.443777331726384228e-01 8.452158031333616428e-01 8.768061514504030818e-01 8.676762623464242541e-01 8.443841473291557875e-01 8.431549161743461251e-01 8.407529177154052791e-01 8.501508440071846584e-01 8.339802685979578190e-01 8.605372720613623239e-01 8.427063735225946983e-01 8.506811264593068245e-01 8.254873090429303284e-01 8.274513350353722707e-01 8.434048359296507646e-01 8.235526401440397271e-01 8.420735750726753288e-01 8.365977128174557631e-01 8.509053510010499144e-01 8.540650368493155620e-01 8.553483762538867108e-01 8.444031097048254608e-01 8.480079960605405587e-01 8.157221078070338027e-01 8.162769338582565037e-01 8.354852509516288439e-01 8.163995825345842228e-01 8.233715864192305833e-01 8.498796098169933977e-01 7.875710417990767764e-01 8.226987861428780580e-01 8.064252422943402054e-01 7.988192676596966857e-01 8.387196864547519226e-01 8.432613086510842848e-01 8.417030010868168377e-01 8.292016241406645616e-01 8.231062809019845661e-01 8.153809172754235002e-01 8.262736422412371162e-01 8.389984015205314005e-01 8.308937124243532812e-01 8.146043929123529814e-01 8.227169356468674311e-01 8.201735008663425530e-01 8.407926330165613749e-01 8.328066954194572880e-01 8.359281457201885868e-01 8.287495714464470087e-01 8.469981237296719812e-01 8.486299364330994743e-01 8.566468437476492115e-01 8.485280595109713220e-01 8.446602758457100180e-01 8.451996818070038886e-01 8.369622151079346706e-01 8.139528339293705672e-01 8.327802542242191963e-01 8.466328523567434594e-01 8.466121516717859397e-01 8.350800329978895764e-01 8.508479664092660766e-01 8.530661750159005408e-01 8.374097113684636495e-01 8.238132402275848420e-01 8.338736314909451774e-01 8.424008188058733637e-01 8.346280845917349867e-01 8.372941288577859797e-01 8.356030948321245821e-01 8.421854116313800542e-01 8.355145538497484869e-01 8.304201242748551204e-01 8.274005092918184090e-01 8.275831017820658442e-01
1.160776827564393397e-02 9.582752299725341705e-02 2.082550699708993758e-01 4.039689240455912045e-01 4.196235621653037762e-01 4.196480194995381163e-01 6.471935436401751174e-01 6.346301032227683603e-01 6.804589338706894530e-01 6.295605136146881220e-01 6.467377179837069390e-01 7.293398290896052627e-01 1.000000000000000000e+00 6.839242635991328312e-01 7.949796378874867120e-01 7.804520128909360199e-01 7.129102405684650812e-01 5.857812674044020618e-01 6.880662405824615746e-01 5.634969159560061502e-01 6.039616362390684001e-01 6.829330313221214643e-01 7.255363100722730385e-01 6.740595556211991246e-01 6.588480075641238720e-01 7.631593462570193109e-01 7.613752285784393115e-01 7.597473127346553445e-01 7.289515384915780105e-01 7.408330268845380040e-01 7.943934473946523411e-01 7.760968332220963273e-01 7.433962837955389036e-01 7.621023862566872475e-01 7.524384153042881218e-01 7.564544855711795579e-01 7.829713585931293851e-01 7.747929168866922733e-01 7.901344315798445317e-01 7.429090474224990803e-01 8.098062041943481226e-01 7.937082675066382542e-01 7.721234220885238031e-01 8.094214927311451646e-01 8.111016560580855961e-01 7.982803839548657798e-01 8.164729940675475861e-01 8.167842191873505575e-01 8.108685812801130766e-01 7.880912980337489993e-01 7.924591282614074084e-01 7.850532886486827344e-01 7.897879291272708047e-01 8.040998415985575187e-01 7.998840288948856347e-01 8.018827880608095926e-01 7.821048580074735357e-01 8.064591548727646497e-01 7.949206870509880618e-01 8.177156616698345593e-01 8.090108449395189139e-01 8.043050629452898059e-01 7.908725287512117230e-01 8.037677500537314668e-01 7.979542546517585100e-01 7.952863197509002502e-01 8.164633928390410134e-01 8.057740161775615029e-01 8.104112546545476636e-01 8.078547232175364856e-01 7.853495898298459288e-01 8.076110360258740295e-01 7.998615451013431077e-01 7.977817745825147577e-01 8.176799715107700983e-01 8.166992954488677681e-01 8.130261796963449417e-01 8.054198736836520878e-01 8.092923163139873477e-01 8.065193557281311598e-01 8.121190128232123051e-01 8.172582134895824968e-01 8.145996495202008081e-01 8.081758567348384936e-01 8.117115558057939051e-01 8.143851318656395444e-01 8.166099500323872329e-01 8.141731170198492906e-01 8.180426538297461692e-01 8.124152765327274928e-01 8.141962685464456673e-01 8.209292865528711181e-01 8.233170420401402234e-01 8.237683094201004863e-01 8.209926086721079930e-01 8.210595782014034061e-01 8.073198978907835111e-01 7.948742578245280299e-01 8.104562755845536870e-01 8.172342941499990410e-01 8.218300842358829961e-01 8.099538772246215323e-01 8.161704209816715849e-01 8.233239533642167096e-01 8.171722977784523501e-01 8.029657464691632995e-01 8.145314364643564398e-01 8.220448686384361769e-01 8.158883919819435171e-01 8.152795234941220270e-01 8.120998818926220553e-01 8.214089930445360732e-01 8.126211847295259361e-01 8.134935186659529860e-01 8.097658048746049220e-01 8.093193588832754415e-01
