1.000000000000000000e+00 1.082296932239785875e-01 8.949870745735857835e-02 1.044781092291207913e-01 8.745438381554723750e-02 -3.741884121754655151e-02 2.619735360178594014e-02 7.931111451732600348e-02 1.489837198474671387e-01 5.238257015706705017e-02 1.514933788335823435e-02 2.982197945629273123e-02 4.240006333972216185e-02 -3.919215843547627781e-03 1.126002631008042598e-02 4.784876935020036803e-02 1.110802516223407116e-01 9.487079934996316133e-02 4.711542398928971614e-02 8.942957892251582330e-02 1.588778358603863128e-01 6.991233338640551187e-02 2.971914373195870540e-02 8.332608248670499151e-02 5.585325879066035948e-02 6.540521773166016462e-02 3.726465636831815392e-02 -6.910682926597059086e-03 4.339433018022410132e-02 2.056259106857322508e-02 2.257085144229784013e-02 2.516991260916432230e-02 -5.008974210339875097e-03 3.263584799483429475e-03 3.238840620217419558e-02 -4.155430163723369819e-03 -1.836300281177796062e-02 2.260801054512730050e-03 1.894303726261485805e-03 -4.994823623141509544e-02 1.557604292128663727e-02 9.494773535453021954e-04 7.297250003273252246e-03 1.117609067041430357e-02 3.215491976572554169e-03 -4.839187430266885491e-03 1.402440909706836013e-02 1.770241683090338983e-02 1.633083197314651874e-02 3.546405704151143340e-02 3.037011912096783395e-02 7.348901536764348812e-03 3.136730468522825471e-02 3.319995767222616578e-02 3.582023404364136770e-02 -1.319871880176399885e-02 7.127559598677392361e-02 1.418237051414419220e-02 3.484131959368155784e-02 4.685457644443700997e-02 3.920772937751355186e-02 4.044618879538500189e-02 4.139716408861735669e-02 4.639918904073851019e-02 4.190647460397235041e-02 6.041825097539259976e-02 2.072798227258723994e-02 1.815326770201071416e-02 1.793959165294859923e-02 2.856655002876216931e-02 3.660772441941258226e-02 1.954317694558263888e-02 2.674941880318703821e-02 2.475974164766576655e-02 2.114414046197567870e-02 1.986847281903528217e-02 4.181821587856436769e-03 2.065790140459942276e-02 1.540303170379237439e-02 2.980577678122147550e-02 8.564338136081425107e-03 1.137603869198640198e-02 1.806495638300363235e-02 1.781709684843913247e-02 -4.727943803091621926e-03 3.889636734894389401e-03 -5.951658015390970044e-03 3.369001241357492960e-03 4.220266184543705265e-03 -4.868246167051263782e-04 -2.774728274497121130e-02 -9.662279333630279833e-04 2.757555868432647918e-03 -1.027949136312012682e-03 2.349614560581075786e-03 8.513116940795182469e-03 1.431673761000705480e-02 6.763594766916217194e-02 1.151297984012807779e-02 1.681366727573794725e-02 2.931216407474630803e-03 1.785693212267746438e-02 2.255869845042427976e-02 1.227619154133960735e-02 1.824340286456957450e-02 4.010140141533162506e-02 3.621302187251289328e-02 1.659673577592805926e-02 1.334062703200855453e-02 1.859480639650440761e-02 9.540444808090822043e-03 2.176770891078831302e-02 1.168761119412739871e-02 3.491514128665230976e-02 2.542861019778262788e-02 4.308948791491405694e-02
1.082296932239785875e-01 1.000000000000000000e+00 1.282785206628320185e-01 1.984793655433574888e-01 1.476778959434277283e-01 9.934427335897215439e-02 2.020082641822562031e-01 1.893559695903127005e-01 1.847672288375162841e-01 1.957126922212111819e-01 1.603263060014248342e-01 1.778541630785620831e-01 1.664929065085143101e-01 1.161293381430056060e-01 1.703259169539765860e-01 1.891576908941514923e-01 1.858148865821390161e-01 1.963415096682183392e-01 1.913134527423930586e-01 1.552798174027096856e-01 2.069677482837574967e-01 2.103438642183903806e-01 2.001648226101418460e-01 2.095951188230916473e-01 2.123249704090028889e-01 1.994689301616149046e-01 1.716503449382569269e-01 1.831575445089629606e-01 1.976776541003029963e-01 1.665958619737969992e-01 1.742623406134558295e-01 1.905361841460009587e-01 1.729752292540253367e-01 1.882224433272461639e-01 1.662017587753906733e-01 1.736451319840024987e-01 1.508760277957987006e-01 1.751451479374116493e-01 1.743181560868958258e-01 1.725244665518046172e-01 1.762346723687280847e-01 1.725948879164429794e-01 1.853853520584378689e-01 1.793470783302353044e-01 1.818867550838795533e-01 1.772808413510068015e-01 1.666351594991661300e-01 1.696473660498059033e-01 1.674875032316915646e-01 1.648442304504086631e-01 1.766160732741859085e-01 1.632726643559028190e-01 1.781557068302359326e-01 1.805442829171264030e-01 1.779049784845836146e-01 1.750567728699525538e-01 1.871766826698126607e-01 1.750213110379970072e-01 1.803243964606772443e-01 1.774646167038237687e-01 1.765384887370386735e-01 1.822614192972269176e-01 1.745072692105514855e-01 1.704449682397894128e-01 1.767000602511086260e-01 1.796623097685548509e-01 1.672958386086341454e-01 1.774653572020366277e-01 1.822701677675672982e-01 1.730261347415732176e-01 1.817697255171438486e-01 1.801629499664787470e-01 1.961399165513085519e-01 1.910132883163515871e-01 1.770718600964796274e-01 1.780201313441464039e-01 1.800388939294181312e-01 1.826257512154970397e-01 1.867311925691697017e-01 1.833923925122536991e-01 1.778601292402451350e-01 1.686204528144793213e-01 1.862807865508682714e-01 1.833357451147142880e-01 1.702462028527375604e-01 1.813039792890097923e-01 1.728060853622369053e-01 1.771382508525725652e-01 1.759481660149175564e-01 1.843665417356851188e-01 1.701567110419965889e-01 1.730042786566692026e-01 1.737198869072238971e-01 1.720649857183150222e-01 1.660196333515103206e-01 1.697844551548168546e-01 1.706078310975283618e-01 1.727020522410285808e-01 1.699369925051358587e-01 1.721511437263908706e-01 1.732899251197288215e-01 1.724047706905298127e-01 1.724808428287942230e-01 1.684203651622067088e-01 1.691769694538096391e-01 1.787610662612620083e-01 1.692735843569952159e-01 1.694407009823381272e-01 1.773610589024139927e-01 1.706667429722734386e-01 1.760098129007811318e-01 1.678392133513908202e-01 1.696900765182743909e-01 1.695105857544564054e-01 1.693768377078024301e-01 1.717054794877430346e-01
8.949870745735857835e-02 1.282785206628320185e-01 1.000000000000000000e+00 3.606102885716462314e-01 2.095272844926284739e-01 2.054373005216169334e-01 3.720673976253090487e-01 3.379690904097674142e-01 3.711764767517496399e-01 3.421674471601209300e-01 3.762053758156777561e-01 3.987604693901481423e-01 3.326801255122695533e-01 3.123672765305444132e-01 3.875435192158304676e-01 3.835694681962962260e-01 3.638101646322079996e-01 3.431066787588407663e-01 3.823234636531409047e-01 3.347421241056258157e-01 3.564947688544621851e-01 3.934941329629565443e-01 3.904498488981010262e-01 3.490641227205023567e-01 3.788393952774994355e-01 4.094329231422355053e-01 4.052138352388698905e-01 4.061659498286507852e-01 3.930839576173522087e-01 4.059507809251656218e-01 4.135073218740069056e-01 4.092836978870754150e-01 4.036650144883662805e-01 4.096534205366659798e-01 4.063876453803129674e-01 4.117584239377933830e-01 4.040297552422960070e-01 4.060965292153964068e-01 4.130353966599100146e-01 3.909818878933264408e-01 3.919567722323787362e-01 3.974783635408438709e-01 4.052646441477968375e-01 4.017998035394675926e-01 3.994257689199098293e-01 4.031549538707458469e-01 3.898648066204661311e-01 3.879728115783783737e-01 3.929931712335805738e-01 4.075222007065431029e-01 4.084116074457688206e-01 4.077994130796424033e-01 3.968585656073264634e-01 3.913193385968359861e-01 3.944412036181847991e-01 3.932281070511741139e-01 4.111510194258790052e-01 3.873082001706317778e-01 3.974308772985536420e-01 3.972087180068207268e-01 4.001546672464538212e-01 3.935963132885627602e-01 4.007509473042120129e-01 3.959447018214083402e-01 3.978632018397033066e-01 4.049190305008404933e-01 3.917848932476630242e-01 3.933641310250493572e-01 3.996275984470304410e-01 3.993426364458286248e-01 3.919167445004068107e-01 3.959108917386963133e-01 3.858320120133604259e-01 3.961123658290878202e-01 4.007468242899404620e-01 4.056540581173090909e-01 4.000156389106568344e-01 4.024801975154540523e-01 4.018726223983715151e-01 4.072342530127686100e-01 4.088046942291461705e-01 4.019349929875006278e-01 4.044097227177941289e-01 4.129443354513107622e-01 4.060717054810339399e-01 4.076331622458667092e-01 4.033744127406548308e-01 4.003469401337830247e-01 4.033199680473008031e-01 3.953139507717269852e-01 3.979703311798618581e-01 3.975351187485709481e-01 3.984565014838409858e-01 3.989413881934493200e-01 3.880160620368973690e-01 3.884638488214127716e-01 3.993714320785164973e-01 4.047970776717539909e-01 3.940696580909437974e-01 4.001331786763987486e-01 3.980411816736838526e-01 3.971191631298564007e-01 3.958144165072490228e-01 3.945904209759265036e-01 4.028935143105247807e-01 3.979129460479540192e-01 3.948791782219375768e-01 3.901770819787617195e-01 3.943766223891470579e-01 3.912737430337309141e-01 3.920734913577824665e-01 3.907931595537113001e-01 3.894004283602147676e-01 3.974160417159361969e-01 3.948261389471631189e-01 3.960496742899347056e-01
1.044781092291207913e-01 1.984793655433574888e-01 3.606102885716462314e-01 1.000000000000000000e+00 3.923268795850987645e-01 3.639369888859758095e-01 5.822003237397341824e-01 5.645026883764622250e-01 5.995328040069720643e-01 5.619810792595734128e-01 5.970323990006235482e-01 6.492829528900115887e-01 5.764952687070432624e-01 4.948817038319570649e-01 6.370900482071916171e-01 6.372205183499968228e-01 6.092386892041710134e-01 5.541105145055210679e-01 6.275049019694112218e-01 5.298235579114709548e-01 5.573112160643282076e-01 6.439079961632299121e-01 6.495300980667132462e-01 5.618299694955034562e-01 6.224282995702093979e-01 6.673791088448504105e-01 6.574310998527224115e-01 6.547394188668126391e-01 6.290123095948138010e-01 6.441029606586996525e-01 6.552185847921783157e-01 6.577334243184436158e-01 6.346895084484293070e-01 6.471800139185541756e-01 6.300738610917132609e-01 6.560706109071986480e-01 6.494271379086218321e-01 6.627838950192622702e-01 6.592423356935687151e-01 6.493253786549814111e-01 6.533238425026028917e-01 6.526607982888545934e-01 6.543581670994670363e-01 6.597158597886227938e-01 6.655568782059487765e-01 6.518958378116940233e-01 6.406154147197011817e-01 6.391948594861207589e-01 6.437127089222615117e-01 6.428240102098229380e-01 6.558324867378039214e-01 6.477689913141601030e-01 6.483904729958768209e-01 6.433984792223763627e-01 6.459824781243700409e-01 6.528414354750244897e-01 6.587377989962717173e-01 6.427988811334948149e-01 6.470217242017821668e-01 6.480189304002879069e-01 6.519128179613082885e-01 6.452976540808345041e-01 6.456237315743219574e-01 6.450285396286467021e-01 6.482402460344236506e-01 6.569926866456485826e-01 6.428525933086658428e-01 6.405913706300058186e-01 6.575785828623003093e-01 6.523508788820759907e-01 6.393702281576946200e-01 6.485226291744743410e-01 6.375746470696770363e-01 6.481373018697503818e-01 6.550938249171992522e-01 6.553440910919460238e-01 6.553045975630844566e-01 6.449647429713637470e-01 6.541203901399594844e-01 6.421706461686090828e-01 6.536438465128896480e-01 6.524438476406864140e-01 6.654391780225220598e-01 6.573020043197399520e-01 6.561512207859655499e-01 6.580429444455093702e-01 6.620983809875821136e-01 6.553704528000836582e-01 6.571827257701108316e-01 6.568166489858683343e-01 6.559701507016986177e-01 6.481865503284025554e-01 6.554478484276562433e-01 6.505415635268670949e-01 6.406318211593816647e-01 6.395008458384080496e-01 6.589938969623833076e-01 6.530433009258502786e-01 6.487014298147626423e-01 6.555844855427165330e-01 6.551835200541473725e-01 6.528116981910495609e-01 6.498355843790162290e-01 6.454779829923726897e-01 6.545652715679248779e-01 6.530972296389142562e-01 6.462227191108468327e-01 6.436157008873758523e-01 6.498302593643842107e-01 6.435476158001107727e-01 6.453755819666667781e-01 6.424245251178989369e-01 6.438697912577902027e-01 6.495050885278614849e-01 6.467139762244871193e-01 6.466772443996809949e-01
8.745438381554723750e-02 1.476778959434277283e-01 2.095272844926284739e-01 3.923268795850987645e-01 1.000000000000000000e+00 2.658184644843573641e-01 4.793344284326173099e-01 4.489118069299056213e-01 4.697220966269545772e-01 4.234400675007330417e-01 4.588953424165249095e-01 4.788805005860448105e-01 4.616182743155666790e-01 4.116634331474966491e-01 5.014328662423486183e-01 5.003259692782801027e-01 4.671653906891147789e-01 4.037472155411265251e-01 4.697902792720518583e-01 3.690494712879420214e-01 4.327970072622231434e-01 4.861065071006335780e-01 4.640288285593016648e-01 4.071527989182304186e-01 4.697434510232380567e-01 5.027018389161685974e-01 4.929834286233832352e-01 4.883473079261823058e-01 4.768189830122864792e-01 4.798555048656894528e-01 4.961603371832975506e-01 4.966261122163929120e-01 4.624473691789687813e-01 4.708014831268568789e-01 4.622809632377790634e-01 4.819208137416955418e-01 4.758413085389232022e-01 5.011556974282709298e-01 4.946961554442126374e-01 4.836219411578438487e-01 4.943118502113481583e-01 5.014725559257626752e-01 5.006557318282257585e-01 5.015314376425917819e-01 5.025507475721039397e-01 4.958315872812654179e-01 4.877182016608347936e-01 4.903274281562779446e-01 4.933532353943801962e-01 4.981655598372894955e-01 5.007142233340755588e-01 4.893342350383216854e-01 4.975829084423120108e-01 4.913384427768775486e-01 4.864562290928356458e-01 4.896690929643325862e-01 4.974316168695218088e-01 4.858442611625194418e-01 4.895980338492673112e-01 4.940985624128728104e-01 4.933198469255828389e-01 4.853589264281655824e-01 4.876425488598328251e-01 4.921290702512594040e-01 4.953006947461449649e-01 4.934493292382787777e-01 4.869020508376670220e-01 4.853340700611455949e-01 4.928927965122060773e-01 4.863936364285871838e-01 4.917814579842971767e-01 4.923093308883961239e-01 4.723226918258800477e-01 4.875912584557032803e-01 4.979190340892275524e-01 4.980403997767258728e-01 4.973471857808821062e-01 4.895679859644428977e-01 4.951168058661064020e-01 4.818517395718157625e-01 4.897270358216458397e-01 4.923310864639673379e-01 4.983977988558982442e-01 4.921106368549885701e-01 4.996376539732890754e-01 4.916503799546260711e-01 4.949026626986844368e-01 4.999773429371351385e-01 4.945653444889415717e-01 4.986140040684493568e-01 4.953206681944922196e-01 4.953829682736934914e-01 4.974136153458647569e-01 4.914680501459869344e-01 4.893238475317178704e-01 4.893517441292748460e-01 4.944494579035186854e-01 4.990068338080894117e-01 4.952010901142919197e-01 5.014456096670240060e-01 4.976071306438891728e-01 4.949982347422769990e-01 4.979277417171792397e-01 4.939052262620767242e-01 4.967556679963668897e-01 4.907553315060510513e-01 4.929991816330364651e-01 4.911410869419013947e-01 4.946642468245183166e-01 4.929039453772163792e-01 4.899931138129065000e-01 4.908809937302559545e-01 4.865872760560341348e-01 4.943345845232046121e-01 4.953135331980795253e-01 4.923425450566528694e-01
-3.741884121754655151e-02 9.934427335897215439e-02 2.054373005216169334e-01 3.639369888859758095e-01 2.658184644843573641e-01 1.000000000000000000e+00 5.101133779490187869e-01 4.680423397609387304e-01 4.953037693365355820e-01 4.725018798859151881e-01 5.352528892967673979e-01 5.501908879135570807e-01 5.040328958981983298e-01 4.787984237807560439e-01 5.729868693627149234e-01 5.647181588510755690e-01 5.050306324738360608e-01 4.638412109156208607e-01 5.310187439675522203e-01 4.023478514015592644e-01 4.386508914737710652e-01 5.402338907024292203e-01 5.066763818465058744e-01 4.539818880304948290e-01 5.373828825161118816e-01 5.472058562603481224e-01 5.486470664370322048e-01 5.488059045947980552e-01 5.474813102061893977e-01 5.112371710201274455e-01 5.689601878695849102e-01 5.715414205017090854e-01 5.053769200707474152e-01 5.482625515335030064e-01 5.073004510747823881e-01 5.356675015975309595e-01 5.237100634721513215e-01 5.767957343395474501e-01 5.707563303193355919e-01 5.464229164824154772e-01 5.797116668289963304e-01 5.819673012264164891e-01 5.751224341740794888e-01 5.888103111993228111e-01 5.757599738834914271e-01 5.832817548341326930e-01 5.888289584196774173e-01 5.921457040079708412e-01 5.891862248740367125e-01 5.615832860128173731e-01 5.783557503801504129e-01 5.564042736172829517e-01 5.801294611426962566e-01 5.875805982911619374e-01 5.846640977431535324e-01 5.847887620329129676e-01 5.696544373455763033e-01 5.920910043034818271e-01 5.822844425944144753e-01 5.863183805482347077e-01 5.859348392231632507e-01 5.867264063284357567e-01 5.813870390694957369e-01 5.796000933918040721e-01 5.837591605231869929e-01 5.811583379775477898e-01 5.929024617023280763e-01 5.905325719533047746e-01 5.901041136143744259e-01 5.756392109426968773e-01 5.807037678390827296e-01 5.934214320858507419e-01 5.710051876297714823e-01 5.847834612193760773e-01 5.907241657174997496e-01 5.877655518735273033e-01 5.895976022392567240e-01 5.838612452898160887e-01 5.858697634729976844e-01 5.678555411512160589e-01 5.824170953631457870e-01 5.927646317836406942e-01 5.834983990879697435e-01 5.726976042720373083e-01 5.834455958377283702e-01 5.850297105258567276e-01 5.837435182926570265e-01 5.921252042795576154e-01 5.844612867856682215e-01 5.877483817726925075e-01 5.767134860233659177e-01 5.944046720766645864e-01 5.888819716007805960e-01 5.933930551775635776e-01 5.943679918711426424e-01 5.958952286797651876e-01 5.707713838023421582e-01 5.663566561941584254e-01 5.846340857396546964e-01 5.861112845618157152e-01 5.905633665650324993e-01 5.881413844591983908e-01 5.897465420377887568e-01 5.920051052867861818e-01 5.870785014567860838e-01 5.785972752618168125e-01 5.844117841227600696e-01 5.941243646376802579e-01 5.931011769049401305e-01 5.908449141849760888e-01 5.901872842616870951e-01 5.925052957000042086e-01 5.939853392619763861e-01 5.874777791705346752e-01 5.912739717479954527e-01 5.855251979413363950e-01
2.619735360178594014e-02 2.020082641822562031e-01 3.720673976253090487e-01 5.822003237397341824e-01 4.793344284326173099e-01 5.101133779490187869e-01 1.000000000000000000e+00 7.187089778018712627e-01 7.312205123670897366e-01 6.851230112525458216e-01 7.569080907331207086e-01 8.015178900690795860e-01 7.203088777878772220e-01 6.586500193849937901e-01 8.406734811346376901e-01 8.104341602677419543e-01 7.319952436614352020e-01 6.707779027661958660e-01 7.666583868184417838e-01 6.324775044807025015e-01 6.935298412322542516e-01 8.047697306471548462e-01 7.669045750889655899e-01 6.647047028850011641e-01 7.739882499048982289e-01 8.194231691681485019e-01 8.185059241758888549e-01 8.308617949037130357e-01 7.879038514588703190e-01 8.003900441369441454e-01 8.400669231694131156e-01 8.094330216107512577e-01 7.755516405472232533e-01 7.884918126849708164e-01 7.679596361090488266e-01 7.853061119296466108e-01 8.076698276693781153e-01 8.373384511541344111e-01 8.300646071584082408e-01 8.083865168004700230e-01 8.224862929705877290e-01 8.332061469093682282e-01 8.330597695401690261e-01 8.382124867458679018e-01 8.221815963233363167e-01 8.376091289733733625e-01 8.116750978007890582e-01 8.088078776213100118e-01 8.119558506658370867e-01 8.127583444833986759e-01 8.311525117382415617e-01 8.068366094742703831e-01 8.211637094161730044e-01 8.094947445686304643e-01 8.120172655679761542e-01 8.182879755656029541e-01 8.089678464961505000e-01 8.088076901042600131e-01 8.177637859732811432e-01 8.138684138681089308e-01 8.186417223659818720e-01 8.106130527755078807e-01 8.100652082977016777e-01 8.150756481911767271e-01 8.100881134716735321e-01 8.070524318833538491e-01 8.079578651892621588e-01 8.094239217813380405e-01 8.160013573161123412e-01 8.166269687019021006e-01 8.141166704574296364e-01 8.207881270808490282e-01 7.885112601052549630e-01 8.130427013298594519e-01 8.296756296474594450e-01 8.288165722881750686e-01 8.323846934869226777e-01 8.134845378047231845e-01 8.279523748902881675e-01 8.122857539707161179e-01 8.259732611686172454e-01 8.253100926302177065e-01 8.168901983307201853e-01 8.221760174846715064e-01 8.198973164180531903e-01 8.187548114109486352e-01 8.254023061127170324e-01 8.285336867056294352e-01 8.226451881899189411e-01 8.256307102962200384e-01 8.249849068049409651e-01 8.273301883349727381e-01 8.226269855423526955e-01 8.296506374140216744e-01 8.114152999327909344e-01 8.108796825236225247e-01 8.101172542355961070e-01 8.026634521128237498e-01 8.152423616991940625e-01 8.224729760432837322e-01 8.241994941732521118e-01 8.158062856993842926e-01 8.147983963981176858e-01 8.196716101321260828e-01 8.152622176202388715e-01 7.999358504924903857e-01 8.071977440809037230e-01 8.135346125594759004e-01 8.196779009468633248e-01 8.148347454970232828e-01 8.135722782233504313e-01 8.098699963115172373e-01 8.093065121122910988e-01 8.138619931526708262e-01 8.107587363638042444e-01 8.052892467331167481e-01
7.931111451732600348e-02 1.893559695903127005e-01 3.379690904097674142e-01 5.645026883764622250e-01 4.489118069299056213e-01 4.680423397609387304e-01 7.187089778018712627e-01 1.000000000000000000e+00 7.308304117896172736e-01 6.563655181229244295e-01 7.240388513656613734e-01 7.758489462663271663e-01 6.969382787407528701e-01 6.276975971654884523e-01 7.903860521842297482e-01 7.938872210282502673e-01 7.228515700768790575e-01 6.560185252720416305e-01 7.385507542196713127e-01 6.161569653247058742e-01 6.806995778108236861e-01 7.606997124109197150e-01 7.219538870230058913e-01 6.511993523022728825e-01 7.262646888556448799e-01 7.871545823334852310e-01 7.703081338880592988e-01 7.634130610487728230e-01 7.412919346221716888e-01 7.540509198382221445e-01 7.851413559851365687e-01 7.775118143381999358e-01 7.269175309015687425e-01 7.507677854278470564e-01 7.236456165611133695e-01 7.533245599341664711e-01 7.470221368895372249e-01 7.967442548166511207e-01 7.864425588993252392e-01 7.620610170848742815e-01 7.901998973445235608e-01 7.949468884224945020e-01 7.963742916204376021e-01 7.981889742450981595e-01 7.855096107859192989e-01 7.948160642171773205e-01 7.863351797679136723e-01 7.796295094669163372e-01 7.884513033204951782e-01 7.828283523066921212e-01 8.005919179954215092e-01 7.719133510019733357e-01 7.934347761174478375e-01 7.836317897244139408e-01 7.857009046931642260e-01 7.865283690243903836e-01 7.914939811700351102e-01 7.889429792757240989e-01 7.923995264327624577e-01 7.913374465435827343e-01 7.958812946575259950e-01 7.834875021228550063e-01 7.861214847908705172e-01 7.889302189054132608e-01 7.892097497809947848e-01 7.887971061113719928e-01 7.852579662628883517e-01 7.830089319319032404e-01 7.879040554316423250e-01 7.843510938379364417e-01 7.844442217230461756e-01 7.899456303396500401e-01 7.665580642639088227e-01 7.820271278917283464e-01 7.963580797819718171e-01 7.892052288972666307e-01 7.890891294922044441e-01 7.749163192356316454e-01 7.905290730071150573e-01 7.674558987015622780e-01 7.850975280139151913e-01 7.905538041668724869e-01 7.912004944453937538e-01 7.786454802726459068e-01 7.906613806402248423e-01 7.865286745683962577e-01 7.867364951882468427e-01 7.981007935111630314e-01 7.927279767640112995e-01 7.989062625797995754e-01 7.834504444476714236e-01 7.941775206587571301e-01 7.918788185761980181e-01 7.929319114123895007e-01 7.845931027922300460e-01 7.850911477112946235e-01 7.979987863478700261e-01 7.945937236934604853e-01 7.934062128914692869e-01 7.994973469899031571e-01 7.975943718540333682e-01 7.983295710284143976e-01 7.929989745325290995e-01 7.956151830864957031e-01 7.929353286551811264e-01 7.913554293496301018e-01 7.908876680897642952e-01 7.891181867811029038e-01 7.957953903089384218e-01 7.925227354127827306e-01 7.933797876747679112e-01 7.891861979728760357e-01 7.895723885504402073e-01 7.950828668566831681e-01 7.867621506225742634e-01 7.860052452460268846e-01
1.489837198474671387e-01 1.847672288375162841e-01 3.711764767517496399e-01 5.995328040069720643e-01 4.697220966269545772e-01 4.953037693365355820e-01 7.312205123670897366e-01 7.308304117896172736e-01 1.000000000000000000e+00 7.363741169334523384e-01 7.973459883791702563e-01 8.426467116946453340e-01 7.646722222799955393e-01 6.989700772433367071e-01 8.510458315687614572e-01 8.501392129803790887e-01 8.086643591798667874e-01 7.410176750709315252e-01 8.111589491156734333e-01 6.716434864024952711e-01 7.664884604216634090e-01 8.421576056607114058e-01 7.642737266035724009e-01 7.118434943829761163e-01 7.979311138458944352e-01 8.464250457865813981e-01 8.286363379181307387e-01 7.967852542773059543e-01 8.060396372409077692e-01 7.858132607404268999e-01 8.526048864165269858e-01 8.485605136411764615e-01 7.590940683401851130e-01 7.961813507686705815e-01 7.829022720776347422e-01 7.890205517859812945e-01 7.799510093916974807e-01 8.480707994144650597e-01 8.451366905046654443e-01 7.773953367041872564e-01 8.526911402770612769e-01 8.488410599649872657e-01 8.505389158221380308e-01 8.628767977178141146e-01 8.338569852167286856e-01 8.485402491293224658e-01 8.668273137331199418e-01 8.713958450257704991e-01 8.710546627432539379e-01 8.479933405147782599e-01 8.744866793304491015e-01 8.265807895760907131e-01 8.610216181869478902e-01 8.775802478625196468e-01 8.776827684978243393e-01 8.424323097876564859e-01 8.870263429129298105e-01 8.654735961266639688e-01 8.777632187056368940e-01 8.856866925196436036e-01 8.784234554610339529e-01 8.809360310780406378e-01 8.779108117782280507e-01 8.778241114694441682e-01 8.758490352400347678e-01 8.852462129129123891e-01 8.687541175480080202e-01 8.671849355629352996e-01 8.660521582716507183e-01 8.637071459303046206e-01 8.705632148920782187e-01 8.702701282303818564e-01 8.415379225729224810e-01 8.593418137582609084e-01 8.706411678081180661e-01 8.689574508930878460e-01 8.583221562780375402e-01 8.571388086019089414e-01 8.640812135227371460e-01 8.622912919846691393e-01 8.641769008890504145e-01 8.690097242086758378e-01 8.581982017818209352e-01 8.584100359247228695e-01 8.498029265407558430e-01 8.534372854439816747e-01 8.486292170698691573e-01 8.616805014412663999e-01 8.621066300143532812e-01 8.543838680978251832e-01 8.298859281911440400e-01 8.621916476273420171e-01 8.595890041094682577e-01 8.624523292759517235e-01 8.635952634833001795e-01 8.676536862804327122e-01 8.480418813137874379e-01 8.770402968142743116e-01 8.621030659990522871e-01 8.676537884247773613e-01 8.600973569809079455e-01 8.667777474728241005e-01 8.710749073815242660e-01 8.687725527168108641e-01 8.656724979672784093e-01 8.656584207945939857e-01 8.752961402172119154e-01 8.708887567578615929e-01 8.685291546786841899e-01 8.706316397669674467e-01 8.633731562700003304e-01 8.732677970774347376e-01 8.666840571728240405e-01 8.766711648555642888e-01 8.720504531439651208e-01 8.786741737438983346e-01
5.238257015706705017e-02 1.957126922212111819e-01 3.421674471601209300e-01 5.619810792595734128e-01 4.234400675007330417e-01 4.725018798859151881e-01 6.851230112525458216e-01 6.563655181229244295e-01 7.363741169334523384e-01 1.000000000000000000e+00 7.325124776677685023e-01 7.716156544569776621e-01 7.073398614398187512e-01 6.373503530104258630e-01 7.795405414314020565e-01 7.784363987699121079e-01 7.218907727869356972e-01 6.822786730077393669e-01 7.593412189186220518e-01 6.085140271852065297e-01 6.807824528146971810e-01 7.747220719889971186e-01 7.209983440024955170e-01 6.774632233507624779e-01 7.529656516933812549e-01 7.792088372096451776e-01 7.679179157515164666e-01 7.482666711938933402e-01 7.604553208082293070e-01 7.178393526976932781e-01 7.787656559120870181e-01 7.849229652386859879e-01 7.020462289296663938e-01 7.523756086860203807e-01 7.067777168166025081e-01 7.411799526253461945e-01 7.233219881534684870e-01 7.893625860666442229e-01 7.824223243669696792e-01 7.533311330070733280e-01 7.909968752061320441e-01 7.919396188139964377e-01 7.894076574379079725e-01 8.015403630210714558e-01 7.864394376458408997e-01 7.918976280386513800e-01 8.005582691134789375e-01 8.099937371003984588e-01 7.999079389519008210e-01 7.680494678415943355e-01 7.958405828589975028e-01 7.665403264159387220e-01 7.947341854086228397e-01 8.078761631943801591e-01 8.050605717574845777e-01 7.896214316254760446e-01 8.011797608150034167e-01 8.011951540002344441e-01 8.075877954379162560e-01 8.062296560657650213e-01 8.058413820618102186e-01 8.093600426087664834e-01 8.049939505749506008e-01 7.951284647538187089e-01 7.992980688363908737e-01 8.018003113039418039e-01 7.992330456929200855e-01 8.042261819776718168e-01 8.054234403623647953e-01 7.986672597430390930e-01 8.021283014625895103e-01 8.055623059065282199e-01 7.937580426040553583e-01 8.048345994846682894e-01 8.040695756199199851e-01 8.021091828489312903e-01 8.010915933842548409e-01 7.988331364892671260e-01 8.077408845658820002e-01 7.895779081765468277e-01 7.951851977293840079e-01 7.999738233846372948e-01 7.997981612385265393e-01 7.911071355199411625e-01 7.930939528132289196e-01 7.988109696307348351e-01 7.917792710290137981e-01 8.043730712183999598e-01 8.019790980654428747e-01 8.046633428145344435e-01 7.820468629574381936e-01 8.011845608767562688e-01 8.024202559507458421e-01 8.018818510717533599e-01 7.993813049472144883e-01 8.030253950876837798e-01 7.886247471400112952e-01 7.886698279802627498e-01 7.970615422541564854e-01 8.002368741758896231e-01 8.004974837085688799e-01 8.021884552396774115e-01 8.031470283714703395e-01 8.027699190378769778e-01 7.991497211590000704e-01 7.973257598701171123e-01 8.011361143394488682e-01 8.024295065513483705e-01 8.066239226225784265e-01 8.030337077347519115e-01 8.052329516012914912e-01 8.029905582157401689e-01 8.016022822397707026e-01 7.994421896012038342e-01 7.989871484705826088e-01 7.987165431377480918e-01
1.514933788335823435e-02 1.603263060014248342e-01 3.762053758156777561e-01 5.970323990006235482e-01 4.588953424165249095e-01 5.352528892967673979e-01 7.569080907331207086e-01 7.240388513656613734e-01 7.973459883791702563e-01 7.325124776677685023e-01 1.000000000000000000e+00 8.680783032690635448e-01 7.651250147103436650e-01 7.361896526311478839e-01 8.739978852683099042e-01 8.542233532914020877e-01 7.952658653131738919e-01 7.226324625573959937e-01 8.213521021552799839e-01 6.609643624503022119e-01 7.108274855209565368e-01 8.380222357851822013e-01 7.898290944732676566e-01 7.028542554995563796e-01 8.036053002907369569e-01 8.625758514709581659e-01 8.512112050342491854e-01 8.427269568031305891e-01 8.218173831517058270e-01 8.231447666411141340e-01 8.862178487913822122e-01 8.775935559451299994e-01 8.116898790204547520e-01 8.432474327170828010e-01 8.140730157980660131e-01 8.373917963980678225e-01 8.354828942321563812e-01 8.827935064284213595e-01 8.855545695901217984e-01 8.416934389206377487e-01 8.865758606973898059e-01 8.905981609231612417e-01 8.807114713018306951e-01 8.960306747941931826e-01 8.861895512659581087e-01 8.849477302459888284e-01 8.976653627247992429e-01 8.980978297152588663e-01 8.965399955349232508e-01 8.719526807765649590e-01 8.943161842441668119e-01 8.641987111444928704e-01 8.890347031305445569e-01 8.937763143905502750e-01 8.884215075540523587e-01 8.871675051475382823e-01 8.856799466134851473e-01 8.922872831410237904e-01 8.914780151914578621e-01 8.966166295857272983e-01 8.990036187317885785e-01 8.912373746265138674e-01 8.908102250804258437e-01 8.935333065314188250e-01 8.933589741738020562e-01 8.932327405963192968e-01 8.994780166073628180e-01 8.953871499529852951e-01 8.999748263492404199e-01 8.907885064029650302e-01 8.918727479785030221e-01 8.985661462904764862e-01 8.651371348771931258e-01 8.837910062382965393e-01 9.033046002125773022e-01 8.993521867028030359e-01 8.970471335477144814e-01 8.846741955037961125e-01 8.948752636821343254e-01 8.848429909265422832e-01 8.968569970661933732e-01 9.025649973730524023e-01 8.947950017431856029e-01 8.917645559456307547e-01 8.946313086043025109e-01 8.956249721141652520e-01 8.970459397228749410e-01 9.021861384988699717e-01 9.021374172196455765e-01 8.957992841985260579e-01 8.899711950719186859e-01 9.032759221233804814e-01 9.009172927764340644e-01 9.026319839937919642e-01 9.020121059255343798e-01 9.017097755770644429e-01 8.892540423984500730e-01 8.879687698783292893e-01 9.000085756931979208e-01 9.028619096510748232e-01 9.003347707743248884e-01 9.005703895589914909e-01 8.982859418023558806e-01 9.027086501753488479e-01 9.007177948980735760e-01 8.912686134947886973e-01 8.994812841454978836e-01 9.017015851914125246e-01 9.017105154831619451e-01 9.022325116431908487e-01 8.988747375325423228e-01 9.019834306902618781e-01 9.002726439519687096e-01 9.013249724542914398e-01 9.001709187619422181e-01 8.964702875785276470e-01
2.982197945629273123e-02 1.778541630785620831e-01 3.987604693901481423e-01 6.492829528900115887e-01 4.788805005860448105e-01 5.501908879135570807e-01 8.015178900690795860e-01 7.758489462663271663e-01 8.426467116946453340e-01 7.716156544569776621e-01 8.680783032690635448e-01 1.000000000000000000e+00 8.118140848837672729e-01 7.701264679350998676e-01 9.175699893483049152e-01 9.018753919340498637e-01 8.415541981425994633e-01 7.594398857397479663e-01 8.611461100391807344e-01 7.088743435749451649e-01 7.514857995570165539e-01 8.864140565602984800e-01 8.440132068961436751e-01 7.478701111688532688e-01 8.509961389788788244e-01 9.085217291355314195e-01 8.967706661948174895e-01 8.963477085297592017e-01 8.726662435217745761e-01 8.649608545701705786e-01 9.306666983261661086e-01 9.214611331960510521e-01 8.605372301884928188e-01 8.890263875103070479e-01 8.558846482856363735e-01 8.864310247595781345e-01 8.849332660680645501e-01 9.286763393717915038e-01 9.273339558813552541e-01 8.963792518647570873e-01 9.303981508043939197e-01 9.340810678958308966e-01 9.283427867116770260e-01 9.378473028790408339e-01 9.266532237170334030e-01 9.309874291280717529e-01 9.359036976819679055e-01 9.354495329595158282e-01 9.364604498466120308e-01 9.146619919556512324e-01 9.365742936993641798e-01 9.108867289057996919e-01 9.292231613639678756e-01 9.326934856381672301e-01 9.280154076327524759e-01 9.340543345019812760e-01 9.317725522264939109e-01 9.308627025379457853e-01 9.331430826742239670e-01 9.370278533390494768e-01 9.370901498268571217e-01 9.317874061323635493e-01 9.313933323692555888e-01 9.344037746094805419e-01 9.349728141045601237e-01 9.337704539507447610e-01 9.374736167251808139e-01 9.334940048821424030e-01 9.407568096856102624e-01 9.333055519971032998e-01 9.270027825996354220e-01 9.398226456104950000e-01 9.103330311684260101e-01 9.270499363249619096e-01 9.437769394357273800e-01 9.419859377283614776e-01 9.413292594402895563e-01 9.294187606262431789e-01 9.374021556639626773e-01 9.209658822707891268e-01 9.357214600986671904e-01 9.422313944228942750e-01 9.421912530383288464e-01 9.321653348842081632e-01 9.389290483597430015e-01 9.397496804250641267e-01 9.400748172178691187e-01 9.439530851665367539e-01 9.425437489247966427e-01 9.391628924677550838e-01 9.343970369918661589e-01 9.434127111568245683e-01 9.435706383007327336e-01 9.434730738497338898e-01 9.399433412135628219e-01 9.394918716458606767e-01 9.328491825932535564e-01 9.297839921807870001e-01 9.403028124762240481e-01 9.431935429562623430e-01 9.428840292238782617e-01 9.414740645103397698e-01 9.407003670447846577e-01 9.423226256544522395e-01 9.412128370856881476e-01 9.336077886693332495e-01 9.390651318589152696e-01 9.388126131192299217e-01 9.425275211063192105e-01 9.410074766171174776e-01 9.395432736017854669e-01 9.397153385450991436e-01 9.384099780468725394e-01 9.401171684455595923e-01 9.381860608666798829e-01 9.369154779219807105e-01
4.240006333972216185e-02 1.664929065085143101e-01 3.326801255122695533e-01 5.764952687070432624e-01 4.616182743155666790e-01 5.040328958981983298e-01 7.203088777878772220e-01 6.969382787407528701e-01 7.646722222799955393e-01 7.073398614398187512e-01 7.651250147103436650e-01 8.118140848837672729e-01 1.000000000000000000e+00 6.850485124224109379e-01 8.306786722813364054e-01 8.216091894203627621e-01 7.524962522273930254e-01 6.863656844475813923e-01 7.746433089417186224e-01 6.288758255573335676e-01 6.849611683981017274e-01 8.037500190958939417e-01 7.505806464440930581e-01 6.691399271258017256e-01 7.723970760258136448e-01 8.165419456690099498e-01 8.090247236747627468e-01 8.032644410896685461e-01 7.866464276184246263e-01 7.771344059046340069e-01 8.296024284267283777e-01 8.177793849972261331e-01 7.561026708269709129e-01 7.854524557733739698e-01 7.640113731924726981e-01 7.841564184731882881e-01 7.840337932229293205e-01 8.283053068523952289e-01 8.288839880749954148e-01 7.983205123225700639e-01 8.357542468079747211e-01 8.373714520916040183e-01 8.370151188536283371e-01 8.475049115503479058e-01 8.292556130810901927e-01 8.307484175207320298e-01 8.388191196201432165e-01 8.409885441292728192e-01 8.401777903914160461e-01 8.189841322752475783e-01 8.418099055614691739e-01 8.235411054459513824e-01 8.419154012197567205e-01 8.405056895108468096e-01 8.413768152665352940e-01 8.351692548019452600e-01 8.397456834910395074e-01 8.377479669600291778e-01 8.380806286536822691e-01 8.452380435598750852e-01 8.470982999724697704e-01 8.411175647541363487e-01 8.400794074178400406e-01 8.417003424725258975e-01 8.424324884942047120e-01 8.407490890066778855e-01 8.409573666313251428e-01 8.413544909269643490e-01 8.403005619544025029e-01 8.348409062231986200e-01 8.378837314142487669e-01 8.451585477934679957e-01 8.159492773993270998e-01 8.361525975996784155e-01 8.456285218044795604e-01 8.453057748889422074e-01 8.450326527586524694e-01 8.358025032504537988e-01 8.396085989413467621e-01 8.269971335963185455e-01 8.375739700222794015e-01 8.451072820187197632e-01 8.390079442318562064e-01 8.343026487203349939e-01 8.399492034918721872e-01 8.371316567845888956e-01 8.394888845981853809e-01 8.466807727344971557e-01 8.453737402582016669e-01 8.428689775024608144e-01 8.310749546261044785e-01 8.466264333433565215e-01 8.444277015471072234e-01 8.471599690382413117e-01 8.446586686141935862e-01 8.434237689682476669e-01 8.370008063816072319e-01 8.389956414657268047e-01 8.451758509688871435e-01 8.475192880589542677e-01 8.488962896823243343e-01 8.477518266693222504e-01 8.464287343425699328e-01 8.508493558117281585e-01 8.464210466823400836e-01 8.381556433218674274e-01 8.449192783596921608e-01 8.442638218313279763e-01 8.473990587395912044e-01 8.456792374123827116e-01 8.432437344578326277e-01 8.452101343374567310e-01 8.439259852988383326e-01 8.468339779902682718e-01 8.420389399810149778e-01 8.445229016161860391e-01
