1.000000000000000000e+00 1.620774096328388425e-01 8.284203998511747991e-02 5.758307279722771344e-02 3.393741340853315830e-02 -3.797450423222877708e-02 3.650443936307740805e-02 4.861000370825064448e-02 1.588160106593417276e-01 7.952368072230145413e-02 2.195883239902448117e-02 1.035545702083133859e-02 4.218237008223187784e-02 -2.297154115966524614e-03 1.657911790287540247e-03 3.003214807606225875e-02 8.463808282160568963e-02 7.159545373907082177e-02 5.302983620395532172e-02 8.182789939953126479e-02 6.415045340722960732e-02 4.425973156389931273e-02 2.368774939141696928e-02 3.911359671066780980e-02 6.714179147251582436e-02 6.896870548962988345e-02 8.324513225704580077e-02 3.660642272074424164e-02 4.357340648098614183e-02 7.707476230805759831e-02 5.289445514507185725e-02 3.267335048120034030e-02 1.334763975754891478e-03 -6.522045677462752315e-03 2.869829478852879007e-02 1.116446793262807456e-02 4.421111008868729847e-02 2.180552778177480451e-03 2.303553924880655853e-03 -2.501894997889158104e-02 2.157125462569269361e-02 -1.035239946127644410e-03 -1.035653454930356675e-02 1.940243088079402975e-02 2.530484836049273420e-02 5.192750279784309753e-03 1.787133035083914717e-02 1.953560513442297031e-02 3.097581791267332157e-02 2.622557366131561887e-02 2.644734366950071691e-02 8.628348569890954833e-03 3.061091168038686597e-02 3.116145971922224325e-02 3.454778300451459561e-02 1.679800749919486968e-02 4.868106253603064065e-02 5.369593724116458397e-03 1.740967816177232952e-02 3.989926861204513148e-02 2.333329528675253534e-02 2.401208480945675114e-02 1.167488558726747540e-02 3.136714100830327590e-02 4.517141490820845984e-02 4.463367775058527803e-02 2.588140560897092199e-02 2.211776951350162557e-02 2.641720813081809699e-02 3.011029596495288022e-02 1.651756113057640044e-02 2.684668037102767163e-02 8.047037883071006883e-03 2.751576304410787224e-02 2.663789558114237205e-02 2.759806416643218602e-02 1.465271488556186066e-02 2.190165343150401664e-02 2.369288342722333449e-02 3.158418424541833969e-02 3.090651131824370332e-02 1.772892654489705011e-02 3.141010019197591069e-02 1.514367472810351084e-02 4.461190605747591270e-03 5.323381706361015112e-03 9.874868944849042943e-03 6.995425991408335195e-03 4.432202642301746182e-03 1.880657583882411679e-02 -4.567596633370303192e-04 4.695969663946548273e-03 4.738042259646926824e-03 3.066602705460670978e-04 8.838763240663143408e-03 9.355458045388049745e-03 5.906771114823308744e-03 4.524984831437550009e-02 1.835875694806586925e-02 2.294855565411006715e-02 7.516144908481934206e-04 8.370977449410964971e-03 1.576234352016779583e-02 9.952857276975158804e-03 9.327984466776930578e-03 2.188564105756599792e-02 2.759258489817101312e-02 9.950129879557076742e-03 1.110593881576940611e-02 1.676954625886136960e-02 3.191221345293013961e-03 2.198170277968035033e-02 1.413820091989430490e-02 1.834786096951583970e-02 2.948083440270093253e-02 3.087533426054827473e-02
1.620774096328388425e-01 1.000000000000000000e+00 8.143969976982293191e-02 1.258431329225541961e-01 9.134190094081642841e-02 9.684303013769672563e-02 1.874653394742760992e-01 1.359177641620751553e-01 1.991949635856197776e-01 2.240045429871982685e-01 1.767449377351954509e-01 1.506808863150297662e-01 1.381155507944713534e-01 1.022176081706943490e-01 1.569502981580224166e-01 1.478342409387329026e-01 1.850920509153146931e-01 1.767232550816390801e-01 1.732402588703925994e-01 1.251807969843943547e-01 1.393920004328961237e-01 1.545493824105801661e-01 1.770928167963930211e-01 1.480969614266749723e-01 1.799380662354723437e-01 2.157652920293959276e-01 2.132538638458346125e-01 2.150108124570779267e-01 2.087726140490420712e-01 2.028743718201488355e-01 2.093463933359868134e-01 1.858498038749842873e-01 1.926339660676688881e-01 1.558149947009173364e-01 1.858235450784886111e-01 1.489387691349427223e-01 1.925043049536231399e-01 1.693475741737825724e-01 1.578585085077705008e-01 1.780018807588350793e-01 1.777079972210421077e-01 1.770074720276257618e-01 1.578224738705236163e-01 1.684512554257677763e-01 1.854505107913062556e-01 1.745557620332568449e-01 1.666839255733514880e-01 1.721474552716742434e-01 1.690806159792596630e-01 1.573660621297314488e-01 1.683249018115110796e-01 1.303649919298586479e-01 1.583709621703418002e-01 1.753776944888398859e-01 1.868294988378304267e-01 1.881351165067680631e-01 1.740384743019870450e-01 1.620292326606775357e-01 1.746294065174166521e-01 1.708963007417032831e-01 1.627297610817376727e-01 1.687080963039647719e-01 1.610313411406953110e-01 1.605730730416055629e-01 1.610368990839027292e-01 1.655637310448637434e-01 1.678036508716128916e-01 1.653883329659118773e-01 1.684469732215826965e-01 1.582734333126633586e-01 1.576952707228713446e-01 1.712878338926751010e-01 1.519276655894510053e-01 1.671292181467309845e-01 1.788238822694898089e-01 1.759304735071136605e-01 1.842136474948496694e-01 1.832955673183711276e-01 1.836941681098236689e-01 1.792575479450591036e-01 1.751886242900882740e-01 1.711886893826629341e-01 1.795764511222814053e-01 1.771760358477641184e-01 1.514907205090159636e-01 1.571713245293138717e-01 1.683361198462218766e-01 1.619437489739565250e-01 1.596373497199826963e-01 1.808961080191572313e-01 1.675802747526333458e-01 1.618449708018830924e-01 1.613925430838398789e-01 1.624679636370358615e-01 1.559003099473562082e-01 1.618905127826409385e-01 1.501945628315128345e-01 1.643484403697401675e-01 1.617576177320990405e-01 1.567744524263048334e-01 1.528228381272208614e-01 1.581392217193957062e-01 1.533842621966021724e-01 1.571866006508188529e-01 1.502832516924597628e-01 1.677805808847166735e-01 1.631221130962379195e-01 1.664616772980512804e-01 1.694757840528805792e-01 1.648055597775547054e-01 1.633006338697368942e-01 1.640642060560274229e-01 1.647567366670800171e-01 1.585289769709152252e-01 1.589674330712435302e-01 1.615485842057932386e-01
8.284203998511747991e-02 8.143969976982293191e-02 1.000000000000000000e+00 3.164946981630642475e-01 2.236693156834643759e-01 2.344595485233497978e-01 3.482073641853219437e-01 3.362394765985876610e-01 3.661783100707082239e-01 3.226264535286370583e-01 3.504576085999244195e-01 3.583749374127604415e-01 3.371174481356430386e-01 2.775034220843615174e-01 3.616179668374702172e-01 3.633496730627335802e-01 3.519348087829622385e-01 3.487100423383072134e-01 3.510157144423228792e-01 2.861857866066014333e-01 3.440426943913142965e-01 3.477090528939988934e-01 3.505842823265742370e-01 3.396952972914467628e-01 3.527835472852041132e-01 3.868521591953787975e-01 3.988324194221215535e-01 3.742366628867976330e-01 3.672673540082606602e-01 3.787266382405788945e-01 3.787425276455487766e-01 3.874948470083028895e-01 3.604934334945843477e-01 3.716977718078378623e-01 3.652618000278092802e-01 3.670650396612682997e-01 3.635428226224912129e-01 3.709951454626911338e-01 3.685793698766192117e-01 3.710716826507808874e-01 3.765768600938811383e-01 3.675718633886382869e-01 3.681939325917636952e-01 3.793791437654603360e-01 3.835462770819535461e-01 3.703769403169084873e-01 3.710081675585064631e-01 3.660438152021465164e-01 3.681104618409550833e-01 3.755597738880032677e-01 3.808832314868192404e-01 3.641022916155119415e-01 3.725133714227513160e-01 3.679280655416610202e-01 3.758197218997002542e-01 3.852263648507825988e-01 3.741756053282838668e-01 3.635578257524787471e-01 3.671140932116501165e-01 3.659267423003574882e-01 3.729168125961374036e-01 3.633862851823416174e-01 3.706362393935364041e-01 3.662052968076051629e-01 3.673344752972680372e-01 3.731847877441364925e-01 3.701188507666878236e-01 3.738645466074632107e-01 3.791516298929052398e-01 3.747347182077295225e-01 3.739051532908477804e-01 3.755943566878956474e-01 3.764558527795110465e-01 3.771621722059339543e-01 3.800765516118986831e-01 3.734353554255441243e-01 3.788514970787655867e-01 3.780543621148530486e-01 3.765807193834758149e-01 3.733196805047379052e-01 3.854649938253296715e-01 3.792159457878606088e-01 3.855162315037481968e-01 3.787027941950483201e-01 3.786970880561371100e-01 3.817427186795084859e-01 3.734465136491694759e-01 3.791553891823007394e-01 3.720506082309997797e-01 3.844274101439570379e-01 3.821634277319472806e-01 3.732452368496366191e-01 3.753733170281687292e-01 3.701502166890729972e-01 3.665934759211302296e-01 3.669507244193166984e-01 3.797869676522831472e-01 3.773727863024428641e-01 3.761910424480861548e-01 3.828514955465454617e-01 3.731236231407205617e-01 3.729389590881223571e-01 3.706754400286910167e-01 3.722508893500912630e-01 3.746930050025820136e-01 3.757792805598744179e-01 3.714048804417125482e-01 3.677866850069946847e-01 3.790232249512974771e-01 3.701652146899752638e-01 3.760298779406778813e-01 3.673266660667254269e-01 3.678250465753499232e-01 3.700939490700151935e-01 3.679448297052127503e-01 3.670729952615931491e-01
5.758307279722771344e-02 1.258431329225541961e-01 3.164946981630642475e-01 1.000000000000000000e+00 3.302874883186778243e-01 3.812074609706969097e-01 5.479163554553447835e-01 5.401777544071003634e-01 5.239006838572345393e-01 5.165387425208479710e-01 5.721587075500643715e-01 6.225659450384035676e-01 5.536914971611728298e-01 4.437052207990175856e-01 5.977612178860701730e-01 6.164956208975909124e-01 5.400559977456146354e-01 5.215522638221887775e-01 5.460828074231324214e-01 4.698909441227883677e-01 5.477201404727768397e-01 5.931677310348486554e-01 5.204601053917073950e-01 4.916868625136264215e-01 5.463153063173075141e-01 5.702632357119439277e-01 5.748919426879103289e-01 5.282938120767284307e-01 5.291741932000796345e-01 5.500141966264722182e-01 5.654793458948900176e-01 6.016587751654575156e-01 5.188080828896114438e-01 5.643303986876854195e-01 5.443333567306957166e-01 5.726880588641944936e-01 5.473174223339341005e-01 5.849815467833161531e-01 5.806970688343811027e-01 5.751532168046891158e-01 5.947857731634770273e-01 5.904197834144409018e-01 5.957852424944252157e-01 5.914096069470563544e-01 5.944190471091224115e-01 5.822529542881251796e-01 5.936454976817178153e-01 5.912310102691309410e-01 6.014830011291136813e-01 6.005098796213876877e-01 6.027119613726156233e-01 5.957008592662671465e-01 6.044602268246808130e-01 5.788533736873919811e-01 5.756736564964554104e-01 5.898086340813818440e-01 6.036386162315258153e-01 5.916093097924007838e-01 5.841965636787489480e-01 5.897330671694444026e-01 6.043170924190357507e-01 5.843856475126346650e-01 5.966813273762697767e-01 5.947383340678976671e-01 5.874056399137324025e-01 6.012839308929476267e-01 5.917904225078559621e-01 5.886330902397027831e-01 5.940234274168606499e-01 6.065690006051154270e-01 6.187063167423624277e-01 6.053396027977945293e-01 5.869971595019456423e-01 6.048744950199532733e-01 5.989406502848146907e-01 5.884962276419479776e-01 5.913556986217457512e-01 5.927670932662233438e-01 5.880342327148505577e-01 5.818211085611427746e-01 5.909550952108917343e-01 5.908526074844745457e-01 6.068640751388391097e-01 5.836229013621798689e-01 6.004026822364073590e-01 5.945884689591570682e-01 5.907538298245120778e-01 6.016314614111920589e-01 5.963012918797756523e-01 6.012534856817677298e-01 5.987226667910582334e-01 6.011157285634300962e-01 6.003186375265070485e-01 5.974727783751049293e-01 5.971836202475587774e-01 5.918027808286356883e-01 6.149605667378116314e-01 6.132111646424274198e-01 6.086994851082393465e-01 6.052341565067070883e-01 6.058525237542151665e-01 6.086445282929231482e-01 6.018301352312023234e-01 6.010522345661307719e-01 6.055395780330599109e-01 6.098664713233692414e-01 6.059038222286878828e-01 5.877210188115963296e-01 5.983902453279177358e-01 5.965978270096199410e-01 6.042574338056081462e-01 5.973900720214455617e-01 6.011604945575276249e-01 6.039315582594785292e-01 5.965728508125737184e-01 6.036599402298555850e-01
3.393741340853315830e-02 9.134190094081642841e-02 2.236693156834643759e-01 3.302874883186778243e-01 1.000000000000000000e+00 3.249249255925596436e-01 4.777010404026974522e-01 4.661407141386064157e-01 4.490267873317769221e-01 4.222832123328307263e-01 4.541994052438902418e-01 4.936380624581395704e-01 4.912351659905845325e-01 3.525882243600890198e-01 4.978489773822687980e-01 4.951487069167318511e-01 4.417790025561241229e-01 4.616881657403820727e-01 4.637778052233700876e-01 3.607390867091899711e-01 4.781492410614394672e-01 4.635546502951318204e-01 4.512405552273417442e-01 4.285649961130280627e-01 4.450155860443220646e-01 4.964669346743598166e-01 4.763050398100207028e-01 4.455380513227593653e-01 4.395146042326633085e-01 4.677429268482817815e-01 4.798207085933033356e-01 4.890411758410946885e-01 4.257840384787532906e-01 4.544554179367129576e-01 4.476938354833190914e-01 4.620681313074407881e-01 4.688311108770987223e-01 4.749900864444117077e-01 4.798059123465326925e-01 4.581357631567741784e-01 4.924259570568871869e-01 4.884237698791330518e-01 4.899913967798254499e-01 4.964602145016937529e-01 4.932105552578675001e-01 4.836775817302643721e-01 4.881253444615575865e-01 4.899384179988504062e-01 4.919642091011772189e-01 4.875285823994520706e-01 4.906948145753640134e-01 5.066958662786231748e-01 5.031007883412451642e-01 4.848347028773005163e-01 4.813970587548253577e-01 4.923911076791886443e-01 4.871301577098939850e-01 4.886059079974169883e-01 4.738038631340109053e-01 4.970415126221209845e-01 5.049264948177468737e-01 4.841259276603371853e-01 4.805510061703043845e-01 4.940190906393766013e-01 4.915381244150592299e-01 5.044064975239348492e-01 4.950388877240312069e-01 5.017051078051772972e-01 4.963122315153563613e-01 5.022231956827423183e-01 5.091643086003017071e-01 4.995353369948120070e-01 4.934491663527960092e-01 5.024995114870763890e-01 5.045881981097539715e-01 4.933531752888851707e-01 4.939614877093110312e-01 4.915319459746454456e-01 4.937407662838775302e-01 4.905629050748738784e-01 4.993817641499423976e-01 4.919317684698517046e-01 4.930485378792188733e-01 4.837839129702799501e-01 4.932605700352009626e-01 4.913131990789660897e-01 4.912922057530721975e-01 4.985424850253290519e-01 4.951704071961929299e-01 4.982768593880233521e-01 4.951578573273751060e-01 5.012512522148163674e-01 4.963175194354160213e-01 4.957654701310187373e-01 4.962107009934446644e-01 4.917961507509416852e-01 5.038824392964547094e-01 5.003367014219718412e-01 5.010946577261178314e-01 4.989536382961927696e-01 5.037933896875051998e-01 4.960397044560865831e-01 5.039519423785856489e-01 5.024338470103120180e-01 5.078205533171792352e-01 4.929760087486900755e-01 4.980029764544758319e-01 4.949778783086783429e-01 4.988377580887546348e-01 4.984002227373617866e-01 4.919986032871955239e-01 4.993595136422059877e-01 4.927034704590725900e-01 4.986495585305957823e-01 4.988158011377904488e-01 5.022743019679810628e-01
-3.797450423222877708e-02 9.684303013769672563e-02 2.344595485233497978e-01 3.812074609706969097e-01 3.249249255925596436e-01 1.000000000000000000e+00 5.293356800370212500e-01 4.686206459311775818e-01 5.063424874996693692e-01 4.704141841912185540e-01 5.321658111279126135e-01 5.691610977205382449e-01 5.202666707029921511e-01 4.547144528147197273e-01 5.626667310280517587e-01 5.603823976286936848e-01 5.167216668905538768e-01 4.847497106787247434e-01 5.147747090465276676e-01 3.570028167862256963e-01 4.650317779528763129e-01 5.083609081874602698e-01 5.052022197928947023e-01 4.486105833616773064e-01 4.944037272368468350e-01 5.531503615445586552e-01 5.535746954779889872e-01 5.340926650378980955e-01 5.251223442164684174e-01 5.393920854247498120e-01 5.662827653401574235e-01 5.640538504586449786e-01 5.100243608435486298e-01 5.221511130466386374e-01 5.258992755200301294e-01 5.435992909844499232e-01 5.500529234590509908e-01 5.562559529820445547e-01 5.581281716412698213e-01 5.519727998436688710e-01 5.863450696818957031e-01 5.782706953118080806e-01 5.693989797191573166e-01 5.814648274261803307e-01 5.794392268861737749e-01 5.707683776710297252e-01 5.786461216854885681e-01 5.808567823203991676e-01 5.787652418934986498e-01 5.593168286210132845e-01 5.655306982383495606e-01 5.592000324209176476e-01 5.788431999997996069e-01 5.680106224861533049e-01 5.598822281268194256e-01 5.758886573402506315e-01 5.649922685127681810e-01 5.779044087079860947e-01 5.685328666671181086e-01 5.753166623277009561e-01 5.771733036125205052e-01 5.730381517499079091e-01 5.684325295630144881e-01 5.743430432565583832e-01 5.674778638025869126e-01 5.763549243849814818e-01 5.803743997590394832e-01 5.784871949850699524e-01 5.752123932892518887e-01 5.610653661136084658e-01 5.748677237720107858e-01 5.819179951388959715e-01 5.648166079215151125e-01 5.762642440335665750e-01 5.854245405104796518e-01 5.867838673217483647e-01 5.853641181286788342e-01 5.845802516291127571e-01 5.821260994194864535e-01 5.780405356215659873e-01 5.790411692699463098e-01 5.829981137948182512e-01 5.800255250356568526e-01 5.741305010704941258e-01 5.756482773473807768e-01 5.777450968729531677e-01 5.821791482641827109e-01 5.830732371597736607e-01 5.810411531514657613e-01 5.813889608505887763e-01 5.866548857073998757e-01 5.874083815483072124e-01 5.879746457316706865e-01 5.875542641350797179e-01 5.837055579686094564e-01 5.842344337502447527e-01 5.763349434025651918e-01 5.695402147738442000e-01 5.802829122179601340e-01 5.781912297607222362e-01 5.846550402661622181e-01 5.794845935062199471e-01 5.852884786354585200e-01 5.844689105612994595e-01 5.842253592409032414e-01 5.724789909738237093e-01 5.795446846549645592e-01 5.796998311170780127e-01 5.857222851529271246e-01 5.835047485057095473e-01 5.810720225410441753e-01 5.820586548218108502e-01 5.788714289757458387e-01 5.807827782540562200e-01 5.791867380698246803e-01 5.782388301939569430e-01
3.650443936307740805e-02 1.874653394742760992e-01 3.482073641853219437e-01 5.479163554553447835e-01 4.777010404026974522e-01 5.293356800370212500e-01 1.000000000000000000e+00 6.918199193276243220e-01 7.061148173702438413e-01 6.657575533175760230e-01 7.371836749271544198e-01 7.754613518281250339e-01 7.001872711686074613e-01 6.028303604038760533e-01 8.229400610696243623e-01 7.816349953966891251e-01 7.118898052452017344e-01 7.034996460950871944e-01 7.303877133943326161e-01 5.167474937398216506e-01 6.829572720105954176e-01 7.355284648924829138e-01 7.491788759145860954e-01 6.561788896556366435e-01 7.223020452148322113e-01 7.965519159785845460e-01 7.793768388994517515e-01 7.782138352610240561e-01 7.637700601126196087e-01 7.872799857277439362e-01 8.097004386076199767e-01 8.001452612728817693e-01 7.564326379542704037e-01 7.631164118517469452e-01 7.579527760843333128e-01 7.683039552058494870e-01 7.841409785924414733e-01 8.057853910478440795e-01 8.056331197016206591e-01 8.010377344302701541e-01 8.014131287999212150e-01 8.151207374840682141e-01 8.107117934589360697e-01 8.085326574166789015e-01 8.188013323879235195e-01 8.221184683514196623e-01 7.908213206065598522e-01 7.924302336001766145e-01 7.864390611605187598e-01 7.811373503308772781e-01 7.953568397029893156e-01 7.688383187508437411e-01 7.927795349994776197e-01 7.840945097536192732e-01 7.901136784946847236e-01 8.201560153126590258e-01 7.862411947590493000e-01 7.942143569085012844e-01 7.937977565299688676e-01 7.820581403825119793e-01 7.991245192699114597e-01 7.856497760982158463e-01 7.915432477388072430e-01 7.839618259896313779e-01 7.710418356127254347e-01 7.868135729971609260e-01 7.936126171851104472e-01 7.997287865223533521e-01 8.046731430398993412e-01 7.825944526540729029e-01 7.993692981289505228e-01 8.073815677447274686e-01 7.875006292774614503e-01 8.016790956119275169e-01 8.082004100180305572e-01 8.055008888706143289e-01 8.084646955780731004e-01 8.106751538986637362e-01 8.086837122055874350e-01 7.988441713421693402e-01 8.098617171123794201e-01 8.070002476352777787e-01 8.118963402499806969e-01 8.023691120571486701e-01 8.002192000940698824e-01 8.012885030305670897e-01 8.086975411818242421e-01 8.135434195442311500e-01 8.119526995803750813e-01 8.203275818909969708e-01 8.160097043626413083e-01 8.092621751893323001e-01 8.074766216291396903e-01 8.148711020799268567e-01 7.941036881730950681e-01 7.950677508991355058e-01 8.009420308998236315e-01 7.841856974447656281e-01 8.004404412009852310e-01 7.984621051282622117e-01 8.081459226100330406e-01 8.023644894475283618e-01 7.958713916684863054e-01 8.019342289731929974e-01 8.000565871826901265e-01 7.947244022587072187e-01 7.916812701088749016e-01 7.966343791761346660e-01 8.088967077761601843e-01 7.985919229246775108e-01 8.079984445142430749e-01 7.904525391996550798e-01 7.970215949419580115e-01 7.934285882422795755e-01 7.882251649909446378e-01 7.895738318654240695e-01
4.861000370825064448e-02 1.359177641620751553e-01 3.362394765985876610e-01 5.401777544071003634e-01 4.661407141386064157e-01 4.686206459311775818e-01 6.918199193276243220e-01 1.000000000000000000e+00 6.704223265485544925e-01 6.321060384429224577e-01 6.969061748790424948e-01 7.501003084208742733e-01 7.017109510750698664e-01 5.626459134053449773e-01 7.528948512952218231e-01 7.852861351288241698e-01 6.731701656895521246e-01 6.487365729190589514e-01 6.805460499828561716e-01 4.805642683218248612e-01 6.572270881451640623e-01 6.939407253856603175e-01 6.913312350012734697e-01 6.011873577300451688e-01 6.704187829092548290e-01 7.352616006604353327e-01 7.242078305194219467e-01 6.834816691746339323e-01 6.839658206038330412e-01 7.245107444313527711e-01 7.453525149836329744e-01 7.397867337336737625e-01 6.692048571470589069e-01 6.945385245050863521e-01 7.045528817428092783e-01 7.176553057542154335e-01 7.243297706412019643e-01 7.480968416466937665e-01 7.480038630951912904e-01 7.199592588452453645e-01 7.458571008528495083e-01 7.493707851917079665e-01 7.607299073645911180e-01 7.652559954203279613e-01 7.591307740503805412e-01 7.575928322339362531e-01 7.504942887156591524e-01 7.551771424075391925e-01 7.591761407275759987e-01 7.350730235507234589e-01 7.596410872852601415e-01 7.172657537889964852e-01 7.472301779406644862e-01 7.487958042228480826e-01 7.495182911482903831e-01 7.628328830251639436e-01 7.571247154903644194e-01 7.622348664691409592e-01 7.557416549942270745e-01 7.526129055997629047e-01 7.707288944936477870e-01 7.580065834642198963e-01 7.619192800862567561e-01 7.598133760821159655e-01 7.485131558650673922e-01 7.546921539305327942e-01 7.567766926691799068e-01 7.601169289307521115e-01 7.570714578998810618e-01 7.458994354484831391e-01 7.638419580680499976e-01 7.665551928890618205e-01 7.364264703555309932e-01 7.528316205443287279e-01 7.577505612193516926e-01 7.546197897581187197e-01 7.446802372607079779e-01 7.514997405610754910e-01 7.510047653812607082e-01 7.544592964755769682e-01 7.620483242821834979e-01 7.593758313490540646e-01 7.719720387735906630e-01 7.518117269899455835e-01 7.606115042201766485e-01 7.545286743904848770e-01 7.606649432253732579e-01 7.699402544918170221e-01 7.660603094330813434e-01 7.701821266238851882e-01 7.578380007081629843e-01 7.611355109658882734e-01 7.603932691306156677e-01 7.631353610770591489e-01 7.607611178909892136e-01 7.569718148059539908e-01 7.678590169954581102e-01 7.617510638948488122e-01 7.728055187027208506e-01 7.658620833163996000e-01 7.692764004187021554e-01 7.742687299101291831e-01 7.579714790657835488e-01 7.680989103761739489e-01 7.613695060127608771e-01 7.691584786810360397e-01 7.632679686704523236e-01 7.598338367445818253e-01 7.692331900356442764e-01 7.650608513945842404e-01 7.744736537497268758e-01 7.610829032171976261e-01 7.678975894935351487e-01 7.648299658946120516e-01 7.578240357356165191e-01 7.591628008357581558e-01
1.588160106593417276e-01 1.991949635856197776e-01 3.661783100707082239e-01 5.239006838572345393e-01 4.490267873317769221e-01 5.063424874996693692e-01 7.061148173702438413e-01 6.704223265485544925e-01 1.000000000000000000e+00 7.394722560061878225e-01 7.835161403892264564e-01 8.067938542099198918e-01 7.530260029059693272e-01 6.147155015524577992e-01 8.108804718190704142e-01 8.048039678964284960e-01 7.819305493401944585e-01 7.322154536873809461e-01 7.449766811057588756e-01 5.797899970861009056e-01 6.965679259801444978e-01 7.392356222938518684e-01 7.345825859516565970e-01 6.494236891659703748e-01 7.229631897136705732e-01 8.070657988185619969e-01 8.156078343743661252e-01 7.638507795932337752e-01 7.607057902455924836e-01 8.189993310760996792e-01 8.435444359782564572e-01 8.207553223853070179e-01 7.188781238506397608e-01 7.347802717574255515e-01 7.656048864758704386e-01 7.560551841463539757e-01 8.055037307357220122e-01 8.031602444156705767e-01 7.945683001530657874e-01 7.489875820392817296e-01 8.343325038828482976e-01 8.147648283699993055e-01 7.924203899284743002e-01 8.413919121319506367e-01 8.321639033122424367e-01 8.251003153482024954e-01 8.459690776828427961e-01 8.565218816281138237e-01 8.559398692592452562e-01 8.082311751839633684e-01 8.249869483895293509e-01 7.944364442427156447e-01 8.375108109727990024e-01 8.549675788197559356e-01 8.458822094054774254e-01 8.324278918053220622e-01 8.531217827625777739e-01 8.388973317384563755e-01 8.398429903048373335e-01 8.597530238518852341e-01 8.522435544396942397e-01 8.507171580650652043e-01 8.419453996415591224e-01 8.496116990491260346e-01 8.573839724162530818e-01 8.613863781665732633e-01 8.553825311466259906e-01 8.456941249611144018e-01 8.475401554457798747e-01 8.403589957689592271e-01 8.352443091496287719e-01 8.493186879468906936e-01 8.168291958208733217e-01 8.347164198613292729e-01 8.506755828075204251e-01 8.527142634077379268e-01 8.382786103245061238e-01 8.398638706115096886e-01 8.407096531280582319e-01 8.529742064065362062e-01 8.543967877254854404e-01 8.530370474698469874e-01 8.481431049377177178e-01 8.414800623887792597e-01 8.278905059942410771e-01 8.310507334210739394e-01 8.430211209315278120e-01 8.354008901384484265e-01 8.394294091256960799e-01 8.358641188193395299e-01 8.279472142004510316e-01 8.433507069175270043e-01 8.450967214047208076e-01 8.425675341901224247e-01 8.492652929347415114e-01 8.513837906532881750e-01 8.257009493288208768e-01 8.507034444273673390e-01 8.503002465014354305e-01 8.426577257456216996e-01 8.333078878206331419e-01 8.423040370891103912e-01 8.466522474054823943e-01 8.477317626319053057e-01 8.437531228503444281e-01 8.463863859348403906e-01 8.547090492386341110e-01 8.515231185011458148e-01 8.492416901828546694e-01 8.519711527085689351e-01 8.403009152198583909e-01 8.574036758107764777e-01 8.486754697489637955e-01 8.509110653971495575e-01 8.544464024796384338e-01 8.585491302961795190e-01
7.952368072230145413e-02 2.240045429871982685e-01 3.226264535286370583e-01 5.165387425208479710e-01 4.222832123328307263e-01 4.704141841912185540e-01 6.657575533175760230e-01 6.321060384429224577e-01 7.394722560061878225e-01 1.000000000000000000e+00 7.243704490727860268e-01 7.629429449095593840e-01 7.013629944213577438e-01 6.024375019705676682e-01 7.704751726215798291e-01 7.592127295276235310e-01 7.229173133793687089e-01 6.704977633447353202e-01 7.003187920945763700e-01 5.093582246765531174e-01 6.283967770834554267e-01 6.848959477881098046e-01 7.033304020379727017e-01 6.141883394659090056e-01 6.819191480129878080e-01 7.556504787436539861e-01 7.592348691879546863e-01 7.429214731546647243e-01 7.149225187603236442e-01 7.728573099681876890e-01 7.952292063530540522e-01 7.803934622884797223e-01 7.103613149720754416e-01 7.211085394638315771e-01 7.481827146017314689e-01 7.159289027149372542e-01 7.609731749745666241e-01 7.702549297501726233e-01 7.603191608704332749e-01 7.331681981988418251e-01 7.884384122989153143e-01 7.823260163571597037e-01 7.564440166784647257e-01 7.966634673941547229e-01 7.900035654673958074e-01 7.820175043736201648e-01 7.953509051068713420e-01 8.044304393311644263e-01 7.991637907460307222e-01 7.604993089914392490e-01 7.822951794168476747e-01 7.410859568812232512e-01 7.863684983381458160e-01 7.994023310517804903e-01 7.930415665891414889e-01 7.933210607094289823e-01 7.875759939075011040e-01 7.937082055646758061e-01 7.943490381857939431e-01 7.983927890715875053e-01 7.977761715737563541e-01 7.945061523391682146e-01 7.924769608545483290e-01 7.922994797661425670e-01 7.907724380866442138e-01 7.956108926067276821e-01 8.018965980618727452e-01 7.965022724780588259e-01 7.984270726271514018e-01 7.787783747568256532e-01 7.825213132398369797e-01 8.005904257769461685e-01 7.719052223100584254e-01 7.848287908049064177e-01 8.032098442610503541e-01 8.038012072257677554e-01 7.968489692444779005e-01 7.924894285931948223e-01 7.971111189781165951e-01 8.020574973356657811e-01 8.035444390804445947e-01 8.028758802412256923e-01 8.026851257259213224e-01 8.031158257232879905e-01 7.873194689518517864e-01 7.919040337478328029e-01 8.000344458601372777e-01 7.952996753448658973e-01 7.980034379374622011e-01 7.940421553148216960e-01 7.931066852837900250e-01 8.000727457533657327e-01 8.014379263085547045e-01 7.993741732009537193e-01 8.009349967160320771e-01 8.027850523688566664e-01 7.802891107826547268e-01 7.893712048668021231e-01 7.981560283680129153e-01 7.919373062882154590e-01 7.873605766272456785e-01 7.961026212838858696e-01 7.973047091500943262e-01 7.980912347565362053e-01 7.922177953181164245e-01 7.937610132076592384e-01 8.015943170233724713e-01 8.003221451663402597e-01 8.025968385046122755e-01 8.014045903118777181e-01 7.986904734244687498e-01 8.032188934629761468e-01 8.006953758211086125e-01 7.989413209310368691e-01 7.970739872812516724e-01 7.996757271114602883e-01
2.195883239902448117e-02 1.767449377351954509e-01 3.504576085999244195e-01 5.721587075500643715e-01 4.541994052438902418e-01 5.321658111279126135e-01 7.371836749271544198e-01 6.969061748790424948e-01 7.835161403892264564e-01 7.243704490727860268e-01 1.000000000000000000e+00 8.601310541916329377e-01 7.794114862505736596e-01 6.557907961370905703e-01 8.596414421701212838e-01 8.486354051790071518e-01 7.905281832067385661e-01 7.399573812285124008e-01 7.749318856542567469e-01 5.748645992047979325e-01 7.100107809591251762e-01 7.687325494172168039e-01 7.743639187801953927e-01 6.901953457141577486e-01 7.589117874671159614e-01 8.313202719404428898e-01 8.345623199642613343e-01 8.074988767543993529e-01 7.926380408385061971e-01 8.475186405628621911e-01 8.736591402305001752e-01 8.638638083488049402e-01 7.690852140105627344e-01 8.003732987721098313e-01 8.134188041281804615e-01 8.026824929061635583e-01 8.370886783641338091e-01 8.513709387318952881e-01 8.455830642297085253e-01 8.113932978198238333e-01 8.764741082691142049e-01 8.644773130495327917e-01 8.508087902248699930e-01 8.779234974041526529e-01 8.681348854976254081e-01 8.676685638940079270e-01 8.863518411788821050e-01 8.873300067757622367e-01 8.855021889030655347e-01 8.508345479606391759e-01 8.653502524851973687e-01 8.444074438345496869e-01 8.757653597798118472e-01 8.781537401242133223e-01 8.671330138884392191e-01 8.720203658076612907e-01 8.758873610920554498e-01 8.801989820889313254e-01 8.758738238880164895e-01 8.837930846449424394e-01 8.902335441354453094e-01 8.807976429140085273e-01 8.786002926548716063e-01 8.801537869348075027e-01 8.745579403988917866e-01 8.845466029941978503e-01 8.870617274916364758e-01 8.828416357156474437e-01 8.855502302095396017e-01 8.687717800001097945e-01 8.761010010137540993e-01 8.870469513076586487e-01 8.645079103808595011e-01 8.790290186125933047e-01 8.901343441114354382e-01 8.860927864885451699e-01 8.825144776806481683e-01 8.811157462829259934e-01 8.845503843660544874e-01 8.850615538621695588e-01 8.891524967729170781e-01 8.909015247846208130e-01 8.840472064831542687e-01 8.837836465194477409e-01 8.780761401574742608e-01 8.801172353107410418e-01 8.839377439087906518e-01 8.831596951320409561e-01 8.854721073117112207e-01 8.809705541438366261e-01 8.810442368221936826e-01 8.896716397101790408e-01 8.890074326352868095e-01 8.888241614452137007e-01 8.903030703102522425e-01 8.900027603801996534e-01 8.766365642551789961e-01 8.806303060130254989e-01 8.893233090830595655e-01 8.828693628400529070e-01 8.830984463328591660e-01 8.874304900387391948e-01 8.896050410778507667e-01 8.890439792664036611e-01 8.889894637353789042e-01 8.834790199275496247e-01 8.899449620336014055e-01 8.876850309542260176e-01 8.886938619866813216e-01 8.872200660629969704e-01 8.861294489796733842e-01 8.903983230308207819e-01 8.883577996711975455e-01 8.892526064502116467e-01 8.863760160424872803e-01 8.891521334535847920e-01
1.035545702083133859e-02 1.506808863150297662e-01 3.583749374127604415e-01 6.225659450384035676e-01 4.936380624581395704e-01 5.691610977205382449e-01 7.754613518281250339e-01 7.501003084208742733e-01 8.067938542099198918e-01 7.629429449095593840e-01 8.601310541916329377e-01 1.000000000000000000e+00 8.235606893208294865e-01 7.012679733480865485e-01 9.108040183480559104e-01 9.050030274035723021e-01 8.213823019648250900e-01 7.627210998539509790e-01 7.981908004832776182e-01 6.211594029461533495e-01 7.505759337522405206e-01 8.118415285275606408e-01 7.907034287901038017e-01 7.034782604238893899e-01 7.711239810016470297e-01 8.674214278662484290e-01 8.630723772557769014e-01 8.205392449694638435e-01 8.121650913289886198e-01 8.615052764285150433e-01 8.985716844236117939e-01 9.016445375484630764e-01 7.923078463014484596e-01 8.332296256504085896e-01 8.393186566265693482e-01 8.492259468747080930e-01 8.675199538873906713e-01 8.884923989197607286e-01 8.869873988859151570e-01 8.468941447808082668e-01 9.157127225217688293e-01 9.069648955582935157e-01 8.945621648151677041e-01 9.254127080641378900e-01 9.077233671108733137e-01 9.111080459827003430e-01 9.336205743746397445e-01 9.334019122041430361e-01 9.369097519550195763e-01 8.943137894130590571e-01 9.097182556852314583e-01 8.915784323302048398e-01 9.242334534335281404e-01 9.236998354308083581e-01 9.098281465974339399e-01 9.126071817518632834e-01 9.270048656059924896e-01 9.300820232573123736e-01 9.210526804116196953e-01 9.333673273883565935e-01 9.391108687063793869e-01 9.314835498623943444e-01 9.291801765111966649e-01 9.306505765451282830e-01 9.259919230545216040e-01 9.362673710149220785e-01 9.347066801273262726e-01 9.251053909771524975e-01 9.272288607007770356e-01 9.219616147809965856e-01 9.248607895155228631e-01 9.316541088836566287e-01 9.046052753431733651e-01 9.168653537786750629e-01 9.347604525236141715e-01 9.300344847772484824e-01 9.178426501708345508e-01 9.187812539217088403e-01 9.190905997681325657e-01 9.227038463204185748e-01 9.262285427709069374e-01 9.326884339410754787e-01 9.301817156893482652e-01 9.216169806990502922e-01 9.213859736275289425e-01 9.238764479934973295e-01 9.297197794940129656e-01 9.281754480977956190e-01 9.311678175515729627e-01 9.230400801025588908e-01 9.216233012707144567e-01 9.353909485272986490e-01 9.340803162854228736e-01 9.350487821670434574e-01 9.400635607671334881e-01 9.395584326946593290e-01 9.223948693353413164e-01 9.296453610036894410e-01 9.381137450068437467e-01 9.284490831509565334e-01 9.287198954715011334e-01 9.368686519071695029e-01 9.388688350439524655e-01 9.389311032442696492e-01 9.379527472968287594e-01 9.338640256886917568e-01 9.401518194198509315e-01 9.343707145120888624e-01 9.342592511377700859e-01 9.366152292358659315e-01 9.345736580064010202e-01 9.403856216055387351e-01 9.378312295625068629e-01 9.388343936887751928e-01 9.364494411499056925e-01 9.401872678464813227e-01
4.218237008223187784e-02 1.381155507944713534e-01 3.371174481356430386e-01 5.536914971611728298e-01 4.912351659905845325e-01 5.202666707029921511e-01 7.001872711686074613e-01 7.017109510750698664e-01 7.530260029059693272e-01 7.013629944213577438e-01 7.794114862505736596e-01 8.235606893208294865e-01 1.000000000000000000e+00 6.447789814274159648e-01 8.307472684539383145e-01 8.345255199328647233e-01 7.603388626345751744e-01 7.043493233400149878e-01 7.349121735426690227e-01 5.578527352863520417e-01 6.851404626415704691e-01 7.360983781437168139e-01 7.265438533183731229e-01 6.478961919103756184e-01 7.101175767502425629e-01 8.074669258566871122e-01 8.021107265926866736e-01 7.565554155392109070e-01 7.416075030066840990e-01 8.020779899990080342e-01 8.298246974147696076e-01 8.262987286687638600e-01 7.226868866812542480e-01 7.533668039925091042e-01 7.662304435787187229e-01 7.724075791030976523e-01 7.910241550829518742e-01 8.154514655820923608e-01 8.110746379490476610e-01 7.671616720435511239e-01 8.439689301771473584e-01 8.317431840341029670e-01 8.262994373426520989e-01 8.546128797265101218e-01 8.377586014596014596e-01 8.339118046386436722e-01 8.578918400043937798e-01 8.593316066218249505e-01 8.596204696427039993e-01 8.209144568561486111e-01 8.384356729460440416e-01 8.249649672360007679e-01 8.520235313745615491e-01 8.500433730516041564e-01 8.353511341516336453e-01 8.399155949731460513e-01 8.479902447179203939e-01 8.538942860702968263e-01 8.387041023435519715e-01 8.614189085478783925e-01 8.624019782912640819e-01 8.522799938383139873e-01 8.466372967922304316e-01 8.574717037080791249e-01 8.563664890282706166e-01 8.625762678220159074e-01 8.595405591535806300e-01 8.543515160039211187e-01 8.509492963249243314e-01 8.414256305117865375e-01 8.452929241133171345e-01 8.544371280626072984e-01 8.270073680202597588e-01 8.422035648489738513e-01 8.597563250535783519e-01 8.571561944319054938e-01 8.448913709765618618e-01 8.419152119985128246e-01 8.456334691205930065e-01 8.528729350642830775e-01 8.525709651393094113e-01 8.588459674787637388e-01 8.550137999013737167e-01 8.464128660991709907e-01 8.493813526615611176e-01 8.469878855124791661e-01 8.495886177503945147e-01 8.549924463302712718e-01 8.543429201642278592e-01 8.516777624264488811e-01 8.438942177065218431e-01 8.607034298406348594e-01 8.597700896378610569e-01 8.581168557254288398e-01 8.642140896566818942e-01 8.633601422777525958e-01 8.547698682735961340e-01 8.605030751588588211e-01 8.654705822651364011e-01 8.587868423359533709e-01 8.596205014668030220e-01 8.615122740164669057e-01 8.638245215448772107e-01 8.657063885327859198e-01 8.656361476978813307e-01 8.608010279254102448e-01 8.654532487107400307e-01 8.604100182811947883e-01 8.624116654924792735e-01 8.632536019832866003e-01 8.579025196022044275e-01 8.661360490325369366e-01 8.616833054814301285e-01 8.657894746537285746e-01 8.639095404138675827e-01 8.668712624125071153e-01
