1.000000000000000000e+00 2.064439333987261593e-01 2.560471443659245727e-01 3.527647523494049919e-02 8.525033613655834397e-02 7.611193754071336748e-02 5.510171704844243207e-02 2.917346522058993433e-02 1.429479180821026929e-01 4.127798802624282892e-02 7.129032549729417967e-02 1.359031556605115772e-02 1.602049057612408428e-02 -1.251019049093376849e-02 2.210068644540379851e-02 2.598758755787828126e-02 1.421729394829548687e-01 2.878007930290489291e-01 2.004376153451283282e-01 1.713081545086523882e-01 1.733073739068228258e-01 1.888512983236607101e-01 2.923067691276574065e-01 2.265199001039475968e-01 2.015722695715647106e-01 1.491702336824836383e-01 1.890016264248308431e-01 1.964388263891584385e-01 1.603596872743023871e-01 1.761886612155974252e-01 1.562181293095566692e-01 1.870378146700147348e-01 1.813130804427161846e-01 1.684222944262869781e-01 1.733628846084055986e-01 1.559652863475895768e-01 1.331935937109995360e-01 1.005014334491116101e-01 9.000513911173864401e-02 1.056535635379736437e-01 6.440903344010422138e-02 8.731718465188249845e-02 9.315396132824338427e-02 8.690635776982617855e-02 1.047621580521288231e-01 6.038728681637277329e-02 3.028825752712909283e-02 3.202263217376441484e-02 5.794411480595516861e-02 7.667855062220670093e-02 7.700783340579399339e-02 7.444951112807370042e-02 6.112621623632878698e-02 9.751802212784578539e-02 1.037850495310523175e-01 1.248926696379120682e-01 1.197449291537501098e-01 4.701658858363579052e-02 5.998126073928250479e-02 8.212212461956523712e-02 6.925031477851117945e-02 6.354604362378704629e-02 6.367731485345365372e-02 6.837506120817710142e-02 1.075791998858330878e-01 9.923565324206574945e-02 6.001644709535659122e-02 9.645474868879722052e-02 9.159012260778494341e-02 9.356578992390876537e-02 6.502095626035465925e-02 8.550104993379605001e-02 1.045126257023897415e-01 8.561579032279979795e-02 7.165978223374989964e-02 8.820706749252286982e-02 7.873143569469717717e-02 7.589129843268380138e-02 8.455680514351023025e-02 1.038780627851114413e-01 8.992767035862034297e-02 6.908766566832302836e-02 9.066291277555092731e-02 8.414776596674532205e-02 6.338814506912524016e-02 7.167359422764621457e-02 8.244726630765594755e-02 3.550070186518450993e-02 4.821565388033137445e-02 8.187864253026230776e-02 6.317772960387497971e-02 3.844359128232280320e-02 5.086713410487035680e-02 3.599731989283113526e-02 9.409691820895444911e-03 2.268497132079563827e-02 4.016456899133800246e-02 5.871469469107606920e-02 2.693571491893105227e-02 2.992099352774316851e-02 4.151608911903884036e-02 2.953389153938142456e-02 3.033398087934655041e-02 1.994526103265726463e-02 6.291898357809708187e-02 7.529753363421670675e-02 4.170167396835523094e-02 3.749991493951272681e-02 4.781239907425431646e-02 3.345269138396010644e-02 2.466147200558246530e-02 3.971554837236711960e-02 2.984405634621726047e-02 4.164444036377237812e-02 6.163721401921917059e-02 5.522712842203027911e-02
2.064439333987261593e-01 1.000000000000000000e+00 1.836752476575015947e-01 1.360710640200840926e-01 1.294102930184220790e-01 1.284329202659491576e-01 1.544329461369339795e-01 1.177491456067503300e-01 2.096963053728766457e-01 1.951969400637454388e-01 1.917527955579486909e-01 1.853729455332893961e-01 1.434619626383684676e-01 1.233164614532026998e-01 1.766300614456666196e-01 1.813158844195879860e-01 1.888257056847172932e-01 2.290831654208022872e-01 2.214722058137440219e-01 1.726928397960505179e-01 1.356285790508440225e-01 1.760634869750598575e-01 2.917125244658329564e-01 1.813715248295604543e-01 1.890535865925679071e-01 2.419052084889403986e-01 2.073362156303428794e-01 2.077356349942213187e-01 1.952841282467653317e-01 1.815044800600932040e-01 1.766837852107753792e-01 2.396260805767968793e-01 1.900606235210138828e-01 1.800585300183872584e-01 1.840925332733774344e-01 1.661876458835827852e-01 1.596644647881477197e-01 2.033434247385591254e-01 1.619048451209607886e-01 1.964809785334637737e-01 1.942480425642154618e-01 1.890799557498690220e-01 1.591185294338162692e-01 1.860215930071306700e-01 1.761763993978595622e-01 1.662862783190322546e-01 1.704655739411948256e-01 1.791392646001567224e-01 2.001769244271374981e-01 1.871272601640825706e-01 1.841669944364152101e-01 1.622694237451121624e-01 1.730431453464672809e-01 2.264908861808492269e-01 2.254621247449131172e-01 2.416147385120059055e-01 2.203158420287399666e-01 1.721689469074591805e-01 1.879053810549420611e-01 1.898478420447392012e-01 1.794302682563621298e-01 1.791775153474153004e-01 1.896589012213229786e-01 1.910448851411905014e-01 2.079892332593996640e-01 2.133323770773032368e-01 1.913490300166986180e-01 1.959640968725625265e-01 2.071207805344713326e-01 1.922671570448085399e-01 1.754417542180069234e-01 1.902358522812664376e-01 1.857176562815078813e-01 1.860108133009732434e-01 2.001128232133996543e-01 1.823402752829677009e-01 1.909094201620702702e-01 1.864774245807064024e-01 1.858644405117108878e-01 1.752094756736526093e-01 1.640546415112386358e-01 1.736991968982923573e-01 2.049905854260486160e-01 1.755584509714505914e-01 1.700095166942542924e-01 1.634937979883300252e-01 1.757802991603240050e-01 1.747893667797356665e-01 1.613510871272607894e-01 2.134147217733101398e-01 1.805608251035140110e-01 1.775235337160143423e-01 1.681690527527440193e-01 1.693222339557393930e-01 1.610616455992807394e-01 1.729311765377165022e-01 1.707519405513479027e-01 1.867774465423620023e-01 1.697866316163424150e-01 1.584522829494816876e-01 1.659280605159537125e-01 1.747085497759110206e-01 1.637896118050418126e-01 1.597212920263046954e-01 1.833208818520579431e-01 1.947107854447903685e-01 1.831862519733298833e-01 1.887833368196545625e-01 1.926157467376307664e-01 1.718398873837834462e-01 1.721708715882302732e-01 1.716709807235080876e-01 1.659339646255295619e-01 1.723433670661899397e-01 1.827600429381356362e-01 1.909357976516783129e-01
2.560471443659245727e-01 1.836752476575015947e-01 1.000000000000000000e+00 4.755392302437848051e-01 2.463044105246769422e-01 2.614088656808010724e-01 4.122354216838852170e-01 3.467971010610885196e-01 3.718640523354752592e-01 2.746649029853822643e-01 4.299815773700638721e-01 3.915354157214416264e-01 2.928176881081582805e-01 2.501130830920133552e-01 3.607670976805195662e-01 3.484456994508439154e-01 3.622263995716263341e-01 4.016953739654045008e-01 4.279058223435331931e-01 3.393428457165685308e-01 3.929808724854209068e-01 4.733686385978118638e-01 4.433933818687896267e-01 4.765688734901243340e-01 4.909370860743042519e-01 4.345798156056308592e-01 5.024637102251342524e-01 4.718265138180629537e-01 4.272451096865574338e-01 4.487815021210601607e-01 4.904186901050308633e-01 4.231155620187198596e-01 4.071639668500973697e-01 4.598255756177196951e-01 4.275798541172410316e-01 4.508272159523337153e-01 4.474610100912246868e-01 3.818711763391728908e-01 4.055012087203431204e-01 3.839590390213654669e-01 3.874535449442814139e-01 3.975655019785456767e-01 4.180833235224380995e-01 4.202134452417276012e-01 4.311776537650137686e-01 3.776322059857670221e-01 3.498760718008507853e-01 3.375405949439331810e-01 3.630135280665165443e-01 3.866252764197729563e-01 3.853658441285746639e-01 4.157146148726956758e-01 3.874167255636228879e-01 3.634099971527995354e-01 3.684263286284046868e-01 3.830316428294627262e-01 3.875767551277114475e-01 3.609205559099098459e-01 3.498263518512821912e-01 3.752891214004614451e-01 3.870371280818216131e-01 3.661865235838088761e-01 3.647122365950400957e-01 3.753943492203083432e-01 4.101521311037381601e-01 4.042504430033713181e-01 3.595752175596344524e-01 3.863048669049912176e-01 3.607095925290821348e-01 3.889407713288284274e-01 4.162755481230064336e-01 4.238170753901568943e-01 4.161810224726635310e-01 4.466374473997163363e-01 3.999649224060483621e-01 4.160854692823651169e-01 4.061621015963011172e-01 3.989119610594787368e-01 4.139352700641403260e-01 4.090590103972822078e-01 4.103044893984501562e-01 4.210246157230431163e-01 3.777703306586356891e-01 3.769841435580711386e-01 3.714314465576209479e-01 3.891424772750431416e-01 4.124079071563842569e-01 3.491661128994059671e-01 3.702669211277757610e-01 3.664689916302213413e-01 3.724120591615089348e-01 3.676286431461235349e-01 3.810789447746140701e-01 3.679260813813577391e-01 3.353891510596115899e-01 3.329456595175238065e-01 3.635485094712581633e-01 3.763503288593416096e-01 3.564883621620220100e-01 3.494129574196269683e-01 3.746478819636167579e-01 3.558733469515060754e-01 3.514605806793435483e-01 3.470788054530575817e-01 3.852418163631730064e-01 3.673019449308610462e-01 3.498664567966804917e-01 3.427309826945615923e-01 3.502886574128337149e-01 3.451143245706048135e-01 3.359565609980663115e-01 3.438019179087404287e-01 3.366746099636924727e-01 3.570070426142742392e-01 3.731429171048411542e-01 3.710739011105155249e-01
3.527647523494049919e-02 1.360710640200840926e-01 4.755392302437848051e-01 1.000000000000000000e+00 3.707392770627337963e-01 3.985823630774030235e-01 6.008678623208709713e-01 5.501810403250962933e-01 5.158935548109430114e-01 4.633550297447582289e-01 6.072569017759519294e-01 6.306075128680884712e-01 5.287052719198851447e-01 4.562213423621602204e-01 5.870349110066195308e-01 5.560328570103105772e-01 4.588779806268766248e-01 3.256948839892941927e-01 4.199424616458160009e-01 3.921628356615496913e-01 4.089339017725990844e-01 4.810867947764889130e-01 3.993999746409627183e-01 4.368718421860177115e-01 4.662339192308410651e-01 5.372069842031814701e-01 5.612205208662819356e-01 5.213633088521659742e-01 4.880893834996787861e-01 4.852904498762560248e-01 5.620009833924157761e-01 5.027187866590930865e-01 4.819487040036896097e-01 5.206540082622264087e-01 4.947176289986611186e-01 5.305801556912508321e-01 5.282489349224431807e-01 5.344017659761147732e-01 5.468645418413887738e-01 5.228030098803659875e-01 5.678047865998547827e-01 5.690039989910691265e-01 5.638991779782174252e-01 5.854462001480951194e-01 5.847149512935237992e-01 5.484805215412756896e-01 5.516334660734153461e-01 5.442685681940839793e-01 5.528532150258252953e-01 5.468145400018358249e-01 5.529816640636540104e-01 5.788326884936876304e-01 5.792876800653817826e-01 5.174490311294567269e-01 5.114947223896646467e-01 5.218930528176350947e-01 5.299755934242104116e-01 5.477192086745125144e-01 5.284085676687324540e-01 5.466539060369748348e-01 5.585601991648343478e-01 5.427621788129942670e-01 5.416248040509646922e-01 5.536735571749396012e-01 5.623423022022168150e-01 5.635307690775015477e-01 5.465092425409672217e-01 5.279478309974862116e-01 5.149912263794570455e-01 5.475631117441873696e-01 5.751645515505320327e-01 5.694591611609676196e-01 5.395738398913302314e-01 5.815945477729177471e-01 5.818535680343082106e-01 5.830661033871895604e-01 5.772841336102577658e-01 5.567049177551357531e-01 5.816264025833792761e-01 5.600399490699321525e-01 5.554416256102270300e-01 5.820333344401773523e-01 5.374789424007765382e-01 5.403131974794843639e-01 5.494544269709545903e-01 5.507665585423475729e-01 5.617458367589002188e-01 5.544698887151997546e-01 5.570250262588642975e-01 5.358047956027687242e-01 5.555491098674583128e-01 5.705260399358978995e-01 5.683061024866480349e-01 5.696764876934425903e-01 5.543926224245410150e-01 5.486239693426595565e-01 5.629539788305968351e-01 5.590719018696791442e-01 5.594048383600270791e-01 5.539428997040684033e-01 5.678734354441787868e-01 5.620508399019336077e-01 5.648470049278173644e-01 5.615991119307867097e-01 5.639860194257492187e-01 5.429448848098255009e-01 5.497799466189364770e-01 5.452165330184725045e-01 5.474399484133478655e-01 5.516736949333396201e-01 5.463979279955460955e-01 5.466720148537138613e-01 5.444149996478777620e-01 5.569793225749526400e-01 5.554929698033769236e-01 5.606609953456913598e-01
8.525033613655834397e-02 1.294102930184220790e-01 2.463044105246769422e-01 3.707392770627337963e-01 1.000000000000000000e+00 3.062486346554517125e-01 4.845082083986742005e-01 4.801571815043121361e-01 4.717196064346001472e-01 4.218501391539775103e-01 4.576118313605364030e-01 4.868227512463916828e-01 4.868262187475402847e-01 3.668929192409470241e-01 5.031879978717368473e-01 5.065740210867937243e-01 4.035449945364261715e-01 3.451884217040277480e-01 3.423849674292286371e-01 3.383522184299139757e-01 3.472997380996877270e-01 3.557085297473222552e-01 4.041165325313414436e-01 3.689911334119351793e-01 3.655014985872313549e-01 4.627535276893728344e-01 4.561204677083709469e-01 4.581325689309055371e-01 4.320917632575461131e-01 4.268089092767613502e-01 4.570482474917086924e-01 4.827469790180032305e-01 4.455308289591836668e-01 4.744460610621402119e-01 4.520188127457814842e-01 4.871357871440548659e-01 4.710743632714897711e-01 4.988621370229225360e-01 4.941324741490322192e-01 4.887133106092662604e-01 4.976054922762938593e-01 5.065792082413919095e-01 5.411144208721752058e-01 5.164822544645865099e-01 5.125590639952305461e-01 4.996671269239261193e-01 4.860834954439614553e-01 4.805748073536364462e-01 5.008648481556101650e-01 5.049485915421629834e-01 5.077442424907484542e-01 4.951346964261576500e-01 4.941441297316819248e-01 4.844539677290635726e-01 4.841118328309714225e-01 4.899783498038473017e-01 4.970205290516077623e-01 4.935319519460344417e-01 4.779290848958501203e-01 4.961055752881051162e-01 5.264606329645649119e-01 4.996458055715434776e-01 4.947561879223111303e-01 5.018027409507059833e-01 4.884856512226976588e-01 5.050895700813038403e-01 4.805244299756628035e-01 4.664534511528375949e-01 4.810731288173574760e-01 4.749620846008359987e-01 4.692978430995663475e-01 4.763150672044825784e-01 4.708751350272736280e-01 4.879496456032261786e-01 4.986673099665204778e-01 4.972516254655153789e-01 4.972309624166255104e-01 4.871482200035271437e-01 5.055583989173264570e-01 4.833996223460959585e-01 4.840430232572863201e-01 4.873438190571784956e-01 4.885787354173711239e-01 4.835787567896561723e-01 4.898960743755031988e-01 4.914720593260430426e-01 4.921153575288261806e-01 4.944843436182287388e-01 4.899748304937917021e-01 4.877710138623320146e-01 4.975358306888885140e-01 4.968870123636461300e-01 4.967157903735066049e-01 4.995410796626344463e-01 4.828743804253538552e-01 4.807135394292368913e-01 5.006158826536215578e-01 4.979052693289530707e-01 4.981575815969329080e-01 4.913734908247971434e-01 5.110115972123382422e-01 4.969677343643211787e-01 4.915903561995275117e-01 4.970952951357993088e-01 5.000433695423704972e-01 4.978120672435926708e-01 4.887708867123552459e-01 4.878674417552573694e-01 4.920094335134149732e-01 4.878233894920104285e-01 4.813982500115102092e-01 4.885034541735345792e-01 4.859629800980571068e-01 4.973874298746875922e-01 4.861659375627712110e-01 4.903947982630261770e-01
7.611193754071336748e-02 1.284329202659491576e-01 2.614088656808010724e-01 3.985823630774030235e-01 3.062486346554517125e-01 1.000000000000000000e+00 5.090069299448340967e-01 4.933733804715885740e-01 5.570774046353128561e-01 5.158069929432940182e-01 5.662221903719949490e-01 5.769397598874089761e-01 5.206196476188061917e-01 4.932233605186315262e-01 5.898137062422061927e-01 5.771408722962151350e-01 5.238251828347656458e-01 4.057819245521289697e-01 4.831658707422670784e-01 3.662056352573371254e-01 4.292879930908266584e-01 4.871670125552780006e-01 4.229308258883059946e-01 4.351189957346651149e-01 4.673015797426768869e-01 5.401029059044325509e-01 5.718658558912198542e-01 5.696633376251147851e-01 5.267384594771250539e-01 5.301074848286491115e-01 5.794405361897008166e-01 5.467777715311786801e-01 5.386966462659539268e-01 5.498250176359497088e-01 5.432295841155551086e-01 5.429459835429183423e-01 5.727237981659214494e-01 5.876272691874229182e-01 5.940189905176643803e-01 5.693834007585405477e-01 6.145945286579083122e-01 6.132119505311645069e-01 5.983897965992768242e-01 6.134932426032415620e-01 6.103042624756576107e-01 6.120215795043203455e-01 6.113726379605926020e-01 6.077816535571431977e-01 5.905977384899118166e-01 5.704007840307061539e-01 5.989082518647012021e-01 5.798042151988294091e-01 5.991514395087224054e-01 5.813130700456131672e-01 5.717661043020126899e-01 5.750545352558329437e-01 5.771300849873413075e-01 6.096123126060247754e-01 5.912099679521911622e-01 6.094566394161845535e-01 6.045965097952831213e-01 6.010039559518032259e-01 5.866200695996417469e-01 6.036370186181567732e-01 6.020230240900488194e-01 6.017650840109490806e-01 6.074603586705643599e-01 5.994091888480032049e-01 5.854150321808588853e-01 5.859488099458596277e-01 6.085400446365442084e-01 6.172174619922059513e-01 5.851707117733589980e-01 6.007743617680961767e-01 6.189259567428034847e-01 6.264243148343975331e-01 6.238568173038495646e-01 6.117681127061423974e-01 6.282503059922498467e-01 6.123116901222013242e-01 6.136749971483741461e-01 6.248248879738806938e-01 5.948777572788492840e-01 6.059476125727799589e-01 6.060269529262557464e-01 6.042401351716122360e-01 6.167194792381190949e-01 6.105380667507372960e-01 6.141901158426459340e-01 5.936066623467167735e-01 6.100247974284502828e-01 6.178016581596371681e-01 6.198291062261173101e-01 6.211391003364126195e-01 6.101588876765545733e-01 6.086549318102209005e-01 5.981063302359517220e-01 5.987030780090318860e-01 6.081147274633419419e-01 6.104800365511118265e-01 6.148071673378870949e-01 6.088886227694974007e-01 6.088386006118584604e-01 6.145218464021736660e-01 6.120232752774888985e-01 5.991736472841168171e-01 6.049134386650656392e-01 6.048908548912096395e-01 6.048820496784583778e-01 6.114821531758101170e-01 6.066354430579531387e-01 6.133360812019822417e-01 6.079307765235474337e-01 6.103327902100537106e-01 6.130524873290967847e-01 6.084685268854369555e-01
5.510171704844243207e-02 1.544329461369339795e-01 4.122354216838852170e-01 6.008678623208709713e-01 4.845082083986742005e-01 5.090069299448340967e-01 1.000000000000000000e+00 7.168742842495284817e-01 6.796182414193000509e-01 6.034075842902268949e-01 7.121647531115400387e-01 7.494256726856514117e-01 6.825268039601883885e-01 5.971291621554465356e-01 8.060418859798654800e-01 7.472373940270043979e-01 6.108819830223001235e-01 4.720370014222456390e-01 5.485630038185854707e-01 4.828433386458326759e-01 5.323785607680846521e-01 5.551173931353886593e-01 5.210481041106024280e-01 5.444451297392887135e-01 5.475521288408493614e-01 6.604323906437539193e-01 6.815136745015033526e-01 6.861509033017695325e-01 6.411972342584204565e-01 6.443227731596872232e-01 7.185291126212453028e-01 6.656397226803298928e-01 6.428841223436061458e-01 6.847790509925039126e-01 6.523914727953556980e-01 6.821498254167733810e-01 7.009673895747042804e-01 7.309005730011365332e-01 7.389452714449034065e-01 7.092462219435743398e-01 7.499982743586776079e-01 7.556075359723158913e-01 7.589469437441446198e-01 7.680558204158129953e-01 7.520355975364955148e-01 7.546502161900902061e-01 7.316437289662026666e-01 7.184076724959373994e-01 7.235220527411266866e-01 7.236342892882328126e-01 7.403966670516554105e-01 7.406599732076388776e-01 7.346072221116978218e-01 6.868126222819137539e-01 6.828839295957559452e-01 6.850405790926825667e-01 7.033781927761730834e-01 7.369531661916266518e-01 7.114084493750332250e-01 7.307789878205573908e-01 7.545529897245926154e-01 7.331390773222771218e-01 7.248874849433188938e-01 7.364289350151305147e-01 7.181309480246692578e-01 7.342049928768341616e-01 7.218460963730686242e-01 7.047109533133149029e-01 6.908682832148215214e-01 7.109855318142002112e-01 7.297952425037579349e-01 7.257829982170991290e-01 7.050226943222536180e-01 7.290890884054109788e-01 7.460815610748923188e-01 7.499645923399097525e-01 7.589522986231813650e-01 7.347007027345386909e-01 7.638185081228089368e-01 7.333666826227017710e-01 7.417715559597433117e-01 7.551503586897244658e-01 7.111340611677042789e-01 7.206944695397364820e-01 7.276006073973246835e-01 7.341512655084569960e-01 7.441474365743905306e-01 7.407260931309725960e-01 7.424410150447953161e-01 7.027659416406603077e-01 7.378403033560685387e-01 7.500216375250295942e-01 7.506057578135176822e-01 7.549781570937750264e-01 7.312988019629702574e-01 7.249221699449676093e-01 7.361884338781998771e-01 7.307770083766227387e-01 7.367397477565349462e-01 7.333257742426348980e-01 7.531921470524800544e-01 7.424161128301405288e-01 7.354512333628380194e-01 7.441142540888538992e-01 7.449818124500654504e-01 7.207660442953351954e-01 7.259106281389805515e-01 7.212949428177192202e-01 7.235050568551847361e-01 7.338676861793644868e-01 7.268295607385749646e-01 7.302361636845111637e-01 7.267651973968844992e-01 7.399558506593089113e-01 7.301037334810371870e-01 7.324872468847303253e-01
2.917346522058993433e-02 1.177491456067503300e-01 3.467971010610885196e-01 5.501810403250962933e-01 4.801571815043121361e-01 4.933733804715885740e-01 7.168742842495284817e-01 1.000000000000000000e+00 6.759462290323976497e-01 6.436717852990465616e-01 7.119963396283945922e-01 7.551055504434174281e-01 7.055805188467368927e-01 6.129812092858614170e-01 7.784882655369368409e-01 7.822498189712260297e-01 6.283974446155169424e-01 4.842724322690027949e-01 5.560100942492910425e-01 4.838807685841949313e-01 5.204488684829726708e-01 5.419429581171463228e-01 5.058904750305425191e-01 5.248896907527250688e-01 5.233095445226539910e-01 6.368262296433457870e-01 6.385013995904436079e-01 6.289490996265626466e-01 6.053123926881551764e-01 5.930644966637820259e-01 6.550893646902493650e-01 6.818488268125949547e-01 5.973079716141188600e-01 6.685945750729940240e-01 6.233210440613317083e-01 6.543166220662377519e-01 6.641412569542104460e-01 7.276556418355079048e-01 7.211858261227080957e-01 6.786267289662003543e-01 7.396804856916029403e-01 7.466810484939775394e-01 7.408247947702555347e-01 7.618474569334383606e-01 7.348180204499900059e-01 7.398746765333167330e-01 7.543902813731143686e-01 7.469896156266759846e-01 7.490412905195368287e-01 7.258130201386215896e-01 7.417164440746997212e-01 7.318546510722673260e-01 7.466912203500497558e-01 7.180117535177177324e-01 7.090507036093937066e-01 6.987873422722932215e-01 7.160233305223741018e-01 7.518498421110254570e-01 7.297315218219077027e-01 7.481536475161331134e-01 7.607012101522248049e-01 7.462520501581749732e-01 7.342272278211440240e-01 7.521144220455985296e-01 7.415616714071169291e-01 7.483132934108973622e-01 7.486614214087877750e-01 7.258904633501405135e-01 7.190216752375889753e-01 7.254524671034466854e-01 7.390980082806183349e-01 7.440502089626922499e-01 7.138150658144476468e-01 7.343027259654780758e-01 7.499007008638728378e-01 7.479838404218380754e-01 7.510388568572597956e-01 7.336617842389617783e-01 7.608238965546565424e-01 7.303566038068124433e-01 7.309974411712938380e-01 7.482205465524888188e-01 7.304962782345354455e-01 7.217068651272379176e-01 7.466584856597077158e-01 7.446221356743333297e-01 7.432838245089576912e-01 7.566953916461600649e-01 7.517356734964649734e-01 7.257375717306925322e-01 7.388346502718629027e-01 7.626056931603045763e-01 7.562901777285097049e-01 7.623470262307411316e-01 7.567725194099983455e-01 7.522953129159772878e-01 7.550452832163029315e-01 7.574423484034591425e-01 7.610631189121866980e-01 7.534172899595225070e-01 7.634917621156503964e-01 7.637294481155284531e-01 7.577815544187563868e-01 7.624942952186254397e-01 7.597713610207389445e-01 7.417328285603138616e-01 7.562668706586848089e-01 7.467358757408104619e-01 7.462149387217681396e-01 7.561687664336163017e-01 7.507075716259733467e-01 7.544974982681073028e-01 7.496952950543938066e-01 7.629153803577252146e-01 7.542769527918431471e-01 7.539050187480436094e-01
1.429479180821026929e-01 2.096963053728766457e-01 3.718640523354752592e-01 5.158935548109430114e-01 4.717196064346001472e-01 5.570774046353128561e-01 6.796182414193000509e-01 6.759462290323976497e-01 1.000000000000000000e+00 7.508533313864378389e-01 8.261052080219934979e-01 8.360509259729109743e-01 7.802597301934989238e-01 7.039962381336742903e-01 8.419672220996654577e-01 8.392558503227824929e-01 7.792362668095601519e-01 6.393166907641484320e-01 6.926731439052231654e-01 5.572210314880103876e-01 6.153913334409512048e-01 6.403929175078709735e-01 6.574245375190689300e-01 6.625372403963429857e-01 6.290139264833451982e-01 7.654626265302862942e-01 7.824799757122415933e-01 7.950222490051246371e-01 7.138014252606224019e-01 7.745256759979636252e-01 7.706264659355822610e-01 8.271820149196755789e-01 7.890157969904575408e-01 8.180231257462120542e-01 8.036677619815850715e-01 7.687244058223323684e-01 8.170766688462339777e-01 8.690997692409565545e-01 8.602560194439680119e-01 8.177733441056295183e-01 8.823783928159213419e-01 8.760166688542568858e-01 8.395217380250090677e-01 8.836412531926294278e-01 8.675715456750077159e-01 8.713077580132505551e-01 8.934871401830569715e-01 8.961209873775795032e-01 8.779681607483307282e-01 8.433594491636353663e-01 8.752246592660877234e-01 8.395286475455545627e-01 8.836511890939089398e-01 8.659749843048440976e-01 8.492032748015225785e-01 8.460658134746413817e-01 8.602108435201143433e-01 8.858151475134333763e-01 8.748784680092862587e-01 8.947268970114227171e-01 8.860635273556737301e-01 8.834634611788524383e-01 8.697677036302298159e-01 8.858006297048663935e-01 8.793517940518926768e-01 8.857505031717289867e-01 8.942930794544435846e-01 8.837284364100516099e-01 8.727794925338242527e-01 8.639572469348847372e-01 8.634858057935259623e-01 8.723831198230626027e-01 8.661721079920180477e-01 8.583795347795232233e-01 8.840628333622817525e-01 8.892269702893100813e-01 8.865183058866549226e-01 8.612551662529930319e-01 8.845733126517589806e-01 8.768519453442757960e-01 8.799713904799264519e-01 8.745558814777898426e-01 8.783149583944128702e-01 8.824445422625970537e-01 8.899511195016586163e-01 8.880412382648601444e-01 8.857847547179262815e-01 8.899173243240835474e-01 8.906413284178918977e-01 8.676461185628191464e-01 8.828657578496490466e-01 8.957807411733780256e-01 8.931552889261585859e-01 8.928416420314070345e-01 8.917793951369181737e-01 8.937187416715055566e-01 8.703280736903564740e-01 8.847018519421508964e-01 8.891280509621187766e-01 8.859322815936134798e-01 8.869133515362053188e-01 8.904702528755557012e-01 8.930210850893528507e-01 8.914918820734356597e-01 8.919679779892690785e-01 8.845709817927577268e-01 8.934010980539712765e-01 8.860730478895630924e-01 8.839497114892124197e-01 8.945482278125260756e-01 8.839260220590915429e-01 8.971056202475464758e-01 8.912588169582618125e-01 8.927095982196958657e-01 8.964473156726531222e-01 8.959982493037610407e-01
4.127798802624282892e-02 1.951969400637454388e-01 2.746649029853822643e-01 4.633550297447582289e-01 4.218501391539775103e-01 5.158069929432940182e-01 6.034075842902268949e-01 6.436717852990465616e-01 7.508533313864378389e-01 1.000000000000000000e+00 7.449109063656697005e-01 7.748966842937363708e-01 7.184744724719376308e-01 6.645045537695674076e-01 7.755417392592531822e-01 7.901867844511084593e-01 6.904367318388571206e-01 5.343910302552054015e-01 6.074032565789310167e-01 4.862104413930341540e-01 5.095074537407300319e-01 5.492233965751092128e-01 5.922379467147965704e-01 5.424412569034704479e-01 5.450125706382584756e-01 6.981960341881561227e-01 6.724493953750018127e-01 6.727752759060551258e-01 6.365397519027377049e-01 6.488776529897712919e-01 6.782626461234155801e-01 7.409551825931336433e-01 6.608488680040910390e-01 6.867848890273802187e-01 6.735241352661663905e-01 6.770292893154162828e-01 6.971094152496105645e-01 7.874601093405413366e-01 7.616781214918775245e-01 7.353394110267504891e-01 8.025292014010819708e-01 7.932135490762339813e-01 7.497818395075939168e-01 7.905215025390014416e-01 7.661804766715017978e-01 7.870792531904102773e-01 8.162999380134029481e-01 8.287763885626999727e-01 8.029312286258099007e-01 7.556884132402807985e-01 7.920121675159065289e-01 7.478238698902780479e-01 7.937762732849179548e-01 8.046579426911195654e-01 7.880279253914468374e-01 7.925295129091267654e-01 7.825999315944222046e-01 8.163708302350589641e-01 8.011251071254726908e-01 8.101514025994168700e-01 7.979809647975204534e-01 8.081604437447194034e-01 7.950760223031747564e-01 8.108026555299449045e-01 7.936608841871355402e-01 8.076756741389246042e-01 8.175436797742572370e-01 8.014118364665709926e-01 8.082395887151723191e-01 7.823306335547232093e-01 7.795943254764003960e-01 7.889801999483339046e-01 7.692149834725989788e-01 7.744672433534862677e-01 8.081412601875134216e-01 7.987790030186165957e-01 7.994180648432189784e-01 7.872738473731704101e-01 8.015295969958061706e-01 7.802074330149717518e-01 7.796179145683350686e-01 7.920002105794128333e-01 8.089362204565775372e-01 7.859895503888666424e-01 7.983013512866102834e-01 7.871096639191010880e-01 7.977978897087254495e-01 8.179041042280796869e-01 8.053356586099625902e-01 8.161669344464339559e-01 8.055325599807611203e-01 8.184165903847984147e-01 8.126845949638279443e-01 8.173148587204265292e-01 8.208009425306512785e-01 8.265856482933242599e-01 7.942830915760747956e-01 8.029235352209460608e-01 8.119468128023156206e-01 8.101305764428973211e-01 8.057992581704681578e-01 8.156973993454508243e-01 8.148637509797673761e-01 8.167927636644430889e-01 8.130108502249092650e-01 8.099638304338547812e-01 8.197902122964199068e-01 8.251742434571267548e-01 8.218426878882418851e-01 8.221641251231049941e-01 8.227579152164847809e-01 8.219933604710496500e-01 8.219711338745969709e-01 8.163054769603602656e-01 8.145509524895568898e-01 8.205993811829283002e-01
7.129032549729417967e-02 1.917527955579486909e-01 4.299815773700638721e-01 6.072569017759519294e-01 4.576118313605364030e-01 5.662221903719949490e-01 7.121647531115400387e-01 7.119963396283945922e-01 8.261052080219934979e-01 7.449109063656697005e-01 1.000000000000000000e+00 8.765969431670936896e-01 7.824005149702091266e-01 7.261007537233009623e-01 8.558818494275557409e-01 8.466815580487755399e-01 7.629049664392897334e-01 6.007781040396459327e-01 6.944566954750620580e-01 5.478271878275936535e-01 6.158523921226628506e-01 6.739607120476996949e-01 6.496983915704649393e-01 6.708790113195733928e-01 6.685154293732449293e-01 7.709259957664441609e-01 7.853874198039910715e-01 7.684821105282743092e-01 7.037166037707870414e-01 7.625004965033992388e-01 8.077963746184371185e-01 8.166699761689889536e-01 7.495117059344218458e-01 8.173890852822672803e-01 7.734081733724087471e-01 7.992771247952159541e-01 8.254725478769933122e-01 8.576043103462388517e-01 8.662052309083173585e-01 8.174885674776660727e-01 8.867745878753231503e-01 8.761546590459596828e-01 8.501440761758674025e-01 8.890161393450820571e-01 8.833870270444761363e-01 8.673904001733332425e-01 8.941676903039215141e-01 8.913608275018317650e-01 8.801434001705481514e-01 8.525628538995880801e-01 8.774083740171073620e-01 8.574441620681068077e-01 8.843112465217436435e-01 8.520316407087332733e-01 8.384952943434873518e-01 8.506387951654016399e-01 8.510117863027575336e-01 8.869856106444899968e-01 8.621604235669150240e-01 8.849927564579979089e-01 8.831961758570220367e-01 8.738878081736241032e-01 8.603339494227485451e-01 8.866360438454664594e-01 8.834922356996703918e-01 8.869058055132209573e-01 8.923562144110054328e-01 8.801582644010630396e-01 8.695418108593935269e-01 8.642114412175770921e-01 8.828035034906454026e-01 8.889391554482104496e-01 8.690155091246992702e-01 8.850069418347649153e-01 8.929341486955107987e-01 8.923144118835641958e-01 8.850420105002051452e-01 8.615343399057762142e-01 8.873076337735525954e-01 8.689181068678671904e-01 8.774826212126023428e-01 8.935095776087237374e-01 8.817423803710399133e-01 8.667845000995192395e-01 8.880978922136945064e-01 8.882237611868166738e-01 8.959761170288785825e-01 8.906704475544204858e-01 8.930603941506207732e-01 8.755859392268771080e-01 8.858125816725400670e-01 9.020743196470077940e-01 9.014132781056031218e-01 8.982731604192232266e-01 8.977049183936166576e-01 8.957147009265794546e-01 8.812724064532978518e-01 8.887085065896546121e-01 8.952212669931386424e-01 8.933369908727100128e-01 8.966967082196856120e-01 8.954678671207343399e-01 8.978184293259667825e-01 8.978630462224482800e-01 8.999730851098933782e-01 8.820677860569229312e-01 8.933336838265224511e-01 8.881671558199285554e-01 8.874624777485575766e-01 8.952019462731930499e-01 8.879218653328088129e-01 8.932822851633785977e-01 8.886740956654251011e-01 8.954999534997505339e-01 8.975889024849321718e-01 8.981065571218752597e-01
1.359031556605115772e-02 1.853729455332893961e-01 3.915354157214416264e-01 6.306075128680884712e-01 4.868227512463916828e-01 5.769397598874089761e-01 7.494256726856514117e-01 7.551055504434174281e-01 8.360509259729109743e-01 7.748966842937363708e-01 8.765969431670936896e-01 1.000000000000000000e+00 8.151545827848540871e-01 7.434742681611913317e-01 8.965463290107391625e-01 8.841125183459374037e-01 7.767449444444404216e-01 5.763464283367637497e-01 6.648343006641859176e-01 5.795526435231429518e-01 5.923829639618832799e-01 6.371018143992859262e-01 6.357342308497141437e-01 6.312638196202096097e-01 6.200930939390542074e-01 7.840647410282487462e-01 7.731612246046638548e-01 7.615783167085259375e-01 7.022281987328397035e-01 7.339001564563516489e-01 7.846151047862509609e-01 8.355643976623383651e-01 7.509547707373896985e-01 8.104606333080773828e-01 7.728344709250745126e-01 7.952446772451687851e-01 8.050295306685156804e-01 8.815283598021912415e-01 8.723282466234206778e-01 8.366532434413026520e-01 9.080561532855592199e-01 8.992296627465771186e-01 8.700950650394556618e-01 9.041100345667603122e-01 8.908120175231648563e-01 8.844649097802189663e-01 9.223719441725212187e-01 9.212639168812478685e-01 9.147763549014407136e-01 8.830181766949460886e-01 9.029897567400346770e-01 8.673322165464716349e-01 9.092209278505450909e-01 8.805063954250813563e-01 8.672058752352689304e-01 8.718040541916949326e-01 8.828993708461956302e-01 9.116727898389662688e-01 8.949127890306671773e-01 9.100407763899038827e-01 9.133392877310630986e-01 9.041102764402199066e-01 8.927221360940366113e-01 9.178098400397148859e-01 8.964747653210523026e-01 9.114015232244219167e-01 9.181715137739882016e-01 8.910233825734996671e-01 8.932386409513592973e-01 8.897270371277804513e-01 8.896851717942987348e-01 8.942845801297076846e-01 8.753786380138188772e-01 8.865986530180796077e-01 9.150632060177781302e-01 9.065137493824921844e-01 9.057003445362371563e-01 8.797930513640893624e-01 9.047957223453543252e-01 8.873325946090475647e-01 8.875165635442250345e-01 8.991592524631975003e-01 9.042565688436657867e-01 8.924726245812769632e-01 9.122383031738821035e-01 9.063101081673936577e-01 9.050161616564837974e-01 9.227384414052707262e-01 9.153740461987084354e-01 8.988618581244577355e-01 9.100733670599980840e-01 9.289296438818294144e-01 9.222083060683691214e-01 9.232587549814520456e-01 9.278948747626227789e-01 9.259432128325477684e-01 9.164763973419358667e-01 9.174943790255433163e-01 9.254447516099516546e-01 9.221104451535884206e-01 9.231768841726172292e-01 9.283132539356528934e-01 9.259269704545664004e-01 9.258032906142417140e-01 9.226986311899663118e-01 9.108950262134736242e-01 9.252302098973996802e-01 9.200954433426862256e-01 9.183093108872936172e-01 9.230913222540081398e-01 9.211629827140703775e-01 9.219338769524290100e-01 9.203955003782308131e-01 9.264823507731945185e-01 9.191013658561467681e-01 9.241886348190713196e-01
1.602049057612408428e-02 1.434619626383684676e-01 2.928176881081582805e-01 5.287052719198851447e-01 4.868262187475402847e-01 5.206196476188061917e-01 6.825268039601883885e-01 7.055805188467368927e-01 7.802597301934989238e-01 7.184744724719376308e-01 7.824005149702091266e-01 8.151545827848540871e-01 1.000000000000000000e+00 6.906659492169319181e-01 8.394859533975811416e-01 8.401216273198940376e-01 7.123188436518903544e-01 5.425390603793458499e-01 6.141627595506786719e-01 4.963048267441287353e-01 5.480135924356392962e-01 5.749163984954089868e-01 5.771433222950360653e-01 5.756229359525653066e-01 5.583740529907846861e-01 7.112429718348806107e-01 7.153834894301368541e-01 7.078996992998098925e-01 6.522425494534920265e-01 6.870686753830079763e-01 7.238891909319949969e-01 7.677201607233591352e-01 6.919033376204851704e-01 7.554896308964600404e-01 7.088160921613964049e-01 7.394096288873547307e-01 7.508230864499066959e-01 8.167465289285221752e-01 8.227837963064084104e-01 7.793467380601889483e-01 8.405096600024009046e-01 8.365563516151753864e-01 8.181384094196659795e-01 8.451194913393796915e-01 8.319467953300857532e-01 8.328743263745221892e-01 8.548617966557646719e-01 8.518118128472231820e-01 8.392478938617601303e-01 8.102589855137286579e-01 8.366268406403517544e-01 8.054896977273069414e-01 8.379839437537129898e-01 8.071143551299516661e-01 7.921960211339008628e-01 8.013315597920621647e-01 7.996683512941112904e-01 8.421347640169883908e-01 8.122989789316209519e-01 8.417905934910174803e-01 8.462289692473619063e-01 8.301961369060449902e-01 8.129860212305571876e-01 8.444909161744894588e-01 8.228114299174821289e-01 8.336209253504632821e-01 8.538905053969693126e-01 8.290395765245767157e-01 8.282925115669345084e-01 8.107502411528072495e-01 8.182831802436471014e-01 8.239582024274777483e-01 8.109977324865317305e-01 8.116763912720426077e-01 8.439175164612429114e-01 8.416657681372572419e-01 8.367762320131449938e-01 8.147248980784806971e-01 8.400527478399691939e-01 8.226266889665608817e-01 8.226432388179586441e-01 8.372737385076224337e-01 8.385627157659740760e-01 8.229669366861485091e-01 8.467652827247242886e-01 8.415902720493095845e-01 8.420401455327816143e-01 8.562726362855612727e-01 8.541038122688721090e-01 8.296477419519484586e-01 8.466502509241535801e-01 8.619595902442834801e-01 8.596776853562895226e-01 8.614860173181764225e-01 8.601977451562631272e-01 8.571856876136618730e-01 8.452338869665202425e-01 8.412601389708423971e-01 8.572139262320908060e-01 8.558980787493477571e-01 8.587727318910836072e-01 8.542687507990793794e-01 8.563500599199435070e-01 8.631726802960737466e-01 8.539117177645350054e-01 8.386237171443293725e-01 8.539992729654366510e-01 8.482060328339768862e-01 8.480548067912714316e-01 8.549291514483652321e-01 8.476070526705238306e-01 8.555278030129511713e-01 8.476577804853394627e-01 8.605461726096899078e-01 8.519801168514545830e-01 8.516860533606334105e-01
