1.000000000000000000e+00 2.085084715271081635e-01 2.392683560636920947e-01 8.227142725572746118e-02 1.699438494914528447e-02 2.037656187316119055e-02 4.209079292827797719e-02 4.893527578067334571e-02 1.775413477480660973e-01 1.044084214571665975e-01 1.473507809851364592e-01 3.614391242959041906e-02 -2.912131454701605282e-02 -1.389241565486989440e-02 3.008945105255081843e-03 2.255235217153726390e-03 1.916756283842125097e-01 3.255710987924542166e-01 2.351447206709639526e-01 2.810470763800171912e-01 2.968400890285961546e-01 1.698067213909908446e-01 2.985572547489320772e-01 2.938146549446879474e-01 2.438090559508543087e-01 2.228430504412282631e-01 2.142983404755225418e-01 1.860417717596587472e-01 2.144839486082121272e-01 2.371866523175373831e-01 1.639313073283466538e-01 1.650848410973938252e-01 2.032287121655729223e-01 2.050971819239802707e-01 2.237333119846859897e-01 1.048862319542745170e-01 2.037781945795054117e-01 7.773026199348966048e-02 9.203013819147527752e-02 5.690538657659733462e-02 7.088352059339020350e-02 3.996421492276774207e-02 2.131992142030327692e-02 4.087726717984448838e-02 9.132990653289625727e-02 5.255579554272383352e-02 9.033639691420264134e-04 4.982716609753769232e-02 3.183277337187635780e-02 6.675802165368296959e-02 3.807169300536589890e-02 2.815824193832856120e-02 2.784821340124981476e-02 7.789808602398694271e-02 6.646945180423571853e-02 8.597291977076718106e-02 5.295863254375245133e-02 2.798983280734279253e-02 3.259846899917302060e-02 2.258891292714047816e-02 1.725268107126817774e-02 2.375899640868268589e-02 1.829269124990015247e-02 2.644855158600751058e-02 6.636727392378430346e-02 7.243459212155943516e-02 5.682512658102659153e-02 1.072836086463583166e-01 1.125974506967981070e-01 1.375495132572704948e-01 8.598096068543988058e-02 8.529305606753334601e-02 1.295689108341000761e-01 1.110176853115320827e-01 7.975149348663218563e-02 7.512553263313105634e-02 7.519730088448686733e-02 1.028477688148803776e-01 8.652424227913858845e-02 1.099174931879088046e-01 1.008319426472677749e-01 6.096772270009303413e-02 9.038698566374248067e-02 1.004373342106140293e-01 8.771469156738306849e-02 8.507976851717019562e-02 8.023491275972667591e-02 5.020494746074596892e-02 5.768235353036067770e-02 6.514167040044659129e-02 6.557498350877689897e-02 3.227160321680749150e-02 5.617038659428739283e-02 4.718981781695836403e-02 1.315720801729394936e-02 3.363761421389406536e-02 3.389515202569989838e-02 5.132427752148246980e-02 1.789093712101134936e-02 3.732858016900493514e-02 3.963752097005630859e-02 2.823156923182485595e-02 2.615668546459375132e-02 1.844885436374837928e-02 3.957602385580707288e-02 3.433000643026798415e-02 3.798139022498329964e-02 4.104148766230044515e-02 4.269505914153117615e-02 2.292032050180486252e-02 3.196535892445619143e-02 2.413270070921866295e-02 3.029529518834532878e-02 4.113191712943927575e-02 4.148384411815436018e-02 3.628170307991784860e-02
2.085084715271081635e-01 1.000000000000000000e+00 1.173858034043472887e-01 9.138049194520604657e-02 5.121392501193168523e-02 4.033267479666776539e-02 9.963249252405496914e-02 9.851758941010138604e-02 2.128520228119281654e-01 2.426011841436488403e-01 1.945977586449626762e-01 1.423171619998728210e-01 1.057931506492339746e-01 9.834447362742795851e-02 1.258867637690906649e-01 1.077996647695940585e-01 1.857564157191547438e-01 2.815271223714543858e-01 2.070721977945891579e-01 2.216744555209335388e-01 2.177686067424768612e-01 1.452827166531148184e-01 2.556313092314832502e-01 2.546110851268632014e-01 1.988445443420222558e-01 2.269967978887328652e-01 2.320542254543694616e-01 2.082894576662844000e-01 2.381030834141957819e-01 2.859477842915722490e-01 2.397029518086797317e-01 2.176028071635714989e-01 2.208928171054772849e-01 2.141697402828745267e-01 2.418210915666763050e-01 1.617255775350454616e-01 2.530737182091948312e-01 1.401524456843211697e-01 1.647704160000491580e-01 1.175355694390552846e-01 1.691518111474225039e-01 1.335189801063663972e-01 9.958012730635470988e-02 1.358841591135381277e-01 1.625809254421695937e-01 1.577500562352693869e-01 1.417024170729178911e-01 1.699071082250593612e-01 1.364908578771306669e-01 1.345386239928615391e-01 1.237318774333764776e-01 9.841867624971233075e-02 1.383597473865026128e-01 1.783394051388835222e-01 1.610767632436244934e-01 1.743937373350368525e-01 1.334594329862552609e-01 1.406631542806271729e-01 1.366219370235003949e-01 1.467626138695041771e-01 1.387425059124949012e-01 1.418269128567410386e-01 1.182314446479772879e-01 1.210383887542582915e-01 1.548973266723639997e-01 1.584681544958421451e-01 1.620285469701479575e-01 1.937986772342005504e-01 1.972891816784231589e-01 1.997648293601148317e-01 1.696147611519227272e-01 1.701058501262918410e-01 2.003281253949961704e-01 1.891108371982668512e-01 1.834645349630678601e-01 1.798811423061315862e-01 1.893951443336787666e-01 1.992786245249105193e-01 1.863922747199281416e-01 2.180976695909350449e-01 2.036484912208135767e-01 1.846285529625827926e-01 1.794270758749194616e-01 1.997095223820048449e-01 1.779696516962076813e-01 1.809754022718457755e-01 1.814758971876433424e-01 1.645041854048643615e-01 1.732174808150871714e-01 1.707450755844649171e-01 1.712674007887494132e-01 1.543576486341206866e-01 1.621994324429763823e-01 1.673382902116576920e-01 1.479669921196272164e-01 1.595574627232755893e-01 1.354440820273585533e-01 1.466815466674408486e-01 1.399652269897248835e-01 1.449509644361855198e-01 1.430096131532888337e-01 1.423969944919634412e-01 1.414123710315931259e-01 1.396252035663492208e-01 1.422315833646002614e-01 1.510279081403887169e-01 1.542520747988904428e-01 1.654082929598229834e-01 1.628937618958288258e-01 1.481117333582643025e-01 1.542871638540813384e-01 1.525212680325420400e-01 1.569071102080027702e-01 1.508359001934936050e-01 1.498778902142882674e-01 1.499820523478281598e-01
2.392683560636920947e-01 1.173858034043472887e-01 1.000000000000000000e+00 3.382811166993226482e-01 2.250766843843968468e-01 2.347304520985838416e-01 3.240157069597155437e-01 3.174378540484131261e-01 3.912250848306019213e-01 3.016744400979730067e-01 4.083519658693664511e-01 3.616413444669896449e-01 2.853593841228970751e-01 2.848004081375706265e-01 3.337792720781157518e-01 3.269490825032937420e-01 4.045219490920980432e-01 4.719265701777364819e-01 4.475742310610495989e-01 4.349621787068670975e-01 4.747228697851987311e-01 4.383452459141071178e-01 4.791947461320272272e-01 4.805237207825943102e-01 4.681301881417090360e-01 4.629116862386684628e-01 4.445622209245184142e-01 4.341578900222332615e-01 4.465874101689898401e-01 4.328904959550122777e-01 4.168167155051454853e-01 4.392996599430740168e-01 4.514143617589586599e-01 4.552816740428479170e-01 4.414341980880460703e-01 4.017960028335824108e-01 4.368434355582589967e-01 3.958085962043178530e-01 3.998228850421449709e-01 3.692610796522603489e-01 3.773436168783180777e-01 3.588728674115397310e-01 3.471907303600632599e-01 3.631733157544747570e-01 3.924584931004357347e-01 3.753230107093979973e-01 3.304503344712989565e-01 3.569795054240602616e-01 3.477471931660028881e-01 3.901300293950870635e-01 3.644942127288269829e-01 3.516138129168623894e-01 3.430753647371486692e-01 3.582463217753981133e-01 3.702805914004211885e-01 3.872531670881936838e-01 3.528541719797479992e-01 3.442859607090631990e-01 3.470272870273082289e-01 3.355945719916177961e-01 3.372237667654479631e-01 3.294323341572709674e-01 3.355824286829826031e-01 3.466787130192254818e-01 3.738086176278556660e-01 3.751765386704011829e-01 3.714320767189012162e-01 4.068456925176990313e-01 4.120908836075071746e-01 4.234965221951602632e-01 3.973822356835454706e-01 3.948303130245531811e-01 4.208696378361522772e-01 4.138113027835561564e-01 3.892590807141258491e-01 3.845909506696778557e-01 3.810634180551862316e-01 3.949940903749554755e-01 3.870750826221006635e-01 3.952541784523437851e-01 3.911181078616824403e-01 3.722407400973738456e-01 3.921682850400930453e-01 3.974949050239188209e-01 3.962823601295008547e-01 3.946648119550253964e-01 3.844184681825552619e-01 3.703824047890134086e-01 3.737321662389114230e-01 3.831203447407764417e-01 3.800286947115684155e-01 3.592665799434682783e-01 3.683211757852623558e-01 3.673292786489463224e-01 3.415273605114050315e-01 3.518485510021474583e-01 3.590435424953519195e-01 3.620372177564217253e-01 3.476580083762117468e-01 3.672285500722150542e-01 3.650962527430155480e-01 3.543501957877075448e-01 3.476870374423004506e-01 3.453751872837153014e-01 3.647350080921917259e-01 3.503873742287149651e-01 3.552631699378401842e-01 3.589023583827612440e-01 3.643714047575811188e-01 3.485927726329827170e-01 3.532130866989949269e-01 3.436010327719075663e-01 3.448662681593108736e-01 3.573750991017782819e-01 3.612038145950308143e-01 3.529716832878077581e-01
8.227142725572746118e-02 9.138049194520604657e-02 3.382811166993226482e-01 1.000000000000000000e+00 3.674891449700052881e-01 3.830299253022378392e-01 5.743238106741616056e-01 5.686593336264665899e-01 5.572572836716831457e-01 4.574357799172029115e-01 5.788095062270133262e-01 6.354108310980108865e-01 5.432908224601360470e-01 5.168843873086612639e-01 6.065794936001320803e-01 6.033032025008350230e-01 5.527778430833880652e-01 4.682459477078152466e-01 5.431217035501152424e-01 4.951616853641336857e-01 5.545271052389073585e-01 6.133617507707825878e-01 5.185429097396103693e-01 5.208153008388999305e-01 5.811080273932874851e-01 6.142942286594078594e-01 6.097539851572701952e-01 5.972511172862039475e-01 5.805565788539015504e-01 5.441715639260629178e-01 5.933925735700726900e-01 5.843617897589096222e-01 5.667948181144876196e-01 5.892463322201628717e-01 5.459646065479613064e-01 6.109446407423616554e-01 5.741328376445788972e-01 6.223155115552732042e-01 6.133107614326755996e-01 6.030627536798065513e-01 6.046628034548917618e-01 6.147426304936720598e-01 6.117412144691225517e-01 6.317939536545530421e-01 6.185241633119665794e-01 6.062173538107934467e-01 5.839791544813586199e-01 5.864089628999334947e-01 6.078430377427733733e-01 6.296107425551940029e-01 6.317862677495794665e-01 6.156404523101633997e-01 6.089919572439440598e-01 5.755833531005827286e-01 6.046897482605275709e-01 6.089827273859029777e-01 6.070523456824966635e-01 5.986376539581659273e-01 6.132805925877208297e-01 5.885881014328011585e-01 5.943225769174352857e-01 5.938102229697874712e-01 6.122662368320200832e-01 6.139137297637349278e-01 6.066831305235820260e-01 6.117530463105294025e-01 6.004194893249856779e-01 5.952125986135184954e-01 5.961313966081036586e-01 6.103150640746980438e-01 6.138687414244622387e-01 6.139458026003238311e-01 5.952741667014395111e-01 6.055184903010095709e-01 6.128678853638307444e-01 6.048486162540364086e-01 5.948171760679097364e-01 6.012964853161629764e-01 6.096481928287103003e-01 5.913368483535302866e-01 5.915467500211951668e-01 5.944556444319596400e-01 6.034989571501656602e-01 5.921302918235914481e-01 6.028012853982519514e-01 5.984257671878625562e-01 5.934305086624088732e-01 6.004985692661480856e-01 5.975674478040707838e-01 6.088589476600371198e-01 6.011258747939759450e-01 6.017555909676712833e-01 6.038825012800455028e-01 6.004944160537825093e-01 5.869551254990553746e-01 5.909282331652850884e-01 6.112056102351756115e-01 6.117254485433959443e-01 6.022778660421579389e-01 6.152631956318593831e-01 6.113285588383594593e-01 6.089585102660490801e-01 6.002790074154188416e-01 6.052802208048535526e-01 6.113764441728861687e-01 5.948621372757821879e-01 6.026377672686177300e-01 5.921092766482621839e-01 5.979589935524457500e-01 5.981886011154564642e-01 5.951103636956576182e-01 5.878752980198223010e-01 5.904932581358730559e-01 6.012847964621008678e-01 5.998023625799100422e-01 5.956853550415671661e-01
1.699438494914528447e-02 5.121392501193168523e-02 2.250766843843968468e-01 3.674891449700052881e-01 1.000000000000000000e+00 3.245532959383909954e-01 4.832667494712292733e-01 4.931548455179717849e-01 4.306498387010831430e-01 3.642097570688990205e-01 4.499911635500583040e-01 4.848387991042849010e-01 4.791976642126919983e-01 4.285331437801712662e-01 5.068321041301795393e-01 5.127317093437414597e-01 4.265952526089946684e-01 3.369945841834362521e-01 4.165863940712979385e-01 3.291897496627130271e-01 3.840849815957258495e-01 4.616196153148133252e-01 3.946132945584049367e-01 3.757868040604791515e-01 4.165828569031044815e-01 4.668313197125757985e-01 4.384148649931137176e-01 4.466285178629051944e-01 4.254024324608087215e-01 4.100959295494392420e-01 4.533451257205926566e-01 4.613170721650779460e-01 4.328344073216409682e-01 4.505461773838963513e-01 4.251827551099935931e-01 4.899410634395200415e-01 4.502769779354942603e-01 4.966183141875749052e-01 4.962541782051554939e-01 4.903335973812175119e-01 4.945119639771070608e-01 5.115501735095736580e-01 5.191089998360242097e-01 5.175098154566507569e-01 5.001406867283565427e-01 4.997031081302247268e-01 4.924166686830744322e-01 4.930358383348313334e-01 4.977818107759424682e-01 4.977386193348490862e-01 5.115515820628121491e-01 4.983887603015097478e-01 5.010545127690633205e-01 4.815488781866733015e-01 4.935229473564267111e-01 4.997727429885104322e-01 4.947190943675113250e-01 5.003579242959445006e-01 5.003943672253786668e-01 4.996550919539720081e-01 5.048354844565415833e-01 4.997011505342258686e-01 5.017924553137664834e-01 5.075772864220592373e-01 4.943640871431022044e-01 5.016103898160420016e-01 4.959349279017820633e-01 4.840189413058373913e-01 4.846531941106613783e-01 4.795085870310418219e-01 4.980441899331473077e-01 4.987666792957864970e-01 4.758152589365601259e-01 4.848849202150675164e-01 4.952999560581072269e-01 4.871736835395362730e-01 4.810139074885196875e-01 4.762729095313557037e-01 4.856044633231461072e-01 4.690737210216335829e-01 4.756824731169210785e-01 4.855490546538097640e-01 4.931874565032973168e-01 4.804919105973164406e-01 4.886967656785777270e-01 4.900762106733938528e-01 4.909732577229642958e-01 4.941532764517541643e-01 4.921404555618569265e-01 4.975524564125258786e-01 4.908120000289508122e-01 4.997549675206141018e-01 4.982881070252937472e-01 4.958322537412621633e-01 4.943000456606729820e-01 4.940673071408770434e-01 5.022374991284254131e-01 4.963939051469870578e-01 5.021510283574576183e-01 5.035768400880138440e-01 5.135756110626490401e-01 4.991556730319018920e-01 5.005065675404340997e-01 5.096953615907879875e-01 5.048770869950601758e-01 4.919905147589923589e-01 4.974650255707246949e-01 4.944773264254341827e-01 4.934181964454562030e-01 4.970115829891609827e-01 4.915791332081466125e-01 4.986962799650223044e-01 4.931648209428731722e-01 5.021258323207370422e-01 4.983386389779705938e-01 4.990100936156576794e-01
2.037656187316119055e-02 4.033267479666776539e-02 2.347304520985838416e-01 3.830299253022378392e-01 3.245532959383909954e-01 1.000000000000000000e+00 5.359116071430061190e-01 5.007756801879100772e-01 5.092328820621830898e-01 4.450093720480230441e-01 5.038497386847069492e-01 5.550253353691217972e-01 5.331384867732389399e-01 5.186398827099791831e-01 5.843166952157670124e-01 5.745724363491816478e-01 5.175125841160760354e-01 3.968202896666071511e-01 4.878305548844600881e-01 4.052640704632141655e-01 4.493077011748732308e-01 5.424025491883304184e-01 4.441621108994415201e-01 4.402373131892901581e-01 4.836117655533703763e-01 5.359156532625537483e-01 5.166593342565275471e-01 5.211105876858475039e-01 4.990651745772957670e-01 4.778289684397060699e-01 5.343429054499098108e-01 5.309369067308359336e-01 5.032579685434780403e-01 5.292283940139246301e-01 4.944387508757486227e-01 5.669302878405644286e-01 5.255534648072748283e-01 5.730035848783443519e-01 5.737210095001659127e-01 5.631975000446726165e-01 5.807281104393116067e-01 5.865636950804219429e-01 5.811213564638152418e-01 5.840241473592209243e-01 5.855298601828020644e-01 5.804094881123118554e-01 5.766356975649413741e-01 5.808714433746712258e-01 5.780117446344105181e-01 5.735148673414565135e-01 5.857592816696044480e-01 5.638334701833963569e-01 5.701353228545521512e-01 5.713608807316472582e-01 5.795759520957867172e-01 5.817589504477831408e-01 5.777023066704216614e-01 5.828294846897974502e-01 5.886572260436773174e-01 5.856280441221386468e-01 5.867051253836551572e-01 5.852308381187341091e-01 5.887676738006707433e-01 5.833016441112556238e-01 5.807839086056706401e-01 5.782146166315604852e-01 5.842132279886010915e-01 5.717086006153381250e-01 5.702591775664802576e-01 5.729783393955255599e-01 5.842046630092447845e-01 5.850673250032084605e-01 5.635159291955630367e-01 5.664894484128590868e-01 5.815421022988430666e-01 5.728492979524494322e-01 5.711899955125353534e-01 5.574818882739566162e-01 5.694685977290779855e-01 5.537068477445583614e-01 5.621722251611463994e-01 5.734892959548418823e-01 5.796112168555513922e-01 5.682779533994818388e-01 5.733741002476420157e-01 5.764042989642551573e-01 5.756682496638390045e-01 5.837985266934889728e-01 5.798770805301025622e-01 5.865436048696789362e-01 5.774341110946863420e-01 5.879101986571131366e-01 5.842546004176024654e-01 5.851574848343249480e-01 5.850769136262149450e-01 5.850227164364834032e-01 5.798012960421815576e-01 5.779112952201043152e-01 5.859467297293736721e-01 5.876018662446140794e-01 5.919749077940190674e-01 5.876103568665290711e-01 5.804916785034324178e-01 5.876545867531779432e-01 5.864818385233423470e-01 5.852375202941482168e-01 5.825415058783041111e-01 5.837637787223890484e-01 5.845233677364694014e-01 5.841657198546124086e-01 5.908653574980911038e-01 5.837130384435850194e-01 5.851626351300661666e-01 5.847386103142712122e-01 5.847139253233164524e-01 5.823847349177037058e-01
4.209079292827797719e-02 9.963249252405496914e-02 3.240157069597155437e-01 5.743238106741616056e-01 4.832667494712292733e-01 5.359116071430061190e-01 1.000000000000000000e+00 7.393261542206616133e-01 6.907329987597645715e-01 6.286955831038395504e-01 7.187417258034748402e-01 7.879106717024962903e-01 7.262604046111711398e-01 6.970084599021348915e-01 8.311278438789905243e-01 8.086278907698498664e-01 6.990770602099286579e-01 5.552560276590363664e-01 6.690149381157820541e-01 5.713430109803180335e-01 6.399145226861167046e-01 7.441344539609585640e-01 6.225559570596497228e-01 6.172722990631764883e-01 6.775978559726262285e-01 7.584140124479240574e-01 7.355498881455663218e-01 7.606192753790003147e-01 7.180368697793024779e-01 6.799695660609473835e-01 7.511549160072764630e-01 7.550573626721708287e-01 7.427507886815958305e-01 7.425458142096534875e-01 7.142029012840424018e-01 8.013453649178313709e-01 7.373672693694147684e-01 8.237424798677568383e-01 8.158305060797244046e-01 8.216872865365709711e-01 8.095003038044582544e-01 8.254706911311641138e-01 8.309607369915998909e-01 8.246884397378656528e-01 8.140259718803622979e-01 8.195345756681720051e-01 7.998017811974744706e-01 7.988549887876603695e-01 8.050696245871480361e-01 8.067283780488523348e-01 8.251720848789488860e-01 7.937771640580262300e-01 7.961088185360040148e-01 7.763359605596823476e-01 8.017370916949507764e-01 8.114278075370260357e-01 7.957274611602535019e-01 8.093180840465143966e-01 8.185572184961158460e-01 8.014961098623437641e-01 8.096139966522364340e-01 8.048730002825967844e-01 8.100540613128175416e-01 8.062940770930420165e-01 7.982520665312223818e-01 8.014769424209885473e-01 8.064497033739691512e-01 7.876878391702825111e-01 7.877706570867548663e-01 7.913661822227653353e-01 8.031168717816239422e-01 8.025308775458589450e-01 7.786157443479949647e-01 7.848126663879240184e-01 8.059228895046489649e-01 8.003896902287912507e-01 7.988618802017332099e-01 7.816791518485389778e-01 7.991363473870740641e-01 7.711382392994559076e-01 7.822419187049683975e-01 7.921771502350704042e-01 7.990658798531580231e-01 7.890581670281610061e-01 7.996644987701456708e-01 7.983549948604289348e-01 7.978746881032279248e-01 8.097001438725421885e-01 8.052519706611598327e-01 8.067943578126224313e-01 8.098525731220408419e-01 8.153292982147023471e-01 8.096624428819759745e-01 8.108505032913295718e-01 8.016291217403986868e-01 8.025167344480846898e-01 8.048102242135418694e-01 7.937403991883906773e-01 8.071922217553394452e-01 8.156381991947462273e-01 8.188531480552295738e-01 8.034758739675850192e-01 8.012424647818929824e-01 8.124462390044722149e-01 8.115248729605656353e-01 7.929817150165535677e-01 8.011230045650864495e-01 8.018285637857249792e-01 8.028218406151967912e-01 8.074581389681094734e-01 8.019390516669873126e-01 7.982468028277629468e-01 7.981438465842847219e-01 8.006345046712439739e-01 8.027994368756870003e-01 7.979143553204604000e-01
4.893527578067334571e-02 9.851758941010138604e-02 3.174378540484131261e-01 5.686593336264665899e-01 4.931548455179717849e-01 5.007756801879100772e-01 7.393261542206616133e-01 1.000000000000000000e+00 6.802003043744675459e-01 6.013486390939080106e-01 6.985842247836377972e-01 7.769552554750134288e-01 7.181556217384519325e-01 6.741883315331592685e-01 7.976916123739835607e-01 8.085955642845695790e-01 6.862771917418513112e-01 5.474771065269176118e-01 6.586239707946441868e-01 5.742517294038913533e-01 6.368486757714411084e-01 7.367810368535995247e-01 6.130093197316940357e-01 6.032868738417301868e-01 6.686118128776850078e-01 7.412737997534563084e-01 7.089167061672689840e-01 7.182986892286694625e-01 6.877785707911929780e-01 6.624894734914619221e-01 7.347956330275762227e-01 7.332473576917588609e-01 6.997373233831875039e-01 7.261498348600734509e-01 6.869628663957056958e-01 7.774368794157260343e-01 7.216498551409795681e-01 7.972216765391615390e-01 7.898932358231048889e-01 7.782182527013300488e-01 7.933847107988281078e-01 8.041241297646776198e-01 7.974465003240869265e-01 8.076801897362722027e-01 7.928647391428532698e-01 7.862668574302147384e-01 7.884885688268719051e-01 7.874251045679611094e-01 8.003024212890343936e-01 8.053804020540379360e-01 8.199132393674543051e-01 7.833314861988603939e-01 7.947768746659463757e-01 7.724787398190738896e-01 7.994105821866130945e-01 7.943516363740790176e-01 7.974225528862788348e-01 8.002371354446189411e-01 8.128247166327868811e-01 7.944330687021813331e-01 8.020621839365593697e-01 7.984475743873445941e-01 8.041153690622593331e-01 8.037765767330512512e-01 7.886190031119525434e-01 7.965247337281241569e-01 7.928950952836317789e-01 7.751802033543496728e-01 7.706465162424798176e-01 7.831951461323893859e-01 7.961505694474168005e-01 7.921874404375989220e-01 7.638043050919322008e-01 7.744533835725199156e-01 7.914075519279371029e-01 7.866720073091008070e-01 7.780773734842253431e-01 7.652842153234431510e-01 7.821556332125870759e-01 7.609272536746765070e-01 7.697014106136732536e-01 7.792561844461329823e-01 7.871926154596700087e-01 7.736170835200891771e-01 7.866250248312369742e-01 7.836432670884768692e-01 7.832688028847933914e-01 7.965302417848396654e-01 7.912335309187020771e-01 7.943673419233469035e-01 7.888779685109843509e-01 8.006311581334530914e-01 7.966495695885168482e-01 7.943063143506017276e-01 7.940140375786624016e-01 7.920945616164966063e-01 8.028619564840990819e-01 8.001406961675645579e-01 8.041361542119415118e-01 8.096128489583601651e-01 8.081371136701454017e-01 8.053698122683566885e-01 7.959410792511080190e-01 8.050990617210760369e-01 8.028795938961750256e-01 7.939898786039729650e-01 8.001881615476228449e-01 7.921311279935399075e-01 7.939439778463173170e-01 7.994044495232182079e-01 7.992575529795190592e-01 7.925423041412789082e-01 7.939889264499939703e-01 7.979316845140832504e-01 7.940937870194877402e-01 7.947904308131680251e-01
1.775413477480660973e-01 2.128520228119281654e-01 3.912250848306019213e-01 5.572572836716831457e-01 4.306498387010831430e-01 5.092328820621830898e-01 6.907329987597645715e-01 6.802003043744675459e-01 1.000000000000000000e+00 7.219170109945336478e-01 7.958671323346970805e-01 8.047747119675787708e-01 7.247541613439439923e-01 6.999916462174374798e-01 8.018278123879168939e-01 7.898422422813177191e-01 7.827862552456777978e-01 7.013213280833285879e-01 7.834039011770154159e-01 6.508774096877630866e-01 7.459536530753134720e-01 7.935999883872377758e-01 7.592021129785211375e-01 7.438454741080816612e-01 7.648848396093314017e-01 8.366668043901410723e-01 8.183044219489542526e-01 8.035667140722007051e-01 7.945190365416414657e-01 8.206054431820535289e-01 8.505787806981379706e-01 8.365585193472762082e-01 8.040071312848717788e-01 8.301215876191475607e-01 8.236372454685818578e-01 8.281279940537124018e-01 8.557233523061875680e-01 8.164250105584054396e-01 8.400308707677801578e-01 7.777089736072383408e-01 8.471807793264801711e-01 8.272319943917354479e-01 7.785119286119646098e-01 8.259807088202016923e-01 8.461139135931088351e-01 8.271228627623210539e-01 8.334232882660868036e-01 8.579816610413921740e-01 8.422377771135222124e-01 8.330751611498038445e-01 8.316162339246314650e-01 7.987892109475692726e-01 8.274978961658766563e-01 8.634989529022409904e-01 8.580925516409776410e-01 8.484898325283782849e-01 8.526056638957775213e-01 8.417171101545419809e-01 8.430978160727874426e-01 8.466885101111141232e-01 8.411195452343742662e-01 8.423826763815304153e-01 8.315929811395308402e-01 8.418906082017424408e-01 8.564722790191541257e-01 8.607991312431887421e-01 8.600148315483727712e-01 8.630809856015023707e-01 8.635505779137940818e-01 8.606808787490473067e-01 8.617537243827219084e-01 8.617458914444879881e-01 8.572015328954102342e-01 8.588419829142640571e-01 8.635758326233921034e-01 8.590759958219188475e-01 8.500132255926299285e-01 8.538906084254576090e-01 8.491645221112482655e-01 8.611399426783905575e-01 8.629061461515530329e-01 8.565445714903857644e-01 8.675225063205526110e-01 8.631297340096942827e-01 8.594347545089511264e-01 8.608281552453349583e-01 8.633088946290364829e-01 8.530963833557958509e-01 8.562635141659238336e-01 8.568687958905799595e-01 8.551568527336468328e-01 8.495072377184154089e-01 8.568460063231049251e-01 8.529349528419765125e-01 8.442366392693593236e-01 8.542674950100845876e-01 8.445597515881287931e-01 8.533903802845578257e-01 8.447824440046087791e-01 8.470171416444564061e-01 8.471680112077881741e-01 8.472944990790499675e-01 8.443325223030698767e-01 8.441282709676227736e-01 8.508467994381792021e-01 8.528333425232558218e-01 8.562623526287294062e-01 8.550001551962616020e-01 8.547768526874842676e-01 8.472112288141542269e-01 8.484197133415615211e-01 8.508966988164409218e-01 8.497756876685652605e-01 8.564820079621749960e-01 8.552331506748755974e-01 8.526731988820811514e-01
1.044084214571665975e-01 2.426011841436488403e-01 3.016744400979730067e-01 4.574357799172029115e-01 3.642097570688990205e-01 4.450093720480230441e-01 6.286955831038395504e-01 6.013486390939080106e-01 7.219170109945336478e-01 1.000000000000000000e+00 7.185243533816461081e-01 7.298341794999896326e-01 6.614889294045211976e-01 6.443029562507759378e-01 7.393714895627828687e-01 7.153005663504450329e-01 6.785606662008693002e-01 6.398812875616187723e-01 6.920891558403348132e-01 5.506801246802908167e-01 6.293248974958417508e-01 6.863883040613605324e-01 6.832083762582396025e-01 6.703294304408279336e-01 6.723809338297518368e-01 7.535022925228735957e-01 7.484149774630090013e-01 7.368213652806024916e-01 7.395403889451194201e-01 7.689327204354260425e-01 7.917905365583204347e-01 7.700250480839355705e-01 7.333738314553325255e-01 7.494201138952161223e-01 7.588693531854235896e-01 7.401080827860486711e-01 7.861476611667030934e-01 7.510300191214740462e-01 7.733071222554118718e-01 7.139019972642359768e-01 7.798812556019221187e-01 7.592477690493150133e-01 7.028129124423706520e-01 7.525254406468924184e-01 7.713131083781132880e-01 7.725747325511171937e-01 7.777863345966367081e-01 7.967431837091684121e-01 7.634958658930939279e-01 7.447524313868493229e-01 7.526224444269992153e-01 7.123862758227554881e-01 7.479019437155745020e-01 7.861374939941291329e-01 7.767033769779553287e-01 7.837418238065825271e-01 7.490870221584171595e-01 7.706411313358065840e-01 7.625052163311558662e-01 7.754501483845180898e-01 7.698842178536609016e-01 7.649373565854726831e-01 7.388549364859167135e-01 7.526906551042171767e-01 7.714672377687804561e-01 7.677956669386296618e-01 7.899665880980590860e-01 7.965673196524991617e-01 7.992854393253059353e-01 7.754056649262055512e-01 7.815852412919452874e-01 7.842160607718022813e-01 7.885138395633799480e-01 7.864812465585583334e-01 7.950561380215153129e-01 7.966902615768671758e-01 7.991328838825005887e-01 7.984090912662936690e-01 7.964029821738330961e-01 8.080857030385468764e-01 8.031775296780963025e-01 8.016898160297389886e-01 7.953302843205826145e-01 8.002645335390713432e-01 7.919063730263167233e-01 7.949819342181982940e-01 8.002005630908129996e-01 7.950668673879360826e-01 7.970354185122863200e-01 7.912317769328668371e-01 7.957575872130300265e-01 7.882993545232627186e-01 7.900909982820363275e-01 7.959183569270643632e-01 7.852813769585749171e-01 7.907854173645108009e-01 7.676668080450413933e-01 7.682255638624502225e-01 7.745928408616016281e-01 7.777462536044084107e-01 7.761591243338130663e-01 7.765144824317998795e-01 7.709541520524620939e-01 7.752464873006638113e-01 7.762758682654735676e-01 7.736993967408263284e-01 7.833736766943220076e-01 7.932029866632631654e-01 7.897937613941071744e-01 7.815306918233612121e-01 7.824602455263605094e-01 7.843728119851786085e-01 7.827988348801546703e-01 7.804953545764462541e-01 7.808292559588491111e-01 7.779670911675521383e-01
1.473507809851364592e-01 1.945977586449626762e-01 4.083519658693664511e-01 5.788095062270133262e-01 4.499911635500583040e-01 5.038497386847069492e-01 7.187417258034748402e-01 6.985842247836377972e-01 7.958671323346970805e-01 7.185243533816461081e-01 1.000000000000000000e+00 8.467241239701065458e-01 7.476613326793838388e-01 7.270194495839020776e-01 8.342688975805304663e-01 8.215468747735236166e-01 7.893113839822472055e-01 7.189041254507435585e-01 7.993340516621753045e-01 6.580548703208818351e-01 7.465589181339085112e-01 8.243992631993053433e-01 7.793995789814115449e-01 7.684597475226493390e-01 8.050950556225884291e-01 8.616328476276370330e-01 8.447999674687219906e-01 8.379545072701496400e-01 8.337087700222655107e-01 8.346385154655330263e-01 8.762706414752462480e-01 8.578355885518014201e-01 8.334179884363441815e-01 8.541007409567776820e-01 8.371565502845913498e-01 8.551695829838670271e-01 8.702448617243957463e-01 8.594224683831607203e-01 8.712308955845295966e-01 8.259698445250492904e-01 8.737274008815298920e-01 8.602062709436498755e-01 8.237809704954354162e-01 8.601645841519223179e-01 8.756460467655193813e-01 8.655229042370001791e-01 8.570820957406500851e-01 8.732772978734860692e-01 8.572254520048201432e-01 8.523923775844803874e-01 8.588535395905521064e-01 8.314969967260836814e-01 8.500909531552579557e-01 8.689271597322208995e-01 8.756929153145104339e-01 8.832217703286615595e-01 8.557865185433454203e-01 8.659424853016771673e-01 8.656104934891355462e-01 8.621969138984734160e-01 8.619260263418666579e-01 8.599235995684056943e-01 8.507675955044271543e-01 8.542149446952549408e-01 8.695721228073202136e-01 8.734147532440257322e-01 8.798029108853838709e-01 8.864333204762190332e-01 8.842480627604776267e-01 8.771992702754962679e-01 8.859969097572825136e-01 8.895531665097061724e-01 8.807156460317846491e-01 8.866436852668841961e-01 8.887927752793144398e-01 8.845445425036840836e-01 8.801759744789460216e-01 8.828717980614025906e-01 8.829859826252952626e-01 8.844587912563159904e-01 8.854557416190689256e-01 8.826132192469486881e-01 8.862534005448740038e-01 8.867867833588118920e-01 8.819175005204920037e-01 8.863380086637819844e-01 8.864409974554066096e-01 8.799669249573175422e-01 8.795395862742255710e-01 8.843458274406996722e-01 8.825466660459404533e-01 8.754420583638974351e-01 8.819507104063195602e-01 8.797234822642536756e-01 8.676362137646156381e-01 8.745937134756422981e-01 8.641620584761682267e-01 8.609387474125667072e-01 8.670441291590597066e-01 8.728343855173072985e-01 8.737802122860899301e-01 8.690186951819964811e-01 8.667986584156903707e-01 8.674065688015247799e-01 8.740547899036272828e-01 8.669638872274491037e-01 8.698518648224078387e-01 8.768509566209619077e-01 8.778760422229037186e-01 8.672038747502122114e-01 8.717168626692036737e-01 8.673993534182652398e-01 8.706054059582478688e-01 8.705398167829818679e-01 8.736507355953934129e-01 8.695050248942369775e-01
3.614391242959041906e-02 1.423171619998728210e-01 3.616413444669896449e-01 6.354108310980108865e-01 4.848387991042849010e-01 5.550253353691217972e-01 7.879106717024962903e-01 7.769552554750134288e-01 8.047747119675787708e-01 7.298341794999896326e-01 8.467241239701065458e-01 1.000000000000000000e+00 8.259890233152220596e-01 7.940098906968887649e-01 9.127506984298736636e-01 9.028261477543038094e-01 7.970384581525596923e-01 6.510610188978229740e-01 7.773035501635177091e-01 6.203719808683902937e-01 7.117547198660603147e-01 8.395095271016591587e-01 7.265969859479098902e-01 7.210956595168216410e-01 7.810742391980655119e-01 8.613864031416674782e-01 8.434243464529669332e-01 8.449238922813993025e-01 8.284295996045182298e-01 8.142856397394055978e-01 8.882951924181428094e-01 8.651763395793123923e-01 8.201510907478871681e-01 8.484691903113097400e-01 8.209742293007151748e-01 8.939567874656029201e-01 8.669548094246145586e-01 9.046889649598859329e-01 9.125755169802539646e-01 8.834431900389141390e-01 9.258313700436959781e-01 9.242575923371703084e-01 8.970022052639727850e-01 9.303835805352761446e-01 9.246255627453687786e-01 9.184767842804428817e-01 9.307706343862254261e-01 9.290218135930108367e-01 9.273833340890432764e-01 9.110171582691876102e-01 9.307608410654980569e-01 9.058261955292001844e-01 9.240189281032792357e-01 9.124065017101650188e-01 9.266057986697930904e-01 9.237690886615470554e-01 9.232081530196326602e-01 9.323550225484211751e-01 9.345405060374957218e-01 9.315737132748116434e-01 9.340166000671490387e-01 9.299674082450428703e-01 9.260250413750138465e-01 9.298975299487394208e-01 9.276768750577153444e-01 9.300907768729537173e-01 9.324825570263011176e-01 9.168567177708127902e-01 9.136494964741629365e-01 9.031568326602248398e-01 9.295717568652597240e-01 9.309207926665339361e-01 9.044341086139672248e-01 9.170582031060985351e-01 9.347386298965806306e-01 9.313075507059734859e-01 9.250465532984655237e-01 9.175812647667221933e-01 9.294019778881276173e-01 9.171270979469502427e-01 9.214787919868844268e-01 9.327196357643930957e-01 9.279772071920943111e-01 9.201539771307321036e-01 9.204660480169046810e-01 9.252227385383875458e-01 9.291933784795598505e-01 9.314652200932397319e-01 9.315825168681026724e-01 9.313033652205405799e-01 9.313971582383745451e-01 9.369939468201780031e-01 9.365145376660675147e-01 9.342603273644534134e-01 9.339792943425503369e-01 9.342229850675823899e-01 9.267392518557544534e-01 9.218943378310423542e-01 9.333197425839779848e-01 9.342528084627609308e-01 9.354104128904958682e-01 9.318974783789225613e-01 9.351982002842490482e-01 9.374706596656767754e-01 9.375611978623824561e-01 9.263983720135601230e-01 9.324178123232591542e-01 9.328211680690469132e-01 9.320203923092872378e-01 9.342106728267142168e-01 9.291076583883816076e-01 9.325789316759121039e-01 9.311725799297514428e-01 9.325391168295671385e-01 9.346583032294929483e-01 9.333203742820362914e-01
-2.912131454701605282e-02 1.057931506492339746e-01 2.853593841228970751e-01 5.432908224601360470e-01 4.791976642126919983e-01 5.331384867732389399e-01 7.262604046111711398e-01 7.181556217384519325e-01 7.247541613439439923e-01 6.614889294045211976e-01 7.476613326793838388e-01 8.259890233152220596e-01 1.000000000000000000e+00 7.392478876146657552e-01 8.529227826981956584e-01 8.445699455374457987e-01 7.204078171219098214e-01 5.423658089442415786e-01 6.857961772701226533e-01 5.177411701800760380e-01 6.012318526855657819e-01 7.404000168845771279e-01 6.234542761192475302e-01 6.069769692462073651e-01 6.700065049255781169e-01 7.575603796932561806e-01 7.374216721717744560e-01 7.390958181311317876e-01 7.175092404587889439e-01 7.034958795542886056e-01 7.915928177317587133e-01 7.693051017224338262e-01 7.179844773522526813e-01 7.477222129147254037e-01 7.233322250931074615e-01 8.150052972005703555e-01 7.711308595976076319e-01 8.153060085690261305e-01 8.299738752589644886e-01 8.006541570424645649e-01 8.455534331591600949e-01 8.527330048920054306e-01 8.320383104250560491e-01 8.570634737764983857e-01 8.437753804663408186e-01 8.407705582769262609e-01 8.702349404559395207e-01 8.611974124558304799e-01 8.577036447954816678e-01 8.290524532409434544e-01 8.547247099363836087e-01 8.379453994315293475e-01 8.525918895780782991e-01 8.427869429640738597e-01 8.517914553884678996e-01 8.464430276599457237e-01 8.548770990166755235e-01 8.626473647600761963e-01 8.595995308133818069e-01 8.729526926516909535e-01 8.707937588938212681e-01 8.640687350216670337e-01 8.563597303875564171e-01 8.646606585881920770e-01 8.568503959634161671e-01 8.590934503050438042e-01 8.615685326629681784e-01 8.358378549148037795e-01 8.314159362332396164e-01 8.138110865183745268e-01 8.479176445573015641e-01 8.526841673254101917e-01 8.181731976922747007e-01 8.315515743191932430e-01 8.570836271924826555e-01 8.522019010324708432e-01 8.482371642538651946e-01 8.328213082268104417e-01 8.445543983895223983e-01 8.301594791349140579e-01 8.401638986083468374e-01 8.566304976529236503e-01 8.518000431246399717e-01 8.384847296437623054e-01 8.406249936135595791e-01 8.479164911867309584e-01 8.544142415889719455e-01 8.598915792578628592e-01 8.595349121834866546e-01 8.602907072678307454e-01 8.556762281446417262e-01 8.684293169235877130e-01 8.643159580910770856e-01 8.633942028104639732e-01 8.708661325108285611e-01 8.683071645876095923e-01 8.604993607502190445e-01 8.567173890426473815e-01 8.690018668225972798e-01 8.628432606655139780e-01 8.695498591386630061e-01 8.662039916306004672e-01 8.699278178440340570e-01 8.745200727033812793e-01 8.704807295998467920e-01 8.630924232727094081e-01 8.663623588727222824e-01 8.660396197350466174e-01 8.641416308984750660e-01 8.684947729470499089e-01 8.602267170653592476e-01 8.715785014388935936e-01 8.662246127601235246e-01 8.702957165990056199e-01 8.668909047503440268e-01 8.691675564954247646e-01
