1.000000000000000000e+00 1.219657889566852921e-01 7.797394787450834253e-02 8.661848309318381789e-02 7.414204566002577379e-02 -2.811665868871496277e-02 3.777292605199458753e-02 6.457333482236167488e-02 2.005123225269957454e-01 4.198759327427290661e-02 1.992710705951022954e-02 4.557484729458437245e-02 3.103617821575694116e-02 1.670033167854053160e-03 1.033899398184934260e-02 3.288763902852476911e-02 1.359692728271537365e-01 2.970370039049136796e-02 4.398354098412571300e-02 4.368796161968908215e-02 1.209469099235416095e-01 7.985376875212406300e-02 7.137830601097056027e-02 3.667996477423381835e-02 2.628774418804847093e-02 7.802018825547499259e-02 3.718721575851812594e-02 6.028034936925661010e-03 4.907663465633918531e-02 7.438971607238593908e-02 4.340911731991899808e-02 1.846954823219523756e-02 -5.809593032445393990e-02 4.718079803424325355e-03 -8.693761117894783716e-03 6.474092587876384419e-02 4.287540410300633847e-02 -1.728216128151660244e-02 1.409138049068985390e-02 -5.869367969012338065e-02 9.594487206769560309e-03 -2.091143841466996836e-04 3.005206683305177481e-03 2.223057195714744569e-02 1.394199861450889921e-02 2.104632079376995805e-03 8.263706273741159083e-03 9.248376828113639286e-03 2.378266189527556904e-02 2.335908655001001089e-02 5.797186625034554674e-03 7.791212295798331799e-02 3.343267818473840552e-02 2.538648078702564204e-02 -6.236702314409581921e-03 2.229869197180611023e-02 5.128100075024958487e-02 1.879107549577482350e-03 -2.745441524646015374e-02 5.131071044080519339e-02 1.707068057138678985e-02 1.195794994044679926e-02 -1.230342130587877471e-03 2.692724467030052291e-02 8.092646500270286869e-02 5.643706586227498212e-02 2.028722841811828395e-02 1.440349599390438988e-02 2.110672555881941762e-02 2.648724487032149202e-02 2.176246660499907976e-02 1.425728788941119964e-02 1.154824992713940346e-02 1.605539786789065074e-02 1.803844996049879315e-02 8.140190045528416379e-03 -3.435716101915866922e-03 1.644667742104771735e-02 1.336445270231158972e-02 2.442018390253845872e-02 2.307077071858292319e-02 1.416918611505919856e-02 4.163003460623854873e-02 -1.126253770929606414e-02 -6.438708934745822864e-03 1.978689637927040241e-03 2.009951652519405621e-02 -8.898741888047987519e-03 -8.185535156560573176e-04 3.017568963769638735e-02 -2.615799670851888178e-02 -2.626587286511910656e-03 1.482961619296907681e-02 2.287867390286419788e-03 1.457694642975448972e-03 6.611368426057149909e-03 1.267542273861668040e-02 6.062280480099969254e-02 8.442422867097603562e-03 7.313758870295532753e-03 6.915492617811149975e-03 2.125678250817381737e-02 2.527141131289658421e-02 1.599925289820433236e-02 3.937455008699834724e-02 2.869815104670622730e-02 2.143475311459588223e-02 8.079356614517620161e-03 9.589066027610271964e-03 1.193024406539685937e-02 -8.249948573032170329e-03 2.871052417662084064e-02 7.168272853501852365e-03 2.837150422587611520e-02 4.100731240689077517e-02 3.651076973028673234e-02
1.219657889566852921e-01 1.000000000000000000e+00 6.935200394379129052e-02 6.581247597307325614e-02 8.900567434595817173e-02 7.959824968923961963e-02 1.369631455065417613e-01 9.639996494368925639e-02 1.714967931247652622e-01 1.936117643287909029e-01 1.299351134288817267e-01 1.271775053026756030e-01 1.263721804206172084e-01 1.198233163310094274e-01 1.406120000406168302e-01 1.213653191554263516e-01 1.616509426476567812e-01 9.999976699601392793e-02 1.251850418721677516e-01 1.175859715929239019e-01 9.863166952969500134e-02 9.333926700528290266e-02 1.624964283924212605e-01 1.380085846868854826e-01 1.391781038181613139e-01 1.500613708867417351e-01 1.504642565900950468e-01 1.357459984236536743e-01 1.427939884637048906e-01 1.432186899425670068e-01 1.592869007174984586e-01 1.568162835617330775e-01 1.229827833671910120e-01 1.221211559893367465e-01 1.137803603401232877e-01 1.389873615124271045e-01 1.468499167341370260e-01 1.341743276137860874e-01 1.356406106892114050e-01 1.377752407305226079e-01 1.492933232312222691e-01 1.442337788109698538e-01 1.328088414672732587e-01 1.471699879839116487e-01 1.493427891347542114e-01 1.392171824236458633e-01 1.544385161480994473e-01 1.546310450929019586e-01 1.455718529000082917e-01 1.269425006854653926e-01 1.344159932660726198e-01 1.258895129159658677e-01 1.420227207432045446e-01 1.514434829558550522e-01 1.408722205071594735e-01 1.539757012070606390e-01 1.285894265315216944e-01 1.402915490174626856e-01 1.408554004557274475e-01 1.520449484091185299e-01 1.387755155817498032e-01 1.388590477459480943e-01 1.268043015419531294e-01 1.327081393488543093e-01 1.539455159385066940e-01 1.387454345902193464e-01 1.581159560236399253e-01 1.558959938721336536e-01 1.591424114627894848e-01 1.377607481892590136e-01 1.368576096200231074e-01 1.465043788365415212e-01 1.488347685681606358e-01 1.479109727243163863e-01 1.545576513621249315e-01 1.483588902245911445e-01 1.465620389551325342e-01 1.470943807510647627e-01 1.463395697725459466e-01 1.499625882266790722e-01 1.499545073100792547e-01 1.523500497998678538e-01 1.579877250043673353e-01 1.361627275514060431e-01 1.408723053251041135e-01 1.436550559491139301e-01 1.497677639803160210e-01 1.431234614350689327e-01 1.479741496038400328e-01 1.591293411811458003e-01 1.490798015627396722e-01 1.468957721833049901e-01 1.485698437143133654e-01 1.474415174418362562e-01 1.468912041773699773e-01 1.523649727124899711e-01 1.352033529551487645e-01 1.304727264944976761e-01 1.364587253721721016e-01 1.435647166928691876e-01 1.395684141271453238e-01 1.323306336157272223e-01 1.402347481808110530e-01 1.441580048940429848e-01 1.448361994458701452e-01 1.382160187389770700e-01 1.472892314986570805e-01 1.521698166618579429e-01 1.492001273478358592e-01 1.491221169319783824e-01 1.447930091703523159e-01 1.497537318251850880e-01 1.434852197940761354e-01 1.409428219300655205e-01 1.530858619599753945e-01 1.416756172599478725e-01
7.797394787450834253e-02 6.935200394379129052e-02 1.000000000000000000e+00 3.067522435251975876e-01 2.176796198714353592e-01 2.033061584295144386e-01 3.224479335208054187e-01 3.389691105819508388e-01 3.230026263586850965e-01 3.079817923328614371e-01 3.442117479280348835e-01 3.587652462322810099e-01 3.059065072342153635e-01 3.217744556568943315e-01 3.511093444210677261e-01 3.490291768676311301e-01 3.254624078700839029e-01 3.199152127988873495e-01 3.595606039991739999e-01 3.063470022663902226e-01 3.597629215770901667e-01 3.785731567019533506e-01 3.456871780718907550e-01 3.684099754411813143e-01 3.731583588390118278e-01 3.694546786107054670e-01 3.421939631940480453e-01 3.656481120006452312e-01 3.504438362098269422e-01 3.628020555642193501e-01 3.590593500788174519e-01 3.559781471702435640e-01 3.074018287492457646e-01 3.370072667929126520e-01 3.280791733595406767e-01 3.622363722048937973e-01 3.578433281963560031e-01 3.435994888029225702e-01 3.592255741490820165e-01 3.659849688817774505e-01 3.679087299802162869e-01 3.513150642241302801e-01 3.540187714884587833e-01 3.590088311896527107e-01 3.687633587235542576e-01 3.504763075626335378e-01 3.500213778947881549e-01 3.534362898355071780e-01 3.529888643660605285e-01 3.436769875087206105e-01 3.533460851238577338e-01 3.714535502937210687e-01 3.543187400419400834e-01 3.492803192981793758e-01 3.388885967191829218e-01 3.637919484255774938e-01 3.503251665858452824e-01 3.520110959112877080e-01 3.459224098465419339e-01 3.548140418695469589e-01 3.475335429848766533e-01 3.480709177675163635e-01 3.401443355786412659e-01 3.509978584239656363e-01 3.586098435368561543e-01 3.542985414847820702e-01 3.517371456802489416e-01 3.639660727052998479e-01 3.638024246654817939e-01 3.755603709779711252e-01 3.791890210886364465e-01 3.722616246724401723e-01 3.712919720780909483e-01 3.759054139365525793e-01 3.696330697574269353e-01 3.615828040026947132e-01 3.636709415419139280e-01 3.557316910254960107e-01 3.597095129603664621e-01 3.589856552228220532e-01 3.557662215375726467e-01 3.569234340301923325e-01 3.718261682349802144e-01 3.452090793638848965e-01 3.561942101068490407e-01 3.581427771907566004e-01 3.649517310650553514e-01 3.580384854134420203e-01 3.577056461764203110e-01 3.750271178190328625e-01 3.663524333865524896e-01 3.600283051610930762e-01 3.661756219350021380e-01 3.605717193954300348e-01 3.521825613686581646e-01 3.537100666947782246e-01 3.597962419946758028e-01 3.550282845117115338e-01 3.535721091874378663e-01 3.600483263287244107e-01 3.582757853449418661e-01 3.550712872616791915e-01 3.593208401802282514e-01 3.566010189901324678e-01 3.668099301276820379e-01 3.547555551905335891e-01 3.550250383520677788e-01 3.540123030736072596e-01 3.638597565046898796e-01 3.557552909020736953e-01 3.576170562457827162e-01 3.554210142490185076e-01 3.538433214216018530e-01 3.560145032217338357e-01 3.629346567244571831e-01 3.560779327624428725e-01
8.661848309318381789e-02 6.581247597307325614e-02 3.067522435251975876e-01 1.000000000000000000e+00 3.641683121997084105e-01 3.549486115548223797e-01 5.707553821001857264e-01 5.722195377952000728e-01 5.646427043865962503e-01 5.169141699035243454e-01 5.783767416515666060e-01 6.281455970940770239e-01 5.420200743759183704e-01 5.318950830408663011e-01 6.219596263806351777e-01 6.213241895301021556e-01 5.572322054258593838e-01 4.975854634055766335e-01 5.645528766817202726e-01 5.199455441431157787e-01 5.958442180983579695e-01 6.262202888064667405e-01 5.202847534489662973e-01 5.761757906509047400e-01 5.791533380749691595e-01 5.960982659919662474e-01 5.887553636416884562e-01 6.027517044516595979e-01 5.804814943438757480e-01 6.039552382717912060e-01 6.113527565540716191e-01 5.983793971329804950e-01 5.530599857108661199e-01 5.846879692754544111e-01 5.755892985462737199e-01 6.004314365486042027e-01 6.031471389515237203e-01 6.162661356452742156e-01 6.174211989723029648e-01 5.974845610217647263e-01 6.147321083877200776e-01 6.125196179464672541e-01 6.127455380157299514e-01 6.276183957931164015e-01 6.264561237973242935e-01 6.123269811022578057e-01 6.107907571824129356e-01 6.099936413806903435e-01 6.218627072696792935e-01 6.157638576454370627e-01 6.207959994145562099e-01 6.266749402337821184e-01 6.300994992539891149e-01 6.070094015940739052e-01 5.904375148948451946e-01 6.176336431090148071e-01 6.227508979597354832e-01 6.138662412540307756e-01 6.002937941198452920e-01 6.172104397605580051e-01 6.122501300340403851e-01 6.092633436139722747e-01 6.122174355996109485e-01 6.168666798701093468e-01 6.326353107918378793e-01 6.291662522041183703e-01 6.154372705203314808e-01 6.095802126442271263e-01 6.125316271886485087e-01 6.420551378243403162e-01 6.443802665849654998e-01 6.263141587113811859e-01 6.204467485667553017e-01 6.227336789763082692e-01 6.156799439057643042e-01 6.102103181220550621e-01 6.119578473337001778e-01 5.970201393800907974e-01 6.170176405663535535e-01 6.112825595691319114e-01 6.104137048405291477e-01 6.125284883062983576e-01 6.311606206726625423e-01 6.031795478651640341e-01 6.154941998897338618e-01 6.197137729211454893e-01 6.233161506387576711e-01 6.182806199868374764e-01 6.172725132619605315e-01 6.205637230767272472e-01 6.137000940474429678e-01 6.183079550703297622e-01 6.241078907799937348e-01 6.209407110602355173e-01 6.101730905448506936e-01 6.122073350330263786e-01 6.270580065328095198e-01 6.340132050083395754e-01 6.201536067623369952e-01 6.234327574254565629e-01 6.221285583658593410e-01 6.264897096596365733e-01 6.192470040813879972e-01 6.230162698624799322e-01 6.330870519212515868e-01 6.202695320938598211e-01 6.196896189257545817e-01 6.088861635282692975e-01 6.127646669978377147e-01 6.161200305536231880e-01 6.119482990802976863e-01 6.170003689797588509e-01 6.139660933088409989e-01 6.195088177068680535e-01 6.261221291980215709e-01 6.252733046210381396e-01
7.414204566002577379e-02 8.900567434595817173e-02 2.176796198714353592e-01 3.641683121997084105e-01 1.000000000000000000e+00 3.179458252081053260e-01 4.489054255518679093e-01 4.832879338491380405e-01 4.387920941444304890e-01 3.897348967230473415e-01 4.533991264600698012e-01 4.849866599137820922e-01 4.553437125844591593e-01 4.527555281164920009e-01 4.821188317690414116e-01 5.020793914406416203e-01 4.227804107944050371e-01 3.995584132316831183e-01 4.439002462929025339e-01 3.502342532804670339e-01 4.577318286167149086e-01 4.636190299397272008e-01 4.389033236382909875e-01 4.342181800825415383e-01 4.392784535790228984e-01 4.768151930678335981e-01 4.628510936201141179e-01 4.573163154483585457e-01 4.450078047414758875e-01 4.542310675925333996e-01 4.794336329694824372e-01 4.668376215352475489e-01 4.229230624186494647e-01 4.148176645054061917e-01 4.354295053986277364e-01 4.660742239462729031e-01 4.680791286687427943e-01 4.628776100170400309e-01 4.821548759716788868e-01 4.498392605902140629e-01 4.891933279735324880e-01 4.845312436921963561e-01 4.771839989537616789e-01 4.993401361534831606e-01 4.924966426171740186e-01 4.759831135258236201e-01 4.810371548424046684e-01 4.893883225732460485e-01 4.747287746273951559e-01 4.401504191099749885e-01 4.747698192305062626e-01 4.773163379158194553e-01 4.800040352629989515e-01 4.838574290453596660e-01 4.632049470882436126e-01 4.865046011686208760e-01 4.802044889990675913e-01 4.891799056907819021e-01 4.580943077711139844e-01 5.007096659502162650e-01 4.842401038846350092e-01 4.832138853480588692e-01 4.697970304316470003e-01 4.870697823862656928e-01 4.870881852672417356e-01 4.960566004107649918e-01 4.841313912467107294e-01 4.828260317145839364e-01 4.913044075354172646e-01 4.827600059689105549e-01 4.998908302300614781e-01 4.898326466889854069e-01 4.805856798483804093e-01 4.918176014568640397e-01 4.901248617276266484e-01 4.852553523036725602e-01 4.836197034872660727e-01 4.789339594380007670e-01 4.880115635221367043e-01 4.862440389601311863e-01 4.876833518416804902e-01 4.840674115304579583e-01 4.963366813457944504e-01 4.780588121726087047e-01 4.736709460535185601e-01 4.779905604011151499e-01 4.896486012970782675e-01 4.860982323322396437e-01 4.880121934243794035e-01 4.965379678530725815e-01 4.871286244384993580e-01 4.925958469250659721e-01 4.906444355934849177e-01 4.892207542720266034e-01 4.839618236306684196e-01 4.854736915666995611e-01 4.782197932913051508e-01 4.881761072416022640e-01 4.874762636611385536e-01 4.879194307246724205e-01 4.897900490621587832e-01 4.880839806351217613e-01 4.884940257792991791e-01 4.938404236558958660e-01 4.934361173973597081e-01 4.833091122163731823e-01 4.842917610419280039e-01 4.864810681601811626e-01 4.881960478726561914e-01 4.848763438902247702e-01 4.781399418186329520e-01 4.933025942828661026e-01 4.851785835555028070e-01 4.914343220078378205e-01 4.889049078987432462e-01 4.928885803809902044e-01
-2.811665868871496277e-02 7.959824968923961963e-02 2.033061584295144386e-01 3.549486115548223797e-01 3.179458252081053260e-01 1.000000000000000000e+00 5.176673088075723905e-01 5.018879076832314379e-01 4.993383892149306225e-01 4.913483019195042378e-01 5.451881665798049559e-01 5.614934760391711022e-01 5.172613980339811901e-01 5.436595232168269787e-01 5.776472884642663841e-01 5.763358513272114347e-01 4.984454571903096376e-01 4.629817119651018498e-01 5.049734084338536322e-01 4.118834774465958137e-01 4.694583484473434098e-01 5.064333770972686555e-01 4.516672975591561334e-01 4.861956318311796421e-01 5.084415330477072281e-01 5.623448420747961807e-01 5.703053298727158715e-01 5.681129844406710427e-01 5.677353901845558770e-01 5.571157415508400934e-01 5.853587666123925004e-01 5.456344786436734262e-01 5.286890039347295067e-01 5.273833233149707311e-01 5.473117139192842373e-01 5.281608572248844835e-01 5.599092542373776960e-01 5.863404856585888725e-01 5.774545431495059500e-01 5.532781633737661187e-01 5.943929678007067174e-01 5.928298891075163279e-01 5.695088611462235662e-01 5.910347626135616927e-01 5.848704863232280227e-01 5.938983855922352895e-01 6.006430777703470891e-01 5.993356752631697759e-01 5.905549314818782092e-01 5.672865944923314308e-01 5.969588814554257494e-01 5.470080147075474519e-01 5.935539003706603589e-01 5.893043081297899555e-01 5.818242052941613451e-01 5.778526102866197167e-01 5.764488237444858054e-01 5.949760705115677561e-01 5.966527443628657501e-01 5.901782258691440353e-01 6.015653033061703070e-01 5.912935742097563674e-01 5.959136406636533767e-01 5.875152442087053783e-01 5.860656507884228761e-01 5.863388076518384340e-01 5.957432436876543003e-01 5.893997563259772976e-01 5.831775480690574165e-01 5.842036200104404609e-01 5.921300552672537076e-01 5.950779065768236897e-01 5.793358610742290749e-01 5.890352908781464336e-01 6.003202728334610105e-01 6.026265102619946523e-01 6.002562365589694249e-01 5.987118050293264160e-01 5.965120393534856236e-01 6.004364435311803083e-01 5.982653336125457466e-01 6.014543277511508190e-01 5.921431633474486533e-01 5.941040788373319614e-01 5.939342084920129494e-01 5.921446821957676576e-01 5.912722265352692297e-01 6.024536679537922934e-01 5.975491973428090908e-01 5.903562601175204039e-01 5.981037823323596125e-01 6.028451933653830030e-01 5.982572114701744104e-01 6.039624467003091857e-01 6.029885512997906760e-01 6.037106562540096588e-01 5.979378167874137562e-01 5.960342754283077804e-01 6.046633569205722702e-01 6.031587017254961269e-01 5.984727226204865635e-01 6.013311621828696385e-01 5.948143843976227974e-01 6.033951330491814646e-01 5.944241984188652905e-01 5.911726992232040345e-01 6.025942369865674442e-01 6.018965125178198372e-01 6.021004795078584992e-01 6.017406863642859038e-01 6.025861666989307253e-01 5.982683468693428264e-01 6.023126493832112738e-01 5.988426629713937688e-01 5.968907550256180583e-01 5.948880654157380210e-01
3.777292605199458753e-02 1.369631455065417613e-01 3.224479335208054187e-01 5.707553821001857264e-01 4.489054255518679093e-01 5.176673088075723905e-01 1.000000000000000000e+00 7.214747945394051065e-01 7.353236243700492780e-01 6.969489321341397758e-01 7.599410325675105549e-01 7.976614698104910195e-01 7.229298366414873556e-01 7.575963989930256659e-01 8.403916423214807807e-01 8.137725936147351957e-01 7.202799464719320532e-01 6.654228392924290691e-01 7.265648528525799899e-01 6.087122059464029622e-01 7.050981103208487921e-01 7.262970783988198509e-01 7.200299532340493913e-01 7.479037828440314728e-01 7.512271321693393400e-01 8.065376136506003935e-01 7.876268572878449836e-01 8.062272702096061616e-01 7.975085068015250744e-01 8.024936435554836933e-01 8.286510101018029761e-01 8.075366623681222711e-01 7.451534781437108013e-01 7.543267023555427775e-01 7.817573962601709336e-01 7.520530356141474915e-01 8.074446065850238163e-01 8.183688254360413916e-01 8.183431896266164518e-01 7.825697860434732700e-01 8.246753824882073758e-01 8.265491283336838801e-01 8.061117798224336495e-01 8.320751030927203695e-01 8.293112385660924568e-01 8.279087518418767333e-01 8.297623014898404259e-01 8.326549154081289705e-01 8.208725568018760965e-01 7.917351043470404193e-01 8.229095972321357477e-01 7.733928247478960571e-01 8.175155952275386939e-01 8.281240058150596273e-01 8.118403336990216435e-01 8.327825370608286093e-01 8.039333364536843662e-01 8.251637580496576918e-01 8.198906743266011210e-01 8.338629895722970975e-01 8.281684869868604082e-01 8.285659025322064108e-01 8.162101662992653495e-01 8.194942298164610284e-01 8.157233306060773792e-01 8.270568710652648203e-01 8.316623944201883001e-01 8.302684052479584187e-01 8.353492194104686908e-01 8.237454178733780719e-01 8.381882201191018789e-01 8.328705055507811261e-01 8.298178176892593294e-01 8.374197400805254432e-01 8.386996688920850263e-01 8.368057190701896353e-01 8.365241835007851678e-01 8.343863958482075072e-01 8.391391977462941965e-01 8.387553437842361070e-01 8.337160972528013803e-01 8.376352871445298387e-01 8.390454834573252141e-01 8.329268016871269609e-01 8.288844026046665592e-01 8.334537228793841290e-01 8.345626972108004527e-01 8.397461495193745407e-01 8.375346182405148943e-01 8.410286892601905873e-01 8.324580580212482817e-01 8.365874101247421368e-01 8.369587281565408210e-01 8.399517805370330104e-01 8.330395872886331432e-01 8.356987057082738701e-01 8.243335787647589896e-01 8.242941015721109155e-01 8.329290951299792578e-01 8.363701569186128282e-01 8.322863762436503166e-01 8.314974445970211292e-01 8.343781053402965497e-01 8.357998188835168429e-01 8.343088365543136486e-01 8.225979671987228015e-01 8.335863110081617178e-01 8.353062643870787785e-01 8.357069249781563514e-01 8.352292943492237720e-01 8.334054651021982618e-01 8.358123525716720792e-01 8.352445992162138566e-01 8.322647019529951784e-01 8.295614678708548295e-01 8.342553994613757240e-01
6.457333482236167488e-02 9.639996494368925639e-02 3.389691105819508388e-01 5.722195377952000728e-01 4.832879338491380405e-01 5.018879076832314379e-01 7.214747945394051065e-01 1.000000000000000000e+00 7.118214348810256720e-01 6.498635701590477209e-01 7.436665001232790617e-01 7.902041678703125571e-01 7.068222923953122461e-01 7.303418117016274858e-01 8.001560324677284841e-01 8.179057823932021076e-01 7.159981235878450923e-01 6.446386993970339985e-01 7.018737933406893337e-01 5.710002331820628330e-01 7.198990794723382214e-01 7.288460314365293735e-01 6.632749313234107547e-01 7.048842719783241506e-01 7.129319769705715348e-01 7.634194841661506858e-01 7.486582960234211548e-01 7.521548996955546018e-01 7.589211628545137200e-01 7.599738917057793364e-01 7.888649202958708528e-01 7.579822085341481053e-01 6.960281082097196093e-01 7.148967769184650933e-01 7.325775255297747313e-01 7.433421454488009505e-01 7.598913929758435160e-01 7.851335718466059266e-01 7.920298084613601741e-01 7.339256642938404296e-01 7.904324057695797379e-01 7.993427029375628212e-01 7.802331488358459355e-01 8.104463447803530451e-01 7.976229552444503712e-01 7.890208303360112252e-01 7.979770044737776180e-01 8.054411901623375059e-01 8.022971424393062767e-01 7.715912263334417931e-01 7.999586264568034899e-01 7.731228117177069148e-01 7.973784431314921983e-01 7.978051837082998921e-01 7.812017241291817626e-01 7.954433239085639817e-01 7.998235287033794716e-01 8.037540701506092899e-01 7.849403718990334289e-01 8.095924190186268854e-01 8.079650494005140571e-01 8.048475045727881971e-01 7.990170206130531305e-01 8.039797054926334230e-01 8.027141755015662072e-01 8.143673555323263091e-01 8.042609278613984669e-01 8.016299071267187770e-01 8.027044508335124950e-01 7.979621586843624881e-01 8.165165498756428164e-01 8.081514798376864261e-01 7.945573463250772406e-01 8.078237023950881612e-01 8.038803826304379285e-01 8.004538501792769489e-01 7.958923660072996231e-01 8.002075299362240157e-01 8.010899318001905023e-01 8.049388405966524385e-01 7.976226987853939354e-01 8.059795521875861013e-01 8.107266536793354961e-01 7.939470059675954872e-01 7.976021754558862975e-01 8.000172111072445524e-01 8.020887847288380446e-01 8.073725180153964454e-01 8.066165447574706882e-01 8.072868276206610627e-01 7.921391441755825102e-01 8.072598511850310743e-01 8.085193329475531820e-01 8.077830024001666498e-01 8.067230973236224623e-01 8.063246081691670675e-01 8.085717367085751839e-01 8.175465614597544617e-01 8.117513336597937945e-01 8.121229684868888077e-01 8.102729232493420808e-01 8.156899301516004064e-01 8.117419555738824011e-01 8.156915599487410962e-01 8.165444330386532057e-01 8.084189904670934235e-01 8.111271755249784832e-01 8.069479890378531417e-01 8.056333556889436753e-01 8.095286046351590770e-01 8.038993865122771032e-01 8.120417250003442167e-01 8.097653250731418062e-01 8.123349957658647646e-01 8.074151124932744672e-01 8.155089599902672903e-01
2.005123225269957454e-01 1.714967931247652622e-01 3.230026263586850965e-01 5.646427043865962503e-01 4.387920941444304890e-01 4.993383892149306225e-01 7.353236243700492780e-01 7.118214348810256720e-01 1.000000000000000000e+00 7.193593574387013856e-01 7.783255039332469538e-01 8.218360105489110889e-01 7.419886955587446931e-01 7.554033971899569710e-01 8.278730904805576829e-01 8.197977103098660345e-01 7.926260409997344381e-01 6.781703634429803174e-01 7.271831036534166515e-01 6.010991634787057336e-01 7.118255871746305141e-01 7.281827279643494633e-01 7.191269033618911122e-01 7.293687643728564707e-01 7.243939078814457533e-01 8.194700233291998259e-01 8.047162083583417891e-01 7.932921211337575773e-01 8.057812230188808877e-01 8.265793856675892615e-01 8.457361625183854592e-01 8.051586389935064814e-01 7.238830854447660945e-01 7.465339531388744954e-01 7.805633286064396215e-01 7.846590735103844416e-01 8.189024427656583782e-01 8.195838425663538596e-01 8.299446408999967550e-01 7.687170840863110088e-01 8.383991867353163263e-01 8.342781153725765675e-01 8.098655259664527817e-01 8.463490120993764076e-01 8.370687198195566614e-01 8.300740749466117840e-01 8.508651322152583907e-01 8.537553017642034447e-01 8.506429037013744088e-01 7.998227528748671489e-01 8.352132184808491733e-01 8.021204073138170632e-01 8.436809105297436995e-01 8.478234646652362816e-01 8.184011114037493817e-01 8.449137393409286156e-01 8.450161052017567398e-01 8.432851393994336142e-01 8.277115200651714577e-01 8.626826467718303748e-01 8.499460167589637516e-01 8.469167632951605240e-01 8.347197101461922841e-01 8.420854800151588160e-01 8.628619834277049261e-01 8.546182895308245264e-01 8.556567389501010812e-01 8.443530895932955804e-01 8.459548289216890504e-01 8.259726643475705510e-01 8.392355283691196322e-01 8.437043024727478580e-01 8.332985278027283949e-01 8.393860479591837009e-01 8.508416776065406140e-01 8.462779725430304989e-01 8.396558172592689662e-01 8.446362838242150728e-01 8.451945734967640789e-01 8.559334539850125267e-01 8.474716621114816162e-01 8.533745742097375020e-01 8.588051678544182943e-01 8.342127733210857876e-01 8.306661387335472213e-01 8.365987554736017406e-01 8.483957914052286942e-01 8.451505138285357877e-01 8.492347323947035953e-01 8.522529852888768298e-01 8.304401578249174243e-01 8.459415288314512393e-01 8.495217825855109206e-01 8.489593317653549853e-01 8.500362416518314479e-01 8.532493782304512164e-01 8.392976335463707693e-01 8.500770057697905058e-01 8.461808780894274351e-01 8.490800958236837115e-01 8.436569232177978384e-01 8.505591293533784070e-01 8.510605741711033678e-01 8.523593832343413501e-01 8.558513596970510617e-01 8.453830046495207640e-01 8.547041235020363947e-01 8.511970175597483035e-01 8.497744036090496556e-01 8.542541183354073198e-01 8.450513739441745109e-01 8.597644205655189387e-01 8.501105216107684992e-01 8.540280465314946667e-01 8.616156548065762033e-01 8.585822990506207786e-01
4.198759327427290661e-02 1.936117643287909029e-01 3.079817923328614371e-01 5.169141699035243454e-01 3.897348967230473415e-01 4.913483019195042378e-01 6.969489321341397758e-01 6.498635701590477209e-01 7.193593574387013856e-01 1.000000000000000000e+00 7.326165163004105807e-01 7.601297303050879028e-01 6.836419044015709101e-01 7.114811654073488478e-01 7.788345293384324464e-01 7.576182068896273325e-01 6.958207561629918825e-01 6.282752466495239441e-01 6.888378783170253650e-01 5.611971502071301243e-01 6.354689505842094910e-01 6.737549478584344831e-01 6.663142975744977825e-01 6.927541085074276905e-01 6.897055313507501895e-01 7.646092101372999883e-01 7.567437037739639383e-01 7.657568159861819490e-01 7.626216747615884861e-01 7.678617598573896919e-01 7.883948847996200548e-01 7.697784730071178805e-01 7.198804045285641662e-01 6.989538554337508813e-01 7.401896543915651439e-01 7.079879788132639185e-01 7.680518568233731802e-01 7.733321843009237639e-01 7.756457551049508181e-01 7.530727226709569289e-01 7.982550991719561395e-01 7.891466258124490984e-01 7.661234125117043492e-01 7.903068052275057376e-01 7.918509698839210076e-01 7.841407531849550194e-01 8.065844993478937797e-01 8.139926510601772636e-01 7.984388063929719337e-01 7.380016388333868749e-01 7.854334937810232287e-01 7.236814648799461125e-01 7.845039087043244042e-01 8.028401844079433580e-01 7.811602752228752333e-01 7.948982763916581096e-01 7.715582536974381345e-01 7.944727717371374842e-01 7.949719120655909244e-01 8.052449623135637946e-01 7.947642588695180699e-01 7.992172081843691434e-01 7.808629782053524426e-01 7.819901542673620698e-01 7.830727717532270926e-01 7.889162510273647344e-01 8.072683226225402242e-01 7.982825268213863401e-01 7.997850509165425059e-01 7.782775672130416433e-01 7.922522600324517494e-01 7.975905250449534245e-01 7.897364573699826584e-01 7.960707193657414749e-01 8.035132732575044345e-01 8.035002507761903612e-01 8.012243462215442591e-01 8.011051493072981478e-01 8.016057454363926249e-01 8.046441295210557954e-01 7.999201514397170643e-01 8.035885937633054921e-01 7.997556019632077184e-01 7.971809022703569836e-01 7.912297988415645245e-01 7.919094205981638268e-01 8.024165982205185843e-01 8.059813744596507901e-01 8.019696089800409933e-01 8.068036266871789763e-01 8.033866127720410422e-01 8.050140742196888466e-01 8.026754057943978893e-01 8.067928674269200240e-01 8.062038101767269316e-01 8.104081372664139193e-01 7.889289284366554078e-01 7.754750349426379197e-01 7.980971811497711288e-01 8.038895893364418344e-01 7.994706677202724210e-01 7.929536719504205466e-01 7.981389760905841513e-01 8.029824707902503134e-01 7.968545148230278263e-01 7.894002313099968138e-01 8.019878091192188529e-01 8.070739432855765783e-01 8.068052711654023490e-01 8.053730196171180467e-01 8.057674494910302965e-01 8.068461770143590117e-01 8.042166501776213394e-01 7.969513396856506837e-01 7.989692627482207765e-01 8.003519136631672692e-01
1.992710705951022954e-02 1.299351134288817267e-01 3.442117479280348835e-01 5.783767416515666060e-01 4.533991264600698012e-01 5.451881665798049559e-01 7.599410325675105549e-01 7.436665001232790617e-01 7.783255039332469538e-01 7.326165163004105807e-01 1.000000000000000000e+00 8.609401272179594278e-01 7.669127765355793214e-01 7.921463221221486384e-01 8.636289042750201483e-01 8.570328004918292830e-01 7.761851642020868303e-01 6.986401257606166260e-01 7.741212021428980350e-01 6.410866595292493697e-01 7.259870519695094115e-01 7.737209328786158746e-01 7.447116542767430181e-01 7.803250680260973571e-01 7.835433022528176528e-01 8.449241192416944157e-01 8.387839638366451078e-01 8.473883091753930952e-01 8.448256513277379032e-01 8.475242539782528173e-01 8.755435003267050265e-01 8.456202298036956666e-01 7.767459961349768571e-01 7.905246184873239157e-01 8.193063088091414592e-01 8.132800488852125476e-01 8.548004856755805347e-01 8.618133011213162664e-01 8.727586066595837133e-01 8.401394791195021527e-01 8.801984171165011528e-01 8.801602323781657633e-01 8.641858840005609554e-01 8.865505901674073375e-01 8.825164085606654885e-01 8.797966839912692016e-01 8.898693193653706146e-01 8.930768920468454830e-01 8.875918122723669423e-01 8.240259043248475690e-01 8.764800653359717808e-01 8.277527234151825786e-01 8.739627347187557405e-01 8.860438336546742066e-01 8.684962675764388296e-01 8.856443533850931749e-01 8.723313916070741802e-01 8.845105951798066801e-01 8.799766606367698252e-01 8.887533414942015986e-01 8.898771488145531539e-01 8.872988599372996221e-01 8.773079193139620147e-01 8.815920978444742317e-01 8.762572547499731801e-01 8.820007251998230879e-01 8.910089379726887637e-01 8.870340127993068258e-01 8.862085209099519467e-01 8.752118268416676505e-01 8.873316860348912094e-01 8.904659365179694586e-01 8.843140510163677304e-01 8.882096010487732229e-01 8.924695341741198940e-01 8.909317220456249853e-01 8.897449903309064823e-01 8.870947130909450085e-01 8.910298076229413722e-01 8.922348074140675767e-01 8.887347877641903482e-01 8.929695637455925539e-01 8.939693625912411568e-01 8.815309469283454380e-01 8.790773328215047977e-01 8.835304143456690351e-01 8.920819661210379614e-01 8.936921836646198880e-01 8.932926907889987556e-01 8.936876705405455423e-01 8.882963555395960720e-01 8.937226197344592116e-01 8.949881717344404519e-01 8.956284937438732108e-01 8.921064432321805793e-01 8.943399077852067780e-01 8.823890957282515268e-01 8.731930360585903328e-01 8.913660952327345788e-01 8.926635258100684700e-01 8.941326354872498605e-01 8.883761363021416280e-01 8.890014991025664282e-01 8.935918032747661721e-01 8.908775576958783970e-01 8.824075692310662244e-01 8.906636624760901899e-01 8.935826729466913587e-01 8.940529491158711872e-01 8.931778115515468519e-01 8.928711294209412674e-01 8.941981418446039998e-01 8.935576048146400829e-01 8.925156644416205598e-01 8.897696999072879365e-01 8.903218609140264306e-01
4.557484729458437245e-02 1.271775053026756030e-01 3.587652462322810099e-01 6.281455970940770239e-01 4.849866599137820922e-01 5.614934760391711022e-01 7.976614698104910195e-01 7.902041678703125571e-01 8.218360105489110889e-01 7.601297303050879028e-01 8.609401272179594278e-01 1.000000000000000000e+00 8.107651747962173472e-01 8.378711675802995584e-01 9.187415090678062723e-01 9.124537907768541789e-01 8.247594016259561789e-01 7.382787894374411852e-01 7.971214310552097171e-01 6.746757214734325769e-01 7.782038057656061047e-01 8.172780391271051714e-01 7.666213070718436162e-01 8.090068303789959003e-01 8.114743158300153913e-01 8.810280309389347808e-01 8.759617906629140194e-01 8.846553550015660017e-01 8.754811726660952642e-01 8.860891463290463399e-01 9.185740428869942908e-01 8.846623661322349230e-01 8.160066311040954368e-01 8.384137099468707000e-01 8.566968847703916312e-01 8.617897020490222770e-01 8.934843969756264270e-01 9.152991432230188629e-01 9.222561142376080046e-01 8.752344055818891411e-01 9.205181671377385966e-01 9.274502258231734908e-01 9.120434163349697698e-01 9.360472575391287631e-01 9.283562053700386008e-01 9.258606475169074423e-01 9.337377795322555629e-01 9.358864298887061839e-01 9.331123164291992289e-01 8.823562237439128708e-01 9.273396782678203776e-01 8.827797545503917043e-01 9.249940869342803129e-01 9.296200316423949284e-01 9.105906891100150613e-01 9.277021510385136116e-01 9.255746334127440411e-01 9.323304778563152873e-01 9.239016211302438775e-01 9.386482126329749320e-01 9.351340177781775065e-01 9.353535787185156547e-01 9.266261649940588097e-01 9.331101606057856657e-01 9.289864364678829256e-01 9.341873456725439118e-01 9.375771343324167395e-01 9.294585543635939251e-01 9.280330666995669775e-01 9.245724904280909762e-01 9.355037430764781003e-01 9.355040386309271261e-01 9.240753979136855367e-01 9.283153603213503136e-01 9.333940016103685622e-01 9.336044067393841628e-01 9.310596503885688602e-01 9.284843370168710530e-01 9.333543515232307630e-01 9.349380828698754531e-01 9.302793371741163719e-01 9.378205696767616395e-01 9.403457129563611572e-01 9.250761786457736280e-01 9.232701678061120409e-01 9.305505665805103854e-01 9.382982086799398491e-01 9.392914133342583627e-01 9.390504267901567115e-01 9.364919959391603266e-01 9.316256836780154593e-01 9.378829193768937200e-01 9.405985215310691538e-01 9.417072387277567458e-01 9.386455972933055447e-01 9.403102568872190314e-01 9.294935417205665296e-01 9.280514903861820653e-01 9.378703605711210534e-01 9.391282023617717467e-01 9.395578791709350286e-01 9.387662539942928097e-01 9.369753984535632574e-01 9.411737414173603211e-01 9.404331331734638866e-01 9.324118263435887677e-01 9.395940838608126677e-01 9.377625534043675382e-01 9.371681439750499942e-01 9.397880978150563447e-01 9.374455010700757374e-01 9.419745200668118157e-01 9.403793401145884578e-01 9.415583701822947127e-01 9.408468902039224258e-01 9.402547478228510114e-01
3.103617821575694116e-02 1.263721804206172084e-01 3.059065072342153635e-01 5.420200743759183704e-01 4.553437125844591593e-01 5.172613980339811901e-01 7.229298366414873556e-01 7.068222923953122461e-01 7.419886955587446931e-01 6.836419044015709101e-01 7.669127765355793214e-01 8.107651747962173472e-01 1.000000000000000000e+00 7.600947284990142716e-01 8.339714812102763108e-01 8.222986410609187669e-01 7.279342977873402010e-01 6.576691813257514729e-01 7.163833527910171695e-01 5.896204255279829942e-01 6.743834100045082991e-01 7.212145915992649314e-01 7.041102026075437559e-01 7.367104630135465904e-01 7.385851112811443464e-01 8.014137238218475012e-01 7.822254474410199609e-01 7.892915190122867797e-01 7.895257699628609460e-01 7.955591698954406210e-01 8.305744869024795918e-01 7.957225357086675777e-01 7.416956705555808327e-01 7.557423205378327458e-01 7.773482724575794256e-01 7.682508044571871864e-01 8.054052157791005140e-01 8.222848817706551738e-01 8.267687583188753075e-01 7.809029086726372304e-01 8.281673497632895398e-01 8.335122994329902113e-01 8.255289384524854279e-01 8.452461129224679848e-01 8.315524754877617886e-01 8.323810193845840866e-01 8.446892829518515278e-01 8.453847583259603837e-01 8.351183483533435314e-01 7.919931562646291834e-01 8.314343130664942905e-01 7.925523674304189026e-01 8.313553212148465654e-01 8.301480935809074646e-01 8.115049341150032403e-01 8.324009921349101448e-01 8.139206113184569436e-01 8.413175950641796907e-01 8.216561866442413375e-01 8.472777212909677891e-01 8.422785384519575480e-01 8.362096346557171822e-01 8.242748591307568207e-01 8.327424895038892938e-01 8.282709672005321710e-01 8.336984414678095812e-01 8.462401102320430413e-01 8.396686600099722009e-01 8.398894134881976781e-01 8.278590241789496318e-01 8.382692536229742197e-01 8.435421968447124330e-01 8.348804427664293648e-01 8.404159604735814693e-01 8.455370548863675451e-01 8.431234746773866862e-01 8.411518484151109254e-01 8.378245733196730827e-01 8.451086675107084556e-01 8.473315380468082747e-01 8.396135362321379692e-01 8.468841811385169338e-01 8.449638900791862639e-01 8.389040389905633166e-01 8.362591653174379358e-01 8.413184193202899452e-01 8.423315187569752061e-01 8.481692465599727226e-01 8.477997697544271682e-01 8.460298060884119398e-01 8.391018162695186300e-01 8.481437019061874860e-01 8.468069285049508732e-01 8.500594072193654593e-01 8.493747301654537285e-01 8.478017930187647933e-01 8.355129358191629718e-01 8.317630222575947974e-01 8.467510371964042104e-01 8.479340097924382702e-01 8.483988107895652497e-01 8.446526433638257281e-01 8.466735160273544114e-01 8.514808988345602403e-01 8.493327898942625298e-01 8.312780607825266399e-01 8.462271098778825218e-01 8.493598891870315359e-01 8.437516130478427412e-01 8.483829438629721942e-01 8.418512074849607840e-01 8.508177665151031022e-01 8.451716027823549249e-01 8.468375884117638197e-01 8.468072759228795210e-01 8.446707085611230292e-01
