1.000000000000000000e+00 1.920575444340294480e-01 3.383154609359365073e-01 1.466678896492265016e-01 5.875210546463559974e-02 9.150649442804154043e-02 1.475551973402642325e-01 9.086193341832389525e-02 2.856935546987394714e-01 1.483918257770404647e-01 1.545156962824575653e-01 5.672703277419269274e-02 5.043684534592712126e-02 6.200157627702447549e-02 6.092246461826772430e-02 8.676919038447016008e-02 2.884827844010919295e-01 4.041415846646284060e-01 3.425136507248619511e-01 3.430915914668883904e-01 3.042267648043224804e-01 3.112307613252457972e-01 3.123558076858777288e-01 3.696805325663993225e-01 3.210282370798178131e-01 2.035720500921660570e-01 2.044865425325633757e-01 2.198849400699319501e-01 2.172941794829514883e-01 2.262017156176706345e-01 2.081662447523361104e-01 2.288306532142649896e-01 1.633486262980886616e-01 2.160189392456909607e-01 1.715401647892736137e-01 1.955876692710593334e-01 1.638688611172116338e-01 1.238417682847477580e-01 1.240583733615116396e-01 8.744119128373166461e-02 8.581353992439037792e-02 5.544652521826980152e-02 4.895132972081674139e-02 7.718687391283832189e-02 1.048978546609781598e-01 8.933301915617543332e-02 2.080507954936604981e-02 6.471089094848303525e-02 5.497778819418328716e-02 9.734547254564714092e-02 7.851285416924622118e-02 8.252851398744377731e-02 6.496811598899818185e-02 1.015999809000390774e-01 1.571228309518202249e-01 1.548833112423060598e-01 1.467241771111244264e-01 3.204029222284148631e-02 7.140496038435145687e-02 7.527222189102121541e-02 4.234796486622714740e-02 9.349988742651341167e-02 8.458139017165447471e-02 8.834854790096340060e-02 1.140127351247172127e-01 1.104079129405254461e-01 9.103004273617368303e-02 1.568625736487108124e-01 1.452918326349628697e-01 1.537188770364167067e-01 1.132925918994052983e-01 1.238917558838317223e-01 1.721275717487498746e-01 1.407419832141479088e-01 8.863479486245642858e-02 8.403650849261110056e-02 7.125904435546397131e-02 9.556361888862069387e-02 8.789927532624434992e-02 1.005984474523020783e-01 9.937306127846451398e-02 7.667963246707830416e-02 9.064345995245191856e-02 8.226557221268131215e-02 6.972486974089345257e-02 1.112106519080172107e-01 8.747883031629269390e-02 3.695329054943113228e-02 5.914189153821640399e-02 1.044252984921075905e-01 3.640381762922455938e-02 3.340163142306567384e-02 4.383701829100586367e-02 3.213155810465475465e-02 1.982152358924998622e-02 2.992278239348467039e-02 2.685381104344167214e-02 6.468178918150249701e-02 1.885501911370045941e-02 3.595129928889474052e-02 1.541809824808796497e-02 5.370789183582665854e-02 3.528482179713258310e-02 2.848233981174352891e-02 5.363456623017192476e-02 6.910025010793036104e-02 5.735931985509046260e-02 4.374968794605745698e-02 6.700547285240804340e-02 2.546932397698847828e-02 3.857527166037601207e-02 3.114849872156303864e-02 4.692420242631480803e-02 4.099885391756948744e-02 7.912508838207338302e-02 6.059780768461829614e-02
1.920575444340294480e-01 1.000000000000000000e+00 1.063375977323415128e-01 1.790791773671576020e-02 5.505227739910208140e-02 1.327001229506732105e-01 1.376069179175621604e-01 1.061664307738733604e-01 2.411611237214957293e-01 1.860544368804563087e-01 1.500223177117419315e-01 9.988743849446364564e-02 1.234637165799598590e-01 1.358874319037950418e-01 1.441372479989973809e-01 1.477046850873979522e-01 2.162729064339595220e-01 2.121593120450915582e-01 2.176371240033427024e-01 1.039386692421910563e-01 1.241098160593952504e-01 1.757541174512375626e-01 2.081785449643238084e-01 1.887103371361546211e-01 1.965604897160488640e-01 1.811602842559072724e-01 1.799811267839434292e-01 1.912079522084674521e-01 1.766645796755898778e-01 1.907909776447300199e-01 1.981689364488663230e-01 2.028922510541544544e-01 1.740983940151672182e-01 2.055788348757477124e-01 1.875792962790354679e-01 1.710989298594122188e-01 1.742797184703193114e-01 1.754115390210779779e-01 1.747680590436332948e-01 1.510111736766930890e-01 1.721672137716245277e-01 1.618729979078328551e-01 1.263023061586290852e-01 1.632207988506385599e-01 1.677806231441586471e-01 1.646080595422652615e-01 1.598029918159227236e-01 1.821419651183552590e-01 1.658431392351045197e-01 1.510761126064283089e-01 1.586963213721626353e-01 1.412885592930583079e-01 1.580321410563633455e-01 1.926412177038548390e-01 1.891961215598274570e-01 1.892055500135610691e-01 1.811704490755469132e-01 1.558553345414781244e-01 1.789093141525515129e-01 1.625115092687749174e-01 1.565507086679698845e-01 1.763834538448877665e-01 1.639494448180661423e-01 1.655796858629254575e-01 1.780423294518477251e-01 1.723605140587086693e-01 1.873092158797196038e-01 1.951631284088522489e-01 2.023349172898701032e-01 1.614120722564856003e-01 1.677527316932491963e-01 1.879070849010440192e-01 1.916480245204181254e-01 1.845232983436425889e-01 1.711040586087799464e-01 1.778407807276584096e-01 1.725290853187629314e-01 1.676310658905027229e-01 1.796420153612924286e-01 1.871749498803114142e-01 1.869755974587858915e-01 1.777426902316681934e-01 1.796124527939170490e-01 1.797772679267012896e-01 1.701667921643795767e-01 1.844151454298386950e-01 1.789983871581707076e-01 1.621678719543523939e-01 1.771317395323494248e-01 1.788324107614712999e-01 1.625326854025400114e-01 1.638704775570009320e-01 1.660996788423834414e-01 1.617827060821817875e-01 1.656079512102218709e-01 1.698076219958322974e-01 1.453150397619497047e-01 1.475522250489353093e-01 1.569684538380375083e-01 1.596397513645429200e-01 1.501567954413315364e-01 1.550248340390862900e-01 1.562114860510319392e-01 1.573315208278687760e-01 1.588518826526132133e-01 1.663645882877549387e-01 1.703688551302361409e-01 1.736493697721697149e-01 1.788942340975483436e-01 1.678189469287115210e-01 1.672271304854107132e-01 1.596315586883281235e-01 1.675142254945080900e-01 1.579772397222893865e-01 1.755745621695285197e-01 1.657493839958758264e-01
3.383154609359365073e-01 1.063375977323415128e-01 1.000000000000000000e+00 4.323679090051527618e-01 2.919069098044156374e-01 3.322224999508175403e-01 4.617730278507885533e-01 3.968480185618853406e-01 4.035021329356676123e-01 3.596602185898769566e-01 4.365032425597863974e-01 4.054074649367678806e-01 3.646197703473780805e-01 3.506507581467345203e-01 4.025267319856142834e-01 4.050921297437160562e-01 4.331457067221821666e-01 5.117210350515974948e-01 4.946022455972142184e-01 5.214814908127739512e-01 5.453434185458255756e-01 5.332993512928827506e-01 4.972133956415643596e-01 5.342917504756792280e-01 4.915999440449267954e-01 4.343599944752048470e-01 4.532132041305247938e-01 4.651491596139066265e-01 4.595410152838765860e-01 4.533319981971160040e-01 4.692435605133328802e-01 4.595202777136851435e-01 4.091625962892138091e-01 4.540055316443558642e-01 4.018901272291572901e-01 4.874775628580083620e-01 4.549148451516736857e-01 3.966946493207774149e-01 4.170267805287344309e-01 4.334206299206073698e-01 3.912471386674551965e-01 3.879140871872032159e-01 3.981613597914380187e-01 3.984274006824328751e-01 4.200852179837396005e-01 3.850000783289748707e-01 3.315035571481124710e-01 3.503795371129188041e-01 3.486759166565330803e-01 3.932985406510904891e-01 3.928215700031457147e-01 4.136329936125961448e-01 3.775777441714990301e-01 3.534036453707505299e-01 3.887619534564993318e-01 4.094658533963581037e-01 3.884418742295564497e-01 3.347279064728480025e-01 3.386392655535429008e-01 3.625562635241117992e-01 3.487016731969572736e-01 3.480431064056658808e-01 3.673537829374991515e-01 3.808827488291273156e-01 3.909298962677243972e-01 3.841187667906765801e-01 3.718757403679017193e-01 4.263487263174894348e-01 4.092907198430292826e-01 4.446234501131109962e-01 4.273269850476483778e-01 4.094264229551958789e-01 4.334444842104598350e-01 4.241356065220110438e-01 3.882383113623662507e-01 3.815713746206567669e-01 3.759416043859249434e-01 3.816121485405313818e-01 3.886877475732083420e-01 3.855961741069949267e-01 3.985787882034896312e-01 3.835021616467889083e-01 3.924226792654520457e-01 3.669952835514902478e-01 3.838598833779542918e-01 3.973516163919446620e-01 4.030898365041367670e-01 3.579567853904930264e-01 3.692575846299907538e-01 3.975049869654858070e-01 3.794065715207930456e-01 3.583942655059073057e-01 3.697935250308882482e-01 3.631686140651469441e-01 3.327858339241762109e-01 3.320330755615312768e-01 3.659448523157909916e-01 3.773853630920421809e-01 3.405058468307518016e-01 3.633718628044452226e-01 3.484830810435406989e-01 3.637665608934264605e-01 3.600565902756205361e-01 3.547394821589636149e-01 3.755135044549727796e-01 3.579471546454371378e-01 3.546911167979209245e-01 3.398126964890482715e-01 3.590545819783863557e-01 3.282026788117444749e-01 3.438436907688335875e-01 3.339019784104870769e-01 3.414983950082257635e-01 3.569631407581204674e-01 3.709339911744416463e-01 3.628409140646665643e-01
1.466678896492265016e-01 1.790791773671576020e-02 4.323679090051527618e-01 1.000000000000000000e+00 4.211731793557920156e-01 4.258158025017550474e-01 6.300797376051990861e-01 5.897464760165346265e-01 4.391274987917229145e-01 4.342962123245899253e-01 5.560332309341333712e-01 6.408717666976103677e-01 5.454100228952514229e-01 4.098941198150990450e-01 5.742029972638977853e-01 5.750063707920348710e-01 4.352175289324120566e-01 4.206546865934075452e-01 4.508713144980591725e-01 6.072886031786756122e-01 6.160459839393990222e-01 5.227791175982134941e-01 4.443127059836996517e-01 5.620319913126520239e-01 4.936000538600790466e-01 4.822700463458641784e-01 4.997084562810987229e-01 4.600109825595737889e-01 4.719086691219134821e-01 4.741351852461017646e-01 5.110579223923104042e-01 5.135467212664440728e-01 3.990743847085247986e-01 4.654112941654059421e-01 4.137173981641411036e-01 5.517388572609389641e-01 5.348005172362573223e-01 4.737401953077684524e-01 4.925926395657782009e-01 5.030530046561371149e-01 5.071233969056868629e-01 4.943030479425756796e-01 5.380811946016179625e-01 5.078659179077492647e-01 5.189980322860703321e-01 4.785657949232141051e-01 4.864548639636468996e-01 4.794593175401360430e-01 4.897228974572752636e-01 4.765718043027700190e-01 5.173408330174590342e-01 5.385519702432436384e-01 5.132461876971553538e-01 4.708305179485207659e-01 4.903017236067943596e-01 4.838764100503678556e-01 4.837889265346634882e-01 4.697789554863530670e-01 4.521384288414100339e-01 4.975852633145303461e-01 5.074747310299823067e-01 4.687999316668514660e-01 5.038780926776471603e-01 5.142622830446085258e-01 4.953869525874494695e-01 5.152251202462477808e-01 4.880261366223894171e-01 5.046415488232189883e-01 5.007784736913791779e-01 5.685344281367478159e-01 5.312253056796342188e-01 4.966907193215412963e-01 5.341603894395660079e-01 5.394520668013376152e-01 5.060653962021882668e-01 4.846553620430256171e-01 4.869094752211852728e-01 4.696652179532139204e-01 5.164049975221136624e-01 4.850787777253284250e-01 4.892778337756010787e-01 4.935059367379830420e-01 4.951673848818839430e-01 4.623697551003176920e-01 4.828097540182026970e-01 4.996894738815435555e-01 5.033306357013920262e-01 4.830688256738960851e-01 4.835397344623524329e-01 5.056161731784689639e-01 4.940164634916279773e-01 4.896061512354191181e-01 5.030224142073973503e-01 4.982476518273163402e-01 4.790396765443687976e-01 4.754188574139155410e-01 5.172182012395407646e-01 5.239606301955170853e-01 4.975931503770646414e-01 4.958452624336627257e-01 5.029575600274978076e-01 5.092806880651224999e-01 5.130136647054721610e-01 5.013706464907475846e-01 5.187655993299518098e-01 4.970166229282189652e-01 4.992212789887909286e-01 4.730367011522098042e-01 4.796582942700637897e-01 4.679425035155328483e-01 4.724313978786467416e-01 4.842754846587372652e-01 4.844772548651342103e-01 5.072683206217452057e-01 4.891908070798027253e-01 5.073437875983005663e-01
5.875210546463559974e-02 5.505227739910208140e-02 2.919069098044156374e-01 4.211731793557920156e-01 1.000000000000000000e+00 3.554085294399385586e-01 5.172557578167028547e-01 4.866852085365209191e-01 4.141122766685462198e-01 4.238854379449681908e-01 4.810387166456689401e-01 5.111779724204598141e-01 4.979771747807701376e-01 4.110585677189857456e-01 5.242498048967005886e-01 5.172195933000173218e-01 3.997547118453758652e-01 3.546734645500644878e-01 4.112451631394322127e-01 4.163529133452628650e-01 4.462161923734137559e-01 4.508305445686554003e-01 3.934774891713758715e-01 4.298102546586756167e-01 4.303119492398637114e-01 4.608231864227672059e-01 4.622557004732176789e-01 4.580595705670633122e-01 4.144833979367880672e-01 4.697373384439031963e-01 4.800171720085900096e-01 4.593645010075170787e-01 4.157430461103536201e-01 4.432147975767354864e-01 4.393627529749266625e-01 4.824287870233932574e-01 4.919391925247107444e-01 4.606129116530165990e-01 4.876601326985055551e-01 4.862216717216307216e-01 4.967653958275670689e-01 4.989573065294908849e-01 5.226574496321937380e-01 5.068152477633118824e-01 5.023277906332822562e-01 4.903438148061013968e-01 4.852891371471415027e-01 4.819287391940529908e-01 4.726840552368828385e-01 4.609045468330384976e-01 4.846488124934469344e-01 5.081893757147157853e-01 4.943893780085753531e-01 4.726387173676386833e-01 4.768402982564800552e-01 4.806245253384761051e-01 4.658638328667012440e-01 4.922650031155091921e-01 4.614515401115371618e-01 4.934318439716581794e-01 4.884560393232941777e-01 4.775437116842921048e-01 4.792991327142847591e-01 4.900203675951228521e-01 4.826828567663406511e-01 4.930776073155102579e-01 4.840519558142945544e-01 4.823496117256935722e-01 4.781396883467026737e-01 5.000003299301217785e-01 4.999026313460333548e-01 4.896216550249203325e-01 4.894945319696862307e-01 4.988877787227130600e-01 4.896692232331836259e-01 4.828858373497327827e-01 4.792783492494000486e-01 4.554634278317093443e-01 4.932389579991009465e-01 4.837219065701079956e-01 4.812071726729695298e-01 4.903841007404393659e-01 4.839656453329720387e-01 4.762262903946480330e-01 4.788177272832895293e-01 4.818536415706141662e-01 4.893392630176786051e-01 4.855119577804799524e-01 4.837030053696242393e-01 4.896314618906522642e-01 4.868253425263083245e-01 4.935136248678315685e-01 4.964997442160735130e-01 4.961779830357714860e-01 4.832328632128693457e-01 4.814029315144870425e-01 4.860072160575739098e-01 4.891975208845129597e-01 4.853994828322306110e-01 4.858886180313579661e-01 4.994725379917143160e-01 4.902211687314947941e-01 4.970211623746350060e-01 4.979785990442039401e-01 5.002153261720811983e-01 4.817042740827830460e-01 4.809058250232143839e-01 4.803653128107314707e-01 4.823379416870093861e-01 4.830325027687094597e-01 4.795979408628438523e-01 4.930613271347105697e-01 4.856782917111893694e-01 4.961565866585395668e-01 4.887068439662938801e-01 4.933394236845967673e-01
9.150649442804154043e-02 1.327001229506732105e-01 3.322224999508175403e-01 4.258158025017550474e-01 3.554085294399385586e-01 1.000000000000000000e+00 5.629503455581287286e-01 5.096706274601844333e-01 5.333799876249538663e-01 4.914437097948643474e-01 5.694451595908703867e-01 5.952818254755074534e-01 5.492426688901360654e-01 4.979704827254796129e-01 5.986130001417063751e-01 5.880709474108219981e-01 5.245549946247599626e-01 4.503634214226805432e-01 4.990142645501650653e-01 4.813605397886202009e-01 5.273175112011023735e-01 5.365260321867754145e-01 4.758267145298603618e-01 4.925211977997773771e-01 5.172930021073700591e-01 5.837946351350554730e-01 5.847540449855320732e-01 5.706262343474881593e-01 5.778833558326136322e-01 5.636534270233993782e-01 5.971468912667636797e-01 5.714823771472350433e-01 5.193990926640705830e-01 5.473456698935476039e-01 5.479461296886629640e-01 5.799555073568233299e-01 5.868411846760064332e-01 5.760066427964130042e-01 5.902230730902726652e-01 5.724016736308747966e-01 5.993426786843807363e-01 5.952951864411439864e-01 5.827864322089599813e-01 6.001080642904428331e-01 6.013135270963713142e-01 5.855515079477087159e-01 5.912732072160573615e-01 5.949740929890373620e-01 5.905275028318893726e-01 5.818775388955936823e-01 5.938049332651179624e-01 5.982962876934845298e-01 6.009986794310355762e-01 5.925589025204444082e-01 5.878483194878472151e-01 5.891557999443811644e-01 5.894655532768613426e-01 5.849854305454527115e-01 5.755177568000537924e-01 6.009366697527124268e-01 6.003304058980869495e-01 5.828113444187499326e-01 5.931124545557088235e-01 6.011709914151716072e-01 6.001115585651729534e-01 6.080323855199136762e-01 5.939651235043104105e-01 5.931759625469498198e-01 5.882253407488921004e-01 6.066232990786931678e-01 6.057113507921397799e-01 5.980930812979438072e-01 5.867168528166291086e-01 5.974193051920664299e-01 6.048614797623420580e-01 6.013863267556722736e-01 5.995122126919802952e-01 6.012838733760557108e-01 6.074193587846061781e-01 6.003042467130116355e-01 5.968298260257122179e-01 5.999999957798910488e-01 5.921744902850919479e-01 5.853215848591554193e-01 5.855346647675387928e-01 5.925699882608607139e-01 5.995609398306288584e-01 5.913412153202981525e-01 5.953915738397753676e-01 6.051512521392453658e-01 5.932022111197842174e-01 5.981855154864984536e-01 5.998604706273992226e-01 6.010044259843977388e-01 5.906418661382244473e-01 5.905549791686205419e-01 5.901410255587934417e-01 6.007680745786004861e-01 5.953943660714076103e-01 5.920340317185573964e-01 5.906451317319874050e-01 6.001740011446849987e-01 6.032107849035791558e-01 5.994502650939528277e-01 6.036307077975672231e-01 5.948496257702309276e-01 5.978092492854414353e-01 5.906947373752245989e-01 5.937960877688271966e-01 5.898750826947568582e-01 5.882830567643946296e-01 5.941064704191482138e-01 5.925841107616700576e-01 5.999520516891942989e-01 5.986215822276075293e-01 6.034746021773188529e-01
1.475551973402642325e-01 1.376069179175621604e-01 4.617730278507885533e-01 6.300797376051990861e-01 5.172557578167028547e-01 5.629503455581287286e-01 1.000000000000000000e+00 7.381799930157726397e-01 6.960836910119624354e-01 6.814101521395458105e-01 7.657607711621201574e-01 8.049631478904003545e-01 7.440484466344794434e-01 6.617063465312917891e-01 8.450400649031784006e-01 8.028344618449698711e-01 6.911542491499320651e-01 6.161723434630471674e-01 6.889114673545256862e-01 6.586834228661385682e-01 7.036073562855126307e-01 7.280980865563630999e-01 6.757486662975150660e-01 7.055265328882751596e-01 7.194877808454330781e-01 7.642333629543081042e-01 7.755981328743936087e-01 7.682230205648391541e-01 7.263319144391474635e-01 7.602411101727968301e-01 8.015919713222645626e-01 7.740520702916495743e-01 6.982180230457681880e-01 7.446632340047506515e-01 7.223713163552120120e-01 7.786105475723918978e-01 7.954978484649417592e-01 7.593972602085913293e-01 7.928180686380255082e-01 8.001020200227101364e-01 8.023980606533382964e-01 8.045942428690706638e-01 8.021474538187618464e-01 8.026492899951860327e-01 8.129531997563492762e-01 7.864764855293936430e-01 7.766678812693595946e-01 7.765581785176838281e-01 7.693856166726187329e-01 7.581689365242729739e-01 7.899035880605598248e-01 7.880949726237457265e-01 7.861340215944918608e-01 7.676714780459599208e-01 7.723574224447401493e-01 7.786224608266374414e-01 7.567675356862471059e-01 7.706029141292665141e-01 7.470135438958895868e-01 7.804120931477420697e-01 7.814882804906843061e-01 7.562257487000212386e-01 7.684941409978228721e-01 7.811388810676984651e-01 7.736457567089589649e-01 7.813670854105948527e-01 7.818942390678172982e-01 7.887483901103863326e-01 7.916427550359046439e-01 8.037319095232818844e-01 7.965017448730532523e-01 7.896701791796220116e-01 7.988077178900681030e-01 8.079159524584506036e-01 8.011339640664058015e-01 7.956889679739794774e-01 8.016167916676283367e-01 7.737885075174619764e-01 8.051446796333232570e-01 7.851428631628499799e-01 7.896062058256404503e-01 7.944967210375740718e-01 7.907150621840001170e-01 7.743126226744607710e-01 7.865321419336236408e-01 7.915305020110833256e-01 7.976453311679727598e-01 7.898710585233137405e-01 7.915918097185932201e-01 7.927631578376304056e-01 8.042123622560212182e-01 7.959294516895406568e-01 8.003628383406646840e-01 7.991061818091941271e-01 7.746725775847916884e-01 7.741228750911938183e-01 7.904057171966372142e-01 7.839559750922873160e-01 7.805960887631802070e-01 7.889636964247571660e-01 7.949299198027185431e-01 7.849555984620043558e-01 7.904964268532723715e-01 7.895407160345662145e-01 7.966525542956645056e-01 7.742450749829056234e-01 7.821723838730484379e-01 7.736593936557066842e-01 7.797744268873805229e-01 7.675869209875163524e-01 7.714269662433832497e-01 7.775222630600814311e-01 7.723975218910503759e-01 7.886159831853093438e-01 7.789375063668172450e-01 7.825660313034609183e-01
9.086193341832389525e-02 1.061664307738733604e-01 3.968480185618853406e-01 5.897464760165346265e-01 4.866852085365209191e-01 5.096706274601844333e-01 7.381799930157726397e-01 1.000000000000000000e+00 6.564915020141772750e-01 6.574478445385957270e-01 7.319574645964006532e-01 7.792229956311895744e-01 7.308642089686644416e-01 6.366268097271967630e-01 7.870475504328661165e-01 8.038227166181235450e-01 6.561396538259361977e-01 5.511652119259371485e-01 6.247477106005924208e-01 6.107041910280215369e-01 6.450768381220430836e-01 6.549654010278139760e-01 6.027012547636965145e-01 6.310671643124520225e-01 6.455788771995173425e-01 7.069085839063526944e-01 7.071476388274876568e-01 6.861664958845516971e-01 6.364779877997798208e-01 6.925748120662741369e-01 7.344414671098912217e-01 7.227760761628261310e-01 6.401233281943510267e-01 6.958603395952583925e-01 6.754066394704577592e-01 7.354786586774483270e-01 7.409703742040509855e-01 7.313457221469855662e-01 7.425625484114461994e-01 7.387293812525080883e-01 7.636502205374303687e-01 7.576200945048670032e-01 7.700775952032750116e-01 7.706895561912470161e-01 7.693214078318760807e-01 7.381511918530765382e-01 7.621723534655380217e-01 7.591133132652111426e-01 7.640965935061974079e-01 7.384529567772417646e-01 7.700277806041457840e-01 7.678811304142223459e-01 7.705503315911038653e-01 7.476478769071980279e-01 7.487817540151114892e-01 7.504780437419258377e-01 7.476299935088847048e-01 7.571678326632553802e-01 7.460992995255496529e-01 7.658828849773134939e-01 7.698398456973403192e-01 7.525216534032134197e-01 7.622423634543340487e-01 7.721459771823333540e-01 7.587964554774893067e-01 7.740459052569376164e-01 7.587715451852695692e-01 7.537859472857648679e-01 7.483468270004610678e-01 7.691456024273759517e-01 7.630272397644769500e-01 7.552992842237894466e-01 7.538926682040324456e-01 7.667285832914485511e-01 7.653454869919253944e-01 7.537466121318788792e-01 7.523234848052912094e-01 7.221507554829539322e-01 7.662474699277740386e-01 7.597944965494289882e-01 7.609217959553130628e-01 7.622798876579460758e-01 7.590641839274058222e-01 7.413238922012587162e-01 7.499242214058001732e-01 7.597261444567431354e-01 7.643310051349461176e-01 7.599153429458090914e-01 7.590237360816535217e-01 7.657315550800645187e-01 7.594530847129198348e-01 7.657170234198684700e-01 7.711101525192978201e-01 7.684865383183894227e-01 7.610474457080775856e-01 7.593440022649854404e-01 7.659869500442388901e-01 7.673837226833478686e-01 7.657552145413453193e-01 7.662484317601908623e-01 7.723113600169202453e-01 7.724492507260394270e-01 7.736482042413561633e-01 7.750592977634231939e-01 7.793358115103181660e-01 7.622168133729895212e-01 7.639506044191618495e-01 7.540292235939882737e-01 7.586993525591274601e-01 7.575120365700489522e-01 7.628518350688991978e-01 7.631826619568065073e-01 7.652224266542678732e-01 7.706771001646639530e-01 7.589743188528690343e-01 7.723307357685840202e-01
2.856935546987394714e-01 2.411611237214957293e-01 4.035021329356676123e-01 4.391274987917229145e-01 4.141122766685462198e-01 5.333799876249538663e-01 6.960836910119624354e-01 6.564915020141772750e-01 1.000000000000000000e+00 7.503498073815703107e-01 7.734907130271077014e-01 7.423089604435927358e-01 7.335940798302005295e-01 6.901816762754320322e-01 8.016397439135467540e-01 7.913365452742776585e-01 8.230942844319203422e-01 7.440668960242876606e-01 7.932619399689420092e-01 6.670029359718480100e-01 7.041522980578355240e-01 7.781158379895015687e-01 7.390673512217383889e-01 7.403383558673891640e-01 7.943295989358208908e-01 8.374774044537321993e-01 8.229625423055995093e-01 8.165308662938239870e-01 7.806343893966548597e-01 8.327434412603902381e-01 8.579644111690785113e-01 8.494992505876953759e-01 7.762100874734816358e-01 8.374038122936293682e-01 8.248837199816967392e-01 8.056297381268650026e-01 8.201255716696846942e-01 8.381565767459410177e-01 8.394574532399055045e-01 7.739645895487307081e-01 8.418473436121007847e-01 8.214511494816150172e-01 7.753034737984868530e-01 8.373942479060363375e-01 8.404045356742082529e-01 8.303389255578355055e-01 8.344605627812224924e-01 8.547400237799323008e-01 8.382929952974864651e-01 8.273975056762365998e-01 8.347564435255057091e-01 8.132924741580045414e-01 8.318884373750052852e-01 8.653088016024695905e-01 8.637767839799377345e-01 8.653338183412995210e-01 8.611561431031462543e-01 8.262299701106922134e-01 8.410411143112994647e-01 8.514428976254364567e-01 8.369190852577683692e-01 8.505339743463842250e-01 8.424248621961999417e-01 8.507293716996127131e-01 8.616423541686114573e-01 8.631351558355705444e-01 8.598857305902397608e-01 8.679987121368542002e-01 8.635125583375919955e-01 8.502455758227842608e-01 8.496454455092852243e-01 8.622452880096068695e-01 8.595558319035180306e-01 8.602125703359642106e-01 8.538429147020772936e-01 8.497102115039130155e-01 8.413298621001418232e-01 8.391902772917607667e-01 8.505431560984687556e-01 8.607576222381704278e-01 8.567110530293080561e-01 8.533990719509564338e-01 8.467405977275275220e-01 8.525467103939978752e-01 8.375972488440946995e-01 8.602572816465566818e-01 8.471312840204588968e-01 8.322749398614490701e-01 8.444495056631934338e-01 8.582104689845065915e-01 8.195214066876470582e-01 8.349325439145038885e-01 8.353001856813870862e-01 8.345738369401654033e-01 8.354329273938351230e-01 8.405341483231983934e-01 8.084516843251565721e-01 8.347948418163001483e-01 8.311015954695297747e-01 8.300466467677107829e-01 8.187658094563678990e-01 8.429878873045990595e-01 8.332366400395546657e-01 8.355564452229514716e-01 8.422052821353634977e-01 8.453922133850132470e-01 8.468498787489198154e-01 8.434019324764653325e-01 8.492882135444288494e-01 8.369824427177815496e-01 8.370744407550636534e-01 8.398778833941283883e-01 8.433081727719604626e-01 8.397240685491029755e-01 8.563991820684071499e-01 8.492199961636750505e-01
1.483918257770404647e-01 1.860544368804563087e-01 3.596602185898769566e-01 4.342962123245899253e-01 4.238854379449681908e-01 4.914437097948643474e-01 6.814101521395458105e-01 6.574478445385957270e-01 7.503498073815703107e-01 1.000000000000000000e+00 7.431669841161785417e-01 7.464203626343640652e-01 7.270304241525131772e-01 6.763766165302343980e-01 7.975527388298228049e-01 7.800288641072441465e-01 7.367956582854235936e-01 6.658939208603805726e-01 7.106679235875941192e-01 6.045017622362455212e-01 6.473967790406465195e-01 7.179374357972866383e-01 6.801289934139970184e-01 6.597117947597782583e-01 7.218505573056209768e-01 8.004817482516726201e-01 7.806044666408344934e-01 7.766999532646290394e-01 7.388849449130960867e-01 7.892923255891600709e-01 8.145114303671958655e-01 8.044183345342486025e-01 7.430088467464456281e-01 7.831340878769262881e-01 7.871879886535078086e-01 7.582626230627407260e-01 7.905260078198608209e-01 8.076117881667222997e-01 8.158106518792934692e-01 7.627181019577765619e-01 8.182597343965174463e-01 8.097508955889283211e-01 7.708053409349949758e-01 8.187266448026105925e-01 8.150731715608073857e-01 8.160049059099347968e-01 8.173683273934695404e-01 8.322310178996152885e-01 8.202094702869625609e-01 7.958824178124556115e-01 8.123018352535734676e-01 7.800487147714971758e-01 8.085470573059020394e-01 8.328787427735441229e-01 8.214807699697221910e-01 8.224259994608861257e-01 8.150728443066896922e-01 8.089476109702780082e-01 8.169749574990587959e-01 8.234340254568977002e-01 8.222313115044491694e-01 8.195763746952832163e-01 8.133272916078241321e-01 8.206602897599702962e-01 8.183051070926741222e-01 8.269463588550205468e-01 8.310714482172861794e-01 8.262028522186766200e-01 8.247900141589462608e-01 8.121449541396073002e-01 8.216899428027449881e-01 8.262317753705644696e-01 8.156925523469986672e-01 8.205790607492946531e-01 8.321647838633995375e-01 8.271927783180459404e-01 8.223984650479769787e-01 8.146236843820092721e-01 8.239194745100627548e-01 8.288747008414529827e-01 8.267058529493961361e-01 8.305601941948094202e-01 8.202491186462455008e-01 8.249342457418348262e-01 8.214979885040386565e-01 8.266976818426317042e-01 8.238787992969205387e-01 8.229083277993328727e-01 8.251632586164410199e-01 8.297576540769762143e-01 8.106366440289972664e-01 8.224355952727309127e-01 8.217593430406365806e-01 8.222691530908943225e-01 8.217981542028598430e-01 8.260188451812814359e-01 7.953676329099204079e-01 8.083353149759674450e-01 8.206710736735317591e-01 8.170016074420604069e-01 8.095567534672069021e-01 8.200566821651533722e-01 8.162775707615200771e-01 8.209862134484632312e-01 8.207935906314843821e-01 8.185994067431032750e-01 8.243738167765333191e-01 8.274604383230605986e-01 8.272855699922282424e-01 8.212315140622317156e-01 8.196620084396070149e-01 8.221728375140789913e-01 8.232501619393944869e-01 8.230508250824746241e-01 8.262330565720835684e-01 8.266833304470668775e-01
1.545156962824575653e-01 1.500223177117419315e-01 4.365032425597863974e-01 5.560332309341333712e-01 4.810387166456689401e-01 5.694451595908703867e-01 7.657607711621201574e-01 7.319574645964006532e-01 7.734907130271077014e-01 7.431669841161785417e-01 1.000000000000000000e+00 8.356294311790360974e-01 7.852573230300825546e-01 7.099974281331530301e-01 8.642968948037140775e-01 8.440975067863902837e-01 7.787213248054957182e-01 7.114897423823313138e-01 7.688310948170773429e-01 7.012170313346415274e-01 7.566753070018384930e-01 7.912363170395880774e-01 7.453950066941869013e-01 7.483872785706974229e-01 7.889916886587918787e-01 8.425310472571715392e-01 8.267286189509563954e-01 8.169984096351768921e-01 7.855416963205675840e-01 8.319403144243810999e-01 8.767634263514709758e-01 8.580106580600844746e-01 7.883107286049777507e-01 8.426107217069401800e-01 8.208404131794528880e-01 8.519938380825078372e-01 8.579180375814462467e-01 8.558360987739435100e-01 8.704758923186241004e-01 8.364414686908497876e-01 8.756973754686098177e-01 8.633273843769138089e-01 8.519221164046312245e-01 8.771828833174618589e-01 8.829807547855635930e-01 8.580168378698176390e-01 8.644892058635772480e-01 8.713383376382437540e-01 8.641811598072227651e-01 8.583588788764908717e-01 8.762134485142158979e-01 8.678371106673119506e-01 8.724832898179981644e-01 8.681081733349566010e-01 8.672725733170247864e-01 8.725719069784938497e-01 8.627053673309639237e-01 8.617949618229731046e-01 8.534673731049247092e-01 8.722894435714579897e-01 8.722811952812332681e-01 8.602950863467597742e-01 8.651873845990334377e-01 8.764638780498283932e-01 8.743385001526701172e-01 8.792539688339207071e-01 8.767359631292049871e-01 8.853939879020412684e-01 8.806194540368955659e-01 8.873352950841257858e-01 8.875820612267134591e-01 8.817408805491799839e-01 8.815843877757675306e-01 8.859916271875482030e-01 8.834945052764914264e-01 8.751700785899934054e-01 8.719731887599503350e-01 8.581824070839734198e-01 8.818359452705737400e-01 8.791990215265482744e-01 8.789030660319389066e-01 8.805815233475720039e-01 8.796885736087103336e-01 8.700812569487487158e-01 8.767463644000255130e-01 8.860349213559080006e-01 8.823525926825401822e-01 8.730758554464613796e-01 8.771117466246414196e-01 8.827703158716185827e-01 8.731431123444267639e-01 8.751617077853373061e-01 8.788512134655740438e-01 8.750026592014187310e-01 8.679934720312061369e-01 8.706299271980612042e-01 8.656636425698108761e-01 8.760679434237983454e-01 8.725018183213284484e-01 8.746870751486817142e-01 8.711058473626195342e-01 8.774821928648642855e-01 8.755531131446637749e-01 8.767118439007677289e-01 8.849242101564730456e-01 8.708095074368038535e-01 8.759263830636663251e-01 8.703419684965936209e-01 8.749100309788553353e-01 8.655662425165947527e-01 8.675875651509182829e-01 8.700566508028438895e-01 8.697958478142909788e-01 8.784135559183393616e-01 8.762635615578875381e-01 8.775182374602544799e-01
5.672703277419269274e-02 9.988743849446364564e-02 4.054074649367678806e-01 6.408717666976103677e-01 5.111779724204598141e-01 5.952818254755074534e-01 8.049631478904003545e-01 7.792229956311895744e-01 7.423089604435927358e-01 7.464203626343640652e-01 8.356294311790360974e-01 1.000000000000000000e+00 8.277477616216143419e-01 7.260558918777277881e-01 8.986727154451156219e-01 8.800088058356839715e-01 7.335269760249625293e-01 6.224196246800328680e-01 7.011532245021380172e-01 6.988815365232646792e-01 7.380538954612492208e-01 7.485302986281000548e-01 6.766648315225631816e-01 7.111252740121023486e-01 7.423276828798297533e-01 8.079973972942404714e-01 8.052512115112165914e-01 7.751264168096136942e-01 7.443087854070448151e-01 8.004818456508528968e-01 8.490092504476340896e-01 8.271056005794987787e-01 7.365322018219956357e-01 8.000546918081319347e-01 7.847462455324378805e-01 8.426624875641117729e-01 8.545869021111358599e-01 8.395604110985891433e-01 8.575644028850608613e-01 8.351117360852750027e-01 8.794173419728812391e-01 8.720219579103188901e-01 8.750441469250069826e-01 8.870553484892029772e-01 8.848476005938715749e-01 8.586908111810401811e-01 8.865298860514142509e-01 8.817334486005947713e-01 8.801062654221306625e-01 8.485196091181886890e-01 8.821047117713162189e-01 8.776867330286447499e-01 8.881009772033184868e-01 8.692909535523926090e-01 8.578014609287814007e-01 8.586721274651593072e-01 8.559158177835897163e-01 8.773772613986208224e-01 8.574683749950785527e-01 8.882496043440318845e-01 8.928572364208531287e-01 8.671844721989235838e-01 8.779634222471838223e-01 8.892201413081347594e-01 8.749219120991372778e-01 8.914981251992700750e-01 8.805358098726612237e-01 8.708412785998377315e-01 8.680398489735131617e-01 8.944036474940174619e-01 8.890900363285143548e-01 8.753148344939092329e-01 8.735035922473718406e-01 8.890240979240456864e-01 8.877703239841542304e-01 8.757805698218422696e-01 8.756299926509556464e-01 8.471978644702423678e-01 8.899233982715739621e-01 8.782203910008037351e-01 8.784387912932164477e-01 8.852484488217909897e-01 8.748007948488359942e-01 8.645813605559575787e-01 8.711709408547028133e-01 8.799362231293970105e-01 8.872711073751395894e-01 8.788852416575325677e-01 8.819375824676085607e-01 8.815608210609292561e-01 8.782056849577400959e-01 8.885216081099143182e-01 8.932499623006034950e-01 8.923126221123596213e-01 8.877437304067584689e-01 8.853604310485295725e-01 8.765667517521067431e-01 8.827074736082489714e-01 8.889583943674436162e-01 8.808500998550543581e-01 8.909040040497391288e-01 8.876241141237927179e-01 8.987816936614557717e-01 8.958722041483443421e-01 8.993111306699141938e-01 8.779162849167072569e-01 8.872817516744334609e-01 8.792684263857791782e-01 8.777188194144345257e-01 8.800784331057307508e-01 8.766183444006043768e-01 8.891670482629251415e-01 8.843850792192852195e-01 8.930849068638302413e-01 8.844542998436116799e-01 8.956381421591016467e-01
5.043684534592712126e-02 1.234637165799598590e-01 3.646197703473780805e-01 5.454100228952514229e-01 4.979771747807701376e-01 5.492426688901360654e-01 7.440484466344794434e-01 7.308642089686644416e-01 7.335940798302005295e-01 7.270304241525131772e-01 7.852573230300825546e-01 8.277477616216143419e-01 1.000000000000000000e+00 7.031476493115297322e-01 8.485825759811391755e-01 8.473342000842492006e-01 7.250210893363554510e-01 6.144474308971957788e-01 6.824840265552376550e-01 6.349807038270453008e-01 6.768467689774257945e-01 7.129558618122480151e-01 6.536011257777839534e-01 6.636178896599761456e-01 7.091832677902822901e-01 7.908216928685796177e-01 7.863874219065660753e-01 7.591547395141416965e-01 7.191018096737593623e-01 7.862809940590085311e-01 8.216118643331501437e-01 7.970080185072643264e-01 7.247893724613752031e-01 7.771993273693672544e-01 7.791043785245579389e-01 7.908058852059389743e-01 8.170345991195850921e-01 8.147328594475247154e-01 8.318077138722246300e-01 7.920440097270970981e-01 8.469201464653488554e-01 8.448316503055079973e-01 8.347603939897995096e-01 8.570954701234805295e-01 8.504590462308910803e-01 8.385429899141000343e-01 8.606146590757464132e-01 8.566924607622264931e-01 8.474205180824815331e-01 8.146679319667023966e-01 8.449362492064310670e-01 8.384460540778192472e-01 8.538961988876809794e-01 8.457684903902287221e-01 8.340674386149419250e-01 8.331074717454952649e-01 8.256840946837965545e-01 8.492502570535123141e-01 8.329055008335907173e-01 8.614563935363470648e-01 8.619369741479987468e-01 8.417191454187522570e-01 8.440463585122935930e-01 8.560685949850106446e-01 8.471941013086463634e-01 8.571908075731431431e-01 8.551793358796192512e-01 8.398592888654532462e-01 8.370419893854291749e-01 8.491587517130282370e-01 8.515225239773976940e-01 8.463149584381808310e-01 8.353321587750405230e-01 8.490143791490754044e-01 8.573000610501608776e-01 8.488128415732807408e-01 8.459533974000660317e-01 8.217491362449514947e-01 8.546460106997614270e-01 8.525814180334555514e-01 8.516046418865680367e-01 8.585657368282481050e-01 8.449691249066674237e-01 8.431176534690698610e-01 8.426356817259098575e-01 8.502894752511619414e-01 8.520427809884758563e-01 8.536108210912070060e-01 8.552880802917113279e-01 8.541181361090007806e-01 8.437361471334386964e-01 8.602823437058511047e-01 8.610154623345369629e-01 8.618996116663882878e-01 8.603008443915338699e-01 8.591323015824278153e-01 8.423460843105914364e-01 8.509483340615445757e-01 8.589124557408733818e-01 8.520584990877387854e-01 8.588457551263691814e-01 8.590787390665814982e-01 8.643315144136307637e-01 8.667258392762751118e-01 8.649777001654628261e-01 8.508883792374454247e-01 8.574646909089608249e-01 8.547839668145089664e-01 8.535736744807295162e-01 8.563591466362608928e-01 8.532849806564639650e-01 8.621720106433636843e-01 8.587227226173524963e-01 8.645392219230146891e-01 8.557740212807007918e-01 8.643803631742635885e-01
